name,year,pred,diff
5.jpg,1008,1200,192
10.jpg,1016,2000,984
15.jpg,1022,1200,178
20.jpg,1028,1600,572
25.jpg,1036,1975,939
30.jpg,1048,1800,752
35.jpg,1051,1200,149
40.jpg,1061,1090,29
45.jpg,1063,1603,540
55.jpg,1070,1190,120
60.jpg,1076,1500,424
65.jpg,1080,1490,410
70.jpg,1090,1200,110
75.jpg,1093,1490,397
80.jpg,1097,1850,753
85.jpg,1100,500,-600
90.jpg,1100,1800,700
95.jpg,1107,1750,643
100.jpg,1110,1850,740
105.jpg,1114,1000,-114
110.jpg,1116,1500,384
120.jpg,1120,1250,130
125.jpg,1122,1750,628
130.jpg,1125,1450,325
135.jpg,1128,1230,102
140.jpg,1129,1510,381
145.jpg,1130,1200,70
150.jpg,1131,1050,-81
155.jpg,1134,1725,591
165.jpg,1138,1600,462
170.jpg,1140,1300,160
175.jpg,1144,1230,86
180.jpg,1146,1190,44
185.jpg,1147,1436,289
190.jpg,1149,1500,351
195.jpg,1150,1850,700
200.jpg,1152,1200,48
210.jpg,1160,1250,90
215.jpg,1165,1230,65
220.jpg,1168,1500,332
225.jpg,1170,1200,30
230.jpg,1170,1600,430
235.jpg,1172,2000,828
240.jpg,1175,1930,755
245.jpg,1177,1200,23
255.jpg,1180,1480,300
260.jpg,1180,1225,45
265.jpg,1180,1800,620
275.jpg,1185,1800,615
280.jpg,1189,1850,661
285.jpg,1191,1200,9
290.jpg,1192,1800,608
295.jpg,1194,1500,306
300.jpg,1196,11,-1185
305.jpg,1198,1230,32
310.jpg,1199,1800,601
315.jpg,1200,1700,500
320.jpg,1202,1200,-2
325.jpg,1204,1850,646
330.jpg,1208,1580,372
335.jpg,1211,18,-1193
340.jpg,1212,1300,88
345.jpg,1215,1750,535
350.jpg,1217,1200,-17
355.jpg,1220,1500,280
360.jpg,1221,1500,279
365.jpg,1222,1200,-22
370.jpg,1224,1200,-24
375.jpg,1226,1200,-26
380.jpg,1227,1950,723
385.jpg,1229,1200,-29
390.jpg,1231,1500,269
395.jpg,1232,1200,-32
405.jpg,1237,1230,-7
410.jpg,1238,1200,-38
415.jpg,1240,1500,260
420.jpg,1242,1500,258
425.jpg,1245,1230,-15
430.jpg,1247,1200,-47
435.jpg,1248,1225,-23
440.jpg,1250,1500,250
445.jpg,1250,1250,0
450.jpg,1252,1900,648
455.jpg,1255,1200,-55
460.jpg,1259,1750,491
465.jpg,1260,1200,-60
470.jpg,1263,1500,237
475.jpg,1264,1450,186
485.jpg,1270,1230,-40
490.jpg,1270,1490,220
495.jpg,1270,1800,530
500.jpg,1271,1500,229
505.jpg,1273,1300,27
510.jpg,1275,1500,225
515.jpg,1277,1500,223
520.jpg,1278,1200,-78
525.jpg,1279,1520,241
530.jpg,1280,1500,220
535.jpg,1285,1230,-55
540.jpg,1288,1500,212
545.jpg,1289,1580,291
550.jpg,1290,1200,-90
555.jpg,1291,1200,-91
560.jpg,1293,1800,507
565.jpg,1295,1300,5
570.jpg,1298,1350,52
575.jpg,1300,1500,200
580.jpg,1300,1500,200
585.jpg,1300,1700,400
590.jpg,1301,1560,259
595.jpg,1303,1500,197
600.jpg,1305,1200,-105
605.jpg,1307,1900,593
610.jpg,1309,1750,441
615.jpg,1310,1200,-110
620.jpg,1311,1280,-31
625.jpg,1313,1200,-113
630.jpg,1314,1000,-314
635.jpg,1317,1350,33
640.jpg,1319,1230,-89
645.jpg,1320,1500,180
650.jpg,1322,1250,-72
655.jpg,1324,1300,-24
660.jpg,1325,1640,315
665.jpg,1326,1200,-126
670.jpg,1327,1750,423
675.jpg,1328,1300,-28
680.jpg,1330,1800,470
685.jpg,1330,1280,-50
690.jpg,1331,1730,399
695.jpg,1333,1200,-133
700.jpg,1335,1500,165
705.jpg,1337,1300,-37
710.jpg,1338,1500,162
715.jpg,1340,1860,520
720.jpg,1340,1500,160
725.jpg,1343,1750,407
730.jpg,1345,1250,-95
735.jpg,1345,1750,405
740.jpg,1346,1350,4
745.jpg,1347,1500,153
750.jpg,1347,1510,163
755.jpg,1349,1900,551
760.jpg,1350,1670,320
765.jpg,1350,1500,150
775.jpg,1353,1450,97
780.jpg,1354,1200,-154
785.jpg,1356,1250,-106
790.jpg,1358,1500,142
795.jpg,1360,1800,440
800.jpg,1361,1500,139
805.jpg,1362,1300,-62
810.jpg,1364,1900,536
815.jpg,1365,1600,235
825.jpg,1370,1800,430
830.jpg,1371,1200,-171
835.jpg,1373,1990,617
840.jpg,1375,1750,375
845.jpg,1377,1250,-127
850.jpg,1380,2000,620
855.jpg,1381,1200,-181
860.jpg,1382,1515,133
865.jpg,1384,1200,-184
870.jpg,1386,1300,-86
875.jpg,1389,1850,461
880.jpg,1390,800,-590
885.jpg,1394,1800,406
890.jpg,1396,1567,171
895.jpg,1397,1600,203
900.jpg,1398,1395,-3
905.jpg,1399,1200,-199
910.jpg,1400,1280,-120
915.jpg,1401,1500,99
920.jpg,1402,1500,98
925.jpg,1405,1400,-5
930.jpg,1406,1400,-6
935.jpg,1409,1450,41
940.jpg,1410,1450,40
945.jpg,1410,1250,-160
950.jpg,1411,1200,-211
955.jpg,1413,1250,-163
960.jpg,1414,1850,436
965.jpg,1417,1250,-167
970.jpg,1419,1970,551
975.jpg,1420,1600,180
980.jpg,1420,1644,224
985.jpg,1422,1800,378
990.jpg,1424,1230,-194
995.jpg,1425,1500,75
1000.jpg,1426,1600,174
1005.jpg,1428,1800,372
1010.jpg,1430,1580,150
1015.jpg,1431,1234,-197
1025.jpg,1435,1900,465
1030.jpg,1436,1800,364
1035.jpg,1438,1700,262
1040.jpg,1440,1950,510
1045.jpg,1441,1800,359
1050.jpg,1442,1800,358
1055.jpg,1444,1600,156
1060.jpg,1446,1900,454
1065.jpg,1448,1850,402
1070.jpg,1450,1490,40
1075.jpg,1450,1250,-200
1080.jpg,1451,2000,549
1085.jpg,1452,1500,48
1090.jpg,1453,1500,47
1095.jpg,1455,1225,-230
1100.jpg,1457,1500,43
1105.jpg,1458,1453,-5
1110.jpg,1459,1480,21
1115.jpg,1460,1490,30
1120.jpg,1462,1800,338
1125.jpg,1462,1200,-262
1130.jpg,1464,1200,-264
1135.jpg,1465,1740,275
1140.jpg,1466,1500,34
1145.jpg,1467,1750,283
1150.jpg,1468,1350,-118
1155.jpg,1469,1250,-219
1160.jpg,1470,1850,380
1165.jpg,1470,1100,-370
1170.jpg,1472,1490,18
1175.jpg,1473,1880,407
1180.jpg,1475,1200,-275
1185.jpg,1477,1500,23
1190.jpg,1477,1800,323
1195.jpg,1479,1600,121
1200.jpg,1480,1300,-180
1205.jpg,1482,1580,98
1210.jpg,1482,1500,18
1215.jpg,1483,1550,67
1220.jpg,1485,1400,-85
1225.jpg,1487,1750,263
1230.jpg,1487,1500,13
1235.jpg,1488,1800,312
1240.jpg,1489,1500,11
1245.jpg,1490,1643,153
1250.jpg,1490,1490,0
1255.jpg,1491,1855,364
1260.jpg,1492,1600,108
1265.jpg,1493,1750,257
1270.jpg,1494,1500,6
1275.jpg,1495,1200,-295
1280.jpg,1496,1600,104
1285.jpg,1497,1900,403
1290.jpg,1497,1500,3
1295.jpg,1498,1500,2
1300.jpg,1499,1300,-199
1305.jpg,1500,1500,0
1310.jpg,1500,1600,100
1315.jpg,1501,1750,249
1325.jpg,1503,1800,297
1330.jpg,1504,1500,-4
1335.jpg,1505,1750,245
1340.jpg,1506,1300,-206
1345.jpg,1507,1500,-7
1350.jpg,1508,1200,-308
1355.jpg,1508,1750,242
1360.jpg,1509,1490,-19
1365.jpg,1510,1920,410
1370.jpg,1510,1900,390
1375.jpg,1511,1500,-11
1380.jpg,1512,1850,338
1385.jpg,1513,1510,-3
1390.jpg,1513,1700,187
1395.jpg,1515,1520,5
1400.jpg,1515,1740,225
1405.jpg,1516,1750,234
1410.jpg,1517,1500,-17
1415.jpg,1518,1600,82
1420.jpg,1518,1600,82
1425.jpg,1520,1900,380
1430.jpg,1521,1510,-11
1435.jpg,1521,1490,-31
1440.jpg,1522,1950,428
1445.jpg,1523,1960,437
1450.jpg,1524,1500,-24
1455.jpg,1525,1800,275
1460.jpg,1526,1500,-26
1465.jpg,1526,1700,174
1470.jpg,1527,1900,373
1475.jpg,1528,1750,222
1480.jpg,1528,1750,222
1485.jpg,1530,1350,-180
1490.jpg,1530,1830,300
1495.jpg,1530,1700,170
1500.jpg,1531,1800,269
1505.jpg,1531,1800,269
1510.jpg,1532,1600,68
1515.jpg,1532,1900,368
1520.jpg,1533,1750,217
1525.jpg,1534,1750,216
1530.jpg,1535,1650,115
1535.jpg,1535,1900,365
1540.jpg,1536,1750,214
1545.jpg,1537,1560,23
1550.jpg,1537,1750,213
1555.jpg,1538,1500,-38
1560.jpg,1539,1200,-339
1565.jpg,1540,1200,-340
1570.jpg,1540,1510,-30
1575.jpg,1540,1850,310
1580.jpg,1540,1350,-190
1590.jpg,1542,1750,208
1595.jpg,1543,1800,257
1600.jpg,1543,1750,207
1605.jpg,1544,1600,56
1610.jpg,1545,1750,205
1615.jpg,1545,1800,255
1620.jpg,1547,1547,0
1625.jpg,1548,1500,-48
1630.jpg,1549,1750,201
1635.jpg,1549,1750,201
1640.jpg,1550,1600,50
1645.jpg,1550,1750,200
1650.jpg,1550,1920,370
1655.jpg,1550,1200,-350
1660.jpg,1551,1830,279
1665.jpg,1551,1600,49
1670.jpg,1552,1800,248
1675.jpg,1553,1740,187
1680.jpg,1554,1800,246
1685.jpg,1554,1650,96
1690.jpg,1555,1800,245
1695.jpg,1556,2000,444
1700.jpg,1557,1800,243
1705.jpg,1558,1900,342
1710.jpg,1558,1609,51
1715.jpg,1559,1650,91
1720.jpg,1559,1750,191
1725.jpg,1560,1750,190
1730.jpg,1560,1500,-60
1735.jpg,1560,1980,420
1740.jpg,1561,1850,289
1745.jpg,1561,1600,39
1750.jpg,1562,1750,188
1755.jpg,1563,1750,187
1760.jpg,1564,1800,236
1765.jpg,1565,1750,185
1770.jpg,1565,1780,215
1775.jpg,1565,1300,-265
1780.jpg,1566,1750,184
1785.jpg,1567,1800,233
1790.jpg,1567,1400,-167
1795.jpg,1568,1450,-118
1800.jpg,1568,1490,-78
1805.jpg,1569,1700,131
1810.jpg,1570,1750,180
1815.jpg,1570,1750,180
1820.jpg,1570,1300,-270
1825.jpg,1571,1800,229
1830.jpg,1572,1750,178
1835.jpg,1572,1632,60
1840.jpg,1573,1500,-73
1845.jpg,1573,1900,327
1850.jpg,1574,1750,176
1855.jpg,1574,1750,176
1860.jpg,1575,1700,125
1865.jpg,1575,1750,175
1870.jpg,1575,1750,175
1875.jpg,1576,1750,174
1880.jpg,1577,1750,173
1885.jpg,1578,1750,172
1890.jpg,1578,1950,372
1895.jpg,1579,1550,-29
1900.jpg,1579,1750,171
1905.jpg,1580,1750,170
1910.jpg,1580,1800,220
1915.jpg,1581,1600,19
1920.jpg,1581,1560,-21
1925.jpg,1582,1300,-282
1930.jpg,1582,1900,318
1935.jpg,1583,1600,17
1940.jpg,1584,1750,166
1945.jpg,1584,1900,316
1950.jpg,1585,1750,165
1955.jpg,1585,1230,-355
1960.jpg,1585,1740,155
1965.jpg,1586,1900,314
1970.jpg,1586,1900,314
1975.jpg,1587,1600,13
1980.jpg,1588,1750,162
1985.jpg,1588,1800,212
1990.jpg,1588,1750,162
1995.jpg,1588,1800,212
2000.jpg,1589,1700,111
2005.jpg,1590,1750,160
2010.jpg,1590,1800,210
2020.jpg,1591,1800,209
2025.jpg,1591,1750,159
2030.jpg,1592,1905,313
2035.jpg,1593,1580,-13
2045.jpg,1595,1665,70
2050.jpg,1595,1580,-15
2055.jpg,1595,1850,255
2060.jpg,1596,1590,-6
2065.jpg,1596,1800,204
2070.jpg,1597,1600,3
2075.jpg,1597,1750,153
2080.jpg,1598,1500,-98
2085.jpg,1598,1750,152
2090.jpg,1598,1940,342
2095.jpg,1600,1580,-20
2100.jpg,1600,1300,-300
2115.jpg,1602,1850,248
2125.jpg,1604,1570,-34
2130.jpg,1604,1500,-104
2135.jpg,1604,1600,-4
2140.jpg,1605,1700,95
2145.jpg,1605,1750,145
2150.jpg,1606,1900,294
2155.jpg,1606,1650,44
2160.jpg,1607,1650,43
2165.jpg,1607,1750,143
2170.jpg,1608,1750,142
2175.jpg,1608,1725,117
2180.jpg,1609,1600,-9
2185.jpg,1610,1550,-60
2190.jpg,1610,1580,-30
2195.jpg,1610,1740,130
2200.jpg,1610,1800,190
2205.jpg,1611,1600,-11
2210.jpg,1611,1750,139
2215.jpg,1611,1750,139
2220.jpg,1612,1980,368
2225.jpg,1612,1900,288
2230.jpg,1613,1500,-113
2235.jpg,1613,1750,137
2240.jpg,1614,1900,286
2245.jpg,1614,1700,86
2250.jpg,1614,1200,-414
2255.jpg,1615,1940,325
2260.jpg,1615,1450,-165
2265.jpg,1616,1800,184
2270.jpg,1616,1750,134
2275.jpg,1616,1900,284
2280.jpg,1616,1750,134
2285.jpg,1617,1800,183
2290.jpg,1617,1500,-117
2295.jpg,1617,1750,133
2300.jpg,1618,600,-1018
2305.jpg,1618,1800,182
2310.jpg,1619,1570,-49
2315.jpg,1619,1750,131
2320.jpg,1619,1800,181
2325.jpg,1620,1640,20
2330.jpg,1620,1600,-20
2335.jpg,1620,1600,-20
2340.jpg,1621,1700,79
2345.jpg,1621,1750,129
2350.jpg,1622,1750,128
2360.jpg,1623,1600,-23
2365.jpg,1624,1920,296
2370.jpg,1624,1750,126
2375.jpg,1624,1750,126
2380.jpg,1625,1750,125
2385.jpg,1625,1640,15
2390.jpg,1625,1800,175
2395.jpg,1625,1800,175
2400.jpg,1626,1644,18
2405.jpg,1626,1800,174
2410.jpg,1627,1750,123
2415.jpg,1628,1900,272
2420.jpg,1628,1850,222
2425.jpg,1629,1900,271
2430.jpg,1629,1500,-129
2435.jpg,1630,1800,170
2440.jpg,1630,1640,10
2445.jpg,1630,1750,120
2450.jpg,1630,1750,120
2455.jpg,1631,1750,119
2460.jpg,1631,1800,169
2465.jpg,1631,1500,-131
2470.jpg,1632,1750,118
2475.jpg,1632,1900,268
2480.jpg,1632,1850,218
2485.jpg,1633,1800,167
2490.jpg,1633,1500,-133
2495.jpg,1634,1890,256
2500.jpg,1634,1400,-234
2505.jpg,1634,1750,116
2510.jpg,1635,1800,165
2515.jpg,1635,1790,155
2520.jpg,1635,1640,5
2525.jpg,1636,1750,114
2530.jpg,1636,1870,234
2535.jpg,1636,1500,-136
2540.jpg,1637,1750,113
2545.jpg,1637,1780,143
2550.jpg,1638,1515,-123
2555.jpg,1638,1785,147
2560.jpg,1638,1800,162
2565.jpg,1639,1780,141
2570.jpg,1639,1750,111
2575.jpg,1640,1800,160
2580.jpg,1640,1830,190
2585.jpg,1640,1740,100
2590.jpg,1641,1800,159
2595.jpg,1641,1500,-141
2600.jpg,1641,1900,259
2605.jpg,1642,1500,-142
2610.jpg,1642,1900,258
2615.jpg,1643,1600,-43
2620.jpg,1644,1650,6
2625.jpg,1644,1900,256
2630.jpg,1644,1850,206
2635.jpg,1645,1800,155
2640.jpg,1645,1950,305
2645.jpg,1646,1565,-81
2650.jpg,1646,1700,54
2655.jpg,1646,1600,-46
2660.jpg,1648,1790,142
2665.jpg,1648,1800,152
2670.jpg,1648,1650,2
2675.jpg,1649,1900,251
2680.jpg,1650,1500,-150
2685.jpg,1650,1700,50
2690.jpg,1650,1850,200
2695.jpg,1650,1950,300
2700.jpg,1651,1720,69
2705.jpg,1651,1750,99
2710.jpg,1652,1790,138
2715.jpg,1653,1750,97
2720.jpg,1653,1600,-53
2725.jpg,1654,1750,96
2730.jpg,1654,1500,-154
2735.jpg,1655,1750,95
2745.jpg,1656,1800,144
2750.jpg,1656,1750,94
2755.jpg,1656,1830,174
2760.jpg,1657,1750,93
2765.jpg,1657,1500,-157
2770.jpg,1658,1200,-458
2775.jpg,1658,1750,92
2780.jpg,1659,1500,-159
2785.jpg,1659,1730,71
2790.jpg,1660,1750,90
2795.jpg,1660,1790,130
2800.jpg,1660,1800,140
2805.jpg,1660,1750,90
2810.jpg,1660,1750,90
2815.jpg,1660,1800,140
2820.jpg,1660,1740,80
2825.jpg,1661,1800,139
2830.jpg,1661,1750,89
2835.jpg,1661,1750,89
2840.jpg,1661,1920,259
2845.jpg,1662,1900,238
2850.jpg,1663,1900,237
2855.jpg,1663,1643,-20
2860.jpg,1664,1540,-124
2865.jpg,1664,1720,56
2870.jpg,1664,1750,86
2875.jpg,1665,1650,-15
2880.jpg,1665,1600,-65
2885.jpg,1665,1750,85
2890.jpg,1665,1800,135
2895.jpg,1666,1750,84
2900.jpg,1666,1800,134
2905.jpg,1667,1820,153
2910.jpg,1667,1750,83
2915.jpg,1667,1700,33
2920.jpg,1668,1700,32
2925.jpg,1669,1800,131
2930.jpg,1669,1800,131
2935.jpg,1670,1850,180
2940.jpg,1670,1785,115
2945.jpg,1670,1800,130
2950.jpg,1670,1800,130
2955.jpg,1671,1800,129
2960.jpg,1671,1500,-171
2965.jpg,1671,1750,79
2970.jpg,1672,1900,228
2975.jpg,1672,1800,128
2980.jpg,1673,1750,77
2985.jpg,1673,1500,-173
2990.jpg,1674,1830,156
2995.jpg,1674,1750,76
3000.jpg,1674,1200,-474
3010.jpg,1675,1690,15
3020.jpg,1676,1800,124
3025.jpg,1676,1750,74
3030.jpg,1677,2005,328
3035.jpg,1677,1750,73
3040.jpg,1677,1765,88
3045.jpg,1678,1750,72
3050.jpg,1678,1750,72
3055.jpg,1678,1600,-78
3060.jpg,1679,1650,-29
3065.jpg,1679,1750,71
3075.jpg,1680,1750,70
3080.jpg,1680,1800,120
3085.jpg,1680,1850,170
3090.jpg,1680,1750,70
3095.jpg,1680,1750,70
3100.jpg,1680,1800,120
3105.jpg,1681,1740,59
3110.jpg,1681,1720,39
3115.jpg,1681,1750,69
3120.jpg,1681,1850,169
3125.jpg,1682,1830,148
3130.jpg,1682,1800,118
3135.jpg,1682,1700,18
3140.jpg,1682,1750,68
3145.jpg,1683,1850,167
3150.jpg,1683,1800,117
3155.jpg,1683,1800,117
3160.jpg,1683,1200,-483
3165.jpg,1683,1750,67
3170.jpg,1684,1750,66
3175.jpg,1684,1650,-34
3180.jpg,1684,1750,66
3185.jpg,1684,1800,116
3190.jpg,1685,1800,115
3195.jpg,1685,1745,60
3200.jpg,1685,1800,115
3205.jpg,1686,1790,104
3210.jpg,1686,1800,114
3215.jpg,1686,1900,214
3220.jpg,1686,1750,64
3225.jpg,1687,1700,13
3230.jpg,1687,1750,63
3235.jpg,1687,1750,63
3240.jpg,1688,1800,112
3245.jpg,1688,1800,112
3250.jpg,1689,1800,111
3255.jpg,1689,1750,61
3260.jpg,1689,1700,11
3270.jpg,1690,1500,-190
3275.jpg,1690,1850,160
3280.jpg,1690,1800,110
3285.jpg,1690,1800,110
3290.jpg,1690,1950,260
3295.jpg,1690,1800,110
3300.jpg,1690,1640,-50
3305.jpg,1691,1750,59
3310.jpg,1691,1750,59
3315.jpg,1691,1750,59
3320.jpg,1692,1750,58
3325.jpg,1692,1547,-145
3330.jpg,1693,2005,312
3335.jpg,1693,1750,57
3340.jpg,1694,1820,126
3345.jpg,1694,1930,236
3350.jpg,1694,1490,-204
3355.jpg,1695,1800,105
3360.jpg,1695,1800,105
3365.jpg,1695,1750,55
3370.jpg,1695,1800,105
3375.jpg,1695,1690,-5
3385.jpg,1696,1750,54
3390.jpg,1696,1900,204
3395.jpg,1696,1750,54
3400.jpg,1696,1750,54
3405.jpg,1696,1750,54
3410.jpg,1697,1750,53
3415.jpg,1697,1800,103
3420.jpg,1697,1800,103
3425.jpg,1697,1850,153
3430.jpg,1698,1800,102
3435.jpg,1698,1830,132
3440.jpg,1698,1650,-48
3445.jpg,1699,1750,51
3450.jpg,1699,1750,51
3455.jpg,1699,1900,201
3460.jpg,1700,1790,90
3465.jpg,1700,1800,100
3470.jpg,1700,1750,50
3475.jpg,1700,1750,50
3480.jpg,1700,1750,50
3485.jpg,1700,1800,100
3490.jpg,1700,1850,150
3495.jpg,1700,1750,50
3500.jpg,1700,1750,50
3505.jpg,1700,1750,50
3510.jpg,1700,1500,-200
3520.jpg,1701,1900,199
3525.jpg,1701,1730,29
3535.jpg,1702,1750,48
3540.jpg,1702,1750,48
3545.jpg,1703,1819,116
3550.jpg,1704,1800,96
3555.jpg,1704,1790,86
3560.jpg,1704,1800,96
3565.jpg,1704,1950,246
3570.jpg,1704,1800,96
3575.jpg,1705,1750,45
3580.jpg,1705,1775,70
3585.jpg,1705,1830,125
3590.jpg,1705,1650,-55
3595.jpg,1706,1800,94
3600.jpg,1706,1750,44
3605.jpg,1706,1760,54
3610.jpg,1706,1900,194
3615.jpg,1707,1850,143
3620.jpg,1707,1800,93
3625.jpg,1707,1760,53
3630.jpg,1708,1800,92
3635.jpg,1708,1900,192
3640.jpg,1708,1820,112
3645.jpg,1708,1600,-108
3650.jpg,1709,1500,-209
3655.jpg,1709,1800,91
3660.jpg,1709,1750,41
3665.jpg,1709,1750,41
3670.jpg,1710,1750,40
3675.jpg,1710,1900,190
3680.jpg,1710,1780,70
3685.jpg,1710,1800,90
3690.jpg,1710,1730,20
3695.jpg,1710,1750,40
3700.jpg,1710,1800,90
3705.jpg,1710,1800,90
3710.jpg,1710,1780,70
3715.jpg,1711,1900,189
3720.jpg,1711,1790,79
3725.jpg,1711,1740,29
3730.jpg,1711,1750,39
3735.jpg,1711,1750,39
3740.jpg,1712,1950,238
3745.jpg,1712,1850,138
3750.jpg,1713,1750,37
3755.jpg,1713,1800,87
3760.jpg,1713,1750,37
3765.jpg,1713,1750,37
3770.jpg,1714,1750,36
3775.jpg,1714,1750,36
3780.jpg,1714,1850,136
3785.jpg,1714,1800,86
3790.jpg,1715,1930,215
3795.jpg,1715,1950,235
3800.jpg,1715,1800,85
3805.jpg,1715,1900,185
3810.jpg,1715,1750,35
3815.jpg,1715,1790,75
3820.jpg,1715,1830,115
3825.jpg,1715,1750,35
3830.jpg,1715,1720,5
3835.jpg,1716,1750,34
3840.jpg,1716,1830,114
3845.jpg,1716,1850,134
3850.jpg,1716,1900,184
3855.jpg,1716,1750,34
3860.jpg,1716,1800,84
3865.jpg,1717,1800,83
3870.jpg,1717,1800,83
3875.jpg,1717,1800,83
3880.jpg,1718,1750,32
3885.jpg,1718,1750,32
3890.jpg,1719,1750,31
3895.jpg,1719,1800,81
3900.jpg,1719,1750,31
3905.jpg,1719,1850,131
3910.jpg,1720,1200,-520
3915.jpg,1720,1850,130
3920.jpg,1720,1750,30
3925.jpg,1720,1800,80
3930.jpg,1720,1900,180
3935.jpg,1720,1830,110
3940.jpg,1720,1830,110
3945.jpg,1720,1800,80
3950.jpg,1720,1800,80
3955.jpg,1720,1800,80
3960.jpg,1720,1800,80
3965.jpg,1720,1790,70
3970.jpg,1720,1500,-220
3975.jpg,1721,1800,79
3980.jpg,1721,1800,79
3985.jpg,1721,1900,179
3990.jpg,1721,1750,29
3995.jpg,1721,1750,29
4000.jpg,1722,1722,0
4005.jpg,1722,1720,-2
4010.jpg,1722,1800,78
4015.jpg,1722,1800,78
4020.jpg,1722,1750,28
4025.jpg,1723,1750,27
4030.jpg,1723,1800,77
4035.jpg,1723,1850,127
4040.jpg,1723,1930,207
4045.jpg,1723,1715,-8
4050.jpg,1723,1700,-23
4055.jpg,1723,1920,197
4060.jpg,1724,1800,76
4065.jpg,1724,1860,136
4070.jpg,1724,1790,66
4075.jpg,1724,1750,26
4080.jpg,1724,1750,26
4085.jpg,1724,1750,26
4090.jpg,1724,1750,26
4095.jpg,1724,1500,-224
4100.jpg,1725,1850,125
4105.jpg,1725,1800,75
4110.jpg,1725,1850,125
4115.jpg,1725,1750,25
4120.jpg,1725,1800,75
4125.jpg,1725,1800,75
4130.jpg,1725,1740,15
4135.jpg,1725,1750,25
4140.jpg,1725,1750,25
4145.jpg,1725,1750,25
4150.jpg,1725,1500,-225
4155.jpg,1725,1800,75
4160.jpg,1726,1800,74
4165.jpg,1726,1800,74
4170.jpg,1726,1830,104
4175.jpg,1726,1950,224
4180.jpg,1726,1750,24
4185.jpg,1727,1790,63
4190.jpg,1727,1800,73
4195.jpg,1727,1790,63
4200.jpg,1727,1780,53
4205.jpg,1727,1800,73
4210.jpg,1727,1800,73
4215.jpg,1728,1750,22
4220.jpg,1728,1850,122
4225.jpg,1728,1700,-28
4230.jpg,1728,1750,22
4235.jpg,1728,1800,72
4240.jpg,1728,1950,222
4245.jpg,1728,1800,72
4250.jpg,1729,1790,61
4255.jpg,1729,1875,146
4260.jpg,1729,1780,51
4265.jpg,1729,1820,91
4270.jpg,1729,1750,21
4275.jpg,1730,1750,20
4280.jpg,1730,1850,120
4285.jpg,1730,1750,20
4290.jpg,1730,1785,55
4295.jpg,1730,1870,140
4300.jpg,1730,1940,210
4305.jpg,1730,1800,70
4310.jpg,1730,1850,120
4315.jpg,1730,1800,70
4320.jpg,1730,1750,20
4325.jpg,1730,1830,100
4330.jpg,1730,1800,70
4335.jpg,1730,1790,60
4340.jpg,1730,1750,20
4345.jpg,1730,1790,60
4350.jpg,1730,1970,240
4355.jpg,1730,1970,240
4360.jpg,1730,1850,120
4365.jpg,1730,1970,240
4370.jpg,1731,1750,19
4375.jpg,1731,1750,19
4380.jpg,1731,1800,69
4385.jpg,1731,1750,19
4390.jpg,1732,1850,118
4395.jpg,1732,1700,-32
4400.jpg,1732,1975,243
4405.jpg,1732,1800,68
4410.jpg,1732,1800,68
4415.jpg,1732,1830,98
4420.jpg,1732,1750,18
4425.jpg,1732,1000,-732
4430.jpg,1732,1580,-152
4435.jpg,1733,1750,17
4440.jpg,1733,1800,67
4445.jpg,1733,1800,67
4450.jpg,1733,1750,17
4455.jpg,1733,1750,17
4460.jpg,1733,1800,67
4465.jpg,1733,1950,217
4470.jpg,1733,1750,17
4475.jpg,1734,1750,16
4480.jpg,1734,1750,16
4485.jpg,1734,1900,166
4490.jpg,1734,1800,66
4495.jpg,1735,1800,65
4505.jpg,1735,1800,65
4510.jpg,1735,1700,-35
4515.jpg,1735,1790,55
4520.jpg,1735,1750,15
4525.jpg,1735,1830,95
4530.jpg,1735,1810,75
4535.jpg,1735,1780,45
4545.jpg,1736,1900,164
4550.jpg,1736,1750,14
4555.jpg,1736,1790,54
4560.jpg,1736,1500,-236
4565.jpg,1736,1600,-136
4570.jpg,1736,1820,84
4575.jpg,1737,1870,133
4580.jpg,1737,1850,113
4585.jpg,1737,1800,63
4590.jpg,1737,1900,163
4595.jpg,1737,1750,13
4600.jpg,1737,1975,238
4605.jpg,1738,1900,162
4610.jpg,1738,1800,62
4615.jpg,1738,1900,162
4620.jpg,1738,1800,62
4625.jpg,1738,1750,12
4630.jpg,1738,1830,92
4635.jpg,1738,1765,27
4640.jpg,1739,1750,11
4645.jpg,1739,1800,61
4650.jpg,1739,1800,61
4655.jpg,1739,1750,11
4660.jpg,1739,1900,161
4665.jpg,1740,1780,40
4670.jpg,1740,1800,60
4675.jpg,1740,1830,90
4680.jpg,1740,1800,60
4685.jpg,1740,1750,10
4690.jpg,1740,1830,90
4695.jpg,1740,1800,60
4700.jpg,1740,1780,40
4705.jpg,1740,1800,60
4710.jpg,1740,1750,10
4715.jpg,1740,1750,10
4720.jpg,1740,1750,10
4725.jpg,1740,1800,60
4730.jpg,1740,1890,150
4735.jpg,1740,1830,90
4740.jpg,1740,1800,60
4745.jpg,1740,1640,-100
4750.jpg,1741,1890,149
4755.jpg,1741,1800,59
4760.jpg,1741,1900,159
4765.jpg,1741,1850,109
4770.jpg,1741,1750,9
4775.jpg,1741,2010,269
4780.jpg,1742,1235,-507
4785.jpg,1742,1750,8
4790.jpg,1742,1790,48
4795.jpg,1742,1785,43
4800.jpg,1742,1780,38
4805.jpg,1742,1790,48
4810.jpg,1742,1750,8
4815.jpg,1742,1800,58
4820.jpg,1743,1900,157
4825.jpg,1743,1750,7
4835.jpg,1743,1800,57
4840.jpg,1743,1780,37
4845.jpg,1744,1750,6
4850.jpg,1744,1750,6
4855.jpg,1744,1830,86
4860.jpg,1744,1800,56
4865.jpg,1744,1600,-144
4870.jpg,1745,1800,55
4875.jpg,1745,1790,45
4880.jpg,1745,1830,85
4885.jpg,1745,1800,55
4890.jpg,1745,1800,55
4895.jpg,1745,1740,-5
4900.jpg,1745,1750,5
4905.jpg,1745,1800,55
4910.jpg,1746,1900,154
4915.jpg,1746,1750,4
4920.jpg,1746,1750,4
4925.jpg,1746,1230,-516
4930.jpg,1747,1800,53
4935.jpg,1747,1800,53
4940.jpg,1747,1750,3
4945.jpg,1747,1800,53
4950.jpg,1747,1800,53
4955.jpg,1747,1750,3
4960.jpg,1747,1800,53
4965.jpg,1748,1800,52
4970.jpg,1748,1780,32
4975.jpg,1748,1830,82
4980.jpg,1748,1850,102
4985.jpg,1748,1750,2
4990.jpg,1749,1790,41
4995.jpg,1749,1850,101
5000.jpg,1749,1800,51
5005.jpg,1749,1800,51
5010.jpg,1749,1900,151
5015.jpg,1750,1750,0
5020.jpg,1750,1800,50
5025.jpg,1750,1800,50
5030.jpg,1750,1800,50
5035.jpg,1750,1820,70
5040.jpg,1750,1800,50
5045.jpg,1750,1780,30
5050.jpg,1750,1930,180
5060.jpg,1750,1800,50
5065.jpg,1750,1850,100
5070.jpg,1750,1730,-20
5075.jpg,1750,1840,90
5080.jpg,1750,1750,0
5085.jpg,1750,1825,75
5090.jpg,1750,1820,70
5095.jpg,1750,1900,150
5100.jpg,1750,1970,220
5105.jpg,1750,1790,40
5110.jpg,1750,1750,0
5115.jpg,1750,1800,50
5120.jpg,1750,1800,50
5125.jpg,1750,1750,0
5130.jpg,1750,1800,50
5135.jpg,1750,1850,100
5140.jpg,1750,1800,50
5145.jpg,1750,1780,30
5150.jpg,1750,1750,0
5155.jpg,1750,1750,0
5160.jpg,1750,1820,70
5165.jpg,1750,1900,150
5170.jpg,1750,1800,50
5175.jpg,1750,1790,40
5180.jpg,1750,1850,100
5185.jpg,1750,1980,230
5190.jpg,1750,1850,100
5195.jpg,1751,1750,-1
5200.jpg,1751,1800,49
5205.jpg,1751,1850,99
5210.jpg,1751,1900,149
5215.jpg,1751,1850,99
5220.jpg,1751,1200,-551
5225.jpg,1752,1890,138
5230.jpg,1752,1850,98
5235.jpg,1752,1800,48
5240.jpg,1752,1800,48
5245.jpg,1752,1750,-2
5250.jpg,1752,1900,148
5255.jpg,1752,1750,-2
5260.jpg,1752,1790,38
5265.jpg,1752,1900,148
5270.jpg,1752,1750,-2
5275.jpg,1752,1750,-2
5285.jpg,1753,2010,257
5290.jpg,1753,1790,37
5295.jpg,1753,1800,47
5300.jpg,1753,1830,77
5305.jpg,1753,1800,47
5310.jpg,1753,1752,-1
5315.jpg,1753,1750,-3
5320.jpg,1753,1750,-3
5325.jpg,1754,1850,96
5330.jpg,1754,1754,0
5335.jpg,1754,1750,-4
5340.jpg,1754,1950,196
5345.jpg,1754,1750,-4
5350.jpg,1754,1790,36
5355.jpg,1754,1900,146
5360.jpg,1754,1750,-4
5365.jpg,1754,1850,96
5370.jpg,1755,1750,-5
5375.jpg,1755,1800,45
5380.jpg,1755,1800,45
5385.jpg,1755,1900,145
5390.jpg,1755,1750,-5
5395.jpg,1755,1900,145
5400.jpg,1755,1830,75
5405.jpg,1755,1800,45
5410.jpg,1755,1750,-5
5415.jpg,1756,1830,74
5420.jpg,1756,1750,-6
5425.jpg,1756,1850,94
5430.jpg,1756,1700,-56
5435.jpg,1756,1750,-6
5440.jpg,1756,1785,29
5445.jpg,1756,1800,44
5450.jpg,1756,1800,44
5455.jpg,1756,1600,-156
5460.jpg,1756,1790,34
5470.jpg,1757,1800,43
5475.jpg,1757,1750,-7
5480.jpg,1757,1750,-7
5485.jpg,1757,1930,173
5490.jpg,1757,1900,143
5495.jpg,1757,1920,163
5500.jpg,1758,1750,-8
5505.jpg,1758,1800,42
5510.jpg,1758,1730,-28
5515.jpg,1758,1800,42
5520.jpg,1758,1750,-8
5525.jpg,1758,1850,92
5530.jpg,1758,1800,42
5535.jpg,1759,1750,-9
5540.jpg,1759,1830,71
5545.jpg,1759,1900,141
5550.jpg,1759,1790,31
5555.jpg,1759,1750,-9
5560.jpg,1759,1750,-9
5565.jpg,1760,1750,-10
5570.jpg,1760,1800,40
5575.jpg,1760,1830,70
5580.jpg,1760,1850,90
5585.jpg,1760,1230,-530
5590.jpg,1761,1800,39
5595.jpg,1761,1800,39
5600.jpg,1761,1800,39
5605.jpg,1761,1800,39
5610.jpg,1761,1900,139
5615.jpg,1761,1900,139
5620.jpg,1761,1800,39
5625.jpg,1761,1750,-11
5630.jpg,1762,1800,38
5635.jpg,1762,1700,-62
5640.jpg,1762,1900,138
5645.jpg,1762,1800,38
5650.jpg,1762,1790,28
5655.jpg,1762,1800,38
5660.jpg,1762,1900,138
5665.jpg,1762,1800,38
5670.jpg,1763,1940,177
5675.jpg,1763,1750,-13
5680.jpg,1763,1800,37
5685.jpg,1763,1820,57
5690.jpg,1763,1750,-13
5695.jpg,1763,1750,-13
5700.jpg,1763,1590,-173
5705.jpg,1763,1820,57
5710.jpg,1764,1800,36
5715.jpg,1764,1800,36
5720.jpg,1764,1800,36
5725.jpg,1764,1800,36
5730.jpg,1764,1800,36
5735.jpg,1764,1800,36
5740.jpg,1764,1750,-14
5745.jpg,1764,1800,36
5750.jpg,1764,1800,36
5755.jpg,1764,1800,36
5765.jpg,1765,1750,-15
5770.jpg,1765,1820,55
5775.jpg,1765,1830,65
5780.jpg,1765,1920,155
5785.jpg,1765,1800,35
5790.jpg,1765,1750,-15
5795.jpg,1765,1800,35
5800.jpg,1765,1750,-15
5805.jpg,1765,1800,35
5810.jpg,1765,1750,-15
5815.jpg,1765,1750,-15
5820.jpg,1765,1850,85
5825.jpg,1765,1850,85
5830.jpg,1765,1900,135
5835.jpg,1766,1750,-16
5840.jpg,1766,1800,34
5845.jpg,1766,1850,84
5850.jpg,1766,1750,-16
5855.jpg,1766,1700,-66
5860.jpg,1766,1790,24
5865.jpg,1766,1830,64
5870.jpg,1766,1820,54
5875.jpg,1767,1750,-17
5880.jpg,1767,1800,33
5885.jpg,1767,1850,83
5890.jpg,1767,1795,28
5895.jpg,1768,1830,62
5900.jpg,1768,1790,22
5905.jpg,1768,1800,32
5910.jpg,1768,1850,82
5915.jpg,1768,1850,82
5920.jpg,1768,1830,62
5925.jpg,1768,1750,-18
5930.jpg,1768,1800,32
5935.jpg,1768,1820,52
5940.jpg,1768,1920,152
5945.jpg,1769,1750,-19
5950.jpg,1769,1800,31
5955.jpg,1769,1780,11
5960.jpg,1769,1750,-19
5965.jpg,1769,1750,-19
5970.jpg,1769,1800,31
5975.jpg,1769,1800,31
5980.jpg,1769,1800,31
5985.jpg,1769,1900,131
5990.jpg,1769,1750,-19
5995.jpg,1769,1500,-269
6000.jpg,1770,1750,-20
6005.jpg,1770,1800,30
6010.jpg,1770,1750,-20
6015.jpg,1770,1830,60
6020.jpg,1770,1800,30
6025.jpg,1770,1830,60
6030.jpg,1770,1790,20
6035.jpg,1770,1750,-20
6040.jpg,1770,1790,20
6045.jpg,1770,1850,80
6050.jpg,1770,1750,-20
6055.jpg,1770,1900,130
6060.jpg,1770,1900,130
6065.jpg,1770,1740,-30
6070.jpg,1770,1850,80
6075.jpg,1770,1800,30
6080.jpg,1770,1950,180
6085.jpg,1770,1790,20
6090.jpg,1770,1780,10
6095.jpg,1770,1750,-20
6100.jpg,1770,1750,-20
6105.jpg,1770,1750,-20
6115.jpg,1771,1875,104
6120.jpg,1771,1750,-21
6125.jpg,1771,1800,29
6130.jpg,1771,1830,59
6135.jpg,1771,1750,-21
6140.jpg,1771,1750,-21
6145.jpg,1771,1800,29
6150.jpg,1771,1875,104
6155.jpg,1771,1600,-171
6160.jpg,1771,1770,-1
6165.jpg,1771,1800,29
6170.jpg,1772,1800,28
6175.jpg,1772,1800,28
6180.jpg,1772,1750,-22
6185.jpg,1772,1750,-22
6190.jpg,1772,1750,-22
6195.jpg,1773,1750,-23
6200.jpg,1773,1800,27
6205.jpg,1773,1825,52
6210.jpg,1773,1800,27
6215.jpg,1773,1820,47
6220.jpg,1773,1780,7
6225.jpg,1773,1780,7
6230.jpg,1773,1750,-23
6235.jpg,1773,1930,157
6240.jpg,1774,1800,26
6245.jpg,1774,1750,-24
6250.jpg,1774,1775,1
6255.jpg,1774,1800,26
6260.jpg,1774,1800,26
6265.jpg,1774,1800,26
6270.jpg,1774,1800,26
6275.jpg,1774,1780,6
6280.jpg,1774,1800,26
6285.jpg,1774,1800,26
6290.jpg,1774,1900,126
6295.jpg,1774,1900,126
6300.jpg,1774,1775,1
6305.jpg,1775,1800,25
6310.jpg,1775,1800,25
6315.jpg,1775,1850,75
6320.jpg,1775,1850,75
6325.jpg,1775,1800,25
6330.jpg,1775,1800,25
6335.jpg,1775,1850,75
6350.jpg,1775,1900,125
6355.jpg,1775,1900,125
6360.jpg,1775,1800,25
6365.jpg,1775,1800,25
6370.jpg,1775,1800,25
6375.jpg,1775,1800,25
6380.jpg,1775,1750,-25
6385.jpg,1775,1500,-275
6390.jpg,1775,1750,-25
6395.jpg,1775,1730,-45
6405.jpg,1776,1750,-26
6410.jpg,1776,1830,54
6415.jpg,1776,1800,24
6420.jpg,1776,1800,24
6425.jpg,1776,1750,-26
6430.jpg,1776,1800,24
6435.jpg,1776,1750,-26
6440.jpg,1776,1800,24
6445.jpg,1777,1770,-7
6450.jpg,1777,1750,-27
6455.jpg,1777,1920,143
6460.jpg,1777,1830,53
6465.jpg,1777,1840,63
6470.jpg,1777,1900,123
6475.jpg,1777,1600,-177
6480.jpg,1777,2000,223
6485.jpg,1778,1700,-78
6495.jpg,1778,1800,22
6500.jpg,1778,1800,22
6505.jpg,1778,1800,22
6510.jpg,1778,1750,-28
6515.jpg,1779,1850,71
6520.jpg,1779,1750,-29
6525.jpg,1779,1820,41
6530.jpg,1779,1800,21
6535.jpg,1779,1800,21
6540.jpg,1779,1790,11
6545.jpg,1779,1750,-29
6550.jpg,1779,1800,21
6555.jpg,1780,1800,20
6560.jpg,1780,1800,20
6565.jpg,1780,1850,70
6570.jpg,1780,1800,20
6575.jpg,1780,1940,160
6580.jpg,1780,1850,70
6585.jpg,1780,1840,60
6590.jpg,1780,1980,200
6595.jpg,1780,1800,20
6600.jpg,1780,1800,20
6605.jpg,1780,1800,20
6610.jpg,1780,1850,70
6615.jpg,1780,1830,50
6620.jpg,1780,1750,-30
6625.jpg,1780,1940,160
6630.jpg,1780,1840,60
6635.jpg,1780,1800,20
6640.jpg,1780,1900,120
6645.jpg,1780,1800,20
6650.jpg,1780,1800,20
6655.jpg,1780,1850,70
6660.jpg,1780,1950,170
6665.jpg,1780,1800,20
6670.jpg,1781,1900,119
6675.jpg,1781,1750,-31
6680.jpg,1781,1750,-31
6685.jpg,1781,1800,19
6690.jpg,1781,1750,-31
6695.jpg,1781,1850,69
6700.jpg,1781,1800,19
6705.jpg,1781,1900,119
6710.jpg,1782,1900,118
6715.jpg,1782,1850,68
6720.jpg,1782,1770,-12
6725.jpg,1782,1830,48
6730.jpg,1782,1750,-32
6735.jpg,1782,2010,228
6740.jpg,1782,1800,18
6745.jpg,1782,1750,-32
6750.jpg,1782,1800,18
6755.jpg,1783,1990,207
6760.jpg,1783,1800,17
6765.jpg,1783,2010,227
6770.jpg,1783,1970,187
6775.jpg,1783,1865,82
6780.jpg,1783,1800,17
6785.jpg,1783,1990,207
6790.jpg,1783,1750,-33
6795.jpg,1783,1800,17
6800.jpg,1783,1960,177
6805.jpg,1783,1725,-58
6810.jpg,1784,1850,66
6815.jpg,1784,1190,-594
6820.jpg,1784,1800,16
6825.jpg,1784,1850,66
6830.jpg,1784,1825,41
6835.jpg,1784,1800,16
6840.jpg,1784,1830,46
6845.jpg,1784,1920,136
6850.jpg,1784,1600,-184
6855.jpg,1784,1750,-34
6860.jpg,1785,1750,-35
6865.jpg,1785,1800,15
6870.jpg,1785,1820,35
6875.jpg,1785,1775,-10
6880.jpg,1785,1900,115
6885.jpg,1785,1800,15
6890.jpg,1785,1830,45
6895.jpg,1785,1800,15
6900.jpg,1785,1800,15
6905.jpg,1785,1850,65
6910.jpg,1785,1850,65
6915.jpg,1785,1750,-35
6920.jpg,1785,1800,15
6925.jpg,1785,1740,-45
6930.jpg,1785,1450,-335
6935.jpg,1785,1930,145
6940.jpg,1785,1800,15
6945.jpg,1785,1750,-35
6950.jpg,1786,1750,-36
6955.jpg,1786,1830,44
6960.jpg,1786,1750,-36
6965.jpg,1786,1800,14
6970.jpg,1786,1790,4
6975.jpg,1786,1750,-36
6980.jpg,1786,1800,14
6985.jpg,1786,1825,39
6990.jpg,1786,1850,64
6995.jpg,1786,1975,189
7000.jpg,1786,1800,14
7005.jpg,1787,1800,13
7010.jpg,1787,1750,-37
7015.jpg,1787,1800,13
7020.jpg,1787,1890,103
7025.jpg,1787,1800,13
7030.jpg,1787,1820,33
7035.jpg,1787,1800,13
7040.jpg,1787,1870,83
7045.jpg,1787,1830,43
7050.jpg,1787,1820,33
7055.jpg,1787,1800,13
7060.jpg,1787,1940,153
7065.jpg,1787,1800,13
7070.jpg,1787,1800,13
7075.jpg,1787,1750,-37
7080.jpg,1787,1780,-7
7085.jpg,1787,1850,63
7090.jpg,1788,1820,32
7095.jpg,1788,1800,12
7100.jpg,1788,1836,48
7105.jpg,1788,1800,12
7110.jpg,1788,1750,-38
7115.jpg,1788,1900,112
7120.jpg,1788,1800,12
7125.jpg,1788,1795,7
7130.jpg,1788,1750,-38
7135.jpg,1788,1800,12
7140.jpg,1788,1725,-63
7145.jpg,1789,1850,61
7150.jpg,1789,1750,-39
7155.jpg,1789,1750,-39
7160.jpg,1789,1880,91
7165.jpg,1789,1830,41
7170.jpg,1789,1800,11
7175.jpg,1789,1800,11
7180.jpg,1789,1850,61
7185.jpg,1789,1820,31
7190.jpg,1789,1700,-89
7195.jpg,1789,1800,11
7200.jpg,1790,1830,40
7205.jpg,1790,1800,10
7210.jpg,1790,1800,10
7215.jpg,1790,1850,60
7220.jpg,1790,1820,30
7225.jpg,1790,1800,10
7230.jpg,1790,1970,180
7235.jpg,1790,1820,30
7240.jpg,1790,1790,0
7245.jpg,1790,1850,60
7250.jpg,1790,1800,10
7255.jpg,1790,1900,110
7260.jpg,1790,1870,80
7265.jpg,1790,1860,70
7270.jpg,1790,1960,170
7275.jpg,1790,1830,40
7280.jpg,1790,1800,10
7285.jpg,1790,1790,0
7290.jpg,1790,1900,110
7295.jpg,1790,1800,10
7300.jpg,1790,1850,60
7305.jpg,1790,1800,10
7310.jpg,1790,1800,10
7315.jpg,1790,1800,10
7320.jpg,1790,1850,60
7325.jpg,1790,1900,110
7330.jpg,1790,1800,10
7335.jpg,1790,1900,110
7340.jpg,1790,1800,10
7345.jpg,1790,1850,60
7350.jpg,1790,1820,30
7355.jpg,1790,1830,40
7360.jpg,1790,1850,60
7365.jpg,1790,1800,10
7370.jpg,1790,1800,10
7375.jpg,1790,1800,10
7380.jpg,1790,1800,10
7385.jpg,1791,1900,109
7390.jpg,1791,1800,9
7395.jpg,1791,1750,-41
7400.jpg,1791,1800,9
7405.jpg,1791,1850,59
7410.jpg,1791,1750,-41
7415.jpg,1791,1820,29
7420.jpg,1791,1800,9
7425.jpg,1791,1830,39
7430.jpg,1791,1930,139
7435.jpg,1791,1800,9
7440.jpg,1792,1900,108
7445.jpg,1792,1800,8
7450.jpg,1792,1740,-52
7455.jpg,1792,1850,58
7460.jpg,1792,1820,28
7465.jpg,1792,1800,8
7470.jpg,1792,1830,38
7475.jpg,1792,1830,38
7480.jpg,1792,1800,8
7485.jpg,1792,1820,28
7490.jpg,1792,1800,8
7495.jpg,1792,1750,-42
7500.jpg,1792,1800,8
7505.jpg,1792,1830,38
7510.jpg,1793,1750,-43
7515.jpg,1793,1993,200
7520.jpg,1793,1850,57
7525.jpg,1793,1800,7
7530.jpg,1793,1800,7
7535.jpg,1793,1970,177
7540.jpg,1793,1905,112
7545.jpg,1793,1850,57
7550.jpg,1793,1820,27
7555.jpg,1793,1830,37
7560.jpg,1793,1830,37
7565.jpg,1793,1780,-13
7570.jpg,1793,1800,7
7575.jpg,1793,1980,187
7580.jpg,1793,1820,27
7585.jpg,1793,1930,137
7590.jpg,1793,1850,57
7595.jpg,1794,1900,106
7600.jpg,1794,1730,-64
7605.jpg,1794,1970,176
7610.jpg,1794,1800,6
7615.jpg,1794,1800,6
7620.jpg,1794,1830,36
7625.jpg,1794,1800,6
7630.jpg,1794,1800,6
7635.jpg,1794,1750,-44
7640.jpg,1794,1830,36
7645.jpg,1794,1750,-44
7650.jpg,1794,1830,36
7655.jpg,1795,1800,5
7660.jpg,1795,1850,55
7665.jpg,1795,1900,105
7670.jpg,1795,1830,35
7675.jpg,1795,1800,5
7680.jpg,1795,1775,-20
7685.jpg,1795,1820,25
7690.jpg,1795,1830,35
7695.jpg,1795,1850,55
7700.jpg,1795,1830,35
7705.jpg,1795,1825,30
7710.jpg,1795,1920,125
7715.jpg,1795,1830,35
7720.jpg,1795,1800,5
7725.jpg,1795,1750,-45
7730.jpg,1795,1800,5
7735.jpg,1795,1800,5
7740.jpg,1795,1850,55
7745.jpg,1795,1830,35
7750.jpg,1795,1800,5
7755.jpg,1795,1820,25
7760.jpg,1795,1800,5
7765.jpg,1795,1800,5
7775.jpg,1796,1800,4
7780.jpg,1796,1750,-46
7785.jpg,1796,1800,4
7790.jpg,1796,1850,54
7795.jpg,1796,1800,4
7800.jpg,1796,1790,-6
7805.jpg,1796,1800,4
7810.jpg,1796,1850,54
7815.jpg,1796,1900,104
7820.jpg,1796,1780,-16
7825.jpg,1796,1800,4
7830.jpg,1796,1840,44
7840.jpg,1796,1820,24
7845.jpg,1796,1790,-6
7850.jpg,1796,1820,24
7855.jpg,1796,1800,4
7860.jpg,1796,1800,4
7865.jpg,1796,1750,-46
7870.jpg,1796,1900,104
7875.jpg,1796,1800,4
7880.jpg,1797,1800,3
7885.jpg,1797,1800,3
7890.jpg,1797,1800,3
7895.jpg,1797,1800,3
7900.jpg,1797,1800,3
7905.jpg,1797,1790,-7
7915.jpg,1797,1930,133
7920.jpg,1797,1800,3
7925.jpg,1797,1810,13
7930.jpg,1797,1930,133
7935.jpg,1797,1850,53
7940.jpg,1797,1800,3
7945.jpg,1797,1800,3
7950.jpg,1797,1800,3
7955.jpg,1798,1750,-48
7960.jpg,1798,1800,2
7965.jpg,1798,1000,-798
7970.jpg,1798,1750,-48
7975.jpg,1798,1900,102
7980.jpg,1798,1770,-28
7985.jpg,1798,1900,102
7990.jpg,1798,1900,102
7995.jpg,1798,1800,2
8000.jpg,1798,1900,102
8005.jpg,1798,1850,52
8010.jpg,1798,1850,52
8015.jpg,1798,1850,52
8020.jpg,1798,1850,52
8025.jpg,1798,1800,2
8030.jpg,1798,1825,27
8035.jpg,1798,1780,-18
8040.jpg,1798,1850,52
8045.jpg,1798,1800,2
8055.jpg,1798,1850,52
8060.jpg,1799,2020,221
8065.jpg,1799,1850,51
8070.jpg,1799,1800,1
8075.jpg,1799,1900,101
8080.jpg,1799,1840,41
8085.jpg,1799,1830,31
8090.jpg,1799,1790,-9
8095.jpg,1799,1750,-49
8100.jpg,1799,1800,1
8105.jpg,1799,1800,1
8110.jpg,1799,1600,-199
8115.jpg,1800,1700,-100
8120.jpg,1800,1850,50
8125.jpg,1800,1750,-50
8130.jpg,1800,1800,0
8135.jpg,1800,1940,140
8140.jpg,1800,1800,0
8145.jpg,1800,1840,40
8150.jpg,1800,1820,20
8155.jpg,1800,1800,0
8160.jpg,1800,1900,100
8165.jpg,1800,1800,0
8170.jpg,1800,1750,-50
8175.jpg,1800,1820,20
8180.jpg,1800,1780,-20
8185.jpg,1800,1920,120
8190.jpg,1800,1800,0
8195.jpg,1800,1800,0
8200.jpg,1800,1975,175
8205.jpg,1800,1800,0
8210.jpg,1800,1800,0
8215.jpg,1800,1850,50
8220.jpg,1800,1940,140
8225.jpg,1800,1830,30
8230.jpg,1800,1785,-15
8235.jpg,1800,1820,20
8240.jpg,1800,1830,30
8245.jpg,1800,1820,20
8250.jpg,1800,1775,-25
8255.jpg,1800,1830,30
8260.jpg,1800,1750,-50
8265.jpg,1800,1830,30
8270.jpg,1800,1850,50
8275.jpg,1800,1750,-50
8280.jpg,1800,1800,0
8285.jpg,1800,1900,100
8295.jpg,1800,1975,175
8300.jpg,1801,1750,-51
8305.jpg,1801,1945,144
8310.jpg,1801,1900,99
8315.jpg,1801,1880,79
8320.jpg,1801,1850,49
8325.jpg,1801,1850,49
8330.jpg,1801,1800,-1
8335.jpg,1801,1900,99
8340.jpg,1801,1850,49
8345.jpg,1801,1820,19
8350.jpg,1801,1800,-1
8355.jpg,1801,1830,29
8360.jpg,1801,1900,99
8365.jpg,1801,1800,-1
8375.jpg,1802,1900,98
8380.jpg,1802,1850,48
8385.jpg,1802,1800,-2
8390.jpg,1802,1800,-2
8395.jpg,1802,1800,-2
8400.jpg,1802,1830,28
8405.jpg,1802,1790,-12
8410.jpg,1802,1750,-52
8415.jpg,1802,1843,41
8420.jpg,1802,1830,28
8425.jpg,1802,1750,-52
8430.jpg,1802,1920,118
8435.jpg,1802,1780,-22
8440.jpg,1803,1900,97
8445.jpg,1803,1785,-18
8450.jpg,1803,1830,27
8455.jpg,1803,1800,-3
8460.jpg,1803,1750,-53
8465.jpg,1803,1850,47
8470.jpg,1803,1900,97
8475.jpg,1803,1830,27
8480.jpg,1803,1850,47
8485.jpg,1803,1800,-3
8490.jpg,1803,1830,27
8495.jpg,1803,1800,-3
8500.jpg,1803,2000,197
8505.jpg,1803,1850,47
8515.jpg,1804,1800,-4
8520.jpg,1804,1900,96
8525.jpg,1804,1800,-4
8530.jpg,1804,1900,96
8535.jpg,1804,1800,-4
8540.jpg,1804,1800,-4
8545.jpg,1804,1840,36
8550.jpg,1804,1820,16
8555.jpg,1804,1850,46
8560.jpg,1804,1830,26
8565.jpg,1804,1800,-4
8570.jpg,1804,1900,96
8575.jpg,1804,1830,26
8580.jpg,1804,1750,-54
8585.jpg,1805,1800,-5
8590.jpg,1805,1800,-5
8595.jpg,1805,1750,-55
8600.jpg,1805,1950,145
8605.jpg,1805,1800,-5
8610.jpg,1805,1800,-5
8615.jpg,1805,1970,165
8620.jpg,1805,1780,-25
8625.jpg,1805,1820,15
8630.jpg,1805,1800,-5
8635.jpg,1805,1880,75
8640.jpg,1805,1750,-55
8645.jpg,1805,1850,45
8650.jpg,1805,1885,80
8655.jpg,1805,1850,45
8660.jpg,1805,1835,30
8665.jpg,1805,1800,-5
8670.jpg,1805,1820,15
8675.jpg,1805,1800,-5
8680.jpg,1805,1830,25
8685.jpg,1805,1900,95
8690.jpg,1805,1800,-5
8695.jpg,1806,1800,-6
8700.jpg,1806,1800,-6
8705.jpg,1806,1850,44
8710.jpg,1806,1800,-6
8715.jpg,1806,1830,24
8720.jpg,1806,1900,94
8725.jpg,1806,1820,14
8730.jpg,1806,1800,-6
8735.jpg,1806,1830,24
8740.jpg,1806,1900,94
8745.jpg,1806,1800,-6
8750.jpg,1806,1800,-6
8755.jpg,1806,1825,19
8765.jpg,1807,1720,-87
8770.jpg,1807,1800,-7
8775.jpg,1807,1797,-10
8780.jpg,1807,1800,-7
8785.jpg,1807,1905,98
8790.jpg,1807,1820,13
8795.jpg,1807,1840,33
8800.jpg,1807,1830,23
8805.jpg,1807,1800,-7
8810.jpg,1807,1850,43
8815.jpg,1807,1800,-7
8820.jpg,1807,1800,-7
8825.jpg,1807,1800,-7
8830.jpg,1807,1800,-7
8835.jpg,1807,1800,-7
8840.jpg,1808,1900,92
8845.jpg,1808,1900,92
8850.jpg,1808,1800,-8
8855.jpg,1808,1800,-8
8860.jpg,1808,1900,92
8865.jpg,1808,1830,22
8875.jpg,1808,1800,-8
8880.jpg,1808,1740,-68
8885.jpg,1808,1800,-8
8890.jpg,1808,1800,-8
8895.jpg,1808,1800,-8
8900.jpg,1808,1800,-8
8905.jpg,1808,1900,92
8910.jpg,1809,1820,11
8915.jpg,1809,1750,-59
8920.jpg,1809,1800,-9
8925.jpg,1809,1830,21
8930.jpg,1809,1830,21
8935.jpg,1809,1640,-169
8940.jpg,1809,1850,41
8945.jpg,1809,1960,151
8950.jpg,1809,1800,-9
8955.jpg,1809,1750,-59
8965.jpg,1809,1807,-2
8970.jpg,1809,1800,-9
8975.jpg,1810,1850,40
8980.jpg,1810,1900,90
8985.jpg,1810,1850,40
8995.jpg,1810,1850,40
9000.jpg,1810,1750,-60
9005.jpg,1810,1890,80
9010.jpg,1810,1800,-10
9015.jpg,1810,1750,-60
9020.jpg,1810,1860,50
9025.jpg,1810,1800,-10
9030.jpg,1810,1900,90
9035.jpg,1810,1800,-10
9040.jpg,1810,1900,90
9045.jpg,1810,1900,90
9050.jpg,1810,1790,-20
9055.jpg,1810,1800,-10
9060.jpg,1810,1890,80
9065.jpg,1810,1830,20
9070.jpg,1810,1900,90
9075.jpg,1810,1900,90
9080.jpg,1810,1920,110
9085.jpg,1810,1850,40
9090.jpg,1810,1780,-30
9095.jpg,1810,1830,20
9100.jpg,1810,1800,-10
9105.jpg,1810,1800,-10
9110.jpg,1810,1850,40
9115.jpg,1810,1820,10
9120.jpg,1810,1850,40
9125.jpg,1810,1900,90
9130.jpg,1810,1800,-10
9135.jpg,1810,1950,140
9140.jpg,1810,1930,120
9145.jpg,1810,1850,40
9150.jpg,1811,1750,-61
9160.jpg,1811,1800,-11
9165.jpg,1811,1800,-11
9170.jpg,1811,1800,-11
9175.jpg,1811,1920,109
9180.jpg,1811,1870,59
9185.jpg,1811,1800,-11
9190.jpg,1811,1820,9
9195.jpg,1811,1800,-11
9200.jpg,1811,1750,-61
9205.jpg,1811,1820,9
9210.jpg,1812,1820,8
9215.jpg,1812,1600,-212
9220.jpg,1812,1650,-162
9225.jpg,1812,1850,38
9230.jpg,1812,1750,-62
9235.jpg,1812,1750,-62
9240.jpg,1812,1850,38
9245.jpg,1812,1830,18
9250.jpg,1812,1890,78
9255.jpg,1812,1830,18
9260.jpg,1812,1900,88
9265.jpg,1812,1800,-12
9270.jpg,1812,1800,-12
9275.jpg,1812,1830,18
9280.jpg,1812,1820,8
9290.jpg,1812,1830,18
9295.jpg,1812,1800,-12
9300.jpg,1812,1800,-12
9305.jpg,1812,1820,8
9310.jpg,1813,1800,-13
9315.jpg,1813,1800,-13
9320.jpg,1813,1780,-33
9325.jpg,1813,1500,-313
9330.jpg,1813,1800,-13
9335.jpg,1813,1820,7
9340.jpg,1813,1800,-13
9345.jpg,1813,1850,37
9350.jpg,1813,1800,-13
9355.jpg,1813,1800,-13
9360.jpg,1813,1890,77
9365.jpg,1813,1850,37
9370.jpg,1813,1830,17
9375.jpg,1814,1700,-114
9390.jpg,1814,1800,-14
9395.jpg,1814,1750,-64
9400.jpg,1814,1900,86
9405.jpg,1814,1830,16
9410.jpg,1814,1750,-64
9415.jpg,1814,1850,36
9420.jpg,1814,1800,-14
9425.jpg,1814,1800,-14
9430.jpg,1814,1800,-14
9435.jpg,1814,1800,-14
9440.jpg,1814,1800,-14
9445.jpg,1814,1800,-14
9450.jpg,1814,1800,-14
9455.jpg,1814,1740,-74
9460.jpg,1814,1800,-14
9465.jpg,1815,1850,35
9470.jpg,1815,1905,90
9475.jpg,1815,1750,-65
9480.jpg,1815,1800,-15
9485.jpg,1815,1850,35
9490.jpg,1815,1800,-15
9495.jpg,1815,1800,-15
9500.jpg,1815,1850,35
9505.jpg,1815,1800,-15
9510.jpg,1815,1980,165
9515.jpg,1815,1840,25
9520.jpg,1815,1750,-65
9525.jpg,1815,1830,15
9530.jpg,1815,1800,-15
9535.jpg,1815,1800,-15
9540.jpg,1815,1800,-15
9545.jpg,1815,1800,-15
9550.jpg,1815,1800,-15
9555.jpg,1815,1800,-15
9560.jpg,1815,1800,-15
9565.jpg,1815,1820,5
9570.jpg,1815,1800,-15
9575.jpg,1815,1850,35
9580.jpg,1815,1750,-65
9585.jpg,1815,1900,85
9590.jpg,1815,1800,-15
9595.jpg,1816,1950,134
9600.jpg,1816,1700,-116
9605.jpg,1816,1830,14
9610.jpg,1816,1800,-16
9615.jpg,1816,1800,-16
9620.jpg,1816,1890,74
9625.jpg,1816,1800,-16
9630.jpg,1816,1830,14
9635.jpg,1816,1800,-16
9640.jpg,1816,1810,-6
9645.jpg,1816,1800,-16
9650.jpg,1816,1850,34
9655.jpg,1816,1820,4
9660.jpg,1816,1900,84
9665.jpg,1816,1750,-66
9670.jpg,1816,1830,14
9675.jpg,1816,1820,4
9680.jpg,1816,1790,-26
9685.jpg,1816,1830,14
9690.jpg,1816,1875,59
9695.jpg,1816,1830,14
9700.jpg,1816,1750,-66
9705.jpg,1816,1750,-66
9710.jpg,1816,1820,4
9715.jpg,1817,1900,83
9720.jpg,1817,1800,-17
9725.jpg,1817,1800,-17
9730.jpg,1817,1850,33
9735.jpg,1817,1850,33
9740.jpg,1817,1940,123
9745.jpg,1817,1790,-27
9750.jpg,1817,1800,-17
9755.jpg,1817,1850,33
9760.jpg,1817,1800,-17
9765.jpg,1817,1830,13
9770.jpg,1817,1870,53
9775.jpg,1817,1970,153
9780.jpg,1817,1900,83
9785.jpg,1817,1840,23
9790.jpg,1818,1800,-18
9795.jpg,1818,1940,122
9800.jpg,1818,1800,-18
9805.jpg,1818,1940,122
9810.jpg,1818,1830,12
9815.jpg,1818,1800,-18
9820.jpg,1818,1860,42
9825.jpg,1818,1820,2
9830.jpg,1818,1830,12
9835.jpg,1818,1830,12
9840.jpg,1818,1850,32
9845.jpg,1818,1850,32
9850.jpg,1818,1850,32
9855.jpg,1818,1820,2
9860.jpg,1818,1800,-18
9865.jpg,1818,1850,32
9870.jpg,1818,1800,-18
9875.jpg,1818,1800,-18
9880.jpg,1818,1820,2
9885.jpg,1818,1975,157
9890.jpg,1818,1800,-18
9895.jpg,1818,1800,-18
9900.jpg,1818,1850,32
9905.jpg,1818,1830,12
9910.jpg,1819,1860,41
9915.jpg,1819,1850,31
9920.jpg,1819,1830,11
9925.jpg,1819,1880,61
9930.jpg,1819,1830,11
9935.jpg,1819,1800,-19
9940.jpg,1819,1850,31
9945.jpg,1819,1900,81
9950.jpg,1819,1830,11
9955.jpg,1819,1800,-19
9960.jpg,1819,1825,6
9965.jpg,1819,1850,31
9970.jpg,1819,1750,-69
9975.jpg,1819,1875,56
9980.jpg,1819,1820,1
9985.jpg,1820,1840,20
9990.jpg,1820,1850,30
9995.jpg,1820,1920,100
10000.jpg,1820,1800,-20
10005.jpg,1820,1800,-20
10010.jpg,1820,1850,30
10015.jpg,1820,1800,-20
10020.jpg,1820,1800,-20
10025.jpg,1820,1800,-20
10030.jpg,1820,1850,30
10035.jpg,1820,1800,-20
10040.jpg,1820,1950,130
10045.jpg,1820,1800,-20
10050.jpg,1820,1800,-20
10055.jpg,1820,1800,-20
10060.jpg,1820,1820,0
10065.jpg,1820,1800,-20
10070.jpg,1820,1830,10
10075.jpg,1820,1800,-20
10080.jpg,1820,1920,100
10085.jpg,1820,1850,30
10090.jpg,1820,1800,-20
10095.jpg,1820,1830,10
10100.jpg,1820,1850,30
10105.jpg,1820,1800,-20
10110.jpg,1820,1830,10
10115.jpg,1820,1900,80
10120.jpg,1820,1850,30
10125.jpg,1820,1900,80
10130.jpg,1820,1820,0
10135.jpg,1820,1800,-20
10140.jpg,1820,1825,5
10145.jpg,1820,1900,80
10150.jpg,1820,1800,-20
10155.jpg,1820,1830,10
10160.jpg,1820,1850,30
10165.jpg,1820,1900,80
10170.jpg,1820,1860,40
10175.jpg,1820,1900,80
10180.jpg,1820,1900,80
10185.jpg,1820,1830,10
10190.jpg,1820,1850,30
10195.jpg,1821,1850,29
10200.jpg,1821,1900,79
10205.jpg,1821,1800,-21
10210.jpg,1821,1950,129
10215.jpg,1821,1940,119
10220.jpg,1821,1865,44
10225.jpg,1821,1905,84
10230.jpg,1821,1800,-21
10235.jpg,1821,1900,79
10240.jpg,1821,1980,159
10245.jpg,1821,1850,29
10250.jpg,1821,1800,-21
10255.jpg,1821,1900,79
10260.jpg,1821,1800,-21
10265.jpg,1821,1900,79
10270.jpg,1821,1700,-121
10275.jpg,1821,1850,29
10280.jpg,1822,1900,78
10285.jpg,1822,1900,78
10290.jpg,1822,1860,38
10295.jpg,1822,1850,28
10300.jpg,1822,1850,28
10305.jpg,1822,1870,48
10310.jpg,1822,1800,-22
10315.jpg,1822,1850,28
10320.jpg,1822,1830,8
10325.jpg,1822,1940,118
10330.jpg,1822,1900,78
10335.jpg,1822,1850,28
10340.jpg,1822,1850,28
10345.jpg,1822,1900,78
10355.jpg,1822,1830,8
10360.jpg,1823,1900,77
10365.jpg,1823,1830,7
10370.jpg,1823,1800,-23
10375.jpg,1823,1800,-23
10385.jpg,1823,1850,27
10390.jpg,1823,1900,77
10395.jpg,1823,1900,77
10400.jpg,1823,1890,67
10405.jpg,1823,1900,77
10410.jpg,1823,1850,27
10415.jpg,1823,1990,167
10420.jpg,1823,1900,77
10425.jpg,1823,1800,-23
10430.jpg,1823,1800,-23
10435.jpg,1823,1800,-23
10440.jpg,1823,1800,-23
10445.jpg,1823,1920,97
10450.jpg,1823,1250,-573
10455.jpg,1824,1800,-24
10460.jpg,1824,1830,6
10465.jpg,1824,1800,-24
10470.jpg,1824,1830,6
10475.jpg,1824,1500,-324
10480.jpg,1824,1850,26
10485.jpg,1824,1800,-24
10490.jpg,1824,1840,16
10495.jpg,1824,1820,-4
10500.jpg,1824,1800,-24
10505.jpg,1824,1800,-24
10510.jpg,1824,1850,26
10515.jpg,1824,1800,-24
10520.jpg,1824,1850,26
10525.jpg,1824,1920,96
10530.jpg,1824,1830,6
10535.jpg,1824,1800,-24
10540.jpg,1824,1850,26
10545.jpg,1824,1900,76
10550.jpg,1825,1850,25
10555.jpg,1825,1900,75
10560.jpg,1825,1800,-25
10565.jpg,1825,1830,5
10570.jpg,1825,1800,-25
10575.jpg,1825,1830,5
10580.jpg,1825,1830,5
10585.jpg,1825,1850,25
10590.jpg,1825,1850,25
10595.jpg,1825,1830,5
10600.jpg,1825,1790,-35
10605.jpg,1825,1850,25
10610.jpg,1825,1830,5
10615.jpg,1825,1850,25
10620.jpg,1825,1800,-25
10625.jpg,1825,1800,-25
10630.jpg,1825,1830,5
10635.jpg,1825,2000,175
10640.jpg,1825,1960,135
10645.jpg,1825,1800,-25
10650.jpg,1825,1830,5
10655.jpg,1825,1830,5
10660.jpg,1825,1800,-25
10665.jpg,1825,1830,5
10670.jpg,1825,1850,25
10675.jpg,1825,1820,-5
10680.jpg,1825,1800,-25
10685.jpg,1825,1800,-25
10690.jpg,1825,1800,-25
10695.jpg,1825,1850,25
10700.jpg,1825,1900,75
10705.jpg,1825,1850,25
10710.jpg,1825,1870,45
10715.jpg,1825,1850,25
10720.jpg,1825,1830,5
10725.jpg,1825,1900,75
10730.jpg,1826,1850,24
10735.jpg,1826,1850,24
10745.jpg,1826,1800,-26
10750.jpg,1826,1800,-26
10755.jpg,1826,1800,-26
10760.jpg,1826,1830,4
10765.jpg,1826,1810,-16
10770.jpg,1826,1875,49
10775.jpg,1826,1820,-6
10780.jpg,1826,1800,-26
10785.jpg,1826,1830,4
10790.jpg,1826,1850,24
10795.jpg,1826,1800,-26
10800.jpg,1826,1905,79
10805.jpg,1826,1790,-36
10810.jpg,1826,1850,24
10815.jpg,1826,1830,4
10820.jpg,1826,1830,4
10825.jpg,1826,1800,-26
10830.jpg,1826,1900,74
10835.jpg,1827,1827,0
10840.jpg,1827,1850,23
10845.jpg,1827,1850,23
10850.jpg,1827,1900,73
10855.jpg,1827,1880,53
10860.jpg,1827,1850,23
10865.jpg,1827,1850,23
10870.jpg,1827,1850,23
10875.jpg,1827,1800,-27
10880.jpg,1827,1850,23
10885.jpg,1827,1905,78
10890.jpg,1827,1950,123
10895.jpg,1827,1850,23
10900.jpg,1827,1830,3
10905.jpg,1827,1790,-37
10910.jpg,1827,1860,33
10915.jpg,1827,1825,-2
10920.jpg,1827,1830,3
10925.jpg,1827,1830,3
10930.jpg,1827,1900,73
10935.jpg,1827,1800,-27
10940.jpg,1827,1950,123
10945.jpg,1828,1800,-28
10950.jpg,1828,1850,22
10955.jpg,1828,1820,-8
10960.jpg,1828,1800,-28
10965.jpg,1828,1830,2
10970.jpg,1828,1800,-28
10975.jpg,1828,1850,22
10980.jpg,1828,1860,32
10985.jpg,1828,1875,47
10990.jpg,1828,1860,32
10995.jpg,1828,1830,2
11000.jpg,1828,1800,-28
11005.jpg,1828,1825,-3
11010.jpg,1828,1830,2
11015.jpg,1828,1800,-28
11020.jpg,1828,1800,-28
11025.jpg,1828,1780,-48
11030.jpg,1828,1850,22
11035.jpg,1828,1840,12
11040.jpg,1828,1800,-28
11045.jpg,1828,1820,-8
11050.jpg,1828,1775,-53
11055.jpg,1828,1850,22
11060.jpg,1828,1900,72
11065.jpg,1829,1900,71
11070.jpg,1829,1900,71
11075.jpg,1829,1800,-29
11080.jpg,1829,1800,-29
11085.jpg,1829,1800,-29
11090.jpg,1829,1800,-29
11095.jpg,1829,1840,11
11100.jpg,1829,1880,51
11105.jpg,1829,1820,-9
11110.jpg,1829,1780,-49
11115.jpg,1829,1830,1
11120.jpg,1829,1800,-29
11125.jpg,1829,1830,1
11130.jpg,1829,1880,51
11135.jpg,1829,1840,11
11140.jpg,1829,1820,-9
11145.jpg,1829,1810,-19
11150.jpg,1829,1825,-4
11155.jpg,1829,1950,121
11160.jpg,1829,1800,-29
11165.jpg,1829,1905,76
11170.jpg,1830,1730,-100
11175.jpg,1830,1880,50
11180.jpg,1830,1820,-10
11185.jpg,1830,1840,10
11190.jpg,1830,1800,-30
11195.jpg,1830,1750,-80
11200.jpg,1830,1850,20
11205.jpg,1830,1850,20
11210.jpg,1830,1930,100
11215.jpg,1830,1800,-30
11220.jpg,1830,1830,0
11225.jpg,1830,1830,0
11230.jpg,1830,1900,70
11235.jpg,1830,1900,70
11240.jpg,1830,1820,-10
11245.jpg,1830,1950,120
11250.jpg,1830,1800,-30
11255.jpg,1830,1800,-30
11260.jpg,1830,1825,-5
11265.jpg,1830,1850,20
11270.jpg,1830,1850,20
11275.jpg,1830,1830,0
11280.jpg,1830,1880,50
11285.jpg,1830,1850,20
11290.jpg,1830,1750,-80
11295.jpg,1830,1840,10
11300.jpg,1830,1800,-30
11305.jpg,1830,1800,-30
11310.jpg,1830,1830,0
11315.jpg,1830,1800,-30
11320.jpg,1830,1750,-80
11325.jpg,1830,1875,45
11330.jpg,1830,1900,70
11335.jpg,1830,1830,0
11340.jpg,1830,1940,110
11345.jpg,1830,1950,120
11350.jpg,1830,1800,-30
11355.jpg,1830,1870,40
11360.jpg,1830,1830,0
11365.jpg,1830,1884,54
11370.jpg,1830,1900,70
11375.jpg,1830,1750,-80
11380.jpg,1830,1875,45
11385.jpg,1830,1800,-30
11390.jpg,1830,1910,80
11395.jpg,1830,1900,70
11400.jpg,1831,1830,-1
11405.jpg,1831,1820,-11
11410.jpg,1831,1800,-31
11415.jpg,1831,1880,49
11420.jpg,1831,1800,-31
11425.jpg,1831,1850,19
11430.jpg,1831,1850,19
11435.jpg,1831,1900,69
11440.jpg,1831,1965,134
11445.jpg,1831,1800,-31
11450.jpg,1831,1820,-11
11455.jpg,1831,1830,-1
11460.jpg,1831,1850,19
11465.jpg,1831,1800,-31
11470.jpg,1831,1830,-1
11475.jpg,1831,1950,119
11480.jpg,1831,1830,-1
11485.jpg,1831,1800,-31
11490.jpg,1832,1920,88
11495.jpg,1832,1900,68
11500.jpg,1832,1500,-332
11505.jpg,1832,1800,-32
11510.jpg,1832,1820,-12
11515.jpg,1832,1830,-2
11525.jpg,1832,1900,68
11530.jpg,1832,1830,-2
11535.jpg,1832,1850,18
11540.jpg,1832,1820,-12
11545.jpg,1832,1900,68
11550.jpg,1832,1850,18
11555.jpg,1832,1830,-2
11560.jpg,1832,1890,58
11565.jpg,1832,1830,-2
11570.jpg,1832,1840,8
11575.jpg,1832,1820,-12
11580.jpg,1832,1830,-2
11585.jpg,1832,1800,-32
11590.jpg,1832,1800,-32
11595.jpg,1832,1825,-7
11600.jpg,1832,1800,-32
11605.jpg,1832,1840,8
11610.jpg,1832,1800,-32
11615.jpg,1832,1750,-82
11620.jpg,1832,1650,-182
11625.jpg,1832,1900,68
11630.jpg,1832,1920,88
11635.jpg,1832,1820,-12
11640.jpg,1832,1900,68
11645.jpg,1833,1850,17
11650.jpg,1833,1850,17
11655.jpg,1833,1800,-33
11660.jpg,1833,1800,-33
11665.jpg,1833,1750,-83
11670.jpg,1833,1800,-33
11675.jpg,1833,1850,17
11680.jpg,1833,1850,17
11685.jpg,1833,1880,47
11690.jpg,1833,1825,-8
11695.jpg,1833,1830,-3
11700.jpg,1833,1850,17
11705.jpg,1833,1930,97
11710.jpg,1833,1890,57
11715.jpg,1833,1820,-13
11720.jpg,1833,1940,107
11725.jpg,1833,1830,-3
11730.jpg,1833,1830,-3
11735.jpg,1833,1800,-33
11740.jpg,1833,1850,17
11745.jpg,1833,1850,17
11750.jpg,1833,1825,-8
11755.jpg,1833,1800,-33
11760.jpg,1833,1900,67
11765.jpg,1833,1820,-13
11770.jpg,1834,1750,-84
11775.jpg,1834,1790,-44
11780.jpg,1834,1805,-29
11785.jpg,1834,1800,-34
11790.jpg,1834,1960,126
11795.jpg,1834,1830,-4
11800.jpg,1834,1800,-34
11805.jpg,1834,1820,-14
11810.jpg,1834,1880,46
11815.jpg,1834,1800,-34
11820.jpg,1834,1800,-34
11825.jpg,1834,1800,-34
11830.jpg,1834,1860,26
11835.jpg,1834,1880,46
11840.jpg,1834,1860,26
11845.jpg,1834,1800,-34
11850.jpg,1834,1830,-4
11855.jpg,1834,1880,46
11860.jpg,1834,1900,66
11865.jpg,1834,1830,-4
11870.jpg,1834,1950,116
11875.jpg,1834,1850,16
11880.jpg,1834,1830,-4
11885.jpg,1834,1800,-34
11890.jpg,1834,1840,6
11895.jpg,1834,1800,-34
11900.jpg,1835,1800,-35
11905.jpg,1835,1900,65
11910.jpg,1835,1970,135
11915.jpg,1835,1900,65
11920.jpg,1835,1800,-35
11925.jpg,1835,1950,115
11930.jpg,1835,1900,65
11935.jpg,1835,1900,65
11940.jpg,1835,1950,115
11945.jpg,1835,1870,35
11950.jpg,1835,1800,-35
11955.jpg,1835,1850,15
11960.jpg,1835,1875,40
11965.jpg,1835,1970,135
11970.jpg,1835,1830,-5
11980.jpg,1835,1890,55
11985.jpg,1835,1930,95
11990.jpg,1835,1890,55
11995.jpg,1835,1840,5
12000.jpg,1835,1850,15
12005.jpg,1835,1900,65
12010.jpg,1835,1830,-5
12015.jpg,1835,1800,-35
12020.jpg,1835,1820,-15
12025.jpg,1835,1930,95
12030.jpg,1835,1850,15
12035.jpg,1835,1830,-5
12040.jpg,1835,1800,-35
12045.jpg,1835,1850,15
12050.jpg,1835,1800,-35
12055.jpg,1835,1900,65
12060.jpg,1835,1800,-35
12065.jpg,1835,1900,65
12070.jpg,1835,1850,15
12075.jpg,1835,1850,15
12080.jpg,1835,1900,65
12085.jpg,1835,1800,-35
12090.jpg,1835,1900,65
12095.jpg,1835,1830,-5
12100.jpg,1835,1850,15
12105.jpg,1835,1900,65
12110.jpg,1835,1900,65
12115.jpg,1835,1830,-5
12120.jpg,1835,1850,15
12125.jpg,1835,1900,65
12130.jpg,1836,1800,-36
12135.jpg,1836,1850,14
12140.jpg,1836,1750,-86
12145.jpg,1836,1920,84
12150.jpg,1836,1890,54
12155.jpg,1836,1800,-36
12160.jpg,1836,1950,114
12170.jpg,1836,1850,14
12175.jpg,1836,1850,14
12180.jpg,1836,1840,4
12185.jpg,1836,1860,24
12190.jpg,1836,1830,-6
12195.jpg,1836,1850,14
12200.jpg,1836,1920,84
12205.jpg,1836,1860,24
12210.jpg,1836,1890,54
12215.jpg,1836,1850,14
12220.jpg,1836,1800,-36
12225.jpg,1836,1820,-16
12230.jpg,1836,1830,-6
12235.jpg,1836,1800,-36
12240.jpg,1836,1800,-36
12245.jpg,1836,1850,14
12250.jpg,1836,1820,-16
12255.jpg,1836,1840,4
12260.jpg,1836,1800,-36
12265.jpg,1836,1830,-6
12270.jpg,1836,1800,-36
12275.jpg,1836,1800,-36
12280.jpg,1837,1850,13
12285.jpg,1837,1850,13
12290.jpg,1837,1830,-7
12295.jpg,1837,1800,-37
12300.jpg,1837,1830,-7
12305.jpg,1837,1800,-37
12310.jpg,1837,1870,33
12315.jpg,1837,1800,-37
12320.jpg,1837,1970,133
12325.jpg,1837,1875,38
12330.jpg,1837,1900,63
12335.jpg,1837,1830,-7
12340.jpg,1837,1850,13
12345.jpg,1837,1750,-87
12350.jpg,1837,1860,23
12355.jpg,1837,1850,13
12360.jpg,1837,2000,163
12365.jpg,1837,1850,13
12370.jpg,1837,1830,-7
12375.jpg,1837,1800,-37
12380.jpg,1837,1900,63
12385.jpg,1837,1850,13
12390.jpg,1837,1800,-37
12395.jpg,1837,1840,3
12400.jpg,1837,1850,13
12405.jpg,1837,1850,13
12410.jpg,1837,1830,-7
12415.jpg,1837,1880,43
12420.jpg,1837,1830,-7
12425.jpg,1837,1800,-37
12430.jpg,1837,1820,-17
12435.jpg,1837,1940,103
12440.jpg,1837,1920,83
12445.jpg,1837,1800,-37
12450.jpg,1838,1900,62
12455.jpg,1838,1800,-38
12460.jpg,1838,1850,12
12465.jpg,1838,1750,-88
12470.jpg,1838,1830,-8
12475.jpg,1838,1900,62
12480.jpg,1838,1800,-38
12485.jpg,1838,1850,12
12490.jpg,1838,1880,42
12495.jpg,1838,1850,12
12500.jpg,1838,1850,12
12505.jpg,1838,1850,12
12510.jpg,1838,1940,102
12515.jpg,1838,1800,-38
12520.jpg,1838,1800,-38
12525.jpg,1838,1830,-8
12530.jpg,1838,1870,32
12535.jpg,1838,1850,12
12540.jpg,1838,1830,-8
12545.jpg,1838,1890,52
12550.jpg,1838,1900,62
12555.jpg,1838,1820,-18
12560.jpg,1838,1870,32
12565.jpg,1838,1850,12
12570.jpg,1838,1830,-8
12575.jpg,1838,1830,-8
12580.jpg,1838,1950,112
12585.jpg,1838,1820,-18
12590.jpg,1838,1830,-8
12600.jpg,1838,1950,112
12605.jpg,1838,1925,87
12610.jpg,1838,1850,12
12615.jpg,1838,1750,-88
12620.jpg,1838,1800,-38
12625.jpg,1839,1920,81
12630.jpg,1839,1800,-39
12635.jpg,1839,1800,-39
12640.jpg,1839,1940,101
12645.jpg,1839,1850,11
12650.jpg,1839,1900,61
12655.jpg,1839,1850,11
12660.jpg,1839,1850,11
12665.jpg,1839,1850,11
12670.jpg,1839,1800,-39
12675.jpg,1839,1850,11
12680.jpg,1839,1800,-39
12685.jpg,1839,1800,-39
12690.jpg,1839,1980,141
12695.jpg,1839,1830,-9
12700.jpg,1839,1850,11
12705.jpg,1839,1800,-39
12710.jpg,1839,1850,11
12715.jpg,1839,1830,-9
12720.jpg,1839,1790,-49
12725.jpg,1839,1850,11
12730.jpg,1839,1830,-9
12735.jpg,1839,1800,-39
12740.jpg,1839,1820,-19
12745.jpg,1839,1850,11
12750.jpg,1839,1930,91
12755.jpg,1839,1820,-19
12760.jpg,1839,1830,-9
12765.jpg,1839,1750,-89
12770.jpg,1839,1900,61
12775.jpg,1839,1750,-89
12780.jpg,1840,1850,10
12785.jpg,1840,1900,60
12790.jpg,1840,1800,-40
12795.jpg,1840,1900,60
12800.jpg,1840,1850,10
12805.jpg,1840,1900,60
12810.jpg,1840,1800,-40
12815.jpg,1840,1830,-10
12820.jpg,1840,1825,-15
12825.jpg,1840,1850,10
12830.jpg,1840,1900,60
12835.jpg,1840,1950,110
12840.jpg,1840,1850,10
12845.jpg,1840,1785,-55
12850.jpg,1840,1800,-40
12860.jpg,1840,1830,-10
12865.jpg,1840,1940,100
12870.jpg,1840,1940,100
12875.jpg,1840,1830,-10
12880.jpg,1840,1830,-10
12885.jpg,1840,1800,-40
12890.jpg,1840,1850,10
12895.jpg,1840,1830,-10
12900.jpg,1840,1850,10
12905.jpg,1840,1900,60
12910.jpg,1840,1950,110
12915.jpg,1840,1850,10
12920.jpg,1840,1845,5
12925.jpg,1840,1875,35
12930.jpg,1840,1880,40
12935.jpg,1840,1850,10
12940.jpg,1840,1850,10
12945.jpg,1840,1850,10
12950.jpg,1840,1830,-10
12955.jpg,1840,1850,10
12960.jpg,1840,1830,-10
12965.jpg,1840,1830,-10
12970.jpg,1840,1820,-20
12975.jpg,1840,1825,-15
12980.jpg,1840,1950,110
12985.jpg,1840,1840,0
12990.jpg,1840,1830,-10
12995.jpg,1840,1900,60
13005.jpg,1840,1800,-40
13010.jpg,1840,1900,60
13015.jpg,1840,1890,50
13020.jpg,1840,1890,50
13025.jpg,1840,1900,60
13030.jpg,1841,1800,-41
13035.jpg,1841,1800,-41
13040.jpg,1841,1900,59
13045.jpg,1841,1880,39
13050.jpg,1841,1850,9
13055.jpg,1841,1850,9
13060.jpg,1841,1850,9
13065.jpg,1841,1800,-41
13070.jpg,1841,1950,109
13075.jpg,1841,1825,-16
13080.jpg,1841,1850,9
13085.jpg,1841,1970,129
13090.jpg,1841,1905,64
13095.jpg,1841,1850,9
13100.jpg,1841,1830,-11
13105.jpg,1841,1900,59
13110.jpg,1841,1820,-21
13115.jpg,1841,1900,59
13120.jpg,1841,1970,129
13125.jpg,1841,1850,9
13130.jpg,1841,1600,-241
13135.jpg,1841,1930,89
13140.jpg,1841,1870,29
13145.jpg,1842,1800,-42
13150.jpg,1842,1800,-42
13155.jpg,1842,1920,78
13160.jpg,1842,1820,-22
13165.jpg,1842,1850,8
13170.jpg,1842,1820,-22
13175.jpg,1842,1850,8
13180.jpg,1842,1850,8
13185.jpg,1842,1890,48
13190.jpg,1842,1850,8
13195.jpg,1842,1820,-22
13200.jpg,1842,1880,38
13205.jpg,1842,1800,-42
13210.jpg,1842,1820,-22
13215.jpg,1842,1800,-42
13220.jpg,1842,1800,-42
13225.jpg,1842,1830,-12
13230.jpg,1842,1850,8
13235.jpg,1842,1830,-12
13240.jpg,1842,1800,-42
13245.jpg,1842,1900,58
13250.jpg,1842,1875,33
13255.jpg,1842,1900,58
13260.jpg,1842,1850,8
13265.jpg,1842,1820,-22
13270.jpg,1842,1890,48
13275.jpg,1842,1800,-42
13280.jpg,1842,1500,-342
13285.jpg,1842,1850,8
13290.jpg,1842,1850,8
13295.jpg,1842,1920,78
13300.jpg,1843,1840,-3
13305.jpg,1843,1800,-43
13310.jpg,1843,1830,-13
13315.jpg,1843,1950,107
13320.jpg,1843,1830,-13
13325.jpg,1843,1820,-23
13330.jpg,1843,1800,-43
13335.jpg,1843,1900,57
13340.jpg,1843,1820,-23
13345.jpg,1843,1880,37
13350.jpg,1843,1800,-43
13355.jpg,1843,1860,17
13360.jpg,1843,1920,77
13365.jpg,1843,1850,7
13370.jpg,1843,1830,-13
13380.jpg,1843,1800,-43
13385.jpg,1843,1870,27
13390.jpg,1843,1900,57
13395.jpg,1843,1830,-13
13400.jpg,1843,1900,57
13405.jpg,1843,1850,7
13410.jpg,1843,1826,-17
13415.jpg,1843,1900,57
13420.jpg,1843,2010,167
13425.jpg,1843,1850,7
13430.jpg,1844,1900,56
13435.jpg,1844,1850,6
13440.jpg,1844,1800,-44
13445.jpg,1844,1990,146
13450.jpg,1844,1900,56
13455.jpg,1844,1830,-14
13460.jpg,1844,1880,36
13465.jpg,1844,1800,-44
13470.jpg,1844,1830,-14
13475.jpg,1844,1870,26
13480.jpg,1844,1830,-14
13485.jpg,1844,1900,56
13490.jpg,1844,1800,-44
13495.jpg,1844,1980,136
13500.jpg,1844,1800,-44
13505.jpg,1844,1830,-14
13510.jpg,1844,1800,-44
13515.jpg,1844,1850,6
13520.jpg,1844,1830,-14
13525.jpg,1844,1830,-14
13530.jpg,1844,1900,56
13535.jpg,1844,1900,56
13540.jpg,1844,1900,56
13545.jpg,1844,1800,-44
13550.jpg,1844,1850,6
13555.jpg,1844,1885,41
13560.jpg,1844,1900,56
13565.jpg,1845,1750,-95
13570.jpg,1845,1900,55
13575.jpg,1845,1850,5
13580.jpg,1845,1830,-15
13585.jpg,1845,1800,-45
13590.jpg,1845,1900,55
13595.jpg,1845,1900,55
13600.jpg,1845,1900,55
13605.jpg,1845,1800,-45
13610.jpg,1845,1900,55
13615.jpg,1845,1900,55
13620.jpg,1845,1840,-5
13625.jpg,1845,1840,-5
13630.jpg,1845,1850,5
13635.jpg,1845,1840,-5
13640.jpg,1845,1900,55
13645.jpg,1845,1830,-15
13650.jpg,1845,1830,-15
13655.jpg,1845,1850,5
13660.jpg,1845,1900,55
13665.jpg,1845,1865,20
13670.jpg,1845,2015,170
13675.jpg,1845,1840,-5
13680.jpg,1845,1900,55
13685.jpg,1845,1850,5
13690.jpg,1845,1815,-30
13695.jpg,1845,1850,5
13700.jpg,1845,1830,-15
13705.jpg,1845,1840,-5
13710.jpg,1845,1850,5
13720.jpg,1845,1920,75
13725.jpg,1845,1900,55
13730.jpg,1845,1900,55
13735.jpg,1845,1800,-45
13740.jpg,1845,1840,-5
13745.jpg,1845,1800,-45
13750.jpg,1845,1800,-45
13755.jpg,1845,1830,-15
13760.jpg,1845,1850,5
13765.jpg,1845,1830,-15
13770.jpg,1845,1830,-15
13775.jpg,1845,1900,55
13780.jpg,1845,1800,-45
13785.jpg,1845,1900,55
13790.jpg,1845,1875,30
13795.jpg,1845,1920,75
13800.jpg,1845,1930,85
13805.jpg,1846,1830,-16
13810.jpg,1846,1800,-46
13815.jpg,1846,1830,-16
13820.jpg,1846,1800,-46
13825.jpg,1846,1840,-6
13830.jpg,1846,1800,-46
13835.jpg,1846,1850,4
13840.jpg,1846,1920,74
13845.jpg,1846,1830,-16
13850.jpg,1846,1830,-16
13855.jpg,1846,1900,54
13860.jpg,1846,1800,-46
13865.jpg,1846,1840,-6
13870.jpg,1846,1850,4
13875.jpg,1846,1880,34
13880.jpg,1846,1840,-6
13885.jpg,1846,1850,4
13890.jpg,1846,1830,-16
13895.jpg,1846,1900,54
13900.jpg,1846,1830,-16
13905.jpg,1846,1800,-46
13910.jpg,1846,1820,-26
13915.jpg,1846,1850,4
13920.jpg,1846,1850,4
13925.jpg,1846,1960,114
13930.jpg,1846,1850,4
13935.jpg,1846,1820,-26
13940.jpg,1847,1905,58
13945.jpg,1847,1825,-22
13950.jpg,1847,1900,53
13955.jpg,1847,1900,53
13960.jpg,1847,1850,3
13965.jpg,1847,1800,-47
13970.jpg,1847,1900,53
13975.jpg,1847,1840,-7
13980.jpg,1847,1850,3
13985.jpg,1847,1850,3
13990.jpg,1847,1850,3
13995.jpg,1847,1800,-47
14000.jpg,1847,1940,93
14005.jpg,1847,1830,-17
14010.jpg,1847,1830,-17
14015.jpg,1847,1880,33
14020.jpg,1847,1850,3
14030.jpg,1847,1880,33
14035.jpg,1847,1900,53
14040.jpg,1847,1900,53
14045.jpg,1847,1900,53
14050.jpg,1847,1830,-17
14055.jpg,1847,1840,-7
14060.jpg,1847,1900,53
14065.jpg,1847,1850,3
14070.jpg,1847,1800,-47
14075.jpg,1847,1870,23
14080.jpg,1847,1830,-17
14085.jpg,1847,1900,53
14090.jpg,1847,1880,33
14095.jpg,1847,1870,23
14100.jpg,1847,1960,113
14105.jpg,1847,1970,123
14110.jpg,1848,1875,27
14115.jpg,1848,1800,-48
14120.jpg,1848,1900,52
14125.jpg,1848,2010,162
14130.jpg,1848,1490,-358
14135.jpg,1848,1750,-98
14140.jpg,1848,1900,52
14145.jpg,1848,1850,2
14150.jpg,1848,1820,-28
14155.jpg,1848,1880,32
14160.jpg,1848,1850,2
14165.jpg,1848,1840,-8
14170.jpg,1848,1850,2
14175.jpg,1848,1850,2
14180.jpg,1848,1880,32
14185.jpg,1848,1800,-48
14190.jpg,1848,1900,52
14195.jpg,1848,1870,22
14200.jpg,1848,1880,32
14205.jpg,1848,1850,2
14210.jpg,1848,1830,-18
14215.jpg,1848,1890,42
14220.jpg,1848,1900,52
14225.jpg,1848,1848,0
14230.jpg,1848,1830,-18
14235.jpg,1848,1890,42
14240.jpg,1848,1900,52
14245.jpg,1848,1830,-18
14250.jpg,1848,1830,-18
14255.jpg,1848,1840,-8
14260.jpg,1848,1900,52
14265.jpg,1848,1900,52
14270.jpg,1848,1900,52
14275.jpg,1848,1830,-18
14280.jpg,1848,1835,-13
14285.jpg,1848,1885,37
14290.jpg,1848,1830,-18
14295.jpg,1848,1890,42
14300.jpg,1848,1850,2
14305.jpg,1848,1850,2
14310.jpg,1848,1920,72
14315.jpg,1848,1850,2
14320.jpg,1848,1900,52
14325.jpg,1848,1835,-13
14330.jpg,1848,1900,52
14335.jpg,1848,1840,-8
14340.jpg,1849,1750,-99
14345.jpg,1849,1840,-9
14350.jpg,1849,1900,51
14355.jpg,1849,1800,-49
14360.jpg,1849,2015,166
14365.jpg,1849,1950,101
14370.jpg,1849,1850,1
14375.jpg,1849,1930,81
14380.jpg,1849,1875,26
14385.jpg,1849,1850,1
14390.jpg,1849,1850,1
14395.jpg,1849,1830,-19
14400.jpg,1849,1850,1
14405.jpg,1849,2010,161
14410.jpg,1849,1850,1
14415.jpg,1849,1850,1
14420.jpg,1849,1885,36
14425.jpg,1849,1880,31
14430.jpg,1849,1850,1
14435.jpg,1849,1800,-49
14440.jpg,1849,1830,-19
14445.jpg,1849,1840,-9
14450.jpg,1849,1835,-14
14455.jpg,1849,1830,-19
14460.jpg,1849,1800,-49
14465.jpg,1849,1830,-19
14470.jpg,1849,1900,51
14475.jpg,1849,1800,-49
14480.jpg,1849,1920,71
14485.jpg,1849,1850,1
14490.jpg,1849,1653,-196
14495.jpg,1849,1850,1
14500.jpg,1849,1900,51
14505.jpg,1850,1800,-50
14510.jpg,1850,1840,-10
14515.jpg,1850,1850,0
14520.jpg,1850,1850,0
14525.jpg,1850,1830,-20
14530.jpg,1850,1975,125
14535.jpg,1850,1840,-10
14540.jpg,1850,1900,50
14545.jpg,1850,1750,-100
14550.jpg,1850,1850,0
14555.jpg,1850,1830,-20
14560.jpg,1850,1900,50
14565.jpg,1850,1830,-20
14570.jpg,1850,1820,-30
14575.jpg,1850,1800,-50
14580.jpg,1850,1830,-20
14585.jpg,1850,1800,-50
14590.jpg,1850,1800,-50
14600.jpg,1850,1850,0
14605.jpg,1850,1850,0
14610.jpg,1850,1830,-20
14615.jpg,1850,1800,-50
14620.jpg,1850,1820,-30
14625.jpg,1850,1850,0
14630.jpg,1850,1870,20
14635.jpg,1850,1840,-10
14640.jpg,1850,1940,90
14645.jpg,1850,1880,30
14650.jpg,1850,1950,100
14655.jpg,1850,1830,-20
14660.jpg,1850,1900,50
14665.jpg,1850,1830,-20
14670.jpg,1850,1830,-20
14675.jpg,1850,1830,-20
14680.jpg,1850,1820,-30
14685.jpg,1850,1900,50
14690.jpg,1850,1830,-20
14695.jpg,1850,1830,-20
14700.jpg,1850,1900,50
14705.jpg,1850,1860,10
14710.jpg,1850,1890,40
14715.jpg,1850,1830,-20
14720.jpg,1850,1880,30
14725.jpg,1850,1830,-20
14730.jpg,1850,1900,50
14735.jpg,1850,1800,-50
14740.jpg,1850,1800,-50
14745.jpg,1850,1800,-50
14750.jpg,1850,1860,10
14755.jpg,1850,1860,10
14760.jpg,1850,1920,70
14765.jpg,1850,1900,50
14770.jpg,1850,1900,50
14775.jpg,1850,1970,120
14780.jpg,1850,1850,0
14785.jpg,1851,1900,49
14790.jpg,1851,1920,69
14795.jpg,1851,1830,-21
14800.jpg,1851,1900,49
14805.jpg,1851,1930,79
14810.jpg,1851,1880,29
14815.jpg,1851,1800,-51
14820.jpg,1851,1870,19
14825.jpg,1851,1880,29
14830.jpg,1851,1900,49
14835.jpg,1851,1760,-91
14840.jpg,1851,1830,-21
14845.jpg,1851,1850,-1
14850.jpg,1851,1940,89
14855.jpg,1851,1850,-1
14860.jpg,1851,1900,49
14865.jpg,1851,1800,-51
14870.jpg,1851,1820,-31
14880.jpg,1851,1800,-51
14885.jpg,1851,1840,-11
14890.jpg,1851,1860,9
14895.jpg,1851,1830,-21
14900.jpg,1851,1850,-1
14905.jpg,1851,1900,49
14910.jpg,1851,1700,-151
14915.jpg,1851,1830,-21
14920.jpg,1851,1800,-51
14925.jpg,1851,1900,49
14930.jpg,1851,1887,36
14935.jpg,1851,1850,-1
14940.jpg,1851,1830,-21
14945.jpg,1852,1850,-2
14950.jpg,1852,1820,-32
14955.jpg,1852,1870,18
14960.jpg,1852,1905,53
14965.jpg,1852,1830,-22
14970.jpg,1852,1800,-52
14975.jpg,1852,1900,48
14980.jpg,1852,1800,-52
14985.jpg,1852,1850,-2
14990.jpg,1852,1900,48
14995.jpg,1852,1900,48
15000.jpg,1852,1900,48
15005.jpg,1852,1880,28
15010.jpg,1852,1830,-22
15015.jpg,1852,1900,48
15020.jpg,1852,1825,-27
15025.jpg,1852,1850,-2
15030.jpg,1852,1850,-2
15035.jpg,1852,1850,-2
15040.jpg,1852,1870,18
15045.jpg,1852,1830,-22
15050.jpg,1852,1800,-52
15055.jpg,1852,1750,-102
15060.jpg,1852,1850,-2
15065.jpg,1852,1850,-2
15070.jpg,1852,1850,-2
15075.jpg,1852,1800,-52
15080.jpg,1852,1900,48
15085.jpg,1852,2000,148
15090.jpg,1852,1900,48
15095.jpg,1852,1850,-2
15100.jpg,1852,1850,-2
15105.jpg,1852,1900,48
15110.jpg,1852,1830,-22
15115.jpg,1852,1870,18
15120.jpg,1852,1910,58
15125.jpg,1852,1900,48
15130.jpg,1852,1900,48
15135.jpg,1853,1800,-53
15140.jpg,1853,1820,-33
15145.jpg,1853,1900,47
15150.jpg,1853,1830,-23
15155.jpg,1853,1900,47
15160.jpg,1853,1800,-53
15165.jpg,1853,1950,97
15170.jpg,1853,1800,-53
15175.jpg,1853,1800,-53
15180.jpg,1853,1900,47
15185.jpg,1853,1850,-3
15190.jpg,1853,1800,-53
15195.jpg,1853,1850,-3
15200.jpg,1853,1850,-3
15205.jpg,1853,2010,157
15210.jpg,1853,1900,47
15215.jpg,1853,1830,-23
15220.jpg,1853,1850,-3
15225.jpg,1853,1830,-23
15230.jpg,1853,1940,87
15235.jpg,1853,1830,-23
15240.jpg,1853,1880,27
15245.jpg,1853,1840,-13
15250.jpg,1853,1900,47
15255.jpg,1853,1900,47
15260.jpg,1853,1850,-3
15265.jpg,1853,1830,-23
15270.jpg,1853,1870,17
15275.jpg,1853,1840,-13
15280.jpg,1853,1880,27
15285.jpg,1853,1820,-33
15290.jpg,1853,1850,-3
15295.jpg,1853,1900,47
15300.jpg,1853,1850,-3
15305.jpg,1853,1850,-3
15310.jpg,1853,1850,-3
15315.jpg,1853,1860,7
15320.jpg,1853,1880,27
15325.jpg,1853,1825,-28
15330.jpg,1853,1900,47
15335.jpg,1853,1800,-53
15340.jpg,1853,1860,7
15345.jpg,1853,1800,-53
15350.jpg,1853,2000,147
15355.jpg,1854,1890,36
15360.jpg,1854,1850,-4
15365.jpg,1854,1800,-54
15370.jpg,1854,1880,26
15375.jpg,1854,1840,-14
15380.jpg,1854,1850,-4
15385.jpg,1854,1850,-4
15390.jpg,1854,1870,16
15395.jpg,1854,1870,16
15400.jpg,1854,2000,146
15405.jpg,1854,1830,-24
15410.jpg,1854,1850,-4
15415.jpg,1854,1750,-104
15420.jpg,1854,1900,46
15425.jpg,1854,1900,46
15430.jpg,1854,1885,31
15435.jpg,1854,2010,156
15440.jpg,1854,1950,96
15445.jpg,1854,1870,16
15450.jpg,1855,1700,-155
15455.jpg,1855,1905,50
15460.jpg,1855,1920,65
15465.jpg,1855,1800,-55
15470.jpg,1855,1880,25
15475.jpg,1855,1930,75
15480.jpg,1855,1900,45
15485.jpg,1855,1820,-35
15490.jpg,1855,1850,-5
15495.jpg,1855,1950,95
15500.jpg,1855,1890,35
15505.jpg,1855,1850,-5
15510.jpg,1855,1875,20
15515.jpg,1855,1870,15
15520.jpg,1855,1870,15
15525.jpg,1855,1880,25
15530.jpg,1855,1850,-5
15535.jpg,1855,1830,-25
15540.jpg,1855,1875,20
15545.jpg,1855,1800,-55
15550.jpg,1855,1850,-5
15555.jpg,1855,1880,25
15560.jpg,1855,1830,-25
15565.jpg,1855,1890,35
15570.jpg,1855,1850,-5
15575.jpg,1855,1950,95
15580.jpg,1855,1850,-5
15585.jpg,1855,1920,65
15590.jpg,1855,1975,120
15595.jpg,1855,1830,-25
15600.jpg,1855,1900,45
15605.jpg,1855,1910,55
15610.jpg,1855,1830,-25
15615.jpg,1855,1850,-5
15620.jpg,1855,1950,95
15625.jpg,1855,1830,-25
15630.jpg,1855,1830,-25
15635.jpg,1855,1830,-25
15640.jpg,1855,1900,45
15645.jpg,1855,1890,35
15650.jpg,1855,1900,45
15655.jpg,1855,1850,-5
15660.jpg,1855,1850,-5
15665.jpg,1855,1870,15
15670.jpg,1855,1920,65
15675.jpg,1855,1900,45
15680.jpg,1855,2010,155
15685.jpg,1855,1900,45
15690.jpg,1855,1800,-55
15695.jpg,1855,1870,15
15705.jpg,1856,1750,-106
15710.jpg,1856,1850,-6
15715.jpg,1856,1850,-6
15720.jpg,1856,1850,-6
15725.jpg,1856,1905,49
15730.jpg,1856,1900,44
15735.jpg,1856,1800,-56
15740.jpg,1856,1890,34
15745.jpg,1856,1850,-6
15750.jpg,1856,1900,44
15755.jpg,1856,1850,-6
15760.jpg,1856,1800,-56
15765.jpg,1856,1800,-56
15770.jpg,1856,1850,-6
15775.jpg,1856,1850,-6
15780.jpg,1856,1850,-6
15785.jpg,1856,1880,24
15795.jpg,1856,1830,-26
15800.jpg,1856,1900,44
15805.jpg,1856,1930,74
15810.jpg,1856,1890,34
15815.jpg,1856,1830,-26
15820.jpg,1856,1880,24
15825.jpg,1856,1830,-26
15830.jpg,1856,1850,-6
15835.jpg,1856,1740,-116
15840.jpg,1856,1850,-6
15845.jpg,1856,1820,-36
15850.jpg,1856,1850,-6
15855.jpg,1856,1900,44
15860.jpg,1856,1850,-6
15865.jpg,1856,1850,-6
15870.jpg,1856,1900,44
15875.jpg,1856,1900,44
15880.jpg,1856,1900,44
15885.jpg,1856,1840,-16
15890.jpg,1856,1850,-6
15895.jpg,1856,1850,-6
15900.jpg,1856,1850,-6
15905.jpg,1856,1830,-26
15910.jpg,1856,1800,-56
15915.jpg,1856,1830,-26
15920.jpg,1856,1830,-26
15930.jpg,1856,1930,74
15935.jpg,1856,1870,14
15940.jpg,1856,1850,-6
15945.jpg,1856,1850,-6
15950.jpg,1856,1875,19
15955.jpg,1856,1880,24
15960.jpg,1856,1800,-56
15965.jpg,1856,1830,-26
15970.jpg,1856,1945,89
15975.jpg,1856,1750,-106
15980.jpg,1857,1650,-207
15985.jpg,1857,1830,-27
15990.jpg,1857,1980,123
15995.jpg,1857,1830,-27
16000.jpg,1857,1870,13
16005.jpg,1857,1900,43
16010.jpg,1857,1750,-107
16015.jpg,1857,1850,-7
16020.jpg,1857,1800,-57
16025.jpg,1857,1850,-7
16030.jpg,1857,1850,-7
16035.jpg,1857,1850,-7
16040.jpg,1857,1900,43
16045.jpg,1857,1880,23
16050.jpg,1857,1850,-7
16055.jpg,1857,1950,93
16060.jpg,1857,1840,-17
16065.jpg,1857,1850,-7
16070.jpg,1857,1880,23
16075.jpg,1857,1850,-7
16080.jpg,1857,1835,-22
16085.jpg,1857,1900,43
16090.jpg,1857,1870,13
16095.jpg,1857,1830,-27
16100.jpg,1857,1830,-27
16105.jpg,1857,1850,-7
16110.jpg,1857,1890,33
16115.jpg,1857,1900,43
16120.jpg,1857,1830,-27
16125.jpg,1857,1900,43
16130.jpg,1857,1850,-7
16135.jpg,1857,1920,63
16140.jpg,1857,1800,-57
16145.jpg,1857,1830,-27
16150.jpg,1857,1830,-27
16155.jpg,1857,1880,23
16160.jpg,1857,1840,-17
16165.jpg,1857,1850,-7
16170.jpg,1857,1875,18
16175.jpg,1857,1900,43
16180.jpg,1857,1880,23
16185.jpg,1857,1910,53
16190.jpg,1857,1850,-7
16195.jpg,1857,1800,-57
16200.jpg,1857,1900,43
16205.jpg,1857,1980,123
16210.jpg,1857,1850,-7
16215.jpg,1857,1950,93
16220.jpg,1857,1800,-57
16225.jpg,1857,1800,-57
16230.jpg,1857,1870,13
16235.jpg,1858,1880,22
16240.jpg,1858,1920,62
16245.jpg,1858,1900,42
16250.jpg,1858,1905,47
16255.jpg,1858,1890,32
16260.jpg,1858,1800,-58
16265.jpg,1858,1800,-58
16270.jpg,1858,1810,-48
16275.jpg,1858,1830,-28
16280.jpg,1858,1830,-28
16285.jpg,1858,1875,17
16290.jpg,1858,1850,-8
16295.jpg,1858,1945,87
16300.jpg,1858,1850,-8
16305.jpg,1858,1905,47
16310.jpg,1858,1900,42
16315.jpg,1858,1830,-28
16320.jpg,1858,1830,-28
16325.jpg,1858,1850,-8
16330.jpg,1858,1880,22
16335.jpg,1858,1880,22
16340.jpg,1858,1840,-18
16345.jpg,1858,1920,62
16350.jpg,1858,1850,-8
16355.jpg,1858,1870,12
16360.jpg,1858,1850,-8
16365.jpg,1858,1800,-58
16370.jpg,1858,1830,-28
16375.jpg,1858,1870,12
16380.jpg,1858,1900,42
16385.jpg,1858,1900,42
16390.jpg,1858,1800,-58
16395.jpg,1858,1850,-8
16400.jpg,1858,1830,-28
16405.jpg,1858,1900,42
16410.jpg,1858,1830,-28
16415.jpg,1858,1880,22
16420.jpg,1858,1850,-8
16425.jpg,1858,1850,-8
16430.jpg,1858,1900,42
16435.jpg,1858,1900,42
16440.jpg,1858,1850,-8
16445.jpg,1858,1850,-8
16450.jpg,1858,1800,-58
16455.jpg,1858,1830,-28
16460.jpg,1858,1900,42
16465.jpg,1858,1850,-8
16470.jpg,1858,1850,-8
16475.jpg,1858,1800,-58
16480.jpg,1858,1900,42
16485.jpg,1858,1875,17
16490.jpg,1859,1750,-109
16495.jpg,1859,1880,21
16505.jpg,1859,1850,-9
16510.jpg,1859,1890,31
16515.jpg,1859,1890,31
16520.jpg,1859,1850,-9
16525.jpg,1859,1940,81
16530.jpg,1859,1850,-9
16535.jpg,1859,1830,-29
16540.jpg,1859,1820,-39
16545.jpg,1859,1850,-9
16550.jpg,1859,1850,-9
16555.jpg,1859,1850,-9
16560.jpg,1859,1850,-9
16565.jpg,1859,1800,-59
16570.jpg,1859,1850,-9
16575.jpg,1859,1890,31
16580.jpg,1859,1850,-9
16585.jpg,1859,1850,-9
16590.jpg,1859,1850,-9
16595.jpg,1859,1880,21
16600.jpg,1859,1850,-9
16605.jpg,1859,1890,31
16610.jpg,1859,1850,-9
16615.jpg,1859,1885,26
16620.jpg,1859,1850,-9
16625.jpg,1859,1940,81
16630.jpg,1859,1920,61
16635.jpg,1859,1880,21
16640.jpg,1859,1850,-9
16645.jpg,1859,1880,21
16650.jpg,1859,1865,6
16655.jpg,1859,1850,-9
16660.jpg,1859,1830,-29
16665.jpg,1859,1800,-59
16670.jpg,1859,1850,-9
16675.jpg,1859,1870,11
16680.jpg,1859,1850,-9
16685.jpg,1859,1890,31
16690.jpg,1859,1858,-1
16695.jpg,1859,1830,-29
16700.jpg,1859,1920,61
16705.jpg,1859,1850,-9
16710.jpg,1859,1880,21
16715.jpg,1859,1900,41
16720.jpg,1859,1870,11
16725.jpg,1859,1900,41
16730.jpg,1859,1900,41
16735.jpg,1860,1970,110
16740.jpg,1860,1890,30
16745.jpg,1860,1830,-30
16750.jpg,1860,1900,40
16755.jpg,1860,1890,30
16760.jpg,1860,1800,-60
16765.jpg,1860,1880,20
16770.jpg,1860,1850,-10
16775.jpg,1860,1950,90
16785.jpg,1860,1750,-110
16790.jpg,1860,1890,30
16795.jpg,1860,1820,-40
16800.jpg,1860,1850,-10
16805.jpg,1860,1890,30
16810.jpg,1860,1885,25
16815.jpg,1860,1900,40
16820.jpg,1860,1900,40
16825.jpg,1860,1800,-60
16830.jpg,1860,1870,10
16835.jpg,1860,1900,40
16840.jpg,1860,1750,-110
16845.jpg,1860,1880,20
16850.jpg,1860,1850,-10
16855.jpg,1860,1800,-60
16860.jpg,1860,1830,-30
16865.jpg,1860,1900,40
16870.jpg,1860,1830,-30
16875.jpg,1860,1850,-10
16880.jpg,1860,1830,-30
16885.jpg,1860,1830,-30
16890.jpg,1860,1800,-60
16895.jpg,1860,1850,-10
16900.jpg,1860,1900,40
16905.jpg,1860,1900,40
16910.jpg,1860,1900,40
16915.jpg,1860,1800,-60
16920.jpg,1860,1850,-10
16925.jpg,1860,1900,40
16930.jpg,1860,1890,30
16935.jpg,1860,1850,-10
16940.jpg,1860,1850,-10
16945.jpg,1860,1950,90
16950.jpg,1860,1870,10
16955.jpg,1860,1835,-25
16960.jpg,1860,1850,-10
16965.jpg,1860,1900,40
16970.jpg,1860,1900,40
16975.jpg,1860,1850,-10
16980.jpg,1860,1900,40
16985.jpg,1860,1900,40
16990.jpg,1860,100,-1760
16995.jpg,1860,1830,-30
17000.jpg,1860,1850,-10
17005.jpg,1861,1900,39
17010.jpg,1861,1900,39
17015.jpg,1861,1900,39
17025.jpg,1861,1850,-11
17030.jpg,1861,1800,-61
17035.jpg,1861,1812,-49
17040.jpg,1861,1900,39
17045.jpg,1861,1750,-111
17050.jpg,1861,1800,-61
17055.jpg,1861,1870,9
17060.jpg,1861,1880,19
17065.jpg,1861,1850,-11
17070.jpg,1861,1850,-11
17075.jpg,1861,1900,39
17080.jpg,1861,1850,-11
17085.jpg,1861,1900,39
17090.jpg,1861,1850,-11
17095.jpg,1861,1850,-11
17100.jpg,1861,1890,29
17105.jpg,1861,1850,-11
17110.jpg,1861,1850,-11
17115.jpg,1861,1800,-61
17120.jpg,1861,1875,14
17125.jpg,1861,1850,-11
17130.jpg,1861,1860,-1
17135.jpg,1861,1200,-661
17140.jpg,1861,1840,-21
17145.jpg,1861,1840,-21
17150.jpg,1861,1800,-61
17155.jpg,1861,1850,-11
17160.jpg,1861,1850,-11
17165.jpg,1861,1870,9
17170.jpg,1861,1900,39
17175.jpg,1862,1850,-12
17180.jpg,1862,1900,38
17185.jpg,1862,1860,-2
17190.jpg,1862,1850,-12
17195.jpg,1862,2000,138
17200.jpg,1862,1800,-62
17205.jpg,1862,1960,98
17210.jpg,1862,1800,-62
17215.jpg,1862,1870,8
17220.jpg,1862,1950,88
17225.jpg,1862,1830,-32
17230.jpg,1862,1900,38
17235.jpg,1862,1885,23
17240.jpg,1862,1850,-12
17245.jpg,1862,1850,-12
17250.jpg,1862,1800,-62
17255.jpg,1862,1900,38
17260.jpg,1862,1890,28
17265.jpg,1862,1800,-62
17270.jpg,1862,1900,38
17275.jpg,1862,1850,-12
17280.jpg,1862,1850,-12
17285.jpg,1862,1900,38
17290.jpg,1862,1900,38
17295.jpg,1862,1920,58
17300.jpg,1862,1900,38
17305.jpg,1862,1900,38
17310.jpg,1862,1970,108
17315.jpg,1862,1900,38
17320.jpg,1862,1870,8
17325.jpg,1863,1800,-63
17330.jpg,1863,1840,-23
17340.jpg,1863,1930,67
17345.jpg,1863,1900,37
17350.jpg,1863,1800,-63
17355.jpg,1863,1830,-33
17365.jpg,1863,1930,67
17370.jpg,1863,1950,87
17375.jpg,1863,1850,-13
17380.jpg,1863,1850,-13
17385.jpg,1863,1970,107
17390.jpg,1863,1850,-13
17395.jpg,1863,1850,-13
17400.jpg,1863,1950,87
17405.jpg,1863,1880,17
17410.jpg,1863,1830,-33
17415.jpg,1863,1900,37
17420.jpg,1863,1850,-13
17425.jpg,1863,1850,-13
17430.jpg,1863,1880,17
17435.jpg,1863,1960,97
17440.jpg,1863,1850,-13
17445.jpg,1863,1900,37
17450.jpg,1863,1900,37
17455.jpg,1863,1850,-13
17460.jpg,1863,1900,37
17465.jpg,1863,1900,37
17470.jpg,1863,1860,-3
17475.jpg,1863,1875,12
17480.jpg,1863,1830,-33
17485.jpg,1864,1920,56
17490.jpg,1864,1900,36
17495.jpg,1864,1850,-14
17500.jpg,1864,1975,111
17505.jpg,1864,1905,41
17510.jpg,1864,1880,16
17515.jpg,1864,1750,-114
17520.jpg,1864,1963,99
17525.jpg,1864,1900,36
17530.jpg,1864,1850,-14
17535.jpg,1864,2000,136
17540.jpg,1864,1850,-14
17545.jpg,1864,1850,-14
17550.jpg,1864,1800,-64
17555.jpg,1864,1870,6
17560.jpg,1864,1875,11
17565.jpg,1864,1850,-14
17575.jpg,1864,1860,-4
17580.jpg,1864,1850,-14
17585.jpg,1864,1870,6
17590.jpg,1864,1980,116
17595.jpg,1864,1880,16
17600.jpg,1864,1900,36
17605.jpg,1864,1850,-14
17610.jpg,1864,1890,26
17615.jpg,1864,1900,36
17620.jpg,1864,1800,-64
17625.jpg,1864,1900,36
17630.jpg,1864,1900,36
17635.jpg,1864,1920,56
17640.jpg,1864,1950,86
17645.jpg,1864,1900,36
17650.jpg,1864,1900,36
17655.jpg,1864,1850,-14
17660.jpg,1865,1870,5
17665.jpg,1865,1800,-65
17670.jpg,1865,1830,-35
17675.jpg,1865,1840,-25
17680.jpg,1865,1850,-15
17690.jpg,1865,1850,-15
17695.jpg,1865,1785,-80
17700.jpg,1865,1900,35
17705.jpg,1865,1830,-35
17710.jpg,1865,1900,35
17715.jpg,1865,1870,5
17720.jpg,1865,1930,65
17725.jpg,1865,1870,5
17730.jpg,1865,1850,-15
17735.jpg,1865,1800,-65
17745.jpg,1865,1860,-5
17750.jpg,1865,1860,-5
17755.jpg,1865,1830,-35
17760.jpg,1865,1830,-35
17765.jpg,1865,1890,25
17770.jpg,1865,1830,-35
17775.jpg,1865,1900,35
17780.jpg,1865,1850,-15
17785.jpg,1865,1800,-65
17790.jpg,1865,1980,115
17795.jpg,1865,1900,35
17800.jpg,1865,1830,-35
17805.jpg,1865,1900,35
17810.jpg,1865,1880,15
17815.jpg,1865,1880,15
17820.jpg,1865,2000,135
17825.jpg,1865,1850,-15
17830.jpg,1865,1890,25
17835.jpg,1865,1820,-45
17840.jpg,1865,1905,40
17845.jpg,1865,1880,15
17850.jpg,1865,1880,15
17855.jpg,1865,1850,-15
17860.jpg,1865,1850,-15
17865.jpg,1865,1850,-15
17870.jpg,1865,1885,20
17875.jpg,1865,1850,-15
17880.jpg,1865,1750,-115
17885.jpg,1865,1900,35
17890.jpg,1865,1800,-65
17895.jpg,1865,1900,35
17900.jpg,1865,1900,35
17905.jpg,1865,1830,-35
17910.jpg,1865,1750,-115
17915.jpg,1865,1870,5
17920.jpg,1865,1900,35
17930.jpg,1865,1870,5
17935.jpg,1866,1900,34
17940.jpg,1866,1860,-6
17945.jpg,1866,1850,-16
17950.jpg,1866,1880,14
17955.jpg,1866,1950,84
17960.jpg,1866,1850,-16
17965.jpg,1866,1900,34
17970.jpg,1866,1700,-166
17975.jpg,1866,1850,-16
17980.jpg,1866,1800,-66
17985.jpg,1866,1890,24
17990.jpg,1866,1850,-16
17995.jpg,1866,1850,-16
18000.jpg,1866,1900,34
18005.jpg,1866,1900,34
18010.jpg,1866,1890,24
18015.jpg,1866,1970,104
18020.jpg,1866,1900,34
18025.jpg,1866,1875,9
18030.jpg,1866,1850,-16
18035.jpg,1866,1890,24
18040.jpg,1866,1900,34
18045.jpg,1866,1850,-16
18050.jpg,1866,1760,-106
18055.jpg,1866,1900,34
18060.jpg,1866,1900,34
18065.jpg,1866,1850,-16
18070.jpg,1866,1880,14
18075.jpg,1866,1900,34
18080.jpg,1866,1830,-36
18085.jpg,1866,1850,-16
18090.jpg,1866,2000,134
18095.jpg,1866,1850,-16
18100.jpg,1866,1925,59
18105.jpg,1866,1930,64
18110.jpg,1866,1900,34
18115.jpg,1866,1870,4
18120.jpg,1866,1840,-26
18125.jpg,1866,1900,34
18130.jpg,1866,1900,34
18135.jpg,1867,1800,-67
18140.jpg,1867,1900,33
18145.jpg,1867,1900,33
18160.jpg,1867,1880,13
18165.jpg,1867,1820,-47
18170.jpg,1867,1850,-17
18175.jpg,1867,1850,-17
18180.jpg,1867,1900,33
18185.jpg,1867,1900,33
18190.jpg,1867,1850,-17
18195.jpg,1867,1980,113
18200.jpg,1867,1950,83
18205.jpg,1867,1850,-17
18210.jpg,1867,1940,73
18215.jpg,1867,1850,-17
18220.jpg,1867,1900,33
18225.jpg,1867,1850,-17
18230.jpg,1867,1850,-17
18235.jpg,1867,1850,-17
18240.jpg,1867,1850,-17
18245.jpg,1867,1850,-17
18250.jpg,1867,1890,23
18255.jpg,1867,1900,33
18260.jpg,1867,1850,-17
18265.jpg,1867,1850,-17
18270.jpg,1867,1900,33
18275.jpg,1867,1800,-67
18280.jpg,1867,1860,-7
18285.jpg,1867,1900,33
18290.jpg,1867,1870,3
18295.jpg,1867,1830,-37
18300.jpg,1867,1900,33
18305.jpg,1867,1830,-37
18310.jpg,1867,1870,3
18315.jpg,1867,1850,-17
18320.jpg,1867,1850,-17
18325.jpg,1867,1830,-37
18330.jpg,1867,1870,3
18335.jpg,1867,1900,33
18340.jpg,1867,1900,33
18345.jpg,1867,1900,33
18350.jpg,1867,1200,-667
18355.jpg,1867,1850,-17
18360.jpg,1867,1900,33
18365.jpg,1868,1870,2
18370.jpg,1868,1800,-68
18380.jpg,1868,1900,32
18385.jpg,1868,1890,22
18390.jpg,1868,1900,32
18395.jpg,1868,1905,37
18400.jpg,1868,1900,32
18405.jpg,1868,1900,32
18410.jpg,1868,1800,-68
18415.jpg,1868,1750,-118
18420.jpg,1868,1830,-38
18425.jpg,1868,1860,-8
18430.jpg,1868,2000,132
18450.jpg,1868,1850,-18
18455.jpg,1868,1800,-68
18460.jpg,1868,1875,7
18465.jpg,1868,1885,17
18470.jpg,1868,1870,2
18475.jpg,1868,1900,32
18480.jpg,1868,1850,-18
18485.jpg,1868,1870,2
18490.jpg,1868,1850,-18
18495.jpg,1868,1900,32
18500.jpg,1868,1900,32
18505.jpg,1868,1875,7
18510.jpg,1868,1875,7
18515.jpg,1868,1830,-38
18520.jpg,1868,1800,-68
18525.jpg,1868,1890,22
18530.jpg,1868,1900,32
18535.jpg,1868,1850,-18
18540.jpg,1868,1830,-38
18545.jpg,1868,1850,-18
18550.jpg,1868,1850,-18
18555.jpg,1868,1900,32
18560.jpg,1868,1830,-38
18565.jpg,1868,1895,27
18570.jpg,1868,1875,7
18575.jpg,1868,1890,22
18580.jpg,1868,1995,127
18585.jpg,1868,1975,107
18590.jpg,1868,1900,32
18595.jpg,1868,1800,-68
18600.jpg,1868,1900,32
18605.jpg,1868,1900,32
18610.jpg,1868,1850,-18
18615.jpg,1868,1890,22
18620.jpg,1869,1750,-119
18625.jpg,1869,1868,-1
18630.jpg,1869,1830,-39
18635.jpg,1869,1900,31
18640.jpg,1869,1880,11
18645.jpg,1869,1850,-19
18650.jpg,1869,1800,-69
18655.jpg,1869,1800,-69
18660.jpg,1869,1850,-19
18665.jpg,1869,1870,1
18670.jpg,1869,1890,21
18675.jpg,1869,1930,61
18680.jpg,1869,1850,-19
18685.jpg,1869,1875,6
18690.jpg,1869,1860,-9
18695.jpg,1869,1880,11
18700.jpg,1869,1870,1
18710.jpg,1869,1890,21
18715.jpg,1869,1900,31
18720.jpg,1869,1875,6
18725.jpg,1869,1900,31
18730.jpg,1869,1880,11
18735.jpg,1869,1900,31
18740.jpg,1869,1900,31
18745.jpg,1869,1900,31
18750.jpg,1869,1870,1
18755.jpg,1869,1850,-19
18760.jpg,1869,1880,11
18765.jpg,1869,1825,-44
18770.jpg,1869,1900,31
18775.jpg,1869,1880,11
18780.jpg,1869,1880,11
18785.jpg,1869,1850,-19
18790.jpg,1869,1900,31
18795.jpg,1869,1850,-19
18800.jpg,1869,1750,-119
18805.jpg,1869,1900,31
18810.jpg,1869,1890,21
18815.jpg,1869,1900,31
18820.jpg,1869,1890,21
18825.jpg,1869,1860,-9
18830.jpg,1869,1900,31
18835.jpg,1869,1950,81
18840.jpg,1870,1800,-70
18845.jpg,1870,1870,0
18850.jpg,1870,1880,10
18855.jpg,1870,1900,30
18860.jpg,1870,1900,30
18865.jpg,1870,1860,-10
18870.jpg,1870,1900,30
18875.jpg,1870,2000,130
18880.jpg,1870,1950,80
18885.jpg,1870,1800,-70
18895.jpg,1870,1870,0
18900.jpg,1870,1880,10
18905.jpg,1870,1820,-50
18910.jpg,1870,1890,20
18915.jpg,1870,1850,-20
18920.jpg,1870,1900,30
18925.jpg,1870,1850,-20
18930.jpg,1870,1900,30
18935.jpg,1870,1800,-70
18940.jpg,1870,1890,20
18945.jpg,1870,1985,115
18950.jpg,1870,1830,-40
18955.jpg,1870,1900,30
18960.jpg,1870,1880,10
18965.jpg,1870,1850,-20
18970.jpg,1870,1865,-5
18980.jpg,1870,1900,30
18985.jpg,1870,1850,-20
18990.jpg,1870,1900,30
18995.jpg,1870,1880,10
19000.jpg,1870,1850,-20
19005.jpg,1870,1850,-20
19010.jpg,1870,1875,5
19015.jpg,1870,1880,10
19020.jpg,1870,1900,30
19025.jpg,1870,1875,5
19030.jpg,1870,1900,30
19035.jpg,1870,1860,-10
19040.jpg,1870,1820,-50
19045.jpg,1870,1800,-70
19050.jpg,1870,1890,20
19055.jpg,1870,1890,20
19060.jpg,1870,1890,20
19065.jpg,1870,1890,20
19070.jpg,1870,1920,50
19075.jpg,1870,1850,-20
19080.jpg,1870,1930,60
19085.jpg,1870,1870,0
19090.jpg,1870,1850,-20
19100.jpg,1870,1975,105
19105.jpg,1870,1900,30
19110.jpg,1870,1920,50
19115.jpg,1870,1850,-20
19120.jpg,1870,1900,30
19125.jpg,1870,1950,80
19130.jpg,1870,1800,-70
19135.jpg,1870,1800,-70
19140.jpg,1870,1900,30
19145.jpg,1871,1650,-221
19150.jpg,1871,1900,29
19155.jpg,1871,1850,-21
19160.jpg,1871,1890,19
19165.jpg,1871,1900,29
19170.jpg,1871,1880,9
19175.jpg,1871,1920,49
19180.jpg,1871,1900,29
19185.jpg,1871,1890,19
19190.jpg,1871,1900,29
19195.jpg,1871,1850,-21
19200.jpg,1871,1860,-11
19205.jpg,1871,1960,89
19210.jpg,1871,1980,109
19215.jpg,1871,1940,69
19220.jpg,1871,1975,104
19225.jpg,1871,1850,-21
19230.jpg,1871,1850,-21
19235.jpg,1871,1875,4
19240.jpg,1871,1975,104
19245.jpg,1871,1885,14
19250.jpg,1871,1880,9
19255.jpg,1871,1850,-21
19260.jpg,1871,1900,29
19265.jpg,1871,1900,29
19270.jpg,1871,1870,-1
19275.jpg,1871,1880,9
19280.jpg,1871,1900,29
19285.jpg,1871,1900,29
19290.jpg,1871,1850,-21
19295.jpg,1871,1850,-21
19300.jpg,1871,1850,-21
19305.jpg,1871,1960,89
19310.jpg,1871,1900,29
19315.jpg,1871,1850,-21
19320.jpg,1871,1875,4
19325.jpg,1871,1870,-1
19330.jpg,1871,1880,9
19335.jpg,1871,1885,14
19340.jpg,1871,1885,14
19345.jpg,1871,1880,9
19350.jpg,1871,1800,-71
19355.jpg,1871,1870,-1
19360.jpg,1871,1900,29
19365.jpg,1871,1900,29
19370.jpg,1871,2000,129
19375.jpg,1871,1900,29
19380.jpg,1871,1905,34
19385.jpg,1871,1885,14
19390.jpg,1871,1890,19
19395.jpg,1872,1900,28
19400.jpg,1872,1900,28
19405.jpg,1872,1900,28
19410.jpg,1872,1850,-22
19415.jpg,1872,1800,-72
19420.jpg,1872,1850,-22
19425.jpg,1872,1940,68
19430.jpg,1872,1910,38
19435.jpg,1872,1900,28
19440.jpg,1872,1870,-2
19445.jpg,1872,1900,28
19450.jpg,1872,1800,-72
19455.jpg,1872,1850,-22
19460.jpg,1872,1850,-22
19465.jpg,1872,1890,18
19470.jpg,1872,1900,28
19475.jpg,1872,1880,8
19480.jpg,1872,1850,-22
19485.jpg,1872,1890,18
19490.jpg,1872,1850,-22
19495.jpg,1872,1850,-22
19500.jpg,1872,1850,-22
19505.jpg,1872,1850,-22
19510.jpg,1872,1880,8
19515.jpg,1872,1900,28
19520.jpg,1872,1920,48
19525.jpg,1872,1850,-22
19530.jpg,1872,1870,-2
19535.jpg,1872,1890,18
19540.jpg,1872,1950,78
19545.jpg,1872,1880,8
19550.jpg,1872,1880,8
19555.jpg,1872,1870,-2
19560.jpg,1872,1875,3
19565.jpg,1872,1800,-72
19570.jpg,1872,1885,13
19575.jpg,1872,1900,28
19580.jpg,1872,1880,8
19585.jpg,1872,1800,-72
19590.jpg,1872,1750,-122
19595.jpg,1872,1900,28
19600.jpg,1872,1850,-22
19605.jpg,1872,1870,-2
19610.jpg,1872,1900,28
19615.jpg,1872,1880,8
19620.jpg,1872,1880,8
19625.jpg,1872,1850,-22
19630.jpg,1872,1900,28
19635.jpg,1872,1880,8
19640.jpg,1872,1880,8
19645.jpg,1872,1890,18
19655.jpg,1873,1650,-223
19660.jpg,1873,1900,27
19665.jpg,1873,1910,37
19670.jpg,1873,1900,27
19675.jpg,1873,1820,-53
19680.jpg,1873,1850,-23
19685.jpg,1873,1900,27
19690.jpg,1873,1750,-123
19695.jpg,1873,1900,27
19700.jpg,1873,1850,-23
19705.jpg,1873,1905,32
19710.jpg,1873,1850,-23
19715.jpg,1873,1900,27
19720.jpg,1873,1900,27
19725.jpg,1873,1900,27
19730.jpg,1873,1830,-43
19735.jpg,1873,1850,-23
19740.jpg,1873,1990,117
19745.jpg,1873,1800,-73
19750.jpg,1873,1825,-48
19755.jpg,1873,1850,-23
19760.jpg,1873,1900,27
19765.jpg,1873,1900,27
19775.jpg,1873,1900,27
19780.jpg,1873,1880,7
19785.jpg,1873,1900,27
19790.jpg,1873,1880,7
19795.jpg,1873,1890,17
19800.jpg,1873,1800,-73
19805.jpg,1873,1840,-33
19810.jpg,1873,1900,27
19815.jpg,1873,1880,7
19820.jpg,1873,1890,17
19825.jpg,1873,1870,-3
19830.jpg,1873,1880,7
19835.jpg,1873,1850,-23
19840.jpg,1873,1835,-38
19845.jpg,1873,1980,107
19850.jpg,1873,1880,7
19855.jpg,1873,1850,-23
19860.jpg,1873,1875,2
19865.jpg,1873,1890,17
19870.jpg,1873,1850,-23
19875.jpg,1873,1930,57
19880.jpg,1873,1900,27
19885.jpg,1873,1870,-3
19890.jpg,1873,1850,-23
19895.jpg,1873,1950,77
19900.jpg,1873,1900,27
19905.jpg,1873,1750,-123
19910.jpg,1873,2000,127
19915.jpg,1874,1870,-4
19920.jpg,1874,1900,26
19925.jpg,1874,1880,6
19930.jpg,1874,1900,26
19935.jpg,1874,1900,26
19945.jpg,1874,1850,-24
19950.jpg,1874,1880,6
19955.jpg,1874,1900,26
19965.jpg,1874,1900,26
19970.jpg,1874,1855,-19
19975.jpg,1874,1870,-4
19980.jpg,1874,1900,26
19985.jpg,1874,1900,26
19990.jpg,1874,1935,61
19995.jpg,1874,1900,26
20000.jpg,1874,1970,96
20005.jpg,1874,1950,76
20010.jpg,1874,1930,56
20015.jpg,1874,1850,-24
20020.jpg,1874,1890,16
20025.jpg,1874,1850,-24
20030.jpg,1874,1890,16
20035.jpg,1874,1975,101
20040.jpg,1874,1870,-4
20045.jpg,1874,1950,76
20050.jpg,1874,1850,-24
20055.jpg,1874,1900,26
20060.jpg,1874,1885,11
20065.jpg,1874,1870,-4
20070.jpg,1874,1890,16
20075.jpg,1874,1890,16
20080.jpg,1874,1825,-49
20085.jpg,1874,1880,6
20090.jpg,1874,1830,-44
20095.jpg,1874,1830,-44
20100.jpg,1874,1890,16
20110.jpg,1874,1880,6
20115.jpg,1874,1875,1
20120.jpg,1874,1885,11
20125.jpg,1874,1800,-74
20130.jpg,1874,1750,-124
20135.jpg,1874,1900,26
20145.jpg,1874,1900,26
20150.jpg,1874,1905,31
20155.jpg,1874,1900,26
20160.jpg,1874,1930,56
20165.jpg,1874,1885,11
20170.jpg,1874,1890,16
20175.jpg,1874,1900,26
20180.jpg,1874,1750,-124
20185.jpg,1874,1870,-4
20190.jpg,1874,1800,-74
20195.jpg,1874,1900,26
20205.jpg,1874,1850,-24
20210.jpg,1875,1900,25
20215.jpg,1875,1950,75
20220.jpg,1875,1850,-25
20230.jpg,1875,1880,5
20235.jpg,1875,1850,-25
20240.jpg,1875,1900,25
20245.jpg,1875,1800,-75
20250.jpg,1875,1920,45
20255.jpg,1875,1900,25
20260.jpg,1875,1880,5
20265.jpg,1875,1900,25
20270.jpg,1875,1900,25
20275.jpg,1875,1850,-25
20280.jpg,1875,1900,25
20285.jpg,1875,1850,-25
20295.jpg,1875,1850,-25
20300.jpg,1875,1850,-25
20305.jpg,1875,1800,-75
20310.jpg,1875,1850,-25
20315.jpg,1875,1900,25
20320.jpg,1875,1850,-25
20325.jpg,1875,1850,-25
20330.jpg,1875,1880,5
20335.jpg,1875,1870,-5
20340.jpg,1875,1905,30
20345.jpg,1875,1870,-5
20350.jpg,1875,1900,25
20355.jpg,1875,1830,-45
20360.jpg,1875,1885,10
20365.jpg,1875,1890,15
20370.jpg,1875,1860,-15
20375.jpg,1875,1860,-15
20380.jpg,1875,1875,0
20385.jpg,1875,1800,-75
20390.jpg,1875,1850,-25
20395.jpg,1875,1860,-15
20400.jpg,1875,1900,25
20405.jpg,1875,1870,-5
20410.jpg,1875,1900,25
20415.jpg,1875,1830,-45
20420.jpg,1875,1830,-45
20425.jpg,1875,1900,25
20430.jpg,1875,1900,25
20435.jpg,1875,1234,-641
20440.jpg,1875,1850,-25
20445.jpg,1875,1830,-45
20450.jpg,1875,1875,0
20455.jpg,1875,1840,-35
20460.jpg,1875,1900,25
20465.jpg,1875,1900,25
20470.jpg,1875,1820,-55
20480.jpg,1875,1900,25
20485.jpg,1875,1900,25
20490.jpg,1875,1800,-75
20495.jpg,1875,1880,5
20500.jpg,1876,1750,-126
20505.jpg,1876,1950,74
20510.jpg,1876,1850,-26
20515.jpg,1876,1860,-16
20520.jpg,1876,1890,14
20525.jpg,1876,1500,-376
20530.jpg,1876,1900,24
20540.jpg,1876,2000,124
20545.jpg,1876,1900,24
20550.jpg,1876,1900,24
20555.jpg,1876,1900,24
20560.jpg,1876,1750,-126
20565.jpg,1876,1970,94
20570.jpg,1876,1870,-6
20575.jpg,1876,1850,-26
20580.jpg,1876,1900,24
20585.jpg,1876,1890,14
20590.jpg,1876,1850,-26
20595.jpg,1876,1905,29
20600.jpg,1876,1890,14
20605.jpg,1876,1850,-26
20610.jpg,1876,1900,24
20615.jpg,1876,1880,4
20620.jpg,1876,1850,-26
20625.jpg,1876,1850,-26
20630.jpg,1876,1900,24
20635.jpg,1876,1875,-1
20640.jpg,1876,1970,94
20645.jpg,1876,1890,14
20650.jpg,1876,1890,14
20655.jpg,1876,1880,4
20660.jpg,1876,1880,4
20665.jpg,1876,1890,14
20670.jpg,1876,1890,14
20675.jpg,1876,1740,-136
20680.jpg,1876,1900,24
20685.jpg,1876,1890,14
20690.jpg,1876,1865,-11
20695.jpg,1876,1900,24
20700.jpg,1876,1900,24
20705.jpg,1876,1900,24
20715.jpg,1876,1890,14
20720.jpg,1876,1850,-26
20725.jpg,1876,1900,24
20730.jpg,1877,1875,-2
20735.jpg,1877,1860,-17
20740.jpg,1877,1900,23
20745.jpg,1877,1850,-27
20750.jpg,1877,1940,63
20755.jpg,1877,1895,18
20760.jpg,1877,1920,43
20765.jpg,1877,1800,-77
20770.jpg,1877,1930,53
20775.jpg,1877,1820,-57
20780.jpg,1877,1950,73
20785.jpg,1877,1850,-27
20790.jpg,1877,1900,23
20795.jpg,1877,1850,-27
20800.jpg,1877,1905,28
20805.jpg,1877,1850,-27
20810.jpg,1877,1880,3
20815.jpg,1877,1850,-27
20820.jpg,1877,1900,23
20830.jpg,1877,1890,13
20835.jpg,1877,1870,-7
20840.jpg,1877,1885,8
20845.jpg,1877,1850,-27
20850.jpg,1877,1880,3
20855.jpg,1877,1975,98
20860.jpg,1877,1900,23
20865.jpg,1877,1900,23
20870.jpg,1877,1900,23
20875.jpg,1877,1890,13
20880.jpg,1877,1880,3
20885.jpg,1877,1885,8
20890.jpg,1877,1850,-27
20895.jpg,1877,1750,-127
20900.jpg,1877,1870,-7
20905.jpg,1877,1890,13
20910.jpg,1877,1880,3
20915.jpg,1877,1880,3
20925.jpg,1878,1900,22
20930.jpg,1878,1940,62
20935.jpg,1878,1880,2
20940.jpg,1878,1850,-28
20945.jpg,1878,1900,22
20950.jpg,1878,1905,27
20955.jpg,1878,1900,22
20960.jpg,1878,1850,-28
20965.jpg,1878,1970,92
20970.jpg,1878,1890,12
20975.jpg,1878,1900,22
20980.jpg,1878,1850,-28
20985.jpg,1878,1800,-78
20990.jpg,1878,1900,22
20995.jpg,1878,1850,-28
21000.jpg,1878,1885,7
21005.jpg,1878,1880,2
21010.jpg,1878,1875,-3
21015.jpg,1878,1880,2
21020.jpg,1878,1800,-78
21025.jpg,1878,1885,7
21030.jpg,1878,1880,2
21035.jpg,1878,1850,-28
21040.jpg,1878,1880,2
21045.jpg,1878,1870,-8
21050.jpg,1878,1875,-3
21055.jpg,1878,1890,12
21060.jpg,1878,1800,-78
21065.jpg,1878,1890,12
21070.jpg,1878,1890,12
21075.jpg,1878,1850,-28
21080.jpg,1878,1890,12
21085.jpg,1878,1890,12
21090.jpg,1878,1945,67
21095.jpg,1878,1885,7
21100.jpg,1878,1890,12
21105.jpg,1878,1885,7
21110.jpg,1878,1890,12
21115.jpg,1878,1850,-28
21120.jpg,1878,1900,22
21125.jpg,1878,2015,137
21130.jpg,1878,1900,22
21135.jpg,1878,1920,42
21140.jpg,1878,1900,22
21145.jpg,1878,1905,27
21150.jpg,1878,1750,-128
21155.jpg,1878,1920,42
21160.jpg,1879,1970,91
21165.jpg,1879,1890,11
21170.jpg,1879,1900,21
21175.jpg,1879,1900,21
21180.jpg,1879,1900,21
21185.jpg,1879,1925,46
21190.jpg,1879,1880,1
21195.jpg,1879,1900,21
21200.jpg,1879,1889,10
21205.jpg,1879,1900,21
21210.jpg,1879,1900,21
21215.jpg,1879,1900,21
21220.jpg,1879,1800,-79
21225.jpg,1879,1970,91
21230.jpg,1879,1850,-29
21235.jpg,1879,1980,101
21240.jpg,1879,1900,21
21245.jpg,1879,1850,-29
21250.jpg,1879,1870,-9
21255.jpg,1879,1890,11
21260.jpg,1879,1900,21
21265.jpg,1879,1885,6
21270.jpg,1879,1830,-49
21275.jpg,1879,1850,-29
21280.jpg,1879,1900,21
21285.jpg,1879,1930,51
21290.jpg,1879,1885,6
21295.jpg,1879,1890,11
21300.jpg,1879,1885,6
21305.jpg,1879,1850,-29
21310.jpg,1879,1850,-29
21315.jpg,1879,1900,21
21320.jpg,1879,1850,-29
21325.jpg,1879,1900,21
21330.jpg,1879,1900,21
21335.jpg,1879,1850,-29
21340.jpg,1879,1920,41
21350.jpg,1879,1900,21
21355.jpg,1879,1975,96
21360.jpg,1879,1880,1
21365.jpg,1879,1945,66
21370.jpg,1879,1900,21
21375.jpg,1880,1750,-130
21380.jpg,1880,1900,20
21385.jpg,1880,1920,40
21390.jpg,1880,1830,-50
21395.jpg,1880,1900,20
21400.jpg,1880,1900,20
21405.jpg,1880,1850,-30
21410.jpg,1880,1900,20
21415.jpg,1880,1900,20
21420.jpg,1880,1850,-30
21425.jpg,1880,1900,20
21430.jpg,1880,1850,-30
21435.jpg,1880,1890,10
21440.jpg,1880,1900,20
21445.jpg,1880,1900,20
21450.jpg,1880,1800,-80
21455.jpg,1880,1850,-30
21460.jpg,1880,1890,10
21465.jpg,1880,1900,20
21470.jpg,1880,1850,-30
21475.jpg,1880,1900,20
21480.jpg,1880,1890,10
21485.jpg,1880,1850,-30
21490.jpg,1880,1890,10
21495.jpg,1880,1850,-30
21500.jpg,1880,1850,-30
21505.jpg,1880,1900,20
21510.jpg,1880,1920,40
21515.jpg,1880,1850,-30
21520.jpg,1880,1800,-80
21530.jpg,1880,1900,20
21535.jpg,1880,1900,20
21540.jpg,1880,1900,20
21545.jpg,1880,1890,10
21550.jpg,1880,1880,0
21555.jpg,1880,1890,10
21560.jpg,1880,1880,0
21565.jpg,1880,1850,-30
21570.jpg,1880,1800,-80
21575.jpg,1880,1950,70
21580.jpg,1880,1860,-20
21585.jpg,1880,1880,0
21590.jpg,1880,1900,20
21595.jpg,1880,1900,20
21600.jpg,1880,1875,-5
21605.jpg,1880,1905,25
21610.jpg,1880,1885,5
21615.jpg,1880,1880,0
21620.jpg,1880,1880,0
21625.jpg,1880,1890,10
21630.jpg,1880,1890,10
21635.jpg,1880,1850,-30
21640.jpg,1880,1880,0
21645.jpg,1880,1900,20
21650.jpg,1880,1900,20
21655.jpg,1880,1885,5
21660.jpg,1880,1900,20
21665.jpg,1880,1870,-10
21670.jpg,1880,1900,20
21675.jpg,1880,1900,20
21680.jpg,1880,1900,20
21685.jpg,1880,1750,-130
21690.jpg,1880,1905,25
21695.jpg,1880,1900,20
21700.jpg,1880,1910,30
21705.jpg,1880,1830,-50
21710.jpg,1881,1900,19
21715.jpg,1881,1920,39
21720.jpg,1881,1950,69
21725.jpg,1881,1880,-1
21730.jpg,1881,1900,19
21735.jpg,1881,1975,94
21740.jpg,1881,1900,19
21745.jpg,1881,1905,24
21750.jpg,1881,1900,19
21755.jpg,1881,1940,59
21760.jpg,1881,1900,19
21770.jpg,1881,1890,9
21775.jpg,1881,1850,-31
21780.jpg,1881,1900,19
21785.jpg,1881,1850,-31
21790.jpg,1881,1870,-11
21795.jpg,1881,1900,19
21800.jpg,1881,1895,14
21805.jpg,1881,1850,-31
21810.jpg,1881,1900,19
21815.jpg,1881,1880,-1
21820.jpg,1881,1920,39
21825.jpg,1881,1880,-1
21830.jpg,1881,1850,-31
21835.jpg,1881,1875,-6
21840.jpg,1881,1870,-11
21845.jpg,1881,1975,94
21850.jpg,1881,1900,19
21855.jpg,1881,1890,9
21860.jpg,1881,1865,-16
21865.jpg,1881,1885,4
21870.jpg,1881,1900,19
21875.jpg,1881,1890,9
21880.jpg,1881,1880,-1
21885.jpg,1881,1850,-31
21890.jpg,1881,1920,39
21895.jpg,1881,1900,19
21900.jpg,1881,1875,-6
21905.jpg,1881,1900,19
21910.jpg,1881,1885,4
21915.jpg,1881,1880,-1
21920.jpg,1881,1880,-1
21925.jpg,1881,1940,59
21930.jpg,1881,1800,-81
21940.jpg,1881,1800,-81
21945.jpg,1882,1750,-132
21950.jpg,1882,1905,23
21955.jpg,1882,1900,18
21960.jpg,1882,1850,-32
21965.jpg,1882,1930,48
21970.jpg,1882,1890,8
21975.jpg,1882,1880,-2
21980.jpg,1882,1900,18
21985.jpg,1882,1800,-82
21990.jpg,1882,1880,-2
21995.jpg,1882,1900,18
22000.jpg,1882,1905,23
22005.jpg,1882,1850,-32
22010.jpg,1882,1830,-52
22015.jpg,1882,1850,-32
22020.jpg,1882,1850,-32
22025.jpg,1882,1900,18
22030.jpg,1882,1850,-32
22035.jpg,1882,1850,-32
22040.jpg,1882,1880,-2
22045.jpg,1882,1890,8
22050.jpg,1882,1980,98
22055.jpg,1882,1870,-12
22060.jpg,1882,1880,-2
22065.jpg,1882,1840,-42
22070.jpg,1882,1900,18
22075.jpg,1882,1900,18
22080.jpg,1882,1880,-2
22085.jpg,1882,1905,23
22090.jpg,1882,1890,8
22095.jpg,1882,1850,-32
22100.jpg,1882,1920,38
22105.jpg,1882,1880,-2
22110.jpg,1882,1900,18
22115.jpg,1882,1885,3
22120.jpg,1882,1870,-12
22125.jpg,1882,1900,18
22130.jpg,1882,1890,8
22135.jpg,1882,1865,-17
22140.jpg,1882,1730,-152
22145.jpg,1882,1975,93
22150.jpg,1882,1945,63
22155.jpg,1882,1973,91
22160.jpg,1882,1900,18
22165.jpg,1882,1880,-2
22170.jpg,1882,1850,-32
22175.jpg,1882,1800,-82
22180.jpg,1882,1900,18
22185.jpg,1882,1850,-32
22190.jpg,1882,1950,68
22195.jpg,1882,1880,-2
22200.jpg,1882,1900,18
22205.jpg,1882,1850,-32
22210.jpg,1882,1880,-2
22215.jpg,1883,1800,-83
22220.jpg,1883,1900,17
22225.jpg,1883,1900,17
22230.jpg,1883,1900,17
22235.jpg,1883,1900,17
22240.jpg,1883,1850,-33
22245.jpg,1883,1900,17
22250.jpg,1883,1870,-13
22255.jpg,1883,1850,-33
22260.jpg,1883,1890,7
22265.jpg,1883,1880,-3
22270.jpg,1883,1930,47
22275.jpg,1883,1900,17
22280.jpg,1883,1850,-33
22285.jpg,1883,1800,-83
22290.jpg,1883,1800,-83
22295.jpg,1883,1890,7
22300.jpg,1883,1950,67
22305.jpg,1883,1940,57
22310.jpg,1883,1850,-33
22315.jpg,1883,1850,-33
22320.jpg,1883,1890,7
22325.jpg,1883,1885,2
22330.jpg,1883,1880,-3
22335.jpg,1883,1890,7
22340.jpg,1883,1885,2
22345.jpg,1883,1885,2
22350.jpg,1883,1880,-3
22355.jpg,1883,1900,17
22360.jpg,1883,1890,7
22365.jpg,1883,1920,37
22370.jpg,1883,1880,-3
22375.jpg,1883,1900,17
22380.jpg,1883,1905,22
22385.jpg,1883,1905,22
22390.jpg,1883,1910,27
22395.jpg,1883,1900,17
22400.jpg,1883,1885,2
22405.jpg,1883,1900,17
22410.jpg,1883,1885,2
22415.jpg,1883,1830,-53
22420.jpg,1883,1930,47
22425.jpg,1883,1885,2
22430.jpg,1883,1900,17
22435.jpg,1883,1880,-3
22440.jpg,1883,1850,-33
22445.jpg,1883,1890,7
22450.jpg,1883,1860,-23
22455.jpg,1883,1890,7
22460.jpg,1883,1920,37
22465.jpg,1883,1900,17
22470.jpg,1883,1850,-33
22475.jpg,1883,1875,-8
22485.jpg,1883,1920,37
22490.jpg,1883,1905,22
22495.jpg,1883,1900,17
22500.jpg,1883,1950,67
22505.jpg,1883,1870,-13
22510.jpg,1884,1900,16
22515.jpg,1884,1840,-44
22520.jpg,1884,1885,1
22525.jpg,1884,1900,16
22530.jpg,1884,1870,-14
22535.jpg,1884,1900,16
22540.jpg,1884,1900,16
22545.jpg,1884,1880,-4
22550.jpg,1884,1900,16
22555.jpg,1884,1920,36
22560.jpg,1884,1900,16
22565.jpg,1884,1850,-34
22570.jpg,1884,1990,106
22575.jpg,1884,1880,-4
22580.jpg,1884,1930,46
22585.jpg,1884,1880,-4
22590.jpg,1884,1890,6
22595.jpg,1884,1880,-4
22600.jpg,1884,1880,-4
22605.jpg,1884,1900,16
22610.jpg,1884,1890,6
22615.jpg,1884,1885,1
22620.jpg,1884,1890,6
22625.jpg,1884,1850,-34
22630.jpg,1884,1890,6
22635.jpg,1884,1900,16
22640.jpg,1884,1850,-34
22645.jpg,1884,1950,66
22650.jpg,1884,1900,16
22655.jpg,1884,1870,-14
22665.jpg,1884,1930,46
22670.jpg,1884,1870,-14
22675.jpg,1884,1890,6
22680.jpg,1884,2005,121
22685.jpg,1884,1900,16
22690.jpg,1884,1905,21
22695.jpg,1884,1905,21
22700.jpg,1884,1890,6
22705.jpg,1884,1885,1
22710.jpg,1884,1950,66
22715.jpg,1884,1870,-14
22720.jpg,1884,1830,-54
22730.jpg,1884,1900,16
22735.jpg,1884,1900,16
22740.jpg,1884,1980,96
22745.jpg,1884,1890,6
22750.jpg,1884,1890,6
22755.jpg,1884,1850,-34
22760.jpg,1884,1880,-4
22765.jpg,1884,1900,16
22770.jpg,1884,1890,6
22775.jpg,1884,1890,6
22780.jpg,1885,1900,15
22785.jpg,1885,1900,15
22790.jpg,1885,1870,-15
22795.jpg,1885,1830,-55
22800.jpg,1885,1830,-55
22805.jpg,1885,1905,20
22810.jpg,1885,1905,20
22815.jpg,1885,1875,-10
22820.jpg,1885,1890,5
22825.jpg,1885,1950,65
22830.jpg,1885,1800,-85
22835.jpg,1885,1900,15
22840.jpg,1885,1900,15
22850.jpg,1885,1905,20
22855.jpg,1885,1975,90
22860.jpg,1885,1875,-10
22865.jpg,1885,1900,15
22870.jpg,1885,1900,15
22875.jpg,1885,1885,0
22880.jpg,1885,1905,20
22885.jpg,1885,1890,5
22890.jpg,1885,1960,75
22895.jpg,1885,1905,20
22900.jpg,1885,1900,15
22905.jpg,1885,1890,5
22910.jpg,1885,1850,-35
22915.jpg,1885,1905,20
22920.jpg,1885,1902,17
22925.jpg,1885,1880,-5
22930.jpg,1885,1920,35
22935.jpg,1885,1875,-10
22940.jpg,1885,1900,15
22945.jpg,1885,1900,15
22950.jpg,1885,1900,15
22955.jpg,1885,1890,5
22960.jpg,1885,1970,85
22965.jpg,1885,1890,5
22970.jpg,1885,1900,15
22975.jpg,1885,1905,20
22980.jpg,1885,1905,20
22985.jpg,1885,1870,-15
22990.jpg,1885,1890,5
22995.jpg,1885,1880,-5
23000.jpg,1885,1850,-35
23005.jpg,1885,1880,-5
23015.jpg,1885,1840,-45
23020.jpg,1885,1900,15
23025.jpg,1885,1900,15
23030.jpg,1885,2005,120
23035.jpg,1885,1890,5
23040.jpg,1885,1900,15
23045.jpg,1885,1850,-35
23050.jpg,1885,1940,55
23055.jpg,1885,1900,15
23060.jpg,1885,1900,15
23065.jpg,1885,1900,15
23070.jpg,1885,1900,15
23075.jpg,1885,1975,90
23080.jpg,1885,1905,20
23085.jpg,1886,1900,14
23090.jpg,1886,1890,4
23095.jpg,1886,1880,-6
23100.jpg,1886,1905,19
23105.jpg,1886,1900,14
23110.jpg,1886,1940,54
23115.jpg,1886,1830,-56
23120.jpg,1886,1830,-56
23125.jpg,1886,1980,94
23130.jpg,1886,1975,89
23135.jpg,1886,1950,64
23140.jpg,1886,1970,84
23145.jpg,1886,1850,-36
23150.jpg,1886,1850,-36
23155.jpg,1886,1850,-36
23160.jpg,1886,1880,-6
23165.jpg,1886,1940,54
23170.jpg,1886,1885,-1
23175.jpg,1886,1920,34
23180.jpg,1886,1890,4
23185.jpg,1886,1900,14
23190.jpg,1886,1880,-6
23195.jpg,1886,1885,-1
23200.jpg,1886,1900,14
23205.jpg,1886,1890,4
23210.jpg,1886,1900,14
23215.jpg,1886,1880,-6
23220.jpg,1886,1890,4
23225.jpg,1886,1905,19
23230.jpg,1886,1885,-1
23235.jpg,1886,1890,4
23240.jpg,1886,1890,4
23245.jpg,1886,1905,19
23250.jpg,1886,1925,39
23255.jpg,1886,1850,-36
23260.jpg,1886,1900,14
23265.jpg,1886,1890,4
23275.jpg,1886,1890,4
23280.jpg,1886,1900,14
23285.jpg,1886,1900,14
23290.jpg,1886,2010,124
23295.jpg,1886,1890,4
23300.jpg,1886,1890,4
23305.jpg,1886,1850,-36
23310.jpg,1886,1900,14
23315.jpg,1886,1900,14
23320.jpg,1886,1900,14
23325.jpg,1886,1900,14
23330.jpg,1886,1900,14
23335.jpg,1886,1900,14
23340.jpg,1886,1930,44
23345.jpg,1886,1885,-1
23350.jpg,1886,1900,14
23355.jpg,1886,1890,4
23365.jpg,1886,1900,14
23370.jpg,1886,1900,14
23375.jpg,1887,1930,43
23380.jpg,1887,1940,53
23385.jpg,1887,1920,33
23390.jpg,1887,1900,13
23395.jpg,1887,1900,13
23400.jpg,1887,1875,-12
23410.jpg,1887,1900,13
23415.jpg,1887,1905,18
23420.jpg,1887,1900,13
23425.jpg,1887,1880,-7
23430.jpg,1887,1900,13
23440.jpg,1887,1850,-37
23445.jpg,1887,1900,13
23450.jpg,1887,1800,-87
23460.jpg,1887,1850,-37
23465.jpg,1887,1800,-87
23470.jpg,1887,1905,18
23475.jpg,1887,1900,13
23480.jpg,1887,1890,3
23485.jpg,1887,1880,-7
23490.jpg,1887,1850,-37
23495.jpg,1887,1850,-37
23500.jpg,1887,1900,13
23505.jpg,1887,1890,3
23510.jpg,1887,1875,-12
23515.jpg,1887,1890,3
23520.jpg,1887,1900,13
23525.jpg,1887,1900,13
23535.jpg,1887,1900,13
23540.jpg,1887,1890,3
23545.jpg,1887,1900,13
23550.jpg,1887,1900,13
23555.jpg,1887,1900,13
23560.jpg,1887,1850,-37
23565.jpg,1887,1885,-2
23570.jpg,1887,1920,33
23575.jpg,1887,1900,13
23580.jpg,1887,1885,-2
23585.jpg,1887,1880,-7
23590.jpg,1887,1990,103
23595.jpg,1887,1900,13
23600.jpg,1887,1900,13
23605.jpg,1887,1900,13
23610.jpg,1887,1900,13
23615.jpg,1887,1890,3
23620.jpg,1887,1920,33
23625.jpg,1887,1900,13
23630.jpg,1887,1900,13
23635.jpg,1887,1900,13
23640.jpg,1887,1920,33
23645.jpg,1887,1900,13
23650.jpg,1887,1900,13
23660.jpg,1887,1900,13
23665.jpg,1887,1875,-12
23670.jpg,1887,1880,-7
23675.jpg,1887,1920,33
23680.jpg,1887,1950,63
23690.jpg,1887,1900,13
23695.jpg,1887,1890,3
23700.jpg,1888,1650,-238
23705.jpg,1888,1905,17
23710.jpg,1888,1905,17
23715.jpg,1888,1940,52
23720.jpg,1888,1970,82
23725.jpg,1888,1900,12
23730.jpg,1888,1880,-8
23735.jpg,1888,1900,12
23740.jpg,1888,1905,17
23745.jpg,1888,1900,12
23750.jpg,1888,2000,112
23755.jpg,1888,1900,12
23760.jpg,1888,1830,-58
23765.jpg,1888,1930,42
23770.jpg,1888,1950,62
23775.jpg,1888,1950,62
23790.jpg,1888,1890,2
23795.jpg,1888,1880,-8
23800.jpg,1888,1885,-3
23805.jpg,1888,1885,-3
23810.jpg,1888,1850,-38
23815.jpg,1888,1890,2
23820.jpg,1888,1900,12
23825.jpg,1888,1920,32
23830.jpg,1888,1900,12
23835.jpg,1888,1900,12
23840.jpg,1888,1900,12
23850.jpg,1888,1890,2
23855.jpg,1888,1890,2
23860.jpg,1888,1890,2
23865.jpg,1888,1850,-38
23870.jpg,1888,1835,-53
23875.jpg,1888,1890,2
23880.jpg,1888,1900,12
23885.jpg,1888,1890,2
23890.jpg,1888,1900,12
23895.jpg,1888,1890,2
23900.jpg,1888,1890,2
23905.jpg,1888,1900,12
23910.jpg,1888,1890,2
23915.jpg,1888,1900,12
23920.jpg,1888,1880,-8
23925.jpg,1888,1905,17
23930.jpg,1888,1900,12
23935.jpg,1888,1820,-68
23940.jpg,1888,1900,12
23945.jpg,1888,1880,-8
23950.jpg,1888,1900,12
23955.jpg,1888,1900,12
23960.jpg,1888,1900,12
23965.jpg,1888,1900,12
23970.jpg,1888,1900,12
23975.jpg,1888,1900,12
23980.jpg,1888,1880,-8
23985.jpg,1888,1925,37
23990.jpg,1888,1888,0
23995.jpg,1888,1900,12
24000.jpg,1888,1910,22
24005.jpg,1888,1850,-38
24010.jpg,1888,1900,12
24015.jpg,1888,1900,12
24020.jpg,1888,1925,37
24025.jpg,1888,1890,2
24030.jpg,1888,1900,12
24035.jpg,1888,1900,12
24040.jpg,1888,1950,62
24050.jpg,1889,1910,21
24055.jpg,1889,1850,-39
24060.jpg,1889,1900,11
24065.jpg,1889,1900,11
24070.jpg,1889,1850,-39
24075.jpg,1889,1950,61
24080.jpg,1889,1880,-9
24085.jpg,1889,1905,16
24090.jpg,1889,1900,11
24095.jpg,1889,1890,1
24105.jpg,1889,1900,11
24110.jpg,1889,1900,11
24115.jpg,1889,1920,31
24120.jpg,1889,1870,-19
24125.jpg,1889,1925,36
24130.jpg,1889,1905,16
24135.jpg,1889,1800,-89
24140.jpg,1889,1880,-9
24145.jpg,1889,1900,11
24150.jpg,1889,1850,-39
24155.jpg,1889,1900,11
24160.jpg,1889,1900,11
24165.jpg,1889,1890,1
24170.jpg,1889,1890,1
24175.jpg,1889,1920,31
24180.jpg,1889,1890,1
24185.jpg,1889,1890,1
24190.jpg,1889,1870,-19
24195.jpg,1889,1885,-4
24200.jpg,1889,1905,16
24205.jpg,1889,1890,1
24210.jpg,1889,1875,-14
24215.jpg,1889,1890,1
24220.jpg,1889,1885,-4
24225.jpg,1889,1880,-9
24230.jpg,1889,1890,1
24235.jpg,1889,1880,-9
24240.jpg,1889,1885,-4
24245.jpg,1889,1905,16
24250.jpg,1889,1890,1
24255.jpg,1889,1900,11
24260.jpg,1889,1905,16
24265.jpg,1889,1885,-4
24270.jpg,1889,1880,-9
24275.jpg,1889,1890,1
24280.jpg,1889,1890,1
24285.jpg,1889,1890,1
24290.jpg,1889,1880,-9
24295.jpg,1889,1890,1
24300.jpg,1889,1900,11
24310.jpg,1889,1890,1
24315.jpg,1889,1880,-9
24320.jpg,1889,1800,-89
24330.jpg,1889,1800,-89
24335.jpg,1889,1950,61
24340.jpg,1889,1940,51
24345.jpg,1889,1900,11
24350.jpg,1889,1900,11
24355.jpg,1889,1900,11
24360.jpg,1889,2000,111
24365.jpg,1889,1900,11
24370.jpg,1889,1880,-9
24375.jpg,1889,1880,-9
24380.jpg,1889,1905,16
24385.jpg,1889,1880,-9
24390.jpg,1889,1880,-9
24395.jpg,1890,1750,-140
24400.jpg,1890,1900,10
24405.jpg,1890,1900,10
24410.jpg,1890,1900,10
24415.jpg,1890,1905,15
24420.jpg,1890,1825,-65
24425.jpg,1890,1890,0
24430.jpg,1890,1900,10
24435.jpg,1890,1905,15
24440.jpg,1890,1930,40
24445.jpg,1890,1945,55
24450.jpg,1890,1880,-10
24455.jpg,1890,1890,0
24460.jpg,1890,1900,10
24465.jpg,1890,1905,15
24470.jpg,1890,1920,30
24475.jpg,1890,1900,10
24480.jpg,1890,1900,10
24485.jpg,1890,1950,60
24490.jpg,1890,1900,10
24495.jpg,1890,1830,-60
24500.jpg,1890,1850,-40
24505.jpg,1890,1900,10
24510.jpg,1890,1875,-15
24515.jpg,1890,1890,0
24520.jpg,1890,1850,-40
24525.jpg,1890,1930,40
24535.jpg,1890,1900,10
24540.jpg,1890,1900,10
24545.jpg,1890,1900,10
24550.jpg,1890,1890,0
24555.jpg,1890,1905,15
24560.jpg,1890,1900,10
24565.jpg,1890,1900,10
24570.jpg,1890,1880,-10
24575.jpg,1890,1930,40
24580.jpg,1890,1890,0
24585.jpg,1890,1900,10
24590.jpg,1890,1900,10
24595.jpg,1890,1890,0
24600.jpg,1890,1870,-20
24605.jpg,1890,1900,10
24610.jpg,1890,1890,0
24615.jpg,1890,1900,10
24620.jpg,1890,1980,90
24625.jpg,1890,1900,10
24630.jpg,1890,1890,0
24635.jpg,1890,1900,10
24640.jpg,1890,1900,10
24645.jpg,1890,1890,0
24650.jpg,1890,1880,-10
24655.jpg,1890,1900,10
24660.jpg,1890,1890,0
24665.jpg,1890,1900,10
24670.jpg,1890,1905,15
24675.jpg,1890,1885,-5
24680.jpg,1890,1880,-10
24685.jpg,1890,1890,0
24690.jpg,1890,1870,-20
24695.jpg,1890,1900,10
24700.jpg,1890,1900,10
24705.jpg,1890,2015,125
24710.jpg,1890,1920,30
24715.jpg,1890,1890,0
24720.jpg,1890,1900,10
24725.jpg,1890,1830,-60
24730.jpg,1890,1900,10
24735.jpg,1890,1925,35
24740.jpg,1890,1905,15
24745.jpg,1890,1900,10
24750.jpg,1890,1970,80
24755.jpg,1890,1900,10
24760.jpg,1890,1905,15
24765.jpg,1890,1970,80
24770.jpg,1890,1905,15
24775.jpg,1891,1800,-91
24780.jpg,1891,1905,14
24785.jpg,1891,1890,-1
24790.jpg,1891,1870,-21
24795.jpg,1891,1890,-1
24800.jpg,1891,1900,9
24805.jpg,1891,1900,9
24810.jpg,1891,1900,9
24815.jpg,1891,1980,89
24820.jpg,1891,1905,14
24825.jpg,1891,1900,9
24830.jpg,1891,1920,29
24835.jpg,1891,1900,9
24840.jpg,1891,1890,-1
24845.jpg,1891,1900,9
24850.jpg,1891,2010,119
24855.jpg,1891,1970,79
24860.jpg,1891,1850,-41
24865.jpg,1891,1900,9
24870.jpg,1891,1850,-41
24875.jpg,1891,1900,9
24880.jpg,1891,1900,9
24885.jpg,1891,1890,-1
24890.jpg,1891,1890,-1
24895.jpg,1891,1895,4
24900.jpg,1891,1875,-16
24905.jpg,1891,1850,-41
24910.jpg,1891,1890,-1
24915.jpg,1891,1890,-1
24920.jpg,1891,1850,-41
24925.jpg,1891,1870,-21
24930.jpg,1891,1800,-91
24935.jpg,1891,1900,9
24940.jpg,1891,1890,-1
24945.jpg,1891,1300,-591
24950.jpg,1891,1850,-41
24955.jpg,1891,1905,14
24960.jpg,1891,1890,-1
24965.jpg,1891,1980,89
24970.jpg,1891,1890,-1
24975.jpg,1891,1900,9
24980.jpg,1891,1900,9
24985.jpg,1891,1830,-61
24990.jpg,1891,1885,-6
24995.jpg,1891,1890,-1
25000.jpg,1891,1890,-1
25005.jpg,1891,1900,9
25010.jpg,1891,1830,-61
25015.jpg,1891,1890,-1
25020.jpg,1891,1860,-31
25025.jpg,1891,1920,29
25030.jpg,1891,1900,9
25035.jpg,1891,1200,-691
25040.jpg,1891,1900,9
25045.jpg,1891,1890,-1
25050.jpg,1891,1900,9
25055.jpg,1891,1900,9
25060.jpg,1891,1900,9
25065.jpg,1891,1850,-41
25070.jpg,1891,1900,9
25075.jpg,1891,1900,9
25080.jpg,1891,1900,9
25085.jpg,1891,1900,9
25090.jpg,1891,1920,29
25095.jpg,1892,1920,28
25100.jpg,1892,2000,108
25105.jpg,1892,2000,108
25115.jpg,1892,1850,-42
25120.jpg,1892,1850,-42
25125.jpg,1892,1880,-12
25130.jpg,1892,1900,8
25135.jpg,1892,1900,8
25140.jpg,1892,1900,8
25145.jpg,1892,1900,8
25150.jpg,1892,1920,28
25155.jpg,1892,1910,18
25160.jpg,1892,2000,108
25165.jpg,1892,1950,58
25170.jpg,1892,1905,13
25175.jpg,1892,1905,13
25180.jpg,1892,1975,83
25185.jpg,1892,1800,-92
25190.jpg,1892,1930,38
25195.jpg,1892,1850,-42
25205.jpg,1892,1870,-22
25210.jpg,1892,1920,28
25215.jpg,1892,1890,-2
25220.jpg,1892,1905,13
25225.jpg,1892,1830,-62
25230.jpg,1892,1900,8
25235.jpg,1892,1880,-12
25240.jpg,1892,1880,-12
25245.jpg,1892,1890,-2
25250.jpg,1892,1900,8
25255.jpg,1892,1900,8
25260.jpg,1892,1900,8
25265.jpg,1892,1885,-7
25270.jpg,1892,1900,8
25275.jpg,1892,1900,8
25280.jpg,1892,1890,-2
25285.jpg,1892,1900,8
25290.jpg,1892,1885,-7
25295.jpg,1892,1900,8
25300.jpg,1892,1880,-12
25305.jpg,1892,1985,93
25310.jpg,1892,1900,8
25315.jpg,1892,1890,-2
25320.jpg,1892,1885,-7
25325.jpg,1892,1830,-62
25330.jpg,1892,1900,8
25335.jpg,1892,1880,-12
25340.jpg,1892,1900,8
25345.jpg,1892,1920,28
25350.jpg,1892,1900,8
25355.jpg,1892,1890,-2
25360.jpg,1892,1900,8
25365.jpg,1892,1890,-2
25370.jpg,1892,1915,23
25375.jpg,1892,1880,-12
25380.jpg,1892,1890,-2
25385.jpg,1892,1900,8
25390.jpg,1892,1900,8
25395.jpg,1892,1930,38
25400.jpg,1892,1925,33
25405.jpg,1892,1905,13
25410.jpg,1892,1900,8
25415.jpg,1892,1830,-62
25420.jpg,1892,1905,13
25425.jpg,1892,1900,8
25430.jpg,1892,1900,8
25435.jpg,1892,1880,-12
25440.jpg,1892,1900,8
25445.jpg,1892,1850,-42
25450.jpg,1892,1905,13
25455.jpg,1892,1900,8
25460.jpg,1892,1900,8
25465.jpg,1893,1750,-143
25470.jpg,1893,1870,-23
25475.jpg,1893,1900,7
25480.jpg,1893,1920,27
25490.jpg,1893,1920,27
25495.jpg,1893,1890,-3
25500.jpg,1893,1880,-13
25505.jpg,1893,1900,7
25510.jpg,1893,1925,32
25515.jpg,1893,1900,7
25520.jpg,1893,1890,-3
25525.jpg,1893,1900,7
25530.jpg,1893,1905,12
25535.jpg,1893,1930,37
25540.jpg,1893,1900,7
25545.jpg,1893,1900,7
25555.jpg,1893,1860,-33
25560.jpg,1893,1850,-43
25565.jpg,1893,1850,-43
25570.jpg,1893,1900,7
25575.jpg,1893,1890,-3
25580.jpg,1893,1940,47
25585.jpg,1893,1885,-8
25590.jpg,1893,1900,7
25595.jpg,1893,1900,7
25600.jpg,1893,1885,-8
25605.jpg,1893,1905,12
25610.jpg,1893,1890,-3
25615.jpg,1893,1895,2
25620.jpg,1893,1890,-3
25625.jpg,1893,1890,-3
25630.jpg,1893,1895,2
25635.jpg,1893,1900,7
25640.jpg,1893,1905,12
25645.jpg,1893,1900,7
25650.jpg,1893,1890,-3
25655.jpg,1893,1905,12
25660.jpg,1893,1890,-3
25665.jpg,1893,1900,7
25670.jpg,1893,1880,-13
25675.jpg,1893,1890,-3
25680.jpg,1893,1800,-93
25685.jpg,1893,1900,7
25690.jpg,1893,1900,7
25695.jpg,1893,1885,-8
25700.jpg,1893,1900,7
25705.jpg,1893,1920,27
25710.jpg,1893,1880,-13
25715.jpg,1893,1900,7
25720.jpg,1893,1900,7
25725.jpg,1893,1905,12
25730.jpg,1893,1900,7
25740.jpg,1893,1900,7
25745.jpg,1893,1890,-3
25750.jpg,1893,1880,-13
25755.jpg,1893,1905,12
25760.jpg,1893,1885,-8
25765.jpg,1893,1925,32
25770.jpg,1893,1905,12
25775.jpg,1893,1890,-3
25780.jpg,1893,1880,-13
25785.jpg,1893,1915,22
25795.jpg,1893,1900,7
25800.jpg,1893,1900,7
25805.jpg,1894,1750,-144
25810.jpg,1894,1800,-94
25815.jpg,1894,1890,-4
25820.jpg,1894,1890,-4
25825.jpg,1894,1900,6
25830.jpg,1894,1890,-4
25835.jpg,1894,1900,6
25840.jpg,1894,1891,-3
25845.jpg,1894,1905,11
25850.jpg,1894,1900,6
25855.jpg,1894,1900,6
25860.jpg,1894,1900,6
25865.jpg,1894,1900,6
25870.jpg,1894,1800,-94
25875.jpg,1894,1920,26
25880.jpg,1894,1870,-24
25885.jpg,1894,1930,36
25890.jpg,1894,1900,6
25895.jpg,1894,1950,56
25900.jpg,1894,1900,6
25905.jpg,1894,1885,-9
25910.jpg,1894,1900,6
25915.jpg,1894,1900,6
25920.jpg,1894,1890,-4
25925.jpg,1894,1880,-14
25930.jpg,1894,1890,-4
25935.jpg,1894,1905,11
25940.jpg,1894,1885,-9
25945.jpg,1894,1890,-4
25950.jpg,1894,1910,16
25955.jpg,1894,1900,6
25960.jpg,1894,1885,-9
25965.jpg,1894,1900,6
25970.jpg,1894,1890,-4
25975.jpg,1894,1885,-9
25980.jpg,1894,1900,6
25985.jpg,1894,1915,21
25990.jpg,1894,1970,76
25995.jpg,1894,1890,-4
26000.jpg,1894,1900,6
26005.jpg,1894,1890,-4
26010.jpg,1894,1890,-4
26015.jpg,1894,1885,-9
26020.jpg,1894,1980,86
26025.jpg,1894,1885,-9
26030.jpg,1894,1885,-9
26035.jpg,1894,1890,-4
26040.jpg,1894,1900,6
26045.jpg,1894,1880,-14
26050.jpg,1894,1890,-4
26055.jpg,1894,1900,6
26060.jpg,1894,1905,11
26065.jpg,1894,1890,-4
26070.jpg,1894,1900,6
26075.jpg,1894,1900,6
26085.jpg,1894,1890,-4
26090.jpg,1894,1905,11
26095.jpg,1894,1945,51
26100.jpg,1894,1905,11
26105.jpg,1894,1850,-44
26110.jpg,1894,1890,-4
26115.jpg,1894,1930,36
26120.jpg,1894,1900,6
26125.jpg,1895,1920,25
26130.jpg,1895,2000,105
26135.jpg,1895,1905,10
26140.jpg,1895,1900,5
26145.jpg,1895,1900,5
26150.jpg,1895,1890,-5
26155.jpg,1895,1850,-45
26160.jpg,1895,1900,5
26165.jpg,1895,1915,20
26170.jpg,1895,1900,5
26175.jpg,1895,1900,5
26180.jpg,1895,2000,105
26185.jpg,1895,1900,5
26190.jpg,1895,1900,5
26195.jpg,1895,1850,-45
26200.jpg,1895,1905,10
26205.jpg,1895,1830,-65
26210.jpg,1895,1900,5
26215.jpg,1895,1900,5
26220.jpg,1895,1880,-15
26225.jpg,1895,1905,10
26230.jpg,1895,1885,-10
26235.jpg,1895,1900,5
26240.jpg,1895,1970,75
26245.jpg,1895,1800,-95
26250.jpg,1895,1905,10
26255.jpg,1895,1900,5
26260.jpg,1895,1890,-5
26265.jpg,1895,1900,5
26270.jpg,1895,1885,-10
26275.jpg,1895,1890,-5
26280.jpg,1895,1905,10
26285.jpg,1895,1905,10
26290.jpg,1895,1885,-10
26295.jpg,1895,1900,5
26300.jpg,1895,1885,-10
26305.jpg,1895,1905,10
26310.jpg,1895,1885,-10
26315.jpg,1895,1870,-25
26320.jpg,1895,1880,-15
26325.jpg,1895,1890,-5
26330.jpg,1895,1900,5
26335.jpg,1895,1900,5
26340.jpg,1895,1850,-45
26345.jpg,1895,1800,-95
26350.jpg,1895,1890,-5
26355.jpg,1895,1900,5
26360.jpg,1895,1890,-5
26365.jpg,1895,1890,-5
26370.jpg,1895,1885,-10
26375.jpg,1895,1880,-15
26380.jpg,1895,1905,10
26385.jpg,1895,1900,5
26390.jpg,1895,1900,5
26395.jpg,1895,1890,-5
26405.jpg,1895,1900,5
26410.jpg,1895,1890,-5
26415.jpg,1895,1900,5
26420.jpg,1895,1905,10
26425.jpg,1895,1900,5
26430.jpg,1895,1920,25
26435.jpg,1895,1900,5
26440.jpg,1895,1900,5
26445.jpg,1895,1905,10
26450.jpg,1895,1910,15
26455.jpg,1895,1900,5
26460.jpg,1895,1850,-45
26465.jpg,1895,1900,5
26470.jpg,1895,1905,10
26475.jpg,1895,1900,5
26480.jpg,1895,1900,5
26485.jpg,1895,1900,5
26490.jpg,1896,1900,4
26495.jpg,1896,1900,4
26500.jpg,1896,1890,-6
26505.jpg,1896,1900,4
26510.jpg,1896,1970,74
26515.jpg,1896,1850,-46
26520.jpg,1896,1890,-6
26525.jpg,1896,1900,4
26530.jpg,1896,1950,54
26535.jpg,1896,1940,44
26540.jpg,1896,1890,-6
26545.jpg,1896,1800,-96
26550.jpg,1896,1960,64
26555.jpg,1896,1970,74
26560.jpg,1896,1870,-26
26565.jpg,1896,1975,79
26570.jpg,1896,1850,-46
26575.jpg,1896,1950,54
26580.jpg,1896,1890,-6
26585.jpg,1896,1900,4
26590.jpg,1896,1890,-6
26595.jpg,1896,1900,4
26600.jpg,1896,1900,4
26605.jpg,1896,1900,4
26610.jpg,1896,1900,4
26620.jpg,1896,1880,-16
26625.jpg,1896,1875,-21
26630.jpg,1896,1890,-6
26635.jpg,1896,1875,-21
26640.jpg,1896,1900,4
26645.jpg,1896,1900,4
26650.jpg,1896,1900,4
26655.jpg,1896,1900,4
26665.jpg,1896,1885,-11
26670.jpg,1896,1900,4
26675.jpg,1896,1850,-46
26680.jpg,1896,1880,-16
26685.jpg,1896,1890,-6
26690.jpg,1896,1920,24
26695.jpg,1896,1900,4
26700.jpg,1896,1885,-11
26705.jpg,1896,1890,-6
26710.jpg,1896,1890,-6
26715.jpg,1896,1880,-16
26720.jpg,1896,1880,-16
26725.jpg,1896,1900,4
26730.jpg,1896,1890,-6
26735.jpg,1896,1900,4
26740.jpg,1896,1800,-96
26745.jpg,1896,1870,-26
26750.jpg,1896,1890,-6
26760.jpg,1896,1920,24
26765.jpg,1896,1900,4
26770.jpg,1896,1905,9
26775.jpg,1896,1920,24
26780.jpg,1896,1900,4
26785.jpg,1896,1900,4
26790.jpg,1896,1900,4
26795.jpg,1896,1900,4
26800.jpg,1896,1980,84
26805.jpg,1896,1850,-46
26810.jpg,1896,1930,34
26815.jpg,1896,1900,4
26820.jpg,1896,1870,-26
26825.jpg,1896,1900,4
26830.jpg,1896,1890,-6
26835.jpg,1896,1900,4
26840.jpg,1896,2000,104
26845.jpg,1897,1970,73
26850.jpg,1897,1850,-47
26855.jpg,1897,1900,3
26860.jpg,1897,1850,-47
26865.jpg,1897,1900,3
26870.jpg,1897,1850,-47
26875.jpg,1897,1900,3
26880.jpg,1897,1900,3
26885.jpg,1897,1900,3
26890.jpg,1897,1870,-27
26895.jpg,1897,1900,3
26900.jpg,1897,1900,3
26910.jpg,1897,1850,-47
26915.jpg,1897,1905,8
26920.jpg,1897,1945,48
26925.jpg,1897,1975,78
26930.jpg,1897,1850,-47
26935.jpg,1897,1890,-7
26940.jpg,1897,1900,3
26945.jpg,1897,1900,3
26950.jpg,1897,1890,-7
26955.jpg,1897,1750,-147
26960.jpg,1897,1890,-7
26965.jpg,1897,1885,-12
26970.jpg,1897,1830,-67
26975.jpg,1897,1905,8
26980.jpg,1897,1900,3
26985.jpg,1897,1890,-7
26990.jpg,1897,1900,3
26995.jpg,1897,1885,-12
27000.jpg,1897,1900,3
27005.jpg,1897,1890,-7
27010.jpg,1897,1885,-12
27015.jpg,1897,1900,3
27020.jpg,1897,1880,-17
27025.jpg,1897,1890,-7
27030.jpg,1897,1900,3
27035.jpg,1897,1800,-97
27040.jpg,1897,1885,-12
27045.jpg,1897,1890,-7
27050.jpg,1897,1870,-27
27055.jpg,1897,1885,-12
27060.jpg,1897,1950,53
27065.jpg,1897,1890,-7
27070.jpg,1897,1890,-7
27075.jpg,1897,1850,-47
27080.jpg,1897,1900,3
27085.jpg,1897,1850,-47
27090.jpg,1897,1900,3
27095.jpg,1897,1900,3
27100.jpg,1897,1880,-17
27105.jpg,1897,1900,3
27110.jpg,1897,1900,3
27115.jpg,1897,1800,-97
27120.jpg,1897,1821,-76
27125.jpg,1897,1895,-2
27130.jpg,1897,2000,103
27135.jpg,1897,1900,3
27140.jpg,1897,2000,103
27145.jpg,1897,1880,-17
27150.jpg,1897,1820,-77
27155.jpg,1898,1920,22
27160.jpg,1898,1905,7
27165.jpg,1898,1900,2
27170.jpg,1898,1880,-18
27175.jpg,1898,1900,2
27180.jpg,1898,1900,2
27185.jpg,1898,1905,7
27190.jpg,1898,1915,17
27195.jpg,1898,1900,2
27200.jpg,1898,2000,102
27205.jpg,1898,1900,2
27210.jpg,1898,1905,7
27215.jpg,1898,1945,47
27220.jpg,1898,1900,2
27225.jpg,1898,1900,2
27230.jpg,1898,1905,7
27235.jpg,1898,1905,7
27240.jpg,1898,1900,2
27245.jpg,1898,1900,2
27255.jpg,1898,1850,-48
27260.jpg,1898,1900,2
27265.jpg,1898,1880,-18
27270.jpg,1898,1900,2
27275.jpg,1898,1890,-8
27280.jpg,1898,1900,2
27285.jpg,1898,1880,-18
27290.jpg,1898,1950,52
27295.jpg,1898,1900,2
27300.jpg,1898,1870,-28
27305.jpg,1898,1930,32
27310.jpg,1898,1920,22
27315.jpg,1898,1875,-23
27320.jpg,1898,1890,-8
27325.jpg,1898,1900,2
27330.jpg,1898,1900,2
27335.jpg,1898,1905,7
27340.jpg,1898,1900,2
27345.jpg,1898,1890,-8
27350.jpg,1898,1850,-48
27355.jpg,1898,1880,-18
27360.jpg,1898,1900,2
27365.jpg,1898,1885,-13
27370.jpg,1898,1890,-8
27380.jpg,1898,1890,-8
27385.jpg,1898,1905,7
27390.jpg,1898,1900,2
27395.jpg,1898,1865,-33
27400.jpg,1898,1905,7
27405.jpg,1898,1870,-28
27410.jpg,1898,1900,2
27415.jpg,1898,1900,2
27420.jpg,1898,1900,2
27425.jpg,1898,1890,-8
27430.jpg,1898,1900,2
27435.jpg,1898,1900,2
27440.jpg,1898,1900,2
27445.jpg,1898,1920,22
27450.jpg,1898,1910,12
27455.jpg,1898,1950,52
27465.jpg,1898,1900,2
27470.jpg,1898,1905,7
27475.jpg,1898,1920,22
27480.jpg,1898,1900,2
27485.jpg,1898,1905,7
27490.jpg,1898,1900,2
27495.jpg,1898,1900,2
27500.jpg,1898,1925,27
27505.jpg,1898,1890,-8
27510.jpg,1898,1900,2
27515.jpg,1898,1970,72
27520.jpg,1898,1900,2
27525.jpg,1898,2005,107
27530.jpg,1898,1905,7
27540.jpg,1899,1870,-29
27545.jpg,1899,1975,76
27550.jpg,1899,1975,76
27555.jpg,1899,1900,1
27560.jpg,1899,1900,1
27565.jpg,1899,1900,1
27570.jpg,1899,1800,-99
27575.jpg,1899,1900,1
27580.jpg,1899,1905,6
27585.jpg,1899,1905,6
27590.jpg,1899,1930,31
27595.jpg,1899,1900,1
27600.jpg,1899,1900,1
27605.jpg,1899,1920,21
27610.jpg,1899,1950,51
27615.jpg,1899,1920,21
27620.jpg,1899,1800,-99
27625.jpg,1899,1870,-29
27630.jpg,1899,1925,26
27635.jpg,1899,1890,-9
27640.jpg,1899,1900,1
27645.jpg,1899,1900,1
27650.jpg,1899,1880,-19
27655.jpg,1899,1890,-9
27660.jpg,1899,1890,-9
27665.jpg,1899,1880,-19
27670.jpg,1899,1885,-14
27675.jpg,1899,1900,1
27680.jpg,1899,1200,-699
27685.jpg,1899,1900,1
27690.jpg,1899,1900,1
27695.jpg,1899,1900,1
27700.jpg,1899,1890,-9
27705.jpg,1899,1880,-19
27715.jpg,1899,1905,6
27720.jpg,1899,1880,-19
27725.jpg,1899,1900,1
27730.jpg,1899,1960,61
27735.jpg,1899,1900,1
27740.jpg,1899,1870,-29
27745.jpg,1899,1900,1
27750.jpg,1899,1900,1
27755.jpg,1899,1900,1
27760.jpg,1899,1900,1
27765.jpg,1899,1900,1
27770.jpg,1899,1900,1
27775.jpg,1899,1850,-49
27780.jpg,1899,1940,41
27785.jpg,1899,1900,1
27790.jpg,1899,1900,1
27795.jpg,1899,1920,21
27800.jpg,1899,1890,-9
27805.jpg,1899,1880,-19
27810.jpg,1900,1750,-150
27815.jpg,1900,1900,0
27820.jpg,1900,1900,0
27825.jpg,1900,1850,-50
27830.jpg,1900,1900,0
27835.jpg,1900,1940,40
27840.jpg,1900,1900,0
27845.jpg,1900,1850,-50
27850.jpg,1900,1850,-50
27855.jpg,1900,1850,-50
27860.jpg,1900,1900,0
27865.jpg,1900,1900,0
27870.jpg,1900,1900,0
27875.jpg,1900,1905,5
27880.jpg,1900,1920,20
27885.jpg,1900,1890,-10
27895.jpg,1900,1910,10
27900.jpg,1900,1900,0
27905.jpg,1900,1900,0
27910.jpg,1900,1850,-50
27915.jpg,1900,1850,-50
27920.jpg,1900,1970,70
27925.jpg,1900,1945,45
27930.jpg,1900,1930,30
27935.jpg,1900,1950,50
27940.jpg,1900,1850,-50
27945.jpg,1900,1950,50
27950.jpg,1900,1850,-50
27955.jpg,1900,1905,5
27960.jpg,1900,1870,-30
27965.jpg,1900,1920,20
27970.jpg,1900,1890,-10
27975.jpg,1900,1900,0
27980.jpg,1900,1890,-10
27985.jpg,1900,1910,10
27990.jpg,1900,1850,-50
27995.jpg,1900,1900,0
28000.jpg,1900,1850,-50
28005.jpg,1900,1890,-10
28010.jpg,1900,1900,0
28015.jpg,1900,1830,-70
28020.jpg,1900,1900,0
28025.jpg,1900,1890,-10
28030.jpg,1900,1890,-10
28035.jpg,1900,1890,-10
28040.jpg,1900,1885,-15
28045.jpg,1900,1900,0
28050.jpg,1900,1825,-75
28055.jpg,1900,1835,-65
28060.jpg,1900,1880,-20
28065.jpg,1900,1875,-25
28070.jpg,1900,1900,0
28075.jpg,1900,1870,-30
28080.jpg,1900,1900,0
28085.jpg,1900,1850,-50
28090.jpg,1900,1940,40
28095.jpg,1900,1750,-150
28100.jpg,1900,1920,20
28105.jpg,1900,1890,-10
28110.jpg,1900,1895,-5
28115.jpg,1900,1885,-15
28120.jpg,1900,1800,-100
28125.jpg,1900,1880,-20
28130.jpg,1900,1800,-100
28135.jpg,1900,1880,-20
28140.jpg,1900,1900,0
28145.jpg,1900,1830,-70
28150.jpg,1900,1960,60
28155.jpg,1900,1900,0
28160.jpg,1900,1950,50
28165.jpg,1900,1950,50
28170.jpg,1900,1900,0
28175.jpg,1900,1940,40
28180.jpg,1901,1900,-1
28185.jpg,1901,1900,-1
28190.jpg,1901,1900,-1
28195.jpg,1901,1900,-1
28200.jpg,1901,1945,44
28205.jpg,1901,1900,-1
28210.jpg,1901,1880,-21
28215.jpg,1901,1890,-11
28220.jpg,1901,1850,-51
28225.jpg,1901,1905,4
28230.jpg,1901,1920,19
28235.jpg,1901,1900,-1
28240.jpg,1901,1900,-1
28245.jpg,1901,1910,9
28250.jpg,1901,1880,-21
28255.jpg,1901,1830,-71
28260.jpg,1901,1905,4
28265.jpg,1901,1905,4
28270.jpg,1901,1900,-1
28275.jpg,1901,1900,-1
28280.jpg,1901,1900,-1
28285.jpg,1901,1950,49
28290.jpg,1901,1850,-51
28295.jpg,1901,1950,49
28300.jpg,1901,1800,-101
28305.jpg,1901,1950,49
28310.jpg,1901,1850,-51
28315.jpg,1901,1900,-1
28320.jpg,1901,1890,-11
28325.jpg,1901,1880,-21
28330.jpg,1901,1905,4
28335.jpg,1901,1920,19
28340.jpg,1901,1880,-21
28345.jpg,1901,1900,-1
28350.jpg,1901,1900,-1
28355.jpg,1901,1905,4
28360.jpg,1901,1890,-11
28365.jpg,1901,1890,-11
28370.jpg,1901,1820,-81
28375.jpg,1901,1905,4
28380.jpg,1901,1885,-16
28385.jpg,1901,1915,14
28390.jpg,1901,1890,-11
28395.jpg,1901,1880,-21
28400.jpg,1901,1835,-66
28405.jpg,1901,1930,29
28410.jpg,1901,1900,-1
28415.jpg,1901,1880,-21
28420.jpg,1901,1890,-11
28425.jpg,1901,1940,39
28430.jpg,1901,1900,-1
28435.jpg,1901,1895,-6
28440.jpg,1901,1900,-1
28445.jpg,1901,1915,14
28450.jpg,1901,1850,-51
28455.jpg,1901,1875,-26
28460.jpg,1901,1930,29
28465.jpg,1901,1900,-1
28470.jpg,1901,1905,4
28475.jpg,1901,1905,4
28480.jpg,1901,1920,19
28485.jpg,1901,1940,39
28490.jpg,1901,1890,-11
28495.jpg,1901,1940,39
28500.jpg,1901,1900,-1
28505.jpg,1901,1940,39
28510.jpg,1901,1900,-1
28515.jpg,1901,1900,-1
28520.jpg,1902,1860,-42
28525.jpg,1902,1900,-2
28530.jpg,1902,1900,-2
28535.jpg,1902,1905,3
28540.jpg,1902,1920,18
28545.jpg,1902,1970,68
28550.jpg,1902,1930,28
28555.jpg,1902,1900,-2
28560.jpg,1902,1920,18
28575.jpg,1902,1905,3
28580.jpg,1902,1920,18
28585.jpg,1902,1900,-2
28590.jpg,1902,1880,-22
28595.jpg,1902,1900,-2
28600.jpg,1902,1900,-2
28605.jpg,1902,1900,-2
28610.jpg,1902,1900,-2
28615.jpg,1902,1900,-2
28620.jpg,1902,1930,28
28625.jpg,1902,1900,-2
28630.jpg,1902,1920,18
28635.jpg,1902,1950,48
28640.jpg,1902,1900,-2
28645.jpg,1902,1880,-22
28650.jpg,1902,1830,-72
28655.jpg,1902,1800,-102
28660.jpg,1902,1900,-2
28665.jpg,1902,1850,-52
28670.jpg,1902,1950,48
28675.jpg,1902,1900,-2
28680.jpg,1902,1650,-252
28685.jpg,1902,1885,-17
28690.jpg,1902,1890,-12
28695.jpg,1902,1880,-22
28700.jpg,1902,1850,-52
28705.jpg,1902,1900,-2
28710.jpg,1902,1885,-17
28715.jpg,1902,1890,-12
28720.jpg,1902,1900,-2
28725.jpg,1902,1900,-2
28730.jpg,1902,1900,-2
28735.jpg,1902,1925,23
28740.jpg,1902,1890,-12
28745.jpg,1902,2010,108
28750.jpg,1902,1870,-32
28755.jpg,1902,1890,-12
28760.jpg,1902,1910,8
28765.jpg,1902,1830,-72
28770.jpg,1902,1880,-22
28775.jpg,1902,1885,-17
28780.jpg,1902,1885,-17
28785.jpg,1902,1900,-2
28790.jpg,1902,1905,3
28795.jpg,1902,1890,-12
28800.jpg,1902,1900,-2
28805.jpg,1902,1880,-22
28810.jpg,1902,1900,-2
28815.jpg,1902,1905,3
28820.jpg,1902,1890,-12
28825.jpg,1902,1890,-12
28830.jpg,1902,1870,-32
28835.jpg,1902,1905,3
28840.jpg,1902,1900,-2
28845.jpg,1902,1875,-27
28850.jpg,1902,1900,-2
28855.jpg,1902,1880,-22
28860.jpg,1902,1880,-22
28865.jpg,1902,1900,-2
28870.jpg,1902,1940,38
28875.jpg,1902,2010,108
28880.jpg,1902,1930,28
28885.jpg,1902,1820,-82
28890.jpg,1902,1920,18
28895.jpg,1902,1905,3
28900.jpg,1902,1990,88
28905.jpg,1902,1900,-2
28910.jpg,1902,1900,-2
28915.jpg,1902,1920,18
28920.jpg,1903,1800,-103
28925.jpg,1903,1900,-3
28930.jpg,1903,1900,-3
28935.jpg,1903,1910,7
28940.jpg,1903,1925,22
28945.jpg,1903,1920,17
28955.jpg,1903,1900,-3
28960.jpg,1903,1800,-103
28965.jpg,1903,1900,-3
28970.jpg,1903,1900,-3
28975.jpg,1903,1850,-53
28980.jpg,1903,1880,-23
28985.jpg,1903,1920,17
28990.jpg,1903,1920,17
28995.jpg,1903,1970,67
29000.jpg,1903,1920,17
29005.jpg,1903,1900,-3
29010.jpg,1903,1905,2
29015.jpg,1903,1920,17
29020.jpg,1903,1900,-3
29025.jpg,1903,1900,-3
29030.jpg,1903,1910,7
29035.jpg,1903,1900,-3
29040.jpg,1903,1905,2
29045.jpg,1903,1890,-13
29050.jpg,1903,2015,112
29055.jpg,1903,1905,2
29060.jpg,1903,1900,-3
29065.jpg,1903,1905,2
29070.jpg,1903,1925,22
29075.jpg,1903,1965,62
29080.jpg,1903,1995,92
29085.jpg,1903,1930,27
29090.jpg,1903,1820,-83
29095.jpg,1903,1800,-103
29100.jpg,1903,2000,97
29105.jpg,1903,1900,-3
29110.jpg,1903,1850,-53
29115.jpg,1903,1850,-53
29120.jpg,1903,1875,-28
29125.jpg,1903,1885,-18
29130.jpg,1903,1905,2
29135.jpg,1903,1860,-43
29140.jpg,1903,1900,-3
29145.jpg,1903,1910,7
29150.jpg,1903,1920,17
29155.jpg,1903,1890,-13
29160.jpg,1903,1885,-18
29165.jpg,1903,1905,2
29170.jpg,1903,1900,-3
29175.jpg,1903,1900,-3
29180.jpg,1903,1900,-3
29185.jpg,1903,1900,-3
29190.jpg,1903,1890,-13
29195.jpg,1903,1880,-23
29200.jpg,1903,1905,2
29205.jpg,1903,1920,17
29210.jpg,1903,1700,-203
29215.jpg,1903,1900,-3
29220.jpg,1903,1900,-3
29225.jpg,1903,1890,-13
29230.jpg,1903,1900,-3
29235.jpg,1903,1830,-73
29240.jpg,1903,1930,27
29245.jpg,1903,1900,-3
29250.jpg,1903,1900,-3
29255.jpg,1903,1900,-3
29260.jpg,1903,1920,17
29265.jpg,1903,1905,2
29270.jpg,1903,1885,-18
29275.jpg,1903,1920,17
29280.jpg,1903,1900,-3
29285.jpg,1903,1880,-23
29290.jpg,1903,1890,-13
29295.jpg,1903,1900,-3
29300.jpg,1903,2000,97
29305.jpg,1903,1890,-13
29310.jpg,1903,1850,-53
29315.jpg,1903,1950,47
29320.jpg,1903,1950,47
29325.jpg,1903,1930,27
29330.jpg,1903,1910,7
29335.jpg,1903,1925,22
29340.jpg,1903,1900,-3
29345.jpg,1903,1900,-3
29350.jpg,1903,1950,47
29355.jpg,1903,1920,17
29360.jpg,1903,1920,17
29365.jpg,1903,1975,72
29370.jpg,1903,1975,72
29375.jpg,1903,1880,-23
29380.jpg,1904,1800,-104
29385.jpg,1904,1900,-4
29390.jpg,1904,1890,-14
29395.jpg,1904,2000,96
29400.jpg,1904,1925,21
29405.jpg,1904,1900,-4
29410.jpg,1904,1980,76
29415.jpg,1904,1920,16
29420.jpg,1904,1905,1
29425.jpg,1904,1900,-4
29430.jpg,1904,1880,-24
29435.jpg,1904,1850,-54
29440.jpg,1904,1890,-14
29445.jpg,1904,1900,-4
29450.jpg,1904,1930,26
29455.jpg,1904,1905,1
29460.jpg,1904,1800,-104
29465.jpg,1904,1950,46
29470.jpg,1904,2000,96
29475.jpg,1904,1900,-4
29480.jpg,1904,2015,111
29485.jpg,1904,1925,21
29490.jpg,1904,1900,-4
29495.jpg,1904,1900,-4
29500.jpg,1904,2005,101
29505.jpg,1904,1900,-4
29510.jpg,1904,1900,-4
29515.jpg,1904,1905,1
29520.jpg,1904,1905,1
29525.jpg,1904,1910,6
29530.jpg,1904,1900,-4
29535.jpg,1904,1920,16
29540.jpg,1904,1920,16
29550.jpg,1904,1820,-84
29555.jpg,1904,1940,36
29560.jpg,1904,1925,21
29565.jpg,1904,1903,-1
29570.jpg,1904,1850,-54
29575.jpg,1904,1900,-4
29580.jpg,1904,1850,-54
29585.jpg,1904,1900,-4
29590.jpg,1904,1890,-14
29595.jpg,1904,1850,-54
29600.jpg,1904,1905,1
29605.jpg,1904,1975,71
29610.jpg,1904,1885,-19
29615.jpg,1904,1900,-4
29620.jpg,1904,1905,1
29625.jpg,1904,1900,-4
29630.jpg,1904,1905,1
29635.jpg,1904,1920,16
29640.jpg,1904,1850,-54
29645.jpg,1904,1900,-4
29650.jpg,1904,1905,1
29655.jpg,1904,1900,-4
29660.jpg,1904,1925,21
29665.jpg,1904,1920,16
29670.jpg,1904,1885,-19
29675.jpg,1904,1930,26
29680.jpg,1904,1900,-4
29685.jpg,1904,1900,-4
29690.jpg,1904,1975,71
29695.jpg,1904,1930,26
29700.jpg,1904,1900,-4
29705.jpg,1904,1880,-24
29710.jpg,1904,1890,-14
29715.jpg,1904,1910,6
29720.jpg,1904,1850,-54
29725.jpg,1904,1960,56
29730.jpg,1904,1880,-24
29735.jpg,1904,1900,-4
29740.jpg,1904,1900,-4
29745.jpg,1904,1900,-4
29750.jpg,1904,1890,-14
29755.jpg,1904,1890,-14
29760.jpg,1904,1900,-4
29765.jpg,1904,1900,-4
29770.jpg,1904,1970,66
29775.jpg,1904,1950,46
29780.jpg,1904,1904,0
29790.jpg,1904,1900,-4
29795.jpg,1904,1900,-4
29800.jpg,1904,1905,1
29805.jpg,1904,1900,-4
29810.jpg,1904,1880,-24
29815.jpg,1904,1900,-4
29820.jpg,1904,1905,1
29825.jpg,1904,1890,-14
29830.jpg,1905,1905,0
29835.jpg,1905,1970,65
29840.jpg,1905,1900,-5
29845.jpg,1905,1920,15
29850.jpg,1905,1975,70
29855.jpg,1905,1920,15
29860.jpg,1905,1970,65
29865.jpg,1905,1900,-5
29870.jpg,1905,1870,-35
29875.jpg,1905,1910,5
29880.jpg,1905,1890,-15
29885.jpg,1905,1950,45
29890.jpg,1905,1850,-55
29895.jpg,1905,1900,-5
29900.jpg,1905,1920,15
29905.jpg,1905,1930,25
29910.jpg,1905,1920,15
29915.jpg,1905,1900,-5
29920.jpg,1905,1900,-5
29925.jpg,1905,1910,5
29930.jpg,1905,1900,-5
29935.jpg,1905,1920,15
29940.jpg,1905,1880,-25
29945.jpg,1905,1905,0
29950.jpg,1905,1920,15
29960.jpg,1905,1975,70
29965.jpg,1905,1900,-5
29970.jpg,1905,1905,0
29975.jpg,1905,1900,-5
29980.jpg,1905,1970,65
29985.jpg,1905,1920,15
29990.jpg,1905,1881,-24
29995.jpg,1905,1900,-5
30000.jpg,1905,1900,-5
30005.jpg,1905,1930,25
30015.jpg,1905,1850,-55
30020.jpg,1905,1975,70
30025.jpg,1905,1890,-15
30030.jpg,1905,1880,-25
30035.jpg,1905,1900,-5
30040.jpg,1905,1970,65
30045.jpg,1905,1850,-55
30050.jpg,1905,1975,70
30055.jpg,1905,1940,35
30060.jpg,1905,1900,-5
30065.jpg,1905,1890,-15
30070.jpg,1905,1910,5
30075.jpg,1905,1850,-55
30080.jpg,1905,1905,0
30085.jpg,1905,1925,20
30090.jpg,1905,1850,-55
30095.jpg,1905,1880,-25
30100.jpg,1905,1800,-105
30105.jpg,1905,1890,-15
30110.jpg,1905,1950,45
30115.jpg,1905,1890,-15
30120.jpg,1905,1900,-5
30125.jpg,1905,1905,0
30130.jpg,1905,1900,-5
30135.jpg,1905,1910,5
30140.jpg,1905,1910,5
30145.jpg,1905,1900,-5
30155.jpg,1905,1900,-5
30160.jpg,1905,1900,-5
30165.jpg,1905,1830,-75
30170.jpg,1905,1900,-5
30175.jpg,1905,1900,-5
30180.jpg,1905,1960,55
30185.jpg,1905,1905,0
30190.jpg,1905,1890,-15
30195.jpg,1905,1830,-75
30200.jpg,1905,1900,-5
30205.jpg,1905,1980,75
30210.jpg,1905,1800,-105
30215.jpg,1905,1905,0
30220.jpg,1905,1920,15
30225.jpg,1905,1900,-5
30230.jpg,1905,1950,45
30235.jpg,1905,1885,-20
30240.jpg,1905,1905,0
30245.jpg,1905,1900,-5
30250.jpg,1905,1850,-55
30255.jpg,1905,1900,-5
30260.jpg,1905,1910,5
30265.jpg,1905,1865,-40
30270.jpg,1905,1950,45
30275.jpg,1905,1905,0
30280.jpg,1905,1970,65
30285.jpg,1905,1925,20
30290.jpg,1905,1980,75
30295.jpg,1906,1900,-6
30300.jpg,1906,1900,-6
30305.jpg,1906,1915,9
30310.jpg,1906,1905,-1
30315.jpg,1906,1925,19
30320.jpg,1906,1975,69
30325.jpg,1906,1970,64
30330.jpg,1906,1850,-56
30335.jpg,1906,1950,44
30340.jpg,1906,1905,-1
30345.jpg,1906,1900,-6
30350.jpg,1906,1950,44
30355.jpg,1906,1950,44
30360.jpg,1906,1905,-1
30365.jpg,1906,1900,-6
30370.jpg,1906,1910,4
30375.jpg,1906,1930,24
30380.jpg,1906,1905,-1
30385.jpg,1906,1890,-16
30390.jpg,1906,1900,-6
30395.jpg,1906,1850,-56
30400.jpg,1906,1920,14
30405.jpg,1906,1900,-6
30410.jpg,1906,1905,-1
30415.jpg,1906,1905,-1
30420.jpg,1906,1970,64
30425.jpg,1906,1900,-6
30430.jpg,1906,1900,-6
30435.jpg,1906,1900,-6
30440.jpg,1906,1960,54
30445.jpg,1906,1800,-106
30450.jpg,1906,1850,-56
30455.jpg,1906,1860,-46
30460.jpg,1906,1850,-56
30465.jpg,1906,1900,-6
30470.jpg,1906,1830,-76
30475.jpg,1906,1900,-6
30480.jpg,1906,1910,4
30485.jpg,1906,1890,-16
30490.jpg,1906,1850,-56
30495.jpg,1906,1900,-6
30500.jpg,1906,1890,-16
30505.jpg,1906,1910,4
30510.jpg,1906,1900,-6
30515.jpg,1906,1920,14
30520.jpg,1906,1890,-16
30525.jpg,1906,1890,-16
30530.jpg,1906,1890,-16
30535.jpg,1906,1890,-16
30540.jpg,1906,1835,-71
30545.jpg,1906,1930,24
30550.jpg,1906,1850,-56
30555.jpg,1906,1905,-1
30560.jpg,1906,1900,-6
30565.jpg,1906,1880,-26
30570.jpg,1906,1890,-16
30575.jpg,1906,1930,24
30580.jpg,1906,1930,24
30585.jpg,1906,1900,-6
30590.jpg,1906,1890,-16
30595.jpg,1906,1920,14
30600.jpg,1906,1900,-6
30605.jpg,1906,1900,-6
30610.jpg,1906,1900,-6
30615.jpg,1906,1905,-1
30620.jpg,1906,1890,-16
30625.jpg,1906,1850,-56
30630.jpg,1906,1900,-6
30635.jpg,1906,1930,24
30640.jpg,1906,1905,-1
30645.jpg,1906,1920,14
30650.jpg,1906,1830,-76
30655.jpg,1906,1900,-6
30665.jpg,1906,1900,-6
30670.jpg,1906,1905,-1
30685.jpg,1906,1905,-1
30690.jpg,1906,1910,4
30695.jpg,1906,1905,-1
30700.jpg,1906,1900,-6
30705.jpg,1906,1900,-6
30710.jpg,1906,1920,14
30715.jpg,1906,1970,64
30720.jpg,1906,1920,14
30725.jpg,1906,1905,-1
30730.jpg,1906,1975,69
30740.jpg,1906,1850,-56
30745.jpg,1906,1900,-6
30750.jpg,1906,1905,-1
30760.jpg,1907,1905,-2
30765.jpg,1907,1930,23
30770.jpg,1907,1890,-17
30780.jpg,1907,1975,68
30785.jpg,1907,1920,13
30790.jpg,1907,2000,93
30795.jpg,1907,1900,-7
30800.jpg,1907,1900,-7
30805.jpg,1907,1850,-57
30810.jpg,1907,1900,-7
30815.jpg,1907,1945,38
30820.jpg,1907,1920,13
30825.jpg,1907,1920,13
30830.jpg,1907,1905,-2
30835.jpg,1907,1925,18
30840.jpg,1907,1900,-7
30845.jpg,1907,1920,13
30855.jpg,1907,1900,-7
30860.jpg,1907,1900,-7
30865.jpg,1907,1900,-7
30870.jpg,1907,1900,-7
30875.jpg,1907,1900,-7
30880.jpg,1907,1920,13
30885.jpg,1907,1900,-7
30895.jpg,1907,1920,13
30900.jpg,1907,1900,-7
30905.jpg,1907,1900,-7
30910.jpg,1907,1970,63
30915.jpg,1907,1910,3
30920.jpg,1907,1960,53
30925.jpg,1907,1920,13
30930.jpg,1907,1830,-77
30935.jpg,1907,1950,43
30940.jpg,1907,2015,108
30945.jpg,1907,1970,63
30950.jpg,1907,1850,-57
30955.jpg,1907,1900,-7
30960.jpg,1907,1885,-22
30965.jpg,1907,1910,3
30970.jpg,1907,1905,-2
30975.jpg,1907,1900,-7
30980.jpg,1907,1900,-7
30985.jpg,1907,1910,3
30990.jpg,1907,1900,-7
30995.jpg,1907,1900,-7
31000.jpg,1907,1900,-7
31005.jpg,1907,1880,-27
31010.jpg,1907,1905,-2
31015.jpg,1907,1920,13
31020.jpg,1907,1890,-17
31025.jpg,1907,1900,-7
31030.jpg,1907,1800,-107
31035.jpg,1907,1920,13
31040.jpg,1907,1800,-107
31045.jpg,1907,1900,-7
31050.jpg,1907,1880,-27
31055.jpg,1907,1830,-77
31060.jpg,1907,1900,-7
31065.jpg,1907,1885,-22
31070.jpg,1907,1900,-7
31075.jpg,1907,1890,-17
31080.jpg,1907,1900,-7
31085.jpg,1907,1910,3
31090.jpg,1907,1900,-7
31095.jpg,1907,1900,-7
31100.jpg,1907,1800,-107
31105.jpg,1907,1920,13
31110.jpg,1907,1900,-7
31115.jpg,1907,1885,-22
31120.jpg,1907,1900,-7
31125.jpg,1907,1900,-7
31130.jpg,1907,1900,-7
31135.jpg,1907,1900,-7
31140.jpg,1907,1980,73
31150.jpg,1907,1900,-7
31155.jpg,1907,1900,-7
31160.jpg,1907,2015,108
31165.jpg,1907,1930,23
31170.jpg,1907,2000,93
31175.jpg,1907,1905,-2
31180.jpg,1907,1950,43
31185.jpg,1907,1950,43
31190.jpg,1907,1970,63
31195.jpg,1907,1900,-7
31200.jpg,1907,2000,93
31205.jpg,1907,1900,-7
31210.jpg,1907,1900,-7
31215.jpg,1907,1930,23
31220.jpg,1907,1800,-107
31225.jpg,1907,1970,63
31230.jpg,1907,1970,63
31235.jpg,1907,1900,-7
31240.jpg,1907,1900,-7
31245.jpg,1907,1900,-7
31250.jpg,1907,1910,3
31255.jpg,1907,1880,-27
31260.jpg,1907,1950,43
31265.jpg,1907,1920,13
31270.jpg,1907,1940,33
31275.jpg,1907,1905,-2
31280.jpg,1907,1920,13
31285.jpg,1907,2010,103
31290.jpg,1907,1920,13
31295.jpg,1907,1925,18
31300.jpg,1907,1975,68
31305.jpg,1907,1925,18
31310.jpg,1908,1900,-8
31315.jpg,1908,1930,22
31320.jpg,1908,1950,42
31325.jpg,1908,1900,-8
31330.jpg,1908,1750,-158
31335.jpg,1908,1950,42
31345.jpg,1908,1975,67
31350.jpg,1908,1920,12
31355.jpg,1908,1900,-8
31360.jpg,1908,1920,12
31365.jpg,1908,1900,-8
31370.jpg,1908,1920,12
31380.jpg,1908,1800,-108
31385.jpg,1908,1920,12
31390.jpg,1908,1910,2
31395.jpg,1908,1905,-3
31400.jpg,1908,1920,12
31405.jpg,1908,1925,17
31410.jpg,1908,1900,-8
31415.jpg,1908,1900,-8
31420.jpg,1908,1850,-58
31425.jpg,1908,2000,92
31430.jpg,1908,1900,-8
31435.jpg,1908,1900,-8
31440.jpg,1908,1900,-8
31445.jpg,1908,1910,2
31450.jpg,1908,1930,22
31455.jpg,1908,1920,12
31460.jpg,1908,1900,-8
31465.jpg,1908,1920,12
31470.jpg,1908,1900,-8
31475.jpg,1908,1900,-8
31480.jpg,1908,1800,-108
31485.jpg,1908,1850,-58
31490.jpg,1908,1850,-58
31500.jpg,1908,1900,-8
31505.jpg,1908,1905,-3
31510.jpg,1908,1905,-3
31515.jpg,1908,1890,-18
31520.jpg,1908,1900,-8
31525.jpg,1908,1900,-8
31530.jpg,1908,1970,62
31535.jpg,1908,1900,-8
31540.jpg,1908,1900,-8
31545.jpg,1908,1900,-8
31550.jpg,1908,1900,-8
31555.jpg,1908,1890,-18
31560.jpg,1908,1890,-18
31565.jpg,1908,1800,-108
31570.jpg,1908,1900,-8
31575.jpg,1908,1810,-98
31580.jpg,1908,1905,-3
31585.jpg,1908,1880,-28
31590.jpg,1908,1890,-18
31595.jpg,1908,1915,7
31600.jpg,1908,1890,-18
31605.jpg,1908,1970,62
31610.jpg,1908,1900,-8
31620.jpg,1908,1900,-8
31625.jpg,1908,1970,62
31630.jpg,1908,1900,-8
31635.jpg,1908,1920,12
31640.jpg,1908,1900,-8
31645.jpg,1908,1905,-3
31650.jpg,1908,1900,-8
31655.jpg,1908,1900,-8
31660.jpg,1908,1970,62
31665.jpg,1908,1890,-18
31670.jpg,1908,1880,-28
31675.jpg,1908,1900,-8
31680.jpg,1908,1800,-108
31685.jpg,1908,1905,-3
31690.jpg,1908,1900,-8
31695.jpg,1908,1905,-3
31700.jpg,1908,1900,-8
31705.jpg,1908,1860,-48
31710.jpg,1908,1905,-3
31715.jpg,1908,1900,-8
31720.jpg,1908,1900,-8
31725.jpg,1908,1920,12
31730.jpg,1908,1900,-8
31735.jpg,1908,1950,42
31740.jpg,1908,2000,92
31745.jpg,1908,1885,-23
31750.jpg,1908,1940,32
31755.jpg,1908,1900,-8
31760.jpg,1908,1915,7
31765.jpg,1909,1900,-9
31770.jpg,1909,1900,-9
31775.jpg,1909,1900,-9
31780.jpg,1909,1900,-9
31785.jpg,1909,2020,111
31790.jpg,1909,1980,71
31805.jpg,1909,1975,66
31815.jpg,1909,1900,-9
31820.jpg,1909,1960,51
31825.jpg,1909,1920,11
31830.jpg,1909,1900,-9
31835.jpg,1909,1920,11
31840.jpg,1909,1900,-9
31845.jpg,1909,1900,-9
31850.jpg,1909,1900,-9
31855.jpg,1909,1900,-9
31860.jpg,1909,1930,21
31865.jpg,1909,1920,11
31870.jpg,1909,1920,11
31875.jpg,1909,1900,-9
31880.jpg,1909,1910,1
31885.jpg,1909,1900,-9
31890.jpg,1909,1900,-9
31895.jpg,1909,1890,-19
31900.jpg,1909,1905,-4
31905.jpg,1909,1900,-9
31910.jpg,1909,1930,21
31915.jpg,1909,1900,-9
31920.jpg,1909,1850,-59
31925.jpg,1909,2000,91
31930.jpg,1909,1905,-4
31935.jpg,1909,1945,36
31940.jpg,1909,1905,-4
31945.jpg,1909,1910,1
31950.jpg,1909,1920,11
31955.jpg,1909,1900,-9
31960.jpg,1909,1950,41
31970.jpg,1909,1900,-9
31975.jpg,1909,1890,-19
31980.jpg,1909,1910,1
31985.jpg,1909,1880,-29
31990.jpg,1909,1890,-19
31995.jpg,1909,1920,11
32005.jpg,1909,1800,-109
32015.jpg,1909,1900,-9
32020.jpg,1909,1900,-9
32025.jpg,1909,1800,-109
32030.jpg,1909,1910,1
32035.jpg,1909,1800,-109
32045.jpg,1909,1925,16
32050.jpg,1909,1900,-9
32055.jpg,1909,1910,1
32060.jpg,1909,1900,-9
32065.jpg,1909,1900,-9
32070.jpg,1909,1905,-4
32075.jpg,1909,1930,21
32080.jpg,1909,1900,-9
32085.jpg,1909,1900,-9
32090.jpg,1909,1905,-4
32095.jpg,1909,1900,-9
32100.jpg,1909,1905,-4
32105.jpg,1909,1920,11
32110.jpg,1909,2005,96
32115.jpg,1909,1900,-9
32120.jpg,1909,1920,11
32125.jpg,1909,1900,-9
32130.jpg,1909,1920,11
32135.jpg,1909,1850,-59
32140.jpg,1909,1890,-19
32145.jpg,1909,1900,-9
32150.jpg,1909,1890,-19
32155.jpg,1909,1940,31
32160.jpg,1909,1875,-34
32165.jpg,1909,1920,11
32170.jpg,1909,1910,1
32175.jpg,1909,1850,-59
32180.jpg,1909,1930,21
32185.jpg,1909,1910,1
32190.jpg,1909,1800,-109
32195.jpg,1909,1920,11
32200.jpg,1909,1925,16
32205.jpg,1909,1940,31
32210.jpg,1909,1905,-4
32215.jpg,1909,1920,11
32220.jpg,1909,1900,-9
32225.jpg,1909,1975,66
32230.jpg,1910,1795,-115
32235.jpg,1910,1900,-10
32240.jpg,1910,1905,-5
32245.jpg,1910,2000,90
32255.jpg,1910,1900,-10
32260.jpg,1910,1970,60
32265.jpg,1910,1970,60
32270.jpg,1910,1975,65
32275.jpg,1910,1975,65
32280.jpg,1910,1930,20
32285.jpg,1910,1900,-10
32290.jpg,1910,1900,-10
32295.jpg,1910,1900,-10
32300.jpg,1910,1890,-20
32305.jpg,1910,1940,30
32310.jpg,1910,1900,-10
32315.jpg,1910,1910,0
32320.jpg,1910,1880,-30
32325.jpg,1910,1905,-5
32330.jpg,1910,1925,15
32335.jpg,1910,1925,15
32340.jpg,1910,1800,-110
32345.jpg,1910,1900,-10
32350.jpg,1910,1920,10
32355.jpg,1910,1900,-10
32360.jpg,1910,1930,20
32365.jpg,1910,1920,10
32370.jpg,1910,1950,40
32375.jpg,1910,1925,15
32380.jpg,1910,1900,-10
32385.jpg,1910,1975,65
32390.jpg,1910,1900,-10
32395.jpg,1910,1970,60
32400.jpg,1910,1900,-10
32405.jpg,1910,1800,-110
32410.jpg,1910,1930,20
32415.jpg,1910,1750,-160
32420.jpg,1910,1850,-60
32425.jpg,1910,1900,-10
32430.jpg,1910,1895,-15
32435.jpg,1910,1885,-25
32440.jpg,1910,1900,-10
32445.jpg,1910,1830,-80
32450.jpg,1910,1900,-10
32455.jpg,1910,1900,-10
32460.jpg,1910,1910,0
32465.jpg,1910,1910,0
32470.jpg,1910,1850,-60
32475.jpg,1910,1910,0
32480.jpg,1910,1900,-10
32485.jpg,1910,1920,10
32490.jpg,1910,1900,-10
32495.jpg,1910,1900,-10
32500.jpg,1910,1925,15
32505.jpg,1910,1920,10
32510.jpg,1910,1900,-10
32515.jpg,1910,1920,10
32520.jpg,1910,1915,5
32525.jpg,1910,1890,-20
32530.jpg,1910,1900,-10
32535.jpg,1910,1950,40
32540.jpg,1910,1900,-10
32545.jpg,1910,1920,10
32550.jpg,1910,1905,-5
32555.jpg,1910,1900,-10
32560.jpg,1910,1950,40
32565.jpg,1910,1905,-5
32570.jpg,1910,1870,-40
32575.jpg,1910,1880,-30
32580.jpg,1910,1900,-10
32585.jpg,1910,1905,-5
32590.jpg,1910,1900,-10
32595.jpg,1910,1900,-10
32600.jpg,1910,1885,-25
32605.jpg,1910,1900,-10
32610.jpg,1910,1905,-5
32615.jpg,1910,1905,-5
32620.jpg,1910,1925,15
32625.jpg,1910,1820,-90
32630.jpg,1910,1915,5
32635.jpg,1910,1900,-10
32640.jpg,1910,1905,-5
32645.jpg,1910,1910,0
32650.jpg,1910,1850,-60
32655.jpg,1910,1940,30
32660.jpg,1910,1920,10
32665.jpg,1910,1905,-5
32675.jpg,1910,1920,10
32680.jpg,1910,1900,-10
32685.jpg,1910,1900,-10
32690.jpg,1910,1910,0
32695.jpg,1910,2015,105
32700.jpg,1910,1920,10
32705.jpg,1910,1860,-50
32710.jpg,1910,1900,-10
32715.jpg,1910,1950,40
32720.jpg,1910,1920,10
32725.jpg,1910,1905,-5
32730.jpg,1910,1950,40
32735.jpg,1910,1850,-60
32740.jpg,1911,1900,-11
32745.jpg,1911,1930,19
32750.jpg,1911,1925,14
32755.jpg,1911,1935,24
32760.jpg,1911,1900,-11
32765.jpg,1911,1880,-31
32770.jpg,1911,1900,-11
32775.jpg,1911,1920,9
32780.jpg,1911,1990,79
32785.jpg,1911,1970,59
32790.jpg,1911,1900,-11
32795.jpg,1911,1915,4
32800.jpg,1911,1975,64
32805.jpg,1911,1880,-31
32810.jpg,1911,1800,-111
32815.jpg,1911,1850,-61
32820.jpg,1911,1920,9
32825.jpg,1911,1905,-6
32830.jpg,1911,1900,-11
32835.jpg,1911,1902,-9
32840.jpg,1911,1975,64
32845.jpg,1911,1900,-11
32850.jpg,1911,1930,19
32855.jpg,1911,1900,-11
32860.jpg,1911,1975,64
32865.jpg,1911,1905,-6
32870.jpg,1911,1925,14
32875.jpg,1911,1905,-6
32885.jpg,1911,1900,-11
32890.jpg,1911,1930,19
32895.jpg,1911,1900,-11
32900.jpg,1911,1880,-31
32905.jpg,1911,1900,-11
32910.jpg,1911,1900,-11
32915.jpg,1911,1900,-11
32920.jpg,1911,1900,-11
32925.jpg,1911,1920,9
32930.jpg,1911,1930,19
32935.jpg,1911,1970,59
32940.jpg,1911,1905,-6
32945.jpg,1911,1920,9
32950.jpg,1911,2005,94
32955.jpg,1911,1930,19
32960.jpg,1911,1920,9
32965.jpg,1911,1980,69
32970.jpg,1911,1850,-61
32975.jpg,1911,1850,-61
32980.jpg,1911,1900,-11
32985.jpg,1911,1900,-11
32990.jpg,1911,1880,-31
32995.jpg,1911,1900,-11
33000.jpg,1911,1920,9
33005.jpg,1911,1800,-111
33010.jpg,1911,1910,-1
33015.jpg,1911,1890,-21
33020.jpg,1911,1905,-6
33025.jpg,1911,1850,-61
33030.jpg,1911,1880,-31
33035.jpg,1911,1965,54
33040.jpg,1911,1900,-11
33045.jpg,1911,1900,-11
33050.jpg,1911,1975,64
33055.jpg,1911,1910,-1
33060.jpg,1911,1920,9
33065.jpg,1911,1885,-26
33070.jpg,1911,1970,59
33075.jpg,1911,1905,-6
33080.jpg,1911,1900,-11
33085.jpg,1911,1905,-6
33090.jpg,1911,1885,-26
33095.jpg,1911,1880,-31
33100.jpg,1911,1600,-311
33105.jpg,1911,1860,-51
33110.jpg,1911,1920,9
33115.jpg,1911,1800,-111
33120.jpg,1911,1905,-6
33125.jpg,1911,1980,69
33130.jpg,1911,1950,39
33135.jpg,1911,1920,9
33140.jpg,1911,1900,-11
33145.jpg,1911,1800,-111
33150.jpg,1911,1500,-411
33155.jpg,1911,1950,39
33160.jpg,1911,1950,39
33165.jpg,1911,1920,9
33170.jpg,1911,1920,9
33175.jpg,1911,1950,39
33180.jpg,1911,1900,-11
33185.jpg,1911,1910,-1
33190.jpg,1911,1930,19
33195.jpg,1911,2005,94
33200.jpg,1911,1910,-1
33205.jpg,1911,1900,-11
33210.jpg,1911,1875,-36
33215.jpg,1911,1920,9
33220.jpg,1911,1910,-1
33225.jpg,1911,1925,14
33230.jpg,1911,1900,-11
33235.jpg,1911,1900,-11
33240.jpg,1911,1750,-161
33245.jpg,1911,1920,9
33250.jpg,1911,1930,19
33255.jpg,1911,1875,-36
33260.jpg,1911,1910,-1
33265.jpg,1911,1920,9
33270.jpg,1911,1900,-11
33275.jpg,1911,1900,-11
33280.jpg,1912,1900,-12
33285.jpg,1912,1900,-12
33290.jpg,1912,1890,-22
33295.jpg,1912,1920,8
33300.jpg,1912,1900,-12
33310.jpg,1912,1960,48
33315.jpg,1912,1980,68
33320.jpg,1912,1980,68
33325.jpg,1912,1930,18
33330.jpg,1912,2010,98
33335.jpg,1912,1950,38
33340.jpg,1912,1900,-12
33345.jpg,1912,1975,63
33350.jpg,1912,1870,-42
33355.jpg,1912,1930,18
33360.jpg,1912,1920,8
33365.jpg,1912,1900,-12
33375.jpg,1912,1920,8
33380.jpg,1912,1930,18
33385.jpg,1912,1970,58
33390.jpg,1912,1900,-12
33395.jpg,1912,2000,88
33400.jpg,1912,1905,-7
33405.jpg,1912,2010,98
33410.jpg,1912,1880,-32
33415.jpg,1912,1925,13
33420.jpg,1912,1910,-2
33425.jpg,1912,1920,8
33430.jpg,1912,1920,8
33435.jpg,1912,1910,-2
33440.jpg,1912,1905,-7
33445.jpg,1912,1920,8
33450.jpg,1912,1900,-12
33455.jpg,1912,1900,-12
33460.jpg,1912,2010,98
33465.jpg,1912,1900,-12
33470.jpg,1912,1910,-2
33475.jpg,1912,1900,-12
33480.jpg,1912,1960,48
33485.jpg,1912,1950,38
33490.jpg,1912,1890,-22
33495.jpg,1912,1940,28
33500.jpg,1912,1950,38
33505.jpg,1912,1900,-12
33510.jpg,1912,1900,-12
33515.jpg,1912,1940,28
33520.jpg,1912,1910,-2
33525.jpg,1912,1875,-37
33530.jpg,1912,1850,-62
33535.jpg,1912,1920,8
33540.jpg,1912,1900,-12
33545.jpg,1912,1880,-32
33550.jpg,1912,1925,13
33555.jpg,1912,1900,-12
33560.jpg,1912,1800,-112
33565.jpg,1912,1900,-12
33570.jpg,1912,1900,-12
33580.jpg,1912,1750,-162
33585.jpg,1912,1900,-12
33590.jpg,1912,1905,-7
33595.jpg,1912,1890,-22
33600.jpg,1912,1900,-12
33605.jpg,1912,1905,-7
33615.jpg,1912,1970,58
33620.jpg,1912,1900,-12
33625.jpg,1912,1905,-7
33630.jpg,1912,1850,-62
33635.jpg,1912,1925,13
33640.jpg,1912,1890,-22
33645.jpg,1912,1890,-22
33650.jpg,1912,1900,-12
33655.jpg,1912,1910,-2
33660.jpg,1912,1900,-12
33665.jpg,1912,1900,-12
33670.jpg,1912,1905,-7
33675.jpg,1912,2000,88
33680.jpg,1912,1890,-22
33685.jpg,1912,1930,18
33690.jpg,1912,1970,58
33695.jpg,1912,1850,-62
33700.jpg,1912,1920,8
33705.jpg,1912,1900,-12
33710.jpg,1912,1920,8
33715.jpg,1912,1920,8
33720.jpg,1912,1910,-2
33725.jpg,1912,1940,28
33735.jpg,1912,1800,-112
33740.jpg,1912,1905,-7
33745.jpg,1912,1950,38
33750.jpg,1912,1910,-2
33755.jpg,1912,1905,-7
33760.jpg,1912,1900,-12
33765.jpg,1913,1925,12
33770.jpg,1913,1820,-93
33775.jpg,1913,1900,-13
33780.jpg,1913,1905,-8
33785.jpg,1913,1900,-13
33790.jpg,1913,1900,-13
33795.jpg,1913,1920,7
33800.jpg,1913,1900,-13
33805.jpg,1913,1900,-13
33810.jpg,1913,1900,-13
33815.jpg,1913,1940,27
33820.jpg,1913,1940,27
33825.jpg,1913,1910,-3
33830.jpg,1913,1900,-13
33840.jpg,1913,1915,2
33845.jpg,1913,1905,-8
33850.jpg,1913,1920,7
33855.jpg,1913,1900,-13
33860.jpg,1913,1900,-13
33865.jpg,1913,1920,7
33870.jpg,1913,1900,-13
33875.jpg,1913,1920,7
33880.jpg,1913,1900,-13
33885.jpg,1913,1920,7
33890.jpg,1913,1920,7
33895.jpg,1913,1960,47
33900.jpg,1913,1920,7
33905.jpg,1913,1900,-13
33910.jpg,1913,1850,-63
33915.jpg,1913,1920,7
33920.jpg,1913,1910,-3
33925.jpg,1913,1925,12
33930.jpg,1913,1900,-13
33935.jpg,1913,1920,7
33940.jpg,1913,1930,17
33945.jpg,1913,1905,-8
33950.jpg,1913,1900,-13
33955.jpg,1913,2005,92
33960.jpg,1913,1850,-63
33965.jpg,1913,1920,7
33970.jpg,1913,1945,32
33975.jpg,1913,1910,-3
33980.jpg,1913,1950,37
33985.jpg,1913,1960,47
33990.jpg,1913,1850,-63
33995.jpg,1913,1900,-13
34000.jpg,1913,1950,37
34005.jpg,1913,1965,52
34010.jpg,1913,1850,-63
34015.jpg,1913,1750,-163
34020.jpg,1913,1920,7
34025.jpg,1913,1920,7
34030.jpg,1913,2000,87
34035.jpg,1913,1910,-3
34040.jpg,1913,1900,-13
34045.jpg,1913,1945,32
34050.jpg,1913,1900,-13
34055.jpg,1913,1925,12
34060.jpg,1913,1890,-23
34065.jpg,1913,1900,-13
34070.jpg,1913,1900,-13
34080.jpg,1913,1900,-13
34085.jpg,1913,1890,-23
34090.jpg,1913,1910,-3
34095.jpg,1913,1900,-13
34100.jpg,1913,1920,7
34105.jpg,1913,1900,-13
34110.jpg,1913,1900,-13
34115.jpg,1913,1925,12
34120.jpg,1913,1800,-113
34125.jpg,1913,1970,57
34130.jpg,1913,1900,-13
34135.jpg,1913,1905,-8
34140.jpg,1913,1920,7
34145.jpg,1913,1930,17
34150.jpg,1913,1905,-8
34155.jpg,1913,1900,-13
34160.jpg,1913,1850,-63
34165.jpg,1913,1925,12
34170.jpg,1913,1900,-13
34175.jpg,1913,1900,-13
34180.jpg,1913,1800,-113
34185.jpg,1913,1880,-33
34190.jpg,1913,1925,12
34195.jpg,1913,1800,-113
34200.jpg,1913,1900,-13
34205.jpg,1913,1905,-8
34210.jpg,1913,1920,7
34215.jpg,1913,1920,7
34220.jpg,1913,2000,87
34225.jpg,1914,1930,16
34230.jpg,1914,1905,-9
34235.jpg,1914,1930,16
34240.jpg,1914,1900,-14
34245.jpg,1914,1980,66
34250.jpg,1914,1930,16
34260.jpg,1914,2020,106
34265.jpg,1914,1925,11
34270.jpg,1914,1920,6
34275.jpg,1914,1930,16
34280.jpg,1914,1900,-14
34285.jpg,1914,1920,6
34290.jpg,1914,1905,-9
34295.jpg,1914,1920,6
34300.jpg,1914,1930,16
34305.jpg,1914,1930,16
34310.jpg,1914,1930,16
34315.jpg,1914,1900,-14
34320.jpg,1914,1920,6
34325.jpg,1914,1900,-14
34330.jpg,1914,1920,6
34335.jpg,1914,1910,-4
34345.jpg,1914,1940,26
34350.jpg,1914,1820,-94
34360.jpg,1914,1925,11
34365.jpg,1914,1900,-14
34370.jpg,1914,1920,6
34375.jpg,1914,1905,-9
34380.jpg,1914,1910,-4
34385.jpg,1914,1970,56
34390.jpg,1914,1910,-4
34395.jpg,1914,1910,-4
34400.jpg,1914,1860,-54
34405.jpg,1914,1900,-14
34410.jpg,1914,1990,76
34415.jpg,1914,1850,-64
34420.jpg,1914,1980,66
34425.jpg,1914,1830,-84
34430.jpg,1914,1880,-34
34435.jpg,1914,1915,1
34440.jpg,1914,1850,-64
34445.jpg,1914,1900,-14
34450.jpg,1914,1900,-14
34455.jpg,1914,1800,-114
34460.jpg,1914,1880,-34
34465.jpg,1914,1905,-9
34470.jpg,1914,1900,-14
34475.jpg,1914,1900,-14
34480.jpg,1914,1920,6
34485.jpg,1914,1905,-9
34490.jpg,1914,1910,-4
34495.jpg,1914,1890,-24
34500.jpg,1914,1870,-44
34505.jpg,1914,2000,86
34515.jpg,1914,1800,-114
34520.jpg,1914,1895,-19
34525.jpg,1914,1900,-14
34530.jpg,1914,1880,-34
34535.jpg,1914,1900,-14
34540.jpg,1914,1905,-9
34545.jpg,1914,1930,16
34550.jpg,1914,1915,1
34555.jpg,1914,1830,-84
34560.jpg,1914,1900,-14
34565.jpg,1914,1900,-14
34570.jpg,1914,2000,86
34575.jpg,1914,1900,-14
34580.jpg,1914,1950,36
34590.jpg,1914,1900,-14
34595.jpg,1914,1920,6
34600.jpg,1914,1905,-9
34605.jpg,1914,1870,-44
34610.jpg,1914,1900,-14
34615.jpg,1914,1920,6
34620.jpg,1914,1800,-114
34625.jpg,1914,1905,-9
34630.jpg,1914,1900,-14
34635.jpg,1914,1900,-14
34640.jpg,1914,1900,-14
34645.jpg,1914,1930,16
34650.jpg,1914,1920,6
34655.jpg,1914,1915,1
34660.jpg,1914,1930,16
34665.jpg,1914,1920,6
34670.jpg,1914,1900,-14
34675.jpg,1914,1900,-14
34680.jpg,1914,1902,-12
34685.jpg,1914,1930,16
34690.jpg,1914,1900,-14
34695.jpg,1914,1900,-14
34700.jpg,1914,1900,-14
34705.jpg,1914,1950,36
34710.jpg,1914,1920,6
34715.jpg,1914,1920,6
34720.jpg,1915,1820,-95
34725.jpg,1915,1980,65
34730.jpg,1915,1915,0
34735.jpg,1915,1920,5
34740.jpg,1915,1915,0
34750.jpg,1915,1920,5
34755.jpg,1915,1950,35
34765.jpg,1915,1920,5
34770.jpg,1915,1920,5
34775.jpg,1915,1920,5
34780.jpg,1915,1900,-15
34785.jpg,1915,1900,-15
34790.jpg,1915,1920,5
34795.jpg,1915,1850,-65
34800.jpg,1915,1945,30
34805.jpg,1915,1900,-15
34810.jpg,1915,1920,5
34815.jpg,1915,1930,15
34820.jpg,1915,1980,65
34825.jpg,1915,1925,10
34830.jpg,1915,1905,-10
34835.jpg,1915,1930,15
34840.jpg,1915,1940,25
34845.jpg,1915,1975,60
34850.jpg,1915,1900,-15
34855.jpg,1915,1920,5
34860.jpg,1915,1930,15
34865.jpg,1915,1905,-10
34870.jpg,1915,1940,25
34875.jpg,1915,1975,60
34880.jpg,1915,1900,-15
34885.jpg,1915,1930,15
34890.jpg,1915,1800,-115
34895.jpg,1915,1940,25
34900.jpg,1915,1930,15
34905.jpg,1915,1930,15
34910.jpg,1915,1970,55
34915.jpg,1915,1930,15
34920.jpg,1915,1900,-15
34925.jpg,1915,1850,-65
34930.jpg,1915,1950,35
34935.jpg,1915,1905,-10
34940.jpg,1915,1890,-25
34945.jpg,1915,1900,-15
34950.jpg,1915,1950,35
34955.jpg,1915,1870,-45
34960.jpg,1915,1930,15
34965.jpg,1915,2000,85
34970.jpg,1915,1975,60
34975.jpg,1915,1905,-10
34980.jpg,1915,1905,-10
34985.jpg,1915,1930,15
34990.jpg,1915,1920,5
34995.jpg,1915,1885,-30
35000.jpg,1915,1830,-85
35005.jpg,1915,1920,5
35010.jpg,1915,1975,60
35015.jpg,1915,1900,-15
35020.jpg,1915,1920,5
35025.jpg,1915,1910,-5
35030.jpg,1915,1905,-10
35035.jpg,1915,1890,-25
35040.jpg,1915,1950,35
35045.jpg,1915,1900,-15
35050.jpg,1915,2000,85
35055.jpg,1915,1900,-15
35060.jpg,1915,1850,-65
35065.jpg,1915,1920,5
35070.jpg,1915,1900,-15
35075.jpg,1915,1935,20
35080.jpg,1915,1950,35
35085.jpg,1915,1905,-10
35090.jpg,1915,1970,55
35095.jpg,1915,1900,-15
35100.jpg,1915,1880,-35
35105.jpg,1915,1950,35
35110.jpg,1915,2010,95
35115.jpg,1915,1980,65
35120.jpg,1915,1930,15
35125.jpg,1915,1930,15
35130.jpg,1915,1915,0
35135.jpg,1915,1850,-65
35140.jpg,1915,1850,-65
35145.jpg,1915,1940,25
35150.jpg,1915,1970,55
35155.jpg,1915,1925,10
35160.jpg,1916,1930,14
35165.jpg,1916,1950,34
35170.jpg,1916,1900,-16
35175.jpg,1916,2020,104
35180.jpg,1916,1900,-16
35185.jpg,1916,1920,4
35190.jpg,1916,1900,-16
35195.jpg,1916,1920,4
35200.jpg,1916,1900,-16
35205.jpg,1916,1940,24
35210.jpg,1916,2000,84
35215.jpg,1916,1900,-16
35220.jpg,1916,1905,-11
35225.jpg,1916,1905,-11
35230.jpg,1916,1920,4
35235.jpg,1916,1900,-16
35240.jpg,1916,1925,9
35245.jpg,1916,1905,-11
35250.jpg,1916,1900,-16
35255.jpg,1916,1975,59
35260.jpg,1916,1900,-16
35265.jpg,1916,1920,4
35270.jpg,1916,1920,4
35275.jpg,1916,1900,-16
35280.jpg,1916,1920,4
35285.jpg,1916,1900,-16
35290.jpg,1916,1900,-16
35295.jpg,1916,1875,-41
35300.jpg,1916,1900,-16
35305.jpg,1916,1990,74
35310.jpg,1916,1900,-16
35315.jpg,1916,1900,-16
35320.jpg,1916,1950,34
35325.jpg,1916,1910,-6
35330.jpg,1916,1950,34
35335.jpg,1916,1920,4
35340.jpg,1916,1915,-1
35345.jpg,1916,1905,-11
35350.jpg,1916,1920,4
35355.jpg,1916,1920,4
35360.jpg,1916,1900,-16
35365.jpg,1916,1910,-6
35370.jpg,1916,1900,-16
35375.jpg,1916,1915,-1
35380.jpg,1916,1900,-16
35385.jpg,1916,1970,54
35390.jpg,1916,1940,24
35395.jpg,1916,1940,24
35400.jpg,1916,1920,4
35405.jpg,1916,1830,-86
35410.jpg,1916,1900,-16
35415.jpg,1916,1900,-16
35420.jpg,1916,1930,14
35425.jpg,1916,1910,-6
35430.jpg,1916,1900,-16
35435.jpg,1916,1900,-16
35440.jpg,1916,1920,4
35445.jpg,1916,1925,9
35450.jpg,1916,1940,24
35455.jpg,1916,1890,-26
35460.jpg,1916,1930,14
35465.jpg,1916,1970,54
35470.jpg,1916,1850,-66
35475.jpg,1916,1950,34
35480.jpg,1916,1920,4
35485.jpg,1916,1800,-116
35490.jpg,1916,1950,34
35495.jpg,1916,1920,4
35500.jpg,1916,1930,14
35505.jpg,1916,1890,-26
35510.jpg,1916,1830,-86
35515.jpg,1916,1950,34
35520.jpg,1916,1900,-16
35525.jpg,1916,1930,14
35530.jpg,1916,1975,59
35535.jpg,1917,1900,-17
35540.jpg,1917,1920,3
35545.jpg,1917,1920,3
35550.jpg,1917,1920,3
35555.jpg,1917,1920,3
35560.jpg,1917,1850,-67
35565.jpg,1917,1980,63
35570.jpg,1917,1900,-17
35575.jpg,1917,1920,3
35580.jpg,1917,1830,-87
35585.jpg,1917,1900,-17
35590.jpg,1917,1950,33
35595.jpg,1917,1920,3
35600.jpg,1917,1905,-12
35605.jpg,1917,1920,3
35610.jpg,1917,1930,13
35615.jpg,1917,1900,-17
35620.jpg,1917,1945,28
35625.jpg,1917,1900,-17
35630.jpg,1917,1900,-17
35635.jpg,1917,1920,3
35640.jpg,1917,1900,-17
35645.jpg,1917,1910,-7
35650.jpg,1917,1920,3
35655.jpg,1917,1900,-17
35660.jpg,1917,2010,93
35665.jpg,1917,1970,53
35670.jpg,1917,1970,53
35675.jpg,1917,1905,-12
35680.jpg,1917,1945,28
35685.jpg,1917,1900,-17
35690.jpg,1917,1975,58
35695.jpg,1917,1930,13
35700.jpg,1917,1900,-17
35705.jpg,1917,1960,43
35710.jpg,1917,1925,8
35715.jpg,1917,1930,13
35720.jpg,1917,1950,33
35725.jpg,1917,1990,73
35730.jpg,1917,1980,63
35735.jpg,1917,1920,3
35740.jpg,1917,1990,73
35745.jpg,1917,1920,3
35750.jpg,1917,1890,-27
35755.jpg,1917,1945,28
35760.jpg,1917,1905,-12
35765.jpg,1917,1900,-17
35770.jpg,1917,1920,3
35775.jpg,1917,1880,-37
35780.jpg,1917,1905,-12
35785.jpg,1917,1950,33
35790.jpg,1917,1925,8
35795.jpg,1917,1920,3
35800.jpg,1917,1905,-12
35805.jpg,1917,1900,-17
35810.jpg,1917,1910,-7
35815.jpg,1917,1905,-12
35820.jpg,1917,1900,-17
35825.jpg,1917,1900,-17
35830.jpg,1917,1930,13
35835.jpg,1917,1920,3
35840.jpg,1917,1910,-7
35845.jpg,1917,1900,-17
35850.jpg,1917,1920,3
35855.jpg,1917,1970,53
35860.jpg,1917,1905,-12
35865.jpg,1917,1920,3
35870.jpg,1917,1950,33
35875.jpg,1917,1850,-67
35880.jpg,1917,1907,-10
35885.jpg,1917,1925,8
35890.jpg,1917,1920,3
35895.jpg,1917,1900,-17
35900.jpg,1917,2000,83
35905.jpg,1917,1920,3
35910.jpg,1917,1920,3
35915.jpg,1917,1930,13
35920.jpg,1918,1920,2
35925.jpg,1918,1985,67
35930.jpg,1918,1900,-18
35935.jpg,1918,2010,92
35940.jpg,1918,1950,32
35945.jpg,1918,1920,2
35950.jpg,1918,1940,22
35955.jpg,1918,1925,7
35960.jpg,1918,1925,7
35965.jpg,1918,1920,2
35970.jpg,1918,1920,2
35980.jpg,1918,1930,12
35985.jpg,1918,1930,12
35990.jpg,1918,1950,32
35995.jpg,1918,1900,-18
36000.jpg,1918,1890,-28
36005.jpg,1918,1910,-8
36010.jpg,1918,1820,-98
36015.jpg,1918,1900,-18
36020.jpg,1918,1920,2
36025.jpg,1918,1930,12
36030.jpg,1918,1920,2
36035.jpg,1918,1940,22
36040.jpg,1918,1910,-8
36045.jpg,1918,1900,-18
36050.jpg,1918,1900,-18
36055.jpg,1918,1825,-93
36060.jpg,1918,1945,27
36065.jpg,1918,1900,-18
36070.jpg,1918,1900,-18
36075.jpg,1918,1900,-18
36080.jpg,1918,1975,57
36085.jpg,1918,1900,-18
36090.jpg,1918,1920,2
36095.jpg,1918,1920,2
36100.jpg,1918,1850,-68
36105.jpg,1918,1925,7
36110.jpg,1918,1910,-8
36115.jpg,1919,1910,-9
36120.jpg,1919,1930,11
36130.jpg,1919,2000,81
36140.jpg,1919,1930,11
36145.jpg,1919,1920,1
36150.jpg,1919,1940,21
36155.jpg,1919,1950,31
36160.jpg,1919,1900,-19
36165.jpg,1919,1980,61
36170.jpg,1919,1905,-14
36175.jpg,1919,2005,86
36180.jpg,1919,1960,41
36190.jpg,1919,1930,11
36195.jpg,1919,1800,-119
36200.jpg,1919,1980,61
36205.jpg,1919,1960,41
36210.jpg,1919,1930,11
36215.jpg,1919,1870,-49
36225.jpg,1919,1905,-14
36230.jpg,1919,1915,-4
36235.jpg,1919,1900,-19
36240.jpg,1919,1850,-69
36245.jpg,1919,1920,1
36250.jpg,1919,1930,11
36255.jpg,1919,1850,-69
36260.jpg,1919,1900,-19
36265.jpg,1919,1910,-9
36270.jpg,1919,1860,-59
36275.jpg,1919,1925,6
36280.jpg,1919,1750,-169
36285.jpg,1919,1905,-14
36290.jpg,1919,1980,61
36295.jpg,1919,1900,-19
36300.jpg,1919,1920,1
36305.jpg,1919,1900,-19
36310.jpg,1919,1920,1
36315.jpg,1919,1840,-79
36320.jpg,1919,1980,61
36325.jpg,1919,1905,-14
36330.jpg,1919,1950,31
36335.jpg,1919,1930,11
36340.jpg,1919,1900,-19
36345.jpg,1919,1920,1
36350.jpg,1920,1920,0
36355.jpg,1920,1925,5
36360.jpg,1920,1920,0
36365.jpg,1920,1950,30
36370.jpg,1920,1950,30
36375.jpg,1920,1950,30
36385.jpg,1920,1950,30
36390.jpg,1920,1930,10
36395.jpg,1920,1940,20
36400.jpg,1920,1890,-30
36405.jpg,1920,1920,0
36410.jpg,1920,1930,10
36415.jpg,1920,1900,-20
36420.jpg,1920,1920,0
36425.jpg,1920,1975,55
36430.jpg,1920,1932,12
36435.jpg,1920,1930,10
36440.jpg,1920,1850,-70
36445.jpg,1920,1900,-20
36450.jpg,1920,1970,50
36455.jpg,1920,1950,30
36460.jpg,1920,1950,30
36465.jpg,1920,1850,-70
36470.jpg,1920,1960,40
36475.jpg,1920,1900,-20
36480.jpg,1920,1925,5
36485.jpg,1920,1910,-10
36490.jpg,1920,1900,-20
36495.jpg,1920,1930,10
36500.jpg,1920,1925,5
36505.jpg,1920,1920,0
36510.jpg,1920,1885,-35
36515.jpg,1920,1900,-20
36520.jpg,1920,1890,-30
36525.jpg,1920,1900,-20
36530.jpg,1920,1920,0
36535.jpg,1920,1920,0
36540.jpg,1920,1900,-20
36545.jpg,1920,1950,30
36550.jpg,1920,1905,-15
36555.jpg,1920,1900,-20
36560.jpg,1920,1920,0
36565.jpg,1920,1900,-20
36570.jpg,1920,1925,5
36575.jpg,1920,1920,0
36580.jpg,1920,1930,10
36585.jpg,1920,1900,-20
36590.jpg,1920,1905,-15
36595.jpg,1920,1830,-90
36600.jpg,1920,2000,80
36605.jpg,1920,1900,-20
36610.jpg,1920,1905,-15
36615.jpg,1920,1800,-120
36620.jpg,1920,1905,-15
36625.jpg,1920,1950,30
36630.jpg,1920,1920,0
36635.jpg,1920,1900,-20
36640.jpg,1920,1950,30
36650.jpg,1920,1930,10
36655.jpg,1920,1920,0
36660.jpg,1920,1900,-20
36665.jpg,1920,1940,20
36670.jpg,1920,1940,20
36675.jpg,1920,1980,60
36680.jpg,1920,1930,10
36685.jpg,1920,1900,-20
36690.jpg,1921,1925,4
36695.jpg,1921,1960,39
36700.jpg,1921,1925,4
36705.jpg,1921,1920,-1
36710.jpg,1921,1930,9
36715.jpg,1921,1925,4
36720.jpg,1921,1960,39
36725.jpg,1921,1900,-21
36735.jpg,1921,1960,39
36740.jpg,1921,1920,-1
36745.jpg,1921,1920,-1
36750.jpg,1921,1900,-21
36755.jpg,1921,1920,-1
36760.jpg,1921,1900,-21
36765.jpg,1921,1920,-1
36770.jpg,1921,1950,29
36775.jpg,1921,1940,19
36780.jpg,1921,1920,-1
36785.jpg,1921,1930,9
36790.jpg,1921,1925,4
36795.jpg,1921,1920,-1
36800.jpg,1921,1850,-71
36805.jpg,1921,1915,-6
36810.jpg,1921,1920,-1
36815.jpg,1921,1900,-21
36820.jpg,1921,1905,-16
36830.jpg,1921,1925,4
36835.jpg,1921,1900,-21
36840.jpg,1921,1915,-6
36845.jpg,1921,1930,9
36850.jpg,1921,1910,-11
36855.jpg,1921,1910,-11
36860.jpg,1921,1900,-21
36870.jpg,1921,1965,44
36875.jpg,1921,1900,-21
36880.jpg,1921,1900,-21
36885.jpg,1921,1910,-11
36890.jpg,1921,1925,4
36895.jpg,1921,1930,9
36900.jpg,1921,1975,54
36905.jpg,1921,1930,9
36910.jpg,1921,1920,-1
36920.jpg,1921,1905,-16
36925.jpg,1921,1920,-1
36930.jpg,1921,1920,-1
36935.jpg,1921,1925,4
36940.jpg,1921,1930,9
36945.jpg,1921,1930,9
36950.jpg,1921,1915,-6
36955.jpg,1921,1920,-1
36960.jpg,1921,1900,-21
36965.jpg,1921,1920,-1
36970.jpg,1922,1925,3
36975.jpg,1922,1900,-22
36980.jpg,1922,1905,-17
36985.jpg,1922,1930,8
36990.jpg,1922,1920,-2
36995.jpg,1922,1960,38
37000.jpg,1922,1980,58
37005.jpg,1922,2000,78
37010.jpg,1922,1921,-1
37015.jpg,1922,1990,68
37020.jpg,1922,1830,-92
37025.jpg,1922,1900,-22
37030.jpg,1922,1920,-2
37045.jpg,1922,1900,-22
37050.jpg,1922,1920,-2
37055.jpg,1922,1920,-2
37060.jpg,1922,1930,8
37065.jpg,1922,1900,-22
37070.jpg,1922,1930,8
37075.jpg,1922,1900,-22
37080.jpg,1922,1930,8
37085.jpg,1922,1820,-102
37090.jpg,1922,1900,-22
37095.jpg,1922,1950,28
37100.jpg,1922,1930,8
37105.jpg,1922,1940,18
37110.jpg,1922,1960,38
37115.jpg,1922,1850,-72
37120.jpg,1922,1905,-17
37125.jpg,1922,1900,-22
37130.jpg,1922,1930,8
37135.jpg,1922,1880,-42
37140.jpg,1922,1900,-22
37145.jpg,1922,1890,-32
37150.jpg,1922,1970,48
37155.jpg,1922,1900,-22
37160.jpg,1922,1900,-22
37165.jpg,1922,1950,28
37170.jpg,1922,1900,-22
37175.jpg,1922,1900,-22
37180.jpg,1922,1830,-92
37185.jpg,1922,1920,-2
37190.jpg,1922,1910,-12
37195.jpg,1922,1800,-122
37200.jpg,1922,1910,-12
37205.jpg,1922,1980,58
37210.jpg,1922,1900,-22
37215.jpg,1922,1900,-22
37220.jpg,1922,1920,-2
37225.jpg,1922,2020,98
37230.jpg,1922,1900,-22
37235.jpg,1922,1925,3
37240.jpg,1922,1900,-22
37245.jpg,1922,1900,-22
37250.jpg,1922,1950,28
37255.jpg,1922,2010,88
37260.jpg,1922,1990,68
37270.jpg,1922,1925,3
37275.jpg,1922,1925,3
37280.jpg,1922,1970,48
37285.jpg,1922,1990,68
37290.jpg,1922,1970,48
37295.jpg,1922,1930,8
37300.jpg,1922,1900,-22
37305.jpg,1922,1900,-22
37310.jpg,1923,1930,7
37315.jpg,1923,1930,7
37320.jpg,1923,1950,27
37330.jpg,1923,1980,57
37335.jpg,1923,1940,17
37340.jpg,1923,2000,77
37345.jpg,1923,2010,87
37355.jpg,1923,1930,7
37360.jpg,1923,1970,47
37365.jpg,1923,1950,27
37370.jpg,1923,1930,7
37375.jpg,1923,1905,-18
37380.jpg,1923,1930,7
37385.jpg,1923,1930,7
37390.jpg,1923,1900,-23
37395.jpg,1923,1945,22
37400.jpg,1923,1900,-23
37405.jpg,1923,1920,-3
37410.jpg,1923,1925,2
37415.jpg,1923,1930,7
37420.jpg,1923,1930,7
37425.jpg,1923,1945,22
37430.jpg,1923,1920,-3
37435.jpg,1923,1920,-3
37440.jpg,1923,1930,7
37445.jpg,1923,1930,7
37450.jpg,1923,1920,-3
37455.jpg,1923,1920,-3
37460.jpg,1923,1975,52
37465.jpg,1923,1930,7
37470.jpg,1923,1920,-3
37475.jpg,1923,1900,-23
37480.jpg,1923,1905,-18
37485.jpg,1923,1990,67
37490.jpg,1923,1960,37
37495.jpg,1923,1960,37
37500.jpg,1923,1905,-18
37505.jpg,1923,1920,-3
37510.jpg,1923,1905,-18
37515.jpg,1923,1950,27
37520.jpg,1923,1800,-123
37525.jpg,1923,1900,-23
37530.jpg,1923,1920,-3
37535.jpg,1923,1920,-3
37540.jpg,1923,1920,-3
37545.jpg,1923,1920,-3
37550.jpg,1923,1915,-8
37555.jpg,1923,1920,-3
37560.jpg,1923,1930,7
37565.jpg,1923,1800,-123
37570.jpg,1923,1895,-28
37575.jpg,1923,1920,-3
37580.jpg,1923,1900,-23
37585.jpg,1923,1930,7
37590.jpg,1923,1920,-3
37595.jpg,1923,2015,92
37600.jpg,1923,1930,7
37605.jpg,1923,1925,2
37610.jpg,1923,1945,22
37615.jpg,1923,1940,17
37620.jpg,1923,1950,27
37625.jpg,1923,1930,7
37630.jpg,1923,1900,-23
37635.jpg,1923,1930,7
37640.jpg,1923,1900,-23
37645.jpg,1923,1875,-48
37650.jpg,1923,1900,-23
37655.jpg,1923,1920,-3
37660.jpg,1923,1920,-3
37665.jpg,1923,1920,-3
37670.jpg,1924,1900,-24
37675.jpg,1924,1925,1
37680.jpg,1924,1930,6
37685.jpg,1924,1920,-4
37690.jpg,1924,1920,-4
37695.jpg,1924,1930,6
37700.jpg,1924,1925,1
37705.jpg,1924,1990,66
37710.jpg,1924,2015,91
37715.jpg,1924,1950,26
37720.jpg,1924,1975,51
37725.jpg,1924,1980,56
37730.jpg,1924,1985,61
37735.jpg,1924,1925,1
37740.jpg,1924,1925,1
37745.jpg,1924,1930,6
37750.jpg,1924,1925,1
37755.jpg,1924,1925,1
37760.jpg,1924,1925,1
37765.jpg,1924,1920,-4
37770.jpg,1924,1905,-19
37775.jpg,1924,1940,16
37780.jpg,1924,1905,-19
37785.jpg,1924,1850,-74
37790.jpg,1924,1900,-24
37795.jpg,1924,1925,1
37805.jpg,1924,1920,-4
37810.jpg,1924,1920,-4
37815.jpg,1924,1930,6
37820.jpg,1924,1850,-74
37825.jpg,1924,1920,-4
37830.jpg,1924,1905,-19
37835.jpg,1924,1930,6
37845.jpg,1924,2000,76
37850.jpg,1924,1950,26
37855.jpg,1924,1940,16
37860.jpg,1924,1975,51
37865.jpg,1924,1980,56
37870.jpg,1924,1910,-14
37875.jpg,1924,1960,36
37880.jpg,1924,1930,6
37885.jpg,1924,1970,46
37890.jpg,1924,1925,1
37895.jpg,1924,1920,-4
37900.jpg,1924,1900,-24
37905.jpg,1924,1930,6
37910.jpg,1924,1930,6
37915.jpg,1924,1900,-24
37920.jpg,1924,1950,26
37925.jpg,1924,1930,6
37930.jpg,1924,1905,-19
37935.jpg,1924,1830,-94
37940.jpg,1924,1920,-4
37945.jpg,1924,1970,46
37950.jpg,1924,1905,-19
37955.jpg,1924,1960,36
37960.jpg,1924,1970,46
37965.jpg,1924,1980,56
37970.jpg,1924,1800,-124
37975.jpg,1924,1910,-14
37980.jpg,1924,1925,1
37985.jpg,1924,2000,76
37990.jpg,1924,1975,51
37995.jpg,1924,1975,51
38000.jpg,1924,1857,-67
38005.jpg,1924,1950,26
38010.jpg,1924,1930,6
38015.jpg,1924,1915,-9
38020.jpg,1924,1850,-74
38025.jpg,1924,1920,-4
38030.jpg,1924,1905,-19
38035.jpg,1924,1950,26
38040.jpg,1924,1900,-24
38045.jpg,1924,1940,16
38050.jpg,1924,1920,-4
38055.jpg,1924,1920,-4
38060.jpg,1924,1900,-24
38065.jpg,1924,1900,-24
38070.jpg,1924,1920,-4
38075.jpg,1924,1970,46
38080.jpg,1925,1850,-75
38085.jpg,1925,1900,-25
38090.jpg,1925,1950,25
38095.jpg,1925,1925,0
38100.jpg,1925,1980,55
38105.jpg,1925,1925,0
38110.jpg,1925,1920,-5
38115.jpg,1925,2015,90
38120.jpg,1925,2010,85
38125.jpg,1925,2000,75
38130.jpg,1925,2020,95
38135.jpg,1925,2000,75
38140.jpg,1925,1900,-25
38145.jpg,1925,1900,-25
38150.jpg,1925,1930,5
38155.jpg,1925,1905,-20
38160.jpg,1925,1900,-25
38165.jpg,1925,1930,5
38170.jpg,1925,1925,0
38175.jpg,1925,1940,15
38180.jpg,1925,1930,5
38185.jpg,1925,1930,5
38190.jpg,1925,1965,40
38195.jpg,1925,1920,-5
38200.jpg,1925,1930,5
38205.jpg,1925,1925,0
38210.jpg,1925,1920,-5
38215.jpg,1925,1920,-5
38220.jpg,1925,1930,5
38225.jpg,1925,1925,0
38230.jpg,1925,1925,0
38235.jpg,1925,1930,5
38245.jpg,1925,1930,5
38255.jpg,1925,2000,75
38260.jpg,1925,1980,55
38265.jpg,1925,1920,-5
38270.jpg,1925,1900,-25
38275.jpg,1925,1950,25
38280.jpg,1925,1950,25
38285.jpg,1925,1990,65
38290.jpg,1925,1850,-75
38295.jpg,1925,1920,-5
38300.jpg,1925,1930,5
38305.jpg,1925,1990,65
38310.jpg,1925,1900,-25
38315.jpg,1925,1950,25
38320.jpg,1925,1920,-5
38325.jpg,1925,1920,-5
38330.jpg,1925,1920,-5
38335.jpg,1925,1920,-5
38340.jpg,1925,1920,-5
38345.jpg,1925,1930,5
38350.jpg,1925,1930,5
38355.jpg,1925,1900,-25
38360.jpg,1925,1910,-15
38365.jpg,1925,1900,-25
38370.jpg,1925,1900,-25
38375.jpg,1925,1920,-5
38380.jpg,1925,1920,-5
38385.jpg,1925,1930,5
38390.jpg,1925,1900,-25
38395.jpg,1925,1920,-5
38400.jpg,1925,1920,-5
38405.jpg,1925,1800,-125
38410.jpg,1925,1900,-25
38415.jpg,1925,1905,-20
38420.jpg,1925,1920,-5
38425.jpg,1925,1900,-25
38435.jpg,1925,2000,75
38440.jpg,1925,1950,25
38450.jpg,1925,1920,-5
38455.jpg,1925,1950,25
38460.jpg,1925,1920,-5
38465.jpg,1925,1920,-5
38470.jpg,1925,1980,55
38475.jpg,1925,1900,-25
38480.jpg,1925,1905,-20
38490.jpg,1925,1937,12
38495.jpg,1925,1925,0
38500.jpg,1925,1940,15
38505.jpg,1925,1900,-25
38510.jpg,1925,1920,-5
38515.jpg,1926,1850,-76
38520.jpg,1926,1925,-1
38525.jpg,1926,1925,-1
38530.jpg,1926,1920,-6
38535.jpg,1926,1950,24
38540.jpg,1926,1930,4
38545.jpg,1926,1850,-76
38550.jpg,1926,1925,-1
38555.jpg,1926,1920,-6
38560.jpg,1926,1920,-6
38565.jpg,1926,1900,-26
38570.jpg,1926,1930,4
38575.jpg,1926,2000,74
38580.jpg,1926,2000,74
38585.jpg,1926,1975,49
38590.jpg,1926,1980,54
38595.jpg,1926,2000,74
38600.jpg,1926,1900,-26
38605.jpg,1926,2000,74
38610.jpg,1926,1900,-26
38620.jpg,1926,1900,-26
38625.jpg,1926,1930,4
38630.jpg,1926,1920,-6
38635.jpg,1926,1930,4
38640.jpg,1926,1960,34
38645.jpg,1926,1940,14
38650.jpg,1926,1900,-26
38655.jpg,1926,1970,44
38660.jpg,1926,1950,24
38665.jpg,1926,1920,-6
38670.jpg,1926,1920,-6
38675.jpg,1926,1940,14
38680.jpg,1926,1920,-6
38685.jpg,1926,1925,-1
38690.jpg,1926,1900,-26
38695.jpg,1926,1930,4
38700.jpg,1926,1900,-26
38705.jpg,1926,1890,-36
38710.jpg,1926,1900,-26
38715.jpg,1926,1930,4
38720.jpg,1926,1920,-6
38725.jpg,1926,1925,-1
38730.jpg,1926,1920,-6
38735.jpg,1926,1900,-26
38740.jpg,1926,1950,24
38745.jpg,1926,1960,34
38750.jpg,1926,1920,-6
38755.jpg,1926,1920,-6
38760.jpg,1926,1940,14
38765.jpg,1926,1930,4
38770.jpg,1926,1920,-6
38775.jpg,1926,1750,-176
38780.jpg,1926,1930,4
38785.jpg,1926,1970,44
38790.jpg,1926,1930,4
38795.jpg,1926,1920,-6
38800.jpg,1926,1915,-11
38805.jpg,1926,1830,-96
38810.jpg,1926,1925,-1
38815.jpg,1926,1800,-126
38820.jpg,1926,1910,-16
38825.jpg,1926,1925,-1
38830.jpg,1926,1930,4
38835.jpg,1926,1900,-26
38840.jpg,1926,1900,-26
38845.jpg,1926,1960,34
38850.jpg,1926,1920,-6
38855.jpg,1926,2000,74
38860.jpg,1926,1900,-26
38865.jpg,1926,1925,-1
38870.jpg,1926,1930,4
38875.jpg,1926,1920,-6
38880.jpg,1926,1930,4
38885.jpg,1926,1900,-26
38890.jpg,1926,1945,19
38895.jpg,1926,1850,-76
38905.jpg,1926,1900,-26
38910.jpg,1926,1925,-1
38915.jpg,1926,1920,-6
38920.jpg,1926,1980,54
38925.jpg,1926,1925,-1
38930.jpg,1926,1930,4
38935.jpg,1926,1930,4
38940.jpg,1926,1920,-6
38945.jpg,1926,1900,-26
38950.jpg,1926,1900,-26
38955.jpg,1926,1950,24
38960.jpg,1926,1920,-6
38965.jpg,1926,1920,-6
38970.jpg,1926,1900,-26
38975.jpg,1926,1940,14
38980.jpg,1926,1980,54
38985.jpg,1926,1920,-6
38990.jpg,1926,1930,4
38995.jpg,1927,1900,-27
39000.jpg,1927,1920,-7
39005.jpg,1927,1920,-7
39010.jpg,1927,1905,-22
39020.jpg,1927,1975,48
39025.jpg,1927,1920,-7
39030.jpg,1927,1925,-2
39035.jpg,1927,1925,-2
39040.jpg,1927,1925,-2
39045.jpg,1927,1930,3
39050.jpg,1927,1920,-7
39055.jpg,1927,1920,-7
39060.jpg,1927,1920,-7
39065.jpg,1927,1920,-7
39070.jpg,1927,1920,-7
39075.jpg,1927,1920,-7
39080.jpg,1927,1925,-2
39085.jpg,1927,1970,43
39090.jpg,1927,1975,48
39110.jpg,1927,1970,43
39115.jpg,1927,1930,3
39120.jpg,1927,1930,3
39125.jpg,1927,1950,23
39130.jpg,1927,1900,-27
39135.jpg,1927,1920,-7
39140.jpg,1927,1900,-27
39145.jpg,1927,1940,13
39150.jpg,1927,1920,-7
39155.jpg,1927,1940,13
39160.jpg,1927,1850,-77
39165.jpg,1927,1900,-27
39170.jpg,1927,1900,-27
39175.jpg,1927,1950,23
39180.jpg,1927,1905,-22
39185.jpg,1927,1930,3
39190.jpg,1927,1925,-2
39195.jpg,1927,1950,23
39200.jpg,1927,1930,3
39205.jpg,1927,1930,3
39210.jpg,1927,1925,-2
39215.jpg,1927,1930,3
39220.jpg,1927,2015,88
39225.jpg,1927,1905,-22
39230.jpg,1927,1920,-7
39235.jpg,1927,1920,-7
39240.jpg,1927,1920,-7
39245.jpg,1927,1930,3
39250.jpg,1927,1900,-27
39255.jpg,1927,1920,-7
39260.jpg,1927,1940,13
39265.jpg,1927,1925,-2
39270.jpg,1927,1990,63
39275.jpg,1927,1990,63
39280.jpg,1927,1920,-7
39285.jpg,1927,1950,23
39290.jpg,1927,1990,63
39295.jpg,1927,1930,3
39300.jpg,1927,1920,-7
39305.jpg,1927,1920,-7
39310.jpg,1927,1925,-2
39315.jpg,1927,1930,3
39320.jpg,1927,1750,-177
39325.jpg,1927,1970,43
39330.jpg,1927,1970,43
39335.jpg,1927,1925,-2
39340.jpg,1927,1920,-7
39345.jpg,1927,1915,-12
39350.jpg,1927,1900,-27
39355.jpg,1927,1960,33
39360.jpg,1927,1930,3
39365.jpg,1927,1975,48
39370.jpg,1927,1980,53
39375.jpg,1927,1900,-27
39380.jpg,1927,1900,-27
39385.jpg,1927,1920,-7
39390.jpg,1927,1900,-27
39395.jpg,1927,1000,-927
39400.jpg,1927,1910,-17
39405.jpg,1927,1990,63
39410.jpg,1927,1975,48
39415.jpg,1927,1930,3
39420.jpg,1927,1927,0
39425.jpg,1927,1940,13
39430.jpg,1927,1920,-7
39435.jpg,1927,1800,-127
39440.jpg,1927,1920,-7
39445.jpg,1927,1995,68
39450.jpg,1927,1900,-27
39455.jpg,1927,1970,43
39460.jpg,1927,1950,23
39465.jpg,1927,1905,-22
39470.jpg,1927,1920,-7
39475.jpg,1927,1925,-2
39480.jpg,1927,1925,-2
39485.jpg,1927,1900,-27
39490.jpg,1927,1900,-27
39495.jpg,1927,1920,-7
39500.jpg,1927,1900,-27
39505.jpg,1927,1950,23
39510.jpg,1928,1920,-8
39515.jpg,1928,1920,-8
39520.jpg,1928,1920,-8
39525.jpg,1928,1930,2
39530.jpg,1928,1940,12
39535.jpg,1928,1920,-8
39540.jpg,1928,1920,-8
39545.jpg,1928,1920,-8
39550.jpg,1928,1920,-8
39555.jpg,1928,1925,-3
39560.jpg,1928,1920,-8
39565.jpg,1928,1920,-8
39570.jpg,1928,1920,-8
39575.jpg,1928,2000,72
39580.jpg,1928,1930,2
39585.jpg,1928,1940,12
39590.jpg,1928,1925,-3
39595.jpg,1928,1930,2
39600.jpg,1928,1980,52
39605.jpg,1928,2020,92
39610.jpg,1928,2005,77
39615.jpg,1928,1970,42
39620.jpg,1928,1920,-8
39625.jpg,1928,1930,2
39630.jpg,1928,1930,2
39635.jpg,1928,1930,2
39640.jpg,1928,1950,22
39645.jpg,1928,1950,22
39650.jpg,1928,1900,-28
39655.jpg,1928,1925,-3
39660.jpg,1928,1920,-8
39665.jpg,1928,1920,-8
39670.jpg,1928,1925,-3
39675.jpg,1928,1925,-3
39680.jpg,1928,1920,-8
39685.jpg,1928,1930,2
39690.jpg,1928,1920,-8
39695.jpg,1928,1930,2
39700.jpg,1928,1925,-3
39705.jpg,1928,1900,-28
39710.jpg,1928,1925,-3
39715.jpg,1928,1930,2
39720.jpg,1928,1925,-3
39725.jpg,1928,1850,-78
39730.jpg,1928,1930,2
39735.jpg,1928,1900,-28
39740.jpg,1928,1950,22
39745.jpg,1928,1975,47
39750.jpg,1928,1950,22
39755.jpg,1928,1900,-28
39760.jpg,1928,1850,-78
39765.jpg,1928,1900,-28
39770.jpg,1928,1750,-178
39775.jpg,1928,1900,-28
39780.jpg,1928,1980,52
39785.jpg,1928,1920,-8
39790.jpg,1928,1910,-18
39795.jpg,1928,1920,-8
39800.jpg,1928,1900,-28
39805.jpg,1928,1905,-23
39810.jpg,1928,1940,12
39815.jpg,1928,1920,-8
39820.jpg,1928,1925,-3
39825.jpg,1928,1950,22
39830.jpg,1928,1950,22
39835.jpg,1928,1950,22
39840.jpg,1928,1900,-28
39845.jpg,1928,1900,-28
39850.jpg,1928,1950,22
39855.jpg,1928,2000,72
39860.jpg,1928,1930,2
39865.jpg,1928,1850,-78
39870.jpg,1928,1750,-178
39875.jpg,1928,1920,-8
39880.jpg,1928,1925,-3
39885.jpg,1928,1905,-23
39890.jpg,1928,1925,-3
39895.jpg,1928,1950,22
39900.jpg,1928,2000,72
39905.jpg,1928,1930,2
39910.jpg,1928,1925,-3
39915.jpg,1928,1820,-108
39920.jpg,1928,1950,22
39925.jpg,1928,1940,12
39930.jpg,1928,1930,2
39935.jpg,1928,1950,22
39940.jpg,1928,1950,22
39945.jpg,1928,1920,-8
39950.jpg,1928,1990,62
39955.jpg,1928,1800,-128
39960.jpg,1928,1925,-3
39965.jpg,1928,1925,-3
39970.jpg,1928,1900,-28
39975.jpg,1928,1900,-28
39980.jpg,1928,1945,17
39985.jpg,1928,1950,22
39990.jpg,1928,1930,2
39995.jpg,1928,1930,2
40000.jpg,1928,1920,-8
40010.jpg,1928,1970,42
40015.jpg,1928,1920,-8
40020.jpg,1928,1925,-3
40025.jpg,1928,1900,-28
40030.jpg,1928,1920,-8
40035.jpg,1928,1920,-8
40040.jpg,1928,1925,-3
40045.jpg,1929,1930,1
40050.jpg,1929,1930,1
40055.jpg,1929,1940,11
40060.jpg,1929,1920,-9
40065.jpg,1929,1910,-19
40070.jpg,1929,1910,-19
40075.jpg,1929,1920,-9
40080.jpg,1929,1900,-29
40095.jpg,1929,1925,-4
40105.jpg,1929,1920,-9
40110.jpg,1929,1920,-9
40115.jpg,1929,1920,-9
40120.jpg,1929,1930,1
40125.jpg,1929,1945,16
40130.jpg,1929,1930,1
40135.jpg,1929,1925,-4
40140.jpg,1929,1950,21
40145.jpg,1929,1930,1
40150.jpg,1929,1920,-9
40155.jpg,1929,1920,-9
40160.jpg,1929,1950,21
40165.jpg,1929,1930,1
40170.jpg,1929,1930,1
40175.jpg,1929,1920,-9
40180.jpg,1929,1925,-4
40185.jpg,1929,1930,1
40190.jpg,1929,1900,-29
40195.jpg,1929,1930,1
40200.jpg,1929,1980,51
40205.jpg,1929,1930,1
40210.jpg,1929,1975,46
40215.jpg,1929,1910,-19
40220.jpg,1929,1930,1
40225.jpg,1929,1930,1
40230.jpg,1929,1930,1
40235.jpg,1929,1920,-9
40240.jpg,1929,2000,71
40245.jpg,1929,1850,-79
40250.jpg,1929,1975,46
40255.jpg,1929,1930,1
40260.jpg,1929,1940,11
40265.jpg,1929,1980,51
40270.jpg,1929,1975,46
40275.jpg,1929,1970,41
40280.jpg,1929,1950,21
40285.jpg,1929,1900,-29
40290.jpg,1929,1800,-129
40295.jpg,1929,1960,31
40305.jpg,1929,1920,-9
40310.jpg,1929,1925,-4
40315.jpg,1929,1930,1
40320.jpg,1929,1920,-9
40325.jpg,1929,1900,-29
40330.jpg,1929,1900,-29
40335.jpg,1929,1600,-329
40340.jpg,1929,1930,1
40345.jpg,1929,1950,21
40350.jpg,1929,1850,-79
40355.jpg,1929,1910,-19
40360.jpg,1929,1900,-29
40365.jpg,1929,1940,11
40370.jpg,1929,1920,-9
40375.jpg,1929,1920,-9
40380.jpg,1929,1870,-59
40385.jpg,1929,1950,21
40390.jpg,1929,1930,1
40395.jpg,1929,2005,76
40400.jpg,1929,1920,-9
40405.jpg,1929,1905,-24
40410.jpg,1929,1925,-4
40415.jpg,1929,1920,-9
40420.jpg,1929,1930,1
40425.jpg,1929,1900,-29
40430.jpg,1929,1920,-9
40435.jpg,1929,1920,-9
40440.jpg,1929,1905,-24
40450.jpg,1929,1905,-24
40455.jpg,1929,1970,41
40460.jpg,1929,1980,51
40465.jpg,1929,1925,-4
40470.jpg,1929,1930,1
40475.jpg,1929,1920,-9
40480.jpg,1929,1930,1
40485.jpg,1929,1920,-9
40490.jpg,1929,1950,21
40495.jpg,1929,1890,-39
40500.jpg,1929,1930,1
40505.jpg,1929,1975,46
40510.jpg,1929,1925,-4
40515.jpg,1929,1930,1
40520.jpg,1929,1930,1
40525.jpg,1929,1800,-129
40530.jpg,1929,1925,-4
40535.jpg,1929,1930,1
40540.jpg,1930,1900,-30
40545.jpg,1930,2010,80
40550.jpg,1930,1975,45
40555.jpg,1930,1920,-10
40560.jpg,1930,2000,70
40565.jpg,1930,2000,70
40570.jpg,1930,1940,10
40575.jpg,1930,1960,30
40580.jpg,1930,1900,-30
40585.jpg,1930,1930,0
40590.jpg,1930,1920,-10
40595.jpg,1930,1925,-5
40600.jpg,1930,1930,0
40605.jpg,1930,1930,0
40610.jpg,1930,1835,-95
40615.jpg,1930,1800,-130
40620.jpg,1930,1920,-10
40625.jpg,1930,1930,0
40630.jpg,1930,1925,-5
40635.jpg,1930,1920,-10
40640.jpg,1930,1920,-10
40645.jpg,1930,2000,70
40650.jpg,1930,1960,30
40655.jpg,1930,1930,0
40660.jpg,1930,1900,-30
40665.jpg,1930,1900,-30
40670.jpg,1930,1950,20
40675.jpg,1930,1900,-30
40680.jpg,1930,1790,-140
40685.jpg,1930,1925,-5
40690.jpg,1930,1930,0
40695.jpg,1930,1900,-30
40700.jpg,1930,1925,-5
40705.jpg,1930,1930,0
40710.jpg,1930,1730,-200
40715.jpg,1930,1920,-10
40720.jpg,1930,2000,70
40725.jpg,1930,1930,0
40730.jpg,1930,1905,-25
40735.jpg,1930,1900,-30
40740.jpg,1930,1900,-30
40745.jpg,1930,1930,0
40750.jpg,1930,1900,-30
40755.jpg,1930,1920,-10
40760.jpg,1930,1925,-5
40765.jpg,1930,1920,-10
40770.jpg,1930,1930,0
40775.jpg,1930,1920,-10
40780.jpg,1930,2000,70
40785.jpg,1930,1950,20
40790.jpg,1930,1930,0
40795.jpg,1930,1930,0
40800.jpg,1930,1900,-30
40805.jpg,1930,1900,-30
40810.jpg,1930,1900,-30
40815.jpg,1930,1930,0
40820.jpg,1930,1920,-10
40825.jpg,1930,1930,0
40830.jpg,1930,1920,-10
40835.jpg,1930,1980,50
40840.jpg,1930,2010,80
40845.jpg,1930,1960,30
40850.jpg,1930,1930,0
40855.jpg,1930,1930,0
40860.jpg,1930,1930,0
40865.jpg,1930,1950,20
40870.jpg,1930,1920,-10
40875.jpg,1930,1925,-5
40885.jpg,1930,1950,20
40890.jpg,1930,1940,10
40895.jpg,1930,1900,-30
40900.jpg,1930,1825,-105
40905.jpg,1930,1975,45
40910.jpg,1930,2015,85
40915.jpg,1930,1920,-10
40920.jpg,1930,1920,-10
40925.jpg,1930,1925,-5
40930.jpg,1930,1975,45
40935.jpg,1930,1930,0
40940.jpg,1930,1920,-10
40950.jpg,1930,1920,-10
40960.jpg,1930,1920,-10
40965.jpg,1931,1970,39
40970.jpg,1931,1950,19
40975.jpg,1931,1960,29
40980.jpg,1931,1950,19
40985.jpg,1931,1921,-10
40990.jpg,1931,1930,-1
40995.jpg,1931,1930,-1
41000.jpg,1931,2000,69
41005.jpg,1931,1950,19
41010.jpg,1931,1990,59
41015.jpg,1931,1970,39
41020.jpg,1931,1930,-1
41025.jpg,1931,1990,59
41030.jpg,1931,2005,74
41035.jpg,1931,1930,-1
41040.jpg,1931,1930,-1
41045.jpg,1931,1950,19
41050.jpg,1931,1930,-1
41055.jpg,1931,1925,-6
41060.jpg,1931,1950,19
41065.jpg,1931,1930,-1
41070.jpg,1931,1930,-1
41075.jpg,1931,1920,-11
41080.jpg,1931,1930,-1
41085.jpg,1931,1930,-1
41095.jpg,1931,1930,-1
41100.jpg,1931,1920,-11
41105.jpg,1931,1925,-6
41110.jpg,1931,2015,84
41115.jpg,1931,1950,19
41120.jpg,1931,1920,-11
41125.jpg,1931,1930,-1
41130.jpg,1931,1970,39
41135.jpg,1931,1920,-11
41140.jpg,1931,1900,-31
41150.jpg,1931,1800,-131
41155.jpg,1931,1750,-181
41160.jpg,1931,1960,29
41165.jpg,1931,1900,-31
41170.jpg,1931,1900,-31
41175.jpg,1931,1900,-31
41180.jpg,1931,1920,-11
41185.jpg,1931,1990,59
41190.jpg,1931,1925,-6
41195.jpg,1931,1920,-11
41200.jpg,1931,1930,-1
41205.jpg,1931,1920,-11
41210.jpg,1931,1950,19
41215.jpg,1931,1900,-31
41220.jpg,1931,1850,-81
41225.jpg,1931,1900,-31
41230.jpg,1931,1925,-6
41235.jpg,1931,1970,39
41240.jpg,1931,1900,-31
41245.jpg,1931,1885,-46
41250.jpg,1931,1940,9
41255.jpg,1931,1930,-1
41260.jpg,1931,1950,19
41265.jpg,1931,1970,39
41270.jpg,1931,1900,-31
41275.jpg,1931,1925,-6
41280.jpg,1931,1930,-1
41285.jpg,1931,1900,-31
41290.jpg,1931,1975,44
41295.jpg,1931,2020,89
41305.jpg,1931,1920,-11
41310.jpg,1932,1925,-7
41320.jpg,1932,1935,3
41325.jpg,1932,1750,-182
41330.jpg,1932,1950,18
41340.jpg,1932,1980,48
41345.jpg,1932,1920,-12
41350.jpg,1932,1900,-32
41355.jpg,1932,1920,-12
41360.jpg,1932,1950,18
41365.jpg,1932,1920,-12
41370.jpg,1932,1980,48
41375.jpg,1932,1950,18
41380.jpg,1932,1930,-2
41385.jpg,1932,1920,-12
41390.jpg,1932,1950,18
41395.jpg,1932,1970,38
41400.jpg,1932,1975,43
41405.jpg,1932,1920,-12
41410.jpg,1932,1910,-22
41415.jpg,1932,1932,0
41420.jpg,1932,1800,-132
41425.jpg,1932,1900,-32
41430.jpg,1932,1925,-7
41435.jpg,1932,1900,-32
41440.jpg,1932,1750,-182
41445.jpg,1932,1940,8
41450.jpg,1932,1975,43
41455.jpg,1932,1750,-182
41460.jpg,1932,1800,-132
41465.jpg,1932,2000,68
41470.jpg,1932,1980,48
41475.jpg,1932,1905,-27
41480.jpg,1932,1930,-2
41485.jpg,1932,1930,-2
41490.jpg,1932,1970,38
41495.jpg,1932,1930,-2
41500.jpg,1932,2000,68
41505.jpg,1932,1900,-32
41510.jpg,1932,1930,-2
41515.jpg,1932,1930,-2
41520.jpg,1932,1930,-2
41525.jpg,1932,1925,-7
41530.jpg,1932,1900,-32
41535.jpg,1932,1920,-12
41540.jpg,1932,1930,-2
41545.jpg,1932,1945,13
41550.jpg,1932,2010,78
41555.jpg,1932,1920,-12
41560.jpg,1932,1850,-82
41565.jpg,1932,1930,-2
41570.jpg,1933,1970,37
41575.jpg,1933,1900,-33
41580.jpg,1933,1900,-33
41585.jpg,1933,1975,42
41590.jpg,1933,1970,37
41595.jpg,1933,1930,-3
41600.jpg,1933,1890,-43
41605.jpg,1933,1930,-3
41610.jpg,1933,1920,-13
41615.jpg,1933,1905,-28
41620.jpg,1933,1980,47
41625.jpg,1933,1960,27
41630.jpg,1933,1900,-33
41635.jpg,1933,1920,-13
41640.jpg,1933,1750,-183
41645.jpg,1933,1800,-133
41650.jpg,1933,1900,-33
41655.jpg,1933,1900,-33
41660.jpg,1933,1930,-3
41665.jpg,1933,1920,-13
41670.jpg,1933,1950,17
41675.jpg,1933,1930,-3
41680.jpg,1933,1980,47
41685.jpg,1933,1900,-33
41690.jpg,1933,1950,17
41695.jpg,1933,1930,-3
41700.jpg,1933,1930,-3
41705.jpg,1933,1925,-8
41710.jpg,1933,1930,-3
41715.jpg,1933,1800,-133
41720.jpg,1933,1900,-33
41725.jpg,1933,1930,-3
41730.jpg,1933,1930,-3
41745.jpg,1933,1800,-133
41750.jpg,1933,1930,-3
41755.jpg,1933,1950,17
41760.jpg,1933,2000,67
41765.jpg,1933,1945,12
41770.jpg,1933,1820,-113
41775.jpg,1933,1940,7
41780.jpg,1933,1800,-133
41785.jpg,1933,1850,-83
41790.jpg,1933,1990,57
41795.jpg,1933,1970,37
41800.jpg,1933,1950,17
41805.jpg,1933,1975,42
41810.jpg,1933,1930,-3
41815.jpg,1933,1900,-33
41820.jpg,1933,1930,-3
41825.jpg,1933,1975,42
41830.jpg,1933,1930,-3
41835.jpg,1934,1790,-144
41840.jpg,1934,1950,16
41845.jpg,1934,1980,46
41850.jpg,1934,1950,16
41855.jpg,1934,1970,36
41860.jpg,1934,2010,76
41865.jpg,1934,2000,66
41870.jpg,1934,2010,76
41875.jpg,1934,1920,-14
41880.jpg,1934,1940,6
41885.jpg,1934,1905,-29
41890.jpg,1934,1925,-9
41895.jpg,1934,2000,66
41900.jpg,1934,1930,-4
41905.jpg,1934,1900,-34
41910.jpg,1934,1925,-9
41915.jpg,1934,1950,16
41920.jpg,1934,1950,16
41925.jpg,1934,1800,-134
41930.jpg,1934,1950,16
41935.jpg,1934,1940,6
41940.jpg,1934,1930,-4
41945.jpg,1934,1900,-34
41950.jpg,1934,1970,36
41955.jpg,1934,1900,-34
41960.jpg,1934,1950,16
41965.jpg,1934,1900,-34
41970.jpg,1934,1750,-184
41975.jpg,1934,1980,46
41980.jpg,1934,1970,36
41985.jpg,1934,1950,16
41990.jpg,1934,1950,16
41995.jpg,1934,1920,-14
42000.jpg,1934,1940,6
42005.jpg,1934,1950,16
42010.jpg,1935,1900,-35
42015.jpg,1935,1920,-15
42020.jpg,1935,1940,5
42025.jpg,1935,1930,-5
42035.jpg,1935,2015,80
42040.jpg,1935,1975,40
42045.jpg,1935,1960,25
42050.jpg,1935,1930,-5
42060.jpg,1935,1930,-5
42065.jpg,1935,1975,40
42070.jpg,1935,1930,-5
42075.jpg,1935,1940,5
42080.jpg,1935,1930,-5
42085.jpg,1935,1900,-35
42090.jpg,1935,1950,15
42095.jpg,1935,1900,-35
42100.jpg,1935,1970,35
42105.jpg,1935,1950,15
42110.jpg,1935,1980,45
42115.jpg,1935,1900,-35
42120.jpg,1935,1970,35
42125.jpg,1935,1830,-105
42130.jpg,1935,1950,15
42135.jpg,1935,2010,75
42140.jpg,1935,1990,55
42145.jpg,1935,1750,-185
42150.jpg,1935,1830,-105
42155.jpg,1935,1800,-135
42160.jpg,1935,1920,-15
42165.jpg,1935,1940,5
42170.jpg,1935,1900,-35
42175.jpg,1935,2000,65
42180.jpg,1935,1960,25
42185.jpg,1935,1960,25
42190.jpg,1935,1920,-15
42195.jpg,1935,1990,55
42200.jpg,1935,1975,40
42205.jpg,1935,1930,-5
42210.jpg,1935,1975,40
42215.jpg,1935,1850,-85
42220.jpg,1935,1940,5
42225.jpg,1935,1960,25
42230.jpg,1935,1950,15
42235.jpg,1935,1930,-5
42240.jpg,1935,1930,-5
42250.jpg,1935,1965,30
42255.jpg,1935,1930,-5
42260.jpg,1935,1950,15
42265.jpg,1935,1920,-15
42270.jpg,1935,1925,-10
42275.jpg,1935,1950,15
42280.jpg,1935,1970,35
42285.jpg,1935,1950,15
42290.jpg,1935,1950,15
42295.jpg,1936,1920,-16
42300.jpg,1936,1980,44
42305.jpg,1936,1930,-6
42310.jpg,1936,1950,14
42315.jpg,1936,1920,-16
42320.jpg,1936,2010,74
42325.jpg,1936,1980,44
42330.jpg,1936,2015,79
42335.jpg,1936,1975,39
42340.jpg,1936,1945,9
42345.jpg,1936,1935,-1
42350.jpg,1936,1940,4
42355.jpg,1936,1950,14
42360.jpg,1936,2000,64
42365.jpg,1936,1921,-15
42370.jpg,1936,1930,-6
42375.jpg,1936,1850,-86
42380.jpg,1936,1965,29
42385.jpg,1936,1925,-11
42390.jpg,1936,2000,64
42395.jpg,1936,1940,4
42400.jpg,1936,1985,49
42405.jpg,1936,1930,-6
42410.jpg,1936,1980,44
42415.jpg,1936,1950,14
42420.jpg,1936,1930,-6
42425.jpg,1936,1900,-36
42430.jpg,1936,1940,4
42435.jpg,1936,1960,24
42440.jpg,1936,1965,29
42445.jpg,1936,1920,-16
42450.jpg,1936,1900,-36
42455.jpg,1936,1960,24
42460.jpg,1936,1930,-6
42465.jpg,1936,1940,4
42470.jpg,1936,1960,24
42475.jpg,1936,1920,-16
42480.jpg,1936,1603,-333
42485.jpg,1936,1900,-36
42490.jpg,1936,1930,-6
42495.jpg,1936,1960,24
42500.jpg,1936,1940,4
42505.jpg,1936,1930,-6
42510.jpg,1936,1900,-36
42515.jpg,1936,1940,4
42520.jpg,1936,1940,4
42525.jpg,1936,1920,-16
42530.jpg,1936,1975,39
42535.jpg,1936,1960,24
42540.jpg,1936,1900,-36
42545.jpg,1936,1940,4
42550.jpg,1936,1930,-6
42555.jpg,1936,1600,-336
42560.jpg,1936,1900,-36
42565.jpg,1936,1820,-116
42570.jpg,1936,1950,14
42575.jpg,1936,1900,-36
42585.jpg,1936,1980,44
42595.jpg,1936,1970,34
42600.jpg,1936,2000,64
42610.jpg,1937,1975,38
42615.jpg,1937,1930,-7
42620.jpg,1937,1930,-7
42625.jpg,1937,1920,-17
42630.jpg,1937,2000,63
42635.jpg,1937,1950,13
42640.jpg,1937,2000,63
42645.jpg,1937,2015,78
42650.jpg,1937,1935,-2
42655.jpg,1937,2010,73
42660.jpg,1937,1950,13
42665.jpg,1937,1930,-7
42670.jpg,1937,1905,-32
42675.jpg,1937,1950,13
42680.jpg,1937,1960,23
42685.jpg,1937,1960,23
42690.jpg,1937,1990,53
42695.jpg,1937,1900,-37
42700.jpg,1937,1925,-12
42705.jpg,1937,1930,-7
42710.jpg,1937,1970,33
42715.jpg,1937,1950,13
42720.jpg,1937,1950,13
42725.jpg,1937,1830,-107
42730.jpg,1937,1980,43
42735.jpg,1937,1970,33
42740.jpg,1937,1937,0
42745.jpg,1937,1980,43
42750.jpg,1937,1980,43
42755.jpg,1937,1920,-17
42765.jpg,1937,1940,3
42770.jpg,1937,1980,43
42775.jpg,1937,1900,-37
42780.jpg,1937,1975,38
42785.jpg,1937,1970,33
42790.jpg,1937,1900,-37
42795.jpg,1937,1930,-7
42800.jpg,1937,1900,-37
42805.jpg,1937,1925,-12
42810.jpg,1937,1800,-137
42815.jpg,1937,1900,-37
42820.jpg,1937,2005,68
42825.jpg,1937,1900,-37
42830.jpg,1937,1950,13
42835.jpg,1937,1900,-37
42840.jpg,1937,1950,13
42845.jpg,1937,1950,13
42850.jpg,1937,1950,13
42855.jpg,1937,1930,-7
42860.jpg,1937,1905,-32
42865.jpg,1937,1950,13
42870.jpg,1937,1970,33
42875.jpg,1937,1975,38
42880.jpg,1937,1930,-7
42885.jpg,1937,1950,13
42890.jpg,1937,1920,-17
42895.jpg,1937,1920,-17
42900.jpg,1937,1950,13
42905.jpg,1937,1950,13
42910.jpg,1937,1200,-737
42915.jpg,1938,1930,-8
42920.jpg,1938,1920,-18
42925.jpg,1938,1919,-19
42930.jpg,1938,1930,-8
42935.jpg,1938,1920,-18
42940.jpg,1938,2000,62
42945.jpg,1938,2020,82
42950.jpg,1938,2015,77
42955.jpg,1938,2000,62
42960.jpg,1938,1950,12
42965.jpg,1938,1950,12
42970.jpg,1938,1920,-18
42975.jpg,1938,1925,-13
42980.jpg,1938,1930,-8
42985.jpg,1938,1900,-38
42990.jpg,1938,1930,-8
42995.jpg,1938,1930,-8
43000.jpg,1938,1950,12
43005.jpg,1938,1925,-13
43010.jpg,1938,1900,-38
43015.jpg,1938,1920,-18
43020.jpg,1938,1830,-108
43025.jpg,1938,1950,12
43030.jpg,1938,1960,22
43035.jpg,1938,1900,-38
43040.jpg,1938,1930,-8
43045.jpg,1938,1925,-13
43050.jpg,1938,1940,2
43055.jpg,1938,1950,12
43060.jpg,1938,1985,47
43065.jpg,1938,1920,-18
43070.jpg,1938,1975,37
43075.jpg,1938,1980,42
43080.jpg,1938,1960,22
43085.jpg,1938,1950,12
43090.jpg,1938,1975,37
43095.jpg,1938,1970,32
43100.jpg,1938,1970,32
43105.jpg,1938,1930,-8
43110.jpg,1938,1930,-8
43115.jpg,1938,1910,-28
43120.jpg,1938,1920,-18
43125.jpg,1938,1900,-38
43130.jpg,1938,1920,-18
43135.jpg,1938,1900,-38
43140.jpg,1938,2010,72
43145.jpg,1938,1850,-88
43150.jpg,1938,1800,-138
43155.jpg,1938,1960,22
43160.jpg,1938,1930,-8
43165.jpg,1938,1975,37
43170.jpg,1938,1930,-8
43175.jpg,1938,1950,12
43185.jpg,1938,1933,-5
43190.jpg,1938,1920,-18
43195.jpg,1938,1950,12
43200.jpg,1938,2000,62
43210.jpg,1939,1930,-9
43215.jpg,1939,1950,11
43220.jpg,1939,1950,11
43225.jpg,1939,1800,-139
43235.jpg,1939,2005,66
43245.jpg,1939,1990,51
43250.jpg,1939,1980,41
43255.jpg,1939,1975,36
43260.jpg,1939,1980,41
43270.jpg,1939,1920,-19
43275.jpg,1939,1920,-19
43280.jpg,1939,1830,-109
43285.jpg,1939,1950,11
43290.jpg,1939,1930,-9
43295.jpg,1939,1950,11
43300.jpg,1939,1925,-14
43305.jpg,1939,1950,11
43310.jpg,1939,1930,-9
43315.jpg,1939,1930,-9
43320.jpg,1939,1940,1
43325.jpg,1939,1920,-19
43330.jpg,1939,1990,51
43335.jpg,1939,1950,11
43340.jpg,1939,2010,71
43345.jpg,1939,1880,-59
43350.jpg,1939,1950,11
43360.jpg,1939,2010,71
43365.jpg,1939,1850,-89
43370.jpg,1939,1900,-39
43375.jpg,1939,1920,-19
43380.jpg,1939,1970,31
43385.jpg,1939,1940,1
43390.jpg,1939,1970,31
43395.jpg,1939,1970,31
43400.jpg,1939,2010,71
43405.jpg,1939,2010,71
43410.jpg,1939,1930,-9
43415.jpg,1939,1930,-9
43420.jpg,1939,1930,-9
43425.jpg,1939,1930,-9
43430.jpg,1939,1870,-69
43435.jpg,1939,1930,-9
43440.jpg,1939,1975,36
43445.jpg,1939,1980,41
43450.jpg,1939,1975,36
43455.jpg,1939,1940,1
43460.jpg,1939,1880,-59
43465.jpg,1939,1850,-89
43470.jpg,1940,1925,-15
43475.jpg,1940,1945,5
43480.jpg,1940,1930,-10
43485.jpg,1940,1950,10
43490.jpg,1940,1950,10
43495.jpg,1940,1930,-10
43500.jpg,1940,1950,10
43505.jpg,1940,2010,70
43510.jpg,1940,1950,10
43515.jpg,1940,1900,-40
43520.jpg,1940,1940,0
43525.jpg,1940,1830,-110
43530.jpg,1940,1955,15
43535.jpg,1940,1920,-20
43540.jpg,1940,1935,-5
43545.jpg,1940,1975,35
43550.jpg,1940,1920,-20
43555.jpg,1940,1970,30
43560.jpg,1940,1930,-10
43565.jpg,1940,1930,-10
43570.jpg,1940,1930,-10
43575.jpg,1940,1960,20
43580.jpg,1940,1900,-40
43585.jpg,1940,1960,20
43590.jpg,1940,1930,-10
43595.jpg,1940,1980,40
43600.jpg,1940,1920,-20
43605.jpg,1940,1950,10
43610.jpg,1940,1900,-40
43615.jpg,1940,1800,-140
43620.jpg,1940,1970,30
43625.jpg,1940,1930,-10
43630.jpg,1940,1950,10
43635.jpg,1940,1930,-10
43640.jpg,1940,1970,30
43645.jpg,1940,1950,10
43650.jpg,1940,1930,-10
43655.jpg,1940,1950,10
43660.jpg,1940,1950,10
43665.jpg,1940,1950,10
43670.jpg,1940,1930,-10
43675.jpg,1940,1925,-15
43680.jpg,1940,1925,-15
43685.jpg,1940,2000,60
43700.jpg,1940,1900,-40
43705.jpg,1940,1920,-20
43710.jpg,1940,1915,-25
43715.jpg,1940,1930,-10
43720.jpg,1941,1950,9
43725.jpg,1941,1950,9
43730.jpg,1941,2015,74
43735.jpg,1941,1980,39
43740.jpg,1941,2000,59
43745.jpg,1941,1900,-41
43750.jpg,1941,1930,-11
43755.jpg,1941,1875,-66
43760.jpg,1941,1800,-141
43765.jpg,1941,1850,-91
43770.jpg,1941,1920,-21
43775.jpg,1941,1930,-11
43780.jpg,1941,1940,-1
43785.jpg,1941,1950,9
43790.jpg,1941,1930,-11
43795.jpg,1941,1980,39
43800.jpg,1941,1920,-21
43805.jpg,1941,1850,-91
43810.jpg,1941,1960,19
43815.jpg,1941,1950,9
43820.jpg,1941,1930,-11
43825.jpg,1941,1950,9
43830.jpg,1941,2005,64
43835.jpg,1941,1975,34
43840.jpg,1941,1970,29
43845.jpg,1941,1950,9
43850.jpg,1941,1965,24
43855.jpg,1941,1900,-41
43860.jpg,1941,1930,-11
43865.jpg,1942,1940,-2
43870.jpg,1942,1975,33
43875.jpg,1942,1960,18
43880.jpg,1942,1925,-17
43885.jpg,1942,1980,38
43890.jpg,1942,1940,-2
43895.jpg,1942,1920,-22
43900.jpg,1942,1900,-42
43905.jpg,1942,1905,-37
43910.jpg,1942,1950,8
43915.jpg,1942,1795,-147
43920.jpg,1942,1975,33
43925.jpg,1942,2000,58
43930.jpg,1942,1950,8
43935.jpg,1942,1970,28
43940.jpg,1942,1950,8
43945.jpg,1942,1960,18
43950.jpg,1942,1920,-22
43955.jpg,1942,1890,-52
43960.jpg,1943,1970,27
43965.jpg,1943,1975,32
43970.jpg,1943,2000,57
43975.jpg,1943,1950,7
43980.jpg,1943,1900,-43
43985.jpg,1943,1950,7
43990.jpg,1943,1975,32
43995.jpg,1943,1930,-13
44000.jpg,1943,1950,7
44005.jpg,1943,1980,37
44010.jpg,1943,2000,57
44015.jpg,1943,1970,27
44020.jpg,1943,1920,-23
44025.jpg,1943,1960,17
44030.jpg,1944,1900,-44
44035.jpg,1944,1980,36
44040.jpg,1944,1950,6
44045.jpg,1944,1905,-39
44050.jpg,1944,1800,-144
44055.jpg,1944,1965,21
44060.jpg,1945,1900,-45
44065.jpg,1945,1950,5
44075.jpg,1945,1975,30
44080.jpg,1945,1980,35
44090.jpg,1945,1920,-25
44095.jpg,1945,1975,30
44100.jpg,1945,2000,55
44105.jpg,1945,1940,-5
44110.jpg,1945,1950,5
44115.jpg,1946,2000,54
44120.jpg,1946,2000,54
44125.jpg,1946,1980,34
44130.jpg,1946,1950,4
44135.jpg,1946,1925,-21
44140.jpg,1946,1990,44
44145.jpg,1946,1950,4
44150.jpg,1946,1980,34
44155.jpg,1946,1905,-41
44160.jpg,1946,2010,64
44165.jpg,1946,1975,29
44170.jpg,1946,1975,29
44175.jpg,1947,1930,-17
44180.jpg,1947,1945,-2
44185.jpg,1947,1750,-197
44190.jpg,1947,2000,53
44195.jpg,1947,2015,68
44200.jpg,1947,1975,28
44205.jpg,1947,1970,23
44210.jpg,1947,2010,63
44215.jpg,1947,1965,18
44220.jpg,1947,1930,-17
44230.jpg,1947,1950,3
44240.jpg,1947,1940,-7
44245.jpg,1947,1920,-27
44250.jpg,1947,1940,-7
44255.jpg,1947,2005,58
44260.jpg,1947,1920,-27
44270.jpg,1947,1980,33
44275.jpg,1947,1900,-47
44280.jpg,1947,1950,3
44285.jpg,1948,1950,2
44290.jpg,1948,1985,37
44295.jpg,1948,2010,62
44300.jpg,1948,1950,2
44305.jpg,1948,1970,22
44310.jpg,1948,2000,52
44315.jpg,1948,2020,72
44320.jpg,1948,1975,27
44325.jpg,1948,1945,-3
44330.jpg,1948,1970,22
44335.jpg,1948,1920,-28
44340.jpg,1948,1975,27
44345.jpg,1948,1970,22
44350.jpg,1948,1930,-18
44355.jpg,1948,1965,17
44360.jpg,1948,1960,12
44365.jpg,1948,1950,2
44370.jpg,1948,1850,-98
44375.jpg,1948,1900,-48
44380.jpg,1948,1975,27
44385.jpg,1948,2000,52
44390.jpg,1948,1970,22
44395.jpg,1948,1950,2
44400.jpg,1949,1790,-159
44405.jpg,1949,1990,41
44410.jpg,1949,1950,1
44415.jpg,1949,2020,71
44420.jpg,1949,2000,51
44425.jpg,1949,1970,21
44430.jpg,1949,1980,31
44435.jpg,1949,1975,26
44440.jpg,1949,1970,21
44445.jpg,1949,1990,41
44450.jpg,1949,1920,-29
44455.jpg,1949,1930,-19
44460.jpg,1949,1950,1
44465.jpg,1949,1950,1
44470.jpg,1949,1980,31
44475.jpg,1949,1945,-4
44480.jpg,1949,1950,1
44485.jpg,1949,1950,1
44490.jpg,1949,1900,-49
44495.jpg,1949,1970,21
44500.jpg,1949,1950,1
44510.jpg,1949,1900,-49
44515.jpg,1949,1930,-19
44520.jpg,1949,2015,66
44525.jpg,1949,1975,26
44530.jpg,1949,1975,26
44535.jpg,1949,1960,11
44540.jpg,1950,1970,20
44545.jpg,1950,2010,60
44550.jpg,1950,1920,-30
44555.jpg,1950,1980,30
44560.jpg,1950,1980,30
44565.jpg,1950,1980,30
44570.jpg,1950,1970,20
44575.jpg,1950,1900,-50
44585.jpg,1950,1990,40
44590.jpg,1950,1970,20
44595.jpg,1950,1980,30
44600.jpg,1950,1975,25
44605.jpg,1950,1975,25
44610.jpg,1950,1980,30
44615.jpg,1950,1970,20
44620.jpg,1950,1950,0
44625.jpg,1950,1940,-10
44630.jpg,1950,1920,-30
44635.jpg,1950,1990,40
44640.jpg,1950,1950,0
44645.jpg,1950,1900,-50
44650.jpg,1950,1950,0
44655.jpg,1950,1980,30
44660.jpg,1950,1960,10
44665.jpg,1950,1950,0
44680.jpg,1950,2000,50
44685.jpg,1950,1950,0
44690.jpg,1950,1970,20
44695.jpg,1950,1905,-45
44700.jpg,1950,1965,15
44705.jpg,1951,1970,19
44710.jpg,1951,1930,-21
44720.jpg,1951,1980,29
44725.jpg,1951,1980,29
44730.jpg,1951,1980,29
44735.jpg,1951,1960,9
44740.jpg,1951,1890,-61
44745.jpg,1951,1970,19
44750.jpg,1951,1950,-1
44755.jpg,1951,1950,-1
44760.jpg,1951,1975,24
44765.jpg,1951,1930,-21
44770.jpg,1951,1377,-574
44775.jpg,1951,1950,-1
44780.jpg,1951,1850,-101
44785.jpg,1951,1975,24
44790.jpg,1951,1970,19
44795.jpg,1951,1950,-1
44800.jpg,1951,1950,-1
44810.jpg,1951,1850,-101
44815.jpg,1951,2000,49
44820.jpg,1951,1950,-1
44825.jpg,1951,2000,49
44830.jpg,1951,1980,29
44840.jpg,1951,1975,24
44845.jpg,1952,1975,23
44850.jpg,1952,1975,23
44855.jpg,1952,1970,18
44860.jpg,1952,1980,28
44865.jpg,1952,2020,68
44870.jpg,1952,2000,48
44875.jpg,1952,1965,13
44880.jpg,1952,1965,13
44885.jpg,1952,1980,28
44890.jpg,1952,1960,8
44895.jpg,1952,1970,18
44900.jpg,1952,1960,8
44905.jpg,1952,1980,28
44910.jpg,1952,2005,53
44915.jpg,1952,2000,48
44920.jpg,1952,1970,18
44925.jpg,1952,1970,18
44930.jpg,1952,2000,48
44940.jpg,1952,1950,-2
44945.jpg,1952,2000,48
44950.jpg,1952,1975,23
44955.jpg,1952,1975,23
44960.jpg,1953,1980,27
44965.jpg,1953,2000,47
44970.jpg,1953,2000,47
44980.jpg,1953,1930,-23
44985.jpg,1953,2020,67
44990.jpg,1953,2010,57
44995.jpg,1953,1975,22
45000.jpg,1953,2020,67
45005.jpg,1953,1930,-23
45010.jpg,1953,1900,-53
45015.jpg,1953,1960,7
45020.jpg,1953,1975,22
45025.jpg,1953,1950,-3
45030.jpg,1953,1975,22
45035.jpg,1953,1970,17
45040.jpg,1953,1950,-3
45045.jpg,1953,1970,17
45050.jpg,1953,2000,47
45055.jpg,1953,1950,-3
45060.jpg,1953,1925,-28
45065.jpg,1953,1970,17
45070.jpg,1953,1960,7
45075.jpg,1953,2000,47
45080.jpg,1953,1980,27
45085.jpg,1953,2000,47
45090.jpg,1953,1800,-153
45095.jpg,1954,1970,16
45100.jpg,1954,2000,46
45105.jpg,1954,1975,21
45110.jpg,1954,1950,-4
45115.jpg,1954,2000,46
45120.jpg,1954,1970,16
45125.jpg,1954,2005,51
45130.jpg,1954,1960,6
45135.jpg,1954,1975,21
45140.jpg,1954,1975,21
45150.jpg,1954,1950,-4
45155.jpg,1954,1900,-54
45160.jpg,1954,1960,6
45165.jpg,1954,1980,26
45170.jpg,1954,1970,16
45175.jpg,1954,1920,-34
45180.jpg,1954,1900,-54
45185.jpg,1954,1950,-4
45190.jpg,1954,1960,6
45195.jpg,1954,1950,-4
45200.jpg,1954,1970,16
45205.jpg,1954,1925,-29
45210.jpg,1954,1920,-34
45215.jpg,1954,2000,46
45220.jpg,1954,1780,-174
45225.jpg,1954,1975,21
45230.jpg,1954,1970,16
45235.jpg,1955,1800,-155
45240.jpg,1955,2000,45
45245.jpg,1955,1980,25
45250.jpg,1955,1975,20
45255.jpg,1955,1960,5
45260.jpg,1955,1950,-5
45265.jpg,1955,2015,60
45275.jpg,1955,1975,20
45280.jpg,1955,2010,55
45285.jpg,1955,1975,20
45290.jpg,1955,1980,25
45295.jpg,1955,1990,35
45300.jpg,1955,2019,64
45310.jpg,1955,2000,45
45315.jpg,1955,1920,-35
45320.jpg,1955,1800,-155
45325.jpg,1955,2000,45
45330.jpg,1955,1970,15
45335.jpg,1955,1960,5
45345.jpg,1955,2000,45
45350.jpg,1955,1925,-30
45355.jpg,1955,2005,50
45360.jpg,1955,1800,-155
45365.jpg,1955,1975,20
45370.jpg,1955,1950,-5
45375.jpg,1955,1950,-5
45385.jpg,1956,1980,24
45390.jpg,1956,1975,19
45395.jpg,1956,2000,44
45400.jpg,1956,2015,59
45405.jpg,1956,1960,4
45410.jpg,1956,1980,24
45415.jpg,1956,1980,24
45420.jpg,1956,1975,19
45430.jpg,1956,1980,24
45435.jpg,1956,1940,-16
45440.jpg,1956,1975,19
45445.jpg,1956,1975,19
45450.jpg,1956,1970,14
45455.jpg,1956,2010,54
45460.jpg,1956,1950,-6
45465.jpg,1956,1900,-56
45470.jpg,1956,2005,49
45475.jpg,1956,1965,9
45480.jpg,1956,1940,-16
45485.jpg,1956,1970,14
45490.jpg,1956,1970,14
45495.jpg,1956,1900,-56
45500.jpg,1956,2010,54
45505.jpg,1956,1985,29
45510.jpg,1956,2000,44
45515.jpg,1956,1970,14
45520.jpg,1956,1990,34
45530.jpg,1957,1950,-7
45535.jpg,1957,1950,-7
45540.jpg,1957,2000,43
45545.jpg,1957,2000,43
45550.jpg,1957,2000,43
45555.jpg,1957,1990,33
45560.jpg,1957,2010,53
45565.jpg,1957,1975,18
45570.jpg,1957,2010,53
45575.jpg,1957,1920,-37
45585.jpg,1957,1925,-32
45590.jpg,1957,1970,13
45595.jpg,1957,1980,23
45605.jpg,1957,2005,48
45610.jpg,1957,1970,13
45615.jpg,1957,1970,13
45620.jpg,1957,1970,13
45630.jpg,1957,1950,-7
45635.jpg,1957,2015,58
45640.jpg,1957,1965,8
45645.jpg,1957,1850,-107
45650.jpg,1957,1965,8
45655.jpg,1957,1970,13
45660.jpg,1957,1960,3
45665.jpg,1957,1920,-37
45675.jpg,1957,2010,53
45680.jpg,1957,2015,58
45685.jpg,1957,1970,13
45695.jpg,1957,1980,23
45700.jpg,1958,1920,-38
45705.jpg,1958,2020,62
45715.jpg,1958,1975,17
45720.jpg,1958,2000,42
45730.jpg,1958,1975,17
45735.jpg,1958,2025,67
45740.jpg,1958,2005,47
45745.jpg,1958,1950,-8
45750.jpg,1958,2000,42
45755.jpg,1958,1920,-38
45760.jpg,1958,1960,2
45765.jpg,1958,1975,17
45770.jpg,1958,1950,-8
45775.jpg,1958,1970,12
45780.jpg,1958,1965,7
45785.jpg,1958,2023,65
45790.jpg,1958,1960,2
45795.jpg,1958,1975,17
45800.jpg,1958,1980,22
45805.jpg,1958,1965,7
45810.jpg,1958,1650,-308
45815.jpg,1958,1975,17
45820.jpg,1958,1980,22
45825.jpg,1958,2000,42
45830.jpg,1958,2010,52
45835.jpg,1958,1920,-38
45840.jpg,1958,1970,12
45845.jpg,1958,1970,12
45850.jpg,1958,1970,12
45855.jpg,1959,2015,56
45860.jpg,1959,1970,11
45870.jpg,1959,2005,46
45880.jpg,1959,1905,-54
45885.jpg,1959,1985,26
45890.jpg,1959,1950,-9
45895.jpg,1959,1950,-9
45900.jpg,1959,1960,1
45905.jpg,1959,1960,1
45910.jpg,1959,2010,51
45915.jpg,1959,1970,11
45925.jpg,1959,1965,6
45930.jpg,1959,1960,1
45935.jpg,1959,1960,1
45940.jpg,1959,1990,31
45945.jpg,1959,2005,46
45950.jpg,1959,2000,41
45955.jpg,1959,1973,14
45960.jpg,1959,1970,11
45965.jpg,1959,1920,-39
45970.jpg,1959,1990,31
45975.jpg,1959,1960,1
45980.jpg,1959,1850,-109
45985.jpg,1959,1950,-9
45990.jpg,1960,1900,-60
45995.jpg,1960,2010,50
46000.jpg,1960,1985,25
46005.jpg,1960,2010,50
46015.jpg,1960,1965,5
46025.jpg,1960,2000,40
46030.jpg,1960,1985,25
46035.jpg,1960,1975,15
46040.jpg,1960,1950,-10
46045.jpg,1960,1980,20
46050.jpg,1960,1920,-40
46055.jpg,1960,1950,-10
46060.jpg,1960,1970,10
46065.jpg,1960,1975,15
46070.jpg,1960,1970,10
46075.jpg,1960,2010,50
46080.jpg,1960,1970,10
46085.jpg,1960,1850,-110
46090.jpg,1960,1965,5
46095.jpg,1960,1970,10
46100.jpg,1960,1975,15
46105.jpg,1960,1975,15
46110.jpg,1960,1975,15
46115.jpg,1960,2010,50
46120.jpg,1960,1980,20
46130.jpg,1960,1930,-30
46135.jpg,1960,1970,10
46140.jpg,1960,1925,-35
46145.jpg,1960,1960,0
46150.jpg,1960,1965,5
46155.jpg,1961,1900,-61
46160.jpg,1961,1975,14
46170.jpg,1961,2015,54
46180.jpg,1961,1980,19
46185.jpg,1961,1975,14
46190.jpg,1961,1850,-111
46195.jpg,1961,2010,49
46200.jpg,1961,2010,49
46205.jpg,1961,1950,-11
46210.jpg,1961,1975,14
46215.jpg,1961,1975,14
46220.jpg,1961,1975,14
46225.jpg,1961,1965,4
46230.jpg,1961,1975,14
46235.jpg,1961,1950,-11
46240.jpg,1961,2020,59
46245.jpg,1961,1970,9
46250.jpg,1961,1980,19
46255.jpg,1961,1970,9
46260.jpg,1961,1950,-11
46265.jpg,1961,1970,9
46270.jpg,1961,1950,-11
46275.jpg,1961,2010,49
46280.jpg,1961,1905,-56
46285.jpg,1961,2000,39
46290.jpg,1961,2005,44
46295.jpg,1961,1980,19
46305.jpg,1961,1980,19
46310.jpg,1961,1970,9
46315.jpg,1961,2000,39
46320.jpg,1962,1965,3
46330.jpg,1962,1920,-42
46335.jpg,1962,2010,48
46340.jpg,1962,1962,0
46345.jpg,1962,1990,28
46350.jpg,1962,1980,18
46355.jpg,1962,1990,28
46360.jpg,1962,2000,38
46365.jpg,1962,1965,3
46370.jpg,1962,1960,-2
46375.jpg,1962,1975,13
46380.jpg,1962,1980,18
46385.jpg,1962,1950,-12
46390.jpg,1962,1960,-2
46395.jpg,1962,1960,-2
46400.jpg,1962,1970,8
46405.jpg,1962,1920,-42
46410.jpg,1962,2005,43
46415.jpg,1962,1890,-72
46420.jpg,1962,1950,-12
46425.jpg,1962,1965,3
46430.jpg,1962,1975,13
46435.jpg,1962,1830,-132
46440.jpg,1962,2000,38
46445.jpg,1962,2010,48
46450.jpg,1962,1975,13
46455.jpg,1962,2000,38
46460.jpg,1962,1975,13
46465.jpg,1963,1970,7
46470.jpg,1963,1970,7
46475.jpg,1963,1975,12
46480.jpg,1963,1970,7
46490.jpg,1963,2015,52
46495.jpg,1963,1975,12
46500.jpg,1963,1970,7
46505.jpg,1963,1975,12
46510.jpg,1963,1970,7
46515.jpg,1963,1980,17
46520.jpg,1963,1970,7
46525.jpg,1963,2010,47
46530.jpg,1963,1970,7
46535.jpg,1963,1960,-3
46540.jpg,1963,1910,-53
46545.jpg,1963,1950,-13
46550.jpg,1963,1970,7
46555.jpg,1963,2015,52
46560.jpg,1963,1950,-13
46565.jpg,1963,2000,37
46570.jpg,1963,2000,37
46575.jpg,1963,1975,12
46580.jpg,1963,1980,17
46585.jpg,1963,1995,32
46590.jpg,1963,1200,-763
46595.jpg,1963,2000,37
46600.jpg,1963,1990,27
46605.jpg,1963,2010,47
46615.jpg,1963,1970,7
46620.jpg,1963,1970,7
46625.jpg,1963,1970,7
46630.jpg,1963,1960,-3
46635.jpg,1964,1960,-4
46640.jpg,1964,2015,51
46645.jpg,1964,1975,11
46650.jpg,1964,2000,36
46655.jpg,1964,2000,36
46660.jpg,1964,1975,11
46665.jpg,1964,1975,11
46670.jpg,1964,1975,11
46675.jpg,1964,2015,51
46680.jpg,1964,1995,31
46685.jpg,1964,1980,16
46690.jpg,1964,2000,36
46695.jpg,1964,1975,11
46700.jpg,1964,1965,1
46705.jpg,1964,2005,41
46710.jpg,1964,1975,11
46715.jpg,1964,1960,-4
46720.jpg,1964,1975,11
46725.jpg,1964,1975,11
46730.jpg,1964,2000,36
46735.jpg,1964,1980,16
46740.jpg,1964,1964,0
46745.jpg,1964,1980,16
46750.jpg,1964,1970,6
46755.jpg,1964,1960,-4
46760.jpg,1964,1825,-139
46765.jpg,1964,2000,36
46770.jpg,1964,1960,-4
46775.jpg,1964,1920,-44
46780.jpg,1964,2010,46
46785.jpg,1964,2000,36
46790.jpg,1964,2000,36
46795.jpg,1964,1970,6
46805.jpg,1964,1965,1
46810.jpg,1964,1975,11
46815.jpg,1964,2015,51
46820.jpg,1965,1975,10
46825.jpg,1965,1980,15
46830.jpg,1965,1980,15
46835.jpg,1965,2010,45
46840.jpg,1965,2000,35
46845.jpg,1965,2000,35
46850.jpg,1965,1970,5
46860.jpg,1965,1975,10
46865.jpg,1965,1970,5
46870.jpg,1965,2020,55
46875.jpg,1965,2010,45
46885.jpg,1965,1975,10
46890.jpg,1965,2000,35
46895.jpg,1965,1965,0
46900.jpg,1965,2015,50
46905.jpg,1965,1930,-35
46910.jpg,1965,2000,35
46915.jpg,1965,1950,-15
46920.jpg,1965,1970,5
46930.jpg,1965,1975,10
46935.jpg,1965,1970,5
46940.jpg,1965,1940,-25
46945.jpg,1965,1970,5
46950.jpg,1965,2000,35
46955.jpg,1965,2010,45
46960.jpg,1965,1990,25
46965.jpg,1965,2010,45
46970.jpg,1965,1970,5
46990.jpg,1965,1975,10
46995.jpg,1965,1920,-45
47000.jpg,1965,2020,55
47005.jpg,1966,1975,9
47010.jpg,1966,1970,4
47015.jpg,1966,1980,14
47020.jpg,1966,1970,4
47025.jpg,1966,1990,24
47030.jpg,1966,2000,34
47035.jpg,1966,2000,34
47040.jpg,1966,1990,24
47050.jpg,1966,1980,14
47055.jpg,1966,1980,14
47060.jpg,1966,2005,39
47065.jpg,1966,1920,-46
47070.jpg,1966,1975,9
47075.jpg,1966,2000,34
47080.jpg,1966,1970,4
47085.jpg,1966,1970,4
47090.jpg,1966,1970,4
47100.jpg,1966,1980,14
47105.jpg,1966,1975,9
47115.jpg,1966,1950,-16
47120.jpg,1966,1975,9
47125.jpg,1966,1980,14
47130.jpg,1966,1970,4
47135.jpg,1966,1990,24
47140.jpg,1966,2010,44
47145.jpg,1966,1920,-46
47150.jpg,1966,1965,-1
47155.jpg,1966,1900,-66
47170.jpg,1966,2000,34
47175.jpg,1966,2000,34
47180.jpg,1966,1980,14
47185.jpg,1966,1970,4
47190.jpg,1966,1975,9
47195.jpg,1966,1975,9
47200.jpg,1966,1970,4
47205.jpg,1966,1975,9
47210.jpg,1966,1970,4
47215.jpg,1966,1970,4
47220.jpg,1966,1970,4
47225.jpg,1967,2005,38
47230.jpg,1967,1975,8
47235.jpg,1967,1905,-62
47240.jpg,1967,1975,8
47245.jpg,1967,1975,8
47255.jpg,1967,2005,38
47265.jpg,1967,2000,33
47270.jpg,1967,1995,28
47275.jpg,1967,2010,43
47280.jpg,1967,2000,33
47285.jpg,1967,1980,13
47290.jpg,1967,1980,13
47295.jpg,1967,1920,-47
47300.jpg,1967,1900,-67
47305.jpg,1967,1800,-167
47310.jpg,1967,1965,-2
47315.jpg,1967,1975,8
47320.jpg,1967,1975,8
47325.jpg,1967,1975,8
47330.jpg,1967,1960,-7
47335.jpg,1967,1980,13
47340.jpg,1967,2010,43
47345.jpg,1967,1965,-2
47350.jpg,1967,1965,-2
47355.jpg,1967,1960,-7
47360.jpg,1967,1900,-67
47365.jpg,1967,1900,-67
47370.jpg,1967,1850,-117
47375.jpg,1967,1920,-47
47380.jpg,1967,1975,8
47385.jpg,1967,1980,13
47395.jpg,1967,1975,8
47400.jpg,1967,2000,33
47405.jpg,1967,1970,3
47410.jpg,1967,2000,33
47420.jpg,1967,1990,23
47425.jpg,1967,2000,33
47430.jpg,1967,1970,3
47435.jpg,1967,1970,3
47440.jpg,1967,1980,13
47445.jpg,1967,2010,43
47450.jpg,1968,1975,7
47455.jpg,1968,1965,-3
47460.jpg,1968,1960,-8
47465.jpg,1968,1975,7
47470.jpg,1968,1975,7
47475.jpg,1968,1975,7
47480.jpg,1968,2020,52
47485.jpg,1968,1980,12
47490.jpg,1968,2010,42
47495.jpg,1968,2020,52
47500.jpg,1968,1980,12
47505.jpg,1968,1990,22
47515.jpg,1968,2000,32
47520.jpg,1968,1920,-48
47525.jpg,1968,2005,37
47530.jpg,1968,1975,7
47535.jpg,1968,1960,-8
47540.jpg,1968,1965,-3
47545.jpg,1968,1980,12
47550.jpg,1968,2005,37
47555.jpg,1968,2000,32
47560.jpg,1968,1990,22
47565.jpg,1968,1975,7
47570.jpg,1968,1970,2
47575.jpg,1968,1800,-168
47580.jpg,1968,2005,37
47585.jpg,1968,1900,-68
47590.jpg,1968,2000,32
47595.jpg,1968,1980,12
47600.jpg,1968,2005,37
47610.jpg,1968,2000,32
47620.jpg,1968,1980,12
47625.jpg,1968,1960,-8
47630.jpg,1968,1980,12
47635.jpg,1968,1970,2
47640.jpg,1968,1975,7
47645.jpg,1968,1975,7
47650.jpg,1969,1970,1
47655.jpg,1969,1970,1
47660.jpg,1969,1965,-4
47665.jpg,1969,1970,1
47670.jpg,1969,1975,6
47675.jpg,1969,2000,31
47680.jpg,1969,2000,31
47685.jpg,1969,1980,11
47690.jpg,1969,1990,21
47695.jpg,1969,1970,1
47700.jpg,1969,2000,31
47710.jpg,1969,1985,16
47715.jpg,1969,1920,-49
47720.jpg,1969,1965,-4
47730.jpg,1969,1975,6
47735.jpg,1969,2010,41
47740.jpg,1969,1970,1
47745.jpg,1969,2000,31
47750.jpg,1969,2000,31
47755.jpg,1969,1905,-64
47760.jpg,1969,2005,36
47765.jpg,1969,2005,36
47770.jpg,1969,2005,36
47780.jpg,1969,2000,31
47785.jpg,1969,1980,11
47790.jpg,1969,1975,6
47795.jpg,1969,1975,6
47800.jpg,1969,1975,6
47805.jpg,1969,1950,-19
47810.jpg,1969,1975,6
47815.jpg,1969,1990,21
47820.jpg,1969,1980,11
47825.jpg,1969,1970,1
47830.jpg,1969,1975,6
47835.jpg,1970,1975,5
47840.jpg,1970,1970,0
47845.jpg,1970,1980,10
47850.jpg,1970,2000,30
47855.jpg,1970,1980,10
47860.jpg,1970,2015,45
47865.jpg,1970,1970,0
47870.jpg,1970,1975,5
47875.jpg,1970,2010,40
47880.jpg,1970,2000,30
47890.jpg,1970,2010,40
47895.jpg,1970,1975,5
47900.jpg,1970,1960,-10
47905.jpg,1970,1975,5
47910.jpg,1970,1975,5
47915.jpg,1970,1998,28
47920.jpg,1970,1970,0
47925.jpg,1970,1950,-20
47930.jpg,1970,2000,30
47935.jpg,1970,1975,5
47940.jpg,1970,1965,-5
47945.jpg,1970,1750,-220
47950.jpg,1970,1990,20
47955.jpg,1970,2000,30
47960.jpg,1970,1980,10
47965.jpg,1970,2010,40
47970.jpg,1970,1980,10
47975.jpg,1970,1980,10
47980.jpg,1970,1900,-70
47985.jpg,1970,1980,10
47990.jpg,1970,2000,30
47995.jpg,1970,2005,35
48000.jpg,1971,1975,4
48005.jpg,1971,1980,9
48010.jpg,1971,1975,4
48020.jpg,1971,1985,14
48025.jpg,1971,1970,-1
48030.jpg,1971,2015,44
48035.jpg,1971,1970,-1
48040.jpg,1971,2000,29
48045.jpg,1971,1990,19
48050.jpg,1971,1970,-1
48065.jpg,1971,1975,4
48070.jpg,1971,1970,-1
48075.jpg,1971,1970,-1
48080.jpg,1971,1965,-6
48085.jpg,1971,2000,29
48090.jpg,1971,1980,9
48095.jpg,1971,1975,4
48100.jpg,1971,2015,44
48105.jpg,1971,2010,39
48110.jpg,1971,1985,14
48115.jpg,1971,2005,34
48120.jpg,1971,2005,34
48130.jpg,1971,1990,19
48135.jpg,1971,2005,34
48140.jpg,1971,2000,29
48145.jpg,1971,2000,29
48150.jpg,1971,1970,-1
48155.jpg,1971,1975,4
48160.jpg,1971,1970,-1
48170.jpg,1971,1985,14
48175.jpg,1971,1975,4
48180.jpg,1972,1975,3
48185.jpg,1972,1965,-7
48190.jpg,1972,1975,3
48195.jpg,1972,1990,18
48200.jpg,1972,2000,28
48205.jpg,1972,1990,18
48215.jpg,1972,1970,-2
48220.jpg,1972,2000,28
48225.jpg,1972,2005,33
48230.jpg,1972,1975,3
48235.jpg,1972,1980,8
48240.jpg,1972,1960,-12
48245.jpg,1972,2010,38
48250.jpg,1972,1970,-2
48255.jpg,1972,1980,8
48260.jpg,1972,1970,-2
48265.jpg,1972,1975,3
48270.jpg,1972,1975,3
48275.jpg,1972,1960,-12
48280.jpg,1972,1975,3
48285.jpg,1972,1920,-52
48290.jpg,1972,1900,-72
48295.jpg,1972,1980,8
48300.jpg,1972,1990,18
48305.jpg,1972,2010,38
48310.jpg,1972,2015,43
48320.jpg,1972,1980,8
48325.jpg,1972,1965,-7
48330.jpg,1972,2010,38
48335.jpg,1972,1950,-22
48340.jpg,1972,1975,3
48345.jpg,1972,1975,3
48350.jpg,1972,1980,8
48355.jpg,1972,1950,-22
48360.jpg,1973,1970,-3
48365.jpg,1973,2000,27
48370.jpg,1973,2000,27
48375.jpg,1973,1980,7
48380.jpg,1973,1980,7
48385.jpg,1973,2015,42
48390.jpg,1973,2000,27
48395.jpg,1973,1975,2
48400.jpg,1973,1980,7
48405.jpg,1973,1970,-3
48410.jpg,1973,1980,7
48415.jpg,1973,2015,42
48420.jpg,1973,1980,7
48425.jpg,1973,1975,2
48430.jpg,1973,1970,-3
48435.jpg,1973,1975,2
48440.jpg,1973,1970,-3
48445.jpg,1973,1975,2
48450.jpg,1973,1960,-13
48455.jpg,1973,2000,27
48465.jpg,1973,2000,27
48475.jpg,1973,1975,2
48480.jpg,1973,1975,2
48490.jpg,1973,1980,7
48495.jpg,1973,1980,7
48500.jpg,1973,1850,-123
48505.jpg,1973,1980,7
48510.jpg,1973,2000,27
48515.jpg,1973,1950,-23
48525.jpg,1973,1975,2
48530.jpg,1974,1970,-4
48535.jpg,1974,1975,1
48540.jpg,1974,2015,41
48545.jpg,1974,1975,1
48550.jpg,1974,1975,1
48555.jpg,1974,1980,6
48560.jpg,1974,2000,26
48565.jpg,1974,2000,26
48570.jpg,1974,2000,26
48575.jpg,1974,1980,6
48580.jpg,1974,2000,26
48585.jpg,1974,1970,-4
48590.jpg,1974,1975,1
48595.jpg,1974,1970,-4
48600.jpg,1974,1975,1
48605.jpg,1974,1990,16
48610.jpg,1974,2000,26
48615.jpg,1974,1970,-4
48620.jpg,1974,1960,-14
48625.jpg,1974,1970,-4
48630.jpg,1974,1970,-4
48635.jpg,1974,2000,26
48640.jpg,1974,1800,-174
48650.jpg,1974,1970,-4
48670.jpg,1974,2000,26
48675.jpg,1974,2015,41
48680.jpg,1974,2010,36
48685.jpg,1974,1985,11
48690.jpg,1974,2005,31
48695.jpg,1974,1990,16
48700.jpg,1974,2000,26
48705.jpg,1974,1973,-1
48710.jpg,1974,2000,26
48715.jpg,1974,1970,-4
48720.jpg,1974,2010,36
48725.jpg,1974,1850,-124
48735.jpg,1975,2005,30
48740.jpg,1975,2010,35
48745.jpg,1975,1973,-2
48750.jpg,1975,1975,0
48755.jpg,1975,1975,0
48760.jpg,1975,1980,5
48765.jpg,1975,1980,5
48770.jpg,1975,1980,5
48775.jpg,1975,1950,-25
48780.jpg,1975,2000,25
48785.jpg,1975,1960,-15
48790.jpg,1975,1980,5
48795.jpg,1975,2000,25
48800.jpg,1975,1970,-5
48805.jpg,1975,2000,25
48810.jpg,1975,2015,40
48815.jpg,1975,2010,35
48820.jpg,1975,1980,5
48825.jpg,1975,1975,0
48830.jpg,1975,1970,-5
48835.jpg,1975,2000,25
48840.jpg,1975,1975,0
48845.jpg,1975,2010,35
48850.jpg,1975,2000,25
48855.jpg,1975,2020,45
48860.jpg,1975,2010,35
48865.jpg,1975,1995,20
48870.jpg,1975,2000,25
48875.jpg,1975,2005,30
48880.jpg,1975,2010,35
48885.jpg,1975,1970,-5
48890.jpg,1975,1980,5
48895.jpg,1975,1985,10
48900.jpg,1976,1920,-56
48905.jpg,1976,1980,4
48910.jpg,1976,1980,4
48915.jpg,1976,1970,-6
48920.jpg,1976,1925,-51
48925.jpg,1976,2015,39
48930.jpg,1976,2020,44
48940.jpg,1976,2000,24
48945.jpg,1976,1975,-1
48950.jpg,1976,2020,44
48955.jpg,1976,1975,-1
48960.jpg,1976,1980,4
48965.jpg,1976,1975,-1
48970.jpg,1976,1975,-1
48975.jpg,1976,2000,24
48985.jpg,1976,1970,-6
48990.jpg,1976,1970,-6
49000.jpg,1976,1700,-276
49020.jpg,1976,1980,4
49030.jpg,1976,2005,29
49035.jpg,1976,2005,29
49040.jpg,1976,1995,19
49045.jpg,1976,1990,14
49050.jpg,1976,1980,4
49060.jpg,1976,1970,-6
49065.jpg,1976,1975,-1
49070.jpg,1976,1985,9
49075.jpg,1976,2000,24
49080.jpg,1976,1975,-1
49085.jpg,1976,1970,-6
49090.jpg,1976,1990,14
49095.jpg,1977,1975,-2
49100.jpg,1977,1970,-7
49105.jpg,1977,1975,-2
49110.jpg,1977,1975,-2
49115.jpg,1977,2000,23
49120.jpg,1977,2000,23
49125.jpg,1977,2000,23
49130.jpg,1977,1980,3
49135.jpg,1977,1975,-2
49140.jpg,1977,1980,3
49145.jpg,1977,1970,-7
49150.jpg,1977,1975,-2
49155.jpg,1977,1975,-2
49160.jpg,1977,1980,3
49165.jpg,1977,1970,-7
49170.jpg,1977,1980,3
49175.jpg,1977,1900,-77
49180.jpg,1977,1975,-2
49185.jpg,1977,2000,23
49190.jpg,1977,2020,43
49195.jpg,1977,2005,28
49205.jpg,1977,2005,28
49210.jpg,1977,2010,33
49215.jpg,1977,2000,23
49220.jpg,1977,2010,33
49225.jpg,1977,1973,-4
49230.jpg,1977,1980,3
49235.jpg,1977,1980,3
49240.jpg,1977,1970,-7
49250.jpg,1977,2000,23
49255.jpg,1977,1975,-2
49260.jpg,1978,1980,2
49265.jpg,1978,2020,42
49270.jpg,1978,2000,22
49280.jpg,1978,2005,27
49285.jpg,1978,1970,-8
49290.jpg,1978,1905,-73
49295.jpg,1978,2015,37
49305.jpg,1978,1980,2
49310.jpg,1978,2015,37
49315.jpg,1978,1970,-8
49320.jpg,1978,2010,32
49325.jpg,1978,1980,2
49330.jpg,1978,2000,22
49335.jpg,1978,1980,2
49340.jpg,1978,1905,-73
49345.jpg,1978,2020,42
49350.jpg,1978,1990,12
49355.jpg,1978,2005,27
49360.jpg,1978,1990,12
49365.jpg,1978,2015,37
49370.jpg,1978,1975,-3
49375.jpg,1978,1990,12
49385.jpg,1978,2010,32
49390.jpg,1978,1970,-8
49395.jpg,1978,1975,-3
49400.jpg,1978,1980,2
49405.jpg,1979,1965,-14
49410.jpg,1979,1980,1
49415.jpg,1979,1970,-9
49420.jpg,1979,2010,31
49425.jpg,1979,2010,31
49430.jpg,1979,2000,21
49435.jpg,1979,1990,11
49440.jpg,1979,1975,-4
49445.jpg,1979,1980,1
49450.jpg,1979,1975,-4
49455.jpg,1979,1970,-9
49460.jpg,1979,2005,26
49465.jpg,1979,1850,-129
49470.jpg,1979,2000,21
49475.jpg,1979,1975,-4
49480.jpg,1979,1890,-89
49485.jpg,1979,1950,-29
49490.jpg,1979,1950,-29
49495.jpg,1979,1640,-339
49500.jpg,1979,2010,31
49505.jpg,1979,2015,36
49510.jpg,1979,1965,-14
49515.jpg,1979,1985,6
49525.jpg,1979,2005,26
49530.jpg,1979,1985,6
49535.jpg,1979,2000,21
49540.jpg,1979,2000,21
49545.jpg,1979,1950,-29
49550.jpg,1979,2010,31
49555.jpg,1979,2005,26
49560.jpg,1979,1975,-4
49565.jpg,1980,1975,-5
49570.jpg,1980,1890,-90
49585.jpg,1980,1950,-30
49590.jpg,1980,1980,0
49595.jpg,1980,1970,-10
49600.jpg,1980,1970,-10
49605.jpg,1980,1920,-60
49610.jpg,1980,1980,0
49615.jpg,1980,2000,20
49620.jpg,1980,1975,-5
49625.jpg,1980,1980,0
49630.jpg,1980,2010,30
49635.jpg,1980,2010,30
49640.jpg,1980,1975,-5
49645.jpg,1980,2000,20
49650.jpg,1980,2020,40
49655.jpg,1980,1970,-10
49660.jpg,1980,2000,20
49665.jpg,1980,2010,30
49675.jpg,1980,2015,35
49680.jpg,1980,1980,0
49685.jpg,1980,2005,25
49690.jpg,1980,1985,5
49695.jpg,1980,1970,-10
49700.jpg,1980,1970,-10
49705.jpg,1980,1970,-10
49710.jpg,1981,2005,24
49715.jpg,1981,2010,29
49720.jpg,1981,2015,34
49725.jpg,1981,1970,-11
49735.jpg,1981,1975,-6
49740.jpg,1981,1975,-6
49745.jpg,1981,2005,24
49750.jpg,1981,2000,19
49755.jpg,1981,1980,-1
49760.jpg,1981,1980,-1
49770.jpg,1981,1970,-11
49775.jpg,1981,1975,-6
49780.jpg,1981,1990,9
49785.jpg,1981,1970,-11
49790.jpg,1981,2005,24
49795.jpg,1981,2005,24
49800.jpg,1981,2005,24
49805.jpg,1981,2005,24
49810.jpg,1981,1900,-81
49815.jpg,1981,1970,-11
49820.jpg,1981,1850,-131
49825.jpg,1981,2000,19
49830.jpg,1981,1970,-11
49835.jpg,1981,1985,4
49840.jpg,1981,2010,29
49845.jpg,1981,1970,-11
49850.jpg,1981,2010,29
49860.jpg,1981,2000,19
49865.jpg,1981,2010,29
49875.jpg,1981,1980,-1
49880.jpg,1981,2010,29
49885.jpg,1981,2010,29
49890.jpg,1981,1980,-1
49895.jpg,1981,1975,-6
49900.jpg,1981,1960,-21
49905.jpg,1981,1970,-11
49910.jpg,1981,2010,29
49915.jpg,1981,1975,-6
49920.jpg,1982,1990,8
49925.jpg,1982,2000,18
49930.jpg,1982,2010,28
49935.jpg,1982,2000,18
49940.jpg,1982,1975,-7
49945.jpg,1982,1980,-2
49950.jpg,1982,2015,33
49955.jpg,1982,2010,28
49960.jpg,1982,1980,-2
49965.jpg,1982,2005,23
49975.jpg,1982,2010,28
49980.jpg,1982,2010,28
49985.jpg,1982,2000,18
49990.jpg,1982,2000,18
49995.jpg,1982,1975,-7
50000.jpg,1982,2010,28
50005.jpg,1982,2010,28
50010.jpg,1982,1980,-2
50015.jpg,1982,1975,-7
50020.jpg,1982,1980,-2
50025.jpg,1982,1975,-7
50030.jpg,1982,2005,23
50035.jpg,1982,1970,-12
50040.jpg,1982,2010,28
50045.jpg,1982,1975,-7
50050.jpg,1982,1975,-7
50055.jpg,1982,1970,-12
50060.jpg,1982,2000,18
50065.jpg,1982,1900,-82
50070.jpg,1982,2000,18
50075.jpg,1982,2000,18
50080.jpg,1982,1975,-7
50095.jpg,1982,1950,-32
50100.jpg,1982,1730,-252
50105.jpg,1982,1990,8
50110.jpg,1982,1850,-132
50115.jpg,1982,2005,23
50120.jpg,1982,2000,18
50145.jpg,1982,1920,-62
50150.jpg,1982,1975,-7
50155.jpg,1982,1982,0
50160.jpg,1983,1745,-238
50165.jpg,1983,1975,-8
50170.jpg,1983,2020,37
50175.jpg,1983,2000,17
50185.jpg,1983,1930,-53
50190.jpg,1983,1960,-23
50195.jpg,1983,1970,-13
50200.jpg,1983,1980,-3
50205.jpg,1983,1980,-3
50210.jpg,1983,1990,7
50220.jpg,1983,2000,17
50225.jpg,1983,1980,-3
50230.jpg,1983,2000,17
50235.jpg,1983,1990,7
50240.jpg,1983,2005,22
50245.jpg,1983,1975,-8
50250.jpg,1983,1970,-13
50255.jpg,1983,1975,-8
50260.jpg,1983,2000,17
50270.jpg,1983,1980,-3
50275.jpg,1983,1975,-8
50280.jpg,1983,1950,-33
50285.jpg,1983,1980,-3
50290.jpg,1983,2010,27
50295.jpg,1983,1975,-8
50300.jpg,1983,1980,-3
50305.jpg,1983,1980,-3
50310.jpg,1983,1970,-13
50315.jpg,1983,1830,-153
50320.jpg,1983,1980,-3
50325.jpg,1983,1900,-83
50330.jpg,1983,2000,17
50335.jpg,1983,2010,27
50340.jpg,1983,2010,27
50345.jpg,1983,1975,-8
50350.jpg,1983,2010,27
50355.jpg,1983,1900,-83
50360.jpg,1983,2000,17
50365.jpg,1983,1980,-3
50370.jpg,1983,1990,7
50375.jpg,1983,1970,-13
50380.jpg,1983,2010,27
50385.jpg,1983,1975,-8
50390.jpg,1984,1975,-9
50395.jpg,1984,1980,-4
50400.jpg,1984,2000,16
50405.jpg,1984,2000,16
50410.jpg,1984,2010,26
50415.jpg,1984,2010,26
50420.jpg,1984,1990,6
50425.jpg,1984,2010,26
50430.jpg,1984,1970,-14
50435.jpg,1984,2005,21
50440.jpg,1984,1975,-9
50445.jpg,1984,1990,6
50450.jpg,1984,2010,26
50455.jpg,1984,2000,16
50465.jpg,1984,1980,-4
50470.jpg,1984,1980,-4
50475.jpg,1984,2010,26
50480.jpg,1984,1975,-9
50485.jpg,1984,1970,-14
50490.jpg,1984,2000,16
50495.jpg,1984,1050,-934
50500.jpg,1984,1920,-64
50505.jpg,1984,1970,-14
50515.jpg,1984,2010,26
50520.jpg,1984,2000,16
50525.jpg,1984,2000,16
50530.jpg,1984,1930,-54
50535.jpg,1984,1990,6
50540.jpg,1984,1980,-4
50545.jpg,1984,1990,6
50550.jpg,1984,2010,26
50555.jpg,1984,1970,-14
50560.jpg,1984,1975,-9
50565.jpg,1984,1975,-9
50570.jpg,1984,1980,-4
50575.jpg,1984,2000,16
50580.jpg,1985,1800,-185
50585.jpg,1985,1975,-10
50595.jpg,1985,1980,-5
50600.jpg,1985,2005,20
50605.jpg,1985,2010,25
50610.jpg,1985,2010,25
50615.jpg,1985,1990,5
50620.jpg,1985,2010,25
50630.jpg,1985,1995,10
50635.jpg,1985,2010,25
50640.jpg,1985,2000,15
50645.jpg,1985,1980,-5
50650.jpg,1985,1980,-5
50655.jpg,1985,1990,5
50660.jpg,1985,2000,15
50665.jpg,1985,2000,15
50670.jpg,1985,2005,20
50675.jpg,1985,1970,-15
50680.jpg,1985,1975,-10
50685.jpg,1985,1975,-10
50690.jpg,1985,2020,35
50695.jpg,1985,1990,5
50700.jpg,1985,1970,-15
50705.jpg,1985,1950,-35
50710.jpg,1985,1950,-35
50715.jpg,1985,2000,15
50720.jpg,1985,1920,-65
50730.jpg,1985,1980,-5
50735.jpg,1985,2010,25
50740.jpg,1985,1975,-10
50745.jpg,1985,2000,15
50750.jpg,1985,1970,-15
50755.jpg,1985,2005,20
50760.jpg,1985,2000,15
50765.jpg,1985,2005,20
50770.jpg,1985,1975,-10
50775.jpg,1985,1975,-10
50780.jpg,1986,1970,-16
50785.jpg,1986,1975,-11
50790.jpg,1986,1950,-36
50795.jpg,1986,2005,19
50800.jpg,1986,1980,-6
50805.jpg,1986,2000,14
50810.jpg,1986,1980,-6
50815.jpg,1986,1990,4
50820.jpg,1986,2000,14
50830.jpg,1986,1980,-6
50835.jpg,1986,1990,4
50840.jpg,1986,1980,-6
50845.jpg,1986,2010,24
50850.jpg,1986,1990,4
50855.jpg,1986,2010,24
50860.jpg,1986,1980,-6
50865.jpg,1986,1890,-96
50870.jpg,1986,2005,19
50885.jpg,1986,1990,4
50890.jpg,1986,1975,-11
50895.jpg,1986,2000,14
50900.jpg,1986,1850,-136
50905.jpg,1986,2000,14
50910.jpg,1986,2000,14
50915.jpg,1986,2005,19
50920.jpg,1986,1960,-26
50925.jpg,1986,1750,-236
50930.jpg,1986,2010,24
50935.jpg,1986,1975,-11
50940.jpg,1986,1900,-86
50945.jpg,1986,2000,14
50950.jpg,1986,2010,24
50955.jpg,1986,2010,24
50960.jpg,1986,2000,14
50965.jpg,1986,1990,4
50970.jpg,1986,2005,19
50975.jpg,1986,1970,-16
50980.jpg,1986,2010,24
50985.jpg,1986,1900,-86
50990.jpg,1987,1800,-187
50995.jpg,1987,1990,3
51000.jpg,1987,2000,13
51010.jpg,1987,2000,13
51015.jpg,1987,2000,13
51020.jpg,1987,2000,13
51025.jpg,1987,1975,-12
51030.jpg,1987,2000,13
51035.jpg,1987,2000,13
51040.jpg,1987,1975,-12
51045.jpg,1987,1980,-7
51050.jpg,1987,2010,23
51055.jpg,1987,2000,13
51060.jpg,1987,1990,3
51065.jpg,1987,2005,18
51070.jpg,1987,1975,-12
51075.jpg,1987,1980,-7
51080.jpg,1987,2000,13
51085.jpg,1987,1990,3
51090.jpg,1987,1980,-7
51095.jpg,1987,1980,-7
51100.jpg,1987,1990,3
51105.jpg,1987,2000,13
51110.jpg,1987,1975,-12
51115.jpg,1987,2000,13
51120.jpg,1987,2000,13
51125.jpg,1987,1750,-237
51130.jpg,1987,1900,-87
51135.jpg,1987,1990,3
51140.jpg,1987,2005,18
51145.jpg,1987,1980,-7
51155.jpg,1987,1980,-7
51165.jpg,1987,1980,-7
51170.jpg,1987,1920,-67
51175.jpg,1987,2000,13
51180.jpg,1987,2010,23
51200.jpg,1988,2000,12
51205.jpg,1988,2010,22
51210.jpg,1988,2000,12
51215.jpg,1988,2005,17
51220.jpg,1988,2005,17
51225.jpg,1988,2005,17
51240.jpg,1988,1975,-13
51245.jpg,1988,2010,22
51250.jpg,1988,2000,12
51255.jpg,1988,2010,22
51260.jpg,1988,1985,-3
51265.jpg,1988,2005,17
51270.jpg,1988,2010,22
51275.jpg,1988,1975,-13
51280.jpg,1988,1990,2
51285.jpg,1988,2000,12
51290.jpg,1988,2000,12
51295.jpg,1988,1980,-8
51300.jpg,1988,2000,12
51305.jpg,1988,1975,-13
51310.jpg,1988,1980,-8
51315.jpg,1988,1980,-8
51320.jpg,1988,1900,-88
51330.jpg,1988,1950,-38
51335.jpg,1988,1900,-88
51340.jpg,1988,2000,12
51345.jpg,1988,1900,-88
51350.jpg,1988,1920,-68
51355.jpg,1988,1990,2
51360.jpg,1988,2000,12
51365.jpg,1988,2000,12
51370.jpg,1988,1985,-3
51375.jpg,1988,1900,-88
51380.jpg,1988,1990,2
51385.jpg,1988,1980,-8
51390.jpg,1988,2000,12
51395.jpg,1988,1990,2
51400.jpg,1988,1995,7
51405.jpg,1988,1980,-8
51410.jpg,1989,1980,-9
51415.jpg,1989,1980,-9
51420.jpg,1989,1975,-14
51425.jpg,1989,2010,21
51430.jpg,1989,2020,31
51435.jpg,1989,1970,-19
51440.jpg,1989,1975,-14
51445.jpg,1989,1970,-19
51455.jpg,1989,1975,-14
51460.jpg,1989,1985,-4
51470.jpg,1989,2010,21
51475.jpg,1989,1980,-9
51480.jpg,1989,1990,1
51485.jpg,1989,2005,16
51490.jpg,1989,2005,16
51495.jpg,1989,1990,1
51500.jpg,1989,1980,-9
51505.jpg,1989,2000,11
51510.jpg,1989,1980,-9
51515.jpg,1989,1990,1
51520.jpg,1989,2005,16
51525.jpg,1989,1900,-89
51530.jpg,1989,2005,16
51535.jpg,1989,1990,1
51540.jpg,1989,2000,11
51545.jpg,1989,1925,-64
51550.jpg,1989,1900,-89
51555.jpg,1989,2000,11
51560.jpg,1989,1970,-19
51565.jpg,1989,2010,21
51575.jpg,1989,1990,1
51580.jpg,1989,1550,-439
51585.jpg,1989,2000,11
51590.jpg,1989,1970,-19
51595.jpg,1989,1980,-9
51600.jpg,1989,1970,-19
51605.jpg,1990,1880,-110
51610.jpg,1990,2010,20
51615.jpg,1990,1980,-10
51620.jpg,1990,2010,20
51625.jpg,1990,2000,10
51630.jpg,1990,2010,20
51635.jpg,1990,1980,-10
51640.jpg,1990,1975,-15
51645.jpg,1990,1982,-8
51650.jpg,1990,1980,-10
51655.jpg,1990,2000,10
51660.jpg,1990,2000,10
51670.jpg,1990,2010,20
51675.jpg,1990,1985,-5
51680.jpg,1990,1980,-10
51685.jpg,1990,1990,0
51690.jpg,1990,1990,0
51695.jpg,1990,1990,0
51700.jpg,1990,1975,-15
51705.jpg,1990,2000,10
51710.jpg,1990,1985,-5
51715.jpg,1990,1975,-15
51720.jpg,1990,1980,-10
51725.jpg,1990,1990,0
51730.jpg,1990,2000,10
51735.jpg,1990,2010,20
51740.jpg,1990,2000,10
51745.jpg,1990,2000,10
51755.jpg,1990,1973,-17
51760.jpg,1990,1920,-70
51765.jpg,1990,1880,-110
51770.jpg,1990,1995,5
51775.jpg,1990,2000,10
51780.jpg,1990,2005,15
51785.jpg,1990,1980,-10
51795.jpg,1990,2010,20
51805.jpg,1990,1985,-5
51810.jpg,1990,2005,15
51815.jpg,1990,2015,25
51820.jpg,1990,2000,10
51825.jpg,1990,2010,20
51830.jpg,1990,1970,-20
51840.jpg,1991,1900,-91
51845.jpg,1991,1900,-91
51850.jpg,1991,2015,24
51860.jpg,1991,1975,-16
51865.jpg,1991,2015,24
51870.jpg,1991,2005,14
51875.jpg,1991,1980,-11
51885.jpg,1991,1980,-11
51890.jpg,1991,1970,-21
51895.jpg,1991,1975,-16
51905.jpg,1991,1980,-11
51910.jpg,1991,1990,-1
51920.jpg,1991,2010,19
51925.jpg,1991,2005,14
51930.jpg,1991,1990,-1
51935.jpg,1991,1980,-11
51940.jpg,1991,2005,14
51945.jpg,1991,2000,9
51950.jpg,1991,1960,-31
51955.jpg,1991,1975,-16
51960.jpg,1991,2005,14
51965.jpg,1991,1965,-26
51970.jpg,1991,2010,19
51975.jpg,1991,2000,9
51980.jpg,1991,2000,9
51985.jpg,1991,1930,-61
51990.jpg,1991,2005,14
51995.jpg,1991,2000,9
52000.jpg,1991,1975,-16
52015.jpg,1991,1990,-1
52020.jpg,1991,1980,-11
52025.jpg,1991,2000,9
52035.jpg,1991,1985,-6
52040.jpg,1991,2005,14
52045.jpg,1991,2000,9
52060.jpg,1991,2000,9
52065.jpg,1992,1980,-12
52070.jpg,1992,2015,23
52075.jpg,1992,2000,8
52080.jpg,1992,1992,0
52085.jpg,1992,1970,-22
52090.jpg,1992,1985,-7
52095.jpg,1992,2005,13
52100.jpg,1992,2010,18
52105.jpg,1992,1985,-7
52110.jpg,1992,2020,28
52115.jpg,1992,1985,-7
52120.jpg,1992,1985,-7
52125.jpg,1992,2010,18
52130.jpg,1992,2000,8
52135.jpg,1992,1980,-12
52140.jpg,1992,2005,13
52145.jpg,1992,1985,-7
52150.jpg,1992,2005,13
52155.jpg,1992,2000,8
52160.jpg,1992,1985,-7
52165.jpg,1992,2010,18
52170.jpg,1992,2000,8
52175.jpg,1992,2000,8
52180.jpg,1992,1980,-12
52185.jpg,1992,2000,8
52190.jpg,1992,2010,18
52195.jpg,1992,1990,-2
52200.jpg,1992,1970,-22
52205.jpg,1992,1970,-22
52210.jpg,1992,1970,-22
52215.jpg,1992,2000,8
52220.jpg,1992,1970,-22
52225.jpg,1992,2005,13
52230.jpg,1992,1945,-47
52235.jpg,1992,1890,-102
52240.jpg,1992,2000,8
52245.jpg,1992,1990,-2
52250.jpg,1992,1995,3
52260.jpg,1992,1970,-22
52270.jpg,1993,1980,-13
52275.jpg,1993,2005,12
52280.jpg,1993,2000,7
52285.jpg,1993,1980,-13
52290.jpg,1993,1980,-13
52300.jpg,1993,2000,7
52305.jpg,1993,1980,-13
52310.jpg,1993,2010,17
52315.jpg,1993,2000,7
52320.jpg,1993,2000,7
52325.jpg,1993,1980,-13
52335.jpg,1993,2000,7
52340.jpg,1993,2010,17
52345.jpg,1993,2015,22
52350.jpg,1993,2010,17
52355.jpg,1993,2010,17
52360.jpg,1993,2000,7
52365.jpg,1993,2000,7
52370.jpg,1993,2000,7
52375.jpg,1993,1980,-13
52380.jpg,1993,1970,-23
52385.jpg,1993,1995,2
52390.jpg,1993,2000,7
52395.jpg,1993,1970,-23
52400.jpg,1993,1975,-18
52405.jpg,1993,2000,7
52410.jpg,1993,1800,-193
52415.jpg,1993,1975,-18
52420.jpg,1993,2010,17
52425.jpg,1993,1900,-93
52430.jpg,1993,2010,17
52435.jpg,1993,2000,7
52440.jpg,1993,2010,17
52445.jpg,1993,2000,7
52450.jpg,1993,1900,-93
52455.jpg,1993,2000,7
52460.jpg,1993,2005,12
52465.jpg,1993,1980,-13
52475.jpg,1994,2010,16
52480.jpg,1994,1985,-9
52485.jpg,1994,2000,6
52490.jpg,1994,2000,6
52495.jpg,1994,2010,16
52505.jpg,1994,1970,-24
52510.jpg,1994,1973,-21
52515.jpg,1994,1995,1
52525.jpg,1994,1980,-14
52530.jpg,1994,1980,-14
52535.jpg,1994,2005,11
52540.jpg,1994,1980,-14
52545.jpg,1994,2000,6
52550.jpg,1994,2000,6
52555.jpg,1994,1990,-4
52560.jpg,1994,1925,-69
52570.jpg,1994,1975,-19
52575.jpg,1994,2000,6
52580.jpg,1994,1850,-144
52585.jpg,1994,2010,16
52590.jpg,1994,2000,6
52595.jpg,1994,1925,-69
52600.jpg,1994,1920,-74
52605.jpg,1994,1570,-424
52610.jpg,1994,2010,16
52615.jpg,1994,1880,-114
52620.jpg,1994,2010,16
52625.jpg,1994,2010,16
52630.jpg,1994,2010,16
52635.jpg,1994,2000,6
52640.jpg,1994,1975,-19
52645.jpg,1994,1975,-19
52650.jpg,1995,2000,5
52655.jpg,1995,2000,5
52660.jpg,1995,2010,15
52665.jpg,1995,2000,5
52670.jpg,1995,2000,5
52675.jpg,1995,1970,-25
52680.jpg,1995,2005,10
52685.jpg,1995,2000,5
52690.jpg,1995,2010,15
52695.jpg,1995,2010,15
52700.jpg,1995,2000,5
52705.jpg,1995,1909,-86
52710.jpg,1995,2010,15
52715.jpg,1995,2005,10
52720.jpg,1995,1980,-15
52725.jpg,1995,2000,5
52730.jpg,1995,2005,10
52735.jpg,1995,2000,5
52740.jpg,1995,1990,-5
52745.jpg,1995,2000,5
52750.jpg,1995,1990,-5
52755.jpg,1995,2000,5
52760.jpg,1995,2020,25
52765.jpg,1995,1970,-25
52770.jpg,1995,2010,15
52775.jpg,1995,2000,5
52785.jpg,1995,2020,25
52790.jpg,1995,1900,-95
52795.jpg,1995,1990,-5
52800.jpg,1995,1900,-95
52805.jpg,1995,2005,10
52810.jpg,1995,2020,25
52815.jpg,1995,1980,-15
52820.jpg,1995,1990,-5
52825.jpg,1995,2005,10
52830.jpg,1995,2005,10
52835.jpg,1995,1990,-5
52840.jpg,1995,1250,-745
52845.jpg,1996,2000,4
52850.jpg,1996,2010,14
52855.jpg,1996,2010,14
52860.jpg,1996,2010,14
52865.jpg,1996,2010,14
52870.jpg,1996,2010,14
52875.jpg,1996,1960,-36
52880.jpg,1996,1950,-46
52885.jpg,1996,2010,14
52890.jpg,1996,2005,9
52895.jpg,1996,2000,4
52900.jpg,1996,2000,4
52905.jpg,1996,1981,-15
52910.jpg,1996,2020,24
52915.jpg,1996,2000,4
52920.jpg,1996,2010,14
52925.jpg,1996,2000,4
52935.jpg,1996,2000,4
52940.jpg,1996,1975,-21
52945.jpg,1996,1950,-46
52950.jpg,1996,1975,-21
52955.jpg,1996,2000,4
52960.jpg,1996,2005,9
52965.jpg,1996,2000,4
52970.jpg,1996,2000,4
52980.jpg,1996,2005,9
52985.jpg,1997,1750,-247
52990.jpg,1997,1975,-22
52995.jpg,1997,1950,-47
53000.jpg,1997,1980,-17
53005.jpg,1997,1970,-27
53010.jpg,1997,1980,-17
53015.jpg,1997,1980,-17
53020.jpg,1997,2015,18
53025.jpg,1997,2000,3
53030.jpg,1997,2010,13
53035.jpg,1997,2015,18
53040.jpg,1997,2015,18
53045.jpg,1997,2005,8
53050.jpg,1997,2020,23
53055.jpg,1997,1980,-17
53060.jpg,1997,2010,13
53065.jpg,1997,2000,3
53070.jpg,1997,1995,-2
53075.jpg,1997,1990,-7
53080.jpg,1997,2010,13
53085.jpg,1997,1980,-17
53090.jpg,1997,2000,3
53095.jpg,1997,2010,13
53100.jpg,1997,2000,3
53105.jpg,1997,1990,-7
53110.jpg,1997,2010,13
53115.jpg,1997,1972,-25
53120.jpg,1997,1970,-27
53125.jpg,1997,2010,13
53130.jpg,1997,1975,-22
53135.jpg,1997,1980,-17
53140.jpg,1997,1970,-27
53145.jpg,1997,2000,3
53150.jpg,1997,2010,13
53155.jpg,1997,1750,-247
53165.jpg,1997,2000,3
53170.jpg,1997,2005,8
53175.jpg,1997,2010,13
53180.jpg,1997,1990,-7
53185.jpg,1997,2000,3
53190.jpg,1997,1990,-7
53195.jpg,1997,1573,-424
53200.jpg,1997,2020,23
53205.jpg,1997,1980,-17
53210.jpg,1997,1990,-7
53215.jpg,1997,2005,8
53220.jpg,1997,2005,8
53225.jpg,1997,2020,23
53230.jpg,1997,1975,-22
53235.jpg,1998,1905,-93
53240.jpg,1998,1980,-18
53245.jpg,1998,2000,2
53250.jpg,1998,2005,7
53255.jpg,1998,1950,-48
53260.jpg,1998,2010,12
53265.jpg,1998,1950,-48
53270.jpg,1998,2000,2
53275.jpg,1998,2020,22
53280.jpg,1998,2000,2
53285.jpg,1998,2010,12
53290.jpg,1998,2000,2
53300.jpg,1998,2010,12
53305.jpg,1998,1980,-18
53310.jpg,1998,2000,2
53315.jpg,1998,1990,-8
53325.jpg,1998,1990,-8
53330.jpg,1998,2010,12
53335.jpg,1998,2005,7
53340.jpg,1998,2000,2
53345.jpg,1998,2000,2
53350.jpg,1998,2000,2
53355.jpg,1998,2005,7
53365.jpg,1998,2010,12
53370.jpg,1998,2005,7
53375.jpg,1998,1980,-18
53380.jpg,1998,2000,2
53385.jpg,1998,1750,-248
53390.jpg,1998,1750,-248
53395.jpg,1998,2000,2
53400.jpg,1998,1920,-78
53405.jpg,1998,2020,22
53410.jpg,1998,1995,-3
53415.jpg,1998,1990,-8
53420.jpg,1998,2000,2
53425.jpg,1998,2010,12
53435.jpg,1998,2000,2
53440.jpg,1998,1980,-18
53445.jpg,1998,2020,22
53450.jpg,1998,2010,12
53455.jpg,1999,1750,-249
53460.jpg,1999,2005,6
53465.jpg,1999,2020,21
53470.jpg,1999,2000,1
53475.jpg,1999,2000,1
53480.jpg,1999,2010,11
53485.jpg,1999,2000,1
53490.jpg,1999,2000,1
53495.jpg,1999,2000,1
53505.jpg,1999,2000,1
53510.jpg,1999,2005,6
53515.jpg,1999,2000,1
53520.jpg,1999,2025,26
53525.jpg,1999,2015,16
53530.jpg,1999,2015,16
53535.jpg,1999,1980,-19
53540.jpg,1999,1980,-19
53545.jpg,1999,2010,11
53550.jpg,1999,2010,11
53555.jpg,1999,1990,-9
53560.jpg,1999,2010,11
53565.jpg,1999,2000,1
53570.jpg,1999,2010,11
53575.jpg,1999,2000,1
53580.jpg,1999,1980,-19
53585.jpg,1999,2005,6
53590.jpg,1999,2000,1
53595.jpg,1999,2005,6
53600.jpg,1999,1980,-19
53605.jpg,1999,2010,11
53610.jpg,1999,1990,-9
53615.jpg,1999,1970,-29
53620.jpg,1999,1980,-19
53625.jpg,1999,2000,1
53630.jpg,1999,1980,-19
53635.jpg,1999,2000,1
53650.jpg,1999,2010,11
53655.jpg,1999,2005,6
53660.jpg,1999,2010,11
53665.jpg,1999,2000,1
53670.jpg,1999,2000,1
53675.jpg,1999,2010,11
53680.jpg,1999,2000,1
53685.jpg,1999,1950,-49
53690.jpg,2000,1980,-20
53700.jpg,2000,2005,5
53705.jpg,2000,2005,5
53710.jpg,2000,2020,20
53715.jpg,2000,2015,15
53720.jpg,2000,2000,0
53725.jpg,2000,2010,10
53730.jpg,2000,1990,-10
53735.jpg,2000,2000,0
53740.jpg,2000,1975,-25
53745.jpg,2000,2000,0
53755.jpg,2000,2000,0
53760.jpg,2000,1980,-20
53765.jpg,2000,2010,10
53770.jpg,2000,2000,0
53775.jpg,2000,1970,-30
53780.jpg,2000,2000,0
53785.jpg,2000,2015,15
53790.jpg,2000,1970,-30
53795.jpg,2000,1970,-30
53800.jpg,2000,1990,-10
53805.jpg,2000,1990,-10
53810.jpg,2000,1985,-15
53815.jpg,2000,2000,0
53820.jpg,2000,2000,0
53830.jpg,2000,1970,-30
53835.jpg,2000,2000,0
53840.jpg,2000,2010,10
53845.jpg,2000,2010,10
53850.jpg,2000,1850,-150
53855.jpg,2000,1970,-30
53860.jpg,2000,2000,0
53865.jpg,2000,2000,0
53870.jpg,2000,2010,10
53875.jpg,2000,2000,0
53880.jpg,2000,2005,5
53885.jpg,2000,2000,0
53890.jpg,2000,2010,10
53895.jpg,2000,2005,5
53905.jpg,2001,2010,9
53910.jpg,2001,2000,-1
53915.jpg,2001,2000,-1
53920.jpg,2001,2005,4
53925.jpg,2001,2010,9
53930.jpg,2001,2020,19
53935.jpg,2001,2000,-1
53940.jpg,2001,2010,9
53945.jpg,2001,2000,-1
53950.jpg,2001,1965,-36
53955.jpg,2001,2015,14
53960.jpg,2001,2015,14
53965.jpg,2001,2000,-1
53970.jpg,2001,2020,19
53975.jpg,2001,2020,19
53980.jpg,2001,2010,9
53985.jpg,2001,2005,4
53990.jpg,2001,2000,-1
53995.jpg,2001,1900,-101
54000.jpg,2001,2005,4
54005.jpg,2001,2000,-1
54010.jpg,2001,2000,-1
54015.jpg,2001,1980,-21
54020.jpg,2001,1990,-11
54025.jpg,2001,2000,-1
54030.jpg,2001,2000,-1
54035.jpg,2001,2000,-1
54040.jpg,2001,2000,-1
54045.jpg,2001,2010,9
54050.jpg,2001,1960,-41
54055.jpg,2001,2000,-1
54060.jpg,2001,1990,-11
54065.jpg,2001,1970,-31
54070.jpg,2001,1990,-11
54075.jpg,2001,2020,19
54085.jpg,2001,2020,19
54090.jpg,2001,2000,-1
54095.jpg,2001,2010,9
54100.jpg,2001,2000,-1
54105.jpg,2001,2010,9
54110.jpg,2001,2015,14
54120.jpg,2001,2015,14
54125.jpg,2001,2015,14
54130.jpg,2001,1975,-26
54135.jpg,2001,2005,4
54140.jpg,2001,2010,9
54145.jpg,2001,1975,-26
54150.jpg,2001,2005,4
54155.jpg,2001,1980,-21
54160.jpg,2001,2005,4
54165.jpg,2001,2010,9
54170.jpg,2001,2000,-1
54180.jpg,2002,1950,-52
54185.jpg,2002,2020,18
54190.jpg,2002,2005,3
54195.jpg,2002,2010,8
54200.jpg,2002,1975,-27
54205.jpg,2002,2005,3
54210.jpg,2002,2010,8
54215.jpg,2002,2010,8
54220.jpg,2002,1975,-27
54225.jpg,2002,2000,-2
54230.jpg,2002,2002,0
54235.jpg,2002,2010,8
54240.jpg,2002,2005,3
54245.jpg,2002,2025,23
54250.jpg,2002,2000,-2
54255.jpg,2002,1900,-102
54260.jpg,2002,2010,8
54265.jpg,2002,2010,8
54270.jpg,2002,2010,8
54275.jpg,2002,1960,-42
54280.jpg,2002,1980,-22
54285.jpg,2002,2000,-2
54290.jpg,2002,2015,13
54295.jpg,2002,1980,-22
54300.jpg,2002,2000,-2
54305.jpg,2002,1975,-27
54310.jpg,2002,2010,8
54315.jpg,2002,2005,3
54320.jpg,2002,1800,-202
54330.jpg,2002,1900,-102
54335.jpg,2002,2000,-2
54340.jpg,2002,2005,3
54345.jpg,2002,2005,3
54355.jpg,2002,2010,8
54360.jpg,2002,2000,-2
54365.jpg,2002,1990,-12
54370.jpg,2002,2015,13
54375.jpg,2002,2005,3
54385.jpg,2002,2010,8
54390.jpg,2002,2010,8
54395.jpg,2002,2000,-2
54400.jpg,2002,2015,13
54405.jpg,2003,2005,2
54410.jpg,2003,2020,17
54415.jpg,2003,2025,22
54425.jpg,2003,2005,2
54430.jpg,2003,2020,17
54435.jpg,2003,1980,-23
54440.jpg,2003,2015,12
54445.jpg,2003,2020,17
54450.jpg,2003,2010,7
54460.jpg,2003,2000,-3
54465.jpg,2003,2010,7
54470.jpg,2003,1985,-18
54475.jpg,2003,1997,-6
54480.jpg,2003,2010,7
54485.jpg,2003,1980,-23
54490.jpg,2003,1980,-23
54495.jpg,2003,1980,-23
54500.jpg,2003,2000,-3
54505.jpg,2003,2000,-3
54510.jpg,2003,1950,-53
54515.jpg,2003,1975,-28
54520.jpg,2003,1800,-203
54525.jpg,2003,2015,12
54530.jpg,2003,2000,-3
54535.jpg,2003,1970,-33
54540.jpg,2003,2010,7
54545.jpg,2003,1900,-103
54550.jpg,2003,2010,7
54555.jpg,2003,1750,-253
54560.jpg,2003,2020,17
54565.jpg,2003,2000,-3
54570.jpg,2003,2000,-3
54575.jpg,2003,2010,7
54580.jpg,2003,2000,-3
54585.jpg,2003,2015,12
54590.jpg,2003,1980,-23
54595.jpg,2003,1995,-8
54600.jpg,2003,2000,-3
54605.jpg,2004,2000,-4
54610.jpg,2004,2010,6
54620.jpg,2004,2015,11
54625.jpg,2004,2015,11
54630.jpg,2004,2000,-4
54635.jpg,2004,2010,6
54640.jpg,2004,2020,16
54645.jpg,2004,2010,6
54650.jpg,2004,2000,-4
54655.jpg,2004,2000,-4
54660.jpg,2004,2010,6
54665.jpg,2004,2000,-4
54670.jpg,2004,2000,-4
54675.jpg,2004,2005,1
54680.jpg,2004,1990,-14
54685.jpg,2004,2000,-4
54690.jpg,2004,1975,-29
54695.jpg,2004,1980,-24
54700.jpg,2004,2010,6
54705.jpg,2004,2010,6
54710.jpg,2004,2020,16
54715.jpg,2004,2005,1
54720.jpg,2004,1990,-14
54725.jpg,2004,2010,6
54730.jpg,2004,2010,6
54735.jpg,2004,2005,1
54740.jpg,2004,2000,-4
54745.jpg,2004,2005,1
54750.jpg,2004,1920,-84
54760.jpg,2004,2005,1
54770.jpg,2004,1975,-29
54775.jpg,2004,2010,6
54780.jpg,2004,2005,1
54785.jpg,2004,2010,6
54790.jpg,2004,2005,1
54795.jpg,2004,2000,-4
54800.jpg,2004,2000,-4
54805.jpg,2004,2010,6
54810.jpg,2004,2000,-4
54815.jpg,2004,2000,-4
54820.jpg,2004,2005,1
54825.jpg,2004,2010,6
54830.jpg,2004,2000,-4
54835.jpg,2004,2015,11
54840.jpg,2004,2004,0
54845.jpg,2005,1800,-205
54850.jpg,2005,1970,-35
54855.jpg,2005,2005,0
54860.jpg,2005,2020,15
54865.jpg,2005,2010,5
54870.jpg,2005,2015,10
54885.jpg,2005,2015,10
54890.jpg,2005,2005,0
54895.jpg,2005,2010,5
54900.jpg,2005,1970,-35
54905.jpg,2005,2010,5
54910.jpg,2005,2010,5
54915.jpg,2005,1980,-25
54925.jpg,2005,2000,-5
54930.jpg,2005,2000,-5
54935.jpg,2005,1900,-105
54940.jpg,2005,1975,-30
54955.jpg,2005,2005,0
54960.jpg,2005,2000,-5
54965.jpg,2005,1997,-8
54970.jpg,2005,2010,5
54975.jpg,2005,2000,-5
54980.jpg,2005,2000,-5
54985.jpg,2005,2010,5
54990.jpg,2005,2000,-5
54995.jpg,2005,1950,-55
55000.jpg,2005,2005,0
55005.jpg,2005,1995,-10
55010.jpg,2005,1975,-30
55015.jpg,2005,2000,-5
55020.jpg,2005,1990,-15
55025.jpg,2005,1980,-25
55030.jpg,2005,2005,0
55035.jpg,2005,2000,-5
55040.jpg,2005,2020,15
55045.jpg,2005,2000,-5
55050.jpg,2005,2000,-5
55055.jpg,2005,2005,0
55060.jpg,2005,2010,5
55065.jpg,2005,2020,15
55070.jpg,2005,2020,15
55075.jpg,2005,2010,5
55080.jpg,2005,2010,5
55085.jpg,2005,1990,-15
55090.jpg,2005,2000,-5
55095.jpg,2005,2000,-5
55100.jpg,2005,2000,-5
55105.jpg,2005,2010,5
55110.jpg,2005,2010,5
55115.jpg,2005,2015,10
55120.jpg,2005,2005,0
55125.jpg,2005,2020,15
55130.jpg,2005,2010,5
55135.jpg,2006,2000,-6
55140.jpg,2006,2000,-6
55145.jpg,2006,1975,-31
55155.jpg,2006,2000,-6
55160.jpg,2006,2000,-6
55165.jpg,2006,1990,-16
55170.jpg,2006,2000,-6
55175.jpg,2006,2020,14
55180.jpg,2006,1990,-16
55185.jpg,2006,1990,-16
55190.jpg,2006,2015,9
55195.jpg,2006,2000,-6
55200.jpg,2006,2000,-6
55210.jpg,2006,2020,14
55215.jpg,2006,1980,-26
55220.jpg,2006,2015,9
55230.jpg,2006,2000,-6
55235.jpg,2006,2015,9
55240.jpg,2006,2010,4
55245.jpg,2006,2010,4
55250.jpg,2006,2010,4
55255.jpg,2006,1970,-36
55265.jpg,2006,1980,-26
55270.jpg,2006,2005,-1
55275.jpg,2006,1930,-76
55280.jpg,2006,2000,-6
55285.jpg,2006,2020,14
55290.jpg,2006,1975,-31
55295.jpg,2006,1994,-12
55300.jpg,2006,1980,-26
55305.jpg,2006,1985,-21
55310.jpg,2006,1980,-26
55315.jpg,2006,2020,14
55320.jpg,2006,2000,-6
55325.jpg,2006,2010,4
55330.jpg,2006,2000,-6
55335.jpg,2007,1750,-257
55340.jpg,2007,1990,-17
55345.jpg,2007,2010,3
55355.jpg,2007,2005,-2
55360.jpg,2007,2000,-7
55365.jpg,2007,2010,3
55370.jpg,2007,2000,-7
55380.jpg,2007,2015,8
55385.jpg,2007,1980,-27
55395.jpg,2007,2010,3
55400.jpg,2007,2020,13
55405.jpg,2007,1975,-32
55410.jpg,2007,2015,8
55415.jpg,2007,2000,-7
55420.jpg,2007,2015,8
55425.jpg,2007,2010,3
55430.jpg,2007,2015,8
55435.jpg,2007,1975,-32
55440.jpg,2007,2000,-7
55445.jpg,2007,2010,3
55450.jpg,2007,1990,-17
55455.jpg,2007,2000,-7
55460.jpg,2007,1860,-147
55465.jpg,2007,1990,-17
55475.jpg,2007,1900,-107
55480.jpg,2007,1920,-87
55485.jpg,2007,2000,-7
55490.jpg,2007,2000,-7
55500.jpg,2007,2010,3
55505.jpg,2007,1990,-17
55510.jpg,2007,2015,8
55515.jpg,2007,2010,3
55520.jpg,2007,2000,-7
55525.jpg,2007,1900,-107
55530.jpg,2007,2010,3
55535.jpg,2007,2000,-7
55540.jpg,2007,1980,-27
55545.jpg,2007,2020,13
55550.jpg,2007,1970,-37
55555.jpg,2007,2005,-2
55560.jpg,2007,2010,3
55565.jpg,2007,2015,8
55570.jpg,2007,2015,8
55575.jpg,2007,2010,3
55580.jpg,2007,2005,-2
55585.jpg,2007,2005,-2
55590.jpg,2007,2010,3
55595.jpg,2007,1900,-107
55600.jpg,2007,2005,-2
55605.jpg,2007,1990,-17
55610.jpg,2008,1750,-258
55615.jpg,2008,1800,-208
55620.jpg,2008,2010,2
55625.jpg,2008,2008,0
55630.jpg,2008,2015,7
55635.jpg,2008,2010,2
55640.jpg,2008,1970,-38
55645.jpg,2008,2000,-8
55650.jpg,2008,2005,-3
55655.jpg,2008,2015,7
55660.jpg,2008,2010,2
55670.jpg,2008,2020,12
55675.jpg,2008,2005,-3
55685.jpg,2008,2000,-8
55690.jpg,2008,2020,12
55695.jpg,2008,2015,7
55705.jpg,2008,2015,7
55710.jpg,2008,2005,-3
55715.jpg,2008,2010,2
55720.jpg,2008,2000,-8
55725.jpg,2008,1990,-18
55730.jpg,2008,2020,12
55735.jpg,2008,1750,-258
55740.jpg,2008,1985,-23
55745.jpg,2008,2010,2
55750.jpg,2008,1990,-18
55755.jpg,2008,2010,2
55760.jpg,2008,2005,-3
55765.jpg,2008,1995,-13
55770.jpg,2008,1900,-108
55775.jpg,2008,1980,-28
55780.jpg,2008,2000,-8
55785.jpg,2008,2010,2
55795.jpg,2008,2015,7
55800.jpg,2008,2010,2
55805.jpg,2008,2010,2
55810.jpg,2008,2010,2
55815.jpg,2008,2020,12
55820.jpg,2008,2000,-8
55825.jpg,2008,1990,-18
55830.jpg,2008,2010,2
55835.jpg,2009,1975,-34
55845.jpg,2009,2020,11
55850.jpg,2009,2005,-4
55870.jpg,2009,2010,1
55875.jpg,2009,2010,1
55880.jpg,2009,2020,11
55885.jpg,2009,2020,11
55890.jpg,2009,2020,11
55895.jpg,2009,2010,1
55900.jpg,2009,2010,1
55905.jpg,2009,2020,11
55910.jpg,2009,2020,11
55915.jpg,2009,2010,1
55920.jpg,2009,2000,-9
55925.jpg,2009,1990,-19
55930.jpg,2009,2005,-4
55935.jpg,2009,2000,-9
55940.jpg,2009,2015,6
55945.jpg,2009,1980,-29
55950.jpg,2009,2015,6
55955.jpg,2009,2010,1
55960.jpg,2009,2010,1
55965.jpg,2009,2010,1
55970.jpg,2009,1980,-29
55975.jpg,2009,2000,-9
55980.jpg,2009,2005,-4
55985.jpg,2009,2010,1
55990.jpg,2009,2010,1
55995.jpg,2009,2010,1
56000.jpg,2009,2020,11
56005.jpg,2009,1890,-119
56010.jpg,2009,1800,-209
56015.jpg,2009,2000,-9
56020.jpg,2009,2005,-4
56025.jpg,2009,2005,-4
56030.jpg,2009,2000,-9
56035.jpg,2009,2005,-4
56040.jpg,2009,1985,-24
56050.jpg,2009,2010,1
56055.jpg,2009,2000,-9
56060.jpg,2009,1950,-59
56065.jpg,2009,1975,-34
56070.jpg,2009,2000,-9
56075.jpg,2009,1970,-39
56080.jpg,2010,2020,10
56085.jpg,2010,2010,0
56090.jpg,2010,2020,10
56095.jpg,2010,2005,-5
56105.jpg,2010,2010,0
56110.jpg,2010,1980,-30
56115.jpg,2010,2000,-10
56125.jpg,2010,2000,-10
56130.jpg,2010,2010,0
56135.jpg,2010,2010,0
56140.jpg,2010,2010,0
56145.jpg,2010,2010,0
56150.jpg,2010,2010,0
56155.jpg,2010,2010,0
56165.jpg,2010,2010,0
56170.jpg,2010,2000,-10
56175.jpg,2010,2010,0
56180.jpg,2010,2010,0
56185.jpg,2010,2000,-10
56190.jpg,2010,2005,-5
56195.jpg,2010,2010,0
56200.jpg,2010,2010,0
56205.jpg,2010,2020,10
56210.jpg,2010,2010,0
56215.jpg,2010,2005,-5
56220.jpg,2010,2010,0
56225.jpg,2010,2010,0
56230.jpg,2010,2005,-5
56235.jpg,2010,1980,-30
56240.jpg,2010,2010,0
56245.jpg,2010,2005,-5
56250.jpg,2010,2010,0
56255.jpg,2010,2010,0
56260.jpg,2010,2010,0
56265.jpg,2010,2010,0
56270.jpg,2010,2020,10
56275.jpg,2010,2020,10
56280.jpg,2010,2010,0
56285.jpg,2010,2020,10
56290.jpg,2010,2015,5
56295.jpg,2010,2015,5
56300.jpg,2010,2005,-5
56310.jpg,2010,2000,-10
56315.jpg,2011,2010,-1
56320.jpg,2011,1960,-51
56325.jpg,2011,2020,9
56330.jpg,2011,2005,-6
56335.jpg,2011,2015,4
56345.jpg,2011,1970,-41
56350.jpg,2011,2000,-11
56355.jpg,2011,1980,-31
56360.jpg,2011,2012,1
56365.jpg,2011,2015,4
56370.jpg,2011,2000,-11
56375.jpg,2011,2015,4
56380.jpg,2011,2025,14
56385.jpg,2011,2010,-1
56390.jpg,2011,1900,-111
56395.jpg,2011,2010,-1
56400.jpg,2011,2020,9
56405.jpg,2011,2000,-11
56410.jpg,2011,2010,-1
56415.jpg,2011,2010,-1
56420.jpg,2011,2010,-1
56425.jpg,2011,1920,-91
56430.jpg,2011,2020,9
56440.jpg,2011,1950,-61
56450.jpg,2011,2000,-11
56455.jpg,2011,1750,-261
56460.jpg,2011,1975,-36
56465.jpg,2011,2000,-11
56470.jpg,2011,1920,-91
56475.jpg,2011,1965,-46
56480.jpg,2011,1960,-51
56485.jpg,2011,2010,-1
56495.jpg,2011,2015,4
56500.jpg,2011,2005,-6
56505.jpg,2011,2010,-1
56510.jpg,2011,2010,-1
56515.jpg,2011,1950,-61
56520.jpg,2011,2010,-1
56525.jpg,2011,1975,-36
56545.jpg,2012,2005,-7
56550.jpg,2012,2012,0
56555.jpg,2012,2010,-2
56560.jpg,2012,2010,-2
56565.jpg,2012,2020,8
56570.jpg,2012,1980,-32
56575.jpg,2012,2015,3
56585.jpg,2012,2010,-2
56590.jpg,2012,2020,8
56600.jpg,2012,2000,-12
56605.jpg,2012,2020,8
56610.jpg,2012,2015,3
56615.jpg,2012,2000,-12
56620.jpg,2012,1900,-112
56625.jpg,2012,1975,-37
56630.jpg,2012,2020,8
56635.jpg,2012,2000,-12
56640.jpg,2012,2020,8
56645.jpg,2012,2000,-12
56650.jpg,2012,2020,8
56655.jpg,2012,2000,-12
56660.jpg,2012,1970,-42
56665.jpg,2012,1900,-112
56670.jpg,2012,2020,8
56675.jpg,2012,2000,-12
56680.jpg,2012,2020,8
56685.jpg,2012,2010,-2
56690.jpg,2012,1980,-32
56695.jpg,2012,2000,-12
56700.jpg,2012,2015,3
56705.jpg,2012,2015,3
56710.jpg,2012,2010,-2
56715.jpg,2012,2010,-2
56720.jpg,2013,2000,-13
56725.jpg,2013,2015,2
56730.jpg,2013,1980,-33
56735.jpg,2013,2005,-8
56740.jpg,2013,2015,2
56745.jpg,2013,2010,-3
56750.jpg,2013,2020,7
56755.jpg,2013,2020,7
56765.jpg,2013,2005,-8
56770.jpg,2013,2015,2
56775.jpg,2013,1995,-18
56780.jpg,2013,1950,-63
56785.jpg,2013,2010,-3
56795.jpg,2013,2010,-3
56800.jpg,2013,1985,-28
56805.jpg,2013,1970,-43
56810.jpg,2013,2020,7
56820.jpg,2013,1980,-33
56825.jpg,2013,2000,-13
56845.jpg,2013,2005,-8
56850.jpg,2013,2015,2
56855.jpg,2013,2015,2
56860.jpg,2013,2010,-3
56865.jpg,2013,2020,7
56870.jpg,2013,2020,7
56875.jpg,2013,2000,-13
56880.jpg,2013,2000,-13
56885.jpg,2013,2010,-3
56890.jpg,2013,2005,-8
56895.jpg,2013,1980,-33
56900.jpg,2014,2020,6
56905.jpg,2014,1725,-289
56910.jpg,2014,1980,-34
56915.jpg,2014,2020,6
56920.jpg,2014,1980,-34
56925.jpg,2014,2020,6
56930.jpg,2014,2010,-4
56935.jpg,2014,2015,1
56940.jpg,2014,2020,6
56945.jpg,2014,2010,-4
56950.jpg,2014,2020,6
56955.jpg,2014,1970,-44
56960.jpg,2014,2010,-4
56965.jpg,2014,1990,-24
56970.jpg,2014,1975,-39
56975.jpg,2014,2000,-14
56980.jpg,2014,1970,-44
56985.jpg,2014,2000,-14
56990.jpg,2014,2010,-4
56995.jpg,2014,2010,-4
57005.jpg,2014,2010,-4
57010.jpg,2014,2000,-14
57015.jpg,2014,2020,6
57020.jpg,2014,2015,1
57025.jpg,2014,2015,1
57030.jpg,2014,2000,-14
57035.jpg,2014,2015,1
57040.jpg,2014,2025,11
57045.jpg,2014,2000,-14
57050.jpg,2014,2000,-14
57055.jpg,2014,2010,-4
57060.jpg,2014,2010,-4
57065.jpg,2014,2010,-4
57070.jpg,2014,2015,1
57075.jpg,2015,2000,-15
57085.jpg,2015,2015,0
57090.jpg,2015,2000,-15
57095.jpg,2015,2020,5
57100.jpg,2015,2015,0
57105.jpg,2015,2010,-5
57110.jpg,2015,2010,-5
57120.jpg,2015,2015,0
57125.jpg,2015,1975,-40
57130.jpg,2015,2025,10
57135.jpg,2015,2010,-5
57140.jpg,2015,2010,-5
57145.jpg,2015,2000,-15
57150.jpg,2015,2015,0
57155.jpg,2015,2010,-5
57160.jpg,2015,1975,-40
57165.jpg,2015,2015,0
57170.jpg,2015,2010,-5
57175.jpg,2015,2005,-10
57180.jpg,2015,2015,0
57185.jpg,2015,2010,-5
57195.jpg,2015,2010,-5
57200.jpg,2015,2000,-15
57205.jpg,2015,2005,-10
57210.jpg,2015,2020,5
57215.jpg,2015,2000,-15
57220.jpg,2016,2005,-11
57225.jpg,2016,2020,4
57230.jpg,2016,2020,4
57235.jpg,2016,2025,9
57240.jpg,2016,2020,4
57250.jpg,2016,2010,-6
57255.jpg,2016,2025,9
57270.jpg,2016,1970,-46
57275.jpg,2016,2000,-16
57280.jpg,2016,2010,-6
57285.jpg,2016,2020,4
57290.jpg,2016,2010,-6
57295.jpg,2016,2010,-6
57300.jpg,2016,2010,-6
57305.jpg,2016,2020,4
57310.jpg,2016,1850,-166
57315.jpg,2016,2015,-1
57320.jpg,2016,2015,-1
57325.jpg,2016,2015,-1
57330.jpg,2016,2015,-1
57335.jpg,2016,2015,-1
57340.jpg,2016,2010,-6
57345.jpg,2016,2005,-11
57350.jpg,2016,2015,-1
57355.jpg,2016,2010,-6
57360.jpg,2016,2010,-6
57365.jpg,2017,2010,-7
57370.jpg,2017,2015,-2
57375.jpg,2017,2020,3
57385.jpg,2017,2020,3
57390.jpg,2017,2010,-7
57395.jpg,2017,2020,3
57400.jpg,2017,1980,-37
57415.jpg,2017,2010,-7
57420.jpg,2017,1975,-42
57425.jpg,2017,2010,-7
57430.jpg,2017,2005,-12
57435.jpg,2017,2010,-7
57440.jpg,2017,2010,-7
57450.jpg,2017,2020,3
57455.jpg,2017,2010,-7
57470.jpg,2017,2010,-7
57475.jpg,2017,2010,-7
57480.jpg,2018,2015,-3
57485.jpg,2018,2020,2
57490.jpg,2018,2000,-18
57495.jpg,2018,2000,-18
57500.jpg,2018,2010,-8
57505.jpg,2018,2020,2
57510.jpg,2018,2020,2
57515.jpg,2018,2010,-8
57520.jpg,2018,2020,2
57525.jpg,2018,2010,-8
57530.jpg,2018,2000,-18
57545.jpg,2018,2010,-8
57550.jpg,2018,2015,-3
57555.jpg,2018,2020,2
57560.jpg,2018,2020,2
57565.jpg,2018,2010,-8
57570.jpg,2018,2010,-8
57575.jpg,2018,2020,2
57585.jpg,2019,2000,-19
57595.jpg,2019,2020,1
57600.jpg,2019,2000,-19
57605.jpg,2019,2010,-9
57610.jpg,2019,2010,-9
57615.jpg,2019,2025,6
57620.jpg,2019,2010,-9
57625.jpg,2019,2010,-9
57630.jpg,2019,2000,-19
57635.jpg,2019,2015,-4
57640.jpg,2019,2020,1
57645.jpg,2019,2020,1
57660.jpg,2019,2005,-14
57665.jpg,2019,2015,-4
57670.jpg,2020,1980,-40
57675.jpg,2020,2010,-10
57680.jpg,2020,2010,-10
57685.jpg,2020,2010,-10
57690.jpg,2020,2005,-15
57695.jpg,2020,1980,-40
57700.jpg,2020,1950,-70
57705.jpg,2020,2015,-5
57710.jpg,2020,1990,-30
57725.jpg,2020,2020,0
57730.jpg,2021,2010,-11
57735.jpg,2021,2015,-6
57740.jpg,2021,2020,-1
57745.jpg,2021,2000,-21
57750.jpg,2021,2015,-6
57755.jpg,2021,2010,-11
57760.jpg,2021,2010,-11
57765.jpg,2021,2015,-6
57770.jpg,2021,2015,-6
57780.jpg,2021,2025,4
57785.jpg,2021,2015,-6
57790.jpg,2021,2005,-16
57795.jpg,2021,2010,-11
57800.jpg,2021,2020,-1
57805.jpg,2022,2000,-22
57810.jpg,2022,2020,-2
57815.jpg,2022,2015,-7
57825.jpg,2022,2015,-7
57830.jpg,2022,2020,-2
57835.jpg,2022,1980,-42
57840.jpg,2022,1975,-47
57845.jpg,2022,2020,-2
57860.jpg,2022,2010,-12
57865.jpg,2022,2000,-22
57870.jpg,2022,2015,-7
57875.jpg,2023,2020,-3
57885.jpg,2023,2020,-3
57890.jpg,2023,2015,-8
57895.jpg,2023,2015,-8
57900.jpg,2023,2000,-23
57910.jpg,2023,2020,-3
57915.jpg,2023,2015,-8
57920.jpg,2023,2020,-3
57925.jpg,2024,1900,-124
57930.jpg,2024,2015,-9
