name,year,pred,diff
5.jpg,1008,784,-224
10.jpg,1016,1988,972
15.jpg,1022,1170,148
20.jpg,1028,1480,452
25.jpg,1036,1970,934
30.jpg,1048,1100,52
35.jpg,1051,1938,887
40.jpg,1061,1147,86
45.jpg,1063,1875,812
55.jpg,1070,1171,101
60.jpg,1076,1176,100
65.jpg,1080,1492,412
70.jpg,1090,1868,778
75.jpg,1093,1924,831
80.jpg,1097,1870,773
85.jpg,1100,1998,898
90.jpg,1100,1880,780
95.jpg,1107,1720,613
100.jpg,1110,1856,746
105.jpg,1114,1000,-114
110.jpg,1116,1330,214
120.jpg,1120,1350,230
125.jpg,1122,1635,513
130.jpg,1125,1530,405
135.jpg,1128,1130,2
140.jpg,1129,1530,401
145.jpg,1130,1180,50
150.jpg,1131,1145,14
155.jpg,1134,1735,601
165.jpg,1138,1888,750
170.jpg,1140,1868,728
175.jpg,1144,1880,736
180.jpg,1146,1150,4
185.jpg,1147,1404,257
190.jpg,1149,1334,185
195.jpg,1150,1150,0
200.jpg,1152,874,-278
210.jpg,1160,980,-180
215.jpg,1165,1220,55
220.jpg,1168,1615,447
225.jpg,1170,1150,-20
230.jpg,1170,1480,310
235.jpg,1172,100,-1072
240.jpg,1175,1936,761
245.jpg,1177,1547,370
255.jpg,1180,1150,-30
260.jpg,1180,1180,0
265.jpg,1180,1350,170
275.jpg,1185,1538,353
280.jpg,1189,1220,31
285.jpg,1191,1320,129
290.jpg,1192,1150,-42
295.jpg,1194,1480,286
300.jpg,1196,1144,-52
305.jpg,1198,1184,-14
310.jpg,1199,915,-284
315.jpg,1200,1892,692
320.jpg,1202,1300,98
325.jpg,1204,1650,446
330.jpg,1208,1598,390
335.jpg,1211,1320,109
340.jpg,1212,1334,122
345.jpg,1215,1720,505
350.jpg,1217,1330,113
355.jpg,1220,1482,262
360.jpg,1221,1168,-53
365.jpg,1222,1484,262
370.jpg,1224,1308,84
375.jpg,1226,1437,211
380.jpg,1227,1520,293
385.jpg,1229,1250,21
390.jpg,1231,1896,665
395.jpg,1232,1319,87
405.jpg,1237,1220,-17
410.jpg,1238,1480,242
415.jpg,1240,1640,400
420.jpg,1242,1707,465
425.jpg,1245,1320,75
430.jpg,1247,1380,133
435.jpg,1248,1240,-8
440.jpg,1250,1868,618
445.jpg,1250,1250,0
450.jpg,1252,1784,532
455.jpg,1255,1360,105
460.jpg,1259,1740,481
465.jpg,1260,1380,120
470.jpg,1263,1482,219
475.jpg,1264,1320,56
485.jpg,1270,1230,-40
490.jpg,1270,1530,260
495.jpg,1270,1880,610
500.jpg,1271,1299,28
505.jpg,1273,1330,57
510.jpg,1275,1515,240
515.jpg,1277,1260,-17
520.jpg,1278,1376,98
525.jpg,1279,1260,-19
530.jpg,1280,1568,288
535.jpg,1285,1320,35
540.jpg,1288,1350,62
545.jpg,1289,1550,261
550.jpg,1290,1530,240
555.jpg,1291,1160,-131
560.jpg,1293,1930,637
565.jpg,1295,1340,45
570.jpg,1298,1905,607
575.jpg,1300,1350,50
580.jpg,1300,1480,180
585.jpg,1300,1725,425
590.jpg,1301,1570,269
595.jpg,1303,1571,268
600.jpg,1305,1276,-29
605.jpg,1307,1854,547
610.jpg,1309,1840,531
615.jpg,1310,1380,70
620.jpg,1311,1309,-2
625.jpg,1313,1300,-13
630.jpg,1314,1040,-274
635.jpg,1317,1480,163
640.jpg,1319,1104,-215
645.jpg,1320,1530,210
650.jpg,1322,1418,96
655.jpg,1324,1313,-11
660.jpg,1325,1520,195
665.jpg,1326,1280,-46
670.jpg,1327,1750,423
675.jpg,1328,1427,99
680.jpg,1330,1770,440
685.jpg,1330,1283,-47
690.jpg,1331,1766,435
695.jpg,1333,1180,-153
700.jpg,1335,1320,-15
705.jpg,1337,1427,90
710.jpg,1338,1340,2
715.jpg,1340,1864,524
720.jpg,1340,1843,503
725.jpg,1343,1567,224
730.jpg,1345,1480,135
735.jpg,1345,1620,275
740.jpg,1346,1632,286
745.jpg,1347,1869,522
750.jpg,1347,1515,168
755.jpg,1349,1524,175
760.jpg,1350,1730,380
765.jpg,1350,1340,-10
775.jpg,1353,1320,-33
780.jpg,1354,1300,-54
785.jpg,1356,1888,532
790.jpg,1358,1520,162
795.jpg,1360,1735,375
800.jpg,1361,1220,-141
805.jpg,1362,1522,160
810.jpg,1364,1910,546
815.jpg,1365,1580,215
825.jpg,1370,1920,550
830.jpg,1371,1478,107
835.jpg,1373,1888,515
840.jpg,1375,1712,337
845.jpg,1377,1585,208
850.jpg,1380,1985,605
855.jpg,1381,1150,-231
860.jpg,1382,1603,221
865.jpg,1384,1555,171
870.jpg,1386,1996,610
875.jpg,1389,1431,42
880.jpg,1390,850,-540
885.jpg,1394,1452,58
890.jpg,1396,1413,17
895.jpg,1397,1350,-47
900.jpg,1398,1414,16
905.jpg,1399,1140,-259
910.jpg,1400,1535,135
915.jpg,1401,1350,-51
920.jpg,1402,1642,240
925.jpg,1405,1380,-25
930.jpg,1406,1390,-16
935.jpg,1409,1480,71
940.jpg,1410,1530,120
945.jpg,1410,1380,-30
950.jpg,1411,1320,-91
955.jpg,1413,1176,-237
960.jpg,1414,1860,446
965.jpg,1417,1320,-97
970.jpg,1419,1986,567
975.jpg,1420,1577,157
980.jpg,1420,1958,538
985.jpg,1422,1780,358
990.jpg,1424,1356,-68
995.jpg,1425,1320,-105
1000.jpg,1426,1427,1
1005.jpg,1428,1791,363
1010.jpg,1430,1672,242
1015.jpg,1431,1624,193
1025.jpg,1435,1910,475
1030.jpg,1436,79,-1357
1035.jpg,1438,1720,282
1040.jpg,1440,1480,40
1045.jpg,1441,1760,319
1050.jpg,1442,1928,486
1055.jpg,1444,1299,-145
1060.jpg,1446,1888,442
1065.jpg,1448,1584,136
1070.jpg,1450,1414,-36
1075.jpg,1450,1320,-130
1080.jpg,1451,2008,557
1085.jpg,1452,1244,-208
1090.jpg,1453,1530,77
1095.jpg,1455,1196,-259
1100.jpg,1457,1480,23
1105.jpg,1458,1453,-5
1110.jpg,1459,1428,-31
1115.jpg,1460,1480,20
1120.jpg,1462,1928,466
1125.jpg,1462,1220,-242
1130.jpg,1464,1401,-63
1135.jpg,1465,1720,255
1140.jpg,1466,1427,-39
1145.jpg,1467,1609,142
1150.jpg,1468,1570,102
1155.jpg,1469,1275,-194
1160.jpg,1470,1910,440
1165.jpg,1470,1388,-82
1170.jpg,1472,1620,148
1175.jpg,1473,1610,137
1180.jpg,1475,1180,-295
1185.jpg,1477,1571,94
1190.jpg,1477,1644,167
1195.jpg,1479,1340,-139
1200.jpg,1480,1375,-105
1205.jpg,1482,1603,121
1210.jpg,1482,1485,3
1215.jpg,1483,1570,87
1220.jpg,1485,1370,-115
1225.jpg,1487,1613,126
1230.jpg,1487,1330,-157
1235.jpg,1488,1575,87
1240.jpg,1489,1220,-269
1245.jpg,1490,1530,40
1250.jpg,1490,1483,-7
1255.jpg,1491,1600,109
1260.jpg,1492,1602,110
1265.jpg,1493,1750,257
1270.jpg,1494,1512,18
1275.jpg,1495,1605,110
1280.jpg,1496,1472,-24
1285.jpg,1497,1888,391
1290.jpg,1497,1457,-40
1295.jpg,1498,1300,-198
1300.jpg,1499,1599,100
1305.jpg,1500,1880,380
1310.jpg,1500,1725,225
1315.jpg,1501,1750,249
1325.jpg,1503,1750,247
1330.jpg,1504,1350,-154
1335.jpg,1505,1788,283
1340.jpg,1506,1479,-27
1345.jpg,1507,1780,273
1350.jpg,1508,1537,29
1355.jpg,1508,1730,222
1360.jpg,1509,1520,11
1365.jpg,1510,1925,415
1370.jpg,1510,1630,120
1375.jpg,1511,1350,-161
1380.jpg,1512,1517,5
1385.jpg,1513,1580,67
1390.jpg,1513,1604,91
1395.jpg,1515,1350,-165
1400.jpg,1515,1590,75
1405.jpg,1516,1614,98
1410.jpg,1517,1517,0
1415.jpg,1518,1600,82
1420.jpg,1518,1538,20
1425.jpg,1520,1568,48
1430.jpg,1521,1570,49
1435.jpg,1521,1183,-338
1440.jpg,1522,1995,473
1445.jpg,1523,1930,407
1450.jpg,1524,1640,116
1455.jpg,1525,1722,197
1460.jpg,1526,1680,154
1465.jpg,1526,1572,46
1470.jpg,1527,1905,378
1475.jpg,1528,1768,240
1480.jpg,1528,1765,237
1485.jpg,1530,1623,93
1490.jpg,1530,1585,55
1495.jpg,1530,1880,350
1500.jpg,1531,1938,407
1505.jpg,1531,1880,349
1510.jpg,1532,1434,-98
1515.jpg,1532,1725,193
1520.jpg,1533,1670,137
1525.jpg,1534,1928,394
1530.jpg,1535,1780,245
1535.jpg,1535,1880,345
1540.jpg,1536,1620,84
1545.jpg,1537,1625,88
1550.jpg,1537,1735,198
1555.jpg,1538,1496,-42
1560.jpg,1539,1283,-256
1565.jpg,1540,1229,-311
1570.jpg,1540,1618,78
1575.jpg,1540,1480,-60
1580.jpg,1540,1380,-160
1590.jpg,1542,1648,106
1595.jpg,1543,1720,177
1600.jpg,1543,1603,60
1605.jpg,1544,1430,-114
1610.jpg,1545,1765,220
1615.jpg,1545,1720,175
1620.jpg,1547,1547,0
1625.jpg,1548,1688,140
1630.jpg,1549,1910,361
1635.jpg,1549,1660,111
1640.jpg,1550,1530,-20
1645.jpg,1550,1788,238
1650.jpg,1550,1481,-69
1655.jpg,1550,1299,-251
1660.jpg,1551,1820,269
1665.jpg,1551,1522,-29
1670.jpg,1552,1575,23
1675.jpg,1553,1630,77
1680.jpg,1554,1798,244
1685.jpg,1554,1588,34
1690.jpg,1555,1780,225
1695.jpg,1556,1961,405
1700.jpg,1557,1880,323
1705.jpg,1558,1880,322
1710.jpg,1558,1563,5
1715.jpg,1559,1525,-34
1720.jpg,1559,1580,21
1725.jpg,1560,1773,213
1730.jpg,1560,1617,57
1735.jpg,1560,1985,425
1740.jpg,1561,1620,59
1745.jpg,1561,1539,-22
1750.jpg,1562,1640,78
1755.jpg,1563,1773,210
1760.jpg,1564,1855,291
1765.jpg,1565,1828,263
1770.jpg,1565,1750,185
1775.jpg,1565,1514,-51
1780.jpg,1566,1647,81
1785.jpg,1567,1780,213
1790.jpg,1567,1567,0
1795.jpg,1568,1485,-83
1800.jpg,1568,1570,2
1805.jpg,1569,1625,56
1810.jpg,1570,1720,150
1815.jpg,1570,1712,142
1820.jpg,1570,1580,10
1825.jpg,1571,1850,279
1830.jpg,1572,1570,-2
1835.jpg,1572,1562,-10
1840.jpg,1573,1580,7
1845.jpg,1573,1920,347
1850.jpg,1574,1750,176
1855.jpg,1574,1724,150
1860.jpg,1575,1720,145
1865.jpg,1575,1515,-60
1870.jpg,1575,1687,112
1875.jpg,1576,1834,258
1880.jpg,1577,1572,-5
1885.jpg,1578,1750,172
1890.jpg,1578,1765,187
1895.jpg,1579,1598,19
1900.jpg,1579,1645,66
1905.jpg,1580,1754,174
1910.jpg,1580,1720,140
1915.jpg,1581,1600,19
1920.jpg,1581,1600,19
1925.jpg,1582,1843,261
1930.jpg,1582,1935,353
1935.jpg,1583,1512,-71
1940.jpg,1584,1610,26
1945.jpg,1584,1780,196
1950.jpg,1585,1770,185
1955.jpg,1585,1600,15
1960.jpg,1585,1820,235
1965.jpg,1586,1571,-15
1970.jpg,1586,1755,169
1975.jpg,1587,1470,-117
1980.jpg,1588,1580,-8
1985.jpg,1588,1865,277
1990.jpg,1588,1732,144
1995.jpg,1588,1782,194
2000.jpg,1589,1780,191
2005.jpg,1590,1730,140
2010.jpg,1590,1720,130
2020.jpg,1591,1704,113
2025.jpg,1591,1880,289
2030.jpg,1592,1900,308
2035.jpg,1593,1905,312
2045.jpg,1595,1590,-5
2050.jpg,1595,1580,-15
2055.jpg,1595,1880,285
2060.jpg,1596,1570,-26
2065.jpg,1596,1688,92
2070.jpg,1597,1609,12
2075.jpg,1597,1570,-27
2080.jpg,1598,1525,-73
2085.jpg,1598,1606,8
2090.jpg,1598,1935,337
2095.jpg,1600,1599,-1
2100.jpg,1600,1480,-120
2115.jpg,1602,1820,218
2125.jpg,1604,1888,284
2130.jpg,1604,1688,84
2135.jpg,1604,1634,30
2140.jpg,1605,1683,78
2145.jpg,1605,1654,49
2150.jpg,1606,1850,244
2155.jpg,1606,1660,54
2160.jpg,1607,1665,58
2165.jpg,1607,1570,-37
2170.jpg,1608,1770,162
2175.jpg,1608,1670,62
2180.jpg,1609,1320,-289
2185.jpg,1610,1580,-30
2190.jpg,1610,1610,0
2195.jpg,1610,1629,19
2200.jpg,1610,1810,200
2205.jpg,1611,1610,-1
2210.jpg,1611,1820,209
2215.jpg,1611,1780,169
2220.jpg,1612,1938,326
2225.jpg,1612,1499,-113
2230.jpg,1613,1620,7
2235.jpg,1613,1786,173
2240.jpg,1614,1600,-14
2245.jpg,1614,1785,171
2250.jpg,1614,1534,-80
2255.jpg,1615,1935,320
2260.jpg,1615,1927,312
2265.jpg,1616,1895,279
2270.jpg,1616,1759,143
2275.jpg,1616,1880,264
2280.jpg,1616,1603,-13
2285.jpg,1617,1880,263
2290.jpg,1617,1540,-77
2295.jpg,1617,1720,103
2300.jpg,1618,1574,-44
2305.jpg,1618,1880,262
2310.jpg,1619,1602,-17
2315.jpg,1619,1725,106
2320.jpg,1619,1880,261
2325.jpg,1620,1610,-10
2330.jpg,1620,1580,-40
2335.jpg,1620,1695,75
2340.jpg,1621,1675,54
2345.jpg,1621,1770,149
2350.jpg,1622,1711,89
2360.jpg,1623,1610,-13
2365.jpg,1624,1905,281
2370.jpg,1624,1482,-142
2375.jpg,1624,1610,-14
2380.jpg,1625,1750,125
2385.jpg,1625,1725,100
2390.jpg,1625,1807,182
2395.jpg,1625,1878,253
2400.jpg,1626,1753,127
2405.jpg,1626,1880,254
2410.jpg,1627,1785,158
2415.jpg,1628,1928,300
2420.jpg,1628,1808,180
2425.jpg,1629,1888,259
2430.jpg,1629,1540,-89
2435.jpg,1630,1788,158
2440.jpg,1630,1620,-10
2445.jpg,1630,1534,-96
2450.jpg,1630,1565,-65
2455.jpg,1631,1682,51
2460.jpg,1631,1627,-4
2465.jpg,1631,1360,-271
2470.jpg,1632,1793,161
2475.jpg,1632,1880,248
2480.jpg,1632,1880,248
2485.jpg,1633,1870,237
2490.jpg,1633,1417,-216
2495.jpg,1634,1870,236
2500.jpg,1634,1480,-154
2505.jpg,1634,1786,152
2510.jpg,1635,1610,-25
2515.jpg,1635,1735,100
2520.jpg,1635,1835,200
2525.jpg,1636,1750,114
2530.jpg,1636,1635,-1
2535.jpg,1636,1580,-56
2540.jpg,1637,1870,233
2545.jpg,1637,1774,137
2550.jpg,1638,1628,-10
2555.jpg,1638,1610,-28
2560.jpg,1638,1880,242
2565.jpg,1639,1730,91
2570.jpg,1639,1727,88
2575.jpg,1640,1790,150
2580.jpg,1640,1720,80
2585.jpg,1640,1860,220
2590.jpg,1641,1600,-41
2595.jpg,1641,1720,79
2600.jpg,1641,1920,279
2605.jpg,1642,1602,-40
2610.jpg,1642,1860,218
2615.jpg,1643,1620,-23
2620.jpg,1644,1835,191
2625.jpg,1644,1770,126
2630.jpg,1644,1812,168
2635.jpg,1645,1830,185
2640.jpg,1645,1920,275
2645.jpg,1646,1720,74
2650.jpg,1646,1630,-16
2655.jpg,1646,1630,-16
2660.jpg,1648,1790,142
2665.jpg,1648,1880,232
2670.jpg,1648,1648,0
2675.jpg,1649,1820,171
2680.jpg,1650,1599,-51
2685.jpg,1650,1635,-15
2690.jpg,1650,1880,230
2695.jpg,1650,1902,252
2700.jpg,1651,1725,74
2705.jpg,1651,1836,185
2710.jpg,1652,1737,85
2715.jpg,1653,1880,227
2720.jpg,1653,1632,-21
2725.jpg,1654,1620,-34
2730.jpg,1654,1580,-74
2735.jpg,1655,1730,75
2745.jpg,1656,1910,254
2750.jpg,1656,1687,31
2755.jpg,1656,1865,209
2760.jpg,1657,1620,-37
2765.jpg,1657,1620,-37
2770.jpg,1658,1605,-53
2775.jpg,1658,1820,162
2780.jpg,1659,1620,-39
2785.jpg,1659,1753,94
2790.jpg,1660,1546,-114
2795.jpg,1660,1895,235
2800.jpg,1660,1895,235
2805.jpg,1660,1612,-48
2810.jpg,1660,1685,25
2815.jpg,1660,1807,147
2820.jpg,1660,1740,80
2825.jpg,1661,1620,-41
2830.jpg,1661,1513,-148
2835.jpg,1661,1803,142
2840.jpg,1661,1905,244
2845.jpg,1662,1905,243
2850.jpg,1663,1740,77
2855.jpg,1663,1565,-98
2860.jpg,1664,1580,-84
2865.jpg,1664,1730,66
2870.jpg,1664,1765,101
2875.jpg,1665,1820,155
2880.jpg,1665,1610,-55
2885.jpg,1665,1780,115
2890.jpg,1665,1602,-63
2895.jpg,1666,1670,4
2900.jpg,1666,1855,189
2905.jpg,1667,1790,123
2910.jpg,1667,1676,9
2915.jpg,1667,1648,-19
2920.jpg,1668,1736,68
2925.jpg,1669,1841,172
2930.jpg,1669,1860,191
2935.jpg,1670,1730,60
2940.jpg,1670,1730,60
2945.jpg,1670,1835,165
2950.jpg,1670,1605,-65
2955.jpg,1671,1730,59
2960.jpg,1671,1571,-100
2965.jpg,1671,1645,-26
2970.jpg,1672,1920,248
2975.jpg,1672,1840,168
2980.jpg,1673,1620,-53
2985.jpg,1673,1750,77
2990.jpg,1674,1785,111
2995.jpg,1674,1840,166
3000.jpg,1674,1199,-475
3010.jpg,1675,1724,49
3020.jpg,1676,1848,172
3025.jpg,1676,1676,0
3030.jpg,1677,1925,248
3035.jpg,1677,1788,111
3040.jpg,1677,1736,59
3045.jpg,1678,1750,72
3050.jpg,1678,1732,54
3055.jpg,1678,1386,-292
3060.jpg,1679,1740,61
3065.jpg,1679,1732,53
3075.jpg,1680,1720,40
3080.jpg,1680,1880,200
3085.jpg,1680,1675,-5
3090.jpg,1680,1820,140
3095.jpg,1680,1720,40
3100.jpg,1680,1765,85
3105.jpg,1681,1765,84
3110.jpg,1681,1760,79
3115.jpg,1681,1630,-51
3120.jpg,1681,1660,-21
3125.jpg,1682,1768,86
3130.jpg,1682,1735,53
3135.jpg,1682,1668,-14
3140.jpg,1682,1634,-48
3145.jpg,1683,1795,112
3150.jpg,1683,1730,47
3155.jpg,1683,1735,52
3160.jpg,1683,1170,-513
3165.jpg,1683,1725,42
3170.jpg,1684,1680,-4
3175.jpg,1684,1668,-16
3180.jpg,1684,1720,36
3185.jpg,1684,1760,76
3190.jpg,1685,1735,50
3195.jpg,1685,1750,65
3200.jpg,1685,1605,-80
3205.jpg,1686,1720,34
3210.jpg,1686,1840,154
3215.jpg,1686,1830,144
3220.jpg,1686,1780,94
3225.jpg,1687,1780,93
3230.jpg,1687,1730,43
3235.jpg,1687,1674,-13
3240.jpg,1688,1785,97
3245.jpg,1688,1739,51
3250.jpg,1689,1820,131
3255.jpg,1689,1765,76
3260.jpg,1689,1750,61
3270.jpg,1690,1326,-364
3275.jpg,1690,1820,130
3280.jpg,1690,1845,155
3285.jpg,1690,1840,150
3290.jpg,1690,1930,240
3295.jpg,1690,1840,150
3300.jpg,1690,1750,60
3305.jpg,1691,1675,-16
3310.jpg,1691,1739,48
3315.jpg,1691,1672,-19
3320.jpg,1692,1780,88
3325.jpg,1692,1996,304
3330.jpg,1693,1907,214
3335.jpg,1693,1720,27
3340.jpg,1694,1760,66
3345.jpg,1694,1905,211
3350.jpg,1694,1720,26
3355.jpg,1695,1810,115
3360.jpg,1695,1780,85
3365.jpg,1695,1780,85
3370.jpg,1695,1740,45
3375.jpg,1695,1605,-90
3385.jpg,1696,1735,39
3390.jpg,1696,1715,19
3395.jpg,1696,1905,209
3400.jpg,1696,1773,77
3405.jpg,1696,1712,16
3410.jpg,1697,1770,73
3415.jpg,1697,1880,183
3420.jpg,1697,1915,218
3425.jpg,1697,1483,-214
3430.jpg,1698,1720,22
3435.jpg,1698,1820,122
3440.jpg,1698,1631,-67
3445.jpg,1699,1720,21
3450.jpg,1699,1685,-14
3455.jpg,1699,1630,-69
3460.jpg,1700,1820,120
3465.jpg,1700,1906,206
3470.jpg,1700,1720,20
3475.jpg,1700,1795,95
3480.jpg,1700,1795,95
3485.jpg,1700,1740,40
3490.jpg,1700,1730,30
3495.jpg,1700,1720,20
3500.jpg,1700,1785,85
3505.jpg,1700,1710,10
3510.jpg,1700,1630,-70
3520.jpg,1701,1825,124
3525.jpg,1701,1722,21
3535.jpg,1702,1772,70
3540.jpg,1702,1754,52
3545.jpg,1703,1845,142
3550.jpg,1704,1920,216
3555.jpg,1704,1730,26
3560.jpg,1704,1830,126
3565.jpg,1704,1938,234
3570.jpg,1704,1880,176
3575.jpg,1705,1735,30
3580.jpg,1705,1725,20
3585.jpg,1705,1810,105
3590.jpg,1705,1739,34
3595.jpg,1706,1308,-398
3600.jpg,1706,1790,84
3605.jpg,1706,1732,26
3610.jpg,1706,1938,232
3615.jpg,1707,1735,28
3620.jpg,1707,1740,33
3625.jpg,1707,1730,23
3630.jpg,1708,1825,117
3635.jpg,1708,1880,172
3640.jpg,1708,1760,52
3645.jpg,1708,1680,-28
3650.jpg,1709,1943,234
3655.jpg,1709,1895,186
3660.jpg,1709,1772,63
3665.jpg,1709,1715,6
3670.jpg,1710,1745,35
3675.jpg,1710,1930,220
3680.jpg,1710,1790,80
3685.jpg,1710,1810,100
3690.jpg,1710,1830,120
3695.jpg,1710,1790,80
3700.jpg,1710,1830,120
3705.jpg,1710,1865,155
3710.jpg,1710,1751,41
3715.jpg,1711,1905,194
3720.jpg,1711,1730,19
3725.jpg,1711,1730,19
3730.jpg,1711,1738,27
3735.jpg,1711,1699,-12
3740.jpg,1712,1880,168
3745.jpg,1712,1890,178
3750.jpg,1713,1798,85
3755.jpg,1713,1820,107
3760.jpg,1713,1742,29
3765.jpg,1713,1706,-7
3770.jpg,1714,1750,36
3775.jpg,1714,1780,66
3780.jpg,1714,1888,174
3785.jpg,1714,1900,186
3790.jpg,1715,1809,94
3795.jpg,1715,1880,165
3800.jpg,1715,1723,8
3805.jpg,1715,1400,-315
3810.jpg,1715,1730,15
3815.jpg,1715,1760,45
3820.jpg,1715,1830,115
3825.jpg,1715,1735,20
3830.jpg,1715,1607,-108
3835.jpg,1716,1930,214
3840.jpg,1716,1830,114
3845.jpg,1716,1857,141
3850.jpg,1716,1890,174
3855.jpg,1716,1820,104
3860.jpg,1716,1760,44
3865.jpg,1717,1830,113
3870.jpg,1717,1760,43
3875.jpg,1717,1795,78
3880.jpg,1718,1730,12
3885.jpg,1718,1726,8
3890.jpg,1719,1763,44
3895.jpg,1719,1760,41
3900.jpg,1719,1788,69
3905.jpg,1719,1880,161
3910.jpg,1720,1839,119
3915.jpg,1720,1825,105
3920.jpg,1720,1820,100
3925.jpg,1720,1720,0
3930.jpg,1720,1928,208
3935.jpg,1720,1790,70
3940.jpg,1720,1928,208
3945.jpg,1720,1865,145
3950.jpg,1720,1795,75
3955.jpg,1720,1795,75
3960.jpg,1720,1820,100
3965.jpg,1720,1795,75
3970.jpg,1720,1514,-206
3975.jpg,1721,1928,207
3980.jpg,1721,1790,69
3985.jpg,1721,1720,-1
3990.jpg,1721,1790,69
3995.jpg,1721,1614,-107
4000.jpg,1722,1722,0
4005.jpg,1722,1722,0
4010.jpg,1722,1750,28
4015.jpg,1722,1820,98
4020.jpg,1722,1784,62
4025.jpg,1723,1710,-13
4030.jpg,1723,1790,67
4035.jpg,1723,1830,107
4040.jpg,1723,1850,127
4045.jpg,1723,1717,-6
4050.jpg,1723,1720,-3
4055.jpg,1723,1889,166
4060.jpg,1724,1905,181
4065.jpg,1724,1910,186
4070.jpg,1724,1760,36
4075.jpg,1724,1770,46
4080.jpg,1724,1928,204
4085.jpg,1724,1534,-190
4090.jpg,1724,1730,6
4095.jpg,1724,1260,-464
4100.jpg,1725,1890,165
4105.jpg,1725,1855,130
4110.jpg,1725,1880,155
4115.jpg,1725,1680,-45
4120.jpg,1725,1840,115
4125.jpg,1725,1810,85
4130.jpg,1725,1730,5
4135.jpg,1725,1747,22
4140.jpg,1725,1750,25
4145.jpg,1725,1760,35
4150.jpg,1725,1575,-150
4155.jpg,1725,1990,265
4160.jpg,1726,1905,179
4165.jpg,1726,1820,94
4170.jpg,1726,1830,104
4175.jpg,1726,1935,209
4180.jpg,1726,1882,156
4185.jpg,1727,1790,63
4190.jpg,1727,1740,13
4195.jpg,1727,1764,37
4200.jpg,1727,1798,71
4205.jpg,1727,1765,38
4210.jpg,1727,1812,85
4215.jpg,1728,1780,52
4220.jpg,1728,1890,162
4225.jpg,1728,1730,2
4230.jpg,1728,1837,109
4235.jpg,1728,1935,207
4240.jpg,1728,1920,192
4245.jpg,1728,1780,52
4250.jpg,1729,1798,69
4255.jpg,1729,1830,101
4260.jpg,1729,1820,91
4265.jpg,1729,1820,91
4270.jpg,1729,1620,-109
4275.jpg,1730,1780,50
4280.jpg,1730,1740,10
4285.jpg,1730,1730,0
4290.jpg,1730,1795,65
4295.jpg,1730,1905,175
4300.jpg,1730,1910,180
4305.jpg,1730,1820,90
4310.jpg,1730,1840,110
4315.jpg,1730,1830,100
4320.jpg,1730,1725,-5
4325.jpg,1730,1903,173
4330.jpg,1730,1820,90
4335.jpg,1730,1820,90
4340.jpg,1730,1740,10
4345.jpg,1730,1805,75
4350.jpg,1730,1867,137
4355.jpg,1730,1938,208
4360.jpg,1730,1910,180
4365.jpg,1730,1933,203
4370.jpg,1731,1735,4
4375.jpg,1731,1770,39
4380.jpg,1731,1895,164
4385.jpg,1731,1670,-61
4390.jpg,1732,1802,70
4395.jpg,1732,1720,-12
4400.jpg,1732,1930,198
4405.jpg,1732,1745,13
4410.jpg,1732,1820,88
4415.jpg,1732,1820,88
4420.jpg,1732,1685,-47
4425.jpg,1732,400,-1332
4430.jpg,1732,1870,138
4435.jpg,1733,1725,-8
4440.jpg,1733,1785,52
4445.jpg,1733,1790,57
4450.jpg,1733,1725,-8
4455.jpg,1733,1690,-43
4460.jpg,1733,1830,97
4465.jpg,1733,1980,247
4470.jpg,1733,1915,182
4475.jpg,1734,1750,16
4480.jpg,1734,1748,14
4485.jpg,1734,1888,154
4490.jpg,1734,1925,191
4495.jpg,1735,1835,100
4505.jpg,1735,1750,15
4510.jpg,1735,1720,-15
4515.jpg,1735,1806,71
4520.jpg,1735,1750,15
4525.jpg,1735,1835,100
4530.jpg,1735,1795,60
4535.jpg,1735,1928,193
4545.jpg,1736,1852,116
4550.jpg,1736,1782,46
4555.jpg,1736,1767,31
4560.jpg,1736,1847,111
4565.jpg,1736,1735,-1
4570.jpg,1736,1810,74
4575.jpg,1737,1819,82
4580.jpg,1737,1880,143
4585.jpg,1737,1820,83
4590.jpg,1737,1928,191
4595.jpg,1737,1680,-57
4600.jpg,1737,1768,31
4605.jpg,1738,1837,99
4610.jpg,1738,1830,92
4615.jpg,1738,1895,157
4620.jpg,1738,1768,30
4625.jpg,1738,1788,50
4630.jpg,1738,1880,142
4635.jpg,1738,1738,0
4640.jpg,1739,1768,29
4645.jpg,1739,1830,91
4650.jpg,1739,1840,101
4655.jpg,1739,1735,-4
4660.jpg,1739,1760,21
4665.jpg,1740,1760,20
4670.jpg,1740,1790,50
4675.jpg,1740,1830,90
4680.jpg,1740,1795,55
4685.jpg,1740,1885,145
4690.jpg,1740,1790,50
4695.jpg,1740,1955,215
4700.jpg,1740,1805,65
4705.jpg,1740,1820,80
4710.jpg,1740,1760,20
4715.jpg,1740,1773,33
4720.jpg,1740,1850,110
4725.jpg,1740,1820,80
4730.jpg,1740,1760,20
4735.jpg,1740,1830,90
4740.jpg,1740,1620,-120
4745.jpg,1740,1890,150
4750.jpg,1741,1897,156
4755.jpg,1741,1785,44
4760.jpg,1741,1930,189
4765.jpg,1741,1830,89
4770.jpg,1741,1664,-77
4775.jpg,1741,1998,257
4780.jpg,1742,1648,-94
4785.jpg,1742,1736,-6
4790.jpg,1742,1730,-12
4795.jpg,1742,1730,-12
4800.jpg,1742,1810,68
4805.jpg,1742,1795,53
4810.jpg,1742,1624,-118
4815.jpg,1742,1820,78
4820.jpg,1743,1830,87
4825.jpg,1743,1755,12
4835.jpg,1743,1765,22
4840.jpg,1743,1780,37
4845.jpg,1744,1755,11
4850.jpg,1744,1740,-4
4855.jpg,1744,1760,16
4860.jpg,1744,1720,-24
4865.jpg,1744,1825,81
4870.jpg,1745,1890,145
4875.jpg,1745,1760,15
4880.jpg,1745,1795,50
4885.jpg,1745,1503,-242
4890.jpg,1745,1780,35
4895.jpg,1745,1868,123
4900.jpg,1745,1767,22
4905.jpg,1745,1791,46
4910.jpg,1746,1880,134
4915.jpg,1746,1730,-16
4920.jpg,1746,1808,62
4925.jpg,1746,1180,-566
4930.jpg,1747,1817,70
4935.jpg,1747,1848,101
4940.jpg,1747,1765,18
4945.jpg,1747,1750,3
4950.jpg,1747,1780,33
4955.jpg,1747,1673,-74
4960.jpg,1747,1935,188
4965.jpg,1748,1930,182
4970.jpg,1748,1805,57
4975.jpg,1748,1790,42
4980.jpg,1748,1845,97
4985.jpg,1748,1880,132
4990.jpg,1749,1828,79
4995.jpg,1749,1857,108
5000.jpg,1749,1935,186
5005.jpg,1749,1830,81
5010.jpg,1749,1888,139
5015.jpg,1750,1820,70
5020.jpg,1750,1858,108
5025.jpg,1750,1870,120
5030.jpg,1750,1928,178
5035.jpg,1750,1835,85
5040.jpg,1750,1790,40
5045.jpg,1750,1760,10
5050.jpg,1750,1910,160
5060.jpg,1750,1820,70
5065.jpg,1750,1840,90
5070.jpg,1750,1842,92
5075.jpg,1750,1820,70
5080.jpg,1750,1795,45
5085.jpg,1750,1830,80
5090.jpg,1750,1760,10
5095.jpg,1750,1830,80
5100.jpg,1750,1880,130
5105.jpg,1750,1805,55
5110.jpg,1750,1760,10
5115.jpg,1750,1830,80
5120.jpg,1750,1770,20
5125.jpg,1750,1680,-70
5130.jpg,1750,1820,70
5135.jpg,1750,1880,130
5140.jpg,1750,1830,80
5145.jpg,1750,1750,0
5150.jpg,1750,1790,40
5155.jpg,1750,1820,70
5160.jpg,1750,1750,0
5165.jpg,1750,1910,160
5170.jpg,1750,1880,130
5175.jpg,1750,1810,60
5180.jpg,1750,1890,140
5185.jpg,1750,2010,260
5190.jpg,1750,1760,10
5195.jpg,1751,1820,69
5200.jpg,1751,1775,24
5205.jpg,1751,1820,69
5210.jpg,1751,1912,161
5215.jpg,1751,1820,69
5220.jpg,1751,1300,-451
5225.jpg,1752,1888,136
5230.jpg,1752,1805,53
5235.jpg,1752,1795,43
5240.jpg,1752,1820,68
5245.jpg,1752,1775,23
5250.jpg,1752,1768,16
5255.jpg,1752,1750,-2
5260.jpg,1752,1795,43
5265.jpg,1752,1740,-12
5270.jpg,1752,1735,-17
5275.jpg,1752,1777,25
5285.jpg,1753,1889,136
5290.jpg,1753,1760,7
5295.jpg,1753,1820,67
5300.jpg,1753,1805,52
5305.jpg,1753,1780,27
5310.jpg,1753,1753,0
5315.jpg,1753,1688,-65
5320.jpg,1753,1936,183
5325.jpg,1754,1820,66
5330.jpg,1754,1934,180
5335.jpg,1754,1740,-14
5340.jpg,1754,1850,96
5345.jpg,1754,1820,66
5350.jpg,1754,1765,11
5355.jpg,1754,1820,66
5360.jpg,1754,1894,140
5365.jpg,1754,1888,134
5370.jpg,1755,1735,-20
5375.jpg,1755,1765,10
5380.jpg,1755,1730,-25
5385.jpg,1755,1855,100
5390.jpg,1755,1790,35
5395.jpg,1755,1910,155
5400.jpg,1755,1730,-25
5405.jpg,1755,1835,80
5410.jpg,1755,1739,-16
5415.jpg,1756,1820,64
5420.jpg,1756,1895,139
5425.jpg,1756,1880,124
5430.jpg,1756,1760,4
5435.jpg,1756,1765,9
5440.jpg,1756,1760,4
5445.jpg,1756,1778,22
5450.jpg,1756,1756,0
5455.jpg,1756,1735,-21
5460.jpg,1756,1854,98
5470.jpg,1757,1777,20
5475.jpg,1757,1765,8
5480.jpg,1757,1785,28
5485.jpg,1757,1888,131
5490.jpg,1757,1928,171
5495.jpg,1757,1925,168
5500.jpg,1758,1748,-10
5505.jpg,1758,1870,112
5510.jpg,1758,1740,-18
5515.jpg,1758,1880,122
5520.jpg,1758,1760,2
5525.jpg,1758,1820,62
5530.jpg,1758,1800,42
5535.jpg,1759,1837,78
5540.jpg,1759,1735,-24
5545.jpg,1759,1790,31
5550.jpg,1759,1805,46
5555.jpg,1759,1820,61
5560.jpg,1759,1763,4
5565.jpg,1760,1780,20
5570.jpg,1760,1863,103
5575.jpg,1760,1805,45
5580.jpg,1760,1880,120
5585.jpg,1760,1320,-440
5590.jpg,1761,1792,31
5595.jpg,1761,1775,14
5600.jpg,1761,1910,149
5605.jpg,1761,1880,119
5610.jpg,1761,1910,149
5615.jpg,1761,1910,149
5620.jpg,1761,1768,7
5625.jpg,1761,1961,200
5630.jpg,1762,1820,58
5635.jpg,1762,1798,36
5640.jpg,1762,1840,78
5645.jpg,1762,1820,58
5650.jpg,1762,1768,6
5655.jpg,1762,1730,-32
5660.jpg,1762,1760,-2
5665.jpg,1762,1910,148
5670.jpg,1763,1928,165
5675.jpg,1763,1780,17
5680.jpg,1763,1830,67
5685.jpg,1763,1805,42
5690.jpg,1763,1760,-3
5695.jpg,1763,1810,47
5700.jpg,1763,1590,-173
5705.jpg,1763,1828,65
5710.jpg,1764,1840,76
5715.jpg,1764,1819,55
5720.jpg,1764,1810,46
5725.jpg,1764,1820,56
5730.jpg,1764,1760,-4
5735.jpg,1764,1830,66
5740.jpg,1764,1783,19
5745.jpg,1764,1730,-34
5750.jpg,1764,1820,56
5755.jpg,1764,1805,41
5765.jpg,1765,1820,55
5770.jpg,1765,1790,25
5775.jpg,1765,1790,25
5780.jpg,1765,1928,163
5785.jpg,1765,1720,-45
5790.jpg,1765,1840,75
5795.jpg,1765,1805,40
5800.jpg,1765,1732,-33
5805.jpg,1765,1925,160
5810.jpg,1765,1820,55
5815.jpg,1765,1795,30
5820.jpg,1765,1830,65
5825.jpg,1765,1754,-11
5830.jpg,1765,1878,113
5835.jpg,1766,1766,0
5840.jpg,1766,1835,69
5845.jpg,1766,1760,-6
5850.jpg,1766,1620,-146
5855.jpg,1766,1760,-6
5860.jpg,1766,1788,22
5865.jpg,1766,1895,129
5870.jpg,1766,1730,-36
5875.jpg,1767,1772,5
5880.jpg,1767,1820,53
5885.jpg,1767,1857,90
5890.jpg,1767,1785,18
5895.jpg,1768,1840,72
5900.jpg,1768,1810,42
5905.jpg,1768,1795,27
5910.jpg,1768,1780,12
5915.jpg,1768,1830,62
5920.jpg,1768,1805,37
5925.jpg,1768,1745,-23
5930.jpg,1768,1739,-29
5935.jpg,1768,1760,-8
5940.jpg,1768,1920,152
5945.jpg,1769,1790,21
5950.jpg,1769,1820,51
5955.jpg,1769,1720,-49
5960.jpg,1769,1720,-49
5965.jpg,1769,1760,-9
5970.jpg,1769,1820,51
5975.jpg,1769,1790,21
5980.jpg,1769,1790,21
5985.jpg,1769,1830,61
5990.jpg,1769,1780,11
5995.jpg,1769,1720,-49
6000.jpg,1770,1928,158
6005.jpg,1770,1720,-50
6010.jpg,1770,1840,70
6015.jpg,1770,1935,165
6020.jpg,1770,1730,-40
6025.jpg,1770,1810,40
6030.jpg,1770,1760,-10
6035.jpg,1770,1780,10
6040.jpg,1770,1790,20
6045.jpg,1770,1855,85
6050.jpg,1770,1750,-20
6055.jpg,1770,1830,60
6060.jpg,1770,1820,50
6065.jpg,1770,1780,10
6070.jpg,1770,1928,158
6075.jpg,1770,1830,60
6080.jpg,1770,1750,-20
6085.jpg,1770,1805,35
6090.jpg,1770,1790,20
6095.jpg,1770,1772,2
6100.jpg,1770,1733,-37
6105.jpg,1770,1692,-78
6115.jpg,1771,1870,99
6120.jpg,1771,1795,24
6125.jpg,1771,1860,89
6130.jpg,1771,1745,-26
6135.jpg,1771,1835,64
6140.jpg,1771,1735,-36
6145.jpg,1771,1790,19
6150.jpg,1771,1880,109
6155.jpg,1771,1650,-121
6160.jpg,1771,1777,6
6165.jpg,1771,1758,-13
6170.jpg,1772,1830,58
6175.jpg,1772,1796,24
6180.jpg,1772,1716,-56
6185.jpg,1772,1720,-52
6190.jpg,1772,1723,-49
6195.jpg,1773,1820,47
6200.jpg,1773,1820,47
6205.jpg,1773,1760,-13
6210.jpg,1773,1810,37
6215.jpg,1773,1795,22
6220.jpg,1773,1760,-13
6225.jpg,1773,1795,22
6230.jpg,1773,1740,-33
6235.jpg,1773,1890,117
6240.jpg,1774,1830,56
6245.jpg,1774,1778,4
6250.jpg,1774,1765,-9
6255.jpg,1774,1790,16
6260.jpg,1774,1795,21
6265.jpg,1774,1820,46
6270.jpg,1774,1810,36
6275.jpg,1774,1815,41
6280.jpg,1774,1830,56
6285.jpg,1774,1778,4
6290.jpg,1774,1889,115
6295.jpg,1774,1880,106
6300.jpg,1774,1795,21
6305.jpg,1775,1820,45
6310.jpg,1775,1790,15
6315.jpg,1775,1790,15
6320.jpg,1775,1765,-10
6325.jpg,1775,1795,20
6330.jpg,1775,1800,25
6335.jpg,1775,1840,65
6350.jpg,1775,1910,135
6355.jpg,1775,1820,45
6360.jpg,1775,1885,110
6365.jpg,1775,1760,-15
6370.jpg,1775,1820,45
6375.jpg,1775,1873,98
6380.jpg,1775,1790,15
6385.jpg,1775,1624,-151
6390.jpg,1775,1773,-2
6395.jpg,1775,1740,-35
6405.jpg,1776,1770,-6
6410.jpg,1776,1928,152
6415.jpg,1776,1905,129
6420.jpg,1776,1790,14
6425.jpg,1776,1770,-6
6430.jpg,1776,1820,44
6435.jpg,1776,1820,44
6440.jpg,1776,1840,64
6445.jpg,1777,1750,-27
6450.jpg,1777,1785,8
6455.jpg,1777,1880,103
6460.jpg,1777,1765,-12
6465.jpg,1777,1840,63
6470.jpg,1777,1921,144
6475.jpg,1777,1350,-427
6480.jpg,1777,2010,233
6485.jpg,1778,1863,85
6495.jpg,1778,1765,-13
6500.jpg,1778,1785,7
6505.jpg,1778,1820,42
6510.jpg,1778,1780,2
6515.jpg,1779,1896,117
6520.jpg,1779,1780,1
6525.jpg,1779,1773,-6
6530.jpg,1779,1820,41
6535.jpg,1779,1820,41
6540.jpg,1779,1790,11
6545.jpg,1779,1895,116
6550.jpg,1779,1795,16
6555.jpg,1780,1840,60
6560.jpg,1780,1812,32
6565.jpg,1780,1830,50
6570.jpg,1780,1880,100
6575.jpg,1780,1938,158
6580.jpg,1780,1805,25
6585.jpg,1780,1840,60
6590.jpg,1780,1880,100
6595.jpg,1780,1935,155
6600.jpg,1780,1750,-30
6605.jpg,1780,1790,10
6610.jpg,1780,1925,145
6615.jpg,1780,1845,65
6620.jpg,1780,1760,-20
6625.jpg,1780,1925,145
6630.jpg,1780,1820,40
6635.jpg,1780,1820,40
6640.jpg,1780,1830,50
6645.jpg,1780,1750,-30
6650.jpg,1780,1910,130
6655.jpg,1780,1880,100
6660.jpg,1780,1925,145
6665.jpg,1780,1806,26
6670.jpg,1781,1900,119
6675.jpg,1781,1778,-3
6680.jpg,1781,1808,27
6685.jpg,1781,1838,57
6690.jpg,1781,1750,-31
6695.jpg,1781,1880,99
6700.jpg,1781,1778,-3
6705.jpg,1781,1928,147
6710.jpg,1782,1883,101
6715.jpg,1782,1905,123
6720.jpg,1782,1780,-2
6725.jpg,1782,1830,48
6730.jpg,1782,1795,13
6735.jpg,1782,1880,98
6740.jpg,1782,1840,58
6745.jpg,1782,1756,-26
6750.jpg,1782,1780,-2
6755.jpg,1783,1885,102
6760.jpg,1783,1723,-60
6765.jpg,1783,1905,122
6770.jpg,1783,1925,142
6775.jpg,1783,1888,105
6780.jpg,1783,1810,27
6785.jpg,1783,1820,37
6790.jpg,1783,1795,12
6795.jpg,1783,1820,37
6800.jpg,1783,1950,167
6805.jpg,1783,1803,20
6810.jpg,1784,1820,36
6815.jpg,1784,1311,-473
6820.jpg,1784,1770,-14
6825.jpg,1784,1840,56
6830.jpg,1784,1805,21
6835.jpg,1784,1840,56
6840.jpg,1784,1855,71
6845.jpg,1784,1925,141
6850.jpg,1784,1610,-174
6855.jpg,1784,1860,76
6860.jpg,1785,1785,0
6865.jpg,1785,1795,10
6870.jpg,1785,1790,5
6875.jpg,1785,1784,-1
6880.jpg,1785,1910,125
6885.jpg,1785,1835,50
6890.jpg,1785,1830,45
6895.jpg,1785,1928,143
6900.jpg,1785,1805,20
6905.jpg,1785,1820,35
6910.jpg,1785,1830,45
6915.jpg,1785,1736,-49
6920.jpg,1785,1840,55
6925.jpg,1785,1780,-5
6930.jpg,1785,1830,45
6935.jpg,1785,1830,45
6940.jpg,1785,1825,40
6945.jpg,1785,1768,-17
6950.jpg,1786,1720,-66
6955.jpg,1786,1850,64
6960.jpg,1786,1810,24
6965.jpg,1786,1420,-366
6970.jpg,1786,1802,16
6975.jpg,1786,1784,-2
6980.jpg,1786,1820,34
6985.jpg,1786,1837,51
6990.jpg,1786,1820,34
6995.jpg,1786,1920,134
7000.jpg,1786,1775,-11
7005.jpg,1787,1850,63
7010.jpg,1787,1722,-65
7015.jpg,1787,1790,3
7020.jpg,1787,1905,118
7025.jpg,1787,1910,123
7030.jpg,1787,1805,18
7035.jpg,1787,1760,-27
7040.jpg,1787,1928,141
7045.jpg,1787,1840,53
7050.jpg,1787,1795,8
7055.jpg,1787,1830,43
7060.jpg,1787,1925,138
7065.jpg,1787,1805,18
7070.jpg,1787,1845,58
7075.jpg,1787,1620,-167
7080.jpg,1787,1791,4
7085.jpg,1787,1855,68
7090.jpg,1788,1802,14
7095.jpg,1788,1829,41
7100.jpg,1788,1840,52
7105.jpg,1788,1810,22
7110.jpg,1788,1820,32
7115.jpg,1788,1820,32
7120.jpg,1788,1795,7
7125.jpg,1788,1805,17
7130.jpg,1788,1780,-8
7135.jpg,1788,1829,41
7140.jpg,1788,1808,20
7145.jpg,1789,1828,39
7150.jpg,1789,1724,-65
7155.jpg,1789,1772,-17
7160.jpg,1789,1888,99
7165.jpg,1789,1820,31
7170.jpg,1789,1880,91
7175.jpg,1789,1930,141
7180.jpg,1789,1910,121
7185.jpg,1789,1815,26
7190.jpg,1789,1740,-49
7195.jpg,1789,1820,31
7200.jpg,1790,1820,30
7205.jpg,1790,1866,76
7210.jpg,1790,1840,50
7215.jpg,1790,1857,67
7220.jpg,1790,1848,58
7225.jpg,1790,1905,115
7230.jpg,1790,1928,138
7235.jpg,1790,1830,40
7240.jpg,1790,1820,30
7245.jpg,1790,1928,138
7250.jpg,1790,1820,30
7255.jpg,1790,1910,120
7260.jpg,1790,1860,70
7265.jpg,1790,1895,105
7270.jpg,1790,1810,20
7275.jpg,1790,1830,40
7280.jpg,1790,1810,20
7285.jpg,1790,1769,-21
7290.jpg,1790,1895,105
7295.jpg,1790,1830,40
7300.jpg,1790,1820,30
7305.jpg,1790,1805,15
7310.jpg,1790,1795,5
7315.jpg,1790,1790,0
7320.jpg,1790,1880,90
7325.jpg,1790,1825,35
7330.jpg,1790,1805,15
7335.jpg,1790,1830,40
7340.jpg,1790,1810,20
7345.jpg,1790,1840,50
7350.jpg,1790,1830,40
7355.jpg,1790,1830,40
7360.jpg,1790,1830,40
7365.jpg,1790,1905,115
7370.jpg,1790,1772,-18
7375.jpg,1790,1905,115
7380.jpg,1790,1472,-318
7385.jpg,1791,1912,121
7390.jpg,1791,1840,49
7395.jpg,1791,1732,-59
7400.jpg,1791,1633,-158
7405.jpg,1791,1830,39
7410.jpg,1791,1740,-51
7415.jpg,1791,1935,144
7420.jpg,1791,1790,-1
7425.jpg,1791,1815,24
7430.jpg,1791,1860,69
7435.jpg,1791,1880,89
7440.jpg,1792,1878,86
7445.jpg,1792,1935,143
7450.jpg,1792,1729,-63
7455.jpg,1792,1850,58
7460.jpg,1792,1818,26
7465.jpg,1792,1760,-32
7470.jpg,1792,1830,38
7475.jpg,1792,1880,88
7480.jpg,1792,1845,53
7485.jpg,1792,1830,38
7490.jpg,1792,1810,18
7495.jpg,1792,1780,-12
7500.jpg,1792,1820,28
7505.jpg,1792,1840,48
7510.jpg,1793,1843,50
7515.jpg,1793,1989,196
7520.jpg,1793,1920,127
7525.jpg,1793,1780,-13
7530.jpg,1793,1780,-13
7535.jpg,1793,2007,214
7540.jpg,1793,1935,142
7545.jpg,1793,1850,57
7550.jpg,1793,1845,52
7555.jpg,1793,1830,37
7560.jpg,1793,1830,37
7565.jpg,1793,1830,37
7570.jpg,1793,1810,17
7575.jpg,1793,1928,135
7580.jpg,1793,1765,-28
7585.jpg,1793,1820,27
7590.jpg,1793,1850,57
7595.jpg,1794,1911,117
7600.jpg,1794,1878,84
7605.jpg,1794,1910,116
7610.jpg,1794,1810,16
7615.jpg,1794,1858,64
7620.jpg,1794,1820,26
7625.jpg,1794,1830,36
7630.jpg,1794,1785,-9
7635.jpg,1794,1760,-34
7640.jpg,1794,1810,16
7645.jpg,1794,1773,-21
7650.jpg,1794,1820,26
7655.jpg,1795,1840,45
7660.jpg,1795,1910,115
7665.jpg,1795,1928,133
7670.jpg,1795,1812,17
7675.jpg,1795,1805,10
7680.jpg,1795,1790,-5
7685.jpg,1795,1820,25
7690.jpg,1795,1834,39
7695.jpg,1795,1830,35
7700.jpg,1795,1880,85
7705.jpg,1795,1805,10
7710.jpg,1795,1830,35
7715.jpg,1795,1830,35
7720.jpg,1795,1830,35
7725.jpg,1795,1935,140
7730.jpg,1795,1820,25
7735.jpg,1795,1820,25
7740.jpg,1795,1860,65
7745.jpg,1795,1928,133
7750.jpg,1795,1830,35
7755.jpg,1795,1820,25
7760.jpg,1795,1820,25
7765.jpg,1795,1930,135
7775.jpg,1796,1865,69
7780.jpg,1796,1732,-64
7785.jpg,1796,1840,44
7790.jpg,1796,1867,71
7795.jpg,1796,1817,21
7800.jpg,1796,1740,-56
7805.jpg,1796,1780,-16
7810.jpg,1796,1820,24
7815.jpg,1796,1840,44
7820.jpg,1796,1790,-6
7825.jpg,1796,1805,9
7830.jpg,1796,1860,64
7840.jpg,1796,1820,24
7845.jpg,1796,1810,14
7850.jpg,1796,1820,24
7855.jpg,1796,1790,-6
7860.jpg,1796,1840,44
7865.jpg,1796,1860,64
7870.jpg,1796,1760,-36
7875.jpg,1796,1760,-36
7880.jpg,1797,1790,-7
7885.jpg,1797,1848,51
7890.jpg,1797,1804,7
7895.jpg,1797,1730,-67
7900.jpg,1797,1830,33
7905.jpg,1797,1810,13
7915.jpg,1797,1827,30
7920.jpg,1797,1910,113
7925.jpg,1797,1830,33
7930.jpg,1797,1925,128
7935.jpg,1797,1928,131
7940.jpg,1797,1680,-117
7945.jpg,1797,1742,-55
7950.jpg,1797,1780,-17
7955.jpg,1798,1820,22
7960.jpg,1798,1888,90
7965.jpg,1798,1755,-43
7970.jpg,1798,1820,22
7975.jpg,1798,1912,114
7980.jpg,1798,1760,-38
7985.jpg,1798,1858,60
7990.jpg,1798,1910,112
7995.jpg,1798,1840,42
8000.jpg,1798,1870,72
8005.jpg,1798,1795,-3
8010.jpg,1798,1820,22
8015.jpg,1798,1810,12
8020.jpg,1798,1848,50
8025.jpg,1798,1820,22
8030.jpg,1798,1905,107
8035.jpg,1798,1820,22
8040.jpg,1798,1890,92
8045.jpg,1798,1790,-8
8055.jpg,1798,1850,52
8060.jpg,1799,1989,190
8065.jpg,1799,1840,41
8070.jpg,1799,1810,11
8075.jpg,1799,1930,131
8080.jpg,1799,1840,41
8085.jpg,1799,1835,36
8090.jpg,1799,1780,-19
8095.jpg,1799,1820,21
8100.jpg,1799,1825,26
8105.jpg,1799,1820,21
8110.jpg,1799,1920,121
8115.jpg,1800,1820,20
8120.jpg,1800,1910,110
8125.jpg,1800,1810,10
8130.jpg,1800,1835,35
8135.jpg,1800,1760,-40
8140.jpg,1800,1805,5
8145.jpg,1800,1845,45
8150.jpg,1800,1830,30
8155.jpg,1800,1830,30
8160.jpg,1800,1820,20
8165.jpg,1800,1830,30
8170.jpg,1800,1820,20
8175.jpg,1800,1820,20
8180.jpg,1800,1769,-31
8185.jpg,1800,1880,80
8190.jpg,1800,1780,-20
8195.jpg,1800,1880,80
8200.jpg,1800,1910,110
8205.jpg,1800,1770,-30
8210.jpg,1800,1840,40
8215.jpg,1800,1905,105
8220.jpg,1800,1935,135
8225.jpg,1800,1820,20
8230.jpg,1800,1928,128
8235.jpg,1800,1830,30
8240.jpg,1800,1880,80
8245.jpg,1800,1860,60
8250.jpg,1800,1928,128
8255.jpg,1800,1830,30
8260.jpg,1800,1760,-40
8265.jpg,1800,1820,20
8270.jpg,1800,1810,10
8275.jpg,1800,1820,20
8280.jpg,1800,1790,-10
8285.jpg,1800,1895,95
8295.jpg,1800,1777,-23
8300.jpg,1801,1820,19
8305.jpg,1801,1942,141
8310.jpg,1801,1835,34
8315.jpg,1801,1880,79
8320.jpg,1801,1840,39
8325.jpg,1801,1857,56
8330.jpg,1801,1928,127
8335.jpg,1801,1928,127
8340.jpg,1801,1810,9
8345.jpg,1801,1830,29
8350.jpg,1801,1860,59
8355.jpg,1801,1820,19
8360.jpg,1801,1830,29
8365.jpg,1801,1880,79
8375.jpg,1802,1935,133
8380.jpg,1802,1900,98
8385.jpg,1802,1790,-12
8390.jpg,1802,1820,18
8395.jpg,1802,1780,-22
8400.jpg,1802,1830,28
8405.jpg,1802,1830,28
8410.jpg,1802,1770,-32
8415.jpg,1802,1823,21
8420.jpg,1802,1850,48
8425.jpg,1802,1589,-213
8430.jpg,1802,1825,23
8435.jpg,1802,1683,-119
8440.jpg,1803,1900,97
8445.jpg,1803,1845,42
8450.jpg,1803,1818,15
8455.jpg,1803,1810,7
8460.jpg,1803,1768,-35
8465.jpg,1803,1820,17
8470.jpg,1803,1895,92
8475.jpg,1803,1840,37
8480.jpg,1803,1818,15
8485.jpg,1803,1805,2
8490.jpg,1803,1812,9
8495.jpg,1803,1800,-3
8500.jpg,1803,1820,17
8505.jpg,1803,1820,17
8515.jpg,1804,1840,36
8520.jpg,1804,1763,-41
8525.jpg,1804,1837,33
8530.jpg,1804,1937,133
8535.jpg,1804,1820,16
8540.jpg,1804,1830,26
8545.jpg,1804,1768,-36
8550.jpg,1804,1830,26
8555.jpg,1804,1830,26
8560.jpg,1804,1935,131
8565.jpg,1804,1890,86
8570.jpg,1804,1820,16
8575.jpg,1804,1928,124
8580.jpg,1804,1836,32
8585.jpg,1805,1824,19
8590.jpg,1805,1840,35
8595.jpg,1805,1827,22
8600.jpg,1805,1810,5
8605.jpg,1805,1400,-405
8610.jpg,1805,1638,-167
8615.jpg,1805,1880,75
8620.jpg,1805,1785,-20
8625.jpg,1805,1780,-25
8630.jpg,1805,1320,-485
8635.jpg,1805,1888,83
8640.jpg,1805,1740,-65
8645.jpg,1805,1830,25
8650.jpg,1805,1860,55
8655.jpg,1805,1880,75
8660.jpg,1805,1845,40
8665.jpg,1805,1815,10
8670.jpg,1805,1798,-7
8675.jpg,1805,1810,5
8680.jpg,1805,1820,15
8685.jpg,1805,1820,15
8690.jpg,1805,1800,-5
8695.jpg,1806,1868,62
8700.jpg,1806,1812,6
8705.jpg,1806,1856,50
8710.jpg,1806,1780,-26
8715.jpg,1806,1810,4
8720.jpg,1806,1890,84
8725.jpg,1806,1890,84
8730.jpg,1806,1830,24
8735.jpg,1806,1820,14
8740.jpg,1806,1820,14
8745.jpg,1806,1820,14
8750.jpg,1806,1880,74
8755.jpg,1806,1830,24
8765.jpg,1807,1806,-1
8770.jpg,1807,1830,23
8775.jpg,1807,1807,0
8780.jpg,1807,1880,73
8785.jpg,1807,1910,103
8790.jpg,1807,1795,-12
8795.jpg,1807,1830,23
8800.jpg,1807,1835,28
8805.jpg,1807,1790,-17
8810.jpg,1807,1820,13
8815.jpg,1807,1820,13
8820.jpg,1807,1810,3
8825.jpg,1807,1805,-2
8830.jpg,1807,1722,-85
8835.jpg,1807,1540,-267
8840.jpg,1808,1809,1
8845.jpg,1808,1890,82
8850.jpg,1808,1905,97
8855.jpg,1808,1795,-13
8860.jpg,1808,1880,72
8865.jpg,1808,1830,22
8875.jpg,1808,1820,12
8880.jpg,1808,1810,2
8885.jpg,1808,1830,22
8890.jpg,1808,1815,7
8895.jpg,1808,1805,-3
8900.jpg,1808,1820,12
8905.jpg,1808,1880,72
8910.jpg,1809,1830,21
8915.jpg,1809,1830,21
8920.jpg,1809,1930,121
8925.jpg,1809,1910,101
8930.jpg,1809,1820,11
8935.jpg,1809,1905,96
8940.jpg,1809,1830,21
8945.jpg,1809,1820,11
8950.jpg,1809,1810,1
8955.jpg,1809,1820,11
8965.jpg,1809,1807,-2
8970.jpg,1809,1880,71
8975.jpg,1810,1830,20
8980.jpg,1810,1905,95
8985.jpg,1810,1842,32
8995.jpg,1810,1876,66
9000.jpg,1810,1820,10
9005.jpg,1810,1840,30
9010.jpg,1810,1833,23
9015.jpg,1810,1936,126
9020.jpg,1810,1840,30
9025.jpg,1810,1820,10
9030.jpg,1810,1830,20
9035.jpg,1810,1830,20
9040.jpg,1810,1810,0
9045.jpg,1810,1820,10
9050.jpg,1810,1785,-25
9055.jpg,1810,1785,-25
9060.jpg,1810,1890,80
9065.jpg,1810,1810,0
9070.jpg,1810,1860,50
9075.jpg,1810,1830,20
9080.jpg,1810,1928,118
9085.jpg,1810,1830,20
9090.jpg,1810,1820,10
9095.jpg,1810,1830,20
9100.jpg,1810,1810,0
9105.jpg,1810,1810,0
9110.jpg,1810,1925,115
9115.jpg,1810,1830,20
9120.jpg,1810,1840,30
9125.jpg,1810,1898,88
9130.jpg,1810,1860,50
9135.jpg,1810,1938,128
9140.jpg,1810,1928,118
9145.jpg,1810,1880,70
9150.jpg,1811,1815,4
9160.jpg,1811,1863,52
9165.jpg,1811,1795,-16
9170.jpg,1811,1785,-26
9175.jpg,1811,1910,99
9180.jpg,1811,1880,69
9185.jpg,1811,1785,-26
9190.jpg,1811,1820,9
9195.jpg,1811,1888,77
9200.jpg,1811,1755,-56
9205.jpg,1811,1830,19
9210.jpg,1812,1810,-2
9215.jpg,1812,1723,-89
9220.jpg,1812,1580,-232
9225.jpg,1812,1867,55
9230.jpg,1812,1830,18
9235.jpg,1812,1760,-52
9240.jpg,1812,1810,-2
9245.jpg,1812,1840,28
9250.jpg,1812,1900,88
9255.jpg,1812,1820,8
9260.jpg,1812,1850,38
9265.jpg,1812,1820,8
9270.jpg,1812,1905,93
9275.jpg,1812,1840,28
9280.jpg,1812,1830,18
9290.jpg,1812,1830,18
9295.jpg,1812,1880,68
9300.jpg,1812,1820,8
9305.jpg,1812,1810,-2
9310.jpg,1813,1888,75
9315.jpg,1813,1840,27
9320.jpg,1813,1790,-23
9325.jpg,1813,1350,-463
9330.jpg,1813,1810,-3
9335.jpg,1813,1830,17
9340.jpg,1813,1740,-73
9345.jpg,1813,1795,-18
9350.jpg,1813,1810,-3
9355.jpg,1813,1830,17
9360.jpg,1813,1840,27
9365.jpg,1813,1910,97
9370.jpg,1813,1880,67
9375.jpg,1814,1770,-44
9390.jpg,1814,1820,6
9395.jpg,1814,1775,-39
9400.jpg,1814,1868,54
9405.jpg,1814,1835,21
9410.jpg,1814,1928,114
9415.jpg,1814,1820,6
9420.jpg,1814,1815,1
9425.jpg,1814,1740,-74
9430.jpg,1814,1837,23
9435.jpg,1814,1790,-24
9440.jpg,1814,1820,6
9445.jpg,1814,1780,-34
9450.jpg,1814,1810,-4
9455.jpg,1814,1722,-92
9460.jpg,1814,1820,6
9465.jpg,1815,1820,5
9470.jpg,1815,1840,25
9475.jpg,1815,1812,-3
9480.jpg,1815,1820,5
9485.jpg,1815,1850,35
9490.jpg,1815,1810,-5
9495.jpg,1815,1790,-25
9500.jpg,1815,1855,40
9505.jpg,1815,1810,-5
9510.jpg,1815,1925,110
9515.jpg,1815,1855,40
9520.jpg,1815,1805,-10
9525.jpg,1815,1855,40
9530.jpg,1815,1785,-30
9535.jpg,1815,1830,15
9540.jpg,1815,1820,5
9545.jpg,1815,1830,15
9550.jpg,1815,1790,-25
9555.jpg,1815,1800,-15
9560.jpg,1815,1760,-55
9565.jpg,1815,1830,15
9570.jpg,1815,1910,95
9575.jpg,1815,1910,95
9580.jpg,1815,1775,-40
9585.jpg,1815,1846,31
9590.jpg,1815,1810,-5
9595.jpg,1816,1978,162
9600.jpg,1816,1820,4
9605.jpg,1816,1912,96
9610.jpg,1816,1904,88
9615.jpg,1816,1828,12
9620.jpg,1816,1890,74
9625.jpg,1816,1791,-25
9630.jpg,1816,1845,29
9635.jpg,1816,1810,-6
9640.jpg,1816,1820,4
9645.jpg,1816,1780,-36
9650.jpg,1816,1928,112
9655.jpg,1816,1820,4
9660.jpg,1816,1895,79
9665.jpg,1816,1820,4
9670.jpg,1816,1810,-6
9675.jpg,1816,1840,24
9680.jpg,1816,1805,-11
9685.jpg,1816,1815,-1
9690.jpg,1816,1868,52
9695.jpg,1816,1840,24
9700.jpg,1816,1855,39
9705.jpg,1816,1780,-36
9710.jpg,1816,1812,-4
9715.jpg,1817,1532,-285
9720.jpg,1817,1840,23
9725.jpg,1817,1804,-13
9730.jpg,1817,1882,65
9735.jpg,1817,1840,23
9740.jpg,1817,1890,73
9745.jpg,1817,1790,-27
9750.jpg,1817,1805,-12
9755.jpg,1817,1830,13
9760.jpg,1817,1812,-5
9765.jpg,1817,1820,3
9770.jpg,1817,1860,43
9775.jpg,1817,1900,83
9780.jpg,1817,1830,13
9785.jpg,1817,1839,22
9790.jpg,1818,1880,62
9795.jpg,1818,1915,97
9800.jpg,1818,1840,22
9805.jpg,1818,1910,92
9810.jpg,1818,1835,17
9815.jpg,1818,1850,32
9820.jpg,1818,1850,32
9825.jpg,1818,1790,-28
9830.jpg,1818,1760,-58
9835.jpg,1818,1835,17
9840.jpg,1818,1830,12
9845.jpg,1818,1888,70
9850.jpg,1818,1860,42
9855.jpg,1818,1835,17
9860.jpg,1818,1810,-8
9865.jpg,1818,1830,12
9870.jpg,1818,1820,2
9875.jpg,1818,1795,-23
9880.jpg,1818,1830,12
9885.jpg,1818,1936,118
9890.jpg,1818,1845,27
9895.jpg,1818,1810,-8
9900.jpg,1818,1811,-7
9905.jpg,1818,1820,2
9910.jpg,1819,1861,42
9915.jpg,1819,1910,91
9920.jpg,1819,1840,21
9925.jpg,1819,1895,76
9930.jpg,1819,1830,11
9935.jpg,1819,1820,1
9940.jpg,1819,1840,21
9945.jpg,1819,1825,6
9950.jpg,1819,1880,61
9955.jpg,1819,1810,-9
9960.jpg,1819,1830,11
9965.jpg,1819,1830,11
9970.jpg,1819,1880,61
9975.jpg,1819,1895,76
9980.jpg,1819,1820,1
9985.jpg,1820,1846,26
9990.jpg,1820,1878,58
9995.jpg,1820,1912,92
10000.jpg,1820,1830,10
10005.jpg,1820,1838,18
10010.jpg,1820,1880,60
10015.jpg,1820,1590,-230
10020.jpg,1820,1910,90
10025.jpg,1820,1780,-40
10030.jpg,1820,1880,60
10035.jpg,1820,1830,10
10040.jpg,1820,1910,90
10045.jpg,1820,1820,0
10050.jpg,1820,1810,-10
10055.jpg,1820,1835,15
10060.jpg,1820,1850,30
10065.jpg,1820,1820,0
10070.jpg,1820,1820,0
10075.jpg,1820,1840,20
10080.jpg,1820,1880,60
10085.jpg,1820,1837,17
10090.jpg,1820,1915,95
10095.jpg,1820,1820,0
10100.jpg,1820,1820,0
10105.jpg,1820,1810,-10
10110.jpg,1820,1845,25
10115.jpg,1820,1905,85
10120.jpg,1820,1820,0
10125.jpg,1820,1880,60
10130.jpg,1820,1820,0
10135.jpg,1820,1760,-60
10140.jpg,1820,1810,-10
10145.jpg,1820,1810,-10
10150.jpg,1820,1835,15
10155.jpg,1820,1820,0
10160.jpg,1820,1820,0
10165.jpg,1820,1830,10
10170.jpg,1820,1830,10
10175.jpg,1820,1870,50
10180.jpg,1820,1910,90
10185.jpg,1820,1825,5
10190.jpg,1820,1840,20
10195.jpg,1821,1888,67
10200.jpg,1821,1920,99
10205.jpg,1821,1831,10
10210.jpg,1821,1905,84
10215.jpg,1821,1920,99
10220.jpg,1821,1835,14
10225.jpg,1821,1910,89
10230.jpg,1821,1810,-11
10235.jpg,1821,1850,29
10240.jpg,1821,1915,94
10245.jpg,1821,1840,19
10250.jpg,1821,1820,-1
10255.jpg,1821,1890,69
10260.jpg,1821,1790,-31
10265.jpg,1821,1850,29
10270.jpg,1821,1760,-61
10275.jpg,1821,1855,34
10280.jpg,1822,1877,55
10285.jpg,1822,1930,108
10290.jpg,1822,1804,-18
10295.jpg,1822,1938,116
10300.jpg,1822,1925,103
10305.jpg,1822,1910,88
10310.jpg,1822,1805,-17
10315.jpg,1822,1840,18
10320.jpg,1822,1840,18
10325.jpg,1822,1830,8
10330.jpg,1822,1880,58
10335.jpg,1822,1820,-2
10340.jpg,1822,1888,66
10345.jpg,1822,1905,83
10355.jpg,1822,1845,23
10360.jpg,1823,1780,-43
10365.jpg,1823,1855,32
10370.jpg,1823,1810,-13
10375.jpg,1823,1796,-27
10385.jpg,1823,1857,34
10390.jpg,1823,1855,32
10395.jpg,1823,1860,37
10400.jpg,1823,1820,-3
10405.jpg,1823,1850,27
10410.jpg,1823,1855,32
10415.jpg,1823,1820,-3
10420.jpg,1823,1910,87
10425.jpg,1823,1815,-8
10430.jpg,1823,1880,57
10435.jpg,1823,1880,57
10440.jpg,1823,1850,27
10445.jpg,1823,1910,87
10450.jpg,1823,1530,-293
10455.jpg,1824,1825,1
10460.jpg,1824,1820,-4
10465.jpg,1824,1835,11
10470.jpg,1824,1855,31
10475.jpg,1824,1270,-554
10480.jpg,1824,1920,96
10485.jpg,1824,1795,-29
10490.jpg,1824,1850,26
10495.jpg,1824,1820,-4
10500.jpg,1824,1820,-4
10505.jpg,1824,1900,76
10510.jpg,1824,1845,21
10515.jpg,1824,1790,-34
10520.jpg,1824,1855,31
10525.jpg,1824,1910,86
10530.jpg,1824,1820,-4
10535.jpg,1824,1820,-4
10540.jpg,1824,1848,24
10545.jpg,1824,1818,-6
10550.jpg,1825,1856,31
10555.jpg,1825,1870,45
10560.jpg,1825,1855,30
10565.jpg,1825,1855,30
10570.jpg,1825,1870,45
10575.jpg,1825,1831,6
10580.jpg,1825,1863,38
10585.jpg,1825,1895,70
10590.jpg,1825,1760,-65
10595.jpg,1825,1830,5
10600.jpg,1825,1820,-5
10605.jpg,1825,1830,5
10610.jpg,1825,1830,5
10615.jpg,1825,1845,20
10620.jpg,1825,1825,0
10625.jpg,1825,1925,100
10630.jpg,1825,1820,-5
10635.jpg,1825,1928,103
10640.jpg,1825,1925,100
10645.jpg,1825,1790,-35
10650.jpg,1825,1830,5
10655.jpg,1825,1855,30
10660.jpg,1825,1830,5
10665.jpg,1825,1830,5
10670.jpg,1825,1845,20
10675.jpg,1825,1830,5
10680.jpg,1825,1820,-5
10685.jpg,1825,1830,5
10690.jpg,1825,1830,5
10695.jpg,1825,1920,95
10700.jpg,1825,1820,-5
10705.jpg,1825,1830,5
10710.jpg,1825,1870,45
10715.jpg,1825,1890,65
10720.jpg,1825,1780,-45
10725.jpg,1825,1928,103
10730.jpg,1826,1888,62
10735.jpg,1826,1830,4
10745.jpg,1826,1812,-14
10750.jpg,1826,1832,6
10755.jpg,1826,1888,62
10760.jpg,1826,1835,9
10765.jpg,1826,1820,-6
10770.jpg,1826,1860,34
10775.jpg,1826,1830,4
10780.jpg,1826,1825,-1
10785.jpg,1826,1820,-6
10790.jpg,1826,1840,14
10795.jpg,1826,1799,-27
10800.jpg,1826,1885,59
10805.jpg,1826,1795,-31
10810.jpg,1826,1765,-61
10815.jpg,1826,1820,-6
10820.jpg,1826,1820,-6
10825.jpg,1826,1895,69
10830.jpg,1826,1912,86
10835.jpg,1827,1877,50
10840.jpg,1827,1915,88
10845.jpg,1827,1820,-7
10850.jpg,1827,1885,58
10855.jpg,1827,1880,53
10860.jpg,1827,1905,78
10865.jpg,1827,1880,53
10870.jpg,1827,1857,30
10875.jpg,1827,1810,-17
10880.jpg,1827,1910,83
10885.jpg,1827,1890,63
10890.jpg,1827,1910,83
10895.jpg,1827,1825,-2
10900.jpg,1827,1610,-217
10905.jpg,1827,1760,-67
10910.jpg,1827,1855,28
10915.jpg,1827,1820,-7
10920.jpg,1827,1830,3
10925.jpg,1827,1830,3
10930.jpg,1827,1912,85
10935.jpg,1827,1830,3
10940.jpg,1827,1925,98
10945.jpg,1828,1860,32
10950.jpg,1828,1840,12
10955.jpg,1828,1815,-13
10960.jpg,1828,1816,-12
10965.jpg,1828,1912,84
10970.jpg,1828,1848,20
10975.jpg,1828,1905,77
10980.jpg,1828,1886,58
10985.jpg,1828,1885,57
10990.jpg,1828,1855,27
10995.jpg,1828,1830,2
11000.jpg,1828,1880,52
11005.jpg,1828,1820,-8
11010.jpg,1828,1820,-8
11015.jpg,1828,1820,-8
11020.jpg,1828,1780,-48
11025.jpg,1828,1790,-38
11030.jpg,1828,1840,12
11035.jpg,1828,1840,12
11040.jpg,1828,1820,-8
11045.jpg,1828,1830,2
11050.jpg,1828,1770,-58
11055.jpg,1828,1789,-39
11060.jpg,1828,1888,60
11065.jpg,1829,1840,11
11070.jpg,1829,1830,1
11075.jpg,1829,1803,-26
11080.jpg,1829,1875,46
11085.jpg,1829,1825,-4
11090.jpg,1829,1869,40
11095.jpg,1829,1858,29
11100.jpg,1829,1881,52
11105.jpg,1829,1828,-1
11110.jpg,1829,1810,-19
11115.jpg,1829,1875,46
11120.jpg,1829,1860,31
11125.jpg,1829,1830,1
11130.jpg,1829,1888,59
11135.jpg,1829,1845,16
11140.jpg,1829,1856,27
11145.jpg,1829,1815,-14
11150.jpg,1829,1830,1
11155.jpg,1829,1935,106
11160.jpg,1829,1830,1
11165.jpg,1829,1910,81
11170.jpg,1830,1824,-6
11175.jpg,1830,1895,65
11180.jpg,1830,1928,98
11185.jpg,1830,1860,30
11190.jpg,1830,1845,15
11195.jpg,1830,1720,-110
11200.jpg,1830,1870,40
11205.jpg,1830,1870,40
11210.jpg,1830,1880,50
11215.jpg,1830,1805,-25
11220.jpg,1830,1760,-70
11225.jpg,1830,1840,10
11230.jpg,1830,1785,-45
11235.jpg,1830,1880,50
11240.jpg,1830,1820,-10
11245.jpg,1830,1840,10
11250.jpg,1830,1915,85
11255.jpg,1830,1880,50
11260.jpg,1830,1820,-10
11265.jpg,1830,1840,10
11270.jpg,1830,2000,170
11275.jpg,1830,1845,15
11280.jpg,1830,1880,50
11285.jpg,1830,1830,0
11290.jpg,1830,1730,-100
11295.jpg,1830,1850,20
11300.jpg,1830,1830,0
11305.jpg,1830,1830,0
11310.jpg,1830,1880,50
11315.jpg,1830,1820,-10
11320.jpg,1830,1820,-10
11325.jpg,1830,1870,40
11330.jpg,1830,1910,80
11335.jpg,1830,1840,10
11340.jpg,1830,1910,80
11345.jpg,1830,1962,132
11350.jpg,1830,1928,98
11355.jpg,1830,1840,10
11360.jpg,1830,1845,15
11365.jpg,1830,1830,0
11370.jpg,1830,1830,0
11375.jpg,1830,1811,-19
11380.jpg,1830,1895,65
11385.jpg,1830,1820,-10
11390.jpg,1830,1928,98
11395.jpg,1830,1805,-25
11400.jpg,1831,1830,-1
11405.jpg,1831,1810,-21
11410.jpg,1831,1820,-11
11415.jpg,1831,1888,57
11420.jpg,1831,1848,17
11425.jpg,1831,1830,-1
11430.jpg,1831,1857,26
11435.jpg,1831,1905,74
11440.jpg,1831,1905,74
11445.jpg,1831,1815,-16
11450.jpg,1831,1830,-1
11455.jpg,1831,1835,4
11460.jpg,1831,1840,9
11465.jpg,1831,1928,97
11470.jpg,1831,1830,-1
11475.jpg,1831,1935,104
11480.jpg,1831,1890,59
11485.jpg,1831,1830,-1
11490.jpg,1832,1910,78
11495.jpg,1832,1830,-2
11500.jpg,1832,1780,-52
11505.jpg,1832,1835,3
11510.jpg,1832,1810,-22
11515.jpg,1832,1837,5
11525.jpg,1832,1920,88
11530.jpg,1832,1840,8
11535.jpg,1832,1928,96
11540.jpg,1832,1835,3
11545.jpg,1832,1890,58
11550.jpg,1832,1855,23
11555.jpg,1832,1840,8
11560.jpg,1832,1910,78
11565.jpg,1832,1830,-2
11570.jpg,1832,1855,23
11575.jpg,1832,1830,-2
11580.jpg,1832,1855,23
11585.jpg,1832,1880,48
11590.jpg,1832,1888,56
11595.jpg,1832,1830,-2
11600.jpg,1832,1805,-27
11605.jpg,1832,1840,8
11610.jpg,1832,1938,106
11615.jpg,1832,1910,78
11620.jpg,1832,1780,-52
11625.jpg,1832,1820,-12
11630.jpg,1832,1911,79
11635.jpg,1832,1928,96
11640.jpg,1832,1912,80
11645.jpg,1833,1892,59
11650.jpg,1833,1888,55
11655.jpg,1833,1888,55
11660.jpg,1833,1812,-21
11665.jpg,1833,1790,-43
11670.jpg,1833,1840,7
11675.jpg,1833,1865,32
11680.jpg,1833,1938,105
11685.jpg,1833,1870,37
11690.jpg,1833,1860,27
11695.jpg,1833,1830,-3
11700.jpg,1833,1928,95
11705.jpg,1833,1910,77
11710.jpg,1833,1928,95
11715.jpg,1833,1820,-13
11720.jpg,1833,1830,-3
11725.jpg,1833,1855,22
11730.jpg,1833,1820,-13
11735.jpg,1833,1825,-8
11740.jpg,1833,1845,12
11745.jpg,1833,1830,-3
11750.jpg,1833,1830,-3
11755.jpg,1833,1770,-63
11760.jpg,1833,1905,72
11765.jpg,1833,1827,-6
11770.jpg,1834,1880,46
11775.jpg,1834,1766,-68
11780.jpg,1834,1835,1
11785.jpg,1834,1844,10
11790.jpg,1834,1935,101
11795.jpg,1834,1824,-10
11800.jpg,1834,1795,-39
11805.jpg,1834,1834,0
11810.jpg,1834,1905,71
11815.jpg,1834,1840,6
11820.jpg,1834,1848,14
11825.jpg,1834,1810,-24
11830.jpg,1834,1905,71
11835.jpg,1834,1875,41
11840.jpg,1834,1850,16
11845.jpg,1834,1820,-14
11850.jpg,1834,1815,-19
11855.jpg,1834,1845,11
11860.jpg,1834,1930,96
11865.jpg,1834,1830,-4
11870.jpg,1834,1955,121
11875.jpg,1834,1820,-14
11880.jpg,1834,1818,-16
11885.jpg,1834,1790,-44
11890.jpg,1834,1830,-4
11895.jpg,1834,1912,78
11900.jpg,1835,1782,-53
11905.jpg,1835,1880,45
11910.jpg,1835,1910,75
11915.jpg,1835,1880,45
11920.jpg,1835,1798,-37
11925.jpg,1835,1830,-5
11930.jpg,1835,1878,43
11935.jpg,1835,1827,-8
11940.jpg,1835,1935,100
11945.jpg,1835,1912,77
11950.jpg,1835,1874,39
11955.jpg,1835,1830,-5
11960.jpg,1835,1820,-15
11965.jpg,1835,1910,75
11970.jpg,1835,1830,-5
11980.jpg,1835,1895,60
11985.jpg,1835,1935,100
11990.jpg,1835,1895,60
11995.jpg,1835,1955,120
12000.jpg,1835,1915,80
12005.jpg,1835,1905,70
12010.jpg,1835,1848,13
12015.jpg,1835,1840,5
12020.jpg,1835,1890,55
12025.jpg,1835,1850,15
12030.jpg,1835,1840,5
12035.jpg,1835,1830,-5
12040.jpg,1835,1785,-50
12045.jpg,1835,1820,-15
12050.jpg,1835,1820,-15
12055.jpg,1835,1845,10
12060.jpg,1835,1903,68
12065.jpg,1835,1910,75
12070.jpg,1835,1830,-5
12075.jpg,1835,1830,-5
12080.jpg,1835,1830,-5
12085.jpg,1835,1780,-55
12090.jpg,1835,1850,15
12095.jpg,1835,1830,-5
12100.jpg,1835,1830,-5
12105.jpg,1835,1865,30
12110.jpg,1835,1540,-295
12115.jpg,1835,1848,13
12120.jpg,1835,1880,45
12125.jpg,1835,1898,63
12130.jpg,1836,1830,-6
12135.jpg,1836,1830,-6
12140.jpg,1836,1830,-6
12145.jpg,1836,1928,92
12150.jpg,1836,1825,-11
12155.jpg,1836,1840,4
12160.jpg,1836,1930,94
12170.jpg,1836,1860,24
12175.jpg,1836,1810,-26
12180.jpg,1836,1840,4
12185.jpg,1836,1850,14
12190.jpg,1836,1855,19
12195.jpg,1836,1880,44
12200.jpg,1836,1910,74
12205.jpg,1836,1870,34
12210.jpg,1836,1880,44
12215.jpg,1836,1845,9
12220.jpg,1836,1830,-6
12225.jpg,1836,1845,9
12230.jpg,1836,1845,9
12235.jpg,1836,1840,4
12240.jpg,1836,1754,-82
12245.jpg,1836,1868,32
12250.jpg,1836,1830,-6
12255.jpg,1836,1830,-6
12260.jpg,1836,1820,-16
12265.jpg,1836,1820,-16
12270.jpg,1836,1833,-3
12275.jpg,1836,1780,-56
12280.jpg,1837,1860,23
12285.jpg,1837,1857,20
12290.jpg,1837,1820,-17
12295.jpg,1837,1845,8
12300.jpg,1837,1860,23
12305.jpg,1837,1820,-17
12310.jpg,1837,1888,51
12315.jpg,1837,1803,-34
12320.jpg,1837,1968,131
12325.jpg,1837,1888,51
12330.jpg,1837,1890,53
12335.jpg,1837,1835,-2
12340.jpg,1837,1820,-17
12345.jpg,1837,1785,-52
12350.jpg,1837,1830,-7
12355.jpg,1837,1850,13
12360.jpg,1837,1855,18
12365.jpg,1837,1890,53
12370.jpg,1837,1848,11
12375.jpg,1837,1840,3
12380.jpg,1837,1880,43
12385.jpg,1837,1905,68
12390.jpg,1837,1910,73
12395.jpg,1837,1790,-47
12400.jpg,1837,1928,91
12405.jpg,1837,1845,8
12410.jpg,1837,1820,-17
12415.jpg,1837,1888,51
12420.jpg,1837,1830,-7
12425.jpg,1837,1840,3
12430.jpg,1837,1820,-17
12435.jpg,1837,1928,91
12440.jpg,1837,1880,43
12445.jpg,1837,1830,-7
12450.jpg,1838,1903,65
12455.jpg,1838,1855,17
12460.jpg,1838,1865,27
12465.jpg,1838,1886,48
12470.jpg,1838,1845,7
12475.jpg,1838,1936,98
12480.jpg,1838,1888,50
12485.jpg,1838,1875,37
12490.jpg,1838,1902,64
12495.jpg,1838,1858,20
12500.jpg,1838,1873,35
12505.jpg,1838,1880,42
12510.jpg,1838,1830,-8
12515.jpg,1838,1905,67
12520.jpg,1838,1795,-43
12525.jpg,1838,1815,-23
12530.jpg,1838,1840,2
12535.jpg,1838,1905,67
12540.jpg,1838,1910,72
12545.jpg,1838,1880,42
12550.jpg,1838,1905,67
12555.jpg,1838,1910,72
12560.jpg,1838,1855,17
12565.jpg,1838,1860,22
12570.jpg,1838,1845,7
12575.jpg,1838,1790,-48
12580.jpg,1838,1820,-18
12585.jpg,1838,1810,-28
12590.jpg,1838,1855,17
12600.jpg,1838,1890,52
12605.jpg,1838,1928,90
12610.jpg,1838,1888,50
12615.jpg,1838,1732,-106
12620.jpg,1838,1755,-83
12625.jpg,1839,1925,86
12630.jpg,1839,1860,21
12635.jpg,1839,1880,41
12640.jpg,1839,1930,91
12645.jpg,1839,1858,19
12650.jpg,1839,1897,58
12655.jpg,1839,1852,13
12660.jpg,1839,1858,19
12665.jpg,1839,1858,19
12670.jpg,1839,1825,-14
12675.jpg,1839,1910,71
12680.jpg,1839,1820,-19
12685.jpg,1839,1820,-19
12690.jpg,1839,1928,89
12695.jpg,1839,1845,6
12700.jpg,1839,1865,26
12705.jpg,1839,1790,-49
12710.jpg,1839,1928,89
12715.jpg,1839,1830,-9
12720.jpg,1839,1810,-29
12725.jpg,1839,1928,89
12730.jpg,1839,1830,-9
12735.jpg,1839,1835,-4
12740.jpg,1839,1835,-4
12745.jpg,1839,1855,16
12750.jpg,1839,1895,56
12755.jpg,1839,1928,89
12760.jpg,1839,1855,16
12765.jpg,1839,1620,-219
12770.jpg,1839,1930,91
12775.jpg,1839,1840,1
12780.jpg,1840,1830,-10
12785.jpg,1840,1915,75
12790.jpg,1840,1880,40
12795.jpg,1840,1830,-10
12800.jpg,1840,1820,-20
12805.jpg,1840,1870,30
12810.jpg,1840,1820,-20
12815.jpg,1840,1835,-5
12820.jpg,1840,1815,-25
12825.jpg,1840,1860,20
12830.jpg,1840,1874,34
12835.jpg,1840,1924,84
12840.jpg,1840,1878,38
12845.jpg,1840,1820,-20
12850.jpg,1840,1825,-15
12860.jpg,1840,1910,70
12865.jpg,1840,1760,-80
12870.jpg,1840,1910,70
12875.jpg,1840,1880,40
12880.jpg,1840,1840,0
12885.jpg,1840,1810,-30
12890.jpg,1840,1820,-20
12895.jpg,1840,1820,-20
12900.jpg,1840,1880,40
12905.jpg,1840,1968,128
12910.jpg,1840,1935,95
12915.jpg,1840,1880,40
12920.jpg,1840,1875,35
12925.jpg,1840,1890,50
12930.jpg,1840,1890,50
12935.jpg,1840,1888,48
12940.jpg,1840,1855,15
12945.jpg,1840,1860,20
12950.jpg,1840,1840,0
12955.jpg,1840,1855,15
12960.jpg,1840,1830,-10
12965.jpg,1840,1820,-20
12970.jpg,1840,1818,-22
12975.jpg,1840,1830,-10
12980.jpg,1840,1920,80
12985.jpg,1840,1830,-10
12990.jpg,1840,1850,10
12995.jpg,1840,1928,88
13005.jpg,1840,1830,-10
13010.jpg,1840,1910,70
13015.jpg,1840,1890,50
13020.jpg,1840,1845,5
13025.jpg,1840,1895,55
13030.jpg,1841,1888,47
13035.jpg,1841,1830,-11
13040.jpg,1841,1850,9
13045.jpg,1841,1880,39
13050.jpg,1841,1928,87
13055.jpg,1841,1868,27
13060.jpg,1841,1822,-19
13065.jpg,1841,1830,-11
13070.jpg,1841,1860,19
13075.jpg,1841,1805,-36
13080.jpg,1841,1830,-11
13085.jpg,1841,1968,127
13090.jpg,1841,1912,71
13095.jpg,1841,1910,69
13100.jpg,1841,1830,-11
13105.jpg,1841,1880,39
13110.jpg,1841,1835,-6
13115.jpg,1841,1860,19
13120.jpg,1841,1970,129
13125.jpg,1841,1840,-1
13130.jpg,1841,1750,-91
13135.jpg,1841,1931,90
13140.jpg,1841,1880,39
13145.jpg,1842,1880,38
13150.jpg,1842,1805,-37
13155.jpg,1842,1905,63
13160.jpg,1842,1834,-8
13165.jpg,1842,1840,-2
13170.jpg,1842,1854,12
13175.jpg,1842,1845,3
13180.jpg,1842,1880,38
13185.jpg,1842,1873,31
13190.jpg,1842,1840,-2
13195.jpg,1842,1845,3
13200.jpg,1842,1895,53
13205.jpg,1842,1810,-32
13210.jpg,1842,1890,48
13215.jpg,1842,1928,86
13220.jpg,1842,1790,-52
13225.jpg,1842,1855,13
13230.jpg,1842,1895,53
13235.jpg,1842,1820,-22
13240.jpg,1842,1830,-12
13245.jpg,1842,1920,78
13250.jpg,1842,1910,68
13255.jpg,1842,1830,-12
13260.jpg,1842,1835,-7
13265.jpg,1842,1820,-22
13270.jpg,1842,1880,38
13275.jpg,1842,1805,-37
13280.jpg,1842,1492,-350
13285.jpg,1842,1840,-2
13290.jpg,1842,1910,68
13295.jpg,1842,1830,-12
13300.jpg,1843,1826,-17
13305.jpg,1843,1830,-13
13310.jpg,1843,1905,62
13315.jpg,1843,1880,37
13320.jpg,1843,1815,-28
13325.jpg,1843,1810,-33
13330.jpg,1843,1840,-3
13335.jpg,1843,1880,37
13340.jpg,1843,1830,-13
13345.jpg,1843,1890,47
13350.jpg,1843,1830,-13
13355.jpg,1843,1888,45
13360.jpg,1843,1905,62
13365.jpg,1843,1820,-23
13370.jpg,1843,1798,-45
13380.jpg,1843,1830,-13
13385.jpg,1843,1845,2
13390.jpg,1843,1845,2
13395.jpg,1843,1855,12
13400.jpg,1843,1805,-38
13405.jpg,1843,1830,-13
13410.jpg,1843,1827,-16
13415.jpg,1843,1912,69
13420.jpg,1843,1895,52
13425.jpg,1843,1888,45
13430.jpg,1844,1905,61
13435.jpg,1844,1845,1
13440.jpg,1844,1830,-14
13445.jpg,1844,1972,128
13450.jpg,1844,1870,26
13455.jpg,1844,1835,-9
13460.jpg,1844,1890,46
13465.jpg,1844,1820,-24
13470.jpg,1844,1820,-24
13475.jpg,1844,1895,51
13480.jpg,1844,1910,66
13485.jpg,1844,1890,46
13490.jpg,1844,1845,1
13495.jpg,1844,1800,-44
13500.jpg,1844,1830,-14
13505.jpg,1844,1905,61
13510.jpg,1844,1785,-59
13515.jpg,1844,1845,1
13520.jpg,1844,1830,-14
13525.jpg,1844,1855,11
13530.jpg,1844,1928,84
13535.jpg,1844,1905,61
13540.jpg,1844,1916,72
13545.jpg,1844,1840,-4
13550.jpg,1844,1830,-14
13555.jpg,1844,1895,51
13560.jpg,1844,1890,46
13565.jpg,1845,1820,-25
13570.jpg,1845,1900,55
13575.jpg,1845,1888,43
13580.jpg,1845,1880,35
13585.jpg,1845,1887,42
13590.jpg,1845,1898,53
13595.jpg,1845,1858,13
13600.jpg,1845,1895,50
13605.jpg,1845,1828,-17
13610.jpg,1845,1870,25
13615.jpg,1845,1910,65
13620.jpg,1845,1840,-5
13625.jpg,1845,1840,-5
13630.jpg,1845,1850,5
13635.jpg,1845,1845,0
13640.jpg,1845,1910,65
13645.jpg,1845,1835,-10
13650.jpg,1845,1830,-15
13655.jpg,1845,1850,5
13660.jpg,1845,1890,45
13665.jpg,1845,1840,-5
13670.jpg,1845,2005,160
13675.jpg,1845,1880,35
13680.jpg,1845,1905,60
13685.jpg,1845,1840,-5
13690.jpg,1845,1830,-15
13695.jpg,1845,1810,-35
13700.jpg,1845,1855,10
13705.jpg,1845,1830,-15
13710.jpg,1845,1928,83
13720.jpg,1845,1910,65
13725.jpg,1845,1905,60
13730.jpg,1845,1840,-5
13735.jpg,1845,1870,25
13740.jpg,1845,1830,-15
13745.jpg,1845,1830,-15
13750.jpg,1845,1830,-15
13755.jpg,1845,1750,-95
13760.jpg,1845,1825,-20
13765.jpg,1845,1855,10
13770.jpg,1845,1830,-15
13775.jpg,1845,1895,50
13780.jpg,1845,1630,-215
13785.jpg,1845,1910,65
13790.jpg,1845,1888,43
13795.jpg,1845,1922,77
13800.jpg,1845,1928,83
13805.jpg,1846,1830,-16
13810.jpg,1846,1896,50
13815.jpg,1846,1875,29
13820.jpg,1846,1845,-1
13825.jpg,1846,1889,43
13830.jpg,1846,1805,-41
13835.jpg,1846,1853,7
13840.jpg,1846,1928,82
13845.jpg,1846,1835,-11
13850.jpg,1846,1890,44
13855.jpg,1846,1910,64
13860.jpg,1846,1830,-16
13865.jpg,1846,1835,-11
13870.jpg,1846,1890,44
13875.jpg,1846,1888,42
13880.jpg,1846,1850,4
13885.jpg,1846,1850,4
13890.jpg,1846,1830,-16
13895.jpg,1846,1830,-16
13900.jpg,1846,1840,-6
13905.jpg,1846,1780,-66
13910.jpg,1846,1830,-16
13915.jpg,1846,1830,-16
13920.jpg,1846,1830,-16
13925.jpg,1846,1958,112
13930.jpg,1846,1890,44
13935.jpg,1846,1905,59
13940.jpg,1847,1893,46
13945.jpg,1847,1818,-29
13950.jpg,1847,1910,63
13955.jpg,1847,1840,-7
13960.jpg,1847,1910,63
13965.jpg,1847,1845,-2
13970.jpg,1847,1838,-9
13975.jpg,1847,1848,1
13980.jpg,1847,1888,41
13985.jpg,1847,1888,41
13990.jpg,1847,1845,-2
13995.jpg,1847,1840,-7
14000.jpg,1847,1928,81
14005.jpg,1847,1820,-27
14010.jpg,1847,1835,-12
14015.jpg,1847,1885,38
14020.jpg,1847,1855,8
14030.jpg,1847,1880,33
14035.jpg,1847,1880,33
14040.jpg,1847,1905,58
14045.jpg,1847,1760,-87
14050.jpg,1847,1888,41
14055.jpg,1847,1888,41
14060.jpg,1847,1905,58
14065.jpg,1847,1850,3
14070.jpg,1847,1840,-7
14075.jpg,1847,1885,38
14080.jpg,1847,1830,-17
14085.jpg,1847,1840,-7
14090.jpg,1847,1885,38
14095.jpg,1847,1820,-27
14100.jpg,1847,1937,90
14105.jpg,1847,1938,91
14110.jpg,1848,1889,41
14115.jpg,1848,1910,62
14120.jpg,1848,1905,57
14125.jpg,1848,2005,157
14130.jpg,1848,1864,16
14135.jpg,1848,1820,-28
14140.jpg,1848,1870,22
14145.jpg,1848,1958,110
14150.jpg,1848,1920,72
14155.jpg,1848,1880,32
14160.jpg,1848,1867,19
14165.jpg,1848,1855,7
14170.jpg,1848,1910,62
14175.jpg,1848,1860,12
14180.jpg,1848,1895,47
14185.jpg,1848,1880,32
14190.jpg,1848,1938,90
14195.jpg,1848,1855,7
14200.jpg,1848,1895,47
14205.jpg,1848,1850,2
14210.jpg,1848,1880,32
14215.jpg,1848,1868,20
14220.jpg,1848,1840,-8
14225.jpg,1848,1848,0
14230.jpg,1848,1820,-28
14235.jpg,1848,1880,32
14240.jpg,1848,1888,40
14245.jpg,1848,1815,-33
14250.jpg,1848,1835,-13
14255.jpg,1848,1835,-13
14260.jpg,1848,1840,-8
14265.jpg,1848,1860,12
14270.jpg,1848,1830,-18
14275.jpg,1848,1840,-8
14280.jpg,1848,1830,-18
14285.jpg,1848,1888,40
14290.jpg,1848,1830,-18
14295.jpg,1848,1855,7
14300.jpg,1848,1830,-18
14305.jpg,1848,1850,2
14310.jpg,1848,1928,80
14315.jpg,1848,1910,62
14320.jpg,1848,1905,57
14325.jpg,1848,1815,-33
14330.jpg,1848,1890,42
14335.jpg,1848,1830,-18
14340.jpg,1849,1880,31
14345.jpg,1849,1835,-14
14350.jpg,1849,1830,-19
14355.jpg,1849,1830,-19
14360.jpg,1849,2010,161
14365.jpg,1849,1870,21
14370.jpg,1849,1870,21
14375.jpg,1849,1930,81
14380.jpg,1849,1902,53
14385.jpg,1849,1830,-19
14390.jpg,1849,1880,31
14395.jpg,1849,1830,-19
14400.jpg,1849,1830,-19
14405.jpg,1849,1850,1
14410.jpg,1849,1915,66
14415.jpg,1849,1905,56
14420.jpg,1849,1711,-138
14425.jpg,1849,1870,21
14430.jpg,1849,1830,-19
14435.jpg,1849,1860,11
14440.jpg,1849,1820,-29
14445.jpg,1849,1840,-9
14450.jpg,1849,1950,101
14455.jpg,1849,1840,-9
14460.jpg,1849,1830,-19
14465.jpg,1849,1825,-24
14470.jpg,1849,1855,6
14475.jpg,1849,1818,-31
14480.jpg,1849,1905,56
14485.jpg,1849,1850,1
14490.jpg,1849,1671,-178
14495.jpg,1849,1880,31
14500.jpg,1849,1895,46
14505.jpg,1850,1820,-30
14510.jpg,1850,1810,-40
14515.jpg,1850,1820,-30
14520.jpg,1850,1840,-10
14525.jpg,1850,1840,-10
14530.jpg,1850,1830,-20
14535.jpg,1850,1850,0
14540.jpg,1850,1905,55
14545.jpg,1850,1820,-30
14550.jpg,1850,1880,30
14555.jpg,1850,1910,60
14560.jpg,1850,1922,72
14565.jpg,1850,1835,-15
14570.jpg,1850,1780,-70
14575.jpg,1850,1868,18
14580.jpg,1850,1860,10
14585.jpg,1850,1855,5
14590.jpg,1850,1870,20
14600.jpg,1850,1856,6
14605.jpg,1850,1835,-15
14610.jpg,1850,1835,-15
14615.jpg,1850,1910,60
14620.jpg,1850,1830,-20
14625.jpg,1850,1860,10
14630.jpg,1850,1875,25
14635.jpg,1850,1835,-15
14640.jpg,1850,1905,55
14645.jpg,1850,1885,35
14650.jpg,1850,1915,65
14655.jpg,1850,1835,-15
14660.jpg,1850,1810,-40
14665.jpg,1850,1928,78
14670.jpg,1850,1835,-15
14675.jpg,1850,1840,-10
14680.jpg,1850,1840,-10
14685.jpg,1850,1905,55
14690.jpg,1850,1865,15
14695.jpg,1850,1888,38
14700.jpg,1850,1890,40
14705.jpg,1850,1855,5
14710.jpg,1850,1890,40
14715.jpg,1850,1820,-30
14720.jpg,1850,1850,0
14725.jpg,1850,1880,30
14730.jpg,1850,1895,45
14735.jpg,1850,1830,-20
14740.jpg,1850,1850,0
14745.jpg,1850,1860,10
14750.jpg,1850,1855,5
14755.jpg,1850,1880,30
14760.jpg,1850,1930,80
14765.jpg,1850,1890,40
14770.jpg,1850,1880,30
14775.jpg,1850,1937,87
14780.jpg,1850,1760,-90
14785.jpg,1851,1873,22
14790.jpg,1851,1925,74
14795.jpg,1851,1928,77
14800.jpg,1851,1895,44
14805.jpg,1851,1910,59
14810.jpg,1851,1881,30
14815.jpg,1851,1880,29
14820.jpg,1851,1840,-11
14825.jpg,1851,1860,9
14830.jpg,1851,1880,29
14835.jpg,1851,1785,-66
14840.jpg,1851,1830,-21
14845.jpg,1851,1880,29
14850.jpg,1851,1938,87
14855.jpg,1851,1890,39
14860.jpg,1851,1910,59
14865.jpg,1851,1835,-16
14870.jpg,1851,1760,-91
14880.jpg,1851,1830,-21
14885.jpg,1851,1840,-11
14890.jpg,1851,1840,-11
14895.jpg,1851,1740,-111
14900.jpg,1851,1855,4
14905.jpg,1851,1888,37
14910.jpg,1851,1730,-121
14915.jpg,1851,1830,-21
14920.jpg,1851,1835,-16
14925.jpg,1851,1820,-31
14930.jpg,1851,1893,42
14935.jpg,1851,1880,29
14940.jpg,1851,1830,-21
14945.jpg,1852,1888,36
14950.jpg,1852,1858,6
14955.jpg,1852,1898,46
14960.jpg,1852,1898,46
14965.jpg,1852,1817,-35
14970.jpg,1852,1825,-27
14975.jpg,1852,1898,46
14980.jpg,1852,1853,1
14985.jpg,1852,1904,52
14990.jpg,1852,1895,43
14995.jpg,1852,1895,43
15000.jpg,1852,1880,28
15005.jpg,1852,1880,28
15010.jpg,1852,1830,-22
15015.jpg,1852,1860,8
15020.jpg,1852,1855,3
15025.jpg,1852,1860,8
15030.jpg,1852,1880,28
15035.jpg,1852,1855,3
15040.jpg,1852,1890,38
15045.jpg,1852,1835,-17
15050.jpg,1852,1910,58
15055.jpg,1852,1820,-32
15060.jpg,1852,1830,-22
15065.jpg,1852,1845,-7
15070.jpg,1852,1840,-12
15075.jpg,1852,1764,-88
15080.jpg,1852,1888,36
15085.jpg,1852,1890,38
15090.jpg,1852,1910,58
15095.jpg,1852,1845,-7
15100.jpg,1852,1880,28
15105.jpg,1852,1867,15
15110.jpg,1852,1888,36
15115.jpg,1852,1837,-15
15120.jpg,1852,1890,38
15125.jpg,1852,1865,13
15130.jpg,1852,1902,50
15135.jpg,1853,1930,77
15140.jpg,1853,1930,77
15145.jpg,1853,1840,-13
15150.jpg,1853,1892,39
15155.jpg,1853,1890,37
15160.jpg,1853,1830,-23
15165.jpg,1853,1905,52
15170.jpg,1853,1812,-41
15175.jpg,1853,1817,-36
15180.jpg,1853,1895,42
15185.jpg,1853,1863,10
15190.jpg,1853,1830,-23
15195.jpg,1853,1905,52
15200.jpg,1853,1885,32
15205.jpg,1853,1856,3
15210.jpg,1853,1910,57
15215.jpg,1853,1828,-25
15220.jpg,1853,1840,-13
15225.jpg,1853,1855,2
15230.jpg,1853,1910,57
15235.jpg,1853,1853,0
15240.jpg,1853,1890,37
15245.jpg,1853,1840,-13
15250.jpg,1853,1895,42
15255.jpg,1853,1888,35
15260.jpg,1853,1840,-13
15265.jpg,1853,1820,-33
15270.jpg,1853,1880,27
15275.jpg,1853,1840,-13
15280.jpg,1853,1895,42
15285.jpg,1853,1840,-13
15290.jpg,1853,1840,-13
15295.jpg,1853,1830,-23
15300.jpg,1853,1855,2
15305.jpg,1853,1840,-13
15310.jpg,1853,1830,-23
15315.jpg,1853,1840,-13
15320.jpg,1853,1890,37
15325.jpg,1853,1835,-18
15330.jpg,1853,1845,-8
15335.jpg,1853,1888,35
15340.jpg,1853,1860,7
15345.jpg,1853,1840,-13
15350.jpg,1853,1910,57
15355.jpg,1854,1892,38
15360.jpg,1854,1958,104
15365.jpg,1854,1825,-29
15370.jpg,1854,1845,-9
15375.jpg,1854,1845,-9
15380.jpg,1854,1840,-14
15385.jpg,1854,1840,-14
15390.jpg,1854,1875,21
15395.jpg,1854,1888,34
15400.jpg,1854,1905,51
15405.jpg,1854,1902,48
15410.jpg,1854,1875,21
15415.jpg,1854,1803,-51
15420.jpg,1854,1955,101
15425.jpg,1854,1888,34
15430.jpg,1854,1893,39
15435.jpg,1854,1935,81
15440.jpg,1854,1935,81
15445.jpg,1854,1888,34
15450.jpg,1855,1775,-80
15455.jpg,1855,1928,73
15460.jpg,1855,1910,55
15465.jpg,1855,1830,-25
15470.jpg,1855,1890,35
15475.jpg,1855,1860,5
15480.jpg,1855,1882,27
15485.jpg,1855,1869,14
15490.jpg,1855,1856,1
15495.jpg,1855,1932,77
15500.jpg,1855,1856,1
15505.jpg,1855,1857,2
15510.jpg,1855,1855,0
15515.jpg,1855,1820,-35
15520.jpg,1855,1888,33
15525.jpg,1855,1895,40
15530.jpg,1855,1880,25
15535.jpg,1855,1855,0
15540.jpg,1855,1895,40
15545.jpg,1855,1830,-25
15550.jpg,1855,1880,25
15555.jpg,1855,1840,-15
15560.jpg,1855,1835,-20
15565.jpg,1855,1870,15
15570.jpg,1855,1840,-15
15575.jpg,1855,1928,73
15580.jpg,1855,1915,60
15585.jpg,1855,1936,81
15590.jpg,1855,1928,73
15595.jpg,1855,1845,-10
15600.jpg,1855,1880,25
15605.jpg,1855,1910,55
15610.jpg,1855,1955,100
15615.jpg,1855,1880,25
15620.jpg,1855,1830,-25
15625.jpg,1855,1855,0
15630.jpg,1855,1880,25
15635.jpg,1855,1845,-10
15640.jpg,1855,1905,50
15645.jpg,1855,1895,40
15650.jpg,1855,1840,-15
15655.jpg,1855,1840,-15
15660.jpg,1855,1880,25
15665.jpg,1855,1860,5
15670.jpg,1855,1880,25
15675.jpg,1855,1910,55
15680.jpg,1855,1925,70
15685.jpg,1855,1880,25
15690.jpg,1855,1810,-45
15695.jpg,1855,1884,29
15705.jpg,1856,1835,-21
15710.jpg,1856,1840,-16
15715.jpg,1856,1911,55
15720.jpg,1856,1830,-26
15725.jpg,1856,1905,49
15730.jpg,1856,1895,39
15735.jpg,1856,1910,54
15740.jpg,1856,1895,39
15745.jpg,1856,1845,-11
15750.jpg,1856,1898,42
15755.jpg,1856,1725,-131
15760.jpg,1856,1842,-14
15765.jpg,1856,1869,13
15770.jpg,1856,1857,1
15775.jpg,1856,1880,24
15780.jpg,1856,1858,2
15785.jpg,1856,1927,71
15795.jpg,1856,1835,-21
15800.jpg,1856,1890,34
15805.jpg,1856,1936,80
15810.jpg,1856,1905,49
15815.jpg,1856,1845,-11
15820.jpg,1856,1840,-16
15825.jpg,1856,1905,49
15830.jpg,1856,1845,-11
15835.jpg,1856,1895,39
15840.jpg,1856,1845,-11
15845.jpg,1856,1830,-26
15850.jpg,1856,1840,-16
15855.jpg,1856,1880,24
15860.jpg,1856,1840,-16
15865.jpg,1856,1830,-26
15870.jpg,1856,1830,-26
15875.jpg,1856,1890,34
15880.jpg,1856,1880,24
15885.jpg,1856,1855,-1
15890.jpg,1856,1855,-1
15895.jpg,1856,1840,-16
15900.jpg,1856,1910,54
15905.jpg,1856,1860,4
15910.jpg,1856,1835,-21
15915.jpg,1856,1810,-46
15920.jpg,1856,1853,-3
15930.jpg,1856,1840,-16
15935.jpg,1856,1895,39
15940.jpg,1856,1830,-26
15945.jpg,1856,1850,-6
15950.jpg,1856,1888,32
15955.jpg,1856,1912,56
15960.jpg,1856,1830,-26
15965.jpg,1856,1865,9
15970.jpg,1856,1820,-36
15975.jpg,1856,1850,-6
15980.jpg,1857,1900,43
15985.jpg,1857,1889,32
15990.jpg,1857,1980,123
15995.jpg,1857,1820,-37
16000.jpg,1857,1890,33
16005.jpg,1857,1848,-9
16010.jpg,1857,1773,-84
16015.jpg,1857,1888,31
16020.jpg,1857,1880,23
16025.jpg,1857,1870,13
16030.jpg,1857,1880,23
16035.jpg,1857,1925,68
16040.jpg,1857,1902,45
16045.jpg,1857,1895,38
16050.jpg,1857,1883,26
16055.jpg,1857,1858,1
16060.jpg,1857,1830,-27
16065.jpg,1857,1860,3
16070.jpg,1857,1858,1
16075.jpg,1857,1890,33
16080.jpg,1857,1848,-9
16085.jpg,1857,1858,1
16090.jpg,1857,1880,23
16095.jpg,1857,1845,-12
16100.jpg,1857,1820,-37
16105.jpg,1857,1840,-17
16110.jpg,1857,1850,-7
16115.jpg,1857,1890,33
16120.jpg,1857,1928,71
16125.jpg,1857,1890,33
16130.jpg,1857,1840,-17
16135.jpg,1857,1895,38
16140.jpg,1857,1882,25
16145.jpg,1857,1845,-12
16150.jpg,1857,1895,38
16155.jpg,1857,1890,33
16160.jpg,1857,1850,-7
16165.jpg,1857,1830,-27
16170.jpg,1857,1890,33
16175.jpg,1857,1855,-2
16180.jpg,1857,1870,13
16185.jpg,1857,1928,71
16190.jpg,1857,1835,-22
16195.jpg,1857,1820,-37
16200.jpg,1857,1856,-1
16205.jpg,1857,2005,148
16210.jpg,1857,1840,-17
16215.jpg,1857,1910,53
16220.jpg,1857,1840,-17
16225.jpg,1857,1878,21
16230.jpg,1857,1890,33
16235.jpg,1858,1888,30
16240.jpg,1858,1938,80
16245.jpg,1858,1867,9
16250.jpg,1858,1895,37
16255.jpg,1858,1888,30
16260.jpg,1858,1880,22
16265.jpg,1858,1884,26
16270.jpg,1858,1833,-25
16275.jpg,1858,1835,-23
16280.jpg,1858,1848,-10
16285.jpg,1858,1870,12
16290.jpg,1858,1880,22
16295.jpg,1858,1905,47
16300.jpg,1858,1858,0
16305.jpg,1858,1888,30
16310.jpg,1858,1886,28
16315.jpg,1858,1862,4
16320.jpg,1858,1840,-18
16325.jpg,1858,1888,30
16330.jpg,1858,1895,37
16335.jpg,1858,1890,32
16340.jpg,1858,1835,-23
16345.jpg,1858,1928,70
16350.jpg,1858,1812,-46
16355.jpg,1858,1895,37
16360.jpg,1858,1858,0
16365.jpg,1858,1830,-28
16370.jpg,1858,1840,-18
16375.jpg,1858,1888,30
16380.jpg,1858,1905,47
16385.jpg,1858,1880,22
16390.jpg,1858,1840,-18
16395.jpg,1858,1840,-18
16400.jpg,1858,1855,-3
16405.jpg,1858,1905,47
16410.jpg,1858,1845,-13
16415.jpg,1858,1888,30
16420.jpg,1858,1845,-13
16425.jpg,1858,1860,2
16430.jpg,1858,1820,-38
16435.jpg,1858,1910,52
16440.jpg,1858,1830,-28
16445.jpg,1858,1855,-3
16450.jpg,1858,1888,30
16455.jpg,1858,1845,-13
16460.jpg,1858,1905,47
16465.jpg,1858,1835,-23
16470.jpg,1858,1910,52
16475.jpg,1858,1765,-93
16480.jpg,1858,1938,80
16485.jpg,1858,1888,30
16490.jpg,1859,1860,1
16495.jpg,1859,1895,36
16505.jpg,1859,1859,0
16510.jpg,1859,1880,21
16515.jpg,1859,1888,29
16520.jpg,1859,1880,21
16525.jpg,1859,1905,46
16530.jpg,1859,1830,-29
16535.jpg,1859,1892,33
16540.jpg,1859,1912,53
16545.jpg,1859,1868,9
16550.jpg,1859,1869,10
16555.jpg,1859,1902,43
16560.jpg,1859,1858,-1
16565.jpg,1859,1860,1
16570.jpg,1859,1875,16
16575.jpg,1859,1888,29
16580.jpg,1859,1888,29
16585.jpg,1859,1750,-109
16590.jpg,1859,1805,-54
16595.jpg,1859,1895,36
16600.jpg,1859,1820,-39
16605.jpg,1859,1910,51
16610.jpg,1859,1880,21
16615.jpg,1859,1890,31
16620.jpg,1859,1855,-4
16625.jpg,1859,1935,76
16630.jpg,1859,1910,51
16635.jpg,1859,1880,21
16640.jpg,1859,1835,-24
16645.jpg,1859,1865,6
16650.jpg,1859,1850,-9
16655.jpg,1859,1855,-4
16660.jpg,1859,1820,-39
16665.jpg,1859,1928,69
16670.jpg,1859,1840,-19
16675.jpg,1859,1840,-19
16680.jpg,1859,1840,-19
16685.jpg,1859,1888,29
16690.jpg,1859,1870,11
16695.jpg,1859,1855,-4
16700.jpg,1859,1910,51
16705.jpg,1859,1858,-1
16710.jpg,1859,1857,-2
16715.jpg,1859,1830,-29
16720.jpg,1859,1868,9
16725.jpg,1859,1893,34
16730.jpg,1859,1890,31
16735.jpg,1860,1850,-10
16740.jpg,1860,1898,38
16745.jpg,1860,1835,-25
16750.jpg,1860,1858,-2
16755.jpg,1860,1840,-20
16760.jpg,1860,1888,28
16765.jpg,1860,1888,28
16770.jpg,1860,1870,10
16775.jpg,1860,1880,20
16785.jpg,1860,1880,20
16790.jpg,1860,1886,26
16795.jpg,1860,1790,-70
16800.jpg,1860,1845,-15
16805.jpg,1860,1888,28
16810.jpg,1860,1890,30
16815.jpg,1860,1830,-30
16820.jpg,1860,1890,30
16825.jpg,1860,1845,-15
16830.jpg,1860,1880,20
16835.jpg,1860,1895,35
16840.jpg,1860,1830,-30
16845.jpg,1860,1870,10
16850.jpg,1860,1855,-5
16855.jpg,1860,1840,-20
16860.jpg,1860,1840,-20
16865.jpg,1860,1895,35
16870.jpg,1860,1845,-15
16875.jpg,1860,1835,-25
16880.jpg,1860,1820,-40
16885.jpg,1860,1845,-15
16890.jpg,1860,1860,0
16895.jpg,1860,1840,-20
16900.jpg,1860,1900,40
16905.jpg,1860,1845,-15
16910.jpg,1860,1880,20
16915.jpg,1860,1880,20
16920.jpg,1860,1865,5
16925.jpg,1860,1840,-20
16930.jpg,1860,1878,18
16935.jpg,1860,1845,-15
16940.jpg,1860,1855,-5
16945.jpg,1860,1905,45
16950.jpg,1860,1860,0
16955.jpg,1860,1830,-30
16960.jpg,1860,1845,-15
16965.jpg,1860,1898,38
16970.jpg,1860,1905,45
16975.jpg,1860,1858,-2
16980.jpg,1860,1880,20
16985.jpg,1860,1888,28
16990.jpg,1860,110,-1750
16995.jpg,1860,1868,8
17000.jpg,1860,1978,118
17005.jpg,1861,1905,44
17010.jpg,1861,1840,-21
17015.jpg,1861,1895,34
17025.jpg,1861,1830,-31
17030.jpg,1861,1905,44
17035.jpg,1861,1861,0
17040.jpg,1861,1860,-1
17045.jpg,1861,1750,-111
17050.jpg,1861,1805,-56
17055.jpg,1861,1870,9
17060.jpg,1861,1867,6
17065.jpg,1861,1868,7
17070.jpg,1861,1840,-21
17075.jpg,1861,1888,27
17080.jpg,1861,1870,9
17085.jpg,1861,1890,29
17090.jpg,1861,1840,-21
17095.jpg,1861,1868,7
17100.jpg,1861,1895,34
17105.jpg,1861,1830,-31
17110.jpg,1861,1865,4
17115.jpg,1861,1820,-41
17120.jpg,1861,1888,27
17125.jpg,1861,1848,-13
17130.jpg,1861,1855,-6
17135.jpg,1861,1886,25
17140.jpg,1861,1880,19
17145.jpg,1861,1855,-6
17150.jpg,1861,1830,-31
17155.jpg,1861,1865,4
17160.jpg,1861,1855,-6
17165.jpg,1861,1897,36
17170.jpg,1861,1900,39
17175.jpg,1862,1870,8
17180.jpg,1862,1900,38
17185.jpg,1862,1855,-7
17190.jpg,1862,1888,26
17195.jpg,1862,1988,126
17200.jpg,1862,1860,-2
17205.jpg,1862,1880,18
17210.jpg,1862,1895,33
17215.jpg,1862,1904,42
17220.jpg,1862,1905,43
17225.jpg,1862,1830,-32
17230.jpg,1862,1880,18
17235.jpg,1862,1855,-7
17240.jpg,1862,1847,-15
17245.jpg,1862,1840,-22
17250.jpg,1862,1840,-22
17255.jpg,1862,1905,43
17260.jpg,1862,1880,18
17265.jpg,1862,1785,-77
17270.jpg,1862,1910,48
17275.jpg,1862,1840,-22
17280.jpg,1862,1880,18
17285.jpg,1862,1865,3
17290.jpg,1862,1870,8
17295.jpg,1862,1928,66
17300.jpg,1862,1895,33
17305.jpg,1862,1895,33
17310.jpg,1862,1830,-32
17315.jpg,1862,1910,48
17320.jpg,1862,1868,6
17325.jpg,1863,1888,25
17330.jpg,1863,1845,-18
17340.jpg,1863,1928,65
17345.jpg,1863,1890,27
17350.jpg,1863,1825,-38
17355.jpg,1863,1888,25
17365.jpg,1863,1928,65
17370.jpg,1863,1848,-15
17375.jpg,1863,1850,-13
17380.jpg,1863,1920,57
17385.jpg,1863,1935,72
17390.jpg,1863,1880,17
17395.jpg,1863,1845,-18
17400.jpg,1863,1930,67
17405.jpg,1863,1888,25
17410.jpg,1863,1885,22
17415.jpg,1863,1880,17
17420.jpg,1863,1895,32
17425.jpg,1863,1830,-33
17430.jpg,1863,1880,17
17435.jpg,1863,1962,99
17440.jpg,1863,1845,-18
17445.jpg,1863,1891,28
17450.jpg,1863,1895,32
17455.jpg,1863,1878,15
17460.jpg,1863,1881,18
17465.jpg,1863,1898,35
17470.jpg,1863,1855,-8
17475.jpg,1863,1865,2
17480.jpg,1863,1890,27
17485.jpg,1864,1860,-4
17490.jpg,1864,1890,26
17495.jpg,1864,1910,46
17500.jpg,1864,1928,64
17505.jpg,1864,1905,41
17510.jpg,1864,1888,24
17515.jpg,1864,1830,-34
17520.jpg,1864,1892,28
17525.jpg,1864,1575,-289
17530.jpg,1864,1868,4
17535.jpg,1864,1998,134
17540.jpg,1864,1903,39
17545.jpg,1864,1866,2
17550.jpg,1864,1860,-4
17555.jpg,1864,1870,6
17560.jpg,1864,1890,26
17565.jpg,1864,1835,-29
17575.jpg,1864,1840,-24
17580.jpg,1864,1830,-34
17585.jpg,1864,1890,26
17590.jpg,1864,1968,104
17595.jpg,1864,1855,-9
17600.jpg,1864,1880,16
17605.jpg,1864,1840,-24
17610.jpg,1864,1880,16
17615.jpg,1864,1890,26
17620.jpg,1864,1830,-34
17625.jpg,1864,1928,64
17630.jpg,1864,1895,31
17635.jpg,1864,1888,24
17640.jpg,1864,1880,16
17645.jpg,1864,1855,-9
17650.jpg,1864,1880,16
17655.jpg,1864,1915,51
17660.jpg,1865,1870,5
17665.jpg,1865,1886,21
17670.jpg,1865,1912,47
17675.jpg,1865,1836,-29
17680.jpg,1865,1895,30
17690.jpg,1865,1895,30
17695.jpg,1865,1804,-61
17700.jpg,1865,1838,-27
17705.jpg,1865,2005,140
17710.jpg,1865,1888,23
17715.jpg,1865,1895,30
17720.jpg,1865,1920,55
17725.jpg,1865,1875,10
17730.jpg,1865,1858,-7
17735.jpg,1865,1836,-29
17745.jpg,1865,1878,13
17750.jpg,1865,1845,-20
17755.jpg,1865,1845,-20
17760.jpg,1865,1845,-20
17765.jpg,1865,1885,20
17770.jpg,1865,1850,-15
17775.jpg,1865,1888,23
17780.jpg,1865,1840,-25
17785.jpg,1865,1830,-35
17790.jpg,1865,1910,45
17795.jpg,1865,1895,30
17800.jpg,1865,1910,45
17805.jpg,1865,1890,25
17810.jpg,1865,1890,25
17815.jpg,1865,1895,30
17820.jpg,1865,1928,63
17825.jpg,1865,1880,15
17830.jpg,1865,1845,-20
17835.jpg,1865,1830,-35
17840.jpg,1865,1830,-35
17845.jpg,1865,1875,10
17850.jpg,1865,1888,23
17855.jpg,1865,1895,30
17860.jpg,1865,1888,23
17865.jpg,1865,1830,-35
17870.jpg,1865,1888,23
17875.jpg,1865,1880,15
17880.jpg,1865,1830,-35
17885.jpg,1865,1925,60
17890.jpg,1865,1890,25
17895.jpg,1865,1900,35
17900.jpg,1865,1888,23
17905.jpg,1865,1840,-25
17910.jpg,1865,1830,-35
17915.jpg,1865,1860,-5
17920.jpg,1865,1888,23
17930.jpg,1865,1898,33
17935.jpg,1866,1878,12
17940.jpg,1866,1888,22
17945.jpg,1866,1910,44
17950.jpg,1866,1888,22
17955.jpg,1866,1965,99
17960.jpg,1866,1770,-96
17965.jpg,1866,1888,22
17970.jpg,1866,1830,-36
17975.jpg,1866,1855,-11
17980.jpg,1866,1860,-6
17985.jpg,1866,1853,-13
17990.jpg,1866,1888,22
17995.jpg,1866,1906,40
18000.jpg,1866,1878,12
18005.jpg,1866,1810,-56
18010.jpg,1866,1880,14
18015.jpg,1866,1955,89
18020.jpg,1866,1895,29
18025.jpg,1866,1855,-11
18030.jpg,1866,1845,-21
18035.jpg,1866,1865,-1
18040.jpg,1866,1845,-21
18045.jpg,1866,1850,-16
18050.jpg,1866,1880,14
18055.jpg,1866,1905,39
18060.jpg,1866,1890,24
18065.jpg,1866,1855,-11
18070.jpg,1866,1880,14
18075.jpg,1866,1795,-71
18080.jpg,1866,1845,-21
18085.jpg,1866,1910,44
18090.jpg,1866,1925,59
18095.jpg,1866,1850,-16
18100.jpg,1866,1928,62
18105.jpg,1866,1928,62
18110.jpg,1866,1898,32
18115.jpg,1866,1850,-16
18120.jpg,1866,1840,-26
18125.jpg,1866,1886,20
18130.jpg,1866,1910,44
18135.jpg,1867,1840,-27
18140.jpg,1867,1868,1
18145.jpg,1867,1910,43
18160.jpg,1867,1890,23
18165.jpg,1867,1835,-32
18170.jpg,1867,1830,-37
18175.jpg,1867,1905,38
18180.jpg,1867,1929,62
18185.jpg,1867,1888,21
18190.jpg,1867,1874,7
18195.jpg,1867,1872,5
18200.jpg,1867,1924,57
18205.jpg,1867,1853,-14
18210.jpg,1867,1920,53
18215.jpg,1867,1912,45
18220.jpg,1867,1850,-17
18225.jpg,1867,1895,28
18230.jpg,1867,1930,63
18235.jpg,1867,1930,63
18240.jpg,1867,1830,-37
18245.jpg,1867,1858,-9
18250.jpg,1867,1890,23
18255.jpg,1867,1920,53
18260.jpg,1867,1810,-57
18265.jpg,1867,1888,21
18270.jpg,1867,1865,-2
18275.jpg,1867,1888,21
18280.jpg,1867,1895,28
18285.jpg,1867,1845,-22
18290.jpg,1867,1888,21
18295.jpg,1867,1830,-37
18300.jpg,1867,1897,30
18305.jpg,1867,1840,-27
18310.jpg,1867,1902,35
18315.jpg,1867,1855,-12
18320.jpg,1867,1830,-37
18325.jpg,1867,1830,-37
18330.jpg,1867,1888,21
18335.jpg,1867,1888,21
18340.jpg,1867,1888,21
18345.jpg,1867,1895,28
18350.jpg,1867,1838,-29
18355.jpg,1867,1868,1
18360.jpg,1867,1898,31
18365.jpg,1868,1838,-30
18370.jpg,1868,1830,-38
18380.jpg,1868,1893,25
18385.jpg,1868,1895,27
18390.jpg,1868,1905,37
18395.jpg,1868,1938,70
18400.jpg,1868,1867,-1
18405.jpg,1868,1888,20
18410.jpg,1868,1878,10
18415.jpg,1868,1860,-8
18420.jpg,1868,1869,1
18425.jpg,1868,1868,0
18430.jpg,1868,1998,130
18450.jpg,1868,1929,61
18455.jpg,1868,1815,-53
18460.jpg,1868,1850,-18
18465.jpg,1868,1890,22
18470.jpg,1868,1885,17
18475.jpg,1868,1928,60
18480.jpg,1868,1870,2
18485.jpg,1868,1880,12
18490.jpg,1868,1840,-28
18495.jpg,1868,1905,37
18500.jpg,1868,1888,20
18505.jpg,1868,1855,-13
18510.jpg,1868,1860,-8
18515.jpg,1868,1836,-32
18520.jpg,1868,1830,-38
18525.jpg,1868,1888,20
18530.jpg,1868,1825,-43
18535.jpg,1868,1855,-13
18540.jpg,1868,1855,-13
18545.jpg,1868,1880,12
18550.jpg,1868,1868,0
18555.jpg,1868,1875,7
18560.jpg,1868,1855,-13
18565.jpg,1868,1890,22
18570.jpg,1868,1890,22
18575.jpg,1868,1885,17
18580.jpg,1868,2011,143
18585.jpg,1868,1968,100
18590.jpg,1868,1905,37
18595.jpg,1868,1880,12
18600.jpg,1868,1895,27
18605.jpg,1868,1880,12
18610.jpg,1868,1840,-28
18615.jpg,1868,1886,18
18620.jpg,1869,1820,-49
18625.jpg,1869,1868,-1
18630.jpg,1869,1898,29
18635.jpg,1869,1895,26
18640.jpg,1869,1890,21
18645.jpg,1869,1885,16
18650.jpg,1869,1830,-39
18655.jpg,1869,1860,-9
18660.jpg,1869,1850,-19
18665.jpg,1869,1869,0
18670.jpg,1869,1912,43
18675.jpg,1869,1925,56
18680.jpg,1869,1885,16
18685.jpg,1869,1860,-9
18690.jpg,1869,1888,19
18695.jpg,1869,1868,-1
18700.jpg,1869,1885,16
18710.jpg,1869,1895,26
18715.jpg,1869,1905,36
18720.jpg,1869,1885,16
18725.jpg,1869,1905,36
18730.jpg,1869,1850,-19
18735.jpg,1869,1858,-11
18740.jpg,1869,1880,11
18745.jpg,1869,1895,26
18750.jpg,1869,1855,-14
18755.jpg,1869,1845,-24
18760.jpg,1869,1888,19
18765.jpg,1869,1830,-39
18770.jpg,1869,1845,-24
18775.jpg,1869,1888,19
18780.jpg,1869,1905,36
18785.jpg,1869,1895,26
18790.jpg,1869,1895,26
18795.jpg,1869,1810,-59
18800.jpg,1869,1840,-29
18805.jpg,1869,1845,-24
18810.jpg,1869,1892,23
18815.jpg,1869,1895,26
18820.jpg,1869,1912,43
18825.jpg,1869,1888,19
18830.jpg,1869,1900,31
18835.jpg,1869,1900,31
18840.jpg,1870,1850,-20
18845.jpg,1870,1889,19
18850.jpg,1870,1888,18
18855.jpg,1870,1910,40
18860.jpg,1870,1895,25
18865.jpg,1870,1910,40
18870.jpg,1870,1880,10
18875.jpg,1870,1938,68
18880.jpg,1870,1905,35
18885.jpg,1870,1810,-60
18895.jpg,1870,1870,0
18900.jpg,1870,1868,-2
18905.jpg,1870,1869,-1
18910.jpg,1870,1877,7
18915.jpg,1870,1890,20
18920.jpg,1870,1955,85
18925.jpg,1870,1857,-13
18930.jpg,1870,1900,30
18935.jpg,1870,1880,10
18940.jpg,1870,1888,18
18945.jpg,1870,1930,60
18950.jpg,1870,1910,40
18955.jpg,1870,1895,25
18960.jpg,1870,1885,15
18965.jpg,1870,1880,10
18970.jpg,1870,1848,-22
18980.jpg,1870,1890,20
18985.jpg,1870,1880,10
18990.jpg,1870,1925,55
18995.jpg,1870,1880,10
19000.jpg,1870,1880,10
19005.jpg,1870,1855,-15
19010.jpg,1870,1845,-25
19015.jpg,1870,1910,40
19020.jpg,1870,1880,10
19025.jpg,1870,1850,-20
19030.jpg,1870,1905,35
19035.jpg,1870,1868,-2
19040.jpg,1870,1790,-80
19045.jpg,1870,1820,-50
19050.jpg,1870,1870,0
19055.jpg,1870,1898,28
19060.jpg,1870,1888,18
19065.jpg,1870,1895,25
19070.jpg,1870,1888,18
19075.jpg,1870,1880,10
19080.jpg,1870,1880,10
19085.jpg,1870,1865,-5
19090.jpg,1870,2005,135
19100.jpg,1870,1928,58
19105.jpg,1870,1888,18
19110.jpg,1870,1938,68
19115.jpg,1870,1878,8
19120.jpg,1870,1890,20
19125.jpg,1870,1928,58
19130.jpg,1870,1888,18
19135.jpg,1870,1830,-40
19140.jpg,1870,1880,10
19145.jpg,1871,1820,-51
19150.jpg,1871,1905,34
19155.jpg,1871,1895,24
19160.jpg,1871,1870,-1
19165.jpg,1871,1905,34
19170.jpg,1871,1870,-1
19175.jpg,1871,1910,39
19180.jpg,1871,1912,41
19185.jpg,1871,1895,24
19190.jpg,1871,1888,17
19195.jpg,1871,1865,-6
19200.jpg,1871,1875,4
19205.jpg,1871,1970,99
19210.jpg,1871,1920,49
19215.jpg,1871,1935,64
19220.jpg,1871,1910,39
19225.jpg,1871,1870,-1
19230.jpg,1871,1918,47
19235.jpg,1871,1878,7
19240.jpg,1871,1878,7
19245.jpg,1871,1880,9
19250.jpg,1871,1885,14
19255.jpg,1871,1855,-16
19260.jpg,1871,1870,-1
19265.jpg,1871,1888,17
19270.jpg,1871,1860,-11
19275.jpg,1871,1888,17
19280.jpg,1871,1880,9
19285.jpg,1871,1888,17
19290.jpg,1871,1848,-23
19295.jpg,1871,1888,17
19300.jpg,1871,1880,9
19305.jpg,1871,1825,-46
19310.jpg,1871,1925,54
19315.jpg,1871,1888,17
19320.jpg,1871,1875,4
19325.jpg,1871,1895,24
19330.jpg,1871,1875,4
19335.jpg,1871,1888,17
19340.jpg,1871,1888,17
19345.jpg,1871,1880,9
19350.jpg,1871,1860,-11
19355.jpg,1871,1890,19
19360.jpg,1871,1895,24
19365.jpg,1871,1898,27
19370.jpg,1871,1877,6
19375.jpg,1871,1825,-46
19380.jpg,1871,1895,24
19385.jpg,1871,1870,-1
19390.jpg,1871,1892,21
19395.jpg,1872,1910,38
19400.jpg,1872,1890,18
19405.jpg,1872,1878,6
19410.jpg,1872,1910,38
19415.jpg,1872,1888,16
19420.jpg,1872,1878,6
19425.jpg,1872,1928,56
19430.jpg,1872,1905,33
19435.jpg,1872,1905,33
19440.jpg,1872,1888,16
19445.jpg,1872,1905,33
19450.jpg,1872,1888,16
19455.jpg,1872,1888,16
19460.jpg,1872,1905,33
19465.jpg,1872,1895,23
19470.jpg,1872,1860,-12
19475.jpg,1872,1891,19
19480.jpg,1872,1869,-3
19485.jpg,1872,1912,40
19490.jpg,1872,1881,9
19495.jpg,1872,1860,-12
19500.jpg,1872,1888,16
19505.jpg,1872,1887,15
19510.jpg,1872,1905,33
19515.jpg,1872,1872,0
19520.jpg,1872,1820,-52
19525.jpg,1872,1880,8
19530.jpg,1872,1885,13
19535.jpg,1872,1880,8
19540.jpg,1872,1920,48
19545.jpg,1872,1888,16
19550.jpg,1872,1888,16
19555.jpg,1872,1880,8
19560.jpg,1872,1860,-12
19565.jpg,1872,1830,-42
19570.jpg,1872,1888,16
19575.jpg,1872,1880,8
19580.jpg,1872,1880,8
19585.jpg,1872,1820,-52
19590.jpg,1872,1830,-42
19595.jpg,1872,1915,43
19600.jpg,1872,1855,-17
19605.jpg,1872,1865,-7
19610.jpg,1872,1890,18
19615.jpg,1872,1890,18
19620.jpg,1872,1888,16
19625.jpg,1872,1860,-12
19630.jpg,1872,1840,-32
19635.jpg,1872,1895,23
19640.jpg,1872,1898,26
19645.jpg,1872,1888,16
19655.jpg,1873,1820,-53
19660.jpg,1873,1879,6
19665.jpg,1873,1938,65
19670.jpg,1873,1888,15
19675.jpg,1873,1888,15
19680.jpg,1873,1845,-28
19685.jpg,1873,1870,-3
19690.jpg,1873,1936,63
19695.jpg,1873,1905,32
19700.jpg,1873,1840,-33
19705.jpg,1873,1912,39
19710.jpg,1873,1910,37
19715.jpg,1873,1888,15
19720.jpg,1873,1900,27
19725.jpg,1873,1867,-6
19730.jpg,1873,1870,-3
19735.jpg,1873,1880,7
19740.jpg,1873,2005,132
19745.jpg,1873,1920,47
19750.jpg,1873,1869,-4
19755.jpg,1873,1930,57
19760.jpg,1873,1880,7
19765.jpg,1873,1860,-13
19775.jpg,1873,1900,27
19780.jpg,1873,1860,-13
19785.jpg,1873,1855,-18
19790.jpg,1873,1910,37
19795.jpg,1873,1890,17
19800.jpg,1873,1860,-13
19805.jpg,1873,1835,-38
19810.jpg,1873,1892,19
19815.jpg,1873,1885,12
19820.jpg,1873,1888,15
19825.jpg,1873,1885,12
19830.jpg,1873,1885,12
19835.jpg,1873,1855,-18
19840.jpg,1873,1910,37
19845.jpg,1873,1930,57
19850.jpg,1873,1870,-3
19855.jpg,1873,1888,15
19860.jpg,1873,1880,7
19865.jpg,1873,1878,5
19870.jpg,1873,1888,15
19875.jpg,1873,1936,63
19880.jpg,1873,1895,22
19885.jpg,1873,1890,17
19890.jpg,1873,1848,-25
19895.jpg,1873,1910,37
19900.jpg,1873,1888,15
19905.jpg,1873,1755,-118
19910.jpg,1873,1995,122
19915.jpg,1874,1878,4
19920.jpg,1874,1888,14
19925.jpg,1874,1888,14
19930.jpg,1874,1910,36
19935.jpg,1874,1898,24
19945.jpg,1874,1880,6
19950.jpg,1874,1890,16
19955.jpg,1874,1910,36
19965.jpg,1874,1892,18
19970.jpg,1874,1869,-5
19975.jpg,1874,1885,11
19980.jpg,1874,1892,18
19985.jpg,1874,1865,-9
19990.jpg,1874,1937,63
19995.jpg,1874,1888,14
20000.jpg,1874,1930,56
20005.jpg,1874,1938,64
20010.jpg,1874,1870,-4
20015.jpg,1874,1825,-49
20020.jpg,1874,1890,16
20025.jpg,1874,1888,14
20030.jpg,1874,1858,-16
20035.jpg,1874,1937,63
20040.jpg,1874,1889,15
20045.jpg,1874,1880,6
20050.jpg,1874,1860,-14
20055.jpg,1874,1888,14
20060.jpg,1874,1888,14
20065.jpg,1874,1875,1
20070.jpg,1874,1886,12
20075.jpg,1874,1880,6
20080.jpg,1874,1870,-4
20085.jpg,1874,1870,-4
20090.jpg,1874,1830,-44
20095.jpg,1874,1830,-44
20100.jpg,1874,1880,6
20110.jpg,1874,1885,11
20115.jpg,1874,1888,14
20120.jpg,1874,1888,14
20125.jpg,1874,1905,31
20130.jpg,1874,1745,-129
20135.jpg,1874,1888,14
20145.jpg,1874,1855,-19
20150.jpg,1874,1905,31
20155.jpg,1874,1880,6
20160.jpg,1874,1905,31
20165.jpg,1874,1880,6
20170.jpg,1874,1890,16
20175.jpg,1874,1896,22
20180.jpg,1874,1780,-94
20185.jpg,1874,1888,14
20190.jpg,1874,1740,-134
20195.jpg,1874,1867,-7
20205.jpg,1874,1840,-34
20210.jpg,1875,1891,16
20215.jpg,1875,1928,53
20220.jpg,1875,1830,-45
20230.jpg,1875,1895,20
20235.jpg,1875,1852,-23
20240.jpg,1875,1880,5
20245.jpg,1875,1840,-35
20250.jpg,1875,1880,5
20255.jpg,1875,1903,28
20260.jpg,1875,1910,35
20265.jpg,1875,1870,-5
20270.jpg,1875,1917,42
20275.jpg,1875,1874,-1
20280.jpg,1875,1904,29
20285.jpg,1875,1878,3
20295.jpg,1875,1857,-18
20300.jpg,1875,1856,-19
20305.jpg,1875,1858,-17
20310.jpg,1875,1858,-17
20315.jpg,1875,1905,30
20320.jpg,1875,1850,-25
20325.jpg,1875,1880,5
20330.jpg,1875,1885,10
20335.jpg,1875,1885,10
20340.jpg,1875,1880,5
20345.jpg,1875,1860,-15
20350.jpg,1875,1905,30
20355.jpg,1875,1910,35
20360.jpg,1875,1885,10
20365.jpg,1875,1890,15
20370.jpg,1875,1855,-20
20375.jpg,1875,1880,5
20380.jpg,1875,1880,5
20385.jpg,1875,1840,-35
20390.jpg,1875,1855,-20
20395.jpg,1875,1860,-15
20400.jpg,1875,1895,20
20405.jpg,1875,1850,-25
20410.jpg,1875,1925,50
20415.jpg,1875,1870,-5
20420.jpg,1875,1880,5
20425.jpg,1875,1880,5
20430.jpg,1875,1840,-35
20435.jpg,1875,1386,-489
20440.jpg,1875,1840,-35
20445.jpg,1875,1845,-30
20450.jpg,1875,1880,5
20455.jpg,1875,1840,-35
20460.jpg,1875,1905,30
20465.jpg,1875,1890,15
20470.jpg,1875,1830,-45
20480.jpg,1875,1905,30
20485.jpg,1875,1905,30
20490.jpg,1875,1830,-45
20495.jpg,1875,1888,13
20500.jpg,1876,1830,-46
20505.jpg,1876,1918,42
20510.jpg,1876,1915,39
20515.jpg,1876,1850,-26
20520.jpg,1876,1910,34
20525.jpg,1876,1565,-311
20530.jpg,1876,1890,14
20540.jpg,1876,1960,84
20545.jpg,1876,1888,12
20550.jpg,1876,1872,-4
20555.jpg,1876,1874,-2
20560.jpg,1876,1760,-116
20565.jpg,1876,1896,20
20570.jpg,1876,1903,27
20575.jpg,1876,1885,9
20580.jpg,1876,1898,22
20585.jpg,1876,1880,4
20590.jpg,1876,1935,59
20595.jpg,1876,1895,19
20600.jpg,1876,1888,12
20605.jpg,1876,1855,-21
20610.jpg,1876,1880,4
20615.jpg,1876,1888,12
20620.jpg,1876,1880,4
20625.jpg,1876,1895,19
20630.jpg,1876,1910,34
20635.jpg,1876,1880,4
20640.jpg,1876,1938,62
20645.jpg,1876,1885,9
20650.jpg,1876,1880,4
20655.jpg,1876,1888,12
20660.jpg,1876,1875,-1
20665.jpg,1876,1875,-1
20670.jpg,1876,1888,12
20675.jpg,1876,1880,4
20680.jpg,1876,1890,14
20685.jpg,1876,1885,9
20690.jpg,1876,1888,12
20695.jpg,1876,1848,-28
20700.jpg,1876,1892,16
20705.jpg,1876,1898,22
20715.jpg,1876,1905,29
20720.jpg,1876,1888,12
20725.jpg,1876,1892,16
20730.jpg,1877,1888,11
20735.jpg,1877,1888,11
20740.jpg,1877,1905,28
20745.jpg,1877,1845,-32
20750.jpg,1877,1890,13
20755.jpg,1877,1889,12
20760.jpg,1877,1930,53
20765.jpg,1877,1840,-37
20770.jpg,1877,1910,33
20775.jpg,1877,1877,0
20780.jpg,1877,1849,-28
20785.jpg,1877,1905,28
20790.jpg,1877,1860,-17
20795.jpg,1877,1926,49
20800.jpg,1877,1902,25
20805.jpg,1877,1890,13
20810.jpg,1877,1880,3
20815.jpg,1877,1910,33
20820.jpg,1877,1895,18
20830.jpg,1877,1868,-9
20835.jpg,1877,1880,3
20840.jpg,1877,1888,11
20845.jpg,1877,1845,-32
20850.jpg,1877,1888,11
20855.jpg,1877,1880,3
20860.jpg,1877,1905,28
20865.jpg,1877,1860,-17
20870.jpg,1877,1895,18
20875.jpg,1877,1888,11
20880.jpg,1877,1880,3
20885.jpg,1877,1888,11
20890.jpg,1877,1864,-13
20895.jpg,1877,1845,-32
20900.jpg,1877,1890,13
20905.jpg,1877,1890,13
20910.jpg,1877,1888,11
20915.jpg,1877,1902,25
20925.jpg,1878,1895,17
20930.jpg,1878,1878,0
20935.jpg,1878,1898,20
20940.jpg,1878,1910,32
20945.jpg,1878,1905,27
20950.jpg,1878,1895,17
20955.jpg,1878,1895,17
20960.jpg,1878,1930,52
20965.jpg,1878,1968,90
20970.jpg,1878,1870,-8
20975.jpg,1878,1910,32
20980.jpg,1878,1905,27
20985.jpg,1878,1890,12
20990.jpg,1878,1858,-20
20995.jpg,1878,1888,10
21000.jpg,1878,1885,7
21005.jpg,1878,1885,7
21010.jpg,1878,1865,-13
21015.jpg,1878,1905,27
21020.jpg,1878,1820,-58
21025.jpg,1878,1888,10
21030.jpg,1878,1890,12
21035.jpg,1878,1820,-58
21040.jpg,1878,1880,2
21045.jpg,1878,1870,-8
21050.jpg,1878,1880,2
21055.jpg,1878,1830,-48
21060.jpg,1878,1845,-33
21065.jpg,1878,1895,17
21070.jpg,1878,1905,27
21075.jpg,1878,1880,2
21080.jpg,1878,1885,7
21085.jpg,1878,1895,17
21090.jpg,1878,1905,27
21095.jpg,1878,1888,10
21100.jpg,1878,1895,17
21105.jpg,1878,1895,17
21110.jpg,1878,1888,10
21115.jpg,1878,1885,7
21120.jpg,1878,1917,39
21125.jpg,1878,2018,140
21130.jpg,1878,1888,10
21135.jpg,1878,1895,17
21140.jpg,1878,1888,10
21145.jpg,1878,1905,27
21150.jpg,1878,1734,-144
21155.jpg,1878,1915,37
21160.jpg,1879,1968,89
21165.jpg,1879,1895,16
21170.jpg,1879,1866,-13
21175.jpg,1879,1905,26
21180.jpg,1879,1905,26
21185.jpg,1879,1890,11
21190.jpg,1879,1898,19
21195.jpg,1879,1897,18
21200.jpg,1879,1888,9
21205.jpg,1879,1928,49
21210.jpg,1879,1895,16
21215.jpg,1879,1865,-14
21220.jpg,1879,1822,-57
21225.jpg,1879,1935,56
21230.jpg,1879,1900,21
21235.jpg,1879,1856,-23
21240.jpg,1879,1888,9
21245.jpg,1879,1860,-19
21250.jpg,1879,1888,9
21255.jpg,1879,1888,9
21260.jpg,1879,1880,1
21265.jpg,1879,1895,16
21270.jpg,1879,1855,-24
21275.jpg,1879,1845,-34
21280.jpg,1879,1885,6
21285.jpg,1879,1890,11
21290.jpg,1879,1880,1
21295.jpg,1879,1855,-24
21300.jpg,1879,1885,6
21305.jpg,1879,1860,-19
21310.jpg,1879,1888,9
21315.jpg,1879,1888,9
21320.jpg,1879,1850,-29
21325.jpg,1879,1888,9
21330.jpg,1879,1888,9
21335.jpg,1879,1888,9
21340.jpg,1879,1895,16
21350.jpg,1879,1898,19
21355.jpg,1879,1928,49
21360.jpg,1879,1910,31
21365.jpg,1879,1910,31
21370.jpg,1879,1888,9
21375.jpg,1880,1825,-55
21380.jpg,1880,1905,25
21385.jpg,1880,1905,25
21390.jpg,1880,1834,-46
21395.jpg,1880,1870,-10
21400.jpg,1880,1905,25
21405.jpg,1880,1880,0
21410.jpg,1880,1880,0
21415.jpg,1880,1905,25
21420.jpg,1880,1888,8
21425.jpg,1880,1895,15
21430.jpg,1880,1835,-45
21435.jpg,1880,1895,15
21440.jpg,1880,1892,12
21445.jpg,1880,1895,15
21450.jpg,1880,1910,30
21455.jpg,1880,1869,-11
21460.jpg,1880,1888,8
21465.jpg,1880,1860,-20
21470.jpg,1880,1867,-13
21475.jpg,1880,1876,-4
21480.jpg,1880,1924,44
21485.jpg,1880,1912,32
21490.jpg,1880,1910,30
21495.jpg,1880,1938,58
21500.jpg,1880,1855,-25
21505.jpg,1880,1880,0
21510.jpg,1880,1888,8
21515.jpg,1880,1868,-12
21520.jpg,1880,1830,-50
21530.jpg,1880,1880,0
21535.jpg,1880,1895,15
21540.jpg,1880,1880,0
21545.jpg,1880,1895,15
21550.jpg,1880,1885,5
21555.jpg,1880,1870,-10
21560.jpg,1880,1840,-40
21565.jpg,1880,1855,-25
21570.jpg,1880,1910,30
21575.jpg,1880,1900,20
21580.jpg,1880,1880,0
21585.jpg,1880,1880,0
21590.jpg,1880,1880,0
21595.jpg,1880,1888,8
21600.jpg,1880,1900,20
21605.jpg,1880,1895,15
21610.jpg,1880,1888,8
21615.jpg,1880,1895,15
21620.jpg,1880,1888,8
21625.jpg,1880,1888,8
21630.jpg,1880,1895,15
21635.jpg,1880,1890,10
21640.jpg,1880,1885,5
21645.jpg,1880,1910,30
21650.jpg,1880,1920,40
21655.jpg,1880,1890,10
21660.jpg,1880,1878,-2
21665.jpg,1880,1900,20
21670.jpg,1880,1890,10
21675.jpg,1880,1905,25
21680.jpg,1880,1890,10
21685.jpg,1880,1880,0
21690.jpg,1880,1895,15
21695.jpg,1880,1890,10
21700.jpg,1880,1895,15
21705.jpg,1880,1830,-50
21710.jpg,1881,1902,21
21715.jpg,1881,1890,9
21720.jpg,1881,1928,47
21725.jpg,1881,1888,7
21730.jpg,1881,1900,19
21735.jpg,1881,1902,21
21740.jpg,1881,1888,7
21745.jpg,1881,1880,-1
21750.jpg,1881,1888,7
21755.jpg,1881,1938,57
21760.jpg,1881,1868,-13
21770.jpg,1881,1856,-25
21775.jpg,1881,1872,-9
21780.jpg,1881,1895,14
21785.jpg,1881,1888,7
21790.jpg,1881,1855,-26
21795.jpg,1881,1895,14
21800.jpg,1881,1895,14
21805.jpg,1881,1568,-313
21810.jpg,1881,1880,-1
21815.jpg,1881,1888,7
21820.jpg,1881,1905,24
21825.jpg,1881,1885,4
21830.jpg,1881,1855,-26
21835.jpg,1881,1885,4
21840.jpg,1881,1860,-21
21845.jpg,1881,1925,44
21850.jpg,1881,1880,-1
21855.jpg,1881,1888,7
21860.jpg,1881,1840,-41
21865.jpg,1881,1895,14
21870.jpg,1881,1845,-36
21875.jpg,1881,1895,14
21880.jpg,1881,1855,-26
21885.jpg,1881,1887,6
21890.jpg,1881,1905,24
21895.jpg,1881,1898,17
21900.jpg,1881,1888,7
21905.jpg,1881,1930,49
21910.jpg,1881,1898,17
21915.jpg,1881,1895,14
21920.jpg,1881,1892,11
21925.jpg,1881,1910,29
21930.jpg,1881,1830,-51
21940.jpg,1881,1880,-1
21945.jpg,1882,1835,-47
21950.jpg,1882,1925,43
21955.jpg,1882,1905,23
21960.jpg,1882,1760,-122
21965.jpg,1882,1910,28
21970.jpg,1882,1910,28
21975.jpg,1882,1888,6
21980.jpg,1882,1905,23
21985.jpg,1882,1880,-2
21990.jpg,1882,1890,8
21995.jpg,1882,1880,-2
22000.jpg,1882,1895,13
22005.jpg,1882,1870,-12
22010.jpg,1882,1870,-12
22015.jpg,1882,1910,28
22020.jpg,1882,1890,8
22025.jpg,1882,1888,6
22030.jpg,1882,1890,8
22035.jpg,1882,1880,-2
22040.jpg,1882,1888,6
22045.jpg,1882,1895,13
22050.jpg,1882,1928,46
22055.jpg,1882,1875,-7
22060.jpg,1882,1855,-27
22065.jpg,1882,1845,-37
22070.jpg,1882,1880,-2
22075.jpg,1882,1895,13
22080.jpg,1882,1888,6
22085.jpg,1882,1895,13
22090.jpg,1882,1888,6
22095.jpg,1882,1815,-67
22100.jpg,1882,1905,23
22105.jpg,1882,1885,3
22110.jpg,1882,1888,6
22115.jpg,1882,1895,13
22120.jpg,1882,1880,-2
22125.jpg,1882,1880,-2
22130.jpg,1882,1895,13
22135.jpg,1882,1855,-27
22140.jpg,1882,1880,-2
22145.jpg,1882,1968,86
22150.jpg,1882,1880,-2
22155.jpg,1882,2008,126
22160.jpg,1882,1895,13
22165.jpg,1882,1905,23
22170.jpg,1882,1880,-2
22175.jpg,1882,1883,1
22180.jpg,1882,2005,123
22185.jpg,1882,1850,-32
22190.jpg,1882,1938,56
22195.jpg,1882,1904,22
22200.jpg,1882,1893,11
22205.jpg,1882,1880,-2
22210.jpg,1882,1888,6
22215.jpg,1883,1820,-63
22220.jpg,1883,1883,0
22225.jpg,1883,1910,27
22230.jpg,1883,1892,9
22235.jpg,1883,1888,5
22240.jpg,1883,1880,-3
22245.jpg,1883,1890,7
22250.jpg,1883,1888,5
22255.jpg,1883,1845,-38
22260.jpg,1883,1892,9
22265.jpg,1883,1895,12
22270.jpg,1883,1928,45
22275.jpg,1883,1905,22
22280.jpg,1883,1882,-1
22285.jpg,1883,1907,24
22290.jpg,1883,1810,-73
22295.jpg,1883,1868,-15
22300.jpg,1883,1936,53
22305.jpg,1883,1905,22
22310.jpg,1883,1858,-25
22315.jpg,1883,1905,22
22320.jpg,1883,1880,-3
22325.jpg,1883,1890,7
22330.jpg,1883,1888,5
22335.jpg,1883,1895,12
22340.jpg,1883,1880,-3
22345.jpg,1883,1888,5
22350.jpg,1883,1888,5
22355.jpg,1883,1895,12
22360.jpg,1883,1890,7
22365.jpg,1883,1895,12
22370.jpg,1883,1895,12
22375.jpg,1883,1880,-3
22380.jpg,1883,1895,12
22385.jpg,1883,1910,27
22390.jpg,1883,1908,25
22395.jpg,1883,1905,22
22400.jpg,1883,1870,-13
22405.jpg,1883,1888,5
22410.jpg,1883,1895,12
22415.jpg,1883,1910,27
22420.jpg,1883,1850,-33
22425.jpg,1883,1885,2
22430.jpg,1883,1888,5
22435.jpg,1883,1888,5
22440.jpg,1883,1885,2
22445.jpg,1883,1890,7
22450.jpg,1883,1885,2
22455.jpg,1883,1905,22
22460.jpg,1883,1921,38
22465.jpg,1883,1888,5
22470.jpg,1883,1890,7
22475.jpg,1883,1905,22
22485.jpg,1883,1890,7
22490.jpg,1883,1890,7
22495.jpg,1883,1892,9
22500.jpg,1883,1880,-3
22505.jpg,1883,1880,-3
22510.jpg,1884,1892,8
22515.jpg,1884,1907,23
22520.jpg,1884,1905,21
22525.jpg,1884,1912,28
22530.jpg,1884,1880,-4
22535.jpg,1884,1895,11
22540.jpg,1884,1895,11
22545.jpg,1884,1895,11
22550.jpg,1884,1890,6
22555.jpg,1884,1888,4
22560.jpg,1884,1868,-16
22565.jpg,1884,1857,-27
22570.jpg,1884,2000,116
22575.jpg,1884,1888,4
22580.jpg,1884,1820,-64
22585.jpg,1884,1888,4
22590.jpg,1884,1895,11
22595.jpg,1884,1905,21
22600.jpg,1884,1888,4
22605.jpg,1884,1888,4
22610.jpg,1884,1895,11
22615.jpg,1884,1895,11
22620.jpg,1884,1895,11
22625.jpg,1884,1865,-19
22630.jpg,1884,1865,-19
22635.jpg,1884,1895,11
22640.jpg,1884,1868,-16
22645.jpg,1884,1888,4
22650.jpg,1884,1880,-4
22655.jpg,1884,1890,6
22665.jpg,1884,1915,31
22670.jpg,1884,1830,-54
22675.jpg,1884,1888,4
22680.jpg,1884,1995,111
22685.jpg,1884,1880,-4
22690.jpg,1884,1892,8
22695.jpg,1884,1902,18
22700.jpg,1884,1905,21
22705.jpg,1884,1895,11
22710.jpg,1884,1995,111
22715.jpg,1884,1886,2
22720.jpg,1884,1897,13
22730.jpg,1884,1915,31
22735.jpg,1884,1860,-24
22740.jpg,1884,2008,124
22745.jpg,1884,1895,11
22750.jpg,1884,1888,4
22755.jpg,1884,1897,13
22760.jpg,1884,1905,21
22765.jpg,1884,1952,68
22770.jpg,1884,1895,11
22775.jpg,1884,1890,6
22780.jpg,1885,1893,8
22785.jpg,1885,1958,73
22790.jpg,1885,1895,10
22795.jpg,1885,1880,-5
22800.jpg,1885,1845,-40
22805.jpg,1885,1895,10
22810.jpg,1885,1895,10
22815.jpg,1885,1905,20
22820.jpg,1885,1895,10
22825.jpg,1885,1937,52
22830.jpg,1885,1810,-75
22835.jpg,1885,1937,52
22840.jpg,1885,1874,-11
22850.jpg,1885,1955,70
22855.jpg,1885,1958,73
22860.jpg,1885,1880,-5
22865.jpg,1885,1895,10
22870.jpg,1885,1895,10
22875.jpg,1885,1888,3
22880.jpg,1885,1895,10
22885.jpg,1885,1895,10
22890.jpg,1885,1928,43
22895.jpg,1885,1905,20
22900.jpg,1885,1880,-5
22905.jpg,1885,1905,20
22910.jpg,1885,1892,7
22915.jpg,1885,1905,20
22920.jpg,1885,1922,37
22925.jpg,1885,1875,-10
22930.jpg,1885,1928,43
22935.jpg,1885,1888,3
22940.jpg,1885,1910,25
22945.jpg,1885,1890,5
22950.jpg,1885,1895,10
22955.jpg,1885,1895,10
22960.jpg,1885,1920,35
22965.jpg,1885,1895,10
22970.jpg,1885,1895,10
22975.jpg,1885,1888,3
22980.jpg,1885,1890,5
22985.jpg,1885,1830,-55
22990.jpg,1885,1895,10
22995.jpg,1885,1895,10
23000.jpg,1885,1810,-75
23005.jpg,1885,1888,3
23015.jpg,1885,1840,-45
23020.jpg,1885,1912,27
23025.jpg,1885,1910,25
23030.jpg,1885,1912,27
23035.jpg,1885,1910,25
23040.jpg,1885,1886,1
23045.jpg,1885,1836,-49
23050.jpg,1885,1958,73
23055.jpg,1885,1905,20
23060.jpg,1885,1892,7
23065.jpg,1885,1880,-5
23070.jpg,1885,1902,17
23075.jpg,1885,1927,42
23080.jpg,1885,1905,20
23085.jpg,1886,1910,24
23090.jpg,1886,1888,2
23095.jpg,1886,1895,9
23100.jpg,1886,1892,6
23105.jpg,1886,1895,9
23110.jpg,1886,1860,-26
23115.jpg,1886,1855,-31
23120.jpg,1886,1830,-56
23125.jpg,1886,1928,42
23130.jpg,1886,1927,41
23135.jpg,1886,1958,72
23140.jpg,1886,1970,84
23145.jpg,1886,1887,1
23150.jpg,1886,1910,24
23155.jpg,1886,1888,2
23160.jpg,1886,1905,19
23165.jpg,1886,1888,2
23170.jpg,1886,1888,2
23175.jpg,1886,1910,24
23180.jpg,1886,1895,9
23185.jpg,1886,1910,24
23190.jpg,1886,1886,0
23195.jpg,1886,1890,4
23200.jpg,1886,1888,2
23205.jpg,1886,1895,9
23210.jpg,1886,1915,29
23215.jpg,1886,1885,-1
23220.jpg,1886,1895,9
23225.jpg,1886,1898,12
23230.jpg,1886,1888,2
23235.jpg,1886,1895,9
23240.jpg,1886,1895,9
23245.jpg,1886,1890,4
23250.jpg,1886,1938,52
23255.jpg,1886,1850,-36
23260.jpg,1886,1895,9
23265.jpg,1886,1905,19
23275.jpg,1886,1870,-16
23280.jpg,1886,1905,19
23285.jpg,1886,1895,9
23290.jpg,1886,1925,39
23295.jpg,1886,1895,9
23300.jpg,1886,1895,9
23305.jpg,1886,1845,-41
23310.jpg,1886,1895,9
23315.jpg,1886,1895,9
23320.jpg,1886,1927,41
23325.jpg,1886,1888,2
23330.jpg,1886,1888,2
23335.jpg,1886,1880,-6
23340.jpg,1886,1928,42
23345.jpg,1886,1892,6
23350.jpg,1886,1898,12
23355.jpg,1886,1895,9
23365.jpg,1886,1964,78
23370.jpg,1886,1892,6
23375.jpg,1887,1935,48
23380.jpg,1887,1937,50
23385.jpg,1887,1920,33
23390.jpg,1887,1928,41
23395.jpg,1887,1895,8
23400.jpg,1887,1905,18
23410.jpg,1887,1895,8
23415.jpg,1887,1895,8
23420.jpg,1887,1890,3
23425.jpg,1887,1905,18
23430.jpg,1887,1905,18
23440.jpg,1887,1874,-13
23445.jpg,1887,1898,11
23450.jpg,1887,1936,49
23460.jpg,1887,1886,-1
23465.jpg,1887,1840,-47
23470.jpg,1887,1905,18
23475.jpg,1887,1840,-47
23480.jpg,1887,1888,1
23485.jpg,1887,1888,1
23490.jpg,1887,1840,-47
23495.jpg,1887,1895,8
23500.jpg,1887,1905,18
23505.jpg,1887,1888,1
23510.jpg,1887,1888,1
23515.jpg,1887,1905,18
23520.jpg,1887,1895,8
23525.jpg,1887,1895,8
23535.jpg,1887,1895,8
23540.jpg,1887,1888,1
23545.jpg,1887,1895,8
23550.jpg,1887,1880,-7
23555.jpg,1887,1880,-7
23560.jpg,1887,1905,18
23565.jpg,1887,1895,8
23570.jpg,1887,1928,41
23575.jpg,1887,1888,1
23580.jpg,1887,1895,8
23585.jpg,1887,1895,8
23590.jpg,1887,1965,78
23595.jpg,1887,1888,1
23600.jpg,1887,1905,18
23605.jpg,1887,1895,8
23610.jpg,1887,1897,10
23615.jpg,1887,1888,1
23620.jpg,1887,1900,13
23625.jpg,1887,1892,5
23630.jpg,1887,1905,18
23635.jpg,1887,1892,5
23640.jpg,1887,1910,23
23645.jpg,1887,1888,1
23650.jpg,1887,1895,8
23660.jpg,1887,1895,8
23665.jpg,1887,1888,1
23670.jpg,1887,1880,-7
23675.jpg,1887,1893,6
23680.jpg,1887,1928,41
23690.jpg,1887,1895,8
23695.jpg,1887,1892,5
23700.jpg,1888,1765,-123
23705.jpg,1888,1905,17
23710.jpg,1888,1902,14
23715.jpg,1888,1915,27
23720.jpg,1888,1964,76
23725.jpg,1888,1892,4
23730.jpg,1888,1895,7
23735.jpg,1888,1910,22
23740.jpg,1888,1890,2
23745.jpg,1888,1892,4
23750.jpg,1888,1907,19
23755.jpg,1888,1882,-6
23760.jpg,1888,1870,-18
23765.jpg,1888,1920,32
23770.jpg,1888,2010,122
23775.jpg,1888,1935,47
23790.jpg,1888,1895,7
23795.jpg,1888,1885,-3
23800.jpg,1888,1898,10
23805.jpg,1888,1895,7
23810.jpg,1888,1830,-58
23815.jpg,1888,1888,0
23820.jpg,1888,1865,-23
23825.jpg,1888,1930,42
23830.jpg,1888,1893,5
23835.jpg,1888,1888,0
23840.jpg,1888,1895,7
23850.jpg,1888,1895,7
23855.jpg,1888,1905,17
23860.jpg,1888,1895,7
23865.jpg,1888,1845,-43
23870.jpg,1888,1855,-33
23875.jpg,1888,1905,17
23880.jpg,1888,1905,17
23885.jpg,1888,1905,17
23890.jpg,1888,1888,0
23895.jpg,1888,1890,2
23900.jpg,1888,1890,2
23905.jpg,1888,1855,-33
23910.jpg,1888,1905,17
23915.jpg,1888,1910,22
23920.jpg,1888,1895,7
23925.jpg,1888,1895,7
23930.jpg,1888,1910,22
23935.jpg,1888,1830,-58
23940.jpg,1888,1872,-16
23945.jpg,1888,1888,0
23950.jpg,1888,1905,17
23955.jpg,1888,1888,0
23960.jpg,1888,1895,7
23965.jpg,1888,1890,2
23970.jpg,1888,1880,-8
23975.jpg,1888,1888,0
23980.jpg,1888,1895,7
23985.jpg,1888,1912,24
23990.jpg,1888,1898,10
23995.jpg,1888,1929,41
24000.jpg,1888,1895,7
24005.jpg,1888,1895,7
24010.jpg,1888,1868,-20
24015.jpg,1888,1935,47
24020.jpg,1888,1928,40
24025.jpg,1888,1905,17
24030.jpg,1888,1895,7
24035.jpg,1888,1880,-8
24040.jpg,1888,1937,49
24050.jpg,1889,1900,11
24055.jpg,1889,1855,-34
24060.jpg,1889,1898,9
24065.jpg,1889,1905,16
24070.jpg,1889,1905,16
24075.jpg,1889,1910,21
24080.jpg,1889,1892,3
24085.jpg,1889,1900,11
24090.jpg,1889,1902,13
24095.jpg,1889,1895,6
24105.jpg,1889,1905,16
24110.jpg,1889,1893,4
24115.jpg,1889,1905,16
24120.jpg,1889,1868,-21
24125.jpg,1889,1893,4
24130.jpg,1889,1888,-1
24135.jpg,1889,1888,-1
24140.jpg,1889,1905,16
24145.jpg,1889,1910,21
24150.jpg,1889,1888,-1
24155.jpg,1889,1927,38
24160.jpg,1889,1895,6
24165.jpg,1889,1895,6
24170.jpg,1889,1888,-1
24175.jpg,1889,1910,21
24180.jpg,1889,1895,6
24185.jpg,1889,1895,6
24190.jpg,1889,1895,6
24195.jpg,1889,1888,-1
24200.jpg,1889,1910,21
24205.jpg,1889,1890,1
24210.jpg,1889,1888,-1
24215.jpg,1889,1880,-9
24220.jpg,1889,1895,6
24225.jpg,1889,1875,-14
24230.jpg,1889,1895,6
24235.jpg,1889,1895,6
24240.jpg,1889,1888,-1
24245.jpg,1889,1905,16
24250.jpg,1889,1888,-1
24255.jpg,1889,1886,-3
24260.jpg,1889,1910,21
24265.jpg,1889,1895,6
24270.jpg,1889,1895,6
24275.jpg,1889,1888,-1
24280.jpg,1889,1905,16
24285.jpg,1889,1890,1
24290.jpg,1889,1892,3
24295.jpg,1889,1910,21
24300.jpg,1889,1895,6
24310.jpg,1889,1895,6
24315.jpg,1889,1895,6
24320.jpg,1889,1880,-9
24330.jpg,1889,1830,-59
24335.jpg,1889,1910,21
24340.jpg,1889,1955,66
24345.jpg,1889,1905,16
24350.jpg,1889,1902,13
24355.jpg,1889,1893,4
24360.jpg,1889,1905,16
24365.jpg,1889,1902,13
24370.jpg,1889,1889,0
24375.jpg,1889,1925,36
24380.jpg,1889,1912,23
24385.jpg,1889,1890,1
24390.jpg,1889,1888,-1
24395.jpg,1890,1810,-80
24400.jpg,1890,1890,0
24405.jpg,1890,1910,20
24410.jpg,1890,1897,7
24415.jpg,1890,1895,5
24420.jpg,1890,1855,-35
24425.jpg,1890,1905,15
24430.jpg,1890,1895,5
24435.jpg,1890,1888,-2
24440.jpg,1890,1907,17
24445.jpg,1890,1943,53
24450.jpg,1890,1895,5
24455.jpg,1890,1890,0
24460.jpg,1890,1888,-2
24465.jpg,1890,1905,15
24470.jpg,1890,1910,20
24475.jpg,1890,1888,-2
24480.jpg,1890,1910,20
24485.jpg,1890,1910,20
24490.jpg,1890,1889,-1
24495.jpg,1890,1858,-32
24500.jpg,1890,1935,45
24505.jpg,1890,1898,8
24510.jpg,1890,1903,13
24515.jpg,1890,1898,8
24520.jpg,1890,1888,-2
24525.jpg,1890,1895,5
24535.jpg,1890,1895,5
24540.jpg,1890,1895,5
24545.jpg,1890,1910,20
24550.jpg,1890,1888,-2
24555.jpg,1890,1895,5
24560.jpg,1890,1888,-2
24565.jpg,1890,1895,5
24570.jpg,1890,1890,0
24575.jpg,1890,1895,5
24580.jpg,1890,1915,25
24585.jpg,1890,1892,2
24590.jpg,1890,1895,5
24595.jpg,1890,1890,0
24600.jpg,1890,1880,-10
24605.jpg,1890,1895,5
24610.jpg,1890,1890,0
24615.jpg,1890,1895,5
24620.jpg,1890,1960,70
24625.jpg,1890,1895,5
24630.jpg,1890,1895,5
24635.jpg,1890,1905,15
24640.jpg,1890,1880,-10
24645.jpg,1890,1890,0
24650.jpg,1890,1890,0
24655.jpg,1890,1880,-10
24660.jpg,1890,1895,5
24665.jpg,1890,1895,5
24670.jpg,1890,1910,20
24675.jpg,1890,1895,5
24680.jpg,1890,1905,15
24685.jpg,1890,1895,5
24690.jpg,1890,1928,38
24695.jpg,1890,1905,15
24700.jpg,1890,1850,-40
24705.jpg,1890,2015,125
24710.jpg,1890,1910,20
24715.jpg,1890,1895,5
24720.jpg,1890,1895,5
24725.jpg,1890,1855,-35
24730.jpg,1890,1890,0
24735.jpg,1890,1920,30
24740.jpg,1890,1912,22
24745.jpg,1890,1898,8
24750.jpg,1890,1975,85
24755.jpg,1890,1905,15
24760.jpg,1890,1895,5
24765.jpg,1890,1905,15
24770.jpg,1890,1892,2
24775.jpg,1891,1820,-71
24780.jpg,1891,1910,19
24785.jpg,1891,1897,6
24790.jpg,1891,1915,24
24795.jpg,1891,1895,4
24800.jpg,1891,1910,19
24805.jpg,1891,1898,7
24810.jpg,1891,1905,14
24815.jpg,1891,1920,29
24820.jpg,1891,1892,1
24825.jpg,1891,1895,4
24830.jpg,1891,1912,21
24835.jpg,1891,1880,-11
24840.jpg,1891,1905,14
24845.jpg,1891,1905,14
24850.jpg,1891,1910,19
24855.jpg,1891,1986,95
24860.jpg,1891,1905,14
24865.jpg,1891,1859,-32
24870.jpg,1891,1905,14
24875.jpg,1891,1878,-13
24880.jpg,1891,1915,24
24885.jpg,1891,1895,4
24890.jpg,1891,1888,-3
24895.jpg,1891,1895,4
24900.jpg,1891,1890,-1
24905.jpg,1891,1845,-46
24910.jpg,1891,1890,-1
24915.jpg,1891,1895,4
24920.jpg,1891,1925,34
24925.jpg,1891,1888,-3
24930.jpg,1891,1925,34
24935.jpg,1891,1888,-3
24940.jpg,1891,1895,4
24945.jpg,1891,1845,-46
24950.jpg,1891,1855,-36
24955.jpg,1891,1855,-36
24960.jpg,1891,1888,-3
24965.jpg,1891,1910,19
24970.jpg,1891,1890,-1
24975.jpg,1891,1895,4
24980.jpg,1891,1890,-1
24985.jpg,1891,1830,-61
24990.jpg,1891,1895,4
24995.jpg,1891,1888,-3
25000.jpg,1891,1888,-3
25005.jpg,1891,1895,4
25010.jpg,1891,1880,-11
25015.jpg,1891,1895,4
25020.jpg,1891,1888,-3
25025.jpg,1891,1925,34
25030.jpg,1891,1905,14
25035.jpg,1891,1033,-858
25040.jpg,1891,1888,-3
25045.jpg,1891,1905,14
25050.jpg,1891,1913,22
25055.jpg,1891,1895,4
25060.jpg,1891,1905,14
25065.jpg,1891,1852,-39
25070.jpg,1891,1890,-1
25075.jpg,1891,1892,1
25080.jpg,1891,1902,11
25085.jpg,1891,1880,-11
25090.jpg,1891,1978,87
25095.jpg,1892,1904,12
25100.jpg,1892,2004,112
25105.jpg,1892,1999,107
25115.jpg,1892,1910,18
25120.jpg,1892,1880,-12
25125.jpg,1892,1905,13
25130.jpg,1892,1915,23
25135.jpg,1892,1902,10
25140.jpg,1892,1895,3
25145.jpg,1892,1895,3
25150.jpg,1892,1929,37
25155.jpg,1892,1894,2
25160.jpg,1892,1928,36
25165.jpg,1892,1880,-12
25170.jpg,1892,1912,20
25175.jpg,1892,1902,10
25180.jpg,1892,1930,38
25185.jpg,1892,1860,-32
25190.jpg,1892,1830,-62
25195.jpg,1892,1883,-9
25205.jpg,1892,1912,20
25210.jpg,1892,1895,3
25215.jpg,1892,1895,3
25220.jpg,1892,1895,3
25225.jpg,1892,1830,-62
25230.jpg,1892,1890,-2
25235.jpg,1892,1905,13
25240.jpg,1892,1888,-4
25245.jpg,1892,1895,3
25250.jpg,1892,1905,13
25255.jpg,1892,1890,-2
25260.jpg,1892,1898,6
25265.jpg,1892,1885,-7
25270.jpg,1892,1895,3
25275.jpg,1892,1905,13
25280.jpg,1892,1905,13
25285.jpg,1892,1888,-4
25290.jpg,1892,1888,-4
25295.jpg,1892,1895,3
25300.jpg,1892,1890,-2
25305.jpg,1892,1895,3
25310.jpg,1892,1895,3
25315.jpg,1892,1895,3
25320.jpg,1892,1895,3
25325.jpg,1892,1902,10
25330.jpg,1892,1910,18
25335.jpg,1892,1888,-4
25340.jpg,1892,1890,-2
25345.jpg,1892,1910,18
25350.jpg,1892,1905,13
25355.jpg,1892,1898,6
25360.jpg,1892,1910,18
25365.jpg,1892,1895,3
25370.jpg,1892,1915,23
25375.jpg,1892,1888,-4
25380.jpg,1892,1888,-4
25385.jpg,1892,1840,-52
25390.jpg,1892,1820,-72
25395.jpg,1892,1890,-2
25400.jpg,1892,1930,38
25405.jpg,1892,1906,14
25410.jpg,1892,1905,13
25415.jpg,1892,1840,-52
25420.jpg,1892,1890,-2
25425.jpg,1892,1892,0
25430.jpg,1892,1884,-8
25435.jpg,1892,1895,3
25440.jpg,1892,1910,18
25445.jpg,1892,1870,-22
25450.jpg,1892,1905,13
25455.jpg,1892,1898,6
25460.jpg,1892,1902,10
25465.jpg,1893,1740,-153
25470.jpg,1893,1910,17
25475.jpg,1893,1900,7
25480.jpg,1893,1910,17
25490.jpg,1893,1937,44
25495.jpg,1893,1890,-3
25500.jpg,1893,1905,12
25505.jpg,1893,1894,1
25510.jpg,1893,1912,19
25515.jpg,1893,1893,0
25520.jpg,1893,1895,2
25525.jpg,1893,1905,12
25530.jpg,1893,1910,17
25535.jpg,1893,1930,37
25540.jpg,1893,1890,-3
25545.jpg,1893,1898,5
25555.jpg,1893,1865,-28
25560.jpg,1893,1888,-5
25565.jpg,1893,1898,5
25570.jpg,1893,1910,17
25575.jpg,1893,1885,-8
25580.jpg,1893,1928,35
25585.jpg,1893,1888,-5
25590.jpg,1893,1895,2
25595.jpg,1893,1850,-43
25600.jpg,1893,1895,2
25605.jpg,1893,1905,12
25610.jpg,1893,1895,2
25615.jpg,1893,1895,2
25620.jpg,1893,1905,12
25625.jpg,1893,1895,2
25630.jpg,1893,1895,2
25635.jpg,1893,1895,2
25640.jpg,1893,1905,12
25645.jpg,1893,1898,5
25650.jpg,1893,1895,2
25655.jpg,1893,1902,9
25660.jpg,1893,1892,-1
25665.jpg,1893,1895,2
25670.jpg,1893,1890,-3
25675.jpg,1893,1895,2
25680.jpg,1893,1885,-8
25685.jpg,1893,1880,-13
25690.jpg,1893,1895,2
25695.jpg,1893,1880,-13
25700.jpg,1893,1905,12
25705.jpg,1893,1895,2
25710.jpg,1893,1905,12
25715.jpg,1893,1895,2
25720.jpg,1893,1880,-13
25725.jpg,1893,1928,35
25730.jpg,1893,1895,2
25740.jpg,1893,1895,2
25745.jpg,1893,1890,-3
25750.jpg,1893,1895,2
25755.jpg,1893,1891,-2
25760.jpg,1893,1895,2
25765.jpg,1893,1907,14
25770.jpg,1893,1905,12
25775.jpg,1893,1905,12
25780.jpg,1893,1880,-13
25785.jpg,1893,1910,17
25795.jpg,1893,1892,-1
25800.jpg,1893,1900,7
25805.jpg,1894,1858,-36
25810.jpg,1894,1834,-60
25815.jpg,1894,1895,1
25820.jpg,1894,1895,1
25825.jpg,1894,1905,11
25830.jpg,1894,1892,-2
25835.jpg,1894,1893,-1
25840.jpg,1894,1880,-14
25845.jpg,1894,1898,4
25850.jpg,1894,1900,6
25855.jpg,1894,1902,8
25860.jpg,1894,1898,4
25865.jpg,1894,1905,11
25870.jpg,1894,1860,-34
25875.jpg,1894,1905,11
25880.jpg,1894,1838,-56
25885.jpg,1894,1870,-24
25890.jpg,1894,1905,11
25895.jpg,1894,1908,14
25900.jpg,1894,1895,1
25905.jpg,1894,1895,1
25910.jpg,1894,1905,11
25915.jpg,1894,1928,34
25920.jpg,1894,1888,-6
25925.jpg,1894,1895,1
25930.jpg,1894,1890,-4
25935.jpg,1894,1895,1
25940.jpg,1894,1895,1
25945.jpg,1894,1885,-9
25950.jpg,1894,1880,-14
25955.jpg,1894,1888,-6
25960.jpg,1894,1895,1
25965.jpg,1894,1899,5
25970.jpg,1894,1905,11
25975.jpg,1894,1890,-4
25980.jpg,1894,1888,-6
25985.jpg,1894,1910,16
25990.jpg,1894,1928,34
25995.jpg,1894,1895,1
26000.jpg,1894,1895,1
26005.jpg,1894,1895,1
26010.jpg,1894,1895,1
26015.jpg,1894,1888,-6
26020.jpg,1894,1905,11
26025.jpg,1894,1895,1
26030.jpg,1894,1880,-14
26035.jpg,1894,1895,1
26040.jpg,1894,1905,11
26045.jpg,1894,1850,-44
26050.jpg,1894,1885,-9
26055.jpg,1894,1895,1
26060.jpg,1894,1920,26
26065.jpg,1894,1894,0
26070.jpg,1894,1915,21
26075.jpg,1894,1902,8
26085.jpg,1894,1895,1
26090.jpg,1894,1900,6
26095.jpg,1894,1888,-6
26100.jpg,1894,1905,11
26105.jpg,1894,1880,-14
26110.jpg,1894,1895,1
26115.jpg,1894,1895,1
26120.jpg,1894,1890,-4
26125.jpg,1895,1927,32
26130.jpg,1895,1998,103
26135.jpg,1895,1892,-3
26140.jpg,1895,1910,15
26145.jpg,1895,1912,17
26150.jpg,1895,1895,0
26155.jpg,1895,1840,-55
26160.jpg,1895,1909,14
26165.jpg,1895,1903,8
26170.jpg,1895,1893,-2
26175.jpg,1895,1910,15
26180.jpg,1895,1928,33
26185.jpg,1895,1905,10
26190.jpg,1895,1895,0
26195.jpg,1895,1870,-25
26200.jpg,1895,1910,15
26205.jpg,1895,1868,-27
26210.jpg,1895,1936,41
26215.jpg,1895,1936,41
26220.jpg,1895,1905,10
26225.jpg,1895,1905,10
26230.jpg,1895,1885,-10
26235.jpg,1895,1910,15
26240.jpg,1895,1930,35
26245.jpg,1895,1720,-175
26250.jpg,1895,1895,0
26255.jpg,1895,1910,15
26260.jpg,1895,1890,-5
26265.jpg,1895,1868,-27
26270.jpg,1895,1888,-7
26275.jpg,1895,1895,0
26280.jpg,1895,1895,0
26285.jpg,1895,1890,-5
26290.jpg,1895,1895,0
26295.jpg,1895,1888,-7
26300.jpg,1895,1895,0
26305.jpg,1895,1895,0
26310.jpg,1895,1890,-5
26315.jpg,1895,1895,0
26320.jpg,1895,1895,0
26325.jpg,1895,1895,0
26330.jpg,1895,1880,-15
26335.jpg,1895,1895,0
26340.jpg,1895,1880,-15
26345.jpg,1895,1870,-25
26350.jpg,1895,1895,0
26355.jpg,1895,1910,15
26360.jpg,1895,1895,0
26365.jpg,1895,1895,0
26370.jpg,1895,1895,0
26375.jpg,1895,1895,0
26380.jpg,1895,1905,10
26385.jpg,1895,1830,-65
26390.jpg,1895,1880,-15
26395.jpg,1895,1895,0
26405.jpg,1895,1905,10
26410.jpg,1895,1904,9
26415.jpg,1895,1905,10
26420.jpg,1895,1915,20
26425.jpg,1895,1895,0
26430.jpg,1895,1897,2
26435.jpg,1895,1910,15
26440.jpg,1895,1910,15
26445.jpg,1895,1902,7
26450.jpg,1895,1912,17
26455.jpg,1895,1903,8
26460.jpg,1895,1912,17
26465.jpg,1895,1902,7
26470.jpg,1895,1902,7
26475.jpg,1895,1895,0
26480.jpg,1895,1903,8
26485.jpg,1895,1888,-7
26490.jpg,1896,1894,-2
26495.jpg,1896,1892,-4
26500.jpg,1896,1905,9
26505.jpg,1896,1888,-8
26510.jpg,1896,1910,14
26515.jpg,1896,1895,-1
26520.jpg,1896,1895,-1
26525.jpg,1896,1873,-23
26530.jpg,1896,1935,39
26535.jpg,1896,1910,14
26540.jpg,1896,1898,2
26545.jpg,1896,1880,-16
26550.jpg,1896,1938,42
26555.jpg,1896,1910,14
26560.jpg,1896,1889,-7
26565.jpg,1896,1950,54
26570.jpg,1896,1935,39
26575.jpg,1896,1910,14
26580.jpg,1896,1895,-1
26585.jpg,1896,1888,-8
26590.jpg,1896,1895,-1
26595.jpg,1896,1928,32
26600.jpg,1896,1910,14
26605.jpg,1896,1895,-1
26610.jpg,1896,1905,9
26620.jpg,1896,1890,-6
26625.jpg,1896,1855,-41
26630.jpg,1896,1895,-1
26635.jpg,1896,1890,-6
26640.jpg,1896,1888,-8
26645.jpg,1896,1895,-1
26650.jpg,1896,1903,7
26655.jpg,1896,1910,14
26665.jpg,1896,1895,-1
26670.jpg,1896,1895,-1
26675.jpg,1896,1888,-8
26680.jpg,1896,1895,-1
26685.jpg,1896,1890,-6
26690.jpg,1896,1905,9
26695.jpg,1896,1895,-1
26700.jpg,1896,1895,-1
26705.jpg,1896,1888,-8
26710.jpg,1896,1905,9
26715.jpg,1896,1895,-1
26720.jpg,1896,1890,-6
26725.jpg,1896,1880,-16
26730.jpg,1896,1895,-1
26735.jpg,1896,1880,-16
26740.jpg,1896,1895,-1
26745.jpg,1896,1840,-56
26750.jpg,1896,1895,-1
26760.jpg,1896,1928,32
26765.jpg,1896,1900,4
26770.jpg,1896,1908,12
26775.jpg,1896,1928,32
26780.jpg,1896,1903,7
26785.jpg,1896,1928,32
26790.jpg,1896,1905,9
26795.jpg,1896,1895,-1
26800.jpg,1896,1970,74
26805.jpg,1896,1876,-20
26810.jpg,1896,1910,14
26815.jpg,1896,1898,2
26820.jpg,1896,1855,-41
26825.jpg,1896,1885,-11
26830.jpg,1896,1893,-3
26835.jpg,1896,1902,6
26840.jpg,1896,2005,109
26845.jpg,1897,1901,4
26850.jpg,1897,1897,0
26855.jpg,1897,1895,-2
26860.jpg,1897,1850,-47
26865.jpg,1897,1912,15
26870.jpg,1897,1905,8
26875.jpg,1897,1895,-2
26880.jpg,1897,1912,15
26885.jpg,1897,1898,1
26890.jpg,1897,1895,-2
26895.jpg,1897,1902,5
26900.jpg,1897,1901,4
26910.jpg,1897,1868,-29
26915.jpg,1897,1910,13
26920.jpg,1897,1905,8
26925.jpg,1897,1930,33
26930.jpg,1897,1895,-2
26935.jpg,1897,1895,-2
26940.jpg,1897,1895,-2
26945.jpg,1897,1920,23
26950.jpg,1897,1895,-2
26955.jpg,1897,1880,-17
26960.jpg,1897,1885,-12
26965.jpg,1897,1905,8
26970.jpg,1897,1840,-57
26975.jpg,1897,1915,18
26980.jpg,1897,1895,-2
26985.jpg,1897,1895,-2
26990.jpg,1897,1905,8
26995.jpg,1897,1895,-2
27000.jpg,1897,1895,-2
27005.jpg,1897,1895,-2
27010.jpg,1897,1885,-12
27015.jpg,1897,1905,8
27020.jpg,1897,1895,-2
27025.jpg,1897,1910,13
27030.jpg,1897,1890,-7
27035.jpg,1897,1905,8
27040.jpg,1897,1895,-2
27045.jpg,1897,1895,-2
27050.jpg,1897,1905,8
27055.jpg,1897,1895,-2
27060.jpg,1897,1925,28
27065.jpg,1897,1895,-2
27070.jpg,1897,1910,13
27075.jpg,1897,1898,1
27080.jpg,1897,1894,-3
27085.jpg,1897,1888,-9
27090.jpg,1897,1895,-2
27095.jpg,1897,1892,-5
27100.jpg,1897,1895,-2
27105.jpg,1897,1895,-2
27110.jpg,1897,1929,32
27115.jpg,1897,1938,41
27120.jpg,1897,1913,16
27125.jpg,1897,1897,0
27130.jpg,1897,1930,33
27135.jpg,1897,1898,1
27140.jpg,1897,1830,-67
27145.jpg,1897,1898,1
27150.jpg,1897,1913,16
27155.jpg,1898,1912,14
27160.jpg,1898,1906,8
27165.jpg,1898,1890,-8
27170.jpg,1898,1873,-25
27175.jpg,1898,1910,12
27180.jpg,1898,1891,-7
27185.jpg,1898,1910,12
27190.jpg,1898,1905,7
27195.jpg,1898,1895,-3
27200.jpg,1898,1965,67
27205.jpg,1898,1912,14
27210.jpg,1898,1905,7
27215.jpg,1898,1930,32
27220.jpg,1898,1912,14
27225.jpg,1898,1895,-3
27230.jpg,1898,1910,12
27235.jpg,1898,1910,12
27240.jpg,1898,1939,41
27245.jpg,1898,1910,12
27255.jpg,1898,1858,-40
27260.jpg,1898,1836,-62
27265.jpg,1898,1895,-3
27270.jpg,1898,1895,-3
27275.jpg,1898,1880,-18
27280.jpg,1898,1820,-78
27285.jpg,1898,1888,-10
27290.jpg,1898,1910,12
27295.jpg,1898,1895,-3
27300.jpg,1898,1855,-43
27305.jpg,1898,1938,40
27310.jpg,1898,1928,30
27315.jpg,1898,1905,7
27320.jpg,1898,1895,-3
27325.jpg,1898,1880,-18
27330.jpg,1898,1905,7
27335.jpg,1898,1905,7
27340.jpg,1898,1895,-3
27345.jpg,1898,1895,-3
27350.jpg,1898,1845,-53
27355.jpg,1898,1895,-3
27360.jpg,1898,1880,-18
27365.jpg,1898,1895,-3
27370.jpg,1898,1890,-8
27380.jpg,1898,1895,-3
27385.jpg,1898,1888,-10
27390.jpg,1898,1910,12
27395.jpg,1898,1880,-18
27400.jpg,1898,1908,10
27405.jpg,1898,1890,-8
27410.jpg,1898,1910,12
27415.jpg,1898,1812,-86
27420.jpg,1898,1898,0
27425.jpg,1898,1895,-3
27430.jpg,1898,1895,-3
27435.jpg,1898,1880,-18
27440.jpg,1898,1898,0
27445.jpg,1898,1912,14
27450.jpg,1898,1905,7
27455.jpg,1898,1969,71
27465.jpg,1898,1912,14
27470.jpg,1898,1895,-3
27475.jpg,1898,1912,14
27480.jpg,1898,1893,-5
27485.jpg,1898,1893,-5
27490.jpg,1898,1888,-10
27495.jpg,1898,1890,-8
27500.jpg,1898,1910,12
27505.jpg,1898,1895,-3
27510.jpg,1898,1895,-3
27515.jpg,1898,1910,12
27520.jpg,1898,1914,16
27525.jpg,1898,1905,7
27530.jpg,1898,1905,7
27540.jpg,1899,1872,-27
27545.jpg,1899,1958,59
27550.jpg,1899,1840,-59
27555.jpg,1899,1898,-1
27560.jpg,1899,1903,4
27565.jpg,1899,1888,-11
27570.jpg,1899,1620,-279
27575.jpg,1899,1888,-11
27580.jpg,1899,1905,6
27585.jpg,1899,1913,14
27590.jpg,1899,1910,11
27595.jpg,1899,1863,-36
27600.jpg,1899,1893,-6
27605.jpg,1899,1910,11
27610.jpg,1899,1930,31
27615.jpg,1899,1872,-27
27620.jpg,1899,1850,-49
27625.jpg,1899,1885,-14
27630.jpg,1899,1928,29
27635.jpg,1899,1892,-7
27640.jpg,1899,1905,6
27645.jpg,1899,1915,16
27650.jpg,1899,1880,-19
27655.jpg,1899,1910,11
27660.jpg,1899,1905,6
27665.jpg,1899,1888,-11
27670.jpg,1899,1895,-4
27675.jpg,1899,1890,-9
27680.jpg,1899,1890,-9
27685.jpg,1899,1905,6
27690.jpg,1899,1910,11
27695.jpg,1899,1912,13
27700.jpg,1899,1895,-4
27705.jpg,1899,1910,11
27715.jpg,1899,1895,-4
27720.jpg,1899,1905,6
27725.jpg,1899,1895,-4
27730.jpg,1899,1910,11
27735.jpg,1899,1905,6
27740.jpg,1899,1890,-9
27745.jpg,1899,1905,6
27750.jpg,1899,1902,3
27755.jpg,1899,1905,6
27760.jpg,1899,1895,-4
27765.jpg,1899,1880,-19
27770.jpg,1899,1846,-53
27775.jpg,1899,1910,11
27780.jpg,1899,1905,6
27785.jpg,1899,1895,-4
27790.jpg,1899,1895,-4
27795.jpg,1899,1928,29
27800.jpg,1899,1880,-19
27805.jpg,1899,1890,-9
27810.jpg,1900,1750,-150
27815.jpg,1900,1892,-8
27820.jpg,1900,1900,0
27825.jpg,1900,1900,0
27830.jpg,1900,1895,-5
27835.jpg,1900,1965,65
27840.jpg,1900,1905,5
27845.jpg,1900,1895,-5
27850.jpg,1900,1910,10
27855.jpg,1900,1910,10
27860.jpg,1900,1895,-5
27865.jpg,1900,1898,-2
27870.jpg,1900,1895,-5
27875.jpg,1900,1912,12
27880.jpg,1900,1916,16
27885.jpg,1900,1902,2
27895.jpg,1900,1880,-20
27900.jpg,1900,1905,5
27905.jpg,1900,1895,-5
27910.jpg,1900,1820,-80
27915.jpg,1900,1910,10
27920.jpg,1900,1916,16
27925.jpg,1900,1935,35
27930.jpg,1900,1930,30
27935.jpg,1900,1968,68
27940.jpg,1900,1858,-42
27945.jpg,1900,1923,23
27950.jpg,1900,1910,10
27955.jpg,1900,1912,12
27960.jpg,1900,1880,-20
27965.jpg,1900,1938,38
27970.jpg,1900,1888,-12
27975.jpg,1900,1880,-20
27980.jpg,1900,1895,-5
27985.jpg,1900,1928,28
27990.jpg,1900,1915,15
27995.jpg,1900,1895,-5
28000.jpg,1900,1912,12
28005.jpg,1900,1905,5
28010.jpg,1900,1905,5
28015.jpg,1900,1829,-71
28020.jpg,1900,1905,5
28025.jpg,1900,1895,-5
28030.jpg,1900,1895,-5
28035.jpg,1900,1890,-10
28040.jpg,1900,1895,-5
28045.jpg,1900,1912,12
28050.jpg,1900,1895,-5
28055.jpg,1900,1890,-10
28060.jpg,1900,1905,5
28065.jpg,1900,1895,-5
28070.jpg,1900,1892,-8
28075.jpg,1900,1890,-10
28080.jpg,1900,1905,5
28085.jpg,1900,1930,30
28090.jpg,1900,1905,5
28095.jpg,1900,1780,-120
28100.jpg,1900,1912,12
28105.jpg,1900,1890,-10
28110.jpg,1900,1895,-5
28115.jpg,1900,1895,-5
28120.jpg,1900,1860,-40
28125.jpg,1900,1895,-5
28130.jpg,1900,1886,-14
28135.jpg,1900,1895,-5
28140.jpg,1900,1892,-8
28145.jpg,1900,1855,-45
28150.jpg,1900,1955,55
28155.jpg,1900,1810,-90
28160.jpg,1900,1938,38
28165.jpg,1900,1937,37
28170.jpg,1900,1890,-10
28175.jpg,1900,1935,35
28180.jpg,1901,1820,-81
28185.jpg,1901,1910,9
28190.jpg,1901,1899,-2
28195.jpg,1901,1905,4
28200.jpg,1901,1935,34
28205.jpg,1901,1895,-6
28210.jpg,1901,1905,4
28215.jpg,1901,1905,4
28220.jpg,1901,1905,4
28225.jpg,1901,1895,-6
28230.jpg,1901,1939,38
28235.jpg,1901,1890,-11
28240.jpg,1901,1905,4
28245.jpg,1901,1913,12
28250.jpg,1901,1895,-6
28255.jpg,1901,1888,-13
28260.jpg,1901,1913,12
28265.jpg,1901,1902,1
28270.jpg,1901,1895,-6
28275.jpg,1901,1910,9
28280.jpg,1901,1890,-11
28285.jpg,1901,1910,9
28290.jpg,1901,1880,-21
28295.jpg,1901,1902,1
28300.jpg,1901,1868,-33
28305.jpg,1901,1925,24
28310.jpg,1901,1906,5
28315.jpg,1901,1895,-6
28320.jpg,1901,1885,-16
28325.jpg,1901,1912,11
28330.jpg,1901,1898,-3
28335.jpg,1901,1905,4
28340.jpg,1901,1905,4
28345.jpg,1901,1895,-6
28350.jpg,1901,1905,4
28355.jpg,1901,1895,-6
28360.jpg,1901,1895,-6
28365.jpg,1901,1888,-13
28370.jpg,1901,1928,27
28375.jpg,1901,1895,-6
28380.jpg,1901,1888,-13
28385.jpg,1901,1910,9
28390.jpg,1901,1905,4
28395.jpg,1901,1895,-6
28400.jpg,1901,1888,-13
28405.jpg,1901,1928,27
28410.jpg,1901,1910,9
28415.jpg,1901,1905,4
28420.jpg,1901,1895,-6
28425.jpg,1901,1958,57
28430.jpg,1901,1925,24
28435.jpg,1901,1895,-6
28440.jpg,1901,1890,-11
28445.jpg,1901,1937,36
28450.jpg,1901,1890,-11
28455.jpg,1901,1897,-4
28460.jpg,1901,1928,27
28465.jpg,1901,1889,-12
28470.jpg,1901,1905,4
28475.jpg,1901,1912,11
28480.jpg,1901,1912,11
28485.jpg,1901,1937,36
28490.jpg,1901,1910,9
28495.jpg,1901,1935,34
28500.jpg,1901,1902,1
28505.jpg,1901,1930,29
28510.jpg,1901,1910,9
28515.jpg,1901,1880,-21
28520.jpg,1902,1906,4
28525.jpg,1902,1905,3
28530.jpg,1902,1902,0
28535.jpg,1902,1922,20
28540.jpg,1902,1936,34
28545.jpg,1902,1968,66
28550.jpg,1902,1937,35
28555.jpg,1902,1905,3
28560.jpg,1902,1910,8
28575.jpg,1902,1927,25
28580.jpg,1902,1893,-9
28585.jpg,1902,1895,-7
28590.jpg,1902,1892,-10
28595.jpg,1902,1892,-10
28600.jpg,1902,1910,8
28605.jpg,1902,1928,26
28610.jpg,1902,1912,10
28615.jpg,1902,1903,1
28620.jpg,1902,1910,8
28625.jpg,1902,1915,13
28630.jpg,1902,1902,0
28635.jpg,1902,1910,8
28640.jpg,1902,1902,0
28645.jpg,1902,1870,-32
28650.jpg,1902,1868,-34
28655.jpg,1902,1830,-72
28660.jpg,1902,1902,0
28665.jpg,1902,1962,60
28670.jpg,1902,1888,-14
28675.jpg,1902,1903,1
28680.jpg,1902,1610,-292
28685.jpg,1902,1885,-17
28690.jpg,1902,1895,-7
28695.jpg,1902,1905,3
28700.jpg,1902,1910,8
28705.jpg,1902,1902,0
28710.jpg,1902,1888,-14
28715.jpg,1902,1895,-7
28720.jpg,1902,1905,3
28725.jpg,1902,1905,3
28730.jpg,1902,1928,26
28735.jpg,1902,1928,26
28740.jpg,1902,1895,-7
28745.jpg,1902,1909,7
28750.jpg,1902,1905,3
28755.jpg,1902,1895,-7
28760.jpg,1902,1909,7
28765.jpg,1902,1890,-12
28770.jpg,1902,1895,-7
28775.jpg,1902,1895,-7
28780.jpg,1902,1895,-7
28785.jpg,1902,1890,-12
28790.jpg,1902,1895,-7
28795.jpg,1902,1890,-12
28800.jpg,1902,1895,-7
28805.jpg,1902,1910,8
28810.jpg,1902,1860,-42
28815.jpg,1902,1905,3
28820.jpg,1902,1895,-7
28825.jpg,1902,1895,-7
28830.jpg,1902,1840,-62
28835.jpg,1902,1895,-7
28840.jpg,1902,1895,-7
28845.jpg,1902,1910,8
28850.jpg,1902,1902,0
28855.jpg,1902,1895,-7
28860.jpg,1902,1905,3
28865.jpg,1902,1912,10
28870.jpg,1902,1928,26
28875.jpg,1902,1896,-6
28880.jpg,1902,1930,28
28885.jpg,1902,1805,-97
28890.jpg,1902,1905,3
28895.jpg,1902,1905,3
28900.jpg,1902,1968,66
28905.jpg,1902,1901,-1
28910.jpg,1902,1937,35
28915.jpg,1902,1890,-12
28920.jpg,1903,1963,60
28925.jpg,1903,1910,7
28930.jpg,1903,1904,1
28935.jpg,1903,1928,25
28940.jpg,1903,1927,24
28945.jpg,1903,1927,24
28955.jpg,1903,1915,12
28960.jpg,1903,1890,-13
28965.jpg,1903,1910,7
28970.jpg,1903,1905,2
28975.jpg,1903,1888,-15
28980.jpg,1903,1895,-8
28985.jpg,1903,1902,-1
28990.jpg,1903,1911,8
28995.jpg,1903,1962,59
29000.jpg,1903,1917,14
29005.jpg,1903,1912,9
29010.jpg,1903,1902,-1
29015.jpg,1903,1910,7
29020.jpg,1903,1910,7
29025.jpg,1903,1905,2
29030.jpg,1903,1912,9
29035.jpg,1903,1928,25
29040.jpg,1903,1912,9
29045.jpg,1903,1903,0
29050.jpg,1903,2010,107
29055.jpg,1903,1905,2
29060.jpg,1903,1890,-13
29065.jpg,1903,1905,2
29070.jpg,1903,1910,7
29075.jpg,1903,1968,65
29080.jpg,1903,1932,29
29085.jpg,1903,1912,9
29090.jpg,1903,1860,-43
29095.jpg,1903,1950,47
29100.jpg,1903,1965,62
29105.jpg,1903,1906,3
29110.jpg,1903,1936,33
29115.jpg,1903,1858,-45
29120.jpg,1903,1895,-8
29125.jpg,1903,1890,-13
29130.jpg,1903,1830,-73
29135.jpg,1903,1888,-15
29140.jpg,1903,1910,7
29145.jpg,1903,1910,7
29150.jpg,1903,1890,-13
29155.jpg,1903,1895,-8
29160.jpg,1903,1895,-8
29165.jpg,1903,1895,-8
29170.jpg,1903,1910,7
29175.jpg,1903,1895,-8
29180.jpg,1903,1895,-8
29185.jpg,1903,1905,2
29190.jpg,1903,1905,2
29195.jpg,1903,1880,-23
29200.jpg,1903,1905,2
29205.jpg,1903,1932,29
29210.jpg,1903,1928,25
29215.jpg,1903,1905,2
29220.jpg,1903,1905,2
29225.jpg,1903,1895,-8
29230.jpg,1903,1895,-8
29235.jpg,1903,1910,7
29240.jpg,1903,1920,17
29245.jpg,1903,1915,12
29250.jpg,1903,1906,3
29255.jpg,1903,1905,2
29260.jpg,1903,1910,7
29265.jpg,1903,1938,35
29270.jpg,1903,1905,2
29275.jpg,1903,1928,25
29280.jpg,1903,1895,-8
29285.jpg,1903,1910,7
29290.jpg,1903,1892,-11
29295.jpg,1903,1903,0
29300.jpg,1903,1985,82
29305.jpg,1903,1855,-48
29310.jpg,1903,1888,-15
29315.jpg,1903,1928,25
29320.jpg,1903,1915,12
29325.jpg,1903,1937,34
29330.jpg,1903,1928,25
29335.jpg,1903,1927,24
29340.jpg,1903,1912,9
29345.jpg,1903,1905,2
29350.jpg,1903,1962,59
29355.jpg,1903,1928,25
29360.jpg,1903,1888,-15
29365.jpg,1903,1937,34
29370.jpg,1903,1925,22
29375.jpg,1903,1888,-15
29380.jpg,1904,1765,-139
29385.jpg,1904,1912,8
29390.jpg,1904,1887,-17
29395.jpg,1904,1998,94
29400.jpg,1904,1902,-2
29405.jpg,1904,1920,16
29410.jpg,1904,1980,76
29415.jpg,1904,1925,21
29420.jpg,1904,1912,8
29425.jpg,1904,1910,6
29430.jpg,1904,1630,-274
29435.jpg,1904,1910,6
29440.jpg,1904,1905,1
29445.jpg,1904,1912,8
29450.jpg,1904,1928,24
29455.jpg,1904,1928,24
29460.jpg,1904,1888,-16
29465.jpg,1904,1925,21
29470.jpg,1904,1999,95
29475.jpg,1904,1912,8
29480.jpg,1904,2010,106
29485.jpg,1904,1914,10
29490.jpg,1904,1912,8
29495.jpg,1904,1895,-9
29500.jpg,1904,1985,81
29505.jpg,1904,1895,-9
29510.jpg,1904,1912,8
29515.jpg,1904,1915,11
29520.jpg,1904,1905,1
29525.jpg,1904,1928,24
29530.jpg,1904,1902,-2
29535.jpg,1904,1913,9
29540.jpg,1904,1905,1
29550.jpg,1904,1858,-46
29555.jpg,1904,1936,32
29560.jpg,1904,1910,6
29565.jpg,1904,1904,0
29570.jpg,1904,1870,-34
29575.jpg,1904,1905,1
29580.jpg,1904,1926,22
29585.jpg,1904,1910,6
29590.jpg,1904,1905,1
29595.jpg,1904,1928,24
29600.jpg,1904,1905,1
29605.jpg,1904,1900,-4
29610.jpg,1904,1895,-9
29615.jpg,1904,1910,6
29620.jpg,1904,1905,1
29625.jpg,1904,1895,-9
29630.jpg,1904,1895,-9
29635.jpg,1904,1888,-16
29640.jpg,1904,1845,-59
29645.jpg,1904,1880,-24
29650.jpg,1904,1905,1
29655.jpg,1904,1905,1
29660.jpg,1904,1925,21
29665.jpg,1904,1910,6
29670.jpg,1904,1905,1
29675.jpg,1904,1935,31
29680.jpg,1904,1898,-6
29685.jpg,1904,1905,1
29690.jpg,1904,1925,21
29695.jpg,1904,1928,24
29700.jpg,1904,1910,6
29705.jpg,1904,1905,1
29710.jpg,1904,1888,-16
29715.jpg,1904,1905,1
29720.jpg,1904,1890,-14
29725.jpg,1904,1958,54
29730.jpg,1904,1888,-16
29735.jpg,1904,1880,-24
29740.jpg,1904,1910,6
29745.jpg,1904,1910,6
29750.jpg,1904,1895,-9
29755.jpg,1904,1880,-24
29760.jpg,1904,1928,24
29765.jpg,1904,1845,-59
29770.jpg,1904,1902,-2
29775.jpg,1904,1955,51
29780.jpg,1904,1904,0
29790.jpg,1904,1912,8
29795.jpg,1904,1905,1
29800.jpg,1904,1892,-12
29805.jpg,1904,1930,26
29810.jpg,1904,1880,-24
29815.jpg,1904,1875,-29
29820.jpg,1904,1905,1
29825.jpg,1904,1888,-16
29830.jpg,1905,1910,5
29835.jpg,1905,1938,33
29840.jpg,1905,1905,0
29845.jpg,1905,1910,5
29850.jpg,1905,1972,67
29855.jpg,1905,1928,23
29860.jpg,1905,1975,70
29865.jpg,1905,1915,10
29870.jpg,1905,1910,5
29875.jpg,1905,1905,0
29880.jpg,1905,1890,-15
29885.jpg,1905,1910,5
29890.jpg,1905,1830,-75
29895.jpg,1905,1895,-10
29900.jpg,1905,1912,7
29905.jpg,1905,1912,7
29910.jpg,1905,1912,7
29915.jpg,1905,1902,-3
29920.jpg,1905,1895,-10
29925.jpg,1905,1912,7
29930.jpg,1905,1903,-2
29935.jpg,1905,1912,7
29940.jpg,1905,1898,-7
29945.jpg,1905,1910,5
29950.jpg,1905,1931,26
29960.jpg,1905,1880,-25
29965.jpg,1905,1895,-10
29970.jpg,1905,1890,-15
29975.jpg,1905,1928,23
29980.jpg,1905,1925,20
29985.jpg,1905,1898,-7
29990.jpg,1905,1920,15
29995.jpg,1905,1873,-32
30000.jpg,1905,1870,-35
30005.jpg,1905,1910,5
30015.jpg,1905,1888,-17
30020.jpg,1905,1960,55
30025.jpg,1905,1895,-10
30030.jpg,1905,1888,-17
30035.jpg,1905,1910,5
30040.jpg,1905,1928,23
30045.jpg,1905,1880,-25
30050.jpg,1905,1895,-10
30055.jpg,1905,1908,3
30060.jpg,1905,1895,-10
30065.jpg,1905,1895,-10
30070.jpg,1905,1910,5
30075.jpg,1905,1890,-15
30080.jpg,1905,1895,-10
30085.jpg,1905,1952,47
30090.jpg,1905,1910,5
30095.jpg,1905,1895,-10
30100.jpg,1905,1810,-95
30105.jpg,1905,1895,-10
30110.jpg,1905,1938,33
30115.jpg,1905,1880,-25
30120.jpg,1905,1880,-25
30125.jpg,1905,1905,0
30130.jpg,1905,1920,15
30135.jpg,1905,1905,0
30140.jpg,1905,1910,5
30145.jpg,1905,1895,-10
30155.jpg,1905,1890,-15
30160.jpg,1905,1910,5
30165.jpg,1905,1835,-70
30170.jpg,1905,1905,0
30175.jpg,1905,1730,-175
30180.jpg,1905,1910,5
30185.jpg,1905,1910,5
30190.jpg,1905,1895,-10
30195.jpg,1905,1826,-79
30200.jpg,1905,1910,5
30205.jpg,1905,1988,83
30210.jpg,1905,1863,-42
30215.jpg,1905,1905,0
30220.jpg,1905,1895,-10
30225.jpg,1905,1905,0
30230.jpg,1905,1965,60
30235.jpg,1905,1895,-10
30240.jpg,1905,1912,7
30245.jpg,1905,1904,-1
30250.jpg,1905,1880,-25
30255.jpg,1905,1905,0
30260.jpg,1905,1905,0
30265.jpg,1905,1830,-75
30270.jpg,1905,1925,20
30275.jpg,1905,1907,2
30280.jpg,1905,1810,-95
30285.jpg,1905,1910,5
30290.jpg,1905,1900,-5
30295.jpg,1906,1905,-1
30300.jpg,1906,1888,-18
30305.jpg,1906,1928,22
30310.jpg,1906,1910,4
30315.jpg,1906,1910,4
30320.jpg,1906,1989,83
30325.jpg,1906,1960,54
30330.jpg,1906,1825,-81
30335.jpg,1906,1910,4
30340.jpg,1906,1928,22
30345.jpg,1906,1912,6
30350.jpg,1906,1938,32
30355.jpg,1906,1936,30
30360.jpg,1906,1898,-8
30365.jpg,1906,1902,-4
30370.jpg,1906,1910,4
30375.jpg,1906,1914,8
30380.jpg,1906,1928,22
30385.jpg,1906,1895,-11
30390.jpg,1906,1903,-3
30395.jpg,1906,1912,6
30400.jpg,1906,1928,22
30405.jpg,1906,1895,-11
30410.jpg,1906,1905,-1
30415.jpg,1906,1910,4
30420.jpg,1906,1910,4
30425.jpg,1906,1910,4
30430.jpg,1906,1890,-16
30435.jpg,1906,1910,4
30440.jpg,1906,1968,62
30445.jpg,1906,1831,-75
30450.jpg,1906,1872,-34
30455.jpg,1906,1905,-1
30460.jpg,1906,1939,33
30465.jpg,1906,1932,26
30470.jpg,1906,1895,-11
30475.jpg,1906,1895,-11
30480.jpg,1906,1908,2
30485.jpg,1906,1890,-16
30490.jpg,1906,1910,4
30495.jpg,1906,1905,-1
30500.jpg,1906,1905,-1
30505.jpg,1906,1895,-11
30510.jpg,1906,1888,-18
30515.jpg,1906,1928,22
30520.jpg,1906,1905,-1
30525.jpg,1906,1905,-1
30530.jpg,1906,1895,-11
30535.jpg,1906,1895,-11
30540.jpg,1906,1855,-51
30545.jpg,1906,1939,33
30550.jpg,1906,1890,-16
30555.jpg,1906,1910,4
30560.jpg,1906,1905,-1
30565.jpg,1906,1905,-1
30570.jpg,1906,1905,-1
30575.jpg,1906,1935,29
30580.jpg,1906,1928,22
30585.jpg,1906,1900,-6
30590.jpg,1906,1890,-16
30595.jpg,1906,1905,-1
30600.jpg,1906,1895,-11
30605.jpg,1906,1895,-11
30610.jpg,1906,1895,-11
30615.jpg,1906,1910,4
30620.jpg,1906,1895,-11
30625.jpg,1906,1890,-16
30630.jpg,1906,1905,-1
30635.jpg,1906,1928,22
30640.jpg,1906,1905,-1
30645.jpg,1906,1928,22
30650.jpg,1906,1816,-90
30655.jpg,1906,1895,-11
30665.jpg,1906,1910,4
30670.jpg,1906,1895,-11
30685.jpg,1906,1905,-1
30690.jpg,1906,1890,-16
30695.jpg,1906,1910,4
30700.jpg,1906,1928,22
30705.jpg,1906,1910,4
30710.jpg,1906,1928,22
30715.jpg,1906,1968,62
30720.jpg,1906,1892,-14
30725.jpg,1906,1905,-1
30730.jpg,1906,1936,30
30740.jpg,1906,1850,-56
30745.jpg,1906,1899,-7
30750.jpg,1906,1912,6
30760.jpg,1907,1928,21
30765.jpg,1907,1910,3
30770.jpg,1907,1903,-4
30780.jpg,1907,1965,58
30785.jpg,1907,1919,12
30790.jpg,1907,1988,81
30795.jpg,1907,1888,-19
30800.jpg,1907,1905,-2
30805.jpg,1907,1890,-17
30810.jpg,1907,1894,-13
30815.jpg,1907,1928,21
30820.jpg,1907,1912,5
30825.jpg,1907,1912,5
30830.jpg,1907,1907,0
30835.jpg,1907,1894,-13
30840.jpg,1907,1928,21
30845.jpg,1907,1927,20
30855.jpg,1907,1892,-15
30860.jpg,1907,1912,5
30865.jpg,1907,1912,5
30870.jpg,1907,1912,5
30875.jpg,1907,1905,-2
30880.jpg,1907,1910,3
30885.jpg,1907,1890,-17
30895.jpg,1907,1928,21
30900.jpg,1907,1895,-12
30905.jpg,1907,1905,-2
30910.jpg,1907,1982,75
30915.jpg,1907,1905,-2
30920.jpg,1907,1968,61
30925.jpg,1907,1937,30
30930.jpg,1907,1905,-2
30935.jpg,1907,1928,21
30940.jpg,1907,1998,91
30945.jpg,1907,1929,22
30950.jpg,1907,1858,-49
30955.jpg,1907,1887,-20
30960.jpg,1907,1895,-12
30965.jpg,1907,1905,-2
30970.jpg,1907,1910,3
30975.jpg,1907,1895,-12
30980.jpg,1907,1905,-2
30985.jpg,1907,1905,-2
30990.jpg,1907,1910,3
30995.jpg,1907,1905,-2
31000.jpg,1907,1910,3
31005.jpg,1907,1888,-19
31010.jpg,1907,1905,-2
31015.jpg,1907,1910,3
31020.jpg,1907,1888,-19
31025.jpg,1907,1910,3
31030.jpg,1907,1830,-77
31035.jpg,1907,1928,21
31040.jpg,1907,1910,3
31045.jpg,1907,1905,-2
31050.jpg,1907,1895,-12
31055.jpg,1907,1855,-52
31060.jpg,1907,1910,3
31065.jpg,1907,1895,-12
31070.jpg,1907,1905,-2
31075.jpg,1907,1905,-2
31080.jpg,1907,1905,-2
31085.jpg,1907,1905,-2
31090.jpg,1907,1902,-5
31095.jpg,1907,1895,-12
31100.jpg,1907,1910,3
31105.jpg,1907,1928,21
31110.jpg,1907,1910,3
31115.jpg,1907,1895,-12
31120.jpg,1907,1888,-19
31125.jpg,1907,1905,-2
31130.jpg,1907,1910,3
31135.jpg,1907,1895,-12
31140.jpg,1907,1900,-7
31150.jpg,1907,1895,-12
31155.jpg,1907,1905,-2
31160.jpg,1907,1936,29
31165.jpg,1907,1905,-2
31170.jpg,1907,1937,30
31175.jpg,1907,1911,4
31180.jpg,1907,1910,3
31185.jpg,1907,1917,10
31190.jpg,1907,1988,81
31195.jpg,1907,1902,-5
31200.jpg,1907,1928,21
31205.jpg,1907,1937,30
31210.jpg,1907,1902,-5
31215.jpg,1907,1928,21
31220.jpg,1907,1880,-27
31225.jpg,1907,1910,3
31230.jpg,1907,1928,21
31235.jpg,1907,1888,-19
31240.jpg,1907,1912,5
31245.jpg,1907,1910,3
31250.jpg,1907,1900,-7
31255.jpg,1907,1878,-29
31260.jpg,1907,1910,3
31265.jpg,1907,1905,-2
31270.jpg,1907,1935,28
31275.jpg,1907,1912,5
31280.jpg,1907,1928,21
31285.jpg,1907,1955,48
31290.jpg,1907,1928,21
31295.jpg,1907,1910,3
31300.jpg,1907,1931,24
31305.jpg,1907,1914,7
31310.jpg,1908,1900,-8
31315.jpg,1908,1924,16
31320.jpg,1908,1939,31
31325.jpg,1908,1928,20
31330.jpg,1908,1905,-3
31335.jpg,1908,1925,17
31345.jpg,1908,1935,27
31350.jpg,1908,1915,7
31355.jpg,1908,1928,20
31360.jpg,1908,1910,2
31365.jpg,1908,1910,2
31370.jpg,1908,1928,20
31380.jpg,1908,1830,-78
31385.jpg,1908,1905,-3
31390.jpg,1908,1928,20
31395.jpg,1908,1938,30
31400.jpg,1908,1912,4
31405.jpg,1908,1912,4
31410.jpg,1908,1901,-7
31415.jpg,1908,1931,23
31420.jpg,1908,1888,-20
31425.jpg,1908,1928,20
31430.jpg,1908,1910,2
31435.jpg,1908,1938,30
31440.jpg,1908,1910,2
31445.jpg,1908,1912,4
31450.jpg,1908,1908,0
31455.jpg,1908,1910,2
31460.jpg,1908,1890,-18
31465.jpg,1908,1910,2
31470.jpg,1908,1901,-7
31475.jpg,1908,1868,-40
31480.jpg,1908,1850,-58
31485.jpg,1908,1874,-34
31490.jpg,1908,1902,-6
31500.jpg,1908,1910,2
31505.jpg,1908,1905,-3
31510.jpg,1908,1895,-13
31515.jpg,1908,1895,-13
31520.jpg,1908,1905,-3
31525.jpg,1908,1902,-6
31530.jpg,1908,1928,20
31535.jpg,1908,1910,2
31540.jpg,1908,1905,-3
31545.jpg,1908,1910,2
31550.jpg,1908,1895,-13
31555.jpg,1908,1895,-13
31560.jpg,1908,1890,-18
31565.jpg,1908,1790,-118
31570.jpg,1908,1858,-50
31575.jpg,1908,1928,20
31580.jpg,1908,1915,7
31585.jpg,1908,1895,-13
31590.jpg,1908,1905,-3
31595.jpg,1908,1895,-13
31600.jpg,1908,1905,-3
31605.jpg,1908,1935,27
31610.jpg,1908,1915,7
31620.jpg,1908,1918,10
31625.jpg,1908,1905,-3
31630.jpg,1908,1905,-3
31635.jpg,1908,1928,20
31640.jpg,1908,1910,2
31645.jpg,1908,1910,2
31650.jpg,1908,1910,2
31655.jpg,1908,1910,2
31660.jpg,1908,1928,20
31665.jpg,1908,1905,-3
31670.jpg,1908,1888,-20
31675.jpg,1908,1898,-10
31680.jpg,1908,1820,-88
31685.jpg,1908,1898,-10
31690.jpg,1908,1910,2
31695.jpg,1908,1910,2
31700.jpg,1908,1910,2
31705.jpg,1908,1910,2
31710.jpg,1908,1905,-3
31715.jpg,1908,1915,7
31720.jpg,1908,1910,2
31725.jpg,1908,1912,4
31730.jpg,1908,1905,-3
31735.jpg,1908,1938,30
31740.jpg,1908,1902,-6
31745.jpg,1908,1892,-16
31750.jpg,1908,1928,20
31755.jpg,1908,1905,-3
31760.jpg,1908,1910,2
31765.jpg,1909,1910,1
31770.jpg,1909,1927,18
31775.jpg,1909,1888,-21
31780.jpg,1909,1887,-22
31785.jpg,1909,2022,113
31790.jpg,1909,1998,89
31805.jpg,1909,1968,59
31815.jpg,1909,1905,-4
31820.jpg,1909,1925,16
31825.jpg,1909,1915,6
31830.jpg,1909,1897,-12
31835.jpg,1909,1928,19
31840.jpg,1909,1912,3
31845.jpg,1909,1905,-4
31850.jpg,1909,1910,1
31855.jpg,1909,1928,19
31860.jpg,1909,1910,1
31865.jpg,1909,1889,-20
31870.jpg,1909,1913,4
31875.jpg,1909,1904,-5
31880.jpg,1909,1910,1
31885.jpg,1909,1909,0
31890.jpg,1909,1928,19
31895.jpg,1909,1888,-21
31900.jpg,1909,1912,3
31905.jpg,1909,1890,-19
31910.jpg,1909,1912,3
31915.jpg,1909,1928,19
31920.jpg,1909,1930,21
31925.jpg,1909,1955,46
31930.jpg,1909,1905,-4
31935.jpg,1909,1910,1
31940.jpg,1909,1905,-4
31945.jpg,1909,1905,-4
31950.jpg,1909,1911,2
31955.jpg,1909,1905,-4
31960.jpg,1909,1911,2
31970.jpg,1909,1888,-21
31975.jpg,1909,1910,1
31980.jpg,1909,1928,19
31985.jpg,1909,1885,-24
31990.jpg,1909,1888,-21
31995.jpg,1909,1939,30
32005.jpg,1909,1930,21
32015.jpg,1909,1905,-4
32020.jpg,1909,1928,19
32025.jpg,1909,1810,-99
32030.jpg,1909,1910,1
32035.jpg,1909,1870,-39
32045.jpg,1909,1905,-4
32050.jpg,1909,1905,-4
32055.jpg,1909,1912,3
32060.jpg,1909,1880,-29
32065.jpg,1909,1910,1
32070.jpg,1909,1905,-4
32075.jpg,1909,1928,19
32080.jpg,1909,1880,-29
32085.jpg,1909,1912,3
32090.jpg,1909,1905,-4
32095.jpg,1909,1910,1
32100.jpg,1909,1912,3
32105.jpg,1909,1928,19
32110.jpg,1909,1930,21
32115.jpg,1909,1905,-4
32120.jpg,1909,1918,9
32125.jpg,1909,1908,-1
32130.jpg,1909,1928,19
32135.jpg,1909,1880,-29
32140.jpg,1909,1901,-8
32145.jpg,1909,1880,-29
32150.jpg,1909,1880,-29
32155.jpg,1909,1928,19
32160.jpg,1909,1905,-4
32165.jpg,1909,1910,1
32170.jpg,1909,1905,-4
32175.jpg,1909,1905,-4
32180.jpg,1909,1927,18
32185.jpg,1909,1928,19
32190.jpg,1909,1887,-22
32195.jpg,1909,1895,-14
32200.jpg,1909,1915,6
32205.jpg,1909,1938,29
32210.jpg,1909,1912,3
32215.jpg,1909,1912,3
32220.jpg,1909,1905,-4
32225.jpg,1909,1968,59
32230.jpg,1910,1753,-157
32235.jpg,1910,1887,-23
32240.jpg,1910,1903,-7
32245.jpg,1910,1968,58
32255.jpg,1910,1928,18
32260.jpg,1910,1939,29
32265.jpg,1910,1985,75
32270.jpg,1910,1960,50
32275.jpg,1910,1988,78
32280.jpg,1910,1938,28
32285.jpg,1910,1915,5
32290.jpg,1910,1905,-5
32295.jpg,1910,1910,0
32300.jpg,1910,1938,28
32305.jpg,1910,1915,5
32310.jpg,1910,1898,-12
32315.jpg,1910,1912,2
32320.jpg,1910,1895,-15
32325.jpg,1910,1902,-8
32330.jpg,1910,1928,18
32335.jpg,1910,1912,2
32340.jpg,1910,1830,-80
32345.jpg,1910,1895,-15
32350.jpg,1910,1920,10
32355.jpg,1910,1928,18
32360.jpg,1910,1912,2
32365.jpg,1910,1910,0
32370.jpg,1910,1935,25
32375.jpg,1910,1928,18
32380.jpg,1910,1890,-20
32385.jpg,1910,1983,73
32390.jpg,1910,1936,26
32395.jpg,1910,1913,3
32400.jpg,1910,1912,2
32405.jpg,1910,1830,-80
32410.jpg,1910,1936,26
32415.jpg,1910,1860,-50
32420.jpg,1910,1930,20
32425.jpg,1910,1905,-5
32430.jpg,1910,1905,-5
32435.jpg,1910,1895,-15
32440.jpg,1910,1888,-22
32445.jpg,1910,1910,0
32450.jpg,1910,1910,0
32455.jpg,1910,1910,0
32460.jpg,1910,1910,0
32465.jpg,1910,1910,0
32470.jpg,1910,1840,-70
32475.jpg,1910,1890,-20
32480.jpg,1910,1890,-20
32485.jpg,1910,1928,18
32490.jpg,1910,1910,0
32495.jpg,1910,1895,-15
32500.jpg,1910,1928,18
32505.jpg,1910,1928,18
32510.jpg,1910,1928,18
32515.jpg,1910,1928,18
32520.jpg,1910,1910,0
32525.jpg,1910,1905,-5
32530.jpg,1910,1928,18
32535.jpg,1910,1915,5
32540.jpg,1910,1910,0
32545.jpg,1910,1925,15
32550.jpg,1910,1905,-5
32555.jpg,1910,1915,5
32560.jpg,1910,1910,0
32565.jpg,1910,1910,0
32570.jpg,1910,1895,-15
32575.jpg,1910,1905,-5
32580.jpg,1910,1910,0
32585.jpg,1910,1928,18
32590.jpg,1910,1905,-5
32595.jpg,1910,1922,12
32600.jpg,1910,1895,-15
32605.jpg,1910,1574,-336
32610.jpg,1910,1928,18
32615.jpg,1910,1928,18
32620.jpg,1910,1915,5
32625.jpg,1910,1928,18
32630.jpg,1910,1912,2
32635.jpg,1910,1928,18
32640.jpg,1910,1910,0
32645.jpg,1910,1910,0
32650.jpg,1910,1925,15
32655.jpg,1910,1938,28
32660.jpg,1910,1915,5
32665.jpg,1910,1905,-5
32675.jpg,1910,1905,-5
32680.jpg,1910,1880,-30
32685.jpg,1910,1905,-5
32690.jpg,1910,1895,-15
32695.jpg,1910,1910,0
32700.jpg,1910,1928,18
32705.jpg,1910,1880,-30
32710.jpg,1910,1912,2
32715.jpg,1910,1915,5
32720.jpg,1910,1928,18
32725.jpg,1910,1910,0
32730.jpg,1910,1928,18
32735.jpg,1910,1840,-70
32740.jpg,1911,1898,-13
32745.jpg,1911,1937,26
32750.jpg,1911,1914,3
32755.jpg,1911,1936,25
32760.jpg,1911,1910,-1
32765.jpg,1911,1908,-3
32770.jpg,1911,1910,-1
32775.jpg,1911,1927,16
32780.jpg,1911,1935,24
32785.jpg,1911,1991,80
32790.jpg,1911,1895,-16
32795.jpg,1911,1913,2
32800.jpg,1911,1958,47
32805.jpg,1911,1895,-16
32810.jpg,1911,1928,17
32815.jpg,1911,1910,-1
32820.jpg,1911,1938,27
32825.jpg,1911,1928,17
32830.jpg,1911,1910,-1
32835.jpg,1911,1919,8
32840.jpg,1911,1968,57
32845.jpg,1911,1910,-1
32850.jpg,1911,1927,16
32855.jpg,1911,1912,1
32860.jpg,1911,1968,57
32865.jpg,1911,1912,1
32870.jpg,1911,1927,16
32875.jpg,1911,1928,17
32885.jpg,1911,1912,1
32890.jpg,1911,1910,-1
32895.jpg,1911,1905,-6
32900.jpg,1911,1895,-16
32905.jpg,1911,1910,-1
32910.jpg,1911,1885,-26
32915.jpg,1911,1912,1
32920.jpg,1911,1910,-1
32925.jpg,1911,1908,-3
32930.jpg,1911,1927,16
32935.jpg,1911,1968,57
32940.jpg,1911,1912,1
32945.jpg,1911,1888,-23
32950.jpg,1911,2005,94
32955.jpg,1911,1870,-41
32960.jpg,1911,1930,19
32965.jpg,1911,1911,0
32970.jpg,1911,1926,15
32975.jpg,1911,1886,-25
32980.jpg,1911,1895,-16
32985.jpg,1911,1910,-1
32990.jpg,1911,1900,-11
32995.jpg,1911,1905,-6
33000.jpg,1911,1915,4
33005.jpg,1911,1770,-141
33010.jpg,1911,1912,1
33015.jpg,1911,1905,-6
33020.jpg,1911,1928,17
33025.jpg,1911,1880,-31
33030.jpg,1911,1910,-1
33035.jpg,1911,1975,64
33040.jpg,1911,1905,-6
33045.jpg,1911,1910,-1
33050.jpg,1911,1965,54
33055.jpg,1911,1910,-1
33060.jpg,1911,1905,-6
33065.jpg,1911,1880,-31
33070.jpg,1911,1905,-6
33075.jpg,1911,1910,-1
33080.jpg,1911,1910,-1
33085.jpg,1911,1928,17
33090.jpg,1911,1905,-6
33095.jpg,1911,1895,-16
33100.jpg,1911,1905,-6
33105.jpg,1911,1858,-53
33110.jpg,1911,1910,-1
33115.jpg,1911,1825,-86
33120.jpg,1911,1912,1
33125.jpg,1911,1939,28
33130.jpg,1911,1905,-6
33135.jpg,1911,1905,-6
33140.jpg,1911,1928,17
33145.jpg,1911,1895,-16
33150.jpg,1911,1550,-361
33155.jpg,1911,1963,52
33160.jpg,1911,1912,1
33165.jpg,1911,1915,4
33170.jpg,1911,1912,1
33175.jpg,1911,1958,47
33180.jpg,1911,1915,4
33185.jpg,1911,1912,1
33190.jpg,1911,1910,-1
33195.jpg,1911,1970,59
33200.jpg,1911,1905,-6
33205.jpg,1911,1905,-6
33210.jpg,1911,1900,-11
33215.jpg,1911,1910,-1
33220.jpg,1911,1912,1
33225.jpg,1911,1905,-6
33230.jpg,1911,1905,-6
33235.jpg,1911,1912,1
33240.jpg,1911,1826,-85
33245.jpg,1911,1916,5
33250.jpg,1911,1928,17
33255.jpg,1911,1910,-1
33260.jpg,1911,1910,-1
33265.jpg,1911,1915,4
33270.jpg,1911,1913,2
33275.jpg,1911,1905,-6
33280.jpg,1912,1915,3
33285.jpg,1912,1914,2
33290.jpg,1912,1905,-7
33295.jpg,1912,1922,10
33300.jpg,1912,1890,-22
33310.jpg,1912,1960,48
33315.jpg,1912,1965,53
33320.jpg,1912,1970,58
33325.jpg,1912,1922,10
33330.jpg,1912,1910,-2
33335.jpg,1912,1962,50
33340.jpg,1912,1928,16
33345.jpg,1912,1840,-72
33350.jpg,1912,1905,-7
33355.jpg,1912,1928,16
33360.jpg,1912,1928,16
33365.jpg,1912,1905,-7
33375.jpg,1912,1913,1
33380.jpg,1912,1937,25
33385.jpg,1912,1898,-14
33390.jpg,1912,1895,-17
33395.jpg,1912,1998,86
33400.jpg,1912,1928,16
33405.jpg,1912,2005,93
33410.jpg,1912,1835,-77
33415.jpg,1912,1915,3
33420.jpg,1912,1914,2
33425.jpg,1912,1905,-7
33430.jpg,1912,1912,0
33435.jpg,1912,1928,16
33440.jpg,1912,1915,3
33445.jpg,1912,1928,16
33450.jpg,1912,1895,-17
33455.jpg,1912,1855,-57
33460.jpg,1912,1912,0
33465.jpg,1912,1912,0
33470.jpg,1912,1910,-2
33475.jpg,1912,1892,-20
33480.jpg,1912,1912,0
33485.jpg,1912,1955,43
33490.jpg,1912,1883,-29
33495.jpg,1912,1910,-2
33500.jpg,1912,1913,1
33505.jpg,1912,1886,-26
33510.jpg,1912,1928,16
33515.jpg,1912,1910,-2
33520.jpg,1912,1910,-2
33525.jpg,1912,1880,-32
33530.jpg,1912,1855,-57
33535.jpg,1912,1905,-7
33540.jpg,1912,1888,-24
33545.jpg,1912,1910,-2
33550.jpg,1912,1912,0
33555.jpg,1912,1910,-2
33560.jpg,1912,1902,-10
33565.jpg,1912,1925,13
33570.jpg,1912,1905,-7
33580.jpg,1912,1710,-202
33585.jpg,1912,1910,-2
33590.jpg,1912,1905,-7
33595.jpg,1912,1895,-17
33600.jpg,1912,1912,0
33605.jpg,1912,1905,-7
33615.jpg,1912,1910,-2
33620.jpg,1912,1928,16
33625.jpg,1912,1880,-32
33630.jpg,1912,1910,-2
33635.jpg,1912,1928,16
33640.jpg,1912,1880,-32
33645.jpg,1912,1895,-17
33650.jpg,1912,1905,-7
33655.jpg,1912,1910,-2
33660.jpg,1912,1890,-22
33665.jpg,1912,1905,-7
33670.jpg,1912,1910,-2
33675.jpg,1912,1985,73
33680.jpg,1912,1905,-7
33685.jpg,1912,1928,16
33690.jpg,1912,1971,59
33695.jpg,1912,1896,-16
33700.jpg,1912,1888,-24
33705.jpg,1912,1928,16
33710.jpg,1912,1910,-2
33715.jpg,1912,1928,16
33720.jpg,1912,1895,-17
33725.jpg,1912,1905,-7
33735.jpg,1912,1895,-17
33740.jpg,1912,1895,-17
33745.jpg,1912,1950,38
33750.jpg,1912,1910,-2
33755.jpg,1912,1912,0
33760.jpg,1912,1888,-24
33765.jpg,1913,1925,12
33770.jpg,1913,1938,25
33775.jpg,1913,1912,-1
33780.jpg,1913,1912,-1
33785.jpg,1913,1927,14
33790.jpg,1913,1905,-8
33795.jpg,1913,1921,8
33800.jpg,1913,1928,15
33805.jpg,1913,1905,-8
33810.jpg,1913,1928,15
33815.jpg,1913,1938,25
33820.jpg,1913,2003,90
33825.jpg,1913,1905,-8
33830.jpg,1913,1905,-8
33840.jpg,1913,1910,-3
33845.jpg,1913,1910,-3
33850.jpg,1913,1914,1
33855.jpg,1913,1928,15
33860.jpg,1913,1910,-3
33865.jpg,1913,1912,-1
33870.jpg,1913,1829,-84
33875.jpg,1913,1916,3
33880.jpg,1913,1928,15
33885.jpg,1913,1914,1
33890.jpg,1913,1912,-1
33895.jpg,1913,1938,25
33900.jpg,1913,1913,0
33905.jpg,1913,1908,-5
33910.jpg,1913,1927,14
33915.jpg,1913,1890,-23
33920.jpg,1913,1915,2
33925.jpg,1913,1938,25
33930.jpg,1913,1928,15
33935.jpg,1913,1927,14
33940.jpg,1913,1928,15
33945.jpg,1913,1910,-3
33950.jpg,1913,1912,-1
33955.jpg,1913,1928,15
33960.jpg,1913,1910,-3
33965.jpg,1913,1928,15
33970.jpg,1913,1915,2
33975.jpg,1913,1914,1
33980.jpg,1913,1968,55
33985.jpg,1913,1952,39
33990.jpg,1913,1872,-41
33995.jpg,1913,1912,-1
34000.jpg,1913,1910,-3
34005.jpg,1913,1968,55
34010.jpg,1913,1898,-15
34015.jpg,1913,1880,-33
34020.jpg,1913,1937,24
34025.jpg,1913,1928,15
34030.jpg,1913,1905,-8
34035.jpg,1913,1910,-3
34040.jpg,1913,1905,-8
34045.jpg,1913,1925,12
34050.jpg,1913,1910,-3
34055.jpg,1913,1928,15
34060.jpg,1913,1890,-23
34065.jpg,1913,1910,-3
34070.jpg,1913,1915,2
34080.jpg,1913,1820,-93
34085.jpg,1913,1890,-23
34090.jpg,1913,1918,5
34095.jpg,1913,1915,2
34100.jpg,1913,1910,-3
34105.jpg,1913,1905,-8
34110.jpg,1913,1905,-8
34115.jpg,1913,1912,-1
34120.jpg,1913,1928,15
34125.jpg,1913,1910,-3
34130.jpg,1913,1905,-8
34135.jpg,1913,1905,-8
34140.jpg,1913,1910,-3
34145.jpg,1913,1928,15
34150.jpg,1913,1905,-8
34155.jpg,1913,1928,15
34160.jpg,1913,1858,-55
34165.jpg,1913,1917,4
34170.jpg,1913,1905,-8
34175.jpg,1913,1880,-33
34180.jpg,1913,1868,-45
34185.jpg,1913,1898,-15
34190.jpg,1913,1937,24
34195.jpg,1913,1810,-103
34200.jpg,1913,1935,22
34205.jpg,1913,1910,-3
34210.jpg,1913,1928,15
34215.jpg,1913,1928,15
34220.jpg,1913,1928,15
34225.jpg,1914,1936,22
34230.jpg,1914,1912,-2
34235.jpg,1914,1927,13
34240.jpg,1914,1928,14
34245.jpg,1914,1982,68
34250.jpg,1914,1926,12
34260.jpg,1914,2003,89
34265.jpg,1914,1910,-4
34270.jpg,1914,1928,14
34275.jpg,1914,1912,-2
34280.jpg,1914,1912,-2
34285.jpg,1914,2005,91
34290.jpg,1914,1905,-9
34295.jpg,1914,1928,14
34300.jpg,1914,1928,14
34305.jpg,1914,1915,1
34310.jpg,1914,1912,-2
34315.jpg,1914,1912,-2
34320.jpg,1914,1910,-4
34325.jpg,1914,1905,-9
34330.jpg,1914,1928,14
34335.jpg,1914,1914,0
34345.jpg,1914,1930,16
34350.jpg,1914,1836,-78
34360.jpg,1914,1912,-2
34365.jpg,1914,1915,1
34370.jpg,1914,1930,16
34375.jpg,1914,1912,-2
34380.jpg,1914,1938,24
34385.jpg,1914,1880,-34
34390.jpg,1914,1905,-9
34395.jpg,1914,1905,-9
34400.jpg,1914,1880,-34
34405.jpg,1914,1905,-9
34410.jpg,1914,1902,-12
34415.jpg,1914,1877,-37
34420.jpg,1914,1960,46
34425.jpg,1914,1563,-351
34430.jpg,1914,1888,-26
34435.jpg,1914,1912,-2
34440.jpg,1914,1855,-59
34445.jpg,1914,1888,-26
34450.jpg,1914,1890,-24
34455.jpg,1914,1820,-94
34460.jpg,1914,1890,-24
34465.jpg,1914,1910,-4
34470.jpg,1914,1910,-4
34475.jpg,1914,1865,-49
34480.jpg,1914,1910,-4
34485.jpg,1914,1928,14
34490.jpg,1914,1905,-9
34495.jpg,1914,1855,-59
34500.jpg,1914,1910,-4
34505.jpg,1914,1900,-14
34515.jpg,1914,1830,-84
34520.jpg,1914,1895,-19
34525.jpg,1914,1905,-9
34530.jpg,1914,1895,-19
34535.jpg,1914,1910,-4
34540.jpg,1914,1905,-9
34545.jpg,1914,1925,11
34550.jpg,1914,1905,-9
34555.jpg,1914,1857,-57
34560.jpg,1914,1910,-4
34565.jpg,1914,1895,-19
34570.jpg,1914,1925,11
34575.jpg,1914,1912,-2
34580.jpg,1914,1938,24
34590.jpg,1914,1900,-14
34595.jpg,1914,1928,14
34600.jpg,1914,1935,21
34605.jpg,1914,1880,-34
34610.jpg,1914,1905,-9
34615.jpg,1914,1905,-9
34620.jpg,1914,1820,-94
34625.jpg,1914,1905,-9
34630.jpg,1914,1910,-4
34635.jpg,1914,1905,-9
34640.jpg,1914,1927,13
34645.jpg,1914,1928,14
34650.jpg,1914,1905,-9
34655.jpg,1914,1928,14
34660.jpg,1914,1932,18
34665.jpg,1914,1912,-2
34670.jpg,1914,1910,-4
34675.jpg,1914,1905,-9
34680.jpg,1914,1924,10
34685.jpg,1914,1928,14
34690.jpg,1914,1928,14
34695.jpg,1914,1905,-9
34700.jpg,1914,1910,-4
34705.jpg,1914,1938,24
34710.jpg,1914,1928,14
34715.jpg,1914,1910,-4
34720.jpg,1915,1912,-3
34725.jpg,1915,1898,-17
34730.jpg,1915,1924,9
34735.jpg,1915,1927,12
34740.jpg,1915,1912,-3
34750.jpg,1915,1928,13
34755.jpg,1915,1972,57
34765.jpg,1915,1926,11
34770.jpg,1915,1938,23
34775.jpg,1915,1912,-3
34780.jpg,1915,1928,13
34785.jpg,1915,1928,13
34790.jpg,1915,1927,12
34795.jpg,1915,1915,0
34800.jpg,1915,1928,13
34805.jpg,1915,1910,-5
34810.jpg,1915,1928,13
34815.jpg,1915,1938,23
34820.jpg,1915,1962,47
34825.jpg,1915,1912,-3
34830.jpg,1915,1826,-89
34835.jpg,1915,1928,13
34840.jpg,1915,1880,-35
34845.jpg,1915,1938,23
34850.jpg,1915,1910,-5
34855.jpg,1915,1926,11
34860.jpg,1915,1910,-5
34865.jpg,1915,1917,2
34870.jpg,1915,1928,13
34875.jpg,1915,1928,13
34880.jpg,1915,1892,-23
34885.jpg,1915,1912,-3
34890.jpg,1915,1910,-5
34895.jpg,1915,1910,-5
34900.jpg,1915,1873,-42
34905.jpg,1915,1925,10
34910.jpg,1915,1958,43
34915.jpg,1915,1887,-28
34920.jpg,1915,1894,-21
34925.jpg,1915,1910,-5
34930.jpg,1915,1955,40
34935.jpg,1915,1928,13
34940.jpg,1915,1905,-10
34945.jpg,1915,1910,-5
34950.jpg,1915,1915,0
34955.jpg,1915,1840,-75
34960.jpg,1915,1928,13
34965.jpg,1915,1965,50
34970.jpg,1915,1910,-5
34975.jpg,1915,1905,-10
34980.jpg,1915,1895,-20
34985.jpg,1915,1905,-10
34990.jpg,1915,1910,-5
34995.jpg,1915,1895,-20
35000.jpg,1915,1905,-10
35005.jpg,1915,1925,10
35010.jpg,1915,1928,13
35015.jpg,1915,1910,-5
35020.jpg,1915,1915,0
35025.jpg,1915,1905,-10
35030.jpg,1915,1910,-5
35035.jpg,1915,1928,13
35040.jpg,1915,1928,13
35045.jpg,1915,1928,13
35050.jpg,1915,1910,-5
35055.jpg,1915,1928,13
35060.jpg,1915,1910,-5
35065.jpg,1915,1928,13
35070.jpg,1915,1912,-3
35075.jpg,1915,1938,23
35080.jpg,1915,1938,23
35085.jpg,1915,1928,13
35090.jpg,1915,1910,-5
35095.jpg,1915,1928,13
35100.jpg,1915,1900,-15
35105.jpg,1915,1928,13
35110.jpg,1915,1910,-5
35115.jpg,1915,1925,10
35120.jpg,1915,1930,15
35125.jpg,1915,1933,18
35130.jpg,1915,1928,13
35135.jpg,1915,1840,-75
35140.jpg,1915,1850,-65
35145.jpg,1915,1938,23
35150.jpg,1915,1964,49
35155.jpg,1915,1931,16
35160.jpg,1916,1928,12
35165.jpg,1916,1939,23
35170.jpg,1916,1938,22
35175.jpg,1916,2003,87
35180.jpg,1916,1910,-6
35185.jpg,1916,1928,12
35190.jpg,1916,1938,22
35195.jpg,1916,1927,11
35200.jpg,1916,1910,-6
35205.jpg,1916,1928,12
35210.jpg,1916,1962,46
35215.jpg,1916,1928,12
35220.jpg,1916,1912,-4
35225.jpg,1916,1912,-4
35230.jpg,1916,1912,-4
35235.jpg,1916,1914,-2
35240.jpg,1916,1912,-4
35245.jpg,1916,1928,12
35250.jpg,1916,1912,-4
35255.jpg,1916,1965,49
35260.jpg,1916,1926,10
35265.jpg,1916,1915,-1
35270.jpg,1916,1910,-6
35275.jpg,1916,1888,-28
35280.jpg,1916,1910,-6
35285.jpg,1916,1912,-4
35290.jpg,1916,1912,-4
35295.jpg,1916,1876,-40
35300.jpg,1916,1910,-6
35305.jpg,1916,1988,72
35310.jpg,1916,1911,-5
35315.jpg,1916,1910,-6
35320.jpg,1916,1935,19
35325.jpg,1916,1910,-6
35330.jpg,1916,1935,19
35335.jpg,1916,1925,9
35340.jpg,1916,1910,-6
35345.jpg,1916,1910,-6
35350.jpg,1916,1905,-11
35355.jpg,1916,1915,-1
35360.jpg,1916,1928,12
35365.jpg,1916,1916,0
35370.jpg,1916,1892,-24
35375.jpg,1916,1910,-6
35380.jpg,1916,1890,-26
35385.jpg,1916,1910,-6
35390.jpg,1916,1925,9
35395.jpg,1916,1928,12
35400.jpg,1916,1910,-6
35405.jpg,1916,1845,-71
35410.jpg,1916,1880,-36
35415.jpg,1916,1905,-11
35420.jpg,1916,1928,12
35425.jpg,1916,1918,2
35430.jpg,1916,1910,-6
35435.jpg,1916,1820,-96
35440.jpg,1916,1915,-1
35445.jpg,1916,1938,22
35450.jpg,1916,1938,22
35455.jpg,1916,1905,-11
35460.jpg,1916,1905,-11
35465.jpg,1916,1912,-4
35470.jpg,1916,1905,-11
35475.jpg,1916,1895,-21
35480.jpg,1916,1928,12
35485.jpg,1916,1880,-36
35490.jpg,1916,1928,12
35495.jpg,1916,1930,14
35500.jpg,1916,1930,14
35505.jpg,1916,1888,-28
35510.jpg,1916,1910,-6
35515.jpg,1916,1930,14
35520.jpg,1916,1928,12
35525.jpg,1916,1934,18
35530.jpg,1916,1924,8
35535.jpg,1917,1928,11
35540.jpg,1917,1928,11
35545.jpg,1917,1912,-5
35550.jpg,1917,1928,11
35555.jpg,1917,1938,21
35560.jpg,1917,1910,-7
35565.jpg,1917,1960,43
35570.jpg,1917,1910,-7
35575.jpg,1917,1905,-12
35580.jpg,1917,1910,-7
35585.jpg,1917,1890,-27
35590.jpg,1917,1928,11
35595.jpg,1917,1938,21
35600.jpg,1917,1914,-3
35605.jpg,1917,1913,-4
35610.jpg,1917,1928,11
35615.jpg,1917,1910,-7
35620.jpg,1917,1938,21
35625.jpg,1917,1907,-10
35630.jpg,1917,1910,-7
35635.jpg,1917,1928,11
35640.jpg,1917,1912,-5
35645.jpg,1917,1915,-2
35650.jpg,1917,1928,11
35655.jpg,1917,1880,-37
35660.jpg,1917,1928,11
35665.jpg,1917,1905,-12
35670.jpg,1917,1968,51
35675.jpg,1917,1915,-2
35680.jpg,1917,1935,18
35685.jpg,1917,1889,-28
35690.jpg,1917,1935,18
35695.jpg,1917,1930,13
35700.jpg,1917,1928,11
35705.jpg,1917,1928,11
35710.jpg,1917,1916,-1
35715.jpg,1917,1938,21
35720.jpg,1917,1955,38
35725.jpg,1917,2003,86
35730.jpg,1917,1911,-6
35735.jpg,1917,1956,39
35740.jpg,1917,1793,-124
35745.jpg,1917,1933,16
35750.jpg,1917,1880,-37
35755.jpg,1917,1925,8
35760.jpg,1917,1918,1
35765.jpg,1917,1928,11
35770.jpg,1917,1915,-2
35775.jpg,1917,1910,-7
35780.jpg,1917,1928,11
35785.jpg,1917,1975,58
35790.jpg,1917,1928,11
35795.jpg,1917,1928,11
35800.jpg,1917,1910,-7
35805.jpg,1917,1905,-12
35810.jpg,1917,1910,-7
35815.jpg,1917,1910,-7
35820.jpg,1917,1910,-7
35825.jpg,1917,1895,-22
35830.jpg,1917,1928,11
35835.jpg,1917,1915,-2
35840.jpg,1917,1910,-7
35845.jpg,1917,1910,-7
35850.jpg,1917,1905,-12
35855.jpg,1917,1939,22
35860.jpg,1917,1928,11
35865.jpg,1917,1930,13
35870.jpg,1917,1958,41
35875.jpg,1917,1880,-37
35880.jpg,1917,1917,0
35885.jpg,1917,1928,11
35890.jpg,1917,1914,-3
35895.jpg,1917,1927,10
35900.jpg,1917,1928,11
35905.jpg,1917,1928,11
35910.jpg,1917,1912,-5
35915.jpg,1917,1930,13
35920.jpg,1918,1937,19
35925.jpg,1918,1982,64
35930.jpg,1918,1909,-9
35935.jpg,1918,1968,50
35940.jpg,1918,1948,30
35945.jpg,1918,1915,-3
35950.jpg,1918,1928,10
35955.jpg,1918,1928,10
35960.jpg,1918,1913,-5
35965.jpg,1918,1955,37
35970.jpg,1918,1928,10
35980.jpg,1918,1928,10
35985.jpg,1918,1935,17
35990.jpg,1918,1924,6
35995.jpg,1918,1860,-58
36000.jpg,1918,1910,-8
36005.jpg,1918,1915,-3
36010.jpg,1918,1830,-88
36015.jpg,1918,1928,10
36020.jpg,1918,1925,7
36025.jpg,1918,1928,10
36030.jpg,1918,1928,10
36035.jpg,1918,1928,10
36040.jpg,1918,1895,-23
36045.jpg,1918,1895,-23
36050.jpg,1918,1910,-8
36055.jpg,1918,1845,-73
36060.jpg,1918,1910,-8
36065.jpg,1918,1905,-13
36070.jpg,1918,1928,10
36075.jpg,1918,1890,-28
36080.jpg,1918,1935,17
36085.jpg,1918,1830,-88
36090.jpg,1918,1915,-3
36095.jpg,1918,1928,10
36100.jpg,1918,1880,-38
36105.jpg,1918,1928,10
36110.jpg,1918,1912,-6
36115.jpg,1919,1928,9
36120.jpg,1919,1928,9
36130.jpg,1919,1978,59
36140.jpg,1919,1912,-7
36145.jpg,1919,1928,9
36150.jpg,1919,1935,16
36155.jpg,1919,1955,36
36160.jpg,1919,1928,9
36165.jpg,1919,1958,39
36170.jpg,1919,1905,-14
36175.jpg,1919,1968,49
36180.jpg,1919,1955,36
36190.jpg,1919,1928,9
36195.jpg,1919,1828,-91
36200.jpg,1919,1932,13
36205.jpg,1919,1954,35
36210.jpg,1919,1928,9
36215.jpg,1919,1910,-9
36225.jpg,1919,1905,-14
36230.jpg,1919,1925,6
36235.jpg,1919,1910,-9
36240.jpg,1919,1928,9
36245.jpg,1919,1905,-14
36250.jpg,1919,1915,-4
36255.jpg,1919,1830,-89
36260.jpg,1919,1938,19
36265.jpg,1919,1910,-9
36270.jpg,1919,1910,-9
36275.jpg,1919,1922,3
36280.jpg,1919,1778,-141
36285.jpg,1919,1927,8
36290.jpg,1919,1912,-7
36295.jpg,1919,1910,-9
36300.jpg,1919,1916,-3
36305.jpg,1919,1905,-14
36310.jpg,1919,1928,9
36315.jpg,1919,1857,-62
36320.jpg,1919,1985,66
36325.jpg,1919,1905,-14
36330.jpg,1919,1928,9
36335.jpg,1919,1928,9
36340.jpg,1919,1912,-7
36345.jpg,1919,1915,-4
36350.jpg,1920,1928,8
36355.jpg,1920,1927,7
36360.jpg,1920,1912,-8
36365.jpg,1920,1928,8
36370.jpg,1920,1936,16
36375.jpg,1920,1936,16
36385.jpg,1920,1952,32
36390.jpg,1920,1905,-15
36395.jpg,1920,1928,8
36400.jpg,1920,1910,-10
36405.jpg,1920,1928,8
36410.jpg,1920,1938,18
36415.jpg,1920,1880,-40
36420.jpg,1920,1910,-10
36425.jpg,1920,1938,18
36430.jpg,1920,1915,-5
36435.jpg,1920,1928,8
36440.jpg,1920,1820,-100
36445.jpg,1920,1910,-10
36450.jpg,1920,1928,8
36455.jpg,1920,1580,-340
36460.jpg,1920,1912,-8
36465.jpg,1920,1880,-40
36470.jpg,1920,1905,-15
36475.jpg,1920,1912,-8
36480.jpg,1920,1912,-8
36485.jpg,1920,1918,-2
36490.jpg,1920,1925,5
36495.jpg,1920,1912,-8
36500.jpg,1920,1925,5
36505.jpg,1920,1905,-15
36510.jpg,1920,1880,-40
36515.jpg,1920,1890,-30
36520.jpg,1920,1905,-15
36525.jpg,1920,1850,-70
36530.jpg,1920,1880,-40
36535.jpg,1920,1912,-8
36540.jpg,1920,1910,-10
36545.jpg,1920,1955,35
36550.jpg,1920,1928,8
36555.jpg,1920,1912,-8
36560.jpg,1920,1915,-5
36565.jpg,1920,1870,-50
36570.jpg,1920,1905,-15
36575.jpg,1920,1952,32
36580.jpg,1920,1928,8
36585.jpg,1920,1915,-5
36590.jpg,1920,1912,-8
36595.jpg,1920,1840,-80
36600.jpg,1920,1938,18
36605.jpg,1920,1905,-15
36610.jpg,1920,1912,-8
36615.jpg,1920,1878,-42
36620.jpg,1920,1905,-15
36625.jpg,1920,1928,8
36630.jpg,1920,1928,8
36635.jpg,1920,1912,-8
36640.jpg,1920,1928,8
36650.jpg,1920,1928,8
36655.jpg,1920,1930,10
36660.jpg,1920,1929,9
36665.jpg,1920,1925,5
36670.jpg,1920,1910,-10
36675.jpg,1920,1935,15
36680.jpg,1920,1895,-25
36685.jpg,1920,1930,10
36690.jpg,1921,1928,7
36695.jpg,1921,1968,47
36700.jpg,1921,1939,18
36705.jpg,1921,1927,6
36710.jpg,1921,1928,7
36715.jpg,1921,1926,5
36720.jpg,1921,1975,54
36725.jpg,1921,1922,1
36735.jpg,1921,1979,58
36740.jpg,1921,1930,9
36745.jpg,1921,1928,7
36750.jpg,1921,1928,7
36755.jpg,1921,1915,-6
36760.jpg,1921,1905,-16
36765.jpg,1921,1938,17
36770.jpg,1921,1928,7
36775.jpg,1921,1915,-6
36780.jpg,1921,1910,-11
36785.jpg,1921,1930,9
36790.jpg,1921,1915,-6
36795.jpg,1921,1931,10
36800.jpg,1921,1888,-33
36805.jpg,1921,1905,-16
36810.jpg,1921,1875,-46
36815.jpg,1921,1926,5
36820.jpg,1921,1910,-11
36830.jpg,1921,1928,7
36835.jpg,1921,1928,7
36840.jpg,1921,1925,4
36845.jpg,1921,1928,7
36850.jpg,1921,1910,-11
36855.jpg,1921,1910,-11
36860.jpg,1921,1915,-6
36870.jpg,1921,1938,17
36875.jpg,1921,1830,-91
36880.jpg,1921,1880,-41
36885.jpg,1921,1915,-6
36890.jpg,1921,1825,-96
36895.jpg,1921,1938,17
36900.jpg,1921,1929,8
36905.jpg,1921,1930,9
36910.jpg,1921,1902,-19
36920.jpg,1921,1924,3
36925.jpg,1921,1931,10
36930.jpg,1921,1914,-7
36935.jpg,1921,1928,7
36940.jpg,1921,1925,4
36945.jpg,1921,1928,7
36950.jpg,1921,1912,-9
36955.jpg,1921,1912,-9
36960.jpg,1921,1928,7
36965.jpg,1921,1928,7
36970.jpg,1922,1935,13
36975.jpg,1922,1900,-22
36980.jpg,1922,1910,-12
36985.jpg,1922,1939,17
36990.jpg,1922,1921,-1
36995.jpg,1922,1954,32
37000.jpg,1922,1976,54
37005.jpg,1922,1955,33
37010.jpg,1922,1930,8
37015.jpg,1922,1937,15
37020.jpg,1922,1910,-12
37025.jpg,1922,1915,-7
37030.jpg,1922,1930,8
37045.jpg,1922,1928,6
37050.jpg,1922,1928,6
37055.jpg,1922,1928,6
37060.jpg,1922,1931,9
37065.jpg,1922,1927,5
37070.jpg,1922,1910,-12
37075.jpg,1922,1888,-34
37080.jpg,1922,1928,6
37085.jpg,1922,1939,17
37090.jpg,1922,1928,6
37095.jpg,1922,1926,4
37100.jpg,1922,1910,-12
37105.jpg,1922,1880,-42
37110.jpg,1922,1930,8
37115.jpg,1922,1905,-17
37120.jpg,1922,2005,83
37125.jpg,1922,1910,-12
37130.jpg,1922,1928,6
37135.jpg,1922,1920,-2
37140.jpg,1922,1928,6
37145.jpg,1922,1915,-7
37150.jpg,1922,1915,-7
37155.jpg,1922,1928,6
37160.jpg,1922,1905,-17
37165.jpg,1922,1918,-4
37170.jpg,1922,1928,6
37175.jpg,1922,1890,-32
37180.jpg,1922,1820,-102
37185.jpg,1922,1928,6
37190.jpg,1922,1928,6
37195.jpg,1922,1835,-87
37200.jpg,1922,1925,3
37205.jpg,1922,1978,56
37210.jpg,1922,1928,6
37215.jpg,1922,1928,6
37220.jpg,1922,1910,-12
37225.jpg,1922,1974,52
37230.jpg,1922,1905,-17
37235.jpg,1922,1928,6
37240.jpg,1922,1888,-34
37245.jpg,1922,1912,-10
37250.jpg,1922,1860,-62
37255.jpg,1922,1968,46
37260.jpg,1922,1975,53
37270.jpg,1922,1928,6
37275.jpg,1922,1930,8
37280.jpg,1922,1958,36
37285.jpg,1922,1985,63
37290.jpg,1922,1938,16
37295.jpg,1922,1935,13
37300.jpg,1922,1905,-17
37305.jpg,1922,1928,6
37310.jpg,1923,1940,17
37315.jpg,1923,1938,15
37320.jpg,1923,1955,32
37330.jpg,1923,1987,64
37335.jpg,1923,1937,14
37340.jpg,1923,1979,56
37345.jpg,1923,2003,80
37355.jpg,1923,1928,5
37360.jpg,1923,1925,2
37365.jpg,1923,1938,15
37370.jpg,1923,1928,5
37375.jpg,1923,1928,5
37380.jpg,1923,1928,5
37385.jpg,1923,1928,5
37390.jpg,1923,1912,-11
37395.jpg,1923,1928,5
37400.jpg,1923,1914,-9
37405.jpg,1923,1929,6
37410.jpg,1923,1912,-11
37415.jpg,1923,1912,-11
37420.jpg,1923,1925,2
37425.jpg,1923,1978,55
37430.jpg,1923,1912,-11
37435.jpg,1923,1929,6
37440.jpg,1923,1915,-8
37445.jpg,1923,1912,-11
37450.jpg,1923,1931,8
37455.jpg,1923,1928,5
37460.jpg,1923,2005,82
37465.jpg,1923,1965,42
37470.jpg,1923,1908,-15
37475.jpg,1923,1903,-20
37480.jpg,1923,1910,-13
37485.jpg,1923,1928,5
37490.jpg,1923,1935,12
37495.jpg,1923,1928,5
37500.jpg,1923,1928,5
37505.jpg,1923,1928,5
37510.jpg,1923,1905,-18
37515.jpg,1923,1928,5
37520.jpg,1923,1915,-8
37525.jpg,1923,1910,-13
37530.jpg,1923,1915,-8
37535.jpg,1923,1915,-8
37540.jpg,1923,1928,5
37545.jpg,1923,1938,15
37550.jpg,1923,1928,5
37555.jpg,1923,1910,-13
37560.jpg,1923,1938,15
37565.jpg,1923,1820,-103
37570.jpg,1923,1905,-18
37575.jpg,1923,1928,5
37580.jpg,1923,1925,2
37585.jpg,1923,1937,14
37590.jpg,1923,1912,-11
37595.jpg,1923,1776,-147
37600.jpg,1923,1929,6
37605.jpg,1923,1910,-13
37610.jpg,1923,1938,15
37615.jpg,1923,1937,14
37620.jpg,1923,1930,7
37625.jpg,1923,1938,15
37630.jpg,1923,1910,-13
37635.jpg,1923,1934,11
37640.jpg,1923,1928,5
37645.jpg,1923,1888,-35
37650.jpg,1923,1910,-13
37655.jpg,1923,1938,15
37660.jpg,1923,1912,-11
37665.jpg,1923,1928,5
37670.jpg,1924,1929,5
37675.jpg,1924,1928,4
37680.jpg,1924,1928,4
37685.jpg,1924,1927,3
37690.jpg,1924,1927,3
37695.jpg,1924,1927,3
37700.jpg,1924,1928,4
37705.jpg,1924,1924,0
37710.jpg,1924,1988,64
37715.jpg,1924,1937,13
37720.jpg,1924,1970,46
37725.jpg,1924,1968,44
37730.jpg,1924,1975,51
37735.jpg,1924,1928,4
37740.jpg,1924,1928,4
37745.jpg,1924,1928,4
37750.jpg,1924,1912,-12
37755.jpg,1924,1915,-9
37760.jpg,1924,1912,-12
37765.jpg,1924,1915,-9
37770.jpg,1924,1880,-44
37775.jpg,1924,1928,4
37780.jpg,1924,1928,4
37785.jpg,1924,1912,-12
37790.jpg,1924,1928,4
37795.jpg,1924,1900,-24
37805.jpg,1924,1925,1
37810.jpg,1924,1934,10
37815.jpg,1924,1928,4
37820.jpg,1924,1850,-74
37825.jpg,1924,1928,4
37830.jpg,1924,1927,3
37835.jpg,1924,1928,4
37845.jpg,1924,1928,4
37850.jpg,1924,1928,4
37855.jpg,1924,1912,-12
37860.jpg,1924,1931,7
37865.jpg,1924,1912,-12
37870.jpg,1924,1915,-9
37875.jpg,1924,1985,61
37880.jpg,1924,1938,14
37885.jpg,1924,1935,11
37890.jpg,1924,1963,39
37895.jpg,1924,1925,1
37900.jpg,1924,1928,4
37905.jpg,1924,1910,-14
37910.jpg,1924,1928,4
37915.jpg,1924,1928,4
37920.jpg,1924,1934,10
37925.jpg,1924,1915,-9
37930.jpg,1924,1915,-9
37935.jpg,1924,1810,-114
37940.jpg,1924,1929,5
37945.jpg,1924,1975,51
37950.jpg,1924,1905,-19
37955.jpg,1924,1960,36
37960.jpg,1924,1997,73
37965.jpg,1924,1968,44
37970.jpg,1924,1905,-19
37975.jpg,1924,1910,-14
37980.jpg,1924,1912,-12
37985.jpg,1924,1962,38
37990.jpg,1924,1938,14
37995.jpg,1924,1910,-14
38000.jpg,1924,1878,-46
38005.jpg,1924,1935,11
38010.jpg,1924,1928,4
38015.jpg,1924,1928,4
38020.jpg,1924,1809,-115
38025.jpg,1924,1938,14
38030.jpg,1924,1912,-12
38035.jpg,1924,1937,13
38040.jpg,1924,1910,-14
38045.jpg,1924,1930,6
38050.jpg,1924,1905,-19
38055.jpg,1924,1935,11
38060.jpg,1924,1880,-44
38065.jpg,1924,1928,4
38070.jpg,1924,1928,4
38075.jpg,1924,1938,14
38080.jpg,1925,1930,5
38085.jpg,1925,1911,-14
38090.jpg,1925,1928,3
38095.jpg,1925,1928,3
38100.jpg,1925,1950,25
38105.jpg,1925,1929,4
38110.jpg,1925,1928,3
38115.jpg,1925,1972,47
38120.jpg,1925,1970,45
38125.jpg,1925,1955,30
38130.jpg,1925,2015,90
38135.jpg,1925,1970,45
38140.jpg,1925,1929,4
38145.jpg,1925,1922,-3
38150.jpg,1925,1928,3
38155.jpg,1925,1928,3
38160.jpg,1925,1903,-22
38165.jpg,1925,1938,13
38170.jpg,1925,1912,-13
38175.jpg,1925,1955,30
38180.jpg,1925,1965,40
38185.jpg,1925,1938,13
38190.jpg,1925,1958,33
38195.jpg,1925,1928,3
38200.jpg,1925,1937,12
38205.jpg,1925,1928,3
38210.jpg,1925,1928,3
38215.jpg,1925,1935,10
38220.jpg,1925,1929,4
38225.jpg,1925,1929,4
38230.jpg,1925,1917,-8
38235.jpg,1925,1930,5
38245.jpg,1925,1938,13
38255.jpg,1925,1955,30
38260.jpg,1925,1938,13
38265.jpg,1925,1928,3
38270.jpg,1925,1870,-55
38275.jpg,1925,1930,5
38280.jpg,1925,1955,30
38285.jpg,1925,1913,-12
38290.jpg,1925,1909,-16
38295.jpg,1925,1928,3
38300.jpg,1925,1912,-13
38305.jpg,1925,1955,30
38310.jpg,1925,1890,-35
38315.jpg,1925,1910,-15
38320.jpg,1925,1905,-20
38325.jpg,1925,1928,3
38330.jpg,1925,1915,-10
38335.jpg,1925,1928,3
38340.jpg,1925,1928,3
38345.jpg,1925,1915,-10
38350.jpg,1925,1928,3
38355.jpg,1925,1928,3
38360.jpg,1925,1928,3
38365.jpg,1925,1905,-20
38370.jpg,1925,1910,-15
38375.jpg,1925,1928,3
38380.jpg,1925,1915,-10
38385.jpg,1925,1925,0
38390.jpg,1925,1910,-15
38395.jpg,1925,1928,3
38400.jpg,1925,1928,3
38405.jpg,1925,1910,-15
38410.jpg,1925,1928,3
38415.jpg,1925,1928,3
38420.jpg,1925,1928,3
38425.jpg,1925,1912,-13
38435.jpg,1925,1927,2
38440.jpg,1925,1926,1
38450.jpg,1925,1912,-13
38455.jpg,1925,1963,38
38460.jpg,1925,1925,0
38465.jpg,1925,1927,2
38470.jpg,1925,1936,11
38475.jpg,1925,1928,3
38480.jpg,1925,1928,3
38490.jpg,1925,1929,4
38495.jpg,1925,1925,0
38500.jpg,1925,1923,-2
38505.jpg,1925,1910,-15
38510.jpg,1925,1928,3
38515.jpg,1926,1893,-33
38520.jpg,1926,1928,2
38525.jpg,1926,1927,1
38530.jpg,1926,1928,2
38535.jpg,1926,1928,2
38540.jpg,1926,1926,0
38545.jpg,1926,1890,-36
38550.jpg,1926,1927,1
38555.jpg,1926,1925,-1
38560.jpg,1926,1926,0
38565.jpg,1926,1850,-76
38570.jpg,1926,1938,12
38575.jpg,1926,1985,59
38580.jpg,1926,1968,42
38585.jpg,1926,1965,39
38590.jpg,1926,1952,26
38595.jpg,1926,1954,28
38600.jpg,1926,1930,4
38605.jpg,1926,1970,44
38610.jpg,1926,1910,-16
38620.jpg,1926,1928,2
38625.jpg,1926,1928,2
38630.jpg,1926,1938,12
38635.jpg,1926,1928,2
38640.jpg,1926,1915,-11
38645.jpg,1926,1955,29
38650.jpg,1926,1955,29
38655.jpg,1926,1955,29
38660.jpg,1926,1937,11
38665.jpg,1926,1928,2
38670.jpg,1926,1935,9
38675.jpg,1926,1931,5
38680.jpg,1926,1929,3
38685.jpg,1926,1929,3
38690.jpg,1926,1934,8
38695.jpg,1926,1928,2
38700.jpg,1926,1912,-14
38705.jpg,1926,1892,-34
38710.jpg,1926,1929,3
38715.jpg,1926,1928,2
38720.jpg,1926,1915,-11
38725.jpg,1926,1928,2
38730.jpg,1926,1923,-3
38735.jpg,1926,1905,-21
38740.jpg,1926,1964,38
38745.jpg,1926,1955,29
38750.jpg,1926,1926,0
38755.jpg,1926,1928,2
38760.jpg,1926,1925,-1
38765.jpg,1926,1928,2
38770.jpg,1926,1928,2
38775.jpg,1926,1926,0
38780.jpg,1926,1928,2
38785.jpg,1926,1928,2
38790.jpg,1926,1928,2
38795.jpg,1926,1928,2
38800.jpg,1926,1928,2
38805.jpg,1926,1938,12
38810.jpg,1926,1925,-1
38815.jpg,1926,1760,-166
38820.jpg,1926,1910,-16
38825.jpg,1926,1930,4
38830.jpg,1926,1928,2
38835.jpg,1926,1910,-16
38840.jpg,1926,1928,2
38845.jpg,1926,1955,29
38850.jpg,1926,1928,2
38855.jpg,1926,1928,2
38860.jpg,1926,1910,-16
38865.jpg,1926,1928,2
38870.jpg,1926,1928,2
38875.jpg,1926,1915,-11
38880.jpg,1926,1929,3
38885.jpg,1926,1888,-38
38890.jpg,1926,1926,0
38895.jpg,1926,1930,4
38905.jpg,1926,1905,-21
38910.jpg,1926,1928,2
38915.jpg,1926,1928,2
38920.jpg,1926,1928,2
38925.jpg,1926,1928,2
38930.jpg,1926,1928,2
38935.jpg,1926,1912,-14
38940.jpg,1926,1928,2
38945.jpg,1926,1922,-4
38950.jpg,1926,1950,24
38955.jpg,1926,1950,24
38960.jpg,1926,1858,-68
38965.jpg,1926,1928,2
38970.jpg,1926,1928,2
38975.jpg,1926,1935,9
38980.jpg,1926,1938,12
38985.jpg,1926,1926,0
38990.jpg,1926,1938,12
38995.jpg,1927,1928,1
39000.jpg,1927,1928,1
39005.jpg,1927,1928,1
39010.jpg,1927,1928,1
39020.jpg,1927,1965,38
39025.jpg,1927,1928,1
39030.jpg,1927,1912,-15
39035.jpg,1927,1928,1
39040.jpg,1927,1927,0
39045.jpg,1927,1928,1
39050.jpg,1927,1927,0
39055.jpg,1927,1928,1
39060.jpg,1927,1926,-1
39065.jpg,1927,1926,-1
39070.jpg,1927,1928,1
39075.jpg,1927,1927,0
39080.jpg,1927,1928,1
39085.jpg,1927,1990,63
39090.jpg,1927,1958,31
39110.jpg,1927,1970,43
39115.jpg,1927,1928,1
39120.jpg,1927,1930,3
39125.jpg,1927,1935,8
39130.jpg,1927,1928,1
39135.jpg,1927,1928,1
39140.jpg,1927,1910,-17
39145.jpg,1927,1938,11
39150.jpg,1927,1925,-2
39155.jpg,1927,1928,1
39160.jpg,1927,1925,-2
39165.jpg,1927,1938,11
39170.jpg,1927,1910,-17
39175.jpg,1927,1929,2
39180.jpg,1927,1913,-14
39185.jpg,1927,1912,-15
39190.jpg,1927,1928,1
39195.jpg,1927,1929,2
39200.jpg,1927,1929,2
39205.jpg,1927,1929,2
39210.jpg,1927,1928,1
39215.jpg,1927,1930,3
39220.jpg,1927,1929,2
39225.jpg,1927,1878,-49
39230.jpg,1927,1912,-15
39235.jpg,1927,1913,-14
39240.jpg,1927,1928,1
39245.jpg,1927,1928,1
39250.jpg,1927,1928,1
39255.jpg,1927,1928,1
39260.jpg,1927,1928,1
39265.jpg,1927,1931,4
39270.jpg,1927,1928,1
39275.jpg,1927,1905,-22
39280.jpg,1927,1928,1
39285.jpg,1927,1928,1
39290.jpg,1927,1975,48
39295.jpg,1927,1928,1
39300.jpg,1927,1928,1
39305.jpg,1927,1928,1
39310.jpg,1927,1928,1
39315.jpg,1927,1910,-17
39320.jpg,1927,1795,-132
39325.jpg,1927,1932,5
39330.jpg,1927,1928,1
39335.jpg,1927,1915,-12
39340.jpg,1927,1925,-2
39345.jpg,1927,1910,-17
39350.jpg,1927,1895,-32
39355.jpg,1927,1958,31
39360.jpg,1927,1928,1
39365.jpg,1927,1947,20
39370.jpg,1927,1978,51
39375.jpg,1927,1905,-22
39380.jpg,1927,1928,1
39385.jpg,1927,1938,11
39390.jpg,1927,1920,-7
39395.jpg,1927,1480,-447
39400.jpg,1927,1912,-15
39405.jpg,1927,1929,2
39410.jpg,1927,1968,41
39415.jpg,1927,1927,0
39420.jpg,1927,1927,0
39425.jpg,1927,1912,-15
39430.jpg,1927,1912,-15
39435.jpg,1927,1910,-17
39440.jpg,1927,1928,1
39445.jpg,1927,1928,1
39450.jpg,1927,1903,-24
39455.jpg,1927,1908,-19
39460.jpg,1927,1924,-3
39465.jpg,1927,1898,-29
39470.jpg,1927,1928,1
39475.jpg,1927,1929,2
39480.jpg,1927,1928,1
39485.jpg,1927,1938,11
39490.jpg,1927,1935,8
39495.jpg,1927,1912,-15
39500.jpg,1927,1910,-17
39505.jpg,1927,1938,11
39510.jpg,1928,1927,-1
39515.jpg,1928,1928,0
39520.jpg,1928,1922,-6
39525.jpg,1928,1928,0
39530.jpg,1928,1928,0
39535.jpg,1928,1928,0
39540.jpg,1928,1928,0
39545.jpg,1928,1928,0
39550.jpg,1928,1928,0
39555.jpg,1928,1928,0
39560.jpg,1928,1928,0
39565.jpg,1928,1938,10
39570.jpg,1928,1929,1
39575.jpg,1928,1988,60
39580.jpg,1928,1928,0
39585.jpg,1928,1925,-3
39590.jpg,1928,1928,0
39595.jpg,1928,1928,0
39600.jpg,1928,1958,30
39605.jpg,1928,2013,85
39610.jpg,1928,1968,40
39615.jpg,1928,1975,47
39620.jpg,1928,1928,0
39625.jpg,1928,1915,-13
39630.jpg,1928,1928,0
39635.jpg,1928,1928,0
39640.jpg,1928,1928,0
39645.jpg,1928,1928,0
39650.jpg,1928,1938,10
39655.jpg,1928,1928,0
39660.jpg,1928,1928,0
39665.jpg,1928,1928,0
39670.jpg,1928,1928,0
39675.jpg,1928,1929,1
39680.jpg,1928,1928,0
39685.jpg,1928,1926,-2
39690.jpg,1928,1928,0
39695.jpg,1928,1928,0
39700.jpg,1928,1927,-1
39705.jpg,1928,1932,4
39710.jpg,1928,1914,-14
39715.jpg,1928,1922,-6
39720.jpg,1928,1931,3
39725.jpg,1928,1928,0
39730.jpg,1928,1928,0
39735.jpg,1928,1910,-18
39740.jpg,1928,1960,32
39745.jpg,1928,1932,4
39750.jpg,1928,1958,30
39755.jpg,1928,1811,-117
39760.jpg,1928,1868,-60
39765.jpg,1928,1908,-20
39770.jpg,1928,1905,-23
39775.jpg,1928,1928,0
39780.jpg,1928,1890,-38
39785.jpg,1928,1928,0
39790.jpg,1928,1928,0
39795.jpg,1928,1925,-3
39800.jpg,1928,1928,0
39805.jpg,1928,1928,0
39810.jpg,1928,1930,2
39815.jpg,1928,1928,0
39820.jpg,1928,1928,0
39825.jpg,1928,1928,0
39830.jpg,1928,1928,0
39835.jpg,1928,1928,0
39840.jpg,1928,1910,-18
39845.jpg,1928,1910,-18
39850.jpg,1928,1955,27
39855.jpg,1928,1928,0
39860.jpg,1928,1928,0
39865.jpg,1928,1888,-40
39870.jpg,1928,1890,-38
39875.jpg,1928,1928,0
39880.jpg,1928,1938,10
39885.jpg,1928,1905,-23
39890.jpg,1928,1928,0
39895.jpg,1928,1926,-2
39900.jpg,1928,2000,72
39905.jpg,1928,1936,8
39910.jpg,1928,1936,8
39915.jpg,1928,1835,-93
39920.jpg,1928,1916,-12
39925.jpg,1928,1938,10
39930.jpg,1928,1932,4
39935.jpg,1928,1895,-33
39940.jpg,1928,1938,10
39945.jpg,1928,1938,10
39950.jpg,1928,1938,10
39955.jpg,1928,1840,-88
39960.jpg,1928,1925,-3
39965.jpg,1928,1930,2
39970.jpg,1928,1928,0
39975.jpg,1928,1910,-18
39980.jpg,1928,1925,-3
39985.jpg,1928,1933,5
39990.jpg,1928,1931,3
39995.jpg,1928,1930,2
40000.jpg,1928,1928,0
40010.jpg,1928,1938,10
40015.jpg,1928,1910,-18
40020.jpg,1928,1913,-15
40025.jpg,1928,1935,7
40030.jpg,1928,1928,0
40035.jpg,1928,1928,0
40040.jpg,1928,1928,0
40045.jpg,1929,1910,-19
40050.jpg,1929,1928,-1
40055.jpg,1929,1927,-2
40060.jpg,1929,1928,-1
40065.jpg,1929,1927,-2
40070.jpg,1929,1929,0
40075.jpg,1929,1937,8
40080.jpg,1929,1883,-46
40095.jpg,1929,1938,9
40105.jpg,1929,1928,-1
40110.jpg,1929,1928,-1
40115.jpg,1929,1912,-17
40120.jpg,1929,1910,-19
40125.jpg,1929,1938,9
40130.jpg,1929,1928,-1
40135.jpg,1929,1928,-1
40140.jpg,1929,1938,9
40145.jpg,1929,1937,8
40150.jpg,1929,1929,0
40155.jpg,1929,1928,-1
40160.jpg,1929,1931,2
40165.jpg,1929,1931,2
40170.jpg,1929,1929,0
40175.jpg,1929,1930,1
40180.jpg,1929,1930,1
40185.jpg,1929,1929,0
40190.jpg,1929,1905,-24
40195.jpg,1929,1929,0
40200.jpg,1929,1929,0
40205.jpg,1929,1912,-17
40210.jpg,1929,1931,2
40215.jpg,1929,1924,-5
40220.jpg,1929,1928,-1
40225.jpg,1929,1927,-2
40230.jpg,1929,1880,-49
40235.jpg,1929,1910,-19
40240.jpg,1929,1912,-17
40245.jpg,1929,1928,-1
40250.jpg,1929,1968,39
40255.jpg,1929,1928,-1
40260.jpg,1929,1905,-24
40265.jpg,1929,1928,-1
40270.jpg,1929,1920,-9
40275.jpg,1929,1938,9
40280.jpg,1929,1932,3
40285.jpg,1929,1930,1
40290.jpg,1929,1888,-41
40295.jpg,1929,1938,9
40305.jpg,1929,1928,-1
40310.jpg,1929,1928,-1
40315.jpg,1929,1928,-1
40320.jpg,1929,1925,-4
40325.jpg,1929,1928,-1
40330.jpg,1929,1910,-19
40335.jpg,1929,1870,-59
40340.jpg,1929,1928,-1
40345.jpg,1929,1938,9
40350.jpg,1929,1905,-24
40355.jpg,1929,1928,-1
40360.jpg,1929,1910,-19
40365.jpg,1929,1925,-4
40370.jpg,1929,1910,-19
40375.jpg,1929,1928,-1
40380.jpg,1929,1910,-19
40385.jpg,1929,1915,-14
40390.jpg,1929,1928,-1
40395.jpg,1929,1930,1
40400.jpg,1929,1928,-1
40405.jpg,1929,1895,-34
40410.jpg,1929,1910,-19
40415.jpg,1929,1928,-1
40420.jpg,1929,1928,-1
40425.jpg,1929,1908,-21
40430.jpg,1929,1895,-34
40435.jpg,1929,1938,9
40440.jpg,1929,1912,-17
40450.jpg,1929,1910,-19
40455.jpg,1929,1928,-1
40460.jpg,1929,1975,46
40465.jpg,1929,1927,-2
40470.jpg,1929,1931,2
40475.jpg,1929,1928,-1
40480.jpg,1929,1930,1
40485.jpg,1929,1928,-1
40490.jpg,1929,1930,1
40495.jpg,1929,1918,-11
40500.jpg,1929,1928,-1
40505.jpg,1929,1963,34
40510.jpg,1929,1918,-11
40515.jpg,1929,1929,0
40520.jpg,1929,1927,-2
40525.jpg,1929,1910,-19
40530.jpg,1929,1928,-1
40535.jpg,1929,1938,9
40540.jpg,1930,1904,-26
40545.jpg,1930,1976,46
40550.jpg,1930,1955,25
40555.jpg,1930,1931,1
40560.jpg,1930,1998,68
40565.jpg,1930,1965,35
40570.jpg,1930,1910,-20
40575.jpg,1930,1925,-5
40580.jpg,1930,1905,-25
40585.jpg,1930,1937,7
40590.jpg,1930,1928,-2
40595.jpg,1930,1928,-2
40600.jpg,1930,1928,-2
40605.jpg,1930,1938,8
40610.jpg,1930,1893,-37
40615.jpg,1930,1778,-152
40620.jpg,1930,1928,-2
40625.jpg,1930,1930,0
40630.jpg,1930,1928,-2
40635.jpg,1930,1928,-2
40640.jpg,1930,1928,-2
40645.jpg,1930,1988,58
40650.jpg,1930,1928,-2
40655.jpg,1930,1933,3
40660.jpg,1930,1935,5
40665.jpg,1930,1919,-11
40670.jpg,1930,1905,-25
40675.jpg,1930,1878,-52
40680.jpg,1930,1935,5
40685.jpg,1930,1938,8
40690.jpg,1930,1928,-2
40695.jpg,1930,1910,-20
40700.jpg,1930,1928,-2
40705.jpg,1930,1937,7
40710.jpg,1930,1815,-115
40715.jpg,1930,1928,-2
40720.jpg,1930,1905,-25
40725.jpg,1930,1938,8
40730.jpg,1930,1928,-2
40735.jpg,1930,1930,0
40740.jpg,1930,1880,-50
40745.jpg,1930,1928,-2
40750.jpg,1930,1720,-210
40755.jpg,1930,1938,8
40760.jpg,1930,1932,2
40765.jpg,1930,1938,8
40770.jpg,1930,1927,-3
40775.jpg,1930,1888,-42
40780.jpg,1930,1995,65
40785.jpg,1930,1937,7
40790.jpg,1930,1938,8
40795.jpg,1930,1928,-2
40800.jpg,1930,1928,-2
40805.jpg,1930,1928,-2
40810.jpg,1930,1927,-3
40815.jpg,1930,1931,1
40820.jpg,1930,1926,-4
40825.jpg,1930,1925,-5
40830.jpg,1930,1931,1
40835.jpg,1930,1929,-1
40840.jpg,1930,1927,-3
40845.jpg,1930,1938,8
40850.jpg,1930,1929,-1
40855.jpg,1930,1929,-1
40860.jpg,1930,1928,-2
40865.jpg,1930,1905,-25
40870.jpg,1930,1938,8
40875.jpg,1930,1928,-2
40885.jpg,1930,1936,6
40890.jpg,1930,1910,-20
40895.jpg,1930,1937,7
40900.jpg,1930,1924,-6
40905.jpg,1930,1935,5
40910.jpg,1930,1929,-1
40915.jpg,1930,1937,7
40920.jpg,1930,1915,-15
40925.jpg,1930,1931,1
40930.jpg,1930,1928,-2
40935.jpg,1930,1938,8
40940.jpg,1930,1910,-20
40950.jpg,1930,1924,-6
40960.jpg,1930,1928,-2
40965.jpg,1931,1972,41
40970.jpg,1931,1938,7
40975.jpg,1931,1939,8
40980.jpg,1931,1935,4
40985.jpg,1931,1921,-10
40990.jpg,1931,1931,0
40995.jpg,1931,1939,8
41000.jpg,1931,1913,-18
41005.jpg,1931,1929,-2
41010.jpg,1931,1964,33
41015.jpg,1931,1968,37
41020.jpg,1931,1931,0
41025.jpg,1931,1987,56
41030.jpg,1931,1993,62
41035.jpg,1931,1928,-3
41040.jpg,1931,1938,7
41045.jpg,1931,1938,7
41050.jpg,1931,1915,-16
41055.jpg,1931,1930,-1
41060.jpg,1931,1938,7
41065.jpg,1931,1928,-3
41070.jpg,1931,1928,-3
41075.jpg,1931,1929,-2
41080.jpg,1931,1929,-2
41085.jpg,1931,1929,-2
41095.jpg,1931,1930,-1
41100.jpg,1931,1929,-2
41105.jpg,1931,1929,-2
41110.jpg,1931,1910,-21
41115.jpg,1931,1937,6
41120.jpg,1931,1928,-3
41125.jpg,1931,1931,0
41130.jpg,1931,1972,41
41135.jpg,1931,1928,-3
41140.jpg,1931,1910,-21
41150.jpg,1931,1910,-21
41155.jpg,1931,1788,-143
41160.jpg,1931,1957,26
41165.jpg,1931,1878,-53
41170.jpg,1931,1900,-31
41175.jpg,1931,1938,7
41180.jpg,1931,1910,-21
41185.jpg,1931,1928,-3
41190.jpg,1931,1898,-33
41195.jpg,1931,1928,-3
41200.jpg,1931,1925,-6
41205.jpg,1931,1928,-3
41210.jpg,1931,1930,-1
41215.jpg,1931,1905,-26
41220.jpg,1931,1928,-3
41225.jpg,1931,1833,-98
41230.jpg,1931,1927,-4
41235.jpg,1931,1980,49
41240.jpg,1931,1912,-19
41245.jpg,1931,1932,1
41250.jpg,1931,1928,-3
41255.jpg,1931,1957,26
41260.jpg,1931,1905,-26
41265.jpg,1931,1931,0
41270.jpg,1931,1935,4
41275.jpg,1931,1938,7
41280.jpg,1931,1928,-3
41285.jpg,1931,1928,-3
41290.jpg,1931,1935,4
41295.jpg,1931,1930,-1
41305.jpg,1931,1928,-3
41310.jpg,1932,1928,-4
41320.jpg,1932,1932,0
41325.jpg,1932,1730,-202
41330.jpg,1932,1935,3
41340.jpg,1932,1970,38
41345.jpg,1932,1928,-4
41350.jpg,1932,1928,-4
41355.jpg,1932,1928,-4
41360.jpg,1932,1938,6
41365.jpg,1932,1912,-20
41370.jpg,1932,1931,-1
41375.jpg,1932,1962,30
41380.jpg,1932,1930,-2
41385.jpg,1932,1924,-8
41390.jpg,1932,1938,6
41395.jpg,1932,1937,5
41400.jpg,1932,1950,18
41405.jpg,1932,1928,-4
41410.jpg,1932,1928,-4
41415.jpg,1932,1932,0
41420.jpg,1932,1902,-30
41425.jpg,1932,1910,-22
41430.jpg,1932,1928,-4
41435.jpg,1932,1880,-52
41440.jpg,1932,1938,6
41445.jpg,1932,1928,-4
41450.jpg,1932,1938,6
41455.jpg,1932,1735,-197
41460.jpg,1932,1799,-133
41465.jpg,1932,1928,-4
41470.jpg,1932,1925,-7
41475.jpg,1932,1905,-27
41480.jpg,1932,1930,-2
41485.jpg,1932,1936,4
41490.jpg,1932,1930,-2
41495.jpg,1932,1930,-2
41500.jpg,1932,1996,64
41505.jpg,1932,1935,3
41510.jpg,1932,1938,6
41515.jpg,1932,1928,-4
41520.jpg,1932,1928,-4
41525.jpg,1932,1928,-4
41530.jpg,1932,1890,-42
41535.jpg,1932,1928,-4
41540.jpg,1932,1972,40
41545.jpg,1932,1928,-4
41550.jpg,1932,1939,7
41555.jpg,1932,1923,-9
41560.jpg,1932,1928,-4
41565.jpg,1932,1928,-4
41570.jpg,1933,1948,15
41575.jpg,1933,1895,-38
41580.jpg,1933,1867,-66
41585.jpg,1933,1972,39
41590.jpg,1933,1960,27
41595.jpg,1933,1937,4
41600.jpg,1933,1910,-23
41605.jpg,1933,1929,-4
41610.jpg,1933,1930,-3
41615.jpg,1933,1928,-5
41620.jpg,1933,1958,25
41625.jpg,1933,1938,5
41630.jpg,1933,1937,4
41635.jpg,1933,1937,4
41640.jpg,1933,1725,-208
41645.jpg,1933,1850,-83
41650.jpg,1933,1910,-23
41655.jpg,1933,1903,-30
41660.jpg,1933,1937,4
41665.jpg,1933,1928,-5
41670.jpg,1933,1910,-23
41675.jpg,1933,1935,2
41680.jpg,1933,1938,5
41685.jpg,1933,1893,-40
41690.jpg,1933,1910,-23
41695.jpg,1933,1937,4
41700.jpg,1933,1912,-21
41705.jpg,1933,1936,3
41710.jpg,1933,1915,-18
41715.jpg,1933,1910,-23
41720.jpg,1933,1900,-33
41725.jpg,1933,1910,-23
41730.jpg,1933,1904,-29
41745.jpg,1933,1820,-113
41750.jpg,1933,1937,4
41755.jpg,1933,1958,25
41760.jpg,1933,1938,5
41765.jpg,1933,1936,3
41770.jpg,1933,1928,-5
41775.jpg,1933,1935,2
41780.jpg,1933,1885,-48
41785.jpg,1933,1905,-28
41790.jpg,1933,1995,62
41795.jpg,1933,1960,27
41800.jpg,1933,1928,-5
41805.jpg,1933,1942,9
41810.jpg,1933,1938,5
41815.jpg,1933,1910,-23
41820.jpg,1933,1938,5
41825.jpg,1933,1910,-23
41830.jpg,1933,1938,5
41835.jpg,1934,1860,-74
41840.jpg,1934,1938,4
41845.jpg,1934,1968,34
41850.jpg,1934,1928,-6
41855.jpg,1934,1968,34
41860.jpg,1934,1985,51
41865.jpg,1934,1985,51
41870.jpg,1934,2000,66
41875.jpg,1934,1928,-6
41880.jpg,1934,1935,1
41885.jpg,1934,1928,-6
41890.jpg,1934,1937,3
41895.jpg,1934,2006,72
41900.jpg,1934,1928,-6
41905.jpg,1934,1924,-10
41910.jpg,1934,1935,1
41915.jpg,1934,1915,-19
41920.jpg,1934,1970,36
41925.jpg,1934,1936,2
41930.jpg,1934,1939,5
41935.jpg,1934,1935,1
41940.jpg,1934,1928,-6
41945.jpg,1934,1880,-54
41950.jpg,1934,1930,-4
41955.jpg,1934,1880,-54
41960.jpg,1934,1937,3
41965.jpg,1934,1920,-14
41970.jpg,1934,1768,-166
41975.jpg,1934,1997,63
41980.jpg,1934,1935,1
41985.jpg,1934,1936,2
41990.jpg,1934,1928,-6
41995.jpg,1934,1918,-16
42000.jpg,1934,1935,1
42005.jpg,1934,1935,1
42010.jpg,1935,1890,-45
42015.jpg,1935,1910,-25
42020.jpg,1935,1938,3
42025.jpg,1935,1937,2
42035.jpg,1935,2003,68
42040.jpg,1935,1955,20
42045.jpg,1935,1938,3
42050.jpg,1935,1930,-5
42060.jpg,1935,1928,-7
42065.jpg,1935,1937,2
42070.jpg,1935,1938,3
42075.jpg,1935,1938,3
42080.jpg,1935,1934,-1
42085.jpg,1935,1887,-48
42090.jpg,1935,1938,3
42095.jpg,1935,1831,-104
42100.jpg,1935,1950,15
42105.jpg,1935,1938,3
42110.jpg,1935,1938,3
42115.jpg,1935,1928,-7
42120.jpg,1935,1910,-25
42125.jpg,1935,1820,-115
42130.jpg,1935,1928,-7
42135.jpg,1935,1937,2
42140.jpg,1935,1910,-25
42145.jpg,1935,1730,-205
42150.jpg,1935,1825,-110
42155.jpg,1935,1820,-115
42160.jpg,1935,1935,0
42165.jpg,1935,1935,0
42170.jpg,1935,1928,-7
42175.jpg,1935,1988,53
42180.jpg,1935,1928,-7
42185.jpg,1935,1968,33
42190.jpg,1935,1910,-25
42195.jpg,1935,1937,2
42200.jpg,1935,1950,15
42205.jpg,1935,1928,-7
42210.jpg,1935,1930,-5
42215.jpg,1935,1905,-30
42220.jpg,1935,1915,-20
42225.jpg,1935,1958,23
42230.jpg,1935,1938,3
42235.jpg,1935,1930,-5
42240.jpg,1935,1928,-7
42250.jpg,1935,1938,3
42255.jpg,1935,2005,70
42260.jpg,1935,1962,27
42265.jpg,1935,1938,3
42270.jpg,1935,1936,1
42275.jpg,1935,1928,-7
42280.jpg,1935,1915,-20
42285.jpg,1935,1927,-8
42290.jpg,1935,1955,20
42295.jpg,1936,1928,-8
42300.jpg,1936,1965,29
42305.jpg,1936,1938,2
42310.jpg,1936,1928,-8
42315.jpg,1936,1938,2
42320.jpg,1936,1970,34
42325.jpg,1936,1965,29
42330.jpg,1936,2010,74
42335.jpg,1936,1966,30
42340.jpg,1936,1928,-8
42345.jpg,1936,1937,1
42350.jpg,1936,1935,-1
42355.jpg,1936,1930,-6
42360.jpg,1936,2003,67
42365.jpg,1936,1921,-15
42370.jpg,1936,1928,-8
42375.jpg,1936,1910,-26
42380.jpg,1936,1936,0
42385.jpg,1936,1930,-6
42390.jpg,1936,2017,81
42395.jpg,1936,1942,6
42400.jpg,1936,1962,26
42405.jpg,1936,1910,-26
42410.jpg,1936,1988,52
42415.jpg,1936,1930,-6
42420.jpg,1936,1935,-1
42425.jpg,1936,1938,2
42430.jpg,1936,1928,-8
42435.jpg,1936,1975,39
42440.jpg,1936,1938,2
42445.jpg,1936,1920,-16
42450.jpg,1936,1925,-11
42455.jpg,1936,1956,20
42460.jpg,1936,1938,2
42465.jpg,1936,1939,3
42470.jpg,1936,1957,21
42475.jpg,1936,1928,-8
42480.jpg,1936,1890,-46
42485.jpg,1936,1888,-48
42490.jpg,1936,1935,-1
42495.jpg,1936,1936,0
42500.jpg,1936,1955,19
42505.jpg,1936,1935,-1
42510.jpg,1936,1938,2
42515.jpg,1936,1938,2
42520.jpg,1936,1860,-76
42525.jpg,1936,1928,-8
42530.jpg,1936,1972,36
42535.jpg,1936,1936,0
42540.jpg,1936,1892,-44
42545.jpg,1936,1935,-1
42550.jpg,1936,1937,1
42555.jpg,1936,1905,-31
42560.jpg,1936,1938,2
42565.jpg,1936,1884,-52
42570.jpg,1936,1938,2
42575.jpg,1936,1928,-8
42585.jpg,1936,1978,42
42595.jpg,1936,1933,-3
42600.jpg,1936,1928,-8
42610.jpg,1937,1933,-4
42615.jpg,1937,1938,1
42620.jpg,1937,1938,1
42625.jpg,1937,1928,-9
42630.jpg,1937,2001,64
42635.jpg,1937,1938,1
42640.jpg,1937,1996,59
42645.jpg,1937,1937,0
42650.jpg,1937,1937,0
42655.jpg,1937,1978,41
42660.jpg,1937,1928,-9
42665.jpg,1937,1925,-12
42670.jpg,1937,1905,-32
42675.jpg,1937,1938,1
42680.jpg,1937,1962,25
42685.jpg,1937,1935,-2
42690.jpg,1937,1985,48
42695.jpg,1937,1955,18
42700.jpg,1937,1937,0
42705.jpg,1937,1937,0
42710.jpg,1937,1932,-5
42715.jpg,1937,1970,33
42720.jpg,1937,1928,-9
42725.jpg,1937,1830,-107
42730.jpg,1937,1965,28
42735.jpg,1937,1938,1
42740.jpg,1937,1937,0
42745.jpg,1937,1904,-33
42750.jpg,1937,1968,31
42755.jpg,1937,1904,-33
42765.jpg,1937,1810,-127
42770.jpg,1937,1985,48
42775.jpg,1937,1928,-9
42780.jpg,1937,1939,2
42785.jpg,1937,1938,1
42790.jpg,1937,1920,-17
42795.jpg,1937,1938,1
42800.jpg,1937,1910,-27
42805.jpg,1937,1928,-9
42810.jpg,1937,1928,-9
42815.jpg,1937,1928,-9
42820.jpg,1937,1988,51
42825.jpg,1937,1884,-53
42830.jpg,1937,1942,5
42835.jpg,1937,1938,1
42840.jpg,1937,1938,1
42845.jpg,1937,1937,0
42850.jpg,1937,1930,-7
42855.jpg,1937,1938,1
42860.jpg,1937,1910,-27
42865.jpg,1937,1937,0
42870.jpg,1937,1938,1
42875.jpg,1937,1968,31
42880.jpg,1937,1910,-27
42885.jpg,1937,1938,1
42890.jpg,1937,1928,-9
42895.jpg,1937,1938,1
42900.jpg,1937,1968,31
42905.jpg,1937,1934,-3
42910.jpg,1937,1886,-51
42915.jpg,1938,1939,1
42920.jpg,1938,1947,9
42925.jpg,1938,1920,-18
42930.jpg,1938,1938,0
42935.jpg,1938,1928,-10
42940.jpg,1938,1987,49
42945.jpg,1938,2016,78
42950.jpg,1938,1973,35
42955.jpg,1938,1968,30
42960.jpg,1938,1936,-2
42965.jpg,1938,1938,0
42970.jpg,1938,1915,-23
42975.jpg,1938,1928,-10
42980.jpg,1938,1935,-3
42985.jpg,1938,1910,-28
42990.jpg,1938,1938,0
42995.jpg,1938,1925,-13
43000.jpg,1938,1958,20
43005.jpg,1938,1928,-10
43010.jpg,1938,1905,-33
43015.jpg,1938,1910,-28
43020.jpg,1938,1840,-98
43025.jpg,1938,1957,19
43030.jpg,1938,1910,-28
43035.jpg,1938,1880,-58
43040.jpg,1938,1937,-1
43045.jpg,1938,1930,-8
43050.jpg,1938,1938,0
43055.jpg,1938,1928,-10
43060.jpg,1938,1958,20
43065.jpg,1938,1905,-33
43070.jpg,1938,1958,20
43075.jpg,1938,1928,-10
43080.jpg,1938,1954,16
43085.jpg,1938,1935,-3
43090.jpg,1938,1972,34
43095.jpg,1938,1910,-28
43100.jpg,1938,1988,50
43105.jpg,1938,1938,0
43110.jpg,1938,1939,1
43115.jpg,1938,1923,-15
43120.jpg,1938,1930,-8
43125.jpg,1938,1905,-33
43130.jpg,1938,1936,-2
43135.jpg,1938,1910,-28
43140.jpg,1938,2010,72
43145.jpg,1938,1928,-10
43150.jpg,1938,1852,-86
43155.jpg,1938,1965,27
43160.jpg,1938,1928,-10
43165.jpg,1938,1935,-3
43170.jpg,1938,1939,1
43175.jpg,1938,1968,30
43185.jpg,1938,1938,0
43190.jpg,1938,1936,-2
43195.jpg,1938,1938,0
43200.jpg,1938,1938,0
43210.jpg,1939,1926,-13
43215.jpg,1939,1939,0
43220.jpg,1939,1912,-27
43225.jpg,1939,1840,-99
43235.jpg,1939,2003,64
43245.jpg,1939,1998,59
43250.jpg,1939,1965,26
43255.jpg,1939,1978,39
43260.jpg,1939,1968,29
43270.jpg,1939,1928,-11
43275.jpg,1939,1928,-11
43280.jpg,1939,1910,-29
43285.jpg,1939,1938,-1
43290.jpg,1939,1938,-1
43295.jpg,1939,1928,-11
43300.jpg,1939,1938,-1
43305.jpg,1939,1958,19
43310.jpg,1939,1936,-3
43315.jpg,1939,1938,-1
43320.jpg,1939,1938,-1
43325.jpg,1939,1930,-9
43330.jpg,1939,1978,39
43335.jpg,1939,1984,45
43340.jpg,1939,1998,59
43345.jpg,1939,1886,-53
43350.jpg,1939,2002,63
43360.jpg,1939,1938,-1
43365.jpg,1939,1820,-119
43370.jpg,1939,1928,-11
43375.jpg,1939,1895,-44
43380.jpg,1939,1956,17
43385.jpg,1939,1964,25
43390.jpg,1939,1958,19
43395.jpg,1939,1955,16
43400.jpg,1939,2007,68
43405.jpg,1939,2000,61
43410.jpg,1939,1937,-2
43415.jpg,1939,1930,-9
43420.jpg,1939,1939,0
43425.jpg,1939,1935,-4
43430.jpg,1939,1880,-59
43435.jpg,1939,1936,-3
43440.jpg,1939,1935,-4
43445.jpg,1939,1998,59
43450.jpg,1939,1968,29
43455.jpg,1939,1938,-1
43460.jpg,1939,1910,-29
43465.jpg,1939,1910,-29
43470.jpg,1940,1938,-2
43475.jpg,1940,1938,-2
43480.jpg,1940,1937,-3
43485.jpg,1940,1930,-10
43490.jpg,1940,1938,-2
43495.jpg,1940,1938,-2
43500.jpg,1940,1936,-4
43505.jpg,1940,2018,78
43510.jpg,1940,1928,-12
43515.jpg,1940,1935,-5
43520.jpg,1940,1938,-2
43525.jpg,1940,1848,-92
43530.jpg,1940,1928,-12
43535.jpg,1940,1928,-12
43540.jpg,1940,1938,-2
43545.jpg,1940,1952,12
43550.jpg,1940,1938,-2
43555.jpg,1940,1938,-2
43560.jpg,1940,1936,-4
43565.jpg,1940,1938,-2
43570.jpg,1940,1935,-5
43575.jpg,1940,1938,-2
43580.jpg,1940,1912,-28
43585.jpg,1940,1931,-9
43590.jpg,1940,1936,-4
43595.jpg,1940,1985,45
43600.jpg,1940,1937,-3
43605.jpg,1940,1912,-28
43610.jpg,1940,1895,-45
43615.jpg,1940,1815,-125
43620.jpg,1940,1938,-2
43625.jpg,1940,1935,-5
43630.jpg,1940,1929,-11
43635.jpg,1940,1932,-8
43640.jpg,1940,1898,-42
43645.jpg,1940,1935,-5
43650.jpg,1940,1925,-15
43655.jpg,1940,1956,16
43660.jpg,1940,1957,17
43665.jpg,1940,1958,18
43670.jpg,1940,1938,-2
43675.jpg,1940,1937,-3
43680.jpg,1940,1938,-2
43685.jpg,1940,1955,15
43700.jpg,1940,1905,-35
43705.jpg,1940,1938,-2
43710.jpg,1940,1912,-28
43715.jpg,1940,1938,-2
43720.jpg,1941,1938,-3
43725.jpg,1941,1938,-3
43730.jpg,1941,2004,63
43735.jpg,1941,1995,54
43740.jpg,1941,1988,47
43745.jpg,1941,1938,-3
43750.jpg,1941,1928,-13
43755.jpg,1941,1803,-138
43760.jpg,1941,1931,-10
43765.jpg,1941,1820,-121
43770.jpg,1941,1928,-13
43775.jpg,1941,1962,21
43780.jpg,1941,1938,-3
43785.jpg,1941,1935,-6
43790.jpg,1941,1928,-13
43795.jpg,1941,1998,57
43800.jpg,1941,1890,-51
43805.jpg,1941,1830,-111
43810.jpg,1941,1938,-3
43815.jpg,1941,1962,21
43820.jpg,1941,1938,-3
43825.jpg,1941,1935,-6
43830.jpg,1941,1988,47
43835.jpg,1941,1972,31
43840.jpg,1941,1998,57
43845.jpg,1941,1933,-8
43850.jpg,1941,1958,17
43855.jpg,1941,1910,-31
43860.jpg,1941,1938,-3
43865.jpg,1942,1939,-3
43870.jpg,1942,1937,-5
43875.jpg,1942,1958,16
43880.jpg,1942,1928,-14
43885.jpg,1942,1965,23
43890.jpg,1942,1937,-5
43895.jpg,1942,1928,-14
43900.jpg,1942,1911,-31
43905.jpg,1942,1910,-32
43910.jpg,1942,1980,38
43915.jpg,1942,1928,-14
43920.jpg,1942,1938,-4
43925.jpg,1942,1986,44
43930.jpg,1942,1942,0
43935.jpg,1942,1928,-14
43940.jpg,1942,1910,-32
43945.jpg,1942,1962,20
43950.jpg,1942,1890,-52
43955.jpg,1942,1910,-32
43960.jpg,1943,1938,-5
43965.jpg,1943,1965,22
43970.jpg,1943,2005,62
43975.jpg,1943,1937,-6
43980.jpg,1943,1943,0
43985.jpg,1943,1930,-13
43990.jpg,1943,2006,63
43995.jpg,1943,1930,-13
44000.jpg,1943,1928,-15
44005.jpg,1943,1975,32
44010.jpg,1943,1980,37
44015.jpg,1943,1938,-5
44020.jpg,1943,1905,-38
44025.jpg,1943,1962,19
44030.jpg,1944,1910,-34
44035.jpg,1944,1972,28
44040.jpg,1944,1972,28
44045.jpg,1944,1920,-24
44050.jpg,1944,1820,-124
44055.jpg,1944,1942,-2
44060.jpg,1945,1880,-65
44065.jpg,1945,1947,2
44075.jpg,1945,1960,15
44080.jpg,1945,1948,3
44090.jpg,1945,1870,-75
44095.jpg,1945,1938,-7
44100.jpg,1945,1990,45
44105.jpg,1945,1937,-8
44110.jpg,1945,1935,-10
44115.jpg,1946,1937,-9
44120.jpg,1946,1975,29
44125.jpg,1946,1960,14
44130.jpg,1946,1970,24
44135.jpg,1946,1929,-17
44140.jpg,1946,1960,14
44145.jpg,1946,1968,22
44150.jpg,1946,1820,-126
44155.jpg,1946,1910,-36
44160.jpg,1946,1939,-7
44165.jpg,1946,1938,-8
44170.jpg,1946,1978,32
44175.jpg,1947,1939,-8
44180.jpg,1947,1939,-8
44185.jpg,1947,1820,-127
44190.jpg,1947,1970,23
44195.jpg,1947,2008,61
44200.jpg,1947,1962,15
44205.jpg,1947,1972,25
44210.jpg,1947,1960,13
44215.jpg,1947,1938,-9
44220.jpg,1947,1937,-10
44230.jpg,1947,1905,-42
44240.jpg,1947,1938,-9
44245.jpg,1947,1928,-19
44250.jpg,1947,1935,-12
44255.jpg,1947,2005,58
44260.jpg,1947,1910,-37
44270.jpg,1947,1955,8
44275.jpg,1947,1938,-9
44280.jpg,1947,1938,-9
44285.jpg,1948,1948,0
44290.jpg,1948,1910,-38
44295.jpg,1948,1999,51
44300.jpg,1948,1925,-23
44305.jpg,1948,1970,22
44310.jpg,1948,1970,22
44315.jpg,1948,1998,50
44320.jpg,1948,1975,27
44325.jpg,1948,1938,-10
44330.jpg,1948,1931,-17
44335.jpg,1948,1915,-33
44340.jpg,1948,1910,-38
44345.jpg,1948,1922,-26
44350.jpg,1948,1938,-10
44355.jpg,1948,1954,6
44360.jpg,1948,1962,14
44365.jpg,1948,1935,-13
44370.jpg,1948,1910,-38
44375.jpg,1948,1928,-20
44380.jpg,1948,1978,30
44385.jpg,1948,1997,49
44390.jpg,1948,1962,14
44395.jpg,1948,1938,-10
44400.jpg,1949,1913,-36
44405.jpg,1949,1972,23
44410.jpg,1949,1920,-29
44415.jpg,1949,2005,56
44420.jpg,1949,1974,25
44425.jpg,1949,1996,47
44430.jpg,1949,1968,19
44435.jpg,1949,1968,19
44440.jpg,1949,1980,31
44445.jpg,1949,1978,29
44450.jpg,1949,1928,-21
44455.jpg,1949,1926,-23
44460.jpg,1949,1939,-10
44465.jpg,1949,1929,-20
44470.jpg,1949,1985,36
44475.jpg,1949,1958,9
44480.jpg,1949,1964,15
44485.jpg,1949,1948,-1
44490.jpg,1949,1935,-14
44495.jpg,1949,1955,6
44500.jpg,1949,1953,4
44510.jpg,1949,1910,-39
44515.jpg,1949,1912,-37
44520.jpg,1949,1998,49
44525.jpg,1949,1960,11
44530.jpg,1949,1937,-12
44535.jpg,1949,1968,19
44540.jpg,1950,1968,18
44545.jpg,1950,1958,8
44550.jpg,1950,1939,-11
44555.jpg,1950,1968,18
44560.jpg,1950,1980,30
44565.jpg,1950,1985,35
44570.jpg,1950,1968,18
44575.jpg,1950,1938,-12
44585.jpg,1950,1976,26
44590.jpg,1950,1949,-1
44595.jpg,1950,1983,33
44600.jpg,1950,1974,24
44605.jpg,1950,1937,-13
44610.jpg,1950,1930,-20
44615.jpg,1950,1962,12
44620.jpg,1950,1968,18
44625.jpg,1950,1906,-44
44630.jpg,1950,1913,-37
44635.jpg,1950,1985,35
44640.jpg,1950,1955,5
44645.jpg,1950,1880,-70
44650.jpg,1950,1955,5
44655.jpg,1950,1935,-15
44660.jpg,1950,1953,3
44665.jpg,1950,1925,-25
44680.jpg,1950,1984,34
44685.jpg,1950,1938,-12
44690.jpg,1950,1962,12
44695.jpg,1950,1914,-36
44700.jpg,1950,1968,18
44705.jpg,1951,1968,17
44710.jpg,1951,1928,-23
44720.jpg,1951,1970,19
44725.jpg,1951,1970,19
44730.jpg,1951,1970,19
44735.jpg,1951,1939,-12
44740.jpg,1951,1928,-23
44745.jpg,1951,1958,7
44750.jpg,1951,1962,11
44755.jpg,1951,1958,7
44760.jpg,1951,1936,-15
44765.jpg,1951,1937,-14
44770.jpg,1951,1449,-502
44775.jpg,1951,1927,-24
44780.jpg,1951,1888,-63
44785.jpg,1951,1957,6
44790.jpg,1951,1962,11
44795.jpg,1951,2010,59
44800.jpg,1951,1962,11
44810.jpg,1951,1920,-31
44815.jpg,1951,1905,-46
44820.jpg,1951,1930,-21
44825.jpg,1951,1997,46
44830.jpg,1951,1983,32
44840.jpg,1951,1970,19
44845.jpg,1952,1975,23
44850.jpg,1952,1968,16
44855.jpg,1952,1970,18
44860.jpg,1952,1970,18
44865.jpg,1952,2010,58
44870.jpg,1952,1974,22
44875.jpg,1952,1968,16
44880.jpg,1952,1968,16
44885.jpg,1952,1970,18
44890.jpg,1952,1938,-14
44895.jpg,1952,1952,0
44900.jpg,1952,1954,2
44905.jpg,1952,1969,17
44910.jpg,1952,2006,54
44915.jpg,1952,1958,6
44920.jpg,1952,1958,6
44925.jpg,1952,1958,6
44930.jpg,1952,2005,53
44940.jpg,1952,1930,-22
44945.jpg,1952,1988,36
44950.jpg,1952,1962,10
44955.jpg,1952,1962,10
44960.jpg,1953,1938,-15
44965.jpg,1953,1998,45
44970.jpg,1953,1928,-25
44980.jpg,1953,1937,-16
44985.jpg,1953,2010,57
44990.jpg,1953,2003,50
44995.jpg,1953,1970,17
45000.jpg,1953,1998,45
45005.jpg,1953,1938,-15
45010.jpg,1953,1938,-15
45015.jpg,1953,1968,15
45020.jpg,1953,1962,9
45025.jpg,1953,1937,-16
45030.jpg,1953,1968,15
45035.jpg,1953,1968,15
45040.jpg,1953,1930,-23
45045.jpg,1953,1860,-93
45050.jpg,1953,1960,7
45055.jpg,1953,1957,4
45060.jpg,1953,1938,-15
45065.jpg,1953,1972,19
45070.jpg,1953,1962,9
45075.jpg,1953,2005,52
45080.jpg,1953,1962,9
45085.jpg,1953,1930,-23
45090.jpg,1953,1898,-55
45095.jpg,1954,1958,4
45100.jpg,1954,1998,44
45105.jpg,1954,1968,14
45110.jpg,1954,1962,8
45115.jpg,1954,1975,21
45120.jpg,1954,1968,14
45125.jpg,1954,1988,34
45130.jpg,1954,1962,8
45135.jpg,1954,1978,24
45140.jpg,1954,1972,18
45150.jpg,1954,1938,-16
45155.jpg,1954,1938,-16
45160.jpg,1954,1962,8
45165.jpg,1954,1912,-42
45170.jpg,1954,1997,43
45175.jpg,1954,1938,-16
45180.jpg,1954,1905,-49
45185.jpg,1954,1928,-26
45190.jpg,1954,1957,3
45195.jpg,1954,1910,-44
45200.jpg,1954,1962,8
45205.jpg,1954,1912,-42
45210.jpg,1954,1910,-44
45215.jpg,1954,1985,31
45220.jpg,1954,1897,-57
45225.jpg,1954,1959,5
45230.jpg,1954,1962,8
45235.jpg,1955,1740,-215
45240.jpg,1955,1975,20
45245.jpg,1955,1972,17
45250.jpg,1955,1953,-2
45255.jpg,1955,1972,17
45260.jpg,1955,1905,-50
45265.jpg,1955,1928,-27
45275.jpg,1955,1962,7
45280.jpg,1955,1975,20
45285.jpg,1955,1919,-36
45290.jpg,1955,1930,-25
45295.jpg,1955,1962,7
45300.jpg,1955,2019,64
45310.jpg,1955,1968,13
45315.jpg,1955,1986,31
45320.jpg,1955,1911,-44
45325.jpg,1955,1968,13
45330.jpg,1955,1954,-1
45335.jpg,1955,1962,7
45345.jpg,1955,2004,49
45350.jpg,1955,1938,-17
45355.jpg,1955,1988,33
45360.jpg,1955,1896,-59
45365.jpg,1955,1968,13
45370.jpg,1955,1961,6
45375.jpg,1955,1925,-30
45385.jpg,1956,1930,-26
45390.jpg,1956,1952,-4
45395.jpg,1956,1980,24
45400.jpg,1956,2008,52
45405.jpg,1956,1958,2
45410.jpg,1956,1968,12
45415.jpg,1956,1930,-26
45420.jpg,1956,1968,12
45430.jpg,1956,1985,29
45435.jpg,1956,1939,-17
45440.jpg,1956,1965,9
45445.jpg,1956,1962,6
45450.jpg,1956,1968,12
45455.jpg,1956,2002,46
45460.jpg,1956,1954,-2
45465.jpg,1956,1902,-54
45470.jpg,1956,1939,-17
45475.jpg,1956,1962,6
45480.jpg,1956,1955,-1
45485.jpg,1956,1958,2
45490.jpg,1956,1955,-1
45495.jpg,1956,1890,-66
45500.jpg,1956,1988,32
45505.jpg,1956,2002,46
45510.jpg,1956,1985,29
45515.jpg,1956,1983,27
45520.jpg,1956,1900,-56
45530.jpg,1957,1938,-19
45535.jpg,1957,1960,3
45540.jpg,1957,1976,19
45545.jpg,1957,1984,27
45550.jpg,1957,1999,42
45555.jpg,1957,1962,5
45560.jpg,1957,1957,0
45565.jpg,1957,1972,15
45570.jpg,1957,1978,21
45575.jpg,1957,1928,-29
45585.jpg,1957,1928,-29
45590.jpg,1957,1965,8
45595.jpg,1957,1976,19
45605.jpg,1957,1986,29
45610.jpg,1957,1972,15
45615.jpg,1957,1989,32
45620.jpg,1957,1988,31
45630.jpg,1957,1926,-31
45635.jpg,1957,1943,-14
45640.jpg,1957,1957,0
45645.jpg,1957,1890,-67
45650.jpg,1957,1962,5
45655.jpg,1957,1962,5
45660.jpg,1957,1960,3
45665.jpg,1957,1898,-59
45675.jpg,1957,2008,51
45680.jpg,1957,1932,-25
45685.jpg,1957,1972,15
45695.jpg,1957,1988,31
45700.jpg,1958,1838,-120
45705.jpg,1958,1988,30
45715.jpg,1958,1974,16
45720.jpg,1958,1998,40
45730.jpg,1958,1968,10
45735.jpg,1958,2003,45
45740.jpg,1958,1962,4
45745.jpg,1958,1955,-3
45750.jpg,1958,1997,39
45755.jpg,1958,1934,-24
45760.jpg,1958,1968,10
45765.jpg,1958,1962,4
45770.jpg,1958,1969,11
45775.jpg,1958,1962,4
45780.jpg,1958,1935,-23
45785.jpg,1958,1980,22
45790.jpg,1958,1958,0
45795.jpg,1958,1962,4
45800.jpg,1958,1937,-21
45805.jpg,1958,1958,0
45810.jpg,1958,1671,-287
45815.jpg,1958,2008,50
45820.jpg,1958,1998,40
45825.jpg,1958,1970,12
45830.jpg,1958,1986,28
45835.jpg,1958,1940,-18
45840.jpg,1958,1958,0
45845.jpg,1958,1968,10
45850.jpg,1958,1939,-19
45855.jpg,1959,1986,27
45860.jpg,1959,1774,-185
45870.jpg,1959,1993,34
45880.jpg,1959,1910,-49
45885.jpg,1959,1970,11
45890.jpg,1959,1936,-23
45895.jpg,1959,1959,0
45900.jpg,1959,1963,4
45905.jpg,1959,1955,-4
45910.jpg,1959,2015,56
45915.jpg,1959,1962,3
45925.jpg,1959,1939,-20
45930.jpg,1959,1962,3
45935.jpg,1959,1962,3
45940.jpg,1959,1970,11
45945.jpg,1959,2003,44
45950.jpg,1959,2005,46
45955.jpg,1959,1993,34
45960.jpg,1959,1972,13
45965.jpg,1959,1930,-29
45970.jpg,1959,1927,-32
45975.jpg,1959,1962,3
45980.jpg,1959,1955,-4
45985.jpg,1959,1929,-30
45990.jpg,1960,1898,-62
45995.jpg,1960,1965,5
46000.jpg,1960,1989,29
46005.jpg,1960,1980,20
46015.jpg,1960,1968,8
46025.jpg,1960,1983,23
46030.jpg,1960,1971,11
46035.jpg,1960,1968,8
46040.jpg,1960,1962,2
46045.jpg,1960,1961,1
46050.jpg,1960,1935,-25
46055.jpg,1960,1900,-60
46060.jpg,1960,1968,8
46065.jpg,1960,1934,-26
46070.jpg,1960,1966,6
46075.jpg,1960,1980,20
46080.jpg,1960,1963,3
46085.jpg,1960,1858,-102
46090.jpg,1960,1958,-2
46095.jpg,1960,1962,2
46100.jpg,1960,1962,2
46105.jpg,1960,1962,2
46110.jpg,1960,1985,25
46115.jpg,1960,1982,22
46120.jpg,1960,1977,17
46130.jpg,1960,1935,-25
46135.jpg,1960,1968,8
46140.jpg,1960,1937,-23
46145.jpg,1960,1962,2
46150.jpg,1960,1965,5
46155.jpg,1961,1928,-33
46160.jpg,1961,1969,8
46170.jpg,1961,2010,49
46180.jpg,1961,1965,4
46185.jpg,1961,1968,7
46190.jpg,1961,1853,-108
46195.jpg,1961,1998,37
46200.jpg,1961,1995,34
46205.jpg,1961,1968,7
46210.jpg,1961,1970,9
46215.jpg,1961,1960,-1
46220.jpg,1961,1970,9
46225.jpg,1961,1968,7
46230.jpg,1961,1968,7
46235.jpg,1961,1958,-3
46240.jpg,1961,2010,49
46245.jpg,1961,1994,33
46250.jpg,1961,1910,-51
46255.jpg,1961,1986,25
46260.jpg,1961,1958,-3
46265.jpg,1961,1962,1
46270.jpg,1961,1936,-25
46275.jpg,1961,2018,57
46280.jpg,1961,1840,-121
46285.jpg,1961,2013,52
46290.jpg,1961,1998,37
46295.jpg,1961,1982,21
46305.jpg,1961,1970,9
46310.jpg,1961,1962,1
46315.jpg,1961,1984,23
46320.jpg,1962,1968,6
46330.jpg,1962,1910,-52
46335.jpg,1962,2016,54
46340.jpg,1962,1962,0
46345.jpg,1962,1985,23
46350.jpg,1962,1972,10
46355.jpg,1962,1967,5
46360.jpg,1962,1974,12
46365.jpg,1962,1962,0
46370.jpg,1962,1962,0
46375.jpg,1962,1968,6
46380.jpg,1962,1968,6
46385.jpg,1962,1958,-4
46390.jpg,1962,1962,0
46395.jpg,1962,1905,-57
46400.jpg,1962,1988,26
46405.jpg,1962,1876,-86
46410.jpg,1962,1980,18
46415.jpg,1962,1888,-74
46420.jpg,1962,1958,-4
46425.jpg,1962,1968,6
46430.jpg,1962,1978,16
46435.jpg,1962,1827,-135
46440.jpg,1962,1986,24
46445.jpg,1962,2005,43
46450.jpg,1962,1965,3
46455.jpg,1962,1929,-33
46460.jpg,1962,1968,6
46465.jpg,1963,1930,-33
46470.jpg,1963,1969,6
46475.jpg,1963,1964,1
46480.jpg,1963,1961,-2
46490.jpg,1963,1985,22
46495.jpg,1963,1965,2
46500.jpg,1963,1905,-58
46505.jpg,1963,1978,15
46510.jpg,1963,1966,3
46515.jpg,1963,1968,5
46520.jpg,1963,1956,-7
46525.jpg,1963,2010,47
46530.jpg,1963,1971,8
46535.jpg,1963,1961,-2
46540.jpg,1963,1910,-53
46545.jpg,1963,1938,-25
46550.jpg,1963,1968,5
46555.jpg,1963,2003,40
46560.jpg,1963,1951,-12
46565.jpg,1963,1981,18
46570.jpg,1963,2006,43
46575.jpg,1963,1956,-7
46580.jpg,1963,1968,5
46585.jpg,1963,1984,21
46590.jpg,1963,1400,-563
46595.jpg,1963,1928,-35
46600.jpg,1963,1986,23
46605.jpg,1963,1978,15
46615.jpg,1963,1938,-25
46620.jpg,1963,1938,-25
46625.jpg,1963,1978,15
46630.jpg,1963,1938,-25
46635.jpg,1964,1968,4
46640.jpg,1964,2010,46
46645.jpg,1964,1982,18
46650.jpg,1964,1934,-30
46655.jpg,1964,1970,6
46660.jpg,1964,1982,18
46665.jpg,1964,1973,9
46670.jpg,1964,1972,8
46675.jpg,1964,1978,14
46680.jpg,1964,1988,24
46685.jpg,1964,1975,11
46690.jpg,1964,1988,24
46695.jpg,1964,1968,4
46700.jpg,1964,1968,4
46705.jpg,1964,2003,39
46710.jpg,1964,1975,11
46715.jpg,1964,1965,1
46720.jpg,1964,1972,8
46725.jpg,1964,1962,-2
46730.jpg,1964,1999,35
46735.jpg,1964,1977,13
46740.jpg,1964,1938,-26
46745.jpg,1964,1938,-26
46750.jpg,1964,1962,-2
46755.jpg,1964,1957,-7
46760.jpg,1964,1818,-146
46765.jpg,1964,1997,33
46770.jpg,1964,1914,-50
46775.jpg,1964,1928,-36
46780.jpg,1964,1988,24
46785.jpg,1964,1962,-2
46790.jpg,1964,1998,34
46795.jpg,1964,1938,-26
46805.jpg,1964,1968,4
46810.jpg,1964,1973,9
46815.jpg,1964,1955,-9
46820.jpg,1965,1975,10
46825.jpg,1965,2003,38
46830.jpg,1965,1977,12
46835.jpg,1965,2003,38
46840.jpg,1965,1968,3
46845.jpg,1965,1983,18
46850.jpg,1965,1970,5
46860.jpg,1965,1972,7
46865.jpg,1965,1970,5
46870.jpg,1965,1980,15
46875.jpg,1965,1975,10
46885.jpg,1965,1964,-1
46890.jpg,1965,2010,45
46895.jpg,1965,1968,3
46900.jpg,1965,1962,-3
46905.jpg,1965,1936,-29
46910.jpg,1965,1991,26
46915.jpg,1965,1989,24
46920.jpg,1965,1968,3
46930.jpg,1965,1938,-27
46935.jpg,1965,1968,3
46940.jpg,1965,1900,-65
46945.jpg,1965,1978,13
46950.jpg,1965,1988,23
46955.jpg,1965,1998,33
46960.jpg,1965,1985,20
46965.jpg,1965,1986,21
46970.jpg,1965,1972,7
46990.jpg,1965,1968,3
46995.jpg,1965,1905,-60
47000.jpg,1965,1972,7
47005.jpg,1966,1962,-4
47010.jpg,1966,1926,-40
47015.jpg,1966,1970,4
47020.jpg,1966,1964,-2
47025.jpg,1966,1926,-40
47030.jpg,1966,1975,9
47035.jpg,1966,1978,12
47040.jpg,1966,2002,36
47050.jpg,1966,1968,2
47055.jpg,1966,1970,4
47060.jpg,1966,1972,6
47065.jpg,1966,1928,-38
47070.jpg,1966,1927,-39
47075.jpg,1966,1962,-4
47080.jpg,1966,1973,7
47085.jpg,1966,1964,-2
47090.jpg,1966,1973,7
47100.jpg,1966,1920,-46
47105.jpg,1966,1968,2
47115.jpg,1966,1956,-10
47120.jpg,1966,1965,-1
47125.jpg,1966,1962,-4
47130.jpg,1966,1975,9
47135.jpg,1966,2007,41
47140.jpg,1966,1998,32
47145.jpg,1966,1930,-36
47150.jpg,1966,1968,2
47155.jpg,1966,1880,-86
47170.jpg,1966,1995,29
47175.jpg,1966,1973,7
47180.jpg,1966,1970,4
47185.jpg,1966,1968,2
47190.jpg,1966,1968,2
47195.jpg,1966,1965,-1
47200.jpg,1966,1988,22
47205.jpg,1966,1968,2
47210.jpg,1966,1966,0
47215.jpg,1966,1977,11
47220.jpg,1966,1965,-1
47225.jpg,1967,1975,8
47230.jpg,1967,1972,5
47235.jpg,1967,1878,-89
47240.jpg,1967,1970,3
47245.jpg,1967,2008,41
47255.jpg,1967,1998,31
47265.jpg,1967,1996,29
47270.jpg,1967,1985,18
47275.jpg,1967,1996,29
47280.jpg,1967,1980,13
47285.jpg,1967,1975,8
47290.jpg,1967,1965,-2
47295.jpg,1967,1933,-34
47300.jpg,1967,1998,31
47305.jpg,1967,1825,-142
47310.jpg,1967,1972,5
47315.jpg,1967,1968,1
47320.jpg,1967,1962,-5
47325.jpg,1967,1972,5
47330.jpg,1967,1960,-7
47335.jpg,1967,1965,-2
47340.jpg,1967,2002,35
47345.jpg,1967,1958,-9
47350.jpg,1967,1938,-29
47355.jpg,1967,1968,1
47360.jpg,1967,1915,-52
47365.jpg,1967,1905,-62
47370.jpg,1967,1880,-87
47375.jpg,1967,1928,-39
47380.jpg,1967,1978,11
47385.jpg,1967,1975,8
47395.jpg,1967,1975,8
47400.jpg,1967,1998,31
47405.jpg,1967,1965,-2
47410.jpg,1967,2016,49
47420.jpg,1967,1973,6
47425.jpg,1967,1999,32
47430.jpg,1967,1973,6
47435.jpg,1967,1962,-5
47440.jpg,1967,1970,3
47445.jpg,1967,2005,38
47450.jpg,1968,1968,0
47455.jpg,1968,1972,4
47460.jpg,1968,1962,-6
47465.jpg,1968,1970,2
47470.jpg,1968,1968,0
47475.jpg,1968,1972,4
47480.jpg,1968,1996,28
47485.jpg,1968,1964,-4
47490.jpg,1968,1988,20
47495.jpg,1968,1994,26
47500.jpg,1968,1988,20
47505.jpg,1968,1988,20
47515.jpg,1968,1962,-6
47520.jpg,1968,1928,-40
47525.jpg,1968,1978,10
47530.jpg,1968,1973,5
47535.jpg,1968,1968,0
47540.jpg,1968,1968,0
47545.jpg,1968,1970,2
47550.jpg,1968,1972,4
47555.jpg,1968,1958,-10
47560.jpg,1968,1990,22
47565.jpg,1968,1963,-5
47570.jpg,1968,1968,0
47575.jpg,1968,1870,-98
47580.jpg,1968,2001,33
47585.jpg,1968,1880,-88
47590.jpg,1968,1998,30
47595.jpg,1968,1973,5
47600.jpg,1968,1970,2
47610.jpg,1968,2003,35
47620.jpg,1968,1978,10
47625.jpg,1968,1972,4
47630.jpg,1968,1985,17
47635.jpg,1968,1973,5
47640.jpg,1968,1968,0
47645.jpg,1968,1968,0
47650.jpg,1969,1970,1
47655.jpg,1969,1968,-1
47660.jpg,1969,1981,12
47665.jpg,1969,1974,5
47670.jpg,1969,1973,4
47675.jpg,1969,1970,1
47680.jpg,1969,1968,-1
47685.jpg,1969,1968,-1
47690.jpg,1969,1977,8
47695.jpg,1969,1960,-9
47700.jpg,1969,1987,18
47710.jpg,1969,1962,-7
47715.jpg,1969,1905,-64
47720.jpg,1969,1968,-1
47730.jpg,1969,1962,-7
47735.jpg,1969,1972,3
47740.jpg,1969,1970,1
47745.jpg,1969,1980,11
47750.jpg,1969,2017,48
47755.jpg,1969,1913,-56
47760.jpg,1969,1968,-1
47765.jpg,1969,1990,21
47770.jpg,1969,1988,19
47780.jpg,1969,1985,16
47785.jpg,1969,1970,1
47790.jpg,1969,1963,-6
47795.jpg,1969,1968,-1
47800.jpg,1969,1968,-1
47805.jpg,1969,1938,-31
47810.jpg,1969,1958,-11
47815.jpg,1969,1988,19
47820.jpg,1969,2010,41
47825.jpg,1969,1963,-6
47830.jpg,1969,1973,4
47835.jpg,1970,1977,7
47840.jpg,1970,1978,8
47845.jpg,1970,1976,6
47850.jpg,1970,1989,19
47855.jpg,1970,1975,5
47860.jpg,1970,2010,40
47865.jpg,1970,1970,0
47870.jpg,1970,1978,8
47875.jpg,1970,1972,2
47880.jpg,1970,1980,10
47890.jpg,1970,2010,40
47895.jpg,1970,1965,-5
47900.jpg,1970,1968,-2
47905.jpg,1970,1968,-2
47910.jpg,1970,1968,-2
47915.jpg,1970,2008,38
47920.jpg,1970,1958,-12
47925.jpg,1970,1972,2
47930.jpg,1970,1988,18
47935.jpg,1970,1968,-2
47940.jpg,1970,1963,-7
47945.jpg,1970,1747,-223
47950.jpg,1970,1985,15
47955.jpg,1970,1998,28
47960.jpg,1970,1962,-8
47965.jpg,1970,1995,25
47970.jpg,1970,1985,15
47975.jpg,1970,1976,6
47980.jpg,1970,1922,-48
47985.jpg,1970,1970,0
47990.jpg,1970,1980,10
47995.jpg,1970,2003,33
48000.jpg,1971,1968,-3
48005.jpg,1971,1978,7
48010.jpg,1971,1968,-3
48020.jpg,1971,1995,24
48025.jpg,1971,1968,-3
48030.jpg,1971,2017,46
48035.jpg,1971,1968,-3
48040.jpg,1971,1975,4
48045.jpg,1971,1969,-2
48050.jpg,1971,1970,-1
48065.jpg,1971,1973,2
48070.jpg,1971,1973,2
48075.jpg,1971,1965,-6
48080.jpg,1971,1968,-3
48085.jpg,1971,1968,-3
48090.jpg,1971,1994,23
48095.jpg,1971,1924,-47
48100.jpg,1971,2018,47
48105.jpg,1971,2012,41
48110.jpg,1971,1975,4
48115.jpg,1971,1983,12
48120.jpg,1971,1998,27
48130.jpg,1971,1989,18
48135.jpg,1971,1992,21
48140.jpg,1971,1996,25
48145.jpg,1971,1979,8
48150.jpg,1971,1971,0
48155.jpg,1971,1991,20
48160.jpg,1971,1968,-3
48170.jpg,1971,1952,-19
48175.jpg,1971,1968,-3
48180.jpg,1972,1969,-3
48185.jpg,1972,1968,-4
48190.jpg,1972,1972,0
48195.jpg,1972,1966,-6
48200.jpg,1972,1968,-4
48205.jpg,1972,1975,3
48215.jpg,1972,1965,-7
48220.jpg,1972,1968,-4
48225.jpg,1972,2005,33
48230.jpg,1972,1971,-1
48235.jpg,1972,1972,0
48240.jpg,1972,1973,1
48245.jpg,1972,2011,39
48250.jpg,1972,1972,0
48255.jpg,1972,1998,26
48260.jpg,1972,1964,-8
48265.jpg,1972,1968,-4
48270.jpg,1972,1968,-4
48275.jpg,1972,1938,-34
48280.jpg,1972,1968,-4
48285.jpg,1972,1928,-44
48290.jpg,1972,1895,-77
48295.jpg,1972,1973,1
48300.jpg,1972,1974,2
48305.jpg,1972,2015,43
48310.jpg,1972,2005,33
48320.jpg,1972,1985,13
48325.jpg,1972,1971,-1
48330.jpg,1972,1988,16
48335.jpg,1972,1890,-82
48340.jpg,1972,1994,22
48345.jpg,1972,1970,-2
48350.jpg,1972,1972,0
48355.jpg,1972,1958,-14
48360.jpg,1973,1962,-11
48365.jpg,1973,1975,2
48370.jpg,1973,1977,4
48375.jpg,1973,1972,-1
48380.jpg,1973,1970,-3
48385.jpg,1973,2007,34
48390.jpg,1973,1980,7
48395.jpg,1973,1964,-9
48400.jpg,1973,1982,9
48405.jpg,1973,1970,-3
48410.jpg,1973,1970,-3
48415.jpg,1973,2015,42
48420.jpg,1973,1978,5
48425.jpg,1973,1968,-5
48430.jpg,1973,1968,-5
48435.jpg,1973,1984,11
48440.jpg,1973,1966,-7
48445.jpg,1973,1972,-1
48450.jpg,1973,1955,-18
48455.jpg,1973,1990,17
48465.jpg,1973,1980,7
48475.jpg,1973,1938,-35
48480.jpg,1973,1960,-13
48490.jpg,1973,1978,5
48495.jpg,1973,1982,9
48500.jpg,1973,1880,-93
48505.jpg,1973,1968,-5
48510.jpg,1973,1995,22
48515.jpg,1973,1939,-34
48525.jpg,1973,1972,-1
48530.jpg,1974,1980,6
48535.jpg,1974,1973,-1
48540.jpg,1974,2012,38
48545.jpg,1974,1972,-2
48550.jpg,1974,1970,-4
48555.jpg,1974,1999,25
48560.jpg,1974,2015,41
48565.jpg,1974,1971,-3
48570.jpg,1974,1970,-4
48575.jpg,1974,1975,1
48580.jpg,1974,2005,31
48585.jpg,1974,1967,-7
48590.jpg,1974,1968,-6
48595.jpg,1974,1970,-4
48600.jpg,1974,1968,-6
48605.jpg,1974,1969,-5
48610.jpg,1974,1985,11
48615.jpg,1974,1983,9
48620.jpg,1974,1971,-3
48625.jpg,1974,1922,-52
48630.jpg,1974,1986,12
48635.jpg,1974,2005,31
48640.jpg,1974,1857,-117
48650.jpg,1974,1986,12
48670.jpg,1974,2005,31
48675.jpg,1974,1985,11
48680.jpg,1974,1982,8
48685.jpg,1974,1982,8
48690.jpg,1974,1989,15
48695.jpg,1974,1395,-579
48700.jpg,1974,1977,3
48705.jpg,1974,2006,32
48710.jpg,1974,1989,15
48715.jpg,1974,1968,-6
48720.jpg,1974,2004,30
48725.jpg,1974,1880,-94
48735.jpg,1975,1972,-3
48740.jpg,1975,1970,-5
48745.jpg,1975,1977,2
48750.jpg,1975,1977,2
48755.jpg,1975,1974,-1
48760.jpg,1975,1968,-7
48765.jpg,1975,1978,3
48770.jpg,1975,1994,19
48775.jpg,1975,1970,-5
48780.jpg,1975,1999,24
48785.jpg,1975,1965,-10
48790.jpg,1975,1987,12
48795.jpg,1975,2008,33
48800.jpg,1975,1973,-2
48805.jpg,1975,1988,13
48810.jpg,1975,2007,32
48815.jpg,1975,1990,15
48820.jpg,1975,1968,-7
48825.jpg,1975,1938,-37
48830.jpg,1975,1958,-17
48835.jpg,1975,2008,33
48840.jpg,1975,1986,11
48845.jpg,1975,2007,32
48850.jpg,1975,2003,28
48855.jpg,1975,1998,23
48860.jpg,1975,2005,30
48865.jpg,1975,1986,11
48870.jpg,1975,1984,9
48875.jpg,1975,1972,-3
48880.jpg,1975,1985,10
48885.jpg,1975,1973,-2
48890.jpg,1975,1999,24
48895.jpg,1975,1970,-5
48900.jpg,1976,1938,-38
48905.jpg,1976,1970,-6
48910.jpg,1976,1968,-8
48915.jpg,1976,1960,-16
48920.jpg,1976,2010,34
48925.jpg,1976,1996,20
48930.jpg,1976,1984,8
48940.jpg,1976,1973,-3
48945.jpg,1976,1972,-4
48950.jpg,1976,2010,34
48955.jpg,1976,1968,-8
48960.jpg,1976,1972,-4
48965.jpg,1976,1972,-4
48970.jpg,1976,1968,-8
48975.jpg,1976,1978,2
48985.jpg,1976,1988,12
48990.jpg,1976,1897,-79
49000.jpg,1976,1620,-356
49020.jpg,1976,1956,-20
49030.jpg,1976,1984,8
49035.jpg,1976,1988,12
49040.jpg,1976,1975,-1
49045.jpg,1976,1985,9
49050.jpg,1976,1985,9
49060.jpg,1976,1954,-22
49065.jpg,1976,1936,-40
49070.jpg,1976,1978,2
49075.jpg,1976,1701,-275
49080.jpg,1976,1975,-1
49085.jpg,1976,1984,8
49090.jpg,1976,1999,23
49095.jpg,1977,1972,-5
49100.jpg,1977,1895,-82
49105.jpg,1977,1972,-5
49110.jpg,1977,1973,-4
49115.jpg,1977,1970,-7
49120.jpg,1977,1968,-9
49125.jpg,1977,1978,1
49130.jpg,1977,1977,0
49135.jpg,1977,1976,-1
49140.jpg,1977,1975,-2
49145.jpg,1977,1968,-9
49150.jpg,1977,1964,-13
49155.jpg,1977,1968,-9
49160.jpg,1977,1984,7
49165.jpg,1977,1965,-12
49170.jpg,1977,1938,-39
49175.jpg,1977,1850,-127
49180.jpg,1977,1973,-4
49185.jpg,1977,2000,23
49190.jpg,1977,2010,33
49195.jpg,1977,1995,18
49205.jpg,1977,2001,24
49210.jpg,1977,1978,1
49215.jpg,1977,1978,1
49220.jpg,1977,2003,26
49225.jpg,1977,1971,-6
49230.jpg,1977,1937,-40
49235.jpg,1977,1983,6
49240.jpg,1977,1978,1
49250.jpg,1977,1930,-47
49255.jpg,1977,1960,-17
49260.jpg,1978,1972,-6
49265.jpg,1978,2019,41
49270.jpg,1978,1973,-5
49280.jpg,1978,1978,0
49285.jpg,1978,1970,-8
49290.jpg,1978,1912,-66
49295.jpg,1978,2013,35
49305.jpg,1978,1960,-18
49310.jpg,1978,2010,32
49315.jpg,1978,1971,-7
49320.jpg,1978,1986,8
49325.jpg,1978,1983,5
49330.jpg,1978,1980,2
49335.jpg,1978,1989,11
49340.jpg,1978,1916,-62
49345.jpg,1978,1988,10
49350.jpg,1978,1974,-4
49355.jpg,1978,2004,26
49360.jpg,1978,1985,7
49365.jpg,1978,1998,20
49370.jpg,1978,1970,-8
49375.jpg,1978,1985,7
49385.jpg,1978,2005,27
49390.jpg,1978,1934,-44
49395.jpg,1978,1961,-17
49400.jpg,1978,1970,-8
49405.jpg,1979,1962,-17
49410.jpg,1979,1975,-4
49415.jpg,1979,1977,-2
49420.jpg,1979,1970,-9
49425.jpg,1979,2014,35
49430.jpg,1979,2010,31
49435.jpg,1979,1968,-11
49440.jpg,1979,1968,-11
49445.jpg,1979,1982,3
49450.jpg,1979,1973,-6
49455.jpg,1979,1974,-5
49460.jpg,1979,1991,12
49465.jpg,1979,1935,-44
49470.jpg,1979,1955,-24
49475.jpg,1979,1970,-9
49480.jpg,1979,1905,-74
49485.jpg,1979,1958,-21
49490.jpg,1979,1930,-49
49495.jpg,1979,1870,-109
49500.jpg,1979,2005,26
49505.jpg,1979,1988,9
49510.jpg,1979,1973,-6
49515.jpg,1979,1983,4
49525.jpg,1979,1985,6
49530.jpg,1979,1985,6
49535.jpg,1979,1978,-1
49540.jpg,1979,1998,19
49545.jpg,1979,1965,-14
49550.jpg,1979,2011,32
49555.jpg,1979,1990,11
49560.jpg,1979,1972,-7
49565.jpg,1980,1978,-2
49570.jpg,1980,1888,-92
49585.jpg,1980,1910,-70
49590.jpg,1980,1988,8
49595.jpg,1980,1955,-25
49600.jpg,1980,1968,-12
49605.jpg,1980,1928,-52
49610.jpg,1980,2008,28
49615.jpg,1980,2003,23
49620.jpg,1980,1968,-12
49625.jpg,1980,1927,-53
49630.jpg,1980,2002,22
49635.jpg,1980,1998,18
49640.jpg,1980,1910,-70
49645.jpg,1980,1972,-8
49650.jpg,1980,1962,-18
49655.jpg,1980,1962,-18
49660.jpg,1980,1978,-2
49665.jpg,1980,1985,5
49675.jpg,1980,1989,9
49680.jpg,1980,2010,30
49685.jpg,1980,1998,18
49690.jpg,1980,1970,-10
49695.jpg,1980,1974,-6
49700.jpg,1980,1988,8
49705.jpg,1980,1974,-6
49710.jpg,1981,1987,6
49715.jpg,1981,2005,24
49720.jpg,1981,1973,-8
49725.jpg,1981,1972,-9
49735.jpg,1981,1978,-3
49740.jpg,1981,1963,-18
49745.jpg,1981,1970,-11
49750.jpg,1981,2005,24
49755.jpg,1981,1973,-8
49760.jpg,1981,1981,0
49770.jpg,1981,1973,-8
49775.jpg,1981,1962,-19
49780.jpg,1981,1989,8
49785.jpg,1981,1938,-43
49790.jpg,1981,1989,8
49795.jpg,1981,1968,-13
49800.jpg,1981,1988,7
49805.jpg,1981,1972,-9
49810.jpg,1981,1938,-43
49815.jpg,1981,1991,10
49820.jpg,1981,1935,-46
49825.jpg,1981,1985,4
49830.jpg,1981,1968,-13
49835.jpg,1981,1985,4
49840.jpg,1981,1895,-86
49845.jpg,1981,1986,5
49850.jpg,1981,2002,21
49860.jpg,1981,1983,2
49865.jpg,1981,2007,26
49875.jpg,1981,1996,15
49880.jpg,1981,1978,-3
49885.jpg,1981,2001,20
49890.jpg,1981,1972,-9
49895.jpg,1981,1968,-13
49900.jpg,1981,1965,-16
49905.jpg,1981,1968,-13
49910.jpg,1981,1980,-1
49915.jpg,1981,1979,-2
49920.jpg,1982,2005,23
49925.jpg,1982,1928,-54
49930.jpg,1982,1973,-9
49935.jpg,1982,1953,-29
49940.jpg,1982,1977,-5
49945.jpg,1982,1982,0
49950.jpg,1982,2010,28
49955.jpg,1982,1970,-12
49960.jpg,1982,1970,-12
49965.jpg,1982,1972,-10
49975.jpg,1982,1975,-7
49980.jpg,1982,1998,16
49985.jpg,1982,1980,-2
49990.jpg,1982,1987,5
49995.jpg,1982,1970,-12
50000.jpg,1982,1988,6
50005.jpg,1982,1989,7
50010.jpg,1982,1982,0
50015.jpg,1982,1974,-8
50020.jpg,1982,1982,0
50025.jpg,1982,1973,-9
50030.jpg,1982,1983,1
50035.jpg,1982,1982,0
50040.jpg,1982,1973,-9
50045.jpg,1982,1978,-4
50050.jpg,1982,1968,-14
50055.jpg,1982,1970,-12
50060.jpg,1982,1995,13
50065.jpg,1982,1938,-44
50070.jpg,1982,2005,23
50075.jpg,1982,1968,-14
50080.jpg,1982,1900,-82
50095.jpg,1982,1939,-43
50100.jpg,1982,1630,-352
50105.jpg,1982,1968,-14
50110.jpg,1982,1892,-90
50115.jpg,1982,1986,4
50120.jpg,1982,1987,5
50145.jpg,1982,1928,-54
50150.jpg,1982,1968,-14
50155.jpg,1982,1982,0
50160.jpg,1983,1820,-163
50165.jpg,1983,1965,-18
50170.jpg,1983,2015,32
50175.jpg,1983,1970,-13
50185.jpg,1983,1900,-83
50190.jpg,1983,1968,-15
50195.jpg,1983,1986,3
50200.jpg,1983,1976,-7
50205.jpg,1983,1968,-15
50210.jpg,1983,1978,-5
50220.jpg,1983,1988,5
50225.jpg,1983,1973,-10
50230.jpg,1983,1980,-3
50235.jpg,1983,1978,-5
50240.jpg,1983,1982,-1
50245.jpg,1983,1976,-7
50250.jpg,1983,1982,-1
50255.jpg,1983,1980,-3
50260.jpg,1983,2011,28
50270.jpg,1983,1970,-13
50275.jpg,1983,1973,-10
50280.jpg,1983,2005,22
50285.jpg,1983,1998,15
50290.jpg,1983,2000,17
50295.jpg,1983,1978,-5
50300.jpg,1983,1978,-5
50305.jpg,1983,1988,5
50310.jpg,1983,1956,-27
50315.jpg,1983,1880,-103
50320.jpg,1983,1978,-5
50325.jpg,1983,1880,-103
50330.jpg,1983,1968,-15
50335.jpg,1983,1972,-11
50340.jpg,1983,2005,22
50345.jpg,1983,1982,-1
50350.jpg,1983,1984,1
50355.jpg,1983,1928,-55
50360.jpg,1983,1984,1
50365.jpg,1983,1963,-20
50370.jpg,1983,1983,0
50375.jpg,1983,1968,-15
50380.jpg,1983,2011,28
50385.jpg,1983,2010,27
50390.jpg,1984,1972,-12
50395.jpg,1984,1986,2
50400.jpg,1984,1995,11
50405.jpg,1984,1970,-14
50410.jpg,1984,1980,-4
50415.jpg,1984,1968,-16
50420.jpg,1984,2003,19
50425.jpg,1984,2010,26
50430.jpg,1984,1970,-14
50435.jpg,1984,1961,-23
50440.jpg,1984,1962,-22
50445.jpg,1984,1976,-8
50450.jpg,1984,2004,20
50455.jpg,1984,1984,0
50465.jpg,1984,1981,-3
50470.jpg,1984,1984,0
50475.jpg,1984,2005,21
50480.jpg,1984,1978,-6
50485.jpg,1984,1988,4
50490.jpg,1984,1902,-82
50495.jpg,1984,2001,17
50500.jpg,1984,1928,-56
50505.jpg,1984,1983,-1
50515.jpg,1984,2010,26
50520.jpg,1984,1928,-56
50525.jpg,1984,1978,-6
50530.jpg,1984,1903,-81
50535.jpg,1984,1998,14
50540.jpg,1984,1984,0
50545.jpg,1984,1995,11
50550.jpg,1984,1998,14
50555.jpg,1984,1994,10
50560.jpg,1984,1999,15
50565.jpg,1984,1968,-16
50570.jpg,1984,1974,-10
50575.jpg,1984,1937,-47
50580.jpg,1985,1805,-180
50585.jpg,1985,1986,1
50595.jpg,1985,1975,-10
50600.jpg,1985,2003,18
50605.jpg,1985,1988,3
50610.jpg,1985,2001,16
50615.jpg,1985,1990,5
50620.jpg,1985,1973,-12
50630.jpg,1985,1980,-5
50635.jpg,1985,1977,-8
50640.jpg,1985,1982,-3
50645.jpg,1985,1989,4
50650.jpg,1985,1983,-2
50655.jpg,1985,1981,-4
50660.jpg,1985,1984,-1
50665.jpg,1985,1974,-11
50670.jpg,1985,1986,1
50675.jpg,1985,1967,-18
50680.jpg,1985,1968,-17
50685.jpg,1985,1983,-2
50690.jpg,1985,2010,25
50695.jpg,1985,1995,10
50700.jpg,1985,1979,-6
50705.jpg,1985,1938,-47
50710.jpg,1985,1905,-80
50715.jpg,1985,1986,1
50720.jpg,1985,1880,-105
50730.jpg,1985,1973,-12
50735.jpg,1985,2005,20
50740.jpg,1985,1985,0
50745.jpg,1985,1988,3
50750.jpg,1985,1988,3
50755.jpg,1985,1988,3
50760.jpg,1985,1968,-17
50765.jpg,1985,1990,5
50770.jpg,1985,1986,1
50775.jpg,1985,1982,-3
50780.jpg,1986,1992,6
50785.jpg,1986,1972,-14
50790.jpg,1986,1965,-21
50795.jpg,1986,1988,2
50800.jpg,1986,1986,0
50805.jpg,1986,1989,3
50810.jpg,1986,1973,-13
50815.jpg,1986,1978,-8
50820.jpg,1986,1983,-3
50830.jpg,1986,1988,2
50835.jpg,1986,1988,2
50840.jpg,1986,1986,0
50845.jpg,1986,1999,13
50850.jpg,1986,1973,-13
50855.jpg,1986,2016,30
50860.jpg,1986,1989,3
50865.jpg,1986,1892,-94
50870.jpg,1986,1972,-14
50885.jpg,1986,1975,-11
50890.jpg,1986,1978,-8
50895.jpg,1986,2005,19
50900.jpg,1986,1930,-56
50905.jpg,1986,1985,-1
50910.jpg,1986,1999,13
50915.jpg,1986,1985,-1
50920.jpg,1986,1935,-51
50925.jpg,1986,1830,-156
50930.jpg,1986,1996,10
50935.jpg,1986,1961,-25
50940.jpg,1986,1926,-60
50945.jpg,1986,1988,2
50950.jpg,1986,1987,1
50955.jpg,1986,1982,-4
50960.jpg,1986,1986,0
50965.jpg,1986,1985,-1
50970.jpg,1986,1996,10
50975.jpg,1986,1967,-19
50980.jpg,1986,1988,2
50985.jpg,1986,1930,-56
50990.jpg,1987,1917,-70
50995.jpg,1987,1988,1
51000.jpg,1987,1970,-17
51010.jpg,1987,1998,11
51015.jpg,1987,1970,-17
51020.jpg,1987,1988,1
51025.jpg,1987,1989,2
51030.jpg,1987,1998,11
51035.jpg,1987,1984,-3
51040.jpg,1987,1968,-19
51045.jpg,1987,1973,-14
51050.jpg,1987,1998,11
51055.jpg,1987,1988,1
51060.jpg,1987,1980,-7
51065.jpg,1987,2005,18
51070.jpg,1987,1974,-13
51075.jpg,1987,1981,-6
51080.jpg,1987,1989,2
51085.jpg,1987,1929,-58
51090.jpg,1987,1985,-2
51095.jpg,1987,1973,-14
51100.jpg,1987,1995,8
51105.jpg,1987,1988,1
51110.jpg,1987,1989,2
51115.jpg,1987,2003,16
51120.jpg,1987,1935,-52
51125.jpg,1987,1760,-227
51130.jpg,1987,1880,-107
51135.jpg,1987,1986,-1
51140.jpg,1987,1985,-2
51145.jpg,1987,1978,-9
51155.jpg,1987,1985,-2
51165.jpg,1987,1985,-2
51170.jpg,1987,1928,-59
51175.jpg,1987,2008,21
51180.jpg,1987,1973,-14
51200.jpg,1988,1978,-10
51205.jpg,1988,1973,-15
51210.jpg,1988,1968,-20
51215.jpg,1988,2002,14
51220.jpg,1988,2015,27
51225.jpg,1988,1968,-20
51240.jpg,1988,1989,1
51245.jpg,1988,1999,11
51250.jpg,1988,1986,-2
51255.jpg,1988,1988,0
51260.jpg,1988,1974,-14
51265.jpg,1988,1998,10
51270.jpg,1988,1997,9
51275.jpg,1988,1962,-26
51280.jpg,1988,1988,0
51285.jpg,1988,1988,0
51290.jpg,1988,1976,-12
51295.jpg,1988,1982,-6
51300.jpg,1988,1972,-16
51305.jpg,1988,1988,0
51310.jpg,1988,1984,-4
51315.jpg,1988,1980,-8
51320.jpg,1988,1971,-17
51330.jpg,1988,1880,-108
51335.jpg,1988,1897,-91
51340.jpg,1988,1972,-16
51345.jpg,1988,1898,-90
51350.jpg,1988,1912,-76
51355.jpg,1988,1985,-3
51360.jpg,1988,1998,10
51365.jpg,1988,1988,0
51370.jpg,1988,1985,-3
51375.jpg,1988,1920,-68
51380.jpg,1988,1995,7
51385.jpg,1988,1968,-20
51390.jpg,1988,1972,-16
51395.jpg,1988,1974,-14
51400.jpg,1988,1990,2
51405.jpg,1988,1974,-14
51410.jpg,1989,2004,15
51415.jpg,1989,1995,6
51420.jpg,1989,1972,-17
51425.jpg,1989,2014,25
51430.jpg,1989,2018,29
51435.jpg,1989,1970,-19
51440.jpg,1989,1950,-39
51445.jpg,1989,1970,-19
51455.jpg,1989,1968,-21
51460.jpg,1989,1988,-1
51470.jpg,1989,1986,-3
51475.jpg,1989,1977,-12
51480.jpg,1989,1987,-2
51485.jpg,1989,1987,-2
51490.jpg,1989,1991,2
51495.jpg,1989,2007,18
51500.jpg,1989,1968,-21
51505.jpg,1989,2003,14
51510.jpg,1989,1982,-7
51515.jpg,1989,1982,-7
51520.jpg,1989,1975,-14
51525.jpg,1989,1935,-54
51530.jpg,1989,1935,-54
51535.jpg,1989,2003,14
51540.jpg,1989,1988,-1
51545.jpg,1989,1928,-61
51550.jpg,1989,1928,-61
51555.jpg,1989,2002,13
51560.jpg,1989,1930,-59
51565.jpg,1989,1929,-60
51575.jpg,1989,1995,6
51580.jpg,1989,1590,-399
51585.jpg,1989,1995,6
51590.jpg,1989,1972,-17
51595.jpg,1989,1989,0
51600.jpg,1989,1995,6
51605.jpg,1990,1888,-102
51610.jpg,1990,1975,-15
51615.jpg,1990,1993,3
51620.jpg,1990,1998,8
51625.jpg,1990,1960,-30
51630.jpg,1990,1996,6
51635.jpg,1990,1968,-22
51640.jpg,1990,1978,-12
51645.jpg,1990,1992,2
51650.jpg,1990,1950,-40
51655.jpg,1990,1989,-1
51660.jpg,1990,1989,-1
51670.jpg,1990,1979,-11
51675.jpg,1990,1992,2
51680.jpg,1990,1993,3
51685.jpg,1990,1986,-4
51690.jpg,1990,1988,-2
51695.jpg,1990,1975,-15
51700.jpg,1990,1968,-22
51705.jpg,1990,1986,-4
51710.jpg,1990,1989,-1
51715.jpg,1990,1968,-22
51720.jpg,1990,1972,-18
51725.jpg,1990,1999,9
51730.jpg,1990,2009,19
51735.jpg,1990,1970,-20
51740.jpg,1990,2010,20
51745.jpg,1990,1990,0
51755.jpg,1990,1998,8
51760.jpg,1990,1912,-78
51765.jpg,1990,1888,-102
51770.jpg,1990,1995,5
51775.jpg,1990,2006,16
51780.jpg,1990,1985,-5
51785.jpg,1990,1998,8
51795.jpg,1990,2015,25
51805.jpg,1990,1989,-1
51810.jpg,1990,2003,13
51815.jpg,1990,1978,-12
51820.jpg,1990,1990,0
51825.jpg,1990,1998,8
51830.jpg,1990,1972,-18
51840.jpg,1991,1880,-111
51845.jpg,1991,1892,-99
51850.jpg,1991,2008,17
51860.jpg,1991,2000,9
51865.jpg,1991,1980,-11
51870.jpg,1991,1972,-19
51875.jpg,1991,1988,-3
51885.jpg,1991,1994,3
51890.jpg,1991,1973,-18
51895.jpg,1991,1985,-6
51905.jpg,1991,2005,14
51910.jpg,1991,1999,8
51920.jpg,1991,2003,12
51925.jpg,1991,2008,17
51930.jpg,1991,1978,-13
51935.jpg,1991,1987,-4
51940.jpg,1991,1987,-4
51945.jpg,1991,1999,8
51950.jpg,1991,1968,-23
51955.jpg,1991,1978,-13
51960.jpg,1991,1989,-2
51965.jpg,1991,1968,-23
51970.jpg,1991,2002,11
51975.jpg,1991,1969,-22
51980.jpg,1991,2010,19
51985.jpg,1991,1928,-63
51990.jpg,1991,1985,-6
51995.jpg,1991,1978,-13
52000.jpg,1991,1910,-81
52015.jpg,1991,1978,-13
52020.jpg,1991,1978,-13
52025.jpg,1991,1990,-1
52035.jpg,1991,1928,-63
52040.jpg,1991,1985,-6
52045.jpg,1991,1999,8
52060.jpg,1991,2009,18
52065.jpg,1992,1998,6
52070.jpg,1992,1973,-19
52075.jpg,1992,1956,-36
52080.jpg,1992,1992,0
52085.jpg,1992,1970,-22
52090.jpg,1992,1980,-12
52095.jpg,1992,1988,-4
52100.jpg,1992,1976,-16
52105.jpg,1992,1923,-69
52110.jpg,1992,2009,17
52115.jpg,1992,1975,-17
52120.jpg,1992,1982,-10
52125.jpg,1992,2014,22
52130.jpg,1992,2004,12
52135.jpg,1992,1998,6
52140.jpg,1992,1988,-4
52145.jpg,1992,1972,-20
52150.jpg,1992,1989,-3
52155.jpg,1992,2005,13
52160.jpg,1992,1982,-10
52165.jpg,1992,1982,-10
52170.jpg,1992,1980,-12
52175.jpg,1992,1998,6
52180.jpg,1992,1986,-6
52185.jpg,1992,1990,-2
52190.jpg,1992,2001,9
52195.jpg,1992,1989,-3
52200.jpg,1992,2016,24
52205.jpg,1992,1975,-17
52210.jpg,1992,1910,-82
52215.jpg,1992,1998,6
52220.jpg,1992,1981,-11
52225.jpg,1992,1905,-87
52230.jpg,1992,1798,-194
52235.jpg,1992,1888,-104
52240.jpg,1992,2005,13
52245.jpg,1992,1986,-6
52250.jpg,1992,1986,-6
52260.jpg,1992,1930,-62
52270.jpg,1993,1984,-9
52275.jpg,1993,1987,-6
52280.jpg,1993,1929,-64
52285.jpg,1993,1970,-23
52290.jpg,1993,1980,-13
52300.jpg,1993,1995,2
52305.jpg,1993,1987,-6
52310.jpg,1993,2003,10
52315.jpg,1993,1979,-14
52320.jpg,1993,2002,9
52325.jpg,1993,1970,-23
52335.jpg,1993,1995,2
52340.jpg,1993,1985,-8
52345.jpg,1993,1989,-4
52350.jpg,1993,1988,-5
52355.jpg,1993,1988,-5
52360.jpg,1993,1989,-4
52365.jpg,1993,1984,-9
52370.jpg,1993,1998,5
52375.jpg,1993,1998,5
52380.jpg,1993,1969,-24
52385.jpg,1993,1998,5
52390.jpg,1993,1979,-14
52395.jpg,1993,1970,-23
52400.jpg,1993,1975,-18
52405.jpg,1993,2011,18
52410.jpg,1993,1760,-233
52415.jpg,1993,1970,-23
52420.jpg,1993,2004,11
52425.jpg,1993,1905,-88
52430.jpg,1993,1996,3
52435.jpg,1993,1985,-8
52440.jpg,1993,1980,-13
52445.jpg,1993,1990,-3
52450.jpg,1993,1880,-113
52455.jpg,1993,2007,14
52460.jpg,1993,1989,-4
52465.jpg,1993,1968,-25
52475.jpg,1994,2006,12
52480.jpg,1994,2008,14
52485.jpg,1994,1999,5
52490.jpg,1994,1968,-26
52495.jpg,1994,1998,4
52505.jpg,1994,1981,-13
52510.jpg,1994,1930,-64
52515.jpg,1994,1998,4
52525.jpg,1994,1990,-4
52530.jpg,1994,1985,-9
52535.jpg,1994,1988,-6
52540.jpg,1994,1994,0
52545.jpg,1994,1997,3
52550.jpg,1994,1970,-24
52555.jpg,1994,1978,-16
52560.jpg,1994,1939,-55
52570.jpg,1994,1974,-20
52575.jpg,1994,1999,5
52580.jpg,1994,1883,-111
52585.jpg,1994,2004,10
52590.jpg,1994,2004,10
52595.jpg,1994,1910,-84
52600.jpg,1994,1925,-69
52605.jpg,1994,1688,-306
52610.jpg,1994,1988,-6
52615.jpg,1994,1873,-121
52620.jpg,1994,2011,17
52625.jpg,1994,1998,4
52630.jpg,1994,1985,-9
52635.jpg,1994,1986,-8
52640.jpg,1994,1978,-16
52645.jpg,1994,1978,-16
52650.jpg,1995,1995,0
52655.jpg,1995,1985,-10
52660.jpg,1995,2006,11
52665.jpg,1995,2005,10
52670.jpg,1995,1998,3
52675.jpg,1995,1972,-23
52680.jpg,1995,1999,4
52685.jpg,1995,2003,8
52690.jpg,1995,1979,-16
52695.jpg,1995,2012,17
52700.jpg,1995,2003,8
52705.jpg,1995,1914,-81
52710.jpg,1995,2003,8
52715.jpg,1995,1988,-7
52720.jpg,1995,1972,-23
52725.jpg,1995,2000,5
52730.jpg,1995,1958,-37
52735.jpg,1995,1996,1
52740.jpg,1995,1973,-22
52745.jpg,1995,1997,2
52750.jpg,1995,1997,2
52755.jpg,1995,1985,-10
52760.jpg,1995,1998,3
52765.jpg,1995,1989,-6
52770.jpg,1995,2010,15
52775.jpg,1995,1998,3
52785.jpg,1995,2007,12
52790.jpg,1995,1820,-175
52795.jpg,1995,1997,2
52800.jpg,1995,1888,-107
52805.jpg,1995,2003,8
52810.jpg,1995,2007,12
52815.jpg,1995,1970,-25
52820.jpg,1995,1986,-9
52825.jpg,1995,1998,3
52830.jpg,1995,1937,-58
52835.jpg,1995,1993,-2
52840.jpg,1995,1918,-77
52845.jpg,1996,1998,2
52850.jpg,1996,1988,-8
52855.jpg,1996,2012,16
52860.jpg,1996,1998,2
52865.jpg,1996,2008,12
52870.jpg,1996,2005,9
52875.jpg,1996,1958,-38
52880.jpg,1996,1930,-66
52885.jpg,1996,1996,0
52890.jpg,1996,1997,1
52895.jpg,1996,2006,10
52900.jpg,1996,2011,15
52905.jpg,1996,2018,22
52910.jpg,1996,1996,0
52915.jpg,1996,1972,-24
52920.jpg,1996,1988,-8
52925.jpg,1996,1968,-28
52935.jpg,1996,1984,-12
52940.jpg,1996,1967,-29
52945.jpg,1996,1939,-57
52950.jpg,1996,1970,-26
52955.jpg,1996,2006,10
52960.jpg,1996,1988,-8
52965.jpg,1996,1998,2
52970.jpg,1996,1978,-18
52980.jpg,1996,1930,-66
52985.jpg,1997,1832,-165
52990.jpg,1997,1972,-25
52995.jpg,1997,1938,-59
53000.jpg,1997,1998,1
53005.jpg,1997,1968,-29
53010.jpg,1997,1993,-4
53015.jpg,1997,1998,1
53020.jpg,1997,1999,2
53025.jpg,1997,1999,2
53030.jpg,1997,1999,2
53035.jpg,1997,1998,1
53040.jpg,1997,1995,-2
53045.jpg,1997,2003,6
53050.jpg,1997,2001,4
53055.jpg,1997,1983,-14
53060.jpg,1997,2002,5
53065.jpg,1997,1963,-34
53070.jpg,1997,1989,-8
53075.jpg,1997,1996,-1
53080.jpg,1997,1997,0
53085.jpg,1997,1982,-15
53090.jpg,1997,1899,-98
53095.jpg,1997,1998,1
53100.jpg,1997,1978,-19
53105.jpg,1997,2000,3
53110.jpg,1997,2010,13
53115.jpg,1997,1998,1
53120.jpg,1997,1994,-3
53125.jpg,1997,2003,6
53130.jpg,1997,1963,-34
53135.jpg,1997,1995,-2
53140.jpg,1997,1983,-14
53145.jpg,1997,1975,-22
53150.jpg,1997,2013,16
53155.jpg,1997,1752,-245
53165.jpg,1997,1936,-61
53170.jpg,1997,1990,-7
53175.jpg,1997,1982,-15
53180.jpg,1997,1995,-2
53185.jpg,1997,1988,-9
53190.jpg,1997,1986,-11
53195.jpg,1997,1609,-388
53200.jpg,1997,2005,8
53205.jpg,1997,1965,-32
53210.jpg,1997,1999,2
53215.jpg,1997,1938,-59
53220.jpg,1997,1998,1
53225.jpg,1997,2008,11
53230.jpg,1997,1984,-13
53235.jpg,1998,1903,-95
53240.jpg,1998,1989,-9
53245.jpg,1998,1962,-36
53250.jpg,1998,1993,-5
53255.jpg,1998,1949,-49
53260.jpg,1998,1997,-1
53265.jpg,1998,1955,-43
53270.jpg,1998,2003,5
53275.jpg,1998,2017,19
53280.jpg,1998,1989,-9
53285.jpg,1998,1924,-74
53290.jpg,1998,1998,0
53300.jpg,1998,1972,-26
53305.jpg,1998,1962,-36
53310.jpg,1998,2003,5
53315.jpg,1998,1980,-18
53325.jpg,1998,1995,-3
53330.jpg,1998,1989,-9
53335.jpg,1998,2005,7
53340.jpg,1998,1987,-11
53345.jpg,1998,1972,-26
53350.jpg,1998,1989,-9
53355.jpg,1998,1998,0
53365.jpg,1998,1999,1
53370.jpg,1998,2010,12
53375.jpg,1998,1994,-4
53380.jpg,1998,1988,-10
53385.jpg,1998,1780,-218
53390.jpg,1998,1790,-208
53395.jpg,1998,2002,4
53400.jpg,1998,1937,-61
53405.jpg,1998,2011,13
53410.jpg,1998,1993,-5
53415.jpg,1998,1985,-13
53420.jpg,1998,1997,-1
53425.jpg,1998,1995,-3
53435.jpg,1998,1985,-13
53440.jpg,1998,1970,-28
53445.jpg,1998,2011,13
53450.jpg,1998,1987,-11
53455.jpg,1999,1745,-254
53460.jpg,1999,1985,-14
53465.jpg,1999,2013,14
53470.jpg,1999,1935,-64
53475.jpg,1999,2001,2
53480.jpg,1999,2012,13
53485.jpg,1999,1995,-4
53490.jpg,1999,1961,-38
53495.jpg,1999,1968,-31
53505.jpg,1999,1968,-31
53510.jpg,1999,1988,-11
53515.jpg,1999,1995,-4
53520.jpg,1999,2003,4
53525.jpg,1999,2000,1
53530.jpg,1999,1998,-1
53535.jpg,1999,1982,-17
53540.jpg,1999,1999,0
53545.jpg,1999,1972,-27
53550.jpg,1999,2005,6
53555.jpg,1999,1988,-11
53560.jpg,1999,1987,-12
53565.jpg,1999,1982,-17
53570.jpg,1999,1987,-12
53575.jpg,1999,1986,-13
53580.jpg,1999,1984,-15
53585.jpg,1999,2003,4
53590.jpg,1999,1985,-14
53595.jpg,1999,1988,-11
53600.jpg,1999,1998,-1
53605.jpg,1999,1998,-1
53610.jpg,1999,2002,3
53615.jpg,1999,1960,-39
53620.jpg,1999,1902,-97
53625.jpg,1999,1988,-11
53630.jpg,1999,1980,-19
53635.jpg,1999,1988,-11
53650.jpg,1999,1998,-1
53655.jpg,1999,2009,10
53660.jpg,1999,2005,6
53665.jpg,1999,1989,-10
53670.jpg,1999,1929,-70
53675.jpg,1999,1997,-2
53680.jpg,1999,1999,0
53685.jpg,1999,1928,-71
53690.jpg,2000,2007,7
53700.jpg,2000,2003,3
53705.jpg,2000,1978,-22
53710.jpg,2000,1988,-12
53715.jpg,2000,1970,-30
53720.jpg,2000,2008,8
53725.jpg,2000,1996,-4
53730.jpg,2000,1970,-30
53735.jpg,2000,2006,6
53740.jpg,2000,1999,-1
53745.jpg,2000,1928,-72
53755.jpg,2000,1998,-2
53760.jpg,2000,1988,-12
53765.jpg,2000,2009,9
53770.jpg,2000,2003,3
53775.jpg,2000,1955,-45
53780.jpg,2000,2001,1
53785.jpg,2000,1994,-6
53790.jpg,2000,1979,-21
53795.jpg,2000,1978,-22
53800.jpg,2000,1988,-12
53805.jpg,2000,1997,-3
53810.jpg,2000,1985,-15
53815.jpg,2000,1998,-2
53820.jpg,2000,1986,-14
53830.jpg,2000,1958,-42
53835.jpg,2000,2000,0
53840.jpg,2000,2007,7
53845.jpg,2000,2010,10
53850.jpg,2000,1872,-128
53855.jpg,2000,1989,-11
53860.jpg,2000,2003,3
53865.jpg,2000,2002,2
53870.jpg,2000,1986,-14
53875.jpg,2000,1968,-32
53880.jpg,2000,2002,2
53885.jpg,2000,1990,-10
53890.jpg,2000,1998,-2
53895.jpg,2000,2003,3
53905.jpg,2001,2008,7
53910.jpg,2001,2001,0
53915.jpg,2001,1988,-13
53920.jpg,2001,2003,2
53925.jpg,2001,2005,4
53930.jpg,2001,2005,4
53935.jpg,2001,1978,-23
53940.jpg,2001,2003,2
53945.jpg,2001,1998,-3
53950.jpg,2001,1985,-16
53955.jpg,2001,1995,-6
53960.jpg,2001,2005,4
53965.jpg,2001,1968,-33
53970.jpg,2001,1982,-19
53975.jpg,2001,2002,1
53980.jpg,2001,2002,1
53985.jpg,2001,1982,-19
53990.jpg,2001,1967,-34
53995.jpg,2001,1898,-103
54000.jpg,2001,2005,4
54005.jpg,2001,1985,-16
54010.jpg,2001,1999,-2
54015.jpg,2001,1984,-17
54020.jpg,2001,1929,-72
54025.jpg,2001,1999,-2
54030.jpg,2001,2001,0
54035.jpg,2001,2015,14
54040.jpg,2001,2016,15
54045.jpg,2001,1998,-3
54050.jpg,2001,2010,9
54055.jpg,2001,2007,6
54060.jpg,2001,1988,-13
54065.jpg,2001,1968,-33
54070.jpg,2001,1994,-7
54075.jpg,2001,2010,9
54085.jpg,2001,2007,6
54090.jpg,2001,2002,1
54095.jpg,2001,2004,3
54100.jpg,2001,1998,-3
54105.jpg,2001,2006,5
54110.jpg,2001,2000,-1
54120.jpg,2001,1998,-3
54125.jpg,2001,2008,7
54130.jpg,2001,1960,-41
54135.jpg,2001,1974,-27
54140.jpg,2001,2002,1
54145.jpg,2001,1968,-33
54150.jpg,2001,2008,7
54155.jpg,2001,1925,-76
54160.jpg,2001,2005,4
54165.jpg,2001,2002,1
54170.jpg,2001,2008,7
54180.jpg,2002,1938,-64
54185.jpg,2002,2013,11
54190.jpg,2002,1997,-5
54195.jpg,2002,1928,-74
54200.jpg,2002,1970,-32
54205.jpg,2002,1999,-3
54210.jpg,2002,1980,-22
54215.jpg,2002,2002,0
54220.jpg,2002,1914,-88
54225.jpg,2002,1954,-48
54230.jpg,2002,2002,0
54235.jpg,2002,2002,0
54240.jpg,2002,1986,-16
54245.jpg,2002,1920,-82
54250.jpg,2002,2005,3
54255.jpg,2002,1905,-97
54260.jpg,2002,2002,0
54265.jpg,2002,2002,0
54270.jpg,2002,2008,6
54275.jpg,2002,1912,-90
54280.jpg,2002,2014,12
54285.jpg,2002,2011,9
54290.jpg,2002,1970,-32
54295.jpg,2002,1972,-30
54300.jpg,2002,1972,-30
54305.jpg,2002,1988,-14
54310.jpg,2002,1990,-12
54315.jpg,2002,1986,-16
54320.jpg,2002,1910,-92
54330.jpg,2002,1933,-69
54335.jpg,2002,1955,-47
54340.jpg,2002,1998,-4
54345.jpg,2002,1998,-4
54355.jpg,2002,2003,1
54360.jpg,2002,2005,3
54365.jpg,2002,2006,4
54370.jpg,2002,2003,1
54375.jpg,2002,2006,4
54385.jpg,2002,1983,-19
54390.jpg,2002,1977,-25
54395.jpg,2002,1987,-15
54400.jpg,2002,2005,3
54405.jpg,2003,2005,2
54410.jpg,2003,2022,19
54415.jpg,2003,2015,12
54425.jpg,2003,2007,4
54430.jpg,2003,2011,8
54435.jpg,2003,2002,-1
54440.jpg,2003,2014,11
54445.jpg,2003,1988,-15
54450.jpg,2003,2003,0
54460.jpg,2003,1995,-8
54465.jpg,2003,2002,-1
54470.jpg,2003,2007,4
54475.jpg,2003,2003,0
54480.jpg,2003,1993,-10
54485.jpg,2003,1993,-10
54490.jpg,2003,2001,-2
54495.jpg,2003,2005,2
54500.jpg,2003,2013,10
54505.jpg,2003,1997,-6
54510.jpg,2003,1990,-13
54515.jpg,2003,1969,-34
54520.jpg,2003,1910,-93
54525.jpg,2003,2012,9
54530.jpg,2003,1988,-15
54535.jpg,2003,1978,-25
54540.jpg,2003,1998,-5
54545.jpg,2003,1898,-105
54550.jpg,2003,2002,-1
54555.jpg,2003,1740,-263
54560.jpg,2003,2013,10
54565.jpg,2003,2006,3
54570.jpg,2003,1987,-16
54575.jpg,2003,2008,5
54580.jpg,2003,1968,-35
54585.jpg,2003,2003,0
54590.jpg,2003,1986,-17
54595.jpg,2003,1972,-31
54600.jpg,2003,1980,-23
54605.jpg,2004,2005,1
54610.jpg,2004,1988,-16
54620.jpg,2004,1968,-36
54625.jpg,2004,2001,-3
54630.jpg,2004,2007,3
54635.jpg,2004,1998,-6
54640.jpg,2004,2015,11
54645.jpg,2004,1970,-34
54650.jpg,2004,1989,-15
54655.jpg,2004,1970,-34
54660.jpg,2004,2005,1
54665.jpg,2004,1992,-12
54670.jpg,2004,2003,-1
54675.jpg,2004,2006,2
54680.jpg,2004,2005,1
54685.jpg,2004,2005,1
54690.jpg,2004,1942,-62
54695.jpg,2004,1935,-69
54700.jpg,2004,1998,-6
54705.jpg,2004,1999,-5
54710.jpg,2004,1996,-8
54715.jpg,2004,2003,-1
54720.jpg,2004,2003,-1
54725.jpg,2004,1999,-5
54730.jpg,2004,1998,-6
54735.jpg,2004,2012,8
54740.jpg,2004,2003,-1
54745.jpg,2004,1928,-76
54750.jpg,2004,1928,-76
54760.jpg,2004,1990,-14
54770.jpg,2004,1936,-68
54775.jpg,2004,2008,4
54780.jpg,2004,2005,1
54785.jpg,2004,1960,-44
54790.jpg,2004,2005,1
54795.jpg,2004,1999,-5
54800.jpg,2004,1998,-6
54805.jpg,2004,2008,4
54810.jpg,2004,1992,-12
54815.jpg,2004,2007,3
54820.jpg,2004,1985,-19
54825.jpg,2004,2006,2
54830.jpg,2004,2004,0
54835.jpg,2004,2014,10
54840.jpg,2004,2003,-1
54845.jpg,2005,1838,-167
54850.jpg,2005,1968,-37
54855.jpg,2005,2003,-2
54860.jpg,2005,2014,9
54865.jpg,2005,2017,12
54870.jpg,2005,2007,2
54885.jpg,2005,1982,-23
54890.jpg,2005,1978,-27
54895.jpg,2005,2005,0
54900.jpg,2005,2010,5
54905.jpg,2005,2003,-2
54910.jpg,2005,1998,-7
54915.jpg,2005,1985,-20
54925.jpg,2005,2010,5
54930.jpg,2005,2000,-5
54935.jpg,2005,1927,-78
54940.jpg,2005,1978,-27
54955.jpg,2005,2002,-3
54960.jpg,2005,2005,0
54965.jpg,2005,2005,0
54970.jpg,2005,2010,5
54975.jpg,2005,2010,5
54980.jpg,2005,2004,-1
54985.jpg,2005,2001,-4
54990.jpg,2005,1988,-17
54995.jpg,2005,1939,-66
55000.jpg,2005,1984,-21
55005.jpg,2005,2003,-2
55010.jpg,2005,1968,-37
55015.jpg,2005,2010,5
55020.jpg,2005,2006,1
55025.jpg,2005,1984,-21
55030.jpg,2005,2008,3
55035.jpg,2005,2005,0
55040.jpg,2005,2010,5
55045.jpg,2005,1985,-20
55050.jpg,2005,2005,0
55055.jpg,2005,2005,0
55060.jpg,2005,2003,-2
55065.jpg,2005,2006,1
55070.jpg,2005,1960,-45
55075.jpg,2005,2007,2
55080.jpg,2005,2008,3
55085.jpg,2005,2005,0
55090.jpg,2005,2008,3
55095.jpg,2005,2002,-3
55100.jpg,2005,2003,-2
55105.jpg,2005,1985,-20
55110.jpg,2005,1996,-9
55115.jpg,2005,1938,-67
55120.jpg,2005,1986,-19
55125.jpg,2005,1990,-15
55130.jpg,2005,2007,2
55135.jpg,2006,2004,-2
55140.jpg,2006,2010,4
55145.jpg,2006,1930,-76
55155.jpg,2006,2002,-4
55160.jpg,2006,1968,-38
55165.jpg,2006,1970,-36
55170.jpg,2006,2005,-1
55175.jpg,2006,1997,-9
55180.jpg,2006,1988,-18
55185.jpg,2006,1980,-26
55190.jpg,2006,1995,-11
55195.jpg,2006,2008,2
55200.jpg,2006,1993,-13
55210.jpg,2006,1980,-26
55215.jpg,2006,1980,-26
55220.jpg,2006,2005,-1
55230.jpg,2006,2007,1
55235.jpg,2006,2011,5
55240.jpg,2006,2010,4
55245.jpg,2006,2005,-1
55250.jpg,2006,2002,-4
55255.jpg,2006,1968,-38
55265.jpg,2006,1888,-118
55270.jpg,2006,1998,-8
55275.jpg,2006,1934,-72
55280.jpg,2006,1975,-31
55285.jpg,2006,1987,-19
55290.jpg,2006,1933,-73
55295.jpg,2006,2006,0
55300.jpg,2006,2003,-3
55305.jpg,2006,1978,-28
55310.jpg,2006,1973,-33
55315.jpg,2006,1922,-84
55320.jpg,2006,1985,-21
55325.jpg,2006,1970,-36
55330.jpg,2006,2004,-2
55335.jpg,2007,1775,-232
55340.jpg,2007,1990,-17
55345.jpg,2007,1928,-79
55355.jpg,2007,1985,-22
55360.jpg,2007,2005,-2
55365.jpg,2007,1970,-37
55370.jpg,2007,1975,-32
55380.jpg,2007,2013,6
55385.jpg,2007,2005,-2
55395.jpg,2007,1931,-76
55400.jpg,2007,2002,-5
55405.jpg,2007,2010,3
55410.jpg,2007,2008,1
55415.jpg,2007,2005,-2
55420.jpg,2007,2003,-4
55425.jpg,2007,2012,5
55430.jpg,2007,2015,8
55435.jpg,2007,2002,-5
55440.jpg,2007,2005,-2
55445.jpg,2007,2003,-4
55450.jpg,2007,1970,-37
55455.jpg,2007,2000,-7
55460.jpg,2007,1864,-143
55465.jpg,2007,1996,-11
55475.jpg,2007,1927,-80
55480.jpg,2007,1928,-79
55485.jpg,2007,2012,5
55490.jpg,2007,1954,-53
55500.jpg,2007,2008,1
55505.jpg,2007,1996,-11
55510.jpg,2007,2005,-2
55515.jpg,2007,2002,-5
55520.jpg,2007,2005,-2
55525.jpg,2007,1908,-99
55530.jpg,2007,2003,-4
55535.jpg,2007,1989,-18
55540.jpg,2007,1998,-9
55545.jpg,2007,2010,3
55550.jpg,2007,1987,-20
55555.jpg,2007,1999,-8
55560.jpg,2007,1999,-8
55565.jpg,2007,2008,1
55570.jpg,2007,2010,3
55575.jpg,2007,2007,0
55580.jpg,2007,2007,0
55585.jpg,2007,1993,-14
55590.jpg,2007,2005,-2
55595.jpg,2007,1903,-104
55600.jpg,2007,1985,-22
55605.jpg,2007,1975,-32
55610.jpg,2008,1820,-188
55615.jpg,2008,1820,-188
55620.jpg,2008,2010,2
55625.jpg,2008,2008,0
55630.jpg,2008,1988,-20
55635.jpg,2008,1970,-38
55640.jpg,2008,1985,-23
55645.jpg,2008,2010,2
55650.jpg,2008,1988,-20
55655.jpg,2008,2010,2
55660.jpg,2008,2010,2
55670.jpg,2008,2008,0
55675.jpg,2008,1956,-52
55685.jpg,2008,2003,-5
55690.jpg,2008,2015,7
55695.jpg,2008,2011,3
55705.jpg,2008,2005,-3
55710.jpg,2008,1998,-10
55715.jpg,2008,1932,-76
55720.jpg,2008,1989,-19
55725.jpg,2008,1995,-13
55730.jpg,2008,2008,0
55735.jpg,2008,1588,-420
55740.jpg,2008,1985,-23
55745.jpg,2008,2009,1
55750.jpg,2008,2005,-3
55755.jpg,2008,2000,-8
55760.jpg,2008,2002,-6
55765.jpg,2008,1995,-13
55770.jpg,2008,1822,-186
55775.jpg,2008,2005,-3
55780.jpg,2008,2003,-5
55785.jpg,2008,2008,0
55795.jpg,2008,2015,7
55800.jpg,2008,2005,-3
55805.jpg,2008,2005,-3
55810.jpg,2008,2007,-1
55815.jpg,2008,2008,0
55820.jpg,2008,1986,-22
55825.jpg,2008,1989,-19
55830.jpg,2008,1996,-12
55835.jpg,2009,1975,-34
55845.jpg,2009,2008,-1
55850.jpg,2009,1993,-16
55870.jpg,2009,2018,9
55875.jpg,2009,2009,0
55880.jpg,2009,2003,-6
55885.jpg,2009,1988,-21
55890.jpg,2009,2011,2
55895.jpg,2009,1995,-14
55900.jpg,2009,1978,-31
55905.jpg,2009,2011,2
55910.jpg,2009,2008,-1
55915.jpg,2009,2012,3
55920.jpg,2009,1905,-104
55925.jpg,2009,2006,-3
55930.jpg,2009,1978,-31
55935.jpg,2009,2005,-4
55940.jpg,2009,2009,0
55945.jpg,2009,1895,-114
55950.jpg,2009,2010,1
55955.jpg,2009,2010,1
55960.jpg,2009,2005,-4
55965.jpg,2009,2013,4
55970.jpg,2009,2018,9
55975.jpg,2009,2017,8
55980.jpg,2009,2000,-9
55985.jpg,2009,2005,-4
55990.jpg,2009,2008,-1
55995.jpg,2009,2009,0
56000.jpg,2009,2015,6
56005.jpg,2009,1902,-107
56010.jpg,2009,1828,-181
56015.jpg,2009,2011,2
56020.jpg,2009,2005,-4
56025.jpg,2009,2005,-4
56030.jpg,2009,2009,0
56035.jpg,2009,2002,-7
56040.jpg,2009,1988,-21
56050.jpg,2009,2005,-4
56055.jpg,2009,1988,-21
56060.jpg,2009,1970,-39
56065.jpg,2009,1973,-36
56070.jpg,2009,2002,-7
56075.jpg,2009,1865,-144
56080.jpg,2010,2003,-7
56085.jpg,2010,2005,-5
56090.jpg,2010,2015,5
56095.jpg,2010,1997,-13
56105.jpg,2010,2004,-6
56110.jpg,2010,1970,-40
56115.jpg,2010,2003,-7
56125.jpg,2010,1970,-40
56130.jpg,2010,2005,-5
56135.jpg,2010,2010,0
56140.jpg,2010,1968,-42
56145.jpg,2010,2015,5
56150.jpg,2010,2010,0
56155.jpg,2010,1998,-12
56165.jpg,2010,1930,-80
56170.jpg,2010,1928,-82
56175.jpg,2010,2010,0
56180.jpg,2010,2005,-5
56185.jpg,2010,2011,1
56190.jpg,2010,2003,-7
56195.jpg,2010,2010,0
56200.jpg,2010,2002,-8
56205.jpg,2010,2008,-2
56210.jpg,2010,2010,0
56215.jpg,2010,2010,0
56220.jpg,2010,1997,-13
56225.jpg,2010,2007,-3
56230.jpg,2010,1968,-42
56235.jpg,2010,1933,-77
56240.jpg,2010,1985,-25
56245.jpg,2010,2005,-5
56250.jpg,2010,2004,-6
56255.jpg,2010,2007,-3
56260.jpg,2010,2012,2
56265.jpg,2010,2006,-4
56270.jpg,2010,2010,0
56275.jpg,2010,1970,-40
56280.jpg,2010,2010,0
56285.jpg,2010,2008,-2
56290.jpg,2010,2003,-7
56295.jpg,2010,2007,-3
56300.jpg,2010,2002,-8
56310.jpg,2010,2008,-2
56315.jpg,2011,2008,-3
56320.jpg,2011,1972,-39
56325.jpg,2011,2003,-8
56330.jpg,2011,1980,-31
56335.jpg,2011,2005,-6
56345.jpg,2011,1970,-41
56350.jpg,2011,1970,-41
56355.jpg,2011,1989,-22
56360.jpg,2011,2007,-4
56365.jpg,2011,2010,-1
56370.jpg,2011,1978,-33
56375.jpg,2011,2011,0
56380.jpg,2011,2016,5
56385.jpg,2011,2005,-6
56390.jpg,2011,1912,-99
56395.jpg,2011,2005,-6
56400.jpg,2011,2014,3
56405.jpg,2011,1660,-351
56410.jpg,2011,2010,-1
56415.jpg,2011,1986,-25
56420.jpg,2011,1982,-29
56425.jpg,2011,1929,-82
56430.jpg,2011,2010,-1
56440.jpg,2011,2007,-4
56450.jpg,2011,2008,-3
56455.jpg,2011,1802,-209
56460.jpg,2011,1968,-43
56465.jpg,2011,2001,-10
56470.jpg,2011,1892,-119
56475.jpg,2011,1988,-23
56480.jpg,2011,1929,-82
56485.jpg,2011,2005,-6
56495.jpg,2011,2006,-5
56500.jpg,2011,2005,-6
56505.jpg,2011,2005,-6
56510.jpg,2011,2008,-3
56515.jpg,2011,1938,-73
56520.jpg,2011,2008,-3
56525.jpg,2011,1978,-33
56545.jpg,2012,1979,-33
56550.jpg,2012,2012,0
56555.jpg,2012,1972,-40
56560.jpg,2012,2007,-5
56565.jpg,2012,2015,3
56570.jpg,2012,1970,-42
56575.jpg,2012,1970,-42
56585.jpg,2012,2015,3
56590.jpg,2012,2007,-5
56600.jpg,2012,1978,-34
56605.jpg,2012,2011,-1
56610.jpg,2012,2005,-7
56615.jpg,2012,2016,4
56620.jpg,2012,1912,-100
56625.jpg,2012,1976,-36
56630.jpg,2012,2001,-11
56635.jpg,2012,2016,4
56640.jpg,2012,1968,-44
56645.jpg,2012,2004,-8
56650.jpg,2012,2005,-7
56655.jpg,2012,2005,-7
56660.jpg,2012,1976,-36
56665.jpg,2012,1840,-172
56670.jpg,2012,2015,3
56675.jpg,2012,2013,1
56680.jpg,2012,2008,-4
56685.jpg,2012,2005,-7
56690.jpg,2012,2005,-7
56695.jpg,2012,2008,-4
56700.jpg,2012,2010,-2
56705.jpg,2012,2010,-2
56710.jpg,2012,1980,-32
56715.jpg,2012,2006,-6
56720.jpg,2013,1981,-32
56725.jpg,2013,2008,-5
56730.jpg,2013,1987,-26
56735.jpg,2013,1988,-25
56740.jpg,2013,1994,-19
56745.jpg,2013,2009,-4
56750.jpg,2013,2007,-6
56755.jpg,2013,2010,-3
56765.jpg,2013,2008,-5
56770.jpg,2013,2008,-5
56775.jpg,2013,2003,-10
56780.jpg,2013,2009,-4
56785.jpg,2013,2018,5
56795.jpg,2013,2008,-5
56800.jpg,2013,1969,-44
56805.jpg,2013,1935,-78
56810.jpg,2013,2016,3
56820.jpg,2013,2009,-4
56825.jpg,2013,1890,-123
56845.jpg,2013,2008,-5
56850.jpg,2013,2011,-2
56855.jpg,2013,2010,-3
56860.jpg,2013,2006,-7
56865.jpg,2013,2015,2
56870.jpg,2013,2010,-3
56875.jpg,2013,2010,-3
56880.jpg,2013,1995,-18
56885.jpg,2013,2012,-1
56890.jpg,2013,2006,-7
56895.jpg,2013,1958,-55
56900.jpg,2014,2011,-3
56905.jpg,2014,1905,-109
56910.jpg,2014,1890,-124
56915.jpg,2014,2005,-9
56920.jpg,2014,1990,-24
56925.jpg,2014,2010,-4
56930.jpg,2014,2010,-4
56935.jpg,2014,2010,-4
56940.jpg,2014,1965,-49
56945.jpg,2014,1988,-26
56950.jpg,2014,2007,-7
56955.jpg,2014,1958,-56
56960.jpg,2014,2003,-11
56965.jpg,2014,2005,-9
56970.jpg,2014,1995,-19
56975.jpg,2014,1937,-77
56980.jpg,2014,1985,-29
56985.jpg,2014,2003,-11
56990.jpg,2014,2008,-6
56995.jpg,2014,2016,2
57005.jpg,2014,1990,-24
57010.jpg,2014,1987,-27
57015.jpg,2014,2018,4
57020.jpg,2014,2004,-10
57025.jpg,2014,2001,-13
57030.jpg,2014,2000,-14
57035.jpg,2014,2005,-9
57040.jpg,2014,2013,-1
57045.jpg,2014,2010,-4
57050.jpg,2014,1961,-53
57055.jpg,2014,2010,-4
57060.jpg,2014,1985,-29
57065.jpg,2014,2006,-8
57070.jpg,2014,2010,-4
57075.jpg,2015,1950,-65
57085.jpg,2015,1998,-17
57090.jpg,2015,1935,-80
57095.jpg,2015,1997,-18
57100.jpg,2015,2001,-14
57105.jpg,2015,2008,-7
57110.jpg,2015,1995,-20
57120.jpg,2015,2016,1
57125.jpg,2015,1998,-17
57130.jpg,2015,2009,-6
57135.jpg,2015,2004,-11
57140.jpg,2015,2011,-4
57145.jpg,2015,2007,-8
57150.jpg,2015,1985,-30
57155.jpg,2015,2002,-13
57160.jpg,2015,1979,-36
57165.jpg,2015,2010,-5
57170.jpg,2015,1996,-19
57175.jpg,2015,2008,-7
57180.jpg,2015,2009,-6
57185.jpg,2015,2010,-5
57195.jpg,2015,2000,-15
57200.jpg,2015,1960,-55
57205.jpg,2015,1999,-16
57210.jpg,2015,2012,-3
57215.jpg,2015,2006,-9
57220.jpg,2016,2008,-8
57225.jpg,2016,2016,0
57230.jpg,2016,2018,2
57235.jpg,2016,2004,-12
57240.jpg,2016,2011,-5
57250.jpg,2016,2008,-8
57255.jpg,2016,2003,-13
57270.jpg,2016,1849,-167
57275.jpg,2016,1998,-18
57280.jpg,2016,2010,-6
57285.jpg,2016,2016,0
57290.jpg,2016,2015,-1
57295.jpg,2016,2010,-6
57300.jpg,2016,2011,-5
57305.jpg,2016,2006,-10
57310.jpg,2016,2008,-8
57315.jpg,2016,2005,-11
57320.jpg,2016,2018,2
57325.jpg,2016,2003,-13
57330.jpg,2016,2015,-1
57335.jpg,2016,2005,-11
57340.jpg,2016,2016,0
57345.jpg,2016,1958,-58
57350.jpg,2016,2013,-3
57355.jpg,2016,2013,-3
57360.jpg,2016,2012,-4
57365.jpg,2017,1978,-39
57370.jpg,2017,1999,-18
57375.jpg,2017,2005,-12
57385.jpg,2017,1979,-38
57390.jpg,2017,2018,1
57395.jpg,2017,2016,-1
57400.jpg,2017,1975,-42
57415.jpg,2017,2016,-1
57420.jpg,2017,2012,-5
57425.jpg,2017,1989,-28
57430.jpg,2017,1962,-55
57435.jpg,2017,2023,6
57440.jpg,2017,2012,-5
57450.jpg,2017,2008,-9
57455.jpg,2017,2006,-11
57470.jpg,2017,2010,-7
57475.jpg,2017,2010,-7
57480.jpg,2018,2015,-3
57485.jpg,2018,2002,-16
57490.jpg,2018,1975,-43
57495.jpg,2018,1985,-33
57500.jpg,2018,1995,-23
57505.jpg,2018,2017,-1
57510.jpg,2018,2019,1
57515.jpg,2018,2010,-8
57520.jpg,2018,2010,-8
57525.jpg,2018,1999,-19
57530.jpg,2018,2008,-10
57545.jpg,2018,2008,-10
57550.jpg,2018,2012,-6
57555.jpg,2018,2018,0
57560.jpg,2018,2019,1
57565.jpg,2018,2005,-13
57570.jpg,2018,2012,-6
57575.jpg,2018,2008,-10
57585.jpg,2019,1978,-41
57595.jpg,2019,2023,4
57600.jpg,2019,2012,-7
57605.jpg,2019,2014,-5
57610.jpg,2019,2015,-4
57615.jpg,2019,1960,-59
57620.jpg,2019,2015,-4
57625.jpg,2019,1988,-31
57630.jpg,2019,1973,-46
57635.jpg,2019,2013,-6
57640.jpg,2019,2006,-13
57645.jpg,2019,2015,-4
57660.jpg,2019,1975,-44
57665.jpg,2019,2010,-9
57670.jpg,2020,1978,-42
57675.jpg,2020,1989,-31
57680.jpg,2020,2012,-8
57685.jpg,2020,2015,-5
57690.jpg,2020,1989,-31
57695.jpg,2020,2016,-4
57700.jpg,2020,1965,-55
57705.jpg,2020,2003,-17
57710.jpg,2020,2011,-9
57725.jpg,2020,2023,3
57730.jpg,2021,2019,-2
57735.jpg,2021,2021,0
57740.jpg,2021,2022,1
57745.jpg,2021,2011,-10
57750.jpg,2021,2021,0
57755.jpg,2021,1953,-68
57760.jpg,2021,2001,-20
57765.jpg,2021,2019,-2
57770.jpg,2021,2016,-5
57780.jpg,2021,2023,2
57785.jpg,2021,2015,-6
57790.jpg,2021,2007,-14
57795.jpg,2021,2018,-3
57800.jpg,2021,2018,-3
57805.jpg,2022,2012,-10
57810.jpg,2022,2005,-17
57815.jpg,2022,2011,-11
57825.jpg,2022,1973,-49
57830.jpg,2022,2010,-12
57835.jpg,2022,2007,-15
57840.jpg,2022,1937,-85
57845.jpg,2022,2013,-9
57860.jpg,2022,2018,-4
57865.jpg,2022,2016,-6
57870.jpg,2022,2010,-12
57875.jpg,2023,1994,-29
57885.jpg,2023,2016,-7
57890.jpg,2023,2003,-20
57895.jpg,2023,2000,-23
57900.jpg,2023,1988,-35
57910.jpg,2023,2018,-5
57915.jpg,2023,2019,-4
57920.jpg,2023,2019,-4
57925.jpg,2024,1895,-129
57930.jpg,2024,2014,-10
