name,year,pred,diff
5.jpg,1008,1000,-8
10.jpg,1016,1700,684
15.jpg,1022,1240,218
20.jpg,1028,1530,502
25.jpg,1036,1960,924
30.jpg,1048,1100,52
35.jpg,1051,966,-85
40.jpg,1061,1030,-31
45.jpg,1063,1603,540
55.jpg,1070,1320,250
60.jpg,1076,7,-1069
65.jpg,1080,1391,311
70.jpg,1090,1640,550
75.jpg,1093,1910,817
80.jpg,1097,1870,773
85.jpg,1100,1930,830
90.jpg,1100,1780,680
95.jpg,1107,1770,663
100.jpg,1110,1478,368
105.jpg,1114,1150,36
110.jpg,1116,1320,204
120.jpg,1120,1330,210
125.jpg,1122,1703,581
130.jpg,1125,1280,155
135.jpg,1128,1000,-128
140.jpg,1129,1485,356
145.jpg,1130,1140,10
150.jpg,1131,1184,53
155.jpg,1134,1720,586
165.jpg,1138,1500,362
170.jpg,1140,1380,240
175.jpg,1144,1884,740
180.jpg,1146,1432,286
185.jpg,1147,1863,716
190.jpg,1149,1690,541
195.jpg,1150,1723,573
200.jpg,1152,537,-615
210.jpg,1160,1230,70
215.jpg,1165,1260,95
220.jpg,1168,1392,224
225.jpg,1170,1150,-20
230.jpg,1170,1438,268
235.jpg,1172,2,-1170
240.jpg,1175,1933,758
245.jpg,1177,1617,440
255.jpg,1180,1250,70
260.jpg,1180,1330,150
265.jpg,1180,1840,660
275.jpg,1185,12,-1173
280.jpg,1189,1579,390
285.jpg,1191,1320,129
290.jpg,1192,1180,-12
295.jpg,1194,1485,291
300.jpg,1196,1444,248
305.jpg,1198,1450,252
310.jpg,1199,1000,-199
315.jpg,1200,1710,510
320.jpg,1202,1350,148
325.jpg,1204,1735,531
330.jpg,1208,1485,277
335.jpg,1211,1450,239
340.jpg,1212,1335,123
345.jpg,1215,1675,460
350.jpg,1217,1380,163
355.jpg,1220,1876,656
360.jpg,1221,1230,9
365.jpg,1222,1450,228
370.jpg,1224,1571,347
375.jpg,1226,1453,227
380.jpg,1227,1480,253
385.jpg,1229,1318,89
390.jpg,1231,1909,678
395.jpg,1232,9,-1223
405.jpg,1237,1430,193
410.jpg,1238,1380,142
415.jpg,1240,1897,657
420.jpg,1242,1561,319
425.jpg,1245,1380,135
430.jpg,1247,1300,53
435.jpg,1248,1345,97
440.jpg,1250,1870,620
445.jpg,1250,1630,380
450.jpg,1252,1630,378
455.jpg,1255,1540,285
460.jpg,1259,1630,371
465.jpg,1260,1393,133
470.jpg,1263,1390,127
475.jpg,1264,1320,56
485.jpg,1270,1285,15
490.jpg,1270,1670,400
495.jpg,1270,1840,570
500.jpg,1271,1571,300
505.jpg,1273,1480,207
510.jpg,1275,1630,355
515.jpg,1277,1187,-90
520.jpg,1278,1300,22
525.jpg,1279,1333,54
530.jpg,1280,1610,330
535.jpg,1285,1330,45
540.jpg,1288,1680,392
545.jpg,1289,1550,261
550.jpg,1290,1530,240
555.jpg,1291,1250,-41
560.jpg,1293,1920,627
565.jpg,1295,1412,117
570.jpg,1298,1913,615
575.jpg,1300,1480,180
580.jpg,1300,1500,200
585.jpg,1300,1620,320
590.jpg,1301,1633,332
595.jpg,1303,1630,327
600.jpg,1305,1321,16
605.jpg,1307,1020,-287
610.jpg,1309,1760,451
615.jpg,1310,1370,60
620.jpg,1311,1530,219
625.jpg,1313,1380,67
630.jpg,1314,1187,-127
635.jpg,1317,1480,163
640.jpg,1319,1177,-142
645.jpg,1320,1485,165
650.jpg,1322,1686,364
655.jpg,1324,1334,10
660.jpg,1325,1520,195
665.jpg,1326,1250,-76
670.jpg,1327,1850,523
675.jpg,1328,1498,170
680.jpg,1330,1760,430
685.jpg,1330,1289,-41
690.jpg,1331,1723,392
695.jpg,1333,1350,17
700.jpg,1335,1485,150
705.jpg,1337,1475,138
710.jpg,1338,1380,42
715.jpg,1340,1880,540
720.jpg,1340,1750,410
725.jpg,1343,1564,221
730.jpg,1345,1888,543
735.jpg,1345,1520,175
740.jpg,1346,1450,104
745.jpg,1347,1891,544
750.jpg,1347,1448,101
755.jpg,1349,1619,270
760.jpg,1350,1733,383
765.jpg,1350,1330,-20
775.jpg,1353,1520,167
780.jpg,1354,1040,-314
785.jpg,1356,1888,532
790.jpg,1358,1490,132
795.jpg,1360,1882,522
800.jpg,1361,1200,-161
805.jpg,1362,1408,46
810.jpg,1364,1900,536
815.jpg,1365,1618,253
825.jpg,1370,1700,330
830.jpg,1371,1386,15
835.jpg,1373,1785,412
840.jpg,1375,1743,368
845.jpg,1377,1520,143
850.jpg,1380,1970,590
855.jpg,1381,1485,104
860.jpg,1382,1550,168
865.jpg,1384,1380,-4
870.jpg,1386,2014,628
875.jpg,1389,1465,76
880.jpg,1390,11,-1379
885.jpg,1394,1479,85
890.jpg,1396,1816,420
895.jpg,1397,1680,283
900.jpg,1398,1396,-2
905.jpg,1399,1390,-9
910.jpg,1400,1540,140
915.jpg,1401,1488,87
920.jpg,1402,1532,130
925.jpg,1405,1480,75
930.jpg,1406,1508,102
935.jpg,1409,1380,-29
940.jpg,1410,1545,135
945.jpg,1410,1506,96
950.jpg,1411,1485,74
955.jpg,1413,1318,-95
960.jpg,1414,1620,206
965.jpg,1417,1882,465
970.jpg,1419,2005,586
975.jpg,1420,1480,60
980.jpg,1420,1980,560
985.jpg,1422,1840,418
990.jpg,1424,1303,-121
995.jpg,1425,1390,-35
1000.jpg,1426,1530,104
1005.jpg,1428,1716,288
1010.jpg,1430,1463,33
1015.jpg,1431,1187,-244
1025.jpg,1435,1942,507
1030.jpg,1436,1166,-270
1035.jpg,1438,1685,247
1040.jpg,1440,1680,240
1045.jpg,1441,17,-1424
1050.jpg,1442,1920,478
1055.jpg,1444,1475,31
1060.jpg,1446,1912,466
1065.jpg,1448,1540,92
1070.jpg,1450,1485,35
1075.jpg,1450,1544,94
1080.jpg,1451,2011,560
1085.jpg,1452,1520,68
1090.jpg,1453,1545,92
1095.jpg,1455,1190,-265
1100.jpg,1457,1500,43
1105.jpg,1458,1453,-5
1110.jpg,1459,1436,-23
1115.jpg,1460,1485,25
1120.jpg,1462,1925,463
1125.jpg,1462,1280,-182
1130.jpg,1464,1320,-144
1135.jpg,1465,1780,315
1140.jpg,1466,1520,54
1145.jpg,1467,1620,153
1150.jpg,1468,1330,-138
1155.jpg,1469,1485,16
1160.jpg,1470,1887,417
1165.jpg,1470,1485,15
1170.jpg,1472,1620,148
1175.jpg,1473,1840,367
1180.jpg,1475,1180,-295
1185.jpg,1477,1218,-259
1190.jpg,1477,1630,153
1195.jpg,1479,1520,41
1200.jpg,1480,1513,33
1205.jpg,1482,1642,160
1210.jpg,1482,1380,-102
1215.jpg,1483,1485,2
1220.jpg,1485,1520,35
1225.jpg,1487,1687,200
1230.jpg,1487,1488,1
1235.jpg,1488,1784,296
1240.jpg,1489,1330,-159
1245.jpg,1490,1437,-53
1250.jpg,1490,1475,-15
1255.jpg,1491,1839,348
1260.jpg,1492,1640,148
1265.jpg,1493,1720,227
1270.jpg,1494,1520,26
1275.jpg,1495,1533,38
1280.jpg,1496,1474,-22
1285.jpg,1497,1910,413
1290.jpg,1497,1600,103
1295.jpg,1498,1620,122
1300.jpg,1499,1400,-99
1305.jpg,1500,1350,-150
1310.jpg,1500,1640,140
1315.jpg,1501,1750,249
1325.jpg,1503,1670,167
1330.jpg,1504,1633,129
1335.jpg,1505,1795,290
1340.jpg,1506,1475,-31
1345.jpg,1507,1500,-7
1350.jpg,1508,1570,62
1355.jpg,1508,1678,170
1360.jpg,1509,1438,-71
1365.jpg,1510,1910,400
1370.jpg,1510,1720,210
1375.jpg,1511,1520,9
1380.jpg,1512,1485,-27
1385.jpg,1513,1540,27
1390.jpg,1513,1685,172
1395.jpg,1515,1480,-35
1400.jpg,1515,1710,195
1405.jpg,1516,1690,174
1410.jpg,1517,1423,-94
1415.jpg,1518,1420,-98
1420.jpg,1518,1445,-73
1425.jpg,1520,15,-1505
1430.jpg,1521,1572,51
1435.jpg,1521,1478,-43
1440.jpg,1522,1970,448
1445.jpg,1523,1930,407
1450.jpg,1524,1630,106
1455.jpg,1525,1615,90
1460.jpg,1526,1638,112
1465.jpg,1526,1527,1
1470.jpg,1527,1880,353
1475.jpg,1528,1763,235
1480.jpg,1528,1755,227
1485.jpg,1530,1487,-43
1490.jpg,1530,1540,10
1495.jpg,1530,1630,100
1500.jpg,1531,1908,377
1505.jpg,1531,1780,249
1510.jpg,1532,1527,-5
1515.jpg,1532,1613,81
1520.jpg,1533,1600,67
1525.jpg,1534,1780,246
1530.jpg,1535,1720,185
1535.jpg,1535,1880,345
1540.jpg,1536,1600,64
1545.jpg,1537,1570,33
1550.jpg,1537,1725,188
1555.jpg,1538,1478,-60
1560.jpg,1539,1480,-59
1565.jpg,1540,1200,-340
1570.jpg,1540,1633,93
1575.jpg,1540,1510,-30
1580.jpg,1540,1485,-55
1590.jpg,1542,1678,136
1595.jpg,1543,1760,217
1600.jpg,1543,1638,95
1605.jpg,1544,1485,-59
1610.jpg,1545,1730,185
1615.jpg,1545,1520,-25
1620.jpg,1547,1532,-15
1625.jpg,1548,1756,208
1630.jpg,1549,1912,363
1635.jpg,1549,1620,71
1640.jpg,1550,1570,20
1645.jpg,1550,1772,222
1650.jpg,1550,1885,335
1655.jpg,1550,1260,-290
1660.jpg,1551,1840,289
1665.jpg,1551,1577,26
1670.jpg,1552,1620,68
1675.jpg,1553,1620,67
1680.jpg,1554,1766,212
1685.jpg,1554,1522,-32
1690.jpg,1555,1760,205
1695.jpg,1556,1887,331
1700.jpg,1557,1910,353
1705.jpg,1558,1860,302
1710.jpg,1558,1450,-108
1715.jpg,1559,1784,225
1720.jpg,1559,1620,61
1725.jpg,1560,1745,185
1730.jpg,1560,1578,18
1735.jpg,1560,1970,410
1740.jpg,1561,1630,69
1745.jpg,1561,1400,-161
1750.jpg,1562,1916,354
1755.jpg,1563,1777,214
1760.jpg,1564,1838,274
1765.jpg,1565,1726,161
1770.jpg,1565,1740,175
1775.jpg,1565,1600,35
1780.jpg,1566,1625,59
1785.jpg,1567,1680,113
1790.jpg,1567,1486,-81
1795.jpg,1568,1540,-28
1800.jpg,1568,1620,52
1805.jpg,1569,1720,151
1810.jpg,1570,1720,150
1815.jpg,1570,1764,194
1820.jpg,1570,1600,30
1825.jpg,1571,1775,204
1830.jpg,1572,1760,188
1835.jpg,1572,1632,60
1840.jpg,1573,1620,47
1845.jpg,1573,1920,347
1850.jpg,1574,1760,186
1855.jpg,1574,1669,95
1860.jpg,1575,1835,260
1865.jpg,1575,1638,63
1870.jpg,1575,1638,63
1875.jpg,1576,1720,144
1880.jpg,1577,1638,61
1885.jpg,1578,1670,92
1890.jpg,1578,1900,322
1895.jpg,1579,1870,291
1900.jpg,1579,1630,51
1905.jpg,1580,1734,154
1910.jpg,1580,17,-1563
1915.jpg,1581,1487,-94
1920.jpg,1581,1610,29
1925.jpg,1582,1833,251
1930.jpg,1582,1920,338
1935.jpg,1583,1577,-6
1940.jpg,1584,1610,26
1945.jpg,1584,1880,296
1950.jpg,1585,1785,200
1955.jpg,1585,1630,45
1960.jpg,1585,1840,255
1965.jpg,1586,1465,-121
1970.jpg,1586,1780,194
1975.jpg,1587,1478,-109
1980.jpg,1588,1583,-5
1985.jpg,1588,1860,272
1990.jpg,1588,1638,50
1995.jpg,1588,1753,165
2000.jpg,1589,1780,191
2005.jpg,1590,1675,85
2010.jpg,1590,1619,29
2020.jpg,1591,1786,195
2025.jpg,1591,1620,29
2030.jpg,1592,1912,320
2035.jpg,1593,1485,-108
2045.jpg,1595,1580,-15
2050.jpg,1595,1577,-18
2055.jpg,1595,1870,275
2060.jpg,1596,1485,-111
2065.jpg,1596,1657,61
2070.jpg,1597,1578,-19
2075.jpg,1597,1620,23
2080.jpg,1598,1535,-63
2085.jpg,1598,1642,44
2090.jpg,1598,1930,332
2095.jpg,1600,1599,-1
2100.jpg,1600,1480,-120
2115.jpg,1602,1760,158
2125.jpg,1604,1720,116
2130.jpg,1604,1698,94
2135.jpg,1604,1638,34
2140.jpg,1605,1633,28
2145.jpg,1605,1688,83
2150.jpg,1606,1750,144
2155.jpg,1606,1620,14
2160.jpg,1607,1640,33
2165.jpg,1607,1926,319
2170.jpg,1608,1742,134
2175.jpg,1608,1680,72
2180.jpg,1609,1387,-222
2185.jpg,1610,1520,-90
2190.jpg,1610,1460,-150
2195.jpg,1610,1793,183
2200.jpg,1610,1880,270
2205.jpg,1611,1577,-34
2210.jpg,1611,1750,139
2215.jpg,1611,1720,109
2220.jpg,1612,1977,365
2225.jpg,1612,1493,-119
2230.jpg,1613,1630,17
2235.jpg,1613,1750,137
2240.jpg,1614,1528,-86
2245.jpg,1614,1735,121
2250.jpg,1614,1672,58
2255.jpg,1615,1930,315
2260.jpg,1615,1912,297
2265.jpg,1616,1880,264
2270.jpg,1616,1753,137
2275.jpg,1616,1930,314
2280.jpg,1616,1616,0
2285.jpg,1617,1720,103
2290.jpg,1617,1484,-133
2295.jpg,1617,1720,103
2300.jpg,1618,742,-876
2305.jpg,1618,1888,270
2310.jpg,1619,1485,-134
2315.jpg,1619,1760,141
2320.jpg,1619,1880,261
2325.jpg,1620,1620,0
2330.jpg,1620,1620,0
2335.jpg,1620,1520,-100
2340.jpg,1621,1695,74
2345.jpg,1621,1619,-2
2350.jpg,1622,1753,131
2360.jpg,1623,1620,-3
2365.jpg,1624,1880,256
2370.jpg,1624,1488,-136
2375.jpg,1624,1698,74
2380.jpg,1625,1620,-5
2385.jpg,1625,1720,95
2390.jpg,1625,1830,205
2395.jpg,1625,1920,295
2400.jpg,1626,1720,94
2405.jpg,1626,1880,254
2410.jpg,1627,1795,168
2415.jpg,1628,1930,302
2420.jpg,1628,1898,270
2425.jpg,1629,1905,276
2430.jpg,1629,1540,-89
2435.jpg,1630,1785,155
2440.jpg,1630,1580,-50
2445.jpg,1630,1600,-30
2450.jpg,1630,1545,-85
2455.jpg,1631,1632,1
2460.jpg,1631,1688,57
2465.jpg,1631,1560,-71
2470.jpg,1632,1796,164
2475.jpg,1632,1910,278
2480.jpg,1632,1880,248
2485.jpg,1633,1720,87
2490.jpg,1633,1417,-216
2495.jpg,1634,1905,271
2500.jpg,1634,1520,-114
2505.jpg,1634,1750,116
2510.jpg,1635,1605,-30
2515.jpg,1635,1748,113
2520.jpg,1635,1900,265
2525.jpg,1636,1780,144
2530.jpg,1636,1783,147
2535.jpg,1636,1485,-151
2540.jpg,1637,1840,203
2545.jpg,1637,1930,293
2550.jpg,1638,1572,-66
2555.jpg,1638,1620,-18
2560.jpg,1638,1478,-160
2565.jpg,1639,1730,91
2570.jpg,1639,1698,59
2575.jpg,1640,1760,120
2580.jpg,1640,1780,140
2585.jpg,1640,1787,147
2590.jpg,1641,1718,77
2595.jpg,1641,1700,59
2600.jpg,1641,1930,289
2605.jpg,1642,1610,-32
2610.jpg,1642,1870,228
2615.jpg,1643,1892,249
2620.jpg,1644,1870,226
2625.jpg,1644,1760,116
2630.jpg,1644,1849,205
2635.jpg,1645,1840,195
2640.jpg,1645,1880,235
2645.jpg,1646,1634,-12
2650.jpg,1646,1600,-46
2655.jpg,1646,1608,-38
2660.jpg,1648,1760,112
2665.jpg,1648,1880,232
2670.jpg,1648,1638,-10
2675.jpg,1649,1840,191
2680.jpg,1650,17,-1633
2685.jpg,1650,1678,28
2690.jpg,1650,1890,240
2695.jpg,1650,1900,250
2700.jpg,1651,1615,-36
2705.jpg,1651,1873,222
2710.jpg,1652,1710,58
2715.jpg,1653,1840,187
2720.jpg,1653,1643,-10
2725.jpg,1654,1720,66
2730.jpg,1654,1524,-130
2735.jpg,1655,1730,75
2745.jpg,1656,1870,214
2750.jpg,1656,1788,132
2755.jpg,1656,1870,214
2760.jpg,1657,1638,-19
2765.jpg,1657,1670,13
2770.jpg,1658,1775,117
2775.jpg,1658,1820,162
2780.jpg,1659,1600,-59
2785.jpg,1659,1638,-21
2790.jpg,1660,1666,6
2795.jpg,1660,1720,60
2800.jpg,1660,1880,220
2805.jpg,1660,1638,-22
2810.jpg,1660,1678,18
2815.jpg,1660,1762,102
2820.jpg,1660,1703,43
2825.jpg,1661,1640,-21
2830.jpg,1661,1616,-45
2835.jpg,1661,1936,275
2840.jpg,1661,1930,269
2845.jpg,1662,1910,248
2850.jpg,1663,1745,82
2855.jpg,1663,1631,-32
2860.jpg,1664,1520,-144
2865.jpg,1664,1690,26
2870.jpg,1664,1738,74
2875.jpg,1665,1820,155
2880.jpg,1665,1580,-85
2885.jpg,1665,1785,120
2890.jpg,1665,1640,-25
2895.jpg,1666,1705,39
2900.jpg,1666,1830,164
2905.jpg,1667,1825,158
2910.jpg,1667,1690,23
2915.jpg,1667,1675,8
2920.jpg,1668,1723,55
2925.jpg,1669,1887,218
2930.jpg,1669,1880,211
2935.jpg,1670,1785,115
2940.jpg,1670,1745,75
2945.jpg,1670,1820,150
2950.jpg,1670,1600,-70
2955.jpg,1671,1720,49
2960.jpg,1671,1420,-251
2965.jpg,1671,1677,6
2970.jpg,1672,1885,213
2975.jpg,1672,1840,168
2980.jpg,1673,1638,-35
2985.jpg,1673,1680,7
2990.jpg,1674,1828,154
2995.jpg,1674,1840,166
3000.jpg,1674,1620,-54
3010.jpg,1675,1726,51
3020.jpg,1676,1765,89
3025.jpg,1676,1673,-3
3030.jpg,1677,1960,283
3035.jpg,1677,1832,155
3040.jpg,1677,1697,20
3045.jpg,1678,1688,10
3050.jpg,1678,1753,75
3055.jpg,1678,1618,-60
3060.jpg,1679,1760,81
3065.jpg,1679,1626,-53
3075.jpg,1680,1840,160
3080.jpg,1680,1890,210
3085.jpg,1680,1648,-32
3090.jpg,1680,1785,105
3095.jpg,1680,1680,0
3100.jpg,1680,1725,45
3105.jpg,1681,1717,36
3110.jpg,1681,1690,9
3115.jpg,1681,1688,7
3120.jpg,1681,1187,-494
3125.jpg,1682,1750,68
3130.jpg,1682,1730,48
3135.jpg,1682,1770,88
3140.jpg,1682,1740,58
3145.jpg,1683,1815,132
3150.jpg,1683,1725,42
3155.jpg,1683,1688,5
3160.jpg,1683,1390,-293
3165.jpg,1683,1833,150
3170.jpg,1684,1711,27
3175.jpg,1684,1630,-54
3180.jpg,1684,1700,16
3185.jpg,1684,1720,36
3190.jpg,1685,1720,35
3195.jpg,1685,1678,-7
3200.jpg,1685,1620,-65
3205.jpg,1686,1682,-4
3210.jpg,1686,1835,149
3215.jpg,1686,1880,194
3220.jpg,1686,1900,214
3225.jpg,1687,1680,-7
3230.jpg,1687,1760,73
3235.jpg,1687,1726,39
3240.jpg,1688,1780,92
3245.jpg,1688,1700,12
3250.jpg,1689,1840,151
3255.jpg,1689,1728,39
3260.jpg,1689,1680,-9
3270.jpg,1690,1550,-140
3275.jpg,1690,1825,135
3280.jpg,1690,1870,180
3285.jpg,1690,1880,190
3290.jpg,1690,1950,260
3295.jpg,1690,1810,120
3300.jpg,1690,1670,-20
3305.jpg,1691,1694,3
3310.jpg,1691,1726,35
3315.jpg,1691,1640,-51
3320.jpg,1692,1840,148
3325.jpg,1692,1834,142
3330.jpg,1693,1911,218
3335.jpg,1693,1620,-73
3340.jpg,1694,1765,71
3345.jpg,1694,1920,226
3350.jpg,1694,1532,-162
3355.jpg,1695,1815,120
3360.jpg,1695,1780,85
3365.jpg,1695,1790,95
3370.jpg,1695,1785,90
3375.jpg,1695,1599,-96
3385.jpg,1696,1740,44
3390.jpg,1696,1870,174
3395.jpg,1696,1905,209
3400.jpg,1696,1738,42
3405.jpg,1696,1660,-36
3410.jpg,1697,1760,63
3415.jpg,1697,1870,173
3420.jpg,1697,1910,213
3425.jpg,1697,1565,-132
3430.jpg,1698,1720,22
3435.jpg,1698,1838,140
3440.jpg,1698,1630,-68
3445.jpg,1699,1720,21
3450.jpg,1699,1636,-63
3455.jpg,1699,1930,231
3460.jpg,1700,1720,20
3465.jpg,1700,1930,230
3470.jpg,1700,1820,120
3475.jpg,1700,1795,95
3480.jpg,1700,1790,90
3485.jpg,1700,1835,135
3490.jpg,1700,1785,85
3495.jpg,1700,1730,30
3500.jpg,1700,1830,130
3505.jpg,1700,1723,23
3510.jpg,1700,1680,-20
3520.jpg,1701,1880,179
3525.jpg,1701,1777,76
3535.jpg,1702,1774,72
3540.jpg,1702,1786,84
3545.jpg,1703,1795,92
3550.jpg,1704,1780,76
3555.jpg,1704,1830,126
3560.jpg,1704,1870,166
3565.jpg,1704,1920,216
3570.jpg,1704,1920,216
3575.jpg,1705,1619,-86
3580.jpg,1705,1725,20
3585.jpg,1705,1835,130
3590.jpg,1705,1726,21
3595.jpg,1706,1830,124
3600.jpg,1706,1790,84
3605.jpg,1706,1750,44
3610.jpg,1706,1930,224
3615.jpg,1707,1780,73
3620.jpg,1707,1370,-337
3625.jpg,1707,1720,13
3630.jpg,1708,1880,172
3635.jpg,1708,1898,190
3640.jpg,1708,1785,77
3645.jpg,1708,1620,-88
3650.jpg,1709,1930,221
3655.jpg,1709,1890,181
3660.jpg,1709,1768,59
3665.jpg,1709,1720,11
3670.jpg,1710,1720,10
3675.jpg,1710,1930,220
3680.jpg,1710,1760,50
3685.jpg,1710,1820,110
3690.jpg,1710,1720,10
3695.jpg,1710,1725,15
3700.jpg,1710,1880,170
3705.jpg,1710,1840,130
3710.jpg,1710,1733,23
3715.jpg,1711,1930,219
3720.jpg,1711,1720,9
3725.jpg,1711,1730,19
3730.jpg,1711,1699,-12
3735.jpg,1711,1678,-33
3740.jpg,1712,1880,168
3745.jpg,1712,1910,198
3750.jpg,1713,1674,-39
3755.jpg,1713,1795,82
3760.jpg,1713,1716,3
3765.jpg,1713,1736,23
3770.jpg,1714,1825,111
3775.jpg,1714,1770,56
3780.jpg,1714,1880,166
3785.jpg,1714,1880,166
3790.jpg,1715,1860,145
3795.jpg,1715,1880,165
3800.jpg,1715,1888,173
3805.jpg,1715,1670,-45
3810.jpg,1715,1767,52
3815.jpg,1715,1795,80
3820.jpg,1715,1860,145
3825.jpg,1715,1730,15
3830.jpg,1715,1706,-9
3835.jpg,1716,1930,214
3840.jpg,1716,1815,99
3845.jpg,1716,1896,180
3850.jpg,1716,1910,194
3855.jpg,1716,1800,84
3860.jpg,1716,1725,9
3865.jpg,1717,1870,153
3870.jpg,1717,1725,8
3875.jpg,1717,1796,79
3880.jpg,1718,1678,-40
3885.jpg,1718,1738,20
3890.jpg,1719,1850,131
3895.jpg,1719,1770,51
3900.jpg,1719,1695,-24
3905.jpg,1719,1880,161
3910.jpg,1720,1720,0
3915.jpg,1720,1796,76
3920.jpg,1720,1835,115
3925.jpg,1720,1720,0
3930.jpg,1720,1930,210
3935.jpg,1720,1795,75
3940.jpg,1720,1840,120
3945.jpg,1720,1888,168
3950.jpg,1720,1728,8
3955.jpg,1720,1817,97
3960.jpg,1720,1840,120
3965.jpg,1720,1815,95
3970.jpg,1720,1512,-208
3975.jpg,1721,1938,217
3980.jpg,1721,1850,129
3985.jpg,1721,1750,29
3990.jpg,1721,1787,66
3995.jpg,1721,1760,39
4000.jpg,1722,1722,0
4005.jpg,1722,1702,-20
4010.jpg,1722,1780,58
4015.jpg,1722,1840,118
4020.jpg,1722,1733,11
4025.jpg,1723,1696,-27
4030.jpg,1723,1760,37
4035.jpg,1723,1850,127
4040.jpg,1723,1760,37
4045.jpg,1723,1613,-110
4050.jpg,1723,1688,-35
4055.jpg,1723,1793,70
4060.jpg,1724,1910,186
4065.jpg,1724,1910,186
4070.jpg,1724,1820,96
4075.jpg,1724,1765,41
4080.jpg,1724,1910,186
4085.jpg,1724,1573,-151
4090.jpg,1724,1720,-4
4095.jpg,1724,1620,-104
4100.jpg,1725,1910,185
4105.jpg,1725,1830,105
4110.jpg,1725,1890,165
4115.jpg,1725,1638,-87
4120.jpg,1725,1880,155
4125.jpg,1725,1795,70
4130.jpg,1725,1750,25
4135.jpg,1725,1793,68
4140.jpg,1725,1754,29
4145.jpg,1725,1740,15
4150.jpg,1725,1587,-138
4155.jpg,1725,1901,176
4160.jpg,1726,1890,164
4165.jpg,1726,1720,-6
4170.jpg,1726,1840,114
4175.jpg,1726,1930,204
4180.jpg,1726,1673,-53
4185.jpg,1727,1795,68
4190.jpg,1727,1745,18
4195.jpg,1727,1762,35
4200.jpg,1727,1782,55
4205.jpg,1727,1700,-27
4210.jpg,1727,1818,91
4215.jpg,1728,1780,52
4220.jpg,1728,1905,177
4225.jpg,1728,1720,-8
4230.jpg,1728,1883,155
4235.jpg,1728,1920,192
4240.jpg,1728,1930,202
4245.jpg,1728,1830,102
4250.jpg,1729,1766,37
4255.jpg,1729,1840,111
4260.jpg,1729,1840,111
4265.jpg,1729,1795,66
4270.jpg,1729,1678,-51
4275.jpg,1730,1830,100
4280.jpg,1730,1720,-10
4285.jpg,1730,1740,10
4290.jpg,1730,1730,0
4295.jpg,1730,1905,175
4300.jpg,1730,1910,180
4305.jpg,1730,1780,50
4310.jpg,1730,1840,110
4315.jpg,1730,1840,110
4320.jpg,1730,1720,-10
4325.jpg,1730,1920,190
4330.jpg,1730,1815,85
4335.jpg,1730,1780,50
4340.jpg,1730,1725,-5
4345.jpg,1730,1790,60
4350.jpg,1730,1875,145
4355.jpg,1730,1930,200
4360.jpg,1730,1930,200
4365.jpg,1730,1933,203
4370.jpg,1731,1905,174
4375.jpg,1731,1707,-24
4380.jpg,1731,1845,114
4385.jpg,1731,1688,-43
4390.jpg,1732,1782,50
4395.jpg,1732,1700,-32
4400.jpg,1732,1910,178
4405.jpg,1732,1725,-7
4410.jpg,1732,1820,88
4415.jpg,1732,1795,63
4420.jpg,1732,1686,-46
4425.jpg,1732,1200,-532
4430.jpg,1732,1637,-95
4435.jpg,1733,1726,-7
4440.jpg,1733,1760,27
4445.jpg,1733,1810,77
4450.jpg,1733,1753,20
4455.jpg,1733,1633,-100
4460.jpg,1733,1700,-33
4465.jpg,1733,1970,237
4470.jpg,1733,1910,177
4475.jpg,1734,1620,-114
4480.jpg,1734,1697,-37
4485.jpg,1734,1890,156
4490.jpg,1734,1910,176
4495.jpg,1735,1834,99
4505.jpg,1735,1780,45
4510.jpg,1735,1660,-75
4515.jpg,1735,1818,83
4520.jpg,1735,1720,-15
4525.jpg,1735,1840,105
4530.jpg,1735,1825,90
4535.jpg,1735,1790,55
4545.jpg,1736,1885,149
4550.jpg,1736,1765,29
4555.jpg,1736,1748,12
4560.jpg,1736,1613,-123
4565.jpg,1736,1703,-33
4570.jpg,1736,1833,97
4575.jpg,1737,1868,131
4580.jpg,1737,1880,143
4585.jpg,1737,1790,53
4590.jpg,1737,1910,173
4595.jpg,1737,1670,-67
4600.jpg,1737,1560,-177
4605.jpg,1738,1857,119
4610.jpg,1738,1840,102
4615.jpg,1738,1910,172
4620.jpg,1738,1805,67
4625.jpg,1738,1750,12
4630.jpg,1738,1880,142
4635.jpg,1738,1753,15
4640.jpg,1739,1762,23
4645.jpg,1739,1830,91
4650.jpg,1739,1780,41
4655.jpg,1739,1750,11
4660.jpg,1739,1905,166
4665.jpg,1740,1785,45
4670.jpg,1740,1780,40
4675.jpg,1740,1880,140
4680.jpg,1740,1835,95
4685.jpg,1740,1905,165
4690.jpg,1740,1810,70
4695.jpg,1740,1910,170
4700.jpg,1740,1790,50
4705.jpg,1740,1810,70
4710.jpg,1740,1785,45
4715.jpg,1740,1836,96
4720.jpg,1740,1880,140
4725.jpg,1740,1880,140
4730.jpg,1740,1780,40
4735.jpg,1740,1880,140
4740.jpg,1740,1460,-280
4745.jpg,1740,1910,170
4750.jpg,1741,1904,163
4755.jpg,1741,1796,55
4760.jpg,1741,1920,179
4765.jpg,1741,1815,74
4770.jpg,1741,1678,-63
4775.jpg,1741,2005,264
4780.jpg,1742,1187,-555
4785.jpg,1742,1798,56
4790.jpg,1742,1760,18
4795.jpg,1742,1770,28
4800.jpg,1742,1795,53
4805.jpg,1742,1795,53
4810.jpg,1742,1668,-74
4815.jpg,1742,1790,48
4820.jpg,1743,1830,87
4825.jpg,1743,1745,2
4835.jpg,1743,1760,17
4840.jpg,1743,1840,97
4845.jpg,1744,1770,26
4850.jpg,1744,1780,36
4855.jpg,1744,1760,16
4860.jpg,1744,1680,-64
4865.jpg,1744,1790,46
4870.jpg,1745,1880,135
4875.jpg,1745,1790,45
4880.jpg,1745,1735,-10
4885.jpg,1745,1520,-225
4890.jpg,1745,1790,45
4895.jpg,1745,1780,35
4900.jpg,1745,1678,-67
4905.jpg,1745,1890,145
4910.jpg,1746,1880,134
4915.jpg,1746,1763,17
4920.jpg,1746,1767,21
4925.jpg,1746,1283,-463
4930.jpg,1747,1776,29
4935.jpg,1747,1880,133
4940.jpg,1747,1720,-27
4945.jpg,1747,1830,83
4950.jpg,1747,1780,33
4955.jpg,1747,1678,-69
4960.jpg,1747,1930,183
4965.jpg,1748,1920,172
4970.jpg,1748,1795,47
4975.jpg,1748,1780,32
4980.jpg,1748,1880,132
4985.jpg,1748,1760,12
4990.jpg,1749,1815,66
4995.jpg,1749,1930,181
5000.jpg,1749,1930,181
5005.jpg,1749,1840,91
5010.jpg,1749,1898,149
5015.jpg,1750,1820,70
5020.jpg,1750,1775,25
5025.jpg,1750,1840,90
5030.jpg,1750,1920,170
5035.jpg,1750,1840,90
5040.jpg,1750,1780,30
5045.jpg,1750,1785,35
5050.jpg,1750,1910,160
5060.jpg,1750,1780,30
5065.jpg,1750,1880,130
5070.jpg,1750,1818,68
5075.jpg,1750,1835,85
5080.jpg,1750,1798,48
5085.jpg,1750,1830,80
5090.jpg,1750,1785,35
5095.jpg,1750,1820,70
5100.jpg,1750,1910,160
5105.jpg,1750,1825,75
5110.jpg,1750,1780,30
5115.jpg,1750,1840,90
5120.jpg,1750,1795,45
5125.jpg,1750,1720,-30
5130.jpg,1750,1780,30
5135.jpg,1750,1910,160
5140.jpg,1750,1840,90
5145.jpg,1750,1723,-27
5150.jpg,1750,1780,30
5155.jpg,1750,1780,30
5160.jpg,1750,1790,40
5165.jpg,1750,1910,160
5170.jpg,1750,1845,95
5175.jpg,1750,1790,40
5180.jpg,1750,1880,130
5185.jpg,1750,2010,260
5190.jpg,1750,1790,40
5195.jpg,1751,1820,69
5200.jpg,1751,1790,39
5205.jpg,1751,1840,89
5210.jpg,1751,1905,154
5215.jpg,1751,1820,69
5220.jpg,1751,1185,-566
5225.jpg,1752,1860,108
5230.jpg,1752,1830,78
5235.jpg,1752,1815,63
5240.jpg,1752,1830,78
5245.jpg,1752,1848,96
5250.jpg,1752,1897,145
5255.jpg,1752,1760,8
5260.jpg,1752,1790,38
5265.jpg,1752,1720,-32
5270.jpg,1752,1778,26
5275.jpg,1752,1752,0
5285.jpg,1753,1936,183
5290.jpg,1753,1815,62
5295.jpg,1753,1825,72
5300.jpg,1753,1830,77
5305.jpg,1753,1785,32
5310.jpg,1753,1753,0
5315.jpg,1753,1631,-122
5320.jpg,1753,1930,177
5325.jpg,1754,1910,156
5330.jpg,1754,1935,181
5335.jpg,1754,1720,-34
5340.jpg,1754,1930,176
5345.jpg,1754,1790,36
5350.jpg,1754,1820,66
5355.jpg,1754,1720,-34
5360.jpg,1754,1879,125
5365.jpg,1754,1897,143
5370.jpg,1755,1740,-15
5375.jpg,1755,1880,125
5380.jpg,1755,1740,-15
5385.jpg,1755,1860,105
5390.jpg,1755,1790,35
5395.jpg,1755,1910,155
5400.jpg,1755,1750,-5
5405.jpg,1755,1845,90
5410.jpg,1755,1775,20
5415.jpg,1756,1850,94
5420.jpg,1756,1890,134
5425.jpg,1756,1880,124
5430.jpg,1756,1720,-36
5435.jpg,1756,1760,4
5440.jpg,1756,1760,4
5445.jpg,1756,1760,4
5450.jpg,1756,1860,104
5455.jpg,1756,1680,-76
5460.jpg,1756,1752,-4
5470.jpg,1757,1756,-1
5475.jpg,1757,1760,3
5480.jpg,1757,1770,13
5485.jpg,1757,1900,143
5490.jpg,1757,1910,153
5495.jpg,1757,1920,163
5500.jpg,1758,1755,-3
5505.jpg,1758,1830,72
5510.jpg,1758,1760,2
5515.jpg,1758,1880,122
5520.jpg,1758,1785,27
5525.jpg,1758,1835,77
5530.jpg,1758,1777,19
5535.jpg,1759,1838,79
5540.jpg,1759,1740,-19
5545.jpg,1759,1820,61
5550.jpg,1759,1795,36
5555.jpg,1759,1830,71
5560.jpg,1759,1850,91
5565.jpg,1760,1735,-25
5570.jpg,1760,1820,60
5575.jpg,1760,1835,75
5580.jpg,1760,1840,80
5585.jpg,1760,1350,-410
5590.jpg,1761,1885,124
5595.jpg,1761,1798,37
5600.jpg,1761,1910,149
5605.jpg,1761,1780,19
5610.jpg,1761,1910,149
5615.jpg,1761,1880,119
5620.jpg,1761,1900,139
5625.jpg,1761,1860,99
5630.jpg,1762,1880,118
5635.jpg,1762,1836,74
5640.jpg,1762,1840,78
5645.jpg,1762,1820,58
5650.jpg,1762,1796,34
5655.jpg,1762,1720,-42
5660.jpg,1762,1737,-25
5665.jpg,1762,1905,143
5670.jpg,1763,1920,157
5675.jpg,1763,1828,65
5680.jpg,1763,1840,77
5685.jpg,1763,1797,34
5690.jpg,1763,1720,-43
5695.jpg,1763,1790,27
5700.jpg,1763,1485,-278
5705.jpg,1763,1835,72
5710.jpg,1764,1850,86
5715.jpg,1764,1778,14
5720.jpg,1764,1798,34
5725.jpg,1764,1820,56
5730.jpg,1764,1780,16
5735.jpg,1764,1840,76
5740.jpg,1764,1773,9
5745.jpg,1764,1769,5
5750.jpg,1764,1820,56
5755.jpg,1764,1820,56
5765.jpg,1765,1828,63
5770.jpg,1765,1820,55
5775.jpg,1765,1840,75
5780.jpg,1765,1920,155
5785.jpg,1765,1880,115
5790.jpg,1765,1840,75
5795.jpg,1765,1825,60
5800.jpg,1765,1773,8
5805.jpg,1765,1910,145
5810.jpg,1765,1840,75
5815.jpg,1765,1795,30
5820.jpg,1765,1890,125
5825.jpg,1765,1760,-5
5830.jpg,1765,1786,21
5835.jpg,1766,1776,10
5840.jpg,1766,1840,74
5845.jpg,1766,1825,59
5850.jpg,1766,1680,-86
5855.jpg,1766,1690,-76
5860.jpg,1766,1796,30
5865.jpg,1766,1890,124
5870.jpg,1766,1765,-1
5875.jpg,1767,1772,5
5880.jpg,1767,1830,63
5885.jpg,1767,1908,141
5890.jpg,1767,1784,17
5895.jpg,1768,1870,102
5900.jpg,1768,1815,47
5905.jpg,1768,1790,22
5910.jpg,1768,1760,-8
5915.jpg,1768,1935,167
5920.jpg,1768,1885,117
5925.jpg,1768,1762,-6
5930.jpg,1768,1726,-42
5935.jpg,1768,1669,-99
5940.jpg,1768,1930,162
5945.jpg,1769,1795,26
5950.jpg,1769,1835,66
5955.jpg,1769,1760,-9
5960.jpg,1769,1720,-49
5965.jpg,1769,1820,51
5970.jpg,1769,1825,56
5975.jpg,1769,1793,24
5980.jpg,1769,1780,11
5985.jpg,1769,1880,111
5990.jpg,1769,1880,111
5995.jpg,1769,1737,-32
6000.jpg,1770,1930,160
6005.jpg,1770,1725,-45
6010.jpg,1770,1830,60
6015.jpg,1770,1815,45
6020.jpg,1770,1740,-30
6025.jpg,1770,1795,25
6030.jpg,1770,1795,25
6035.jpg,1770,1750,-20
6040.jpg,1770,1840,70
6045.jpg,1770,1880,110
6050.jpg,1770,1720,-50
6055.jpg,1770,1870,100
6060.jpg,1770,1840,70
6065.jpg,1770,1773,3
6070.jpg,1770,1910,140
6075.jpg,1770,1880,110
6080.jpg,1770,1840,70
6085.jpg,1770,1815,45
6090.jpg,1770,1825,55
6095.jpg,1770,1786,16
6100.jpg,1770,1768,-2
6105.jpg,1770,1645,-125
6115.jpg,1771,1880,109
6120.jpg,1771,1840,69
6125.jpg,1771,1820,49
6130.jpg,1771,1752,-19
6135.jpg,1771,1898,127
6140.jpg,1771,1730,-41
6145.jpg,1771,1790,19
6150.jpg,1771,1910,139
6155.jpg,1771,1688,-83
6160.jpg,1771,1776,5
6165.jpg,1771,1793,22
6170.jpg,1772,1840,68
6175.jpg,1772,1798,26
6180.jpg,1772,1723,-49
6185.jpg,1772,1687,-85
6190.jpg,1772,1798,26
6195.jpg,1773,1796,23
6200.jpg,1773,1700,-73
6205.jpg,1773,1790,17
6210.jpg,1773,1830,57
6215.jpg,1773,1815,42
6220.jpg,1773,1790,17
6225.jpg,1773,1780,7
6230.jpg,1773,1745,-28
6235.jpg,1773,1920,147
6240.jpg,1774,1880,106
6245.jpg,1774,1818,44
6250.jpg,1774,1830,56
6255.jpg,1774,1735,-39
6260.jpg,1774,1785,11
6265.jpg,1774,1835,61
6270.jpg,1774,1815,41
6275.jpg,1774,1800,26
6280.jpg,1774,1880,106
6285.jpg,1774,1795,21
6290.jpg,1774,1930,156
6295.jpg,1774,1880,106
6300.jpg,1774,1760,-14
6305.jpg,1775,1840,65
6310.jpg,1775,1790,15
6315.jpg,1775,1780,5
6320.jpg,1775,1790,15
6325.jpg,1775,1790,15
6330.jpg,1775,1820,45
6335.jpg,1775,1890,115
6350.jpg,1775,1890,115
6355.jpg,1775,1820,45
6360.jpg,1775,1910,135
6365.jpg,1775,1790,15
6370.jpg,1775,1840,65
6375.jpg,1775,1816,41
6380.jpg,1775,1920,145
6385.jpg,1775,1730,-45
6390.jpg,1775,1785,10
6395.jpg,1775,1790,15
6405.jpg,1776,1750,-26
6410.jpg,1776,1910,134
6415.jpg,1776,1930,154
6420.jpg,1776,1795,19
6425.jpg,1776,1700,-76
6430.jpg,1776,1830,54
6435.jpg,1776,1790,14
6440.jpg,1776,1820,44
6445.jpg,1777,1760,-17
6450.jpg,1777,1765,-12
6455.jpg,1777,1927,150
6460.jpg,1777,1840,63
6465.jpg,1777,1850,73
6470.jpg,1777,1921,144
6475.jpg,1777,1200,-577
6480.jpg,1777,2012,235
6485.jpg,1778,1863,85
6495.jpg,1778,1795,17
6500.jpg,1778,1778,0
6505.jpg,1778,1820,42
6510.jpg,1778,1930,152
6515.jpg,1779,1888,109
6520.jpg,1779,1830,51
6525.jpg,1779,1795,16
6530.jpg,1779,1840,61
6535.jpg,1779,1825,46
6540.jpg,1779,1785,6
6545.jpg,1779,1910,131
6550.jpg,1779,1800,21
6555.jpg,1780,1830,50
6560.jpg,1780,1840,60
6565.jpg,1780,1820,40
6570.jpg,1780,1880,100
6575.jpg,1780,1920,140
6580.jpg,1780,1780,0
6585.jpg,1780,1850,70
6590.jpg,1780,1910,130
6595.jpg,1780,1920,140
6600.jpg,1780,1780,0
6605.jpg,1780,1790,10
6610.jpg,1780,1920,140
6615.jpg,1780,1850,70
6620.jpg,1780,1770,-10
6625.jpg,1780,1910,130
6630.jpg,1780,1790,10
6635.jpg,1780,1830,50
6640.jpg,1780,1880,100
6645.jpg,1780,1780,0
6650.jpg,1780,1910,130
6655.jpg,1780,1890,110
6660.jpg,1780,1910,130
6665.jpg,1780,1820,40
6670.jpg,1781,1887,106
6675.jpg,1781,1780,-1
6680.jpg,1781,1797,16
6685.jpg,1781,1732,-49
6690.jpg,1781,1680,-101
6695.jpg,1781,1930,149
6700.jpg,1781,1863,82
6705.jpg,1781,1930,149
6710.jpg,1782,1892,110
6715.jpg,1782,1930,148
6720.jpg,1782,1720,-62
6725.jpg,1782,1835,53
6730.jpg,1782,1815,33
6735.jpg,1782,1880,98
6740.jpg,1782,1910,128
6745.jpg,1782,1673,-109
6750.jpg,1782,1764,-18
6755.jpg,1783,1870,87
6760.jpg,1783,1710,-73
6765.jpg,1783,1937,154
6770.jpg,1783,1930,147
6775.jpg,1783,1890,107
6780.jpg,1783,1795,12
6785.jpg,1783,1820,37
6790.jpg,1783,1820,37
6795.jpg,1783,1780,-3
6800.jpg,1783,1950,167
6805.jpg,1783,1787,4
6810.jpg,1784,1880,96
6815.jpg,1784,1187,-597
6820.jpg,1784,1798,14
6825.jpg,1784,1850,66
6830.jpg,1784,1818,34
6835.jpg,1784,1970,186
6840.jpg,1784,1813,29
6845.jpg,1784,1910,126
6850.jpg,1784,1618,-166
6855.jpg,1784,1860,76
6860.jpg,1785,1880,95
6865.jpg,1785,1820,35
6870.jpg,1785,1795,10
6875.jpg,1785,1775,-10
6880.jpg,1785,1930,145
6885.jpg,1785,1860,75
6890.jpg,1785,1835,50
6895.jpg,1785,1910,125
6900.jpg,1785,1818,33
6905.jpg,1785,1830,45
6910.jpg,1785,1845,60
6915.jpg,1785,1773,-12
6920.jpg,1785,1880,95
6925.jpg,1785,1790,5
6930.jpg,1785,1820,35
6935.jpg,1785,1785,0
6940.jpg,1785,1820,35
6945.jpg,1785,1697,-88
6950.jpg,1786,1786,0
6955.jpg,1786,1880,94
6960.jpg,1786,1790,4
6965.jpg,1786,1720,-66
6970.jpg,1786,1773,-13
6975.jpg,1786,1771,-15
6980.jpg,1786,1793,7
6985.jpg,1786,1835,49
6990.jpg,1786,1840,54
6995.jpg,1786,1920,134
7000.jpg,1786,1912,126
7005.jpg,1787,17,-1770
7010.jpg,1787,1707,-80
7015.jpg,1787,1740,-47
7020.jpg,1787,1890,103
7025.jpg,1787,1930,143
7030.jpg,1787,1790,3
7035.jpg,1787,1820,33
7040.jpg,1787,1910,123
7045.jpg,1787,1850,63
7050.jpg,1787,1820,33
7055.jpg,1787,1840,53
7060.jpg,1787,1930,143
7065.jpg,1787,1840,53
7070.jpg,1787,1815,28
7075.jpg,1787,1620,-167
7080.jpg,1787,1805,18
7085.jpg,1787,1873,86
7090.jpg,1788,1876,88
7095.jpg,1788,1752,-36
7100.jpg,1788,1863,75
7105.jpg,1788,1798,10
7110.jpg,1788,1880,92
7115.jpg,1788,1880,92
7120.jpg,1788,1795,7
7125.jpg,1788,1870,82
7130.jpg,1788,1795,7
7135.jpg,1788,1786,-2
7140.jpg,1788,1763,-25
7145.jpg,1789,1869,80
7150.jpg,1789,1753,-36
7155.jpg,1789,1776,-13
7160.jpg,1789,1870,81
7165.jpg,1789,1810,21
7170.jpg,1789,1812,23
7175.jpg,1789,1910,121
7180.jpg,1789,1910,121
7185.jpg,1789,1815,26
7190.jpg,1789,1740,-49
7195.jpg,1789,1835,46
7200.jpg,1790,1825,35
7205.jpg,1790,1880,90
7210.jpg,1790,1820,30
7215.jpg,1790,1888,98
7220.jpg,1790,1885,95
7225.jpg,1790,1880,90
7230.jpg,1790,1890,100
7235.jpg,1790,1835,45
7240.jpg,1790,1820,30
7245.jpg,1790,1880,90
7250.jpg,1790,1835,45
7255.jpg,1790,1880,90
7260.jpg,1790,1880,90
7265.jpg,1790,1890,100
7270.jpg,1790,1880,90
7275.jpg,1790,1825,35
7280.jpg,1790,1790,0
7285.jpg,1790,1773,-17
7290.jpg,1790,1910,120
7295.jpg,1790,1795,5
7300.jpg,1790,1825,35
7305.jpg,1790,1790,0
7310.jpg,1790,1795,5
7315.jpg,1790,1785,-5
7320.jpg,1790,1910,120
7325.jpg,1790,1818,28
7330.jpg,1790,1825,35
7335.jpg,1790,1880,90
7340.jpg,1790,1815,25
7345.jpg,1790,1870,80
7350.jpg,1790,1880,90
7355.jpg,1790,1880,90
7360.jpg,1790,1840,50
7365.jpg,1790,1910,120
7370.jpg,1790,1720,-70
7375.jpg,1790,1910,120
7380.jpg,1790,1473,-317
7385.jpg,1791,1901,110
7390.jpg,1791,1880,89
7395.jpg,1791,1733,-58
7400.jpg,1791,1738,-53
7405.jpg,1791,1890,99
7410.jpg,1791,1760,-31
7415.jpg,1791,1910,119
7420.jpg,1791,1790,-1
7425.jpg,1791,1880,89
7430.jpg,1791,1888,97
7435.jpg,1791,1910,119
7440.jpg,1792,1888,96
7445.jpg,1792,1880,88
7450.jpg,1792,1776,-16
7455.jpg,1792,1888,96
7460.jpg,1792,1818,26
7465.jpg,1792,1790,-2
7470.jpg,1792,1855,63
7475.jpg,1792,1880,88
7480.jpg,1792,1845,53
7485.jpg,1792,1835,43
7490.jpg,1792,1835,43
7495.jpg,1792,1777,-15
7500.jpg,1792,1830,38
7505.jpg,1792,1835,43
7510.jpg,1793,1730,-63
7515.jpg,1793,1989,196
7520.jpg,1793,1890,97
7525.jpg,1793,1820,27
7530.jpg,1793,1820,27
7535.jpg,1793,2011,218
7540.jpg,1793,1910,117
7545.jpg,1793,1860,67
7550.jpg,1793,1840,47
7555.jpg,1793,1850,57
7560.jpg,1793,1830,37
7565.jpg,1793,1840,47
7570.jpg,1793,1848,55
7575.jpg,1793,1910,117
7580.jpg,1793,1780,-13
7585.jpg,1793,1840,47
7590.jpg,1793,1780,-13
7595.jpg,1794,1838,44
7600.jpg,1794,1667,-127
7605.jpg,1794,1880,86
7610.jpg,1794,1815,21
7615.jpg,1794,1860,66
7620.jpg,1794,1890,96
7625.jpg,1794,1840,46
7630.jpg,1794,1795,1
7635.jpg,1794,1795,1
7640.jpg,1794,1818,24
7645.jpg,1794,1720,-74
7650.jpg,1794,1825,31
7655.jpg,1795,1840,45
7660.jpg,1795,1930,135
7665.jpg,1795,1930,135
7670.jpg,1795,1776,-19
7675.jpg,1795,1812,17
7680.jpg,1795,1780,-15
7685.jpg,1795,1790,-5
7690.jpg,1795,1820,25
7695.jpg,1795,1840,45
7700.jpg,1795,1910,115
7705.jpg,1795,1795,0
7710.jpg,1795,1840,45
7715.jpg,1795,1840,45
7720.jpg,1795,1835,40
7725.jpg,1795,1785,-10
7730.jpg,1795,1815,20
7735.jpg,1795,1890,95
7740.jpg,1795,1910,115
7745.jpg,1795,1910,115
7750.jpg,1795,1810,15
7755.jpg,1795,1825,30
7760.jpg,1795,1835,40
7765.jpg,1795,1930,135
7775.jpg,1796,1870,74
7780.jpg,1796,1772,-24
7785.jpg,1796,1880,84
7790.jpg,1796,1868,72
7795.jpg,1796,1786,-10
7800.jpg,1796,1773,-23
7805.jpg,1796,1785,-11
7810.jpg,1796,1840,44
7815.jpg,1796,1880,84
7820.jpg,1796,1767,-29
7825.jpg,1796,1815,19
7830.jpg,1796,1890,94
7840.jpg,1796,1840,44
7845.jpg,1796,1820,24
7850.jpg,1796,1810,14
7855.jpg,1796,1820,24
7860.jpg,1796,1880,84
7865.jpg,1796,1880,84
7870.jpg,1796,1890,94
7875.jpg,1796,1685,-111
7880.jpg,1797,1735,-62
7885.jpg,1797,1834,37
7890.jpg,1797,1798,1
7895.jpg,1797,1765,-32
7900.jpg,1797,1820,23
7905.jpg,1797,1815,18
7915.jpg,1797,1936,139
7920.jpg,1797,1910,113
7925.jpg,1797,1825,28
7930.jpg,1797,1910,113
7935.jpg,1797,1910,113
7940.jpg,1797,1660,-137
7945.jpg,1797,1750,-47
7950.jpg,1797,1880,83
7955.jpg,1798,1850,52
7960.jpg,1798,1876,78
7965.jpg,1798,1640,-158
7970.jpg,1798,1840,42
7975.jpg,1798,1905,107
7980.jpg,1798,1790,-8
7985.jpg,1798,1895,97
7990.jpg,1798,1890,92
7995.jpg,1798,1620,-178
8000.jpg,1798,1860,62
8005.jpg,1798,1840,42
8010.jpg,1798,1910,112
8015.jpg,1798,1835,37
8020.jpg,1798,1880,82
8025.jpg,1798,1815,17
8030.jpg,1798,1910,112
8035.jpg,1798,1840,42
8040.jpg,1798,1910,112
8045.jpg,1798,1820,22
8055.jpg,1798,1840,42
8060.jpg,1799,1980,181
8065.jpg,1799,1880,81
8070.jpg,1799,1810,11
8075.jpg,1799,1840,41
8080.jpg,1799,1880,81
8085.jpg,1799,1835,36
8090.jpg,1799,1795,-4
8095.jpg,1799,1815,16
8100.jpg,1799,1835,36
8105.jpg,1799,1820,21
8110.jpg,1799,15,-1784
8115.jpg,1800,1780,-20
8120.jpg,1800,1913,113
8125.jpg,1800,1790,-10
8130.jpg,1800,1840,40
8135.jpg,1800,1920,120
8140.jpg,1800,1818,18
8145.jpg,1800,1870,70
8150.jpg,1800,1880,80
8155.jpg,1800,1835,35
8160.jpg,1800,1880,80
8165.jpg,1800,1835,35
8170.jpg,1800,1780,-20
8175.jpg,1800,1820,20
8180.jpg,1800,1798,-2
8185.jpg,1800,1880,80
8190.jpg,1800,1790,-10
8195.jpg,1800,1880,80
8200.jpg,1800,1920,120
8205.jpg,1800,1795,-5
8210.jpg,1800,1870,70
8215.jpg,1800,1880,80
8220.jpg,1800,1920,120
8225.jpg,1800,1840,40
8230.jpg,1800,1815,15
8235.jpg,1800,1835,35
8240.jpg,1800,1900,100
8245.jpg,1800,1880,80
8250.jpg,1800,1910,110
8255.jpg,1800,1910,110
8260.jpg,1800,1785,-15
8265.jpg,1800,1825,25
8270.jpg,1800,1795,-5
8275.jpg,1800,1780,-20
8280.jpg,1800,1795,-5
8285.jpg,1800,1910,110
8295.jpg,1800,1915,115
8300.jpg,1801,1725,-76
8305.jpg,1801,1940,139
8310.jpg,1801,1830,29
8315.jpg,1801,1890,89
8320.jpg,1801,1835,34
8325.jpg,1801,1886,85
8330.jpg,1801,1825,24
8335.jpg,1801,1785,-16
8340.jpg,1801,1790,-11
8345.jpg,1801,1825,24
8350.jpg,1801,1830,29
8355.jpg,1801,1840,39
8360.jpg,1801,1850,49
8365.jpg,1801,1875,74
8375.jpg,1802,1880,78
8380.jpg,1802,1910,108
8385.jpg,1802,1820,18
8390.jpg,1802,1825,23
8395.jpg,1802,1720,-82
8400.jpg,1802,1820,18
8405.jpg,1802,1840,38
8410.jpg,1802,1780,-22
8415.jpg,1802,1845,43
8420.jpg,1802,1840,38
8425.jpg,1802,1650,-152
8430.jpg,1802,1840,38
8435.jpg,1802,1776,-26
8440.jpg,1803,1896,93
8445.jpg,1803,1823,20
8450.jpg,1803,1798,-5
8455.jpg,1803,1828,25
8460.jpg,1803,1770,-33
8465.jpg,1803,1820,17
8470.jpg,1803,1910,107
8475.jpg,1803,1880,77
8480.jpg,1803,1825,22
8485.jpg,1803,1795,-8
8490.jpg,1803,1851,48
8495.jpg,1803,1770,-33
8500.jpg,1803,1930,127
8505.jpg,1803,1835,32
8515.jpg,1804,1880,76
8520.jpg,1804,1910,106
8525.jpg,1804,1870,66
8530.jpg,1804,1938,134
8535.jpg,1804,1910,106
8540.jpg,1804,1880,76
8545.jpg,1804,1750,-54
8550.jpg,1804,1840,36
8555.jpg,1804,1830,26
8560.jpg,1804,1920,116
8565.jpg,1804,1890,86
8570.jpg,1804,1815,11
8575.jpg,1804,1930,126
8580.jpg,1804,1820,16
8585.jpg,1805,1820,15
8590.jpg,1805,1880,75
8595.jpg,1805,1823,18
8600.jpg,1805,1910,105
8605.jpg,1805,1820,15
8610.jpg,1805,1646,-159
8615.jpg,1805,1910,105
8620.jpg,1805,1824,19
8625.jpg,1805,1790,-15
8630.jpg,1805,1200,-605
8635.jpg,1805,1905,100
8640.jpg,1805,1735,-70
8645.jpg,1805,1850,45
8650.jpg,1805,1870,65
8655.jpg,1805,1885,80
8660.jpg,1805,1860,55
8665.jpg,1805,1830,25
8670.jpg,1805,1766,-39
8675.jpg,1805,1860,55
8680.jpg,1805,1835,30
8685.jpg,1805,1880,75
8690.jpg,1805,1860,55
8695.jpg,1806,1836,30
8700.jpg,1806,1760,-46
8705.jpg,1806,1894,88
8710.jpg,1806,1840,34
8715.jpg,1806,1835,29
8720.jpg,1806,1930,124
8725.jpg,1806,1880,74
8730.jpg,1806,1835,29
8735.jpg,1806,1840,34
8740.jpg,1806,1920,114
8745.jpg,1806,1835,29
8750.jpg,1806,1860,54
8755.jpg,1806,1825,19
8765.jpg,1807,1840,33
8770.jpg,1807,1835,28
8775.jpg,1807,1887,80
8780.jpg,1807,1880,73
8785.jpg,1807,1910,103
8790.jpg,1807,1825,18
8795.jpg,1807,1880,73
8800.jpg,1807,1840,33
8805.jpg,1807,1820,13
8810.jpg,1807,1880,73
8815.jpg,1807,1840,33
8820.jpg,1807,1835,28
8825.jpg,1807,1795,-12
8830.jpg,1807,1776,-31
8835.jpg,1807,1585,-222
8840.jpg,1808,1883,75
8845.jpg,1808,1910,102
8850.jpg,1808,1920,112
8855.jpg,1808,1810,2
8860.jpg,1808,1880,72
8865.jpg,1808,1830,22
8875.jpg,1808,1815,7
8880.jpg,1808,1790,-18
8885.jpg,1808,1818,10
8890.jpg,1808,1818,10
8895.jpg,1808,1825,17
8900.jpg,1808,1825,17
8905.jpg,1808,1880,72
8910.jpg,1809,1810,1
8915.jpg,1809,1855,46
8920.jpg,1809,1930,121
8925.jpg,1809,1885,76
8930.jpg,1809,1785,-24
8935.jpg,1809,1930,121
8940.jpg,1809,1840,31
8945.jpg,1809,1910,101
8950.jpg,1809,1825,16
8955.jpg,1809,1810,1
8965.jpg,1809,1807,-2
8970.jpg,1809,1910,101
8975.jpg,1810,1855,45
8980.jpg,1810,1910,100
8985.jpg,1810,1840,30
8995.jpg,1810,1877,67
9000.jpg,1810,1810,0
9005.jpg,1810,1880,70
9010.jpg,1810,1833,23
9015.jpg,1810,1910,100
9020.jpg,1810,1850,40
9025.jpg,1810,1840,30
9030.jpg,1810,1830,20
9035.jpg,1810,1880,70
9040.jpg,1810,1850,40
9045.jpg,1810,1820,10
9050.jpg,1810,1745,-65
9055.jpg,1810,1770,-40
9060.jpg,1810,1880,70
9065.jpg,1810,1835,25
9070.jpg,1810,1780,-30
9075.jpg,1810,1850,40
9080.jpg,1810,1890,80
9085.jpg,1810,1850,40
9090.jpg,1810,1815,5
9095.jpg,1810,1830,20
9100.jpg,1810,1830,20
9105.jpg,1810,1825,15
9110.jpg,1810,1920,110
9115.jpg,1810,1825,15
9120.jpg,1810,1910,100
9125.jpg,1810,1885,75
9130.jpg,1810,1880,70
9135.jpg,1810,1930,120
9140.jpg,1810,1930,120
9145.jpg,1810,1880,70
9150.jpg,1811,1760,-51
9160.jpg,1811,1898,87
9165.jpg,1811,1820,9
9170.jpg,1811,1760,-51
9175.jpg,1811,1910,99
9180.jpg,1811,1885,74
9185.jpg,1811,1790,-21
9190.jpg,1811,1845,34
9195.jpg,1811,1897,86
9200.jpg,1811,1700,-111
9205.jpg,1811,1830,19
9210.jpg,1812,1818,6
9215.jpg,1812,1710,-102
9220.jpg,1812,1730,-82
9225.jpg,1812,1888,76
9230.jpg,1812,1830,18
9235.jpg,1812,1795,-17
9240.jpg,1812,1815,3
9245.jpg,1812,1850,38
9250.jpg,1812,1910,98
9255.jpg,1812,1830,18
9260.jpg,1812,1910,98
9265.jpg,1812,1830,18
9270.jpg,1812,1870,58
9275.jpg,1812,1880,68
9280.jpg,1812,1855,43
9290.jpg,1812,1835,23
9295.jpg,1812,1880,68
9300.jpg,1812,1840,28
9305.jpg,1812,1835,23
9310.jpg,1813,1870,57
9315.jpg,1813,1905,92
9320.jpg,1813,1790,-23
9325.jpg,1813,1840,27
9330.jpg,1813,1815,2
9335.jpg,1813,1835,22
9340.jpg,1813,1740,-73
9345.jpg,1813,1795,-18
9350.jpg,1813,1835,22
9355.jpg,1813,1760,-53
9360.jpg,1813,1930,117
9365.jpg,1813,1920,107
9370.jpg,1813,1880,67
9375.jpg,1814,1860,46
9390.jpg,1814,1820,6
9395.jpg,1814,1720,-94
9400.jpg,1814,1902,88
9405.jpg,1814,1833,19
9410.jpg,1814,1910,96
9415.jpg,1814,1780,-34
9420.jpg,1814,1815,1
9425.jpg,1814,1760,-54
9430.jpg,1814,1838,24
9435.jpg,1814,1840,26
9440.jpg,1814,1825,11
9445.jpg,1814,1830,16
9450.jpg,1814,1835,21
9455.jpg,1814,1740,-74
9460.jpg,1814,1828,14
9465.jpg,1815,1905,90
9470.jpg,1815,1880,65
9475.jpg,1815,1815,0
9480.jpg,1815,1835,20
9485.jpg,1815,1855,40
9490.jpg,1815,1835,20
9495.jpg,1815,1810,-5
9500.jpg,1815,1850,35
9505.jpg,1815,1810,-5
9510.jpg,1815,1920,105
9515.jpg,1815,1860,45
9520.jpg,1815,1776,-39
9525.jpg,1815,1870,55
9530.jpg,1815,1795,-20
9535.jpg,1815,1835,20
9540.jpg,1815,1880,65
9545.jpg,1815,1835,20
9550.jpg,1815,1795,-20
9555.jpg,1815,1825,10
9560.jpg,1815,1790,-25
9565.jpg,1815,1850,35
9570.jpg,1815,1890,75
9575.jpg,1815,1890,75
9580.jpg,1815,1888,73
9585.jpg,1815,1848,33
9590.jpg,1815,1815,0
9595.jpg,1816,1920,104
9600.jpg,1816,1780,-36
9605.jpg,1816,1905,89
9610.jpg,1816,1898,82
9615.jpg,1816,1843,27
9620.jpg,1816,1896,80
9625.jpg,1816,1798,-18
9630.jpg,1816,1840,24
9635.jpg,1816,1820,4
9640.jpg,1816,1825,9
9645.jpg,1816,1650,-166
9650.jpg,1816,1930,114
9655.jpg,1816,1815,-1
9660.jpg,1816,1910,94
9665.jpg,1816,1790,-26
9670.jpg,1816,1835,19
9675.jpg,1816,1890,74
9680.jpg,1816,1798,-18
9685.jpg,1816,1860,44
9690.jpg,1816,1855,39
9695.jpg,1816,1868,52
9700.jpg,1816,1932,116
9705.jpg,1816,1720,-96
9710.jpg,1816,1823,7
9715.jpg,1817,1860,43
9720.jpg,1817,1835,18
9725.jpg,1817,1823,6
9730.jpg,1817,1937,120
9735.jpg,1817,1910,93
9740.jpg,1817,1880,63
9745.jpg,1817,1790,-27
9750.jpg,1817,1910,93
9755.jpg,1817,1840,23
9760.jpg,1817,1820,3
9765.jpg,1817,1835,18
9770.jpg,1817,1885,68
9775.jpg,1817,1937,120
9780.jpg,1817,1820,3
9785.jpg,1817,1863,46
9790.jpg,1818,1880,62
9795.jpg,1818,1930,112
9800.jpg,1818,1850,32
9805.jpg,1818,1910,92
9810.jpg,1818,1840,22
9815.jpg,1818,1898,80
9820.jpg,1818,1880,62
9825.jpg,1818,1820,2
9830.jpg,1818,1840,22
9835.jpg,1818,1825,7
9840.jpg,1818,1850,32
9845.jpg,1818,1880,62
9850.jpg,1818,1885,67
9855.jpg,1818,1825,7
9860.jpg,1818,1795,-23
9865.jpg,1818,1840,22
9870.jpg,1818,1840,22
9875.jpg,1818,1815,-3
9880.jpg,1818,1840,22
9885.jpg,1818,1933,115
9890.jpg,1818,1848,30
9895.jpg,1818,1815,-3
9900.jpg,1818,1822,4
9905.jpg,1818,1840,22
9910.jpg,1819,1863,44
9915.jpg,1819,1920,101
9920.jpg,1819,1830,11
9925.jpg,1819,1910,91
9930.jpg,1819,1880,61
9935.jpg,1819,1910,91
9940.jpg,1819,1830,11
9945.jpg,1819,1840,21
9950.jpg,1819,1910,91
9955.jpg,1819,1815,-4
9960.jpg,1819,1840,21
9965.jpg,1819,1835,16
9970.jpg,1819,1880,61
9975.jpg,1819,1890,71
9980.jpg,1819,1840,21
9985.jpg,1820,1877,57
9990.jpg,1820,1848,28
9995.jpg,1820,1910,90
10000.jpg,1820,1835,15
10005.jpg,1820,1720,-100
10010.jpg,1820,1880,60
10015.jpg,1820,1820,0
10020.jpg,1820,1880,60
10025.jpg,1820,1780,-40
10030.jpg,1820,1910,90
10035.jpg,1820,1850,30
10040.jpg,1820,1910,90
10045.jpg,1820,1830,10
10050.jpg,1820,1880,60
10055.jpg,1820,1820,0
10060.jpg,1820,1860,40
10065.jpg,1820,1830,10
10070.jpg,1820,1810,-10
10075.jpg,1820,1880,60
10080.jpg,1820,1880,60
10085.jpg,1820,1832,12
10090.jpg,1820,1910,90
10095.jpg,1820,1850,30
10100.jpg,1820,1840,20
10105.jpg,1820,1835,15
10110.jpg,1820,1850,30
10115.jpg,1820,1910,90
10120.jpg,1820,1835,15
10125.jpg,1820,1885,65
10130.jpg,1820,1830,10
10135.jpg,1820,1790,-30
10140.jpg,1820,1835,15
10145.jpg,1820,1835,15
10150.jpg,1820,1835,15
10155.jpg,1820,1825,5
10160.jpg,1820,1825,5
10165.jpg,1820,1880,60
10170.jpg,1820,1880,60
10175.jpg,1820,1880,60
10180.jpg,1820,1880,60
10185.jpg,1820,1888,68
10190.jpg,1820,1880,60
10195.jpg,1821,1902,81
10200.jpg,1821,1910,89
10205.jpg,1821,1878,57
10210.jpg,1821,1920,99
10215.jpg,1821,1930,109
10220.jpg,1821,1870,49
10225.jpg,1821,1910,89
10230.jpg,1821,1818,-3
10235.jpg,1821,1880,59
10240.jpg,1821,1910,89
10245.jpg,1821,1910,89
10250.jpg,1821,1818,-3
10255.jpg,1821,1890,69
10260.jpg,1821,1825,4
10265.jpg,1821,1880,59
10270.jpg,1821,1885,64
10275.jpg,1821,1870,49
10280.jpg,1822,1901,79
10285.jpg,1822,1920,98
10290.jpg,1822,1860,38
10295.jpg,1822,1908,86
10300.jpg,1822,1886,64
10305.jpg,1822,1880,58
10310.jpg,1822,1818,-4
10315.jpg,1822,1840,18
10320.jpg,1822,1850,28
10325.jpg,1822,1840,18
10330.jpg,1822,1910,88
10335.jpg,1822,1825,3
10340.jpg,1822,1905,83
10345.jpg,1822,1910,88
10355.jpg,1822,1880,58
10360.jpg,1823,1720,-103
10365.jpg,1823,1850,27
10370.jpg,1823,1898,75
10375.jpg,1823,1835,12
10385.jpg,1823,1877,54
10390.jpg,1823,1880,57
10395.jpg,1823,1835,12
10400.jpg,1823,1840,17
10405.jpg,1823,1840,17
10410.jpg,1823,1870,47
10415.jpg,1823,1860,37
10420.jpg,1823,1910,87
10425.jpg,1823,1770,-53
10430.jpg,1823,1905,82
10435.jpg,1823,1920,97
10440.jpg,1823,1830,7
10445.jpg,1823,1910,87
10450.jpg,1823,1340,-483
10455.jpg,1824,1895,71
10460.jpg,1824,1830,6
10465.jpg,1824,1840,16
10470.jpg,1824,1850,26
10475.jpg,1824,1670,-154
10480.jpg,1824,1930,106
10485.jpg,1824,1825,1
10490.jpg,1824,1817,-7
10495.jpg,1824,1825,1
10500.jpg,1824,1860,36
10505.jpg,1824,1880,56
10510.jpg,1824,1880,56
10515.jpg,1824,1780,-44
10520.jpg,1824,1840,16
10525.jpg,1824,1910,86
10530.jpg,1824,1910,86
10535.jpg,1824,1840,16
10540.jpg,1824,1838,14
10545.jpg,1824,1879,55
10550.jpg,1825,1825,0
10555.jpg,1825,1878,53
10560.jpg,1825,1840,15
10565.jpg,1825,1870,45
10570.jpg,1825,1900,75
10575.jpg,1825,1878,53
10580.jpg,1825,1863,38
10585.jpg,1825,1890,65
10590.jpg,1825,1790,-35
10595.jpg,1825,1835,10
10600.jpg,1825,1825,0
10605.jpg,1825,1840,15
10610.jpg,1825,1860,35
10615.jpg,1825,1860,35
10620.jpg,1825,1937,112
10625.jpg,1825,1910,85
10630.jpg,1825,1840,15
10635.jpg,1825,1930,105
10640.jpg,1825,1910,85
10645.jpg,1825,1790,-35
10650.jpg,1825,1840,15
10655.jpg,1825,1840,15
10660.jpg,1825,1840,15
10665.jpg,1825,1825,0
10670.jpg,1825,1850,25
10675.jpg,1825,1835,10
10680.jpg,1825,1820,-5
10685.jpg,1825,1840,15
10690.jpg,1825,1840,15
10695.jpg,1825,1880,55
10700.jpg,1825,1835,10
10705.jpg,1825,1880,55
10710.jpg,1825,1880,55
10715.jpg,1825,1910,85
10720.jpg,1825,1830,5
10725.jpg,1825,1910,85
10730.jpg,1826,1890,64
10735.jpg,1826,1850,24
10745.jpg,1826,1825,-1
10750.jpg,1826,1830,4
10755.jpg,1826,1898,72
10760.jpg,1826,1830,4
10765.jpg,1826,1825,-1
10770.jpg,1826,1880,54
10775.jpg,1826,1850,24
10780.jpg,1826,1840,14
10785.jpg,1826,1830,4
10790.jpg,1826,1840,14
10795.jpg,1826,1796,-30
10800.jpg,1826,1885,59
10805.jpg,1826,1728,-98
10810.jpg,1826,1795,-31
10815.jpg,1826,1835,9
10820.jpg,1826,1835,9
10825.jpg,1826,1885,59
10830.jpg,1826,1908,82
10835.jpg,1827,1910,83
10840.jpg,1827,1920,93
10845.jpg,1827,1860,33
10850.jpg,1827,1880,53
10855.jpg,1827,1880,53
10860.jpg,1827,1910,83
10865.jpg,1827,1880,53
10870.jpg,1827,1874,47
10875.jpg,1827,1790,-37
10880.jpg,1827,1885,58
10885.jpg,1827,1910,83
10890.jpg,1827,1920,93
10895.jpg,1827,1840,13
10900.jpg,1827,1795,-32
10905.jpg,1827,1770,-57
10910.jpg,1827,1870,43
10915.jpg,1827,1835,8
10920.jpg,1827,1825,-2
10925.jpg,1827,1835,8
10930.jpg,1827,1905,78
10935.jpg,1827,1840,13
10940.jpg,1827,1920,93
10945.jpg,1828,1860,32
10950.jpg,1828,1830,2
10955.jpg,1828,1815,-13
10960.jpg,1828,1798,-30
10965.jpg,1828,1910,82
10970.jpg,1828,1870,42
10975.jpg,1828,1901,73
10980.jpg,1828,1900,72
10985.jpg,1828,1885,57
10990.jpg,1828,1850,22
10995.jpg,1828,1870,42
11000.jpg,1828,1892,64
11005.jpg,1828,1835,7
11010.jpg,1828,1840,12
11015.jpg,1828,1790,-38
11020.jpg,1828,1815,-13
11025.jpg,1828,1790,-38
11030.jpg,1828,1850,22
11035.jpg,1828,1840,12
11040.jpg,1828,1830,2
11045.jpg,1828,1880,52
11050.jpg,1828,1626,-202
11055.jpg,1828,1673,-155
11060.jpg,1828,1896,68
11065.jpg,1829,1780,-49
11070.jpg,1829,1830,1
11075.jpg,1829,1820,-9
11080.jpg,1829,1830,1
11085.jpg,1829,1830,1
11090.jpg,1829,1856,27
11095.jpg,1829,1897,68
11100.jpg,1829,1896,67
11105.jpg,1829,1870,41
11110.jpg,1829,1785,-44
11115.jpg,1829,1720,-109
11120.jpg,1829,1880,51
11125.jpg,1829,1825,-4
11130.jpg,1829,1890,61
11135.jpg,1829,1870,41
11140.jpg,1829,1818,-11
11145.jpg,1829,1835,6
11150.jpg,1829,1826,-3
11155.jpg,1829,1930,101
11160.jpg,1829,1780,-49
11165.jpg,1829,1905,76
11170.jpg,1830,1820,-10
11175.jpg,1830,1890,60
11180.jpg,1830,1905,75
11185.jpg,1830,1840,10
11190.jpg,1830,1838,8
11195.jpg,1830,1620,-210
11200.jpg,1830,1870,40
11205.jpg,1830,1838,8
11210.jpg,1830,1880,50
11215.jpg,1830,1795,-35
11220.jpg,1830,1745,-85
11225.jpg,1830,1920,90
11230.jpg,1830,1785,-45
11235.jpg,1830,1880,50
11240.jpg,1830,1825,-5
11245.jpg,1830,1880,50
11250.jpg,1830,1910,80
11255.jpg,1830,1880,50
11260.jpg,1830,1830,0
11265.jpg,1830,1840,10
11270.jpg,1830,1985,155
11275.jpg,1830,1840,10
11280.jpg,1830,1910,80
11285.jpg,1830,1840,10
11290.jpg,1830,1795,-35
11295.jpg,1830,1880,50
11300.jpg,1830,1835,5
11305.jpg,1830,1850,20
11310.jpg,1830,1880,50
11315.jpg,1830,1840,10
11320.jpg,1830,1820,-10
11325.jpg,1830,1880,50
11330.jpg,1830,1910,80
11335.jpg,1830,1880,50
11340.jpg,1830,1910,80
11345.jpg,1830,1955,125
11350.jpg,1830,1910,80
11355.jpg,1830,1880,50
11360.jpg,1830,1880,50
11365.jpg,1830,1824,-6
11370.jpg,1830,1880,50
11375.jpg,1830,1754,-76
11380.jpg,1830,1905,75
11385.jpg,1830,1830,0
11390.jpg,1830,1920,90
11395.jpg,1830,1830,0
11400.jpg,1831,1835,4
11405.jpg,1831,1840,9
11410.jpg,1831,1820,-11
11415.jpg,1831,1890,59
11420.jpg,1831,1830,-1
11425.jpg,1831,1884,53
11430.jpg,1831,1870,39
11435.jpg,1831,1880,49
11440.jpg,1831,1910,79
11445.jpg,1831,1818,-13
11450.jpg,1831,1910,79
11455.jpg,1831,1905,74
11460.jpg,1831,1885,54
11465.jpg,1831,1910,79
11470.jpg,1831,1818,-13
11475.jpg,1831,1930,99
11480.jpg,1831,1880,49
11485.jpg,1831,1930,99
11490.jpg,1832,1920,88
11495.jpg,1832,1860,28
11500.jpg,1832,1730,-102
11505.jpg,1832,1833,1
11510.jpg,1832,1825,-7
11515.jpg,1832,1832,0
11525.jpg,1832,1910,78
11530.jpg,1832,1890,58
11535.jpg,1832,1910,78
11540.jpg,1832,1825,-7
11545.jpg,1832,1880,48
11550.jpg,1832,1850,18
11555.jpg,1832,1880,48
11560.jpg,1832,1905,73
11565.jpg,1832,1825,-7
11570.jpg,1832,1880,48
11575.jpg,1832,1835,3
11580.jpg,1832,1890,58
11585.jpg,1832,1880,48
11590.jpg,1832,1868,36
11595.jpg,1832,1825,-7
11600.jpg,1832,1823,-9
11605.jpg,1832,1920,88
11610.jpg,1832,1910,78
11615.jpg,1832,1910,78
11620.jpg,1832,1720,-112
11625.jpg,1832,1840,8
11630.jpg,1832,1908,76
11635.jpg,1832,1930,98
11640.jpg,1832,1912,80
11645.jpg,1833,1881,48
11650.jpg,1833,1870,37
11655.jpg,1833,1880,47
11660.jpg,1833,1779,-54
11665.jpg,1833,1800,-33
11670.jpg,1833,1840,7
11675.jpg,1833,1880,47
11680.jpg,1833,1886,53
11685.jpg,1833,1860,27
11690.jpg,1833,1885,52
11695.jpg,1833,1880,47
11700.jpg,1833,1820,-13
11705.jpg,1833,1910,77
11710.jpg,1833,1910,77
11715.jpg,1833,1840,7
11720.jpg,1833,1880,47
11725.jpg,1833,1885,52
11730.jpg,1833,1825,-8
11735.jpg,1833,1840,7
11740.jpg,1833,1850,17
11745.jpg,1833,1880,47
11750.jpg,1833,1845,12
11755.jpg,1833,1760,-73
11760.jpg,1833,1910,77
11765.jpg,1833,1891,58
11770.jpg,1834,1880,46
11775.jpg,1834,1767,-67
11780.jpg,1834,1840,6
11785.jpg,1834,1860,26
11790.jpg,1834,1968,134
11795.jpg,1834,1889,55
11800.jpg,1834,1815,-19
11805.jpg,1834,1762,-72
11810.jpg,1834,1910,76
11815.jpg,1834,1850,16
11820.jpg,1834,1840,6
11825.jpg,1834,1890,56
11830.jpg,1834,1905,71
11835.jpg,1834,1870,36
11840.jpg,1834,1870,36
11845.jpg,1834,1910,76
11850.jpg,1834,1825,-9
11855.jpg,1834,1855,21
11860.jpg,1834,1960,126
11865.jpg,1834,1850,16
11870.jpg,1834,1930,96
11875.jpg,1834,1785,-49
11880.jpg,1834,1820,-14
11885.jpg,1834,1815,-19
11890.jpg,1834,1834,0
11895.jpg,1834,1913,79
11900.jpg,1835,1780,-55
11905.jpg,1835,1910,75
11910.jpg,1835,1913,78
11915.jpg,1835,1880,45
11920.jpg,1835,1795,-40
11925.jpg,1835,1880,45
11930.jpg,1835,1905,70
11935.jpg,1835,1832,-3
11940.jpg,1835,1930,95
11945.jpg,1835,1880,45
11950.jpg,1835,1846,11
11955.jpg,1835,1840,5
11960.jpg,1835,1830,-5
11965.jpg,1835,1930,95
11970.jpg,1835,1870,35
11980.jpg,1835,1890,55
11985.jpg,1835,1920,85
11990.jpg,1835,1890,55
11995.jpg,1835,1910,75
12000.jpg,1835,1910,75
12005.jpg,1835,1910,75
12010.jpg,1835,1856,21
12015.jpg,1835,1880,45
12020.jpg,1835,1910,75
12025.jpg,1835,1880,45
12030.jpg,1835,1880,45
12035.jpg,1835,1880,45
12040.jpg,1835,1795,-40
12045.jpg,1835,1835,0
12050.jpg,1835,1840,5
12055.jpg,1835,1870,35
12060.jpg,1835,1878,43
12065.jpg,1835,1910,75
12070.jpg,1835,1850,15
12075.jpg,1835,1840,5
12080.jpg,1835,1880,45
12085.jpg,1835,1835,0
12090.jpg,1835,1880,45
12095.jpg,1835,1840,5
12100.jpg,1835,1880,45
12105.jpg,1835,1880,45
12110.jpg,1835,1435,-400
12115.jpg,1835,1873,38
12120.jpg,1835,1880,45
12125.jpg,1835,1905,70
12130.jpg,1836,1633,-203
12135.jpg,1836,1930,94
12140.jpg,1836,1930,94
12145.jpg,1836,1910,74
12150.jpg,1836,1880,44
12155.jpg,1836,1820,-16
12160.jpg,1836,1930,94
12170.jpg,1836,1906,70
12175.jpg,1836,1830,-6
12180.jpg,1836,1880,44
12185.jpg,1836,1930,94
12190.jpg,1836,1890,54
12195.jpg,1836,1880,44
12200.jpg,1836,1910,74
12205.jpg,1836,1910,74
12210.jpg,1836,1880,44
12215.jpg,1836,1860,24
12220.jpg,1836,1845,9
12225.jpg,1836,1860,24
12230.jpg,1836,1855,19
12235.jpg,1836,1910,74
12240.jpg,1836,1677,-159
12245.jpg,1836,1858,22
12250.jpg,1836,1860,24
12255.jpg,1836,1840,4
12260.jpg,1836,1840,4
12265.jpg,1836,1835,-1
12270.jpg,1836,1842,6
12275.jpg,1836,1820,-16
12280.jpg,1837,1880,43
12285.jpg,1837,1871,34
12290.jpg,1837,1835,-2
12295.jpg,1837,1870,33
12300.jpg,1837,1880,43
12305.jpg,1837,1835,-2
12310.jpg,1837,1880,43
12315.jpg,1837,1825,-12
12320.jpg,1837,1960,123
12325.jpg,1837,1896,59
12330.jpg,1837,1910,73
12335.jpg,1837,1845,8
12340.jpg,1837,1820,-17
12345.jpg,1837,1725,-112
12350.jpg,1837,1880,43
12355.jpg,1837,1880,43
12360.jpg,1837,1910,73
12365.jpg,1837,1885,48
12370.jpg,1837,1880,43
12375.jpg,1837,1880,43
12380.jpg,1837,1910,73
12385.jpg,1837,1910,73
12390.jpg,1837,1880,43
12395.jpg,1837,1815,-22
12400.jpg,1837,1910,73
12405.jpg,1837,1840,3
12410.jpg,1837,1920,83
12415.jpg,1837,1885,48
12420.jpg,1837,1835,-2
12425.jpg,1837,1910,73
12430.jpg,1837,1825,-12
12435.jpg,1837,1920,83
12440.jpg,1837,1880,43
12445.jpg,1837,1870,33
12450.jpg,1838,1890,52
12455.jpg,1838,1868,30
12460.jpg,1838,1868,30
12465.jpg,1838,1823,-15
12470.jpg,1838,1910,72
12475.jpg,1838,1936,98
12480.jpg,1838,1880,42
12485.jpg,1838,1860,22
12490.jpg,1838,1907,69
12495.jpg,1838,1888,50
12500.jpg,1838,1901,63
12505.jpg,1838,1880,42
12510.jpg,1838,1910,72
12515.jpg,1838,1910,72
12520.jpg,1838,1820,-18
12525.jpg,1838,1890,52
12530.jpg,1838,1890,52
12535.jpg,1838,1910,72
12540.jpg,1838,1910,72
12545.jpg,1838,1910,72
12550.jpg,1838,1910,72
12555.jpg,1838,1930,92
12560.jpg,1838,1890,52
12565.jpg,1838,1880,42
12570.jpg,1838,1848,10
12575.jpg,1838,1810,-28
12580.jpg,1838,1840,2
12585.jpg,1838,1825,-13
12590.jpg,1838,1880,42
12600.jpg,1838,1880,42
12605.jpg,1838,1910,72
12610.jpg,1838,1873,35
12615.jpg,1838,1777,-61
12620.jpg,1838,1776,-62
12625.jpg,1839,1920,81
12630.jpg,1839,1870,31
12635.jpg,1839,1910,71
12640.jpg,1839,1938,99
12645.jpg,1839,1855,16
12650.jpg,1839,1937,98
12655.jpg,1839,1875,36
12660.jpg,1839,1886,47
12665.jpg,1839,1908,69
12670.jpg,1839,1825,-14
12675.jpg,1839,1910,71
12680.jpg,1839,1830,-9
12685.jpg,1839,1835,-4
12690.jpg,1839,1910,71
12695.jpg,1839,1880,41
12700.jpg,1839,1840,1
12705.jpg,1839,1840,1
12710.jpg,1839,1780,-59
12715.jpg,1839,1835,-4
12720.jpg,1839,1815,-24
12725.jpg,1839,1930,91
12730.jpg,1839,1835,-4
12735.jpg,1839,1840,1
12740.jpg,1839,1818,-21
12745.jpg,1839,1880,41
12750.jpg,1839,1880,41
12755.jpg,1839,1830,-9
12760.jpg,1839,1905,66
12765.jpg,1839,1615,-224
12770.jpg,1839,1820,-19
12775.jpg,1839,1900,61
12780.jpg,1840,1620,-220
12785.jpg,1840,1910,70
12790.jpg,1840,1863,23
12795.jpg,1840,1880,40
12800.jpg,1840,1880,40
12805.jpg,1840,1870,30
12810.jpg,1840,1840,0
12815.jpg,1840,1910,70
12820.jpg,1840,1818,-22
12825.jpg,1840,1850,10
12830.jpg,1840,1860,20
12835.jpg,1840,1937,97
12840.jpg,1840,1926,86
12845.jpg,1840,1830,-10
12850.jpg,1840,1825,-15
12860.jpg,1840,1910,70
12865.jpg,1840,1760,-80
12870.jpg,1840,1910,70
12875.jpg,1840,1880,40
12880.jpg,1840,1850,10
12885.jpg,1840,1795,-45
12890.jpg,1840,1840,0
12895.jpg,1840,1795,-45
12900.jpg,1840,1880,40
12905.jpg,1840,1930,90
12910.jpg,1840,1920,80
12915.jpg,1840,1880,40
12920.jpg,1840,1890,50
12925.jpg,1840,1910,70
12930.jpg,1840,1885,45
12935.jpg,1840,1890,50
12940.jpg,1840,1840,0
12945.jpg,1840,1880,40
12950.jpg,1840,1880,40
12955.jpg,1840,1870,30
12960.jpg,1840,1825,-15
12965.jpg,1840,1840,0
12970.jpg,1840,1818,-22
12975.jpg,1840,1835,-5
12980.jpg,1840,1920,80
12985.jpg,1840,1840,0
12990.jpg,1840,1850,10
12995.jpg,1840,1933,93
13005.jpg,1840,1880,40
13010.jpg,1840,1910,70
13015.jpg,1840,1910,70
13020.jpg,1840,1880,40
13025.jpg,1840,1890,50
13030.jpg,1841,1887,46
13035.jpg,1841,1810,-31
13040.jpg,1841,1860,19
13045.jpg,1841,1880,39
13050.jpg,1841,1930,89
13055.jpg,1841,1875,34
13060.jpg,1841,1835,-6
13065.jpg,1841,1870,29
13070.jpg,1841,1897,56
13075.jpg,1841,1815,-26
13080.jpg,1841,1920,79
13085.jpg,1841,1978,137
13090.jpg,1841,1910,69
13095.jpg,1841,1910,69
13100.jpg,1841,1840,-1
13105.jpg,1841,1890,49
13110.jpg,1841,1848,7
13115.jpg,1841,1880,39
13120.jpg,1841,1990,149
13125.jpg,1841,1860,19
13130.jpg,1841,1820,-21
13135.jpg,1841,1927,86
13140.jpg,1841,1880,39
13145.jpg,1842,1880,38
13150.jpg,1842,1835,-7
13155.jpg,1842,1910,68
13160.jpg,1842,1840,-2
13165.jpg,1842,1818,-24
13170.jpg,1842,1888,46
13175.jpg,1842,1875,33
13180.jpg,1842,1880,38
13185.jpg,1842,1886,44
13190.jpg,1842,1835,-7
13195.jpg,1842,1840,-2
13200.jpg,1842,1910,68
13205.jpg,1842,1820,-22
13210.jpg,1842,1880,38
13215.jpg,1842,1880,38
13220.jpg,1842,1790,-52
13225.jpg,1842,1870,28
13230.jpg,1842,1880,38
13235.jpg,1842,1840,-2
13240.jpg,1842,1835,-7
13245.jpg,1842,1920,78
13250.jpg,1842,1910,68
13255.jpg,1842,1880,38
13260.jpg,1842,1825,-17
13265.jpg,1842,1880,38
13270.jpg,1842,1880,38
13275.jpg,1842,1815,-27
13280.jpg,1842,1405,-437
13285.jpg,1842,1870,28
13290.jpg,1842,1910,68
13295.jpg,1842,1920,78
13300.jpg,1843,1828,-15
13305.jpg,1843,1850,7
13310.jpg,1843,1908,65
13315.jpg,1843,1892,49
13320.jpg,1843,1796,-47
13325.jpg,1843,1890,47
13330.jpg,1843,1795,-48
13335.jpg,1843,1910,67
13340.jpg,1843,1850,7
13345.jpg,1843,1910,67
13350.jpg,1843,1850,7
13355.jpg,1843,1890,47
13360.jpg,1843,1930,87
13365.jpg,1843,1880,37
13370.jpg,1843,1798,-45
13380.jpg,1843,1855,12
13385.jpg,1843,1880,37
13390.jpg,1843,1870,27
13395.jpg,1843,1840,-3
13400.jpg,1843,1935,92
13405.jpg,1843,1870,27
13410.jpg,1843,1836,-7
13415.jpg,1843,1913,70
13420.jpg,1843,1910,67
13425.jpg,1843,1888,45
13430.jpg,1844,1910,66
13435.jpg,1844,1860,16
13440.jpg,1844,1880,36
13445.jpg,1844,1970,126
13450.jpg,1844,1880,36
13455.jpg,1844,1835,-9
13460.jpg,1844,1910,66
13465.jpg,1844,1835,-9
13470.jpg,1844,1835,-9
13475.jpg,1844,1890,46
13480.jpg,1844,1910,66
13485.jpg,1844,1890,46
13490.jpg,1844,1886,42
13495.jpg,1844,1978,134
13500.jpg,1844,1825,-19
13505.jpg,1844,1910,66
13510.jpg,1844,1790,-54
13515.jpg,1844,1910,66
13520.jpg,1844,1835,-9
13525.jpg,1844,1898,54
13530.jpg,1844,1910,66
13535.jpg,1844,1910,66
13540.jpg,1844,1908,64
13545.jpg,1844,1860,16
13550.jpg,1844,1845,1
13555.jpg,1844,1910,66
13560.jpg,1844,1910,66
13565.jpg,1845,17,-1828
13570.jpg,1845,1897,52
13575.jpg,1845,1880,35
13580.jpg,1845,1860,15
13585.jpg,1845,1670,-175
13590.jpg,1845,1880,35
13595.jpg,1845,1896,51
13600.jpg,1845,1910,65
13605.jpg,1845,1818,-27
13610.jpg,1845,1880,35
13615.jpg,1845,1910,65
13620.jpg,1845,1890,45
13625.jpg,1845,1860,15
13630.jpg,1845,1850,5
13635.jpg,1845,1860,15
13640.jpg,1845,1910,65
13645.jpg,1845,1855,10
13650.jpg,1845,1890,45
13655.jpg,1845,1880,35
13660.jpg,1845,1890,45
13665.jpg,1845,1890,45
13670.jpg,1845,2005,160
13675.jpg,1845,1870,25
13680.jpg,1845,1910,65
13685.jpg,1845,1880,35
13690.jpg,1845,1838,-7
13695.jpg,1845,1825,-20
13700.jpg,1845,1880,35
13705.jpg,1845,1830,-15
13710.jpg,1845,1910,65
13720.jpg,1845,1910,65
13725.jpg,1845,1905,60
13730.jpg,1845,1880,35
13735.jpg,1845,1888,43
13740.jpg,1845,1840,-5
13745.jpg,1845,1835,-10
13750.jpg,1845,1845,0
13755.jpg,1845,1795,-50
13760.jpg,1845,1890,45
13765.jpg,1845,1880,35
13770.jpg,1845,1840,-5
13775.jpg,1845,1896,51
13780.jpg,1845,1640,-205
13785.jpg,1845,1910,65
13790.jpg,1845,1880,35
13795.jpg,1845,1933,88
13800.jpg,1845,1915,70
13805.jpg,1846,1835,-11
13810.jpg,1846,1896,50
13815.jpg,1846,1900,54
13820.jpg,1846,1830,-16
13825.jpg,1846,1908,62
13830.jpg,1846,1818,-28
13835.jpg,1846,1900,54
13840.jpg,1846,1930,84
13845.jpg,1846,1835,-11
13850.jpg,1846,1910,64
13855.jpg,1846,1910,64
13860.jpg,1846,1835,-11
13865.jpg,1846,1910,64
13870.jpg,1846,1910,64
13875.jpg,1846,1910,64
13880.jpg,1846,1880,34
13885.jpg,1846,1840,-6
13890.jpg,1846,1840,-6
13895.jpg,1846,1840,-6
13900.jpg,1846,1880,34
13905.jpg,1846,1830,-16
13910.jpg,1846,1825,-21
13915.jpg,1846,1840,-6
13920.jpg,1846,1880,34
13925.jpg,1846,1938,92
13930.jpg,1846,1910,64
13935.jpg,1846,1905,59
13940.jpg,1847,1897,50
13945.jpg,1847,1838,-9
13950.jpg,1847,1910,63
13955.jpg,1847,1870,23
13960.jpg,1847,1880,33
13965.jpg,1847,1910,63
13970.jpg,1847,1909,62
13975.jpg,1847,1870,23
13980.jpg,1847,1880,33
13985.jpg,1847,1878,31
13990.jpg,1847,1880,33
13995.jpg,1847,1840,-7
14000.jpg,1847,1925,78
14005.jpg,1847,1840,-7
14010.jpg,1847,1835,-12
14015.jpg,1847,1880,33
14020.jpg,1847,1890,43
14030.jpg,1847,1890,43
14035.jpg,1847,1910,63
14040.jpg,1847,1910,63
14045.jpg,1847,1780,-67
14050.jpg,1847,1910,63
14055.jpg,1847,1905,58
14060.jpg,1847,1880,33
14065.jpg,1847,1880,33
14070.jpg,1847,1880,33
14075.jpg,1847,1888,41
14080.jpg,1847,1860,13
14085.jpg,1847,1880,33
14090.jpg,1847,1860,13
14095.jpg,1847,1890,43
14100.jpg,1847,1930,83
14105.jpg,1847,1938,91
14110.jpg,1848,1898,50
14115.jpg,1848,1880,32
14120.jpg,1848,1880,32
14125.jpg,1848,2008,160
14130.jpg,1848,1876,28
14135.jpg,1848,1840,-8
14140.jpg,1848,1850,2
14145.jpg,1848,1981,133
14150.jpg,1848,1888,40
14155.jpg,1848,1910,62
14160.jpg,1848,1898,50
14165.jpg,1848,1880,32
14170.jpg,1848,1870,22
14175.jpg,1848,1885,37
14180.jpg,1848,1890,42
14185.jpg,1848,1880,32
14190.jpg,1848,1910,62
14195.jpg,1848,1870,22
14200.jpg,1848,1910,62
14205.jpg,1848,1880,32
14210.jpg,1848,1880,32
14215.jpg,1848,1880,32
14220.jpg,1848,1840,-8
14225.jpg,1848,1844,-4
14230.jpg,1848,1840,-8
14235.jpg,1848,1890,42
14240.jpg,1848,1860,12
14245.jpg,1848,1835,-13
14250.jpg,1848,1825,-23
14255.jpg,1848,1860,12
14260.jpg,1848,1840,-8
14265.jpg,1848,1920,72
14270.jpg,1848,1840,-8
14275.jpg,1848,1885,37
14280.jpg,1848,1840,-8
14285.jpg,1848,1885,37
14290.jpg,1848,1845,-3
14295.jpg,1848,1868,20
14300.jpg,1848,1910,62
14305.jpg,1848,1910,62
14310.jpg,1848,1930,82
14315.jpg,1848,1910,62
14320.jpg,1848,1930,82
14325.jpg,1848,1828,-20
14330.jpg,1848,1910,62
14335.jpg,1848,1880,32
14340.jpg,1849,1860,11
14345.jpg,1849,1885,36
14350.jpg,1849,1880,31
14355.jpg,1849,1835,-14
14360.jpg,1849,2018,169
14365.jpg,1849,1860,11
14370.jpg,1849,1857,8
14375.jpg,1849,1868,19
14380.jpg,1849,1886,37
14385.jpg,1849,1820,-29
14390.jpg,1849,1905,56
14395.jpg,1849,1880,31
14400.jpg,1849,1835,-14
14405.jpg,1849,1920,71
14410.jpg,1849,1920,71
14415.jpg,1849,1910,61
14420.jpg,1849,1754,-95
14425.jpg,1849,1880,31
14430.jpg,1849,1885,36
14435.jpg,1849,1840,-9
14440.jpg,1849,1835,-14
14445.jpg,1849,1880,31
14450.jpg,1849,1936,87
14455.jpg,1849,1860,11
14460.jpg,1849,1840,-9
14465.jpg,1849,1836,-13
14470.jpg,1849,1880,31
14475.jpg,1849,1818,-31
14480.jpg,1849,1910,61
14485.jpg,1849,1880,31
14490.jpg,1849,1700,-149
14495.jpg,1849,1870,21
14500.jpg,1849,1900,51
14505.jpg,1850,1850,0
14510.jpg,1850,1840,-10
14515.jpg,1850,1840,-10
14520.jpg,1850,1840,-10
14525.jpg,1850,1895,45
14530.jpg,1850,1920,70
14535.jpg,1850,1840,-10
14540.jpg,1850,1910,60
14545.jpg,1850,1730,-120
14550.jpg,1850,1910,60
14555.jpg,1850,1910,60
14560.jpg,1850,1929,79
14565.jpg,1850,1835,-15
14570.jpg,1850,1825,-25
14575.jpg,1850,1870,20
14580.jpg,1850,1856,6
14585.jpg,1850,1860,10
14590.jpg,1850,1900,50
14600.jpg,1850,1893,43
14605.jpg,1850,1870,20
14610.jpg,1850,1818,-32
14615.jpg,1850,1920,70
14620.jpg,1850,1880,30
14625.jpg,1850,1880,30
14630.jpg,1850,1870,20
14635.jpg,1850,1850,0
14640.jpg,1850,1910,60
14645.jpg,1850,1885,35
14650.jpg,1850,1985,135
14655.jpg,1850,1840,-10
14660.jpg,1850,1880,30
14665.jpg,1850,1910,60
14670.jpg,1850,1890,40
14675.jpg,1850,1845,-5
14680.jpg,1850,1880,30
14685.jpg,1850,1910,60
14690.jpg,1850,1938,88
14695.jpg,1850,1858,8
14700.jpg,1850,1880,30
14705.jpg,1850,1870,20
14710.jpg,1850,1890,40
14715.jpg,1850,1825,-25
14720.jpg,1850,1880,30
14725.jpg,1850,1910,60
14730.jpg,1850,1880,30
14735.jpg,1850,1850,0
14740.jpg,1850,1880,30
14745.jpg,1850,1880,30
14750.jpg,1850,1890,40
14755.jpg,1850,1900,50
14760.jpg,1850,1920,70
14765.jpg,1850,1910,60
14770.jpg,1850,1898,48
14775.jpg,1850,1930,80
14780.jpg,1850,1790,-60
14785.jpg,1851,1898,47
14790.jpg,1851,1893,42
14795.jpg,1851,1928,77
14800.jpg,1851,1880,29
14805.jpg,1851,1920,69
14810.jpg,1851,1877,26
14815.jpg,1851,1905,54
14820.jpg,1851,1860,9
14825.jpg,1851,1885,34
14830.jpg,1851,1870,19
14835.jpg,1851,1776,-75
14840.jpg,1851,1870,19
14845.jpg,1851,1890,39
14850.jpg,1851,1920,69
14855.jpg,1851,1910,59
14860.jpg,1851,1910,59
14865.jpg,1851,1835,-16
14870.jpg,1851,1840,-11
14880.jpg,1851,1775,-76
14885.jpg,1851,1850,-1
14890.jpg,1851,1860,9
14895.jpg,1851,1790,-61
14900.jpg,1851,1870,19
14905.jpg,1851,1910,59
14910.jpg,1851,1760,-91
14915.jpg,1851,1910,59
14920.jpg,1851,1850,-1
14925.jpg,1851,1888,37
14930.jpg,1851,1888,37
14935.jpg,1851,1910,59
14940.jpg,1851,1830,-21
14945.jpg,1852,1880,28
14950.jpg,1852,1848,-4
14955.jpg,1852,1880,28
14960.jpg,1852,1910,58
14965.jpg,1852,1812,-40
14970.jpg,1852,1880,28
14975.jpg,1852,1910,58
14980.jpg,1852,1830,-22
14985.jpg,1852,1895,43
14990.jpg,1852,1880,28
14995.jpg,1852,1910,58
15000.jpg,1852,1910,58
15005.jpg,1852,1890,38
15010.jpg,1852,1840,-12
15015.jpg,1852,1870,18
15020.jpg,1852,1885,33
15025.jpg,1852,1880,28
15030.jpg,1852,1910,58
15035.jpg,1852,1880,28
15040.jpg,1852,1890,38
15045.jpg,1852,1835,-17
15050.jpg,1852,1880,28
15055.jpg,1852,1820,-32
15060.jpg,1852,1835,-17
15065.jpg,1852,1850,-2
15070.jpg,1852,1860,8
15075.jpg,1852,1830,-22
15080.jpg,1852,1890,38
15085.jpg,1852,1910,58
15090.jpg,1852,1910,58
15095.jpg,1852,1855,3
15100.jpg,1852,1890,38
15105.jpg,1852,1886,34
15110.jpg,1852,1905,53
15115.jpg,1852,1850,-2
15120.jpg,1852,1905,53
15125.jpg,1852,1880,28
15130.jpg,1852,1905,53
15135.jpg,1853,1850,-3
15140.jpg,1853,1912,59
15145.jpg,1853,1840,-13
15150.jpg,1853,1885,32
15155.jpg,1853,1910,57
15160.jpg,1853,1835,-18
15165.jpg,1853,1937,84
15170.jpg,1853,1828,-25
15175.jpg,1853,1818,-35
15180.jpg,1853,1890,37
15185.jpg,1853,1849,-4
15190.jpg,1853,1850,-3
15195.jpg,1853,1898,45
15200.jpg,1853,1897,44
15205.jpg,1853,1960,107
15210.jpg,1853,1910,57
15215.jpg,1853,1850,-3
15220.jpg,1853,1870,17
15225.jpg,1853,1850,-3
15230.jpg,1853,1910,57
15235.jpg,1853,1855,2
15240.jpg,1853,1880,27
15245.jpg,1853,1880,27
15250.jpg,1853,1920,67
15255.jpg,1853,1880,27
15260.jpg,1853,1880,27
15265.jpg,1853,1815,-38
15270.jpg,1853,1890,37
15275.jpg,1853,1890,37
15280.jpg,1853,1910,57
15285.jpg,1853,1910,57
15290.jpg,1853,1850,-3
15295.jpg,1853,1880,27
15300.jpg,1853,1880,27
15305.jpg,1853,1880,27
15310.jpg,1853,1870,17
15315.jpg,1853,1910,57
15320.jpg,1853,1905,52
15325.jpg,1853,1835,-18
15330.jpg,1853,1860,7
15335.jpg,1853,1880,27
15340.jpg,1853,1880,27
15345.jpg,1853,1840,-13
15350.jpg,1853,1984,131
15355.jpg,1854,1903,49
15360.jpg,1854,1958,104
15365.jpg,1854,1818,-36
15370.jpg,1854,1880,26
15375.jpg,1854,1857,3
15380.jpg,1854,1850,-4
15385.jpg,1854,1830,-24
15390.jpg,1854,1880,26
15395.jpg,1854,1906,52
15400.jpg,1854,1903,49
15405.jpg,1854,1908,54
15410.jpg,1854,1888,34
15415.jpg,1854,1789,-65
15420.jpg,1854,1910,56
15425.jpg,1854,1885,31
15430.jpg,1854,1900,46
15435.jpg,1854,1930,76
15440.jpg,1854,1930,76
15445.jpg,1854,1910,56
15450.jpg,1855,17,-1838
15455.jpg,1855,1910,55
15460.jpg,1855,1910,55
15465.jpg,1855,1860,5
15470.jpg,1855,1910,55
15475.jpg,1855,1860,5
15480.jpg,1855,1880,25
15485.jpg,1855,1880,25
15490.jpg,1855,1909,54
15495.jpg,1855,1927,72
15500.jpg,1855,1870,15
15505.jpg,1855,1870,15
15510.jpg,1855,1886,31
15515.jpg,1855,1835,-20
15520.jpg,1855,1885,30
15525.jpg,1855,1885,30
15530.jpg,1855,1890,35
15535.jpg,1855,1850,-5
15540.jpg,1855,1888,33
15545.jpg,1855,1830,-25
15550.jpg,1855,1860,5
15555.jpg,1855,1880,25
15560.jpg,1855,1845,-10
15565.jpg,1855,1885,30
15570.jpg,1855,1880,25
15575.jpg,1855,1930,75
15580.jpg,1855,1925,70
15585.jpg,1855,1933,78
15590.jpg,1855,1920,65
15595.jpg,1855,1835,-20
15600.jpg,1855,1880,25
15605.jpg,1855,1910,55
15610.jpg,1855,1920,65
15615.jpg,1855,1880,25
15620.jpg,1855,1795,-60
15625.jpg,1855,1910,55
15630.jpg,1855,1880,25
15635.jpg,1855,1840,-15
15640.jpg,1855,1910,55
15645.jpg,1855,1905,50
15650.jpg,1855,1880,25
15655.jpg,1855,1850,-5
15660.jpg,1855,1885,30
15665.jpg,1855,1885,30
15670.jpg,1855,1860,5
15675.jpg,1855,1888,33
15680.jpg,1855,1910,55
15685.jpg,1855,1890,35
15690.jpg,1855,1780,-75
15695.jpg,1855,1895,40
15705.jpg,1856,1850,-6
15710.jpg,1856,1880,24
15715.jpg,1856,1915,59
15720.jpg,1856,1840,-16
15725.jpg,1856,1890,34
15730.jpg,1856,1890,34
15735.jpg,1856,1880,24
15740.jpg,1856,1910,54
15745.jpg,1856,1738,-118
15750.jpg,1856,1898,42
15755.jpg,1856,1785,-71
15760.jpg,1856,1869,13
15765.jpg,1856,1852,-4
15770.jpg,1856,1880,24
15775.jpg,1856,1930,74
15780.jpg,1856,1910,54
15785.jpg,1856,1900,44
15795.jpg,1856,1840,-16
15800.jpg,1856,1890,34
15805.jpg,1856,1930,74
15810.jpg,1856,1910,54
15815.jpg,1856,1880,24
15820.jpg,1856,1860,4
15825.jpg,1856,1910,54
15830.jpg,1856,1880,24
15835.jpg,1856,1880,24
15840.jpg,1856,1860,4
15845.jpg,1856,1850,-6
15850.jpg,1856,1840,-16
15855.jpg,1856,1880,24
15860.jpg,1856,1860,4
15865.jpg,1856,1835,-21
15870.jpg,1856,1910,54
15875.jpg,1856,1890,34
15880.jpg,1856,1890,34
15885.jpg,1856,1885,29
15890.jpg,1856,1850,-6
15895.jpg,1856,1890,34
15900.jpg,1856,1880,24
15905.jpg,1856,1860,4
15910.jpg,1856,1840,-16
15915.jpg,1856,1835,-21
15920.jpg,1856,1860,4
15930.jpg,1856,1890,34
15935.jpg,1856,1870,14
15940.jpg,1856,1835,-21
15945.jpg,1856,1855,-1
15950.jpg,1856,1885,29
15955.jpg,1856,1908,52
15960.jpg,1856,1840,-16
15965.jpg,1856,1860,4
15970.jpg,1856,1920,64
15975.jpg,1856,1780,-76
15980.jpg,1857,1870,13
15985.jpg,1857,1910,53
15990.jpg,1857,1994,137
15995.jpg,1857,1835,-22
16000.jpg,1857,1905,48
16005.jpg,1857,1888,31
16010.jpg,1857,1856,-1
16015.jpg,1857,1880,23
16020.jpg,1857,1830,-27
16025.jpg,1857,1885,28
16030.jpg,1857,1855,-2
16035.jpg,1857,1910,53
16040.jpg,1857,1930,73
16045.jpg,1857,1910,53
16050.jpg,1857,1886,29
16055.jpg,1857,1908,51
16060.jpg,1857,1860,3
16065.jpg,1857,1880,23
16070.jpg,1857,1910,53
16075.jpg,1857,1880,23
16080.jpg,1857,1855,-2
16085.jpg,1857,1860,3
16090.jpg,1857,1885,28
16095.jpg,1857,1870,13
16100.jpg,1857,1815,-42
16105.jpg,1857,1850,-7
16110.jpg,1857,1880,23
16115.jpg,1857,1880,23
16120.jpg,1857,1910,53
16125.jpg,1857,1910,53
16130.jpg,1857,1840,-17
16135.jpg,1857,1880,23
16140.jpg,1857,1835,-22
16145.jpg,1857,1880,23
16150.jpg,1857,1886,29
16155.jpg,1857,1860,3
16160.jpg,1857,1885,28
16165.jpg,1857,1910,53
16170.jpg,1857,1885,28
16175.jpg,1857,1910,53
16180.jpg,1857,1880,23
16185.jpg,1857,1920,63
16190.jpg,1857,1835,-22
16195.jpg,1857,1880,23
16200.jpg,1857,1886,29
16205.jpg,1857,2009,152
16210.jpg,1857,1880,23
16215.jpg,1857,1910,53
16220.jpg,1857,1880,23
16225.jpg,1857,1724,-133
16230.jpg,1857,1880,23
16235.jpg,1858,1898,40
16240.jpg,1858,1920,62
16245.jpg,1858,1880,22
16250.jpg,1858,1900,42
16255.jpg,1858,1888,30
16260.jpg,1858,1880,22
16265.jpg,1858,1870,12
16270.jpg,1858,1819,-39
16275.jpg,1858,1856,-2
16280.jpg,1858,1888,30
16285.jpg,1858,1870,12
16290.jpg,1858,1880,22
16295.jpg,1858,1920,62
16300.jpg,1858,1910,52
16305.jpg,1858,1900,42
16310.jpg,1858,1885,27
16315.jpg,1858,1905,47
16320.jpg,1858,1880,22
16325.jpg,1858,1880,22
16330.jpg,1858,1910,52
16335.jpg,1858,1885,27
16340.jpg,1858,1835,-23
16345.jpg,1858,1928,70
16350.jpg,1858,1835,-23
16355.jpg,1858,1885,27
16360.jpg,1858,1885,27
16365.jpg,1858,1840,-18
16370.jpg,1858,1880,22
16375.jpg,1858,1890,32
16380.jpg,1858,1910,52
16385.jpg,1858,1880,22
16390.jpg,1858,1860,2
16395.jpg,1858,1835,-23
16400.jpg,1858,1840,-18
16405.jpg,1858,1910,52
16410.jpg,1858,1880,22
16415.jpg,1858,1885,27
16420.jpg,1858,1855,-3
16425.jpg,1858,1880,22
16430.jpg,1858,1855,-3
16435.jpg,1858,1910,52
16440.jpg,1858,1847,-11
16445.jpg,1858,1860,2
16450.jpg,1858,1880,22
16455.jpg,1858,1850,-8
16460.jpg,1858,1910,52
16465.jpg,1858,1883,25
16470.jpg,1858,1910,52
16475.jpg,1858,1788,-70
16480.jpg,1858,1910,52
16485.jpg,1858,1885,27
16490.jpg,1859,1860,1
16495.jpg,1859,1905,46
16505.jpg,1859,1859,0
16510.jpg,1859,1910,51
16515.jpg,1859,1890,31
16520.jpg,1859,1880,21
16525.jpg,1859,1930,71
16530.jpg,1859,1840,-19
16535.jpg,1859,1905,46
16540.jpg,1859,1880,21
16545.jpg,1859,1860,1
16550.jpg,1859,1857,-2
16555.jpg,1859,1886,27
16560.jpg,1859,1880,21
16565.jpg,1859,1888,29
16570.jpg,1859,1886,27
16575.jpg,1859,1885,26
16580.jpg,1859,1888,29
16585.jpg,1859,1720,-139
16590.jpg,1859,1835,-24
16595.jpg,1859,1885,26
16600.jpg,1859,1840,-19
16605.jpg,1859,1910,51
16610.jpg,1859,1880,21
16615.jpg,1859,1905,46
16620.jpg,1859,1880,21
16625.jpg,1859,1930,71
16630.jpg,1859,1910,51
16635.jpg,1859,1885,26
16640.jpg,1859,1835,-24
16645.jpg,1859,1870,11
16650.jpg,1859,1880,21
16655.jpg,1859,1885,26
16660.jpg,1859,1840,-19
16665.jpg,1859,1920,61
16670.jpg,1859,1885,26
16675.jpg,1859,1880,21
16680.jpg,1859,1860,1
16685.jpg,1859,1880,21
16690.jpg,1859,1870,11
16695.jpg,1859,1850,-9
16700.jpg,1859,1910,51
16705.jpg,1859,1885,26
16710.jpg,1859,1887,28
16715.jpg,1859,1858,-1
16720.jpg,1859,1880,21
16725.jpg,1859,1888,29
16730.jpg,1859,1910,51
16735.jpg,1860,1880,20
16740.jpg,1860,1885,25
16745.jpg,1860,1838,-22
16750.jpg,1860,1880,20
16755.jpg,1860,1880,20
16760.jpg,1860,1880,20
16765.jpg,1860,1900,40
16770.jpg,1860,1860,0
16775.jpg,1860,1930,70
16785.jpg,1860,1858,-2
16790.jpg,1860,1886,26
16795.jpg,1860,1795,-65
16800.jpg,1860,1880,20
16805.jpg,1860,1910,50
16810.jpg,1860,1890,30
16815.jpg,1860,1850,-10
16820.jpg,1860,1880,20
16825.jpg,1860,1850,-10
16830.jpg,1860,1910,50
16835.jpg,1860,1905,45
16840.jpg,1860,1830,-30
16845.jpg,1860,1880,20
16850.jpg,1860,1880,20
16855.jpg,1860,1880,20
16860.jpg,1860,1765,-95
16865.jpg,1860,1910,50
16870.jpg,1860,1860,0
16875.jpg,1860,1850,-10
16880.jpg,1860,1840,-20
16885.jpg,1860,1860,0
16890.jpg,1860,1868,8
16895.jpg,1860,1850,-10
16900.jpg,1860,1910,50
16905.jpg,1860,1910,50
16910.jpg,1860,1910,50
16915.jpg,1860,1880,20
16920.jpg,1860,1880,20
16925.jpg,1860,1855,-5
16930.jpg,1860,1885,25
16935.jpg,1860,1870,10
16940.jpg,1860,1885,25
16945.jpg,1860,1910,50
16950.jpg,1860,1880,20
16955.jpg,1860,1845,-15
16960.jpg,1860,1845,-15
16965.jpg,1860,1905,45
16970.jpg,1860,1910,50
16975.jpg,1860,1885,25
16980.jpg,1860,1880,20
16985.jpg,1860,1885,25
16990.jpg,1860,1880,20
16995.jpg,1860,1832,-28
17000.jpg,1860,1920,60
17005.jpg,1861,1903,42
17010.jpg,1861,1880,19
17015.jpg,1861,1890,29
17025.jpg,1861,1830,-31
17030.jpg,1861,1890,29
17035.jpg,1861,1815,-46
17040.jpg,1861,1873,12
17045.jpg,1861,1780,-81
17050.jpg,1861,1825,-36
17055.jpg,1861,1870,9
17060.jpg,1861,1890,29
17065.jpg,1861,1908,47
17070.jpg,1861,1855,-6
17075.jpg,1861,1880,19
17080.jpg,1861,1885,24
17085.jpg,1861,1910,49
17090.jpg,1861,1850,-11
17095.jpg,1861,1870,9
17100.jpg,1861,1890,29
17105.jpg,1861,1840,-21
17110.jpg,1861,1870,9
17115.jpg,1861,1835,-26
17120.jpg,1861,1905,44
17125.jpg,1861,1860,-1
17130.jpg,1861,1870,9
17135.jpg,1861,1883,22
17140.jpg,1861,1890,29
17145.jpg,1861,1870,9
17150.jpg,1861,1879,18
17155.jpg,1861,1880,19
17160.jpg,1861,1860,-1
17165.jpg,1861,1880,19
17170.jpg,1861,1900,39
17175.jpg,1862,1860,-2
17180.jpg,1862,1875,13
17185.jpg,1862,1865,3
17190.jpg,1862,1880,18
17195.jpg,1862,2001,139
17200.jpg,1862,1849,-13
17205.jpg,1862,1700,-162
17210.jpg,1862,1880,18
17215.jpg,1862,1909,47
17220.jpg,1862,1930,68
17225.jpg,1862,1830,-32
17230.jpg,1862,1910,48
17235.jpg,1862,1870,8
17240.jpg,1862,1850,-12
17245.jpg,1862,1870,8
17250.jpg,1862,1880,18
17255.jpg,1862,1910,48
17260.jpg,1862,1880,18
17265.jpg,1862,1815,-47
17270.jpg,1862,1910,48
17275.jpg,1862,1880,18
17280.jpg,1862,1890,28
17285.jpg,1862,1880,18
17290.jpg,1862,1890,28
17295.jpg,1862,1910,48
17300.jpg,1862,1905,43
17305.jpg,1862,1960,98
17310.jpg,1862,1920,58
17315.jpg,1862,1920,58
17320.jpg,1862,1880,18
17325.jpg,1863,1878,15
17330.jpg,1863,1835,-28
17340.jpg,1863,1930,67
17345.jpg,1863,1900,37
17350.jpg,1863,1837,-26
17355.jpg,1863,1898,35
17365.jpg,1863,1930,67
17370.jpg,1863,1930,67
17375.jpg,1863,1856,-7
17380.jpg,1863,1930,67
17385.jpg,1863,1930,67
17390.jpg,1863,1880,17
17395.jpg,1863,1860,-3
17400.jpg,1863,1910,47
17405.jpg,1863,1885,22
17410.jpg,1863,1905,42
17415.jpg,1863,1890,27
17420.jpg,1863,1905,42
17425.jpg,1863,1840,-23
17430.jpg,1863,1890,27
17435.jpg,1863,1940,77
17440.jpg,1863,1880,17
17445.jpg,1863,1888,25
17450.jpg,1863,1920,57
17455.jpg,1863,1888,25
17460.jpg,1863,1898,35
17465.jpg,1863,1905,42
17470.jpg,1863,1870,7
17475.jpg,1863,1870,7
17480.jpg,1863,1880,17
17485.jpg,1864,1837,-27
17490.jpg,1864,1908,44
17495.jpg,1864,1910,46
17500.jpg,1864,1920,56
17505.jpg,1864,1910,46
17510.jpg,1864,1885,21
17515.jpg,1864,1848,-16
17520.jpg,1864,1915,51
17525.jpg,1864,1485,-379
17530.jpg,1864,1858,-6
17535.jpg,1864,2005,141
17540.jpg,1864,1930,66
17545.jpg,1864,1885,21
17550.jpg,1864,1860,-4
17555.jpg,1864,1890,26
17560.jpg,1864,1880,16
17565.jpg,1864,1840,-24
17575.jpg,1864,1910,46
17580.jpg,1864,1880,16
17585.jpg,1864,1890,26
17590.jpg,1864,1960,96
17595.jpg,1864,1870,6
17600.jpg,1864,1880,16
17605.jpg,1864,1840,-24
17610.jpg,1864,1880,16
17615.jpg,1864,1900,36
17620.jpg,1864,1850,-14
17625.jpg,1864,1913,49
17630.jpg,1864,1905,41
17635.jpg,1864,1905,41
17640.jpg,1864,1930,66
17645.jpg,1864,1880,16
17650.jpg,1864,1860,-4
17655.jpg,1864,1910,46
17660.jpg,1865,1879,14
17665.jpg,1865,1879,14
17670.jpg,1865,1910,45
17675.jpg,1865,1855,-10
17680.jpg,1865,1910,45
17690.jpg,1865,1910,45
17695.jpg,1865,1825,-40
17700.jpg,1865,1898,33
17705.jpg,1865,2008,143
17710.jpg,1865,1880,15
17715.jpg,1865,1898,33
17720.jpg,1865,1920,55
17725.jpg,1865,1860,-5
17730.jpg,1865,1880,15
17735.jpg,1865,1920,55
17745.jpg,1865,1886,21
17750.jpg,1865,1860,-5
17755.jpg,1865,1855,-10
17760.jpg,1865,1860,-5
17765.jpg,1865,1898,33
17770.jpg,1865,1890,25
17775.jpg,1865,1885,20
17780.jpg,1865,1890,25
17785.jpg,1865,1850,-15
17790.jpg,1865,1910,45
17795.jpg,1865,1905,40
17800.jpg,1865,1910,45
17805.jpg,1865,1890,25
17810.jpg,1865,1880,15
17815.jpg,1865,1885,20
17820.jpg,1865,1880,15
17825.jpg,1865,1870,5
17830.jpg,1865,1850,-15
17835.jpg,1865,1825,-40
17840.jpg,1865,1910,45
17845.jpg,1865,1870,5
17850.jpg,1865,1890,25
17855.jpg,1865,1905,40
17860.jpg,1865,1885,20
17865.jpg,1865,1830,-35
17870.jpg,1865,1885,20
17875.jpg,1865,1880,15
17880.jpg,1865,1850,-15
17885.jpg,1865,1920,55
17890.jpg,1865,1880,15
17895.jpg,1865,1910,45
17900.jpg,1865,1880,15
17905.jpg,1865,1880,15
17910.jpg,1865,1780,-85
17915.jpg,1865,1880,15
17920.jpg,1865,1880,15
17930.jpg,1865,1880,15
17935.jpg,1866,1888,22
17940.jpg,1866,1875,9
17945.jpg,1866,1910,44
17950.jpg,1866,1890,24
17955.jpg,1866,1969,103
17960.jpg,1866,1760,-106
17965.jpg,1866,1910,44
17970.jpg,1866,1840,-26
17975.jpg,1866,1870,4
17980.jpg,1866,1860,-6
17985.jpg,1866,1893,27
17990.jpg,1866,1870,4
17995.jpg,1866,1932,66
18000.jpg,1866,1883,17
18005.jpg,1866,1840,-26
18010.jpg,1866,1870,4
18015.jpg,1866,1960,94
18020.jpg,1866,1880,14
18025.jpg,1866,1870,4
18030.jpg,1866,1850,-16
18035.jpg,1866,1880,14
18040.jpg,1866,1910,44
18045.jpg,1866,1880,14
18050.jpg,1866,1760,-106
18055.jpg,1866,1910,44
18060.jpg,1866,1920,54
18065.jpg,1866,1898,32
18070.jpg,1866,1880,14
18075.jpg,1866,1795,-71
18080.jpg,1866,1845,-21
18085.jpg,1866,1910,44
18090.jpg,1866,1920,54
18095.jpg,1866,1855,-11
18100.jpg,1866,1930,64
18105.jpg,1866,1910,44
18110.jpg,1866,1905,39
18115.jpg,1866,1880,14
18120.jpg,1866,1870,4
18125.jpg,1866,1887,21
18130.jpg,1866,1910,44
18135.jpg,1867,1880,13
18140.jpg,1867,1890,23
18145.jpg,1867,1910,43
18160.jpg,1867,1880,13
18165.jpg,1867,1888,21
18170.jpg,1867,1860,-7
18175.jpg,1867,1910,43
18180.jpg,1867,1930,63
18185.jpg,1867,1850,-17
18190.jpg,1867,1880,13
18195.jpg,1867,1856,-11
18200.jpg,1867,1905,38
18205.jpg,1867,1886,19
18210.jpg,1867,1920,53
18215.jpg,1867,1930,63
18220.jpg,1867,1880,13
18225.jpg,1867,1905,38
18230.jpg,1867,1920,53
18235.jpg,1867,1910,43
18240.jpg,1867,1850,-17
18245.jpg,1867,1885,18
18250.jpg,1867,1888,21
18255.jpg,1867,1930,63
18260.jpg,1867,1848,-19
18265.jpg,1867,1888,21
18270.jpg,1867,1890,23
18275.jpg,1867,1880,13
18280.jpg,1867,1910,43
18285.jpg,1867,1860,-7
18290.jpg,1867,1890,23
18295.jpg,1867,1880,13
18300.jpg,1867,1916,49
18305.jpg,1867,1860,-7
18310.jpg,1867,1936,69
18315.jpg,1867,1890,23
18320.jpg,1867,1850,-17
18325.jpg,1867,1860,-7
18330.jpg,1867,1885,18
18335.jpg,1867,1910,43
18340.jpg,1867,1880,13
18345.jpg,1867,1905,38
18350.jpg,1867,1415,-452
18355.jpg,1867,1880,13
18360.jpg,1867,1910,43
18365.jpg,1868,1870,2
18370.jpg,1868,1830,-38
18380.jpg,1868,1886,18
18385.jpg,1868,1888,20
18390.jpg,1868,1910,42
18395.jpg,1868,1935,67
18400.jpg,1868,1818,-50
18405.jpg,1868,1890,22
18410.jpg,1868,1895,27
18415.jpg,1868,1880,12
18420.jpg,1868,1870,2
18425.jpg,1868,1857,-11
18430.jpg,1868,1930,62
18450.jpg,1868,1895,27
18455.jpg,1868,1815,-53
18460.jpg,1868,1870,2
18465.jpg,1868,1885,17
18470.jpg,1868,1895,27
18475.jpg,1868,1910,42
18480.jpg,1868,1875,7
18485.jpg,1868,1870,2
18490.jpg,1868,1850,-18
18495.jpg,1868,1910,42
18500.jpg,1868,1870,2
18505.jpg,1868,1870,2
18510.jpg,1868,1880,12
18515.jpg,1868,1830,-38
18520.jpg,1868,1840,-28
18525.jpg,1868,1890,22
18530.jpg,1868,1835,-33
18535.jpg,1868,1885,17
18540.jpg,1868,1890,22
18545.jpg,1868,1885,17
18550.jpg,1868,1890,22
18555.jpg,1868,1870,2
18560.jpg,1868,1880,12
18565.jpg,1868,1885,17
18570.jpg,1868,1885,17
18575.jpg,1868,1870,2
18580.jpg,1868,1938,70
18585.jpg,1868,1968,100
18590.jpg,1868,1905,37
18595.jpg,1868,1880,12
18600.jpg,1868,1890,22
18605.jpg,1868,1920,52
18610.jpg,1868,1910,42
18615.jpg,1868,1894,26
18620.jpg,1869,1840,-29
18625.jpg,1869,1868,-1
18630.jpg,1869,1885,16
18635.jpg,1869,1898,29
18640.jpg,1869,1885,16
18645.jpg,1869,1905,36
18650.jpg,1869,1830,-39
18655.jpg,1869,1840,-29
18660.jpg,1869,1860,-9
18665.jpg,1869,1870,1
18670.jpg,1869,1930,61
18675.jpg,1869,1930,61
18680.jpg,1869,1897,28
18685.jpg,1869,1885,16
18690.jpg,1869,1865,-4
18695.jpg,1869,1885,16
18700.jpg,1869,1885,16
18710.jpg,1869,1910,41
18715.jpg,1869,1890,21
18720.jpg,1869,1885,16
18725.jpg,1869,1912,43
18730.jpg,1869,1870,1
18735.jpg,1869,1860,-9
18740.jpg,1869,1870,1
18745.jpg,1869,1905,36
18750.jpg,1869,1870,1
18755.jpg,1869,1855,-14
18760.jpg,1869,1885,16
18765.jpg,1869,1830,-39
18770.jpg,1869,1840,-29
18775.jpg,1869,1885,16
18780.jpg,1869,1910,41
18785.jpg,1869,1910,41
18790.jpg,1869,1905,36
18795.jpg,1869,1830,-39
18800.jpg,1869,1880,11
18805.jpg,1869,1888,19
18810.jpg,1869,1880,11
18815.jpg,1869,1888,19
18820.jpg,1869,1936,67
18825.jpg,1869,1890,21
18830.jpg,1869,1910,41
18835.jpg,1869,1920,51
18840.jpg,1870,17,-1853
18845.jpg,1870,1893,23
18850.jpg,1870,1888,18
18855.jpg,1870,1920,50
18860.jpg,1870,1890,20
18865.jpg,1870,1910,40
18870.jpg,1870,1910,40
18875.jpg,1870,1958,88
18880.jpg,1870,1910,40
18885.jpg,1870,1795,-75
18895.jpg,1870,1880,10
18900.jpg,1870,1856,-14
18905.jpg,1870,1860,-10
18910.jpg,1870,1890,20
18915.jpg,1870,1908,38
18920.jpg,1870,1960,90
18925.jpg,1870,1877,7
18930.jpg,1870,1910,40
18935.jpg,1870,1780,-90
18940.jpg,1870,1880,10
18945.jpg,1870,1930,60
18950.jpg,1870,1910,40
18955.jpg,1870,1910,40
18960.jpg,1870,1880,10
18965.jpg,1870,1910,40
18970.jpg,1870,1860,-10
18980.jpg,1870,1910,40
18985.jpg,1870,1880,10
18990.jpg,1870,1860,-10
18995.jpg,1870,1905,35
19000.jpg,1870,1880,10
19005.jpg,1870,1860,-10
19010.jpg,1870,1860,-10
19015.jpg,1870,1910,40
19020.jpg,1870,1880,10
19025.jpg,1870,1860,-10
19030.jpg,1870,1910,40
19035.jpg,1870,1880,10
19040.jpg,1870,1810,-60
19045.jpg,1870,1880,10
19050.jpg,1870,1880,10
19055.jpg,1870,1905,35
19060.jpg,1870,1885,15
19065.jpg,1870,1910,40
19070.jpg,1870,1890,20
19075.jpg,1870,1880,10
19080.jpg,1870,1880,10
19085.jpg,1870,1870,0
19090.jpg,1870,2005,135
19100.jpg,1870,1930,60
19105.jpg,1870,1910,40
19110.jpg,1870,1930,60
19115.jpg,1870,1885,15
19120.jpg,1870,1910,40
19125.jpg,1870,1920,50
19130.jpg,1870,1880,10
19135.jpg,1870,1880,10
19140.jpg,1870,1880,10
19145.jpg,1871,1850,-21
19150.jpg,1871,1880,9
19155.jpg,1871,1885,14
19160.jpg,1871,1870,-1
19165.jpg,1871,1885,14
19170.jpg,1871,1871,0
19175.jpg,1871,1910,39
19180.jpg,1871,1890,19
19185.jpg,1871,1898,27
19190.jpg,1871,1890,19
19195.jpg,1871,1860,-11
19200.jpg,1871,1885,14
19205.jpg,1871,1968,97
19210.jpg,1871,1920,49
19215.jpg,1871,1930,59
19220.jpg,1871,1938,67
19225.jpg,1871,1930,59
19230.jpg,1871,1936,65
19235.jpg,1871,1908,37
19240.jpg,1871,1932,61
19245.jpg,1871,1870,-1
19250.jpg,1871,1885,14
19255.jpg,1871,1865,-6
19260.jpg,1871,1910,39
19265.jpg,1871,1840,-31
19270.jpg,1871,1880,9
19275.jpg,1871,1890,19
19280.jpg,1871,1910,39
19285.jpg,1871,1880,9
19290.jpg,1871,1880,9
19295.jpg,1871,1880,9
19300.jpg,1871,1880,9
19305.jpg,1871,1920,49
19310.jpg,1871,1910,39
19315.jpg,1871,1890,19
19320.jpg,1871,1885,14
19325.jpg,1871,1905,34
19330.jpg,1871,1885,14
19335.jpg,1871,1885,14
19340.jpg,1871,1885,14
19345.jpg,1871,1885,14
19350.jpg,1871,1880,9
19355.jpg,1871,1890,19
19360.jpg,1871,1885,14
19365.jpg,1871,1888,17
19370.jpg,1871,1896,25
19375.jpg,1871,1860,-11
19380.jpg,1871,1890,19
19385.jpg,1871,1880,9
19390.jpg,1871,1888,17
19395.jpg,1872,1844,-28
19400.jpg,1872,1880,8
19405.jpg,1872,1893,21
19410.jpg,1872,1880,8
19415.jpg,1872,1870,-2
19420.jpg,1872,1890,18
19425.jpg,1872,1970,98
19430.jpg,1872,1910,38
19435.jpg,1872,1905,33
19440.jpg,1872,1885,13
19445.jpg,1872,1910,38
19450.jpg,1872,1840,-32
19455.jpg,1872,1890,18
19460.jpg,1872,1910,38
19465.jpg,1872,1905,33
19470.jpg,1872,1883,11
19475.jpg,1872,1888,16
19480.jpg,1872,1860,-12
19485.jpg,1872,1920,48
19490.jpg,1872,1869,-3
19495.jpg,1872,1856,-16
19500.jpg,1872,1880,8
19505.jpg,1872,1880,8
19510.jpg,1872,1910,38
19515.jpg,1872,1886,14
19520.jpg,1872,1830,-42
19525.jpg,1872,1885,13
19530.jpg,1872,1888,16
19535.jpg,1872,1870,-2
19540.jpg,1872,1920,48
19545.jpg,1872,1885,13
19550.jpg,1872,1885,13
19555.jpg,1872,1880,8
19560.jpg,1872,1885,13
19565.jpg,1872,1820,-52
19570.jpg,1872,1890,18
19575.jpg,1872,1880,8
19580.jpg,1872,1885,13
19585.jpg,1872,1830,-42
19590.jpg,1872,1820,-52
19595.jpg,1872,1920,48
19600.jpg,1872,1855,-17
19605.jpg,1872,1860,-12
19610.jpg,1872,1910,38
19615.jpg,1872,1885,13
19620.jpg,1872,1890,18
19625.jpg,1872,1880,8
19630.jpg,1872,1850,-22
19635.jpg,1872,1867,-5
19640.jpg,1872,1880,8
19645.jpg,1872,1890,18
19655.jpg,1873,1860,-13
19660.jpg,1873,1878,5
19665.jpg,1873,1960,87
19670.jpg,1873,1910,37
19675.jpg,1873,1886,13
19680.jpg,1873,1860,-13
19685.jpg,1873,1910,37
19690.jpg,1873,1960,87
19695.jpg,1873,1908,35
19700.jpg,1873,1880,7
19705.jpg,1873,1903,30
19710.jpg,1873,1910,37
19715.jpg,1873,1905,32
19720.jpg,1873,1890,17
19725.jpg,1873,1880,7
19730.jpg,1873,1885,12
19735.jpg,1873,1930,57
19740.jpg,1873,1980,107
19745.jpg,1873,1910,37
19750.jpg,1873,1886,13
19755.jpg,1873,1930,57
19760.jpg,1873,1880,7
19765.jpg,1873,1880,7
19775.jpg,1873,1760,-113
19780.jpg,1873,1860,-13
19785.jpg,1873,1850,-23
19790.jpg,1873,1920,47
19795.jpg,1873,1885,12
19800.jpg,1873,1840,-33
19805.jpg,1873,1840,-33
19810.jpg,1873,1905,32
19815.jpg,1873,1885,12
19820.jpg,1873,1885,12
19825.jpg,1873,1885,12
19830.jpg,1873,1885,12
19835.jpg,1873,1910,37
19840.jpg,1873,1910,37
19845.jpg,1873,1930,57
19850.jpg,1873,1885,12
19855.jpg,1873,1885,12
19860.jpg,1873,1880,7
19865.jpg,1873,1885,12
19870.jpg,1873,1890,17
19875.jpg,1873,1930,57
19880.jpg,1873,1890,17
19885.jpg,1873,1890,17
19890.jpg,1873,1856,-17
19895.jpg,1873,1958,85
19900.jpg,1873,1885,12
19905.jpg,1873,1878,5
19910.jpg,1873,1938,65
19915.jpg,1874,1888,14
19920.jpg,1874,1880,6
19925.jpg,1874,1880,6
19930.jpg,1874,1910,36
19935.jpg,1874,1880,6
19945.jpg,1874,1880,6
19950.jpg,1874,1905,31
19955.jpg,1874,1910,36
19965.jpg,1874,1910,36
19970.jpg,1874,1922,48
19975.jpg,1874,1875,1
19980.jpg,1874,1889,15
19985.jpg,1874,1888,14
19990.jpg,1874,1933,59
19995.jpg,1874,1870,-4
20000.jpg,1874,1938,64
20005.jpg,1874,1940,66
20010.jpg,1874,1920,46
20015.jpg,1874,1886,12
20020.jpg,1874,1880,6
20025.jpg,1874,1886,12
20030.jpg,1874,1886,12
20035.jpg,1874,1930,56
20040.jpg,1874,1904,30
20045.jpg,1874,1910,36
20050.jpg,1874,1880,6
20055.jpg,1874,1885,11
20060.jpg,1874,1885,11
20065.jpg,1874,1885,11
20070.jpg,1874,1905,31
20075.jpg,1874,1885,11
20080.jpg,1874,1817,-57
20085.jpg,1874,1885,11
20090.jpg,1874,1835,-39
20095.jpg,1874,1840,-34
20100.jpg,1874,1890,16
20110.jpg,1874,1880,6
20115.jpg,1874,1885,11
20120.jpg,1874,1885,11
20125.jpg,1874,1900,26
20130.jpg,1874,1786,-88
20135.jpg,1874,1905,31
20145.jpg,1874,1860,-14
20150.jpg,1874,1910,36
20155.jpg,1874,1910,36
20160.jpg,1874,1920,46
20165.jpg,1874,1885,11
20170.jpg,1874,1885,11
20175.jpg,1874,1899,25
20180.jpg,1874,1800,-74
20185.jpg,1874,1880,6
20190.jpg,1874,1780,-94
20195.jpg,1874,1898,24
20205.jpg,1874,1860,-14
20210.jpg,1875,1908,33
20215.jpg,1875,1905,30
20220.jpg,1875,1840,-35
20230.jpg,1875,1880,5
20235.jpg,1875,1860,-15
20240.jpg,1875,1880,5
20245.jpg,1875,1910,35
20250.jpg,1875,1900,25
20255.jpg,1875,1886,11
20260.jpg,1875,1903,28
20265.jpg,1875,1870,-5
20270.jpg,1875,1928,53
20275.jpg,1875,1856,-19
20280.jpg,1875,1910,35
20285.jpg,1875,1936,61
20295.jpg,1875,1905,30
20300.jpg,1875,1880,5
20305.jpg,1875,1893,18
20310.jpg,1875,1885,10
20315.jpg,1875,1910,35
20320.jpg,1875,1880,5
20325.jpg,1875,1880,5
20330.jpg,1875,1890,15
20335.jpg,1875,1885,10
20340.jpg,1875,1880,5
20345.jpg,1875,1880,5
20350.jpg,1875,1910,35
20355.jpg,1875,1910,35
20360.jpg,1875,1885,10
20365.jpg,1875,1888,13
20370.jpg,1875,1870,-5
20375.jpg,1875,1880,5
20380.jpg,1875,1870,-5
20385.jpg,1875,1835,-40
20390.jpg,1875,1875,0
20395.jpg,1875,1870,-5
20400.jpg,1875,1890,15
20405.jpg,1875,1870,-5
20410.jpg,1875,1930,55
20415.jpg,1875,1880,5
20420.jpg,1875,1885,10
20425.jpg,1875,1870,-5
20430.jpg,1875,1880,5
20435.jpg,1875,1486,-389
20440.jpg,1875,1890,15
20445.jpg,1875,1850,-25
20450.jpg,1875,1880,5
20455.jpg,1875,1840,-35
20460.jpg,1875,1910,35
20465.jpg,1875,1880,5
20470.jpg,1875,1840,-35
20480.jpg,1875,1910,35
20485.jpg,1875,1905,30
20490.jpg,1875,1830,-45
20495.jpg,1875,1890,15
20500.jpg,1876,17,-1859
20505.jpg,1876,1910,34
20510.jpg,1876,1910,34
20515.jpg,1876,1870,-6
20520.jpg,1876,1910,34
20525.jpg,1876,1630,-246
20530.jpg,1876,1880,4
20540.jpg,1876,2018,142
20545.jpg,1876,1888,12
20550.jpg,1876,1855,-21
20555.jpg,1876,1885,9
20560.jpg,1876,1720,-156
20565.jpg,1876,1885,9
20570.jpg,1876,1898,22
20575.jpg,1876,1908,32
20580.jpg,1876,1930,54
20585.jpg,1876,1870,-6
20590.jpg,1876,1910,34
20595.jpg,1876,1890,14
20600.jpg,1876,1890,14
20605.jpg,1876,1885,9
20610.jpg,1876,1890,14
20615.jpg,1876,1890,14
20620.jpg,1876,1910,34
20625.jpg,1876,1890,14
20630.jpg,1876,1850,-26
20635.jpg,1876,1885,9
20640.jpg,1876,1950,74
20645.jpg,1876,1885,9
20650.jpg,1876,1892,16
20655.jpg,1876,1885,9
20660.jpg,1876,1885,9
20665.jpg,1876,1885,9
20670.jpg,1876,1890,14
20675.jpg,1876,1880,4
20680.jpg,1876,1890,14
20685.jpg,1876,1888,12
20690.jpg,1876,1880,4
20695.jpg,1876,1885,9
20700.jpg,1876,1893,17
20705.jpg,1876,1888,12
20715.jpg,1876,1910,34
20720.jpg,1876,1870,-6
20725.jpg,1876,1890,14
20730.jpg,1877,1888,11
20735.jpg,1877,1888,11
20740.jpg,1877,1908,31
20745.jpg,1877,1880,3
20750.jpg,1877,1930,53
20755.jpg,1877,1912,35
20760.jpg,1877,1935,58
20765.jpg,1877,1670,-207
20770.jpg,1877,1910,33
20775.jpg,1877,1880,3
20780.jpg,1877,1836,-41
20785.jpg,1877,1910,33
20790.jpg,1877,1910,33
20795.jpg,1877,1886,9
20800.jpg,1877,1905,28
20805.jpg,1877,1880,3
20810.jpg,1877,1910,33
20815.jpg,1877,1910,33
20820.jpg,1877,1905,28
20830.jpg,1877,1860,-17
20835.jpg,1877,1890,13
20840.jpg,1877,1888,11
20845.jpg,1877,1860,-17
20850.jpg,1877,1885,8
20855.jpg,1877,1910,33
20860.jpg,1877,1910,33
20865.jpg,1877,1860,-17
20870.jpg,1877,1910,33
20875.jpg,1877,1890,13
20880.jpg,1877,1910,33
20885.jpg,1877,1885,8
20890.jpg,1877,1868,-9
20895.jpg,1877,1780,-97
20900.jpg,1877,1888,11
20905.jpg,1877,1885,8
20910.jpg,1877,1888,11
20915.jpg,1877,1882,5
20925.jpg,1878,1905,27
20930.jpg,1878,1920,42
20935.jpg,1878,1890,12
20940.jpg,1878,1910,32
20945.jpg,1878,1905,27
20950.jpg,1878,1905,27
20955.jpg,1878,1910,32
20960.jpg,1878,1880,2
20965.jpg,1878,1968,90
20970.jpg,1878,1910,32
20975.jpg,1878,1930,52
20980.jpg,1878,1910,32
20985.jpg,1878,1900,22
20990.jpg,1878,1886,8
20995.jpg,1878,1897,19
21000.jpg,1878,1890,12
21005.jpg,1878,1885,7
21010.jpg,1878,1885,7
21015.jpg,1878,1910,32
21020.jpg,1878,1840,-38
21025.jpg,1878,1885,7
21030.jpg,1878,1890,12
21035.jpg,1878,1835,-43
21040.jpg,1878,1880,2
21045.jpg,1878,1880,2
21050.jpg,1878,1885,7
21055.jpg,1878,1880,2
21060.jpg,1878,1860,-18
21065.jpg,1878,1910,32
21070.jpg,1878,1910,32
21075.jpg,1878,1885,7
21080.jpg,1878,1885,7
21085.jpg,1878,1905,27
21090.jpg,1878,1910,32
21095.jpg,1878,1890,12
21100.jpg,1878,1890,12
21105.jpg,1878,1885,7
21110.jpg,1878,1890,12
21115.jpg,1878,1898,20
21120.jpg,1878,1918,40
21125.jpg,1878,2018,140
21130.jpg,1878,1888,10
21135.jpg,1878,1880,2
21140.jpg,1878,1893,15
21145.jpg,1878,1905,27
21150.jpg,1878,1765,-113
21155.jpg,1878,1920,42
21160.jpg,1879,1965,86
21165.jpg,1879,1895,16
21170.jpg,1879,1875,-4
21175.jpg,1879,1910,31
21180.jpg,1879,1910,31
21185.jpg,1879,1900,21
21190.jpg,1879,1889,10
21195.jpg,1879,1896,17
21200.jpg,1879,1893,14
21205.jpg,1879,1938,59
21210.jpg,1879,1910,31
21215.jpg,1879,1880,1
21220.jpg,1879,1857,-22
21225.jpg,1879,1930,51
21230.jpg,1879,1896,17
21235.jpg,1879,1891,12
21240.jpg,1879,1890,11
21245.jpg,1879,1860,-19
21250.jpg,1879,1885,6
21255.jpg,1879,1885,6
21260.jpg,1879,1870,-9
21265.jpg,1879,1890,11
21270.jpg,1879,1910,31
21275.jpg,1879,1870,-9
21280.jpg,1879,1885,6
21285.jpg,1879,1880,1
21290.jpg,1879,1885,6
21295.jpg,1879,1860,-19
21300.jpg,1879,1890,11
21305.jpg,1879,1880,1
21310.jpg,1879,1880,1
21315.jpg,1879,1875,-4
21320.jpg,1879,1860,-19
21325.jpg,1879,1890,11
21330.jpg,1879,1880,1
21335.jpg,1879,1898,19
21340.jpg,1879,1910,31
21350.jpg,1879,1890,11
21355.jpg,1879,1905,26
21360.jpg,1879,1910,31
21365.jpg,1879,1920,41
21370.jpg,1879,1905,26
21375.jpg,1880,1780,-100
21380.jpg,1880,1910,30
21385.jpg,1880,1910,30
21390.jpg,1880,1833,-47
21395.jpg,1880,1885,5
21400.jpg,1880,1890,10
21405.jpg,1880,1880,0
21410.jpg,1880,1880,0
21415.jpg,1880,1910,30
21420.jpg,1880,1880,0
21425.jpg,1880,1890,10
21430.jpg,1880,1850,-30
21435.jpg,1880,1888,8
21440.jpg,1880,1887,7
21445.jpg,1880,1888,8
21450.jpg,1880,1885,5
21455.jpg,1880,1887,7
21460.jpg,1880,1896,16
21465.jpg,1880,1860,-20
21470.jpg,1880,1885,5
21475.jpg,1880,1885,5
21480.jpg,1880,1930,50
21485.jpg,1880,1912,32
21490.jpg,1880,1920,40
21495.jpg,1880,1899,19
21500.jpg,1880,1840,-40
21505.jpg,1880,1910,30
21510.jpg,1880,1930,50
21515.jpg,1880,1870,-10
21520.jpg,1880,1860,-20
21530.jpg,1880,1910,30
21535.jpg,1880,1880,0
21540.jpg,1880,1880,0
21545.jpg,1880,1885,5
21550.jpg,1880,1880,0
21555.jpg,1880,1870,-10
21560.jpg,1880,1910,30
21565.jpg,1880,1890,10
21570.jpg,1880,1880,0
21575.jpg,1880,1910,30
21580.jpg,1880,1880,0
21585.jpg,1880,1880,0
21590.jpg,1880,1880,0
21595.jpg,1880,1885,5
21600.jpg,1880,1910,30
21605.jpg,1880,1910,30
21610.jpg,1880,1885,5
21615.jpg,1880,1890,10
21620.jpg,1880,1905,25
21625.jpg,1880,1890,10
21630.jpg,1880,1885,5
21635.jpg,1880,1880,0
21640.jpg,1880,1885,5
21645.jpg,1880,1910,30
21650.jpg,1880,1910,30
21655.jpg,1880,1880,0
21660.jpg,1880,1880,0
21665.jpg,1880,1923,43
21670.jpg,1880,1898,18
21675.jpg,1880,1910,30
21680.jpg,1880,1905,25
21685.jpg,1880,1760,-120
21690.jpg,1880,1910,30
21695.jpg,1880,1910,30
21700.jpg,1880,1910,30
21705.jpg,1880,1845,-35
21710.jpg,1881,1830,-51
21715.jpg,1881,1888,7
21720.jpg,1881,1950,69
21725.jpg,1881,1885,4
21730.jpg,1881,1905,24
21735.jpg,1881,1905,24
21740.jpg,1881,1880,-1
21745.jpg,1881,1880,-1
21750.jpg,1881,1880,-1
21755.jpg,1881,1930,49
21760.jpg,1881,1861,-20
21770.jpg,1881,1870,-11
21775.jpg,1881,1890,9
21780.jpg,1881,1890,9
21785.jpg,1881,1880,-1
21790.jpg,1881,1870,-11
21795.jpg,1881,1892,11
21800.jpg,1881,1890,9
21805.jpg,1881,1885,4
21810.jpg,1881,1910,29
21815.jpg,1881,1885,4
21820.jpg,1881,1890,9
21825.jpg,1881,1885,4
21830.jpg,1881,1870,-11
21835.jpg,1881,1890,9
21840.jpg,1881,1870,-11
21845.jpg,1881,1920,39
21850.jpg,1881,1720,-161
21855.jpg,1881,1885,4
21860.jpg,1881,1840,-41
21865.jpg,1881,1905,24
21870.jpg,1881,1880,-1
21875.jpg,1881,1888,7
21880.jpg,1881,1870,-11
21885.jpg,1881,1892,11
21890.jpg,1881,1910,29
21895.jpg,1881,1888,7
21900.jpg,1881,1889,8
21905.jpg,1881,1910,29
21910.jpg,1881,1896,15
21915.jpg,1881,1890,9
21920.jpg,1881,1903,22
21925.jpg,1881,1910,29
21930.jpg,1881,1815,-66
21940.jpg,1881,1850,-31
21945.jpg,1882,1860,-22
21950.jpg,1882,1910,28
21955.jpg,1882,1910,28
21960.jpg,1882,1895,13
21965.jpg,1882,1910,28
21970.jpg,1882,1910,28
21975.jpg,1882,1885,3
21980.jpg,1882,1910,28
21985.jpg,1882,1920,38
21990.jpg,1882,1888,6
21995.jpg,1882,1905,23
22000.jpg,1882,1905,23
22005.jpg,1882,1860,-22
22010.jpg,1882,1880,-2
22015.jpg,1882,1936,54
22020.jpg,1882,1880,-2
22025.jpg,1882,1890,8
22030.jpg,1882,1905,23
22035.jpg,1882,1890,8
22040.jpg,1882,1892,10
22045.jpg,1882,1910,28
22050.jpg,1882,1920,38
22055.jpg,1882,1885,3
22060.jpg,1882,1880,-2
22065.jpg,1882,1840,-42
22070.jpg,1882,1910,28
22075.jpg,1882,1905,23
22080.jpg,1882,1890,8
22085.jpg,1882,1910,28
22090.jpg,1882,1885,3
22095.jpg,1882,1880,-2
22100.jpg,1882,1920,38
22105.jpg,1882,1885,3
22110.jpg,1882,1880,-2
22115.jpg,1882,1885,3
22120.jpg,1882,1890,8
22125.jpg,1882,1880,-2
22130.jpg,1882,1890,8
22135.jpg,1882,1870,-12
22140.jpg,1882,1930,48
22145.jpg,1882,1960,78
22150.jpg,1882,1880,-2
22155.jpg,1882,2001,119
22160.jpg,1882,1910,28
22165.jpg,1882,1936,54
22170.jpg,1882,1880,-2
22175.jpg,1882,1869,-13
22180.jpg,1882,2005,123
22185.jpg,1882,1850,-32
22190.jpg,1882,1930,48
22195.jpg,1882,1907,25
22200.jpg,1882,1892,10
22205.jpg,1882,1880,-2
22210.jpg,1882,1885,3
22215.jpg,1883,1840,-43
22220.jpg,1883,1885,2
22225.jpg,1883,1905,22
22230.jpg,1883,1888,5
22235.jpg,1883,1886,3
22240.jpg,1883,1880,-3
22245.jpg,1883,1885,2
22250.jpg,1883,1888,5
22255.jpg,1883,1870,-13
22260.jpg,1883,1893,10
22265.jpg,1883,1888,5
22270.jpg,1883,1910,27
22275.jpg,1883,1905,22
22280.jpg,1883,1668,-215
22285.jpg,1883,1981,98
22290.jpg,1883,1840,-43
22295.jpg,1883,1870,-13
22300.jpg,1883,1905,22
22305.jpg,1883,1933,50
22310.jpg,1883,1886,3
22315.jpg,1883,1910,27
22320.jpg,1883,1910,27
22325.jpg,1883,1905,22
22330.jpg,1883,1885,2
22335.jpg,1883,1905,22
22340.jpg,1883,1885,2
22345.jpg,1883,1890,7
22350.jpg,1883,1880,-3
22355.jpg,1883,1910,27
22360.jpg,1883,1890,7
22365.jpg,1883,1910,27
22370.jpg,1883,1890,7
22375.jpg,1883,1880,-3
22380.jpg,1883,1905,22
22385.jpg,1883,1910,27
22390.jpg,1883,1910,27
22395.jpg,1883,1910,27
22400.jpg,1883,1885,2
22405.jpg,1883,1888,5
22410.jpg,1883,1890,7
22415.jpg,1883,1885,2
22420.jpg,1883,1860,-23
22425.jpg,1883,1885,2
22430.jpg,1883,1880,-3
22435.jpg,1883,1885,2
22440.jpg,1883,1880,-3
22445.jpg,1883,1890,7
22450.jpg,1883,1885,2
22455.jpg,1883,1900,17
22460.jpg,1883,1929,46
22465.jpg,1883,1892,9
22470.jpg,1883,1910,27
22475.jpg,1883,1910,27
22485.jpg,1883,1890,7
22490.jpg,1883,1910,27
22495.jpg,1883,1888,5
22500.jpg,1883,1930,47
22505.jpg,1883,1880,-3
22510.jpg,1884,1886,2
22515.jpg,1884,1896,12
22520.jpg,1884,1910,26
22525.jpg,1884,1910,26
22530.jpg,1884,1880,-4
22535.jpg,1884,1910,26
22540.jpg,1884,1905,21
22545.jpg,1884,1892,8
22550.jpg,1884,1888,4
22555.jpg,1884,1930,46
22560.jpg,1884,1883,-1
22565.jpg,1884,1900,16
22570.jpg,1884,1930,46
22575.jpg,1884,1890,6
22580.jpg,1884,1870,-14
22585.jpg,1884,1885,1
22590.jpg,1884,1905,21
22595.jpg,1884,1880,-4
22600.jpg,1884,1880,-4
22605.jpg,1884,1888,4
22610.jpg,1884,1888,4
22615.jpg,1884,1890,6
22620.jpg,1884,1890,6
22625.jpg,1884,1875,-9
22630.jpg,1884,1885,1
22635.jpg,1884,1895,11
22640.jpg,1884,1880,-4
22645.jpg,1884,1887,3
22650.jpg,1884,1880,-4
22655.jpg,1884,1910,26
22665.jpg,1884,1930,46
22670.jpg,1884,1835,-49
22675.jpg,1884,1890,6
22680.jpg,1884,1985,101
22685.jpg,1884,1870,-14
22690.jpg,1884,1890,6
22695.jpg,1884,1903,19
22700.jpg,1884,1910,26
22705.jpg,1884,1890,6
22710.jpg,1884,1985,101
22715.jpg,1884,1890,6
22720.jpg,1884,1898,14
22730.jpg,1884,1910,26
22735.jpg,1884,1880,-4
22740.jpg,1884,2010,126
22745.jpg,1884,1888,4
22750.jpg,1884,1888,4
22755.jpg,1884,1879,-5
22760.jpg,1884,1880,-4
22765.jpg,1884,1910,26
22770.jpg,1884,1898,14
22775.jpg,1884,1888,4
22780.jpg,1885,1892,7
22785.jpg,1885,1938,53
22790.jpg,1885,1905,20
22795.jpg,1885,1880,-5
22800.jpg,1885,1838,-47
22805.jpg,1885,1908,23
22810.jpg,1885,1888,3
22815.jpg,1885,1910,25
22820.jpg,1885,1890,5
22825.jpg,1885,1930,45
22830.jpg,1885,1820,-65
22835.jpg,1885,1932,47
22840.jpg,1885,1857,-28
22850.jpg,1885,1930,45
22855.jpg,1885,1910,25
22860.jpg,1885,1885,0
22865.jpg,1885,1905,20
22870.jpg,1885,1910,25
22875.jpg,1885,1885,0
22880.jpg,1885,1905,20
22885.jpg,1885,1890,5
22890.jpg,1885,1930,45
22895.jpg,1885,1905,20
22900.jpg,1885,1910,25
22905.jpg,1885,1910,25
22910.jpg,1885,1889,4
22915.jpg,1885,1910,25
22920.jpg,1885,1900,15
22925.jpg,1885,1885,0
22930.jpg,1885,1910,25
22935.jpg,1885,1890,5
22940.jpg,1885,1910,25
22945.jpg,1885,1888,3
22950.jpg,1885,1910,25
22955.jpg,1885,1910,25
22960.jpg,1885,1970,85
22965.jpg,1885,1905,20
22970.jpg,1885,1905,20
22975.jpg,1885,1896,11
22980.jpg,1885,1920,35
22985.jpg,1885,1835,-50
22990.jpg,1885,1910,25
22995.jpg,1885,1890,5
23000.jpg,1885,1820,-65
23005.jpg,1885,1890,5
23015.jpg,1885,1850,-35
23020.jpg,1885,1910,25
23025.jpg,1885,1880,-5
23030.jpg,1885,1938,53
23035.jpg,1885,1910,25
23040.jpg,1885,1889,4
23045.jpg,1885,1835,-50
23050.jpg,1885,1970,85
23055.jpg,1885,1910,25
23060.jpg,1885,1903,18
23065.jpg,1885,1880,-5
23070.jpg,1885,1903,18
23075.jpg,1885,1930,45
23080.jpg,1885,1910,25
23085.jpg,1886,1910,24
23090.jpg,1886,1890,4
23095.jpg,1886,1880,-6
23100.jpg,1886,1885,-1
23105.jpg,1886,1888,2
23110.jpg,1886,1860,-26
23115.jpg,1886,1860,-26
23120.jpg,1886,1835,-51
23125.jpg,1886,1930,44
23130.jpg,1886,1972,86
23135.jpg,1886,1970,84
23140.jpg,1886,1980,94
23145.jpg,1886,1900,14
23150.jpg,1886,1930,44
23155.jpg,1886,1930,44
23160.jpg,1886,1910,24
23165.jpg,1886,1880,-6
23170.jpg,1886,1890,4
23175.jpg,1886,1910,24
23180.jpg,1886,1905,19
23185.jpg,1886,1910,24
23190.jpg,1886,1890,4
23195.jpg,1886,1880,-6
23200.jpg,1886,1886,0
23205.jpg,1886,1910,24
23210.jpg,1886,1884,-2
23215.jpg,1886,1885,-1
23220.jpg,1886,1890,4
23225.jpg,1886,1890,4
23230.jpg,1886,1885,-1
23235.jpg,1886,1910,24
23240.jpg,1886,1910,24
23245.jpg,1886,1890,4
23250.jpg,1886,1935,49
23255.jpg,1886,1880,-6
23260.jpg,1886,1890,4
23265.jpg,1886,1910,24
23275.jpg,1886,1880,-6
23280.jpg,1886,1910,24
23285.jpg,1886,1905,19
23290.jpg,1886,1970,84
23295.jpg,1886,1910,24
23300.jpg,1886,1905,19
23305.jpg,1886,1880,-6
23310.jpg,1886,1910,24
23315.jpg,1886,1905,19
23320.jpg,1886,1905,19
23325.jpg,1886,1905,19
23330.jpg,1886,1908,22
23335.jpg,1886,1880,-6
23340.jpg,1886,1928,42
23345.jpg,1886,1905,19
23350.jpg,1886,1905,19
23355.jpg,1886,1905,19
23365.jpg,1886,1938,52
23370.jpg,1886,1890,4
23375.jpg,1887,1937,50
23380.jpg,1887,1930,43
23385.jpg,1887,1920,33
23390.jpg,1887,1910,23
23395.jpg,1887,1888,1
23400.jpg,1887,1910,23
23410.jpg,1887,1905,18
23415.jpg,1887,1910,23
23420.jpg,1887,1888,1
23425.jpg,1887,1905,18
23430.jpg,1887,1900,13
23440.jpg,1887,1880,-7
23445.jpg,1887,1889,2
23450.jpg,1887,1880,-7
23460.jpg,1887,1900,13
23465.jpg,1887,1880,-7
23470.jpg,1887,1930,43
23475.jpg,1887,1850,-37
23480.jpg,1887,1885,-2
23485.jpg,1887,1888,1
23490.jpg,1887,1850,-37
23495.jpg,1887,1905,18
23500.jpg,1887,1910,23
23505.jpg,1887,1880,-7
23510.jpg,1887,1885,-2
23515.jpg,1887,1910,23
23520.jpg,1887,1888,1
23525.jpg,1887,1890,3
23535.jpg,1887,1905,18
23540.jpg,1887,1890,3
23545.jpg,1887,1910,23
23550.jpg,1887,1880,-7
23555.jpg,1887,1910,23
23560.jpg,1887,1910,23
23565.jpg,1887,1885,-2
23570.jpg,1887,1910,23
23575.jpg,1887,1888,1
23580.jpg,1887,1885,-2
23585.jpg,1887,1885,-2
23590.jpg,1887,1985,98
23595.jpg,1887,1910,23
23600.jpg,1887,1910,23
23605.jpg,1887,1905,18
23610.jpg,1887,1898,11
23615.jpg,1887,1893,6
23620.jpg,1887,1905,18
23625.jpg,1887,1898,11
23630.jpg,1887,1910,23
23635.jpg,1887,1905,18
23640.jpg,1887,1935,48
23645.jpg,1887,1880,-7
23650.jpg,1887,1885,-2
23660.jpg,1887,1905,18
23665.jpg,1887,1885,-2
23670.jpg,1887,1880,-7
23675.jpg,1887,1903,16
23680.jpg,1887,1910,23
23690.jpg,1887,1888,1
23695.jpg,1887,1888,1
23700.jpg,1888,1760,-128
23705.jpg,1888,1910,22
23710.jpg,1888,1905,17
23715.jpg,1888,1910,22
23720.jpg,1888,1962,74
23725.jpg,1888,1886,-2
23730.jpg,1888,1906,18
23735.jpg,1888,1910,22
23740.jpg,1888,1885,-3
23745.jpg,1888,1903,15
23750.jpg,1888,1913,25
23755.jpg,1888,1930,42
23760.jpg,1888,1860,-28
23765.jpg,1888,1920,32
23770.jpg,1888,2005,117
23775.jpg,1888,1930,42
23790.jpg,1888,1905,17
23795.jpg,1888,1910,22
23800.jpg,1888,1890,2
23805.jpg,1888,1905,17
23810.jpg,1888,1880,-8
23815.jpg,1888,1888,0
23820.jpg,1888,1880,-8
23825.jpg,1888,1920,32
23830.jpg,1888,1880,-8
23835.jpg,1888,1880,-8
23840.jpg,1888,1890,2
23850.jpg,1888,1885,-3
23855.jpg,1888,1910,22
23860.jpg,1888,1885,-3
23865.jpg,1888,1880,-8
23870.jpg,1888,1840,-48
23875.jpg,1888,1910,22
23880.jpg,1888,1910,22
23885.jpg,1888,1910,22
23890.jpg,1888,1910,22
23895.jpg,1888,1890,2
23900.jpg,1888,1880,-8
23905.jpg,1888,1880,-8
23910.jpg,1888,1910,22
23915.jpg,1888,1930,42
23920.jpg,1888,1910,22
23925.jpg,1888,1888,0
23930.jpg,1888,1910,22
23935.jpg,1888,1880,-8
23940.jpg,1888,1904,16
23945.jpg,1888,1885,-3
23950.jpg,1888,1905,17
23955.jpg,1888,1888,0
23960.jpg,1888,1910,22
23965.jpg,1888,1905,17
23970.jpg,1888,1880,-8
23975.jpg,1888,1888,0
23980.jpg,1888,1910,22
23985.jpg,1888,1908,20
23990.jpg,1888,1888,0
23995.jpg,1888,1917,29
24000.jpg,1888,1905,17
24005.jpg,1888,1910,22
24010.jpg,1888,1879,-9
24015.jpg,1888,1930,42
24020.jpg,1888,1930,42
24025.jpg,1888,1910,22
24030.jpg,1888,1905,17
24035.jpg,1888,1912,24
24040.jpg,1888,1930,42
24050.jpg,1889,1910,21
24055.jpg,1889,1880,-9
24060.jpg,1889,1905,16
24065.jpg,1889,1900,11
24070.jpg,1889,1910,21
24075.jpg,1889,1910,21
24080.jpg,1889,1892,3
24085.jpg,1889,1905,16
24090.jpg,1889,1892,3
24095.jpg,1889,1888,-1
24105.jpg,1889,1910,21
24110.jpg,1889,1890,1
24115.jpg,1889,1910,21
24120.jpg,1889,1854,-35
24125.jpg,1889,1900,11
24130.jpg,1889,1910,21
24135.jpg,1889,1880,-9
24140.jpg,1889,1909,20
24145.jpg,1889,1930,41
24150.jpg,1889,1936,47
24155.jpg,1889,1917,28
24160.jpg,1889,1910,21
24165.jpg,1889,1905,16
24170.jpg,1889,1890,1
24175.jpg,1889,1910,21
24180.jpg,1889,1890,1
24185.jpg,1889,1890,1
24190.jpg,1889,1885,-4
24195.jpg,1889,1888,-1
24200.jpg,1889,1910,21
24205.jpg,1889,1905,16
24210.jpg,1889,1888,-1
24215.jpg,1889,1880,-9
24220.jpg,1889,1890,1
24225.jpg,1889,1880,-9
24230.jpg,1889,1890,1
24235.jpg,1889,1910,21
24240.jpg,1889,1885,-4
24245.jpg,1889,1920,31
24250.jpg,1889,1888,-1
24255.jpg,1889,1890,1
24260.jpg,1889,1905,16
24265.jpg,1889,1890,1
24270.jpg,1889,1905,16
24275.jpg,1889,1885,-4
24280.jpg,1889,1910,21
24285.jpg,1889,1885,-4
24290.jpg,1889,1888,-1
24295.jpg,1889,1910,21
24300.jpg,1889,1880,-9
24310.jpg,1889,1910,21
24315.jpg,1889,1885,-4
24320.jpg,1889,1880,-9
24330.jpg,1889,1825,-64
24335.jpg,1889,1930,41
24340.jpg,1889,1930,41
24345.jpg,1889,1890,1
24350.jpg,1889,1910,21
24355.jpg,1889,1905,16
24360.jpg,1889,1910,21
24365.jpg,1889,1912,23
24370.jpg,1889,1887,-2
24375.jpg,1889,1930,41
24380.jpg,1889,1910,21
24385.jpg,1889,1890,1
24390.jpg,1889,1885,-4
24395.jpg,1890,1820,-70
24400.jpg,1890,1885,-5
24405.jpg,1890,1910,20
24410.jpg,1890,1897,7
24415.jpg,1890,1908,18
24420.jpg,1890,1850,-40
24425.jpg,1890,1910,20
24430.jpg,1890,1880,-10
24435.jpg,1890,1892,2
24440.jpg,1890,1908,18
24445.jpg,1890,1940,50
24450.jpg,1890,1888,-2
24455.jpg,1890,1888,-2
24460.jpg,1890,1880,-10
24465.jpg,1890,1910,20
24470.jpg,1890,1910,20
24475.jpg,1890,1913,23
24480.jpg,1890,1910,20
24485.jpg,1890,1920,30
24490.jpg,1890,1900,10
24495.jpg,1890,1856,-34
24500.jpg,1890,1930,40
24505.jpg,1890,1909,19
24510.jpg,1890,1936,46
24515.jpg,1890,1907,17
24520.jpg,1890,1910,20
24525.jpg,1890,1920,30
24535.jpg,1890,1910,20
24540.jpg,1890,1905,15
24545.jpg,1890,1910,20
24550.jpg,1890,1885,-5
24555.jpg,1890,1910,20
24560.jpg,1890,1910,20
24565.jpg,1890,1890,0
24570.jpg,1890,1885,-5
24575.jpg,1890,1880,-10
24580.jpg,1890,1910,20
24585.jpg,1890,1905,15
24590.jpg,1890,1890,0
24595.jpg,1890,1890,0
24600.jpg,1890,1885,-5
24605.jpg,1890,1890,0
24610.jpg,1890,1910,20
24615.jpg,1890,1910,20
24620.jpg,1890,1970,80
24625.jpg,1890,1890,0
24630.jpg,1890,1890,0
24635.jpg,1890,1910,20
24640.jpg,1890,1880,-10
24645.jpg,1890,1885,-5
24650.jpg,1890,1905,15
24655.jpg,1890,1885,-5
24660.jpg,1890,1890,0
24665.jpg,1890,1905,15
24670.jpg,1890,1910,20
24675.jpg,1890,1890,0
24680.jpg,1890,1898,8
24685.jpg,1890,1905,15
24690.jpg,1890,1910,20
24695.jpg,1890,1910,20
24700.jpg,1890,1898,8
24705.jpg,1890,1980,90
24710.jpg,1890,1920,30
24715.jpg,1890,1900,10
24720.jpg,1890,1905,15
24725.jpg,1890,1890,0
24730.jpg,1890,1910,20
24735.jpg,1890,1925,35
24740.jpg,1890,1910,20
24745.jpg,1890,1880,-10
24750.jpg,1890,1960,70
24755.jpg,1890,1880,-10
24760.jpg,1890,1890,0
24765.jpg,1890,1930,40
24770.jpg,1890,1905,15
24775.jpg,1891,1860,-31
24780.jpg,1891,1910,19
24785.jpg,1891,1890,-1
24790.jpg,1891,1910,19
24795.jpg,1891,1910,19
24800.jpg,1891,1910,19
24805.jpg,1891,1908,17
24810.jpg,1891,1912,21
24815.jpg,1891,1920,29
24820.jpg,1891,1888,-3
24825.jpg,1891,1905,14
24830.jpg,1891,1908,17
24835.jpg,1891,1885,-6
24840.jpg,1891,1905,14
24845.jpg,1891,1910,19
24850.jpg,1891,1920,29
24855.jpg,1891,1980,89
24860.jpg,1891,1910,19
24865.jpg,1891,1894,3
24870.jpg,1891,1909,18
24875.jpg,1891,1886,-5
24880.jpg,1891,1910,19
24885.jpg,1891,1890,-1
24890.jpg,1891,1892,1
24895.jpg,1891,1890,-1
24900.jpg,1891,1905,14
24905.jpg,1891,1870,-21
24910.jpg,1891,1885,-6
24915.jpg,1891,1888,-3
24920.jpg,1891,1910,19
24925.jpg,1891,1885,-6
24930.jpg,1891,1920,29
24935.jpg,1891,1885,-6
24940.jpg,1891,1890,-1
24945.jpg,1891,1620,-271
24950.jpg,1891,1890,-1
24955.jpg,1891,1880,-11
24960.jpg,1891,1890,-1
24965.jpg,1891,1910,19
24970.jpg,1891,1888,-3
24975.jpg,1891,1885,-6
24980.jpg,1891,1885,-6
24985.jpg,1891,1880,-11
24990.jpg,1891,1885,-6
24995.jpg,1891,1885,-6
25000.jpg,1891,1885,-6
25005.jpg,1891,1888,-3
25010.jpg,1891,1880,-11
25015.jpg,1891,1910,19
25020.jpg,1891,1910,19
25025.jpg,1891,1910,19
25030.jpg,1891,1910,19
25035.jpg,1891,995,-896
25040.jpg,1891,1894,3
25045.jpg,1891,1885,-6
25050.jpg,1891,1910,19
25055.jpg,1891,1910,19
25060.jpg,1891,1905,14
25065.jpg,1891,1870,-21
25070.jpg,1891,1890,-1
25075.jpg,1891,1888,-3
25080.jpg,1891,1910,19
25085.jpg,1891,1912,21
25090.jpg,1891,1937,46
25095.jpg,1892,1910,18
25100.jpg,1892,2007,115
25105.jpg,1892,1986,94
25115.jpg,1892,1910,18
25120.jpg,1892,1880,-12
25125.jpg,1892,1890,-2
25130.jpg,1892,1910,18
25135.jpg,1892,1936,44
25140.jpg,1892,1905,13
25145.jpg,1892,1905,13
25150.jpg,1892,1937,45
25155.jpg,1892,1892,0
25160.jpg,1892,1910,18
25165.jpg,1892,1900,8
25170.jpg,1892,1905,13
25175.jpg,1892,1905,13
25180.jpg,1892,1970,78
25185.jpg,1892,1860,-32
25190.jpg,1892,1880,-12
25195.jpg,1892,1933,41
25205.jpg,1892,1910,18
25210.jpg,1892,1910,18
25215.jpg,1892,1905,13
25220.jpg,1892,1905,13
25225.jpg,1892,1840,-52
25230.jpg,1892,1910,18
25235.jpg,1892,1910,18
25240.jpg,1892,1885,-7
25245.jpg,1892,1890,-2
25250.jpg,1892,1910,18
25255.jpg,1892,1880,-12
25260.jpg,1892,1905,13
25265.jpg,1892,1885,-7
25270.jpg,1892,1890,-2
25275.jpg,1892,1910,18
25280.jpg,1892,1910,18
25285.jpg,1892,1890,-2
25290.jpg,1892,1885,-7
25295.jpg,1892,1890,-2
25300.jpg,1892,1890,-2
25305.jpg,1892,1910,18
25310.jpg,1892,1910,18
25315.jpg,1892,1890,-2
25320.jpg,1892,1910,18
25325.jpg,1892,1907,15
25330.jpg,1892,1910,18
25335.jpg,1892,1888,-4
25340.jpg,1892,1905,13
25345.jpg,1892,1908,16
25350.jpg,1892,1910,18
25355.jpg,1892,1910,18
25360.jpg,1892,1910,18
25365.jpg,1892,1890,-2
25370.jpg,1892,1910,18
25375.jpg,1892,1888,-4
25380.jpg,1892,1890,-2
25385.jpg,1892,1880,-12
25390.jpg,1892,1880,-12
25395.jpg,1892,1920,28
25400.jpg,1892,1937,45
25405.jpg,1892,1910,18
25410.jpg,1892,1910,18
25415.jpg,1892,1880,-12
25420.jpg,1892,1890,-2
25425.jpg,1892,1905,13
25430.jpg,1892,1897,5
25435.jpg,1892,1885,-7
25440.jpg,1892,1910,18
25445.jpg,1892,1848,-44
25450.jpg,1892,1890,-2
25455.jpg,1892,1905,13
25460.jpg,1892,1880,-12
25465.jpg,1893,1700,-193
25470.jpg,1893,1910,17
25475.jpg,1893,1881,-12
25480.jpg,1893,1910,17
25490.jpg,1893,1935,42
25495.jpg,1893,1896,3
25500.jpg,1893,1910,17
25505.jpg,1893,1908,15
25510.jpg,1893,1908,15
25515.jpg,1893,1881,-12
25520.jpg,1893,1890,-3
25525.jpg,1893,1910,17
25530.jpg,1893,1910,17
25535.jpg,1893,1936,43
25540.jpg,1893,1880,-13
25545.jpg,1893,1900,7
25555.jpg,1893,1870,-23
25560.jpg,1893,1908,15
25565.jpg,1893,1898,5
25570.jpg,1893,1910,17
25575.jpg,1893,1888,-5
25580.jpg,1893,1930,37
25585.jpg,1893,1890,-3
25590.jpg,1893,1910,17
25595.jpg,1893,1870,-23
25600.jpg,1893,1905,12
25605.jpg,1893,1910,17
25610.jpg,1893,1905,12
25615.jpg,1893,1910,17
25620.jpg,1893,1890,-3
25625.jpg,1893,1890,-3
25630.jpg,1893,1905,12
25635.jpg,1893,1905,12
25640.jpg,1893,1910,17
25645.jpg,1893,1890,-3
25650.jpg,1893,1890,-3
25655.jpg,1893,1905,12
25660.jpg,1893,1898,5
25665.jpg,1893,1910,17
25670.jpg,1893,1885,-8
25675.jpg,1893,1888,-5
25680.jpg,1893,1620,-273
25685.jpg,1893,1900,7
25690.jpg,1893,1910,17
25695.jpg,1893,1885,-8
25700.jpg,1893,1910,17
25705.jpg,1893,1910,17
25710.jpg,1893,1910,17
25715.jpg,1893,1905,12
25720.jpg,1893,1890,-3
25725.jpg,1893,1910,17
25730.jpg,1893,1910,17
25740.jpg,1893,1892,-1
25745.jpg,1893,1910,17
25750.jpg,1893,1890,-3
25755.jpg,1893,1888,-5
25760.jpg,1893,1888,-5
25765.jpg,1893,1908,15
25770.jpg,1893,1905,12
25775.jpg,1893,1910,17
25780.jpg,1893,1905,12
25785.jpg,1893,1915,22
25795.jpg,1893,1890,-3
25800.jpg,1893,1905,12
25805.jpg,1894,1881,-13
25810.jpg,1894,1860,-34
25815.jpg,1894,1910,16
25820.jpg,1894,1905,11
25825.jpg,1894,1910,16
25830.jpg,1894,1888,-6
25835.jpg,1894,1905,11
25840.jpg,1894,1891,-3
25845.jpg,1894,1905,11
25850.jpg,1894,1905,11
25855.jpg,1894,1908,14
25860.jpg,1894,1905,11
25865.jpg,1894,1905,11
25870.jpg,1894,1860,-34
25875.jpg,1894,1920,26
25880.jpg,1894,1875,-19
25885.jpg,1894,1880,-14
25890.jpg,1894,1930,36
25895.jpg,1894,1905,11
25900.jpg,1894,1906,12
25905.jpg,1894,1910,16
25910.jpg,1894,1910,16
25915.jpg,1894,1910,16
25920.jpg,1894,1880,-14
25925.jpg,1894,1905,11
25930.jpg,1894,1910,16
25935.jpg,1894,1890,-4
25940.jpg,1894,1885,-9
25945.jpg,1894,1885,-9
25950.jpg,1894,1880,-14
25955.jpg,1894,1885,-9
25960.jpg,1894,1890,-4
25965.jpg,1894,1893,-1
25970.jpg,1894,1910,16
25975.jpg,1894,1890,-4
25980.jpg,1894,1895,1
25985.jpg,1894,1910,16
25990.jpg,1894,1995,101
25995.jpg,1894,1905,11
26000.jpg,1894,1890,-4
26005.jpg,1894,1888,-6
26010.jpg,1894,1890,-4
26015.jpg,1894,1890,-4
26020.jpg,1894,1950,56
26025.jpg,1894,1888,-6
26030.jpg,1894,1885,-9
26035.jpg,1894,1888,-6
26040.jpg,1894,1910,16
26045.jpg,1894,1880,-14
26050.jpg,1894,1880,-14
26055.jpg,1894,1888,-6
26060.jpg,1894,1920,26
26065.jpg,1894,1904,10
26070.jpg,1894,1910,16
26075.jpg,1894,1904,10
26085.jpg,1894,1905,11
26090.jpg,1894,1908,14
26095.jpg,1894,1930,36
26100.jpg,1894,1910,16
26105.jpg,1894,1860,-34
26110.jpg,1894,1890,-4
26115.jpg,1894,1905,11
26120.jpg,1894,1905,11
26125.jpg,1895,1912,17
26130.jpg,1895,1978,83
26135.jpg,1895,1905,10
26140.jpg,1895,1910,15
26145.jpg,1895,1910,15
26150.jpg,1895,1890,-5
26155.jpg,1895,1880,-15
26160.jpg,1895,1903,8
26165.jpg,1895,1893,-2
26170.jpg,1895,1908,13
26175.jpg,1895,1910,15
26180.jpg,1895,1928,33
26185.jpg,1895,1905,10
26190.jpg,1895,1890,-5
26195.jpg,1895,1860,-35
26200.jpg,1895,1930,35
26205.jpg,1895,1850,-45
26210.jpg,1895,1895,0
26215.jpg,1895,1930,35
26220.jpg,1895,1910,15
26225.jpg,1895,1910,15
26230.jpg,1895,1885,-10
26235.jpg,1895,1910,15
26240.jpg,1895,1930,35
26245.jpg,1895,1720,-175
26250.jpg,1895,1905,10
26255.jpg,1895,1905,10
26260.jpg,1895,1885,-10
26265.jpg,1895,1870,-25
26270.jpg,1895,1885,-10
26275.jpg,1895,1885,-10
26280.jpg,1895,1890,-5
26285.jpg,1895,1885,-10
26290.jpg,1895,1885,-10
26295.jpg,1895,1910,15
26300.jpg,1895,1885,-10
26305.jpg,1895,1910,15
26310.jpg,1895,1880,-15
26315.jpg,1895,1898,3
26320.jpg,1895,1890,-5
26325.jpg,1895,1910,15
26330.jpg,1895,1880,-15
26335.jpg,1895,1910,15
26340.jpg,1895,1910,15
26345.jpg,1895,1880,-15
26350.jpg,1895,1890,-5
26355.jpg,1895,1930,35
26360.jpg,1895,1890,-5
26365.jpg,1895,1885,-10
26370.jpg,1895,1910,15
26375.jpg,1895,1890,-5
26380.jpg,1895,1910,15
26385.jpg,1895,1910,15
26390.jpg,1895,1898,3
26395.jpg,1895,1880,-15
26405.jpg,1895,1910,15
26410.jpg,1895,1904,9
26415.jpg,1895,1910,15
26420.jpg,1895,1910,15
26425.jpg,1895,1890,-5
26430.jpg,1895,1904,9
26435.jpg,1895,1910,15
26440.jpg,1895,1920,25
26445.jpg,1895,1905,10
26450.jpg,1895,1908,13
26455.jpg,1895,1910,15
26460.jpg,1895,1888,-7
26465.jpg,1895,1900,5
26470.jpg,1895,1912,17
26475.jpg,1895,1905,10
26480.jpg,1895,1896,1
26485.jpg,1895,1888,-7
26490.jpg,1896,1899,3
26495.jpg,1896,1905,9
26500.jpg,1896,1910,14
26505.jpg,1896,1890,-6
26510.jpg,1896,1910,14
26515.jpg,1896,1905,9
26520.jpg,1896,1910,14
26525.jpg,1896,1897,1
26530.jpg,1896,1938,42
26535.jpg,1896,1910,14
26540.jpg,1896,1895,-1
26545.jpg,1896,1880,-16
26550.jpg,1896,1930,34
26555.jpg,1896,1930,34
26560.jpg,1896,1899,3
26565.jpg,1896,1930,34
26570.jpg,1896,1930,34
26575.jpg,1896,1920,24
26580.jpg,1896,1890,-6
26585.jpg,1896,1905,9
26590.jpg,1896,1885,-11
26595.jpg,1896,1910,14
26600.jpg,1896,1905,9
26605.jpg,1896,1905,9
26610.jpg,1896,1910,14
26620.jpg,1896,1905,9
26625.jpg,1896,1910,14
26630.jpg,1896,1905,9
26635.jpg,1896,1905,9
26640.jpg,1896,1890,-6
26645.jpg,1896,1905,9
26650.jpg,1896,1905,9
26655.jpg,1896,1910,14
26665.jpg,1896,1885,-11
26670.jpg,1896,1910,14
26675.jpg,1896,1880,-16
26680.jpg,1896,1905,9
26685.jpg,1896,1888,-8
26690.jpg,1896,1930,34
26695.jpg,1896,1910,14
26700.jpg,1896,1885,-11
26705.jpg,1896,1885,-11
26710.jpg,1896,1890,-6
26715.jpg,1896,1885,-11
26720.jpg,1896,1880,-16
26725.jpg,1896,1910,14
26730.jpg,1896,1890,-6
26735.jpg,1896,1890,-6
26740.jpg,1896,1895,-1
26745.jpg,1896,1890,-6
26750.jpg,1896,1903,7
26760.jpg,1896,1938,42
26765.jpg,1896,1910,14
26770.jpg,1896,1905,9
26775.jpg,1896,1920,24
26780.jpg,1896,1908,12
26785.jpg,1896,1910,14
26790.jpg,1896,1927,31
26795.jpg,1896,1905,9
26800.jpg,1896,1980,84
26805.jpg,1896,1906,10
26810.jpg,1896,1920,24
26815.jpg,1896,1907,11
26820.jpg,1896,1891,-5
26825.jpg,1896,1912,16
26830.jpg,1896,1880,-16
26835.jpg,1896,1910,14
26840.jpg,1896,2008,112
26845.jpg,1897,1905,8
26850.jpg,1897,1867,-30
26855.jpg,1897,1888,-9
26860.jpg,1897,1880,-17
26865.jpg,1897,1910,13
26870.jpg,1897,1910,13
26875.jpg,1897,1888,-9
26880.jpg,1897,1910,13
26885.jpg,1897,1908,11
26890.jpg,1897,1880,-17
26895.jpg,1897,1905,8
26900.jpg,1897,1905,8
26910.jpg,1897,1860,-37
26915.jpg,1897,1928,31
26920.jpg,1897,1928,31
26925.jpg,1897,1930,33
26930.jpg,1897,1898,1
26935.jpg,1897,1905,8
26940.jpg,1897,1910,13
26945.jpg,1897,1920,23
26950.jpg,1897,1905,8
26955.jpg,1897,1620,-277
26960.jpg,1897,1885,-12
26965.jpg,1897,1910,13
26970.jpg,1897,1880,-17
26975.jpg,1897,1910,13
26980.jpg,1897,1910,13
26985.jpg,1897,1890,-7
26990.jpg,1897,1910,13
26995.jpg,1897,1905,8
27000.jpg,1897,1910,13
27005.jpg,1897,1905,8
27010.jpg,1897,1885,-12
27015.jpg,1897,1910,13
27020.jpg,1897,1890,-7
27025.jpg,1897,1910,13
27030.jpg,1897,1905,8
27035.jpg,1897,1910,13
27040.jpg,1897,1905,8
27045.jpg,1897,1888,-9
27050.jpg,1897,1910,13
27055.jpg,1897,1905,8
27060.jpg,1897,1930,33
27065.jpg,1897,1910,13
27070.jpg,1897,1910,13
27075.jpg,1897,1886,-11
27080.jpg,1897,1901,4
27085.jpg,1897,1914,17
27090.jpg,1897,1888,-9
27095.jpg,1897,1888,-9
27100.jpg,1897,1905,8
27105.jpg,1897,1890,-7
27110.jpg,1897,1910,13
27115.jpg,1897,1938,41
27120.jpg,1897,1923,26
27125.jpg,1897,1906,9
27130.jpg,1897,1980,83
27135.jpg,1897,1910,13
27140.jpg,1897,1890,-7
27145.jpg,1897,1905,8
27150.jpg,1897,1818,-79
27155.jpg,1898,1910,12
27160.jpg,1898,1893,-5
27165.jpg,1898,1890,-8
27170.jpg,1898,1886,-12
27175.jpg,1898,1910,12
27180.jpg,1898,1893,-5
27185.jpg,1898,1910,12
27190.jpg,1898,1910,12
27195.jpg,1898,1910,12
27200.jpg,1898,1970,72
27205.jpg,1898,1916,18
27210.jpg,1898,1910,12
27215.jpg,1898,1916,18
27220.jpg,1898,1910,12
27225.jpg,1898,1910,12
27230.jpg,1898,1910,12
27235.jpg,1898,1920,22
27240.jpg,1898,1860,-38
27245.jpg,1898,1930,32
27255.jpg,1898,1880,-18
27260.jpg,1898,1896,-2
27265.jpg,1898,1890,-8
27270.jpg,1898,1905,7
27275.jpg,1898,1885,-13
27280.jpg,1898,1910,12
27285.jpg,1898,1885,-13
27290.jpg,1898,1920,22
27295.jpg,1898,1880,-18
27300.jpg,1898,1850,-48
27305.jpg,1898,1930,32
27310.jpg,1898,1930,32
27315.jpg,1898,1910,12
27320.jpg,1898,1905,7
27325.jpg,1898,1910,12
27330.jpg,1898,1905,7
27335.jpg,1898,1910,12
27340.jpg,1898,1910,12
27345.jpg,1898,1910,12
27350.jpg,1898,1818,-80
27355.jpg,1898,1890,-8
27360.jpg,1898,1880,-18
27365.jpg,1898,1885,-13
27370.jpg,1898,1885,-13
27380.jpg,1898,1890,-8
27385.jpg,1898,1885,-13
27390.jpg,1898,1910,12
27395.jpg,1898,1880,-18
27400.jpg,1898,1910,12
27405.jpg,1898,1910,12
27410.jpg,1898,1905,7
27415.jpg,1898,1785,-113
27420.jpg,1898,1910,12
27425.jpg,1898,1885,-13
27430.jpg,1898,1890,-8
27435.jpg,1898,1905,7
27440.jpg,1898,1905,7
27445.jpg,1898,1905,7
27450.jpg,1898,1905,7
27455.jpg,1898,1960,62
27465.jpg,1898,1910,12
27470.jpg,1898,1905,7
27475.jpg,1898,1905,7
27480.jpg,1898,1893,-5
27485.jpg,1898,1905,7
27490.jpg,1898,1890,-8
27495.jpg,1898,1907,9
27500.jpg,1898,1910,12
27505.jpg,1898,1890,-8
27510.jpg,1898,1904,6
27515.jpg,1898,1880,-18
27520.jpg,1898,1908,10
27525.jpg,1898,1905,7
27530.jpg,1898,1910,12
27540.jpg,1899,1897,-2
27545.jpg,1899,1930,31
27550.jpg,1899,1920,21
27555.jpg,1899,1903,4
27560.jpg,1899,1910,11
27565.jpg,1899,1905,6
27570.jpg,1899,17,-1882
27575.jpg,1899,1910,11
27580.jpg,1899,1910,11
27585.jpg,1899,1905,6
27590.jpg,1899,1910,11
27595.jpg,1899,1880,-19
27600.jpg,1899,1905,6
27605.jpg,1899,1920,21
27610.jpg,1899,1930,31
27615.jpg,1899,1860,-39
27620.jpg,1899,1960,61
27625.jpg,1899,1886,-13
27630.jpg,1899,1930,31
27635.jpg,1899,1890,-9
27640.jpg,1899,1905,6
27645.jpg,1899,1920,21
27650.jpg,1899,1880,-19
27655.jpg,1899,1905,6
27660.jpg,1899,1905,6
27665.jpg,1899,1885,-14
27670.jpg,1899,1905,6
27675.jpg,1899,1880,-19
27680.jpg,1899,1900,1
27685.jpg,1899,1910,11
27690.jpg,1899,1910,11
27695.jpg,1899,1912,13
27700.jpg,1899,1890,-9
27705.jpg,1899,1905,6
27715.jpg,1899,1905,6
27720.jpg,1899,1910,11
27725.jpg,1899,1885,-14
27730.jpg,1899,1920,21
27735.jpg,1899,1910,11
27740.jpg,1899,1905,6
27745.jpg,1899,1905,6
27750.jpg,1899,1904,5
27755.jpg,1899,1910,11
27760.jpg,1899,1905,6
27765.jpg,1899,1880,-19
27770.jpg,1899,1880,-19
27775.jpg,1899,1910,11
27780.jpg,1899,1910,11
27785.jpg,1899,1910,11
27790.jpg,1899,1890,-9
27795.jpg,1899,1920,21
27800.jpg,1899,1876,-23
27805.jpg,1899,1905,6
27810.jpg,1900,17,-1883
27815.jpg,1900,1888,-12
27820.jpg,1900,1897,-3
27825.jpg,1900,1879,-21
27830.jpg,1900,1885,-15
27835.jpg,1900,1930,30
27840.jpg,1900,1905,5
27845.jpg,1900,1885,-15
27850.jpg,1900,1880,-20
27855.jpg,1900,1880,-20
27860.jpg,1900,1905,5
27865.jpg,1900,1910,10
27870.jpg,1900,1910,10
27875.jpg,1900,1910,10
27880.jpg,1900,1908,8
27885.jpg,1900,1905,5
27895.jpg,1900,1880,-20
27900.jpg,1900,1910,10
27905.jpg,1900,1905,5
27910.jpg,1900,1860,-40
27915.jpg,1900,1910,10
27920.jpg,1900,1930,30
27925.jpg,1900,1930,30
27930.jpg,1900,1960,60
27935.jpg,1900,1950,50
27940.jpg,1900,1893,-7
27945.jpg,1900,1910,10
27950.jpg,1900,1904,4
27955.jpg,1900,1905,5
27960.jpg,1900,1885,-15
27965.jpg,1900,1930,30
27970.jpg,1900,1890,-10
27975.jpg,1900,1885,-15
27980.jpg,1900,1905,5
27985.jpg,1900,1910,10
27990.jpg,1900,1930,30
27995.jpg,1900,1905,5
28000.jpg,1900,1910,10
28005.jpg,1900,1910,10
28010.jpg,1900,1910,10
28015.jpg,1900,1848,-52
28020.jpg,1900,1910,10
28025.jpg,1900,1905,5
28030.jpg,1900,1905,5
28035.jpg,1900,1880,-20
28040.jpg,1900,1905,5
28045.jpg,1900,1910,10
28050.jpg,1900,1910,10
28055.jpg,1900,1910,10
28060.jpg,1900,1905,5
28065.jpg,1900,1910,10
28070.jpg,1900,1905,5
28075.jpg,1900,1890,-10
28080.jpg,1900,1910,10
28085.jpg,1900,1890,-10
28090.jpg,1900,1920,20
28095.jpg,1900,1780,-120
28100.jpg,1900,1910,10
28105.jpg,1900,1890,-10
28110.jpg,1900,1885,-15
28115.jpg,1900,1905,5
28120.jpg,1900,1885,-15
28125.jpg,1900,1888,-12
28130.jpg,1900,1906,6
28135.jpg,1900,1910,10
28140.jpg,1900,1888,-12
28145.jpg,1900,1880,-20
28150.jpg,1900,1940,40
28155.jpg,1900,1840,-60
28160.jpg,1900,1935,35
28165.jpg,1900,1938,38
28170.jpg,1900,1880,-20
28175.jpg,1900,1930,30
28180.jpg,1901,1840,-61
28185.jpg,1901,1910,9
28190.jpg,1901,1898,-3
28195.jpg,1901,1910,9
28200.jpg,1901,1933,32
28205.jpg,1901,1890,-11
28210.jpg,1901,1910,9
28215.jpg,1901,1912,11
28220.jpg,1901,1905,4
28225.jpg,1901,1905,4
28230.jpg,1901,1935,34
28235.jpg,1901,1910,9
28240.jpg,1901,1910,9
28245.jpg,1901,1910,9
28250.jpg,1901,1905,4
28255.jpg,1901,1886,-15
28260.jpg,1901,1910,9
28265.jpg,1901,1908,7
28270.jpg,1901,1905,4
28275.jpg,1901,1910,9
28280.jpg,1901,1905,4
28285.jpg,1901,1910,9
28290.jpg,1901,1880,-21
28295.jpg,1901,1897,-4
28300.jpg,1901,1852,-49
28305.jpg,1901,1930,29
28310.jpg,1901,1910,9
28315.jpg,1901,1910,9
28320.jpg,1901,1890,-11
28325.jpg,1901,1910,9
28330.jpg,1901,1905,4
28335.jpg,1901,1910,9
28340.jpg,1901,1905,4
28345.jpg,1901,1905,4
28350.jpg,1901,1930,29
28355.jpg,1901,1900,-1
28360.jpg,1901,1910,9
28365.jpg,1901,1885,-16
28370.jpg,1901,1910,9
28375.jpg,1901,1905,4
28380.jpg,1901,1885,-16
28385.jpg,1901,1910,9
28390.jpg,1901,1910,9
28395.jpg,1901,1910,9
28400.jpg,1901,1878,-23
28405.jpg,1901,1930,29
28410.jpg,1901,1927,26
28415.jpg,1901,1905,4
28420.jpg,1901,1890,-11
28425.jpg,1901,1930,29
28430.jpg,1901,1915,14
28435.jpg,1901,1890,-11
28440.jpg,1901,1885,-16
28445.jpg,1901,1910,9
28450.jpg,1901,1880,-21
28455.jpg,1901,1902,1
28460.jpg,1901,1910,9
28465.jpg,1901,1905,4
28470.jpg,1901,1905,4
28475.jpg,1901,1905,4
28480.jpg,1901,1910,9
28485.jpg,1901,1938,37
28490.jpg,1901,1910,9
28495.jpg,1901,1930,29
28500.jpg,1901,1908,7
28505.jpg,1901,1928,27
28510.jpg,1901,1927,26
28515.jpg,1901,1880,-21
28520.jpg,1902,1885,-17
28525.jpg,1902,1910,8
28530.jpg,1902,1897,-5
28535.jpg,1902,1905,3
28540.jpg,1902,1920,18
28545.jpg,1902,1930,28
28550.jpg,1902,1936,34
28555.jpg,1902,1880,-22
28560.jpg,1902,1910,8
28575.jpg,1902,1910,8
28580.jpg,1902,1903,1
28585.jpg,1902,1890,-12
28590.jpg,1902,1913,11
28595.jpg,1902,1908,6
28600.jpg,1902,1910,8
28605.jpg,1902,1910,8
28610.jpg,1902,1910,8
28615.jpg,1902,1908,6
28620.jpg,1902,1910,8
28625.jpg,1902,1910,8
28630.jpg,1902,1905,3
28635.jpg,1902,1920,18
28640.jpg,1902,1910,8
28645.jpg,1902,1880,-22
28650.jpg,1902,1834,-68
28655.jpg,1902,1860,-42
28660.jpg,1902,1880,-22
28665.jpg,1902,1933,31
28670.jpg,1902,1888,-14
28675.jpg,1902,1930,28
28680.jpg,1902,1890,-12
28685.jpg,1902,1885,-17
28690.jpg,1902,1910,8
28695.jpg,1902,1910,8
28700.jpg,1902,1910,8
28705.jpg,1902,1905,3
28710.jpg,1902,1885,-17
28715.jpg,1902,1885,-17
28720.jpg,1902,1910,8
28725.jpg,1902,1910,8
28730.jpg,1902,1910,8
28735.jpg,1902,1915,13
28740.jpg,1902,1910,8
28745.jpg,1902,1910,8
28750.jpg,1902,1910,8
28755.jpg,1902,1885,-17
28760.jpg,1902,1904,2
28765.jpg,1902,1880,-22
28770.jpg,1902,1890,-12
28775.jpg,1902,1910,8
28780.jpg,1902,1885,-17
28785.jpg,1902,1910,8
28790.jpg,1902,1910,8
28795.jpg,1902,1910,8
28800.jpg,1902,1890,-12
28805.jpg,1902,1910,8
28810.jpg,1902,1880,-22
28815.jpg,1902,1910,8
28820.jpg,1902,1890,-12
28825.jpg,1902,1905,3
28830.jpg,1902,1860,-42
28835.jpg,1902,1905,3
28840.jpg,1902,1910,8
28845.jpg,1902,1910,8
28850.jpg,1902,1920,18
28855.jpg,1902,1905,3
28860.jpg,1902,1910,8
28865.jpg,1902,1905,3
28870.jpg,1902,1928,26
28875.jpg,1902,1876,-26
28880.jpg,1902,1910,8
28885.jpg,1902,1682,-220
28890.jpg,1902,1910,8
28895.jpg,1902,1910,8
28900.jpg,1902,1950,48
28905.jpg,1902,1911,9
28910.jpg,1902,1901,-1
28915.jpg,1902,1880,-22
28920.jpg,1903,1888,-15
28925.jpg,1903,1910,7
28930.jpg,1903,1905,2
28935.jpg,1903,1928,25
28940.jpg,1903,1926,23
28945.jpg,1903,1928,25
28955.jpg,1903,1915,12
28960.jpg,1903,1905,2
28965.jpg,1903,1910,7
28970.jpg,1903,1910,7
28975.jpg,1903,1888,-15
28980.jpg,1903,1890,-13
28985.jpg,1903,1908,5
28990.jpg,1903,1908,5
28995.jpg,1903,1967,64
29000.jpg,1903,1916,13
29005.jpg,1903,1910,7
29010.jpg,1903,1905,2
29015.jpg,1903,1910,7
29020.jpg,1903,1910,7
29025.jpg,1903,1910,7
29030.jpg,1903,1908,5
29035.jpg,1903,1910,7
29040.jpg,1903,1915,12
29045.jpg,1903,1910,7
29050.jpg,1903,2010,107
29055.jpg,1903,1905,2
29060.jpg,1903,1905,2
29065.jpg,1903,1910,7
29070.jpg,1903,1908,5
29075.jpg,1903,1970,67
29080.jpg,1903,1987,84
29085.jpg,1903,1905,2
29090.jpg,1903,1853,-50
29095.jpg,1903,1930,27
29100.jpg,1903,1938,35
29105.jpg,1903,1910,7
29110.jpg,1903,1938,35
29115.jpg,1903,1930,27
29120.jpg,1903,1910,7
29125.jpg,1903,1885,-18
29130.jpg,1903,1820,-83
29135.jpg,1903,1880,-23
29140.jpg,1903,1910,7
29145.jpg,1903,1910,7
29150.jpg,1903,1910,7
29155.jpg,1903,1905,2
29160.jpg,1903,1888,-15
29165.jpg,1903,1910,7
29170.jpg,1903,1910,7
29175.jpg,1903,1905,2
29180.jpg,1903,1910,7
29185.jpg,1903,1910,7
29190.jpg,1903,1910,7
29195.jpg,1903,1880,-23
29200.jpg,1903,1910,7
29205.jpg,1903,1910,7
29210.jpg,1903,1880,-23
29215.jpg,1903,1910,7
29220.jpg,1903,1910,7
29225.jpg,1903,1910,7
29230.jpg,1903,1905,2
29235.jpg,1903,1910,7
29240.jpg,1903,1930,27
29245.jpg,1903,1920,17
29250.jpg,1903,1930,27
29255.jpg,1903,1905,2
29260.jpg,1903,1910,7
29265.jpg,1903,1930,27
29270.jpg,1903,1905,2
29275.jpg,1903,1910,7
29280.jpg,1903,1905,2
29285.jpg,1903,1910,7
29290.jpg,1903,1905,2
29295.jpg,1903,1892,-11
29300.jpg,1903,1998,95
29305.jpg,1903,1885,-18
29310.jpg,1903,1885,-18
29315.jpg,1903,1950,47
29320.jpg,1903,1928,25
29325.jpg,1903,1936,33
29330.jpg,1903,1935,32
29335.jpg,1903,1927,24
29340.jpg,1903,1910,7
29345.jpg,1903,1905,2
29350.jpg,1903,1926,23
29355.jpg,1903,1920,17
29360.jpg,1903,1905,2
29365.jpg,1903,1938,35
29370.jpg,1903,1910,7
29375.jpg,1903,1885,-18
29380.jpg,1904,1850,-54
29385.jpg,1904,1908,4
29390.jpg,1904,1890,-14
29395.jpg,1904,2007,103
29400.jpg,1904,1910,6
29405.jpg,1904,1936,32
29410.jpg,1904,1970,66
29415.jpg,1904,1910,6
29420.jpg,1904,1910,6
29425.jpg,1904,1910,6
29430.jpg,1904,1898,-6
29435.jpg,1904,1880,-24
29440.jpg,1904,1910,6
29445.jpg,1904,1910,6
29450.jpg,1904,1910,6
29455.jpg,1904,1913,9
29460.jpg,1904,1900,-4
29465.jpg,1904,1930,26
29470.jpg,1904,2003,99
29475.jpg,1904,1908,4
29480.jpg,1904,2018,114
29485.jpg,1904,1935,31
29490.jpg,1904,1910,6
29495.jpg,1904,1910,6
29500.jpg,1904,1985,81
29505.jpg,1904,1895,-9
29510.jpg,1904,1910,6
29515.jpg,1904,1910,6
29520.jpg,1904,1910,6
29525.jpg,1904,1910,6
29530.jpg,1904,1905,1
29535.jpg,1904,1910,6
29540.jpg,1904,1903,-1
29550.jpg,1904,1840,-64
29555.jpg,1904,1959,55
29560.jpg,1904,1928,24
29565.jpg,1904,1901,-3
29570.jpg,1904,1920,16
29575.jpg,1904,1950,46
29580.jpg,1904,1930,26
29585.jpg,1904,1910,6
29590.jpg,1904,1910,6
29595.jpg,1904,1905,1
29600.jpg,1904,1910,6
29605.jpg,1904,1910,6
29610.jpg,1904,1890,-14
29615.jpg,1904,1910,6
29620.jpg,1904,1910,6
29625.jpg,1904,1910,6
29630.jpg,1904,1910,6
29635.jpg,1904,1920,16
29640.jpg,1904,1850,-54
29645.jpg,1904,1910,6
29650.jpg,1904,1905,1
29655.jpg,1904,1905,1
29660.jpg,1904,1910,6
29665.jpg,1904,1910,6
29670.jpg,1904,1905,1
29675.jpg,1904,1936,32
29680.jpg,1904,1898,-6
29685.jpg,1904,1910,6
29690.jpg,1904,1930,26
29695.jpg,1904,1910,6
29700.jpg,1904,1910,6
29705.jpg,1904,1910,6
29710.jpg,1904,1885,-19
29715.jpg,1904,1910,6
29720.jpg,1904,1885,-19
29725.jpg,1904,1930,26
29730.jpg,1904,1890,-14
29735.jpg,1904,1900,-4
29740.jpg,1904,1910,6
29745.jpg,1904,1910,6
29750.jpg,1904,1910,6
29755.jpg,1904,1880,-24
29760.jpg,1904,1920,16
29765.jpg,1904,1880,-24
29770.jpg,1904,1903,-1
29775.jpg,1904,1960,56
29780.jpg,1904,1904,0
29790.jpg,1904,1889,-15
29795.jpg,1904,1910,6
29800.jpg,1904,1910,6
29805.jpg,1904,1920,16
29810.jpg,1904,1880,-24
29815.jpg,1904,1903,-1
29820.jpg,1904,1905,1
29825.jpg,1904,1890,-14
29830.jpg,1905,1910,5
29835.jpg,1905,1984,79
29840.jpg,1905,1905,0
29845.jpg,1905,1930,25
29850.jpg,1905,1978,73
29855.jpg,1905,1910,5
29860.jpg,1905,1970,65
29865.jpg,1905,1910,5
29870.jpg,1905,1880,-25
29875.jpg,1905,1910,5
29880.jpg,1905,1890,-15
29885.jpg,1905,1910,5
29890.jpg,1905,1840,-65
29895.jpg,1905,1905,0
29900.jpg,1905,1910,5
29905.jpg,1905,1908,3
29910.jpg,1905,1910,5
29915.jpg,1905,1910,5
29920.jpg,1905,1910,5
29925.jpg,1905,1910,5
29930.jpg,1905,1906,1
29935.jpg,1905,1910,5
29940.jpg,1905,1898,-7
29945.jpg,1905,1910,5
29950.jpg,1905,1911,6
29960.jpg,1905,1880,-25
29965.jpg,1905,1885,-20
29970.jpg,1905,1880,-25
29975.jpg,1905,1915,10
29980.jpg,1905,1910,5
29985.jpg,1905,1910,5
29990.jpg,1905,1881,-24
29995.jpg,1905,1880,-25
30000.jpg,1905,1890,-15
30005.jpg,1905,1910,5
30015.jpg,1905,1900,-5
30020.jpg,1905,1930,25
30025.jpg,1905,1890,-15
30030.jpg,1905,1888,-17
30035.jpg,1905,1910,5
30040.jpg,1905,1930,25
30045.jpg,1905,1680,-225
30050.jpg,1905,1920,15
30055.jpg,1905,1910,5
30060.jpg,1905,1888,-17
30065.jpg,1905,1905,0
30070.jpg,1905,1910,5
30075.jpg,1905,1910,5
30080.jpg,1905,1910,5
30085.jpg,1905,1935,30
30090.jpg,1905,1910,5
30095.jpg,1905,1905,0
30100.jpg,1905,1723,-182
30105.jpg,1905,1910,5
30110.jpg,1905,1930,25
30115.jpg,1905,1880,-25
30120.jpg,1905,1880,-25
30125.jpg,1905,1910,5
30130.jpg,1905,1880,-25
30135.jpg,1905,1910,5
30140.jpg,1905,1910,5
30145.jpg,1905,1910,5
30155.jpg,1905,1890,-15
30160.jpg,1905,1910,5
30165.jpg,1905,1835,-70
30170.jpg,1905,1910,5
30175.jpg,1905,1640,-265
30180.jpg,1905,1930,25
30185.jpg,1905,1910,5
30190.jpg,1905,1905,0
30195.jpg,1905,1848,-57
30200.jpg,1905,1925,20
30205.jpg,1905,1982,77
30210.jpg,1905,1793,-112
30215.jpg,1905,1910,5
30220.jpg,1905,1910,5
30225.jpg,1905,1912,7
30230.jpg,1905,1960,55
30235.jpg,1905,1885,-20
30240.jpg,1905,1910,5
30245.jpg,1905,1910,5
30250.jpg,1905,1910,5
30255.jpg,1905,1905,0
30260.jpg,1905,1905,0
30265.jpg,1905,1840,-65
30270.jpg,1905,1920,15
30275.jpg,1905,1910,5
30280.jpg,1905,1880,-25
30285.jpg,1905,1910,5
30290.jpg,1905,1910,5
30295.jpg,1906,1910,4
30300.jpg,1906,1888,-18
30305.jpg,1906,1930,24
30310.jpg,1906,1908,2
30315.jpg,1906,1916,10
30320.jpg,1906,1974,68
30325.jpg,1906,1930,24
30330.jpg,1906,1860,-46
30335.jpg,1906,1970,64
30340.jpg,1906,1910,4
30345.jpg,1906,1910,4
30350.jpg,1906,1936,30
30355.jpg,1906,1930,24
30360.jpg,1906,1905,-1
30365.jpg,1906,1908,2
30370.jpg,1906,1910,4
30375.jpg,1906,1913,7
30380.jpg,1906,1912,6
30385.jpg,1906,1910,4
30390.jpg,1906,1910,4
30395.jpg,1906,1905,-1
30400.jpg,1906,1930,24
30405.jpg,1906,1905,-1
30410.jpg,1906,1910,4
30415.jpg,1906,1910,4
30420.jpg,1906,1910,4
30425.jpg,1906,1910,4
30430.jpg,1906,1890,-16
30435.jpg,1906,1910,4
30440.jpg,1906,1970,64
30445.jpg,1906,1825,-81
30450.jpg,1906,1908,2
30455.jpg,1906,1933,27
30460.jpg,1906,1939,33
30465.jpg,1906,1908,2
30470.jpg,1906,1885,-21
30475.jpg,1906,1910,4
30480.jpg,1906,1911,5
30485.jpg,1906,1910,4
30490.jpg,1906,1905,-1
30495.jpg,1906,1903,-3
30500.jpg,1906,1910,4
30505.jpg,1906,1910,4
30510.jpg,1906,1920,14
30515.jpg,1906,1910,4
30520.jpg,1906,1905,-1
30525.jpg,1906,1910,4
30530.jpg,1906,1890,-16
30535.jpg,1906,1890,-16
30540.jpg,1906,1850,-56
30545.jpg,1906,1910,4
30550.jpg,1906,1880,-26
30555.jpg,1906,1910,4
30560.jpg,1906,1905,-1
30565.jpg,1906,1910,4
30570.jpg,1906,1910,4
30575.jpg,1906,1930,24
30580.jpg,1906,1925,19
30585.jpg,1906,1910,4
30590.jpg,1906,1910,4
30595.jpg,1906,1910,4
30600.jpg,1906,1880,-26
30605.jpg,1906,1910,4
30610.jpg,1906,1910,4
30615.jpg,1906,1910,4
30620.jpg,1906,1905,-1
30625.jpg,1906,1905,-1
30630.jpg,1906,1910,4
30635.jpg,1906,1905,-1
30640.jpg,1906,1910,4
30645.jpg,1906,1910,4
30650.jpg,1906,1879,-27
30655.jpg,1906,1880,-26
30665.jpg,1906,1910,4
30670.jpg,1906,1905,-1
30685.jpg,1906,1910,4
30690.jpg,1906,1910,4
30695.jpg,1906,1910,4
30700.jpg,1906,1910,4
30705.jpg,1906,1910,4
30710.jpg,1906,1930,24
30715.jpg,1906,1968,62
30720.jpg,1906,1910,4
30725.jpg,1906,1910,4
30730.jpg,1906,1935,29
30740.jpg,1906,1910,4
30745.jpg,1906,1898,-8
30750.jpg,1906,1910,4
30760.jpg,1907,1910,3
30765.jpg,1907,1920,13
30770.jpg,1907,1913,6
30780.jpg,1907,1950,43
30785.jpg,1907,1936,29
30790.jpg,1907,1970,63
30795.jpg,1907,1896,-11
30800.jpg,1907,1910,3
30805.jpg,1907,1910,3
30810.jpg,1907,1905,-2
30815.jpg,1907,1930,23
30820.jpg,1907,1910,3
30825.jpg,1907,1910,3
30830.jpg,1907,1905,-2
30835.jpg,1907,1908,1
30840.jpg,1907,1913,6
30845.jpg,1907,1928,21
30855.jpg,1907,1888,-19
30860.jpg,1907,1910,3
30865.jpg,1907,1910,3
30870.jpg,1907,1910,3
30875.jpg,1907,1905,-2
30880.jpg,1907,1910,3
30885.jpg,1907,1905,-2
30895.jpg,1907,1930,23
30900.jpg,1907,1910,3
30905.jpg,1907,1910,3
30910.jpg,1907,1978,71
30915.jpg,1907,1927,20
30920.jpg,1907,1960,53
30925.jpg,1907,1936,29
30930.jpg,1907,1920,13
30935.jpg,1907,1910,3
30940.jpg,1907,1970,63
30945.jpg,1907,1910,3
30950.jpg,1907,1880,-27
30955.jpg,1907,1905,-2
30960.jpg,1907,1885,-22
30965.jpg,1907,1910,3
30970.jpg,1907,1910,3
30975.jpg,1907,1895,-12
30980.jpg,1907,1910,3
30985.jpg,1907,1910,3
30990.jpg,1907,1910,3
30995.jpg,1907,1910,3
31000.jpg,1907,1910,3
31005.jpg,1907,1880,-27
31010.jpg,1907,1910,3
31015.jpg,1907,1910,3
31020.jpg,1907,1885,-22
31025.jpg,1907,1937,30
31030.jpg,1907,1880,-27
31035.jpg,1907,1936,29
31040.jpg,1907,1910,3
31045.jpg,1907,1910,3
31050.jpg,1907,1910,3
31055.jpg,1907,1835,-72
31060.jpg,1907,1910,3
31065.jpg,1907,1880,-27
31070.jpg,1907,1910,3
31075.jpg,1907,1910,3
31080.jpg,1907,1910,3
31085.jpg,1907,1910,3
31090.jpg,1907,1896,-11
31095.jpg,1907,1885,-22
31100.jpg,1907,1963,56
31105.jpg,1907,1910,3
31110.jpg,1907,1910,3
31115.jpg,1907,1890,-17
31120.jpg,1907,1890,-17
31125.jpg,1907,1905,-2
31130.jpg,1907,1910,3
31135.jpg,1907,1910,3
31140.jpg,1907,1930,23
31150.jpg,1907,1910,3
31155.jpg,1907,1910,3
31160.jpg,1907,1938,31
31165.jpg,1907,1910,3
31170.jpg,1907,1936,29
31175.jpg,1907,1915,8
31180.jpg,1907,1920,13
31185.jpg,1907,1936,29
31190.jpg,1907,1980,73
31195.jpg,1907,1910,3
31200.jpg,1907,1930,23
31205.jpg,1907,1938,31
31210.jpg,1907,1910,3
31215.jpg,1907,1930,23
31220.jpg,1907,1892,-15
31225.jpg,1907,1910,3
31230.jpg,1907,1908,1
31235.jpg,1907,1833,-74
31240.jpg,1907,1905,-2
31245.jpg,1907,1910,3
31250.jpg,1907,1910,3
31255.jpg,1907,1913,6
31260.jpg,1907,1925,18
31265.jpg,1907,1929,22
31270.jpg,1907,1930,23
31275.jpg,1907,1910,3
31280.jpg,1907,1896,-11
31285.jpg,1907,1930,23
31290.jpg,1907,1905,-2
31295.jpg,1907,1928,21
31300.jpg,1907,1960,53
31305.jpg,1907,1910,3
31310.jpg,1908,1888,-20
31315.jpg,1908,1912,4
31320.jpg,1908,1938,30
31325.jpg,1908,1908,0
31330.jpg,1908,1880,-28
31335.jpg,1908,1930,22
31345.jpg,1908,1930,22
31350.jpg,1908,1910,2
31355.jpg,1908,1915,7
31360.jpg,1908,1910,2
31365.jpg,1908,1910,2
31370.jpg,1908,1930,22
31380.jpg,1908,1845,-63
31385.jpg,1908,1910,2
31390.jpg,1908,1910,2
31395.jpg,1908,1937,29
31400.jpg,1908,1910,2
31405.jpg,1908,1930,22
31410.jpg,1908,1910,2
31415.jpg,1908,1913,5
31420.jpg,1908,1888,-20
31425.jpg,1908,1930,22
31430.jpg,1908,1910,2
31435.jpg,1908,1930,22
31440.jpg,1908,1910,2
31445.jpg,1908,1910,2
31450.jpg,1908,1908,0
31455.jpg,1908,1910,2
31460.jpg,1908,1910,2
31465.jpg,1908,1910,2
31470.jpg,1908,1910,2
31475.jpg,1908,1880,-28
31480.jpg,1908,1850,-58
31485.jpg,1908,1885,-23
31490.jpg,1908,1895,-13
31500.jpg,1908,1910,2
31505.jpg,1908,1910,2
31510.jpg,1908,1910,2
31515.jpg,1908,1890,-18
31520.jpg,1908,1910,2
31525.jpg,1908,1904,-4
31530.jpg,1908,1910,2
31535.jpg,1908,1910,2
31540.jpg,1908,1910,2
31545.jpg,1908,1910,2
31550.jpg,1908,1905,-3
31555.jpg,1908,1885,-23
31560.jpg,1908,1910,2
31565.jpg,1908,1835,-73
31570.jpg,1908,1882,-26
31575.jpg,1908,1910,2
31580.jpg,1908,1910,2
31585.jpg,1908,1905,-3
31590.jpg,1908,1910,2
31595.jpg,1908,1905,-3
31600.jpg,1908,1910,2
31605.jpg,1908,1930,22
31610.jpg,1908,1910,2
31620.jpg,1908,1915,7
31625.jpg,1908,1910,2
31630.jpg,1908,1905,-3
31635.jpg,1908,1928,20
31640.jpg,1908,1910,2
31645.jpg,1908,1910,2
31650.jpg,1908,1910,2
31655.jpg,1908,1927,19
31660.jpg,1908,1910,2
31665.jpg,1908,1905,-3
31670.jpg,1908,1885,-23
31675.jpg,1908,1905,-3
31680.jpg,1908,1760,-148
31685.jpg,1908,1905,-3
31690.jpg,1908,1910,2
31695.jpg,1908,1910,2
31700.jpg,1908,1928,20
31705.jpg,1908,1890,-18
31710.jpg,1908,1910,2
31715.jpg,1908,1910,2
31720.jpg,1908,1910,2
31725.jpg,1908,1910,2
31730.jpg,1908,1910,2
31735.jpg,1908,1930,22
31740.jpg,1908,1907,-1
31745.jpg,1908,1910,2
31750.jpg,1908,1920,12
31755.jpg,1908,1910,2
31760.jpg,1908,1910,2
31765.jpg,1909,1912,3
31770.jpg,1909,1929,20
31775.jpg,1909,1880,-29
31780.jpg,1909,1888,-21
31785.jpg,1909,2020,111
31790.jpg,1909,1990,81
31805.jpg,1909,1950,41
31815.jpg,1909,1905,-4
31820.jpg,1909,1920,11
31825.jpg,1909,1910,1
31830.jpg,1909,1910,1
31835.jpg,1909,1930,21
31840.jpg,1909,1910,1
31845.jpg,1909,1910,1
31850.jpg,1909,1930,21
31855.jpg,1909,1935,26
31860.jpg,1909,1910,1
31865.jpg,1909,1899,-10
31870.jpg,1909,1913,4
31875.jpg,1909,1903,-6
31880.jpg,1909,1910,1
31885.jpg,1909,1908,-1
31890.jpg,1909,1910,1
31895.jpg,1909,1900,-9
31900.jpg,1909,1910,1
31905.jpg,1909,1910,1
31910.jpg,1909,1910,1
31915.jpg,1909,1930,21
31920.jpg,1909,1880,-29
31925.jpg,1909,1985,76
31930.jpg,1909,1903,-6
31935.jpg,1909,1910,1
31940.jpg,1909,1910,1
31945.jpg,1909,1910,1
31950.jpg,1909,1910,1
31955.jpg,1909,1910,1
31960.jpg,1909,1930,21
31970.jpg,1909,1908,-1
31975.jpg,1909,1912,3
31980.jpg,1909,1928,19
31985.jpg,1909,1885,-24
31990.jpg,1909,1890,-19
31995.jpg,1909,1910,1
32005.jpg,1909,1880,-29
32015.jpg,1909,1910,1
32020.jpg,1909,1913,4
32025.jpg,1909,1880,-29
32030.jpg,1909,1910,1
32035.jpg,1909,1920,11
32045.jpg,1909,1880,-29
32050.jpg,1909,1910,1
32055.jpg,1909,1910,1
32060.jpg,1909,1910,1
32065.jpg,1909,1910,1
32070.jpg,1909,1910,1
32075.jpg,1909,1928,19
32080.jpg,1909,1910,1
32085.jpg,1909,1910,1
32090.jpg,1909,1910,1
32095.jpg,1909,1910,1
32100.jpg,1909,1910,1
32105.jpg,1909,1930,21
32110.jpg,1909,1910,1
32115.jpg,1909,1910,1
32120.jpg,1909,1910,1
32125.jpg,1909,1910,1
32130.jpg,1909,1925,16
32135.jpg,1909,1920,11
32140.jpg,1909,1903,-6
32145.jpg,1909,1900,-9
32150.jpg,1909,1898,-11
32155.jpg,1909,1930,21
32160.jpg,1909,1910,1
32165.jpg,1909,1910,1
32170.jpg,1909,1905,-4
32175.jpg,1909,1910,1
32180.jpg,1909,1910,1
32185.jpg,1909,1930,21
32190.jpg,1909,1909,0
32195.jpg,1909,1910,1
32200.jpg,1909,1915,6
32205.jpg,1909,1930,21
32210.jpg,1909,1910,1
32215.jpg,1909,1905,-4
32220.jpg,1909,1905,-4
32225.jpg,1909,1960,51
32230.jpg,1910,1780,-130
32235.jpg,1910,1891,-19
32240.jpg,1910,1905,-5
32245.jpg,1910,1936,26
32255.jpg,1910,1928,18
32260.jpg,1910,1930,20
32265.jpg,1910,1970,60
32270.jpg,1910,1970,60
32275.jpg,1910,1980,70
32280.jpg,1910,1925,15
32285.jpg,1910,1910,0
32290.jpg,1910,1905,-5
32295.jpg,1910,1910,0
32300.jpg,1910,1936,26
32305.jpg,1910,1910,0
32310.jpg,1910,1910,0
32315.jpg,1910,1910,0
32320.jpg,1910,1880,-30
32325.jpg,1910,1910,0
32330.jpg,1910,1908,-2
32335.jpg,1910,1908,-2
32340.jpg,1910,1833,-77
32345.jpg,1910,1910,0
32350.jpg,1910,1910,0
32355.jpg,1910,1910,0
32360.jpg,1910,1910,0
32365.jpg,1910,1910,0
32370.jpg,1910,1930,20
32375.jpg,1910,1927,17
32380.jpg,1910,1880,-30
32385.jpg,1910,1970,60
32390.jpg,1910,1930,20
32395.jpg,1910,1897,-13
32400.jpg,1910,1886,-24
32405.jpg,1910,1880,-30
32410.jpg,1910,1930,20
32415.jpg,1910,1900,-10
32420.jpg,1910,1910,0
32425.jpg,1910,1930,20
32430.jpg,1910,1910,0
32435.jpg,1910,1885,-25
32440.jpg,1910,1910,0
32445.jpg,1910,1910,0
32450.jpg,1910,1910,0
32455.jpg,1910,1910,0
32460.jpg,1910,1910,0
32465.jpg,1910,1910,0
32470.jpg,1910,1860,-50
32475.jpg,1910,1910,0
32480.jpg,1910,1910,0
32485.jpg,1910,1925,15
32490.jpg,1910,1910,0
32495.jpg,1910,1920,10
32500.jpg,1910,1930,20
32505.jpg,1910,1927,17
32510.jpg,1910,1925,15
32515.jpg,1910,1910,0
32520.jpg,1910,1910,0
32525.jpg,1910,1910,0
32530.jpg,1910,1920,10
32535.jpg,1910,1910,0
32540.jpg,1910,1910,0
32545.jpg,1910,1925,15
32550.jpg,1910,1910,0
32555.jpg,1910,1910,0
32560.jpg,1910,1910,0
32565.jpg,1910,1910,0
32570.jpg,1910,1890,-20
32575.jpg,1910,1910,0
32580.jpg,1910,1910,0
32585.jpg,1910,1930,20
32590.jpg,1910,1910,0
32595.jpg,1910,1912,2
32600.jpg,1910,1903,-7
32605.jpg,1910,1618,-292
32610.jpg,1910,1930,20
32615.jpg,1910,1935,25
32620.jpg,1910,1910,0
32625.jpg,1910,1910,0
32630.jpg,1910,1910,0
32635.jpg,1910,1910,0
32640.jpg,1910,1925,15
32645.jpg,1910,1910,0
32650.jpg,1910,1936,26
32655.jpg,1910,1930,20
32660.jpg,1910,1908,-2
32665.jpg,1910,1910,0
32675.jpg,1910,1910,0
32680.jpg,1910,1880,-30
32685.jpg,1910,1920,10
32690.jpg,1910,1910,0
32695.jpg,1910,1910,0
32700.jpg,1910,1910,0
32705.jpg,1910,1880,-30
32710.jpg,1910,1910,0
32715.jpg,1910,1910,0
32720.jpg,1910,1920,10
32725.jpg,1910,1905,-5
32730.jpg,1910,1930,20
32735.jpg,1910,1770,-140
32740.jpg,1911,1905,-6
32745.jpg,1911,1930,19
32750.jpg,1911,1925,14
32755.jpg,1911,1928,17
32760.jpg,1911,1910,-1
32765.jpg,1911,1882,-29
32770.jpg,1911,1907,-4
32775.jpg,1911,1910,-1
32780.jpg,1911,1930,19
32785.jpg,1911,1980,69
32790.jpg,1911,1890,-21
32795.jpg,1911,1913,2
32800.jpg,1911,1930,19
32805.jpg,1911,1910,-1
32810.jpg,1911,1910,-1
32815.jpg,1911,1885,-26
32820.jpg,1911,1930,19
32825.jpg,1911,1910,-1
32830.jpg,1911,1920,9
32835.jpg,1911,1913,2
32840.jpg,1911,1970,59
32845.jpg,1911,1905,-6
32850.jpg,1911,1936,25
32855.jpg,1911,1928,17
32860.jpg,1911,1968,57
32865.jpg,1911,1910,-1
32870.jpg,1911,1910,-1
32875.jpg,1911,1910,-1
32885.jpg,1911,1936,25
32890.jpg,1911,1910,-1
32895.jpg,1911,1910,-1
32900.jpg,1911,1885,-26
32905.jpg,1911,1910,-1
32910.jpg,1911,1910,-1
32915.jpg,1911,1910,-1
32920.jpg,1911,1910,-1
32925.jpg,1911,1910,-1
32930.jpg,1911,1910,-1
32935.jpg,1911,1965,54
32940.jpg,1911,1905,-6
32945.jpg,1911,1880,-31
32950.jpg,1911,2010,99
32955.jpg,1911,1897,-14
32960.jpg,1911,1920,9
32965.jpg,1911,1986,75
32970.jpg,1911,1907,-4
32975.jpg,1911,1920,9
32980.jpg,1911,1880,-31
32985.jpg,1911,1910,-1
32990.jpg,1911,1910,-1
32995.jpg,1911,1905,-6
33000.jpg,1911,1934,23
33005.jpg,1911,1840,-71
33010.jpg,1911,1910,-1
33015.jpg,1911,1910,-1
33020.jpg,1911,1910,-1
33025.jpg,1911,1860,-51
33030.jpg,1911,1910,-1
33035.jpg,1911,1980,69
33040.jpg,1911,1910,-1
33045.jpg,1911,1910,-1
33050.jpg,1911,1970,59
33055.jpg,1911,1910,-1
33060.jpg,1911,1910,-1
33065.jpg,1911,1880,-31
33070.jpg,1911,1910,-1
33075.jpg,1911,1910,-1
33080.jpg,1911,1910,-1
33085.jpg,1911,1905,-6
33090.jpg,1911,1905,-6
33095.jpg,1911,1885,-26
33100.jpg,1911,1880,-31
33105.jpg,1911,1850,-61
33110.jpg,1911,1910,-1
33115.jpg,1911,1908,-3
33120.jpg,1911,1910,-1
33125.jpg,1911,1939,28
33130.jpg,1911,1910,-1
33135.jpg,1911,1890,-21
33140.jpg,1911,1928,17
33145.jpg,1911,1910,-1
33150.jpg,1911,1600,-311
33155.jpg,1911,1979,68
33160.jpg,1911,1928,17
33165.jpg,1911,1910,-1
33170.jpg,1911,1910,-1
33175.jpg,1911,1970,59
33180.jpg,1911,1930,19
33185.jpg,1911,1913,2
33190.jpg,1911,1930,19
33195.jpg,1911,1980,69
33200.jpg,1911,1905,-6
33205.jpg,1911,1910,-1
33210.jpg,1911,1879,-32
33215.jpg,1911,1910,-1
33220.jpg,1911,1910,-1
33225.jpg,1911,1910,-1
33230.jpg,1911,1905,-6
33235.jpg,1911,1905,-6
33240.jpg,1911,1898,-13
33245.jpg,1911,1913,2
33250.jpg,1911,1910,-1
33255.jpg,1911,1937,26
33260.jpg,1911,1910,-1
33265.jpg,1911,1910,-1
33270.jpg,1911,1910,-1
33275.jpg,1911,1910,-1
33280.jpg,1912,1915,3
33285.jpg,1912,1910,-2
33290.jpg,1912,1905,-7
33295.jpg,1912,1909,-3
33300.jpg,1912,1905,-7
33310.jpg,1912,1930,18
33315.jpg,1912,1970,58
33320.jpg,1912,1980,68
33325.jpg,1912,1926,14
33330.jpg,1912,1910,-2
33335.jpg,1912,1958,46
33340.jpg,1912,1935,23
33345.jpg,1912,1910,-2
33350.jpg,1912,1910,-2
33355.jpg,1912,1935,23
33360.jpg,1912,1930,18
33365.jpg,1912,1910,-2
33375.jpg,1912,1912,0
33380.jpg,1912,1930,18
33385.jpg,1912,1910,-2
33390.jpg,1912,1908,-4
33395.jpg,1912,1986,74
33400.jpg,1912,1910,-2
33405.jpg,1912,2005,93
33410.jpg,1912,1880,-32
33415.jpg,1912,1915,3
33420.jpg,1912,1910,-2
33425.jpg,1912,1910,-2
33430.jpg,1912,1910,-2
33435.jpg,1912,1910,-2
33440.jpg,1912,1910,-2
33445.jpg,1912,1938,26
33450.jpg,1912,1900,-12
33455.jpg,1912,1880,-32
33460.jpg,1912,1938,26
33465.jpg,1912,1905,-7
33470.jpg,1912,1910,-2
33475.jpg,1912,1905,-7
33480.jpg,1912,1936,24
33485.jpg,1912,1970,58
33490.jpg,1912,1880,-32
33495.jpg,1912,1930,18
33500.jpg,1912,1933,21
33505.jpg,1912,1896,-16
33510.jpg,1912,1910,-2
33515.jpg,1912,1910,-2
33520.jpg,1912,1910,-2
33525.jpg,1912,1880,-32
33530.jpg,1912,1890,-22
33535.jpg,1912,1910,-2
33540.jpg,1912,1910,-2
33545.jpg,1912,1910,-2
33550.jpg,1912,1910,-2
33555.jpg,1912,1910,-2
33560.jpg,1912,1905,-7
33565.jpg,1912,1920,8
33570.jpg,1912,1910,-2
33580.jpg,1912,1638,-274
33585.jpg,1912,1910,-2
33590.jpg,1912,1910,-2
33595.jpg,1912,1905,-7
33600.jpg,1912,1910,-2
33605.jpg,1912,1910,-2
33615.jpg,1912,1928,16
33620.jpg,1912,1930,18
33625.jpg,1912,1910,-2
33630.jpg,1912,1870,-42
33635.jpg,1912,1910,-2
33640.jpg,1912,1890,-22
33645.jpg,1912,1910,-2
33650.jpg,1912,1910,-2
33655.jpg,1912,1910,-2
33660.jpg,1912,1890,-22
33665.jpg,1912,1905,-7
33670.jpg,1912,1910,-2
33675.jpg,1912,1985,73
33680.jpg,1912,1910,-2
33685.jpg,1912,1930,18
33690.jpg,1912,1968,56
33695.jpg,1912,1936,24
33700.jpg,1912,1905,-7
33705.jpg,1912,1910,-2
33710.jpg,1912,1910,-2
33715.jpg,1912,1930,18
33720.jpg,1912,1910,-2
33725.jpg,1912,1928,16
33735.jpg,1912,1905,-7
33740.jpg,1912,1910,-2
33745.jpg,1912,1920,8
33750.jpg,1912,1910,-2
33755.jpg,1912,1910,-2
33760.jpg,1912,1890,-22
33765.jpg,1913,1925,12
33770.jpg,1913,1937,24
33775.jpg,1913,1910,-3
33780.jpg,1913,1910,-3
33785.jpg,1913,1915,2
33790.jpg,1913,1910,-3
33795.jpg,1913,1888,-25
33800.jpg,1913,1906,-7
33805.jpg,1913,1913,0
33810.jpg,1913,1910,-3
33815.jpg,1913,1938,25
33820.jpg,1913,2008,95
33825.jpg,1913,1910,-3
33830.jpg,1913,1910,-3
33840.jpg,1913,1910,-3
33845.jpg,1913,1910,-3
33850.jpg,1913,1910,-3
33855.jpg,1913,1935,22
33860.jpg,1913,1910,-3
33865.jpg,1913,1910,-3
33870.jpg,1913,1838,-75
33875.jpg,1913,1908,-5
33880.jpg,1913,1904,-9
33885.jpg,1913,1912,-1
33890.jpg,1913,1908,-5
33895.jpg,1913,1935,22
33900.jpg,1913,1913,0
33905.jpg,1913,1890,-23
33910.jpg,1913,1927,14
33915.jpg,1913,1910,-3
33920.jpg,1913,1910,-3
33925.jpg,1913,1938,25
33930.jpg,1913,1915,2
33935.jpg,1913,1936,23
33940.jpg,1913,1935,22
33945.jpg,1913,1910,-3
33950.jpg,1913,1930,17
33955.jpg,1913,2008,95
33960.jpg,1913,1910,-3
33965.jpg,1913,1910,-3
33970.jpg,1913,1920,7
33975.jpg,1913,1915,2
33980.jpg,1913,1960,47
33985.jpg,1913,1958,45
33990.jpg,1913,1890,-23
33995.jpg,1913,1910,-3
34000.jpg,1913,1920,7
34005.jpg,1913,1930,17
34010.jpg,1913,1930,17
34015.jpg,1913,1930,17
34020.jpg,1913,1908,-5
34025.jpg,1913,1970,57
34030.jpg,1913,1910,-3
34035.jpg,1913,1910,-3
34040.jpg,1913,1910,-3
34045.jpg,1913,1930,17
34050.jpg,1913,1910,-3
34055.jpg,1913,1910,-3
34060.jpg,1913,1880,-33
34065.jpg,1913,1910,-3
34070.jpg,1913,1910,-3
34080.jpg,1913,1880,-33
34085.jpg,1913,1890,-23
34090.jpg,1913,1915,2
34095.jpg,1913,1910,-3
34100.jpg,1913,1910,-3
34105.jpg,1913,1910,-3
34110.jpg,1913,1910,-3
34115.jpg,1913,1910,-3
34120.jpg,1913,1930,17
34125.jpg,1913,1910,-3
34130.jpg,1913,1905,-8
34135.jpg,1913,1910,-3
34140.jpg,1913,1910,-3
34145.jpg,1913,1925,12
34150.jpg,1913,1910,-3
34155.jpg,1913,1910,-3
34160.jpg,1913,1890,-23
34165.jpg,1913,1915,2
34170.jpg,1913,1910,-3
34175.jpg,1913,1910,-3
34180.jpg,1913,1898,-15
34185.jpg,1913,1886,-27
34190.jpg,1913,1936,23
34195.jpg,1913,1787,-126
34200.jpg,1913,1916,3
34205.jpg,1913,1910,-3
34210.jpg,1913,1910,-3
34215.jpg,1913,1928,15
34220.jpg,1913,1935,22
34225.jpg,1914,1936,22
34230.jpg,1914,1910,-4
34235.jpg,1914,1928,14
34240.jpg,1914,1927,13
34245.jpg,1914,1970,56
34250.jpg,1914,1930,16
34260.jpg,1914,2018,104
34265.jpg,1914,1910,-4
34270.jpg,1914,1908,-6
34275.jpg,1914,1910,-4
34280.jpg,1914,1910,-4
34285.jpg,1914,1980,66
34290.jpg,1914,1910,-4
34295.jpg,1914,1910,-4
34300.jpg,1914,1910,-4
34305.jpg,1914,1910,-4
34310.jpg,1914,1915,1
34315.jpg,1914,1928,14
34320.jpg,1914,1912,-2
34325.jpg,1914,1910,-4
34330.jpg,1914,1908,-6
34335.jpg,1914,1908,-6
34345.jpg,1914,1920,6
34350.jpg,1914,1838,-76
34360.jpg,1914,1910,-4
34365.jpg,1914,1910,-4
34370.jpg,1914,1930,16
34375.jpg,1914,1910,-4
34380.jpg,1914,1936,22
34385.jpg,1914,1880,-34
34390.jpg,1914,1910,-4
34395.jpg,1914,1910,-4
34400.jpg,1914,1910,-4
34405.jpg,1914,1910,-4
34410.jpg,1914,1920,6
34415.jpg,1914,1880,-34
34420.jpg,1914,1978,64
34425.jpg,1914,1375,-539
34430.jpg,1914,1886,-28
34435.jpg,1914,1910,-4
34440.jpg,1914,1910,-4
34445.jpg,1914,1910,-4
34450.jpg,1914,1890,-24
34455.jpg,1914,1830,-84
34460.jpg,1914,1885,-29
34465.jpg,1914,1910,-4
34470.jpg,1914,1910,-4
34475.jpg,1914,1905,-9
34480.jpg,1914,1910,-4
34485.jpg,1914,1930,16
34490.jpg,1914,1910,-4
34495.jpg,1914,1880,-34
34500.jpg,1914,1910,-4
34505.jpg,1914,1930,16
34515.jpg,1914,1880,-34
34520.jpg,1914,1910,-4
34525.jpg,1914,1910,-4
34530.jpg,1914,1910,-4
34535.jpg,1914,1937,23
34540.jpg,1914,1910,-4
34545.jpg,1914,1910,-4
34550.jpg,1914,1910,-4
34555.jpg,1914,1910,-4
34560.jpg,1914,1910,-4
34565.jpg,1914,1905,-9
34570.jpg,1914,1930,16
34575.jpg,1914,1930,16
34580.jpg,1914,1937,23
34590.jpg,1914,1910,-4
34595.jpg,1914,1920,6
34600.jpg,1914,1938,24
34605.jpg,1914,1910,-4
34610.jpg,1914,1905,-9
34615.jpg,1914,1910,-4
34620.jpg,1914,1850,-64
34625.jpg,1914,1910,-4
34630.jpg,1914,1910,-4
34635.jpg,1914,1910,-4
34640.jpg,1914,1930,16
34645.jpg,1914,1928,14
34650.jpg,1914,1910,-4
34655.jpg,1914,1910,-4
34660.jpg,1914,1932,18
34665.jpg,1914,1910,-4
34670.jpg,1914,1905,-9
34675.jpg,1914,1910,-4
34680.jpg,1914,1900,-14
34685.jpg,1914,1930,16
34690.jpg,1914,1930,16
34695.jpg,1914,1910,-4
34700.jpg,1914,1910,-4
34705.jpg,1914,1938,24
34710.jpg,1914,1925,11
34715.jpg,1914,1900,-14
34720.jpg,1915,1928,13
34725.jpg,1915,1930,15
34730.jpg,1915,1910,-5
34735.jpg,1915,1928,13
34740.jpg,1915,1916,1
34750.jpg,1915,1930,15
34755.jpg,1915,1968,53
34765.jpg,1915,1928,13
34770.jpg,1915,1938,23
34775.jpg,1915,1936,21
34780.jpg,1915,1930,15
34785.jpg,1915,1935,20
34790.jpg,1915,1915,0
34795.jpg,1915,1910,-5
34800.jpg,1915,1930,15
34805.jpg,1915,1912,-3
34810.jpg,1915,1930,15
34815.jpg,1915,1936,21
34820.jpg,1915,1930,15
34825.jpg,1915,1910,-5
34830.jpg,1915,1798,-117
34835.jpg,1915,1928,13
34840.jpg,1915,1920,5
34845.jpg,1915,1935,20
34850.jpg,1915,1910,-5
34855.jpg,1915,1936,21
34860.jpg,1915,1928,13
34865.jpg,1915,1914,-1
34870.jpg,1915,1930,15
34875.jpg,1915,1930,15
34880.jpg,1915,1888,-27
34885.jpg,1915,1939,24
34890.jpg,1915,1880,-35
34895.jpg,1915,1910,-5
34900.jpg,1915,1869,-46
34905.jpg,1915,1930,15
34910.jpg,1915,1960,45
34915.jpg,1915,1920,5
34920.jpg,1915,1886,-29
34925.jpg,1915,1910,-5
34930.jpg,1915,1920,5
34935.jpg,1915,1910,-5
34940.jpg,1915,1835,-80
34945.jpg,1915,1910,-5
34950.jpg,1915,1910,-5
34955.jpg,1915,1880,-35
34960.jpg,1915,1920,5
34965.jpg,1915,1960,45
34970.jpg,1915,1910,-5
34975.jpg,1915,1910,-5
34980.jpg,1915,1910,-5
34985.jpg,1915,1910,-5
34990.jpg,1915,1910,-5
34995.jpg,1915,1910,-5
35000.jpg,1915,1910,-5
35005.jpg,1915,1910,-5
35010.jpg,1915,1930,15
35015.jpg,1915,1915,0
35020.jpg,1915,1915,0
35025.jpg,1915,1910,-5
35030.jpg,1915,1910,-5
35035.jpg,1915,1905,-10
35040.jpg,1915,1930,15
35045.jpg,1915,1910,-5
35050.jpg,1915,1930,15
35055.jpg,1915,1928,13
35060.jpg,1915,1920,5
35065.jpg,1915,1930,15
35070.jpg,1915,1905,-10
35075.jpg,1915,1936,21
35080.jpg,1915,1938,23
35085.jpg,1915,1928,13
35090.jpg,1915,1910,-5
35095.jpg,1915,1930,15
35100.jpg,1915,1910,-5
35105.jpg,1915,1930,15
35110.jpg,1915,1910,-5
35115.jpg,1915,1920,5
35120.jpg,1915,1910,-5
35125.jpg,1915,1908,-7
35130.jpg,1915,1928,13
35135.jpg,1915,1880,-35
35140.jpg,1915,1890,-25
35145.jpg,1915,1938,23
35150.jpg,1915,1959,44
35155.jpg,1915,1931,16
35160.jpg,1916,1928,12
35165.jpg,1916,1938,22
35170.jpg,1916,1936,20
35175.jpg,1916,2008,92
35180.jpg,1916,1910,-6
35185.jpg,1916,1928,12
35190.jpg,1916,1933,17
35195.jpg,1916,1915,-1
35200.jpg,1916,1910,-6
35205.jpg,1916,1930,14
35210.jpg,1916,1980,64
35215.jpg,1916,1910,-6
35220.jpg,1916,1910,-6
35225.jpg,1916,1908,-8
35230.jpg,1916,1928,12
35235.jpg,1916,1910,-6
35240.jpg,1916,1928,12
35245.jpg,1916,1936,20
35250.jpg,1916,1910,-6
35255.jpg,1916,1950,34
35260.jpg,1916,1915,-1
35265.jpg,1916,1910,-6
35270.jpg,1916,1910,-6
35275.jpg,1916,1880,-36
35280.jpg,1916,1910,-6
35285.jpg,1916,1910,-6
35290.jpg,1916,1900,-16
35295.jpg,1916,1885,-31
35300.jpg,1916,1910,-6
35305.jpg,1916,1985,69
35310.jpg,1916,1880,-36
35315.jpg,1916,1930,14
35320.jpg,1916,1950,34
35325.jpg,1916,1910,-6
35330.jpg,1916,1920,4
35335.jpg,1916,1926,10
35340.jpg,1916,1910,-6
35345.jpg,1916,1910,-6
35350.jpg,1916,1910,-6
35355.jpg,1916,1910,-6
35360.jpg,1916,1910,-6
35365.jpg,1916,1911,-5
35370.jpg,1916,1910,-6
35375.jpg,1916,1910,-6
35380.jpg,1916,1910,-6
35385.jpg,1916,1910,-6
35390.jpg,1916,1930,14
35395.jpg,1916,1910,-6
35400.jpg,1916,1910,-6
35405.jpg,1916,1910,-6
35410.jpg,1916,1910,-6
35415.jpg,1916,1910,-6
35420.jpg,1916,1910,-6
35425.jpg,1916,1915,-1
35430.jpg,1916,1910,-6
35435.jpg,1916,1818,-98
35440.jpg,1916,1922,6
35445.jpg,1916,1937,21
35450.jpg,1916,1930,14
35455.jpg,1916,1905,-11
35460.jpg,1916,1928,12
35465.jpg,1916,1930,14
35470.jpg,1916,1890,-26
35475.jpg,1916,1895,-21
35480.jpg,1916,1925,9
35485.jpg,1916,1908,-8
35490.jpg,1916,1928,12
35495.jpg,1916,1936,20
35500.jpg,1916,1935,19
35505.jpg,1916,1905,-11
35510.jpg,1916,1910,-6
35515.jpg,1916,1930,14
35520.jpg,1916,1928,12
35525.jpg,1916,1936,20
35530.jpg,1916,1910,-6
35535.jpg,1917,1912,-5
35540.jpg,1917,1928,11
35545.jpg,1917,1910,-7
35550.jpg,1917,1927,10
35555.jpg,1917,1936,19
35560.jpg,1917,1910,-7
35565.jpg,1917,1980,63
35570.jpg,1917,1910,-7
35575.jpg,1917,1910,-7
35580.jpg,1917,1880,-37
35585.jpg,1917,1910,-7
35590.jpg,1917,1930,13
35595.jpg,1917,1936,19
35600.jpg,1917,1908,-9
35605.jpg,1917,1928,11
35610.jpg,1917,1928,11
35615.jpg,1917,1910,-7
35620.jpg,1917,1943,26
35625.jpg,1917,1903,-14
35630.jpg,1917,1910,-7
35635.jpg,1917,1915,-2
35640.jpg,1917,1910,-7
35645.jpg,1917,1910,-7
35650.jpg,1917,1910,-7
35655.jpg,1917,1880,-37
35660.jpg,1917,1930,13
35665.jpg,1917,1910,-7
35670.jpg,1917,1960,43
35675.jpg,1917,1936,19
35680.jpg,1917,1930,13
35685.jpg,1917,1898,-19
35690.jpg,1917,1938,21
35695.jpg,1917,1936,19
35700.jpg,1917,1910,-7
35705.jpg,1917,1936,19
35710.jpg,1917,1935,18
35715.jpg,1917,1936,19
35720.jpg,1917,1960,43
35725.jpg,1917,2006,89
35730.jpg,1917,1910,-7
35735.jpg,1917,1931,14
35740.jpg,1917,1720,-197
35745.jpg,1917,1930,13
35750.jpg,1917,1880,-37
35755.jpg,1917,1920,3
35760.jpg,1917,1912,-5
35765.jpg,1917,1920,3
35770.jpg,1917,1910,-7
35775.jpg,1917,1910,-7
35780.jpg,1917,1925,8
35785.jpg,1917,1960,43
35790.jpg,1917,1910,-7
35795.jpg,1917,1912,-5
35800.jpg,1917,1910,-7
35805.jpg,1917,1910,-7
35810.jpg,1917,1910,-7
35815.jpg,1917,1910,-7
35820.jpg,1917,1920,3
35825.jpg,1917,1910,-7
35830.jpg,1917,1925,8
35835.jpg,1917,1925,8
35840.jpg,1917,1910,-7
35845.jpg,1917,1910,-7
35850.jpg,1917,1928,11
35855.jpg,1917,1932,15
35860.jpg,1917,1910,-7
35865.jpg,1917,1936,19
35870.jpg,1917,1930,13
35875.jpg,1917,1620,-297
35880.jpg,1917,1917,0
35885.jpg,1917,1925,8
35890.jpg,1917,1892,-25
35895.jpg,1917,1930,13
35900.jpg,1917,1910,-7
35905.jpg,1917,1910,-7
35910.jpg,1917,1910,-7
35915.jpg,1917,1930,13
35920.jpg,1918,1928,10
35925.jpg,1918,1985,67
35930.jpg,1918,1910,-8
35935.jpg,1918,1980,62
35940.jpg,1918,1940,22
35945.jpg,1918,1910,-8
35950.jpg,1918,1910,-8
35955.jpg,1918,1930,12
35960.jpg,1918,1916,-2
35965.jpg,1918,1935,17
35970.jpg,1918,1930,12
35980.jpg,1918,1930,12
35985.jpg,1918,1930,12
35990.jpg,1918,1920,2
35995.jpg,1918,1906,-12
36000.jpg,1918,1910,-8
36005.jpg,1918,1910,-8
36010.jpg,1918,1910,-8
36015.jpg,1918,1930,12
36020.jpg,1918,1910,-8
36025.jpg,1918,1930,12
36030.jpg,1918,1925,7
36035.jpg,1918,1930,12
36040.jpg,1918,1910,-8
36045.jpg,1918,1910,-8
36050.jpg,1918,1910,-8
36055.jpg,1918,1840,-78
36060.jpg,1918,1910,-8
36065.jpg,1918,1910,-8
36070.jpg,1918,1915,-3
36075.jpg,1918,1910,-8
36080.jpg,1918,1937,19
36085.jpg,1918,1820,-98
36090.jpg,1918,1936,18
36095.jpg,1918,1910,-8
36100.jpg,1918,1880,-38
36105.jpg,1918,1930,12
36110.jpg,1918,1920,2
36115.jpg,1919,1920,1
36120.jpg,1919,1930,11
36130.jpg,1919,1983,64
36140.jpg,1919,1910,-9
36145.jpg,1919,1910,-9
36150.jpg,1919,1930,11
36155.jpg,1919,1930,11
36160.jpg,1919,1910,-9
36165.jpg,1919,1930,11
36170.jpg,1919,1890,-29
36175.jpg,1919,1960,41
36180.jpg,1919,1940,21
36190.jpg,1919,1938,19
36195.jpg,1919,1860,-59
36200.jpg,1919,1937,18
36205.jpg,1919,1957,38
36210.jpg,1919,1928,9
36215.jpg,1919,1910,-9
36225.jpg,1919,1915,-4
36230.jpg,1919,1910,-9
36235.jpg,1919,1910,-9
36240.jpg,1919,1910,-9
36245.jpg,1919,1910,-9
36250.jpg,1919,1930,11
36255.jpg,1919,1840,-79
36260.jpg,1919,1950,31
36265.jpg,1919,1910,-9
36270.jpg,1919,1910,-9
36275.jpg,1919,1933,14
36280.jpg,1919,1707,-212
36285.jpg,1919,1933,14
36290.jpg,1919,1988,69
36295.jpg,1919,1910,-9
36300.jpg,1919,1910,-9
36305.jpg,1919,1915,-4
36310.jpg,1919,1935,16
36315.jpg,1919,1910,-9
36320.jpg,1919,2010,91
36325.jpg,1919,1910,-9
36330.jpg,1919,1930,11
36335.jpg,1919,1928,9
36340.jpg,1919,1910,-9
36345.jpg,1919,1910,-9
36350.jpg,1920,1928,8
36355.jpg,1920,1910,-10
36360.jpg,1920,1928,8
36365.jpg,1920,1930,10
36370.jpg,1920,1930,10
36375.jpg,1920,1930,10
36385.jpg,1920,1949,29
36390.jpg,1920,1926,6
36395.jpg,1920,1915,-5
36400.jpg,1920,1880,-40
36405.jpg,1920,1930,10
36410.jpg,1920,1938,18
36415.jpg,1920,1870,-50
36420.jpg,1920,1910,-10
36425.jpg,1920,1930,10
36430.jpg,1920,1935,15
36435.jpg,1920,1910,-10
36440.jpg,1920,1795,-125
36445.jpg,1920,1910,-10
36450.jpg,1920,1930,10
36455.jpg,1920,1880,-40
36460.jpg,1920,1908,-12
36465.jpg,1920,1860,-60
36470.jpg,1920,1930,10
36475.jpg,1920,1910,-10
36480.jpg,1920,1910,-10
36485.jpg,1920,1910,-10
36490.jpg,1920,1920,0
36495.jpg,1920,1910,-10
36500.jpg,1920,1925,5
36505.jpg,1920,1910,-10
36510.jpg,1920,1870,-50
36515.jpg,1920,1880,-40
36520.jpg,1920,1910,-10
36525.jpg,1920,1870,-50
36530.jpg,1920,1880,-40
36535.jpg,1920,1905,-15
36540.jpg,1920,1910,-10
36545.jpg,1920,1930,10
36550.jpg,1920,1910,-10
36555.jpg,1920,1912,-8
36560.jpg,1920,1915,-5
36565.jpg,1920,1880,-40
36570.jpg,1920,1910,-10
36575.jpg,1920,1930,10
36580.jpg,1920,1910,-10
36585.jpg,1920,1915,-5
36590.jpg,1920,1930,10
36595.jpg,1920,1890,-30
36600.jpg,1920,1930,10
36605.jpg,1920,1910,-10
36610.jpg,1920,1930,10
36615.jpg,1920,1736,-184
36620.jpg,1920,1910,-10
36625.jpg,1920,1920,0
36630.jpg,1920,1910,-10
36635.jpg,1920,1910,-10
36640.jpg,1920,1910,-10
36650.jpg,1920,1930,10
36655.jpg,1920,1930,10
36660.jpg,1920,1919,-1
36665.jpg,1920,1920,0
36670.jpg,1920,1930,10
36675.jpg,1920,1910,-10
36680.jpg,1920,1910,-10
36685.jpg,1920,1880,-40
36690.jpg,1921,1928,7
36695.jpg,1921,1969,48
36700.jpg,1921,1935,14
36705.jpg,1921,1938,17
36710.jpg,1921,1910,-11
36715.jpg,1921,1923,2
36720.jpg,1921,1980,59
36725.jpg,1921,1910,-11
36735.jpg,1921,1980,59
36740.jpg,1921,1915,-6
36745.jpg,1921,1910,-11
36750.jpg,1921,1928,7
36755.jpg,1921,1928,7
36760.jpg,1921,1905,-16
36765.jpg,1921,1930,9
36770.jpg,1921,1935,14
36775.jpg,1921,1930,9
36780.jpg,1921,1910,-11
36785.jpg,1921,1930,9
36790.jpg,1921,1915,-6
36795.jpg,1921,1925,4
36800.jpg,1921,1910,-11
36805.jpg,1921,1905,-16
36810.jpg,1921,1937,16
36815.jpg,1921,1938,17
36820.jpg,1921,1930,9
36830.jpg,1921,1915,-6
36835.jpg,1921,1925,4
36840.jpg,1921,1910,-11
36845.jpg,1921,1930,9
36850.jpg,1921,1910,-11
36855.jpg,1921,1910,-11
36860.jpg,1921,1915,-6
36870.jpg,1921,1950,29
36875.jpg,1921,1870,-51
36880.jpg,1921,1880,-41
36885.jpg,1921,1915,-6
36890.jpg,1921,1928,7
36895.jpg,1921,1938,17
36900.jpg,1921,1928,7
36905.jpg,1921,1914,-7
36910.jpg,1921,1903,-18
36920.jpg,1921,1923,2
36925.jpg,1921,1934,13
36930.jpg,1921,1910,-11
36935.jpg,1921,1925,4
36940.jpg,1921,1910,-11
36945.jpg,1921,1928,7
36950.jpg,1921,1910,-11
36955.jpg,1921,1910,-11
36960.jpg,1921,1910,-11
36965.jpg,1921,1930,9
36970.jpg,1922,1930,8
36975.jpg,1922,1888,-34
36980.jpg,1922,1908,-14
36985.jpg,1922,1937,15
36990.jpg,1922,1929,7
36995.jpg,1922,1976,54
37000.jpg,1922,1971,49
37005.jpg,1922,1960,38
37010.jpg,1922,1930,8
37015.jpg,1922,1983,61
37020.jpg,1922,1910,-12
37025.jpg,1922,1920,-2
37030.jpg,1922,1930,8
37045.jpg,1922,1910,-12
37050.jpg,1922,1910,-12
37055.jpg,1922,1910,-12
37060.jpg,1922,1910,-12
37065.jpg,1922,1930,8
37070.jpg,1922,1910,-12
37075.jpg,1922,1906,-16
37080.jpg,1922,1938,16
37085.jpg,1922,1936,14
37090.jpg,1922,1910,-12
37095.jpg,1922,1928,6
37100.jpg,1922,1930,8
37105.jpg,1922,1880,-42
37110.jpg,1922,1990,68
37115.jpg,1922,1910,-12
37120.jpg,1922,1930,8
37125.jpg,1922,1910,-12
37130.jpg,1922,1910,-12
37135.jpg,1922,1910,-12
37140.jpg,1922,1910,-12
37145.jpg,1922,1910,-12
37150.jpg,1922,1880,-42
37155.jpg,1922,1930,8
37160.jpg,1922,1910,-12
37165.jpg,1922,1930,8
37170.jpg,1922,1910,-12
37175.jpg,1922,1910,-12
37180.jpg,1922,1780,-142
37185.jpg,1922,1930,8
37190.jpg,1922,1910,-12
37195.jpg,1922,1855,-67
37200.jpg,1922,1920,-2
37205.jpg,1922,1950,28
37210.jpg,1922,1910,-12
37215.jpg,1922,1985,63
37220.jpg,1922,1920,-2
37225.jpg,1922,1970,48
37230.jpg,1922,1910,-12
37235.jpg,1922,1928,6
37240.jpg,1922,1920,-2
37245.jpg,1922,1920,-2
37250.jpg,1922,1930,8
37255.jpg,1922,1960,38
37260.jpg,1922,1930,8
37270.jpg,1922,1930,8
37275.jpg,1922,1930,8
37280.jpg,1922,1930,8
37285.jpg,1922,1980,58
37290.jpg,1922,1935,13
37295.jpg,1922,1930,8
37300.jpg,1922,1910,-12
37305.jpg,1922,1910,-12
37310.jpg,1923,1937,14
37315.jpg,1923,1930,7
37320.jpg,1923,1930,7
37330.jpg,1923,2003,80
37335.jpg,1923,1940,17
37340.jpg,1923,1973,50
37345.jpg,1923,2012,89
37355.jpg,1923,1936,13
37360.jpg,1923,1910,-13
37365.jpg,1923,1938,15
37370.jpg,1923,1910,-13
37375.jpg,1923,1928,5
37380.jpg,1923,1930,7
37385.jpg,1923,1938,15
37390.jpg,1923,1912,-11
37395.jpg,1923,1930,7
37400.jpg,1923,1910,-13
37405.jpg,1923,1913,-10
37410.jpg,1923,1913,-10
37415.jpg,1923,1913,-10
37420.jpg,1923,1910,-13
37425.jpg,1923,1980,57
37430.jpg,1923,1910,-13
37435.jpg,1923,1930,7
37440.jpg,1923,1910,-13
37445.jpg,1923,1936,13
37450.jpg,1923,1930,7
37455.jpg,1923,1925,2
37460.jpg,1923,1985,62
37465.jpg,1923,1938,15
37470.jpg,1923,1950,27
37475.jpg,1923,1930,7
37480.jpg,1923,1910,-13
37485.jpg,1923,1910,-13
37490.jpg,1923,1920,-3
37495.jpg,1923,1930,7
37500.jpg,1923,1925,2
37505.jpg,1923,1930,7
37510.jpg,1923,1910,-13
37515.jpg,1923,1935,12
37520.jpg,1923,1910,-13
37525.jpg,1923,1905,-18
37530.jpg,1923,1910,-13
37535.jpg,1923,1910,-13
37540.jpg,1923,1930,7
37545.jpg,1923,1910,-13
37550.jpg,1923,1915,-8
37555.jpg,1923,1910,-13
37560.jpg,1923,1930,7
37565.jpg,1923,1810,-113
37570.jpg,1923,1928,5
37575.jpg,1923,1910,-13
37580.jpg,1923,1960,37
37585.jpg,1923,1958,35
37590.jpg,1923,1910,-13
37595.jpg,1923,1720,-203
37600.jpg,1923,1928,5
37605.jpg,1923,1905,-18
37610.jpg,1923,1937,14
37615.jpg,1923,1959,36
37620.jpg,1923,1950,27
37625.jpg,1923,1930,7
37630.jpg,1923,1905,-18
37635.jpg,1923,1930,7
37640.jpg,1923,1910,-13
37645.jpg,1923,1885,-38
37650.jpg,1923,1938,15
37655.jpg,1923,1930,7
37660.jpg,1923,1910,-13
37665.jpg,1923,1910,-13
37670.jpg,1924,1926,2
37675.jpg,1924,1930,6
37680.jpg,1924,1928,4
37685.jpg,1924,1908,-16
37690.jpg,1924,1928,4
37695.jpg,1924,1930,6
37700.jpg,1924,1935,11
37705.jpg,1924,1924,0
37710.jpg,1924,2009,85
37715.jpg,1924,1925,1
37720.jpg,1924,1960,36
37725.jpg,1924,1960,36
37730.jpg,1924,1985,61
37735.jpg,1924,1928,4
37740.jpg,1924,1930,6
37745.jpg,1924,1936,12
37750.jpg,1924,1910,-14
37755.jpg,1924,1910,-14
37760.jpg,1924,1910,-14
37765.jpg,1924,1910,-14
37770.jpg,1924,1905,-19
37775.jpg,1924,1930,6
37780.jpg,1924,1910,-14
37785.jpg,1924,1935,11
37790.jpg,1924,1910,-14
37795.jpg,1924,1909,-15
37805.jpg,1924,1926,2
37810.jpg,1924,1921,-3
37815.jpg,1924,1912,-12
37820.jpg,1924,1870,-54
37825.jpg,1924,1928,4
37830.jpg,1924,1910,-14
37835.jpg,1924,1938,14
37845.jpg,1924,2010,86
37850.jpg,1924,1930,6
37855.jpg,1924,1920,-4
37860.jpg,1924,1908,-16
37865.jpg,1924,1988,64
37870.jpg,1924,1910,-14
37875.jpg,1924,1970,46
37880.jpg,1924,1930,6
37885.jpg,1924,1930,6
37890.jpg,1924,1939,15
37895.jpg,1924,1920,-4
37900.jpg,1924,1928,4
37905.jpg,1924,1910,-14
37910.jpg,1924,1928,4
37915.jpg,1924,1910,-14
37920.jpg,1924,1930,6
37925.jpg,1924,1920,-4
37930.jpg,1924,1910,-14
37935.jpg,1924,1840,-84
37940.jpg,1924,1928,4
37945.jpg,1924,1960,36
37950.jpg,1924,1913,-11
37955.jpg,1924,1930,6
37960.jpg,1924,1965,41
37965.jpg,1924,1970,46
37970.jpg,1924,1910,-14
37975.jpg,1924,1910,-14
37980.jpg,1924,1908,-16
37985.jpg,1924,1960,36
37990.jpg,1924,1930,6
37995.jpg,1924,1910,-14
38000.jpg,1924,1926,2
38005.jpg,1924,1920,-4
38010.jpg,1924,1913,-11
38015.jpg,1924,1910,-14
38020.jpg,1924,1828,-96
38025.jpg,1924,1935,11
38030.jpg,1924,1910,-14
38035.jpg,1924,1933,9
38040.jpg,1924,1926,2
38045.jpg,1924,1936,12
38050.jpg,1924,1910,-14
38055.jpg,1924,1928,4
38060.jpg,1924,1880,-44
38065.jpg,1924,1910,-14
38070.jpg,1924,1936,12
38075.jpg,1924,1938,14
38080.jpg,1925,1920,-5
38085.jpg,1925,1908,-17
38090.jpg,1925,1930,5
38095.jpg,1925,1930,5
38100.jpg,1925,1957,32
38105.jpg,1925,1930,5
38110.jpg,1925,1928,3
38115.jpg,1925,1980,55
38120.jpg,1925,1980,55
38125.jpg,1925,1950,25
38130.jpg,1925,2019,94
38135.jpg,1925,1985,60
38140.jpg,1925,1918,-7
38145.jpg,1925,1928,3
38150.jpg,1925,1935,10
38155.jpg,1925,1910,-15
38160.jpg,1925,1910,-15
38165.jpg,1925,1938,13
38170.jpg,1925,1936,11
38175.jpg,1925,1930,5
38180.jpg,1925,1930,5
38185.jpg,1925,1936,11
38190.jpg,1925,1960,35
38195.jpg,1925,1935,10
38200.jpg,1925,1936,11
38205.jpg,1925,1930,5
38210.jpg,1925,1928,3
38215.jpg,1925,1930,5
38220.jpg,1925,1913,-12
38225.jpg,1925,1928,3
38230.jpg,1925,1928,3
38235.jpg,1925,1928,3
38245.jpg,1925,1936,11
38255.jpg,1925,1938,13
38260.jpg,1925,1938,13
38265.jpg,1925,1928,3
38270.jpg,1925,1870,-55
38275.jpg,1925,1938,13
38280.jpg,1925,1930,5
38285.jpg,1925,1930,5
38290.jpg,1925,1895,-30
38295.jpg,1925,1910,-15
38300.jpg,1925,1910,-15
38305.jpg,1925,1925,0
38310.jpg,1925,1885,-40
38315.jpg,1925,1910,-15
38320.jpg,1925,1910,-15
38325.jpg,1925,1930,5
38330.jpg,1925,1910,-15
38335.jpg,1925,1930,5
38340.jpg,1925,1915,-10
38345.jpg,1925,1910,-15
38350.jpg,1925,1910,-15
38355.jpg,1925,1930,5
38360.jpg,1925,1915,-10
38365.jpg,1925,1910,-15
38370.jpg,1925,1910,-15
38375.jpg,1925,1928,3
38380.jpg,1925,1915,-10
38385.jpg,1925,1915,-10
38390.jpg,1925,1910,-15
38395.jpg,1925,1910,-15
38400.jpg,1925,1910,-15
38405.jpg,1925,1895,-30
38410.jpg,1925,1910,-15
38415.jpg,1925,1930,5
38420.jpg,1925,1910,-15
38425.jpg,1925,1908,-17
38435.jpg,1925,1935,10
38440.jpg,1925,1920,-5
38450.jpg,1925,1910,-15
38455.jpg,1925,1937,12
38460.jpg,1925,1930,5
38465.jpg,1925,1910,-15
38470.jpg,1925,1930,5
38475.jpg,1925,1910,-15
38480.jpg,1925,1910,-15
38490.jpg,1925,1908,-17
38495.jpg,1925,1925,0
38500.jpg,1925,1923,-2
38505.jpg,1925,1910,-15
38510.jpg,1925,1915,-10
38515.jpg,1926,1878,-48
38520.jpg,1926,1912,-14
38525.jpg,1926,1928,2
38530.jpg,1926,1910,-16
38535.jpg,1926,1950,24
38540.jpg,1926,1927,1
38545.jpg,1926,1880,-46
38550.jpg,1926,1938,12
38555.jpg,1926,1930,4
38560.jpg,1926,1927,1
38565.jpg,1926,1920,-6
38570.jpg,1926,1930,4
38575.jpg,1926,1970,44
38580.jpg,1926,1960,34
38585.jpg,1926,1963,37
38590.jpg,1926,1950,24
38595.jpg,1926,1990,64
38600.jpg,1926,1930,4
38605.jpg,1926,1970,44
38610.jpg,1926,1910,-16
38620.jpg,1926,1935,9
38625.jpg,1926,1930,4
38630.jpg,1926,1930,4
38635.jpg,1926,1930,4
38640.jpg,1926,1930,4
38645.jpg,1926,1950,24
38650.jpg,1926,1930,4
38655.jpg,1926,1958,32
38660.jpg,1926,1935,9
38665.jpg,1926,1930,4
38670.jpg,1926,1936,10
38675.jpg,1926,1928,2
38680.jpg,1926,1913,-13
38685.jpg,1926,1913,-13
38690.jpg,1926,1938,12
38695.jpg,1926,1936,10
38700.jpg,1926,1936,10
38705.jpg,1926,1881,-45
38710.jpg,1926,1937,11
38715.jpg,1926,1930,4
38720.jpg,1926,1910,-16
38725.jpg,1926,1930,4
38730.jpg,1926,1926,0
38735.jpg,1926,1937,11
38740.jpg,1926,1960,34
38745.jpg,1926,1940,14
38750.jpg,1926,1926,0
38755.jpg,1926,1927,1
38760.jpg,1926,1930,4
38765.jpg,1926,1935,9
38770.jpg,1926,1928,2
38775.jpg,1926,1748,-178
38780.jpg,1926,1930,4
38785.jpg,1926,1920,-6
38790.jpg,1926,1925,-1
38795.jpg,1926,1915,-11
38800.jpg,1926,1910,-16
38805.jpg,1926,1928,2
38810.jpg,1926,1920,-6
38815.jpg,1926,1815,-111
38820.jpg,1926,1910,-16
38825.jpg,1926,1930,4
38830.jpg,1926,1910,-16
38835.jpg,1926,1910,-16
38840.jpg,1926,1930,4
38845.jpg,1926,1930,4
38850.jpg,1926,1930,4
38855.jpg,1926,1930,4
38860.jpg,1926,1910,-16
38865.jpg,1926,1937,11
38870.jpg,1926,1920,-6
38875.jpg,1926,1930,4
38880.jpg,1926,1931,5
38885.jpg,1926,1903,-23
38890.jpg,1926,1930,4
38895.jpg,1926,1950,24
38905.jpg,1926,1890,-36
38910.jpg,1926,1908,-18
38915.jpg,1926,1930,4
38920.jpg,1926,1930,4
38925.jpg,1926,1930,4
38930.jpg,1926,1926,0
38935.jpg,1926,1910,-16
38940.jpg,1926,1930,4
38945.jpg,1926,1930,4
38950.jpg,1926,1982,56
38955.jpg,1926,1970,44
38960.jpg,1926,1926,0
38965.jpg,1926,1910,-16
38970.jpg,1926,1928,2
38975.jpg,1926,1930,4
38980.jpg,1926,1930,4
38985.jpg,1926,1928,2
38990.jpg,1926,1930,4
38995.jpg,1927,1938,11
39000.jpg,1927,1937,10
39005.jpg,1927,1935,8
39010.jpg,1927,1928,1
39020.jpg,1927,1930,3
39025.jpg,1927,1930,3
39030.jpg,1927,1910,-17
39035.jpg,1927,1930,3
39040.jpg,1927,1928,1
39045.jpg,1927,1930,3
39050.jpg,1927,1910,-17
39055.jpg,1927,1927,0
39060.jpg,1927,1923,-4
39065.jpg,1927,1928,1
39070.jpg,1927,1930,3
39075.jpg,1927,1928,1
39080.jpg,1927,1930,3
39085.jpg,1927,1976,49
39090.jpg,1927,1970,43
39110.jpg,1927,1970,43
39115.jpg,1927,1928,1
39120.jpg,1927,1928,1
39125.jpg,1927,1930,3
39130.jpg,1927,1910,-17
39135.jpg,1927,1930,3
39140.jpg,1927,1910,-17
39145.jpg,1927,1935,8
39150.jpg,1927,1928,1
39155.jpg,1927,1930,3
39160.jpg,1927,1920,-7
39165.jpg,1927,1930,3
39170.jpg,1927,1910,-17
39175.jpg,1927,1928,1
39180.jpg,1927,1910,-17
39185.jpg,1927,1910,-17
39190.jpg,1927,1910,-17
39195.jpg,1927,1928,1
39200.jpg,1927,1928,1
39205.jpg,1927,1928,1
39210.jpg,1927,1930,3
39215.jpg,1927,1931,4
39220.jpg,1927,1929,2
39225.jpg,1927,1906,-21
39230.jpg,1927,1910,-17
39235.jpg,1927,1908,-19
39240.jpg,1927,1935,8
39245.jpg,1927,1935,8
39250.jpg,1927,1935,8
39255.jpg,1927,1910,-17
39260.jpg,1927,1930,3
39265.jpg,1927,1936,9
39270.jpg,1927,1930,3
39275.jpg,1927,1930,3
39280.jpg,1927,1930,3
39285.jpg,1927,1930,3
39290.jpg,1927,1930,3
39295.jpg,1927,1930,3
39300.jpg,1927,1928,1
39305.jpg,1927,1910,-17
39310.jpg,1927,1928,1
39315.jpg,1927,1930,3
39320.jpg,1927,1790,-137
39325.jpg,1927,1930,3
39330.jpg,1927,1930,3
39335.jpg,1927,1915,-12
39340.jpg,1927,1927,0
39345.jpg,1927,1910,-17
39350.jpg,1927,1910,-17
39355.jpg,1927,1950,23
39360.jpg,1927,1930,3
39365.jpg,1927,1930,3
39370.jpg,1927,1985,58
39375.jpg,1927,1910,-17
39380.jpg,1927,1910,-17
39385.jpg,1927,1938,11
39390.jpg,1927,1930,3
39395.jpg,1927,1868,-59
39400.jpg,1927,1910,-17
39405.jpg,1927,1909,-18
39410.jpg,1927,1968,41
39415.jpg,1927,1926,-1
39420.jpg,1927,1927,0
39425.jpg,1927,1935,8
39430.jpg,1927,1910,-17
39435.jpg,1927,1910,-17
39440.jpg,1927,1928,1
39445.jpg,1927,1928,1
39450.jpg,1927,1909,-18
39455.jpg,1927,1932,5
39460.jpg,1927,1967,40
39465.jpg,1927,1902,-25
39470.jpg,1927,1910,-17
39475.jpg,1927,1913,-14
39480.jpg,1927,1928,1
39485.jpg,1927,1930,3
39490.jpg,1927,1933,6
39495.jpg,1927,1910,-17
39500.jpg,1927,1910,-17
39505.jpg,1927,1930,3
39510.jpg,1928,1928,0
39515.jpg,1928,1930,2
39520.jpg,1928,1930,2
39525.jpg,1928,1928,0
39530.jpg,1928,1930,2
39535.jpg,1928,1928,0
39540.jpg,1928,1928,0
39545.jpg,1928,1913,-15
39550.jpg,1928,1910,-18
39555.jpg,1928,1928,0
39560.jpg,1928,1928,0
39565.jpg,1928,1930,2
39570.jpg,1928,1928,0
39575.jpg,1928,2010,82
39580.jpg,1928,1910,-18
39585.jpg,1928,1933,5
39590.jpg,1928,1923,-5
39595.jpg,1928,1915,-13
39600.jpg,1928,1937,9
39605.jpg,1928,2013,85
39610.jpg,1928,1970,42
39615.jpg,1928,1980,52
39620.jpg,1928,1930,2
39625.jpg,1928,1910,-18
39630.jpg,1928,1928,0
39635.jpg,1928,1910,-18
39640.jpg,1928,1930,2
39645.jpg,1928,1930,2
39650.jpg,1928,1930,2
39655.jpg,1928,1936,8
39660.jpg,1928,1930,2
39665.jpg,1928,1910,-18
39670.jpg,1928,1928,0
39675.jpg,1928,1928,0
39680.jpg,1928,1928,0
39685.jpg,1928,1928,0
39690.jpg,1928,1910,-18
39695.jpg,1928,1913,-15
39700.jpg,1928,1913,-15
39705.jpg,1928,1933,5
39710.jpg,1928,1913,-15
39715.jpg,1928,1929,1
39720.jpg,1928,1930,2
39725.jpg,1928,1910,-18
39730.jpg,1928,1938,10
39735.jpg,1928,1910,-18
39740.jpg,1928,1960,32
39745.jpg,1928,1930,2
39750.jpg,1928,1977,49
39755.jpg,1928,1885,-43
39760.jpg,1928,1870,-58
39765.jpg,1928,1924,-4
39770.jpg,1928,1745,-183
39775.jpg,1928,1928,0
39780.jpg,1928,1910,-18
39785.jpg,1928,1915,-13
39790.jpg,1928,1910,-18
39795.jpg,1928,1910,-18
39800.jpg,1928,1928,0
39805.jpg,1928,1910,-18
39810.jpg,1928,1930,2
39815.jpg,1928,1910,-18
39820.jpg,1928,1910,-18
39825.jpg,1928,1930,2
39830.jpg,1928,1930,2
39835.jpg,1928,1925,-3
39840.jpg,1928,1920,-8
39845.jpg,1928,1910,-18
39850.jpg,1928,1950,22
39855.jpg,1928,1925,-3
39860.jpg,1928,1925,-3
39865.jpg,1928,1885,-43
39870.jpg,1928,1880,-48
39875.jpg,1928,1915,-13
39880.jpg,1928,1930,2
39885.jpg,1928,1910,-18
39890.jpg,1928,1910,-18
39895.jpg,1928,1935,7
39900.jpg,1928,1996,68
39905.jpg,1928,1933,5
39910.jpg,1928,1936,8
39915.jpg,1928,1840,-88
39920.jpg,1928,1930,2
39925.jpg,1928,1930,2
39930.jpg,1928,1928,0
39935.jpg,1928,1910,-18
39940.jpg,1928,1930,2
39945.jpg,1928,1930,2
39950.jpg,1928,1930,2
39955.jpg,1928,1870,-58
39960.jpg,1928,1930,2
39965.jpg,1928,1908,-20
39970.jpg,1928,1935,7
39975.jpg,1928,1910,-18
39980.jpg,1928,1900,-28
39985.jpg,1928,1938,10
39990.jpg,1928,1933,5
39995.jpg,1928,1930,2
40000.jpg,1928,1928,0
40010.jpg,1928,1937,9
40015.jpg,1928,1910,-18
40020.jpg,1928,1915,-13
40025.jpg,1928,1930,2
40030.jpg,1928,1930,2
40035.jpg,1928,1910,-18
40040.jpg,1928,1930,2
40045.jpg,1929,1910,-19
40050.jpg,1929,1927,-2
40055.jpg,1929,1930,1
40060.jpg,1929,1930,1
40065.jpg,1929,1926,-3
40070.jpg,1929,1886,-43
40075.jpg,1929,1930,1
40080.jpg,1929,1838,-91
40095.jpg,1929,1936,7
40105.jpg,1929,1936,7
40110.jpg,1929,1935,6
40115.jpg,1929,1930,1
40120.jpg,1929,1910,-19
40125.jpg,1929,1935,6
40130.jpg,1929,1930,1
40135.jpg,1929,1928,-1
40140.jpg,1929,1930,1
40145.jpg,1929,1933,4
40150.jpg,1929,1928,-1
40155.jpg,1929,1910,-19
40160.jpg,1929,1930,1
40165.jpg,1929,1928,-1
40170.jpg,1929,1926,-3
40175.jpg,1929,1928,-1
40180.jpg,1929,1930,1
40185.jpg,1929,1928,-1
40190.jpg,1929,1913,-16
40195.jpg,1929,1928,-1
40200.jpg,1929,1928,-1
40205.jpg,1929,1913,-16
40210.jpg,1929,1928,-1
40215.jpg,1929,1933,4
40220.jpg,1929,1912,-17
40225.jpg,1929,1930,1
40230.jpg,1929,1880,-49
40235.jpg,1929,1910,-19
40240.jpg,1929,1930,1
40245.jpg,1929,1930,1
40250.jpg,1929,1968,39
40255.jpg,1929,1910,-19
40260.jpg,1929,1905,-24
40265.jpg,1929,1930,1
40270.jpg,1929,1926,-3
40275.jpg,1929,1930,1
40280.jpg,1929,1940,11
40285.jpg,1929,1933,4
40290.jpg,1929,1937,8
40295.jpg,1929,1930,1
40305.jpg,1929,1928,-1
40310.jpg,1929,1930,1
40315.jpg,1929,1930,1
40320.jpg,1929,1920,-9
40325.jpg,1929,1925,-4
40330.jpg,1929,1915,-14
40335.jpg,1929,1620,-309
40340.jpg,1929,1930,1
40345.jpg,1929,1930,1
40350.jpg,1929,1893,-36
40355.jpg,1929,1910,-19
40360.jpg,1929,1910,-19
40365.jpg,1929,1920,-9
40370.jpg,1929,1920,-9
40375.jpg,1929,1925,-4
40380.jpg,1929,1910,-19
40385.jpg,1929,1930,1
40390.jpg,1929,1930,1
40395.jpg,1929,1930,1
40400.jpg,1929,1910,-19
40405.jpg,1929,1905,-24
40410.jpg,1929,1933,4
40415.jpg,1929,1935,6
40420.jpg,1929,1930,1
40425.jpg,1929,1920,-9
40430.jpg,1929,1885,-44
40435.jpg,1929,1925,-4
40440.jpg,1929,1905,-24
40450.jpg,1929,1910,-19
40455.jpg,1929,1930,1
40460.jpg,1929,1980,51
40465.jpg,1929,1913,-16
40470.jpg,1929,1929,0
40475.jpg,1929,1928,-1
40480.jpg,1929,1930,1
40485.jpg,1929,1928,-1
40490.jpg,1929,1920,-9
40495.jpg,1929,1910,-19
40500.jpg,1929,1928,-1
40505.jpg,1929,1963,34
40510.jpg,1929,1928,-1
40515.jpg,1929,1928,-1
40520.jpg,1929,1928,-1
40525.jpg,1929,1910,-19
40530.jpg,1929,1930,1
40535.jpg,1929,1938,9
40540.jpg,1930,1913,-17
40545.jpg,1930,2000,70
40550.jpg,1930,1930,0
40555.jpg,1930,1936,6
40560.jpg,1930,2006,76
40565.jpg,1930,1980,50
40570.jpg,1930,1910,-20
40575.jpg,1930,1920,-10
40580.jpg,1930,1910,-20
40585.jpg,1930,1930,0
40590.jpg,1930,1910,-20
40595.jpg,1930,1930,0
40600.jpg,1930,1935,5
40605.jpg,1930,1934,4
40610.jpg,1930,1891,-39
40615.jpg,1930,1845,-85
40620.jpg,1930,1930,0
40625.jpg,1930,1936,6
40630.jpg,1930,1936,6
40635.jpg,1930,1928,-2
40640.jpg,1930,1930,0
40645.jpg,1930,1950,20
40650.jpg,1930,1930,0
40655.jpg,1930,1932,2
40660.jpg,1930,1930,0
40665.jpg,1930,1950,20
40670.jpg,1930,1960,30
40675.jpg,1930,1886,-44
40680.jpg,1930,1835,-95
40685.jpg,1930,1930,0
40690.jpg,1930,1930,0
40695.jpg,1930,1910,-20
40700.jpg,1930,1910,-20
40705.jpg,1930,1930,0
40710.jpg,1930,1750,-180
40715.jpg,1930,1910,-20
40720.jpg,1930,1910,-20
40725.jpg,1930,1930,0
40730.jpg,1930,1925,-5
40735.jpg,1930,1920,-10
40740.jpg,1930,1930,0
40745.jpg,1930,1928,-2
40750.jpg,1930,1740,-190
40755.jpg,1930,1930,0
40760.jpg,1930,1930,0
40765.jpg,1930,1930,0
40770.jpg,1930,1928,-2
40775.jpg,1930,1908,-22
40780.jpg,1930,2005,75
40785.jpg,1930,1930,0
40790.jpg,1930,1930,0
40795.jpg,1930,1930,0
40800.jpg,1930,1930,0
40805.jpg,1930,1927,-3
40810.jpg,1930,1928,-2
40815.jpg,1930,1928,-2
40820.jpg,1930,1913,-17
40825.jpg,1930,1910,-20
40830.jpg,1930,1916,-14
40835.jpg,1930,1928,-2
40840.jpg,1930,1928,-2
40845.jpg,1930,1933,3
40850.jpg,1930,1929,-1
40855.jpg,1930,1928,-2
40860.jpg,1930,1930,0
40865.jpg,1930,1920,-10
40870.jpg,1930,1930,0
40875.jpg,1930,1913,-17
40885.jpg,1930,1930,0
40890.jpg,1930,1920,-10
40895.jpg,1930,1937,7
40900.jpg,1930,1933,3
40905.jpg,1930,1923,-7
40910.jpg,1930,1930,0
40915.jpg,1930,1930,0
40920.jpg,1930,1910,-20
40925.jpg,1930,1928,-2
40930.jpg,1930,1930,0
40935.jpg,1930,1937,7
40940.jpg,1930,1928,-2
40950.jpg,1930,1928,-2
40960.jpg,1930,1930,0
40965.jpg,1931,1972,41
40970.jpg,1931,1938,7
40975.jpg,1931,1968,37
40980.jpg,1931,1930,-1
40985.jpg,1931,1921,-10
40990.jpg,1931,1930,-1
40995.jpg,1931,1930,-1
41000.jpg,1931,1929,-2
41005.jpg,1931,1930,-1
41010.jpg,1931,1976,45
41015.jpg,1931,1976,45
41020.jpg,1931,1936,5
41025.jpg,1931,1999,68
41030.jpg,1931,2005,74
41035.jpg,1931,1936,5
41040.jpg,1931,1931,0
41045.jpg,1931,1930,-1
41050.jpg,1931,1910,-21
41055.jpg,1931,1930,-1
41060.jpg,1931,1938,7
41065.jpg,1931,1910,-21
41070.jpg,1931,1935,4
41075.jpg,1931,1929,-2
41080.jpg,1931,1928,-3
41085.jpg,1931,1928,-3
41095.jpg,1931,1928,-3
41100.jpg,1931,1928,-3
41105.jpg,1931,1910,-21
41110.jpg,1931,1920,-11
41115.jpg,1931,1930,-1
41120.jpg,1931,1930,-1
41125.jpg,1931,1934,3
41130.jpg,1931,1970,39
41135.jpg,1931,1930,-1
41140.jpg,1931,1910,-21
41150.jpg,1931,1910,-21
41155.jpg,1931,1750,-181
41160.jpg,1931,1933,2
41165.jpg,1931,1905,-26
41170.jpg,1931,1750,-181
41175.jpg,1931,1912,-19
41180.jpg,1931,1910,-21
41185.jpg,1931,1930,-1
41190.jpg,1931,1910,-21
41195.jpg,1931,1915,-16
41200.jpg,1931,1910,-21
41205.jpg,1931,1910,-21
41210.jpg,1931,1920,-11
41215.jpg,1931,1910,-21
41220.jpg,1931,1915,-16
41225.jpg,1931,1780,-151
41230.jpg,1931,1927,-4
41235.jpg,1931,1974,43
41240.jpg,1931,1910,-21
41245.jpg,1931,1911,-20
41250.jpg,1931,1930,-1
41255.jpg,1931,1939,8
41260.jpg,1931,1930,-1
41265.jpg,1931,1929,-2
41270.jpg,1931,1930,-1
41275.jpg,1931,1936,5
41280.jpg,1931,1930,-1
41285.jpg,1931,1938,7
41290.jpg,1931,1930,-1
41295.jpg,1931,1981,50
41305.jpg,1931,1936,5
41310.jpg,1932,1935,3
41320.jpg,1932,1932,0
41325.jpg,1932,1777,-155
41330.jpg,1932,1930,-2
41340.jpg,1932,1970,38
41345.jpg,1932,1910,-22
41350.jpg,1932,1935,3
41355.jpg,1932,1930,-2
41360.jpg,1932,1930,-2
41365.jpg,1932,1910,-22
41370.jpg,1932,1931,-1
41375.jpg,1932,1957,25
41380.jpg,1932,1913,-19
41385.jpg,1932,1914,-18
41390.jpg,1932,1920,-12
41395.jpg,1932,1930,-2
41400.jpg,1932,1950,18
41405.jpg,1932,1930,-2
41410.jpg,1932,1910,-22
41415.jpg,1932,1932,0
41420.jpg,1932,1908,-24
41425.jpg,1932,1910,-22
41430.jpg,1932,1920,-12
41435.jpg,1932,1880,-52
41440.jpg,1932,1840,-92
41445.jpg,1932,1936,4
41450.jpg,1932,1920,-12
41455.jpg,1932,1740,-192
41460.jpg,1932,1740,-192
41465.jpg,1932,1930,-2
41470.jpg,1932,1970,38
41475.jpg,1932,1910,-22
41480.jpg,1932,1938,6
41485.jpg,1932,1936,4
41490.jpg,1932,1937,5
41495.jpg,1932,1939,7
41500.jpg,1932,1997,65
41505.jpg,1932,1930,-2
41510.jpg,1932,1936,4
41515.jpg,1932,1937,5
41520.jpg,1932,1930,-2
41525.jpg,1932,1935,3
41530.jpg,1932,1910,-22
41535.jpg,1932,1910,-22
41540.jpg,1932,1939,7
41545.jpg,1932,1928,-4
41550.jpg,1932,2003,71
41555.jpg,1932,1928,-4
41560.jpg,1932,1905,-27
41565.jpg,1932,1928,-4
41570.jpg,1933,1980,47
41575.jpg,1933,1910,-23
41580.jpg,1933,1875,-58
41585.jpg,1933,1980,47
41590.jpg,1933,1970,37
41595.jpg,1933,1937,4
41600.jpg,1933,1910,-23
41605.jpg,1933,1928,-5
41610.jpg,1933,1928,-5
41615.jpg,1933,1924,-9
41620.jpg,1933,1980,47
41625.jpg,1933,1940,7
41630.jpg,1933,1930,-3
41635.jpg,1933,1930,-3
41640.jpg,1933,1720,-213
41645.jpg,1933,1880,-53
41650.jpg,1933,1910,-23
41655.jpg,1933,1910,-23
41660.jpg,1933,1934,1
41665.jpg,1933,1930,-3
41670.jpg,1933,1937,4
41675.jpg,1933,1936,3
41680.jpg,1933,1938,5
41685.jpg,1933,1910,-23
41690.jpg,1933,1930,-3
41695.jpg,1933,1933,0
41700.jpg,1933,1910,-23
41705.jpg,1933,1934,1
41710.jpg,1933,1936,3
41715.jpg,1933,1905,-28
41720.jpg,1933,1895,-38
41725.jpg,1933,1930,-3
41730.jpg,1933,1910,-23
41745.jpg,1933,1790,-143
41750.jpg,1933,1935,2
41755.jpg,1933,1930,-3
41760.jpg,1933,1960,27
41765.jpg,1933,1930,-3
41770.jpg,1933,1910,-23
41775.jpg,1933,1910,-23
41780.jpg,1933,1839,-94
41785.jpg,1933,1910,-23
41790.jpg,1933,1930,-3
41795.jpg,1933,1968,35
41800.jpg,1933,1930,-3
41805.jpg,1933,1947,14
41810.jpg,1933,1930,-3
41815.jpg,1933,1910,-23
41820.jpg,1933,1930,-3
41825.jpg,1933,1930,-3
41830.jpg,1933,1935,2
41835.jpg,1934,1860,-74
41840.jpg,1934,1930,-4
41845.jpg,1934,1960,26
41850.jpg,1934,1930,-4
41855.jpg,1934,1970,36
41860.jpg,1934,1980,46
41865.jpg,1934,2010,76
41870.jpg,1934,1995,61
41875.jpg,1934,1938,4
41880.jpg,1934,1920,-14
41885.jpg,1934,1930,-4
41890.jpg,1934,1938,4
41895.jpg,1934,2006,72
41900.jpg,1934,1926,-8
41905.jpg,1934,1930,-4
41910.jpg,1934,1935,1
41915.jpg,1934,1930,-4
41920.jpg,1934,1970,36
41925.jpg,1934,1890,-44
41930.jpg,1934,1936,2
41935.jpg,1934,1930,-4
41940.jpg,1934,1930,-4
41945.jpg,1934,1936,2
41950.jpg,1934,1930,-4
41955.jpg,1934,1920,-14
41960.jpg,1934,1930,-4
41965.jpg,1934,1920,-14
41970.jpg,1934,1738,-196
41975.jpg,1934,1983,49
41980.jpg,1934,1930,-4
41985.jpg,1934,1930,-4
41990.jpg,1934,1930,-4
41995.jpg,1934,1930,-4
42000.jpg,1934,1920,-14
42005.jpg,1934,1920,-14
42010.jpg,1935,1905,-30
42015.jpg,1935,1910,-25
42020.jpg,1935,1937,2
42025.jpg,1935,1930,-5
42035.jpg,1935,1985,50
42040.jpg,1935,1980,45
42045.jpg,1935,1937,2
42050.jpg,1935,1930,-5
42060.jpg,1935,1935,0
42065.jpg,1935,1938,3
42070.jpg,1935,1930,-5
42075.jpg,1935,1935,0
42080.jpg,1935,1930,-5
42085.jpg,1935,1880,-55
42090.jpg,1935,1938,3
42095.jpg,1935,1874,-61
42100.jpg,1935,1980,45
42105.jpg,1935,1936,1
42110.jpg,1935,1930,-5
42115.jpg,1935,1933,-2
42120.jpg,1935,1933,-2
42125.jpg,1935,1840,-95
42130.jpg,1935,1930,-5
42135.jpg,1935,1930,-5
42140.jpg,1935,1920,-15
42145.jpg,1935,1760,-175
42150.jpg,1935,1835,-100
42155.jpg,1935,1835,-100
42160.jpg,1935,1915,-20
42165.jpg,1935,1920,-15
42170.jpg,1935,1937,2
42175.jpg,1935,2005,70
42180.jpg,1935,1930,-5
42185.jpg,1935,1960,25
42190.jpg,1935,1935,0
42195.jpg,1935,1970,35
42200.jpg,1935,1970,35
42205.jpg,1935,1915,-20
42210.jpg,1935,1930,-5
42215.jpg,1935,1910,-25
42220.jpg,1935,1920,-15
42225.jpg,1935,1930,-5
42230.jpg,1935,1933,-2
42235.jpg,1935,1933,-2
42240.jpg,1935,1930,-5
42250.jpg,1935,1938,3
42255.jpg,1935,1938,3
42260.jpg,1935,1938,3
42265.jpg,1935,1930,-5
42270.jpg,1935,1933,-2
42275.jpg,1935,1930,-5
42280.jpg,1935,1905,-30
42285.jpg,1935,1938,3
42290.jpg,1935,1930,-5
42295.jpg,1936,1930,-6
42300.jpg,1936,1960,24
42305.jpg,1936,1935,-1
42310.jpg,1936,1920,-16
42315.jpg,1936,1933,-3
42320.jpg,1936,1970,34
42325.jpg,1936,1950,14
42330.jpg,1936,2016,80
42335.jpg,1936,1967,31
42340.jpg,1936,1935,-1
42345.jpg,1936,1938,2
42350.jpg,1936,1930,-6
42355.jpg,1936,1910,-26
42360.jpg,1936,1985,49
42365.jpg,1936,1921,-15
42370.jpg,1936,1936,0
42375.jpg,1936,1910,-26
42380.jpg,1936,1960,24
42385.jpg,1936,1933,-3
42390.jpg,1936,1937,1
42395.jpg,1936,1942,6
42400.jpg,1936,1930,-6
42405.jpg,1936,1910,-26
42410.jpg,1936,2007,71
42415.jpg,1936,1938,2
42420.jpg,1936,1932,-4
42425.jpg,1936,1936,0
42430.jpg,1936,1927,-9
42435.jpg,1936,1920,-16
42440.jpg,1936,1938,2
42445.jpg,1936,1920,-16
42450.jpg,1936,1920,-16
42455.jpg,1936,1954,18
42460.jpg,1936,1936,0
42465.jpg,1936,1935,-1
42470.jpg,1936,1960,24
42475.jpg,1936,1930,-6
42480.jpg,1936,1685,-251
42485.jpg,1936,1936,0
42490.jpg,1936,1935,-1
42495.jpg,1936,1938,2
42500.jpg,1936,1930,-6
42505.jpg,1936,1920,-16
42510.jpg,1936,1930,-6
42515.jpg,1936,1936,0
42520.jpg,1936,1900,-36
42525.jpg,1936,1928,-8
42530.jpg,1936,1970,34
42535.jpg,1936,1938,2
42540.jpg,1936,1908,-28
42545.jpg,1936,1930,-6
42550.jpg,1936,1937,1
42555.jpg,1936,1600,-336
42560.jpg,1936,1930,-6
42565.jpg,1936,1867,-69
42570.jpg,1936,1939,3
42575.jpg,1936,1930,-6
42585.jpg,1936,1960,24
42595.jpg,1936,1938,2
42600.jpg,1936,1933,-3
42610.jpg,1937,1935,-2
42615.jpg,1937,1937,0
42620.jpg,1937,1930,-7
42625.jpg,1937,1930,-7
42630.jpg,1937,2005,68
42635.jpg,1937,1938,1
42640.jpg,1937,2003,66
42645.jpg,1937,1930,-7
42650.jpg,1937,1953,16
42655.jpg,1937,2010,73
42660.jpg,1937,1910,-27
42665.jpg,1937,1920,-17
42670.jpg,1937,1910,-27
42675.jpg,1937,1930,-7
42680.jpg,1937,1978,41
42685.jpg,1937,1930,-7
42690.jpg,1937,1970,33
42695.jpg,1937,1930,-7
42700.jpg,1937,1936,-1
42705.jpg,1937,1936,-1
42710.jpg,1937,1930,-7
42715.jpg,1937,1980,43
42720.jpg,1937,1910,-27
42725.jpg,1937,1910,-27
42730.jpg,1937,1970,33
42735.jpg,1937,1940,3
42740.jpg,1937,1933,-4
42745.jpg,1937,1915,-22
42750.jpg,1937,1960,23
42755.jpg,1937,1904,-33
42765.jpg,1937,1928,-9
42770.jpg,1937,1950,13
42775.jpg,1937,1930,-7
42780.jpg,1937,1947,10
42785.jpg,1937,1949,12
42790.jpg,1937,1910,-27
42795.jpg,1937,1937,0
42800.jpg,1937,1930,-7
42805.jpg,1937,1937,0
42810.jpg,1937,1825,-112
42815.jpg,1937,1930,-7
42820.jpg,1937,1995,58
42825.jpg,1937,1882,-55
42830.jpg,1937,1942,5
42835.jpg,1937,1930,-7
42840.jpg,1937,1935,-2
42845.jpg,1937,1936,-1
42850.jpg,1937,1954,17
42855.jpg,1937,1930,-7
42860.jpg,1937,1925,-12
42865.jpg,1937,1930,-7
42870.jpg,1937,1938,1
42875.jpg,1937,1950,13
42880.jpg,1937,1910,-27
42885.jpg,1937,1930,-7
42890.jpg,1937,1930,-7
42895.jpg,1937,1930,-7
42900.jpg,1937,1930,-7
42905.jpg,1937,1935,-2
42910.jpg,1937,1906,-31
42915.jpg,1938,1938,0
42920.jpg,1938,1930,-8
42925.jpg,1938,1920,-18
42930.jpg,1938,1928,-10
42935.jpg,1938,1910,-28
42940.jpg,1938,1998,60
42945.jpg,1938,2016,78
42950.jpg,1938,1976,38
42955.jpg,1938,1970,32
42960.jpg,1938,1936,-2
42965.jpg,1938,1936,-2
42970.jpg,1938,1938,0
42975.jpg,1938,1928,-10
42980.jpg,1938,1930,-8
42985.jpg,1938,1910,-28
42990.jpg,1938,1930,-8
42995.jpg,1938,1935,-3
43000.jpg,1938,1930,-8
43005.jpg,1938,1928,-10
43010.jpg,1938,1905,-33
43015.jpg,1938,1930,-8
43020.jpg,1938,1880,-58
43025.jpg,1938,1985,47
43030.jpg,1938,1920,-18
43035.jpg,1938,1892,-46
43040.jpg,1938,1930,-8
43045.jpg,1938,1929,-9
43050.jpg,1938,1930,-8
43055.jpg,1938,1930,-8
43060.jpg,1938,1960,22
43065.jpg,1938,1910,-28
43070.jpg,1938,1960,22
43075.jpg,1938,1910,-28
43080.jpg,1938,1951,13
43085.jpg,1938,1920,-18
43090.jpg,1938,1968,30
43095.jpg,1938,1937,-1
43100.jpg,1938,1968,30
43105.jpg,1938,1938,0
43110.jpg,1938,1937,-1
43115.jpg,1938,1923,-15
43120.jpg,1938,1930,-8
43125.jpg,1938,1912,-26
43130.jpg,1938,1930,-8
43135.jpg,1938,1910,-28
43140.jpg,1938,2012,74
43145.jpg,1938,1925,-13
43150.jpg,1938,1713,-225
43155.jpg,1938,1970,32
43160.jpg,1938,1930,-8
43165.jpg,1938,1935,-3
43170.jpg,1938,1932,-6
43175.jpg,1938,1959,21
43185.jpg,1938,1930,-8
43190.jpg,1938,1930,-8
43195.jpg,1938,1930,-8
43200.jpg,1938,1930,-8
43210.jpg,1939,1930,-9
43215.jpg,1939,1937,-2
43220.jpg,1939,1927,-12
43225.jpg,1939,1840,-99
43235.jpg,1939,2004,65
43245.jpg,1939,1960,21
43250.jpg,1939,1970,31
43255.jpg,1939,1983,44
43260.jpg,1939,1968,29
43270.jpg,1939,1930,-9
43275.jpg,1939,1930,-9
43280.jpg,1939,1910,-29
43285.jpg,1939,1930,-9
43290.jpg,1939,1935,-4
43295.jpg,1939,1930,-9
43300.jpg,1939,1930,-9
43305.jpg,1939,1963,24
43310.jpg,1939,1935,-4
43315.jpg,1939,1938,-1
43320.jpg,1939,1938,-1
43325.jpg,1939,1930,-9
43330.jpg,1939,1985,46
43335.jpg,1939,1970,31
43340.jpg,1939,1960,21
43345.jpg,1939,1860,-79
43350.jpg,1939,1988,49
43360.jpg,1939,1930,-9
43365.jpg,1939,1915,-24
43370.jpg,1939,1910,-29
43375.jpg,1939,1910,-29
43380.jpg,1939,1938,-1
43385.jpg,1939,1941,2
43390.jpg,1939,1936,-3
43395.jpg,1939,1960,21
43400.jpg,1939,1985,46
43405.jpg,1939,2015,76
43410.jpg,1939,1937,-2
43415.jpg,1939,1935,-4
43420.jpg,1939,1936,-3
43425.jpg,1939,1928,-11
43430.jpg,1939,1860,-79
43435.jpg,1939,1938,-1
43440.jpg,1939,1930,-9
43445.jpg,1939,1960,21
43450.jpg,1939,1960,21
43455.jpg,1939,1938,-1
43460.jpg,1939,1930,-9
43465.jpg,1939,1910,-29
43470.jpg,1940,1930,-10
43475.jpg,1940,1930,-10
43480.jpg,1940,1936,-4
43485.jpg,1940,1930,-10
43490.jpg,1940,1930,-10
43495.jpg,1940,1958,18
43500.jpg,1940,1938,-2
43505.jpg,1940,2011,71
43510.jpg,1940,1930,-10
43515.jpg,1940,1910,-30
43520.jpg,1940,1930,-10
43525.jpg,1940,1910,-30
43530.jpg,1940,1930,-10
43535.jpg,1940,1937,-3
43540.jpg,1940,1937,-3
43545.jpg,1940,1964,24
43550.jpg,1940,1938,-2
43555.jpg,1940,1938,-2
43560.jpg,1940,1937,-3
43565.jpg,1940,1936,-4
43570.jpg,1940,1930,-10
43575.jpg,1940,1938,-2
43580.jpg,1940,1910,-30
43585.jpg,1940,1938,-2
43590.jpg,1940,1930,-10
43595.jpg,1940,1980,40
43600.jpg,1940,1937,-3
43605.jpg,1940,1910,-30
43610.jpg,1940,1880,-60
43615.jpg,1940,1825,-115
43620.jpg,1940,1930,-10
43625.jpg,1940,1930,-10
43630.jpg,1940,1969,29
43635.jpg,1940,1932,-8
43640.jpg,1940,1930,-10
43645.jpg,1940,1930,-10
43650.jpg,1940,1925,-15
43655.jpg,1940,1941,1
43660.jpg,1940,1955,15
43665.jpg,1940,1960,20
43670.jpg,1940,1930,-10
43675.jpg,1940,1936,-4
43680.jpg,1940,1935,-5
43685.jpg,1940,1970,30
43700.jpg,1940,1910,-30
43705.jpg,1940,1930,-10
43710.jpg,1940,1910,-30
43715.jpg,1940,1930,-10
43720.jpg,1941,1930,-11
43725.jpg,1941,1938,-3
43730.jpg,1941,2006,65
43735.jpg,1941,2010,69
43740.jpg,1941,1990,49
43745.jpg,1941,1912,-29
43750.jpg,1941,1937,-4
43755.jpg,1941,1836,-105
43760.jpg,1941,1936,-5
43765.jpg,1941,1880,-61
43770.jpg,1941,1930,-11
43775.jpg,1941,1936,-5
43780.jpg,1941,1930,-11
43785.jpg,1941,1930,-11
43790.jpg,1941,1938,-3
43795.jpg,1941,2005,64
43800.jpg,1941,1880,-61
43805.jpg,1941,1850,-91
43810.jpg,1941,1930,-11
43815.jpg,1941,1940,-1
43820.jpg,1941,1937,-4
43825.jpg,1941,1930,-11
43830.jpg,1941,1960,19
43835.jpg,1941,1976,35
43840.jpg,1941,2017,76
43845.jpg,1941,1939,-2
43850.jpg,1941,1960,19
43855.jpg,1941,1920,-21
43860.jpg,1941,1938,-3
43865.jpg,1942,1930,-12
43870.jpg,1942,1928,-14
43875.jpg,1942,1961,19
43880.jpg,1942,1930,-12
43885.jpg,1942,1960,18
43890.jpg,1942,1938,-4
43895.jpg,1942,1930,-12
43900.jpg,1942,1910,-32
43905.jpg,1942,1915,-27
43910.jpg,1942,1960,18
43915.jpg,1942,1795,-147
43920.jpg,1942,1960,18
43925.jpg,1942,1998,56
43930.jpg,1942,1930,-12
43935.jpg,1942,1930,-12
43940.jpg,1942,1910,-32
43945.jpg,1942,1960,18
43950.jpg,1942,1910,-32
43955.jpg,1942,1910,-32
43960.jpg,1943,1935,-8
43965.jpg,1943,1978,35
43970.jpg,1943,1980,37
43975.jpg,1943,1938,-5
43980.jpg,1943,1941,-2
43985.jpg,1943,1930,-13
43990.jpg,1943,2010,67
43995.jpg,1943,1930,-13
44000.jpg,1943,1930,-13
44005.jpg,1943,1980,37
44010.jpg,1943,1980,37
44015.jpg,1943,1938,-5
44020.jpg,1943,1930,-13
44025.jpg,1943,1960,17
44030.jpg,1944,1935,-9
44035.jpg,1944,1970,26
44040.jpg,1944,1970,26
44045.jpg,1944,1934,-10
44050.jpg,1944,1880,-64
44055.jpg,1944,1940,-4
44060.jpg,1945,1880,-65
44065.jpg,1945,1938,-7
44075.jpg,1945,1970,25
44080.jpg,1945,1938,-7
44090.jpg,1945,1880,-65
44095.jpg,1945,1930,-15
44100.jpg,1945,2009,64
44105.jpg,1945,1938,-7
44110.jpg,1945,1920,-25
44115.jpg,1946,1967,21
44120.jpg,1946,1970,24
44125.jpg,1946,1970,24
44130.jpg,1946,1939,-7
44135.jpg,1946,1928,-18
44140.jpg,1946,1970,24
44145.jpg,1946,1980,34
44150.jpg,1946,1840,-106
44155.jpg,1946,1930,-16
44160.jpg,1946,1938,-8
44165.jpg,1946,1938,-8
44170.jpg,1946,1985,39
44175.jpg,1947,1930,-17
44180.jpg,1947,1938,-9
44185.jpg,1947,1770,-177
44190.jpg,1947,1996,49
44195.jpg,1947,1980,33
44200.jpg,1947,1930,-17
44205.jpg,1947,1973,26
44210.jpg,1947,1985,38
44215.jpg,1947,1930,-17
44220.jpg,1947,1930,-17
44230.jpg,1947,1930,-17
44240.jpg,1947,1930,-17
44245.jpg,1947,1930,-17
44250.jpg,1947,1920,-27
44255.jpg,1947,2008,61
44260.jpg,1947,1920,-27
44270.jpg,1947,1940,-7
44275.jpg,1947,1930,-17
44280.jpg,1947,1938,-9
44285.jpg,1948,1937,-11
44290.jpg,1948,2012,64
44295.jpg,1948,2006,58
44300.jpg,1948,1930,-18
44305.jpg,1948,1980,32
44310.jpg,1948,1960,12
44315.jpg,1948,2001,53
44320.jpg,1948,1970,22
44325.jpg,1948,1930,-18
44330.jpg,1948,1938,-10
44335.jpg,1948,1910,-38
44340.jpg,1948,1937,-11
44345.jpg,1948,1988,40
44350.jpg,1948,1936,-12
44355.jpg,1948,1953,5
44360.jpg,1948,1950,2
44365.jpg,1948,1930,-18
44370.jpg,1948,1910,-38
44375.jpg,1948,1910,-38
44380.jpg,1948,1978,30
44385.jpg,1948,2005,57
44390.jpg,1948,1963,15
44395.jpg,1948,1930,-18
44400.jpg,1949,1927,-22
44405.jpg,1949,1988,39
44410.jpg,1949,1920,-29
44415.jpg,1949,2008,59
44420.jpg,1949,1976,27
44425.jpg,1949,2008,59
44430.jpg,1949,1960,11
44435.jpg,1949,1960,11
44440.jpg,1949,1985,36
44445.jpg,1949,1970,21
44450.jpg,1949,1937,-12
44455.jpg,1949,1930,-19
44460.jpg,1949,1930,-19
44465.jpg,1949,1915,-34
44470.jpg,1949,1980,31
44475.jpg,1949,1938,-11
44480.jpg,1949,1950,1
44485.jpg,1949,1955,6
44490.jpg,1949,1910,-39
44495.jpg,1949,1960,11
44500.jpg,1949,1950,1
44510.jpg,1949,1905,-44
44515.jpg,1949,1910,-39
44520.jpg,1949,1980,31
44525.jpg,1949,1958,9
44530.jpg,1949,1936,-13
44535.jpg,1949,1955,6
44540.jpg,1950,1958,8
44545.jpg,1950,2010,60
44550.jpg,1950,1956,6
44555.jpg,1950,1930,-20
44560.jpg,1950,2005,55
44565.jpg,1950,1974,24
44570.jpg,1950,1960,10
44575.jpg,1950,1937,-13
44585.jpg,1950,1957,7
44590.jpg,1950,1960,10
44595.jpg,1950,1978,28
44600.jpg,1950,1976,26
44605.jpg,1950,1938,-12
44610.jpg,1950,1930,-20
44615.jpg,1950,1960,10
44620.jpg,1950,1968,18
44625.jpg,1950,1900,-50
44630.jpg,1950,1930,-20
44635.jpg,1950,1939,-11
44640.jpg,1950,1950,0
44645.jpg,1950,1910,-40
44650.jpg,1950,1960,10
44655.jpg,1950,1910,-40
44660.jpg,1950,1960,10
44665.jpg,1950,1930,-20
44680.jpg,1950,1994,44
44685.jpg,1950,1938,-12
44690.jpg,1950,1962,12
44695.jpg,1950,1916,-34
44700.jpg,1950,1968,18
44705.jpg,1951,1968,17
44710.jpg,1951,1928,-23
44720.jpg,1951,1970,19
44725.jpg,1951,2010,59
44730.jpg,1951,1978,27
44735.jpg,1951,1957,6
44740.jpg,1951,1912,-39
44745.jpg,1951,1938,-13
44750.jpg,1951,1958,7
44755.jpg,1951,1940,-11
44760.jpg,1951,1933,-18
44765.jpg,1951,1937,-14
44770.jpg,1951,1598,-353
44775.jpg,1951,1940,-11
44780.jpg,1951,1898,-53
44785.jpg,1951,1955,4
44790.jpg,1951,1958,7
44795.jpg,1951,2008,57
44800.jpg,1951,1958,7
44810.jpg,1951,1880,-71
44815.jpg,1951,1930,-21
44820.jpg,1951,1930,-21
44825.jpg,1951,2007,56
44830.jpg,1951,1985,34
44840.jpg,1951,1978,27
44845.jpg,1952,1950,-2
44850.jpg,1952,1960,8
44855.jpg,1952,2010,58
44860.jpg,1952,1979,27
44865.jpg,1952,2012,60
44870.jpg,1952,1980,28
44875.jpg,1952,1960,8
44880.jpg,1952,1972,20
44885.jpg,1952,1970,18
44890.jpg,1952,1940,-12
44895.jpg,1952,1952,0
44900.jpg,1952,1950,-2
44905.jpg,1952,1938,-14
44910.jpg,1952,2003,51
44915.jpg,1952,1960,8
44920.jpg,1952,1960,8
44925.jpg,1952,1960,8
44930.jpg,1952,2008,56
44940.jpg,1952,1960,8
44945.jpg,1952,1998,46
44950.jpg,1952,1974,22
44955.jpg,1952,1983,31
44960.jpg,1953,1930,-23
44965.jpg,1953,2011,58
44970.jpg,1953,1960,7
44980.jpg,1953,1936,-17
44985.jpg,1953,2013,60
44990.jpg,1953,2012,59
44995.jpg,1953,1974,21
45000.jpg,1953,2010,57
45005.jpg,1953,1936,-17
45010.jpg,1953,1930,-23
45015.jpg,1953,1960,7
45020.jpg,1953,1963,10
45025.jpg,1953,1930,-23
45030.jpg,1953,1960,7
45035.jpg,1953,1930,-23
45040.jpg,1953,1930,-23
45045.jpg,1953,1900,-53
45050.jpg,1953,1930,-23
45055.jpg,1953,1958,5
45060.jpg,1953,1930,-23
45065.jpg,1953,1960,7
45070.jpg,1953,1960,7
45075.jpg,1953,2010,57
45080.jpg,1953,1960,7
45085.jpg,1953,1930,-23
45090.jpg,1953,1887,-66
45095.jpg,1954,1964,10
45100.jpg,1954,1988,34
45105.jpg,1954,1985,31
45110.jpg,1954,1968,14
45115.jpg,1954,1938,-16
45120.jpg,1954,1932,-22
45125.jpg,1954,1988,34
45130.jpg,1954,1960,6
45135.jpg,1954,1972,18
45140.jpg,1954,1969,15
45150.jpg,1954,1930,-24
45155.jpg,1954,1939,-15
45160.jpg,1954,1960,6
45165.jpg,1954,1910,-44
45170.jpg,1954,1980,26
45175.jpg,1954,1936,-18
45180.jpg,1954,1905,-49
45185.jpg,1954,1930,-24
45190.jpg,1954,1960,6
45195.jpg,1954,1920,-34
45200.jpg,1954,1958,4
45205.jpg,1954,1930,-24
45210.jpg,1954,1910,-44
45215.jpg,1954,1995,41
45220.jpg,1954,1880,-74
45225.jpg,1954,1982,28
45230.jpg,1954,1979,25
45235.jpg,1955,1850,-105
45240.jpg,1955,2008,53
45245.jpg,1955,1970,15
45250.jpg,1955,1962,7
45255.jpg,1955,1970,15
45260.jpg,1955,1930,-25
45265.jpg,1955,1980,25
45275.jpg,1955,1950,-5
45280.jpg,1955,1970,15
45285.jpg,1955,1939,-16
45290.jpg,1955,1930,-25
45295.jpg,1955,1968,13
45300.jpg,1955,2019,64
45310.jpg,1955,1960,5
45315.jpg,1955,1968,13
45320.jpg,1955,1814,-141
45325.jpg,1955,1936,-19
45330.jpg,1955,1954,-1
45335.jpg,1955,1960,5
45345.jpg,1955,2006,51
45350.jpg,1955,1935,-20
45355.jpg,1955,2005,50
45360.jpg,1955,1878,-77
45365.jpg,1955,1968,13
45370.jpg,1955,1959,4
45375.jpg,1955,1920,-35
45385.jpg,1956,1930,-26
45390.jpg,1956,1950,-6
45395.jpg,1956,1976,20
45400.jpg,1956,2008,52
45405.jpg,1956,1963,7
45410.jpg,1956,1975,19
45415.jpg,1956,1970,14
45420.jpg,1956,1930,-26
45430.jpg,1956,1985,29
45435.jpg,1956,1938,-18
45440.jpg,1956,1968,12
45445.jpg,1956,1965,9
45450.jpg,1956,1968,12
45455.jpg,1956,1985,29
45460.jpg,1956,1956,0
45465.jpg,1956,1930,-26
45470.jpg,1956,1901,-55
45475.jpg,1956,1958,2
45480.jpg,1956,1940,-16
45485.jpg,1956,1960,4
45490.jpg,1956,1949,-7
45495.jpg,1956,1905,-51
45500.jpg,1956,1998,42
45505.jpg,1956,1995,39
45510.jpg,1956,1978,22
45515.jpg,1956,2010,54
45520.jpg,1956,1750,-206
45530.jpg,1957,1937,-20
45535.jpg,1957,1938,-19
45540.jpg,1957,1975,18
45545.jpg,1957,2007,50
45550.jpg,1957,1997,40
45555.jpg,1957,1960,3
45560.jpg,1957,1997,40
45565.jpg,1957,1968,11
45570.jpg,1957,1980,23
45575.jpg,1957,1936,-21
45585.jpg,1957,1928,-29
45590.jpg,1957,1974,17
45595.jpg,1957,1964,7
45605.jpg,1957,1976,19
45610.jpg,1957,1960,3
45615.jpg,1957,1933,-24
45620.jpg,1957,1975,18
45630.jpg,1957,1886,-71
45635.jpg,1957,1960,3
45640.jpg,1957,1960,3
45645.jpg,1957,1910,-47
45650.jpg,1957,1960,3
45655.jpg,1957,1950,-7
45660.jpg,1957,1960,3
45665.jpg,1957,1976,19
45675.jpg,1957,2008,51
45680.jpg,1957,1923,-34
45685.jpg,1957,1966,9
45695.jpg,1957,1980,23
45700.jpg,1958,1930,-28
45705.jpg,1958,2015,57
45715.jpg,1958,1972,14
45720.jpg,1958,1998,40
45730.jpg,1958,1960,2
45735.jpg,1958,2008,50
45740.jpg,1958,1960,2
45745.jpg,1958,1960,2
45750.jpg,1958,1985,27
45755.jpg,1958,1932,-26
45760.jpg,1958,1960,2
45765.jpg,1958,1965,7
45770.jpg,1958,1977,19
45775.jpg,1958,1967,9
45780.jpg,1958,1940,-18
45785.jpg,1958,1979,21
45790.jpg,1958,1960,2
45795.jpg,1958,1960,2
45800.jpg,1958,1903,-55
45805.jpg,1958,1960,2
45810.jpg,1958,1615,-343
45815.jpg,1958,1969,11
45820.jpg,1958,1985,27
45825.jpg,1958,1970,12
45830.jpg,1958,1983,25
45835.jpg,1958,1948,-10
45840.jpg,1958,1950,-8
45845.jpg,1958,1963,5
45850.jpg,1958,1938,-20
45855.jpg,1959,1983,24
45860.jpg,1959,1760,-199
45870.jpg,1959,2002,43
45880.jpg,1959,1910,-49
45885.jpg,1959,1970,11
45890.jpg,1959,1936,-23
45895.jpg,1959,1958,-1
45900.jpg,1959,1962,3
45905.jpg,1959,1938,-21
45910.jpg,1959,2010,51
45915.jpg,1959,1969,10
45925.jpg,1959,1939,-20
45930.jpg,1959,1960,1
45935.jpg,1959,1960,1
45940.jpg,1959,1980,21
45945.jpg,1959,2008,49
45950.jpg,1959,2010,51
45955.jpg,1959,1981,22
45960.jpg,1959,1970,11
45965.jpg,1959,1936,-23
45970.jpg,1959,1930,-29
45975.jpg,1959,1960,1
45980.jpg,1959,1978,19
45985.jpg,1959,1935,-24
45990.jpg,1960,1937,-23
45995.jpg,1960,1970,10
46000.jpg,1960,1976,16
46005.jpg,1960,2011,51
46015.jpg,1960,1962,2
46025.jpg,1960,1978,18
46030.jpg,1960,1968,8
46035.jpg,1960,1965,5
46040.jpg,1960,1958,-2
46045.jpg,1960,1963,3
46050.jpg,1960,1938,-22
46055.jpg,1960,1900,-60
46060.jpg,1960,1960,0
46065.jpg,1960,1934,-26
46070.jpg,1960,1960,0
46075.jpg,1960,1980,20
46080.jpg,1960,1992,32
46085.jpg,1960,1885,-75
46090.jpg,1960,1955,-5
46095.jpg,1960,1960,0
46100.jpg,1960,1960,0
46105.jpg,1960,1962,2
46110.jpg,1960,1985,25
46115.jpg,1960,1995,35
46120.jpg,1960,1983,23
46130.jpg,1960,1910,-50
46135.jpg,1960,1960,0
46140.jpg,1960,1931,-29
46145.jpg,1960,1963,3
46150.jpg,1960,1968,8
46155.jpg,1961,1926,-35
46160.jpg,1961,1968,7
46170.jpg,1961,2010,49
46180.jpg,1961,1968,7
46185.jpg,1961,1982,21
46190.jpg,1961,1910,-51
46195.jpg,1961,1998,37
46200.jpg,1961,2008,47
46205.jpg,1961,1960,-1
46210.jpg,1961,1970,9
46215.jpg,1961,1970,9
46220.jpg,1961,2008,47
46225.jpg,1961,1963,2
46230.jpg,1961,1962,1
46235.jpg,1961,1958,-3
46240.jpg,1961,2012,51
46245.jpg,1961,1993,32
46250.jpg,1961,1930,-31
46255.jpg,1961,1985,24
46260.jpg,1961,1960,-1
46265.jpg,1961,1965,4
46270.jpg,1961,1937,-24
46275.jpg,1961,1960,-1
46280.jpg,1961,1817,-144
46285.jpg,1961,2010,49
46290.jpg,1961,1995,34
46295.jpg,1961,1985,24
46305.jpg,1961,1974,13
46310.jpg,1961,1960,-1
46315.jpg,1961,2006,45
46320.jpg,1962,1968,6
46330.jpg,1962,1910,-52
46335.jpg,1962,2014,52
46340.jpg,1962,1932,-30
46345.jpg,1962,1980,18
46350.jpg,1962,1977,15
46355.jpg,1962,1962,0
46360.jpg,1962,1976,14
46365.jpg,1962,1961,-1
46370.jpg,1962,1950,-12
46375.jpg,1962,1965,3
46380.jpg,1962,1968,6
46385.jpg,1962,1964,2
46390.jpg,1962,1961,-1
46395.jpg,1962,1930,-32
46400.jpg,1962,1980,18
46405.jpg,1962,1883,-79
46410.jpg,1962,1980,18
46415.jpg,1962,1880,-82
46420.jpg,1962,1960,-2
46425.jpg,1962,1978,16
46430.jpg,1962,1960,-2
46435.jpg,1962,1732,-230
46440.jpg,1962,2005,43
46445.jpg,1962,2010,48
46450.jpg,1962,1970,8
46455.jpg,1962,1960,-2
46460.jpg,1962,1960,-2
46465.jpg,1963,1958,-5
46470.jpg,1963,1969,6
46475.jpg,1963,1964,1
46480.jpg,1963,1964,1
46490.jpg,1963,1988,25
46495.jpg,1963,1970,7
46500.jpg,1963,1930,-33
46505.jpg,1963,1978,15
46510.jpg,1963,1972,9
46515.jpg,1963,1970,7
46520.jpg,1963,1974,11
46525.jpg,1963,2010,47
46530.jpg,1963,1978,15
46535.jpg,1963,1960,-3
46540.jpg,1963,1934,-29
46545.jpg,1963,1950,-13
46550.jpg,1963,1968,5
46555.jpg,1963,2008,45
46560.jpg,1963,1931,-32
46565.jpg,1963,2003,40
46570.jpg,1963,1970,7
46575.jpg,1963,1936,-27
46580.jpg,1963,1970,7
46585.jpg,1963,1968,5
46590.jpg,1963,1452,-511
46595.jpg,1963,1930,-33
46600.jpg,1963,1985,22
46605.jpg,1963,1980,17
46615.jpg,1963,1938,-25
46620.jpg,1963,1930,-33
46625.jpg,1963,1970,7
46630.jpg,1963,1937,-26
46635.jpg,1964,1964,0
46640.jpg,1964,2018,54
46645.jpg,1964,1972,8
46650.jpg,1964,1970,6
46655.jpg,1964,1970,6
46660.jpg,1964,2008,44
46665.jpg,1964,1963,-1
46670.jpg,1964,1975,11
46675.jpg,1964,1970,6
46680.jpg,1964,2010,46
46685.jpg,1964,1960,-4
46690.jpg,1964,2005,41
46695.jpg,1964,1960,-4
46700.jpg,1964,1968,4
46705.jpg,1964,1998,34
46710.jpg,1964,1978,14
46715.jpg,1964,1962,-2
46720.jpg,1964,1968,4
46725.jpg,1964,1968,4
46730.jpg,1964,1997,33
46735.jpg,1964,1969,5
46740.jpg,1964,1931,-33
46745.jpg,1964,1978,14
46750.jpg,1964,1960,-4
46755.jpg,1964,1958,-6
46760.jpg,1964,1818,-146
46765.jpg,1964,2000,36
46770.jpg,1964,1938,-26
46775.jpg,1964,1930,-34
46780.jpg,1964,1985,21
46785.jpg,1964,1960,-4
46790.jpg,1964,2008,44
46795.jpg,1964,1930,-34
46805.jpg,1964,1968,4
46810.jpg,1964,1968,4
46815.jpg,1964,1950,-14
46820.jpg,1965,1978,13
46825.jpg,1965,1986,21
46830.jpg,1965,1967,2
46835.jpg,1965,2010,45
46840.jpg,1965,2005,40
46845.jpg,1965,2010,45
46850.jpg,1965,1974,9
46860.jpg,1965,1978,13
46865.jpg,1965,1984,19
46870.jpg,1965,2023,58
46875.jpg,1965,1970,5
46885.jpg,1965,1964,-1
46890.jpg,1965,2010,45
46895.jpg,1965,1968,3
46900.jpg,1965,1978,13
46905.jpg,1965,1933,-32
46910.jpg,1965,1976,11
46915.jpg,1965,1977,12
46920.jpg,1965,1938,-27
46930.jpg,1965,1960,-5
46935.jpg,1965,1960,-5
46940.jpg,1965,1940,-25
46945.jpg,1965,1984,19
46950.jpg,1965,1967,2
46955.jpg,1965,1998,33
46960.jpg,1965,1985,20
46965.jpg,1965,1983,18
46970.jpg,1965,1978,13
46990.jpg,1965,1972,7
46995.jpg,1965,1910,-55
47000.jpg,1965,1990,25
47005.jpg,1966,1962,-4
47010.jpg,1966,1964,-2
47015.jpg,1966,2007,41
47020.jpg,1966,1972,6
47025.jpg,1966,2011,45
47030.jpg,1966,1970,4
47035.jpg,1966,2002,36
47040.jpg,1966,1999,33
47050.jpg,1966,1968,2
47055.jpg,1966,1972,6
47060.jpg,1966,1975,9
47065.jpg,1966,1928,-38
47070.jpg,1966,1938,-28
47075.jpg,1966,1968,2
47080.jpg,1966,1968,2
47085.jpg,1966,1961,-5
47090.jpg,1966,1968,2
47100.jpg,1966,1930,-36
47105.jpg,1966,1967,1
47115.jpg,1966,1960,-6
47120.jpg,1966,1960,-6
47125.jpg,1966,1930,-36
47130.jpg,1966,1960,-6
47135.jpg,1966,2004,38
47140.jpg,1966,1988,22
47145.jpg,1966,1910,-56
47150.jpg,1966,1960,-6
47155.jpg,1966,1890,-76
47170.jpg,1966,2005,39
47175.jpg,1966,1978,12
47180.jpg,1966,2008,42
47185.jpg,1966,1960,-6
47190.jpg,1966,1968,2
47195.jpg,1966,1962,-4
47200.jpg,1966,1972,6
47205.jpg,1966,1968,2
47210.jpg,1966,1973,7
47215.jpg,1966,1972,6
47220.jpg,1966,2019,53
47225.jpg,1967,1978,11
47230.jpg,1967,1979,12
47235.jpg,1967,1892,-75
47240.jpg,1967,1960,-7
47245.jpg,1967,2010,43
47255.jpg,1967,2003,36
47265.jpg,1967,1994,27
47270.jpg,1967,1998,31
47275.jpg,1967,1995,28
47280.jpg,1967,2008,41
47285.jpg,1967,1976,9
47290.jpg,1967,1960,-7
47295.jpg,1967,1979,12
47300.jpg,1967,1932,-35
47305.jpg,1967,1910,-57
47310.jpg,1967,1975,8
47315.jpg,1967,1968,1
47320.jpg,1967,1962,-5
47325.jpg,1967,1964,-3
47330.jpg,1967,1975,8
47335.jpg,1967,1968,1
47340.jpg,1967,1985,18
47345.jpg,1967,1953,-14
47350.jpg,1967,1930,-37
47355.jpg,1967,1968,1
47360.jpg,1967,1910,-57
47365.jpg,1967,1910,-57
47370.jpg,1967,1880,-87
47375.jpg,1967,1910,-57
47380.jpg,1967,1970,3
47385.jpg,1967,1970,3
47395.jpg,1967,1978,11
47400.jpg,1967,2008,41
47405.jpg,1967,1970,3
47410.jpg,1967,2014,47
47420.jpg,1967,1938,-29
47425.jpg,1967,1984,17
47430.jpg,1967,1971,4
47435.jpg,1967,1960,-7
47440.jpg,1967,1970,3
47445.jpg,1967,2012,45
47450.jpg,1968,1960,-8
47455.jpg,1968,1968,0
47460.jpg,1968,1962,-6
47465.jpg,1968,1970,2
47470.jpg,1968,1976,8
47475.jpg,1968,1978,10
47480.jpg,1968,2014,46
47485.jpg,1968,1964,-4
47490.jpg,1968,2014,46
47495.jpg,1968,2012,44
47500.jpg,1968,1990,22
47505.jpg,1968,1972,4
47515.jpg,1968,1960,-8
47520.jpg,1968,1930,-38
47525.jpg,1968,1978,10
47530.jpg,1968,1964,-4
47535.jpg,1968,1965,-3
47540.jpg,1968,1963,-5
47545.jpg,1968,1962,-6
47550.jpg,1968,1970,2
47555.jpg,1968,1964,-4
47560.jpg,1968,1995,27
47565.jpg,1968,1949,-19
47570.jpg,1968,1956,-12
47575.jpg,1968,1868,-100
47580.jpg,1968,1986,18
47585.jpg,1968,1883,-85
47590.jpg,1968,2008,40
47595.jpg,1968,1978,10
47600.jpg,1968,1980,12
47610.jpg,1968,2008,40
47620.jpg,1968,1970,2
47625.jpg,1968,1968,0
47630.jpg,1968,1988,20
47635.jpg,1968,1968,0
47640.jpg,1968,1968,0
47645.jpg,1968,1970,2
47650.jpg,1969,1982,13
47655.jpg,1969,1968,-1
47660.jpg,1969,1985,16
47665.jpg,1969,1976,7
47670.jpg,1969,1960,-9
47675.jpg,1969,1980,11
47680.jpg,1969,1970,1
47685.jpg,1969,1960,-9
47690.jpg,1969,1999,30
47695.jpg,1969,1966,-3
47700.jpg,1969,2002,33
47710.jpg,1969,1970,1
47715.jpg,1969,1910,-59
47720.jpg,1969,1968,-1
47730.jpg,1969,1962,-7
47735.jpg,1969,1968,-1
47740.jpg,1969,1960,-9
47745.jpg,1969,1985,16
47750.jpg,1969,2018,49
47755.jpg,1969,1910,-59
47760.jpg,1969,1968,-1
47765.jpg,1969,1995,26
47770.jpg,1969,1970,1
47780.jpg,1969,1970,1
47785.jpg,1969,1980,11
47790.jpg,1969,1968,-1
47795.jpg,1969,1975,6
47800.jpg,1969,1968,-1
47805.jpg,1969,1930,-39
47810.jpg,1969,1961,-8
47815.jpg,1969,2009,40
47820.jpg,1969,1981,12
47825.jpg,1969,1968,-1
47830.jpg,1969,1979,10
47835.jpg,1970,1972,2
47840.jpg,1970,1965,-5
47845.jpg,1970,2006,36
47850.jpg,1970,1998,28
47855.jpg,1970,1978,8
47860.jpg,1970,2015,45
47865.jpg,1970,1979,9
47870.jpg,1970,1978,8
47875.jpg,1970,1999,29
47880.jpg,1970,2009,39
47890.jpg,1970,2008,38
47895.jpg,1970,1964,-6
47900.jpg,1970,1968,-2
47905.jpg,1970,1965,-5
47910.jpg,1970,1960,-10
47915.jpg,1970,2009,39
47920.jpg,1970,1960,-10
47925.jpg,1970,1960,-10
47930.jpg,1970,1990,20
47935.jpg,1970,1960,-10
47940.jpg,1970,1967,-3
47945.jpg,1970,1760,-210
47950.jpg,1970,1982,12
47955.jpg,1970,1980,10
47960.jpg,1970,1978,8
47965.jpg,1970,1995,25
47970.jpg,1970,2006,36
47975.jpg,1970,1977,7
47980.jpg,1970,1922,-48
47985.jpg,1970,1960,-10
47990.jpg,1970,2010,40
47995.jpg,1970,1990,20
48000.jpg,1971,1968,-3
48005.jpg,1971,1975,4
48010.jpg,1971,1962,-9
48020.jpg,1971,2010,39
48025.jpg,1971,1980,9
48030.jpg,1971,2014,43
48035.jpg,1971,1970,-1
48040.jpg,1971,1980,9
48045.jpg,1971,1969,-2
48050.jpg,1971,1980,9
48065.jpg,1971,1965,-6
48070.jpg,1971,1970,-1
48075.jpg,1971,1986,15
48080.jpg,1971,1968,-3
48085.jpg,1971,1970,-1
48090.jpg,1971,1992,21
48095.jpg,1971,1930,-41
48100.jpg,1971,2015,44
48105.jpg,1971,2013,42
48110.jpg,1971,1985,14
48115.jpg,1971,1978,7
48120.jpg,1971,2005,34
48130.jpg,1971,1988,17
48135.jpg,1971,1995,24
48140.jpg,1971,2004,33
48145.jpg,1971,1995,24
48150.jpg,1971,1971,0
48155.jpg,1971,1976,5
48160.jpg,1971,1930,-41
48170.jpg,1971,1968,-3
48175.jpg,1971,1962,-9
48180.jpg,1972,1966,-6
48185.jpg,1972,1958,-14
48190.jpg,1972,1973,1
48195.jpg,1972,1969,-3
48200.jpg,1972,1960,-12
48205.jpg,1972,1978,6
48215.jpg,1972,1976,4
48220.jpg,1972,1970,-2
48225.jpg,1972,2007,35
48230.jpg,1972,1979,7
48235.jpg,1972,1978,6
48240.jpg,1972,1968,-4
48245.jpg,1972,1980,8
48250.jpg,1972,1973,1
48255.jpg,1972,1958,-14
48260.jpg,1972,1968,-4
48265.jpg,1972,1976,4
48270.jpg,1972,1969,-3
48275.jpg,1972,1930,-42
48280.jpg,1972,1938,-34
48285.jpg,1972,1938,-34
48290.jpg,1972,1880,-92
48295.jpg,1972,1968,-4
48300.jpg,1972,1978,6
48305.jpg,1972,2018,46
48310.jpg,1972,2010,38
48320.jpg,1972,1996,24
48325.jpg,1972,1968,-4
48330.jpg,1972,2005,33
48335.jpg,1972,1910,-62
48340.jpg,1972,1985,13
48345.jpg,1972,1980,8
48350.jpg,1972,1938,-34
48355.jpg,1972,1935,-37
48360.jpg,1973,1965,-8
48365.jpg,1973,1980,7
48370.jpg,1973,1986,13
48375.jpg,1973,1968,-5
48380.jpg,1973,1970,-3
48385.jpg,1973,2009,36
48390.jpg,1973,1978,5
48395.jpg,1973,1960,-13
48400.jpg,1973,2006,33
48405.jpg,1973,1972,-1
48410.jpg,1973,1970,-3
48415.jpg,1973,2018,45
48420.jpg,1973,1970,-3
48425.jpg,1973,1968,-5
48430.jpg,1973,1978,5
48435.jpg,1973,1984,11
48440.jpg,1973,1967,-6
48445.jpg,1973,1973,0
48450.jpg,1973,1970,-3
48455.jpg,1973,1970,-3
48465.jpg,1973,1970,-3
48475.jpg,1973,1960,-13
48480.jpg,1973,1968,-5
48490.jpg,1973,1978,5
48495.jpg,1973,1978,5
48500.jpg,1973,1880,-93
48505.jpg,1973,1965,-8
48510.jpg,1973,1997,24
48515.jpg,1973,1982,9
48525.jpg,1973,1968,-5
48530.jpg,1974,1985,11
48535.jpg,1974,1978,4
48540.jpg,1974,2014,40
48545.jpg,1974,1976,2
48550.jpg,1974,1970,-4
48555.jpg,1974,2008,34
48560.jpg,1974,2012,38
48565.jpg,1974,1972,-2
48570.jpg,1974,1990,16
48575.jpg,1974,1980,6
48580.jpg,1974,2007,33
48585.jpg,1974,1972,-2
48590.jpg,1974,1930,-44
48595.jpg,1974,1977,3
48600.jpg,1974,1937,-37
48605.jpg,1974,1989,15
48610.jpg,1974,2010,36
48615.jpg,1974,1974,0
48620.jpg,1974,1959,-15
48625.jpg,1974,1930,-44
48630.jpg,1974,1984,10
48635.jpg,1974,2015,41
48640.jpg,1974,1660,-314
48650.jpg,1974,1967,-7
48670.jpg,1974,2008,34
48675.jpg,1974,1978,4
48680.jpg,1974,1985,11
48685.jpg,1974,1978,4
48690.jpg,1974,2010,36
48695.jpg,1974,1746,-228
48700.jpg,1974,1976,2
48705.jpg,1974,1976,2
48710.jpg,1974,1987,13
48715.jpg,1974,1963,-11
48720.jpg,1974,2007,33
48725.jpg,1974,1880,-94
48735.jpg,1975,1978,3
48740.jpg,1975,2006,31
48745.jpg,1975,1979,4
48750.jpg,1975,1967,-8
48755.jpg,1975,2010,35
48760.jpg,1975,1976,1
48765.jpg,1975,1980,5
48770.jpg,1975,1984,9
48775.jpg,1975,1970,-5
48780.jpg,1975,2011,36
48785.jpg,1975,1960,-15
48790.jpg,1975,1972,-3
48795.jpg,1975,2005,30
48800.jpg,1975,1972,-3
48805.jpg,1975,1982,7
48810.jpg,1975,2015,40
48815.jpg,1975,1980,5
48820.jpg,1975,1980,5
48825.jpg,1975,1930,-45
48830.jpg,1975,1960,-15
48835.jpg,1975,2008,33
48840.jpg,1975,1982,7
48845.jpg,1975,2011,36
48850.jpg,1975,2008,33
48855.jpg,1975,2018,43
48860.jpg,1975,2008,33
48865.jpg,1975,1983,8
48870.jpg,1975,1978,3
48875.jpg,1975,1978,3
48880.jpg,1975,1995,20
48885.jpg,1975,1965,-10
48890.jpg,1975,1978,3
48895.jpg,1975,1970,-5
48900.jpg,1976,1930,-46
48905.jpg,1976,1970,-6
48910.jpg,1976,1968,-8
48915.jpg,1976,1960,-16
48920.jpg,1976,1962,-14
48925.jpg,1976,1988,12
48930.jpg,1976,2006,30
48940.jpg,1976,1978,2
48945.jpg,1976,1972,-4
48950.jpg,1976,2018,42
48955.jpg,1976,1972,-4
48960.jpg,1976,1968,-8
48965.jpg,1976,1968,-8
48970.jpg,1976,1974,-2
48975.jpg,1976,1983,7
48985.jpg,1976,1990,14
48990.jpg,1976,1908,-68
49000.jpg,1976,1610,-366
49020.jpg,1976,1984,8
49030.jpg,1976,1985,9
49035.jpg,1976,2005,29
49040.jpg,1976,1978,2
49045.jpg,1976,1985,9
49050.jpg,1976,1978,2
49060.jpg,1976,1961,-15
49065.jpg,1976,2010,34
49070.jpg,1976,1978,2
49075.jpg,1976,1376,-600
49080.jpg,1976,1971,-5
49085.jpg,1976,1981,5
49090.jpg,1976,1980,4
49095.jpg,1977,1978,1
49100.jpg,1977,1900,-77
49105.jpg,1977,1972,-5
49110.jpg,1977,1933,-44
49115.jpg,1977,1980,3
49120.jpg,1977,1970,-7
49125.jpg,1977,1970,-7
49130.jpg,1977,1970,-7
49135.jpg,1977,1978,1
49140.jpg,1977,1960,-17
49145.jpg,1977,1962,-15
49150.jpg,1977,1962,-15
49155.jpg,1977,1972,-5
49160.jpg,1977,1996,19
49165.jpg,1977,1980,3
49170.jpg,1977,1930,-47
49175.jpg,1977,1880,-97
49180.jpg,1977,1976,-1
49185.jpg,1977,2000,23
49190.jpg,1977,1970,-7
49195.jpg,1977,1990,13
49205.jpg,1977,2010,33
49210.jpg,1977,1995,18
49215.jpg,1977,1978,1
49220.jpg,1977,2008,31
49225.jpg,1977,1975,-2
49230.jpg,1977,1930,-47
49235.jpg,1977,1970,-7
49240.jpg,1977,1978,1
49250.jpg,1977,1930,-47
49255.jpg,1977,1970,-7
49260.jpg,1978,2010,32
49265.jpg,1978,2017,39
49270.jpg,1978,1968,-10
49280.jpg,1978,1993,15
49285.jpg,1978,1976,-2
49290.jpg,1978,1910,-68
49295.jpg,1978,2012,34
49305.jpg,1978,1970,-8
49310.jpg,1978,2010,32
49315.jpg,1978,1980,2
49320.jpg,1978,1977,-1
49325.jpg,1978,1987,9
49330.jpg,1978,1980,2
49335.jpg,1978,1989,11
49340.jpg,1978,1910,-68
49345.jpg,1978,2009,31
49350.jpg,1978,1982,4
49355.jpg,1978,2008,30
49360.jpg,1978,1995,17
49365.jpg,1978,2010,32
49370.jpg,1978,1936,-42
49375.jpg,1978,1988,10
49385.jpg,1978,2008,30
49390.jpg,1978,1970,-8
49395.jpg,1978,1963,-15
49400.jpg,1978,1960,-18
49405.jpg,1979,1972,-7
49410.jpg,1979,1980,1
49415.jpg,1979,1965,-14
49420.jpg,1979,2010,31
49425.jpg,1979,2014,35
49430.jpg,1979,2010,31
49435.jpg,1979,1972,-7
49440.jpg,1979,1978,-1
49445.jpg,1979,1978,-1
49450.jpg,1979,1968,-11
49455.jpg,1979,1972,-7
49460.jpg,1979,1974,-5
49465.jpg,1979,1930,-49
49470.jpg,1979,1939,-40
49475.jpg,1979,1968,-11
49480.jpg,1979,1910,-69
49485.jpg,1979,1937,-42
49490.jpg,1979,1930,-49
49495.jpg,1979,1750,-229
49500.jpg,1979,2008,29
49505.jpg,1979,2005,26
49510.jpg,1979,1974,-5
49515.jpg,1979,1978,-1
49525.jpg,1979,1980,1
49530.jpg,1979,1985,6
49535.jpg,1979,1980,1
49540.jpg,1979,1990,11
49545.jpg,1979,1950,-29
49550.jpg,1979,2012,33
49555.jpg,1979,1995,16
49560.jpg,1979,1972,-7
49565.jpg,1980,1968,-12
49570.jpg,1980,1880,-100
49585.jpg,1980,1930,-50
49590.jpg,1980,1980,0
49595.jpg,1980,1970,-10
49600.jpg,1980,1965,-15
49605.jpg,1980,1930,-50
49610.jpg,1980,1998,18
49615.jpg,1980,2008,28
49620.jpg,1980,1970,-10
49625.jpg,1980,1930,-50
49630.jpg,1980,2005,25
49635.jpg,1980,2008,28
49640.jpg,1980,1920,-60
49645.jpg,1980,1984,4
49650.jpg,1980,1960,-20
49655.jpg,1980,1936,-44
49660.jpg,1980,1985,5
49665.jpg,1980,1986,6
49675.jpg,1980,2008,28
49680.jpg,1980,2010,30
49685.jpg,1980,1998,18
49690.jpg,1980,1980,0
49695.jpg,1980,1978,-2
49700.jpg,1980,1960,-20
49705.jpg,1980,1976,-4
49710.jpg,1981,2008,27
49715.jpg,1981,2010,29
49720.jpg,1981,1978,-3
49725.jpg,1981,1972,-9
49735.jpg,1981,1979,-2
49740.jpg,1981,1938,-43
49745.jpg,1981,1980,-1
49750.jpg,1981,2010,29
49755.jpg,1981,1972,-9
49760.jpg,1981,1976,-5
49770.jpg,1981,1976,-5
49775.jpg,1981,1968,-13
49780.jpg,1981,1983,2
49785.jpg,1981,1930,-51
49790.jpg,1981,2003,22
49795.jpg,1981,1960,-21
49800.jpg,1981,1990,9
49805.jpg,1981,1960,-21
49810.jpg,1981,1930,-51
49815.jpg,1981,1968,-13
49820.jpg,1981,1898,-83
49825.jpg,1981,2008,27
49830.jpg,1981,1968,-13
49835.jpg,1981,1913,-68
49840.jpg,1981,1885,-96
49845.jpg,1981,1989,8
49850.jpg,1981,1987,6
49860.jpg,1981,1980,-1
49865.jpg,1981,2009,28
49875.jpg,1981,1984,3
49880.jpg,1981,2005,24
49885.jpg,1981,2006,25
49890.jpg,1981,1968,-13
49895.jpg,1981,1968,-13
49900.jpg,1981,1930,-51
49905.jpg,1981,1982,1
49910.jpg,1981,1980,-1
49915.jpg,1981,1976,-5
49920.jpg,1982,2008,26
49925.jpg,1982,1930,-52
49930.jpg,1982,2011,29
49935.jpg,1982,1997,15
49940.jpg,1982,1978,-4
49945.jpg,1982,1989,7
49950.jpg,1982,2010,28
49955.jpg,1982,1980,-2
49960.jpg,1982,1978,-4
49965.jpg,1982,1978,-4
49975.jpg,1982,1999,17
49980.jpg,1982,2010,28
49985.jpg,1982,1984,2
49990.jpg,1982,1984,2
49995.jpg,1982,1978,-4
50000.jpg,1982,1984,2
50005.jpg,1982,1982,0
50010.jpg,1982,1984,2
50015.jpg,1982,1978,-4
50020.jpg,1982,1984,2
50025.jpg,1982,1978,-4
50030.jpg,1982,1992,10
50035.jpg,1982,1969,-13
50040.jpg,1982,1986,4
50045.jpg,1982,1978,-4
50050.jpg,1982,1968,-14
50055.jpg,1982,1980,-2
50060.jpg,1982,1990,8
50065.jpg,1982,1920,-62
50070.jpg,1982,2010,28
50075.jpg,1982,1960,-22
50080.jpg,1982,1930,-52
50095.jpg,1982,1934,-48
50100.jpg,1982,1620,-362
50105.jpg,1982,1967,-15
50110.jpg,1982,1888,-94
50115.jpg,1982,1991,9
50120.jpg,1982,1992,10
50145.jpg,1982,1938,-44
50150.jpg,1982,1978,-4
50155.jpg,1982,1976,-6
50160.jpg,1983,1860,-123
50165.jpg,1983,1930,-53
50170.jpg,1983,2018,35
50175.jpg,1983,1950,-33
50185.jpg,1983,1930,-53
50190.jpg,1983,1938,-45
50195.jpg,1983,1964,-19
50200.jpg,1983,1961,-22
50205.jpg,1983,1968,-15
50210.jpg,1983,1982,-1
50220.jpg,1983,1983,0
50225.jpg,1983,1982,-1
50230.jpg,1983,1976,-7
50235.jpg,1983,1984,1
50240.jpg,1983,1984,1
50245.jpg,1983,1962,-21
50250.jpg,1983,1974,-9
50255.jpg,1983,1978,-5
50260.jpg,1983,2011,28
50270.jpg,1983,1970,-13
50275.jpg,1983,1968,-15
50280.jpg,1983,2010,27
50285.jpg,1983,2008,25
50290.jpg,1983,2003,20
50295.jpg,1983,1978,-5
50300.jpg,1983,1976,-7
50305.jpg,1983,1985,2
50310.jpg,1983,1909,-74
50315.jpg,1983,1880,-103
50320.jpg,1983,1969,-14
50325.jpg,1983,1880,-103
50330.jpg,1983,1978,-5
50335.jpg,1983,1978,-5
50340.jpg,1983,2010,27
50345.jpg,1983,1980,-3
50350.jpg,1983,1982,-1
50355.jpg,1983,1936,-47
50360.jpg,1983,1985,2
50365.jpg,1983,1973,-10
50370.jpg,1983,1978,-5
50375.jpg,1983,1968,-15
50380.jpg,1983,2010,27
50385.jpg,1983,2015,32
50390.jpg,1984,1972,-12
50395.jpg,1984,1985,1
50400.jpg,1984,1980,-4
50405.jpg,1984,1970,-14
50410.jpg,1984,2008,24
50415.jpg,1984,1970,-14
50420.jpg,1984,1997,13
50425.jpg,1984,2011,27
50430.jpg,1984,1970,-14
50435.jpg,1984,1968,-16
50440.jpg,1984,1972,-12
50445.jpg,1984,1962,-22
50450.jpg,1984,1996,12
50455.jpg,1984,1984,0
50465.jpg,1984,1976,-8
50470.jpg,1984,1982,-2
50475.jpg,1984,2008,24
50480.jpg,1984,1978,-6
50485.jpg,1984,1989,5
50490.jpg,1984,1900,-84
50495.jpg,1984,1985,1
50500.jpg,1984,1920,-64
50505.jpg,1984,1958,-26
50515.jpg,1984,2010,26
50520.jpg,1984,1936,-48
50525.jpg,1984,1965,-19
50530.jpg,1984,1910,-74
50535.jpg,1984,1980,-4
50540.jpg,1984,1985,1
50545.jpg,1984,1990,6
50550.jpg,1984,2005,21
50555.jpg,1984,1985,1
50560.jpg,1984,1978,-6
50565.jpg,1984,1980,-4
50570.jpg,1984,1978,-6
50575.jpg,1984,1937,-47
50580.jpg,1985,1720,-265
50585.jpg,1985,1975,-10
50595.jpg,1985,1988,3
50600.jpg,1985,2008,23
50605.jpg,1985,2009,24
50610.jpg,1985,2012,27
50615.jpg,1985,1982,-3
50620.jpg,1985,1994,9
50630.jpg,1985,1992,7
50635.jpg,1985,1988,3
50640.jpg,1985,1982,-3
50645.jpg,1985,1993,8
50650.jpg,1985,1978,-7
50655.jpg,1985,1984,-1
50660.jpg,1985,1988,3
50665.jpg,1985,1978,-7
50670.jpg,1985,1980,-5
50675.jpg,1985,1978,-7
50680.jpg,1985,1972,-13
50685.jpg,1985,1972,-13
50690.jpg,1985,2010,25
50695.jpg,1985,2009,24
50700.jpg,1985,1993,8
50705.jpg,1985,1930,-55
50710.jpg,1985,1920,-65
50715.jpg,1985,1984,-1
50720.jpg,1985,1981,-4
50730.jpg,1985,1980,-5
50735.jpg,1985,2006,21
50740.jpg,1985,2005,20
50745.jpg,1985,1988,3
50750.jpg,1985,1980,-5
50755.jpg,1985,2008,23
50760.jpg,1985,1960,-25
50765.jpg,1985,1984,-1
50770.jpg,1985,1978,-7
50775.jpg,1985,1982,-3
50780.jpg,1986,1983,-3
50785.jpg,1986,1976,-10
50790.jpg,1986,1930,-56
50795.jpg,1986,1980,-6
50800.jpg,1986,1983,-3
50805.jpg,1986,1988,2
50810.jpg,1986,1984,-2
50815.jpg,1986,1987,1
50820.jpg,1986,1984,-2
50830.jpg,1986,1981,-5
50835.jpg,1986,1984,-2
50840.jpg,1986,1996,10
50845.jpg,1986,2009,23
50850.jpg,1986,1978,-8
50855.jpg,1986,2004,18
50860.jpg,1986,1983,-3
50865.jpg,1986,1898,-88
50870.jpg,1986,1978,-8
50885.jpg,1986,1970,-16
50890.jpg,1986,1978,-8
50895.jpg,1986,2010,24
50900.jpg,1986,1960,-26
50905.jpg,1986,2008,22
50910.jpg,1986,2008,22
50915.jpg,1986,1980,-6
50920.jpg,1986,1930,-56
50925.jpg,1986,1880,-106
50930.jpg,1986,1985,-1
50935.jpg,1986,1968,-18
50940.jpg,1986,1938,-48
50945.jpg,1986,1995,9
50950.jpg,1986,1985,-1
50955.jpg,1986,1988,2
50960.jpg,1986,1991,5
50965.jpg,1986,1988,2
50970.jpg,1986,2004,18
50975.jpg,1986,1993,7
50980.jpg,1986,1985,-1
50985.jpg,1986,1968,-18
50990.jpg,1987,1860,-127
50995.jpg,1987,1976,-11
51000.jpg,1987,1985,-2
51010.jpg,1987,2008,21
51015.jpg,1987,1980,-7
51020.jpg,1987,1985,-2
51025.jpg,1987,1981,-6
51030.jpg,1987,2008,21
51035.jpg,1987,2010,23
51040.jpg,1987,1960,-27
51045.jpg,1987,1977,-10
51050.jpg,1987,2008,21
51055.jpg,1987,1983,-4
51060.jpg,1987,1977,-10
51065.jpg,1987,2009,22
51070.jpg,1987,1978,-9
51075.jpg,1987,1982,-5
51080.jpg,1987,1994,7
51085.jpg,1987,1989,2
51090.jpg,1987,1995,8
51095.jpg,1987,1970,-17
51100.jpg,1987,1997,10
51105.jpg,1987,1988,1
51110.jpg,1987,1960,-27
51115.jpg,1987,2010,23
51120.jpg,1987,1930,-57
51125.jpg,1987,1733,-254
51130.jpg,1987,1880,-107
51135.jpg,1987,1985,-2
51140.jpg,1987,2008,21
51145.jpg,1987,1978,-9
51155.jpg,1987,1993,6
51165.jpg,1987,1995,8
51170.jpg,1987,1917,-70
51175.jpg,1987,2007,20
51180.jpg,1987,1982,-5
51200.jpg,1988,1980,-8
51205.jpg,1988,1999,11
51210.jpg,1988,1970,-18
51215.jpg,1988,1998,10
51220.jpg,1988,1980,-8
51225.jpg,1988,1960,-28
51240.jpg,1988,1988,0
51245.jpg,1988,2008,20
51250.jpg,1988,1998,10
51255.jpg,1988,1997,9
51260.jpg,1988,1968,-20
51265.jpg,1988,2006,18
51270.jpg,1988,1989,1
51275.jpg,1988,1968,-20
51280.jpg,1988,1978,-10
51285.jpg,1988,1984,-4
51290.jpg,1988,1976,-12
51295.jpg,1988,1978,-10
51300.jpg,1988,1965,-23
51305.jpg,1988,1968,-20
51310.jpg,1988,1985,-3
51315.jpg,1988,1980,-8
51320.jpg,1988,1925,-63
51330.jpg,1988,1920,-68
51335.jpg,1988,1905,-83
51340.jpg,1988,1980,-8
51345.jpg,1988,1900,-88
51350.jpg,1988,1910,-78
51355.jpg,1988,1980,-8
51360.jpg,1988,1988,0
51365.jpg,1988,1988,0
51370.jpg,1988,1985,-3
51375.jpg,1988,1980,-8
51380.jpg,1988,1980,-8
51385.jpg,1988,1977,-11
51390.jpg,1988,2000,12
51395.jpg,1988,1973,-15
51400.jpg,1988,1989,1
51405.jpg,1988,1978,-10
51410.jpg,1989,1976,-13
51415.jpg,1989,1993,4
51420.jpg,1989,1978,-11
51425.jpg,1989,2012,23
51430.jpg,1989,2017,28
51435.jpg,1989,1970,-19
51440.jpg,1989,1960,-29
51445.jpg,1989,1970,-19
51455.jpg,1989,1960,-29
51460.jpg,1989,1980,-9
51470.jpg,1989,1984,-5
51475.jpg,1989,2008,19
51480.jpg,1989,1994,5
51485.jpg,1989,1978,-11
51490.jpg,1989,1983,-6
51495.jpg,1989,2009,20
51500.jpg,1989,1960,-29
51505.jpg,1989,1983,-6
51510.jpg,1989,1982,-7
51515.jpg,1989,1978,-11
51520.jpg,1989,1978,-11
51525.jpg,1989,1930,-59
51530.jpg,1989,1937,-52
51535.jpg,1989,1986,-3
51540.jpg,1989,1983,-6
51545.jpg,1989,1936,-53
51550.jpg,1989,1910,-79
51555.jpg,1989,2006,17
51560.jpg,1989,1930,-59
51565.jpg,1989,1928,-61
51575.jpg,1989,1995,6
51580.jpg,1989,1475,-514
51585.jpg,1989,2008,19
51590.jpg,1989,1978,-11
51595.jpg,1989,1984,-5
51600.jpg,1989,2010,21
51605.jpg,1990,1875,-115
51610.jpg,1990,1970,-20
51615.jpg,1990,1988,-2
51620.jpg,1990,1996,6
51625.jpg,1990,1970,-20
51630.jpg,1990,2006,16
51635.jpg,1990,1960,-30
51640.jpg,1990,1983,-7
51645.jpg,1990,1998,8
51650.jpg,1990,1974,-16
51655.jpg,1990,1990,0
51660.jpg,1990,1972,-18
51670.jpg,1990,1982,-8
51675.jpg,1990,1985,-5
51680.jpg,1990,1986,-4
51685.jpg,1990,1984,-6
51690.jpg,1990,1995,5
51695.jpg,1990,1984,-6
51700.jpg,1990,1968,-22
51705.jpg,1990,1995,5
51710.jpg,1990,1978,-12
51715.jpg,1990,1965,-25
51720.jpg,1990,1978,-12
51725.jpg,1990,2009,19
51730.jpg,1990,2010,20
51735.jpg,1990,1990,0
51740.jpg,1990,2007,17
51745.jpg,1990,1971,-19
51755.jpg,1990,1979,-11
51760.jpg,1990,1910,-80
51765.jpg,1990,1890,-100
51770.jpg,1990,1985,-5
51775.jpg,1990,2012,22
51780.jpg,1990,1988,-2
51785.jpg,1990,1905,-85
51795.jpg,1990,2010,20
51805.jpg,1990,1988,-2
51810.jpg,1990,2012,22
51815.jpg,1990,1978,-12
51820.jpg,1990,1988,-2
51825.jpg,1990,1960,-30
51830.jpg,1990,1970,-20
51840.jpg,1991,1880,-111
51845.jpg,1991,1929,-62
51850.jpg,1991,2013,22
51860.jpg,1991,2009,18
51865.jpg,1991,2002,11
51870.jpg,1991,1972,-19
51875.jpg,1991,1984,-7
51885.jpg,1991,1984,-7
51890.jpg,1991,1960,-31
51895.jpg,1991,2008,17
51905.jpg,1991,2006,15
51910.jpg,1991,1984,-7
51920.jpg,1991,1984,-7
51925.jpg,1991,2010,19
51930.jpg,1991,1983,-8
51935.jpg,1991,1986,-5
51940.jpg,1991,2007,16
51945.jpg,1991,1988,-3
51950.jpg,1991,1960,-31
51955.jpg,1991,1938,-53
51960.jpg,1991,1982,-9
51965.jpg,1991,1960,-31
51970.jpg,1991,1987,-4
51975.jpg,1991,1969,-22
51980.jpg,1991,1988,-3
51985.jpg,1991,1937,-54
51990.jpg,1991,1980,-11
51995.jpg,1991,1980,-11
52000.jpg,1991,1920,-71
52015.jpg,1991,1980,-11
52020.jpg,1991,1985,-6
52025.jpg,1991,1993,2
52035.jpg,1991,1980,-11
52040.jpg,1991,1988,-3
52045.jpg,1991,2011,20
52060.jpg,1991,1936,-55
52065.jpg,1992,2008,16
52070.jpg,1992,2014,22
52075.jpg,1992,1976,-16
52080.jpg,1992,1992,0
52085.jpg,1992,1972,-20
52090.jpg,1992,2009,17
52095.jpg,1992,1979,-13
52100.jpg,1992,2008,16
52105.jpg,1992,1988,-4
52110.jpg,1992,2010,18
52115.jpg,1992,1970,-22
52120.jpg,1992,1978,-14
52125.jpg,1992,2014,22
52130.jpg,1992,1984,-8
52135.jpg,1992,1985,-7
52140.jpg,1992,1993,1
52145.jpg,1992,1973,-19
52150.jpg,1992,1992,0
52155.jpg,1992,2010,18
52160.jpg,1992,1997,5
52165.jpg,1992,1991,-1
52170.jpg,1992,1968,-24
52175.jpg,1992,1995,3
52180.jpg,1992,1975,-17
52185.jpg,1992,1993,1
52190.jpg,1992,2001,9
52195.jpg,1992,1992,0
52200.jpg,1992,2008,16
52205.jpg,1992,1970,-22
52210.jpg,1992,1910,-82
52215.jpg,1992,1989,-3
52220.jpg,1992,1983,-9
52225.jpg,1992,1910,-82
52230.jpg,1992,1860,-132
52235.jpg,1992,1880,-112
52240.jpg,1992,2008,16
52245.jpg,1992,1988,-4
52250.jpg,1992,1985,-7
52260.jpg,1992,1960,-32
52270.jpg,1993,1972,-21
52275.jpg,1993,2006,13
52280.jpg,1993,1927,-66
52285.jpg,1993,1980,-13
52290.jpg,1993,2010,17
52300.jpg,1993,1980,-13
52305.jpg,1993,1980,-13
52310.jpg,1993,2005,12
52315.jpg,1993,1976,-17
52320.jpg,1993,2008,15
52325.jpg,1993,1980,-13
52335.jpg,1993,1970,-23
52340.jpg,1993,1980,-13
52345.jpg,1993,1994,1
52350.jpg,1993,2007,14
52355.jpg,1993,1994,1
52360.jpg,1993,1982,-11
52365.jpg,1993,1988,-5
52370.jpg,1993,1990,-3
52375.jpg,1993,1988,-5
52380.jpg,1993,1976,-17
52385.jpg,1993,1989,-4
52390.jpg,1993,2010,17
52395.jpg,1993,1970,-23
52400.jpg,1993,1960,-33
52405.jpg,1993,2006,13
52410.jpg,1993,1770,-223
52415.jpg,1993,1979,-14
52420.jpg,1993,2007,14
52425.jpg,1993,1910,-83
52430.jpg,1993,2006,13
52435.jpg,1993,1980,-13
52440.jpg,1993,1983,-10
52445.jpg,1993,2008,15
52450.jpg,1993,1880,-113
52455.jpg,1993,2005,12
52460.jpg,1993,1996,3
52465.jpg,1993,1978,-15
52475.jpg,1994,2011,17
52480.jpg,1994,2008,14
52485.jpg,1994,1999,5
52490.jpg,1994,1970,-24
52495.jpg,1994,1998,4
52505.jpg,1994,1985,-9
52510.jpg,1994,1928,-66
52515.jpg,1994,1998,4
52525.jpg,1994,2009,15
52530.jpg,1994,1970,-24
52535.jpg,1994,1988,-6
52540.jpg,1994,1989,-5
52545.jpg,1994,1996,2
52550.jpg,1994,1985,-9
52555.jpg,1994,1985,-9
52560.jpg,1994,1935,-59
52570.jpg,1994,1985,-9
52575.jpg,1994,1978,-16
52580.jpg,1994,1973,-21
52585.jpg,1994,2009,15
52590.jpg,1994,1996,2
52595.jpg,1994,1910,-84
52600.jpg,1994,1930,-64
52605.jpg,1994,1630,-364
52610.jpg,1994,1986,-8
52615.jpg,1994,1888,-106
52620.jpg,1994,2012,18
52625.jpg,1994,1998,4
52630.jpg,1994,1985,-9
52635.jpg,1994,2005,11
52640.jpg,1994,1980,-14
52645.jpg,1994,1980,-14
52650.jpg,1995,1991,-4
52655.jpg,1995,2008,13
52660.jpg,1995,2008,13
52665.jpg,1995,2004,9
52670.jpg,1995,2008,13
52675.jpg,1995,1978,-17
52680.jpg,1995,1985,-10
52685.jpg,1995,2003,8
52690.jpg,1995,1999,4
52695.jpg,1995,2019,24
52700.jpg,1995,2003,8
52705.jpg,1995,1914,-81
52710.jpg,1995,2009,14
52715.jpg,1995,1984,-11
52720.jpg,1995,1978,-17
52725.jpg,1995,2005,10
52730.jpg,1995,1993,-2
52735.jpg,1995,1985,-10
52740.jpg,1995,1978,-17
52745.jpg,1995,1989,-6
52750.jpg,1995,1986,-9
52755.jpg,1995,1970,-25
52760.jpg,1995,2008,13
52765.jpg,1995,1986,-9
52770.jpg,1995,2008,13
52775.jpg,1995,2005,10
52785.jpg,1995,2014,19
52790.jpg,1995,1780,-215
52795.jpg,1995,2004,9
52800.jpg,1995,1880,-115
52805.jpg,1995,1986,-9
52810.jpg,1995,2010,15
52815.jpg,1995,1980,-15
52820.jpg,1995,1993,-2
52825.jpg,1995,2005,10
52830.jpg,1995,1938,-57
52835.jpg,1995,1630,-365
52840.jpg,1995,1636,-359
52845.jpg,1996,1935,-61
52850.jpg,1996,1995,-1
52855.jpg,1996,2010,14
52860.jpg,1996,1998,2
52865.jpg,1996,2010,14
52870.jpg,1996,2015,19
52875.jpg,1996,1980,-16
52880.jpg,1996,1930,-66
52885.jpg,1996,1997,1
52890.jpg,1996,2003,7
52895.jpg,1996,2009,13
52900.jpg,1996,2010,14
52905.jpg,1996,1996,0
52910.jpg,1996,1980,-16
52915.jpg,1996,2007,11
52920.jpg,1996,1985,-11
52925.jpg,1996,2010,14
52935.jpg,1996,1980,-16
52940.jpg,1996,1970,-26
52945.jpg,1996,1930,-66
52950.jpg,1996,1968,-28
52955.jpg,1996,2010,14
52960.jpg,1996,1995,-1
52965.jpg,1996,1995,-1
52970.jpg,1996,1950,-46
52980.jpg,1996,1985,-11
52985.jpg,1997,1860,-137
52990.jpg,1997,1980,-17
52995.jpg,1997,1937,-60
53000.jpg,1997,1980,-17
53005.jpg,1997,1930,-67
53010.jpg,1997,1980,-17
53015.jpg,1997,2009,12
53020.jpg,1997,1978,-19
53025.jpg,1997,2002,5
53030.jpg,1997,2010,13
53035.jpg,1997,2005,8
53040.jpg,1997,2015,18
53045.jpg,1997,2005,8
53050.jpg,1997,2009,12
53055.jpg,1997,2006,9
53060.jpg,1997,2006,9
53065.jpg,1997,1968,-29
53070.jpg,1997,2008,11
53075.jpg,1997,1986,-11
53080.jpg,1997,1998,1
53085.jpg,1997,1970,-27
53090.jpg,1997,1906,-91
53095.jpg,1997,1995,-2
53100.jpg,1997,1985,-12
53105.jpg,1997,2010,13
53110.jpg,1997,2010,13
53115.jpg,1997,1996,-1
53120.jpg,1997,2000,3
53125.jpg,1997,2010,13
53130.jpg,1997,1960,-37
53135.jpg,1997,1990,-7
53140.jpg,1997,1912,-85
53145.jpg,1997,1980,-17
53150.jpg,1997,2012,15
53155.jpg,1997,1798,-199
53165.jpg,1997,2005,8
53170.jpg,1997,2008,11
53175.jpg,1997,1978,-19
53180.jpg,1997,2006,9
53185.jpg,1997,1985,-12
53190.jpg,1997,1988,-9
53195.jpg,1997,1589,-408
53200.jpg,1997,2007,10
53205.jpg,1997,1960,-37
53210.jpg,1997,1998,1
53215.jpg,1997,1935,-62
53220.jpg,1997,2006,9
53225.jpg,1997,2011,14
53230.jpg,1997,1983,-14
53235.jpg,1998,1903,-95
53240.jpg,1998,1972,-26
53245.jpg,1998,1970,-28
53250.jpg,1998,1997,-1
53255.jpg,1998,1938,-60
53260.jpg,1998,2006,8
53265.jpg,1998,1958,-40
53270.jpg,1998,2009,11
53275.jpg,1998,2018,20
53280.jpg,1998,1988,-10
53285.jpg,1998,1976,-22
53290.jpg,1998,1993,-5
53300.jpg,1998,1998,0
53305.jpg,1998,1962,-36
53310.jpg,1998,2006,8
53315.jpg,1998,1992,-6
53325.jpg,1998,1990,-8
53330.jpg,1998,2009,11
53335.jpg,1998,2010,12
53340.jpg,1998,1987,-11
53345.jpg,1998,1986,-12
53350.jpg,1998,1985,-13
53355.jpg,1998,1998,0
53365.jpg,1998,2007,9
53370.jpg,1998,2015,17
53375.jpg,1998,1970,-28
53380.jpg,1998,1957,-41
53385.jpg,1998,1720,-278
53390.jpg,1998,1830,-168
53395.jpg,1998,2004,6
53400.jpg,1998,1930,-68
53405.jpg,1998,1988,-10
53410.jpg,1998,1956,-42
53415.jpg,1998,1985,-13
53420.jpg,1998,1993,-5
53425.jpg,1998,1986,-12
53435.jpg,1998,1986,-12
53440.jpg,1998,1980,-18
53445.jpg,1998,2013,15
53450.jpg,1998,1975,-23
53455.jpg,1999,1860,-139
53460.jpg,1999,1985,-14
53465.jpg,1999,2014,15
53470.jpg,1999,1930,-69
53475.jpg,1999,2005,6
53480.jpg,1999,2004,5
53485.jpg,1999,2010,11
53490.jpg,1999,1960,-39
53495.jpg,1999,1972,-27
53505.jpg,1999,1970,-29
53510.jpg,1999,1926,-73
53515.jpg,1999,2015,16
53520.jpg,1999,2009,10
53525.jpg,1999,2001,2
53530.jpg,1999,2010,11
53535.jpg,1999,1972,-27
53540.jpg,1999,1984,-15
53545.jpg,1999,2009,10
53550.jpg,1999,2010,11
53555.jpg,1999,1984,-15
53560.jpg,1999,1982,-17
53565.jpg,1999,1973,-26
53570.jpg,1999,1993,-6
53575.jpg,1999,1976,-23
53580.jpg,1999,1986,-13
53585.jpg,1999,2005,6
53590.jpg,1999,1985,-14
53595.jpg,1999,1986,-13
53600.jpg,1999,1984,-15
53605.jpg,1999,2001,2
53610.jpg,1999,2008,9
53615.jpg,1999,1960,-39
53620.jpg,1999,1898,-101
53625.jpg,1999,1994,-5
53630.jpg,1999,1950,-49
53635.jpg,1999,2003,4
53650.jpg,1999,2007,8
53655.jpg,1999,1938,-61
53660.jpg,1999,2008,9
53665.jpg,1999,2007,8
53670.jpg,1999,1979,-20
53675.jpg,1999,2004,5
53680.jpg,1999,1996,-3
53685.jpg,1999,1930,-69
53690.jpg,2000,2009,9
53700.jpg,2000,2005,5
53705.jpg,2000,1984,-16
53710.jpg,2000,2014,14
53715.jpg,2000,2010,10
53720.jpg,2000,1993,-7
53725.jpg,2000,2006,6
53730.jpg,2000,1983,-17
53735.jpg,2000,2006,6
53740.jpg,2000,1996,-4
53745.jpg,2000,1970,-30
53755.jpg,2000,1998,-2
53760.jpg,2000,1978,-22
53765.jpg,2000,2006,6
53770.jpg,2000,2014,14
53775.jpg,2000,1974,-26
53780.jpg,2000,1997,-3
53785.jpg,2000,1970,-30
53790.jpg,2000,1912,-88
53795.jpg,2000,1956,-44
53800.jpg,2000,1994,-6
53805.jpg,2000,2004,4
53810.jpg,2000,1974,-26
53815.jpg,2000,2007,7
53820.jpg,2000,2002,2
53830.jpg,2000,1930,-70
53835.jpg,2000,1988,-12
53840.jpg,2000,1986,-14
53845.jpg,2000,2012,12
53850.jpg,2000,1900,-100
53855.jpg,2000,1968,-32
53860.jpg,2000,1998,-2
53865.jpg,2000,2007,7
53870.jpg,2000,2007,7
53875.jpg,2000,1960,-40
53880.jpg,2000,2005,5
53885.jpg,2000,1995,-5
53890.jpg,2000,1996,-4
53895.jpg,2000,2008,8
53905.jpg,2001,2010,9
53910.jpg,2001,2010,9
53915.jpg,2001,1984,-17
53920.jpg,2001,2007,6
53925.jpg,2001,2010,9
53930.jpg,2001,2010,9
53935.jpg,2001,1980,-21
53940.jpg,2001,2005,4
53945.jpg,2001,1997,-4
53950.jpg,2001,1980,-21
53955.jpg,2001,1998,-3
53960.jpg,2001,2008,7
53965.jpg,2001,1980,-21
53970.jpg,2001,1976,-25
53975.jpg,2001,2012,11
53980.jpg,2001,2006,5
53985.jpg,2001,2003,2
53990.jpg,2001,1964,-37
53995.jpg,2001,1905,-96
54000.jpg,2001,2007,6
54005.jpg,2001,1978,-23
54010.jpg,2001,1982,-19
54015.jpg,2001,2008,7
54020.jpg,2001,1926,-75
54025.jpg,2001,1999,-2
54030.jpg,2001,2011,10
54035.jpg,2001,2014,13
54040.jpg,2001,2000,-1
54045.jpg,2001,2005,4
54050.jpg,2001,2008,7
54055.jpg,2001,2010,9
54060.jpg,2001,1956,-45
54065.jpg,2001,1930,-71
54070.jpg,2001,1989,-12
54075.jpg,2001,2010,9
54085.jpg,2001,2010,9
54090.jpg,2001,1990,-11
54095.jpg,2001,2005,4
54100.jpg,2001,2010,9
54105.jpg,2001,2010,9
54110.jpg,2001,2010,9
54120.jpg,2001,2004,3
54125.jpg,2001,2008,7
54130.jpg,2001,1960,-41
54135.jpg,2001,1973,-28
54140.jpg,2001,2003,2
54145.jpg,2001,1970,-31
54150.jpg,2001,2009,8
54155.jpg,2001,1930,-71
54160.jpg,2001,2008,7
54165.jpg,2001,1958,-43
54170.jpg,2001,2008,7
54180.jpg,2002,1930,-72
54185.jpg,2002,2010,8
54190.jpg,2002,1999,-3
54195.jpg,2002,1930,-72
54200.jpg,2002,1970,-32
54205.jpg,2002,1998,-4
54210.jpg,2002,1989,-13
54215.jpg,2002,2014,12
54220.jpg,2002,1995,-7
54225.jpg,2002,1980,-22
54230.jpg,2002,1999,-3
54235.jpg,2002,2001,-1
54240.jpg,2002,1981,-21
54245.jpg,2002,1930,-72
54250.jpg,2002,2005,3
54255.jpg,2002,1910,-92
54260.jpg,2002,2005,3
54265.jpg,2002,2006,4
54270.jpg,2002,2012,10
54275.jpg,2002,1930,-72
54280.jpg,2002,2009,7
54285.jpg,2002,2010,8
54290.jpg,2002,1978,-24
54295.jpg,2002,1970,-32
54300.jpg,2002,1970,-32
54305.jpg,2002,1991,-11
54310.jpg,2002,2007,5
54315.jpg,2002,2008,6
54320.jpg,2002,1900,-102
54330.jpg,2002,1930,-72
54335.jpg,2002,1930,-72
54340.jpg,2002,1980,-22
54345.jpg,2002,1997,-5
54355.jpg,2002,2005,3
54360.jpg,2002,2010,8
54365.jpg,2002,2005,3
54370.jpg,2002,2008,6
54375.jpg,2002,2009,7
54385.jpg,2002,1970,-32
54390.jpg,2002,2007,5
54395.jpg,2002,1992,-10
54400.jpg,2002,2003,1
54405.jpg,2003,1998,-5
54410.jpg,2003,2022,19
54415.jpg,2003,2022,19
54425.jpg,2003,2008,5
54430.jpg,2003,2018,15
54435.jpg,2003,2010,7
54440.jpg,2003,2017,14
54445.jpg,2003,1986,-17
54450.jpg,2003,1999,-4
54460.jpg,2003,1980,-23
54465.jpg,2003,2002,-1
54470.jpg,2003,1980,-23
54475.jpg,2003,2002,-1
54480.jpg,2003,2007,4
54485.jpg,2003,1977,-26
54490.jpg,2003,1976,-27
54495.jpg,2003,1987,-16
54500.jpg,2003,2010,7
54505.jpg,2003,2003,0
54510.jpg,2003,1980,-23
54515.jpg,2003,1940,-63
54520.jpg,2003,1930,-73
54525.jpg,2003,2013,10
54530.jpg,2003,1976,-27
54535.jpg,2003,1956,-47
54540.jpg,2003,2005,2
54545.jpg,2003,1900,-103
54550.jpg,2003,2007,4
54555.jpg,2003,1620,-383
54560.jpg,2003,2010,7
54565.jpg,2003,1979,-24
54570.jpg,2003,1986,-17
54575.jpg,2003,2010,7
54580.jpg,2003,1968,-35
54585.jpg,2003,2008,5
54590.jpg,2003,1976,-27
54595.jpg,2003,1978,-25
54600.jpg,2003,1980,-23
54605.jpg,2004,2005,1
54610.jpg,2004,1985,-19
54620.jpg,2004,1976,-28
54625.jpg,2004,2001,-3
54630.jpg,2004,2008,4
54635.jpg,2004,1990,-14
54640.jpg,2004,2015,11
54645.jpg,2004,1983,-21
54650.jpg,2004,1978,-26
54655.jpg,2004,1980,-24
54660.jpg,2004,2007,3
54665.jpg,2004,1990,-14
54670.jpg,2004,2005,1
54675.jpg,2004,2008,4
54680.jpg,2004,2008,4
54685.jpg,2004,2008,4
54690.jpg,2004,1938,-66
54695.jpg,2004,1980,-24
54700.jpg,2004,2005,1
54705.jpg,2004,1997,-7
54710.jpg,2004,1989,-15
54715.jpg,2004,2001,-3
54720.jpg,2004,2007,3
54725.jpg,2004,2003,-1
54730.jpg,2004,2008,4
54735.jpg,2004,2010,6
54740.jpg,2004,2008,4
54745.jpg,2004,1928,-76
54750.jpg,2004,1930,-74
54760.jpg,2004,2008,4
54770.jpg,2004,1933,-71
54775.jpg,2004,2006,2
54780.jpg,2004,2006,2
54785.jpg,2004,1996,-8
54790.jpg,2004,2005,1
54795.jpg,2004,2005,1
54800.jpg,2004,1990,-14
54805.jpg,2004,2002,-2
54810.jpg,2004,1998,-6
54815.jpg,2004,2005,1
54820.jpg,2004,2007,3
54825.jpg,2004,2007,3
54830.jpg,2004,2005,1
54835.jpg,2004,2012,8
54840.jpg,2004,2000,-4
54845.jpg,2005,1840,-165
54850.jpg,2005,1960,-45
54855.jpg,2005,2008,3
54860.jpg,2005,2014,9
54865.jpg,2005,2010,5
54870.jpg,2005,2008,3
54885.jpg,2005,2007,2
54890.jpg,2005,1970,-35
54895.jpg,2005,2008,3
54900.jpg,2005,1937,-68
54905.jpg,2005,2005,0
54910.jpg,2005,2008,3
54915.jpg,2005,1985,-20
54925.jpg,2005,2010,5
54930.jpg,2005,2000,-5
54935.jpg,2005,1930,-75
54940.jpg,2005,2008,3
54955.jpg,2005,2005,0
54960.jpg,2005,2008,3
54965.jpg,2005,2009,4
54970.jpg,2005,2010,5
54975.jpg,2005,1970,-35
54980.jpg,2005,2008,3
54985.jpg,2005,2007,2
54990.jpg,2005,1949,-56
54995.jpg,2005,1930,-75
55000.jpg,2005,1989,-16
55005.jpg,2005,2008,3
55010.jpg,2005,1960,-45
55015.jpg,2005,1986,-19
55020.jpg,2005,2000,-5
55025.jpg,2005,1982,-23
55030.jpg,2005,2010,5
55035.jpg,2005,2008,3
55040.jpg,2005,2017,12
55045.jpg,2005,1980,-25
55050.jpg,2005,2010,5
55055.jpg,2005,2010,5
55060.jpg,2005,2008,3
55065.jpg,2005,2005,0
55070.jpg,2005,1980,-25
55075.jpg,2005,2006,1
55080.jpg,2005,2008,3
55085.jpg,2005,2008,3
55090.jpg,2005,2005,0
55095.jpg,2005,2008,3
55100.jpg,2005,2005,0
55105.jpg,2005,1988,-17
55110.jpg,2005,1999,-6
55115.jpg,2005,1930,-75
55120.jpg,2005,2008,3
55125.jpg,2005,2010,5
55130.jpg,2005,2007,2
55135.jpg,2006,2008,2
55140.jpg,2006,2009,3
55145.jpg,2006,1950,-56
55155.jpg,2006,2008,2
55160.jpg,2006,2005,-1
55165.jpg,2006,2007,1
55170.jpg,2006,2007,1
55175.jpg,2006,2010,4
55180.jpg,2006,1998,-8
55185.jpg,2006,2003,-3
55190.jpg,2006,2017,11
55195.jpg,2006,2018,12
55200.jpg,2006,1989,-17
55210.jpg,2006,2010,4
55215.jpg,2006,2008,2
55220.jpg,2006,2008,2
55230.jpg,2006,2004,-2
55235.jpg,2006,2007,1
55240.jpg,2006,2014,8
55245.jpg,2006,2010,4
55250.jpg,2006,2005,-1
55255.jpg,2006,1965,-41
55265.jpg,2006,1910,-96
55270.jpg,2006,1960,-46
55275.jpg,2006,1936,-70
55280.jpg,2006,1980,-26
55285.jpg,2006,2009,3
55290.jpg,2006,1930,-76
55295.jpg,2006,1967,-39
55300.jpg,2006,1986,-20
55305.jpg,2006,1978,-28
55310.jpg,2006,2003,-3
55315.jpg,2006,1978,-28
55320.jpg,2006,2005,-1
55325.jpg,2006,1970,-36
55330.jpg,2006,2003,-3
55335.jpg,2007,1720,-287
55340.jpg,2007,2006,-1
55345.jpg,2007,2010,3
55355.jpg,2007,1980,-27
55360.jpg,2007,2006,-1
55365.jpg,2007,1980,-27
55370.jpg,2007,1980,-27
55380.jpg,2007,2018,11
55385.jpg,2007,1983,-24
55395.jpg,2007,1930,-77
55400.jpg,2007,2018,11
55405.jpg,2007,2010,3
55410.jpg,2007,2008,1
55415.jpg,2007,2008,1
55420.jpg,2007,2008,1
55425.jpg,2007,2008,1
55430.jpg,2007,2013,6
55435.jpg,2007,1987,-20
55440.jpg,2007,2006,-1
55445.jpg,2007,2016,9
55450.jpg,2007,1970,-37
55455.jpg,2007,2008,1
55460.jpg,2007,1880,-127
55465.jpg,2007,1987,-20
55475.jpg,2007,1937,-70
55480.jpg,2007,1929,-78
55485.jpg,2007,2010,3
55490.jpg,2007,1933,-74
55500.jpg,2007,2010,3
55505.jpg,2007,2008,1
55510.jpg,2007,2010,3
55515.jpg,2007,2003,-4
55520.jpg,2007,2005,-2
55525.jpg,2007,1883,-124
55530.jpg,2007,2008,1
55535.jpg,2007,1995,-12
55540.jpg,2007,2007,0
55545.jpg,2007,2010,3
55550.jpg,2007,1976,-31
55555.jpg,2007,1990,-17
55560.jpg,2007,2010,3
55565.jpg,2007,2010,3
55570.jpg,2007,2010,3
55575.jpg,2007,2007,0
55580.jpg,2007,2008,1
55585.jpg,2007,1981,-26
55590.jpg,2007,2007,0
55595.jpg,2007,1949,-58
55600.jpg,2007,1980,-27
55605.jpg,2007,1985,-22
55610.jpg,2008,1720,-288
55615.jpg,2008,1820,-188
55620.jpg,2008,2010,2
55625.jpg,2008,2008,0
55630.jpg,2008,2010,2
55635.jpg,2008,1970,-38
55640.jpg,2008,1980,-28
55645.jpg,2008,2010,2
55650.jpg,2008,1968,-40
55655.jpg,2008,2010,2
55660.jpg,2008,2010,2
55670.jpg,2008,2008,0
55675.jpg,2008,1999,-9
55685.jpg,2008,2004,-4
55690.jpg,2008,2015,7
55695.jpg,2008,2018,10
55705.jpg,2008,2012,4
55710.jpg,2008,2008,0
55715.jpg,2008,1968,-40
55720.jpg,2008,1970,-38
55725.jpg,2008,1997,-11
55730.jpg,2008,2002,-6
55735.jpg,2008,1565,-443
55740.jpg,2008,1990,-18
55745.jpg,2008,2014,6
55750.jpg,2008,2010,2
55755.jpg,2008,2001,-7
55760.jpg,2008,1991,-17
55765.jpg,2008,1995,-13
55770.jpg,2008,1818,-190
55775.jpg,2008,1980,-28
55780.jpg,2008,2009,1
55785.jpg,2008,2006,-2
55795.jpg,2008,2015,7
55800.jpg,2008,2010,2
55805.jpg,2008,2008,0
55810.jpg,2008,2012,4
55815.jpg,2008,2008,0
55820.jpg,2008,1997,-11
55825.jpg,2008,1982,-26
55830.jpg,2008,2008,0
55835.jpg,2009,1962,-47
55845.jpg,2009,2009,0
55850.jpg,2009,2006,-3
55870.jpg,2009,1998,-11
55875.jpg,2009,2010,1
55880.jpg,2009,2022,13
55885.jpg,2009,1988,-21
55890.jpg,2009,2008,-1
55895.jpg,2009,2009,0
55900.jpg,2009,1980,-29
55905.jpg,2009,2009,0
55910.jpg,2009,2012,3
55915.jpg,2009,2007,-2
55920.jpg,2009,1927,-82
55925.jpg,2009,2005,-4
55930.jpg,2009,1937,-72
55935.jpg,2009,2008,-1
55940.jpg,2009,2012,3
55945.jpg,2009,1905,-104
55950.jpg,2009,2012,3
55955.jpg,2009,2000,-9
55960.jpg,2009,2015,6
55965.jpg,2009,2009,0
55970.jpg,2009,2005,-4
55975.jpg,2009,2010,1
55980.jpg,2009,2004,-5
55985.jpg,2009,2005,-4
55990.jpg,2009,2010,1
55995.jpg,2009,2009,0
56000.jpg,2009,2016,7
56005.jpg,2009,1913,-96
56010.jpg,2009,1840,-169
56015.jpg,2009,2004,-5
56020.jpg,2009,2008,-1
56025.jpg,2009,2008,-1
56030.jpg,2009,2008,-1
56035.jpg,2009,2008,-1
56040.jpg,2009,2006,-3
56050.jpg,2009,2008,-1
56055.jpg,2009,1998,-11
56060.jpg,2009,1960,-49
56065.jpg,2009,1978,-31
56070.jpg,2009,2008,-1
56075.jpg,2009,1886,-123
56080.jpg,2010,2006,-4
56085.jpg,2010,2008,-2
56090.jpg,2010,2011,1
56095.jpg,2010,2006,-4
56105.jpg,2010,2010,0
56110.jpg,2010,1980,-30
56115.jpg,2010,2001,-9
56125.jpg,2010,1998,-12
56130.jpg,2010,2005,-5
56135.jpg,2010,2010,0
56140.jpg,2010,1980,-30
56145.jpg,2010,2015,5
56150.jpg,2010,2009,-1
56155.jpg,2010,1960,-50
56165.jpg,2010,1985,-25
56170.jpg,2010,1928,-82
56175.jpg,2010,2010,0
56180.jpg,2010,2008,-2
56185.jpg,2010,2010,0
56190.jpg,2010,1980,-30
56195.jpg,2010,2009,-1
56200.jpg,2010,2002,-8
56205.jpg,2010,2015,5
56210.jpg,2010,2010,0
56215.jpg,2010,2007,-3
56220.jpg,2010,2013,3
56225.jpg,2010,1980,-30
56230.jpg,2010,1940,-70
56235.jpg,2010,1933,-77
56240.jpg,2010,2008,-2
56245.jpg,2010,2010,0
56250.jpg,2010,2007,-3
56255.jpg,2010,2007,-3
56260.jpg,2010,2008,-2
56265.jpg,2010,2010,0
56270.jpg,2010,2018,8
56275.jpg,2010,1980,-30
56280.jpg,2010,1983,-27
56285.jpg,2010,2010,0
56290.jpg,2010,2008,-2
56295.jpg,2010,2010,0
56300.jpg,2010,2008,-2
56310.jpg,2010,2012,2
56315.jpg,2011,2010,-1
56320.jpg,2011,1981,-30
56325.jpg,2011,2016,5
56330.jpg,2011,2008,-3
56335.jpg,2011,2005,-6
56345.jpg,2011,1970,-41
56350.jpg,2011,1999,-12
56355.jpg,2011,1997,-14
56360.jpg,2011,2018,7
56365.jpg,2011,2010,-1
56370.jpg,2011,1976,-35
56375.jpg,2011,2013,2
56380.jpg,2011,2021,10
56385.jpg,2011,2011,0
56390.jpg,2011,1982,-29
56395.jpg,2011,2003,-8
56400.jpg,2011,2001,-10
56405.jpg,2011,1730,-281
56410.jpg,2011,2010,-1
56415.jpg,2011,1983,-28
56420.jpg,2011,1984,-27
56425.jpg,2011,1913,-98
56430.jpg,2011,2010,-1
56440.jpg,2011,2000,-11
56450.jpg,2011,2012,1
56455.jpg,2011,1765,-246
56460.jpg,2011,1968,-43
56465.jpg,2011,2007,-4
56470.jpg,2011,1900,-111
56475.jpg,2011,1962,-49
56480.jpg,2011,1966,-45
56485.jpg,2011,2010,-1
56495.jpg,2011,2008,-3
56500.jpg,2011,2005,-6
56505.jpg,2011,2008,-3
56510.jpg,2011,2010,-1
56515.jpg,2011,1950,-61
56520.jpg,2011,2007,-4
56525.jpg,2011,1996,-15
56545.jpg,2012,1925,-87
56550.jpg,2012,2019,7
56555.jpg,2012,2007,-5
56560.jpg,2012,2010,-2
56565.jpg,2012,2016,4
56570.jpg,2012,1980,-32
56575.jpg,2012,2018,6
56585.jpg,2012,2016,4
56590.jpg,2012,2007,-5
56600.jpg,2012,1972,-40
56605.jpg,2012,2015,3
56610.jpg,2012,2008,-4
56615.jpg,2012,2012,0
56620.jpg,2012,1966,-46
56625.jpg,2012,1973,-39
56630.jpg,2012,2009,-3
56635.jpg,2012,1995,-17
56640.jpg,2012,1970,-42
56645.jpg,2012,1988,-24
56650.jpg,2012,2010,-2
56655.jpg,2012,2008,-4
56660.jpg,2012,1956,-56
56665.jpg,2012,1881,-131
56670.jpg,2012,2015,3
56675.jpg,2012,2016,4
56680.jpg,2012,2018,6
56685.jpg,2012,2005,-7
56690.jpg,2012,2008,-4
56695.jpg,2012,2010,-2
56700.jpg,2012,2017,5
56705.jpg,2012,2010,-2
56710.jpg,2012,1986,-26
56715.jpg,2012,1888,-124
56720.jpg,2013,1984,-29
56725.jpg,2013,2013,0
56730.jpg,2013,1978,-35
56735.jpg,2013,1988,-25
56740.jpg,2013,1999,-14
56745.jpg,2013,2014,1
56750.jpg,2013,2011,-2
56755.jpg,2013,2010,-3
56765.jpg,2013,2008,-5
56770.jpg,2013,2015,2
56775.jpg,2013,2008,-5
56780.jpg,2013,1980,-33
56785.jpg,2013,2010,-3
56795.jpg,2013,2008,-5
56800.jpg,2013,1978,-35
56805.jpg,2013,1980,-33
56810.jpg,2013,2018,5
56820.jpg,2013,2008,-5
56825.jpg,2013,1880,-133
56845.jpg,2013,2010,-3
56850.jpg,2013,2012,-1
56855.jpg,2013,2011,-2
56860.jpg,2013,2010,-3
56865.jpg,2013,2010,-3
56870.jpg,2013,2010,-3
56875.jpg,2013,2018,5
56880.jpg,2013,2005,-8
56885.jpg,2013,2009,-4
56890.jpg,2013,2006,-7
56895.jpg,2013,1960,-53
56900.jpg,2014,2008,-6
56905.jpg,2014,1938,-76
56910.jpg,2014,1910,-104
56915.jpg,2014,2008,-6
56920.jpg,2014,2010,-4
56925.jpg,2014,2012,-2
56930.jpg,2014,2007,-7
56935.jpg,2014,2012,-2
56940.jpg,2014,2015,1
56945.jpg,2014,1980,-34
56950.jpg,2014,2008,-6
56955.jpg,2014,1960,-54
56960.jpg,2014,2009,-5
56965.jpg,2014,2008,-6
56970.jpg,2014,1980,-34
56975.jpg,2014,1950,-64
56980.jpg,2014,1966,-48
56985.jpg,2014,2014,0
56990.jpg,2014,2010,-4
56995.jpg,2014,2013,-1
57005.jpg,2014,2010,-4
57010.jpg,2014,2000,-14
57015.jpg,2014,2018,4
57020.jpg,2014,2008,-6
57025.jpg,2014,2003,-11
57030.jpg,2014,1997,-17
57035.jpg,2014,2007,-7
57040.jpg,2014,2018,4
57045.jpg,2014,2012,-2
57050.jpg,2014,1962,-52
57055.jpg,2014,2008,-6
57060.jpg,2014,2010,-4
57065.jpg,2014,2013,-1
57070.jpg,2014,1984,-30
57075.jpg,2015,1960,-55
57085.jpg,2015,2010,-5
57090.jpg,2015,1930,-85
57095.jpg,2015,2009,-6
57100.jpg,2015,2007,-8
57105.jpg,2015,2008,-7
57110.jpg,2015,2003,-12
57120.jpg,2015,2014,-1
57125.jpg,2015,1980,-35
57130.jpg,2015,2015,0
57135.jpg,2015,2008,-7
57140.jpg,2015,2014,-1
57145.jpg,2015,2008,-7
57150.jpg,2015,2008,-7
57155.jpg,2015,2008,-7
57160.jpg,2015,1984,-31
57165.jpg,2015,2010,-5
57170.jpg,2015,2010,-5
57175.jpg,2015,2015,0
57180.jpg,2015,2011,-4
57185.jpg,2015,2010,-5
57195.jpg,2015,2008,-7
57200.jpg,2015,1970,-45
57205.jpg,2015,2009,-6
57210.jpg,2015,2009,-6
57215.jpg,2015,2009,-6
57220.jpg,2016,2010,-6
57225.jpg,2016,2014,-2
57230.jpg,2016,2018,2
57235.jpg,2016,2012,-4
57240.jpg,2016,2010,-6
57250.jpg,2016,2015,-1
57255.jpg,2016,1978,-38
57270.jpg,2016,1908,-108
57275.jpg,2016,2008,-8
57280.jpg,2016,2010,-6
57285.jpg,2016,2018,2
57290.jpg,2016,2013,-3
57295.jpg,2016,2017,1
57300.jpg,2016,2007,-9
57305.jpg,2016,2007,-9
57310.jpg,2016,2017,1
57315.jpg,2016,2018,2
57320.jpg,2016,2018,2
57325.jpg,2016,2008,-8
57330.jpg,2016,2015,-1
57335.jpg,2016,1980,-36
57340.jpg,2016,2015,-1
57345.jpg,2016,1976,-40
57350.jpg,2016,2013,-3
57355.jpg,2016,2013,-3
57360.jpg,2016,2014,-2
57365.jpg,2017,1980,-37
57370.jpg,2017,2018,1
57375.jpg,2017,2010,-7
57385.jpg,2017,2017,0
57390.jpg,2017,2018,1
57395.jpg,2017,2012,-5
57400.jpg,2017,1970,-47
57415.jpg,2017,2018,1
57420.jpg,2017,1980,-37
57425.jpg,2017,1969,-48
57430.jpg,2017,1968,-49
57435.jpg,2017,2018,1
57440.jpg,2017,2018,1
57450.jpg,2017,2008,-9
57455.jpg,2017,2008,-9
57470.jpg,2017,2015,-2
57475.jpg,2017,2000,-17
57480.jpg,2018,2016,-2
57485.jpg,2018,2010,-8
57490.jpg,2018,1990,-28
57495.jpg,2018,1980,-38
57500.jpg,2018,2005,-13
57505.jpg,2018,2018,0
57510.jpg,2018,2015,-3
57515.jpg,2018,2015,-3
57520.jpg,2018,2001,-17
57525.jpg,2018,1998,-20
57530.jpg,2018,2010,-8
57545.jpg,2018,2012,-6
57550.jpg,2018,2012,-6
57555.jpg,2018,2015,-3
57560.jpg,2018,2018,0
57565.jpg,2018,2008,-10
57570.jpg,2018,2018,0
57575.jpg,2018,2012,-6
57585.jpg,2019,1980,-39
57595.jpg,2019,2022,3
57600.jpg,2019,2018,-1
57605.jpg,2019,2004,-15
57610.jpg,2019,2008,-11
57615.jpg,2019,1960,-59
57620.jpg,2019,2016,-3
57625.jpg,2019,2006,-13
57630.jpg,2019,1913,-106
57635.jpg,2019,2007,-12
57640.jpg,2019,2010,-9
57645.jpg,2019,2018,-1
57660.jpg,2019,1971,-48
57665.jpg,2019,2010,-9
57670.jpg,2020,1980,-40
57675.jpg,2020,2013,-7
57680.jpg,2020,2018,-2
57685.jpg,2020,2018,-2
57690.jpg,2020,2008,-12
57695.jpg,2020,2010,-10
57700.jpg,2020,1950,-70
57705.jpg,2020,2018,-2
57710.jpg,2020,2012,-8
57725.jpg,2020,2018,-2
57730.jpg,2021,2018,-3
57735.jpg,2021,2020,-1
57740.jpg,2021,2021,0
57745.jpg,2021,2012,-9
57750.jpg,2021,2018,-3
57755.jpg,2021,1976,-45
57760.jpg,2021,2003,-18
57765.jpg,2021,2018,-3
57770.jpg,2021,2011,-10
57780.jpg,2021,2020,-1
57785.jpg,2021,2012,-9
57790.jpg,2021,2008,-13
57795.jpg,2021,2015,-6
57800.jpg,2021,2018,-3
57805.jpg,2022,2010,-12
57810.jpg,2022,2010,-12
57815.jpg,2022,2008,-14
57825.jpg,2022,1988,-34
57830.jpg,2022,2010,-12
57835.jpg,2022,2017,-5
57840.jpg,2022,1930,-92
57845.jpg,2022,2018,-4
57860.jpg,2022,2018,-4
57865.jpg,2022,2019,-3
57870.jpg,2022,2018,-4
57875.jpg,2023,2017,-6
57885.jpg,2023,2018,-5
57890.jpg,2023,2016,-7
57895.jpg,2023,2006,-17
57900.jpg,2023,1927,-96
57910.jpg,2023,2018,-5
57915.jpg,2023,2018,-5
57920.jpg,2023,2018,-5
57925.jpg,2024,1905,-119
57930.jpg,2024,2019,-5
