name,year,pred,diff
5.jpg,1008,1180,172
10.jpg,1016,1998,982
15.jpg,1022,1180,158
20.jpg,1028,1420,392
25.jpg,1036,1970,934
30.jpg,1048,1066,18
35.jpg,1051,1230,179
40.jpg,1061,1000,-61
45.jpg,1063,1690,627
55.jpg,1070,1220,150
60.jpg,1076,1176,100
65.jpg,1080,1470,390
70.jpg,1090,1650,560
75.jpg,1093,1930,837
80.jpg,1097,1870,773
85.jpg,1100,900,-200
90.jpg,1100,1850,750
95.jpg,1107,1780,673
100.jpg,1110,1857,747
105.jpg,1114,1100,-14
110.jpg,1116,1580,464
120.jpg,1120,1150,30
125.jpg,1122,1120,-2
130.jpg,1125,1250,125
135.jpg,1128,1130,2
140.jpg,1129,1580,451
145.jpg,1130,1150,20
150.jpg,1131,1170,39
155.jpg,1134,1720,586
165.jpg,1138,1870,732
170.jpg,1140,1180,40
175.jpg,1144,1230,86
180.jpg,1146,1250,104
185.jpg,1147,1360,213
190.jpg,1149,1760,611
195.jpg,1150,1660,510
200.jpg,1152,1028,-124
210.jpg,1160,1200,40
215.jpg,1165,1250,85
220.jpg,1168,1550,382
225.jpg,1170,1150,-20
230.jpg,1170,1430,260
235.jpg,1172,1327,155
240.jpg,1175,1920,745
245.jpg,1177,1283,106
255.jpg,1180,1100,-80
260.jpg,1180,1220,40
265.jpg,1180,1840,660
275.jpg,1185,1191,6
280.jpg,1189,1152,-37
285.jpg,1191,1320,129
290.jpg,1192,1150,-42
295.jpg,1194,1400,206
300.jpg,1196,1200,4
305.jpg,1198,1248,50
310.jpg,1199,661,-538
315.jpg,1200,1250,50
320.jpg,1202,1200,-2
325.jpg,1204,1648,444
330.jpg,1208,1600,392
335.jpg,1211,1650,439
340.jpg,1212,1385,173
345.jpg,1215,1750,535
350.jpg,1217,1580,363
355.jpg,1220,1270,50
360.jpg,1221,1170,-51
365.jpg,1222,1444,222
370.jpg,1224,1480,256
375.jpg,1226,1425,199
380.jpg,1227,1620,393
385.jpg,1229,1480,251
390.jpg,1231,1890,659
395.jpg,1232,1200,-32
405.jpg,1237,1258,21
410.jpg,1238,1350,112
415.jpg,1240,1350,110
420.jpg,1242,1695,453
425.jpg,1245,1400,155
430.jpg,1247,1250,3
435.jpg,1248,1300,52
440.jpg,1250,1500,250
445.jpg,1250,1200,-50
450.jpg,1252,1603,351
455.jpg,1255,1580,325
460.jpg,1259,1640,381
465.jpg,1260,1471,211
470.jpg,1263,1280,17
475.jpg,1264,1250,-14
485.jpg,1270,1250,-20
490.jpg,1270,1480,210
495.jpg,1270,1670,400
500.jpg,1271,1204,-67
505.jpg,1273,1420,147
510.jpg,1275,1630,355
515.jpg,1277,1680,403
520.jpg,1278,1280,2
525.jpg,1279,1360,81
530.jpg,1280,1750,470
535.jpg,1285,1250,-35
540.jpg,1288,1580,292
545.jpg,1289,1600,311
550.jpg,1290,1200,-90
555.jpg,1291,1230,-61
560.jpg,1293,1930,637
565.jpg,1295,1220,-75
570.jpg,1298,1905,607
575.jpg,1300,1480,180
580.jpg,1300,1500,200
585.jpg,1300,1720,420
590.jpg,1301,1583,282
595.jpg,1303,1500,197
600.jpg,1305,1300,-5
605.jpg,1307,1850,543
610.jpg,1309,1670,361
615.jpg,1310,1350,40
620.jpg,1311,1229,-82
625.jpg,1313,1320,7
630.jpg,1314,1173,-141
635.jpg,1317,1500,183
640.jpg,1319,1100,-219
645.jpg,1320,1550,230
650.jpg,1322,1310,-12
655.jpg,1324,1350,26
660.jpg,1325,1480,155
665.jpg,1326,1250,-76
670.jpg,1327,1720,393
675.jpg,1328,1490,162
680.jpg,1330,1750,420
685.jpg,1330,1283,-47
690.jpg,1331,1764,433
695.jpg,1333,1150,-183
700.jpg,1335,1500,165
705.jpg,1337,1470,133
710.jpg,1338,1600,262
715.jpg,1340,1893,553
720.jpg,1340,1580,240
725.jpg,1343,1580,237
730.jpg,1345,1480,135
735.jpg,1345,1620,275
740.jpg,1346,1910,564
745.jpg,1347,1888,541
750.jpg,1347,1580,233
755.jpg,1349,1489,140
760.jpg,1350,1680,330
765.jpg,1350,1360,10
775.jpg,1353,1580,227
780.jpg,1354,1300,-54
785.jpg,1356,1902,546
790.jpg,1358,1492,134
795.jpg,1360,1472,112
800.jpg,1361,1250,-111
805.jpg,1362,1395,33
810.jpg,1364,1930,566
815.jpg,1365,1620,255
825.jpg,1370,1880,510
830.jpg,1371,1350,-21
835.jpg,1373,19,-1354
840.jpg,1375,1773,398
845.jpg,1377,1580,203
850.jpg,1380,1985,605
855.jpg,1381,1485,104
860.jpg,1382,1580,198
865.jpg,1384,1371,-13
870.jpg,1386,2011,625
875.jpg,1389,1570,181
880.jpg,1390,1520,130
885.jpg,1394,1452,58
890.jpg,1396,1798,402
895.jpg,1397,1480,83
900.jpg,1398,1433,35
905.jpg,1399,1250,-149
910.jpg,1400,1545,145
915.jpg,1401,1500,99
920.jpg,1402,1583,181
925.jpg,1405,1500,95
930.jpg,1406,1580,174
935.jpg,1409,1480,71
940.jpg,1410,1580,170
945.jpg,1410,1480,70
950.jpg,1411,1300,-111
955.jpg,1413,1361,-52
960.jpg,1414,1900,486
965.jpg,1417,1329,-88
970.jpg,1419,2003,584
975.jpg,1420,1600,180
980.jpg,1420,1958,538
985.jpg,1422,1825,403
990.jpg,1424,1844,420
995.jpg,1425,1400,-25
1000.jpg,1426,1520,94
1005.jpg,1428,1790,362
1010.jpg,1430,1685,255
1015.jpg,1431,1300,-131
1025.jpg,1435,1880,445
1030.jpg,1436,100,-1336
1035.jpg,1438,1680,242
1040.jpg,1440,1280,-160
1045.jpg,1441,1880,439
1050.jpg,1442,1930,488
1055.jpg,1444,1481,37
1060.jpg,1446,1901,455
1065.jpg,1448,1560,112
1070.jpg,1450,1475,25
1075.jpg,1450,1170,-280
1080.jpg,1451,1999,548
1085.jpg,1452,1872,420
1090.jpg,1453,1480,27
1095.jpg,1455,1268,-187
1100.jpg,1457,1580,123
1105.jpg,1458,1453,-5
1110.jpg,1459,1440,-19
1115.jpg,1460,1475,15
1120.jpg,1462,1928,466
1125.jpg,1462,1200,-262
1130.jpg,1464,1320,-144
1135.jpg,1465,1680,215
1140.jpg,1466,1250,-216
1145.jpg,1467,1640,173
1150.jpg,1468,1580,112
1155.jpg,1469,1200,-269
1160.jpg,1470,1883,413
1165.jpg,1470,1380,-90
1170.jpg,1472,1620,148
1175.jpg,1473,1620,147
1180.jpg,1475,1020,-455
1185.jpg,1477,1207,-270
1190.jpg,1477,1600,123
1195.jpg,1479,1580,101
1200.jpg,1480,1478,-2
1205.jpg,1482,1670,188
1210.jpg,1482,1500,18
1215.jpg,1483,1600,117
1220.jpg,1485,1250,-235
1225.jpg,1487,1750,263
1230.jpg,1487,1350,-137
1235.jpg,1488,1475,-13
1240.jpg,1489,1200,-289
1245.jpg,1490,1517,27
1250.jpg,1490,1440,-50
1255.jpg,1491,1508,17
1260.jpg,1492,1575,83
1265.jpg,1493,1750,257
1270.jpg,1494,1550,56
1275.jpg,1495,1480,-15
1280.jpg,1496,1580,84
1285.jpg,1497,1930,433
1290.jpg,1497,1499,2
1295.jpg,1498,1580,82
1300.jpg,1499,1404,-95
1305.jpg,1500,1520,20
1310.jpg,1500,1630,130
1315.jpg,1501,1730,229
1325.jpg,1503,1820,317
1330.jpg,1504,1530,26
1335.jpg,1505,1720,215
1340.jpg,1506,1577,71
1345.jpg,1507,1720,213
1350.jpg,1508,1460,-48
1355.jpg,1508,1602,94
1360.jpg,1509,1485,-24
1365.jpg,1510,1920,410
1370.jpg,1510,1880,370
1375.jpg,1511,1580,69
1380.jpg,1512,1500,-12
1385.jpg,1513,1580,67
1390.jpg,1513,1732,219
1395.jpg,1515,1350,-165
1400.jpg,1515,1600,85
1405.jpg,1516,1600,84
1410.jpg,1517,1440,-77
1415.jpg,1518,1680,162
1420.jpg,1518,1560,42
1425.jpg,1520,1600,80
1430.jpg,1521,1519,-2
1435.jpg,1521,1100,-421
1440.jpg,1522,1990,468
1445.jpg,1523,1930,407
1450.jpg,1524,1600,76
1455.jpg,1525,1602,77
1460.jpg,1526,1703,177
1465.jpg,1526,1570,44
1470.jpg,1527,1900,373
1475.jpg,1528,1750,222
1480.jpg,1528,1780,252
1485.jpg,1530,1570,40
1490.jpg,1530,1611,81
1495.jpg,1530,1680,150
1500.jpg,1531,1908,377
1505.jpg,1531,1680,149
1510.jpg,1532,1570,38
1515.jpg,1532,1670,138
1520.jpg,1533,1900,367
1525.jpg,1534,1930,396
1530.jpg,1535,1680,145
1535.jpg,1535,1880,345
1540.jpg,1536,1750,214
1545.jpg,1537,1600,63
1550.jpg,1537,1755,218
1555.jpg,1538,1445,-93
1560.jpg,1539,1490,-49
1565.jpg,1540,1538,-2
1570.jpg,1540,1752,212
1575.jpg,1540,1480,-60
1580.jpg,1540,1540,0
1590.jpg,1542,1637,95
1595.jpg,1543,1780,237
1600.jpg,1543,1600,57
1605.jpg,1544,1580,36
1610.jpg,1545,1720,175
1615.jpg,1545,1580,35
1620.jpg,1547,1560,13
1625.jpg,1548,1568,20
1630.jpg,1549,1810,261
1635.jpg,1549,1585,36
1640.jpg,1550,1600,50
1645.jpg,1550,1720,170
1650.jpg,1550,1481,-69
1655.jpg,1550,1570,20
1660.jpg,1551,1830,279
1665.jpg,1551,1580,29
1670.jpg,1552,1650,98
1675.jpg,1553,1680,127
1680.jpg,1554,1750,196
1685.jpg,1554,1613,59
1690.jpg,1555,1780,225
1695.jpg,1556,1980,424
1700.jpg,1557,1880,323
1705.jpg,1558,1880,322
1710.jpg,1558,1616,58
1715.jpg,1559,1561,2
1720.jpg,1559,1750,191
1725.jpg,1560,1780,220
1730.jpg,1560,1678,118
1735.jpg,1560,1985,425
1740.jpg,1561,1650,89
1745.jpg,1561,1560,-1
1750.jpg,1562,1499,-63
1755.jpg,1563,1763,200
1760.jpg,1564,1200,-364
1765.jpg,1565,1720,155
1770.jpg,1565,1780,215
1775.jpg,1565,1556,-9
1780.jpg,1566,1646,80
1785.jpg,1567,1750,183
1790.jpg,1567,1608,41
1795.jpg,1568,1220,-348
1800.jpg,1568,1580,12
1805.jpg,1569,1700,131
1810.jpg,1570,1780,210
1815.jpg,1570,1755,185
1820.jpg,1570,1750,180
1825.jpg,1571,1880,309
1830.jpg,1572,1570,-2
1835.jpg,1572,1570,-2
1840.jpg,1573,1720,147
1845.jpg,1573,1930,357
1850.jpg,1574,1750,176
1855.jpg,1574,1572,-2
1860.jpg,1575,1700,125
1865.jpg,1575,1630,55
1870.jpg,1575,1785,210
1875.jpg,1576,1780,204
1880.jpg,1577,1590,13
1885.jpg,1578,1750,172
1890.jpg,1578,1753,175
1895.jpg,1579,1485,-94
1900.jpg,1579,1760,181
1905.jpg,1580,1682,102
1910.jpg,1580,1730,150
1915.jpg,1581,1580,-1
1920.jpg,1581,1700,119
1925.jpg,1582,1875,293
1930.jpg,1582,1936,354
1935.jpg,1583,1580,-3
1940.jpg,1584,1620,36
1945.jpg,1584,1750,166
1950.jpg,1585,1750,165
1955.jpg,1585,1600,15
1960.jpg,1585,1780,195
1965.jpg,1586,1614,28
1970.jpg,1586,1780,194
1975.jpg,1587,1557,-30
1980.jpg,1588,1580,-8
1985.jpg,1588,1870,282
1990.jpg,1588,1667,79
1995.jpg,1588,1650,62
2000.jpg,1589,1780,191
2005.jpg,1590,1750,160
2010.jpg,1590,1840,250
2020.jpg,1591,1774,183
2025.jpg,1591,1780,189
2030.jpg,1592,1905,313
2035.jpg,1593,1600,7
2045.jpg,1595,1600,5
2050.jpg,1595,1570,-25
2055.jpg,1595,1880,285
2060.jpg,1596,1600,4
2065.jpg,1596,1740,144
2070.jpg,1597,1609,12
2075.jpg,1597,1570,-27
2080.jpg,1598,1520,-78
2085.jpg,1598,1598,0
2090.jpg,1598,1930,332
2095.jpg,1600,1599,-1
2100.jpg,1600,1540,-60
2115.jpg,1602,1880,278
2125.jpg,1604,1610,6
2130.jpg,1604,1652,48
2135.jpg,1604,1652,48
2140.jpg,1605,1695,90
2145.jpg,1605,1660,55
2150.jpg,1606,1780,174
2155.jpg,1606,1640,34
2160.jpg,1607,1660,53
2165.jpg,1607,1605,-2
2170.jpg,1608,1787,179
2175.jpg,1608,1700,92
2180.jpg,1609,1600,-9
2185.jpg,1610,1600,-10
2190.jpg,1610,1626,16
2195.jpg,1610,1679,69
2200.jpg,1610,1840,230
2205.jpg,1611,1603,-8
2210.jpg,1611,1880,269
2215.jpg,1611,1670,59
2220.jpg,1612,1960,348
2225.jpg,1612,1886,274
2230.jpg,1613,1600,-13
2235.jpg,1613,1750,137
2240.jpg,1614,1700,86
2245.jpg,1614,1750,136
2250.jpg,1614,1670,56
2255.jpg,1615,1930,315
2260.jpg,1615,1923,308
2265.jpg,1616,1880,264
2270.jpg,1616,1687,71
2275.jpg,1616,1910,294
2280.jpg,1616,1763,147
2285.jpg,1617,1630,13
2290.jpg,1617,1720,103
2295.jpg,1617,1728,111
2300.jpg,1618,1068,-550
2305.jpg,1618,1890,272
2310.jpg,1619,1630,11
2315.jpg,1619,1750,131
2320.jpg,1619,1880,261
2325.jpg,1620,1620,0
2330.jpg,1620,1580,-40
2335.jpg,1620,1618,-2
2340.jpg,1621,1658,37
2345.jpg,1621,1720,99
2350.jpg,1622,1755,133
2360.jpg,1623,1620,-3
2365.jpg,1624,1680,56
2370.jpg,1624,1260,-364
2375.jpg,1624,1690,66
2380.jpg,1625,1720,95
2385.jpg,1625,1720,95
2390.jpg,1625,1829,204
2395.jpg,1625,1910,285
2400.jpg,1626,1789,163
2405.jpg,1626,1880,254
2410.jpg,1627,1800,173
2415.jpg,1628,1965,337
2420.jpg,1628,1785,157
2425.jpg,1629,1880,251
2430.jpg,1629,1605,-24
2435.jpg,1630,1745,115
2440.jpg,1630,1620,-10
2445.jpg,1630,1620,-10
2450.jpg,1630,1480,-150
2455.jpg,1631,1695,64
2460.jpg,1631,1730,99
2465.jpg,1631,1580,-51
2470.jpg,1632,1793,161
2475.jpg,1632,1895,263
2480.jpg,1632,1880,248
2485.jpg,1633,1720,87
2490.jpg,1633,1417,-216
2495.jpg,1634,1896,262
2500.jpg,1634,1300,-334
2505.jpg,1634,1511,-123
2510.jpg,1635,1603,-32
2515.jpg,1635,1763,128
2520.jpg,1635,1720,85
2525.jpg,1636,1720,84
2530.jpg,1636,1683,47
2535.jpg,1636,1680,44
2540.jpg,1637,1870,233
2545.jpg,1637,1772,135
2550.jpg,1638,1570,-68
2555.jpg,1638,1610,-28
2560.jpg,1638,1750,112
2565.jpg,1639,1750,111
2570.jpg,1639,1784,145
2575.jpg,1640,1750,110
2580.jpg,1640,1720,80
2585.jpg,1640,1865,225
2590.jpg,1641,1776,135
2595.jpg,1641,1700,59
2600.jpg,1641,1930,289
2605.jpg,1642,1660,18
2610.jpg,1642,1865,223
2615.jpg,1643,1620,-23
2620.jpg,1644,1870,226
2625.jpg,1644,1760,116
2630.jpg,1644,1850,206
2635.jpg,1645,1850,205
2640.jpg,1645,1970,325
2645.jpg,1646,1710,64
2650.jpg,1646,1618,-28
2655.jpg,1646,1558,-88
2660.jpg,1648,1750,102
2665.jpg,1648,1880,232
2670.jpg,1648,1648,0
2675.jpg,1649,1780,131
2680.jpg,1650,1670,20
2685.jpg,1650,1720,70
2690.jpg,1650,1620,-30
2695.jpg,1650,1901,251
2700.jpg,1651,1661,10
2705.jpg,1651,1866,215
2710.jpg,1652,1730,78
2715.jpg,1653,1820,167
2720.jpg,1653,1648,-5
2725.jpg,1654,1720,66
2730.jpg,1654,1580,-74
2735.jpg,1655,1760,105
2745.jpg,1656,1660,4
2750.jpg,1656,1884,228
2755.jpg,1656,1740,84
2760.jpg,1657,1730,73
2765.jpg,1657,1715,58
2770.jpg,1658,1670,12
2775.jpg,1658,1840,182
2780.jpg,1659,1650,-9
2785.jpg,1659,1700,41
2790.jpg,1660,1720,60
2795.jpg,1660,1720,60
2800.jpg,1660,1860,200
2805.jpg,1660,1750,90
2810.jpg,1660,1720,60
2815.jpg,1660,1754,94
2820.jpg,1660,1685,25
2825.jpg,1661,1998,337
2830.jpg,1661,1787,126
2835.jpg,1661,1888,227
2840.jpg,1661,1885,224
2845.jpg,1662,1905,243
2850.jpg,1663,1730,67
2855.jpg,1663,1638,-25
2860.jpg,1664,1600,-64
2865.jpg,1664,1730,66
2870.jpg,1664,1750,86
2875.jpg,1665,1860,195
2880.jpg,1665,1620,-45
2885.jpg,1665,1750,85
2890.jpg,1665,1630,-35
2895.jpg,1666,1720,54
2900.jpg,1666,1859,193
2905.jpg,1667,1750,83
2910.jpg,1667,1664,-3
2915.jpg,1667,1722,55
2920.jpg,1668,1752,84
2925.jpg,1669,1886,217
2930.jpg,1669,1680,11
2935.jpg,1670,1750,80
2940.jpg,1670,1790,120
2945.jpg,1670,1720,50
2950.jpg,1670,1660,-10
2955.jpg,1671,1730,59
2960.jpg,1671,1480,-191
2965.jpg,1671,1649,-22
2970.jpg,1672,1880,208
2975.jpg,1672,1820,148
2980.jpg,1673,1730,57
2985.jpg,1673,1750,77
2990.jpg,1674,1770,96
2995.jpg,1674,1830,156
3000.jpg,1674,1500,-174
3010.jpg,1675,1724,49
3020.jpg,1676,1730,54
3025.jpg,1676,1675,-1
3030.jpg,1677,1985,308
3035.jpg,1677,1725,48
3040.jpg,1677,1746,69
3045.jpg,1678,1580,-98
3050.jpg,1678,1726,48
3055.jpg,1678,1580,-98
3060.jpg,1679,1720,41
3065.jpg,1679,1607,-72
3075.jpg,1680,1740,60
3080.jpg,1680,1870,190
3085.jpg,1680,1720,40
3090.jpg,1680,1780,100
3095.jpg,1680,1730,50
3100.jpg,1680,1720,40
3105.jpg,1681,1730,49
3110.jpg,1681,1750,69
3115.jpg,1681,1720,39
3120.jpg,1681,1538,-143
3125.jpg,1682,1760,78
3130.jpg,1682,1680,-2
3135.jpg,1682,1685,3
3140.jpg,1682,1700,18
3145.jpg,1683,1780,97
3150.jpg,1683,1750,67
3155.jpg,1683,1750,67
3160.jpg,1683,1250,-433
3165.jpg,1683,1724,41
3170.jpg,1684,1720,36
3175.jpg,1684,1682,-2
3180.jpg,1684,1599,-85
3185.jpg,1684,1750,66
3190.jpg,1685,1720,35
3195.jpg,1685,1750,65
3200.jpg,1685,1680,-5
3205.jpg,1686,1762,76
3210.jpg,1686,1740,54
3215.jpg,1686,1830,144
3220.jpg,1686,1870,184
3225.jpg,1687,1680,-7
3230.jpg,1687,1750,63
3235.jpg,1687,1648,-39
3240.jpg,1688,1720,32
3245.jpg,1688,1733,45
3250.jpg,1689,1750,61
3255.jpg,1689,1790,101
3260.jpg,1689,1750,61
3270.jpg,1690,1800,110
3275.jpg,1690,1830,140
3280.jpg,1690,1840,150
3285.jpg,1690,1860,170
3290.jpg,1690,1975,285
3295.jpg,1690,1840,150
3300.jpg,1690,1750,60
3305.jpg,1691,1680,-11
3310.jpg,1691,1733,42
3315.jpg,1691,1666,-25
3320.jpg,1692,1820,128
3325.jpg,1692,1505,-187
3330.jpg,1693,1904,211
3335.jpg,1693,1720,27
3340.jpg,1694,1750,56
3345.jpg,1694,1930,236
3350.jpg,1694,1755,61
3355.jpg,1695,1790,95
3360.jpg,1695,1750,55
3365.jpg,1695,1750,55
3370.jpg,1695,1790,95
3375.jpg,1695,1605,-90
3385.jpg,1696,1670,-26
3390.jpg,1696,1720,24
3395.jpg,1696,1901,205
3400.jpg,1696,1752,56
3405.jpg,1696,1720,24
3410.jpg,1697,1750,53
3415.jpg,1697,1790,93
3420.jpg,1697,1900,203
3425.jpg,1697,1678,-19
3430.jpg,1698,1750,52
3435.jpg,1698,1830,132
3440.jpg,1698,1648,-50
3445.jpg,1699,1720,21
3450.jpg,1699,1730,31
3455.jpg,1699,1781,82
3460.jpg,1700,1880,180
3465.jpg,1700,1928,228
3470.jpg,1700,1720,20
3475.jpg,1700,1760,60
3480.jpg,1700,1750,50
3485.jpg,1700,1750,50
3490.jpg,1700,1770,70
3495.jpg,1700,1750,50
3500.jpg,1700,1790,90
3505.jpg,1700,1720,20
3510.jpg,1700,1720,20
3520.jpg,1701,1840,139
3525.jpg,1701,1766,65
3535.jpg,1702,1768,66
3540.jpg,1702,1716,14
3545.jpg,1703,1851,148
3550.jpg,1704,1880,176
3555.jpg,1704,1720,16
3560.jpg,1704,1790,86
3565.jpg,1704,1730,26
3570.jpg,1704,1840,136
3575.jpg,1705,1788,83
3580.jpg,1705,1720,15
3585.jpg,1705,1790,85
3590.jpg,1705,1733,28
3595.jpg,1706,1796,90
3600.jpg,1706,1790,84
3605.jpg,1706,1703,-3
3610.jpg,1706,1942,236
3615.jpg,1707,1830,123
3620.jpg,1707,1750,43
3625.jpg,1707,1720,13
3630.jpg,1708,1820,112
3635.jpg,1708,1720,12
3640.jpg,1708,1770,62
3645.jpg,1708,1700,-8
3650.jpg,1709,1972,263
3655.jpg,1709,1880,171
3660.jpg,1709,1750,41
3665.jpg,1709,1720,11
3670.jpg,1710,1750,40
3675.jpg,1710,1930,220
3680.jpg,1710,1750,40
3685.jpg,1710,1790,80
3690.jpg,1710,1780,70
3695.jpg,1710,1750,40
3700.jpg,1710,1830,120
3705.jpg,1710,1860,150
3710.jpg,1710,1785,75
3715.jpg,1711,1905,194
3720.jpg,1711,1750,39
3725.jpg,1711,1730,19
3730.jpg,1711,1730,19
3735.jpg,1711,1630,-81
3740.jpg,1712,1850,138
3745.jpg,1712,1920,208
3750.jpg,1713,1695,-18
3755.jpg,1713,1790,77
3760.jpg,1713,1749,36
3765.jpg,1713,1735,22
3770.jpg,1714,1750,36
3775.jpg,1714,1750,36
3780.jpg,1714,1860,146
3785.jpg,1714,1905,191
3790.jpg,1715,1815,100
3795.jpg,1715,1880,165
3800.jpg,1715,1670,-45
3805.jpg,1715,1565,-150
3810.jpg,1715,1720,5
3815.jpg,1715,1750,35
3820.jpg,1715,1830,115
3825.jpg,1715,1720,5
3830.jpg,1715,1600,-115
3835.jpg,1716,1870,154
3840.jpg,1716,1830,114
3845.jpg,1716,1868,152
3850.jpg,1716,1870,154
3855.jpg,1716,1720,4
3860.jpg,1716,1750,34
3865.jpg,1717,1880,163
3870.jpg,1717,1730,13
3875.jpg,1717,1825,108
3880.jpg,1718,1720,2
3885.jpg,1718,1738,20
3890.jpg,1719,1860,141
3895.jpg,1719,1750,31
3900.jpg,1719,1710,-9
3905.jpg,1719,1880,161
3910.jpg,1720,1485,-235
3915.jpg,1720,1768,48
3920.jpg,1720,1820,100
3925.jpg,1720,1720,0
3930.jpg,1720,1780,60
3935.jpg,1720,1790,70
3940.jpg,1720,1750,30
3945.jpg,1720,1885,165
3950.jpg,1720,1720,0
3955.jpg,1720,1805,85
3960.jpg,1720,1750,30
3965.jpg,1720,1790,70
3970.jpg,1720,1520,-200
3975.jpg,1721,1850,129
3980.jpg,1721,1830,109
3985.jpg,1721,1730,9
3990.jpg,1721,1780,59
3995.jpg,1721,1760,39
4000.jpg,1722,1722,0
4005.jpg,1722,1718,-4
4010.jpg,1722,1790,68
4015.jpg,1722,1820,98
4020.jpg,1722,1758,36
4025.jpg,1723,1776,53
4030.jpg,1723,1780,57
4035.jpg,1723,1840,117
4040.jpg,1723,1820,97
4045.jpg,1723,1720,-3
4050.jpg,1723,1720,-3
4055.jpg,1723,1830,107
4060.jpg,1724,1900,176
4065.jpg,1724,1830,106
4070.jpg,1724,1750,26
4075.jpg,1724,1750,26
4080.jpg,1724,1928,204
4085.jpg,1724,1577,-147
4090.jpg,1724,1720,-4
4095.jpg,1724,1530,-194
4100.jpg,1725,1910,185
4105.jpg,1725,1820,95
4110.jpg,1725,1780,55
4115.jpg,1725,1670,-55
4120.jpg,1725,1720,-5
4125.jpg,1725,1790,65
4130.jpg,1725,1760,35
4135.jpg,1725,1750,25
4140.jpg,1725,1760,35
4145.jpg,1725,1750,25
4150.jpg,1725,1175,-550
4155.jpg,1725,1690,-35
4160.jpg,1726,1901,175
4165.jpg,1726,1720,-6
4170.jpg,1726,1790,64
4175.jpg,1726,1950,224
4180.jpg,1726,1180,-546
4185.jpg,1727,1790,63
4190.jpg,1727,1750,23
4195.jpg,1727,1760,33
4200.jpg,1727,1763,36
4205.jpg,1727,1754,27
4210.jpg,1727,1800,73
4215.jpg,1728,1780,52
4220.jpg,1728,1885,157
4225.jpg,1728,1730,2
4230.jpg,1728,1820,92
4235.jpg,1728,1955,227
4240.jpg,1728,1965,237
4245.jpg,1728,1780,52
4250.jpg,1729,1787,58
4255.jpg,1729,1830,101
4260.jpg,1729,1820,91
4265.jpg,1729,1790,61
4270.jpg,1729,1660,-69
4275.jpg,1730,1830,100
4280.jpg,1730,1730,0
4285.jpg,1730,1750,20
4290.jpg,1730,1720,-10
4295.jpg,1730,1905,175
4300.jpg,1730,1890,160
4305.jpg,1730,1780,50
4310.jpg,1730,1850,120
4315.jpg,1730,1830,100
4320.jpg,1730,1720,-10
4325.jpg,1730,1910,180
4330.jpg,1730,1930,200
4335.jpg,1730,1730,0
4340.jpg,1730,1750,20
4345.jpg,1730,1750,20
4350.jpg,1730,1811,81
4355.jpg,1730,1950,220
4360.jpg,1730,1936,206
4365.jpg,1730,1720,-10
4370.jpg,1731,1730,-1
4375.jpg,1731,1780,49
4380.jpg,1731,1780,49
4385.jpg,1731,1730,-1
4390.jpg,1732,1730,-2
4395.jpg,1732,1720,-12
4400.jpg,1732,1780,48
4405.jpg,1732,1720,-12
4410.jpg,1732,1820,88
4415.jpg,1732,1790,58
4420.jpg,1732,1680,-52
4425.jpg,1732,800,-932
4430.jpg,1732,1720,-12
4435.jpg,1733,1760,27
4440.jpg,1733,1770,37
4445.jpg,1733,1820,87
4450.jpg,1733,1754,21
4455.jpg,1733,1685,-48
4460.jpg,1733,1800,67
4465.jpg,1733,1960,227
4470.jpg,1733,1935,202
4475.jpg,1734,1720,-14
4480.jpg,1734,1700,-34
4485.jpg,1734,1880,146
4490.jpg,1734,1870,136
4495.jpg,1735,1790,55
4505.jpg,1735,1750,15
4510.jpg,1735,1720,-15
4515.jpg,1735,1820,85
4520.jpg,1735,1720,-15
4525.jpg,1735,1850,115
4530.jpg,1735,1820,85
4535.jpg,1735,1750,15
4545.jpg,1736,1888,152
4550.jpg,1736,1760,24
4555.jpg,1736,1760,24
4560.jpg,1736,1887,151
4565.jpg,1736,1669,-67
4570.jpg,1736,1839,103
4575.jpg,1737,1873,136
4580.jpg,1737,1890,153
4585.jpg,1737,1750,13
4590.jpg,1737,1925,188
4595.jpg,1737,1720,-17
4600.jpg,1737,1728,-9
4605.jpg,1738,1911,173
4610.jpg,1738,1780,42
4615.jpg,1738,1905,167
4620.jpg,1738,1760,22
4625.jpg,1738,1780,42
4630.jpg,1738,1890,152
4635.jpg,1738,1731,-7
4640.jpg,1739,1770,31
4645.jpg,1739,1820,81
4650.jpg,1739,1820,81
4655.jpg,1739,1750,11
4660.jpg,1739,1780,41
4665.jpg,1740,1750,10
4670.jpg,1740,1790,50
4675.jpg,1740,1790,50
4680.jpg,1740,1830,90
4685.jpg,1740,1720,-20
4690.jpg,1740,1790,50
4695.jpg,1740,1970,230
4700.jpg,1740,1750,10
4705.jpg,1740,1790,50
4710.jpg,1740,1720,-20
4715.jpg,1740,1720,-20
4720.jpg,1740,1880,140
4725.jpg,1740,1930,190
4730.jpg,1740,1770,30
4735.jpg,1740,1840,100
4740.jpg,1740,1759,19
4745.jpg,1740,1900,160
4750.jpg,1741,1888,147
4755.jpg,1741,1750,9
4760.jpg,1741,1940,199
4765.jpg,1741,1840,99
4770.jpg,1741,1665,-76
4775.jpg,1741,2005,264
4780.jpg,1742,1529,-213
4785.jpg,1742,1750,8
4790.jpg,1742,1750,8
4795.jpg,1742,1750,8
4800.jpg,1742,1790,48
4805.jpg,1742,1750,8
4810.jpg,1742,1680,-62
4815.jpg,1742,1790,48
4820.jpg,1743,1790,47
4825.jpg,1743,1765,22
4835.jpg,1743,1750,7
4840.jpg,1743,1780,37
4845.jpg,1744,1720,-24
4850.jpg,1744,1760,16
4855.jpg,1744,1750,6
4860.jpg,1744,1640,-104
4865.jpg,1744,1843,99
4870.jpg,1745,1890,145
4875.jpg,1745,1750,5
4880.jpg,1745,1750,5
4885.jpg,1745,1580,-165
4890.jpg,1745,1795,50
4895.jpg,1745,1720,-25
4900.jpg,1745,1720,-25
4905.jpg,1745,1770,25
4910.jpg,1746,1780,34
4915.jpg,1746,1730,-16
4920.jpg,1746,1780,34
4925.jpg,1746,1250,-496
4930.jpg,1747,1817,70
4935.jpg,1747,1870,123
4940.jpg,1747,1780,33
4945.jpg,1747,1820,73
4950.jpg,1747,1880,133
4955.jpg,1747,1726,-21
4960.jpg,1747,1965,218
4965.jpg,1748,1940,192
4970.jpg,1748,1790,42
4975.jpg,1748,1790,42
4980.jpg,1748,1850,102
4985.jpg,1748,1902,154
4990.jpg,1749,1840,91
4995.jpg,1749,1849,100
5000.jpg,1749,1780,31
5005.jpg,1749,1880,131
5010.jpg,1749,1888,139
5015.jpg,1750,1820,70
5020.jpg,1750,1830,80
5025.jpg,1750,1780,30
5030.jpg,1750,1935,185
5035.jpg,1750,1830,80
5040.jpg,1750,1750,0
5045.jpg,1750,1780,30
5050.jpg,1750,1920,170
5060.jpg,1750,1790,40
5065.jpg,1750,1850,100
5070.jpg,1750,1803,53
5075.jpg,1750,1830,80
5080.jpg,1750,1770,20
5085.jpg,1750,1830,80
5090.jpg,1750,1750,0
5095.jpg,1750,1750,0
5100.jpg,1750,1920,170
5105.jpg,1750,1790,40
5110.jpg,1750,1770,20
5115.jpg,1750,1840,90
5120.jpg,1750,1750,0
5125.jpg,1750,1720,-30
5130.jpg,1750,1790,40
5135.jpg,1750,1890,140
5140.jpg,1750,1840,90
5145.jpg,1750,1750,0
5150.jpg,1750,1760,10
5155.jpg,1750,1770,20
5160.jpg,1750,1790,40
5165.jpg,1750,1940,190
5170.jpg,1750,1880,130
5175.jpg,1750,1790,40
5180.jpg,1750,1820,70
5185.jpg,1750,1995,245
5190.jpg,1750,1750,0
5195.jpg,1751,1860,109
5200.jpg,1751,1750,-1
5205.jpg,1751,1830,79
5210.jpg,1751,1900,149
5215.jpg,1751,1770,19
5220.jpg,1751,1380,-371
5225.jpg,1752,1880,128
5230.jpg,1752,1830,78
5235.jpg,1752,1780,28
5240.jpg,1752,1790,38
5245.jpg,1752,1734,-18
5250.jpg,1752,1730,-22
5255.jpg,1752,1750,-2
5260.jpg,1752,1790,38
5265.jpg,1752,1730,-22
5270.jpg,1752,1753,1
5275.jpg,1752,1771,19
5285.jpg,1753,1838,85
5290.jpg,1753,1750,-3
5295.jpg,1753,1830,77
5300.jpg,1753,1830,77
5305.jpg,1753,1750,-3
5310.jpg,1753,1732,-21
5315.jpg,1753,1605,-148
5320.jpg,1753,1938,185
5325.jpg,1754,1830,76
5330.jpg,1754,1754,0
5335.jpg,1754,1750,-4
5340.jpg,1754,1760,6
5345.jpg,1754,1790,36
5350.jpg,1754,1790,36
5355.jpg,1754,1750,-4
5360.jpg,1754,1884,130
5365.jpg,1754,1889,135
5370.jpg,1755,1732,-23
5375.jpg,1755,1780,25
5380.jpg,1755,1730,-25
5385.jpg,1755,1840,85
5390.jpg,1755,1750,-5
5395.jpg,1755,1880,125
5400.jpg,1755,1750,-5
5405.jpg,1755,1840,85
5410.jpg,1755,1733,-22
5415.jpg,1756,1875,119
5420.jpg,1756,1890,134
5425.jpg,1756,1830,74
5430.jpg,1756,1780,24
5435.jpg,1756,1760,4
5440.jpg,1756,1790,34
5445.jpg,1756,1754,-2
5450.jpg,1756,1725,-31
5455.jpg,1756,1720,-36
5460.jpg,1756,1780,24
5470.jpg,1757,1760,3
5475.jpg,1757,1760,3
5480.jpg,1757,1780,23
5485.jpg,1757,1930,173
5490.jpg,1757,1780,23
5495.jpg,1757,1928,171
5500.jpg,1758,1772,14
5505.jpg,1758,1790,32
5510.jpg,1758,1750,-8
5515.jpg,1758,1920,162
5520.jpg,1758,1750,-8
5525.jpg,1758,1830,72
5530.jpg,1758,1822,64
5535.jpg,1759,1858,99
5540.jpg,1759,1750,-9
5545.jpg,1759,1790,31
5550.jpg,1759,1796,37
5555.jpg,1759,1820,61
5560.jpg,1759,1750,-9
5565.jpg,1760,1880,120
5570.jpg,1760,1844,84
5575.jpg,1760,1830,70
5580.jpg,1760,1870,110
5585.jpg,1760,1250,-510
5590.jpg,1761,1720,-41
5595.jpg,1761,1775,14
5600.jpg,1761,1920,159
5605.jpg,1761,1750,-11
5610.jpg,1761,1928,167
5615.jpg,1761,1880,119
5620.jpg,1761,1720,-41
5625.jpg,1761,1765,4
5630.jpg,1762,1830,68
5635.jpg,1762,1790,28
5640.jpg,1762,1830,68
5645.jpg,1762,1820,58
5650.jpg,1762,1750,-12
5655.jpg,1762,1720,-42
5660.jpg,1762,1760,-2
5665.jpg,1762,1820,58
5670.jpg,1763,1830,67
5675.jpg,1763,1720,-43
5680.jpg,1763,1820,57
5685.jpg,1763,1800,37
5690.jpg,1763,1750,-13
5695.jpg,1763,1790,27
5700.jpg,1763,1620,-143
5705.jpg,1763,1830,67
5710.jpg,1764,1880,116
5715.jpg,1764,1823,59
5720.jpg,1764,1810,46
5725.jpg,1764,1790,26
5730.jpg,1764,1740,-24
5735.jpg,1764,1840,76
5740.jpg,1764,1768,4
5745.jpg,1764,1750,-14
5750.jpg,1764,1750,-14
5755.jpg,1764,1820,56
5765.jpg,1765,1880,115
5770.jpg,1765,1830,65
5775.jpg,1765,1790,25
5780.jpg,1765,1930,165
5785.jpg,1765,1780,15
5790.jpg,1765,1780,15
5795.jpg,1765,1810,45
5800.jpg,1765,1740,-25
5805.jpg,1765,1780,15
5810.jpg,1765,1790,25
5815.jpg,1765,1790,25
5820.jpg,1765,1820,55
5825.jpg,1765,1783,18
5830.jpg,1765,1774,9
5835.jpg,1766,1766,0
5840.jpg,1766,1840,74
5845.jpg,1766,1790,24
5850.jpg,1766,1600,-166
5855.jpg,1766,1750,-16
5860.jpg,1766,1790,24
5865.jpg,1766,1910,144
5870.jpg,1766,1705,-61
5875.jpg,1767,1753,-14
5880.jpg,1767,1790,23
5885.jpg,1767,1895,128
5890.jpg,1767,1740,-27
5895.jpg,1768,1850,82
5900.jpg,1768,1820,52
5905.jpg,1768,1790,22
5910.jpg,1768,1750,-18
5915.jpg,1768,1830,62
5920.jpg,1768,1790,22
5925.jpg,1768,1750,-18
5930.jpg,1768,1733,-35
5935.jpg,1768,1720,-48
5940.jpg,1768,1900,132
5945.jpg,1769,1750,-19
5950.jpg,1769,1830,61
5955.jpg,1769,1750,-19
5960.jpg,1769,1720,-49
5965.jpg,1769,1750,-19
5970.jpg,1769,1820,51
5975.jpg,1769,1750,-19
5980.jpg,1769,1750,-19
5985.jpg,1769,1890,121
5990.jpg,1769,1800,31
5995.jpg,1769,1750,-19
6000.jpg,1770,1650,-120
6005.jpg,1770,1730,-40
6010.jpg,1770,1820,50
6015.jpg,1770,1750,-20
6020.jpg,1770,1750,-20
6025.jpg,1770,1790,20
6030.jpg,1770,1750,-20
6035.jpg,1770,1760,-10
6040.jpg,1770,1820,50
6045.jpg,1770,1840,70
6050.jpg,1770,1750,-20
6055.jpg,1770,1830,60
6060.jpg,1770,1880,110
6065.jpg,1770,1750,-20
6070.jpg,1770,1940,170
6075.jpg,1770,1830,60
6080.jpg,1770,1750,-20
6085.jpg,1770,1820,50
6090.jpg,1770,1790,20
6095.jpg,1770,1785,15
6100.jpg,1770,1742,-28
6105.jpg,1770,1685,-85
6115.jpg,1771,1855,84
6120.jpg,1771,1830,59
6125.jpg,1771,1750,-21
6130.jpg,1771,1773,2
6135.jpg,1771,1780,9
6140.jpg,1771,1750,-21
6145.jpg,1771,1820,49
6150.jpg,1771,1870,99
6155.jpg,1771,1750,-21
6160.jpg,1771,1782,11
6165.jpg,1771,1701,-70
6170.jpg,1772,1840,68
6175.jpg,1772,1769,-3
6180.jpg,1772,1720,-52
6185.jpg,1772,1730,-42
6190.jpg,1772,1724,-48
6195.jpg,1773,1820,47
6200.jpg,1773,1840,67
6205.jpg,1773,1790,17
6210.jpg,1773,1800,27
6215.jpg,1773,1820,47
6220.jpg,1773,1750,-23
6225.jpg,1773,1750,-23
6230.jpg,1773,1750,-23
6235.jpg,1773,1840,67
6240.jpg,1774,1880,106
6245.jpg,1774,1785,11
6250.jpg,1774,1777,3
6255.jpg,1774,1750,-24
6260.jpg,1774,1760,-14
6265.jpg,1774,1830,56
6270.jpg,1774,1820,46
6275.jpg,1774,1770,-4
6280.jpg,1774,1830,56
6285.jpg,1774,1780,6
6290.jpg,1774,1903,129
6295.jpg,1774,1880,106
6300.jpg,1774,1750,-24
6305.jpg,1775,1880,105
6310.jpg,1775,1790,15
6315.jpg,1775,1750,-25
6320.jpg,1775,1750,-25
6325.jpg,1775,1750,-25
6330.jpg,1775,1780,5
6335.jpg,1775,1850,75
6350.jpg,1775,1850,75
6355.jpg,1775,1770,-5
6360.jpg,1775,1820,45
6365.jpg,1775,1750,-25
6370.jpg,1775,1720,-55
6375.jpg,1775,1777,2
6380.jpg,1775,1641,-134
6385.jpg,1775,1603,-172
6390.jpg,1775,1780,5
6395.jpg,1775,1730,-45
6405.jpg,1776,1750,-26
6410.jpg,1776,1925,149
6415.jpg,1776,2015,239
6420.jpg,1776,1750,-26
6425.jpg,1776,1710,-66
6430.jpg,1776,1840,64
6435.jpg,1776,1750,-26
6440.jpg,1776,1880,104
6445.jpg,1777,1790,13
6450.jpg,1777,1760,-17
6455.jpg,1777,1880,103
6460.jpg,1777,1720,-57
6465.jpg,1777,1830,53
6470.jpg,1777,1911,134
6475.jpg,1777,1650,-127
6480.jpg,1777,1991,214
6485.jpg,1778,1863,85
6495.jpg,1778,1790,12
6500.jpg,1778,1786,8
6505.jpg,1778,1780,2
6510.jpg,1778,1780,2
6515.jpg,1779,1870,91
6520.jpg,1779,1830,51
6525.jpg,1779,1820,41
6530.jpg,1779,1830,51
6535.jpg,1779,1820,41
6540.jpg,1779,1760,-19
6545.jpg,1779,1902,123
6550.jpg,1779,1793,14
6555.jpg,1780,1810,30
6560.jpg,1780,1760,-20
6565.jpg,1780,1790,10
6570.jpg,1780,1880,100
6575.jpg,1780,1750,-30
6580.jpg,1780,1780,0
6585.jpg,1780,1820,40
6590.jpg,1780,1890,110
6595.jpg,1780,1820,40
6600.jpg,1780,1750,-30
6605.jpg,1780,1750,-30
6610.jpg,1780,1910,130
6615.jpg,1780,1830,50
6620.jpg,1780,1780,0
6625.jpg,1780,1780,0
6630.jpg,1780,1790,10
6635.jpg,1780,1750,-30
6640.jpg,1780,1830,50
6645.jpg,1780,1750,-30
6650.jpg,1780,1880,100
6655.jpg,1780,1905,125
6660.jpg,1780,1820,40
6665.jpg,1780,1770,-10
6670.jpg,1781,1900,119
6675.jpg,1781,1812,31
6680.jpg,1781,1812,31
6685.jpg,1781,1773,-8
6690.jpg,1781,1780,-1
6695.jpg,1781,1850,69
6700.jpg,1781,1814,33
6705.jpg,1781,1942,161
6710.jpg,1782,1901,119
6715.jpg,1782,1875,93
6720.jpg,1782,1750,-32
6725.jpg,1782,1830,48
6730.jpg,1782,1830,48
6735.jpg,1782,1880,98
6740.jpg,1782,1830,48
6745.jpg,1782,1540,-242
6750.jpg,1782,1770,-12
6755.jpg,1783,1780,-3
6760.jpg,1783,1720,-63
6765.jpg,1783,1900,117
6770.jpg,1783,1920,137
6775.jpg,1783,1890,107
6780.jpg,1783,1790,7
6785.jpg,1783,1820,37
6790.jpg,1783,1790,7
6795.jpg,1783,1780,-3
6800.jpg,1783,1940,157
6805.jpg,1783,1773,-10
6810.jpg,1784,1830,46
6815.jpg,1784,1236,-548
6820.jpg,1784,1750,-34
6825.jpg,1784,1830,46
6830.jpg,1784,1800,16
6835.jpg,1784,1840,56
6840.jpg,1784,1761,-23
6845.jpg,1784,1930,146
6850.jpg,1784,1630,-154
6855.jpg,1784,1880,96
6860.jpg,1785,1820,35
6865.jpg,1785,1750,-35
6870.jpg,1785,1790,5
6875.jpg,1785,1790,5
6880.jpg,1785,1935,150
6885.jpg,1785,1840,55
6890.jpg,1785,1850,65
6895.jpg,1785,1830,45
6900.jpg,1785,1788,3
6905.jpg,1785,1790,5
6910.jpg,1785,1850,65
6915.jpg,1785,1750,-35
6920.jpg,1785,1860,75
6925.jpg,1785,1750,-35
6930.jpg,1785,1820,35
6935.jpg,1785,1780,-5
6940.jpg,1785,1810,25
6945.jpg,1785,1720,-65
6950.jpg,1786,1780,-6
6955.jpg,1786,1850,64
6960.jpg,1786,1830,44
6965.jpg,1786,1483,-303
6970.jpg,1786,1797,11
6975.jpg,1786,1796,10
6980.jpg,1786,1791,5
6985.jpg,1786,1897,111
6990.jpg,1786,1785,-1
6995.jpg,1786,1905,119
7000.jpg,1786,1750,-36
7005.jpg,1787,1880,93
7010.jpg,1787,1720,-67
7015.jpg,1787,1750,-37
7020.jpg,1787,1900,113
7025.jpg,1787,1903,116
7030.jpg,1787,1820,33
7035.jpg,1787,1830,43
7040.jpg,1787,1930,143
7045.jpg,1787,1850,63
7050.jpg,1787,1790,3
7055.jpg,1787,1750,-37
7060.jpg,1787,1930,143
7065.jpg,1787,1740,-47
7070.jpg,1787,1830,43
7075.jpg,1787,1750,-37
7080.jpg,1787,1829,42
7085.jpg,1787,1860,73
7090.jpg,1788,1856,68
7095.jpg,1788,1790,2
7100.jpg,1788,1788,0
7105.jpg,1788,1830,42
7110.jpg,1788,1820,32
7115.jpg,1788,1850,62
7120.jpg,1788,1790,2
7125.jpg,1788,1840,52
7130.jpg,1788,1750,-38
7135.jpg,1788,1838,50
7140.jpg,1788,1780,-8
7145.jpg,1789,1875,86
7150.jpg,1789,1773,-16
7155.jpg,1789,1773,-16
7160.jpg,1789,1880,91
7165.jpg,1789,1770,-19
7170.jpg,1789,1820,31
7175.jpg,1789,1780,-9
7180.jpg,1789,1880,91
7185.jpg,1789,1830,41
7190.jpg,1789,1705,-84
7195.jpg,1789,1830,41
7200.jpg,1790,1840,50
7205.jpg,1790,1840,50
7210.jpg,1790,1840,50
7215.jpg,1790,1906,116
7220.jpg,1790,1850,60
7225.jpg,1790,1930,140
7230.jpg,1790,1780,-10
7235.jpg,1790,1830,40
7240.jpg,1790,1790,0
7245.jpg,1790,1850,60
7250.jpg,1790,1820,30
7255.jpg,1790,1900,110
7260.jpg,1790,1850,60
7265.jpg,1790,1880,90
7270.jpg,1790,1720,-70
7275.jpg,1790,1810,20
7280.jpg,1790,1790,0
7285.jpg,1790,1735,-55
7290.jpg,1790,1905,115
7295.jpg,1790,1790,0
7300.jpg,1790,1780,-10
7305.jpg,1790,1830,40
7310.jpg,1790,1796,6
7315.jpg,1790,1750,-40
7320.jpg,1790,1850,60
7325.jpg,1790,1820,30
7330.jpg,1790,1795,5
7335.jpg,1790,1780,-10
7340.jpg,1790,1820,30
7345.jpg,1790,1840,50
7350.jpg,1790,1840,50
7355.jpg,1790,1830,40
7360.jpg,1790,1840,50
7365.jpg,1790,1920,130
7370.jpg,1790,1740,-50
7375.jpg,1790,1920,130
7380.jpg,1790,1580,-210
7385.jpg,1791,1900,109
7390.jpg,1791,1860,69
7395.jpg,1791,1732,-59
7400.jpg,1791,1603,-188
7405.jpg,1791,1850,59
7410.jpg,1791,1750,-41
7415.jpg,1791,1930,139
7420.jpg,1791,1790,-1
7425.jpg,1791,1850,59
7430.jpg,1791,1852,61
7435.jpg,1791,1885,94
7440.jpg,1792,1875,83
7445.jpg,1792,1880,88
7450.jpg,1792,1772,-20
7455.jpg,1792,1868,76
7460.jpg,1792,1819,27
7465.jpg,1792,1770,-22
7470.jpg,1792,1850,58
7475.jpg,1792,1840,48
7480.jpg,1792,1830,38
7485.jpg,1792,1830,38
7490.jpg,1792,1820,28
7495.jpg,1792,1775,-17
7500.jpg,1792,1790,-2
7505.jpg,1792,1850,58
7510.jpg,1793,1820,27
7515.jpg,1793,1793,0
7520.jpg,1793,1900,107
7525.jpg,1793,1750,-43
7530.jpg,1793,1750,-43
7535.jpg,1793,2002,209
7540.jpg,1793,1930,137
7545.jpg,1793,1850,57
7550.jpg,1793,1850,57
7555.jpg,1793,1830,37
7560.jpg,1793,1830,37
7565.jpg,1793,1820,27
7570.jpg,1793,1810,17
7575.jpg,1793,1930,137
7580.jpg,1793,1770,-23
7585.jpg,1793,1820,27
7590.jpg,1793,1750,-43
7595.jpg,1794,1888,94
7600.jpg,1794,1730,-64
7605.jpg,1794,1920,126
7610.jpg,1794,1830,36
7615.jpg,1794,1838,44
7620.jpg,1794,1930,136
7625.jpg,1794,1830,36
7630.jpg,1794,1760,-34
7635.jpg,1794,1750,-44
7640.jpg,1794,1820,26
7645.jpg,1794,1709,-85
7650.jpg,1794,1750,-44
7655.jpg,1795,1793,-2
7660.jpg,1795,1935,140
7665.jpg,1795,1906,111
7670.jpg,1795,1815,20
7675.jpg,1795,1820,25
7680.jpg,1795,1790,-5
7685.jpg,1795,1790,-5
7690.jpg,1795,1800,5
7695.jpg,1795,1840,45
7700.jpg,1795,1870,75
7705.jpg,1795,1820,25
7710.jpg,1795,1830,35
7715.jpg,1795,1840,45
7720.jpg,1795,1840,45
7725.jpg,1795,1720,-75
7730.jpg,1795,1790,-5
7735.jpg,1795,1820,25
7740.jpg,1795,1850,55
7745.jpg,1795,1930,135
7750.jpg,1795,1830,35
7755.jpg,1795,1830,35
7760.jpg,1795,1830,35
7765.jpg,1795,1950,155
7775.jpg,1796,1870,74
7780.jpg,1796,1732,-64
7785.jpg,1796,1830,34
7790.jpg,1796,1868,72
7795.jpg,1796,1796,0
7800.jpg,1796,1750,-46
7805.jpg,1796,1780,-16
7810.jpg,1796,1830,34
7815.jpg,1796,1840,44
7820.jpg,1796,1780,-16
7825.jpg,1796,1820,24
7830.jpg,1796,1850,54
7840.jpg,1796,1830,34
7845.jpg,1796,1790,-6
7850.jpg,1796,1820,24
7855.jpg,1796,1740,-56
7860.jpg,1796,1880,84
7865.jpg,1796,1780,-16
7870.jpg,1796,1780,-16
7875.jpg,1796,1642,-154
7880.jpg,1797,1730,-67
7885.jpg,1797,1840,43
7890.jpg,1797,1816,19
7895.jpg,1797,1750,-47
7900.jpg,1797,1930,133
7905.jpg,1797,1820,23
7915.jpg,1797,1810,13
7920.jpg,1797,1840,43
7925.jpg,1797,1820,23
7930.jpg,1797,1930,133
7935.jpg,1797,1930,133
7940.jpg,1797,1780,-17
7945.jpg,1797,1779,-18
7950.jpg,1797,1780,-17
7955.jpg,1798,1850,52
7960.jpg,1798,1930,132
7965.jpg,1798,1565,-233
7970.jpg,1798,1830,32
7975.jpg,1798,1888,90
7980.jpg,1798,1750,-48
7985.jpg,1798,1875,77
7990.jpg,1798,1850,52
7995.jpg,1798,1840,42
8000.jpg,1798,1860,62
8005.jpg,1798,1830,32
8010.jpg,1798,1830,32
8015.jpg,1798,1850,52
8020.jpg,1798,1870,72
8025.jpg,1798,1790,-8
8030.jpg,1798,1920,122
8035.jpg,1798,1820,22
8040.jpg,1798,1890,92
8045.jpg,1798,1790,-8
8055.jpg,1798,1840,42
8060.jpg,1799,1930,131
8065.jpg,1799,1890,91
8070.jpg,1799,1828,29
8075.jpg,1799,1750,-49
8080.jpg,1799,1850,51
8085.jpg,1799,1830,31
8090.jpg,1799,1770,-29
8095.jpg,1799,1830,31
8100.jpg,1799,1850,51
8105.jpg,1799,1790,-9
8110.jpg,1799,1900,101
8115.jpg,1800,1880,80
8120.jpg,1800,1914,114
8125.jpg,1800,1830,30
8130.jpg,1800,1824,24
8135.jpg,1800,1930,130
8140.jpg,1800,1800,0
8145.jpg,1800,1850,50
8150.jpg,1800,1830,30
8155.jpg,1800,1830,30
8160.jpg,1800,1830,30
8165.jpg,1800,1830,30
8170.jpg,1800,1830,30
8175.jpg,1800,1820,20
8180.jpg,1800,1750,-50
8185.jpg,1800,1900,100
8190.jpg,1800,1790,-10
8195.jpg,1800,1870,70
8200.jpg,1800,1920,120
8205.jpg,1800,1790,-10
8210.jpg,1800,1830,30
8215.jpg,1800,1905,105
8220.jpg,1800,1930,130
8225.jpg,1800,1840,40
8230.jpg,1800,1820,20
8235.jpg,1800,1840,40
8240.jpg,1800,1840,40
8245.jpg,1800,1880,80
8250.jpg,1800,1830,30
8255.jpg,1800,1790,-10
8260.jpg,1800,1750,-50
8265.jpg,1800,1830,30
8270.jpg,1800,1750,-50
8275.jpg,1800,1770,-30
8280.jpg,1800,1770,-30
8285.jpg,1800,1890,90
8295.jpg,1800,1810,10
8300.jpg,1801,1720,-81
8305.jpg,1801,1942,141
8310.jpg,1801,1820,19
8315.jpg,1801,1860,59
8320.jpg,1801,1830,29
8325.jpg,1801,1849,48
8330.jpg,1801,1750,-51
8335.jpg,1801,1750,-51
8340.jpg,1801,1790,-11
8345.jpg,1801,1840,39
8350.jpg,1801,1880,79
8355.jpg,1801,1830,29
8360.jpg,1801,1830,29
8365.jpg,1801,1880,79
8375.jpg,1802,1930,128
8380.jpg,1802,1905,103
8385.jpg,1802,1820,18
8390.jpg,1802,1830,28
8395.jpg,1802,1730,-72
8400.jpg,1802,1830,28
8405.jpg,1802,1830,28
8410.jpg,1802,1780,-22
8415.jpg,1802,1823,21
8420.jpg,1802,1850,48
8425.jpg,1802,1697,-105
8430.jpg,1802,1830,28
8435.jpg,1802,1679,-123
8440.jpg,1803,1901,98
8445.jpg,1803,1840,37
8450.jpg,1803,1850,47
8455.jpg,1803,1800,-3
8460.jpg,1803,1780,-23
8465.jpg,1803,1820,17
8470.jpg,1803,1910,107
8475.jpg,1803,1830,27
8480.jpg,1803,1820,17
8485.jpg,1803,1796,-7
8490.jpg,1803,1838,35
8495.jpg,1803,1803,0
8500.jpg,1803,1820,17
8505.jpg,1803,1803,0
8515.jpg,1804,1870,66
8520.jpg,1804,1928,124
8525.jpg,1804,1860,56
8530.jpg,1804,1960,156
8535.jpg,1804,1790,-14
8540.jpg,1804,1785,-19
8545.jpg,1804,1770,-34
8550.jpg,1804,1840,36
8555.jpg,1804,1830,26
8560.jpg,1804,1935,131
8565.jpg,1804,1850,46
8570.jpg,1804,1780,-24
8575.jpg,1804,1930,126
8580.jpg,1804,1850,46
8585.jpg,1805,1820,15
8590.jpg,1805,1840,35
8595.jpg,1805,1750,-55
8600.jpg,1805,1805,0
8605.jpg,1805,1750,-55
8610.jpg,1805,1650,-155
8615.jpg,1805,1890,85
8620.jpg,1805,1778,-27
8625.jpg,1805,1770,-35
8630.jpg,1805,1180,-625
8635.jpg,1805,1895,90
8640.jpg,1805,1750,-55
8645.jpg,1805,1870,65
8650.jpg,1805,1870,65
8655.jpg,1805,1880,75
8660.jpg,1805,1850,45
8665.jpg,1805,1820,15
8670.jpg,1805,1785,-20
8675.jpg,1805,1840,35
8680.jpg,1805,1840,35
8685.jpg,1805,1830,25
8690.jpg,1805,1820,15
8695.jpg,1806,1808,2
8700.jpg,1806,1793,-13
8705.jpg,1806,1906,100
8710.jpg,1806,1740,-66
8715.jpg,1806,1820,14
8720.jpg,1806,1920,114
8725.jpg,1806,1840,34
8730.jpg,1806,1850,44
8735.jpg,1806,1830,24
8740.jpg,1806,1810,4
8745.jpg,1806,1790,-16
8750.jpg,1806,1840,34
8755.jpg,1806,1840,34
8765.jpg,1807,1860,53
8770.jpg,1807,1830,23
8775.jpg,1807,1807,0
8780.jpg,1807,1850,43
8785.jpg,1807,1905,98
8790.jpg,1807,1790,-17
8795.jpg,1807,1850,43
8800.jpg,1807,1850,43
8805.jpg,1807,1780,-27
8810.jpg,1807,1840,33
8815.jpg,1807,1790,-17
8820.jpg,1807,1790,-17
8825.jpg,1807,1800,-7
8830.jpg,1807,1789,-18
8835.jpg,1807,1570,-237
8840.jpg,1808,1838,30
8845.jpg,1808,1900,92
8850.jpg,1808,1880,72
8855.jpg,1808,1750,-58
8860.jpg,1808,1905,97
8865.jpg,1808,1850,42
8875.jpg,1808,1830,22
8880.jpg,1808,1750,-58
8885.jpg,1808,1840,32
8890.jpg,1808,1800,-8
8895.jpg,1808,1800,-8
8900.jpg,1808,1830,22
8905.jpg,1808,1890,82
8910.jpg,1809,1770,-39
8915.jpg,1809,1828,19
8920.jpg,1809,1908,99
8925.jpg,1809,1890,81
8930.jpg,1809,1770,-39
8935.jpg,1809,1680,-129
8940.jpg,1809,1840,31
8945.jpg,1809,1830,21
8950.jpg,1809,1840,31
8955.jpg,1809,1830,21
8965.jpg,1809,1807,-2
8970.jpg,1809,1910,101
8975.jpg,1810,1840,30
8980.jpg,1810,1900,90
8985.jpg,1810,1850,40
8995.jpg,1810,1859,49
9000.jpg,1810,1830,20
9005.jpg,1810,1880,70
9010.jpg,1810,1820,10
9015.jpg,1810,1830,20
9020.jpg,1810,1850,40
9025.jpg,1810,1790,-20
9030.jpg,1810,1830,20
9035.jpg,1810,1830,20
9040.jpg,1810,1820,10
9045.jpg,1810,1790,-20
9050.jpg,1810,1750,-60
9055.jpg,1810,1790,-20
9060.jpg,1810,1905,95
9065.jpg,1810,1790,-20
9070.jpg,1810,1780,-30
9075.jpg,1810,1850,40
9080.jpg,1810,1830,20
9085.jpg,1810,1840,30
9090.jpg,1810,1830,20
9095.jpg,1810,1840,30
9100.jpg,1810,1820,10
9105.jpg,1810,1830,20
9110.jpg,1810,1930,120
9115.jpg,1810,1830,20
9120.jpg,1810,1850,40
9125.jpg,1810,1880,70
9130.jpg,1810,1870,60
9135.jpg,1810,1920,110
9140.jpg,1810,1925,115
9145.jpg,1810,1880,70
9150.jpg,1811,1865,54
9160.jpg,1811,1860,49
9165.jpg,1811,1770,-41
9170.jpg,1811,1750,-61
9175.jpg,1811,1910,99
9180.jpg,1811,1870,59
9185.jpg,1811,1750,-61
9190.jpg,1811,1830,19
9195.jpg,1811,1820,9
9200.jpg,1811,1770,-41
9205.jpg,1811,1830,19
9210.jpg,1812,1819,7
9215.jpg,1812,1887,75
9220.jpg,1812,1786,-26
9225.jpg,1812,1833,21
9230.jpg,1812,1830,18
9235.jpg,1812,1790,-22
9240.jpg,1812,1830,18
9245.jpg,1812,1840,28
9250.jpg,1812,1910,98
9255.jpg,1812,1830,18
9260.jpg,1812,1880,68
9265.jpg,1812,1820,8
9270.jpg,1812,1930,118
9275.jpg,1812,1850,38
9280.jpg,1812,1840,28
9290.jpg,1812,1850,38
9295.jpg,1812,1880,68
9300.jpg,1812,1820,8
9305.jpg,1812,1840,28
9310.jpg,1813,1750,-63
9315.jpg,1813,1900,87
9320.jpg,1813,1790,-23
9325.jpg,1813,1520,-293
9330.jpg,1813,1830,17
9335.jpg,1813,1830,17
9340.jpg,1813,1750,-63
9345.jpg,1813,1750,-63
9350.jpg,1813,1830,17
9355.jpg,1813,1811,-2
9360.jpg,1813,1880,67
9365.jpg,1813,1900,87
9370.jpg,1813,1850,37
9375.jpg,1814,1880,66
9390.jpg,1814,1828,14
9395.jpg,1814,1709,-105
9400.jpg,1814,1908,94
9405.jpg,1814,1860,46
9410.jpg,1814,1920,106
9415.jpg,1814,1840,26
9420.jpg,1814,1820,6
9425.jpg,1814,1750,-64
9430.jpg,1814,1848,34
9435.jpg,1814,1790,-24
9440.jpg,1814,1820,6
9445.jpg,1814,1790,-24
9450.jpg,1814,1820,6
9455.jpg,1814,1730,-84
9460.jpg,1814,1830,16
9465.jpg,1815,1820,5
9470.jpg,1815,1850,35
9475.jpg,1815,1743,-72
9480.jpg,1815,1830,15
9485.jpg,1815,1855,40
9490.jpg,1815,1830,15
9495.jpg,1815,1790,-25
9500.jpg,1815,1840,25
9505.jpg,1815,1790,-25
9510.jpg,1815,1940,125
9515.jpg,1815,1840,25
9520.jpg,1815,1780,-35
9525.jpg,1815,1850,35
9530.jpg,1815,1750,-65
9535.jpg,1815,1850,35
9540.jpg,1815,1770,-45
9545.jpg,1815,1820,5
9550.jpg,1815,1760,-55
9555.jpg,1815,1825,10
9560.jpg,1815,1750,-65
9565.jpg,1815,1790,-25
9570.jpg,1815,1880,65
9575.jpg,1815,1910,95
9580.jpg,1815,1780,-35
9585.jpg,1815,1850,35
9590.jpg,1815,1830,15
9595.jpg,1816,1920,104
9600.jpg,1816,1860,44
9605.jpg,1816,1880,64
9610.jpg,1816,1935,119
9615.jpg,1816,1850,34
9620.jpg,1816,1880,64
9625.jpg,1816,1793,-23
9630.jpg,1816,1840,24
9635.jpg,1816,1820,4
9640.jpg,1816,1840,24
9645.jpg,1816,1680,-136
9650.jpg,1816,1928,112
9655.jpg,1816,1830,14
9660.jpg,1816,1910,94
9665.jpg,1816,1790,-26
9670.jpg,1816,1800,-16
9675.jpg,1816,1850,34
9680.jpg,1816,1820,4
9685.jpg,1816,1850,34
9690.jpg,1816,1850,34
9695.jpg,1816,1840,24
9700.jpg,1816,1760,-56
9705.jpg,1816,1780,-36
9710.jpg,1816,1807,-9
9715.jpg,1817,1850,33
9720.jpg,1817,1840,23
9725.jpg,1817,1830,13
9730.jpg,1817,1916,99
9735.jpg,1817,1840,23
9740.jpg,1817,1890,73
9745.jpg,1817,1820,3
9750.jpg,1817,1790,-27
9755.jpg,1817,1840,23
9760.jpg,1817,1820,3
9765.jpg,1817,1840,23
9770.jpg,1817,1870,53
9775.jpg,1817,1933,116
9780.jpg,1817,1850,33
9785.jpg,1817,1855,38
9790.jpg,1818,1850,32
9795.jpg,1818,1920,102
9800.jpg,1818,1840,22
9805.jpg,1818,1928,110
9810.jpg,1818,1840,22
9815.jpg,1818,1810,-8
9820.jpg,1818,1880,62
9825.jpg,1818,1750,-68
9830.jpg,1818,1790,-28
9835.jpg,1818,1840,22
9840.jpg,1818,1830,12
9845.jpg,1818,1870,52
9850.jpg,1818,1870,52
9855.jpg,1818,1850,32
9860.jpg,1818,1790,-28
9865.jpg,1818,1830,12
9870.jpg,1818,1790,-28
9875.jpg,1818,1790,-28
9880.jpg,1818,1790,-28
9885.jpg,1818,1953,135
9890.jpg,1818,1820,2
9895.jpg,1818,1830,12
9900.jpg,1818,1821,3
9905.jpg,1818,1830,12
9910.jpg,1819,1861,42
9915.jpg,1819,1920,101
9920.jpg,1819,1830,11
9925.jpg,1819,1873,54
9930.jpg,1819,1830,11
9935.jpg,1819,1830,11
9940.jpg,1819,1850,31
9945.jpg,1819,1850,31
9950.jpg,1819,1890,71
9955.jpg,1819,1830,11
9960.jpg,1819,1840,21
9965.jpg,1819,1850,31
9970.jpg,1819,1790,-29
9975.jpg,1819,1880,61
9980.jpg,1819,1840,21
9985.jpg,1820,1904,84
9990.jpg,1820,1897,77
9995.jpg,1820,1930,110
10000.jpg,1820,1830,10
10005.jpg,1820,1860,40
10010.jpg,1820,1870,50
10015.jpg,1820,1580,-240
10020.jpg,1820,1890,70
10025.jpg,1820,1880,60
10030.jpg,1820,1880,60
10035.jpg,1820,1830,10
10040.jpg,1820,1920,100
10045.jpg,1820,1850,30
10050.jpg,1820,1830,10
10055.jpg,1820,1840,20
10060.jpg,1820,1850,30
10065.jpg,1820,1790,-30
10070.jpg,1820,1790,-30
10075.jpg,1820,1850,30
10080.jpg,1820,1920,100
10085.jpg,1820,1840,20
10090.jpg,1820,1940,120
10095.jpg,1820,1840,20
10100.jpg,1820,1750,-70
10105.jpg,1820,1830,10
10110.jpg,1820,1840,20
10115.jpg,1820,1910,90
10120.jpg,1820,1830,10
10125.jpg,1820,1890,70
10130.jpg,1820,1820,0
10135.jpg,1820,1790,-30
10140.jpg,1820,1830,10
10145.jpg,1820,1920,100
10150.jpg,1820,1850,30
10155.jpg,1820,1830,10
10160.jpg,1820,1790,-30
10165.jpg,1820,1820,0
10170.jpg,1820,1830,10
10175.jpg,1820,1880,60
10180.jpg,1820,1910,90
10185.jpg,1820,1830,10
10190.jpg,1820,1880,60
10195.jpg,1821,1915,94
10200.jpg,1821,1920,99
10205.jpg,1821,1840,19
10210.jpg,1821,1905,84
10215.jpg,1821,1910,89
10220.jpg,1821,1830,9
10225.jpg,1821,1910,89
10230.jpg,1821,1830,9
10235.jpg,1821,1850,29
10240.jpg,1821,1890,69
10245.jpg,1821,1780,-41
10250.jpg,1821,1820,-1
10255.jpg,1821,1890,69
10260.jpg,1821,1790,-31
10265.jpg,1821,1840,19
10270.jpg,1821,1780,-41
10275.jpg,1821,1860,39
10280.jpg,1822,1909,87
10285.jpg,1822,1880,58
10290.jpg,1822,1860,38
10295.jpg,1822,1904,82
10300.jpg,1822,1900,78
10305.jpg,1822,1900,78
10310.jpg,1822,1800,-22
10315.jpg,1822,1830,8
10320.jpg,1822,1840,18
10325.jpg,1822,1840,18
10330.jpg,1822,1870,48
10335.jpg,1822,1820,-2
10340.jpg,1822,1850,28
10345.jpg,1822,1880,58
10355.jpg,1822,1850,28
10360.jpg,1823,1880,57
10365.jpg,1823,1850,27
10370.jpg,1823,1840,17
10375.jpg,1823,1850,27
10385.jpg,1823,1872,49
10390.jpg,1823,1850,27
10395.jpg,1823,1860,37
10400.jpg,1823,1790,-33
10405.jpg,1823,1850,27
10410.jpg,1823,1850,27
10415.jpg,1823,1830,7
10420.jpg,1823,1910,87
10425.jpg,1823,1720,-103
10430.jpg,1823,1820,-3
10435.jpg,1823,1840,17
10440.jpg,1823,1820,-3
10445.jpg,1823,1925,102
10450.jpg,1823,1360,-463
10455.jpg,1824,1840,16
10460.jpg,1824,1830,6
10465.jpg,1824,1750,-74
10470.jpg,1824,1850,26
10475.jpg,1824,1250,-574
10480.jpg,1824,1864,40
10485.jpg,1824,1720,-104
10490.jpg,1824,1820,-4
10495.jpg,1824,1840,16
10500.jpg,1824,1830,6
10505.jpg,1824,1830,6
10510.jpg,1824,1870,46
10515.jpg,1824,1750,-74
10520.jpg,1824,1850,26
10525.jpg,1824,1920,96
10530.jpg,1824,1830,6
10535.jpg,1824,1830,6
10540.jpg,1824,1840,16
10545.jpg,1824,1895,71
10550.jpg,1825,1825,0
10555.jpg,1825,1888,63
10560.jpg,1825,1870,45
10565.jpg,1825,1860,35
10570.jpg,1825,1880,55
10575.jpg,1825,1849,24
10580.jpg,1825,1863,38
10585.jpg,1825,1880,55
10590.jpg,1825,1780,-45
10595.jpg,1825,1840,15
10600.jpg,1825,1830,5
10605.jpg,1825,1850,25
10610.jpg,1825,1830,5
10615.jpg,1825,1840,15
10620.jpg,1825,1820,-5
10625.jpg,1825,1925,100
10630.jpg,1825,1790,-35
10635.jpg,1825,1928,103
10640.jpg,1825,1930,105
10645.jpg,1825,1780,-45
10650.jpg,1825,1840,15
10655.jpg,1825,1850,25
10660.jpg,1825,1830,5
10665.jpg,1825,1840,15
10670.jpg,1825,1850,25
10675.jpg,1825,1830,5
10680.jpg,1825,1780,-45
10685.jpg,1825,1830,5
10690.jpg,1825,1780,-45
10695.jpg,1825,1880,55
10700.jpg,1825,1830,5
10705.jpg,1825,1840,15
10710.jpg,1825,1880,55
10715.jpg,1825,1888,63
10720.jpg,1825,1750,-75
10725.jpg,1825,1905,80
10730.jpg,1826,1888,62
10735.jpg,1826,1880,54
10745.jpg,1826,1830,4
10750.jpg,1826,1805,-21
10755.jpg,1826,1900,74
10760.jpg,1826,1830,4
10765.jpg,1826,1840,14
10770.jpg,1826,1870,44
10775.jpg,1826,1840,14
10780.jpg,1826,1840,14
10785.jpg,1826,1820,-6
10790.jpg,1826,1850,24
10795.jpg,1826,1796,-30
10800.jpg,1826,1870,44
10805.jpg,1826,1790,-36
10810.jpg,1826,1750,-76
10815.jpg,1826,1830,4
10820.jpg,1826,1840,14
10825.jpg,1826,1840,14
10830.jpg,1826,1908,82
10835.jpg,1827,1870,43
10840.jpg,1827,1880,53
10845.jpg,1827,1880,53
10850.jpg,1827,1860,33
10855.jpg,1827,1880,53
10860.jpg,1827,1903,76
10865.jpg,1827,1890,63
10870.jpg,1827,1849,22
10875.jpg,1827,1750,-77
10880.jpg,1827,1850,23
10885.jpg,1827,1890,63
10890.jpg,1827,1920,93
10895.jpg,1827,1820,-7
10900.jpg,1827,1820,-7
10905.jpg,1827,1750,-77
10910.jpg,1827,1855,28
10915.jpg,1827,1820,-7
10920.jpg,1827,1840,13
10925.jpg,1827,1840,13
10930.jpg,1827,1905,78
10935.jpg,1827,1850,23
10940.jpg,1827,1930,103
10945.jpg,1828,1865,37
10950.jpg,1828,1860,32
10955.jpg,1828,1838,10
10960.jpg,1828,1850,22
10965.jpg,1828,1852,24
10970.jpg,1828,1848,20
10975.jpg,1828,1903,75
10980.jpg,1828,1906,78
10985.jpg,1828,1870,42
10990.jpg,1828,1850,22
10995.jpg,1828,1830,2
11000.jpg,1828,1880,52
11005.jpg,1828,1820,-8
11010.jpg,1828,1825,-3
11015.jpg,1828,1795,-33
11020.jpg,1828,1790,-38
11025.jpg,1828,1750,-78
11030.jpg,1828,1850,22
11035.jpg,1828,1840,12
11040.jpg,1828,1820,-8
11045.jpg,1828,1830,2
11050.jpg,1828,1650,-178
11055.jpg,1828,1901,73
11060.jpg,1828,1870,42
11065.jpg,1829,1880,51
11070.jpg,1829,1840,11
11075.jpg,1829,1862,33
11080.jpg,1829,1860,31
11085.jpg,1829,1770,-59
11090.jpg,1829,1881,52
11095.jpg,1829,1865,36
11100.jpg,1829,1881,52
11105.jpg,1829,1872,43
11110.jpg,1829,1810,-19
11115.jpg,1829,1870,41
11120.jpg,1829,1840,11
11125.jpg,1829,1840,11
11130.jpg,1829,1855,26
11135.jpg,1829,1850,21
11140.jpg,1829,1853,24
11145.jpg,1829,1840,11
11150.jpg,1829,1840,11
11155.jpg,1829,1934,105
11160.jpg,1829,1820,-9
11165.jpg,1829,1905,76
11170.jpg,1830,1860,30
11175.jpg,1830,1895,65
11180.jpg,1830,1928,98
11185.jpg,1830,1860,30
11190.jpg,1830,1836,6
11195.jpg,1830,1680,-150
11200.jpg,1830,1875,45
11205.jpg,1830,1880,50
11210.jpg,1830,1880,50
11215.jpg,1830,1820,-10
11220.jpg,1830,1750,-80
11225.jpg,1830,1830,0
11230.jpg,1830,1750,-80
11235.jpg,1830,1870,40
11240.jpg,1830,1830,0
11245.jpg,1830,1840,10
11250.jpg,1830,1840,10
11255.jpg,1830,1900,70
11260.jpg,1830,1830,0
11265.jpg,1830,1840,10
11270.jpg,1830,1840,10
11275.jpg,1830,1850,20
11280.jpg,1830,1890,60
11285.jpg,1830,1830,0
11290.jpg,1830,1750,-80
11295.jpg,1830,1850,20
11300.jpg,1830,1850,20
11305.jpg,1830,1830,0
11310.jpg,1830,1890,60
11315.jpg,1830,1820,-10
11320.jpg,1830,1790,-40
11325.jpg,1830,1870,40
11330.jpg,1830,1830,0
11335.jpg,1830,1880,50
11340.jpg,1830,1920,90
11345.jpg,1830,1965,135
11350.jpg,1830,1925,95
11355.jpg,1830,1850,20
11360.jpg,1830,1840,10
11365.jpg,1830,1824,-6
11370.jpg,1830,1850,20
11375.jpg,1830,1830,0
11380.jpg,1830,1885,55
11385.jpg,1830,1830,0
11390.jpg,1830,1910,80
11395.jpg,1830,1770,-60
11400.jpg,1831,1840,9
11405.jpg,1831,1880,49
11410.jpg,1831,1840,9
11415.jpg,1831,1878,47
11420.jpg,1831,1775,-56
11425.jpg,1831,1929,98
11430.jpg,1831,1885,54
11435.jpg,1831,1900,69
11440.jpg,1831,1935,104
11445.jpg,1831,1800,-31
11450.jpg,1831,1930,99
11455.jpg,1831,1860,29
11460.jpg,1831,1850,19
11465.jpg,1831,1830,-1
11470.jpg,1831,1830,-1
11475.jpg,1831,1920,89
11480.jpg,1831,1840,9
11485.jpg,1831,1830,-1
11490.jpg,1832,1920,88
11495.jpg,1832,1870,38
11500.jpg,1832,1860,28
11505.jpg,1832,1850,18
11510.jpg,1832,1820,-12
11515.jpg,1832,1836,4
11525.jpg,1832,1910,78
11530.jpg,1832,1840,8
11535.jpg,1832,1930,98
11540.jpg,1832,1840,8
11545.jpg,1832,1890,58
11550.jpg,1832,1855,23
11555.jpg,1832,1830,-2
11560.jpg,1832,1840,8
11565.jpg,1832,1830,-2
11570.jpg,1832,1850,18
11575.jpg,1832,1840,8
11580.jpg,1832,1850,18
11585.jpg,1832,1820,-12
11590.jpg,1832,1905,73
11595.jpg,1832,1850,18
11600.jpg,1832,1822,-10
11605.jpg,1832,1830,-2
11610.jpg,1832,1938,106
11615.jpg,1832,1830,-2
11620.jpg,1832,1820,-12
11625.jpg,1832,1830,-2
11630.jpg,1832,1916,84
11635.jpg,1832,1920,88
11640.jpg,1832,1910,78
11645.jpg,1833,1888,55
11650.jpg,1833,1880,47
11655.jpg,1833,1870,37
11660.jpg,1833,1820,-13
11665.jpg,1833,1880,47
11670.jpg,1833,1830,-3
11675.jpg,1833,1860,27
11680.jpg,1833,1889,56
11685.jpg,1833,1860,27
11690.jpg,1833,1840,7
11695.jpg,1833,1830,-3
11700.jpg,1833,1750,-83
11705.jpg,1833,1925,92
11710.jpg,1833,1930,97
11715.jpg,1833,1840,7
11720.jpg,1833,1890,57
11725.jpg,1833,1850,17
11730.jpg,1833,1820,-13
11735.jpg,1833,1820,-13
11740.jpg,1833,1850,17
11745.jpg,1833,1820,-13
11750.jpg,1833,1840,7
11755.jpg,1833,1750,-83
11760.jpg,1833,1905,72
11765.jpg,1833,1827,-6
11770.jpg,1834,1840,6
11775.jpg,1834,1770,-64
11780.jpg,1834,1850,16
11785.jpg,1834,1843,9
11790.jpg,1834,1965,131
11795.jpg,1834,1853,19
11800.jpg,1834,1820,-14
11805.jpg,1834,1762,-72
11810.jpg,1834,1905,71
11815.jpg,1834,1850,16
11820.jpg,1834,1848,14
11825.jpg,1834,1830,-4
11830.jpg,1834,1910,76
11835.jpg,1834,1870,36
11840.jpg,1834,1850,16
11845.jpg,1834,1780,-54
11850.jpg,1834,1820,-14
11855.jpg,1834,1850,16
11860.jpg,1834,1930,96
11865.jpg,1834,1850,16
11870.jpg,1834,1950,116
11875.jpg,1834,1830,-4
11880.jpg,1834,1850,16
11885.jpg,1834,1790,-44
11890.jpg,1834,1860,26
11895.jpg,1834,1912,78
11900.jpg,1835,1794,-41
11905.jpg,1835,1870,35
11910.jpg,1835,1933,98
11915.jpg,1835,1910,75
11920.jpg,1835,1780,-55
11925.jpg,1835,1820,-15
11930.jpg,1835,1890,55
11935.jpg,1835,1887,52
11940.jpg,1835,1905,70
11945.jpg,1835,1905,70
11950.jpg,1835,1902,67
11955.jpg,1835,1750,-85
11960.jpg,1835,1830,-5
11965.jpg,1835,1920,85
11970.jpg,1835,1850,15
11980.jpg,1835,1895,60
11985.jpg,1835,1930,95
11990.jpg,1835,1905,70
11995.jpg,1835,1950,115
12000.jpg,1835,1920,85
12005.jpg,1835,1910,75
12010.jpg,1835,1840,5
12015.jpg,1835,1880,45
12020.jpg,1835,1890,55
12025.jpg,1835,1850,15
12030.jpg,1835,1840,5
12035.jpg,1835,1850,15
12040.jpg,1835,1750,-85
12045.jpg,1835,1830,-5
12050.jpg,1835,1830,-5
12055.jpg,1835,1850,15
12060.jpg,1835,1862,27
12065.jpg,1835,1920,85
12070.jpg,1835,1840,5
12075.jpg,1835,1790,-45
12080.jpg,1835,1830,-5
12085.jpg,1835,1820,-15
12090.jpg,1835,1870,35
12095.jpg,1835,1840,5
12100.jpg,1835,1850,15
12105.jpg,1835,1860,25
12110.jpg,1835,1500,-335
12115.jpg,1835,1860,25
12120.jpg,1835,1840,5
12125.jpg,1835,1890,55
12130.jpg,1836,1862,26
12135.jpg,1836,1930,94
12140.jpg,1836,1850,14
12145.jpg,1836,1900,64
12150.jpg,1836,1830,-6
12155.jpg,1836,1828,-8
12160.jpg,1836,1880,44
12170.jpg,1836,1900,64
12175.jpg,1836,1830,-6
12180.jpg,1836,1840,4
12185.jpg,1836,1840,4
12190.jpg,1836,1850,14
12195.jpg,1836,1850,14
12200.jpg,1836,1910,74
12205.jpg,1836,1850,14
12210.jpg,1836,1870,34
12215.jpg,1836,1840,4
12220.jpg,1836,1840,4
12225.jpg,1836,1840,4
12230.jpg,1836,1850,14
12235.jpg,1836,1830,-6
12240.jpg,1836,1750,-86
12245.jpg,1836,1850,14
12250.jpg,1836,1830,-6
12255.jpg,1836,1850,14
12260.jpg,1836,1820,-16
12265.jpg,1836,1830,-6
12270.jpg,1836,1840,4
12275.jpg,1836,1820,-16
12280.jpg,1837,1880,43
12285.jpg,1837,1857,20
12290.jpg,1837,1810,-27
12295.jpg,1837,1890,53
12300.jpg,1837,1860,23
12305.jpg,1837,1840,3
12310.jpg,1837,1880,43
12315.jpg,1837,1829,-8
12320.jpg,1837,1970,133
12325.jpg,1837,1876,39
12330.jpg,1837,1870,33
12335.jpg,1837,1830,-7
12340.jpg,1837,1830,-7
12345.jpg,1837,1790,-47
12350.jpg,1837,1850,13
12355.jpg,1837,1850,13
12360.jpg,1837,1910,73
12365.jpg,1837,1890,53
12370.jpg,1837,1850,13
12375.jpg,1837,1830,-7
12380.jpg,1837,1880,43
12385.jpg,1837,1910,73
12390.jpg,1837,1840,3
12395.jpg,1837,1790,-47
12400.jpg,1837,1928,91
12405.jpg,1837,1850,13
12410.jpg,1837,1820,-17
12415.jpg,1837,1895,58
12420.jpg,1837,1840,3
12425.jpg,1837,1840,3
12430.jpg,1837,1820,-17
12435.jpg,1837,1935,98
12440.jpg,1837,1830,-7
12445.jpg,1837,1840,3
12450.jpg,1838,1900,62
12455.jpg,1838,1860,22
12460.jpg,1838,1850,12
12465.jpg,1838,1828,-10
12470.jpg,1838,1850,12
12475.jpg,1838,1940,102
12480.jpg,1838,1840,2
12485.jpg,1838,1849,11
12490.jpg,1838,1898,60
12495.jpg,1838,1885,47
12500.jpg,1838,1859,21
12505.jpg,1838,1880,42
12510.jpg,1838,1840,2
12515.jpg,1838,1905,67
12520.jpg,1838,1790,-48
12525.jpg,1838,1820,-18
12530.jpg,1838,1840,2
12535.jpg,1838,1910,72
12540.jpg,1838,1850,12
12545.jpg,1838,1870,32
12550.jpg,1838,1905,67
12555.jpg,1838,1920,82
12560.jpg,1838,1850,12
12565.jpg,1838,1870,32
12570.jpg,1838,1850,12
12575.jpg,1838,1780,-58
12580.jpg,1838,1790,-48
12585.jpg,1838,1810,-28
12590.jpg,1838,1850,12
12600.jpg,1838,1890,52
12605.jpg,1838,1929,91
12610.jpg,1838,1873,35
12615.jpg,1838,1720,-118
12620.jpg,1838,1750,-88
12625.jpg,1839,1930,91
12630.jpg,1839,1870,31
12635.jpg,1839,1880,41
12640.jpg,1839,1908,69
12645.jpg,1839,1850,11
12650.jpg,1839,1900,61
12655.jpg,1839,1859,20
12660.jpg,1839,1887,48
12665.jpg,1839,1860,21
12670.jpg,1839,1850,11
12675.jpg,1839,1840,1
12680.jpg,1839,1840,1
12685.jpg,1839,1820,-19
12690.jpg,1839,1975,136
12695.jpg,1839,1840,1
12700.jpg,1839,1840,1
12705.jpg,1839,1790,-49
12710.jpg,1839,1680,-159
12715.jpg,1839,1840,1
12720.jpg,1839,1750,-89
12725.jpg,1839,1920,81
12730.jpg,1839,1850,11
12735.jpg,1839,1840,1
12740.jpg,1839,1840,1
12745.jpg,1839,1850,11
12750.jpg,1839,1880,41
12755.jpg,1839,1820,-19
12760.jpg,1839,1840,1
12765.jpg,1839,1680,-159
12770.jpg,1839,2010,171
12775.jpg,1839,1880,41
12780.jpg,1840,1880,40
12785.jpg,1840,1920,80
12790.jpg,1840,1880,40
12795.jpg,1840,1830,-10
12800.jpg,1840,1880,40
12805.jpg,1840,1870,30
12810.jpg,1840,1830,-10
12815.jpg,1840,1850,10
12820.jpg,1840,1829,-11
12825.jpg,1840,1870,30
12830.jpg,1840,1880,40
12835.jpg,1840,1910,70
12840.jpg,1840,1882,42
12845.jpg,1840,1820,-20
12850.jpg,1840,1830,-10
12860.jpg,1840,1910,70
12865.jpg,1840,1750,-90
12870.jpg,1840,1920,80
12875.jpg,1840,1875,35
12880.jpg,1840,1850,10
12885.jpg,1840,1760,-80
12890.jpg,1840,1790,-50
12895.jpg,1840,1790,-50
12900.jpg,1840,1900,60
12905.jpg,1840,1930,90
12910.jpg,1840,1930,90
12915.jpg,1840,1870,30
12920.jpg,1840,1850,10
12925.jpg,1840,1880,40
12930.jpg,1840,1890,50
12935.jpg,1840,1840,0
12940.jpg,1840,1850,10
12945.jpg,1840,1850,10
12950.jpg,1840,1840,0
12955.jpg,1840,1860,20
12960.jpg,1840,1850,10
12965.jpg,1840,1780,-60
12970.jpg,1840,1840,0
12975.jpg,1840,1840,0
12980.jpg,1840,1920,80
12985.jpg,1840,1850,10
12990.jpg,1840,1850,10
12995.jpg,1840,1936,96
13005.jpg,1840,1880,40
13010.jpg,1840,1900,60
13015.jpg,1840,1890,50
13020.jpg,1840,1850,10
13025.jpg,1840,1905,65
13030.jpg,1841,1886,45
13035.jpg,1841,1820,-21
13040.jpg,1841,1840,-1
13045.jpg,1841,1870,29
13050.jpg,1841,1905,64
13055.jpg,1841,1850,9
13060.jpg,1841,1850,9
13065.jpg,1841,1796,-45
13070.jpg,1841,1860,19
13075.jpg,1841,1790,-51
13080.jpg,1841,1840,-1
13085.jpg,1841,1965,124
13090.jpg,1841,1912,71
13095.jpg,1841,1910,69
13100.jpg,1841,1840,-1
13105.jpg,1841,1905,64
13110.jpg,1841,1853,12
13115.jpg,1841,1880,39
13120.jpg,1841,2005,164
13125.jpg,1841,1850,9
13130.jpg,1841,1680,-161
13135.jpg,1841,1923,82
13140.jpg,1841,1880,39
13145.jpg,1842,1820,-22
13150.jpg,1842,1820,-22
13155.jpg,1842,1905,63
13160.jpg,1842,1852,10
13165.jpg,1842,1828,-14
13170.jpg,1842,1873,31
13175.jpg,1842,1878,36
13180.jpg,1842,1870,28
13185.jpg,1842,1880,38
13190.jpg,1842,1850,8
13195.jpg,1842,1840,-2
13200.jpg,1842,1905,63
13205.jpg,1842,1820,-22
13210.jpg,1842,1830,-12
13215.jpg,1842,1840,-2
13220.jpg,1842,1790,-52
13225.jpg,1842,1860,18
13230.jpg,1842,1870,28
13235.jpg,1842,1840,-2
13240.jpg,1842,1830,-12
13245.jpg,1842,1920,78
13250.jpg,1842,1850,8
13255.jpg,1842,1880,38
13260.jpg,1842,1850,8
13265.jpg,1842,1840,-2
13270.jpg,1842,1870,28
13275.jpg,1842,1790,-52
13280.jpg,1842,1533,-309
13285.jpg,1842,1870,28
13290.jpg,1842,1870,28
13295.jpg,1842,1880,38
13300.jpg,1843,1873,30
13305.jpg,1843,1840,-3
13310.jpg,1843,1902,59
13315.jpg,1843,1932,89
13320.jpg,1843,1816,-27
13325.jpg,1843,1830,-13
13330.jpg,1843,1750,-93
13335.jpg,1843,1850,7
13340.jpg,1843,1840,-3
13345.jpg,1843,1905,62
13350.jpg,1843,1840,-3
13355.jpg,1843,1870,27
13360.jpg,1843,1920,77
13365.jpg,1843,1840,-3
13370.jpg,1843,1790,-53
13380.jpg,1843,1850,7
13385.jpg,1843,1830,-13
13390.jpg,1843,1850,7
13395.jpg,1843,1850,7
13400.jpg,1843,1820,-23
13405.jpg,1843,1840,-3
13410.jpg,1843,1840,-3
13415.jpg,1843,1872,29
13420.jpg,1843,1910,67
13425.jpg,1843,1850,7
13430.jpg,1844,1870,26
13435.jpg,1844,1840,-4
13440.jpg,1844,1880,36
13445.jpg,1844,1970,126
13450.jpg,1844,1872,28
13455.jpg,1844,1840,-4
13460.jpg,1844,1890,46
13465.jpg,1844,1850,6
13470.jpg,1844,1850,6
13475.jpg,1844,1875,31
13480.jpg,1844,1910,66
13485.jpg,1844,1880,36
13490.jpg,1844,1830,-14
13495.jpg,1844,1840,-4
13500.jpg,1844,1840,-4
13505.jpg,1844,1905,61
13510.jpg,1844,1760,-84
13515.jpg,1844,1850,6
13520.jpg,1844,1850,6
13525.jpg,1844,1840,-4
13530.jpg,1844,1920,76
13535.jpg,1844,1850,6
13540.jpg,1844,1926,82
13545.jpg,1844,1830,-14
13550.jpg,1844,1850,6
13555.jpg,1844,1890,46
13560.jpg,1844,1880,36
13565.jpg,1845,1870,25
13570.jpg,1845,1907,62
13575.jpg,1845,1870,25
13580.jpg,1845,1880,35
13585.jpg,1845,1880,35
13590.jpg,1845,1890,45
13595.jpg,1845,1889,44
13600.jpg,1845,1900,55
13605.jpg,1845,1853,8
13610.jpg,1845,1875,30
13615.jpg,1845,1870,25
13620.jpg,1845,1840,-5
13625.jpg,1845,1850,5
13630.jpg,1845,1840,-5
13635.jpg,1845,1850,5
13640.jpg,1845,1910,65
13645.jpg,1845,1840,-5
13650.jpg,1845,1870,25
13655.jpg,1845,1850,5
13660.jpg,1845,1890,45
13665.jpg,1845,1850,5
13670.jpg,1845,2005,160
13675.jpg,1845,1880,35
13680.jpg,1845,1910,65
13685.jpg,1845,1850,5
13690.jpg,1845,1840,-5
13695.jpg,1845,1800,-45
13700.jpg,1845,1850,5
13705.jpg,1845,1830,-15
13710.jpg,1845,1920,75
13720.jpg,1845,1910,65
13725.jpg,1845,1890,45
13730.jpg,1845,1840,-5
13735.jpg,1845,1870,25
13740.jpg,1845,1830,-15
13745.jpg,1845,1830,-15
13750.jpg,1845,1850,5
13755.jpg,1845,1760,-85
13760.jpg,1845,1840,-5
13765.jpg,1845,1850,5
13770.jpg,1845,1840,-5
13775.jpg,1845,1898,53
13780.jpg,1845,1648,-197
13785.jpg,1845,1920,75
13790.jpg,1845,1885,40
13795.jpg,1845,1859,14
13800.jpg,1845,1933,88
13805.jpg,1846,1830,-16
13810.jpg,1846,1902,56
13815.jpg,1846,1872,26
13820.jpg,1846,1840,-6
13825.jpg,1846,1840,-6
13830.jpg,1846,1803,-43
13835.jpg,1846,1929,83
13840.jpg,1846,1928,82
13845.jpg,1846,1840,-6
13850.jpg,1846,1920,74
13855.jpg,1846,1905,59
13860.jpg,1846,1830,-16
13865.jpg,1846,1840,-6
13870.jpg,1846,1830,-16
13875.jpg,1846,1910,64
13880.jpg,1846,1850,4
13885.jpg,1846,1850,4
13890.jpg,1846,1830,-16
13895.jpg,1846,1880,34
13900.jpg,1846,1850,4
13905.jpg,1846,1780,-66
13910.jpg,1846,1840,-6
13915.jpg,1846,1820,-26
13920.jpg,1846,1840,-6
13925.jpg,1846,1950,104
13930.jpg,1846,1850,4
13935.jpg,1846,1870,24
13940.jpg,1847,1909,62
13945.jpg,1847,1838,-9
13950.jpg,1847,1910,63
13955.jpg,1847,1880,33
13960.jpg,1847,1890,43
13965.jpg,1847,1840,-7
13970.jpg,1847,1902,55
13975.jpg,1847,1848,1
13980.jpg,1847,1875,28
13985.jpg,1847,1860,13
13990.jpg,1847,1850,3
13995.jpg,1847,1850,3
14000.jpg,1847,1930,83
14005.jpg,1847,1840,-7
14010.jpg,1847,1840,-7
14015.jpg,1847,1895,48
14020.jpg,1847,1850,3
14030.jpg,1847,1870,23
14035.jpg,1847,1830,-17
14040.jpg,1847,1890,43
14045.jpg,1847,1750,-97
14050.jpg,1847,1880,33
14055.jpg,1847,1910,63
14060.jpg,1847,1890,43
14065.jpg,1847,1850,3
14070.jpg,1847,1830,-17
14075.jpg,1847,1875,28
14080.jpg,1847,1840,-7
14085.jpg,1847,1885,38
14090.jpg,1847,1800,-47
14095.jpg,1847,1840,-7
14100.jpg,1847,1935,88
14105.jpg,1847,1937,90
14110.jpg,1848,1889,41
14115.jpg,1848,1910,62
14120.jpg,1848,1890,42
14125.jpg,1848,2007,159
14130.jpg,1848,1480,-368
14135.jpg,1848,1830,-18
14140.jpg,1848,1848,0
14145.jpg,1848,1967,119
14150.jpg,1848,1860,12
14155.jpg,1848,1872,24
14160.jpg,1848,1875,27
14165.jpg,1848,1850,2
14170.jpg,1848,1850,2
14175.jpg,1848,1860,12
14180.jpg,1848,1890,42
14185.jpg,1848,1880,32
14190.jpg,1848,1930,82
14195.jpg,1848,1870,22
14200.jpg,1848,1890,42
14205.jpg,1848,1870,22
14210.jpg,1848,1870,22
14215.jpg,1848,1870,22
14220.jpg,1848,1840,-8
14225.jpg,1848,1864,16
14230.jpg,1848,1830,-18
14235.jpg,1848,1860,12
14240.jpg,1848,1880,32
14245.jpg,1848,1820,-28
14250.jpg,1848,1850,2
14255.jpg,1848,1850,2
14260.jpg,1848,1830,-18
14265.jpg,1848,1850,2
14270.jpg,1848,1830,-18
14275.jpg,1848,1850,2
14280.jpg,1848,1840,-8
14285.jpg,1848,1880,32
14290.jpg,1848,1840,-8
14295.jpg,1848,1870,22
14300.jpg,1848,1830,-18
14305.jpg,1848,1850,2
14310.jpg,1848,1930,82
14315.jpg,1848,1880,32
14320.jpg,1848,1880,32
14325.jpg,1848,1820,-28
14330.jpg,1848,1900,52
14335.jpg,1848,1815,-33
14340.jpg,1849,1880,31
14345.jpg,1849,1850,1
14350.jpg,1849,1880,31
14355.jpg,1849,1850,1
14360.jpg,1849,2017,168
14365.jpg,1849,1890,41
14370.jpg,1849,1876,27
14375.jpg,1849,1860,11
14380.jpg,1849,1841,-8
14385.jpg,1849,1873,24
14390.jpg,1849,1820,-29
14395.jpg,1849,1840,-9
14400.jpg,1849,1830,-19
14405.jpg,1849,1900,51
14410.jpg,1849,1930,81
14415.jpg,1849,1910,61
14420.jpg,1849,1750,-99
14425.jpg,1849,1870,21
14430.jpg,1849,1840,-9
14435.jpg,1849,1860,11
14440.jpg,1849,1830,-19
14445.jpg,1849,1830,-19
14450.jpg,1849,1967,118
14455.jpg,1849,1830,-19
14460.jpg,1849,1850,1
14465.jpg,1849,1840,-9
14470.jpg,1849,1850,1
14475.jpg,1849,1830,-19
14480.jpg,1849,1930,81
14485.jpg,1849,1850,1
14490.jpg,1849,1648,-201
14495.jpg,1849,1870,21
14500.jpg,1849,1890,41
14505.jpg,1850,1880,30
14510.jpg,1850,1850,0
14515.jpg,1850,1790,-60
14520.jpg,1850,1840,-10
14525.jpg,1850,1840,-10
14530.jpg,1850,1950,100
14535.jpg,1850,1850,0
14540.jpg,1850,1900,50
14545.jpg,1850,1780,-70
14550.jpg,1850,1880,30
14555.jpg,1850,1880,30
14560.jpg,1850,1936,86
14565.jpg,1850,1850,0
14570.jpg,1850,1750,-100
14575.jpg,1850,1875,25
14580.jpg,1850,1875,25
14585.jpg,1850,1849,-1
14590.jpg,1850,1875,25
14600.jpg,1850,1849,-1
14605.jpg,1850,1850,0
14610.jpg,1850,1850,0
14615.jpg,1850,1920,70
14620.jpg,1850,1870,20
14625.jpg,1850,1860,10
14630.jpg,1850,1870,20
14635.jpg,1850,1850,0
14640.jpg,1850,1910,60
14645.jpg,1850,1885,35
14650.jpg,1850,1920,70
14655.jpg,1850,1850,0
14660.jpg,1850,1800,-50
14665.jpg,1850,1930,80
14670.jpg,1850,1830,-20
14675.jpg,1850,1850,0
14680.jpg,1850,1850,0
14685.jpg,1850,1928,78
14690.jpg,1850,1860,10
14695.jpg,1850,1850,0
14700.jpg,1850,1900,50
14705.jpg,1850,1850,0
14710.jpg,1850,1890,40
14715.jpg,1850,1820,-30
14720.jpg,1850,1850,0
14725.jpg,1850,1905,55
14730.jpg,1850,1930,80
14735.jpg,1850,1830,-20
14740.jpg,1850,1850,0
14745.jpg,1850,1880,30
14750.jpg,1850,1850,0
14755.jpg,1850,1860,10
14760.jpg,1850,1880,30
14765.jpg,1850,1905,55
14770.jpg,1850,1860,10
14775.jpg,1850,1925,75
14780.jpg,1850,1820,-30
14785.jpg,1851,1902,51
14790.jpg,1851,1907,56
14795.jpg,1851,1929,78
14800.jpg,1851,1900,49
14805.jpg,1851,1910,59
14810.jpg,1851,1871,20
14815.jpg,1851,1880,29
14820.jpg,1851,1870,19
14825.jpg,1851,1850,-1
14830.jpg,1851,1870,19
14835.jpg,1851,1720,-131
14840.jpg,1851,1840,-11
14845.jpg,1851,1870,19
14850.jpg,1851,1955,104
14855.jpg,1851,1840,-11
14860.jpg,1851,1925,74
14865.jpg,1851,1840,-11
14870.jpg,1851,1780,-71
14880.jpg,1851,1840,-11
14885.jpg,1851,1840,-11
14890.jpg,1851,1830,-21
14895.jpg,1851,1790,-61
14900.jpg,1851,1855,4
14905.jpg,1851,1885,34
14910.jpg,1851,1750,-101
14915.jpg,1851,1930,79
14920.jpg,1851,1850,-1
14925.jpg,1851,1850,-1
14930.jpg,1851,1851,0
14935.jpg,1851,1880,29
14940.jpg,1851,1830,-21
14945.jpg,1852,1895,43
14950.jpg,1852,1850,-2
14955.jpg,1852,1880,28
14960.jpg,1852,1905,53
14965.jpg,1852,1820,-32
14970.jpg,1852,1830,-22
14975.jpg,1852,1910,58
14980.jpg,1852,1849,-3
14985.jpg,1852,1892,40
14990.jpg,1852,1890,38
14995.jpg,1852,1905,53
15000.jpg,1852,1890,38
15005.jpg,1852,1890,38
15010.jpg,1852,1840,-12
15015.jpg,1852,1870,18
15020.jpg,1852,1850,-2
15025.jpg,1852,1870,18
15030.jpg,1852,1855,3
15035.jpg,1852,1850,-2
15040.jpg,1852,1870,18
15045.jpg,1852,1850,-2
15050.jpg,1852,1910,58
15055.jpg,1852,1790,-62
15060.jpg,1852,1880,28
15065.jpg,1852,1850,-2
15070.jpg,1852,1840,-12
15075.jpg,1852,1840,-12
15080.jpg,1852,1845,-7
15085.jpg,1852,1920,68
15090.jpg,1852,1900,48
15095.jpg,1852,1850,-2
15100.jpg,1852,1850,-2
15105.jpg,1852,1876,24
15110.jpg,1852,1850,-2
15115.jpg,1852,1850,-2
15120.jpg,1852,1870,18
15125.jpg,1852,1870,18
15130.jpg,1852,1890,38
15135.jpg,1853,1850,-3
15140.jpg,1853,1928,75
15145.jpg,1853,1850,-3
15150.jpg,1853,1880,27
15155.jpg,1853,1905,52
15160.jpg,1853,1860,7
15165.jpg,1853,1910,57
15170.jpg,1853,1830,-23
15175.jpg,1853,1850,-3
15180.jpg,1853,1898,45
15185.jpg,1853,1874,21
15190.jpg,1853,1805,-48
15195.jpg,1853,1880,27
15200.jpg,1853,1872,19
15205.jpg,1853,1967,114
15210.jpg,1853,1925,72
15215.jpg,1853,1840,-13
15220.jpg,1853,1840,-13
15225.jpg,1853,1850,-3
15230.jpg,1853,1850,-3
15235.jpg,1853,1850,-3
15240.jpg,1853,1890,37
15245.jpg,1853,1830,-23
15250.jpg,1853,1840,-13
15255.jpg,1853,1875,22
15260.jpg,1853,1870,17
15265.jpg,1853,1830,-23
15270.jpg,1853,1870,17
15275.jpg,1853,1850,-3
15280.jpg,1853,1920,67
15285.jpg,1853,1840,-13
15290.jpg,1853,1850,-3
15295.jpg,1853,1850,-3
15300.jpg,1853,1850,-3
15305.jpg,1853,1840,-13
15310.jpg,1853,1830,-23
15315.jpg,1853,1840,-13
15320.jpg,1853,1890,37
15325.jpg,1853,1850,-3
15330.jpg,1853,1860,7
15335.jpg,1853,1880,27
15340.jpg,1853,1890,37
15345.jpg,1853,1820,-33
15350.jpg,1853,1920,67
15355.jpg,1854,1900,46
15360.jpg,1854,1958,104
15365.jpg,1854,1850,-4
15370.jpg,1854,1850,-4
15375.jpg,1854,1850,-4
15380.jpg,1854,1880,26
15385.jpg,1854,1830,-24
15390.jpg,1854,1870,16
15395.jpg,1854,1888,34
15400.jpg,1854,1929,75
15405.jpg,1854,1900,46
15410.jpg,1854,1880,26
15415.jpg,1854,1755,-99
15420.jpg,1854,1880,26
15425.jpg,1854,1885,31
15430.jpg,1854,1890,36
15435.jpg,1854,1960,106
15440.jpg,1854,1930,76
15445.jpg,1854,1885,31
15450.jpg,1855,1850,-5
15455.jpg,1855,1920,65
15460.jpg,1855,1930,75
15465.jpg,1855,1840,-15
15470.jpg,1855,1885,30
15475.jpg,1855,1875,20
15480.jpg,1855,1871,16
15485.jpg,1855,1870,15
15490.jpg,1855,1880,25
15495.jpg,1855,1929,74
15500.jpg,1855,1872,17
15505.jpg,1855,1857,2
15510.jpg,1855,1859,4
15515.jpg,1855,1840,-15
15520.jpg,1855,1855,0
15525.jpg,1855,1905,50
15530.jpg,1855,1850,-5
15535.jpg,1855,1850,-5
15540.jpg,1855,1890,35
15545.jpg,1855,1830,-25
15550.jpg,1855,1880,25
15555.jpg,1855,1840,-15
15560.jpg,1855,1840,-15
15565.jpg,1855,1870,15
15570.jpg,1855,1840,-15
15575.jpg,1855,1928,73
15580.jpg,1855,1930,75
15585.jpg,1855,1931,76
15590.jpg,1855,1840,-15
15595.jpg,1855,1850,-5
15600.jpg,1855,1870,15
15605.jpg,1855,1920,65
15610.jpg,1855,1950,95
15615.jpg,1855,1870,15
15620.jpg,1855,1790,-65
15625.jpg,1855,1850,-5
15630.jpg,1855,1870,15
15635.jpg,1855,1840,-15
15640.jpg,1855,1900,45
15645.jpg,1855,1890,35
15650.jpg,1855,1840,-15
15655.jpg,1855,1850,-5
15660.jpg,1855,1870,15
15665.jpg,1855,1870,15
15670.jpg,1855,1880,25
15675.jpg,1855,1888,33
15680.jpg,1855,2005,150
15685.jpg,1855,1890,35
15690.jpg,1855,1780,-75
15695.jpg,1855,1852,-3
15705.jpg,1856,1850,-6
15710.jpg,1856,1870,14
15715.jpg,1856,1855,-1
15720.jpg,1856,1850,-6
15725.jpg,1856,1890,34
15730.jpg,1856,1890,34
15735.jpg,1856,1880,24
15740.jpg,1856,1890,34
15745.jpg,1856,1620,-236
15750.jpg,1856,1900,44
15755.jpg,1856,1720,-136
15760.jpg,1856,1848,-8
15765.jpg,1856,1838,-18
15770.jpg,1856,1887,31
15775.jpg,1856,1880,24
15780.jpg,1856,1885,29
15785.jpg,1856,1892,36
15795.jpg,1856,1850,-6
15800.jpg,1856,1880,24
15805.jpg,1856,1970,114
15810.jpg,1856,1910,54
15815.jpg,1856,1840,-16
15820.jpg,1856,1850,-6
15825.jpg,1856,1920,64
15830.jpg,1856,1850,-6
15835.jpg,1856,1880,24
15840.jpg,1856,1850,-6
15845.jpg,1856,1850,-6
15850.jpg,1856,1850,-6
15855.jpg,1856,1860,4
15860.jpg,1856,1850,-6
15865.jpg,1856,1840,-16
15870.jpg,1856,1830,-26
15875.jpg,1856,1905,49
15880.jpg,1856,1870,14
15885.jpg,1856,1860,4
15890.jpg,1856,1850,-6
15895.jpg,1856,1850,-6
15900.jpg,1856,1905,49
15905.jpg,1856,1860,4
15910.jpg,1856,1850,-6
15915.jpg,1856,1840,-16
15920.jpg,1856,1853,-3
15930.jpg,1856,1850,-6
15935.jpg,1856,1840,-16
15940.jpg,1856,1840,-16
15945.jpg,1856,1850,-6
15950.jpg,1856,1870,14
15955.jpg,1856,1914,58
15960.jpg,1856,1850,-6
15965.jpg,1856,1850,-6
15970.jpg,1856,1750,-106
15975.jpg,1856,1870,14
15980.jpg,1857,1880,23
15985.jpg,1857,1850,-7
15990.jpg,1857,2002,145
15995.jpg,1857,1840,-17
16000.jpg,1857,1890,33
16005.jpg,1857,1872,15
16010.jpg,1857,1867,10
16015.jpg,1857,1890,33
16020.jpg,1857,1820,-37
16025.jpg,1857,1871,14
16030.jpg,1857,1865,8
16035.jpg,1857,1886,29
16040.jpg,1857,1875,18
16045.jpg,1857,1900,43
16050.jpg,1857,1857,0
16055.jpg,1857,1859,2
16060.jpg,1857,1840,-17
16065.jpg,1857,1880,23
16070.jpg,1857,1855,-2
16075.jpg,1857,1850,-7
16080.jpg,1857,1850,-7
16085.jpg,1857,1850,-7
16090.jpg,1857,1870,13
16095.jpg,1857,1850,-7
16100.jpg,1857,1790,-67
16105.jpg,1857,1840,-17
16110.jpg,1857,1870,13
16115.jpg,1857,1870,13
16120.jpg,1857,1930,73
16125.jpg,1857,1910,53
16130.jpg,1857,1840,-17
16135.jpg,1857,1925,68
16140.jpg,1857,1859,2
16145.jpg,1857,1850,-7
16150.jpg,1857,1860,3
16155.jpg,1857,1885,28
16160.jpg,1857,1850,-7
16165.jpg,1857,1850,-7
16170.jpg,1857,1890,33
16175.jpg,1857,1850,-7
16180.jpg,1857,1890,33
16185.jpg,1857,1920,63
16190.jpg,1857,1850,-7
16195.jpg,1857,1840,-17
16200.jpg,1857,1849,-8
16205.jpg,1857,2000,143
16210.jpg,1857,1850,-7
16215.jpg,1857,1883,26
16220.jpg,1857,1850,-7
16225.jpg,1857,1800,-57
16230.jpg,1857,1890,33
16235.jpg,1858,1880,22
16240.jpg,1858,1920,62
16245.jpg,1858,1870,12
16250.jpg,1858,1890,32
16255.jpg,1858,1870,12
16260.jpg,1858,1870,12
16265.jpg,1858,1860,2
16270.jpg,1858,1853,-5
16275.jpg,1858,1840,-18
16280.jpg,1858,1870,12
16285.jpg,1858,1880,22
16290.jpg,1858,1873,15
16295.jpg,1858,1905,47
16300.jpg,1858,1870,12
16305.jpg,1858,1900,42
16310.jpg,1858,1859,1
16315.jpg,1858,1860,2
16320.jpg,1858,1850,-8
16325.jpg,1858,1870,12
16330.jpg,1858,1920,62
16335.jpg,1858,1870,12
16340.jpg,1858,1830,-28
16345.jpg,1858,1929,71
16350.jpg,1858,1830,-28
16355.jpg,1858,1890,32
16360.jpg,1858,1850,-8
16365.jpg,1858,1830,-28
16370.jpg,1858,1830,-28
16375.jpg,1858,1855,-3
16380.jpg,1858,1905,47
16385.jpg,1858,1880,22
16390.jpg,1858,1790,-68
16395.jpg,1858,1830,-28
16400.jpg,1858,1850,-8
16405.jpg,1858,1910,52
16410.jpg,1858,1850,-8
16415.jpg,1858,1895,37
16420.jpg,1858,1850,-8
16425.jpg,1858,1850,-8
16430.jpg,1858,1840,-18
16435.jpg,1858,1850,-8
16440.jpg,1858,1850,-8
16445.jpg,1858,1840,-18
16450.jpg,1858,1880,22
16455.jpg,1858,1840,-18
16460.jpg,1858,1898,40
16465.jpg,1858,1877,19
16470.jpg,1858,1870,12
16475.jpg,1858,1754,-104
16480.jpg,1858,1930,72
16485.jpg,1858,1890,32
16490.jpg,1859,1750,-109
16495.jpg,1859,1895,36
16505.jpg,1859,1859,0
16510.jpg,1859,1890,31
16515.jpg,1859,1880,21
16520.jpg,1859,1661,-198
16525.jpg,1859,1859,0
16530.jpg,1859,1840,-19
16535.jpg,1859,1855,-4
16540.jpg,1859,1850,-9
16545.jpg,1859,1871,12
16550.jpg,1859,1870,11
16555.jpg,1859,1859,0
16560.jpg,1859,1888,29
16565.jpg,1859,1833,-26
16570.jpg,1859,1859,0
16575.jpg,1859,1902,43
16580.jpg,1859,1870,11
16585.jpg,1859,1700,-159
16590.jpg,1859,1750,-109
16595.jpg,1859,1890,31
16600.jpg,1859,1840,-19
16605.jpg,1859,1910,51
16610.jpg,1859,1870,11
16615.jpg,1859,1890,31
16620.jpg,1859,1850,-9
16625.jpg,1859,1970,111
16630.jpg,1859,1925,66
16635.jpg,1859,1870,11
16640.jpg,1859,1850,-9
16645.jpg,1859,1880,21
16650.jpg,1859,1850,-9
16655.jpg,1859,1860,1
16660.jpg,1859,1830,-29
16665.jpg,1859,1830,-29
16670.jpg,1859,1850,-9
16675.jpg,1859,1870,11
16680.jpg,1859,1850,-9
16685.jpg,1859,1870,11
16690.jpg,1859,1870,11
16695.jpg,1859,1850,-9
16700.jpg,1859,1920,61
16705.jpg,1859,1850,-9
16710.jpg,1859,1886,27
16715.jpg,1859,1810,-49
16720.jpg,1859,1850,-9
16725.jpg,1859,1888,29
16730.jpg,1859,1890,31
16735.jpg,1860,1935,75
16740.jpg,1860,1888,28
16745.jpg,1860,1840,-20
16750.jpg,1860,1877,17
16755.jpg,1860,1850,-10
16760.jpg,1860,1890,30
16765.jpg,1860,1880,20
16770.jpg,1860,1870,10
16775.jpg,1860,1880,20
16785.jpg,1860,1863,3
16790.jpg,1860,1886,26
16795.jpg,1860,1750,-110
16800.jpg,1860,1850,-10
16805.jpg,1860,1905,45
16810.jpg,1860,1890,30
16815.jpg,1860,1850,-10
16820.jpg,1860,1830,-30
16825.jpg,1860,1840,-20
16830.jpg,1860,1905,45
16835.jpg,1860,1910,50
16840.jpg,1860,1860,0
16845.jpg,1860,1870,10
16850.jpg,1860,1850,-10
16855.jpg,1860,1850,-10
16860.jpg,1860,1760,-100
16865.jpg,1860,1905,45
16870.jpg,1860,1850,-10
16875.jpg,1860,1840,-20
16880.jpg,1860,1830,-30
16885.jpg,1860,1850,-10
16890.jpg,1860,1860,0
16895.jpg,1860,1840,-20
16900.jpg,1860,1900,40
16905.jpg,1860,1840,-20
16910.jpg,1860,1850,-10
16915.jpg,1860,1890,30
16920.jpg,1860,1870,10
16925.jpg,1860,1850,-10
16930.jpg,1860,1876,16
16935.jpg,1860,1850,-10
16940.jpg,1860,1855,-5
16945.jpg,1860,1890,30
16950.jpg,1860,1855,-5
16955.jpg,1860,1840,-20
16960.jpg,1860,1850,-10
16965.jpg,1860,1874,14
16970.jpg,1860,1890,30
16975.jpg,1860,1875,15
16980.jpg,1860,1880,20
16985.jpg,1860,1880,20
16990.jpg,1860,1,-1859
16995.jpg,1860,1858,-2
17000.jpg,1860,1970,110
17005.jpg,1861,1903,42
17010.jpg,1861,1850,-11
17015.jpg,1861,1905,44
17025.jpg,1861,1840,-21
17030.jpg,1861,1887,26
17035.jpg,1861,1863,2
17040.jpg,1861,1720,-141
17045.jpg,1861,1720,-141
17050.jpg,1861,1830,-31
17055.jpg,1861,1872,11
17060.jpg,1861,1870,9
17065.jpg,1861,1867,6
17070.jpg,1861,1850,-11
17075.jpg,1861,1860,-1
17080.jpg,1861,1870,9
17085.jpg,1861,1910,49
17090.jpg,1861,1850,-11
17095.jpg,1861,1850,-11
17100.jpg,1861,1890,29
17105.jpg,1861,1830,-31
17110.jpg,1861,1870,9
17115.jpg,1861,1840,-21
17120.jpg,1861,1902,41
17125.jpg,1861,1850,-11
17130.jpg,1861,1870,9
17135.jpg,1861,1888,27
17140.jpg,1861,1890,29
17145.jpg,1861,1850,-11
17150.jpg,1861,1843,-18
17155.jpg,1861,1885,24
17160.jpg,1861,1850,-11
17165.jpg,1861,1876,15
17170.jpg,1861,1880,19
17175.jpg,1862,1875,13
17180.jpg,1862,1875,13
17185.jpg,1862,1850,-12
17190.jpg,1862,1880,18
17195.jpg,1862,2001,139
17200.jpg,1862,1861,-1
17205.jpg,1862,1955,93
17210.jpg,1862,1880,18
17215.jpg,1862,1875,13
17220.jpg,1862,1867,5
17225.jpg,1862,1860,-2
17230.jpg,1862,1890,28
17235.jpg,1862,1850,-12
17240.jpg,1862,1860,-2
17245.jpg,1862,1850,-12
17250.jpg,1862,1850,-12
17255.jpg,1862,1905,43
17260.jpg,1862,1790,-72
17265.jpg,1862,1820,-42
17270.jpg,1862,1920,58
17275.jpg,1862,1850,-12
17280.jpg,1862,1870,8
17285.jpg,1862,1890,28
17290.jpg,1862,1905,43
17295.jpg,1862,1905,43
17300.jpg,1862,1880,18
17305.jpg,1862,1910,48
17310.jpg,1862,1870,8
17315.jpg,1862,1880,18
17320.jpg,1862,1870,8
17325.jpg,1863,1880,17
17330.jpg,1863,1840,-23
17340.jpg,1863,1930,67
17345.jpg,1863,1900,37
17350.jpg,1863,1830,-33
17355.jpg,1863,1903,40
17365.jpg,1863,1930,67
17370.jpg,1863,1895,32
17375.jpg,1863,1870,7
17380.jpg,1863,1929,66
17385.jpg,1863,1930,67
17390.jpg,1863,1720,-143
17395.jpg,1863,1850,-13
17400.jpg,1863,1880,17
17405.jpg,1863,1885,22
17410.jpg,1863,1870,7
17415.jpg,1863,1870,7
17420.jpg,1863,1905,42
17425.jpg,1863,1820,-43
17430.jpg,1863,1870,7
17435.jpg,1863,1958,95
17440.jpg,1863,1850,-13
17445.jpg,1863,1888,25
17450.jpg,1863,1890,27
17455.jpg,1863,1870,7
17460.jpg,1863,1871,8
17465.jpg,1863,1890,27
17470.jpg,1863,1860,-3
17475.jpg,1863,1868,5
17480.jpg,1863,1890,27
17485.jpg,1864,1870,6
17490.jpg,1864,1895,31
17495.jpg,1864,1850,-14
17500.jpg,1864,1930,66
17505.jpg,1864,1910,46
17510.jpg,1864,1880,16
17515.jpg,1864,1850,-14
17520.jpg,1864,1935,71
17525.jpg,1864,1880,16
17530.jpg,1864,1875,11
17535.jpg,1864,2000,136
17540.jpg,1864,1860,-4
17545.jpg,1864,1860,-4
17550.jpg,1864,1589,-275
17555.jpg,1864,1850,-14
17560.jpg,1864,1870,6
17565.jpg,1864,1850,-14
17575.jpg,1864,1840,-24
17580.jpg,1864,1830,-34
17585.jpg,1864,1890,26
17590.jpg,1864,1970,106
17595.jpg,1864,1870,6
17600.jpg,1864,1860,-4
17605.jpg,1864,1840,-24
17610.jpg,1864,1890,26
17615.jpg,1864,1880,16
17620.jpg,1864,1850,-14
17625.jpg,1864,1932,68
17630.jpg,1864,1890,26
17635.jpg,1864,1905,41
17640.jpg,1864,1780,-84
17645.jpg,1864,1890,26
17650.jpg,1864,1880,16
17655.jpg,1864,1910,46
17660.jpg,1865,1870,5
17665.jpg,1865,1875,10
17670.jpg,1865,1928,63
17675.jpg,1865,1850,-15
17680.jpg,1865,1920,55
17690.jpg,1865,1910,45
17695.jpg,1865,1780,-85
17700.jpg,1865,1858,-7
17705.jpg,1865,1850,-15
17710.jpg,1865,1870,5
17715.jpg,1865,1878,13
17720.jpg,1865,1933,68
17725.jpg,1865,1880,15
17730.jpg,1865,1873,8
17735.jpg,1865,1780,-85
17745.jpg,1865,1868,3
17750.jpg,1865,1850,-15
17755.jpg,1865,1850,-15
17760.jpg,1865,1850,-15
17765.jpg,1865,1910,45
17770.jpg,1865,1840,-25
17775.jpg,1865,1885,20
17780.jpg,1865,1850,-15
17785.jpg,1865,1840,-25
17790.jpg,1865,1920,55
17795.jpg,1865,1890,25
17800.jpg,1865,1940,75
17805.jpg,1865,1905,40
17810.jpg,1865,1905,40
17815.jpg,1865,1890,25
17820.jpg,1865,1880,15
17825.jpg,1865,1870,5
17830.jpg,1865,1850,-15
17835.jpg,1865,1830,-35
17840.jpg,1865,1850,-15
17845.jpg,1865,1870,5
17850.jpg,1865,1880,15
17855.jpg,1865,1905,40
17860.jpg,1865,1870,5
17865.jpg,1865,1830,-35
17870.jpg,1865,1885,20
17875.jpg,1865,1890,25
17880.jpg,1865,1830,-35
17885.jpg,1865,1925,60
17890.jpg,1865,1780,-85
17895.jpg,1865,1930,65
17900.jpg,1865,1900,35
17905.jpg,1865,1850,-15
17910.jpg,1865,1850,-15
17915.jpg,1865,1870,5
17920.jpg,1865,1880,15
17930.jpg,1865,1875,10
17935.jpg,1866,1889,23
17940.jpg,1866,1870,4
17945.jpg,1866,1880,14
17950.jpg,1866,1870,4
17955.jpg,1866,1930,64
17960.jpg,1866,1880,14
17965.jpg,1866,1890,24
17970.jpg,1866,1840,-26
17975.jpg,1866,1870,4
17980.jpg,1866,1875,9
17985.jpg,1866,1850,-16
17990.jpg,1866,1880,14
17995.jpg,1866,1888,22
18000.jpg,1866,1900,34
18005.jpg,1866,1800,-66
18010.jpg,1866,1870,4
18015.jpg,1866,1955,89
18020.jpg,1866,1905,39
18025.jpg,1866,1850,-16
18030.jpg,1866,1850,-16
18035.jpg,1866,1870,4
18040.jpg,1866,1850,-16
18045.jpg,1866,1850,-16
18050.jpg,1866,1690,-176
18055.jpg,1866,1905,39
18060.jpg,1866,1880,14
18065.jpg,1866,1850,-16
18070.jpg,1866,1890,24
18075.jpg,1866,1760,-106
18080.jpg,1866,1850,-16
18085.jpg,1866,1910,44
18090.jpg,1866,1930,64
18095.jpg,1866,1850,-16
18100.jpg,1866,1929,63
18105.jpg,1866,1928,62
18110.jpg,1866,1901,35
18115.jpg,1866,1920,54
18120.jpg,1866,1840,-26
18125.jpg,1866,1878,12
18130.jpg,1866,1910,44
18135.jpg,1867,1870,3
18140.jpg,1867,1881,14
18145.jpg,1867,1910,43
18160.jpg,1867,1890,23
18165.jpg,1867,1850,-17
18170.jpg,1867,1880,13
18175.jpg,1867,1910,43
18180.jpg,1867,1935,68
18185.jpg,1867,1840,-27
18190.jpg,1867,1865,-2
18195.jpg,1867,1875,8
18200.jpg,1867,1910,43
18205.jpg,1867,1859,-8
18210.jpg,1867,1910,43
18215.jpg,1867,1908,41
18220.jpg,1867,1870,3
18225.jpg,1867,1905,38
18230.jpg,1867,1930,63
18235.jpg,1867,1950,83
18240.jpg,1867,1840,-27
18245.jpg,1867,1860,-7
18250.jpg,1867,1895,28
18255.jpg,1867,1930,63
18260.jpg,1867,1830,-37
18265.jpg,1867,1890,23
18270.jpg,1867,1870,3
18275.jpg,1867,1880,13
18280.jpg,1867,1905,38
18285.jpg,1867,1850,-17
18290.jpg,1867,1890,23
18295.jpg,1867,1850,-17
18300.jpg,1867,1913,46
18305.jpg,1867,1850,-17
18310.jpg,1867,1886,19
18315.jpg,1867,1850,-17
18320.jpg,1867,1850,-17
18325.jpg,1867,1850,-17
18330.jpg,1867,1885,18
18335.jpg,1867,1870,3
18340.jpg,1867,1890,23
18345.jpg,1867,1890,23
18350.jpg,1867,1874,7
18355.jpg,1867,1870,3
18360.jpg,1867,1870,3
18365.jpg,1868,1860,-8
18370.jpg,1868,1830,-38
18380.jpg,1868,1890,22
18385.jpg,1868,1888,20
18390.jpg,1868,1890,22
18395.jpg,1868,1930,62
18400.jpg,1868,1887,19
18405.jpg,1868,1890,22
18410.jpg,1868,1887,19
18415.jpg,1868,1870,2
18420.jpg,1868,1875,7
18425.jpg,1868,1876,8
18430.jpg,1868,1850,-18
18450.jpg,1868,1875,7
18455.jpg,1868,1820,-48
18460.jpg,1868,1850,-18
18465.jpg,1868,1885,17
18470.jpg,1868,1873,5
18475.jpg,1868,1900,32
18480.jpg,1868,1870,2
18485.jpg,1868,1870,2
18490.jpg,1868,1850,-18
18495.jpg,1868,1928,60
18500.jpg,1868,1880,12
18505.jpg,1868,1870,2
18510.jpg,1868,1870,2
18515.jpg,1868,1830,-38
18520.jpg,1868,1830,-38
18525.jpg,1868,1893,25
18530.jpg,1868,1830,-38
18535.jpg,1868,1855,-13
18540.jpg,1868,1910,42
18545.jpg,1868,1870,2
18550.jpg,1868,1870,2
18555.jpg,1868,1860,-8
18560.jpg,1868,1850,-18
18565.jpg,1868,1890,22
18570.jpg,1868,1890,22
18575.jpg,1868,1890,22
18580.jpg,1868,2003,135
18585.jpg,1868,1969,101
18590.jpg,1868,1905,37
18595.jpg,1868,1880,12
18600.jpg,1868,1898,30
18605.jpg,1868,1920,52
18610.jpg,1868,1850,-18
18615.jpg,1868,1888,20
18620.jpg,1869,1905,36
18625.jpg,1869,1869,0
18630.jpg,1869,1885,16
18635.jpg,1869,1890,21
18640.jpg,1869,1888,19
18645.jpg,1869,1880,11
18650.jpg,1869,1880,11
18655.jpg,1869,1848,-21
18660.jpg,1869,1884,15
18665.jpg,1869,1871,2
18670.jpg,1869,1905,36
18675.jpg,1869,1910,41
18680.jpg,1869,1875,6
18685.jpg,1869,1870,1
18690.jpg,1869,1860,-9
18695.jpg,1869,1870,1
18700.jpg,1869,1875,6
18710.jpg,1869,1905,36
18715.jpg,1869,1890,21
18720.jpg,1869,1870,1
18725.jpg,1869,1905,36
18730.jpg,1869,1860,-9
18735.jpg,1869,1870,1
18740.jpg,1869,1870,1
18745.jpg,1869,1893,24
18750.jpg,1869,1870,1
18755.jpg,1869,1850,-19
18760.jpg,1869,1870,1
18765.jpg,1869,1850,-19
18770.jpg,1869,1840,-29
18775.jpg,1869,1876,7
18780.jpg,1869,1890,21
18785.jpg,1869,1905,36
18790.jpg,1869,1905,36
18795.jpg,1869,1830,-39
18800.jpg,1869,1720,-149
18805.jpg,1869,1840,-29
18810.jpg,1869,1883,14
18815.jpg,1869,1880,11
18820.jpg,1869,1912,43
18825.jpg,1869,1880,11
18830.jpg,1869,1910,41
18835.jpg,1869,1928,59
18840.jpg,1870,1820,-50
18845.jpg,1870,1870,0
18850.jpg,1870,1888,18
18855.jpg,1870,1930,60
18860.jpg,1870,1890,20
18865.jpg,1870,1930,60
18870.jpg,1870,1870,0
18875.jpg,1870,1938,68
18880.jpg,1870,1925,55
18885.jpg,1870,1820,-50
18895.jpg,1870,1871,1
18900.jpg,1870,1865,-5
18905.jpg,1870,1870,0
18910.jpg,1870,1880,10
18915.jpg,1870,1898,28
18920.jpg,1870,1960,90
18925.jpg,1870,1872,2
18930.jpg,1870,1920,50
18935.jpg,1870,1880,10
18940.jpg,1870,1890,20
18945.jpg,1870,1930,60
18950.jpg,1870,1850,-20
18955.jpg,1870,1905,35
18960.jpg,1870,1895,25
18965.jpg,1870,1905,35
18970.jpg,1870,1860,-10
18980.jpg,1870,1890,20
18985.jpg,1870,1890,20
18990.jpg,1870,1890,20
18995.jpg,1870,1880,10
19000.jpg,1870,1870,0
19005.jpg,1870,1855,-15
19010.jpg,1870,1850,-20
19015.jpg,1870,1910,40
19020.jpg,1870,1870,0
19025.jpg,1870,1870,0
19030.jpg,1870,1910,40
19035.jpg,1870,1870,0
19040.jpg,1870,1750,-120
19045.jpg,1870,1830,-40
19050.jpg,1870,1870,0
19055.jpg,1870,1902,32
19060.jpg,1870,1875,5
19065.jpg,1870,1905,35
19070.jpg,1870,1870,0
19075.jpg,1870,1870,0
19080.jpg,1870,1880,10
19085.jpg,1870,1870,0
19090.jpg,1870,1880,10
19100.jpg,1870,1930,60
19105.jpg,1870,1870,0
19110.jpg,1870,1930,60
19115.jpg,1870,1875,5
19120.jpg,1870,1890,20
19125.jpg,1870,1920,50
19130.jpg,1870,1880,10
19135.jpg,1870,1830,-40
19140.jpg,1870,1890,20
19145.jpg,1871,1850,-21
19150.jpg,1871,1880,9
19155.jpg,1871,1880,9
19160.jpg,1871,1870,-1
19165.jpg,1871,1880,9
19170.jpg,1871,1871,0
19175.jpg,1871,1910,39
19180.jpg,1871,1885,14
19185.jpg,1871,1905,34
19190.jpg,1871,1880,9
19195.jpg,1871,1840,-31
19200.jpg,1871,1872,1
19205.jpg,1871,1968,97
19210.jpg,1871,1990,119
19215.jpg,1871,1886,15
19220.jpg,1871,1950,79
19225.jpg,1871,1874,3
19230.jpg,1871,1904,33
19235.jpg,1871,1886,15
19240.jpg,1871,1928,57
19245.jpg,1871,1870,-1
19250.jpg,1871,1870,-1
19255.jpg,1871,1850,-21
19260.jpg,1871,1920,49
19265.jpg,1871,1860,-11
19270.jpg,1871,1890,19
19275.jpg,1871,1890,19
19280.jpg,1871,1850,-21
19285.jpg,1871,1880,9
19290.jpg,1871,1870,-1
19295.jpg,1871,1880,9
19300.jpg,1871,1850,-21
19305.jpg,1871,1885,14
19310.jpg,1871,1925,54
19315.jpg,1871,1870,-1
19320.jpg,1871,1876,5
19325.jpg,1871,1905,34
19330.jpg,1871,1870,-1
19335.jpg,1871,1890,19
19340.jpg,1871,1885,14
19345.jpg,1871,1870,-1
19350.jpg,1871,1860,-11
19355.jpg,1871,1895,24
19360.jpg,1871,1890,19
19365.jpg,1871,1863,-8
19370.jpg,1871,1876,5
19375.jpg,1871,1870,-1
19380.jpg,1871,1870,-1
19385.jpg,1871,1870,-1
19390.jpg,1871,1888,17
19395.jpg,1872,1936,64
19400.jpg,1872,1890,18
19405.jpg,1872,1887,15
19410.jpg,1872,1870,-2
19415.jpg,1872,1880,8
19420.jpg,1872,1900,28
19425.jpg,1872,1930,58
19430.jpg,1872,1905,33
19435.jpg,1872,1901,29
19440.jpg,1872,1888,16
19445.jpg,1872,1905,33
19450.jpg,1872,1720,-152
19455.jpg,1872,1880,8
19460.jpg,1872,1890,18
19465.jpg,1872,1890,18
19470.jpg,1872,1870,-2
19475.jpg,1872,1888,16
19480.jpg,1872,1881,9
19485.jpg,1872,1881,9
19490.jpg,1872,1869,-3
19495.jpg,1872,1871,-1
19500.jpg,1872,1895,23
19505.jpg,1872,1860,-12
19510.jpg,1872,1900,28
19515.jpg,1872,1890,18
19520.jpg,1872,1830,-42
19525.jpg,1872,1870,-2
19530.jpg,1872,1880,8
19535.jpg,1872,1850,-22
19540.jpg,1872,1935,63
19545.jpg,1872,1905,33
19550.jpg,1872,1880,8
19555.jpg,1872,1880,8
19560.jpg,1872,1870,-2
19565.jpg,1872,1790,-82
19570.jpg,1872,1885,13
19575.jpg,1872,1880,8
19580.jpg,1872,1870,-2
19585.jpg,1872,1880,8
19590.jpg,1872,1880,8
19595.jpg,1872,1920,48
19600.jpg,1872,1850,-22
19605.jpg,1872,1870,-2
19610.jpg,1872,1880,8
19615.jpg,1872,1895,23
19620.jpg,1872,1888,16
19625.jpg,1872,1870,-2
19630.jpg,1872,1830,-42
19635.jpg,1872,1872,0
19640.jpg,1872,1903,31
19645.jpg,1872,1880,8
19655.jpg,1873,1880,7
19660.jpg,1873,1880,7
19665.jpg,1873,1950,77
19670.jpg,1873,1870,-3
19675.jpg,1873,1890,17
19680.jpg,1873,1850,-23
19685.jpg,1873,1880,7
19690.jpg,1873,1300,-573
19695.jpg,1873,1900,27
19700.jpg,1873,1880,7
19705.jpg,1873,1929,56
19710.jpg,1873,1910,37
19715.jpg,1873,1880,7
19720.jpg,1873,1901,28
19725.jpg,1873,1880,7
19730.jpg,1873,1872,-1
19735.jpg,1873,1860,-13
19740.jpg,1873,1985,112
19745.jpg,1873,1908,35
19750.jpg,1873,1880,7
19755.jpg,1873,1881,8
19760.jpg,1873,1880,7
19765.jpg,1873,1860,-13
19775.jpg,1873,1670,-203
19780.jpg,1873,1870,-3
19785.jpg,1873,1850,-23
19790.jpg,1873,1930,57
19795.jpg,1873,1870,-3
19800.jpg,1873,1720,-153
19805.jpg,1873,1840,-33
19810.jpg,1873,1890,17
19815.jpg,1873,1870,-3
19820.jpg,1873,1885,12
19825.jpg,1873,1890,17
19830.jpg,1873,1885,12
19835.jpg,1873,1850,-23
19840.jpg,1873,1925,52
19845.jpg,1873,1970,97
19850.jpg,1873,1870,-3
19855.jpg,1873,1850,-23
19860.jpg,1873,1870,-3
19865.jpg,1873,1870,-3
19870.jpg,1873,1885,12
19875.jpg,1873,1929,56
19880.jpg,1873,1888,15
19885.jpg,1873,1890,17
19890.jpg,1873,1870,-3
19895.jpg,1873,1972,99
19900.jpg,1873,1870,-3
19905.jpg,1873,1775,-98
19910.jpg,1873,1985,112
19915.jpg,1874,1889,15
19920.jpg,1874,1870,-4
19925.jpg,1874,1880,6
19930.jpg,1874,1890,16
19935.jpg,1874,1886,12
19945.jpg,1874,1880,6
19950.jpg,1874,1890,16
19955.jpg,1874,1910,36
19965.jpg,1874,1890,16
19970.jpg,1874,1874,0
19975.jpg,1874,1880,6
19980.jpg,1874,1888,14
19985.jpg,1874,1886,12
19990.jpg,1874,1937,63
19995.jpg,1874,1880,6
20000.jpg,1874,1931,57
20005.jpg,1874,1940,66
20010.jpg,1874,1885,11
20015.jpg,1874,1875,1
20020.jpg,1874,1870,-4
20025.jpg,1874,1886,12
20030.jpg,1874,1873,-1
20035.jpg,1874,1934,60
20040.jpg,1874,1886,12
20045.jpg,1874,1910,36
20050.jpg,1874,1870,-4
20055.jpg,1874,1880,6
20060.jpg,1874,1885,11
20065.jpg,1874,1870,-4
20070.jpg,1874,1890,16
20075.jpg,1874,1870,-4
20080.jpg,1874,1816,-58
20085.jpg,1874,1870,-4
20090.jpg,1874,1840,-34
20095.jpg,1874,1850,-24
20100.jpg,1874,1890,16
20110.jpg,1874,1870,-4
20115.jpg,1874,1885,11
20120.jpg,1874,1890,16
20125.jpg,1874,1905,31
20130.jpg,1874,1750,-124
20135.jpg,1874,1880,6
20145.jpg,1874,1850,-24
20150.jpg,1874,1905,31
20155.jpg,1874,1850,-24
20160.jpg,1874,1905,31
20165.jpg,1874,1870,-4
20170.jpg,1874,1885,11
20175.jpg,1874,1872,-2
20180.jpg,1874,1780,-94
20185.jpg,1874,1887,13
20190.jpg,1874,1880,6
20195.jpg,1874,1910,36
20205.jpg,1874,1860,-14
20210.jpg,1875,1893,18
20215.jpg,1875,1928,53
20220.jpg,1875,1840,-35
20230.jpg,1875,1880,5
20235.jpg,1875,1860,-15
20240.jpg,1875,1880,5
20245.jpg,1875,1830,-45
20250.jpg,1875,1900,25
20255.jpg,1875,1932,57
20260.jpg,1875,1902,27
20265.jpg,1875,1880,5
20270.jpg,1875,1889,14
20275.jpg,1875,1871,-4
20280.jpg,1875,1917,42
20285.jpg,1875,1905,30
20295.jpg,1875,1873,-2
20300.jpg,1875,1870,-5
20305.jpg,1875,1860,-15
20310.jpg,1875,1883,8
20315.jpg,1875,1907,32
20320.jpg,1875,1850,-25
20325.jpg,1875,1870,-5
20330.jpg,1875,1890,15
20335.jpg,1875,1890,15
20340.jpg,1875,1890,15
20345.jpg,1875,1870,-5
20350.jpg,1875,1905,30
20355.jpg,1875,1880,5
20360.jpg,1875,1870,-5
20365.jpg,1875,1890,15
20370.jpg,1875,1860,-15
20375.jpg,1875,1870,-5
20380.jpg,1875,1870,-5
20385.jpg,1875,1830,-45
20390.jpg,1875,1870,-5
20395.jpg,1875,1860,-15
20400.jpg,1875,1885,10
20405.jpg,1875,1850,-25
20410.jpg,1875,1950,75
20415.jpg,1875,1870,-5
20420.jpg,1875,1870,-5
20425.jpg,1875,1880,5
20430.jpg,1875,1850,-25
20435.jpg,1875,1440,-435
20440.jpg,1875,1830,-45
20445.jpg,1875,1840,-35
20450.jpg,1875,1870,-5
20455.jpg,1875,1840,-35
20460.jpg,1875,1928,53
20465.jpg,1875,1900,25
20470.jpg,1875,1850,-25
20480.jpg,1875,1903,28
20485.jpg,1875,1890,15
20490.jpg,1875,1830,-45
20495.jpg,1875,1885,10
20500.jpg,1876,1850,-26
20505.jpg,1876,1920,44
20510.jpg,1876,1910,34
20515.jpg,1876,1850,-26
20520.jpg,1876,1880,4
20525.jpg,1876,1572,-304
20530.jpg,1876,1905,29
20540.jpg,1876,2018,142
20545.jpg,1876,1892,16
20550.jpg,1876,1889,13
20555.jpg,1876,1871,-5
20560.jpg,1876,1780,-96
20565.jpg,1876,1890,14
20570.jpg,1876,1873,-3
20575.jpg,1876,1885,9
20580.jpg,1876,1928,52
20585.jpg,1876,1855,-21
20590.jpg,1876,1933,57
20595.jpg,1876,1890,14
20600.jpg,1876,1885,9
20605.jpg,1876,1855,-21
20610.jpg,1876,1900,24
20615.jpg,1876,1885,9
20620.jpg,1876,1890,14
20625.jpg,1876,1870,-6
20630.jpg,1876,1850,-26
20635.jpg,1876,1870,-6
20640.jpg,1876,1950,74
20645.jpg,1876,1885,9
20650.jpg,1876,1885,9
20655.jpg,1876,1875,-1
20660.jpg,1876,1875,-1
20665.jpg,1876,1885,9
20670.jpg,1876,1892,16
20675.jpg,1876,1720,-156
20680.jpg,1876,1880,4
20685.jpg,1876,1885,9
20690.jpg,1876,1880,4
20695.jpg,1876,1870,-6
20700.jpg,1876,1876,0
20705.jpg,1876,1885,9
20715.jpg,1876,1905,29
20720.jpg,1876,1870,-6
20725.jpg,1876,1880,4
20730.jpg,1877,1880,3
20735.jpg,1877,1885,8
20740.jpg,1877,1894,17
20745.jpg,1877,1870,-7
20750.jpg,1877,1910,33
20755.jpg,1877,1900,23
20760.jpg,1877,1930,53
20765.jpg,1877,1858,-19
20770.jpg,1877,1890,13
20775.jpg,1877,1875,-2
20780.jpg,1877,1760,-117
20785.jpg,1877,1910,33
20790.jpg,1877,1885,8
20795.jpg,1877,1885,8
20800.jpg,1877,1890,13
20805.jpg,1877,1890,13
20810.jpg,1877,1890,13
20815.jpg,1877,1850,-27
20820.jpg,1877,1905,28
20830.jpg,1877,1870,-7
20835.jpg,1877,1890,13
20840.jpg,1877,1885,8
20845.jpg,1877,1850,-27
20850.jpg,1877,1885,8
20855.jpg,1877,1875,-2
20860.jpg,1877,1905,28
20865.jpg,1877,1840,-37
20870.jpg,1877,1905,28
20875.jpg,1877,1885,8
20880.jpg,1877,1850,-27
20885.jpg,1877,1888,11
20890.jpg,1877,1876,-1
20895.jpg,1877,1860,-17
20900.jpg,1877,1885,8
20905.jpg,1877,1905,28
20910.jpg,1877,1885,8
20915.jpg,1877,1901,24
20925.jpg,1878,1903,25
20930.jpg,1878,1878,0
20935.jpg,1878,1877,-1
20940.jpg,1878,1925,47
20945.jpg,1878,1890,12
20950.jpg,1878,1905,27
20955.jpg,1878,1880,2
20960.jpg,1878,1930,52
20965.jpg,1878,1968,90
20970.jpg,1878,1886,8
20975.jpg,1878,1905,27
20980.jpg,1878,1910,32
20985.jpg,1878,1908,30
20990.jpg,1878,1859,-19
20995.jpg,1878,1861,-17
21000.jpg,1878,1870,-8
21005.jpg,1878,1885,7
21010.jpg,1878,1870,-8
21015.jpg,1878,1925,47
21020.jpg,1878,1830,-48
21025.jpg,1878,1870,-8
21030.jpg,1878,1890,12
21035.jpg,1878,1830,-48
21040.jpg,1878,1870,-8
21045.jpg,1878,1870,-8
21050.jpg,1878,1890,12
21055.jpg,1878,1850,-28
21060.jpg,1878,1850,-28
21065.jpg,1878,1905,27
21070.jpg,1878,1900,22
21075.jpg,1878,1870,-8
21080.jpg,1878,1890,12
21085.jpg,1878,1890,12
21090.jpg,1878,1905,27
21095.jpg,1878,1890,12
21100.jpg,1878,1895,17
21105.jpg,1878,1890,12
21110.jpg,1878,1885,7
21115.jpg,1878,1878,0
21120.jpg,1878,1906,28
21125.jpg,1878,2018,140
21130.jpg,1878,1888,10
21135.jpg,1878,1885,7
21140.jpg,1878,1887,9
21145.jpg,1878,1903,25
21150.jpg,1878,1903,25
21155.jpg,1878,1930,52
21160.jpg,1879,1965,86
21165.jpg,1879,1890,11
21170.jpg,1879,1862,-17
21175.jpg,1879,1905,26
21180.jpg,1879,1905,26
21185.jpg,1879,1900,21
21190.jpg,1879,1882,3
21195.jpg,1879,1888,9
21200.jpg,1879,1893,14
21205.jpg,1879,1938,59
21210.jpg,1879,1900,21
21215.jpg,1879,1880,1
21220.jpg,1879,1843,-36
21225.jpg,1879,1929,50
21230.jpg,1879,1868,-11
21235.jpg,1879,1859,-20
21240.jpg,1879,1880,1
21245.jpg,1879,1850,-29
21250.jpg,1879,1870,-9
21255.jpg,1879,1880,1
21260.jpg,1879,1870,-9
21265.jpg,1879,1895,16
21270.jpg,1879,1850,-29
21275.jpg,1879,1840,-39
21280.jpg,1879,1890,11
21285.jpg,1879,1880,1
21290.jpg,1879,1885,6
21295.jpg,1879,1850,-29
21300.jpg,1879,1890,11
21305.jpg,1879,1870,-9
21310.jpg,1879,1885,6
21315.jpg,1879,1870,-9
21320.jpg,1879,1850,-29
21325.jpg,1879,1885,6
21330.jpg,1879,1870,-9
21335.jpg,1879,1895,16
21340.jpg,1879,1905,26
21350.jpg,1879,1903,24
21355.jpg,1879,1898,19
21360.jpg,1879,1905,26
21365.jpg,1879,1910,31
21370.jpg,1879,1905,26
21375.jpg,1880,1880,0
21380.jpg,1880,1908,28
21385.jpg,1880,1890,10
21390.jpg,1880,1840,-40
21395.jpg,1880,1870,-10
21400.jpg,1880,1890,10
21405.jpg,1880,1880,0
21410.jpg,1880,1880,0
21415.jpg,1880,1905,25
21420.jpg,1880,1885,5
21425.jpg,1880,1880,0
21430.jpg,1880,1840,-40
21435.jpg,1880,1882,2
21440.jpg,1880,1892,12
21445.jpg,1880,1890,10
21450.jpg,1880,1900,20
21455.jpg,1880,1887,7
21460.jpg,1880,1888,8
21465.jpg,1880,1880,0
21470.jpg,1880,1888,8
21475.jpg,1880,1876,-4
21480.jpg,1880,1901,21
21485.jpg,1880,1868,-12
21490.jpg,1880,1883,3
21495.jpg,1880,1875,-5
21500.jpg,1880,1850,-30
21505.jpg,1880,1850,-30
21510.jpg,1880,1910,30
21515.jpg,1880,1860,-20
21520.jpg,1880,1840,-40
21530.jpg,1880,1890,10
21535.jpg,1880,1890,10
21540.jpg,1880,1860,-20
21545.jpg,1880,1895,15
21550.jpg,1880,1885,5
21555.jpg,1880,1870,-10
21560.jpg,1880,1870,-10
21565.jpg,1880,1850,-30
21570.jpg,1880,1910,30
21575.jpg,1880,1920,40
21580.jpg,1880,1870,-10
21585.jpg,1880,1880,0
21590.jpg,1880,1920,40
21595.jpg,1880,1895,15
21600.jpg,1880,1900,20
21605.jpg,1880,1895,15
21610.jpg,1880,1890,10
21615.jpg,1880,1890,10
21620.jpg,1880,1885,5
21625.jpg,1880,1885,5
21630.jpg,1880,1895,15
21635.jpg,1880,1890,10
21640.jpg,1880,1870,-10
21645.jpg,1880,1920,40
21650.jpg,1880,1920,40
21655.jpg,1880,1890,10
21660.jpg,1880,1875,-5
21665.jpg,1880,1880,0
21670.jpg,1880,1901,21
21675.jpg,1880,1900,20
21680.jpg,1880,1890,10
21685.jpg,1880,1780,-100
21690.jpg,1880,1905,25
21695.jpg,1880,1890,10
21700.jpg,1880,1890,10
21705.jpg,1880,1840,-40
21710.jpg,1881,1881,0
21715.jpg,1881,1880,-1
21720.jpg,1881,1920,39
21725.jpg,1881,1870,-11
21730.jpg,1881,1898,17
21735.jpg,1881,1900,19
21740.jpg,1881,1880,-1
21745.jpg,1881,1880,-1
21750.jpg,1881,1882,1
21755.jpg,1881,1930,49
21760.jpg,1881,1871,-10
21770.jpg,1881,1889,8
21775.jpg,1881,1887,6
21780.jpg,1881,1870,-11
21785.jpg,1881,1880,-1
21790.jpg,1881,1870,-11
21795.jpg,1881,1902,21
21800.jpg,1881,1895,14
21805.jpg,1881,1580,-301
21810.jpg,1881,1905,24
21815.jpg,1881,1895,14
21820.jpg,1881,1905,24
21825.jpg,1881,1890,9
21830.jpg,1881,1870,-11
21835.jpg,1881,1890,9
21840.jpg,1881,1850,-31
21845.jpg,1881,1920,39
21850.jpg,1881,1900,19
21855.jpg,1881,1885,4
21860.jpg,1881,1840,-41
21865.jpg,1881,1905,24
21870.jpg,1881,1870,-11
21875.jpg,1881,1890,9
21880.jpg,1881,1870,-11
21885.jpg,1881,1870,-11
21890.jpg,1881,1910,29
21895.jpg,1881,1888,7
21900.jpg,1881,1880,-1
21905.jpg,1881,1930,49
21910.jpg,1881,1892,11
21915.jpg,1881,1880,-1
21920.jpg,1881,1886,5
21925.jpg,1881,1920,39
21930.jpg,1881,1830,-51
21940.jpg,1881,1880,-1
21945.jpg,1882,1850,-32
21950.jpg,1882,1930,48
21955.jpg,1882,1905,23
21960.jpg,1882,1640,-242
21965.jpg,1882,1920,38
21970.jpg,1882,1930,48
21975.jpg,1882,1870,-12
21980.jpg,1882,1900,18
21985.jpg,1882,1880,-2
21990.jpg,1882,1880,-2
21995.jpg,1882,1905,23
22000.jpg,1882,1890,8
22005.jpg,1882,1888,6
22010.jpg,1882,1870,-12
22015.jpg,1882,1934,52
22020.jpg,1882,1905,23
22025.jpg,1882,1885,3
22030.jpg,1882,1905,23
22035.jpg,1882,1890,8
22040.jpg,1882,1880,-2
22045.jpg,1882,1905,23
22050.jpg,1882,1928,46
22055.jpg,1882,1870,-12
22060.jpg,1882,1870,-12
22065.jpg,1882,1840,-42
22070.jpg,1882,1920,38
22075.jpg,1882,1901,19
22080.jpg,1882,1890,8
22085.jpg,1882,1905,23
22090.jpg,1882,1890,8
22095.jpg,1882,1850,-32
22100.jpg,1882,1910,28
22105.jpg,1882,1870,-12
22110.jpg,1882,1880,-2
22115.jpg,1882,1895,13
22120.jpg,1882,1890,8
22125.jpg,1882,1850,-32
22130.jpg,1882,1890,8
22135.jpg,1882,1870,-12
22140.jpg,1882,1920,38
22145.jpg,1882,1965,83
22150.jpg,1882,1930,48
22155.jpg,1882,2004,122
22160.jpg,1882,1895,13
22165.jpg,1882,1971,89
22170.jpg,1882,1860,-22
22175.jpg,1882,1886,4
22180.jpg,1882,1910,28
22185.jpg,1882,1850,-32
22190.jpg,1882,1960,78
22195.jpg,1882,1912,30
22200.jpg,1882,1906,24
22205.jpg,1882,1880,-2
22210.jpg,1882,1875,-7
22215.jpg,1883,1860,-23
22220.jpg,1883,1880,-3
22225.jpg,1883,1906,23
22230.jpg,1883,1888,5
22235.jpg,1883,1892,9
22240.jpg,1883,1880,-3
22245.jpg,1883,1890,7
22250.jpg,1883,1890,7
22255.jpg,1883,1850,-33
22260.jpg,1883,1893,10
22265.jpg,1883,1885,2
22270.jpg,1883,1930,47
22275.jpg,1883,1900,17
22280.jpg,1883,1883,0
22285.jpg,1883,1905,22
22290.jpg,1883,1780,-103
22295.jpg,1883,1880,-3
22300.jpg,1883,1912,29
22305.jpg,1883,1932,49
22310.jpg,1883,1878,-5
22315.jpg,1883,1875,-8
22320.jpg,1883,1870,-13
22325.jpg,1883,1870,-13
22330.jpg,1883,1890,7
22335.jpg,1883,1905,22
22340.jpg,1883,1890,7
22345.jpg,1883,1885,2
22350.jpg,1883,1880,-3
22355.jpg,1883,1880,-3
22360.jpg,1883,1888,5
22365.jpg,1883,1890,7
22370.jpg,1883,1890,7
22375.jpg,1883,1870,-13
22380.jpg,1883,1895,12
22385.jpg,1883,1925,42
22390.jpg,1883,1910,27
22395.jpg,1883,1905,22
22400.jpg,1883,1870,-13
22405.jpg,1883,1890,7
22410.jpg,1883,1895,12
22415.jpg,1883,1850,-33
22420.jpg,1883,1850,-33
22425.jpg,1883,1895,12
22430.jpg,1883,1885,2
22435.jpg,1883,1895,12
22440.jpg,1883,1880,-3
22445.jpg,1883,1890,7
22450.jpg,1883,1875,-8
22455.jpg,1883,1880,-3
22460.jpg,1883,1916,33
22465.jpg,1883,1870,-13
22470.jpg,1883,1880,-3
22475.jpg,1883,1905,22
22485.jpg,1883,1890,7
22490.jpg,1883,1895,12
22495.jpg,1883,1880,-3
22500.jpg,1883,1890,7
22505.jpg,1883,1890,7
22510.jpg,1884,1888,4
22515.jpg,1884,1877,-7
22520.jpg,1884,1905,21
22525.jpg,1884,1910,26
22530.jpg,1884,1880,-4
22535.jpg,1884,1905,21
22540.jpg,1884,1880,-4
22545.jpg,1884,1890,6
22550.jpg,1884,1890,6
22555.jpg,1884,1925,41
22560.jpg,1884,1871,-13
22565.jpg,1884,1870,-14
22570.jpg,1884,1998,114
22575.jpg,1884,1880,-4
22580.jpg,1884,1920,36
22585.jpg,1884,1890,6
22590.jpg,1884,1905,21
22595.jpg,1884,1890,6
22600.jpg,1884,1880,-4
22605.jpg,1884,1875,-9
22610.jpg,1884,1895,11
22615.jpg,1884,1895,11
22620.jpg,1884,1895,11
22625.jpg,1884,1870,-14
22630.jpg,1884,1870,-14
22635.jpg,1884,1890,6
22640.jpg,1884,1870,-14
22645.jpg,1884,1890,6
22650.jpg,1884,1870,-14
22655.jpg,1884,1905,21
22665.jpg,1884,1920,36
22670.jpg,1884,1830,-54
22675.jpg,1884,1895,11
22680.jpg,1884,1925,41
22685.jpg,1884,1870,-14
22690.jpg,1884,1890,6
22695.jpg,1884,1890,6
22700.jpg,1884,1905,21
22705.jpg,1884,1895,11
22710.jpg,1884,1890,6
22715.jpg,1884,1884,0
22720.jpg,1884,1884,0
22730.jpg,1884,1910,26
22735.jpg,1884,1870,-14
22740.jpg,1884,1989,105
22745.jpg,1884,1890,6
22750.jpg,1884,1885,1
22755.jpg,1884,1902,18
22760.jpg,1884,1910,26
22765.jpg,1884,1920,36
22770.jpg,1884,1890,6
22775.jpg,1884,1888,4
22780.jpg,1885,1895,10
22785.jpg,1885,1901,16
22790.jpg,1885,1895,10
22795.jpg,1885,1870,-15
22800.jpg,1885,1840,-45
22805.jpg,1885,1895,10
22810.jpg,1885,1880,-5
22815.jpg,1885,1890,5
22820.jpg,1885,1905,20
22825.jpg,1885,1938,53
22830.jpg,1885,1860,-25
22835.jpg,1885,1933,48
22840.jpg,1885,1875,-10
22850.jpg,1885,1950,65
22855.jpg,1885,1910,25
22860.jpg,1885,1870,-15
22865.jpg,1885,1870,-15
22870.jpg,1885,1900,15
22875.jpg,1885,1890,5
22880.jpg,1885,1905,20
22885.jpg,1885,1890,5
22890.jpg,1885,1905,20
22895.jpg,1885,1905,20
22900.jpg,1885,1905,20
22905.jpg,1885,1910,25
22910.jpg,1885,1890,5
22915.jpg,1885,1910,25
22920.jpg,1885,1904,19
22925.jpg,1885,1870,-15
22930.jpg,1885,1925,40
22935.jpg,1885,1880,-5
22940.jpg,1885,1910,25
22945.jpg,1885,1890,5
22950.jpg,1885,1925,40
22955.jpg,1885,1895,10
22960.jpg,1885,1965,80
22965.jpg,1885,1890,5
22970.jpg,1885,1905,20
22975.jpg,1885,1888,3
22980.jpg,1885,1920,35
22985.jpg,1885,1850,-35
22990.jpg,1885,1910,25
22995.jpg,1885,1895,10
23000.jpg,1885,1820,-65
23005.jpg,1885,1890,5
23015.jpg,1885,1850,-35
23020.jpg,1885,1925,40
23025.jpg,1885,1890,5
23030.jpg,1885,1895,10
23035.jpg,1885,1920,35
23040.jpg,1885,1886,1
23045.jpg,1885,1845,-40
23050.jpg,1885,1950,65
23055.jpg,1885,1905,20
23060.jpg,1885,1886,1
23065.jpg,1885,1880,-5
23070.jpg,1885,1900,15
23075.jpg,1885,1890,5
23080.jpg,1885,1900,15
23085.jpg,1886,1900,14
23090.jpg,1886,1890,4
23095.jpg,1886,1885,-1
23100.jpg,1886,1888,2
23105.jpg,1886,1913,27
23110.jpg,1886,1798,-88
23115.jpg,1886,1850,-36
23120.jpg,1886,1840,-46
23125.jpg,1886,1928,42
23130.jpg,1886,1975,89
23135.jpg,1886,1930,44
23140.jpg,1886,1972,86
23145.jpg,1886,1905,19
23150.jpg,1886,1927,41
23155.jpg,1886,1870,-16
23160.jpg,1886,1885,-1
23165.jpg,1886,1840,-46
23170.jpg,1886,1885,-1
23175.jpg,1886,1890,4
23180.jpg,1886,1905,19
23185.jpg,1886,1910,24
23190.jpg,1886,1886,0
23195.jpg,1886,1905,19
23200.jpg,1886,1903,17
23205.jpg,1886,1905,19
23210.jpg,1886,1893,7
23215.jpg,1886,1870,-16
23220.jpg,1886,1890,4
23225.jpg,1886,1885,-1
23230.jpg,1886,1890,4
23235.jpg,1886,1905,19
23240.jpg,1886,1905,19
23245.jpg,1886,1885,-1
23250.jpg,1886,1935,49
23255.jpg,1886,1850,-36
23260.jpg,1886,1905,19
23265.jpg,1886,1910,24
23275.jpg,1886,1850,-36
23280.jpg,1886,1910,24
23285.jpg,1886,1905,19
23290.jpg,1886,1995,109
23295.jpg,1886,1910,24
23300.jpg,1886,1905,19
23305.jpg,1886,1850,-36
23310.jpg,1886,1905,19
23315.jpg,1886,1885,-1
23320.jpg,1886,1905,19
23325.jpg,1886,1886,0
23330.jpg,1886,1902,16
23335.jpg,1886,1900,14
23340.jpg,1886,1928,42
23345.jpg,1886,1890,4
23350.jpg,1886,1900,14
23355.jpg,1886,1898,12
23365.jpg,1886,1750,-136
23370.jpg,1886,1893,7
23375.jpg,1887,1930,43
23380.jpg,1887,1941,54
23385.jpg,1887,1890,3
23390.jpg,1887,1928,41
23395.jpg,1887,1890,3
23400.jpg,1887,1890,3
23410.jpg,1887,1890,3
23415.jpg,1887,1905,18
23420.jpg,1887,1890,3
23425.jpg,1887,1900,13
23430.jpg,1887,1910,23
23440.jpg,1887,1870,-17
23445.jpg,1887,1893,6
23450.jpg,1887,1880,-7
23460.jpg,1887,1887,0
23465.jpg,1887,1870,-17
23470.jpg,1887,1910,23
23475.jpg,1887,1850,-37
23480.jpg,1887,1895,8
23485.jpg,1887,1885,-2
23490.jpg,1887,1850,-37
23495.jpg,1887,1910,23
23500.jpg,1887,1920,33
23505.jpg,1887,1870,-17
23510.jpg,1887,1870,-17
23515.jpg,1887,1910,23
23520.jpg,1887,1890,3
23525.jpg,1887,1905,18
23535.jpg,1887,1905,18
23540.jpg,1887,1905,18
23545.jpg,1887,1920,33
23550.jpg,1887,1901,14
23555.jpg,1887,1905,18
23560.jpg,1887,1910,23
23565.jpg,1887,1850,-37
23570.jpg,1887,1910,23
23575.jpg,1887,1888,1
23580.jpg,1887,1885,-2
23585.jpg,1887,1905,18
23590.jpg,1887,1970,83
23595.jpg,1887,1905,18
23600.jpg,1887,1870,-17
23605.jpg,1887,1905,18
23610.jpg,1887,1872,-15
23615.jpg,1887,1881,-6
23620.jpg,1887,1905,18
23625.jpg,1887,1890,3
23630.jpg,1887,1905,18
23635.jpg,1887,1890,3
23640.jpg,1887,1890,3
23645.jpg,1887,1880,-7
23650.jpg,1887,1885,-2
23660.jpg,1887,1905,18
23665.jpg,1887,1890,3
23670.jpg,1887,1880,-7
23675.jpg,1887,1896,9
23680.jpg,1887,1930,43
23690.jpg,1887,1890,3
23695.jpg,1887,1888,1
23700.jpg,1888,1880,-8
23705.jpg,1888,1910,22
23710.jpg,1888,1905,17
23715.jpg,1888,1910,22
23720.jpg,1888,1965,77
23725.jpg,1888,1890,2
23730.jpg,1888,1895,7
23735.jpg,1888,1910,22
23740.jpg,1888,1880,-8
23745.jpg,1888,1888,0
23750.jpg,1888,1888,0
23755.jpg,1888,1910,22
23760.jpg,1888,1870,-18
23765.jpg,1888,1870,-18
23770.jpg,1888,2010,122
23775.jpg,1888,1950,62
23790.jpg,1888,1902,14
23795.jpg,1888,1890,2
23800.jpg,1888,1898,10
23805.jpg,1888,1905,17
23810.jpg,1888,1890,2
23815.jpg,1888,1885,-3
23820.jpg,1888,1870,-18
23825.jpg,1888,1930,42
23830.jpg,1888,1906,18
23835.jpg,1888,1890,2
23840.jpg,1888,1890,2
23850.jpg,1888,1905,17
23855.jpg,1888,1910,22
23860.jpg,1888,1905,17
23865.jpg,1888,1850,-38
23870.jpg,1888,1850,-38
23875.jpg,1888,1905,17
23880.jpg,1888,1910,22
23885.jpg,1888,1895,7
23890.jpg,1888,1890,2
23895.jpg,1888,1895,7
23900.jpg,1888,1870,-18
23905.jpg,1888,1885,-3
23910.jpg,1888,1925,37
23915.jpg,1888,1920,32
23920.jpg,1888,1905,17
23925.jpg,1888,1895,7
23930.jpg,1888,1928,40
23935.jpg,1888,1830,-58
23940.jpg,1888,1912,24
23945.jpg,1888,1880,-8
23950.jpg,1888,1905,17
23955.jpg,1888,1888,0
23960.jpg,1888,1905,17
23965.jpg,1888,1905,17
23970.jpg,1888,1900,12
23975.jpg,1888,1885,-3
23980.jpg,1888,1890,2
23985.jpg,1888,1912,24
23990.jpg,1888,1888,0
23995.jpg,1888,1929,41
24000.jpg,1888,1905,17
24005.jpg,1888,1910,22
24010.jpg,1888,1903,15
24015.jpg,1888,1930,42
24020.jpg,1888,1930,42
24025.jpg,1888,1910,22
24030.jpg,1888,1890,2
24035.jpg,1888,1911,23
24040.jpg,1888,1960,72
24050.jpg,1889,1910,21
24055.jpg,1889,1870,-19
24060.jpg,1889,1890,1
24065.jpg,1889,1890,1
24070.jpg,1889,1900,11
24075.jpg,1889,1910,21
24080.jpg,1889,1890,1
24085.jpg,1889,1890,1
24090.jpg,1889,1892,3
24095.jpg,1889,1895,6
24105.jpg,1889,1900,11
24110.jpg,1889,1888,-1
24115.jpg,1889,1893,4
24120.jpg,1889,1871,-18
24125.jpg,1889,1902,13
24130.jpg,1889,1890,1
24135.jpg,1889,1880,-9
24140.jpg,1889,1925,36
24145.jpg,1889,1935,46
24150.jpg,1889,1936,47
24155.jpg,1889,1904,15
24160.jpg,1889,1905,16
24165.jpg,1889,1895,6
24170.jpg,1889,1888,-1
24175.jpg,1889,1935,46
24180.jpg,1889,1905,16
24185.jpg,1889,1905,16
24190.jpg,1889,1890,1
24195.jpg,1889,1885,-4
24200.jpg,1889,1905,16
24205.jpg,1889,1905,16
24210.jpg,1889,1890,1
24215.jpg,1889,1880,-9
24220.jpg,1889,1895,6
24225.jpg,1889,1870,-19
24230.jpg,1889,1895,6
24235.jpg,1889,1902,13
24240.jpg,1889,1885,-4
24245.jpg,1889,1910,21
24250.jpg,1889,1885,-4
24255.jpg,1889,1889,0
24260.jpg,1889,1920,31
24265.jpg,1889,1895,6
24270.jpg,1889,1895,6
24275.jpg,1889,1885,-4
24280.jpg,1889,1905,16
24285.jpg,1889,1905,16
24290.jpg,1889,1893,4
24295.jpg,1889,1910,21
24300.jpg,1889,1905,16
24310.jpg,1889,1895,6
24315.jpg,1889,1890,1
24320.jpg,1889,1900,11
24330.jpg,1889,1830,-59
24335.jpg,1889,1910,21
24340.jpg,1889,1935,46
24345.jpg,1889,1890,1
24350.jpg,1889,1905,16
24355.jpg,1889,1895,6
24360.jpg,1889,1910,21
24365.jpg,1889,1905,16
24370.jpg,1889,1888,-1
24375.jpg,1889,1930,41
24380.jpg,1889,1905,16
24385.jpg,1889,1890,1
24390.jpg,1889,1880,-9
24395.jpg,1890,1880,-10
24400.jpg,1890,1888,-2
24405.jpg,1890,1910,20
24410.jpg,1890,1897,7
24415.jpg,1890,1895,5
24420.jpg,1890,1850,-40
24425.jpg,1890,1905,15
24430.jpg,1890,1880,-10
24435.jpg,1890,1880,-10
24440.jpg,1890,1899,9
24445.jpg,1890,1942,52
24450.jpg,1890,1890,0
24455.jpg,1890,1890,0
24460.jpg,1890,1880,-10
24465.jpg,1890,1900,10
24470.jpg,1890,1928,38
24475.jpg,1890,1909,19
24480.jpg,1890,1905,15
24485.jpg,1890,1890,0
24490.jpg,1890,1893,3
24495.jpg,1890,1881,-9
24500.jpg,1890,1851,-39
24505.jpg,1890,1875,-15
24510.jpg,1890,1872,-18
24515.jpg,1890,1886,-4
24520.jpg,1890,1910,20
24525.jpg,1890,1880,-10
24535.jpg,1890,1905,15
24540.jpg,1890,1905,15
24545.jpg,1890,1905,15
24550.jpg,1890,1890,0
24555.jpg,1890,1890,0
24560.jpg,1890,1890,0
24565.jpg,1890,1895,5
24570.jpg,1890,1890,0
24575.jpg,1890,1900,10
24580.jpg,1890,1910,20
24585.jpg,1890,1893,3
24590.jpg,1890,1905,15
24595.jpg,1890,1888,-2
24600.jpg,1890,1885,-5
24605.jpg,1890,1900,10
24610.jpg,1890,1905,15
24615.jpg,1890,1905,15
24620.jpg,1890,1970,80
24625.jpg,1890,1895,5
24630.jpg,1890,1890,0
24635.jpg,1890,1910,20
24640.jpg,1890,1885,-5
24645.jpg,1890,1890,0
24650.jpg,1890,1890,0
24655.jpg,1890,1890,0
24660.jpg,1890,1905,15
24665.jpg,1890,1905,15
24670.jpg,1890,1910,20
24675.jpg,1890,1895,5
24680.jpg,1890,1905,15
24685.jpg,1890,1895,5
24690.jpg,1890,1925,35
24695.jpg,1890,1905,15
24700.jpg,1890,1890,0
24705.jpg,1890,1910,20
24710.jpg,1890,1920,30
24715.jpg,1890,1898,8
24720.jpg,1890,1892,2
24725.jpg,1890,1850,-40
24730.jpg,1890,1880,-10
24735.jpg,1890,1910,20
24740.jpg,1890,1910,20
24745.jpg,1890,1885,-5
24750.jpg,1890,1960,70
24755.jpg,1890,1895,5
24760.jpg,1890,1890,0
24765.jpg,1890,1950,60
24770.jpg,1890,1880,-10
24775.jpg,1891,1820,-71
24780.jpg,1891,1905,14
24785.jpg,1891,1897,6
24790.jpg,1891,1920,29
24795.jpg,1891,1905,14
24800.jpg,1891,1910,19
24805.jpg,1891,1910,19
24810.jpg,1891,1908,17
24815.jpg,1891,1970,79
24820.jpg,1891,1890,-1
24825.jpg,1891,1890,-1
24830.jpg,1891,1910,19
24835.jpg,1891,1890,-1
24840.jpg,1891,1900,9
24845.jpg,1891,1915,24
24850.jpg,1891,1935,44
24855.jpg,1891,1985,94
24860.jpg,1891,1910,19
24865.jpg,1891,1888,-3
24870.jpg,1891,1934,43
24875.jpg,1891,1882,-9
24880.jpg,1891,1925,34
24885.jpg,1891,1895,4
24890.jpg,1891,1887,-4
24895.jpg,1891,1895,4
24900.jpg,1891,1890,-1
24905.jpg,1891,1890,-1
24910.jpg,1891,1890,-1
24915.jpg,1891,1893,2
24920.jpg,1891,1920,29
24925.jpg,1891,1875,-16
24930.jpg,1891,1820,-71
24935.jpg,1891,1890,-1
24940.jpg,1891,1905,14
24945.jpg,1891,1840,-51
24950.jpg,1891,1850,-41
24955.jpg,1891,1855,-36
24960.jpg,1891,1905,14
24965.jpg,1891,1920,29
24970.jpg,1891,1890,-1
24975.jpg,1891,1905,14
24980.jpg,1891,1890,-1
24985.jpg,1891,1850,-41
24990.jpg,1891,1895,4
24995.jpg,1891,1886,-5
25000.jpg,1891,1885,-6
25005.jpg,1891,1890,-1
25010.jpg,1891,1870,-21
25015.jpg,1891,1900,9
25020.jpg,1891,1923,32
25025.jpg,1891,1880,-11
25030.jpg,1891,1905,14
25035.jpg,1891,1215,-676
25040.jpg,1891,1886,-5
25045.jpg,1891,1890,-1
25050.jpg,1891,1929,38
25055.jpg,1891,1885,-6
25060.jpg,1891,1900,9
25065.jpg,1891,1850,-41
25070.jpg,1891,1885,-6
25075.jpg,1891,1889,-2
25080.jpg,1891,1905,14
25085.jpg,1891,1880,-11
25090.jpg,1891,1970,79
25095.jpg,1892,1905,13
25100.jpg,1892,1999,107
25105.jpg,1892,1987,95
25115.jpg,1892,1920,28
25120.jpg,1892,1870,-22
25125.jpg,1892,1870,-22
25130.jpg,1892,1920,28
25135.jpg,1892,1904,12
25140.jpg,1892,1890,-2
25145.jpg,1892,1890,-2
25150.jpg,1892,1930,38
25155.jpg,1892,1902,10
25160.jpg,1892,1920,28
25165.jpg,1892,1900,8
25170.jpg,1892,1905,13
25175.jpg,1892,1900,8
25180.jpg,1892,1930,38
25185.jpg,1892,1875,-17
25190.jpg,1892,1880,-12
25195.jpg,1892,1900,8
25205.jpg,1892,1910,18
25210.jpg,1892,1905,13
25215.jpg,1892,1895,3
25220.jpg,1892,1905,13
25225.jpg,1892,1850,-42
25230.jpg,1892,1910,18
25235.jpg,1892,1905,13
25240.jpg,1892,1890,-2
25245.jpg,1892,1890,-2
25250.jpg,1892,1910,18
25255.jpg,1892,1925,33
25260.jpg,1892,1905,13
25265.jpg,1892,1885,-7
25270.jpg,1892,1905,13
25275.jpg,1892,1905,13
25280.jpg,1892,1910,18
25285.jpg,1892,1910,18
25290.jpg,1892,1880,-12
25295.jpg,1892,1895,3
25300.jpg,1892,1890,-2
25305.jpg,1892,1890,-2
25310.jpg,1892,1920,28
25315.jpg,1892,1905,13
25320.jpg,1892,1890,-2
25325.jpg,1892,1902,10
25330.jpg,1892,1910,18
25335.jpg,1892,1885,-7
25340.jpg,1892,1900,8
25345.jpg,1892,1924,32
25350.jpg,1892,1910,18
25355.jpg,1892,1905,13
25360.jpg,1892,1930,38
25365.jpg,1892,1895,3
25370.jpg,1892,1910,18
25375.jpg,1892,1885,-7
25380.jpg,1892,1890,-2
25385.jpg,1892,1860,-32
25390.jpg,1892,1840,-52
25395.jpg,1892,1930,38
25400.jpg,1892,1936,44
25405.jpg,1892,1905,13
25410.jpg,1892,1910,18
25415.jpg,1892,1870,-22
25420.jpg,1892,1885,-7
25425.jpg,1892,1880,-12
25430.jpg,1892,1880,-12
25435.jpg,1892,1905,13
25440.jpg,1892,1920,28
25445.jpg,1892,1889,-3
25450.jpg,1892,1890,-2
25455.jpg,1892,1890,-2
25460.jpg,1892,1910,18
25465.jpg,1893,1720,-173
25470.jpg,1893,1905,12
25475.jpg,1893,1906,13
25480.jpg,1893,1930,37
25490.jpg,1893,1936,43
25495.jpg,1893,1895,2
25500.jpg,1893,1905,12
25505.jpg,1893,1895,2
25510.jpg,1893,1910,17
25515.jpg,1893,1895,2
25520.jpg,1893,1895,2
25525.jpg,1893,1925,32
25530.jpg,1893,1920,27
25535.jpg,1893,1935,42
25540.jpg,1893,1890,-3
25545.jpg,1893,1905,12
25555.jpg,1893,1860,-33
25560.jpg,1893,1886,-7
25565.jpg,1893,1887,-6
25570.jpg,1893,1920,27
25575.jpg,1893,1890,-3
25580.jpg,1893,1920,27
25585.jpg,1893,1895,2
25590.jpg,1893,1905,12
25595.jpg,1893,1850,-43
25600.jpg,1893,1905,12
25605.jpg,1893,1910,17
25610.jpg,1893,1905,12
25615.jpg,1893,1905,12
25620.jpg,1893,1640,-253
25625.jpg,1893,1905,12
25630.jpg,1893,1905,12
25635.jpg,1893,1895,2
25640.jpg,1893,1910,17
25645.jpg,1893,1898,5
25650.jpg,1893,1905,12
25655.jpg,1893,1895,2
25660.jpg,1893,1900,7
25665.jpg,1893,1905,12
25670.jpg,1893,1905,12
25675.jpg,1893,1905,12
25680.jpg,1893,1880,-13
25685.jpg,1893,1870,-23
25690.jpg,1893,1910,17
25695.jpg,1893,1870,-23
25700.jpg,1893,1905,12
25705.jpg,1893,1920,27
25710.jpg,1893,1890,-3
25715.jpg,1893,1905,12
25720.jpg,1893,1890,-3
25725.jpg,1893,1930,37
25730.jpg,1893,1905,12
25740.jpg,1893,1888,-5
25745.jpg,1893,1905,12
25750.jpg,1893,1895,2
25755.jpg,1893,1891,-2
25760.jpg,1893,1890,-3
25765.jpg,1893,1902,9
25770.jpg,1893,1910,17
25775.jpg,1893,1905,12
25780.jpg,1893,1890,-3
25785.jpg,1893,1928,35
25795.jpg,1893,1892,-1
25800.jpg,1893,1895,2
25805.jpg,1894,1872,-22
25810.jpg,1894,1880,-14
25815.jpg,1894,1890,-4
25820.jpg,1894,1895,1
25825.jpg,1894,1910,16
25830.jpg,1894,1890,-4
25835.jpg,1894,1895,1
25840.jpg,1894,1895,1
25845.jpg,1894,1896,2
25850.jpg,1894,1890,-4
25855.jpg,1894,1903,9
25860.jpg,1894,1903,9
25865.jpg,1894,1910,16
25870.jpg,1894,1880,-14
25875.jpg,1894,1900,6
25880.jpg,1894,1911,17
25885.jpg,1894,1875,-19
25890.jpg,1894,1895,1
25895.jpg,1894,1906,12
25900.jpg,1894,1910,16
25905.jpg,1894,1905,11
25910.jpg,1894,1905,11
25915.jpg,1894,1928,34
25920.jpg,1894,1885,-9
25925.jpg,1894,1905,11
25930.jpg,1894,1910,16
25935.jpg,1894,1895,1
25940.jpg,1894,1905,11
25945.jpg,1894,1890,-4
25950.jpg,1894,1850,-44
25955.jpg,1894,1890,-4
25960.jpg,1894,1895,1
25965.jpg,1894,1888,-6
25970.jpg,1894,1920,26
25975.jpg,1894,1905,11
25980.jpg,1894,1880,-14
25985.jpg,1894,1910,16
25990.jpg,1894,2008,114
25995.jpg,1894,1890,-4
26000.jpg,1894,1890,-4
26005.jpg,1894,1895,1
26010.jpg,1894,1895,1
26015.jpg,1894,1880,-14
26020.jpg,1894,1985,91
26025.jpg,1894,1895,1
26030.jpg,1894,1850,-44
26035.jpg,1894,1905,11
26040.jpg,1894,1920,26
26045.jpg,1894,1870,-24
26050.jpg,1894,1890,-4
26055.jpg,1894,1895,1
26060.jpg,1894,1925,31
26065.jpg,1894,1890,-4
26070.jpg,1894,1928,34
26075.jpg,1894,1896,2
26085.jpg,1894,1905,11
26090.jpg,1894,1892,-2
26095.jpg,1894,1878,-16
26100.jpg,1894,1910,16
26105.jpg,1894,1870,-24
26110.jpg,1894,1903,9
26115.jpg,1894,1905,11
26120.jpg,1894,1905,11
26125.jpg,1895,1928,33
26130.jpg,1895,1970,75
26135.jpg,1895,1893,-2
26140.jpg,1895,1925,30
26145.jpg,1895,1910,15
26150.jpg,1895,1890,-5
26155.jpg,1895,1870,-25
26160.jpg,1895,1901,6
26165.jpg,1895,1911,16
26170.jpg,1895,1892,-3
26175.jpg,1895,1910,15
26180.jpg,1895,1920,25
26185.jpg,1895,1890,-5
26190.jpg,1895,1880,-15
26195.jpg,1895,1871,-24
26200.jpg,1895,1905,10
26205.jpg,1895,1886,-9
26210.jpg,1895,1927,32
26215.jpg,1895,1900,5
26220.jpg,1895,1905,10
26225.jpg,1895,1905,10
26230.jpg,1895,1890,-5
26235.jpg,1895,1910,15
26240.jpg,1895,1960,65
26245.jpg,1895,1720,-175
26250.jpg,1895,1890,-5
26255.jpg,1895,1910,15
26260.jpg,1895,1895,0
26265.jpg,1895,1850,-45
26270.jpg,1895,1855,-40
26275.jpg,1895,1890,-5
26280.jpg,1895,1905,10
26285.jpg,1895,1905,10
26290.jpg,1895,1905,10
26295.jpg,1895,1872,-23
26300.jpg,1895,1905,10
26305.jpg,1895,1905,10
26310.jpg,1895,1890,-5
26315.jpg,1895,1885,-10
26320.jpg,1895,1905,10
26325.jpg,1895,1905,10
26330.jpg,1895,1880,-15
26335.jpg,1895,1905,10
26340.jpg,1895,1890,-5
26345.jpg,1895,1880,-15
26350.jpg,1895,1905,10
26355.jpg,1895,1925,30
26360.jpg,1895,1905,10
26365.jpg,1895,1905,10
26370.jpg,1895,1890,-5
26375.jpg,1895,1895,0
26380.jpg,1895,1905,10
26385.jpg,1895,1880,-15
26390.jpg,1895,1898,3
26395.jpg,1895,1897,2
26405.jpg,1895,1905,10
26410.jpg,1895,1903,8
26415.jpg,1895,1899,4
26420.jpg,1895,1920,25
26425.jpg,1895,1885,-10
26430.jpg,1895,1912,17
26435.jpg,1895,1905,10
26440.jpg,1895,1920,25
26445.jpg,1895,1889,-6
26450.jpg,1895,1910,15
26455.jpg,1895,1910,15
26460.jpg,1895,1912,17
26465.jpg,1895,1901,6
26470.jpg,1895,1900,5
26475.jpg,1895,1905,10
26480.jpg,1895,1890,-5
26485.jpg,1895,1890,-5
26490.jpg,1896,1902,6
26495.jpg,1896,1905,9
26500.jpg,1896,1905,9
26505.jpg,1896,1890,-6
26510.jpg,1896,1920,24
26515.jpg,1896,1905,9
26520.jpg,1896,1888,-8
26525.jpg,1896,1901,5
26530.jpg,1896,1930,34
26535.jpg,1896,1910,14
26540.jpg,1896,1888,-8
26545.jpg,1896,1880,-16
26550.jpg,1896,1930,34
26555.jpg,1896,1905,9
26560.jpg,1896,1875,-21
26565.jpg,1896,1940,44
26570.jpg,1896,1897,1
26575.jpg,1896,1885,-11
26580.jpg,1896,1895,-1
26585.jpg,1896,1920,24
26590.jpg,1896,1895,-1
26595.jpg,1896,1925,29
26600.jpg,1896,1910,14
26605.jpg,1896,1890,-6
26610.jpg,1896,1890,-6
26620.jpg,1896,1870,-26
26625.jpg,1896,1900,4
26630.jpg,1896,1905,9
26635.jpg,1896,1890,-6
26640.jpg,1896,1895,-1
26645.jpg,1896,1905,9
26650.jpg,1896,1905,9
26655.jpg,1896,1910,14
26665.jpg,1896,1895,-1
26670.jpg,1896,1890,-6
26675.jpg,1896,1880,-16
26680.jpg,1896,1905,9
26685.jpg,1896,1895,-1
26690.jpg,1896,1925,29
26695.jpg,1896,1905,9
26700.jpg,1896,1890,-6
26705.jpg,1896,1885,-11
26710.jpg,1896,1905,9
26715.jpg,1896,1890,-6
26720.jpg,1896,1870,-26
26725.jpg,1896,1880,-16
26730.jpg,1896,1905,9
26735.jpg,1896,1830,-66
26740.jpg,1896,1880,-16
26745.jpg,1896,1840,-56
26750.jpg,1896,1904,8
26760.jpg,1896,1930,34
26765.jpg,1896,1910,14
26770.jpg,1896,1910,14
26775.jpg,1896,1915,19
26780.jpg,1896,1910,14
26785.jpg,1896,1910,14
26790.jpg,1896,1890,-6
26795.jpg,1896,1895,-1
26800.jpg,1896,1985,89
26805.jpg,1896,1879,-17
26810.jpg,1896,1920,24
26815.jpg,1896,1871,-25
26820.jpg,1896,1893,-3
26825.jpg,1896,1886,-10
26830.jpg,1896,1897,1
26835.jpg,1896,1910,14
26840.jpg,1896,2010,114
26845.jpg,1897,1938,41
26850.jpg,1897,1911,14
26855.jpg,1897,1890,-7
26860.jpg,1897,1890,-7
26865.jpg,1897,1928,31
26870.jpg,1897,1905,8
26875.jpg,1897,1890,-7
26880.jpg,1897,1910,13
26885.jpg,1897,1908,11
26890.jpg,1897,1870,-27
26895.jpg,1897,1895,-2
26900.jpg,1897,1890,-7
26910.jpg,1897,1880,-17
26915.jpg,1897,1910,13
26920.jpg,1897,1890,-7
26925.jpg,1897,1880,-17
26930.jpg,1897,1872,-25
26935.jpg,1897,1905,8
26940.jpg,1897,1905,8
26945.jpg,1897,1920,23
26950.jpg,1897,1905,8
26955.jpg,1897,1880,-17
26960.jpg,1897,1895,-2
26965.jpg,1897,1910,13
26970.jpg,1897,1840,-57
26975.jpg,1897,1910,13
26980.jpg,1897,1885,-12
26985.jpg,1897,1895,-2
26990.jpg,1897,1905,8
26995.jpg,1897,1895,-2
27000.jpg,1897,1905,8
27005.jpg,1897,1905,8
27010.jpg,1897,1905,8
27015.jpg,1897,1880,-17
27020.jpg,1897,1895,-2
27025.jpg,1897,1900,3
27030.jpg,1897,1905,8
27035.jpg,1897,1880,-17
27040.jpg,1897,1905,8
27045.jpg,1897,1905,8
27050.jpg,1897,1920,23
27055.jpg,1897,1895,-2
27060.jpg,1897,1900,3
27065.jpg,1897,1905,8
27070.jpg,1897,1925,28
27075.jpg,1897,1898,1
27080.jpg,1897,1897,0
27085.jpg,1897,1915,18
27090.jpg,1897,1890,-7
27095.jpg,1897,1890,-7
27100.jpg,1897,1895,-2
27105.jpg,1897,1880,-17
27110.jpg,1897,1922,25
27115.jpg,1897,1970,73
27120.jpg,1897,1902,5
27125.jpg,1897,1908,11
27130.jpg,1897,1985,88
27135.jpg,1897,1880,-17
27140.jpg,1897,1830,-67
27145.jpg,1897,1890,-7
27150.jpg,1897,1922,25
27155.jpg,1898,1908,10
27160.jpg,1898,1907,9
27165.jpg,1898,1890,-8
27170.jpg,1898,1885,-13
27175.jpg,1898,1910,12
27180.jpg,1898,1893,-5
27185.jpg,1898,1910,12
27190.jpg,1898,1902,4
27195.jpg,1898,1910,12
27200.jpg,1898,1960,62
27205.jpg,1898,1904,6
27210.jpg,1898,1925,27
27215.jpg,1898,1928,30
27220.jpg,1898,1925,27
27225.jpg,1898,1910,12
27230.jpg,1898,1910,12
27235.jpg,1898,1905,7
27240.jpg,1898,1880,-18
27245.jpg,1898,1910,12
27255.jpg,1898,1888,-10
27260.jpg,1898,1860,-38
27265.jpg,1898,1905,7
27270.jpg,1898,1905,7
27275.jpg,1898,1890,-8
27280.jpg,1898,1820,-78
27285.jpg,1898,1888,-10
27290.jpg,1898,1880,-18
27295.jpg,1898,1890,-8
27300.jpg,1898,1875,-23
27305.jpg,1898,1930,32
27310.jpg,1898,1928,30
27315.jpg,1898,1910,12
27320.jpg,1898,1905,7
27325.jpg,1898,1910,12
27330.jpg,1898,1903,5
27335.jpg,1898,1905,7
27340.jpg,1898,1905,7
27345.jpg,1898,1910,12
27350.jpg,1898,1859,-39
27355.jpg,1898,1905,7
27360.jpg,1898,1890,-8
27365.jpg,1898,1890,-8
27370.jpg,1898,1890,-8
27380.jpg,1898,1895,-3
27385.jpg,1898,1850,-48
27390.jpg,1898,1910,12
27395.jpg,1898,1890,-8
27400.jpg,1898,1905,7
27405.jpg,1898,1870,-28
27410.jpg,1898,1905,7
27415.jpg,1898,1825,-73
27420.jpg,1898,1910,12
27425.jpg,1898,1905,7
27430.jpg,1898,1902,4
27435.jpg,1898,1890,-8
27440.jpg,1898,1894,-4
27445.jpg,1898,1912,14
27450.jpg,1898,1905,7
27455.jpg,1898,1962,64
27465.jpg,1898,1910,12
27470.jpg,1898,1905,7
27475.jpg,1898,1912,14
27480.jpg,1898,1889,-9
27485.jpg,1898,1890,-8
27490.jpg,1898,1877,-21
27495.jpg,1898,1883,-15
27500.jpg,1898,1927,29
27505.jpg,1898,1890,-8
27510.jpg,1898,1896,-2
27515.jpg,1898,1880,-18
27520.jpg,1898,1908,10
27525.jpg,1898,1890,-8
27530.jpg,1898,1905,7
27540.jpg,1899,1899,0
27545.jpg,1899,1950,51
27550.jpg,1899,1850,-49
27555.jpg,1899,1890,-9
27560.jpg,1899,1903,4
27565.jpg,1899,1888,-11
27570.jpg,1899,1650,-249
27575.jpg,1899,1905,6
27580.jpg,1899,1910,11
27585.jpg,1899,1910,11
27590.jpg,1899,1920,21
27595.jpg,1899,1906,7
27600.jpg,1899,1886,-13
27605.jpg,1899,1910,11
27610.jpg,1899,1955,56
27615.jpg,1899,1875,-24
27620.jpg,1899,1908,9
27625.jpg,1899,1885,-14
27630.jpg,1899,1910,11
27635.jpg,1899,1895,-4
27640.jpg,1899,1905,6
27645.jpg,1899,1915,16
27650.jpg,1899,1890,-9
27655.jpg,1899,1905,6
27660.jpg,1899,1905,6
27665.jpg,1899,1888,-11
27670.jpg,1899,1905,6
27675.jpg,1899,1905,6
27680.jpg,1899,1902,3
27685.jpg,1899,1910,11
27690.jpg,1899,1910,11
27695.jpg,1899,1905,6
27700.jpg,1899,1895,-4
27705.jpg,1899,1905,6
27715.jpg,1899,1905,6
27720.jpg,1899,1905,6
27725.jpg,1899,1905,6
27730.jpg,1899,1920,21
27735.jpg,1899,1910,11
27740.jpg,1899,1890,-9
27745.jpg,1899,1905,6
27750.jpg,1899,1904,5
27755.jpg,1899,1890,-9
27760.jpg,1899,1900,1
27765.jpg,1899,1905,6
27770.jpg,1899,1910,11
27775.jpg,1899,1880,-19
27780.jpg,1899,1920,21
27785.jpg,1899,1905,6
27790.jpg,1899,1903,4
27795.jpg,1899,1928,29
27800.jpg,1899,1870,-29
27805.jpg,1899,1885,-14
27810.jpg,1900,1850,-50
27815.jpg,1900,1888,-12
27820.jpg,1900,1912,12
27825.jpg,1900,1901,1
27830.jpg,1900,1888,-12
27835.jpg,1900,1930,30
27840.jpg,1900,1905,5
27845.jpg,1900,1870,-30
27850.jpg,1900,1880,-20
27855.jpg,1900,1905,5
27860.jpg,1900,1902,2
27865.jpg,1900,1888,-12
27870.jpg,1900,1890,-10
27875.jpg,1900,1916,16
27880.jpg,1900,1911,11
27885.jpg,1900,1905,5
27895.jpg,1900,1880,-20
27900.jpg,1900,1925,25
27905.jpg,1900,1910,10
27910.jpg,1900,1840,-60
27915.jpg,1900,1890,-10
27920.jpg,1900,1932,32
27925.jpg,1900,1940,40
27930.jpg,1900,1930,30
27935.jpg,1900,1930,30
27940.jpg,1900,1879,-21
27945.jpg,1900,1900,0
27950.jpg,1900,1906,6
27955.jpg,1900,1902,2
27960.jpg,1900,1890,-10
27965.jpg,1900,1960,60
27970.jpg,1900,1890,-10
27975.jpg,1900,1895,-5
27980.jpg,1900,1905,5
27985.jpg,1900,1925,25
27990.jpg,1900,1920,20
27995.jpg,1900,1905,5
28000.jpg,1900,1910,10
28005.jpg,1900,1910,10
28010.jpg,1900,1905,5
28015.jpg,1900,1850,-50
28020.jpg,1900,1905,5
28025.jpg,1900,1905,5
28030.jpg,1900,1905,5
28035.jpg,1900,1870,-30
28040.jpg,1900,1905,5
28045.jpg,1900,1920,20
28050.jpg,1900,1910,10
28055.jpg,1900,1910,10
28060.jpg,1900,1905,5
28065.jpg,1900,1905,5
28070.jpg,1900,1905,5
28075.jpg,1900,1890,-10
28080.jpg,1900,1910,10
28085.jpg,1900,1880,-20
28090.jpg,1900,1935,35
28095.jpg,1900,1770,-130
28100.jpg,1900,1928,28
28105.jpg,1900,1905,5
28110.jpg,1900,1905,5
28115.jpg,1900,1895,-5
28120.jpg,1900,1879,-21
28125.jpg,1900,1877,-23
28130.jpg,1900,1880,-20
28135.jpg,1900,1885,-15
28140.jpg,1900,1886,-14
28145.jpg,1900,1840,-60
28150.jpg,1900,1950,50
28155.jpg,1900,1840,-60
28160.jpg,1900,1930,30
28165.jpg,1900,1936,36
28170.jpg,1900,1890,-10
28175.jpg,1900,1934,34
28180.jpg,1901,1870,-31
28185.jpg,1901,1920,19
28190.jpg,1901,1907,6
28195.jpg,1901,1910,9
28200.jpg,1901,1938,37
28205.jpg,1901,1890,-11
28210.jpg,1901,1910,9
28215.jpg,1901,1910,9
28220.jpg,1901,1905,4
28225.jpg,1901,1895,-6
28230.jpg,1901,1935,34
28235.jpg,1901,1890,-11
28240.jpg,1901,1905,4
28245.jpg,1901,1910,9
28250.jpg,1901,1895,-6
28255.jpg,1901,1870,-31
28260.jpg,1901,1910,9
28265.jpg,1901,1902,1
28270.jpg,1901,1910,9
28275.jpg,1901,1920,19
28280.jpg,1901,1890,-11
28285.jpg,1901,1935,34
28290.jpg,1901,1880,-21
28295.jpg,1901,1921,20
28300.jpg,1901,1881,-20
28305.jpg,1901,1910,9
28310.jpg,1901,1903,2
28315.jpg,1901,1910,9
28320.jpg,1901,1895,-6
28325.jpg,1901,1905,4
28330.jpg,1901,1905,4
28335.jpg,1901,1910,9
28340.jpg,1901,1902,1
28345.jpg,1901,1905,4
28350.jpg,1901,1905,4
28355.jpg,1901,1890,-11
28360.jpg,1901,1890,-11
28365.jpg,1901,1895,-6
28370.jpg,1901,1840,-61
28375.jpg,1901,1890,-11
28380.jpg,1901,1895,-6
28385.jpg,1901,1925,24
28390.jpg,1901,1910,9
28395.jpg,1901,1905,4
28400.jpg,1901,1855,-46
28405.jpg,1901,1880,-21
28410.jpg,1901,1930,29
28415.jpg,1901,1905,4
28420.jpg,1901,1905,4
28425.jpg,1901,1985,84
28430.jpg,1901,1912,11
28435.jpg,1901,1895,-6
28440.jpg,1901,1905,4
28445.jpg,1901,1909,8
28450.jpg,1901,1850,-51
28455.jpg,1901,1870,-31
28460.jpg,1901,1928,27
28465.jpg,1901,1896,-5
28470.jpg,1901,1905,4
28475.jpg,1901,1905,4
28480.jpg,1901,1920,19
28485.jpg,1901,1904,3
28490.jpg,1901,1910,9
28495.jpg,1901,1930,29
28500.jpg,1901,1910,9
28505.jpg,1901,1930,29
28510.jpg,1901,1910,9
28515.jpg,1901,1880,-21
28520.jpg,1902,1887,-15
28525.jpg,1902,1905,3
28530.jpg,1902,1903,1
28535.jpg,1902,1910,8
28540.jpg,1902,1935,33
28545.jpg,1902,1960,58
28550.jpg,1902,1935,33
28555.jpg,1902,1905,3
28560.jpg,1902,1905,3
28575.jpg,1902,1920,18
28580.jpg,1902,1905,3
28585.jpg,1902,1890,-12
28590.jpg,1902,1916,14
28595.jpg,1902,1908,6
28600.jpg,1902,1930,28
28605.jpg,1902,1936,34
28610.jpg,1902,1910,8
28615.jpg,1902,1905,3
28620.jpg,1902,1920,18
28625.jpg,1902,1920,18
28630.jpg,1902,1900,-2
28635.jpg,1902,1920,18
28640.jpg,1902,1910,8
28645.jpg,1902,1870,-32
28650.jpg,1902,1848,-54
28655.jpg,1902,1840,-62
28660.jpg,1902,1905,3
28665.jpg,1902,1928,26
28670.jpg,1902,1906,4
28675.jpg,1902,1927,25
28680.jpg,1902,1300,-602
28685.jpg,1902,1890,-12
28690.jpg,1902,1902,0
28695.jpg,1902,1905,3
28700.jpg,1902,1910,8
28705.jpg,1902,1902,0
28710.jpg,1902,1890,-12
28715.jpg,1902,1890,-12
28720.jpg,1902,1910,8
28725.jpg,1902,1905,3
28730.jpg,1902,1925,23
28735.jpg,1902,1928,26
28740.jpg,1902,1905,3
28745.jpg,1902,1909,7
28750.jpg,1902,1905,3
28755.jpg,1902,1905,3
28760.jpg,1902,1909,7
28765.jpg,1902,1830,-72
28770.jpg,1902,1905,3
28775.jpg,1902,1905,3
28780.jpg,1902,1890,-12
28785.jpg,1902,1900,-2
28790.jpg,1902,1905,3
28795.jpg,1902,1905,3
28800.jpg,1902,1895,-7
28805.jpg,1902,1920,18
28810.jpg,1902,1870,-32
28815.jpg,1902,1905,3
28820.jpg,1902,1905,3
28825.jpg,1902,1905,3
28830.jpg,1902,1870,-32
28835.jpg,1902,1905,3
28840.jpg,1902,1905,3
28845.jpg,1902,1910,8
28850.jpg,1902,1898,-4
28855.jpg,1902,1905,3
28860.jpg,1902,1910,8
28865.jpg,1902,1896,-6
28870.jpg,1902,1930,28
28875.jpg,1902,1948,46
28880.jpg,1902,1930,28
28885.jpg,1902,1865,-37
28890.jpg,1902,1920,18
28895.jpg,1902,1910,8
28900.jpg,1902,1985,83
28905.jpg,1902,1909,7
28910.jpg,1902,1907,5
28915.jpg,1902,1880,-22
28920.jpg,1903,1853,-50
28925.jpg,1903,1905,2
28930.jpg,1903,1905,2
28935.jpg,1903,1927,24
28940.jpg,1903,1925,22
28945.jpg,1903,1924,21
28955.jpg,1903,1909,6
28960.jpg,1903,1880,-23
28965.jpg,1903,1910,7
28970.jpg,1903,1905,2
28975.jpg,1903,1880,-23
28980.jpg,1903,1890,-13
28985.jpg,1903,1902,-1
28990.jpg,1903,1912,9
28995.jpg,1903,1972,69
29000.jpg,1903,1925,22
29005.jpg,1903,1916,13
29010.jpg,1903,1910,7
29015.jpg,1903,1928,25
29020.jpg,1903,1910,7
29025.jpg,1903,1925,22
29030.jpg,1903,1912,9
29035.jpg,1903,1930,27
29040.jpg,1903,1915,12
29045.jpg,1903,1910,7
29050.jpg,1903,2011,108
29055.jpg,1903,1910,7
29060.jpg,1903,1900,-3
29065.jpg,1903,1905,2
29070.jpg,1903,1910,7
29075.jpg,1903,1982,79
29080.jpg,1903,1965,62
29085.jpg,1903,1906,3
29090.jpg,1903,1875,-28
29095.jpg,1903,1910,7
29100.jpg,1903,1950,47
29105.jpg,1903,1887,-16
29110.jpg,1903,1934,31
29115.jpg,1903,1859,-44
29120.jpg,1903,1910,7
29125.jpg,1903,1890,-13
29130.jpg,1903,1900,-3
29135.jpg,1903,1850,-53
29140.jpg,1903,1905,2
29145.jpg,1903,1925,22
29150.jpg,1903,1910,7
29155.jpg,1903,1902,-1
29160.jpg,1903,1895,-8
29165.jpg,1903,1905,2
29170.jpg,1903,1925,22
29175.jpg,1903,1902,-1
29180.jpg,1903,1890,-13
29185.jpg,1903,1920,17
29190.jpg,1903,1905,2
29195.jpg,1903,1870,-33
29200.jpg,1903,1905,2
29205.jpg,1903,1930,27
29210.jpg,1903,1905,2
29215.jpg,1903,1910,7
29220.jpg,1903,1910,7
29225.jpg,1903,1905,2
29230.jpg,1903,1905,2
29235.jpg,1903,1910,7
29240.jpg,1903,1920,17
29245.jpg,1903,1920,17
29250.jpg,1903,1896,-7
29255.jpg,1903,1902,-1
29260.jpg,1903,1925,22
29265.jpg,1903,1925,22
29270.jpg,1903,1903,0
29275.jpg,1903,1928,25
29280.jpg,1903,1895,-8
29285.jpg,1903,1900,-3
29290.jpg,1903,1902,-1
29295.jpg,1903,1903,0
29300.jpg,1903,1990,87
29305.jpg,1903,1870,-33
29310.jpg,1903,1850,-53
29315.jpg,1903,1938,35
29320.jpg,1903,1930,27
29325.jpg,1903,1928,25
29330.jpg,1903,1928,25
29335.jpg,1903,1900,-3
29340.jpg,1903,1910,7
29345.jpg,1903,1905,2
29350.jpg,1903,1936,33
29355.jpg,1903,1930,27
29360.jpg,1903,1888,-15
29365.jpg,1903,1910,7
29370.jpg,1903,1915,12
29375.jpg,1903,1870,-33
29380.jpg,1904,1860,-44
29385.jpg,1904,1909,5
29390.jpg,1904,1889,-15
29395.jpg,1904,1990,86
29400.jpg,1904,1926,22
29405.jpg,1904,1900,-4
29410.jpg,1904,1994,90
29415.jpg,1904,1935,31
29420.jpg,1904,1910,6
29425.jpg,1904,1930,26
29430.jpg,1904,1902,-2
29435.jpg,1904,1880,-24
29440.jpg,1904,1910,6
29445.jpg,1904,1910,6
29450.jpg,1904,1910,6
29455.jpg,1904,1922,18
29460.jpg,1904,1900,-4
29465.jpg,1904,1930,26
29470.jpg,1904,2003,99
29475.jpg,1904,1914,10
29480.jpg,1904,2018,114
29485.jpg,1904,1922,18
29490.jpg,1904,1910,6
29495.jpg,1904,1890,-14
29500.jpg,1904,1985,81
29505.jpg,1904,1890,-14
29510.jpg,1904,1908,4
29515.jpg,1904,1915,11
29520.jpg,1904,1910,6
29525.jpg,1904,1925,21
29530.jpg,1904,1902,-2
29535.jpg,1904,1910,6
29540.jpg,1904,1905,1
29550.jpg,1904,1848,-56
29555.jpg,1904,1932,28
29560.jpg,1904,1930,26
29565.jpg,1904,1893,-11
29570.jpg,1904,1928,24
29575.jpg,1904,1905,1
29580.jpg,1904,1910,6
29585.jpg,1904,1905,1
29590.jpg,1904,1910,6
29595.jpg,1904,1925,21
29600.jpg,1904,1910,6
29605.jpg,1904,1905,1
29610.jpg,1904,1895,-9
29615.jpg,1904,1910,6
29620.jpg,1904,1910,6
29625.jpg,1904,1905,1
29630.jpg,1904,1910,6
29635.jpg,1904,1929,25
29640.jpg,1904,1850,-54
29645.jpg,1904,1876,-28
29650.jpg,1904,1902,-2
29655.jpg,1904,1910,6
29660.jpg,1904,1926,22
29665.jpg,1904,1925,21
29670.jpg,1904,1905,1
29675.jpg,1904,1901,-3
29680.jpg,1904,1896,-8
29685.jpg,1904,1910,6
29690.jpg,1904,1880,-24
29695.jpg,1904,1920,16
29700.jpg,1904,1910,6
29705.jpg,1904,1905,1
29710.jpg,1904,1895,-9
29715.jpg,1904,1910,6
29720.jpg,1904,1880,-24
29725.jpg,1904,1930,26
29730.jpg,1904,1895,-9
29735.jpg,1904,1900,-4
29740.jpg,1904,1910,6
29745.jpg,1904,1925,21
29750.jpg,1904,1905,1
29755.jpg,1904,1890,-14
29760.jpg,1904,1930,26
29765.jpg,1904,1870,-34
29770.jpg,1904,1908,4
29775.jpg,1904,1950,46
29780.jpg,1904,1904,0
29790.jpg,1904,1910,6
29795.jpg,1904,1890,-14
29800.jpg,1904,1910,6
29805.jpg,1904,1935,31
29810.jpg,1904,1890,-14
29815.jpg,1904,1895,-9
29820.jpg,1904,1910,6
29825.jpg,1904,1888,-16
29830.jpg,1905,1910,5
29835.jpg,1905,1930,25
29840.jpg,1905,1900,-5
29845.jpg,1905,1930,25
29850.jpg,1905,1953,48
29855.jpg,1905,1927,22
29860.jpg,1905,2010,105
29865.jpg,1905,1925,20
29870.jpg,1905,1870,-35
29875.jpg,1905,1910,5
29880.jpg,1905,1890,-15
29885.jpg,1905,1910,5
29890.jpg,1905,1840,-65
29895.jpg,1905,1905,0
29900.jpg,1905,1912,7
29905.jpg,1905,1910,5
29910.jpg,1905,1912,7
29915.jpg,1905,1905,0
29920.jpg,1905,1923,18
29925.jpg,1905,1915,10
29930.jpg,1905,1908,3
29935.jpg,1905,1910,5
29940.jpg,1905,1890,-15
29945.jpg,1905,1914,9
29950.jpg,1905,1930,25
29960.jpg,1905,1900,-5
29965.jpg,1905,1880,-25
29970.jpg,1905,1900,-5
29975.jpg,1905,1920,15
29980.jpg,1905,1928,23
29985.jpg,1905,1909,4
29990.jpg,1905,1890,-15
29995.jpg,1905,1890,-15
30000.jpg,1905,1880,-25
30005.jpg,1905,1910,5
30015.jpg,1905,1875,-30
30020.jpg,1905,1930,25
30025.jpg,1905,1890,-15
30030.jpg,1905,1876,-29
30035.jpg,1905,1910,5
30040.jpg,1905,1930,25
30045.jpg,1905,1880,-25
30050.jpg,1905,1920,15
30055.jpg,1905,1910,5
30060.jpg,1905,1905,0
30065.jpg,1905,1905,0
30070.jpg,1905,1910,5
30075.jpg,1905,1880,-25
30080.jpg,1905,1905,0
30085.jpg,1905,1955,50
30090.jpg,1905,1850,-55
30095.jpg,1905,1905,0
30100.jpg,1905,1790,-115
30105.jpg,1905,1890,-15
30110.jpg,1905,1930,25
30115.jpg,1905,1880,-25
30120.jpg,1905,1830,-75
30125.jpg,1905,1910,5
30130.jpg,1905,1830,-75
30135.jpg,1905,1910,5
30140.jpg,1905,1915,10
30145.jpg,1905,1910,5
30155.jpg,1905,1905,0
30160.jpg,1905,1910,5
30165.jpg,1905,1840,-65
30170.jpg,1905,1905,0
30175.jpg,1905,1760,-145
30180.jpg,1905,1930,25
30185.jpg,1905,1915,10
30190.jpg,1905,1905,0
30195.jpg,1905,1890,-15
30200.jpg,1905,1928,23
30205.jpg,1905,1990,85
30210.jpg,1905,1667,-238
30215.jpg,1905,1910,5
30220.jpg,1905,1905,0
30225.jpg,1905,1900,-5
30230.jpg,1905,1970,65
30235.jpg,1905,1895,-10
30240.jpg,1905,1910,5
30245.jpg,1905,1905,0
30250.jpg,1905,1880,-25
30255.jpg,1905,1910,5
30260.jpg,1905,1910,5
30265.jpg,1905,1840,-65
30270.jpg,1905,1955,50
30275.jpg,1905,1905,0
30280.jpg,1905,1880,-25
30285.jpg,1905,1910,5
30290.jpg,1905,1885,-20
30295.jpg,1906,1905,-1
30300.jpg,1906,1887,-19
30305.jpg,1906,1928,22
30310.jpg,1906,1908,2
30315.jpg,1906,1913,7
30320.jpg,1906,1960,54
30325.jpg,1906,1960,54
30330.jpg,1906,1840,-66
30335.jpg,1906,1900,-6
30340.jpg,1906,1928,22
30345.jpg,1906,1935,29
30350.jpg,1906,1930,24
30355.jpg,1906,1955,49
30360.jpg,1906,1902,-4
30365.jpg,1906,1902,-4
30370.jpg,1906,1910,4
30375.jpg,1906,1906,0
30380.jpg,1906,1911,5
30385.jpg,1906,1905,-1
30390.jpg,1906,1910,4
30395.jpg,1906,1905,-1
30400.jpg,1906,1928,22
30405.jpg,1906,1890,-16
30410.jpg,1906,1910,4
30415.jpg,1906,1910,4
30420.jpg,1906,1890,-16
30425.jpg,1906,1910,4
30430.jpg,1906,1880,-26
30435.jpg,1906,1910,4
30440.jpg,1906,1990,84
30445.jpg,1906,1816,-90
30450.jpg,1906,1898,-8
30455.jpg,1906,1905,-1
30460.jpg,1906,1968,62
30465.jpg,1906,1912,6
30470.jpg,1906,1850,-56
30475.jpg,1906,1905,-1
30480.jpg,1906,1909,3
30485.jpg,1906,1905,-1
30490.jpg,1906,1925,19
30495.jpg,1906,1900,-6
30500.jpg,1906,1925,19
30505.jpg,1906,1905,-1
30510.jpg,1906,1890,-16
30515.jpg,1906,1925,19
30520.jpg,1906,1910,4
30525.jpg,1906,1910,4
30530.jpg,1906,1905,-1
30535.jpg,1906,1905,-1
30540.jpg,1906,1850,-56
30545.jpg,1906,1909,3
30550.jpg,1906,1905,-1
30555.jpg,1906,1905,-1
30560.jpg,1906,1890,-16
30565.jpg,1906,1910,4
30570.jpg,1906,1910,4
30575.jpg,1906,1930,24
30580.jpg,1906,1925,19
30585.jpg,1906,1905,-1
30590.jpg,1906,1900,-6
30595.jpg,1906,1902,-4
30600.jpg,1906,1910,4
30605.jpg,1906,1910,4
30610.jpg,1906,1905,-1
30615.jpg,1906,1910,4
30620.jpg,1906,1890,-16
30625.jpg,1906,1870,-36
30630.jpg,1906,1910,4
30635.jpg,1906,1935,29
30640.jpg,1906,1908,2
30645.jpg,1906,1923,17
30650.jpg,1906,1816,-90
30655.jpg,1906,1885,-21
30665.jpg,1906,1925,19
30670.jpg,1906,1890,-16
30685.jpg,1906,1895,-11
30690.jpg,1906,1890,-16
30695.jpg,1906,1910,4
30700.jpg,1906,1890,-16
30705.jpg,1906,1910,4
30710.jpg,1906,1930,24
30715.jpg,1906,1972,66
30720.jpg,1906,1890,-16
30725.jpg,1906,1920,14
30730.jpg,1906,1930,24
30740.jpg,1906,1905,-1
30745.jpg,1906,1886,-20
30750.jpg,1906,1910,4
30760.jpg,1907,1923,16
30765.jpg,1907,1905,-2
30770.jpg,1907,1910,3
30780.jpg,1907,1960,53
30785.jpg,1907,1932,25
30790.jpg,1907,1994,87
30795.jpg,1907,1907,0
30800.jpg,1907,1910,3
30805.jpg,1907,1910,3
30810.jpg,1907,1908,1
30815.jpg,1907,1935,28
30820.jpg,1907,1910,3
30825.jpg,1907,1910,3
30830.jpg,1907,1910,3
30835.jpg,1907,1898,-9
30840.jpg,1907,1910,3
30845.jpg,1907,1907,0
30855.jpg,1907,1906,-1
30860.jpg,1907,1910,3
30865.jpg,1907,1910,3
30870.jpg,1907,1915,8
30875.jpg,1907,1905,-2
30880.jpg,1907,1920,13
30885.jpg,1907,1870,-37
30895.jpg,1907,1927,20
30900.jpg,1907,1900,-7
30905.jpg,1907,1910,3
30910.jpg,1907,1990,83
30915.jpg,1907,1998,91
30920.jpg,1907,1960,53
30925.jpg,1907,1928,21
30930.jpg,1907,1875,-32
30935.jpg,1907,1931,24
30940.jpg,1907,2000,93
30945.jpg,1907,1932,25
30950.jpg,1907,1872,-35
30955.jpg,1907,1870,-37
30960.jpg,1907,1905,-2
30965.jpg,1907,1905,-2
30970.jpg,1907,1910,3
30975.jpg,1907,1905,-2
30980.jpg,1907,1920,13
30985.jpg,1907,1910,3
30990.jpg,1907,1905,-2
30995.jpg,1907,1910,3
31000.jpg,1907,1928,21
31005.jpg,1907,1890,-17
31010.jpg,1907,1910,3
31015.jpg,1907,1910,3
31020.jpg,1907,1895,-12
31025.jpg,1907,1928,21
31030.jpg,1907,1830,-77
31035.jpg,1907,1928,21
31040.jpg,1907,1910,3
31045.jpg,1907,1905,-2
31050.jpg,1907,1905,-2
31055.jpg,1907,1850,-57
31060.jpg,1907,1910,3
31065.jpg,1907,1870,-37
31070.jpg,1907,1910,3
31075.jpg,1907,1905,-2
31080.jpg,1907,1910,3
31085.jpg,1907,1910,3
31090.jpg,1907,1902,-5
31095.jpg,1907,1905,-2
31100.jpg,1907,1909,2
31105.jpg,1907,1910,3
31110.jpg,1907,1910,3
31115.jpg,1907,1905,-2
31120.jpg,1907,1900,-7
31125.jpg,1907,1890,-17
31130.jpg,1907,1920,13
31135.jpg,1907,1870,-37
31140.jpg,1907,1860,-47
31150.jpg,1907,1886,-21
31155.jpg,1907,1920,13
31160.jpg,1907,1906,-1
31165.jpg,1907,1905,-2
31170.jpg,1907,1936,29
31175.jpg,1907,1915,8
31180.jpg,1907,1910,3
31185.jpg,1907,1930,23
31190.jpg,1907,1985,78
31195.jpg,1907,1903,-4
31200.jpg,1907,1930,23
31205.jpg,1907,1930,23
31210.jpg,1907,1905,-2
31215.jpg,1907,1920,13
31220.jpg,1907,1884,-23
31225.jpg,1907,1905,-2
31230.jpg,1907,1928,21
31235.jpg,1907,1890,-17
31240.jpg,1907,1907,0
31245.jpg,1907,1910,3
31250.jpg,1907,1905,-2
31255.jpg,1907,1909,2
31260.jpg,1907,1920,13
31265.jpg,1907,1913,6
31270.jpg,1907,1935,28
31275.jpg,1907,1910,3
31280.jpg,1907,1902,-5
31285.jpg,1907,1970,63
31290.jpg,1907,1932,25
31295.jpg,1907,1910,3
31300.jpg,1907,1917,10
31305.jpg,1907,1910,3
31310.jpg,1908,1793,-115
31315.jpg,1908,1928,20
31320.jpg,1908,1941,33
31325.jpg,1908,1910,2
31330.jpg,1908,1880,-28
31335.jpg,1908,1910,2
31345.jpg,1908,1965,57
31350.jpg,1908,1925,17
31355.jpg,1908,1915,7
31360.jpg,1908,1910,2
31365.jpg,1908,1910,2
31370.jpg,1908,1925,17
31380.jpg,1908,1920,12
31385.jpg,1908,1905,-3
31390.jpg,1908,1925,17
31395.jpg,1908,1930,22
31400.jpg,1908,1925,17
31405.jpg,1908,1935,27
31410.jpg,1908,1913,5
31415.jpg,1908,1910,2
31420.jpg,1908,1870,-38
31425.jpg,1908,1928,20
31430.jpg,1908,1900,-8
31435.jpg,1908,1935,27
31440.jpg,1908,1910,2
31445.jpg,1908,1910,2
31450.jpg,1908,1905,-3
31455.jpg,1908,1920,12
31460.jpg,1908,1900,-8
31465.jpg,1908,1910,2
31470.jpg,1908,1909,1
31475.jpg,1908,1870,-38
31480.jpg,1908,1840,-68
31485.jpg,1908,1904,-4
31490.jpg,1908,1885,-23
31500.jpg,1908,1900,-8
31505.jpg,1908,1928,20
31510.jpg,1908,1905,-3
31515.jpg,1908,1905,-3
31520.jpg,1908,1905,-3
31525.jpg,1908,1909,1
31530.jpg,1908,1955,47
31535.jpg,1908,1910,2
31540.jpg,1908,1905,-3
31545.jpg,1908,1910,2
31550.jpg,1908,1905,-3
31555.jpg,1908,1890,-18
31560.jpg,1908,1905,-3
31565.jpg,1908,1820,-88
31570.jpg,1908,1720,-188
31575.jpg,1908,1930,22
31580.jpg,1908,1925,17
31585.jpg,1908,1905,-3
31590.jpg,1908,1905,-3
31595.jpg,1908,1905,-3
31600.jpg,1908,1910,2
31605.jpg,1908,1930,22
31610.jpg,1908,1910,2
31620.jpg,1908,1910,2
31625.jpg,1908,1910,2
31630.jpg,1908,1905,-3
31635.jpg,1908,1928,20
31640.jpg,1908,1910,2
31645.jpg,1908,1915,7
31650.jpg,1908,1920,12
31655.jpg,1908,1910,2
31660.jpg,1908,1930,22
31665.jpg,1908,1905,-3
31670.jpg,1908,1890,-18
31675.jpg,1908,1904,-4
31680.jpg,1908,1780,-128
31685.jpg,1908,1892,-16
31690.jpg,1908,1920,12
31695.jpg,1908,1920,12
31700.jpg,1908,1910,2
31705.jpg,1908,1910,2
31710.jpg,1908,1905,-3
31715.jpg,1908,1920,12
31720.jpg,1908,1920,12
31725.jpg,1908,1910,2
31730.jpg,1908,1910,2
31735.jpg,1908,1925,17
31740.jpg,1908,1905,-3
31745.jpg,1908,1883,-25
31750.jpg,1908,1925,17
31755.jpg,1908,1905,-3
31760.jpg,1908,1910,2
31765.jpg,1909,1894,-15
31770.jpg,1909,1927,18
31775.jpg,1909,1880,-29
31780.jpg,1909,1880,-29
31785.jpg,1909,2023,114
31790.jpg,1909,2007,98
31805.jpg,1909,1955,46
31815.jpg,1909,1905,-4
31820.jpg,1909,1930,21
31825.jpg,1909,1925,16
31830.jpg,1909,1905,-4
31835.jpg,1909,1930,21
31840.jpg,1909,1905,-4
31845.jpg,1909,1910,1
31850.jpg,1909,1910,1
31855.jpg,1909,1930,21
31860.jpg,1909,1905,-4
31865.jpg,1909,1895,-14
31870.jpg,1909,1910,1
31875.jpg,1909,1908,-1
31880.jpg,1909,1909,0
31885.jpg,1909,1908,-1
31890.jpg,1909,1926,17
31895.jpg,1909,1922,13
31900.jpg,1909,1912,3
31905.jpg,1909,1905,-4
31910.jpg,1909,1915,6
31915.jpg,1909,1930,21
31920.jpg,1909,1920,11
31925.jpg,1909,1960,51
31930.jpg,1909,1908,-1
31935.jpg,1909,1920,11
31940.jpg,1909,1908,-1
31945.jpg,1909,1910,1
31950.jpg,1909,1893,-16
31955.jpg,1909,1910,1
31960.jpg,1909,1905,-4
31970.jpg,1909,1895,-14
31975.jpg,1909,1902,-7
31980.jpg,1909,1928,19
31985.jpg,1909,1895,-14
31990.jpg,1909,1880,-29
31995.jpg,1909,1908,-1
32005.jpg,1909,1935,26
32015.jpg,1909,1910,1
32020.jpg,1909,1920,11
32025.jpg,1909,1870,-39
32030.jpg,1909,1910,1
32035.jpg,1909,1880,-29
32045.jpg,1909,1928,19
32050.jpg,1909,1910,1
32055.jpg,1909,1910,1
32060.jpg,1909,1860,-49
32065.jpg,1909,1910,1
32070.jpg,1909,1905,-4
32075.jpg,1909,1928,19
32080.jpg,1909,1910,1
32085.jpg,1909,1910,1
32090.jpg,1909,1905,-4
32095.jpg,1909,1910,1
32100.jpg,1909,1910,1
32105.jpg,1909,1920,11
32110.jpg,1909,1985,76
32115.jpg,1909,1910,1
32120.jpg,1909,1910,1
32125.jpg,1909,1905,-4
32130.jpg,1909,1925,16
32135.jpg,1909,1890,-19
32140.jpg,1909,1903,-6
32145.jpg,1909,1890,-19
32150.jpg,1909,1880,-29
32155.jpg,1909,1930,21
32160.jpg,1909,1908,-1
32165.jpg,1909,1920,11
32170.jpg,1909,1900,-9
32175.jpg,1909,1925,16
32180.jpg,1909,1928,19
32185.jpg,1909,1920,11
32190.jpg,1909,1906,-3
32195.jpg,1909,1910,1
32200.jpg,1909,1925,16
32205.jpg,1909,1935,26
32210.jpg,1909,1925,16
32215.jpg,1909,1910,1
32220.jpg,1909,1910,1
32225.jpg,1909,1970,61
32230.jpg,1910,1850,-60
32235.jpg,1910,1903,-7
32240.jpg,1910,1890,-20
32245.jpg,1910,1935,25
32255.jpg,1910,1925,15
32260.jpg,1910,1938,28
32265.jpg,1910,1970,60
32270.jpg,1910,1958,48
32275.jpg,1910,1960,50
32280.jpg,1910,1910,0
32285.jpg,1910,1905,-5
32290.jpg,1910,1905,-5
32295.jpg,1910,1905,-5
32300.jpg,1910,1930,20
32305.jpg,1910,1920,10
32310.jpg,1910,1891,-19
32315.jpg,1910,1928,18
32320.jpg,1910,1880,-30
32325.jpg,1910,1905,-5
32330.jpg,1910,1928,18
32335.jpg,1910,1913,3
32340.jpg,1910,1870,-40
32345.jpg,1910,1905,-5
32350.jpg,1910,1880,-30
32355.jpg,1910,1928,18
32360.jpg,1910,1915,5
32365.jpg,1910,1920,10
32370.jpg,1910,1970,60
32375.jpg,1910,1929,19
32380.jpg,1910,1900,-10
32385.jpg,1910,1995,85
32390.jpg,1910,1906,-4
32395.jpg,1910,1932,22
32400.jpg,1910,1905,-5
32405.jpg,1910,1830,-80
32410.jpg,1910,1930,20
32415.jpg,1910,1900,-10
32420.jpg,1910,1900,-10
32425.jpg,1910,1906,-4
32430.jpg,1910,1905,-5
32435.jpg,1910,1905,-5
32440.jpg,1910,1880,-30
32445.jpg,1910,1910,0
32450.jpg,1910,1910,0
32455.jpg,1910,1850,-60
32460.jpg,1910,1910,0
32465.jpg,1910,1910,0
32470.jpg,1910,1850,-60
32475.jpg,1910,1870,-40
32480.jpg,1910,1910,0
32485.jpg,1910,1928,18
32490.jpg,1910,1905,-5
32495.jpg,1910,1890,-20
32500.jpg,1910,1930,20
32505.jpg,1910,1928,18
32510.jpg,1910,1928,18
32515.jpg,1910,1920,10
32520.jpg,1910,1910,0
32525.jpg,1910,1910,0
32530.jpg,1910,2010,100
32535.jpg,1910,1930,20
32540.jpg,1910,1920,10
32545.jpg,1910,1925,15
32550.jpg,1910,1905,-5
32555.jpg,1910,1920,10
32560.jpg,1910,1920,10
32565.jpg,1910,1910,0
32570.jpg,1910,1895,-15
32575.jpg,1910,1905,-5
32580.jpg,1910,1925,15
32585.jpg,1910,1930,20
32590.jpg,1910,1905,-5
32595.jpg,1910,1907,-3
32600.jpg,1910,1903,-7
32605.jpg,1910,1575,-335
32610.jpg,1910,1950,40
32615.jpg,1910,1936,26
32620.jpg,1910,1920,10
32625.jpg,1910,1925,15
32630.jpg,1910,1910,0
32635.jpg,1910,1930,20
32640.jpg,1910,1920,10
32645.jpg,1910,1910,0
32650.jpg,1910,1930,20
32655.jpg,1910,1950,40
32660.jpg,1910,1928,18
32665.jpg,1910,1905,-5
32675.jpg,1910,1905,-5
32680.jpg,1910,1890,-20
32685.jpg,1910,1920,10
32690.jpg,1910,1910,0
32695.jpg,1910,1913,3
32700.jpg,1910,1928,18
32705.jpg,1910,1910,0
32710.jpg,1910,1910,0
32715.jpg,1910,1920,10
32720.jpg,1910,1920,10
32725.jpg,1910,1890,-20
32730.jpg,1910,1930,20
32735.jpg,1910,1880,-30
32740.jpg,1911,1907,-4
32745.jpg,1911,1930,19
32750.jpg,1911,1923,12
32755.jpg,1911,1936,25
32760.jpg,1911,1903,-8
32765.jpg,1911,1909,-2
32770.jpg,1911,1888,-23
32775.jpg,1911,1926,15
32780.jpg,1911,1960,49
32785.jpg,1911,1990,79
32790.jpg,1911,1902,-9
32795.jpg,1911,1913,2
32800.jpg,1911,1950,39
32805.jpg,1911,1905,-6
32810.jpg,1911,1905,-6
32815.jpg,1911,1880,-31
32820.jpg,1911,1938,27
32825.jpg,1911,1928,17
32830.jpg,1911,1910,-1
32835.jpg,1911,1910,-1
32840.jpg,1911,1968,57
32845.jpg,1911,1905,-6
32850.jpg,1911,1928,17
32855.jpg,1911,1910,-1
32860.jpg,1911,1960,49
32865.jpg,1911,1925,14
32870.jpg,1911,1910,-1
32875.jpg,1911,1915,4
32885.jpg,1911,1930,19
32890.jpg,1911,1920,9
32895.jpg,1911,1910,-1
32900.jpg,1911,1885,-26
32905.jpg,1911,1900,-11
32910.jpg,1911,1910,-1
32915.jpg,1911,1925,14
32920.jpg,1911,1910,-1
32925.jpg,1911,1905,-6
32930.jpg,1911,1928,17
32935.jpg,1911,1972,61
32940.jpg,1911,1910,-1
32945.jpg,1911,1888,-23
32950.jpg,1911,2005,94
32955.jpg,1911,1869,-42
32960.jpg,1911,1935,24
32965.jpg,1911,1911,0
32970.jpg,1911,1904,-7
32975.jpg,1911,1860,-51
32980.jpg,1911,1885,-26
32985.jpg,1911,1915,4
32990.jpg,1911,1905,-6
32995.jpg,1911,1910,-1
33000.jpg,1911,1915,4
33005.jpg,1911,1785,-126
33010.jpg,1911,1910,-1
33015.jpg,1911,1910,-1
33020.jpg,1911,1925,14
33025.jpg,1911,1870,-41
33030.jpg,1911,1880,-31
33035.jpg,1911,1995,84
33040.jpg,1911,1915,4
33045.jpg,1911,1910,-1
33050.jpg,1911,1955,44
33055.jpg,1911,1915,4
33060.jpg,1911,1910,-1
33065.jpg,1911,1890,-21
33070.jpg,1911,1910,-1
33075.jpg,1911,1910,-1
33080.jpg,1911,1910,-1
33085.jpg,1911,1920,9
33090.jpg,1911,1910,-1
33095.jpg,1911,1905,-6
33100.jpg,1911,1620,-291
33105.jpg,1911,1850,-61
33110.jpg,1911,1910,-1
33115.jpg,1911,1821,-90
33120.jpg,1911,1928,17
33125.jpg,1911,1935,24
33130.jpg,1911,1850,-61
33135.jpg,1911,1928,17
33140.jpg,1911,1928,17
33145.jpg,1911,1905,-6
33150.jpg,1911,1600,-311
33155.jpg,1911,1963,52
33160.jpg,1911,1920,9
33165.jpg,1911,1920,9
33170.jpg,1911,1928,17
33175.jpg,1911,1985,74
33180.jpg,1911,1930,19
33185.jpg,1911,1901,-10
33190.jpg,1911,1920,9
33195.jpg,1911,1972,61
33200.jpg,1911,1910,-1
33205.jpg,1911,1910,-1
33210.jpg,1911,1887,-24
33215.jpg,1911,1910,-1
33220.jpg,1911,1910,-1
33225.jpg,1911,1920,9
33230.jpg,1911,1901,-10
33235.jpg,1911,1926,15
33240.jpg,1911,1823,-88
33245.jpg,1911,1928,17
33250.jpg,1911,1928,17
33255.jpg,1911,1917,6
33260.jpg,1911,1920,9
33265.jpg,1911,1920,9
33270.jpg,1911,1915,4
33275.jpg,1911,1910,-1
33280.jpg,1912,1925,13
33285.jpg,1912,1920,8
33290.jpg,1912,1908,-4
33295.jpg,1912,1925,13
33300.jpg,1912,1890,-22
33310.jpg,1912,1960,48
33315.jpg,1912,1960,48
33320.jpg,1912,1978,66
33325.jpg,1912,1931,19
33330.jpg,1912,1920,8
33335.jpg,1912,1925,13
33340.jpg,1912,1930,18
33345.jpg,1912,1850,-62
33350.jpg,1912,1905,-7
33355.jpg,1912,1935,23
33360.jpg,1912,1930,18
33365.jpg,1912,1908,-4
33375.jpg,1912,1912,0
33380.jpg,1912,1938,26
33385.jpg,1912,1905,-7
33390.jpg,1912,1893,-19
33395.jpg,1912,1998,86
33400.jpg,1912,1928,16
33405.jpg,1912,1985,73
33410.jpg,1912,1850,-62
33415.jpg,1912,1915,3
33420.jpg,1912,1912,0
33425.jpg,1912,1910,-2
33430.jpg,1912,1915,3
33435.jpg,1912,1930,18
33440.jpg,1912,1910,-2
33445.jpg,1912,1930,18
33450.jpg,1912,1890,-22
33455.jpg,1912,1850,-62
33460.jpg,1912,1920,8
33465.jpg,1912,1900,-12
33470.jpg,1912,1920,8
33475.jpg,1912,1898,-14
33480.jpg,1912,1912,0
33485.jpg,1912,1980,68
33490.jpg,1912,1875,-37
33495.jpg,1912,1900,-12
33500.jpg,1912,1950,38
33505.jpg,1912,1885,-27
33510.jpg,1912,1920,8
33515.jpg,1912,1920,8
33520.jpg,1912,1905,-7
33525.jpg,1912,1860,-52
33530.jpg,1912,1850,-62
33535.jpg,1912,1910,-2
33540.jpg,1912,1902,-10
33545.jpg,1912,1920,8
33550.jpg,1912,1910,-2
33555.jpg,1912,1910,-2
33560.jpg,1912,1905,-7
33565.jpg,1912,1925,13
33570.jpg,1912,1910,-2
33580.jpg,1912,1695,-217
33585.jpg,1912,1910,-2
33590.jpg,1912,1910,-2
33595.jpg,1912,1905,-7
33600.jpg,1912,1912,0
33605.jpg,1912,1910,-2
33615.jpg,1912,1932,20
33620.jpg,1912,1930,18
33625.jpg,1912,1905,-7
33630.jpg,1912,1850,-62
33635.jpg,1912,1925,13
33640.jpg,1912,1870,-42
33645.jpg,1912,1905,-7
33650.jpg,1912,1905,-7
33655.jpg,1912,1925,13
33660.jpg,1912,1890,-22
33665.jpg,1912,1902,-10
33670.jpg,1912,1910,-2
33675.jpg,1912,1995,83
33680.jpg,1912,1920,8
33685.jpg,1912,1930,18
33690.jpg,1912,1972,60
33695.jpg,1912,1900,-12
33700.jpg,1912,1903,-9
33705.jpg,1912,1928,16
33710.jpg,1912,1910,-2
33715.jpg,1912,1930,18
33720.jpg,1912,1888,-24
33725.jpg,1912,1930,18
33735.jpg,1912,1880,-32
33740.jpg,1912,1910,-2
33745.jpg,1912,1930,18
33750.jpg,1912,1920,8
33755.jpg,1912,1920,8
33760.jpg,1912,1900,-12
33765.jpg,1913,1920,7
33770.jpg,1913,1930,17
33775.jpg,1913,1910,-3
33780.jpg,1913,1900,-13
33785.jpg,1913,1928,15
33790.jpg,1913,1910,-3
33795.jpg,1913,1900,-13
33800.jpg,1913,1930,17
33805.jpg,1913,1909,-4
33810.jpg,1913,1925,12
33815.jpg,1913,1938,25
33820.jpg,1913,2003,90
33825.jpg,1913,1905,-8
33830.jpg,1913,1900,-13
33840.jpg,1913,1910,-3
33845.jpg,1913,1910,-3
33850.jpg,1913,1928,15
33855.jpg,1913,1936,23
33860.jpg,1913,1910,-3
33865.jpg,1913,1915,2
33870.jpg,1913,1928,15
33875.jpg,1913,1910,-3
33880.jpg,1913,1878,-35
33885.jpg,1913,1912,-1
33890.jpg,1913,1926,13
33895.jpg,1913,1930,17
33900.jpg,1913,1912,-1
33905.jpg,1913,1909,-4
33910.jpg,1913,1910,-3
33915.jpg,1913,1850,-63
33920.jpg,1913,1928,15
33925.jpg,1913,1930,17
33930.jpg,1913,1935,22
33935.jpg,1913,1913,0
33940.jpg,1913,1928,15
33945.jpg,1913,1910,-3
33950.jpg,1913,1936,23
33955.jpg,1913,1928,15
33960.jpg,1913,1910,-3
33965.jpg,1913,1930,17
33970.jpg,1913,1920,7
33975.jpg,1913,1899,-14
33980.jpg,1913,1960,47
33985.jpg,1913,1960,47
33990.jpg,1913,1876,-37
33995.jpg,1913,1903,-10
34000.jpg,1913,1895,-18
34005.jpg,1913,1930,17
34010.jpg,1913,1888,-25
34015.jpg,1913,1910,-3
34020.jpg,1913,1916,3
34025.jpg,1913,1965,52
34030.jpg,1913,1928,15
34035.jpg,1913,1915,2
34040.jpg,1913,1910,-3
34045.jpg,1913,1930,17
34050.jpg,1913,1910,-3
34055.jpg,1913,1925,12
34060.jpg,1913,1890,-23
34065.jpg,1913,1910,-3
34070.jpg,1913,1910,-3
34080.jpg,1913,1790,-123
34085.jpg,1913,1905,-8
34090.jpg,1913,1910,-3
34095.jpg,1913,1905,-8
34100.jpg,1913,1910,-3
34105.jpg,1913,1925,12
34110.jpg,1913,1910,-3
34115.jpg,1913,1905,-8
34120.jpg,1913,1930,17
34125.jpg,1913,1880,-33
34130.jpg,1913,1905,-8
34135.jpg,1913,1910,-3
34140.jpg,1913,1925,12
34145.jpg,1913,1925,12
34150.jpg,1913,1910,-3
34155.jpg,1913,1928,15
34160.jpg,1913,1870,-43
34165.jpg,1913,1926,13
34170.jpg,1913,1905,-8
34175.jpg,1913,1910,-3
34180.jpg,1913,1879,-34
34185.jpg,1913,1911,-2
34190.jpg,1913,1937,24
34195.jpg,1913,1820,-93
34200.jpg,1913,1932,19
34205.jpg,1913,1916,3
34210.jpg,1913,1928,15
34215.jpg,1913,1928,15
34220.jpg,1913,1930,17
34225.jpg,1914,1935,21
34230.jpg,1914,1927,13
34235.jpg,1914,1928,14
34240.jpg,1914,1922,8
34245.jpg,1914,1985,71
34250.jpg,1914,1930,16
34260.jpg,1914,2003,89
34265.jpg,1914,1917,3
34270.jpg,1914,1924,10
34275.jpg,1914,1925,11
34280.jpg,1914,1910,-4
34285.jpg,1914,1990,76
34290.jpg,1914,1910,-4
34295.jpg,1914,1925,11
34300.jpg,1914,1925,11
34305.jpg,1914,1928,14
34310.jpg,1914,1935,21
34315.jpg,1914,1920,6
34320.jpg,1914,1910,-4
34325.jpg,1914,1920,6
34330.jpg,1914,1927,13
34335.jpg,1914,1910,-4
34345.jpg,1914,1930,16
34350.jpg,1914,1852,-62
34360.jpg,1914,1915,1
34365.jpg,1914,1915,1
34370.jpg,1914,1931,17
34375.jpg,1914,1910,-4
34380.jpg,1914,1936,22
34385.jpg,1914,1910,-4
34390.jpg,1914,1910,-4
34395.jpg,1914,1900,-14
34400.jpg,1914,1880,-34
34405.jpg,1914,1910,-4
34410.jpg,1914,1920,6
34415.jpg,1914,1860,-54
34420.jpg,1914,1932,18
34425.jpg,1914,1566,-348
34430.jpg,1914,1885,-29
34435.jpg,1914,1910,-4
34440.jpg,1914,1910,-4
34445.jpg,1914,1905,-9
34450.jpg,1914,1905,-9
34455.jpg,1914,1830,-84
34460.jpg,1914,1905,-9
34465.jpg,1914,1910,-4
34470.jpg,1914,1920,6
34475.jpg,1914,1870,-44
34480.jpg,1914,1910,-4
34485.jpg,1914,1928,14
34490.jpg,1914,1910,-4
34495.jpg,1914,1875,-39
34500.jpg,1914,1910,-4
34505.jpg,1914,1930,16
34515.jpg,1914,1840,-74
34520.jpg,1914,1905,-9
34525.jpg,1914,1850,-64
34530.jpg,1914,1905,-9
34535.jpg,1914,1910,-4
34540.jpg,1914,1910,-4
34545.jpg,1914,1925,11
34550.jpg,1914,1910,-4
34555.jpg,1914,1910,-4
34560.jpg,1914,1915,1
34565.jpg,1914,1900,-14
34570.jpg,1914,1920,6
34575.jpg,1914,1930,16
34580.jpg,1914,1930,16
34590.jpg,1914,1920,6
34595.jpg,1914,1942,28
34600.jpg,1914,1923,9
34605.jpg,1914,1880,-34
34610.jpg,1914,1905,-9
34615.jpg,1914,1910,-4
34620.jpg,1914,1830,-84
34625.jpg,1914,1905,-9
34630.jpg,1914,1910,-4
34635.jpg,1914,1890,-24
34640.jpg,1914,1936,22
34645.jpg,1914,1930,16
34650.jpg,1914,1910,-4
34655.jpg,1914,1928,14
34660.jpg,1914,1932,18
34665.jpg,1914,1928,14
34670.jpg,1914,1905,-9
34675.jpg,1914,1910,-4
34680.jpg,1914,1906,-8
34685.jpg,1914,1928,14
34690.jpg,1914,1935,21
34695.jpg,1914,1905,-9
34700.jpg,1914,1910,-4
34705.jpg,1914,1930,16
34710.jpg,1914,1930,16
34715.jpg,1914,1895,-19
34720.jpg,1915,1850,-65
34725.jpg,1915,1928,13
34730.jpg,1915,1930,15
34735.jpg,1915,1927,12
34740.jpg,1915,1910,-5
34750.jpg,1915,1928,13
34755.jpg,1915,1960,45
34765.jpg,1915,1905,-10
34770.jpg,1915,1935,20
34775.jpg,1915,1928,13
34780.jpg,1915,1935,20
34785.jpg,1915,1930,15
34790.jpg,1915,1928,13
34795.jpg,1915,1910,-5
34800.jpg,1915,1935,20
34805.jpg,1915,1905,-10
34810.jpg,1915,1930,15
34815.jpg,1915,1936,21
34820.jpg,1915,1964,49
34825.jpg,1915,1929,14
34830.jpg,1915,1873,-42
34835.jpg,1915,1920,5
34840.jpg,1915,1920,5
34845.jpg,1915,1928,13
34850.jpg,1915,1925,10
34855.jpg,1915,1926,11
34860.jpg,1915,1923,8
34865.jpg,1915,1908,-7
34870.jpg,1915,1930,15
34875.jpg,1915,1920,5
34880.jpg,1915,1890,-25
34885.jpg,1915,1932,17
34890.jpg,1915,1880,-35
34895.jpg,1915,1908,-7
34900.jpg,1915,1907,-8
34905.jpg,1915,1935,20
34910.jpg,1915,1965,50
34915.jpg,1915,1885,-30
34920.jpg,1915,1870,-45
34925.jpg,1915,1910,-5
34930.jpg,1915,1970,55
34935.jpg,1915,1920,5
34940.jpg,1915,1750,-165
34945.jpg,1915,1920,5
34950.jpg,1915,1920,5
34955.jpg,1915,1930,15
34960.jpg,1915,1920,5
34965.jpg,1915,1985,70
34970.jpg,1915,1910,-5
34975.jpg,1915,1910,-5
34980.jpg,1915,1905,-10
34985.jpg,1915,1910,-5
34990.jpg,1915,1925,10
34995.jpg,1915,1890,-25
35000.jpg,1915,1920,5
35005.jpg,1915,1920,5
35010.jpg,1915,1930,15
35015.jpg,1915,1915,0
35020.jpg,1915,1915,0
35025.jpg,1915,1902,-13
35030.jpg,1915,1915,0
35035.jpg,1915,1930,15
35040.jpg,1915,1928,13
35045.jpg,1915,1923,8
35050.jpg,1915,1910,-5
35055.jpg,1915,1936,21
35060.jpg,1915,1920,5
35065.jpg,1915,1930,15
35070.jpg,1915,1903,-12
35075.jpg,1915,1937,22
35080.jpg,1915,1940,25
35085.jpg,1915,1928,13
35090.jpg,1915,1920,5
35095.jpg,1915,1900,-15
35100.jpg,1915,1890,-25
35105.jpg,1915,1930,15
35110.jpg,1915,1910,-5
35115.jpg,1915,1910,-5
35120.jpg,1915,1930,15
35125.jpg,1915,1918,3
35130.jpg,1915,1920,5
35135.jpg,1915,1880,-35
35140.jpg,1915,1870,-45
35145.jpg,1915,1927,12
35150.jpg,1915,1957,42
35155.jpg,1915,1937,22
35160.jpg,1916,1920,4
35165.jpg,1916,1937,21
35170.jpg,1916,1929,13
35175.jpg,1916,1996,80
35180.jpg,1916,1905,-11
35185.jpg,1916,1915,-1
35190.jpg,1916,1936,20
35195.jpg,1916,1930,14
35200.jpg,1916,1910,-6
35205.jpg,1916,1930,14
35210.jpg,1916,1937,21
35215.jpg,1916,1930,14
35220.jpg,1916,1920,4
35225.jpg,1916,1910,-6
35230.jpg,1916,1928,12
35235.jpg,1916,1912,-4
35240.jpg,1916,1920,4
35245.jpg,1916,1936,20
35250.jpg,1916,1910,-6
35255.jpg,1916,1965,49
35260.jpg,1916,1916,0
35265.jpg,1916,1925,9
35270.jpg,1916,1910,-6
35275.jpg,1916,1890,-26
35280.jpg,1916,1920,4
35285.jpg,1916,1910,-6
35290.jpg,1916,1902,-14
35295.jpg,1916,1880,-36
35300.jpg,1916,1905,-11
35305.jpg,1916,1990,74
35310.jpg,1916,1870,-46
35315.jpg,1916,1886,-30
35320.jpg,1916,1920,4
35325.jpg,1916,1915,-1
35330.jpg,1916,1930,14
35335.jpg,1916,1840,-76
35340.jpg,1916,1920,4
35345.jpg,1916,1910,-6
35350.jpg,1916,1910,-6
35355.jpg,1916,1925,9
35360.jpg,1916,1930,14
35365.jpg,1916,1908,-8
35370.jpg,1916,1890,-26
35375.jpg,1916,1925,9
35380.jpg,1916,1905,-11
35385.jpg,1916,1920,4
35390.jpg,1916,1930,14
35395.jpg,1916,1925,9
35400.jpg,1916,1910,-6
35405.jpg,1916,1950,34
35410.jpg,1916,1910,-6
35415.jpg,1916,1905,-11
35420.jpg,1916,1930,14
35425.jpg,1916,1925,9
35430.jpg,1916,1915,-1
35435.jpg,1916,1830,-86
35440.jpg,1916,1917,1
35445.jpg,1916,1930,14
35450.jpg,1916,1925,9
35455.jpg,1916,1905,-11
35460.jpg,1916,1910,-6
35465.jpg,1916,1920,4
35470.jpg,1916,1905,-11
35475.jpg,1916,1877,-39
35480.jpg,1916,1920,4
35485.jpg,1916,1910,-6
35490.jpg,1916,1920,4
35495.jpg,1916,1930,14
35500.jpg,1916,1930,14
35505.jpg,1916,1880,-36
35510.jpg,1916,1910,-6
35515.jpg,1916,1932,16
35520.jpg,1916,1920,4
35525.jpg,1916,1931,15
35530.jpg,1916,1910,-6
35535.jpg,1917,1930,13
35540.jpg,1917,1928,11
35545.jpg,1917,1910,-7
35550.jpg,1917,1928,11
35555.jpg,1917,1928,11
35560.jpg,1917,1900,-17
35565.jpg,1917,1960,43
35570.jpg,1917,1920,3
35575.jpg,1917,1910,-7
35580.jpg,1917,1910,-7
35585.jpg,1917,1880,-37
35590.jpg,1917,1935,18
35595.jpg,1917,1938,21
35600.jpg,1917,1902,-15
35605.jpg,1917,1929,12
35610.jpg,1917,1930,13
35615.jpg,1917,1930,13
35620.jpg,1917,1942,25
35625.jpg,1917,1896,-21
35630.jpg,1917,1910,-7
35635.jpg,1917,1920,3
35640.jpg,1917,1910,-7
35645.jpg,1917,1915,-2
35650.jpg,1917,1930,13
35655.jpg,1917,1880,-37
35660.jpg,1917,1920,3
35665.jpg,1917,1900,-17
35670.jpg,1917,1965,48
35675.jpg,1917,1936,19
35680.jpg,1917,1942,25
35685.jpg,1917,1887,-30
35690.jpg,1917,1930,13
35695.jpg,1917,1915,-2
35700.jpg,1917,1928,11
35705.jpg,1917,1930,13
35710.jpg,1917,1935,18
35715.jpg,1917,1936,19
35720.jpg,1917,1930,13
35725.jpg,1917,2005,88
35730.jpg,1917,1912,-5
35735.jpg,1917,1932,15
35740.jpg,1917,1750,-167
35745.jpg,1917,1935,18
35750.jpg,1917,1890,-27
35755.jpg,1917,1930,13
35760.jpg,1917,1909,-8
35765.jpg,1917,1938,21
35770.jpg,1917,1925,8
35775.jpg,1917,1910,-7
35780.jpg,1917,1930,13
35785.jpg,1917,1995,78
35790.jpg,1917,1928,11
35795.jpg,1917,1920,3
35800.jpg,1917,1910,-7
35805.jpg,1917,1920,3
35810.jpg,1917,1910,-7
35815.jpg,1917,1910,-7
35820.jpg,1917,1920,3
35825.jpg,1917,1905,-12
35830.jpg,1917,1930,13
35835.jpg,1917,1915,-2
35840.jpg,1917,1913,-4
35845.jpg,1917,1915,-2
35850.jpg,1917,1926,9
35855.jpg,1917,1937,20
35860.jpg,1917,1925,8
35865.jpg,1917,1931,14
35870.jpg,1917,1930,13
35875.jpg,1917,1520,-397
35880.jpg,1917,1917,0
35885.jpg,1917,1910,-7
35890.jpg,1917,1887,-30
35895.jpg,1917,1927,10
35900.jpg,1917,1935,18
35905.jpg,1917,1928,11
35910.jpg,1917,1902,-15
35915.jpg,1917,1930,13
35920.jpg,1918,1932,14
35925.jpg,1918,1985,67
35930.jpg,1918,1910,-8
35935.jpg,1918,1978,60
35940.jpg,1918,1950,32
35945.jpg,1918,1925,7
35950.jpg,1918,1930,12
35955.jpg,1918,1935,17
35960.jpg,1918,1925,7
35965.jpg,1918,1930,12
35970.jpg,1918,1928,10
35980.jpg,1918,1930,12
35985.jpg,1918,1932,14
35990.jpg,1918,1929,11
35995.jpg,1918,1838,-80
36000.jpg,1918,1905,-13
36005.jpg,1918,1920,2
36010.jpg,1918,1930,12
36015.jpg,1918,1930,12
36020.jpg,1918,1925,7
36025.jpg,1918,1926,8
36030.jpg,1918,1928,10
36035.jpg,1918,1925,7
36040.jpg,1918,1920,2
36045.jpg,1918,1905,-13
36050.jpg,1918,1910,-8
36055.jpg,1918,1850,-68
36060.jpg,1918,1910,-8
36065.jpg,1918,1910,-8
36070.jpg,1918,1925,7
36075.jpg,1918,1890,-28
36080.jpg,1918,1930,12
36085.jpg,1918,1820,-98
36090.jpg,1918,1930,12
36095.jpg,1918,1910,-8
36100.jpg,1918,1870,-48
36105.jpg,1918,1930,12
36110.jpg,1918,1910,-8
36115.jpg,1919,1924,5
36120.jpg,1919,1930,11
36130.jpg,1919,1972,53
36140.jpg,1919,1928,9
36145.jpg,1919,1936,17
36150.jpg,1919,1920,1
36155.jpg,1919,1950,31
36160.jpg,1919,1920,1
36165.jpg,1919,1929,10
36170.jpg,1919,1880,-39
36175.jpg,1919,1960,41
36180.jpg,1919,1950,31
36190.jpg,1919,1930,11
36195.jpg,1919,1824,-95
36200.jpg,1919,1931,12
36205.jpg,1919,1967,48
36210.jpg,1919,1928,9
36215.jpg,1919,1910,-9
36225.jpg,1919,1928,9
36230.jpg,1919,1925,6
36235.jpg,1919,1910,-9
36240.jpg,1919,1920,1
36245.jpg,1919,1910,-9
36250.jpg,1919,1910,-9
36255.jpg,1919,1790,-129
36260.jpg,1919,1950,31
36265.jpg,1919,1910,-9
36270.jpg,1919,1905,-14
36275.jpg,1919,1929,10
36280.jpg,1919,1710,-209
36285.jpg,1919,1905,-14
36290.jpg,1919,1920,1
36295.jpg,1919,1910,-9
36300.jpg,1919,1910,-9
36305.jpg,1919,1910,-9
36310.jpg,1919,1925,6
36315.jpg,1919,1850,-69
36320.jpg,1919,1960,41
36325.jpg,1919,1910,-9
36330.jpg,1919,1930,11
36335.jpg,1919,1930,11
36340.jpg,1919,1936,17
36345.jpg,1919,1925,6
36350.jpg,1920,1927,7
36355.jpg,1920,1928,8
36360.jpg,1920,1907,-13
36365.jpg,1920,1958,38
36370.jpg,1920,1955,35
36375.jpg,1920,1930,10
36385.jpg,1920,1950,30
36390.jpg,1920,1923,3
36395.jpg,1920,1935,15
36400.jpg,1920,1885,-35
36405.jpg,1920,1928,8
36410.jpg,1920,1936,16
36415.jpg,1920,1880,-40
36420.jpg,1920,1938,18
36425.jpg,1920,1928,8
36430.jpg,1920,1915,-5
36435.jpg,1920,1928,8
36440.jpg,1920,1830,-90
36445.jpg,1920,1910,-10
36450.jpg,1920,1920,0
36455.jpg,1920,1880,-40
36460.jpg,1920,1932,12
36465.jpg,1920,1870,-50
36470.jpg,1920,1900,-20
36475.jpg,1920,1889,-31
36480.jpg,1920,1909,-11
36485.jpg,1920,1910,-10
36490.jpg,1920,1930,10
36495.jpg,1920,1910,-10
36500.jpg,1920,1925,5
36505.jpg,1920,1925,5
36510.jpg,1920,1885,-35
36515.jpg,1920,1850,-70
36520.jpg,1920,1910,-10
36525.jpg,1920,1860,-60
36530.jpg,1920,1830,-90
36535.jpg,1920,1910,-10
36540.jpg,1920,1910,-10
36545.jpg,1920,1950,30
36550.jpg,1920,1928,8
36555.jpg,1920,1918,-2
36560.jpg,1920,1920,0
36565.jpg,1920,1880,-40
36570.jpg,1920,1925,5
36575.jpg,1920,1965,45
36580.jpg,1920,1925,5
36585.jpg,1920,1925,5
36590.jpg,1920,1930,10
36595.jpg,1920,1840,-80
36600.jpg,1920,1930,10
36605.jpg,1920,1905,-15
36610.jpg,1920,1928,8
36615.jpg,1920,1750,-170
36620.jpg,1920,1910,-10
36625.jpg,1920,1930,10
36630.jpg,1920,1928,8
36635.jpg,1920,1910,-10
36640.jpg,1920,1930,10
36650.jpg,1920,1935,15
36655.jpg,1920,1920,0
36660.jpg,1920,1926,6
36665.jpg,1920,1920,0
36670.jpg,1920,1890,-30
36675.jpg,1920,1910,-10
36680.jpg,1920,1905,-15
36685.jpg,1920,1750,-170
36690.jpg,1921,1927,6
36695.jpg,1921,1960,39
36700.jpg,1921,1990,69
36705.jpg,1921,1922,1
36710.jpg,1921,1925,4
36715.jpg,1921,1921,0
36720.jpg,1921,1975,54
36725.jpg,1921,1909,-12
36735.jpg,1921,1960,39
36740.jpg,1921,1929,8
36745.jpg,1921,1936,15
36750.jpg,1921,1928,7
36755.jpg,1921,1930,9
36760.jpg,1921,1905,-16
36765.jpg,1921,1930,9
36770.jpg,1921,1935,14
36775.jpg,1921,1930,9
36780.jpg,1921,1910,-11
36785.jpg,1921,1935,14
36790.jpg,1921,1929,8
36795.jpg,1921,1917,-4
36800.jpg,1921,1900,-21
36805.jpg,1921,1890,-31
36810.jpg,1921,1889,-32
36815.jpg,1921,1935,14
36820.jpg,1921,1915,-6
36830.jpg,1921,1925,4
36835.jpg,1921,1928,7
36840.jpg,1921,1928,7
36845.jpg,1921,1920,-1
36850.jpg,1921,1925,4
36855.jpg,1921,1920,-1
36860.jpg,1921,1910,-11
36870.jpg,1921,1930,9
36875.jpg,1921,1880,-41
36880.jpg,1921,1850,-71
36885.jpg,1921,1915,-6
36890.jpg,1921,1920,-1
36895.jpg,1921,1936,15
36900.jpg,1921,1928,7
36905.jpg,1921,1921,0
36910.jpg,1921,1901,-20
36920.jpg,1921,1921,0
36925.jpg,1921,1931,10
36930.jpg,1921,1929,8
36935.jpg,1921,1930,9
36940.jpg,1921,1910,-11
36945.jpg,1921,1928,7
36950.jpg,1921,1936,15
36955.jpg,1921,1910,-11
36960.jpg,1921,1890,-31
36965.jpg,1921,1935,14
36970.jpg,1922,1900,-22
36975.jpg,1922,1900,-22
36980.jpg,1922,1910,-12
36985.jpg,1922,1936,14
36990.jpg,1922,1927,5
36995.jpg,1922,1937,15
37000.jpg,1922,1967,45
37005.jpg,1922,1960,38
37010.jpg,1922,1930,8
37015.jpg,1922,1931,9
37020.jpg,1922,1870,-52
37025.jpg,1922,1920,-2
37030.jpg,1922,1936,14
37045.jpg,1922,1928,6
37050.jpg,1922,1936,14
37055.jpg,1922,1929,7
37060.jpg,1922,1932,10
37065.jpg,1922,1927,5
37070.jpg,1922,1910,-12
37075.jpg,1922,1903,-19
37080.jpg,1922,1930,8
37085.jpg,1922,1930,8
37090.jpg,1922,1935,13
37095.jpg,1922,1926,4
37100.jpg,1922,1915,-7
37105.jpg,1922,1880,-42
37110.jpg,1922,1999,77
37115.jpg,1922,1881,-41
37120.jpg,1922,1928,6
37125.jpg,1922,1910,-12
37130.jpg,1922,1938,16
37135.jpg,1922,1927,5
37140.jpg,1922,1928,6
37145.jpg,1922,1915,-7
37150.jpg,1922,1930,8
37155.jpg,1922,1930,8
37160.jpg,1922,1910,-12
37165.jpg,1922,1935,13
37170.jpg,1922,1955,33
37175.jpg,1922,1890,-32
37180.jpg,1922,1780,-142
37185.jpg,1922,1920,-2
37190.jpg,1922,1925,3
37195.jpg,1922,1850,-72
37200.jpg,1922,1920,-2
37205.jpg,1922,1965,43
37210.jpg,1922,1925,3
37215.jpg,1922,1930,8
37220.jpg,1922,1930,8
37225.jpg,1922,1970,48
37230.jpg,1922,1910,-12
37235.jpg,1922,1925,3
37240.jpg,1922,1920,-2
37245.jpg,1922,1920,-2
37250.jpg,1922,1930,8
37255.jpg,1922,1970,48
37260.jpg,1922,1970,48
37270.jpg,1922,1930,8
37275.jpg,1922,1935,13
37280.jpg,1922,1935,13
37285.jpg,1922,1970,48
37290.jpg,1922,1930,8
37295.jpg,1922,1930,8
37300.jpg,1922,1880,-42
37305.jpg,1922,1929,7
37310.jpg,1923,1949,26
37315.jpg,1923,1938,15
37320.jpg,1923,1948,25
37330.jpg,1923,1927,4
37335.jpg,1923,1932,9
37340.jpg,1923,2004,81
37345.jpg,1923,2009,86
37355.jpg,1923,1928,5
37360.jpg,1923,1920,-3
37365.jpg,1923,1936,13
37370.jpg,1923,1930,7
37375.jpg,1923,1925,2
37380.jpg,1923,1936,13
37385.jpg,1923,1935,12
37390.jpg,1923,1900,-23
37395.jpg,1923,1936,13
37400.jpg,1923,1904,-19
37405.jpg,1923,1929,6
37410.jpg,1923,1916,-7
37415.jpg,1923,1926,3
37420.jpg,1923,1928,5
37425.jpg,1923,1970,47
37430.jpg,1923,1910,-13
37435.jpg,1923,1929,6
37440.jpg,1923,1915,-8
37445.jpg,1923,1936,13
37450.jpg,1923,1930,7
37455.jpg,1923,1930,7
37460.jpg,1923,2005,82
37465.jpg,1923,1936,13
37470.jpg,1923,1935,12
37475.jpg,1923,1897,-26
37480.jpg,1923,1915,-8
37485.jpg,1923,1930,7
37490.jpg,1923,1935,12
37495.jpg,1923,1948,25
37500.jpg,1923,1925,2
37505.jpg,1923,1955,32
37510.jpg,1923,1910,-13
37515.jpg,1923,1930,7
37520.jpg,1923,1890,-33
37525.jpg,1923,1910,-13
37530.jpg,1923,1925,2
37535.jpg,1923,1915,-8
37540.jpg,1923,1928,5
37545.jpg,1923,1917,-6
37550.jpg,1923,1928,5
37555.jpg,1923,1928,5
37560.jpg,1923,1935,12
37565.jpg,1923,1830,-93
37570.jpg,1923,1928,5
37575.jpg,1923,1928,5
37580.jpg,1923,1930,7
37585.jpg,1923,1923,0
37590.jpg,1923,1920,-3
37595.jpg,1923,1750,-173
37600.jpg,1923,1926,3
37605.jpg,1923,1902,-21
37610.jpg,1923,1935,12
37615.jpg,1923,1938,15
37620.jpg,1923,1920,-3
37625.jpg,1923,1936,13
37630.jpg,1923,1928,5
37635.jpg,1923,1930,7
37640.jpg,1923,1895,-28
37645.jpg,1923,1880,-43
37650.jpg,1923,1930,7
37655.jpg,1923,1930,7
37660.jpg,1923,1920,-3
37665.jpg,1923,1920,-3
37670.jpg,1924,1925,1
37675.jpg,1924,1926,2
37680.jpg,1924,1928,4
37685.jpg,1924,1927,3
37690.jpg,1924,1927,3
37695.jpg,1924,1927,3
37700.jpg,1924,1928,4
37705.jpg,1924,1965,41
37710.jpg,1924,2000,76
37715.jpg,1924,1935,11
37720.jpg,1924,1960,36
37725.jpg,1924,1960,36
37730.jpg,1924,1990,66
37735.jpg,1924,1930,6
37740.jpg,1924,1928,4
37745.jpg,1924,1928,4
37750.jpg,1924,1925,1
37755.jpg,1924,1928,4
37760.jpg,1924,1925,1
37765.jpg,1924,1925,1
37770.jpg,1924,1880,-44
37775.jpg,1924,1930,6
37780.jpg,1924,1925,1
37785.jpg,1924,1930,6
37790.jpg,1924,1925,1
37795.jpg,1924,1910,-14
37805.jpg,1924,1929,5
37810.jpg,1924,1924,0
37815.jpg,1924,1928,4
37820.jpg,1924,1870,-54
37825.jpg,1924,1928,4
37830.jpg,1924,1928,4
37835.jpg,1924,1928,4
37845.jpg,1924,1920,-4
37850.jpg,1924,1920,-4
37855.jpg,1924,1928,4
37860.jpg,1924,1930,6
37865.jpg,1924,1888,-36
37870.jpg,1924,1920,-4
37875.jpg,1924,1990,66
37880.jpg,1924,1930,6
37885.jpg,1924,1880,-44
37890.jpg,1924,1924,0
37895.jpg,1924,1920,-4
37900.jpg,1924,1928,4
37905.jpg,1924,1930,6
37910.jpg,1924,1928,4
37915.jpg,1924,1920,-4
37920.jpg,1924,1928,4
37925.jpg,1924,1915,-9
37930.jpg,1924,1910,-14
37935.jpg,1924,1820,-104
37940.jpg,1924,1928,4
37945.jpg,1924,1972,48
37950.jpg,1924,1901,-23
37955.jpg,1924,1930,6
37960.jpg,1924,2000,76
37965.jpg,1924,1950,26
37970.jpg,1924,1905,-19
37975.jpg,1924,1905,-19
37980.jpg,1924,1922,-2
37985.jpg,1924,1965,41
37990.jpg,1924,1935,11
37995.jpg,1924,1928,4
38000.jpg,1924,1924,0
38005.jpg,1924,1930,6
38010.jpg,1924,1928,4
38015.jpg,1924,1928,4
38020.jpg,1924,1831,-93
38025.jpg,1924,1930,6
38030.jpg,1924,1930,6
38035.jpg,1924,1933,9
38040.jpg,1924,1908,-16
38045.jpg,1924,1936,12
38050.jpg,1924,1910,-14
38055.jpg,1924,1928,4
38060.jpg,1924,1890,-34
38065.jpg,1924,1925,1
38070.jpg,1924,1930,6
38075.jpg,1924,1930,6
38080.jpg,1925,1830,-95
38085.jpg,1925,1910,-15
38090.jpg,1925,1936,11
38095.jpg,1925,1928,3
38100.jpg,1925,1955,30
38105.jpg,1925,1928,3
38110.jpg,1925,1938,13
38115.jpg,1925,1970,45
38120.jpg,1925,1955,30
38125.jpg,1925,1970,45
38130.jpg,1925,2017,92
38135.jpg,1925,1990,65
38140.jpg,1925,1910,-15
38145.jpg,1925,1916,-9
38150.jpg,1925,1936,11
38155.jpg,1925,1930,5
38160.jpg,1925,1906,-19
38165.jpg,1925,1930,5
38170.jpg,1925,1928,3
38175.jpg,1925,1950,25
38180.jpg,1925,1960,35
38185.jpg,1925,1936,11
38190.jpg,1925,1960,35
38195.jpg,1925,1928,3
38200.jpg,1925,1930,5
38205.jpg,1925,1935,10
38210.jpg,1925,1930,5
38215.jpg,1925,1930,5
38220.jpg,1925,1929,4
38225.jpg,1925,1928,3
38230.jpg,1925,1929,4
38235.jpg,1925,1929,4
38245.jpg,1925,1929,4
38255.jpg,1925,1930,5
38260.jpg,1925,1932,7
38265.jpg,1925,1930,5
38270.jpg,1925,1880,-45
38275.jpg,1925,1938,13
38280.jpg,1925,1930,5
38285.jpg,1925,1931,6
38290.jpg,1925,1904,-21
38295.jpg,1925,1928,3
38300.jpg,1925,1928,3
38305.jpg,1925,1928,3
38310.jpg,1925,1905,-20
38315.jpg,1925,1930,5
38320.jpg,1925,1910,-15
38325.jpg,1925,1928,3
38330.jpg,1925,1920,-5
38335.jpg,1925,1928,3
38340.jpg,1925,1928,3
38345.jpg,1925,1920,-5
38350.jpg,1925,1928,3
38355.jpg,1925,1928,3
38360.jpg,1925,1928,3
38365.jpg,1925,1910,-15
38370.jpg,1925,1920,-5
38375.jpg,1925,1928,3
38380.jpg,1925,1925,0
38385.jpg,1925,1925,0
38390.jpg,1925,1920,-5
38395.jpg,1925,1925,0
38400.jpg,1925,1620,-305
38405.jpg,1925,1930,5
38410.jpg,1925,1928,3
38415.jpg,1925,1930,5
38420.jpg,1925,1930,5
38425.jpg,1925,1888,-37
38435.jpg,1925,1938,13
38440.jpg,1925,1927,2
38450.jpg,1925,1915,-10
38455.jpg,1925,1910,-15
38460.jpg,1925,1930,5
38465.jpg,1925,1928,3
38470.jpg,1925,1930,5
38475.jpg,1925,1925,0
38480.jpg,1925,1928,3
38490.jpg,1925,1897,-28
38495.jpg,1925,1930,5
38500.jpg,1925,1925,0
38505.jpg,1925,1880,-45
38510.jpg,1925,1925,0
38515.jpg,1926,1931,5
38520.jpg,1926,1928,2
38525.jpg,1926,1931,5
38530.jpg,1926,1928,2
38535.jpg,1926,1950,24
38540.jpg,1926,1926,0
38545.jpg,1926,1870,-56
38550.jpg,1926,1910,-16
38555.jpg,1926,1926,0
38560.jpg,1926,1927,1
38565.jpg,1926,1860,-66
38570.jpg,1926,1930,4
38575.jpg,1926,1968,42
38580.jpg,1926,1960,34
38585.jpg,1926,1950,24
38590.jpg,1926,1955,29
38595.jpg,1926,1958,32
38600.jpg,1926,1965,39
38605.jpg,1926,1980,54
38610.jpg,1926,1920,-6
38620.jpg,1926,1935,9
38625.jpg,1926,1930,4
38630.jpg,1926,1950,24
38635.jpg,1926,1935,9
38640.jpg,1926,1920,-6
38645.jpg,1926,1950,24
38650.jpg,1926,1955,29
38655.jpg,1926,1955,29
38660.jpg,1926,1936,10
38665.jpg,1926,1930,4
38670.jpg,1926,1933,7
38675.jpg,1926,1929,3
38680.jpg,1926,1929,3
38685.jpg,1926,1929,3
38690.jpg,1926,1955,29
38695.jpg,1926,1928,2
38700.jpg,1926,1933,7
38705.jpg,1926,1885,-41
38710.jpg,1926,1929,3
38715.jpg,1926,1930,4
38720.jpg,1926,1920,-6
38725.jpg,1926,1930,4
38730.jpg,1926,1929,3
38735.jpg,1926,1927,1
38740.jpg,1926,1936,10
38745.jpg,1926,1931,5
38750.jpg,1926,1929,3
38755.jpg,1926,1928,2
38760.jpg,1926,1930,4
38765.jpg,1926,1930,4
38770.jpg,1926,1928,2
38775.jpg,1926,1730,-196
38780.jpg,1926,1928,2
38785.jpg,1926,1930,4
38790.jpg,1926,1928,2
38795.jpg,1926,1928,2
38800.jpg,1926,1925,-1
38805.jpg,1926,1928,2
38810.jpg,1926,1925,-1
38815.jpg,1926,1830,-96
38820.jpg,1926,1920,-6
38825.jpg,1926,1928,2
38830.jpg,1926,1928,2
38835.jpg,1926,1930,4
38840.jpg,1926,1930,4
38845.jpg,1926,1950,24
38850.jpg,1926,1928,2
38855.jpg,1926,1930,4
38860.jpg,1926,1910,-16
38865.jpg,1926,1930,4
38870.jpg,1926,1928,2
38875.jpg,1926,1928,2
38880.jpg,1926,1929,3
38885.jpg,1926,1927,1
38890.jpg,1926,1937,11
38895.jpg,1926,1930,4
38905.jpg,1926,1905,-21
38910.jpg,1926,1913,-13
38915.jpg,1926,1930,4
38920.jpg,1926,1928,2
38925.jpg,1926,1928,2
38930.jpg,1926,1929,3
38935.jpg,1926,1928,2
38940.jpg,1926,1930,4
38945.jpg,1926,1910,-16
38950.jpg,1926,1950,24
38955.jpg,1926,1965,39
38960.jpg,1926,1903,-23
38965.jpg,1926,1928,2
38970.jpg,1926,1930,4
38975.jpg,1926,1930,4
38980.jpg,1926,1954,28
38985.jpg,1926,1928,2
38990.jpg,1926,1932,6
38995.jpg,1927,1930,3
39000.jpg,1927,1928,1
39005.jpg,1927,1928,1
39010.jpg,1927,1928,1
39020.jpg,1927,1930,3
39025.jpg,1927,1920,-7
39030.jpg,1927,1928,1
39035.jpg,1927,1928,1
39040.jpg,1927,1931,4
39045.jpg,1927,1930,3
39050.jpg,1927,1928,1
39055.jpg,1927,1931,4
39060.jpg,1927,1926,-1
39065.jpg,1927,1926,-1
39070.jpg,1927,1928,1
39075.jpg,1927,1927,0
39080.jpg,1927,1928,1
39085.jpg,1927,1968,41
39090.jpg,1927,1990,63
39110.jpg,1927,2005,78
39115.jpg,1927,1930,3
39120.jpg,1927,1931,4
39125.jpg,1927,1950,23
39130.jpg,1927,1930,3
39135.jpg,1927,1930,3
39140.jpg,1927,1925,-2
39145.jpg,1927,1936,9
39150.jpg,1927,1925,-2
39155.jpg,1927,1935,8
39160.jpg,1927,1935,8
39165.jpg,1927,1935,8
39170.jpg,1927,1920,-7
39175.jpg,1927,1929,2
39180.jpg,1927,1910,-17
39185.jpg,1927,1912,-15
39190.jpg,1927,1929,2
39195.jpg,1927,1929,2
39200.jpg,1927,1930,3
39205.jpg,1927,1929,2
39210.jpg,1927,1930,3
39215.jpg,1927,1928,1
39220.jpg,1927,1930,3
39225.jpg,1927,1887,-40
39230.jpg,1927,1925,-2
39235.jpg,1927,1924,-3
39240.jpg,1927,1936,9
39245.jpg,1927,1926,-1
39250.jpg,1927,1928,1
39255.jpg,1927,1890,-37
39260.jpg,1927,1930,3
39265.jpg,1927,1930,3
39270.jpg,1927,1929,2
39275.jpg,1927,1928,1
39280.jpg,1927,1930,3
39285.jpg,1927,1930,3
39290.jpg,1927,1930,3
39295.jpg,1927,1935,8
39300.jpg,1927,1925,-2
39305.jpg,1927,1928,1
39310.jpg,1927,1928,1
39315.jpg,1927,1930,3
39320.jpg,1927,1750,-177
39325.jpg,1927,1931,4
39330.jpg,1927,1928,1
39335.jpg,1927,1920,-7
39340.jpg,1927,1926,-1
39345.jpg,1927,1910,-17
39350.jpg,1927,1910,-17
39355.jpg,1927,1960,33
39360.jpg,1927,1930,3
39365.jpg,1927,1927,0
39370.jpg,1927,1970,43
39375.jpg,1927,1928,1
39380.jpg,1927,1925,-2
39385.jpg,1927,1936,9
39390.jpg,1927,1928,1
39395.jpg,1927,1850,-77
39400.jpg,1927,1910,-17
39405.jpg,1927,1990,63
39410.jpg,1927,1968,41
39415.jpg,1927,1924,-3
39420.jpg,1927,1927,0
39425.jpg,1927,1936,9
39430.jpg,1927,1910,-17
39435.jpg,1927,1925,-2
39440.jpg,1927,1930,3
39445.jpg,1927,1900,-27
39450.jpg,1927,1901,-26
39455.jpg,1927,1935,8
39460.jpg,1927,1977,50
39465.jpg,1927,1877,-50
39470.jpg,1927,1928,1
39475.jpg,1927,1929,2
39480.jpg,1927,1928,1
39485.jpg,1927,1920,-7
39490.jpg,1927,1936,9
39495.jpg,1927,1910,-17
39500.jpg,1927,1928,1
39505.jpg,1927,1930,3
39510.jpg,1928,1926,-2
39515.jpg,1928,1927,-1
39520.jpg,1928,1929,1
39525.jpg,1928,1929,1
39530.jpg,1928,1928,0
39535.jpg,1928,1928,0
39540.jpg,1928,1927,-1
39545.jpg,1928,1928,0
39550.jpg,1928,1929,1
39555.jpg,1928,1928,0
39560.jpg,1928,1927,-1
39565.jpg,1928,1938,10
39570.jpg,1928,1928,0
39575.jpg,1928,2008,80
39580.jpg,1928,1930,2
39585.jpg,1928,1920,-8
39590.jpg,1928,1928,0
39595.jpg,1928,1929,1
39600.jpg,1928,1950,22
39605.jpg,1928,2015,87
39610.jpg,1928,1985,57
39615.jpg,1928,1988,60
39620.jpg,1928,1930,2
39625.jpg,1928,1910,-18
39630.jpg,1928,1930,2
39635.jpg,1928,1930,2
39640.jpg,1928,1930,2
39645.jpg,1928,1935,7
39650.jpg,1928,1930,2
39655.jpg,1928,1930,2
39660.jpg,1928,1930,2
39665.jpg,1928,1925,-3
39670.jpg,1928,1929,1
39675.jpg,1928,1913,-15
39680.jpg,1928,1922,-6
39685.jpg,1928,1928,0
39690.jpg,1928,1928,0
39695.jpg,1928,1929,1
39700.jpg,1928,1929,1
39705.jpg,1928,1911,-17
39710.jpg,1928,1928,0
39715.jpg,1928,1928,0
39720.jpg,1928,1928,0
39725.jpg,1928,1920,-8
39730.jpg,1928,1931,3
39735.jpg,1928,1910,-18
39740.jpg,1928,1960,32
39745.jpg,1928,1930,2
39750.jpg,1928,1935,7
39755.jpg,1928,1837,-91
39760.jpg,1928,1880,-48
39765.jpg,1928,1934,6
39770.jpg,1928,1900,-28
39775.jpg,1928,1928,0
39780.jpg,1928,1905,-23
39785.jpg,1928,1928,0
39790.jpg,1928,1928,0
39795.jpg,1928,1925,-3
39800.jpg,1928,1930,2
39805.jpg,1928,1928,0
39810.jpg,1928,1930,2
39815.jpg,1928,1928,0
39820.jpg,1928,1902,-26
39825.jpg,1928,1930,2
39830.jpg,1928,1930,2
39835.jpg,1928,1930,2
39840.jpg,1928,1900,-28
39845.jpg,1928,1910,-18
39850.jpg,1928,1955,27
39855.jpg,1928,1928,0
39860.jpg,1928,1928,0
39865.jpg,1928,1850,-78
39870.jpg,1928,1750,-178
39875.jpg,1928,1928,0
39880.jpg,1928,1930,2
39885.jpg,1928,1900,-28
39890.jpg,1928,1925,-3
39895.jpg,1928,1920,-8
39900.jpg,1928,2002,74
39905.jpg,1928,1937,9
39910.jpg,1928,1936,8
39915.jpg,1928,1840,-88
39920.jpg,1928,1955,27
39925.jpg,1928,1935,7
39930.jpg,1928,1932,4
39935.jpg,1928,1900,-28
39940.jpg,1928,1937,9
39945.jpg,1928,1930,2
39950.jpg,1928,1925,-3
39955.jpg,1928,1870,-58
39960.jpg,1928,1920,-8
39965.jpg,1928,1930,2
39970.jpg,1928,1905,-23
39975.jpg,1928,1910,-18
39980.jpg,1928,1874,-54
39985.jpg,1928,1930,2
39990.jpg,1928,1939,11
39995.jpg,1928,1929,1
40000.jpg,1928,1920,-8
40010.jpg,1928,1950,22
40015.jpg,1928,1930,2
40020.jpg,1928,1929,1
40025.jpg,1928,1930,2
40030.jpg,1928,1928,0
40035.jpg,1928,1928,0
40040.jpg,1928,1930,2
40045.jpg,1929,1922,-7
40050.jpg,1929,1929,0
40055.jpg,1929,1929,0
40060.jpg,1929,1930,1
40065.jpg,1929,1929,0
40070.jpg,1929,1920,-9
40075.jpg,1929,1926,-3
40080.jpg,1929,1920,-9
40095.jpg,1929,1929,0
40105.jpg,1929,1930,1
40110.jpg,1929,1930,1
40115.jpg,1929,1930,1
40120.jpg,1929,1905,-24
40125.jpg,1929,1935,6
40130.jpg,1929,1928,-1
40135.jpg,1929,1928,-1
40140.jpg,1929,1935,6
40145.jpg,1929,1933,4
40150.jpg,1929,1929,0
40155.jpg,1929,1928,-1
40160.jpg,1929,1931,2
40165.jpg,1929,1929,0
40170.jpg,1929,1929,0
40175.jpg,1929,1929,0
40180.jpg,1929,1929,0
40185.jpg,1929,1929,0
40190.jpg,1929,1900,-29
40195.jpg,1929,1929,0
40200.jpg,1929,1929,0
40205.jpg,1929,1910,-19
40210.jpg,1929,1931,2
40215.jpg,1929,1924,-5
40220.jpg,1929,1930,1
40225.jpg,1929,1928,-1
40230.jpg,1929,1880,-49
40235.jpg,1929,1910,-19
40240.jpg,1929,1910,-19
40245.jpg,1929,1928,-1
40250.jpg,1929,1965,36
40255.jpg,1929,1930,1
40260.jpg,1929,1905,-24
40265.jpg,1929,1925,-4
40270.jpg,1929,1920,-9
40275.jpg,1929,1930,1
40280.jpg,1929,1936,7
40285.jpg,1929,1932,3
40290.jpg,1929,1362,-567
40295.jpg,1929,1880,-49
40305.jpg,1929,1928,-1
40310.jpg,1929,1929,0
40315.jpg,1929,1930,1
40320.jpg,1929,1925,-4
40325.jpg,1929,1925,-4
40330.jpg,1929,1928,-1
40335.jpg,1929,1680,-249
40340.jpg,1929,1928,-1
40345.jpg,1929,1950,21
40350.jpg,1929,1900,-29
40355.jpg,1929,1928,-1
40360.jpg,1929,1928,-1
40365.jpg,1929,1920,-9
40370.jpg,1929,1920,-9
40375.jpg,1929,1928,-1
40380.jpg,1929,1910,-19
40385.jpg,1929,1970,41
40390.jpg,1929,1925,-4
40395.jpg,1929,1930,1
40400.jpg,1929,1927,-2
40405.jpg,1929,1905,-24
40410.jpg,1929,1922,-7
40415.jpg,1929,1930,1
40420.jpg,1929,1938,9
40425.jpg,1929,1928,-1
40430.jpg,1929,1880,-49
40435.jpg,1929,1930,1
40440.jpg,1929,1905,-24
40450.jpg,1929,1910,-19
40455.jpg,1929,1935,6
40460.jpg,1929,1978,49
40465.jpg,1929,1929,0
40470.jpg,1929,1930,1
40475.jpg,1929,1928,-1
40480.jpg,1929,1930,1
40485.jpg,1929,1930,1
40490.jpg,1929,1920,-9
40495.jpg,1929,1910,-19
40500.jpg,1929,1928,-1
40505.jpg,1929,1962,33
40510.jpg,1929,1920,-9
40515.jpg,1929,1930,1
40520.jpg,1929,1926,-3
40525.jpg,1929,1905,-24
40530.jpg,1929,1930,1
40535.jpg,1929,1936,7
40540.jpg,1930,1928,-2
40545.jpg,1930,1967,37
40550.jpg,1930,1960,30
40555.jpg,1930,1933,3
40560.jpg,1930,1965,35
40565.jpg,1930,2002,72
40570.jpg,1930,1910,-20
40575.jpg,1930,1935,5
40580.jpg,1930,1930,0
40585.jpg,1930,1936,6
40590.jpg,1930,1930,0
40595.jpg,1930,1930,0
40600.jpg,1930,1930,0
40605.jpg,1930,1936,6
40610.jpg,1930,1910,-20
40615.jpg,1930,1840,-90
40620.jpg,1930,1928,-2
40625.jpg,1930,1936,6
40630.jpg,1930,1936,6
40635.jpg,1930,1935,5
40640.jpg,1930,1930,0
40645.jpg,1930,1988,58
40650.jpg,1930,1923,-7
40655.jpg,1930,1920,-10
40660.jpg,1930,1880,-50
40665.jpg,1930,1905,-25
40670.jpg,1930,1935,5
40675.jpg,1930,1859,-71
40680.jpg,1930,1930,0
40685.jpg,1930,1930,0
40690.jpg,1930,1928,-2
40695.jpg,1930,1920,-10
40700.jpg,1930,1925,-5
40705.jpg,1930,1931,1
40710.jpg,1930,1780,-150
40715.jpg,1930,1908,-22
40720.jpg,1930,1890,-40
40725.jpg,1930,1930,0
40730.jpg,1930,1928,-2
40735.jpg,1930,1920,-10
40740.jpg,1930,1920,-10
40745.jpg,1930,1928,-2
40750.jpg,1930,1750,-180
40755.jpg,1930,1930,0
40760.jpg,1930,1930,0
40765.jpg,1930,1930,0
40770.jpg,1930,1928,-2
40775.jpg,1930,1840,-90
40780.jpg,1930,2005,75
40785.jpg,1930,1937,7
40790.jpg,1930,1930,0
40795.jpg,1930,1928,-2
40800.jpg,1930,1928,-2
40805.jpg,1930,1929,-1
40810.jpg,1930,1927,-3
40815.jpg,1930,1929,-1
40820.jpg,1930,1931,1
40825.jpg,1930,1928,-2
40830.jpg,1930,1929,-1
40835.jpg,1930,1963,33
40840.jpg,1930,1920,-10
40845.jpg,1930,1933,3
40850.jpg,1930,1929,-1
40855.jpg,1930,1929,-1
40860.jpg,1930,1930,0
40865.jpg,1930,1925,-5
40870.jpg,1930,1938,8
40875.jpg,1930,1929,-1
40885.jpg,1930,1930,0
40890.jpg,1930,1930,0
40895.jpg,1930,1936,6
40900.jpg,1930,1930,0
40905.jpg,1930,1935,5
40910.jpg,1930,1930,0
40915.jpg,1930,1937,7
40920.jpg,1930,1925,-5
40925.jpg,1930,1929,-1
40930.jpg,1930,1930,0
40935.jpg,1930,1935,5
40940.jpg,1930,1920,-10
40950.jpg,1930,1932,2
40960.jpg,1930,1930,0
40965.jpg,1931,1968,37
40970.jpg,1931,1935,4
40975.jpg,1931,1931,0
40980.jpg,1931,1930,-1
40985.jpg,1931,1906,-25
40990.jpg,1931,1931,0
40995.jpg,1931,1929,-2
41000.jpg,1931,1932,1
41005.jpg,1931,1929,-2
41010.jpg,1931,1953,22
41015.jpg,1931,1968,37
41020.jpg,1931,1931,0
41025.jpg,1931,1972,41
41030.jpg,1931,1990,59
41035.jpg,1931,1928,-3
41040.jpg,1931,1930,-1
41045.jpg,1931,1950,19
41050.jpg,1931,1925,-6
41055.jpg,1931,1928,-3
41060.jpg,1931,1936,5
41065.jpg,1931,1929,-2
41070.jpg,1931,1930,-1
41075.jpg,1931,2000,69
41080.jpg,1931,1929,-2
41085.jpg,1931,1929,-2
41095.jpg,1931,1929,-2
41100.jpg,1931,1929,-2
41105.jpg,1931,1929,-2
41110.jpg,1931,1950,19
41115.jpg,1931,1936,5
41120.jpg,1931,1935,4
41125.jpg,1931,1932,1
41130.jpg,1931,1970,39
41135.jpg,1931,1928,-3
41140.jpg,1931,1931,0
41150.jpg,1931,1913,-18
41155.jpg,1931,1750,-181
41160.jpg,1931,1931,0
41165.jpg,1931,1900,-31
41170.jpg,1931,1772,-159
41175.jpg,1931,1904,-27
41180.jpg,1931,1910,-21
41185.jpg,1931,1930,-1
41190.jpg,1931,1925,-6
41195.jpg,1931,1928,-3
41200.jpg,1931,1920,-11
41205.jpg,1931,1928,-3
41210.jpg,1931,1904,-27
41215.jpg,1931,1920,-11
41220.jpg,1931,1925,-6
41225.jpg,1931,1880,-51
41230.jpg,1931,1929,-2
41235.jpg,1931,1979,48
41240.jpg,1931,1925,-6
41245.jpg,1931,1931,0
41250.jpg,1931,1930,-1
41255.jpg,1931,1926,-5
41260.jpg,1931,1930,-1
41265.jpg,1931,1929,-2
41270.jpg,1931,1930,-1
41275.jpg,1931,1935,4
41280.jpg,1931,1930,-1
41285.jpg,1931,1930,-1
41290.jpg,1931,1953,22
41295.jpg,1931,1900,-31
41305.jpg,1931,1930,-1
41310.jpg,1932,1928,-4
41320.jpg,1932,1932,0
41325.jpg,1932,1732,-200
41330.jpg,1932,1962,30
41340.jpg,1932,1975,43
41345.jpg,1932,1930,-2
41350.jpg,1932,1928,-4
41355.jpg,1932,1925,-7
41360.jpg,1932,1936,4
41365.jpg,1932,1925,-7
41370.jpg,1932,1931,-1
41375.jpg,1932,1960,28
41380.jpg,1932,1930,-2
41385.jpg,1932,1932,0
41390.jpg,1932,1930,-2
41395.jpg,1932,1938,6
41400.jpg,1932,1955,23
41405.jpg,1932,1910,-22
41410.jpg,1932,1912,-20
41415.jpg,1932,1932,0
41420.jpg,1932,1902,-30
41425.jpg,1932,1910,-22
41430.jpg,1932,1925,-7
41435.jpg,1932,1890,-42
41440.jpg,1932,1750,-182
41445.jpg,1932,1929,-3
41450.jpg,1932,1970,38
41455.jpg,1932,1750,-182
41460.jpg,1932,1741,-191
41465.jpg,1932,1928,-4
41470.jpg,1932,1950,18
41475.jpg,1932,1925,-7
41480.jpg,1932,1935,3
41485.jpg,1932,1936,4
41490.jpg,1932,1960,28
41495.jpg,1932,1930,-2
41500.jpg,1932,1980,48
41505.jpg,1932,1930,-2
41510.jpg,1932,1936,4
41515.jpg,1932,1935,3
41520.jpg,1932,1930,-2
41525.jpg,1932,1930,-2
41530.jpg,1932,1850,-82
41535.jpg,1932,1930,-2
41540.jpg,1932,1955,23
41545.jpg,1932,1930,-2
41550.jpg,1932,2001,69
41555.jpg,1932,1927,-5
41560.jpg,1932,1910,-22
41565.jpg,1932,1930,-2
41570.jpg,1933,1960,27
41575.jpg,1933,1890,-43
41580.jpg,1933,1848,-85
41585.jpg,1933,1970,37
41590.jpg,1933,1960,27
41595.jpg,1933,1933,0
41600.jpg,1933,1910,-23
41605.jpg,1933,1929,-4
41610.jpg,1933,1931,-2
41615.jpg,1933,1911,-22
41620.jpg,1933,1970,37
41625.jpg,1933,1950,17
41630.jpg,1933,1938,5
41635.jpg,1933,1930,-3
41640.jpg,1933,1720,-213
41645.jpg,1933,1840,-93
41650.jpg,1933,1930,-3
41655.jpg,1933,1907,-26
41660.jpg,1933,1932,-1
41665.jpg,1933,1925,-8
41670.jpg,1933,1930,-3
41675.jpg,1933,1936,3
41680.jpg,1933,1933,0
41685.jpg,1933,1890,-43
41690.jpg,1933,1930,-3
41695.jpg,1933,1936,3
41700.jpg,1933,1928,-5
41705.jpg,1933,1932,-1
41710.jpg,1933,1936,3
41715.jpg,1933,1916,-17
41720.jpg,1933,1905,-28
41725.jpg,1933,1905,-28
41730.jpg,1933,1913,-20
41745.jpg,1933,1790,-143
41750.jpg,1933,1932,-1
41755.jpg,1933,1962,29
41760.jpg,1933,1930,-3
41765.jpg,1933,1935,2
41770.jpg,1933,1928,-5
41775.jpg,1933,1930,-3
41780.jpg,1933,1898,-35
41785.jpg,1933,1900,-33
41790.jpg,1933,1920,-13
41795.jpg,1933,2005,72
41800.jpg,1933,1920,-13
41805.jpg,1933,1942,9
41810.jpg,1933,1930,-3
41815.jpg,1933,1905,-28
41820.jpg,1933,1930,-3
41825.jpg,1933,1910,-23
41830.jpg,1933,1935,2
41835.jpg,1934,1925,-9
41840.jpg,1934,1935,1
41845.jpg,1934,1972,38
41850.jpg,1934,1930,-4
41855.jpg,1934,1960,26
41860.jpg,1934,1995,61
41865.jpg,1934,2008,74
41870.jpg,1934,2008,74
41875.jpg,1934,1937,3
41880.jpg,1934,1920,-14
41885.jpg,1934,1930,-4
41890.jpg,1934,1935,1
41895.jpg,1934,2017,83
41900.jpg,1934,1933,-1
41905.jpg,1934,1930,-4
41910.jpg,1934,1930,-4
41915.jpg,1934,1930,-4
41920.jpg,1934,1955,21
41925.jpg,1934,1880,-54
41930.jpg,1934,1934,0
41935.jpg,1934,1930,-4
41940.jpg,1934,1928,-6
41945.jpg,1934,1920,-14
41950.jpg,1934,1930,-4
41955.jpg,1934,1930,-4
41960.jpg,1934,1930,-4
41965.jpg,1934,1870,-64
41970.jpg,1934,1754,-180
41975.jpg,1934,1997,63
41980.jpg,1934,1935,1
41985.jpg,1934,1935,1
41990.jpg,1934,1930,-4
41995.jpg,1934,1935,1
42000.jpg,1934,1935,1
42005.jpg,1934,1910,-24
42010.jpg,1935,1890,-45
42015.jpg,1935,1890,-45
42020.jpg,1935,1936,1
42025.jpg,1935,1903,-32
42035.jpg,1935,1960,25
42040.jpg,1935,1955,20
42045.jpg,1935,1935,0
42050.jpg,1935,1936,1
42060.jpg,1935,1936,1
42065.jpg,1935,1978,43
42070.jpg,1935,1936,1
42075.jpg,1935,1935,0
42080.jpg,1935,1931,-4
42085.jpg,1935,1865,-70
42090.jpg,1935,1938,3
42095.jpg,1935,1836,-99
42100.jpg,1935,1980,45
42105.jpg,1935,1934,-1
42110.jpg,1935,1930,-5
42115.jpg,1935,1915,-20
42120.jpg,1935,1964,29
42125.jpg,1935,1830,-105
42130.jpg,1935,1930,-5
42135.jpg,1935,1930,-5
42140.jpg,1935,1920,-15
42145.jpg,1935,1750,-185
42150.jpg,1935,1840,-95
42155.jpg,1935,1850,-85
42160.jpg,1935,1930,-5
42165.jpg,1935,1930,-5
42170.jpg,1935,1936,1
42175.jpg,1935,1973,38
42180.jpg,1935,1928,-7
42185.jpg,1935,1960,25
42190.jpg,1935,1910,-25
42195.jpg,1935,1932,-3
42200.jpg,1935,1970,35
42205.jpg,1935,1938,3
42210.jpg,1935,1930,-5
42215.jpg,1935,1910,-25
42220.jpg,1935,1920,-15
42225.jpg,1935,1909,-26
42230.jpg,1935,1936,1
42235.jpg,1935,1929,-6
42240.jpg,1935,1935,0
42250.jpg,1935,1938,3
42255.jpg,1935,1910,-25
42260.jpg,1935,1960,25
42265.jpg,1935,1930,-5
42270.jpg,1935,1931,-4
42275.jpg,1935,1936,1
42280.jpg,1935,1950,15
42285.jpg,1935,1927,-8
42290.jpg,1935,1960,25
42295.jpg,1936,1928,-8
42300.jpg,1936,1960,24
42305.jpg,1936,1938,2
42310.jpg,1936,1930,-6
42315.jpg,1936,1938,2
42320.jpg,1936,1970,34
42325.jpg,1936,1960,24
42330.jpg,1936,2005,69
42335.jpg,1936,1960,24
42340.jpg,1936,1935,-1
42345.jpg,1936,1936,0
42350.jpg,1936,1940,4
42355.jpg,1936,1935,-1
42360.jpg,1936,1960,24
42365.jpg,1936,1780,-156
42370.jpg,1936,1935,-1
42375.jpg,1936,1910,-26
42380.jpg,1936,1965,29
42385.jpg,1936,1930,-6
42390.jpg,1936,1932,-4
42395.jpg,1936,1942,6
42400.jpg,1936,1960,24
42405.jpg,1936,1890,-46
42410.jpg,1936,1970,34
42415.jpg,1936,1935,-1
42420.jpg,1936,1932,-4
42425.jpg,1936,1915,-21
42430.jpg,1936,1928,-8
42435.jpg,1936,1970,34
42440.jpg,1936,1935,-1
42445.jpg,1936,1920,-16
42450.jpg,1936,1920,-16
42455.jpg,1936,1955,19
42460.jpg,1936,1937,1
42465.jpg,1936,1930,-6
42470.jpg,1936,1960,24
42475.jpg,1936,1930,-6
42480.jpg,1936,1680,-256
42485.jpg,1936,1905,-31
42490.jpg,1936,1935,-1
42495.jpg,1936,1962,26
42500.jpg,1936,1950,14
42505.jpg,1936,1930,-6
42510.jpg,1936,1935,-1
42515.jpg,1936,1935,-1
42520.jpg,1936,1860,-76
42525.jpg,1936,1928,-8
42530.jpg,1936,1970,34
42535.jpg,1936,1936,0
42540.jpg,1936,1912,-24
42545.jpg,1936,1935,-1
42550.jpg,1936,1936,0
42555.jpg,1936,1620,-316
42560.jpg,1936,1930,-6
42565.jpg,1936,1937,1
42570.jpg,1936,1937,1
42575.jpg,1936,1930,-6
42585.jpg,1936,1935,-1
42595.jpg,1936,1935,-1
42600.jpg,1936,1936,0
42610.jpg,1937,1937,0
42615.jpg,1937,1937,0
42620.jpg,1937,1937,0
42625.jpg,1937,1930,-7
42630.jpg,1937,1998,61
42635.jpg,1937,1936,-1
42640.jpg,1937,1997,60
42645.jpg,1937,1932,-5
42650.jpg,1937,1937,0
42655.jpg,1937,2005,68
42660.jpg,1937,1930,-7
42665.jpg,1937,1930,-7
42670.jpg,1937,1905,-32
42675.jpg,1937,1935,-2
42680.jpg,1937,1950,13
42685.jpg,1937,1935,-2
42690.jpg,1937,1975,38
42695.jpg,1937,1955,18
42700.jpg,1937,1935,-2
42705.jpg,1937,1936,-1
42710.jpg,1937,1932,-5
42715.jpg,1937,1970,33
42720.jpg,1937,1930,-7
42725.jpg,1937,1850,-87
42730.jpg,1937,1970,33
42735.jpg,1937,1950,13
42740.jpg,1937,1937,0
42745.jpg,1937,1968,31
42750.jpg,1937,1960,23
42755.jpg,1937,1905,-32
42765.jpg,1937,1840,-97
42770.jpg,1937,1998,61
42775.jpg,1937,1930,-7
42780.jpg,1937,1908,-29
42785.jpg,1937,1939,2
42790.jpg,1937,1937,0
42795.jpg,1937,1937,0
42800.jpg,1937,1930,-7
42805.jpg,1937,1937,0
42810.jpg,1937,1790,-147
42815.jpg,1937,1928,-9
42820.jpg,1937,1987,50
42825.jpg,1937,1901,-36
42830.jpg,1937,1943,6
42835.jpg,1937,1950,13
42840.jpg,1937,1930,-7
42845.jpg,1937,1935,-2
42850.jpg,1937,1920,-17
42855.jpg,1937,1931,-6
42860.jpg,1937,1920,-17
42865.jpg,1937,1968,31
42870.jpg,1937,1958,21
42875.jpg,1937,1970,33
42880.jpg,1937,1880,-57
42885.jpg,1937,1960,23
42890.jpg,1937,1927,-10
42895.jpg,1937,1930,-7
42900.jpg,1937,1938,1
42905.jpg,1937,1931,-6
42910.jpg,1937,961,-976
42915.jpg,1938,1930,-8
42920.jpg,1938,1938,0
42925.jpg,1938,1928,-10
42930.jpg,1938,1938,0
42935.jpg,1938,1927,-11
42940.jpg,1938,1938,0
42945.jpg,1938,2019,81
42950.jpg,1938,1988,50
42955.jpg,1938,1990,52
42960.jpg,1938,1938,0
42965.jpg,1938,1937,-1
42970.jpg,1938,1930,-8
42975.jpg,1938,1928,-10
42980.jpg,1938,1930,-8
42985.jpg,1938,1925,-13
42990.jpg,1938,1935,-3
42995.jpg,1938,1935,-3
43000.jpg,1938,1955,17
43005.jpg,1938,1930,-8
43010.jpg,1938,1900,-38
43015.jpg,1938,1950,12
43020.jpg,1938,1880,-58
43025.jpg,1938,1953,15
43030.jpg,1938,1905,-33
43035.jpg,1938,1920,-18
43040.jpg,1938,1935,-3
43045.jpg,1938,1928,-10
43050.jpg,1938,1930,-8
43055.jpg,1938,1935,-3
43060.jpg,1938,1968,30
43065.jpg,1938,1905,-33
43070.jpg,1938,1960,22
43075.jpg,1938,1935,-3
43080.jpg,1938,1956,18
43085.jpg,1938,1930,-8
43090.jpg,1938,1972,34
43095.jpg,1938,1930,-8
43100.jpg,1938,1968,30
43105.jpg,1938,1938,0
43110.jpg,1938,1939,1
43115.jpg,1938,1927,-11
43120.jpg,1938,1930,-8
43125.jpg,1938,1880,-58
43130.jpg,1938,1937,-1
43135.jpg,1938,1920,-18
43140.jpg,1938,1935,-3
43145.jpg,1938,1925,-13
43150.jpg,1938,1780,-158
43155.jpg,1938,1960,22
43160.jpg,1938,1936,-2
43165.jpg,1938,1960,22
43170.jpg,1938,1938,0
43175.jpg,1938,1980,42
43185.jpg,1938,1938,0
43190.jpg,1938,1935,-3
43195.jpg,1938,1938,0
43200.jpg,1938,1960,22
43210.jpg,1939,1936,-3
43215.jpg,1939,1940,1
43220.jpg,1939,1930,-9
43225.jpg,1939,1910,-29
43235.jpg,1939,2009,70
43245.jpg,1939,1968,29
43250.jpg,1939,1960,21
43255.jpg,1939,1970,31
43260.jpg,1939,1938,-1
43270.jpg,1939,1936,-3
43275.jpg,1939,1930,-9
43280.jpg,1939,1920,-19
43285.jpg,1939,1936,-3
43290.jpg,1939,1936,-3
43295.jpg,1939,1936,-3
43300.jpg,1939,1935,-4
43305.jpg,1939,1967,28
43310.jpg,1939,1936,-3
43315.jpg,1939,1936,-3
43320.jpg,1939,1936,-3
43325.jpg,1939,1930,-9
43330.jpg,1939,1990,51
43335.jpg,1939,1931,-8
43340.jpg,1939,1935,-4
43345.jpg,1939,1928,-11
43350.jpg,1939,1982,43
43360.jpg,1939,1934,-5
43365.jpg,1939,1780,-159
43370.jpg,1939,1920,-19
43375.jpg,1939,1890,-49
43380.jpg,1939,1956,17
43385.jpg,1939,1959,20
43390.jpg,1939,1930,-9
43395.jpg,1939,1955,16
43400.jpg,1939,2006,67
43405.jpg,1939,2015,76
43410.jpg,1939,1938,-1
43415.jpg,1939,1930,-9
43420.jpg,1939,1935,-4
43425.jpg,1939,1928,-11
43430.jpg,1939,1910,-29
43435.jpg,1939,1937,-2
43440.jpg,1939,1935,-4
43445.jpg,1939,1980,41
43450.jpg,1939,1970,31
43455.jpg,1939,1936,-3
43460.jpg,1939,1910,-29
43465.jpg,1939,1910,-29
43470.jpg,1940,1935,-5
43475.jpg,1940,1938,-2
43480.jpg,1940,1928,-12
43485.jpg,1940,1930,-10
43490.jpg,1940,1936,-4
43495.jpg,1940,1960,20
43500.jpg,1940,1950,10
43505.jpg,1940,2011,71
43510.jpg,1940,1936,-4
43515.jpg,1940,1950,10
43520.jpg,1940,1936,-4
43525.jpg,1940,1905,-35
43530.jpg,1940,1935,-5
43535.jpg,1940,1935,-5
43540.jpg,1940,1958,18
43545.jpg,1940,1931,-9
43550.jpg,1940,1936,-4
43555.jpg,1940,1936,-4
43560.jpg,1940,1935,-5
43565.jpg,1940,1935,-5
43570.jpg,1940,1930,-10
43575.jpg,1940,1936,-4
43580.jpg,1940,1902,-38
43585.jpg,1940,1936,-4
43590.jpg,1940,1938,-2
43595.jpg,1940,1998,58
43600.jpg,1940,1936,-4
43605.jpg,1940,1936,-4
43610.jpg,1940,1885,-55
43615.jpg,1940,1820,-120
43620.jpg,1940,1930,-10
43625.jpg,1940,1910,-30
43630.jpg,1940,1936,-4
43635.jpg,1940,1932,-8
43640.jpg,1940,1886,-54
43645.jpg,1940,1928,-12
43650.jpg,1940,1928,-12
43655.jpg,1940,1935,-5
43660.jpg,1940,1955,15
43665.jpg,1940,1962,22
43670.jpg,1940,1930,-10
43675.jpg,1940,1935,-5
43680.jpg,1940,1934,-6
43685.jpg,1940,1955,15
43700.jpg,1940,1910,-30
43705.jpg,1940,1930,-10
43710.jpg,1940,1930,-10
43715.jpg,1940,1935,-5
43720.jpg,1941,1938,-3
43725.jpg,1941,1938,-3
43730.jpg,1941,2011,70
43735.jpg,1941,1965,24
43740.jpg,1941,1995,54
43745.jpg,1941,1930,-11
43750.jpg,1941,1936,-5
43755.jpg,1941,1890,-51
43760.jpg,1941,1930,-11
43765.jpg,1941,1880,-61
43770.jpg,1941,1936,-5
43775.jpg,1941,1930,-11
43780.jpg,1941,1938,-3
43785.jpg,1941,1930,-11
43790.jpg,1941,1932,-9
43795.jpg,1941,1985,44
43800.jpg,1941,1880,-61
43805.jpg,1941,1840,-101
43810.jpg,1941,1950,9
43815.jpg,1941,1957,16
43820.jpg,1941,1935,-6
43825.jpg,1941,1930,-11
43830.jpg,1941,1965,24
43835.jpg,1941,1971,30
43840.jpg,1941,2022,81
43845.jpg,1941,1932,-9
43850.jpg,1941,1970,29
43855.jpg,1941,1910,-31
43860.jpg,1941,1935,-6
43865.jpg,1942,1938,-4
43870.jpg,1942,1936,-6
43875.jpg,1942,1960,18
43880.jpg,1942,1935,-7
43885.jpg,1942,1950,8
43890.jpg,1942,1955,13
43895.jpg,1942,1938,-4
43900.jpg,1942,1908,-34
43905.jpg,1942,1910,-32
43910.jpg,1942,1925,-17
43915.jpg,1942,1770,-172
43920.jpg,1942,1960,18
43925.jpg,1942,1998,56
43930.jpg,1942,1942,0
43935.jpg,1942,1975,33
43940.jpg,1942,1930,-12
43945.jpg,1942,1950,8
43950.jpg,1942,1905,-37
43955.jpg,1942,1910,-32
43960.jpg,1943,1935,-8
43965.jpg,1943,1970,27
43970.jpg,1943,1995,52
43975.jpg,1943,1935,-8
43980.jpg,1943,1943,0
43985.jpg,1943,1935,-8
43990.jpg,1943,2000,57
43995.jpg,1943,1930,-13
44000.jpg,1943,1930,-13
44005.jpg,1943,1990,47
44010.jpg,1943,1980,37
44015.jpg,1943,1935,-8
44020.jpg,1943,1925,-18
44025.jpg,1943,1965,22
44030.jpg,1944,1936,-8
44035.jpg,1944,1968,24
44040.jpg,1944,1970,26
44045.jpg,1944,1927,-17
44050.jpg,1944,1790,-154
44055.jpg,1944,1957,13
44060.jpg,1945,1820,-125
44065.jpg,1945,1938,-7
44075.jpg,1945,1985,40
44080.jpg,1945,1938,-7
44090.jpg,1945,1908,-37
44095.jpg,1945,1930,-15
44100.jpg,1945,1990,45
44105.jpg,1945,1935,-10
44110.jpg,1945,1930,-15
44115.jpg,1946,1981,35
44120.jpg,1946,1978,32
44125.jpg,1946,1970,24
44130.jpg,1946,1922,-24
44135.jpg,1946,1929,-17
44140.jpg,1946,1968,22
44145.jpg,1946,1958,12
44150.jpg,1946,1830,-116
44155.jpg,1946,1928,-18
44160.jpg,1946,1925,-21
44165.jpg,1946,1936,-10
44170.jpg,1946,1970,24
44175.jpg,1947,1938,-9
44180.jpg,1947,1930,-17
44185.jpg,1947,1880,-67
44190.jpg,1947,1975,28
44195.jpg,1947,1970,23
44200.jpg,1947,1968,21
44205.jpg,1947,1970,23
44210.jpg,1947,1980,33
44215.jpg,1947,1930,-17
44220.jpg,1947,1935,-12
44230.jpg,1947,1920,-27
44240.jpg,1947,1930,-17
44245.jpg,1947,1930,-17
44250.jpg,1947,1930,-17
44255.jpg,1947,2006,59
44260.jpg,1947,1930,-17
44270.jpg,1947,1970,23
44275.jpg,1947,1920,-27
44280.jpg,1947,1935,-12
44285.jpg,1948,1940,-8
44290.jpg,1948,1910,-38
44295.jpg,1948,1998,50
44300.jpg,1948,1930,-18
44305.jpg,1948,1960,12
44310.jpg,1948,1967,19
44315.jpg,1948,2000,52
44320.jpg,1948,1960,12
44325.jpg,1948,1950,2
44330.jpg,1948,1936,-12
44335.jpg,1948,1910,-38
44340.jpg,1948,1910,-38
44345.jpg,1948,1902,-46
44350.jpg,1948,1935,-13
44355.jpg,1948,1956,8
44360.jpg,1948,1958,10
44365.jpg,1948,1935,-13
44370.jpg,1948,1910,-38
44375.jpg,1948,1930,-18
44380.jpg,1948,1968,20
44385.jpg,1948,1990,42
44390.jpg,1948,1965,17
44395.jpg,1948,1930,-18
44400.jpg,1949,1905,-44
44405.jpg,1949,1988,39
44410.jpg,1949,1920,-29
44415.jpg,1949,2008,59
44420.jpg,1949,1974,25
44425.jpg,1949,2005,56
44430.jpg,1949,1972,23
44435.jpg,1949,1968,19
44440.jpg,1949,1980,31
44445.jpg,1949,1970,21
44450.jpg,1949,1928,-21
44455.jpg,1949,1936,-13
44460.jpg,1949,1930,-19
44465.jpg,1949,1929,-20
44470.jpg,1949,1975,26
44475.jpg,1949,1958,9
44480.jpg,1949,1957,8
44485.jpg,1949,1950,1
44490.jpg,1949,1970,21
44495.jpg,1949,1955,6
44500.jpg,1949,1950,1
44510.jpg,1949,1902,-47
44515.jpg,1949,1910,-39
44520.jpg,1949,1980,31
44525.jpg,1949,1940,-9
44530.jpg,1949,1930,-19
44535.jpg,1949,1960,11
44540.jpg,1950,1965,15
44545.jpg,1950,1962,12
44550.jpg,1950,1980,30
44555.jpg,1950,1970,20
44560.jpg,1950,1993,43
44565.jpg,1950,1972,22
44570.jpg,1950,1955,5
44575.jpg,1950,1937,-13
44585.jpg,1950,1960,10
44590.jpg,1950,1968,18
44595.jpg,1950,1990,40
44600.jpg,1950,1969,19
44605.jpg,1950,1930,-20
44610.jpg,1950,1930,-20
44615.jpg,1950,1949,-1
44620.jpg,1950,1960,10
44625.jpg,1950,1912,-38
44630.jpg,1950,1913,-37
44635.jpg,1950,1965,15
44640.jpg,1950,1955,5
44645.jpg,1950,1920,-30
44650.jpg,1950,1958,8
44655.jpg,1950,1930,-20
44660.jpg,1950,1952,2
44665.jpg,1950,1960,10
44680.jpg,1950,1990,40
44685.jpg,1950,1936,-14
44690.jpg,1950,1960,10
44695.jpg,1950,1912,-38
44700.jpg,1950,1968,18
44705.jpg,1951,1960,9
44710.jpg,1951,1930,-21
44720.jpg,1951,1970,19
44725.jpg,1951,2010,59
44730.jpg,1951,1970,19
44735.jpg,1951,1928,-23
44740.jpg,1951,1929,-22
44745.jpg,1951,1958,7
44750.jpg,1951,1968,17
44755.jpg,1951,1940,-11
44760.jpg,1951,1936,-15
44765.jpg,1951,1935,-16
44770.jpg,1951,1370,-581
44775.jpg,1951,1928,-23
44780.jpg,1951,1860,-91
44785.jpg,1951,1958,7
44790.jpg,1951,1958,7
44795.jpg,1951,1960,9
44800.jpg,1951,1955,4
44810.jpg,1951,1935,-16
44815.jpg,1951,1930,-21
44820.jpg,1951,1930,-21
44825.jpg,1951,1997,46
44830.jpg,1951,1981,30
44840.jpg,1951,1969,18
44845.jpg,1952,1962,10
44850.jpg,1952,1960,8
44855.jpg,1952,1970,18
44860.jpg,1952,1960,8
44865.jpg,1952,2011,59
44870.jpg,1952,1990,38
44875.jpg,1952,1968,16
44880.jpg,1952,1968,16
44885.jpg,1952,1935,-17
44890.jpg,1952,1980,28
44895.jpg,1952,1952,0
44900.jpg,1952,1935,-17
44905.jpg,1952,1935,-17
44910.jpg,1952,2003,51
44915.jpg,1952,1956,4
44920.jpg,1952,1955,3
44925.jpg,1952,2010,58
44930.jpg,1952,2005,53
44940.jpg,1952,1960,8
44945.jpg,1952,1998,46
44950.jpg,1952,1963,11
44955.jpg,1952,1960,8
44960.jpg,1953,1938,-15
44965.jpg,1953,1963,10
44970.jpg,1953,2005,52
44980.jpg,1953,1937,-16
44985.jpg,1953,2002,49
44990.jpg,1953,2005,52
44995.jpg,1953,1960,7
45000.jpg,1953,1975,22
45005.jpg,1953,1936,-17
45010.jpg,1953,1918,-35
45015.jpg,1953,1960,7
45020.jpg,1953,1965,12
45025.jpg,1953,1935,-18
45030.jpg,1953,1950,-3
45035.jpg,1953,1960,7
45040.jpg,1953,1960,7
45045.jpg,1953,1860,-93
45050.jpg,1953,1970,17
45055.jpg,1953,1955,2
45060.jpg,1953,1936,-17
45065.jpg,1953,1970,17
45070.jpg,1953,1958,5
45075.jpg,1953,2008,55
45080.jpg,1953,1960,7
45085.jpg,1953,1980,27
45090.jpg,1953,1913,-40
45095.jpg,1954,1964,10
45100.jpg,1954,2000,46
45105.jpg,1954,1955,1
45110.jpg,1954,1965,11
45115.jpg,1954,1957,3
45120.jpg,1954,1967,13
45125.jpg,1954,1974,20
45130.jpg,1954,1960,6
45135.jpg,1954,1970,16
45140.jpg,1954,1972,18
45150.jpg,1954,1935,-19
45155.jpg,1954,1938,-16
45160.jpg,1954,1960,6
45165.jpg,1954,1985,31
45170.jpg,1954,1988,34
45175.jpg,1954,1930,-24
45180.jpg,1954,1900,-54
45185.jpg,1954,1970,16
45190.jpg,1954,1955,1
45195.jpg,1954,1920,-34
45200.jpg,1954,1962,8
45205.jpg,1954,1927,-27
45210.jpg,1954,1928,-26
45215.jpg,1954,1985,31
45220.jpg,1954,1906,-48
45225.jpg,1954,1980,26
45230.jpg,1954,1979,25
45235.jpg,1955,1850,-105
45240.jpg,1955,1926,-29
45245.jpg,1955,1970,15
45250.jpg,1955,1950,-5
45255.jpg,1955,1960,5
45260.jpg,1955,1930,-25
45265.jpg,1955,1997,42
45275.jpg,1955,1955,0
45280.jpg,1955,1980,25
45285.jpg,1955,1950,-5
45290.jpg,1955,1931,-24
45295.jpg,1955,1961,6
45300.jpg,1955,2019,64
45310.jpg,1955,1960,5
45315.jpg,1955,1951,-4
45320.jpg,1955,1911,-44
45325.jpg,1955,1932,-23
45330.jpg,1955,1956,1
45335.jpg,1955,1962,7
45345.jpg,1955,2010,55
45350.jpg,1955,1938,-17
45355.jpg,1955,2005,50
45360.jpg,1955,1939,-16
45365.jpg,1955,1968,13
45370.jpg,1955,1935,-20
45375.jpg,1955,1880,-75
45385.jpg,1956,1928,-28
45390.jpg,1956,1950,-6
45395.jpg,1956,1975,19
45400.jpg,1956,2003,47
45405.jpg,1956,1962,6
45410.jpg,1956,1962,6
45415.jpg,1956,1960,4
45420.jpg,1956,1970,14
45430.jpg,1956,1990,34
45435.jpg,1956,1930,-26
45440.jpg,1956,1965,9
45445.jpg,1956,1972,16
45450.jpg,1956,1962,6
45455.jpg,1956,1995,39
45460.jpg,1956,1974,18
45465.jpg,1956,1900,-56
45470.jpg,1956,1935,-21
45475.jpg,1956,1958,2
45480.jpg,1956,1959,3
45485.jpg,1956,1958,2
45490.jpg,1956,1955,-1
45495.jpg,1956,1900,-56
45500.jpg,1956,1990,34
45505.jpg,1956,1998,42
45510.jpg,1956,1972,16
45515.jpg,1956,2008,52
45520.jpg,1956,1960,4
45530.jpg,1957,1935,-22
45535.jpg,1957,1960,3
45540.jpg,1957,1987,30
45545.jpg,1957,1980,23
45550.jpg,1957,1998,41
45555.jpg,1957,1962,5
45560.jpg,1957,2003,46
45565.jpg,1957,1972,15
45570.jpg,1957,1960,3
45575.jpg,1957,1935,-22
45585.jpg,1957,1929,-28
45590.jpg,1957,1963,6
45595.jpg,1957,1960,3
45605.jpg,1957,1995,38
45610.jpg,1957,1970,13
45615.jpg,1957,1968,11
45620.jpg,1957,1985,28
45630.jpg,1957,1906,-51
45635.jpg,1957,1952,-5
45640.jpg,1957,1955,-2
45645.jpg,1957,1750,-207
45650.jpg,1957,1965,8
45655.jpg,1957,1958,1
45660.jpg,1957,1973,16
45665.jpg,1957,1890,-67
45675.jpg,1957,2010,53
45680.jpg,1957,1932,-25
45685.jpg,1957,1963,6
45695.jpg,1957,1985,28
45700.jpg,1958,1930,-28
45705.jpg,1958,2003,45
45715.jpg,1958,1968,10
45720.jpg,1958,2005,47
45730.jpg,1958,1960,2
45735.jpg,1958,2007,49
45740.jpg,1958,1935,-23
45745.jpg,1958,1943,-15
45750.jpg,1958,1998,40
45755.jpg,1958,1936,-22
45760.jpg,1958,1960,2
45765.jpg,1958,1965,7
45770.jpg,1958,1935,-23
45775.jpg,1958,1968,10
45780.jpg,1958,1930,-28
45785.jpg,1958,1985,27
45790.jpg,1958,1955,-3
45795.jpg,1958,1975,17
45800.jpg,1958,1909,-49
45805.jpg,1958,1958,0
45810.jpg,1958,1635,-323
45815.jpg,1958,1958,0
45820.jpg,1958,2005,47
45825.jpg,1958,1975,17
45830.jpg,1958,1968,10
45835.jpg,1958,1953,-5
45840.jpg,1958,1955,-3
45845.jpg,1958,1962,4
45850.jpg,1958,1939,-19
45855.jpg,1959,1963,4
45860.jpg,1959,1750,-209
45870.jpg,1959,1970,11
45880.jpg,1959,1920,-39
45885.jpg,1959,1968,9
45890.jpg,1959,1936,-23
45895.jpg,1959,1959,0
45900.jpg,1959,1965,6
45905.jpg,1959,1935,-24
45910.jpg,1959,2005,46
45915.jpg,1959,1966,7
45925.jpg,1959,1935,-24
45930.jpg,1959,1958,-1
45935.jpg,1959,1970,11
45940.jpg,1959,1970,11
45945.jpg,1959,2003,44
45950.jpg,1959,2010,51
45955.jpg,1959,1961,2
45960.jpg,1959,1968,9
45965.jpg,1959,1930,-29
45970.jpg,1959,1920,-39
45975.jpg,1959,1960,1
45980.jpg,1959,1970,11
45985.jpg,1959,1928,-31
45990.jpg,1960,1910,-50
45995.jpg,1960,1970,10
46000.jpg,1960,1960,0
46005.jpg,1960,1972,12
46015.jpg,1960,1972,12
46025.jpg,1960,1990,30
46030.jpg,1960,1967,7
46035.jpg,1960,1962,2
46040.jpg,1960,1962,2
46045.jpg,1960,1960,0
46050.jpg,1960,1936,-24
46055.jpg,1960,1935,-25
46060.jpg,1960,1960,0
46065.jpg,1960,1937,-23
46070.jpg,1960,1932,-28
46075.jpg,1960,1980,20
46080.jpg,1960,1969,9
46085.jpg,1960,1859,-101
46090.jpg,1960,1950,-10
46095.jpg,1960,1965,5
46100.jpg,1960,1962,2
46105.jpg,1960,1965,5
46110.jpg,1960,1988,28
46115.jpg,1960,1993,33
46120.jpg,1960,1985,25
46130.jpg,1960,1930,-30
46135.jpg,1960,1964,4
46140.jpg,1960,1931,-29
46145.jpg,1960,1962,2
46150.jpg,1960,1972,12
46155.jpg,1961,1928,-33
46160.jpg,1961,1972,11
46170.jpg,1961,2018,57
46180.jpg,1961,1970,9
46185.jpg,1961,1965,4
46190.jpg,1961,1880,-81
46195.jpg,1961,1965,4
46200.jpg,1961,2000,39
46205.jpg,1961,1970,9
46210.jpg,1961,1970,9
46215.jpg,1961,1970,9
46220.jpg,1961,1970,9
46225.jpg,1961,1968,7
46230.jpg,1961,1968,7
46235.jpg,1961,1962,1
46240.jpg,1961,2018,57
46245.jpg,1961,1969,8
46250.jpg,1961,1900,-61
46255.jpg,1961,1965,4
46260.jpg,1961,1955,-6
46265.jpg,1961,1967,6
46270.jpg,1961,1937,-24
46275.jpg,1961,2018,57
46280.jpg,1961,1840,-121
46285.jpg,1961,2013,52
46290.jpg,1961,1992,31
46295.jpg,1961,1985,24
46305.jpg,1961,1965,4
46310.jpg,1961,1963,2
46315.jpg,1961,1998,37
46320.jpg,1962,1965,3
46330.jpg,1962,1900,-62
46335.jpg,1962,2012,50
46340.jpg,1962,1962,0
46345.jpg,1962,1990,28
46350.jpg,1962,1970,8
46355.jpg,1962,1992,30
46360.jpg,1962,1974,12
46365.jpg,1962,1961,-1
46370.jpg,1962,1955,-7
46375.jpg,1962,1965,3
46380.jpg,1962,1965,3
46385.jpg,1962,1965,3
46390.jpg,1962,1962,0
46395.jpg,1962,1909,-53
46400.jpg,1962,1985,23
46405.jpg,1962,1889,-73
46410.jpg,1962,1978,16
46415.jpg,1962,1905,-57
46420.jpg,1962,1970,8
46425.jpg,1962,1965,3
46430.jpg,1962,1965,3
46435.jpg,1962,1838,-124
46440.jpg,1962,2005,43
46445.jpg,1962,1970,8
46450.jpg,1962,1968,6
46455.jpg,1962,1963,1
46460.jpg,1962,1962,0
46465.jpg,1963,1958,-5
46470.jpg,1963,1970,7
46475.jpg,1963,1964,1
46480.jpg,1963,1961,-2
46490.jpg,1963,1972,9
46495.jpg,1963,1970,7
46500.jpg,1963,1970,7
46505.jpg,1963,1970,7
46510.jpg,1963,1974,11
46515.jpg,1963,1972,9
46520.jpg,1963,1972,9
46525.jpg,1963,1990,27
46530.jpg,1963,1972,9
46535.jpg,1963,1963,0
46540.jpg,1963,1905,-58
46545.jpg,1963,1960,-3
46550.jpg,1963,1972,9
46555.jpg,1963,2007,44
46560.jpg,1963,1962,-1
46565.jpg,1963,1998,35
46570.jpg,1963,1960,-3
46575.jpg,1963,1939,-24
46580.jpg,1963,1972,9
46585.jpg,1963,1991,28
46590.jpg,1963,1400,-563
46595.jpg,1963,1930,-33
46600.jpg,1963,1990,27
46605.jpg,1963,1995,32
46615.jpg,1963,1955,-8
46620.jpg,1963,1930,-33
46625.jpg,1963,1978,15
46630.jpg,1963,1972,9
46635.jpg,1964,1969,5
46640.jpg,1964,2013,49
46645.jpg,1964,1968,4
46650.jpg,1964,2003,39
46655.jpg,1964,1970,6
46660.jpg,1964,1990,26
46665.jpg,1964,1967,3
46670.jpg,1964,1970,6
46675.jpg,1964,2005,41
46680.jpg,1964,2000,36
46685.jpg,1964,1970,6
46690.jpg,1964,1975,11
46695.jpg,1964,1965,1
46700.jpg,1964,1968,4
46705.jpg,1964,1998,34
46710.jpg,1964,1972,8
46715.jpg,1964,1962,-2
46720.jpg,1964,1972,8
46725.jpg,1964,1965,1
46730.jpg,1964,1988,24
46735.jpg,1964,1952,-12
46740.jpg,1964,1931,-33
46745.jpg,1964,1955,-9
46750.jpg,1964,1958,-6
46755.jpg,1964,1958,-6
46760.jpg,1964,1850,-114
46765.jpg,1964,1992,28
46770.jpg,1964,1935,-29
46775.jpg,1964,1929,-35
46780.jpg,1964,1990,26
46785.jpg,1964,1998,34
46790.jpg,1964,1980,16
46795.jpg,1964,1930,-34
46805.jpg,1964,1972,8
46810.jpg,1964,1972,8
46815.jpg,1964,1950,-14
46820.jpg,1965,1972,7
46825.jpg,1965,1985,20
46830.jpg,1965,1968,3
46835.jpg,1965,2008,43
46840.jpg,1965,1970,5
46845.jpg,1965,1993,28
46850.jpg,1965,1972,7
46860.jpg,1965,1970,5
46865.jpg,1965,1968,3
46870.jpg,1965,2010,45
46875.jpg,1965,1970,5
46885.jpg,1965,1960,-5
46890.jpg,1965,2010,45
46895.jpg,1965,1968,3
46900.jpg,1965,1972,7
46905.jpg,1965,1933,-32
46910.jpg,1965,1960,-5
46915.jpg,1965,1978,13
46920.jpg,1965,1998,33
46930.jpg,1965,1958,-7
46935.jpg,1965,1970,5
46940.jpg,1965,1905,-60
46945.jpg,1965,1970,5
46950.jpg,1965,1988,23
46955.jpg,1965,1998,33
46960.jpg,1965,1985,20
46965.jpg,1965,1978,13
46970.jpg,1965,1972,7
46990.jpg,1965,1968,3
46995.jpg,1965,1910,-55
47000.jpg,1965,1990,25
47005.jpg,1966,1967,1
47010.jpg,1966,1964,-2
47015.jpg,1966,1960,-6
47020.jpg,1966,1964,-2
47025.jpg,1966,1950,-16
47030.jpg,1966,1965,-1
47035.jpg,1966,1976,10
47040.jpg,1966,1996,30
47050.jpg,1966,1970,4
47055.jpg,1966,1960,-6
47060.jpg,1966,1970,4
47065.jpg,1966,1925,-41
47070.jpg,1966,1936,-30
47075.jpg,1966,1962,-4
47080.jpg,1966,1972,6
47085.jpg,1966,1965,-1
47090.jpg,1966,1972,6
47100.jpg,1966,1890,-76
47105.jpg,1966,1972,6
47115.jpg,1966,1938,-28
47120.jpg,1966,1960,-6
47125.jpg,1966,1963,-3
47130.jpg,1966,1960,-6
47135.jpg,1966,2001,35
47140.jpg,1966,1968,2
47145.jpg,1966,1930,-36
47150.jpg,1966,1960,-6
47155.jpg,1966,1890,-76
47170.jpg,1966,2005,39
47175.jpg,1966,1970,4
47180.jpg,1966,1970,4
47185.jpg,1966,1972,6
47190.jpg,1966,1970,4
47195.jpg,1966,1970,4
47200.jpg,1966,1993,27
47205.jpg,1966,1968,2
47210.jpg,1966,1962,-4
47215.jpg,1966,1976,10
47220.jpg,1966,1967,1
47225.jpg,1967,1972,5
47230.jpg,1967,1953,-14
47235.jpg,1967,1882,-85
47240.jpg,1967,1970,3
47245.jpg,1967,2010,43
47255.jpg,1967,1996,29
47265.jpg,1967,2001,34
47270.jpg,1967,1985,18
47275.jpg,1967,1975,8
47280.jpg,1967,1970,3
47285.jpg,1967,1968,1
47290.jpg,1967,1965,-2
47295.jpg,1967,1955,-12
47300.jpg,1967,1880,-87
47305.jpg,1967,1857,-110
47310.jpg,1967,1972,5
47315.jpg,1967,1970,3
47320.jpg,1967,1962,-5
47325.jpg,1967,1972,5
47330.jpg,1967,1969,2
47335.jpg,1967,1960,-7
47340.jpg,1967,2005,38
47345.jpg,1967,1958,-9
47350.jpg,1967,1930,-37
47355.jpg,1967,1968,1
47360.jpg,1967,1910,-57
47365.jpg,1967,1905,-62
47370.jpg,1967,1880,-87
47375.jpg,1967,1928,-39
47380.jpg,1967,1973,6
47385.jpg,1967,1970,3
47395.jpg,1967,1978,11
47400.jpg,1967,2005,38
47405.jpg,1967,1990,23
47410.jpg,1967,2019,52
47420.jpg,1967,1970,3
47425.jpg,1967,1990,23
47430.jpg,1967,1965,-2
47435.jpg,1967,1962,-5
47440.jpg,1967,1960,-7
47445.jpg,1967,2005,38
47450.jpg,1968,1960,-8
47455.jpg,1968,1972,4
47460.jpg,1968,1968,0
47465.jpg,1968,1975,7
47470.jpg,1968,1968,0
47475.jpg,1968,1980,12
47480.jpg,1968,1966,-2
47485.jpg,1968,1964,-4
47490.jpg,1968,1967,-1
47495.jpg,1968,1968,0
47500.jpg,1968,2005,37
47505.jpg,1968,2000,32
47515.jpg,1968,1960,-8
47520.jpg,1968,1930,-38
47525.jpg,1968,1985,17
47530.jpg,1968,1972,4
47535.jpg,1968,1962,-6
47540.jpg,1968,1968,0
47545.jpg,1968,1968,0
47550.jpg,1968,1965,-3
47555.jpg,1968,1936,-32
47560.jpg,1968,1995,27
47565.jpg,1968,1935,-33
47570.jpg,1968,1958,-10
47575.jpg,1968,1912,-56
47580.jpg,1968,2005,37
47585.jpg,1968,1900,-68
47590.jpg,1968,2005,37
47595.jpg,1968,1978,10
47600.jpg,1968,1978,10
47610.jpg,1968,2008,40
47620.jpg,1968,1975,7
47625.jpg,1968,1972,4
47630.jpg,1968,1975,7
47635.jpg,1968,1973,5
47640.jpg,1968,1968,0
47645.jpg,1968,1968,0
47650.jpg,1969,1973,4
47655.jpg,1969,1972,3
47660.jpg,1969,1985,16
47665.jpg,1969,1970,1
47670.jpg,1969,1960,-9
47675.jpg,1969,1968,-1
47680.jpg,1969,1960,-9
47685.jpg,1969,1967,-2
47690.jpg,1969,1990,21
47695.jpg,1969,1970,1
47700.jpg,1969,1987,18
47710.jpg,1969,1970,1
47715.jpg,1969,1900,-69
47720.jpg,1969,1965,-4
47730.jpg,1969,1968,-1
47735.jpg,1969,1970,1
47740.jpg,1969,1930,-39
47745.jpg,1969,1984,15
47750.jpg,1969,2018,49
47755.jpg,1969,1915,-54
47760.jpg,1969,1968,-1
47765.jpg,1969,1988,19
47770.jpg,1969,1988,19
47780.jpg,1969,1995,26
47785.jpg,1969,2005,36
47790.jpg,1969,1968,-1
47795.jpg,1969,1976,7
47800.jpg,1969,1970,1
47805.jpg,1969,1930,-39
47810.jpg,1969,1963,-6
47815.jpg,1969,1998,29
47820.jpg,1969,1970,1
47825.jpg,1969,1972,3
47830.jpg,1969,1973,4
47835.jpg,1970,1968,-2
47840.jpg,1970,1973,3
47845.jpg,1970,1965,-5
47850.jpg,1970,2010,40
47855.jpg,1970,1968,-2
47860.jpg,1970,2010,40
47865.jpg,1970,1971,1
47870.jpg,1970,1970,0
47875.jpg,1970,1995,25
47880.jpg,1970,2003,33
47890.jpg,1970,2018,48
47895.jpg,1970,1968,-2
47900.jpg,1970,1970,0
47905.jpg,1970,1970,0
47910.jpg,1970,1968,-2
47915.jpg,1970,2004,34
47920.jpg,1970,1960,-10
47925.jpg,1970,1960,-10
47930.jpg,1970,1985,15
47935.jpg,1970,1962,-8
47940.jpg,1970,1963,-7
47945.jpg,1970,1750,-220
47950.jpg,1970,1991,21
47955.jpg,1970,1990,20
47960.jpg,1970,1968,-2
47965.jpg,1970,2000,30
47970.jpg,1970,1992,22
47975.jpg,1970,1958,-12
47980.jpg,1970,1923,-47
47985.jpg,1970,1963,-7
47990.jpg,1970,1970,0
47995.jpg,1970,2010,40
48000.jpg,1971,1972,1
48005.jpg,1971,1970,-1
48010.jpg,1971,1971,0
48020.jpg,1971,1990,19
48025.jpg,1971,1983,12
48030.jpg,1971,2018,47
48035.jpg,1971,1965,-6
48040.jpg,1971,1995,24
48045.jpg,1971,1963,-8
48050.jpg,1971,1960,-11
48065.jpg,1971,1965,-6
48070.jpg,1971,1976,5
48075.jpg,1971,1968,-3
48080.jpg,1971,1967,-4
48085.jpg,1971,1972,1
48090.jpg,1971,1972,1
48095.jpg,1971,1912,-59
48100.jpg,1971,2015,44
48105.jpg,1971,2010,39
48110.jpg,1971,1985,14
48115.jpg,1971,1985,14
48120.jpg,1971,1995,24
48130.jpg,1971,1995,24
48135.jpg,1971,1992,21
48140.jpg,1971,2003,32
48145.jpg,1971,1978,7
48150.jpg,1971,1973,2
48155.jpg,1971,1962,-9
48160.jpg,1971,1968,-3
48170.jpg,1971,1963,-8
48175.jpg,1971,1961,-10
48180.jpg,1972,1972,0
48185.jpg,1972,1965,-7
48190.jpg,1972,1973,1
48195.jpg,1972,1976,4
48200.jpg,1972,1970,-2
48205.jpg,1972,1993,21
48215.jpg,1972,1960,-12
48220.jpg,1972,1970,-2
48225.jpg,1972,2008,36
48230.jpg,1972,1961,-11
48235.jpg,1972,1973,1
48240.jpg,1972,1968,-4
48245.jpg,1972,2010,38
48250.jpg,1972,1973,1
48255.jpg,1972,1926,-46
48260.jpg,1972,1967,-5
48265.jpg,1972,1968,-4
48270.jpg,1972,1956,-16
48275.jpg,1972,1930,-42
48280.jpg,1972,1939,-33
48285.jpg,1972,1936,-36
48290.jpg,1972,1890,-82
48295.jpg,1972,1973,1
48300.jpg,1972,1973,1
48305.jpg,1972,1980,8
48310.jpg,1972,2009,37
48320.jpg,1972,1964,-8
48325.jpg,1972,1962,-10
48330.jpg,1972,1995,23
48335.jpg,1972,1890,-82
48340.jpg,1972,1992,20
48345.jpg,1972,1980,8
48350.jpg,1972,1973,1
48355.jpg,1972,1972,0
48360.jpg,1973,1962,-11
48365.jpg,1973,1975,2
48370.jpg,1973,1959,-14
48375.jpg,1973,1968,-5
48380.jpg,1973,1985,12
48385.jpg,1973,2007,34
48390.jpg,1973,1980,7
48395.jpg,1973,1968,-5
48400.jpg,1973,1990,17
48405.jpg,1973,1968,-5
48410.jpg,1973,1960,-13
48415.jpg,1973,2018,45
48420.jpg,1973,1970,-3
48425.jpg,1973,1966,-7
48430.jpg,1973,1970,-3
48435.jpg,1973,1974,1
48440.jpg,1973,1972,-1
48445.jpg,1973,1970,-3
48450.jpg,1973,1995,22
48455.jpg,1973,1998,25
48465.jpg,1973,1920,-53
48475.jpg,1973,1970,-3
48480.jpg,1973,1952,-21
48490.jpg,1973,1978,5
48495.jpg,1973,1985,12
48500.jpg,1973,1880,-93
48505.jpg,1973,1965,-8
48510.jpg,1973,1990,17
48515.jpg,1973,1931,-42
48525.jpg,1973,1973,0
48530.jpg,1974,1985,11
48535.jpg,1974,1972,-2
48540.jpg,1974,2008,34
48545.jpg,1974,1971,-3
48550.jpg,1974,1970,-4
48555.jpg,1974,1980,6
48560.jpg,1974,2018,44
48565.jpg,1974,1968,-6
48570.jpg,1974,1965,-9
48575.jpg,1974,1985,11
48580.jpg,1974,2005,31
48585.jpg,1974,1970,-4
48590.jpg,1974,1965,-9
48595.jpg,1974,1973,-1
48600.jpg,1974,1960,-14
48605.jpg,1974,1971,-3
48610.jpg,1974,2003,29
48615.jpg,1974,1972,-2
48620.jpg,1974,1974,0
48625.jpg,1974,1960,-14
48630.jpg,1974,1990,16
48635.jpg,1974,1985,11
48640.jpg,1974,1605,-369
48650.jpg,1974,1988,14
48670.jpg,1974,2008,34
48675.jpg,1974,1988,14
48680.jpg,1974,1985,11
48685.jpg,1974,1978,4
48690.jpg,1974,2010,36
48695.jpg,1974,1407,-567
48700.jpg,1974,1972,-2
48705.jpg,1974,1995,21
48710.jpg,1974,1965,-9
48715.jpg,1974,1973,-1
48720.jpg,1974,2002,28
48725.jpg,1974,1885,-89
48735.jpg,1975,1970,-5
48740.jpg,1975,1920,-55
48745.jpg,1975,1974,-1
48750.jpg,1975,1974,-1
48755.jpg,1975,2013,38
48760.jpg,1975,1995,20
48765.jpg,1975,1978,3
48770.jpg,1975,1990,15
48775.jpg,1975,1970,-5
48780.jpg,1975,1999,24
48785.jpg,1975,1958,-17
48790.jpg,1975,1985,10
48795.jpg,1975,2002,27
48800.jpg,1975,1975,0
48805.jpg,1975,1972,-3
48810.jpg,1975,2015,40
48815.jpg,1975,1970,-5
48820.jpg,1975,1970,-5
48825.jpg,1975,1940,-35
48830.jpg,1975,1958,-17
48835.jpg,1975,2010,35
48840.jpg,1975,1932,-43
48845.jpg,1975,1980,5
48850.jpg,1975,2005,30
48855.jpg,1975,1990,15
48860.jpg,1975,2008,33
48865.jpg,1975,1988,13
48870.jpg,1975,1992,17
48875.jpg,1975,1978,3
48880.jpg,1975,1985,10
48885.jpg,1975,1976,1
48890.jpg,1975,1988,13
48895.jpg,1975,1995,20
48900.jpg,1976,1930,-46
48905.jpg,1976,1978,2
48910.jpg,1976,1970,-6
48915.jpg,1976,1965,-11
48920.jpg,1976,1976,0
48925.jpg,1976,1968,-8
48930.jpg,1976,1976,0
48940.jpg,1976,2010,34
48945.jpg,1976,1974,-2
48950.jpg,1976,2010,34
48955.jpg,1976,1972,-4
48960.jpg,1976,1972,-4
48965.jpg,1976,1968,-8
48970.jpg,1976,1979,3
48975.jpg,1976,1990,14
48985.jpg,1976,2004,28
48990.jpg,1976,1910,-66
49000.jpg,1976,1600,-376
49020.jpg,1976,1976,0
49030.jpg,1976,1988,12
49035.jpg,1976,1998,22
49040.jpg,1976,1978,2
49045.jpg,1976,1985,9
49050.jpg,1976,1990,14
49060.jpg,1976,1952,-24
49065.jpg,1976,1968,-8
49070.jpg,1976,1970,-6
49075.jpg,1976,1468,-508
49080.jpg,1976,1970,-6
49085.jpg,1976,1976,0
49090.jpg,1976,1973,-3
49095.jpg,1977,1972,-5
49100.jpg,1977,1890,-87
49105.jpg,1977,1972,-5
49110.jpg,1977,1990,13
49115.jpg,1977,1974,-3
49120.jpg,1977,1968,-9
49125.jpg,1977,1980,3
49130.jpg,1977,1970,-7
49135.jpg,1977,1973,-4
49140.jpg,1977,1985,8
49145.jpg,1977,1976,-1
49150.jpg,1977,1962,-15
49155.jpg,1977,1970,-7
49160.jpg,1977,2002,25
49165.jpg,1977,1960,-17
49170.jpg,1977,1931,-46
49175.jpg,1977,1880,-97
49180.jpg,1977,1972,-5
49185.jpg,1977,2004,27
49190.jpg,1977,2010,33
49195.jpg,1977,1995,18
49205.jpg,1977,2010,33
49210.jpg,1977,1985,8
49215.jpg,1977,1978,1
49220.jpg,1977,2005,28
49225.jpg,1977,1977,0
49230.jpg,1977,1915,-62
49235.jpg,1977,1977,0
49240.jpg,1977,1970,-7
49250.jpg,1977,1953,-24
49255.jpg,1977,1970,-7
49260.jpg,1978,1968,-10
49265.jpg,1978,2008,30
49270.jpg,1978,1970,-8
49280.jpg,1978,2003,25
49285.jpg,1978,1963,-15
49290.jpg,1978,1910,-68
49295.jpg,1978,2012,34
49305.jpg,1978,1972,-6
49310.jpg,1978,2010,32
49315.jpg,1978,1996,18
49320.jpg,1978,1976,-2
49325.jpg,1978,1970,-8
49330.jpg,1978,2010,32
49335.jpg,1978,1974,-4
49340.jpg,1978,1915,-63
49345.jpg,1978,2010,32
49350.jpg,1978,1974,-4
49355.jpg,1978,2005,27
49360.jpg,1978,1995,17
49365.jpg,1978,2005,27
49370.jpg,1978,1978,0
49375.jpg,1978,1995,17
49385.jpg,1978,2010,32
49390.jpg,1978,1978,0
49395.jpg,1978,1968,-10
49400.jpg,1978,1975,-3
49405.jpg,1979,1960,-19
49410.jpg,1979,1985,6
49415.jpg,1979,1974,-5
49420.jpg,1979,1970,-9
49425.jpg,1979,2003,24
49430.jpg,1979,2018,39
49435.jpg,1979,1960,-19
49440.jpg,1979,1970,-9
49445.jpg,1979,1970,-9
49450.jpg,1979,1972,-7
49455.jpg,1979,1972,-7
49460.jpg,1979,2003,24
49465.jpg,1979,1920,-59
49470.jpg,1979,1960,-19
49475.jpg,1979,1974,-5
49480.jpg,1979,1905,-74
49485.jpg,1979,1937,-42
49490.jpg,1979,1930,-49
49495.jpg,1979,1680,-299
49500.jpg,1979,2008,29
49505.jpg,1979,2008,29
49510.jpg,1979,1972,-7
49515.jpg,1979,1979,0
49525.jpg,1979,1988,9
49530.jpg,1979,1985,6
49535.jpg,1979,1985,6
49540.jpg,1979,1978,-1
49545.jpg,1979,1960,-19
49550.jpg,1979,2017,38
49555.jpg,1979,1991,12
49560.jpg,1979,1972,-7
49565.jpg,1980,1964,-16
49570.jpg,1980,1890,-90
49585.jpg,1980,1972,-8
49590.jpg,1980,1989,9
49595.jpg,1980,1960,-20
49600.jpg,1980,1965,-15
49605.jpg,1980,1930,-50
49610.jpg,1980,2002,22
49615.jpg,1980,2005,25
49620.jpg,1980,1972,-8
49625.jpg,1980,1935,-45
49630.jpg,1980,1998,18
49635.jpg,1980,1980,0
49640.jpg,1980,1910,-70
49645.jpg,1980,1991,11
49650.jpg,1980,1960,-20
49655.jpg,1980,1970,-10
49660.jpg,1980,1978,-2
49665.jpg,1980,1988,8
49675.jpg,1980,2005,25
49680.jpg,1980,1990,10
49685.jpg,1980,2005,25
49690.jpg,1980,1995,15
49695.jpg,1980,1972,-8
49700.jpg,1980,1988,8
49705.jpg,1980,1972,-8
49710.jpg,1981,2009,28
49715.jpg,1981,2010,29
49720.jpg,1981,1972,-9
49725.jpg,1981,1972,-9
49735.jpg,1981,1985,4
49740.jpg,1981,1960,-21
49745.jpg,1981,1970,-11
49750.jpg,1981,2002,21
49755.jpg,1981,1978,-3
49760.jpg,1981,1972,-9
49770.jpg,1981,1970,-11
49775.jpg,1981,1972,-9
49780.jpg,1981,1980,-1
49785.jpg,1981,1929,-52
49790.jpg,1981,1967,-14
49795.jpg,1981,1970,-11
49800.jpg,1981,1990,9
49805.jpg,1981,1970,-11
49810.jpg,1981,1930,-51
49815.jpg,1981,1975,-6
49820.jpg,1981,1875,-106
49825.jpg,1981,1985,4
49830.jpg,1981,1970,-11
49835.jpg,1981,1984,3
49840.jpg,1981,1880,-101
49845.jpg,1981,1995,14
49850.jpg,1981,2010,29
49860.jpg,1981,1985,4
49865.jpg,1981,1999,18
49875.jpg,1981,1985,4
49880.jpg,1981,1990,9
49885.jpg,1981,2000,19
49890.jpg,1981,1968,-13
49895.jpg,1981,1972,-9
49900.jpg,1981,1970,-11
49905.jpg,1981,1980,-1
49910.jpg,1981,1998,17
49915.jpg,1981,1967,-14
49920.jpg,1982,2010,28
49925.jpg,1982,1935,-47
49930.jpg,1982,1998,16
49935.jpg,1982,2005,23
49940.jpg,1982,1972,-10
49945.jpg,1982,1982,0
49950.jpg,1982,2014,32
49955.jpg,1982,1970,-12
49960.jpg,1982,1970,-12
49965.jpg,1982,2003,21
49975.jpg,1982,1999,17
49980.jpg,1982,2010,28
49985.jpg,1982,1983,1
49990.jpg,1982,1992,10
49995.jpg,1982,1972,-10
50000.jpg,1982,1998,16
50005.jpg,1982,1989,7
50010.jpg,1982,1986,4
50015.jpg,1982,1973,-9
50020.jpg,1982,1983,1
50025.jpg,1982,1983,1
50030.jpg,1982,1990,8
50035.jpg,1982,1982,0
50040.jpg,1982,1971,-11
50045.jpg,1982,1970,-12
50050.jpg,1982,1973,-9
50055.jpg,1982,1984,2
50060.jpg,1982,1985,3
50065.jpg,1982,1910,-72
50070.jpg,1982,1970,-12
50075.jpg,1982,1968,-14
50080.jpg,1982,1929,-53
50095.jpg,1982,1930,-52
50100.jpg,1982,1620,-362
50105.jpg,1982,1966,-16
50110.jpg,1982,1890,-92
50115.jpg,1982,1992,10
50120.jpg,1982,1987,5
50145.jpg,1982,1929,-53
50150.jpg,1982,1972,-10
50155.jpg,1982,1982,0
50160.jpg,1983,1880,-103
50165.jpg,1983,1985,2
50170.jpg,1983,2005,22
50175.jpg,1983,1968,-15
50185.jpg,1983,1900,-83
50190.jpg,1983,1968,-15
50195.jpg,1983,1964,-19
50200.jpg,1983,1974,-9
50205.jpg,1983,1970,-13
50210.jpg,1983,1973,-10
50220.jpg,1983,1991,8
50225.jpg,1983,1973,-10
50230.jpg,1983,1983,0
50235.jpg,1983,1975,-8
50240.jpg,1983,1976,-7
50245.jpg,1983,1962,-21
50250.jpg,1983,1972,-11
50255.jpg,1983,1974,-9
50260.jpg,1983,2018,35
50270.jpg,1983,1973,-10
50275.jpg,1983,1972,-11
50280.jpg,1983,2015,32
50285.jpg,1983,1992,9
50290.jpg,1983,2000,17
50295.jpg,1983,1972,-11
50300.jpg,1983,1972,-11
50305.jpg,1983,1985,2
50310.jpg,1983,1983,0
50315.jpg,1983,1880,-103
50320.jpg,1983,1972,-11
50325.jpg,1983,1900,-83
50330.jpg,1983,1970,-13
50335.jpg,1983,1985,2
50340.jpg,1983,2010,27
50345.jpg,1983,1970,-13
50350.jpg,1983,1982,-1
50355.jpg,1983,1929,-54
50360.jpg,1983,1986,3
50365.jpg,1983,1974,-9
50370.jpg,1983,1984,1
50375.jpg,1983,1965,-18
50380.jpg,1983,2011,28
50385.jpg,1983,2008,25
50390.jpg,1984,1972,-12
50395.jpg,1984,1973,-11
50400.jpg,1984,1995,11
50405.jpg,1984,1960,-24
50410.jpg,1984,1985,1
50415.jpg,1984,1975,-9
50420.jpg,1984,1997,13
50425.jpg,1984,1967,-17
50430.jpg,1984,1960,-24
50435.jpg,1984,1968,-16
50440.jpg,1984,1963,-21
50445.jpg,1984,1972,-12
50450.jpg,1984,1998,14
50455.jpg,1984,1990,6
50465.jpg,1984,1982,-2
50470.jpg,1984,1982,-2
50475.jpg,1984,2006,22
50480.jpg,1984,1970,-14
50485.jpg,1984,1980,-4
50490.jpg,1984,1909,-75
50495.jpg,1984,1988,4
50500.jpg,1984,1930,-54
50505.jpg,1984,1984,0
50515.jpg,1984,2015,31
50520.jpg,1984,1985,1
50525.jpg,1984,1986,2
50530.jpg,1984,1910,-74
50535.jpg,1984,1998,14
50540.jpg,1984,1988,4
50545.jpg,1984,1985,1
50550.jpg,1984,2008,24
50555.jpg,1984,1998,14
50560.jpg,1984,1988,4
50565.jpg,1984,1970,-14
50570.jpg,1984,1972,-12
50575.jpg,1984,1936,-48
50580.jpg,1985,1860,-125
50585.jpg,1985,1968,-17
50595.jpg,1985,1970,-15
50600.jpg,1985,2000,15
50605.jpg,1985,1972,-13
50610.jpg,1985,2009,24
50615.jpg,1985,2004,19
50620.jpg,1985,1990,5
50630.jpg,1985,2009,24
50635.jpg,1985,1972,-13
50640.jpg,1985,1986,1
50645.jpg,1985,1992,7
50650.jpg,1985,1972,-13
50655.jpg,1985,1982,-3
50660.jpg,1985,1976,-9
50665.jpg,1985,1974,-11
50670.jpg,1985,1978,-7
50675.jpg,1985,1967,-18
50680.jpg,1985,1968,-17
50685.jpg,1985,1960,-25
50690.jpg,1985,2009,24
50695.jpg,1985,1985,0
50700.jpg,1985,1983,-2
50705.jpg,1985,1950,-35
50710.jpg,1985,1930,-55
50715.jpg,1985,1997,12
50720.jpg,1985,1930,-55
50730.jpg,1985,1978,-7
50735.jpg,1985,2008,23
50740.jpg,1985,1990,5
50745.jpg,1985,1992,7
50750.jpg,1985,1980,-5
50755.jpg,1985,2000,15
50760.jpg,1985,1968,-17
50765.jpg,1985,1990,5
50770.jpg,1985,1982,-3
50775.jpg,1985,1981,-4
50780.jpg,1986,1989,3
50785.jpg,1986,1970,-16
50790.jpg,1986,1980,-6
50795.jpg,1986,1999,13
50800.jpg,1986,1982,-4
50805.jpg,1986,1990,4
50810.jpg,1986,1972,-14
50815.jpg,1986,1975,-11
50820.jpg,1986,1983,-3
50830.jpg,1986,1986,0
50835.jpg,1986,1993,7
50840.jpg,1986,1985,-1
50845.jpg,1986,1990,4
50850.jpg,1986,1972,-14
50855.jpg,1986,2011,25
50860.jpg,1986,1995,9
50865.jpg,1986,1888,-98
50870.jpg,1986,1968,-18
50885.jpg,1986,1970,-16
50890.jpg,1986,1970,-16
50895.jpg,1986,2010,24
50900.jpg,1986,1950,-36
50905.jpg,1986,1988,2
50910.jpg,1986,1997,11
50915.jpg,1986,1975,-11
50920.jpg,1986,1935,-51
50925.jpg,1986,1885,-101
50930.jpg,1986,1995,9
50935.jpg,1986,1970,-16
50940.jpg,1986,1928,-58
50945.jpg,1986,1992,6
50950.jpg,1986,1985,-1
50955.jpg,1986,1993,7
50960.jpg,1986,1992,6
50965.jpg,1986,1978,-8
50970.jpg,1986,1999,13
50975.jpg,1986,1988,2
50980.jpg,1986,1928,-58
50985.jpg,1986,1973,-13
50990.jpg,1987,1860,-127
50995.jpg,1987,1987,0
51000.jpg,1987,1990,3
51010.jpg,1987,1995,8
51015.jpg,1987,1985,-2
51020.jpg,1987,1990,3
51025.jpg,1987,1994,7
51030.jpg,1987,1995,8
51035.jpg,1987,2011,24
51040.jpg,1987,1965,-22
51045.jpg,1987,1971,-16
51050.jpg,1987,1973,-14
51055.jpg,1987,1985,-2
51060.jpg,1987,1985,-2
51065.jpg,1987,2008,21
51070.jpg,1987,1973,-14
51075.jpg,1987,1989,2
51080.jpg,1987,2003,16
51085.jpg,1987,2002,15
51090.jpg,1987,1980,-7
51095.jpg,1987,1970,-17
51100.jpg,1987,1998,11
51105.jpg,1987,1995,8
51110.jpg,1987,1965,-22
51115.jpg,1987,1990,3
51120.jpg,1987,1960,-27
51125.jpg,1987,1780,-207
51130.jpg,1987,1880,-107
51135.jpg,1987,1990,3
51140.jpg,1987,1985,-2
51145.jpg,1987,1982,-5
51155.jpg,1987,1985,-2
51165.jpg,1987,1990,3
51170.jpg,1987,1928,-59
51175.jpg,1987,2004,17
51180.jpg,1987,1975,-12
51200.jpg,1988,1995,7
51205.jpg,1988,1980,-8
51210.jpg,1988,1965,-23
51215.jpg,1988,2005,17
51220.jpg,1988,2010,22
51225.jpg,1988,1970,-18
51240.jpg,1988,1987,-1
51245.jpg,1988,1998,10
51250.jpg,1988,1998,10
51255.jpg,1988,1991,3
51260.jpg,1988,1972,-16
51265.jpg,1988,1993,5
51270.jpg,1988,1998,10
51275.jpg,1988,1972,-16
51280.jpg,1988,1989,1
51285.jpg,1988,1992,4
51290.jpg,1988,1976,-12
51295.jpg,1988,1980,-8
51300.jpg,1988,1960,-28
51305.jpg,1988,1972,-16
51310.jpg,1988,1988,0
51315.jpg,1988,1980,-8
51320.jpg,1988,1896,-92
51330.jpg,1988,1930,-58
51335.jpg,1988,1889,-99
51340.jpg,1988,1975,-13
51345.jpg,1988,1902,-86
51350.jpg,1988,1909,-79
51355.jpg,1988,1970,-18
51360.jpg,1988,1989,1
51365.jpg,1988,1990,2
51370.jpg,1988,1990,2
51375.jpg,1988,1910,-78
51380.jpg,1988,2000,12
51385.jpg,1988,1973,-15
51390.jpg,1988,1985,-3
51395.jpg,1988,1970,-18
51400.jpg,1988,1988,0
51405.jpg,1988,1972,-16
51410.jpg,1989,2023,34
51415.jpg,1989,1996,7
51420.jpg,1989,1970,-19
51425.jpg,1989,2013,24
51430.jpg,1989,2018,29
51435.jpg,1989,1970,-19
51440.jpg,1989,1968,-21
51445.jpg,1989,1960,-29
51455.jpg,1989,1960,-29
51460.jpg,1989,1985,-4
51470.jpg,1989,1983,-6
51475.jpg,1989,2016,27
51480.jpg,1989,1990,1
51485.jpg,1989,1990,1
51490.jpg,1989,1985,-4
51495.jpg,1989,2006,17
51500.jpg,1989,1975,-14
51505.jpg,1989,2011,22
51510.jpg,1989,1982,-7
51515.jpg,1989,1988,-1
51520.jpg,1989,1970,-19
51525.jpg,1989,1935,-54
51530.jpg,1989,1960,-29
51535.jpg,1989,1992,3
51540.jpg,1989,1987,-2
51545.jpg,1989,1928,-61
51550.jpg,1989,1925,-64
51555.jpg,1989,2000,11
51560.jpg,1989,1955,-34
51565.jpg,1989,1930,-59
51575.jpg,1989,1995,6
51580.jpg,1989,1570,-419
51585.jpg,1989,1990,1
51590.jpg,1989,1976,-13
51595.jpg,1989,1993,4
51600.jpg,1989,1985,-4
51605.jpg,1990,1880,-110
51610.jpg,1990,1970,-20
51615.jpg,1990,1990,0
51620.jpg,1990,1990,0
51625.jpg,1990,1955,-35
51630.jpg,1990,2004,14
51635.jpg,1990,1960,-30
51640.jpg,1990,1980,-10
51645.jpg,1990,1992,2
51650.jpg,1990,1950,-40
51655.jpg,1990,1990,0
51660.jpg,1990,1989,-1
51670.jpg,1990,1992,2
51675.jpg,1990,1990,0
51680.jpg,1990,1990,0
51685.jpg,1990,1982,-8
51690.jpg,1990,1990,0
51695.jpg,1990,1990,0
51700.jpg,1990,1972,-18
51705.jpg,1990,1990,0
51710.jpg,1990,1991,1
51715.jpg,1990,1965,-25
51720.jpg,1990,1972,-18
51725.jpg,1990,2007,17
51730.jpg,1990,2007,17
51735.jpg,1990,1970,-20
51740.jpg,1990,1992,2
51745.jpg,1990,1996,6
51755.jpg,1990,1981,-9
51760.jpg,1990,1925,-65
51765.jpg,1990,1886,-104
51770.jpg,1990,1970,-20
51775.jpg,1990,2008,18
51780.jpg,1990,1990,0
51785.jpg,1990,1995,5
51795.jpg,1990,2014,24
51805.jpg,1990,1990,0
51810.jpg,1990,2004,14
51815.jpg,1990,2012,22
51820.jpg,1990,1995,5
51825.jpg,1990,1961,-29
51830.jpg,1990,1970,-20
51840.jpg,1991,1890,-101
51845.jpg,1991,1929,-62
51850.jpg,1991,2016,25
51860.jpg,1991,2005,14
51865.jpg,1991,1990,-1
51870.jpg,1991,1994,3
51875.jpg,1991,1990,-1
51885.jpg,1991,1998,7
51890.jpg,1991,1968,-23
51895.jpg,1991,1995,4
51905.jpg,1991,2004,13
51910.jpg,1991,1991,0
51920.jpg,1991,2008,17
51925.jpg,1991,2010,19
51930.jpg,1991,1975,-16
51935.jpg,1991,1988,-3
51940.jpg,1991,1989,-2
51945.jpg,1991,2001,10
51950.jpg,1991,1970,-21
51955.jpg,1991,1995,4
51960.jpg,1991,1992,1
51965.jpg,1991,1970,-21
51970.jpg,1991,2003,12
51975.jpg,1991,1931,-60
51980.jpg,1991,1998,7
51985.jpg,1991,1926,-65
51990.jpg,1991,1985,-6
51995.jpg,1991,1985,-6
52000.jpg,1991,1930,-61
52015.jpg,1991,1975,-16
52020.jpg,1991,1985,-6
52025.jpg,1991,1993,2
52035.jpg,1991,1930,-61
52040.jpg,1991,1985,-6
52045.jpg,1991,1997,6
52060.jpg,1991,1990,-1
52065.jpg,1992,1990,-2
52070.jpg,1992,2007,15
52075.jpg,1992,1974,-18
52080.jpg,1992,1992,0
52085.jpg,1992,1998,6
52090.jpg,1992,1980,-12
52095.jpg,1992,1988,-4
52100.jpg,1992,1997,5
52105.jpg,1992,1997,5
52110.jpg,1992,1984,-8
52115.jpg,1992,1970,-22
52120.jpg,1992,1974,-18
52125.jpg,1992,2010,18
52130.jpg,1992,2009,17
52135.jpg,1992,1992,0
52140.jpg,1992,2003,11
52145.jpg,1992,1972,-20
52150.jpg,1992,1992,0
52155.jpg,1992,1975,-17
52160.jpg,1992,1991,-1
52165.jpg,1992,1992,0
52170.jpg,1992,1984,-8
52175.jpg,1992,1990,-2
52180.jpg,1992,1978,-14
52185.jpg,1992,1991,-1
52190.jpg,1992,2001,9
52195.jpg,1992,1991,-1
52200.jpg,1992,2002,10
52205.jpg,1992,1985,-7
52210.jpg,1992,1905,-87
52215.jpg,1992,2007,15
52220.jpg,1992,1989,-3
52225.jpg,1992,1890,-102
52230.jpg,1992,1780,-212
52235.jpg,1992,1886,-106
52240.jpg,1992,2005,13
52245.jpg,1992,1985,-7
52250.jpg,1992,1992,0
52260.jpg,1992,1965,-27
52270.jpg,1993,1993,0
52275.jpg,1993,1967,-26
52280.jpg,1993,1928,-65
52285.jpg,1993,1964,-29
52290.jpg,1993,1970,-23
52300.jpg,1993,1960,-33
52305.jpg,1993,1964,-29
52310.jpg,1993,2002,9
52315.jpg,1993,1972,-21
52320.jpg,1993,1995,2
52325.jpg,1993,1970,-23
52335.jpg,1993,1994,1
52340.jpg,1993,1990,-3
52345.jpg,1993,2004,11
52350.jpg,1993,1998,5
52355.jpg,1993,1990,-3
52360.jpg,1993,1975,-18
52365.jpg,1993,1993,0
52370.jpg,1993,1972,-21
52375.jpg,1993,1998,5
52380.jpg,1993,1985,-8
52385.jpg,1993,1993,0
52390.jpg,1993,1987,-6
52395.jpg,1993,1970,-23
52400.jpg,1993,1960,-33
52405.jpg,1993,1995,2
52410.jpg,1993,1780,-213
52415.jpg,1993,1974,-19
52420.jpg,1993,2007,14
52425.jpg,1993,1905,-88
52430.jpg,1993,1995,2
52435.jpg,1993,1992,-1
52440.jpg,1993,1960,-33
52445.jpg,1993,1985,-8
52450.jpg,1993,1917,-76
52455.jpg,1993,1999,6
52460.jpg,1993,1996,3
52465.jpg,1993,1975,-18
52475.jpg,1994,2007,13
52480.jpg,1994,1970,-24
52485.jpg,1994,1999,5
52490.jpg,1994,1970,-24
52495.jpg,1994,1998,4
52505.jpg,1994,1981,-13
52510.jpg,1994,1999,5
52515.jpg,1994,2005,11
52525.jpg,1994,1993,-1
52530.jpg,1994,1990,-4
52535.jpg,1994,1991,-3
52540.jpg,1994,1994,0
52545.jpg,1994,1997,3
52550.jpg,1994,1970,-24
52555.jpg,1994,1985,-9
52560.jpg,1994,1933,-61
52570.jpg,1994,1968,-26
52575.jpg,1994,2005,11
52580.jpg,1994,1870,-124
52585.jpg,1994,2007,13
52590.jpg,1994,2007,13
52595.jpg,1994,1928,-66
52600.jpg,1994,1950,-44
52605.jpg,1994,1720,-274
52610.jpg,1994,1997,3
52615.jpg,1994,1877,-117
52620.jpg,1994,2010,16
52625.jpg,1994,1995,1
52630.jpg,1994,1995,1
52635.jpg,1994,2005,11
52640.jpg,1994,1990,-4
52645.jpg,1994,1970,-24
52650.jpg,1995,1993,-2
52655.jpg,1995,2010,15
52660.jpg,1995,2008,13
52665.jpg,1995,1998,3
52670.jpg,1995,1968,-27
52675.jpg,1995,1976,-19
52680.jpg,1995,1998,3
52685.jpg,1995,1999,4
52690.jpg,1995,1998,3
52695.jpg,1995,2009,14
52700.jpg,1995,1990,-5
52705.jpg,1995,1914,-81
52710.jpg,1995,1995,0
52715.jpg,1995,1982,-13
52720.jpg,1995,1972,-23
52725.jpg,1995,1995,0
52730.jpg,1995,1982,-13
52735.jpg,1995,1990,-5
52740.jpg,1995,1968,-27
52745.jpg,1995,1997,2
52750.jpg,1995,1992,-3
52755.jpg,1995,1980,-15
52760.jpg,1995,1980,-15
52765.jpg,1995,1968,-27
52770.jpg,1995,2006,11
52775.jpg,1995,1980,-15
52785.jpg,1995,2018,23
52790.jpg,1995,1780,-215
52795.jpg,1995,1997,2
52800.jpg,1995,1890,-105
52805.jpg,1995,2003,8
52810.jpg,1995,2008,13
52815.jpg,1995,1990,-5
52820.jpg,1995,1991,-4
52825.jpg,1995,1998,3
52830.jpg,1995,1930,-65
52835.jpg,1995,2500,505
52840.jpg,1995,1150,-845
52845.jpg,1996,1905,-91
52850.jpg,1996,1995,-1
52855.jpg,1996,2005,9
52860.jpg,1996,1998,2
52865.jpg,1996,1995,-1
52870.jpg,1996,2005,9
52875.jpg,1996,1960,-36
52880.jpg,1996,1930,-66
52885.jpg,1996,1990,-6
52890.jpg,1996,2001,5
52895.jpg,1996,2016,20
52900.jpg,1996,1996,0
52905.jpg,1996,1996,0
52910.jpg,1996,1996,0
52915.jpg,1996,1999,3
52920.jpg,1996,1985,-11
52925.jpg,1996,1970,-26
52935.jpg,1996,1982,-14
52940.jpg,1996,1958,-38
52945.jpg,1996,1930,-66
52950.jpg,1996,1972,-24
52955.jpg,1996,2000,4
52960.jpg,1996,1990,-6
52965.jpg,1996,1995,-1
52970.jpg,1996,1970,-26
52980.jpg,1996,1965,-31
52985.jpg,1997,1850,-147
52990.jpg,1997,1965,-32
52995.jpg,1997,1935,-62
53000.jpg,1997,1998,1
53005.jpg,1997,1930,-67
53010.jpg,1997,1992,-5
53015.jpg,1997,1978,-19
53020.jpg,1997,1990,-7
53025.jpg,1997,1999,2
53030.jpg,1997,2010,13
53035.jpg,1997,2008,11
53040.jpg,1997,1995,-2
53045.jpg,1997,2008,11
53050.jpg,1997,2001,4
53055.jpg,1997,2007,10
53060.jpg,1997,1988,-9
53065.jpg,1997,1971,-26
53070.jpg,1997,1990,-7
53075.jpg,1997,1990,-7
53080.jpg,1997,1990,-7
53085.jpg,1997,1970,-27
53090.jpg,1997,1902,-95
53095.jpg,1997,2001,4
53100.jpg,1997,1991,-6
53105.jpg,1997,2003,6
53110.jpg,1997,2010,13
53115.jpg,1997,1999,2
53120.jpg,1997,2018,21
53125.jpg,1997,2008,11
53130.jpg,1997,1960,-37
53135.jpg,1997,1990,-7
53140.jpg,1997,1997,0
53145.jpg,1997,1960,-37
53150.jpg,1997,2009,12
53155.jpg,1997,1786,-211
53165.jpg,1997,1997,0
53170.jpg,1997,2010,13
53175.jpg,1997,1985,-12
53180.jpg,1997,1990,-7
53185.jpg,1997,1985,-12
53190.jpg,1997,1985,-12
53195.jpg,1997,1611,-386
53200.jpg,1997,1995,-2
53205.jpg,1997,1985,-12
53210.jpg,1997,1995,-2
53215.jpg,1997,1938,-59
53220.jpg,1997,2000,3
53225.jpg,1997,2011,14
53230.jpg,1997,1990,-7
53235.jpg,1998,1903,-95
53240.jpg,1998,1991,-7
53245.jpg,1998,1950,-48
53250.jpg,1998,2003,5
53255.jpg,1998,1956,-42
53260.jpg,1998,2000,2
53265.jpg,1998,1953,-45
53270.jpg,1998,1999,1
53275.jpg,1998,2018,20
53280.jpg,1998,1993,-5
53285.jpg,1998,1914,-84
53290.jpg,1998,1998,0
53300.jpg,1998,1970,-28
53305.jpg,1998,1967,-31
53310.jpg,1998,1997,-1
53315.jpg,1998,1989,-9
53325.jpg,1998,1995,-3
53330.jpg,1998,1992,-6
53335.jpg,1998,1995,-3
53340.jpg,1998,1997,-1
53345.jpg,1998,1983,-15
53350.jpg,1998,1935,-63
53355.jpg,1998,1998,0
53365.jpg,1998,2007,9
53370.jpg,1998,2016,18
53375.jpg,1998,2000,2
53380.jpg,1998,1983,-15
53385.jpg,1998,1740,-258
53390.jpg,1998,1820,-178
53395.jpg,1998,1961,-37
53400.jpg,1998,1930,-68
53405.jpg,1998,1997,-1
53410.jpg,1998,1908,-90
53415.jpg,1998,1992,-6
53420.jpg,1998,1999,1
53425.jpg,1998,1995,-3
53435.jpg,1998,1991,-7
53440.jpg,1998,1980,-18
53445.jpg,1998,2012,14
53450.jpg,1998,1993,-5
53455.jpg,1999,1860,-139
53460.jpg,1999,1990,-9
53465.jpg,1999,1970,-29
53470.jpg,1999,1960,-39
53475.jpg,1999,2002,3
53480.jpg,1999,1960,-39
53485.jpg,1999,2005,6
53490.jpg,1999,1950,-49
53495.jpg,1999,1998,-1
53505.jpg,1999,1967,-32
53510.jpg,1999,1996,-3
53515.jpg,1999,2010,11
53520.jpg,1999,2007,8
53525.jpg,1999,2000,1
53530.jpg,1999,2010,11
53535.jpg,1999,1995,-4
53540.jpg,1999,1990,-9
53545.jpg,1999,1973,-26
53550.jpg,1999,1996,-3
53555.jpg,1999,1995,-4
53560.jpg,1999,1984,-15
53565.jpg,1999,1999,0
53570.jpg,1999,1998,-1
53575.jpg,1999,1978,-21
53580.jpg,1999,1990,-9
53585.jpg,1999,2005,6
53590.jpg,1999,1970,-29
53595.jpg,1999,2001,2
53600.jpg,1999,1995,-4
53605.jpg,1999,2002,3
53610.jpg,1999,2004,5
53615.jpg,1999,1950,-49
53620.jpg,1999,1901,-98
53625.jpg,1999,2003,4
53630.jpg,1999,1955,-44
53635.jpg,1999,1999,0
53650.jpg,1999,1995,-4
53655.jpg,1999,1997,-2
53660.jpg,1999,2008,9
53665.jpg,1999,2004,5
53670.jpg,1999,1953,-46
53675.jpg,1999,2003,4
53680.jpg,1999,2001,2
53685.jpg,1999,1929,-70
53690.jpg,2000,2000,0
53700.jpg,2000,1995,-5
53705.jpg,2000,1978,-22
53710.jpg,2000,2000,0
53715.jpg,2000,2005,5
53720.jpg,2000,2000,0
53725.jpg,2000,1997,-3
53730.jpg,2000,1960,-40
53735.jpg,2000,2005,5
53740.jpg,2000,2000,0
53745.jpg,2000,1920,-80
53755.jpg,2000,1998,-2
53760.jpg,2000,1990,-10
53765.jpg,2000,1998,-2
53770.jpg,2000,2005,5
53775.jpg,2000,1932,-68
53780.jpg,2000,2001,1
53785.jpg,2000,1998,-2
53790.jpg,2000,1967,-33
53795.jpg,2000,1983,-17
53800.jpg,2000,1994,-6
53805.jpg,2000,1999,-1
53810.jpg,2000,1984,-16
53815.jpg,2000,2000,0
53820.jpg,2000,1998,-2
53830.jpg,2000,1950,-50
53835.jpg,2000,2005,5
53840.jpg,2000,2005,5
53845.jpg,2000,2010,10
53850.jpg,2000,1875,-125
53855.jpg,2000,2007,7
53860.jpg,2000,1990,-10
53865.jpg,2000,2005,5
53870.jpg,2000,2006,6
53875.jpg,2000,1990,-10
53880.jpg,2000,2002,2
53885.jpg,2000,2000,0
53890.jpg,2000,1998,-2
53895.jpg,2000,2005,5
53905.jpg,2001,2005,4
53910.jpg,2001,2001,0
53915.jpg,2001,1914,-87
53920.jpg,2001,2004,3
53925.jpg,2001,2010,9
53930.jpg,2001,2010,9
53935.jpg,2001,1980,-21
53940.jpg,2001,2005,4
53945.jpg,2001,1996,-5
53950.jpg,2001,1985,-16
53955.jpg,2001,1990,-11
53960.jpg,2001,2008,7
53965.jpg,2001,1960,-41
53970.jpg,2001,2009,8
53975.jpg,2001,2002,1
53980.jpg,2001,1990,-11
53985.jpg,2001,1985,-16
53990.jpg,2001,1972,-29
53995.jpg,2001,1900,-101
54000.jpg,2001,2008,7
54005.jpg,2001,1990,-11
54010.jpg,2001,2008,7
54015.jpg,2001,2005,4
54020.jpg,2001,1927,-74
54025.jpg,2001,1999,-2
54030.jpg,2001,2002,1
54035.jpg,2001,2018,17
54040.jpg,2001,2008,7
54045.jpg,2001,2010,9
54050.jpg,2001,1935,-66
54055.jpg,2001,1997,-4
54060.jpg,2001,1981,-20
54065.jpg,2001,1970,-31
54070.jpg,2001,2007,6
54075.jpg,2001,2008,7
54085.jpg,2001,2005,4
54090.jpg,2001,1999,-2
54095.jpg,2001,2005,4
54100.jpg,2001,2010,9
54105.jpg,2001,2005,4
54110.jpg,2001,2012,11
54120.jpg,2001,2005,4
54125.jpg,2001,2010,9
54130.jpg,2001,1965,-36
54135.jpg,2001,1972,-29
54140.jpg,2001,2010,9
54145.jpg,2001,1985,-16
54150.jpg,2001,2008,7
54155.jpg,2001,1920,-81
54160.jpg,2001,2005,4
54165.jpg,2001,1959,-42
54170.jpg,2001,2008,7
54180.jpg,2002,1935,-67
54185.jpg,2002,2005,3
54190.jpg,2002,1997,-5
54195.jpg,2002,1935,-67
54200.jpg,2002,1960,-42
54205.jpg,2002,1996,-6
54210.jpg,2002,1993,-9
54215.jpg,2002,2002,0
54220.jpg,2002,1926,-76
54225.jpg,2002,1965,-37
54230.jpg,2002,2002,0
54235.jpg,2002,2019,17
54240.jpg,2002,2002,0
54245.jpg,2002,1908,-94
54250.jpg,2002,2008,6
54255.jpg,2002,1910,-92
54260.jpg,2002,2007,5
54265.jpg,2002,2007,5
54270.jpg,2002,2010,8
54275.jpg,2002,1935,-67
54280.jpg,2002,2019,17
54285.jpg,2002,2003,1
54290.jpg,2002,1970,-32
54295.jpg,2002,1970,-32
54300.jpg,2002,1985,-17
54305.jpg,2002,1993,-9
54310.jpg,2002,2005,3
54315.jpg,2002,1970,-32
54320.jpg,2002,1890,-112
54330.jpg,2002,1929,-73
54335.jpg,2002,1930,-72
54340.jpg,2002,1970,-32
54345.jpg,2002,1999,-3
54355.jpg,2002,2005,3
54360.jpg,2002,2010,8
54365.jpg,2002,2001,-1
54370.jpg,2002,1970,-32
54375.jpg,2002,2010,8
54385.jpg,2002,1990,-12
54390.jpg,2002,1999,-3
54395.jpg,2002,1990,-12
54400.jpg,2002,2008,6
54405.jpg,2003,2005,2
54410.jpg,2003,2022,19
54415.jpg,2003,2019,16
54425.jpg,2003,2003,0
54430.jpg,2003,2023,20
54435.jpg,2003,2009,6
54440.jpg,2003,2019,16
54445.jpg,2003,2003,0
54450.jpg,2003,2008,5
54460.jpg,2003,2005,2
54465.jpg,2003,2003,0
54470.jpg,2003,2008,5
54475.jpg,2003,2003,0
54480.jpg,2003,2003,0
54485.jpg,2003,1993,-10
54490.jpg,2003,2001,-2
54495.jpg,2003,2003,0
54500.jpg,2003,2005,2
54505.jpg,2003,1998,-5
54510.jpg,2003,2012,9
54515.jpg,2003,1936,-67
54520.jpg,2003,1905,-98
54525.jpg,2003,2011,8
54530.jpg,2003,1973,-30
54535.jpg,2003,1998,-5
54540.jpg,2003,1990,-13
54545.jpg,2003,1900,-103
54550.jpg,2003,2005,2
54555.jpg,2003,1750,-253
54560.jpg,2003,2008,5
54565.jpg,2003,1992,-11
54570.jpg,2003,1990,-13
54575.jpg,2003,2010,7
54580.jpg,2003,1972,-31
54585.jpg,2003,2005,2
54590.jpg,2003,1990,-13
54595.jpg,2003,1971,-32
54600.jpg,2003,1980,-23
54605.jpg,2004,2004,0
54610.jpg,2004,1997,-7
54620.jpg,2004,2008,4
54625.jpg,2004,1998,-6
54630.jpg,2004,2007,3
54635.jpg,2004,2001,-3
54640.jpg,2004,2005,1
54645.jpg,2004,2003,-1
54650.jpg,2004,1970,-34
54655.jpg,2004,1995,-9
54660.jpg,2004,2008,4
54665.jpg,2004,1997,-7
54670.jpg,2004,2000,-4
54675.jpg,2004,2008,4
54680.jpg,2004,2005,1
54685.jpg,2004,1990,-14
54690.jpg,2004,1890,-114
54695.jpg,2004,1960,-44
54700.jpg,2004,2010,6
54705.jpg,2004,2007,3
54710.jpg,2004,1973,-31
54715.jpg,2004,2007,3
54720.jpg,2004,2002,-2
54725.jpg,2004,2003,-1
54730.jpg,2004,2000,-4
54735.jpg,2004,2010,6
54740.jpg,2004,2000,-4
54745.jpg,2004,2007,3
54750.jpg,2004,1910,-94
54760.jpg,2004,2008,4
54770.jpg,2004,1930,-74
54775.jpg,2004,2000,-4
54780.jpg,2004,2008,4
54785.jpg,2004,1968,-36
54790.jpg,2004,2005,1
54795.jpg,2004,2003,-1
54800.jpg,2004,2003,-1
54805.jpg,2004,2008,4
54810.jpg,2004,1991,-13
54815.jpg,2004,2003,-1
54820.jpg,2004,1990,-14
54825.jpg,2004,2013,9
54830.jpg,2004,2006,2
54835.jpg,2004,2010,6
54840.jpg,2004,2010,6
54845.jpg,2005,1880,-125
54850.jpg,2005,1975,-30
54855.jpg,2005,1985,-20
54860.jpg,2005,2013,8
54865.jpg,2005,2017,12
54870.jpg,2005,2005,0
54885.jpg,2005,1990,-15
54890.jpg,2005,1960,-45
54895.jpg,2005,2010,5
54900.jpg,2005,2016,11
54905.jpg,2005,1988,-17
54910.jpg,2005,1995,-10
54915.jpg,2005,1985,-20
54925.jpg,2005,2010,5
54930.jpg,2005,2011,6
54935.jpg,2005,1928,-77
54940.jpg,2005,1970,-35
54955.jpg,2005,1990,-15
54960.jpg,2005,2005,0
54965.jpg,2005,2005,0
54970.jpg,2005,2008,3
54975.jpg,2005,2003,-2
54980.jpg,2005,2003,-2
54985.jpg,2005,2003,-2
54990.jpg,2005,1962,-43
54995.jpg,2005,1927,-78
55000.jpg,2005,1990,-15
55005.jpg,2005,2003,-2
55010.jpg,2005,1970,-35
55015.jpg,2005,2010,5
55020.jpg,2005,2012,7
55025.jpg,2005,1991,-14
55030.jpg,2005,2010,5
55035.jpg,2005,2008,3
55040.jpg,2005,2011,6
55045.jpg,2005,1985,-20
55050.jpg,2005,2010,5
55055.jpg,2005,2010,5
55060.jpg,2005,2010,5
55065.jpg,2005,2008,3
55070.jpg,2005,2005,0
55075.jpg,2005,2008,3
55080.jpg,2005,2009,4
55085.jpg,2005,2010,5
55090.jpg,2005,2010,5
55095.jpg,2005,2003,-2
55100.jpg,2005,2005,0
55105.jpg,2005,1990,-15
55110.jpg,2005,2001,-4
55115.jpg,2005,1930,-75
55120.jpg,2005,1990,-15
55125.jpg,2005,1980,-25
55130.jpg,2005,2000,-5
55135.jpg,2006,1968,-38
55140.jpg,2006,2009,3
55145.jpg,2006,1960,-46
55155.jpg,2006,2001,-5
55160.jpg,2006,1970,-36
55165.jpg,2006,1970,-36
55170.jpg,2006,2003,-3
55175.jpg,2006,1990,-16
55180.jpg,2006,1995,-11
55185.jpg,2006,1987,-19
55190.jpg,2006,2010,4
55195.jpg,2006,2005,-1
55200.jpg,2006,1997,-9
55210.jpg,2006,1965,-41
55215.jpg,2006,1980,-26
55220.jpg,2006,2008,2
55230.jpg,2006,2006,0
55235.jpg,2006,2006,0
55240.jpg,2006,2010,4
55245.jpg,2006,2001,-5
55250.jpg,2006,2006,0
55255.jpg,2006,1967,-39
55265.jpg,2006,1990,-16
55270.jpg,2006,1910,-96
55275.jpg,2006,1937,-69
55280.jpg,2006,1970,-36
55285.jpg,2006,1981,-25
55290.jpg,2006,1930,-76
55295.jpg,2006,1920,-86
55300.jpg,2006,1986,-20
55305.jpg,2006,1970,-36
55310.jpg,2006,2006,0
55315.jpg,2006,1888,-118
55320.jpg,2006,1980,-26
55325.jpg,2006,1970,-36
55330.jpg,2006,2003,-3
55335.jpg,2007,1850,-157
55340.jpg,2007,1997,-10
55345.jpg,2007,2008,1
55355.jpg,2007,2010,3
55360.jpg,2007,1998,-9
55365.jpg,2007,1982,-25
55370.jpg,2007,1970,-37
55380.jpg,2007,2021,14
55385.jpg,2007,1990,-17
55395.jpg,2007,1937,-70
55400.jpg,2007,2008,1
55405.jpg,2007,2016,9
55410.jpg,2007,2008,1
55415.jpg,2007,2005,-2
55420.jpg,2007,2007,0
55425.jpg,2007,2008,1
55430.jpg,2007,2016,9
55435.jpg,2007,1930,-77
55440.jpg,2007,2002,-5
55445.jpg,2007,1993,-14
55450.jpg,2007,1970,-37
55455.jpg,2007,2007,0
55460.jpg,2007,1876,-131
55465.jpg,2007,1995,-12
55475.jpg,2007,1937,-70
55480.jpg,2007,1930,-77
55485.jpg,2007,2008,1
55490.jpg,2007,1935,-72
55500.jpg,2007,1930,-77
55505.jpg,2007,2006,-1
55510.jpg,2007,2010,3
55515.jpg,2007,2008,1
55520.jpg,2007,2005,-2
55525.jpg,2007,1906,-101
55530.jpg,2007,2005,-2
55535.jpg,2007,2002,-5
55540.jpg,2007,1997,-10
55545.jpg,2007,2010,3
55550.jpg,2007,2008,1
55555.jpg,2007,1994,-13
55560.jpg,2007,1990,-17
55565.jpg,2007,2010,3
55570.jpg,2007,2010,3
55575.jpg,2007,2000,-7
55580.jpg,2007,2007,0
55585.jpg,2007,1990,-17
55590.jpg,2007,2008,1
55595.jpg,2007,1910,-97
55600.jpg,2007,1970,-37
55605.jpg,2007,1985,-22
55610.jpg,2008,1850,-158
55615.jpg,2008,1830,-178
55620.jpg,2008,2010,2
55625.jpg,2008,2008,0
55630.jpg,2008,2008,0
55635.jpg,2008,1975,-33
55640.jpg,2008,2005,-3
55645.jpg,2008,2015,7
55650.jpg,2008,2005,-3
55655.jpg,2008,2010,2
55660.jpg,2008,2010,2
55670.jpg,2008,2008,0
55675.jpg,2008,1993,-15
55685.jpg,2008,1973,-35
55690.jpg,2008,2016,8
55695.jpg,2008,2018,10
55705.jpg,2008,2010,2
55710.jpg,2008,2005,-3
55715.jpg,2008,1938,-70
55720.jpg,2008,1988,-20
55725.jpg,2008,2018,10
55730.jpg,2008,2014,6
55735.jpg,2008,1550,-458
55740.jpg,2008,2005,-3
55745.jpg,2008,2003,-5
55750.jpg,2008,1990,-18
55755.jpg,2008,1995,-13
55760.jpg,2008,2008,0
55765.jpg,2008,1990,-18
55770.jpg,2008,1824,-184
55775.jpg,2008,2002,-6
55780.jpg,2008,1980,-28
55785.jpg,2008,2002,-6
55795.jpg,2008,2018,10
55800.jpg,2008,2015,7
55805.jpg,2008,2005,-3
55810.jpg,2008,2008,0
55815.jpg,2008,2006,-2
55820.jpg,2008,1995,-13
55825.jpg,2008,1963,-45
55830.jpg,2008,2008,0
55835.jpg,2009,1975,-34
55845.jpg,2009,2004,-5
55850.jpg,2009,1990,-19
55870.jpg,2009,2015,6
55875.jpg,2009,2008,-1
55880.jpg,2009,2015,6
55885.jpg,2009,1970,-39
55890.jpg,2009,2015,6
55895.jpg,2009,2002,-7
55900.jpg,2009,1985,-24
55905.jpg,2009,2015,6
55910.jpg,2009,2008,-1
55915.jpg,2009,2008,-1
55920.jpg,2009,1880,-129
55925.jpg,2009,1999,-10
55930.jpg,2009,1926,-83
55935.jpg,2009,2008,-1
55940.jpg,2009,2006,-3
55945.jpg,2009,1905,-104
55950.jpg,2009,2010,1
55955.jpg,2009,2006,-3
55960.jpg,2009,2005,-4
55965.jpg,2009,2007,-2
55970.jpg,2009,2018,9
55975.jpg,2009,2008,-1
55980.jpg,2009,2008,-1
55985.jpg,2009,2010,1
55990.jpg,2009,2010,1
55995.jpg,2009,2009,0
56000.jpg,2009,2010,1
56005.jpg,2009,1905,-104
56010.jpg,2009,1880,-129
56015.jpg,2009,2010,1
56020.jpg,2009,2011,2
56025.jpg,2009,2008,-1
56030.jpg,2009,2009,0
56035.jpg,2009,2009,0
56040.jpg,2009,1995,-14
56050.jpg,2009,2010,1
56055.jpg,2009,1968,-41
56060.jpg,2009,1972,-37
56065.jpg,2009,1972,-37
56070.jpg,2009,2008,-1
56075.jpg,2009,1937,-72
56080.jpg,2010,2001,-9
56085.jpg,2010,2010,0
56090.jpg,2010,2015,5
56095.jpg,2010,1992,-18
56105.jpg,2010,2012,2
56110.jpg,2010,1990,-20
56115.jpg,2010,2010,0
56125.jpg,2010,1970,-40
56130.jpg,2010,2005,-5
56135.jpg,2010,2012,2
56140.jpg,2010,1967,-43
56145.jpg,2010,2015,5
56150.jpg,2010,2011,1
56155.jpg,2010,1960,-50
56165.jpg,2010,1930,-80
56170.jpg,2010,1930,-80
56175.jpg,2010,2008,-2
56180.jpg,2010,2010,0
56185.jpg,2010,2007,-3
56190.jpg,2010,2005,-5
56195.jpg,2010,2010,0
56200.jpg,2010,2003,-7
56205.jpg,2010,2010,0
56210.jpg,2010,2010,0
56215.jpg,2010,2006,-4
56220.jpg,2010,1998,-12
56225.jpg,2010,2005,-5
56230.jpg,2010,1960,-50
56235.jpg,2010,1930,-80
56240.jpg,2010,1990,-20
56245.jpg,2010,2010,0
56250.jpg,2010,2008,-2
56255.jpg,2010,2008,-2
56260.jpg,2010,2012,2
56265.jpg,2010,2013,3
56270.jpg,2010,2010,0
56275.jpg,2010,2005,-5
56280.jpg,2010,1967,-43
56285.jpg,2010,2010,0
56290.jpg,2010,1990,-20
56295.jpg,2010,2007,-3
56300.jpg,2010,2005,-5
56310.jpg,2010,2009,-1
56315.jpg,2011,2010,-1
56320.jpg,2011,1970,-41
56325.jpg,2011,2019,8
56330.jpg,2011,2009,-2
56335.jpg,2011,2005,-6
56345.jpg,2011,1970,-41
56350.jpg,2011,1995,-16
56355.jpg,2011,1997,-14
56360.jpg,2011,2008,-3
56365.jpg,2011,2010,-1
56370.jpg,2011,1980,-31
56375.jpg,2011,2016,5
56380.jpg,2011,2011,0
56385.jpg,2011,2011,0
56390.jpg,2011,1933,-78
56395.jpg,2011,2009,-2
56400.jpg,2011,1972,-39
56405.jpg,2011,1600,-411
56410.jpg,2011,2011,0
56415.jpg,2011,1973,-38
56420.jpg,2011,1985,-26
56425.jpg,2011,1954,-57
56430.jpg,2011,2001,-10
56440.jpg,2011,2010,-1
56450.jpg,2011,2008,-3
56455.jpg,2011,1870,-141
56460.jpg,2011,1974,-37
56465.jpg,2011,2005,-6
56470.jpg,2011,1910,-101
56475.jpg,2011,1957,-54
56480.jpg,2011,1964,-47
56485.jpg,2011,2010,-1
56495.jpg,2011,2010,-1
56500.jpg,2011,2000,-11
56505.jpg,2011,2010,-1
56510.jpg,2011,2008,-3
56515.jpg,2011,1955,-56
56520.jpg,2011,2015,4
56525.jpg,2011,2000,-11
56545.jpg,2012,1965,-47
56550.jpg,2012,2012,0
56555.jpg,2012,1993,-19
56560.jpg,2012,2013,1
56565.jpg,2012,2019,7
56570.jpg,2012,1998,-14
56575.jpg,2012,2019,7
56585.jpg,2012,2018,6
56590.jpg,2012,1997,-15
56600.jpg,2012,1993,-19
56605.jpg,2012,2019,7
56610.jpg,2012,2000,-12
56615.jpg,2012,2016,4
56620.jpg,2012,1912,-100
56625.jpg,2012,1912,-100
56630.jpg,2012,1997,-15
56635.jpg,2012,1998,-14
56640.jpg,2012,2008,-4
56645.jpg,2012,2012,0
56650.jpg,2012,2008,-4
56655.jpg,2012,2008,-4
56660.jpg,2012,1989,-23
56665.jpg,2012,1900,-112
56670.jpg,2012,2007,-5
56675.jpg,2012,2011,-1
56680.jpg,2012,2013,1
56685.jpg,2012,2005,-7
56690.jpg,2012,2005,-7
56695.jpg,2012,2012,0
56700.jpg,2012,2018,6
56705.jpg,2012,2012,0
56710.jpg,2012,1983,-29
56715.jpg,2012,1888,-124
56720.jpg,2013,2002,-11
56725.jpg,2013,2011,-2
56730.jpg,2013,1970,-43
56735.jpg,2013,1997,-16
56740.jpg,2013,1965,-48
56745.jpg,2013,2009,-4
56750.jpg,2013,2003,-10
56755.jpg,2013,2008,-5
56765.jpg,2013,2010,-3
56770.jpg,2013,2010,-3
56775.jpg,2013,2005,-8
56780.jpg,2013,2010,-3
56785.jpg,2013,2018,5
56795.jpg,2013,2008,-5
56800.jpg,2013,1975,-38
56805.jpg,2013,1920,-93
56810.jpg,2013,2012,-1
56820.jpg,2013,2003,-10
56825.jpg,2013,1850,-163
56845.jpg,2013,2010,-3
56850.jpg,2013,2010,-3
56855.jpg,2013,2011,-2
56860.jpg,2013,2010,-3
56865.jpg,2013,2010,-3
56870.jpg,2013,2018,5
56875.jpg,2013,2003,-10
56880.jpg,2013,1995,-18
56885.jpg,2013,2010,-3
56890.jpg,2013,2007,-6
56895.jpg,2013,1963,-50
56900.jpg,2014,2012,-2
56905.jpg,2014,1928,-86
56910.jpg,2014,1910,-104
56915.jpg,2014,2005,-9
56920.jpg,2014,2005,-9
56925.jpg,2014,2019,5
56930.jpg,2014,2007,-7
56935.jpg,2014,2010,-4
56940.jpg,2014,1955,-59
56945.jpg,2014,1980,-34
56950.jpg,2014,2009,-5
56955.jpg,2014,1960,-54
56960.jpg,2014,2011,-3
56965.jpg,2014,1995,-19
56970.jpg,2014,1995,-19
56975.jpg,2014,1965,-49
56980.jpg,2014,1966,-48
56985.jpg,2014,2005,-9
56990.jpg,2014,2008,-6
56995.jpg,2014,2015,1
57005.jpg,2014,1978,-36
57010.jpg,2014,1985,-29
57015.jpg,2014,2012,-2
57020.jpg,2014,2006,-8
57025.jpg,2014,1983,-31
57030.jpg,2014,2000,-14
57035.jpg,2014,2010,-4
57040.jpg,2014,2014,0
57045.jpg,2014,2009,-5
57050.jpg,2014,1961,-53
57055.jpg,2014,2015,1
57060.jpg,2014,2005,-9
57065.jpg,2014,2012,-2
57070.jpg,2014,1972,-42
57075.jpg,2015,1965,-50
57085.jpg,2015,2007,-8
57090.jpg,2015,1930,-85
57095.jpg,2015,1999,-16
57100.jpg,2015,2008,-7
57105.jpg,2015,2008,-7
57110.jpg,2015,1993,-22
57120.jpg,2015,2018,3
57125.jpg,2015,2005,-10
57130.jpg,2015,2010,-5
57135.jpg,2015,2015,0
57140.jpg,2015,2006,-9
57145.jpg,2015,2009,-6
57150.jpg,2015,2010,-5
57155.jpg,2015,1993,-22
57160.jpg,2015,1968,-47
57165.jpg,2015,2016,1
57170.jpg,2015,2008,-7
57175.jpg,2015,2010,-5
57180.jpg,2015,2010,-5
57185.jpg,2015,2015,0
57195.jpg,2015,2018,3
57200.jpg,2015,1985,-30
57205.jpg,2015,2011,-4
57210.jpg,2015,2011,-4
57215.jpg,2015,2011,-4
57220.jpg,2016,2015,-1
57225.jpg,2016,2016,0
57230.jpg,2016,2023,7
57235.jpg,2016,2011,-5
57240.jpg,2016,2018,2
57250.jpg,2016,2018,2
57255.jpg,2016,2005,-11
57270.jpg,2016,1890,-126
57275.jpg,2016,2008,-8
57280.jpg,2016,2010,-6
57285.jpg,2016,2018,2
57290.jpg,2016,2012,-4
57295.jpg,2016,2016,0
57300.jpg,2016,2015,-1
57305.jpg,2016,2016,0
57310.jpg,2016,1877,-139
57315.jpg,2016,2017,1
57320.jpg,2016,2016,0
57325.jpg,2016,2008,-8
57330.jpg,2016,2015,-1
57335.jpg,2016,2010,-6
57340.jpg,2016,2010,-6
57345.jpg,2016,1992,-24
57350.jpg,2016,2016,0
57355.jpg,2016,2007,-9
57360.jpg,2016,2018,2
57365.jpg,2017,1988,-29
57370.jpg,2017,2017,0
57375.jpg,2017,2009,-8
57385.jpg,2017,2017,0
57390.jpg,2017,2017,0
57395.jpg,2017,1968,-49
57400.jpg,2017,1970,-47
57415.jpg,2017,2018,1
57420.jpg,2017,1990,-27
57425.jpg,2017,1997,-20
57430.jpg,2017,1985,-32
57435.jpg,2017,2018,1
57440.jpg,2017,2023,6
57450.jpg,2017,2007,-10
57455.jpg,2017,2010,-7
57470.jpg,2017,2018,1
57475.jpg,2017,2011,-6
57480.jpg,2018,2019,1
57485.jpg,2018,2004,-14
57490.jpg,2018,1992,-26
57495.jpg,2018,2010,-8
57500.jpg,2018,1990,-28
57505.jpg,2018,2018,0
57510.jpg,2018,2018,0
57515.jpg,2018,2010,-8
57520.jpg,2018,1981,-37
57525.jpg,2018,2006,-12
57530.jpg,2018,2010,-8
57545.jpg,2018,2015,-3
57550.jpg,2018,2008,-10
57555.jpg,2018,2016,-2
57560.jpg,2018,2021,3
57565.jpg,2018,2005,-13
57570.jpg,2018,2023,5
57575.jpg,2018,2010,-8
57585.jpg,2019,1995,-24
57595.jpg,2019,2024,5
57600.jpg,2019,2018,-1
57605.jpg,2019,2009,-10
57610.jpg,2019,2006,-13
57615.jpg,2019,1980,-39
57620.jpg,2019,2003,-16
57625.jpg,2019,2008,-11
57630.jpg,2019,1984,-35
57635.jpg,2019,2008,-11
57640.jpg,2019,2010,-9
57645.jpg,2019,2015,-4
57660.jpg,2019,1970,-49
57665.jpg,2019,2018,-1
57670.jpg,2020,1985,-35
57675.jpg,2020,1985,-35
57680.jpg,2020,2022,2
57685.jpg,2020,2018,-2
57690.jpg,2020,2005,-15
57695.jpg,2020,1992,-28
57700.jpg,2020,1965,-55
57705.jpg,2020,2017,-3
57710.jpg,2020,2011,-9
57725.jpg,2020,2023,3
57730.jpg,2021,2018,-3
57735.jpg,2021,2020,-1
57740.jpg,2021,2019,-2
57745.jpg,2021,2007,-14
57750.jpg,2021,2021,0
57755.jpg,2021,2003,-18
57760.jpg,2021,2002,-19
57765.jpg,2021,2018,-3
57770.jpg,2021,2018,-3
57780.jpg,2021,2022,1
57785.jpg,2021,2018,-3
57790.jpg,2021,1973,-48
57795.jpg,2021,2018,-3
57800.jpg,2021,2019,-2
57805.jpg,2022,2015,-7
57810.jpg,2022,2010,-12
57815.jpg,2022,2015,-7
57825.jpg,2022,2016,-6
57830.jpg,2022,2010,-12
57835.jpg,2022,1985,-37
57840.jpg,2022,1985,-37
57845.jpg,2022,2016,-6
57860.jpg,2022,2019,-3
57865.jpg,2022,2018,-4
57870.jpg,2022,2019,-3
57875.jpg,2023,2001,-22
57885.jpg,2023,2019,-4
57890.jpg,2023,2018,-5
57895.jpg,2023,2018,-5
57900.jpg,2023,2015,-8
57910.jpg,2023,2018,-5
57915.jpg,2023,2017,-6
57920.jpg,2023,2018,-5
57925.jpg,2024,1895,-129
57930.jpg,2024,2022,-2
