name,year,pred,diff
5.jpg,1008,1050,42
10.jpg,1016,2010,994
15.jpg,1022,1000,-22
20.jpg,1028,1600,572
25.jpg,1036,2010,974
30.jpg,1048,1450,402
35.jpg,1051,1200,149
40.jpg,1061,1000,-61
45.jpg,1063,1700,637
55.jpg,1070,1350,280
60.jpg,1076,1150,74
65.jpg,1080,1450,370
70.jpg,1090,1450,360
75.jpg,1093,1450,357
80.jpg,1097,1850,753
85.jpg,1100,1450,350
90.jpg,1100,1800,700
95.jpg,1107,1750,643
100.jpg,1110,1850,740
105.jpg,1114,1000,-114
110.jpg,1116,1450,334
120.jpg,1120,1450,330
125.jpg,1122,1450,328
130.jpg,1125,1450,325
135.jpg,1128,1150,22
140.jpg,1129,1450,321
145.jpg,1130,1150,20
150.jpg,1131,1150,19
155.jpg,1134,1700,566
165.jpg,1138,1750,612
170.jpg,1140,1450,310
175.jpg,1144,1450,306
180.jpg,1146,1850,704
185.jpg,1147,1450,303
190.jpg,1149,1450,301
195.jpg,1150,1450,300
200.jpg,1152,1450,298
210.jpg,1160,1200,40
215.jpg,1165,1250,85
220.jpg,1168,1450,282
225.jpg,1170,1150,-20
230.jpg,1170,1450,280
235.jpg,1172,200,-972
240.jpg,1175,1450,275
245.jpg,1177,1550,373
255.jpg,1180,1450,270
260.jpg,1180,1450,270
265.jpg,1180,1800,620
275.jpg,1185,1450,265
280.jpg,1189,1225,36
285.jpg,1191,1450,259
290.jpg,1192,1450,258
295.jpg,1194,1450,256
300.jpg,1196,1150,-46
305.jpg,1198,1500,302
310.jpg,1199,1200,1
315.jpg,1200,1450,250
320.jpg,1202,1450,248
325.jpg,1204,1750,546
330.jpg,1208,1500,292
335.jpg,1211,1520,309
340.jpg,1212,1450,238
345.jpg,1215,1700,485
350.jpg,1217,1450,233
355.jpg,1220,1450,230
360.jpg,1221,1450,229
365.jpg,1222,1450,228
370.jpg,1224,1450,226
375.jpg,1226,1450,224
380.jpg,1227,1700,473
385.jpg,1229,1450,221
390.jpg,1231,1900,669
395.jpg,1232,1100,-132
405.jpg,1237,1200,-37
410.jpg,1238,1450,212
415.jpg,1240,1450,210
420.jpg,1242,1450,208
425.jpg,1245,1450,205
430.jpg,1247,1200,-47
435.jpg,1248,1420,172
440.jpg,1250,1450,200
445.jpg,1250,1450,200
450.jpg,1252,1850,598
455.jpg,1255,1450,195
460.jpg,1259,1700,441
465.jpg,1260,1450,190
470.jpg,1263,1450,187
475.jpg,1264,1450,186
485.jpg,1270,1200,-70
490.jpg,1270,1700,430
495.jpg,1270,1750,480
500.jpg,1271,1450,179
505.jpg,1273,1450,177
510.jpg,1275,1750,475
515.jpg,1277,1450,173
520.jpg,1278,1450,172
525.jpg,1279,1450,171
530.jpg,1280,1750,470
535.jpg,1285,1450,165
540.jpg,1288,1450,162
545.jpg,1289,1750,461
550.jpg,1290,1450,160
555.jpg,1291,1200,-91
560.jpg,1293,1900,607
565.jpg,1295,1450,155
570.jpg,1298,1900,602
575.jpg,1300,1450,150
580.jpg,1300,1500,200
585.jpg,1300,1700,400
590.jpg,1301,1450,149
595.jpg,1303,1450,147
600.jpg,1305,1200,-105
605.jpg,1307,1450,143
610.jpg,1309,1750,441
615.jpg,1310,1450,140
620.jpg,1311,1450,139
625.jpg,1313,1450,137
630.jpg,1314,1200,-114
635.jpg,1317,1800,483
640.jpg,1319,1450,131
645.jpg,1320,1550,230
650.jpg,1322,1450,128
655.jpg,1324,1450,126
660.jpg,1325,1450,125
665.jpg,1326,1450,124
670.jpg,1327,1750,423
675.jpg,1328,1450,122
680.jpg,1330,1700,370
685.jpg,1330,1284,-46
690.jpg,1331,1450,119
695.jpg,1333,1700,367
700.jpg,1335,1450,115
705.jpg,1337,1450,113
710.jpg,1338,1450,112
715.jpg,1340,1900,560
720.jpg,1340,1550,210
725.jpg,1343,1750,407
730.jpg,1345,1450,105
735.jpg,1345,1700,355
740.jpg,1346,1900,554
745.jpg,1347,1700,353
750.jpg,1347,1550,203
755.jpg,1349,1750,401
760.jpg,1350,1600,250
765.jpg,1350,1250,-100
775.jpg,1353,1700,347
780.jpg,1354,1450,96
785.jpg,1356,1900,544
790.jpg,1358,1450,92
795.jpg,1360,1650,290
800.jpg,1361,1450,89
805.jpg,1362,1450,88
810.jpg,1364,1900,536
815.jpg,1365,1550,185
825.jpg,1370,1800,430
830.jpg,1371,1450,79
835.jpg,1373,1850,477
840.jpg,1375,1750,375
845.jpg,1377,1450,73
850.jpg,1380,2010,630
855.jpg,1381,1450,69
860.jpg,1382,1550,168
865.jpg,1384,651,-733
870.jpg,1386,1800,414
875.jpg,1389,1600,211
880.jpg,1390,950,-440
885.jpg,1394,1450,56
890.jpg,1396,1450,54
895.jpg,1397,1550,153
900.jpg,1398,1400,2
905.jpg,1399,1450,51
910.jpg,1400,1450,50
915.jpg,1401,1550,149
920.jpg,1402,1550,148
925.jpg,1405,1450,45
930.jpg,1406,1450,44
935.jpg,1409,1450,41
940.jpg,1410,1450,40
945.jpg,1410,1450,40
950.jpg,1411,1450,39
955.jpg,1413,1450,37
960.jpg,1414,1850,436
965.jpg,1417,1450,33
970.jpg,1419,1950,531
975.jpg,1420,1450,30
980.jpg,1420,1950,530
985.jpg,1422,1750,328
990.jpg,1424,1450,26
995.jpg,1425,1450,25
1000.jpg,1426,1450,24
1005.jpg,1428,1800,372
1010.jpg,1430,1600,170
1015.jpg,1431,1450,19
1025.jpg,1435,1890,455
1030.jpg,1436,1450,14
1035.jpg,1438,1750,312
1040.jpg,1440,1450,10
1045.jpg,1441,1750,309
1050.jpg,1442,1930,488
1055.jpg,1444,1600,156
1060.jpg,1446,1900,454
1065.jpg,1448,1750,302
1070.jpg,1450,1450,0
1075.jpg,1450,1800,350
1080.jpg,1451,2000,549
1085.jpg,1452,1450,-2
1090.jpg,1453,1600,147
1095.jpg,1455,1450,-5
1100.jpg,1457,1700,243
1105.jpg,1458,1450,-8
1110.jpg,1459,1450,-9
1115.jpg,1460,1450,-10
1120.jpg,1462,1900,438
1125.jpg,1462,1450,-12
1130.jpg,1464,1300,-164
1135.jpg,1465,1750,285
1140.jpg,1466,1450,-16
1145.jpg,1467,1750,283
1150.jpg,1468,1450,-18
1155.jpg,1469,1450,-19
1160.jpg,1470,1600,130
1165.jpg,1470,1450,-20
1170.jpg,1472,1600,128
1175.jpg,1473,1850,377
1180.jpg,1475,1450,-25
1185.jpg,1477,1480,3
1190.jpg,1477,1700,223
1195.jpg,1479,1600,121
1200.jpg,1480,1850,370
1205.jpg,1482,1600,118
1210.jpg,1482,1450,-32
1215.jpg,1483,1600,117
1220.jpg,1485,1450,-35
1225.jpg,1487,1700,213
1230.jpg,1487,1450,-37
1235.jpg,1488,1600,112
1240.jpg,1489,1450,-39
1245.jpg,1490,1526,36
1250.jpg,1490,1600,110
1255.jpg,1491,1491,0
1260.jpg,1492,1700,208
1265.jpg,1493,1700,207
1270.jpg,1494,1800,306
1275.jpg,1495,1450,-45
1280.jpg,1496,1450,-46
1285.jpg,1497,1900,403
1290.jpg,1497,1490,-7
1295.jpg,1498,1450,-48
1300.jpg,1499,1450,-49
1305.jpg,1500,1600,100
1310.jpg,1500,1700,200
1315.jpg,1501,1700,199
1325.jpg,1503,1750,247
1330.jpg,1504,1450,-54
1335.jpg,1505,1750,245
1340.jpg,1506,1450,-56
1345.jpg,1507,1450,-57
1350.jpg,1508,1450,-58
1355.jpg,1508,1600,92
1360.jpg,1509,1450,-59
1365.jpg,1510,1900,390
1370.jpg,1510,1800,290
1375.jpg,1511,1450,-61
1380.jpg,1512,1450,-62
1385.jpg,1513,1450,-63
1390.jpg,1513,1750,237
1395.jpg,1515,1450,-65
1400.jpg,1515,1750,235
1405.jpg,1516,1750,234
1410.jpg,1517,1380,-137
1415.jpg,1518,1450,-68
1420.jpg,1518,1526,8
1425.jpg,1520,1600,80
1430.jpg,1521,1495,-26
1435.jpg,1521,1450,-71
1440.jpg,1522,1970,448
1445.jpg,1523,1900,377
1450.jpg,1524,1600,76
1455.jpg,1525,1700,175
1460.jpg,1526,1700,174
1465.jpg,1526,1750,224
1470.jpg,1527,1900,373
1475.jpg,1528,1750,222
1480.jpg,1528,1930,402
1485.jpg,1530,1450,-80
1490.jpg,1530,1600,70
1495.jpg,1530,1750,220
1500.jpg,1531,1850,319
1505.jpg,1531,1800,269
1510.jpg,1532,1600,68
1515.jpg,1532,1750,218
1520.jpg,1533,1800,267
1525.jpg,1534,1800,266
1530.jpg,1535,1700,165
1535.jpg,1535,1900,365
1540.jpg,1536,1700,164
1545.jpg,1537,1600,63
1550.jpg,1537,1750,213
1555.jpg,1538,1550,12
1560.jpg,1539,1450,-89
1565.jpg,1540,1538,-2
1570.jpg,1540,1450,-90
1575.jpg,1540,1450,-90
1580.jpg,1540,1450,-90
1590.jpg,1542,1700,158
1595.jpg,1543,1750,207
1600.jpg,1543,1600,57
1605.jpg,1544,1550,6
1610.jpg,1545,1750,205
1615.jpg,1545,1750,205
1620.jpg,1547,1515,-32
1625.jpg,1548,1600,52
1630.jpg,1549,1750,201
1635.jpg,1549,1600,51
1640.jpg,1550,1600,50
1645.jpg,1550,1750,200
1650.jpg,1550,1800,250
1655.jpg,1550,1450,-100
1660.jpg,1551,1900,349
1665.jpg,1551,1600,49
1670.jpg,1552,1700,148
1675.jpg,1553,1700,147
1680.jpg,1554,1750,196
1685.jpg,1554,1620,66
1690.jpg,1555,1800,245
1695.jpg,1556,1900,344
1700.jpg,1557,1850,293
1705.jpg,1558,1900,342
1710.jpg,1558,1600,42
1715.jpg,1559,1450,-109
1720.jpg,1559,1800,241
1725.jpg,1560,1750,190
1730.jpg,1560,1600,40
1735.jpg,1560,1900,340
1740.jpg,1561,1800,239
1745.jpg,1561,1526,-35
1750.jpg,1562,1600,38
1755.jpg,1563,1800,237
1760.jpg,1564,1850,286
1765.jpg,1565,1750,185
1770.jpg,1565,1750,185
1775.jpg,1565,1450,-115
1780.jpg,1566,1650,84
1785.jpg,1567,1800,233
1790.jpg,1567,1450,-117
1795.jpg,1568,1600,32
1800.jpg,1568,1800,232
1805.jpg,1569,1700,131
1810.jpg,1570,1800,230
1815.jpg,1570,1750,180
1820.jpg,1570,1800,230
1825.jpg,1571,1800,229
1830.jpg,1572,1750,178
1835.jpg,1572,1622,50
1840.jpg,1573,1700,127
1845.jpg,1573,1900,327
1850.jpg,1574,1750,176
1855.jpg,1574,1800,226
1860.jpg,1575,1800,225
1865.jpg,1575,1750,175
1870.jpg,1575,1850,275
1875.jpg,1576,1750,174
1880.jpg,1577,1750,173
1885.jpg,1578,1800,222
1890.jpg,1578,1850,272
1895.jpg,1579,1550,-29
1900.jpg,1579,1750,171
1905.jpg,1580,1750,170
1910.jpg,1580,1800,220
1915.jpg,1581,1550,-31
1920.jpg,1581,1650,69
1925.jpg,1582,1870,288
1930.jpg,1582,1900,318
1935.jpg,1583,1600,17
1940.jpg,1584,1850,266
1945.jpg,1584,1900,316
1950.jpg,1585,1750,165
1955.jpg,1585,1600,15
1960.jpg,1585,1800,215
1965.jpg,1586,1450,-136
1970.jpg,1586,1800,214
1975.jpg,1587,1600,13
1980.jpg,1588,1600,12
1985.jpg,1588,1800,212
1990.jpg,1588,1700,112
1995.jpg,1588,1850,262
2000.jpg,1589,1750,161
2005.jpg,1590,1700,110
2010.jpg,1590,1750,160
2020.jpg,1591,1750,159
2025.jpg,1591,1750,159
2030.jpg,1592,1900,308
2035.jpg,1593,1595,2
2045.jpg,1595,165,-1430
2050.jpg,1595,1600,5
2055.jpg,1595,1750,155
2060.jpg,1596,1750,154
2065.jpg,1596,1593,-3
2070.jpg,1597,1600,3
2075.jpg,1597,1750,153
2080.jpg,1598,1600,2
2085.jpg,1598,1553,-45
2090.jpg,1598,1920,322
2095.jpg,1600,1599,-1
2100.jpg,1600,1450,-150
2115.jpg,1602,1800,198
2125.jpg,1604,1600,-4
2130.jpg,1604,1600,-4
2135.jpg,1604,1600,-4
2140.jpg,1605,1700,95
2145.jpg,1605,1700,95
2150.jpg,1606,1900,294
2155.jpg,1606,1650,44
2160.jpg,1607,1700,93
2165.jpg,1607,1560,-47
2170.jpg,1608,1700,92
2175.jpg,1608,1750,142
2180.jpg,1609,1450,-159
2185.jpg,1610,1850,240
2190.jpg,1610,1600,-10
2195.jpg,1610,1600,-10
2200.jpg,1610,1800,190
2205.jpg,1611,1600,-11
2210.jpg,1611,1750,139
2215.jpg,1611,1700,89
2220.jpg,1612,1970,358
2225.jpg,1612,1900,288
2230.jpg,1613,1450,-163
2235.jpg,1613,1750,137
2240.jpg,1614,1550,-64
2245.jpg,1614,1700,86
2250.jpg,1614,1600,-14
2255.jpg,1615,1900,285
2260.jpg,1615,1850,235
2265.jpg,1616,1850,234
2270.jpg,1616,1750,134
2275.jpg,1616,1850,234
2280.jpg,1616,1700,84
2285.jpg,1617,1850,233
2290.jpg,1617,1550,-67
2295.jpg,1617,1750,133
2300.jpg,1618,1055,-563
2305.jpg,1618,1750,132
2310.jpg,1619,1500,-119
2315.jpg,1619,1750,131
2320.jpg,1619,1800,181
2325.jpg,1620,1600,-20
2330.jpg,1620,1600,-20
2335.jpg,1620,1750,130
2340.jpg,1621,1650,29
2345.jpg,1621,1700,79
2350.jpg,1622,1700,78
2360.jpg,1623,1600,-23
2365.jpg,1624,1700,76
2370.jpg,1624,1750,126
2375.jpg,1624,1750,126
2380.jpg,1625,1750,125
2385.jpg,1625,1700,75
2390.jpg,1625,1800,175
2395.jpg,1625,1900,275
2400.jpg,1626,1450,-176
2405.jpg,1626,1850,224
2410.jpg,1627,1750,123
2415.jpg,1628,1900,272
2420.jpg,1628,1850,222
2425.jpg,1629,1850,221
2430.jpg,1629,1550,-79
2435.jpg,1630,1750,120
2440.jpg,1630,1700,70
2445.jpg,1630,1750,120
2450.jpg,1630,1600,-30
2455.jpg,1631,1700,69
2460.jpg,1631,1800,169
2465.jpg,1631,1600,-31
2470.jpg,1632,1800,168
2475.jpg,1632,1940,308
2480.jpg,1632,1800,168
2485.jpg,1633,1850,217
2490.jpg,1633,1450,-183
2495.jpg,1634,1890,256
2500.jpg,1634,1450,-184
2505.jpg,1634,1700,66
2510.jpg,1635,1870,235
2515.jpg,1635,1800,165
2520.jpg,1635,1600,-35
2525.jpg,1636,1800,164
2530.jpg,1636,1750,114
2535.jpg,1636,1450,-186
2540.jpg,1637,1800,163
2545.jpg,1637,1650,13
2550.jpg,1638,1550,-88
2555.jpg,1638,1700,62
2560.jpg,1638,1800,162
2565.jpg,1639,1750,111
2570.jpg,1639,1700,61
2575.jpg,1640,1750,110
2580.jpg,1640,1700,60
2585.jpg,1640,1800,160
2590.jpg,1641,1800,159
2595.jpg,1641,1700,59
2600.jpg,1641,1970,329
2605.jpg,1642,1600,-42
2610.jpg,1642,1750,108
2615.jpg,1643,1750,107
2620.jpg,1644,1850,206
2625.jpg,1644,1750,106
2630.jpg,1644,1800,156
2635.jpg,1645,1850,205
2640.jpg,1645,1900,255
2645.jpg,1646,1750,104
2650.jpg,1646,1700,54
2655.jpg,1646,1500,-146
2660.jpg,1648,1750,102
2665.jpg,1648,1750,102
2670.jpg,1648,1648,0
2675.jpg,1649,1800,151
2680.jpg,1650,1600,-50
2685.jpg,1650,1670,20
2690.jpg,1650,1850,200
2695.jpg,1650,1900,250
2700.jpg,1651,1750,99
2705.jpg,1651,1850,199
2710.jpg,1652,1700,48
2715.jpg,1653,1800,147
2720.jpg,1653,1600,-53
2725.jpg,1654,1700,46
2730.jpg,1654,1600,-54
2735.jpg,1655,1750,95
2745.jpg,1656,1750,94
2750.jpg,1656,1760,104
2755.jpg,1656,1750,94
2760.jpg,1657,1700,43
2765.jpg,1657,1600,-57
2770.jpg,1658,1550,-108
2775.jpg,1658,1800,142
2780.jpg,1659,1600,-59
2785.jpg,1659,1700,41
2790.jpg,1660,1750,90
2795.jpg,1660,1750,90
2800.jpg,1660,1800,140
2805.jpg,1660,1700,40
2810.jpg,1660,1750,90
2815.jpg,1660,1750,90
2820.jpg,1660,1750,90
2825.jpg,1661,1600,-61
2830.jpg,1661,1700,39
2835.jpg,1661,1800,139
2840.jpg,1661,1850,189
2845.jpg,1662,1920,258
2850.jpg,1663,1750,87
2855.jpg,1663,1600,-63
2860.jpg,1664,1600,-64
2865.jpg,1664,1700,36
2870.jpg,1664,1700,36
2875.jpg,1665,1850,185
2880.jpg,1665,1600,-65
2885.jpg,1665,1750,85
2890.jpg,1665,1700,35
2895.jpg,1666,1750,84
2900.jpg,1666,1800,134
2905.jpg,1667,1750,83
2910.jpg,1667,1700,33
2915.jpg,1667,1650,-17
2920.jpg,1668,1600,-68
2925.jpg,1669,1900,231
2930.jpg,1669,1750,81
2935.jpg,1670,1750,80
2940.jpg,1670,1750,80
2945.jpg,1670,1700,30
2950.jpg,1670,1700,30
2955.jpg,1671,1700,29
2960.jpg,1671,1450,-221
2965.jpg,1671,1700,29
2970.jpg,1672,1900,228
2975.jpg,1672,1800,128
2980.jpg,1673,1750,77
2985.jpg,1673,1750,77
2990.jpg,1674,1820,146
2995.jpg,1674,1750,76
3000.jpg,1674,1450,-224
3010.jpg,1675,1650,-25
3020.jpg,1676,1750,74
3025.jpg,1676,1750,74
3030.jpg,1677,1970,293
3035.jpg,1677,1800,123
3040.jpg,1677,1750,73
3045.jpg,1678,1800,122
3050.jpg,1678,1750,72
3055.jpg,1678,1450,-228
3060.jpg,1679,1750,71
3065.jpg,1679,1700,21
3075.jpg,1680,1750,70
3080.jpg,1680,1750,70
3085.jpg,1680,1750,70
3090.jpg,1680,1800,120
3095.jpg,1680,1700,20
3100.jpg,1680,1750,70
3105.jpg,1681,1700,19
3110.jpg,1681,1800,119
3115.jpg,1681,1700,19
3120.jpg,1681,1450,-231
3125.jpg,1682,1750,68
3130.jpg,1682,1750,68
3135.jpg,1682,1750,68
3140.jpg,1682,1750,68
3145.jpg,1683,1750,67
3150.jpg,1683,1750,67
3155.jpg,1683,1750,67
3160.jpg,1683,1450,-233
3165.jpg,1683,1750,67
3170.jpg,1684,1750,66
3175.jpg,1684,1650,-34
3180.jpg,1684,1750,66
3185.jpg,1684,1750,66
3190.jpg,1685,1750,65
3195.jpg,1685,1700,15
3200.jpg,1685,1900,215
3205.jpg,1686,1700,14
3210.jpg,1686,1800,114
3215.jpg,1686,1900,214
3220.jpg,1686,1800,114
3225.jpg,1687,1750,63
3230.jpg,1687,1750,63
3235.jpg,1687,1700,13
3240.jpg,1688,1750,62
3245.jpg,1688,1750,62
3250.jpg,1689,1850,161
3255.jpg,1689,1750,61
3260.jpg,1689,1750,61
3270.jpg,1690,1750,60
3275.jpg,1690,1850,160
3280.jpg,1690,1900,210
3285.jpg,1690,1800,110
3290.jpg,1690,1970,280
3295.jpg,1690,1800,110
3300.jpg,1690,1750,60
3305.jpg,1691,1700,9
3310.jpg,1691,1750,59
3315.jpg,1691,1720,29
3320.jpg,1692,1800,108
3325.jpg,1692,1930,238
3330.jpg,1693,1930,237
3335.jpg,1693,1750,57
3340.jpg,1694,1750,56
3345.jpg,1694,1900,206
3350.jpg,1694,1450,-244
3355.jpg,1695,1800,105
3360.jpg,1695,1800,105
3365.jpg,1695,1750,55
3370.jpg,1695,1750,55
3375.jpg,1695,1600,-95
3385.jpg,1696,1750,54
3390.jpg,1696,1800,104
3395.jpg,1696,1750,54
3400.jpg,1696,1750,54
3405.jpg,1696,1700,4
3410.jpg,1697,1750,53
3415.jpg,1697,1800,103
3420.jpg,1697,1850,153
3425.jpg,1697,1700,3
3430.jpg,1698,1750,52
3435.jpg,1698,1820,122
3440.jpg,1698,1800,102
3445.jpg,1699,1750,51
3450.jpg,1699,1700,1
3455.jpg,1699,1700,1
3460.jpg,1700,1750,50
3465.jpg,1700,1850,150
3470.jpg,1700,1750,50
3475.jpg,1700,1750,50
3480.jpg,1700,1750,50
3485.jpg,1700,1750,50
3490.jpg,1700,1750,50
3495.jpg,1700,1800,100
3500.jpg,1700,1750,50
3505.jpg,1700,1720,20
3510.jpg,1700,1700,0
3520.jpg,1701,1850,149
3525.jpg,1701,1750,49
3535.jpg,1702,1750,48
3540.jpg,1702,1750,48
3545.jpg,1703,1837,134
3550.jpg,1704,1850,146
3555.jpg,1704,1750,46
3560.jpg,1704,1800,96
3565.jpg,1704,1850,146
3570.jpg,1704,1900,196
3575.jpg,1705,1700,-5
3580.jpg,1705,1750,45
3585.jpg,1705,1800,95
3590.jpg,1705,1750,45
3595.jpg,1706,1750,44
3600.jpg,1706,1800,94
3605.jpg,1706,1750,44
3610.jpg,1706,1900,194
3615.jpg,1707,1750,43
3620.jpg,1707,1750,43
3625.jpg,1707,1750,43
3630.jpg,1708,1800,92
3635.jpg,1708,1750,42
3640.jpg,1708,1750,42
3645.jpg,1708,1700,-8
3650.jpg,1709,1850,141
3655.jpg,1709,1850,141
3660.jpg,1709,1800,91
3665.jpg,1709,1750,41
3670.jpg,1710,1750,40
3675.jpg,1710,1900,190
3680.jpg,1710,1750,40
3685.jpg,1710,1750,40
3690.jpg,1710,1750,40
3695.jpg,1710,1750,40
3700.jpg,1710,1800,90
3705.jpg,1710,1850,140
3710.jpg,1710,1720,10
3715.jpg,1711,1900,189
3720.jpg,1711,1750,39
3725.jpg,1711,1750,39
3730.jpg,1711,1700,-11
3735.jpg,1711,1700,-11
3740.jpg,1712,1900,188
3745.jpg,1712,1800,88
3750.jpg,1713,1650,-63
3755.jpg,1713,1750,37
3760.jpg,1713,1713,0
3765.jpg,1713,1700,-13
3770.jpg,1714,1750,36
3775.jpg,1714,1800,86
3780.jpg,1714,1870,156
3785.jpg,1714,1900,186
3790.jpg,1715,1800,85
3795.jpg,1715,1900,185
3800.jpg,1715,1800,85
3805.jpg,1715,1450,-265
3810.jpg,1715,1750,35
3815.jpg,1715,1750,35
3820.jpg,1715,1970,255
3825.jpg,1715,1750,35
3830.jpg,1715,1750,35
3835.jpg,1716,1850,134
3840.jpg,1716,1750,34
3845.jpg,1716,1850,134
3850.jpg,1716,1970,254
3855.jpg,1716,1750,34
3860.jpg,1716,1750,34
3865.jpg,1717,1750,33
3870.jpg,1717,1750,33
3875.jpg,1717,1750,33
3880.jpg,1718,1750,32
3885.jpg,1718,1700,-18
3890.jpg,1719,1850,131
3895.jpg,1719,1750,31
3900.jpg,1719,1750,31
3905.jpg,1719,1850,131
3910.jpg,1720,1850,130
3915.jpg,1720,1800,80
3920.jpg,1720,1800,80
3925.jpg,1720,1800,80
3930.jpg,1720,1900,180
3935.jpg,1720,1750,30
3940.jpg,1720,1750,30
3945.jpg,1720,1750,30
3950.jpg,1720,1800,80
3955.jpg,1720,1800,80
3960.jpg,1720,1800,80
3965.jpg,1720,1750,30
3970.jpg,1720,1450,-270
3975.jpg,1721,1970,249
3980.jpg,1721,1750,29
3985.jpg,1721,1800,79
3990.jpg,1721,1750,29
3995.jpg,1721,1600,-121
4000.jpg,1722,1722,0
4005.jpg,1722,1750,28
4010.jpg,1722,1750,28
4015.jpg,1722,1750,28
4020.jpg,1722,1800,78
4025.jpg,1723,1710,-13
4030.jpg,1723,1750,27
4035.jpg,1723,1850,127
4040.jpg,1723,1750,27
4045.jpg,1723,1750,27
4050.jpg,1723,1700,-23
4055.jpg,1723,1930,207
4060.jpg,1724,1850,126
4065.jpg,1724,1900,176
4070.jpg,1724,1750,26
4075.jpg,1724,1750,26
4080.jpg,1724,1750,26
4085.jpg,1724,1600,-124
4090.jpg,1724,1700,-24
4095.jpg,1724,1600,-124
4100.jpg,1725,1850,125
4105.jpg,1725,1800,75
4110.jpg,1725,1920,195
4115.jpg,1725,1700,-25
4120.jpg,1725,1700,-25
4125.jpg,1725,1750,25
4130.jpg,1725,1750,25
4135.jpg,1725,1745,20
4140.jpg,1725,1750,25
4145.jpg,1725,1750,25
4150.jpg,1725,1700,-25
4155.jpg,1725,1850,125
4160.jpg,1726,1900,174
4165.jpg,1726,1750,24
4170.jpg,1726,1750,24
4175.jpg,1726,1900,174
4180.jpg,1726,1700,-26
4185.jpg,1727,1750,23
4190.jpg,1727,1750,23
4195.jpg,1727,1750,23
4200.jpg,1727,1750,23
4205.jpg,1727,1600,-127
4210.jpg,1727,1800,73
4215.jpg,1728,1750,22
4220.jpg,1728,1900,172
4225.jpg,1728,1750,22
4230.jpg,1728,1750,22
4235.jpg,1728,1700,-28
4240.jpg,1728,1900,172
4245.jpg,1728,1800,72
4250.jpg,1729,1762,33
4255.jpg,1729,1850,121
4260.jpg,1729,1750,21
4265.jpg,1729,1800,71
4270.jpg,1729,1700,-29
4275.jpg,1730,1850,120
4280.jpg,1730,1750,20
4285.jpg,1730,1750,20
4290.jpg,1730,1750,20
4295.jpg,1730,1850,120
4300.jpg,1730,1900,170
4305.jpg,1730,1800,70
4310.jpg,1730,1850,120
4315.jpg,1730,1800,70
4320.jpg,1730,1750,20
4325.jpg,1730,1930,200
4330.jpg,1730,1800,70
4335.jpg,1730,1750,20
4340.jpg,1730,1750,20
4345.jpg,1730,1750,20
4350.jpg,1730,1800,70
4355.jpg,1730,1950,220
4360.jpg,1730,1900,170
4365.jpg,1730,1900,170
4370.jpg,1731,1750,19
4375.jpg,1731,1750,19
4380.jpg,1731,1750,19
4385.jpg,1731,1700,-31
4390.jpg,1732,1800,68
4395.jpg,1732,1750,18
4400.jpg,1732,1900,168
4405.jpg,1732,1750,18
4410.jpg,1732,1800,68
4415.jpg,1732,1750,18
4420.jpg,1732,1750,18
4425.jpg,1732,2000,268
4430.jpg,1732,1700,-32
4435.jpg,1733,1750,17
4440.jpg,1733,1750,17
4445.jpg,1733,1800,67
4450.jpg,1733,1750,17
4455.jpg,1733,1750,17
4460.jpg,1733,1700,-33
4465.jpg,1733,1900,167
4470.jpg,1733,1850,117
4475.jpg,1734,1750,16
4480.jpg,1734,1750,16
4485.jpg,1734,1900,166
4490.jpg,1734,1750,16
4495.jpg,1735,1800,65
4505.jpg,1735,1750,15
4510.jpg,1735,1800,65
4515.jpg,1735,1800,65
4520.jpg,1735,1750,15
4525.jpg,1735,1930,195
4530.jpg,1735,1800,65
4535.jpg,1735,1750,15
4545.jpg,1736,1872,136
4550.jpg,1736,1750,14
4555.jpg,1736,1800,64
4560.jpg,1736,1550,-186
4565.jpg,1736,1700,-36
4570.jpg,1736,1800,64
4575.jpg,1737,1850,113
4580.jpg,1737,1900,163
4585.jpg,1737,1800,63
4590.jpg,1737,1930,193
4595.jpg,1737,1700,-37
4600.jpg,1737,1800,63
4605.jpg,1738,1850,112
4610.jpg,1738,1800,62
4615.jpg,1738,1900,162
4620.jpg,1738,1750,12
4625.jpg,1738,1800,62
4630.jpg,1738,1850,112
4635.jpg,1738,1750,12
4640.jpg,1739,1750,11
4645.jpg,1739,1800,61
4650.jpg,1739,1900,161
4655.jpg,1739,1750,11
4660.jpg,1739,1800,61
4665.jpg,1740,1750,10
4670.jpg,1740,1750,10
4675.jpg,1740,1750,10
4680.jpg,1740,1750,10
4685.jpg,1740,1750,10
4690.jpg,1740,1750,10
4695.jpg,1740,1800,60
4700.jpg,1740,1750,10
4705.jpg,1740,1750,10
4710.jpg,1740,1750,10
4715.jpg,1740,1750,10
4720.jpg,1740,1900,160
4725.jpg,1740,1750,10
4730.jpg,1740,1900,160
4735.jpg,1740,1800,60
4740.jpg,1740,1700,-40
4745.jpg,1740,1750,10
4750.jpg,1741,1890,149
4755.jpg,1741,1750,9
4760.jpg,1741,1930,189
4765.jpg,1741,1850,109
4770.jpg,1741,1700,-41
4775.jpg,1741,2010,269
4780.jpg,1742,1200,-542
4785.jpg,1742,1750,8
4790.jpg,1742,1750,8
4795.jpg,1742,1750,8
4800.jpg,1742,1750,8
4805.jpg,1742,1750,8
4810.jpg,1742,1670,-72
4815.jpg,1742,1750,8
4820.jpg,1743,1900,157
4825.jpg,1743,1750,7
4835.jpg,1743,1750,7
4840.jpg,1743,1800,57
4845.jpg,1744,1750,6
4850.jpg,1744,1750,6
4855.jpg,1744,1750,6
4860.jpg,1744,1750,6
4865.jpg,1744,1600,-144
4870.jpg,1745,1900,155
4875.jpg,1745,1750,5
4880.jpg,1745,1750,5
4885.jpg,1745,1700,-45
4890.jpg,1745,1800,55
4895.jpg,1745,1750,5
4900.jpg,1745,1750,5
4905.jpg,1745,1850,105
4910.jpg,1746,1900,154
4915.jpg,1746,1750,4
4920.jpg,1746,1750,4
4925.jpg,1746,1200,-546
4930.jpg,1747,1800,53
4935.jpg,1747,1800,53
4940.jpg,1747,1750,3
4945.jpg,1747,1850,103
4950.jpg,1747,1750,3
4955.jpg,1747,1700,-47
4960.jpg,1747,1800,53
4965.jpg,1748,1900,152
4970.jpg,1748,1750,2
4975.jpg,1748,1750,2
4980.jpg,1748,1850,102
4985.jpg,1748,1750,2
4990.jpg,1749,1800,51
4995.jpg,1749,1850,101
5000.jpg,1749,1750,1
5005.jpg,1749,1900,151
5010.jpg,1749,1870,121
5015.jpg,1750,1700,-50
5020.jpg,1750,1750,0
5025.jpg,1750,1800,50
5030.jpg,1750,1700,-50
5035.jpg,1750,1800,50
5040.jpg,1750,1800,50
5045.jpg,1750,1750,0
5050.jpg,1750,1900,150
5060.jpg,1750,1750,0
5065.jpg,1750,1800,50
5070.jpg,1750,1800,50
5075.jpg,1750,1800,50
5080.jpg,1750,1750,0
5085.jpg,1750,1850,100
5090.jpg,1750,1850,100
5095.jpg,1750,1900,150
5100.jpg,1750,1970,220
5105.jpg,1750,1800,50
5110.jpg,1750,1750,0
5115.jpg,1750,1750,0
5120.jpg,1750,1750,0
5125.jpg,1750,1700,-50
5130.jpg,1750,1750,0
5135.jpg,1750,1850,100
5140.jpg,1750,1850,100
5145.jpg,1750,1750,0
5150.jpg,1750,1800,50
5155.jpg,1750,1750,0
5160.jpg,1750,1750,0
5165.jpg,1750,1900,150
5170.jpg,1750,1750,0
5175.jpg,1750,1750,0
5180.jpg,1750,1800,50
5185.jpg,1750,2010,260
5190.jpg,1750,1750,0
5195.jpg,1751,1850,99
5200.jpg,1751,1750,-1
5205.jpg,1751,1800,49
5210.jpg,1751,1900,149
5215.jpg,1751,1750,-1
5220.jpg,1751,1450,-301
5225.jpg,1752,1780,28
5230.jpg,1752,1850,98
5235.jpg,1752,1800,48
5240.jpg,1752,1750,-2
5245.jpg,1752,1800,48
5250.jpg,1752,1900,148
5255.jpg,1752,1750,-2
5260.jpg,1752,1750,-2
5265.jpg,1752,1750,-2
5270.jpg,1752,1750,-2
5275.jpg,1752,1750,-2
5285.jpg,1753,1827,74
5290.jpg,1753,1750,-3
5295.jpg,1753,1800,47
5300.jpg,1753,1800,47
5305.jpg,1753,1750,-3
5310.jpg,1753,1750,-3
5315.jpg,1753,1600,-153
5320.jpg,1753,1800,47
5325.jpg,1754,1800,46
5330.jpg,1754,1754,0
5335.jpg,1754,1750,-4
5340.jpg,1754,1920,166
5345.jpg,1754,1800,46
5350.jpg,1754,1750,-4
5355.jpg,1754,1750,-4
5360.jpg,1754,1750,-4
5365.jpg,1754,1900,146
5370.jpg,1755,1725,-30
5375.jpg,1755,1800,45
5380.jpg,1755,1750,-5
5385.jpg,1755,1850,95
5390.jpg,1755,1750,-5
5395.jpg,1755,1800,45
5400.jpg,1755,1750,-5
5405.jpg,1755,1850,95
5410.jpg,1755,1750,-5
5415.jpg,1756,1820,64
5420.jpg,1756,1750,-6
5425.jpg,1756,1800,44
5430.jpg,1756,1800,44
5435.jpg,1756,1750,-6
5440.jpg,1756,1750,-6
5445.jpg,1756,1700,-56
5450.jpg,1756,1850,94
5455.jpg,1756,1700,-56
5460.jpg,1756,1800,44
5470.jpg,1757,1750,-7
5475.jpg,1757,1750,-7
5480.jpg,1757,1800,43
5485.jpg,1757,1850,93
5490.jpg,1757,1900,143
5495.jpg,1757,1900,143
5500.jpg,1758,1750,-8
5505.jpg,1758,1800,42
5510.jpg,1758,1750,-8
5515.jpg,1758,1900,142
5520.jpg,1758,1750,-8
5525.jpg,1758,1800,42
5530.jpg,1758,1800,42
5535.jpg,1759,1800,41
5540.jpg,1759,1750,-9
5545.jpg,1759,1750,-9
5550.jpg,1759,1780,21
5555.jpg,1759,1800,41
5560.jpg,1759,1800,41
5565.jpg,1760,1800,40
5570.jpg,1760,1850,90
5575.jpg,1760,1850,90
5580.jpg,1760,1850,90
5585.jpg,1760,1450,-310
5590.jpg,1761,1800,39
5595.jpg,1761,1800,39
5600.jpg,1761,1750,-11
5605.jpg,1761,1900,139
5610.jpg,1761,1900,139
5615.jpg,1761,1900,139
5620.jpg,1761,1650,-111
5625.jpg,1761,1850,89
5630.jpg,1762,1900,138
5635.jpg,1762,1750,-12
5640.jpg,1762,1900,138
5645.jpg,1762,1750,-12
5650.jpg,1762,1750,-12
5655.jpg,1762,1800,38
5660.jpg,1762,1800,38
5665.jpg,1762,1850,88
5670.jpg,1763,1970,207
5675.jpg,1763,1800,37
5680.jpg,1763,1750,-13
5685.jpg,1763,1800,37
5690.jpg,1763,1750,-13
5695.jpg,1763,1750,-13
5700.jpg,1763,1600,-163
5705.jpg,1763,1820,57
5710.jpg,1764,1850,86
5715.jpg,1764,1800,36
5720.jpg,1764,1800,36
5725.jpg,1764,1800,36
5730.jpg,1764,1800,36
5735.jpg,1764,1750,-14
5740.jpg,1764,1750,-14
5745.jpg,1764,1750,-14
5750.jpg,1764,1700,-64
5755.jpg,1764,1750,-14
5765.jpg,1765,1800,35
5770.jpg,1765,1750,-15
5775.jpg,1765,1800,35
5780.jpg,1765,1930,165
5785.jpg,1765,1750,-15
5790.jpg,1765,1750,-15
5795.jpg,1765,1800,35
5800.jpg,1765,1750,-15
5805.jpg,1765,1800,35
5810.jpg,1765,1750,-15
5815.jpg,1765,1750,-15
5820.jpg,1765,1850,85
5825.jpg,1765,1800,35
5830.jpg,1765,1850,85
5835.jpg,1766,1766,0
5840.jpg,1766,1800,34
5845.jpg,1766,1750,-16
5850.jpg,1766,1750,-16
5855.jpg,1766,1800,34
5860.jpg,1766,1800,34
5865.jpg,1766,1850,84
5870.jpg,1766,1750,-16
5875.jpg,1767,1750,-17
5880.jpg,1767,1800,33
5885.jpg,1767,1850,83
5890.jpg,1767,1800,33
5895.jpg,1768,1850,82
5900.jpg,1768,1800,32
5905.jpg,1768,1750,-18
5910.jpg,1768,1850,82
5915.jpg,1768,1850,82
5920.jpg,1768,1750,-18
5925.jpg,1768,1750,-18
5930.jpg,1768,1800,32
5935.jpg,1768,1800,32
5940.jpg,1768,1920,152
5945.jpg,1769,1750,-19
5950.jpg,1769,1800,31
5955.jpg,1769,1750,-19
5960.jpg,1769,1750,-19
5965.jpg,1769,1750,-19
5970.jpg,1769,1750,-19
5975.jpg,1769,1750,-19
5980.jpg,1769,1750,-19
5985.jpg,1769,1850,81
5990.jpg,1769,1800,31
5995.jpg,1769,1450,-319
6000.jpg,1770,1750,-20
6005.jpg,1770,1750,-20
6010.jpg,1770,1750,-20
6015.jpg,1770,1750,-20
6020.jpg,1770,1750,-20
6025.jpg,1770,1750,-20
6030.jpg,1770,1750,-20
6035.jpg,1770,1800,30
6040.jpg,1770,1750,-20
6045.jpg,1770,1850,80
6050.jpg,1770,1750,-20
6055.jpg,1770,1900,130
6060.jpg,1770,1900,130
6065.jpg,1770,1750,-20
6070.jpg,1770,1900,130
6075.jpg,1770,1800,30
6080.jpg,1770,1750,-20
6085.jpg,1770,1800,30
6090.jpg,1770,1750,-20
6095.jpg,1770,1750,-20
6100.jpg,1770,1800,30
6105.jpg,1770,1700,-70
6115.jpg,1771,1850,79
6120.jpg,1771,1800,29
6125.jpg,1771,1800,29
6130.jpg,1771,1750,-21
6135.jpg,1771,1750,-21
6140.jpg,1771,1750,-21
6145.jpg,1771,1750,-21
6150.jpg,1771,1900,129
6155.jpg,1771,1700,-71
6160.jpg,1771,1791,20
6165.jpg,1771,1820,49
6170.jpg,1772,1800,28
6175.jpg,1772,1800,28
6180.jpg,1772,1750,-22
6185.jpg,1772,1700,-72
6190.jpg,1772,1800,28
6195.jpg,1773,1800,27
6200.jpg,1773,1800,27
6205.jpg,1773,1750,-23
6210.jpg,1773,1850,77
6215.jpg,1773,1800,27
6220.jpg,1773,1750,-23
6225.jpg,1773,1750,-23
6230.jpg,1773,1750,-23
6235.jpg,1773,1850,77
6240.jpg,1774,1850,76
6245.jpg,1774,1800,26
6250.jpg,1774,1780,6
6255.jpg,1774,1750,-24
6260.jpg,1774,1750,-24
6265.jpg,1774,1750,-24
6270.jpg,1774,1800,26
6275.jpg,1774,1800,26
6280.jpg,1774,1850,76
6285.jpg,1774,1750,-24
6290.jpg,1774,1930,156
6295.jpg,1774,1850,76
6300.jpg,1774,1750,-24
6305.jpg,1775,1800,25
6310.jpg,1775,1750,-25
6315.jpg,1775,1750,-25
6320.jpg,1775,1750,-25
6325.jpg,1775,1750,-25
6330.jpg,1775,1850,75
6335.jpg,1775,1850,75
6350.jpg,1775,1940,165
6355.jpg,1775,1750,-25
6360.jpg,1775,1850,75
6365.jpg,1775,1750,-25
6370.jpg,1775,1800,25
6375.jpg,1775,1790,15
6380.jpg,1775,1800,25
6385.jpg,1775,1500,-275
6390.jpg,1775,1750,-25
6395.jpg,1775,1750,-25
6405.jpg,1776,1750,-26
6410.jpg,1776,1800,24
6415.jpg,1776,1920,144
6420.jpg,1776,1750,-26
6425.jpg,1776,1750,-26
6430.jpg,1776,1800,24
6435.jpg,1776,1750,-26
6440.jpg,1776,1780,4
6445.jpg,1777,1750,-27
6450.jpg,1777,1750,-27
6455.jpg,1777,1900,123
6460.jpg,1777,1800,23
6465.jpg,1777,1850,73
6470.jpg,1777,1900,123
6475.jpg,1777,1450,-327
6480.jpg,1777,1970,193
6485.jpg,1778,1850,72
6495.jpg,1778,1800,22
6500.jpg,1778,1780,2
6505.jpg,1778,1850,72
6510.jpg,1778,1750,-28
6515.jpg,1779,1900,121
6520.jpg,1779,1750,-29
6525.jpg,1779,1800,21
6530.jpg,1779,1800,21
6535.jpg,1779,1750,-29
6540.jpg,1779,1800,21
6545.jpg,1779,1750,-29
6550.jpg,1779,1800,21
6555.jpg,1780,1850,70
6560.jpg,1780,1800,20
6565.jpg,1780,1750,-30
6570.jpg,1780,1850,70
6575.jpg,1780,1750,-30
6580.jpg,1780,1850,70
6585.jpg,1780,1850,70
6590.jpg,1780,1900,120
6595.jpg,1780,1970,190
6600.jpg,1780,1750,-30
6605.jpg,1780,1750,-30
6610.jpg,1780,1800,20
6615.jpg,1780,1850,70
6620.jpg,1780,1800,20
6625.jpg,1780,1970,190
6630.jpg,1780,1750,-30
6635.jpg,1780,1750,-30
6640.jpg,1780,1750,-30
6645.jpg,1780,1750,-30
6650.jpg,1780,1900,120
6655.jpg,1780,1850,70
6660.jpg,1780,1970,190
6665.jpg,1780,1800,20
6670.jpg,1781,1900,119
6675.jpg,1781,1750,-31
6680.jpg,1781,1800,19
6685.jpg,1781,1800,19
6690.jpg,1781,1800,19
6695.jpg,1781,1850,69
6700.jpg,1781,1800,19
6705.jpg,1781,1900,119
6710.jpg,1782,1930,148
6715.jpg,1782,1850,68
6720.jpg,1782,1750,-32
6725.jpg,1782,1850,68
6730.jpg,1782,1800,18
6735.jpg,1782,1900,118
6740.jpg,1782,1750,-32
6745.jpg,1782,1650,-132
6750.jpg,1782,1750,-32
6755.jpg,1783,1850,67
6760.jpg,1783,1700,-83
6765.jpg,1783,1850,67
6770.jpg,1783,1970,187
6775.jpg,1783,1850,67
6780.jpg,1783,1750,-33
6785.jpg,1783,1850,67
6790.jpg,1783,1750,-33
6795.jpg,1783,1750,-33
6800.jpg,1783,1900,117
6805.jpg,1783,1800,17
6810.jpg,1784,1800,16
6815.jpg,1784,1450,-334
6820.jpg,1784,1800,16
6825.jpg,1784,1800,16
6830.jpg,1784,1800,16
6835.jpg,1784,1850,66
6840.jpg,1784,1800,16
6845.jpg,1784,1900,116
6850.jpg,1784,1700,-84
6855.jpg,1784,1850,66
6860.jpg,1785,1800,15
6865.jpg,1785,1800,15
6870.jpg,1785,1750,-35
6875.jpg,1785,1780,-5
6880.jpg,1785,1850,65
6885.jpg,1785,1850,65
6890.jpg,1785,1850,65
6895.jpg,1785,1800,15
6900.jpg,1785,1800,15
6905.jpg,1785,1750,-35
6910.jpg,1785,1850,65
6915.jpg,1785,1750,-35
6920.jpg,1785,1850,65
6925.jpg,1785,1750,-35
6930.jpg,1785,1450,-335
6935.jpg,1785,1970,185
6940.jpg,1785,1820,35
6945.jpg,1785,1750,-35
6950.jpg,1786,1750,-36
6955.jpg,1786,1850,64
6960.jpg,1786,1800,14
6965.jpg,1786,1750,-36
6970.jpg,1786,1750,-36
6975.jpg,1786,1750,-36
6980.jpg,1786,1780,-6
6985.jpg,1786,1910,124
6990.jpg,1786,1750,-36
6995.jpg,1786,1900,114
7000.jpg,1786,1850,64
7005.jpg,1787,1850,63
7010.jpg,1787,1750,-37
7015.jpg,1787,1750,-37
7020.jpg,1787,1800,13
7025.jpg,1787,1900,113
7030.jpg,1787,1800,13
7035.jpg,1787,1750,-37
7040.jpg,1787,1970,183
7045.jpg,1787,1850,63
7050.jpg,1787,1750,-37
7055.jpg,1787,1800,13
7060.jpg,1787,1930,143
7065.jpg,1787,1800,13
7070.jpg,1787,1800,13
7075.jpg,1787,1600,-187
7080.jpg,1787,1790,3
7085.jpg,1787,1850,63
7090.jpg,1788,1930,142
7095.jpg,1788,1910,122
7100.jpg,1788,1790,2
7105.jpg,1788,1820,32
7110.jpg,1788,1800,12
7115.jpg,1788,1820,32
7120.jpg,1788,1800,12
7125.jpg,1788,1800,12
7130.jpg,1788,1750,-38
7135.jpg,1788,1780,-8
7140.jpg,1788,1750,-38
7145.jpg,1789,1850,61
7150.jpg,1789,1750,-39
7155.jpg,1789,1750,-39
7160.jpg,1789,1870,81
7165.jpg,1789,1850,61
7170.jpg,1789,1850,61
7175.jpg,1789,1900,111
7180.jpg,1789,1900,111
7185.jpg,1789,1820,31
7190.jpg,1789,1750,-39
7195.jpg,1789,1800,11
7200.jpg,1790,1800,10
7205.jpg,1790,1800,10
7210.jpg,1790,1800,10
7215.jpg,1790,1850,60
7220.jpg,1790,1800,10
7225.jpg,1790,1750,-40
7230.jpg,1790,1750,-40
7235.jpg,1790,1800,10
7240.jpg,1790,1800,10
7245.jpg,1790,1800,10
7250.jpg,1790,1800,10
7255.jpg,1790,1900,110
7260.jpg,1790,1850,60
7265.jpg,1790,1900,110
7270.jpg,1790,1750,-40
7275.jpg,1790,1800,10
7280.jpg,1790,1820,30
7285.jpg,1790,1800,10
7290.jpg,1790,1900,110
7295.jpg,1790,1750,-40
7300.jpg,1790,1800,10
7305.jpg,1790,1800,10
7310.jpg,1790,1750,-40
7315.jpg,1790,1750,-40
7320.jpg,1790,1900,110
7325.jpg,1790,1850,60
7330.jpg,1790,1800,10
7335.jpg,1790,1800,10
7340.jpg,1790,1820,30
7345.jpg,1790,1850,60
7350.jpg,1790,1850,60
7355.jpg,1790,1800,10
7360.jpg,1790,1850,60
7365.jpg,1790,1750,-40
7370.jpg,1790,1750,-40
7375.jpg,1790,1900,110
7380.jpg,1790,1600,-190
7385.jpg,1791,1820,29
7390.jpg,1791,1800,9
7395.jpg,1791,1750,-41
7400.jpg,1791,1450,-341
7405.jpg,1791,1850,59
7410.jpg,1791,1750,-41
7415.jpg,1791,1750,-41
7420.jpg,1791,1750,-41
7425.jpg,1791,1800,9
7430.jpg,1791,1820,29
7435.jpg,1791,1900,109
7440.jpg,1792,1900,108
7445.jpg,1792,1850,58
7450.jpg,1792,1750,-42
7455.jpg,1792,1800,8
7460.jpg,1792,1800,8
7465.jpg,1792,1750,-42
7470.jpg,1792,1850,58
7475.jpg,1792,1800,8
7480.jpg,1792,1800,8
7485.jpg,1792,1750,-42
7490.jpg,1792,1800,8
7495.jpg,1792,1750,-42
7500.jpg,1792,1800,8
7505.jpg,1792,1800,8
7510.jpg,1793,1800,7
7515.jpg,1793,1989,196
7520.jpg,1793,1850,57
7525.jpg,1793,1800,7
7530.jpg,1793,1700,-93
7535.jpg,1793,2010,217
7540.jpg,1793,1900,107
7545.jpg,1793,1850,57
7550.jpg,1793,1750,-43
7555.jpg,1793,1800,7
7560.jpg,1793,1800,7
7565.jpg,1793,1750,-43
7570.jpg,1793,1920,127
7575.jpg,1793,1930,137
7580.jpg,1793,1750,-43
7585.jpg,1793,1900,107
7590.jpg,1793,1850,57
7595.jpg,1794,1900,106
7600.jpg,1794,1850,56
7605.jpg,1794,1850,56
7610.jpg,1794,1800,6
7615.jpg,1794,1850,56
7620.jpg,1794,1850,56
7625.jpg,1794,1900,106
7630.jpg,1794,1800,6
7635.jpg,1794,1800,6
7640.jpg,1794,1850,56
7645.jpg,1794,1750,-44
7650.jpg,1794,1800,6
7655.jpg,1795,1850,55
7660.jpg,1795,1920,125
7665.jpg,1795,1900,105
7670.jpg,1795,1800,5
7675.jpg,1795,1820,25
7680.jpg,1795,1750,-45
7685.jpg,1795,1750,-45
7690.jpg,1795,1800,5
7695.jpg,1795,1850,55
7700.jpg,1795,2000,205
7705.jpg,1795,1800,5
7710.jpg,1795,1800,5
7715.jpg,1795,1850,55
7720.jpg,1795,1750,-45
7725.jpg,1795,1750,-45
7730.jpg,1795,1800,5
7735.jpg,1795,1820,25
7740.jpg,1795,1850,55
7745.jpg,1795,1800,5
7750.jpg,1795,1800,5
7755.jpg,1795,1750,-45
7760.jpg,1795,1800,5
7765.jpg,1795,1850,55
7775.jpg,1796,1850,54
7780.jpg,1796,1750,-46
7785.jpg,1796,1850,54
7790.jpg,1796,1850,54
7795.jpg,1796,1800,4
7800.jpg,1796,1750,-46
7805.jpg,1796,1750,-46
7810.jpg,1796,1850,54
7815.jpg,1796,1900,104
7820.jpg,1796,1820,24
7825.jpg,1796,1800,4
7830.jpg,1796,1850,54
7840.jpg,1796,1750,-46
7845.jpg,1796,1800,4
7850.jpg,1796,1800,4
7855.jpg,1796,1800,4
7860.jpg,1796,1800,4
7865.jpg,1796,1800,4
7870.jpg,1796,1800,4
7875.jpg,1796,1850,54
7880.jpg,1797,1750,-47
7885.jpg,1797,1800,3
7890.jpg,1797,1800,3
7895.jpg,1797,1750,-47
7900.jpg,1797,1800,3
7905.jpg,1797,1750,-47
7915.jpg,1797,1850,53
7920.jpg,1797,1900,103
7925.jpg,1797,1800,3
7930.jpg,1797,1970,173
7935.jpg,1797,1970,173
7940.jpg,1797,1850,53
7945.jpg,1797,1800,3
7950.jpg,1797,1800,3
7955.jpg,1798,1850,52
7960.jpg,1798,1800,2
7965.jpg,1798,500,-1298
7970.jpg,1798,1850,52
7975.jpg,1798,1850,52
7980.jpg,1798,1750,-48
7985.jpg,1798,1850,52
7990.jpg,1798,1850,52
7995.jpg,1798,1850,52
8000.jpg,1798,1850,52
8005.jpg,1798,1750,-48
8010.jpg,1798,1970,172
8015.jpg,1798,1850,52
8020.jpg,1798,1850,52
8025.jpg,1798,1800,2
8030.jpg,1798,1800,2
8035.jpg,1798,1800,2
8040.jpg,1798,1900,102
8045.jpg,1798,1750,-48
8055.jpg,1798,1850,52
8060.jpg,1799,1950,151
8065.jpg,1799,1850,51
8070.jpg,1799,1800,1
8075.jpg,1799,1750,-49
8080.jpg,1799,1800,1
8085.jpg,1799,1800,1
8090.jpg,1799,1750,-49
8095.jpg,1799,1750,-49
8100.jpg,1799,1850,51
8105.jpg,1799,1800,1
8110.jpg,1799,1750,-49
8115.jpg,1800,1850,50
8120.jpg,1800,1900,100
8125.jpg,1800,1750,-50
8130.jpg,1800,1850,50
8135.jpg,1800,1750,-50
8140.jpg,1800,1800,0
8145.jpg,1800,1850,50
8150.jpg,1800,1820,20
8155.jpg,1800,1800,0
8160.jpg,1800,1970,170
8165.jpg,1800,1800,0
8170.jpg,1800,1800,0
8175.jpg,1800,1820,20
8180.jpg,1800,1750,-50
8185.jpg,1800,1900,100
8190.jpg,1800,1800,0
8195.jpg,1800,1850,50
8200.jpg,1800,1970,170
8205.jpg,1800,1750,-50
8210.jpg,1800,1750,-50
8215.jpg,1800,1850,50
8220.jpg,1800,1920,120
8225.jpg,1800,1850,50
8230.jpg,1800,1800,0
8235.jpg,1800,1800,0
8240.jpg,1800,1930,130
8245.jpg,1800,1800,0
8250.jpg,1800,1750,-50
8255.jpg,1800,1850,50
8260.jpg,1800,1750,-50
8265.jpg,1800,1800,0
8270.jpg,1800,1800,0
8275.jpg,1800,1750,-50
8280.jpg,1800,1750,-50
8285.jpg,1800,1930,130
8295.jpg,1800,1920,120
8300.jpg,1801,1850,49
8305.jpg,1801,1940,139
8310.jpg,1801,1800,-1
8315.jpg,1801,1850,49
8320.jpg,1801,1900,99
8325.jpg,1801,1850,49
8330.jpg,1801,1750,-51
8335.jpg,1801,1920,119
8340.jpg,1801,1800,-1
8345.jpg,1801,1820,19
8350.jpg,1801,1930,129
8355.jpg,1801,1800,-1
8360.jpg,1801,1900,99
8365.jpg,1801,1850,49
8375.jpg,1802,1850,48
8380.jpg,1802,1900,98
8385.jpg,1802,1750,-52
8390.jpg,1802,1750,-52
8395.jpg,1802,1850,48
8400.jpg,1802,1800,-2
8405.jpg,1802,1750,-52
8410.jpg,1802,1750,-52
8415.jpg,1802,1823,21
8420.jpg,1802,1970,168
8425.jpg,1802,1750,-52
8430.jpg,1802,1850,48
8435.jpg,1802,1800,-2
8440.jpg,1803,1900,97
8445.jpg,1803,1750,-53
8450.jpg,1803,1820,17
8455.jpg,1803,1800,-3
8460.jpg,1803,1750,-53
8465.jpg,1803,1800,-3
8470.jpg,1803,1920,117
8475.jpg,1803,1900,97
8480.jpg,1803,1800,-3
8485.jpg,1803,1750,-53
8490.jpg,1803,1850,47
8495.jpg,1803,1930,127
8500.jpg,1803,1930,127
8505.jpg,1803,1850,47
8515.jpg,1804,1850,46
8520.jpg,1804,1900,96
8525.jpg,1804,1850,46
8530.jpg,1804,1900,96
8535.jpg,1804,1930,126
8540.jpg,1804,1850,46
8545.jpg,1804,1820,16
8550.jpg,1804,1820,16
8555.jpg,1804,1850,46
8560.jpg,1804,1850,46
8565.jpg,1804,1800,-4
8570.jpg,1804,1750,-54
8575.jpg,1804,1800,-4
8580.jpg,1804,1850,46
8585.jpg,1805,1850,45
8590.jpg,1805,1800,-5
8595.jpg,1805,1800,-5
8600.jpg,1805,1970,165
8605.jpg,1805,1850,45
8610.jpg,1805,1850,45
8615.jpg,1805,1970,165
8620.jpg,1805,1780,-25
8625.jpg,1805,1800,-5
8630.jpg,1805,1450,-355
8635.jpg,1805,1870,65
8640.jpg,1805,1750,-55
8645.jpg,1805,1850,45
8650.jpg,1805,1850,45
8655.jpg,1805,1850,45
8660.jpg,1805,1850,45
8665.jpg,1805,1800,-5
8670.jpg,1805,1850,45
8675.jpg,1805,1800,-5
8680.jpg,1805,1800,-5
8685.jpg,1805,1900,95
8690.jpg,1805,1850,45
8695.jpg,1806,1800,-6
8700.jpg,1806,1850,44
8705.jpg,1806,1800,-6
8710.jpg,1806,1800,-6
8715.jpg,1806,1800,-6
8720.jpg,1806,1920,114
8725.jpg,1806,1970,164
8730.jpg,1806,1800,-6
8735.jpg,1806,1850,44
8740.jpg,1806,1750,-56
8745.jpg,1806,1850,44
8750.jpg,1806,1800,-6
8755.jpg,1806,1820,14
8765.jpg,1807,1800,-7
8770.jpg,1807,1750,-57
8775.jpg,1807,1797,-10
8780.jpg,1807,1850,43
8785.jpg,1807,1900,93
8790.jpg,1807,1750,-57
8795.jpg,1807,1850,43
8800.jpg,1807,1850,43
8805.jpg,1807,1800,-7
8810.jpg,1807,1850,43
8815.jpg,1807,1800,-7
8820.jpg,1807,1800,-7
8825.jpg,1807,1750,-57
8830.jpg,1807,1780,-27
8835.jpg,1807,1750,-57
8840.jpg,1808,1809,1
8845.jpg,1808,1850,42
8850.jpg,1808,1900,92
8855.jpg,1808,1800,-8
8860.jpg,1808,1850,42
8865.jpg,1808,1800,-8
8875.jpg,1808,1820,12
8880.jpg,1808,1750,-58
8885.jpg,1808,1820,12
8890.jpg,1808,1900,92
8895.jpg,1808,1800,-8
8900.jpg,1808,1800,-8
8905.jpg,1808,1800,-8
8910.jpg,1809,1820,11
8915.jpg,1809,1800,-9
8920.jpg,1809,1900,91
8925.jpg,1809,1800,-9
8930.jpg,1809,1800,-9
8935.jpg,1809,1850,41
8940.jpg,1809,1850,41
8945.jpg,1809,1930,121
8950.jpg,1809,1800,-9
8955.jpg,1809,1930,121
8965.jpg,1809,1807,-2
8970.jpg,1809,1850,41
8975.jpg,1810,1850,40
8980.jpg,1810,1800,-10
8985.jpg,1810,1850,40
8995.jpg,1810,1872,62
9000.jpg,1810,1750,-60
9005.jpg,1810,1850,40
9010.jpg,1810,1850,40
9015.jpg,1810,1750,-60
9020.jpg,1810,1850,40
9025.jpg,1810,1750,-60
9030.jpg,1810,1850,40
9035.jpg,1810,1800,-10
9040.jpg,1810,1800,-10
9045.jpg,1810,1750,-60
9050.jpg,1810,1750,-60
9055.jpg,1810,1800,-10
9060.jpg,1810,1900,90
9065.jpg,1810,1850,40
9070.jpg,1810,1900,90
9075.jpg,1810,1850,40
9080.jpg,1810,1900,90
9085.jpg,1810,1800,-10
9090.jpg,1810,1800,-10
9095.jpg,1810,1850,40
9100.jpg,1810,1750,-60
9105.jpg,1810,1850,40
9110.jpg,1810,1930,120
9115.jpg,1810,1800,-10
9120.jpg,1810,1900,90
9125.jpg,1810,1900,90
9130.jpg,1810,1900,90
9135.jpg,1810,1950,140
9140.jpg,1810,1920,110
9145.jpg,1810,1800,-10
9150.jpg,1811,1850,39
9160.jpg,1811,1850,39
9165.jpg,1811,1800,-11
9170.jpg,1811,1820,9
9175.jpg,1811,1900,89
9180.jpg,1811,1850,39
9185.jpg,1811,1850,39
9190.jpg,1811,1800,-11
9195.jpg,1811,1850,39
9200.jpg,1811,1750,-61
9205.jpg,1811,1800,-11
9210.jpg,1812,1820,8
9215.jpg,1812,1450,-362
9220.jpg,1812,1450,-362
9225.jpg,1812,1850,38
9230.jpg,1812,1850,38
9235.jpg,1812,1750,-62
9240.jpg,1812,1850,38
9245.jpg,1812,1850,38
9250.jpg,1812,1850,38
9255.jpg,1812,1850,38
9260.jpg,1812,1930,118
9265.jpg,1812,1850,38
9270.jpg,1812,1850,38
9275.jpg,1812,1850,38
9280.jpg,1812,1820,8
9290.jpg,1812,1850,38
9295.jpg,1812,1800,-12
9300.jpg,1812,1970,158
9305.jpg,1812,1800,-12
9310.jpg,1813,1800,-13
9315.jpg,1813,1900,87
9320.jpg,1813,1750,-63
9325.jpg,1813,1850,37
9330.jpg,1813,1800,-13
9335.jpg,1813,1820,7
9340.jpg,1813,1750,-63
9345.jpg,1813,1850,37
9350.jpg,1813,1800,-13
9355.jpg,1813,1800,-13
9360.jpg,1813,1900,87
9365.jpg,1813,1900,87
9370.jpg,1813,1850,37
9375.jpg,1814,1850,36
9390.jpg,1814,1800,-14
9395.jpg,1814,1750,-64
9400.jpg,1814,1900,86
9405.jpg,1814,1820,6
9410.jpg,1814,1900,86
9415.jpg,1814,1750,-64
9420.jpg,1814,1820,6
9425.jpg,1814,1750,-64
9430.jpg,1814,1850,36
9435.jpg,1814,1750,-64
9440.jpg,1814,1800,-14
9445.jpg,1814,1800,-14
9450.jpg,1814,1800,-14
9455.jpg,1814,1750,-64
9460.jpg,1814,1800,-14
9465.jpg,1815,1850,35
9470.jpg,1815,1850,35
9475.jpg,1815,1800,-15
9480.jpg,1815,1800,-15
9485.jpg,1815,1850,35
9490.jpg,1815,1850,35
9495.jpg,1815,1750,-65
9500.jpg,1815,1850,35
9505.jpg,1815,1750,-65
9510.jpg,1815,1970,155
9515.jpg,1815,1850,35
9520.jpg,1815,1750,-65
9525.jpg,1815,1850,35
9530.jpg,1815,1800,-15
9535.jpg,1815,1820,5
9540.jpg,1815,1800,-15
9545.jpg,1815,1800,-15
9550.jpg,1815,1750,-65
9555.jpg,1815,1800,-15
9560.jpg,1815,1800,-15
9565.jpg,1815,1850,35
9570.jpg,1815,1800,-15
9575.jpg,1815,1900,85
9580.jpg,1815,1750,-65
9585.jpg,1815,1850,35
9590.jpg,1815,1820,5
9595.jpg,1816,1930,114
9600.jpg,1816,1850,34
9605.jpg,1816,1800,-16
9610.jpg,1816,1850,34
9615.jpg,1816,1800,-16
9620.jpg,1816,1850,34
9625.jpg,1816,1800,-16
9630.jpg,1816,1850,34
9635.jpg,1816,1800,-16
9640.jpg,1816,1800,-16
9645.jpg,1816,1750,-66
9650.jpg,1816,1850,34
9655.jpg,1816,1800,-16
9660.jpg,1816,1900,84
9665.jpg,1816,1750,-66
9670.jpg,1816,1800,-16
9675.jpg,1816,1800,-16
9680.jpg,1816,1750,-66
9685.jpg,1816,1850,34
9690.jpg,1816,1850,34
9695.jpg,1816,1850,34
9700.jpg,1816,1800,-16
9705.jpg,1816,1700,-116
9710.jpg,1816,1850,34
9715.jpg,1817,1850,33
9720.jpg,1817,1800,-17
9725.jpg,1817,1800,-17
9730.jpg,1817,1850,33
9735.jpg,1817,1850,33
9740.jpg,1817,1900,83
9745.jpg,1817,1750,-67
9750.jpg,1817,1800,-17
9755.jpg,1817,1850,33
9760.jpg,1817,1800,-17
9765.jpg,1817,1850,33
9770.jpg,1817,1870,53
9775.jpg,1817,1930,113
9780.jpg,1817,1900,83
9785.jpg,1817,1850,33
9790.jpg,1818,1850,32
9795.jpg,1818,1850,32
9800.jpg,1818,1850,32
9805.jpg,1818,1900,82
9810.jpg,1818,1820,2
9815.jpg,1818,1800,-18
9820.jpg,1818,1850,32
9825.jpg,1818,1940,122
9830.jpg,1818,1800,-18
9835.jpg,1818,1850,32
9840.jpg,1818,1900,82
9845.jpg,1818,1850,32
9850.jpg,1818,1850,32
9855.jpg,1818,1850,32
9860.jpg,1818,1750,-68
9865.jpg,1818,1820,2
9870.jpg,1818,1850,32
9875.jpg,1818,1850,32
9880.jpg,1818,1850,32
9885.jpg,1818,1970,152
9890.jpg,1818,1850,32
9895.jpg,1818,1800,-18
9900.jpg,1818,1820,2
9905.jpg,1818,1800,-18
9910.jpg,1819,1850,31
9915.jpg,1819,1850,31
9920.jpg,1819,1800,-19
9925.jpg,1819,1850,31
9930.jpg,1819,1850,31
9935.jpg,1819,1850,31
9940.jpg,1819,1850,31
9945.jpg,1819,1850,31
9950.jpg,1819,1850,31
9955.jpg,1819,1850,31
9960.jpg,1819,1850,31
9965.jpg,1819,1900,81
9970.jpg,1819,1800,-19
9975.jpg,1819,1850,31
9980.jpg,1819,1850,31
9985.jpg,1820,1850,30
9990.jpg,1820,1850,30
9995.jpg,1820,1920,100
10000.jpg,1820,1820,0
10005.jpg,1820,1850,30
10010.jpg,1820,1850,30
10015.jpg,1820,1750,-70
10020.jpg,1820,1850,30
10025.jpg,1820,1800,-20
10030.jpg,1820,1900,80
10035.jpg,1820,1800,-20
10040.jpg,1820,1950,130
10045.jpg,1820,1850,30
10050.jpg,1820,1800,-20
10055.jpg,1820,1850,30
10060.jpg,1820,1930,110
10065.jpg,1820,1820,0
10070.jpg,1820,1800,-20
10075.jpg,1820,1900,80
10080.jpg,1820,1850,30
10085.jpg,1820,1850,30
10090.jpg,1820,1750,-70
10095.jpg,1820,1850,30
10100.jpg,1820,1800,-20
10105.jpg,1820,1800,-20
10110.jpg,1820,1800,-20
10115.jpg,1820,1930,110
10120.jpg,1820,1800,-20
10125.jpg,1820,1900,80
10130.jpg,1820,1850,30
10135.jpg,1820,1800,-20
10140.jpg,1820,1850,30
10145.jpg,1820,1850,30
10150.jpg,1820,1850,30
10155.jpg,1820,1850,30
10160.jpg,1820,1800,-20
10165.jpg,1820,1900,80
10170.jpg,1820,1800,-20
10175.jpg,1820,1900,80
10180.jpg,1820,1850,30
10185.jpg,1820,1820,0
10190.jpg,1820,1800,-20
10195.jpg,1821,1800,-21
10200.jpg,1821,1930,109
10205.jpg,1821,1915,94
10210.jpg,1821,1900,79
10215.jpg,1821,1900,79
10220.jpg,1821,1850,29
10225.jpg,1821,1900,79
10230.jpg,1821,1820,-1
10235.jpg,1821,1900,79
10240.jpg,1821,1900,79
10245.jpg,1821,1850,29
10250.jpg,1821,1800,-21
10255.jpg,1821,1900,79
10260.jpg,1821,1750,-71
10265.jpg,1821,1900,79
10270.jpg,1821,1800,-21
10275.jpg,1821,1850,29
10280.jpg,1822,1850,28
10285.jpg,1822,1850,28
10290.jpg,1822,1850,28
10295.jpg,1822,1900,78
10300.jpg,1822,1900,78
10305.jpg,1822,1900,78
10310.jpg,1822,1800,-22
10315.jpg,1822,1850,28
10320.jpg,1822,1800,-22
10325.jpg,1822,1900,78
10330.jpg,1822,1900,78
10335.jpg,1822,1750,-72
10340.jpg,1822,1850,28
10345.jpg,1822,1900,78
10355.jpg,1822,1850,28
10360.jpg,1823,1850,27
10365.jpg,1823,1850,27
10370.jpg,1823,1800,-23
10375.jpg,1823,1850,27
10385.jpg,1823,1850,27
10390.jpg,1823,1900,77
10395.jpg,1823,1870,47
10400.jpg,1823,1800,-23
10405.jpg,1823,1850,27
10410.jpg,1823,1850,27
10415.jpg,1823,1820,-3
10420.jpg,1823,1900,77
10425.jpg,1823,1800,-23
10430.jpg,1823,1850,27
10435.jpg,1823,1850,27
10440.jpg,1823,1700,-123
10445.jpg,1823,1920,97
10450.jpg,1823,1850,27
10455.jpg,1824,1800,-24
10460.jpg,1824,1850,26
10465.jpg,1824,1800,-24
10470.jpg,1824,1850,26
10475.jpg,1824,1850,26
10480.jpg,1824,1900,76
10485.jpg,1824,1850,26
10490.jpg,1824,1850,26
10495.jpg,1824,1850,26
10500.jpg,1824,1800,-24
10505.jpg,1824,1900,76
10510.jpg,1824,1900,76
10515.jpg,1824,1900,76
10520.jpg,1824,1850,26
10525.jpg,1824,2010,186
10530.jpg,1824,1850,26
10535.jpg,1824,1820,-4
10540.jpg,1824,1820,-4
10545.jpg,1824,1820,-4
10550.jpg,1825,1940,115
10555.jpg,1825,1870,45
10560.jpg,1825,1800,-25
10565.jpg,1825,1850,25
10570.jpg,1825,1850,25
10575.jpg,1825,1850,25
10580.jpg,1825,1863,38
10585.jpg,1825,1850,25
10590.jpg,1825,1800,-25
10595.jpg,1825,1850,25
10600.jpg,1825,1800,-25
10605.jpg,1825,1850,25
10610.jpg,1825,1850,25
10615.jpg,1825,1850,25
10620.jpg,1825,1800,-25
10625.jpg,1825,1900,75
10630.jpg,1825,1800,-25
10635.jpg,1825,1970,145
10640.jpg,1825,1970,145
10645.jpg,1825,1800,-25
10650.jpg,1825,1820,-5
10655.jpg,1825,1850,25
10660.jpg,1825,1800,-25
10665.jpg,1825,1850,25
10670.jpg,1825,1850,25
10675.jpg,1825,1800,-25
10680.jpg,1825,1800,-25
10685.jpg,1825,1900,75
10690.jpg,1825,1800,-25
10695.jpg,1825,1800,-25
10700.jpg,1825,1800,-25
10705.jpg,1825,1850,25
10710.jpg,1825,1850,25
10715.jpg,1825,1900,75
10720.jpg,1825,1850,25
10725.jpg,1825,1900,75
10730.jpg,1826,1850,24
10735.jpg,1826,1850,24
10745.jpg,1826,1820,-6
10750.jpg,1826,1910,84
10755.jpg,1826,1850,24
10760.jpg,1826,1820,-6
10765.jpg,1826,1800,-26
10770.jpg,1826,1850,24
10775.jpg,1826,1850,24
10780.jpg,1826,1850,24
10785.jpg,1826,1800,-26
10790.jpg,1826,1900,74
10795.jpg,1826,1800,-26
10800.jpg,1826,1900,74
10805.jpg,1826,1780,-46
10810.jpg,1826,1800,-26
10815.jpg,1826,1820,-6
10820.jpg,1826,1820,-6
10825.jpg,1826,1800,-26
10830.jpg,1826,1930,104
10835.jpg,1827,1827,0
10840.jpg,1827,1850,23
10845.jpg,1827,1800,-27
10850.jpg,1827,1850,23
10855.jpg,1827,1850,23
10860.jpg,1827,1900,73
10865.jpg,1827,1850,23
10870.jpg,1827,1870,43
10875.jpg,1827,1850,23
10880.jpg,1827,1970,143
10885.jpg,1827,1900,73
10890.jpg,1827,1850,23
10895.jpg,1827,1800,-27
10900.jpg,1827,1750,-77
10905.jpg,1827,1750,-77
10910.jpg,1827,1850,23
10915.jpg,1827,1800,-27
10920.jpg,1827,1850,23
10925.jpg,1827,1820,-7
10930.jpg,1827,1900,73
10935.jpg,1827,1800,-27
10940.jpg,1827,1900,73
10945.jpg,1828,1820,-8
10950.jpg,1828,1800,-28
10955.jpg,1828,1800,-28
10960.jpg,1828,1800,-28
10965.jpg,1828,1850,22
10970.jpg,1828,1850,22
10975.jpg,1828,1850,22
10980.jpg,1828,1900,72
10985.jpg,1828,1800,-28
10990.jpg,1828,1900,72
10995.jpg,1828,1800,-28
11000.jpg,1828,1900,72
11005.jpg,1828,1800,-28
11010.jpg,1828,1820,-8
11015.jpg,1828,1800,-28
11020.jpg,1828,1800,-28
11025.jpg,1828,1750,-78
11030.jpg,1828,1850,22
11035.jpg,1828,1850,22
11040.jpg,1828,1850,22
11045.jpg,1828,1850,22
11050.jpg,1828,1750,-78
11055.jpg,1828,1800,-28
11060.jpg,1828,1900,72
11065.jpg,1829,1750,-79
11070.jpg,1829,1850,21
11075.jpg,1829,1850,21
11080.jpg,1829,1850,21
11085.jpg,1829,1800,-29
11090.jpg,1829,1850,21
11095.jpg,1829,1850,21
11100.jpg,1829,1800,-29
11105.jpg,1829,1850,21
11110.jpg,1829,1800,-29
11115.jpg,1829,1850,21
11120.jpg,1829,1850,21
11125.jpg,1829,1850,21
11130.jpg,1829,1850,21
11135.jpg,1829,1850,21
11140.jpg,1829,1850,21
11145.jpg,1829,1820,-9
11150.jpg,1829,1930,101
11155.jpg,1829,1940,111
11160.jpg,1829,1700,-129
11165.jpg,1829,1920,91
11170.jpg,1830,1850,20
11175.jpg,1830,1900,70
11180.jpg,1830,1800,-30
11185.jpg,1830,1850,20
11190.jpg,1830,1800,-30
11195.jpg,1830,1700,-130
11200.jpg,1830,1850,20
11205.jpg,1830,1800,-30
11210.jpg,1830,1850,20
11215.jpg,1830,1750,-80
11220.jpg,1830,1750,-80
11225.jpg,1830,1850,20
11230.jpg,1830,1800,-30
11235.jpg,1830,1900,70
11240.jpg,1830,1800,-30
11245.jpg,1830,1900,70
11250.jpg,1830,1850,20
11255.jpg,1830,1900,70
11260.jpg,1830,1800,-30
11265.jpg,1830,1900,70
11270.jpg,1830,1970,140
11275.jpg,1830,1850,20
11280.jpg,1830,1900,70
11285.jpg,1830,1850,20
11290.jpg,1830,1750,-80
11295.jpg,1830,1850,20
11300.jpg,1830,1820,-10
11305.jpg,1830,1970,140
11310.jpg,1830,1800,-30
11315.jpg,1830,1850,20
11320.jpg,1830,1750,-80
11325.jpg,1830,1850,20
11330.jpg,1830,1900,70
11335.jpg,1830,1850,20
11340.jpg,1830,1930,100
11345.jpg,1830,1970,140
11350.jpg,1830,1930,100
11355.jpg,1830,1850,20
11360.jpg,1830,1900,70
11365.jpg,1830,1930,100
11370.jpg,1830,1900,70
11375.jpg,1830,1800,-30
11380.jpg,1830,1890,60
11385.jpg,1830,1800,-30
11390.jpg,1830,1900,70
11395.jpg,1830,1820,-10
11400.jpg,1831,1820,-11
11405.jpg,1831,1800,-31
11410.jpg,1831,1800,-31
11415.jpg,1831,1870,39
11420.jpg,1831,1850,19
11425.jpg,1831,1900,69
11430.jpg,1831,1850,19
11435.jpg,1831,1850,19
11440.jpg,1831,1920,89
11445.jpg,1831,1900,69
11450.jpg,1831,1970,139
11455.jpg,1831,1820,-11
11460.jpg,1831,1850,19
11465.jpg,1831,1850,19
11470.jpg,1831,1800,-31
11475.jpg,1831,1900,69
11480.jpg,1831,1920,89
11485.jpg,1831,1800,-31
11490.jpg,1832,1900,68
11495.jpg,1832,1850,18
11500.jpg,1832,1700,-132
11505.jpg,1832,1850,18
11510.jpg,1832,1800,-32
11515.jpg,1832,1850,18
11525.jpg,1832,1900,68
11530.jpg,1832,1850,18
11535.jpg,1832,1900,68
11540.jpg,1832,1820,-12
11545.jpg,1832,1900,68
11550.jpg,1832,1850,18
11555.jpg,1832,1850,18
11560.jpg,1832,1850,18
11565.jpg,1832,1800,-32
11570.jpg,1832,1800,-32
11575.jpg,1832,1820,-12
11580.jpg,1832,1850,18
11585.jpg,1832,1900,68
11590.jpg,1832,1800,-32
11595.jpg,1832,1850,18
11600.jpg,1832,1800,-32
11605.jpg,1832,1800,-32
11610.jpg,1832,1800,-32
11615.jpg,1832,1800,-32
11620.jpg,1832,1700,-132
11625.jpg,1832,1850,18
11630.jpg,1832,1920,88
11635.jpg,1832,1850,18
11640.jpg,1832,1850,18
11645.jpg,1833,1900,67
11650.jpg,1833,1870,37
11655.jpg,1833,1850,17
11660.jpg,1833,1820,-13
11665.jpg,1833,1750,-83
11670.jpg,1833,1800,-33
11675.jpg,1833,1850,17
11680.jpg,1833,1900,67
11685.jpg,1833,1850,17
11690.jpg,1833,1800,-33
11695.jpg,1833,1850,17
11700.jpg,1833,1750,-83
11705.jpg,1833,1900,67
11710.jpg,1833,1850,17
11715.jpg,1833,1850,17
11720.jpg,1833,1970,137
11725.jpg,1833,1850,17
11730.jpg,1833,1800,-33
11735.jpg,1833,1800,-33
11740.jpg,1833,1850,17
11745.jpg,1833,1800,-33
11750.jpg,1833,1850,17
11755.jpg,1833,1750,-83
11760.jpg,1833,1900,67
11765.jpg,1833,1883,50
11770.jpg,1834,1850,16
11775.jpg,1834,1750,-84
11780.jpg,1834,1820,-14
11785.jpg,1834,1850,16
11790.jpg,1834,1970,136
11795.jpg,1834,1820,-14
11800.jpg,1834,1800,-34
11805.jpg,1834,1780,-54
11810.jpg,1834,1900,66
11815.jpg,1834,1800,-34
11820.jpg,1834,1850,16
11825.jpg,1834,1800,-34
11830.jpg,1834,1850,16
11835.jpg,1834,1870,36
11840.jpg,1834,1850,16
11845.jpg,1834,1900,66
11850.jpg,1834,1850,16
11855.jpg,1834,1850,16
11860.jpg,1834,1930,96
11865.jpg,1834,1850,16
11870.jpg,1834,1930,96
11875.jpg,1834,1800,-34
11880.jpg,1834,1850,16
11885.jpg,1834,1800,-34
11890.jpg,1834,1812,-22
11895.jpg,1834,1800,-34
11900.jpg,1835,1780,-55
11905.jpg,1835,1850,15
11910.jpg,1835,1930,95
11915.jpg,1835,1850,15
11920.jpg,1835,1750,-85
11925.jpg,1835,1930,95
11930.jpg,1835,1900,65
11935.jpg,1835,1850,15
11940.jpg,1835,1930,95
11945.jpg,1835,1850,15
11950.jpg,1835,1850,15
11955.jpg,1835,1850,15
11960.jpg,1835,1850,15
11965.jpg,1835,1970,135
11970.jpg,1835,1850,15
11980.jpg,1835,1890,55
11985.jpg,1835,1970,135
11990.jpg,1835,1900,65
11995.jpg,1835,1930,95
12000.jpg,1835,1900,65
12005.jpg,1835,1900,65
12010.jpg,1835,1850,15
12015.jpg,1835,1850,15
12020.jpg,1835,1900,65
12025.jpg,1835,1940,105
12030.jpg,1835,1850,15
12035.jpg,1835,1850,15
12040.jpg,1835,1800,-35
12045.jpg,1835,1800,-35
12050.jpg,1835,1800,-35
12055.jpg,1835,1850,15
12060.jpg,1835,1850,15
12065.jpg,1835,1900,65
12070.jpg,1835,1820,-15
12075.jpg,1835,1800,-35
12080.jpg,1835,1850,15
12085.jpg,1835,1800,-35
12090.jpg,1835,1850,15
12095.jpg,1835,1850,15
12100.jpg,1835,1850,15
12105.jpg,1835,1850,15
12110.jpg,1835,1850,15
12115.jpg,1835,1820,-15
12120.jpg,1835,1800,-35
12125.jpg,1835,1900,65
12130.jpg,1836,1750,-86
12135.jpg,1836,1850,14
12140.jpg,1836,1750,-86
12145.jpg,1836,1900,64
12150.jpg,1836,1800,-36
12155.jpg,1836,1820,-16
12160.jpg,1836,1900,64
12170.jpg,1836,1850,14
12175.jpg,1836,1800,-36
12180.jpg,1836,1850,14
12185.jpg,1836,1850,14
12190.jpg,1836,1850,14
12195.jpg,1836,1850,14
12200.jpg,1836,1900,64
12205.jpg,1836,1850,14
12210.jpg,1836,1900,64
12215.jpg,1836,1850,14
12220.jpg,1836,1850,14
12225.jpg,1836,1850,14
12230.jpg,1836,1850,14
12235.jpg,1836,1800,-36
12240.jpg,1836,1750,-86
12245.jpg,1836,1850,14
12250.jpg,1836,1850,14
12255.jpg,1836,1850,14
12260.jpg,1836,1800,-36
12265.jpg,1836,1850,14
12270.jpg,1836,1800,-36
12275.jpg,1836,1800,-36
12280.jpg,1837,1850,13
12285.jpg,1837,1850,13
12290.jpg,1837,1850,13
12295.jpg,1837,1850,13
12300.jpg,1837,1850,13
12305.jpg,1837,1850,13
12310.jpg,1837,1850,13
12315.jpg,1837,1800,-37
12320.jpg,1837,1970,133
12325.jpg,1837,1900,63
12330.jpg,1837,1900,63
12335.jpg,1837,1820,-17
12340.jpg,1837,1750,-87
12345.jpg,1837,1750,-87
12350.jpg,1837,1970,133
12355.jpg,1837,1850,13
12360.jpg,1837,1930,93
12365.jpg,1837,1900,63
12370.jpg,1837,1850,13
12375.jpg,1837,1900,63
12380.jpg,1837,1970,133
12385.jpg,1837,1900,63
12390.jpg,1837,1850,13
12395.jpg,1837,1850,13
12400.jpg,1837,1900,63
12405.jpg,1837,1850,13
12410.jpg,1837,1850,13
12415.jpg,1837,1900,63
12420.jpg,1837,1850,13
12425.jpg,1837,1850,13
12430.jpg,1837,1800,-37
12435.jpg,1837,1900,63
12440.jpg,1837,1850,13
12445.jpg,1837,1800,-37
12450.jpg,1838,1900,62
12455.jpg,1838,1850,12
12460.jpg,1838,1850,12
12465.jpg,1838,1800,-38
12470.jpg,1838,1850,12
12475.jpg,1838,1930,92
12480.jpg,1838,1850,12
12485.jpg,1838,1850,12
12490.jpg,1838,1850,12
12495.jpg,1838,1900,62
12500.jpg,1838,1850,12
12505.jpg,1838,1850,12
12510.jpg,1838,1900,62
12515.jpg,1838,1900,62
12520.jpg,1838,1800,-38
12525.jpg,1838,1920,82
12530.jpg,1838,1850,12
12535.jpg,1838,1900,62
12540.jpg,1838,1850,12
12545.jpg,1838,1850,12
12550.jpg,1838,1850,12
12555.jpg,1838,1850,12
12560.jpg,1838,1850,12
12565.jpg,1838,1900,62
12570.jpg,1838,1820,-18
12575.jpg,1838,1850,12
12580.jpg,1838,1930,92
12585.jpg,1838,1940,102
12590.jpg,1838,1850,12
12600.jpg,1838,1900,62
12605.jpg,1838,1970,132
12610.jpg,1838,1850,12
12615.jpg,1838,1800,-38
12620.jpg,1838,1750,-88
12625.jpg,1839,1900,61
12630.jpg,1839,1850,11
12635.jpg,1839,1850,11
12640.jpg,1839,1930,91
12645.jpg,1839,1850,11
12650.jpg,1839,1930,91
12655.jpg,1839,1850,11
12660.jpg,1839,1850,11
12665.jpg,1839,1850,11
12670.jpg,1839,1820,-19
12675.jpg,1839,1850,11
12680.jpg,1839,1850,11
12685.jpg,1839,1850,11
12690.jpg,1839,1970,131
12695.jpg,1839,1850,11
12700.jpg,1839,1850,11
12705.jpg,1839,1750,-89
12710.jpg,1839,1900,61
12715.jpg,1839,1800,-39
12720.jpg,1839,1750,-89
12725.jpg,1839,1900,61
12730.jpg,1839,1850,11
12735.jpg,1839,1800,-39
12740.jpg,1839,1820,-19
12745.jpg,1839,1850,11
12750.jpg,1839,1900,61
12755.jpg,1839,1800,-39
12760.jpg,1839,1850,11
12765.jpg,1839,1750,-89
12770.jpg,1839,1750,-89
12775.jpg,1839,1780,-59
12780.jpg,1840,1850,10
12785.jpg,1840,1930,90
12790.jpg,1840,1850,10
12795.jpg,1840,1850,10
12800.jpg,1840,1800,-40
12805.jpg,1840,1850,10
12810.jpg,1840,1800,-40
12815.jpg,1840,1850,10
12820.jpg,1840,1820,-20
12825.jpg,1840,1850,10
12830.jpg,1840,1850,10
12835.jpg,1840,1900,60
12840.jpg,1840,1850,10
12845.jpg,1840,1800,-40
12850.jpg,1840,1800,-40
12860.jpg,1840,1930,90
12865.jpg,1840,1950,110
12870.jpg,1840,1970,130
12875.jpg,1840,1850,10
12880.jpg,1840,1850,10
12885.jpg,1840,1800,-40
12890.jpg,1840,1850,10
12895.jpg,1840,1800,-40
12900.jpg,1840,1850,10
12905.jpg,1840,1850,10
12910.jpg,1840,1900,60
12915.jpg,1840,1850,10
12920.jpg,1840,1850,10
12925.jpg,1840,1900,60
12930.jpg,1840,1900,60
12935.jpg,1840,1850,10
12940.jpg,1840,1850,10
12945.jpg,1840,1900,60
12950.jpg,1840,1850,10
12955.jpg,1840,1850,10
12960.jpg,1840,1850,10
12965.jpg,1840,1750,-90
12970.jpg,1840,1820,-20
12975.jpg,1840,1800,-40
12980.jpg,1840,1950,110
12985.jpg,1840,1850,10
12990.jpg,1840,1850,10
12995.jpg,1840,1900,60
13005.jpg,1840,1850,10
13010.jpg,1840,1900,60
13015.jpg,1840,1850,10
13020.jpg,1840,1900,60
13025.jpg,1840,1900,60
13030.jpg,1841,1850,9
13035.jpg,1841,1800,-41
13040.jpg,1841,1930,89
13045.jpg,1841,1900,59
13050.jpg,1841,1900,59
13055.jpg,1841,1850,9
13060.jpg,1841,1850,9
13065.jpg,1841,1800,-41
13070.jpg,1841,1800,-41
13075.jpg,1841,1800,-41
13080.jpg,1841,1850,9
13085.jpg,1841,1970,129
13090.jpg,1841,1900,59
13095.jpg,1841,1900,59
13100.jpg,1841,1850,9
13105.jpg,1841,1900,59
13110.jpg,1841,1850,9
13115.jpg,1841,1930,89
13120.jpg,1841,2020,179
13125.jpg,1841,1850,9
13130.jpg,1841,1750,-91
13135.jpg,1841,1920,79
13140.jpg,1841,1900,59
13145.jpg,1842,1850,8
13150.jpg,1842,1800,-42
13155.jpg,1842,1900,58
13160.jpg,1842,1820,-22
13165.jpg,1842,1850,8
13170.jpg,1842,1820,-22
13175.jpg,1842,1850,8
13180.jpg,1842,1850,8
13185.jpg,1842,1850,8
13190.jpg,1842,1850,8
13195.jpg,1842,1920,78
13200.jpg,1842,1900,58
13205.jpg,1842,1800,-42
13210.jpg,1842,1800,-42
13215.jpg,1842,1850,8
13220.jpg,1842,1800,-42
13225.jpg,1842,1850,8
13230.jpg,1842,1850,8
13235.jpg,1842,1800,-42
13240.jpg,1842,1800,-42
13245.jpg,1842,1900,58
13250.jpg,1842,1850,8
13255.jpg,1842,1850,8
13260.jpg,1842,1850,8
13265.jpg,1842,1800,-42
13270.jpg,1842,1900,58
13275.jpg,1842,1800,-42
13280.jpg,1842,1450,-392
13285.jpg,1842,1850,8
13290.jpg,1842,1850,8
13295.jpg,1842,1850,8
13300.jpg,1843,1850,7
13305.jpg,1843,1800,-43
13310.jpg,1843,1850,7
13315.jpg,1843,1850,7
13320.jpg,1843,1820,-23
13325.jpg,1843,1850,7
13330.jpg,1843,1750,-93
13335.jpg,1843,1930,87
13340.jpg,1843,1800,-43
13345.jpg,1843,1900,57
13350.jpg,1843,1850,7
13355.jpg,1843,1900,57
13360.jpg,1843,1930,87
13365.jpg,1843,1800,-43
13370.jpg,1843,1820,-23
13380.jpg,1843,1850,7
13385.jpg,1843,1850,7
13390.jpg,1843,1850,7
13395.jpg,1843,1850,7
13400.jpg,1843,1920,77
13405.jpg,1843,1850,7
13410.jpg,1843,1825,-18
13415.jpg,1843,1900,57
13420.jpg,1843,1900,57
13425.jpg,1843,1900,57
13430.jpg,1844,1850,6
13435.jpg,1844,1850,6
13440.jpg,1844,1850,6
13445.jpg,1844,1970,126
13450.jpg,1844,1850,6
13455.jpg,1844,1850,6
13460.jpg,1844,1900,56
13465.jpg,1844,1800,-44
13470.jpg,1844,1850,6
13475.jpg,1844,1870,26
13480.jpg,1844,1850,6
13485.jpg,1844,1850,6
13490.jpg,1844,1850,6
13495.jpg,1844,1900,56
13500.jpg,1844,1820,-24
13505.jpg,1844,1900,56
13510.jpg,1844,1800,-44
13515.jpg,1844,1850,6
13520.jpg,1844,1850,6
13525.jpg,1844,1850,6
13530.jpg,1844,1870,26
13535.jpg,1844,1900,56
13540.jpg,1844,1900,56
13545.jpg,1844,1850,6
13550.jpg,1844,1850,6
13555.jpg,1844,1900,56
13560.jpg,1844,1900,56
13565.jpg,1845,1850,5
13570.jpg,1845,1900,55
13575.jpg,1845,1900,55
13580.jpg,1845,1850,5
13585.jpg,1845,1900,55
13590.jpg,1845,1890,45
13595.jpg,1845,1900,55
13600.jpg,1845,1900,55
13605.jpg,1845,1820,-25
13610.jpg,1845,1850,5
13615.jpg,1845,1900,55
13620.jpg,1845,1850,5
13625.jpg,1845,1850,5
13630.jpg,1845,1850,5
13635.jpg,1845,1850,5
13640.jpg,1845,1900,55
13645.jpg,1845,1850,5
13650.jpg,1845,1850,5
13655.jpg,1845,1850,5
13660.jpg,1845,1900,55
13665.jpg,1845,1850,5
13670.jpg,1845,2010,165
13675.jpg,1845,1850,5
13680.jpg,1845,1900,55
13685.jpg,1845,2020,175
13690.jpg,1845,1820,-25
13695.jpg,1845,1900,55
13700.jpg,1845,1850,5
13705.jpg,1845,1850,5
13710.jpg,1845,1800,-45
13720.jpg,1845,1900,55
13725.jpg,1845,1900,55
13730.jpg,1845,2000,155
13735.jpg,1845,1900,55
13740.jpg,1845,1800,-45
13745.jpg,1845,1800,-45
13750.jpg,1845,1850,5
13755.jpg,1845,1750,-95
13760.jpg,1845,1850,5
13765.jpg,1845,1850,5
13770.jpg,1845,1850,5
13775.jpg,1845,1850,5
13780.jpg,1845,1750,-95
13785.jpg,1845,1900,55
13790.jpg,1845,1850,5
13795.jpg,1845,1910,65
13800.jpg,1845,1930,85
13805.jpg,1846,1800,-46
13810.jpg,1846,1800,-46
13815.jpg,1846,1850,4
13820.jpg,1846,1850,4
13825.jpg,1846,1840,-6
13830.jpg,1846,1820,-26
13835.jpg,1846,1850,4
13840.jpg,1846,1920,74
13845.jpg,1846,1820,-26
13850.jpg,1846,1850,4
13855.jpg,1846,1930,84
13860.jpg,1846,1800,-46
13865.jpg,1846,1900,54
13870.jpg,1846,1850,4
13875.jpg,1846,1850,4
13880.jpg,1846,1850,4
13885.jpg,1846,1850,4
13890.jpg,1846,1850,4
13895.jpg,1846,1900,54
13900.jpg,1846,1850,4
13905.jpg,1846,1800,-46
13910.jpg,1846,1850,4
13915.jpg,1846,1800,-46
13920.jpg,1846,1970,124
13925.jpg,1846,1950,104
13930.jpg,1846,1850,4
13935.jpg,1846,1850,4
13940.jpg,1847,1900,53
13945.jpg,1847,1820,-27
13950.jpg,1847,1900,53
13955.jpg,1847,1850,3
13960.jpg,1847,1850,3
13965.jpg,1847,1850,3
13970.jpg,1847,1820,-27
13975.jpg,1847,1900,53
13980.jpg,1847,1850,3
13985.jpg,1847,1850,3
13990.jpg,1847,1850,3
13995.jpg,1847,1850,3
14000.jpg,1847,1930,83
14005.jpg,1847,1850,3
14010.jpg,1847,1820,-27
14015.jpg,1847,1900,53
14020.jpg,1847,1850,3
14030.jpg,1847,1850,3
14035.jpg,1847,1900,53
14040.jpg,1847,1850,3
14045.jpg,1847,1750,-97
14050.jpg,1847,1850,3
14055.jpg,1847,1850,3
14060.jpg,1847,1900,53
14065.jpg,1847,1850,3
14070.jpg,1847,1800,-47
14075.jpg,1847,1850,3
14080.jpg,1847,1850,3
14085.jpg,1847,1900,53
14090.jpg,1847,1800,-47
14095.jpg,1847,1850,3
14100.jpg,1847,1920,73
14105.jpg,1847,1970,123
14110.jpg,1848,1850,2
14115.jpg,1848,1850,2
14120.jpg,1848,1900,52
14125.jpg,1848,2010,162
14130.jpg,1848,1850,2
14135.jpg,1848,1800,-48
14140.jpg,1848,1850,2
14145.jpg,1848,1850,2
14150.jpg,1848,1850,2
14155.jpg,1848,1850,2
14160.jpg,1848,1850,2
14165.jpg,1848,1850,2
14170.jpg,1848,1900,52
14175.jpg,1848,1850,2
14180.jpg,1848,1850,2
14185.jpg,1848,1900,52
14190.jpg,1848,1900,52
14195.jpg,1848,1900,52
14200.jpg,1848,1900,52
14205.jpg,1848,1850,2
14210.jpg,1848,1850,2
14215.jpg,1848,1870,22
14220.jpg,1848,1850,2
14225.jpg,1848,1850,2
14230.jpg,1848,1800,-48
14235.jpg,1848,1850,2
14240.jpg,1848,1850,2
14245.jpg,1848,1820,-28
14250.jpg,1848,1850,2
14255.jpg,1848,1850,2
14260.jpg,1848,1900,52
14265.jpg,1848,1900,52
14270.jpg,1848,1900,52
14275.jpg,1848,1820,-28
14280.jpg,1848,1850,2
14285.jpg,1848,1900,52
14290.jpg,1848,1800,-48
14295.jpg,1848,1870,22
14300.jpg,1848,1850,2
14305.jpg,1848,1850,2
14310.jpg,1848,1900,52
14315.jpg,1848,1900,52
14320.jpg,1848,1850,2
14325.jpg,1848,1850,2
14330.jpg,1848,1900,52
14335.jpg,1848,1930,82
14340.jpg,1849,1850,1
14345.jpg,1849,1850,1
14350.jpg,1849,1850,1
14355.jpg,1849,1850,1
14360.jpg,1849,2010,161
14365.jpg,1849,1900,51
14370.jpg,1849,1850,1
14375.jpg,1849,1930,81
14380.jpg,1849,1850,1
14385.jpg,1849,1850,1
14390.jpg,1849,1800,-49
14395.jpg,1849,1800,-49
14400.jpg,1849,1820,-29
14405.jpg,1849,1900,51
14410.jpg,1849,1930,81
14415.jpg,1849,1850,1
14420.jpg,1849,1850,1
14425.jpg,1849,1900,51
14430.jpg,1849,1850,1
14435.jpg,1849,1850,1
14440.jpg,1849,1850,1
14445.jpg,1849,1850,1
14450.jpg,1849,1820,-29
14455.jpg,1849,1850,1
14460.jpg,1849,1850,1
14465.jpg,1849,1820,-29
14470.jpg,1849,1850,1
14475.jpg,1849,1820,-29
14480.jpg,1849,1920,71
14485.jpg,1849,1900,51
14490.jpg,1849,1600,-249
14495.jpg,1849,1850,1
14500.jpg,1849,1890,41
14505.jpg,1850,1750,-100
14510.jpg,1850,1850,0
14515.jpg,1850,1850,0
14520.jpg,1850,1850,0
14525.jpg,1850,1820,-30
14530.jpg,1850,1970,120
14535.jpg,1850,1850,0
14540.jpg,1850,1900,50
14545.jpg,1850,1450,-400
14550.jpg,1850,1900,50
14555.jpg,1850,1850,0
14560.jpg,1850,1900,50
14565.jpg,1850,1850,0
14570.jpg,1850,1800,-50
14575.jpg,1850,1850,0
14580.jpg,1850,1850,0
14585.jpg,1850,1850,0
14590.jpg,1850,1850,0
14600.jpg,1850,1850,0
14605.jpg,1850,1850,0
14610.jpg,1850,1850,0
14615.jpg,1850,1900,50
14620.jpg,1850,1900,50
14625.jpg,1850,1850,0
14630.jpg,1850,1870,20
14635.jpg,1850,1850,0
14640.jpg,1850,1900,50
14645.jpg,1850,1900,50
14650.jpg,1850,1970,120
14655.jpg,1850,1850,0
14660.jpg,1850,1800,-50
14665.jpg,1850,1850,0
14670.jpg,1850,1800,-50
14675.jpg,1850,1850,0
14680.jpg,1850,1900,50
14685.jpg,1850,1900,50
14690.jpg,1850,1800,-50
14695.jpg,1850,1820,-30
14700.jpg,1850,1900,50
14705.jpg,1850,1850,0
14710.jpg,1850,1900,50
14715.jpg,1850,1850,0
14720.jpg,1850,1900,50
14725.jpg,1850,1850,0
14730.jpg,1850,1800,-50
14735.jpg,1850,1850,0
14740.jpg,1850,1850,0
14745.jpg,1850,1900,50
14750.jpg,1850,1850,0
14755.jpg,1850,1850,0
14760.jpg,1850,1930,80
14765.jpg,1850,1930,80
14770.jpg,1850,1850,0
14775.jpg,1850,1970,120
14780.jpg,1850,1850,0
14785.jpg,1851,1930,79
14790.jpg,1851,1900,49
14795.jpg,1851,1900,49
14800.jpg,1851,1850,-1
14805.jpg,1851,1900,49
14810.jpg,1851,1900,49
14815.jpg,1851,1820,-31
14820.jpg,1851,1850,-1
14825.jpg,1851,1900,49
14830.jpg,1851,1870,19
14835.jpg,1851,1820,-31
14840.jpg,1851,1850,-1
14845.jpg,1851,1850,-1
14850.jpg,1851,1970,119
14855.jpg,1851,1850,-1
14860.jpg,1851,1900,49
14865.jpg,1851,1800,-51
14870.jpg,1851,1800,-51
14880.jpg,1851,1750,-101
14885.jpg,1851,1850,-1
14890.jpg,1851,1850,-1
14895.jpg,1851,1750,-101
14900.jpg,1851,1850,-1
14905.jpg,1851,1900,49
14910.jpg,1851,1750,-101
14915.jpg,1851,1900,49
14920.jpg,1851,1820,-31
14925.jpg,1851,1850,-1
14930.jpg,1851,1851,0
14935.jpg,1851,1850,-1
14940.jpg,1851,1830,-21
14945.jpg,1852,1850,-2
14950.jpg,1852,1850,-2
14955.jpg,1852,1850,-2
14960.jpg,1852,1920,68
14965.jpg,1852,1850,-2
14970.jpg,1852,1800,-52
14975.jpg,1852,1920,68
14980.jpg,1852,1850,-2
14985.jpg,1852,1850,-2
14990.jpg,1852,1900,48
14995.jpg,1852,1900,48
15000.jpg,1852,1900,48
15005.jpg,1852,1900,48
15010.jpg,1852,1850,-2
15015.jpg,1852,1900,48
15020.jpg,1852,1850,-2
15025.jpg,1852,1850,-2
15030.jpg,1852,1850,-2
15035.jpg,1852,1850,-2
15040.jpg,1852,1900,48
15045.jpg,1852,1850,-2
15050.jpg,1852,1850,-2
15055.jpg,1852,1850,-2
15060.jpg,1852,1850,-2
15065.jpg,1852,1850,-2
15070.jpg,1852,1850,-2
15075.jpg,1852,1800,-52
15080.jpg,1852,1850,-2
15085.jpg,1852,2000,148
15090.jpg,1852,1900,48
15095.jpg,1852,1850,-2
15100.jpg,1852,1900,48
15105.jpg,1852,1850,-2
15110.jpg,1852,1850,-2
15115.jpg,1852,1850,-2
15120.jpg,1852,1900,48
15125.jpg,1852,1850,-2
15130.jpg,1852,1900,48
15135.jpg,1853,1850,-3
15140.jpg,1853,1820,-33
15145.jpg,1853,1900,47
15150.jpg,1853,1850,-3
15155.jpg,1853,1900,47
15160.jpg,1853,1850,-3
15165.jpg,1853,1900,47
15170.jpg,1853,1820,-33
15175.jpg,1853,1820,-33
15180.jpg,1853,1900,47
15185.jpg,1853,1850,-3
15190.jpg,1853,1850,-3
15195.jpg,1853,1850,-3
15200.jpg,1853,1850,-3
15205.jpg,1853,1900,47
15210.jpg,1853,1900,47
15215.jpg,1853,1850,-3
15220.jpg,1853,1850,-3
15225.jpg,1853,1850,-3
15230.jpg,1853,1900,47
15235.jpg,1853,1850,-3
15240.jpg,1853,1900,47
15245.jpg,1853,1850,-3
15250.jpg,1853,1900,47
15255.jpg,1853,1850,-3
15260.jpg,1853,1900,47
15265.jpg,1853,1850,-3
15270.jpg,1853,1900,47
15275.jpg,1853,1900,47
15280.jpg,1853,1900,47
15285.jpg,1853,1970,117
15290.jpg,1853,1850,-3
15295.jpg,1853,1850,-3
15300.jpg,1853,1900,47
15305.jpg,1853,1850,-3
15310.jpg,1853,1970,117
15315.jpg,1853,1900,47
15320.jpg,1853,1900,47
15325.jpg,1853,1820,-33
15330.jpg,1853,1850,-3
15335.jpg,1853,1850,-3
15340.jpg,1853,1850,-3
15345.jpg,1853,1800,-53
15350.jpg,1853,1970,117
15355.jpg,1854,1900,46
15360.jpg,1854,1930,76
15365.jpg,1854,1820,-34
15370.jpg,1854,1850,-4
15375.jpg,1854,1850,-4
15380.jpg,1854,1850,-4
15385.jpg,1854,1800,-54
15390.jpg,1854,1850,-4
15395.jpg,1854,1850,-4
15400.jpg,1854,1900,46
15405.jpg,1854,1850,-4
15410.jpg,1854,1850,-4
15415.jpg,1854,1750,-104
15420.jpg,1854,1900,46
15425.jpg,1854,1850,-4
15430.jpg,1854,1900,46
15435.jpg,1854,2020,166
15440.jpg,1854,1850,-4
15445.jpg,1854,1900,46
15450.jpg,1855,1850,-5
15455.jpg,1855,1920,65
15460.jpg,1855,1930,75
15465.jpg,1855,1850,-5
15470.jpg,1855,1920,65
15475.jpg,1855,1850,-5
15480.jpg,1855,1850,-5
15485.jpg,1855,1850,-5
15490.jpg,1855,1900,45
15495.jpg,1855,1970,115
15500.jpg,1855,1900,45
15505.jpg,1855,1850,-5
15510.jpg,1855,1850,-5
15515.jpg,1855,1850,-5
15520.jpg,1855,1870,15
15525.jpg,1855,1900,45
15530.jpg,1855,1900,45
15535.jpg,1855,1850,-5
15540.jpg,1855,1900,45
15545.jpg,1855,1800,-55
15550.jpg,1855,1850,-5
15555.jpg,1855,1900,45
15560.jpg,1855,1850,-5
15565.jpg,1855,1900,45
15570.jpg,1855,1850,-5
15575.jpg,1855,1920,65
15580.jpg,1855,1900,45
15585.jpg,1855,1930,75
15590.jpg,1855,1970,115
15595.jpg,1855,1850,-5
15600.jpg,1855,1850,-5
15605.jpg,1855,1900,45
15610.jpg,1855,1930,75
15615.jpg,1855,1850,-5
15620.jpg,1855,1750,-105
15625.jpg,1855,1900,45
15630.jpg,1855,1850,-5
15635.jpg,1855,1850,-5
15640.jpg,1855,1900,45
15645.jpg,1855,1900,45
15650.jpg,1855,1970,115
15655.jpg,1855,1850,-5
15660.jpg,1855,1850,-5
15665.jpg,1855,1900,45
15670.jpg,1855,1850,-5
15675.jpg,1855,1900,45
15680.jpg,1855,1900,45
15685.jpg,1855,1900,45
15690.jpg,1855,1800,-55
15695.jpg,1855,1890,35
15705.jpg,1856,1850,-6
15710.jpg,1856,1900,44
15715.jpg,1856,1850,-6
15720.jpg,1856,1850,-6
15725.jpg,1856,1900,44
15730.jpg,1856,1900,44
15735.jpg,1856,1850,-6
15740.jpg,1856,1900,44
15745.jpg,1856,1850,-6
15750.jpg,1856,1900,44
15755.jpg,1856,1800,-56
15760.jpg,1856,1870,14
15765.jpg,1856,1870,14
15770.jpg,1856,1900,44
15775.jpg,1856,1900,44
15780.jpg,1856,1900,44
15785.jpg,1856,1850,-6
15795.jpg,1856,1850,-6
15800.jpg,1856,2000,144
15805.jpg,1856,1920,64
15810.jpg,1856,1900,44
15815.jpg,1856,1850,-6
15820.jpg,1856,1850,-6
15825.jpg,1856,1850,-6
15830.jpg,1856,1850,-6
15835.jpg,1856,1750,-106
15840.jpg,1856,1850,-6
15845.jpg,1856,1850,-6
15850.jpg,1856,1850,-6
15855.jpg,1856,1850,-6
15860.jpg,1856,1850,-6
15865.jpg,1856,1850,-6
15870.jpg,1856,1900,44
15875.jpg,1856,1900,44
15880.jpg,1856,1850,-6
15885.jpg,1856,1850,-6
15890.jpg,1856,1850,-6
15895.jpg,1856,1850,-6
15900.jpg,1856,1900,44
15905.jpg,1856,1850,-6
15910.jpg,1856,1900,44
15915.jpg,1856,1850,-6
15920.jpg,1856,1850,-6
15930.jpg,1856,1900,44
15935.jpg,1856,1850,-6
15940.jpg,1856,1850,-6
15945.jpg,1856,1850,-6
15950.jpg,1856,1900,44
15955.jpg,1856,1900,44
15960.jpg,1856,1850,-6
15965.jpg,1856,1850,-6
15970.jpg,1856,1900,44
15975.jpg,1856,1800,-56
15980.jpg,1857,1850,-7
15985.jpg,1857,1850,-7
15990.jpg,1857,2010,153
15995.jpg,1857,1850,-7
16000.jpg,1857,1870,13
16005.jpg,1857,1850,-7
16010.jpg,1857,1800,-57
16015.jpg,1857,1850,-7
16020.jpg,1857,1850,-7
16025.jpg,1857,1850,-7
16030.jpg,1857,1850,-7
16035.jpg,1857,1900,43
16040.jpg,1857,1900,43
16045.jpg,1857,1900,43
16050.jpg,1857,1850,-7
16055.jpg,1857,1900,43
16060.jpg,1857,1850,-7
16065.jpg,1857,1850,-7
16070.jpg,1857,1900,43
16075.jpg,1857,1970,113
16080.jpg,1857,1850,-7
16085.jpg,1857,1850,-7
16090.jpg,1857,1900,43
16095.jpg,1857,1850,-7
16100.jpg,1857,1800,-57
16105.jpg,1857,1850,-7
16110.jpg,1857,1850,-7
16115.jpg,1857,1900,43
16120.jpg,1857,1850,-7
16125.jpg,1857,1900,43
16130.jpg,1857,1900,43
16135.jpg,1857,1900,43
16140.jpg,1857,1850,-7
16145.jpg,1857,1800,-57
16150.jpg,1857,1850,-7
16155.jpg,1857,1900,43
16160.jpg,1857,1900,43
16165.jpg,1857,1850,-7
16170.jpg,1857,1870,13
16175.jpg,1857,1850,-7
16180.jpg,1857,1900,43
16185.jpg,1857,1930,73
16190.jpg,1857,1850,-7
16195.jpg,1857,1930,73
16200.jpg,1857,1900,43
16205.jpg,1857,2010,153
16210.jpg,1857,1850,-7
16215.jpg,1857,1900,43
16220.jpg,1857,1850,-7
16225.jpg,1857,1850,-7
16230.jpg,1857,1900,43
16235.jpg,1858,1870,12
16240.jpg,1858,1930,72
16245.jpg,1858,1850,-8
16250.jpg,1858,1900,42
16255.jpg,1858,1870,12
16260.jpg,1858,1850,-8
16265.jpg,1858,1850,-8
16270.jpg,1858,1820,-38
16275.jpg,1858,1820,-38
16280.jpg,1858,1900,42
16285.jpg,1858,1870,12
16290.jpg,1858,1850,-8
16295.jpg,1858,1900,42
16300.jpg,1858,1900,42
16305.jpg,1858,1900,42
16310.jpg,1858,1850,-8
16315.jpg,1858,1850,-8
16320.jpg,1858,1850,-8
16325.jpg,1858,1850,-8
16330.jpg,1858,1900,42
16335.jpg,1858,1870,12
16340.jpg,1858,1820,-38
16345.jpg,1858,1920,62
16350.jpg,1858,1850,-8
16355.jpg,1858,1850,-8
16360.jpg,1858,1850,-8
16365.jpg,1858,1850,-8
16370.jpg,1858,1850,-8
16375.jpg,1858,1900,42
16380.jpg,1858,1900,42
16385.jpg,1858,1900,42
16390.jpg,1858,1820,-38
16395.jpg,1858,1850,-8
16400.jpg,1858,1850,-8
16405.jpg,1858,1900,42
16410.jpg,1858,1850,-8
16415.jpg,1858,1870,12
16420.jpg,1858,1850,-8
16425.jpg,1858,1850,-8
16430.jpg,1858,1850,-8
16435.jpg,1858,1900,42
16440.jpg,1858,1850,-8
16445.jpg,1858,1850,-8
16450.jpg,1858,1850,-8
16455.jpg,1858,1850,-8
16460.jpg,1858,1900,42
16465.jpg,1858,1850,-8
16470.jpg,1858,1850,-8
16475.jpg,1858,1820,-38
16480.jpg,1858,1930,72
16485.jpg,1858,1850,-8
16490.jpg,1859,1850,-9
16495.jpg,1859,1900,41
16505.jpg,1859,1859,0
16510.jpg,1859,1850,-9
16515.jpg,1859,1890,31
16520.jpg,1859,1900,41
16525.jpg,1859,1900,41
16530.jpg,1859,1850,-9
16535.jpg,1859,1850,-9
16540.jpg,1859,1850,-9
16545.jpg,1859,1850,-9
16550.jpg,1859,1850,-9
16555.jpg,1859,1900,41
16560.jpg,1859,1800,-59
16565.jpg,1859,1900,41
16570.jpg,1859,1850,-9
16575.jpg,1859,1870,11
16580.jpg,1859,1900,41
16585.jpg,1859,1900,41
16590.jpg,1859,1850,-9
16595.jpg,1859,1850,-9
16600.jpg,1859,1800,-59
16605.jpg,1859,1900,41
16610.jpg,1859,1900,41
16615.jpg,1859,1900,41
16620.jpg,1859,1850,-9
16625.jpg,1859,1970,111
16630.jpg,1859,1900,41
16635.jpg,1859,1900,41
16640.jpg,1859,1850,-9
16645.jpg,1859,1870,11
16650.jpg,1859,1850,-9
16655.jpg,1859,1850,-9
16660.jpg,1859,1850,-9
16665.jpg,1859,1850,-9
16670.jpg,1859,1850,-9
16675.jpg,1859,1900,41
16680.jpg,1859,1850,-9
16685.jpg,1859,1850,-9
16690.jpg,1859,1850,-9
16695.jpg,1859,1850,-9
16700.jpg,1859,1900,41
16705.jpg,1859,1850,-9
16710.jpg,1859,1850,-9
16715.jpg,1859,1850,-9
16720.jpg,1859,1850,-9
16725.jpg,1859,1890,31
16730.jpg,1859,1900,41
16735.jpg,1860,1800,-60
16740.jpg,1860,1900,40
16745.jpg,1860,1850,-10
16750.jpg,1860,1850,-10
16755.jpg,1860,1900,40
16760.jpg,1860,1850,-10
16765.jpg,1860,1870,10
16770.jpg,1860,1850,-10
16775.jpg,1860,1850,-10
16785.jpg,1860,1800,-60
16790.jpg,1860,1850,-10
16795.jpg,1860,1750,-110
16800.jpg,1860,1850,-10
16805.jpg,1860,1900,40
16810.jpg,1860,1900,40
16815.jpg,1860,1900,40
16820.jpg,1860,1970,110
16825.jpg,1860,1850,-10
16830.jpg,1860,1900,40
16835.jpg,1860,1900,40
16840.jpg,1860,1850,-10
16845.jpg,1860,1900,40
16850.jpg,1860,1900,40
16855.jpg,1860,1900,40
16860.jpg,1860,1900,40
16865.jpg,1860,1930,70
16870.jpg,1860,1850,-10
16875.jpg,1860,1850,-10
16880.jpg,1860,1850,-10
16885.jpg,1860,1850,-10
16890.jpg,1860,1850,-10
16895.jpg,1860,1850,-10
16900.jpg,1860,1900,40
16905.jpg,1860,1900,40
16910.jpg,1860,1900,40
16915.jpg,1860,1850,-10
16920.jpg,1860,1850,-10
16925.jpg,1860,1850,-10
16930.jpg,1860,1900,40
16935.jpg,1860,1850,-10
16940.jpg,1860,1850,-10
16945.jpg,1860,2000,140
16950.jpg,1860,1850,-10
16955.jpg,1860,1850,-10
16960.jpg,1860,1850,-10
16965.jpg,1860,1900,40
16970.jpg,1860,1900,40
16975.jpg,1860,1850,-10
16980.jpg,1860,1850,-10
16985.jpg,1860,1900,40
16990.jpg,1860,100,-1760
16995.jpg,1860,1850,-10
17000.jpg,1860,1900,40
17005.jpg,1861,1900,39
17010.jpg,1861,1900,39
17015.jpg,1861,1900,39
17025.jpg,1861,1800,-61
17030.jpg,1861,1850,-11
17035.jpg,1861,1865,4
17040.jpg,1861,1800,-61
17045.jpg,1861,1800,-61
17050.jpg,1861,1850,-11
17055.jpg,1861,1850,-11
17060.jpg,1861,1850,-11
17065.jpg,1861,1850,-11
17070.jpg,1861,1850,-11
17075.jpg,1861,1900,39
17080.jpg,1861,1850,-11
17085.jpg,1861,1900,39
17090.jpg,1861,1850,-11
17095.jpg,1861,1850,-11
17100.jpg,1861,1900,39
17105.jpg,1861,1800,-61
17110.jpg,1861,1850,-11
17115.jpg,1861,1850,-11
17120.jpg,1861,1900,39
17125.jpg,1861,1850,-11
17130.jpg,1861,1850,-11
17135.jpg,1861,1900,39
17140.jpg,1861,1850,-11
17145.jpg,1861,1850,-11
17150.jpg,1861,1910,49
17155.jpg,1861,1900,39
17160.jpg,1861,1850,-11
17165.jpg,1861,1870,9
17170.jpg,1861,1900,39
17175.jpg,1862,1850,-12
17180.jpg,1862,1900,38
17185.jpg,1862,1865,3
17190.jpg,1862,1850,-12
17195.jpg,1862,2000,138
17200.jpg,1862,1850,-12
17205.jpg,1862,1950,88
17210.jpg,1862,1900,38
17215.jpg,1862,1900,38
17220.jpg,1862,1900,38
17225.jpg,1862,1800,-62
17230.jpg,1862,1900,38
17235.jpg,1862,1870,8
17240.jpg,1862,1850,-12
17245.jpg,1862,1850,-12
17250.jpg,1862,1900,38
17255.jpg,1862,1750,-112
17260.jpg,1862,1900,38
17265.jpg,1862,1820,-42
17270.jpg,1862,1900,38
17275.jpg,1862,1850,-12
17280.jpg,1862,1850,-12
17285.jpg,1862,1900,38
17290.jpg,1862,1900,38
17295.jpg,1862,1900,38
17300.jpg,1862,1900,38
17305.jpg,1862,1900,38
17310.jpg,1862,1950,88
17315.jpg,1862,1920,58
17320.jpg,1862,1900,38
17325.jpg,1863,1920,57
17330.jpg,1863,1850,-13
17340.jpg,1863,1930,67
17345.jpg,1863,1900,37
17350.jpg,1863,1820,-43
17355.jpg,1863,1850,-13
17365.jpg,1863,1900,37
17370.jpg,1863,1850,-13
17375.jpg,1863,1850,-13
17380.jpg,1863,1900,37
17385.jpg,1863,1900,37
17390.jpg,1863,1800,-63
17395.jpg,1863,1850,-13
17400.jpg,1863,1970,107
17405.jpg,1863,1900,37
17410.jpg,1863,1850,-13
17415.jpg,1863,1850,-13
17420.jpg,1863,1900,37
17425.jpg,1863,1850,-13
17430.jpg,1863,1900,37
17435.jpg,1863,1970,107
17440.jpg,1863,1850,-13
17445.jpg,1863,1890,27
17450.jpg,1863,1750,-113
17455.jpg,1863,1870,7
17460.jpg,1863,1900,37
17465.jpg,1863,1900,37
17470.jpg,1863,1850,-13
17475.jpg,1863,1870,7
17480.jpg,1863,1850,-13
17485.jpg,1864,1930,66
17490.jpg,1864,1850,-14
17495.jpg,1864,1900,36
17500.jpg,1864,1970,106
17505.jpg,1864,1900,36
17510.jpg,1864,1850,-14
17515.jpg,1864,1850,-14
17520.jpg,1864,1820,-44
17525.jpg,1864,1870,6
17530.jpg,1864,1850,-14
17535.jpg,1864,1970,106
17540.jpg,1864,1900,36
17545.jpg,1864,1850,-14
17550.jpg,1864,1850,-14
17555.jpg,1864,1850,-14
17560.jpg,1864,2000,136
17565.jpg,1864,1850,-14
17575.jpg,1864,1850,-14
17580.jpg,1864,1850,-14
17585.jpg,1864,1900,36
17590.jpg,1864,2000,136
17595.jpg,1864,1850,-14
17600.jpg,1864,1870,6
17605.jpg,1864,1850,-14
17610.jpg,1864,1900,36
17615.jpg,1864,1850,-14
17620.jpg,1864,1850,-14
17625.jpg,1864,1900,36
17630.jpg,1864,1900,36
17635.jpg,1864,1850,-14
17640.jpg,1864,1900,36
17645.jpg,1864,1850,-14
17650.jpg,1864,1850,-14
17655.jpg,1864,1850,-14
17660.jpg,1865,1879,14
17665.jpg,1865,1820,-45
17670.jpg,1865,1850,-15
17675.jpg,1865,1850,-15
17680.jpg,1865,1850,-15
17690.jpg,1865,1850,-15
17695.jpg,1865,1800,-65
17700.jpg,1865,1850,-15
17705.jpg,1865,1850,-15
17710.jpg,1865,1900,35
17715.jpg,1865,1900,35
17720.jpg,1865,1970,105
17725.jpg,1865,1850,-15
17730.jpg,1865,1900,35
17735.jpg,1865,1800,-65
17745.jpg,1865,1850,-15
17750.jpg,1865,1850,-15
17755.jpg,1865,1850,-15
17760.jpg,1865,1850,-15
17765.jpg,1865,1900,35
17770.jpg,1865,1850,-15
17775.jpg,1865,1900,35
17780.jpg,1865,1970,105
17785.jpg,1865,1850,-15
17790.jpg,1865,1930,65
17795.jpg,1865,1900,35
17800.jpg,1865,1900,35
17805.jpg,1865,1900,35
17810.jpg,1865,1900,35
17815.jpg,1865,1900,35
17820.jpg,1865,1970,105
17825.jpg,1865,1850,-15
17830.jpg,1865,1850,-15
17835.jpg,1865,1850,-15
17840.jpg,1865,1900,35
17845.jpg,1865,1900,35
17850.jpg,1865,1870,5
17855.jpg,1865,1870,5
17860.jpg,1865,1850,-15
17865.jpg,1865,1850,-15
17870.jpg,1865,1870,5
17875.jpg,1865,1850,-15
17880.jpg,1865,1800,-65
17885.jpg,1865,1900,35
17890.jpg,1865,1900,35
17895.jpg,1865,1900,35
17900.jpg,1865,1900,35
17905.jpg,1865,1850,-15
17910.jpg,1865,1700,-165
17915.jpg,1865,1900,35
17920.jpg,1865,1900,35
17930.jpg,1865,1900,35
17935.jpg,1866,1850,-16
17940.jpg,1866,1850,-16
17945.jpg,1866,1900,34
17950.jpg,1866,1870,4
17955.jpg,1866,1970,104
17960.jpg,1866,1850,-16
17965.jpg,1866,1900,34
17970.jpg,1866,1800,-66
17975.jpg,1866,1850,-16
17980.jpg,1866,1820,-46
17985.jpg,1866,1900,34
17990.jpg,1866,1850,-16
17995.jpg,1866,1900,34
18000.jpg,1866,1900,34
18005.jpg,1866,1800,-66
18010.jpg,1866,1900,34
18015.jpg,1866,1970,104
18020.jpg,1866,1900,34
18025.jpg,1866,1870,4
18030.jpg,1866,1850,-16
18035.jpg,1866,1900,34
18040.jpg,1866,1900,34
18045.jpg,1866,1850,-16
18050.jpg,1866,1750,-116
18055.jpg,1866,1900,34
18060.jpg,1866,1900,34
18065.jpg,1866,1850,-16
18070.jpg,1866,1850,-16
18075.jpg,1866,1850,-16
18080.jpg,1866,1850,-16
18085.jpg,1866,1850,-16
18090.jpg,1866,1950,84
18095.jpg,1866,1850,-16
18100.jpg,1866,1920,54
18105.jpg,1866,1920,54
18110.jpg,1866,1900,34
18115.jpg,1866,1900,34
18120.jpg,1866,1850,-16
18125.jpg,1866,1900,34
18130.jpg,1866,1920,54
18135.jpg,1867,1850,-17
18140.jpg,1867,1890,23
18145.jpg,1867,1900,33
18160.jpg,1867,1890,23
18165.jpg,1867,1850,-17
18170.jpg,1867,1850,-17
18175.jpg,1867,1850,-17
18180.jpg,1867,1970,103
18185.jpg,1867,1850,-17
18190.jpg,1867,1850,-17
18195.jpg,1867,1850,-17
18200.jpg,1867,1900,33
18205.jpg,1867,1850,-17
18210.jpg,1867,1900,33
18215.jpg,1867,1900,33
18220.jpg,1867,1900,33
18225.jpg,1867,1900,33
18230.jpg,1867,1900,33
18235.jpg,1867,1900,33
18240.jpg,1867,1850,-17
18245.jpg,1867,1850,-17
18250.jpg,1867,1880,13
18255.jpg,1867,1930,63
18260.jpg,1867,1850,-17
18265.jpg,1867,1850,-17
18270.jpg,1867,1870,3
18275.jpg,1867,1900,33
18280.jpg,1867,1900,33
18285.jpg,1867,1900,33
18290.jpg,1867,1900,33
18295.jpg,1867,1850,-17
18300.jpg,1867,1900,33
18305.jpg,1867,1850,-17
18310.jpg,1867,1900,33
18315.jpg,1867,1850,-17
18320.jpg,1867,1850,-17
18325.jpg,1867,1850,-17
18330.jpg,1867,1870,3
18335.jpg,1867,1900,33
18340.jpg,1867,1900,33
18345.jpg,1867,1900,33
18350.jpg,1867,1890,23
18355.jpg,1867,1900,33
18360.jpg,1867,1870,3
18365.jpg,1868,1870,2
18370.jpg,1868,1850,-18
18380.jpg,1868,1870,2
18385.jpg,1868,1870,2
18390.jpg,1868,1850,-18
18395.jpg,1868,1920,52
18400.jpg,1868,1930,62
18405.jpg,1868,1900,32
18410.jpg,1868,1900,32
18415.jpg,1868,1900,32
18420.jpg,1868,1850,-18
18425.jpg,1868,1850,-18
18430.jpg,1868,1800,-68
18450.jpg,1868,1850,-18
18455.jpg,1868,1800,-68
18460.jpg,1868,1850,-18
18465.jpg,1868,1870,2
18470.jpg,1868,1900,32
18475.jpg,1868,1900,32
18480.jpg,1868,1850,-18
18485.jpg,1868,1850,-18
18490.jpg,1868,1900,32
18495.jpg,1868,1850,-18
18500.jpg,1868,1900,32
18505.jpg,1868,1850,-18
18510.jpg,1868,1850,-18
18515.jpg,1868,1850,-18
18520.jpg,1868,1850,-18
18525.jpg,1868,1890,22
18530.jpg,1868,1850,-18
18535.jpg,1868,1850,-18
18540.jpg,1868,1850,-18
18545.jpg,1868,1850,-18
18550.jpg,1868,1870,2
18555.jpg,1868,1870,2
18560.jpg,1868,1850,-18
18565.jpg,1868,1900,32
18570.jpg,1868,1870,2
18575.jpg,1868,1870,2
18580.jpg,1868,2010,142
18585.jpg,1868,1970,102
18590.jpg,1868,1920,52
18595.jpg,1868,1850,-18
18600.jpg,1868,1900,32
18605.jpg,1868,1900,32
18610.jpg,1868,1850,-18
18615.jpg,1868,1890,22
18620.jpg,1869,1800,-69
18625.jpg,1869,1868,-1
18630.jpg,1869,1850,-19
18635.jpg,1869,1870,1
18640.jpg,1869,1900,31
18645.jpg,1869,1900,31
18650.jpg,1869,1850,-19
18655.jpg,1869,1850,-19
18660.jpg,1869,1850,-19
18665.jpg,1869,1850,-19
18670.jpg,1869,1900,31
18675.jpg,1869,1900,31
18680.jpg,1869,1850,-19
18685.jpg,1869,1900,31
18690.jpg,1869,1850,-19
18695.jpg,1869,1850,-19
18700.jpg,1869,1850,-19
18710.jpg,1869,1900,31
18715.jpg,1869,1900,31
18720.jpg,1869,1870,1
18725.jpg,1869,1920,51
18730.jpg,1869,1850,-19
18735.jpg,1869,1850,-19
18740.jpg,1869,1900,31
18745.jpg,1869,1900,31
18750.jpg,1869,1870,1
18755.jpg,1869,1850,-19
18760.jpg,1869,1870,1
18765.jpg,1869,1850,-19
18770.jpg,1869,1850,-19
18775.jpg,1869,1850,-19
18780.jpg,1869,1900,31
18785.jpg,1869,1850,-19
18790.jpg,1869,1900,31
18795.jpg,1869,1800,-69
18800.jpg,1869,1850,-19
18805.jpg,1869,1850,-19
18810.jpg,1869,1870,1
18815.jpg,1869,1900,31
18820.jpg,1869,1930,61
18825.jpg,1869,1850,-19
18830.jpg,1869,1900,31
18835.jpg,1869,2010,141
18840.jpg,1870,1850,-20
18845.jpg,1870,1900,30
18850.jpg,1870,1900,30
18855.jpg,1870,1900,30
18860.jpg,1870,1900,30
18865.jpg,1870,1900,30
18870.jpg,1870,1900,30
18875.jpg,1870,2000,130
18880.jpg,1870,1900,30
18885.jpg,1870,1850,-20
18895.jpg,1870,1850,-20
18900.jpg,1870,1850,-20
18905.jpg,1870,1850,-20
18910.jpg,1870,1850,-20
18915.jpg,1870,1900,30
18920.jpg,1870,1900,30
18925.jpg,1870,1850,-20
18930.jpg,1870,1900,30
18935.jpg,1870,1900,30
18940.jpg,1870,1900,30
18945.jpg,1870,1970,100
18950.jpg,1870,1900,30
18955.jpg,1870,1900,30
18960.jpg,1870,1900,30
18965.jpg,1870,1900,30
18970.jpg,1870,1850,-20
18980.jpg,1870,1900,30
18985.jpg,1870,1850,-20
18990.jpg,1870,1900,30
18995.jpg,1870,1880,10
19000.jpg,1870,1900,30
19005.jpg,1870,1850,-20
19010.jpg,1870,1850,-20
19015.jpg,1870,1920,50
19020.jpg,1870,1900,30
19025.jpg,1870,1850,-20
19030.jpg,1870,1900,30
19035.jpg,1870,1850,-20
19040.jpg,1870,1970,100
19045.jpg,1870,1850,-20
19050.jpg,1870,1900,30
19055.jpg,1870,1900,30
19060.jpg,1870,1900,30
19065.jpg,1870,1900,30
19070.jpg,1870,1900,30
19075.jpg,1870,1900,30
19080.jpg,1870,1930,60
19085.jpg,1870,1870,0
19090.jpg,1870,2000,130
19100.jpg,1870,1930,60
19105.jpg,1870,1900,30
19110.jpg,1870,1900,30
19115.jpg,1870,1850,-20
19120.jpg,1870,1900,30
19125.jpg,1870,1970,100
19130.jpg,1870,1850,-20
19135.jpg,1870,1800,-70
19140.jpg,1870,1800,-70
19145.jpg,1871,1750,-121
19150.jpg,1871,1900,29
19155.jpg,1871,1900,29
19160.jpg,1871,1850,-21
19165.jpg,1871,1850,-21
19170.jpg,1871,1907,36
19175.jpg,1871,1920,49
19180.jpg,1871,1900,29
19185.jpg,1871,1870,-1
19190.jpg,1871,1900,29
19195.jpg,1871,1870,-1
19200.jpg,1871,1850,-21
19205.jpg,1871,1970,99
19210.jpg,1871,1850,-21
19215.jpg,1871,1900,29
19220.jpg,1871,1900,29
19225.jpg,1871,1900,29
19230.jpg,1871,1900,29
19235.jpg,1871,1900,29
19240.jpg,1871,1900,29
19245.jpg,1871,1870,-1
19250.jpg,1871,1870,-1
19255.jpg,1871,1850,-21
19260.jpg,1871,1850,-21
19265.jpg,1871,1870,-1
19270.jpg,1871,1900,29
19275.jpg,1871,1870,-1
19280.jpg,1871,1900,29
19285.jpg,1871,1900,29
19290.jpg,1871,1850,-21
19295.jpg,1871,1900,29
19300.jpg,1871,1900,29
19305.jpg,1871,1850,-21
19310.jpg,1871,1900,29
19315.jpg,1871,1850,-21
19320.jpg,1871,1880,9
19325.jpg,1871,1900,29
19330.jpg,1871,1870,-1
19335.jpg,1871,1890,19
19340.jpg,1871,1870,-1
19345.jpg,1871,1870,-1
19350.jpg,1871,1850,-21
19355.jpg,1871,1870,-1
19360.jpg,1871,1900,29
19365.jpg,1871,1900,29
19370.jpg,1871,1850,-21
19375.jpg,1871,1850,-21
19380.jpg,1871,1900,29
19385.jpg,1871,1900,29
19390.jpg,1871,1890,19
19395.jpg,1872,1850,-22
19400.jpg,1872,1900,28
19405.jpg,1872,1890,18
19410.jpg,1872,1850,-22
19415.jpg,1872,1850,-22
19420.jpg,1872,1850,-22
19425.jpg,1872,1970,98
19430.jpg,1872,1900,28
19435.jpg,1872,1900,28
19440.jpg,1872,1890,18
19445.jpg,1872,1900,28
19450.jpg,1872,1900,28
19455.jpg,1872,1850,-22
19460.jpg,1872,1850,-22
19465.jpg,1872,1900,28
19470.jpg,1872,1850,-22
19475.jpg,1872,1900,28
19480.jpg,1872,1850,-22
19485.jpg,1872,1850,-22
19490.jpg,1872,1870,-2
19495.jpg,1872,1850,-22
19500.jpg,1872,1890,18
19505.jpg,1872,1900,28
19510.jpg,1872,1900,28
19515.jpg,1872,1900,28
19520.jpg,1872,1930,58
19525.jpg,1872,1850,-22
19530.jpg,1872,1850,-22
19535.jpg,1872,1850,-22
19540.jpg,1872,1970,98
19545.jpg,1872,1850,-22
19550.jpg,1872,1850,-22
19555.jpg,1872,1850,-22
19560.jpg,1872,1870,-2
19565.jpg,1872,1750,-122
19570.jpg,1872,1900,28
19575.jpg,1872,1850,-22
19580.jpg,1872,1900,28
19585.jpg,1872,1850,-22
19590.jpg,1872,1850,-22
19595.jpg,1872,1900,28
19600.jpg,1872,1850,-22
19605.jpg,1872,1850,-22
19610.jpg,1872,1850,-22
19615.jpg,1872,1870,-2
19620.jpg,1872,1900,28
19625.jpg,1872,1850,-22
19630.jpg,1872,1900,28
19635.jpg,1872,1900,28
19640.jpg,1872,1900,28
19645.jpg,1872,1900,28
19655.jpg,1873,1850,-23
19660.jpg,1873,1900,27
19665.jpg,1873,1930,57
19670.jpg,1873,1900,27
19675.jpg,1873,1850,-23
19680.jpg,1873,1850,-23
19685.jpg,1873,1850,-23
19690.jpg,1873,1950,77
19695.jpg,1873,1900,27
19700.jpg,1873,1850,-23
19705.jpg,1873,1920,47
19710.jpg,1873,1900,27
19715.jpg,1873,1900,27
19720.jpg,1873,1900,27
19725.jpg,1873,1850,-23
19730.jpg,1873,1850,-23
19735.jpg,1873,1850,-23
19740.jpg,1873,2010,137
19745.jpg,1873,1900,27
19750.jpg,1873,1850,-23
19755.jpg,1873,1900,27
19760.jpg,1873,1850,-23
19765.jpg,1873,1900,27
19775.jpg,1873,1850,-23
19780.jpg,1873,1850,-23
19785.jpg,1873,1850,-23
19790.jpg,1873,1900,27
19795.jpg,1873,1870,-3
19800.jpg,1873,1850,-23
19805.jpg,1873,1850,-23
19810.jpg,1873,1870,-3
19815.jpg,1873,1870,-3
19820.jpg,1873,1880,7
19825.jpg,1873,1900,27
19830.jpg,1873,1870,-3
19835.jpg,1873,1930,57
19840.jpg,1873,1850,-23
19845.jpg,1873,2020,147
19850.jpg,1873,1870,-3
19855.jpg,1873,1850,-23
19860.jpg,1873,1900,27
19865.jpg,1873,1870,-3
19870.jpg,1873,1850,-23
19875.jpg,1873,1920,47
19880.jpg,1873,1900,27
19885.jpg,1873,1850,-23
19890.jpg,1873,1850,-23
19895.jpg,1873,1970,97
19900.jpg,1873,1900,27
19905.jpg,1873,1819,-54
19910.jpg,1873,1950,77
19915.jpg,1874,1870,-4
19920.jpg,1874,1900,26
19925.jpg,1874,1870,-4
19930.jpg,1874,1900,26
19935.jpg,1874,1900,26
19945.jpg,1874,1850,-24
19950.jpg,1874,1900,26
19955.jpg,1874,1900,26
19965.jpg,1874,1900,26
19970.jpg,1874,1874,0
19975.jpg,1874,1900,26
19980.jpg,1874,1890,16
19985.jpg,1874,1850,-24
19990.jpg,1874,1930,56
19995.jpg,1874,1900,26
20000.jpg,1874,1970,96
20005.jpg,1874,1950,76
20010.jpg,1874,1900,26
20015.jpg,1874,1850,-24
20020.jpg,1874,1850,-24
20025.jpg,1874,1900,26
20030.jpg,1874,1800,-74
20035.jpg,1874,1930,56
20040.jpg,1874,1850,-24
20045.jpg,1874,1900,26
20050.jpg,1874,1900,26
20055.jpg,1874,1870,-4
20060.jpg,1874,1870,-4
20065.jpg,1874,1850,-24
20070.jpg,1874,1900,26
20075.jpg,1874,1870,-4
20080.jpg,1874,1850,-24
20085.jpg,1874,1870,-4
20090.jpg,1874,1850,-24
20095.jpg,1874,1900,26
20100.jpg,1874,1900,26
20110.jpg,1874,1850,-24
20115.jpg,1874,1850,-24
20120.jpg,1874,1850,-24
20125.jpg,1874,1850,-24
20130.jpg,1874,1750,-124
20135.jpg,1874,1900,26
20145.jpg,1874,1900,26
20150.jpg,1874,1900,26
20155.jpg,1874,1900,26
20160.jpg,1874,1930,56
20165.jpg,1874,1870,-4
20170.jpg,1874,1900,26
20175.jpg,1874,1900,26
20180.jpg,1874,1750,-124
20185.jpg,1874,1870,-4
20190.jpg,1874,1850,-24
20195.jpg,1874,1930,56
20205.jpg,1874,1850,-24
20210.jpg,1875,1890,15
20215.jpg,1875,2023,148
20220.jpg,1875,1900,25
20230.jpg,1875,1900,25
20235.jpg,1875,1850,-25
20240.jpg,1875,1900,25
20245.jpg,1875,1850,-25
20250.jpg,1875,1900,25
20255.jpg,1875,1930,55
20260.jpg,1875,1890,15
20265.jpg,1875,1850,-25
20270.jpg,1875,1850,-25
20275.jpg,1875,1850,-25
20280.jpg,1875,1900,25
20285.jpg,1875,1850,-25
20295.jpg,1875,1900,25
20300.jpg,1875,1850,-25
20305.jpg,1875,1850,-25
20310.jpg,1875,1900,25
20315.jpg,1875,1900,25
20320.jpg,1875,1900,25
20325.jpg,1875,1850,-25
20330.jpg,1875,1900,25
20335.jpg,1875,1850,-25
20340.jpg,1875,1900,25
20345.jpg,1875,1900,25
20350.jpg,1875,1900,25
20355.jpg,1875,1900,25
20360.jpg,1875,1870,-5
20365.jpg,1875,1900,25
20370.jpg,1875,1850,-25
20375.jpg,1875,1850,-25
20380.jpg,1875,1870,-5
20385.jpg,1875,1800,-75
20390.jpg,1875,1870,-5
20395.jpg,1875,1850,-25
20400.jpg,1875,1900,25
20405.jpg,1875,1900,25
20410.jpg,1875,1900,25
20415.jpg,1875,1850,-25
20420.jpg,1875,1850,-25
20425.jpg,1875,1900,25
20430.jpg,1875,1850,-25
20435.jpg,1875,1450,-425
20440.jpg,1875,1930,55
20445.jpg,1875,1850,-25
20450.jpg,1875,1850,-25
20455.jpg,1875,1850,-25
20460.jpg,1875,1900,25
20465.jpg,1875,1900,25
20470.jpg,1875,1850,-25
20480.jpg,1875,1900,25
20485.jpg,1875,1920,45
20490.jpg,1875,1850,-25
20495.jpg,1875,1900,25
20500.jpg,1876,1750,-126
20505.jpg,1876,1930,54
20510.jpg,1876,1900,24
20515.jpg,1876,1850,-26
20520.jpg,1876,1900,24
20525.jpg,1876,1450,-426
20530.jpg,1876,1900,24
20540.jpg,1876,2020,144
20545.jpg,1876,1890,14
20550.jpg,1876,1850,-26
20555.jpg,1876,1850,-26
20560.jpg,1876,1450,-426
20565.jpg,1876,1900,24
20570.jpg,1876,1850,-26
20575.jpg,1876,1900,24
20580.jpg,1876,1900,24
20585.jpg,1876,1850,-26
20590.jpg,1876,1900,24
20595.jpg,1876,1900,24
20600.jpg,1876,1870,-6
20605.jpg,1876,1850,-26
20610.jpg,1876,1900,24
20615.jpg,1876,1870,-6
20620.jpg,1876,1900,24
20625.jpg,1876,1850,-26
20630.jpg,1876,1900,24
20635.jpg,1876,1850,-26
20640.jpg,1876,1970,94
20645.jpg,1876,1880,4
20650.jpg,1876,1900,24
20655.jpg,1876,1870,-6
20660.jpg,1876,1870,-6
20665.jpg,1876,1870,-6
20670.jpg,1876,1890,14
20675.jpg,1876,1750,-126
20680.jpg,1876,1870,-6
20685.jpg,1876,1900,24
20690.jpg,1876,1850,-26
20695.jpg,1876,1900,24
20700.jpg,1876,1890,14
20705.jpg,1876,1900,24
20715.jpg,1876,1900,24
20720.jpg,1876,1850,-26
20725.jpg,1876,1890,14
20730.jpg,1877,1890,13
20735.jpg,1877,1850,-27
20740.jpg,1877,1900,23
20745.jpg,1877,1850,-27
20750.jpg,1877,1900,23
20755.jpg,1877,1900,23
20760.jpg,1877,1930,53
20765.jpg,1877,1800,-77
20770.jpg,1877,1900,23
20775.jpg,1877,1850,-27
20780.jpg,1877,1850,-27
20785.jpg,1877,1900,23
20790.jpg,1877,1900,23
20795.jpg,1877,1900,23
20800.jpg,1877,1900,23
20805.jpg,1877,1900,23
20810.jpg,1877,1900,23
20815.jpg,1877,1900,23
20820.jpg,1877,1900,23
20830.jpg,1877,1870,-7
20835.jpg,1877,1850,-27
20840.jpg,1877,1890,13
20845.jpg,1877,1850,-27
20850.jpg,1877,1880,3
20855.jpg,1877,1900,23
20860.jpg,1877,1900,23
20865.jpg,1877,1900,23
20870.jpg,1877,1900,23
20875.jpg,1877,1880,3
20880.jpg,1877,1900,23
20885.jpg,1877,1900,23
20890.jpg,1877,1870,-7
20895.jpg,1877,1800,-77
20900.jpg,1877,1900,23
20905.jpg,1877,1900,23
20910.jpg,1877,1870,-7
20915.jpg,1877,1900,23
20925.jpg,1878,1900,22
20930.jpg,1878,1900,22
20935.jpg,1878,1900,22
20940.jpg,1878,1900,22
20945.jpg,1878,1970,92
20950.jpg,1878,1900,22
20955.jpg,1878,1900,22
20960.jpg,1878,1850,-28
20965.jpg,1878,1970,92
20970.jpg,1878,1850,-28
20975.jpg,1878,1850,-28
20980.jpg,1878,1850,-28
20985.jpg,1878,1900,22
20990.jpg,1878,1850,-28
20995.jpg,1878,1850,-28
21000.jpg,1878,1900,22
21005.jpg,1878,1850,-28
21010.jpg,1878,1870,-8
21015.jpg,1878,1900,22
21020.jpg,1878,1850,-28
21025.jpg,1878,1900,22
21030.jpg,1878,1900,22
21035.jpg,1878,1850,-28
21040.jpg,1878,1900,22
21045.jpg,1878,1850,-28
21050.jpg,1878,1900,22
21055.jpg,1878,1900,22
21060.jpg,1878,1900,22
21065.jpg,1878,1900,22
21070.jpg,1878,1970,92
21075.jpg,1878,1900,22
21080.jpg,1878,1870,-8
21085.jpg,1878,1870,-8
21090.jpg,1878,1920,42
21095.jpg,1878,1870,-8
21100.jpg,1878,1880,2
21105.jpg,1878,1900,22
21110.jpg,1878,1890,12
21115.jpg,1878,1910,32
21120.jpg,1878,1920,42
21125.jpg,1878,2010,132
21130.jpg,1878,1900,22
21135.jpg,1878,1900,22
21140.jpg,1878,1890,12
21145.jpg,1878,1900,22
21150.jpg,1878,1750,-128
21155.jpg,1878,1920,42
21160.jpg,1879,1970,91
21165.jpg,1879,1890,11
21170.jpg,1879,1900,21
21175.jpg,1879,1900,21
21180.jpg,1879,1900,21
21185.jpg,1879,1900,21
21190.jpg,1879,1900,21
21195.jpg,1879,1890,11
21200.jpg,1879,1880,1
21205.jpg,1879,1930,51
21210.jpg,1879,1900,21
21215.jpg,1879,1850,-29
21220.jpg,1879,1850,-29
21225.jpg,1879,1900,21
21230.jpg,1879,1900,21
21235.jpg,1879,1900,21
21240.jpg,1879,1900,21
21245.jpg,1879,1850,-29
21250.jpg,1879,1850,-29
21255.jpg,1879,1880,1
21260.jpg,1879,1870,-9
21265.jpg,1879,1900,21
21270.jpg,1879,1850,-29
21275.jpg,1879,1850,-29
21280.jpg,1879,1850,-29
21285.jpg,1879,1900,21
21290.jpg,1879,1870,-9
21295.jpg,1879,1900,21
21300.jpg,1879,1880,1
21305.jpg,1879,1850,-29
21310.jpg,1879,1850,-29
21315.jpg,1879,1900,21
21320.jpg,1879,1900,21
21325.jpg,1879,1880,1
21330.jpg,1879,1900,21
21335.jpg,1879,1850,-29
21340.jpg,1879,1900,21
21350.jpg,1879,1900,21
21355.jpg,1879,1900,21
21360.jpg,1879,1900,21
21365.jpg,1879,1950,71
21370.jpg,1879,1900,21
21375.jpg,1880,1800,-80
21380.jpg,1880,1900,20
21385.jpg,1880,1900,20
21390.jpg,1880,1850,-30
21395.jpg,1880,1900,20
21400.jpg,1880,1900,20
21405.jpg,1880,1850,-30
21410.jpg,1880,1900,20
21415.jpg,1880,1900,20
21420.jpg,1880,1900,20
21425.jpg,1880,1900,20
21430.jpg,1880,1850,-30
21435.jpg,1880,1900,20
21440.jpg,1880,1890,10
21445.jpg,1880,1870,-10
21450.jpg,1880,1900,20
21455.jpg,1880,1870,-10
21460.jpg,1880,1900,20
21465.jpg,1880,1850,-30
21470.jpg,1880,1850,-30
21475.jpg,1880,1850,-30
21480.jpg,1880,1900,20
21485.jpg,1880,1900,20
21490.jpg,1880,1900,20
21495.jpg,1880,1850,-30
21500.jpg,1880,1850,-30
21505.jpg,1880,1900,20
21510.jpg,1880,1930,50
21515.jpg,1880,1850,-30
21520.jpg,1880,1900,20
21530.jpg,1880,1900,20
21535.jpg,1880,1900,20
21540.jpg,1880,1850,-30
21545.jpg,1880,1900,20
21550.jpg,1880,1900,20
21555.jpg,1880,1850,-30
21560.jpg,1880,1850,-30
21565.jpg,1880,1900,20
21570.jpg,1880,1850,-30
21575.jpg,1880,1970,90
21580.jpg,1880,1850,-30
21585.jpg,1880,1900,20
21590.jpg,1880,1900,20
21595.jpg,1880,1900,20
21600.jpg,1880,1900,20
21605.jpg,1880,1900,20
21610.jpg,1880,1900,20
21615.jpg,1880,1900,20
21620.jpg,1880,1870,-10
21625.jpg,1880,1870,-10
21630.jpg,1880,1900,20
21635.jpg,1880,1850,-30
21640.jpg,1880,1870,-10
21645.jpg,1880,1900,20
21650.jpg,1880,1930,50
21655.jpg,1880,1900,20
21660.jpg,1880,1900,20
21665.jpg,1880,1800,-80
21670.jpg,1880,1900,20
21675.jpg,1880,1900,20
21680.jpg,1880,1900,20
21685.jpg,1880,1800,-80
21690.jpg,1880,1900,20
21695.jpg,1880,1900,20
21700.jpg,1880,1900,20
21705.jpg,1880,1850,-30
21710.jpg,1881,1900,19
21715.jpg,1881,1930,49
21720.jpg,1881,1970,89
21725.jpg,1881,1850,-31
21730.jpg,1881,1900,19
21735.jpg,1881,2000,119
21740.jpg,1881,1900,19
21745.jpg,1881,1900,19
21750.jpg,1881,1900,19
21755.jpg,1881,1930,49
21760.jpg,1881,1850,-31
21770.jpg,1881,1900,19
21775.jpg,1881,1900,19
21780.jpg,1881,1850,-31
21785.jpg,1881,1850,-31
21790.jpg,1881,1870,-11
21795.jpg,1881,1890,9
21800.jpg,1881,1870,-11
21805.jpg,1881,1880,-1
21810.jpg,1881,1900,19
21815.jpg,1881,1890,9
21820.jpg,1881,1900,19
21825.jpg,1881,1870,-11
21830.jpg,1881,1850,-31
21835.jpg,1881,1870,-11
21840.jpg,1881,1900,19
21845.jpg,1881,1950,69
21850.jpg,1881,1750,-131
21855.jpg,1881,1900,19
21860.jpg,1881,1850,-31
21865.jpg,1881,1900,19
21870.jpg,1881,1900,19
21875.jpg,1881,1890,9
21880.jpg,1881,1850,-31
21885.jpg,1881,1880,-1
21890.jpg,1881,1900,19
21895.jpg,1881,1890,9
21900.jpg,1881,1890,9
21905.jpg,1881,1900,19
21910.jpg,1881,1890,9
21915.jpg,1881,1900,19
21920.jpg,1881,1890,9
21925.jpg,1881,1900,19
21930.jpg,1881,1800,-81
21940.jpg,1881,1850,-31
21945.jpg,1882,1850,-32
21950.jpg,1882,1900,18
21955.jpg,1882,1900,18
21960.jpg,1882,1750,-132
21965.jpg,1882,1930,48
21970.jpg,1882,1900,18
21975.jpg,1882,1870,-12
21980.jpg,1882,1900,18
21985.jpg,1882,1850,-32
21990.jpg,1882,1900,18
21995.jpg,1882,1900,18
22000.jpg,1882,1900,18
22005.jpg,1882,1850,-32
22010.jpg,1882,1850,-32
22015.jpg,1882,1900,18
22020.jpg,1882,1900,18
22025.jpg,1882,1900,18
22030.jpg,1882,1900,18
22035.jpg,1882,1900,18
22040.jpg,1882,1890,8
22045.jpg,1882,1900,18
22050.jpg,1882,1900,18
22055.jpg,1882,1850,-32
22060.jpg,1882,1870,-12
22065.jpg,1882,1850,-32
22070.jpg,1882,1900,18
22075.jpg,1882,1900,18
22080.jpg,1882,1890,8
22085.jpg,1882,1900,18
22090.jpg,1882,1870,-12
22095.jpg,1882,1900,18
22100.jpg,1882,1900,18
22105.jpg,1882,1900,18
22110.jpg,1882,1850,-32
22115.jpg,1882,1870,-12
22120.jpg,1882,1900,18
22125.jpg,1882,1900,18
22130.jpg,1882,1900,18
22135.jpg,1882,1870,-12
22140.jpg,1882,1850,-32
22145.jpg,1882,1970,88
22150.jpg,1882,1900,18
22155.jpg,1882,2001,119
22160.jpg,1882,1900,18
22165.jpg,1882,1930,48
22170.jpg,1882,1850,-32
22175.jpg,1882,1850,-32
22180.jpg,1882,1900,18
22185.jpg,1882,1850,-32
22190.jpg,1882,1970,88
22195.jpg,1882,1900,18
22200.jpg,1882,1900,18
22205.jpg,1882,1900,18
22210.jpg,1882,1870,-12
22215.jpg,1883,1850,-33
22220.jpg,1883,1900,17
22225.jpg,1883,1900,17
22230.jpg,1883,1900,17
22235.jpg,1883,1890,7
22240.jpg,1883,1850,-33
22245.jpg,1883,1890,7
22250.jpg,1883,1900,17
22255.jpg,1883,1850,-33
22260.jpg,1883,1900,17
22265.jpg,1883,1900,17
22270.jpg,1883,1930,47
22275.jpg,1883,1900,17
22280.jpg,1883,1870,-13
22285.jpg,1883,1850,-33
22290.jpg,1883,1850,-33
22295.jpg,1883,1850,-33
22300.jpg,1883,1900,17
22305.jpg,1883,1900,17
22310.jpg,1883,1850,-33
22315.jpg,1883,1900,17
22320.jpg,1883,1900,17
22325.jpg,1883,1900,17
22330.jpg,1883,1890,7
22335.jpg,1883,1900,17
22340.jpg,1883,1900,17
22345.jpg,1883,1870,-13
22350.jpg,1883,1900,17
22355.jpg,1883,1920,37
22360.jpg,1883,1890,7
22365.jpg,1883,1900,17
22370.jpg,1883,1900,17
22375.jpg,1883,1900,17
22380.jpg,1883,1900,17
22385.jpg,1883,1930,47
22390.jpg,1883,1930,47
22395.jpg,1883,1920,37
22400.jpg,1883,1870,-13
22405.jpg,1883,1900,17
22410.jpg,1883,1880,-3
22415.jpg,1883,1850,-33
22420.jpg,1883,1850,-33
22425.jpg,1883,1890,7
22430.jpg,1883,1900,17
22435.jpg,1883,1900,17
22440.jpg,1883,1800,-83
22445.jpg,1883,1900,17
22450.jpg,1883,1850,-33
22455.jpg,1883,1850,-33
22460.jpg,1883,1920,37
22465.jpg,1883,1900,17
22470.jpg,1883,1900,17
22475.jpg,1883,1900,17
22485.jpg,1883,1900,17
22490.jpg,1883,1930,47
22495.jpg,1883,1900,17
22500.jpg,1883,2020,137
22505.jpg,1883,1900,17
22510.jpg,1884,1900,16
22515.jpg,1884,1900,16
22520.jpg,1884,1900,16
22525.jpg,1884,1920,36
22530.jpg,1884,1900,16
22535.jpg,1884,1900,16
22540.jpg,1884,1900,16
22545.jpg,1884,1890,6
22550.jpg,1884,1900,16
22555.jpg,1884,1900,16
22560.jpg,1884,1850,-34
22565.jpg,1884,1850,-34
22570.jpg,1884,1900,16
22575.jpg,1884,1850,-34
22580.jpg,1884,1900,16
22585.jpg,1884,1900,16
22590.jpg,1884,1900,16
22595.jpg,1884,1850,-34
22600.jpg,1884,1900,16
22605.jpg,1884,1900,16
22610.jpg,1884,1900,16
22615.jpg,1884,1900,16
22620.jpg,1884,1870,-14
22625.jpg,1884,1850,-34
22630.jpg,1884,1870,-14
22635.jpg,1884,1900,16
22640.jpg,1884,1850,-34
22645.jpg,1884,1900,16
22650.jpg,1884,1900,16
22655.jpg,1884,1850,-34
22665.jpg,1884,1930,46
22670.jpg,1884,1850,-34
22675.jpg,1884,1890,6
22680.jpg,1884,2000,116
22685.jpg,1884,1900,16
22690.jpg,1884,1890,6
22695.jpg,1884,1900,16
22700.jpg,1884,1900,16
22705.jpg,1884,1900,16
22710.jpg,1884,1900,16
22715.jpg,1884,1900,16
22720.jpg,1884,1900,16
22730.jpg,1884,1900,16
22735.jpg,1884,1870,-14
22740.jpg,1884,2000,116
22745.jpg,1884,1890,6
22750.jpg,1884,1890,6
22755.jpg,1884,1900,16
22760.jpg,1884,1900,16
22765.jpg,1884,1900,16
22770.jpg,1884,1900,16
22775.jpg,1884,1900,16
22780.jpg,1885,1900,15
22785.jpg,1885,1900,15
22790.jpg,1885,1890,5
22795.jpg,1885,1850,-35
22800.jpg,1885,1850,-35
22805.jpg,1885,1900,15
22810.jpg,1885,1900,15
22815.jpg,1885,1900,15
22820.jpg,1885,1900,15
22825.jpg,1885,1930,45
22830.jpg,1885,1850,-35
22835.jpg,1885,1930,45
22840.jpg,1885,1850,-35
22850.jpg,1885,1930,45
22855.jpg,1885,1900,15
22860.jpg,1885,1900,15
22865.jpg,1885,1900,15
22870.jpg,1885,1900,15
22875.jpg,1885,1900,15
22880.jpg,1885,1900,15
22885.jpg,1885,1900,15
22890.jpg,1885,1940,55
22895.jpg,1885,1900,15
22900.jpg,1885,1900,15
22905.jpg,1885,1900,15
22910.jpg,1885,1850,-35
22915.jpg,1885,1900,15
22920.jpg,1885,1883,-2
22925.jpg,1885,1890,5
22930.jpg,1885,1920,35
22935.jpg,1885,1850,-35
22940.jpg,1885,1900,15
22945.jpg,1885,1890,5
22950.jpg,1885,1900,15
22955.jpg,1885,1900,15
22960.jpg,1885,1930,45
22965.jpg,1885,1900,15
22970.jpg,1885,1900,15
22975.jpg,1885,1900,15
22980.jpg,1885,1900,15
22985.jpg,1885,1850,-35
22990.jpg,1885,1900,15
22995.jpg,1885,1900,15
23000.jpg,1885,1850,-35
23005.jpg,1885,1900,15
23015.jpg,1885,1850,-35
23020.jpg,1885,1900,15
23025.jpg,1885,1900,15
23030.jpg,1885,2000,115
23035.jpg,1885,1900,15
23040.jpg,1885,1870,-15
23045.jpg,1885,1850,-35
23050.jpg,1885,1970,85
23055.jpg,1885,1900,15
23060.jpg,1885,1900,15
23065.jpg,1885,1900,15
23070.jpg,1885,1900,15
23075.jpg,1885,1900,15
23080.jpg,1885,1900,15
23085.jpg,1886,1900,14
23090.jpg,1886,1900,14
23095.jpg,1886,1900,14
23100.jpg,1886,1890,4
23105.jpg,1886,1900,14
23110.jpg,1886,1850,-36
23115.jpg,1886,1900,14
23120.jpg,1886,1800,-86
23125.jpg,1886,1900,14
23130.jpg,1886,1930,44
23135.jpg,1886,1970,84
23140.jpg,1886,1970,84
23145.jpg,1886,1900,14
23150.jpg,1886,1890,4
23155.jpg,1886,1900,14
23160.jpg,1886,1850,-36
23165.jpg,1886,1900,14
23170.jpg,1886,1890,4
23175.jpg,1886,1900,14
23180.jpg,1886,1900,14
23185.jpg,1886,1900,14
23190.jpg,1886,1870,-16
23195.jpg,1886,1900,14
23200.jpg,1886,1900,14
23205.jpg,1886,1900,14
23210.jpg,1886,1900,14
23215.jpg,1886,1850,-36
23220.jpg,1886,1890,4
23225.jpg,1886,1900,14
23230.jpg,1886,1900,14
23235.jpg,1886,1900,14
23240.jpg,1886,1900,14
23245.jpg,1886,1900,14
23250.jpg,1886,1930,44
23255.jpg,1886,1850,-36
23260.jpg,1886,1900,14
23265.jpg,1886,1900,14
23275.jpg,1886,1870,-16
23280.jpg,1886,1900,14
23285.jpg,1886,1900,14
23290.jpg,1886,2000,114
23295.jpg,1886,1900,14
23300.jpg,1886,1900,14
23305.jpg,1886,1850,-36
23310.jpg,1886,1900,14
23315.jpg,1886,1900,14
23320.jpg,1886,1900,14
23325.jpg,1886,1900,14
23330.jpg,1886,1900,14
23335.jpg,1886,1900,14
23340.jpg,1886,1930,44
23345.jpg,1886,1900,14
23350.jpg,1886,1900,14
23355.jpg,1886,1900,14
23365.jpg,1886,1850,-36
23370.jpg,1886,1890,4
23375.jpg,1887,1940,53
23380.jpg,1887,1930,43
23385.jpg,1887,1900,13
23390.jpg,1887,1920,33
23395.jpg,1887,1900,13
23400.jpg,1887,1900,13
23410.jpg,1887,1900,13
23415.jpg,1887,1900,13
23420.jpg,1887,1900,13
23425.jpg,1887,1900,13
23430.jpg,1887,1900,13
23440.jpg,1887,1900,13
23445.jpg,1887,1900,13
23450.jpg,1887,1700,-187
23460.jpg,1887,1850,-37
23465.jpg,1887,1900,13
23470.jpg,1887,1900,13
23475.jpg,1887,1900,13
23480.jpg,1887,1900,13
23485.jpg,1887,1870,-17
23490.jpg,1887,1850,-37
23495.jpg,1887,1850,-37
23500.jpg,1887,1900,13
23505.jpg,1887,1900,13
23510.jpg,1887,1850,-37
23515.jpg,1887,1900,13
23520.jpg,1887,1900,13
23525.jpg,1887,1750,-137
23535.jpg,1887,1900,13
23540.jpg,1887,1870,-17
23545.jpg,1887,1900,13
23550.jpg,1887,1900,13
23555.jpg,1887,1900,13
23560.jpg,1887,1900,13
23565.jpg,1887,1900,13
23570.jpg,1887,1900,13
23575.jpg,1887,1900,13
23580.jpg,1887,1880,-7
23585.jpg,1887,1900,13
23590.jpg,1887,2010,123
23595.jpg,1887,1900,13
23600.jpg,1887,1900,13
23605.jpg,1887,1900,13
23610.jpg,1887,1900,13
23615.jpg,1887,1900,13
23620.jpg,1887,1900,13
23625.jpg,1887,1900,13
23630.jpg,1887,1900,13
23635.jpg,1887,1900,13
23640.jpg,1887,1940,53
23645.jpg,1887,1900,13
23650.jpg,1887,1900,13
23660.jpg,1887,1900,13
23665.jpg,1887,1900,13
23670.jpg,1887,1900,13
23675.jpg,1887,1900,13
23680.jpg,1887,1930,43
23690.jpg,1887,1900,13
23695.jpg,1887,1900,13
23700.jpg,1888,1850,-38
23705.jpg,1888,1920,32
23710.jpg,1888,1920,32
23715.jpg,1888,1900,12
23720.jpg,1888,1950,62
23725.jpg,1888,1890,2
23730.jpg,1888,1870,-18
23735.jpg,1888,1900,12
23740.jpg,1888,1900,12
23745.jpg,1888,1890,2
23750.jpg,1888,2000,112
23755.jpg,1888,1900,12
23760.jpg,1888,1870,-18
23765.jpg,1888,1850,-38
23770.jpg,1888,1970,82
23775.jpg,1888,1900,12
23790.jpg,1888,1890,2
23795.jpg,1888,1900,12
23800.jpg,1888,1900,12
23805.jpg,1888,1900,12
23810.jpg,1888,1850,-38
23815.jpg,1888,1870,-18
23820.jpg,1888,1900,12
23825.jpg,1888,1930,42
23830.jpg,1888,1900,12
23835.jpg,1888,1900,12
23840.jpg,1888,1900,12
23850.jpg,1888,1900,12
23855.jpg,1888,1900,12
23860.jpg,1888,1900,12
23865.jpg,1888,1850,-38
23870.jpg,1888,1850,-38
23875.jpg,1888,1900,12
23880.jpg,1888,1900,12
23885.jpg,1888,1900,12
23890.jpg,1888,1900,12
23895.jpg,1888,1900,12
23900.jpg,1888,1900,12
23905.jpg,1888,1850,-38
23910.jpg,1888,1900,12
23915.jpg,1888,2010,122
23920.jpg,1888,1900,12
23925.jpg,1888,1900,12
23930.jpg,1888,1920,32
23935.jpg,1888,1800,-88
23940.jpg,1888,1900,12
23945.jpg,1888,1890,2
23950.jpg,1888,1900,12
23955.jpg,1888,1900,12
23960.jpg,1888,1900,12
23965.jpg,1888,1920,32
23970.jpg,1888,1800,-88
23975.jpg,1888,1900,12
23980.jpg,1888,1900,12
23985.jpg,1888,1920,32
23990.jpg,1888,1888,0
23995.jpg,1888,1900,12
24000.jpg,1888,1900,12
24005.jpg,1888,1900,12
24010.jpg,1888,1850,-38
24015.jpg,1888,1930,42
24020.jpg,1888,1900,12
24025.jpg,1888,1900,12
24030.jpg,1888,1900,12
24035.jpg,1888,1900,12
24040.jpg,1888,1970,82
24050.jpg,1889,1900,11
24055.jpg,1889,1850,-39
24060.jpg,1889,1900,11
24065.jpg,1889,1900,11
24070.jpg,1889,1900,11
24075.jpg,1889,1900,11
24080.jpg,1889,1900,11
24085.jpg,1889,1900,11
24090.jpg,1889,1900,11
24095.jpg,1889,1890,1
24105.jpg,1889,1900,11
24110.jpg,1889,1890,1
24115.jpg,1889,1930,41
24120.jpg,1889,1850,-39
24125.jpg,1889,1900,11
24130.jpg,1889,1900,11
24135.jpg,1889,1850,-39
24140.jpg,1889,1900,11
24145.jpg,1889,1850,-39
24150.jpg,1889,1900,11
24155.jpg,1889,1900,11
24160.jpg,1889,1900,11
24165.jpg,1889,1900,11
24170.jpg,1889,1870,-19
24175.jpg,1889,1920,31
24180.jpg,1889,1900,11
24185.jpg,1889,1900,11
24190.jpg,1889,1900,11
24195.jpg,1889,1890,1
24200.jpg,1889,1900,11
24205.jpg,1889,1900,11
24210.jpg,1889,1890,1
24215.jpg,1889,1900,11
24220.jpg,1889,1890,1
24225.jpg,1889,1850,-39
24230.jpg,1889,1890,1
24235.jpg,1889,1900,11
24240.jpg,1889,1890,1
24245.jpg,1889,1900,11
24250.jpg,1889,1890,1
24255.jpg,1889,1900,11
24260.jpg,1889,1920,31
24265.jpg,1889,1900,11
24270.jpg,1889,1890,1
24275.jpg,1889,1890,1
24280.jpg,1889,1900,11
24285.jpg,1889,1900,11
24290.jpg,1889,1880,-9
24295.jpg,1889,1900,11
24300.jpg,1889,1900,11
24310.jpg,1889,1900,11
24315.jpg,1889,1870,-19
24320.jpg,1889,1750,-139
24330.jpg,1889,1850,-39
24335.jpg,1889,1900,11
24340.jpg,1889,1930,41
24345.jpg,1889,1900,11
24350.jpg,1889,1900,11
24355.jpg,1889,1890,1
24360.jpg,1889,1930,41
24365.jpg,1889,1900,11
24370.jpg,1889,1900,11
24375.jpg,1889,1900,11
24380.jpg,1889,1900,11
24385.jpg,1889,1890,1
24390.jpg,1889,1900,11
24395.jpg,1890,1800,-90
24400.jpg,1890,1900,10
24405.jpg,1890,1900,10
24410.jpg,1890,1900,10
24415.jpg,1890,1900,10
24420.jpg,1890,1850,-40
24425.jpg,1890,1920,30
24430.jpg,1890,1900,10
24435.jpg,1890,1890,0
24440.jpg,1890,1920,30
24445.jpg,1890,1940,50
24450.jpg,1890,1890,0
24455.jpg,1890,1890,0
24460.jpg,1890,1900,10
24465.jpg,1890,1900,10
24470.jpg,1890,1900,10
24475.jpg,1890,1900,10
24480.jpg,1890,1900,10
24485.jpg,1890,1900,10
24490.jpg,1890,1870,-20
24495.jpg,1890,1850,-40
24500.jpg,1890,1900,10
24505.jpg,1890,1890,0
24510.jpg,1890,1900,10
24515.jpg,1890,1850,-40
24520.jpg,1890,1850,-40
24525.jpg,1890,1900,10
24535.jpg,1890,1900,10
24540.jpg,1890,1900,10
24545.jpg,1890,1900,10
24550.jpg,1890,1890,0
24555.jpg,1890,1900,10
24560.jpg,1890,1900,10
24565.jpg,1890,1900,10
24570.jpg,1890,1900,10
24575.jpg,1890,1900,10
24580.jpg,1890,1920,30
24585.jpg,1890,1900,10
24590.jpg,1890,1900,10
24595.jpg,1890,1890,0
24600.jpg,1890,1900,10
24605.jpg,1890,1900,10
24610.jpg,1890,1900,10
24615.jpg,1890,1900,10
24620.jpg,1890,2000,110
24625.jpg,1890,1900,10
24630.jpg,1890,1900,10
24635.jpg,1890,1900,10
24640.jpg,1890,1900,10
24645.jpg,1890,1900,10
24650.jpg,1890,1880,-10
24655.jpg,1890,1900,10
24660.jpg,1890,1890,0
24665.jpg,1890,1900,10
24670.jpg,1890,1900,10
24675.jpg,1890,1890,0
24680.jpg,1890,1900,10
24685.jpg,1890,1900,10
24690.jpg,1890,1900,10
24695.jpg,1890,1900,10
24700.jpg,1890,1890,0
24705.jpg,1890,1970,80
24710.jpg,1890,1930,40
24715.jpg,1890,1900,10
24720.jpg,1890,1890,0
24725.jpg,1890,1850,-40
24730.jpg,1890,1930,40
24735.jpg,1890,1920,30
24740.jpg,1890,1920,30
24745.jpg,1890,1900,10
24750.jpg,1890,1970,80
24755.jpg,1890,1900,10
24760.jpg,1890,1900,10
24765.jpg,1890,1900,10
24770.jpg,1890,1900,10
24775.jpg,1891,1850,-41
24780.jpg,1891,1900,9
24785.jpg,1891,1890,-1
24790.jpg,1891,1900,9
24795.jpg,1891,1900,9
24800.jpg,1891,1920,29
24805.jpg,1891,1900,9
24810.jpg,1891,1900,9
24815.jpg,1891,1800,-91
24820.jpg,1891,1900,9
24825.jpg,1891,1900,9
24830.jpg,1891,1900,9
24835.jpg,1891,1900,9
24840.jpg,1891,1900,9
24845.jpg,1891,1900,9
24850.jpg,1891,1970,79
24855.jpg,1891,2010,119
24860.jpg,1891,1900,9
24865.jpg,1891,1900,9
24870.jpg,1891,1900,9
24875.jpg,1891,1900,9
24880.jpg,1891,1920,29
24885.jpg,1891,1900,9
24890.jpg,1891,1890,-1
24895.jpg,1891,1890,-1
24900.jpg,1891,1900,9
24905.jpg,1891,1900,9
24910.jpg,1891,1900,9
24915.jpg,1891,1890,-1
24920.jpg,1891,1900,9
24925.jpg,1891,1900,9
24930.jpg,1891,1800,-91
24935.jpg,1891,1900,9
24940.jpg,1891,1890,-1
24945.jpg,1891,1850,-41
24950.jpg,1891,1900,9
24955.jpg,1891,1900,9
24960.jpg,1891,1870,-21
24965.jpg,1891,1900,9
24970.jpg,1891,1900,9
24975.jpg,1891,1900,9
24980.jpg,1891,1900,9
24985.jpg,1891,1900,9
24990.jpg,1891,1870,-21
24995.jpg,1891,1890,-1
25000.jpg,1891,1890,-1
25005.jpg,1891,1900,9
25010.jpg,1891,1850,-41
25015.jpg,1891,1900,9
25020.jpg,1891,1900,9
25025.jpg,1891,1900,9
25030.jpg,1891,1920,29
25035.jpg,1891,1200,-691
25040.jpg,1891,1900,9
25045.jpg,1891,1900,9
25050.jpg,1891,1900,9
25055.jpg,1891,1900,9
25060.jpg,1891,1900,9
25065.jpg,1891,1850,-41
25070.jpg,1891,1900,9
25075.jpg,1891,1900,9
25080.jpg,1891,1900,9
25085.jpg,1891,1900,9
25090.jpg,1891,1870,-21
25095.jpg,1892,1900,8
25100.jpg,1892,2000,108
25105.jpg,1892,2000,108
25115.jpg,1892,1900,8
25120.jpg,1892,1900,8
25125.jpg,1892,1900,8
25130.jpg,1892,1900,8
25135.jpg,1892,2010,118
25140.jpg,1892,1890,-2
25145.jpg,1892,1900,8
25150.jpg,1892,1920,28
25155.jpg,1892,1900,8
25160.jpg,1892,2010,118
25165.jpg,1892,1900,8
25170.jpg,1892,1900,8
25175.jpg,1892,1920,28
25180.jpg,1892,1970,78
25185.jpg,1892,1850,-42
25190.jpg,1892,1900,8
25195.jpg,1892,1900,8
25205.jpg,1892,1900,8
25210.jpg,1892,1900,8
25215.jpg,1892,1900,8
25220.jpg,1892,1900,8
25225.jpg,1892,1850,-42
25230.jpg,1892,1900,8
25235.jpg,1892,1900,8
25240.jpg,1892,1890,-2
25245.jpg,1892,1900,8
25250.jpg,1892,1900,8
25255.jpg,1892,1900,8
25260.jpg,1892,1900,8
25265.jpg,1892,1890,-2
25270.jpg,1892,1870,-22
25275.jpg,1892,1900,8
25280.jpg,1892,1900,8
25285.jpg,1892,1900,8
25290.jpg,1892,1880,-12
25295.jpg,1892,1900,8
25300.jpg,1892,1900,8
25305.jpg,1892,1900,8
25310.jpg,1892,1900,8
25315.jpg,1892,1900,8
25320.jpg,1892,1900,8
25325.jpg,1892,1900,8
25330.jpg,1892,1920,28
25335.jpg,1892,1900,8
25340.jpg,1892,1900,8
25345.jpg,1892,1920,28
25350.jpg,1892,1900,8
25355.jpg,1892,1900,8
25360.jpg,1892,1900,8
25365.jpg,1892,1890,-2
25370.jpg,1892,1920,28
25375.jpg,1892,1890,-2
25380.jpg,1892,1900,8
25385.jpg,1892,1900,8
25390.jpg,1892,1850,-42
25395.jpg,1892,1900,8
25400.jpg,1892,2010,118
25405.jpg,1892,1900,8
25410.jpg,1892,1900,8
25415.jpg,1892,1900,8
25420.jpg,1892,1900,8
25425.jpg,1892,1900,8
25430.jpg,1892,1900,8
25435.jpg,1892,1900,8
25440.jpg,1892,1900,8
25445.jpg,1892,1850,-42
25450.jpg,1892,1900,8
25455.jpg,1892,1900,8
25460.jpg,1892,1850,-42
25465.jpg,1893,1850,-43
25470.jpg,1893,1920,27
25475.jpg,1893,1900,7
25480.jpg,1893,1900,7
25490.jpg,1893,1930,37
25495.jpg,1893,1900,7
25500.jpg,1893,1900,7
25505.jpg,1893,1900,7
25510.jpg,1893,1930,37
25515.jpg,1893,1900,7
25520.jpg,1893,1900,7
25525.jpg,1893,1900,7
25530.jpg,1893,1920,27
25535.jpg,1893,1930,37
25540.jpg,1893,1900,7
25545.jpg,1893,1900,7
25555.jpg,1893,1850,-43
25560.jpg,1893,1850,-43
25565.jpg,1893,1850,-43
25570.jpg,1893,1900,7
25575.jpg,1893,1870,-23
25580.jpg,1893,1930,37
25585.jpg,1893,1900,7
25590.jpg,1893,1900,7
25595.jpg,1893,1900,7
25600.jpg,1893,1900,7
25605.jpg,1893,1900,7
25610.jpg,1893,1900,7
25615.jpg,1893,1900,7
25620.jpg,1893,1850,-43
25625.jpg,1893,1900,7
25630.jpg,1893,1900,7
25635.jpg,1893,1900,7
25640.jpg,1893,1920,27
25645.jpg,1893,1900,7
25650.jpg,1893,1900,7
25655.jpg,1893,1900,7
25660.jpg,1893,1890,-3
25665.jpg,1893,1900,7
25670.jpg,1893,1900,7
25675.jpg,1893,1890,-3
25680.jpg,1893,1900,7
25685.jpg,1893,1900,7
25690.jpg,1893,1900,7
25695.jpg,1893,1900,7
25700.jpg,1893,1920,27
25705.jpg,1893,1920,27
25710.jpg,1893,1900,7
25715.jpg,1893,1890,-3
25720.jpg,1893,1900,7
25725.jpg,1893,1900,7
25730.jpg,1893,1900,7
25740.jpg,1893,1900,7
25745.jpg,1893,1900,7
25750.jpg,1893,1900,7
25755.jpg,1893,1900,7
25760.jpg,1893,1900,7
25765.jpg,1893,1900,7
25770.jpg,1893,1900,7
25775.jpg,1893,1900,7
25780.jpg,1893,1900,7
25785.jpg,1893,1920,27
25795.jpg,1893,1890,-3
25800.jpg,1893,1920,27
25805.jpg,1894,1900,6
25810.jpg,1894,1850,-44
25815.jpg,1894,1900,6
25820.jpg,1894,1900,6
25825.jpg,1894,1900,6
25830.jpg,1894,1900,6
25835.jpg,1894,1900,6
25840.jpg,1894,1891,-3
25845.jpg,1894,1900,6
25850.jpg,1894,1900,6
25855.jpg,1894,1900,6
25860.jpg,1894,1900,6
25865.jpg,1894,1900,6
25870.jpg,1894,1850,-44
25875.jpg,1894,1850,-44
25880.jpg,1894,1910,16
25885.jpg,1894,1850,-44
25890.jpg,1894,1850,-44
25895.jpg,1894,1900,6
25900.jpg,1894,1850,-44
25905.jpg,1894,1900,6
25910.jpg,1894,1900,6
25915.jpg,1894,1920,26
25920.jpg,1894,1890,-4
25925.jpg,1894,1900,6
25930.jpg,1894,1900,6
25935.jpg,1894,1900,6
25940.jpg,1894,1890,-4
25945.jpg,1894,1900,6
25950.jpg,1894,1900,6
25955.jpg,1894,1900,6
25960.jpg,1894,1900,6
25965.jpg,1894,1890,-4
25970.jpg,1894,1970,76
25975.jpg,1894,1890,-4
25980.jpg,1894,1900,6
25985.jpg,1894,1930,36
25990.jpg,1894,1970,76
25995.jpg,1894,1900,6
26000.jpg,1894,1900,6
26005.jpg,1894,1900,6
26010.jpg,1894,1890,-4
26015.jpg,1894,1900,6
26020.jpg,1894,1970,76
26025.jpg,1894,1900,6
26030.jpg,1894,1900,6
26035.jpg,1894,1900,6
26040.jpg,1894,1930,36
26045.jpg,1894,1900,6
26050.jpg,1894,1900,6
26055.jpg,1894,1900,6
26060.jpg,1894,1920,26
26065.jpg,1894,1890,-4
26070.jpg,1894,1900,6
26075.jpg,1894,1900,6
26085.jpg,1894,1900,6
26090.jpg,1894,1900,6
26095.jpg,1894,1900,6
26100.jpg,1894,1920,26
26105.jpg,1894,1850,-44
26110.jpg,1894,1900,6
26115.jpg,1894,1900,6
26120.jpg,1894,1900,6
26125.jpg,1895,1900,5
26130.jpg,1895,2010,115
26135.jpg,1895,1890,-5
26140.jpg,1895,1920,25
26145.jpg,1895,1930,35
26150.jpg,1895,1900,5
26155.jpg,1895,1850,-45
26160.jpg,1895,1900,5
26165.jpg,1895,1900,5
26170.jpg,1895,1890,-5
26175.jpg,1895,1920,25
26180.jpg,1895,2010,115
26185.jpg,1895,1900,5
26190.jpg,1895,1900,5
26195.jpg,1895,1850,-45
26200.jpg,1895,1900,5
26205.jpg,1895,1850,-45
26210.jpg,1895,1900,5
26215.jpg,1895,1900,5
26220.jpg,1895,1900,5
26225.jpg,1895,1900,5
26230.jpg,1895,1890,-5
26235.jpg,1895,1900,5
26240.jpg,1895,1930,35
26245.jpg,1895,1750,-145
26250.jpg,1895,1900,5
26255.jpg,1895,1920,25
26260.jpg,1895,1890,-5
26265.jpg,1895,1900,5
26270.jpg,1895,1900,5
26275.jpg,1895,1880,-15
26280.jpg,1895,1900,5
26285.jpg,1895,1900,5
26290.jpg,1895,1900,5
26295.jpg,1895,1900,5
26300.jpg,1895,1900,5
26305.jpg,1895,1900,5
26310.jpg,1895,1900,5
26315.jpg,1895,1900,5
26320.jpg,1895,1900,5
26325.jpg,1895,1900,5
26330.jpg,1895,1900,5
26335.jpg,1895,1900,5
26340.jpg,1895,1900,5
26345.jpg,1895,1850,-45
26350.jpg,1895,1900,5
26355.jpg,1895,1900,5
26360.jpg,1895,1900,5
26365.jpg,1895,1900,5
26370.jpg,1895,1900,5
26375.jpg,1895,1890,-5
26380.jpg,1895,1900,5
26385.jpg,1895,1850,-45
26390.jpg,1895,1930,35
26395.jpg,1895,1900,5
26405.jpg,1895,1900,5
26410.jpg,1895,1900,5
26415.jpg,1895,1900,5
26420.jpg,1895,1920,25
26425.jpg,1895,1900,5
26430.jpg,1895,1930,35
26435.jpg,1895,1900,5
26440.jpg,1895,1900,5
26445.jpg,1895,1900,5
26450.jpg,1895,1920,25
26455.jpg,1895,1900,5
26460.jpg,1895,1850,-45
26465.jpg,1895,1900,5
26470.jpg,1895,1900,5
26475.jpg,1895,1900,5
26480.jpg,1895,1900,5
26485.jpg,1895,1900,5
26490.jpg,1896,1900,4
26495.jpg,1896,1920,24
26500.jpg,1896,1900,4
26505.jpg,1896,1900,4
26510.jpg,1896,1970,74
26515.jpg,1896,1920,24
26520.jpg,1896,1900,4
26525.jpg,1896,1910,14
26530.jpg,1896,1940,44
26535.jpg,1896,1930,34
26540.jpg,1896,1900,4
26545.jpg,1896,1850,-46
26550.jpg,1896,1970,74
26555.jpg,1896,1900,4
26560.jpg,1896,1900,4
26565.jpg,1896,1900,4
26570.jpg,1896,1900,4
26575.jpg,1896,1900,4
26580.jpg,1896,1890,-6
26585.jpg,1896,1900,4
26590.jpg,1896,1890,-6
26595.jpg,1896,1900,4
26600.jpg,1896,1900,4
26605.jpg,1896,1890,-6
26610.jpg,1896,1900,4
26620.jpg,1896,1900,4
26625.jpg,1896,1900,4
26630.jpg,1896,1900,4
26635.jpg,1896,1900,4
26640.jpg,1896,1870,-26
26645.jpg,1896,1900,4
26650.jpg,1896,1920,24
26655.jpg,1896,1900,4
26665.jpg,1896,1890,-6
26670.jpg,1896,1900,4
26675.jpg,1896,1850,-46
26680.jpg,1896,1900,4
26685.jpg,1896,1900,4
26690.jpg,1896,1900,4
26695.jpg,1896,1900,4
26700.jpg,1896,1890,-6
26705.jpg,1896,1900,4
26710.jpg,1896,1900,4
26715.jpg,1896,1900,4
26720.jpg,1896,1900,4
26725.jpg,1896,1900,4
26730.jpg,1896,1900,4
26735.jpg,1896,1900,4
26740.jpg,1896,1900,4
26745.jpg,1896,1850,-46
26750.jpg,1896,1890,-6
26760.jpg,1896,1930,34
26765.jpg,1896,1900,4
26770.jpg,1896,1900,4
26775.jpg,1896,1920,24
26780.jpg,1896,1900,4
26785.jpg,1896,1900,4
26790.jpg,1896,1900,4
26795.jpg,1896,1900,4
26800.jpg,1896,2010,114
26805.jpg,1896,1890,-6
26810.jpg,1896,1900,4
26815.jpg,1896,1900,4
26820.jpg,1896,1890,-6
26825.jpg,1896,1870,-26
26830.jpg,1896,1890,-6
26835.jpg,1896,1900,4
26840.jpg,1896,2010,114
26845.jpg,1897,1930,33
26850.jpg,1897,1850,-47
26855.jpg,1897,1900,3
26860.jpg,1897,1900,3
26865.jpg,1897,1900,3
26870.jpg,1897,1900,3
26875.jpg,1897,1900,3
26880.jpg,1897,1920,23
26885.jpg,1897,1900,3
26890.jpg,1897,1900,3
26895.jpg,1897,1920,23
26900.jpg,1897,1900,3
26910.jpg,1897,1850,-47
26915.jpg,1897,1920,23
26920.jpg,1897,1900,3
26925.jpg,1897,1900,3
26930.jpg,1897,1850,-47
26935.jpg,1897,1900,3
26940.jpg,1897,1900,3
26945.jpg,1897,1900,3
26950.jpg,1897,1900,3
26955.jpg,1897,1750,-147
26960.jpg,1897,1880,-17
26965.jpg,1897,1900,3
26970.jpg,1897,1850,-47
26975.jpg,1897,1920,23
26980.jpg,1897,1900,3
26985.jpg,1897,1900,3
26990.jpg,1897,1900,3
26995.jpg,1897,1900,3
27000.jpg,1897,1900,3
27005.jpg,1897,1880,-17
27010.jpg,1897,1900,3
27015.jpg,1897,1900,3
27020.jpg,1897,1900,3
27025.jpg,1897,1900,3
27030.jpg,1897,1900,3
27035.jpg,1897,1930,33
27040.jpg,1897,1900,3
27045.jpg,1897,1900,3
27050.jpg,1897,1900,3
27055.jpg,1897,1890,-7
27060.jpg,1897,1900,3
27065.jpg,1897,1900,3
27070.jpg,1897,1920,23
27075.jpg,1897,1900,3
27080.jpg,1897,1900,3
27085.jpg,1897,1900,3
27090.jpg,1897,1900,3
27095.jpg,1897,1900,3
27100.jpg,1897,1900,3
27105.jpg,1897,1900,3
27110.jpg,1897,1890,-7
27115.jpg,1897,1850,-47
27120.jpg,1897,1900,3
27125.jpg,1897,1900,3
27130.jpg,1897,2000,103
27135.jpg,1897,1900,3
27140.jpg,1897,2000,103
27145.jpg,1897,1900,3
27150.jpg,1897,1920,23
27155.jpg,1898,1910,12
27160.jpg,1898,1930,32
27165.jpg,1898,1900,2
27170.jpg,1898,1900,2
27175.jpg,1898,1900,2
27180.jpg,1898,1890,-8
27185.jpg,1898,1900,2
27190.jpg,1898,1900,2
27195.jpg,1898,1900,2
27200.jpg,1898,2010,112
27205.jpg,1898,1900,2
27210.jpg,1898,1900,2
27215.jpg,1898,1920,22
27220.jpg,1898,1900,2
27225.jpg,1898,1900,2
27230.jpg,1898,1900,2
27235.jpg,1898,1900,2
27240.jpg,1898,1850,-48
27245.jpg,1898,1900,2
27255.jpg,1898,1850,-48
27260.jpg,1898,1900,2
27265.jpg,1898,1900,2
27270.jpg,1898,1900,2
27275.jpg,1898,1890,-8
27280.jpg,1898,1800,-98
27285.jpg,1898,1890,-8
27290.jpg,1898,1930,32
27295.jpg,1898,1900,2
27300.jpg,1898,1850,-48
27305.jpg,1898,1940,42
27310.jpg,1898,1920,22
27315.jpg,1898,1900,2
27320.jpg,1898,1900,2
27325.jpg,1898,1900,2
27330.jpg,1898,1900,2
27335.jpg,1898,1900,2
27340.jpg,1898,1900,2
27345.jpg,1898,1850,-48
27350.jpg,1898,1850,-48
27355.jpg,1898,1900,2
27360.jpg,1898,2000,102
27365.jpg,1898,1900,2
27370.jpg,1898,1900,2
27380.jpg,1898,1900,2
27385.jpg,1898,1900,2
27390.jpg,1898,1930,32
27395.jpg,1898,1900,2
27400.jpg,1898,1900,2
27405.jpg,1898,1900,2
27410.jpg,1898,1900,2
27415.jpg,1898,1930,32
27420.jpg,1898,1900,2
27425.jpg,1898,1900,2
27430.jpg,1898,1900,2
27435.jpg,1898,1900,2
27440.jpg,1898,1920,22
27445.jpg,1898,1920,22
27450.jpg,1898,1920,22
27455.jpg,1898,1970,72
27465.jpg,1898,1900,2
27470.jpg,1898,1900,2
27475.jpg,1898,1920,22
27480.jpg,1898,1900,2
27485.jpg,1898,1900,2
27490.jpg,1898,1900,2
27495.jpg,1898,1900,2
27500.jpg,1898,1930,32
27505.jpg,1898,1900,2
27510.jpg,1898,1900,2
27515.jpg,1898,1900,2
27520.jpg,1898,1920,22
27525.jpg,1898,1930,32
27530.jpg,1898,1900,2
27540.jpg,1899,1900,1
27545.jpg,1899,1970,71
27550.jpg,1899,1970,71
27555.jpg,1899,1890,-9
27560.jpg,1899,1900,1
27565.jpg,1899,1900,1
27570.jpg,1899,1800,-99
27575.jpg,1899,1900,1
27580.jpg,1899,1900,1
27585.jpg,1899,1900,1
27590.jpg,1899,1850,-49
27595.jpg,1899,1850,-49
27600.jpg,1899,1900,1
27605.jpg,1899,1900,1
27610.jpg,1899,1970,71
27615.jpg,1899,1900,1
27620.jpg,1899,1700,-199
27625.jpg,1899,1900,1
27630.jpg,1899,1930,31
27635.jpg,1899,1900,1
27640.jpg,1899,1900,1
27645.jpg,1899,1900,1
27650.jpg,1899,1900,1
27655.jpg,1899,1900,1
27660.jpg,1899,1900,1
27665.jpg,1899,1890,-9
27670.jpg,1899,1900,1
27675.jpg,1899,1900,1
27680.jpg,1899,1900,1
27685.jpg,1899,1900,1
27690.jpg,1899,1900,1
27695.jpg,1899,1900,1
27700.jpg,1899,1900,1
27705.jpg,1899,1920,21
27715.jpg,1899,1900,1
27720.jpg,1899,1900,1
27725.jpg,1899,1900,1
27730.jpg,1899,1970,71
27735.jpg,1899,1900,1
27740.jpg,1899,1899,0
27745.jpg,1899,1900,1
27750.jpg,1899,1900,1
27755.jpg,1899,1900,1
27760.jpg,1899,1900,1
27765.jpg,1899,1900,1
27770.jpg,1899,1850,-49
27775.jpg,1899,1900,1
27780.jpg,1899,1900,1
27785.jpg,1899,1900,1
27790.jpg,1899,1900,1
27795.jpg,1899,1920,21
27800.jpg,1899,1900,1
27805.jpg,1899,1900,1
27810.jpg,1900,1850,-50
27815.jpg,1900,1890,-10
27820.jpg,1900,1920,20
27825.jpg,1900,1910,10
27830.jpg,1900,1900,0
27835.jpg,1900,2020,120
27840.jpg,1900,1920,20
27845.jpg,1900,1900,0
27850.jpg,1900,1900,0
27855.jpg,1900,1900,0
27860.jpg,1900,1920,20
27865.jpg,1900,1880,-20
27870.jpg,1900,1900,0
27875.jpg,1900,1920,20
27880.jpg,1900,1920,20
27885.jpg,1900,1900,0
27895.jpg,1900,1900,0
27900.jpg,1900,1900,0
27905.jpg,1900,1850,-50
27910.jpg,1900,1850,-50
27915.jpg,1900,1900,0
27920.jpg,1900,1970,70
27925.jpg,1900,1970,70
27930.jpg,1900,1930,30
27935.jpg,1900,1900,0
27940.jpg,1900,1850,-50
27945.jpg,1900,1900,0
27950.jpg,1900,1850,-50
27955.jpg,1900,1900,0
27960.jpg,1900,1870,-30
27965.jpg,1900,1970,70
27970.jpg,1900,1900,0
27975.jpg,1900,1900,0
27980.jpg,1900,1890,-10
27985.jpg,1900,1920,20
27990.jpg,1900,1850,-50
27995.jpg,1900,1900,0
28000.jpg,1900,1900,0
28005.jpg,1900,1900,0
28010.jpg,1900,1900,0
28015.jpg,1900,1850,-50
28020.jpg,1900,1900,0
28025.jpg,1900,1900,0
28030.jpg,1900,1900,0
28035.jpg,1900,1900,0
28040.jpg,1900,1900,0
28045.jpg,1900,1900,0
28050.jpg,1900,1900,0
28055.jpg,1900,1850,-50
28060.jpg,1900,1900,0
28065.jpg,1900,1900,0
28070.jpg,1900,1870,-30
28075.jpg,1900,1900,0
28080.jpg,1900,1900,0
28085.jpg,1900,1850,-50
28090.jpg,1900,1920,20
28095.jpg,1900,1750,-150
28100.jpg,1900,1920,20
28105.jpg,1900,1900,0
28110.jpg,1900,1900,0
28115.jpg,1900,1900,0
28120.jpg,1900,1900,0
28125.jpg,1900,1890,-10
28130.jpg,1900,1850,-50
28135.jpg,1900,1900,0
28140.jpg,1900,1890,-10
28145.jpg,1900,1850,-50
28150.jpg,1900,1970,70
28155.jpg,1900,2020,120
28160.jpg,1900,1940,40
28165.jpg,1900,1930,30
28170.jpg,1900,1900,0
28175.jpg,1900,1850,-50
28180.jpg,1901,1850,-51
28185.jpg,1901,1920,19
28190.jpg,1901,1930,29
28195.jpg,1901,1900,-1
28200.jpg,1901,1930,29
28205.jpg,1901,1850,-51
28210.jpg,1901,1890,-11
28215.jpg,1901,1900,-1
28220.jpg,1901,1900,-1
28225.jpg,1901,1890,-11
28230.jpg,1901,1930,29
28235.jpg,1901,1900,-1
28240.jpg,1901,1900,-1
28245.jpg,1901,1920,19
28250.jpg,1901,1890,-11
28255.jpg,1901,1890,-11
28260.jpg,1901,1900,-1
28265.jpg,1901,1900,-1
28270.jpg,1901,1900,-1
28275.jpg,1901,1900,-1
28280.jpg,1901,1900,-1
28285.jpg,1901,1950,49
28290.jpg,1901,1850,-51
28295.jpg,1901,1900,-1
28300.jpg,1901,1850,-51
28305.jpg,1901,1900,-1
28310.jpg,1901,1900,-1
28315.jpg,1901,1930,29
28320.jpg,1901,1900,-1
28325.jpg,1901,1900,-1
28330.jpg,1901,1900,-1
28335.jpg,1901,1920,19
28340.jpg,1901,1900,-1
28345.jpg,1901,1900,-1
28350.jpg,1901,1970,69
28355.jpg,1901,1900,-1
28360.jpg,1901,1900,-1
28365.jpg,1901,1900,-1
28370.jpg,1901,1800,-101
28375.jpg,1901,1900,-1
28380.jpg,1901,1900,-1
28385.jpg,1901,1920,19
28390.jpg,1901,1900,-1
28395.jpg,1901,1900,-1
28400.jpg,1901,1850,-51
28405.jpg,1901,1920,19
28410.jpg,1901,1930,29
28415.jpg,1901,1900,-1
28420.jpg,1901,1900,-1
28425.jpg,1901,1930,29
28430.jpg,1901,1900,-1
28435.jpg,1901,1900,-1
28440.jpg,1901,1900,-1
28445.jpg,1901,1930,29
28450.jpg,1901,1900,-1
28455.jpg,1901,1900,-1
28460.jpg,1901,1930,29
28465.jpg,1901,1900,-1
28470.jpg,1901,1900,-1
28475.jpg,1901,1920,19
28480.jpg,1901,1930,29
28485.jpg,1901,1900,-1
28490.jpg,1901,1900,-1
28495.jpg,1901,1920,19
28500.jpg,1901,1900,-1
28505.jpg,1901,1930,29
28510.jpg,1901,1900,-1
28515.jpg,1901,1900,-1
28520.jpg,1902,1900,-2
28525.jpg,1902,1920,18
28530.jpg,1902,1900,-2
28535.jpg,1902,1920,18
28540.jpg,1902,1930,28
28545.jpg,1902,1970,68
28550.jpg,1902,1930,28
28555.jpg,1902,1900,-2
28560.jpg,1902,1900,-2
28575.jpg,1902,1930,28
28580.jpg,1902,1920,18
28585.jpg,1902,1900,-2
28590.jpg,1902,1900,-2
28595.jpg,1902,1900,-2
28600.jpg,1902,1920,18
28605.jpg,1902,1920,18
28610.jpg,1902,1900,-2
28615.jpg,1902,1900,-2
28620.jpg,1902,1850,-52
28625.jpg,1902,1900,-2
28630.jpg,1902,1930,28
28635.jpg,1902,1920,18
28640.jpg,1902,1920,18
28645.jpg,1902,1850,-52
28650.jpg,1902,1850,-52
28655.jpg,1902,1850,-52
28660.jpg,1902,1900,-2
28665.jpg,1902,1900,-2
28670.jpg,1902,1900,-2
28675.jpg,1902,1930,28
28680.jpg,1902,1450,-452
28685.jpg,1902,1900,-2
28690.jpg,1902,1900,-2
28695.jpg,1902,1900,-2
28700.jpg,1902,1920,18
28705.jpg,1902,1920,18
28710.jpg,1902,1870,-32
28715.jpg,1902,1900,-2
28720.jpg,1902,1900,-2
28725.jpg,1902,1900,-2
28730.jpg,1902,1920,18
28735.jpg,1902,1930,28
28740.jpg,1902,1900,-2
28745.jpg,1902,1930,28
28750.jpg,1902,1900,-2
28755.jpg,1902,1900,-2
28760.jpg,1902,1930,28
28765.jpg,1902,1750,-152
28770.jpg,1902,1900,-2
28775.jpg,1902,1900,-2
28780.jpg,1902,1880,-22
28785.jpg,1902,1900,-2
28790.jpg,1902,1900,-2
28795.jpg,1902,1900,-2
28800.jpg,1902,1900,-2
28805.jpg,1902,1900,-2
28810.jpg,1902,1850,-52
28815.jpg,1902,1900,-2
28820.jpg,1902,1900,-2
28825.jpg,1902,1900,-2
28830.jpg,1902,1900,-2
28835.jpg,1902,1900,-2
28840.jpg,1902,1900,-2
28845.jpg,1902,1850,-52
28850.jpg,1902,1900,-2
28855.jpg,1902,1900,-2
28860.jpg,1902,1900,-2
28865.jpg,1902,1900,-2
28870.jpg,1902,1930,28
28875.jpg,1902,1450,-452
28880.jpg,1902,1920,18
28885.jpg,1902,1800,-102
28890.jpg,1902,1900,-2
28895.jpg,1902,1900,-2
28900.jpg,1902,2020,118
28905.jpg,1902,1900,-2
28910.jpg,1902,1900,-2
28915.jpg,1902,1900,-2
28920.jpg,1903,1850,-53
28925.jpg,1903,1900,-3
28930.jpg,1903,1920,17
28935.jpg,1903,1920,17
28940.jpg,1903,1920,17
28945.jpg,1903,1920,17
28955.jpg,1903,1920,17
28960.jpg,1903,1850,-53
28965.jpg,1903,1900,-3
28970.jpg,1903,1900,-3
28975.jpg,1903,1900,-3
28980.jpg,1903,1900,-3
28985.jpg,1903,1920,17
28990.jpg,1903,1920,17
28995.jpg,1903,1970,67
29000.jpg,1903,1930,27
29005.jpg,1903,1900,-3
29010.jpg,1903,1900,-3
29015.jpg,1903,1920,17
29020.jpg,1903,1920,17
29025.jpg,1903,1900,-3
29030.jpg,1903,1920,17
29035.jpg,1903,1930,27
29040.jpg,1903,1930,27
29045.jpg,1903,1920,17
29050.jpg,1903,2010,107
29055.jpg,1903,1900,-3
29060.jpg,1903,1900,-3
29065.jpg,1903,1900,-3
29070.jpg,1903,1930,27
29075.jpg,1903,1970,67
29080.jpg,1903,1970,67
29085.jpg,1903,1930,27
29090.jpg,1903,1850,-53
29095.jpg,1903,1900,-3
29100.jpg,1903,1950,47
29105.jpg,1903,1900,-3
29110.jpg,1903,1930,27
29115.jpg,1903,1900,-3
29120.jpg,1903,1900,-3
29125.jpg,1903,1900,-3
29130.jpg,1903,1900,-3
29135.jpg,1903,1900,-3
29140.jpg,1903,2000,97
29145.jpg,1903,1920,17
29150.jpg,1903,1900,-3
29155.jpg,1903,1900,-3
29160.jpg,1903,1890,-13
29165.jpg,1903,1900,-3
29170.jpg,1903,1920,17
29175.jpg,1903,1900,-3
29180.jpg,1903,1920,17
29185.jpg,1903,1930,27
29190.jpg,1903,1900,-3
29195.jpg,1903,1900,-3
29200.jpg,1903,1900,-3
29205.jpg,1903,1930,27
29210.jpg,1903,1600,-303
29215.jpg,1903,1900,-3
29220.jpg,1903,1900,-3
29225.jpg,1903,1900,-3
29230.jpg,1903,1900,-3
29235.jpg,1903,1920,17
29240.jpg,1903,1900,-3
29245.jpg,1903,1900,-3
29250.jpg,1903,1900,-3
29255.jpg,1903,1900,-3
29260.jpg,1903,1930,27
29265.jpg,1903,1900,-3
29270.jpg,1903,1900,-3
29275.jpg,1903,1920,17
29280.jpg,1903,1900,-3
29285.jpg,1903,1900,-3
29290.jpg,1903,1900,-3
29295.jpg,1903,1900,-3
29300.jpg,1903,2010,107
29305.jpg,1903,1900,-3
29310.jpg,1903,1850,-53
29315.jpg,1903,1950,47
29320.jpg,1903,1930,27
29325.jpg,1903,1920,17
29330.jpg,1903,1920,17
29335.jpg,1903,1920,17
29340.jpg,1903,1920,17
29345.jpg,1903,1900,-3
29350.jpg,1903,1970,67
29355.jpg,1903,1900,-3
29360.jpg,1903,1900,-3
29365.jpg,1903,2010,107
29370.jpg,1903,1970,67
29375.jpg,1903,1900,-3
29380.jpg,1904,1750,-154
29385.jpg,1904,1920,16
29390.jpg,1904,1900,-4
29395.jpg,1904,2010,106
29400.jpg,1904,1900,-4
29405.jpg,1904,1920,16
29410.jpg,1904,1970,66
29415.jpg,1904,1930,26
29420.jpg,1904,1930,26
29425.jpg,1904,1900,-4
29430.jpg,1904,1870,-34
29435.jpg,1904,1900,-4
29440.jpg,1904,1900,-4
29445.jpg,1904,1920,16
29450.jpg,1904,1920,16
29455.jpg,1904,1920,16
29460.jpg,1904,1850,-54
29465.jpg,1904,2020,116
29470.jpg,1904,2000,96
29475.jpg,1904,1900,-4
29480.jpg,1904,2020,116
29485.jpg,1904,1920,16
29490.jpg,1904,1920,16
29495.jpg,1904,1900,-4
29500.jpg,1904,2000,96
29505.jpg,1904,1890,-14
29510.jpg,1904,1920,16
29515.jpg,1904,1920,16
29520.jpg,1904,1900,-4
29525.jpg,1904,1920,16
29530.jpg,1904,1900,-4
29535.jpg,1904,1900,-4
29540.jpg,1904,1920,16
29550.jpg,1904,1850,-54
29555.jpg,1904,1930,26
29560.jpg,1904,1930,26
29565.jpg,1904,1904,0
29570.jpg,1904,1900,-4
29575.jpg,1904,1940,36
29580.jpg,1904,1900,-4
29585.jpg,1904,1900,-4
29590.jpg,1904,1900,-4
29595.jpg,1904,1900,-4
29600.jpg,1904,1900,-4
29605.jpg,1904,1900,-4
29610.jpg,1904,1900,-4
29615.jpg,1904,1900,-4
29620.jpg,1904,1900,-4
29625.jpg,1904,1900,-4
29630.jpg,1904,1920,16
29635.jpg,1904,1900,-4
29640.jpg,1904,1900,-4
29645.jpg,1904,1900,-4
29650.jpg,1904,1900,-4
29655.jpg,1904,1920,16
29660.jpg,1904,1920,16
29665.jpg,1904,1920,16
29670.jpg,1904,1900,-4
29675.jpg,1904,1920,16
29680.jpg,1904,1900,-4
29685.jpg,1904,1900,-4
29690.jpg,1904,1970,66
29695.jpg,1904,1920,16
29700.jpg,1904,1900,-4
29705.jpg,1904,1890,-14
29710.jpg,1904,1900,-4
29715.jpg,1904,1920,16
29720.jpg,1904,1850,-54
29725.jpg,1904,1970,66
29730.jpg,1904,1900,-4
29735.jpg,1904,1900,-4
29740.jpg,1904,1900,-4
29745.jpg,1904,1900,-4
29750.jpg,1904,1900,-4
29755.jpg,1904,1900,-4
29760.jpg,1904,1930,26
29765.jpg,1904,1900,-4
29770.jpg,1904,1900,-4
29775.jpg,1904,1970,66
29780.jpg,1904,1904,0
29790.jpg,1904,1900,-4
29795.jpg,1904,1900,-4
29800.jpg,1904,1900,-4
29805.jpg,1904,1850,-54
29810.jpg,1904,1900,-4
29815.jpg,1904,1900,-4
29820.jpg,1904,1900,-4
29825.jpg,1904,1930,26
29830.jpg,1905,1900,-5
29835.jpg,1905,2010,105
29840.jpg,1905,1900,-5
29845.jpg,1905,1900,-5
29850.jpg,1905,2010,105
29855.jpg,1905,1920,15
29860.jpg,1905,2020,115
29865.jpg,1905,1900,-5
29870.jpg,1905,1900,-5
29875.jpg,1905,1900,-5
29880.jpg,1905,1900,-5
29885.jpg,1905,1900,-5
29890.jpg,1905,1850,-55
29895.jpg,1905,1900,-5
29900.jpg,1905,1920,15
29905.jpg,1905,1900,-5
29910.jpg,1905,1920,15
29915.jpg,1905,1900,-5
29920.jpg,1905,1900,-5
29925.jpg,1905,1920,15
29930.jpg,1905,1900,-5
29935.jpg,1905,1920,15
29940.jpg,1905,1900,-5
29945.jpg,1905,1920,15
29950.jpg,1905,1920,15
29960.jpg,1905,1900,-5
29965.jpg,1905,1900,-5
29970.jpg,1905,1900,-5
29975.jpg,1905,1920,15
29980.jpg,1905,1920,15
29985.jpg,1905,1900,-5
29990.jpg,1905,1881,-24
29995.jpg,1905,1850,-55
30000.jpg,1905,1850,-55
30005.jpg,1905,1920,15
30015.jpg,1905,1900,-5
30020.jpg,1905,1970,65
30025.jpg,1905,1880,-25
30030.jpg,1905,1870,-35
30035.jpg,1905,1900,-5
30040.jpg,1905,1970,65
30045.jpg,1905,1900,-5
30050.jpg,1905,1930,25
30055.jpg,1905,1930,25
30060.jpg,1905,1900,-5
30065.jpg,1905,1900,-5
30070.jpg,1905,1920,15
30075.jpg,1905,1850,-55
30080.jpg,1905,1900,-5
30085.jpg,1905,1930,25
30090.jpg,1905,1850,-55
30095.jpg,1905,1900,-5
30100.jpg,1905,1750,-155
30105.jpg,1905,1900,-5
30110.jpg,1905,1970,65
30115.jpg,1905,1900,-5
30120.jpg,1905,1850,-55
30125.jpg,1905,1900,-5
30130.jpg,1905,1900,-5
30135.jpg,1905,1920,15
30140.jpg,1905,1920,15
30145.jpg,1905,1900,-5
30155.jpg,1905,1900,-5
30160.jpg,1905,1930,25
30165.jpg,1905,1850,-55
30170.jpg,1905,1900,-5
30175.jpg,1905,1930,25
30180.jpg,1905,1970,65
30185.jpg,1905,1920,15
30190.jpg,1905,1900,-5
30195.jpg,1905,1850,-55
30200.jpg,1905,1900,-5
30205.jpg,1905,2000,95
30210.jpg,1905,1600,-305
30215.jpg,1905,1920,15
30220.jpg,1905,1900,-5
30225.jpg,1905,1900,-5
30230.jpg,1905,1970,65
30235.jpg,1905,1900,-5
30240.jpg,1905,1930,25
30245.jpg,1905,1920,15
30250.jpg,1905,1900,-5
30255.jpg,1905,1900,-5
30260.jpg,1905,1900,-5
30265.jpg,1905,1850,-55
30270.jpg,1905,1940,35
30275.jpg,1905,1900,-5
30280.jpg,1905,2010,105
30285.jpg,1905,1970,65
30290.jpg,1905,1900,-5
30295.jpg,1906,1870,-36
30300.jpg,1906,1900,-6
30305.jpg,1906,1920,14
30310.jpg,1906,1900,-6
30315.jpg,1906,1920,14
30320.jpg,1906,1970,64
30325.jpg,1906,2010,104
30330.jpg,1906,1850,-56
30335.jpg,1906,1930,24
30340.jpg,1906,1920,14
30345.jpg,1906,1920,14
30350.jpg,1906,1930,24
30355.jpg,1906,1920,14
30360.jpg,1906,1900,-6
30365.jpg,1906,1920,14
30370.jpg,1906,1930,24
30375.jpg,1906,1920,14
30380.jpg,1906,1920,14
30385.jpg,1906,1900,-6
30390.jpg,1906,1900,-6
30395.jpg,1906,1900,-6
30400.jpg,1906,1930,24
30405.jpg,1906,1900,-6
30410.jpg,1906,1900,-6
30415.jpg,1906,1900,-6
30420.jpg,1906,2000,94
30425.jpg,1906,1900,-6
30430.jpg,1906,1900,-6
30435.jpg,1906,1920,14
30440.jpg,1906,1970,64
30445.jpg,1906,1850,-56
30450.jpg,1906,1900,-6
30455.jpg,1906,1850,-56
30460.jpg,1906,1850,-56
30465.jpg,1906,1900,-6
30470.jpg,1906,1900,-6
30475.jpg,1906,1900,-6
30480.jpg,1906,1900,-6
30485.jpg,1906,1900,-6
30490.jpg,1906,1850,-56
30495.jpg,1906,1900,-6
30500.jpg,1906,1900,-6
30505.jpg,1906,1900,-6
30510.jpg,1906,1900,-6
30515.jpg,1906,1930,24
30520.jpg,1906,1930,24
30525.jpg,1906,1900,-6
30530.jpg,1906,1900,-6
30535.jpg,1906,1900,-6
30540.jpg,1906,1850,-56
30545.jpg,1906,1930,24
30550.jpg,1906,1900,-6
30555.jpg,1906,1920,14
30560.jpg,1906,1900,-6
30565.jpg,1906,1900,-6
30570.jpg,1906,1900,-6
30575.jpg,1906,1900,-6
30580.jpg,1906,1930,24
30585.jpg,1906,1900,-6
30590.jpg,1906,1900,-6
30595.jpg,1906,1930,24
30600.jpg,1906,1900,-6
30605.jpg,1906,1900,-6
30610.jpg,1906,1900,-6
30615.jpg,1906,1920,14
30620.jpg,1906,1900,-6
30625.jpg,1906,1850,-56
30630.jpg,1906,1900,-6
30635.jpg,1906,1930,24
30640.jpg,1906,1900,-6
30645.jpg,1906,1900,-6
30650.jpg,1906,1910,4
30655.jpg,1906,1900,-6
30665.jpg,1906,1900,-6
30670.jpg,1906,1900,-6
30685.jpg,1906,1900,-6
30690.jpg,1906,1900,-6
30695.jpg,1906,1920,14
30700.jpg,1906,1930,24
30705.jpg,1906,1900,-6
30710.jpg,1906,1970,64
30715.jpg,1906,1970,64
30720.jpg,1906,1900,-6
30725.jpg,1906,1900,-6
30730.jpg,1906,1930,24
30740.jpg,1906,1900,-6
30745.jpg,1906,1900,-6
30750.jpg,1906,1900,-6
30760.jpg,1907,1920,13
30765.jpg,1907,1930,23
30770.jpg,1907,1900,-7
30780.jpg,1907,1970,63
30785.jpg,1907,1920,13
30790.jpg,1907,1970,63
30795.jpg,1907,1900,-7
30800.jpg,1907,1900,-7
30805.jpg,1907,1900,-7
30810.jpg,1907,1900,-7
30815.jpg,1907,1930,23
30820.jpg,1907,1930,23
30825.jpg,1907,1920,13
30830.jpg,1907,1920,13
30835.jpg,1907,1920,13
30840.jpg,1907,1920,13
30845.jpg,1907,1920,13
30855.jpg,1907,1900,-7
30860.jpg,1907,1920,13
30865.jpg,1907,1920,13
30870.jpg,1907,1900,-7
30875.jpg,1907,1920,13
30880.jpg,1907,1900,-7
30885.jpg,1907,1900,-7
30895.jpg,1907,1920,13
30900.jpg,1907,1900,-7
30905.jpg,1907,1900,-7
30910.jpg,1907,1970,63
30915.jpg,1907,1920,13
30920.jpg,1907,1970,63
30925.jpg,1907,1930,23
30930.jpg,1907,1850,-57
30935.jpg,1907,1930,23
30940.jpg,1907,2010,103
30945.jpg,1907,1930,23
30950.jpg,1907,1850,-57
30955.jpg,1907,1900,-7
30960.jpg,1907,1900,-7
30965.jpg,1907,1920,13
30970.jpg,1907,1900,-7
30975.jpg,1907,1900,-7
30980.jpg,1907,1930,23
30985.jpg,1907,1920,13
30990.jpg,1907,1900,-7
30995.jpg,1907,1900,-7
31000.jpg,1907,1910,3
31005.jpg,1907,1900,-7
31010.jpg,1907,1900,-7
31015.jpg,1907,1920,13
31020.jpg,1907,1900,-7
31025.jpg,1907,1920,13
31030.jpg,1907,1850,-57
31035.jpg,1907,1930,23
31040.jpg,1907,1900,-7
31045.jpg,1907,1920,13
31050.jpg,1907,1900,-7
31055.jpg,1907,1850,-57
31060.jpg,1907,1900,-7
31065.jpg,1907,1900,-7
31070.jpg,1907,1900,-7
31075.jpg,1907,1900,-7
31080.jpg,1907,1920,13
31085.jpg,1907,1900,-7
31090.jpg,1907,1900,-7
31095.jpg,1907,1900,-7
31100.jpg,1907,1930,23
31105.jpg,1907,1930,23
31110.jpg,1907,1900,-7
31115.jpg,1907,1900,-7
31120.jpg,1907,1900,-7
31125.jpg,1907,1900,-7
31130.jpg,1907,1900,-7
31135.jpg,1907,1900,-7
31140.jpg,1907,1970,63
31150.jpg,1907,1900,-7
31155.jpg,1907,1920,13
31160.jpg,1907,1900,-7
31165.jpg,1907,1900,-7
31170.jpg,1907,1970,63
31175.jpg,1907,1900,-7
31180.jpg,1907,1900,-7
31185.jpg,1907,1930,23
31190.jpg,1907,2010,103
31195.jpg,1907,1900,-7
31200.jpg,1907,1930,23
31205.jpg,1907,1930,23
31210.jpg,1907,1900,-7
31215.jpg,1907,1920,13
31220.jpg,1907,1900,-7
31225.jpg,1907,1900,-7
31230.jpg,1907,1930,23
31235.jpg,1907,1900,-7
31240.jpg,1907,1900,-7
31245.jpg,1907,1850,-57
31250.jpg,1907,1900,-7
31255.jpg,1907,1900,-7
31260.jpg,1907,1930,23
31265.jpg,1907,1920,13
31270.jpg,1907,1920,13
31275.jpg,1907,1920,13
31280.jpg,1907,1920,13
31285.jpg,1907,1950,43
31290.jpg,1907,1900,-7
31295.jpg,1907,1970,63
31300.jpg,1907,1970,63
31305.jpg,1907,1920,13
31310.jpg,1908,1850,-58
31315.jpg,1908,1920,12
31320.jpg,1908,1930,22
31325.jpg,1908,1920,12
31330.jpg,1908,1850,-58
31335.jpg,1908,1920,12
31345.jpg,1908,2020,112
31350.jpg,1908,1930,22
31355.jpg,1908,1920,12
31360.jpg,1908,1930,22
31365.jpg,1908,1920,12
31370.jpg,1908,1920,12
31380.jpg,1908,1930,22
31385.jpg,1908,1930,22
31390.jpg,1908,1920,12
31395.jpg,1908,1930,22
31400.jpg,1908,1930,22
31405.jpg,1908,1930,22
31410.jpg,1908,1900,-8
31415.jpg,1908,1930,22
31420.jpg,1908,1850,-58
31425.jpg,1908,1930,22
31430.jpg,1908,1900,-8
31435.jpg,1908,1930,22
31440.jpg,1908,1920,12
31445.jpg,1908,1920,12
31450.jpg,1908,1920,12
31455.jpg,1908,1920,12
31460.jpg,1908,1900,-8
31465.jpg,1908,1900,-8
31470.jpg,1908,1900,-8
31475.jpg,1908,1850,-58
31480.jpg,1908,1850,-58
31485.jpg,1908,1850,-58
31490.jpg,1908,1850,-58
31500.jpg,1908,1930,22
31505.jpg,1908,1920,12
31510.jpg,1908,1900,-8
31515.jpg,1908,1900,-8
31520.jpg,1908,1900,-8
31525.jpg,1908,1900,-8
31530.jpg,1908,1970,62
31535.jpg,1908,1900,-8
31540.jpg,1908,1900,-8
31545.jpg,1908,1920,12
31550.jpg,1908,1900,-8
31555.jpg,1908,1900,-8
31560.jpg,1908,1900,-8
31565.jpg,1908,1800,-108
31570.jpg,1908,1750,-158
31575.jpg,1908,1920,12
31580.jpg,1908,1920,12
31585.jpg,1908,1900,-8
31590.jpg,1908,1900,-8
31595.jpg,1908,1900,-8
31600.jpg,1908,1900,-8
31605.jpg,1908,1900,-8
31610.jpg,1908,1930,22
31620.jpg,1908,1920,12
31625.jpg,1908,1970,62
31630.jpg,1908,1900,-8
31635.jpg,1908,1920,12
31640.jpg,1908,1930,22
31645.jpg,1908,1930,22
31650.jpg,1908,1970,62
31655.jpg,1908,1900,-8
31660.jpg,1908,1900,-8
31665.jpg,1908,1900,-8
31670.jpg,1908,1900,-8
31675.jpg,1908,1900,-8
31680.jpg,1908,1750,-158
31685.jpg,1908,1900,-8
31690.jpg,1908,1920,12
31695.jpg,1908,1920,12
31700.jpg,1908,1900,-8
31705.jpg,1908,1850,-58
31710.jpg,1908,1900,-8
31715.jpg,1908,1930,22
31720.jpg,1908,1900,-8
31725.jpg,1908,1930,22
31730.jpg,1908,1920,12
31735.jpg,1908,1930,22
31740.jpg,1908,1900,-8
31745.jpg,1908,1900,-8
31750.jpg,1908,1930,22
31755.jpg,1908,1900,-8
31760.jpg,1908,1920,12
31765.jpg,1909,1920,11
31770.jpg,1909,1920,11
31775.jpg,1909,1900,-9
31780.jpg,1909,1930,21
31785.jpg,1909,2020,111
31790.jpg,1909,2010,101
31805.jpg,1909,1970,61
31815.jpg,1909,1900,-9
31820.jpg,1909,1900,-9
31825.jpg,1909,1930,21
31830.jpg,1909,1900,-9
31835.jpg,1909,1930,21
31840.jpg,1909,1900,-9
31845.jpg,1909,1900,-9
31850.jpg,1909,1900,-9
31855.jpg,1909,1930,21
31860.jpg,1909,1900,-9
31865.jpg,1909,1920,11
31870.jpg,1909,1920,11
31875.jpg,1909,1920,11
31880.jpg,1909,1910,1
31885.jpg,1909,1900,-9
31890.jpg,1909,1920,11
31895.jpg,1909,1920,11
31900.jpg,1909,1920,11
31905.jpg,1909,1920,11
31910.jpg,1909,1920,11
31915.jpg,1909,1930,21
31920.jpg,1909,1900,-9
31925.jpg,1909,2010,101
31930.jpg,1909,1920,11
31935.jpg,1909,1940,31
31940.jpg,1909,1900,-9
31945.jpg,1909,1900,-9
31950.jpg,1909,1900,-9
31955.jpg,1909,1920,11
31960.jpg,1909,1930,21
31970.jpg,1909,1900,-9
31975.jpg,1909,1900,-9
31980.jpg,1909,1920,11
31985.jpg,1909,1890,-19
31990.jpg,1909,1900,-9
31995.jpg,1909,1930,21
32005.jpg,1909,1850,-59
32015.jpg,1909,1900,-9
32020.jpg,1909,1930,21
32025.jpg,1909,1800,-109
32030.jpg,1909,1920,11
32035.jpg,1909,1900,-9
32045.jpg,1909,1930,21
32050.jpg,1909,1900,-9
32055.jpg,1909,1920,11
32060.jpg,1909,1900,-9
32065.jpg,1909,1920,11
32070.jpg,1909,1900,-9
32075.jpg,1909,1920,11
32080.jpg,1909,1850,-59
32085.jpg,1909,1930,21
32090.jpg,1909,1920,11
32095.jpg,1909,1900,-9
32100.jpg,1909,1920,11
32105.jpg,1909,1930,21
32110.jpg,1909,1950,41
32115.jpg,1909,1920,11
32120.jpg,1909,1920,11
32125.jpg,1909,1920,11
32130.jpg,1909,1930,21
32135.jpg,1909,1900,-9
32140.jpg,1909,1900,-9
32145.jpg,1909,1900,-9
32150.jpg,1909,1900,-9
32155.jpg,1909,1930,21
32160.jpg,1909,1900,-9
32165.jpg,1909,1920,11
32170.jpg,1909,1920,11
32175.jpg,1909,1900,-9
32180.jpg,1909,1930,21
32185.jpg,1909,1900,-9
32190.jpg,1909,1920,11
32195.jpg,1909,1900,-9
32200.jpg,1909,1920,11
32205.jpg,1909,1930,21
32210.jpg,1909,1900,-9
32215.jpg,1909,1920,11
32220.jpg,1909,1900,-9
32225.jpg,1909,1970,61
32230.jpg,1910,1850,-60
32235.jpg,1910,1930,20
32240.jpg,1910,1920,10
32245.jpg,1910,2000,90
32255.jpg,1910,1920,10
32260.jpg,1910,1930,20
32265.jpg,1910,2020,110
32270.jpg,1910,1970,60
32275.jpg,1910,2000,90
32280.jpg,1910,1930,20
32285.jpg,1910,1900,-10
32290.jpg,1910,1900,-10
32295.jpg,1910,1900,-10
32300.jpg,1910,1920,10
32305.jpg,1910,1930,20
32310.jpg,1910,1900,-10
32315.jpg,1910,1920,10
32320.jpg,1910,1900,-10
32325.jpg,1910,1900,-10
32330.jpg,1910,1920,10
32335.jpg,1910,1920,10
32340.jpg,1910,1820,-90
32345.jpg,1910,1900,-10
32350.jpg,1910,1850,-60
32355.jpg,1910,1920,10
32360.jpg,1910,1930,20
32365.jpg,1910,1930,20
32370.jpg,1910,1950,40
32375.jpg,1910,1920,10
32380.jpg,1910,1900,-10
32385.jpg,1910,1970,60
32390.jpg,1910,1900,-10
32395.jpg,1910,1930,20
32400.jpg,1910,1920,10
32405.jpg,1910,1850,-60
32410.jpg,1910,1930,20
32415.jpg,1910,1800,-110
32420.jpg,1910,1900,-10
32425.jpg,1910,1900,-10
32430.jpg,1910,1900,-10
32435.jpg,1910,1900,-10
32440.jpg,1910,1900,-10
32445.jpg,1910,1850,-60
32450.jpg,1910,1920,10
32455.jpg,1910,1920,10
32460.jpg,1910,1920,10
32465.jpg,1910,1920,10
32470.jpg,1910,1850,-60
32475.jpg,1910,1900,-10
32480.jpg,1910,1920,10
32485.jpg,1910,1900,-10
32490.jpg,1910,1900,-10
32495.jpg,1910,1900,-10
32500.jpg,1910,1900,-10
32505.jpg,1910,1920,10
32510.jpg,1910,1900,-10
32515.jpg,1910,1920,10
32520.jpg,1910,1920,10
32525.jpg,1910,1900,-10
32530.jpg,1910,1970,60
32535.jpg,1910,1930,20
32540.jpg,1910,1920,10
32545.jpg,1910,1930,20
32550.jpg,1910,1900,-10
32555.jpg,1910,1930,20
32560.jpg,1910,1970,60
32565.jpg,1910,1920,10
32570.jpg,1910,1900,-10
32575.jpg,1910,1900,-10
32580.jpg,1910,1920,10
32585.jpg,1910,1930,20
32590.jpg,1910,1900,-10
32595.jpg,1910,1920,10
32600.jpg,1910,1890,-20
32605.jpg,1910,1700,-210
32610.jpg,1910,1930,20
32615.jpg,1910,1930,20
32620.jpg,1910,1920,10
32625.jpg,1910,1900,-10
32630.jpg,1910,1920,10
32635.jpg,1910,1930,20
32640.jpg,1910,1920,10
32645.jpg,1910,1920,10
32650.jpg,1910,1930,20
32655.jpg,1910,1970,60
32660.jpg,1910,1920,10
32665.jpg,1910,1900,-10
32675.jpg,1910,1920,10
32680.jpg,1910,1890,-20
32685.jpg,1910,1900,-10
32690.jpg,1910,1920,10
32695.jpg,1910,1920,10
32700.jpg,1910,1920,10
32705.jpg,1910,1850,-60
32710.jpg,1910,1930,20
32715.jpg,1910,1930,20
32720.jpg,1910,1900,-10
32725.jpg,1910,1900,-10
32730.jpg,1910,1930,20
32735.jpg,1910,1850,-60
32740.jpg,1911,1900,-11
32745.jpg,1911,1930,19
32750.jpg,1911,1920,9
32755.jpg,1911,1930,19
32760.jpg,1911,1920,9
32765.jpg,1911,1900,-11
32770.jpg,1911,1920,9
32775.jpg,1911,1920,9
32780.jpg,1911,2020,109
32785.jpg,1911,1970,59
32790.jpg,1911,1900,-11
32795.jpg,1911,1913,2
32800.jpg,1911,1900,-11
32805.jpg,1911,1900,-11
32810.jpg,1911,1900,-11
32815.jpg,1911,1900,-11
32820.jpg,1911,1930,19
32825.jpg,1911,1930,19
32830.jpg,1911,1900,-11
32835.jpg,1911,1920,9
32840.jpg,1911,1970,59
32845.jpg,1911,1900,-11
32850.jpg,1911,1930,19
32855.jpg,1911,1920,9
32860.jpg,1911,1970,59
32865.jpg,1911,1920,9
32870.jpg,1911,1920,9
32875.jpg,1911,1920,9
32885.jpg,1911,1920,9
32890.jpg,1911,1930,19
32895.jpg,1911,1900,-11
32900.jpg,1911,1900,-11
32905.jpg,1911,1900,-11
32910.jpg,1911,1900,-11
32915.jpg,1911,1900,-11
32920.jpg,1911,1920,9
32925.jpg,1911,1920,9
32930.jpg,1911,1920,9
32935.jpg,1911,1970,59
32940.jpg,1911,1920,9
32945.jpg,1911,1930,19
32950.jpg,1911,2010,99
32955.jpg,1911,1911,0
32960.jpg,1911,1900,-11
32965.jpg,1911,1970,59
32970.jpg,1911,1900,-11
32975.jpg,1911,1850,-61
32980.jpg,1911,1900,-11
32985.jpg,1911,1920,9
32990.jpg,1911,1900,-11
32995.jpg,1911,1900,-11
33000.jpg,1911,1900,-11
33005.jpg,1911,1850,-61
33010.jpg,1911,1920,9
33015.jpg,1911,1900,-11
33020.jpg,1911,1920,9
33025.jpg,1911,1900,-11
33030.jpg,1911,1900,-11
33035.jpg,1911,1970,59
33040.jpg,1911,1900,-11
33045.jpg,1911,1930,19
33050.jpg,1911,1970,59
33055.jpg,1911,1920,9
33060.jpg,1911,1930,19
33065.jpg,1911,1900,-11
33070.jpg,1911,1900,-11
33075.jpg,1911,1920,9
33080.jpg,1911,1920,9
33085.jpg,1911,1900,-11
33090.jpg,1911,1900,-11
33095.jpg,1911,1900,-11
33100.jpg,1911,1600,-311
33105.jpg,1911,1900,-11
33110.jpg,1911,1930,19
33115.jpg,1911,1850,-61
33120.jpg,1911,1920,9
33125.jpg,1911,1930,19
33130.jpg,1911,1930,19
33135.jpg,1911,1920,9
33140.jpg,1911,1920,9
33145.jpg,1911,1900,-11
33150.jpg,1911,1600,-311
33155.jpg,1911,1970,59
33160.jpg,1911,1930,19
33165.jpg,1911,1920,9
33170.jpg,1911,1930,19
33175.jpg,1911,1970,59
33180.jpg,1911,1930,19
33185.jpg,1911,1900,-11
33190.jpg,1911,1920,9
33195.jpg,1911,2010,99
33200.jpg,1911,1970,59
33205.jpg,1911,1900,-11
33210.jpg,1911,1870,-41
33215.jpg,1911,1900,-11
33220.jpg,1911,1920,9
33225.jpg,1911,1920,9
33230.jpg,1911,1900,-11
33235.jpg,1911,1850,-61
33240.jpg,1911,1800,-111
33245.jpg,1911,1930,19
33250.jpg,1911,1920,9
33255.jpg,1911,1900,-11
33260.jpg,1911,1920,9
33265.jpg,1911,1930,19
33270.jpg,1911,1900,-11
33275.jpg,1911,1900,-11
33280.jpg,1912,1920,8
33285.jpg,1912,1900,-12
33290.jpg,1912,1900,-12
33295.jpg,1912,1900,-12
33300.jpg,1912,1900,-12
33310.jpg,1912,1970,58
33315.jpg,1912,1970,58
33320.jpg,1912,1980,68
33325.jpg,1912,1930,18
33330.jpg,1912,1900,-12
33335.jpg,1912,1900,-12
33340.jpg,1912,1940,28
33345.jpg,1912,1970,58
33350.jpg,1912,1900,-12
33355.jpg,1912,1930,18
33360.jpg,1912,1930,18
33365.jpg,1912,1900,-12
33375.jpg,1912,1930,18
33380.jpg,1912,1930,18
33385.jpg,1912,1970,58
33390.jpg,1912,1920,8
33395.jpg,1912,1950,38
33400.jpg,1912,1920,8
33405.jpg,1912,2010,98
33410.jpg,1912,1900,-12
33415.jpg,1912,1920,8
33420.jpg,1912,1900,-12
33425.jpg,1912,1920,8
33430.jpg,1912,1920,8
33435.jpg,1912,1920,8
33440.jpg,1912,1930,18
33445.jpg,1912,1930,18
33450.jpg,1912,1900,-12
33455.jpg,1912,1900,-12
33460.jpg,1912,2000,88
33465.jpg,1912,1900,-12
33470.jpg,1912,1920,8
33475.jpg,1912,1900,-12
33480.jpg,1912,1935,23
33485.jpg,1912,2010,98
33490.jpg,1912,1900,-12
33495.jpg,1912,1900,-12
33500.jpg,1912,1970,58
33505.jpg,1912,1850,-62
33510.jpg,1912,1930,18
33515.jpg,1912,1930,18
33520.jpg,1912,1920,8
33525.jpg,1912,1900,-12
33530.jpg,1912,1900,-12
33535.jpg,1912,1920,8
33540.jpg,1912,1900,-12
33545.jpg,1912,1900,-12
33550.jpg,1912,1930,18
33555.jpg,1912,1920,8
33560.jpg,1912,1900,-12
33565.jpg,1912,1920,8
33570.jpg,1912,1900,-12
33580.jpg,1912,1750,-162
33585.jpg,1912,1930,18
33590.jpg,1912,1900,-12
33595.jpg,1912,1900,-12
33600.jpg,1912,1900,-12
33605.jpg,1912,1920,8
33615.jpg,1912,1930,18
33620.jpg,1912,1900,-12
33625.jpg,1912,1900,-12
33630.jpg,1912,1900,-12
33635.jpg,1912,1930,18
33640.jpg,1912,1900,-12
33645.jpg,1912,1900,-12
33650.jpg,1912,1920,8
33655.jpg,1912,1920,8
33660.jpg,1912,1900,-12
33665.jpg,1912,1920,8
33670.jpg,1912,1920,8
33675.jpg,1912,2000,88
33680.jpg,1912,1900,-12
33685.jpg,1912,1930,18
33690.jpg,1912,1970,58
33695.jpg,1912,1930,18
33700.jpg,1912,1900,-12
33705.jpg,1912,1920,8
33710.jpg,1912,1900,-12
33715.jpg,1912,1930,18
33720.jpg,1912,1900,-12
33725.jpg,1912,1920,8
33735.jpg,1912,1900,-12
33740.jpg,1912,1900,-12
33745.jpg,1912,1970,58
33750.jpg,1912,1920,8
33755.jpg,1912,1920,8
33760.jpg,1912,1900,-12
33765.jpg,1913,1920,7
33770.jpg,1913,1930,17
33775.jpg,1913,1900,-13
33780.jpg,1913,1900,-13
33785.jpg,1913,1920,7
33790.jpg,1913,1900,-13
33795.jpg,1913,1930,17
33800.jpg,1913,1930,17
33805.jpg,1913,1900,-13
33810.jpg,1913,1920,7
33815.jpg,1913,1930,17
33820.jpg,1913,1930,17
33825.jpg,1913,1920,7
33830.jpg,1913,1920,7
33840.jpg,1913,1920,7
33845.jpg,1913,1930,17
33850.jpg,1913,1930,17
33855.jpg,1913,1930,17
33860.jpg,1913,1920,7
33865.jpg,1913,1920,7
33870.jpg,1913,1850,-63
33875.jpg,1913,1930,17
33880.jpg,1913,1930,17
33885.jpg,1913,1920,7
33890.jpg,1913,1920,7
33895.jpg,1913,1970,57
33900.jpg,1913,1920,7
33905.jpg,1913,1930,17
33910.jpg,1913,1930,17
33915.jpg,1913,1900,-13
33920.jpg,1913,1920,7
33925.jpg,1913,1930,17
33930.jpg,1913,1930,17
33935.jpg,1913,1930,17
33940.jpg,1913,1930,17
33945.jpg,1913,1920,7
33950.jpg,1913,1920,7
33955.jpg,1913,2010,97
33960.jpg,1913,1900,-13
33965.jpg,1913,1920,7
33970.jpg,1913,1900,-13
33975.jpg,1913,1920,7
33980.jpg,1913,1930,17
33985.jpg,1913,1970,57
33990.jpg,1913,1850,-63
33995.jpg,1913,1930,17
34000.jpg,1913,1900,-13
34005.jpg,1913,1970,57
34010.jpg,1913,1900,-13
34015.jpg,1913,1800,-113
34020.jpg,1913,1930,17
34025.jpg,1913,1930,17
34030.jpg,1913,1900,-13
34035.jpg,1913,1920,7
34040.jpg,1913,1920,7
34045.jpg,1913,1930,17
34050.jpg,1913,1930,17
34055.jpg,1913,1920,7
34060.jpg,1913,1900,-13
34065.jpg,1913,1920,7
34070.jpg,1913,1920,7
34080.jpg,1913,1900,-13
34085.jpg,1913,1900,-13
34090.jpg,1913,1920,7
34095.jpg,1913,1900,-13
34100.jpg,1913,1920,7
34105.jpg,1913,1900,-13
34110.jpg,1913,1920,7
34115.jpg,1913,1900,-13
34120.jpg,1913,1930,17
34125.jpg,1913,1970,57
34130.jpg,1913,1920,7
34135.jpg,1913,1920,7
34140.jpg,1913,1920,7
34145.jpg,1913,1930,17
34150.jpg,1913,1900,-13
34155.jpg,1913,1920,7
34160.jpg,1913,1850,-63
34165.jpg,1913,1920,7
34170.jpg,1913,1900,-13
34175.jpg,1913,1900,-13
34180.jpg,1913,1900,-13
34185.jpg,1913,1900,-13
34190.jpg,1913,2010,97
34195.jpg,1913,1800,-113
34200.jpg,1913,1920,7
34205.jpg,1913,1920,7
34210.jpg,1913,1920,7
34215.jpg,1913,1930,17
34220.jpg,1913,1970,57
34225.jpg,1914,1930,16
34230.jpg,1914,1920,6
34235.jpg,1914,1920,6
34240.jpg,1914,1920,6
34245.jpg,1914,1970,56
34250.jpg,1914,1930,16
34260.jpg,1914,2010,96
34265.jpg,1914,1920,6
34270.jpg,1914,1900,-14
34275.jpg,1914,1930,16
34280.jpg,1914,1900,-14
34285.jpg,1914,1930,16
34290.jpg,1914,1920,6
34295.jpg,1914,1930,16
34300.jpg,1914,1930,16
34305.jpg,1914,1920,6
34310.jpg,1914,1930,16
34315.jpg,1914,1900,-14
34320.jpg,1914,1930,16
34325.jpg,1914,1930,16
34330.jpg,1914,1930,16
34335.jpg,1914,1920,6
34345.jpg,1914,1930,16
34350.jpg,1914,1820,-94
34360.jpg,1914,1920,6
34365.jpg,1914,1920,6
34370.jpg,1914,1930,16
34375.jpg,1914,1900,-14
34380.jpg,1914,1930,16
34385.jpg,1914,1900,-14
34390.jpg,1914,1920,6
34395.jpg,1914,1900,-14
34400.jpg,1914,1850,-64
34405.jpg,1914,1900,-14
34410.jpg,1914,1900,-14
34415.jpg,1914,1850,-64
34420.jpg,1914,1970,56
34425.jpg,1914,1850,-64
34430.jpg,1914,1900,-14
34435.jpg,1914,1920,6
34440.jpg,1914,1850,-64
34445.jpg,1914,1900,-14
34450.jpg,1914,1900,-14
34455.jpg,1914,1850,-64
34460.jpg,1914,1900,-14
34465.jpg,1914,1920,6
34470.jpg,1914,1930,16
34475.jpg,1914,1900,-14
34480.jpg,1914,1920,6
34485.jpg,1914,1920,6
34490.jpg,1914,1920,6
34495.jpg,1914,1850,-64
34500.jpg,1914,1900,-14
34505.jpg,1914,1900,-14
34515.jpg,1914,1850,-64
34520.jpg,1914,1900,-14
34525.jpg,1914,1900,-14
34530.jpg,1914,1900,-14
34535.jpg,1914,1930,16
34540.jpg,1914,1920,6
34545.jpg,1914,1920,6
34550.jpg,1914,1920,6
34555.jpg,1914,1850,-64
34560.jpg,1914,1920,6
34565.jpg,1914,1900,-14
34570.jpg,1914,1930,16
34575.jpg,1914,1930,16
34580.jpg,1914,1930,16
34590.jpg,1914,1920,6
34595.jpg,1914,1930,16
34600.jpg,1914,1930,16
34605.jpg,1914,1850,-64
34610.jpg,1914,1900,-14
34615.jpg,1914,1900,-14
34620.jpg,1914,1850,-64
34625.jpg,1914,1900,-14
34630.jpg,1914,1850,-64
34635.jpg,1914,1850,-64
34640.jpg,1914,1920,6
34645.jpg,1914,1930,16
34650.jpg,1914,1920,6
34655.jpg,1914,1920,6
34660.jpg,1914,1930,16
34665.jpg,1914,1930,16
34670.jpg,1914,1900,-14
34675.jpg,1914,1920,6
34680.jpg,1914,1900,-14
34685.jpg,1914,1930,16
34690.jpg,1914,1920,6
34695.jpg,1914,1900,-14
34700.jpg,1914,1920,6
34705.jpg,1914,1930,16
34710.jpg,1914,1930,16
34715.jpg,1914,1900,-14
34720.jpg,1915,1920,5
34725.jpg,1915,1970,55
34730.jpg,1915,1920,5
34735.jpg,1915,1920,5
34740.jpg,1915,1916,1
34750.jpg,1915,1920,5
34755.jpg,1915,1970,55
34765.jpg,1915,1900,-15
34770.jpg,1915,1930,15
34775.jpg,1915,1920,5
34780.jpg,1915,1930,15
34785.jpg,1915,1930,15
34790.jpg,1915,1930,15
34795.jpg,1915,1900,-15
34800.jpg,1915,1930,15
34805.jpg,1915,1900,-15
34810.jpg,1915,1930,15
34815.jpg,1915,1930,15
34820.jpg,1915,1970,55
34825.jpg,1915,1930,15
34830.jpg,1915,1930,15
34835.jpg,1915,1920,5
34840.jpg,1915,1930,15
34845.jpg,1915,1930,15
34850.jpg,1915,1900,-15
34855.jpg,1915,1920,5
34860.jpg,1915,1930,15
34865.jpg,1915,1920,5
34870.jpg,1915,1930,15
34875.jpg,1915,1970,55
34880.jpg,1915,1900,-15
34885.jpg,1915,1930,15
34890.jpg,1915,1850,-65
34895.jpg,1915,1930,15
34900.jpg,1915,1930,15
34905.jpg,1915,1900,-15
34910.jpg,1915,1970,55
34915.jpg,1915,1900,-15
34920.jpg,1915,1900,-15
34925.jpg,1915,1850,-65
34930.jpg,1915,1970,55
34935.jpg,1915,1920,5
34940.jpg,1915,1900,-15
34945.jpg,1915,1930,15
34950.jpg,1915,1940,25
34955.jpg,1915,1930,15
34960.jpg,1915,1930,15
34965.jpg,1915,1970,55
34970.jpg,1915,1920,5
34975.jpg,1915,1920,5
34980.jpg,1915,1920,5
34985.jpg,1915,1920,5
34990.jpg,1915,1930,15
34995.jpg,1915,1900,-15
35000.jpg,1915,1930,15
35005.jpg,1915,1920,5
35010.jpg,1915,1950,35
35015.jpg,1915,1900,-15
35020.jpg,1915,1920,5
35025.jpg,1915,1900,-15
35030.jpg,1915,1930,15
35035.jpg,1915,1800,-115
35040.jpg,1915,1970,55
35045.jpg,1915,1930,15
35050.jpg,1915,2010,95
35055.jpg,1915,1920,5
35060.jpg,1915,1900,-15
35065.jpg,1915,1920,5
35070.jpg,1915,1900,-15
35075.jpg,1915,1930,15
35080.jpg,1915,1940,25
35085.jpg,1915,1930,15
35090.jpg,1915,1930,15
35095.jpg,1915,2010,95
35100.jpg,1915,1900,-15
35105.jpg,1915,1930,15
35110.jpg,1915,1920,5
35115.jpg,1915,1900,-15
35120.jpg,1915,1920,5
35125.jpg,1915,1930,15
35130.jpg,1915,1920,5
35135.jpg,1915,1850,-65
35140.jpg,1915,1850,-65
35145.jpg,1915,1930,15
35150.jpg,1915,1970,55
35155.jpg,1915,1930,15
35160.jpg,1916,1930,14
35165.jpg,1916,1970,54
35170.jpg,1916,1970,54
35175.jpg,1916,2010,94
35180.jpg,1916,1900,-16
35185.jpg,1916,1930,14
35190.jpg,1916,1930,14
35195.jpg,1916,1930,14
35200.jpg,1916,1930,14
35205.jpg,1916,1930,14
35210.jpg,1916,1930,14
35215.jpg,1916,1920,4
35220.jpg,1916,1930,14
35225.jpg,1916,1920,4
35230.jpg,1916,1930,14
35235.jpg,1916,1930,14
35240.jpg,1916,1930,14
35245.jpg,1916,1920,4
35250.jpg,1916,1900,-16
35255.jpg,1916,1970,54
35260.jpg,1916,1920,4
35265.jpg,1916,1920,4
35270.jpg,1916,1920,4
35275.jpg,1916,1900,-16
35280.jpg,1916,1920,4
35285.jpg,1916,1920,4
35290.jpg,1916,1920,4
35295.jpg,1916,1900,-16
35300.jpg,1916,1900,-16
35305.jpg,1916,1900,-16
35310.jpg,1916,1900,-16
35315.jpg,1916,1900,-16
35320.jpg,1916,1900,-16
35325.jpg,1916,1920,4
35330.jpg,1916,1950,34
35335.jpg,1916,1920,4
35340.jpg,1916,1920,4
35345.jpg,1916,1920,4
35350.jpg,1916,1920,4
35355.jpg,1916,1930,14
35360.jpg,1916,1920,4
35365.jpg,1916,1920,4
35370.jpg,1916,1900,-16
35375.jpg,1916,1920,4
35380.jpg,1916,1900,-16
35385.jpg,1916,1940,24
35390.jpg,1916,1950,34
35395.jpg,1916,1930,14
35400.jpg,1916,1920,4
35405.jpg,1916,1930,14
35410.jpg,1916,1900,-16
35415.jpg,1916,1900,-16
35420.jpg,1916,1900,-16
35425.jpg,1916,1930,14
35430.jpg,1916,1930,14
35435.jpg,1916,1780,-136
35440.jpg,1916,1910,-6
35445.jpg,1916,1930,14
35450.jpg,1916,1930,14
35455.jpg,1916,1900,-16
35460.jpg,1916,1920,4
35465.jpg,1916,1920,4
35470.jpg,1916,1900,-16
35475.jpg,1916,1900,-16
35480.jpg,1916,1930,14
35485.jpg,1916,1850,-66
35490.jpg,1916,1920,4
35495.jpg,1916,1930,14
35500.jpg,1916,1930,14
35505.jpg,1916,1900,-16
35510.jpg,1916,1850,-66
35515.jpg,1916,1930,14
35520.jpg,1916,1920,4
35525.jpg,1916,1930,14
35530.jpg,1916,1900,-16
35535.jpg,1917,1920,3
35540.jpg,1917,1920,3
35545.jpg,1917,1920,3
35550.jpg,1917,1920,3
35555.jpg,1917,1930,13
35560.jpg,1917,1930,13
35565.jpg,1917,2010,93
35570.jpg,1917,1930,13
35575.jpg,1917,1920,3
35580.jpg,1917,1930,13
35585.jpg,1917,1900,-17
35590.jpg,1917,1930,13
35595.jpg,1917,1930,13
35600.jpg,1917,1930,13
35605.jpg,1917,1920,3
35610.jpg,1917,1930,13
35615.jpg,1917,1930,13
35620.jpg,1917,1940,23
35625.jpg,1917,1920,3
35630.jpg,1917,1920,3
35635.jpg,1917,1930,13
35640.jpg,1917,1900,-17
35645.jpg,1917,1930,13
35650.jpg,1917,1930,13
35655.jpg,1917,1900,-17
35660.jpg,1917,1970,53
35665.jpg,1917,1970,53
35670.jpg,1917,1970,53
35675.jpg,1917,1930,13
35680.jpg,1917,1940,23
35685.jpg,1917,1870,-47
35690.jpg,1917,1970,53
35695.jpg,1917,1930,13
35700.jpg,1917,1900,-17
35705.jpg,1917,1930,13
35710.jpg,1917,1930,13
35715.jpg,1917,1930,13
35720.jpg,1917,1970,53
35725.jpg,1917,2010,93
35730.jpg,1917,1970,53
35735.jpg,1917,1930,13
35740.jpg,1917,1900,-17
35745.jpg,1917,1930,13
35750.jpg,1917,1900,-17
35755.jpg,1917,1930,13
35760.jpg,1917,1930,13
35765.jpg,1917,1930,13
35770.jpg,1917,1920,3
35775.jpg,1917,1920,3
35780.jpg,1917,1920,3
35785.jpg,1917,1970,53
35790.jpg,1917,1920,3
35795.jpg,1917,1920,3
35800.jpg,1917,1920,3
35805.jpg,1917,1900,-17
35810.jpg,1917,1920,3
35815.jpg,1917,1920,3
35820.jpg,1917,1930,13
35825.jpg,1917,1900,-17
35830.jpg,1917,1930,13
35835.jpg,1917,1930,13
35840.jpg,1917,1920,3
35845.jpg,1917,1930,13
35850.jpg,1917,1930,13
35855.jpg,1917,1920,3
35860.jpg,1917,1920,3
35865.jpg,1917,1930,13
35870.jpg,1917,1930,13
35875.jpg,1917,1900,-17
35880.jpg,1917,1877,-40
35885.jpg,1917,1930,13
35890.jpg,1917,1900,-17
35895.jpg,1917,1920,3
35900.jpg,1917,2000,83
35905.jpg,1917,1930,13
35910.jpg,1917,1930,13
35915.jpg,1917,1930,13
35920.jpg,1918,1930,12
35925.jpg,1918,2000,82
35930.jpg,1918,1900,-18
35935.jpg,1918,2010,92
35940.jpg,1918,1930,12
35945.jpg,1918,1930,12
35950.jpg,1918,1930,12
35955.jpg,1918,1970,52
35960.jpg,1918,1920,2
35965.jpg,1918,1970,52
35970.jpg,1918,1930,12
35980.jpg,1918,1930,12
35985.jpg,1918,1930,12
35990.jpg,1918,1930,12
35995.jpg,1918,1900,-18
36000.jpg,1918,1900,-18
36005.jpg,1918,1920,2
36010.jpg,1918,1850,-68
36015.jpg,1918,1920,2
36020.jpg,1918,1920,2
36025.jpg,1918,1920,2
36030.jpg,1918,1920,2
36035.jpg,1918,1930,12
36040.jpg,1918,1900,-18
36045.jpg,1918,1900,-18
36050.jpg,1918,1970,52
36055.jpg,1918,1850,-68
36060.jpg,1918,1900,-18
36065.jpg,1918,1900,-18
36070.jpg,1918,1920,2
36075.jpg,1918,1900,-18
36080.jpg,1918,1970,52
36085.jpg,1918,1900,-18
36090.jpg,1918,1930,12
36095.jpg,1918,1920,2
36100.jpg,1918,1850,-68
36105.jpg,1918,1920,2
36110.jpg,1918,1900,-18
36115.jpg,1919,1920,1
36120.jpg,1919,1930,11
36130.jpg,1919,2000,81
36140.jpg,1919,1930,11
36145.jpg,1919,1930,11
36150.jpg,1919,1930,11
36155.jpg,1919,1930,11
36160.jpg,1919,1930,11
36165.jpg,1919,1970,51
36170.jpg,1919,1930,11
36175.jpg,1919,2010,91
36180.jpg,1919,1970,51
36190.jpg,1919,1970,51
36195.jpg,1919,1850,-69
36200.jpg,1919,1900,-19
36205.jpg,1919,1930,11
36210.jpg,1919,1920,1
36215.jpg,1919,1920,1
36225.jpg,1919,1920,1
36230.jpg,1919,1900,-19
36235.jpg,1919,1920,1
36240.jpg,1919,1930,11
36245.jpg,1919,1920,1
36250.jpg,1919,1920,1
36255.jpg,1919,1800,-119
36260.jpg,1919,1900,-19
36265.jpg,1919,1930,11
36270.jpg,1919,1900,-19
36275.jpg,1919,1920,1
36280.jpg,1919,1750,-169
36285.jpg,1919,1970,51
36290.jpg,1919,2010,91
36295.jpg,1919,1920,1
36300.jpg,1919,1920,1
36305.jpg,1919,1920,1
36310.jpg,1919,1930,11
36315.jpg,1919,1900,-19
36320.jpg,1919,2010,91
36325.jpg,1919,1920,1
36330.jpg,1919,1930,11
36335.jpg,1919,1930,11
36340.jpg,1919,1930,11
36345.jpg,1919,1920,1
36350.jpg,1920,1920,0
36355.jpg,1920,1920,0
36360.jpg,1920,1920,0
36365.jpg,1920,1930,10
36370.jpg,1920,1970,50
36375.jpg,1920,1930,10
36385.jpg,1920,1970,50
36390.jpg,1920,1930,10
36395.jpg,1920,1930,10
36400.jpg,1920,1900,-20
36405.jpg,1920,1920,0
36410.jpg,1920,1930,10
36415.jpg,1920,1900,-20
36420.jpg,1920,1920,0
36425.jpg,1920,1970,50
36430.jpg,1920,1930,10
36435.jpg,1920,1920,0
36440.jpg,1920,1850,-70
36445.jpg,1920,1900,-20
36450.jpg,1920,1930,10
36455.jpg,1920,1850,-70
36460.jpg,1920,1930,10
36465.jpg,1920,1850,-70
36470.jpg,1920,1900,-20
36475.jpg,1920,1850,-70
36480.jpg,1920,1920,0
36485.jpg,1920,1920,0
36490.jpg,1920,1900,-20
36495.jpg,1920,1900,-20
36500.jpg,1920,1930,10
36505.jpg,1920,1930,10
36510.jpg,1920,1900,-20
36515.jpg,1920,1940,20
36520.jpg,1920,1900,-20
36525.jpg,1920,1900,-20
36530.jpg,1920,1900,-20
36535.jpg,1920,1920,0
36540.jpg,1920,1930,10
36545.jpg,1920,1900,-20
36550.jpg,1920,1920,0
36555.jpg,1920,1900,-20
36560.jpg,1920,1930,10
36565.jpg,1920,1850,-70
36570.jpg,1920,1900,-20
36575.jpg,1920,1900,-20
36580.jpg,1920,1930,10
36585.jpg,1920,1920,0
36590.jpg,1920,1920,0
36595.jpg,1920,1850,-70
36600.jpg,1920,2000,80
36605.jpg,1920,1900,-20
36610.jpg,1920,1930,10
36615.jpg,1920,1900,-20
36620.jpg,1920,1900,-20
36625.jpg,1920,1930,10
36630.jpg,1920,1930,10
36635.jpg,1920,1920,0
36640.jpg,1920,1900,-20
36650.jpg,1920,1930,10
36655.jpg,1920,1930,10
36660.jpg,1920,1920,0
36665.jpg,1920,1950,30
36670.jpg,1920,1950,30
36675.jpg,1920,1900,-20
36680.jpg,1920,1920,0
36685.jpg,1920,1850,-70
36690.jpg,1921,1920,-1
36695.jpg,1921,1930,9
36700.jpg,1921,1970,49
36705.jpg,1921,1930,9
36710.jpg,1921,1920,-1
36715.jpg,1921,1925,4
36720.jpg,1921,2010,89
36725.jpg,1921,1920,-1
36735.jpg,1921,1970,49
36740.jpg,1921,1920,-1
36745.jpg,1921,1930,9
36750.jpg,1921,1930,9
36755.jpg,1921,1930,9
36760.jpg,1921,1900,-21
36765.jpg,1921,1930,9
36770.jpg,1921,1930,9
36775.jpg,1921,1930,9
36780.jpg,1921,1920,-1
36785.jpg,1921,1930,9
36790.jpg,1921,1930,9
36795.jpg,1921,1920,-1
36800.jpg,1921,1900,-21
36805.jpg,1921,1900,-21
36810.jpg,1921,1850,-71
36815.jpg,1921,1930,9
36820.jpg,1921,1900,-21
36830.jpg,1921,1930,9
36835.jpg,1921,1920,-1
36840.jpg,1921,1920,-1
36845.jpg,1921,1930,9
36850.jpg,1921,1920,-1
36855.jpg,1921,1920,-1
36860.jpg,1921,1920,-1
36870.jpg,1921,1930,9
36875.jpg,1921,1930,9
36880.jpg,1921,1930,9
36885.jpg,1921,1930,9
36890.jpg,1921,1930,9
36895.jpg,1921,1930,9
36900.jpg,1921,1970,49
36905.jpg,1921,1930,9
36910.jpg,1921,1900,-21
36920.jpg,1921,1914,-7
36925.jpg,1921,1930,9
36930.jpg,1921,1970,49
36935.jpg,1921,1920,-1
36940.jpg,1921,1850,-71
36945.jpg,1921,1930,9
36950.jpg,1921,1930,9
36955.jpg,1921,1920,-1
36960.jpg,1921,1900,-21
36965.jpg,1921,1930,9
36970.jpg,1922,1920,-2
36975.jpg,1922,1930,8
36980.jpg,1922,1920,-2
36985.jpg,1922,1930,8
36990.jpg,1922,1925,3
36995.jpg,1922,1970,48
37000.jpg,1922,1970,48
37005.jpg,1922,2020,98
37010.jpg,1922,1921,-1
37015.jpg,1922,2010,88
37020.jpg,1922,1850,-72
37025.jpg,1922,1930,8
37030.jpg,1922,1930,8
37045.jpg,1922,1930,8
37050.jpg,1922,1930,8
37055.jpg,1922,1920,-2
37060.jpg,1922,1930,8
37065.jpg,1922,1920,-2
37070.jpg,1922,1930,8
37075.jpg,1922,1900,-22
37080.jpg,1922,1930,8
37085.jpg,1922,1800,-122
37090.jpg,1922,1920,-2
37095.jpg,1922,1920,-2
37100.jpg,1922,1930,8
37105.jpg,1922,1900,-22
37110.jpg,1922,1900,-22
37115.jpg,1922,1900,-22
37120.jpg,1922,1920,-2
37125.jpg,1922,1920,-2
37130.jpg,1922,1930,8
37135.jpg,1922,1900,-22
37140.jpg,1922,1900,-22
37145.jpg,1922,1930,8
37150.jpg,1922,1900,-22
37155.jpg,1922,1920,-2
37160.jpg,1922,1900,-22
37165.jpg,1922,1920,-2
37170.jpg,1922,1930,8
37175.jpg,1922,1900,-22
37180.jpg,1922,1930,8
37185.jpg,1922,1900,-22
37190.jpg,1922,1930,8
37195.jpg,1922,1850,-72
37200.jpg,1922,1930,8
37205.jpg,1922,1970,48
37210.jpg,1922,1920,-2
37215.jpg,1922,1930,8
37220.jpg,1922,1930,8
37225.jpg,1922,2010,88
37230.jpg,1922,1900,-22
37235.jpg,1922,1920,-2
37240.jpg,1922,1900,-22
37245.jpg,1922,1920,-2
37250.jpg,1922,1930,8
37255.jpg,1922,2010,88
37260.jpg,1922,1970,48
37270.jpg,1922,1930,8
37275.jpg,1922,1930,8
37280.jpg,1922,1930,8
37285.jpg,1922,1970,48
37290.jpg,1922,1930,8
37295.jpg,1922,1970,48
37300.jpg,1922,1850,-72
37305.jpg,1922,1920,-2
37310.jpg,1923,1940,17
37315.jpg,1923,1930,7
37320.jpg,1923,1950,27
37330.jpg,1923,2000,77
37335.jpg,1923,1950,27
37340.jpg,1923,2010,87
37345.jpg,1923,2010,87
37355.jpg,1923,1930,7
37360.jpg,1923,1900,-23
37365.jpg,1923,1930,7
37370.jpg,1923,1930,7
37375.jpg,1923,1930,7
37380.jpg,1923,1930,7
37385.jpg,1923,1930,7
37390.jpg,1923,1920,-3
37395.jpg,1923,1930,7
37400.jpg,1923,1900,-23
37405.jpg,1923,1920,-3
37410.jpg,1923,1920,-3
37415.jpg,1923,1930,7
37420.jpg,1923,1930,7
37425.jpg,1923,1950,27
37430.jpg,1923,1920,-3
37435.jpg,1923,1920,-3
37440.jpg,1923,1930,7
37445.jpg,1923,1930,7
37450.jpg,1923,1930,7
37455.jpg,1923,1920,-3
37460.jpg,1923,2000,77
37465.jpg,1923,1930,7
37470.jpg,1923,1970,47
37475.jpg,1923,1900,-23
37480.jpg,1923,1920,-3
37485.jpg,1923,1930,7
37490.jpg,1923,1920,-3
37495.jpg,1923,1970,47
37500.jpg,1923,1930,7
37505.jpg,1923,1930,7
37510.jpg,1923,1900,-23
37515.jpg,1923,1940,17
37520.jpg,1923,1850,-73
37525.jpg,1923,1920,-3
37530.jpg,1923,1920,-3
37535.jpg,1923,1920,-3
37540.jpg,1923,1930,7
37545.jpg,1923,1930,7
37550.jpg,1923,1920,-3
37555.jpg,1923,1920,-3
37560.jpg,1923,1920,-3
37565.jpg,1923,1800,-123
37570.jpg,1923,1920,-3
37575.jpg,1923,1920,-3
37580.jpg,1923,1930,7
37585.jpg,1923,1930,7
37590.jpg,1923,1920,-3
37595.jpg,1923,1900,-23
37600.jpg,1923,1970,47
37605.jpg,1923,1920,-3
37610.jpg,1923,1750,-173
37615.jpg,1923,1930,7
37620.jpg,1923,1970,47
37625.jpg,1923,1930,7
37630.jpg,1923,1920,-3
37635.jpg,1923,1930,7
37640.jpg,1923,1900,-23
37645.jpg,1923,1900,-23
37650.jpg,1923,1930,7
37655.jpg,1923,1930,7
37660.jpg,1923,1920,-3
37665.jpg,1923,1920,-3
37670.jpg,1924,1920,-4
37675.jpg,1924,1920,-4
37680.jpg,1924,1920,-4
37685.jpg,1924,1920,-4
37690.jpg,1924,1920,-4
37695.jpg,1924,1930,6
37700.jpg,1924,1920,-4
37705.jpg,1924,1970,46
37710.jpg,1924,2000,76
37715.jpg,1924,1950,26
37720.jpg,1924,1970,46
37725.jpg,1924,1970,46
37730.jpg,1924,1970,46
37735.jpg,1924,1920,-4
37740.jpg,1924,1930,6
37745.jpg,1924,1920,-4
37750.jpg,1924,1930,6
37755.jpg,1924,1930,6
37760.jpg,1924,1930,6
37765.jpg,1924,1920,-4
37770.jpg,1924,1970,46
37775.jpg,1924,1930,6
37780.jpg,1924,1920,-4
37785.jpg,1924,1920,-4
37790.jpg,1924,1930,6
37795.jpg,1924,1920,-4
37805.jpg,1924,1930,6
37810.jpg,1924,1930,6
37815.jpg,1924,1930,6
37820.jpg,1924,1850,-74
37825.jpg,1924,1920,-4
37830.jpg,1924,1920,-4
37835.jpg,1924,1930,6
37845.jpg,1924,2010,86
37850.jpg,1924,1930,6
37855.jpg,1924,1900,-24
37860.jpg,1924,1930,6
37865.jpg,1924,1900,-24
37870.jpg,1924,1920,-4
37875.jpg,1924,1970,46
37880.jpg,1924,1940,16
37885.jpg,1924,1850,-74
37890.jpg,1924,1920,-4
37895.jpg,1924,1970,46
37900.jpg,1924,1930,6
37905.jpg,1924,1920,-4
37910.jpg,1924,1920,-4
37915.jpg,1924,1900,-24
37920.jpg,1924,1930,6
37925.jpg,1924,1930,6
37930.jpg,1924,1920,-4
37935.jpg,1924,1750,-174
37940.jpg,1924,1930,6
37945.jpg,1924,2000,76
37950.jpg,1924,1930,6
37955.jpg,1924,2010,86
37960.jpg,1924,2000,76
37965.jpg,1924,1970,46
37970.jpg,1924,1850,-74
37975.jpg,1924,1930,6
37980.jpg,1924,1920,-4
37985.jpg,1924,2010,86
37990.jpg,1924,1930,6
37995.jpg,1924,1970,46
38000.jpg,1924,1924,0
38005.jpg,1924,1970,46
38010.jpg,1924,1920,-4
38015.jpg,1924,1920,-4
38020.jpg,1924,1850,-74
38025.jpg,1924,1970,46
38030.jpg,1924,1920,-4
38035.jpg,1924,1930,6
38040.jpg,1924,1900,-24
38045.jpg,1924,1930,6
38050.jpg,1924,1930,6
38055.jpg,1924,1930,6
38060.jpg,1924,1850,-74
38065.jpg,1924,1920,-4
38070.jpg,1924,1930,6
38075.jpg,1924,1930,6
38080.jpg,1925,1920,-5
38085.jpg,1925,1900,-25
38090.jpg,1925,1930,5
38095.jpg,1925,1920,-5
38100.jpg,1925,1910,-15
38105.jpg,1925,1920,-5
38110.jpg,1925,1930,5
38115.jpg,1925,1970,45
38120.jpg,1925,2020,95
38125.jpg,1925,2020,95
38130.jpg,1925,2010,85
38135.jpg,1925,2010,85
38140.jpg,1925,1920,-5
38145.jpg,1925,1930,5
38150.jpg,1925,1930,5
38155.jpg,1925,1920,-5
38160.jpg,1925,1930,5
38165.jpg,1925,1930,5
38170.jpg,1925,1930,5
38175.jpg,1925,1930,5
38180.jpg,1925,1930,5
38185.jpg,1925,1930,5
38190.jpg,1925,1970,45
38195.jpg,1925,1930,5
38200.jpg,1925,1930,5
38205.jpg,1925,1930,5
38210.jpg,1925,1930,5
38215.jpg,1925,1930,5
38220.jpg,1925,1930,5
38225.jpg,1925,1920,-5
38230.jpg,1925,1920,-5
38235.jpg,1925,1930,5
38245.jpg,1925,1930,5
38255.jpg,1925,2000,75
38260.jpg,1925,1970,45
38265.jpg,1925,1920,-5
38270.jpg,1925,1900,-25
38275.jpg,1925,1930,5
38280.jpg,1925,1970,45
38285.jpg,1925,1970,45
38290.jpg,1925,1850,-75
38295.jpg,1925,1920,-5
38300.jpg,1925,1930,5
38305.jpg,1925,1970,45
38310.jpg,1925,1900,-25
38315.jpg,1925,1920,-5
38320.jpg,1925,1920,-5
38325.jpg,1925,1920,-5
38330.jpg,1925,1930,5
38335.jpg,1925,1920,-5
38340.jpg,1925,1930,5
38345.jpg,1925,1930,5
38350.jpg,1925,1920,-5
38355.jpg,1925,1930,5
38360.jpg,1925,1920,-5
38365.jpg,1925,1920,-5
38370.jpg,1925,1930,5
38375.jpg,1925,1920,-5
38380.jpg,1925,1930,5
38385.jpg,1925,1930,5
38390.jpg,1925,1930,5
38395.jpg,1925,1900,-25
38400.jpg,1925,1920,-5
38405.jpg,1925,1930,5
38410.jpg,1925,1920,-5
38415.jpg,1925,1930,5
38420.jpg,1925,1920,-5
38425.jpg,1925,1900,-25
38435.jpg,1925,1970,45
38440.jpg,1925,1920,-5
38450.jpg,1925,1930,5
38455.jpg,1925,1930,5
38460.jpg,1925,1930,5
38465.jpg,1925,1920,-5
38470.jpg,1925,1970,45
38475.jpg,1925,1920,-5
38480.jpg,1925,1920,-5
38490.jpg,1925,1897,-28
38495.jpg,1925,1930,5
38500.jpg,1925,1930,5
38505.jpg,1925,1850,-75
38510.jpg,1925,1920,-5
38515.jpg,1926,1820,-106
38520.jpg,1926,1920,-6
38525.jpg,1926,1930,4
38530.jpg,1926,1920,-6
38535.jpg,1926,1970,44
38540.jpg,1926,1920,-6
38545.jpg,1926,1900,-26
38550.jpg,1926,1920,-6
38555.jpg,1926,1970,44
38560.jpg,1926,1920,-6
38565.jpg,1926,1900,-26
38570.jpg,1926,1930,4
38575.jpg,1926,2000,74
38580.jpg,1926,1970,44
38585.jpg,1926,1970,44
38590.jpg,1926,1970,44
38595.jpg,1926,2020,94
38600.jpg,1926,2004,78
38605.jpg,1926,2010,84
38610.jpg,1926,1900,-26
38620.jpg,1926,1930,4
38625.jpg,1926,1930,4
38630.jpg,1926,1930,4
38635.jpg,1926,1930,4
38640.jpg,1926,1970,44
38645.jpg,1926,1970,44
38650.jpg,1926,1930,4
38655.jpg,1926,1970,44
38660.jpg,1926,1930,4
38665.jpg,1926,1970,44
38670.jpg,1926,1930,4
38675.jpg,1926,1970,44
38680.jpg,1926,1930,4
38685.jpg,1926,1970,44
38690.jpg,1926,1930,4
38695.jpg,1926,1930,4
38700.jpg,1926,1930,4
38705.jpg,1926,1910,-16
38710.jpg,1926,1920,-6
38715.jpg,1926,1930,4
38720.jpg,1926,1920,-6
38725.jpg,1926,1930,4
38730.jpg,1926,1920,-6
38735.jpg,1926,1930,4
38740.jpg,1926,1930,4
38745.jpg,1926,1930,4
38750.jpg,1926,1930,4
38755.jpg,1926,1920,-6
38760.jpg,1926,1940,14
38765.jpg,1926,1920,-6
38770.jpg,1926,1920,-6
38775.jpg,1926,1750,-176
38780.jpg,1926,1920,-6
38785.jpg,1926,1970,44
38790.jpg,1926,1920,-6
38795.jpg,1926,1930,4
38800.jpg,1926,1920,-6
38805.jpg,1926,1800,-126
38810.jpg,1926,1930,4
38815.jpg,1926,1800,-126
38820.jpg,1926,1920,-6
38825.jpg,1926,1920,-6
38830.jpg,1926,1900,-26
38835.jpg,1926,1900,-26
38840.jpg,1926,1930,4
38845.jpg,1926,1930,4
38850.jpg,1926,1900,-26
38855.jpg,1926,1930,4
38860.jpg,1926,1930,4
38865.jpg,1926,1920,-6
38870.jpg,1926,1900,-26
38875.jpg,1926,1920,-6
38880.jpg,1926,1920,-6
38885.jpg,1926,1920,-6
38890.jpg,1926,1930,4
38895.jpg,1926,1900,-26
38905.jpg,1926,1920,-6
38910.jpg,1926,1920,-6
38915.jpg,1926,1970,44
38920.jpg,1926,1930,4
38925.jpg,1926,1920,-6
38930.jpg,1926,1930,4
38935.jpg,1926,1920,-6
38940.jpg,1926,1920,-6
38945.jpg,1926,1920,-6
38950.jpg,1926,1930,4
38955.jpg,1926,1970,44
38960.jpg,1926,1930,4
38965.jpg,1926,1920,-6
38970.jpg,1926,1920,-6
38975.jpg,1926,1930,4
38980.jpg,1926,1900,-26
38985.jpg,1926,1920,-6
38990.jpg,1926,1930,4
38995.jpg,1927,1920,-7
39000.jpg,1927,1920,-7
39005.jpg,1927,1920,-7
39010.jpg,1927,1920,-7
39020.jpg,1927,1970,43
39025.jpg,1927,1930,3
39030.jpg,1927,1930,3
39035.jpg,1927,1920,-7
39040.jpg,1927,1925,-2
39045.jpg,1927,1930,3
39050.jpg,1927,1920,-7
39055.jpg,1927,1930,3
39060.jpg,1927,1920,-7
39065.jpg,1927,1930,3
39070.jpg,1927,1930,3
39075.jpg,1927,1920,-7
39080.jpg,1927,1930,3
39085.jpg,1927,2000,73
39090.jpg,1927,1970,43
39110.jpg,1927,2020,93
39115.jpg,1927,1930,3
39120.jpg,1927,1930,3
39125.jpg,1927,1930,3
39130.jpg,1927,1930,3
39135.jpg,1927,1930,3
39140.jpg,1927,1930,3
39145.jpg,1927,1930,3
39150.jpg,1927,1930,3
39155.jpg,1927,1930,3
39160.jpg,1927,1930,3
39165.jpg,1927,1930,3
39170.jpg,1927,1920,-7
39175.jpg,1927,1930,3
39180.jpg,1927,1930,3
39185.jpg,1927,1930,3
39190.jpg,1927,1920,-7
39195.jpg,1927,1930,3
39200.jpg,1927,1930,3
39205.jpg,1927,1930,3
39210.jpg,1927,1970,43
39215.jpg,1927,1930,3
39220.jpg,1927,1970,43
39225.jpg,1927,1900,-27
39230.jpg,1927,1920,-7
39235.jpg,1927,1930,3
39240.jpg,1927,1930,3
39245.jpg,1927,1930,3
39250.jpg,1927,1920,-7
39255.jpg,1927,1920,-7
39260.jpg,1927,1970,43
39265.jpg,1927,1930,3
39270.jpg,1927,1930,3
39275.jpg,1927,1970,43
39280.jpg,1927,1920,-7
39285.jpg,1927,1920,-7
39290.jpg,1927,1850,-77
39295.jpg,1927,1930,3
39300.jpg,1927,1920,-7
39305.jpg,1927,1920,-7
39310.jpg,1927,1920,-7
39315.jpg,1927,1930,3
39320.jpg,1927,1800,-127
39325.jpg,1927,1970,43
39330.jpg,1927,1920,-7
39335.jpg,1927,1930,3
39340.jpg,1927,1920,-7
39345.jpg,1927,1920,-7
39350.jpg,1927,1920,-7
39355.jpg,1927,1970,43
39360.jpg,1927,1930,3
39365.jpg,1927,1930,3
39370.jpg,1927,2010,83
39375.jpg,1927,1900,-27
39380.jpg,1927,1920,-7
39385.jpg,1927,1930,3
39390.jpg,1927,1930,3
39395.jpg,1927,1450,-477
39400.jpg,1927,1920,-7
39405.jpg,1927,1970,43
39410.jpg,1927,1970,43
39415.jpg,1927,1930,3
39420.jpg,1927,1927,0
39425.jpg,1927,1930,3
39430.jpg,1927,1920,-7
39435.jpg,1927,1800,-127
39440.jpg,1927,1930,3
39445.jpg,1927,1900,-27
39450.jpg,1927,1900,-27
39455.jpg,1927,1920,-7
39460.jpg,1927,1970,43
39465.jpg,1927,1900,-27
39470.jpg,1927,1900,-27
39475.jpg,1927,1920,-7
39480.jpg,1927,1930,3
39485.jpg,1927,1900,-27
39490.jpg,1927,1900,-27
39495.jpg,1927,1930,3
39500.jpg,1927,1920,-7
39505.jpg,1927,1970,43
39510.jpg,1928,1930,2
39515.jpg,1928,1920,-8
39520.jpg,1928,1930,2
39525.jpg,1928,1920,-8
39530.jpg,1928,1930,2
39535.jpg,1928,1920,-8
39540.jpg,1928,1920,-8
39545.jpg,1928,1920,-8
39550.jpg,1928,1920,-8
39555.jpg,1928,1920,-8
39560.jpg,1928,1920,-8
39565.jpg,1928,1930,2
39570.jpg,1928,1920,-8
39575.jpg,1928,2010,82
39580.jpg,1928,1930,2
39585.jpg,1928,1930,2
39590.jpg,1928,1930,2
39595.jpg,1928,1920,-8
39600.jpg,1928,1970,42
39605.jpg,1928,2010,82
39610.jpg,1928,1970,42
39615.jpg,1928,2000,72
39620.jpg,1928,1930,2
39625.jpg,1928,1930,2
39630.jpg,1928,1930,2
39635.jpg,1928,1930,2
39640.jpg,1928,1930,2
39645.jpg,1928,1930,2
39650.jpg,1928,1930,2
39655.jpg,1928,1930,2
39660.jpg,1928,1930,2
39665.jpg,1928,1930,2
39670.jpg,1928,1930,2
39675.jpg,1928,1930,2
39680.jpg,1928,1920,-8
39685.jpg,1928,1930,2
39690.jpg,1928,1930,2
39695.jpg,1928,1930,2
39700.jpg,1928,1930,2
39705.jpg,1928,1930,2
39710.jpg,1928,1920,-8
39715.jpg,1928,1930,2
39720.jpg,1928,1930,2
39725.jpg,1928,1850,-78
39730.jpg,1928,1930,2
39735.jpg,1928,1900,-28
39740.jpg,1928,1970,42
39745.jpg,1928,1970,42
39750.jpg,1928,1970,42
39755.jpg,1928,1930,2
39760.jpg,1928,1850,-78
39765.jpg,1928,1900,-28
39770.jpg,1928,1750,-178
39775.jpg,1928,1930,2
39780.jpg,1928,1900,-28
39785.jpg,1928,1920,-8
39790.jpg,1928,1920,-8
39795.jpg,1928,1940,12
39800.jpg,1928,1920,-8
39805.jpg,1928,1920,-8
39810.jpg,1928,1930,2
39815.jpg,1928,1920,-8
39820.jpg,1928,1920,-8
39825.jpg,1928,1940,12
39830.jpg,1928,1930,2
39835.jpg,1928,1930,2
39840.jpg,1928,1920,-8
39845.jpg,1928,1930,2
39850.jpg,1928,1970,42
39855.jpg,1928,1920,-8
39860.jpg,1928,1920,-8
39865.jpg,1928,1850,-78
39870.jpg,1928,1750,-178
39875.jpg,1928,1920,-8
39880.jpg,1928,1930,2
39885.jpg,1928,1930,2
39890.jpg,1928,1920,-8
39895.jpg,1928,1930,2
39900.jpg,1928,2000,72
39905.jpg,1928,1930,2
39910.jpg,1928,1930,2
39915.jpg,1928,1850,-78
39920.jpg,1928,1900,-28
39925.jpg,1928,1970,42
39930.jpg,1928,1930,2
39935.jpg,1928,1930,2
39940.jpg,1928,1930,2
39945.jpg,1928,1930,2
39950.jpg,1928,1930,2
39955.jpg,1928,1850,-78
39960.jpg,1928,1930,2
39965.jpg,1928,1920,-8
39970.jpg,1928,1930,2
39975.jpg,1928,1900,-28
39980.jpg,1928,1930,2
39985.jpg,1928,1930,2
39990.jpg,1928,1930,2
39995.jpg,1928,1930,2
40000.jpg,1928,1930,2
40010.jpg,1928,1970,42
40015.jpg,1928,1900,-28
40020.jpg,1928,1920,-8
40025.jpg,1928,1920,-8
40030.jpg,1928,1920,-8
40035.jpg,1928,1920,-8
40040.jpg,1928,1930,2
40045.jpg,1929,1930,1
40050.jpg,1929,1930,1
40055.jpg,1929,1930,1
40060.jpg,1929,1920,-9
40065.jpg,1929,1920,-9
40070.jpg,1929,1920,-9
40075.jpg,1929,1920,-9
40080.jpg,1929,1970,41
40095.jpg,1929,1930,1
40105.jpg,1929,1930,1
40110.jpg,1929,1930,1
40115.jpg,1929,1920,-9
40120.jpg,1929,1930,1
40125.jpg,1929,1930,1
40130.jpg,1929,1930,1
40135.jpg,1929,1920,-9
40140.jpg,1929,1970,41
40145.jpg,1929,1930,1
40150.jpg,1929,1930,1
40155.jpg,1929,1930,1
40160.jpg,1929,1970,41
40165.jpg,1929,1930,1
40170.jpg,1929,1930,1
40175.jpg,1929,1930,1
40180.jpg,1929,1930,1
40185.jpg,1929,1930,1
40190.jpg,1929,1900,-29
40195.jpg,1929,1930,1
40200.jpg,1929,1930,1
40205.jpg,1929,1930,1
40210.jpg,1929,1970,41
40215.jpg,1929,1930,1
40220.jpg,1929,1930,1
40225.jpg,1929,1930,1
40230.jpg,1929,1850,-79
40235.jpg,1929,1930,1
40240.jpg,1929,2000,71
40245.jpg,1929,2010,81
40250.jpg,1929,1970,41
40255.jpg,1929,1930,1
40260.jpg,1929,1900,-29
40265.jpg,1929,1970,41
40270.jpg,1929,1930,1
40275.jpg,1929,1970,41
40280.jpg,1929,1930,1
40285.jpg,1929,1930,1
40290.jpg,1929,1800,-129
40295.jpg,1929,1930,1
40305.jpg,1929,1920,-9
40310.jpg,1929,1930,1
40315.jpg,1929,1920,-9
40320.jpg,1929,1930,1
40325.jpg,1929,1930,1
40330.jpg,1929,1900,-29
40335.jpg,1929,1700,-229
40340.jpg,1929,1930,1
40345.jpg,1929,1850,-79
40350.jpg,1929,1900,-29
40355.jpg,1929,1920,-9
40360.jpg,1929,1920,-9
40365.jpg,1929,1930,1
40370.jpg,1929,1920,-9
40375.jpg,1929,1920,-9
40380.jpg,1929,1920,-9
40385.jpg,1929,1930,1
40390.jpg,1929,1930,1
40395.jpg,1929,1970,41
40400.jpg,1929,1920,-9
40405.jpg,1929,1900,-29
40410.jpg,1929,1920,-9
40415.jpg,1929,1930,1
40420.jpg,1929,1930,1
40425.jpg,1929,1930,1
40430.jpg,1929,1900,-29
40435.jpg,1929,1930,1
40440.jpg,1929,1920,-9
40450.jpg,1929,1920,-9
40455.jpg,1929,1930,1
40460.jpg,1929,1940,11
40465.jpg,1929,1930,1
40470.jpg,1929,1930,1
40475.jpg,1929,1930,1
40480.jpg,1929,1930,1
40485.jpg,1929,1930,1
40490.jpg,1929,1900,-29
40495.jpg,1929,1900,-29
40500.jpg,1929,1930,1
40505.jpg,1929,1970,41
40510.jpg,1929,1930,1
40515.jpg,1929,1930,1
40520.jpg,1929,1930,1
40525.jpg,1929,1900,-29
40530.jpg,1929,1930,1
40535.jpg,1929,1930,1
40540.jpg,1930,1920,-10
40545.jpg,1930,2010,80
40550.jpg,1930,1970,40
40555.jpg,1930,1930,0
40560.jpg,1930,2000,70
40565.jpg,1930,1970,40
40570.jpg,1930,1900,-30
40575.jpg,1930,1930,0
40580.jpg,1930,1900,-30
40585.jpg,1930,1930,0
40590.jpg,1930,1930,0
40595.jpg,1930,1930,0
40600.jpg,1930,1930,0
40605.jpg,1930,1930,0
40610.jpg,1930,1900,-30
40615.jpg,1930,1920,-10
40620.jpg,1930,1920,-10
40625.jpg,1930,1930,0
40630.jpg,1930,1930,0
40635.jpg,1930,1920,-10
40640.jpg,1930,1930,0
40645.jpg,1930,1970,40
40650.jpg,1930,1930,0
40655.jpg,1930,1930,0
40660.jpg,1930,1850,-80
40665.jpg,1930,1900,-30
40670.jpg,1930,2010,80
40675.jpg,1930,1850,-80
40680.jpg,1930,1920,-10
40685.jpg,1930,1920,-10
40690.jpg,1930,1930,0
40695.jpg,1930,1930,0
40700.jpg,1930,1930,0
40705.jpg,1930,1930,0
40710.jpg,1930,1800,-130
40715.jpg,1930,1900,-30
40720.jpg,1930,1970,40
40725.jpg,1930,1930,0
40730.jpg,1930,1970,40
40735.jpg,1930,1900,-30
40740.jpg,1930,1900,-30
40745.jpg,1930,1920,-10
40750.jpg,1930,1920,-10
40755.jpg,1930,1930,0
40760.jpg,1930,1930,0
40765.jpg,1930,1930,0
40770.jpg,1930,1930,0
40775.jpg,1930,1930,0
40780.jpg,1930,2000,70
40785.jpg,1930,1940,10
40790.jpg,1930,1930,0
40795.jpg,1930,1920,-10
40800.jpg,1930,1920,-10
40805.jpg,1930,1920,-10
40810.jpg,1930,1925,-5
40815.jpg,1930,1930,0
40820.jpg,1930,1930,0
40825.jpg,1930,1930,0
40830.jpg,1930,1930,0
40835.jpg,1930,1970,40
40840.jpg,1930,1920,-10
40845.jpg,1930,1970,40
40850.jpg,1930,1930,0
40855.jpg,1930,1930,0
40860.jpg,1930,1930,0
40865.jpg,1930,1930,0
40870.jpg,1930,1930,0
40875.jpg,1930,1930,0
40885.jpg,1930,1930,0
40890.jpg,1930,1930,0
40895.jpg,1930,1930,0
40900.jpg,1930,1930,0
40905.jpg,1930,1920,-10
40910.jpg,1930,2010,80
40915.jpg,1930,1930,0
40920.jpg,1930,1920,-10
40925.jpg,1930,1930,0
40930.jpg,1930,1920,-10
40935.jpg,1930,1930,0
40940.jpg,1930,1920,-10
40950.jpg,1930,1920,-10
40960.jpg,1930,1930,0
40965.jpg,1931,1970,39
40970.jpg,1931,1950,19
40975.jpg,1931,1930,-1
40980.jpg,1931,1930,-1
40985.jpg,1931,1921,-10
40990.jpg,1931,1920,-11
40995.jpg,1931,1930,-1
41000.jpg,1931,1930,-1
41005.jpg,1931,1930,-1
41010.jpg,1931,1970,39
41015.jpg,1931,1970,39
41020.jpg,1931,1930,-1
41025.jpg,1931,1930,-1
41030.jpg,1931,2010,79
41035.jpg,1931,1930,-1
41040.jpg,1931,1930,-1
41045.jpg,1931,1930,-1
41050.jpg,1931,1930,-1
41055.jpg,1931,1930,-1
41060.jpg,1931,1930,-1
41065.jpg,1931,1930,-1
41070.jpg,1931,1930,-1
41075.jpg,1931,1970,39
41080.jpg,1931,1930,-1
41085.jpg,1931,1930,-1
41095.jpg,1931,1930,-1
41100.jpg,1931,1930,-1
41105.jpg,1931,1930,-1
41110.jpg,1931,1970,39
41115.jpg,1931,1930,-1
41120.jpg,1931,1930,-1
41125.jpg,1931,1930,-1
41130.jpg,1931,2010,79
41135.jpg,1931,1920,-11
41140.jpg,1931,1930,-1
41150.jpg,1931,1900,-31
41155.jpg,1931,1900,-31
41160.jpg,1931,1930,-1
41165.jpg,1931,1900,-31
41170.jpg,1931,1900,-31
41175.jpg,1931,1900,-31
41180.jpg,1931,1930,-1
41185.jpg,1931,1920,-11
41190.jpg,1931,1920,-11
41195.jpg,1931,1920,-11
41200.jpg,1931,1930,-1
41205.jpg,1931,1900,-31
41210.jpg,1931,1920,-11
41215.jpg,1931,1970,39
41220.jpg,1931,1930,-1
41225.jpg,1931,1900,-31
41230.jpg,1931,1920,-11
41235.jpg,1931,2000,69
41240.jpg,1931,1920,-11
41245.jpg,1931,1880,-51
41250.jpg,1931,1930,-1
41255.jpg,1931,1930,-1
41260.jpg,1931,1920,-11
41265.jpg,1931,1930,-1
41270.jpg,1931,1900,-31
41275.jpg,1931,1930,-1
41280.jpg,1931,1940,9
41285.jpg,1931,1930,-1
41290.jpg,1931,1970,39
41295.jpg,1931,1970,39
41305.jpg,1931,1930,-1
41310.jpg,1932,1920,-12
41320.jpg,1932,1932,0
41325.jpg,1932,1750,-182
41330.jpg,1932,1930,-2
41340.jpg,1932,2000,68
41345.jpg,1932,1930,-2
41350.jpg,1932,1920,-12
41355.jpg,1932,1930,-2
41360.jpg,1932,1930,-2
41365.jpg,1932,1930,-2
41370.jpg,1932,1930,-2
41375.jpg,1932,1950,18
41380.jpg,1932,1930,-2
41385.jpg,1932,1920,-12
41390.jpg,1932,1950,18
41395.jpg,1932,1930,-2
41400.jpg,1932,1970,38
41405.jpg,1932,1930,-2
41410.jpg,1932,1900,-32
41415.jpg,1932,1932,0
41420.jpg,1932,1900,-32
41425.jpg,1932,1850,-82
41430.jpg,1932,1920,-12
41435.jpg,1932,1850,-82
41440.jpg,1932,1750,-182
41445.jpg,1932,1920,-12
41450.jpg,1932,1970,38
41455.jpg,1932,1750,-182
41460.jpg,1932,1750,-182
41465.jpg,1932,2000,68
41470.jpg,1932,2000,68
41475.jpg,1932,1900,-32
41480.jpg,1932,1930,-2
41485.jpg,1932,1930,-2
41490.jpg,1932,1970,38
41495.jpg,1932,1930,-2
41500.jpg,1932,2000,68
41505.jpg,1932,1900,-32
41510.jpg,1932,1930,-2
41515.jpg,1932,1930,-2
41520.jpg,1932,1930,-2
41525.jpg,1932,1930,-2
41530.jpg,1932,1920,-12
41535.jpg,1932,1970,38
41540.jpg,1932,2020,88
41545.jpg,1932,1970,38
41550.jpg,1932,2000,68
41555.jpg,1932,1920,-12
41560.jpg,1932,1900,-32
41565.jpg,1932,1930,-2
41570.jpg,1933,1970,37
41575.jpg,1933,1930,-3
41580.jpg,1933,1850,-83
41585.jpg,1933,1970,37
41590.jpg,1933,1970,37
41595.jpg,1933,1930,-3
41600.jpg,1933,1850,-83
41605.jpg,1933,1920,-13
41610.jpg,1933,1930,-3
41615.jpg,1933,1910,-23
41620.jpg,1933,2010,77
41625.jpg,1933,1970,37
41630.jpg,1933,1930,-3
41635.jpg,1933,1930,-3
41640.jpg,1933,1750,-183
41645.jpg,1933,1850,-83
41650.jpg,1933,1930,-3
41655.jpg,1933,1890,-43
41660.jpg,1933,1930,-3
41665.jpg,1933,1940,7
41670.jpg,1933,1930,-3
41675.jpg,1933,1930,-3
41680.jpg,1933,1970,37
41685.jpg,1933,1900,-33
41690.jpg,1933,1930,-3
41695.jpg,1933,1930,-3
41700.jpg,1933,1930,-3
41705.jpg,1933,1930,-3
41710.jpg,1933,1930,-3
41715.jpg,1933,1930,-3
41720.jpg,1933,1900,-33
41725.jpg,1933,1930,-3
41730.jpg,1933,1900,-33
41745.jpg,1933,1800,-133
41750.jpg,1933,1930,-3
41755.jpg,1933,1970,37
41760.jpg,1933,2010,77
41765.jpg,1933,1920,-13
41770.jpg,1933,1920,-13
41775.jpg,1933,1920,-13
41780.jpg,1933,1800,-133
41785.jpg,1933,1850,-83
41790.jpg,1933,2010,77
41795.jpg,1933,2010,77
41800.jpg,1933,1850,-83
41805.jpg,1933,1940,7
41810.jpg,1933,1930,-3
41815.jpg,1933,1920,-13
41820.jpg,1933,1930,-3
41825.jpg,1933,1900,-33
41830.jpg,1933,1930,-3
41835.jpg,1934,1850,-84
41840.jpg,1934,1930,-4
41845.jpg,1934,1970,36
41850.jpg,1934,1930,-4
41855.jpg,1934,1970,36
41860.jpg,1934,2000,66
41865.jpg,1934,2010,76
41870.jpg,1934,2010,76
41875.jpg,1934,1930,-4
41880.jpg,1934,1970,36
41885.jpg,1934,1920,-14
41890.jpg,1934,1930,-4
41895.jpg,1934,2010,76
41900.jpg,1934,1930,-4
41905.jpg,1934,1930,-4
41910.jpg,1934,1930,-4
41915.jpg,1934,1970,36
41920.jpg,1934,1970,36
41925.jpg,1934,1850,-84
41930.jpg,1934,1930,-4
41935.jpg,1934,1930,-4
41940.jpg,1934,1920,-14
41945.jpg,1934,1880,-54
41950.jpg,1934,1930,-4
41955.jpg,1934,1900,-34
41960.jpg,1934,1970,36
41965.jpg,1934,1900,-34
41970.jpg,1934,1750,-184
41975.jpg,1934,2000,66
41980.jpg,1934,1930,-4
41985.jpg,1934,1950,16
41990.jpg,1934,1920,-14
41995.jpg,1934,1920,-14
42000.jpg,1934,1920,-14
42005.jpg,1934,1850,-84
42010.jpg,1935,1930,-5
42015.jpg,1935,1900,-35
42020.jpg,1935,1930,-5
42025.jpg,1935,1,-1934
42035.jpg,1935,2010,75
42040.jpg,1935,2000,65
42045.jpg,1935,1930,-5
42050.jpg,1935,1930,-5
42060.jpg,1935,1930,-5
42065.jpg,1935,1970,35
42070.jpg,1935,1930,-5
42075.jpg,1935,1930,-5
42080.jpg,1935,1930,-5
42085.jpg,1935,1900,-35
42090.jpg,1935,1940,5
42095.jpg,1935,1850,-85
42100.jpg,1935,1900,-35
42105.jpg,1935,1900,-35
42110.jpg,1935,1930,-5
42115.jpg,1935,1920,-15
42120.jpg,1935,1970,35
42125.jpg,1935,1800,-135
42130.jpg,1935,1920,-15
42135.jpg,1935,1930,-5
42140.jpg,1935,1970,35
42145.jpg,1935,1750,-185
42150.jpg,1935,1850,-85
42155.jpg,1935,1850,-85
42160.jpg,1935,1930,-5
42165.jpg,1935,1920,-15
42170.jpg,1935,1920,-15
42175.jpg,1935,2010,75
42180.jpg,1935,1900,-35
42185.jpg,1935,1970,35
42190.jpg,1935,1930,-5
42195.jpg,1935,1970,35
42200.jpg,1935,2010,75
42205.jpg,1935,1930,-5
42210.jpg,1935,1930,-5
42215.jpg,1935,1900,-35
42220.jpg,1935,1950,15
42225.jpg,1935,1970,35
42230.jpg,1935,1930,-5
42235.jpg,1935,1930,-5
42240.jpg,1935,1930,-5
42250.jpg,1935,1930,-5
42255.jpg,1935,1920,-15
42260.jpg,1935,1970,35
42265.jpg,1935,1920,-15
42270.jpg,1935,1930,-5
42275.jpg,1935,1930,-5
42280.jpg,1935,1970,35
42285.jpg,1935,1970,35
42290.jpg,1935,1970,35
42295.jpg,1936,1920,-16
42300.jpg,1936,1950,14
42305.jpg,1936,1930,-6
42310.jpg,1936,1920,-16
42315.jpg,1936,1940,4
42320.jpg,1936,2020,84
42325.jpg,1936,1970,34
42330.jpg,1936,2010,74
42335.jpg,1936,1960,24
42340.jpg,1936,1930,-6
42345.jpg,1936,1930,-6
42350.jpg,1936,1970,34
42355.jpg,1936,1930,-6
42360.jpg,1936,1970,34
42365.jpg,1936,1959,23
42370.jpg,1936,1930,-6
42375.jpg,1936,1920,-16
42380.jpg,1936,1970,34
42385.jpg,1936,1930,-6
42390.jpg,1936,2010,74
42395.jpg,1936,1940,4
42400.jpg,1936,1970,34
42405.jpg,1936,1930,-6
42410.jpg,1936,1970,34
42415.jpg,1936,1930,-6
42420.jpg,1936,1930,-6
42425.jpg,1936,1900,-36
42430.jpg,1936,1920,-16
42435.jpg,1936,1920,-16
42440.jpg,1936,1930,-6
42445.jpg,1936,1930,-6
42450.jpg,1936,1930,-6
42455.jpg,1936,1930,-6
42460.jpg,1936,1930,-6
42465.jpg,1936,1930,-6
42470.jpg,1936,1950,14
42475.jpg,1936,1930,-6
42480.jpg,1936,1600,-336
42485.jpg,1936,1900,-36
42490.jpg,1936,1930,-6
42495.jpg,1936,1970,34
42500.jpg,1936,1930,-6
42505.jpg,1936,1930,-6
42510.jpg,1936,1850,-86
42515.jpg,1936,1930,-6
42520.jpg,1936,2020,84
42525.jpg,1936,1920,-16
42530.jpg,1936,1970,34
42535.jpg,1936,1970,34
42540.jpg,1936,1930,-6
42545.jpg,1936,1920,-16
42550.jpg,1936,1930,-6
42555.jpg,1936,1900,-36
42560.jpg,1936,1930,-6
42565.jpg,1936,1850,-86
42570.jpg,1936,1930,-6
42575.jpg,1936,1930,-6
42585.jpg,1936,1970,34
42595.jpg,1936,1970,34
42600.jpg,1936,1930,-6
42610.jpg,1937,1970,33
42615.jpg,1937,1930,-7
42620.jpg,1937,1930,-7
42625.jpg,1937,1920,-17
42630.jpg,1937,2000,63
42635.jpg,1937,1930,-7
42640.jpg,1937,2000,63
42645.jpg,1937,2020,83
42650.jpg,1937,1930,-7
42655.jpg,1937,2010,73
42660.jpg,1937,1930,-7
42665.jpg,1937,1930,-7
42670.jpg,1937,1900,-37
42675.jpg,1937,1930,-7
42680.jpg,1937,1970,33
42685.jpg,1937,1970,33
42690.jpg,1937,2000,63
42695.jpg,1937,1970,33
42700.jpg,1937,1930,-7
42705.jpg,1937,1930,-7
42710.jpg,1937,1930,-7
42715.jpg,1937,2010,73
42720.jpg,1937,1900,-37
42725.jpg,1937,1900,-37
42730.jpg,1937,1950,13
42735.jpg,1937,1970,33
42740.jpg,1937,1933,-4
42745.jpg,1937,1930,-7
42750.jpg,1937,1970,33
42755.jpg,1937,1930,-7
42765.jpg,1937,1930,-7
42770.jpg,1937,2000,63
42775.jpg,1937,1900,-37
42780.jpg,1937,1930,-7
42785.jpg,1937,1930,-7
42790.jpg,1937,1930,-7
42795.jpg,1937,1930,-7
42800.jpg,1937,1930,-7
42805.jpg,1937,1930,-7
42810.jpg,1937,1920,-17
42815.jpg,1937,1920,-17
42820.jpg,1937,2000,63
42825.jpg,1937,1900,-37
42830.jpg,1937,1940,3
42835.jpg,1937,1930,-7
42840.jpg,1937,1930,-7
42845.jpg,1937,1930,-7
42850.jpg,1937,1930,-7
42855.jpg,1937,1930,-7
42860.jpg,1937,1920,-17
42865.jpg,1937,1950,13
42870.jpg,1937,1970,33
42875.jpg,1937,1970,33
42880.jpg,1937,1850,-87
42885.jpg,1937,1970,33
42890.jpg,1937,1920,-17
42895.jpg,1937,1970,33
42900.jpg,1937,1930,-7
42905.jpg,1937,1930,-7
42910.jpg,1937,1850,-87
42915.jpg,1938,1930,-8
42920.jpg,1938,1930,-8
42925.jpg,1938,1919,-19
42930.jpg,1938,1930,-8
42935.jpg,1938,1920,-18
42940.jpg,1938,2000,62
42945.jpg,1938,2010,72
42950.jpg,1938,1970,32
42955.jpg,1938,2010,72
42960.jpg,1938,1930,-8
42965.jpg,1938,1930,-8
42970.jpg,1938,1930,-8
42975.jpg,1938,1930,-8
42980.jpg,1938,1930,-8
42985.jpg,1938,1920,-18
42990.jpg,1938,1920,-18
42995.jpg,1938,1950,12
43000.jpg,1938,1930,-8
43005.jpg,1938,1930,-8
43010.jpg,1938,1900,-38
43015.jpg,1938,1970,32
43020.jpg,1938,1900,-38
43025.jpg,1938,1970,32
43030.jpg,1938,2000,62
43035.jpg,1938,1900,-38
43040.jpg,1938,1930,-8
43045.jpg,1938,1930,-8
43050.jpg,1938,1920,-18
43055.jpg,1938,1930,-8
43060.jpg,1938,1970,32
43065.jpg,1938,1900,-38
43070.jpg,1938,2000,62
43075.jpg,1938,1900,-38
43080.jpg,1938,1950,12
43085.jpg,1938,1900,-38
43090.jpg,1938,1970,32
43095.jpg,1938,1930,-8
43100.jpg,1938,1970,32
43105.jpg,1938,1970,32
43110.jpg,1938,1930,-8
43115.jpg,1938,1930,-8
43120.jpg,1938,1970,32
43125.jpg,1938,1920,-18
43130.jpg,1938,1930,-8
43135.jpg,1938,1970,32
43140.jpg,1938,2010,72
43145.jpg,1938,1920,-18
43150.jpg,1938,1450,-488
43155.jpg,1938,1970,32
43160.jpg,1938,1930,-8
43165.jpg,1938,1930,-8
43170.jpg,1938,1930,-8
43175.jpg,1938,1970,32
43185.jpg,1938,1930,-8
43190.jpg,1938,1930,-8
43195.jpg,1938,1930,-8
43200.jpg,1938,1970,32
43210.jpg,1939,1930,-9
43215.jpg,1939,1930,-9
43220.jpg,1939,1970,31
43225.jpg,1939,1850,-89
43235.jpg,1939,2000,61
43245.jpg,1939,2010,71
43250.jpg,1939,1970,31
43255.jpg,1939,1990,51
43260.jpg,1939,1970,31
43270.jpg,1939,1930,-9
43275.jpg,1939,1930,-9
43280.jpg,1939,1850,-89
43285.jpg,1939,1930,-9
43290.jpg,1939,1930,-9
43295.jpg,1939,1930,-9
43300.jpg,1939,1930,-9
43305.jpg,1939,1970,31
43310.jpg,1939,1930,-9
43315.jpg,1939,1930,-9
43320.jpg,1939,1930,-9
43325.jpg,1939,1930,-9
43330.jpg,1939,1950,11
43335.jpg,1939,1970,31
43340.jpg,1939,2000,61
43345.jpg,1939,1920,-19
43350.jpg,1939,1970,31
43360.jpg,1939,1920,-19
43365.jpg,1939,1850,-89
43370.jpg,1939,1920,-19
43375.jpg,1939,1900,-39
43380.jpg,1939,1950,11
43385.jpg,1939,1930,-9
43390.jpg,1939,1970,31
43395.jpg,1939,1970,31
43400.jpg,1939,2010,71
43405.jpg,1939,2010,71
43410.jpg,1939,1930,-9
43415.jpg,1939,1930,-9
43420.jpg,1939,1930,-9
43425.jpg,1939,1920,-19
43430.jpg,1939,1850,-89
43435.jpg,1939,1930,-9
43440.jpg,1939,1900,-39
43445.jpg,1939,2000,61
43450.jpg,1939,1970,31
43455.jpg,1939,1940,1
43460.jpg,1939,1900,-39
43465.jpg,1939,1900,-39
43470.jpg,1940,1930,-10
43475.jpg,1940,1940,0
43480.jpg,1940,1930,-10
43485.jpg,1940,1930,-10
43490.jpg,1940,1930,-10
43495.jpg,1940,1950,10
43500.jpg,1940,1940,0
43505.jpg,1940,2010,70
43510.jpg,1940,1930,-10
43515.jpg,1940,2010,70
43520.jpg,1940,1930,-10
43525.jpg,1940,1930,-10
43530.jpg,1940,1930,-10
43535.jpg,1940,1930,-10
43540.jpg,1940,1940,0
43545.jpg,1940,1970,30
43550.jpg,1940,1930,-10
43555.jpg,1940,1930,-10
43560.jpg,1940,1930,-10
43565.jpg,1940,1930,-10
43570.jpg,1940,1930,-10
43575.jpg,1940,1930,-10
43580.jpg,1940,1930,-10
43585.jpg,1940,1930,-10
43590.jpg,1940,1930,-10
43595.jpg,1940,2010,70
43600.jpg,1940,1930,-10
43605.jpg,1940,1930,-10
43610.jpg,1940,1900,-40
43615.jpg,1940,1850,-90
43620.jpg,1940,1930,-10
43625.jpg,1940,1850,-90
43630.jpg,1940,1930,-10
43635.jpg,1940,1930,-10
43640.jpg,1940,1900,-40
43645.jpg,1940,1930,-10
43650.jpg,1940,1930,-10
43655.jpg,1940,1930,-10
43660.jpg,1940,1950,10
43665.jpg,1940,1940,0
43670.jpg,1940,1970,30
43675.jpg,1940,1930,-10
43680.jpg,1940,1930,-10
43685.jpg,1940,1950,10
43700.jpg,1940,1920,-20
43705.jpg,1940,1930,-10
43710.jpg,1940,1930,-10
43715.jpg,1940,1930,-10
43720.jpg,1941,1930,-11
43725.jpg,1941,1930,-11
43730.jpg,1941,2010,69
43735.jpg,1941,1970,29
43740.jpg,1941,1970,29
43745.jpg,1941,1920,-21
43750.jpg,1941,1930,-11
43755.jpg,1941,1750,-191
43760.jpg,1941,1800,-141
43765.jpg,1941,1850,-91
43770.jpg,1941,1920,-21
43775.jpg,1941,1970,29
43780.jpg,1941,1930,-11
43785.jpg,1941,1970,29
43790.jpg,1941,1930,-11
43795.jpg,1941,2010,69
43800.jpg,1941,1900,-41
43805.jpg,1941,1850,-91
43810.jpg,1941,1970,29
43815.jpg,1941,1950,9
43820.jpg,1941,1930,-11
43825.jpg,1941,1930,-11
43830.jpg,1941,2010,69
43835.jpg,1941,2000,59
43840.jpg,1941,2010,69
43845.jpg,1941,1930,-11
43850.jpg,1941,1970,29
43855.jpg,1941,1850,-91
43860.jpg,1941,1930,-11
43865.jpg,1942,1930,-12
43870.jpg,1942,1930,-12
43875.jpg,1942,1970,28
43880.jpg,1942,2000,58
43885.jpg,1942,1970,28
43890.jpg,1942,1970,28
43895.jpg,1942,1930,-12
43900.jpg,1942,1930,-12
43905.jpg,1942,1930,-12
43910.jpg,1942,1970,28
43915.jpg,1942,1750,-192
43920.jpg,1942,1950,8
43925.jpg,1942,2010,68
43930.jpg,1942,1940,-2
43935.jpg,1942,1930,-12
43940.jpg,1942,1900,-42
43945.jpg,1942,1950,8
43950.jpg,1942,1940,-2
43955.jpg,1942,1850,-92
43960.jpg,1943,1970,27
43965.jpg,1943,1970,27
43970.jpg,1943,1970,27
43975.jpg,1943,1970,27
43980.jpg,1943,1943,0
43985.jpg,1943,1930,-13
43990.jpg,1943,1970,27
43995.jpg,1943,1900,-43
44000.jpg,1943,1930,-13
44005.jpg,1943,2010,67
44010.jpg,1943,2010,67
44015.jpg,1943,1970,27
44020.jpg,1943,1930,-13
44025.jpg,1943,1970,27
44030.jpg,1944,1900,-44
44035.jpg,1944,1970,26
44040.jpg,1944,1970,26
44045.jpg,1944,1930,-14
44050.jpg,1944,1900,-44
44055.jpg,1944,1450,-494
44060.jpg,1945,1900,-45
44065.jpg,1945,1930,-15
44075.jpg,1945,2000,55
44080.jpg,1945,1930,-15
44090.jpg,1945,1920,-25
44095.jpg,1945,1970,25
44100.jpg,1945,2020,75
44105.jpg,1945,1930,-15
44110.jpg,1945,1930,-15
44115.jpg,1946,2000,54
44120.jpg,1946,2000,54
44125.jpg,1946,2020,74
44130.jpg,1946,2020,74
44135.jpg,1946,1930,-16
44140.jpg,1946,1970,24
44145.jpg,1946,1970,24
44150.jpg,1946,1930,-16
44155.jpg,1946,1930,-16
44160.jpg,1946,2020,74
44165.jpg,1946,1930,-16
44170.jpg,1946,1970,24
44175.jpg,1947,1930,-17
44180.jpg,1947,1940,-7
44185.jpg,1947,1800,-147
44190.jpg,1947,2010,63
44195.jpg,1947,2010,63
44200.jpg,1947,1970,23
44205.jpg,1947,1970,23
44210.jpg,1947,1970,23
44215.jpg,1947,1970,23
44220.jpg,1947,1930,-17
44230.jpg,1947,1970,23
44240.jpg,1947,1930,-17
44245.jpg,1947,1920,-27
44250.jpg,1947,1930,-17
44255.jpg,1947,2000,53
44260.jpg,1947,1900,-47
44270.jpg,1947,1970,23
44275.jpg,1947,1930,-17
44280.jpg,1947,1970,23
44285.jpg,1948,1940,-8
44290.jpg,1948,2010,62
44295.jpg,1948,2000,52
44300.jpg,1948,2020,72
44305.jpg,1948,1970,22
44310.jpg,1948,2010,62
44315.jpg,1948,2010,62
44320.jpg,1948,1970,22
44325.jpg,1948,1970,22
44330.jpg,1948,1970,22
44335.jpg,1948,1930,-18
44340.jpg,1948,2010,62
44345.jpg,1948,1900,-48
44350.jpg,1948,1930,-18
44355.jpg,1948,1950,2
44360.jpg,1948,1970,22
44365.jpg,1948,1930,-18
44370.jpg,1948,1900,-48
44375.jpg,1948,1930,-18
44380.jpg,1948,2010,62
44385.jpg,1948,2010,62
44390.jpg,1948,1960,12
44395.jpg,1948,1930,-18
44400.jpg,1949,1820,-129
44405.jpg,1949,2010,61
44410.jpg,1949,1930,-19
44415.jpg,1949,2010,61
44420.jpg,1949,2000,51
44425.jpg,1949,1970,21
44430.jpg,1949,1970,21
44435.jpg,1949,1970,21
44440.jpg,1949,1970,21
44445.jpg,1949,1970,21
44450.jpg,1949,1920,-29
44455.jpg,1949,1930,-19
44460.jpg,1949,1930,-19
44465.jpg,1949,1930,-19
44470.jpg,1949,2000,51
44475.jpg,1949,1930,-19
44480.jpg,1949,1950,1
44485.jpg,1949,1970,21
44490.jpg,1949,1970,21
44495.jpg,1949,1970,21
44500.jpg,1949,1970,21
44510.jpg,1949,1900,-49
44515.jpg,1949,1930,-19
44520.jpg,1949,2010,61
44525.jpg,1949,1930,-19
44530.jpg,1949,1970,21
44535.jpg,1949,1970,21
44540.jpg,1950,1970,20
44545.jpg,1950,2010,60
44550.jpg,1950,1930,-20
44555.jpg,1950,1970,20
44560.jpg,1950,2000,50
44565.jpg,1950,1970,20
44570.jpg,1950,1970,20
44575.jpg,1950,1940,-10
44585.jpg,1950,1970,20
44590.jpg,1950,1970,20
44595.jpg,1950,2000,50
44600.jpg,1950,1970,20
44605.jpg,1950,1970,20
44610.jpg,1950,1970,20
44615.jpg,1950,1950,0
44620.jpg,1950,1970,20
44625.jpg,1950,1930,-20
44630.jpg,1950,1930,-20
44635.jpg,1950,2010,60
44640.jpg,1950,1970,20
44645.jpg,1950,1930,-20
44650.jpg,1950,1970,20
44655.jpg,1950,1950,0
44660.jpg,1950,1950,0
44665.jpg,1950,1970,20
44680.jpg,1950,2000,50
44685.jpg,1950,1930,-20
44690.jpg,1950,1970,20
44695.jpg,1950,1920,-30
44700.jpg,1950,1970,20
44705.jpg,1951,1970,19
44710.jpg,1951,1930,-21
44720.jpg,1951,1970,19
44725.jpg,1951,2010,59
44730.jpg,1951,2010,59
44735.jpg,1951,1970,19
44740.jpg,1951,1850,-101
44745.jpg,1951,1970,19
44750.jpg,1951,1950,-1
44755.jpg,1951,1950,-1
44760.jpg,1951,1970,19
44765.jpg,1951,1930,-21
44770.jpg,1951,1477,-474
44775.jpg,1951,1930,-21
44780.jpg,1951,1850,-101
44785.jpg,1951,1970,19
44790.jpg,1951,1970,19
44795.jpg,1951,1950,-1
44800.jpg,1951,1970,19
44810.jpg,1951,2015,64
44815.jpg,1951,1920,-31
44820.jpg,1951,1970,19
44825.jpg,1951,2010,59
44830.jpg,1951,2010,59
44840.jpg,1951,1930,-21
44845.jpg,1952,1970,18
44850.jpg,1952,1970,18
44855.jpg,1952,2010,58
44860.jpg,1952,1970,18
44865.jpg,1952,2010,58
44870.jpg,1952,1970,18
44875.jpg,1952,1970,18
44880.jpg,1952,1970,18
44885.jpg,1952,2010,58
44890.jpg,1952,1970,18
44895.jpg,1952,1970,18
44900.jpg,1952,1930,-22
44905.jpg,1952,1930,-22
44910.jpg,1952,2010,58
44915.jpg,1952,1970,18
44920.jpg,1952,1950,-2
44925.jpg,1952,1970,18
44930.jpg,1952,2010,58
44940.jpg,1952,1900,-52
44945.jpg,1952,1970,18
44950.jpg,1952,1970,18
44955.jpg,1952,2010,58
44960.jpg,1953,1970,17
44965.jpg,1953,2010,57
44970.jpg,1953,2020,67
44980.jpg,1953,1930,-23
44985.jpg,1953,2010,57
44990.jpg,1953,2017,64
44995.jpg,1953,1970,17
45000.jpg,1953,2010,57
45005.jpg,1953,1930,-23
45010.jpg,1953,1920,-33
45015.jpg,1953,1970,17
45020.jpg,1953,1970,17
45025.jpg,1953,1930,-23
45030.jpg,1953,1970,17
45035.jpg,1953,1970,17
45040.jpg,1953,1970,17
45045.jpg,1953,1900,-53
45050.jpg,1953,1970,17
45055.jpg,1953,1950,-3
45060.jpg,1953,1930,-23
45065.jpg,1953,1970,17
45070.jpg,1953,1950,-3
45075.jpg,1953,2010,57
45080.jpg,1953,1950,-3
45085.jpg,1953,2020,67
45090.jpg,1953,1820,-133
45095.jpg,1954,1960,6
45100.jpg,1954,2010,56
45105.jpg,1954,1970,16
45110.jpg,1954,1970,16
45115.jpg,1954,2000,46
45120.jpg,1954,1970,16
45125.jpg,1954,2000,46
45130.jpg,1954,1970,16
45135.jpg,1954,1970,16
45140.jpg,1954,1970,16
45150.jpg,1954,1970,16
45155.jpg,1954,1970,16
45160.jpg,1954,1970,16
45165.jpg,1954,1900,-54
45170.jpg,1954,2000,46
45175.jpg,1954,1930,-24
45180.jpg,1954,1900,-54
45185.jpg,1954,1950,-4
45190.jpg,1954,1950,-4
45195.jpg,1954,1920,-34
45200.jpg,1954,1970,16
45205.jpg,1954,1920,-34
45210.jpg,1954,1930,-24
45215.jpg,1954,2000,46
45220.jpg,1954,1800,-154
45225.jpg,1954,1950,-4
45230.jpg,1954,1970,16
45235.jpg,1955,1850,-105
45240.jpg,1955,2000,45
45245.jpg,1955,1970,15
45250.jpg,1955,1970,15
45255.jpg,1955,1970,15
45260.jpg,1955,2020,65
45265.jpg,1955,2010,55
45275.jpg,1955,1970,15
45280.jpg,1955,2000,45
45285.jpg,1955,1930,-25
45290.jpg,1955,1970,15
45295.jpg,1955,1970,15
45300.jpg,1955,2019,64
45310.jpg,1955,1970,15
45315.jpg,1955,2010,55
45320.jpg,1955,1850,-105
45325.jpg,1955,1920,-35
45330.jpg,1955,1930,-25
45335.jpg,1955,1950,-5
45345.jpg,1955,2010,55
45350.jpg,1955,1930,-25
45355.jpg,1955,2010,55
45360.jpg,1955,1830,-125
45365.jpg,1955,1970,15
45370.jpg,1955,1960,5
45375.jpg,1955,1950,-5
45385.jpg,1956,1970,14
45390.jpg,1956,1970,14
45395.jpg,1956,1970,14
45400.jpg,1956,2010,54
45405.jpg,1956,1960,4
45410.jpg,1956,1970,14
45415.jpg,1956,1970,14
45420.jpg,1956,1970,14
45430.jpg,1956,2010,54
45435.jpg,1956,1920,-36
45440.jpg,1956,1970,14
45445.jpg,1956,1970,14
45450.jpg,1956,1970,14
45455.jpg,1956,1970,14
45460.jpg,1956,1970,14
45465.jpg,1956,1900,-56
45470.jpg,1956,1930,-26
45475.jpg,1956,1930,-26
45480.jpg,1956,1930,-26
45485.jpg,1956,1950,-6
45490.jpg,1956,1930,-26
45495.jpg,1956,1900,-56
45500.jpg,1956,2010,54
45505.jpg,1956,2000,44
45510.jpg,1956,2010,54
45515.jpg,1956,1970,14
45520.jpg,1956,2000,44
45530.jpg,1957,1930,-27
45535.jpg,1957,1950,-7
45540.jpg,1957,2000,43
45545.jpg,1957,2010,53
45550.jpg,1957,2000,43
45555.jpg,1957,1970,13
45560.jpg,1957,2001,44
45565.jpg,1957,1970,13
45570.jpg,1957,1970,13
45575.jpg,1957,1930,-27
45585.jpg,1957,1930,-27
45590.jpg,1957,1970,13
45595.jpg,1957,2000,43
45605.jpg,1957,2010,53
45610.jpg,1957,1970,13
45615.jpg,1957,1970,13
45620.jpg,1957,1970,13
45630.jpg,1957,1900,-57
45635.jpg,1957,1970,13
45640.jpg,1957,1950,-7
45645.jpg,1957,1800,-157
45650.jpg,1957,1950,-7
45655.jpg,1957,1970,13
45660.jpg,1957,1960,3
45665.jpg,1957,1970,13
45675.jpg,1957,2010,53
45680.jpg,1957,2010,53
45685.jpg,1957,1970,13
45695.jpg,1957,1970,13
45700.jpg,1958,1920,-38
45705.jpg,1958,2010,52
45715.jpg,1958,1970,12
45720.jpg,1958,2010,52
45730.jpg,1958,1970,12
45735.jpg,1958,2010,52
45740.jpg,1958,2010,52
45745.jpg,1958,1950,-8
45750.jpg,1958,2010,52
45755.jpg,1958,1930,-28
45760.jpg,1958,1970,12
45765.jpg,1958,1970,12
45770.jpg,1958,1930,-28
45775.jpg,1958,1970,12
45780.jpg,1958,1970,12
45785.jpg,1958,1950,-8
45790.jpg,1958,1970,12
45795.jpg,1958,1970,12
45800.jpg,1958,1930,-28
45805.jpg,1958,1950,-8
45810.jpg,1958,1750,-208
45815.jpg,1958,2010,52
45820.jpg,1958,2000,42
45825.jpg,1958,2010,52
45830.jpg,1958,1970,12
45835.jpg,1958,1930,-28
45840.jpg,1958,1970,12
45845.jpg,1958,1970,12
45850.jpg,1958,1950,-8
45855.jpg,1959,2010,51
45860.jpg,1959,1950,-9
45870.jpg,1959,2000,41
45880.jpg,1959,1900,-59
45885.jpg,1959,1970,11
45890.jpg,1959,1970,11
45895.jpg,1959,1949,-10
45900.jpg,1959,1970,11
45905.jpg,1959,1970,11
45910.jpg,1959,2010,51
45915.jpg,1959,1970,11
45925.jpg,1959,1950,-9
45930.jpg,1959,1950,-9
45935.jpg,1959,1970,11
45940.jpg,1959,2010,51
45945.jpg,1959,2010,51
45950.jpg,1959,2010,51
45955.jpg,1959,1970,11
45960.jpg,1959,1970,11
45965.jpg,1959,1930,-29
45970.jpg,1959,1850,-109
45975.jpg,1959,1970,11
45980.jpg,1959,1900,-59
45985.jpg,1959,1970,11
45990.jpg,1960,1900,-60
45995.jpg,1960,2020,60
46000.jpg,1960,1970,10
46005.jpg,1960,2010,50
46015.jpg,1960,1960,0
46025.jpg,1960,2000,40
46030.jpg,1960,1970,10
46035.jpg,1960,1970,10
46040.jpg,1960,1950,-10
46045.jpg,1960,1970,10
46050.jpg,1960,1930,-30
46055.jpg,1960,2000,40
46060.jpg,1960,1970,10
46065.jpg,1960,1970,10
46070.jpg,1960,1970,10
46075.jpg,1960,1970,10
46080.jpg,1960,1970,10
46085.jpg,1960,1850,-110
46090.jpg,1960,1950,-10
46095.jpg,1960,1970,10
46100.jpg,1960,1970,10
46105.jpg,1960,1960,0
46110.jpg,1960,1970,10
46115.jpg,1960,2010,50
46120.jpg,1960,2010,50
46130.jpg,1960,1850,-110
46135.jpg,1960,1970,10
46140.jpg,1960,1930,-30
46145.jpg,1960,1970,10
46150.jpg,1960,1970,10
46155.jpg,1961,1900,-61
46160.jpg,1961,1970,9
46170.jpg,1961,2018,57
46180.jpg,1961,1970,9
46185.jpg,1961,1970,9
46190.jpg,1961,1850,-111
46195.jpg,1961,2000,39
46200.jpg,1961,2010,49
46205.jpg,1961,1970,9
46210.jpg,1961,1970,9
46215.jpg,1961,1970,9
46220.jpg,1961,1970,9
46225.jpg,1961,1970,9
46230.jpg,1961,1970,9
46235.jpg,1961,1950,-11
46240.jpg,1961,2020,59
46245.jpg,1961,1970,9
46250.jpg,1961,1900,-61
46255.jpg,1961,1970,9
46260.jpg,1961,1970,9
46265.jpg,1961,1970,9
46270.jpg,1961,1930,-31
46275.jpg,1961,1950,-11
46280.jpg,1961,1930,-31
46285.jpg,1961,2010,49
46290.jpg,1961,2010,49
46295.jpg,1961,2000,39
46305.jpg,1961,1960,-1
46310.jpg,1961,1970,9
46315.jpg,1961,2010,49
46320.jpg,1962,1970,8
46330.jpg,1962,1900,-62
46335.jpg,1962,2020,58
46340.jpg,1962,2009,47
46345.jpg,1962,2000,38
46350.jpg,1962,1970,8
46355.jpg,1962,1970,8
46360.jpg,1962,2010,48
46365.jpg,1962,1970,8
46370.jpg,1962,1970,8
46375.jpg,1962,1970,8
46380.jpg,1962,1970,8
46385.jpg,1962,1970,8
46390.jpg,1962,1960,-2
46395.jpg,1962,1930,-32
46400.jpg,1962,1970,8
46405.jpg,1962,1920,-42
46410.jpg,1962,2010,48
46415.jpg,1962,1900,-62
46420.jpg,1962,1970,8
46425.jpg,1962,1970,8
46430.jpg,1962,2020,58
46435.jpg,1962,1820,-142
46440.jpg,1962,2010,48
46445.jpg,1962,2010,48
46450.jpg,1962,1970,8
46455.jpg,1962,1950,-12
46460.jpg,1962,1970,8
46465.jpg,1963,1970,7
46470.jpg,1963,1970,7
46475.jpg,1963,1970,7
46480.jpg,1963,1970,7
46490.jpg,1963,2010,47
46495.jpg,1963,2020,57
46500.jpg,1963,2020,57
46505.jpg,1963,2010,47
46510.jpg,1963,1960,-3
46515.jpg,1963,1970,7
46520.jpg,1963,1970,7
46525.jpg,1963,2010,47
46530.jpg,1963,1960,-3
46535.jpg,1963,1963,0
46540.jpg,1963,1900,-63
46545.jpg,1963,1970,7
46550.jpg,1963,1970,7
46555.jpg,1963,2010,47
46560.jpg,1963,1930,-33
46565.jpg,1963,2000,37
46570.jpg,1963,2000,37
46575.jpg,1963,1930,-33
46580.jpg,1963,1970,7
46585.jpg,1963,2010,47
46590.jpg,1963,1900,-63
46595.jpg,1963,1970,7
46600.jpg,1963,2000,37
46605.jpg,1963,2010,47
46615.jpg,1963,1950,-13
46620.jpg,1963,1970,7
46625.jpg,1963,1970,7
46630.jpg,1963,1970,7
46635.jpg,1964,1970,6
46640.jpg,1964,2010,46
46645.jpg,1964,1960,-4
46650.jpg,1964,2010,46
46655.jpg,1964,1970,6
46660.jpg,1964,1970,6
46665.jpg,1964,1970,6
46670.jpg,1964,1970,6
46675.jpg,1964,2010,46
46680.jpg,1964,2010,46
46685.jpg,1964,2020,56
46690.jpg,1964,2000,36
46695.jpg,1964,1970,6
46700.jpg,1964,1970,6
46705.jpg,1964,2000,36
46710.jpg,1964,1970,6
46715.jpg,1964,1970,6
46720.jpg,1964,1970,6
46725.jpg,1964,1970,6
46730.jpg,1964,2000,36
46735.jpg,1964,1970,6
46740.jpg,1964,1950,-14
46745.jpg,1964,1900,-64
46750.jpg,1964,1970,6
46755.jpg,1964,1950,-14
46760.jpg,1964,1820,-144
46765.jpg,1964,2000,36
46770.jpg,1964,1930,-34
46775.jpg,1964,1950,-14
46780.jpg,1964,2000,36
46785.jpg,1964,1950,-14
46790.jpg,1964,1970,6
46795.jpg,1964,1970,6
46805.jpg,1964,1970,6
46810.jpg,1964,1970,6
46815.jpg,1964,2020,56
46820.jpg,1965,1970,5
46825.jpg,1965,2010,45
46830.jpg,1965,1970,5
46835.jpg,1965,2010,45
46840.jpg,1965,2020,55
46845.jpg,1965,2000,35
46850.jpg,1965,1970,5
46860.jpg,1965,1970,5
46865.jpg,1965,1970,5
46870.jpg,1965,2020,55
46875.jpg,1965,2010,45
46885.jpg,1965,1970,5
46890.jpg,1965,2010,45
46895.jpg,1965,1960,-5
46900.jpg,1965,2010,45
46905.jpg,1965,1930,-35
46910.jpg,1965,1970,5
46915.jpg,1965,1970,5
46920.jpg,1965,1970,5
46930.jpg,1965,1970,5
46935.jpg,1965,1970,5
46940.jpg,1965,1940,-25
46945.jpg,1965,1970,5
46950.jpg,1965,2000,35
46955.jpg,1965,2010,45
46960.jpg,1965,2000,35
46965.jpg,1965,2000,35
46970.jpg,1965,1970,5
46990.jpg,1965,1970,5
46995.jpg,1965,1900,-65
47000.jpg,1965,2010,45
47005.jpg,1966,1960,-6
47010.jpg,1966,1970,4
47015.jpg,1966,2010,44
47020.jpg,1966,1970,4
47025.jpg,1966,2000,34
47030.jpg,1966,1970,4
47035.jpg,1966,2010,44
47040.jpg,1966,2010,44
47050.jpg,1966,1970,4
47055.jpg,1966,2010,44
47060.jpg,1966,1970,4
47065.jpg,1966,1930,-36
47070.jpg,1966,1970,4
47075.jpg,1966,2010,44
47080.jpg,1966,1970,4
47085.jpg,1966,1970,4
47090.jpg,1966,1970,4
47100.jpg,1966,1900,-66
47105.jpg,1966,1970,4
47115.jpg,1966,1970,4
47120.jpg,1966,1970,4
47125.jpg,1966,1950,-16
47130.jpg,1966,1930,-36
47135.jpg,1966,2000,34
47140.jpg,1966,1970,4
47145.jpg,1966,1900,-66
47150.jpg,1966,1970,4
47155.jpg,1966,1900,-66
47170.jpg,1966,2000,34
47175.jpg,1966,2010,44
47180.jpg,1966,1970,4
47185.jpg,1966,2010,44
47190.jpg,1966,1970,4
47195.jpg,1966,1970,4
47200.jpg,1966,1970,4
47205.jpg,1966,1970,4
47210.jpg,1966,2000,34
47215.jpg,1966,1970,4
47220.jpg,1966,1960,-6
47225.jpg,1967,2000,33
47230.jpg,1967,1970,3
47235.jpg,1967,1900,-67
47240.jpg,1967,1970,3
47245.jpg,1967,1970,3
47255.jpg,1967,2010,43
47265.jpg,1967,2010,43
47270.jpg,1967,2010,43
47275.jpg,1967,2020,53
47280.jpg,1967,2010,43
47285.jpg,1967,1970,3
47290.jpg,1967,1970,3
47295.jpg,1967,1930,-37
47300.jpg,1967,1930,-37
47305.jpg,1967,1850,-117
47310.jpg,1967,1970,3
47315.jpg,1967,1970,3
47320.jpg,1967,1970,3
47325.jpg,1967,1970,3
47330.jpg,1967,1970,3
47335.jpg,1967,1970,3
47340.jpg,1967,2010,43
47345.jpg,1967,1950,-17
47350.jpg,1967,1970,3
47355.jpg,1967,1970,3
47360.jpg,1967,1900,-67
47365.jpg,1967,1900,-67
47370.jpg,1967,1800,-167
47375.jpg,1967,1920,-47
47380.jpg,1967,1970,3
47385.jpg,1967,1970,3
47395.jpg,1967,2010,43
47400.jpg,1967,2010,43
47405.jpg,1967,1970,3
47410.jpg,1967,2010,43
47420.jpg,1967,1970,3
47425.jpg,1967,2000,33
47430.jpg,1967,1970,3
47435.jpg,1967,1970,3
47440.jpg,1967,1970,3
47445.jpg,1967,2010,43
47450.jpg,1968,1970,2
47455.jpg,1968,1970,2
47460.jpg,1968,1960,-8
47465.jpg,1968,2010,42
47470.jpg,1968,1970,2
47475.jpg,1968,1970,2
47480.jpg,1968,2010,42
47485.jpg,1968,1970,2
47490.jpg,1968,2010,42
47495.jpg,1968,2020,52
47500.jpg,1968,2020,52
47505.jpg,1968,2000,32
47515.jpg,1968,1970,2
47520.jpg,1968,2010,42
47525.jpg,1968,2000,32
47530.jpg,1968,1970,2
47535.jpg,1968,1970,2
47540.jpg,1968,1970,2
47545.jpg,1968,1970,2
47550.jpg,1968,1970,2
47555.jpg,1968,1970,2
47560.jpg,1968,1970,2
47565.jpg,1968,1970,2
47570.jpg,1968,1970,2
47575.jpg,1968,1850,-118
47580.jpg,1968,2010,42
47585.jpg,1968,1900,-68
47590.jpg,1968,2012,44
47595.jpg,1968,1970,2
47600.jpg,1968,2010,42
47610.jpg,1968,2000,32
47620.jpg,1968,1970,2
47625.jpg,1968,1960,-8
47630.jpg,1968,2010,42
47635.jpg,1968,1970,2
47640.jpg,1968,1970,2
47645.jpg,1968,1970,2
47650.jpg,1969,1970,1
47655.jpg,1969,1970,1
47660.jpg,1969,1970,1
47665.jpg,1969,1960,-9
47670.jpg,1969,1970,1
47675.jpg,1969,1970,1
47680.jpg,1969,1970,1
47685.jpg,1969,1970,1
47690.jpg,1969,1970,1
47695.jpg,1969,1970,1
47700.jpg,1969,2000,31
47710.jpg,1969,1970,1
47715.jpg,1969,1900,-69
47720.jpg,1969,1970,1
47730.jpg,1969,1970,1
47735.jpg,1969,2010,41
47740.jpg,1969,1970,1
47745.jpg,1969,2010,41
47750.jpg,1969,2010,41
47755.jpg,1969,1920,-49
47760.jpg,1969,1970,1
47765.jpg,1969,2010,41
47770.jpg,1969,2000,31
47780.jpg,1969,2010,41
47785.jpg,1969,2010,41
47790.jpg,1969,1970,1
47795.jpg,1969,1970,1
47800.jpg,1969,1970,1
47805.jpg,1969,1930,-39
47810.jpg,1969,1970,1
47815.jpg,1969,2010,41
47820.jpg,1969,1970,1
47825.jpg,1969,1970,1
47830.jpg,1969,1970,1
47835.jpg,1970,1970,0
47840.jpg,1970,1970,0
47845.jpg,1970,2000,30
47850.jpg,1970,2000,30
47855.jpg,1970,1970,0
47860.jpg,1970,2010,40
47865.jpg,1970,2010,40
47870.jpg,1970,1970,0
47875.jpg,1970,2010,40
47880.jpg,1970,2010,40
47890.jpg,1970,2010,40
47895.jpg,1970,1970,0
47900.jpg,1970,1970,0
47905.jpg,1970,1970,0
47910.jpg,1970,1970,0
47915.jpg,1970,2010,40
47920.jpg,1970,1970,0
47925.jpg,1970,1970,0
47930.jpg,1970,2000,30
47935.jpg,1970,1970,0
47940.jpg,1970,1970,0
47945.jpg,1970,1750,-220
47950.jpg,1970,2000,30
47955.jpg,1970,1970,0
47960.jpg,1970,1970,0
47965.jpg,1970,2010,40
47970.jpg,1970,2000,30
47975.jpg,1970,1970,0
47980.jpg,1970,1930,-40
47985.jpg,1970,1960,-10
47990.jpg,1970,2010,40
47995.jpg,1970,2010,40
48000.jpg,1971,1970,-1
48005.jpg,1971,1970,-1
48010.jpg,1971,1970,-1
48020.jpg,1971,2010,39
48025.jpg,1971,1970,-1
48030.jpg,1971,2020,49
48035.jpg,1971,1970,-1
48040.jpg,1971,2000,29
48045.jpg,1971,1970,-1
48050.jpg,1971,1970,-1
48065.jpg,1971,1970,-1
48070.jpg,1971,1970,-1
48075.jpg,1971,1970,-1
48080.jpg,1971,1970,-1
48085.jpg,1971,1970,-1
48090.jpg,1971,2000,29
48095.jpg,1971,1900,-71
48100.jpg,1971,2020,49
48105.jpg,1971,2010,39
48110.jpg,1971,2000,29
48115.jpg,1971,2000,29
48120.jpg,1971,2000,29
48130.jpg,1971,2000,29
48135.jpg,1971,2000,29
48140.jpg,1971,2000,29
48145.jpg,1971,2010,39
48150.jpg,1971,1970,-1
48155.jpg,1971,1970,-1
48160.jpg,1971,1970,-1
48170.jpg,1971,1960,-11
48175.jpg,1971,1970,-1
48180.jpg,1972,1970,-2
48185.jpg,1972,1970,-2
48190.jpg,1972,1970,-2
48195.jpg,1972,2000,28
48200.jpg,1972,1970,-2
48205.jpg,1972,1970,-2
48215.jpg,1972,1970,-2
48220.jpg,1972,1970,-2
48225.jpg,1972,2010,38
48230.jpg,1972,1970,-2
48235.jpg,1972,1970,-2
48240.jpg,1972,1970,-2
48245.jpg,1972,2020,48
48250.jpg,1972,1970,-2
48255.jpg,1972,1970,-2
48260.jpg,1972,1970,-2
48265.jpg,1972,1970,-2
48270.jpg,1972,1970,-2
48275.jpg,1972,1970,-2
48280.jpg,1972,1970,-2
48285.jpg,1972,1930,-42
48290.jpg,1972,1900,-72
48295.jpg,1972,1970,-2
48300.jpg,1972,2010,38
48305.jpg,1972,2020,48
48310.jpg,1972,2010,38
48320.jpg,1972,2010,38
48325.jpg,1972,1900,-72
48330.jpg,1972,2000,28
48335.jpg,1972,1900,-72
48340.jpg,1972,1970,-2
48345.jpg,1972,2000,28
48350.jpg,1972,1970,-2
48355.jpg,1972,1970,-2
48360.jpg,1973,1970,-3
48365.jpg,1973,1970,-3
48370.jpg,1973,2000,27
48375.jpg,1973,1970,-3
48380.jpg,1973,1970,-3
48385.jpg,1973,2010,37
48390.jpg,1973,1970,-3
48395.jpg,1973,1970,-3
48400.jpg,1973,1970,-3
48405.jpg,1973,1970,-3
48410.jpg,1973,1970,-3
48415.jpg,1973,2020,47
48420.jpg,1973,2000,27
48425.jpg,1973,1970,-3
48430.jpg,1973,1970,-3
48435.jpg,1973,1970,-3
48440.jpg,1973,1970,-3
48445.jpg,1973,1970,-3
48450.jpg,1973,1970,-3
48455.jpg,1973,2000,27
48465.jpg,1973,2020,47
48475.jpg,1973,1970,-3
48480.jpg,1973,1970,-3
48490.jpg,1973,2000,27
48495.jpg,1973,2000,27
48500.jpg,1973,1900,-73
48505.jpg,1973,1970,-3
48510.jpg,1973,2010,37
48515.jpg,1973,1970,-3
48525.jpg,1973,1970,-3
48530.jpg,1974,1970,-4
48535.jpg,1974,1970,-4
48540.jpg,1974,2010,36
48545.jpg,1974,1970,-4
48550.jpg,1974,1970,-4
48555.jpg,1974,2000,26
48560.jpg,1974,2010,36
48565.jpg,1974,1970,-4
48570.jpg,1974,2020,46
48575.jpg,1974,2000,26
48580.jpg,1974,2010,36
48585.jpg,1974,1970,-4
48590.jpg,1974,1970,-4
48595.jpg,1974,1970,-4
48600.jpg,1974,1970,-4
48605.jpg,1974,2010,36
48610.jpg,1974,2010,36
48615.jpg,1974,1970,-4
48620.jpg,1974,1930,-44
48625.jpg,1974,1970,-4
48630.jpg,1974,2000,26
48635.jpg,1974,2010,36
48640.jpg,1974,1750,-224
48650.jpg,1974,1970,-4
48670.jpg,1974,2010,36
48675.jpg,1974,2010,36
48680.jpg,1974,2000,26
48685.jpg,1974,1970,-4
48690.jpg,1974,2010,36
48695.jpg,1974,1450,-524
48700.jpg,1974,1970,-4
48705.jpg,1974,1970,-4
48710.jpg,1974,2010,36
48715.jpg,1974,1970,-4
48720.jpg,1974,2010,36
48725.jpg,1974,1850,-124
48735.jpg,1975,2010,35
48740.jpg,1975,2010,35
48745.jpg,1975,1975,0
48750.jpg,1975,1970,-5
48755.jpg,1975,1970,-5
48760.jpg,1975,1970,-5
48765.jpg,1975,1970,-5
48770.jpg,1975,2010,35
48775.jpg,1975,1970,-5
48780.jpg,1975,2020,45
48785.jpg,1975,1970,-5
48790.jpg,1975,1970,-5
48795.jpg,1975,2010,35
48800.jpg,1975,1970,-5
48805.jpg,1975,1970,-5
48810.jpg,1975,2010,35
48815.jpg,1975,1970,-5
48820.jpg,1975,1970,-5
48825.jpg,1975,1970,-5
48830.jpg,1975,1970,-5
48835.jpg,1975,2010,35
48840.jpg,1975,2010,35
48845.jpg,1975,2019,44
48850.jpg,1975,2010,35
48855.jpg,1975,2020,45
48860.jpg,1975,2010,35
48865.jpg,1975,2000,25
48870.jpg,1975,2000,25
48875.jpg,1975,1970,-5
48880.jpg,1975,2010,35
48885.jpg,1975,1970,-5
48890.jpg,1975,1970,-5
48895.jpg,1975,1970,-5
48900.jpg,1976,1900,-76
48905.jpg,1976,2010,34
48910.jpg,1976,1970,-6
48915.jpg,1976,1970,-6
48920.jpg,1976,2020,44
48925.jpg,1976,2010,34
48930.jpg,1976,2010,34
48940.jpg,1976,2010,34
48945.jpg,1976,1970,-6
48950.jpg,1976,2020,44
48955.jpg,1976,1970,-6
48960.jpg,1976,1970,-6
48965.jpg,1976,1970,-6
48970.jpg,1976,1970,-6
48975.jpg,1976,2000,24
48985.jpg,1976,2000,24
48990.jpg,1976,1900,-76
49000.jpg,1976,1700,-276
49020.jpg,1976,2010,34
49030.jpg,1976,2010,34
49035.jpg,1976,2000,24
49040.jpg,1976,1970,-6
49045.jpg,1976,2000,24
49050.jpg,1976,2000,24
49060.jpg,1976,1970,-6
49065.jpg,1976,2020,44
49070.jpg,1976,1970,-6
49075.jpg,1976,1450,-526
49080.jpg,1976,1970,-6
49085.jpg,1976,1970,-6
49090.jpg,1976,1970,-6
49095.jpg,1977,1970,-7
49100.jpg,1977,1900,-77
49105.jpg,1977,1970,-7
49110.jpg,1977,1970,-7
49115.jpg,1977,1970,-7
49120.jpg,1977,2010,33
49125.jpg,1977,2010,33
49130.jpg,1977,1970,-7
49135.jpg,1977,1970,-7
49140.jpg,1977,1970,-7
49145.jpg,1977,1970,-7
49150.jpg,1977,1970,-7
49155.jpg,1977,1970,-7
49160.jpg,1977,2000,23
49165.jpg,1977,1900,-77
49170.jpg,1977,2010,33
49175.jpg,1977,1900,-77
49180.jpg,1977,1970,-7
49185.jpg,1977,2000,23
49190.jpg,1977,2023,46
49195.jpg,1977,2000,23
49205.jpg,1977,2010,33
49210.jpg,1977,2010,33
49215.jpg,1977,2000,23
49220.jpg,1977,2010,33
49225.jpg,1977,1970,-7
49230.jpg,1977,1900,-77
49235.jpg,1977,1986,9
49240.jpg,1977,1970,-7
49250.jpg,1977,2020,43
49255.jpg,1977,1970,-7
49260.jpg,1978,2010,32
49265.jpg,1978,2010,32
49270.jpg,1978,2010,32
49280.jpg,1978,2000,22
49285.jpg,1978,1970,-8
49290.jpg,1978,1920,-58
49295.jpg,1978,2010,32
49305.jpg,1978,1970,-8
49310.jpg,1978,2020,42
49315.jpg,1978,1970,-8
49320.jpg,1978,2000,22
49325.jpg,1978,1970,-8
49330.jpg,1978,2010,32
49335.jpg,1978,1970,-8
49340.jpg,1978,1920,-58
49345.jpg,1978,2010,32
49350.jpg,1978,2010,32
49355.jpg,1978,2010,32
49360.jpg,1978,2000,22
49365.jpg,1978,2010,32
49370.jpg,1978,2010,32
49375.jpg,1978,2000,22
49385.jpg,1978,2010,32
49390.jpg,1978,1970,-8
49395.jpg,1978,1970,-8
49400.jpg,1978,1970,-8
49405.jpg,1979,1960,-19
49410.jpg,1979,2010,31
49415.jpg,1979,1970,-9
49420.jpg,1979,2010,31
49425.jpg,1979,2000,21
49430.jpg,1979,2010,31
49435.jpg,1979,1970,-9
49440.jpg,1979,1970,-9
49445.jpg,1979,2000,21
49450.jpg,1979,1970,-9
49455.jpg,1979,1970,-9
49460.jpg,1979,2000,21
49465.jpg,1979,1850,-129
49470.jpg,1979,1970,-9
49475.jpg,1979,1970,-9
49480.jpg,1979,1920,-59
49485.jpg,1979,1970,-9
49490.jpg,1979,1970,-9
49495.jpg,1979,1700,-279
49500.jpg,1979,2010,31
49505.jpg,1979,2010,31
49510.jpg,1979,1970,-9
49515.jpg,1979,2000,21
49525.jpg,1979,2010,31
49530.jpg,1979,2000,21
49535.jpg,1979,2010,31
49540.jpg,1979,1970,-9
49545.jpg,1979,1970,-9
49550.jpg,1979,2010,31
49555.jpg,1979,2000,21
49560.jpg,1979,1970,-9
49565.jpg,1980,1970,-10
49570.jpg,1980,1900,-80
49585.jpg,1980,1970,-10
49590.jpg,1980,2000,20
49595.jpg,1980,1970,-10
49600.jpg,1980,1970,-10
49605.jpg,1980,2010,30
49610.jpg,1980,2000,20
49615.jpg,1980,2010,30
49620.jpg,1980,1970,-10
49625.jpg,1980,1970,-10
49630.jpg,1980,2000,20
49635.jpg,1980,2020,40
49640.jpg,1980,2010,30
49645.jpg,1980,2000,20
49650.jpg,1980,2010,30
49655.jpg,1980,1970,-10
49660.jpg,1980,2010,30
49665.jpg,1980,2010,30
49675.jpg,1980,2010,30
49680.jpg,1980,2000,20
49685.jpg,1980,2010,30
49690.jpg,1980,2010,30
49695.jpg,1980,1970,-10
49700.jpg,1980,1970,-10
49705.jpg,1980,1970,-10
49710.jpg,1981,2000,19
49715.jpg,1981,2010,29
49720.jpg,1981,2010,29
49725.jpg,1981,1970,-11
49735.jpg,1981,1970,-11
49740.jpg,1981,1970,-11
49745.jpg,1981,2010,29
49750.jpg,1981,2010,29
49755.jpg,1981,1970,-11
49760.jpg,1981,1970,-11
49770.jpg,1981,1970,-11
49775.jpg,1981,1970,-11
49780.jpg,1981,2010,29
49785.jpg,1981,1930,-51
49790.jpg,1981,2010,29
49795.jpg,1981,1970,-11
49800.jpg,1981,2010,29
49805.jpg,1981,2010,29
49810.jpg,1981,1970,-11
49815.jpg,1981,2000,19
49820.jpg,1981,1850,-131
49825.jpg,1981,1970,-11
49830.jpg,1981,1970,-11
49835.jpg,1981,1970,-11
49840.jpg,1981,2010,29
49845.jpg,1981,2000,19
49850.jpg,1981,2010,29
49860.jpg,1981,2000,19
49865.jpg,1981,2010,29
49875.jpg,1981,2000,19
49880.jpg,1981,2010,29
49885.jpg,1981,2010,29
49890.jpg,1981,1970,-11
49895.jpg,1981,1970,-11
49900.jpg,1981,1900,-81
49905.jpg,1981,1970,-11
49910.jpg,1981,2020,39
49915.jpg,1981,1970,-11
49920.jpg,1982,2010,28
49925.jpg,1982,2010,28
49930.jpg,1982,2010,28
49935.jpg,1982,2000,18
49940.jpg,1982,1970,-12
49945.jpg,1982,1970,-12
49950.jpg,1982,2010,28
49955.jpg,1982,2010,28
49960.jpg,1982,1970,-12
49965.jpg,1982,2000,18
49975.jpg,1982,2010,28
49980.jpg,1982,2010,28
49985.jpg,1982,2010,28
49990.jpg,1982,2000,18
49995.jpg,1982,1970,-12
50000.jpg,1982,2000,18
50005.jpg,1982,2010,28
50010.jpg,1982,1970,-12
50015.jpg,1982,1970,-12
50020.jpg,1982,2000,18
50025.jpg,1982,1970,-12
50030.jpg,1982,2010,28
50035.jpg,1982,1970,-12
50040.jpg,1982,2000,18
50045.jpg,1982,1970,-12
50050.jpg,1982,1970,-12
50055.jpg,1982,1970,-12
50060.jpg,1982,1970,-12
50065.jpg,1982,1900,-82
50070.jpg,1982,2010,28
50075.jpg,1982,1970,-12
50080.jpg,1982,1900,-82
50095.jpg,1982,1930,-52
50100.jpg,1982,1600,-382
50105.jpg,1982,1970,-12
50110.jpg,1982,1850,-132
50115.jpg,1982,2000,18
50120.jpg,1982,2000,18
50145.jpg,1982,1970,-12
50150.jpg,1982,1970,-12
50155.jpg,1982,2000,18
50160.jpg,1983,1850,-133
50165.jpg,1983,1970,-13
50170.jpg,1983,2020,37
50175.jpg,1983,1970,-13
50185.jpg,1983,1950,-33
50190.jpg,1983,2000,17
50195.jpg,1983,1970,-13
50200.jpg,1983,1960,-23
50205.jpg,1983,1970,-13
50210.jpg,1983,2010,27
50220.jpg,1983,2000,17
50225.jpg,1983,1970,-13
50230.jpg,1983,1970,-13
50235.jpg,1983,1970,-13
50240.jpg,1983,1970,-13
50245.jpg,1983,1970,-13
50250.jpg,1983,1970,-13
50255.jpg,1983,1970,-13
50260.jpg,1983,2000,17
50270.jpg,1983,1970,-13
50275.jpg,1983,1970,-13
50280.jpg,1983,1970,-13
50285.jpg,1983,2010,27
50290.jpg,1983,1970,-13
50295.jpg,1983,1970,-13
50300.jpg,1983,1970,-13
50305.jpg,1983,1970,-13
50310.jpg,1983,1930,-53
50315.jpg,1983,1850,-133
50320.jpg,1983,1970,-13
50325.jpg,1983,1900,-83
50330.jpg,1983,1970,-13
50335.jpg,1983,2010,27
50340.jpg,1983,2010,27
50345.jpg,1983,2010,27
50350.jpg,1983,2010,27
50355.jpg,1983,1970,-13
50360.jpg,1983,2000,17
50365.jpg,1983,1970,-13
50370.jpg,1983,1970,-13
50375.jpg,1983,1970,-13
50380.jpg,1983,2010,27
50385.jpg,1983,2010,27
50390.jpg,1984,1970,-14
50395.jpg,1984,1970,-14
50400.jpg,1984,1970,-14
50405.jpg,1984,1970,-14
50410.jpg,1984,2000,16
50415.jpg,1984,2000,16
50420.jpg,1984,2000,16
50425.jpg,1984,2010,26
50430.jpg,1984,1970,-14
50435.jpg,1984,1970,-14
50440.jpg,1984,1970,-14
50445.jpg,1984,1970,-14
50450.jpg,1984,2010,26
50455.jpg,1984,2000,16
50465.jpg,1984,1970,-14
50470.jpg,1984,2000,16
50475.jpg,1984,2010,26
50480.jpg,1984,1970,-14
50485.jpg,1984,1970,-14
50490.jpg,1984,1970,-14
50495.jpg,1984,1920,-64
50500.jpg,1984,1970,-14
50505.jpg,1984,2015,31
50515.jpg,1984,2010,26
50520.jpg,1984,2000,16
50525.jpg,1984,2000,16
50530.jpg,1984,1900,-84
50535.jpg,1984,1970,-14
50540.jpg,1984,2000,16
50545.jpg,1984,2000,16
50550.jpg,1984,2010,26
50555.jpg,1984,2000,16
50560.jpg,1984,1970,-14
50565.jpg,1984,1970,-14
50570.jpg,1984,1970,-14
50575.jpg,1984,2020,36
50580.jpg,1985,1800,-185
50585.jpg,1985,1970,-15
50595.jpg,1985,1970,-15
50600.jpg,1985,2010,25
50605.jpg,1985,2010,25
50610.jpg,1985,2010,25
50615.jpg,1985,1970,-15
50620.jpg,1985,2010,25
50630.jpg,1985,1970,-15
50635.jpg,1985,2010,25
50640.jpg,1985,2000,15
50645.jpg,1985,2000,15
50650.jpg,1985,2010,25
50655.jpg,1985,2010,25
50660.jpg,1985,2000,15
50665.jpg,1985,2000,15
50670.jpg,1985,2000,15
50675.jpg,1985,1975,-10
50680.jpg,1985,1970,-15
50685.jpg,1985,1970,-15
50690.jpg,1985,2010,25
50695.jpg,1985,2000,15
50700.jpg,1985,1970,-15
50705.jpg,1985,1970,-15
50710.jpg,1985,1930,-55
50715.jpg,1985,2000,15
50720.jpg,1985,1800,-185
50730.jpg,1985,2000,15
50735.jpg,1985,2010,25
50740.jpg,1985,1970,-15
50745.jpg,1985,2000,15
50750.jpg,1985,2000,15
50755.jpg,1985,2010,25
50760.jpg,1985,2010,25
50765.jpg,1985,2000,15
50770.jpg,1985,1970,-15
50775.jpg,1985,1970,-15
50780.jpg,1986,1970,-16
50785.jpg,1986,1970,-16
50790.jpg,1986,1950,-36
50795.jpg,1986,2000,14
50800.jpg,1986,2000,14
50805.jpg,1986,2010,24
50810.jpg,1986,1970,-16
50815.jpg,1986,1970,-16
50820.jpg,1986,2000,14
50830.jpg,1986,2010,24
50835.jpg,1986,2000,14
50840.jpg,1986,1970,-16
50845.jpg,1986,2010,24
50850.jpg,1986,1970,-16
50855.jpg,1986,2010,24
50860.jpg,1986,2000,14
50865.jpg,1986,1890,-96
50870.jpg,1986,2000,14
50885.jpg,1986,2000,14
50890.jpg,1986,1970,-16
50895.jpg,1986,2010,24
50900.jpg,1986,1900,-86
50905.jpg,1986,1970,-16
50910.jpg,1986,2000,14
50915.jpg,1986,2000,14
50920.jpg,1986,1930,-56
50925.jpg,1986,1750,-236
50930.jpg,1986,1970,-16
50935.jpg,1986,1970,-16
50940.jpg,1986,1930,-56
50945.jpg,1986,2000,14
50950.jpg,1986,2000,14
50955.jpg,1986,2010,24
50960.jpg,1986,2000,14
50965.jpg,1986,2010,24
50970.jpg,1986,2000,14
50975.jpg,1986,2000,14
50980.jpg,1986,1970,-16
50985.jpg,1986,1930,-56
50990.jpg,1987,1750,-237
50995.jpg,1987,2000,13
51000.jpg,1987,2000,13
51010.jpg,1987,2000,13
51015.jpg,1987,1970,-17
51020.jpg,1987,1970,-17
51025.jpg,1987,2000,13
51030.jpg,1987,2020,33
51035.jpg,1987,2000,13
51040.jpg,1987,1970,-17
51045.jpg,1987,1970,-17
51050.jpg,1987,1970,-17
51055.jpg,1987,2000,13
51060.jpg,1987,2000,13
51065.jpg,1987,2010,23
51070.jpg,1987,1970,-17
51075.jpg,1987,1970,-17
51080.jpg,1987,2000,13
51085.jpg,1987,1970,-17
51090.jpg,1987,2010,23
51095.jpg,1987,1970,-17
51100.jpg,1987,1970,-17
51105.jpg,1987,2000,13
51110.jpg,1987,2010,23
51115.jpg,1987,2010,23
51120.jpg,1987,1900,-87
51125.jpg,1987,1800,-187
51130.jpg,1987,1900,-87
51135.jpg,1987,1970,-17
51140.jpg,1987,2010,23
51145.jpg,1987,1970,-17
51155.jpg,1987,2000,13
51165.jpg,1987,2000,13
51170.jpg,1987,1930,-57
51175.jpg,1987,2010,23
51180.jpg,1987,2010,23
51200.jpg,1988,2010,22
51205.jpg,1988,2000,12
51210.jpg,1988,2000,12
51215.jpg,1988,2010,22
51220.jpg,1988,2010,22
51225.jpg,1988,2000,12
51240.jpg,1988,1970,-18
51245.jpg,1988,2000,12
51250.jpg,1988,2010,22
51255.jpg,1988,2000,12
51260.jpg,1988,2000,12
51265.jpg,1988,2000,12
51270.jpg,1988,2010,22
51275.jpg,1988,1970,-18
51280.jpg,1988,2010,22
51285.jpg,1988,2000,12
51290.jpg,1988,2000,12
51295.jpg,1988,1980,-8
51300.jpg,1988,2010,22
51305.jpg,1988,1970,-18
51310.jpg,1988,1970,-18
51315.jpg,1988,1970,-18
51320.jpg,1988,1920,-68
51330.jpg,1988,1900,-88
51335.jpg,1988,1900,-88
51340.jpg,1988,2010,22
51345.jpg,1988,1900,-88
51350.jpg,1988,1900,-88
51355.jpg,1988,2010,22
51360.jpg,1988,2000,12
51365.jpg,1988,2000,12
51370.jpg,1988,2000,12
51375.jpg,1988,2020,32
51380.jpg,1988,2010,22
51385.jpg,1988,2020,32
51390.jpg,1988,1970,-18
51395.jpg,1988,1970,-18
51400.jpg,1988,2010,22
51405.jpg,1988,1970,-18
51410.jpg,1989,2020,31
51415.jpg,1989,2000,11
51420.jpg,1989,1970,-19
51425.jpg,1989,2010,21
51430.jpg,1989,2019,30
51435.jpg,1989,2020,31
51440.jpg,1989,1970,-19
51445.jpg,1989,1970,-19
51455.jpg,1989,1970,-19
51460.jpg,1989,2000,11
51470.jpg,1989,2010,21
51475.jpg,1989,2010,21
51480.jpg,1989,2000,11
51485.jpg,1989,2010,21
51490.jpg,1989,2000,11
51495.jpg,1989,2000,11
51500.jpg,1989,1970,-19
51505.jpg,1989,2010,21
51510.jpg,1989,2000,11
51515.jpg,1989,2000,11
51520.jpg,1989,2010,21
51525.jpg,1989,1900,-89
51530.jpg,1989,2000,11
51535.jpg,1989,2000,11
51540.jpg,1989,2000,11
51545.jpg,1989,1930,-59
51550.jpg,1989,1920,-69
51555.jpg,1989,2010,21
51560.jpg,1989,2010,21
51565.jpg,1989,2010,21
51575.jpg,1989,2000,11
51580.jpg,1989,1450,-539
51585.jpg,1989,1970,-19
51590.jpg,1989,1970,-19
51595.jpg,1989,2010,21
51600.jpg,1989,2010,21
51605.jpg,1990,1850,-140
51610.jpg,1990,2000,10
51615.jpg,1990,2000,10
51620.jpg,1990,2018,28
51625.jpg,1990,2010,20
51630.jpg,1990,2010,20
51635.jpg,1990,1970,-20
51640.jpg,1990,2000,10
51645.jpg,1990,2000,10
51650.jpg,1990,1990,0
51655.jpg,1990,2008,18
51660.jpg,1990,2000,10
51670.jpg,1990,2000,10
51675.jpg,1990,2010,20
51680.jpg,1990,2000,10
51685.jpg,1990,2010,20
51690.jpg,1990,2000,10
51695.jpg,1990,2000,10
51700.jpg,1990,1970,-20
51705.jpg,1990,2000,10
51710.jpg,1990,2000,10
51715.jpg,1990,1970,-20
51720.jpg,1990,2010,20
51725.jpg,1990,2010,20
51730.jpg,1990,2000,10
51735.jpg,1990,2000,10
51740.jpg,1990,2000,10
51745.jpg,1990,1970,-20
51755.jpg,1990,1970,-20
51760.jpg,1990,1930,-60
51765.jpg,1990,1900,-90
51770.jpg,1990,1970,-20
51775.jpg,1990,2010,20
51780.jpg,1990,2000,10
51785.jpg,1990,1970,-20
51795.jpg,1990,2020,30
51805.jpg,1990,2000,10
51810.jpg,1990,2010,20
51815.jpg,1990,1970,-20
51820.jpg,1990,2000,10
51825.jpg,1990,1970,-20
51830.jpg,1990,1970,-20
51840.jpg,1991,1930,-61
51845.jpg,1991,1970,-21
51850.jpg,1991,2010,19
51860.jpg,1991,2010,19
51865.jpg,1991,2000,9
51870.jpg,1991,2000,9
51875.jpg,1991,2000,9
51885.jpg,1991,2000,9
51890.jpg,1991,1960,-31
51895.jpg,1991,1970,-21
51905.jpg,1991,1970,-21
51910.jpg,1991,2000,9
51920.jpg,1991,2010,19
51925.jpg,1991,2010,19
51930.jpg,1991,2010,19
51935.jpg,1991,2000,9
51940.jpg,1991,2010,19
51945.jpg,1991,2000,9
51950.jpg,1991,1970,-21
51955.jpg,1991,2000,9
51960.jpg,1991,2010,19
51965.jpg,1991,1970,-21
51970.jpg,1991,2010,19
51975.jpg,1991,1930,-61
51980.jpg,1991,1900,-91
51985.jpg,1991,1920,-71
51990.jpg,1991,2020,29
51995.jpg,1991,2000,9
52000.jpg,1991,1970,-21
52015.jpg,1991,2010,19
52020.jpg,1991,2000,9
52025.jpg,1991,2000,9
52035.jpg,1991,2000,9
52040.jpg,1991,2000,9
52045.jpg,1991,2000,9
52060.jpg,1991,2000,9
52065.jpg,1992,2010,18
52070.jpg,1992,2010,18
52075.jpg,1992,2000,8
52080.jpg,1992,1982,-10
52085.jpg,1992,1970,-22
52090.jpg,1992,2020,28
52095.jpg,1992,1970,-22
52100.jpg,1992,2010,18
52105.jpg,1992,2000,8
52110.jpg,1992,1970,-22
52115.jpg,1992,2010,18
52120.jpg,1992,1970,-22
52125.jpg,1992,2010,18
52130.jpg,1992,2010,18
52135.jpg,1992,1970,-22
52140.jpg,1992,2010,18
52145.jpg,1992,1970,-22
52150.jpg,1992,2000,8
52155.jpg,1992,2010,18
52160.jpg,1992,1970,-22
52165.jpg,1992,2000,8
52170.jpg,1992,1970,-22
52175.jpg,1992,2000,8
52180.jpg,1992,1970,-22
52185.jpg,1992,2000,8
52190.jpg,1992,2000,8
52195.jpg,1992,2000,8
52200.jpg,1992,2010,18
52205.jpg,1992,1970,-22
52210.jpg,1992,1970,-22
52215.jpg,1992,2000,8
52220.jpg,1992,1970,-22
52225.jpg,1992,2010,18
52230.jpg,1992,1900,-92
52235.jpg,1992,1930,-62
52240.jpg,1992,2010,18
52245.jpg,1992,2000,8
52250.jpg,1992,2010,18
52260.jpg,1992,1970,-22
52270.jpg,1993,2000,7
52275.jpg,1993,2010,17
52280.jpg,1993,2000,7
52285.jpg,1993,1970,-23
52290.jpg,1993,2010,17
52300.jpg,1993,2000,7
52305.jpg,1993,1970,-23
52310.jpg,1993,2000,7
52315.jpg,1993,2000,7
52320.jpg,1993,2010,17
52325.jpg,1993,1970,-23
52335.jpg,1993,2010,17
52340.jpg,1993,2010,17
52345.jpg,1993,2010,17
52350.jpg,1993,2000,7
52355.jpg,1993,2010,17
52360.jpg,1993,2010,17
52365.jpg,1993,2010,17
52370.jpg,1993,2000,7
52375.jpg,1993,1970,-23
52380.jpg,1993,2000,7
52385.jpg,1993,1993,0
52390.jpg,1993,2010,17
52395.jpg,1993,1970,-23
52400.jpg,1993,2010,17
52405.jpg,1993,1970,-23
52410.jpg,1993,2010,17
52415.jpg,1993,2000,7
52420.jpg,1993,2010,17
52425.jpg,1993,1900,-93
52430.jpg,1993,2010,17
52435.jpg,1993,2000,7
52440.jpg,1993,2010,17
52445.jpg,1993,2000,7
52450.jpg,1993,1850,-143
52455.jpg,1993,2010,17
52460.jpg,1993,2000,7
52465.jpg,1993,1970,-23
52475.jpg,1994,2010,16
52480.jpg,1994,1970,-24
52485.jpg,1994,2000,6
52490.jpg,1994,1970,-24
52495.jpg,1994,2010,16
52505.jpg,1994,2000,6
52510.jpg,1994,1995,1
52515.jpg,1994,2000,6
52525.jpg,1994,1970,-24
52530.jpg,1994,2010,16
52535.jpg,1994,2010,16
52540.jpg,1994,2000,6
52545.jpg,1994,2000,6
52550.jpg,1994,2000,6
52555.jpg,1994,2000,6
52560.jpg,1994,1930,-64
52570.jpg,1994,1970,-24
52575.jpg,1994,2000,6
52580.jpg,1994,1950,-44
52585.jpg,1994,2010,16
52590.jpg,1994,2000,6
52595.jpg,1994,1920,-74
52600.jpg,1994,1970,-24
52605.jpg,1994,1600,-394
52610.jpg,1994,2000,6
52615.jpg,1994,1880,-114
52620.jpg,1994,2010,16
52625.jpg,1994,2000,6
52630.jpg,1994,2010,16
52635.jpg,1994,1970,-24
52640.jpg,1994,2000,6
52645.jpg,1994,1970,-24
52650.jpg,1995,2000,5
52655.jpg,1995,2010,15
52660.jpg,1995,2010,15
52665.jpg,1995,2004,9
52670.jpg,1995,2000,5
52675.jpg,1995,1970,-25
52680.jpg,1995,2010,15
52685.jpg,1995,2000,5
52690.jpg,1995,2010,15
52695.jpg,1995,2010,15
52700.jpg,1995,2000,5
52705.jpg,1995,1920,-75
52710.jpg,1995,2010,15
52715.jpg,1995,2000,5
52720.jpg,1995,1970,-25
52725.jpg,1995,2000,5
52730.jpg,1995,2010,15
52735.jpg,1995,2010,15
52740.jpg,1995,2010,15
52745.jpg,1995,2000,5
52750.jpg,1995,2000,5
52755.jpg,1995,2010,15
52760.jpg,1995,2000,5
52765.jpg,1995,1970,-25
52770.jpg,1995,2010,15
52775.jpg,1995,2010,15
52785.jpg,1995,2010,15
52790.jpg,1995,1900,-95
52795.jpg,1995,2000,5
52800.jpg,1995,2010,15
52805.jpg,1995,2010,15
52810.jpg,1995,2010,15
52815.jpg,1995,2010,15
52820.jpg,1995,2000,5
52825.jpg,1995,2010,15
52830.jpg,1995,2000,5
52835.jpg,1995,2010,15
52840.jpg,1995,1450,-545
52845.jpg,1996,2000,4
52850.jpg,1996,2010,14
52855.jpg,1996,2000,4
52860.jpg,1996,2010,14
52865.jpg,1996,2010,14
52870.jpg,1996,2010,14
52875.jpg,1996,1970,-26
52880.jpg,1996,1970,-26
52885.jpg,1996,2000,4
52890.jpg,1996,2000,4
52895.jpg,1996,2018,22
52900.jpg,1996,2006,10
52905.jpg,1996,2000,4
52910.jpg,1996,2010,14
52915.jpg,1996,2000,4
52920.jpg,1996,2010,14
52925.jpg,1996,2010,14
52935.jpg,1996,2000,4
52940.jpg,1996,1995,-1
52945.jpg,1996,1950,-46
52950.jpg,1996,1970,-26
52955.jpg,1996,2010,14
52960.jpg,1996,2000,4
52965.jpg,1996,2010,14
52970.jpg,1996,2000,4
52980.jpg,1996,2010,14
52985.jpg,1997,1850,-147
52990.jpg,1997,1970,-27
52995.jpg,1997,2010,13
53000.jpg,1997,2000,3
53005.jpg,1997,1970,-27
53010.jpg,1997,2000,3
53015.jpg,1997,2010,13
53020.jpg,1997,2010,13
53025.jpg,1997,2002,5
53030.jpg,1997,2000,3
53035.jpg,1997,2000,3
53040.jpg,1997,2010,13
53045.jpg,1997,2010,13
53050.jpg,1997,2010,13
53055.jpg,1997,2000,3
53060.jpg,1997,2000,3
53065.jpg,1997,2000,3
53070.jpg,1997,2010,13
53075.jpg,1997,2000,3
53080.jpg,1997,2010,13
53085.jpg,1997,1970,-27
53090.jpg,1997,1900,-97
53095.jpg,1997,2010,13
53100.jpg,1997,1970,-27
53105.jpg,1997,2010,13
53110.jpg,1997,2010,13
53115.jpg,1997,2000,3
53120.jpg,1997,2000,3
53125.jpg,1997,2000,3
53130.jpg,1997,1970,-27
53135.jpg,1997,2010,13
53140.jpg,1997,2015,18
53145.jpg,1997,2010,13
53150.jpg,1997,2020,23
53155.jpg,1997,1750,-247
53165.jpg,1997,2010,13
53170.jpg,1997,2010,13
53175.jpg,1997,2000,3
53180.jpg,1997,2010,13
53185.jpg,1997,2010,13
53190.jpg,1997,2000,3
53195.jpg,1997,1600,-397
53200.jpg,1997,2010,13
53205.jpg,1997,2010,13
53210.jpg,1997,2000,3
53215.jpg,1997,1970,-27
53220.jpg,1997,2000,3
53225.jpg,1997,2010,13
53230.jpg,1997,1970,-27
53235.jpg,1998,1920,-78
53240.jpg,1998,2000,2
53245.jpg,1998,1970,-28
53250.jpg,1998,2000,2
53255.jpg,1998,2000,2
53260.jpg,1998,2010,12
53265.jpg,1998,1950,-48
53270.jpg,1998,2002,4
53275.jpg,1998,2020,22
53280.jpg,1998,2010,12
53285.jpg,1998,2010,12
53290.jpg,1998,2000,2
53300.jpg,1998,2010,12
53305.jpg,1998,2000,2
53310.jpg,1998,2010,12
53315.jpg,1998,1980,-18
53325.jpg,1998,2000,2
53330.jpg,1998,2010,12
53335.jpg,1998,2010,12
53340.jpg,1998,2010,12
53345.jpg,1998,2010,12
53350.jpg,1998,2010,12
53355.jpg,1998,2010,12
53365.jpg,1998,2000,2
53370.jpg,1998,2010,12
53375.jpg,1998,2000,2
53380.jpg,1998,2000,2
53385.jpg,1998,1750,-248
53390.jpg,1998,1800,-198
53395.jpg,1998,2010,12
53400.jpg,1998,1900,-98
53405.jpg,1998,2010,12
53410.jpg,1998,2000,2
53415.jpg,1998,2000,2
53420.jpg,1998,2010,12
53425.jpg,1998,2010,12
53435.jpg,1998,1970,-28
53440.jpg,1998,2010,12
53445.jpg,1998,2010,12
53450.jpg,1998,2000,2
53455.jpg,1999,1850,-149
53460.jpg,1999,2000,1
53465.jpg,1999,2010,11
53470.jpg,1999,2000,1
53475.jpg,1999,2010,11
53480.jpg,1999,2010,11
53485.jpg,1999,2000,1
53490.jpg,1999,2000,1
53495.jpg,1999,2010,11
53505.jpg,1999,2000,1
53510.jpg,1999,2000,1
53515.jpg,1999,2010,11
53520.jpg,1999,2010,11
53525.jpg,1999,2018,19
53530.jpg,1999,2010,11
53535.jpg,1999,2000,1
53540.jpg,1999,2000,1
53545.jpg,1999,2010,11
53550.jpg,1999,2010,11
53555.jpg,1999,1970,-29
53560.jpg,1999,2010,11
53565.jpg,1999,2000,1
53570.jpg,1999,2010,11
53575.jpg,1999,2020,21
53580.jpg,1999,2000,1
53585.jpg,1999,2010,11
53590.jpg,1999,2010,11
53595.jpg,1999,2010,11
53600.jpg,1999,2000,1
53605.jpg,1999,2010,11
53610.jpg,1999,2010,11
53615.jpg,1999,1970,-29
53620.jpg,1999,1970,-29
53625.jpg,1999,2010,11
53630.jpg,1999,1970,-29
53635.jpg,1999,2000,1
53650.jpg,1999,2010,11
53655.jpg,1999,2000,1
53660.jpg,1999,2010,11
53665.jpg,1999,2000,1
53670.jpg,1999,2010,11
53675.jpg,1999,2010,11
53680.jpg,1999,2000,1
53685.jpg,1999,1900,-99
53690.jpg,2000,2010,10
53700.jpg,2000,2000,0
53705.jpg,2000,2000,0
53710.jpg,2000,2010,10
53715.jpg,2000,2010,10
53720.jpg,2000,2000,0
53725.jpg,2000,2000,0
53730.jpg,2000,2000,0
53735.jpg,2000,2010,10
53740.jpg,2000,2000,0
53745.jpg,2000,2010,10
53755.jpg,2000,2000,0
53760.jpg,2000,2000,0
53765.jpg,2000,2010,10
53770.jpg,2000,2000,0
53775.jpg,2000,1970,-30
53780.jpg,2000,2000,0
53785.jpg,2000,2000,0
53790.jpg,2000,2000,0
53795.jpg,2000,1970,-30
53800.jpg,2000,2000,0
53805.jpg,2000,2015,15
53810.jpg,2000,2015,15
53815.jpg,2000,2000,0
53820.jpg,2000,2000,0
53830.jpg,2000,2010,10
53835.jpg,2000,2010,10
53840.jpg,2000,2010,10
53845.jpg,2000,2010,10
53850.jpg,2000,1850,-150
53855.jpg,2000,2015,15
53860.jpg,2000,2010,10
53865.jpg,2000,2000,0
53870.jpg,2000,2010,10
53875.jpg,2000,2010,10
53880.jpg,2000,2000,0
53885.jpg,2000,2000,0
53890.jpg,2000,2010,10
53895.jpg,2000,2010,10
53905.jpg,2001,2010,9
53910.jpg,2001,2000,-1
53915.jpg,2001,2000,-1
53920.jpg,2001,2010,9
53925.jpg,2001,2010,9
53930.jpg,2001,2010,9
53935.jpg,2001,2010,9
53940.jpg,2001,2000,-1
53945.jpg,2001,2000,-1
53950.jpg,2001,2020,19
53955.jpg,2001,2000,-1
53960.jpg,2001,2010,9
53965.jpg,2001,2000,-1
53970.jpg,2001,2010,9
53975.jpg,2001,2010,9
53980.jpg,2001,2010,9
53985.jpg,2001,2000,-1
53990.jpg,2001,2010,9
53995.jpg,2001,1900,-101
54000.jpg,2001,2010,9
54005.jpg,2001,2000,-1
54010.jpg,2001,1970,-31
54015.jpg,2001,2000,-1
54020.jpg,2001,1970,-31
54025.jpg,2001,2000,-1
54030.jpg,2001,2010,9
54035.jpg,2001,2010,9
54040.jpg,2001,2000,-1
54045.jpg,2001,2010,9
54050.jpg,2001,1970,-31
54055.jpg,2001,2000,-1
54060.jpg,2001,2000,-1
54065.jpg,2001,1970,-31
54070.jpg,2001,2010,9
54075.jpg,2001,2010,9
54085.jpg,2001,2020,19
54090.jpg,2001,2000,-1
54095.jpg,2001,2010,9
54100.jpg,2001,2010,9
54105.jpg,2001,2010,9
54110.jpg,2001,2010,9
54120.jpg,2001,2010,9
54125.jpg,2001,2010,9
54130.jpg,2001,1960,-41
54135.jpg,2001,2010,9
54140.jpg,2001,2010,9
54145.jpg,2001,2010,9
54150.jpg,2001,2000,-1
54155.jpg,2001,2010,9
54160.jpg,2001,2010,9
54165.jpg,2001,2000,-1
54170.jpg,2001,2010,9
54180.jpg,2002,1970,-32
54185.jpg,2002,2020,18
54190.jpg,2002,2000,-2
54195.jpg,2002,2000,-2
54200.jpg,2002,2010,8
54205.jpg,2002,2000,-2
54210.jpg,2002,2010,8
54215.jpg,2002,2002,0
54220.jpg,2002,2000,-2
54225.jpg,2002,2020,18
54230.jpg,2002,2000,-2
54235.jpg,2002,2017,15
54240.jpg,2002,2010,8
54245.jpg,2002,2020,18
54250.jpg,2002,2010,8
54255.jpg,2002,1900,-102
54260.jpg,2002,2010,8
54265.jpg,2002,2010,8
54270.jpg,2002,2010,8
54275.jpg,2002,1970,-32
54280.jpg,2002,2000,-2
54285.jpg,2002,2010,8
54290.jpg,2002,1970,-32
54295.jpg,2002,1970,-32
54300.jpg,2002,2010,8
54305.jpg,2002,2000,-2
54310.jpg,2002,2010,8
54315.jpg,2002,2010,8
54320.jpg,2002,1850,-152
54330.jpg,2002,1900,-102
54335.jpg,2002,1970,-32
54340.jpg,2002,2010,8
54345.jpg,2002,2010,8
54355.jpg,2002,2000,-2
54360.jpg,2002,2010,8
54365.jpg,2002,2010,8
54370.jpg,2002,2010,8
54375.jpg,2002,2017,15
54385.jpg,2002,2010,8
54390.jpg,2002,2010,8
54395.jpg,2002,2010,8
54400.jpg,2002,2010,8
54405.jpg,2003,2010,7
54410.jpg,2003,2020,17
54415.jpg,2003,2020,17
54425.jpg,2003,2010,7
54430.jpg,2003,2010,7
54435.jpg,2003,2010,7
54440.jpg,2003,2010,7
54445.jpg,2003,2010,7
54450.jpg,2003,2010,7
54460.jpg,2003,2020,17
54465.jpg,2003,2010,7
54470.jpg,2003,2010,7
54475.jpg,2003,2003,0
54480.jpg,2003,2010,7
54485.jpg,2003,2000,-3
54490.jpg,2003,2000,-3
54495.jpg,2003,2000,-3
54500.jpg,2003,2010,7
54505.jpg,2003,2010,7
54510.jpg,2003,1970,-33
54515.jpg,2003,1970,-33
54520.jpg,2003,1900,-103
54525.jpg,2003,2020,17
54530.jpg,2003,2000,-3
54535.jpg,2003,2015,12
54540.jpg,2003,2010,7
54545.jpg,2003,1900,-103
54550.jpg,2003,2010,7
54555.jpg,2003,1750,-253
54560.jpg,2003,2010,7
54565.jpg,2003,2010,7
54570.jpg,2003,2000,-3
54575.jpg,2003,2010,7
54580.jpg,2003,1970,-33
54585.jpg,2003,2010,7
54590.jpg,2003,2010,7
54595.jpg,2003,2010,7
54600.jpg,2003,2010,7
54605.jpg,2004,2005,1
54610.jpg,2004,2010,6
54620.jpg,2004,2010,6
54625.jpg,2004,2010,6
54630.jpg,2004,2000,-4
54635.jpg,2004,2010,6
54640.jpg,2004,2010,6
54645.jpg,2004,2010,6
54650.jpg,2004,2010,6
54655.jpg,2004,1970,-34
54660.jpg,2004,2010,6
54665.jpg,2004,2020,16
54670.jpg,2004,2000,-4
54675.jpg,2004,2010,6
54680.jpg,2004,1900,-104
54685.jpg,2004,2010,6
54690.jpg,2004,1970,-34
54695.jpg,2004,2000,-4
54700.jpg,2004,2000,-4
54705.jpg,2004,2010,6
54710.jpg,2004,1970,-34
54715.jpg,2004,2010,6
54720.jpg,2004,2010,6
54725.jpg,2004,2000,-4
54730.jpg,2004,2020,16
54735.jpg,2004,2010,6
54740.jpg,2004,2010,6
54745.jpg,2004,2000,-4
54750.jpg,2004,1930,-74
54760.jpg,2004,2010,6
54770.jpg,2004,2010,6
54775.jpg,2004,2010,6
54780.jpg,2004,2010,6
54785.jpg,2004,2010,6
54790.jpg,2004,2010,6
54795.jpg,2004,2010,6
54800.jpg,2004,2010,6
54805.jpg,2004,2000,-4
54810.jpg,2004,2010,6
54815.jpg,2004,2010,6
54820.jpg,2004,2010,6
54825.jpg,2004,2010,6
54830.jpg,2004,2000,-4
54835.jpg,2004,2010,6
54840.jpg,2004,2000,-4
54845.jpg,2005,1850,-155
54850.jpg,2005,1970,-35
54855.jpg,2005,2010,5
54860.jpg,2005,2010,5
54865.jpg,2005,2010,5
54870.jpg,2005,2010,5
54885.jpg,2005,2000,-5
54890.jpg,2005,2010,5
54895.jpg,2005,2010,5
54900.jpg,2005,1970,-35
54905.jpg,2005,2010,5
54910.jpg,2005,2010,5
54915.jpg,2005,2020,15
54925.jpg,2005,2010,5
54930.jpg,2005,2010,5
54935.jpg,2005,1930,-75
54940.jpg,2005,2010,5
54955.jpg,2005,2000,-5
54960.jpg,2005,2010,5
54965.jpg,2005,2005,0
54970.jpg,2005,2010,5
54975.jpg,2005,2010,5
54980.jpg,2005,2010,5
54985.jpg,2005,2000,-5
54990.jpg,2005,2000,-5
54995.jpg,2005,1900,-105
55000.jpg,2005,2010,5
55005.jpg,2005,2000,-5
55010.jpg,2005,1970,-35
55015.jpg,2005,2010,5
55020.jpg,2005,2010,5
55025.jpg,2005,2010,5
55030.jpg,2005,2010,5
55035.jpg,2005,2010,5
55040.jpg,2005,2010,5
55045.jpg,2005,2010,5
55050.jpg,2005,2010,5
55055.jpg,2005,2010,5
55060.jpg,2005,2010,5
55065.jpg,2005,2000,-5
55070.jpg,2005,2010,5
55075.jpg,2005,2010,5
55080.jpg,2005,2010,5
55085.jpg,2005,2010,5
55090.jpg,2005,2010,5
55095.jpg,2005,2010,5
55100.jpg,2005,2000,-5
55105.jpg,2005,2010,5
55110.jpg,2005,2010,5
55115.jpg,2005,2010,5
55120.jpg,2005,2010,5
55125.jpg,2005,2000,-5
55130.jpg,2005,2010,5
55135.jpg,2006,2010,4
55140.jpg,2006,2010,4
55145.jpg,2006,1970,-36
55155.jpg,2006,2000,-6
55160.jpg,2006,1970,-36
55165.jpg,2006,2000,-6
55170.jpg,2006,2000,-6
55175.jpg,2006,2010,4
55180.jpg,2006,2000,-6
55185.jpg,2006,1970,-36
55190.jpg,2006,2010,4
55195.jpg,2006,2010,4
55200.jpg,2006,2015,9
55210.jpg,2006,2010,4
55215.jpg,2006,2010,4
55220.jpg,2006,2010,4
55230.jpg,2006,2000,-6
55235.jpg,2006,2010,4
55240.jpg,2006,2010,4
55245.jpg,2006,2000,-6
55250.jpg,2006,2010,4
55255.jpg,2006,1970,-36
55265.jpg,2006,2010,4
55270.jpg,2006,2010,4
55275.jpg,2006,1930,-76
55280.jpg,2006,2010,4
55285.jpg,2006,2010,4
55290.jpg,2006,2010,4
55295.jpg,2006,2004,-2
55300.jpg,2006,2000,-6
55305.jpg,2006,2000,-6
55310.jpg,2006,2000,-6
55315.jpg,2006,1850,-156
55320.jpg,2006,2020,14
55325.jpg,2006,1970,-36
55330.jpg,2006,2010,4
55335.jpg,2007,1850,-157
55340.jpg,2007,2010,3
55345.jpg,2007,2010,3
55355.jpg,2007,2010,3
55360.jpg,2007,2000,-7
55365.jpg,2007,2010,3
55370.jpg,2007,2020,13
55380.jpg,2007,2020,13
55385.jpg,2007,2020,13
55395.jpg,2007,1970,-37
55400.jpg,2007,2010,3
55405.jpg,2007,1970,-37
55410.jpg,2007,2010,3
55415.jpg,2007,2000,-7
55420.jpg,2007,2010,3
55425.jpg,2007,2010,3
55430.jpg,2007,2010,3
55435.jpg,2007,2000,-7
55440.jpg,2007,2010,3
55445.jpg,2007,2011,4
55450.jpg,2007,1970,-37
55455.jpg,2007,2000,-7
55460.jpg,2007,1850,-157
55465.jpg,2007,2000,-7
55475.jpg,2007,1930,-77
55480.jpg,2007,1970,-37
55485.jpg,2007,2010,3
55490.jpg,2007,1970,-37
55500.jpg,2007,2010,3
55505.jpg,2007,2010,3
55510.jpg,2007,2010,3
55515.jpg,2007,2010,3
55520.jpg,2007,2010,3
55525.jpg,2007,1900,-107
55530.jpg,2007,2010,3
55535.jpg,2007,2010,3
55540.jpg,2007,2020,13
55545.jpg,2007,2010,3
55550.jpg,2007,2000,-7
55555.jpg,2007,2010,3
55560.jpg,2007,2010,3
55565.jpg,2007,2010,3
55570.jpg,2007,2010,3
55575.jpg,2007,2010,3
55580.jpg,2007,2010,3
55585.jpg,2007,2010,3
55590.jpg,2007,2010,3
55595.jpg,2007,1930,-77
55600.jpg,2007,2010,3
55605.jpg,2007,1970,-37
55610.jpg,2008,1750,-258
55615.jpg,2008,1800,-208
55620.jpg,2008,2010,2
55625.jpg,2008,2008,0
55630.jpg,2008,2010,2
55635.jpg,2008,2020,12
55640.jpg,2008,1970,-38
55645.jpg,2008,2010,2
55650.jpg,2008,2010,2
55655.jpg,2008,2010,2
55660.jpg,2008,2015,7
55670.jpg,2008,2010,2
55675.jpg,2008,2000,-8
55685.jpg,2008,2010,2
55690.jpg,2008,2010,2
55695.jpg,2008,2010,2
55705.jpg,2008,2010,2
55710.jpg,2008,2000,-8
55715.jpg,2008,1970,-38
55720.jpg,2008,2010,2
55725.jpg,2008,2010,2
55730.jpg,2008,2010,2
55735.jpg,2008,2000,-8
55740.jpg,2008,2010,2
55745.jpg,2008,2010,2
55750.jpg,2008,2010,2
55755.jpg,2008,2010,2
55760.jpg,2008,2010,2
55765.jpg,2008,2010,2
55770.jpg,2008,1800,-208
55775.jpg,2008,2000,-8
55780.jpg,2008,2010,2
55785.jpg,2008,2010,2
55795.jpg,2008,2010,2
55800.jpg,2008,2010,2
55805.jpg,2008,2010,2
55810.jpg,2008,2010,2
55815.jpg,2008,2010,2
55820.jpg,2008,1970,-38
55825.jpg,2008,2000,-8
55830.jpg,2008,2012,4
55835.jpg,2009,1970,-39
55845.jpg,2009,2005,-4
55850.jpg,2009,2010,1
55870.jpg,2009,2010,1
55875.jpg,2009,2010,1
55880.jpg,2009,2010,1
55885.jpg,2009,2010,1
55890.jpg,2009,2010,1
55895.jpg,2009,2000,-9
55900.jpg,2009,2010,1
55905.jpg,2009,2011,2
55910.jpg,2009,2010,1
55915.jpg,2009,2010,1
55920.jpg,2009,2020,11
55925.jpg,2009,2000,-9
55930.jpg,2009,2000,-9
55935.jpg,2009,2010,1
55940.jpg,2009,2010,1
55945.jpg,2009,2010,1
55950.jpg,2009,2010,1
55955.jpg,2009,2000,-9
55960.jpg,2009,2010,1
55965.jpg,2009,2010,1
55970.jpg,2009,2011,2
55975.jpg,2009,2010,1
55980.jpg,2009,2010,1
55985.jpg,2009,2010,1
55990.jpg,2009,2010,1
55995.jpg,2009,2010,1
56000.jpg,2009,2020,11
56005.jpg,2009,1900,-109
56010.jpg,2009,1800,-209
56015.jpg,2009,2010,1
56020.jpg,2009,2010,1
56025.jpg,2009,2010,1
56030.jpg,2009,2010,1
56035.jpg,2009,2010,1
56040.jpg,2009,2010,1
56050.jpg,2009,2010,1
56055.jpg,2009,2010,1
56060.jpg,2009,1970,-39
56065.jpg,2009,1970,-39
56070.jpg,2009,2010,1
56075.jpg,2009,1900,-109
56080.jpg,2010,2010,0
56085.jpg,2010,2010,0
56090.jpg,2010,2010,0
56095.jpg,2010,2010,0
56105.jpg,2010,2010,0
56110.jpg,2010,2010,0
56115.jpg,2010,2010,0
56125.jpg,2010,2010,0
56130.jpg,2010,2010,0
56135.jpg,2010,2010,0
56140.jpg,2010,2010,0
56145.jpg,2010,2010,0
56150.jpg,2010,2010,0
56155.jpg,2010,2000,-10
56165.jpg,2010,2010,0
56170.jpg,2010,1900,-110
56175.jpg,2010,2010,0
56180.jpg,2010,2010,0
56185.jpg,2010,2010,0
56190.jpg,2010,2010,0
56195.jpg,2010,2005,-5
56200.jpg,2010,2010,0
56205.jpg,2010,2010,0
56210.jpg,2010,2010,0
56215.jpg,2010,2010,0
56220.jpg,2010,2000,-10
56225.jpg,2010,2010,0
56230.jpg,2010,2010,0
56235.jpg,2010,1970,-40
56240.jpg,2010,2010,0
56245.jpg,2010,2010,0
56250.jpg,2010,2010,0
56255.jpg,2010,2010,0
56260.jpg,2010,2010,0
56265.jpg,2010,2010,0
56270.jpg,2010,2020,10
56275.jpg,2010,2010,0
56280.jpg,2010,2000,-10
56285.jpg,2010,2010,0
56290.jpg,2010,2010,0
56295.jpg,2010,2010,0
56300.jpg,2010,2010,0
56310.jpg,2010,2010,0
56315.jpg,2011,2010,-1
56320.jpg,2011,1970,-41
56325.jpg,2011,2020,9
56330.jpg,2011,2010,-1
56335.jpg,2011,2010,-1
56345.jpg,2011,1970,-41
56350.jpg,2011,2010,-1
56355.jpg,2011,1970,-41
56360.jpg,2011,2012,1
56365.jpg,2011,2020,9
56370.jpg,2011,2010,-1
56375.jpg,2011,2010,-1
56380.jpg,2011,2010,-1
56385.jpg,2011,2011,0
56390.jpg,2011,2000,-11
56395.jpg,2011,2010,-1
56400.jpg,2011,2010,-1
56405.jpg,2011,1970,-41
56410.jpg,2011,2010,-1
56415.jpg,2011,2020,9
56420.jpg,2011,2010,-1
56425.jpg,2011,1970,-41
56430.jpg,2011,2010,-1
56440.jpg,2011,2000,-11
56450.jpg,2011,2010,-1
56455.jpg,2011,1750,-261
56460.jpg,2011,1970,-41
56465.jpg,2011,2010,-1
56470.jpg,2011,1900,-111
56475.jpg,2011,2000,-11
56480.jpg,2011,1970,-41
56485.jpg,2011,2010,-1
56495.jpg,2011,2010,-1
56500.jpg,2011,2010,-1
56505.jpg,2011,2010,-1
56510.jpg,2011,2010,-1
56515.jpg,2011,1940,-71
56520.jpg,2011,2010,-1
56525.jpg,2011,1970,-41
56545.jpg,2012,2010,-2
56550.jpg,2012,2012,0
56555.jpg,2012,2010,-2
56560.jpg,2012,2010,-2
56565.jpg,2012,2010,-2
56570.jpg,2012,2000,-12
56575.jpg,2012,2010,-2
56585.jpg,2012,2010,-2
56590.jpg,2012,2010,-2
56600.jpg,2012,2010,-2
56605.jpg,2012,2010,-2
56610.jpg,2012,2010,-2
56615.jpg,2012,2010,-2
56620.jpg,2012,1970,-42
56625.jpg,2012,1970,-42
56630.jpg,2012,2010,-2
56635.jpg,2012,2010,-2
56640.jpg,2012,2010,-2
56645.jpg,2012,1970,-42
56650.jpg,2012,2010,-2
56655.jpg,2012,2010,-2
56660.jpg,2012,2015,3
56665.jpg,2012,1900,-112
56670.jpg,2012,2020,8
56675.jpg,2012,2010,-2
56680.jpg,2012,2010,-2
56685.jpg,2012,2010,-2
56690.jpg,2012,2010,-2
56695.jpg,2012,2010,-2
56700.jpg,2012,2010,-2
56705.jpg,2012,2010,-2
56710.jpg,2012,2010,-2
56715.jpg,2012,2010,-2
56720.jpg,2013,2000,-13
56725.jpg,2013,2010,-3
56730.jpg,2013,1970,-43
56735.jpg,2013,2010,-3
56740.jpg,2013,2010,-3
56745.jpg,2013,2010,-3
56750.jpg,2013,2010,-3
56755.jpg,2013,2010,-3
56765.jpg,2013,2010,-3
56770.jpg,2013,2010,-3
56775.jpg,2013,2010,-3
56780.jpg,2013,2020,7
56785.jpg,2013,2010,-3
56795.jpg,2013,2010,-3
56800.jpg,2013,1970,-43
56805.jpg,2013,2010,-3
56810.jpg,2013,2010,-3
56820.jpg,2013,2010,-3
56825.jpg,2013,2023,10
56845.jpg,2013,2010,-3
56850.jpg,2013,2010,-3
56855.jpg,2013,2010,-3
56860.jpg,2013,2010,-3
56865.jpg,2013,2010,-3
56870.jpg,2013,2010,-3
56875.jpg,2013,2010,-3
56880.jpg,2013,2010,-3
56885.jpg,2013,2010,-3
56890.jpg,2013,2000,-13
56895.jpg,2013,1970,-43
56900.jpg,2014,2015,1
56905.jpg,2014,1700,-314
56910.jpg,2014,2010,-4
56915.jpg,2014,2010,-4
56920.jpg,2014,2010,-4
56925.jpg,2014,2018,4
56930.jpg,2014,2010,-4
56935.jpg,2014,2010,-4
56940.jpg,2014,2010,-4
56945.jpg,2014,2010,-4
56950.jpg,2014,2010,-4
56955.jpg,2014,1970,-44
56960.jpg,2014,2010,-4
56965.jpg,2014,2010,-4
56970.jpg,2014,1970,-44
56975.jpg,2014,1900,-114
56980.jpg,2014,1970,-44
56985.jpg,2014,2010,-4
56990.jpg,2014,2000,-14
56995.jpg,2014,2010,-4
57005.jpg,2014,2010,-4
57010.jpg,2014,2015,1
57015.jpg,2014,2020,6
57020.jpg,2014,2010,-4
57025.jpg,2014,2010,-4
57030.jpg,2014,2010,-4
57035.jpg,2014,2010,-4
57040.jpg,2014,2020,6
57045.jpg,2014,2010,-4
57050.jpg,2014,2010,-4
57055.jpg,2014,2010,-4
57060.jpg,2014,2000,-14
57065.jpg,2014,2000,-14
57070.jpg,2014,2010,-4
57075.jpg,2015,2010,-5
57085.jpg,2015,2010,-5
57090.jpg,2015,2020,5
57095.jpg,2015,2010,-5
57100.jpg,2015,2010,-5
57105.jpg,2015,2010,-5
57110.jpg,2015,2010,-5
57120.jpg,2015,2010,-5
57125.jpg,2015,2010,-5
57130.jpg,2015,2010,-5
57135.jpg,2015,2010,-5
57140.jpg,2015,2010,-5
57145.jpg,2015,2015,0
57150.jpg,2015,2020,5
57155.jpg,2015,2010,-5
57160.jpg,2015,1970,-45
57165.jpg,2015,2010,-5
57170.jpg,2015,2010,-5
57175.jpg,2015,2010,-5
57180.jpg,2015,2010,-5
57185.jpg,2015,2010,-5
57195.jpg,2015,2020,5
57200.jpg,2015,1970,-45
57205.jpg,2015,2010,-5
57210.jpg,2015,2010,-5
57215.jpg,2015,2000,-15
57220.jpg,2016,2010,-6
57225.jpg,2016,2016,0
57230.jpg,2016,2020,4
57235.jpg,2016,2016,0
57240.jpg,2016,2010,-6
57250.jpg,2016,2010,-6
57255.jpg,2016,2010,-6
57270.jpg,2016,1900,-116
57275.jpg,2016,2010,-6
57280.jpg,2016,2010,-6
57285.jpg,2016,2010,-6
57290.jpg,2016,2018,2
57295.jpg,2016,2010,-6
57300.jpg,2016,2018,2
57305.jpg,2016,2010,-6
57310.jpg,2016,1900,-116
57315.jpg,2016,2010,-6
57320.jpg,2016,2010,-6
57325.jpg,2016,2010,-6
57330.jpg,2016,2015,-1
57335.jpg,2016,2010,-6
57340.jpg,2016,2010,-6
57345.jpg,2016,1970,-46
57350.jpg,2016,2010,-6
57355.jpg,2016,2010,-6
57360.jpg,2016,2010,-6
57365.jpg,2017,2010,-7
57370.jpg,2017,2010,-7
57375.jpg,2017,2010,-7
57385.jpg,2017,2017,0
57390.jpg,2017,2018,1
57395.jpg,2017,2010,-7
57400.jpg,2017,1970,-47
57415.jpg,2017,2010,-7
57420.jpg,2017,2010,-7
57425.jpg,2017,2010,-7
57430.jpg,2017,2010,-7
57435.jpg,2017,2010,-7
57440.jpg,2017,2010,-7
57450.jpg,2017,2020,3
57455.jpg,2017,2010,-7
57470.jpg,2017,2010,-7
57475.jpg,2017,2000,-17
57480.jpg,2018,2012,-6
57485.jpg,2018,2010,-8
57490.jpg,2018,2010,-8
57495.jpg,2018,2010,-8
57500.jpg,2018,2010,-8
57505.jpg,2018,2010,-8
57510.jpg,2018,2010,-8
57515.jpg,2018,2010,-8
57520.jpg,2018,2010,-8
57525.jpg,2018,2010,-8
57530.jpg,2018,2010,-8
57545.jpg,2018,2010,-8
57550.jpg,2018,2010,-8
57555.jpg,2018,2010,-8
57560.jpg,2018,2010,-8
57565.jpg,2018,2010,-8
57570.jpg,2018,2010,-8
57575.jpg,2018,2010,-8
57585.jpg,2019,2010,-9
57595.jpg,2019,2020,1
57600.jpg,2019,2010,-9
57605.jpg,2019,2010,-9
57610.jpg,2019,2010,-9
57615.jpg,2019,2010,-9
57620.jpg,2019,2000,-19
57625.jpg,2019,2010,-9
57630.jpg,2019,2015,-4
57635.jpg,2019,2010,-9
57640.jpg,2019,2020,1
57645.jpg,2019,2020,1
57660.jpg,2019,1970,-49
57665.jpg,2019,2010,-9
57670.jpg,2020,2000,-20
57675.jpg,2020,2010,-10
57680.jpg,2020,2010,-10
57685.jpg,2020,2010,-10
57690.jpg,2020,2010,-10
57695.jpg,2020,2010,-10
57700.jpg,2020,1970,-50
57705.jpg,2020,2010,-10
57710.jpg,2020,2010,-10
57725.jpg,2020,2020,0
57730.jpg,2021,2010,-11
57735.jpg,2021,2020,-1
57740.jpg,2021,2020,-1
57745.jpg,2021,2010,-11
57750.jpg,2021,2015,-6
57755.jpg,2021,2010,-11
57760.jpg,2021,2010,-11
57765.jpg,2021,2010,-11
57770.jpg,2021,2010,-11
57780.jpg,2021,2020,-1
57785.jpg,2021,2010,-11
57790.jpg,2021,2010,-11
57795.jpg,2021,2010,-11
57800.jpg,2021,2020,-1
57805.jpg,2022,2010,-12
57810.jpg,2022,2020,-2
57815.jpg,2022,2010,-12
57825.jpg,2022,2000,-22
57830.jpg,2022,2010,-12
57835.jpg,2022,2010,-12
57840.jpg,2022,1970,-52
57845.jpg,2022,2020,-2
57860.jpg,2022,2010,-12
57865.jpg,2022,2010,-12
57870.jpg,2022,2010,-12
57875.jpg,2023,2020,-3
57885.jpg,2023,2018,-5
57890.jpg,2023,2010,-13
57895.jpg,2023,2010,-13
57900.jpg,2023,2015,-8
57910.jpg,2023,2020,-3
57915.jpg,2023,2010,-13
57920.jpg,2023,2020,-3
57925.jpg,2024,1890,-134
57930.jpg,2024,2020,-4
