name,year,pred,diff
5.jpg,1008,1170,162
10.jpg,1016,2010,994
15.jpg,1022,1100,78
20.jpg,1028,1750,722
25.jpg,1036,1980,944
30.jpg,1048,1200,152
35.jpg,1051,1917,866
40.jpg,1061,1880,819
45.jpg,1063,1496,433
55.jpg,1070,1220,150
60.jpg,1076,1250,174
65.jpg,1080,1150,70
70.jpg,1090,1850,760
75.jpg,1093,1300,207
80.jpg,1097,1870,773
85.jpg,1100,1982,882
90.jpg,1100,1850,750
95.jpg,1107,1870,763
100.jpg,1110,1502,392
105.jpg,1114,1053,-61
110.jpg,1116,1200,84
120.jpg,1120,1500,380
125.jpg,1122,1680,558
130.jpg,1125,1650,525
135.jpg,1128,1100,-28
140.jpg,1129,1350,221
145.jpg,1130,1829,699
150.jpg,1131,1067,-64
155.jpg,1134,1682,548
165.jpg,1138,1850,712
170.jpg,1140,1850,710
175.jpg,1144,1180,36
180.jpg,1146,1240,94
185.jpg,1147,1350,203
190.jpg,1149,1700,551
195.jpg,1150,1850,700
200.jpg,1152,1028,-124
210.jpg,1160,1120,-40
215.jpg,1165,1180,15
220.jpg,1168,1990,822
225.jpg,1170,1400,230
230.jpg,1170,1386,216
235.jpg,1172,100,-1072
240.jpg,1175,1850,675
245.jpg,1177,1300,123
255.jpg,1180,1330,150
260.jpg,1180,1380,200
265.jpg,1180,1550,370
275.jpg,1185,1200,15
280.jpg,1189,1853,664
285.jpg,1191,1400,209
290.jpg,1192,1900,708
295.jpg,1194,1375,181
300.jpg,1196,1453,257
305.jpg,1198,1196,-2
310.jpg,1199,1150,-49
315.jpg,1200,1850,650
320.jpg,1202,1250,48
325.jpg,1204,1300,96
330.jpg,1208,1860,652
335.jpg,1211,1498,287
340.jpg,1212,1280,68
345.jpg,1215,1750,535
350.jpg,1217,1280,63
355.jpg,1220,1510,290
360.jpg,1221,1150,-71
365.jpg,1222,1453,231
370.jpg,1224,1185,-39
375.jpg,1226,1343,117
380.jpg,1227,1800,573
385.jpg,1229,1100,-129
390.jpg,1231,1880,649
395.jpg,1232,1250,18
405.jpg,1237,1220,-17
410.jpg,1238,1450,212
415.jpg,1240,1370,130
420.jpg,1242,1603,361
425.jpg,1245,1350,105
430.jpg,1247,1400,153
435.jpg,1248,1245,-3
440.jpg,1250,1880,630
445.jpg,1250,1850,600
450.jpg,1252,1935,683
455.jpg,1255,1350,95
460.jpg,1259,1630,371
465.jpg,1260,1150,-110
470.jpg,1263,1100,-163
475.jpg,1264,1300,36
485.jpg,1270,1300,30
490.jpg,1270,1450,180
495.jpg,1270,1850,580
500.jpg,1271,1200,-71
505.jpg,1273,1350,77
510.jpg,1275,1750,475
515.jpg,1277,1500,223
520.jpg,1278,1300,22
525.jpg,1279,1379,100
530.jpg,1280,1890,610
535.jpg,1285,1250,-35
540.jpg,1288,1490,202
545.jpg,1289,1550,261
550.jpg,1290,1200,-90
555.jpg,1291,1180,-111
560.jpg,1293,1350,57
565.jpg,1295,1350,55
570.jpg,1298,1890,592
575.jpg,1300,1350,50
580.jpg,1300,1350,50
585.jpg,1300,1850,550
590.jpg,1301,1520,219
595.jpg,1303,1150,-153
600.jpg,1305,1150,-155
605.jpg,1307,1525,218
610.jpg,1309,1850,541
615.jpg,1310,1250,-60
620.jpg,1311,1400,89
625.jpg,1313,1250,-63
630.jpg,1314,864,-450
635.jpg,1317,1400,83
640.jpg,1319,1150,-169
645.jpg,1320,1450,130
650.jpg,1322,1405,83
655.jpg,1324,1313,-11
660.jpg,1325,1500,175
665.jpg,1326,1150,-176
670.jpg,1327,1820,493
675.jpg,1328,1290,-38
680.jpg,1330,1700,370
685.jpg,1330,1080,-250
690.jpg,1331,1920,589
695.jpg,1333,1400,67
700.jpg,1335,1350,15
705.jpg,1337,1350,13
710.jpg,1338,1530,192
715.jpg,1340,1860,520
720.jpg,1340,1575,235
725.jpg,1343,1755,412
730.jpg,1345,1150,-195
735.jpg,1345,1475,130
740.jpg,1346,1905,559
745.jpg,1347,1350,3
750.jpg,1347,1400,53
755.jpg,1349,1500,151
760.jpg,1350,1550,200
765.jpg,1350,1240,-110
775.jpg,1353,1450,97
780.jpg,1354,1850,496
785.jpg,1356,1350,-6
790.jpg,1358,1290,-68
795.jpg,1360,1350,-10
800.jpg,1361,1200,-161
805.jpg,1362,1350,-12
810.jpg,1364,1955,591
815.jpg,1365,1520,155
825.jpg,1370,1980,610
830.jpg,1371,1850,479
835.jpg,1373,1350,-23
840.jpg,1375,1530,155
845.jpg,1377,1150,-227
850.jpg,1380,1990,610
855.jpg,1381,1450,69
860.jpg,1382,1490,108
865.jpg,1384,1279,-105
870.jpg,1386,1985,599
875.jpg,1389,1850,461
880.jpg,1390,900,-490
885.jpg,1394,1380,-14
890.jpg,1396,1392,-4
895.jpg,1397,1480,83
900.jpg,1398,1990,592
905.jpg,1399,1320,-79
910.jpg,1400,1450,50
915.jpg,1401,1400,-1
920.jpg,1402,-1,-1403
925.jpg,1405,1250,-155
930.jpg,1406,1326,-80
935.jpg,1409,1860,451
940.jpg,1410,1357,-53
945.jpg,1410,1515,105
950.jpg,1411,1273,-138
955.jpg,1413,1290,-123
960.jpg,1414,1960,546
965.jpg,1417,1385,-32
970.jpg,1419,1985,566
975.jpg,1420,1550,130
980.jpg,1420,1420,0
985.jpg,1422,1600,178
990.jpg,1424,1600,176
995.jpg,1425,1250,-175
1000.jpg,1426,1348,-78
1005.jpg,1428,1900,472
1010.jpg,1430,1550,120
1015.jpg,1431,1260,-171
1025.jpg,1435,1865,430
1030.jpg,1436,200,-1236
1035.jpg,1438,1900,462
1040.jpg,1440,1920,480
1045.jpg,1441,1750,309
1050.jpg,1442,1750,308
1055.jpg,1444,1365,-79
1060.jpg,1446,1910,464
1065.jpg,1448,1550,102
1070.jpg,1450,1340,-110
1075.jpg,1450,1180,-270
1080.jpg,1451,1990,539
1085.jpg,1452,1850,398
1090.jpg,1453,1483,30
1095.jpg,1455,1901,446
1100.jpg,1457,1800,343
1105.jpg,1458,1256,-202
1110.jpg,1459,1300,-159
1115.jpg,1460,1475,15
1120.jpg,1462,1910,448
1125.jpg,1462,1250,-212
1130.jpg,1464,1860,396
1135.jpg,1465,1800,335
1140.jpg,1466,1100,-366
1145.jpg,1467,1880,413
1150.jpg,1468,1081,-387
1155.jpg,1469,1320,-149
1160.jpg,1470,1900,430
1165.jpg,1470,1380,-90
1170.jpg,1472,1640,168
1175.jpg,1473,1910,437
1180.jpg,1475,1300,-175
1185.jpg,1477,1213,-264
1190.jpg,1477,1780,303
1195.jpg,1479,1890,411
1200.jpg,1480,1356,-124
1205.jpg,1482,1650,168
1210.jpg,1482,1350,-132
1215.jpg,1483,1890,407
1220.jpg,1485,1350,-135
1225.jpg,1487,1650,163
1230.jpg,1487,1350,-137
1235.jpg,1488,1583,95
1240.jpg,1489,1180,-309
1245.jpg,1490,1570,80
1250.jpg,1490,1350,-140
1255.jpg,1491,1491,0
1260.jpg,1492,1550,58
1265.jpg,1493,1750,257
1270.jpg,1494,1550,56
1275.jpg,1495,1300,-195
1280.jpg,1496,1883,387
1285.jpg,1497,1900,403
1290.jpg,1497,1499,2
1295.jpg,1498,1150,-348
1300.jpg,1499,1437,-62
1305.jpg,1500,1450,-50
1310.jpg,1500,1580,80
1315.jpg,1501,1700,199
1325.jpg,1503,1700,197
1330.jpg,1504,1610,106
1335.jpg,1505,1830,325
1340.jpg,1506,1530,24
1345.jpg,1507,1350,-157
1350.jpg,1508,1350,-158
1355.jpg,1508,1680,172
1360.jpg,1509,1450,-59
1365.jpg,1510,1930,420
1370.jpg,1510,1850,340
1375.jpg,1511,1150,-361
1380.jpg,1512,1860,348
1385.jpg,1513,1650,137
1390.jpg,1513,1640,127
1395.jpg,1515,1475,-40
1400.jpg,1515,1650,135
1405.jpg,1516,1950,434
1410.jpg,1517,1324,-193
1415.jpg,1518,1700,182
1420.jpg,1518,1590,72
1425.jpg,1520,1630,110
1430.jpg,1521,1547,26
1435.jpg,1521,1090,-431
1440.jpg,1522,1975,453
1445.jpg,1523,1970,447
1450.jpg,1524,1650,126
1455.jpg,1525,1750,225
1460.jpg,1526,1750,224
1465.jpg,1526,1710,184
1470.jpg,1527,1910,383
1475.jpg,1528,1750,222
1480.jpg,1528,1930,402
1485.jpg,1530,1300,-230
1490.jpg,1530,1778,248
1495.jpg,1530,1850,320
1500.jpg,1531,1592,61
1505.jpg,1531,1900,369
1510.jpg,1532,1650,118
1515.jpg,1532,1880,348
1520.jpg,1533,1940,407
1525.jpg,1534,1920,386
1530.jpg,1535,1820,285
1535.jpg,1535,1910,375
1540.jpg,1536,1750,214
1545.jpg,1537,1780,243
1550.jpg,1537,1536,-1
1555.jpg,1538,1175,-363
1560.jpg,1539,1350,-189
1565.jpg,1540,1350,-190
1570.jpg,1540,1650,110
1575.jpg,1540,1880,340
1580.jpg,1540,1350,-190
1590.jpg,1542,1650,108
1595.jpg,1543,1790,247
1600.jpg,1543,1650,107
1605.jpg,1544,1580,36
1610.jpg,1545,1760,215
1615.jpg,1545,1645,100
1620.jpg,1547,1547,0
1625.jpg,1548,1562,14
1630.jpg,1549,1835,286
1635.jpg,1549,1750,201
1640.jpg,1550,1650,100
1645.jpg,1550,1870,320
1650.jpg,1550,1910,360
1655.jpg,1550,1348,-202
1660.jpg,1551,1850,299
1665.jpg,1551,1710,159
1670.jpg,1552,1650,98
1675.jpg,1553,1650,97
1680.jpg,1554,1750,196
1685.jpg,1554,1839,285
1690.jpg,1555,1800,245
1695.jpg,1556,2004,448
1700.jpg,1557,1920,363
1705.jpg,1558,1930,372
1710.jpg,1558,1597,39
1715.jpg,1559,1520,-39
1720.jpg,1559,1575,16
1725.jpg,1560,1880,320
1730.jpg,1560,1603,43
1735.jpg,1560,1950,390
1740.jpg,1561,1910,349
1745.jpg,1561,1734,173
1750.jpg,1562,1575,13
1755.jpg,1563,1900,337
1760.jpg,1564,1890,326
1765.jpg,1565,1900,335
1770.jpg,1565,1850,285
1775.jpg,1565,1750,185
1780.jpg,1566,1672,106
1785.jpg,1567,1300,-267
1790.jpg,1567,1400,-167
1795.jpg,1568,1300,-268
1800.jpg,1568,1303,-265
1805.jpg,1569,1800,231
1810.jpg,1570,1820,250
1815.jpg,1570,1750,180
1820.jpg,1570,1250,-320
1825.jpg,1571,1830,259
1830.jpg,1572,1785,213
1835.jpg,1572,1565,-7
1840.jpg,1573,1507,-66
1845.jpg,1573,1950,377
1850.jpg,1574,1850,276
1855.jpg,1574,1740,166
1860.jpg,1575,1700,125
1865.jpg,1575,1820,245
1870.jpg,1575,1793,218
1875.jpg,1576,1890,314
1880.jpg,1577,1520,-57
1885.jpg,1578,1680,102
1890.jpg,1578,1850,272
1895.jpg,1579,1380,-199
1900.jpg,1579,1830,251
1905.jpg,1580,1769,189
1910.jpg,1580,1750,170
1915.jpg,1581,1500,-81
1920.jpg,1581,1517,-64
1925.jpg,1582,1314,-268
1930.jpg,1582,1930,348
1935.jpg,1583,1574,-9
1940.jpg,1584,1620,36
1945.jpg,1584,1550,-34
1950.jpg,1585,1910,325
1955.jpg,1585,1303,-282
1960.jpg,1585,1750,165
1965.jpg,1586,1592,6
1970.jpg,1586,1850,264
1975.jpg,1587,1616,29
1980.jpg,1588,1850,262
1985.jpg,1588,1875,287
1990.jpg,1588,1680,92
1995.jpg,1588,1826,238
2000.jpg,1589,1800,211
2005.jpg,1590,1780,190
2010.jpg,1590,1700,110
2020.jpg,1591,1750,159
2025.jpg,1591,1655,64
2030.jpg,1592,1900,308
2035.jpg,1593,1930,337
2045.jpg,1595,1750,155
2050.jpg,1595,1905,310
2055.jpg,1595,1550,-45
2060.jpg,1596,1850,254
2065.jpg,1596,1573,-23
2070.jpg,1597,1958,361
2075.jpg,1597,1750,153
2080.jpg,1598,1489,-109
2085.jpg,1598,1750,152
2090.jpg,1598,1940,342
2095.jpg,1600,1609,9
2100.jpg,1600,1550,-50
2115.jpg,1602,1850,248
2125.jpg,1604,1666,62
2130.jpg,1604,1470,-134
2135.jpg,1604,1900,296
2140.jpg,1605,1785,180
2145.jpg,1605,1680,75
2150.jpg,1606,1900,294
2155.jpg,1606,1650,44
2160.jpg,1607,1660,53
2165.jpg,1607,1880,273
2170.jpg,1608,1700,92
2175.jpg,1608,1750,142
2180.jpg,1609,1200,-409
2185.jpg,1610,1550,-60
2190.jpg,1610,1565,-45
2195.jpg,1610,1680,70
2200.jpg,1610,1780,170
2205.jpg,1611,1610,-1
2210.jpg,1611,1750,139
2215.jpg,1611,1820,209
2220.jpg,1612,1920,308
2225.jpg,1612,1241,-371
2230.jpg,1613,1700,87
2235.jpg,1613,1750,137
2240.jpg,1614,1880,266
2245.jpg,1614,1740,126
2250.jpg,1614,1566,-48
2255.jpg,1615,1958,343
2260.jpg,1615,1245,-370
2265.jpg,1616,1750,134
2270.jpg,1616,1720,104
2275.jpg,1616,1950,334
2280.jpg,1616,1150,-466
2285.jpg,1617,1500,-117
2290.jpg,1617,1240,-377
2295.jpg,1617,1650,33
2300.jpg,1618,1369,-249
2305.jpg,1618,1805,187
2310.jpg,1619,1600,-19
2315.jpg,1619,1850,231
2320.jpg,1619,1900,281
2325.jpg,1620,1830,210
2330.jpg,1620,1920,300
2335.jpg,1620,1700,80
2340.jpg,1621,1710,89
2345.jpg,1621,1850,229
2350.jpg,1622,1800,178
2360.jpg,1623,1630,7
2365.jpg,1624,1900,276
2370.jpg,1624,1600,-24
2375.jpg,1624,1700,76
2380.jpg,1625,1650,25
2385.jpg,1625,1780,155
2390.jpg,1625,1800,175
2395.jpg,1625,1850,225
2400.jpg,1626,1920,294
2405.jpg,1626,1900,274
2410.jpg,1627,1770,143
2415.jpg,1628,1970,342
2420.jpg,1628,1750,122
2425.jpg,1629,1875,246
2430.jpg,1629,1860,231
2435.jpg,1630,1750,120
2440.jpg,1630,1675,45
2445.jpg,1630,1907,277
2450.jpg,1630,1550,-80
2455.jpg,1631,1750,119
2460.jpg,1631,1750,119
2465.jpg,1631,1350,-281
2470.jpg,1632,1850,218
2475.jpg,1632,1895,263
2480.jpg,1632,1940,308
2485.jpg,1633,-1,-1634
2490.jpg,1633,1400,-233
2495.jpg,1634,1890,256
2500.jpg,1634,1400,-234
2505.jpg,1634,1789,155
2510.jpg,1635,1905,270
2515.jpg,1635,1750,115
2520.jpg,1635,-1,-1636
2525.jpg,1636,1850,214
2530.jpg,1636,1900,264
2535.jpg,1636,1720,84
2540.jpg,1637,1900,263
2545.jpg,1637,1683,46
2550.jpg,1638,1671,33
2555.jpg,1638,1750,112
2560.jpg,1638,1880,242
2565.jpg,1639,1740,101
2570.jpg,1639,1790,151
2575.jpg,1640,1810,170
2580.jpg,1640,1840,200
2585.jpg,1640,1675,35
2590.jpg,1641,1600,-41
2595.jpg,1641,1650,9
2600.jpg,1641,1905,264
2605.jpg,1642,1750,108
2610.jpg,1642,1850,208
2615.jpg,1643,1850,207
2620.jpg,1644,1850,206
2625.jpg,1644,1880,236
2630.jpg,1644,1350,-294
2635.jpg,1645,-1,-1646
2640.jpg,1645,1950,305
2645.jpg,1646,1913,267
2650.jpg,1646,1580,-66
2655.jpg,1646,1600,-46
2660.jpg,1648,1870,222
2665.jpg,1648,1890,242
2670.jpg,1648,1648,0
2675.jpg,1649,1700,51
2680.jpg,1650,1566,-84
2685.jpg,1650,1680,30
2690.jpg,1650,1870,220
2695.jpg,1650,1905,255
2700.jpg,1651,1680,29
2705.jpg,1651,1695,44
2710.jpg,1652,1750,98
2715.jpg,1653,1780,127
2720.jpg,1653,1526,-127
2725.jpg,1654,1750,96
2730.jpg,1654,1890,236
2735.jpg,1655,1725,70
2745.jpg,1656,1860,204
2750.jpg,1656,1750,94
2755.jpg,1656,1350,-306
2760.jpg,1657,1650,-7
2765.jpg,1657,1920,263
2770.jpg,1658,1495,-163
2775.jpg,1658,1820,162
2780.jpg,1659,1400,-259
2785.jpg,1659,1650,-9
2790.jpg,1660,1300,-360
2795.jpg,1660,1780,120
2800.jpg,1660,1900,240
2805.jpg,1660,1650,-10
2810.jpg,1660,1700,40
2815.jpg,1660,1754,94
2820.jpg,1660,1810,150
2825.jpg,1661,1930,269
2830.jpg,1661,1789,128
2835.jpg,1661,1745,84
2840.jpg,1661,1917,256
2845.jpg,1662,1905,243
2850.jpg,1663,1815,152
2855.jpg,1663,1848,185
2860.jpg,1664,1600,-64
2865.jpg,1664,1830,166
2870.jpg,1664,1750,86
2875.jpg,1665,1750,85
2880.jpg,1665,1885,220
2885.jpg,1665,1800,135
2890.jpg,1665,1650,-15
2895.jpg,1666,1800,134
2900.jpg,1666,1850,184
2905.jpg,1667,1830,163
2910.jpg,1667,1650,-17
2915.jpg,1667,1750,83
2920.jpg,1668,1600,-68
2925.jpg,1669,1820,151
2930.jpg,1669,1750,81
2935.jpg,1670,1790,120
2940.jpg,1670,1750,80
2945.jpg,1670,1850,180
2950.jpg,1670,1750,80
2955.jpg,1671,1765,94
2960.jpg,1671,1440,-231
2965.jpg,1671,1900,229
2970.jpg,1672,1925,253
2975.jpg,1672,1850,178
2980.jpg,1673,1750,77
2985.jpg,1673,1700,27
2990.jpg,1674,1800,126
2995.jpg,1674,1750,76
3000.jpg,1674,100,-1574
3010.jpg,1675,1685,10
3020.jpg,1676,1790,114
3025.jpg,1676,1900,224
3030.jpg,1677,1985,308
3035.jpg,1677,1700,23
3040.jpg,1677,1740,63
3045.jpg,1678,1750,72
3050.jpg,1678,1746,68
3055.jpg,1678,1150,-528
3060.jpg,1679,1750,71
3065.jpg,1679,1740,61
3075.jpg,1680,1780,100
3080.jpg,1680,1900,220
3085.jpg,1680,1750,70
3090.jpg,1680,1750,70
3095.jpg,1680,1750,70
3100.jpg,1680,1750,70
3105.jpg,1681,1750,69
3110.jpg,1681,1730,49
3115.jpg,1681,1680,-1
3120.jpg,1681,1880,199
3125.jpg,1682,1750,68
3130.jpg,1682,1750,68
3135.jpg,1682,1700,18
3140.jpg,1682,-1,-1683
3145.jpg,1683,1850,167
3150.jpg,1683,1750,67
3155.jpg,1683,1700,17
3160.jpg,1683,1300,-383
3165.jpg,1683,1666,-17
3170.jpg,1684,1750,66
3175.jpg,1684,1750,66
3180.jpg,1684,1520,-164
3185.jpg,1684,1810,126
3190.jpg,1685,1860,175
3195.jpg,1685,1750,65
3200.jpg,1685,1890,205
3205.jpg,1686,1840,154
3210.jpg,1686,1850,164
3215.jpg,1686,1955,269
3220.jpg,1686,1920,234
3225.jpg,1687,1550,-137
3230.jpg,1687,1750,63
3235.jpg,1687,1850,163
3240.jpg,1688,1850,162
3245.jpg,1688,1820,132
3250.jpg,1689,1920,231
3255.jpg,1689,1790,101
3260.jpg,1689,1550,-139
3270.jpg,1690,1960,270
3275.jpg,1690,1850,160
3280.jpg,1690,1875,185
3285.jpg,1690,1910,220
3290.jpg,1690,2000,310
3295.jpg,1690,1920,230
3300.jpg,1690,1750,60
3305.jpg,1691,1750,59
3310.jpg,1691,1700,9
3315.jpg,1691,1769,78
3320.jpg,1692,1900,208
3325.jpg,1692,1756,64
3330.jpg,1693,1850,157
3335.jpg,1693,1750,57
3340.jpg,1694,1800,106
3345.jpg,1694,1985,291
3350.jpg,1694,1250,-444
3355.jpg,1695,1830,135
3360.jpg,1695,1850,155
3365.jpg,1695,1820,125
3370.jpg,1695,1830,135
3375.jpg,1695,1640,-55
3385.jpg,1696,1825,129
3390.jpg,1696,1900,204
3395.jpg,1696,1850,154
3400.jpg,1696,1700,4
3405.jpg,1696,1750,54
3410.jpg,1697,1770,73
3415.jpg,1697,1850,153
3420.jpg,1697,1850,153
3425.jpg,1697,1550,-147
3430.jpg,1698,1790,92
3435.jpg,1698,1820,122
3440.jpg,1698,1450,-248
3445.jpg,1699,1850,151
3450.jpg,1699,1700,1
3455.jpg,1699,1920,221
3460.jpg,1700,1850,150
3465.jpg,1700,1905,205
3470.jpg,1700,1850,150
3475.jpg,1700,1840,140
3480.jpg,1700,1750,50
3485.jpg,1700,1850,150
3490.jpg,1700,1750,50
3495.jpg,1700,1650,-50
3500.jpg,1700,1790,90
3505.jpg,1700,1770,70
3510.jpg,1700,1550,-150
3520.jpg,1701,1905,204
3525.jpg,1701,1890,189
3535.jpg,1702,1780,78
3540.jpg,1702,1750,48
3545.jpg,1703,1703,0
3550.jpg,1704,1850,146
3555.jpg,1704,1750,46
3560.jpg,1704,1925,221
3565.jpg,1704,1920,216
3570.jpg,1704,1920,216
3575.jpg,1705,1780,75
3580.jpg,1705,1800,95
3585.jpg,1705,1850,145
3590.jpg,1705,1650,-55
3595.jpg,1706,1300,-406
3600.jpg,1706,1850,144
3605.jpg,1706,1700,-6
3610.jpg,1706,1900,194
3615.jpg,1707,1900,193
3620.jpg,1707,1830,123
3625.jpg,1707,1750,43
3630.jpg,1708,1880,172
3635.jpg,1708,1840,132
3640.jpg,1708,1850,142
3645.jpg,1708,450,-1258
3650.jpg,1709,1640,-69
3655.jpg,1709,1885,176
3660.jpg,1709,1740,31
3665.jpg,1709,1750,41
3670.jpg,1710,1750,40
3675.jpg,1710,1930,220
3680.jpg,1710,1750,40
3685.jpg,1710,1840,130
3690.jpg,1710,1890,180
3695.jpg,1710,1800,90
3700.jpg,1710,1900,190
3705.jpg,1710,1875,165
3710.jpg,1710,1740,30
3715.jpg,1711,1910,199
3720.jpg,1711,1750,39
3725.jpg,1711,1770,59
3730.jpg,1711,1623,-88
3735.jpg,1711,1650,-61
3740.jpg,1712,1900,188
3745.jpg,1712,1920,208
3750.jpg,1713,1865,152
3755.jpg,1713,1855,142
3760.jpg,1713,1790,77
3765.jpg,1713,1700,-13
3770.jpg,1714,1840,126
3775.jpg,1714,1750,36
3780.jpg,1714,1875,161
3785.jpg,1714,1900,186
3790.jpg,1715,1600,-115
3795.jpg,1715,1960,245
3800.jpg,1715,1750,35
3805.jpg,1715,1150,-565
3810.jpg,1715,1750,35
3815.jpg,1715,1820,105
3820.jpg,1715,1820,105
3825.jpg,1715,1750,35
3830.jpg,1715,1750,35
3835.jpg,1716,1900,184
3840.jpg,1716,1850,134
3845.jpg,1716,1850,134
3850.jpg,1716,1920,204
3855.jpg,1716,1875,159
3860.jpg,1716,1750,34
3865.jpg,1717,1975,258
3870.jpg,1717,1850,133
3875.jpg,1717,1890,173
3880.jpg,1718,1740,22
3885.jpg,1718,1700,-18
3890.jpg,1719,1900,181
3895.jpg,1719,1830,111
3900.jpg,1719,1710,-9
3905.jpg,1719,1780,61
3910.jpg,1720,1865,145
3915.jpg,1720,1825,105
3920.jpg,1720,1850,130
3925.jpg,1720,1850,130
3930.jpg,1720,1945,225
3935.jpg,1720,1805,85
3940.jpg,1720,1750,30
3945.jpg,1720,1820,100
3950.jpg,1720,1750,30
3955.jpg,1720,1750,30
3960.jpg,1720,1820,100
3965.jpg,1720,1805,85
3970.jpg,1720,1450,-270
3975.jpg,1721,1960,239
3980.jpg,1721,1955,234
3985.jpg,1721,1780,59
3990.jpg,1721,1750,29
3995.jpg,1721,1790,69
4000.jpg,1722,1790,68
4005.jpg,1722,1780,58
4010.jpg,1722,1830,108
4015.jpg,1722,1895,173
4020.jpg,1722,1715,-7
4025.jpg,1723,1706,-17
4030.jpg,1723,1900,177
4035.jpg,1723,1895,172
4040.jpg,1723,1850,127
4045.jpg,1723,1745,22
4050.jpg,1723,1750,27
4055.jpg,1723,1682,-41
4060.jpg,1724,1905,181
4065.jpg,1724,1955,231
4070.jpg,1724,1850,126
4075.jpg,1724,1790,66
4080.jpg,1724,1850,126
4085.jpg,1724,1768,44
4090.jpg,1724,1750,26
4095.jpg,1724,1280,-444
4100.jpg,1725,1920,195
4105.jpg,1725,1850,125
4110.jpg,1725,1850,125
4115.jpg,1725,1750,25
4120.jpg,1725,1750,25
4125.jpg,1725,1925,200
4130.jpg,1725,1750,25
4135.jpg,1725,1762,37
4140.jpg,1725,1750,25
4145.jpg,1725,1750,25
4150.jpg,1725,1475,-250
4155.jpg,1725,1811,86
4160.jpg,1726,1900,174
4165.jpg,1726,1780,54
4170.jpg,1726,1895,169
4175.jpg,1726,1910,184
4180.jpg,1726,1920,194
4185.jpg,1727,1810,83
4190.jpg,1727,1790,63
4195.jpg,1727,1762,35
4200.jpg,1727,1820,93
4205.jpg,1727,1850,123
4210.jpg,1727,1780,53
4215.jpg,1728,1775,47
4220.jpg,1728,1900,172
4225.jpg,1728,1820,92
4230.jpg,1728,1910,182
4235.jpg,1728,1790,62
4240.jpg,1728,2010,282
4245.jpg,1728,1750,22
4250.jpg,1729,1760,31
4255.jpg,1729,1890,161
4260.jpg,1729,1850,121
4265.jpg,1729,1790,61
4270.jpg,1729,1680,-49
4275.jpg,1730,1750,20
4280.jpg,1730,1750,20
4285.jpg,1730,1750,20
4290.jpg,1730,1765,35
4295.jpg,1730,1888,158
4300.jpg,1730,1980,250
4305.jpg,1730,1860,130
4310.jpg,1730,1805,75
4315.jpg,1730,1900,170
4320.jpg,1730,1750,20
4325.jpg,1730,1906,176
4330.jpg,1730,1830,100
4335.jpg,1730,1775,45
4340.jpg,1730,1750,20
4345.jpg,1730,1795,65
4350.jpg,1730,1905,175
4355.jpg,1730,1960,230
4360.jpg,1730,1900,170
4365.jpg,1730,1965,235
4370.jpg,1731,1820,89
4375.jpg,1731,1678,-53
4380.jpg,1731,1858,127
4385.jpg,1731,1750,19
4390.jpg,1732,1800,68
4395.jpg,1732,1850,118
4400.jpg,1732,1920,188
4405.jpg,1732,1750,18
4410.jpg,1732,1790,58
4415.jpg,1732,1820,88
4420.jpg,1732,1690,-42
4425.jpg,1732,1200,-532
4430.jpg,1732,1421,-311
4435.jpg,1733,1710,-23
4440.jpg,1733,1850,117
4445.jpg,1733,1750,17
4450.jpg,1733,1775,42
4455.jpg,1733,1750,17
4460.jpg,1733,1883,150
4465.jpg,1733,1930,197
4470.jpg,1733,1700,-33
4475.jpg,1734,1780,46
4480.jpg,1734,1890,156
4485.jpg,1734,1900,166
4490.jpg,1734,1930,196
4495.jpg,1735,1720,-15
4505.jpg,1735,1785,50
4510.jpg,1735,1930,195
4515.jpg,1735,1790,55
4520.jpg,1735,1750,15
4525.jpg,1735,1905,170
4530.jpg,1735,1810,75
4535.jpg,1735,1910,175
4545.jpg,1736,1887,151
4550.jpg,1736,1750,14
4555.jpg,1736,1820,84
4560.jpg,1736,1900,164
4565.jpg,1736,1700,-36
4570.jpg,1736,1830,94
4575.jpg,1737,1890,153
4580.jpg,1737,1900,163
4585.jpg,1737,1795,58
4590.jpg,1737,1930,193
4595.jpg,1737,1750,13
4600.jpg,1737,1750,13
4605.jpg,1738,1858,120
4610.jpg,1738,1800,62
4615.jpg,1738,1900,162
4620.jpg,1738,1810,72
4625.jpg,1738,1750,12
4630.jpg,1738,1905,167
4635.jpg,1738,1680,-58
4640.jpg,1739,1780,41
4645.jpg,1739,1855,116
4650.jpg,1739,1920,181
4655.jpg,1739,1750,11
4660.jpg,1739,1677,-62
4665.jpg,1740,1780,40
4670.jpg,1740,1750,10
4675.jpg,1740,1820,80
4680.jpg,1740,1830,90
4685.jpg,1740,1780,40
4690.jpg,1740,1750,10
4695.jpg,1740,1900,160
4700.jpg,1740,1850,110
4705.jpg,1740,1850,110
4710.jpg,1740,1760,20
4715.jpg,1740,1900,160
4720.jpg,1740,1600,-140
4725.jpg,1740,1820,80
4730.jpg,1740,1920,180
4735.jpg,1740,1815,75
4740.jpg,1740,1920,180
4745.jpg,1740,1900,160
4750.jpg,1741,1905,164
4755.jpg,1741,1810,69
4760.jpg,1741,1850,109
4765.jpg,1741,1850,109
4770.jpg,1741,1667,-74
4775.jpg,1741,2005,264
4780.jpg,1742,1240,-502
4785.jpg,1742,1850,108
4790.jpg,1742,1795,53
4795.jpg,1742,1750,8
4800.jpg,1742,1750,8
4805.jpg,1742,1790,48
4810.jpg,1742,1750,8
4815.jpg,1742,1790,48
4820.jpg,1743,1955,212
4825.jpg,1743,1750,7
4835.jpg,1743,1800,57
4840.jpg,1743,1780,37
4845.jpg,1744,1750,6
4850.jpg,1744,1650,-94
4855.jpg,1744,1850,106
4860.jpg,1744,1820,76
4865.jpg,1744,1367,-377
4870.jpg,1745,1850,105
4875.jpg,1745,1830,85
4880.jpg,1745,1800,55
4885.jpg,1745,1480,-265
4890.jpg,1745,1750,5
4895.jpg,1745,1750,5
4900.jpg,1745,1750,5
4905.jpg,1745,1950,205
4910.jpg,1746,1895,149
4915.jpg,1746,1750,4
4920.jpg,1746,1820,74
4925.jpg,1746,1100,-646
4930.jpg,1747,1835,88
4935.jpg,1747,1790,43
4940.jpg,1747,1750,3
4945.jpg,1747,1890,143
4950.jpg,1747,1850,103
4955.jpg,1747,1680,-67
4960.jpg,1747,1985,238
4965.jpg,1748,1975,227
4970.jpg,1748,1830,82
4975.jpg,1748,1780,32
4980.jpg,1748,1900,152
4985.jpg,1748,1820,72
4990.jpg,1749,1840,91
4995.jpg,1749,1920,171
5000.jpg,1749,1750,1
5005.jpg,1749,1950,201
5010.jpg,1749,1890,141
5015.jpg,1750,1880,130
5020.jpg,1750,1900,150
5025.jpg,1750,1680,-70
5030.jpg,1750,1815,65
5035.jpg,1750,1800,50
5040.jpg,1750,1820,70
5045.jpg,1750,1900,150
5050.jpg,1750,1850,100
5060.jpg,1750,1840,90
5065.jpg,1750,1900,150
5070.jpg,1750,1790,40
5075.jpg,1750,1850,100
5080.jpg,1750,1750,0
5085.jpg,1750,1870,120
5090.jpg,1750,1750,0
5095.jpg,1750,1935,185
5100.jpg,1750,1920,170
5105.jpg,1750,1900,150
5110.jpg,1750,1890,140
5115.jpg,1750,1850,100
5120.jpg,1750,1750,0
5125.jpg,1750,1850,100
5130.jpg,1750,1790,40
5135.jpg,1750,1890,140
5140.jpg,1750,1885,135
5145.jpg,1750,1800,50
5150.jpg,1750,1750,0
5155.jpg,1750,1830,80
5160.jpg,1750,1820,70
5165.jpg,1750,1940,190
5170.jpg,1750,1850,100
5175.jpg,1750,1750,0
5180.jpg,1750,1850,100
5185.jpg,1750,1970,220
5190.jpg,1750,1910,160
5195.jpg,1751,1895,144
5200.jpg,1751,1820,69
5205.jpg,1751,1880,129
5210.jpg,1751,1900,149
5215.jpg,1751,1800,49
5220.jpg,1751,1250,-501
5225.jpg,1752,1910,158
5230.jpg,1752,1840,88
5235.jpg,1752,1750,-2
5240.jpg,1752,1820,68
5245.jpg,1752,1755,3
5250.jpg,1752,1780,28
5255.jpg,1752,1750,-2
5260.jpg,1752,1805,53
5265.jpg,1752,1840,88
5270.jpg,1752,1820,68
5275.jpg,1752,1775,23
5285.jpg,1753,1823,70
5290.jpg,1753,1750,-3
5295.jpg,1753,1820,67
5300.jpg,1753,1950,197
5305.jpg,1753,1830,77
5310.jpg,1753,1749,-4
5315.jpg,1753,1720,-33
5320.jpg,1753,1910,157
5325.jpg,1754,1850,96
5330.jpg,1754,1754,0
5335.jpg,1754,1750,-4
5340.jpg,1754,1850,96
5345.jpg,1754,1750,-4
5350.jpg,1754,1780,26
5355.jpg,1754,1850,96
5360.jpg,1754,1905,151
5365.jpg,1754,1900,146
5370.jpg,1755,1780,25
5375.jpg,1755,1790,35
5380.jpg,1755,1750,-5
5385.jpg,1755,1500,-255
5390.jpg,1755,1800,45
5395.jpg,1755,1850,95
5400.jpg,1755,1840,85
5405.jpg,1755,1820,65
5410.jpg,1755,1702,-53
5415.jpg,1756,1850,94
5420.jpg,1756,1905,149
5425.jpg,1756,1900,144
5430.jpg,1756,1750,-6
5435.jpg,1756,1750,-6
5440.jpg,1756,1820,64
5445.jpg,1756,1750,-6
5450.jpg,1756,1750,-6
5455.jpg,1756,1750,-6
5460.jpg,1756,1750,-6
5470.jpg,1757,1780,23
5475.jpg,1757,1750,-7
5480.jpg,1757,1810,53
5485.jpg,1757,1950,193
5490.jpg,1757,1850,93
5495.jpg,1757,1930,173
5500.jpg,1758,1760,2
5505.jpg,1758,1850,92
5510.jpg,1758,1750,-8
5515.jpg,1758,1900,142
5520.jpg,1758,1750,-8
5525.jpg,1758,1930,172
5530.jpg,1758,1830,72
5535.jpg,1759,1862,103
5540.jpg,1759,1760,1
5545.jpg,1759,1905,146
5550.jpg,1759,1750,-9
5555.jpg,1759,1840,81
5560.jpg,1759,1750,-9
5565.jpg,1760,1780,20
5570.jpg,1760,1850,90
5575.jpg,1760,1905,145
5580.jpg,1760,1900,140
5585.jpg,1760,1300,-460
5590.jpg,1761,-1,-1762
5595.jpg,1761,1750,-11
5600.jpg,1761,1900,139
5605.jpg,1761,1860,99
5610.jpg,1761,1925,164
5615.jpg,1761,1750,-11
5620.jpg,1761,1683,-78
5625.jpg,1761,1937,176
5630.jpg,1762,1830,68
5635.jpg,1762,1850,88
5640.jpg,1762,1860,98
5645.jpg,1762,1820,58
5650.jpg,1762,1790,28
5655.jpg,1762,1800,38
5660.jpg,1762,1760,-2
5665.jpg,1762,1890,128
5670.jpg,1763,1920,157
5675.jpg,1763,1750,-13
5680.jpg,1763,1900,137
5685.jpg,1763,1750,-13
5690.jpg,1763,1750,-13
5695.jpg,1763,1850,87
5700.jpg,1763,1590,-173
5705.jpg,1763,1820,57
5710.jpg,1764,1890,126
5715.jpg,1764,1820,56
5720.jpg,1764,1820,56
5725.jpg,1764,1810,46
5730.jpg,1764,1790,26
5735.jpg,1764,1830,66
5740.jpg,1764,1830,66
5745.jpg,1764,1750,-14
5750.jpg,1764,1750,-14
5755.jpg,1764,1800,36
5765.jpg,1765,1850,85
5770.jpg,1765,1820,55
5775.jpg,1765,1950,185
5780.jpg,1765,1905,140
5785.jpg,1765,1905,140
5790.jpg,1765,1900,135
5795.jpg,1765,1805,40
5800.jpg,1765,1810,45
5805.jpg,1765,1900,135
5810.jpg,1765,1830,65
5815.jpg,1765,1750,-15
5820.jpg,1765,1850,85
5825.jpg,1765,1900,135
5830.jpg,1765,1900,135
5835.jpg,1766,1780,14
5840.jpg,1766,1910,144
5845.jpg,1766,1790,24
5850.jpg,1766,1624,-142
5855.jpg,1766,1675,-91
5860.jpg,1766,1750,-16
5865.jpg,1766,1900,134
5870.jpg,1766,1750,-16
5875.jpg,1767,1750,-17
5880.jpg,1767,1790,23
5885.jpg,1767,1890,123
5890.jpg,1767,1750,-17
5895.jpg,1768,1925,157
5900.jpg,1768,1750,-18
5905.jpg,1768,1775,7
5910.jpg,1768,1900,132
5915.jpg,1768,1903,135
5920.jpg,1768,1800,32
5925.jpg,1768,1750,-18
5930.jpg,1768,1700,-68
5935.jpg,1768,1750,-18
5940.jpg,1768,1920,152
5945.jpg,1769,1800,31
5950.jpg,1769,1840,71
5955.jpg,1769,1750,-19
5960.jpg,1769,1820,51
5965.jpg,1769,1620,-149
5970.jpg,1769,1850,81
5975.jpg,1769,1800,31
5980.jpg,1769,1795,26
5985.jpg,1769,1885,116
5990.jpg,1769,1870,101
5995.jpg,1769,1223,-546
6000.jpg,1770,1930,160
6005.jpg,1770,1830,60
6010.jpg,1770,1880,110
6015.jpg,1770,1900,130
6020.jpg,1770,1890,120
6025.jpg,1770,1850,80
6030.jpg,1770,1770,0
6035.jpg,1770,1750,-20
6040.jpg,1770,1830,60
6045.jpg,1770,1850,80
6050.jpg,1770,1820,50
6055.jpg,1770,1975,205
6060.jpg,1770,1945,175
6065.jpg,1770,1900,130
6070.jpg,1770,1830,60
6075.jpg,1770,2005,235
6080.jpg,1770,1880,110
6085.jpg,1770,1850,80
6090.jpg,1770,1810,40
6095.jpg,1770,1775,5
6100.jpg,1770,1720,-50
6105.jpg,1770,1650,-120
6115.jpg,1771,1865,94
6120.jpg,1771,1820,49
6125.jpg,1771,1750,-21
6130.jpg,1771,1745,-26
6135.jpg,1771,1750,-21
6140.jpg,1771,1920,149
6145.jpg,1771,1750,-21
6150.jpg,1771,1870,99
6155.jpg,1771,1730,-41
6160.jpg,1771,1797,26
6165.jpg,1771,1807,36
6170.jpg,1772,1890,118
6175.jpg,1772,1850,78
6180.jpg,1772,1730,-42
6185.jpg,1772,1750,-22
6190.jpg,1772,1778,6
6195.jpg,1773,1780,7
6200.jpg,1773,1780,7
6205.jpg,1773,1830,57
6210.jpg,1773,1860,87
6215.jpg,1773,1790,17
6220.jpg,1773,1800,27
6225.jpg,1773,1850,77
6230.jpg,1773,1750,-23
6235.jpg,1773,1900,127
6240.jpg,1774,1790,16
6245.jpg,1774,1750,-24
6250.jpg,1774,1735,-39
6255.jpg,1774,1820,46
6260.jpg,1774,1850,76
6265.jpg,1774,1800,26
6270.jpg,1774,1830,56
6275.jpg,1774,1755,-19
6280.jpg,1774,1830,56
6285.jpg,1774,1785,11
6290.jpg,1774,1955,181
6295.jpg,1774,1860,86
6300.jpg,1774,1820,46
6305.jpg,1775,1830,55
6310.jpg,1775,1790,15
6315.jpg,1775,1780,5
6320.jpg,1775,1750,-25
6325.jpg,1775,1810,35
6330.jpg,1775,1840,65
6335.jpg,1775,1900,125
6350.jpg,1775,1930,155
6355.jpg,1775,1780,5
6360.jpg,1775,1900,125
6365.jpg,1775,1790,15
6370.jpg,1775,1785,10
6375.jpg,1775,1820,45
6380.jpg,1775,1950,175
6385.jpg,1775,1350,-425
6390.jpg,1775,1785,10
6395.jpg,1775,1820,45
6405.jpg,1776,1811,35
6410.jpg,1776,1900,124
6415.jpg,1776,2005,229
6420.jpg,1776,1830,54
6425.jpg,1776,1720,-56
6430.jpg,1776,1820,44
6435.jpg,1776,1830,54
6440.jpg,1776,1750,-26
6445.jpg,1777,1840,63
6450.jpg,1777,1785,8
6455.jpg,1777,1900,123
6460.jpg,1777,1820,43
6465.jpg,1777,1870,93
6470.jpg,1777,1920,143
6475.jpg,1777,1100,-677
6480.jpg,1777,1930,153
6485.jpg,1778,1900,122
6495.jpg,1778,1750,-28
6500.jpg,1778,1836,58
6505.jpg,1778,1800,22
6510.jpg,1778,1885,107
6515.jpg,1779,1905,126
6520.jpg,1779,1860,81
6525.jpg,1779,1890,111
6530.jpg,1779,1820,41
6535.jpg,1779,1890,111
6540.jpg,1779,1790,11
6545.jpg,1779,1750,-29
6550.jpg,1779,1820,41
6555.jpg,1780,1870,90
6560.jpg,1780,1850,70
6565.jpg,1780,1750,-30
6570.jpg,1780,1800,20
6575.jpg,1780,1790,10
6580.jpg,1780,1850,70
6585.jpg,1780,1840,60
6590.jpg,1780,1890,110
6595.jpg,1780,1962,182
6600.jpg,1780,1850,70
6605.jpg,1780,1820,40
6610.jpg,1780,1930,150
6615.jpg,1780,1875,95
6620.jpg,1780,1720,-60
6625.jpg,1780,1910,130
6630.jpg,1780,1850,70
6635.jpg,1780,1925,145
6640.jpg,1780,1910,130
6645.jpg,1780,1790,10
6650.jpg,1780,1900,120
6655.jpg,1780,1900,120
6660.jpg,1780,1950,170
6665.jpg,1780,1730,-50
6670.jpg,1781,1900,119
6675.jpg,1781,1812,31
6680.jpg,1781,1760,-21
6685.jpg,1781,1800,19
6690.jpg,1781,1900,119
6695.jpg,1781,1840,59
6700.jpg,1781,1862,81
6705.jpg,1781,1900,119
6710.jpg,1782,1875,93
6715.jpg,1782,1885,103
6720.jpg,1782,1925,143
6725.jpg,1782,1840,58
6730.jpg,1782,1830,48
6735.jpg,1782,1850,68
6740.jpg,1782,1930,148
6745.jpg,1782,1750,-32
6750.jpg,1782,1780,-2
6755.jpg,1783,1900,117
6760.jpg,1783,1850,67
6765.jpg,1783,1905,122
6770.jpg,1783,1975,192
6775.jpg,1783,1895,112
6780.jpg,1783,1800,17
6785.jpg,1783,1970,187
6790.jpg,1783,1830,47
6795.jpg,1783,1900,117
6800.jpg,1783,1920,137
6805.jpg,1783,1822,39
6810.jpg,1784,1850,66
6815.jpg,1784,1350,-434
6820.jpg,1784,1750,-34
6825.jpg,1784,1910,126
6830.jpg,1784,1790,6
6835.jpg,1784,1950,166
6840.jpg,1784,1890,106
6845.jpg,1784,1850,66
6850.jpg,1784,1700,-84
6855.jpg,1784,1850,66
6860.jpg,1785,1750,-35
6865.jpg,1785,1750,-35
6870.jpg,1785,1810,25
6875.jpg,1785,1750,-35
6880.jpg,1785,1900,115
6885.jpg,1785,1850,65
6890.jpg,1785,1750,-35
6895.jpg,1785,1750,-35
6900.jpg,1785,1790,5
6905.jpg,1785,1940,155
6910.jpg,1785,1820,35
6915.jpg,1785,1750,-35
6920.jpg,1785,1870,85
6925.jpg,1785,1820,35
6930.jpg,1785,1700,-85
6935.jpg,1785,1890,105
6940.jpg,1785,1898,113
6945.jpg,1785,1650,-135
6950.jpg,1786,1850,64
6955.jpg,1786,1870,84
6960.jpg,1786,1850,64
6965.jpg,1786,14,-1772
6970.jpg,1786,1750,-36
6975.jpg,1786,1800,14
6980.jpg,1786,1790,4
6985.jpg,1786,1855,69
6990.jpg,1786,1790,4
6995.jpg,1786,1850,64
7000.jpg,1786,1900,114
7005.jpg,1787,1850,63
7010.jpg,1787,18,-1769
7015.jpg,1787,1910,123
7020.jpg,1787,1900,113
7025.jpg,1787,1960,173
7030.jpg,1787,1750,-37
7035.jpg,1787,1820,33
7040.jpg,1787,1895,108
7045.jpg,1787,1860,73
7050.jpg,1787,1920,133
7055.jpg,1787,1870,83
7060.jpg,1787,1945,158
7065.jpg,1787,1950,163
7070.jpg,1787,1850,63
7075.jpg,1787,1750,-37
7080.jpg,1787,1820,33
7085.jpg,1787,1850,63
7090.jpg,1788,1850,62
7095.jpg,1788,1820,32
7100.jpg,1788,1933,145
7105.jpg,1788,1750,-38
7110.jpg,1788,1960,172
7115.jpg,1788,1820,32
7120.jpg,1788,1820,32
7125.jpg,1788,1860,72
7130.jpg,1788,1820,32
7135.jpg,1788,1730,-58
7140.jpg,1788,1750,-38
7145.jpg,1789,1750,-39
7150.jpg,1789,1780,-9
7155.jpg,1789,1830,41
7160.jpg,1789,1900,111
7165.jpg,1789,1850,61
7170.jpg,1789,1795,6
7175.jpg,1789,1930,141
7180.jpg,1789,1920,131
7185.jpg,1789,1830,41
7190.jpg,1789,1680,-109
7195.jpg,1789,1850,61
7200.jpg,1790,1830,40
7205.jpg,1790,1860,70
7210.jpg,1790,1885,95
7215.jpg,1790,1870,80
7220.jpg,1790,1790,0
7225.jpg,1790,1775,-15
7230.jpg,1790,1895,105
7235.jpg,1790,1850,60
7240.jpg,1790,1795,5
7245.jpg,1790,1850,60
7250.jpg,1790,1810,20
7255.jpg,1790,1950,160
7260.jpg,1790,1890,100
7265.jpg,1790,1870,80
7270.jpg,1790,1900,110
7275.jpg,1790,1850,60
7280.jpg,1790,1750,-40
7285.jpg,1790,1755,-35
7290.jpg,1790,1950,160
7295.jpg,1790,1810,20
7300.jpg,1790,1885,95
7305.jpg,1790,1820,30
7310.jpg,1790,1790,0
7315.jpg,1790,1820,30
7320.jpg,1790,1840,50
7325.jpg,1790,1850,60
7330.jpg,1790,1776,-14
7335.jpg,1790,1945,155
7340.jpg,1790,1850,60
7345.jpg,1790,1850,60
7350.jpg,1790,1805,15
7355.jpg,1790,1930,140
7360.jpg,1790,1790,0
7365.jpg,1790,1905,115
7370.jpg,1790,1800,10
7375.jpg,1790,1920,130
7380.jpg,1790,1880,90
7385.jpg,1791,1900,109
7390.jpg,1791,1800,9
7395.jpg,1791,1743,-48
7400.jpg,1791,1550,-241
7405.jpg,1791,1900,109
7410.jpg,1791,1830,39
7415.jpg,1791,1790,-1
7420.jpg,1791,1800,9
7425.jpg,1791,1850,59
7430.jpg,1791,1924,133
7435.jpg,1791,1920,129
7440.jpg,1792,1890,98
7445.jpg,1792,1935,143
7450.jpg,1792,1890,98
7455.jpg,1792,1850,58
7460.jpg,1792,1810,18
7465.jpg,1792,1820,28
7470.jpg,1792,1880,88
7475.jpg,1792,1950,158
7480.jpg,1792,1820,28
7485.jpg,1792,1920,128
7490.jpg,1792,1855,63
7495.jpg,1792,1750,-42
7500.jpg,1792,1840,48
7505.jpg,1792,1850,58
7510.jpg,1793,1755,-38
7515.jpg,1793,1989,196
7520.jpg,1793,1905,112
7525.jpg,1793,1750,-43
7530.jpg,1793,1750,-43
7535.jpg,1793,2010,217
7540.jpg,1793,1900,107
7545.jpg,1793,1790,-3
7550.jpg,1793,1830,37
7555.jpg,1793,1845,52
7560.jpg,1793,1850,57
7565.jpg,1793,1840,47
7570.jpg,1793,1800,7
7575.jpg,1793,1932,139
7580.jpg,1793,1750,-43
7585.jpg,1793,1920,127
7590.jpg,1793,1850,57
7595.jpg,1794,1911,117
7600.jpg,1794,1685,-109
7605.jpg,1794,1850,56
7610.jpg,1794,1790,-4
7615.jpg,1794,1850,56
7620.jpg,1794,1805,11
7625.jpg,1794,1850,56
7630.jpg,1794,1789,-5
7635.jpg,1794,1750,-44
7640.jpg,1794,1830,36
7645.jpg,1794,1690,-104
7650.jpg,1794,1820,26
7655.jpg,1795,1850,55
7660.jpg,1795,1880,85
7665.jpg,1795,1780,-15
7670.jpg,1795,1820,25
7675.jpg,1795,1830,35
7680.jpg,1795,1850,55
7685.jpg,1795,1820,25
7690.jpg,1795,1850,55
7695.jpg,1795,1850,55
7700.jpg,1795,1900,105
7705.jpg,1795,1810,15
7710.jpg,1795,1975,180
7715.jpg,1795,1820,25
7720.jpg,1795,1805,10
7725.jpg,1795,1850,55
7730.jpg,1795,1800,5
7735.jpg,1795,1820,25
7740.jpg,1795,1870,75
7745.jpg,1795,1905,110
7750.jpg,1795,1790,-5
7755.jpg,1795,1803,8
7760.jpg,1795,1800,5
7765.jpg,1795,1900,105
7775.jpg,1796,1830,34
7780.jpg,1796,1820,24
7785.jpg,1796,1850,54
7790.jpg,1796,1880,84
7795.jpg,1796,1752,-44
7800.jpg,1796,1820,24
7805.jpg,1796,1830,34
7810.jpg,1796,1905,109
7815.jpg,1796,1920,124
7820.jpg,1796,1800,4
7825.jpg,1796,1925,129
7830.jpg,1796,1850,54
7840.jpg,1796,1905,109
7845.jpg,1796,1805,9
7850.jpg,1796,1830,34
7855.jpg,1796,1850,54
7860.jpg,1796,1900,104
7865.jpg,1796,1750,-46
7870.jpg,1796,1750,-46
7875.jpg,1796,1890,94
7880.jpg,1797,1820,23
7885.jpg,1797,1780,-17
7890.jpg,1797,1830,33
7895.jpg,1797,1850,53
7900.jpg,1797,1870,73
7905.jpg,1797,1840,43
7915.jpg,1797,1850,53
7920.jpg,1797,1800,3
7925.jpg,1797,1820,23
7930.jpg,1797,1850,53
7935.jpg,1797,1895,98
7940.jpg,1797,100,-1697
7945.jpg,1797,1736,-61
7950.jpg,1797,1850,53
7955.jpg,1798,1950,152
7960.jpg,1798,1902,104
7965.jpg,1798,1770,-28
7970.jpg,1798,1750,-48
7975.jpg,1798,1880,82
7980.jpg,1798,1800,2
7985.jpg,1798,1910,112
7990.jpg,1798,1900,102
7995.jpg,1798,1850,52
8000.jpg,1798,1880,82
8005.jpg,1798,1895,97
8010.jpg,1798,1900,102
8015.jpg,1798,1850,52
8020.jpg,1798,1900,102
8025.jpg,1798,1750,-48
8030.jpg,1798,1910,112
8035.jpg,1798,1850,52
8040.jpg,1798,1960,162
8045.jpg,1798,-1,-1799
8055.jpg,1798,1850,52
8060.jpg,1799,2005,206
8065.jpg,1799,1890,91
8070.jpg,1799,1860,61
8075.jpg,1799,-1,-1800
8080.jpg,1799,1950,151
8085.jpg,1799,1840,41
8090.jpg,1799,1820,21
8095.jpg,1799,1820,21
8100.jpg,1799,1820,21
8105.jpg,1799,1830,31
8110.jpg,1799,1490,-309
8115.jpg,1800,1750,-50
8120.jpg,1800,1843,43
8125.jpg,1800,1810,10
8130.jpg,1800,1815,15
8135.jpg,1800,1850,50
8140.jpg,1800,1805,5
8145.jpg,1800,1790,-10
8150.jpg,1800,1820,20
8155.jpg,1800,1840,40
8160.jpg,1800,1875,75
8165.jpg,1800,1790,-10
8170.jpg,1800,1830,30
8175.jpg,1800,1830,30
8180.jpg,1800,1820,20
8185.jpg,1800,2005,205
8190.jpg,1800,1805,5
8195.jpg,1800,1890,90
8200.jpg,1800,1950,150
8205.jpg,1800,1820,20
8210.jpg,1800,1890,90
8215.jpg,1800,1900,100
8220.jpg,1800,1900,100
8225.jpg,1800,1800,0
8230.jpg,1800,1810,10
8235.jpg,1800,1820,20
8240.jpg,1800,1900,100
8245.jpg,1800,1940,140
8250.jpg,1800,1850,50
8255.jpg,1800,1850,50
8260.jpg,1800,1750,-50
8265.jpg,1800,1840,40
8270.jpg,1800,1790,-10
8275.jpg,1800,1850,50
8280.jpg,1800,1820,20
8285.jpg,1800,1905,105
8295.jpg,1800,1930,130
8300.jpg,1801,1850,49
8305.jpg,1801,1942,141
8310.jpg,1801,1830,29
8315.jpg,1801,1900,99
8320.jpg,1801,1900,99
8325.jpg,1801,1850,49
8330.jpg,1801,1900,99
8335.jpg,1801,1750,-51
8340.jpg,1801,1800,-1
8345.jpg,1801,1820,19
8350.jpg,1801,1900,99
8355.jpg,1801,1890,89
8360.jpg,1801,1890,89
8365.jpg,1801,1850,49
8375.jpg,1802,1905,103
8380.jpg,1802,1875,73
8385.jpg,1802,1850,48
8390.jpg,1802,1880,78
8395.jpg,1802,1850,48
8400.jpg,1802,1850,48
8405.jpg,1802,1850,48
8410.jpg,1802,1780,-22
8415.jpg,1802,1873,71
8420.jpg,1802,1905,103
8425.jpg,1802,1750,-52
8430.jpg,1802,1820,18
8435.jpg,1802,1736,-66
8440.jpg,1803,1906,103
8445.jpg,1803,1770,-33
8450.jpg,1803,1790,-13
8455.jpg,1803,1820,17
8460.jpg,1803,1810,7
8465.jpg,1803,1850,47
8470.jpg,1803,1895,92
8475.jpg,1803,1960,157
8480.jpg,1803,1820,17
8485.jpg,1803,1885,82
8490.jpg,1803,1860,57
8495.jpg,1803,1900,97
8500.jpg,1803,1750,-53
8505.jpg,1803,1850,47
8515.jpg,1804,1900,96
8520.jpg,1804,1880,76
8525.jpg,1804,1820,16
8530.jpg,1804,1920,116
8535.jpg,1804,1920,116
8540.jpg,1804,1880,76
8545.jpg,1804,1820,16
8550.jpg,1804,1790,-14
8555.jpg,1804,1850,46
8560.jpg,1804,1910,106
8565.jpg,1804,1900,96
8570.jpg,1804,1830,26
8575.jpg,1804,1920,116
8580.jpg,1804,1830,26
8585.jpg,1805,1820,15
8590.jpg,1805,1850,45
8595.jpg,1805,1875,70
8600.jpg,1805,1935,130
8605.jpg,1805,1850,45
8610.jpg,1805,1885,80
8615.jpg,1805,1940,135
8620.jpg,1805,1790,-15
8625.jpg,1805,1925,120
8630.jpg,1805,1460,-345
8635.jpg,1805,1905,100
8640.jpg,1805,1955,150
8645.jpg,1805,1880,75
8650.jpg,1805,1880,75
8655.jpg,1805,1895,90
8660.jpg,1805,1830,25
8665.jpg,1805,1850,45
8670.jpg,1805,1870,65
8675.jpg,1805,1870,65
8680.jpg,1805,1820,15
8685.jpg,1805,1910,105
8690.jpg,1805,1860,55
8695.jpg,1806,1815,9
8700.jpg,1806,1850,44
8705.jpg,1806,1900,94
8710.jpg,1806,1800,-6
8715.jpg,1806,1800,-6
8720.jpg,1806,1920,114
8725.jpg,1806,1905,99
8730.jpg,1806,1890,84
8735.jpg,1806,1840,34
8740.jpg,1806,1985,179
8745.jpg,1806,1955,149
8750.jpg,1806,1840,34
8755.jpg,1806,1820,14
8765.jpg,1807,1850,43
8770.jpg,1807,1850,43
8775.jpg,1807,1797,-10
8780.jpg,1807,1920,113
8785.jpg,1807,1945,138
8790.jpg,1807,1850,43
8795.jpg,1807,1960,153
8800.jpg,1807,1930,123
8805.jpg,1807,1890,83
8810.jpg,1807,1910,103
8815.jpg,1807,1840,33
8820.jpg,1807,1775,-32
8825.jpg,1807,1830,23
8830.jpg,1807,1720,-87
8835.jpg,1807,1800,-7
8840.jpg,1808,1924,116
8845.jpg,1808,1860,52
8850.jpg,1808,1905,97
8855.jpg,1808,1750,-58
8860.jpg,1808,1890,82
8865.jpg,1808,1790,-18
8875.jpg,1808,1800,-8
8880.jpg,1808,1820,12
8885.jpg,1808,1810,2
8890.jpg,1808,1850,42
8895.jpg,1808,1790,-18
8900.jpg,1808,1940,132
8905.jpg,1808,1750,-58
8910.jpg,1809,1750,-59
8915.jpg,1809,1840,31
8920.jpg,1809,1850,41
8925.jpg,1809,1910,101
8930.jpg,1809,1790,-19
8935.jpg,1809,1881,72
8940.jpg,1809,1890,81
8945.jpg,1809,1965,156
8950.jpg,1809,1900,91
8955.jpg,1809,1925,116
8965.jpg,1809,1801,-8
8970.jpg,1809,1920,111
8975.jpg,1810,1890,80
8980.jpg,1810,1930,120
8985.jpg,1810,1890,80
8995.jpg,1810,1880,70
9000.jpg,1810,1850,40
9005.jpg,1810,1910,100
9010.jpg,1810,1530,-280
9015.jpg,1810,1920,110
9020.jpg,1810,1850,40
9025.jpg,1810,1770,-40
9030.jpg,1810,1985,175
9035.jpg,1810,1850,40
9040.jpg,1810,1910,100
9045.jpg,1810,1980,170
9050.jpg,1810,1820,10
9055.jpg,1810,1760,-50
9060.jpg,1810,1890,80
9065.jpg,1810,1920,110
9070.jpg,1810,1870,60
9075.jpg,1810,1890,80
9080.jpg,1810,1980,170
9085.jpg,1810,1920,110
9090.jpg,1810,1810,0
9095.jpg,1810,1900,90
9100.jpg,1810,1830,20
9105.jpg,1810,1750,-60
9110.jpg,1810,1920,110
9115.jpg,1810,1820,10
9120.jpg,1810,1900,90
9125.jpg,1810,1912,102
9130.jpg,1810,1880,70
9135.jpg,1810,1950,140
9140.jpg,1810,1910,100
9145.jpg,1810,1920,110
9150.jpg,1811,1850,39
9160.jpg,1811,1900,89
9165.jpg,1811,1720,-91
9170.jpg,1811,1830,19
9175.jpg,1811,1920,109
9180.jpg,1811,1890,79
9185.jpg,1811,1780,-31
9190.jpg,1811,1805,-6
9195.jpg,1811,1370,-441
9200.jpg,1811,1750,-61
9205.jpg,1811,1830,19
9210.jpg,1812,1776,-36
9215.jpg,1812,1550,-262
9220.jpg,1812,1500,-312
9225.jpg,1812,1860,48
9230.jpg,1812,1840,28
9235.jpg,1812,1760,-52
9240.jpg,1812,1885,73
9245.jpg,1812,1820,8
9250.jpg,1812,1900,88
9255.jpg,1812,1840,28
9260.jpg,1812,1960,148
9265.jpg,1812,1965,153
9270.jpg,1812,1930,118
9275.jpg,1812,1890,78
9280.jpg,1812,1910,98
9290.jpg,1812,1850,38
9295.jpg,1812,1860,48
9300.jpg,1812,1930,118
9305.jpg,1812,1870,58
9310.jpg,1813,1900,87
9315.jpg,1813,1890,77
9320.jpg,1813,1800,-13
9325.jpg,1813,1245,-568
9330.jpg,1813,1850,37
9335.jpg,1813,1820,7
9340.jpg,1813,1750,-63
9345.jpg,1813,1850,37
9350.jpg,1813,1805,-8
9355.jpg,1813,1453,-360
9360.jpg,1813,1770,-43
9365.jpg,1813,1890,77
9370.jpg,1813,1875,62
9375.jpg,1814,1750,-64
9390.jpg,1814,1750,-64
9395.jpg,1814,1820,6
9400.jpg,1814,1860,46
9405.jpg,1814,1850,36
9410.jpg,1814,1790,-24
9415.jpg,1814,1920,106
9420.jpg,1814,1850,36
9425.jpg,1814,1840,26
9430.jpg,1814,1580,-234
9435.jpg,1814,1850,36
9440.jpg,1814,1815,1
9445.jpg,1814,1850,36
9450.jpg,1814,1850,36
9455.jpg,1814,1850,36
9460.jpg,1814,1820,6
9465.jpg,1815,1820,5
9470.jpg,1815,1900,85
9475.jpg,1815,1800,-15
9480.jpg,1815,1890,75
9485.jpg,1815,1885,70
9490.jpg,1815,1820,5
9495.jpg,1815,1900,85
9500.jpg,1815,1920,105
9505.jpg,1815,1850,35
9510.jpg,1815,1960,145
9515.jpg,1815,1910,95
9520.jpg,1815,1850,35
9525.jpg,1815,1850,35
9530.jpg,1815,1810,-5
9535.jpg,1815,1850,35
9540.jpg,1815,1890,75
9545.jpg,1815,1850,35
9550.jpg,1815,1810,-5
9555.jpg,1815,1820,5
9560.jpg,1815,1750,-65
9565.jpg,1815,1860,45
9570.jpg,1815,1995,180
9575.jpg,1815,1885,70
9580.jpg,1815,1685,-130
9585.jpg,1815,1895,80
9590.jpg,1815,1800,-15
9595.jpg,1816,1970,154
9600.jpg,1816,1840,24
9605.jpg,1816,1890,74
9610.jpg,1816,1737,-79
9615.jpg,1816,1900,84
9620.jpg,1816,1905,89
9625.jpg,1816,1760,-56
9630.jpg,1816,1900,84
9635.jpg,1816,1820,4
9640.jpg,1816,1930,114
9645.jpg,1816,1750,-66
9650.jpg,1816,1900,84
9655.jpg,1816,1820,4
9660.jpg,1816,1880,64
9665.jpg,1816,1910,94
9670.jpg,1816,1850,34
9675.jpg,1816,1870,54
9680.jpg,1816,1760,-56
9685.jpg,1816,1920,104
9690.jpg,1816,1885,69
9695.jpg,1816,1890,74
9700.jpg,1816,1920,104
9705.jpg,1816,-1,-1817
9710.jpg,1816,1837,21
9715.jpg,1817,1350,-467
9720.jpg,1817,1850,33
9725.jpg,1817,1823,6
9730.jpg,1817,1900,83
9735.jpg,1817,1910,93
9740.jpg,1817,1950,133
9745.jpg,1817,1830,13
9750.jpg,1817,1850,33
9755.jpg,1817,1830,13
9760.jpg,1817,1790,-27
9765.jpg,1817,1900,83
9770.jpg,1817,1895,78
9775.jpg,1817,1910,93
9780.jpg,1817,1790,-27
9785.jpg,1817,1790,-27
9790.jpg,1818,1920,102
9795.jpg,1818,1930,112
9800.jpg,1818,1850,32
9805.jpg,1818,1910,92
9810.jpg,1818,1820,2
9815.jpg,1818,1870,52
9820.jpg,1818,1900,82
9825.jpg,1818,1750,-68
9830.jpg,1818,1810,-8
9835.jpg,1818,1920,102
9840.jpg,1818,1955,137
9845.jpg,1818,1920,102
9850.jpg,1818,1890,72
9855.jpg,1818,1810,-8
9860.jpg,1818,1750,-68
9865.jpg,1818,1910,92
9870.jpg,1818,1910,92
9875.jpg,1818,1750,-68
9880.jpg,1818,1880,62
9885.jpg,1818,1950,132
9890.jpg,1818,1830,12
9895.jpg,1818,1820,2
9900.jpg,1818,1799,-19
9905.jpg,1818,1850,32
9910.jpg,1819,1875,56
9915.jpg,1819,1910,91
9920.jpg,1819,1730,-89
9925.jpg,1819,1890,71
9930.jpg,1819,1930,111
9935.jpg,1819,1835,16
9940.jpg,1819,1900,81
9945.jpg,1819,1855,36
9950.jpg,1819,1840,21
9955.jpg,1819,1900,81
9960.jpg,1819,1850,31
9965.jpg,1819,1910,91
9970.jpg,1819,1890,71
9975.jpg,1819,1895,76
9980.jpg,1819,1850,31
9985.jpg,1820,1889,69
9990.jpg,1820,1900,80
9995.jpg,1820,1820,0
10000.jpg,1820,1860,40
10005.jpg,1820,1850,30
10010.jpg,1820,1880,60
10015.jpg,1820,1550,-270
10020.jpg,1820,1850,30
10025.jpg,1820,1830,10
10030.jpg,1820,1955,135
10035.jpg,1820,1960,140
10040.jpg,1820,1930,110
10045.jpg,1820,1820,0
10050.jpg,1820,1800,-20
10055.jpg,1820,1860,40
10060.jpg,1820,1850,30
10065.jpg,1820,1850,30
10070.jpg,1820,1790,-30
10075.jpg,1820,1890,70
10080.jpg,1820,1930,110
10085.jpg,1820,1851,31
10090.jpg,1820,1930,110
10095.jpg,1820,1890,70
10100.jpg,1820,1850,30
10105.jpg,1820,1850,30
10110.jpg,1820,1850,30
10115.jpg,1820,1920,100
10120.jpg,1820,1830,10
10125.jpg,1820,1890,70
10130.jpg,1820,1785,-35
10135.jpg,1820,1815,-5
10140.jpg,1820,1840,20
10145.jpg,1820,1905,85
10150.jpg,1820,1885,65
10155.jpg,1820,1815,-5
10160.jpg,1820,1760,-60
10165.jpg,1820,1925,105
10170.jpg,1820,1925,105
10175.jpg,1820,1900,80
10180.jpg,1820,1910,90
10185.jpg,1820,1900,80
10190.jpg,1820,1860,40
10195.jpg,1821,1850,29
10200.jpg,1821,1925,104
10205.jpg,1821,1877,56
10210.jpg,1821,2005,184
10215.jpg,1821,1985,164
10220.jpg,1821,1915,94
10225.jpg,1821,1905,84
10230.jpg,1821,1775,-46
10235.jpg,1821,1890,69
10240.jpg,1821,1950,129
10245.jpg,1821,1885,64
10250.jpg,1821,1770,-51
10255.jpg,1821,1900,79
10260.jpg,1821,1760,-61
10265.jpg,1821,1865,44
10270.jpg,1821,1750,-71
10275.jpg,1821,1850,29
10280.jpg,1822,1900,78
10285.jpg,1822,1890,68
10290.jpg,1822,1943,121
10295.jpg,1822,1900,78
10300.jpg,1822,1908,86
10305.jpg,1822,1830,8
10310.jpg,1822,1795,-27
10315.jpg,1822,1900,78
10320.jpg,1822,1850,28
10325.jpg,1822,1950,128
10330.jpg,1822,1930,108
10335.jpg,1822,1910,88
10340.jpg,1822,1875,53
10345.jpg,1822,1935,113
10355.jpg,1822,1830,8
10360.jpg,1823,1885,62
10365.jpg,1823,1840,17
10370.jpg,1823,1815,-8
10375.jpg,1823,1830,7
10385.jpg,1823,1904,81
10390.jpg,1823,1985,162
10395.jpg,1823,1860,37
10400.jpg,1823,1960,137
10405.jpg,1823,1850,27
10410.jpg,1823,1900,77
10415.jpg,1823,1780,-43
10420.jpg,1823,1790,-33
10425.jpg,1823,1820,-3
10430.jpg,1823,1850,27
10435.jpg,1823,1935,112
10440.jpg,1823,1860,37
10445.jpg,1823,1910,87
10450.jpg,1823,1860,37
10455.jpg,1824,1850,26
10460.jpg,1824,1750,-74
10465.jpg,1824,1820,-4
10470.jpg,1824,1905,81
10475.jpg,1824,1220,-604
10480.jpg,1824,1920,96
10485.jpg,1824,1750,-74
10490.jpg,1824,1700,-124
10495.jpg,1824,1910,86
10500.jpg,1824,1850,26
10505.jpg,1824,1985,161
10510.jpg,1824,1950,126
10515.jpg,1824,1850,26
10520.jpg,1824,1900,76
10525.jpg,1824,2005,181
10530.jpg,1824,1900,76
10535.jpg,1824,1795,-29
10540.jpg,1824,1900,76
10545.jpg,1824,1880,56
10550.jpg,1825,1869,44
10555.jpg,1825,1905,80
10560.jpg,1825,1880,55
10565.jpg,1825,1900,75
10570.jpg,1825,1900,75
10575.jpg,1825,1890,65
10580.jpg,1825,1863,38
10585.jpg,1825,1900,75
10590.jpg,1825,1900,75
10595.jpg,1825,1805,-20
10600.jpg,1825,1790,-35
10605.jpg,1825,1920,95
10610.jpg,1825,1840,15
10615.jpg,1825,1900,75
10620.jpg,1825,1920,95
10625.jpg,1825,1955,130
10630.jpg,1825,1850,25
10635.jpg,1825,1925,100
10640.jpg,1825,1950,125
10645.jpg,1825,1790,-35
10650.jpg,1825,1790,-35
10655.jpg,1825,1850,25
10660.jpg,1825,1850,25
10665.jpg,1825,1820,-5
10670.jpg,1825,1910,85
10675.jpg,1825,1850,25
10680.jpg,1825,1780,-45
10685.jpg,1825,1985,160
10690.jpg,1825,1950,125
10695.jpg,1825,1900,75
10700.jpg,1825,1900,75
10705.jpg,1825,1890,65
10710.jpg,1825,1930,105
10715.jpg,1825,1908,83
10720.jpg,1825,1790,-35
10725.jpg,1825,1920,95
10730.jpg,1826,1910,84
10735.jpg,1826,1850,24
10745.jpg,1826,1780,-46
10750.jpg,1826,1750,-76
10755.jpg,1826,1900,74
10760.jpg,1826,1810,-16
10765.jpg,1826,1750,-76
10770.jpg,1826,1850,24
10775.jpg,1826,1850,24
10780.jpg,1826,1800,-26
10785.jpg,1826,1850,24
10790.jpg,1826,1900,74
10795.jpg,1826,1790,-36
10800.jpg,1826,1905,79
10805.jpg,1826,1750,-76
10810.jpg,1826,1820,-6
10815.jpg,1826,1840,14
10820.jpg,1826,1840,14
10825.jpg,1826,1900,74
10830.jpg,1826,1910,84
10835.jpg,1827,1837,10
10840.jpg,1827,1875,48
10845.jpg,1827,1850,23
10850.jpg,1827,1830,3
10855.jpg,1827,1920,93
10860.jpg,1827,1940,113
10865.jpg,1827,1900,73
10870.jpg,1827,1885,58
10875.jpg,1827,1880,53
10880.jpg,1827,1935,108
10885.jpg,1827,1890,63
10890.jpg,1827,1940,113
10895.jpg,1827,1750,-77
10900.jpg,1827,1905,78
10905.jpg,1827,1790,-37
10910.jpg,1827,1850,23
10915.jpg,1827,1820,-7
10920.jpg,1827,1790,-37
10925.jpg,1827,1805,-22
10930.jpg,1827,1910,83
10935.jpg,1827,1750,-77
10940.jpg,1827,1945,118
10945.jpg,1828,1860,32
10950.jpg,1828,1750,-78
10955.jpg,1828,1830,2
10960.jpg,1828,1800,-28
10965.jpg,1828,1850,22
10970.jpg,1828,1850,22
10975.jpg,1828,1900,72
10980.jpg,1828,1850,22
10985.jpg,1828,1850,22
10990.jpg,1828,1850,22
10995.jpg,1828,1900,72
11000.jpg,1828,1890,62
11005.jpg,1828,1820,-8
11010.jpg,1828,1820,-8
11015.jpg,1828,1780,-48
11020.jpg,1828,1850,22
11025.jpg,1828,1820,-8
11030.jpg,1828,1880,52
11035.jpg,1828,1905,77
11040.jpg,1828,1840,12
11045.jpg,1828,1890,62
11050.jpg,1828,1780,-48
11055.jpg,1828,1926,98
11060.jpg,1828,1900,72
11065.jpg,1829,1920,91
11070.jpg,1829,1900,71
11075.jpg,1829,1890,61
11080.jpg,1829,1820,-9
11085.jpg,1829,1830,1
11090.jpg,1829,1927,98
11095.jpg,1829,1870,41
11100.jpg,1829,1850,21
11105.jpg,1829,1820,-9
11110.jpg,1829,1800,-29
11115.jpg,1829,1685,-144
11120.jpg,1829,1901,72
11125.jpg,1829,1800,-29
11130.jpg,1829,1900,71
11135.jpg,1829,1820,-9
11140.jpg,1829,1820,-9
11145.jpg,1829,1805,-24
11150.jpg,1829,1910,81
11155.jpg,1829,1950,121
11160.jpg,1829,1820,-9
11165.jpg,1829,1900,71
11170.jpg,1830,1850,20
11175.jpg,1830,1900,70
11180.jpg,1830,1790,-40
11185.jpg,1830,1885,55
11190.jpg,1830,1830,0
11195.jpg,1830,1900,70
11200.jpg,1830,1885,55
11205.jpg,1830,1872,42
11210.jpg,1830,1905,75
11215.jpg,1830,1840,10
11220.jpg,1830,1850,20
11225.jpg,1830,1930,100
11230.jpg,1830,1920,90
11235.jpg,1830,1900,70
11240.jpg,1830,1850,20
11245.jpg,1830,1935,105
11250.jpg,1830,1850,20
11255.jpg,1830,1930,100
11260.jpg,1830,1900,70
11265.jpg,1830,1910,80
11270.jpg,1830,1990,160
11275.jpg,1830,1830,0
11280.jpg,1830,1910,80
11285.jpg,1830,1750,-80
11290.jpg,1830,1750,-80
11295.jpg,1830,1900,70
11300.jpg,1830,1800,-30
11305.jpg,1830,1955,125
11310.jpg,1830,1870,40
11315.jpg,1830,1850,20
11320.jpg,1830,1885,55
11325.jpg,1830,1895,65
11330.jpg,1830,1905,75
11335.jpg,1830,1790,-40
11340.jpg,1830,1900,70
11345.jpg,1830,1955,125
11350.jpg,1830,1920,90
11355.jpg,1830,1900,70
11360.jpg,1830,1750,-80
11365.jpg,1830,1743,-87
11370.jpg,1830,1880,50
11375.jpg,1830,1902,72
11380.jpg,1830,1895,65
11385.jpg,1830,1750,-80
11390.jpg,1830,1900,70
11395.jpg,1830,1820,-10
11400.jpg,1831,1820,-11
11405.jpg,1831,1830,-1
11410.jpg,1831,1850,19
11415.jpg,1831,1900,69
11420.jpg,1831,1754,-77
11425.jpg,1831,1785,-46
11430.jpg,1831,1900,69
11435.jpg,1831,1900,69
11440.jpg,1831,1910,79
11445.jpg,1831,1861,30
11450.jpg,1831,2005,174
11455.jpg,1831,1830,-1
11460.jpg,1831,1820,-11
11465.jpg,1831,1840,9
11470.jpg,1831,1750,-81
11475.jpg,1831,1950,119
11480.jpg,1831,1880,49
11485.jpg,1831,1950,119
11490.jpg,1832,1950,118
11495.jpg,1832,1850,18
11500.jpg,1832,1600,-232
11505.jpg,1832,1820,-12
11510.jpg,1832,1800,-32
11515.jpg,1832,1909,77
11525.jpg,1832,1930,98
11530.jpg,1832,1895,63
11535.jpg,1832,1885,53
11540.jpg,1832,1810,-22
11545.jpg,1832,1850,18
11550.jpg,1832,1885,53
11555.jpg,1832,1830,-2
11560.jpg,1832,1925,93
11565.jpg,1832,1830,-2
11570.jpg,1832,1900,68
11575.jpg,1832,1820,-12
11580.jpg,1832,1850,18
11585.jpg,1832,1950,118
11590.jpg,1832,1910,78
11595.jpg,1832,1820,-12
11600.jpg,1832,1790,-42
11605.jpg,1832,1850,18
11610.jpg,1832,1900,68
11615.jpg,1832,1840,8
11620.jpg,1832,1500,-332
11625.jpg,1832,1790,-42
11630.jpg,1832,1905,73
11635.jpg,1832,1985,153
11640.jpg,1832,1905,73
11645.jpg,1833,1900,67
11650.jpg,1833,1890,57
11655.jpg,1833,1905,72
11660.jpg,1833,1820,-13
11665.jpg,1833,1800,-33
11670.jpg,1833,1870,37
11675.jpg,1833,1880,47
11680.jpg,1833,1850,17
11685.jpg,1833,1860,27
11690.jpg,1833,1850,17
11695.jpg,1833,1830,-3
11700.jpg,1833,1925,92
11705.jpg,1833,1965,132
11710.jpg,1833,1920,87
11715.jpg,1833,1820,-13
11720.jpg,1833,1920,87
11725.jpg,1833,1895,62
11730.jpg,1833,1790,-43
11735.jpg,1833,1820,-13
11740.jpg,1833,1850,17
11745.jpg,1833,1840,7
11750.jpg,1833,1850,17
11755.jpg,1833,1750,-83
11760.jpg,1833,2000,167
11765.jpg,1833,1827,-6
11770.jpg,1834,1930,96
11775.jpg,1834,1850,16
11780.jpg,1834,1756,-78
11785.jpg,1834,1750,-84
11790.jpg,1834,1965,131
11795.jpg,1834,1790,-44
11800.jpg,1834,1810,-24
11805.jpg,1834,1762,-72
11810.jpg,1834,1850,16
11815.jpg,1834,1850,16
11820.jpg,1834,1890,56
11825.jpg,1834,1775,-59
11830.jpg,1834,1890,56
11835.jpg,1834,1900,66
11840.jpg,1834,1920,86
11845.jpg,1834,1920,86
11850.jpg,1834,1830,-4
11855.jpg,1834,1920,86
11860.jpg,1834,1985,151
11865.jpg,1834,1750,-84
11870.jpg,1834,1950,116
11875.jpg,1834,1850,16
11880.jpg,1834,1850,16
11885.jpg,1834,1850,16
11890.jpg,1834,1828,-6
11895.jpg,1834,1820,-14
11900.jpg,1835,1790,-45
11905.jpg,1835,1900,65
11910.jpg,1835,1906,71
11915.jpg,1835,1850,15
11920.jpg,1835,1830,-5
11925.jpg,1835,1820,-15
11930.jpg,1835,1880,45
11935.jpg,1835,1900,65
11940.jpg,1835,1910,75
11945.jpg,1835,1920,85
11950.jpg,1835,1900,65
11955.jpg,1835,1820,-15
11960.jpg,1835,1890,55
11965.jpg,1835,1960,125
11970.jpg,1835,1955,120
11980.jpg,1835,1890,55
11985.jpg,1835,1750,-85
11990.jpg,1835,1890,55
11995.jpg,1835,1900,65
12000.jpg,1835,1885,50
12005.jpg,1835,2000,165
12010.jpg,1835,1840,5
12015.jpg,1835,1920,85
12020.jpg,1835,1925,90
12025.jpg,1835,1790,-45
12030.jpg,1835,1840,5
12035.jpg,1835,1850,15
12040.jpg,1835,1800,-35
12045.jpg,1835,1850,15
12050.jpg,1835,1830,-5
12055.jpg,1835,1820,-15
12060.jpg,1835,1790,-45
12065.jpg,1835,1965,130
12070.jpg,1835,1900,65
12075.jpg,1835,1920,85
12080.jpg,1835,1885,50
12085.jpg,1835,1885,50
12090.jpg,1835,1890,55
12095.jpg,1835,1850,15
12100.jpg,1835,1905,70
12105.jpg,1835,1880,45
12110.jpg,1835,1870,35
12115.jpg,1835,1850,15
12120.jpg,1835,1905,70
12125.jpg,1835,1930,95
12130.jpg,1836,1750,-86
12135.jpg,1836,1940,104
12140.jpg,1836,1750,-86
12145.jpg,1836,1910,74
12150.jpg,1836,1880,44
12155.jpg,1836,1830,-6
12160.jpg,1836,1900,64
12170.jpg,1836,1850,14
12175.jpg,1836,1820,-16
12180.jpg,1836,1840,4
12185.jpg,1836,1900,64
12190.jpg,1836,1820,-16
12195.jpg,1836,1850,14
12200.jpg,1836,1900,64
12205.jpg,1836,1920,84
12210.jpg,1836,1885,49
12215.jpg,1836,1820,-16
12220.jpg,1836,1905,69
12225.jpg,1836,1880,44
12230.jpg,1836,1850,14
12235.jpg,1836,1850,14
12240.jpg,1836,1600,-236
12245.jpg,1836,1855,19
12250.jpg,1836,1830,-6
12255.jpg,1836,1900,64
12260.jpg,1836,1885,49
12265.jpg,1836,1875,39
12270.jpg,1836,1835,-1
12275.jpg,1836,1830,-6
12280.jpg,1837,1750,-87
12285.jpg,1837,1850,13
12290.jpg,1837,1850,13
12295.jpg,1837,1860,23
12300.jpg,1837,1885,48
12305.jpg,1837,1840,3
12310.jpg,1837,1890,53
12315.jpg,1837,1810,-27
12320.jpg,1837,1960,123
12325.jpg,1837,1905,68
12330.jpg,1837,1950,113
12335.jpg,1837,1850,13
12340.jpg,1837,1800,-37
12345.jpg,1837,1750,-87
12350.jpg,1837,1940,103
12355.jpg,1837,1905,68
12360.jpg,1837,1930,93
12365.jpg,1837,1920,83
12370.jpg,1837,1890,53
12375.jpg,1837,1965,128
12380.jpg,1837,1920,83
12385.jpg,1837,1890,53
12390.jpg,1837,1900,63
12395.jpg,1837,1825,-12
12400.jpg,1837,1905,68
12405.jpg,1837,1850,13
12410.jpg,1837,1950,113
12415.jpg,1837,1875,38
12420.jpg,1837,1840,3
12425.jpg,1837,1870,33
12430.jpg,1837,1870,33
12435.jpg,1837,1957,120
12440.jpg,1837,1920,83
12445.jpg,1837,1900,63
12450.jpg,1838,1900,62
12455.jpg,1838,1850,12
12460.jpg,1838,1480,-358
12465.jpg,1838,1885,47
12470.jpg,1838,1910,72
12475.jpg,1838,1920,82
12480.jpg,1838,1850,12
12485.jpg,1838,1860,22
12490.jpg,1838,1850,12
12495.jpg,1838,1890,52
12500.jpg,1838,1880,42
12505.jpg,1838,1900,62
12510.jpg,1838,1950,112
12515.jpg,1838,1905,67
12520.jpg,1838,1850,12
12525.jpg,1838,1850,12
12530.jpg,1838,1900,62
12535.jpg,1838,1900,62
12540.jpg,1838,-1,-1839
12545.jpg,1838,1920,82
12550.jpg,1838,1880,42
12555.jpg,1838,1955,117
12560.jpg,1838,1890,52
12565.jpg,1838,1895,57
12570.jpg,1838,1850,12
12575.jpg,1838,1850,12
12580.jpg,1838,1910,72
12585.jpg,1838,1800,-38
12590.jpg,1838,1820,-18
12600.jpg,1838,1975,137
12605.jpg,1838,1965,127
12610.jpg,1838,1900,62
12615.jpg,1838,1750,-88
12620.jpg,1838,1870,32
12625.jpg,1839,1850,11
12630.jpg,1839,1850,11
12635.jpg,1839,1925,86
12640.jpg,1839,1950,111
12645.jpg,1839,1850,11
12650.jpg,1839,1905,66
12655.jpg,1839,1873,34
12660.jpg,1839,1900,61
12665.jpg,1839,1900,61
12670.jpg,1839,1820,-19
12675.jpg,1839,1850,11
12680.jpg,1839,1795,-44
12685.jpg,1839,1790,-49
12690.jpg,1839,1925,86
12695.jpg,1839,1850,11
12700.jpg,1839,1820,-19
12705.jpg,1839,1820,-19
12710.jpg,1839,1900,61
12715.jpg,1839,1840,1
12720.jpg,1839,1800,-39
12725.jpg,1839,1950,111
12730.jpg,1839,1800,-39
12735.jpg,1839,1820,-19
12740.jpg,1839,1800,-39
12745.jpg,1839,1900,61
12750.jpg,1839,1900,61
12755.jpg,1839,1920,81
12760.jpg,1839,1920,81
12765.jpg,1839,1830,-9
12770.jpg,1839,1920,81
12775.jpg,1839,1910,71
12780.jpg,1840,1850,10
12785.jpg,1840,1950,110
12790.jpg,1840,-1,-1841
12795.jpg,1840,1900,60
12800.jpg,1840,1850,10
12805.jpg,1840,1870,30
12810.jpg,1840,1780,-60
12815.jpg,1840,1820,-20
12820.jpg,1840,1800,-40
12825.jpg,1840,1875,35
12830.jpg,1840,1900,60
12835.jpg,1840,1905,65
12840.jpg,1840,1898,58
12845.jpg,1840,1820,-20
12850.jpg,1840,1750,-90
12860.jpg,1840,1910,70
12865.jpg,1840,1750,-90
12870.jpg,1840,1970,130
12875.jpg,1840,1890,50
12880.jpg,1840,1760,-80
12885.jpg,1840,1750,-90
12890.jpg,1840,1750,-90
12895.jpg,1840,1850,10
12900.jpg,1840,1900,60
12905.jpg,1840,2000,160
12910.jpg,1840,1950,110
12915.jpg,1840,1850,10
12920.jpg,1840,1895,55
12925.jpg,1840,1900,60
12930.jpg,1840,1900,60
12935.jpg,1840,1890,50
12940.jpg,1840,1925,85
12945.jpg,1840,1900,60
12950.jpg,1840,1820,-20
12955.jpg,1840,1850,10
12960.jpg,1840,1780,-60
12965.jpg,1840,-1,-1841
12970.jpg,1840,1800,-40
12975.jpg,1840,1790,-50
12980.jpg,1840,1950,110
12985.jpg,1840,1850,10
12990.jpg,1840,1810,-30
12995.jpg,1840,1910,70
13005.jpg,1840,1830,-10
13010.jpg,1840,1965,125
13015.jpg,1840,1850,10
13020.jpg,1840,1900,60
13025.jpg,1840,1900,60
13030.jpg,1841,1920,79
13035.jpg,1841,1780,-61
13040.jpg,1841,1930,89
13045.jpg,1841,1880,39
13050.jpg,1841,1905,64
13055.jpg,1841,1890,49
13060.jpg,1841,1875,34
13065.jpg,1841,1850,9
13070.jpg,1841,1850,9
13075.jpg,1841,1810,-31
13080.jpg,1841,1810,-31
13085.jpg,1841,1985,144
13090.jpg,1841,1905,64
13095.jpg,1841,1925,84
13100.jpg,1841,1840,-1
13105.jpg,1841,1900,59
13110.jpg,1841,1800,-41
13115.jpg,1841,1920,79
13120.jpg,1841,2005,164
13125.jpg,1841,1900,59
13130.jpg,1841,1750,-91
13135.jpg,1841,1900,59
13140.jpg,1841,1880,39
13145.jpg,1842,1830,-12
13150.jpg,1842,1895,53
13155.jpg,1842,1910,68
13160.jpg,1842,1815,-27
13165.jpg,1842,1890,48
13170.jpg,1842,-1,-1843
13175.jpg,1842,1923,81
13180.jpg,1842,1910,68
13185.jpg,1842,1870,28
13190.jpg,1842,1850,8
13195.jpg,1842,1820,-22
13200.jpg,1842,1900,58
13205.jpg,1842,1810,-32
13210.jpg,1842,1930,88
13215.jpg,1842,1890,48
13220.jpg,1842,1750,-92
13225.jpg,1842,1845,3
13230.jpg,1842,1925,83
13235.jpg,1842,1810,-32
13240.jpg,1842,1800,-42
13245.jpg,1842,1910,68
13250.jpg,1842,1880,38
13255.jpg,1842,1910,68
13260.jpg,1842,1750,-92
13265.jpg,1842,1985,143
13270.jpg,1842,1910,68
13275.jpg,1842,1920,78
13280.jpg,1842,1412,-430
13285.jpg,1842,1910,68
13290.jpg,1842,1955,113
13295.jpg,1842,2010,168
13300.jpg,1843,1900,57
13305.jpg,1843,1830,-13
13310.jpg,1843,1920,77
13315.jpg,1843,1925,82
13320.jpg,1843,1820,-23
13325.jpg,1843,1890,47
13330.jpg,1843,1860,17
13335.jpg,1843,1950,107
13340.jpg,1843,1958,115
13345.jpg,1843,1905,62
13350.jpg,1843,1850,7
13355.jpg,1843,1880,37
13360.jpg,1843,1920,77
13365.jpg,1843,1875,32
13370.jpg,1843,1850,7
13380.jpg,1843,1820,-23
13385.jpg,1843,1920,77
13390.jpg,1843,-1,-1844
13395.jpg,1843,1820,-23
13400.jpg,1843,1906,63
13405.jpg,1843,1900,57
13410.jpg,1843,1849,6
13415.jpg,1843,1873,30
13420.jpg,1843,1890,47
13425.jpg,1843,1900,57
13430.jpg,1844,1920,76
13435.jpg,1844,1795,-49
13440.jpg,1844,1890,46
13445.jpg,1844,1975,131
13450.jpg,1844,1900,56
13455.jpg,1844,1815,-29
13460.jpg,1844,1885,41
13465.jpg,1844,1820,-24
13470.jpg,1844,1850,6
13475.jpg,1844,1880,36
13480.jpg,1844,1905,61
13485.jpg,1844,1890,46
13490.jpg,1844,1895,51
13495.jpg,1844,1960,116
13500.jpg,1844,1750,-94
13505.jpg,1844,1910,66
13510.jpg,1844,1890,46
13515.jpg,1844,1875,31
13520.jpg,1844,1820,-24
13525.jpg,1844,1895,51
13530.jpg,1844,1910,66
13535.jpg,1844,1910,66
13540.jpg,1844,1910,66
13545.jpg,1844,1895,51
13550.jpg,1844,1830,-14
13555.jpg,1844,1890,46
13560.jpg,1844,1930,86
13565.jpg,1845,1800,-45
13570.jpg,1845,1895,50
13575.jpg,1845,1900,55
13580.jpg,1845,1890,45
13585.jpg,1845,1920,75
13590.jpg,1845,1880,35
13595.jpg,1845,1920,75
13600.jpg,1845,1900,55
13605.jpg,1845,1790,-55
13610.jpg,1845,1920,75
13615.jpg,1845,1880,35
13620.jpg,1845,1900,55
13625.jpg,1845,1760,-85
13630.jpg,1845,1900,55
13635.jpg,1845,1850,5
13640.jpg,1845,1900,55
13645.jpg,1845,1880,35
13650.jpg,1845,1905,60
13655.jpg,1845,1905,60
13660.jpg,1845,1905,60
13665.jpg,1845,1800,-45
13670.jpg,1845,2005,160
13675.jpg,1845,1885,40
13680.jpg,1845,1955,110
13685.jpg,1845,1950,105
13690.jpg,1845,1790,-55
13695.jpg,1845,1850,5
13700.jpg,1845,1920,75
13705.jpg,1845,1820,-25
13710.jpg,1845,1890,45
13720.jpg,1845,1920,75
13725.jpg,1845,1920,75
13730.jpg,1845,1910,65
13735.jpg,1845,1780,-65
13740.jpg,1845,1800,-45
13745.jpg,1845,1850,5
13750.jpg,1845,1900,55
13755.jpg,1845,1790,-55
13760.jpg,1845,1840,-5
13765.jpg,1845,1820,-25
13770.jpg,1845,1750,-95
13775.jpg,1845,1900,55
13780.jpg,1845,1875,30
13785.jpg,1845,1950,105
13790.jpg,1845,1895,50
13795.jpg,1845,1920,75
13800.jpg,1845,1920,75
13805.jpg,1846,1850,4
13810.jpg,1846,1883,37
13815.jpg,1846,1860,14
13820.jpg,1846,1870,24
13825.jpg,1846,1905,59
13830.jpg,1846,1805,-41
13835.jpg,1846,1925,79
13840.jpg,1846,1925,79
13845.jpg,1846,1800,-46
13850.jpg,1846,1950,104
13855.jpg,1846,1905,59
13860.jpg,1846,1850,4
13865.jpg,1846,1870,24
13870.jpg,1846,1900,54
13875.jpg,1846,1890,44
13880.jpg,1846,1905,59
13885.jpg,1846,1810,-36
13890.jpg,1846,1875,29
13895.jpg,1846,1972,126
13900.jpg,1846,1850,4
13905.jpg,1846,1830,-16
13910.jpg,1846,1840,-6
13915.jpg,1846,1820,-26
13920.jpg,1846,1850,4
13925.jpg,1846,1950,104
13930.jpg,1846,1890,44
13935.jpg,1846,1890,44
13940.jpg,1847,1910,63
13945.jpg,1847,1895,48
13950.jpg,1847,1900,53
13955.jpg,1847,1840,-7
13960.jpg,1847,1850,3
13965.jpg,1847,1850,3
13970.jpg,1847,1929,82
13975.jpg,1847,1910,63
13980.jpg,1847,1920,73
13985.jpg,1847,1850,3
13990.jpg,1847,1840,-7
13995.jpg,1847,1815,-32
14000.jpg,1847,1890,43
14005.jpg,1847,1840,-7
14010.jpg,1847,1815,-32
14015.jpg,1847,1890,43
14020.jpg,1847,1850,3
14030.jpg,1847,1850,3
14035.jpg,1847,1890,43
14040.jpg,1847,1905,58
14045.jpg,1847,1800,-47
14050.jpg,1847,1900,53
14055.jpg,1847,1905,58
14060.jpg,1847,1950,103
14065.jpg,1847,1895,48
14070.jpg,1847,1850,3
14075.jpg,1847,1890,43
14080.jpg,1847,1885,38
14085.jpg,1847,1905,58
14090.jpg,1847,1805,-42
14095.jpg,1847,1790,-57
14100.jpg,1847,1905,58
14105.jpg,1847,1965,118
14110.jpg,1848,1900,52
14115.jpg,1848,1900,52
14120.jpg,1848,1910,62
14125.jpg,1848,2000,152
14130.jpg,1848,1850,2
14135.jpg,1848,1750,-98
14140.jpg,1848,1890,42
14145.jpg,1848,1850,2
14150.jpg,1848,1850,2
14155.jpg,1848,1880,32
14160.jpg,1848,1890,42
14165.jpg,1848,1840,-8
14170.jpg,1848,1910,62
14175.jpg,1848,1890,42
14180.jpg,1848,1890,42
14185.jpg,1848,1900,52
14190.jpg,1848,1955,107
14195.jpg,1848,1900,52
14200.jpg,1848,1890,42
14205.jpg,1848,1900,52
14210.jpg,1848,1890,42
14215.jpg,1848,1890,42
14220.jpg,1848,1890,42
14225.jpg,1848,1839,-9
14230.jpg,1848,1850,2
14235.jpg,1848,1920,72
14240.jpg,1848,1900,52
14245.jpg,1848,1820,-28
14250.jpg,1848,1830,-18
14255.jpg,1848,1920,72
14260.jpg,1848,1905,57
14265.jpg,1848,1990,142
14270.jpg,1848,1925,77
14275.jpg,1848,1890,42
14280.jpg,1848,1745,-103
14285.jpg,1848,1890,42
14290.jpg,1848,1800,-48
14295.jpg,1848,-1,-1849
14300.jpg,1848,1890,42
14305.jpg,1848,2000,152
14310.jpg,1848,1980,132
14315.jpg,1848,1920,72
14320.jpg,1848,1940,92
14325.jpg,1848,1800,-48
14330.jpg,1848,1910,62
14335.jpg,1848,1905,57
14340.jpg,1849,1910,61
14345.jpg,1849,1900,51
14350.jpg,1849,1860,11
14355.jpg,1849,1750,-99
14360.jpg,1849,2010,161
14365.jpg,1849,1912,63
14370.jpg,1849,1850,1
14375.jpg,1849,1883,34
14380.jpg,1849,1870,21
14385.jpg,1849,1890,41
14390.jpg,1849,1790,-59
14395.jpg,1849,2005,156
14400.jpg,1849,1890,41
14405.jpg,1849,1985,136
14410.jpg,1849,1935,86
14415.jpg,1849,1905,56
14420.jpg,1849,1772,-77
14425.jpg,1849,1900,51
14430.jpg,1849,1905,56
14435.jpg,1849,1850,1
14440.jpg,1849,1920,71
14445.jpg,1849,1910,61
14450.jpg,1849,1845,-4
14455.jpg,1849,1900,51
14460.jpg,1849,1820,-29
14465.jpg,1849,1815,-34
14470.jpg,1849,1915,66
14475.jpg,1849,1910,61
14480.jpg,1849,1960,111
14485.jpg,1849,1905,56
14490.jpg,1849,1653,-196
14495.jpg,1849,1850,1
14500.jpg,1849,1905,56
14505.jpg,1850,1820,-30
14510.jpg,1850,1850,0
14515.jpg,1850,1900,50
14520.jpg,1850,1890,40
14525.jpg,1850,1840,-10
14530.jpg,1850,1955,105
14535.jpg,1850,1820,-30
14540.jpg,1850,1905,55
14545.jpg,1850,1400,-450
14550.jpg,1850,1910,60
14555.jpg,1850,1940,90
14560.jpg,1850,1910,60
14565.jpg,1850,1835,-15
14570.jpg,1850,1750,-100
14575.jpg,1850,1850,0
14580.jpg,1850,1875,25
14585.jpg,1850,1900,50
14590.jpg,1850,1880,30
14600.jpg,1850,1855,5
14605.jpg,1850,1820,-30
14610.jpg,1850,1860,10
14615.jpg,1850,1900,50
14620.jpg,1850,1910,60
14625.jpg,1850,1910,60
14630.jpg,1850,1905,55
14635.jpg,1850,1850,0
14640.jpg,1850,1920,70
14645.jpg,1850,1860,10
14650.jpg,1850,1980,130
14655.jpg,1850,1790,-60
14660.jpg,1850,1850,0
14665.jpg,1850,1850,0
14670.jpg,1850,1850,0
14675.jpg,1850,1850,0
14680.jpg,1850,1850,0
14685.jpg,1850,1920,70
14690.jpg,1850,1900,50
14695.jpg,1850,1820,-30
14700.jpg,1850,1890,40
14705.jpg,1850,1880,30
14710.jpg,1850,1910,60
14715.jpg,1850,1815,-35
14720.jpg,1850,1850,0
14725.jpg,1850,1820,-30
14730.jpg,1850,1900,50
14735.jpg,1850,1905,55
14740.jpg,1850,1850,0
14745.jpg,1850,1750,-100
14750.jpg,1850,1950,100
14755.jpg,1850,1900,50
14760.jpg,1850,1900,50
14765.jpg,1850,1895,45
14770.jpg,1850,1910,60
14775.jpg,1850,1960,110
14780.jpg,1850,1850,0
14785.jpg,1851,1905,54
14790.jpg,1851,1885,34
14795.jpg,1851,1936,85
14800.jpg,1851,1920,69
14805.jpg,1851,1910,59
14810.jpg,1851,1890,39
14815.jpg,1851,1885,34
14820.jpg,1851,1825,-26
14825.jpg,1851,1905,54
14830.jpg,1851,1890,39
14835.jpg,1851,1750,-101
14840.jpg,1851,1840,-11
14845.jpg,1851,1905,54
14850.jpg,1851,1925,74
14855.jpg,1851,1920,69
14860.jpg,1851,1900,49
14865.jpg,1851,1850,-1
14870.jpg,1851,1830,-21
14880.jpg,1851,1800,-51
14885.jpg,1851,1850,-1
14890.jpg,1851,1860,9
14895.jpg,1851,1820,-31
14900.jpg,1851,1890,39
14905.jpg,1851,1885,34
14910.jpg,1851,1830,-21
14915.jpg,1851,1925,74
14920.jpg,1851,1850,-1
14925.jpg,1851,1905,54
14930.jpg,1851,1900,49
14935.jpg,1851,1890,39
14940.jpg,1851,1830,-21
14945.jpg,1852,1905,53
14950.jpg,1852,1920,68
14955.jpg,1852,1895,43
14960.jpg,1852,1910,58
14965.jpg,1852,1900,48
14970.jpg,1852,1880,28
14975.jpg,1852,1845,-7
14980.jpg,1852,1840,-12
14985.jpg,1852,1900,48
14990.jpg,1852,1905,53
14995.jpg,1852,1875,23
15000.jpg,1852,1870,18
15005.jpg,1852,1910,58
15010.jpg,1852,1955,103
15015.jpg,1852,1900,48
15020.jpg,1852,1850,-2
15025.jpg,1852,1890,38
15030.jpg,1852,1845,-7
15035.jpg,1852,1820,-32
15040.jpg,1852,1890,38
15045.jpg,1852,1820,-32
15050.jpg,1852,1920,68
15055.jpg,1852,1850,-2
15060.jpg,1852,1915,63
15065.jpg,1852,1910,58
15070.jpg,1852,1890,38
15075.jpg,1852,1850,-2
15080.jpg,1852,1875,23
15085.jpg,1852,1985,133
15090.jpg,1852,1900,48
15095.jpg,1852,1905,53
15100.jpg,1852,1900,48
15105.jpg,1852,1900,48
15110.jpg,1852,1895,43
15115.jpg,1852,1875,23
15120.jpg,1852,1920,68
15125.jpg,1852,1850,-2
15130.jpg,1852,1900,48
15135.jpg,1853,1800,-53
15140.jpg,1853,1820,-33
15145.jpg,1853,1890,37
15150.jpg,1853,1890,37
15155.jpg,1853,1900,47
15160.jpg,1853,1850,-3
15165.jpg,1853,1930,77
15170.jpg,1853,1800,-53
15175.jpg,1853,1900,47
15180.jpg,1853,1890,37
15185.jpg,1853,1900,47
15190.jpg,1853,1900,47
15195.jpg,1853,1885,32
15200.jpg,1853,1880,27
15205.jpg,1853,1885,32
15210.jpg,1853,1955,102
15215.jpg,1853,1840,-13
15220.jpg,1853,1850,-3
15225.jpg,1853,1810,-43
15230.jpg,1853,1955,102
15235.jpg,1853,1840,-13
15240.jpg,1853,1890,37
15245.jpg,1853,1850,-3
15250.jpg,1853,1930,77
15255.jpg,1853,1900,47
15260.jpg,1853,1925,72
15265.jpg,1853,1790,-63
15270.jpg,1853,1885,32
15275.jpg,1853,1905,52
15280.jpg,1853,1895,42
15285.jpg,1853,1910,57
15290.jpg,1853,1905,52
15295.jpg,1853,1830,-23
15300.jpg,1853,1820,-33
15305.jpg,1853,1890,37
15310.jpg,1853,1975,122
15315.jpg,1853,1935,82
15320.jpg,1853,1900,47
15325.jpg,1853,1805,-48
15330.jpg,1853,1860,7
15335.jpg,1853,1900,47
15340.jpg,1853,1850,-3
15345.jpg,1853,1850,-3
15350.jpg,1853,1931,78
15355.jpg,1854,1910,56
15360.jpg,1854,1935,81
15365.jpg,1854,1810,-44
15370.jpg,1854,1890,36
15375.jpg,1854,-1,-1855
15380.jpg,1854,1905,51
15385.jpg,1854,650,-1204
15390.jpg,1854,1950,96
15395.jpg,1854,1880,26
15400.jpg,1854,1955,101
15405.jpg,1854,1900,46
15410.jpg,1854,1870,16
15415.jpg,1854,1860,6
15420.jpg,1854,1955,101
15425.jpg,1854,1910,56
15430.jpg,1854,1885,31
15435.jpg,1854,1915,61
15440.jpg,1854,1930,76
15445.jpg,1854,1885,31
15450.jpg,1855,1750,-105
15455.jpg,1855,1900,45
15460.jpg,1855,1930,75
15465.jpg,1855,1905,50
15470.jpg,1855,1900,45
15475.jpg,1855,1910,55
15480.jpg,1855,1905,50
15485.jpg,1855,1890,35
15490.jpg,1855,1920,65
15495.jpg,1855,1900,45
15500.jpg,1855,1877,22
15505.jpg,1855,1875,20
15510.jpg,1855,1880,25
15515.jpg,1855,1850,-5
15520.jpg,1855,1905,50
15525.jpg,1855,1890,35
15530.jpg,1855,1905,50
15535.jpg,1855,1840,-15
15540.jpg,1855,1890,35
15545.jpg,1855,1820,-35
15550.jpg,1855,1890,35
15555.jpg,1855,1840,-15
15560.jpg,1855,1790,-65
15565.jpg,1855,1895,40
15570.jpg,1855,1920,65
15575.jpg,1855,1860,5
15580.jpg,1855,1935,80
15585.jpg,1855,1930,75
15590.jpg,1855,1900,45
15595.jpg,1855,1820,-35
15600.jpg,1855,1850,-5
15605.jpg,1855,1910,55
15610.jpg,1855,1930,75
15615.jpg,1855,1850,-5
15620.jpg,1855,1900,45
15625.jpg,1855,1940,85
15630.jpg,1855,1890,35
15635.jpg,1855,1850,-5
15640.jpg,1855,-1,-1856
15645.jpg,1855,1905,50
15650.jpg,1855,1930,75
15655.jpg,1855,1850,-5
15660.jpg,1855,1905,50
15665.jpg,1855,1905,50
15670.jpg,1855,1900,45
15675.jpg,1855,1885,30
15680.jpg,1855,1985,130
15685.jpg,1855,1900,45
15690.jpg,1855,1750,-105
15695.jpg,1855,1895,40
15705.jpg,1856,1850,-6
15710.jpg,1856,1850,-6
15715.jpg,1856,1920,64
15720.jpg,1856,1945,89
15725.jpg,1856,1900,44
15730.jpg,1856,1890,34
15735.jpg,1856,1840,-16
15740.jpg,1856,1905,49
15745.jpg,1856,1850,-6
15750.jpg,1856,-1,-1857
15755.jpg,1856,1850,-6
15760.jpg,1856,150,-1706
15765.jpg,1856,1890,34
15770.jpg,1856,1855,-1
15775.jpg,1856,1930,74
15780.jpg,1856,1885,29
15785.jpg,1856,1860,4
15795.jpg,1856,1830,-26
15800.jpg,1856,1910,54
15805.jpg,1856,1900,44
15810.jpg,1856,1905,49
15815.jpg,1856,1860,4
15820.jpg,1856,1800,-56
15825.jpg,1856,1905,49
15830.jpg,1856,1900,44
15835.jpg,1856,1890,34
15840.jpg,1856,1810,-46
15845.jpg,1856,1890,34
15850.jpg,1856,1790,-66
15855.jpg,1856,1890,34
15860.jpg,1856,1890,34
15865.jpg,1856,1860,4
15870.jpg,1856,1950,94
15875.jpg,1856,1900,44
15880.jpg,1856,1920,64
15885.jpg,1856,1875,19
15890.jpg,1856,1840,-16
15895.jpg,1856,1950,94
15900.jpg,1856,1955,99
15905.jpg,1856,1860,4
15910.jpg,1856,1790,-66
15915.jpg,1856,1790,-66
15920.jpg,1856,1840,-16
15930.jpg,1856,1900,44
15935.jpg,1856,1890,34
15940.jpg,1856,1920,64
15945.jpg,1856,1850,-6
15950.jpg,1856,1900,44
15955.jpg,1856,1900,44
15960.jpg,1856,1750,-106
15965.jpg,1856,1860,4
15970.jpg,1856,1955,99
15975.jpg,1856,1870,14
15980.jpg,1857,1820,-37
15985.jpg,1857,1910,53
15990.jpg,1857,1995,138
15995.jpg,1857,1790,-67
16000.jpg,1857,1905,48
16005.jpg,1857,1920,63
16010.jpg,1857,1750,-107
16015.jpg,1857,1890,33
16020.jpg,1857,1850,-7
16025.jpg,1857,1870,13
16030.jpg,1857,1950,93
16035.jpg,1857,1885,28
16040.jpg,1857,1905,48
16045.jpg,1857,1890,33
16050.jpg,1857,1890,33
16055.jpg,1857,1876,19
16060.jpg,1857,1850,-7
16065.jpg,1857,-1,-1858
16070.jpg,1857,1890,33
16075.jpg,1857,1960,103
16080.jpg,1857,1815,-42
16085.jpg,1857,1895,38
16090.jpg,1857,1840,-17
16095.jpg,1857,1920,63
16100.jpg,1857,1800,-57
16105.jpg,1857,1890,33
16110.jpg,1857,1850,-7
16115.jpg,1857,1905,48
16120.jpg,1857,1900,43
16125.jpg,1857,1905,48
16130.jpg,1857,1850,-7
16135.jpg,1857,1910,53
16140.jpg,1857,1850,-7
16145.jpg,1857,1905,48
16150.jpg,1857,1925,68
16155.jpg,1857,1890,33
16160.jpg,1857,1905,48
16165.jpg,1857,1945,88
16170.jpg,1857,1900,43
16175.jpg,1857,2005,148
16180.jpg,1857,1850,-7
16185.jpg,1857,1955,98
16190.jpg,1857,1850,-7
16195.jpg,1857,1790,-67
16200.jpg,1857,1900,43
16205.jpg,1857,1908,51
16210.jpg,1857,1850,-7
16215.jpg,1857,1905,48
16220.jpg,1857,1850,-7
16225.jpg,1857,1895,38
16230.jpg,1857,1905,48
16235.jpg,1858,1890,32
16240.jpg,1858,1960,102
16245.jpg,1858,1890,32
16250.jpg,1858,1910,52
16255.jpg,1858,1895,37
16260.jpg,1858,1905,47
16265.jpg,1858,1860,2
16270.jpg,1858,1850,-8
16275.jpg,1858,1850,-8
16280.jpg,1858,1890,32
16285.jpg,1858,1905,47
16290.jpg,1858,1865,7
16295.jpg,1858,1950,92
16300.jpg,1858,1905,47
16305.jpg,1858,1920,62
16310.jpg,1858,1868,10
16315.jpg,1858,1850,-8
16320.jpg,1858,1840,-18
16325.jpg,1858,1900,42
16330.jpg,1858,1920,62
16335.jpg,1858,1890,32
16340.jpg,1858,1900,42
16345.jpg,1858,1920,62
16350.jpg,1858,1820,-38
16355.jpg,1858,1890,32
16360.jpg,1858,1900,42
16365.jpg,1858,1850,-8
16370.jpg,1858,1925,67
16375.jpg,1858,1895,37
16380.jpg,1858,1905,47
16385.jpg,1858,1920,62
16390.jpg,1858,1850,-8
16395.jpg,1858,1850,-8
16400.jpg,1858,1850,-8
16405.jpg,1858,1900,42
16410.jpg,1858,1850,-8
16415.jpg,1858,1895,37
16420.jpg,1858,1900,42
16425.jpg,1858,1920,62
16430.jpg,1858,1840,-18
16435.jpg,1858,1895,37
16440.jpg,1858,1900,42
16445.jpg,1858,1850,-8
16450.jpg,1858,1890,32
16455.jpg,1858,1860,2
16460.jpg,1858,1900,42
16465.jpg,1858,1906,48
16470.jpg,1858,1900,42
16475.jpg,1858,1828,-30
16480.jpg,1858,1900,42
16485.jpg,1858,1905,47
16490.jpg,1859,1850,-9
16495.jpg,1859,1900,41
16505.jpg,1859,1859,0
16510.jpg,1859,1910,51
16515.jpg,1859,1905,46
16520.jpg,1859,1870,11
16525.jpg,1859,1945,86
16530.jpg,1859,1875,16
16535.jpg,1859,1910,51
16540.jpg,1859,1850,-9
16545.jpg,1859,1910,51
16550.jpg,1859,1875,16
16555.jpg,1859,1905,46
16560.jpg,1859,1850,-9
16565.jpg,1859,1885,26
16570.jpg,1859,1900,41
16575.jpg,1859,1895,36
16580.jpg,1859,1890,31
16585.jpg,1859,1850,-9
16590.jpg,1859,1900,41
16595.jpg,1859,1905,46
16600.jpg,1859,1820,-39
16605.jpg,1859,1925,66
16610.jpg,1859,1860,1
16615.jpg,1859,1900,41
16620.jpg,1859,1890,31
16625.jpg,1859,1930,71
16630.jpg,1859,1910,51
16635.jpg,1859,1895,36
16640.jpg,1859,1860,1
16645.jpg,1859,1901,42
16650.jpg,1859,1885,26
16655.jpg,1859,1900,41
16660.jpg,1859,1850,-9
16665.jpg,1859,1970,111
16670.jpg,1859,1875,16
16675.jpg,1859,1905,46
16680.jpg,1859,1900,41
16685.jpg,1859,1905,46
16690.jpg,1859,1016,-843
16695.jpg,1859,1900,41
16700.jpg,1859,2010,151
16705.jpg,1859,1895,36
16710.jpg,1859,1900,41
16715.jpg,1859,1836,-23
16720.jpg,1859,1900,41
16725.jpg,1859,1905,46
16730.jpg,1859,1895,36
16735.jpg,1860,1990,130
16740.jpg,1860,1905,45
16745.jpg,1860,1790,-70
16750.jpg,1860,1950,90
16755.jpg,1860,1850,-10
16760.jpg,1860,1880,20
16765.jpg,1860,1905,45
16770.jpg,1860,1850,-10
16775.jpg,1860,1930,70
16785.jpg,1860,1810,-50
16790.jpg,1860,1878,18
16795.jpg,1860,1750,-110
16800.jpg,1860,1890,30
16805.jpg,1860,1890,30
16810.jpg,1860,1905,45
16815.jpg,1860,1905,45
16820.jpg,1860,1910,50
16825.jpg,1860,1900,40
16830.jpg,1860,1910,50
16835.jpg,1860,1910,50
16840.jpg,1860,1750,-110
16845.jpg,1860,1915,55
16850.jpg,1860,1900,40
16855.jpg,1860,1970,110
16860.jpg,1860,1750,-110
16865.jpg,1860,1905,45
16870.jpg,1860,1920,60
16875.jpg,1860,1955,95
16880.jpg,1860,1850,-10
16885.jpg,1860,1775,-85
16890.jpg,1860,1900,40
16895.jpg,1860,1900,40
16900.jpg,1860,1935,75
16905.jpg,1860,1950,90
16910.jpg,1860,1920,60
16915.jpg,1860,1905,45
16920.jpg,1860,1850,-10
16925.jpg,1860,1955,95
16930.jpg,1860,1895,35
16935.jpg,1860,1815,-45
16940.jpg,1860,1790,-70
16945.jpg,1860,1985,125
16950.jpg,1860,1900,40
16955.jpg,1860,1900,40
16960.jpg,1860,1815,-45
16965.jpg,1860,1900,40
16970.jpg,1860,1900,40
16975.jpg,1860,1885,25
16980.jpg,1860,1890,30
16985.jpg,1860,1905,45
16990.jpg,1860,1860,0
16995.jpg,1860,1850,-10
17000.jpg,1860,1920,60
17005.jpg,1861,1905,44
17010.jpg,1861,1905,44
17015.jpg,1861,1900,39
17025.jpg,1861,1880,19
17030.jpg,1861,1880,19
17035.jpg,1861,1900,39
17040.jpg,1861,1850,-11
17045.jpg,1861,1700,-161
17050.jpg,1861,1905,44
17055.jpg,1861,1850,-11
17060.jpg,1861,1920,59
17065.jpg,1861,1900,39
17070.jpg,1861,1850,-11
17075.jpg,1861,1900,39
17080.jpg,1861,1905,44
17085.jpg,1861,1900,39
17090.jpg,1861,1850,-11
17095.jpg,1861,1900,39
17100.jpg,1861,1890,29
17105.jpg,1861,1905,44
17110.jpg,1861,1890,29
17115.jpg,1861,1750,-111
17120.jpg,1861,1900,39
17125.jpg,1861,1770,-91
17130.jpg,1861,1920,59
17135.jpg,1861,1450,-411
17140.jpg,1861,1885,24
17145.jpg,1861,1850,-11
17150.jpg,1861,1746,-115
17155.jpg,1861,1933,72
17160.jpg,1861,1890,29
17165.jpg,1861,1905,44
17170.jpg,1861,1910,49
17175.jpg,1862,1900,38
17180.jpg,1862,1910,48
17185.jpg,1862,1865,3
17190.jpg,1862,1890,28
17195.jpg,1862,1995,133
17200.jpg,1862,1840,-22
17205.jpg,1862,1950,88
17210.jpg,1862,1875,13
17215.jpg,1862,1895,33
17220.jpg,1862,1900,38
17225.jpg,1862,1850,-12
17230.jpg,1862,1910,48
17235.jpg,1862,1880,18
17240.jpg,1862,1815,-47
17245.jpg,1862,1850,-12
17250.jpg,1862,1960,98
17255.jpg,1862,1920,58
17260.jpg,1862,1650,-212
17265.jpg,1862,1850,-12
17270.jpg,1862,1930,68
17275.jpg,1862,1920,58
17280.jpg,1862,1870,8
17285.jpg,1862,1895,33
17290.jpg,1862,1885,23
17295.jpg,1862,1925,63
17300.jpg,1862,1900,38
17305.jpg,1862,1870,8
17310.jpg,1862,1950,88
17315.jpg,1862,1910,48
17320.jpg,1862,1900,38
17325.jpg,1863,1910,47
17330.jpg,1863,1840,-23
17340.jpg,1863,1920,57
17345.jpg,1863,1900,37
17350.jpg,1863,1825,-38
17355.jpg,1863,-1,-1864
17365.jpg,1863,1920,57
17370.jpg,1863,1900,37
17375.jpg,1863,1900,37
17380.jpg,1863,1940,77
17385.jpg,1863,1920,57
17390.jpg,1863,1905,42
17395.jpg,1863,1900,37
17400.jpg,1863,1985,122
17405.jpg,1863,1890,27
17410.jpg,1863,1920,57
17415.jpg,1863,1895,32
17420.jpg,1863,1905,42
17425.jpg,1863,1850,-13
17430.jpg,1863,1905,42
17435.jpg,1863,1928,65
17440.jpg,1863,1955,92
17445.jpg,1863,1905,42
17450.jpg,1863,1910,47
17455.jpg,1863,1880,17
17460.jpg,1863,1900,37
17465.jpg,1863,1910,47
17470.jpg,1863,1815,-48
17475.jpg,1863,1870,7
17480.jpg,1863,1860,-3
17485.jpg,1864,1905,41
17490.jpg,1864,1890,26
17495.jpg,1864,1890,26
17500.jpg,1864,1920,56
17505.jpg,1864,1900,36
17510.jpg,1864,1885,21
17515.jpg,1864,1830,-34
17520.jpg,1864,1965,101
17525.jpg,1864,1880,16
17530.jpg,1864,1850,-14
17535.jpg,1864,1995,131
17540.jpg,1864,1900,36
17545.jpg,1864,1875,11
17550.jpg,1864,1900,36
17555.jpg,1864,1880,16
17560.jpg,1864,1875,11
17565.jpg,1864,1850,-14
17575.jpg,1864,1830,-34
17580.jpg,1864,1930,66
17585.jpg,1864,1890,26
17590.jpg,1864,1980,116
17595.jpg,1864,1890,26
17600.jpg,1864,1860,-4
17605.jpg,1864,1890,26
17610.jpg,1864,1940,76
17615.jpg,1864,1905,41
17620.jpg,1864,1850,-14
17625.jpg,1864,1900,36
17630.jpg,1864,1905,41
17635.jpg,1864,1220,-644
17640.jpg,1864,1920,56
17645.jpg,1864,1860,-4
17650.jpg,1864,1900,36
17655.jpg,1864,1900,36
17660.jpg,1865,1790,-75
17665.jpg,1865,1780,-85
17670.jpg,1865,1910,45
17675.jpg,1865,1850,-15
17680.jpg,1865,1900,35
17690.jpg,1865,1950,85
17695.jpg,1865,1760,-105
17700.jpg,1865,1845,-20
17705.jpg,1865,1900,35
17710.jpg,1865,1870,5
17715.jpg,1865,1900,35
17720.jpg,1865,1923,58
17725.jpg,1865,1900,35
17730.jpg,1865,1850,-15
17735.jpg,1865,1750,-115
17745.jpg,1865,1830,-35
17750.jpg,1865,1890,25
17755.jpg,1865,1820,-45
17760.jpg,1865,1860,-5
17765.jpg,1865,1900,35
17770.jpg,1865,1850,-15
17775.jpg,1865,1905,40
17780.jpg,1865,1890,25
17785.jpg,1865,1890,25
17790.jpg,1865,2000,135
17795.jpg,1865,1905,40
17800.jpg,1865,1830,-35
17805.jpg,1865,1905,40
17810.jpg,1865,1940,75
17815.jpg,1865,1895,30
17820.jpg,1865,1900,35
17825.jpg,1865,1875,10
17830.jpg,1865,1895,30
17835.jpg,1865,1805,-60
17840.jpg,1865,1955,90
17845.jpg,1865,1885,20
17850.jpg,1865,1875,10
17855.jpg,1865,1890,25
17860.jpg,1865,1905,40
17865.jpg,1865,1830,-35
17870.jpg,1865,1895,30
17875.jpg,1865,1890,25
17880.jpg,1865,1875,10
17885.jpg,1865,1945,80
17890.jpg,1865,1905,40
17895.jpg,1865,1965,100
17900.jpg,1865,1900,35
17905.jpg,1865,1840,-25
17910.jpg,1865,1865,0
17915.jpg,1865,1890,25
17920.jpg,1865,1720,-145
17930.jpg,1865,1905,40
17935.jpg,1866,1870,4
17940.jpg,1866,1905,39
17945.jpg,1866,1910,44
17950.jpg,1866,1890,24
17955.jpg,1866,1950,84
17960.jpg,1866,1880,14
17965.jpg,1866,1900,34
17970.jpg,1866,1750,-116
17975.jpg,1866,1870,4
17980.jpg,1866,1900,34
17985.jpg,1866,1905,39
17990.jpg,1866,1870,4
17995.jpg,1866,1870,4
18000.jpg,1866,1890,24
18005.jpg,1866,1840,-26
18010.jpg,1866,1905,39
18015.jpg,1866,1960,94
18020.jpg,1866,1920,54
18025.jpg,1866,1885,19
18030.jpg,1866,1890,24
18035.jpg,1866,1890,24
18040.jpg,1866,1920,54
18045.jpg,1866,1850,-16
18050.jpg,1866,1750,-116
18055.jpg,1866,1860,-6
18060.jpg,1866,1910,44
18065.jpg,1866,1880,14
18070.jpg,1866,1890,24
18075.jpg,1866,1900,34
18080.jpg,1866,1800,-66
18085.jpg,1866,1875,9
18090.jpg,1866,1955,89
18095.jpg,1866,1820,-46
18100.jpg,1866,1920,54
18105.jpg,1866,1910,44
18110.jpg,1866,1905,39
18115.jpg,1866,1905,39
18120.jpg,1866,1955,89
18125.jpg,1866,1900,34
18130.jpg,1866,1905,39
18135.jpg,1867,1860,-7
18140.jpg,1867,1860,-7
18145.jpg,1867,1920,53
18160.jpg,1867,1885,18
18165.jpg,1867,1850,-17
18170.jpg,1867,1850,-17
18175.jpg,1867,1900,33
18180.jpg,1867,1900,33
18185.jpg,1867,1830,-37
18190.jpg,1867,1935,68
18195.jpg,1867,1900,33
18200.jpg,1867,1904,37
18205.jpg,1867,1905,38
18210.jpg,1867,1900,33
18215.jpg,1867,1900,33
18220.jpg,1867,1875,8
18225.jpg,1867,1905,38
18230.jpg,1867,1930,63
18235.jpg,1867,1950,83
18240.jpg,1867,1790,-77
18245.jpg,1867,1905,38
18250.jpg,1867,1885,18
18255.jpg,1867,1930,63
18260.jpg,1867,1820,-47
18265.jpg,1867,1885,18
18270.jpg,1867,1860,-7
18275.jpg,1867,1910,43
18280.jpg,1867,1895,28
18285.jpg,1867,1900,33
18290.jpg,1867,-1,-1868
18295.jpg,1867,1930,63
18300.jpg,1867,1920,53
18305.jpg,1867,1905,38
18310.jpg,1867,1920,53
18315.jpg,1867,1850,-17
18320.jpg,1867,1840,-27
18325.jpg,1867,1840,-27
18330.jpg,1867,1875,8
18335.jpg,1867,1920,53
18340.jpg,1867,1885,18
18345.jpg,1867,1905,38
18350.jpg,1867,1273,-594
18355.jpg,1867,1905,38
18360.jpg,1867,1905,38
18365.jpg,1868,1860,-8
18370.jpg,1868,1850,-18
18380.jpg,1868,1900,32
18385.jpg,1868,1890,22
18390.jpg,1868,1950,82
18395.jpg,1868,1920,52
18400.jpg,1868,1910,42
18405.jpg,1868,1885,17
18410.jpg,1868,1890,22
18415.jpg,1868,1875,7
18420.jpg,1868,1910,42
18425.jpg,1868,1850,-18
18430.jpg,1868,1850,-18
18450.jpg,1868,1880,12
18455.jpg,1868,1760,-108
18460.jpg,1868,1900,32
18465.jpg,1868,1885,17
18470.jpg,1868,1900,32
18475.jpg,1868,1910,42
18480.jpg,1868,1890,22
18485.jpg,1868,1875,7
18490.jpg,1868,1905,37
18495.jpg,1868,1935,67
18500.jpg,1868,1860,-8
18505.jpg,1868,1895,27
18510.jpg,1868,1885,17
18515.jpg,1868,1850,-18
18520.jpg,1868,1850,-18
18525.jpg,1868,1910,42
18530.jpg,1868,1850,-18
18535.jpg,1868,1820,-48
18540.jpg,1868,1900,32
18545.jpg,1868,1880,12
18550.jpg,1868,1875,7
18555.jpg,1868,1900,32
18560.jpg,1868,1890,22
18565.jpg,1868,1870,2
18570.jpg,1868,1875,7
18575.jpg,1868,1870,2
18580.jpg,1868,1930,62
18585.jpg,1868,1974,106
18590.jpg,1868,1910,42
18595.jpg,1868,1920,52
18600.jpg,1868,1890,22
18605.jpg,1868,1880,12
18610.jpg,1868,1900,32
18615.jpg,1868,1880,12
18620.jpg,1869,1900,31
18625.jpg,1869,1868,-1
18630.jpg,1869,1885,16
18635.jpg,1869,1890,21
18640.jpg,1869,1900,31
18645.jpg,1869,1930,61
18650.jpg,1869,1850,-19
18655.jpg,1869,1820,-49
18660.jpg,1869,1920,51
18665.jpg,1869,1905,36
18670.jpg,1869,1910,41
18675.jpg,1869,1920,51
18680.jpg,1869,1890,21
18685.jpg,1869,1895,26
18690.jpg,1869,1875,6
18695.jpg,1869,1890,21
18700.jpg,1869,1885,16
18710.jpg,1869,1910,41
18715.jpg,1869,1870,1
18720.jpg,1869,1890,21
18725.jpg,1869,1905,36
18730.jpg,1869,1885,16
18735.jpg,1869,1890,21
18740.jpg,1869,1890,21
18745.jpg,1869,1901,32
18750.jpg,1869,1900,31
18755.jpg,1869,1850,-19
18760.jpg,1869,1875,6
18765.jpg,1869,1755,-114
18770.jpg,1869,1890,21
18775.jpg,1869,1885,16
18780.jpg,1869,1950,81
18785.jpg,1869,1880,11
18790.jpg,1869,1890,21
18795.jpg,1869,1905,36
18800.jpg,1869,1745,-124
18805.jpg,1869,1850,-19
18810.jpg,1869,1885,16
18815.jpg,1869,1905,36
18820.jpg,1869,1955,86
18825.jpg,1869,1890,21
18830.jpg,1869,1905,36
18835.jpg,1869,1930,61
18840.jpg,1870,1850,-20
18845.jpg,1870,1850,-20
18850.jpg,1870,1901,31
18855.jpg,1870,1920,50
18860.jpg,1870,1905,35
18865.jpg,1870,-1,-1871
18870.jpg,1870,1910,40
18875.jpg,1870,1925,55
18880.jpg,1870,1900,30
18885.jpg,1870,1850,-20
18895.jpg,1870,1850,-20
18900.jpg,1870,1930,60
18905.jpg,1870,1850,-20
18910.jpg,1870,1940,70
18915.jpg,1870,1875,5
18920.jpg,1870,1900,30
18925.jpg,1870,1900,30
18930.jpg,1870,1940,70
18935.jpg,1870,1910,40
18940.jpg,1870,1895,25
18945.jpg,1870,1985,115
18950.jpg,1870,1850,-20
18955.jpg,1870,1875,5
18960.jpg,1870,1895,25
18965.jpg,1870,-1,-1871
18970.jpg,1870,1810,-60
18980.jpg,1870,1900,30
18985.jpg,1870,1895,25
18990.jpg,1870,1900,30
18995.jpg,1870,1890,20
19000.jpg,1870,1950,80
19005.jpg,1870,1810,-60
19010.jpg,1870,1850,-20
19015.jpg,1870,1920,50
19020.jpg,1870,1590,-280
19025.jpg,1870,1890,20
19030.jpg,1870,1950,80
19035.jpg,1870,1875,5
19040.jpg,1870,1850,-20
19045.jpg,1870,1920,50
19050.jpg,1870,1895,25
19055.jpg,1870,1895,25
19060.jpg,1870,1905,35
19065.jpg,1870,1920,50
19070.jpg,1870,1905,35
19075.jpg,1870,1905,35
19080.jpg,1870,1910,40
19085.jpg,1870,1890,20
19090.jpg,1870,1990,120
19100.jpg,1870,1960,90
19105.jpg,1870,1880,10
19110.jpg,1870,1950,80
19115.jpg,1870,1895,25
19120.jpg,1870,1910,40
19125.jpg,1870,1920,50
19130.jpg,1870,1850,-20
19135.jpg,1870,1830,-40
19140.jpg,1870,1880,10
19145.jpg,1871,1750,-121
19150.jpg,1871,1910,39
19155.jpg,1871,1950,79
19160.jpg,1871,1895,24
19165.jpg,1871,1910,39
19170.jpg,1871,1904,33
19175.jpg,1871,1920,49
19180.jpg,1871,1890,19
19185.jpg,1871,1905,34
19190.jpg,1871,1905,34
19195.jpg,1871,1850,-21
19200.jpg,1871,1860,-11
19205.jpg,1871,1970,99
19210.jpg,1871,1930,59
19215.jpg,1871,1950,79
19220.jpg,1871,1930,59
19225.jpg,1871,1900,29
19230.jpg,1871,1885,14
19235.jpg,1871,1905,34
19240.jpg,1871,1980,109
19245.jpg,1871,1890,19
19250.jpg,1871,1900,29
19255.jpg,1871,1905,34
19260.jpg,1871,1935,64
19265.jpg,1871,1900,29
19270.jpg,1871,1895,24
19275.jpg,1871,1890,19
19280.jpg,1871,1905,34
19285.jpg,1871,1930,59
19290.jpg,1871,1840,-31
19295.jpg,1871,1905,34
19300.jpg,1871,1900,29
19305.jpg,1871,2005,134
19310.jpg,1871,1900,29
19315.jpg,1871,1905,34
19320.jpg,1871,1885,14
19325.jpg,1871,1890,19
19330.jpg,1871,1895,24
19335.jpg,1871,1895,24
19340.jpg,1871,1890,19
19345.jpg,1871,1880,9
19350.jpg,1871,1850,-21
19355.jpg,1871,1890,19
19360.jpg,1871,1890,19
19365.jpg,1871,1900,29
19370.jpg,1871,1900,29
19375.jpg,1871,1885,14
19380.jpg,1871,1890,19
19385.jpg,1871,1895,24
19390.jpg,1871,1885,14
19395.jpg,1872,1750,-122
19400.jpg,1872,1905,33
19405.jpg,1872,1890,18
19410.jpg,1872,1860,-12
19415.jpg,1872,1880,8
19420.jpg,1872,1900,28
19425.jpg,1872,1930,58
19430.jpg,1872,1920,48
19435.jpg,1872,1900,28
19440.jpg,1872,1890,18
19445.jpg,1872,1910,38
19450.jpg,1872,1880,8
19455.jpg,1872,1890,18
19460.jpg,1872,1910,38
19465.jpg,1872,1895,23
19470.jpg,1872,1830,-42
19475.jpg,1872,1875,3
19480.jpg,1872,1950,78
19485.jpg,1872,1960,88
19490.jpg,1872,1872,0
19495.jpg,1872,1910,38
19500.jpg,1872,1885,13
19505.jpg,1872,1880,8
19510.jpg,1872,1890,18
19515.jpg,1872,1851,-21
19520.jpg,1872,1920,48
19525.jpg,1872,1900,28
19530.jpg,1872,1875,3
19535.jpg,1872,1890,18
19540.jpg,1872,1950,78
19545.jpg,1872,1900,28
19550.jpg,1872,1890,18
19555.jpg,1872,1900,28
19560.jpg,1872,1890,18
19565.jpg,1872,1750,-122
19570.jpg,1872,1905,33
19575.jpg,1872,1800,-72
19580.jpg,1872,1895,23
19585.jpg,1872,1900,28
19590.jpg,1872,1900,28
19595.jpg,1872,1950,78
19600.jpg,1872,1830,-42
19605.jpg,1872,1885,13
19610.jpg,1872,1890,18
19615.jpg,1872,1870,-2
19620.jpg,1872,1900,28
19625.jpg,1872,1885,13
19630.jpg,1872,1935,63
19635.jpg,1872,1905,33
19640.jpg,1872,1910,38
19645.jpg,1872,1890,18
19655.jpg,1873,1800,-73
19660.jpg,1873,1900,27
19665.jpg,1873,1930,57
19670.jpg,1873,1865,-8
19675.jpg,1873,1900,27
19680.jpg,1873,1850,-23
19685.jpg,1873,1920,47
19690.jpg,1873,1967,94
19695.jpg,1873,1910,37
19700.jpg,1873,1840,-33
19705.jpg,1873,1928,55
19710.jpg,1873,1920,47
19715.jpg,1873,1900,27
19720.jpg,1873,1900,27
19725.jpg,1873,1920,47
19730.jpg,1873,1910,37
19735.jpg,1873,1915,42
19740.jpg,1873,2010,137
19745.jpg,1873,1860,-13
19750.jpg,1873,1895,22
19755.jpg,1873,1905,32
19760.jpg,1873,1890,17
19765.jpg,1873,1900,27
19775.jpg,1873,1888,15
19780.jpg,1873,1890,17
19785.jpg,1873,1890,17
19790.jpg,1873,1905,32
19795.jpg,1873,1890,17
19800.jpg,1873,1890,17
19805.jpg,1873,1890,17
19810.jpg,1873,1885,12
19815.jpg,1873,1880,7
19820.jpg,1873,1895,22
19825.jpg,1873,1900,27
19830.jpg,1873,1880,7
19835.jpg,1873,1800,-73
19840.jpg,1873,1950,77
19845.jpg,1873,1985,112
19850.jpg,1873,1890,17
19855.jpg,1873,1890,17
19860.jpg,1873,1910,37
19865.jpg,1873,1905,32
19870.jpg,1873,1885,12
19875.jpg,1873,1908,35
19880.jpg,1873,1900,27
19885.jpg,1873,1905,32
19890.jpg,1873,1890,17
19895.jpg,1873,1945,72
19900.jpg,1873,1910,37
19905.jpg,1873,1807,-66
19910.jpg,1873,1950,77
19915.jpg,1874,1903,29
19920.jpg,1874,1900,26
19925.jpg,1874,1875,1
19930.jpg,1874,1920,46
19935.jpg,1874,1910,36
19945.jpg,1874,1895,21
19950.jpg,1874,1910,36
19955.jpg,1874,1905,31
19965.jpg,1874,1910,36
19970.jpg,1874,1909,35
19975.jpg,1874,1865,-9
19980.jpg,1874,1905,31
19985.jpg,1874,1900,26
19990.jpg,1874,1954,80
19995.jpg,1874,1875,1
20000.jpg,1874,1960,86
20005.jpg,1874,1950,76
20010.jpg,1874,1950,76
20015.jpg,1874,1850,-24
20020.jpg,1874,1905,31
20025.jpg,1874,1880,6
20030.jpg,1874,1855,-19
20035.jpg,1874,1930,56
20040.jpg,1874,1880,6
20045.jpg,1874,1920,46
20050.jpg,1874,1910,36
20055.jpg,1874,1905,31
20060.jpg,1874,1895,21
20065.jpg,1874,1880,6
20070.jpg,1874,1900,26
20075.jpg,1874,1910,36
20080.jpg,1874,1750,-124
20085.jpg,1874,1885,11
20090.jpg,1874,1820,-54
20095.jpg,1874,1900,26
20100.jpg,1874,1885,11
20110.jpg,1874,1890,16
20115.jpg,1874,1875,1
20120.jpg,1874,1900,26
20125.jpg,1874,1920,46
20130.jpg,1874,1400,-474
20135.jpg,1874,-1,-1875
20145.jpg,1874,1950,76
20150.jpg,1874,1890,16
20155.jpg,1874,1915,41
20160.jpg,1874,1910,36
20165.jpg,1874,1895,21
20170.jpg,1874,1890,16
20175.jpg,1874,1905,31
20180.jpg,1874,1900,26
20185.jpg,1874,1905,31
20190.jpg,1874,1900,26
20195.jpg,1874,1910,36
20205.jpg,1874,1850,-24
20210.jpg,1875,1900,25
20215.jpg,1875,1910,35
20220.jpg,1875,1840,-35
20230.jpg,1875,1920,45
20235.jpg,1875,1875,0
20240.jpg,1875,1850,-25
20245.jpg,1875,1930,55
20250.jpg,1875,1900,25
20255.jpg,1875,1920,45
20260.jpg,1875,1886,11
20265.jpg,1875,1870,-5
20270.jpg,1875,1895,20
20275.jpg,1875,1885,10
20280.jpg,1875,1890,15
20285.jpg,1875,1900,25
20295.jpg,1875,1900,25
20300.jpg,1875,1890,15
20305.jpg,1875,1860,-15
20310.jpg,1875,1900,25
20315.jpg,1875,1900,25
20320.jpg,1875,1900,25
20325.jpg,1875,1850,-25
20330.jpg,1875,1880,5
20335.jpg,1875,1875,0
20340.jpg,1875,1900,25
20345.jpg,1875,1890,15
20350.jpg,1875,1900,25
20355.jpg,1875,1905,30
20360.jpg,1875,1890,15
20365.jpg,1875,1895,20
20370.jpg,1875,1860,-15
20375.jpg,1875,1860,-15
20380.jpg,1875,1875,0
20385.jpg,1875,1850,-25
20390.jpg,1875,1885,10
20395.jpg,1875,1870,-5
20400.jpg,1875,1890,15
20405.jpg,1875,1905,30
20410.jpg,1875,1940,65
20415.jpg,1875,1850,-25
20420.jpg,1875,1875,0
20425.jpg,1875,1880,5
20430.jpg,1875,1940,65
20435.jpg,1875,1380,-495
20440.jpg,1875,1930,55
20445.jpg,1875,1850,-25
20450.jpg,1875,1875,0
20455.jpg,1875,1850,-25
20460.jpg,1875,1930,55
20465.jpg,1875,1890,15
20470.jpg,1875,1820,-55
20480.jpg,1875,1920,45
20485.jpg,1875,1930,55
20490.jpg,1875,1850,-25
20495.jpg,1875,1900,25
20500.jpg,1876,1900,24
20505.jpg,1876,1930,54
20510.jpg,1876,1890,14
20515.jpg,1876,1850,-26
20520.jpg,1876,1900,24
20525.jpg,1876,1869,-7
20530.jpg,1876,1910,34
20540.jpg,1876,2020,144
20545.jpg,1876,1895,19
20550.jpg,1876,1870,-6
20555.jpg,1876,1920,44
20560.jpg,1876,1550,-326
20565.jpg,1876,1840,-36
20570.jpg,1876,1875,-1
20575.jpg,1876,1907,31
20580.jpg,1876,1900,24
20585.jpg,1876,1910,34
20590.jpg,1876,1850,-26
20595.jpg,1876,1900,24
20600.jpg,1876,1895,19
20605.jpg,1876,1890,14
20610.jpg,1876,1900,24
20615.jpg,1876,1885,9
20620.jpg,1876,1875,-1
20625.jpg,1876,1920,44
20630.jpg,1876,1930,54
20635.jpg,1876,1905,29
20640.jpg,1876,1960,84
20645.jpg,1876,1885,9
20650.jpg,1876,1900,24
20655.jpg,1876,1890,14
20660.jpg,1876,1905,29
20665.jpg,1876,1890,14
20670.jpg,1876,1905,29
20675.jpg,1876,1780,-96
20680.jpg,1876,1900,24
20685.jpg,1876,1890,14
20690.jpg,1876,1890,14
20695.jpg,1876,1895,19
20700.jpg,1876,1903,27
20705.jpg,1876,1900,24
20715.jpg,1876,1900,24
20720.jpg,1876,1860,-16
20725.jpg,1876,1900,24
20730.jpg,1877,1900,23
20735.jpg,1877,-1,-1878
20740.jpg,1877,1905,28
20745.jpg,1877,1900,23
20750.jpg,1877,1942,65
20755.jpg,1877,1925,48
20760.jpg,1877,1948,71
20765.jpg,1877,1775,-102
20770.jpg,1877,1930,53
20775.jpg,1877,1895,18
20780.jpg,1877,1350,-527
20785.jpg,1877,1924,47
20790.jpg,1877,1850,-27
20795.jpg,1877,1907,30
20800.jpg,1877,1900,23
20805.jpg,1877,1950,73
20810.jpg,1877,1920,43
20815.jpg,1877,1920,43
20820.jpg,1877,1895,18
20830.jpg,1877,1895,18
20835.jpg,1877,1885,8
20840.jpg,1877,1885,8
20845.jpg,1877,1815,-62
20850.jpg,1877,1895,18
20855.jpg,1877,1960,83
20860.jpg,1877,1560,-317
20865.jpg,1877,1920,43
20870.jpg,1877,1890,13
20875.jpg,1877,1900,23
20880.jpg,1877,1905,28
20885.jpg,1877,1895,18
20890.jpg,1877,1840,-37
20895.jpg,1877,1830,-47
20900.jpg,1877,1905,28
20905.jpg,1877,1890,13
20910.jpg,1877,1901,24
20915.jpg,1877,1900,23
20925.jpg,1878,1905,27
20930.jpg,1878,1905,27
20935.jpg,1878,1910,32
20940.jpg,1878,1900,22
20945.jpg,1878,1930,52
20950.jpg,1878,1905,27
20955.jpg,1878,1900,22
20960.jpg,1878,1985,107
20965.jpg,1878,1975,97
20970.jpg,1878,1930,52
20975.jpg,1878,1920,42
20980.jpg,1878,1905,27
20985.jpg,1878,1900,22
20990.jpg,1878,1900,22
20995.jpg,1878,1880,2
21000.jpg,1878,1905,27
21005.jpg,1878,1875,-3
21010.jpg,1878,1870,-8
21015.jpg,1878,1890,12
21020.jpg,1878,1905,27
21025.jpg,1878,1890,12
21030.jpg,1878,1905,27
21035.jpg,1878,1850,-28
21040.jpg,1878,1875,-3
21045.jpg,1878,1850,-28
21050.jpg,1878,1890,12
21055.jpg,1878,1800,-78
21060.jpg,1878,1750,-128
21065.jpg,1878,1920,42
21070.jpg,1878,1900,22
21075.jpg,1878,1880,2
21080.jpg,1878,1895,17
21085.jpg,1878,1900,22
21090.jpg,1878,2000,122
21095.jpg,1878,1890,12
21100.jpg,1878,1890,12
21105.jpg,1878,1900,22
21110.jpg,1878,1900,22
21115.jpg,1878,1895,17
21120.jpg,1878,1910,32
21125.jpg,1878,2015,137
21130.jpg,1878,1910,32
21135.jpg,1878,1900,22
21140.jpg,1878,1890,12
21145.jpg,1878,1895,17
21150.jpg,1878,1900,22
21155.jpg,1878,1920,42
21160.jpg,1879,1965,86
21165.jpg,1879,1910,31
21170.jpg,1879,1880,1
21175.jpg,1879,1900,21
21180.jpg,1879,1890,11
21185.jpg,1879,1900,21
21190.jpg,1879,1900,21
21195.jpg,1879,1870,-9
21200.jpg,1879,1887,8
21205.jpg,1879,1920,41
21210.jpg,1879,1893,14
21215.jpg,1879,1895,16
21220.jpg,1879,1885,6
21225.jpg,1879,1900,21
21230.jpg,1879,1895,16
21235.jpg,1879,1865,-14
21240.jpg,1879,1910,31
21245.jpg,1879,1900,21
21250.jpg,1879,1900,21
21255.jpg,1879,1885,6
21260.jpg,1879,1895,16
21265.jpg,1879,1895,16
21270.jpg,1879,1905,26
21275.jpg,1879,1900,21
21280.jpg,1879,1860,-19
21285.jpg,1879,1910,31
21290.jpg,1879,1895,16
21295.jpg,1879,1985,106
21300.jpg,1879,1890,11
21305.jpg,1879,1875,-4
21310.jpg,1879,1870,-9
21315.jpg,1879,1890,11
21320.jpg,1879,1890,11
21325.jpg,1879,1890,11
21330.jpg,1879,1920,41
21335.jpg,1879,1900,21
21340.jpg,1879,1920,41
21350.jpg,1879,1885,6
21355.jpg,1879,1890,11
21360.jpg,1879,1885,6
21365.jpg,1879,1920,41
21370.jpg,1879,1885,6
21375.jpg,1880,1850,-30
21380.jpg,1880,1885,5
21385.jpg,1880,1900,20
21390.jpg,1880,1930,50
21395.jpg,1880,1905,25
21400.jpg,1880,1895,15
21405.jpg,1880,1905,25
21410.jpg,1880,1900,20
21415.jpg,1880,1910,30
21420.jpg,1880,1905,25
21425.jpg,1880,1885,5
21430.jpg,1880,1830,-50
21435.jpg,1880,1910,30
21440.jpg,1880,1895,15
21445.jpg,1880,1890,10
21450.jpg,1880,1870,-10
21455.jpg,1880,1910,30
21460.jpg,1880,1900,20
21465.jpg,1880,1900,20
21470.jpg,1880,1855,-25
21475.jpg,1880,1870,-10
21480.jpg,1880,1930,50
21485.jpg,1880,1900,20
21490.jpg,1880,1895,15
21495.jpg,1880,1895,15
21500.jpg,1880,1895,15
21505.jpg,1880,1905,25
21510.jpg,1880,1910,30
21515.jpg,1880,1855,-25
21520.jpg,1880,1850,-30
21530.jpg,1880,1990,110
21535.jpg,1880,1875,-5
21540.jpg,1880,1920,40
21545.jpg,1880,1890,10
21550.jpg,1880,1905,25
21555.jpg,1880,1895,15
21560.jpg,1880,1930,50
21565.jpg,1880,1850,-30
21570.jpg,1880,1920,40
21575.jpg,1880,1930,50
21580.jpg,1880,1895,15
21585.jpg,1880,1890,10
21590.jpg,1880,1955,75
21595.jpg,1880,1895,15
21600.jpg,1880,1950,70
21605.jpg,1880,1900,20
21610.jpg,1880,1890,10
21615.jpg,1880,1890,10
21620.jpg,1880,1880,0
21625.jpg,1880,1890,10
21630.jpg,1880,1870,-10
21635.jpg,1880,1815,-65
21640.jpg,1880,1895,15
21645.jpg,1880,1955,75
21650.jpg,1880,1930,50
21655.jpg,1880,1900,20
21660.jpg,1880,1880,0
21665.jpg,1880,1793,-87
21670.jpg,1880,1880,0
21675.jpg,1880,1900,20
21680.jpg,1880,1910,30
21685.jpg,1880,1800,-80
21690.jpg,1880,1905,25
21695.jpg,1880,1910,30
21700.jpg,1880,1905,25
21705.jpg,1880,1810,-70
21710.jpg,1881,1925,44
21715.jpg,1881,1900,19
21720.jpg,1881,1925,44
21725.jpg,1881,1820,-61
21730.jpg,1881,1905,24
21735.jpg,1881,1920,39
21740.jpg,1881,1880,-1
21745.jpg,1881,1910,29
21750.jpg,1881,1905,24
21755.jpg,1881,1925,44
21760.jpg,1881,1850,-31
21770.jpg,1881,1885,4
21775.jpg,1881,1792,-89
21780.jpg,1881,1890,9
21785.jpg,1881,1920,39
21790.jpg,1881,1890,9
21795.jpg,1881,1895,14
21800.jpg,1881,1910,29
21805.jpg,1881,1480,-401
21810.jpg,1881,1910,29
21815.jpg,1881,1875,-6
21820.jpg,1881,1870,-11
21825.jpg,1881,1885,4
21830.jpg,1881,1900,19
21835.jpg,1881,1890,9
21840.jpg,1881,1900,19
21845.jpg,1881,1955,74
21850.jpg,1881,1910,29
21855.jpg,1881,1905,24
21860.jpg,1881,1890,9
21865.jpg,1881,1900,19
21870.jpg,1881,1850,-31
21875.jpg,1881,1890,9
21880.jpg,1881,1890,9
21885.jpg,1881,1875,-6
21890.jpg,1881,1920,39
21895.jpg,1881,1901,20
21900.jpg,1881,1901,20
21905.jpg,1881,1925,44
21910.jpg,1881,1890,9
21915.jpg,1881,1860,-21
21920.jpg,1881,1910,29
21925.jpg,1881,1925,44
21930.jpg,1881,1890,9
21940.jpg,1881,1900,19
21945.jpg,1882,1800,-82
21950.jpg,1882,1910,28
21955.jpg,1882,1900,18
21960.jpg,1882,1650,-232
21965.jpg,1882,1920,38
21970.jpg,1882,1920,38
21975.jpg,1882,1885,3
21980.jpg,1882,1920,38
21985.jpg,1882,1860,-22
21990.jpg,1882,1895,13
21995.jpg,1882,1890,8
22000.jpg,1882,1880,-2
22005.jpg,1882,1850,-32
22010.jpg,1882,1860,-22
22015.jpg,1882,1950,68
22020.jpg,1882,1950,68
22025.jpg,1882,1905,23
22030.jpg,1882,1850,-32
22035.jpg,1882,1850,-32
22040.jpg,1882,1900,18
22045.jpg,1882,1905,23
22050.jpg,1882,1920,38
22055.jpg,1882,1910,28
22060.jpg,1882,-1,-1883
22065.jpg,1882,1860,-22
22070.jpg,1882,1920,38
22075.jpg,1882,1910,28
22080.jpg,1882,1895,13
22085.jpg,1882,1890,8
22090.jpg,1882,1885,3
22095.jpg,1882,1900,18
22100.jpg,1882,1925,43
22105.jpg,1882,1890,8
22110.jpg,1882,1905,23
22115.jpg,1882,1890,8
22120.jpg,1882,1895,13
22125.jpg,1882,1875,-7
22130.jpg,1882,1890,8
22135.jpg,1882,1875,-7
22140.jpg,1882,1575,-307
22145.jpg,1882,1990,108
22150.jpg,1882,1950,68
22155.jpg,1882,2005,123
22160.jpg,1882,1905,23
22165.jpg,1882,1910,28
22170.jpg,1882,1860,-22
22175.jpg,1882,1900,18
22180.jpg,1882,1905,23
22185.jpg,1882,1840,-42
22190.jpg,1882,1950,68
22195.jpg,1882,1912,30
22200.jpg,1882,1920,38
22205.jpg,1882,1875,-7
22210.jpg,1882,1890,8
22215.jpg,1883,1850,-33
22220.jpg,1883,1890,7
22225.jpg,1883,1923,40
22230.jpg,1883,1905,22
22235.jpg,1883,1910,27
22240.jpg,1883,1850,-33
22245.jpg,1883,1910,27
22250.jpg,1883,1885,2
22255.jpg,1883,1830,-53
22260.jpg,1883,1900,17
22265.jpg,1883,1895,12
22270.jpg,1883,1955,72
22275.jpg,1883,1900,17
22280.jpg,1883,1650,-233
22285.jpg,1883,1806,-77
22290.jpg,1883,1750,-133
22295.jpg,1883,1925,42
22300.jpg,1883,1970,87
22305.jpg,1883,1900,17
22310.jpg,1883,1850,-33
22315.jpg,1883,1885,2
22320.jpg,1883,1900,17
22325.jpg,1883,1890,7
22330.jpg,1883,1890,7
22335.jpg,1883,1905,22
22340.jpg,1883,1890,7
22345.jpg,1883,1885,2
22350.jpg,1883,1850,-33
22355.jpg,1883,1905,22
22360.jpg,1883,1900,17
22365.jpg,1883,1890,7
22370.jpg,1883,1905,22
22375.jpg,1883,1890,7
22380.jpg,1883,1885,2
22385.jpg,1883,1920,37
22390.jpg,1883,1930,47
22395.jpg,1883,1910,27
22400.jpg,1883,1890,7
22405.jpg,1883,1890,7
22410.jpg,1883,1900,17
22415.jpg,1883,1855,-28
22420.jpg,1883,1930,47
22425.jpg,1883,1900,17
22430.jpg,1883,1905,22
22435.jpg,1883,1890,7
22440.jpg,1883,1885,2
22445.jpg,1883,1890,7
22450.jpg,1883,1920,37
22455.jpg,1883,1860,-23
22460.jpg,1883,1915,32
22465.jpg,1883,1905,22
22470.jpg,1883,1890,7
22475.jpg,1883,1900,17
22485.jpg,1883,1915,32
22490.jpg,1883,1905,22
22495.jpg,1883,1895,12
22500.jpg,1883,1900,17
22505.jpg,1883,1890,7
22510.jpg,1884,1900,16
22515.jpg,1884,1869,-15
22520.jpg,1884,1910,26
22525.jpg,1884,1910,26
22530.jpg,1884,1900,16
22535.jpg,1884,1885,1
22540.jpg,1884,1880,-4
22545.jpg,1884,1890,6
22550.jpg,1884,1925,41
22555.jpg,1884,1900,16
22560.jpg,1884,1850,-34
22565.jpg,1884,1870,-14
22570.jpg,1884,1910,26
22575.jpg,1884,1900,16
22580.jpg,1884,1940,56
22585.jpg,1884,1900,16
22590.jpg,1884,1905,21
22595.jpg,1884,1895,11
22600.jpg,1884,1885,1
22605.jpg,1884,1905,21
22610.jpg,1884,1890,6
22615.jpg,1884,1895,11
22620.jpg,1884,-1,-1885
22625.jpg,1884,1905,21
22630.jpg,1884,1875,-9
22635.jpg,1884,1895,11
22640.jpg,1884,1890,6
22645.jpg,1884,1910,26
22650.jpg,1884,1890,6
22655.jpg,1884,1900,16
22665.jpg,1884,1930,46
22670.jpg,1884,1870,-14
22675.jpg,1884,1900,16
22680.jpg,1884,2000,116
22685.jpg,1884,1885,1
22690.jpg,1884,1895,11
22695.jpg,1884,1900,16
22700.jpg,1884,1885,1
22705.jpg,1884,1910,26
22710.jpg,1884,1930,46
22715.jpg,1884,1895,11
22720.jpg,1884,1900,16
22730.jpg,1884,1910,26
22735.jpg,1884,1890,6
22740.jpg,1884,2000,116
22745.jpg,1884,1885,1
22750.jpg,1884,1900,16
22755.jpg,1884,1700,-184
22760.jpg,1884,1905,21
22765.jpg,1884,1920,36
22770.jpg,1884,1900,16
22775.jpg,1884,1910,26
22780.jpg,1885,1885,0
22785.jpg,1885,1920,35
22790.jpg,1885,1910,25
22795.jpg,1885,1900,15
22800.jpg,1885,1850,-35
22805.jpg,1885,1890,5
22810.jpg,1885,1900,15
22815.jpg,1885,1905,20
22820.jpg,1885,1895,10
22825.jpg,1885,1930,45
22830.jpg,1885,1850,-35
22835.jpg,1885,1940,55
22840.jpg,1885,1850,-35
22850.jpg,1885,1958,73
22855.jpg,1885,1913,28
22860.jpg,1885,1895,10
22865.jpg,1885,1850,-35
22870.jpg,1885,1905,20
22875.jpg,1885,1900,15
22880.jpg,1885,1905,20
22885.jpg,1885,1910,25
22890.jpg,1885,1955,70
22895.jpg,1885,1900,15
22900.jpg,1885,1890,5
22905.jpg,1885,1885,0
22910.jpg,1885,1850,-35
22915.jpg,1885,1895,10
22920.jpg,1885,1906,21
22925.jpg,1885,1885,0
22930.jpg,1885,-1,-1886
22935.jpg,1885,1890,5
22940.jpg,1885,1905,20
22945.jpg,1885,1885,0
22950.jpg,1885,1900,15
22955.jpg,1885,1895,10
22960.jpg,1885,1920,35
22965.jpg,1885,1905,20
22970.jpg,1885,1885,0
22975.jpg,1885,1900,15
22980.jpg,1885,1965,80
22985.jpg,1885,1800,-85
22990.jpg,1885,1955,70
22995.jpg,1885,1890,5
23000.jpg,1885,1850,-35
23005.jpg,1885,1900,15
23015.jpg,1885,1820,-65
23020.jpg,1885,1905,20
23025.jpg,1885,1905,20
23030.jpg,1885,1960,75
23035.jpg,1885,1905,20
23040.jpg,1885,1890,5
23045.jpg,1885,1860,-25
23050.jpg,1885,1955,70
23055.jpg,1885,1905,20
23060.jpg,1885,1890,5
23065.jpg,1885,1905,20
23070.jpg,1885,1910,25
23075.jpg,1885,1908,23
23080.jpg,1885,1910,25
23085.jpg,1886,1945,59
23090.jpg,1886,1908,22
23095.jpg,1886,1940,54
23100.jpg,1886,1900,14
23105.jpg,1886,1906,20
23110.jpg,1886,1550,-336
23115.jpg,1886,1900,14
23120.jpg,1886,1870,-16
23125.jpg,1886,1930,44
23130.jpg,1886,1930,44
23135.jpg,1886,1975,89
23140.jpg,1886,1980,94
23145.jpg,1886,1900,14
23150.jpg,1886,1900,14
23155.jpg,1886,1900,14
23160.jpg,1886,1885,-1
23165.jpg,1886,2000,114
23170.jpg,1886,1880,-6
23175.jpg,1886,1930,44
23180.jpg,1886,1890,4
23185.jpg,1886,1900,14
23190.jpg,1886,1890,4
23195.jpg,1886,1910,24
23200.jpg,1886,1900,14
23205.jpg,1886,1885,-1
23210.jpg,1886,1910,24
23215.jpg,1886,1885,-1
23220.jpg,1886,1895,9
23225.jpg,1886,1885,-1
23230.jpg,1886,1880,-6
23235.jpg,1886,1900,14
23240.jpg,1886,1900,14
23245.jpg,1886,1900,14
23250.jpg,1886,1950,64
23255.jpg,1886,1820,-66
23260.jpg,1886,1905,19
23265.jpg,1886,1925,39
23275.jpg,1886,1935,49
23280.jpg,1886,1910,24
23285.jpg,1886,1900,14
23290.jpg,1886,2000,114
23295.jpg,1886,1905,19
23300.jpg,1886,1905,19
23305.jpg,1886,1800,-86
23310.jpg,1886,1920,34
23315.jpg,1886,1900,14
23320.jpg,1886,1905,19
23325.jpg,1886,1900,14
23330.jpg,1886,1900,14
23335.jpg,1886,1850,-36
23340.jpg,1886,1905,19
23345.jpg,1886,1900,14
23350.jpg,1886,1895,9
23355.jpg,1886,1900,14
23365.jpg,1886,1930,44
23370.jpg,1886,1900,14
23375.jpg,1887,1940,53
23380.jpg,1887,1935,48
23385.jpg,1887,1950,63
23390.jpg,1887,1905,18
23395.jpg,1887,1890,3
23400.jpg,1887,1890,3
23410.jpg,1887,1890,3
23415.jpg,1887,1905,18
23420.jpg,1887,1905,18
23425.jpg,1887,1910,23
23430.jpg,1887,1900,13
23440.jpg,1887,1870,-17
23445.jpg,1887,1930,43
23450.jpg,1887,1855,-32
23460.jpg,1887,1905,18
23465.jpg,1887,1800,-87
23470.jpg,1887,1935,48
23475.jpg,1887,1985,98
23480.jpg,1887,1890,3
23485.jpg,1887,1895,8
23490.jpg,1887,1860,-27
23495.jpg,1887,1905,18
23500.jpg,1887,1910,23
23505.jpg,1887,1910,23
23510.jpg,1887,1890,3
23515.jpg,1887,1900,13
23520.jpg,1887,1890,3
23525.jpg,1887,1905,18
23535.jpg,1887,1910,23
23540.jpg,1887,1900,13
23545.jpg,1887,1900,13
23550.jpg,1887,1900,13
23555.jpg,1887,1920,33
23560.jpg,1887,1905,18
23565.jpg,1887,1900,13
23570.jpg,1887,1900,13
23575.jpg,1887,1900,13
23580.jpg,1887,1890,3
23585.jpg,1887,1890,3
23590.jpg,1887,1970,83
23595.jpg,1887,1875,-12
23600.jpg,1887,1910,23
23605.jpg,1887,1910,23
23610.jpg,1887,1910,23
23615.jpg,1887,1910,23
23620.jpg,1887,1900,13
23625.jpg,1887,1885,-2
23630.jpg,1887,1905,18
23635.jpg,1887,1900,13
23640.jpg,1887,1910,23
23645.jpg,1887,1900,13
23650.jpg,1887,1880,-7
23660.jpg,1887,1900,13
23665.jpg,1887,1900,13
23670.jpg,1887,1900,13
23675.jpg,1887,1885,-2
23680.jpg,1887,1955,68
23690.jpg,1887,1890,3
23695.jpg,1887,1900,13
23700.jpg,1888,1850,-38
23705.jpg,1888,1905,17
23710.jpg,1888,1905,17
23715.jpg,1888,1900,12
23720.jpg,1888,1960,72
23725.jpg,1888,1905,17
23730.jpg,1888,1900,12
23735.jpg,1888,1905,17
23740.jpg,1888,1910,22
23745.jpg,1888,1895,7
23750.jpg,1888,1912,24
23755.jpg,1888,1920,32
23760.jpg,1888,1830,-58
23765.jpg,1888,1920,32
23770.jpg,1888,1930,42
23775.jpg,1888,1905,17
23790.jpg,1888,1905,17
23795.jpg,1888,1895,7
23800.jpg,1888,1875,-13
23805.jpg,1888,1905,17
23810.jpg,1888,1890,2
23815.jpg,1888,1890,2
23820.jpg,1888,1895,7
23825.jpg,1888,1930,42
23830.jpg,1888,1910,22
23835.jpg,1888,-1,-1889
23840.jpg,1888,1885,-3
23850.jpg,1888,1890,2
23855.jpg,1888,1890,2
23860.jpg,1888,1885,-3
23865.jpg,1888,1890,2
23870.jpg,1888,1840,-48
23875.jpg,1888,1905,17
23880.jpg,1888,1890,2
23885.jpg,1888,1890,2
23890.jpg,1888,1910,22
23895.jpg,1888,1905,17
23900.jpg,1888,1910,22
23905.jpg,1888,1895,7
23910.jpg,1888,1920,32
23915.jpg,1888,1909,21
23920.jpg,1888,1895,7
23925.jpg,1888,1900,12
23930.jpg,1888,1820,-68
23935.jpg,1888,1975,87
23940.jpg,1888,1900,12
23945.jpg,1888,1886,-2
23950.jpg,1888,1900,12
23955.jpg,1888,-1,-1889
23960.jpg,1888,1905,17
23965.jpg,1888,1900,12
23970.jpg,1888,1880,-8
23975.jpg,1888,1885,-3
23980.jpg,1888,1890,2
23985.jpg,1888,1910,22
23990.jpg,1888,1888,0
23995.jpg,1888,1900,12
24000.jpg,1888,1885,-3
24005.jpg,1888,1905,17
24010.jpg,1888,1900,12
24015.jpg,1888,1935,47
24020.jpg,1888,1910,22
24025.jpg,1888,1910,22
24030.jpg,1888,1900,12
24035.jpg,1888,1900,12
24040.jpg,1888,1960,72
24050.jpg,1889,1905,16
24055.jpg,1889,1850,-39
24060.jpg,1889,1905,16
24065.jpg,1889,1890,1
24070.jpg,1889,1895,6
24075.jpg,1889,-1,-1890
24080.jpg,1889,1910,21
24085.jpg,1889,1910,21
24090.jpg,1889,1902,13
24095.jpg,1889,1890,1
24105.jpg,1889,1900,11
24110.jpg,1889,1901,12
24115.jpg,1889,1905,16
24120.jpg,1889,1900,11
24125.jpg,1889,1900,11
24130.jpg,1889,1920,31
24135.jpg,1889,1900,11
24140.jpg,1889,1905,16
24145.jpg,1889,1820,-69
24150.jpg,1889,1900,11
24155.jpg,1889,1890,1
24160.jpg,1889,1905,16
24165.jpg,1889,1895,6
24170.jpg,1889,1890,1
24175.jpg,1889,1890,1
24180.jpg,1889,1885,-4
24185.jpg,1889,1890,1
24190.jpg,1889,1900,11
24195.jpg,1889,1900,11
24200.jpg,1889,1900,11
24205.jpg,1889,1900,11
24210.jpg,1889,1900,11
24215.jpg,1889,1901,12
24220.jpg,1889,1900,11
24225.jpg,1889,1890,1
24230.jpg,1889,1890,1
24235.jpg,1889,1902,13
24240.jpg,1889,1895,6
24245.jpg,1889,1925,36
24250.jpg,1889,1890,1
24255.jpg,1889,1885,-4
24260.jpg,1889,1905,16
24265.jpg,1889,1900,11
24270.jpg,1889,1895,6
24275.jpg,1889,1880,-9
24280.jpg,1889,1895,6
24285.jpg,1889,1905,16
24290.jpg,1889,1905,16
24295.jpg,1889,1870,-19
24300.jpg,1889,1900,11
24310.jpg,1889,1895,6
24315.jpg,1889,1890,1
24320.jpg,1889,1850,-39
24330.jpg,1889,1820,-69
24335.jpg,1889,1950,61
24340.jpg,1889,1930,41
24345.jpg,1889,1885,-4
24350.jpg,1889,1900,11
24355.jpg,1889,1905,16
24360.jpg,1889,1995,106
24365.jpg,1889,1910,21
24370.jpg,1889,1900,11
24375.jpg,1889,1890,1
24380.jpg,1889,1920,31
24385.jpg,1889,1905,16
24390.jpg,1889,1900,11
24395.jpg,1890,1750,-140
24400.jpg,1890,1905,15
24405.jpg,1890,1910,20
24410.jpg,1890,1906,16
24415.jpg,1890,1908,18
24420.jpg,1890,1770,-120
24425.jpg,1890,1905,15
24430.jpg,1890,1905,15
24435.jpg,1890,1905,15
24440.jpg,1890,1912,22
24445.jpg,1890,1942,52
24450.jpg,1890,1905,15
24455.jpg,1890,1903,13
24460.jpg,1890,1910,20
24465.jpg,1890,1950,60
24470.jpg,1890,1920,30
24475.jpg,1890,1900,10
24480.jpg,1890,1920,30
24485.jpg,1890,1910,20
24490.jpg,1890,1885,-5
24495.jpg,1890,1840,-50
24500.jpg,1890,1905,15
24505.jpg,1890,1890,0
24510.jpg,1890,1980,90
24515.jpg,1890,1900,10
24520.jpg,1890,1855,-35
24525.jpg,1890,1950,60
24535.jpg,1890,1905,15
24540.jpg,1890,1890,0
24545.jpg,1890,1955,65
24550.jpg,1890,1890,0
24555.jpg,1890,1980,90
24560.jpg,1890,1895,5
24565.jpg,1890,1890,0
24570.jpg,1890,1895,5
24575.jpg,1890,1920,30
24580.jpg,1890,-1,-1891
24585.jpg,1890,1905,15
24590.jpg,1890,1890,0
24595.jpg,1890,1905,15
24600.jpg,1890,1885,-5
24605.jpg,1890,1890,0
24610.jpg,1890,1905,15
24615.jpg,1890,1890,0
24620.jpg,1890,1975,85
24625.jpg,1890,1880,-10
24630.jpg,1890,1890,0
24635.jpg,1890,1890,0
24640.jpg,1890,1880,-10
24645.jpg,1890,1900,10
24650.jpg,1890,1890,0
24655.jpg,1890,1890,0
24660.jpg,1890,1905,15
24665.jpg,1890,1895,5
24670.jpg,1890,1910,20
24675.jpg,1890,1905,15
24680.jpg,1890,1895,5
24685.jpg,1890,1910,20
24690.jpg,1890,1920,30
24695.jpg,1890,1920,30
24700.jpg,1890,1890,0
24705.jpg,1890,1990,100
24710.jpg,1890,1910,20
24715.jpg,1890,1900,10
24720.jpg,1890,1908,18
24725.jpg,1890,1850,-40
24730.jpg,1890,1900,10
24735.jpg,1890,1920,30
24740.jpg,1890,1915,25
24745.jpg,1890,1905,15
24750.jpg,1890,1821,-69
24755.jpg,1890,1920,30
24760.jpg,1890,1900,10
24765.jpg,1890,1900,10
24770.jpg,1890,1915,25
24775.jpg,1891,1850,-41
24780.jpg,1891,1905,14
24785.jpg,1891,1905,14
24790.jpg,1891,1910,19
24795.jpg,1891,1900,9
24800.jpg,1891,1910,19
24805.jpg,1891,1905,14
24810.jpg,1891,2000,109
24815.jpg,1891,1930,39
24820.jpg,1891,1905,14
24825.jpg,1891,1900,9
24830.jpg,1891,1910,19
24835.jpg,1891,1910,19
24840.jpg,1891,1905,14
24845.jpg,1891,1905,14
24850.jpg,1891,1950,59
24855.jpg,1891,1985,94
24860.jpg,1891,1870,-21
24865.jpg,1891,1885,-6
24870.jpg,1891,1885,-6
24875.jpg,1891,1900,9
24880.jpg,1891,1930,39
24885.jpg,1891,1890,-1
24890.jpg,1891,1895,4
24895.jpg,1891,1895,4
24900.jpg,1891,1905,14
24905.jpg,1891,1910,19
24910.jpg,1891,1905,14
24915.jpg,1891,1890,-1
24920.jpg,1891,1965,74
24925.jpg,1891,1895,4
24930.jpg,1891,1850,-41
24935.jpg,1891,1890,-1
24940.jpg,1891,1900,9
24945.jpg,1891,1876,-15
24950.jpg,1891,-1,-1892
24955.jpg,1891,1920,29
24960.jpg,1891,1890,-1
24965.jpg,1891,1960,69
24970.jpg,1891,1875,-16
24975.jpg,1891,1890,-1
24980.jpg,1891,1900,9
24985.jpg,1891,1890,-1
24990.jpg,1891,1890,-1
24995.jpg,1891,1885,-6
25000.jpg,1891,-1,-1892
25005.jpg,1891,1910,19
25010.jpg,1891,1895,4
25015.jpg,1891,1895,4
25020.jpg,1891,1870,-21
25025.jpg,1891,1900,9
25030.jpg,1891,1900,9
25035.jpg,1891,1250,-641
25040.jpg,1891,1901,10
25045.jpg,1891,1910,19
25050.jpg,1891,1910,19
25055.jpg,1891,1920,29
25060.jpg,1891,1925,34
25065.jpg,1891,1915,24
25070.jpg,1891,1905,14
25075.jpg,1891,1890,-1
25080.jpg,1891,1910,19
25085.jpg,1891,1890,-1
25090.jpg,1891,1900,9
25095.jpg,1892,1905,13
25100.jpg,1892,1995,103
25105.jpg,1892,2010,118
25115.jpg,1892,1930,38
25120.jpg,1892,1880,-12
25125.jpg,1892,1900,8
25130.jpg,1892,1900,8
25135.jpg,1892,1905,13
25140.jpg,1892,1880,-12
25145.jpg,1892,1900,8
25150.jpg,1892,1922,30
25155.jpg,1892,1901,9
25160.jpg,1892,1970,78
25165.jpg,1892,1900,8
25170.jpg,1892,1905,13
25175.jpg,1892,1910,18
25180.jpg,1892,3,-1889
25185.jpg,1892,1930,38
25190.jpg,1892,1950,58
25195.jpg,1892,1910,18
25205.jpg,1892,1890,-2
25210.jpg,1892,1900,8
25215.jpg,1892,1905,13
25220.jpg,1892,-1,-1893
25225.jpg,1892,1830,-62
25230.jpg,1892,1920,28
25235.jpg,1892,1875,-17
25240.jpg,1892,1900,8
25245.jpg,1892,1895,3
25250.jpg,1892,1905,13
25255.jpg,1892,1905,13
25260.jpg,1892,1895,3
25265.jpg,1892,1890,-2
25270.jpg,1892,1905,13
25275.jpg,1892,1910,18
25280.jpg,1892,1905,13
25285.jpg,1892,1905,13
25290.jpg,1892,1875,-17
25295.jpg,1892,1903,11
25300.jpg,1892,1910,18
25305.jpg,1892,1975,83
25310.jpg,1892,1910,18
25315.jpg,1892,1905,13
25320.jpg,1892,1885,-7
25325.jpg,1892,1750,-142
25330.jpg,1892,1870,-22
25335.jpg,1892,1905,13
25340.jpg,1892,1900,8
25345.jpg,1892,1901,9
25350.jpg,1892,-1,-1893
25355.jpg,1892,1880,-12
25360.jpg,1892,1910,18
25365.jpg,1892,1885,-7
25370.jpg,1892,1925,33
25375.jpg,1892,1905,13
25380.jpg,1892,1900,8
25385.jpg,1892,1895,3
25390.jpg,1892,1910,18
25395.jpg,1892,1880,-12
25400.jpg,1892,2005,113
25405.jpg,1892,1905,13
25410.jpg,1892,1920,28
25415.jpg,1892,1830,-62
25420.jpg,1892,1905,13
25425.jpg,1892,1905,13
25430.jpg,1892,1875,-17
25435.jpg,1892,1890,-2
25440.jpg,1892,1930,38
25445.jpg,1892,1900,8
25450.jpg,1892,1900,8
25455.jpg,1892,1895,3
25460.jpg,1892,1890,-2
25465.jpg,1893,1750,-143
25470.jpg,1893,1840,-53
25475.jpg,1893,1905,12
25480.jpg,1893,1930,37
25490.jpg,1893,1925,32
25495.jpg,1893,1910,17
25500.jpg,1893,1920,27
25505.jpg,1893,1905,12
25510.jpg,1893,1925,32
25515.jpg,1893,1870,-23
25520.jpg,1893,1895,2
25525.jpg,1893,1860,-33
25530.jpg,1893,1925,32
25535.jpg,1893,1930,37
25540.jpg,1893,1910,17
25545.jpg,1893,1890,-3
25555.jpg,1893,1875,-18
25560.jpg,1893,1900,7
25565.jpg,1893,1880,-13
25570.jpg,1893,1950,57
25575.jpg,1893,1890,-3
25580.jpg,1893,1970,77
25585.jpg,1893,1900,7
25590.jpg,1893,1910,17
25595.jpg,1893,1900,7
25600.jpg,1893,1910,17
25605.jpg,1893,1910,17
25610.jpg,1893,1900,7
25615.jpg,1893,1895,2
25620.jpg,1893,1890,-3
25625.jpg,1893,1890,-3
25630.jpg,1893,1890,-3
25635.jpg,1893,1885,-8
25640.jpg,1893,1910,17
25645.jpg,1893,1885,-8
25650.jpg,1893,1900,7
25655.jpg,1893,1905,12
25660.jpg,1893,1900,7
25665.jpg,1893,1890,-3
25670.jpg,1893,1885,-8
25675.jpg,1893,1895,2
25680.jpg,1893,1900,7
25685.jpg,1893,1780,-113
25690.jpg,1893,1885,-8
25695.jpg,1893,1895,2
25700.jpg,1893,2000,107
25705.jpg,1893,1930,37
25710.jpg,1893,1895,2
25715.jpg,1893,1910,17
25720.jpg,1893,1925,32
25725.jpg,1893,1920,27
25730.jpg,1893,1850,-43
25740.jpg,1893,1905,12
25745.jpg,1893,1905,12
25750.jpg,1893,1890,-3
25755.jpg,1893,1890,-3
25760.jpg,1893,1890,-3
25765.jpg,1893,1920,27
25770.jpg,1893,1905,12
25775.jpg,1893,1912,19
25780.jpg,1893,1905,12
25785.jpg,1893,1915,22
25795.jpg,1893,1895,2
25800.jpg,1893,1905,12
25805.jpg,1894,1825,-69
25810.jpg,1894,1910,16
25815.jpg,1894,1905,11
25820.jpg,1894,1885,-9
25825.jpg,1894,1920,26
25830.jpg,1894,1908,14
25835.jpg,1894,1900,6
25840.jpg,1894,1891,-3
25845.jpg,1894,1905,11
25850.jpg,1894,1910,16
25855.jpg,1894,1910,16
25860.jpg,1894,1910,16
25865.jpg,1894,1905,11
25870.jpg,1894,1850,-44
25875.jpg,1894,1900,6
25880.jpg,1894,1900,6
25885.jpg,1894,1850,-44
25890.jpg,1894,1910,16
25895.jpg,1894,1895,1
25900.jpg,1894,1900,6
25905.jpg,1894,1885,-9
25910.jpg,1894,1920,26
25915.jpg,1894,1910,16
25920.jpg,1894,1880,-14
25925.jpg,1894,1895,1
25930.jpg,1894,1910,16
25935.jpg,1894,1900,6
25940.jpg,1894,1890,-4
25945.jpg,1894,1900,6
25950.jpg,1894,1900,6
25955.jpg,1894,1895,1
25960.jpg,1894,1890,-4
25965.jpg,1894,1895,1
25970.jpg,1894,1910,16
25975.jpg,1894,1895,1
25980.jpg,1894,1905,11
25985.jpg,1894,1905,11
25990.jpg,1894,2005,111
25995.jpg,1894,1890,-4
26000.jpg,1894,1890,-4
26005.jpg,1894,1890,-4
26010.jpg,1894,1885,-9
26015.jpg,1894,1880,-14
26020.jpg,1894,1975,81
26025.jpg,1894,1905,11
26030.jpg,1894,1900,6
26035.jpg,1894,1895,1
26040.jpg,1894,1978,84
26045.jpg,1894,1870,-24
26050.jpg,1894,1880,-14
26055.jpg,1894,1910,16
26060.jpg,1894,1910,16
26065.jpg,1894,1910,16
26070.jpg,1894,1908,14
26075.jpg,1894,1900,6
26085.jpg,1894,1910,16
26090.jpg,1894,1910,16
26095.jpg,1894,100,-1794
26100.jpg,1894,1908,14
26105.jpg,1894,1890,-4
26110.jpg,1894,1900,6
26115.jpg,1894,1850,-44
26120.jpg,1894,1915,21
26125.jpg,1895,1905,10
26130.jpg,1895,2005,110
26135.jpg,1895,1905,10
26140.jpg,1895,1905,10
26145.jpg,1895,1900,5
26150.jpg,1895,1905,10
26155.jpg,1895,1920,25
26160.jpg,1895,1906,11
26165.jpg,1895,1901,6
26170.jpg,1895,1900,5
26175.jpg,1895,1925,30
26180.jpg,1895,2005,110
26185.jpg,1895,1910,15
26190.jpg,1895,1915,20
26195.jpg,1895,1900,5
26200.jpg,1895,1900,5
26205.jpg,1895,1850,-45
26210.jpg,1895,1910,15
26215.jpg,1895,1937,42
26220.jpg,1895,1900,5
26225.jpg,1895,1900,5
26230.jpg,1895,1890,-5
26235.jpg,1895,1910,15
26240.jpg,1895,1965,70
26245.jpg,1895,1780,-115
26250.jpg,1895,1912,17
26255.jpg,1895,1885,-10
26260.jpg,1895,1890,-5
26265.jpg,1895,1905,10
26270.jpg,1895,1875,-20
26275.jpg,1895,1895,0
26280.jpg,1895,1900,5
26285.jpg,1895,1895,0
26290.jpg,1895,1900,5
26295.jpg,1895,1900,5
26300.jpg,1895,1895,0
26305.jpg,1895,1895,0
26310.jpg,1895,1885,-10
26315.jpg,1895,1890,-5
26320.jpg,1895,1890,-5
26325.jpg,1895,1890,-5
26330.jpg,1895,1900,5
26335.jpg,1895,1900,5
26340.jpg,1895,1920,25
26345.jpg,1895,1900,5
26350.jpg,1895,1910,15
26355.jpg,1895,1905,10
26360.jpg,1895,1905,10
26365.jpg,1895,1890,-5
26370.jpg,1895,1900,5
26375.jpg,1895,1885,-10
26380.jpg,1895,1920,25
26385.jpg,1895,1850,-45
26390.jpg,1895,1850,-45
26395.jpg,1895,1906,11
26405.jpg,1895,1890,-5
26410.jpg,1895,1900,5
26415.jpg,1895,1900,5
26420.jpg,1895,1920,25
26425.jpg,1895,1910,15
26430.jpg,1895,1852,-43
26435.jpg,1895,1820,-75
26440.jpg,1895,1905,10
26445.jpg,1895,1910,15
26450.jpg,1895,1910,15
26455.jpg,1895,1910,15
26460.jpg,1895,1830,-65
26465.jpg,1895,1900,5
26470.jpg,1895,1900,5
26475.jpg,1895,1890,-5
26480.jpg,1895,1660,-235
26485.jpg,1895,1755,-140
26490.jpg,1896,1880,-16
26495.jpg,1896,1905,9
26500.jpg,1896,1905,9
26505.jpg,1896,1890,-6
26510.jpg,1896,1910,14
26515.jpg,1896,1900,4
26520.jpg,1896,1905,9
26525.jpg,1896,1910,14
26530.jpg,1896,1955,59
26535.jpg,1896,1920,24
26540.jpg,1896,1890,-6
26545.jpg,1896,1890,-6
26550.jpg,1896,1955,59
26555.jpg,1896,1940,44
26560.jpg,1896,1850,-46
26565.jpg,1896,1930,34
26570.jpg,1896,1950,54
26575.jpg,1896,1920,24
26580.jpg,1896,1905,9
26585.jpg,1896,1880,-16
26590.jpg,1896,-1,-1897
26595.jpg,1896,1925,29
26600.jpg,1896,1902,6
26605.jpg,1896,1900,4
26610.jpg,1896,1885,-11
26620.jpg,1896,1890,-6
26625.jpg,1896,1980,84
26630.jpg,1896,1895,-1
26635.jpg,1896,-1,-1897
26640.jpg,1896,1910,14
26645.jpg,1896,1900,4
26650.jpg,1896,1900,4
26655.jpg,1896,1905,9
26665.jpg,1896,1890,-6
26670.jpg,1896,1920,24
26675.jpg,1896,1905,9
26680.jpg,1896,1880,-16
26685.jpg,1896,1890,-6
26690.jpg,1896,1930,34
26695.jpg,1896,1895,-1
26700.jpg,1896,1895,-1
26705.jpg,1896,1900,4
26710.jpg,1896,1850,-46
26715.jpg,1896,1890,-6
26720.jpg,1896,1925,29
26725.jpg,1896,1900,4
26730.jpg,1896,1890,-6
26735.jpg,1896,1900,4
26740.jpg,1896,1855,-41
26745.jpg,1896,1820,-76
26750.jpg,1896,1915,19
26760.jpg,1896,1910,14
26765.jpg,1896,1905,9
26770.jpg,1896,1925,29
26775.jpg,1896,1910,14
26780.jpg,1896,1910,14
26785.jpg,1896,1905,9
26790.jpg,1896,1850,-46
26795.jpg,1896,1905,9
26800.jpg,1896,1985,89
26805.jpg,1896,1890,-6
26810.jpg,1896,1905,9
26815.jpg,1896,1912,16
26820.jpg,1896,1890,-6
26825.jpg,1896,1905,9
26830.jpg,1896,1900,4
26835.jpg,1896,1910,14
26840.jpg,1896,1930,34
26845.jpg,1897,1900,3
26850.jpg,1897,1908,11
26855.jpg,1897,1905,8
26860.jpg,1897,1900,3
26865.jpg,1897,1930,33
26870.jpg,1897,1910,13
26875.jpg,1897,1860,-37
26880.jpg,1897,1900,3
26885.jpg,1897,1900,3
26890.jpg,1897,1870,-27
26895.jpg,1897,-1,-1898
26900.jpg,1897,1905,8
26910.jpg,1897,1850,-47
26915.jpg,1897,1910,13
26920.jpg,1897,1920,23
26925.jpg,1897,2010,113
26930.jpg,1897,1895,-2
26935.jpg,1897,1850,-47
26940.jpg,1897,1900,3
26945.jpg,1897,1920,23
26950.jpg,1897,1905,8
26955.jpg,1897,1780,-117
26960.jpg,1897,1890,-7
26965.jpg,1897,1900,3
26970.jpg,1897,1820,-77
26975.jpg,1897,1920,23
26980.jpg,1897,1910,13
26985.jpg,1897,1895,-2
26990.jpg,1897,1905,8
26995.jpg,1897,1895,-2
27000.jpg,1897,1895,-2
27005.jpg,1897,1895,-2
27010.jpg,1897,1890,-7
27015.jpg,1897,1790,-107
27020.jpg,1897,1905,8
27025.jpg,1897,1930,33
27030.jpg,1897,1905,8
27035.jpg,1897,1890,-7
27040.jpg,1897,1905,8
27045.jpg,1897,1900,3
27050.jpg,1897,1957,60
27055.jpg,1897,1905,8
27060.jpg,1897,1930,33
27065.jpg,1897,1900,3
27070.jpg,1897,1950,53
27075.jpg,1897,1900,3
27080.jpg,1897,1910,13
27085.jpg,1897,1887,-10
27090.jpg,1897,1910,13
27095.jpg,1897,1903,6
27100.jpg,1897,1890,-7
27105.jpg,1897,1905,8
27110.jpg,1897,1350,-547
27115.jpg,1897,1920,23
27120.jpg,1897,1849,-48
27125.jpg,1897,1901,4
27130.jpg,1897,1975,78
27135.jpg,1897,1905,8
27140.jpg,1897,1850,-47
27145.jpg,1897,1900,3
27150.jpg,1897,1840,-57
27155.jpg,1898,1905,7
27160.jpg,1898,1912,14
27165.jpg,1898,1905,7
27170.jpg,1898,1880,-18
27175.jpg,1898,1885,-13
27180.jpg,1898,1890,-8
27185.jpg,1898,1935,37
27190.jpg,1898,1895,-3
27195.jpg,1898,1905,7
27200.jpg,1898,1985,87
27205.jpg,1898,1910,12
27210.jpg,1898,1910,12
27215.jpg,1898,1920,22
27220.jpg,1898,1930,32
27225.jpg,1898,1900,2
27230.jpg,1898,1905,7
27235.jpg,1898,1900,2
27240.jpg,1898,1850,-48
27245.jpg,1898,1920,22
27255.jpg,1898,1850,-48
27260.jpg,1898,1895,-3
27265.jpg,1898,1875,-23
27270.jpg,1898,1905,7
27275.jpg,1898,1890,-8
27280.jpg,1898,1920,22
27285.jpg,1898,1895,-3
27290.jpg,1898,1920,22
27295.jpg,1898,1895,-3
27300.jpg,1898,1890,-8
27305.jpg,1898,1935,37
27310.jpg,1898,1920,22
27315.jpg,1898,1790,-108
27320.jpg,1898,1890,-8
27325.jpg,1898,1900,2
27330.jpg,1898,1910,12
27335.jpg,1898,1898,0
27340.jpg,1898,1905,7
27345.jpg,1898,1895,-3
27350.jpg,1898,1810,-88
27355.jpg,1898,1925,27
27360.jpg,1898,1885,-13
27365.jpg,1898,1885,-13
27370.jpg,1898,1890,-8
27380.jpg,1898,1890,-8
27385.jpg,1898,1900,2
27390.jpg,1898,1910,12
27395.jpg,1898,1890,-8
27400.jpg,1898,1905,7
27405.jpg,1898,1920,22
27410.jpg,1898,1905,7
27415.jpg,1898,1750,-148
27420.jpg,1898,1895,-3
27425.jpg,1898,1890,-8
27430.jpg,1898,1895,-3
27435.jpg,1898,1870,-28
27440.jpg,1898,1901,3
27445.jpg,1898,1925,27
27450.jpg,1898,1905,7
27455.jpg,1898,1960,62
27465.jpg,1898,1905,7
27470.jpg,1898,1895,-3
27475.jpg,1898,1901,3
27480.jpg,1898,1912,14
27485.jpg,1898,1905,7
27490.jpg,1898,1900,2
27495.jpg,1898,1885,-13
27500.jpg,1898,1925,27
27505.jpg,1898,1895,-3
27510.jpg,1898,1900,2
27515.jpg,1898,1920,22
27520.jpg,1898,1900,2
27525.jpg,1898,1940,42
27530.jpg,1898,1905,7
27540.jpg,1899,1888,-11
27545.jpg,1899,1985,86
27550.jpg,1899,1900,1
27555.jpg,1899,1892,-7
27560.jpg,1899,1905,6
27565.jpg,1899,1905,6
27570.jpg,1899,1900,1
27575.jpg,1899,1935,36
27580.jpg,1899,1905,6
27585.jpg,1899,1910,11
27590.jpg,1899,1930,31
27595.jpg,1899,1895,-4
27600.jpg,1899,1905,6
27605.jpg,1899,1915,16
27610.jpg,1899,1920,21
27615.jpg,1899,1900,1
27620.jpg,1899,1850,-49
27625.jpg,1899,1900,1
27630.jpg,1899,1910,11
27635.jpg,1899,1890,-9
27640.jpg,1899,1900,1
27645.jpg,1899,1920,21
27650.jpg,1899,1880,-19
27655.jpg,1899,1870,-29
27660.jpg,1899,1900,1
27665.jpg,1899,1895,-4
27670.jpg,1899,1910,11
27675.jpg,1899,1875,-24
27680.jpg,1899,1400,-499
27685.jpg,1899,1900,1
27690.jpg,1899,1985,86
27695.jpg,1899,1905,6
27700.jpg,1899,1895,-4
27705.jpg,1899,1890,-9
27715.jpg,1899,1900,1
27720.jpg,1899,1900,1
27725.jpg,1899,1900,1
27730.jpg,1899,1910,11
27735.jpg,1899,1920,21
27740.jpg,1899,1900,1
27745.jpg,1899,1900,1
27750.jpg,1899,1905,6
27755.jpg,1899,1910,11
27760.jpg,1899,1889,-10
27765.jpg,1899,1900,1
27770.jpg,1899,1850,-49
27775.jpg,1899,1900,1
27780.jpg,1899,1985,86
27785.jpg,1899,1910,11
27790.jpg,1899,1910,11
27795.jpg,1899,1920,21
27800.jpg,1899,1875,-24
27805.jpg,1899,1905,6
27810.jpg,1900,1850,-50
27815.jpg,1900,1905,5
27820.jpg,1900,1905,5
27825.jpg,1900,1815,-85
27830.jpg,1900,1905,5
27835.jpg,1900,2005,105
27840.jpg,1900,1905,5
27845.jpg,1900,1875,-25
27850.jpg,1900,1900,0
27855.jpg,1900,1850,-50
27860.jpg,1900,1895,-5
27865.jpg,1900,1910,10
27870.jpg,1900,1905,5
27875.jpg,1900,1905,5
27880.jpg,1900,1920,20
27885.jpg,1900,1905,5
27895.jpg,1900,1890,-10
27900.jpg,1900,1905,5
27905.jpg,1900,1910,10
27910.jpg,1900,1820,-80
27915.jpg,1900,1905,5
27920.jpg,1900,1910,10
27925.jpg,1900,1890,-10
27930.jpg,1900,1990,90
27935.jpg,1900,1930,30
27940.jpg,1900,1860,-40
27945.jpg,1900,1965,65
27950.jpg,1900,1900,0
27955.jpg,1900,1910,10
27960.jpg,1900,1890,-10
27965.jpg,1900,2000,100
27970.jpg,1900,1890,-10
27975.jpg,1900,1900,0
27980.jpg,1900,1890,-10
27985.jpg,1900,1890,-10
27990.jpg,1900,1935,35
27995.jpg,1900,1900,0
28000.jpg,1900,1855,-45
28005.jpg,1900,1925,25
28010.jpg,1900,1890,-10
28015.jpg,1900,1850,-50
28020.jpg,1900,1910,10
28025.jpg,1900,1885,-15
28030.jpg,1900,1885,-15
28035.jpg,1900,1955,55
28040.jpg,1900,1890,-10
28045.jpg,1900,1905,5
28050.jpg,1900,1840,-60
28055.jpg,1900,1850,-50
28060.jpg,1900,1905,5
28065.jpg,1900,1920,20
28070.jpg,1900,1905,5
28075.jpg,1900,1880,-20
28080.jpg,1900,1925,25
28085.jpg,1900,1850,-50
28090.jpg,1900,1900,0
28095.jpg,1900,1750,-150
28100.jpg,1900,1925,25
28105.jpg,1900,1906,6
28110.jpg,1900,1895,-5
28115.jpg,1900,1895,-5
28120.jpg,1900,1910,10
28125.jpg,1900,1910,10
28130.jpg,1900,1835,-65
28135.jpg,1900,1900,0
28140.jpg,1900,1900,0
28145.jpg,1900,1400,-500
28150.jpg,1900,1950,50
28155.jpg,1900,-1,-1901
28160.jpg,1900,1920,20
28165.jpg,1900,1935,35
28170.jpg,1900,1900,0
28175.jpg,1900,1850,-50
28180.jpg,1901,1745,-156
28185.jpg,1901,1905,4
28190.jpg,1901,1905,4
28195.jpg,1901,1910,9
28200.jpg,1901,1955,54
28205.jpg,1901,1880,-21
28210.jpg,1901,1895,-6
28215.jpg,1901,1910,9
28220.jpg,1901,1905,4
28225.jpg,1901,1905,4
28230.jpg,1901,1930,29
28235.jpg,1901,1905,4
28240.jpg,1901,1905,4
28245.jpg,1901,1912,11
28250.jpg,1901,1890,-11
28255.jpg,1901,1905,4
28260.jpg,1901,1930,29
28265.jpg,1901,1905,4
28270.jpg,1901,1905,4
28275.jpg,1901,1955,54
28280.jpg,1901,1953,52
28285.jpg,1901,1920,19
28290.jpg,1901,1850,-51
28295.jpg,1901,1925,24
28300.jpg,1901,1890,-11
28305.jpg,1901,1985,84
28310.jpg,1901,1910,9
28315.jpg,1901,1910,9
28320.jpg,1901,1885,-16
28325.jpg,1901,1910,9
28330.jpg,1901,1900,-1
28335.jpg,1901,1905,4
28340.jpg,1901,1890,-11
28345.jpg,1901,1890,-11
28350.jpg,1901,1910,9
28355.jpg,1901,1905,4
28360.jpg,1901,1980,79
28365.jpg,1901,1890,-11
28370.jpg,1901,1850,-51
28375.jpg,1901,1870,-31
28380.jpg,1901,1905,4
28385.jpg,1901,1905,4
28390.jpg,1901,1900,-1
28395.jpg,1901,1895,-6
28400.jpg,1901,1875,-26
28405.jpg,1901,1930,29
28410.jpg,1901,1910,9
28415.jpg,1901,1885,-16
28420.jpg,1901,1885,-16
28425.jpg,1901,1985,84
28430.jpg,1901,1910,9
28435.jpg,1901,1895,-6
28440.jpg,1901,1900,-1
28445.jpg,1901,1925,24
28450.jpg,1901,1905,4
28455.jpg,1901,1895,-6
28460.jpg,1901,1910,9
28465.jpg,1901,1905,4
28470.jpg,1901,1930,29
28475.jpg,1901,1910,9
28480.jpg,1901,1905,4
28485.jpg,1901,1905,4
28490.jpg,1901,1903,2
28495.jpg,1901,1830,-71
28500.jpg,1901,1910,9
28505.jpg,1901,1910,9
28510.jpg,1901,1920,19
28515.jpg,1901,1850,-51
28520.jpg,1902,1900,-2
28525.jpg,1902,1900,-2
28530.jpg,1902,1900,-2
28535.jpg,1902,1905,3
28540.jpg,1902,1970,68
28545.jpg,1902,1980,78
28550.jpg,1902,1930,28
28555.jpg,1902,1900,-2
28560.jpg,1902,1950,48
28575.jpg,1902,1930,28
28580.jpg,1902,1920,18
28585.jpg,1902,1905,3
28590.jpg,1902,1905,3
28595.jpg,1902,1890,-12
28600.jpg,1902,1925,23
28605.jpg,1902,1920,18
28610.jpg,1902,1885,-17
28615.jpg,1902,1902,0
28620.jpg,1902,1925,23
28625.jpg,1902,1920,18
28630.jpg,1902,1930,28
28635.jpg,1902,1910,8
28640.jpg,1902,1910,8
28645.jpg,1902,1870,-32
28650.jpg,1902,1870,-32
28655.jpg,1902,1885,-17
28660.jpg,1902,1900,-2
28665.jpg,1902,1900,-2
28670.jpg,1902,1900,-2
28675.jpg,1902,1908,6
28680.jpg,1902,1200,-702
28685.jpg,1902,1890,-12
28690.jpg,1902,1900,-2
28695.jpg,1902,1900,-2
28700.jpg,1902,1920,18
28705.jpg,1902,1885,-17
28710.jpg,1902,1885,-17
28715.jpg,1902,1890,-12
28720.jpg,1902,1875,-27
28725.jpg,1902,1900,-2
28730.jpg,1902,1920,18
28735.jpg,1902,1925,23
28740.jpg,1902,1895,-7
28745.jpg,1902,1935,33
28750.jpg,1902,1885,-17
28755.jpg,1902,1890,-12
28760.jpg,1902,1910,8
28765.jpg,1902,1900,-2
28770.jpg,1902,1890,-12
28775.jpg,1902,1910,8
28780.jpg,1902,1895,-7
28785.jpg,1902,1940,38
28790.jpg,1902,1910,8
28795.jpg,1902,1900,-2
28800.jpg,1902,1905,3
28805.jpg,1902,1955,53
28810.jpg,1902,1890,-12
28815.jpg,1902,1910,8
28820.jpg,1902,1900,-2
28825.jpg,1902,1890,-12
28830.jpg,1902,1900,-2
28835.jpg,1902,1895,-7
28840.jpg,1902,1910,8
28845.jpg,1902,1920,18
28850.jpg,1902,1910,8
28855.jpg,1902,1905,3
28860.jpg,1902,1910,8
28865.jpg,1902,1830,-72
28870.jpg,1902,1920,18
28875.jpg,1902,2000,98
28880.jpg,1902,1930,28
28885.jpg,1902,1900,-2
28890.jpg,1902,1910,8
28895.jpg,1902,1890,-12
28900.jpg,1902,1970,68
28905.jpg,1902,1900,-2
28910.jpg,1902,1900,-2
28915.jpg,1902,1900,-2
28920.jpg,1903,1900,-3
28925.jpg,1903,1895,-8
28930.jpg,1903,1905,2
28935.jpg,1903,1900,-3
28940.jpg,1903,1920,17
28945.jpg,1903,1910,7
28955.jpg,1903,1930,27
28960.jpg,1903,1900,-3
28965.jpg,1903,1905,2
28970.jpg,1903,1925,22
28975.jpg,1903,1890,-13
28980.jpg,1903,1905,2
28985.jpg,1903,1908,5
28990.jpg,1903,1920,17
28995.jpg,1903,1955,52
29000.jpg,1903,1905,2
29005.jpg,1903,1905,2
29010.jpg,1903,1910,7
29015.jpg,1903,1920,17
29020.jpg,1903,1905,2
29025.jpg,1903,1900,-3
29030.jpg,1903,1912,9
29035.jpg,1903,1908,5
29040.jpg,1903,1920,17
29045.jpg,1903,1905,2
29050.jpg,1903,2000,97
29055.jpg,1903,1920,17
29060.jpg,1903,1900,-3
29065.jpg,1903,1910,7
29070.jpg,1903,1905,2
29075.jpg,1903,1930,27
29080.jpg,1903,1960,57
29085.jpg,1903,1870,-33
29090.jpg,1903,1900,-3
29095.jpg,1903,1920,17
29100.jpg,1903,1950,47
29105.jpg,1903,1905,2
29110.jpg,1903,1910,7
29115.jpg,1903,1850,-53
29120.jpg,1903,1865,-38
29125.jpg,1903,1890,-13
29130.jpg,1903,1900,-3
29135.jpg,1903,1850,-53
29140.jpg,1903,1900,-3
29145.jpg,1903,1930,27
29150.jpg,1903,1910,7
29155.jpg,1903,1925,22
29160.jpg,1903,1890,-13
29165.jpg,1903,1890,-13
29170.jpg,1903,1935,32
29175.jpg,1903,1900,-3
29180.jpg,1903,1900,-3
29185.jpg,1903,1980,77
29190.jpg,1903,1910,7
29195.jpg,1903,1900,-3
29200.jpg,1903,1905,2
29205.jpg,1903,1925,22
29210.jpg,1903,1850,-53
29215.jpg,1903,1910,7
29220.jpg,1903,1905,2
29225.jpg,1903,1890,-13
29230.jpg,1903,1890,-13
29235.jpg,1903,1840,-63
29240.jpg,1903,1930,27
29245.jpg,1903,1955,52
29250.jpg,1903,1930,27
29255.jpg,1903,1900,-3
29260.jpg,1903,1910,7
29265.jpg,1903,1905,2
29270.jpg,1903,1901,-2
29275.jpg,1903,1928,25
29280.jpg,1903,1900,-3
29285.jpg,1903,1910,7
29290.jpg,1903,1900,-3
29295.jpg,1903,1890,-13
29300.jpg,1903,1990,87
29305.jpg,1903,1875,-28
29310.jpg,1903,1840,-63
29315.jpg,1903,1950,47
29320.jpg,1903,1930,27
29325.jpg,1903,1900,-3
29330.jpg,1903,1910,7
29335.jpg,1903,1905,2
29340.jpg,1903,1910,7
29345.jpg,1903,1903,0
29350.jpg,1903,1980,77
29355.jpg,1903,1900,-3
29360.jpg,1903,1900,-3
29365.jpg,1903,-1,-1904
29370.jpg,1903,1910,7
29375.jpg,1903,1880,-23
29380.jpg,1904,1780,-124
29385.jpg,1904,1910,6
29390.jpg,1904,1900,-4
29395.jpg,1904,1990,86
29400.jpg,1904,1915,11
29405.jpg,1904,1910,6
29410.jpg,1904,-1,-1905
29415.jpg,1904,1950,46
29420.jpg,1904,1905,1
29425.jpg,1904,1905,1
29430.jpg,1904,1880,-24
29435.jpg,1904,1920,16
29440.jpg,1904,1910,6
29445.jpg,1904,1910,6
29450.jpg,1904,1910,6
29455.jpg,1904,1915,11
29460.jpg,1904,1650,-254
29465.jpg,1904,1975,71
29470.jpg,1904,2000,96
29475.jpg,1904,1905,1
29480.jpg,1904,2010,106
29485.jpg,1904,1905,1
29490.jpg,1904,1910,6
29495.jpg,1904,1890,-14
29500.jpg,1904,1995,91
29505.jpg,1904,1900,-4
29510.jpg,1904,1905,1
29515.jpg,1904,1923,19
29520.jpg,1904,1910,6
29525.jpg,1904,1910,6
29530.jpg,1904,1910,6
29535.jpg,1904,1910,6
29540.jpg,1904,1910,6
29550.jpg,1904,1830,-74
29555.jpg,1904,1910,6
29560.jpg,1904,1920,16
29565.jpg,1904,1900,-4
29570.jpg,1904,1900,-4
29575.jpg,1904,1930,26
29580.jpg,1904,1936,32
29585.jpg,1904,1885,-19
29590.jpg,1904,1910,6
29595.jpg,1904,1830,-74
29600.jpg,1904,1900,-4
29605.jpg,1904,1980,76
29610.jpg,1904,1890,-14
29615.jpg,1904,1900,-4
29620.jpg,1904,1903,-1
29625.jpg,1904,1900,-4
29630.jpg,1904,1905,1
29635.jpg,1904,1930,26
29640.jpg,1904,1845,-59
29645.jpg,1904,1900,-4
29650.jpg,1904,1905,1
29655.jpg,1904,1930,26
29660.jpg,1904,1925,21
29665.jpg,1904,1985,81
29670.jpg,1904,1890,-14
29675.jpg,1904,1930,26
29680.jpg,1904,1900,-4
29685.jpg,1904,1935,31
29690.jpg,1904,1990,86
29695.jpg,1904,1930,26
29700.jpg,1904,1910,6
29705.jpg,1904,1905,1
29710.jpg,1904,1900,-4
29715.jpg,1904,1905,1
29720.jpg,1904,1905,1
29725.jpg,1904,1930,26
29730.jpg,1904,1870,-34
29735.jpg,1904,1900,-4
29740.jpg,1904,1930,26
29745.jpg,1904,1920,16
29750.jpg,1904,1890,-14
29755.jpg,1904,1880,-24
29760.jpg,1904,1925,21
29765.jpg,1904,1950,46
29770.jpg,1904,1920,16
29775.jpg,1904,1985,81
29780.jpg,1904,1904,0
29790.jpg,1904,-1,-1905
29795.jpg,1904,1890,-14
29800.jpg,1904,1910,6
29805.jpg,1904,1920,16
29810.jpg,1904,1890,-14
29815.jpg,1904,1850,-54
29820.jpg,1904,1895,-9
29825.jpg,1904,1900,-4
29830.jpg,1905,1902,-3
29835.jpg,1905,1930,25
29840.jpg,1905,1910,5
29845.jpg,1905,1930,25
29850.jpg,1905,1950,45
29855.jpg,1905,1920,15
29860.jpg,1905,-1,-1906
29865.jpg,1905,1910,5
29870.jpg,1905,1840,-65
29875.jpg,1905,1955,50
29880.jpg,1905,1900,-5
29885.jpg,1905,1925,20
29890.jpg,1905,1920,15
29895.jpg,1905,1895,-10
29900.jpg,1905,1925,20
29905.jpg,1905,1910,5
29910.jpg,1905,1920,15
29915.jpg,1905,1895,-10
29920.jpg,1905,1885,-20
29925.jpg,1905,1920,15
29930.jpg,1905,1875,-30
29935.jpg,1905,1895,-10
29940.jpg,1905,1880,-25
29945.jpg,1905,1905,0
29950.jpg,1905,1905,0
29960.jpg,1905,1910,5
29965.jpg,1905,1910,5
29970.jpg,1905,1905,0
29975.jpg,1905,1910,5
29980.jpg,1905,1985,80
29985.jpg,1905,1920,15
29990.jpg,1905,1881,-24
29995.jpg,1905,1905,0
30000.jpg,1905,1890,-15
30005.jpg,1905,1900,-5
30015.jpg,1905,1880,-25
30020.jpg,1905,1950,45
30025.jpg,1905,1895,-10
30030.jpg,1905,1875,-30
30035.jpg,1905,1910,5
30040.jpg,1905,1958,53
30045.jpg,1905,1850,-55
30050.jpg,1905,1950,45
30055.jpg,1905,1935,30
30060.jpg,1905,1895,-10
30065.jpg,1905,1925,20
30070.jpg,1905,1885,-20
30075.jpg,1905,1910,5
30080.jpg,1905,1895,-10
30085.jpg,1905,1955,50
30090.jpg,1905,1910,5
30095.jpg,1905,1875,-30
30100.jpg,1905,1795,-110
30105.jpg,1905,1905,0
30110.jpg,1905,1925,20
30115.jpg,1905,1890,-15
30120.jpg,1905,1850,-55
30125.jpg,1905,1920,15
30130.jpg,1905,1850,-55
30135.jpg,1905,1885,-20
30140.jpg,1905,1905,0
30145.jpg,1905,1890,-15
30155.jpg,1905,1885,-20
30160.jpg,1905,1905,0
30165.jpg,1905,1815,-90
30170.jpg,1905,1905,0
30175.jpg,1905,1890,-15
30180.jpg,1905,1960,55
30185.jpg,1905,1930,25
30190.jpg,1905,1910,5
30195.jpg,1905,1830,-75
30200.jpg,1905,1905,0
30205.jpg,1905,1930,25
30210.jpg,1905,1682,-223
30215.jpg,1905,1900,-5
30220.jpg,1905,1900,-5
30225.jpg,1905,1875,-30
30230.jpg,1905,1950,45
30235.jpg,1905,1890,-15
30240.jpg,1905,1925,20
30245.jpg,1905,1890,-15
30250.jpg,1905,1890,-15
30255.jpg,1905,1910,5
30260.jpg,1905,1905,0
30265.jpg,1905,1910,5
30270.jpg,1905,1905,0
30275.jpg,1905,1910,5
30280.jpg,1905,1900,-5
30285.jpg,1905,1920,15
30290.jpg,1905,1900,-5
30295.jpg,1906,1890,-16
30300.jpg,1906,1885,-21
30305.jpg,1906,1930,24
30310.jpg,1906,1910,4
30315.jpg,1906,1930,24
30320.jpg,1906,1985,79
30325.jpg,1906,1900,-6
30330.jpg,1906,1830,-76
30335.jpg,1906,1905,-1
30340.jpg,1906,1910,4
30345.jpg,1906,1910,4
30350.jpg,1906,1930,24
30355.jpg,1906,1940,34
30360.jpg,1906,1910,4
30365.jpg,1906,1915,9
30370.jpg,1906,1930,24
30375.jpg,1906,1930,24
30380.jpg,1906,1930,24
30385.jpg,1906,1890,-16
30390.jpg,1906,1840,-66
30395.jpg,1906,1905,-1
30400.jpg,1906,1920,14
30405.jpg,1906,1905,-1
30410.jpg,1906,-1,-1907
30415.jpg,1906,1935,29
30420.jpg,1906,1920,14
30425.jpg,1906,1905,-1
30430.jpg,1906,1900,-6
30435.jpg,1906,1920,14
30440.jpg,1906,2000,94
30445.jpg,1906,1885,-21
30450.jpg,1906,1900,-6
30455.jpg,1906,1885,-21
30460.jpg,1906,1860,-46
30465.jpg,1906,1905,-1
30470.jpg,1906,1845,-61
30475.jpg,1906,1885,-21
30480.jpg,1906,1905,-1
30485.jpg,1906,1925,19
30490.jpg,1906,1850,-56
30495.jpg,1906,1910,4
30500.jpg,1906,1950,44
30505.jpg,1906,2000,94
30510.jpg,1906,1900,-6
30515.jpg,1906,1920,14
30520.jpg,1906,1885,-21
30525.jpg,1906,1890,-16
30530.jpg,1906,1890,-16
30535.jpg,1906,1900,-6
30540.jpg,1906,1840,-66
30545.jpg,1906,1930,24
30550.jpg,1906,1850,-56
30555.jpg,1906,1905,-1
30560.jpg,1906,1904,-2
30565.jpg,1906,1890,-16
30570.jpg,1906,1905,-1
30575.jpg,1906,1750,-156
30580.jpg,1906,1958,52
30585.jpg,1906,1910,4
30590.jpg,1906,1960,54
30595.jpg,1906,1950,44
30600.jpg,1906,1895,-11
30605.jpg,1906,1900,-6
30610.jpg,1906,1890,-16
30615.jpg,1906,1990,84
30620.jpg,1906,1905,-1
30625.jpg,1906,1910,4
30630.jpg,1906,1900,-6
30635.jpg,1906,1930,24
30640.jpg,1906,1920,14
30645.jpg,1906,1900,-6
30650.jpg,1906,1780,-126
30655.jpg,1906,1905,-1
30665.jpg,1906,1900,-6
30670.jpg,1906,1905,-1
30685.jpg,1906,1890,-16
30690.jpg,1906,1965,59
30695.jpg,1906,1925,19
30700.jpg,1906,1920,14
30705.jpg,1906,1905,-1
30710.jpg,1906,1930,24
30715.jpg,1906,1975,69
30720.jpg,1906,1910,4
30725.jpg,1906,1905,-1
30730.jpg,1906,1820,-86
30740.jpg,1906,1975,69
30745.jpg,1906,1905,-1
30750.jpg,1906,1888,-18
30760.jpg,1907,1900,-7
30765.jpg,1907,1910,3
30770.jpg,1907,1910,3
30780.jpg,1907,2000,93
30785.jpg,1907,1915,8
30790.jpg,1907,2000,93
30795.jpg,1907,1820,-87
30800.jpg,1907,1905,-2
30805.jpg,1907,1900,-7
30810.jpg,1907,1905,-2
30815.jpg,1907,1930,23
30820.jpg,1907,1910,3
30825.jpg,1907,1910,3
30830.jpg,1907,1904,-3
30835.jpg,1907,1920,13
30840.jpg,1907,1910,3
30845.jpg,1907,1907,0
30855.jpg,1907,1910,3
30860.jpg,1907,1920,13
30865.jpg,1907,1910,3
30870.jpg,1907,1905,-2
30875.jpg,1907,1905,-2
30880.jpg,1907,1930,23
30885.jpg,1907,1900,-7
30895.jpg,1907,1925,18
30900.jpg,1907,1890,-17
30905.jpg,1907,1910,3
30910.jpg,1907,1965,58
30915.jpg,1907,2005,98
30920.jpg,1907,1975,68
30925.jpg,1907,1930,23
30930.jpg,1907,1900,-7
30935.jpg,1907,1930,23
30940.jpg,1907,2000,93
30945.jpg,1907,1930,23
30950.jpg,1907,1880,-27
30955.jpg,1907,1900,-7
30960.jpg,1907,1895,-12
30965.jpg,1907,1905,-2
30970.jpg,1907,1905,-2
30975.jpg,1907,1890,-17
30980.jpg,1907,1900,-7
30985.jpg,1907,1905,-2
30990.jpg,1907,1900,-7
30995.jpg,1907,1910,3
31000.jpg,1907,1910,3
31005.jpg,1907,1880,-27
31010.jpg,1907,1895,-12
31015.jpg,1907,1910,3
31020.jpg,1907,-1,-1908
31025.jpg,1907,1930,23
31030.jpg,1907,1975,68
31035.jpg,1907,1890,-17
31040.jpg,1907,1910,3
31045.jpg,1907,1905,-2
31050.jpg,1907,1910,3
31055.jpg,1907,1830,-77
31060.jpg,1907,1850,-57
31065.jpg,1907,1890,-17
31070.jpg,1907,1905,-2
31075.jpg,1907,1900,-7
31080.jpg,1907,1925,18
31085.jpg,1907,1910,3
31090.jpg,1907,1901,-6
31095.jpg,1907,1890,-17
31100.jpg,1907,1960,53
31105.jpg,1907,1900,-7
31110.jpg,1907,1940,33
31115.jpg,1907,1880,-27
31120.jpg,1907,1900,-7
31125.jpg,1907,1895,-12
31130.jpg,1907,1910,3
31135.jpg,1907,1920,13
31140.jpg,1907,1955,48
31150.jpg,1907,1890,-17
31155.jpg,1907,1905,-2
31160.jpg,1907,1950,43
31165.jpg,1907,1900,-7
31170.jpg,1907,1963,56
31175.jpg,1907,1940,33
31180.jpg,1907,1910,3
31185.jpg,1907,1925,18
31190.jpg,1907,2000,93
31195.jpg,1907,1910,3
31200.jpg,1907,1950,43
31205.jpg,1907,1960,53
31210.jpg,1907,1860,-47
31215.jpg,1907,1910,3
31220.jpg,1907,1890,-17
31225.jpg,1907,1925,18
31230.jpg,1907,1900,-7
31235.jpg,1907,1880,-27
31240.jpg,1907,1890,-17
31245.jpg,1907,1920,13
31250.jpg,1907,1895,-12
31255.jpg,1907,1900,-7
31260.jpg,1907,1920,13
31265.jpg,1907,1903,-4
31270.jpg,1907,1800,-107
31275.jpg,1907,1900,-7
31280.jpg,1907,1905,-2
31285.jpg,1907,1985,78
31290.jpg,1907,1860,-47
31295.jpg,1907,1925,18
31300.jpg,1907,-1,-1908
31305.jpg,1907,1905,-2
31310.jpg,1908,1835,-73
31315.jpg,1908,1905,-3
31320.jpg,1908,1950,42
31325.jpg,1908,1900,-8
31330.jpg,1908,1850,-58
31335.jpg,1908,1930,22
31345.jpg,1908,1970,62
31350.jpg,1908,1930,22
31355.jpg,1908,1920,12
31360.jpg,1908,1920,12
31365.jpg,1908,1910,2
31370.jpg,1908,1905,-3
31380.jpg,1908,1780,-128
31385.jpg,1908,1920,12
31390.jpg,1908,1912,4
31395.jpg,1908,1910,2
31400.jpg,1908,1920,12
31405.jpg,1908,1995,87
31410.jpg,1908,1900,-8
31415.jpg,1908,1920,12
31420.jpg,1908,1870,-38
31425.jpg,1908,1930,22
31430.jpg,1908,1905,-3
31435.jpg,1908,1965,57
31440.jpg,1908,1890,-18
31445.jpg,1908,1910,2
31450.jpg,1908,1910,2
31455.jpg,1908,1935,27
31460.jpg,1908,1910,2
31465.jpg,1908,1930,22
31470.jpg,1908,1905,-3
31475.jpg,1908,1930,22
31480.jpg,1908,1850,-58
31485.jpg,1908,1900,-8
31490.jpg,1908,1855,-53
31500.jpg,1908,1920,12
31505.jpg,1908,1905,-3
31510.jpg,1908,1905,-3
31515.jpg,1908,1900,-8
31520.jpg,1908,2005,97
31525.jpg,1908,1905,-3
31530.jpg,1908,1956,48
31535.jpg,1908,1910,2
31540.jpg,1908,1890,-18
31545.jpg,1908,1910,2
31550.jpg,1908,1890,-18
31555.jpg,1908,1903,-5
31560.jpg,1908,1905,-3
31565.jpg,1908,1820,-88
31570.jpg,1908,1750,-158
31575.jpg,1908,1820,-88
31580.jpg,1908,1955,47
31585.jpg,1908,1975,67
31590.jpg,1908,1905,-3
31595.jpg,1908,1895,-13
31600.jpg,1908,1905,-3
31605.jpg,1908,-1,-1909
31610.jpg,1908,1870,-38
31620.jpg,1908,1950,42
31625.jpg,1908,1920,12
31630.jpg,1908,1890,-18
31635.jpg,1908,1905,-3
31640.jpg,1908,1910,2
31645.jpg,1908,1910,2
31650.jpg,1908,1950,42
31655.jpg,1908,1910,2
31660.jpg,1908,1920,12
31665.jpg,1908,1900,-8
31670.jpg,1908,1890,-18
31675.jpg,1908,1907,-1
31680.jpg,1908,1840,-68
31685.jpg,1908,1910,2
31690.jpg,1908,1920,12
31695.jpg,1908,1905,-3
31700.jpg,1908,1920,12
31705.jpg,1908,1890,-18
31710.jpg,1908,1905,-3
31715.jpg,1908,1905,-3
31720.jpg,1908,1905,-3
31725.jpg,1908,1925,17
31730.jpg,1908,1885,-23
31735.jpg,1908,1890,-18
31740.jpg,1908,1923,15
31745.jpg,1908,1905,-3
31750.jpg,1908,1910,2
31755.jpg,1908,1900,-8
31760.jpg,1908,1905,-3
31765.jpg,1909,1905,-4
31770.jpg,1909,1920,11
31775.jpg,1909,1870,-39
31780.jpg,1909,1890,-19
31785.jpg,1909,2015,106
31790.jpg,1909,2005,96
31805.jpg,1909,1930,21
31815.jpg,1909,1900,-9
31820.jpg,1909,-1,-1910
31825.jpg,1909,1930,21
31830.jpg,1909,1907,-2
31835.jpg,1909,1955,46
31840.jpg,1909,1885,-24
31845.jpg,1909,1910,1
31850.jpg,1909,1900,-9
31855.jpg,1909,1920,11
31860.jpg,1909,1885,-24
31865.jpg,1909,1901,-8
31870.jpg,1909,1905,-4
31875.jpg,1909,1900,-9
31880.jpg,1909,1905,-4
31885.jpg,1909,1910,1
31890.jpg,1909,1915,6
31895.jpg,1909,1915,6
31900.jpg,1909,1905,-4
31905.jpg,1909,1910,1
31910.jpg,1909,1910,1
31915.jpg,1909,1920,11
31920.jpg,1909,1920,11
31925.jpg,1909,1930,21
31930.jpg,1909,1920,11
31935.jpg,1909,1930,21
31940.jpg,1909,1905,-4
31945.jpg,1909,1900,-9
31950.jpg,1909,1912,3
31955.jpg,1909,1905,-4
31960.jpg,1909,1907,-2
31970.jpg,1909,1905,-4
31975.jpg,1909,1895,-14
31980.jpg,1909,1905,-4
31985.jpg,1909,1890,-19
31990.jpg,1909,1920,11
31995.jpg,1909,1910,1
32005.jpg,1909,1850,-59
32015.jpg,1909,1905,-4
32020.jpg,1909,1905,-4
32025.jpg,1909,1850,-59
32030.jpg,1909,1905,-4
32035.jpg,1909,1900,-9
32045.jpg,1909,1920,11
32050.jpg,1909,1910,1
32055.jpg,1909,1895,-14
32060.jpg,1909,1900,-9
32065.jpg,1909,1920,11
32070.jpg,1909,1905,-4
32075.jpg,1909,1930,21
32080.jpg,1909,1850,-59
32085.jpg,1909,1930,21
32090.jpg,1909,1930,21
32095.jpg,1909,1900,-9
32100.jpg,1909,1910,1
32105.jpg,1909,1965,56
32110.jpg,1909,1995,86
32115.jpg,1909,1910,1
32120.jpg,1909,1920,11
32125.jpg,1909,1910,1
32130.jpg,1909,1925,16
32135.jpg,1909,1910,1
32140.jpg,1909,1910,1
32145.jpg,1909,1905,-4
32150.jpg,1909,1890,-19
32155.jpg,1909,1960,51
32160.jpg,1909,1890,-19
32165.jpg,1909,1905,-4
32170.jpg,1909,1905,-4
32175.jpg,1909,1905,-4
32180.jpg,1909,1915,6
32185.jpg,1909,1900,-9
32190.jpg,1909,1882,-27
32195.jpg,1909,1910,1
32200.jpg,1909,1930,21
32205.jpg,1909,1930,21
32210.jpg,1909,1905,-4
32215.jpg,1909,1905,-4
32220.jpg,1909,1900,-9
32225.jpg,1909,1950,41
32230.jpg,1910,1820,-90
32235.jpg,1910,1910,0
32240.jpg,1910,1910,0
32245.jpg,1910,2000,90
32255.jpg,1910,1910,0
32260.jpg,1910,1955,45
32265.jpg,1910,2005,95
32270.jpg,1910,1985,75
32275.jpg,1910,1970,60
32280.jpg,1910,1915,5
32285.jpg,1910,1910,0
32290.jpg,1910,1900,-10
32295.jpg,1910,1900,-10
32300.jpg,1910,1910,0
32305.jpg,1910,1900,-10
32310.jpg,1910,1890,-20
32315.jpg,1910,1895,-15
32320.jpg,1910,1885,-25
32325.jpg,1910,1905,-5
32330.jpg,1910,1920,10
32335.jpg,1910,1925,15
32340.jpg,1910,1860,-50
32345.jpg,1910,1900,-10
32350.jpg,1910,1850,-60
32355.jpg,1910,1901,-9
32360.jpg,1910,1930,20
32365.jpg,1910,1930,20
32370.jpg,1910,1985,75
32375.jpg,1910,1910,0
32380.jpg,1910,1900,-10
32385.jpg,1910,1980,70
32390.jpg,1910,1950,40
32395.jpg,1910,1900,-10
32400.jpg,1910,1920,10
32405.jpg,1910,1850,-60
32410.jpg,1910,1910,0
32415.jpg,1910,1900,-10
32420.jpg,1910,1905,-5
32425.jpg,1910,1920,10
32430.jpg,1910,1905,-5
32435.jpg,1910,1895,-15
32440.jpg,1910,1945,35
32445.jpg,1910,1900,-10
32450.jpg,1910,1915,5
32455.jpg,1910,1840,-70
32460.jpg,1910,1900,-10
32465.jpg,1910,1895,-15
32470.jpg,1910,1910,0
32475.jpg,1910,1950,40
32480.jpg,1910,1910,0
32485.jpg,1910,1920,10
32490.jpg,1910,1905,-5
32495.jpg,1910,1905,-5
32500.jpg,1910,1900,-10
32505.jpg,1910,1925,15
32510.jpg,1910,1980,70
32515.jpg,1910,1930,20
32520.jpg,1910,1920,10
32525.jpg,1910,1890,-20
32530.jpg,1910,2005,95
32535.jpg,1910,1940,30
32540.jpg,1910,1915,5
32545.jpg,1910,2000,90
32550.jpg,1910,1900,-10
32555.jpg,1910,1905,-5
32560.jpg,1910,1995,85
32565.jpg,1910,1910,0
32570.jpg,1910,1890,-20
32575.jpg,1910,1875,-35
32580.jpg,1910,1930,20
32585.jpg,1910,1925,15
32590.jpg,1910,1895,-15
32595.jpg,1910,1900,-10
32600.jpg,1910,1925,15
32605.jpg,1910,1550,-360
32610.jpg,1910,1905,-5
32615.jpg,1910,1930,20
32620.jpg,1910,1900,-10
32625.jpg,1910,1950,40
32630.jpg,1910,1905,-5
32635.jpg,1910,1956,46
32640.jpg,1910,1935,25
32645.jpg,1910,1910,0
32650.jpg,1910,1820,-90
32655.jpg,1910,1950,40
32660.jpg,1910,1910,0
32665.jpg,1910,1905,-5
32675.jpg,1910,1910,0
32680.jpg,1910,1910,0
32685.jpg,1910,1905,-5
32690.jpg,1910,1895,-15
32695.jpg,1910,1920,10
32700.jpg,1910,1915,5
32705.jpg,1910,1905,-5
32710.jpg,1910,1905,-5
32715.jpg,1910,1955,45
32720.jpg,1910,1905,-5
32725.jpg,1910,1905,-5
32730.jpg,1910,1975,65
32735.jpg,1910,1850,-60
32740.jpg,1911,1900,-11
32745.jpg,1911,1930,19
32750.jpg,1911,-1,-1912
32755.jpg,1911,1935,24
32760.jpg,1911,1900,-11
32765.jpg,1911,1908,-3
32770.jpg,1911,1908,-3
32775.jpg,1911,1895,-16
32780.jpg,1911,1990,79
32785.jpg,1911,1990,79
32790.jpg,1911,1905,-6
32795.jpg,1911,1913,2
32800.jpg,1911,1955,44
32805.jpg,1911,1910,-1
32810.jpg,1911,1885,-26
32815.jpg,1911,1905,-6
32820.jpg,1911,1905,-6
32825.jpg,1911,1920,9
32830.jpg,1911,1930,19
32835.jpg,1911,1910,-1
32840.jpg,1911,1970,59
32845.jpg,1911,1911,0
32850.jpg,1911,1929,18
32855.jpg,1911,1910,-1
32860.jpg,1911,1960,49
32865.jpg,1911,1905,-6
32870.jpg,1911,1915,4
32875.jpg,1911,1910,-1
32885.jpg,1911,1920,9
32890.jpg,1911,1900,-11
32895.jpg,1911,1900,-11
32900.jpg,1911,1900,-11
32905.jpg,1911,1900,-11
32910.jpg,1911,1850,-61
32915.jpg,1911,1890,-21
32920.jpg,1911,1905,-6
32925.jpg,1911,1905,-6
32930.jpg,1911,1905,-6
32935.jpg,1911,1970,59
32940.jpg,1911,1905,-6
32945.jpg,1911,1905,-6
32950.jpg,1911,2010,99
32955.jpg,1911,1907,-4
32960.jpg,1911,1900,-11
32965.jpg,1911,1910,-1
32970.jpg,1911,1925,14
32975.jpg,1911,1920,9
32980.jpg,1911,1900,-11
32985.jpg,1911,1905,-6
32990.jpg,1911,1910,-1
32995.jpg,1911,1905,-6
33000.jpg,1911,1900,-11
33005.jpg,1911,1830,-81
33010.jpg,1911,1910,-1
33015.jpg,1911,1870,-41
33020.jpg,1911,1955,44
33025.jpg,1911,1920,9
33030.jpg,1911,1890,-21
33035.jpg,1911,1965,54
33040.jpg,1911,1905,-6
33045.jpg,1911,1910,-1
33050.jpg,1911,1957,46
33055.jpg,1911,1910,-1
33060.jpg,1911,1905,-6
33065.jpg,1911,1900,-11
33070.jpg,1911,1995,84
33075.jpg,1911,1920,9
33080.jpg,1911,1910,-1
33085.jpg,1911,1910,-1
33090.jpg,1911,1890,-21
33095.jpg,1911,1885,-26
33100.jpg,1911,1900,-11
33105.jpg,1911,1850,-61
33110.jpg,1911,1900,-11
33115.jpg,1911,1906,-5
33120.jpg,1911,1905,-6
33125.jpg,1911,1990,79
33130.jpg,1911,1900,-11
33135.jpg,1911,1930,19
33140.jpg,1911,1905,-6
33145.jpg,1911,1900,-11
33150.jpg,1911,1492,-419
33155.jpg,1911,1960,49
33160.jpg,1911,1955,44
33165.jpg,1911,1900,-11
33170.jpg,1911,1905,-6
33175.jpg,1911,1990,79
33180.jpg,1911,2005,94
33185.jpg,1911,1900,-11
33190.jpg,1911,1905,-6
33195.jpg,1911,2005,94
33200.jpg,1911,1910,-1
33205.jpg,1911,1890,-21
33210.jpg,1911,1870,-41
33215.jpg,1911,1905,-6
33220.jpg,1911,1910,-1
33225.jpg,1911,1915,4
33230.jpg,1911,1900,-11
33235.jpg,1911,1820,-91
33240.jpg,1911,1922,11
33245.jpg,1911,1925,14
33250.jpg,1911,1930,19
33255.jpg,1911,1900,-11
33260.jpg,1911,1920,9
33265.jpg,1911,1912,1
33270.jpg,1911,1910,-1
33275.jpg,1911,1905,-6
33280.jpg,1912,1905,-7
33285.jpg,1912,1901,-11
33290.jpg,1912,1900,-12
33295.jpg,1912,1927,15
33300.jpg,1912,1890,-22
33310.jpg,1912,1975,63
33315.jpg,1912,1975,63
33320.jpg,1912,1985,73
33325.jpg,1912,1930,18
33330.jpg,1912,1960,48
33335.jpg,1912,1890,-22
33340.jpg,1912,1930,18
33345.jpg,1912,1910,-2
33350.jpg,1912,1850,-62
33355.jpg,1912,1910,-2
33360.jpg,1912,1930,18
33365.jpg,1912,1910,-2
33375.jpg,1912,1905,-7
33380.jpg,1912,1938,26
33385.jpg,1912,1900,-12
33390.jpg,1912,1910,-2
33395.jpg,1912,1942,30
33400.jpg,1912,1915,3
33405.jpg,1912,2000,88
33410.jpg,1912,1905,-7
33415.jpg,1912,1920,8
33420.jpg,1912,1905,-7
33425.jpg,1912,1885,-27
33430.jpg,1912,1930,18
33435.jpg,1912,1920,8
33440.jpg,1912,1920,8
33445.jpg,1912,1905,-7
33450.jpg,1912,1910,-2
33455.jpg,1912,1920,8
33460.jpg,1912,1925,13
33465.jpg,1912,1900,-12
33470.jpg,1912,1910,-2
33475.jpg,1912,1905,-7
33480.jpg,1912,1900,-12
33485.jpg,1912,1967,55
33490.jpg,1912,1900,-12
33495.jpg,1912,1980,68
33500.jpg,1912,1965,53
33505.jpg,1912,1870,-42
33510.jpg,1912,1950,38
33515.jpg,1912,1910,-2
33520.jpg,1912,2000,88
33525.jpg,1912,1930,18
33530.jpg,1912,1920,8
33535.jpg,1912,1900,-12
33540.jpg,1912,1900,-12
33545.jpg,1912,1920,8
33550.jpg,1912,1920,8
33555.jpg,1912,1905,-7
33560.jpg,1912,1902,-10
33565.jpg,1912,1950,38
33570.jpg,1912,1900,-12
33580.jpg,1912,1750,-162
33585.jpg,1912,1905,-7
33590.jpg,1912,1920,8
33595.jpg,1912,1900,-12
33600.jpg,1912,1915,3
33605.jpg,1912,1895,-17
33615.jpg,1912,1920,8
33620.jpg,1912,1985,73
33625.jpg,1912,1900,-12
33630.jpg,1912,1900,-12
33635.jpg,1912,1925,13
33640.jpg,1912,1900,-12
33645.jpg,1912,1920,8
33650.jpg,1912,1900,-12
33655.jpg,1912,1905,-7
33660.jpg,1912,1910,-2
33665.jpg,1912,1895,-17
33670.jpg,1912,1905,-7
33675.jpg,1912,1995,83
33680.jpg,1912,1925,13
33685.jpg,1912,1930,18
33690.jpg,1912,1968,56
33695.jpg,1912,1878,-34
33700.jpg,1912,1920,8
33705.jpg,1912,1910,-2
33710.jpg,1912,1905,-7
33715.jpg,1912,1950,38
33720.jpg,1912,1900,-12
33725.jpg,1912,1935,23
33735.jpg,1912,1900,-12
33740.jpg,1912,-1,-1913
33745.jpg,1912,1930,18
33750.jpg,1912,1900,-12
33755.jpg,1912,1910,-2
33760.jpg,1912,1850,-62
33765.jpg,1913,1930,17
33770.jpg,1913,1750,-163
33775.jpg,1913,1908,-5
33780.jpg,1913,1905,-8
33785.jpg,1913,1910,-3
33790.jpg,1913,1900,-13
33795.jpg,1913,1880,-33
33800.jpg,1913,1900,-13
33805.jpg,1913,1910,-3
33810.jpg,1913,1905,-8
33815.jpg,1913,1955,42
33820.jpg,1913,1958,45
33825.jpg,1913,1890,-23
33830.jpg,1913,1900,-13
33840.jpg,1913,1930,17
33845.jpg,1913,1910,-3
33850.jpg,1913,1925,12
33855.jpg,1913,1925,12
33860.jpg,1913,1895,-18
33865.jpg,1913,1910,-3
33870.jpg,1913,1820,-93
33875.jpg,1913,1905,-8
33880.jpg,1913,1925,12
33885.jpg,1913,1925,12
33890.jpg,1913,1915,2
33895.jpg,1913,1975,62
33900.jpg,1913,1906,-7
33905.jpg,1913,1910,-3
33910.jpg,1913,1900,-13
33915.jpg,1913,1890,-23
33920.jpg,1913,1910,-3
33925.jpg,1913,1940,27
33930.jpg,1913,1940,27
33935.jpg,1913,1910,-3
33940.jpg,1913,1930,17
33945.jpg,1913,1905,-8
33950.jpg,1913,1910,-3
33955.jpg,1913,1970,57
33960.jpg,1913,1900,-13
33965.jpg,1913,1910,-3
33970.jpg,1913,1920,7
33975.jpg,1913,1921,8
33980.jpg,1913,1950,37
33985.jpg,1913,1975,62
33990.jpg,1913,1850,-63
33995.jpg,1913,1910,-3
34000.jpg,1913,1920,7
34005.jpg,1913,1955,42
34010.jpg,1913,1870,-43
34015.jpg,1913,1955,42
34020.jpg,1913,1852,-61
34025.jpg,1913,1970,57
34030.jpg,1913,1930,17
34035.jpg,1913,1920,7
34040.jpg,1913,1910,-3
34045.jpg,1913,1925,12
34050.jpg,1913,1920,7
34055.jpg,1913,1920,7
34060.jpg,1913,1910,-3
34065.jpg,1913,1905,-8
34070.jpg,1913,1925,12
34080.jpg,1913,1900,-13
34085.jpg,1913,1890,-23
34090.jpg,1913,1970,57
34095.jpg,1913,1930,17
34100.jpg,1913,1905,-8
34105.jpg,1913,1900,-13
34110.jpg,1913,1900,-13
34115.jpg,1913,1905,-8
34120.jpg,1913,1900,-13
34125.jpg,1913,1910,-3
34130.jpg,1913,1870,-43
34135.jpg,1913,1900,-13
34140.jpg,1913,1905,-8
34145.jpg,1913,1955,42
34150.jpg,1913,1915,2
34155.jpg,1913,1930,17
34160.jpg,1913,1900,-13
34165.jpg,1913,1910,-3
34170.jpg,1913,1910,-3
34175.jpg,1913,1900,-13
34180.jpg,1913,1780,-133
34185.jpg,1913,1900,-13
34190.jpg,1913,1990,77
34195.jpg,1913,1820,-93
34200.jpg,1913,1970,57
34205.jpg,1913,1924,11
34210.jpg,1913,1920,7
34215.jpg,1913,1930,17
34220.jpg,1913,1960,47
34225.jpg,1914,1925,11
34230.jpg,1914,1905,-9
34235.jpg,1914,1925,11
34240.jpg,1914,1925,11
34245.jpg,1914,1965,51
34250.jpg,1914,1925,11
34260.jpg,1914,2001,87
34265.jpg,1914,1912,-2
34270.jpg,1914,1924,10
34275.jpg,1914,1905,-9
34280.jpg,1914,1840,-74
34285.jpg,1914,1900,-14
34290.jpg,1914,1895,-19
34295.jpg,1914,1908,-6
34300.jpg,1914,1910,-4
34305.jpg,1914,1900,-14
34310.jpg,1914,1985,71
34315.jpg,1914,1920,6
34320.jpg,1914,1908,-6
34325.jpg,1914,1900,-14
34330.jpg,1914,1925,11
34335.jpg,1914,1925,11
34345.jpg,1914,1920,6
34350.jpg,1914,1920,6
34360.jpg,1914,1920,6
34365.jpg,1914,1905,-9
34370.jpg,1914,1930,16
34375.jpg,1914,1905,-9
34380.jpg,1914,1938,24
34385.jpg,1914,1920,6
34390.jpg,1914,1910,-4
34395.jpg,1914,1910,-4
34400.jpg,1914,1900,-14
34405.jpg,1914,1910,-4
34410.jpg,1914,1923,9
34415.jpg,1914,1910,-4
34420.jpg,1914,-1,-1915
34425.jpg,1914,50,-1864
34430.jpg,1914,1923,9
34435.jpg,1914,1910,-4
34440.jpg,1914,1850,-64
34445.jpg,1914,1885,-29
34450.jpg,1914,1815,-99
34455.jpg,1914,1890,-24
34460.jpg,1914,1895,-19
34465.jpg,1914,1905,-9
34470.jpg,1914,1930,16
34475.jpg,1914,1885,-29
34480.jpg,1914,1930,16
34485.jpg,1914,1920,6
34490.jpg,1914,1900,-14
34495.jpg,1914,1885,-29
34500.jpg,1914,1880,-34
34505.jpg,1914,1950,36
34515.jpg,1914,1820,-94
34520.jpg,1914,1905,-9
34525.jpg,1914,1820,-94
34530.jpg,1914,1885,-29
34535.jpg,1914,1850,-64
34540.jpg,1914,1945,31
34545.jpg,1914,1850,-64
34550.jpg,1914,1910,-4
34555.jpg,1914,1850,-64
34560.jpg,1914,1910,-4
34565.jpg,1914,1900,-14
34570.jpg,1914,1990,76
34575.jpg,1914,1910,-4
34580.jpg,1914,1900,-14
34590.jpg,1914,1905,-9
34595.jpg,1914,1920,6
34600.jpg,1914,1920,6
34605.jpg,1914,1910,-4
34610.jpg,1914,1910,-4
34615.jpg,1914,1920,6
34620.jpg,1914,1870,-44
34625.jpg,1914,1905,-9
34630.jpg,1914,1900,-14
34635.jpg,1914,1890,-24
34640.jpg,1914,1900,-14
34645.jpg,1914,1900,-14
34650.jpg,1914,1900,-14
34655.jpg,1914,1910,-4
34660.jpg,1914,1980,66
34665.jpg,1914,1920,6
34670.jpg,1914,1900,-14
34675.jpg,1914,1925,11
34680.jpg,1914,1900,-14
34685.jpg,1914,1952,38
34690.jpg,1914,1935,21
34695.jpg,1914,1920,6
34700.jpg,1914,2005,91
34705.jpg,1914,1930,16
34710.jpg,1914,1920,6
34715.jpg,1914,1910,-4
34720.jpg,1915,1820,-95
34725.jpg,1915,1910,-5
34730.jpg,1915,1935,20
34735.jpg,1915,1925,10
34740.jpg,1915,1915,0
34750.jpg,1915,1925,10
34755.jpg,1915,1975,60
34765.jpg,1915,1650,-265
34770.jpg,1915,1960,45
34775.jpg,1915,1920,5
34780.jpg,1915,1920,5
34785.jpg,1915,1920,5
34790.jpg,1915,1920,5
34795.jpg,1915,1900,-15
34800.jpg,1915,1930,15
34805.jpg,1915,1910,-5
34810.jpg,1915,1920,5
34815.jpg,1915,1945,30
34820.jpg,1915,1970,55
34825.jpg,1915,1908,-7
34830.jpg,1915,1900,-15
34835.jpg,1915,1920,5
34840.jpg,1915,1920,5
34845.jpg,1915,1920,5
34850.jpg,1915,1890,-25
34855.jpg,1915,1910,-5
34860.jpg,1915,1935,20
34865.jpg,1915,1925,10
34870.jpg,1915,1920,5
34875.jpg,1915,1910,-5
34880.jpg,1915,1905,-10
34885.jpg,1915,1890,-25
34890.jpg,1915,1870,-45
34895.jpg,1915,1920,5
34900.jpg,1915,1920,5
34905.jpg,1915,1920,5
34910.jpg,1915,1975,60
34915.jpg,1915,1925,10
34920.jpg,1915,1900,-15
34925.jpg,1915,1850,-65
34930.jpg,1915,1975,60
34935.jpg,1915,1900,-15
34940.jpg,1915,1890,-25
34945.jpg,1915,1930,15
34950.jpg,1915,1920,5
34955.jpg,1915,1930,15
34960.jpg,1915,1975,60
34965.jpg,1915,2000,85
34970.jpg,1915,1900,-15
34975.jpg,1915,1900,-15
34980.jpg,1915,1900,-15
34985.jpg,1915,1905,-10
34990.jpg,1915,1910,-5
34995.jpg,1915,1890,-25
35000.jpg,1915,1900,-15
35005.jpg,1915,1970,55
35010.jpg,1915,1960,45
35015.jpg,1915,1920,5
35020.jpg,1915,1965,50
35025.jpg,1915,1910,-5
35030.jpg,1915,1900,-15
35035.jpg,1915,1905,-10
35040.jpg,1915,1925,10
35045.jpg,1915,1935,20
35050.jpg,1915,2000,85
35055.jpg,1915,-1,-1916
35060.jpg,1915,1940,25
35065.jpg,1915,1950,35
35070.jpg,1915,1900,-15
35075.jpg,1915,1920,5
35080.jpg,1915,1950,35
35085.jpg,1915,1910,-5
35090.jpg,1915,1920,5
35095.jpg,1915,1902,-13
35100.jpg,1915,1920,5
35105.jpg,1915,1935,20
35110.jpg,1915,1910,-5
35115.jpg,1915,1985,70
35120.jpg,1915,1920,5
35125.jpg,1915,1933,18
35130.jpg,1915,1910,-5
35135.jpg,1915,1930,15
35140.jpg,1915,1850,-65
35145.jpg,1915,1935,20
35150.jpg,1915,1955,40
35155.jpg,1915,1920,5
35160.jpg,1916,1910,-6
35165.jpg,1916,1950,34
35170.jpg,1916,1930,14
35175.jpg,1916,2000,84
35180.jpg,1916,1850,-66
35185.jpg,1916,1900,-16
35190.jpg,1916,1823,-93
35195.jpg,1916,1935,19
35200.jpg,1916,1920,4
35205.jpg,1916,1930,14
35210.jpg,1916,1960,44
35215.jpg,1916,1905,-11
35220.jpg,1916,1920,4
35225.jpg,1916,1905,-11
35230.jpg,1916,1925,9
35235.jpg,1916,1910,-6
35240.jpg,1916,1935,19
35245.jpg,1916,1930,14
35250.jpg,1916,1905,-11
35255.jpg,1916,1960,44
35260.jpg,1916,1910,-6
35265.jpg,1916,1925,9
35270.jpg,1916,1900,-16
35275.jpg,1916,1910,-6
35280.jpg,1916,1910,-6
35285.jpg,1916,1905,-11
35290.jpg,1916,1910,-6
35295.jpg,1916,1850,-66
35300.jpg,1916,1895,-21
35305.jpg,1916,2001,85
35310.jpg,1916,1900,-16
35315.jpg,1916,1950,34
35320.jpg,1916,1960,44
35325.jpg,1916,1920,4
35330.jpg,1916,1925,9
35335.jpg,1916,1850,-66
35340.jpg,1916,1910,-6
35345.jpg,1916,1890,-26
35350.jpg,1916,1910,-6
35355.jpg,1916,1935,19
35360.jpg,1916,1920,4
35365.jpg,1916,1930,14
35370.jpg,1916,1925,9
35375.jpg,1916,1905,-11
35380.jpg,1916,1905,-11
35385.jpg,1916,1920,4
35390.jpg,1916,1950,34
35395.jpg,1916,1960,44
35400.jpg,1916,1905,-11
35405.jpg,1916,1900,-16
35410.jpg,1916,1955,39
35415.jpg,1916,1905,-11
35420.jpg,1916,1890,-26
35425.jpg,1916,1960,44
35430.jpg,1916,1955,39
35435.jpg,1916,1780,-136
35440.jpg,1916,1933,17
35445.jpg,1916,1910,-6
35450.jpg,1916,1910,-6
35455.jpg,1916,1910,-6
35460.jpg,1916,1900,-16
35465.jpg,1916,1920,4
35470.jpg,1916,1900,-16
35475.jpg,1916,1850,-66
35480.jpg,1916,1935,19
35485.jpg,1916,1682,-234
35490.jpg,1916,1910,-6
35495.jpg,1916,1935,19
35500.jpg,1916,1931,15
35505.jpg,1916,1910,-6
35510.jpg,1916,1850,-66
35515.jpg,1916,1930,14
35520.jpg,1916,1905,-11
35525.jpg,1916,1910,-6
35530.jpg,1916,1920,4
35535.jpg,1917,1920,3
35540.jpg,1917,1910,-7
35545.jpg,1917,1910,-7
35550.jpg,1917,1925,8
35555.jpg,1917,1930,13
35560.jpg,1917,1910,-7
35565.jpg,1917,1985,68
35570.jpg,1917,1910,-7
35575.jpg,1917,1920,3
35580.jpg,1917,1850,-67
35585.jpg,1917,1910,-7
35590.jpg,1917,1925,8
35595.jpg,1917,1930,13
35600.jpg,1917,1925,8
35605.jpg,1917,1925,8
35610.jpg,1917,1910,-7
35615.jpg,1917,1905,-12
35620.jpg,1917,1945,28
35625.jpg,1917,1885,-32
35630.jpg,1917,1920,3
35635.jpg,1917,1935,18
35640.jpg,1917,1930,13
35645.jpg,1917,1930,13
35650.jpg,1917,1955,38
35655.jpg,1917,1920,3
35660.jpg,1917,2005,88
35665.jpg,1917,1975,58
35670.jpg,1917,1960,43
35675.jpg,1917,1950,33
35680.jpg,1917,1920,3
35685.jpg,1917,1878,-39
35690.jpg,1917,1950,33
35695.jpg,1917,1930,13
35700.jpg,1917,1920,3
35705.jpg,1917,1960,43
35710.jpg,1917,1925,8
35715.jpg,1917,1925,8
35720.jpg,1917,1950,33
35725.jpg,1917,2005,88
35730.jpg,1917,1912,-5
35735.jpg,1917,1930,13
35740.jpg,1917,1950,33
35745.jpg,1917,1985,68
35750.jpg,1917,1950,33
35755.jpg,1917,1950,33
35760.jpg,1917,1935,18
35765.jpg,1917,1800,-117
35770.jpg,1917,1920,3
35775.jpg,1917,1910,-7
35780.jpg,1917,1890,-27
35785.jpg,1917,1985,68
35790.jpg,1917,1950,33
35795.jpg,1917,1905,-12
35800.jpg,1917,1930,13
35805.jpg,1917,1905,-12
35810.jpg,1917,1895,-22
35815.jpg,1917,1905,-12
35820.jpg,1917,2000,83
35825.jpg,1917,1910,-7
35830.jpg,1917,1925,8
35835.jpg,1917,1995,78
35840.jpg,1917,1925,8
35845.jpg,1917,1910,-7
35850.jpg,1917,1905,-12
35855.jpg,1917,1936,19
35860.jpg,1917,-1,-1918
35865.jpg,1917,1950,33
35870.jpg,1917,1925,8
35875.jpg,1917,1929,12
35880.jpg,1917,1907,-10
35885.jpg,1917,1905,-12
35890.jpg,1917,1900,-17
35895.jpg,1917,1890,-27
35900.jpg,1917,1985,68
35905.jpg,1917,1925,8
35910.jpg,1917,1900,-17
35915.jpg,1917,1960,43
35920.jpg,1918,1935,17
35925.jpg,1918,1990,72
35930.jpg,1918,1900,-18
35935.jpg,1918,1986,68
35940.jpg,1918,1958,40
35945.jpg,1918,1925,7
35950.jpg,1918,1930,12
35955.jpg,1918,1950,32
35960.jpg,1918,1910,-8
35965.jpg,1918,1960,42
35970.jpg,1918,1850,-68
35980.jpg,1918,1950,32
35985.jpg,1918,1920,2
35990.jpg,1918,1930,12
35995.jpg,1918,1950,32
36000.jpg,1918,1905,-13
36005.jpg,1918,1900,-18
36010.jpg,1918,1825,-93
36015.jpg,1918,1810,-108
36020.jpg,1918,1910,-8
36025.jpg,1918,1920,2
36030.jpg,1918,1925,7
36035.jpg,1918,1975,57
36040.jpg,1918,1890,-28
36045.jpg,1918,1920,2
36050.jpg,1918,1985,67
36055.jpg,1918,1810,-108
36060.jpg,1918,1900,-18
36065.jpg,1918,2000,82
36070.jpg,1918,1960,42
36075.jpg,1918,1910,-8
36080.jpg,1918,1995,77
36085.jpg,1918,1905,-13
36090.jpg,1918,1920,2
36095.jpg,1918,1905,-13
36100.jpg,1918,1750,-168
36105.jpg,1918,1910,-8
36110.jpg,1918,1910,-8
36115.jpg,1919,1920,1
36120.jpg,1919,1950,31
36130.jpg,1919,2000,81
36140.jpg,1919,1920,1
36145.jpg,1919,1955,36
36150.jpg,1919,1930,11
36155.jpg,1919,1950,31
36160.jpg,1919,1920,1
36165.jpg,1919,1995,76
36170.jpg,1919,1900,-19
36175.jpg,1919,1995,76
36180.jpg,1919,1957,38
36190.jpg,1919,1930,11
36195.jpg,1919,-1,-1920
36200.jpg,1919,1930,11
36205.jpg,1919,1950,31
36210.jpg,1919,1905,-14
36215.jpg,1919,1910,-9
36225.jpg,1919,1905,-14
36230.jpg,1919,1925,6
36235.jpg,1919,1900,-19
36240.jpg,1919,1990,71
36245.jpg,1919,1985,66
36250.jpg,1919,1955,36
36255.jpg,1919,1840,-79
36260.jpg,1919,1950,31
36265.jpg,1919,1900,-19
36270.jpg,1919,1905,-14
36275.jpg,1919,1910,-9
36280.jpg,1919,1730,-189
36285.jpg,1919,1926,7
36290.jpg,1919,2010,91
36295.jpg,1919,1920,1
36300.jpg,1919,1910,-9
36305.jpg,1919,1900,-19
36310.jpg,1919,1920,1
36315.jpg,1919,1850,-69
36320.jpg,1919,1940,21
36325.jpg,1919,1910,-9
36330.jpg,1919,1920,1
36335.jpg,1919,1925,6
36340.jpg,1919,1940,21
36345.jpg,1919,-1,-1920
36350.jpg,1920,1930,10
36355.jpg,1920,1890,-30
36360.jpg,1920,1930,10
36365.jpg,1920,1995,75
36370.jpg,1920,1975,55
36375.jpg,1920,1960,40
36385.jpg,1920,1960,40
36390.jpg,1920,1930,10
36395.jpg,1920,1990,70
36400.jpg,1920,1850,-70
36405.jpg,1920,1910,-10
36410.jpg,1920,1965,45
36415.jpg,1920,1850,-70
36420.jpg,1920,1905,-15
36425.jpg,1920,1958,38
36430.jpg,1920,1847,-73
36435.jpg,1920,1900,-20
36440.jpg,1920,1850,-70
36445.jpg,1920,1900,-20
36450.jpg,1920,1950,30
36455.jpg,1920,1868,-52
36460.jpg,1920,1890,-30
36465.jpg,1920,1910,-10
36470.jpg,1920,1932,12
36475.jpg,1920,1850,-70
36480.jpg,1920,1900,-20
36485.jpg,1920,1985,65
36490.jpg,1920,1900,-20
36495.jpg,1920,1925,5
36500.jpg,1920,1955,35
36505.jpg,1920,1930,10
36510.jpg,1920,1890,-30
36515.jpg,1920,1890,-30
36520.jpg,1920,1910,-10
36525.jpg,1920,1885,-35
36530.jpg,1920,1900,-20
36535.jpg,1920,1885,-35
36540.jpg,1920,1910,-10
36545.jpg,1920,1960,40
36550.jpg,1920,1875,-45
36555.jpg,1920,1920,0
36560.jpg,1920,1955,35
36565.jpg,1920,1850,-70
36570.jpg,1920,1985,65
36575.jpg,1920,1975,55
36580.jpg,1920,1970,50
36585.jpg,1920,1905,-15
36590.jpg,1920,1905,-15
36595.jpg,1920,1850,-70
36600.jpg,1920,1985,65
36605.jpg,1920,1890,-30
36610.jpg,1920,1915,-5
36615.jpg,1920,1880,-40
36620.jpg,1920,1905,-15
36625.jpg,1920,2010,90
36630.jpg,1920,1925,5
36635.jpg,1920,1925,5
36640.jpg,1920,1930,10
36650.jpg,1920,1940,20
36655.jpg,1920,1960,40
36660.jpg,1920,1837,-83
36665.jpg,1920,1955,35
36670.jpg,1920,1910,-10
36675.jpg,1920,1930,10
36680.jpg,1920,1915,-5
36685.jpg,1920,1930,10
36690.jpg,1921,1920,-1
36695.jpg,1921,1960,39
36700.jpg,1921,1940,19
36705.jpg,1921,1923,2
36710.jpg,1921,1905,-16
36715.jpg,1921,1930,9
36720.jpg,1921,1975,54
36725.jpg,1921,1920,-1
36735.jpg,1921,1985,64
36740.jpg,1921,1920,-1
36745.jpg,1921,1940,19
36750.jpg,1921,1905,-16
36755.jpg,1921,1920,-1
36760.jpg,1921,1900,-21
36765.jpg,1921,1920,-1
36770.jpg,1921,1955,34
36775.jpg,1921,1910,-11
36780.jpg,1921,1905,-16
36785.jpg,1921,1960,39
36790.jpg,1921,1920,-1
36795.jpg,1921,1920,-1
36800.jpg,1921,1900,-21
36805.jpg,1921,1905,-16
36810.jpg,1921,1875,-46
36815.jpg,1921,1920,-1
36820.jpg,1921,1910,-11
36830.jpg,1921,1920,-1
36835.jpg,1921,1908,-13
36840.jpg,1921,1920,-1
36845.jpg,1921,2000,79
36850.jpg,1921,1891,-30
36855.jpg,1921,1925,4
36860.jpg,1921,1930,9
36870.jpg,1921,1930,9
36875.jpg,1921,1890,-31
36880.jpg,1921,1900,-21
36885.jpg,1921,1985,64
36890.jpg,1921,1920,-1
36895.jpg,1921,1935,14
36900.jpg,1921,1975,54
36905.jpg,1921,1903,-18
36910.jpg,1921,1870,-51
36920.jpg,1921,1945,24
36925.jpg,1921,1928,7
36930.jpg,1921,1920,-1
36935.jpg,1921,1920,-1
36940.jpg,1921,1930,9
36945.jpg,1921,1925,4
36950.jpg,1921,1905,-16
36955.jpg,1921,1900,-21
36960.jpg,1921,1905,-16
36965.jpg,1921,1930,9
36970.jpg,1922,1900,-22
36975.jpg,1922,1910,-12
36980.jpg,1922,1908,-14
36985.jpg,1922,1930,8
36990.jpg,1922,1927,5
36995.jpg,1922,1965,43
37000.jpg,1922,1985,63
37005.jpg,1922,1985,63
37010.jpg,1922,1921,-1
37015.jpg,1922,1980,58
37020.jpg,1922,1840,-82
37025.jpg,1922,-1,-1923
37030.jpg,1922,-1,-1923
37045.jpg,1922,1910,-12
37050.jpg,1922,1960,38
37055.jpg,1922,1900,-22
37060.jpg,1922,1930,8
37065.jpg,1922,1937,15
37070.jpg,1922,1920,-2
37075.jpg,1922,1905,-17
37080.jpg,1922,1930,8
37085.jpg,1922,1790,-132
37090.jpg,1922,1905,-17
37095.jpg,1922,1910,-12
37100.jpg,1922,1925,3
37105.jpg,1922,1900,-22
37110.jpg,1922,1920,-2
37115.jpg,1922,1900,-22
37120.jpg,1922,1935,13
37125.jpg,1922,1930,8
37130.jpg,1922,1760,-162
37135.jpg,1922,1910,-12
37140.jpg,1922,1985,63
37145.jpg,1922,1905,-17
37150.jpg,1922,1790,-132
37155.jpg,1922,1895,-27
37160.jpg,1922,1885,-37
37165.jpg,1922,1925,3
37170.jpg,1922,1955,33
37175.jpg,1922,1885,-37
37180.jpg,1922,1890,-32
37185.jpg,1922,1920,-2
37190.jpg,1922,1930,8
37195.jpg,1922,1890,-32
37200.jpg,1922,1920,-2
37205.jpg,1922,1995,73
37210.jpg,1922,1915,-7
37215.jpg,1922,2000,78
37220.jpg,1922,1890,-32
37225.jpg,1922,1995,73
37230.jpg,1922,1910,-12
37235.jpg,1922,1905,-17
37240.jpg,1922,1910,-12
37245.jpg,1922,-1,-1923
37250.jpg,1922,1930,8
37255.jpg,1922,2005,83
37260.jpg,1922,1980,58
37270.jpg,1922,1925,3
37275.jpg,1922,1930,8
37280.jpg,1922,2000,78
37285.jpg,1922,1975,53
37290.jpg,1922,1815,-107
37295.jpg,1922,1970,48
37300.jpg,1922,1890,-32
37305.jpg,1922,1910,-12
37310.jpg,1923,1944,21
37315.jpg,1923,1920,-3
37320.jpg,1923,1935,12
37330.jpg,1923,1967,44
37335.jpg,1923,1920,-3
37340.jpg,1923,2005,82
37345.jpg,1923,2010,87
37355.jpg,1923,1958,35
37360.jpg,1923,1890,-33
37365.jpg,1923,1935,12
37370.jpg,1923,1935,12
37375.jpg,1923,1915,-8
37380.jpg,1923,1950,27
37385.jpg,1923,1960,37
37390.jpg,1923,1750,-173
37395.jpg,1923,1955,32
37400.jpg,1923,1905,-18
37405.jpg,1923,1920,-3
37410.jpg,1923,1920,-3
37415.jpg,1923,1908,-15
37420.jpg,1923,1925,2
37425.jpg,1923,2005,82
37430.jpg,1923,1905,-18
37435.jpg,1923,1910,-13
37440.jpg,1923,1915,-8
37445.jpg,1923,1900,-23
37450.jpg,1923,1985,62
37455.jpg,1923,1920,-3
37460.jpg,1923,1910,-13
37465.jpg,1923,1955,32
37470.jpg,1923,1933,10
37475.jpg,1923,1955,32
37480.jpg,1923,1900,-23
37485.jpg,1923,1910,-13
37490.jpg,1923,1920,-3
37495.jpg,1923,1950,27
37500.jpg,1923,1925,2
37505.jpg,1923,1925,2
37510.jpg,1923,1915,-8
37515.jpg,1923,1960,37
37520.jpg,1923,1890,-33
37525.jpg,1923,1890,-33
37530.jpg,1923,1905,-18
37535.jpg,1923,1910,-13
37540.jpg,1923,1930,7
37545.jpg,1923,1930,7
37550.jpg,1923,1910,-13
37555.jpg,1923,1920,-3
37560.jpg,1923,1986,63
37565.jpg,1923,1850,-73
37570.jpg,1923,1900,-23
37575.jpg,1923,1930,7
37580.jpg,1923,1890,-33
37585.jpg,1923,1918,-5
37590.jpg,1923,1910,-13
37595.jpg,1923,1890,-33
37600.jpg,1923,1930,7
37605.jpg,1923,1900,-23
37610.jpg,1923,1900,-23
37615.jpg,1923,1930,7
37620.jpg,1923,1980,57
37625.jpg,1923,1925,2
37630.jpg,1923,1905,-18
37635.jpg,1923,1940,17
37640.jpg,1923,1920,-3
37645.jpg,1923,1940,17
37650.jpg,1923,1920,-3
37655.jpg,1923,1935,12
37660.jpg,1923,1930,7
37665.jpg,1923,1920,-3
37670.jpg,1924,1925,1
37675.jpg,1924,2000,76
37680.jpg,1924,1910,-14
37685.jpg,1924,1905,-19
37690.jpg,1924,1910,-14
37695.jpg,1924,1930,6
37700.jpg,1924,1925,1
37705.jpg,1924,1923,-1
37710.jpg,1924,2008,84
37715.jpg,1924,1935,11
37720.jpg,1924,1970,46
37725.jpg,1924,1980,56
37730.jpg,1924,1985,61
37735.jpg,1924,1925,1
37740.jpg,1924,1910,-14
37745.jpg,1924,1930,6
37750.jpg,1924,1905,-19
37755.jpg,1924,1950,26
37760.jpg,1924,1915,-9
37765.jpg,1924,1920,-4
37770.jpg,1924,1905,-19
37775.jpg,1924,1930,6
37780.jpg,1924,1905,-19
37785.jpg,1924,1910,-14
37790.jpg,1924,1910,-14
37795.jpg,1924,1925,1
37805.jpg,1924,1928,4
37810.jpg,1924,1905,-19
37815.jpg,1924,1920,-4
37820.jpg,1924,1910,-14
37825.jpg,1924,1910,-14
37830.jpg,1924,1905,-19
37835.jpg,1924,1890,-34
37845.jpg,1924,2010,86
37850.jpg,1924,1910,-14
37855.jpg,1924,1900,-24
37860.jpg,1924,1850,-74
37865.jpg,1924,1900,-24
37870.jpg,1924,1890,-34
37875.jpg,1924,1985,61
37880.jpg,1924,1920,-4
37885.jpg,1924,1890,-34
37890.jpg,1924,1933,9
37895.jpg,1924,1980,56
37900.jpg,1924,1920,-4
37905.jpg,1924,1950,26
37910.jpg,1924,1930,6
37915.jpg,1924,1975,51
37920.jpg,1924,2005,81
37925.jpg,1924,1920,-4
37930.jpg,1924,1900,-24
37935.jpg,1924,1820,-104
37940.jpg,1924,1909,-15
37945.jpg,1924,1960,36
37950.jpg,1924,1920,-4
37955.jpg,1924,2000,76
37960.jpg,1924,1970,46
37965.jpg,1924,1985,61
37970.jpg,1924,1880,-44
37975.jpg,1924,1905,-19
37980.jpg,1924,1910,-14
37985.jpg,1924,1960,36
37990.jpg,1924,1965,41
37995.jpg,1924,1960,36
38000.jpg,1924,1924,0
38005.jpg,1924,1920,-4
38010.jpg,1924,1920,-4
38015.jpg,1924,1920,-4
38020.jpg,1924,1850,-74
38025.jpg,1924,1910,-14
38030.jpg,1924,1900,-24
38035.jpg,1924,1930,6
38040.jpg,1924,1900,-24
38045.jpg,1924,1932,8
38050.jpg,1924,1950,26
38055.jpg,1924,1925,1
38060.jpg,1924,1797,-127
38065.jpg,1924,1930,6
38070.jpg,1924,1908,-16
38075.jpg,1924,1920,-4
38080.jpg,1925,1850,-75
38085.jpg,1925,1906,-19
38090.jpg,1925,1950,25
38095.jpg,1925,1920,-5
38100.jpg,1925,1900,-25
38105.jpg,1925,1925,0
38110.jpg,1925,1925,0
38115.jpg,1925,2000,75
38120.jpg,1925,2005,80
38125.jpg,1925,1960,35
38130.jpg,1925,2000,75
38135.jpg,1925,2010,85
38140.jpg,1925,1925,0
38145.jpg,1925,1911,-14
38150.jpg,1925,1915,-10
38155.jpg,1925,1910,-15
38160.jpg,1925,-1,-1926
38165.jpg,1925,1905,-20
38170.jpg,1925,1924,-1
38175.jpg,1925,1950,25
38180.jpg,1925,1960,35
38185.jpg,1925,1920,-5
38190.jpg,1925,1965,40
38195.jpg,1925,1985,60
38200.jpg,1925,1985,60
38205.jpg,1925,1910,-15
38210.jpg,1925,1906,-19
38215.jpg,1925,1930,5
38220.jpg,1925,1930,5
38225.jpg,1925,1920,-5
38230.jpg,1925,1925,0
38235.jpg,1925,1920,-5
38245.jpg,1925,1935,10
38255.jpg,1925,1930,5
38260.jpg,1925,2003,78
38265.jpg,1925,1910,-15
38270.jpg,1925,1850,-75
38275.jpg,1925,1955,30
38280.jpg,1925,1950,25
38285.jpg,1925,1920,-5
38290.jpg,1925,1900,-25
38295.jpg,1925,1910,-15
38300.jpg,1925,1895,-30
38305.jpg,1925,1945,20
38310.jpg,1925,1890,-35
38315.jpg,1925,1890,-35
38320.jpg,1925,1895,-30
38325.jpg,1925,1925,0
38330.jpg,1925,1920,-5
38335.jpg,1925,1910,-15
38340.jpg,1925,1920,-5
38345.jpg,1925,1895,-30
38350.jpg,1925,1920,-5
38355.jpg,1925,1920,-5
38360.jpg,1925,1935,10
38365.jpg,1925,1905,-20
38370.jpg,1925,1910,-15
38375.jpg,1925,1930,5
38380.jpg,1925,1955,30
38385.jpg,1925,1905,-20
38390.jpg,1925,1925,0
38395.jpg,1925,1920,-5
38400.jpg,1925,1850,-75
38405.jpg,1925,1900,-25
38410.jpg,1925,1910,-15
38415.jpg,1925,2020,95
38420.jpg,1925,1910,-15
38425.jpg,1925,1910,-15
38435.jpg,1925,1914,-11
38440.jpg,1925,1920,-5
38450.jpg,1925,1900,-25
38455.jpg,1925,2005,80
38460.jpg,1925,1935,10
38465.jpg,1925,1925,0
38470.jpg,1925,2000,75
38475.jpg,1925,1930,5
38480.jpg,1925,1910,-15
38490.jpg,1925,1908,-17
38495.jpg,1925,1910,-15
38500.jpg,1925,1925,0
38505.jpg,1925,1930,5
38510.jpg,1925,1905,-20
38515.jpg,1926,1814,-112
38520.jpg,1926,1925,-1
38525.jpg,1926,1925,-1
38530.jpg,1926,1920,-6
38535.jpg,1926,1900,-26
38540.jpg,1926,1929,3
38545.jpg,1926,1900,-26
38550.jpg,1926,1925,-1
38555.jpg,1926,1930,4
38560.jpg,1926,1925,-1
38565.jpg,1926,1900,-26
38570.jpg,1926,1927,1
38575.jpg,1926,1985,59
38580.jpg,1926,2000,74
38585.jpg,1926,1965,39
38590.jpg,1926,1965,39
38595.jpg,1926,2005,79
38600.jpg,1926,1930,4
38605.jpg,1926,2000,74
38610.jpg,1926,1940,14
38620.jpg,1926,1930,4
38625.jpg,1926,1920,-6
38630.jpg,1926,1990,64
38635.jpg,1926,1930,4
38640.jpg,1926,1978,52
38645.jpg,1926,1995,69
38650.jpg,1926,1930,4
38655.jpg,1926,1960,34
38660.jpg,1926,1935,9
38665.jpg,1926,1920,-6
38670.jpg,1926,1930,4
38675.jpg,1926,1960,34
38680.jpg,1926,1937,11
38685.jpg,1926,1935,9
38690.jpg,1926,1932,6
38695.jpg,1926,1930,4
38700.jpg,1926,1905,-21
38705.jpg,1926,1880,-46
38710.jpg,1926,1906,-20
38715.jpg,1926,1935,9
38720.jpg,1926,1900,-26
38725.jpg,1926,1925,-1
38730.jpg,1926,1900,-26
38735.jpg,1926,1910,-16
38740.jpg,1926,1935,9
38745.jpg,1926,1920,-6
38750.jpg,1926,1928,2
38755.jpg,1926,1925,-1
38760.jpg,1926,1935,9
38765.jpg,1926,1925,-1
38770.jpg,1926,1920,-6
38775.jpg,1926,1830,-96
38780.jpg,1926,1930,4
38785.jpg,1926,1960,34
38790.jpg,1926,1930,4
38795.jpg,1926,1920,-6
38800.jpg,1926,1950,24
38805.jpg,1926,1850,-76
38810.jpg,1926,1985,59
38815.jpg,1926,1930,4
38820.jpg,1926,1975,49
38825.jpg,1926,1930,4
38830.jpg,1926,1920,-6
38835.jpg,1926,1890,-36
38840.jpg,1926,1945,19
38845.jpg,1926,1950,24
38850.jpg,1926,1915,-11
38855.jpg,1926,1935,9
38860.jpg,1926,1900,-26
38865.jpg,1926,1930,4
38870.jpg,1926,1995,69
38875.jpg,1926,1910,-16
38880.jpg,1926,1931,5
38885.jpg,1926,1850,-76
38890.jpg,1926,1905,-21
38895.jpg,1926,1935,9
38905.jpg,1926,1910,-16
38910.jpg,1926,1920,-6
38915.jpg,1926,1920,-6
38920.jpg,1926,1925,-1
38925.jpg,1926,1920,-6
38930.jpg,1926,1913,-13
38935.jpg,1926,1910,-16
38940.jpg,1926,1900,-26
38945.jpg,1926,1920,-6
38950.jpg,1926,1936,10
38955.jpg,1926,1975,49
38960.jpg,1926,1955,29
38965.jpg,1926,1915,-11
38970.jpg,1926,1920,-6
38975.jpg,1926,1930,4
38980.jpg,1926,2000,74
38985.jpg,1926,1938,12
38990.jpg,1926,1930,4
38995.jpg,1927,1920,-7
39000.jpg,1927,1920,-7
39005.jpg,1927,1930,3
39010.jpg,1927,1925,-2
39020.jpg,1927,1920,-7
39025.jpg,1927,1920,-7
39030.jpg,1927,1915,-12
39035.jpg,1927,1925,-2
39040.jpg,1927,1925,-2
39045.jpg,1927,1948,21
39050.jpg,1927,1920,-7
39055.jpg,1927,1930,3
39060.jpg,1927,1925,-2
39065.jpg,1927,1925,-2
39070.jpg,1927,1928,1
39075.jpg,1927,1932,5
39080.jpg,1927,1930,3
39085.jpg,1927,2005,78
39090.jpg,1927,1970,43
39110.jpg,1927,1975,48
39115.jpg,1927,1930,3
39120.jpg,1927,1930,3
39125.jpg,1927,1930,3
39130.jpg,1927,1935,8
39135.jpg,1927,1930,3
39140.jpg,1927,1930,3
39145.jpg,1927,1920,-7
39150.jpg,1927,1945,18
39155.jpg,1927,1958,31
39160.jpg,1927,1900,-27
39165.jpg,1927,1900,-27
39170.jpg,1927,1920,-7
39175.jpg,1927,1930,3
39180.jpg,1927,1920,-7
39185.jpg,1927,1915,-12
39190.jpg,1927,1920,-7
39195.jpg,1927,1920,-7
39200.jpg,1927,1930,3
39205.jpg,1927,1929,2
39210.jpg,1927,1920,-7
39215.jpg,1927,1925,-2
39220.jpg,1927,1970,43
39225.jpg,1927,1729,-198
39230.jpg,1927,1905,-22
39235.jpg,1927,1920,-7
39240.jpg,1927,1925,-2
39245.jpg,1927,1930,3
39250.jpg,1927,1930,3
39255.jpg,1927,1905,-22
39260.jpg,1927,1965,38
39265.jpg,1927,1920,-7
39270.jpg,1927,1925,-2
39275.jpg,1927,1985,58
39280.jpg,1927,1930,3
39285.jpg,1927,1900,-27
39290.jpg,1927,1930,3
39295.jpg,1927,1995,68
39300.jpg,1927,1935,8
39305.jpg,1927,-1,-1928
39310.jpg,1927,1920,-7
39315.jpg,1927,1950,23
39320.jpg,1927,1835,-92
39325.jpg,1927,1965,38
39330.jpg,1927,1925,-2
39335.jpg,1927,1910,-17
39340.jpg,1927,1920,-7
39345.jpg,1927,1910,-17
39350.jpg,1927,1930,3
39355.jpg,1927,1950,23
39360.jpg,1927,1930,3
39365.jpg,1927,1930,3
39370.jpg,1927,1975,48
39375.jpg,1927,1900,-27
39380.jpg,1927,1910,-17
39385.jpg,1927,1910,-17
39390.jpg,1927,1930,3
39395.jpg,1927,1800,-127
39400.jpg,1927,1929,2
39405.jpg,1927,2000,73
39410.jpg,1927,1965,38
39415.jpg,1927,1926,-1
39420.jpg,1927,1927,0
39425.jpg,1927,1920,-7
39430.jpg,1927,1905,-22
39435.jpg,1927,1885,-42
39440.jpg,1927,1905,-22
39445.jpg,1927,1910,-17
39450.jpg,1927,1910,-17
39455.jpg,1927,1930,3
39460.jpg,1927,1958,31
39465.jpg,1927,1905,-22
39470.jpg,1927,1850,-77
39475.jpg,1927,1929,2
39480.jpg,1927,1915,-12
39485.jpg,1927,1995,68
39490.jpg,1927,1930,3
39495.jpg,1927,1930,3
39500.jpg,1927,1920,-7
39505.jpg,1927,1920,-7
39510.jpg,1928,1920,-8
39515.jpg,1928,1920,-8
39520.jpg,1928,1930,2
39525.jpg,1928,1931,3
39530.jpg,1928,1920,-8
39535.jpg,1928,1925,-3
39540.jpg,1928,1925,-3
39545.jpg,1928,1923,-5
39550.jpg,1928,1910,-18
39555.jpg,1928,1920,-8
39560.jpg,1928,1928,0
39565.jpg,1928,1920,-8
39570.jpg,1928,1925,-3
39575.jpg,1928,2010,82
39580.jpg,1928,1925,-3
39585.jpg,1928,1900,-28
39590.jpg,1928,1933,5
39595.jpg,1928,1920,-8
39600.jpg,1928,1960,32
39605.jpg,1928,2003,75
39610.jpg,1928,1965,37
39615.jpg,1928,1990,62
39620.jpg,1928,1901,-27
39625.jpg,1928,1900,-28
39630.jpg,1928,1930,2
39635.jpg,1928,1928,0
39640.jpg,1928,1935,7
39645.jpg,1928,1930,2
39650.jpg,1928,1940,12
39655.jpg,1928,1922,-6
39660.jpg,1928,1930,2
39665.jpg,1928,1930,2
39670.jpg,1928,1925,-3
39675.jpg,1928,1925,-3
39680.jpg,1928,1925,-3
39685.jpg,1928,1931,3
39690.jpg,1928,1929,1
39695.jpg,1928,1920,-8
39700.jpg,1928,1930,2
39705.jpg,1928,1780,-148
39710.jpg,1928,1906,-22
39715.jpg,1928,1930,2
39720.jpg,1928,1935,7
39725.jpg,1928,1815,-113
39730.jpg,1928,1920,-8
39735.jpg,1928,1890,-38
39740.jpg,1928,1970,42
39745.jpg,1928,1935,7
39750.jpg,1928,1905,-23
39755.jpg,1928,1900,-28
39760.jpg,1928,1940,12
39765.jpg,1928,1943,15
39770.jpg,1928,1840,-88
39775.jpg,1928,1923,-5
39780.jpg,1928,1915,-13
39785.jpg,1928,1920,-8
39790.jpg,1928,1905,-23
39795.jpg,1928,1955,27
39800.jpg,1928,1925,-3
39805.jpg,1928,1920,-8
39810.jpg,1928,1920,-8
39815.jpg,1928,1900,-28
39820.jpg,1928,1910,-18
39825.jpg,1928,1925,-3
39830.jpg,1928,1975,47
39835.jpg,1928,1920,-8
39840.jpg,1928,1905,-23
39845.jpg,1928,1895,-33
39850.jpg,1928,1950,22
39855.jpg,1928,1910,-18
39860.jpg,1928,1930,2
39865.jpg,1928,1895,-33
39870.jpg,1928,-1,-1929
39875.jpg,1928,1920,-8
39880.jpg,1928,1985,57
39885.jpg,1928,1920,-8
39890.jpg,1928,1905,-23
39895.jpg,1928,1910,-18
39900.jpg,1928,2000,72
39905.jpg,1928,1925,-3
39910.jpg,1928,1930,2
39915.jpg,1928,1790,-138
39920.jpg,1928,1925,-3
39925.jpg,1928,1930,2
39930.jpg,1928,1919,-9
39935.jpg,1928,1940,12
39940.jpg,1928,1930,2
39945.jpg,1928,1940,12
39950.jpg,1928,1905,-23
39955.jpg,1928,1900,-28
39960.jpg,1928,1960,32
39965.jpg,1928,1910,-18
39970.jpg,1928,1910,-18
39975.jpg,1928,1905,-23
39980.jpg,1928,1900,-28
39985.jpg,1928,1910,-18
39990.jpg,1928,1930,2
39995.jpg,1928,1930,2
40000.jpg,1928,1950,22
40010.jpg,1928,1955,27
40015.jpg,1928,1950,22
40020.jpg,1928,1910,-18
40025.jpg,1928,1930,2
40030.jpg,1928,1925,-3
40035.jpg,1928,1920,-8
40040.jpg,1928,1905,-23
40045.jpg,1929,1925,-4
40050.jpg,1929,1929,0
40055.jpg,1929,1930,1
40060.jpg,1929,1920,-9
40065.jpg,1929,1925,-4
40070.jpg,1929,1908,-21
40075.jpg,1929,1930,1
40080.jpg,1929,1920,-9
40095.jpg,1929,1930,1
40105.jpg,1929,1925,-4
40110.jpg,1929,1955,26
40115.jpg,1929,1925,-4
40120.jpg,1929,1850,-79
40125.jpg,1929,1930,1
40130.jpg,1929,1910,-19
40135.jpg,1929,1923,-6
40140.jpg,1929,1930,1
40145.jpg,1929,-1,-1930
40150.jpg,1929,1930,1
40155.jpg,1929,1920,-9
40160.jpg,1929,1965,36
40165.jpg,1929,1920,-9
40170.jpg,1929,1929,0
40175.jpg,1929,1930,1
40180.jpg,1929,1940,11
40185.jpg,1929,1935,6
40190.jpg,1929,1905,-24
40195.jpg,1929,1930,1
40200.jpg,1929,1930,1
40205.jpg,1929,1920,-9
40210.jpg,1929,1920,-9
40215.jpg,1929,1925,-4
40220.jpg,1929,1920,-9
40225.jpg,1929,1932,3
40230.jpg,1929,1650,-279
40235.jpg,1929,1900,-29
40240.jpg,1929,2005,76
40245.jpg,1929,2010,81
40250.jpg,1929,1985,56
40255.jpg,1929,1905,-24
40260.jpg,1929,1930,1
40265.jpg,1929,1980,51
40270.jpg,1929,1932,3
40275.jpg,1929,1958,29
40280.jpg,1929,1920,-9
40285.jpg,1929,1910,-19
40290.jpg,1929,1860,-69
40295.jpg,1929,1930,1
40305.jpg,1929,1925,-4
40310.jpg,1929,1920,-9
40315.jpg,1929,1925,-4
40320.jpg,1929,1955,26
40325.jpg,1929,1925,-4
40330.jpg,1929,1920,-9
40335.jpg,1929,1950,21
40340.jpg,1929,1930,1
40345.jpg,1929,1955,26
40350.jpg,1929,1901,-28
40355.jpg,1929,1910,-19
40360.jpg,1929,1930,1
40365.jpg,1929,1955,26
40370.jpg,1929,1900,-29
40375.jpg,1929,1910,-19
40380.jpg,1929,1920,-9
40385.jpg,1929,1985,56
40390.jpg,1929,1930,1
40395.jpg,1929,1960,31
40400.jpg,1929,1912,-17
40405.jpg,1929,1905,-24
40410.jpg,1929,1937,8
40415.jpg,1929,1935,6
40420.jpg,1929,1920,-9
40425.jpg,1929,1925,-4
40430.jpg,1929,1900,-29
40435.jpg,1929,1930,1
40440.jpg,1929,1910,-19
40450.jpg,1929,1915,-14
40455.jpg,1929,1965,36
40460.jpg,1929,1930,1
40465.jpg,1929,1920,-9
40470.jpg,1929,1929,0
40475.jpg,1929,1910,-19
40480.jpg,1929,1910,-19
40485.jpg,1929,1930,1
40490.jpg,1929,1940,11
40495.jpg,1929,1900,-29
40500.jpg,1929,1925,-4
40505.jpg,1929,1970,41
40510.jpg,1929,1900,-29
40515.jpg,1929,1920,-9
40520.jpg,1929,1928,-1
40525.jpg,1929,1850,-79
40530.jpg,1929,1910,-19
40535.jpg,1929,1920,-9
40540.jpg,1930,1910,-20
40545.jpg,1930,1990,60
40550.jpg,1930,1950,20
40555.jpg,1930,1920,-10
40560.jpg,1930,2000,70
40565.jpg,1930,1964,34
40570.jpg,1930,1955,25
40575.jpg,1930,1920,-10
40580.jpg,1930,1905,-25
40585.jpg,1930,1920,-10
40590.jpg,1930,1935,5
40595.jpg,1930,1905,-25
40600.jpg,1930,1915,-15
40605.jpg,1930,1930,0
40610.jpg,1930,1900,-30
40615.jpg,1930,1840,-90
40620.jpg,1930,1930,0
40625.jpg,1930,1930,0
40630.jpg,1930,1940,10
40635.jpg,1930,1920,-10
40640.jpg,1930,1995,65
40645.jpg,1930,2010,80
40650.jpg,1930,1940,10
40655.jpg,1930,1930,0
40660.jpg,1930,1750,-180
40665.jpg,1930,1900,-30
40670.jpg,1930,2000,70
40675.jpg,1930,1870,-60
40680.jpg,1930,1820,-110
40685.jpg,1930,1925,-5
40690.jpg,1930,1925,-5
40695.jpg,1930,1960,30
40700.jpg,1930,1900,-30
40705.jpg,1930,1955,25
40710.jpg,1930,1749,-181
40715.jpg,1930,1925,-5
40720.jpg,1930,1885,-45
40725.jpg,1930,1930,0
40730.jpg,1930,1950,20
40735.jpg,1930,1750,-180
40740.jpg,1930,1925,-5
40745.jpg,1930,1910,-20
40750.jpg,1930,1820,-110
40755.jpg,1930,1930,0
40760.jpg,1930,1920,-10
40765.jpg,1930,1900,-30
40770.jpg,1930,1920,-10
40775.jpg,1930,1932,2
40780.jpg,1930,1955,25
40785.jpg,1930,1950,20
40790.jpg,1930,1955,25
40795.jpg,1930,1930,0
40800.jpg,1930,1925,-5
40805.jpg,1930,1908,-22
40810.jpg,1930,1925,-5
40815.jpg,1930,1930,0
40820.jpg,1930,1905,-25
40825.jpg,1930,1912,-18
40830.jpg,1930,1960,30
40835.jpg,1930,1965,35
40840.jpg,1930,1920,-10
40845.jpg,1930,1935,5
40850.jpg,1930,1929,-1
40855.jpg,1930,1925,-5
40860.jpg,1930,1900,-30
40865.jpg,1930,1940,10
40870.jpg,1930,1930,0
40875.jpg,1930,1930,0
40885.jpg,1930,1955,25
40890.jpg,1930,1953,23
40895.jpg,1930,1910,-20
40900.jpg,1930,1934,4
40905.jpg,1930,1930,0
40910.jpg,1930,1929,-1
40915.jpg,1930,1900,-30
40920.jpg,1930,1910,-20
40925.jpg,1930,1930,0
40930.jpg,1930,1925,-5
40935.jpg,1930,1958,28
40940.jpg,1930,1910,-20
40950.jpg,1930,1920,-10
40960.jpg,1930,1925,-5
40965.jpg,1931,1960,29
40970.jpg,1931,1955,24
40975.jpg,1931,1955,24
40980.jpg,1931,1920,-11
40985.jpg,1931,1921,-10
40990.jpg,1931,1935,4
40995.jpg,1931,1935,4
41000.jpg,1931,1930,-1
41005.jpg,1931,1930,-1
41010.jpg,1931,1958,27
41015.jpg,1931,1930,-1
41020.jpg,1931,1930,-1
41025.jpg,1931,1978,47
41030.jpg,1931,1980,49
41035.jpg,1931,1925,-6
41040.jpg,1931,1940,9
41045.jpg,1931,1930,-1
41050.jpg,1931,1930,-1
41055.jpg,1931,1915,-16
41060.jpg,1931,1960,29
41065.jpg,1931,1935,4
41070.jpg,1931,1950,19
41075.jpg,1931,1930,-1
41080.jpg,1931,1930,-1
41085.jpg,1931,1930,-1
41095.jpg,1931,1930,-1
41100.jpg,1931,1929,-2
41105.jpg,1931,1930,-1
41110.jpg,1931,1920,-11
41115.jpg,1931,1920,-11
41120.jpg,1931,1950,19
41125.jpg,1931,1920,-11
41130.jpg,1931,1995,64
41135.jpg,1931,1925,-6
41140.jpg,1931,1925,-6
41150.jpg,1931,1910,-21
41155.jpg,1931,1785,-146
41160.jpg,1931,1930,-1
41165.jpg,1931,1900,-31
41170.jpg,1931,1995,64
41175.jpg,1931,1923,-8
41180.jpg,1931,1995,64
41185.jpg,1931,1925,-6
41190.jpg,1931,1930,-1
41195.jpg,1931,1920,-11
41200.jpg,1931,1890,-41
41205.jpg,1931,1910,-21
41210.jpg,1931,1980,49
41215.jpg,1931,1900,-31
41220.jpg,1931,1900,-31
41225.jpg,1931,1850,-81
41230.jpg,1931,1934,3
41235.jpg,1931,2000,69
41240.jpg,1931,1910,-21
41245.jpg,1931,1920,-11
41250.jpg,1931,1945,14
41255.jpg,1931,1930,-1
41260.jpg,1931,1930,-1
41265.jpg,1931,1930,-1
41270.jpg,1931,1920,-11
41275.jpg,1931,1930,-1
41280.jpg,1931,1925,-6
41285.jpg,1931,1930,-1
41290.jpg,1931,1960,29
41295.jpg,1931,1960,29
41305.jpg,1931,1930,-1
41310.jpg,1932,1930,-2
41320.jpg,1932,1932,0
41325.jpg,1932,1800,-132
41330.jpg,1932,1930,-2
41340.jpg,1932,1995,63
41345.jpg,1932,1920,-12
41350.jpg,1932,1920,-12
41355.jpg,1932,1950,18
41360.jpg,1932,1960,28
41365.jpg,1932,1910,-22
41370.jpg,1932,1930,-2
41375.jpg,1932,1935,3
41380.jpg,1932,1929,-3
41385.jpg,1932,1930,-2
41390.jpg,1932,1970,38
41395.jpg,1932,1955,23
41400.jpg,1932,1930,-2
41405.jpg,1932,1900,-32
41410.jpg,1932,1910,-22
41415.jpg,1932,1932,0
41420.jpg,1932,1940,8
41425.jpg,1932,1950,18
41430.jpg,1932,1975,43
41435.jpg,1932,1970,38
41440.jpg,1932,1900,-32
41445.jpg,1932,1927,-5
41450.jpg,1932,1900,-32
41455.jpg,1932,1770,-162
41460.jpg,1932,1805,-127
41465.jpg,1932,1935,3
41470.jpg,1932,2005,73
41475.jpg,1932,1905,-27
41480.jpg,1932,1800,-132
41485.jpg,1932,1930,-2
41490.jpg,1932,1970,38
41495.jpg,1932,1925,-7
41500.jpg,1932,2007,75
41505.jpg,1932,1930,-2
41510.jpg,1932,1958,26
41515.jpg,1932,1905,-27
41520.jpg,1932,1920,-12
41525.jpg,1932,1915,-17
41530.jpg,1932,1931,-1
41535.jpg,1932,1910,-22
41540.jpg,1932,1985,53
41545.jpg,1932,1920,-12
41550.jpg,1932,2000,68
41555.jpg,1932,1922,-10
41560.jpg,1932,1890,-42
41565.jpg,1932,1930,-2
41570.jpg,1933,1985,52
41575.jpg,1933,1910,-23
41580.jpg,1933,1815,-118
41585.jpg,1933,2000,67
41590.jpg,1933,1975,42
41595.jpg,1933,1950,17
41600.jpg,1933,1900,-33
41605.jpg,1933,1930,-3
41610.jpg,1933,1930,-3
41615.jpg,1933,1820,-113
41620.jpg,1933,1975,42
41625.jpg,1933,1955,22
41630.jpg,1933,1905,-28
41635.jpg,1933,1900,-33
41640.jpg,1933,1840,-93
41645.jpg,1933,1900,-33
41650.jpg,1933,1910,-23
41655.jpg,1933,1905,-28
41660.jpg,1933,1930,-3
41665.jpg,1933,1900,-33
41670.jpg,1933,1950,17
41675.jpg,1933,1920,-13
41680.jpg,1933,1960,27
41685.jpg,1933,1710,-223
41690.jpg,1933,1930,-3
41695.jpg,1933,1920,-13
41700.jpg,1933,1930,-3
41705.jpg,1933,1930,-3
41710.jpg,1933,1910,-23
41715.jpg,1933,1790,-143
41720.jpg,1933,1905,-28
41725.jpg,1933,1925,-8
41730.jpg,1933,-1,-1934
41745.jpg,1933,1890,-43
41750.jpg,1933,1925,-8
41755.jpg,1933,1955,22
41760.jpg,1933,2010,77
41765.jpg,1933,1930,-3
41770.jpg,1933,1790,-143
41775.jpg,1933,1940,7
41780.jpg,1933,1830,-103
41785.jpg,1933,1865,-68
41790.jpg,1933,1985,52
41795.jpg,1933,1975,42
41800.jpg,1933,1950,17
41805.jpg,1933,1960,27
41810.jpg,1933,1930,-3
41815.jpg,1933,1900,-33
41820.jpg,1933,1930,-3
41825.jpg,1933,1925,-8
41830.jpg,1933,1930,-3
41835.jpg,1934,1950,16
41840.jpg,1934,1930,-4
41845.jpg,1934,1965,31
41850.jpg,1934,1940,6
41855.jpg,1934,1965,31
41860.jpg,1934,1995,61
41865.jpg,1934,2000,66
41870.jpg,1934,2010,76
41875.jpg,1934,1930,-4
41880.jpg,1934,1980,46
41885.jpg,1934,1930,-4
41890.jpg,1934,1958,24
41895.jpg,1934,2000,66
41900.jpg,1934,1930,-4
41905.jpg,1934,1910,-24
41910.jpg,1934,1920,-14
41915.jpg,1934,1950,16
41920.jpg,1934,1955,21
41925.jpg,1934,1850,-84
41930.jpg,1934,1950,16
41935.jpg,1934,1985,51
41940.jpg,1934,1930,-4
41945.jpg,1934,1905,-29
41950.jpg,1934,1975,41
41955.jpg,1934,1880,-54
41960.jpg,1934,1935,1
41965.jpg,1934,1930,-4
41970.jpg,1934,1890,-44
41975.jpg,1934,1997,63
41980.jpg,1934,1900,-34
41985.jpg,1934,1930,-4
41990.jpg,1934,1905,-29
41995.jpg,1934,1930,-4
42000.jpg,1934,1930,-4
42005.jpg,1934,1900,-34
42010.jpg,1935,1960,25
42015.jpg,1935,1930,-5
42020.jpg,1935,1935,0
42025.jpg,1935,1970,35
42035.jpg,1935,1960,25
42040.jpg,1935,1985,50
42045.jpg,1935,1989,54
42050.jpg,1935,1930,-5
42060.jpg,1935,1960,25
42065.jpg,1935,1975,40
42070.jpg,1935,1905,-30
42075.jpg,1935,1935,0
42080.jpg,1935,1930,-5
42085.jpg,1935,1900,-35
42090.jpg,1935,1930,-5
42095.jpg,1935,1900,-35
42100.jpg,1935,1930,-5
42105.jpg,1935,1880,-55
42110.jpg,1935,1995,60
42115.jpg,1935,1923,-12
42120.jpg,1935,1955,20
42125.jpg,1935,1935,0
42130.jpg,1935,1930,-5
42135.jpg,1935,1970,35
42140.jpg,1935,1995,60
42145.jpg,1935,1820,-115
42150.jpg,1935,1850,-85
42155.jpg,1935,1820,-115
42160.jpg,1935,1905,-30
42165.jpg,1935,1920,-15
42170.jpg,1935,1905,-30
42175.jpg,1935,2005,70
42180.jpg,1935,1990,55
42185.jpg,1935,1965,30
42190.jpg,1935,1960,25
42195.jpg,1935,1935,0
42200.jpg,1935,1970,35
42205.jpg,1935,1930,-5
42210.jpg,1935,1920,-15
42215.jpg,1935,1900,-35
42220.jpg,1935,1930,-5
42225.jpg,1935,1930,-5
42230.jpg,1935,1920,-15
42235.jpg,1935,1930,-5
42240.jpg,1935,1930,-5
42250.jpg,1935,1941,6
42255.jpg,1935,1985,50
42260.jpg,1935,1975,40
42265.jpg,1935,1930,-5
42270.jpg,1935,1934,-1
42275.jpg,1935,1990,55
42280.jpg,1935,1950,15
42285.jpg,1935,1930,-5
42290.jpg,1935,1930,-5
42295.jpg,1936,1920,-16
42300.jpg,1936,2010,74
42305.jpg,1936,1940,4
42310.jpg,1936,1935,-1
42315.jpg,1936,1933,-3
42320.jpg,1936,2000,64
42325.jpg,1936,1965,29
42330.jpg,1936,2005,69
42335.jpg,1936,1987,51
42340.jpg,1936,1955,19
42345.jpg,1936,1955,19
42350.jpg,1936,1955,19
42355.jpg,1936,1960,24
42360.jpg,1936,1925,-11
42365.jpg,1936,1959,23
42370.jpg,1936,1920,-16
42375.jpg,1936,1900,-36
42380.jpg,1936,1980,44
42385.jpg,1936,1925,-11
42390.jpg,1936,2000,64
42395.jpg,1936,1943,7
42400.jpg,1936,1990,54
42405.jpg,1936,1890,-46
42410.jpg,1936,2000,64
42415.jpg,1936,1930,-6
42420.jpg,1936,1932,-4
42425.jpg,1936,1905,-31
42430.jpg,1936,1930,-6
42435.jpg,1936,1950,14
42440.jpg,1936,1955,19
42445.jpg,1936,1895,-41
42450.jpg,1936,1910,-26
42455.jpg,1936,1950,14
42460.jpg,1936,1930,-6
42465.jpg,1936,1930,-6
42470.jpg,1936,1955,19
42475.jpg,1936,1935,-1
42480.jpg,1936,1850,-86
42485.jpg,1936,1900,-36
42490.jpg,1936,1930,-6
42495.jpg,1936,1901,-35
42500.jpg,1936,1905,-31
42505.jpg,1936,1900,-36
42510.jpg,1936,1920,-16
42515.jpg,1936,1955,19
42520.jpg,1936,1925,-11
42525.jpg,1936,1930,-6
42530.jpg,1936,1975,39
42535.jpg,1936,1960,24
42540.jpg,1936,1906,-30
42545.jpg,1936,1750,-186
42550.jpg,1936,1910,-26
42555.jpg,1936,1650,-286
42560.jpg,1936,1905,-31
42565.jpg,1936,1905,-31
42570.jpg,1936,1930,-6
42575.jpg,1936,1956,20
42585.jpg,1936,1936,0
42595.jpg,1936,1960,24
42600.jpg,1936,1936,0
42610.jpg,1937,1930,-7
42615.jpg,1937,1930,-7
42620.jpg,1937,1932,-5
42625.jpg,1937,1920,-17
42630.jpg,1937,1980,43
42635.jpg,1937,1950,13
42640.jpg,1937,2005,68
42645.jpg,1937,1975,38
42650.jpg,1937,1930,-7
42655.jpg,1937,2010,73
42660.jpg,1937,1920,-17
42665.jpg,1937,1890,-47
42670.jpg,1937,1905,-32
42675.jpg,1937,1920,-17
42680.jpg,1937,1975,38
42685.jpg,1937,1930,-7
42690.jpg,1937,1970,33
42695.jpg,1937,1960,23
42700.jpg,1937,1930,-7
42705.jpg,1937,1930,-7
42710.jpg,1937,2010,73
42715.jpg,1937,1985,48
42720.jpg,1937,1900,-37
42725.jpg,1937,1910,-27
42730.jpg,1937,1920,-17
42735.jpg,1937,1960,23
42740.jpg,1937,1937,0
42745.jpg,1937,1920,-17
42750.jpg,1937,1960,23
42755.jpg,1937,1905,-32
42765.jpg,1937,1750,-187
42770.jpg,1937,1985,48
42775.jpg,1937,1995,58
42780.jpg,1937,1930,-7
42785.jpg,1937,1965,28
42790.jpg,1937,1920,-17
42795.jpg,1937,1955,18
42800.jpg,1937,1925,-12
42805.jpg,1937,1960,23
42810.jpg,1937,1930,-7
42815.jpg,1937,1920,-17
42820.jpg,1937,1975,38
42825.jpg,1937,1900,-37
42830.jpg,1937,1945,8
42835.jpg,1937,1955,18
42840.jpg,1937,1920,-17
42845.jpg,1937,1920,-17
42850.jpg,1937,1930,-7
42855.jpg,1937,1935,-2
42860.jpg,1937,1905,-32
42865.jpg,1937,1950,13
42870.jpg,1937,1935,-2
42875.jpg,1937,1985,48
42880.jpg,1937,1930,-7
42885.jpg,1937,1955,18
42890.jpg,1937,1925,-12
42895.jpg,1937,1930,-7
42900.jpg,1937,1930,-7
42905.jpg,1937,1930,-7
42910.jpg,1937,1170,-767
42915.jpg,1938,1955,17
42920.jpg,1938,1935,-3
42925.jpg,1938,1919,-19
42930.jpg,1938,1930,-8
42935.jpg,1938,1910,-28
42940.jpg,1938,1995,57
42945.jpg,1938,2005,67
42950.jpg,1938,2000,62
42955.jpg,1938,1980,42
42960.jpg,1938,1955,17
42965.jpg,1938,1935,-3
42970.jpg,1938,1945,7
42975.jpg,1938,1925,-13
42980.jpg,1938,1920,-18
42985.jpg,1938,1920,-18
42990.jpg,1938,1930,-8
42995.jpg,1938,1928,-10
43000.jpg,1938,1965,27
43005.jpg,1938,1958,20
43010.jpg,1938,1895,-43
43015.jpg,1938,1960,22
43020.jpg,1938,1900,-38
43025.jpg,1938,1952,14
43030.jpg,1938,1905,-33
43035.jpg,1938,1930,-8
43040.jpg,1938,1960,22
43045.jpg,1938,1960,22
43050.jpg,1938,1920,-18
43055.jpg,1938,1910,-28
43060.jpg,1938,1955,17
43065.jpg,1938,1945,7
43070.jpg,1938,1985,47
43075.jpg,1938,1990,52
43080.jpg,1938,1935,-3
43085.jpg,1938,1920,-18
43090.jpg,1938,1965,27
43095.jpg,1938,1905,-33
43100.jpg,1938,2000,62
43105.jpg,1938,1950,12
43110.jpg,1938,1930,-8
43115.jpg,1938,1884,-54
43120.jpg,1938,1930,-8
43125.jpg,1938,1900,-38
43130.jpg,1938,1930,-8
43135.jpg,1938,1890,-48
43140.jpg,1938,2000,62
43145.jpg,1938,1840,-98
43150.jpg,1938,1908,-30
43155.jpg,1938,1950,12
43160.jpg,1938,1900,-38
43165.jpg,1938,1930,-8
43170.jpg,1938,1935,-3
43175.jpg,1938,1911,-27
43185.jpg,1938,1965,27
43190.jpg,1938,1935,-3
43195.jpg,1938,1940,2
43200.jpg,1938,1960,22
43210.jpg,1939,1930,-9
43215.jpg,1939,1935,-4
43220.jpg,1939,1960,21
43225.jpg,1939,1910,-29
43235.jpg,1939,2005,66
43245.jpg,1939,1975,36
43250.jpg,1939,1985,46
43255.jpg,1939,1985,46
43260.jpg,1939,1975,36
43270.jpg,1939,1935,-4
43275.jpg,1939,1920,-19
43280.jpg,1939,1800,-139
43285.jpg,1939,1950,11
43290.jpg,1939,1930,-9
43295.jpg,1939,1910,-29
43300.jpg,1939,1990,51
43305.jpg,1939,1965,26
43310.jpg,1939,1930,-9
43315.jpg,1939,1935,-4
43320.jpg,1939,1940,1
43325.jpg,1939,1940,1
43330.jpg,1939,1985,46
43335.jpg,1939,1998,59
43340.jpg,1939,2000,61
43345.jpg,1939,1930,-9
43350.jpg,1939,1950,11
43360.jpg,1939,1995,56
43365.jpg,1939,1940,1
43370.jpg,1939,1905,-34
43375.jpg,1939,1930,-9
43380.jpg,1939,1930,-9
43385.jpg,1939,1940,1
43390.jpg,1939,1960,21
43395.jpg,1939,1955,16
43400.jpg,1939,2010,71
43405.jpg,1939,-1,-1940
43410.jpg,1939,1930,-9
43415.jpg,1939,1940,1
43420.jpg,1939,1930,-9
43425.jpg,1939,1930,-9
43430.jpg,1939,1875,-64
43435.jpg,1939,1935,-4
43440.jpg,1939,1938,-1
43445.jpg,1939,1985,46
43450.jpg,1939,1960,21
43455.jpg,1939,1935,-4
43460.jpg,1939,1920,-19
43465.jpg,1939,1900,-39
43470.jpg,1940,1950,10
43475.jpg,1940,1932,-8
43480.jpg,1940,1940,0
43485.jpg,1940,1930,-10
43490.jpg,1940,1930,-10
43495.jpg,1940,1965,25
43500.jpg,1940,1940,0
43505.jpg,1940,2000,60
43510.jpg,1940,1955,15
43515.jpg,1940,2005,65
43520.jpg,1940,1920,-20
43525.jpg,1940,1830,-110
43530.jpg,1940,1880,-60
43535.jpg,1940,1850,-90
43540.jpg,1940,1960,20
43545.jpg,1940,1970,30
43550.jpg,1940,1920,-20
43555.jpg,1940,1958,18
43560.jpg,1940,1930,-10
43565.jpg,1940,1950,10
43570.jpg,1940,1920,-20
43575.jpg,1940,1960,20
43580.jpg,1940,1890,-50
43585.jpg,1940,1930,-10
43590.jpg,1940,1922,-18
43595.jpg,1940,1965,25
43600.jpg,1940,1930,-10
43605.jpg,1940,1935,-5
43610.jpg,1940,1910,-30
43615.jpg,1940,1920,-20
43620.jpg,1940,1930,-10
43625.jpg,1940,1950,10
43630.jpg,1940,1930,-10
43635.jpg,1940,1906,-34
43640.jpg,1940,1983,43
43645.jpg,1940,1975,35
43650.jpg,1940,1975,35
43655.jpg,1940,2005,65
43660.jpg,1940,1955,15
43665.jpg,1940,1980,40
43670.jpg,1940,2000,60
43675.jpg,1940,1955,15
43680.jpg,1940,1905,-35
43685.jpg,1940,1960,20
43700.jpg,1940,1955,15
43705.jpg,1940,1910,-30
43710.jpg,1940,1920,-20
43715.jpg,1940,1930,-10
43720.jpg,1941,1930,-11
43725.jpg,1941,1948,7
43730.jpg,1941,2010,69
43735.jpg,1941,2000,59
43740.jpg,1941,1985,44
43745.jpg,1941,1750,-191
43750.jpg,1941,1940,-1
43755.jpg,1941,1900,-41
43760.jpg,1941,1925,-16
43765.jpg,1941,1820,-121
43770.jpg,1941,1955,14
43775.jpg,1941,1960,19
43780.jpg,1941,1970,29
43785.jpg,1941,1965,24
43790.jpg,1941,1930,-11
43795.jpg,1941,2005,64
43800.jpg,1941,1900,-41
43805.jpg,1941,1830,-111
43810.jpg,1941,1958,17
43815.jpg,1941,1955,14
43820.jpg,1941,1950,9
43825.jpg,1941,1940,-1
43830.jpg,1941,1985,44
43835.jpg,1941,1975,34
43840.jpg,1941,1981,40
43845.jpg,1941,1929,-12
43850.jpg,1941,1960,19
43855.jpg,1941,1920,-21
43860.jpg,1941,1960,19
43865.jpg,1942,1941,-1
43870.jpg,1942,1955,13
43875.jpg,1942,1940,-2
43880.jpg,1942,1920,-22
43885.jpg,1942,1990,48
43890.jpg,1942,1950,8
43895.jpg,1942,1960,18
43900.jpg,1942,1910,-32
43905.jpg,1942,1920,-22
43910.jpg,1942,1925,-17
43915.jpg,1942,1800,-142
43920.jpg,1942,1920,-22
43925.jpg,1942,1985,43
43930.jpg,1942,1920,-22
43935.jpg,1942,1975,33
43940.jpg,1942,1920,-22
43945.jpg,1942,1975,33
43950.jpg,1942,1920,-22
43955.jpg,1942,1920,-22
43960.jpg,1943,1905,-38
43965.jpg,1943,1960,17
43970.jpg,1943,1930,-13
43975.jpg,1943,1935,-8
43980.jpg,1943,1960,17
43985.jpg,1943,1910,-33
43990.jpg,1943,2000,57
43995.jpg,1943,1920,-23
44000.jpg,1943,1960,17
44005.jpg,1943,1980,37
44010.jpg,1943,1975,32
44015.jpg,1943,1965,22
44020.jpg,1943,1925,-18
44025.jpg,1943,1960,17
44030.jpg,1944,1910,-34
44035.jpg,1944,1970,26
44040.jpg,1944,1995,51
44045.jpg,1944,1910,-34
44050.jpg,1944,1985,41
44055.jpg,1944,313,-1631
44060.jpg,1945,1900,-45
44065.jpg,1945,1939,-6
44075.jpg,1945,1975,30
44080.jpg,1945,1935,-10
44090.jpg,1945,1920,-25
44095.jpg,1945,1975,30
44100.jpg,1945,1961,16
44105.jpg,1945,1965,20
44110.jpg,1945,1900,-45
44115.jpg,1946,1980,34
44120.jpg,1946,1975,29
44125.jpg,1946,1950,4
44130.jpg,1946,-1,-1947
44135.jpg,1946,1930,-16
44140.jpg,1946,1995,49
44145.jpg,1946,1958,12
44150.jpg,1946,1910,-36
44155.jpg,1946,1890,-56
44160.jpg,1946,1927,-19
44165.jpg,1946,1965,19
44170.jpg,1946,1975,29
44175.jpg,1947,1935,-12
44180.jpg,1947,1930,-17
44185.jpg,1947,1880,-67
44190.jpg,1947,2010,63
44195.jpg,1947,2000,53
44200.jpg,1947,1965,18
44205.jpg,1947,1960,13
44210.jpg,1947,2005,58
44215.jpg,1947,1970,23
44220.jpg,1947,1920,-27
44230.jpg,1947,1950,3
44240.jpg,1947,1955,8
44245.jpg,1947,1920,-27
44250.jpg,1947,1950,3
44255.jpg,1947,2002,55
44260.jpg,1947,1930,-17
44270.jpg,1947,1975,28
44275.jpg,1947,1850,-97
44280.jpg,1947,1950,3
44285.jpg,1948,1935,-13
44290.jpg,1948,2015,67
44295.jpg,1948,1980,32
44300.jpg,1948,2010,62
44305.jpg,1948,1985,37
44310.jpg,1948,2005,57
44315.jpg,1948,1995,47
44320.jpg,1948,1980,32
44325.jpg,1948,1950,2
44330.jpg,1948,1930,-18
44335.jpg,1948,1900,-48
44340.jpg,1948,1920,-28
44345.jpg,1948,1900,-48
44350.jpg,1948,1945,-3
44355.jpg,1948,1960,12
44360.jpg,1948,1975,27
44365.jpg,1948,1985,37
44370.jpg,1948,1895,-53
44375.jpg,1948,1925,-23
44380.jpg,1948,1955,7
44385.jpg,1948,1980,32
44390.jpg,1948,1935,-13
44395.jpg,1948,1935,-13
44400.jpg,1949,1927,-22
44405.jpg,1949,2005,56
44410.jpg,1949,1965,16
44415.jpg,1949,1970,21
44420.jpg,1949,2005,56
44425.jpg,1949,2000,51
44430.jpg,1949,1965,16
44435.jpg,1949,1975,26
44440.jpg,1949,1965,16
44445.jpg,1949,2000,51
44450.jpg,1949,1920,-29
44455.jpg,1949,1935,-14
44460.jpg,1949,1950,1
44465.jpg,1949,1920,-29
44470.jpg,1949,1980,31
44475.jpg,1949,1935,-14
44480.jpg,1949,1955,6
44485.jpg,1949,1990,41
44490.jpg,1949,1985,36
44495.jpg,1949,1950,1
44500.jpg,1949,1955,6
44510.jpg,1949,1920,-29
44515.jpg,1949,1905,-44
44520.jpg,1949,2005,56
44525.jpg,1949,1990,41
44530.jpg,1949,1950,1
44535.jpg,1949,1965,16
44540.jpg,1950,1955,5
44545.jpg,1950,1992,42
44550.jpg,1950,1985,35
44555.jpg,1950,1960,10
44560.jpg,1950,2000,50
44565.jpg,1950,1975,25
44570.jpg,1950,1985,35
44575.jpg,1950,1920,-30
44585.jpg,1950,2002,52
44590.jpg,1950,1950,0
44595.jpg,1950,1990,40
44600.jpg,1950,1978,28
44605.jpg,1950,1950,0
44610.jpg,1950,1965,15
44615.jpg,1950,1960,10
44620.jpg,1950,1965,15
44625.jpg,1950,1900,-50
44630.jpg,1950,1900,-50
44635.jpg,1950,2000,50
44640.jpg,1950,2000,50
44645.jpg,1950,1930,-20
44650.jpg,1950,1955,5
44655.jpg,1950,1950,0
44660.jpg,1950,1970,20
44665.jpg,1950,1920,-30
44680.jpg,1950,2000,50
44685.jpg,1950,1935,-15
44690.jpg,1950,1950,0
44695.jpg,1950,1890,-60
44700.jpg,1950,1975,25
44705.jpg,1951,1980,29
44710.jpg,1951,1910,-41
44720.jpg,1951,1975,24
44725.jpg,1951,2010,59
44730.jpg,1951,1995,44
44735.jpg,1951,1940,-11
44740.jpg,1951,1930,-21
44745.jpg,1951,1970,19
44750.jpg,1951,1948,-3
44755.jpg,1951,1920,-31
44760.jpg,1951,1965,14
44765.jpg,1951,1925,-26
44770.jpg,1951,1345,-606
44775.jpg,1951,1930,-21
44780.jpg,1951,1850,-101
44785.jpg,1951,1960,9
44790.jpg,1951,1975,24
44795.jpg,1951,2010,59
44800.jpg,1951,1958,7
44810.jpg,1951,1930,-21
44815.jpg,1951,1930,-21
44820.jpg,1951,1935,-16
44825.jpg,1951,2005,54
44830.jpg,1951,1980,29
44840.jpg,1951,1965,14
44845.jpg,1952,1960,8
44850.jpg,1952,1965,13
44855.jpg,1952,2010,58
44860.jpg,1952,1975,23
44865.jpg,1952,2015,63
44870.jpg,1952,1990,38
44875.jpg,1952,1975,23
44880.jpg,1952,1985,33
44885.jpg,1952,1990,38
44890.jpg,1952,1975,23
44895.jpg,1952,1952,0
44900.jpg,1952,1950,-2
44905.jpg,1952,1930,-22
44910.jpg,1952,2000,48
44915.jpg,1952,1963,11
44920.jpg,1952,1985,33
44925.jpg,1952,1970,18
44930.jpg,1952,2000,48
44940.jpg,1952,1925,-27
44945.jpg,1952,1965,13
44950.jpg,1952,1975,23
44955.jpg,1952,2005,53
44960.jpg,1953,1940,-13
44965.jpg,1953,2007,54
44970.jpg,1953,2000,47
44980.jpg,1953,1935,-18
44985.jpg,1953,2010,57
44990.jpg,1953,2002,49
44995.jpg,1953,1965,12
45000.jpg,1953,2000,47
45005.jpg,1953,1930,-23
45010.jpg,1953,1925,-28
45015.jpg,1953,1985,32
45020.jpg,1953,1960,7
45025.jpg,1953,1955,2
45030.jpg,1953,1945,-8
45035.jpg,1953,1960,7
45040.jpg,1953,1955,2
45045.jpg,1953,1885,-68
45050.jpg,1953,1985,32
45055.jpg,1953,1955,2
45060.jpg,1953,1930,-23
45065.jpg,1953,1980,27
45070.jpg,1953,1960,7
45075.jpg,1953,2005,52
45080.jpg,1953,1950,-3
45085.jpg,1953,1980,27
45090.jpg,1953,1895,-58
45095.jpg,1954,1960,6
45100.jpg,1954,2000,46
45105.jpg,1954,2005,51
45110.jpg,1954,1980,26
45115.jpg,1954,1990,36
45120.jpg,1954,1970,16
45125.jpg,1954,1990,36
45130.jpg,1954,1960,6
45135.jpg,1954,1975,21
45140.jpg,1954,1970,16
45150.jpg,1954,1950,-4
45155.jpg,1954,1920,-34
45160.jpg,1954,1950,-4
45165.jpg,1954,1910,-44
45170.jpg,1954,1998,44
45175.jpg,1954,1920,-34
45180.jpg,1954,1950,-4
45185.jpg,1954,1985,31
45190.jpg,1954,1955,1
45195.jpg,1954,1920,-34
45200.jpg,1954,1950,-4
45205.jpg,1954,1925,-29
45210.jpg,1954,1910,-44
45215.jpg,1954,1995,41
45220.jpg,1954,1716,-238
45225.jpg,1954,1980,26
45230.jpg,1954,1985,31
45235.jpg,1955,1950,-5
45240.jpg,1955,1999,44
45245.jpg,1955,1965,10
45250.jpg,1955,1953,-2
45255.jpg,1955,1980,25
45260.jpg,1955,1950,-5
45265.jpg,1955,2000,45
45275.jpg,1955,1950,-5
45280.jpg,1955,1980,25
45285.jpg,1955,1965,10
45290.jpg,1955,1985,30
45295.jpg,1955,2001,46
45300.jpg,1955,2019,64
45310.jpg,1955,1960,5
45315.jpg,1955,2012,57
45320.jpg,1955,1825,-130
45325.jpg,1955,1933,-22
45330.jpg,1955,1960,5
45335.jpg,1955,1960,5
45345.jpg,1955,1995,40
45350.jpg,1955,1955,0
45355.jpg,1955,2000,45
45360.jpg,1955,1820,-135
45365.jpg,1955,2005,50
45370.jpg,1955,1933,-22
45375.jpg,1955,1910,-45
45385.jpg,1956,1995,39
45390.jpg,1956,1960,4
45395.jpg,1956,-1,-1957
45400.jpg,1956,2005,49
45405.jpg,1956,1960,4
45410.jpg,1956,1985,29
45415.jpg,1956,1960,4
45420.jpg,1956,1965,9
45430.jpg,1956,1985,29
45435.jpg,1956,1900,-56
45440.jpg,1956,1960,4
45445.jpg,1956,1975,19
45450.jpg,1956,1970,14
45455.jpg,1956,2000,44
45460.jpg,1956,1986,30
45465.jpg,1956,1985,29
45470.jpg,1956,1990,34
45475.jpg,1956,1955,-1
45480.jpg,1956,1930,-26
45485.jpg,1956,1970,14
45490.jpg,1956,1931,-25
45495.jpg,1956,1905,-51
45500.jpg,1956,2015,59
45505.jpg,1956,2000,44
45510.jpg,1956,1980,24
45515.jpg,1956,2010,54
45520.jpg,1956,1920,-36
45530.jpg,1957,1930,-27
45535.jpg,1957,1960,3
45540.jpg,1957,2008,51
45545.jpg,1957,2005,48
45550.jpg,1957,2005,48
45555.jpg,1957,1970,13
45560.jpg,1957,2001,44
45565.jpg,1957,1975,18
45570.jpg,1957,1985,28
45575.jpg,1957,1920,-37
45585.jpg,1957,1920,-37
45590.jpg,1957,1970,13
45595.jpg,1957,1985,28
45605.jpg,1957,1965,8
45610.jpg,1957,1975,18
45615.jpg,1957,1980,23
45620.jpg,1957,1970,13
45630.jpg,1957,1890,-67
45635.jpg,1957,1975,18
45640.jpg,1957,1958,1
45645.jpg,1957,1950,-7
45650.jpg,1957,1955,-2
45655.jpg,1957,1955,-2
45660.jpg,1957,1964,7
45665.jpg,1957,1920,-37
45675.jpg,1957,2010,53
45680.jpg,1957,1939,-18
45685.jpg,1957,1965,8
45695.jpg,1957,2010,53
45700.jpg,1958,1908,-50
45705.jpg,1958,2010,52
45715.jpg,1958,1955,-3
45720.jpg,1958,1975,17
45730.jpg,1958,1975,17
45735.jpg,1958,2010,52
45740.jpg,1958,1955,-3
45745.jpg,1958,1960,2
45750.jpg,1958,2005,47
45755.jpg,1958,1850,-108
45760.jpg,1958,1965,7
45765.jpg,1958,1965,7
45770.jpg,1958,1930,-28
45775.jpg,1958,1975,17
45780.jpg,1958,1955,-3
45785.jpg,1958,1960,2
45790.jpg,1958,1965,7
45795.jpg,1958,2005,47
45800.jpg,1958,1950,-8
45805.jpg,1958,1955,-3
45810.jpg,1958,1850,-108
45815.jpg,1958,2005,47
45820.jpg,1958,1985,27
45825.jpg,1958,1980,22
45830.jpg,1958,2010,52
45835.jpg,1958,1940,-18
45840.jpg,1958,1955,-3
45845.jpg,1958,1965,7
45850.jpg,1958,1950,-8
45855.jpg,1959,2005,46
45860.jpg,1959,1850,-109
45870.jpg,1959,2001,42
45880.jpg,1959,1920,-39
45885.jpg,1959,1985,26
45890.jpg,1959,1935,-24
45895.jpg,1959,1958,-1
45900.jpg,1959,1960,1
45905.jpg,1959,1960,1
45910.jpg,1959,2010,51
45915.jpg,1959,1991,32
45925.jpg,1959,1930,-29
45930.jpg,1959,1970,11
45935.jpg,1959,1975,16
45940.jpg,1959,1970,11
45945.jpg,1959,2010,51
45950.jpg,1959,2005,46
45955.jpg,1959,2007,48
45960.jpg,1959,1985,26
45965.jpg,1959,1930,-29
45970.jpg,1959,1990,31
45975.jpg,1959,1965,6
45980.jpg,1959,1970,11
45985.jpg,1959,1933,-26
45990.jpg,1960,1830,-130
45995.jpg,1960,1960,0
46000.jpg,1960,1995,35
46005.jpg,1960,1975,15
46015.jpg,1960,1965,5
46025.jpg,1960,2005,45
46030.jpg,1960,1995,35
46035.jpg,1960,1965,5
46040.jpg,1960,1960,0
46045.jpg,1960,1982,22
46050.jpg,1960,1930,-30
46055.jpg,1960,1910,-50
46060.jpg,1960,1970,10
46065.jpg,1960,1965,5
46070.jpg,1960,1937,-23
46075.jpg,1960,1995,35
46080.jpg,1960,1990,30
46085.jpg,1960,1875,-85
46090.jpg,1960,1960,0
46095.jpg,1960,1975,15
46100.jpg,1960,1965,5
46105.jpg,1960,1970,10
46110.jpg,1960,1998,38
46115.jpg,1960,2010,50
46120.jpg,1960,1975,15
46130.jpg,1960,1935,-25
46135.jpg,1960,1929,-31
46140.jpg,1960,1936,-24
46145.jpg,1960,1947,-13
46150.jpg,1960,1964,4
46155.jpg,1961,1900,-61
46160.jpg,1961,1930,-31
46170.jpg,1961,1962,1
46180.jpg,1961,1950,-11
46185.jpg,1961,1965,4
46190.jpg,1961,1880,-81
46195.jpg,1961,1985,24
46200.jpg,1961,2000,39
46205.jpg,1961,1985,24
46210.jpg,1961,1970,9
46215.jpg,1961,2000,39
46220.jpg,1961,2005,44
46225.jpg,1961,1970,9
46230.jpg,1961,1975,14
46235.jpg,1961,1955,-6
46240.jpg,1961,2019,58
46245.jpg,1961,1985,24
46250.jpg,1961,1950,-11
46255.jpg,1961,1955,-6
46260.jpg,1961,1980,19
46265.jpg,1961,1970,9
46270.jpg,1961,1937,-24
46275.jpg,1961,2005,44
46280.jpg,1961,1850,-111
46285.jpg,1961,2010,49
46290.jpg,1961,2005,44
46295.jpg,1961,2005,44
46305.jpg,1961,1960,-1
46310.jpg,1961,1965,4
46315.jpg,1961,2010,49
46320.jpg,1962,1965,3
46330.jpg,1962,1905,-57
46335.jpg,1962,2010,48
46340.jpg,1962,1980,18
46345.jpg,1962,1990,28
46350.jpg,1962,2003,41
46355.jpg,1962,2005,43
46360.jpg,1962,1985,23
46365.jpg,1962,1960,-2
46370.jpg,1962,1940,-22
46375.jpg,1962,1960,-2
46380.jpg,1962,1975,13
46385.jpg,1962,1955,-7
46390.jpg,1962,1980,18
46395.jpg,1962,1907,-55
46400.jpg,1962,1990,28
46405.jpg,1962,1900,-62
46410.jpg,1962,1980,18
46415.jpg,1962,1890,-72
46420.jpg,1962,1985,23
46425.jpg,1962,1955,-7
46430.jpg,1962,2010,48
46435.jpg,1962,1831,-131
46440.jpg,1962,2005,43
46445.jpg,1962,1995,33
46450.jpg,1962,1958,-4
46455.jpg,1962,2012,50
46460.jpg,1962,1970,8
46465.jpg,1963,1935,-28
46470.jpg,1963,1965,2
46475.jpg,1963,1957,-6
46480.jpg,1963,2005,42
46490.jpg,1963,2008,45
46495.jpg,1963,-1,-1964
46500.jpg,1963,1950,-13
46505.jpg,1963,1995,32
46510.jpg,1963,1980,17
46515.jpg,1963,1985,22
46520.jpg,1963,1989,26
46525.jpg,1963,2005,42
46530.jpg,1963,1974,11
46535.jpg,1963,1970,7
46540.jpg,1963,1870,-93
46545.jpg,1963,1950,-13
46550.jpg,1963,1970,7
46555.jpg,1963,1995,32
46560.jpg,1963,1950,-13
46565.jpg,1963,1965,2
46570.jpg,1963,1980,17
46575.jpg,1963,1955,-8
46580.jpg,1963,1980,17
46585.jpg,1963,2000,37
46590.jpg,1963,1600,-363
46595.jpg,1963,1920,-43
46600.jpg,1963,1965,2
46605.jpg,1963,1985,22
46615.jpg,1963,1930,-33
46620.jpg,1963,1970,7
46625.jpg,1963,2000,37
46630.jpg,1963,1955,-8
46635.jpg,1964,1965,1
46640.jpg,1964,2010,46
46645.jpg,1964,1980,16
46650.jpg,1964,1975,11
46655.jpg,1964,1975,11
46660.jpg,1964,2008,44
46665.jpg,1964,1995,31
46670.jpg,1964,1970,6
46675.jpg,1964,2005,41
46680.jpg,1964,2000,36
46685.jpg,1964,2005,41
46690.jpg,1964,1970,6
46695.jpg,1964,2000,36
46700.jpg,1964,1970,6
46705.jpg,1964,2005,41
46710.jpg,1964,1975,11
46715.jpg,1964,1965,1
46720.jpg,1964,1985,21
46725.jpg,1964,1975,11
46730.jpg,1964,1990,26
46735.jpg,1964,1992,28
46740.jpg,1964,1964,0
46745.jpg,1964,1900,-64
46750.jpg,1964,1936,-28
46755.jpg,1964,1975,11
46760.jpg,1964,1840,-124
46765.jpg,1964,1980,16
46770.jpg,1964,1920,-44
46775.jpg,1964,1920,-44
46780.jpg,1964,2005,41
46785.jpg,1964,1994,30
46790.jpg,1964,2005,41
46795.jpg,1964,1950,-14
46805.jpg,1964,1975,11
46810.jpg,1964,1955,-9
46815.jpg,1964,1950,-14
46820.jpg,1965,1990,25
46825.jpg,1965,2003,38
46830.jpg,1965,1975,10
46835.jpg,1965,2010,45
46840.jpg,1965,2005,40
46845.jpg,1965,2000,35
46850.jpg,1965,1985,20
46860.jpg,1965,2006,41
46865.jpg,1965,1980,15
46870.jpg,1965,2005,40
46875.jpg,1965,2005,40
46885.jpg,1965,1960,-5
46890.jpg,1965,2000,35
46895.jpg,1965,1965,0
46900.jpg,1965,2000,35
46905.jpg,1965,1927,-38
46910.jpg,1965,1995,30
46915.jpg,1965,1980,15
46920.jpg,1965,1985,20
46930.jpg,1965,1905,-60
46935.jpg,1965,1965,0
46940.jpg,1965,1925,-40
46945.jpg,1965,1980,15
46950.jpg,1965,1975,10
46955.jpg,1965,2000,35
46960.jpg,1965,1995,30
46965.jpg,1965,2000,35
46970.jpg,1965,1965,0
46990.jpg,1965,1975,10
46995.jpg,1965,1920,-45
47000.jpg,1965,1985,20
47005.jpg,1966,1965,-1
47010.jpg,1966,2000,34
47015.jpg,1966,2000,34
47020.jpg,1966,1972,6
47025.jpg,1966,2005,39
47030.jpg,1966,1985,19
47035.jpg,1966,2000,34
47040.jpg,1966,2000,34
47050.jpg,1966,1965,-1
47055.jpg,1966,1980,14
47060.jpg,1966,2000,34
47065.jpg,1966,1930,-36
47070.jpg,1966,1930,-36
47075.jpg,1966,1995,29
47080.jpg,1966,1975,9
47085.jpg,1966,1975,9
47090.jpg,1966,1970,4
47100.jpg,1966,1930,-36
47105.jpg,1966,1964,-2
47115.jpg,1966,1950,-16
47120.jpg,1966,1970,4
47125.jpg,1966,1850,-116
47130.jpg,1966,1935,-31
47135.jpg,1966,1964,-2
47140.jpg,1966,2000,34
47145.jpg,1966,1930,-36
47150.jpg,1966,1970,4
47155.jpg,1966,1920,-46
47170.jpg,1966,2005,39
47175.jpg,1966,1990,24
47180.jpg,1966,1990,24
47185.jpg,1966,1965,-1
47190.jpg,1966,1965,-1
47195.jpg,1966,1990,24
47200.jpg,1966,1985,19
47205.jpg,1966,1960,-6
47210.jpg,1966,2005,39
47215.jpg,1966,1995,29
47220.jpg,1966,1960,-6
47225.jpg,1967,1970,3
47230.jpg,1967,1955,-12
47235.jpg,1967,1888,-79
47240.jpg,1967,1980,13
47245.jpg,1967,1965,-2
47255.jpg,1967,2005,38
47265.jpg,1967,2005,38
47270.jpg,1967,2005,38
47275.jpg,1967,1995,28
47280.jpg,1967,2005,38
47285.jpg,1967,1960,-7
47290.jpg,1967,2005,38
47295.jpg,1967,1955,-12
47300.jpg,1967,1955,-12
47305.jpg,1967,1880,-87
47310.jpg,1967,1968,1
47315.jpg,1967,1970,3
47320.jpg,1967,1960,-7
47325.jpg,1967,1970,3
47330.jpg,1967,1965,-2
47335.jpg,1967,1960,-7
47340.jpg,1967,2005,38
47345.jpg,1967,1935,-32
47350.jpg,1967,1925,-42
47355.jpg,1967,1970,3
47360.jpg,1967,1910,-57
47365.jpg,1967,-1,-1968
47370.jpg,1967,1875,-92
47375.jpg,1967,1925,-42
47380.jpg,1967,1975,8
47385.jpg,1967,2000,33
47395.jpg,1967,1990,23
47400.jpg,1967,1985,18
47405.jpg,1967,1985,18
47410.jpg,1967,2005,38
47420.jpg,1967,1985,18
47425.jpg,1967,1965,-2
47430.jpg,1967,2005,38
47435.jpg,1967,1970,3
47440.jpg,1967,1960,-7
47445.jpg,1967,2000,33
47450.jpg,1968,1965,-3
47455.jpg,1968,1965,-3
47460.jpg,1968,1970,2
47465.jpg,1968,1985,17
47470.jpg,1968,1965,-3
47475.jpg,1968,1968,0
47480.jpg,1968,2002,34
47485.jpg,1968,1960,-8
47490.jpg,1968,2010,42
47495.jpg,1968,1993,25
47500.jpg,1968,2005,37
47505.jpg,1968,2010,42
47515.jpg,1968,1950,-18
47520.jpg,1968,1980,12
47525.jpg,1968,2002,34
47530.jpg,1968,1970,2
47535.jpg,1968,1958,-10
47540.jpg,1968,1970,2
47545.jpg,1968,1960,-8
47550.jpg,1968,1965,-3
47555.jpg,1968,1911,-57
47560.jpg,1968,2001,33
47565.jpg,1968,1965,-3
47570.jpg,1968,1960,-8
47575.jpg,1968,1790,-178
47580.jpg,1968,2005,37
47585.jpg,1968,1850,-118
47590.jpg,1968,1995,27
47595.jpg,1968,1985,17
47600.jpg,1968,1995,27
47610.jpg,1968,2005,37
47620.jpg,1968,1980,12
47625.jpg,1968,1933,-35
47630.jpg,1968,1995,27
47635.jpg,1968,1965,-3
47640.jpg,1968,1975,7
47645.jpg,1968,1975,7
47650.jpg,1969,1930,-39
47655.jpg,1969,1960,-9
47660.jpg,1969,1964,-5
47665.jpg,1969,1970,1
47670.jpg,1969,2005,36
47675.jpg,1969,1990,21
47680.jpg,1969,2005,36
47685.jpg,1969,1970,1
47690.jpg,1969,2008,39
47695.jpg,1969,1965,-4
47700.jpg,1969,2008,39
47710.jpg,1969,1985,16
47715.jpg,1969,1905,-64
47720.jpg,1969,1965,-4
47730.jpg,1969,1965,-4
47735.jpg,1969,1985,16
47740.jpg,1969,1900,-69
47745.jpg,1969,2000,31
47750.jpg,1969,1985,16
47755.jpg,1969,1910,-59
47760.jpg,1969,1975,6
47765.jpg,1969,2005,36
47770.jpg,1969,1985,16
47780.jpg,1969,2000,31
47785.jpg,1969,1995,26
47790.jpg,1969,1960,-9
47795.jpg,1969,1970,1
47800.jpg,1969,1975,6
47805.jpg,1969,1920,-49
47810.jpg,1969,1975,6
47815.jpg,1969,1993,24
47820.jpg,1969,1985,16
47825.jpg,1969,1985,16
47830.jpg,1969,1975,6
47835.jpg,1970,1965,-5
47840.jpg,1970,1965,-5
47845.jpg,1970,1950,-20
47850.jpg,1970,2000,30
47855.jpg,1970,1962,-8
47860.jpg,1970,2010,40
47865.jpg,1970,2000,30
47870.jpg,1970,1980,10
47875.jpg,1970,2005,35
47880.jpg,1970,2008,38
47890.jpg,1970,1978,8
47895.jpg,1970,1970,0
47900.jpg,1970,1965,-5
47905.jpg,1970,1970,0
47910.jpg,1970,1980,10
47915.jpg,1970,2007,37
47920.jpg,1970,1970,0
47925.jpg,1970,1970,0
47930.jpg,1970,1990,20
47935.jpg,1970,1955,-15
47940.jpg,1970,1952,-18
47945.jpg,1970,1750,-220
47950.jpg,1970,2005,35
47955.jpg,1970,1965,-5
47960.jpg,1970,1965,-5
47965.jpg,1970,2005,35
47970.jpg,1970,2005,35
47975.jpg,1970,1924,-46
47980.jpg,1970,1920,-50
47985.jpg,1970,2003,33
47990.jpg,1970,2000,30
47995.jpg,1970,1995,25
48000.jpg,1971,-1,-1972
48005.jpg,1971,1975,4
48010.jpg,1971,1968,-3
48020.jpg,1971,1995,24
48025.jpg,1971,1990,19
48030.jpg,1971,2005,34
48035.jpg,1971,1960,-11
48040.jpg,1971,2005,34
48045.jpg,1971,1972,1
48050.jpg,1971,1995,24
48065.jpg,1971,1965,-6
48070.jpg,1971,1950,-21
48075.jpg,1971,1965,-6
48080.jpg,1971,1961,-10
48085.jpg,1971,2000,29
48090.jpg,1971,1960,-11
48095.jpg,1971,1930,-41
48100.jpg,1971,2010,39
48105.jpg,1971,2010,39
48110.jpg,1971,1990,19
48115.jpg,1971,2000,29
48120.jpg,1971,1990,19
48130.jpg,1971,1995,24
48135.jpg,1971,1995,24
48140.jpg,1971,1995,24
48145.jpg,1971,2000,29
48150.jpg,1971,1975,4
48155.jpg,1971,1962,-9
48160.jpg,1971,1970,-1
48170.jpg,1971,1970,-1
48175.jpg,1971,1970,-1
48180.jpg,1972,1970,-2
48185.jpg,1972,1930,-42
48190.jpg,1972,1960,-12
48195.jpg,1972,2000,28
48200.jpg,1972,1950,-22
48205.jpg,1972,2005,33
48215.jpg,1972,1980,8
48220.jpg,1972,1985,13
48225.jpg,1972,2000,28
48230.jpg,1972,1998,26
48235.jpg,1972,1998,26
48240.jpg,1972,1985,13
48245.jpg,1972,2006,34
48250.jpg,1972,1975,3
48255.jpg,1972,1940,-32
48260.jpg,1972,1960,-12
48265.jpg,1972,1980,8
48270.jpg,1972,1985,13
48275.jpg,1972,1930,-42
48280.jpg,1972,1955,-17
48285.jpg,1972,1937,-35
48290.jpg,1972,1926,-46
48295.jpg,1972,1985,13
48300.jpg,1972,1975,3
48305.jpg,1972,2015,43
48310.jpg,1972,2005,33
48320.jpg,1972,1970,-2
48325.jpg,1972,1960,-12
48330.jpg,1972,1995,23
48335.jpg,1972,1925,-47
48340.jpg,1972,2000,28
48345.jpg,1972,1985,13
48350.jpg,1972,1960,-12
48355.jpg,1972,1980,8
48360.jpg,1973,2010,37
48365.jpg,1973,1995,22
48370.jpg,1973,1972,-1
48375.jpg,1973,1960,-13
48380.jpg,1973,1990,17
48385.jpg,1973,2005,32
48390.jpg,1973,1985,12
48395.jpg,1973,1960,-13
48400.jpg,1973,2005,32
48405.jpg,1973,1970,-3
48410.jpg,1973,1995,22
48415.jpg,1973,1985,12
48420.jpg,1973,2005,32
48425.jpg,1973,1970,-3
48430.jpg,1973,1970,-3
48435.jpg,1973,1965,-8
48440.jpg,1973,1970,-3
48445.jpg,1973,1960,-13
48450.jpg,1973,1990,17
48455.jpg,1973,1995,22
48465.jpg,1973,-1,-1974
48475.jpg,1973,1965,-8
48480.jpg,1973,1955,-18
48490.jpg,1973,1970,-3
48495.jpg,1973,2005,32
48500.jpg,1973,1905,-68
48505.jpg,1973,2000,27
48510.jpg,1973,2000,27
48515.jpg,1973,1975,2
48525.jpg,1973,1975,2
48530.jpg,1974,1980,6
48535.jpg,1974,1970,-4
48540.jpg,1974,2010,36
48545.jpg,1974,2004,30
48550.jpg,1974,-1,-1975
48555.jpg,1974,2005,31
48560.jpg,1974,2005,31
48565.jpg,1974,1985,11
48570.jpg,1974,2005,31
48575.jpg,1974,1985,11
48580.jpg,1974,2000,26
48585.jpg,1974,1970,-4
48590.jpg,1974,1965,-9
48595.jpg,1974,1970,-4
48600.jpg,1974,1975,1
48605.jpg,1974,1980,6
48610.jpg,1974,2000,26
48615.jpg,1974,2008,34
48620.jpg,1974,1912,-62
48625.jpg,1974,1950,-24
48630.jpg,1974,1975,1
48635.jpg,1974,2005,31
48640.jpg,1974,1530,-444
48650.jpg,1974,1968,-6
48670.jpg,1974,2005,31
48675.jpg,1974,1985,11
48680.jpg,1974,2005,31
48685.jpg,1974,1978,4
48690.jpg,1974,1995,21
48695.jpg,1974,1897,-77
48700.jpg,1974,1990,16
48705.jpg,1974,2005,31
48710.jpg,1974,2005,31
48715.jpg,1974,1973,-1
48720.jpg,1974,2000,26
48725.jpg,1974,1870,-104
48735.jpg,1975,1995,20
48740.jpg,1975,1960,-15
48745.jpg,1975,1972,-3
48750.jpg,1975,1965,-10
48755.jpg,1975,2005,30
48760.jpg,1975,1985,10
48765.jpg,1975,2005,30
48770.jpg,1975,2000,25
48775.jpg,1975,2000,25
48780.jpg,1975,2005,30
48785.jpg,1975,2000,25
48790.jpg,1975,1985,10
48795.jpg,1975,2010,35
48800.jpg,1975,1960,-15
48805.jpg,1975,1975,0
48810.jpg,1975,2010,35
48815.jpg,1975,1985,10
48820.jpg,1975,1965,-10
48825.jpg,1975,1930,-45
48830.jpg,1975,1965,-10
48835.jpg,1975,2010,35
48840.jpg,1975,2005,30
48845.jpg,1975,2010,35
48850.jpg,1975,1998,23
48855.jpg,1975,2020,45
48860.jpg,1975,2000,25
48865.jpg,1975,2005,30
48870.jpg,1975,2005,30
48875.jpg,1975,1980,5
48880.jpg,1975,2005,30
48885.jpg,1975,1970,-5
48890.jpg,1975,2000,25
48895.jpg,1975,1980,5
48900.jpg,1976,1900,-76
48905.jpg,1976,1990,14
48910.jpg,1976,1950,-26
48915.jpg,1976,1970,-6
48920.jpg,1976,2005,29
48925.jpg,1976,2010,34
48930.jpg,1976,2000,24
48940.jpg,1976,1975,-1
48945.jpg,1976,1992,16
48950.jpg,1976,2010,34
48955.jpg,1976,1970,-6
48960.jpg,1976,1985,9
48965.jpg,1976,1965,-11
48970.jpg,1976,1975,-1
48975.jpg,1976,1985,9
48985.jpg,1976,1970,-6
48990.jpg,1976,1950,-26
49000.jpg,1976,-1,-1977
49020.jpg,1976,1960,-16
49030.jpg,1976,2005,29
49035.jpg,1976,2002,26
49040.jpg,1976,2000,24
49045.jpg,1976,2010,34
49050.jpg,1976,1995,19
49060.jpg,1976,1960,-16
49065.jpg,1976,2005,29
49070.jpg,1976,1975,-1
49075.jpg,1976,1792,-184
49080.jpg,1976,1975,-1
49085.jpg,1976,2000,24
49090.jpg,1976,2010,34
49095.jpg,1977,1980,3
49100.jpg,1977,1910,-67
49105.jpg,1977,2005,28
49110.jpg,1977,1997,20
49115.jpg,1977,1960,-17
49120.jpg,1977,1990,13
49125.jpg,1977,2005,28
49130.jpg,1977,1985,8
49135.jpg,1977,1995,18
49140.jpg,1977,1960,-17
49145.jpg,1977,1970,-7
49150.jpg,1977,1965,-12
49155.jpg,1977,1970,-7
49160.jpg,1977,2005,28
49165.jpg,1977,1985,8
49170.jpg,1977,1985,8
49175.jpg,1977,1895,-82
49180.jpg,1977,1965,-12
49185.jpg,1977,2000,23
49190.jpg,1977,2015,38
49195.jpg,1977,1965,-12
49205.jpg,1977,2010,33
49210.jpg,1977,2005,28
49215.jpg,1977,1995,18
49220.jpg,1977,2005,28
49225.jpg,1977,1978,1
49230.jpg,1977,-1,-1978
49235.jpg,1977,1984,7
49240.jpg,1977,2005,28
49250.jpg,1977,1920,-57
49255.jpg,1977,1978,1
49260.jpg,1978,2000,22
49265.jpg,1978,2010,32
49270.jpg,1978,1965,-13
49280.jpg,1978,1993,15
49285.jpg,1978,1995,17
49290.jpg,1978,1910,-68
49295.jpg,1978,2008,30
49305.jpg,1978,1970,-8
49310.jpg,1978,2015,37
49315.jpg,1978,1960,-18
49320.jpg,1978,2005,27
49325.jpg,1978,1950,-28
49330.jpg,1978,2015,37
49335.jpg,1978,1985,7
49340.jpg,1978,1910,-68
49345.jpg,1978,1990,12
49350.jpg,1978,1972,-6
49355.jpg,1978,2005,27
49360.jpg,1978,2005,27
49365.jpg,1978,2010,32
49370.jpg,1978,1980,2
49375.jpg,1978,2005,27
49385.jpg,1978,2005,27
49390.jpg,1978,2000,22
49395.jpg,1978,1969,-9
49400.jpg,1978,1970,-8
49405.jpg,1979,1965,-14
49410.jpg,1979,1982,3
49415.jpg,1979,1980,1
49420.jpg,1979,2000,21
49425.jpg,1979,2000,21
49430.jpg,1979,2010,31
49435.jpg,1979,1970,-9
49440.jpg,1979,1962,-17
49445.jpg,1979,1965,-14
49450.jpg,1979,1930,-49
49455.jpg,1979,1970,-9
49460.jpg,1979,2002,23
49465.jpg,1979,1920,-59
49470.jpg,1979,1995,16
49475.jpg,1979,1960,-19
49480.jpg,1979,1905,-74
49485.jpg,1979,1960,-19
49490.jpg,1979,1990,11
49495.jpg,1979,1933,-46
49500.jpg,1979,2010,31
49505.jpg,1979,2005,26
49510.jpg,1979,1965,-14
49515.jpg,1979,1985,6
49525.jpg,1979,2000,21
49530.jpg,1979,2005,26
49535.jpg,1979,1980,1
49540.jpg,1979,1995,16
49545.jpg,1979,1975,-4
49550.jpg,1979,2005,26
49555.jpg,1979,2005,26
49560.jpg,1979,1975,-4
49565.jpg,1980,1938,-42
49570.jpg,1980,1900,-80
49585.jpg,1980,1920,-60
49590.jpg,1980,1974,-6
49595.jpg,1980,1980,0
49600.jpg,1980,1965,-15
49605.jpg,1980,1925,-55
49610.jpg,1980,1965,-15
49615.jpg,1980,2000,20
49620.jpg,1980,1970,-10
49625.jpg,1980,-1,-1981
49630.jpg,1980,2005,25
49635.jpg,1980,2005,25
49640.jpg,1980,1995,15
49645.jpg,1980,2005,25
49650.jpg,1980,2000,20
49655.jpg,1980,1920,-60
49660.jpg,1980,2010,30
49665.jpg,1980,1998,18
49675.jpg,1980,1995,15
49680.jpg,1980,2005,25
49685.jpg,1980,2005,25
49690.jpg,1980,2000,20
49695.jpg,1980,1975,-5
49700.jpg,1980,1971,-9
49705.jpg,1980,1950,-30
49710.jpg,1981,2005,24
49715.jpg,1981,2005,24
49720.jpg,1981,1965,-16
49725.jpg,1981,1960,-21
49735.jpg,1981,1985,4
49740.jpg,1981,1975,-6
49745.jpg,1981,2005,24
49750.jpg,1981,2003,22
49755.jpg,1981,1975,-6
49760.jpg,1981,1970,-11
49770.jpg,1981,1970,-11
49775.jpg,1981,1965,-16
49780.jpg,1981,2000,19
49785.jpg,1981,1930,-51
49790.jpg,1981,1975,-6
49795.jpg,1981,1985,4
49800.jpg,1981,2005,24
49805.jpg,1981,1995,14
49810.jpg,1981,1960,-21
49815.jpg,1981,1938,-43
49820.jpg,1981,1875,-106
49825.jpg,1981,2005,24
49830.jpg,1981,1985,4
49835.jpg,1981,1950,-31
49840.jpg,1981,1885,-96
49845.jpg,1981,1925,-56
49850.jpg,1981,2010,29
49860.jpg,1981,2000,19
49865.jpg,1981,1982,1
49875.jpg,1981,1985,4
49880.jpg,1981,1995,14
49885.jpg,1981,1985,4
49890.jpg,1981,2000,19
49895.jpg,1981,1970,-11
49900.jpg,1981,1990,9
49905.jpg,1981,1987,6
49910.jpg,1981,2010,29
49915.jpg,1981,1965,-16
49920.jpg,1982,2005,23
49925.jpg,1982,2005,23
49930.jpg,1982,2000,18
49935.jpg,1982,1985,3
49940.jpg,1982,1972,-10
49945.jpg,1982,1999,17
49950.jpg,1982,2012,30
49955.jpg,1982,1985,3
49960.jpg,1982,1995,13
49965.jpg,1982,2000,18
49975.jpg,1982,2005,23
49980.jpg,1982,2010,28
49985.jpg,1982,1995,13
49990.jpg,1982,1985,3
49995.jpg,1982,1975,-7
50000.jpg,1982,1998,16
50005.jpg,1982,2010,28
50010.jpg,1982,1970,-12
50015.jpg,1982,1970,-12
50020.jpg,1982,2000,18
50025.jpg,1982,1990,8
50030.jpg,1982,1995,13
50035.jpg,1982,1980,-2
50040.jpg,1982,1970,-12
50045.jpg,1982,2000,18
50050.jpg,1982,1965,-17
50055.jpg,1982,2000,18
50060.jpg,1982,1990,8
50065.jpg,1982,1920,-62
50070.jpg,1982,2000,18
50075.jpg,1982,1970,-12
50080.jpg,1982,1885,-97
50095.jpg,1982,1920,-62
50100.jpg,1982,1850,-132
50105.jpg,1982,1970,-12
50110.jpg,1982,1890,-92
50115.jpg,1982,2005,23
50120.jpg,1982,1905,-77
50145.jpg,1982,1908,-74
50150.jpg,1982,1980,-2
50155.jpg,1982,1962,-20
50160.jpg,1983,1800,-183
50165.jpg,1983,1953,-30
50170.jpg,1983,2015,32
50175.jpg,1983,1950,-33
50185.jpg,1983,1910,-73
50190.jpg,1983,2000,17
50195.jpg,1983,1995,12
50200.jpg,1983,1962,-21
50205.jpg,1983,1995,12
50210.jpg,1983,1990,7
50220.jpg,1983,1998,15
50225.jpg,1983,2000,17
50230.jpg,1983,1975,-8
50235.jpg,1983,1995,12
50240.jpg,1983,1985,2
50245.jpg,1983,1980,-3
50250.jpg,1983,1985,2
50255.jpg,1983,1960,-23
50260.jpg,1983,1997,14
50270.jpg,1983,1975,-8
50275.jpg,1983,1968,-15
50280.jpg,1983,2005,22
50285.jpg,1983,1960,-23
50290.jpg,1983,2000,17
50295.jpg,1983,1985,2
50300.jpg,1983,1960,-23
50305.jpg,1983,1985,2
50310.jpg,1983,1930,-53
50315.jpg,1983,1895,-88
50320.jpg,1983,1965,-18
50325.jpg,1983,1945,-38
50330.jpg,1983,1995,12
50335.jpg,1983,1985,2
50340.jpg,1983,2010,27
50345.jpg,1983,1995,12
50350.jpg,1983,1995,12
50355.jpg,1983,1940,-43
50360.jpg,1983,2005,22
50365.jpg,1983,1970,-13
50370.jpg,1983,1980,-3
50375.jpg,1983,1970,-13
50380.jpg,1983,2015,32
50385.jpg,1983,2010,27
50390.jpg,1984,1975,-9
50395.jpg,1984,1972,-12
50400.jpg,1984,1965,-19
50405.jpg,1984,1980,-4
50410.jpg,1984,2005,21
50415.jpg,1984,1975,-9
50420.jpg,1984,2005,21
50425.jpg,1984,1990,6
50430.jpg,1984,1975,-9
50435.jpg,1984,1965,-19
50440.jpg,1984,1975,-9
50445.jpg,1984,1980,-4
50450.jpg,1984,1995,11
50455.jpg,1984,1990,6
50465.jpg,1984,-1,-1985
50470.jpg,1984,1985,1
50475.jpg,1984,2010,26
50480.jpg,1984,1975,-9
50485.jpg,1984,1970,-14
50490.jpg,1984,1939,-45
50495.jpg,1984,2000,16
50500.jpg,1984,1950,-34
50505.jpg,1984,1935,-49
50515.jpg,1984,2015,31
50520.jpg,1984,2000,16
50525.jpg,1984,1970,-14
50530.jpg,1984,1920,-64
50535.jpg,1984,1930,-54
50540.jpg,1984,1985,1
50545.jpg,1984,1995,11
50550.jpg,1984,2010,26
50555.jpg,1984,2004,20
50560.jpg,1984,1970,-14
50565.jpg,1984,1965,-19
50570.jpg,1984,1970,-14
50575.jpg,1984,1975,-9
50580.jpg,1985,1820,-165
50585.jpg,1985,1975,-10
50595.jpg,1985,1985,0
50600.jpg,1985,2005,20
50605.jpg,1985,1960,-25
50610.jpg,1985,1990,5
50615.jpg,1985,2000,15
50620.jpg,1985,2000,15
50630.jpg,1985,2002,17
50635.jpg,1985,2003,18
50640.jpg,1985,2000,15
50645.jpg,1985,1962,-23
50650.jpg,1985,-1,-1986
50655.jpg,1985,1995,10
50660.jpg,1985,1995,10
50665.jpg,1985,1975,-10
50670.jpg,1985,1990,5
50675.jpg,1985,2000,15
50680.jpg,1985,1965,-20
50685.jpg,1985,1990,5
50690.jpg,1985,2010,25
50695.jpg,1985,2008,23
50700.jpg,1985,1960,-25
50705.jpg,1985,1960,-25
50710.jpg,1985,1905,-80
50715.jpg,1985,1926,-59
50720.jpg,1985,1885,-100
50730.jpg,1985,2005,20
50735.jpg,1985,2005,20
50740.jpg,1985,1995,10
50745.jpg,1985,2005,20
50750.jpg,1985,2005,20
50755.jpg,1985,2000,15
50760.jpg,1985,1985,0
50765.jpg,1985,1995,10
50770.jpg,1985,1995,10
50775.jpg,1985,1982,-3
50780.jpg,1986,2010,24
50785.jpg,1986,1965,-21
50790.jpg,1986,1980,-6
50795.jpg,1986,2005,19
50800.jpg,1986,2000,14
50805.jpg,1986,2005,19
50810.jpg,1986,1990,4
50815.jpg,1986,1980,-6
50820.jpg,1986,1992,6
50830.jpg,1986,1985,-1
50835.jpg,1986,1985,-1
50840.jpg,1986,1998,12
50845.jpg,1986,1995,9
50850.jpg,1986,1985,-1
50855.jpg,1986,2010,24
50860.jpg,1986,1975,-11
50865.jpg,1986,1908,-78
50870.jpg,1986,2000,14
50885.jpg,1986,1985,-1
50890.jpg,1986,1985,-1
50895.jpg,1986,2003,17
50900.jpg,1986,1920,-66
50905.jpg,1986,1980,-6
50910.jpg,1986,1995,9
50915.jpg,1986,2005,19
50920.jpg,1986,1930,-56
50925.jpg,1986,1750,-236
50930.jpg,1986,1970,-16
50935.jpg,1986,1950,-36
50940.jpg,1986,1920,-66
50945.jpg,1986,2000,14
50950.jpg,1986,1975,-11
50955.jpg,1986,2015,29
50960.jpg,1986,1990,4
50965.jpg,1986,1975,-11
50970.jpg,1986,2000,14
50975.jpg,1986,1995,9
50980.jpg,1986,1920,-66
50985.jpg,1986,1928,-58
50990.jpg,1987,1740,-247
50995.jpg,1987,1935,-52
51000.jpg,1987,2005,18
51010.jpg,1987,1960,-27
51015.jpg,1987,2000,13
51020.jpg,1987,1985,-2
51025.jpg,1987,1985,-2
51030.jpg,1987,1950,-37
51035.jpg,1987,2008,21
51040.jpg,1987,2000,13
51045.jpg,1987,1985,-2
51050.jpg,1987,2000,13
51055.jpg,1987,1985,-2
51060.jpg,1987,1990,3
51065.jpg,1987,2010,23
51070.jpg,1987,1970,-17
51075.jpg,1987,1965,-22
51080.jpg,1987,2010,23
51085.jpg,1987,1985,-2
51090.jpg,1987,2000,13
51095.jpg,1987,1980,-7
51100.jpg,1987,1952,-35
51105.jpg,1987,2000,13
51110.jpg,1987,1955,-32
51115.jpg,1987,2005,18
51120.jpg,1987,1970,-17
51125.jpg,1987,1750,-237
51130.jpg,1987,1890,-97
51135.jpg,1987,1975,-12
51140.jpg,1987,2000,13
51145.jpg,1987,1985,-2
51155.jpg,1987,2000,13
51165.jpg,1987,1930,-57
51170.jpg,1987,1925,-62
51175.jpg,1987,1969,-18
51180.jpg,1987,2003,16
51200.jpg,1988,1990,2
51205.jpg,1988,1990,2
51210.jpg,1988,2000,12
51215.jpg,1988,2015,27
51220.jpg,1988,1985,-3
51225.jpg,1988,1985,-3
51240.jpg,1988,1985,-3
51245.jpg,1988,1989,1
51250.jpg,1988,1995,7
51255.jpg,1988,1988,0
51260.jpg,1988,1972,-16
51265.jpg,1988,1995,7
51270.jpg,1988,2010,22
51275.jpg,1988,1968,-20
51280.jpg,1988,1980,-8
51285.jpg,1988,1980,-8
51290.jpg,1988,2000,12
51295.jpg,1988,1957,-31
51300.jpg,1988,2005,17
51305.jpg,1988,1960,-28
51310.jpg,1988,2002,14
51315.jpg,1988,2005,17
51320.jpg,1988,1900,-88
51330.jpg,1988,1965,-23
51335.jpg,1988,1900,-88
51340.jpg,1988,1990,2
51345.jpg,1988,1900,-88
51350.jpg,1988,1900,-88
51355.jpg,1988,2000,12
51360.jpg,1988,2000,12
51365.jpg,1988,1980,-8
51370.jpg,1988,1985,-3
51375.jpg,1988,1980,-8
51380.jpg,1988,2010,22
51385.jpg,1988,2005,17
51390.jpg,1988,1980,-8
51395.jpg,1988,1995,7
51400.jpg,1988,2000,12
51405.jpg,1988,1975,-13
51410.jpg,1989,1968,-21
51415.jpg,1989,1988,-1
51420.jpg,1989,2000,11
51425.jpg,1989,2005,16
51430.jpg,1989,2015,26
51435.jpg,1989,2000,11
51440.jpg,1989,2005,16
51445.jpg,1989,2005,16
51455.jpg,1989,1965,-24
51460.jpg,1989,1980,-9
51470.jpg,1989,1995,6
51475.jpg,1989,2005,16
51480.jpg,1989,1995,6
51485.jpg,1989,1975,-14
51490.jpg,1989,1985,-4
51495.jpg,1989,2005,16
51500.jpg,1989,1950,-39
51505.jpg,1989,1999,10
51510.jpg,1989,1970,-19
51515.jpg,1989,2005,16
51520.jpg,1989,1980,-9
51525.jpg,1989,1995,6
51530.jpg,1989,1960,-29
51535.jpg,1989,2000,11
51540.jpg,1989,1975,-14
51545.jpg,1989,1930,-59
51550.jpg,1989,1920,-69
51555.jpg,1989,2005,16
51560.jpg,1989,2000,11
51565.jpg,1989,2000,11
51575.jpg,1989,2000,11
51580.jpg,1989,1500,-489
51585.jpg,1989,1990,1
51590.jpg,1989,1995,6
51595.jpg,1989,1980,-9
51600.jpg,1989,2010,21
51605.jpg,1990,1900,-90
51610.jpg,1990,1985,-5
51615.jpg,1990,1984,-6
51620.jpg,1990,2002,12
51625.jpg,1990,1985,-5
51630.jpg,1990,2005,15
51635.jpg,1990,1970,-20
51640.jpg,1990,2005,15
51645.jpg,1990,1974,-16
51650.jpg,1990,1959,-31
51655.jpg,1990,2001,11
51660.jpg,1990,2000,10
51670.jpg,1990,1929,-61
51675.jpg,1990,1995,5
51680.jpg,1990,2000,10
51685.jpg,1990,1995,5
51690.jpg,1990,2005,15
51695.jpg,1990,1970,-20
51700.jpg,1990,1975,-15
51705.jpg,1990,2000,10
51710.jpg,1990,1970,-20
51715.jpg,1990,1965,-25
51720.jpg,1990,1975,-15
51725.jpg,1990,1996,6
51730.jpg,1990,2000,10
51735.jpg,1990,1970,-20
51740.jpg,1990,1965,-25
51745.jpg,1990,1925,-65
51755.jpg,1990,1993,3
51760.jpg,1990,1930,-60
51765.jpg,1990,1880,-110
51770.jpg,1990,1960,-30
51775.jpg,1990,2010,20
51780.jpg,1990,1985,-5
51785.jpg,1990,1920,-70
51795.jpg,1990,2010,20
51805.jpg,1990,1985,-5
51810.jpg,1990,2000,10
51815.jpg,1990,1970,-20
51820.jpg,1990,1968,-22
51825.jpg,1990,1995,5
51830.jpg,1990,1970,-20
51840.jpg,1991,1750,-241
51845.jpg,1991,1929,-62
51850.jpg,1991,1988,-3
51860.jpg,1991,2000,9
51865.jpg,1991,1980,-11
51870.jpg,1991,1980,-11
51875.jpg,1991,1995,4
51885.jpg,1991,1968,-23
51890.jpg,1991,1988,-3
51895.jpg,1991,2000,9
51905.jpg,1991,1995,4
51910.jpg,1991,1985,-6
51920.jpg,1991,2005,14
51925.jpg,1991,2000,9
51930.jpg,1991,1985,-6
51935.jpg,1991,1985,-6
51940.jpg,1991,1985,-6
51945.jpg,1991,1929,-62
51950.jpg,1991,1985,-6
51955.jpg,1991,1985,-6
51960.jpg,1991,2000,9
51965.jpg,1991,1970,-21
51970.jpg,1991,2005,14
51975.jpg,1991,1973,-18
51980.jpg,1991,1900,-91
51985.jpg,1991,1922,-69
51990.jpg,1991,2005,14
51995.jpg,1991,1998,7
52000.jpg,1991,1950,-41
52015.jpg,1991,1989,-2
52020.jpg,1991,2000,9
52025.jpg,1991,1990,-1
52035.jpg,1991,1965,-26
52040.jpg,1991,2005,14
52045.jpg,1991,1981,-10
52060.jpg,1991,1985,-6
52065.jpg,1992,2010,18
52070.jpg,1992,2005,13
52075.jpg,1992,2000,8
52080.jpg,1992,1960,-32
52085.jpg,1992,2005,13
52090.jpg,1992,1985,-7
52095.jpg,1992,1990,-2
52100.jpg,1992,1995,3
52105.jpg,1992,1965,-27
52110.jpg,1992,1995,3
52115.jpg,1992,2005,13
52120.jpg,1992,1990,-2
52125.jpg,1992,2005,13
52130.jpg,1992,1970,-22
52135.jpg,1992,1970,-22
52140.jpg,1992,1985,-7
52145.jpg,1992,1995,3
52150.jpg,1992,2000,8
52155.jpg,1992,1985,-7
52160.jpg,1992,2000,8
52165.jpg,1992,2000,8
52170.jpg,1992,1975,-17
52175.jpg,1992,2005,13
52180.jpg,1992,1995,3
52185.jpg,1992,2005,13
52190.jpg,1992,2011,19
52195.jpg,1992,2000,8
52200.jpg,1992,2005,13
52205.jpg,1992,1980,-12
52210.jpg,1992,1930,-62
52215.jpg,1992,1931,-61
52220.jpg,1992,2000,8
52225.jpg,1992,1900,-92
52230.jpg,1992,1900,-92
52235.jpg,1992,1905,-87
52240.jpg,1992,2010,18
52245.jpg,1992,1985,-7
52250.jpg,1992,1992,0
52260.jpg,1992,1995,3
52270.jpg,1993,1985,-8
52275.jpg,1993,1924,-69
52280.jpg,1993,1910,-83
52285.jpg,1993,1985,-8
52290.jpg,1993,1990,-3
52300.jpg,1993,1960,-33
52305.jpg,1993,1970,-23
52310.jpg,1993,1990,-3
52315.jpg,1993,2005,12
52320.jpg,1993,2000,7
52325.jpg,1993,1985,-8
52335.jpg,1993,1985,-8
52340.jpg,1993,1985,-8
52345.jpg,1993,1980,-13
52350.jpg,1993,2005,12
52355.jpg,1993,1990,-3
52360.jpg,1993,1975,-18
52365.jpg,1993,1995,2
52370.jpg,1993,1985,-8
52375.jpg,1993,1910,-83
52380.jpg,1993,1965,-28
52385.jpg,1993,1993,0
52390.jpg,1993,2000,7
52395.jpg,1993,2000,7
52400.jpg,1993,1960,-33
52405.jpg,1993,1968,-25
52410.jpg,1993,1750,-243
52415.jpg,1993,1965,-28
52420.jpg,1993,1990,-3
52425.jpg,1993,1910,-83
52430.jpg,1993,1985,-8
52435.jpg,1993,1998,5
52440.jpg,1993,2000,7
52445.jpg,1993,2005,12
52450.jpg,1993,1910,-83
52455.jpg,1993,2005,12
52460.jpg,1993,1965,-28
52465.jpg,1993,1977,-16
52475.jpg,1994,2010,16
52480.jpg,1994,1985,-9
52485.jpg,1994,2005,11
52490.jpg,1994,1982,-12
52495.jpg,1994,2010,16
52505.jpg,1994,2000,6
52510.jpg,1994,1994,0
52515.jpg,1994,2000,6
52525.jpg,1994,2005,11
52530.jpg,1994,1980,-14
52535.jpg,1994,1985,-9
52540.jpg,1994,1955,-39
52545.jpg,1994,2005,11
52550.jpg,1994,1990,-4
52555.jpg,1994,1975,-19
52560.jpg,1994,1930,-64
52570.jpg,1994,1965,-29
52575.jpg,1994,1985,-9
52580.jpg,1994,1557,-437
52585.jpg,1994,1998,4
52590.jpg,1994,1997,3
52595.jpg,1994,1910,-84
52600.jpg,1994,1910,-84
52605.jpg,1994,1755,-239
52610.jpg,1994,2000,6
52615.jpg,1994,1787,-207
52620.jpg,1994,2008,14
52625.jpg,1994,1990,-4
52630.jpg,1994,2000,6
52635.jpg,1994,1995,1
52640.jpg,1994,1958,-36
52645.jpg,1994,1990,-4
52650.jpg,1995,2005,10
52655.jpg,1995,1985,-10
52660.jpg,1995,2010,15
52665.jpg,1995,2005,10
52670.jpg,1995,1960,-35
52675.jpg,1995,1970,-25
52680.jpg,1995,1995,0
52685.jpg,1995,2010,15
52690.jpg,1995,1991,-4
52695.jpg,1995,2005,10
52700.jpg,1995,2005,10
52705.jpg,1995,1960,-35
52710.jpg,1995,2005,10
52715.jpg,1995,1965,-30
52720.jpg,1995,1985,-10
52725.jpg,1995,1985,-10
52730.jpg,1995,1992,-3
52735.jpg,1995,2000,5
52740.jpg,1995,1975,-20
52745.jpg,1995,1995,0
52750.jpg,1995,1972,-23
52755.jpg,1995,1890,-105
52760.jpg,1995,1995,0
52765.jpg,1995,1985,-10
52770.jpg,1995,2010,15
52775.jpg,1995,2000,5
52785.jpg,1995,2010,15
52790.jpg,1995,1900,-95
52795.jpg,1995,2005,10
52800.jpg,1995,1900,-95
52805.jpg,1995,2010,15
52810.jpg,1995,2010,15
52815.jpg,1995,1925,-70
52820.jpg,1995,1980,-15
52825.jpg,1995,1995,0
52830.jpg,1995,1950,-45
52835.jpg,1995,1995,0
52840.jpg,1995,1890,-105
52845.jpg,1996,1995,-1
52850.jpg,1996,2005,9
52855.jpg,1996,2005,9
52860.jpg,1996,2010,14
52865.jpg,1996,1995,-1
52870.jpg,1996,2005,9
52875.jpg,1996,2008,12
52880.jpg,1996,1920,-76
52885.jpg,1996,2005,9
52890.jpg,1996,1970,-26
52895.jpg,1996,2018,22
52900.jpg,1996,2000,4
52905.jpg,1996,1991,-5
52910.jpg,1996,2005,9
52915.jpg,1996,1950,-46
52920.jpg,1996,2010,14
52925.jpg,1996,2000,4
52935.jpg,1996,1980,-16
52940.jpg,1996,1969,-27
52945.jpg,1996,1950,-46
52950.jpg,1996,1965,-31
52955.jpg,1996,2005,9
52960.jpg,1996,1995,-1
52965.jpg,1996,1995,-1
52970.jpg,1996,1975,-21
52980.jpg,1996,2010,14
52985.jpg,1997,1750,-247
52990.jpg,1997,1975,-22
52995.jpg,1997,2005,8
53000.jpg,1997,1975,-22
53005.jpg,1997,1975,-22
53010.jpg,1997,2010,13
53015.jpg,1997,2010,13
53020.jpg,1997,2005,8
53025.jpg,1997,-1,-1998
53030.jpg,1997,2000,3
53035.jpg,1997,2000,3
53040.jpg,1997,2005,8
53045.jpg,1997,2005,8
53050.jpg,1997,2008,11
53055.jpg,1997,1995,-2
53060.jpg,1997,1995,-2
53065.jpg,1997,1990,-7
53070.jpg,1997,1985,-12
53075.jpg,1997,1995,-2
53080.jpg,1997,2010,13
53085.jpg,1997,1965,-32
53090.jpg,1997,1950,-47
53095.jpg,1997,1990,-7
53100.jpg,1997,1985,-12
53105.jpg,1997,2000,3
53110.jpg,1997,2000,3
53115.jpg,1997,2004,7
53120.jpg,1997,2000,3
53125.jpg,1997,2000,3
53130.jpg,1997,1965,-32
53135.jpg,1997,1965,-32
53140.jpg,1997,1958,-39
53145.jpg,1997,1925,-72
53150.jpg,1997,2010,13
53155.jpg,1997,1795,-202
53165.jpg,1997,1999,2
53170.jpg,1997,2005,8
53175.jpg,1997,1998,1
53180.jpg,1997,2000,3
53185.jpg,1997,2000,3
53190.jpg,1997,1985,-12
53195.jpg,1997,1603,-394
53200.jpg,1997,-1,-1998
53205.jpg,1997,1965,-32
53210.jpg,1997,1968,-29
53215.jpg,1997,2005,8
53220.jpg,1997,2005,8
53225.jpg,1997,2000,3
53230.jpg,1997,1989,-8
53235.jpg,1998,1900,-98
53240.jpg,1998,2004,6
53245.jpg,1998,1960,-38
53250.jpg,1998,2000,2
53255.jpg,1998,1950,-48
53260.jpg,1998,1995,-3
53265.jpg,1998,1965,-33
53270.jpg,1998,2010,12
53275.jpg,1998,1970,-28
53280.jpg,1998,1995,-3
53285.jpg,1998,1995,-3
53290.jpg,1998,2000,2
53300.jpg,1998,2000,2
53305.jpg,1998,1960,-38
53310.jpg,1998,2005,7
53315.jpg,1998,1988,-10
53325.jpg,1998,2005,7
53330.jpg,1998,2000,2
53335.jpg,1998,1995,-3
53340.jpg,1998,1990,-8
53345.jpg,1998,1990,-8
53350.jpg,1998,2005,7
53355.jpg,1998,2000,2
53365.jpg,1998,2005,7
53370.jpg,1998,2005,7
53375.jpg,1998,2000,2
53380.jpg,1998,1930,-68
53385.jpg,1998,1750,-248
53390.jpg,1998,1750,-248
53395.jpg,1998,1965,-33
53400.jpg,1998,1850,-148
53405.jpg,1998,1990,-8
53410.jpg,1998,1980,-18
53415.jpg,1998,1995,-3
53420.jpg,1998,1999,1
53425.jpg,1998,1985,-13
53435.jpg,1998,1978,-20
53440.jpg,1998,1995,-3
53445.jpg,1998,2009,11
53450.jpg,1998,2000,2
53455.jpg,1999,1740,-259
53460.jpg,1999,2010,11
53465.jpg,1999,2005,6
53470.jpg,1999,1985,-14
53475.jpg,1999,2005,6
53480.jpg,1999,2005,6
53485.jpg,1999,1965,-34
53490.jpg,1999,1985,-14
53495.jpg,1999,2005,6
53505.jpg,1999,2000,1
53510.jpg,1999,1985,-14
53515.jpg,1999,2005,6
53520.jpg,1999,2010,11
53525.jpg,1999,2000,1
53530.jpg,1999,2005,6
53535.jpg,1999,1970,-29
53540.jpg,1999,1970,-29
53545.jpg,1999,2000,1
53550.jpg,1999,2010,11
53555.jpg,1999,1960,-39
53560.jpg,1999,2005,6
53565.jpg,1999,1978,-21
53570.jpg,1999,2005,6
53575.jpg,1999,2015,16
53580.jpg,1999,1985,-14
53585.jpg,1999,1965,-34
53590.jpg,1999,1990,-9
53595.jpg,1999,2005,6
53600.jpg,1999,1998,-1
53605.jpg,1999,2000,1
53610.jpg,1999,2001,2
53615.jpg,1999,1900,-99
53620.jpg,1999,1920,-79
53625.jpg,1999,1930,-69
53630.jpg,1999,1935,-64
53635.jpg,1999,1924,-75
53650.jpg,1999,1990,-9
53655.jpg,1999,2000,1
53660.jpg,1999,2005,6
53665.jpg,1999,1990,-9
53670.jpg,1999,2000,1
53675.jpg,1999,1997,-2
53680.jpg,1999,2002,3
53685.jpg,1999,1907,-92
53690.jpg,2000,1995,-5
53700.jpg,2000,2000,0
53705.jpg,2000,2000,0
53710.jpg,2000,2000,0
53715.jpg,2000,2000,0
53720.jpg,2000,1999,-1
53725.jpg,2000,2005,5
53730.jpg,2000,2000,0
53735.jpg,2000,2000,0
53740.jpg,2000,1995,-5
53745.jpg,2000,1995,-5
53755.jpg,2000,1995,-5
53760.jpg,2000,1970,-30
53765.jpg,2000,2000,0
53770.jpg,2000,2010,10
53775.jpg,2000,1927,-73
53780.jpg,2000,2005,5
53785.jpg,2000,1985,-15
53790.jpg,2000,1936,-64
53795.jpg,2000,1925,-75
53800.jpg,2000,1963,-37
53805.jpg,2000,1923,-77
53810.jpg,2000,1940,-60
53815.jpg,2000,1950,-50
53820.jpg,2000,2005,5
53830.jpg,2000,2000,0
53835.jpg,2000,2000,0
53840.jpg,2000,2000,0
53845.jpg,2000,2010,10
53850.jpg,2000,1890,-110
53855.jpg,2000,2000,0
53860.jpg,2000,1995,-5
53865.jpg,2000,2005,5
53870.jpg,2000,2005,5
53875.jpg,2000,2000,0
53880.jpg,2000,2003,3
53885.jpg,2000,2005,5
53890.jpg,2000,2005,5
53895.jpg,2000,1995,-5
53905.jpg,2001,2000,-1
53910.jpg,2001,2001,0
53915.jpg,2001,2001,0
53920.jpg,2001,2005,4
53925.jpg,2001,2010,9
53930.jpg,2001,1995,-6
53935.jpg,2001,2000,-1
53940.jpg,2001,1960,-41
53945.jpg,2001,1985,-16
53950.jpg,2001,2020,19
53955.jpg,2001,2005,4
53960.jpg,2001,2010,9
53965.jpg,2001,1975,-26
53970.jpg,2001,2000,-1
53975.jpg,2001,2000,-1
53980.jpg,2001,2000,-1
53985.jpg,2001,1975,-26
53990.jpg,2001,1991,-10
53995.jpg,2001,1880,-121
54000.jpg,2001,2005,4
54005.jpg,2001,1972,-29
54010.jpg,2001,1920,-81
54015.jpg,2001,1990,-11
54020.jpg,2001,1920,-81
54025.jpg,2001,2000,-1
54030.jpg,2001,2002,1
54035.jpg,2001,2010,9
54040.jpg,2001,2005,4
54045.jpg,2001,2005,4
54050.jpg,2001,1935,-66
54055.jpg,2001,2005,4
54060.jpg,2001,1931,-70
54065.jpg,2001,1970,-31
54070.jpg,2001,1968,-33
54075.jpg,2001,2010,9
54085.jpg,2001,2020,19
54090.jpg,2001,1985,-16
54095.jpg,2001,2005,4
54100.jpg,2001,2000,-1
54105.jpg,2001,2005,4
54110.jpg,2001,2010,9
54120.jpg,2001,2005,4
54125.jpg,2001,2010,9
54130.jpg,2001,1970,-31
54135.jpg,2001,1985,-16
54140.jpg,2001,1990,-11
54145.jpg,2001,1972,-29
54150.jpg,2001,2015,14
54155.jpg,2001,1920,-81
54160.jpg,2001,2005,4
54165.jpg,2001,2000,-1
54170.jpg,2001,2015,14
54180.jpg,2002,1985,-17
54185.jpg,2002,2008,6
54190.jpg,2002,2005,3
54195.jpg,2002,2010,8
54200.jpg,2002,1985,-17
54205.jpg,2002,1995,-7
54210.jpg,2002,1990,-12
54215.jpg,2002,2008,6
54220.jpg,2002,1995,-7
54225.jpg,2002,1995,-7
54230.jpg,2002,2005,3
54235.jpg,2002,2008,6
54240.jpg,2002,2001,-1
54245.jpg,2002,1950,-52
54250.jpg,2002,2000,-2
54255.jpg,2002,1930,-72
54260.jpg,2002,2000,-2
54265.jpg,2002,2010,8
54270.jpg,2002,2008,6
54275.jpg,2002,1970,-32
54280.jpg,2002,2003,1
54285.jpg,2002,2010,8
54290.jpg,2002,1990,-12
54295.jpg,2002,1960,-42
54300.jpg,2002,2005,3
54305.jpg,2002,1965,-37
54310.jpg,2002,2010,8
54315.jpg,2002,2000,-2
54320.jpg,2002,1990,-12
54330.jpg,2002,1925,-77
54335.jpg,2002,1985,-17
54340.jpg,2002,2005,3
54345.jpg,2002,2005,3
54355.jpg,2002,2000,-2
54360.jpg,2002,2000,-2
54365.jpg,2002,1990,-12
54370.jpg,2002,1972,-30
54375.jpg,2002,2000,-2
54385.jpg,2002,2010,8
54390.jpg,2002,1995,-7
54395.jpg,2002,2010,8
54400.jpg,2002,1999,-3
54405.jpg,2003,2005,2
54410.jpg,2003,2018,15
54415.jpg,2003,2005,2
54425.jpg,2003,2010,7
54430.jpg,2003,2009,6
54435.jpg,2003,2000,-3
54440.jpg,2003,2005,2
54445.jpg,2003,2000,-3
54450.jpg,2003,1923,-80
54460.jpg,2003,1995,-8
54465.jpg,2003,2005,2
54470.jpg,2003,2005,2
54475.jpg,2003,2003,0
54480.jpg,2003,2006,3
54485.jpg,2003,1965,-38
54490.jpg,2003,1999,-4
54495.jpg,2003,1995,-8
54500.jpg,2003,2010,7
54505.jpg,2003,2010,7
54510.jpg,2003,1980,-23
54515.jpg,2003,1985,-18
54520.jpg,2003,1875,-128
54525.jpg,2003,2010,7
54530.jpg,2003,1975,-28
54535.jpg,2003,1930,-73
54540.jpg,2003,2005,2
54545.jpg,2003,1895,-108
54550.jpg,2003,2000,-3
54555.jpg,2003,1905,-98
54560.jpg,2003,2000,-3
54565.jpg,2003,2005,2
54570.jpg,2003,1980,-23
54575.jpg,2003,2002,-1
54580.jpg,2003,1990,-13
54585.jpg,2003,2010,7
54590.jpg,2003,1985,-18
54595.jpg,2003,1985,-18
54600.jpg,2003,2005,2
54605.jpg,2004,1989,-15
54610.jpg,2004,2000,-4
54620.jpg,2004,1960,-44
54625.jpg,2004,2005,1
54630.jpg,2004,2005,1
54635.jpg,2004,2010,6
54640.jpg,2004,2010,6
54645.jpg,2004,2005,1
54650.jpg,2004,2007,3
54655.jpg,2004,2000,-4
54660.jpg,2004,2008,4
54665.jpg,2004,2000,-4
54670.jpg,2004,2000,-4
54675.jpg,2004,2007,3
54680.jpg,2004,1950,-54
54685.jpg,2004,2005,1
54690.jpg,2004,1980,-24
54695.jpg,2004,1963,-41
54700.jpg,2004,2000,-4
54705.jpg,2004,1996,-8
54710.jpg,2004,2010,6
54715.jpg,2004,1998,-6
54720.jpg,2004,2010,6
54725.jpg,2004,2000,-4
54730.jpg,2004,1950,-54
54735.jpg,2004,2000,-4
54740.jpg,2004,2003,-1
54745.jpg,2004,2005,1
54750.jpg,2004,1910,-94
54760.jpg,2004,1975,-29
54770.jpg,2004,1990,-14
54775.jpg,2004,2005,1
54780.jpg,2004,2000,-4
54785.jpg,2004,1980,-24
54790.jpg,2004,1998,-6
54795.jpg,2004,2000,-4
54800.jpg,2004,2000,-4
54805.jpg,2004,2000,-4
54810.jpg,2004,1995,-9
54815.jpg,2004,2000,-4
54820.jpg,2004,2010,6
54825.jpg,2004,1960,-44
54830.jpg,2004,2004,0
54835.jpg,2004,2005,1
54840.jpg,2004,2007,3
54845.jpg,2005,1750,-255
54850.jpg,2005,1950,-55
54855.jpg,2005,2010,5
54860.jpg,2005,1997,-8
54865.jpg,2005,1920,-85
54870.jpg,2005,2005,0
54885.jpg,2005,2000,-5
54890.jpg,2005,2000,-5
54895.jpg,2005,2010,5
54900.jpg,2005,1964,-41
54905.jpg,2005,2005,0
54910.jpg,2005,1990,-15
54915.jpg,2005,2000,-5
54925.jpg,2005,2010,5
54930.jpg,2005,1963,-42
54935.jpg,2005,1930,-75
54940.jpg,2005,1985,-20
54955.jpg,2005,2000,-5
54960.jpg,2005,2005,0
54965.jpg,2005,2005,0
54970.jpg,2005,2013,8
54975.jpg,2005,1985,-20
54980.jpg,2005,2005,0
54985.jpg,2005,2010,5
54990.jpg,2005,1985,-20
54995.jpg,2005,1920,-85
55000.jpg,2005,1985,-20
55005.jpg,2005,2000,-5
55010.jpg,2005,2005,0
55015.jpg,2005,2000,-5
55020.jpg,2005,2005,0
55025.jpg,2005,-1,-2006
55030.jpg,2005,2005,0
55035.jpg,2005,2000,-5
55040.jpg,2005,2004,-1
55045.jpg,2005,2000,-5
55050.jpg,2005,2005,0
55055.jpg,2005,2010,5
55060.jpg,2005,2010,5
55065.jpg,2005,-1,-2006
55070.jpg,2005,1990,-15
55075.jpg,2005,2015,10
55080.jpg,2005,2010,5
55085.jpg,2005,1985,-20
55090.jpg,2005,2015,10
55095.jpg,2005,1995,-10
55100.jpg,2005,1980,-25
55105.jpg,2005,1995,-10
55110.jpg,2005,1970,-35
55115.jpg,2005,2010,5
55120.jpg,2005,2000,-5
55125.jpg,2005,1998,-7
55130.jpg,2005,2005,0
55135.jpg,2006,2005,-1
55140.jpg,2006,2010,4
55145.jpg,2006,1960,-46
55155.jpg,2006,1995,-11
55160.jpg,2006,1995,-11
55165.jpg,2006,2000,-6
55170.jpg,2006,2010,4
55175.jpg,2006,2000,-6
55180.jpg,2006,2010,4
55185.jpg,2006,1998,-8
55190.jpg,2006,2005,-1
55195.jpg,2006,1975,-31
55200.jpg,2006,2001,-5
55210.jpg,2006,1960,-46
55215.jpg,2006,1980,-26
55220.jpg,2006,1985,-21
55230.jpg,2006,2001,-5
55235.jpg,2006,2005,-1
55240.jpg,2006,2010,4
55245.jpg,2006,2006,0
55250.jpg,2006,1982,-24
55255.jpg,2006,1960,-46
55265.jpg,2006,2000,-6
55270.jpg,2006,1995,-11
55275.jpg,2006,1941,-65
55280.jpg,2006,2005,-1
55285.jpg,2006,2005,-1
55290.jpg,2006,1995,-11
55295.jpg,2006,1968,-38
55300.jpg,2006,2005,-1
55305.jpg,2006,2005,-1
55310.jpg,2006,-1,-2007
55315.jpg,2006,1975,-31
55320.jpg,2006,2010,4
55325.jpg,2006,1970,-36
55330.jpg,2006,2000,-6
55335.jpg,2007,1740,-267
55340.jpg,2007,2015,8
55345.jpg,2007,2010,3
55355.jpg,2007,2010,3
55360.jpg,2007,2005,-2
55365.jpg,2007,1990,-17
55370.jpg,2007,2000,-7
55380.jpg,2007,2020,13
55385.jpg,2007,2005,-2
55395.jpg,2007,1914,-93
55400.jpg,2007,2006,-1
55405.jpg,2007,1970,-37
55410.jpg,2007,2008,1
55415.jpg,2007,1975,-32
55420.jpg,2007,1975,-32
55425.jpg,2007,2000,-7
55430.jpg,2007,2005,-2
55435.jpg,2007,1955,-52
55440.jpg,2007,2010,3
55445.jpg,2007,1993,-14
55450.jpg,2007,1985,-22
55455.jpg,2007,1999,-8
55460.jpg,2007,1500,-507
55465.jpg,2007,2002,-5
55475.jpg,2007,1928,-79
55480.jpg,2007,1950,-57
55485.jpg,2007,2000,-7
55490.jpg,2007,1910,-97
55500.jpg,2007,2000,-7
55505.jpg,2007,2000,-7
55510.jpg,2007,1985,-22
55515.jpg,2007,2008,1
55520.jpg,2007,2005,-2
55525.jpg,2007,1895,-112
55530.jpg,2007,2002,-5
55535.jpg,2007,1998,-9
55540.jpg,2007,1983,-24
55545.jpg,2007,2010,3
55550.jpg,2007,1967,-40
55555.jpg,2007,2005,-2
55560.jpg,2007,2000,-7
55565.jpg,2007,2005,-2
55570.jpg,2007,2010,3
55575.jpg,2007,2010,3
55580.jpg,2007,2010,3
55585.jpg,2007,2005,-2
55590.jpg,2007,2005,-2
55595.jpg,2007,1928,-79
55600.jpg,2007,2000,-7
55605.jpg,2007,1985,-22
55610.jpg,2008,1750,-258
55615.jpg,2008,1850,-158
55620.jpg,2008,2007,-1
55625.jpg,2008,2008,0
55630.jpg,2008,2005,-3
55635.jpg,2008,1995,-13
55640.jpg,2008,1975,-33
55645.jpg,2008,2010,2
55650.jpg,2008,1965,-43
55655.jpg,2008,-1,-2009
55660.jpg,2008,2010,2
55670.jpg,2008,2008,0
55675.jpg,2008,1985,-23
55685.jpg,2008,2008,0
55690.jpg,2008,2010,2
55695.jpg,2008,2015,7
55705.jpg,2008,2010,2
55710.jpg,2008,2000,-8
55715.jpg,2008,1938,-70
55720.jpg,2008,1960,-48
55725.jpg,2008,2000,-8
55730.jpg,2008,2005,-3
55735.jpg,2008,1570,-438
55740.jpg,2008,1960,-48
55745.jpg,2008,2007,-1
55750.jpg,2008,2010,2
55755.jpg,2008,2005,-3
55760.jpg,2008,2004,-4
55765.jpg,2008,1985,-23
55770.jpg,2008,1885,-123
55775.jpg,2008,1980,-28
55780.jpg,2008,2005,-3
55785.jpg,2008,2010,2
55795.jpg,2008,2015,7
55800.jpg,2008,2005,-3
55805.jpg,2008,2000,-8
55810.jpg,2008,2010,2
55815.jpg,2008,2010,2
55820.jpg,2008,1986,-22
55825.jpg,2008,1975,-33
55830.jpg,2008,1993,-15
55835.jpg,2009,1967,-42
55845.jpg,2009,2009,0
55850.jpg,2009,2005,-4
55870.jpg,2009,2005,-4
55875.jpg,2009,2008,-1
55880.jpg,2009,2005,-4
55885.jpg,2009,1965,-44
55890.jpg,2009,2000,-9
55895.jpg,2009,2005,-4
55900.jpg,2009,2000,-9
55905.jpg,2009,2003,-6
55910.jpg,2009,2003,-6
55915.jpg,2009,2009,0
55920.jpg,2009,1960,-49
55925.jpg,2009,2010,1
55930.jpg,2009,2005,-4
55935.jpg,2009,2005,-4
55940.jpg,2009,2007,-2
55945.jpg,2009,1930,-79
55950.jpg,2009,2003,-6
55955.jpg,2009,2005,-4
55960.jpg,2009,2010,1
55965.jpg,2009,2003,-6
55970.jpg,2009,1990,-19
55975.jpg,2009,2007,-2
55980.jpg,2009,2005,-4
55985.jpg,2009,1995,-14
55990.jpg,2009,2005,-4
55995.jpg,2009,2008,-1
56000.jpg,2009,2020,11
56005.jpg,2009,1905,-104
56010.jpg,2009,1883,-126
56015.jpg,2009,2015,6
56020.jpg,2009,1998,-11
56025.jpg,2009,2000,-9
56030.jpg,2009,2010,1
56035.jpg,2009,2000,-9
56040.jpg,2009,1998,-11
56050.jpg,2009,2010,1
56055.jpg,2009,1985,-24
56060.jpg,2009,1950,-59
56065.jpg,2009,1985,-24
56070.jpg,2009,2006,-3
56075.jpg,2009,1955,-54
56080.jpg,2010,1961,-49
56085.jpg,2010,2002,-8
56090.jpg,2010,2010,0
56095.jpg,2010,1998,-12
56105.jpg,2010,2005,-5
56110.jpg,2010,1995,-15
56115.jpg,2010,2005,-5
56125.jpg,2010,1971,-39
56130.jpg,2010,1985,-25
56135.jpg,2010,2005,-5
56140.jpg,2010,-1,-2011
56145.jpg,2010,1995,-15
56150.jpg,2010,2000,-10
56155.jpg,2010,1985,-25
56165.jpg,2010,2000,-10
56170.jpg,2010,1920,-90
56175.jpg,2010,2015,5
56180.jpg,2010,2000,-10
56185.jpg,2010,2005,-5
56190.jpg,2010,2000,-10
56195.jpg,2010,2010,0
56200.jpg,2010,2010,0
56205.jpg,2010,2000,-10
56210.jpg,2010,2005,-5
56215.jpg,2010,2000,-10
56220.jpg,2010,2005,-5
56225.jpg,2010,2000,-10
56230.jpg,2010,1975,-35
56235.jpg,2010,1914,-96
56240.jpg,2010,2005,-5
56245.jpg,2010,2000,-10
56250.jpg,2010,1998,-12
56255.jpg,2010,2005,-5
56260.jpg,2010,2000,-10
56265.jpg,2010,2003,-7
56270.jpg,2010,2020,10
56275.jpg,2010,1995,-15
56280.jpg,2010,1975,-35
56285.jpg,2010,2008,-2
56290.jpg,2010,2005,-5
56295.jpg,2010,2010,0
56300.jpg,2010,2010,0
56310.jpg,2010,2008,-2
56315.jpg,2011,2010,-1
56320.jpg,2011,1985,-26
56325.jpg,2011,2015,4
56330.jpg,2011,2000,-11
56335.jpg,2011,2008,-3
56345.jpg,2011,1950,-61
56350.jpg,2011,2000,-11
56355.jpg,2011,1970,-41
56360.jpg,2011,2015,4
56365.jpg,2011,2010,-1
56370.jpg,2011,2000,-11
56375.jpg,2011,2005,-6
56380.jpg,2011,2003,-8
56385.jpg,2011,2008,-3
56390.jpg,2011,1930,-81
56395.jpg,2011,2005,-6
56400.jpg,2011,1965,-46
56405.jpg,2011,2000,-11
56410.jpg,2011,2001,-10
56415.jpg,2011,2005,-6
56420.jpg,2011,1995,-16
56425.jpg,2011,1920,-91
56430.jpg,2011,2007,-4
56440.jpg,2011,2000,-11
56450.jpg,2011,2010,-1
56455.jpg,2011,1780,-231
56460.jpg,2011,2000,-11
56465.jpg,2011,2010,-1
56470.jpg,2011,1910,-101
56475.jpg,2011,2002,-9
56480.jpg,2011,1970,-41
56485.jpg,2011,2010,-1
56495.jpg,2011,1985,-26
56500.jpg,2011,2000,-11
56505.jpg,2011,2010,-1
56510.jpg,2011,2010,-1
56515.jpg,2011,1955,-56
56520.jpg,2011,2000,-11
56525.jpg,2011,1995,-16
56545.jpg,2012,2000,-12
56550.jpg,2012,2015,3
56555.jpg,2012,1970,-42
56560.jpg,2012,2007,-5
56565.jpg,2012,2015,3
56570.jpg,2012,2015,3
56575.jpg,2012,2010,-2
56585.jpg,2012,2005,-7
56590.jpg,2012,2015,3
56600.jpg,2012,1985,-27
56605.jpg,2012,2015,3
56610.jpg,2012,2010,-2
56615.jpg,2012,2005,-7
56620.jpg,2012,1985,-27
56625.jpg,2012,1980,-32
56630.jpg,2012,2000,-12
56635.jpg,2012,2000,-12
56640.jpg,2012,1965,-47
56645.jpg,2012,2005,-7
56650.jpg,2012,2005,-7
56655.jpg,2012,1996,-16
56660.jpg,2012,1950,-62
56665.jpg,2012,1910,-102
56670.jpg,2012,2015,3
56675.jpg,2012,2008,-4
56680.jpg,2012,2005,-7
56685.jpg,2012,1998,-14
56690.jpg,2012,2010,-2
56695.jpg,2012,2005,-7
56700.jpg,2012,2008,-4
56705.jpg,2012,2010,-2
56710.jpg,2012,1985,-27
56715.jpg,2012,1890,-122
56720.jpg,2013,2005,-8
56725.jpg,2013,2015,2
56730.jpg,2013,2005,-8
56735.jpg,2013,2004,-9
56740.jpg,2013,1970,-43
56745.jpg,2013,2015,2
56750.jpg,2013,1998,-15
56755.jpg,2013,2010,-3
56765.jpg,2013,2005,-8
56770.jpg,2013,2010,-3
56775.jpg,2013,1995,-18
56780.jpg,2013,2010,-3
56785.jpg,2013,2000,-13
56795.jpg,2013,2010,-3
56800.jpg,2013,1995,-18
56805.jpg,2013,1990,-23
56810.jpg,2013,2015,2
56820.jpg,2013,2005,-8
56825.jpg,2013,2020,7
56845.jpg,2013,2005,-8
56850.jpg,2013,2010,-3
56855.jpg,2013,2015,2
56860.jpg,2013,1970,-43
56865.jpg,2013,1943,-70
56870.jpg,2013,2015,2
56875.jpg,2013,2015,2
56880.jpg,2013,2010,-3
56885.jpg,2013,2010,-3
56890.jpg,2013,2005,-8
56895.jpg,2013,1954,-59
56900.jpg,2014,2005,-9
56905.jpg,2014,1902,-112
56910.jpg,2014,1910,-104
56915.jpg,2014,2010,-4
56920.jpg,2014,1980,-34
56925.jpg,2014,2015,1
56930.jpg,2014,2007,-7
56935.jpg,2014,2005,-9
56940.jpg,2014,2010,-4
56945.jpg,2014,1955,-59
56950.jpg,2014,2005,-9
56955.jpg,2014,1965,-49
56960.jpg,2014,2005,-9
56965.jpg,2014,2005,-9
56970.jpg,2014,2005,-9
56975.jpg,2014,1920,-94
56980.jpg,2014,1960,-54
56985.jpg,2014,2000,-14
56990.jpg,2014,2012,-2
56995.jpg,2014,2005,-9
57005.jpg,2014,2013,-1
57010.jpg,2014,1981,-33
57015.jpg,2014,2010,-4
57020.jpg,2014,2005,-9
57025.jpg,2014,2000,-14
57030.jpg,2014,2010,-4
57035.jpg,2014,2010,-4
57040.jpg,2014,2015,1
57045.jpg,2014,2007,-7
57050.jpg,2014,2005,-9
57055.jpg,2014,2015,1
57060.jpg,2014,2000,-14
57065.jpg,2014,2000,-14
57070.jpg,2014,2000,-14
57075.jpg,2015,1995,-20
57085.jpg,2015,2000,-15
57090.jpg,2015,1990,-25
57095.jpg,2015,2000,-15
57100.jpg,2015,2005,-10
57105.jpg,2015,2010,-5
57110.jpg,2015,2005,-10
57120.jpg,2015,2010,-5
57125.jpg,2015,2005,-10
57130.jpg,2015,2015,0
57135.jpg,2015,2010,-5
57140.jpg,2015,1995,-20
57145.jpg,2015,2000,-15
57150.jpg,2015,2000,-15
57155.jpg,2015,2010,-5
57160.jpg,2015,2008,-7
57165.jpg,2015,2015,0
57170.jpg,2015,2010,-5
57175.jpg,2015,2000,-15
57180.jpg,2015,2010,-5
57185.jpg,2015,2010,-5
57195.jpg,2015,2000,-15
57200.jpg,2015,1955,-60
57205.jpg,2015,1999,-16
57210.jpg,2015,2010,-5
57215.jpg,2015,2005,-10
57220.jpg,2016,2005,-11
57225.jpg,2016,2010,-6
57230.jpg,2016,2000,-16
57235.jpg,2016,2010,-6
57240.jpg,2016,2008,-8
57250.jpg,2016,2010,-6
57255.jpg,2016,2010,-6
57270.jpg,2016,1963,-53
57275.jpg,2016,2005,-11
57280.jpg,2016,2005,-11
57285.jpg,2016,2015,-1
57290.jpg,2016,1999,-17
57295.jpg,2016,2000,-16
57300.jpg,2016,2010,-6
57305.jpg,2016,2010,-6
57310.jpg,2016,1920,-96
57315.jpg,2016,1965,-51
57320.jpg,2016,2005,-11
57325.jpg,2016,2005,-11
57330.jpg,2016,2010,-6
57335.jpg,2016,1990,-26
57340.jpg,2016,2005,-11
57345.jpg,2016,1967,-49
57350.jpg,2016,2005,-11
57355.jpg,2016,2010,-6
57360.jpg,2016,2010,-6
57365.jpg,2017,2005,-12
57370.jpg,2017,2000,-17
57375.jpg,2017,2000,-17
57385.jpg,2017,2006,-11
57390.jpg,2017,2010,-7
57395.jpg,2017,2015,-2
57400.jpg,2017,1980,-37
57415.jpg,2017,2010,-7
57420.jpg,2017,1980,-37
57425.jpg,2017,1995,-22
57430.jpg,2017,-1,-2018
57435.jpg,2017,2000,-17
57440.jpg,2017,2005,-12
57450.jpg,2017,2000,-17
57455.jpg,2017,2010,-7
57470.jpg,2017,2010,-7
57475.jpg,2017,2014,-3
57480.jpg,2018,2009,-9
57485.jpg,2018,2000,-18
57490.jpg,2018,2005,-13
57495.jpg,2018,2000,-18
57500.jpg,2018,1990,-28
57505.jpg,2018,2010,-8
57510.jpg,2018,2010,-8
57515.jpg,2018,2005,-13
57520.jpg,2018,2002,-16
57525.jpg,2018,1999,-19
57530.jpg,2018,2008,-10
57545.jpg,2018,2005,-13
57550.jpg,2018,2010,-8
57555.jpg,2018,2005,-13
57560.jpg,2018,2010,-8
57565.jpg,2018,2005,-13
57570.jpg,2018,2005,-13
57575.jpg,2018,2005,-13
57585.jpg,2019,1985,-34
57595.jpg,2019,2010,-9
57600.jpg,2019,2010,-9
57605.jpg,2019,2010,-9
57610.jpg,2019,2000,-19
57615.jpg,2019,1995,-24
57620.jpg,2019,2009,-10
57625.jpg,2019,2005,-14
57630.jpg,2019,1955,-64
57635.jpg,2019,2005,-14
57640.jpg,2019,2010,-9
57645.jpg,2019,2015,-4
57660.jpg,2019,2003,-16
57665.jpg,2019,2005,-14
57670.jpg,2020,2010,-10
57675.jpg,2020,2010,-10
57680.jpg,2020,1965,-55
57685.jpg,2020,2010,-10
57690.jpg,2020,1970,-50
57695.jpg,2020,2005,-15
57700.jpg,2020,1955,-65
57705.jpg,2020,2015,-5
57710.jpg,2020,1930,-90
57725.jpg,2020,2005,-15
57730.jpg,2021,2014,-7
57735.jpg,2021,2010,-11
57740.jpg,2021,2010,-11
57745.jpg,2021,2011,-10
57750.jpg,2021,2005,-16
57755.jpg,2021,2000,-21
57760.jpg,2021,1995,-26
57765.jpg,2021,2010,-11
57770.jpg,2021,2010,-11
57780.jpg,2021,2015,-6
57785.jpg,2021,2010,-11
57790.jpg,2021,1995,-26
57795.jpg,2021,2010,-11
57800.jpg,2021,2015,-6
57805.jpg,2022,2010,-12
57810.jpg,2022,2010,-12
57815.jpg,2022,2015,-7
57825.jpg,2022,1992,-30
57830.jpg,2022,2004,-18
57835.jpg,2022,2005,-17
57840.jpg,2022,1950,-72
57845.jpg,2022,2015,-7
57860.jpg,2022,2010,-12
57865.jpg,2022,1972,-50
57870.jpg,2022,2015,-7
57875.jpg,2023,1997,-26
57885.jpg,2023,2014,-9
57890.jpg,2023,2005,-18
57895.jpg,2023,2008,-15
57900.jpg,2023,1971,-52
57910.jpg,2023,2015,-8
57915.jpg,2023,2005,-18
57920.jpg,2023,2005,-18
57925.jpg,2024,1900,-124
57930.jpg,2024,2000,-24
