name,year,pred,diff
5.jpg,1008,1150,142
10.jpg,1016,1990,974
15.jpg,1022,1150,128
20.jpg,1028,1453,425
25.jpg,1036,1970,934
30.jpg,1048,2500,1452
35.jpg,1051,1150,99
40.jpg,1061,1248,187
45.jpg,1063,1499,436
55.jpg,1070,1220,150
60.jpg,1076,1229,153
65.jpg,1080,1250,170
70.jpg,1090,1190,100
75.jpg,1093,1200,107
80.jpg,1097,1870,773
85.jpg,1100,500,-600
90.jpg,1100,1850,750
95.jpg,1107,1750,643
100.jpg,1110,1839,729
105.jpg,1114,1000,-114
110.jpg,1116,1200,84
120.jpg,1120,1550,430
125.jpg,1122,1653,531
130.jpg,1125,1200,75
135.jpg,1128,1195,67
140.jpg,1129,1350,221
145.jpg,1130,1150,20
150.jpg,1131,1202,71
155.jpg,1134,1720,586
165.jpg,1138,1877,739
170.jpg,1140,1300,160
175.jpg,1144,1220,76
180.jpg,1146,1200,54
185.jpg,1147,1365,218
190.jpg,1149,1250,101
195.jpg,1150,1200,50
200.jpg,1152,1100,-52
210.jpg,1160,1200,40
215.jpg,1165,1400,235
220.jpg,1168,1985,817
225.jpg,1170,1200,30
230.jpg,1170,1445,275
235.jpg,1172,1600,428
240.jpg,1175,1500,325
245.jpg,1177,1268,91
255.jpg,1180,1261,81
260.jpg,1180,1300,120
265.jpg,1180,1300,120
275.jpg,1185,1271,86
280.jpg,1189,1670,481
285.jpg,1191,1250,59
290.jpg,1192,1730,538
295.jpg,1194,1450,256
300.jpg,1196,1476,280
305.jpg,1198,1528,330
310.jpg,1199,1200,1
315.jpg,1200,1648,448
320.jpg,1202,1200,-2
325.jpg,1204,1556,352
330.jpg,1208,1605,397
335.jpg,1211,1511,300
340.jpg,1212,1280,68
345.jpg,1215,1650,435
350.jpg,1217,1250,33
355.jpg,1220,1235,15
360.jpg,1221,1075,-146
365.jpg,1222,1460,238
370.jpg,1224,1220,-4
375.jpg,1226,1462,236
380.jpg,1227,1750,523
385.jpg,1229,1200,-29
390.jpg,1231,1320,89
395.jpg,1232,1300,68
405.jpg,1237,1409,172
410.jpg,1238,1300,62
415.jpg,1240,1330,90
420.jpg,1242,1199,-43
425.jpg,1245,1475,230
430.jpg,1247,1250,3
435.jpg,1248,1364,116
440.jpg,1250,1840,590
445.jpg,1250,1350,100
450.jpg,1252,1238,-14
455.jpg,1255,1250,-5
460.jpg,1259,1750,491
465.jpg,1260,1150,-110
470.jpg,1263,1200,-63
475.jpg,1264,1250,-14
485.jpg,1270,1210,-60
490.jpg,1270,1450,180
495.jpg,1270,1200,-70
500.jpg,1271,1510,239
505.jpg,1273,-1,-1274
510.jpg,1275,1258,-17
515.jpg,1277,1315,38
520.jpg,1278,1250,-28
525.jpg,1279,1401,122
530.jpg,1280,1500,220
535.jpg,1285,-1,-1286
540.jpg,1288,1250,-38
545.jpg,1289,1550,261
550.jpg,1290,1200,-90
555.jpg,1291,1150,-141
560.jpg,1293,1200,-93
565.jpg,1295,1361,66
570.jpg,1298,1300,2
575.jpg,1300,1477,177
580.jpg,1300,1250,-50
585.jpg,1300,1650,350
590.jpg,1301,1580,279
595.jpg,1303,1200,-103
600.jpg,1305,1200,-105
605.jpg,1307,1884,577
610.jpg,1309,1850,541
615.jpg,1310,1178,-132
620.jpg,1311,1300,-11
625.jpg,1313,1250,-63
630.jpg,1314,1000,-314
635.jpg,1317,1250,-67
640.jpg,1319,1130,-189
645.jpg,1320,1510,190
650.jpg,1322,1209,-113
655.jpg,1324,1078,-246
660.jpg,1325,1300,-25
665.jpg,1326,1300,-26
670.jpg,1327,1750,423
675.jpg,1328,1260,-68
680.jpg,1330,1750,420
685.jpg,1330,1277,-53
690.jpg,1331,1600,269
695.jpg,1333,1250,-83
700.jpg,1335,1250,-85
705.jpg,1337,1299,-38
710.jpg,1338,1550,212
715.jpg,1340,1245,-95
720.jpg,1340,1550,210
725.jpg,1343,1565,222
730.jpg,1345,1300,-45
735.jpg,1345,1650,305
740.jpg,1346,1904,558
745.jpg,1347,1250,-97
750.jpg,1347,1500,153
755.jpg,1349,1500,151
760.jpg,1350,1607,257
765.jpg,1350,1325,-25
775.jpg,1353,1550,197
780.jpg,1354,1026,-328
785.jpg,1356,1270,-86
790.jpg,1358,1450,92
795.jpg,1360,1340,-20
800.jpg,1361,1200,-161
805.jpg,1362,1450,88
810.jpg,1364,1900,536
815.jpg,1365,1550,185
825.jpg,1370,1900,530
830.jpg,1371,1200,-171
835.jpg,1373,1782,409
840.jpg,1375,1646,271
845.jpg,1377,1250,-127
850.jpg,1380,2005,625
855.jpg,1381,1250,-131
860.jpg,1382,1550,168
865.jpg,1384,1370,-14
870.jpg,1386,1401,15
875.jpg,1389,1790,401
880.jpg,1390,1100,-290
885.jpg,1394,1450,56
890.jpg,1396,1392,-4
895.jpg,1397,1250,-147
900.jpg,1398,1396,-2
905.jpg,1399,1250,-149
910.jpg,1400,1220,-180
915.jpg,1401,1200,-201
920.jpg,1402,1227,-175
925.jpg,1405,1250,-155
930.jpg,1406,1241,-165
935.jpg,1409,1500,91
940.jpg,1410,1300,-110
945.jpg,1410,1425,15
950.jpg,1411,1400,-11
955.jpg,1413,1257,-156
960.jpg,1414,1980,566
965.jpg,1417,1384,-33
970.jpg,1419,1990,571
975.jpg,1420,1550,130
980.jpg,1420,1420,0
985.jpg,1422,1550,128
990.jpg,1424,1085,-339
995.jpg,1425,1260,-165
1000.jpg,1426,1300,-126
1005.jpg,1428,1777,349
1010.jpg,1430,1570,140
1015.jpg,1431,1200,-231
1025.jpg,1435,1300,-135
1030.jpg,1436,79,-1357
1035.jpg,1438,1700,262
1040.jpg,1440,1200,-240
1045.jpg,1441,1850,409
1050.jpg,1442,1850,408
1055.jpg,1444,1258,-186
1060.jpg,1446,1861,415
1065.jpg,1448,1243,-205
1070.jpg,1450,1400,-50
1075.jpg,1450,1200,-250
1080.jpg,1451,2001,550
1085.jpg,1452,1590,138
1090.jpg,1453,1530,77
1095.jpg,1455,1230,-225
1100.jpg,1457,1550,93
1105.jpg,1458,1453,-5
1110.jpg,1459,1296,-163
1115.jpg,1460,1445,-15
1120.jpg,1462,1900,438
1125.jpg,1462,1460,-2
1130.jpg,1464,1300,-164
1135.jpg,1465,1780,315
1140.jpg,1466,1200,-266
1145.jpg,1467,1650,183
1150.jpg,1468,1475,7
1155.jpg,1469,1200,-269
1160.jpg,1470,1812,342
1165.jpg,1470,1200,-270
1170.jpg,1472,1650,178
1175.jpg,1473,1650,177
1180.jpg,1475,1000,-475
1185.jpg,1477,1450,-27
1190.jpg,1477,1700,223
1195.jpg,1479,1550,71
1200.jpg,1480,1246,-234
1205.jpg,1482,1710,228
1210.jpg,1482,1400,-82
1215.jpg,1483,1910,427
1220.jpg,1485,1300,-185
1225.jpg,1487,1600,113
1230.jpg,1487,1340,-147
1235.jpg,1488,1766,278
1240.jpg,1489,1200,-289
1245.jpg,1490,1635,145
1250.jpg,1490,1300,-190
1255.jpg,1491,1600,109
1260.jpg,1492,1700,208
1265.jpg,1493,1750,257
1270.jpg,1494,1550,56
1275.jpg,1495,1285,-210
1280.jpg,1496,1900,404
1285.jpg,1497,1930,433
1290.jpg,1497,1440,-57
1295.jpg,1498,1250,-248
1300.jpg,1499,1404,-95
1305.jpg,1500,1500,0
1310.jpg,1500,1700,200
1315.jpg,1501,1760,259
1325.jpg,1503,1724,221
1330.jpg,1504,1384,-120
1335.jpg,1505,1750,245
1340.jpg,1506,1424,-82
1345.jpg,1507,1250,-257
1350.jpg,1508,1300,-208
1355.jpg,1508,1641,133
1360.jpg,1509,1450,-59
1365.jpg,1510,1920,410
1370.jpg,1510,1900,390
1375.jpg,1511,1200,-311
1380.jpg,1512,1850,338
1385.jpg,1513,1550,37
1390.jpg,1513,1601,88
1395.jpg,1515,1250,-265
1400.jpg,1515,1760,245
1405.jpg,1516,1750,234
1410.jpg,1517,1260,-257
1415.jpg,1518,1500,-18
1420.jpg,1518,1660,142
1425.jpg,1520,1600,80
1430.jpg,1521,1547,26
1435.jpg,1521,1250,-271
1440.jpg,1522,2005,483
1445.jpg,1523,1970,447
1450.jpg,1524,1810,286
1455.jpg,1525,1760,235
1460.jpg,1526,1700,174
1465.jpg,1526,1574,48
1470.jpg,1527,1870,343
1475.jpg,1528,1750,222
1480.jpg,1528,1920,392
1485.jpg,1530,1400,-130
1490.jpg,1530,1600,70
1495.jpg,1530,1550,20
1500.jpg,1531,1901,370
1505.jpg,1531,1700,169
1510.jpg,1532,1438,-94
1515.jpg,1532,1700,168
1520.jpg,1533,1750,217
1525.jpg,1534,1900,366
1530.jpg,1535,1680,145
1535.jpg,1535,1870,335
1540.jpg,1536,1650,114
1545.jpg,1537,1600,63
1550.jpg,1537,1550,13
1555.jpg,1538,1460,-78
1560.jpg,1539,1250,-289
1565.jpg,1540,1538,-2
1570.jpg,1540,1250,-290
1575.jpg,1540,1475,-65
1580.jpg,1540,1500,-40
1590.jpg,1542,1700,158
1595.jpg,1543,1750,207
1600.jpg,1543,1280,-263
1605.jpg,1544,1500,-44
1610.jpg,1545,1800,255
1615.jpg,1545,1820,275
1620.jpg,1547,1547,0
1625.jpg,1548,1595,47
1630.jpg,1549,1800,251
1635.jpg,1549,1674,125
1640.jpg,1550,1600,50
1645.jpg,1550,1750,200
1650.jpg,1550,1880,330
1655.jpg,1550,1050,-500
1660.jpg,1551,1850,299
1665.jpg,1551,1550,-1
1670.jpg,1552,1650,98
1675.jpg,1553,1850,297
1680.jpg,1554,1760,206
1685.jpg,1554,1657,103
1690.jpg,1555,1800,245
1695.jpg,1556,1988,432
1700.jpg,1557,1870,313
1705.jpg,1558,1860,302
1710.jpg,1558,1459,-99
1715.jpg,1559,1258,-301
1720.jpg,1559,1550,-9
1725.jpg,1560,1700,140
1730.jpg,1560,1560,0
1735.jpg,1560,1985,425
1740.jpg,1561,1920,359
1745.jpg,1561,1658,97
1750.jpg,1562,1543,-19
1755.jpg,1563,1890,327
1760.jpg,1564,1672,108
1765.jpg,1565,1750,185
1770.jpg,1565,1750,185
1775.jpg,1565,1370,-195
1780.jpg,1566,1646,80
1785.jpg,1567,1650,83
1790.jpg,1567,1383,-184
1795.jpg,1568,1453,-115
1800.jpg,1568,1525,-43
1805.jpg,1569,1600,31
1810.jpg,1570,1750,180
1815.jpg,1570,1720,150
1820.jpg,1570,1450,-120
1825.jpg,1571,1794,223
1830.jpg,1572,1780,208
1835.jpg,1572,1638,66
1840.jpg,1573,1550,-23
1845.jpg,1573,1925,352
1850.jpg,1574,1750,176
1855.jpg,1574,1571,-3
1860.jpg,1575,1700,125
1865.jpg,1575,1750,175
1870.jpg,1575,1643,68
1875.jpg,1576,1750,174
1880.jpg,1577,1500,-77
1885.jpg,1578,1780,202
1890.jpg,1578,1880,302
1895.jpg,1579,1509,-70
1900.jpg,1579,1700,121
1905.jpg,1580,1697,117
1910.jpg,1580,1750,170
1915.jpg,1581,1700,119
1920.jpg,1581,1732,151
1925.jpg,1582,1300,-282
1930.jpg,1582,1930,348
1935.jpg,1583,1491,-92
1940.jpg,1584,1630,46
1945.jpg,1584,1850,266
1950.jpg,1585,1810,225
1955.jpg,1585,1350,-235
1960.jpg,1585,1750,165
1965.jpg,1586,1565,-21
1970.jpg,1586,1850,264
1975.jpg,1587,1597,10
1980.jpg,1588,1611,23
1985.jpg,1588,1860,272
1990.jpg,1588,1703,115
1995.jpg,1588,1885,297
2000.jpg,1589,1850,261
2005.jpg,1590,1700,110
2010.jpg,1590,1699,109
2020.jpg,1591,1760,169
2025.jpg,1591,1700,109
2030.jpg,1592,1900,308
2035.jpg,1593,1600,7
2045.jpg,1595,1580,-15
2050.jpg,1595,1605,10
2055.jpg,1595,1600,5
2060.jpg,1596,1890,294
2065.jpg,1596,1540,-56
2070.jpg,1597,1602,5
2075.jpg,1597,1753,156
2080.jpg,1598,1550,-48
2085.jpg,1598,1568,-30
2090.jpg,1598,1895,297
2095.jpg,1600,1576,-24
2100.jpg,1600,1450,-150
2115.jpg,1602,1750,148
2125.jpg,1604,1600,-4
2130.jpg,1604,1600,-4
2135.jpg,1604,1550,-54
2140.jpg,1605,1703,98
2145.jpg,1605,1700,95
2150.jpg,1606,1880,274
2155.jpg,1606,1650,44
2160.jpg,1607,1610,3
2165.jpg,1607,1626,19
2170.jpg,1608,1720,112
2175.jpg,1608,1650,42
2180.jpg,1609,1550,-59
2185.jpg,1610,1850,240
2190.jpg,1610,1550,-60
2195.jpg,1610,1645,35
2200.jpg,1610,1890,280
2205.jpg,1611,1627,16
2210.jpg,1611,1750,139
2215.jpg,1611,1760,149
2220.jpg,1612,1960,348
2225.jpg,1612,1252,-360
2230.jpg,1613,1500,-113
2235.jpg,1613,1750,137
2240.jpg,1614,1885,271
2245.jpg,1614,1750,136
2250.jpg,1614,1530,-84
2255.jpg,1615,1930,315
2260.jpg,1615,1230,-385
2265.jpg,1616,1550,-66
2270.jpg,1616,1589,-27
2275.jpg,1616,1900,284
2280.jpg,1616,1750,134
2285.jpg,1617,1500,-117
2290.jpg,1617,1453,-164
2295.jpg,1617,1729,112
2300.jpg,1618,1077,-541
2305.jpg,1618,1750,132
2310.jpg,1619,1520,-99
2315.jpg,1619,1750,131
2320.jpg,1619,1650,31
2325.jpg,1620,1750,130
2330.jpg,1620,1620,0
2335.jpg,1620,1600,-20
2340.jpg,1621,1755,134
2345.jpg,1621,1750,129
2350.jpg,1622,1750,128
2360.jpg,1623,1630,7
2365.jpg,1624,1850,226
2370.jpg,1624,1684,60
2375.jpg,1624,1619,-5
2380.jpg,1625,1600,-25
2385.jpg,1625,1725,100
2390.jpg,1625,1800,175
2395.jpg,1625,1780,155
2400.jpg,1626,1700,74
2405.jpg,1626,1890,264
2410.jpg,1627,1800,173
2415.jpg,1628,1970,342
2420.jpg,1628,1807,179
2425.jpg,1629,1890,261
2430.jpg,1629,1500,-129
2435.jpg,1630,1790,160
2440.jpg,1630,1700,70
2445.jpg,1630,1230,-400
2450.jpg,1630,1500,-130
2455.jpg,1631,1700,69
2460.jpg,1631,1750,119
2465.jpg,1631,1314,-317
2470.jpg,1632,1750,118
2475.jpg,1632,1880,248
2480.jpg,1632,1870,238
2485.jpg,1633,1880,247
2490.jpg,1633,1200,-433
2495.jpg,1634,1900,266
2500.jpg,1634,1550,-84
2505.jpg,1634,1665,31
2510.jpg,1635,1605,-30
2515.jpg,1635,1705,70
2520.jpg,1635,1600,-35
2525.jpg,1636,1850,214
2530.jpg,1636,1890,254
2535.jpg,1636,1200,-436
2540.jpg,1637,1880,243
2545.jpg,1637,1939,302
2550.jpg,1638,1600,-38
2555.jpg,1638,1700,62
2560.jpg,1638,1800,162
2565.jpg,1639,1750,111
2570.jpg,1639,1719,80
2575.jpg,1640,1780,140
2580.jpg,1640,1690,50
2585.jpg,1640,1791,151
2590.jpg,1641,1594,-47
2595.jpg,1641,1700,59
2600.jpg,1641,1890,249
2605.jpg,1642,1500,-142
2610.jpg,1642,1624,-18
2615.jpg,1643,1750,107
2620.jpg,1644,1850,206
2625.jpg,1644,1820,176
2630.jpg,1644,1860,216
2635.jpg,1645,1850,205
2640.jpg,1645,1900,255
2645.jpg,1646,1635,-11
2650.jpg,1646,1700,54
2655.jpg,1646,1550,-96
2660.jpg,1648,1750,102
2665.jpg,1648,1850,202
2670.jpg,1648,1648,0
2675.jpg,1649,1800,151
2680.jpg,1650,1531,-119
2685.jpg,1650,1651,1
2690.jpg,1650,1850,200
2695.jpg,1650,1883,233
2700.jpg,1651,1720,69
2705.jpg,1651,1695,44
2710.jpg,1652,1750,98
2715.jpg,1653,1820,167
2720.jpg,1653,1648,-5
2725.jpg,1654,1700,46
2730.jpg,1654,1350,-304
2735.jpg,1655,1750,95
2745.jpg,1656,1890,234
2750.jpg,1656,1681,25
2755.jpg,1656,1840,184
2760.jpg,1657,1650,-7
2765.jpg,1657,1550,-107
2770.jpg,1658,1550,-108
2775.jpg,1658,1820,162
2780.jpg,1659,1520,-139
2785.jpg,1659,1650,-9
2790.jpg,1660,1400,-260
2795.jpg,1660,1720,60
2800.jpg,1660,1900,240
2805.jpg,1660,1700,40
2810.jpg,1660,1650,-10
2815.jpg,1660,1750,90
2820.jpg,1660,1692,32
2825.jpg,1661,1650,-11
2830.jpg,1661,1700,39
2835.jpg,1661,1818,157
2840.jpg,1661,1900,239
2845.jpg,1662,1910,248
2850.jpg,1663,1750,87
2855.jpg,1663,1650,-13
2860.jpg,1664,1550,-114
2865.jpg,1664,1750,86
2870.jpg,1664,1750,86
2875.jpg,1665,1850,185
2880.jpg,1665,-1,-1666
2885.jpg,1665,1800,135
2890.jpg,1665,1650,-15
2895.jpg,1666,1650,-16
2900.jpg,1666,1750,84
2905.jpg,1667,1820,153
2910.jpg,1667,1700,33
2915.jpg,1667,1672,5
2920.jpg,1668,1617,-51
2925.jpg,1669,1850,181
2930.jpg,1669,1850,181
2935.jpg,1670,1750,80
2940.jpg,1670,1750,80
2945.jpg,1670,1780,110
2950.jpg,1670,1600,-70
2955.jpg,1671,1830,159
2960.jpg,1671,1482,-189
2965.jpg,1671,1720,49
2970.jpg,1672,1820,148
2975.jpg,1672,1725,53
2980.jpg,1673,1650,-23
2985.jpg,1673,1650,-23
2990.jpg,1674,1800,126
2995.jpg,1674,1830,156
3000.jpg,1674,1000,-674
3010.jpg,1675,1741,66
3020.jpg,1676,1830,154
3025.jpg,1676,1720,44
3030.jpg,1677,1990,313
3035.jpg,1677,1850,173
3040.jpg,1677,1716,39
3045.jpg,1678,1880,202
3050.jpg,1678,1740,62
3055.jpg,1678,1628,-50
3060.jpg,1679,1750,71
3065.jpg,1679,1670,-9
3075.jpg,1680,1650,-30
3080.jpg,1680,1790,110
3085.jpg,1680,1820,140
3090.jpg,1680,1750,70
3095.jpg,1680,1830,150
3100.jpg,1680,1750,70
3105.jpg,1681,1750,69
3110.jpg,1681,1700,19
3115.jpg,1681,1750,69
3120.jpg,1681,1229,-452
3125.jpg,1682,1750,68
3130.jpg,1682,1750,68
3135.jpg,1682,1650,-32
3140.jpg,1682,1550,-132
3145.jpg,1683,1830,147
3150.jpg,1683,1750,67
3155.jpg,1683,1750,67
3160.jpg,1683,1200,-483
3165.jpg,1683,1700,17
3170.jpg,1684,1750,66
3175.jpg,1684,1670,-14
3180.jpg,1684,1700,16
3185.jpg,1684,1700,16
3190.jpg,1685,1860,175
3195.jpg,1685,1720,35
3200.jpg,1685,1600,-85
3205.jpg,1686,1830,144
3210.jpg,1686,1850,164
3215.jpg,1686,1780,94
3220.jpg,1686,1905,219
3225.jpg,1687,1620,-67
3230.jpg,1687,1750,63
3235.jpg,1687,1895,208
3240.jpg,1688,1800,112
3245.jpg,1688,1700,12
3250.jpg,1689,1860,171
3255.jpg,1689,1750,61
3260.jpg,1689,1750,61
3270.jpg,1690,1980,290
3275.jpg,1690,1820,130
3280.jpg,1690,1850,160
3285.jpg,1690,1890,200
3290.jpg,1690,1920,230
3295.jpg,1690,1870,180
3300.jpg,1690,1609,-81
3305.jpg,1691,1820,129
3310.jpg,1691,1700,9
3315.jpg,1691,1750,59
3320.jpg,1692,1750,58
3325.jpg,1692,1776,84
3330.jpg,1693,1957,264
3335.jpg,1693,1880,187
3340.jpg,1694,1750,56
3345.jpg,1694,1850,156
3350.jpg,1694,1583,-111
3355.jpg,1695,1790,95
3360.jpg,1695,1870,175
3365.jpg,1695,1780,85
3370.jpg,1695,1820,125
3375.jpg,1695,1506,-189
3385.jpg,1696,1750,54
3390.jpg,1696,1850,154
3395.jpg,1696,1830,134
3400.jpg,1696,1761,65
3405.jpg,1696,1700,4
3410.jpg,1697,1750,53
3415.jpg,1697,1800,103
3420.jpg,1697,1890,193
3425.jpg,1697,1600,-97
3430.jpg,1698,1750,52
3435.jpg,1698,1890,192
3440.jpg,1698,1520,-178
3445.jpg,1699,1750,51
3450.jpg,1699,1700,1
3455.jpg,1699,1850,151
3460.jpg,1700,1800,100
3465.jpg,1700,1885,185
3470.jpg,1700,1750,50
3475.jpg,1700,1800,100
3480.jpg,1700,1820,120
3485.jpg,1700,1750,50
3490.jpg,1700,1820,120
3495.jpg,1700,1750,50
3500.jpg,1700,1780,80
3505.jpg,1700,1725,25
3510.jpg,1700,1650,-50
3520.jpg,1701,1890,189
3525.jpg,1701,1805,104
3535.jpg,1702,1750,48
3540.jpg,1702,1733,31
3545.jpg,1703,1703,0
3550.jpg,1704,1850,146
3555.jpg,1704,1720,16
3560.jpg,1704,1850,146
3565.jpg,1704,1920,216
3570.jpg,1704,1900,196
3575.jpg,1705,1750,45
3580.jpg,1705,1750,45
3585.jpg,1705,1750,45
3590.jpg,1705,1741,36
3595.jpg,1706,-1,-1707
3600.jpg,1706,1820,114
3605.jpg,1706,1641,-65
3610.jpg,1706,1900,194
3615.jpg,1707,1880,173
3620.jpg,1707,1901,194
3625.jpg,1707,1750,43
3630.jpg,1708,1750,42
3635.jpg,1708,1800,92
3640.jpg,1708,1820,112
3645.jpg,1708,1650,-58
3650.jpg,1709,1835,126
3655.jpg,1709,1860,151
3660.jpg,1709,1740,31
3665.jpg,1709,1750,41
3670.jpg,1710,1750,40
3675.jpg,1710,1800,90
3680.jpg,1710,1750,40
3685.jpg,1710,1820,110
3690.jpg,1710,1750,40
3695.jpg,1710,1775,65
3700.jpg,1710,1850,140
3705.jpg,1710,1850,140
3710.jpg,1710,1802,92
3715.jpg,1711,1850,139
3720.jpg,1711,1750,39
3725.jpg,1711,1750,39
3730.jpg,1711,-1,-1712
3735.jpg,1711,1700,-11
3740.jpg,1712,1890,178
3745.jpg,1712,1930,218
3750.jpg,1713,1502,-211
3755.jpg,1713,1800,87
3760.jpg,1713,1741,28
3765.jpg,1713,1630,-83
3770.jpg,1714,1830,116
3775.jpg,1714,1750,36
3780.jpg,1714,1870,156
3785.jpg,1714,1750,36
3790.jpg,1715,1810,95
3795.jpg,1715,1950,235
3800.jpg,1715,1700,-15
3805.jpg,1715,1700,-15
3810.jpg,1715,1750,35
3815.jpg,1715,1820,105
3820.jpg,1715,1870,155
3825.jpg,1715,1750,35
3830.jpg,1715,1760,45
3835.jpg,1716,1900,184
3840.jpg,1716,1850,134
3845.jpg,1716,1860,144
3850.jpg,1716,1910,194
3855.jpg,1716,1760,44
3860.jpg,1716,1750,34
3865.jpg,1717,1920,203
3870.jpg,1717,1890,173
3875.jpg,1717,1780,63
3880.jpg,1718,1698,-20
3885.jpg,1718,1700,-18
3890.jpg,1719,1850,131
3895.jpg,1719,1820,101
3900.jpg,1719,1700,-19
3905.jpg,1719,1830,111
3910.jpg,1720,1607,-113
3915.jpg,1720,1816,96
3920.jpg,1720,1860,140
3925.jpg,1720,1700,-20
3930.jpg,1720,1975,255
3935.jpg,1720,1780,60
3940.jpg,1720,1930,210
3945.jpg,1720,1890,170
3950.jpg,1720,1750,30
3955.jpg,1720,1760,40
3960.jpg,1720,1750,30
3965.jpg,1720,1810,90
3970.jpg,1720,1500,-220
3975.jpg,1721,1750,29
3980.jpg,1721,1850,129
3985.jpg,1721,1800,79
3990.jpg,1721,1750,29
3995.jpg,1721,1620,-101
4000.jpg,1722,1722,0
4005.jpg,1722,1630,-92
4010.jpg,1722,1750,28
4015.jpg,1722,1820,98
4020.jpg,1722,1850,128
4025.jpg,1723,1696,-27
4030.jpg,1723,1900,177
4035.jpg,1723,1890,167
4040.jpg,1723,1880,157
4045.jpg,1723,1689,-34
4050.jpg,1723,1700,-23
4055.jpg,1723,1770,47
4060.jpg,1724,1850,126
4065.jpg,1724,1880,156
4070.jpg,1724,1800,76
4075.jpg,1724,1750,26
4080.jpg,1724,1750,26
4085.jpg,1724,1600,-124
4090.jpg,1724,1750,26
4095.jpg,1724,1650,-74
4100.jpg,1725,1875,150
4105.jpg,1725,1800,75
4110.jpg,1725,1880,155
4115.jpg,1725,1660,-65
4120.jpg,1725,1850,125
4125.jpg,1725,1830,105
4130.jpg,1725,1750,25
4135.jpg,1725,1756,31
4140.jpg,1725,1750,25
4145.jpg,1725,1800,75
4150.jpg,1725,1615,-110
4155.jpg,1725,1910,185
4160.jpg,1726,1895,169
4165.jpg,1726,1820,94
4170.jpg,1726,1830,104
4175.jpg,1726,1925,199
4180.jpg,1726,1530,-196
4185.jpg,1727,1750,23
4190.jpg,1727,1750,23
4195.jpg,1727,1801,74
4200.jpg,1727,1750,23
4205.jpg,1727,1820,93
4210.jpg,1727,1780,53
4215.jpg,1728,1800,72
4220.jpg,1728,1890,162
4225.jpg,1728,1750,22
4230.jpg,1728,1730,2
4235.jpg,1728,1920,192
4240.jpg,1728,1980,252
4245.jpg,1728,1500,-228
4250.jpg,1729,1745,16
4255.jpg,1729,1880,151
4260.jpg,1729,1750,21
4265.jpg,1729,1780,51
4270.jpg,1729,1720,-9
4275.jpg,1730,1750,20
4280.jpg,1730,1750,20
4285.jpg,1730,1750,20
4290.jpg,1730,1750,20
4295.jpg,1730,1890,160
4300.jpg,1730,1890,160
4305.jpg,1730,1850,120
4310.jpg,1730,1850,120
4315.jpg,1730,1820,90
4320.jpg,1730,1750,20
4325.jpg,1730,1804,74
4330.jpg,1730,1830,100
4335.jpg,1730,1750,20
4340.jpg,1730,1850,120
4345.jpg,1730,1750,20
4350.jpg,1730,1850,120
4355.jpg,1730,1920,190
4360.jpg,1730,1880,150
4365.jpg,1730,-1,-1731
4370.jpg,1731,1750,19
4375.jpg,1731,1623,-108
4380.jpg,1731,1680,-51
4385.jpg,1731,1700,-31
4390.jpg,1732,1862,130
4395.jpg,1732,1800,68
4400.jpg,1732,1950,218
4405.jpg,1732,1750,18
4410.jpg,1732,1850,118
4415.jpg,1732,1750,18
4420.jpg,1732,1750,18
4425.jpg,1732,500,-1232
4430.jpg,1732,1540,-192
4435.jpg,1733,1700,-33
4440.jpg,1733,1820,87
4445.jpg,1733,1820,87
4450.jpg,1733,1750,17
4455.jpg,1733,1709,-24
4460.jpg,1733,1830,97
4465.jpg,1733,1950,217
4470.jpg,1733,1850,117
4475.jpg,1734,1700,-34
4480.jpg,1734,1664,-70
4485.jpg,1734,1890,156
4490.jpg,1734,1900,166
4495.jpg,1735,1800,65
4505.jpg,1735,1750,15
4510.jpg,1735,1750,15
4515.jpg,1735,1732,-3
4520.jpg,1735,1750,15
4525.jpg,1735,1820,85
4530.jpg,1735,1820,85
4535.jpg,1735,1870,135
4545.jpg,1736,1842,106
4550.jpg,1736,1740,4
4555.jpg,1736,1750,14
4560.jpg,1736,1702,-34
4565.jpg,1736,1750,14
4570.jpg,1736,1853,117
4575.jpg,1737,1880,143
4580.jpg,1737,1870,133
4585.jpg,1737,1780,43
4590.jpg,1737,1920,183
4595.jpg,1737,1720,-17
4600.jpg,1737,1850,113
4605.jpg,1738,1850,112
4610.jpg,1738,1750,12
4615.jpg,1738,1900,162
4620.jpg,1738,1790,52
4625.jpg,1738,1700,-38
4630.jpg,1738,1885,147
4635.jpg,1738,1750,12
4640.jpg,1739,1780,41
4645.jpg,1739,1820,81
4650.jpg,1739,1850,111
4655.jpg,1739,1750,11
4660.jpg,1739,1880,141
4665.jpg,1740,1830,90
4670.jpg,1740,1850,110
4675.jpg,1740,1850,110
4680.jpg,1740,1820,80
4685.jpg,1740,1750,10
4690.jpg,1740,1875,135
4695.jpg,1740,1900,160
4700.jpg,1740,1820,80
4705.jpg,1740,1870,130
4710.jpg,1740,1750,10
4715.jpg,1740,1750,10
4720.jpg,1740,1100,-640
4725.jpg,1740,1820,80
4730.jpg,1740,1890,150
4735.jpg,1740,1800,60
4740.jpg,1740,1834,94
4745.jpg,1740,1700,-40
4750.jpg,1741,1899,158
4755.jpg,1741,1780,39
4760.jpg,1741,1930,189
4765.jpg,1741,1850,109
4770.jpg,1741,1670,-71
4775.jpg,1741,2005,264
4780.jpg,1742,1189,-553
4785.jpg,1742,1750,8
4790.jpg,1742,1750,8
4795.jpg,1742,1750,8
4800.jpg,1742,1750,8
4805.jpg,1742,1810,68
4810.jpg,1742,1700,-42
4815.jpg,1742,1880,138
4820.jpg,1743,1920,177
4825.jpg,1743,1800,57
4835.jpg,1743,1750,7
4840.jpg,1743,1820,77
4845.jpg,1744,1725,-19
4850.jpg,1744,1740,-4
4855.jpg,1744,1820,76
4860.jpg,1744,1750,6
4865.jpg,1744,1550,-194
4870.jpg,1745,1750,5
4875.jpg,1745,1820,75
4880.jpg,1745,1750,5
4885.jpg,1745,1299,-446
4890.jpg,1745,1750,5
4895.jpg,1745,1720,-25
4900.jpg,1745,1750,5
4905.jpg,1745,1669,-76
4910.jpg,1746,1910,164
4915.jpg,1746,1760,14
4920.jpg,1746,1860,114
4925.jpg,1746,1368,-378
4930.jpg,1747,1790,43
4935.jpg,1747,1850,103
4940.jpg,1747,1720,-27
4945.jpg,1747,1850,103
4950.jpg,1747,1880,133
4955.jpg,1747,1750,3
4960.jpg,1747,1920,173
4965.jpg,1748,1865,117
4970.jpg,1748,1830,82
4975.jpg,1748,1820,72
4980.jpg,1748,1880,132
4985.jpg,1748,1800,52
4990.jpg,1749,1820,71
4995.jpg,1749,1880,131
5000.jpg,1749,1780,31
5005.jpg,1749,1955,206
5010.jpg,1749,1890,141
5015.jpg,1750,1850,100
5020.jpg,1750,1887,137
5025.jpg,1750,1820,70
5030.jpg,1750,1930,180
5035.jpg,1750,1830,80
5040.jpg,1750,-1,-1751
5045.jpg,1750,1820,70
5050.jpg,1750,1880,130
5060.jpg,1750,1820,70
5065.jpg,1750,1920,170
5070.jpg,1750,1769,19
5075.jpg,1750,1820,70
5080.jpg,1750,1750,0
5085.jpg,1750,1880,130
5090.jpg,1750,1820,70
5095.jpg,1750,1900,150
5100.jpg,1750,1930,180
5105.jpg,1750,1830,80
5110.jpg,1750,1810,60
5115.jpg,1750,1830,80
5120.jpg,1750,1750,0
5125.jpg,1750,1750,0
5130.jpg,1750,1770,20
5135.jpg,1750,1880,130
5140.jpg,1750,1890,140
5145.jpg,1750,1730,-20
5150.jpg,1750,1750,0
5155.jpg,1750,1750,0
5160.jpg,1750,1750,0
5165.jpg,1750,1930,180
5170.jpg,1750,1880,130
5175.jpg,1750,1780,30
5180.jpg,1750,1890,140
5185.jpg,1750,1990,240
5190.jpg,1750,1850,100
5195.jpg,1751,1850,99
5200.jpg,1751,1780,29
5205.jpg,1751,1920,169
5210.jpg,1751,1900,149
5215.jpg,1751,1840,89
5220.jpg,1751,1200,-551
5225.jpg,1752,1890,138
5230.jpg,1752,1850,98
5235.jpg,1752,1820,68
5240.jpg,1752,1820,68
5245.jpg,1752,1774,22
5250.jpg,1752,1720,-32
5255.jpg,1752,1800,48
5260.jpg,1752,1780,28
5265.jpg,1752,1820,68
5270.jpg,1752,1750,-2
5275.jpg,1752,1771,19
5285.jpg,1753,1857,104
5290.jpg,1753,1820,67
5295.jpg,1753,1850,97
5300.jpg,1753,1860,107
5305.jpg,1753,1850,97
5310.jpg,1753,1740,-13
5315.jpg,1753,1680,-73
5320.jpg,1753,1830,77
5325.jpg,1754,1820,66
5330.jpg,1754,1734,-20
5335.jpg,1754,1820,66
5340.jpg,1754,1875,121
5345.jpg,1754,1750,-4
5350.jpg,1754,1720,-34
5355.jpg,1754,1679,-75
5360.jpg,1754,1900,146
5365.jpg,1754,1880,126
5370.jpg,1755,1740,-15
5375.jpg,1755,1750,-5
5380.jpg,1755,1750,-5
5385.jpg,1755,1890,135
5390.jpg,1755,1750,-5
5395.jpg,1755,1890,135
5400.jpg,1755,1770,15
5405.jpg,1755,1860,105
5410.jpg,1755,1750,-5
5415.jpg,1756,1850,94
5420.jpg,1756,1725,-31
5425.jpg,1756,1870,114
5430.jpg,1756,1700,-56
5435.jpg,1756,1780,24
5440.jpg,1756,1750,-6
5445.jpg,1756,1755,-1
5450.jpg,1756,1860,104
5455.jpg,1756,1695,-61
5460.jpg,1756,1740,-16
5470.jpg,1757,1800,43
5475.jpg,1757,1790,33
5480.jpg,1757,1750,-7
5485.jpg,1757,1850,93
5490.jpg,1757,1875,118
5495.jpg,1757,1920,163
5500.jpg,1758,1682,-76
5505.jpg,1758,1750,-8
5510.jpg,1758,1740,-18
5515.jpg,1758,1850,92
5520.jpg,1758,1800,42
5525.jpg,1758,1880,122
5530.jpg,1758,1820,62
5535.jpg,1759,1850,91
5540.jpg,1759,1740,-19
5545.jpg,1759,1820,61
5550.jpg,1759,1760,1
5555.jpg,1759,1850,91
5560.jpg,1759,1750,-9
5565.jpg,1760,1850,90
5570.jpg,1760,1830,70
5575.jpg,1760,1840,80
5580.jpg,1760,1890,130
5585.jpg,1760,1300,-460
5590.jpg,1761,1830,69
5595.jpg,1761,1750,-11
5600.jpg,1761,1880,119
5605.jpg,1761,1750,-11
5610.jpg,1761,1870,109
5615.jpg,1761,1700,-61
5620.jpg,1761,1577,-184
5625.jpg,1761,1875,114
5630.jpg,1762,1850,88
5635.jpg,1762,1792,30
5640.jpg,1762,1920,158
5645.jpg,1762,1830,68
5650.jpg,1762,1800,38
5655.jpg,1762,1750,-12
5660.jpg,1762,1880,118
5665.jpg,1762,1835,73
5670.jpg,1763,1920,157
5675.jpg,1763,1830,67
5680.jpg,1763,1870,107
5685.jpg,1763,1790,27
5690.jpg,1763,1750,-13
5695.jpg,1763,1830,67
5700.jpg,1763,1550,-213
5705.jpg,1763,1830,67
5710.jpg,1764,1850,86
5715.jpg,1764,1750,-14
5720.jpg,1764,1780,16
5725.jpg,1764,1820,56
5730.jpg,1764,1820,56
5735.jpg,1764,1850,86
5740.jpg,1764,1750,-14
5745.jpg,1764,1760,-4
5750.jpg,1764,1780,16
5755.jpg,1764,1820,56
5765.jpg,1765,1700,-65
5770.jpg,1765,1850,85
5775.jpg,1765,1920,155
5780.jpg,1765,1920,155
5785.jpg,1765,1780,15
5790.jpg,1765,1750,-15
5795.jpg,1765,1810,45
5800.jpg,1765,1800,35
5805.jpg,1765,1890,125
5810.jpg,1765,1910,145
5815.jpg,1765,1750,-15
5820.jpg,1765,1870,105
5825.jpg,1765,1700,-65
5830.jpg,1765,1860,95
5835.jpg,1766,2006,240
5840.jpg,1766,1890,124
5845.jpg,1766,1820,54
5850.jpg,1766,1630,-136
5855.jpg,1766,1750,-16
5860.jpg,1766,1725,-41
5865.jpg,1766,1870,104
5870.jpg,1766,1750,-16
5875.jpg,1767,1732,-35
5880.jpg,1767,1820,53
5885.jpg,1767,1870,103
5890.jpg,1767,1750,-17
5895.jpg,1768,1850,82
5900.jpg,1768,-1,-1769
5905.jpg,1768,1820,52
5910.jpg,1768,1880,112
5915.jpg,1768,1850,82
5920.jpg,1768,1800,32
5925.jpg,1768,1750,-18
5930.jpg,1768,1733,-35
5935.jpg,1768,1750,-18
5940.jpg,1768,1900,132
5945.jpg,1769,1800,31
5950.jpg,1769,1880,111
5955.jpg,1769,1750,-19
5960.jpg,1769,1820,51
5965.jpg,1769,1750,-19
5970.jpg,1769,1820,51
5975.jpg,1769,1750,-19
5980.jpg,1769,1830,61
5985.jpg,1769,1930,161
5990.jpg,1769,1750,-19
5995.jpg,1769,1648,-121
6000.jpg,1770,1700,-70
6005.jpg,1770,1750,-20
6010.jpg,1770,1780,10
6015.jpg,1770,1820,50
6020.jpg,1770,1820,50
6025.jpg,1770,1800,30
6030.jpg,1770,1750,-20
6035.jpg,1770,1800,30
6040.jpg,1770,1820,50
6045.jpg,1770,1875,105
6050.jpg,1770,1820,50
6055.jpg,1770,1870,100
6060.jpg,1770,1930,160
6065.jpg,1770,1800,30
6070.jpg,1770,1920,150
6075.jpg,1770,1920,150
6080.jpg,1770,1890,120
6085.jpg,1770,1820,50
6090.jpg,1770,1830,60
6095.jpg,1770,1732,-38
6100.jpg,1770,1765,-5
6105.jpg,1770,1720,-50
6115.jpg,1771,1870,99
6120.jpg,1771,1820,49
6125.jpg,1771,1750,-21
6130.jpg,1771,1750,-21
6135.jpg,1771,1700,-71
6140.jpg,1771,1820,49
6145.jpg,1771,1820,49
6150.jpg,1771,1830,59
6155.jpg,1771,1650,-121
6160.jpg,1771,1776,5
6165.jpg,1771,1835,64
6170.jpg,1772,1840,68
6175.jpg,1772,1820,48
6180.jpg,1772,1731,-41
6185.jpg,1772,1640,-132
6190.jpg,1772,1750,-22
6195.jpg,1773,1750,-23
6200.jpg,1773,1850,77
6205.jpg,1773,1830,57
6210.jpg,1773,1850,77
6215.jpg,1773,1750,-23
6220.jpg,1773,1750,-23
6225.jpg,1773,1750,-23
6230.jpg,1773,1750,-23
6235.jpg,1773,1850,77
6240.jpg,1774,1850,76
6245.jpg,1774,1750,-24
6250.jpg,1774,1633,-141
6255.jpg,1774,1820,46
6260.jpg,1774,1750,-24
6265.jpg,1774,1800,26
6270.jpg,1774,1830,56
6275.jpg,1774,1767,-7
6280.jpg,1774,1830,56
6285.jpg,1774,1820,46
6290.jpg,1774,1850,76
6295.jpg,1774,1875,101
6300.jpg,1774,1750,-24
6305.jpg,1775,1850,75
6310.jpg,1775,1850,75
6315.jpg,1775,1800,25
6320.jpg,1775,1800,25
6325.jpg,1775,1790,15
6330.jpg,1775,1820,45
6335.jpg,1775,1870,95
6350.jpg,1775,1920,145
6355.jpg,1775,1750,-25
6360.jpg,1775,1890,115
6365.jpg,1775,1820,45
6370.jpg,1775,1780,5
6375.jpg,1775,1860,85
6380.jpg,1775,1880,105
6385.jpg,1775,1710,-65
6390.jpg,1775,1740,-35
6395.jpg,1775,1750,-25
6405.jpg,1776,1800,24
6410.jpg,1776,1815,39
6415.jpg,1776,1920,144
6420.jpg,1776,1750,-26
6425.jpg,1776,1700,-76
6430.jpg,1776,1830,54
6435.jpg,1776,1750,-26
6440.jpg,1776,1780,4
6445.jpg,1777,1750,-27
6450.jpg,1777,-1,-1778
6455.jpg,1777,1850,73
6460.jpg,1777,1750,-27
6465.jpg,1777,1820,43
6470.jpg,1777,1884,107
6475.jpg,1777,1100,-677
6480.jpg,1777,1970,193
6485.jpg,1778,-1,-1779
6495.jpg,1778,1750,-28
6500.jpg,1778,1815,37
6505.jpg,1778,1820,42
6510.jpg,1778,1900,122
6515.jpg,1779,1875,96
6520.jpg,1779,1850,71
6525.jpg,1779,1820,41
6530.jpg,1779,1820,41
6535.jpg,1779,1820,41
6540.jpg,1779,1820,41
6545.jpg,1779,1750,-29
6550.jpg,1779,1800,21
6555.jpg,1780,1850,70
6560.jpg,1780,1760,-20
6565.jpg,1780,1850,70
6570.jpg,1780,1890,110
6575.jpg,1780,1920,140
6580.jpg,1780,1860,80
6585.jpg,1780,1880,100
6590.jpg,1780,1875,95
6595.jpg,1780,1920,140
6600.jpg,1780,1750,-30
6605.jpg,1780,1820,40
6610.jpg,1780,1920,140
6615.jpg,1780,1870,90
6620.jpg,1780,1750,-30
6625.jpg,1780,1920,140
6630.jpg,1780,1920,140
6635.jpg,1780,1830,50
6640.jpg,1780,1940,160
6645.jpg,1780,1830,50
6650.jpg,1780,1920,140
6655.jpg,1780,1890,110
6660.jpg,1780,1930,150
6665.jpg,1780,1730,-50
6670.jpg,1781,1901,120
6675.jpg,1781,1821,40
6680.jpg,1781,1820,39
6685.jpg,1781,1800,19
6690.jpg,1781,1750,-31
6695.jpg,1781,1820,39
6700.jpg,1781,1812,31
6705.jpg,1781,1890,109
6710.jpg,1782,1890,108
6715.jpg,1782,1850,68
6720.jpg,1782,1820,38
6725.jpg,1782,1820,38
6730.jpg,1782,1820,38
6735.jpg,1782,1850,68
6740.jpg,1782,1850,68
6745.jpg,1782,1612,-170
6750.jpg,1782,1780,-2
6755.jpg,1783,1700,-83
6760.jpg,1783,1820,37
6765.jpg,1783,1890,107
6770.jpg,1783,-1,-1784
6775.jpg,1783,1880,97
6780.jpg,1783,1820,37
6785.jpg,1783,1950,167
6790.jpg,1783,1820,37
6795.jpg,1783,1820,37
6800.jpg,1783,1930,147
6805.jpg,1783,1611,-172
6810.jpg,1784,1850,66
6815.jpg,1784,1180,-604
6820.jpg,1784,1750,-34
6825.jpg,1784,1880,96
6830.jpg,1784,1780,-4
6835.jpg,1784,1880,96
6840.jpg,1784,1910,126
6845.jpg,1784,-1,-1785
6850.jpg,1784,1607,-177
6855.jpg,1784,1750,-34
6860.jpg,1785,1880,95
6865.jpg,1785,1830,45
6870.jpg,1785,1750,-35
6875.jpg,1785,1725,-60
6880.jpg,1785,1875,90
6885.jpg,1785,1830,45
6890.jpg,1785,1830,45
6895.jpg,1785,1900,115
6900.jpg,1785,1750,-35
6905.jpg,1785,1800,15
6910.jpg,1785,1830,45
6915.jpg,1785,1750,-35
6920.jpg,1785,1880,95
6925.jpg,1785,1750,-35
6930.jpg,1785,1200,-585
6935.jpg,1785,1940,155
6940.jpg,1785,1813,28
6945.jpg,1785,1740,-45
6950.jpg,1786,1780,-6
6955.jpg,1786,1890,104
6960.jpg,1786,1820,34
6965.jpg,1786,1782,-4
6970.jpg,1786,1760,-26
6975.jpg,1786,1760,-26
6980.jpg,1786,1720,-66
6985.jpg,1786,1768,-18
6990.jpg,1786,1780,-6
6995.jpg,1786,1930,144
7000.jpg,1786,1900,114
7005.jpg,1787,1850,63
7010.jpg,1787,1553,-234
7015.jpg,1787,1850,63
7020.jpg,1787,1900,113
7025.jpg,1787,1950,163
7030.jpg,1787,-1,-1788
7035.jpg,1787,1820,33
7040.jpg,1787,1925,138
7045.jpg,1787,1880,93
7050.jpg,1787,1870,83
7055.jpg,1787,1850,63
7060.jpg,1787,1920,133
7065.jpg,1787,1850,63
7070.jpg,1787,1830,43
7075.jpg,1787,1650,-137
7080.jpg,1787,1790,3
7085.jpg,1787,1845,58
7090.jpg,1788,1900,112
7095.jpg,1788,1801,13
7100.jpg,1788,1841,53
7105.jpg,1788,1750,-38
7110.jpg,1788,1850,62
7115.jpg,1788,1820,32
7120.jpg,1788,1820,32
7125.jpg,1788,1820,32
7130.jpg,1788,1750,-38
7135.jpg,1788,1775,-13
7140.jpg,1788,1730,-58
7145.jpg,1789,1772,-17
7150.jpg,1789,1733,-56
7155.jpg,1789,1725,-64
7160.jpg,1789,1890,101
7165.jpg,1789,1850,61
7170.jpg,1789,1910,121
7175.jpg,1789,1900,111
7180.jpg,1789,-1,-1790
7185.jpg,1789,1830,41
7190.jpg,1789,1800,11
7195.jpg,1789,1830,41
7200.jpg,1790,1820,30
7205.jpg,1790,1850,60
7210.jpg,1790,1850,60
7215.jpg,1790,1850,60
7220.jpg,1790,1830,40
7225.jpg,1790,1920,130
7230.jpg,1790,1820,30
7235.jpg,1790,1850,60
7240.jpg,1790,1800,10
7245.jpg,1790,1820,30
7250.jpg,1790,1750,-40
7255.jpg,1790,1920,130
7260.jpg,1790,1890,100
7265.jpg,1790,1820,30
7270.jpg,1790,1870,80
7275.jpg,1790,1820,30
7280.jpg,1790,1820,30
7285.jpg,1790,1770,-20
7290.jpg,1790,1895,105
7295.jpg,1790,1830,40
7300.jpg,1790,1870,80
7305.jpg,1790,1780,-10
7310.jpg,1790,1820,30
7315.jpg,1790,1760,-30
7320.jpg,1790,1870,80
7325.jpg,1790,1870,80
7330.jpg,1790,1767,-23
7335.jpg,1790,1900,110
7340.jpg,1790,1820,30
7345.jpg,1790,1830,40
7350.jpg,1790,1870,80
7355.jpg,1790,1870,80
7360.jpg,1790,1820,30
7365.jpg,1790,1920,130
7370.jpg,1790,1827,37
7375.jpg,1790,1870,80
7380.jpg,1790,1506,-284
7385.jpg,1791,1860,69
7390.jpg,1791,1840,49
7395.jpg,1791,1749,-42
7400.jpg,1791,1083,-708
7405.jpg,1791,1880,89
7410.jpg,1791,1765,-26
7415.jpg,1791,1770,-21
7420.jpg,1791,1820,29
7425.jpg,1791,1830,39
7430.jpg,1791,1848,57
7435.jpg,1791,1930,139
7440.jpg,1792,1900,108
7445.jpg,1792,1890,98
7450.jpg,1792,1767,-25
7455.jpg,1792,1900,108
7460.jpg,1792,1780,-12
7465.jpg,1792,1830,38
7470.jpg,1792,1830,38
7475.jpg,1792,1950,158
7480.jpg,1792,1810,18
7485.jpg,1792,1850,58
7490.jpg,1792,-1,-1793
7495.jpg,1792,1700,-92
7500.jpg,1792,1800,8
7505.jpg,1792,1671,-121
7510.jpg,1793,1780,-13
7515.jpg,1793,1989,196
7520.jpg,1793,1880,87
7525.jpg,1793,1820,27
7530.jpg,1793,1800,7
7535.jpg,1793,2000,207
7540.jpg,1793,1820,27
7545.jpg,1793,1860,67
7550.jpg,1793,1790,-3
7555.jpg,1793,1820,27
7560.jpg,1793,1820,27
7565.jpg,1793,1750,-43
7570.jpg,1793,1812,19
7575.jpg,1793,1850,57
7580.jpg,1793,1820,27
7585.jpg,1793,1920,127
7590.jpg,1793,1850,57
7595.jpg,1794,1870,76
7600.jpg,1794,1870,76
7605.jpg,1794,1850,56
7610.jpg,1794,1820,26
7615.jpg,1794,1870,76
7620.jpg,1794,-1,-1795
7625.jpg,1794,1820,26
7630.jpg,1794,1750,-44
7635.jpg,1794,1750,-44
7640.jpg,1794,1770,-24
7645.jpg,1794,1750,-44
7650.jpg,1794,1780,-14
7655.jpg,1795,1850,55
7660.jpg,1795,1890,95
7665.jpg,1795,1860,65
7670.jpg,1795,-1,-1796
7675.jpg,1795,1800,5
7680.jpg,1795,1893,98
7685.jpg,1795,1820,25
7690.jpg,1795,1830,35
7695.jpg,1795,1850,55
7700.jpg,1795,1970,175
7705.jpg,1795,1800,5
7710.jpg,1795,1820,25
7715.jpg,1795,1820,25
7720.jpg,1795,1820,25
7725.jpg,1795,1890,95
7730.jpg,1795,1820,25
7735.jpg,1795,1840,45
7740.jpg,1795,1870,75
7745.jpg,1795,1890,95
7750.jpg,1795,1820,25
7755.jpg,1795,1800,5
7760.jpg,1795,1820,25
7765.jpg,1795,1850,55
7775.jpg,1796,1803,7
7780.jpg,1796,1749,-47
7785.jpg,1796,1850,54
7790.jpg,1796,1858,62
7795.jpg,1796,1700,-96
7800.jpg,1796,1750,-46
7805.jpg,1796,1750,-46
7810.jpg,1796,1860,64
7815.jpg,1796,1920,124
7820.jpg,1796,1780,-16
7825.jpg,1796,1820,24
7830.jpg,1796,1860,64
7840.jpg,1796,1870,74
7845.jpg,1796,1810,14
7850.jpg,1796,1830,34
7855.jpg,1796,1830,34
7860.jpg,1796,1870,74
7865.jpg,1796,1850,54
7870.jpg,1796,1850,54
7875.jpg,1796,1860,64
7880.jpg,1797,1760,-37
7885.jpg,1797,1850,53
7890.jpg,1797,1820,23
7895.jpg,1797,1840,43
7900.jpg,1797,1850,53
7905.jpg,1797,1830,33
7915.jpg,1797,1850,53
7920.jpg,1797,1830,33
7925.jpg,1797,1830,33
7930.jpg,1797,1850,53
7935.jpg,1797,-1,-1798
7940.jpg,1797,1750,-47
7945.jpg,1797,1700,-97
7950.jpg,1797,1890,93
7955.jpg,1798,1928,130
7960.jpg,1798,1875,77
7965.jpg,1798,1880,82
7970.jpg,1798,1850,52
7975.jpg,1798,1850,52
7980.jpg,1798,1830,32
7985.jpg,1798,1920,122
7990.jpg,1798,1880,82
7995.jpg,1798,1860,62
8000.jpg,1798,1885,87
8005.jpg,1798,1830,32
8010.jpg,1798,1920,122
8015.jpg,1798,1830,32
8020.jpg,1798,1820,22
8025.jpg,1798,1820,22
8030.jpg,1798,1985,187
8035.jpg,1798,1830,32
8040.jpg,1798,1920,122
8045.jpg,1798,1820,22
8055.jpg,1798,1850,52
8060.jpg,1799,1990,191
8065.jpg,1799,1880,81
8070.jpg,1799,1780,-19
8075.jpg,1799,1850,51
8080.jpg,1799,1820,21
8085.jpg,1799,1870,71
8090.jpg,1799,1750,-49
8095.jpg,1799,1830,31
8100.jpg,1799,1830,31
8105.jpg,1799,1870,71
8110.jpg,1799,1436,-363
8115.jpg,1800,1850,50
8120.jpg,1800,1910,110
8125.jpg,1800,1800,0
8130.jpg,1800,1850,50
8135.jpg,1800,1890,90
8140.jpg,1800,1750,-50
8145.jpg,1800,1890,90
8150.jpg,1800,-1,-1801
8155.jpg,1800,1830,30
8160.jpg,1800,1890,90
8165.jpg,1800,1820,20
8170.jpg,1800,1800,0
8175.jpg,1800,1820,20
8180.jpg,1800,1750,-50
8185.jpg,1800,1910,110
8190.jpg,1800,1820,20
8195.jpg,1800,1870,70
8200.jpg,1800,1950,150
8205.jpg,1800,1750,-50
8210.jpg,1800,1860,60
8215.jpg,1800,1880,80
8220.jpg,1800,1820,20
8225.jpg,1800,1870,70
8230.jpg,1800,1810,10
8235.jpg,1800,1790,-10
8240.jpg,1800,1905,105
8245.jpg,1800,1875,75
8250.jpg,1800,1750,-50
8255.jpg,1800,1820,20
8260.jpg,1800,1750,-50
8265.jpg,1800,1830,30
8270.jpg,1800,1800,0
8275.jpg,1800,1830,30
8280.jpg,1800,1820,20
8285.jpg,1800,1920,120
8295.jpg,1800,1880,80
8300.jpg,1801,1850,49
8305.jpg,1801,1942,141
8310.jpg,1801,1850,49
8315.jpg,1801,1890,89
8320.jpg,1801,1900,99
8325.jpg,1801,1850,49
8330.jpg,1801,1840,39
8335.jpg,1801,1812,11
8340.jpg,1801,1800,-1
8345.jpg,1801,1820,19
8350.jpg,1801,1750,-51
8355.jpg,1801,1860,59
8360.jpg,1801,1850,49
8365.jpg,1801,1750,-51
8375.jpg,1802,1830,28
8380.jpg,1802,1874,72
8385.jpg,1802,1900,98
8390.jpg,1802,1850,48
8395.jpg,1802,1750,-52
8400.jpg,1802,1850,48
8405.jpg,1802,1820,18
8410.jpg,1802,1780,-22
8415.jpg,1802,1827,25
8420.jpg,1802,1800,-2
8425.jpg,1802,1847,45
8430.jpg,1802,1820,18
8435.jpg,1802,1722,-80
8440.jpg,1803,1896,93
8445.jpg,1803,1810,7
8450.jpg,1803,1820,17
8455.jpg,1803,1750,-53
8460.jpg,1803,1750,-53
8465.jpg,1803,1820,17
8470.jpg,1803,1920,117
8475.jpg,1803,1870,67
8480.jpg,1803,1820,17
8485.jpg,1803,1760,-43
8490.jpg,1803,1875,72
8495.jpg,1803,-1,-1804
8500.jpg,1803,1910,107
8505.jpg,1803,1820,17
8515.jpg,1804,1850,46
8520.jpg,1804,1880,76
8525.jpg,1804,1870,66
8530.jpg,1804,1903,99
8535.jpg,1804,1780,-24
8540.jpg,1804,1870,66
8545.jpg,1804,1830,26
8550.jpg,1804,1820,16
8555.jpg,1804,1880,76
8560.jpg,1804,1812,8
8565.jpg,1804,1900,96
8570.jpg,1804,1800,-4
8575.jpg,1804,1870,66
8580.jpg,1804,1865,61
8585.jpg,1805,1875,70
8590.jpg,1805,1850,45
8595.jpg,1805,1850,45
8600.jpg,1805,1960,155
8605.jpg,1805,1870,65
8610.jpg,1805,1868,63
8615.jpg,1805,1930,125
8620.jpg,1805,1770,-35
8625.jpg,1805,1820,15
8630.jpg,1805,1600,-205
8635.jpg,1805,1890,85
8640.jpg,1805,1790,-15
8645.jpg,1805,1830,25
8650.jpg,1805,1890,85
8655.jpg,1805,1880,75
8660.jpg,1805,1850,45
8665.jpg,1805,1830,25
8670.jpg,1805,1760,-45
8675.jpg,1805,1820,15
8680.jpg,1805,1820,15
8685.jpg,1805,1920,115
8690.jpg,1805,1850,45
8695.jpg,1806,1838,32
8700.jpg,1806,1850,44
8705.jpg,1806,1890,84
8710.jpg,1806,1850,44
8715.jpg,1806,1750,-56
8720.jpg,1806,1920,114
8725.jpg,1806,1850,44
8730.jpg,1806,1820,14
8735.jpg,1806,1850,44
8740.jpg,1806,1750,-56
8745.jpg,1806,1950,144
8750.jpg,1806,1870,64
8755.jpg,1806,1780,-26
8765.jpg,1807,1825,18
8770.jpg,1807,1830,23
8775.jpg,1807,1807,0
8780.jpg,1807,1890,83
8785.jpg,1807,1930,123
8790.jpg,1807,1780,-27
8795.jpg,1807,1870,63
8800.jpg,1807,1850,43
8805.jpg,1807,1890,83
8810.jpg,1807,1875,68
8815.jpg,1807,1830,23
8820.jpg,1807,1850,43
8825.jpg,1807,1750,-57
8830.jpg,1807,1750,-57
8835.jpg,1807,1600,-207
8840.jpg,1808,1809,1
8845.jpg,1808,1880,72
8850.jpg,1808,1895,87
8855.jpg,1808,1820,12
8860.jpg,1808,1875,67
8865.jpg,1808,1830,22
8875.jpg,1808,1830,22
8880.jpg,1808,1750,-58
8885.jpg,1808,1810,2
8890.jpg,1808,1880,72
8895.jpg,1808,1760,-48
8900.jpg,1808,1850,42
8905.jpg,1808,1880,72
8910.jpg,1809,1800,-9
8915.jpg,1809,1830,21
8920.jpg,1809,1870,61
8925.jpg,1809,1820,11
8930.jpg,1809,1820,11
8935.jpg,1809,1750,-59
8940.jpg,1809,1820,11
8945.jpg,1809,1940,131
8950.jpg,1809,1810,1
8955.jpg,1809,1900,91
8965.jpg,1809,1801,-8
8970.jpg,1809,1920,111
8975.jpg,1810,1870,60
8980.jpg,1810,1930,120
8985.jpg,1810,1850,40
8995.jpg,1810,1880,70
9000.jpg,1810,1830,20
9005.jpg,1810,1880,70
9010.jpg,1810,1850,40
9015.jpg,1810,1890,80
9020.jpg,1810,-1,-1811
9025.jpg,1810,1820,10
9030.jpg,1810,1870,60
9035.jpg,1810,1750,-60
9040.jpg,1810,1920,110
9045.jpg,1810,1920,110
9050.jpg,1810,1810,0
9055.jpg,1810,1800,-10
9060.jpg,1810,1890,80
9065.jpg,1810,1760,-50
9070.jpg,1810,1900,90
9075.jpg,1810,1850,40
9080.jpg,1810,1920,110
9085.jpg,1810,1830,20
9090.jpg,1810,1780,-30
9095.jpg,1810,1840,30
9100.jpg,1810,1820,10
9105.jpg,1810,1820,10
9110.jpg,1810,1945,135
9115.jpg,1810,1840,30
9120.jpg,1810,1870,60
9125.jpg,1810,1900,90
9130.jpg,1810,1880,70
9135.jpg,1810,1950,140
9140.jpg,1810,1900,90
9145.jpg,1810,1920,110
9150.jpg,1811,1850,39
9160.jpg,1811,1870,59
9165.jpg,1811,1780,-31
9170.jpg,1811,1750,-61
9175.jpg,1811,1850,39
9180.jpg,1811,1870,59
9185.jpg,1811,1800,-11
9190.jpg,1811,1820,9
9195.jpg,1811,1843,32
9200.jpg,1811,1720,-91
9205.jpg,1811,1830,19
9210.jpg,1812,1812,0
9215.jpg,1812,1750,-62
9220.jpg,1812,1820,8
9225.jpg,1812,1870,58
9230.jpg,1812,1870,58
9235.jpg,1812,1750,-62
9240.jpg,1812,1810,-2
9245.jpg,1812,1820,8
9250.jpg,1812,1870,58
9255.jpg,1812,1820,8
9260.jpg,1812,1895,83
9265.jpg,1812,1850,38
9270.jpg,1812,1850,38
9275.jpg,1812,1850,38
9280.jpg,1812,1850,38
9290.jpg,1812,1850,38
9295.jpg,1812,1860,48
9300.jpg,1812,1950,138
9305.jpg,1812,1870,58
9310.jpg,1813,1750,-63
9315.jpg,1813,1870,57
9320.jpg,1813,1820,7
9325.jpg,1813,1482,-331
9330.jpg,1813,1820,7
9335.jpg,1813,1820,7
9340.jpg,1813,1780,-33
9345.jpg,1813,1870,57
9350.jpg,1813,1800,-13
9355.jpg,1813,1780,-33
9360.jpg,1813,1880,67
9365.jpg,1813,1900,87
9370.jpg,1813,1890,77
9375.jpg,1814,1850,36
9390.jpg,1814,1850,36
9395.jpg,1814,1840,26
9400.jpg,1814,1890,76
9405.jpg,1814,1860,46
9410.jpg,1814,1775,-39
9415.jpg,1814,1850,36
9420.jpg,1814,1850,36
9425.jpg,1814,1820,6
9430.jpg,1814,1879,65
9435.jpg,1814,1890,76
9440.jpg,1814,1820,6
9445.jpg,1814,1850,36
9450.jpg,1814,1820,6
9455.jpg,1814,1700,-114
9460.jpg,1814,1750,-64
9465.jpg,1815,1880,65
9470.jpg,1815,1880,65
9475.jpg,1815,1750,-65
9480.jpg,1815,1870,55
9485.jpg,1815,1870,55
9490.jpg,1815,1830,15
9495.jpg,1815,1820,5
9500.jpg,1815,1890,75
9505.jpg,1815,1870,55
9510.jpg,1815,1930,115
9515.jpg,1815,1880,65
9520.jpg,1815,1750,-65
9525.jpg,1815,1830,15
9530.jpg,1815,1750,-65
9535.jpg,1815,1850,35
9540.jpg,1815,1820,5
9545.jpg,1815,1800,-15
9550.jpg,1815,1750,-65
9555.jpg,1815,1750,-65
9560.jpg,1815,1830,15
9565.jpg,1815,1820,5
9570.jpg,1815,1850,35
9575.jpg,1815,1880,65
9580.jpg,1815,1750,-65
9585.jpg,1815,1890,75
9590.jpg,1815,1820,5
9595.jpg,1816,1920,104
9600.jpg,1816,1850,34
9605.jpg,1816,1830,14
9610.jpg,1816,1820,4
9615.jpg,1816,1850,34
9620.jpg,1816,1890,74
9625.jpg,1816,1830,14
9630.jpg,1816,1850,34
9635.jpg,1816,1820,4
9640.jpg,1816,1850,34
9645.jpg,1816,1700,-116
9650.jpg,1816,1890,74
9655.jpg,1816,1830,14
9660.jpg,1816,1880,64
9665.jpg,1816,1900,84
9670.jpg,1816,1850,34
9675.jpg,1816,1870,54
9680.jpg,1816,1800,-16
9685.jpg,1816,1870,54
9690.jpg,1816,1875,59
9695.jpg,1816,1870,54
9700.jpg,1816,1750,-66
9705.jpg,1816,1700,-116
9710.jpg,1816,1819,3
9715.jpg,1817,1800,-17
9720.jpg,1817,1850,33
9725.jpg,1817,1750,-67
9730.jpg,1817,1930,113
9735.jpg,1817,1870,53
9740.jpg,1817,1890,73
9745.jpg,1817,1820,3
9750.jpg,1817,1925,108
9755.jpg,1817,1830,13
9760.jpg,1817,1750,-67
9765.jpg,1817,1840,23
9770.jpg,1817,1870,53
9775.jpg,1817,1919,102
9780.jpg,1817,1880,63
9785.jpg,1817,1850,33
9790.jpg,1818,1930,112
9795.jpg,1818,1890,72
9800.jpg,1818,1820,2
9805.jpg,1818,1930,112
9810.jpg,1818,1830,12
9815.jpg,1818,1870,52
9820.jpg,1818,1850,32
9825.jpg,1818,1820,2
9830.jpg,1818,1875,57
9835.jpg,1818,1820,2
9840.jpg,1818,1880,62
9845.jpg,1818,1880,62
9850.jpg,1818,1870,52
9855.jpg,1818,1820,2
9860.jpg,1818,1750,-68
9865.jpg,1818,1850,32
9870.jpg,1818,1880,62
9875.jpg,1818,1830,12
9880.jpg,1818,1850,32
9885.jpg,1818,1930,112
9890.jpg,1818,1850,32
9895.jpg,1818,1820,2
9900.jpg,1818,1811,-7
9905.jpg,1818,1850,32
9910.jpg,1819,1812,-7
9915.jpg,1819,1890,71
9920.jpg,1819,1820,1
9925.jpg,1819,1880,61
9930.jpg,1819,1890,71
9935.jpg,1819,1830,11
9940.jpg,1819,1850,31
9945.jpg,1819,1880,61
9950.jpg,1819,1890,71
9955.jpg,1819,1830,11
9960.jpg,1819,1830,11
9965.jpg,1819,1830,11
9970.jpg,1819,1890,71
9975.jpg,1819,1870,51
9980.jpg,1819,1820,1
9985.jpg,1820,1890,70
9990.jpg,1820,1871,51
9995.jpg,1820,-1,-1821
10000.jpg,1820,1860,40
10005.jpg,1820,1750,-70
10010.jpg,1820,1870,50
10015.jpg,1820,1860,40
10020.jpg,1820,1860,40
10025.jpg,1820,1850,30
10030.jpg,1820,1880,60
10035.jpg,1820,1850,30
10040.jpg,1820,1920,100
10045.jpg,1820,1820,0
10050.jpg,1820,1870,50
10055.jpg,1820,1800,-20
10060.jpg,1820,1830,10
10065.jpg,1820,1830,10
10070.jpg,1820,1820,0
10075.jpg,1820,1850,30
10080.jpg,1820,1930,110
10085.jpg,1820,1871,51
10090.jpg,1820,1920,100
10095.jpg,1820,1870,50
10100.jpg,1820,1820,0
10105.jpg,1820,1800,-20
10110.jpg,1820,1820,0
10115.jpg,1820,1850,30
10120.jpg,1820,1820,0
10125.jpg,1820,1870,50
10130.jpg,1820,1850,30
10135.jpg,1820,1820,0
10140.jpg,1820,1820,0
10145.jpg,1820,1890,70
10150.jpg,1820,1830,10
10155.jpg,1820,1820,0
10160.jpg,1820,1750,-70
10165.jpg,1820,1790,-30
10170.jpg,1820,1900,80
10175.jpg,1820,1880,60
10180.jpg,1820,1900,80
10185.jpg,1820,1860,40
10190.jpg,1820,1890,70
10195.jpg,1821,1850,29
10200.jpg,1821,-1,-1822
10205.jpg,1821,1844,23
10210.jpg,1821,1900,79
10215.jpg,1821,1880,59
10220.jpg,1821,1850,29
10225.jpg,1821,1895,74
10230.jpg,1821,1829,8
10235.jpg,1821,1880,59
10240.jpg,1821,1985,164
10245.jpg,1821,1920,99
10250.jpg,1821,1776,-45
10255.jpg,1821,1870,49
10260.jpg,1821,1750,-71
10265.jpg,1821,1875,54
10270.jpg,1821,1890,69
10275.jpg,1821,1820,-1
10280.jpg,1822,1879,57
10285.jpg,1822,1850,28
10290.jpg,1822,1865,43
10295.jpg,1822,1880,58
10300.jpg,1822,1900,78
10305.jpg,1822,1890,68
10310.jpg,1822,1810,-12
10315.jpg,1822,1870,48
10320.jpg,1822,1820,-2
10325.jpg,1822,1930,108
10330.jpg,1822,1880,58
10335.jpg,1822,1820,-2
10340.jpg,1822,1880,58
10345.jpg,1822,1900,78
10355.jpg,1822,1830,8
10360.jpg,1823,1750,-73
10365.jpg,1823,1830,7
10370.jpg,1823,1800,-23
10375.jpg,1823,1820,-3
10385.jpg,1823,1870,47
10390.jpg,1823,1890,67
10395.jpg,1823,1870,47
10400.jpg,1823,1930,107
10405.jpg,1823,1790,-33
10410.jpg,1823,1870,47
10415.jpg,1823,1840,17
10420.jpg,1823,1880,57
10425.jpg,1823,1810,-13
10430.jpg,1823,1830,7
10435.jpg,1823,1900,77
10440.jpg,1823,1820,-3
10445.jpg,1823,1890,67
10450.jpg,1823,1350,-473
10455.jpg,1824,1850,26
10460.jpg,1824,-1,-1825
10465.jpg,1824,1820,-4
10470.jpg,1824,1890,66
10475.jpg,1824,1453,-371
10480.jpg,1824,1905,81
10485.jpg,1824,1725,-99
10490.jpg,1824,1850,26
10495.jpg,1824,1830,6
10500.jpg,1824,1820,-4
10505.jpg,1824,1920,96
10510.jpg,1824,1915,91
10515.jpg,1824,1790,-34
10520.jpg,1824,1820,-4
10525.jpg,1824,1975,151
10530.jpg,1824,1850,26
10535.jpg,1824,1820,-4
10540.jpg,1824,1830,6
10545.jpg,1824,1900,76
10550.jpg,1825,1870,45
10555.jpg,1825,1890,65
10560.jpg,1825,1820,-5
10565.jpg,1825,1880,55
10570.jpg,1825,1900,75
10575.jpg,1825,1890,65
10580.jpg,1825,1863,38
10585.jpg,1825,1890,65
10590.jpg,1825,-1,-1826
10595.jpg,1825,1810,-15
10600.jpg,1825,1820,-5
10605.jpg,1825,1870,45
10610.jpg,1825,1880,55
10615.jpg,1825,1860,35
10620.jpg,1825,1850,25
10625.jpg,1825,1925,100
10630.jpg,1825,1920,95
10635.jpg,1825,1890,65
10640.jpg,1825,1930,105
10645.jpg,1825,1820,-5
10650.jpg,1825,1820,-5
10655.jpg,1825,1830,5
10660.jpg,1825,1850,25
10665.jpg,1825,1820,-5
10670.jpg,1825,1820,-5
10675.jpg,1825,1830,5
10680.jpg,1825,1850,25
10685.jpg,1825,1985,160
10690.jpg,1825,1820,-5
10695.jpg,1825,1920,95
10700.jpg,1825,1980,155
10705.jpg,1825,1850,25
10710.jpg,1825,1890,65
10715.jpg,1825,1872,47
10720.jpg,1825,1820,-5
10725.jpg,1825,1930,105
10730.jpg,1826,1870,44
10735.jpg,1826,1850,24
10745.jpg,1826,1800,-26
10750.jpg,1826,1762,-64
10755.jpg,1826,1900,74
10760.jpg,1826,1820,-6
10765.jpg,1826,1750,-76
10770.jpg,1826,1890,64
10775.jpg,1826,1870,44
10780.jpg,1826,1850,24
10785.jpg,1826,1830,4
10790.jpg,1826,1890,64
10795.jpg,1826,1790,-36
10800.jpg,1826,1880,54
10805.jpg,1826,1725,-101
10810.jpg,1826,1800,-26
10815.jpg,1826,1830,4
10820.jpg,1826,1820,-6
10825.jpg,1826,1820,-6
10830.jpg,1826,1900,74
10835.jpg,1827,1820,-7
10840.jpg,1827,1810,-17
10845.jpg,1827,1850,23
10850.jpg,1827,1850,23
10855.jpg,1827,1875,48
10860.jpg,1827,1910,83
10865.jpg,1827,1850,23
10870.jpg,1827,1853,26
10875.jpg,1827,1850,23
10880.jpg,1827,1890,63
10885.jpg,1827,1890,63
10890.jpg,1827,1890,63
10895.jpg,1827,1830,3
10900.jpg,1827,1837,10
10905.jpg,1827,1750,-77
10910.jpg,1827,1840,13
10915.jpg,1827,1830,3
10920.jpg,1827,1820,-7
10925.jpg,1827,1820,-7
10930.jpg,1827,1890,63
10935.jpg,1827,1800,-27
10940.jpg,1827,1950,123
10945.jpg,1828,1776,-52
10950.jpg,1828,1850,22
10955.jpg,1828,1850,22
10960.jpg,1828,1820,-8
10965.jpg,1828,1830,2
10970.jpg,1828,1850,22
10975.jpg,1828,1870,42
10980.jpg,1828,1850,22
10985.jpg,1828,1870,42
10990.jpg,1828,1870,42
10995.jpg,1828,1820,-8
11000.jpg,1828,1900,72
11005.jpg,1828,1820,-8
11010.jpg,1828,1820,-8
11015.jpg,1828,1800,-28
11020.jpg,1828,1850,22
11025.jpg,1828,1820,-8
11030.jpg,1828,1850,22
11035.jpg,1828,1870,42
11040.jpg,1828,1820,-8
11045.jpg,1828,1850,22
11050.jpg,1828,1800,-28
11055.jpg,1828,1926,98
11060.jpg,1828,1890,62
11065.jpg,1829,1900,71
11070.jpg,1829,1870,41
11075.jpg,1829,1790,-39
11080.jpg,1829,1790,-39
11085.jpg,1829,1770,-59
11090.jpg,1829,1870,41
11095.jpg,1829,1870,41
11100.jpg,1829,1870,41
11105.jpg,1829,1855,26
11110.jpg,1829,1780,-49
11115.jpg,1829,1820,-9
11120.jpg,1829,1850,21
11125.jpg,1829,1830,1
11130.jpg,1829,1880,51
11135.jpg,1829,1830,1
11140.jpg,1829,1830,1
11145.jpg,1829,1820,-9
11150.jpg,1829,1880,51
11155.jpg,1829,1935,106
11160.jpg,1829,1800,-29
11165.jpg,1829,1920,91
11170.jpg,1830,1850,20
11175.jpg,1830,1880,50
11180.jpg,1830,1806,-24
11185.jpg,1830,1850,20
11190.jpg,1830,1850,20
11195.jpg,1830,1830,0
11200.jpg,1830,1880,50
11205.jpg,1830,1870,40
11210.jpg,1830,1860,30
11215.jpg,1830,1820,-10
11220.jpg,1830,1820,-10
11225.jpg,1830,1880,50
11230.jpg,1830,1930,100
11235.jpg,1830,1875,45
11240.jpg,1830,1820,-10
11245.jpg,1830,1920,90
11250.jpg,1830,1870,40
11255.jpg,1830,1900,70
11260.jpg,1830,1850,20
11265.jpg,1830,1850,20
11270.jpg,1830,1850,20
11275.jpg,1830,1830,0
11280.jpg,1830,1910,80
11285.jpg,1830,1890,60
11290.jpg,1830,1750,-80
11295.jpg,1830,1850,20
11300.jpg,1830,1820,-10
11305.jpg,1830,1975,145
11310.jpg,1830,1890,60
11315.jpg,1830,1830,0
11320.jpg,1830,1800,-30
11325.jpg,1830,1870,40
11330.jpg,1830,1930,100
11335.jpg,1830,1850,20
11340.jpg,1830,1950,120
11345.jpg,1830,1930,100
11350.jpg,1830,1920,90
11355.jpg,1830,1870,40
11360.jpg,1830,1920,90
11365.jpg,1830,1830,0
11370.jpg,1830,1870,40
11375.jpg,1830,1785,-45
11380.jpg,1830,1880,50
11385.jpg,1830,1800,-30
11390.jpg,1830,1920,90
11395.jpg,1830,1810,-20
11400.jpg,1831,1780,-51
11405.jpg,1831,1850,19
11410.jpg,1831,1850,19
11415.jpg,1831,1885,54
11420.jpg,1831,1862,31
11425.jpg,1831,1869,38
11430.jpg,1831,1850,19
11435.jpg,1831,1895,64
11440.jpg,1831,1895,64
11445.jpg,1831,1812,-19
11450.jpg,1831,1920,89
11455.jpg,1831,1830,-1
11460.jpg,1831,1850,19
11465.jpg,1831,1830,-1
11470.jpg,1831,1820,-11
11475.jpg,1831,1950,119
11480.jpg,1831,1920,89
11485.jpg,1831,1925,94
11490.jpg,1832,1900,68
11495.jpg,1832,1850,18
11500.jpg,1832,1850,18
11505.jpg,1832,1830,-2
11510.jpg,1832,1800,-32
11515.jpg,1832,1831,-1
11525.jpg,1832,1850,18
11530.jpg,1832,1880,48
11535.jpg,1832,1890,58
11540.jpg,1832,1830,-2
11545.jpg,1832,1875,43
11550.jpg,1832,1880,48
11555.jpg,1832,1820,-12
11560.jpg,1832,1890,58
11565.jpg,1832,1820,-12
11570.jpg,1832,1870,38
11575.jpg,1832,1830,-2
11580.jpg,1832,1880,48
11585.jpg,1832,1830,-2
11590.jpg,1832,1875,43
11595.jpg,1832,-1,-1833
11600.jpg,1832,1720,-112
11605.jpg,1832,1890,58
11610.jpg,1832,1920,88
11615.jpg,1832,1880,48
11620.jpg,1832,1750,-82
11625.jpg,1832,1880,48
11630.jpg,1832,1895,63
11635.jpg,1832,1820,-12
11640.jpg,1832,1860,28
11645.jpg,1833,1875,42
11650.jpg,1833,1875,42
11655.jpg,1833,1870,37
11660.jpg,1833,1773,-60
11665.jpg,1833,1880,47
11670.jpg,1833,-1,-1834
11675.jpg,1833,1850,17
11680.jpg,1833,1903,70
11685.jpg,1833,1890,57
11690.jpg,1833,1890,57
11695.jpg,1833,1850,17
11700.jpg,1833,1890,57
11705.jpg,1833,1900,67
11710.jpg,1833,1890,57
11715.jpg,1833,1820,-13
11720.jpg,1833,1950,117
11725.jpg,1833,1890,57
11730.jpg,1833,1790,-43
11735.jpg,1833,1830,-3
11740.jpg,1833,1830,-3
11745.jpg,1833,1870,37
11750.jpg,1833,1820,-13
11755.jpg,1833,1740,-93
11760.jpg,1833,1820,-13
11765.jpg,1833,1830,-3
11770.jpg,1834,1875,41
11775.jpg,1834,1750,-84
11780.jpg,1834,1820,-14
11785.jpg,1834,1833,-1
11790.jpg,1834,1920,86
11795.jpg,1834,1820,-14
11800.jpg,1834,1820,-14
11805.jpg,1834,1784,-50
11810.jpg,1834,1890,56
11815.jpg,1834,1850,16
11820.jpg,1834,1850,16
11825.jpg,1834,1820,-14
11830.jpg,1834,1870,36
11835.jpg,1834,1890,56
11840.jpg,1834,1890,56
11845.jpg,1834,1920,86
11850.jpg,1834,1780,-54
11855.jpg,1834,1900,66
11860.jpg,1834,1910,76
11865.jpg,1834,1820,-14
11870.jpg,1834,1950,116
11875.jpg,1834,1870,36
11880.jpg,1834,1780,-54
11885.jpg,1834,1820,-14
11890.jpg,1834,1782,-52
11895.jpg,1834,1730,-104
11900.jpg,1835,1780,-55
11905.jpg,1835,1920,85
11910.jpg,1835,1903,68
11915.jpg,1835,1830,-5
11920.jpg,1835,1780,-55
11925.jpg,1835,1880,45
11930.jpg,1835,1880,45
11935.jpg,1835,1890,55
11940.jpg,1835,1930,95
11945.jpg,1835,1870,35
11950.jpg,1835,1844,9
11955.jpg,1835,1850,15
11960.jpg,1835,1880,45
11965.jpg,1835,1940,105
11970.jpg,1835,1830,-5
11980.jpg,1835,1880,45
11985.jpg,1835,1920,85
11990.jpg,1835,1875,40
11995.jpg,1835,1820,-15
12000.jpg,1835,1890,55
12005.jpg,1835,1920,85
12010.jpg,1835,1850,15
12015.jpg,1835,1920,85
12020.jpg,1835,1930,95
12025.jpg,1835,1890,55
12030.jpg,1835,1820,-15
12035.jpg,1835,1875,40
12040.jpg,1835,1790,-45
12045.jpg,1835,1870,35
12050.jpg,1835,1820,-15
12055.jpg,1835,1890,55
12060.jpg,1835,1900,65
12065.jpg,1835,1920,85
12070.jpg,1835,1820,-15
12075.jpg,1835,1870,35
12080.jpg,1835,1850,15
12085.jpg,1835,1850,15
12090.jpg,1835,1850,15
12095.jpg,1835,1835,0
12100.jpg,1835,1890,55
12105.jpg,1835,1890,55
12110.jpg,1835,1860,25
12115.jpg,1835,1850,15
12120.jpg,1835,1890,55
12125.jpg,1835,1900,65
12130.jpg,1836,1850,14
12135.jpg,1836,1880,44
12140.jpg,1836,1800,-36
12145.jpg,1836,1895,59
12150.jpg,1836,1875,39
12155.jpg,1836,1830,-6
12160.jpg,1836,1900,64
12170.jpg,1836,1870,34
12175.jpg,1836,1820,-16
12180.jpg,1836,1875,39
12185.jpg,1836,1850,14
12190.jpg,1836,1820,-16
12195.jpg,1836,1890,54
12200.jpg,1836,1890,54
12205.jpg,1836,1890,54
12210.jpg,1836,1870,34
12215.jpg,1836,1880,44
12220.jpg,1836,1820,-16
12225.jpg,1836,1920,84
12230.jpg,1836,1830,-6
12235.jpg,1836,1895,59
12240.jpg,1836,1600,-236
12245.jpg,1836,1870,34
12250.jpg,1836,1820,-16
12255.jpg,1836,1840,4
12260.jpg,1836,1820,-16
12265.jpg,1836,1780,-56
12270.jpg,1836,1830,-6
12275.jpg,1836,1820,-16
12280.jpg,1837,1850,13
12285.jpg,1837,1857,20
12290.jpg,1837,1850,13
12295.jpg,1837,1850,13
12300.jpg,1837,1850,13
12305.jpg,1837,1830,-7
12310.jpg,1837,1890,53
12315.jpg,1837,1790,-47
12320.jpg,1837,1960,123
12325.jpg,1837,1880,43
12330.jpg,1837,1880,43
12335.jpg,1837,1820,-17
12340.jpg,1837,1820,-17
12345.jpg,1837,1750,-87
12350.jpg,1837,1900,63
12355.jpg,1837,1875,38
12360.jpg,1837,1830,-7
12365.jpg,1837,1870,33
12370.jpg,1837,1840,3
12375.jpg,1837,1930,93
12380.jpg,1837,1890,53
12385.jpg,1837,1880,43
12390.jpg,1837,1820,-17
12395.jpg,1837,1790,-47
12400.jpg,1837,1875,38
12405.jpg,1837,1830,-7
12410.jpg,1837,1820,-17
12415.jpg,1837,1870,33
12420.jpg,1837,1850,13
12425.jpg,1837,1850,13
12430.jpg,1837,1840,3
12435.jpg,1837,1930,93
12440.jpg,1837,1850,13
12445.jpg,1837,1850,13
12450.jpg,1838,1889,51
12455.jpg,1838,1850,12
12460.jpg,1838,1890,52
12465.jpg,1838,1830,-8
12470.jpg,1838,1890,52
12475.jpg,1838,1904,66
12480.jpg,1838,1850,12
12485.jpg,1838,1850,12
12490.jpg,1838,1880,42
12495.jpg,1838,1880,42
12500.jpg,1838,1875,37
12505.jpg,1838,1890,52
12510.jpg,1838,1950,112
12515.jpg,1838,1870,32
12520.jpg,1838,1980,142
12525.jpg,1838,1870,32
12530.jpg,1838,1890,52
12535.jpg,1838,1895,57
12540.jpg,1838,1850,12
12545.jpg,1838,1880,42
12550.jpg,1838,1870,32
12555.jpg,1838,1885,47
12560.jpg,1838,1850,12
12565.jpg,1838,-1,-1839
12570.jpg,1838,1830,-8
12575.jpg,1838,1850,12
12580.jpg,1838,1930,92
12585.jpg,1838,1800,-38
12590.jpg,1838,1830,-8
12600.jpg,1838,1900,62
12605.jpg,1838,1930,92
12610.jpg,1838,1840,2
12615.jpg,1838,1725,-113
12620.jpg,1838,1820,-18
12625.jpg,1839,1900,61
12630.jpg,1839,1860,21
12635.jpg,1839,1890,51
12640.jpg,1839,1909,70
12645.jpg,1839,1880,41
12650.jpg,1839,1907,68
12655.jpg,1839,1872,33
12660.jpg,1839,1900,61
12665.jpg,1839,1870,31
12670.jpg,1839,1820,-19
12675.jpg,1839,1895,56
12680.jpg,1839,1820,-19
12685.jpg,1839,1830,-9
12690.jpg,1839,1930,91
12695.jpg,1839,1870,31
12700.jpg,1839,-1,-1840
12705.jpg,1839,1750,-89
12710.jpg,1839,-1,-1840
12715.jpg,1839,1830,-9
12720.jpg,1839,1750,-89
12725.jpg,1839,1965,126
12730.jpg,1839,1800,-39
12735.jpg,1839,1870,31
12740.jpg,1839,1820,-19
12745.jpg,1839,1850,11
12750.jpg,1839,1875,36
12755.jpg,1839,1850,11
12760.jpg,1839,1820,-19
12765.jpg,1839,1700,-139
12770.jpg,1839,1700,-139
12775.jpg,1839,1783,-56
12780.jpg,1840,1880,40
12785.jpg,1840,1920,80
12790.jpg,1840,1900,60
12795.jpg,1840,1870,30
12800.jpg,1840,1850,10
12805.jpg,1840,1870,30
12810.jpg,1840,1860,20
12815.jpg,1840,1800,-40
12820.jpg,1840,1830,-10
12825.jpg,1840,1850,10
12830.jpg,1840,1870,30
12835.jpg,1840,1879,39
12840.jpg,1840,1839,-1
12845.jpg,1840,1820,-20
12850.jpg,1840,1840,0
12860.jpg,1840,1860,20
12865.jpg,1840,1750,-90
12870.jpg,1840,1920,80
12875.jpg,1840,1870,30
12880.jpg,1840,1820,-20
12885.jpg,1840,1750,-90
12890.jpg,1840,1850,10
12895.jpg,1840,1790,-50
12900.jpg,1840,1870,30
12905.jpg,1840,1920,80
12910.jpg,1840,1920,80
12915.jpg,1840,1870,30
12920.jpg,1840,1870,30
12925.jpg,1840,1875,35
12930.jpg,1840,1890,50
12935.jpg,1840,1890,50
12940.jpg,1840,1820,-20
12945.jpg,1840,1900,60
12950.jpg,1840,1850,10
12955.jpg,1840,1880,40
12960.jpg,1840,1820,-20
12965.jpg,1840,1870,30
12970.jpg,1840,1800,-40
12975.jpg,1840,1820,-20
12980.jpg,1840,1950,110
12985.jpg,1840,1830,-10
12990.jpg,1840,1830,-10
12995.jpg,1840,1920,80
13005.jpg,1840,1850,10
13010.jpg,1840,1920,80
13015.jpg,1840,1890,50
13020.jpg,1840,1880,40
13025.jpg,1840,1880,40
13030.jpg,1841,1860,19
13035.jpg,1841,1850,9
13040.jpg,1841,1900,59
13045.jpg,1841,1890,49
13050.jpg,1841,1890,49
13055.jpg,1841,1850,9
13060.jpg,1841,1850,9
13065.jpg,1841,1850,9
13070.jpg,1841,1930,89
13075.jpg,1841,1800,-41
13080.jpg,1841,1830,-11
13085.jpg,1841,-1,-1842
13090.jpg,1841,1900,59
13095.jpg,1841,1950,109
13100.jpg,1841,1850,9
13105.jpg,1841,1880,39
13110.jpg,1841,1810,-31
13115.jpg,1841,1880,39
13120.jpg,1841,2000,159
13125.jpg,1841,1880,39
13130.jpg,1841,1700,-141
13135.jpg,1841,1845,4
13140.jpg,1841,1890,49
13145.jpg,1842,1750,-92
13150.jpg,1842,1750,-92
13155.jpg,1842,1935,93
13160.jpg,1842,1820,-22
13165.jpg,1842,1823,-19
13170.jpg,1842,1870,28
13175.jpg,1842,1900,58
13180.jpg,1842,1905,63
13185.jpg,1842,1850,8
13190.jpg,1842,-1,-1843
13195.jpg,1842,1750,-92
13200.jpg,1842,1875,33
13205.jpg,1842,1850,8
13210.jpg,1842,1880,38
13215.jpg,1842,1820,-22
13220.jpg,1842,1750,-92
13225.jpg,1842,1840,-2
13230.jpg,1842,1875,33
13235.jpg,1842,1830,-12
13240.jpg,1842,1850,8
13245.jpg,1842,-1,-1843
13250.jpg,1842,1890,48
13255.jpg,1842,1870,28
13260.jpg,1842,1840,-2
13265.jpg,1842,1830,-12
13270.jpg,1842,1875,33
13275.jpg,1842,1820,-22
13280.jpg,1842,1400,-442
13285.jpg,1842,1885,43
13290.jpg,1842,1850,8
13295.jpg,1842,1900,58
13300.jpg,1843,1866,23
13305.jpg,1843,1850,7
13310.jpg,1843,1874,31
13315.jpg,1843,1880,37
13320.jpg,1843,1760,-83
13325.jpg,1843,1890,47
13330.jpg,1843,1820,-23
13335.jpg,1843,1895,52
13340.jpg,1843,1820,-23
13345.jpg,1843,1880,37
13350.jpg,1843,1830,-13
13355.jpg,1843,1870,27
13360.jpg,1843,1930,87
13365.jpg,1843,1820,-23
13370.jpg,1843,1820,-23
13380.jpg,1843,1850,7
13385.jpg,1843,1910,67
13390.jpg,1843,1880,37
13395.jpg,1843,1830,-13
13400.jpg,1843,1850,7
13405.jpg,1843,1850,7
13410.jpg,1843,-1,-1844
13415.jpg,1843,1897,54
13420.jpg,1843,1890,47
13425.jpg,1843,1920,77
13430.jpg,1844,1880,36
13435.jpg,1844,1860,16
13440.jpg,1844,1900,56
13445.jpg,1844,1975,131
13450.jpg,1844,1870,26
13455.jpg,1844,1820,-24
13460.jpg,1844,1870,26
13465.jpg,1844,1820,-24
13470.jpg,1844,1820,-24
13475.jpg,1844,1890,46
13480.jpg,1844,1820,-24
13485.jpg,1844,1880,36
13490.jpg,1844,1830,-14
13495.jpg,1844,1820,-24
13500.jpg,1844,1820,-24
13505.jpg,1844,1880,36
13510.jpg,1844,1875,31
13515.jpg,1844,1850,6
13520.jpg,1844,1830,-14
13525.jpg,1844,1820,-24
13530.jpg,1844,1890,46
13535.jpg,1844,1920,76
13540.jpg,1844,1900,56
13545.jpg,1844,1880,36
13550.jpg,1844,1820,-24
13555.jpg,1844,1880,36
13560.jpg,1844,1920,76
13565.jpg,1845,1750,-95
13570.jpg,1845,1897,52
13575.jpg,1845,1890,45
13580.jpg,1845,1870,25
13585.jpg,1845,1885,40
13590.jpg,1845,1890,45
13595.jpg,1845,1908,63
13600.jpg,1845,1885,40
13605.jpg,1845,1755,-90
13610.jpg,1845,1850,5
13615.jpg,1845,1890,45
13620.jpg,1845,1850,5
13625.jpg,1845,1850,5
13630.jpg,1845,1860,15
13635.jpg,1845,1860,15
13640.jpg,1845,1900,55
13645.jpg,1845,1830,-15
13650.jpg,1845,1880,35
13655.jpg,1845,1890,45
13660.jpg,1845,1885,40
13665.jpg,1845,1850,5
13670.jpg,1845,2005,160
13675.jpg,1845,1850,5
13680.jpg,1845,1870,25
13685.jpg,1845,1810,-35
13690.jpg,1845,1800,-45
13695.jpg,1845,1920,75
13700.jpg,1845,1820,-25
13705.jpg,1845,1820,-25
13710.jpg,1845,1850,5
13720.jpg,1845,1920,75
13725.jpg,1845,1890,45
13730.jpg,1845,1870,25
13735.jpg,1845,1780,-65
13740.jpg,1845,1780,-65
13745.jpg,1845,1850,5
13750.jpg,1845,1800,-45
13755.jpg,1845,1820,-25
13760.jpg,1845,1870,25
13765.jpg,1845,1875,30
13770.jpg,1845,1820,-25
13775.jpg,1845,1862,17
13780.jpg,1845,1700,-145
13785.jpg,1845,1930,85
13790.jpg,1845,1870,25
13795.jpg,1845,1900,55
13800.jpg,1845,1930,85
13805.jpg,1846,1830,-16
13810.jpg,1846,1854,8
13815.jpg,1846,1870,24
13820.jpg,1846,1820,-26
13825.jpg,1846,1864,18
13830.jpg,1846,1767,-79
13835.jpg,1846,1910,64
13840.jpg,1846,1930,84
13845.jpg,1846,1820,-26
13850.jpg,1846,1870,24
13855.jpg,1846,1910,64
13860.jpg,1846,1820,-26
13865.jpg,1846,1890,44
13870.jpg,1846,1880,34
13875.jpg,1846,1880,34
13880.jpg,1846,-1,-1847
13885.jpg,1846,1840,-6
13890.jpg,1846,1850,4
13895.jpg,1846,1900,54
13900.jpg,1846,1860,14
13905.jpg,1846,1850,4
13910.jpg,1846,1820,-26
13915.jpg,1846,1890,44
13920.jpg,1846,1930,84
13925.jpg,1846,1930,84
13930.jpg,1846,1935,89
13935.jpg,1846,1850,4
13940.jpg,1847,1900,53
13945.jpg,1847,1830,-17
13950.jpg,1847,1900,53
13955.jpg,1847,1870,23
13960.jpg,1847,1900,53
13965.jpg,1847,1850,3
13970.jpg,1847,1875,28
13975.jpg,1847,1890,43
13980.jpg,1847,1850,3
13985.jpg,1847,1850,3
13990.jpg,1847,1850,3
13995.jpg,1847,1820,-27
14000.jpg,1847,1870,23
14005.jpg,1847,1840,-7
14010.jpg,1847,1810,-37
14015.jpg,1847,1880,33
14020.jpg,1847,1880,33
14030.jpg,1847,1880,33
14035.jpg,1847,1920,73
14040.jpg,1847,1890,43
14045.jpg,1847,1820,-27
14050.jpg,1847,1890,43
14055.jpg,1847,1890,43
14060.jpg,1847,1900,53
14065.jpg,1847,1870,23
14070.jpg,1847,1830,-17
14075.jpg,1847,1880,33
14080.jpg,1847,1870,23
14085.jpg,1847,1875,28
14090.jpg,1847,1820,-27
14095.jpg,1847,1890,43
14100.jpg,1847,1920,73
14105.jpg,1847,1930,83
14110.jpg,1848,1900,52
14115.jpg,1848,1880,32
14120.jpg,1848,1920,72
14125.jpg,1848,2005,157
14130.jpg,1848,1860,12
14135.jpg,1848,1850,2
14140.jpg,1848,1850,2
14145.jpg,1848,1860,12
14150.jpg,1848,1898,50
14155.jpg,1848,1890,42
14160.jpg,1848,1820,-28
14165.jpg,1848,1880,32
14170.jpg,1848,1860,12
14175.jpg,1848,1875,27
14180.jpg,1848,1880,32
14185.jpg,1848,1900,52
14190.jpg,1848,1905,57
14195.jpg,1848,1880,32
14200.jpg,1848,1880,32
14205.jpg,1848,1820,-28
14210.jpg,1848,1870,22
14215.jpg,1848,1890,42
14220.jpg,1848,1870,22
14225.jpg,1848,1842,-6
14230.jpg,1848,1820,-28
14235.jpg,1848,1920,72
14240.jpg,1848,1880,32
14245.jpg,1848,1820,-28
14250.jpg,1848,1850,2
14255.jpg,1848,1870,22
14260.jpg,1848,1920,72
14265.jpg,1848,1850,2
14270.jpg,1848,1880,32
14275.jpg,1848,1850,2
14280.jpg,1848,1850,2
14285.jpg,1848,1885,37
14290.jpg,1848,1830,-18
14295.jpg,1848,1875,27
14300.jpg,1848,1870,22
14305.jpg,1848,1890,42
14310.jpg,1848,1900,52
14315.jpg,1848,1870,22
14320.jpg,1848,1930,82
14325.jpg,1848,1820,-28
14330.jpg,1848,1890,42
14335.jpg,1848,1880,32
14340.jpg,1849,1850,1
14345.jpg,1849,1830,-19
14350.jpg,1849,1870,21
14355.jpg,1849,1830,-19
14360.jpg,1849,2015,166
14365.jpg,1849,1890,41
14370.jpg,1849,1850,1
14375.jpg,1849,1904,55
14380.jpg,1849,1870,21
14385.jpg,1849,1840,-9
14390.jpg,1849,1890,41
14395.jpg,1849,1995,146
14400.jpg,1849,1820,-29
14405.jpg,1849,1870,21
14410.jpg,1849,1920,71
14415.jpg,1849,1910,61
14420.jpg,1849,1784,-65
14425.jpg,1849,1890,41
14430.jpg,1849,1890,41
14435.jpg,1849,1850,1
14440.jpg,1849,1880,31
14445.jpg,1849,1820,-29
14450.jpg,1849,1820,-29
14455.jpg,1849,1820,-29
14460.jpg,1849,1820,-29
14465.jpg,1849,1840,-9
14470.jpg,1849,1890,41
14475.jpg,1849,1830,-19
14480.jpg,1849,1890,41
14485.jpg,1849,1890,41
14490.jpg,1849,-1,-1850
14495.jpg,1849,1870,21
14500.jpg,1849,1929,80
14505.jpg,1850,1650,-200
14510.jpg,1850,1830,-20
14515.jpg,1850,1850,0
14520.jpg,1850,1875,25
14525.jpg,1850,1820,-30
14530.jpg,1850,1955,105
14535.jpg,1850,1870,20
14540.jpg,1850,1890,40
14545.jpg,1850,1850,0
14550.jpg,1850,1875,25
14555.jpg,1850,1870,20
14560.jpg,1850,1930,80
14565.jpg,1850,1820,-30
14570.jpg,1850,1850,0
14575.jpg,1850,1850,0
14580.jpg,1850,1870,20
14585.jpg,1850,1852,2
14590.jpg,1850,1850,0
14600.jpg,1850,1873,23
14605.jpg,1850,1870,20
14610.jpg,1850,1840,-10
14615.jpg,1850,1900,50
14620.jpg,1850,1875,25
14625.jpg,1850,1890,40
14630.jpg,1850,1880,30
14635.jpg,1850,1820,-30
14640.jpg,1850,1890,40
14645.jpg,1850,1890,40
14650.jpg,1850,1920,70
14655.jpg,1850,1820,-30
14660.jpg,1850,1830,-20
14665.jpg,1850,1830,-20
14670.jpg,1850,1830,-20
14675.jpg,1850,1820,-30
14680.jpg,1850,1860,10
14685.jpg,1850,1910,60
14690.jpg,1850,1830,-20
14695.jpg,1850,1850,0
14700.jpg,1850,1890,40
14705.jpg,1850,1850,0
14710.jpg,1850,1890,40
14715.jpg,1850,1820,-30
14720.jpg,1850,1890,40
14725.jpg,1850,1820,-30
14730.jpg,1850,1750,-100
14735.jpg,1850,1880,30
14740.jpg,1850,1820,-30
14745.jpg,1850,1900,50
14750.jpg,1850,1830,-20
14755.jpg,1850,1890,40
14760.jpg,1850,1880,30
14765.jpg,1850,1890,40
14770.jpg,1850,1867,17
14775.jpg,1850,1930,80
14780.jpg,1850,1850,0
14785.jpg,1851,-1,-1852
14790.jpg,1851,1670,-181
14795.jpg,1851,1930,79
14800.jpg,1851,1890,39
14805.jpg,1851,1890,39
14810.jpg,1851,1848,-3
14815.jpg,1851,1890,39
14820.jpg,1851,1850,-1
14825.jpg,1851,1890,39
14830.jpg,1851,1880,29
14835.jpg,1851,1760,-91
14840.jpg,1851,1870,19
14845.jpg,1851,1860,9
14850.jpg,1851,1820,-31
14855.jpg,1851,1870,19
14860.jpg,1851,1920,69
14865.jpg,1851,1820,-31
14870.jpg,1851,1750,-101
14880.jpg,1851,1700,-151
14885.jpg,1851,1840,-11
14890.jpg,1851,1820,-31
14895.jpg,1851,1750,-101
14900.jpg,1851,1880,29
14905.jpg,1851,1890,39
14910.jpg,1851,1820,-31
14915.jpg,1851,1900,49
14920.jpg,1851,1840,-11
14925.jpg,1851,1870,19
14930.jpg,1851,1904,53
14935.jpg,1851,1850,-1
14940.jpg,1851,1830,-21
14945.jpg,1852,1870,18
14950.jpg,1852,1880,28
14955.jpg,1852,1880,28
14960.jpg,1852,1900,48
14965.jpg,1852,1830,-22
14970.jpg,1852,1800,-52
14975.jpg,1852,1905,53
14980.jpg,1852,1835,-17
14985.jpg,1852,1870,18
14990.jpg,1852,1900,48
14995.jpg,1852,1890,38
15000.jpg,1852,1870,18
15005.jpg,1852,1890,38
15010.jpg,1852,1820,-32
15015.jpg,1852,1890,38
15020.jpg,1852,1890,38
15025.jpg,1852,1890,38
15030.jpg,1852,1870,18
15035.jpg,1852,1830,-22
15040.jpg,1852,1880,28
15045.jpg,1852,1790,-62
15050.jpg,1852,1950,98
15055.jpg,1852,1890,38
15060.jpg,1852,1850,-2
15065.jpg,1852,1870,18
15070.jpg,1852,1870,18
15075.jpg,1852,1780,-72
15080.jpg,1852,1890,38
15085.jpg,1852,1920,68
15090.jpg,1852,1920,68
15095.jpg,1852,1870,18
15100.jpg,1852,1895,43
15105.jpg,1852,1905,53
15110.jpg,1852,1850,-2
15115.jpg,1852,1830,-22
15120.jpg,1852,1910,58
15125.jpg,1852,1890,38
15130.jpg,1852,1890,38
15135.jpg,1853,1880,27
15140.jpg,1853,1820,-33
15145.jpg,1853,1910,57
15150.jpg,1853,1875,22
15155.jpg,1853,1880,27
15160.jpg,1853,1875,22
15165.jpg,1853,1910,57
15170.jpg,1853,1770,-83
15175.jpg,1853,1830,-23
15180.jpg,1853,1890,37
15185.jpg,1853,1865,12
15190.jpg,1853,1855,2
15195.jpg,1853,1880,27
15200.jpg,1853,1870,17
15205.jpg,1853,1918,65
15210.jpg,1853,1920,67
15215.jpg,1853,1820,-33
15220.jpg,1853,-1,-1854
15225.jpg,1853,1820,-33
15230.jpg,1853,1930,77
15235.jpg,1853,1880,27
15240.jpg,1853,1890,37
15245.jpg,1853,1830,-23
15250.jpg,1853,1930,77
15255.jpg,1853,1890,37
15260.jpg,1853,1895,42
15265.jpg,1853,1810,-43
15270.jpg,1853,1875,22
15275.jpg,1853,1925,72
15280.jpg,1853,1890,37
15285.jpg,1853,1940,87
15290.jpg,1853,1880,27
15295.jpg,1853,1880,27
15300.jpg,1853,1870,17
15305.jpg,1853,1850,-3
15310.jpg,1853,1920,67
15315.jpg,1853,1875,22
15320.jpg,1853,1880,27
15325.jpg,1853,1830,-23
15330.jpg,1853,1850,-3
15335.jpg,1853,1830,-23
15340.jpg,1853,1880,27
15345.jpg,1853,1820,-33
15350.jpg,1853,1939,86
15355.jpg,1854,1893,39
15360.jpg,1854,1930,76
15365.jpg,1854,1820,-34
15370.jpg,1854,1875,21
15375.jpg,1854,1840,-14
15380.jpg,1854,1850,-4
15385.jpg,1854,1636,-218
15390.jpg,1854,1870,16
15395.jpg,1854,1870,16
15400.jpg,1854,1850,-4
15405.jpg,1854,1890,36
15410.jpg,1854,1860,6
15415.jpg,1854,1870,16
15420.jpg,1854,1950,96
15425.jpg,1854,1880,26
15430.jpg,1854,1890,36
15435.jpg,1854,1975,121
15440.jpg,1854,1880,26
15445.jpg,1854,1900,46
15450.jpg,1855,1750,-105
15455.jpg,1855,1890,35
15460.jpg,1855,1920,65
15465.jpg,1855,1850,-5
15470.jpg,1855,1890,35
15475.jpg,1855,1870,15
15480.jpg,1855,1910,55
15485.jpg,1855,1870,15
15490.jpg,1855,1880,25
15495.jpg,1855,1930,75
15500.jpg,1855,1850,-5
15505.jpg,1855,1850,-5
15510.jpg,1855,1870,15
15515.jpg,1855,-1,-1856
15520.jpg,1855,1890,35
15525.jpg,1855,1885,30
15530.jpg,1855,1890,35
15535.jpg,1855,1830,-25
15540.jpg,1855,1890,35
15545.jpg,1855,1810,-45
15550.jpg,1855,1870,15
15555.jpg,1855,1880,25
15560.jpg,1855,1820,-35
15565.jpg,1855,1890,35
15570.jpg,1855,1870,15
15575.jpg,1855,1885,30
15580.jpg,1855,1925,70
15585.jpg,1855,1934,79
15590.jpg,1855,1920,65
15595.jpg,1855,1820,-35
15600.jpg,1855,1890,35
15605.jpg,1855,1920,65
15610.jpg,1855,1820,-35
15615.jpg,1855,1870,15
15620.jpg,1855,1920,65
15625.jpg,1855,1860,5
15630.jpg,1855,1870,15
15635.jpg,1855,1820,-35
15640.jpg,1855,1900,45
15645.jpg,1855,1890,35
15650.jpg,1855,1900,45
15655.jpg,1855,1870,15
15660.jpg,1855,1880,25
15665.jpg,1855,1870,15
15670.jpg,1855,1880,25
15675.jpg,1855,1880,25
15680.jpg,1855,1990,135
15685.jpg,1855,1880,25
15690.jpg,1855,1750,-105
15695.jpg,1855,1856,1
15705.jpg,1856,1850,-6
15710.jpg,1856,1880,24
15715.jpg,1856,1850,-6
15720.jpg,1856,1850,-6
15725.jpg,1856,1890,34
15730.jpg,1856,1890,34
15735.jpg,1856,1895,39
15740.jpg,1856,1895,39
15745.jpg,1856,1795,-61
15750.jpg,1856,1905,49
15755.jpg,1856,1780,-76
15760.jpg,1856,1860,4
15765.jpg,1856,1870,14
15770.jpg,1856,1880,24
15775.jpg,1856,1880,24
15780.jpg,1856,1870,14
15785.jpg,1856,1860,4
15795.jpg,1856,1830,-26
15800.jpg,1856,1875,19
15805.jpg,1856,1880,24
15810.jpg,1856,1890,34
15815.jpg,1856,1870,14
15820.jpg,1856,1830,-26
15825.jpg,1856,1870,14
15830.jpg,1856,1880,24
15835.jpg,1856,1700,-156
15840.jpg,1856,1890,34
15845.jpg,1856,1840,-16
15850.jpg,1856,1880,24
15855.jpg,1856,1850,-6
15860.jpg,1856,1820,-36
15865.jpg,1856,1870,14
15870.jpg,1856,1870,14
15875.jpg,1856,1920,64
15880.jpg,1856,1880,24
15885.jpg,1856,1875,19
15890.jpg,1856,1870,14
15895.jpg,1856,1870,14
15900.jpg,1856,1860,4
15905.jpg,1856,1850,-6
15910.jpg,1856,1830,-26
15915.jpg,1856,1820,-36
15920.jpg,1856,1885,29
15930.jpg,1856,1870,14
15935.jpg,1856,1870,14
15940.jpg,1856,1880,24
15945.jpg,1856,1880,24
15950.jpg,1856,1880,24
15955.jpg,1856,-1,-1857
15960.jpg,1856,1820,-36
15965.jpg,1856,1850,-6
15970.jpg,1856,1920,64
15975.jpg,1856,1750,-106
15980.jpg,1857,1989,132
15985.jpg,1857,1860,3
15990.jpg,1857,1900,43
15995.jpg,1857,1830,-27
16000.jpg,1857,1880,23
16005.jpg,1857,1900,43
16010.jpg,1857,1826,-31
16015.jpg,1857,1870,13
16020.jpg,1857,1850,-7
16025.jpg,1857,1870,13
16030.jpg,1857,1870,13
16035.jpg,1857,1880,23
16040.jpg,1857,1950,93
16045.jpg,1857,1870,13
16050.jpg,1857,1870,13
16055.jpg,1857,1880,23
16060.jpg,1857,1890,33
16065.jpg,1857,1880,23
16070.jpg,1857,1890,33
16075.jpg,1857,1920,63
16080.jpg,1857,1820,-37
16085.jpg,1857,1890,33
16090.jpg,1857,1885,28
16095.jpg,1857,1820,-37
16100.jpg,1857,1750,-107
16105.jpg,1857,1880,23
16110.jpg,1857,1890,33
16115.jpg,1857,1890,33
16120.jpg,1857,1830,-27
16125.jpg,1857,1890,33
16130.jpg,1857,1875,18
16135.jpg,1857,1930,73
16140.jpg,1857,1850,-7
16145.jpg,1857,1890,33
16150.jpg,1857,1900,43
16155.jpg,1857,1890,33
16160.jpg,1857,1850,-7
16165.jpg,1857,1870,13
16170.jpg,1857,1870,13
16175.jpg,1857,1870,13
16180.jpg,1857,1870,13
16185.jpg,1857,1920,63
16190.jpg,1857,1840,-17
16195.jpg,1857,1830,-27
16200.jpg,1857,1870,13
16205.jpg,1857,2010,153
16210.jpg,1857,1890,33
16215.jpg,1857,1900,43
16220.jpg,1857,1890,33
16225.jpg,1857,1823,-34
16230.jpg,1857,1900,43
16235.jpg,1858,1870,12
16240.jpg,1858,1930,72
16245.jpg,1858,1840,-18
16250.jpg,1858,1890,32
16255.jpg,1858,1890,32
16260.jpg,1858,1870,12
16265.jpg,1858,1885,27
16270.jpg,1858,1820,-38
16275.jpg,1858,1830,-28
16280.jpg,1858,1890,32
16285.jpg,1858,1870,12
16290.jpg,1858,1895,37
16295.jpg,1858,1920,62
16300.jpg,1858,1880,22
16305.jpg,1858,1900,42
16310.jpg,1858,1875,17
16315.jpg,1858,1860,2
16320.jpg,1858,1830,-28
16325.jpg,1858,1890,32
16330.jpg,1858,1920,62
16335.jpg,1858,1880,22
16340.jpg,1858,1810,-48
16345.jpg,1858,1928,70
16350.jpg,1858,1830,-28
16355.jpg,1858,1875,17
16360.jpg,1858,1870,12
16365.jpg,1858,1815,-43
16370.jpg,1858,1880,22
16375.jpg,1858,1890,32
16380.jpg,1858,1890,32
16385.jpg,1858,1930,72
16390.jpg,1858,1750,-108
16395.jpg,1858,1830,-28
16400.jpg,1858,1820,-38
16405.jpg,1858,1900,42
16410.jpg,1858,1870,12
16415.jpg,1858,1880,22
16420.jpg,1858,1830,-28
16425.jpg,1858,1890,32
16430.jpg,1858,1850,-8
16435.jpg,1858,1890,32
16440.jpg,1858,1830,-28
16445.jpg,1858,1870,12
16450.jpg,1858,1870,12
16455.jpg,1858,1870,12
16460.jpg,1858,1905,47
16465.jpg,1858,1874,16
16470.jpg,1858,1880,22
16475.jpg,1858,1780,-78
16480.jpg,1858,1900,42
16485.jpg,1858,1890,32
16490.jpg,1859,1850,-9
16495.jpg,1859,1890,31
16505.jpg,1859,1839,-20
16510.jpg,1859,1920,61
16515.jpg,1859,1890,31
16520.jpg,1859,1890,31
16525.jpg,1859,1945,86
16530.jpg,1859,1880,21
16535.jpg,1859,1890,31
16540.jpg,1859,1830,-29
16545.jpg,1859,1870,11
16550.jpg,1859,1870,11
16555.jpg,1859,1870,11
16560.jpg,1859,1870,11
16565.jpg,1859,1880,21
16570.jpg,1859,1889,30
16575.jpg,1859,1890,31
16580.jpg,1859,1880,21
16585.jpg,1859,1820,-39
16590.jpg,1859,1850,-9
16595.jpg,1859,1890,31
16600.jpg,1859,1850,-9
16605.jpg,1859,1925,66
16610.jpg,1859,1890,31
16615.jpg,1859,1880,21
16620.jpg,1859,1890,31
16625.jpg,1859,1920,61
16630.jpg,1859,1930,71
16635.jpg,1859,1890,31
16640.jpg,1859,1860,1
16645.jpg,1859,1890,31
16650.jpg,1859,1875,16
16655.jpg,1859,1885,26
16660.jpg,1859,1860,1
16665.jpg,1859,1850,-9
16670.jpg,1859,1870,11
16675.jpg,1859,1910,51
16680.jpg,1859,1890,31
16685.jpg,1859,1880,21
16690.jpg,1859,1870,11
16695.jpg,1859,1820,-39
16700.jpg,1859,1920,61
16705.jpg,1859,1890,31
16710.jpg,1859,1885,26
16715.jpg,1859,1806,-53
16720.jpg,1859,1890,31
16725.jpg,1859,1890,31
16730.jpg,1859,1875,16
16735.jpg,1860,1875,15
16740.jpg,1860,1905,45
16745.jpg,1860,1840,-20
16750.jpg,1860,1840,-20
16755.jpg,1860,1870,10
16760.jpg,1860,1850,-10
16765.jpg,1860,1880,20
16770.jpg,1860,1865,5
16775.jpg,1860,1880,20
16785.jpg,1860,1850,-10
16790.jpg,1860,1873,13
16795.jpg,1860,1750,-110
16800.jpg,1860,1870,10
16805.jpg,1860,1890,30
16810.jpg,1860,1880,20
16815.jpg,1860,1890,30
16820.jpg,1860,1910,50
16825.jpg,1860,1875,15
16830.jpg,1860,1870,10
16835.jpg,1860,1890,30
16840.jpg,1860,1680,-180
16845.jpg,1860,1880,20
16850.jpg,1860,1890,30
16855.jpg,1860,1850,-10
16860.jpg,1860,1750,-110
16865.jpg,1860,1920,60
16870.jpg,1860,-1,-1861
16875.jpg,1860,1890,30
16880.jpg,1860,1830,-30
16885.jpg,1860,1830,-30
16890.jpg,1860,1870,10
16895.jpg,1860,1875,15
16900.jpg,1860,1920,60
16905.jpg,1860,1890,30
16910.jpg,1860,1885,25
16915.jpg,1860,1900,40
16920.jpg,1860,1850,-10
16925.jpg,1860,1870,10
16930.jpg,1860,1880,20
16935.jpg,1860,1870,10
16940.jpg,1860,1880,20
16945.jpg,1860,1880,20
16950.jpg,1860,1870,10
16955.jpg,1860,1870,10
16960.jpg,1860,1830,-30
16965.jpg,1860,1900,40
16970.jpg,1860,1900,40
16975.jpg,1860,1880,20
16980.jpg,1860,1890,30
16985.jpg,1860,1880,20
16990.jpg,1860,1860,0
16995.jpg,1860,1848,-12
17000.jpg,1860,1900,40
17005.jpg,1861,1900,39
17010.jpg,1861,1840,-21
17015.jpg,1861,1890,29
17025.jpg,1861,1820,-41
17030.jpg,1861,1815,-46
17035.jpg,1861,1861,0
17040.jpg,1861,1830,-31
17045.jpg,1861,-1,-1862
17050.jpg,1861,1850,-11
17055.jpg,1861,1850,-11
17060.jpg,1861,1870,9
17065.jpg,1861,1970,109
17070.jpg,1861,1880,19
17075.jpg,1861,1890,29
17080.jpg,1861,1880,19
17085.jpg,1861,1880,19
17090.jpg,1861,1820,-41
17095.jpg,1861,1890,29
17100.jpg,1861,1880,19
17105.jpg,1861,1880,19
17110.jpg,1861,1870,9
17115.jpg,1861,1850,-11
17120.jpg,1861,1890,29
17125.jpg,1861,1850,-11
17130.jpg,1861,1880,19
17135.jpg,1861,1884,23
17140.jpg,1861,1870,9
17145.jpg,1861,1890,29
17150.jpg,1861,1864,3
17155.jpg,1861,1890,29
17160.jpg,1861,1870,9
17165.jpg,1861,1912,51
17170.jpg,1861,1880,19
17175.jpg,1862,1800,-62
17180.jpg,1862,1897,35
17185.jpg,1862,1863,1
17190.jpg,1862,1875,13
17195.jpg,1862,1994,132
17200.jpg,1862,1888,26
17205.jpg,1862,1900,38
17210.jpg,1862,1875,13
17215.jpg,1862,1850,-12
17220.jpg,1862,1890,28
17225.jpg,1862,1870,8
17230.jpg,1862,1890,28
17235.jpg,1862,1870,8
17240.jpg,1862,1890,28
17245.jpg,1862,1860,-2
17250.jpg,1862,1920,58
17255.jpg,1862,1650,-212
17260.jpg,1862,1880,18
17265.jpg,1862,1830,-32
17270.jpg,1862,1900,38
17275.jpg,1862,1870,8
17280.jpg,1862,1875,13
17285.jpg,1862,1880,18
17290.jpg,1862,1890,28
17295.jpg,1862,1925,63
17300.jpg,1862,1890,28
17305.jpg,1862,1880,18
17310.jpg,1862,1880,18
17315.jpg,1862,1920,58
17320.jpg,1862,1890,28
17325.jpg,1863,1900,37
17330.jpg,1863,1820,-43
17340.jpg,1863,1910,47
17345.jpg,1863,1880,17
17350.jpg,1863,1800,-63
17355.jpg,1863,1890,27
17365.jpg,1863,1930,67
17370.jpg,1863,1900,37
17375.jpg,1863,1870,7
17380.jpg,1863,1950,87
17385.jpg,1863,1920,57
17390.jpg,1863,1880,17
17395.jpg,1863,1900,37
17400.jpg,1863,1970,107
17405.jpg,1863,1890,27
17410.jpg,1863,1880,17
17415.jpg,1863,1875,12
17420.jpg,1863,1890,27
17425.jpg,1863,1850,-13
17430.jpg,1863,1890,27
17435.jpg,1863,1935,72
17440.jpg,1863,1830,-33
17445.jpg,1863,1880,17
17450.jpg,1863,1750,-113
17455.jpg,1863,1880,17
17460.jpg,1863,1892,29
17465.jpg,1863,1890,27
17470.jpg,1863,1860,-3
17475.jpg,1863,1890,27
17480.jpg,1863,1850,-13
17485.jpg,1864,1850,-14
17490.jpg,1864,1890,26
17495.jpg,1864,1870,6
17500.jpg,1864,1930,66
17505.jpg,1864,1890,26
17510.jpg,1864,1900,36
17515.jpg,1864,1830,-34
17520.jpg,1864,1826,-38
17525.jpg,1864,1900,36
17530.jpg,1864,1910,46
17535.jpg,1864,2000,136
17540.jpg,1864,1900,36
17545.jpg,1864,1841,-23
17550.jpg,1864,1260,-604
17555.jpg,1864,1880,16
17560.jpg,1864,1900,36
17565.jpg,1864,1870,6
17575.jpg,1864,1880,16
17580.jpg,1864,1880,16
17585.jpg,1864,1890,26
17590.jpg,1864,1975,111
17595.jpg,1864,1870,6
17600.jpg,1864,1600,-264
17605.jpg,1864,1890,26
17610.jpg,1864,1890,26
17615.jpg,1864,1890,26
17620.jpg,1864,1905,41
17625.jpg,1864,1890,26
17630.jpg,1864,1890,26
17635.jpg,1864,1875,11
17640.jpg,1864,1880,16
17645.jpg,1864,1880,16
17650.jpg,1864,1860,-4
17655.jpg,1864,1880,16
17660.jpg,1865,1875,10
17665.jpg,1865,1820,-45
17670.jpg,1865,1920,55
17675.jpg,1865,1812,-53
17680.jpg,1865,1850,-15
17690.jpg,1865,1870,5
17695.jpg,1865,1800,-65
17700.jpg,1865,1821,-44
17705.jpg,1865,1890,25
17710.jpg,1865,1880,15
17715.jpg,1865,1890,25
17720.jpg,1865,1906,41
17725.jpg,1865,1875,10
17730.jpg,1865,1900,35
17735.jpg,1865,1865,0
17745.jpg,1865,1880,15
17750.jpg,1865,1890,25
17755.jpg,1865,1850,-15
17760.jpg,1865,1870,5
17765.jpg,1865,-1,-1866
17770.jpg,1865,1880,15
17775.jpg,1865,1890,25
17780.jpg,1865,1880,15
17785.jpg,1865,1870,5
17790.jpg,1865,1900,35
17795.jpg,1865,1890,25
17800.jpg,1865,1850,-15
17805.jpg,1865,1880,15
17810.jpg,1865,1870,5
17815.jpg,1865,1890,25
17820.jpg,1865,1930,65
17825.jpg,1865,1870,5
17830.jpg,1865,1890,25
17835.jpg,1865,1830,-35
17840.jpg,1865,1930,65
17845.jpg,1865,1880,15
17850.jpg,1865,1870,5
17855.jpg,1865,1870,5
17860.jpg,1865,1880,15
17865.jpg,1865,1850,-15
17870.jpg,1865,1880,15
17875.jpg,1865,1875,10
17880.jpg,1865,1820,-45
17885.jpg,1865,1920,55
17890.jpg,1865,1890,25
17895.jpg,1865,1890,25
17900.jpg,1865,1890,25
17905.jpg,1865,1830,-35
17910.jpg,1865,1850,-15
17915.jpg,1865,1890,25
17920.jpg,1865,1890,25
17930.jpg,1865,1900,35
17935.jpg,1866,1830,-36
17940.jpg,1866,1860,-6
17945.jpg,1866,1880,14
17950.jpg,1866,1890,24
17955.jpg,1866,1960,94
17960.jpg,1866,1850,-16
17965.jpg,1866,1900,34
17970.jpg,1866,1850,-16
17975.jpg,1866,1870,4
17980.jpg,1866,1840,-26
17985.jpg,1866,1890,24
17990.jpg,1866,1870,4
17995.jpg,1866,1873,7
18000.jpg,1866,1901,35
18005.jpg,1866,1820,-46
18010.jpg,1866,1890,24
18015.jpg,1866,1950,84
18020.jpg,1866,1890,24
18025.jpg,1866,1900,34
18030.jpg,1866,1850,-16
18035.jpg,1866,1880,14
18040.jpg,1866,1870,4
18045.jpg,1866,1830,-36
18050.jpg,1866,1750,-116
18055.jpg,1866,1890,24
18060.jpg,1866,1890,24
18065.jpg,1866,1870,4
18070.jpg,1866,1890,24
18075.jpg,1866,1890,24
18080.jpg,1866,1820,-46
18085.jpg,1866,1920,54
18090.jpg,1866,1950,84
18095.jpg,1866,1875,9
18100.jpg,1866,1930,64
18105.jpg,1866,1930,64
18110.jpg,1866,1890,24
18115.jpg,1866,1930,64
18120.jpg,1866,1880,14
18125.jpg,1866,1900,34
18130.jpg,1866,1925,59
18135.jpg,1867,1850,-17
18140.jpg,1867,1884,17
18145.jpg,1867,1890,23
18160.jpg,1867,1900,33
18165.jpg,1867,1850,-17
18170.jpg,1867,1850,-17
18175.jpg,1867,1890,23
18180.jpg,1867,1931,64
18185.jpg,1867,1870,3
18190.jpg,1867,1875,8
18195.jpg,1867,1875,8
18200.jpg,1867,1874,7
18205.jpg,1867,1880,13
18210.jpg,1867,1870,3
18215.jpg,1867,1900,33
18220.jpg,1867,1870,3
18225.jpg,1867,1890,23
18230.jpg,1867,1930,63
18235.jpg,1867,1875,8
18240.jpg,1867,1800,-67
18245.jpg,1867,1890,23
18250.jpg,1867,1880,13
18255.jpg,1867,1930,63
18260.jpg,1867,1830,-37
18265.jpg,1867,1890,23
18270.jpg,1867,1890,23
18275.jpg,1867,1880,13
18280.jpg,1867,1870,3
18285.jpg,1867,1880,13
18290.jpg,1867,1875,8
18295.jpg,1867,1880,13
18300.jpg,1867,1886,19
18305.jpg,1867,1850,-17
18310.jpg,1867,1890,23
18315.jpg,1867,1820,-47
18320.jpg,1867,1850,-17
18325.jpg,1867,1820,-47
18330.jpg,1867,1890,23
18335.jpg,1867,1890,23
18340.jpg,1867,1890,23
18345.jpg,1867,1890,23
18350.jpg,1867,1885,18
18355.jpg,1867,1890,23
18360.jpg,1867,1880,13
18365.jpg,1868,1855,-13
18370.jpg,1868,1820,-48
18380.jpg,1868,1890,22
18385.jpg,1868,1870,2
18390.jpg,1868,1870,2
18395.jpg,1868,1900,32
18400.jpg,1868,1872,4
18405.jpg,1868,1880,12
18410.jpg,1868,1890,22
18415.jpg,1868,1850,-18
18420.jpg,1868,1870,2
18425.jpg,1868,1850,-18
18430.jpg,1868,1985,117
18450.jpg,1868,1851,-17
18455.jpg,1868,1820,-48
18460.jpg,1868,1890,22
18465.jpg,1868,1885,17
18470.jpg,1868,1900,32
18475.jpg,1868,1880,12
18480.jpg,1868,1880,12
18485.jpg,1868,1875,7
18490.jpg,1868,1860,-8
18495.jpg,1868,1890,22
18500.jpg,1868,1860,-8
18505.jpg,1868,1875,7
18510.jpg,1868,1885,17
18515.jpg,1868,1850,-18
18520.jpg,1868,1860,-8
18525.jpg,1868,1890,22
18530.jpg,1868,1870,2
18535.jpg,1868,1880,12
18540.jpg,1868,1860,-8
18545.jpg,1868,1875,7
18550.jpg,1868,1875,7
18555.jpg,1868,1900,32
18560.jpg,1868,1890,22
18565.jpg,1868,1890,22
18570.jpg,1868,1880,12
18575.jpg,1868,1890,22
18580.jpg,1868,1980,112
18585.jpg,1868,1968,100
18590.jpg,1868,1925,57
18595.jpg,1868,1850,-18
18600.jpg,1868,1890,22
18605.jpg,1868,1895,27
18610.jpg,1868,1830,-38
18615.jpg,1868,1880,12
18620.jpg,1869,1850,-19
18625.jpg,1869,1868,-1
18630.jpg,1869,1875,6
18635.jpg,1869,1875,6
18640.jpg,1869,1870,1
18645.jpg,1869,1880,11
18650.jpg,1869,1850,-19
18655.jpg,1869,1850,-19
18660.jpg,1869,1865,-4
18665.jpg,1869,1870,1
18670.jpg,1869,1930,61
18675.jpg,1869,1875,6
18680.jpg,1869,1850,-19
18685.jpg,1869,1890,21
18690.jpg,1869,1870,1
18695.jpg,1869,1880,11
18700.jpg,1869,1880,11
18710.jpg,1869,1890,21
18715.jpg,1869,1890,21
18720.jpg,1869,1880,11
18725.jpg,1869,1900,31
18730.jpg,1869,1875,6
18735.jpg,1869,1880,11
18740.jpg,1869,1870,1
18745.jpg,1869,1890,21
18750.jpg,1869,1870,1
18755.jpg,1869,1860,-9
18760.jpg,1869,1890,21
18765.jpg,1869,1820,-49
18770.jpg,1869,1830,-39
18775.jpg,1869,-1,-1870
18780.jpg,1869,1880,11
18785.jpg,1869,1890,21
18790.jpg,1869,1895,26
18795.jpg,1869,1830,-39
18800.jpg,1869,1700,-169
18805.jpg,1869,1830,-39
18810.jpg,1869,1890,21
18815.jpg,1869,1890,21
18820.jpg,1869,-1,-1870
18825.jpg,1869,1870,1
18830.jpg,1869,1895,26
18835.jpg,1869,1980,111
18840.jpg,1870,1725,-145
18845.jpg,1870,1868,-2
18850.jpg,1870,1890,20
18855.jpg,1870,1890,20
18860.jpg,1870,1890,20
18865.jpg,1870,1880,10
18870.jpg,1870,1920,50
18875.jpg,1870,1950,80
18880.jpg,1870,1920,50
18885.jpg,1870,1820,-50
18895.jpg,1870,1870,0
18900.jpg,1870,1880,10
18905.jpg,1870,1850,-20
18910.jpg,1870,1875,5
18915.jpg,1870,1890,20
18920.jpg,1870,1930,60
18925.jpg,1870,1859,-11
18930.jpg,1870,1900,30
18935.jpg,1870,1900,30
18940.jpg,1870,1890,20
18945.jpg,1870,1955,85
18950.jpg,1870,1860,-10
18955.jpg,1870,1890,20
18960.jpg,1870,1880,10
18965.jpg,1870,1920,50
18970.jpg,1870,1890,20
18980.jpg,1870,1880,10
18985.jpg,1870,1880,10
18990.jpg,1870,1890,20
18995.jpg,1870,1880,10
19000.jpg,1870,1840,-30
19005.jpg,1870,1880,10
19010.jpg,1870,1850,-20
19015.jpg,1870,1910,40
19020.jpg,1870,1600,-270
19025.jpg,1870,1870,0
19030.jpg,1870,1905,35
19035.jpg,1870,1870,0
19040.jpg,1870,1980,110
19045.jpg,1870,1850,-20
19050.jpg,1870,1890,20
19055.jpg,1870,1890,20
19060.jpg,1870,1895,25
19065.jpg,1870,1890,20
19070.jpg,1870,1890,20
19075.jpg,1870,1875,5
19080.jpg,1870,1930,60
19085.jpg,1870,-1,-1871
19090.jpg,1870,1945,75
19100.jpg,1870,1990,120
19105.jpg,1870,1890,20
19110.jpg,1870,1930,60
19115.jpg,1870,1880,10
19120.jpg,1870,1890,20
19125.jpg,1870,1920,50
19130.jpg,1870,1840,-30
19135.jpg,1870,1870,0
19140.jpg,1870,1890,20
19145.jpg,1871,1850,-21
19150.jpg,1871,1900,29
19155.jpg,1871,1880,9
19160.jpg,1871,1850,-21
19165.jpg,1871,1890,19
19170.jpg,1871,1904,33
19175.jpg,1871,1920,49
19180.jpg,1871,1890,19
19185.jpg,1871,1890,19
19190.jpg,1871,1890,19
19195.jpg,1871,1885,14
19200.jpg,1871,1860,-11
19205.jpg,1871,1975,104
19210.jpg,1871,1870,-1
19215.jpg,1871,1880,9
19220.jpg,1871,1930,59
19225.jpg,1871,1920,49
19230.jpg,1871,1905,34
19235.jpg,1871,1880,9
19240.jpg,1871,1905,34
19245.jpg,1871,1875,4
19250.jpg,1871,1880,9
19255.jpg,1871,1870,-1
19260.jpg,1871,1890,19
19265.jpg,1871,1860,-11
19270.jpg,1871,1890,19
19275.jpg,1871,1890,19
19280.jpg,1871,1890,19
19285.jpg,1871,1890,19
19290.jpg,1871,1820,-51
19295.jpg,1871,1870,-1
19300.jpg,1871,1880,9
19305.jpg,1871,1930,59
19310.jpg,1871,1880,9
19315.jpg,1871,1870,-1
19320.jpg,1871,1890,19
19325.jpg,1871,1890,19
19330.jpg,1871,1880,9
19335.jpg,1871,1885,14
19340.jpg,1871,1885,14
19345.jpg,1871,1875,4
19350.jpg,1871,1860,-11
19355.jpg,1871,1890,19
19360.jpg,1871,1880,9
19365.jpg,1871,1905,34
19370.jpg,1871,1884,13
19375.jpg,1871,1890,19
19380.jpg,1871,1890,19
19385.jpg,1871,1890,19
19390.jpg,1871,1885,14
19395.jpg,1872,1895,23
19400.jpg,1872,1925,53
19405.jpg,1872,1895,23
19410.jpg,1872,1850,-22
19415.jpg,1872,1870,-2
19420.jpg,1872,1870,-2
19425.jpg,1872,1910,38
19430.jpg,1872,1920,48
19435.jpg,1872,1880,8
19440.jpg,1872,1880,8
19445.jpg,1872,1915,43
19450.jpg,1872,1890,18
19455.jpg,1872,1870,-2
19460.jpg,1872,1870,-2
19465.jpg,1872,1890,18
19470.jpg,1872,1850,-22
19475.jpg,1872,1880,8
19480.jpg,1872,1850,-22
19485.jpg,1872,1880,8
19490.jpg,1872,1869,-3
19495.jpg,1872,1870,-2
19500.jpg,1872,1890,18
19505.jpg,1872,1870,-2
19510.jpg,1872,1885,13
19515.jpg,1872,1833,-39
19520.jpg,1872,1890,18
19525.jpg,1872,1890,18
19530.jpg,1872,1870,-2
19535.jpg,1872,1880,8
19540.jpg,1872,1950,78
19545.jpg,1872,1875,3
19550.jpg,1872,1895,23
19555.jpg,1872,1890,18
19560.jpg,1872,1890,18
19565.jpg,1872,1850,-22
19570.jpg,1872,1890,18
19575.jpg,1872,1890,18
19580.jpg,1872,1885,13
19585.jpg,1872,1850,-22
19590.jpg,1872,1890,18
19595.jpg,1872,1920,48
19600.jpg,1872,1850,-22
19605.jpg,1872,1875,3
19610.jpg,1872,1880,8
19615.jpg,1872,1880,8
19620.jpg,1872,1890,18
19625.jpg,1872,1870,-2
19630.jpg,1872,1875,3
19635.jpg,1872,1894,22
19640.jpg,1872,1875,3
19645.jpg,1872,1900,28
19655.jpg,1873,1850,-23
19660.jpg,1873,1870,-3
19665.jpg,1873,1920,47
19670.jpg,1873,1875,2
19675.jpg,1873,1860,-13
19680.jpg,1873,1830,-43
19685.jpg,1873,1880,7
19690.jpg,1873,1944,71
19695.jpg,1873,1895,22
19700.jpg,1873,1850,-23
19705.jpg,1873,1900,27
19710.jpg,1873,1900,27
19715.jpg,1873,1880,7
19720.jpg,1873,1900,27
19725.jpg,1873,-1,-1874
19730.jpg,1873,-1,-1874
19735.jpg,1873,1880,7
19740.jpg,1873,1920,47
19745.jpg,1873,1860,-13
19750.jpg,1873,1870,-3
19755.jpg,1873,1880,7
19760.jpg,1873,1890,17
19765.jpg,1873,1880,7
19775.jpg,1873,1900,27
19780.jpg,1873,1890,17
19785.jpg,1873,1900,27
19790.jpg,1873,1910,37
19795.jpg,1873,1875,2
19800.jpg,1873,1760,-113
19805.jpg,1873,1870,-3
19810.jpg,1873,1870,-3
19815.jpg,1873,1890,17
19820.jpg,1873,1885,12
19825.jpg,1873,1880,7
19830.jpg,1873,1880,7
19835.jpg,1873,1830,-43
19840.jpg,1873,1890,17
19845.jpg,1873,1950,77
19850.jpg,1873,1890,17
19855.jpg,1873,1870,-3
19860.jpg,1873,1890,17
19865.jpg,1873,1875,2
19870.jpg,1873,1880,7
19875.jpg,1873,1927,54
19880.jpg,1873,1890,17
19885.jpg,1873,1875,2
19890.jpg,1873,1890,17
19895.jpg,1873,1920,47
19900.jpg,1873,1890,17
19905.jpg,1873,1820,-53
19910.jpg,1873,1990,117
19915.jpg,1874,1875,1
19920.jpg,1874,1890,16
19925.jpg,1874,1890,16
19930.jpg,1874,1880,6
19935.jpg,1874,1890,16
19945.jpg,1874,1880,6
19950.jpg,1874,1890,16
19955.jpg,1874,1890,16
19965.jpg,1874,1900,26
19970.jpg,1874,1874,0
19975.jpg,1874,1890,16
19980.jpg,1874,1890,16
19985.jpg,1874,1905,31
19990.jpg,1874,1935,61
19995.jpg,1874,1850,-24
20000.jpg,1874,1900,26
20005.jpg,1874,1930,56
20010.jpg,1874,1870,-4
20015.jpg,1874,1850,-24
20020.jpg,1874,1880,6
20025.jpg,1874,1855,-19
20030.jpg,1874,1880,6
20035.jpg,1874,1935,61
20040.jpg,1874,1880,6
20045.jpg,1874,1930,56
20050.jpg,1874,1870,-4
20055.jpg,1874,1890,16
20060.jpg,1874,1870,-4
20065.jpg,1874,1880,6
20070.jpg,1874,1880,6
20075.jpg,1874,1870,-4
20080.jpg,1874,1870,-4
20085.jpg,1874,1890,16
20090.jpg,1874,1820,-54
20095.jpg,1874,1820,-54
20100.jpg,1874,1880,6
20110.jpg,1874,1880,6
20115.jpg,1874,1870,-4
20120.jpg,1874,1890,16
20125.jpg,1874,1650,-224
20130.jpg,1874,1740,-134
20135.jpg,1874,1890,16
20145.jpg,1874,1890,16
20150.jpg,1874,1890,16
20155.jpg,1874,1890,16
20160.jpg,1874,1900,26
20165.jpg,1874,1890,16
20170.jpg,1874,1890,16
20175.jpg,1874,1864,-10
20180.jpg,1874,1880,6
20185.jpg,1874,1880,6
20190.jpg,1874,1860,-14
20195.jpg,1874,1900,26
20205.jpg,1874,1805,-69
20210.jpg,1875,1890,15
20215.jpg,1875,1914,39
20220.jpg,1875,1850,-25
20230.jpg,1875,1880,5
20235.jpg,1875,1870,-5
20240.jpg,1875,1875,0
20245.jpg,1875,1880,5
20250.jpg,1875,1900,25
20255.jpg,1875,1928,53
20260.jpg,1875,1900,25
20265.jpg,1875,1870,-5
20270.jpg,1875,1870,-5
20275.jpg,1875,1870,-5
20280.jpg,1875,1907,32
20285.jpg,1875,1905,30
20295.jpg,1875,1850,-25
20300.jpg,1875,1890,15
20305.jpg,1875,1885,10
20310.jpg,1875,1877,2
20315.jpg,1875,1900,25
20320.jpg,1875,1870,-5
20325.jpg,1875,1870,-5
20330.jpg,1875,1890,15
20335.jpg,1875,1880,5
20340.jpg,1875,1885,10
20345.jpg,1875,1875,0
20350.jpg,1875,1880,5
20355.jpg,1875,1900,25
20360.jpg,1875,1870,-5
20365.jpg,1875,1890,15
20370.jpg,1875,1875,0
20375.jpg,1875,1870,-5
20380.jpg,1875,1880,5
20385.jpg,1875,1870,-5
20390.jpg,1875,1880,5
20395.jpg,1875,1880,5
20400.jpg,1875,1880,5
20405.jpg,1875,1880,5
20410.jpg,1875,1910,35
20415.jpg,1875,1850,-25
20420.jpg,1875,1890,15
20425.jpg,1875,1890,15
20430.jpg,1875,1900,25
20435.jpg,1875,1410,-465
20440.jpg,1875,1920,45
20445.jpg,1875,1880,5
20450.jpg,1875,1875,0
20455.jpg,1875,1870,-5
20460.jpg,1875,1925,50
20465.jpg,1875,1900,25
20470.jpg,1875,1830,-45
20480.jpg,1875,1900,25
20485.jpg,1875,1900,25
20490.jpg,1875,1850,-25
20495.jpg,1875,1890,15
20500.jpg,1876,1900,24
20505.jpg,1876,1930,54
20510.jpg,1876,1880,4
20515.jpg,1876,1850,-26
20520.jpg,1876,1885,9
20525.jpg,1876,1210,-666
20530.jpg,1876,1875,-1
20540.jpg,1876,2020,144
20545.jpg,1876,1890,14
20550.jpg,1876,1870,-6
20555.jpg,1876,1870,-6
20560.jpg,1876,1750,-126
20565.jpg,1876,1900,24
20570.jpg,1876,1880,4
20575.jpg,1876,1920,44
20580.jpg,1876,1903,27
20585.jpg,1876,1870,-6
20590.jpg,1876,1850,-26
20595.jpg,1876,1890,14
20600.jpg,1876,1880,4
20605.jpg,1876,1870,-6
20610.jpg,1876,1910,34
20615.jpg,1876,1870,-6
20620.jpg,1876,1890,14
20625.jpg,1876,1890,14
20630.jpg,1876,1830,-46
20635.jpg,1876,1880,4
20640.jpg,1876,1900,24
20645.jpg,1876,1875,-1
20650.jpg,1876,1895,19
20655.jpg,1876,-1,-1877
20660.jpg,1876,1890,14
20665.jpg,1876,1880,4
20670.jpg,1876,1895,19
20675.jpg,1876,1830,-46
20680.jpg,1876,1870,-6
20685.jpg,1876,1880,4
20690.jpg,1876,1890,14
20695.jpg,1876,1925,49
20700.jpg,1876,1876,0
20705.jpg,1876,1890,14
20715.jpg,1876,1875,-1
20720.jpg,1876,1860,-16
20725.jpg,1876,1890,14
20730.jpg,1877,1890,13
20735.jpg,1877,1875,-2
20740.jpg,1877,1890,13
20745.jpg,1877,1870,-7
20750.jpg,1877,1930,53
20755.jpg,1877,1905,28
20760.jpg,1877,1930,53
20765.jpg,1877,984,-893
20770.jpg,1877,1900,23
20775.jpg,1877,1865,-12
20780.jpg,1877,1883,6
20785.jpg,1877,1875,-2
20790.jpg,1877,1890,13
20795.jpg,1877,1860,-17
20800.jpg,1877,1890,13
20805.jpg,1877,1920,43
20810.jpg,1877,1890,13
20815.jpg,1877,1880,3
20820.jpg,1877,1890,13
20830.jpg,1877,1890,13
20835.jpg,1877,1870,-7
20840.jpg,1877,1880,3
20845.jpg,1877,1860,-17
20850.jpg,1877,1890,13
20855.jpg,1877,1920,43
20860.jpg,1877,1900,23
20865.jpg,1877,1890,13
20870.jpg,1877,1890,13
20875.jpg,1877,1885,8
20880.jpg,1877,1900,23
20885.jpg,1877,1880,3
20890.jpg,1877,1835,-42
20895.jpg,1877,1780,-97
20900.jpg,1877,1890,13
20905.jpg,1877,1880,3
20910.jpg,1877,1890,13
20915.jpg,1877,1890,13
20925.jpg,1878,1900,22
20930.jpg,1878,1886,8
20935.jpg,1878,1878,0
20940.jpg,1878,1875,-3
20945.jpg,1878,1930,52
20950.jpg,1878,1880,2
20955.jpg,1878,1890,12
20960.jpg,1878,1985,107
20965.jpg,1878,1975,97
20970.jpg,1878,1930,52
20975.jpg,1878,1890,12
20980.jpg,1878,1915,37
20985.jpg,1878,1870,-8
20990.jpg,1878,1880,2
20995.jpg,1878,1870,-8
21000.jpg,1878,1880,2
21005.jpg,1878,1880,2
21010.jpg,1878,1880,2
21015.jpg,1878,1900,22
21020.jpg,1878,1850,-28
21025.jpg,1878,1890,12
21030.jpg,1878,1890,12
21035.jpg,1878,1830,-48
21040.jpg,1878,1850,-28
21045.jpg,1878,1850,-28
21050.jpg,1878,1880,2
21055.jpg,1878,1890,12
21060.jpg,1878,1850,-28
21065.jpg,1878,1905,27
21070.jpg,1878,1920,42
21075.jpg,1878,1880,2
21080.jpg,1878,1880,2
21085.jpg,1878,1880,2
21090.jpg,1878,1930,52
21095.jpg,1878,1890,12
21100.jpg,1878,1890,12
21105.jpg,1878,1885,7
21110.jpg,1878,1895,17
21115.jpg,1878,1878,0
21120.jpg,1878,1915,37
21125.jpg,1878,2015,137
21130.jpg,1878,1890,12
21135.jpg,1878,1910,32
21140.jpg,1878,1897,19
21145.jpg,1878,1895,17
21150.jpg,1878,1780,-98
21155.jpg,1878,1920,42
21160.jpg,1879,1975,96
21165.jpg,1879,1890,11
21170.jpg,1879,1910,31
21175.jpg,1879,1890,11
21180.jpg,1879,1890,11
21185.jpg,1879,1890,11
21190.jpg,1879,1890,11
21195.jpg,1879,1900,21
21200.jpg,1879,1900,21
21205.jpg,1879,1900,21
21210.jpg,1879,1880,1
21215.jpg,1879,1880,1
21220.jpg,1879,1880,1
21225.jpg,1879,1900,21
21230.jpg,1879,1870,-9
21235.jpg,1879,1930,51
21240.jpg,1879,1900,21
21245.jpg,1879,1890,11
21250.jpg,1879,1880,1
21255.jpg,1879,1890,11
21260.jpg,1879,1880,1
21265.jpg,1879,1880,1
21270.jpg,1879,1870,-9
21275.jpg,1879,1830,-49
21280.jpg,1879,1890,11
21285.jpg,1879,1880,1
21290.jpg,1879,1890,11
21295.jpg,1879,1890,11
21300.jpg,1879,1880,1
21305.jpg,1879,1875,-4
21310.jpg,1879,1880,1
21315.jpg,1879,1880,1
21320.jpg,1879,1900,21
21325.jpg,1879,1890,11
21330.jpg,1879,1880,1
21335.jpg,1879,1876,-3
21340.jpg,1879,1880,1
21350.jpg,1879,1890,11
21355.jpg,1879,1890,11
21360.jpg,1879,1920,41
21365.jpg,1879,1920,41
21370.jpg,1879,1865,-14
21375.jpg,1880,1850,-30
21380.jpg,1880,1890,10
21385.jpg,1880,1880,0
21390.jpg,1880,1830,-50
21395.jpg,1880,1890,10
21400.jpg,1880,1900,20
21405.jpg,1880,1880,0
21410.jpg,1880,1900,20
21415.jpg,1880,1890,10
21420.jpg,1880,1885,5
21425.jpg,1880,1890,10
21430.jpg,1880,1870,-10
21435.jpg,1880,1890,10
21440.jpg,1880,1890,10
21445.jpg,1880,1890,10
21450.jpg,1880,1820,-60
21455.jpg,1880,1893,13
21460.jpg,1880,1890,10
21465.jpg,1880,1880,0
21470.jpg,1880,1875,-5
21475.jpg,1880,1870,-10
21480.jpg,1880,1890,10
21485.jpg,1880,1960,80
21490.jpg,1880,1870,-10
21495.jpg,1880,1851,-29
21500.jpg,1880,1840,-40
21505.jpg,1880,1870,-10
21510.jpg,1880,1890,10
21515.jpg,1880,1870,-10
21520.jpg,1880,1870,-10
21530.jpg,1880,1985,105
21535.jpg,1880,1880,0
21540.jpg,1880,1870,-10
21545.jpg,1880,1880,0
21550.jpg,1880,1890,10
21555.jpg,1880,1870,-10
21560.jpg,1880,1880,0
21565.jpg,1880,1880,0
21570.jpg,1880,1920,40
21575.jpg,1880,1955,75
21580.jpg,1880,1880,0
21585.jpg,1880,1880,0
21590.jpg,1880,1900,20
21595.jpg,1880,1890,10
21600.jpg,1880,1880,0
21605.jpg,1880,1920,40
21610.jpg,1880,1890,10
21615.jpg,1880,1880,0
21620.jpg,1880,1875,-5
21625.jpg,1880,1875,-5
21630.jpg,1880,1890,10
21635.jpg,1880,1850,-30
21640.jpg,1880,1885,5
21645.jpg,1880,1890,10
21650.jpg,1880,1920,40
21655.jpg,1880,1880,0
21660.jpg,1880,1890,10
21665.jpg,1880,1870,-10
21670.jpg,1880,1884,4
21675.jpg,1880,1900,20
21680.jpg,1880,1890,10
21685.jpg,1880,1750,-130
21690.jpg,1880,1890,10
21695.jpg,1880,1870,-10
21700.jpg,1880,1890,10
21705.jpg,1880,1800,-80
21710.jpg,1881,1780,-101
21715.jpg,1881,1910,29
21720.jpg,1881,1960,79
21725.jpg,1881,1860,-21
21730.jpg,1881,1890,9
21735.jpg,1881,1920,39
21740.jpg,1881,1880,-1
21745.jpg,1881,1880,-1
21750.jpg,1881,1889,8
21755.jpg,1881,1930,49
21760.jpg,1881,1870,-11
21770.jpg,1881,1919,38
21775.jpg,1881,1902,21
21780.jpg,1881,1900,19
21785.jpg,1881,1880,-1
21790.jpg,1881,1890,9
21795.jpg,1881,1890,9
21800.jpg,1881,1885,4
21805.jpg,1881,1850,-31
21810.jpg,1881,1890,9
21815.jpg,1881,1885,4
21820.jpg,1881,1870,-11
21825.jpg,1881,1880,-1
21830.jpg,1881,1870,-11
21835.jpg,1881,1870,-11
21840.jpg,1881,1890,9
21845.jpg,1881,1900,19
21850.jpg,1881,1650,-231
21855.jpg,1881,1880,-1
21860.jpg,1881,1870,-11
21865.jpg,1881,1900,19
21870.jpg,1881,1870,-11
21875.jpg,1881,1880,-1
21880.jpg,1881,1870,-11
21885.jpg,1881,1870,-11
21890.jpg,1881,1925,44
21895.jpg,1881,1890,9
21900.jpg,1881,1890,9
21905.jpg,1881,1930,49
21910.jpg,1881,1890,9
21915.jpg,1881,1870,-11
21920.jpg,1881,1890,9
21925.jpg,1881,1950,69
21930.jpg,1881,1820,-61
21940.jpg,1881,1850,-31
21945.jpg,1882,1850,-32
21950.jpg,1882,1930,48
21955.jpg,1882,1890,8
21960.jpg,1882,1900,18
21965.jpg,1882,1900,18
21970.jpg,1882,1930,48
21975.jpg,1882,1890,8
21980.jpg,1882,1920,38
21985.jpg,1882,1890,8
21990.jpg,1882,1890,8
21995.jpg,1882,1890,8
22000.jpg,1882,1870,-12
22005.jpg,1882,1880,-2
22010.jpg,1882,1870,-12
22015.jpg,1882,1950,68
22020.jpg,1882,1850,-32
22025.jpg,1882,1890,8
22030.jpg,1882,-1,-1883
22035.jpg,1882,1870,-12
22040.jpg,1882,1880,-2
22045.jpg,1882,1890,8
22050.jpg,1882,1870,-12
22055.jpg,1882,1885,3
22060.jpg,1882,1880,-2
22065.jpg,1882,1860,-22
22070.jpg,1882,1860,-22
22075.jpg,1882,1890,8
22080.jpg,1882,1875,-7
22085.jpg,1882,1890,8
22090.jpg,1882,1880,-2
22095.jpg,1882,1890,8
22100.jpg,1882,1900,18
22105.jpg,1882,1880,-2
22110.jpg,1882,1880,-2
22115.jpg,1882,1890,8
22120.jpg,1882,1890,8
22125.jpg,1882,1895,13
22130.jpg,1882,1885,3
22135.jpg,1882,1885,3
22140.jpg,1882,1850,-32
22145.jpg,1882,1960,78
22150.jpg,1882,1920,38
22155.jpg,1882,1967,85
22160.jpg,1882,1925,43
22165.jpg,1882,1895,13
22170.jpg,1882,1880,-2
22175.jpg,1882,1905,23
22180.jpg,1882,1920,38
22185.jpg,1882,1875,-7
22190.jpg,1882,1905,23
22195.jpg,1882,1901,19
22200.jpg,1882,1895,13
22205.jpg,1882,1870,-12
22210.jpg,1882,1885,3
22215.jpg,1883,1850,-33
22220.jpg,1883,1890,7
22225.jpg,1883,1905,22
22230.jpg,1883,1890,7
22235.jpg,1883,1890,7
22240.jpg,1883,1870,-13
22245.jpg,1883,1890,7
22250.jpg,1883,1870,-13
22255.jpg,1883,1890,7
22260.jpg,1883,1895,12
22265.jpg,1883,1890,7
22270.jpg,1883,1930,47
22275.jpg,1883,1890,7
22280.jpg,1883,1883,0
22285.jpg,1883,1860,-23
22290.jpg,1883,1850,-33
22295.jpg,1883,1870,-13
22300.jpg,1883,1960,77
22305.jpg,1883,1880,-3
22310.jpg,1883,1880,-3
22315.jpg,1883,1880,-3
22320.jpg,1883,1880,-3
22325.jpg,1883,1900,17
22330.jpg,1883,1880,-3
22335.jpg,1883,1880,-3
22340.jpg,1883,1890,7
22345.jpg,1883,1880,-3
22350.jpg,1883,1880,-3
22355.jpg,1883,1890,7
22360.jpg,1883,1890,7
22365.jpg,1883,1880,-3
22370.jpg,1883,1895,12
22375.jpg,1883,1880,-3
22380.jpg,1883,1890,7
22385.jpg,1883,1935,52
22390.jpg,1883,1910,27
22395.jpg,1883,1920,37
22400.jpg,1883,1890,7
22405.jpg,1883,1890,7
22410.jpg,1883,1880,-3
22415.jpg,1883,1860,-23
22420.jpg,1883,1870,-13
22425.jpg,1883,1885,2
22430.jpg,1883,1890,7
22435.jpg,1883,1885,2
22440.jpg,1883,1900,17
22445.jpg,1883,1890,7
22450.jpg,1883,1890,7
22455.jpg,1883,1888,5
22460.jpg,1883,1914,31
22465.jpg,1883,1909,26
22470.jpg,1883,1890,7
22475.jpg,1883,1880,-3
22485.jpg,1883,1900,17
22490.jpg,1883,1925,42
22495.jpg,1883,1890,7
22500.jpg,1883,1870,-13
22505.jpg,1883,1890,7
22510.jpg,1884,1890,6
22515.jpg,1884,1888,4
22520.jpg,1884,1890,6
22525.jpg,1884,1900,16
22530.jpg,1884,1880,-4
22535.jpg,1884,1890,6
22540.jpg,1884,1900,16
22545.jpg,1884,1885,1
22550.jpg,1884,1890,6
22555.jpg,1884,1890,6
22560.jpg,1884,1870,-14
22565.jpg,1884,1860,-24
22570.jpg,1884,1880,-4
22575.jpg,1884,1890,6
22580.jpg,1884,1920,36
22585.jpg,1884,1890,6
22590.jpg,1884,1885,1
22595.jpg,1884,1890,6
22600.jpg,1884,1890,6
22605.jpg,1884,1890,6
22610.jpg,1884,1890,6
22615.jpg,1884,1890,6
22620.jpg,1884,1885,1
22625.jpg,1884,1870,-14
22630.jpg,1884,1880,-4
22635.jpg,1884,1890,6
22640.jpg,1884,1870,-14
22645.jpg,1884,1885,1
22650.jpg,1884,1890,6
22655.jpg,1884,1870,-14
22665.jpg,1884,1915,31
22670.jpg,1884,1880,-4
22675.jpg,1884,1895,11
22680.jpg,1884,1920,36
22685.jpg,1884,1870,-14
22690.jpg,1884,1890,6
22695.jpg,1884,1895,11
22700.jpg,1884,1880,-4
22705.jpg,1884,1890,6
22710.jpg,1884,1890,6
22715.jpg,1884,1890,6
22720.jpg,1884,1890,6
22730.jpg,1884,1910,26
22735.jpg,1884,1870,-14
22740.jpg,1884,1976,92
22745.jpg,1884,1880,-4
22750.jpg,1884,1893,9
22755.jpg,1884,1897,13
22760.jpg,1884,1875,-9
22765.jpg,1884,1890,6
22770.jpg,1884,1880,-4
22775.jpg,1884,1890,6
22780.jpg,1885,1890,5
22785.jpg,1885,1900,15
22790.jpg,1885,1895,10
22795.jpg,1885,1870,-15
22800.jpg,1885,1850,-35
22805.jpg,1885,1895,10
22810.jpg,1885,1885,0
22815.jpg,1885,1895,10
22820.jpg,1885,1890,5
22825.jpg,1885,1945,60
22830.jpg,1885,1850,-35
22835.jpg,1885,1902,17
22840.jpg,1885,1875,-10
22850.jpg,1885,1945,60
22855.jpg,1885,1905,20
22860.jpg,1885,1880,-5
22865.jpg,1885,1890,5
22870.jpg,1885,1890,5
22875.jpg,1885,1890,5
22880.jpg,1885,1890,5
22885.jpg,1885,1895,10
22890.jpg,1885,1930,45
22895.jpg,1885,1890,5
22900.jpg,1885,1890,5
22905.jpg,1885,1890,5
22910.jpg,1885,1880,-5
22915.jpg,1885,1890,5
22920.jpg,1885,1902,17
22925.jpg,1885,1885,0
22930.jpg,1885,1920,35
22935.jpg,1885,1875,-10
22940.jpg,1885,1910,25
22945.jpg,1885,1880,-5
22950.jpg,1885,1900,15
22955.jpg,1885,1880,-5
22960.jpg,1885,1960,75
22965.jpg,1885,1900,15
22970.jpg,1885,1890,5
22975.jpg,1885,1900,15
22980.jpg,1885,1890,5
22985.jpg,1885,1880,-5
22990.jpg,1885,1890,5
22995.jpg,1885,1890,5
23000.jpg,1885,1850,-35
23005.jpg,1885,1890,5
23015.jpg,1885,1820,-65
23020.jpg,1885,1920,35
23025.jpg,1885,1880,-5
23030.jpg,1885,1930,45
23035.jpg,1885,1880,-5
23040.jpg,1885,1890,5
23045.jpg,1885,1820,-65
23050.jpg,1885,1950,65
23055.jpg,1885,1910,25
23060.jpg,1885,1890,5
23065.jpg,1885,1890,5
23070.jpg,1885,1900,15
23075.jpg,1885,1900,15
23080.jpg,1885,1890,5
23085.jpg,1886,1900,14
23090.jpg,1886,1890,4
23095.jpg,1886,1870,-16
23100.jpg,1886,1890,4
23105.jpg,1886,1907,21
23110.jpg,1886,1600,-286
23115.jpg,1886,1830,-56
23120.jpg,1886,1815,-71
23125.jpg,1886,1990,104
23130.jpg,1886,1934,48
23135.jpg,1886,1970,84
23140.jpg,1886,2005,119
23145.jpg,1886,1850,-36
23150.jpg,1886,1900,14
23155.jpg,1886,1870,-16
23160.jpg,1886,1875,-11
23165.jpg,1886,1920,34
23170.jpg,1886,1880,-6
23175.jpg,1886,1890,4
23180.jpg,1886,1890,4
23185.jpg,1886,1890,4
23190.jpg,1886,1886,0
23195.jpg,1886,1890,4
23200.jpg,1886,1880,-6
23205.jpg,1886,1890,4
23210.jpg,1886,1878,-8
23215.jpg,1886,1870,-16
23220.jpg,1886,1880,-6
23225.jpg,1886,1875,-11
23230.jpg,1886,1880,-6
23235.jpg,1886,1890,4
23240.jpg,1886,1880,-6
23245.jpg,1886,1880,-6
23250.jpg,1886,1930,44
23255.jpg,1886,1850,-36
23260.jpg,1886,1890,4
23265.jpg,1886,1905,19
23275.jpg,1886,1890,4
23280.jpg,1886,1920,34
23285.jpg,1886,1895,9
23290.jpg,1886,2005,119
23295.jpg,1886,1890,4
23300.jpg,1886,1910,24
23305.jpg,1886,1830,-56
23310.jpg,1886,1900,14
23315.jpg,1886,1895,9
23320.jpg,1886,1910,24
23325.jpg,1886,1900,14
23330.jpg,1886,1890,4
23335.jpg,1886,1900,14
23340.jpg,1886,1925,39
23345.jpg,1886,1890,4
23350.jpg,1886,1895,9
23355.jpg,1886,1890,4
23365.jpg,1886,1450,-436
23370.jpg,1886,1895,9
23375.jpg,1887,1930,43
23380.jpg,1887,1930,43
23385.jpg,1887,1870,-17
23390.jpg,1887,1910,23
23395.jpg,1887,1890,3
23400.jpg,1887,1890,3
23410.jpg,1887,1890,3
23415.jpg,1887,1890,3
23420.jpg,1887,1890,3
23425.jpg,1887,1910,23
23430.jpg,1887,1890,3
23440.jpg,1887,1875,-12
23445.jpg,1887,1890,3
23450.jpg,1887,1850,-37
23460.jpg,1887,1850,-37
23465.jpg,1887,1890,3
23470.jpg,1887,1900,13
23475.jpg,1887,1920,33
23480.jpg,1887,1880,-7
23485.jpg,1887,1885,-2
23490.jpg,1887,-1,-1888
23495.jpg,1887,1890,3
23500.jpg,1887,1925,38
23505.jpg,1887,1880,-7
23510.jpg,1887,1875,-12
23515.jpg,1887,1890,3
23520.jpg,1887,1890,3
23525.jpg,1887,1890,3
23535.jpg,1887,1910,23
23540.jpg,1887,1890,3
23545.jpg,1887,1890,3
23550.jpg,1887,1880,-7
23555.jpg,1887,1925,38
23560.jpg,1887,1890,3
23565.jpg,1887,1870,-17
23570.jpg,1887,1890,3
23575.jpg,1887,1890,3
23580.jpg,1887,1880,-7
23585.jpg,1887,1890,3
23590.jpg,1887,1985,98
23595.jpg,1887,1885,-2
23600.jpg,1887,1890,3
23605.jpg,1887,1890,3
23610.jpg,1887,1912,25
23615.jpg,1887,1910,23
23620.jpg,1887,1990,103
23625.jpg,1887,1890,3
23630.jpg,1887,1890,3
23635.jpg,1887,1900,13
23640.jpg,1887,1880,-7
23645.jpg,1887,1890,3
23650.jpg,1887,1895,8
23660.jpg,1887,1900,13
23665.jpg,1887,1895,8
23670.jpg,1887,1880,-7
23675.jpg,1887,1895,8
23680.jpg,1887,1930,43
23690.jpg,1887,1895,8
23695.jpg,1887,1900,13
23700.jpg,1888,1900,12
23705.jpg,1888,1900,12
23710.jpg,1888,1905,17
23715.jpg,1888,1890,2
23720.jpg,1888,1965,77
23725.jpg,1888,1875,-13
23730.jpg,1888,1875,-13
23735.jpg,1888,1905,17
23740.jpg,1888,1900,12
23745.jpg,1888,1880,-8
23750.jpg,1888,1928,40
23755.jpg,1888,1890,2
23760.jpg,1888,1860,-28
23765.jpg,1888,1870,-18
23770.jpg,1888,-1,-1889
23775.jpg,1888,1890,2
23790.jpg,1888,1890,2
23795.jpg,1888,1875,-13
23800.jpg,1888,1895,7
23805.jpg,1888,1890,2
23810.jpg,1888,1890,2
23815.jpg,1888,1890,2
23820.jpg,1888,1890,2
23825.jpg,1888,1930,42
23830.jpg,1888,1890,2
23835.jpg,1888,1890,2
23840.jpg,1888,1890,2
23850.jpg,1888,1890,2
23855.jpg,1888,1890,2
23860.jpg,1888,1890,2
23865.jpg,1888,1860,-28
23870.jpg,1888,1850,-38
23875.jpg,1888,1910,22
23880.jpg,1888,1900,12
23885.jpg,1888,1890,2
23890.jpg,1888,1890,2
23895.jpg,1888,1895,7
23900.jpg,1888,1890,2
23905.jpg,1888,1880,-8
23910.jpg,1888,1925,37
23915.jpg,1888,1995,107
23920.jpg,1888,1890,2
23925.jpg,1888,1895,7
23930.jpg,1888,1890,2
23935.jpg,1888,1830,-58
23940.jpg,1888,1910,22
23945.jpg,1888,1890,2
23950.jpg,1888,1890,2
23955.jpg,1888,1880,-8
23960.jpg,1888,1900,12
23965.jpg,1888,1880,-8
23970.jpg,1888,1700,-188
23975.jpg,1888,1890,2
23980.jpg,1888,1880,-8
23985.jpg,1888,1923,35
23990.jpg,1888,1929,41
23995.jpg,1888,1929,41
24000.jpg,1888,1875,-13
24005.jpg,1888,1920,32
24010.jpg,1888,1889,1
24015.jpg,1888,1920,32
24020.jpg,1888,1930,42
24025.jpg,1888,1890,2
24030.jpg,1888,-1,-1889
24035.jpg,1888,1859,-29
24040.jpg,1888,1920,32
24050.jpg,1889,1920,31
24055.jpg,1889,1850,-39
24060.jpg,1889,1910,21
24065.jpg,1889,1900,11
24070.jpg,1889,1870,-19
24075.jpg,1889,1930,41
24080.jpg,1889,1890,1
24085.jpg,1889,1890,1
24090.jpg,1889,1890,1
24095.jpg,1889,1895,6
24105.jpg,1889,1880,-9
24110.jpg,1889,1895,6
24115.jpg,1889,1930,41
24120.jpg,1889,1870,-19
24125.jpg,1889,1900,11
24130.jpg,1889,1890,1
24135.jpg,1889,1850,-39
24140.jpg,1889,1920,31
24145.jpg,1889,1890,1
24150.jpg,1889,1876,-13
24155.jpg,1889,1873,-16
24160.jpg,1889,1890,1
24165.jpg,1889,1890,1
24170.jpg,1889,1880,-9
24175.jpg,1889,1890,1
24180.jpg,1889,1880,-9
24185.jpg,1889,1890,1
24190.jpg,1889,1900,11
24195.jpg,1889,1880,-9
24200.jpg,1889,1900,11
24205.jpg,1889,1905,16
24210.jpg,1889,1890,1
24215.jpg,1889,1880,-9
24220.jpg,1889,1885,-4
24225.jpg,1889,1890,1
24230.jpg,1889,1890,1
24235.jpg,1889,1900,11
24240.jpg,1889,1885,-4
24245.jpg,1889,1930,41
24250.jpg,1889,1890,1
24255.jpg,1889,1893,4
24260.jpg,1889,1900,11
24265.jpg,1889,1890,1
24270.jpg,1889,1890,1
24275.jpg,1889,1880,-9
24280.jpg,1889,1890,1
24285.jpg,1889,1900,11
24290.jpg,1889,1885,-4
24295.jpg,1889,1875,-14
24300.jpg,1889,1880,-9
24310.jpg,1889,1890,1
24315.jpg,1889,1910,21
24320.jpg,1889,1850,-39
24330.jpg,1889,1820,-69
24335.jpg,1889,1950,61
24340.jpg,1889,1950,61
24345.jpg,1889,1890,1
24350.jpg,1889,1890,1
24355.jpg,1889,1900,11
24360.jpg,1889,1905,16
24365.jpg,1889,1895,6
24370.jpg,1889,1890,1
24375.jpg,1889,1900,11
24380.jpg,1889,1900,11
24385.jpg,1889,1880,-9
24390.jpg,1889,1880,-9
24395.jpg,1890,1850,-40
24400.jpg,1890,1890,0
24405.jpg,1890,1890,0
24410.jpg,1890,1909,19
24415.jpg,1890,1890,0
24420.jpg,1890,1820,-70
24425.jpg,1890,1925,35
24430.jpg,1890,1890,0
24435.jpg,1890,1890,0
24440.jpg,1890,1905,15
24445.jpg,1890,1940,50
24450.jpg,1890,1890,0
24455.jpg,1890,1890,0
24460.jpg,1890,1890,0
24465.jpg,1890,1900,10
24470.jpg,1890,1920,30
24475.jpg,1890,1901,11
24480.jpg,1890,1920,30
24485.jpg,1890,1890,0
24490.jpg,1890,1890,0
24495.jpg,1890,1870,-20
24500.jpg,1890,1870,-20
24505.jpg,1890,1870,-20
24510.jpg,1890,1970,80
24515.jpg,1890,1880,-10
24520.jpg,1890,1850,-40
24525.jpg,1890,1910,20
24535.jpg,1890,1890,0
24540.jpg,1890,1890,0
24545.jpg,1890,1930,40
24550.jpg,1890,1890,0
24555.jpg,1890,1890,0
24560.jpg,1890,1885,-5
24565.jpg,1890,1890,0
24570.jpg,1890,1880,-10
24575.jpg,1890,1890,0
24580.jpg,1890,1910,20
24585.jpg,1890,1905,15
24590.jpg,1890,1890,0
24595.jpg,1890,1880,-10
24600.jpg,1890,1890,0
24605.jpg,1890,1890,0
24610.jpg,1890,1890,0
24615.jpg,1890,1890,0
24620.jpg,1890,1980,90
24625.jpg,1890,1880,-10
24630.jpg,1890,1890,0
24635.jpg,1890,1890,0
24640.jpg,1890,1870,-20
24645.jpg,1890,1880,-10
24650.jpg,1890,1890,0
24655.jpg,1890,1880,-10
24660.jpg,1890,1890,0
24665.jpg,1890,1890,0
24670.jpg,1890,1900,10
24675.jpg,1890,1890,0
24680.jpg,1890,1890,0
24685.jpg,1890,1890,0
24690.jpg,1890,1895,5
24695.jpg,1890,1890,0
24700.jpg,1890,1893,3
24705.jpg,1890,2010,120
24710.jpg,1890,1920,30
24715.jpg,1890,1890,0
24720.jpg,1890,1895,5
24725.jpg,1890,1865,-25
24730.jpg,1890,1920,30
24735.jpg,1890,1910,20
24740.jpg,1890,1915,25
24745.jpg,1890,1880,-10
24750.jpg,1890,1964,74
24755.jpg,1890,1860,-30
24760.jpg,1890,1895,5
24765.jpg,1890,1950,60
24770.jpg,1890,1900,10
24775.jpg,1891,1850,-41
24780.jpg,1891,1890,-1
24785.jpg,1891,1895,4
24790.jpg,1891,1885,-6
24795.jpg,1891,1895,4
24800.jpg,1891,1920,29
24805.jpg,1891,1890,-1
24810.jpg,1891,1885,-6
24815.jpg,1891,1930,39
24820.jpg,1891,1900,9
24825.jpg,1891,1920,29
24830.jpg,1891,1895,4
24835.jpg,1891,1900,9
24840.jpg,1891,1890,-1
24845.jpg,1891,1920,29
24850.jpg,1891,1930,39
24855.jpg,1891,1960,69
24860.jpg,1891,1885,-6
24865.jpg,1891,1870,-21
24870.jpg,1891,1950,59
24875.jpg,1891,1905,14
24880.jpg,1891,1885,-6
24885.jpg,1891,1890,-1
24890.jpg,1891,1890,-1
24895.jpg,1891,1880,-11
24900.jpg,1891,1870,-21
24905.jpg,1891,1860,-31
24910.jpg,1891,1890,-1
24915.jpg,1891,1890,-1
24920.jpg,1891,1950,59
24925.jpg,1891,1875,-16
24930.jpg,1891,1910,19
24935.jpg,1891,1880,-11
24940.jpg,1891,1880,-11
24945.jpg,1891,1900,9
24950.jpg,1891,-1,-1892
24955.jpg,1891,1890,-1
24960.jpg,1891,1880,-11
24965.jpg,1891,1920,29
24970.jpg,1891,1890,-1
24975.jpg,1891,1890,-1
24980.jpg,1891,1890,-1
24985.jpg,1891,1880,-11
24990.jpg,1891,1885,-6
24995.jpg,1891,1890,-1
25000.jpg,1891,1870,-21
25005.jpg,1891,1900,9
25010.jpg,1891,1890,-1
25015.jpg,1891,1890,-1
25020.jpg,1891,1925,34
25025.jpg,1891,-1,-1892
25030.jpg,1891,1905,14
25035.jpg,1891,1000,-891
25040.jpg,1891,1891,0
25045.jpg,1891,1890,-1
25050.jpg,1891,1900,9
25055.jpg,1891,1890,-1
25060.jpg,1891,-1,-1892
25065.jpg,1891,1820,-71
25070.jpg,1891,1900,9
25075.jpg,1891,1893,2
25080.jpg,1891,1900,9
25085.jpg,1891,1890,-1
25090.jpg,1891,1976,85
25095.jpg,1892,1899,7
25100.jpg,1892,2005,113
25105.jpg,1892,1990,98
25115.jpg,1892,1920,28
25120.jpg,1892,1890,-2
25125.jpg,1892,1895,3
25130.jpg,1892,1880,-12
25135.jpg,1892,2003,111
25140.jpg,1892,1890,-2
25145.jpg,1892,1893,1
25150.jpg,1892,1989,97
25155.jpg,1892,1904,12
25160.jpg,1892,1920,28
25165.jpg,1892,1890,-2
25170.jpg,1892,1910,18
25175.jpg,1892,1900,8
25180.jpg,1892,1985,93
25185.jpg,1892,1880,-12
25190.jpg,1892,1900,8
25195.jpg,1892,1920,28
25205.jpg,1892,1850,-42
25210.jpg,1892,1900,8
25215.jpg,1892,1890,-2
25220.jpg,1892,1900,8
25225.jpg,1892,1850,-42
25230.jpg,1892,1920,28
25235.jpg,1892,1880,-12
25240.jpg,1892,1880,-12
25245.jpg,1892,1890,-2
25250.jpg,1892,1880,-12
25255.jpg,1892,1930,38
25260.jpg,1892,1900,8
25265.jpg,1892,1885,-7
25270.jpg,1892,1885,-7
25275.jpg,1892,1900,8
25280.jpg,1892,1890,-2
25285.jpg,1892,1890,-2
25290.jpg,1892,1875,-17
25295.jpg,1892,1880,-12
25300.jpg,1892,1880,-12
25305.jpg,1892,1890,-2
25310.jpg,1892,1890,-2
25315.jpg,1892,1890,-2
25320.jpg,1892,1890,-2
25325.jpg,1892,-1,-1893
25330.jpg,1892,1920,28
25335.jpg,1892,1890,-2
25340.jpg,1892,1900,8
25345.jpg,1892,1930,38
25350.jpg,1892,1900,8
25355.jpg,1892,1900,8
25360.jpg,1892,1900,8
25365.jpg,1892,1890,-2
25370.jpg,1892,1925,33
25375.jpg,1892,1890,-2
25380.jpg,1892,1885,-7
25385.jpg,1892,1900,8
25390.jpg,1892,1850,-42
25395.jpg,1892,1900,8
25400.jpg,1892,1930,38
25405.jpg,1892,1905,13
25410.jpg,1892,1875,-17
25415.jpg,1892,1895,3
25420.jpg,1892,1895,3
25425.jpg,1892,1900,8
25430.jpg,1892,1870,-22
25435.jpg,1892,1890,-2
25440.jpg,1892,1905,13
25445.jpg,1892,1900,8
25450.jpg,1892,1890,-2
25455.jpg,1892,1895,3
25460.jpg,1892,1880,-12
25465.jpg,1893,1850,-43
25470.jpg,1893,1890,-3
25475.jpg,1893,1906,13
25480.jpg,1893,1910,17
25490.jpg,1893,1930,37
25495.jpg,1893,1890,-3
25500.jpg,1893,1900,7
25505.jpg,1893,1895,2
25510.jpg,1893,1905,12
25515.jpg,1893,1893,0
25520.jpg,1893,1890,-3
25525.jpg,1893,1900,7
25530.jpg,1893,1900,7
25535.jpg,1893,1930,37
25540.jpg,1893,1880,-13
25545.jpg,1893,1890,-3
25555.jpg,1893,1885,-8
25560.jpg,1893,1870,-23
25565.jpg,1893,1850,-43
25570.jpg,1893,1930,37
25575.jpg,1893,1880,-13
25580.jpg,1893,1880,-13
25585.jpg,1893,1890,-3
25590.jpg,1893,1885,-8
25595.jpg,1893,1870,-23
25600.jpg,1893,1890,-3
25605.jpg,1893,1900,7
25610.jpg,1893,1890,-3
25615.jpg,1893,1890,-3
25620.jpg,1893,1900,7
25625.jpg,1893,1890,-3
25630.jpg,1893,1900,7
25635.jpg,1893,1890,-3
25640.jpg,1893,1925,32
25645.jpg,1893,1900,7
25650.jpg,1893,1890,-3
25655.jpg,1893,1900,7
25660.jpg,1893,1890,-3
25665.jpg,1893,1880,-13
25670.jpg,1893,1875,-18
25675.jpg,1893,1890,-3
25680.jpg,1893,1880,-13
25685.jpg,1893,1890,-3
25690.jpg,1893,1890,-3
25695.jpg,1893,1880,-13
25700.jpg,1893,1905,12
25705.jpg,1893,1920,27
25710.jpg,1893,1890,-3
25715.jpg,1893,1890,-3
25720.jpg,1893,1895,2
25725.jpg,1893,1900,7
25730.jpg,1893,1890,-3
25740.jpg,1893,1890,-3
25745.jpg,1893,1890,-3
25750.jpg,1893,1890,-3
25755.jpg,1893,1889,-4
25760.jpg,1893,1890,-3
25765.jpg,1893,1910,17
25770.jpg,1893,1905,12
25775.jpg,1893,1910,17
25780.jpg,1893,1890,-3
25785.jpg,1893,1925,32
25795.jpg,1893,1906,13
25800.jpg,1893,1890,-3
25805.jpg,1894,1907,13
25810.jpg,1894,1820,-74
25815.jpg,1894,1900,6
25820.jpg,1894,1895,1
25825.jpg,1894,1895,1
25830.jpg,1894,1890,-4
25835.jpg,1894,1895,1
25840.jpg,1894,1891,-3
25845.jpg,1894,1905,11
25850.jpg,1894,1880,-14
25855.jpg,1894,1900,6
25860.jpg,1894,1900,6
25865.jpg,1894,1900,6
25870.jpg,1894,1850,-44
25875.jpg,1894,-1,-1895
25880.jpg,1894,1916,22
25885.jpg,1894,1870,-24
25890.jpg,1894,1890,-4
25895.jpg,1894,1950,56
25900.jpg,1894,1880,-14
25905.jpg,1894,1880,-14
25910.jpg,1894,1900,6
25915.jpg,1894,1900,6
25920.jpg,1894,1875,-19
25925.jpg,1894,1890,-4
25930.jpg,1894,1890,-4
25935.jpg,1894,1890,-4
25940.jpg,1894,1880,-14
25945.jpg,1894,1890,-4
25950.jpg,1894,1920,26
25955.jpg,1894,1890,-4
25960.jpg,1894,1895,1
25965.jpg,1894,1890,-4
25970.jpg,1894,-1,-1895
25975.jpg,1894,1890,-4
25980.jpg,1894,1890,-4
25985.jpg,1894,1910,16
25990.jpg,1894,2000,106
25995.jpg,1894,1890,-4
26000.jpg,1894,1890,-4
26005.jpg,1894,1880,-14
26010.jpg,1894,1890,-4
26015.jpg,1894,1890,-4
26020.jpg,1894,1980,86
26025.jpg,1894,1890,-4
26030.jpg,1894,1890,-4
26035.jpg,1894,1890,-4
26040.jpg,1894,1920,26
26045.jpg,1894,1870,-24
26050.jpg,1894,1890,-4
26055.jpg,1894,1895,1
26060.jpg,1894,1930,36
26065.jpg,1894,1902,8
26070.jpg,1894,1930,36
26075.jpg,1894,1890,-4
26085.jpg,1894,1890,-4
26090.jpg,1894,1920,26
26095.jpg,1894,1945,51
26100.jpg,1894,1895,1
26105.jpg,1894,1860,-34
26110.jpg,1894,1895,1
26115.jpg,1894,1900,6
26120.jpg,1894,1890,-4
26125.jpg,1895,1930,35
26130.jpg,1895,2005,110
26135.jpg,1895,1895,0
26140.jpg,1895,1930,35
26145.jpg,1895,1900,5
26150.jpg,1895,1890,-5
26155.jpg,1895,1900,5
26160.jpg,1895,1893,-2
26165.jpg,1895,1890,-5
26170.jpg,1895,1890,-5
26175.jpg,1895,1920,25
26180.jpg,1895,1985,90
26185.jpg,1895,1890,-5
26190.jpg,1895,1890,-5
26195.jpg,1895,1870,-25
26200.jpg,1895,1920,25
26205.jpg,1895,1860,-35
26210.jpg,1895,1915,20
26215.jpg,1895,1879,-16
26220.jpg,1895,1900,5
26225.jpg,1895,1880,-15
26230.jpg,1895,1880,-15
26235.jpg,1895,1925,30
26240.jpg,1895,1920,25
26245.jpg,1895,1820,-75
26250.jpg,1895,1895,0
26255.jpg,1895,1890,-5
26260.jpg,1895,1880,-15
26265.jpg,1895,1880,-15
26270.jpg,1895,1885,-10
26275.jpg,1895,1890,-5
26280.jpg,1895,1890,-5
26285.jpg,1895,1890,-5
26290.jpg,1895,1890,-5
26295.jpg,1895,1890,-5
26300.jpg,1895,1890,-5
26305.jpg,1895,1890,-5
26310.jpg,1895,-1,-1896
26315.jpg,1895,1875,-20
26320.jpg,1895,1880,-15
26325.jpg,1895,1890,-5
26330.jpg,1895,1890,-5
26335.jpg,1895,1880,-15
26340.jpg,1895,1900,5
26345.jpg,1895,1875,-20
26350.jpg,1895,1895,0
26355.jpg,1895,1910,15
26360.jpg,1895,1890,-5
26365.jpg,1895,1890,-5
26370.jpg,1895,1890,-5
26375.jpg,1895,1880,-15
26380.jpg,1895,1890,-5
26385.jpg,1895,1870,-25
26390.jpg,1895,1890,-5
26395.jpg,1895,1890,-5
26405.jpg,1895,1905,10
26410.jpg,1895,1890,-5
26415.jpg,1895,1885,-10
26420.jpg,1895,1930,35
26425.jpg,1895,1890,-5
26430.jpg,1895,1900,5
26435.jpg,1895,1890,-5
26440.jpg,1895,1920,25
26445.jpg,1895,1900,5
26450.jpg,1895,1910,15
26455.jpg,1895,1890,-5
26460.jpg,1895,1888,-7
26465.jpg,1895,1890,-5
26470.jpg,1895,1900,5
26475.jpg,1895,1870,-25
26480.jpg,1895,1910,15
26485.jpg,1895,1890,-5
26490.jpg,1896,1900,4
26495.jpg,1896,1910,14
26500.jpg,1896,1890,-6
26505.jpg,1896,1890,-6
26510.jpg,1896,1930,34
26515.jpg,1896,1820,-76
26520.jpg,1896,1890,-6
26525.jpg,1896,1905,9
26530.jpg,1896,1930,34
26535.jpg,1896,1910,14
26540.jpg,1896,1890,-6
26545.jpg,1896,1860,-36
26550.jpg,1896,1950,54
26555.jpg,1896,1985,89
26560.jpg,1896,1850,-46
26565.jpg,1896,1960,64
26570.jpg,1896,1930,34
26575.jpg,1896,-1,-1897
26580.jpg,1896,1890,-6
26585.jpg,1896,1900,4
26590.jpg,1896,1885,-11
26595.jpg,1896,1910,14
26600.jpg,1896,1915,19
26605.jpg,1896,1895,-1
26610.jpg,1896,1870,-26
26620.jpg,1896,1875,-21
26625.jpg,1896,1880,-16
26630.jpg,1896,1890,-6
26635.jpg,1896,1890,-6
26640.jpg,1896,1905,9
26645.jpg,1896,1890,-6
26650.jpg,1896,1905,9
26655.jpg,1896,1900,4
26665.jpg,1896,1900,4
26670.jpg,1896,1900,4
26675.jpg,1896,1880,-16
26680.jpg,1896,1890,-6
26685.jpg,1896,1890,-6
26690.jpg,1896,1930,34
26695.jpg,1896,1885,-11
26700.jpg,1896,1890,-6
26705.jpg,1896,1880,-16
26710.jpg,1896,1870,-26
26715.jpg,1896,1885,-11
26720.jpg,1896,1880,-16
26725.jpg,1896,1890,-6
26730.jpg,1896,1890,-6
26735.jpg,1896,1900,4
26740.jpg,1896,1900,4
26745.jpg,1896,1830,-66
26750.jpg,1896,1887,-9
26760.jpg,1896,1875,-21
26765.jpg,1896,1900,4
26770.jpg,1896,1925,29
26775.jpg,1896,1915,19
26780.jpg,1896,1890,-6
26785.jpg,1896,1910,14
26790.jpg,1896,1730,-166
26795.jpg,1896,1890,-6
26800.jpg,1896,1980,84
26805.jpg,1896,1900,4
26810.jpg,1896,1850,-46
26815.jpg,1896,1889,-7
26820.jpg,1896,1880,-16
26825.jpg,1896,1903,7
26830.jpg,1896,1880,-16
26835.jpg,1896,1910,14
26840.jpg,1896,1920,24
26845.jpg,1897,1900,3
26850.jpg,1897,1890,-7
26855.jpg,1897,1890,-7
26860.jpg,1897,1885,-12
26865.jpg,1897,1920,23
26870.jpg,1897,1910,13
26875.jpg,1897,1890,-7
26880.jpg,1897,1900,3
26885.jpg,1897,1900,3
26890.jpg,1897,1880,-17
26895.jpg,1897,1900,3
26900.jpg,1897,1910,13
26910.jpg,1897,1880,-17
26915.jpg,1897,1890,-7
26920.jpg,1897,1900,3
26925.jpg,1897,1980,83
26930.jpg,1897,1870,-27
26935.jpg,1897,1870,-27
26940.jpg,1897,1895,-2
26945.jpg,1897,1920,23
26950.jpg,1897,1890,-7
26955.jpg,1897,1650,-247
26960.jpg,1897,1880,-17
26965.jpg,1897,1890,-7
26970.jpg,1897,1850,-47
26975.jpg,1897,1925,28
26980.jpg,1897,1890,-7
26985.jpg,1897,1890,-7
26990.jpg,1897,1885,-12
26995.jpg,1897,1890,-7
27000.jpg,1897,1925,28
27005.jpg,1897,1890,-7
27010.jpg,1897,1890,-7
27015.jpg,1897,1900,3
27020.jpg,1897,1890,-7
27025.jpg,1897,1900,3
27030.jpg,1897,1890,-7
27035.jpg,1897,1870,-27
27040.jpg,1897,1890,-7
27045.jpg,1897,1900,3
27050.jpg,1897,1920,23
27055.jpg,1897,1890,-7
27060.jpg,1897,1930,33
27065.jpg,1897,1900,3
27070.jpg,1897,1925,28
27075.jpg,1897,1864,-33
27080.jpg,1897,1870,-27
27085.jpg,1897,1889,-8
27090.jpg,1897,1905,8
27095.jpg,1897,1905,8
27100.jpg,1897,1890,-7
27105.jpg,1897,1905,8
27110.jpg,1897,1890,-7
27115.jpg,1897,1900,3
27120.jpg,1897,1822,-75
27125.jpg,1897,1890,-7
27130.jpg,1897,1990,93
27135.jpg,1897,1910,13
27140.jpg,1897,1870,-27
27145.jpg,1897,1890,-7
27150.jpg,1897,1810,-87
27155.jpg,1898,1885,-13
27160.jpg,1898,1907,9
27165.jpg,1898,1890,-8
27170.jpg,1898,1890,-8
27175.jpg,1898,1900,2
27180.jpg,1898,1895,-3
27185.jpg,1898,1920,22
27190.jpg,1898,1900,2
27195.jpg,1898,1930,32
27200.jpg,1898,1985,87
27205.jpg,1898,1902,4
27210.jpg,1898,1900,2
27215.jpg,1898,1930,32
27220.jpg,1898,1880,-18
27225.jpg,1898,1920,22
27230.jpg,1898,1890,-8
27235.jpg,1898,1900,2
27240.jpg,1898,1870,-28
27245.jpg,1898,1910,12
27255.jpg,1898,1850,-48
27260.jpg,1898,1897,-1
27265.jpg,1898,1890,-8
27270.jpg,1898,1900,2
27275.jpg,1898,1880,-18
27280.jpg,1898,1800,-98
27285.jpg,1898,1890,-8
27290.jpg,1898,1890,-8
27295.jpg,1898,1890,-8
27300.jpg,1898,1860,-38
27305.jpg,1898,1910,12
27310.jpg,1898,1930,32
27315.jpg,1898,1890,-8
27320.jpg,1898,1880,-18
27325.jpg,1898,1875,-23
27330.jpg,1898,1900,2
27335.jpg,1898,1890,-8
27340.jpg,1898,1910,12
27345.jpg,1898,1890,-8
27350.jpg,1898,1830,-68
27355.jpg,1898,1895,-3
27360.jpg,1898,1910,12
27365.jpg,1898,1890,-8
27370.jpg,1898,1885,-13
27380.jpg,1898,1895,-3
27385.jpg,1898,1890,-8
27390.jpg,1898,1920,22
27395.jpg,1898,1895,-3
27400.jpg,1898,1900,2
27405.jpg,1898,1890,-8
27410.jpg,1898,1900,2
27415.jpg,1898,1900,2
27420.jpg,1898,1910,12
27425.jpg,1898,1880,-18
27430.jpg,1898,1890,-8
27435.jpg,1898,1880,-18
27440.jpg,1898,1900,2
27445.jpg,1898,1932,34
27450.jpg,1898,1900,2
27455.jpg,1898,1965,67
27465.jpg,1898,1900,2
27470.jpg,1898,1900,2
27475.jpg,1898,-1,-1899
27480.jpg,1898,1915,17
27485.jpg,1898,1890,-8
27490.jpg,1898,1890,-8
27495.jpg,1898,1895,-3
27500.jpg,1898,1890,-8
27505.jpg,1898,1895,-3
27510.jpg,1898,1900,2
27515.jpg,1898,1880,-18
27520.jpg,1898,1895,-3
27525.jpg,1898,1990,92
27530.jpg,1898,1910,12
27540.jpg,1899,1892,-7
27545.jpg,1899,1930,31
27550.jpg,1899,1870,-29
27555.jpg,1899,1890,-9
27560.jpg,1899,1890,-9
27565.jpg,1899,1890,-9
27570.jpg,1899,1850,-49
27575.jpg,1899,1890,-9
27580.jpg,1899,1890,-9
27585.jpg,1899,1895,-4
27590.jpg,1899,-1,-1900
27595.jpg,1899,1890,-9
27600.jpg,1899,1928,29
27605.jpg,1899,1910,11
27610.jpg,1899,1950,51
27615.jpg,1899,1875,-24
27620.jpg,1899,1825,-74
27625.jpg,1899,1885,-14
27630.jpg,1899,1930,31
27635.jpg,1899,1890,-9
27640.jpg,1899,1880,-19
27645.jpg,1899,1930,31
27650.jpg,1899,1880,-19
27655.jpg,1899,1890,-9
27660.jpg,1899,1895,-4
27665.jpg,1899,1880,-19
27670.jpg,1899,1890,-9
27675.jpg,1899,1875,-24
27680.jpg,1899,1890,-9
27685.jpg,1899,1890,-9
27690.jpg,1899,1920,21
27695.jpg,1899,1905,6
27700.jpg,1899,1890,-9
27705.jpg,1899,1900,1
27715.jpg,1899,1895,-4
27720.jpg,1899,1900,1
27725.jpg,1899,1890,-9
27730.jpg,1899,1910,11
27735.jpg,1899,1920,21
27740.jpg,1899,1899,0
27745.jpg,1899,1900,1
27750.jpg,1899,1907,8
27755.jpg,1899,1900,1
27760.jpg,1899,1892,-7
27765.jpg,1899,1890,-9
27770.jpg,1899,1880,-19
27775.jpg,1899,1890,-9
27780.jpg,1899,1920,21
27785.jpg,1899,1890,-9
27790.jpg,1899,1895,-4
27795.jpg,1899,1925,26
27800.jpg,1899,1880,-19
27805.jpg,1899,1890,-9
27810.jpg,1900,1850,-50
27815.jpg,1900,1890,-10
27820.jpg,1900,1903,3
27825.jpg,1900,1888,-12
27830.jpg,1900,1890,-10
27835.jpg,1900,1980,80
27840.jpg,1900,1900,0
27845.jpg,1900,1890,-10
27850.jpg,1900,1900,0
27855.jpg,1900,1890,-10
27860.jpg,1900,1895,-5
27865.jpg,1900,1898,-2
27870.jpg,1900,1890,-10
27875.jpg,1900,1900,0
27880.jpg,1900,1905,5
27885.jpg,1900,1890,-10
27895.jpg,1900,1905,5
27900.jpg,1900,1890,-10
27905.jpg,1900,1890,-10
27910.jpg,1900,1850,-50
27915.jpg,1900,1890,-10
27920.jpg,1900,1929,29
27925.jpg,1900,1930,30
27930.jpg,1900,1925,25
27935.jpg,1900,1930,30
27940.jpg,1900,1900,0
27945.jpg,1900,1880,-20
27950.jpg,1900,1880,-20
27955.jpg,1900,1900,0
27960.jpg,1900,1880,-20
27965.jpg,1900,1930,30
27970.jpg,1900,1890,-10
27975.jpg,1900,1890,-10
27980.jpg,1900,1890,-10
27985.jpg,1900,1920,20
27990.jpg,1900,1890,-10
27995.jpg,1900,1890,-10
28000.jpg,1900,1860,-40
28005.jpg,1900,1900,0
28010.jpg,1900,1900,0
28015.jpg,1900,1840,-60
28020.jpg,1900,1900,0
28025.jpg,1900,1885,-15
28030.jpg,1900,1885,-15
28035.jpg,1900,1870,-30
28040.jpg,1900,1880,-20
28045.jpg,1900,1890,-10
28050.jpg,1900,-1,-1901
28055.jpg,1900,1830,-70
28060.jpg,1900,1905,5
28065.jpg,1900,1870,-30
28070.jpg,1900,1890,-10
28075.jpg,1900,1890,-10
28080.jpg,1900,1905,5
28085.jpg,1900,1890,-10
28090.jpg,1900,1900,0
28095.jpg,1900,1750,-150
28100.jpg,1900,1910,10
28105.jpg,1900,1890,-10
28110.jpg,1900,1890,-10
28115.jpg,1900,1890,-10
28120.jpg,1900,1860,-40
28125.jpg,1900,1864,-36
28130.jpg,1900,1860,-40
28135.jpg,1900,1890,-10
28140.jpg,1900,1893,-7
28145.jpg,1900,1885,-15
28150.jpg,1900,1950,50
28155.jpg,1900,1850,-50
28160.jpg,1900,1925,25
28165.jpg,1900,1930,30
28170.jpg,1900,1898,-2
28175.jpg,1900,1870,-30
28180.jpg,1901,1880,-21
28185.jpg,1901,1910,9
28190.jpg,1901,1893,-8
28195.jpg,1901,1915,14
28200.jpg,1901,1941,40
28205.jpg,1901,1850,-51
28210.jpg,1901,1890,-11
28215.jpg,1901,1890,-11
28220.jpg,1901,1890,-11
28225.jpg,1901,1890,-11
28230.jpg,1901,1905,4
28235.jpg,1901,1890,-11
28240.jpg,1901,1910,9
28245.jpg,1901,1900,-1
28250.jpg,1901,1895,-6
28255.jpg,1901,1890,-11
28260.jpg,1901,1900,-1
28265.jpg,1901,1905,4
28270.jpg,1901,1885,-16
28275.jpg,1901,1920,19
28280.jpg,1901,1900,-1
28285.jpg,1901,1900,-1
28290.jpg,1901,1890,-11
28295.jpg,1901,1901,0
28300.jpg,1901,1850,-51
28305.jpg,1901,1960,59
28310.jpg,1901,1880,-21
28315.jpg,1901,1890,-11
28320.jpg,1901,1880,-21
28325.jpg,1901,1890,-11
28330.jpg,1901,1900,-1
28335.jpg,1901,1910,9
28340.jpg,1901,1890,-11
28345.jpg,1901,1880,-21
28350.jpg,1901,1920,19
28355.jpg,1901,1910,9
28360.jpg,1901,1920,19
28365.jpg,1901,1880,-21
28370.jpg,1901,1820,-81
28375.jpg,1901,-1,-1902
28380.jpg,1901,1890,-11
28385.jpg,1901,1895,-6
28390.jpg,1901,1900,-1
28395.jpg,1901,1890,-11
28400.jpg,1901,1880,-21
28405.jpg,1901,1920,19
28410.jpg,1901,1900,-1
28415.jpg,1901,1890,-11
28420.jpg,1901,1880,-21
28425.jpg,1901,1920,19
28430.jpg,1901,1905,4
28435.jpg,1901,1880,-21
28440.jpg,1901,1900,-1
28445.jpg,1901,-1,-1902
28450.jpg,1901,1920,19
28455.jpg,1901,1880,-21
28460.jpg,1901,1910,9
28465.jpg,1901,1895,-6
28470.jpg,1901,1890,-11
28475.jpg,1901,1900,-1
28480.jpg,1901,1940,39
28485.jpg,1901,1930,29
28490.jpg,1901,1890,-11
28495.jpg,1901,1900,-1
28500.jpg,1901,1910,9
28505.jpg,1901,1930,29
28510.jpg,1901,1918,17
28515.jpg,1901,1890,-11
28520.jpg,1902,-1,-1903
28525.jpg,1902,1900,-2
28530.jpg,1902,1900,-2
28535.jpg,1902,1890,-12
28540.jpg,1902,1935,33
28545.jpg,1902,1970,68
28550.jpg,1902,1935,33
28555.jpg,1902,1890,-12
28560.jpg,1902,1920,18
28575.jpg,1902,1930,28
28580.jpg,1902,1905,3
28585.jpg,1902,1890,-12
28590.jpg,1902,1880,-22
28595.jpg,1902,1875,-27
28600.jpg,1902,1920,18
28605.jpg,1902,1930,28
28610.jpg,1902,1920,18
28615.jpg,1902,1910,8
28620.jpg,1902,1920,18
28625.jpg,1902,1920,18
28630.jpg,1902,1920,18
28635.jpg,1902,1920,18
28640.jpg,1902,1900,-2
28645.jpg,1902,1860,-42
28650.jpg,1902,1848,-54
28655.jpg,1902,1870,-32
28660.jpg,1902,1890,-12
28665.jpg,1902,1880,-22
28670.jpg,1902,1870,-32
28675.jpg,1902,1905,3
28680.jpg,1902,1600,-302
28685.jpg,1902,1880,-22
28690.jpg,1902,1885,-17
28695.jpg,1902,1890,-12
28700.jpg,1902,1890,-12
28705.jpg,1902,1900,-2
28710.jpg,1902,1880,-22
28715.jpg,1902,1890,-12
28720.jpg,1902,1900,-2
28725.jpg,1902,1920,18
28730.jpg,1902,1920,18
28735.jpg,1902,1910,8
28740.jpg,1902,1890,-12
28745.jpg,1902,1935,33
28750.jpg,1902,1905,3
28755.jpg,1902,1890,-12
28760.jpg,1902,1909,7
28765.jpg,1902,1870,-32
28770.jpg,1902,1880,-22
28775.jpg,1902,1890,-12
28780.jpg,1902,1890,-12
28785.jpg,1902,1895,-7
28790.jpg,1902,1890,-12
28795.jpg,1902,1890,-12
28800.jpg,1902,1910,8
28805.jpg,1902,1880,-22
28810.jpg,1902,1870,-32
28815.jpg,1902,1890,-12
28820.jpg,1902,1890,-12
28825.jpg,1902,1900,-2
28830.jpg,1902,1890,-12
28835.jpg,1902,1890,-12
28840.jpg,1902,1920,18
28845.jpg,1902,1890,-12
28850.jpg,1902,1897,-5
28855.jpg,1902,1900,-2
28860.jpg,1902,1890,-12
28865.jpg,1902,1900,-2
28870.jpg,1902,1925,23
28875.jpg,1902,1976,74
28880.jpg,1902,1890,-12
28885.jpg,1902,1774,-128
28890.jpg,1902,1900,-2
28895.jpg,1902,1890,-12
28900.jpg,1902,1985,83
28905.jpg,1902,1905,3
28910.jpg,1902,1905,3
28915.jpg,1902,1880,-22
28920.jpg,1903,1868,-35
28925.jpg,1903,1910,7
28930.jpg,1903,1910,7
28935.jpg,1903,1910,7
28940.jpg,1903,1905,2
28945.jpg,1903,1905,2
28955.jpg,1903,1915,12
28960.jpg,1903,1890,-13
28965.jpg,1903,1890,-13
28970.jpg,1903,1895,-8
28975.jpg,1903,1860,-43
28980.jpg,1903,1890,-13
28985.jpg,1903,1895,-8
28990.jpg,1903,1925,22
28995.jpg,1903,1960,57
29000.jpg,1903,1915,12
29005.jpg,1903,1890,-13
29010.jpg,1903,1900,-3
29015.jpg,1903,1925,22
29020.jpg,1903,1895,-8
29025.jpg,1903,1890,-13
29030.jpg,1903,1910,7
29035.jpg,1903,1900,-3
29040.jpg,1903,1920,17
29045.jpg,1903,1890,-13
29050.jpg,1903,2010,107
29055.jpg,1903,1920,17
29060.jpg,1903,1910,7
29065.jpg,1903,1890,-13
29070.jpg,1903,1900,-3
29075.jpg,1903,1970,67
29080.jpg,1903,1993,90
29085.jpg,1903,1861,-42
29090.jpg,1903,1875,-28
29095.jpg,1903,1850,-53
29100.jpg,1903,1960,57
29105.jpg,1903,1900,-3
29110.jpg,1903,1930,27
29115.jpg,1903,1880,-23
29120.jpg,1903,1900,-3
29125.jpg,1903,1890,-13
29130.jpg,1903,1890,-13
29135.jpg,1903,1890,-13
29140.jpg,1903,1900,-3
29145.jpg,1903,1935,32
29150.jpg,1903,1900,-3
29155.jpg,1903,1905,2
29160.jpg,1903,1885,-18
29165.jpg,1903,1890,-13
29170.jpg,1903,1920,17
29175.jpg,1903,1900,-3
29180.jpg,1903,1920,17
29185.jpg,1903,1920,17
29190.jpg,1903,1900,-3
29195.jpg,1903,1870,-33
29200.jpg,1903,1910,7
29205.jpg,1903,1910,7
29210.jpg,1903,1600,-303
29215.jpg,1903,1895,-8
29220.jpg,1903,1890,-13
29225.jpg,1903,1890,-13
29230.jpg,1903,1890,-13
29235.jpg,1903,1850,-53
29240.jpg,1903,1920,17
29245.jpg,1903,1920,17
29250.jpg,1903,1933,30
29255.jpg,1903,1900,-3
29260.jpg,1903,1920,17
29265.jpg,1903,1930,27
29270.jpg,1903,1910,7
29275.jpg,1903,1930,27
29280.jpg,1903,1900,-3
29285.jpg,1903,1890,-13
29290.jpg,1903,1900,-3
29295.jpg,1903,1890,-13
29300.jpg,1903,-1,-1904
29305.jpg,1903,1895,-8
29310.jpg,1903,1870,-33
29315.jpg,1903,1930,27
29320.jpg,1903,1930,27
29325.jpg,1903,1930,27
29330.jpg,1903,1930,27
29335.jpg,1903,1900,-3
29340.jpg,1903,1840,-63
29345.jpg,1903,1910,7
29350.jpg,1903,1937,34
29355.jpg,1903,1920,17
29360.jpg,1903,1890,-13
29365.jpg,1903,1985,82
29370.jpg,1903,1920,17
29375.jpg,1903,1885,-18
29380.jpg,1904,1850,-54
29385.jpg,1904,1889,-15
29390.jpg,1904,1893,-11
29395.jpg,1904,2000,96
29400.jpg,1904,1910,6
29405.jpg,1904,1912,8
29410.jpg,1904,1980,76
29415.jpg,1904,1925,21
29420.jpg,1904,1890,-14
29425.jpg,1904,1900,-4
29430.jpg,1904,1890,-14
29435.jpg,1904,1880,-24
29440.jpg,1904,1920,16
29445.jpg,1904,1905,1
29450.jpg,1904,1905,1
29455.jpg,1904,1920,16
29460.jpg,1904,1870,-34
29465.jpg,1904,1950,46
29470.jpg,1904,2005,101
29475.jpg,1904,1830,-74
29480.jpg,1904,2015,111
29485.jpg,1904,1900,-4
29490.jpg,1904,1910,6
29495.jpg,1904,1890,-14
29500.jpg,1904,1985,81
29505.jpg,1904,1890,-14
29510.jpg,1904,1905,1
29515.jpg,1904,1895,-9
29520.jpg,1904,1905,1
29525.jpg,1904,1915,11
29530.jpg,1904,1910,6
29535.jpg,1904,1860,-44
29540.jpg,1904,1890,-14
29550.jpg,1904,1835,-69
29555.jpg,1904,1931,27
29560.jpg,1904,1930,26
29565.jpg,1904,1893,-11
29570.jpg,1904,1850,-54
29575.jpg,1904,1950,46
29580.jpg,1904,1880,-24
29585.jpg,1904,1900,-4
29590.jpg,1904,1890,-14
29595.jpg,1904,1830,-74
29600.jpg,1904,1910,6
29605.jpg,1904,1905,1
29610.jpg,1904,1890,-14
29615.jpg,1904,1920,16
29620.jpg,1904,1900,-4
29625.jpg,1904,1890,-14
29630.jpg,1904,1905,1
29635.jpg,1904,1886,-18
29640.jpg,1904,1860,-44
29645.jpg,1904,1880,-24
29650.jpg,1904,1920,16
29655.jpg,1904,1890,-14
29660.jpg,1904,1920,16
29665.jpg,1904,1930,26
29670.jpg,1904,1890,-14
29675.jpg,1904,1920,16
29680.jpg,1904,1900,-4
29685.jpg,1904,1880,-24
29690.jpg,1904,1920,16
29695.jpg,1904,1930,26
29700.jpg,1904,1900,-4
29705.jpg,1904,1880,-24
29710.jpg,1904,1890,-14
29715.jpg,1904,1900,-4
29720.jpg,1904,1910,6
29725.jpg,1904,1950,46
29730.jpg,1904,1890,-14
29735.jpg,1904,1825,-79
29740.jpg,1904,1910,6
29745.jpg,1904,1925,21
29750.jpg,1904,1890,-14
29755.jpg,1904,1880,-24
29760.jpg,1904,1920,16
29765.jpg,1904,1870,-34
29770.jpg,1904,1910,6
29775.jpg,1904,1975,71
29780.jpg,1904,1904,0
29790.jpg,1904,1900,-4
29795.jpg,1904,1890,-14
29800.jpg,1904,1890,-14
29805.jpg,1904,1890,-14
29810.jpg,1904,1880,-24
29815.jpg,1904,1895,-9
29820.jpg,1904,1905,1
29825.jpg,1904,1900,-4
29830.jpg,1905,1900,-5
29835.jpg,1905,1975,70
29840.jpg,1905,1905,0
29845.jpg,1905,1900,-5
29850.jpg,1905,1975,70
29855.jpg,1905,1913,8
29860.jpg,1905,2005,100
29865.jpg,1905,1900,-5
29870.jpg,1905,1860,-45
29875.jpg,1905,1880,-25
29880.jpg,1905,1890,-15
29885.jpg,1905,1910,5
29890.jpg,1905,1870,-35
29895.jpg,1905,1895,-10
29900.jpg,1905,1925,20
29905.jpg,1905,1910,5
29910.jpg,1905,1908,3
29915.jpg,1905,1900,-5
29920.jpg,1905,1900,-5
29925.jpg,1905,1910,5
29930.jpg,1905,1890,-15
29935.jpg,1905,1915,10
29940.jpg,1905,-1,-1906
29945.jpg,1905,1910,5
29950.jpg,1905,1920,15
29960.jpg,1905,1920,15
29965.jpg,1905,1890,-15
29970.jpg,1905,1890,-15
29975.jpg,1905,1900,-5
29980.jpg,1905,1925,20
29985.jpg,1905,1900,-5
29990.jpg,1905,1881,-24
29995.jpg,1905,1890,-15
30000.jpg,1905,1880,-25
30005.jpg,1905,1910,5
30015.jpg,1905,1870,-35
30020.jpg,1905,1970,65
30025.jpg,1905,1890,-15
30030.jpg,1905,1870,-35
30035.jpg,1905,1930,25
30040.jpg,1905,1950,45
30045.jpg,1905,1620,-285
30050.jpg,1905,1900,-5
30055.jpg,1905,1930,25
30060.jpg,1905,1895,-10
30065.jpg,1905,1895,-10
30070.jpg,1905,1910,5
30075.jpg,1905,1890,-15
30080.jpg,1905,1890,-15
30085.jpg,1905,1930,25
30090.jpg,1905,1890,-15
30095.jpg,1905,1890,-15
30100.jpg,1905,1750,-155
30105.jpg,1905,1890,-15
30110.jpg,1905,1930,25
30115.jpg,1905,1870,-35
30120.jpg,1905,1890,-15
30125.jpg,1905,1890,-15
30130.jpg,1905,1900,-5
30135.jpg,1905,1910,5
30140.jpg,1905,1910,5
30145.jpg,1905,1890,-15
30155.jpg,1905,1890,-15
30160.jpg,1905,1930,25
30165.jpg,1905,1820,-85
30170.jpg,1905,1900,-5
30175.jpg,1905,1900,-5
30180.jpg,1905,1940,35
30185.jpg,1905,1925,20
30190.jpg,1905,1910,5
30195.jpg,1905,1880,-25
30200.jpg,1905,1925,20
30205.jpg,1905,2005,100
30210.jpg,1905,1600,-305
30215.jpg,1905,1900,-5
30220.jpg,1905,1900,-5
30225.jpg,1905,1895,-10
30230.jpg,1905,1950,45
30235.jpg,1905,1880,-25
30240.jpg,1905,1870,-35
30245.jpg,1905,1900,-5
30250.jpg,1905,1890,-15
30255.jpg,1905,1900,-5
30260.jpg,1905,1895,-10
30265.jpg,1905,1925,20
30270.jpg,1905,1990,85
30275.jpg,1905,1920,15
30280.jpg,1905,1900,-5
30285.jpg,1905,1920,15
30290.jpg,1905,1910,5
30295.jpg,1906,1905,-1
30300.jpg,1906,1890,-16
30305.jpg,1906,1930,24
30310.jpg,1906,1908,2
30315.jpg,1906,1920,14
30320.jpg,1906,1971,65
30325.jpg,1906,1900,-6
30330.jpg,1906,1910,4
30335.jpg,1906,1930,24
30340.jpg,1906,1900,-6
30345.jpg,1906,1870,-36
30350.jpg,1906,1930,24
30355.jpg,1906,1900,-6
30360.jpg,1906,1910,4
30365.jpg,1906,1908,2
30370.jpg,1906,1905,-1
30375.jpg,1906,1929,23
30380.jpg,1906,1930,24
30385.jpg,1906,1895,-11
30390.jpg,1906,1890,-16
30395.jpg,1906,1890,-16
30400.jpg,1906,1930,24
30405.jpg,1906,1905,-1
30410.jpg,1906,1890,-16
30415.jpg,1906,1920,14
30420.jpg,1906,1930,24
30425.jpg,1906,1920,14
30430.jpg,1906,1910,4
30435.jpg,1906,1900,-6
30440.jpg,1906,1965,59
30445.jpg,1906,1831,-75
30450.jpg,1906,1848,-58
30455.jpg,1906,1875,-31
30460.jpg,1906,1900,-6
30465.jpg,1906,1903,-3
30470.jpg,1906,1880,-26
30475.jpg,1906,1890,-16
30480.jpg,1906,1910,4
30485.jpg,1906,1900,-6
30490.jpg,1906,1830,-76
30495.jpg,1906,1890,-16
30500.jpg,1906,1925,19
30505.jpg,1906,1920,14
30510.jpg,1906,1900,-6
30515.jpg,1906,1925,19
30520.jpg,1906,1925,19
30525.jpg,1906,1890,-16
30530.jpg,1906,1890,-16
30535.jpg,1906,1890,-16
30540.jpg,1906,1820,-86
30545.jpg,1906,1939,33
30550.jpg,1906,1875,-31
30555.jpg,1906,1925,19
30560.jpg,1906,1900,-6
30565.jpg,1906,1910,4
30570.jpg,1906,1920,14
30575.jpg,1906,1930,24
30580.jpg,1906,1930,24
30585.jpg,1906,1900,-6
30590.jpg,1906,1890,-16
30595.jpg,1906,1925,19
30600.jpg,1906,1890,-16
30605.jpg,1906,1905,-1
30610.jpg,1906,1890,-16
30615.jpg,1906,1930,24
30620.jpg,1906,1880,-26
30625.jpg,1906,1890,-16
30630.jpg,1906,1900,-6
30635.jpg,1906,1930,24
30640.jpg,1906,1910,4
30645.jpg,1906,1930,24
30650.jpg,1906,1830,-76
30655.jpg,1906,1880,-26
30665.jpg,1906,1890,-16
30670.jpg,1906,1900,-6
30685.jpg,1906,1900,-6
30690.jpg,1906,1925,19
30695.jpg,1906,1920,14
30700.jpg,1906,1920,14
30705.jpg,1906,1920,14
30710.jpg,1906,1930,24
30715.jpg,1906,1975,69
30720.jpg,1906,1910,4
30725.jpg,1906,1920,14
30730.jpg,1906,1870,-36
30740.jpg,1906,-1,-1907
30745.jpg,1906,1887,-19
30750.jpg,1906,1900,-6
30760.jpg,1907,1914,7
30765.jpg,1907,1930,23
30770.jpg,1907,1900,-7
30780.jpg,1907,1955,48
30785.jpg,1907,1925,18
30790.jpg,1907,1985,78
30795.jpg,1907,1870,-37
30800.jpg,1907,1895,-12
30805.jpg,1907,1880,-27
30810.jpg,1907,1900,-7
30815.jpg,1907,1930,23
30820.jpg,1907,1930,23
30825.jpg,1907,1920,13
30830.jpg,1907,1910,3
30835.jpg,1907,1907,0
30840.jpg,1907,1905,-2
30845.jpg,1907,1925,18
30855.jpg,1907,1895,-12
30860.jpg,1907,1905,-2
30865.jpg,1907,1925,18
30870.jpg,1907,-1,-1908
30875.jpg,1907,1905,-2
30880.jpg,1907,1920,13
30885.jpg,1907,1890,-17
30895.jpg,1907,1920,13
30900.jpg,1907,1885,-22
30905.jpg,1907,1905,-2
30910.jpg,1907,1995,88
30915.jpg,1907,1920,13
30920.jpg,1907,1970,63
30925.jpg,1907,1950,43
30930.jpg,1907,1875,-32
30935.jpg,1907,1950,43
30940.jpg,1907,1985,78
30945.jpg,1907,1930,23
30950.jpg,1907,1850,-57
30955.jpg,1907,1850,-57
30960.jpg,1907,1890,-17
30965.jpg,1907,1930,23
30970.jpg,1907,1920,13
30975.jpg,1907,1910,3
30980.jpg,1907,1900,-7
30985.jpg,1907,1925,18
30990.jpg,1907,1920,13
30995.jpg,1907,1930,23
31000.jpg,1907,1890,-17
31005.jpg,1907,1880,-27
31010.jpg,1907,1900,-7
31015.jpg,1907,1920,13
31020.jpg,1907,1885,-22
31025.jpg,1907,1905,-2
31030.jpg,1907,1870,-37
31035.jpg,1907,1895,-12
31040.jpg,1907,1908,1
31045.jpg,1907,1890,-17
31050.jpg,1907,1900,-7
31055.jpg,1907,1820,-87
31060.jpg,1907,1890,-17
31065.jpg,1907,1885,-22
31070.jpg,1907,1910,3
31075.jpg,1907,1910,3
31080.jpg,1907,1920,13
31085.jpg,1907,1920,13
31090.jpg,1907,1895,-12
31095.jpg,1907,1890,-17
31100.jpg,1907,1933,26
31105.jpg,1907,1900,-7
31110.jpg,1907,1920,13
31115.jpg,1907,1890,-17
31120.jpg,1907,1900,-7
31125.jpg,1907,1890,-17
31130.jpg,1907,1920,13
31135.jpg,1907,1910,3
31140.jpg,1907,1900,-7
31150.jpg,1907,1890,-17
31155.jpg,1907,1920,13
31160.jpg,1907,1910,3
31165.jpg,1907,1920,13
31170.jpg,1907,1930,23
31175.jpg,1907,1925,18
31180.jpg,1907,1920,13
31185.jpg,1907,1930,23
31190.jpg,1907,1970,63
31195.jpg,1907,1900,-7
31200.jpg,1907,1930,23
31205.jpg,1907,1930,23
31210.jpg,1907,1890,-17
31215.jpg,1907,1930,23
31220.jpg,1907,1880,-27
31225.jpg,1907,1895,-12
31230.jpg,1907,1923,16
31235.jpg,1907,1850,-57
31240.jpg,1907,1890,-17
31245.jpg,1907,1890,-17
31250.jpg,1907,1900,-7
31255.jpg,1907,1884,-23
31260.jpg,1907,1925,18
31265.jpg,1907,1910,3
31270.jpg,1907,1930,23
31275.jpg,1907,1890,-17
31280.jpg,1907,1900,-7
31285.jpg,1907,1975,68
31290.jpg,1907,1920,13
31295.jpg,1907,1920,13
31300.jpg,1907,1955,48
31305.jpg,1907,1920,13
31310.jpg,1908,1900,-8
31315.jpg,1908,1910,2
31320.jpg,1908,1937,29
31325.jpg,1908,1905,-3
31330.jpg,1908,1850,-58
31335.jpg,1908,1920,12
31345.jpg,1908,1970,62
31350.jpg,1908,1920,12
31355.jpg,1908,1900,-8
31360.jpg,1908,1920,12
31365.jpg,1908,1910,2
31370.jpg,1908,1925,17
31380.jpg,1908,1820,-88
31385.jpg,1908,1910,2
31390.jpg,1908,-1,-1909
31395.jpg,1908,1900,-8
31400.jpg,1908,1915,7
31405.jpg,1908,1920,12
31410.jpg,1908,1909,1
31415.jpg,1908,1930,22
31420.jpg,1908,1870,-38
31425.jpg,1908,1930,22
31430.jpg,1908,1905,-3
31435.jpg,1908,1930,22
31440.jpg,1908,1880,-28
31445.jpg,1908,1905,-3
31450.jpg,1908,1920,12
31455.jpg,1908,1920,12
31460.jpg,1908,1880,-28
31465.jpg,1908,1910,2
31470.jpg,1908,1870,-38
31475.jpg,1908,1900,-8
31480.jpg,1908,1870,-38
31485.jpg,1908,1877,-31
31490.jpg,1908,1868,-40
31500.jpg,1908,1920,12
31505.jpg,1908,1900,-8
31510.jpg,1908,1890,-18
31515.jpg,1908,1890,-18
31520.jpg,1908,1880,-28
31525.jpg,1908,1890,-18
31530.jpg,1908,1950,42
31535.jpg,1908,1910,2
31540.jpg,1908,1900,-8
31545.jpg,1908,1910,2
31550.jpg,1908,1890,-18
31555.jpg,1908,1880,-28
31560.jpg,1908,1890,-18
31565.jpg,1908,1820,-88
31570.jpg,1908,1720,-188
31575.jpg,1908,1790,-118
31580.jpg,1908,1925,17
31585.jpg,1908,1890,-18
31590.jpg,1908,1910,2
31595.jpg,1908,1905,-3
31600.jpg,1908,1890,-18
31605.jpg,1908,1985,77
31610.jpg,1908,1895,-13
31620.jpg,1908,1930,22
31625.jpg,1908,1920,12
31630.jpg,1908,1890,-18
31635.jpg,1908,1925,17
31640.jpg,1908,1910,2
31645.jpg,1908,1925,17
31650.jpg,1908,1950,42
31655.jpg,1908,1910,2
31660.jpg,1908,1975,67
31665.jpg,1908,1880,-28
31670.jpg,1908,1885,-23
31675.jpg,1908,1905,-3
31680.jpg,1908,1750,-158
31685.jpg,1908,1905,-3
31690.jpg,1908,1920,12
31695.jpg,1908,1905,-3
31700.jpg,1908,1930,22
31705.jpg,1908,1890,-18
31710.jpg,1908,1900,-8
31715.jpg,1908,1890,-18
31720.jpg,1908,1920,12
31725.jpg,1908,1920,12
31730.jpg,1908,1900,-8
31735.jpg,1908,1920,12
31740.jpg,1908,2000,92
31745.jpg,1908,1875,-33
31750.jpg,1908,1925,17
31755.jpg,1908,1890,-18
31760.jpg,1908,1910,2
31765.jpg,1909,1900,-9
31770.jpg,1909,1915,6
31775.jpg,1909,1900,-9
31780.jpg,1909,1890,-19
31785.jpg,1909,1920,11
31790.jpg,1909,1985,76
31805.jpg,1909,1960,51
31815.jpg,1909,1920,11
31820.jpg,1909,1950,41
31825.jpg,1909,1930,21
31830.jpg,1909,1900,-9
31835.jpg,1909,1930,21
31840.jpg,1909,1900,-9
31845.jpg,1909,1920,11
31850.jpg,1909,1900,-9
31855.jpg,1909,1900,-9
31860.jpg,1909,1900,-9
31865.jpg,1909,1906,-3
31870.jpg,1909,1910,1
31875.jpg,1909,1910,1
31880.jpg,1909,1910,1
31885.jpg,1909,1908,-1
31890.jpg,1909,1910,1
31895.jpg,1909,1929,20
31900.jpg,1909,1900,-9
31905.jpg,1909,1890,-19
31910.jpg,1909,1910,1
31915.jpg,1909,1890,-19
31920.jpg,1909,1900,-9
31925.jpg,1909,1980,71
31930.jpg,1909,1890,-19
31935.jpg,1909,1920,11
31940.jpg,1909,1890,-19
31945.jpg,1909,1900,-9
31950.jpg,1909,1886,-23
31955.jpg,1909,1910,1
31960.jpg,1909,1958,49
31970.jpg,1909,1880,-29
31975.jpg,1909,1900,-9
31980.jpg,1909,1920,11
31985.jpg,1909,1885,-24
31990.jpg,1909,1890,-19
31995.jpg,1909,1930,21
32005.jpg,1909,1820,-89
32015.jpg,1909,-1,-1910
32020.jpg,1909,1895,-14
32025.jpg,1909,1890,-19
32030.jpg,1909,1895,-14
32035.jpg,1909,1890,-19
32045.jpg,1909,1905,-4
32050.jpg,1909,1915,6
32055.jpg,1909,1920,11
32060.jpg,1909,1950,41
32065.jpg,1909,1920,11
32070.jpg,1909,1920,11
32075.jpg,1909,1920,11
32080.jpg,1909,1890,-19
32085.jpg,1909,1925,16
32090.jpg,1909,1910,1
32095.jpg,1909,1900,-9
32100.jpg,1909,1920,11
32105.jpg,1909,1930,21
32110.jpg,1909,1950,41
32115.jpg,1909,1920,11
32120.jpg,1909,1930,21
32125.jpg,1909,1910,1
32130.jpg,1909,1920,11
32135.jpg,1909,1920,11
32140.jpg,1909,1905,-4
32145.jpg,1909,1890,-19
32150.jpg,1909,1850,-59
32155.jpg,1909,1920,11
32160.jpg,1909,1890,-19
32165.jpg,1909,1905,-4
32170.jpg,1909,1900,-9
32175.jpg,1909,1920,11
32180.jpg,1909,1910,1
32185.jpg,1909,1900,-9
32190.jpg,1909,1903,-6
32195.jpg,1909,1900,-9
32200.jpg,1909,1925,16
32205.jpg,1909,1930,21
32210.jpg,1909,1900,-9
32215.jpg,1909,1890,-19
32220.jpg,1909,1920,11
32225.jpg,1909,1930,21
32230.jpg,1910,1750,-160
32235.jpg,1910,1910,0
32240.jpg,1910,1905,-5
32245.jpg,1910,1933,23
32255.jpg,1910,1920,10
32260.jpg,1910,1930,20
32265.jpg,1910,1985,75
32270.jpg,1910,1985,75
32275.jpg,1910,1990,80
32280.jpg,1910,1925,15
32285.jpg,1910,1870,-40
32290.jpg,1910,1890,-20
32295.jpg,1910,1900,-10
32300.jpg,1910,1850,-60
32305.jpg,1910,-1,-1911
32310.jpg,1910,1895,-15
32315.jpg,1910,1900,-10
32320.jpg,1910,1880,-30
32325.jpg,1910,1915,5
32330.jpg,1910,1915,5
32335.jpg,1910,1907,-3
32340.jpg,1910,1810,-100
32345.jpg,1910,1900,-10
32350.jpg,1910,1850,-60
32355.jpg,1910,1930,20
32360.jpg,1910,1960,50
32365.jpg,1910,1920,10
32370.jpg,1910,1950,40
32375.jpg,1910,1920,10
32380.jpg,1910,1920,10
32385.jpg,1910,1975,65
32390.jpg,1910,1924,14
32395.jpg,1910,1884,-26
32400.jpg,1910,1873,-37
32405.jpg,1910,1870,-40
32410.jpg,1910,1935,25
32415.jpg,1910,1870,-40
32420.jpg,1910,1900,-10
32425.jpg,1910,1900,-10
32430.jpg,1910,1890,-20
32435.jpg,1910,1890,-20
32440.jpg,1910,1900,-10
32445.jpg,1910,1880,-30
32450.jpg,1910,1910,0
32455.jpg,1910,1835,-75
32460.jpg,1910,1910,0
32465.jpg,1910,1915,5
32470.jpg,1910,1880,-30
32475.jpg,1910,1890,-20
32480.jpg,1910,1900,-10
32485.jpg,1910,1925,15
32490.jpg,1910,1880,-30
32495.jpg,1910,1890,-20
32500.jpg,1910,1930,20
32505.jpg,1910,1925,15
32510.jpg,1910,1890,-20
32515.jpg,1910,1910,0
32520.jpg,1910,1925,15
32525.jpg,1910,1890,-20
32530.jpg,1910,2010,100
32535.jpg,1910,1920,10
32540.jpg,1910,1930,20
32545.jpg,1910,1925,15
32550.jpg,1910,1905,-5
32555.jpg,1910,1920,10
32560.jpg,1910,1920,10
32565.jpg,1910,1925,15
32570.jpg,1910,1880,-30
32575.jpg,1910,1890,-20
32580.jpg,1910,1925,15
32585.jpg,1910,1925,15
32590.jpg,1910,1890,-20
32595.jpg,1910,1890,-20
32600.jpg,1910,1900,-10
32605.jpg,1910,1520,-390
32610.jpg,1910,1920,10
32615.jpg,1910,1930,20
32620.jpg,1910,1920,10
32625.jpg,1910,1930,20
32630.jpg,1910,1925,15
32635.jpg,1910,1910,0
32640.jpg,1910,1920,10
32645.jpg,1910,1915,5
32650.jpg,1910,1930,20
32655.jpg,1910,1920,10
32660.jpg,1910,1905,-5
32665.jpg,1910,1895,-15
32675.jpg,1910,1920,10
32680.jpg,1910,1920,10
32685.jpg,1910,1920,10
32690.jpg,1910,1925,15
32695.jpg,1910,1930,20
32700.jpg,1910,1920,10
32705.jpg,1910,1880,-30
32710.jpg,1910,1910,0
32715.jpg,1910,1930,20
32720.jpg,1910,1900,-10
32725.jpg,1910,1910,0
32730.jpg,1910,1930,20
32735.jpg,1910,1850,-60
32740.jpg,1911,1905,-6
32745.jpg,1911,1920,9
32750.jpg,1911,1914,3
32755.jpg,1911,1930,19
32760.jpg,1911,1905,-6
32765.jpg,1911,1908,-3
32770.jpg,1911,1904,-7
32775.jpg,1911,1925,14
32780.jpg,1911,1950,39
32785.jpg,1911,1990,79
32790.jpg,1911,1880,-31
32795.jpg,1911,1913,2
32800.jpg,1911,1850,-61
32805.jpg,1911,1890,-21
32810.jpg,1911,1900,-11
32815.jpg,1911,1990,79
32820.jpg,1911,1923,12
32825.jpg,1911,1930,19
32830.jpg,1911,1920,9
32835.jpg,1911,1900,-11
32840.jpg,1911,1980,69
32845.jpg,1911,1875,-36
32850.jpg,1911,1927,16
32855.jpg,1911,1930,19
32860.jpg,1911,1965,54
32865.jpg,1911,1910,-1
32870.jpg,1911,1930,19
32875.jpg,1911,1920,9
32885.jpg,1911,1890,-21
32890.jpg,1911,1925,14
32895.jpg,1911,1900,-11
32900.jpg,1911,1890,-21
32905.jpg,1911,1900,-11
32910.jpg,1911,1862,-49
32915.jpg,1911,1890,-21
32920.jpg,1911,1905,-6
32925.jpg,1911,1910,-1
32930.jpg,1911,1910,-1
32935.jpg,1911,1965,54
32940.jpg,1911,1910,-1
32945.jpg,1911,1920,9
32950.jpg,1911,2005,94
32955.jpg,1911,1911,0
32960.jpg,1911,1928,17
32965.jpg,1911,1935,24
32970.jpg,1911,1855,-56
32975.jpg,1911,1890,-21
32980.jpg,1911,1890,-21
32985.jpg,1911,1905,-6
32990.jpg,1911,1880,-31
32995.jpg,1911,1890,-21
33000.jpg,1911,1920,9
33005.jpg,1911,1750,-161
33010.jpg,1911,1920,9
33015.jpg,1911,1895,-16
33020.jpg,1911,1930,19
33025.jpg,1911,1920,9
33030.jpg,1911,1890,-21
33035.jpg,1911,1970,59
33040.jpg,1911,1900,-11
33045.jpg,1911,1900,-11
33050.jpg,1911,1970,59
33055.jpg,1911,1920,9
33060.jpg,1911,1925,14
33065.jpg,1911,1870,-41
33070.jpg,1911,1880,-31
33075.jpg,1911,1910,-1
33080.jpg,1911,1905,-6
33085.jpg,1911,1900,-11
33090.jpg,1911,-1,-1912
33095.jpg,1911,1880,-31
33100.jpg,1911,1560,-351
33105.jpg,1911,1890,-21
33110.jpg,1911,1910,-1
33115.jpg,1911,1909,-2
33120.jpg,1911,1900,-11
33125.jpg,1911,1936,25
33130.jpg,1911,1890,-21
33135.jpg,1911,1930,19
33140.jpg,1911,1890,-21
33145.jpg,1911,1870,-41
33150.jpg,1911,1600,-311
33155.jpg,1911,1965,54
33160.jpg,1911,1930,19
33165.jpg,1911,1920,9
33170.jpg,1911,1925,14
33175.jpg,1911,1920,9
33180.jpg,1911,1930,19
33185.jpg,1911,1911,0
33190.jpg,1911,1900,-11
33195.jpg,1911,2000,89
33200.jpg,1911,1900,-11
33205.jpg,1911,1890,-21
33210.jpg,1911,1885,-26
33215.jpg,1911,1895,-16
33220.jpg,1911,1925,14
33225.jpg,1911,1940,29
33230.jpg,1911,1890,-21
33235.jpg,1911,1890,-21
33240.jpg,1911,1821,-90
33245.jpg,1911,1927,16
33250.jpg,1911,1930,19
33255.jpg,1911,1850,-61
33260.jpg,1911,1930,19
33265.jpg,1911,1890,-21
33270.jpg,1911,1890,-21
33275.jpg,1911,1920,9
33280.jpg,1912,1930,18
33285.jpg,1912,1910,-2
33290.jpg,1912,1880,-32
33295.jpg,1912,1890,-22
33300.jpg,1912,1895,-17
33310.jpg,1912,1965,53
33315.jpg,1912,1975,63
33320.jpg,1912,1978,66
33325.jpg,1912,1930,18
33330.jpg,1912,1920,8
33335.jpg,1912,1960,48
33340.jpg,1912,1920,8
33345.jpg,1912,1880,-32
33350.jpg,1912,1870,-42
33355.jpg,1912,1930,18
33360.jpg,1912,1930,18
33365.jpg,1912,1915,3
33375.jpg,1912,1928,16
33380.jpg,1912,1930,18
33385.jpg,1912,1890,-22
33390.jpg,1912,1910,-2
33395.jpg,1912,1965,53
33400.jpg,1912,1931,19
33405.jpg,1912,1985,73
33410.jpg,1912,1880,-32
33415.jpg,1912,1925,13
33420.jpg,1912,1910,-2
33425.jpg,1912,1895,-17
33430.jpg,1912,1930,18
33435.jpg,1912,-1,-1913
33440.jpg,1912,1920,8
33445.jpg,1912,1920,8
33450.jpg,1912,1925,13
33455.jpg,1912,1920,8
33460.jpg,1912,1920,8
33465.jpg,1912,1900,-12
33470.jpg,1912,1900,-12
33475.jpg,1912,1890,-22
33480.jpg,1912,1912,0
33485.jpg,1912,1970,58
33490.jpg,1912,1890,-22
33495.jpg,1912,1905,-7
33500.jpg,1912,1950,38
33505.jpg,1912,1850,-62
33510.jpg,1912,1930,18
33515.jpg,1912,1920,8
33520.jpg,1912,1910,-2
33525.jpg,1912,1920,8
33530.jpg,1912,1890,-22
33535.jpg,1912,1890,-22
33540.jpg,1912,1895,-17
33545.jpg,1912,1925,13
33550.jpg,1912,1930,18
33555.jpg,1912,1905,-7
33560.jpg,1912,1900,-12
33565.jpg,1912,1925,13
33570.jpg,1912,1920,8
33580.jpg,1912,1750,-162
33585.jpg,1912,1920,8
33590.jpg,1912,1900,-12
33595.jpg,1912,1890,-22
33600.jpg,1912,1903,-9
33605.jpg,1912,1925,13
33615.jpg,1912,1900,-12
33620.jpg,1912,1925,13
33625.jpg,1912,1885,-27
33630.jpg,1912,1890,-22
33635.jpg,1912,1935,23
33640.jpg,1912,1890,-22
33645.jpg,1912,1910,-2
33650.jpg,1912,1900,-12
33655.jpg,1912,1925,13
33660.jpg,1912,1890,-22
33665.jpg,1912,1885,-27
33670.jpg,1912,1920,8
33675.jpg,1912,1995,83
33680.jpg,1912,1930,18
33685.jpg,1912,1930,18
33690.jpg,1912,1971,59
33695.jpg,1912,1930,18
33700.jpg,1912,1920,8
33705.jpg,1912,1890,-22
33710.jpg,1912,1900,-12
33715.jpg,1912,1930,18
33720.jpg,1912,1890,-22
33725.jpg,1912,1920,8
33735.jpg,1912,1890,-22
33740.jpg,1912,1890,-22
33745.jpg,1912,1900,-12
33750.jpg,1912,1920,8
33755.jpg,1912,1890,-22
33760.jpg,1912,1890,-22
33765.jpg,1913,1930,17
33770.jpg,1913,1870,-43
33775.jpg,1913,1910,-3
33780.jpg,1913,1905,-8
33785.jpg,1913,1920,7
33790.jpg,1913,1900,-13
33795.jpg,1913,1892,-21
33800.jpg,1913,1900,-13
33805.jpg,1913,1906,-7
33810.jpg,1913,1905,-8
33815.jpg,1913,1935,22
33820.jpg,1913,1950,37
33825.jpg,1913,1925,12
33830.jpg,1913,1910,-3
33840.jpg,1913,1925,12
33845.jpg,1913,1925,12
33850.jpg,1913,1930,17
33855.jpg,1913,1930,17
33860.jpg,1913,1890,-23
33865.jpg,1913,1910,-3
33870.jpg,1913,-1,-1914
33875.jpg,1913,1910,-3
33880.jpg,1913,1906,-7
33885.jpg,1913,1927,14
33890.jpg,1913,1910,-3
33895.jpg,1913,1930,17
33900.jpg,1913,1907,-6
33905.jpg,1913,1890,-23
33910.jpg,1913,1900,-13
33915.jpg,1913,1920,7
33920.jpg,1913,1905,-8
33925.jpg,1913,1930,17
33930.jpg,1913,1930,17
33935.jpg,1913,1927,14
33940.jpg,1913,1930,17
33945.jpg,1913,1930,17
33950.jpg,1913,1870,-43
33955.jpg,1913,2010,97
33960.jpg,1913,1880,-33
33965.jpg,1913,1920,7
33970.jpg,1913,1920,7
33975.jpg,1913,1909,-4
33980.jpg,1913,1930,17
33985.jpg,1913,1970,57
33990.jpg,1913,1870,-43
33995.jpg,1913,1909,-4
34000.jpg,1913,1915,2
34005.jpg,1913,1955,42
34010.jpg,1913,1850,-63
34015.jpg,1913,1623,-290
34020.jpg,1913,1935,22
34025.jpg,1913,1930,17
34030.jpg,1913,1920,7
34035.jpg,1913,1905,-8
34040.jpg,1913,1910,-3
34045.jpg,1913,1780,-133
34050.jpg,1913,1910,-3
34055.jpg,1913,1930,17
34060.jpg,1913,1925,12
34065.jpg,1913,1925,12
34070.jpg,1913,1900,-13
34080.jpg,1913,1920,7
34085.jpg,1913,1880,-33
34090.jpg,1913,1920,7
34095.jpg,1913,1930,17
34100.jpg,1913,1925,12
34105.jpg,1913,1900,-13
34110.jpg,1913,1910,-3
34115.jpg,1913,1900,-13
34120.jpg,1913,1960,47
34125.jpg,1913,1930,17
34130.jpg,1913,1900,-13
34135.jpg,1913,1900,-13
34140.jpg,1913,1930,17
34145.jpg,1913,1930,17
34150.jpg,1913,1895,-18
34155.jpg,1913,1930,17
34160.jpg,1913,1885,-28
34165.jpg,1913,1915,2
34170.jpg,1913,1885,-28
34175.jpg,1913,1890,-23
34180.jpg,1913,1870,-43
34185.jpg,1913,1900,-13
34190.jpg,1913,1912,-1
34195.jpg,1913,1810,-103
34200.jpg,1913,1930,17
34205.jpg,1913,1870,-43
34210.jpg,1913,1925,12
34215.jpg,1913,1935,22
34220.jpg,1913,1880,-33
34225.jpg,1914,1930,16
34230.jpg,1914,1925,11
34235.jpg,1914,1925,11
34240.jpg,1914,1912,-2
34245.jpg,1914,1970,56
34250.jpg,1914,1930,16
34260.jpg,1914,2008,94
34265.jpg,1914,1900,-14
34270.jpg,1914,1910,-4
34275.jpg,1914,1900,-14
34280.jpg,1914,1850,-64
34285.jpg,1914,1930,16
34290.jpg,1914,1890,-24
34295.jpg,1914,1910,-4
34300.jpg,1914,1925,11
34305.jpg,1914,1930,16
34310.jpg,1914,1935,21
34315.jpg,1914,1880,-34
34320.jpg,1914,1900,-14
34325.jpg,1914,1910,-4
34330.jpg,1914,1930,16
34335.jpg,1914,1924,10
34345.jpg,1914,1920,6
34350.jpg,1914,1828,-86
34360.jpg,1914,1900,-14
34365.jpg,1914,1890,-24
34370.jpg,1914,1928,14
34375.jpg,1914,1890,-24
34380.jpg,1914,1936,22
34385.jpg,1914,1900,-14
34390.jpg,1914,1915,1
34395.jpg,1914,1920,6
34400.jpg,1914,1890,-24
34405.jpg,1914,1890,-24
34410.jpg,1914,1920,6
34415.jpg,1914,1850,-64
34420.jpg,1914,1990,76
34425.jpg,1914,1725,-189
34430.jpg,1914,1895,-19
34435.jpg,1914,1910,-4
34440.jpg,1914,1870,-44
34445.jpg,1914,1880,-34
34450.jpg,1914,1920,6
34455.jpg,1914,1820,-94
34460.jpg,1914,1890,-24
34465.jpg,1914,1925,11
34470.jpg,1914,-1,-1915
34475.jpg,1914,1890,-24
34480.jpg,1914,1920,6
34485.jpg,1914,1925,11
34490.jpg,1914,1910,-4
34495.jpg,1914,1850,-64
34500.jpg,1914,1880,-34
34505.jpg,1914,1920,6
34515.jpg,1914,1890,-24
34520.jpg,1914,1900,-14
34525.jpg,1914,1890,-24
34530.jpg,1914,1890,-24
34535.jpg,1914,1815,-99
34540.jpg,1914,-1,-1915
34545.jpg,1914,1925,11
34550.jpg,1914,1905,-9
34555.jpg,1914,1850,-64
34560.jpg,1914,1925,11
34565.jpg,1914,1930,16
34570.jpg,1914,1950,36
34575.jpg,1914,1920,6
34580.jpg,1914,2000,86
34590.jpg,1914,1900,-14
34595.jpg,1914,1920,6
34600.jpg,1914,1917,3
34605.jpg,1914,1880,-34
34610.jpg,1914,1890,-24
34615.jpg,1914,1920,6
34620.jpg,1914,1850,-64
34625.jpg,1914,1900,-14
34630.jpg,1914,1880,-34
34635.jpg,1914,1890,-24
34640.jpg,1914,1930,16
34645.jpg,1914,1905,-9
34650.jpg,1914,1910,-4
34655.jpg,1914,1905,-9
34660.jpg,1914,1930,16
34665.jpg,1914,1930,16
34670.jpg,1914,1900,-14
34675.jpg,1914,1925,11
34680.jpg,1914,1901,-13
34685.jpg,1914,1920,6
34690.jpg,1914,-1,-1915
34695.jpg,1914,1905,-9
34700.jpg,1914,1930,16
34705.jpg,1914,1930,16
34710.jpg,1914,1920,6
34715.jpg,1914,1885,-29
34720.jpg,1915,1830,-85
34725.jpg,1915,1930,15
34730.jpg,1915,1925,10
34735.jpg,1915,1928,13
34740.jpg,1915,1912,-3
34750.jpg,1915,1925,10
34755.jpg,1915,1960,45
34765.jpg,1915,1600,-315
34770.jpg,1915,1980,65
34775.jpg,1915,1895,-20
34780.jpg,1915,1930,15
34785.jpg,1915,1915,0
34790.jpg,1915,1930,15
34795.jpg,1915,1890,-25
34800.jpg,1915,1930,15
34805.jpg,1915,1900,-15
34810.jpg,1915,1930,15
34815.jpg,1915,1920,5
34820.jpg,1915,1975,60
34825.jpg,1915,1925,10
34830.jpg,1915,1937,22
34835.jpg,1915,1925,10
34840.jpg,1915,1850,-65
34845.jpg,1915,1930,15
34850.jpg,1915,1920,5
34855.jpg,1915,1885,-30
34860.jpg,1915,1930,15
34865.jpg,1915,1930,15
34870.jpg,1915,1930,15
34875.jpg,1915,1930,15
34880.jpg,1915,1900,-15
34885.jpg,1915,1915,0
34890.jpg,1915,1890,-25
34895.jpg,1915,1900,-15
34900.jpg,1915,1892,-23
34905.jpg,1915,1920,5
34910.jpg,1915,1970,55
34915.jpg,1915,1895,-20
34920.jpg,1915,1850,-65
34925.jpg,1915,1875,-40
34930.jpg,1915,1950,35
34935.jpg,1915,1875,-40
34940.jpg,1915,1920,5
34945.jpg,1915,1920,5
34950.jpg,1915,1945,30
34955.jpg,1915,1890,-25
34960.jpg,1915,1890,-25
34965.jpg,1915,1990,75
34970.jpg,1915,1920,5
34975.jpg,1915,1900,-15
34980.jpg,1915,1910,-5
34985.jpg,1915,1905,-10
34990.jpg,1915,1910,-5
34995.jpg,1915,1890,-25
35000.jpg,1915,1910,-5
35005.jpg,1915,1930,15
35010.jpg,1915,1930,15
35015.jpg,1915,1925,10
35020.jpg,1915,1925,10
35025.jpg,1915,1900,-15
35030.jpg,1915,1925,10
35035.jpg,1915,1890,-25
35040.jpg,1915,1925,10
35045.jpg,1915,1925,10
35050.jpg,1915,1950,35
35055.jpg,1915,1925,10
35060.jpg,1915,1920,5
35065.jpg,1915,1920,5
35070.jpg,1915,1895,-20
35075.jpg,1915,1910,-5
35080.jpg,1915,1935,20
35085.jpg,1915,1910,-5
35090.jpg,1915,1920,5
35095.jpg,1915,1890,-25
35100.jpg,1915,1900,-15
35105.jpg,1915,1930,15
35110.jpg,1915,1910,-5
35115.jpg,1915,1950,35
35120.jpg,1915,1920,5
35125.jpg,1915,1915,0
35130.jpg,1915,1915,0
35135.jpg,1915,1900,-15
35140.jpg,1915,1850,-65
35145.jpg,1915,-1,-1916
35150.jpg,1915,1960,45
35155.jpg,1915,1930,15
35160.jpg,1916,1920,4
35165.jpg,1916,1945,29
35170.jpg,1916,1915,-1
35175.jpg,1916,2001,85
35180.jpg,1916,1890,-26
35185.jpg,1916,1910,-6
35190.jpg,1916,1830,-86
35195.jpg,1916,1925,9
35200.jpg,1916,1925,9
35205.jpg,1916,1950,34
35210.jpg,1916,1930,14
35215.jpg,1916,1835,-81
35220.jpg,1916,1930,14
35225.jpg,1916,1905,-11
35230.jpg,1916,1930,14
35235.jpg,1916,1905,-11
35240.jpg,1916,1930,14
35245.jpg,1916,1920,4
35250.jpg,1916,1905,-11
35255.jpg,1916,1975,59
35260.jpg,1916,1940,24
35265.jpg,1916,1930,14
35270.jpg,1916,1920,4
35275.jpg,1916,1890,-26
35280.jpg,1916,1910,-6
35285.jpg,1916,1885,-31
35290.jpg,1916,1900,-16
35295.jpg,1916,1850,-66
35300.jpg,1916,1930,14
35305.jpg,1916,2005,89
35310.jpg,1916,1900,-16
35315.jpg,1916,1950,34
35320.jpg,1916,1950,34
35325.jpg,1916,1925,9
35330.jpg,1916,1930,14
35335.jpg,1916,1830,-86
35340.jpg,1916,1925,9
35345.jpg,1916,1925,9
35350.jpg,1916,1920,4
35355.jpg,1916,1930,14
35360.jpg,1916,1890,-26
35365.jpg,1916,1935,19
35370.jpg,1916,1880,-36
35375.jpg,1916,1900,-16
35380.jpg,1916,1890,-26
35385.jpg,1916,1970,54
35390.jpg,1916,1930,14
35395.jpg,1916,1930,14
35400.jpg,1916,1910,-6
35405.jpg,1916,1820,-96
35410.jpg,1916,-1,-1917
35415.jpg,1916,1890,-26
35420.jpg,1916,1910,-6
35425.jpg,1916,1945,29
35430.jpg,1916,1930,14
35435.jpg,1916,1884,-32
35440.jpg,1916,1919,3
35445.jpg,1916,1930,14
35450.jpg,1916,1930,14
35455.jpg,1916,1890,-26
35460.jpg,1916,1910,-6
35465.jpg,1916,1930,14
35470.jpg,1916,1920,4
35475.jpg,1916,1889,-27
35480.jpg,1916,1920,4
35485.jpg,1916,1660,-256
35490.jpg,1916,1930,14
35495.jpg,1916,1965,49
35500.jpg,1916,1925,9
35505.jpg,1916,1890,-26
35510.jpg,1916,1880,-36
35515.jpg,1916,1937,21
35520.jpg,1916,1900,-16
35525.jpg,1916,1915,-1
35530.jpg,1916,1890,-26
35535.jpg,1917,1930,13
35540.jpg,1917,1925,8
35545.jpg,1917,1920,3
35550.jpg,1917,1924,7
35555.jpg,1917,1925,8
35560.jpg,1917,1930,13
35565.jpg,1917,1990,73
35570.jpg,1917,1880,-37
35575.jpg,1917,1920,3
35580.jpg,1917,1880,-37
35585.jpg,1917,1890,-27
35590.jpg,1917,1930,13
35595.jpg,1917,1930,13
35600.jpg,1917,1905,-12
35605.jpg,1917,1930,13
35610.jpg,1917,1925,8
35615.jpg,1917,1910,-7
35620.jpg,1917,1940,23
35625.jpg,1917,1904,-13
35630.jpg,1917,1920,3
35635.jpg,1917,1930,13
35640.jpg,1917,1910,-7
35645.jpg,1917,1930,13
35650.jpg,1917,1930,13
35655.jpg,1917,1870,-47
35660.jpg,1917,1995,78
35665.jpg,1917,1920,3
35670.jpg,1917,1970,53
35675.jpg,1917,1880,-37
35680.jpg,1917,1942,25
35685.jpg,1917,1879,-38
35690.jpg,1917,1975,58
35695.jpg,1917,1930,13
35700.jpg,1917,1923,6
35705.jpg,1917,1940,23
35710.jpg,1917,1930,13
35715.jpg,1917,1935,18
35720.jpg,1917,1940,23
35725.jpg,1917,2005,88
35730.jpg,1917,1930,13
35735.jpg,1917,1929,12
35740.jpg,1917,1955,38
35745.jpg,1917,2005,88
35750.jpg,1917,1880,-37
35755.jpg,1917,1930,13
35760.jpg,1917,1925,8
35765.jpg,1917,1820,-97
35770.jpg,1917,1925,8
35775.jpg,1917,1920,3
35780.jpg,1917,1930,13
35785.jpg,1917,1930,13
35790.jpg,1917,1930,13
35795.jpg,1917,1900,-17
35800.jpg,1917,1920,3
35805.jpg,1917,1890,-27
35810.jpg,1917,1920,3
35815.jpg,1917,1930,13
35820.jpg,1917,1930,13
35825.jpg,1917,1930,13
35830.jpg,1917,1870,-47
35835.jpg,1917,1950,33
35840.jpg,1917,1900,-17
35845.jpg,1917,1895,-22
35850.jpg,1917,1903,-14
35855.jpg,1917,1930,13
35860.jpg,1917,1880,-37
35865.jpg,1917,1930,13
35870.jpg,1917,1930,13
35875.jpg,1917,-1,-1918
35880.jpg,1917,1917,0
35885.jpg,1917,1925,8
35890.jpg,1917,1885,-32
35895.jpg,1917,1920,3
35900.jpg,1917,1940,23
35905.jpg,1917,1920,3
35910.jpg,1917,1910,-7
35915.jpg,1917,1930,13
35920.jpg,1918,1931,13
35925.jpg,1918,1985,67
35930.jpg,1918,1900,-18
35935.jpg,1918,1985,67
35940.jpg,1918,1925,7
35945.jpg,1918,1930,12
35950.jpg,1918,1930,12
35955.jpg,1918,1960,42
35960.jpg,1918,1915,-3
35965.jpg,1918,1930,12
35970.jpg,1918,1920,2
35980.jpg,1918,1925,7
35985.jpg,1918,1930,12
35990.jpg,1918,1932,14
35995.jpg,1918,1830,-88
36000.jpg,1918,1890,-28
36005.jpg,1918,1920,2
36010.jpg,1918,1820,-98
36015.jpg,1918,1890,-28
36020.jpg,1918,1920,2
36025.jpg,1918,1910,-8
36030.jpg,1918,1930,12
36035.jpg,1918,1930,12
36040.jpg,1918,1900,-18
36045.jpg,1918,1890,-28
36050.jpg,1918,1925,7
36055.jpg,1918,1830,-88
36060.jpg,1918,1930,12
36065.jpg,1918,1950,32
36070.jpg,1918,1920,2
36075.jpg,1918,1890,-28
36080.jpg,1918,1930,12
36085.jpg,1918,1890,-28
36090.jpg,1918,1930,12
36095.jpg,1918,1910,-8
36100.jpg,1918,1890,-28
36105.jpg,1918,1930,12
36110.jpg,1918,-1,-1919
36115.jpg,1919,1910,-9
36120.jpg,1919,1930,11
36130.jpg,1919,1999,80
36140.jpg,1919,1930,11
36145.jpg,1919,1930,11
36150.jpg,1919,1920,1
36155.jpg,1919,1950,31
36160.jpg,1919,1925,6
36165.jpg,1919,-1,-1920
36170.jpg,1919,1910,-9
36175.jpg,1919,1950,31
36180.jpg,1919,1950,31
36190.jpg,1919,1930,11
36195.jpg,1919,1880,-39
36200.jpg,1919,1905,-14
36205.jpg,1919,1930,11
36210.jpg,1919,1920,1
36215.jpg,1919,1890,-29
36225.jpg,1919,1930,11
36230.jpg,1919,1900,-19
36235.jpg,1919,1920,1
36240.jpg,1919,1830,-89
36245.jpg,1919,1930,11
36250.jpg,1919,1920,1
36255.jpg,1919,1820,-99
36260.jpg,1919,1940,21
36265.jpg,1919,1920,1
36270.jpg,1919,1895,-24
36275.jpg,1919,1923,4
36280.jpg,1919,1720,-199
36285.jpg,1919,1908,-11
36290.jpg,1919,2000,81
36295.jpg,1919,1890,-29
36300.jpg,1919,1910,-9
36305.jpg,1919,1922,3
36310.jpg,1919,1930,11
36315.jpg,1919,1890,-29
36320.jpg,1919,1930,11
36325.jpg,1919,1900,-19
36330.jpg,1919,1930,11
36335.jpg,1919,1930,11
36340.jpg,1919,1930,11
36345.jpg,1919,1930,11
36350.jpg,1920,1920,0
36355.jpg,1920,1900,-20
36360.jpg,1920,1930,10
36365.jpg,1920,1960,40
36370.jpg,1920,1980,60
36375.jpg,1920,1930,10
36385.jpg,1920,1955,35
36390.jpg,1920,1955,35
36395.jpg,1920,1945,25
36400.jpg,1920,1890,-30
36405.jpg,1920,1920,0
36410.jpg,1920,1930,10
36415.jpg,1920,1880,-40
36420.jpg,1920,1900,-20
36425.jpg,1920,1975,55
36430.jpg,1920,1923,3
36435.jpg,1920,1930,10
36440.jpg,1920,1870,-50
36445.jpg,1920,1895,-25
36450.jpg,1920,1930,10
36455.jpg,1920,1200,-720
36460.jpg,1920,1920,0
36465.jpg,1920,1865,-55
36470.jpg,1920,1900,-20
36475.jpg,1920,1859,-61
36480.jpg,1920,1900,-20
36485.jpg,1920,1930,10
36490.jpg,1920,1900,-20
36495.jpg,1920,1900,-20
36500.jpg,1920,1930,10
36505.jpg,1920,1910,-10
36510.jpg,1920,1880,-40
36515.jpg,1920,1870,-50
36520.jpg,1920,1925,5
36525.jpg,1920,1870,-50
36530.jpg,1920,1880,-40
36535.jpg,1920,1905,-15
36540.jpg,1920,1890,-30
36545.jpg,1920,1950,30
36550.jpg,1920,1900,-20
36555.jpg,1920,1908,-12
36560.jpg,1920,-1,-1921
36565.jpg,1920,1880,-40
36570.jpg,1920,1920,0
36575.jpg,1920,1930,10
36580.jpg,1920,1930,10
36585.jpg,1920,1930,10
36590.jpg,1920,1904,-16
36595.jpg,1920,1830,-90
36600.jpg,1920,1930,10
36605.jpg,1920,1890,-30
36610.jpg,1920,1925,5
36615.jpg,1920,1880,-40
36620.jpg,1920,1890,-30
36625.jpg,1920,1920,0
36630.jpg,1920,1930,10
36635.jpg,1920,1900,-20
36640.jpg,1920,1920,0
36650.jpg,1920,1890,-30
36655.jpg,1920,1920,0
36660.jpg,1920,1837,-83
36665.jpg,1920,1950,30
36670.jpg,1920,1875,-45
36675.jpg,1920,1950,30
36680.jpg,1920,1900,-20
36685.jpg,1920,1950,30
36690.jpg,1921,1930,9
36695.jpg,1921,1960,39
36700.jpg,1921,1940,19
36705.jpg,1921,1930,9
36710.jpg,1921,1910,-11
36715.jpg,1921,1927,6
36720.jpg,1921,-1,-1922
36725.jpg,1921,1910,-11
36735.jpg,1921,1985,64
36740.jpg,1921,1925,4
36745.jpg,1921,1920,-1
36750.jpg,1921,1920,-1
36755.jpg,1921,1925,4
36760.jpg,1921,1890,-31
36765.jpg,1921,1930,9
36770.jpg,1921,1930,9
36775.jpg,1921,1910,-11
36780.jpg,1921,1900,-21
36785.jpg,1921,1930,9
36790.jpg,1921,1925,4
36795.jpg,1921,1910,-11
36800.jpg,1921,1860,-61
36805.jpg,1921,1890,-31
36810.jpg,1921,1875,-46
36815.jpg,1921,1930,9
36820.jpg,1921,1890,-31
36830.jpg,1921,1930,9
36835.jpg,1921,1920,-1
36840.jpg,1921,1910,-11
36845.jpg,1921,1930,9
36850.jpg,1921,1920,-1
36855.jpg,1921,1920,-1
36860.jpg,1921,1930,9
36870.jpg,1921,1930,9
36875.jpg,1921,1880,-41
36880.jpg,1921,1890,-31
36885.jpg,1921,1940,19
36890.jpg,1921,1900,-21
36895.jpg,1921,1930,9
36900.jpg,1921,1912,-9
36905.jpg,1921,1928,7
36910.jpg,1921,1880,-41
36920.jpg,1921,1950,29
36925.jpg,1921,1928,7
36930.jpg,1921,1928,7
36935.jpg,1921,1920,-1
36940.jpg,1921,1940,19
36945.jpg,1921,1930,9
36950.jpg,1921,1930,9
36955.jpg,1921,1890,-31
36960.jpg,1921,1875,-46
36965.jpg,1921,1930,9
36970.jpg,1922,1920,-2
36975.jpg,1922,1900,-22
36980.jpg,1922,1912,-10
36985.jpg,1922,1930,8
36990.jpg,1922,1928,6
36995.jpg,1922,1985,63
37000.jpg,1922,2005,83
37005.jpg,1922,2000,78
37010.jpg,1922,1921,-1
37015.jpg,1922,1970,48
37020.jpg,1922,1830,-92
37025.jpg,1922,1930,8
37030.jpg,1922,1930,8
37045.jpg,1922,1920,-2
37050.jpg,1922,1920,-2
37055.jpg,1922,1925,3
37060.jpg,1922,1930,8
37065.jpg,1922,1921,-1
37070.jpg,1922,1930,8
37075.jpg,1922,1900,-22
37080.jpg,1922,1930,8
37085.jpg,1922,1760,-162
37090.jpg,1922,1905,-17
37095.jpg,1922,1920,-2
37100.jpg,1922,1920,-2
37105.jpg,1922,1890,-32
37110.jpg,1922,1939,17
37115.jpg,1922,1880,-42
37120.jpg,1922,1930,8
37125.jpg,1922,1920,-2
37130.jpg,1922,1930,8
37135.jpg,1922,1920,-2
37140.jpg,1922,1925,3
37145.jpg,1922,1880,-42
37150.jpg,1922,1930,8
37155.jpg,1922,1910,-12
37160.jpg,1922,1910,-12
37165.jpg,1922,1939,17
37170.jpg,1922,1925,3
37175.jpg,1922,1920,-2
37180.jpg,1922,1830,-92
37185.jpg,1922,1900,-22
37190.jpg,1922,1930,8
37195.jpg,1922,1890,-32
37200.jpg,1922,1945,23
37205.jpg,1922,1950,28
37210.jpg,1922,1925,3
37215.jpg,1922,1920,-2
37220.jpg,1922,1930,8
37225.jpg,1922,2005,83
37230.jpg,1922,1900,-22
37235.jpg,1922,1910,-12
37240.jpg,1922,1885,-37
37245.jpg,1922,1920,-2
37250.jpg,1922,1850,-72
37255.jpg,1922,1990,68
37260.jpg,1922,1975,53
37270.jpg,1922,1930,8
37275.jpg,1922,1930,8
37280.jpg,1922,1950,28
37285.jpg,1922,1985,63
37290.jpg,1922,1850,-72
37295.jpg,1922,1920,-2
37300.jpg,1922,1900,-22
37305.jpg,1922,1895,-27
37310.jpg,1923,1935,12
37315.jpg,1923,1930,7
37320.jpg,1923,1930,7
37330.jpg,1923,2003,80
37335.jpg,1923,1930,7
37340.jpg,1923,2007,84
37345.jpg,1923,2010,87
37355.jpg,1923,1930,7
37360.jpg,1923,1925,2
37365.jpg,1923,1930,7
37370.jpg,1923,1930,7
37375.jpg,1923,1925,2
37380.jpg,1923,1930,7
37385.jpg,1923,1930,7
37390.jpg,1923,1875,-48
37395.jpg,1923,1930,7
37400.jpg,1923,1900,-23
37405.jpg,1923,1930,7
37410.jpg,1923,1915,-8
37415.jpg,1923,1928,5
37420.jpg,1923,1930,7
37425.jpg,1923,1920,-3
37430.jpg,1923,1925,2
37435.jpg,1923,1930,7
37440.jpg,1923,1900,-23
37445.jpg,1923,1895,-28
37450.jpg,1923,1930,7
37455.jpg,1923,1920,-3
37460.jpg,1923,1920,-3
37465.jpg,1923,1935,12
37470.jpg,1923,1928,5
37475.jpg,1923,1900,-23
37480.jpg,1923,1920,-3
37485.jpg,1923,1930,7
37490.jpg,1923,1900,-23
37495.jpg,1923,1950,27
37500.jpg,1923,1925,2
37505.jpg,1923,1925,2
37510.jpg,1923,1910,-13
37515.jpg,1923,1930,7
37520.jpg,1923,1890,-33
37525.jpg,1923,1890,-33
37530.jpg,1923,1925,2
37535.jpg,1923,1925,2
37540.jpg,1923,1930,7
37545.jpg,1923,1925,2
37550.jpg,1923,1930,7
37555.jpg,1923,1930,7
37560.jpg,1923,1930,7
37565.jpg,1923,1820,-103
37570.jpg,1923,1900,-23
37575.jpg,1923,1925,2
37580.jpg,1923,1945,22
37585.jpg,1923,1909,-14
37590.jpg,1923,1925,2
37595.jpg,1923,1900,-23
37600.jpg,1923,1930,7
37605.jpg,1923,1915,-8
37610.jpg,1923,1614,-309
37615.jpg,1923,1982,59
37620.jpg,1923,1950,27
37625.jpg,1923,1930,7
37630.jpg,1923,1910,-13
37635.jpg,1923,1935,12
37640.jpg,1923,1930,7
37645.jpg,1923,1930,7
37650.jpg,1923,1925,2
37655.jpg,1923,1930,7
37660.jpg,1923,1925,2
37665.jpg,1923,1925,2
37670.jpg,1924,1926,2
37675.jpg,1924,2013,89
37680.jpg,1924,1925,1
37685.jpg,1924,1925,1
37690.jpg,1924,1925,1
37695.jpg,1924,1925,1
37700.jpg,1924,1930,6
37705.jpg,1924,1965,41
37710.jpg,1924,2000,76
37715.jpg,1924,1930,6
37720.jpg,1924,1995,71
37725.jpg,1924,1965,41
37730.jpg,1924,1975,51
37735.jpg,1924,1930,6
37740.jpg,1924,1920,-4
37745.jpg,1924,1902,-22
37750.jpg,1924,1905,-19
37755.jpg,1924,1930,6
37760.jpg,1924,1925,1
37765.jpg,1924,1910,-14
37770.jpg,1924,1930,6
37775.jpg,1924,1930,6
37780.jpg,1924,1925,1
37785.jpg,1924,1850,-74
37790.jpg,1924,1925,1
37795.jpg,1924,1910,-14
37805.jpg,1924,1928,4
37810.jpg,1924,1906,-18
37815.jpg,1924,1925,1
37820.jpg,1924,1890,-34
37825.jpg,1924,1920,-4
37830.jpg,1924,1925,1
37835.jpg,1924,1930,6
37845.jpg,1924,1990,66
37850.jpg,1924,1920,-4
37855.jpg,1924,-1,-1925
37860.jpg,1924,1960,36
37865.jpg,1924,1905,-19
37870.jpg,1924,1920,-4
37875.jpg,1924,2000,76
37880.jpg,1924,1935,11
37885.jpg,1924,1950,26
37890.jpg,1924,1959,35
37895.jpg,1924,1930,6
37900.jpg,1924,1935,11
37905.jpg,1924,1930,6
37910.jpg,1924,1930,6
37915.jpg,1924,1930,6
37920.jpg,1924,1930,6
37925.jpg,1924,1915,-9
37930.jpg,1924,1925,1
37935.jpg,1924,1820,-104
37940.jpg,1924,1914,-10
37945.jpg,1924,1970,46
37950.jpg,1924,1920,-4
37955.jpg,1924,1990,66
37960.jpg,1924,-1,-1925
37965.jpg,1924,1975,51
37970.jpg,1924,1850,-74
37975.jpg,1924,1910,-14
37980.jpg,1924,1908,-16
37985.jpg,1924,2000,76
37990.jpg,1924,1930,6
37995.jpg,1924,1920,-4
38000.jpg,1924,1927,3
38005.jpg,1924,1920,-4
38010.jpg,1924,1930,6
38015.jpg,1924,1920,-4
38020.jpg,1924,1890,-34
38025.jpg,1924,1930,6
38030.jpg,1924,1900,-24
38035.jpg,1924,1910,-14
38040.jpg,1924,1870,-54
38045.jpg,1924,1915,-9
38050.jpg,1924,1910,-14
38055.jpg,1924,1930,6
38060.jpg,1924,1880,-44
38065.jpg,1924,1910,-14
38070.jpg,1924,1930,6
38075.jpg,1924,1960,36
38080.jpg,1925,1850,-75
38085.jpg,1925,1910,-15
38090.jpg,1925,1950,25
38095.jpg,1925,1925,0
38100.jpg,1925,1980,55
38105.jpg,1925,1925,0
38110.jpg,1925,1925,0
38115.jpg,1925,1990,65
38120.jpg,1925,1995,70
38125.jpg,1925,1950,25
38130.jpg,1925,2004,79
38135.jpg,1925,1990,65
38140.jpg,1925,1920,-5
38145.jpg,1925,1921,-4
38150.jpg,1925,1920,-5
38155.jpg,1925,1900,-25
38160.jpg,1925,1920,-5
38165.jpg,1925,1920,-5
38170.jpg,1925,1920,-5
38175.jpg,1925,1890,-35
38180.jpg,1925,1930,5
38185.jpg,1925,1930,5
38190.jpg,1925,1970,45
38195.jpg,1925,1930,5
38200.jpg,1925,1930,5
38205.jpg,1925,1930,5
38210.jpg,1925,1930,5
38215.jpg,1925,1880,-45
38220.jpg,1925,1930,5
38225.jpg,1925,1928,3
38230.jpg,1925,1925,0
38235.jpg,1925,1930,5
38245.jpg,1925,1939,14
38255.jpg,1925,1930,5
38260.jpg,1925,1980,55
38265.jpg,1925,1920,-5
38270.jpg,1925,1870,-55
38275.jpg,1925,1930,5
38280.jpg,1925,1930,5
38285.jpg,1925,1900,-25
38290.jpg,1925,1880,-45
38295.jpg,1925,1915,-10
38300.jpg,1925,1900,-25
38305.jpg,1925,1985,60
38310.jpg,1925,1900,-25
38315.jpg,1925,1920,-5
38320.jpg,1925,1925,0
38325.jpg,1925,1930,5
38330.jpg,1925,1920,-5
38335.jpg,1925,1925,0
38340.jpg,1925,1925,0
38345.jpg,1925,1925,0
38350.jpg,1925,1930,5
38355.jpg,1925,1920,-5
38360.jpg,1925,1930,5
38365.jpg,1925,1915,-10
38370.jpg,1925,1920,-5
38375.jpg,1925,1815,-110
38380.jpg,1925,1930,5
38385.jpg,1925,1930,5
38390.jpg,1925,1880,-45
38395.jpg,1925,1925,0
38400.jpg,1925,1910,-15
38405.jpg,1925,1800,-125
38410.jpg,1925,1925,0
38415.jpg,1925,1910,-15
38420.jpg,1925,1900,-25
38425.jpg,1925,1900,-25
38435.jpg,1925,1925,0
38440.jpg,1925,1925,0
38450.jpg,1925,1930,5
38455.jpg,1925,1960,35
38460.jpg,1925,1930,5
38465.jpg,1925,1925,0
38470.jpg,1925,1935,10
38475.jpg,1925,1925,0
38480.jpg,1925,1910,-15
38490.jpg,1925,1904,-21
38495.jpg,1925,1930,5
38500.jpg,1925,1920,-5
38505.jpg,1925,1880,-45
38510.jpg,1925,1925,0
38515.jpg,1926,1825,-101
38520.jpg,1926,1930,4
38525.jpg,1926,1929,3
38530.jpg,1926,1910,-16
38535.jpg,1926,1930,4
38540.jpg,1926,1923,-3
38545.jpg,1926,1895,-31
38550.jpg,1926,1920,-6
38555.jpg,1926,1926,0
38560.jpg,1926,1930,4
38565.jpg,1926,1880,-46
38570.jpg,1926,1930,4
38575.jpg,1926,1990,64
38580.jpg,1926,1995,69
38585.jpg,1926,1960,34
38590.jpg,1926,1985,59
38595.jpg,1926,2005,79
38600.jpg,1926,1930,4
38605.jpg,1926,2005,79
38610.jpg,1926,1920,-6
38620.jpg,1926,1925,-1
38625.jpg,1926,1925,-1
38630.jpg,1926,1920,-6
38635.jpg,1926,1930,4
38640.jpg,1926,1930,4
38645.jpg,1926,1950,24
38650.jpg,1926,1920,-6
38655.jpg,1926,1950,24
38660.jpg,1926,1930,4
38665.jpg,1926,1920,-6
38670.jpg,1926,1900,-26
38675.jpg,1926,1930,4
38680.jpg,1926,1930,4
38685.jpg,1926,1930,4
38690.jpg,1926,1925,-1
38695.jpg,1926,1890,-36
38700.jpg,1926,1913,-13
38705.jpg,1926,1880,-46
38710.jpg,1926,1915,-11
38715.jpg,1926,1930,4
38720.jpg,1926,1920,-6
38725.jpg,1926,1920,-6
38730.jpg,1926,1926,0
38735.jpg,1926,1860,-66
38740.jpg,1926,1930,4
38745.jpg,1926,1917,-9
38750.jpg,1926,1924,-2
38755.jpg,1926,1930,4
38760.jpg,1926,1930,4
38765.jpg,1926,1925,-1
38770.jpg,1926,1925,-1
38775.jpg,1926,1910,-16
38780.jpg,1926,1925,-1
38785.jpg,1926,1920,-6
38790.jpg,1926,1925,-1
38795.jpg,1926,1920,-6
38800.jpg,1926,1925,-1
38805.jpg,1926,1920,-6
38810.jpg,1926,1930,4
38815.jpg,1926,1830,-96
38820.jpg,1926,1920,-6
38825.jpg,1926,1930,4
38830.jpg,1926,1920,-6
38835.jpg,1926,1900,-26
38840.jpg,1926,1920,-6
38845.jpg,1926,1940,14
38850.jpg,1926,1920,-6
38855.jpg,1926,-1,-1927
38860.jpg,1926,1925,-1
38865.jpg,1926,1930,4
38870.jpg,1926,1925,-1
38875.jpg,1926,1925,-1
38880.jpg,1926,1919,-7
38885.jpg,1926,1910,-16
38890.jpg,1926,1931,5
38895.jpg,1926,1890,-36
38905.jpg,1926,1900,-26
38910.jpg,1926,1907,-19
38915.jpg,1926,1925,-1
38920.jpg,1926,1990,64
38925.jpg,1926,1930,4
38930.jpg,1926,1928,2
38935.jpg,1926,1930,4
38940.jpg,1926,1930,4
38945.jpg,1926,1930,4
38950.jpg,1926,1954,28
38955.jpg,1926,1970,44
38960.jpg,1926,1910,-16
38965.jpg,1926,1925,-1
38970.jpg,1926,1930,4
38975.jpg,1926,1920,-6
38980.jpg,1926,1950,24
38985.jpg,1926,1930,4
38990.jpg,1926,1928,2
38995.jpg,1927,1929,2
39000.jpg,1927,1930,3
39005.jpg,1927,1930,3
39010.jpg,1927,1930,3
39020.jpg,1927,1930,3
39025.jpg,1927,1940,13
39030.jpg,1927,1920,-7
39035.jpg,1927,1930,3
39040.jpg,1927,1930,3
39045.jpg,1927,1930,3
39050.jpg,1927,1925,-2
39055.jpg,1927,1923,-4
39060.jpg,1927,1930,3
39065.jpg,1927,1925,-2
39070.jpg,1927,1925,-2
39075.jpg,1927,1927,0
39080.jpg,1927,1925,-2
39085.jpg,1927,1990,63
39090.jpg,1927,1975,48
39110.jpg,1927,2005,78
39115.jpg,1927,1930,3
39120.jpg,1927,1930,3
39125.jpg,1927,1920,-7
39130.jpg,1927,1930,3
39135.jpg,1927,1930,3
39140.jpg,1927,1930,3
39145.jpg,1927,1930,3
39150.jpg,1927,1930,3
39155.jpg,1927,1930,3
39160.jpg,1927,1890,-37
39165.jpg,1927,1930,3
39170.jpg,1927,1870,-57
39175.jpg,1927,1930,3
39180.jpg,1927,1905,-22
39185.jpg,1927,1900,-27
39190.jpg,1927,1925,-2
39195.jpg,1927,1928,1
39200.jpg,1927,1929,2
39205.jpg,1927,1930,3
39210.jpg,1927,1930,3
39215.jpg,1927,1930,3
39220.jpg,1927,1930,3
39225.jpg,1927,1880,-47
39230.jpg,1927,1910,-17
39235.jpg,1927,1930,3
39240.jpg,1927,1930,3
39245.jpg,1927,1930,3
39250.jpg,1927,1920,-7
39255.jpg,1927,1890,-37
39260.jpg,1927,1930,3
39265.jpg,1927,1920,-7
39270.jpg,1927,1920,-7
39275.jpg,1927,1985,58
39280.jpg,1927,1925,-2
39285.jpg,1927,1900,-27
39290.jpg,1927,1935,8
39295.jpg,1927,1930,3
39300.jpg,1927,1925,-2
39305.jpg,1927,1925,-2
39310.jpg,1927,1925,-2
39315.jpg,1927,-1,-1928
39320.jpg,1927,1820,-107
39325.jpg,1927,1960,33
39330.jpg,1927,1925,-2
39335.jpg,1927,1925,-2
39340.jpg,1927,1930,3
39345.jpg,1927,1920,-7
39350.jpg,1927,1890,-37
39355.jpg,1927,1950,23
39360.jpg,1927,1935,8
39365.jpg,1927,1923,-4
39370.jpg,1927,1980,53
39375.jpg,1927,1910,-17
39380.jpg,1927,1925,-2
39385.jpg,1927,1920,-7
39390.jpg,1927,1890,-37
39395.jpg,1927,1600,-327
39400.jpg,1927,1900,-27
39405.jpg,1927,1990,63
39410.jpg,1927,1975,48
39415.jpg,1927,1930,3
39420.jpg,1927,1927,0
39425.jpg,1927,1930,3
39430.jpg,1927,1920,-7
39435.jpg,1927,1850,-77
39440.jpg,1927,1915,-12
39445.jpg,1927,1900,-27
39450.jpg,1927,1900,-27
39455.jpg,1927,1908,-19
39460.jpg,1927,1950,23
39465.jpg,1927,1890,-37
39470.jpg,1927,1890,-37
39475.jpg,1927,1925,-2
39480.jpg,1927,1915,-12
39485.jpg,1927,1920,-7
39490.jpg,1927,1930,3
39495.jpg,1927,1910,-17
39500.jpg,1927,1910,-17
39505.jpg,1927,1950,23
39510.jpg,1928,1925,-3
39515.jpg,1928,1928,0
39520.jpg,1928,1923,-5
39525.jpg,1928,1929,1
39530.jpg,1928,1925,-3
39535.jpg,1928,1925,-3
39540.jpg,1928,1920,-8
39545.jpg,1928,1930,2
39550.jpg,1928,1930,2
39555.jpg,1928,1930,2
39560.jpg,1928,1926,-2
39565.jpg,1928,1930,2
39570.jpg,1928,1925,-3
39575.jpg,1928,2010,82
39580.jpg,1928,1930,2
39585.jpg,1928,1935,7
39590.jpg,1928,1937,9
39595.jpg,1928,1930,2
39600.jpg,1928,1985,57
39605.jpg,1928,2010,82
39610.jpg,1928,1965,37
39615.jpg,1928,1990,62
39620.jpg,1928,1930,2
39625.jpg,1928,1890,-38
39630.jpg,1928,1930,2
39635.jpg,1928,1920,-8
39640.jpg,1928,1950,22
39645.jpg,1928,1930,2
39650.jpg,1928,1925,-3
39655.jpg,1928,1930,2
39660.jpg,1928,1930,2
39665.jpg,1928,1925,-3
39670.jpg,1928,1930,2
39675.jpg,1928,1929,1
39680.jpg,1928,1927,-1
39685.jpg,1928,1928,0
39690.jpg,1928,1930,2
39695.jpg,1928,1929,1
39700.jpg,1928,1928,0
39705.jpg,1928,1923,-5
39710.jpg,1928,1900,-28
39715.jpg,1928,1937,9
39720.jpg,1928,1930,2
39725.jpg,1928,1830,-98
39730.jpg,1928,1930,2
39735.jpg,1928,1890,-38
39740.jpg,1928,1905,-23
39745.jpg,1928,1930,2
39750.jpg,1928,1929,1
39755.jpg,1928,1900,-28
39760.jpg,1928,1890,-38
39765.jpg,1928,1960,32
39770.jpg,1928,1700,-228
39775.jpg,1928,1925,-3
39780.jpg,1928,1920,-8
39785.jpg,1928,1925,-3
39790.jpg,1928,1910,-18
39795.jpg,1928,1930,2
39800.jpg,1928,1900,-28
39805.jpg,1928,1895,-33
39810.jpg,1928,1950,22
39815.jpg,1928,1910,-18
39820.jpg,1928,1920,-8
39825.jpg,1928,1925,-3
39830.jpg,1928,1930,2
39835.jpg,1928,1920,-8
39840.jpg,1928,1890,-38
39845.jpg,1928,1890,-38
39850.jpg,1928,1930,2
39855.jpg,1928,1920,-8
39860.jpg,1928,1925,-3
39865.jpg,1928,1880,-48
39870.jpg,1928,1750,-178
39875.jpg,1928,1925,-3
39880.jpg,1928,1935,7
39885.jpg,1928,1900,-28
39890.jpg,1928,1920,-8
39895.jpg,1928,1933,5
39900.jpg,1928,1999,71
39905.jpg,1928,1930,2
39910.jpg,1928,1930,2
39915.jpg,1928,1860,-68
39920.jpg,1928,1920,-8
39925.jpg,1928,1930,2
39930.jpg,1928,1921,-7
39935.jpg,1928,-1,-1929
39940.jpg,1928,1930,2
39945.jpg,1928,1930,2
39950.jpg,1928,1945,17
39955.jpg,1928,1885,-43
39960.jpg,1928,1930,2
39965.jpg,1928,1926,-2
39970.jpg,1928,1905,-23
39975.jpg,1928,1900,-28
39980.jpg,1928,1936,8
39985.jpg,1928,1930,2
39990.jpg,1928,1930,2
39995.jpg,1928,1930,2
40000.jpg,1928,1925,-3
40010.jpg,1928,1957,29
40015.jpg,1928,1920,-8
40020.jpg,1928,1913,-15
40025.jpg,1928,1930,2
40030.jpg,1928,1920,-8
40035.jpg,1928,1920,-8
40040.jpg,1928,1920,-8
40045.jpg,1929,1920,-9
40050.jpg,1929,1929,0
40055.jpg,1929,1929,0
40060.jpg,1929,1925,-4
40065.jpg,1929,1927,-2
40070.jpg,1929,1927,-2
40075.jpg,1929,1910,-19
40080.jpg,1929,1895,-34
40095.jpg,1929,1930,1
40105.jpg,1929,1930,1
40110.jpg,1929,1930,1
40115.jpg,1929,1920,-9
40120.jpg,1929,1850,-79
40125.jpg,1929,1955,26
40130.jpg,1929,1930,1
40135.jpg,1929,1930,1
40140.jpg,1929,1930,1
40145.jpg,1929,1936,7
40150.jpg,1929,1928,-1
40155.jpg,1929,1930,1
40160.jpg,1929,1931,2
40165.jpg,1929,1930,1
40170.jpg,1929,1928,-1
40175.jpg,1929,1930,1
40180.jpg,1929,1930,1
40185.jpg,1929,1927,-2
40190.jpg,1929,1900,-29
40195.jpg,1929,1929,0
40200.jpg,1929,1908,-21
40205.jpg,1929,1928,-1
40210.jpg,1929,1929,0
40215.jpg,1929,1919,-10
40220.jpg,1929,1930,1
40225.jpg,1929,1925,-4
40230.jpg,1929,1850,-79
40235.jpg,1929,1920,-9
40240.jpg,1929,1910,-19
40245.jpg,1929,1920,-9
40250.jpg,1929,-1,-1930
40255.jpg,1929,1920,-9
40260.jpg,1929,1930,1
40265.jpg,1929,1930,1
40270.jpg,1929,1925,-4
40275.jpg,1929,1930,1
40280.jpg,1929,1930,1
40285.jpg,1929,1920,-9
40290.jpg,1929,1824,-105
40295.jpg,1929,1930,1
40305.jpg,1929,1930,1
40310.jpg,1929,1930,1
40315.jpg,1929,1930,1
40320.jpg,1929,1920,-9
40325.jpg,1929,1925,-4
40330.jpg,1929,1920,-9
40335.jpg,1929,1600,-329
40340.jpg,1929,1930,1
40345.jpg,1929,1930,1
40350.jpg,1929,1878,-51
40355.jpg,1929,1910,-19
40360.jpg,1929,1925,-4
40365.jpg,1929,1955,26
40370.jpg,1929,1912,-17
40375.jpg,1929,1925,-4
40380.jpg,1929,1930,1
40385.jpg,1929,1890,-39
40390.jpg,1929,1930,1
40395.jpg,1929,1930,1
40400.jpg,1929,1900,-29
40405.jpg,1929,1909,-20
40410.jpg,1929,1852,-77
40415.jpg,1929,1920,-9
40420.jpg,1929,1930,1
40425.jpg,1929,1915,-14
40430.jpg,1929,1890,-39
40435.jpg,1929,1925,-4
40440.jpg,1929,1900,-29
40450.jpg,1929,1900,-29
40455.jpg,1929,1920,-9
40460.jpg,1929,1980,51
40465.jpg,1929,1930,1
40470.jpg,1929,1929,0
40475.jpg,1929,1920,-9
40480.jpg,1929,1930,1
40485.jpg,1929,1925,-4
40490.jpg,1929,1950,21
40495.jpg,1929,1920,-9
40500.jpg,1929,1930,1
40505.jpg,1929,1975,46
40510.jpg,1929,1925,-4
40515.jpg,1929,1932,3
40520.jpg,1929,1925,-4
40525.jpg,1929,1880,-49
40530.jpg,1929,1915,-14
40535.jpg,1929,1930,1
40540.jpg,1930,1874,-56
40545.jpg,1930,2006,76
40550.jpg,1930,1955,25
40555.jpg,1930,1920,-10
40560.jpg,1930,1970,40
40565.jpg,1930,2000,70
40570.jpg,1930,1930,0
40575.jpg,1930,1920,-10
40580.jpg,1930,1900,-30
40585.jpg,1930,1930,0
40590.jpg,1930,1930,0
40595.jpg,1930,1925,-5
40600.jpg,1930,1930,0
40605.jpg,1930,1930,0
40610.jpg,1930,1917,-13
40615.jpg,1930,1830,-100
40620.jpg,1930,1930,0
40625.jpg,1930,1925,-5
40630.jpg,1930,1930,0
40635.jpg,1930,1920,-10
40640.jpg,1930,2010,80
40645.jpg,1930,2005,75
40650.jpg,1930,1930,0
40655.jpg,1930,1930,0
40660.jpg,1930,1850,-80
40665.jpg,1930,1929,-1
40670.jpg,1930,2010,80
40675.jpg,1930,1880,-50
40680.jpg,1930,1750,-180
40685.jpg,1930,1930,0
40690.jpg,1930,1920,-10
40695.jpg,1930,1930,0
40700.jpg,1930,1910,-20
40705.jpg,1930,1975,45
40710.jpg,1930,1745,-185
40715.jpg,1930,1920,-10
40720.jpg,1930,1900,-30
40725.jpg,1930,1920,-10
40730.jpg,1930,1920,-10
40735.jpg,1930,1880,-50
40740.jpg,1930,1880,-50
40745.jpg,1930,1930,0
40750.jpg,1930,1850,-80
40755.jpg,1930,1935,5
40760.jpg,1930,1930,0
40765.jpg,1930,1920,-10
40770.jpg,1930,1925,-5
40775.jpg,1930,1884,-46
40780.jpg,1930,2005,75
40785.jpg,1930,1935,5
40790.jpg,1930,1930,0
40795.jpg,1930,1925,-5
40800.jpg,1930,1930,0
40805.jpg,1930,-1,-1931
40810.jpg,1930,1926,-4
40815.jpg,1930,1930,0
40820.jpg,1930,1930,0
40825.jpg,1930,1915,-15
40830.jpg,1930,1928,-2
40835.jpg,1930,-1,-1931
40840.jpg,1930,1900,-30
40845.jpg,1930,1930,0
40850.jpg,1930,1929,-1
40855.jpg,1930,1930,0
40860.jpg,1930,1925,-5
40865.jpg,1930,1930,0
40870.jpg,1930,1930,0
40875.jpg,1930,1928,-2
40885.jpg,1930,1930,0
40890.jpg,1930,1920,-10
40895.jpg,1930,1890,-40
40900.jpg,1930,1924,-6
40905.jpg,1930,1920,-10
40910.jpg,1930,1908,-22
40915.jpg,1930,1900,-30
40920.jpg,1930,1915,-15
40925.jpg,1930,1929,-1
40930.jpg,1930,1930,0
40935.jpg,1930,1932,2
40940.jpg,1930,1900,-30
40950.jpg,1930,-1,-1931
40960.jpg,1930,1930,0
40965.jpg,1931,1965,34
40970.jpg,1931,1930,-1
40975.jpg,1931,1927,-4
40980.jpg,1931,1930,-1
40985.jpg,1931,1921,-10
40990.jpg,1931,1927,-4
40995.jpg,1931,1930,-1
41000.jpg,1931,1900,-31
41005.jpg,1931,1937,6
41010.jpg,1931,2004,73
41015.jpg,1931,1965,34
41020.jpg,1931,1925,-6
41025.jpg,1931,1964,33
41030.jpg,1931,1989,58
41035.jpg,1931,1930,-1
41040.jpg,1931,1935,4
41045.jpg,1931,1920,-11
41050.jpg,1931,1930,-1
41055.jpg,1931,1930,-1
41060.jpg,1931,1930,-1
41065.jpg,1931,1930,-1
41070.jpg,1931,1930,-1
41075.jpg,1931,1929,-2
41080.jpg,1931,1930,-1
41085.jpg,1931,1930,-1
41095.jpg,1931,1929,-2
41100.jpg,1931,1914,-17
41105.jpg,1931,1930,-1
41110.jpg,1931,1925,-6
41115.jpg,1931,1920,-11
41120.jpg,1931,1935,4
41125.jpg,1931,1930,-1
41130.jpg,1931,1985,54
41135.jpg,1931,1930,-1
41140.jpg,1931,1930,-1
41150.jpg,1931,1895,-36
41155.jpg,1931,1750,-181
41160.jpg,1931,1930,-1
41165.jpg,1931,1850,-81
41170.jpg,1931,1610,-321
41175.jpg,1931,1875,-56
41180.jpg,1931,1930,-1
41185.jpg,1931,1920,-11
41190.jpg,1931,1920,-11
41195.jpg,1931,1930,-1
41200.jpg,1931,1890,-41
41205.jpg,1931,1925,-6
41210.jpg,1931,1936,5
41215.jpg,1931,1920,-11
41220.jpg,1931,1895,-36
41225.jpg,1931,1750,-181
41230.jpg,1931,1924,-7
41235.jpg,1931,2002,71
41240.jpg,1931,1910,-21
41245.jpg,1931,1935,4
41250.jpg,1931,1920,-11
41255.jpg,1931,1939,8
41260.jpg,1931,1930,-1
41265.jpg,1931,1919,-12
41270.jpg,1931,1920,-11
41275.jpg,1931,1930,-1
41280.jpg,1931,1935,4
41285.jpg,1931,1930,-1
41290.jpg,1931,1970,39
41295.jpg,1931,1970,39
41305.jpg,1931,1930,-1
41310.jpg,1932,1930,-2
41320.jpg,1932,1932,0
41325.jpg,1932,1732,-200
41330.jpg,1932,1950,18
41340.jpg,1932,1985,53
41345.jpg,1932,1920,-12
41350.jpg,1932,1906,-26
41355.jpg,1932,1930,-2
41360.jpg,1932,1950,18
41365.jpg,1932,1905,-27
41370.jpg,1932,1931,-1
41375.jpg,1932,1930,-2
41380.jpg,1932,1930,-2
41385.jpg,1932,1931,-1
41390.jpg,1932,1955,23
41395.jpg,1932,1935,3
41400.jpg,1932,1930,-2
41405.jpg,1932,1929,-3
41410.jpg,1932,1910,-22
41415.jpg,1932,1932,0
41420.jpg,1932,1925,-7
41425.jpg,1932,1920,-12
41430.jpg,1932,1930,-2
41435.jpg,1932,1930,-2
41440.jpg,1932,1920,-12
41445.jpg,1932,1930,-2
41450.jpg,1932,1920,-12
41455.jpg,1932,1750,-182
41460.jpg,1932,1750,-182
41465.jpg,1932,1950,18
41470.jpg,1932,1950,18
41475.jpg,1932,1900,-32
41480.jpg,1932,1930,-2
41485.jpg,1932,1848,-84
41490.jpg,1932,1975,43
41495.jpg,1932,1930,-2
41500.jpg,1932,1988,56
41505.jpg,1932,1950,18
41510.jpg,1932,1930,-2
41515.jpg,1932,1905,-27
41520.jpg,1932,1930,-2
41525.jpg,1932,1930,-2
41530.jpg,1932,1930,-2
41535.jpg,1932,1930,-2
41540.jpg,1932,1980,48
41545.jpg,1932,1925,-7
41550.jpg,1932,2005,73
41555.jpg,1932,1927,-5
41560.jpg,1932,1890,-42
41565.jpg,1932,1930,-2
41570.jpg,1933,1970,37
41575.jpg,1933,1900,-33
41580.jpg,1933,1870,-63
41585.jpg,1933,1980,47
41590.jpg,1933,1975,42
41595.jpg,1933,1922,-11
41600.jpg,1933,1890,-43
41605.jpg,1933,1925,-8
41610.jpg,1933,1930,-3
41615.jpg,1933,1776,-157
41620.jpg,1933,1980,47
41625.jpg,1933,1950,17
41630.jpg,1933,1933,0
41635.jpg,1933,1900,-33
41640.jpg,1933,1700,-233
41645.jpg,1933,1830,-103
41650.jpg,1933,1890,-43
41655.jpg,1933,1905,-28
41660.jpg,1933,1930,-3
41665.jpg,1933,1900,-33
41670.jpg,1933,1915,-18
41675.jpg,1933,1925,-8
41680.jpg,1933,1917,-16
41685.jpg,1933,1798,-135
41690.jpg,1933,1920,-13
41695.jpg,1933,1930,-3
41700.jpg,1933,1930,-3
41705.jpg,1933,1915,-18
41710.jpg,1933,1830,-103
41715.jpg,1933,1810,-123
41720.jpg,1933,1900,-33
41725.jpg,1933,1930,-3
41730.jpg,1933,1900,-33
41745.jpg,1933,1820,-113
41750.jpg,1933,1930,-3
41755.jpg,1933,1955,22
41760.jpg,1933,2010,77
41765.jpg,1933,1930,-3
41770.jpg,1933,1810,-123
41775.jpg,1933,1930,-3
41780.jpg,1933,1815,-118
41785.jpg,1933,1870,-63
41790.jpg,1933,1920,-13
41795.jpg,1933,1930,-3
41800.jpg,1933,1950,17
41805.jpg,1933,1950,17
41810.jpg,1933,1930,-3
41815.jpg,1933,1870,-63
41820.jpg,1933,1930,-3
41825.jpg,1933,1930,-3
41830.jpg,1933,1930,-3
41835.jpg,1934,1955,21
41840.jpg,1934,1924,-10
41845.jpg,1934,1970,36
41850.jpg,1934,1930,-4
41855.jpg,1934,1975,41
41860.jpg,1934,2000,66
41865.jpg,1934,2005,71
41870.jpg,1934,2018,84
41875.jpg,1934,1937,3
41880.jpg,1934,1930,-4
41885.jpg,1934,1920,-14
41890.jpg,1934,1930,-4
41895.jpg,1934,2010,76
41900.jpg,1934,1937,3
41905.jpg,1934,1860,-74
41910.jpg,1934,1920,-14
41915.jpg,1934,1950,16
41920.jpg,1934,1970,36
41925.jpg,1934,1875,-59
41930.jpg,1934,1950,16
41935.jpg,1934,1975,41
41940.jpg,1934,1925,-9
41945.jpg,1934,1905,-29
41950.jpg,1934,1920,-14
41955.jpg,1934,1820,-114
41960.jpg,1934,1930,-4
41965.jpg,1934,1920,-14
41970.jpg,1934,1781,-153
41975.jpg,1934,1997,63
41980.jpg,1934,1980,46
41985.jpg,1934,1930,-4
41990.jpg,1934,1930,-4
41995.jpg,1934,1930,-4
42000.jpg,1934,1920,-14
42005.jpg,1934,1930,-4
42010.jpg,1935,1990,55
42015.jpg,1935,1905,-30
42020.jpg,1935,1937,2
42025.jpg,1935,250,-1685
42035.jpg,1935,1975,40
42040.jpg,1935,2005,70
42045.jpg,1935,1884,-51
42050.jpg,1935,1930,-5
42060.jpg,1935,1930,-5
42065.jpg,1935,1970,35
42070.jpg,1935,1930,-5
42075.jpg,1935,1930,-5
42080.jpg,1935,1939,4
42085.jpg,1935,1897,-38
42090.jpg,1935,1930,-5
42095.jpg,1935,1890,-45
42100.jpg,1935,1960,25
42105.jpg,1935,1930,-5
42110.jpg,1935,1985,50
42115.jpg,1935,1900,-35
42120.jpg,1935,1930,-5
42125.jpg,1935,1800,-135
42130.jpg,1935,1930,-5
42135.jpg,1935,1930,-5
42140.jpg,1935,1945,10
42145.jpg,1935,1780,-155
42150.jpg,1935,1830,-105
42155.jpg,1935,1800,-135
42160.jpg,1935,1930,-5
42165.jpg,1935,1930,-5
42170.jpg,1935,1930,-5
42175.jpg,1935,2005,70
42180.jpg,1935,1920,-15
42185.jpg,1935,1970,35
42190.jpg,1935,1910,-25
42195.jpg,1935,1930,-5
42200.jpg,1935,2010,75
42205.jpg,1935,1930,-5
42210.jpg,1935,1930,-5
42215.jpg,1935,1880,-55
42220.jpg,1935,1920,-15
42225.jpg,1935,1930,-5
42230.jpg,1935,1915,-20
42235.jpg,1935,1935,0
42240.jpg,1935,1930,-5
42250.jpg,1935,1950,15
42255.jpg,1935,1930,-5
42260.jpg,1935,1960,25
42265.jpg,1935,1930,-5
42270.jpg,1935,1936,1
42275.jpg,1935,1950,15
42280.jpg,1935,1965,30
42285.jpg,1935,1950,15
42290.jpg,1935,1935,0
42295.jpg,1936,1900,-36
42300.jpg,1936,2010,74
42305.jpg,1936,1940,4
42310.jpg,1936,1930,-6
42315.jpg,1936,1905,-31
42320.jpg,1936,2005,69
42325.jpg,1936,1950,14
42330.jpg,1936,2009,73
42335.jpg,1936,2000,64
42340.jpg,1936,1930,-6
42345.jpg,1936,1930,-6
42350.jpg,1936,1965,29
42355.jpg,1936,1935,-1
42360.jpg,1936,1920,-16
42365.jpg,1936,1921,-15
42370.jpg,1936,1930,-6
42375.jpg,1936,1890,-46
42380.jpg,1936,1970,34
42385.jpg,1936,1930,-6
42390.jpg,1936,1990,54
42395.jpg,1936,1936,0
42400.jpg,1936,1935,-1
42405.jpg,1936,1930,-6
42410.jpg,1936,2005,69
42415.jpg,1936,1929,-7
42420.jpg,1936,1932,-4
42425.jpg,1936,1950,14
42430.jpg,1936,1920,-16
42435.jpg,1936,1930,-6
42440.jpg,1936,1930,-6
42445.jpg,1936,1880,-56
42450.jpg,1936,1945,9
42455.jpg,1936,1935,-1
42460.jpg,1936,1937,1
42465.jpg,1936,1930,-6
42470.jpg,1936,1935,-1
42475.jpg,1936,1930,-6
42480.jpg,1936,1850,-86
42485.jpg,1936,1905,-31
42490.jpg,1936,1935,-1
42495.jpg,1936,1930,-6
42500.jpg,1936,1930,-6
42505.jpg,1936,1925,-11
42510.jpg,1936,1880,-56
42515.jpg,1936,1930,-6
42520.jpg,1936,1936,0
42525.jpg,1936,1930,-6
42530.jpg,1936,1965,29
42535.jpg,1936,1930,-6
42540.jpg,1936,1894,-42
42545.jpg,1936,1930,-6
42550.jpg,1936,1930,-6
42555.jpg,1936,1620,-316
42560.jpg,1936,1910,-26
42565.jpg,1936,1829,-107
42570.jpg,1936,1935,-1
42575.jpg,1936,1930,-6
42585.jpg,1936,1970,34
42595.jpg,1936,1960,24
42600.jpg,1936,1953,17
42610.jpg,1937,1930,-7
42615.jpg,1937,1930,-7
42620.jpg,1937,1939,2
42625.jpg,1937,1909,-28
42630.jpg,1937,2000,63
42635.jpg,1937,1935,-2
42640.jpg,1937,2000,63
42645.jpg,1937,1930,-7
42650.jpg,1937,1935,-2
42655.jpg,1937,2005,68
42660.jpg,1937,1920,-17
42665.jpg,1937,1880,-57
42670.jpg,1937,1900,-37
42675.jpg,1937,1960,23
42680.jpg,1937,2000,63
42685.jpg,1937,1965,28
42690.jpg,1937,1920,-17
42695.jpg,1937,1920,-17
42700.jpg,1937,1930,-7
42705.jpg,1937,1935,-2
42710.jpg,1937,1930,-7
42715.jpg,1937,1980,43
42720.jpg,1937,1920,-17
42725.jpg,1937,1900,-37
42730.jpg,1937,1950,13
42735.jpg,1937,1955,18
42740.jpg,1937,1937,0
42745.jpg,1937,1930,-7
42750.jpg,1937,1960,23
42755.jpg,1937,1907,-30
42765.jpg,1937,1750,-187
42770.jpg,1937,2005,68
42775.jpg,1937,1930,-7
42780.jpg,1937,1939,2
42785.jpg,1937,1937,0
42790.jpg,1937,1900,-37
42795.jpg,1937,1935,-2
42800.jpg,1937,1900,-37
42805.jpg,1937,1935,-2
42810.jpg,1937,1720,-217
42815.jpg,1937,1930,-7
42820.jpg,1937,1985,48
42825.jpg,1937,1890,-47
42830.jpg,1937,1955,18
42835.jpg,1937,1930,-7
42840.jpg,1937,1920,-17
42845.jpg,1937,1930,-7
42850.jpg,1937,1920,-17
42855.jpg,1937,1935,-2
42860.jpg,1937,1900,-37
42865.jpg,1937,1965,28
42870.jpg,1937,1965,28
42875.jpg,1937,1955,18
42880.jpg,1937,1920,-17
42885.jpg,1937,1960,23
42890.jpg,1937,1925,-12
42895.jpg,1937,1930,-7
42900.jpg,1937,1960,23
42905.jpg,1937,1930,-7
42910.jpg,1937,1000,-937
42915.jpg,1938,1960,22
42920.jpg,1938,1930,-8
42925.jpg,1938,1919,-19
42930.jpg,1938,1930,-8
42935.jpg,1938,1930,-8
42940.jpg,1938,1972,34
42945.jpg,1938,2000,62
42950.jpg,1938,1990,52
42955.jpg,1938,2005,67
42960.jpg,1938,1930,-8
42965.jpg,1938,1935,-3
42970.jpg,1938,1930,-8
42975.jpg,1938,1925,-13
42980.jpg,1938,1910,-28
42985.jpg,1938,1890,-48
42990.jpg,1938,1930,-8
42995.jpg,1938,1930,-8
43000.jpg,1938,1935,-3
43005.jpg,1938,1930,-8
43010.jpg,1938,1900,-38
43015.jpg,1938,1920,-18
43020.jpg,1938,1890,-48
43025.jpg,1938,1953,15
43030.jpg,1938,1920,-18
43035.jpg,1938,1890,-48
43040.jpg,1938,1940,2
43045.jpg,1938,1930,-8
43050.jpg,1938,1985,47
43055.jpg,1938,1930,-8
43060.jpg,1938,1960,22
43065.jpg,1938,1930,-8
43070.jpg,1938,1995,57
43075.jpg,1938,1950,12
43080.jpg,1938,1930,-8
43085.jpg,1938,1930,-8
43090.jpg,1938,1970,32
43095.jpg,1938,1900,-38
43100.jpg,1938,1997,59
43105.jpg,1938,1930,-8
43110.jpg,1938,1935,-3
43115.jpg,1938,1921,-17
43120.jpg,1938,1920,-18
43125.jpg,1938,1923,-15
43130.jpg,1938,1930,-8
43135.jpg,1938,1890,-48
43140.jpg,1938,2010,72
43145.jpg,1938,1930,-8
43150.jpg,1938,1834,-104
43155.jpg,1938,1950,12
43160.jpg,1938,1932,-6
43165.jpg,1938,1962,24
43170.jpg,1938,1935,-3
43175.jpg,1938,1953,15
43185.jpg,1938,1931,-7
43190.jpg,1938,1935,-3
43195.jpg,1938,1935,-3
43200.jpg,1938,1950,12
43210.jpg,1939,1938,-1
43215.jpg,1939,1930,-9
43220.jpg,1939,1960,21
43225.jpg,1939,1850,-89
43235.jpg,1939,2005,66
43245.jpg,1939,2005,66
43250.jpg,1939,1985,46
43255.jpg,1939,1990,51
43260.jpg,1939,1975,36
43270.jpg,1939,1930,-9
43275.jpg,1939,1930,-9
43280.jpg,1939,1850,-89
43285.jpg,1939,1950,11
43290.jpg,1939,1930,-9
43295.jpg,1939,1930,-9
43300.jpg,1939,1950,11
43305.jpg,1939,1957,18
43310.jpg,1939,1935,-4
43315.jpg,1939,1930,-9
43320.jpg,1939,1950,11
43325.jpg,1939,1930,-9
43330.jpg,1939,-1,-1940
43335.jpg,1939,1931,-8
43340.jpg,1939,1990,51
43345.jpg,1939,1875,-64
43350.jpg,1939,1959,20
43360.jpg,1939,1920,-19
43365.jpg,1939,1885,-54
43370.jpg,1939,1900,-39
43375.jpg,1939,1900,-39
43380.jpg,1939,1950,11
43385.jpg,1939,1950,11
43390.jpg,1939,1955,16
43395.jpg,1939,1955,16
43400.jpg,1939,2010,71
43405.jpg,1939,2010,71
43410.jpg,1939,1935,-4
43415.jpg,1939,1930,-9
43420.jpg,1939,1935,-4
43425.jpg,1939,1930,-9
43430.jpg,1939,1850,-89
43435.jpg,1939,1940,1
43440.jpg,1939,1920,-19
43445.jpg,1939,1990,51
43450.jpg,1939,1970,31
43455.jpg,1939,1935,-4
43460.jpg,1939,1910,-29
43465.jpg,1939,1920,-19
43470.jpg,1940,1930,-10
43475.jpg,1940,1930,-10
43480.jpg,1940,1930,-10
43485.jpg,1940,1920,-20
43490.jpg,1940,1945,5
43495.jpg,1940,1964,24
43500.jpg,1940,1923,-17
43505.jpg,1940,2010,70
43510.jpg,1940,1950,10
43515.jpg,1940,1985,45
43520.jpg,1940,1930,-10
43525.jpg,1940,1830,-110
43530.jpg,1940,1930,-10
43535.jpg,1940,1890,-50
43540.jpg,1940,1960,20
43545.jpg,1940,1975,35
43550.jpg,1940,1925,-15
43555.jpg,1940,1935,-5
43560.jpg,1940,1925,-15
43565.jpg,1940,1935,-5
43570.jpg,1940,1930,-10
43575.jpg,1940,1930,-10
43580.jpg,1940,1885,-55
43585.jpg,1940,1930,-10
43590.jpg,1940,1930,-10
43595.jpg,1940,2005,65
43600.jpg,1940,1900,-40
43605.jpg,1940,1935,-5
43610.jpg,1940,1890,-50
43615.jpg,1940,1820,-120
43620.jpg,1940,1950,10
43625.jpg,1940,1880,-60
43630.jpg,1940,1929,-11
43635.jpg,1940,1924,-16
43640.jpg,1940,1950,10
43645.jpg,1940,1970,30
43650.jpg,1940,1930,-10
43655.jpg,1940,1950,10
43660.jpg,1940,1930,-10
43665.jpg,1940,1930,-10
43670.jpg,1940,1930,-10
43675.jpg,1940,1950,10
43680.jpg,1940,1934,-6
43685.jpg,1940,1980,40
43700.jpg,1940,1920,-20
43705.jpg,1940,1930,-10
43710.jpg,1940,1925,-15
43715.jpg,1940,1930,-10
43720.jpg,1941,1930,-11
43725.jpg,1941,1939,-2
43730.jpg,1941,2010,69
43735.jpg,1941,2010,69
43740.jpg,1941,2005,64
43745.jpg,1941,1746,-195
43750.jpg,1941,1930,-11
43755.jpg,1941,1860,-81
43760.jpg,1941,1930,-11
43765.jpg,1941,1850,-91
43770.jpg,1941,1930,-11
43775.jpg,1941,-1,-1942
43780.jpg,1941,1930,-11
43785.jpg,1941,1930,-11
43790.jpg,1941,1920,-21
43795.jpg,1941,2005,64
43800.jpg,1941,1890,-51
43805.jpg,1941,1870,-71
43810.jpg,1941,1935,-6
43815.jpg,1941,1955,14
43820.jpg,1941,1950,9
43825.jpg,1941,1945,4
43830.jpg,1941,1930,-11
43835.jpg,1941,1975,34
43840.jpg,1941,1965,24
43845.jpg,1941,1932,-9
43850.jpg,1941,1950,9
43855.jpg,1941,1920,-21
43860.jpg,1941,1930,-11
43865.jpg,1942,1940,-2
43870.jpg,1942,1931,-11
43875.jpg,1942,1940,-2
43880.jpg,1942,1950,8
43885.jpg,1942,1985,43
43890.jpg,1942,1970,28
43895.jpg,1942,1930,-12
43900.jpg,1942,1906,-36
43905.jpg,1942,1905,-37
43910.jpg,1942,1960,18
43915.jpg,1942,1810,-132
43920.jpg,1942,1960,18
43925.jpg,1942,2005,63
43930.jpg,1942,1930,-12
43935.jpg,1942,1920,-22
43940.jpg,1942,1880,-62
43945.jpg,1942,1960,18
43950.jpg,1942,1920,-22
43955.jpg,1942,1920,-22
43960.jpg,1943,1930,-13
43965.jpg,1943,1970,27
43970.jpg,1943,1985,42
43975.jpg,1943,1930,-13
43980.jpg,1943,1998,55
43985.jpg,1943,1930,-13
43990.jpg,1943,1995,52
43995.jpg,1943,1928,-15
44000.jpg,1943,1955,12
44005.jpg,1943,1990,47
44010.jpg,1943,1980,37
44015.jpg,1943,1955,12
44020.jpg,1943,1930,-13
44025.jpg,1943,1975,32
44030.jpg,1944,1900,-44
44035.jpg,1944,1960,16
44040.jpg,1944,2010,66
44045.jpg,1944,1935,-9
44050.jpg,1944,1820,-124
44055.jpg,1944,1945,1
44060.jpg,1945,1780,-165
44065.jpg,1945,1930,-15
44075.jpg,1945,1980,35
44080.jpg,1945,-1,-1946
44090.jpg,1945,1895,-50
44095.jpg,1945,1985,40
44100.jpg,1945,1985,40
44105.jpg,1945,1930,-15
44110.jpg,1945,1930,-15
44115.jpg,1946,1985,39
44120.jpg,1946,1995,49
44125.jpg,1946,1950,4
44130.jpg,1946,2000,54
44135.jpg,1946,1931,-15
44140.jpg,1946,1960,14
44145.jpg,1946,1935,-11
44150.jpg,1946,1920,-26
44155.jpg,1946,1925,-21
44160.jpg,1946,1930,-16
44165.jpg,1946,1960,14
44170.jpg,1946,1970,24
44175.jpg,1947,1935,-12
44180.jpg,1947,1930,-17
44185.jpg,1947,1750,-197
44190.jpg,1947,1985,38
44195.jpg,1947,2005,58
44200.jpg,1947,1965,18
44205.jpg,1947,1970,23
44210.jpg,1947,1985,38
44215.jpg,1947,1930,-17
44220.jpg,1947,1935,-12
44230.jpg,1947,1950,3
44240.jpg,1947,1950,3
44245.jpg,1947,1930,-17
44250.jpg,1947,1930,-17
44255.jpg,1947,2006,59
44260.jpg,1947,1900,-47
44270.jpg,1947,1950,3
44275.jpg,1947,1900,-47
44280.jpg,1947,1940,-7
44285.jpg,1948,1930,-18
44290.jpg,1948,2010,62
44295.jpg,1948,2000,52
44300.jpg,1948,1930,-18
44305.jpg,1948,-1,-1949
44310.jpg,1948,2005,57
44315.jpg,1948,2006,58
44320.jpg,1948,1965,17
44325.jpg,1948,1950,2
44330.jpg,1948,1939,-9
44335.jpg,1948,1930,-18
44340.jpg,1948,2001,53
44345.jpg,1948,1960,12
44350.jpg,1948,1940,-8
44355.jpg,1948,1950,2
44360.jpg,1948,1960,12
44365.jpg,1948,1930,-18
44370.jpg,1948,1890,-58
44375.jpg,1948,1920,-28
44380.jpg,1948,1975,27
44385.jpg,1948,1980,32
44390.jpg,1948,1935,-13
44395.jpg,1948,1930,-18
44400.jpg,1949,1838,-111
44405.jpg,1949,2005,56
44410.jpg,1949,1930,-19
44415.jpg,1949,2005,56
44420.jpg,1949,2010,61
44425.jpg,1949,1995,46
44430.jpg,1949,1960,11
44435.jpg,1949,1965,16
44440.jpg,1949,1975,26
44445.jpg,1949,1990,41
44450.jpg,1949,1930,-19
44455.jpg,1949,1930,-19
44460.jpg,1949,1930,-19
44465.jpg,1949,1905,-44
44470.jpg,1949,1983,34
44475.jpg,1949,1930,-19
44480.jpg,1949,1955,6
44485.jpg,1949,1950,1
44490.jpg,1949,1920,-29
44495.jpg,1949,1955,6
44500.jpg,1949,1955,6
44510.jpg,1949,1904,-45
44515.jpg,1949,1910,-39
44520.jpg,1949,2005,56
44525.jpg,1949,1920,-29
44530.jpg,1949,1930,-19
44535.jpg,1949,-1,-1950
44540.jpg,1950,1957,7
44545.jpg,1950,2005,55
44550.jpg,1950,1950,0
44555.jpg,1950,1970,20
44560.jpg,1950,1974,24
44565.jpg,1950,1970,20
44570.jpg,1950,1965,15
44575.jpg,1950,1930,-20
44585.jpg,1950,1960,10
44590.jpg,1950,1984,34
44595.jpg,1950,2003,53
44600.jpg,1950,1975,25
44605.jpg,1950,1937,-13
44610.jpg,1950,1970,20
44615.jpg,1950,1965,15
44620.jpg,1950,1965,15
44625.jpg,1950,1850,-100
44630.jpg,1950,1967,17
44635.jpg,1950,1930,-20
44640.jpg,1950,1950,0
44645.jpg,1950,1930,-20
44650.jpg,1950,-1,-1951
44655.jpg,1950,1950,0
44660.jpg,1950,1970,20
44665.jpg,1950,1950,0
44680.jpg,1950,2005,55
44685.jpg,1950,1955,5
44690.jpg,1950,1960,10
44695.jpg,1950,1910,-40
44700.jpg,1950,1975,25
44705.jpg,1951,1960,9
44710.jpg,1951,1910,-41
44720.jpg,1951,1950,-1
44725.jpg,1951,2005,54
44730.jpg,1951,1990,39
44735.jpg,1951,1937,-14
44740.jpg,1951,1870,-81
44745.jpg,1951,1975,24
44750.jpg,1951,1955,4
44755.jpg,1951,1960,9
44760.jpg,1951,1960,9
44765.jpg,1951,1895,-56
44770.jpg,1951,-1,-1952
44775.jpg,1951,1925,-26
44780.jpg,1951,1880,-71
44785.jpg,1951,1955,4
44790.jpg,1951,1955,4
44795.jpg,1951,2010,59
44800.jpg,1951,1950,-1
44810.jpg,1951,1905,-46
44815.jpg,1951,1930,-21
44820.jpg,1951,1935,-16
44825.jpg,1951,2008,57
44830.jpg,1951,1994,43
44840.jpg,1951,1930,-21
44845.jpg,1952,1960,8
44850.jpg,1952,2000,48
44855.jpg,1952,2010,58
44860.jpg,1952,1960,8
44865.jpg,1952,2010,58
44870.jpg,1952,1990,38
44875.jpg,1952,1965,13
44880.jpg,1952,1975,23
44885.jpg,1952,1970,18
44890.jpg,1952,1950,-2
44895.jpg,1952,1952,0
44900.jpg,1952,1930,-22
44905.jpg,1952,1939,-13
44910.jpg,1952,2005,53
44915.jpg,1952,1960,8
44920.jpg,1952,1970,18
44925.jpg,1952,1960,8
44930.jpg,1952,2005,53
44940.jpg,1952,1931,-21
44945.jpg,1952,1965,13
44950.jpg,1952,1975,23
44955.jpg,1952,2005,53
44960.jpg,1953,1995,42
44965.jpg,1953,2009,56
44970.jpg,1953,2005,52
44980.jpg,1953,1935,-18
44985.jpg,1953,2000,47
44990.jpg,1953,2009,56
44995.jpg,1953,1968,15
45000.jpg,1953,2004,51
45005.jpg,1953,1930,-23
45010.jpg,1953,1930,-23
45015.jpg,1953,1950,-3
45020.jpg,1953,1970,17
45025.jpg,1953,1935,-18
45030.jpg,1953,1960,7
45035.jpg,1953,1960,7
45040.jpg,1953,1950,-3
45045.jpg,1953,1900,-53
45050.jpg,1953,1950,-3
45055.jpg,1953,1940,-13
45060.jpg,1953,1960,7
45065.jpg,1953,1975,22
45070.jpg,1953,1955,2
45075.jpg,1953,2005,52
45080.jpg,1953,1960,7
45085.jpg,1953,1985,32
45090.jpg,1953,1850,-103
45095.jpg,1954,1952,-2
45100.jpg,1954,2005,51
45105.jpg,1954,1965,11
45110.jpg,1954,1965,11
45115.jpg,1954,1975,21
45120.jpg,1954,1980,26
45125.jpg,1954,1964,10
45130.jpg,1954,1960,6
45135.jpg,1954,1985,31
45140.jpg,1954,1974,20
45150.jpg,1954,1930,-24
45155.jpg,1954,1930,-24
45160.jpg,1954,1965,11
45165.jpg,1954,1900,-54
45170.jpg,1954,1992,38
45175.jpg,1954,1930,-24
45180.jpg,1954,1900,-54
45185.jpg,1954,1980,26
45190.jpg,1954,1955,1
45195.jpg,1954,1930,-24
45200.jpg,1954,1955,1
45205.jpg,1954,1903,-51
45210.jpg,1954,1925,-29
45215.jpg,1954,1995,41
45220.jpg,1954,1827,-127
45225.jpg,1954,1982,28
45230.jpg,1954,1985,31
45235.jpg,1955,1850,-105
45240.jpg,1955,1937,-18
45245.jpg,1955,1970,15
45250.jpg,1955,1997,42
45255.jpg,1955,1970,15
45260.jpg,1955,1850,-105
45265.jpg,1955,2003,48
45275.jpg,1955,1970,15
45280.jpg,1955,2005,50
45285.jpg,1955,1960,5
45290.jpg,1955,1985,30
45295.jpg,1955,1977,22
45300.jpg,1955,2019,64
45310.jpg,1955,1965,10
45315.jpg,1955,1992,37
45320.jpg,1955,1850,-105
45325.jpg,1955,1960,5
45330.jpg,1955,1955,0
45335.jpg,1955,1935,-20
45345.jpg,1955,2005,50
45350.jpg,1955,1930,-25
45355.jpg,1955,2005,50
45360.jpg,1955,1839,-116
45365.jpg,1955,1985,30
45370.jpg,1955,1950,-5
45375.jpg,1955,1800,-155
45385.jpg,1956,1970,14
45390.jpg,1956,1930,-26
45395.jpg,1956,1990,34
45400.jpg,1956,2010,54
45405.jpg,1956,1962,6
45410.jpg,1956,1975,19
45415.jpg,1956,1970,14
45420.jpg,1956,1975,19
45430.jpg,1956,2005,49
45435.jpg,1956,1835,-121
45440.jpg,1956,1975,19
45445.jpg,1956,1985,29
45450.jpg,1956,1970,14
45455.jpg,1956,2005,49
45460.jpg,1956,1929,-27
45465.jpg,1956,1928,-28
45470.jpg,1956,1956,0
45475.jpg,1956,1935,-21
45480.jpg,1956,1955,-1
45485.jpg,1956,1950,-6
45490.jpg,1956,1925,-31
45495.jpg,1956,1890,-66
45500.jpg,1956,2010,54
45505.jpg,1956,2005,49
45510.jpg,1956,1990,34
45515.jpg,1956,2005,49
45520.jpg,1956,1895,-61
45530.jpg,1957,1930,-27
45535.jpg,1957,1980,23
45540.jpg,1957,2000,43
45545.jpg,1957,2003,46
45550.jpg,1957,2005,48
45555.jpg,1957,1938,-19
45560.jpg,1957,1995,38
45565.jpg,1957,1968,11
45570.jpg,1957,1990,33
45575.jpg,1957,1925,-32
45585.jpg,1957,1925,-32
45590.jpg,1957,1975,18
45595.jpg,1957,1990,33
45605.jpg,1957,1985,28
45610.jpg,1957,-1,-1958
45615.jpg,1957,1965,8
45620.jpg,1957,1995,38
45630.jpg,1957,1880,-77
45635.jpg,1957,1962,5
45640.jpg,1957,1935,-22
45645.jpg,1957,1930,-27
45650.jpg,1957,1955,-2
45655.jpg,1957,1950,-7
45660.jpg,1957,1960,3
45665.jpg,1957,1880,-77
45675.jpg,1957,2010,53
45680.jpg,1957,1920,-37
45685.jpg,1957,1966,9
45695.jpg,1957,2005,48
45700.jpg,1958,1930,-28
45705.jpg,1958,2010,52
45715.jpg,1958,1983,25
45720.jpg,1958,1975,17
45730.jpg,1958,1970,12
45735.jpg,1958,2010,52
45740.jpg,1958,1990,32
45745.jpg,1958,1930,-28
45750.jpg,1958,1995,37
45755.jpg,1958,1930,-28
45760.jpg,1958,1965,7
45765.jpg,1958,1968,10
45770.jpg,1958,1958,0
45775.jpg,1958,1960,2
45780.jpg,1958,1945,-13
45785.jpg,1958,1990,32
45790.jpg,1958,1965,7
45795.jpg,1958,1960,2
45800.jpg,1958,1950,-8
45805.jpg,1958,1935,-23
45810.jpg,1958,1650,-308
45815.jpg,1958,1998,40
45820.jpg,1958,2005,47
45825.jpg,1958,1990,32
45830.jpg,1958,1990,32
45835.jpg,1958,1980,22
45840.jpg,1958,1955,-3
45845.jpg,1958,1965,7
45850.jpg,1958,1955,-3
45855.jpg,1959,2005,46
45860.jpg,1959,1900,-59
45870.jpg,1959,1993,34
45880.jpg,1959,1920,-39
45885.jpg,1959,1985,26
45890.jpg,1959,1937,-22
45895.jpg,1959,1959,0
45900.jpg,1959,1965,6
45905.jpg,1959,1950,-9
45910.jpg,1959,2010,51
45915.jpg,1959,1965,6
45925.jpg,1959,-1,-1960
45930.jpg,1959,1955,-4
45935.jpg,1959,1975,16
45940.jpg,1959,1985,26
45945.jpg,1959,2008,49
45950.jpg,1959,2005,46
45955.jpg,1959,1994,35
45960.jpg,1959,1965,6
45965.jpg,1959,1938,-21
45970.jpg,1959,1985,26
45975.jpg,1959,1955,-4
45980.jpg,1959,1960,1
45985.jpg,1959,1900,-59
45990.jpg,1960,1905,-55
45995.jpg,1960,2000,40
46000.jpg,1960,1994,34
46005.jpg,1960,1990,30
46015.jpg,1960,1970,10
46025.jpg,1960,1998,38
46030.jpg,1960,1964,4
46035.jpg,1960,1965,5
46040.jpg,1960,1965,5
46045.jpg,1960,1965,5
46050.jpg,1960,1933,-27
46055.jpg,1960,1900,-60
46060.jpg,1960,1970,10
46065.jpg,1960,1930,-30
46070.jpg,1960,1960,0
46075.jpg,1960,1990,30
46080.jpg,1960,1955,-5
46085.jpg,1960,1850,-110
46090.jpg,1960,1950,-10
46095.jpg,1960,1960,0
46100.jpg,1960,1960,0
46105.jpg,1960,1960,0
46110.jpg,1960,2005,45
46115.jpg,1960,2010,50
46120.jpg,1960,1990,30
46130.jpg,1960,1880,-80
46135.jpg,1960,1965,5
46140.jpg,1960,1930,-30
46145.jpg,1960,1980,20
46150.jpg,1960,1968,8
46155.jpg,1961,1920,-41
46160.jpg,1961,1965,4
46170.jpg,1961,2018,57
46180.jpg,1961,1975,14
46185.jpg,1961,1990,29
46190.jpg,1961,1900,-61
46195.jpg,1961,2000,39
46200.jpg,1961,2005,44
46205.jpg,1961,1975,14
46210.jpg,1961,1975,14
46215.jpg,1961,1985,24
46220.jpg,1961,1975,14
46225.jpg,1961,1970,9
46230.jpg,1961,1960,-1
46235.jpg,1961,1960,-1
46240.jpg,1961,2020,59
46245.jpg,1961,1995,34
46250.jpg,1961,1979,18
46255.jpg,1961,1960,-1
46260.jpg,1961,1960,-1
46265.jpg,1961,1965,4
46270.jpg,1961,1910,-51
46275.jpg,1961,2000,39
46280.jpg,1961,1820,-141
46285.jpg,1961,2010,49
46290.jpg,1961,2005,44
46295.jpg,1961,2005,44
46305.jpg,1961,1962,1
46310.jpg,1961,1966,5
46315.jpg,1961,2005,44
46320.jpg,1962,1975,13
46330.jpg,1962,1890,-72
46335.jpg,1962,2010,48
46340.jpg,1962,1962,0
46345.jpg,1962,2005,43
46350.jpg,1962,1978,16
46355.jpg,1962,1988,26
46360.jpg,1962,1961,-1
46365.jpg,1962,1965,3
46370.jpg,1962,1950,-12
46375.jpg,1962,1965,3
46380.jpg,1962,1970,8
46385.jpg,1962,1990,28
46390.jpg,1962,1963,1
46395.jpg,1962,1900,-62
46400.jpg,1962,1974,12
46405.jpg,1962,1870,-92
46410.jpg,1962,2010,48
46415.jpg,1962,1880,-82
46420.jpg,1962,1995,33
46425.jpg,1962,1965,3
46430.jpg,1962,1985,23
46435.jpg,1962,2014,52
46440.jpg,1962,2005,43
46445.jpg,1962,2010,48
46450.jpg,1962,1975,13
46455.jpg,1962,1922,-40
46460.jpg,1962,1965,3
46465.jpg,1963,1961,-2
46470.jpg,1963,1965,2
46475.jpg,1963,1962,-1
46480.jpg,1963,1985,22
46490.jpg,1963,2000,37
46495.jpg,1963,1965,2
46500.jpg,1963,1975,12
46505.jpg,1963,1975,12
46510.jpg,1963,1963,0
46515.jpg,1963,1985,22
46520.jpg,1963,1964,1
46525.jpg,1963,2010,47
46530.jpg,1963,1958,-5
46535.jpg,1963,1973,10
46540.jpg,1963,1890,-73
46545.jpg,1963,1965,2
46550.jpg,1963,1975,12
46555.jpg,1963,2015,52
46560.jpg,1963,1964,1
46565.jpg,1963,2000,37
46570.jpg,1963,2005,42
46575.jpg,1963,1950,-13
46580.jpg,1963,1960,-3
46585.jpg,1963,1985,22
46590.jpg,1963,1400,-563
46595.jpg,1963,1930,-33
46600.jpg,1963,1965,2
46605.jpg,1963,2005,42
46615.jpg,1963,1950,-13
46620.jpg,1963,1930,-33
46625.jpg,1963,2005,42
46630.jpg,1963,1930,-33
46635.jpg,1964,1965,1
46640.jpg,1964,2010,46
46645.jpg,1964,1965,1
46650.jpg,1964,1990,26
46655.jpg,1964,1985,21
46660.jpg,1964,1961,-3
46665.jpg,1964,1968,4
46670.jpg,1964,1965,1
46675.jpg,1964,1990,26
46680.jpg,1964,1990,26
46685.jpg,1964,2005,41
46690.jpg,1964,1970,6
46695.jpg,1964,1975,11
46700.jpg,1964,1965,1
46705.jpg,1964,2010,46
46710.jpg,1964,1975,11
46715.jpg,1964,1965,1
46720.jpg,1964,1980,16
46725.jpg,1964,1978,14
46730.jpg,1964,1991,27
46735.jpg,1964,1982,18
46740.jpg,1964,1931,-33
46745.jpg,1964,2005,41
46750.jpg,1964,1930,-34
46755.jpg,1964,1970,6
46760.jpg,1964,1790,-174
46765.jpg,1964,1992,28
46770.jpg,1964,1930,-34
46775.jpg,1964,1930,-34
46780.jpg,1964,2005,41
46785.jpg,1964,1959,-5
46790.jpg,1964,1995,31
46795.jpg,1964,1960,-4
46805.jpg,1964,1970,6
46810.jpg,1964,1960,-4
46815.jpg,1964,1950,-14
46820.jpg,1965,1985,20
46825.jpg,1965,2010,45
46830.jpg,1965,1967,2
46835.jpg,1965,2005,40
46840.jpg,1965,1985,20
46845.jpg,1965,1998,33
46850.jpg,1965,1971,6
46860.jpg,1965,2010,45
46865.jpg,1965,1975,10
46870.jpg,1965,2005,40
46875.jpg,1965,2005,40
46885.jpg,1965,1965,0
46890.jpg,1965,2010,45
46895.jpg,1965,1965,0
46900.jpg,1965,1985,20
46905.jpg,1965,1915,-50
46910.jpg,1965,1960,-5
46915.jpg,1965,1963,-2
46920.jpg,1965,1930,-35
46930.jpg,1965,1950,-15
46935.jpg,1965,1960,-5
46940.jpg,1965,1920,-45
46945.jpg,1965,1985,20
46950.jpg,1965,1986,21
46955.jpg,1965,2005,40
46960.jpg,1965,1990,25
46965.jpg,1965,2000,35
46970.jpg,1965,1968,3
46990.jpg,1965,1975,10
46995.jpg,1965,1920,-45
47000.jpg,1965,1998,33
47005.jpg,1966,1970,4
47010.jpg,1966,1958,-8
47015.jpg,1966,1980,14
47020.jpg,1966,1972,6
47025.jpg,1966,2005,39
47030.jpg,1966,2005,39
47035.jpg,1966,1955,-11
47040.jpg,1966,1993,27
47050.jpg,1966,1985,19
47055.jpg,1966,1995,29
47060.jpg,1966,1995,29
47065.jpg,1966,1920,-46
47070.jpg,1966,1935,-31
47075.jpg,1966,1960,-6
47080.jpg,1966,1970,4
47085.jpg,1966,1972,6
47090.jpg,1966,1965,-1
47100.jpg,1966,1920,-46
47105.jpg,1966,1964,-2
47115.jpg,1966,1970,4
47120.jpg,1966,1975,9
47125.jpg,1966,1950,-16
47130.jpg,1966,1930,-36
47135.jpg,1966,2012,46
47140.jpg,1966,1960,-6
47145.jpg,1966,1920,-46
47150.jpg,1966,1965,-1
47155.jpg,1966,1880,-86
47170.jpg,1966,2005,39
47175.jpg,1966,2005,39
47180.jpg,1966,1975,9
47185.jpg,1966,1975,9
47190.jpg,1966,1975,9
47195.jpg,1966,1975,9
47200.jpg,1966,1966,0
47205.jpg,1966,1970,4
47210.jpg,1966,1990,24
47215.jpg,1966,1958,-8
47220.jpg,1966,2010,44
47225.jpg,1967,1985,18
47230.jpg,1967,1934,-33
47235.jpg,1967,1890,-77
47240.jpg,1967,1970,3
47245.jpg,1967,1960,-7
47255.jpg,1967,2005,38
47265.jpg,1967,2005,38
47270.jpg,1967,2005,38
47275.jpg,1967,1985,18
47280.jpg,1967,2005,38
47285.jpg,1967,1985,18
47290.jpg,1967,2005,38
47295.jpg,1967,1955,-12
47300.jpg,1967,1905,-62
47305.jpg,1967,1932,-35
47310.jpg,1967,1965,-2
47315.jpg,1967,1965,-2
47320.jpg,1967,1970,3
47325.jpg,1967,1968,1
47330.jpg,1967,1960,-7
47335.jpg,1967,1930,-37
47340.jpg,1967,2005,38
47345.jpg,1967,1960,-7
47350.jpg,1967,1960,-7
47355.jpg,1967,1965,-2
47360.jpg,1967,1910,-57
47365.jpg,1967,1920,-47
47370.jpg,1967,1850,-117
47375.jpg,1967,1910,-57
47380.jpg,1967,1985,18
47385.jpg,1967,1985,18
47395.jpg,1967,1975,8
47400.jpg,1967,1985,18
47405.jpg,1967,1990,23
47410.jpg,1967,2010,43
47420.jpg,1967,1985,18
47425.jpg,1967,2000,33
47430.jpg,1967,1996,29
47435.jpg,1967,1975,8
47440.jpg,1967,1985,18
47445.jpg,1967,1990,23
47450.jpg,1968,1965,-3
47455.jpg,1968,1965,-3
47460.jpg,1968,1965,-3
47465.jpg,1968,1985,17
47470.jpg,1968,1965,-3
47475.jpg,1968,1965,-3
47480.jpg,1968,2016,48
47485.jpg,1968,1965,-3
47490.jpg,1968,2011,43
47495.jpg,1968,1985,17
47500.jpg,1968,1995,27
47505.jpg,1968,2010,42
47515.jpg,1968,1950,-18
47520.jpg,1968,1920,-48
47525.jpg,1968,1990,22
47530.jpg,1968,1967,-1
47535.jpg,1968,1965,-3
47540.jpg,1968,1975,7
47545.jpg,1968,1960,-8
47550.jpg,1968,1985,17
47555.jpg,1968,1927,-41
47560.jpg,1968,1960,-8
47565.jpg,1968,1955,-13
47570.jpg,1968,1960,-8
47575.jpg,1968,1870,-98
47580.jpg,1968,2001,33
47585.jpg,1968,1890,-78
47590.jpg,1968,2000,32
47595.jpg,1968,1960,-8
47600.jpg,1968,2005,37
47610.jpg,1968,2010,42
47620.jpg,1968,1985,17
47625.jpg,1968,1930,-38
47630.jpg,1968,1990,22
47635.jpg,1968,1970,2
47640.jpg,1968,1978,10
47645.jpg,1968,1968,0
47650.jpg,1969,1964,-5
47655.jpg,1969,1970,1
47660.jpg,1969,1960,-9
47665.jpg,1969,1969,0
47670.jpg,1969,2000,31
47675.jpg,1969,1960,-9
47680.jpg,1969,2005,36
47685.jpg,1969,1975,6
47690.jpg,1969,1968,-1
47695.jpg,1969,1975,6
47700.jpg,1969,2010,41
47710.jpg,1969,1985,16
47715.jpg,1969,1920,-49
47720.jpg,1969,1965,-4
47730.jpg,1969,1970,1
47735.jpg,1969,1980,11
47740.jpg,1969,1960,-9
47745.jpg,1969,1995,26
47750.jpg,1969,1991,22
47755.jpg,1969,1910,-59
47760.jpg,1969,1976,7
47765.jpg,1969,2005,36
47770.jpg,1969,2000,31
47780.jpg,1969,1990,21
47785.jpg,1969,1995,26
47790.jpg,1969,1970,1
47795.jpg,1969,1975,6
47800.jpg,1969,1970,1
47805.jpg,1969,1920,-49
47810.jpg,1969,1982,13
47815.jpg,1969,2006,37
47820.jpg,1969,1930,-39
47825.jpg,1969,1985,16
47830.jpg,1969,1975,6
47835.jpg,1970,1968,-2
47840.jpg,1970,1965,-5
47845.jpg,1970,1980,10
47850.jpg,1970,1980,10
47855.jpg,1970,1965,-5
47860.jpg,1970,2010,40
47865.jpg,1970,2005,35
47870.jpg,1970,1960,-10
47875.jpg,1970,2010,40
47880.jpg,1970,2006,36
47890.jpg,1970,2015,45
47895.jpg,1970,1965,-5
47900.jpg,1970,1970,0
47905.jpg,1970,1970,0
47910.jpg,1970,1975,5
47915.jpg,1970,2012,42
47920.jpg,1970,1960,-10
47925.jpg,1970,1960,-10
47930.jpg,1970,1980,10
47935.jpg,1970,1965,-5
47940.jpg,1970,1960,-10
47945.jpg,1970,1750,-220
47950.jpg,1970,2005,35
47955.jpg,1970,1985,15
47960.jpg,1970,1970,0
47965.jpg,1970,2005,35
47970.jpg,1970,1985,15
47975.jpg,1970,1925,-45
47980.jpg,1970,1932,-38
47985.jpg,1970,1976,6
47990.jpg,1970,1990,20
47995.jpg,1970,2000,30
48000.jpg,1971,1965,-6
48005.jpg,1971,2000,29
48010.jpg,1971,-1,-1972
48020.jpg,1971,1990,19
48025.jpg,1971,1990,19
48030.jpg,1971,2015,44
48035.jpg,1971,1965,-6
48040.jpg,1971,2005,34
48045.jpg,1971,1987,16
48050.jpg,1971,1980,9
48065.jpg,1971,1990,19
48070.jpg,1971,1952,-19
48075.jpg,1971,1984,13
48080.jpg,1971,1967,-4
48085.jpg,1971,1985,14
48090.jpg,1971,1995,24
48095.jpg,1971,1950,-21
48100.jpg,1971,2010,39
48105.jpg,1971,2010,39
48110.jpg,1971,2000,29
48115.jpg,1971,1990,19
48120.jpg,1971,1990,19
48130.jpg,1971,2000,29
48135.jpg,1971,2000,29
48140.jpg,1971,1985,14
48145.jpg,1971,2000,29
48150.jpg,1971,1971,0
48155.jpg,1971,1961,-10
48160.jpg,1971,1970,-1
48170.jpg,1971,1973,2
48175.jpg,1971,1975,4
48180.jpg,1972,1970,-2
48185.jpg,1972,1970,-2
48190.jpg,1972,1966,-6
48195.jpg,1972,1988,16
48200.jpg,1972,1970,-2
48205.jpg,1972,1985,13
48215.jpg,1972,1985,13
48220.jpg,1972,1990,18
48225.jpg,1972,2005,33
48230.jpg,1972,1994,22
48235.jpg,1972,1993,21
48240.jpg,1972,1974,2
48245.jpg,1972,2000,28
48250.jpg,1972,1984,12
48255.jpg,1972,1960,-12
48260.jpg,1972,1965,-7
48265.jpg,1972,2000,28
48270.jpg,1972,1960,-12
48275.jpg,1972,1930,-42
48280.jpg,1972,1960,-12
48285.jpg,1972,1940,-32
48290.jpg,1972,1900,-72
48295.jpg,1972,1975,3
48300.jpg,1972,1976,4
48305.jpg,1972,2010,38
48310.jpg,1972,2015,43
48320.jpg,1972,1985,13
48325.jpg,1972,1930,-42
48330.jpg,1972,1995,23
48335.jpg,1972,1700,-272
48340.jpg,1972,1965,-7
48345.jpg,1972,1990,18
48350.jpg,1972,1970,-2
48355.jpg,1972,1990,18
48360.jpg,1973,1975,2
48365.jpg,1973,1980,7
48370.jpg,1973,1975,2
48375.jpg,1973,1970,-3
48380.jpg,1973,1990,17
48385.jpg,1973,2007,34
48390.jpg,1973,1979,6
48395.jpg,1973,1960,-13
48400.jpg,1973,1985,12
48405.jpg,1973,1970,-3
48410.jpg,1973,1990,17
48415.jpg,1973,2015,42
48420.jpg,1973,2000,27
48425.jpg,1973,1997,24
48430.jpg,1973,1975,2
48435.jpg,1973,1972,-1
48440.jpg,1973,1976,3
48445.jpg,1973,1970,-3
48450.jpg,1973,1990,17
48455.jpg,1973,2000,27
48465.jpg,1973,1990,17
48475.jpg,1973,1965,-8
48480.jpg,1973,1956,-17
48490.jpg,1973,1985,12
48495.jpg,1973,1995,22
48500.jpg,1973,1890,-83
48505.jpg,1973,1975,2
48510.jpg,1973,2005,32
48515.jpg,1973,1780,-193
48525.jpg,1973,1964,-9
48530.jpg,1974,1970,-4
48535.jpg,1974,1970,-4
48540.jpg,1974,2010,36
48545.jpg,1974,1968,-6
48550.jpg,1974,1990,16
48555.jpg,1974,2008,34
48560.jpg,1974,2010,36
48565.jpg,1974,1966,-8
48570.jpg,1974,2000,26
48575.jpg,1974,1980,6
48580.jpg,1974,2005,31
48585.jpg,1974,1970,-4
48590.jpg,1974,1975,1
48595.jpg,1974,1964,-10
48600.jpg,1974,1965,-9
48605.jpg,1974,1980,6
48610.jpg,1974,1995,21
48615.jpg,1974,2009,35
48620.jpg,1974,1994,20
48625.jpg,1974,1970,-4
48630.jpg,1974,1975,1
48635.jpg,1974,1990,16
48640.jpg,1974,1650,-324
48650.jpg,1974,2005,31
48670.jpg,1974,2010,36
48675.jpg,1974,2000,26
48680.jpg,1974,2005,31
48685.jpg,1974,1985,11
48690.jpg,1974,2005,31
48695.jpg,1974,1611,-363
48700.jpg,1974,1990,16
48705.jpg,1974,2005,31
48710.jpg,1974,1990,16
48715.jpg,1974,1964,-10
48720.jpg,1974,2001,27
48725.jpg,1974,1850,-124
48735.jpg,1975,2005,30
48740.jpg,1975,2000,25
48745.jpg,1975,1993,18
48750.jpg,1975,1968,-7
48755.jpg,1975,2000,25
48760.jpg,1975,1981,6
48765.jpg,1975,1985,10
48770.jpg,1975,2010,35
48775.jpg,1975,1964,-11
48780.jpg,1975,1971,-4
48785.jpg,1975,1958,-17
48790.jpg,1975,2005,30
48795.jpg,1975,2005,30
48800.jpg,1975,1975,0
48805.jpg,1975,1983,8
48810.jpg,1975,2015,40
48815.jpg,1975,1975,0
48820.jpg,1975,1990,15
48825.jpg,1975,1940,-35
48830.jpg,1975,1965,-10
48835.jpg,1975,2003,28
48840.jpg,1975,2005,30
48845.jpg,1975,2014,39
48850.jpg,1975,2005,30
48855.jpg,1975,2019,44
48860.jpg,1975,2010,35
48865.jpg,1975,1985,10
48870.jpg,1975,2005,30
48875.jpg,1975,1975,0
48880.jpg,1975,2010,35
48885.jpg,1975,1965,-10
48890.jpg,1975,1985,10
48895.jpg,1975,1970,-5
48900.jpg,1976,1925,-51
48905.jpg,1976,1995,19
48910.jpg,1976,1960,-16
48915.jpg,1976,1980,4
48920.jpg,1976,1976,0
48925.jpg,1976,2010,34
48930.jpg,1976,2010,34
48940.jpg,1976,1975,-1
48945.jpg,1976,1996,20
48950.jpg,1976,2010,34
48955.jpg,1976,1970,-6
48960.jpg,1976,1985,9
48965.jpg,1976,1970,-6
48970.jpg,1976,1974,-2
48975.jpg,1976,1985,9
48985.jpg,1976,1975,-1
48990.jpg,1976,1950,-26
49000.jpg,1976,1550,-426
49020.jpg,1976,2010,34
49030.jpg,1976,2005,29
49035.jpg,1976,2005,29
49040.jpg,1976,1985,9
49045.jpg,1976,2005,29
49050.jpg,1976,2005,29
49060.jpg,1976,1932,-44
49065.jpg,1976,2000,24
49070.jpg,1976,1969,-7
49075.jpg,1976,734,-1242
49080.jpg,1976,1973,-3
49085.jpg,1976,1962,-14
49090.jpg,1976,2005,29
49095.jpg,1977,1960,-17
49100.jpg,1977,1880,-97
49105.jpg,1977,1967,-10
49110.jpg,1977,1962,-15
49115.jpg,1977,1990,13
49120.jpg,1977,1985,8
49125.jpg,1977,2010,33
49130.jpg,1977,1985,8
49135.jpg,1977,2000,23
49140.jpg,1977,1970,-7
49145.jpg,1977,1973,-4
49150.jpg,1977,1975,-2
49155.jpg,1977,1975,-2
49160.jpg,1977,2005,28
49165.jpg,1977,1978,1
49170.jpg,1977,1985,8
49175.jpg,1977,1880,-97
49180.jpg,1977,1970,-7
49185.jpg,1977,2002,25
49190.jpg,1977,1965,-12
49195.jpg,1977,2003,26
49205.jpg,1977,2005,28
49210.jpg,1977,2005,28
49215.jpg,1977,2005,28
49220.jpg,1977,2005,28
49225.jpg,1977,1982,5
49230.jpg,1977,1915,-62
49235.jpg,1977,1977,0
49240.jpg,1977,1985,8
49250.jpg,1977,3000,1023
49255.jpg,1977,1970,-7
49260.jpg,1978,2005,27
49265.jpg,1978,2018,40
49270.jpg,1978,1970,-8
49280.jpg,1978,2001,23
49285.jpg,1978,2000,22
49290.jpg,1978,1915,-63
49295.jpg,1978,2010,32
49305.jpg,1978,1975,-3
49310.jpg,1978,2010,32
49315.jpg,1978,1983,5
49320.jpg,1978,1998,20
49325.jpg,1978,1964,-14
49330.jpg,1978,2005,27
49335.jpg,1978,1985,7
49340.jpg,1978,1890,-88
49345.jpg,1978,2010,32
49350.jpg,1978,1975,-3
49355.jpg,1978,2015,37
49360.jpg,1978,1985,7
49365.jpg,1978,2015,37
49370.jpg,1978,1978,0
49375.jpg,1978,1995,17
49385.jpg,1978,2005,27
49390.jpg,1978,1970,-8
49395.jpg,1978,1960,-18
49400.jpg,1978,1975,-3
49405.jpg,1979,1965,-14
49410.jpg,1979,2010,31
49415.jpg,1979,2000,21
49420.jpg,1979,2005,26
49425.jpg,1979,2005,26
49430.jpg,1979,2015,36
49435.jpg,1979,2000,21
49440.jpg,1979,1965,-14
49445.jpg,1979,1970,-9
49450.jpg,1979,1960,-19
49455.jpg,1979,1970,-9
49460.jpg,1979,2000,21
49465.jpg,1979,1880,-99
49470.jpg,1979,1970,-9
49475.jpg,1979,1974,-5
49480.jpg,1979,1910,-69
49485.jpg,1979,1935,-44
49490.jpg,1979,1980,1
49495.jpg,1979,1700,-279
49500.jpg,1979,2005,26
49505.jpg,1979,2005,26
49510.jpg,1979,1978,-1
49515.jpg,1979,1975,-4
49525.jpg,1979,2010,31
49530.jpg,1979,1990,11
49535.jpg,1979,2000,21
49540.jpg,1979,1990,11
49545.jpg,1979,1985,6
49550.jpg,1979,2010,31
49555.jpg,1979,1990,11
49560.jpg,1979,1965,-14
49565.jpg,1980,1965,-15
49570.jpg,1980,-1,-1981
49585.jpg,1980,1910,-70
49590.jpg,1980,1984,4
49595.jpg,1980,1975,-5
49600.jpg,1980,1975,-5
49605.jpg,1980,1910,-70
49610.jpg,1980,1970,-10
49615.jpg,1980,2005,25
49620.jpg,1980,1975,-5
49625.jpg,1980,1960,-20
49630.jpg,1980,2005,25
49635.jpg,1980,1995,15
49640.jpg,1980,1990,10
49645.jpg,1980,2005,25
49650.jpg,1980,2010,30
49655.jpg,1980,1950,-30
49660.jpg,1980,2010,30
49665.jpg,1980,2005,25
49675.jpg,1980,2005,25
49680.jpg,1980,2005,25
49685.jpg,1980,2010,30
49690.jpg,1980,1990,10
49695.jpg,1980,-1,-1981
49700.jpg,1980,1988,8
49705.jpg,1980,1975,-5
49710.jpg,1981,2009,28
49715.jpg,1981,2005,24
49720.jpg,1981,2001,20
49725.jpg,1981,1970,-11
49735.jpg,1981,1985,4
49740.jpg,1981,1964,-17
49745.jpg,1981,2005,24
49750.jpg,1981,2000,19
49755.jpg,1981,1985,4
49760.jpg,1981,1988,7
49770.jpg,1981,1970,-11
49775.jpg,1981,1985,4
49780.jpg,1981,1990,9
49785.jpg,1981,1925,-56
49790.jpg,1981,1965,-16
49795.jpg,1981,1980,-1
49800.jpg,1981,2010,29
49805.jpg,1981,1985,4
49810.jpg,1981,1960,-21
49815.jpg,1981,1994,13
49820.jpg,1981,1870,-111
49825.jpg,1981,1995,14
49830.jpg,1981,1985,4
49835.jpg,1981,1998,17
49840.jpg,1981,1890,-91
49845.jpg,1981,1985,4
49850.jpg,1981,2005,24
49860.jpg,1981,2000,19
49865.jpg,1981,2006,25
49875.jpg,1981,2005,24
49880.jpg,1981,2005,24
49885.jpg,1981,2003,22
49890.jpg,1981,1985,4
49895.jpg,1981,1970,-11
49900.jpg,1981,1920,-61
49905.jpg,1981,1938,-43
49910.jpg,1981,2000,19
49915.jpg,1981,1969,-12
49920.jpg,1982,2000,18
49925.jpg,1982,2002,20
49930.jpg,1982,2010,28
49935.jpg,1982,1999,17
49940.jpg,1982,1977,-5
49945.jpg,1982,1976,-6
49950.jpg,1982,2010,28
49955.jpg,1982,-1,-1983
49960.jpg,1982,1985,3
49965.jpg,1982,1985,3
49975.jpg,1982,1980,-2
49980.jpg,1982,2005,23
49985.jpg,1982,1985,3
49990.jpg,1982,1990,8
49995.jpg,1982,1969,-13
50000.jpg,1982,2009,27
50005.jpg,1982,-1,-1983
50010.jpg,1982,1985,3
50015.jpg,1982,1985,3
50020.jpg,1982,2000,18
50025.jpg,1982,1985,3
50030.jpg,1982,1990,8
50035.jpg,1982,1974,-8
50040.jpg,1982,1989,7
50045.jpg,1982,1990,8
50050.jpg,1982,1965,-17
50055.jpg,1982,1996,14
50060.jpg,1982,1980,-2
50065.jpg,1982,1930,-52
50070.jpg,1982,1985,3
50075.jpg,1982,1965,-17
50080.jpg,1982,1960,-22
50095.jpg,1982,1930,-52
50100.jpg,1982,1650,-332
50105.jpg,1982,1960,-22
50110.jpg,1982,1895,-87
50115.jpg,1982,1990,8
50120.jpg,1982,1992,10
50145.jpg,1982,1960,-22
50150.jpg,1982,1975,-7
50155.jpg,1982,1973,-9
50160.jpg,1983,1850,-133
50165.jpg,1983,1960,-23
50170.jpg,1983,2021,38
50175.jpg,1983,1964,-19
50185.jpg,1983,1930,-53
50190.jpg,1983,1990,7
50195.jpg,1983,1993,10
50200.jpg,1983,1962,-21
50205.jpg,1983,2005,22
50210.jpg,1983,2000,17
50220.jpg,1983,2005,22
50225.jpg,1983,1985,2
50230.jpg,1983,1990,7
50235.jpg,1983,1990,7
50240.jpg,1983,1988,5
50245.jpg,1983,1970,-13
50250.jpg,1983,1985,2
50255.jpg,1983,1965,-18
50260.jpg,1983,1988,5
50270.jpg,1983,1980,-3
50275.jpg,1983,1970,-13
50280.jpg,1983,2010,27
50285.jpg,1983,1985,2
50290.jpg,1983,2005,22
50295.jpg,1983,1970,-13
50300.jpg,1983,1965,-18
50305.jpg,1983,1985,2
50310.jpg,1983,1933,-50
50315.jpg,1983,1850,-133
50320.jpg,1983,1965,-18
50325.jpg,1983,1900,-83
50330.jpg,1983,1978,-5
50335.jpg,1983,2000,17
50340.jpg,1983,2010,27
50345.jpg,1983,1985,2
50350.jpg,1983,2005,22
50355.jpg,1983,1929,-54
50360.jpg,1983,2000,17
50365.jpg,1983,1982,-1
50370.jpg,1983,1985,2
50375.jpg,1983,1970,-13
50380.jpg,1983,2005,22
50385.jpg,1983,2005,22
50390.jpg,1984,1965,-19
50395.jpg,1984,1964,-20
50400.jpg,1984,2005,21
50405.jpg,1984,1975,-9
50410.jpg,1984,2005,21
50415.jpg,1984,1995,11
50420.jpg,1984,2000,16
50425.jpg,1984,1982,-2
50430.jpg,1984,2005,21
50435.jpg,1984,1970,-14
50440.jpg,1984,1975,-9
50445.jpg,1984,1974,-10
50450.jpg,1984,2005,21
50455.jpg,1984,1990,6
50465.jpg,1984,1985,1
50470.jpg,1984,1988,4
50475.jpg,1984,2000,16
50480.jpg,1984,1980,-4
50485.jpg,1984,1985,1
50490.jpg,1984,1929,-55
50495.jpg,1984,1994,10
50500.jpg,1984,1930,-54
50505.jpg,1984,1972,-12
50515.jpg,1984,2015,31
50520.jpg,1984,1996,12
50525.jpg,1984,1975,-9
50530.jpg,1984,1920,-64
50535.jpg,1984,1930,-54
50540.jpg,1984,1985,1
50545.jpg,1984,1990,6
50550.jpg,1984,2005,21
50555.jpg,1984,1980,-4
50560.jpg,1984,1961,-23
50565.jpg,1984,1965,-19
50570.jpg,1984,1965,-19
50575.jpg,1984,2010,26
50580.jpg,1985,1850,-135
50585.jpg,1985,-1,-1986
50595.jpg,1985,2005,20
50600.jpg,1985,1993,8
50605.jpg,1985,2005,20
50610.jpg,1985,2006,21
50615.jpg,1985,2000,15
50620.jpg,1985,2009,24
50630.jpg,1985,1990,5
50635.jpg,1985,1988,3
50640.jpg,1985,1985,0
50645.jpg,1985,1930,-55
50650.jpg,1985,2000,15
50655.jpg,1985,1988,3
50660.jpg,1985,1997,12
50665.jpg,1985,1985,0
50670.jpg,1985,2000,15
50675.jpg,1985,2000,15
50680.jpg,1985,1960,-25
50685.jpg,1985,1990,5
50690.jpg,1985,2010,25
50695.jpg,1985,1990,5
50700.jpg,1985,1972,-13
50705.jpg,1985,1950,-35
50710.jpg,1985,1925,-60
50715.jpg,1985,1968,-17
50720.jpg,1985,1890,-95
50730.jpg,1985,1990,5
50735.jpg,1985,2010,25
50740.jpg,1985,1990,5
50745.jpg,1985,2005,20
50750.jpg,1985,1975,-10
50755.jpg,1985,2005,20
50760.jpg,1985,1990,5
50765.jpg,1985,2005,20
50770.jpg,1985,2005,20
50775.jpg,1985,1989,4
50780.jpg,1986,-1,-1987
50785.jpg,1986,1967,-19
50790.jpg,1986,1950,-36
50795.jpg,1986,2010,24
50800.jpg,1986,1995,9
50805.jpg,1986,1990,4
50810.jpg,1986,1990,4
50815.jpg,1986,1985,-1
50820.jpg,1986,2002,16
50830.jpg,1986,1988,2
50835.jpg,1986,1990,4
50840.jpg,1986,1973,-13
50845.jpg,1986,2000,14
50850.jpg,1986,1985,-1
50855.jpg,1986,2010,24
50860.jpg,1986,-1,-1987
50865.jpg,1986,1890,-96
50870.jpg,1986,1995,9
50885.jpg,1986,1985,-1
50890.jpg,1986,1970,-16
50895.jpg,1986,2010,24
50900.jpg,1986,1960,-26
50905.jpg,1986,1990,4
50910.jpg,1986,1991,5
50915.jpg,1986,2005,19
50920.jpg,1986,1942,-44
50925.jpg,1986,1780,-206
50930.jpg,1986,1985,-1
50935.jpg,1986,1960,-26
50940.jpg,1986,1933,-53
50945.jpg,1986,2005,19
50950.jpg,1986,1995,9
50955.jpg,1986,2010,24
50960.jpg,1986,1985,-1
50965.jpg,1986,1985,-1
50970.jpg,1986,2000,14
50975.jpg,1986,2004,18
50980.jpg,1986,1990,4
50985.jpg,1986,-1,-1987
50990.jpg,1987,1750,-237
50995.jpg,1987,1982,-5
51000.jpg,1987,2005,18
51010.jpg,1987,2010,23
51015.jpg,1987,1990,3
51020.jpg,1987,1975,-12
51025.jpg,1987,1976,-11
51030.jpg,1987,1995,8
51035.jpg,1987,2005,18
51040.jpg,1987,1970,-17
51045.jpg,1987,1990,3
51050.jpg,1987,1990,3
51055.jpg,1987,1985,-2
51060.jpg,1987,1990,3
51065.jpg,1987,2000,13
51070.jpg,1987,1975,-12
51075.jpg,1987,1990,3
51080.jpg,1987,2000,13
51085.jpg,1987,1929,-58
51090.jpg,1987,2005,18
51095.jpg,1987,1970,-17
51100.jpg,1987,1970,-17
51105.jpg,1987,2005,18
51110.jpg,1987,1990,3
51115.jpg,1987,2005,18
51120.jpg,1987,1990,3
51125.jpg,1987,1750,-237
51130.jpg,1987,1870,-117
51135.jpg,1987,1970,-17
51140.jpg,1987,2010,23
51145.jpg,1987,1975,-12
51155.jpg,1987,2000,13
51165.jpg,1987,1980,-7
51170.jpg,1987,1925,-62
51175.jpg,1987,2009,22
51180.jpg,1987,2015,28
51200.jpg,1988,2005,17
51205.jpg,1988,1991,3
51210.jpg,1988,1995,7
51215.jpg,1988,2010,22
51220.jpg,1988,2005,17
51225.jpg,1988,2000,12
51240.jpg,1988,1970,-18
51245.jpg,1988,1988,0
51250.jpg,1988,1985,-3
51255.jpg,1988,1989,1
51260.jpg,1988,1985,-3
51265.jpg,1988,2005,17
51270.jpg,1988,2005,17
51275.jpg,1988,1985,-3
51280.jpg,1988,1990,2
51285.jpg,1988,1985,-3
51290.jpg,1988,2000,12
51295.jpg,1988,1985,-3
51300.jpg,1988,2005,17
51305.jpg,1988,1965,-23
51310.jpg,1988,1982,-6
51315.jpg,1988,1990,2
51320.jpg,1988,1901,-87
51330.jpg,1988,1950,-38
51335.jpg,1988,1900,-88
51340.jpg,1988,1980,-8
51345.jpg,1988,1895,-93
51350.jpg,1988,1893,-95
51355.jpg,1988,1975,-13
51360.jpg,1988,1988,0
51365.jpg,1988,1990,2
51370.jpg,1988,2000,12
51375.jpg,1988,1996,8
51380.jpg,1988,1995,7
51385.jpg,1988,-1,-1989
51390.jpg,1988,1985,-3
51395.jpg,1988,1970,-18
51400.jpg,1988,1974,-14
51405.jpg,1988,1975,-13
51410.jpg,1989,1997,8
51415.jpg,1989,1987,-2
51420.jpg,1989,1975,-14
51425.jpg,1989,2015,26
51430.jpg,1989,2003,14
51435.jpg,1989,1990,1
51440.jpg,1989,1985,-4
51445.jpg,1989,1985,-4
51455.jpg,1989,1960,-29
51460.jpg,1989,2000,11
51470.jpg,1989,2015,26
51475.jpg,1989,1990,1
51480.jpg,1989,1985,-4
51485.jpg,1989,1985,-4
51490.jpg,1989,2005,16
51495.jpg,1989,1995,6
51500.jpg,1989,1988,-1
51505.jpg,1989,1990,1
51510.jpg,1989,1985,-4
51515.jpg,1989,1995,6
51520.jpg,1989,1975,-14
51525.jpg,1989,1920,-69
51530.jpg,1989,1970,-19
51535.jpg,1989,1992,3
51540.jpg,1989,2005,16
51545.jpg,1989,1928,-61
51550.jpg,1989,1910,-79
51555.jpg,1989,-1,-1990
51560.jpg,1989,2000,11
51565.jpg,1989,1985,-4
51575.jpg,1989,2005,16
51580.jpg,1989,1500,-489
51585.jpg,1989,1995,6
51590.jpg,1989,1995,6
51595.jpg,1989,1985,-4
51600.jpg,1989,2010,21
51605.jpg,1990,1850,-140
51610.jpg,1990,1975,-15
51615.jpg,1990,1964,-26
51620.jpg,1990,2013,23
51625.jpg,1990,1975,-15
51630.jpg,1990,2000,10
51635.jpg,1990,1960,-30
51640.jpg,1990,2000,10
51645.jpg,1990,1989,-1
51650.jpg,1990,1950,-40
51655.jpg,1990,1970,-20
51660.jpg,1990,1998,8
51670.jpg,1990,1995,5
51675.jpg,1990,1990,0
51680.jpg,1990,1985,-5
51685.jpg,1990,1990,0
51690.jpg,1990,1985,-5
51695.jpg,1990,1988,-2
51700.jpg,1990,1975,-15
51705.jpg,1990,2005,15
51710.jpg,1990,1979,-11
51715.jpg,1990,1970,-20
51720.jpg,1990,1980,-10
51725.jpg,1990,1995,5
51730.jpg,1990,1999,9
51735.jpg,1990,1975,-15
51740.jpg,1990,1965,-25
51745.jpg,1990,1995,5
51755.jpg,1990,1970,-20
51760.jpg,1990,1920,-70
51765.jpg,1990,1890,-100
51770.jpg,1990,1970,-20
51775.jpg,1990,2005,15
51780.jpg,1990,1985,-5
51785.jpg,1990,1925,-65
51795.jpg,1990,2020,30
51805.jpg,1990,1985,-5
51810.jpg,1990,2005,15
51815.jpg,1990,2010,20
51820.jpg,1990,1985,-5
51825.jpg,1990,1985,-5
51830.jpg,1990,1985,-5
51840.jpg,1991,1880,-111
51845.jpg,1991,1929,-62
51850.jpg,1991,2008,17
51860.jpg,1991,2000,9
51865.jpg,1991,2000,9
51870.jpg,1991,1976,-15
51875.jpg,1991,1995,4
51885.jpg,1991,1962,-29
51890.jpg,1991,1973,-18
51895.jpg,1991,1980,-11
51905.jpg,1991,2003,12
51910.jpg,1991,1985,-6
51920.jpg,1991,-1,-1992
51925.jpg,1991,2005,14
51930.jpg,1991,1985,-6
51935.jpg,1991,1985,-6
51940.jpg,1991,2005,14
51945.jpg,1991,1985,-6
51950.jpg,1991,1975,-16
51955.jpg,1991,1970,-21
51960.jpg,1991,2000,9
51965.jpg,1991,1960,-31
51970.jpg,1991,2005,14
51975.jpg,1991,1973,-18
51980.jpg,1991,1950,-41
51985.jpg,1991,1931,-60
51990.jpg,1991,2005,14
51995.jpg,1991,1975,-16
52000.jpg,1991,1930,-61
52015.jpg,1991,2005,14
52020.jpg,1991,2000,9
52025.jpg,1991,1997,6
52035.jpg,1991,1930,-61
52040.jpg,1991,2005,14
52045.jpg,1991,1999,8
52060.jpg,1991,2008,17
52065.jpg,1992,1995,3
52070.jpg,1992,1993,1
52075.jpg,1992,-1,-1993
52080.jpg,1992,1962,-30
52085.jpg,1992,1972,-20
52090.jpg,1992,2000,8
52095.jpg,1992,1985,-7
52100.jpg,1992,2005,13
52105.jpg,1992,2000,8
52110.jpg,1992,2005,13
52115.jpg,1992,2005,13
52120.jpg,1992,1985,-7
52125.jpg,1992,1985,-7
52130.jpg,1992,1990,-2
52135.jpg,1992,1990,-2
52140.jpg,1992,1985,-7
52145.jpg,1992,1985,-7
52150.jpg,1992,1995,3
52155.jpg,1992,2000,8
52160.jpg,1992,1980,-12
52165.jpg,1992,2001,9
52170.jpg,1992,1983,-9
52175.jpg,1992,2005,13
52180.jpg,1992,1985,-7
52185.jpg,1992,2010,18
52190.jpg,1992,2003,11
52195.jpg,1992,1991,-1
52200.jpg,1992,2005,13
52205.jpg,1992,1980,-12
52210.jpg,1992,1930,-62
52215.jpg,1992,1989,-3
52220.jpg,1992,2000,8
52225.jpg,1992,1900,-92
52230.jpg,1992,1800,-192
52235.jpg,1992,1910,-82
52240.jpg,1992,2005,13
52245.jpg,1992,1985,-7
52250.jpg,1992,2005,13
52260.jpg,1992,1950,-42
52270.jpg,1993,2002,9
52275.jpg,1993,1925,-68
52280.jpg,1993,1990,-3
52285.jpg,1993,1975,-18
52290.jpg,1993,1990,-3
52300.jpg,1993,-1,-1994
52305.jpg,1993,1961,-32
52310.jpg,1993,2010,17
52315.jpg,1993,1990,-3
52320.jpg,1993,2005,12
52325.jpg,1993,1985,-8
52335.jpg,1993,1990,-3
52340.jpg,1993,1985,-8
52345.jpg,1993,1990,-3
52350.jpg,1993,2005,12
52355.jpg,1993,1995,2
52360.jpg,1993,1985,-8
52365.jpg,1993,1991,-2
52370.jpg,1993,1995,2
52375.jpg,1993,1985,-8
52380.jpg,1993,2000,7
52385.jpg,1993,1993,0
52390.jpg,1993,2005,12
52395.jpg,1993,2000,7
52400.jpg,1993,1985,-8
52405.jpg,1993,1975,-18
52410.jpg,1993,1990,-3
52415.jpg,1993,1958,-35
52420.jpg,1993,2001,8
52425.jpg,1993,1905,-88
52430.jpg,1993,2005,12
52435.jpg,1993,2005,12
52440.jpg,1993,2005,12
52445.jpg,1993,1995,2
52450.jpg,1993,1875,-118
52455.jpg,1993,2008,15
52460.jpg,1993,1990,-3
52465.jpg,1993,1985,-8
52475.jpg,1994,2010,16
52480.jpg,1994,1975,-19
52485.jpg,1994,1995,1
52490.jpg,1994,1985,-9
52495.jpg,1994,2007,13
52505.jpg,1994,2000,6
52510.jpg,1994,1994,0
52515.jpg,1994,1995,1
52525.jpg,1994,1993,-1
52530.jpg,1994,1985,-9
52535.jpg,1994,1995,1
52540.jpg,1994,1959,-35
52545.jpg,1994,2005,11
52550.jpg,1994,2005,11
52555.jpg,1994,1985,-9
52560.jpg,1994,1930,-64
52570.jpg,1994,1965,-29
52575.jpg,1994,1998,4
52580.jpg,1994,1890,-104
52585.jpg,1994,1998,4
52590.jpg,1994,2004,10
52595.jpg,1994,1925,-69
52600.jpg,1994,1960,-34
52605.jpg,1994,1540,-454
52610.jpg,1994,2005,11
52615.jpg,1994,1788,-206
52620.jpg,1994,2015,21
52625.jpg,1994,2000,6
52630.jpg,1994,1990,-4
52635.jpg,1994,1990,-4
52640.jpg,1994,1975,-19
52645.jpg,1994,1975,-19
52650.jpg,1995,1960,-35
52655.jpg,1995,2000,5
52660.jpg,1995,2010,15
52665.jpg,1995,1994,-1
52670.jpg,1995,1969,-26
52675.jpg,1995,1962,-33
52680.jpg,1995,1990,-5
52685.jpg,1995,2010,15
52690.jpg,1995,1995,0
52695.jpg,1995,2002,7
52700.jpg,1995,1999,4
52705.jpg,1995,2001,6
52710.jpg,1995,2005,10
52715.jpg,1995,1985,-10
52720.jpg,1995,1975,-20
52725.jpg,1995,1985,-10
52730.jpg,1995,2000,5
52735.jpg,1995,2005,10
52740.jpg,1995,1985,-10
52745.jpg,1995,2010,15
52750.jpg,1995,1995,0
52755.jpg,1995,1975,-20
52760.jpg,1995,2000,5
52765.jpg,1995,1960,-35
52770.jpg,1995,2012,17
52775.jpg,1995,2005,10
52785.jpg,1995,2010,15
52790.jpg,1995,1850,-145
52795.jpg,1995,2000,5
52800.jpg,1995,1900,-95
52805.jpg,1995,2008,13
52810.jpg,1995,2008,13
52815.jpg,1995,1990,-5
52820.jpg,1995,1992,-3
52825.jpg,1995,2005,10
52830.jpg,1995,1980,-15
52835.jpg,1995,1970,-25
52840.jpg,1995,1100,-895
52845.jpg,1996,2000,4
52850.jpg,1996,2007,11
52855.jpg,1996,2005,9
52860.jpg,1996,2010,14
52865.jpg,1996,2005,9
52870.jpg,1996,2008,12
52875.jpg,1996,1985,-11
52880.jpg,1996,1930,-66
52885.jpg,1996,2005,9
52890.jpg,1996,2005,9
52895.jpg,1996,2016,20
52900.jpg,1996,1994,-2
52905.jpg,1996,2000,4
52910.jpg,1996,2000,4
52915.jpg,1996,1998,2
52920.jpg,1996,2015,19
52925.jpg,1996,2000,4
52935.jpg,1996,2005,9
52940.jpg,1996,1968,-28
52945.jpg,1996,1950,-46
52950.jpg,1996,1965,-31
52955.jpg,1996,2005,9
52960.jpg,1996,1990,-6
52965.jpg,1996,2005,9
52970.jpg,1996,1985,-11
52980.jpg,1996,2000,4
52985.jpg,1997,1850,-147
52990.jpg,1997,1965,-32
52995.jpg,1997,1982,-15
53000.jpg,1997,1995,-2
53005.jpg,1997,1985,-12
53010.jpg,1997,2005,8
53015.jpg,1997,1990,-7
53020.jpg,1997,1999,2
53025.jpg,1997,2001,4
53030.jpg,1997,2005,8
53035.jpg,1997,1990,-7
53040.jpg,1997,1990,-7
53045.jpg,1997,2010,13
53050.jpg,1997,2003,6
53055.jpg,1997,2005,8
53060.jpg,1997,1997,0
53065.jpg,1997,1929,-68
53070.jpg,1997,1995,-2
53075.jpg,1997,1997,0
53080.jpg,1997,2005,8
53085.jpg,1997,1970,-27
53090.jpg,1997,1903,-94
53095.jpg,1997,2005,8
53100.jpg,1997,1990,-7
53105.jpg,1997,2016,19
53110.jpg,1997,2010,13
53115.jpg,1997,2004,7
53120.jpg,1997,2010,13
53125.jpg,1997,2010,13
53130.jpg,1997,1960,-37
53135.jpg,1997,1970,-27
53140.jpg,1997,1956,-41
53145.jpg,1997,2005,8
53150.jpg,1997,2015,18
53155.jpg,1997,1800,-197
53165.jpg,1997,1997,0
53170.jpg,1997,1985,-12
53175.jpg,1997,2005,8
53180.jpg,1997,2005,8
53185.jpg,1997,1990,-7
53190.jpg,1997,1990,-7
53195.jpg,1997,1597,-400
53200.jpg,1997,2010,13
53205.jpg,1997,2005,8
53210.jpg,1997,1972,-25
53215.jpg,1997,2005,8
53220.jpg,1997,2005,8
53225.jpg,1997,2012,15
53230.jpg,1997,1973,-24
53235.jpg,1998,1927,-71
53240.jpg,1998,1979,-19
53245.jpg,1998,1970,-28
53250.jpg,1998,2005,7
53255.jpg,1998,1996,-2
53260.jpg,1998,1998,0
53265.jpg,1998,1969,-29
53270.jpg,1998,2007,9
53275.jpg,1998,2020,22
53280.jpg,1998,2000,2
53285.jpg,1998,2005,7
53290.jpg,1998,2010,12
53300.jpg,1998,2005,7
53305.jpg,1998,1965,-33
53310.jpg,1998,2005,7
53315.jpg,1998,1985,-13
53325.jpg,1998,2008,10
53330.jpg,1998,2005,7
53335.jpg,1998,1995,-3
53340.jpg,1998,1988,-10
53345.jpg,1998,1967,-31
53350.jpg,1998,2005,7
53355.jpg,1998,-1,-1999
53365.jpg,1998,2002,4
53370.jpg,1998,2005,7
53375.jpg,1998,2000,2
53380.jpg,1998,1998,0
53385.jpg,1998,1800,-198
53390.jpg,1998,1750,-248
53395.jpg,1998,1990,-8
53400.jpg,1998,1900,-98
53405.jpg,1998,2000,2
53410.jpg,1998,1978,-20
53415.jpg,1998,1995,-3
53420.jpg,1998,1985,-13
53425.jpg,1998,1999,1
53435.jpg,1998,1962,-36
53440.jpg,1998,1990,-8
53445.jpg,1998,1980,-18
53450.jpg,1998,1984,-14
53455.jpg,1999,1870,-129
53460.jpg,1999,1990,-9
53465.jpg,1999,2014,15
53470.jpg,1999,1930,-69
53475.jpg,1999,2005,6
53480.jpg,1999,2006,7
53485.jpg,1999,2005,6
53490.jpg,1999,1980,-19
53495.jpg,1999,2014,15
53505.jpg,1999,1975,-24
53510.jpg,1999,2001,2
53515.jpg,1999,2000,1
53520.jpg,1999,2006,7
53525.jpg,1999,2013,14
53530.jpg,1999,2010,11
53535.jpg,1999,1990,-9
53540.jpg,1999,1976,-23
53545.jpg,1999,1994,-5
53550.jpg,1999,2010,11
53555.jpg,1999,1970,-29
53560.jpg,1999,1990,-9
53565.jpg,1999,1995,-4
53570.jpg,1999,2005,6
53575.jpg,1999,2000,1
53580.jpg,1999,1975,-24
53585.jpg,1999,1980,-19
53590.jpg,1999,2005,6
53595.jpg,1999,2005,6
53600.jpg,1999,1985,-14
53605.jpg,1999,2000,1
53610.jpg,1999,2000,1
53615.jpg,1999,1960,-39
53620.jpg,1999,1965,-34
53625.jpg,1999,1990,-9
53630.jpg,1999,1973,-26
53635.jpg,1999,-1,-2000
53650.jpg,1999,1975,-24
53655.jpg,1999,2005,6
53660.jpg,1999,2005,6
53665.jpg,1999,1996,-3
53670.jpg,1999,1995,-4
53675.jpg,1999,2004,5
53680.jpg,1999,1990,-9
53685.jpg,1999,1760,-239
53690.jpg,2000,2004,4
53700.jpg,2000,2000,0
53705.jpg,2000,2005,5
53710.jpg,2000,1996,-4
53715.jpg,2000,2005,5
53720.jpg,2000,2000,0
53725.jpg,2000,2000,0
53730.jpg,2000,1990,-10
53735.jpg,2000,2005,5
53740.jpg,2000,2000,0
53745.jpg,2000,-1,-2001
53755.jpg,2000,1990,-10
53760.jpg,2000,1985,-15
53765.jpg,2000,2010,10
53770.jpg,2000,2009,9
53775.jpg,2000,1935,-65
53780.jpg,2000,2000,0
53785.jpg,2000,2000,0
53790.jpg,2000,1956,-44
53795.jpg,2000,1978,-22
53800.jpg,2000,1975,-25
53805.jpg,2000,1997,-3
53810.jpg,2000,1960,-40
53815.jpg,2000,-1,-2001
53820.jpg,2000,1990,-10
53830.jpg,2000,1970,-30
53835.jpg,2000,2010,10
53840.jpg,2000,2005,5
53845.jpg,2000,2010,10
53850.jpg,2000,1860,-140
53855.jpg,2000,2006,6
53860.jpg,2000,2005,5
53865.jpg,2000,2010,10
53870.jpg,2000,2000,0
53875.jpg,2000,1970,-30
53880.jpg,2000,2000,0
53885.jpg,2000,2003,3
53890.jpg,2000,2005,5
53895.jpg,2000,2005,5
53905.jpg,2001,2015,14
53910.jpg,2001,2020,19
53915.jpg,2001,2001,0
53920.jpg,2001,2010,9
53925.jpg,2001,2010,9
53930.jpg,2001,2010,9
53935.jpg,2001,2005,4
53940.jpg,2001,2005,4
53945.jpg,2001,1992,-9
53950.jpg,2001,2000,-1
53955.jpg,2001,2008,7
53960.jpg,2001,2010,9
53965.jpg,2001,2005,4
53970.jpg,2001,1957,-44
53975.jpg,2001,2000,-1
53980.jpg,2001,2000,-1
53985.jpg,2001,1990,-11
53990.jpg,2001,1972,-29
53995.jpg,2001,1890,-111
54000.jpg,2001,2010,9
54005.jpg,2001,1987,-14
54010.jpg,2001,2005,4
54015.jpg,2001,1985,-16
54020.jpg,2001,1980,-21
54025.jpg,2001,2008,7
54030.jpg,2001,2010,9
54035.jpg,2001,2010,9
54040.jpg,2001,2010,9
54045.jpg,2001,2005,4
54050.jpg,2001,1960,-41
54055.jpg,2001,2009,8
54060.jpg,2001,1956,-45
54065.jpg,2001,1920,-81
54070.jpg,2001,2007,6
54075.jpg,2001,2020,19
54085.jpg,2001,2015,14
54090.jpg,2001,2000,-1
54095.jpg,2001,2005,4
54100.jpg,2001,1995,-6
54105.jpg,2001,2000,-1
54110.jpg,2001,2010,9
54120.jpg,2001,2000,-1
54125.jpg,2001,2010,9
54130.jpg,2001,1960,-41
54135.jpg,2001,2000,-1
54140.jpg,2001,2010,9
54145.jpg,2001,1965,-36
54150.jpg,2001,2010,9
54155.jpg,2001,1980,-21
54160.jpg,2001,2010,9
54165.jpg,2001,1959,-42
54170.jpg,2001,2010,9
54180.jpg,2002,1930,-72
54185.jpg,2002,2010,8
54190.jpg,2002,1998,-4
54195.jpg,2002,2000,-2
54200.jpg,2002,1995,-7
54205.jpg,2002,2005,3
54210.jpg,2002,1990,-12
54215.jpg,2002,1998,-4
54220.jpg,2002,1995,-7
54225.jpg,2002,1955,-47
54230.jpg,2002,2002,0
54235.jpg,2002,2017,15
54240.jpg,2002,2001,-1
54245.jpg,2002,1995,-7
54250.jpg,2002,2005,3
54255.jpg,2002,1900,-102
54260.jpg,2002,2005,3
54265.jpg,2002,2010,8
54270.jpg,2002,2010,8
54275.jpg,2002,1930,-72
54280.jpg,2002,2004,2
54285.jpg,2002,2005,3
54290.jpg,2002,1985,-17
54295.jpg,2002,1975,-27
54300.jpg,2002,2010,8
54305.jpg,2002,1960,-42
54310.jpg,2002,2005,3
54315.jpg,2002,2010,8
54320.jpg,2002,1920,-82
54330.jpg,2002,1897,-105
54335.jpg,2002,1975,-27
54340.jpg,2002,2010,8
54345.jpg,2002,2005,3
54355.jpg,2002,1990,-12
54360.jpg,2002,2010,8
54365.jpg,2002,2010,8
54370.jpg,2002,1990,-12
54375.jpg,2002,2011,9
54385.jpg,2002,2010,8
54390.jpg,2002,2005,3
54395.jpg,2002,2005,3
54400.jpg,2002,1960,-42
54405.jpg,2003,2005,2
54410.jpg,2003,2018,15
54415.jpg,2003,2010,7
54425.jpg,2003,2005,2
54430.jpg,2003,2013,10
54435.jpg,2003,1990,-13
54440.jpg,2003,2000,-3
54445.jpg,2003,2005,2
54450.jpg,2003,2006,3
54460.jpg,2003,2005,2
54465.jpg,2003,2001,-2
54470.jpg,2003,2002,-1
54475.jpg,2003,2003,0
54480.jpg,2003,2016,13
54485.jpg,2003,2005,2
54490.jpg,2003,1989,-14
54495.jpg,2003,2005,2
54500.jpg,2003,2005,2
54505.jpg,2003,1995,-8
54510.jpg,2003,1995,-8
54515.jpg,2003,1965,-38
54520.jpg,2003,1920,-83
54525.jpg,2003,2010,7
54530.jpg,2003,1968,-35
54535.jpg,2003,1984,-19
54540.jpg,2003,2005,2
54545.jpg,2003,1890,-113
54550.jpg,2003,-1,-2004
54555.jpg,2003,1650,-353
54560.jpg,2003,2018,15
54565.jpg,2003,2010,7
54570.jpg,2003,2000,-3
54575.jpg,2003,2005,2
54580.jpg,2003,1985,-18
54585.jpg,2003,2010,7
54590.jpg,2003,1990,-13
54595.jpg,2003,1985,-18
54600.jpg,2003,2000,-3
54605.jpg,2004,2008,4
54610.jpg,2004,2000,-4
54620.jpg,2004,2005,1
54625.jpg,2004,2005,1
54630.jpg,2004,2005,1
54635.jpg,2004,1995,-9
54640.jpg,2004,2010,6
54645.jpg,2004,2000,-4
54650.jpg,2004,2000,-4
54655.jpg,2004,1990,-14
54660.jpg,2004,2010,6
54665.jpg,2004,2010,6
54670.jpg,2004,2005,1
54675.jpg,2004,2010,6
54680.jpg,2004,1995,-9
54685.jpg,2004,2010,6
54690.jpg,2004,1975,-29
54695.jpg,2004,1980,-24
54700.jpg,2004,2005,1
54705.jpg,2004,1998,-6
54710.jpg,2004,1990,-14
54715.jpg,2004,2000,-4
54720.jpg,2004,2005,1
54725.jpg,2004,2000,-4
54730.jpg,2004,1995,-9
54735.jpg,2004,2005,1
54740.jpg,2004,2004,0
54745.jpg,2004,1990,-14
54750.jpg,2004,1925,-79
54760.jpg,2004,2000,-4
54770.jpg,2004,1980,-24
54775.jpg,2004,2005,1
54780.jpg,2004,2005,1
54785.jpg,2004,1990,-14
54790.jpg,2004,2005,1
54795.jpg,2004,2000,-4
54800.jpg,2004,2005,1
54805.jpg,2004,2010,6
54810.jpg,2004,2005,1
54815.jpg,2004,2010,6
54820.jpg,2004,2010,6
54825.jpg,2004,2010,6
54830.jpg,2004,2004,0
54835.jpg,2004,2010,6
54840.jpg,2004,2007,3
54845.jpg,2005,1850,-155
54850.jpg,2005,1980,-25
54855.jpg,2005,2010,5
54860.jpg,2005,1974,-31
54865.jpg,2005,2010,5
54870.jpg,2005,2005,0
54885.jpg,2005,2000,-5
54890.jpg,2005,1975,-30
54895.jpg,2005,2010,5
54900.jpg,2005,2001,-4
54905.jpg,2005,2017,12
54910.jpg,2005,2005,0
54915.jpg,2005,1990,-15
54925.jpg,2005,2000,-5
54930.jpg,2005,2008,3
54935.jpg,2005,1930,-75
54940.jpg,2005,1990,-15
54955.jpg,2005,2005,0
54960.jpg,2005,2005,0
54965.jpg,2005,1999,-6
54970.jpg,2005,2009,4
54975.jpg,2005,1985,-20
54980.jpg,2005,2000,-5
54985.jpg,2005,2002,-3
54990.jpg,2005,1956,-49
54995.jpg,2005,1990,-15
55000.jpg,2005,1990,-15
55005.jpg,2005,2010,5
55010.jpg,2005,1960,-45
55015.jpg,2005,2010,5
55020.jpg,2005,1998,-7
55025.jpg,2005,1961,-44
55030.jpg,2005,2010,5
55035.jpg,2005,2005,0
55040.jpg,2005,2005,0
55045.jpg,2005,1985,-20
55050.jpg,2005,2010,5
55055.jpg,2005,2005,0
55060.jpg,2005,2010,5
55065.jpg,2005,2010,5
55070.jpg,2005,2005,0
55075.jpg,2005,2010,5
55080.jpg,2005,2010,5
55085.jpg,2005,2005,0
55090.jpg,2005,2015,10
55095.jpg,2005,2005,0
55100.jpg,2005,2005,0
55105.jpg,2005,1950,-55
55110.jpg,2005,2008,3
55115.jpg,2005,1900,-105
55120.jpg,2005,1990,-15
55125.jpg,2005,1990,-15
55130.jpg,2005,2010,5
55135.jpg,2006,2010,4
55140.jpg,2006,2010,4
55145.jpg,2006,1970,-36
55155.jpg,2006,2010,4
55160.jpg,2006,1990,-16
55165.jpg,2006,2000,-6
55170.jpg,2006,2010,4
55175.jpg,2006,2010,4
55180.jpg,2006,1990,-16
55185.jpg,2006,1975,-31
55190.jpg,2006,2008,2
55195.jpg,2006,2000,-6
55200.jpg,2006,2002,-4
55210.jpg,2006,2005,-1
55215.jpg,2006,2000,-6
55220.jpg,2006,2005,-1
55230.jpg,2006,2003,-3
55235.jpg,2006,2005,-1
55240.jpg,2006,2008,2
55245.jpg,2006,2008,2
55250.jpg,2006,2005,-1
55255.jpg,2006,1955,-51
55265.jpg,2006,1995,-11
55270.jpg,2006,2010,4
55275.jpg,2006,1937,-69
55280.jpg,2006,2005,-1
55285.jpg,2006,2010,4
55290.jpg,2006,1990,-16
55295.jpg,2006,1994,-12
55300.jpg,2006,1998,-8
55305.jpg,2006,2005,-1
55310.jpg,2006,2006,0
55315.jpg,2006,1980,-26
55320.jpg,2006,2005,-1
55325.jpg,2006,2005,-1
55330.jpg,2006,2010,4
55335.jpg,2007,1850,-157
55340.jpg,2007,2010,3
55345.jpg,2007,2010,3
55355.jpg,2007,2010,3
55360.jpg,2007,2005,-2
55365.jpg,2007,2000,-7
55370.jpg,2007,1970,-37
55380.jpg,2007,2010,3
55385.jpg,2007,2008,1
55395.jpg,2007,1610,-397
55400.jpg,2007,2011,4
55405.jpg,2007,1980,-27
55410.jpg,2007,2008,1
55415.jpg,2007,2005,-2
55420.jpg,2007,2010,3
55425.jpg,2007,2010,3
55430.jpg,2007,2010,3
55435.jpg,2007,1933,-74
55440.jpg,2007,2010,3
55445.jpg,2007,2017,10
55450.jpg,2007,1975,-32
55455.jpg,2007,1998,-9
55460.jpg,2007,1960,-47
55465.jpg,2007,1989,-18
55475.jpg,2007,1907,-100
55480.jpg,2007,1925,-82
55485.jpg,2007,2010,3
55490.jpg,2007,1931,-76
55500.jpg,2007,2000,-7
55505.jpg,2007,2005,-2
55510.jpg,2007,2005,-2
55515.jpg,2007,2008,1
55520.jpg,2007,2005,-2
55525.jpg,2007,1860,-147
55530.jpg,2007,2000,-7
55535.jpg,2007,2000,-7
55540.jpg,2007,1997,-10
55545.jpg,2007,2015,8
55550.jpg,2007,1958,-49
55555.jpg,2007,2004,-3
55560.jpg,2007,2010,3
55565.jpg,2007,2010,3
55570.jpg,2007,2010,3
55575.jpg,2007,2010,3
55580.jpg,2007,2010,3
55585.jpg,2007,2010,3
55590.jpg,2007,2010,3
55595.jpg,2007,1927,-80
55600.jpg,2007,1985,-22
55605.jpg,2007,1985,-22
55610.jpg,2008,1850,-158
55615.jpg,2008,1850,-158
55620.jpg,2008,2010,2
55625.jpg,2008,2008,0
55630.jpg,2008,2005,-3
55635.jpg,2008,2005,-3
55640.jpg,2008,1985,-23
55645.jpg,2008,2010,2
55650.jpg,2008,2000,-8
55655.jpg,2008,2010,2
55660.jpg,2008,-1,-2009
55670.jpg,2008,2010,2
55675.jpg,2008,2005,-3
55685.jpg,2008,2010,2
55690.jpg,2008,2015,7
55695.jpg,2008,2018,10
55705.jpg,2008,2010,2
55710.jpg,2008,2005,-3
55715.jpg,2008,1930,-78
55720.jpg,2008,2005,-3
55725.jpg,2008,2011,3
55730.jpg,2008,-1,-2009
55735.jpg,2008,2008,0
55740.jpg,2008,1975,-33
55745.jpg,2008,2010,2
55750.jpg,2008,2010,2
55755.jpg,2008,2008,0
55760.jpg,2008,2004,-4
55765.jpg,2008,1995,-13
55770.jpg,2008,1815,-193
55775.jpg,2008,1985,-23
55780.jpg,2008,2010,2
55785.jpg,2008,2000,-8
55795.jpg,2008,2015,7
55800.jpg,2008,2010,2
55805.jpg,2008,2005,-3
55810.jpg,2008,2010,2
55815.jpg,2008,2010,2
55820.jpg,2008,1986,-22
55825.jpg,2008,1975,-33
55830.jpg,2008,2008,0
55835.jpg,2009,1977,-32
55845.jpg,2009,1998,-11
55850.jpg,2009,2005,-4
55870.jpg,2009,2020,11
55875.jpg,2009,2010,1
55880.jpg,2009,2018,9
55885.jpg,2009,2010,1
55890.jpg,2009,2009,0
55895.jpg,2009,2005,-4
55900.jpg,2009,1995,-14
55905.jpg,2009,2020,11
55910.jpg,2009,2012,3
55915.jpg,2009,2012,3
55920.jpg,2009,1973,-36
55925.jpg,2009,1989,-20
55930.jpg,2009,1937,-72
55935.jpg,2009,2010,1
55940.jpg,2009,2010,1
55945.jpg,2009,1930,-79
55950.jpg,2009,2008,-1
55955.jpg,2009,2016,7
55960.jpg,2009,2010,1
55965.jpg,2009,2010,1
55970.jpg,2009,2019,10
55975.jpg,2009,2015,6
55980.jpg,2009,2010,1
55985.jpg,2009,1990,-19
55990.jpg,2009,2010,1
55995.jpg,2009,2009,0
56000.jpg,2009,2020,11
56005.jpg,2009,1900,-109
56010.jpg,2009,1750,-259
56015.jpg,2009,2011,2
56020.jpg,2009,2005,-4
56025.jpg,2009,2010,1
56030.jpg,2009,2010,1
56035.jpg,2009,2005,-4
56040.jpg,2009,2000,-9
56050.jpg,2009,2020,11
56055.jpg,2009,1990,-19
56060.jpg,2009,1980,-29
56065.jpg,2009,2010,1
56070.jpg,2009,1993,-16
56075.jpg,2009,1906,-103
56080.jpg,2010,1989,-21
56085.jpg,2010,2005,-5
56090.jpg,2010,2008,-2
56095.jpg,2010,2003,-7
56105.jpg,2010,2010,0
56110.jpg,2010,2005,-5
56115.jpg,2010,2010,0
56125.jpg,2010,2016,6
56130.jpg,2010,2010,0
56135.jpg,2010,2005,-5
56140.jpg,2010,1985,-25
56145.jpg,2010,1995,-15
56150.jpg,2010,2005,-5
56155.jpg,2010,1985,-25
56165.jpg,2010,1980,-30
56170.jpg,2010,1920,-90
56175.jpg,2010,2015,5
56180.jpg,2010,2015,5
56185.jpg,2010,2005,-5
56190.jpg,2010,2005,-5
56195.jpg,2010,2010,0
56200.jpg,2010,2010,0
56205.jpg,2010,1985,-25
56210.jpg,2010,2016,6
56215.jpg,2010,2008,-2
56220.jpg,2010,2012,2
56225.jpg,2010,2000,-10
56230.jpg,2010,2005,-5
56235.jpg,2010,1957,-53
56240.jpg,2010,2000,-10
56245.jpg,2010,2005,-5
56250.jpg,2010,2005,-5
56255.jpg,2010,2010,0
56260.jpg,2010,2010,0
56265.jpg,2010,2010,0
56270.jpg,2010,2023,13
56275.jpg,2010,1980,-30
56280.jpg,2010,1978,-32
56285.jpg,2010,2010,0
56290.jpg,2010,2010,0
56295.jpg,2010,2010,0
56300.jpg,2010,2008,-2
56310.jpg,2010,2010,0
56315.jpg,2011,2010,-1
56320.jpg,2011,1960,-51
56325.jpg,2011,2010,-1
56330.jpg,2011,2010,-1
56335.jpg,2011,2015,4
56345.jpg,2011,1980,-31
56350.jpg,2011,1985,-26
56355.jpg,2011,1992,-19
56360.jpg,2011,2016,5
56365.jpg,2011,2015,4
56370.jpg,2011,1982,-29
56375.jpg,2011,2015,4
56380.jpg,2011,2000,-11
56385.jpg,2011,2008,-3
56390.jpg,2011,1893,-118
56395.jpg,2011,2005,-6
56400.jpg,2011,2016,5
56405.jpg,2011,1997,-14
56410.jpg,2011,2013,2
56415.jpg,2011,2010,-1
56420.jpg,2011,2005,-6
56425.jpg,2011,1936,-75
56430.jpg,2011,1981,-30
56440.jpg,2011,2010,-1
56450.jpg,2011,2005,-6
56455.jpg,2011,1780,-231
56460.jpg,2011,2005,-6
56465.jpg,2011,2005,-6
56470.jpg,2011,1900,-111
56475.jpg,2011,1966,-45
56480.jpg,2011,1961,-50
56485.jpg,2011,2010,-1
56495.jpg,2011,-1,-2012
56500.jpg,2011,2010,-1
56505.jpg,2011,2005,-6
56510.jpg,2011,2015,4
56515.jpg,2011,1950,-61
56520.jpg,2011,2010,-1
56525.jpg,2011,2005,-6
56545.jpg,2012,1995,-17
56550.jpg,2012,2012,0
56555.jpg,2012,2000,-12
56560.jpg,2012,2009,-3
56565.jpg,2012,2020,8
56570.jpg,2012,1980,-32
56575.jpg,2012,2005,-7
56585.jpg,2012,2002,-10
56590.jpg,2012,2010,-2
56600.jpg,2012,2005,-7
56605.jpg,2012,2014,2
56610.jpg,2012,2010,-2
56615.jpg,2012,2020,8
56620.jpg,2012,1952,-60
56625.jpg,2012,1998,-14
56630.jpg,2012,2000,-12
56635.jpg,2012,1999,-13
56640.jpg,2012,1985,-27
56645.jpg,2012,2005,-7
56650.jpg,2012,2010,-2
56655.jpg,2012,2000,-12
56660.jpg,2012,1931,-81
56665.jpg,2012,1890,-122
56670.jpg,2012,2015,3
56675.jpg,2012,2010,-2
56680.jpg,2012,2000,-12
56685.jpg,2012,2005,-7
56690.jpg,2012,2005,-7
56695.jpg,2012,-1,-2013
56700.jpg,2012,2016,4
56705.jpg,2012,2010,-2
56710.jpg,2012,1980,-32
56715.jpg,2012,2005,-7
56720.jpg,2013,2005,-8
56725.jpg,2013,2015,2
56730.jpg,2013,1995,-18
56735.jpg,2013,2005,-8
56740.jpg,2013,2008,-5
56745.jpg,2013,2010,-3
56750.jpg,2013,2008,-5
56755.jpg,2013,2010,-3
56765.jpg,2013,2005,-8
56770.jpg,2013,2010,-3
56775.jpg,2013,2010,-3
56780.jpg,2013,1990,-23
56785.jpg,2013,2010,-3
56795.jpg,2013,2015,2
56800.jpg,2013,2005,-8
56805.jpg,2013,-1,-2014
56810.jpg,2013,2020,7
56820.jpg,2013,2005,-8
56825.jpg,2013,2010,-3
56845.jpg,2013,2010,-3
56850.jpg,2013,2010,-3
56855.jpg,2013,2015,2
56860.jpg,2013,1995,-18
56865.jpg,2013,2000,-13
56870.jpg,2013,2015,2
56875.jpg,2013,2000,-13
56880.jpg,2013,2010,-3
56885.jpg,2013,2018,5
56890.jpg,2013,2006,-7
56895.jpg,2013,1967,-46
56900.jpg,2014,2008,-6
56905.jpg,2014,1890,-124
56910.jpg,2014,1920,-94
56915.jpg,2014,2015,1
56920.jpg,2014,2010,-4
56925.jpg,2014,2018,4
56930.jpg,2014,2015,1
56935.jpg,2014,2010,-4
56940.jpg,2014,2005,-9
56945.jpg,2014,1970,-44
56950.jpg,2014,2010,-4
56955.jpg,2014,1965,-49
56960.jpg,2014,2005,-9
56965.jpg,2014,1985,-29
56970.jpg,2014,2000,-14
56975.jpg,2014,1930,-84
56980.jpg,2014,1962,-52
56985.jpg,2014,1991,-23
56990.jpg,2014,2011,-3
56995.jpg,2014,2017,3
57005.jpg,2014,2010,-4
57010.jpg,2014,1997,-17
57015.jpg,2014,2020,6
57020.jpg,2014,2010,-4
57025.jpg,2014,2010,-4
57030.jpg,2014,2005,-9
57035.jpg,2014,2010,-4
57040.jpg,2014,2022,8
57045.jpg,2014,2010,-4
57050.jpg,2014,2012,-2
57055.jpg,2014,2010,-4
57060.jpg,2014,2005,-9
57065.jpg,2014,2005,-9
57070.jpg,2014,2012,-2
57075.jpg,2015,1970,-45
57085.jpg,2015,1995,-20
57090.jpg,2015,2005,-10
57095.jpg,2015,2010,-5
57100.jpg,2015,2009,-6
57105.jpg,2015,2005,-10
57110.jpg,2015,2005,-10
57120.jpg,2015,2010,-5
57125.jpg,2015,2005,-10
57130.jpg,2015,2020,5
57135.jpg,2015,2005,-10
57140.jpg,2015,2005,-10
57145.jpg,2015,2006,-9
57150.jpg,2015,2005,-10
57155.jpg,2015,2010,-5
57160.jpg,2015,1960,-55
57165.jpg,2015,2018,3
57170.jpg,2015,2005,-10
57175.jpg,2015,2005,-10
57180.jpg,2015,2010,-5
57185.jpg,2015,2018,3
57195.jpg,2015,1995,-20
57200.jpg,2015,1960,-55
57205.jpg,2015,2010,-5
57210.jpg,2015,2015,0
57215.jpg,2015,2001,-14
57220.jpg,2016,2010,-6
57225.jpg,2016,2016,0
57230.jpg,2016,2010,-6
57235.jpg,2016,2008,-8
57240.jpg,2016,2008,-8
57250.jpg,2016,-1,-2017
57255.jpg,2016,2010,-6
57270.jpg,2016,1960,-56
57275.jpg,2016,2000,-16
57280.jpg,2016,2010,-6
57285.jpg,2016,2022,6
57290.jpg,2016,2016,0
57295.jpg,2016,2010,-6
57300.jpg,2016,2010,-6
57305.jpg,2016,2015,-1
57310.jpg,2016,1905,-111
57315.jpg,2016,2015,-1
57320.jpg,2016,2020,4
57325.jpg,2016,2005,-11
57330.jpg,2016,2015,-1
57335.jpg,2016,2005,-11
57340.jpg,2016,2010,-6
57345.jpg,2016,1965,-51
57350.jpg,2016,2016,0
57355.jpg,2016,2010,-6
57360.jpg,2016,2005,-11
57365.jpg,2017,2005,-12
57370.jpg,2017,2008,-9
57375.jpg,2017,2000,-17
57385.jpg,2017,1998,-19
57390.jpg,2017,2018,1
57395.jpg,2017,2010,-7
57400.jpg,2017,1985,-32
57415.jpg,2017,2010,-7
57420.jpg,2017,1990,-27
57425.jpg,2017,1995,-22
57430.jpg,2017,1990,-27
57435.jpg,2017,2010,-7
57440.jpg,2017,2009,-8
57450.jpg,2017,2005,-12
57455.jpg,2017,2010,-7
57470.jpg,2017,2010,-7
57475.jpg,2017,2013,-4
57480.jpg,2018,2010,-8
57485.jpg,2018,2005,-13
57490.jpg,2018,2010,-8
57495.jpg,2018,2003,-15
57500.jpg,2018,2005,-13
57505.jpg,2018,2017,-1
57510.jpg,2018,2008,-10
57515.jpg,2018,2010,-8
57520.jpg,2018,2020,2
57525.jpg,2018,1999,-19
57530.jpg,2018,2010,-8
57545.jpg,2018,2010,-8
57550.jpg,2018,2014,-4
57555.jpg,2018,2015,-3
57560.jpg,2018,2012,-6
57565.jpg,2018,2005,-13
57570.jpg,2018,2010,-8
57575.jpg,2018,2020,2
57585.jpg,2019,2010,-9
57595.jpg,2019,2021,2
57600.jpg,2019,2010,-9
57605.jpg,2019,2005,-14
57610.jpg,2019,2005,-14
57615.jpg,2019,2010,-9
57620.jpg,2019,2018,-1
57625.jpg,2019,2008,-11
57630.jpg,2019,1956,-63
57635.jpg,2019,2010,-9
57640.jpg,2019,2010,-9
57645.jpg,2019,2015,-4
57660.jpg,2019,1990,-29
57665.jpg,2019,2010,-9
57670.jpg,2020,2005,-15
57675.jpg,2020,2010,-10
57680.jpg,2020,2010,-10
57685.jpg,2020,2010,-10
57690.jpg,2020,2005,-15
57695.jpg,2020,1985,-35
57700.jpg,2020,1971,-49
57705.jpg,2020,2010,-10
57710.jpg,2020,1960,-60
57725.jpg,2020,2020,0
57730.jpg,2021,1988,-33
57735.jpg,2021,2008,-13
57740.jpg,2021,2021,0
57745.jpg,2021,2017,-4
57750.jpg,2021,2015,-6
57755.jpg,2021,1997,-24
57760.jpg,2021,2010,-11
57765.jpg,2021,2015,-6
57770.jpg,2021,2021,0
57780.jpg,2021,2020,-1
57785.jpg,2021,2015,-6
57790.jpg,2021,2010,-11
57795.jpg,2021,2015,-6
57800.jpg,2021,2010,-11
57805.jpg,2022,2015,-7
57810.jpg,2022,2005,-17
57815.jpg,2022,2010,-12
57825.jpg,2022,2008,-14
57830.jpg,2022,2008,-14
57835.jpg,2022,2018,-4
57840.jpg,2022,1980,-42
57845.jpg,2022,2015,-7
57860.jpg,2022,2015,-7
57865.jpg,2022,1990,-32
57870.jpg,2022,2015,-7
57875.jpg,2023,2019,-4
57885.jpg,2023,2018,-5
57890.jpg,2023,2009,-14
57895.jpg,2023,2006,-17
57900.jpg,2023,2000,-23
57910.jpg,2023,2015,-8
57915.jpg,2023,2010,-13
57920.jpg,2023,2015,-8
57925.jpg,2024,1880,-144
57930.jpg,2024,2015,-9
