name,year,pred,diff
5.jpg,1008,5,-1003
10.jpg,1016,2017,1001
15.jpg,1022,1190,168
20.jpg,1028,2010,982
25.jpg,1036,2019,983
30.jpg,1048,1830,782
35.jpg,1051,1448,397
40.jpg,1061,1855,794
45.jpg,1063,1745,682
55.jpg,1070,1066,-4
60.jpg,1076,600,-476
65.jpg,1080,1475,395
70.jpg,1090,1662,572
75.jpg,1093,1240,147
80.jpg,1097,1785,688
85.jpg,1100,2015,915
90.jpg,1100,1920,820
95.jpg,1107,1859,752
100.jpg,1110,1896,786
105.jpg,1114,2019,905
110.jpg,1116,9,-1107
120.jpg,1120,1445,325
125.jpg,1122,1932,810
130.jpg,1125,1513,388
135.jpg,1128,1306,178
140.jpg,1129,1540,411
145.jpg,1130,18,-1112
150.jpg,1131,1642,511
155.jpg,1134,1897,763
165.jpg,1138,2007,869
170.jpg,1140,1490,350
175.jpg,1144,1290,146
180.jpg,1146,1830,684
185.jpg,1147,1611,464
190.jpg,1149,1484,335
195.jpg,1150,2006,856
200.jpg,1152,532,-620
210.jpg,1160,2005,845
215.jpg,1165,12,-1153
220.jpg,1168,2012,844
225.jpg,1170,1070,-100
230.jpg,1170,1340,170
235.jpg,1172,50,-1122
240.jpg,1175,1465,290
245.jpg,1177,1534,357
255.jpg,1180,1365,185
260.jpg,1180,1066,-114
265.jpg,1180,1400,220
275.jpg,1185,2011,826
280.jpg,1189,1897,708
285.jpg,1191,600,-591
290.jpg,1192,1585,393
295.jpg,1194,1485,291
300.jpg,1196,1162,-34
305.jpg,1198,2010,812
310.jpg,1199,1922,723
315.jpg,1200,1515,315
320.jpg,1202,17,-1185
325.jpg,1204,1742,538
330.jpg,1208,1856,648
335.jpg,1211,1700,489
340.jpg,1212,1355,143
345.jpg,1215,1790,575
350.jpg,1217,1485,268
355.jpg,1220,1295,75
360.jpg,1221,2016,795
365.jpg,1222,13,-1209
370.jpg,1224,1134,-90
375.jpg,1226,1881,655
380.jpg,1227,1880,653
385.jpg,1229,1528,299
390.jpg,1231,1622,391
395.jpg,1232,551,-681
405.jpg,1237,1186,-51
410.jpg,1238,1697,459
415.jpg,1240,2013,773
420.jpg,1242,1972,730
425.jpg,1245,1310,65
430.jpg,1247,1090,-157
435.jpg,1248,1345,97
440.jpg,1250,1740,490
445.jpg,1250,1200,-50
450.jpg,1252,1450,198
455.jpg,1255,14,-1241
460.jpg,1259,1569,310
465.jpg,1260,1478,218
470.jpg,1263,1902,639
475.jpg,1264,1370,106
485.jpg,1270,1278,8
490.jpg,1270,1980,710
495.jpg,1270,1586,316
500.jpg,1271,2010,739
505.jpg,1273,1295,22
510.jpg,1275,1462,187
515.jpg,1277,2015,738
520.jpg,1278,1,-1277
525.jpg,1279,1568,289
530.jpg,1280,1883,603
535.jpg,1285,1280,-5
540.jpg,1288,1380,92
545.jpg,1289,1478,189
550.jpg,1290,19,-1271
555.jpg,1291,1410,119
560.jpg,1293,2012,719
565.jpg,1295,600,-695
570.jpg,1298,1895,597
575.jpg,1300,1150,-150
580.jpg,1300,1570,270
585.jpg,1300,1930,630
590.jpg,1301,1945,644
595.jpg,1303,2000,697
600.jpg,1305,1805,500
605.jpg,1307,2023,716
610.jpg,1309,1905,596
615.jpg,1310,1580,270
620.jpg,1311,1175,-136
625.jpg,1313,1295,-18
630.jpg,1314,2006,692
635.jpg,1317,1485,168
640.jpg,1319,1355,36
645.jpg,1320,1540,220
650.jpg,1322,12,-1310
655.jpg,1324,1206,-118
660.jpg,1325,1560,235
665.jpg,1326,1000,-326
670.jpg,1327,1910,583
675.jpg,1328,1600,272
680.jpg,1330,1687,357
685.jpg,1330,1185,-145
690.jpg,1331,1559,228
695.jpg,1333,1820,487
700.jpg,1335,1009,-326
705.jpg,1337,1590,253
710.jpg,1338,1432,94
715.jpg,1340,1908,568
720.jpg,1340,1869,529
725.jpg,1343,2016,673
730.jpg,1345,1,-1344
735.jpg,1345,1544,199
740.jpg,1346,2008,662
745.jpg,1347,1370,23
750.jpg,1347,1519,172
755.jpg,1349,1852,503
760.jpg,1350,1696,346
765.jpg,1350,1473,123
775.jpg,1353,1077,-276
780.jpg,1354,6,-1348
785.jpg,1356,1483,127
790.jpg,1358,1365,7
795.jpg,1360,1622,262
800.jpg,1361,1134,-227
805.jpg,1362,1465,103
810.jpg,1364,1610,246
815.jpg,1365,1655,290
825.jpg,1370,2007,637
830.jpg,1371,1218,-153
835.jpg,1373,1350,-23
840.jpg,1375,1565,190
845.jpg,1377,1570,193
850.jpg,1380,1986,606
855.jpg,1381,1730,349
860.jpg,1382,1569,187
865.jpg,1384,1078,-306
870.jpg,1386,2015,629
875.jpg,1389,2017,628
880.jpg,1390,1894,504
885.jpg,1394,2016,622
890.jpg,1396,1392,-4
895.jpg,1397,1900,503
900.jpg,1398,1394,-4
905.jpg,1399,1300,-99
910.jpg,1400,1240,-160
915.jpg,1401,1902,501
920.jpg,1402,1665,263
925.jpg,1405,19,-1386
930.jpg,1406,1450,44
935.jpg,1409,1136,-273
940.jpg,1410,13,-1397
945.jpg,1410,1552,142
950.jpg,1411,1,-1410
955.jpg,1413,1585,172
960.jpg,1414,2010,596
965.jpg,1417,1345,-72
970.jpg,1419,2017,598
975.jpg,1420,1675,255
980.jpg,1420,2008,588
985.jpg,1422,1773,351
990.jpg,1424,1004,-420
995.jpg,1425,1573,148
1000.jpg,1426,1490,64
1005.jpg,1428,1886,458
1010.jpg,1430,1387,-43
1015.jpg,1431,1933,502
1025.jpg,1435,1497,62
1030.jpg,1436,21,-1415
1035.jpg,1438,2017,579
1040.jpg,1440,2010,570
1045.jpg,1441,1685,244
1050.jpg,1442,1864,422
1055.jpg,1444,1000,-444
1060.jpg,1446,1845,399
1065.jpg,1448,1000,-448
1070.jpg,1450,1300,-150
1075.jpg,1450,1300,-150
1080.jpg,1451,2003,552
1085.jpg,1452,1858,406
1090.jpg,1453,1798,345
1095.jpg,1455,1968,513
1100.jpg,1457,1962,505
1105.jpg,1458,1660,202
1110.jpg,1459,1634,175
1115.jpg,1460,1819,359
1120.jpg,1462,1910,448
1125.jpg,1462,1194,-268
1130.jpg,1464,1355,-109
1135.jpg,1465,1872,407
1140.jpg,1466,1506,40
1145.jpg,1467,1673,206
1150.jpg,1468,2014,546
1155.jpg,1469,800,-669
1160.jpg,1470,1812,342
1165.jpg,1470,1250,-220
1170.jpg,1472,1870,398
1175.jpg,1473,2003,530
1180.jpg,1475,520,-955
1185.jpg,1477,1882,405
1190.jpg,1477,1830,353
1195.jpg,1479,1767,288
1200.jpg,1480,1400,-80
1205.jpg,1482,1647,165
1210.jpg,1482,1680,198
1215.jpg,1483,1790,307
1220.jpg,1485,11,-1474
1225.jpg,1487,1882,395
1230.jpg,1487,1532,45
1235.jpg,1488,1999,511
1240.jpg,1489,1300,-189
1245.jpg,1490,1482,-8
1250.jpg,1490,1870,380
1255.jpg,1491,1907,416
1260.jpg,1492,1912,420
1265.jpg,1493,1790,297
1270.jpg,1494,1559,65
1275.jpg,1495,1661,166
1280.jpg,1496,2006,510
1285.jpg,1497,1561,64
1290.jpg,1497,1780,283
1295.jpg,1498,1963,465
1300.jpg,1499,1340,-159
1305.jpg,1500,1200,-300
1310.jpg,1500,1857,357
1315.jpg,1501,1906,405
1325.jpg,1503,1687,184
1330.jpg,1504,16,-1488
1335.jpg,1505,1760,255
1340.jpg,1506,1975,469
1345.jpg,1507,1862,355
1350.jpg,1508,1184,-324
1355.jpg,1508,1737,229
1360.jpg,1509,1,-1508
1365.jpg,1510,1760,250
1370.jpg,1510,2010,500
1375.jpg,1511,1564,53
1380.jpg,1512,1733,221
1385.jpg,1513,1570,57
1390.jpg,1513,1850,337
1395.jpg,1515,1440,-75
1400.jpg,1515,1670,155
1405.jpg,1516,1917,401
1410.jpg,1517,1625,108
1415.jpg,1518,1580,62
1420.jpg,1518,1568,50
1425.jpg,1520,1774,254
1430.jpg,1521,1578,57
1435.jpg,1521,1610,89
1440.jpg,1522,1977,455
1445.jpg,1523,1948,425
1450.jpg,1524,13,-1511
1455.jpg,1525,1520,-5
1460.jpg,1526,1538,12
1465.jpg,1526,1977,451
1470.jpg,1527,1875,348
1475.jpg,1528,1808,280
1480.jpg,1528,2015,487
1485.jpg,1530,1455,-75
1490.jpg,1530,1837,307
1495.jpg,1530,1637,107
1500.jpg,1531,1645,114
1505.jpg,1531,2015,484
1510.jpg,1532,1923,391
1515.jpg,1532,1850,318
1520.jpg,1533,2008,475
1525.jpg,1534,1872,338
1530.jpg,1535,1860,325
1535.jpg,1535,1,-1534
1540.jpg,1536,1850,314
1545.jpg,1537,1790,253
1550.jpg,1537,1855,318
1555.jpg,1538,1861,323
1560.jpg,1539,-1,-1540
1565.jpg,1540,5200,3660
1570.jpg,1540,600,-940
1575.jpg,1540,2014,474
1580.jpg,1540,1350,-190
1590.jpg,1542,1364,-178
1595.jpg,1543,1752,209
1600.jpg,1543,1797,254
1605.jpg,1544,1578,34
1610.jpg,1545,1839,294
1615.jpg,1545,1805,260
1620.jpg,1547,1260,-287
1625.jpg,1548,1778,230
1630.jpg,1549,1780,231
1635.jpg,1549,1519,-30
1640.jpg,1550,1902,352
1645.jpg,1550,1906,356
1650.jpg,1550,19,-1531
1655.jpg,1550,6,-1544
1660.jpg,1551,1885,334
1665.jpg,1551,15,-1536
1670.jpg,1552,1626,74
1675.jpg,1553,1820,267
1680.jpg,1554,1768,214
1685.jpg,1554,1635,81
1690.jpg,1555,1530,-25
1695.jpg,1556,2015,459
1700.jpg,1557,1994,437
1705.jpg,1558,1985,427
1710.jpg,1558,1922,364
1715.jpg,1559,1912,353
1720.jpg,1559,1783,224
1725.jpg,1560,1820,260
1730.jpg,1560,1764,204
1735.jpg,1560,1589,29
1740.jpg,1561,1862,301
1745.jpg,1561,1648,87
1750.jpg,1562,1980,418
1755.jpg,1563,1810,247
1760.jpg,1564,2001,437
1765.jpg,1565,1597,32
1770.jpg,1565,1929,364
1775.jpg,1565,1194,-371
1780.jpg,1566,1795,229
1785.jpg,1567,1362,-205
1790.jpg,1567,1650,83
1795.jpg,1568,1650,82
1800.jpg,1568,1,-1567
1805.jpg,1569,2018,449
1810.jpg,1570,1788,218
1815.jpg,1570,1850,280
1820.jpg,1570,1860,290
1825.jpg,1571,2018,447
1830.jpg,1572,1750,178
1835.jpg,1572,1648,76
1840.jpg,1573,1368,-205
1845.jpg,1573,2019,446
1850.jpg,1574,1788,214
1855.jpg,1574,1910,336
1860.jpg,1575,1823,248
1865.jpg,1575,1848,273
1870.jpg,1575,1862,287
1875.jpg,1576,1865,289
1880.jpg,1577,11,-1566
1885.jpg,1578,1800,222
1890.jpg,1578,1785,207
1895.jpg,1579,1666,87
1900.jpg,1579,1890,311
1905.jpg,1580,1671,91
1910.jpg,1580,1890,310
1915.jpg,1581,1458,-123
1920.jpg,1581,1770,189
1925.jpg,1582,1216,-366
1930.jpg,1582,1950,368
1935.jpg,1583,1930,347
1940.jpg,1584,2003,419
1945.jpg,1584,1910,326
1950.jpg,1585,1902,317
1955.jpg,1585,1472,-113
1960.jpg,1585,1820,235
1965.jpg,1586,1696,110
1970.jpg,1586,1870,284
1975.jpg,1587,2015,428
1980.jpg,1588,2006,418
1985.jpg,1588,1760,172
1990.jpg,1588,1420,-168
1995.jpg,1588,1805,217
2000.jpg,1589,1870,281
2005.jpg,1590,1724,134
2010.jpg,1590,1992,402
2020.jpg,1591,1882,291
2025.jpg,1591,1698,107
2030.jpg,1592,19,-1573
2035.jpg,1593,1660,67
2045.jpg,1595,1750,155
2050.jpg,1595,1830,235
2055.jpg,1595,1851,256
2060.jpg,1596,1099,-497
2065.jpg,1596,1505,-91
2070.jpg,1597,1890,293
2075.jpg,1597,1648,51
2080.jpg,1598,1626,28
2085.jpg,1598,1795,197
2090.jpg,1598,1940,342
2095.jpg,1600,1700,100
2100.jpg,1600,1852,252
2115.jpg,1602,2011,409
2125.jpg,1604,1840,236
2130.jpg,1604,1589,-15
2135.jpg,1604,1883,279
2140.jpg,1605,1952,347
2145.jpg,1605,1613,8
2150.jpg,1606,1880,274
2155.jpg,1606,16,-1590
2160.jpg,1607,2006,399
2165.jpg,1607,1895,288
2170.jpg,1608,1605,-3
2175.jpg,1608,1820,212
2180.jpg,1609,1578,-31
2185.jpg,1610,1400,-210
2190.jpg,1610,1648,38
2195.jpg,1610,1805,195
2200.jpg,1610,1899,289
2205.jpg,1611,1963,352
2210.jpg,1611,1826,215
2215.jpg,1611,1850,239
2220.jpg,1612,2010,398
2225.jpg,1612,2009,397
2230.jpg,1613,2015,402
2235.jpg,1613,1856,243
2240.jpg,1614,1812,198
2245.jpg,1614,1656,42
2250.jpg,1614,1912,298
2255.jpg,1615,1960,345
2260.jpg,1615,1480,-135
2265.jpg,1616,1820,204
2270.jpg,1616,1880,264
2275.jpg,1616,2010,394
2280.jpg,1616,1857,241
2285.jpg,1617,1080,-537
2290.jpg,1617,1886,269
2295.jpg,1617,1454,-163
2300.jpg,1618,1894,276
2305.jpg,1618,1816,198
2310.jpg,1619,1485,-134
2315.jpg,1619,1960,341
2320.jpg,1619,1,-1618
2325.jpg,1620,1810,190
2330.jpg,1620,1666,46
2335.jpg,1620,1880,260
2340.jpg,1621,1812,191
2345.jpg,1621,1876,255
2350.jpg,1622,1624,2
2360.jpg,1623,1543,-80
2365.jpg,1624,1930,306
2370.jpg,1624,1496,-128
2375.jpg,1624,1766,142
2380.jpg,1625,1588,-37
2385.jpg,1625,1764,139
2390.jpg,1625,1803,178
2395.jpg,1625,1910,285
2400.jpg,1626,1300,-326
2405.jpg,1626,1910,284
2410.jpg,1627,1754,127
2415.jpg,1628,1991,363
2420.jpg,1628,2016,388
2425.jpg,1629,1880,251
2430.jpg,1629,1764,135
2435.jpg,1630,1660,30
2440.jpg,1630,1500,-130
2445.jpg,1630,1300,-330
2450.jpg,1630,1861,231
2455.jpg,1631,1764,133
2460.jpg,1631,1860,229
2465.jpg,1631,16,-1615
2470.jpg,1632,1626,-6
2475.jpg,1632,1903,271
2480.jpg,1632,1997,365
2485.jpg,1633,1665,32
2490.jpg,1633,2015,382
2495.jpg,1634,1851,217
2500.jpg,1634,1656,22
2505.jpg,1634,1,-1633
2510.jpg,1635,1837,202
2515.jpg,1635,1837,202
2520.jpg,1635,1796,161
2525.jpg,1636,1840,204
2530.jpg,1636,1475,-161
2535.jpg,1636,1820,184
2540.jpg,1637,1920,283
2545.jpg,1637,1672,35
2550.jpg,1638,18,-1620
2555.jpg,1638,1841,203
2560.jpg,1638,1873,235
2565.jpg,1639,1698,59
2570.jpg,1639,1786,147
2575.jpg,1640,1750,110
2580.jpg,1640,1770,130
2585.jpg,1640,1900,260
2590.jpg,1641,1794,153
2595.jpg,1641,1560,-81
2600.jpg,1641,1990,349
2605.jpg,1642,1300,-342
2610.jpg,1642,1853,211
2615.jpg,1643,1499,-144
2620.jpg,1644,1998,354
2625.jpg,1644,1810,166
2630.jpg,1644,1910,266
2635.jpg,1645,1752,107
2640.jpg,1645,1956,311
2645.jpg,1646,1830,184
2650.jpg,1646,11,-1635
2655.jpg,1646,1590,-56
2660.jpg,1648,1830,182
2665.jpg,1648,2010,362
2670.jpg,1648,1642,-6
2675.jpg,1649,1836,187
2680.jpg,1650,1441,-209
2685.jpg,1650,1784,134
2690.jpg,1650,1920,270
2695.jpg,1650,1947,297
2700.jpg,1651,1724,73
2705.jpg,1651,1789,138
2710.jpg,1652,1730,78
2715.jpg,1653,1840,187
2720.jpg,1653,1639,-14
2725.jpg,1654,1590,-64
2730.jpg,1654,1648,-6
2735.jpg,1655,1677,22
2745.jpg,1656,1687,31
2750.jpg,1656,1970,314
2755.jpg,1656,1479,-177
2760.jpg,1657,1854,197
2765.jpg,1657,19,-1638
2770.jpg,1658,2005,347
2775.jpg,1658,1661,3
2780.jpg,1659,1961,302
2785.jpg,1659,1661,2
2790.jpg,1660,1750,90
2795.jpg,1660,1700,40
2800.jpg,1660,1880,220
2805.jpg,1660,1790,130
2810.jpg,1660,1809,149
2815.jpg,1660,1834,174
2820.jpg,1660,1662,2
2825.jpg,1661,1696,35
2830.jpg,1661,1725,64
2835.jpg,1661,1935,274
2840.jpg,1661,1877,216
2845.jpg,1662,1940,278
2850.jpg,1663,1780,117
2855.jpg,1663,1754,91
2860.jpg,1664,1999,335
2865.jpg,1664,1830,166
2870.jpg,1664,1820,156
2875.jpg,1665,1600,-65
2880.jpg,1665,1875,210
2885.jpg,1665,1836,171
2890.jpg,1665,2015,350
2895.jpg,1666,1859,193
2900.jpg,1666,1690,24
2905.jpg,1667,1840,173
2910.jpg,1667,1882,215
2915.jpg,1667,1661,-6
2920.jpg,1668,2014,346
2925.jpg,1669,2019,350
2930.jpg,1669,1836,167
2935.jpg,1670,1855,185
2940.jpg,1670,1790,120
2945.jpg,1670,1828,158
2950.jpg,1670,18,-1652
2955.jpg,1671,1765,94
2960.jpg,1671,1570,-101
2965.jpg,1671,1790,119
2970.jpg,1672,1891,219
2975.jpg,1672,1847,175
2980.jpg,1673,1806,133
2985.jpg,1673,1954,281
2990.jpg,1674,1860,186
2995.jpg,1674,1660,-14
3000.jpg,1674,7,-1667
3010.jpg,1675,1872,197
3020.jpg,1676,1840,164
3025.jpg,1676,1899,223
3030.jpg,1677,2010,333
3035.jpg,1677,1851,174
3040.jpg,1677,1864,187
3045.jpg,1678,1900,222
3050.jpg,1678,2015,337
3055.jpg,1678,1909,231
3060.jpg,1679,1850,171
3065.jpg,1679,1870,191
3075.jpg,1680,1867,187
3080.jpg,1680,1770,90
3085.jpg,1680,1808,128
3090.jpg,1680,1883,203
3095.jpg,1680,1860,180
3100.jpg,1680,18,-1662
3105.jpg,1681,1730,49
3110.jpg,1681,1877,196
3115.jpg,1681,1656,-25
3120.jpg,1681,2008,327
3125.jpg,1682,1790,108
3130.jpg,1682,1665,-17
3135.jpg,1682,1775,93
3140.jpg,1682,1810,128
3145.jpg,1683,1820,137
3150.jpg,1683,1750,67
3155.jpg,1683,1624,-59
3160.jpg,1683,1440,-243
3165.jpg,1683,1764,81
3170.jpg,1684,1840,156
3175.jpg,1684,1754,70
3180.jpg,1684,1370,-314
3185.jpg,1684,1778,94
3190.jpg,1685,1870,185
3195.jpg,1685,1767,82
3200.jpg,1685,19,-1666
3205.jpg,1686,1867,181
3210.jpg,1686,1857,171
3215.jpg,1686,19,-1667
3220.jpg,1686,1570,-116
3225.jpg,1687,2010,323
3230.jpg,1687,1780,93
3235.jpg,1687,1885,198
3240.jpg,1688,1811,123
3245.jpg,1688,2005,317
3250.jpg,1689,2005,316
3255.jpg,1689,1781,92
3260.jpg,1689,1720,31
3270.jpg,1690,1500,-190
3275.jpg,1690,1826,136
3280.jpg,1690,1815,125
3285.jpg,1690,1870,180
3290.jpg,1690,1933,243
3295.jpg,1690,1822,132
3300.jpg,1690,20,-1670
3305.jpg,1691,1926,235
3310.jpg,1691,1652,-39
3315.jpg,1691,1786,95
3320.jpg,1692,1830,138
3325.jpg,1692,1662,-30
3330.jpg,1693,1929,236
3335.jpg,1693,1900,207
3340.jpg,1694,19,-1675
3345.jpg,1694,2006,312
3350.jpg,1694,1500,-194
3355.jpg,1695,1865,170
3360.jpg,1695,1820,125
3365.jpg,1695,1852,157
3370.jpg,1695,1840,145
3375.jpg,1695,1684,-11
3385.jpg,1696,18,-1678
3390.jpg,1696,1855,159
3395.jpg,1696,1760,64
3400.jpg,1696,1815,119
3405.jpg,1696,1812,116
3410.jpg,1697,1790,93
3415.jpg,1697,1796,99
3420.jpg,1697,2007,310
3425.jpg,1697,2019,322
3430.jpg,1698,1697,-1
3435.jpg,1698,1860,162
3440.jpg,1698,1600,-98
3445.jpg,1699,1810,111
3450.jpg,1699,1630,-69
3455.jpg,1699,1960,261
3460.jpg,1700,-1,-1701
3465.jpg,1700,1863,163
3470.jpg,1700,1870,170
3475.jpg,1700,1885,185
3480.jpg,1700,1797,97
3485.jpg,1700,1955,255
3490.jpg,1700,1780,80
3495.jpg,1700,1790,90
3500.jpg,1700,1910,210
3505.jpg,1700,1715,15
3510.jpg,1700,1563,-137
3520.jpg,1701,1850,149
3525.jpg,1701,1700,-1
3535.jpg,1702,1786,84
3540.jpg,1702,1764,62
3545.jpg,1703,2012,309
3550.jpg,1704,1864,160
3555.jpg,1704,1840,136
3560.jpg,1704,1775,71
3565.jpg,1704,1950,246
3570.jpg,1704,1653,-51
3575.jpg,1705,1,-1704
3580.jpg,1705,1825,120
3585.jpg,1705,1915,210
3590.jpg,1705,1993,288
3595.jpg,1706,1697,-9
3600.jpg,1706,1775,69
3605.jpg,1706,1656,-50
3610.jpg,1706,17,-1689
3615.jpg,1707,1880,173
3620.jpg,1707,226,-1481
3625.jpg,1707,1775,68
3630.jpg,1708,1679,-29
3635.jpg,1708,1818,110
3640.jpg,1708,1775,67
3645.jpg,1708,1634,-74
3650.jpg,1709,1454,-255
3655.jpg,1709,1924,215
3660.jpg,1709,19,-1690
3665.jpg,1709,1665,-44
3670.jpg,1710,1870,160
3675.jpg,1710,1861,151
3680.jpg,1710,1764,54
3685.jpg,1710,1785,75
3690.jpg,1710,1897,187
3695.jpg,1710,1776,66
3700.jpg,1710,1910,200
3705.jpg,1710,1910,200
3710.jpg,1710,1610,-100
3715.jpg,1711,1890,179
3720.jpg,1711,1885,174
3725.jpg,1711,1745,34
3730.jpg,1711,1626,-85
3735.jpg,1711,1603,-108
3740.jpg,1712,1896,184
3745.jpg,1712,1950,238
3750.jpg,1713,1904,191
3755.jpg,1713,1745,32
3760.jpg,1713,1765,52
3765.jpg,1713,1672,-41
3770.jpg,1714,1920,206
3775.jpg,1714,1761,47
3780.jpg,1714,1899,185
3785.jpg,1714,1891,177
3790.jpg,1715,2019,304
3795.jpg,1715,1928,213
3800.jpg,1715,1960,245
3805.jpg,1715,1000,-715
3810.jpg,1715,1900,185
3815.jpg,1715,1785,70
3820.jpg,1715,1760,45
3825.jpg,1715,1810,95
3830.jpg,1715,1665,-50
3835.jpg,1716,17,-1699
3840.jpg,1716,1890,174
3845.jpg,1716,1866,150
3850.jpg,1716,2017,301
3855.jpg,1716,1899,183
3860.jpg,1716,1820,104
3865.jpg,1717,1958,241
3870.jpg,1717,19,-1698
3875.jpg,1717,2011,294
3880.jpg,1718,1754,36
3885.jpg,1718,1605,-113
3890.jpg,1719,2015,296
3895.jpg,1719,1830,111
3900.jpg,1719,1900,181
3905.jpg,1719,1750,31
3910.jpg,1720,1860,140
3915.jpg,1720,1910,190
3920.jpg,1720,1820,100
3925.jpg,1720,1745,25
3930.jpg,1720,2008,288
3935.jpg,1720,1780,60
3940.jpg,1720,1750,30
3945.jpg,1720,1681,-39
3950.jpg,1720,1740,20
3955.jpg,1720,1830,110
3960.jpg,1720,1852,132
3965.jpg,1720,1795,75
3970.jpg,1720,1651,-69
3975.jpg,1721,1900,179
3980.jpg,1721,1867,146
3985.jpg,1721,1640,-81
3990.jpg,1721,1861,140
3995.jpg,1721,1772,51
4000.jpg,1722,1836,114
4005.jpg,1722,1784,62
4010.jpg,1722,1848,126
4015.jpg,1722,1839,117
4020.jpg,1722,1865,143
4025.jpg,1723,19,-1704
4030.jpg,1723,1985,262
4035.jpg,1723,1900,177
4040.jpg,1723,1785,62
4045.jpg,1723,1720,-3
4050.jpg,1723,1630,-93
4055.jpg,1723,1850,127
4060.jpg,1724,1996,272
4065.jpg,1724,1920,196
4070.jpg,1724,1760,36
4075.jpg,1724,1810,86
4080.jpg,1724,1820,96
4085.jpg,1724,1836,112
4090.jpg,1724,1797,73
4095.jpg,1724,1296,-428
4100.jpg,1725,1940,215
4105.jpg,1725,1852,127
4110.jpg,1725,1900,175
4115.jpg,1725,1774,49
4120.jpg,1725,1850,125
4125.jpg,1725,1700,-25
4130.jpg,1725,1870,145
4135.jpg,1725,1740,15
4140.jpg,1725,1834,109
4145.jpg,1725,1830,105
4150.jpg,1725,1776,51
4155.jpg,1725,2002,277
4160.jpg,1726,1853,127
4165.jpg,1726,1902,176
4170.jpg,1726,1840,114
4175.jpg,1726,1989,263
4180.jpg,1726,1660,-66
4185.jpg,1727,1760,33
4190.jpg,1727,1815,88
4195.jpg,1727,19,-1708
4200.jpg,1727,1880,153
4205.jpg,1727,1609,-118
4210.jpg,1727,1899,172
4215.jpg,1728,1810,82
4220.jpg,1728,1870,142
4225.jpg,1728,1720,-8
4230.jpg,1728,1813,85
4235.jpg,1728,1750,22
4240.jpg,1728,1933,205
4245.jpg,1728,1837,109
4250.jpg,1729,1705,-24
4255.jpg,1729,1941,212
4260.jpg,1729,1867,138
4265.jpg,1729,1824,95
4270.jpg,1729,17,-1712
4275.jpg,1730,1740,10
4280.jpg,1730,1860,130
4285.jpg,1730,1730,0
4290.jpg,1730,1854,124
4295.jpg,1730,1860,130
4300.jpg,1730,1800,70
4305.jpg,1730,1870,140
4310.jpg,1730,1940,210
4315.jpg,1730,1820,90
4320.jpg,1730,1837,107
4325.jpg,1730,1908,178
4330.jpg,1730,1785,55
4335.jpg,1730,1780,50
4340.jpg,1730,1800,70
4345.jpg,1730,1774,44
4350.jpg,1730,1820,90
4355.jpg,1730,1948,218
4360.jpg,1730,1918,188
4365.jpg,1730,1992,262
4370.jpg,1731,1890,159
4375.jpg,1731,1560,-171
4380.jpg,1731,1850,119
4385.jpg,1731,1770,39
4390.jpg,1732,1946,214
4395.jpg,1732,1860,128
4400.jpg,1732,1930,198
4405.jpg,1732,1730,-2
4410.jpg,1732,1800,68
4415.jpg,1732,1800,68
4420.jpg,1732,1824,92
4425.jpg,1732,3500,1768
4430.jpg,1732,1851,119
4435.jpg,1733,1852,119
4440.jpg,1733,1840,107
4445.jpg,1733,1830,97
4450.jpg,1733,1748,15
4455.jpg,1733,1806,73
4460.jpg,1733,1945,212
4465.jpg,1733,2013,280
4470.jpg,1733,-1,-1734
4475.jpg,1734,1840,106
4480.jpg,1734,1616,-118
4485.jpg,1734,1820,86
4490.jpg,1734,2001,267
4495.jpg,1735,2002,267
4505.jpg,1735,1815,80
4510.jpg,1735,1989,254
4515.jpg,1735,1772,37
4520.jpg,1735,1800,65
4525.jpg,1735,1836,101
4530.jpg,1735,1870,135
4535.jpg,1735,1740,5
4545.jpg,1736,1881,145
4550.jpg,1736,1750,14
4555.jpg,1736,1760,24
4560.jpg,1736,1854,118
4565.jpg,1736,1883,147
4570.jpg,1736,1825,89
4575.jpg,1737,1861,124
4580.jpg,1737,1930,193
4585.jpg,1737,1880,143
4590.jpg,1737,1900,163
4595.jpg,1737,1791,54
4600.jpg,1737,1999,262
4605.jpg,1738,2013,275
4610.jpg,1738,1660,-78
4615.jpg,1738,1920,182
4620.jpg,1738,1820,82
4625.jpg,1738,1880,142
4630.jpg,1738,1915,177
4635.jpg,1738,1822,84
4640.jpg,1739,1811,72
4645.jpg,1739,1902,163
4650.jpg,1739,1930,191
4655.jpg,1739,1894,155
4660.jpg,1739,1930,191
4665.jpg,1740,1998,258
4670.jpg,1740,1865,125
4675.jpg,1740,1880,140
4680.jpg,1740,1850,110
4685.jpg,1740,1800,60
4690.jpg,1740,1870,130
4695.jpg,1740,2010,270
4700.jpg,1740,1795,55
4705.jpg,1740,1820,80
4710.jpg,1740,1760,20
4715.jpg,1740,1760,20
4720.jpg,1740,300,-1440
4725.jpg,1740,1790,50
4730.jpg,1740,1910,170
4735.jpg,1740,1835,95
4740.jpg,1740,1923,183
4745.jpg,1740,1660,-80
4750.jpg,1741,1820,79
4755.jpg,1741,1787,46
4760.jpg,1741,1950,209
4765.jpg,1741,1850,109
4770.jpg,1741,1697,-44
4775.jpg,1741,2005,264
4780.jpg,1742,1685,-57
4785.jpg,1742,1860,118
4790.jpg,1742,1750,8
4795.jpg,1742,1774,32
4800.jpg,1742,1720,-22
4805.jpg,1742,1758,16
4810.jpg,1742,1902,160
4815.jpg,1742,1880,138
4820.jpg,1743,1922,179
4825.jpg,1743,1875,132
4835.jpg,1743,1781,38
4840.jpg,1743,1830,87
4845.jpg,1744,1924,180
4850.jpg,1744,1840,96
4855.jpg,1744,1830,86
4860.jpg,1744,1770,26
4865.jpg,1744,1879,135
4870.jpg,1745,1790,45
4875.jpg,1745,1740,-5
4880.jpg,1745,1775,30
4885.jpg,1745,1490,-255
4890.jpg,1745,1831,86
4895.jpg,1745,1858,113
4900.jpg,1745,1496,-249
4905.jpg,1745,1881,136
4910.jpg,1746,1840,94
4915.jpg,1746,1661,-85
4920.jpg,1746,1830,84
4925.jpg,1746,1565,-181
4930.jpg,1747,1824,77
4935.jpg,1747,1930,183
4940.jpg,1747,1615,-132
4945.jpg,1747,1820,73
4950.jpg,1747,1813,66
4955.jpg,1747,1863,116
4960.jpg,1747,1855,108
4965.jpg,1748,2000,252
4970.jpg,1748,19,-1729
4975.jpg,1748,1950,202
4980.jpg,1748,1868,120
4985.jpg,1748,1495,-253
4990.jpg,1749,1807,58
4995.jpg,1749,1970,221
5000.jpg,1749,1585,-164
5005.jpg,1749,19,-1730
5010.jpg,1749,1913,164
5015.jpg,1750,19,-1731
5020.jpg,1750,1814,64
5025.jpg,1750,2019,269
5030.jpg,1750,1750,0
5035.jpg,1750,1805,55
5040.jpg,1750,1900,150
5045.jpg,1750,2012,262
5050.jpg,1750,1940,190
5060.jpg,1750,1570,-180
5065.jpg,1750,1800,50
5070.jpg,1750,1775,25
5075.jpg,1750,1910,160
5080.jpg,1750,18,-1732
5085.jpg,1750,1840,90
5090.jpg,1750,1840,90
5095.jpg,1750,1960,210
5100.jpg,1750,1990,240
5105.jpg,1750,1872,122
5110.jpg,1750,1979,229
5115.jpg,1750,1800,50
5120.jpg,1750,1820,70
5125.jpg,1750,1790,40
5130.jpg,1750,1660,-90
5135.jpg,1750,1856,106
5140.jpg,1750,1870,120
5145.jpg,1750,1720,-30
5150.jpg,1750,2005,255
5155.jpg,1750,1775,25
5160.jpg,1750,1745,-5
5165.jpg,1750,1965,215
5170.jpg,1750,1854,104
5175.jpg,1750,1790,40
5180.jpg,1750,1905,155
5185.jpg,1750,2002,252
5190.jpg,1750,1890,140
5195.jpg,1751,1948,197
5200.jpg,1751,1871,120
5205.jpg,1751,1900,149
5210.jpg,1751,2008,257
5215.jpg,1751,1840,89
5220.jpg,1751,330,-1421
5225.jpg,1752,1863,111
5230.jpg,1752,1851,99
5235.jpg,1752,1785,33
5240.jpg,1752,1870,118
5245.jpg,1752,1945,193
5250.jpg,1752,1899,147
5255.jpg,1752,17,-1735
5260.jpg,1752,1814,62
5265.jpg,1752,1710,-42
5270.jpg,1752,1860,108
5275.jpg,1752,1799,47
5285.jpg,1753,1661,-92
5290.jpg,1753,1913,160
5295.jpg,1753,1820,67
5300.jpg,1753,1850,97
5305.jpg,1753,1820,67
5310.jpg,1753,1791,38
5315.jpg,1753,1661,-92
5320.jpg,1753,1770,17
5325.jpg,1754,1889,135
5330.jpg,1754,1930,176
5335.jpg,1754,1850,96
5340.jpg,1754,1953,199
5345.jpg,1754,1840,86
5350.jpg,1754,-1,-1755
5355.jpg,1754,700,-1054
5360.jpg,1754,1820,66
5365.jpg,1754,1890,136
5370.jpg,1755,1750,-5
5375.jpg,1755,1851,96
5380.jpg,1755,1758,3
5385.jpg,1755,1870,115
5390.jpg,1755,1785,30
5395.jpg,1755,1900,145
5400.jpg,1755,1780,25
5405.jpg,1755,1790,35
5410.jpg,1755,1680,-75
5415.jpg,1756,1808,52
5420.jpg,1756,1696,-60
5425.jpg,1756,1866,110
5430.jpg,1756,1682,-74
5435.jpg,1756,1930,174
5440.jpg,1756,1860,104
5445.jpg,1756,1786,30
5450.jpg,1756,1771,15
5455.jpg,1756,1460,-296
5460.jpg,1756,1640,-116
5470.jpg,1757,1845,88
5475.jpg,1757,1890,133
5480.jpg,1757,1800,43
5485.jpg,1757,19,-1738
5490.jpg,1757,1870,113
5495.jpg,1757,1860,103
5500.jpg,1758,1790,32
5505.jpg,1758,1858,100
5510.jpg,1758,1590,-168
5515.jpg,1758,1870,112
5520.jpg,1758,1812,54
5525.jpg,1758,1864,106
5530.jpg,1758,1900,142
5535.jpg,1759,1867,108
5540.jpg,1759,1852,93
5545.jpg,1759,1873,114
5550.jpg,1759,1780,21
5555.jpg,1759,1770,11
5560.jpg,1759,1671,-88
5565.jpg,1760,1666,-94
5570.jpg,1760,1851,91
5575.jpg,1760,1866,106
5580.jpg,1760,2014,254
5585.jpg,1760,1265,-495
5590.jpg,1761,1993,232
5595.jpg,1761,1774,13
5600.jpg,1761,1850,89
5605.jpg,1761,1874,113
5610.jpg,1761,1890,129
5615.jpg,1761,1300,-461
5620.jpg,1761,1609,-152
5625.jpg,1761,1636,-125
5630.jpg,1762,2016,254
5635.jpg,1762,1898,136
5640.jpg,1762,1896,134
5645.jpg,1762,1828,66
5650.jpg,1762,1750,-12
5655.jpg,1762,1911,149
5660.jpg,1762,1880,118
5665.jpg,1762,1910,148
5670.jpg,1763,1860,97
5675.jpg,1763,1812,49
5680.jpg,1763,1875,112
5685.jpg,1763,1685,-78
5690.jpg,1763,1720,-43
5695.jpg,1763,1880,117
5700.jpg,1763,2001,238
5705.jpg,1763,1870,107
5710.jpg,1764,1440,-324
5715.jpg,1764,1800,36
5720.jpg,1764,2019,255
5725.jpg,1764,1850,86
5730.jpg,1764,1902,138
5735.jpg,1764,1865,101
5740.jpg,1764,1665,-99
5745.jpg,1764,1776,12
5750.jpg,1764,1950,186
5755.jpg,1764,1750,-14
5765.jpg,1765,1875,110
5770.jpg,1765,-1,-1766
5775.jpg,1765,1856,91
5780.jpg,1765,19,-1746
5785.jpg,1765,1859,94
5790.jpg,1765,19,-1746
5795.jpg,1765,1855,90
5800.jpg,1765,1770,5
5805.jpg,1765,1950,185
5810.jpg,1765,1800,35
5815.jpg,1765,1807,42
5820.jpg,1765,1810,45
5825.jpg,1765,1882,117
5830.jpg,1765,1863,98
5835.jpg,1766,2014,248
5840.jpg,1766,1854,88
5845.jpg,1766,1862,96
5850.jpg,1766,17,-1749
5855.jpg,1766,1869,103
5860.jpg,1766,1830,64
5865.jpg,1766,1875,109
5870.jpg,1766,2016,250
5875.jpg,1767,1790,23
5880.jpg,1767,1902,135
5885.jpg,1767,1871,104
5890.jpg,1767,1826,59
5895.jpg,1768,1930,162
5900.jpg,1768,1860,92
5905.jpg,1768,1819,51
5910.jpg,1768,1960,192
5915.jpg,1768,1930,162
5920.jpg,1768,1872,104
5925.jpg,1768,1891,123
5930.jpg,1768,1837,69
5935.jpg,1768,1892,124
5940.jpg,1768,1476,-292
5945.jpg,1769,1770,1
5950.jpg,1769,1910,141
5955.jpg,1769,1800,31
5960.jpg,1769,1750,-19
5965.jpg,1769,1685,-84
5970.jpg,1769,1940,171
5975.jpg,1769,1780,11
5980.jpg,1769,1836,67
5985.jpg,1769,1202,-567
5990.jpg,1769,1840,71
5995.jpg,1769,1560,-209
6000.jpg,1770,1930,160
6005.jpg,1770,1800,30
6010.jpg,1770,1867,97
6015.jpg,1770,1,-1769
6020.jpg,1770,1835,65
6025.jpg,1770,1875,105
6030.jpg,1770,1720,-50
6035.jpg,1770,1791,21
6040.jpg,1770,1950,180
6045.jpg,1770,1900,130
6050.jpg,1770,1745,-25
6055.jpg,1770,1917,147
6060.jpg,1770,1800,30
6065.jpg,1770,1884,114
6070.jpg,1770,1900,130
6075.jpg,1770,1830,60
6080.jpg,1770,1970,200
6085.jpg,1770,1910,140
6090.jpg,1770,1840,70
6095.jpg,1770,1790,20
6100.jpg,1770,1925,155
6105.jpg,1770,1818,48
6115.jpg,1771,1800,29
6120.jpg,1771,1890,119
6125.jpg,1771,1839,68
6130.jpg,1771,1780,9
6135.jpg,1771,1757,-14
6140.jpg,1771,1615,-156
6145.jpg,1771,1776,5
6150.jpg,1771,19,-1752
6155.jpg,1771,1697,-74
6160.jpg,1771,1955,184
6165.jpg,1771,1800,29
6170.jpg,1772,1954,182
6175.jpg,1772,1773,1
6180.jpg,1772,1809,37
6185.jpg,1772,1560,-212
6190.jpg,1772,1890,118
6195.jpg,1773,1764,-9
6200.jpg,1773,1846,73
6205.jpg,1773,1772,-1
6210.jpg,1773,1840,67
6215.jpg,1773,1880,107
6220.jpg,1773,1754,-19
6225.jpg,1773,1770,-3
6230.jpg,1773,1770,-3
6235.jpg,1773,1910,137
6240.jpg,1774,1852,78
6245.jpg,1774,1543,-231
6250.jpg,1774,1966,192
6255.jpg,1774,1760,-14
6260.jpg,1774,1770,-4
6265.jpg,1774,1816,42
6270.jpg,1774,1780,6
6275.jpg,1774,1310,-464
6280.jpg,1774,1775,1
6285.jpg,1774,1745,-29
6290.jpg,1774,1967,193
6295.jpg,1774,1990,216
6300.jpg,1774,1836,62
6305.jpg,1775,1665,-110
6310.jpg,1775,1840,65
6315.jpg,1775,1880,105
6320.jpg,1775,1715,-60
6325.jpg,1775,1800,25
6330.jpg,1775,1800,25
6335.jpg,1775,1810,35
6350.jpg,1775,2007,232
6355.jpg,1775,1860,85
6360.jpg,1775,1923,148
6365.jpg,1775,1910,135
6370.jpg,1775,1998,223
6375.jpg,1775,1800,25
6380.jpg,1775,1971,196
6385.jpg,1775,1560,-215
6390.jpg,1775,1900,125
6395.jpg,1775,1780,5
6405.jpg,1776,1890,114
6410.jpg,1776,1853,77
6415.jpg,1776,1860,84
6420.jpg,1776,1740,-36
6425.jpg,1776,1750,-26
6430.jpg,1776,1825,49
6435.jpg,1776,1760,-16
6440.jpg,1776,1753,-23
6445.jpg,1777,1780,3
6450.jpg,1777,2017,240
6455.jpg,1777,1900,123
6460.jpg,1777,6000,4223
6465.jpg,1777,1865,88
6470.jpg,1777,2008,231
6475.jpg,1777,6,-1771
6480.jpg,1777,1964,187
6485.jpg,1778,1861,83
6495.jpg,1778,1732,-46
6500.jpg,1778,1822,44
6505.jpg,1778,1830,52
6510.jpg,1778,1950,172
6515.jpg,1779,1867,88
6520.jpg,1779,1608,-171
6525.jpg,1779,1770,-9
6530.jpg,1779,1940,161
6535.jpg,1779,1903,124
6540.jpg,1779,1835,56
6545.jpg,1779,1870,91
6550.jpg,1779,1986,207
6555.jpg,1780,1458,-322
6560.jpg,1780,1625,-155
6565.jpg,1780,1830,50
6570.jpg,1780,2002,222
6575.jpg,1780,1840,60
6580.jpg,1780,1820,40
6585.jpg,1780,1810,30
6590.jpg,1780,1980,200
6595.jpg,1780,1840,60
6600.jpg,1780,1828,48
6605.jpg,1780,1765,-15
6610.jpg,1780,1960,180
6615.jpg,1780,1820,40
6620.jpg,1780,1460,-320
6625.jpg,1780,1730,-50
6630.jpg,1780,1980,200
6635.jpg,1780,1840,60
6640.jpg,1780,1870,90
6645.jpg,1780,1700,-80
6650.jpg,1780,1882,102
6655.jpg,1780,1875,95
6660.jpg,1780,1925,145
6665.jpg,1780,1854,74
6670.jpg,1781,1875,94
6675.jpg,1781,1910,129
6680.jpg,1781,1840,59
6685.jpg,1781,1687,-94
6690.jpg,1781,1900,119
6695.jpg,1781,1955,174
6700.jpg,1781,1812,31
6705.jpg,1781,20,-1761
6710.jpg,1782,1930,148
6715.jpg,1782,1973,191
6720.jpg,1782,1858,76
6725.jpg,1782,1800,18
6730.jpg,1782,1780,-2
6735.jpg,1782,1750,-32
6740.jpg,1782,2011,229
6745.jpg,1782,1601,-181
6750.jpg,1782,1760,-22
6755.jpg,1783,1890,107
6760.jpg,1783,1980,197
6765.jpg,1783,-1,-1784
6770.jpg,1783,1970,187
6775.jpg,1783,1935,152
6780.jpg,1783,1770,-13
6785.jpg,1783,1950,167
6790.jpg,1783,1700,-83
6795.jpg,1783,1880,97
6800.jpg,1783,1910,127
6805.jpg,1783,1867,84
6810.jpg,1784,1900,116
6815.jpg,1784,1238,-546
6820.jpg,1784,1830,46
6825.jpg,1784,1920,136
6830.jpg,1784,1767,-17
6835.jpg,1784,1960,176
6840.jpg,1784,1856,72
6845.jpg,1784,1890,106
6850.jpg,1784,1548,-236
6855.jpg,1784,1651,-133
6860.jpg,1785,1928,143
6865.jpg,1785,1856,71
6870.jpg,1785,1650,-135
6875.jpg,1785,1769,-16
6880.jpg,1785,1940,155
6885.jpg,1785,1775,-10
6890.jpg,1785,1830,45
6895.jpg,1785,1950,165
6900.jpg,1785,1830,45
6905.jpg,1785,1913,128
6910.jpg,1785,1860,75
6915.jpg,1785,1732,-53
6920.jpg,1785,1854,69
6925.jpg,1785,1785,0
6930.jpg,1785,700,-1085
6935.jpg,1785,1900,115
6940.jpg,1785,1900,115
6945.jpg,1785,1456,-329
6950.jpg,1786,1805,19
6955.jpg,1786,2015,229
6960.jpg,1786,1820,34
6965.jpg,1786,1420,-366
6970.jpg,1786,1796,10
6975.jpg,1786,1772,-14
6980.jpg,1786,1741,-45
6985.jpg,1786,1853,67
6990.jpg,1786,1901,115
6995.jpg,1786,1904,118
7000.jpg,1786,20,-1766
7005.jpg,1787,15,-1772
7010.jpg,1787,1760,-27
7015.jpg,1787,1754,-33
7020.jpg,1787,1806,19
7025.jpg,1787,1983,196
7030.jpg,1787,1780,-7
7035.jpg,1787,1755,-32
7040.jpg,1787,1725,-62
7045.jpg,1787,1810,23
7050.jpg,1787,1880,93
7055.jpg,1787,1880,93
7060.jpg,1787,1976,189
7065.jpg,1787,1860,73
7070.jpg,1787,1845,58
7075.jpg,1787,1872,85
7080.jpg,1787,1850,63
7085.jpg,1787,1832,45
7090.jpg,1788,1850,62
7095.jpg,1788,1762,-26
7100.jpg,1788,2016,228
7105.jpg,1788,1783,-5
7110.jpg,1788,1940,152
7115.jpg,1788,1800,12
7120.jpg,1788,1765,-23
7125.jpg,1788,1758,-30
7130.jpg,1788,1840,52
7135.jpg,1788,1772,-16
7140.jpg,1788,1860,72
7145.jpg,1789,1800,11
7150.jpg,1789,1772,-17
7155.jpg,1789,1845,56
7160.jpg,1789,1923,134
7165.jpg,1789,1840,51
7170.jpg,1789,1869,80
7175.jpg,1789,1725,-64
7180.jpg,1789,1950,161
7185.jpg,1789,1896,107
7190.jpg,1789,1752,-37
7195.jpg,1789,1897,108
7200.jpg,1790,1793,3
7205.jpg,1790,1910,120
7210.jpg,1790,1990,200
7215.jpg,1790,1985,195
7220.jpg,1790,1866,76
7225.jpg,1790,1880,90
7230.jpg,1790,1840,50
7235.jpg,1790,1914,124
7240.jpg,1790,1830,40
7245.jpg,1790,1760,-30
7250.jpg,1790,1763,-27
7255.jpg,1790,1910,120
7260.jpg,1790,1850,60
7265.jpg,1790,1900,110
7270.jpg,1790,1960,170
7275.jpg,1790,1788,-2
7280.jpg,1790,1788,-2
7285.jpg,1790,1780,-10
7290.jpg,1790,1950,160
7295.jpg,1790,1830,40
7300.jpg,1790,1850,60
7305.jpg,1790,1715,-75
7310.jpg,1790,1850,60
7315.jpg,1790,1,-1789
7320.jpg,1790,1930,140
7325.jpg,1790,1860,70
7330.jpg,1790,1970,180
7335.jpg,1790,1920,130
7340.jpg,1790,20,-1770
7345.jpg,1790,1820,30
7350.jpg,1790,1890,100
7355.jpg,1790,1880,90
7360.jpg,1790,1700,-90
7365.jpg,1790,-1,-1791
7370.jpg,1790,1683,-107
7375.jpg,1790,1930,140
7380.jpg,1790,2011,221
7385.jpg,1791,1870,79
7390.jpg,1791,1987,196
7395.jpg,1791,1736,-55
7400.jpg,1791,1002,-789
7405.jpg,1791,1890,99
7410.jpg,1791,18,-1773
7415.jpg,1791,1830,39
7420.jpg,1791,1770,-21
7425.jpg,1791,1880,89
7430.jpg,1791,1930,139
7435.jpg,1791,2019,228
7440.jpg,1792,1880,88
7445.jpg,1792,2007,215
7450.jpg,1792,1830,38
7455.jpg,1792,1972,180
7460.jpg,1792,1913,121
7465.jpg,1792,1773,-19
7470.jpg,1792,1870,78
7475.jpg,1792,1871,79
7480.jpg,1792,1800,8
7485.jpg,1792,1917,125
7490.jpg,1792,1987,195
7495.jpg,1792,1715,-77
7500.jpg,1792,1910,118
7505.jpg,1792,1820,28
7510.jpg,1793,1661,-132
7515.jpg,1793,1770,-23
7520.jpg,1793,1920,127
7525.jpg,1793,1811,18
7530.jpg,1793,1169,-624
7535.jpg,1793,1978,185
7540.jpg,1793,1826,33
7545.jpg,1793,1810,17
7550.jpg,1793,1858,65
7555.jpg,1793,1820,27
7560.jpg,1793,1790,-3
7565.jpg,1793,1920,127
7570.jpg,1793,1861,68
7575.jpg,1793,1965,172
7580.jpg,1793,1788,-5
7585.jpg,1793,2004,211
7590.jpg,1793,1852,59
7595.jpg,1794,1926,132
7600.jpg,1794,1880,86
7605.jpg,1794,2014,220
7610.jpg,1794,1776,-18
7615.jpg,1794,2004,210
7620.jpg,1794,1850,56
7625.jpg,1794,1830,36
7630.jpg,1794,1760,-34
7635.jpg,1794,1880,86
7640.jpg,1794,1800,6
7645.jpg,1794,1616,-178
7650.jpg,1794,1822,28
7655.jpg,1795,1890,95
7660.jpg,1795,1870,75
7665.jpg,1795,1834,39
7670.jpg,1795,1696,-99
7675.jpg,1795,1760,-35
7680.jpg,1795,1780,-15
7685.jpg,1795,1630,-165
7690.jpg,1795,1781,-14
7695.jpg,1795,1783,-12
7700.jpg,1795,1854,59
7705.jpg,1795,1850,55
7710.jpg,1795,1800,5
7715.jpg,1795,1770,-25
7720.jpg,1795,1910,115
7725.jpg,1795,1850,55
7730.jpg,1795,1781,-14
7735.jpg,1795,1850,55
7740.jpg,1795,1850,55
7745.jpg,1795,2000,205
7750.jpg,1795,1787,-8
7755.jpg,1795,2016,221
7760.jpg,1795,1795,0
7765.jpg,1795,1890,95
7775.jpg,1796,1770,-26
7780.jpg,1796,1776,-20
7785.jpg,1796,2005,209
7790.jpg,1796,1740,-56
7795.jpg,1796,1803,7
7800.jpg,1796,1790,-6
7805.jpg,1796,1899,103
7810.jpg,1796,1971,175
7815.jpg,1796,1900,104
7820.jpg,1796,1774,-22
7825.jpg,1796,1858,62
7830.jpg,1796,1860,64
7840.jpg,1796,1940,144
7845.jpg,1796,1932,136
7850.jpg,1796,1860,64
7855.jpg,1796,1830,34
7860.jpg,1796,1930,134
7865.jpg,1796,19,-1777
7870.jpg,1796,1818,22
7875.jpg,1796,1674,-122
7880.jpg,1797,1675,-122
7885.jpg,1797,1779,-18
7890.jpg,1797,1785,-12
7895.jpg,1797,1870,73
7900.jpg,1797,1840,43
7905.jpg,1797,1780,-17
7915.jpg,1797,1,-1796
7920.jpg,1797,1896,99
7925.jpg,1797,1830,33
7930.jpg,1797,1930,133
7935.jpg,1797,1892,95
7940.jpg,1797,19,-1778
7945.jpg,1797,1821,24
7950.jpg,1797,2016,219
7955.jpg,1798,1664,-134
7960.jpg,1798,1936,138
7965.jpg,1798,3000,1202
7970.jpg,1798,1660,-138
7975.jpg,1798,1930,132
7980.jpg,1798,1760,-38
7985.jpg,1798,1960,162
7990.jpg,1798,19,-1779
7995.jpg,1798,1300,-498
8000.jpg,1798,1870,72
8005.jpg,1798,19,-1779
8010.jpg,1798,1973,175
8015.jpg,1798,1800,2
8020.jpg,1798,1876,78
8025.jpg,1798,1872,74
8030.jpg,1798,2021,223
8035.jpg,1798,1745,-53
8040.jpg,1798,1920,122
8045.jpg,1798,1837,39
8055.jpg,1798,1852,54
8060.jpg,1799,1951,152
8065.jpg,1799,1851,52
8070.jpg,1799,1900,101
8075.jpg,1799,1824,25
8080.jpg,1799,1890,91
8085.jpg,1799,1926,127
8090.jpg,1799,1752,-47
8095.jpg,1799,1800,1
8100.jpg,1799,1812,13
8105.jpg,1799,1880,81
8110.jpg,1799,2005,206
8115.jpg,1800,1800,0
8120.jpg,1800,2009,209
8125.jpg,1800,1797,-3
8130.jpg,1800,2013,213
8135.jpg,1800,1950,150
8140.jpg,1800,1756,-44
8145.jpg,1800,1840,40
8150.jpg,1800,1900,100
8155.jpg,1800,1775,-25
8160.jpg,1800,1880,80
8165.jpg,1800,1790,-10
8170.jpg,1800,1904,104
8175.jpg,1800,1830,30
8180.jpg,1800,1850,50
8185.jpg,1800,1930,130
8190.jpg,1800,1800,0
8195.jpg,1800,1885,85
8200.jpg,1800,1900,100
8205.jpg,1800,1890,90
8210.jpg,1800,1850,50
8215.jpg,1800,1775,-25
8220.jpg,1800,1860,60
8225.jpg,1800,1850,50
8230.jpg,1800,1837,37
8235.jpg,1800,1772,-28
8240.jpg,1800,1931,131
8245.jpg,1800,1920,120
8250.jpg,1800,1924,124
8255.jpg,1800,1860,60
8260.jpg,1800,1870,70
8265.jpg,1800,1855,55
8270.jpg,1800,1750,-50
8275.jpg,1800,1880,80
8280.jpg,1800,1800,0
8285.jpg,1800,1890,90
8295.jpg,1800,1978,178
8300.jpg,1801,1672,-129
8305.jpg,1801,1970,169
8310.jpg,1801,1910,109
8315.jpg,1801,1893,92
8320.jpg,1801,1945,144
8325.jpg,1801,1852,51
8330.jpg,1801,1859,58
8335.jpg,1801,1780,-21
8340.jpg,1801,1814,13
8345.jpg,1801,1835,34
8350.jpg,1801,1870,69
8355.jpg,1801,1,-1800
8360.jpg,1801,1917,116
8365.jpg,1801,1750,-51
8375.jpg,1802,1950,148
8380.jpg,1802,2012,210
8385.jpg,1802,1945,143
8390.jpg,1802,1915,113
8395.jpg,1802,1854,52
8400.jpg,1802,1800,-2
8405.jpg,1802,1825,23
8410.jpg,1802,1936,134
8415.jpg,1802,1854,52
8420.jpg,1802,1870,68
8425.jpg,1802,1872,70
8430.jpg,1802,2009,207
8435.jpg,1802,1856,54
8440.jpg,1803,1890,87
8445.jpg,1803,1867,64
8450.jpg,1803,1830,27
8455.jpg,1803,1760,-43
8460.jpg,1803,1800,-3
8465.jpg,1803,1810,7
8470.jpg,1803,-1,-1804
8475.jpg,1803,-1,-1804
8480.jpg,1803,1811,8
8485.jpg,1803,1800,-3
8490.jpg,1803,1882,79
8495.jpg,1803,1970,167
8500.jpg,1803,1850,47
8505.jpg,1803,1900,97
8515.jpg,1804,1300,-504
8520.jpg,1804,1870,66
8525.jpg,1804,19,-1785
8530.jpg,1804,1928,124
8535.jpg,1804,1900,96
8540.jpg,1804,1925,121
8545.jpg,1804,1824,20
8550.jpg,1804,1772,-32
8555.jpg,1804,1910,106
8560.jpg,1804,1920,116
8565.jpg,1804,1960,156
8570.jpg,1804,1780,-24
8575.jpg,1804,1910,106
8580.jpg,1804,1699,-105
8585.jpg,1805,1772,-33
8590.jpg,1805,1184,-621
8595.jpg,1805,1896,91
8600.jpg,1805,1927,122
8605.jpg,1805,1283,-522
8610.jpg,1805,1672,-133
8615.jpg,1805,1975,170
8620.jpg,1805,1829,24
8625.jpg,1805,2017,212
8630.jpg,1805,1300,-505
8635.jpg,1805,1850,45
8640.jpg,1805,1910,105
8645.jpg,1805,1830,25
8650.jpg,1805,1815,10
8655.jpg,1805,1853,48
8660.jpg,1805,1800,-5
8665.jpg,1805,1875,70
8670.jpg,1805,1650,-155
8675.jpg,1805,1786,-19
8680.jpg,1805,1860,55
8685.jpg,1805,2002,197
8690.jpg,1805,1751,-54
8695.jpg,1806,1880,74
8700.jpg,1806,1632,-174
8705.jpg,1806,1902,96
8710.jpg,1806,1890,84
8715.jpg,1806,1790,-16
8720.jpg,1806,2017,211
8725.jpg,1806,1920,114
8730.jpg,1806,1800,-6
8735.jpg,1806,1850,44
8740.jpg,1806,1850,44
8745.jpg,1806,1865,59
8750.jpg,1806,1870,64
8755.jpg,1806,1770,-36
8765.jpg,1807,1552,-255
8770.jpg,1807,1730,-77
8775.jpg,1807,1787,-20
8780.jpg,1807,1890,83
8785.jpg,1807,1960,153
8790.jpg,1807,1840,33
8795.jpg,1807,1931,124
8800.jpg,1807,1905,98
8805.jpg,1807,2000,193
8810.jpg,1807,1915,108
8815.jpg,1807,1880,73
8820.jpg,1807,1740,-67
8825.jpg,1807,1770,-37
8830.jpg,1807,1789,-18
8835.jpg,1807,1775,-32
8840.jpg,1808,1908,100
8845.jpg,1808,1875,67
8850.jpg,1808,1860,52
8855.jpg,1808,1710,-98
8860.jpg,1808,2001,193
8865.jpg,1808,1970,162
8875.jpg,1808,1868,60
8880.jpg,1808,1850,42
8885.jpg,1808,1825,17
8890.jpg,1808,1889,81
8895.jpg,1808,2000,192
8900.jpg,1808,1900,92
8905.jpg,1808,1770,-38
8910.jpg,1809,1860,51
8915.jpg,1809,1840,31
8920.jpg,1809,1902,93
8925.jpg,1809,1800,-9
8930.jpg,1809,1795,-14
8935.jpg,1809,18,-1791
8940.jpg,1809,1810,1
8945.jpg,1809,1930,121
8950.jpg,1809,1800,-9
8955.jpg,1809,1730,-79
8965.jpg,1809,1950,141
8970.jpg,1809,1820,11
8975.jpg,1810,1900,90
8980.jpg,1810,1867,57
8985.jpg,1810,1858,48
8995.jpg,1810,1880,70
9000.jpg,1810,1850,40
9005.jpg,1810,1850,40
9010.jpg,1810,1300,-510
9015.jpg,1810,1930,120
9020.jpg,1810,1915,105
9025.jpg,1810,1748,-62
9030.jpg,1810,1970,160
9035.jpg,1810,1930,120
9040.jpg,1810,1585,-225
9045.jpg,1810,1930,120
9050.jpg,1810,1763,-47
9055.jpg,1810,1831,21
9060.jpg,1810,1810,0
9065.jpg,1810,1910,100
9070.jpg,1810,1830,20
9075.jpg,1810,1830,20
9080.jpg,1810,1880,70
9085.jpg,1810,1789,-21
9090.jpg,1810,1760,-50
9095.jpg,1810,1910,100
9100.jpg,1810,18,-1792
9105.jpg,1810,1851,41
9110.jpg,1810,1840,30
9115.jpg,1810,1770,-40
9120.jpg,1810,1925,115
9125.jpg,1810,1,-1809
9130.jpg,1810,1851,41
9135.jpg,1810,1950,140
9140.jpg,1810,1930,120
9145.jpg,1810,1950,140
9150.jpg,1811,1624,-187
9160.jpg,1811,2023,212
9165.jpg,1811,1778,-33
9170.jpg,1811,1780,-31
9175.jpg,1811,1830,19
9180.jpg,1811,19,-1792
9185.jpg,1811,1780,-31
9190.jpg,1811,1890,79
9195.jpg,1811,1818,7
9200.jpg,1811,1782,-29
9205.jpg,1811,1850,39
9210.jpg,1812,1825,13
9215.jpg,1812,1540,-272
9220.jpg,1812,1590,-222
9225.jpg,1812,1890,78
9230.jpg,1812,1855,43
9235.jpg,1812,1785,-27
9240.jpg,1812,1875,63
9245.jpg,1812,1820,8
9250.jpg,1812,1910,98
9255.jpg,1812,1795,-17
9260.jpg,1812,1915,103
9265.jpg,1812,1882,70
9270.jpg,1812,1950,138
9275.jpg,1812,1890,78
9280.jpg,1812,1872,60
9290.jpg,1812,1820,8
9295.jpg,1812,1710,-102
9300.jpg,1812,1950,138
9305.jpg,1812,1940,128
9310.jpg,1813,1830,17
9315.jpg,1813,1897,84
9320.jpg,1813,1830,17
9325.jpg,1813,1576,-237
9330.jpg,1813,1785,-28
9335.jpg,1813,1820,7
9340.jpg,1813,1800,-13
9345.jpg,1813,1821,8
9350.jpg,1813,1660,-153
9355.jpg,1813,1,-1812
9360.jpg,1813,1920,107
9365.jpg,1813,1914,101
9370.jpg,1813,20,-1793
9375.jpg,1814,1905,91
9390.jpg,1814,1860,46
9395.jpg,1814,1829,15
9400.jpg,1814,1998,184
9405.jpg,1814,1850,36
9410.jpg,1814,1750,-64
9415.jpg,1814,1860,46
9420.jpg,1814,1810,-4
9425.jpg,1814,1697,-117
9430.jpg,1814,1485,-329
9435.jpg,1814,1840,26
9440.jpg,1814,1850,36
9445.jpg,1814,1930,116
9450.jpg,1814,1889,75
9455.jpg,1814,19,-1795
9460.jpg,1814,1838,24
9465.jpg,1815,1864,49
9470.jpg,1815,1930,115
9475.jpg,1815,1820,5
9480.jpg,1815,1900,85
9485.jpg,1815,1852,37
9490.jpg,1815,1854,39
9495.jpg,1815,2019,204
9500.jpg,1815,1910,95
9505.jpg,1815,1830,15
9510.jpg,1815,1935,120
9515.jpg,1815,1899,84
9520.jpg,1815,2019,204
9525.jpg,1815,1865,50
9530.jpg,1815,1773,-42
9535.jpg,1815,19,-1796
9540.jpg,1815,1855,40
9545.jpg,1815,1900,85
9550.jpg,1815,1820,5
9555.jpg,1815,1730,-85
9560.jpg,1815,1880,65
9565.jpg,1815,1835,20
9570.jpg,1815,1970,155
9575.jpg,1815,19,-1796
9580.jpg,1815,1830,15
9585.jpg,1815,1553,-262
9590.jpg,1815,1790,-25
9595.jpg,1816,20,-1796
9600.jpg,1816,1883,67
9605.jpg,1816,1829,13
9610.jpg,1816,1760,-56
9615.jpg,1816,1960,144
9620.jpg,1816,1900,84
9625.jpg,1816,2014,198
9630.jpg,1816,1820,4
9635.jpg,1816,1882,66
9640.jpg,1816,1780,-36
9645.jpg,1816,1520,-296
9650.jpg,1816,1810,-6
9655.jpg,1816,1725,-91
9660.jpg,1816,1800,-16
9665.jpg,1816,1720,-96
9670.jpg,1816,1910,94
9675.jpg,1816,2015,199
9680.jpg,1816,1855,39
9685.jpg,1816,1858,42
9690.jpg,1816,1910,94
9695.jpg,1816,19,-1797
9700.jpg,1816,19,-1797
9705.jpg,1816,1510,-306
9710.jpg,1816,1679,-137
9715.jpg,1817,1865,48
9720.jpg,1817,1950,133
9725.jpg,1817,1640,-177
9730.jpg,1817,1963,146
9735.jpg,1817,1820,3
9740.jpg,1817,1980,163
9745.jpg,1817,1850,33
9750.jpg,1817,1850,33
9755.jpg,1817,1860,43
9760.jpg,1817,1810,-7
9765.jpg,1817,1860,43
9770.jpg,1817,1860,43
9775.jpg,1817,1854,37
9780.jpg,1817,2019,202
9785.jpg,1817,1854,37
9790.jpg,1818,1895,77
9795.jpg,1818,1890,72
9800.jpg,1818,1940,122
9805.jpg,1818,18,-1800
9810.jpg,1818,1795,-23
9815.jpg,1818,1872,54
9820.jpg,1818,1940,122
9825.jpg,1818,1940,122
9830.jpg,1818,1920,102
9835.jpg,1818,1828,10
9840.jpg,1818,1908,90
9845.jpg,1818,2013,195
9850.jpg,1818,1930,112
9855.jpg,1818,1874,56
9860.jpg,1818,1790,-28
9865.jpg,1818,1850,32
9870.jpg,1818,1880,62
9875.jpg,1818,1913,95
9880.jpg,1818,1890,72
9885.jpg,1818,1998,180
9890.jpg,1818,1804,-14
9895.jpg,1818,1822,4
9900.jpg,1818,1750,-68
9905.jpg,1818,1830,12
9910.jpg,1819,1981,162
9915.jpg,1819,19,-1800
9920.jpg,1819,1882,63
9925.jpg,1819,1930,111
9930.jpg,1819,1870,51
9935.jpg,1819,1824,5
9940.jpg,1819,1950,131
9945.jpg,1819,1920,101
9950.jpg,1819,1864,45
9955.jpg,1819,1940,121
9960.jpg,1819,1775,-44
9965.jpg,1819,1890,71
9970.jpg,1819,1940,121
9975.jpg,1819,1890,71
9980.jpg,1819,1860,41
9985.jpg,1820,1874,54
9990.jpg,1820,1978,158
9995.jpg,1820,1786,-34
10000.jpg,1820,16,-1804
10005.jpg,1820,1664,-156
10010.jpg,1820,1800,-20
10015.jpg,1820,1750,-70
10020.jpg,1820,1807,-13
10025.jpg,1820,1852,32
10030.jpg,1820,1890,70
10035.jpg,1820,2005,185
10040.jpg,1820,1890,70
10045.jpg,1820,1826,6
10050.jpg,1820,1800,-20
10055.jpg,1820,1810,-10
10060.jpg,1820,1860,40
10065.jpg,1820,1875,55
10070.jpg,1820,1851,31
10075.jpg,1820,1830,10
10080.jpg,1820,2005,185
10085.jpg,1820,1564,-256
10090.jpg,1820,1700,-120
10095.jpg,1820,1910,90
10100.jpg,1820,1915,95
10105.jpg,1820,1798,-22
10110.jpg,1820,1694,-126
10115.jpg,1820,1900,80
10120.jpg,1820,1852,32
10125.jpg,1820,1840,20
10130.jpg,1820,1800,-20
10135.jpg,1820,1830,10
10140.jpg,1820,1790,-30
10145.jpg,1820,1830,10
10150.jpg,1820,1857,37
10155.jpg,1820,1780,-40
10160.jpg,1820,1850,30
10165.jpg,1820,1915,95
10170.jpg,1820,1930,110
10175.jpg,1820,1950,130
10180.jpg,1820,1965,145
10185.jpg,1820,1900,80
10190.jpg,1820,1875,55
10195.jpg,1821,1440,-381
10200.jpg,1821,1910,89
10205.jpg,1821,1878,57
10210.jpg,1821,2012,191
10215.jpg,1821,1962,141
10220.jpg,1821,1696,-125
10225.jpg,1821,1910,89
10230.jpg,1821,1860,39
10235.jpg,1821,1879,58
10240.jpg,1821,1948,127
10245.jpg,1821,1970,149
10250.jpg,1821,1804,-17
10255.jpg,1821,1860,39
10260.jpg,1821,1845,24
10265.jpg,1821,1896,75
10270.jpg,1821,1880,59
10275.jpg,1821,1916,95
10280.jpg,1822,1916,94
10285.jpg,1822,1800,-22
10290.jpg,1822,1495,-327
10295.jpg,1822,1950,128
10300.jpg,1822,1961,139
10305.jpg,1822,1820,-2
10310.jpg,1822,1810,-12
10315.jpg,1822,1815,-7
10320.jpg,1822,1730,-92
10325.jpg,1822,1880,58
10330.jpg,1822,1880,58
10335.jpg,1822,1715,-107
10340.jpg,1822,1920,98
10345.jpg,1822,1890,68
10355.jpg,1822,1856,34
10360.jpg,1823,2012,189
10365.jpg,1823,1830,7
10370.jpg,1823,1812,-11
10375.jpg,1823,1820,-3
10385.jpg,1823,1982,159
10390.jpg,1823,1980,157
10395.jpg,1823,1758,-65
10400.jpg,1823,1878,55
10405.jpg,1823,1860,37
10410.jpg,1823,1865,42
10415.jpg,1823,2007,184
10420.jpg,1823,1820,-3
10425.jpg,1823,1838,15
10430.jpg,1823,1920,97
10435.jpg,1823,1920,97
10440.jpg,1823,1820,-3
10445.jpg,1823,1930,107
10450.jpg,1823,1215,-608
10455.jpg,1824,1882,58
10460.jpg,1824,1665,-159
10465.jpg,1824,1994,170
10470.jpg,1824,1940,116
10475.jpg,1824,1904,80
10480.jpg,1824,1925,101
10485.jpg,1824,1818,-6
10490.jpg,1824,1963,139
10495.jpg,1824,18,-1806
10500.jpg,1824,1860,36
10505.jpg,1824,1985,161
10510.jpg,1824,1873,49
10515.jpg,1824,1905,81
10520.jpg,1824,1899,75
10525.jpg,1824,2000,176
10530.jpg,1824,1901,77
10535.jpg,1824,1780,-44
10540.jpg,1824,1890,66
10545.jpg,1824,1878,54
10550.jpg,1825,1808,-17
10555.jpg,1825,1872,47
10560.jpg,1825,1900,75
10565.jpg,1825,1877,52
10570.jpg,1825,1840,15
10575.jpg,1825,1900,75
10580.jpg,1825,1863,38
10585.jpg,1825,20,-1805
10590.jpg,1825,1850,25
10595.jpg,1825,1750,-75
10600.jpg,1825,1834,9
10605.jpg,1825,1860,35
10610.jpg,1825,1849,24
10615.jpg,1825,1955,130
10620.jpg,1825,1899,74
10625.jpg,1825,1860,35
10630.jpg,1825,1800,-25
10635.jpg,1825,2015,190
10640.jpg,1825,1948,123
10645.jpg,1825,1770,-55
10650.jpg,1825,1910,85
10655.jpg,1825,1830,5
10660.jpg,1825,1950,125
10665.jpg,1825,1852,27
10670.jpg,1825,1800,-25
10675.jpg,1825,1800,-25
10680.jpg,1825,1666,-159
10685.jpg,1825,2001,176
10690.jpg,1825,1660,-165
10695.jpg,1825,1850,25
10700.jpg,1825,1745,-80
10705.jpg,1825,1880,55
10710.jpg,1825,1972,147
10715.jpg,1825,1935,110
10720.jpg,1825,1800,-25
10725.jpg,1825,1869,44
10730.jpg,1826,1875,49
10735.jpg,1826,18,-1808
10745.jpg,1826,1854,28
10750.jpg,1826,2019,193
10755.jpg,1826,1856,30
10760.jpg,1826,1765,-61
10765.jpg,1826,1770,-56
10770.jpg,1826,1874,48
10775.jpg,1826,1952,126
10780.jpg,1826,2003,177
10785.jpg,1826,1915,89
10790.jpg,1826,1874,48
10795.jpg,1826,1860,34
10800.jpg,1826,1940,114
10805.jpg,1826,2011,185
10810.jpg,1826,1865,39
10815.jpg,1826,1830,4
10820.jpg,1826,1820,-6
10825.jpg,1826,1961,135
10830.jpg,1826,1909,83
10835.jpg,1827,1826,-1
10840.jpg,1827,1872,45
10845.jpg,1827,1700,-127
10850.jpg,1827,1952,125
10855.jpg,1827,1892,65
10860.jpg,1827,1920,93
10865.jpg,1827,1899,72
10870.jpg,1827,1894,67
10875.jpg,1827,1852,25
10880.jpg,1827,1880,53
10885.jpg,1827,1950,123
10890.jpg,1827,1990,163
10895.jpg,1827,1850,23
10900.jpg,1827,1761,-66
10905.jpg,1827,1750,-77
10910.jpg,1827,1852,25
10915.jpg,1827,1815,-12
10920.jpg,1827,1822,-5
10925.jpg,1827,1770,-57
10930.jpg,1827,1930,103
10935.jpg,1827,1781,-46
10940.jpg,1827,1940,113
10945.jpg,1828,1840,12
10950.jpg,1828,1260,-568
10955.jpg,1828,1875,47
10960.jpg,1828,1800,-28
10965.jpg,1828,1839,11
10970.jpg,1828,1820,-8
10975.jpg,1828,1970,142
10980.jpg,1828,1970,142
10985.jpg,1828,1860,32
10990.jpg,1828,1860,32
10995.jpg,1828,1890,62
11000.jpg,1828,1850,22
11005.jpg,1828,1836,8
11010.jpg,1828,1900,72
11015.jpg,1828,1848,20
11020.jpg,1828,1880,52
11025.jpg,1828,1773,-55
11030.jpg,1828,1851,23
11035.jpg,1828,1853,25
11040.jpg,1828,1790,-38
11045.jpg,1828,1873,45
11050.jpg,1828,1543,-285
11055.jpg,1828,1963,135
11060.jpg,1828,19,-1809
11065.jpg,1829,1972,143
11070.jpg,1829,1895,66
11075.jpg,1829,1850,21
11080.jpg,1829,1910,81
11085.jpg,1829,1832,3
11090.jpg,1829,2019,190
11095.jpg,1829,1912,83
11100.jpg,1829,1913,84
11105.jpg,1829,1781,-48
11110.jpg,1829,1932,103
11115.jpg,1829,1745,-84
11120.jpg,1829,1930,101
11125.jpg,1829,1797,-32
11130.jpg,1829,1852,23
11135.jpg,1829,1870,41
11140.jpg,1829,1822,-7
11145.jpg,1829,1857,28
11150.jpg,1829,1876,47
11155.jpg,1829,1940,111
11160.jpg,1829,1910,81
11165.jpg,1829,1910,81
11170.jpg,1830,1963,133
11175.jpg,1830,19,-1811
11180.jpg,1830,1750,-80
11185.jpg,1830,1907,77
11190.jpg,1830,1867,37
11195.jpg,1830,1840,10
11200.jpg,1830,1869,39
11205.jpg,1830,2018,188
11210.jpg,1830,2014,184
11215.jpg,1830,1830,0
11220.jpg,1830,1913,83
11225.jpg,1830,1900,70
11230.jpg,1830,1815,-15
11235.jpg,1830,1901,71
11240.jpg,1830,1840,10
11245.jpg,1830,1890,60
11250.jpg,1830,1830,0
11255.jpg,1830,2009,179
11260.jpg,1830,1910,80
11265.jpg,1830,1870,40
11270.jpg,1830,1825,-5
11275.jpg,1830,1820,-10
11280.jpg,1830,1900,70
11285.jpg,1830,1858,28
11290.jpg,1830,1824,-6
11295.jpg,1830,1800,-30
11300.jpg,1830,1822,-8
11305.jpg,1830,1930,100
11310.jpg,1830,1830,0
11315.jpg,1830,1880,50
11320.jpg,1830,1780,-50
11325.jpg,1830,1800,-30
11330.jpg,1830,1900,70
11335.jpg,1830,1830,0
11340.jpg,1830,1923,93
11345.jpg,1830,1965,135
11350.jpg,1830,1930,100
11355.jpg,1830,20,-1810
11360.jpg,1830,1776,-54
11365.jpg,1830,1885,55
11370.jpg,1830,1870,40
11375.jpg,1830,2005,175
11380.jpg,1830,1858,28
11385.jpg,1830,1828,-2
11390.jpg,1830,1930,100
11395.jpg,1830,1856,26
11400.jpg,1831,1830,-1
11405.jpg,1831,1985,154
11410.jpg,1831,1911,80
11415.jpg,1831,1870,39
11420.jpg,1831,1563,-268
11425.jpg,1831,1970,139
11430.jpg,1831,2014,183
11435.jpg,1831,1800,-31
11440.jpg,1831,1950,119
11445.jpg,1831,1807,-24
11450.jpg,1831,1940,109
11455.jpg,1831,1820,-11
11460.jpg,1831,1840,9
11465.jpg,1831,1830,-1
11470.jpg,1831,1800,-31
11475.jpg,1831,1880,49
11480.jpg,1831,1858,27
11485.jpg,1831,1874,43
11490.jpg,1832,1999,167
11495.jpg,1832,1950,118
11500.jpg,1832,1800,-32
11505.jpg,1832,1820,-12
11510.jpg,1832,1754,-78
11515.jpg,1832,-1,-1833
11525.jpg,1832,1800,-32
11530.jpg,1832,1910,78
11535.jpg,1832,1950,118
11540.jpg,1832,1880,48
11545.jpg,1832,1910,78
11550.jpg,1832,1860,28
11555.jpg,1832,1855,23
11560.jpg,1832,1910,78
11565.jpg,1832,1850,18
11570.jpg,1832,1891,59
11575.jpg,1832,1800,-32
11580.jpg,1832,1901,69
11585.jpg,1832,1930,98
11590.jpg,1832,1883,51
11595.jpg,1832,1806,-26
11600.jpg,1832,1820,-12
11605.jpg,1832,1880,48
11610.jpg,1832,1910,78
11615.jpg,1832,1900,68
11620.jpg,1832,1199,-633
11625.jpg,1832,1920,88
11630.jpg,1832,2010,178
11635.jpg,1832,1935,103
11640.jpg,1832,1780,-52
11645.jpg,1833,1820,-13
11650.jpg,1833,1611,-222
11655.jpg,1833,1870,37
11660.jpg,1833,1906,73
11665.jpg,1833,1563,-270
11670.jpg,1833,1900,67
11675.jpg,1833,1910,77
11680.jpg,1833,1962,129
11685.jpg,1833,1896,63
11690.jpg,1833,-1,-1834
11695.jpg,1833,1882,49
11700.jpg,1833,1870,37
11705.jpg,1833,2019,186
11710.jpg,1833,1985,152
11715.jpg,1833,1823,-10
11720.jpg,1833,1890,57
11725.jpg,1833,1890,57
11730.jpg,1833,18,-1815
11735.jpg,1833,1860,27
11740.jpg,1833,1860,27
11745.jpg,1833,1815,-18
11750.jpg,1833,1870,37
11755.jpg,1833,1807,-26
11760.jpg,1833,1996,163
11765.jpg,1833,1859,26
11770.jpg,1834,1759,-75
11775.jpg,1834,1800,-34
11780.jpg,1834,1860,26
11785.jpg,1834,1970,136
11790.jpg,1834,1930,96
11795.jpg,1834,1795,-39
11800.jpg,1834,1840,6
11805.jpg,1834,2018,184
11810.jpg,1834,1784,-50
11815.jpg,1834,1850,16
11820.jpg,1834,1752,-82
11825.jpg,1834,1890,56
11830.jpg,1834,1904,70
11835.jpg,1834,1935,101
11840.jpg,1834,1892,58
11845.jpg,1834,19,-1815
11850.jpg,1834,1859,25
11855.jpg,1834,1910,76
11860.jpg,1834,2006,172
11865.jpg,1834,1800,-34
11870.jpg,1834,2010,176
11875.jpg,1834,1778,-56
11880.jpg,1834,1859,25
11885.jpg,1834,1853,19
11890.jpg,1834,1914,80
11895.jpg,1834,1790,-44
11900.jpg,1835,1809,-26
11905.jpg,1835,1870,35
11910.jpg,1835,1,-1834
11915.jpg,1835,1930,95
11920.jpg,1835,1962,127
11925.jpg,1835,1869,34
11930.jpg,1835,1873,38
11935.jpg,1835,1912,77
11940.jpg,1835,1955,120
11945.jpg,1835,1939,104
11950.jpg,1835,1072,-763
11955.jpg,1835,1732,-103
11960.jpg,1835,1930,95
11965.jpg,1835,1950,115
11970.jpg,1835,1940,105
11980.jpg,1835,1910,75
11985.jpg,1835,1830,-5
11990.jpg,1835,1865,30
11995.jpg,1835,1950,115
12000.jpg,1835,1950,115
12005.jpg,1835,1870,35
12010.jpg,1835,1857,22
12015.jpg,1835,1860,25
12020.jpg,1835,1910,75
12025.jpg,1835,1952,117
12030.jpg,1835,1793,-42
12035.jpg,1835,1,-1834
12040.jpg,1835,1818,-17
12045.jpg,1835,1861,26
12050.jpg,1835,1860,25
12055.jpg,1835,1870,35
12060.jpg,1835,2010,175
12065.jpg,1835,1958,123
12070.jpg,1835,1870,35
12075.jpg,1835,1930,95
12080.jpg,1835,1900,65
12085.jpg,1835,1830,-5
12090.jpg,1835,1856,21
12095.jpg,1835,1824,-11
12100.jpg,1835,1865,30
12105.jpg,1835,1868,33
12110.jpg,1835,1224,-611
12115.jpg,1835,1786,-49
12120.jpg,1835,1864,29
12125.jpg,1835,1900,65
12130.jpg,1836,1870,34
12135.jpg,1836,1970,134
12140.jpg,1836,2000,164
12145.jpg,1836,2010,174
12150.jpg,1836,1976,140
12155.jpg,1836,1860,24
12160.jpg,1836,1970,134
12170.jpg,1836,1950,114
12175.jpg,1836,1810,-26
12180.jpg,1836,1825,-11
12185.jpg,1836,1855,19
12190.jpg,1836,1846,10
12195.jpg,1836,1970,134
12200.jpg,1836,1866,30
12205.jpg,1836,1878,42
12210.jpg,1836,1840,4
12215.jpg,1836,1851,15
12220.jpg,1836,1917,81
12225.jpg,1836,1920,84
12230.jpg,1836,1840,4
12235.jpg,1836,2010,174
12240.jpg,1836,2016,180
12245.jpg,1836,1860,24
12250.jpg,1836,1882,46
12255.jpg,1836,1858,22
12260.jpg,1836,1870,34
12265.jpg,1836,1853,17
12270.jpg,1836,1772,-64
12275.jpg,1836,1834,-2
12280.jpg,1837,1852,15
12285.jpg,1837,1651,-186
12290.jpg,1837,1880,43
12295.jpg,1837,1982,145
12300.jpg,1837,1820,-17
12305.jpg,1837,1756,-81
12310.jpg,1837,1928,91
12315.jpg,1837,1770,-67
12320.jpg,1837,2022,185
12325.jpg,1837,1910,73
12330.jpg,1837,1840,3
12335.jpg,1837,1774,-63
12340.jpg,1837,1840,3
12345.jpg,1837,1810,-27
12350.jpg,1837,1975,138
12355.jpg,1837,1923,86
12360.jpg,1837,1880,43
12365.jpg,1837,1990,153
12370.jpg,1837,1835,-2
12375.jpg,1837,1910,73
12380.jpg,1837,1910,73
12385.jpg,1837,1950,113
12390.jpg,1837,1851,14
12395.jpg,1837,1800,-37
12400.jpg,1837,1905,68
12405.jpg,1837,1860,23
12410.jpg,1837,18,-1819
12415.jpg,1837,1870,33
12420.jpg,1837,1830,-7
12425.jpg,1837,1879,42
12430.jpg,1837,1926,89
12435.jpg,1837,1920,83
12440.jpg,1837,1970,133
12445.jpg,1837,1900,63
12450.jpg,1838,1803,-35
12455.jpg,1838,1800,-38
12460.jpg,1838,1200,-638
12465.jpg,1838,1906,68
12470.jpg,1838,1925,87
12475.jpg,1838,1988,150
12480.jpg,1838,1740,-98
12485.jpg,1838,1840,2
12490.jpg,1838,1880,42
12495.jpg,1838,1965,127
12500.jpg,1838,1899,61
12505.jpg,1838,1900,62
12510.jpg,1838,1901,63
12515.jpg,1838,1930,92
12520.jpg,1838,1970,132
12525.jpg,1838,1915,77
12530.jpg,1838,2009,171
12535.jpg,1838,1872,34
12540.jpg,1838,1855,17
12545.jpg,1838,1920,82
12550.jpg,1838,1800,-38
12555.jpg,1838,1986,148
12560.jpg,1838,1822,-16
12565.jpg,1838,1930,92
12570.jpg,1838,1820,-18
12575.jpg,1838,1900,62
12580.jpg,1838,1900,62
12585.jpg,1838,1880,42
12590.jpg,1838,1857,19
12600.jpg,1838,1920,82
12605.jpg,1838,18,-1820
12610.jpg,1838,1840,2
12615.jpg,1838,-1,-1839
12620.jpg,1838,1873,35
12625.jpg,1839,1950,111
12630.jpg,1839,1850,11
12635.jpg,1839,1840,1
12640.jpg,1839,1952,113
12645.jpg,1839,1880,41
12650.jpg,1839,20,-1819
12655.jpg,1839,1763,-76
12660.jpg,1839,1630,-209
12665.jpg,1839,1850,11
12670.jpg,1839,1812,-27
12675.jpg,1839,1925,86
12680.jpg,1839,1762,-77
12685.jpg,1839,1810,-29
12690.jpg,1839,1981,142
12695.jpg,1839,1855,16
12700.jpg,1839,1783,-56
12705.jpg,1839,1820,-19
12710.jpg,1839,1900,61
12715.jpg,1839,1860,21
12720.jpg,1839,1870,31
12725.jpg,1839,2020,181
12730.jpg,1839,1806,-33
12735.jpg,1839,1810,-29
12740.jpg,1839,1776,-63
12745.jpg,1839,1865,26
12750.jpg,1839,1,-1838
12755.jpg,1839,1811,-28
12760.jpg,1839,1883,44
12765.jpg,1839,1785,-54
12770.jpg,1839,1830,-9
12775.jpg,1839,1966,127
12780.jpg,1840,1990,150
12785.jpg,1840,1940,100
12790.jpg,1840,1620,-220
12795.jpg,1840,1910,70
12800.jpg,1840,1837,-3
12805.jpg,1840,1850,10
12810.jpg,1840,1921,81
12815.jpg,1840,1821,-19
12820.jpg,1840,1740,-100
12825.jpg,1840,1880,40
12830.jpg,1840,1940,100
12835.jpg,1840,1,-1839
12840.jpg,1840,1911,71
12845.jpg,1840,1928,88
12850.jpg,1840,20,-1820
12860.jpg,1840,1865,25
12865.jpg,1840,1940,100
12870.jpg,1840,1940,100
12875.jpg,1840,1870,30
12880.jpg,1840,1852,12
12885.jpg,1840,1856,16
12890.jpg,1840,1914,74
12895.jpg,1840,1865,25
12900.jpg,1840,1930,90
12905.jpg,1840,2007,167
12910.jpg,1840,1996,156
12915.jpg,1840,1855,15
12920.jpg,1840,1872,32
12925.jpg,1840,1865,25
12930.jpg,1840,1970,130
12935.jpg,1840,1820,-20
12940.jpg,1840,1837,-3
12945.jpg,1840,1975,135
12950.jpg,1840,1860,20
12955.jpg,1840,1870,30
12960.jpg,1840,1822,-18
12965.jpg,1840,19,-1821
12970.jpg,1840,1851,11
12975.jpg,1840,-1,-1841
12980.jpg,1840,1993,153
12985.jpg,1840,1850,10
12990.jpg,1840,1870,30
12995.jpg,1840,2006,166
13005.jpg,1840,1872,32
13010.jpg,1840,1870,30
13015.jpg,1840,1903,63
13020.jpg,1840,1890,50
13025.jpg,1840,2002,162
13030.jpg,1841,1875,34
13035.jpg,1841,1873,32
13040.jpg,1841,1808,-33
13045.jpg,1841,1850,9
13050.jpg,1841,1868,27
13055.jpg,1841,1700,-141
13060.jpg,1841,1855,14
13065.jpg,1841,1853,12
13070.jpg,1841,1878,37
13075.jpg,1841,1770,-71
13080.jpg,1841,1920,79
13085.jpg,1841,2019,178
13090.jpg,1841,1962,121
13095.jpg,1841,1785,-56
13100.jpg,1841,1846,5
13105.jpg,1841,1890,49
13110.jpg,1841,1806,-35
13115.jpg,1841,2019,178
13120.jpg,1841,2019,178
13125.jpg,1841,1848,7
13130.jpg,1841,1696,-145
13135.jpg,1841,1930,89
13140.jpg,1841,1897,56
13145.jpg,1842,1870,28
13150.jpg,1842,1850,8
13155.jpg,1842,1935,93
13160.jpg,1842,18,-1824
13165.jpg,1842,1794,-48
13170.jpg,1842,1920,78
13175.jpg,1842,1640,-202
13180.jpg,1842,1928,86
13185.jpg,1842,1933,91
13190.jpg,1842,1860,18
13195.jpg,1842,1859,17
13200.jpg,1842,2007,165
13205.jpg,1842,1850,8
13210.jpg,1842,1920,78
13215.jpg,1842,1880,38
13220.jpg,1842,1820,-22
13225.jpg,1842,1851,9
13230.jpg,1842,1920,78
13235.jpg,1842,1780,-62
13240.jpg,1842,1890,48
13245.jpg,1842,1901,59
13250.jpg,1842,1850,8
13255.jpg,1842,20,-1822
13260.jpg,1842,1790,-52
13265.jpg,1842,1815,-27
13270.jpg,1842,1880,38
13275.jpg,1842,2000,158
13280.jpg,1842,1326,-516
13285.jpg,1842,1887,45
13290.jpg,1842,1869,27
13295.jpg,1842,1965,123
13300.jpg,1843,1765,-78
13305.jpg,1843,1865,22
13310.jpg,1843,1917,74
13315.jpg,1843,1886,43
13320.jpg,1843,1828,-15
13325.jpg,1843,1860,17
13330.jpg,1843,1874,31
13335.jpg,1843,20,-1823
13340.jpg,1843,1850,7
13345.jpg,1843,1883,40
13350.jpg,1843,1852,9
13355.jpg,1843,1920,77
13360.jpg,1843,1920,77
13365.jpg,1843,1830,-13
13370.jpg,1843,1876,33
13380.jpg,1843,1900,57
13385.jpg,1843,1970,127
13390.jpg,1843,1900,57
13395.jpg,1843,1840,-3
13400.jpg,1843,1881,38
13405.jpg,1843,1907,64
13410.jpg,1843,1970,127
13415.jpg,1843,2007,164
13420.jpg,1843,1930,87
13425.jpg,1843,20,-1823
13430.jpg,1844,1908,64
13435.jpg,1844,1920,76
13440.jpg,1844,1898,54
13445.jpg,1844,1984,140
13450.jpg,1844,1792,-52
13455.jpg,1844,1809,-35
13460.jpg,1844,1880,36
13465.jpg,1844,1896,52
13470.jpg,1844,1920,76
13475.jpg,1844,1910,66
13480.jpg,1844,1915,71
13485.jpg,1844,1805,-39
13490.jpg,1844,1799,-45
13495.jpg,1844,1926,82
13500.jpg,1844,1796,-48
13505.jpg,1844,1910,66
13510.jpg,1844,1905,61
13515.jpg,1844,1882,38
13520.jpg,1844,1837,-7
13525.jpg,1844,1890,46
13530.jpg,1844,1890,46
13535.jpg,1844,1854,10
13540.jpg,1844,1958,114
13545.jpg,1844,1892,48
13550.jpg,1844,1930,86
13555.jpg,1844,1890,46
13560.jpg,1844,1905,61
13565.jpg,1845,1435,-410
13570.jpg,1845,1869,24
13575.jpg,1845,1915,70
13580.jpg,1845,1850,5
13585.jpg,1845,2007,162
13590.jpg,1845,1900,55
13595.jpg,1845,1908,63
13600.jpg,1845,1952,107
13605.jpg,1845,1754,-91
13610.jpg,1845,1990,145
13615.jpg,1845,1910,65
13620.jpg,1845,1837,-8
13625.jpg,1845,1854,9
13630.jpg,1845,1810,-35
13635.jpg,1845,1922,77
13640.jpg,1845,1800,-45
13645.jpg,1845,1760,-85
13650.jpg,1845,1853,8
13655.jpg,1845,1905,60
13660.jpg,1845,1911,66
13665.jpg,1845,2006,161
13670.jpg,1845,1820,-25
13675.jpg,1845,1854,9
13680.jpg,1845,1810,-35
13685.jpg,1845,1894,49
13690.jpg,1845,1854,9
13695.jpg,1845,1820,-25
13700.jpg,1845,1910,65
13705.jpg,1845,1811,-34
13710.jpg,1845,1910,65
13720.jpg,1845,1905,60
13725.jpg,1845,1950,105
13730.jpg,1845,1910,65
13735.jpg,1845,1784,-61
13740.jpg,1845,1730,-115
13745.jpg,1845,1955,110
13750.jpg,1845,1852,7
13755.jpg,1845,1785,-60
13760.jpg,1845,1875,30
13765.jpg,1845,1940,95
13770.jpg,1845,1800,-45
13775.jpg,1845,1888,43
13780.jpg,1845,1500,-345
13785.jpg,1845,1910,65
13790.jpg,1845,1854,9
13795.jpg,1845,2017,172
13800.jpg,1845,1990,145
13805.jpg,1846,1970,124
13810.jpg,1846,1873,27
13815.jpg,1846,1867,21
13820.jpg,1846,19,-1827
13825.jpg,1846,1856,10
13830.jpg,1846,1810,-36
13835.jpg,1846,1970,124
13840.jpg,1846,1917,71
13845.jpg,1846,1854,8
13850.jpg,1846,1902,56
13855.jpg,1846,19,-1827
13860.jpg,1846,1797,-49
13865.jpg,1846,1884,38
13870.jpg,1846,1800,-46
13875.jpg,1846,1892,46
13880.jpg,1846,1970,124
13885.jpg,1846,1910,64
13890.jpg,1846,1907,61
13895.jpg,1846,1920,74
13900.jpg,1846,1880,34
13905.jpg,1846,1851,5
13910.jpg,1846,1900,54
13915.jpg,1846,1840,-6
13920.jpg,1846,1880,34
13925.jpg,1846,1920,74
13930.jpg,1846,1970,124
13935.jpg,1846,1850,4
13940.jpg,1847,1999,152
13945.jpg,1847,1860,13
13950.jpg,1847,1976,129
13955.jpg,1847,1885,38
13960.jpg,1847,1920,73
13965.jpg,1847,1889,42
13970.jpg,1847,1897,50
13975.jpg,1847,1930,83
13980.jpg,1847,1892,45
13985.jpg,1847,1866,19
13990.jpg,1847,1790,-57
13995.jpg,1847,1850,3
14000.jpg,1847,1919,72
14005.jpg,1847,1923,76
14010.jpg,1847,1853,6
14015.jpg,1847,1908,61
14020.jpg,1847,1800,-47
14030.jpg,1847,1865,18
14035.jpg,1847,1870,23
14040.jpg,1847,1910,63
14045.jpg,1847,1740,-107
14050.jpg,1847,1925,78
14055.jpg,1847,1880,33
14060.jpg,1847,2022,175
14065.jpg,1847,1910,63
14070.jpg,1847,19,-1828
14075.jpg,1847,1856,9
14080.jpg,1847,1910,63
14085.jpg,1847,1920,73
14090.jpg,1847,1880,33
14095.jpg,1847,1890,43
14100.jpg,1847,1910,63
14105.jpg,1847,1984,137
14110.jpg,1848,1867,19
14115.jpg,1848,1950,102
14120.jpg,1848,1900,52
14125.jpg,1848,20,-1828
14130.jpg,1848,1656,-192
14135.jpg,1848,1790,-58
14140.jpg,1848,1888,40
14145.jpg,1848,1980,132
14150.jpg,1848,19,-1829
14155.jpg,1848,1899,51
14160.jpg,1848,1785,-63
14165.jpg,1848,1820,-28
14170.jpg,1848,1858,10
14175.jpg,1848,1860,12
14180.jpg,1848,1851,3
14185.jpg,1848,2010,162
14190.jpg,1848,1920,72
14195.jpg,1848,1900,52
14200.jpg,1848,1910,62
14205.jpg,1848,1730,-118
14210.jpg,1848,1824,-24
14215.jpg,1848,1830,-18
14220.jpg,1848,1890,42
14225.jpg,1848,1846,-2
14230.jpg,1848,1917,69
14235.jpg,1848,1875,27
14240.jpg,1848,1854,6
14245.jpg,1848,1800,-48
14250.jpg,1848,1852,4
14255.jpg,1848,1910,62
14260.jpg,1848,1860,12
14265.jpg,1848,1,-1847
14270.jpg,1848,1864,16
14275.jpg,1848,1930,82
14280.jpg,1848,1770,-78
14285.jpg,1848,1890,42
14290.jpg,1848,1880,32
14295.jpg,1848,1820,-28
14300.jpg,1848,1901,53
14305.jpg,1848,1976,128
14310.jpg,1848,2010,162
14315.jpg,1848,1630,-218
14320.jpg,1848,1950,102
14325.jpg,1848,1840,-8
14330.jpg,1848,1880,32
14335.jpg,1848,1915,67
14340.jpg,1849,1672,-177
14345.jpg,1849,19,-1830
14350.jpg,1849,1990,141
14355.jpg,1849,1870,21
14360.jpg,1849,2017,168
14365.jpg,1849,1971,122
14370.jpg,1849,1890,41
14375.jpg,1849,1869,20
14380.jpg,1849,1900,51
14385.jpg,1849,1,-1848
14390.jpg,1849,1,-1848
14395.jpg,1849,1973,124
14400.jpg,1849,1820,-29
14405.jpg,1849,2005,156
14410.jpg,1849,1930,81
14415.jpg,1849,1900,51
14420.jpg,1849,1754,-95
14425.jpg,1849,-1,-1850
14430.jpg,1849,1973,124
14435.jpg,1849,1850,1
14440.jpg,1849,1820,-29
14445.jpg,1849,1885,36
14450.jpg,1849,1867,18
14455.jpg,1849,1800,-49
14460.jpg,1849,1791,-58
14465.jpg,1849,1837,-12
14470.jpg,1849,1,-1848
14475.jpg,1849,1910,61
14480.jpg,1849,1910,61
14485.jpg,1849,1993,144
14490.jpg,1849,1750,-99
14495.jpg,1849,1825,-24
14500.jpg,1849,1955,106
14505.jpg,1850,1690,-160
14510.jpg,1850,1926,76
14515.jpg,1850,1910,60
14520.jpg,1850,1670,-180
14525.jpg,1850,1830,-20
14530.jpg,1850,1940,90
14535.jpg,1850,19,-1831
14540.jpg,1850,1940,90
14545.jpg,1850,1754,-96
14550.jpg,1850,1940,90
14555.jpg,1850,1920,70
14560.jpg,1850,1930,80
14565.jpg,1850,1765,-85
14570.jpg,1850,1400,-450
14575.jpg,1850,1850,0
14580.jpg,1850,1994,144
14585.jpg,1850,1935,85
14590.jpg,1850,1870,20
14600.jpg,1850,1975,125
14605.jpg,1850,1850,0
14610.jpg,1850,1850,0
14615.jpg,1850,2017,167
14620.jpg,1850,1901,51
14625.jpg,1850,1820,-30
14630.jpg,1850,1870,20
14635.jpg,1850,1880,30
14640.jpg,1850,1903,53
14645.jpg,1850,19,-1831
14650.jpg,1850,1970,120
14655.jpg,1850,1872,22
14660.jpg,1850,1745,-105
14665.jpg,1850,1960,110
14670.jpg,1850,1850,0
14675.jpg,1850,1860,10
14680.jpg,1850,1890,40
14685.jpg,1850,1889,39
14690.jpg,1850,1834,-16
14695.jpg,1850,1824,-26
14700.jpg,1850,1910,60
14705.jpg,1850,1864,14
14710.jpg,1850,1900,50
14715.jpg,1850,1815,-35
14720.jpg,1850,1793,-57
14725.jpg,1850,1875,25
14730.jpg,1850,1830,-20
14735.jpg,1850,1880,30
14740.jpg,1850,1930,80
14745.jpg,1850,1800,-50
14750.jpg,1850,1925,75
14755.jpg,1850,1860,10
14760.jpg,1850,1920,70
14765.jpg,1850,1940,90
14770.jpg,1850,20,-1830
14775.jpg,1850,2000,150
14780.jpg,1850,1820,-30
14785.jpg,1851,1868,17
14790.jpg,1851,1697,-154
14795.jpg,1851,1950,99
14800.jpg,1851,1871,20
14805.jpg,1851,1873,22
14810.jpg,1851,1927,76
14815.jpg,1851,1907,56
14820.jpg,1851,1863,12
14825.jpg,1851,1860,9
14830.jpg,1851,1895,44
14835.jpg,1851,1837,-14
14840.jpg,1851,1820,-31
14845.jpg,1851,1884,33
14850.jpg,1851,1820,-31
14855.jpg,1851,1850,-1
14860.jpg,1851,1850,-1
14865.jpg,1851,1834,-17
14870.jpg,1851,1710,-141
14880.jpg,1851,1606,-245
14885.jpg,1851,1992,141
14890.jpg,1851,1,-1850
14895.jpg,1851,1758,-93
14900.jpg,1851,1850,-1
14905.jpg,1851,1896,45
14910.jpg,1851,1754,-97
14915.jpg,1851,1870,19
14920.jpg,1851,1846,-5
14925.jpg,1851,1830,-21
14930.jpg,1851,1931,80
14935.jpg,1851,1925,74
14940.jpg,1851,1830,-21
14945.jpg,1852,1820,-32
14950.jpg,1852,1870,18
14955.jpg,1852,1920,68
14960.jpg,1852,1910,58
14965.jpg,1852,1780,-72
14970.jpg,1852,1913,61
14975.jpg,1852,1856,4
14980.jpg,1852,1636,-216
14985.jpg,1852,1889,37
14990.jpg,1852,1820,-32
14995.jpg,1852,1919,67
15000.jpg,1852,1923,71
15005.jpg,1852,1901,49
15010.jpg,1852,1902,50
15015.jpg,1852,1840,-12
15020.jpg,1852,18,-1834
15025.jpg,1852,1855,3
15030.jpg,1852,1890,38
15035.jpg,1852,1800,-52
15040.jpg,1852,1908,56
15045.jpg,1852,1876,24
15050.jpg,1852,1903,51
15055.jpg,1852,2017,165
15060.jpg,1852,1,-1851
15065.jpg,1852,1880,28
15070.jpg,1852,1880,28
15075.jpg,1852,1829,-23
15080.jpg,1852,2011,159
15085.jpg,1852,2018,166
15090.jpg,1852,1894,42
15095.jpg,1852,1907,55
15100.jpg,1852,1872,20
15105.jpg,1852,1775,-77
15110.jpg,1852,1870,18
15115.jpg,1852,1851,-1
15120.jpg,1852,1978,126
15125.jpg,1852,1906,54
15130.jpg,1852,1930,78
15135.jpg,1853,17,-1836
15140.jpg,1853,1828,-25
15145.jpg,1853,1945,92
15150.jpg,1853,1980,127
15155.jpg,1853,1830,-23
15160.jpg,1853,1566,-287
15165.jpg,1853,1911,58
15170.jpg,1853,1780,-73
15175.jpg,1853,1878,25
15180.jpg,1853,1910,57
15185.jpg,1853,1855,2
15190.jpg,1853,1856,3
15195.jpg,1853,1910,57
15200.jpg,1853,1890,37
15205.jpg,1853,1992,139
15210.jpg,1853,2000,147
15215.jpg,1853,1850,-3
15220.jpg,1853,1840,-13
15225.jpg,1853,1822,-31
15230.jpg,1853,1910,57
15235.jpg,1853,1821,-32
15240.jpg,1853,18,-1835
15245.jpg,1853,1820,-33
15250.jpg,1853,1962,109
15255.jpg,1853,1940,87
15260.jpg,1853,1825,-28
15265.jpg,1853,1819,-34
15270.jpg,1853,1820,-33
15275.jpg,1853,1880,27
15280.jpg,1853,2007,154
15285.jpg,1853,1905,52
15290.jpg,1853,1854,1
15295.jpg,1853,1910,57
15300.jpg,1853,1970,117
15305.jpg,1853,1901,48
15310.jpg,1853,1901,48
15315.jpg,1853,1860,7
15320.jpg,1853,1880,27
15325.jpg,1853,1828,-25
15330.jpg,1853,1890,37
15335.jpg,1853,1683,-170
15340.jpg,1853,1778,-75
15345.jpg,1853,19,-1834
15350.jpg,1853,2018,165
15355.jpg,1854,1900,46
15360.jpg,1854,1929,75
15365.jpg,1854,1854,0
15370.jpg,1854,1910,56
15375.jpg,1854,1870,16
15380.jpg,1854,1860,6
15385.jpg,1854,1804,-50
15390.jpg,1854,20,-1834
15395.jpg,1854,1850,-4
15400.jpg,1854,1855,1
15405.jpg,1854,1950,96
15410.jpg,1854,1848,-6
15415.jpg,1854,17,-1837
15420.jpg,1854,1977,123
15425.jpg,1854,1865,11
15430.jpg,1854,1899,45
15435.jpg,1854,1970,116
15440.jpg,1854,1909,55
15445.jpg,1854,1899,45
15450.jpg,1855,1672,-183
15455.jpg,1855,1860,5
15460.jpg,1855,1970,115
15465.jpg,1855,1800,-55
15470.jpg,1855,1900,45
15475.jpg,1855,1930,75
15480.jpg,1855,2020,165
15485.jpg,1855,2000,145
15490.jpg,1855,1929,74
15495.jpg,1855,1923,68
15500.jpg,1855,1869,14
15505.jpg,1855,1899,44
15510.jpg,1855,1850,-5
15515.jpg,1855,1910,55
15520.jpg,1855,19,-1836
15525.jpg,1855,1890,35
15530.jpg,1855,1924,69
15535.jpg,1855,1820,-35
15540.jpg,1855,1891,36
15545.jpg,1855,1,-1854
15550.jpg,1855,1901,46
15555.jpg,1855,1784,-71
15560.jpg,1855,1837,-18
15565.jpg,1855,1850,-5
15570.jpg,1855,2005,150
15575.jpg,1855,1870,15
15580.jpg,1855,1990,135
15585.jpg,1855,1920,65
15590.jpg,1855,1926,71
15595.jpg,1855,1810,-45
15600.jpg,1855,1890,35
15605.jpg,1855,1961,106
15610.jpg,1855,1880,25
15615.jpg,1855,1820,-35
15620.jpg,1855,1864,9
15625.jpg,1855,1913,58
15630.jpg,1855,1910,55
15635.jpg,1855,1856,1
15640.jpg,1855,-1,-1856
15645.jpg,1855,1856,1
15650.jpg,1855,1920,65
15655.jpg,1855,1800,-55
15660.jpg,1855,1800,-55
15665.jpg,1855,1890,35
15670.jpg,1855,1,-1854
15675.jpg,1855,1830,-25
15680.jpg,1855,1864,9
15685.jpg,1855,2014,159
15690.jpg,1855,1830,-25
15695.jpg,1855,1885,30
15705.jpg,1856,1697,-159
15710.jpg,1856,1900,44
15715.jpg,1856,1922,66
15720.jpg,1856,1960,104
15725.jpg,1856,1867,11
15730.jpg,1856,1907,51
15735.jpg,1856,1963,107
15740.jpg,1856,1908,52
15745.jpg,1856,1875,19
15750.jpg,1856,1884,28
15755.jpg,1856,18,-1838
15760.jpg,1856,19,-1837
15765.jpg,1856,2018,162
15770.jpg,1856,1859,3
15775.jpg,1856,1916,60
15780.jpg,1856,1800,-56
15785.jpg,1856,1873,17
15795.jpg,1856,1820,-36
15800.jpg,1856,2000,144
15805.jpg,1856,1915,59
15810.jpg,1856,1855,-1
15815.jpg,1856,1910,54
15820.jpg,1856,1890,34
15825.jpg,1856,1902,46
15830.jpg,1856,1855,-1
15835.jpg,1856,1775,-81
15840.jpg,1856,1800,-56
15845.jpg,1856,1865,9
15850.jpg,1856,1900,44
15855.jpg,1856,1785,-71
15860.jpg,1856,1856,0
15865.jpg,1856,1870,14
15870.jpg,1856,1860,4
15875.jpg,1856,1960,104
15880.jpg,1856,1860,4
15885.jpg,1856,19,-1837
15890.jpg,1856,1854,-2
15895.jpg,1856,1930,74
15900.jpg,1856,1885,29
15905.jpg,1856,1950,94
15910.jpg,1856,1975,119
15915.jpg,1856,1760,-96
15920.jpg,1856,1870,14
15930.jpg,1856,1860,4
15935.jpg,1856,1870,14
15940.jpg,1856,1852,-4
15945.jpg,1856,1830,-26
15950.jpg,1856,1873,17
15955.jpg,1856,2006,150
15960.jpg,1856,1773,-83
15965.jpg,1856,2017,161
15970.jpg,1856,1995,139
15975.jpg,1856,1665,-191
15980.jpg,1857,1904,47
15985.jpg,1857,1910,53
15990.jpg,1857,1973,116
15995.jpg,1857,1814,-43
16000.jpg,1857,1870,13
16005.jpg,1857,1822,-35
16010.jpg,1857,1845,-12
16015.jpg,1857,1800,-57
16020.jpg,1857,2000,143
16025.jpg,1857,1997,140
16030.jpg,1857,1952,95
16035.jpg,1857,1911,54
16040.jpg,1857,1910,53
16045.jpg,1857,1880,23
16050.jpg,1857,1882,25
16055.jpg,1857,1954,97
16060.jpg,1857,1860,3
16065.jpg,1857,1855,-2
16070.jpg,1857,1850,-7
16075.jpg,1857,2001,144
16080.jpg,1857,1915,58
16085.jpg,1857,1800,-57
16090.jpg,1857,1880,23
16095.jpg,1857,1848,-9
16100.jpg,1857,1830,-27
16105.jpg,1857,2018,161
16110.jpg,1857,1,-1856
16115.jpg,1857,1886,29
16120.jpg,1857,1853,-4
16125.jpg,1857,1922,65
16130.jpg,1857,1945,88
16135.jpg,1857,1887,30
16140.jpg,1857,1300,-557
16145.jpg,1857,1850,-7
16150.jpg,1857,1900,43
16155.jpg,1857,2004,147
16160.jpg,1857,1872,15
16165.jpg,1857,1942,85
16170.jpg,1857,1869,12
16175.jpg,1857,1980,123
16180.jpg,1857,19,-1838
16185.jpg,1857,1938,81
16190.jpg,1857,1853,-4
16195.jpg,1857,1935,78
16200.jpg,1857,1876,19
16205.jpg,1857,2012,155
16210.jpg,1857,1872,15
16215.jpg,1857,1960,103
16220.jpg,1857,19,-1838
16225.jpg,1857,2019,162
16230.jpg,1857,1920,63
16235.jpg,1858,1922,64
16240.jpg,1858,1900,42
16245.jpg,1858,1850,-8
16250.jpg,1858,1913,55
16255.jpg,1858,1910,52
16260.jpg,1858,1910,52
16265.jpg,1858,1970,112
16270.jpg,1858,1806,-52
16275.jpg,1858,2009,151
16280.jpg,1858,1930,72
16285.jpg,1858,1880,22
16290.jpg,1858,1910,52
16295.jpg,1858,1858,0
16300.jpg,1858,1880,22
16305.jpg,1858,1910,52
16310.jpg,1858,1885,27
16315.jpg,1858,1906,48
16320.jpg,1858,1871,13
16325.jpg,1858,1858,0
16330.jpg,1858,1930,72
16335.jpg,1858,1860,2
16340.jpg,1858,1825,-33
16345.jpg,1858,1911,53
16350.jpg,1858,1940,82
16355.jpg,1858,1858,0
16360.jpg,1858,1899,41
16365.jpg,1858,1830,-28
16370.jpg,1858,1984,126
16375.jpg,1858,1878,20
16380.jpg,1858,1900,42
16385.jpg,1858,1940,82
16390.jpg,1858,1820,-38
16395.jpg,1858,1754,-104
16400.jpg,1858,1870,12
16405.jpg,1858,1840,-18
16410.jpg,1858,1910,52
16415.jpg,1858,1940,82
16420.jpg,1858,1900,42
16425.jpg,1858,1875,17
16430.jpg,1858,1866,8
16435.jpg,1858,1883,25
16440.jpg,1858,1825,-33
16445.jpg,1858,1840,-18
16450.jpg,1858,1820,-38
16455.jpg,1858,18,-1840
16460.jpg,1858,1570,-288
16465.jpg,1858,1774,-84
16470.jpg,1858,1990,132
16475.jpg,1858,1958,100
16480.jpg,1858,1970,112
16485.jpg,1858,1855,-3
16490.jpg,1859,1910,51
16495.jpg,1859,1918,59
16505.jpg,1859,1859,0
16510.jpg,1859,1930,71
16515.jpg,1859,1882,23
16520.jpg,1859,1885,26
16525.jpg,1859,1910,51
16530.jpg,1859,1930,71
16535.jpg,1859,1970,111
16540.jpg,1859,1853,-6
16545.jpg,1859,1930,71
16550.jpg,1859,1878,19
16555.jpg,1859,1870,11
16560.jpg,1859,1975,116
16565.jpg,1859,1820,-39
16570.jpg,1859,1882,23
16575.jpg,1859,1909,50
16580.jpg,1859,1878,19
16585.jpg,1859,1820,-39
16590.jpg,1859,1810,-49
16595.jpg,1859,1870,11
16600.jpg,1859,1784,-75
16605.jpg,1859,1975,116
16610.jpg,1859,1929,70
16615.jpg,1859,1868,9
16620.jpg,1859,1860,1
16625.jpg,1859,1915,56
16630.jpg,1859,1895,36
16635.jpg,1859,1800,-59
16640.jpg,1859,1850,-9
16645.jpg,1859,1859,0
16650.jpg,1859,1855,-4
16655.jpg,1859,1910,51
16660.jpg,1859,1850,-9
16665.jpg,1859,1970,111
16670.jpg,1859,1870,11
16675.jpg,1859,1800,-59
16680.jpg,1859,1787,-72
16685.jpg,1859,1920,61
16690.jpg,1859,1705,-154
16695.jpg,1859,1860,1
16700.jpg,1859,2013,154
16705.jpg,1859,1990,131
16710.jpg,1859,2007,148
16715.jpg,1859,1700,-159
16720.jpg,1859,1910,51
16725.jpg,1859,1900,41
16730.jpg,1859,1920,61
16735.jpg,1860,-1,-1861
16740.jpg,1860,1932,72
16745.jpg,1860,1802,-58
16750.jpg,1860,1852,-8
16755.jpg,1860,1870,10
16760.jpg,1860,19,-1841
16765.jpg,1860,1860,0
16770.jpg,1860,1860,0
16775.jpg,1860,1980,120
16785.jpg,1860,1980,120
16790.jpg,1860,1,-1859
16795.jpg,1860,1935,75
16800.jpg,1860,1890,30
16805.jpg,1860,1919,59
16810.jpg,1860,1860,0
16815.jpg,1860,1919,59
16820.jpg,1860,1845,-15
16825.jpg,1860,1980,120
16830.jpg,1860,1926,66
16835.jpg,1860,1920,60
16840.jpg,1860,1870,10
16845.jpg,1860,19,-1841
16850.jpg,1860,1815,-45
16855.jpg,1860,1959,99
16860.jpg,1860,1741,-119
16865.jpg,1860,1980,120
16870.jpg,1860,1885,25
16875.jpg,1860,1925,65
16880.jpg,1860,1860,0
16885.jpg,1860,1890,30
16890.jpg,1860,1800,-60
16895.jpg,1860,1920,60
16900.jpg,1860,2005,145
16905.jpg,1860,1800,-60
16910.jpg,1860,1920,60
16915.jpg,1860,1900,40
16920.jpg,1860,1694,-166
16925.jpg,1860,1,-1859
16930.jpg,1860,1860,0
16935.jpg,1860,1820,-40
16940.jpg,1860,1860,0
16945.jpg,1860,1910,50
16950.jpg,1860,1878,18
16955.jpg,1860,2019,159
16960.jpg,1860,1850,-10
16965.jpg,1860,1988,128
16970.jpg,1860,1915,55
16975.jpg,1860,1885,25
16980.jpg,1860,1878,18
16985.jpg,1860,1900,40
16990.jpg,1860,1858,-2
16995.jpg,1860,2007,147
17000.jpg,1860,1665,-195
17005.jpg,1861,1906,45
17010.jpg,1861,1880,19
17015.jpg,1861,19,-1842
17025.jpg,1861,1903,42
17030.jpg,1861,1822,-39
17035.jpg,1861,1910,49
17040.jpg,1861,1818,-43
17045.jpg,1861,1784,-77
17050.jpg,1861,1785,-76
17055.jpg,1861,1858,-3
17060.jpg,1861,1911,50
17065.jpg,1861,1968,107
17070.jpg,1861,18,-1843
17075.jpg,1861,1910,49
17080.jpg,1861,1872,11
17085.jpg,1861,1930,69
17090.jpg,1861,1860,-1
17095.jpg,1861,1860,-1
17100.jpg,1861,1859,-2
17105.jpg,1861,1900,39
17110.jpg,1861,1860,-1
17115.jpg,1861,1779,-82
17120.jpg,1861,1900,39
17125.jpg,1861,1850,-11
17130.jpg,1861,1860,-1
17135.jpg,1861,1152,-709
17140.jpg,1861,2013,152
17145.jpg,1861,1860,-1
17150.jpg,1861,1626,-235
17155.jpg,1861,1910,49
17160.jpg,1861,1886,25
17165.jpg,1861,1875,14
17170.jpg,1861,1975,114
17175.jpg,1862,1795,-67
17180.jpg,1862,1857,-5
17185.jpg,1862,1806,-56
17190.jpg,1862,1870,8
17195.jpg,1862,2011,149
17200.jpg,1862,1894,32
17205.jpg,1862,1912,50
17210.jpg,1862,1869,7
17215.jpg,1862,1855,-7
17220.jpg,1862,1975,113
17225.jpg,1862,1852,-10
17230.jpg,1862,1910,48
17235.jpg,1862,1891,29
17240.jpg,1862,1910,48
17245.jpg,1862,1860,-2
17250.jpg,1862,2010,148
17255.jpg,1862,1754,-108
17260.jpg,1862,1880,18
17265.jpg,1862,1852,-10
17270.jpg,1862,-1,-1863
17275.jpg,1862,1950,88
17280.jpg,1862,1880,18
17285.jpg,1862,1910,48
17290.jpg,1862,1860,-2
17295.jpg,1862,1996,134
17300.jpg,1862,1856,-6
17305.jpg,1862,1912,50
17310.jpg,1862,1920,58
17315.jpg,1862,1950,88
17320.jpg,1862,18,-1844
17325.jpg,1863,1872,9
17330.jpg,1863,1775,-88
17340.jpg,1863,1872,9
17345.jpg,1863,1852,-11
17350.jpg,1863,1790,-73
17355.jpg,1863,1908,45
17365.jpg,1863,0,-1863
17370.jpg,1863,1985,122
17375.jpg,1863,1900,37
17380.jpg,1863,1922,59
17385.jpg,1863,1980,117
17390.jpg,1863,1860,-3
17395.jpg,1863,1825,-38
17400.jpg,1863,2016,153
17405.jpg,1863,-1,-1864
17410.jpg,1863,1850,-13
17415.jpg,1863,1,-1862
17420.jpg,1863,1860,-3
17425.jpg,1863,1930,67
17430.jpg,1863,1900,37
17435.jpg,1863,1920,57
17440.jpg,1863,1945,82
17445.jpg,1863,1908,45
17450.jpg,1863,1930,67
17455.jpg,1863,1907,44
17460.jpg,1863,1888,25
17465.jpg,1863,1894,31
17470.jpg,1863,20,-1843
17475.jpg,1863,1842,-21
17480.jpg,1863,1980,117
17485.jpg,1864,1914,50
17490.jpg,1864,1850,-14
17495.jpg,1864,1854,-10
17500.jpg,1864,1960,96
17505.jpg,1864,1885,21
17510.jpg,1864,1950,86
17515.jpg,1864,1854,-10
17520.jpg,1864,1918,54
17525.jpg,1864,1685,-179
17530.jpg,1864,1910,46
17535.jpg,1864,1961,97
17540.jpg,1864,1978,114
17545.jpg,1864,1820,-44
17550.jpg,1864,1300,-564
17555.jpg,1864,1980,116
17560.jpg,1864,1918,54
17565.jpg,1864,1821,-43
17575.jpg,1864,1750,-114
17580.jpg,1864,1850,-14
17585.jpg,1864,1870,6
17590.jpg,1864,1996,132
17595.jpg,1864,1865,1
17600.jpg,1864,1880,16
17605.jpg,1864,1920,56
17610.jpg,1864,1910,46
17615.jpg,1864,1903,39
17620.jpg,1864,1865,1
17625.jpg,1864,1896,32
17630.jpg,1864,1873,9
17635.jpg,1864,3000,1136
17640.jpg,1864,1971,107
17645.jpg,1864,2019,155
17650.jpg,1864,1799,-65
17655.jpg,1864,1884,20
17660.jpg,1865,1879,14
17665.jpg,1865,1725,-140
17670.jpg,1865,1992,127
17675.jpg,1865,1959,94
17680.jpg,1865,1858,-7
17690.jpg,1865,2019,154
17695.jpg,1865,1829,-36
17700.jpg,1865,1939,74
17705.jpg,1865,1898,33
17710.jpg,1865,1870,5
17715.jpg,1865,1869,4
17720.jpg,1865,1993,128
17725.jpg,1865,1913,48
17730.jpg,1865,1945,80
17735.jpg,1865,1783,-82
17745.jpg,1865,1866,1
17750.jpg,1865,1880,15
17755.jpg,1865,1845,-20
17760.jpg,1865,1950,85
17765.jpg,1865,1886,21
17770.jpg,1865,1880,15
17775.jpg,1865,1911,46
17780.jpg,1865,1940,75
17785.jpg,1865,1900,35
17790.jpg,1865,2010,145
17795.jpg,1865,1860,-5
17800.jpg,1865,1850,-15
17805.jpg,1865,1890,25
17810.jpg,1865,1880,15
17815.jpg,1865,1887,22
17820.jpg,1865,1920,55
17825.jpg,1865,1880,15
17830.jpg,1865,1873,8
17835.jpg,1865,1820,-45
17840.jpg,1865,1885,20
17845.jpg,1865,1882,17
17850.jpg,1865,1899,34
17855.jpg,1865,1865,0
17860.jpg,1865,1872,7
17865.jpg,1865,1783,-82
17870.jpg,1865,1901,36
17875.jpg,1865,1852,-13
17880.jpg,1865,1850,-15
17885.jpg,1865,1990,125
17890.jpg,1865,1890,25
17895.jpg,1865,1870,5
17900.jpg,1865,1870,5
17905.jpg,1865,1850,-15
17910.jpg,1865,1820,-45
17915.jpg,1865,1855,-10
17920.jpg,1865,1814,-51
17930.jpg,1865,1770,-95
17935.jpg,1866,1908,42
17940.jpg,1866,2020,154
17945.jpg,1866,1954,88
17950.jpg,1866,1879,13
17955.jpg,1866,1998,132
17960.jpg,1866,1670,-196
17965.jpg,1866,1910,44
17970.jpg,1866,1876,10
17975.jpg,1866,1919,53
17980.jpg,1866,1866,0
17985.jpg,1866,1861,-5
17990.jpg,1866,1860,-6
17995.jpg,1866,1925,59
18000.jpg,1866,1900,34
18005.jpg,1866,1850,-16
18010.jpg,1866,1909,43
18015.jpg,1866,1930,64
18020.jpg,1866,1920,54
18025.jpg,1866,1895,29
18030.jpg,1866,1885,19
18035.jpg,1866,1872,6
18040.jpg,1866,1950,84
18045.jpg,1866,1800,-66
18050.jpg,1866,1940,74
18055.jpg,1866,2019,153
18060.jpg,1866,1910,44
18065.jpg,1866,1865,-1
18070.jpg,1866,1860,-6
18075.jpg,1866,1756,-110
18080.jpg,1866,1820,-46
18085.jpg,1866,1910,44
18090.jpg,1866,1900,34
18095.jpg,1866,1860,-6
18100.jpg,1866,1958,92
18105.jpg,1866,1915,49
18110.jpg,1866,1854,-12
18115.jpg,1866,1906,40
18120.jpg,1866,1920,54
18125.jpg,1866,1806,-60
18130.jpg,1866,1923,57
18135.jpg,1867,1820,-47
18140.jpg,1867,1886,19
18145.jpg,1867,1950,83
18160.jpg,1867,1910,43
18165.jpg,1867,1812,-55
18170.jpg,1867,1870,3
18175.jpg,1867,1910,43
18180.jpg,1867,1869,2
18185.jpg,1867,1980,113
18190.jpg,1867,1872,5
18195.jpg,1867,1935,68
18200.jpg,1867,1880,13
18205.jpg,1867,1859,-8
18210.jpg,1867,1800,-67
18215.jpg,1867,1906,39
18220.jpg,1867,1840,-27
18225.jpg,1867,1930,63
18230.jpg,1867,1930,63
18235.jpg,1867,1750,-117
18240.jpg,1867,1820,-47
18245.jpg,1867,1795,-72
18250.jpg,1867,1903,36
18255.jpg,1867,1930,63
18260.jpg,1867,1690,-177
18265.jpg,1867,1800,-67
18270.jpg,1867,1811,-56
18275.jpg,1867,1872,5
18280.jpg,1867,1930,63
18285.jpg,1867,1850,-17
18290.jpg,1867,1850,-17
18295.jpg,1867,1859,-8
18300.jpg,1867,1918,51
18305.jpg,1867,1720,-147
18310.jpg,1867,1902,35
18315.jpg,1867,1800,-67
18320.jpg,1867,1872,5
18325.jpg,1867,1870,3
18330.jpg,1867,1891,24
18335.jpg,1867,1820,-47
18340.jpg,1867,1970,103
18345.jpg,1867,1910,43
18350.jpg,1867,1300,-567
18355.jpg,1867,1840,-27
18360.jpg,1867,1920,53
18365.jpg,1868,1892,24
18370.jpg,1868,1908,40
18380.jpg,1868,1868,0
18385.jpg,1868,1770,-98
18390.jpg,1868,1950,82
18395.jpg,1868,1929,61
18400.jpg,1868,2002,134
18405.jpg,1868,1850,-18
18410.jpg,1868,1800,-68
18415.jpg,1868,2006,138
18420.jpg,1868,2006,138
18425.jpg,1868,1878,10
18430.jpg,1868,1872,4
18450.jpg,1868,1905,37
18455.jpg,1868,1789,-79
18460.jpg,1868,20,-1848
18465.jpg,1868,1895,27
18470.jpg,1868,1899,31
18475.jpg,1868,1887,19
18480.jpg,1868,1828,-40
18485.jpg,1868,1800,-68
18490.jpg,1868,1937,69
18495.jpg,1868,1872,4
18500.jpg,1868,1828,-40
18505.jpg,1868,1800,-68
18510.jpg,1868,1851,-17
18515.jpg,1868,1805,-63
18520.jpg,1868,1789,-79
18525.jpg,1868,1892,24
18530.jpg,1868,1856,-12
18535.jpg,1868,1867,-1
18540.jpg,1868,1850,-18
18545.jpg,1868,1885,17
18550.jpg,1868,1900,32
18555.jpg,1868,1854,-14
18560.jpg,1868,1891,23
18565.jpg,1868,1910,42
18570.jpg,1868,1890,22
18575.jpg,1868,1880,12
18580.jpg,1868,1935,67
18585.jpg,1868,1927,59
18590.jpg,1868,1925,57
18595.jpg,1868,1890,22
18600.jpg,1868,1860,-8
18605.jpg,1868,1880,12
18610.jpg,1868,1840,-28
18615.jpg,1868,1882,14
18620.jpg,1869,1884,15
18625.jpg,1869,1918,49
18630.jpg,1869,1858,-11
18635.jpg,1869,1910,41
18640.jpg,1869,1876,7
18645.jpg,1869,-1,-1870
18650.jpg,1869,1850,-19
18655.jpg,1869,1953,84
18660.jpg,1869,180,-1689
18665.jpg,1869,1872,3
18670.jpg,1869,1890,21
18675.jpg,1869,1930,61
18680.jpg,1869,1906,37
18685.jpg,1869,1870,1
18690.jpg,1869,1880,11
18695.jpg,1869,1889,20
18700.jpg,1869,1890,21
18710.jpg,1869,1910,41
18715.jpg,1869,19,-1850
18720.jpg,1869,1890,21
18725.jpg,1869,1900,31
18730.jpg,1869,1810,-59
18735.jpg,1869,1880,11
18740.jpg,1869,1880,11
18745.jpg,1869,1,-1868
18750.jpg,1869,1860,-9
18755.jpg,1869,1940,71
18760.jpg,1869,1855,-14
18765.jpg,1869,1780,-89
18770.jpg,1869,1950,81
18775.jpg,1869,1930,61
18780.jpg,1869,1840,-29
18785.jpg,1869,1880,11
18790.jpg,1869,1876,7
18795.jpg,1869,1858,-11
18800.jpg,1869,1934,65
18805.jpg,1869,1800,-69
18810.jpg,1869,1854,-15
18815.jpg,1869,1880,11
18820.jpg,1869,1900,31
18825.jpg,1869,1872,3
18830.jpg,1869,1880,11
18835.jpg,1869,2021,152
18840.jpg,1870,1695,-175
18845.jpg,1870,1854,-16
18850.jpg,1870,1855,-15
18855.jpg,1870,1854,-16
18860.jpg,1870,1882,12
18865.jpg,1870,1980,110
18870.jpg,1870,1945,75
18875.jpg,1870,2022,152
18880.jpg,1870,1996,126
18885.jpg,1870,1906,36
18895.jpg,1870,1886,16
18900.jpg,1870,19,-1851
18905.jpg,1870,1917,47
18910.jpg,1870,1996,126
18915.jpg,1870,1902,32
18920.jpg,1870,1962,92
18925.jpg,1870,1886,16
18930.jpg,1870,1927,57
18935.jpg,1870,1950,80
18940.jpg,1870,1938,68
18945.jpg,1870,1970,100
18950.jpg,1870,1858,-12
18955.jpg,1870,1855,-15
18960.jpg,1870,1970,100
18965.jpg,1870,1955,85
18970.jpg,1870,1796,-74
18980.jpg,1870,1970,100
18985.jpg,1870,1880,10
18990.jpg,1870,1890,20
18995.jpg,1870,1910,40
19000.jpg,1870,1910,40
19005.jpg,1870,1839,-31
19010.jpg,1870,1790,-80
19015.jpg,1870,1929,59
19020.jpg,1870,1640,-230
19025.jpg,1870,1920,50
19030.jpg,1870,1,-1869
19035.jpg,1870,1859,-11
19040.jpg,1870,1970,100
19045.jpg,1870,1970,100
19050.jpg,1870,19,-1851
19055.jpg,1870,1900,30
19060.jpg,1870,1910,40
19065.jpg,1870,1930,60
19070.jpg,1870,1884,14
19075.jpg,1870,1880,10
19080.jpg,1870,1930,60
19085.jpg,1870,1865,-5
19090.jpg,1870,1910,40
19100.jpg,1870,1969,99
19105.jpg,1870,1970,100
19110.jpg,1870,1755,-115
19115.jpg,1870,1880,10
19120.jpg,1870,1950,80
19125.jpg,1870,1940,70
19130.jpg,1870,1910,40
19135.jpg,1870,1935,65
19140.jpg,1870,1896,26
19145.jpg,1871,1696,-175
19150.jpg,1871,1850,-21
19155.jpg,1871,1909,38
19160.jpg,1871,1840,-31
19165.jpg,1871,1912,41
19170.jpg,1871,1862,-9
19175.jpg,1871,1914,43
19180.jpg,1871,1893,22
19185.jpg,1871,1884,13
19190.jpg,1871,1866,-5
19195.jpg,1871,1880,9
19200.jpg,1871,1950,79
19205.jpg,1871,2015,144
19210.jpg,1871,1980,109
19215.jpg,1871,1960,89
19220.jpg,1871,1886,15
19225.jpg,1871,1930,59
19230.jpg,1871,1887,16
19235.jpg,1871,1902,31
19240.jpg,1871,1,-1870
19245.jpg,1871,1922,51
19250.jpg,1871,1866,-5
19255.jpg,1871,1820,-51
19260.jpg,1871,1915,44
19265.jpg,1871,1780,-91
19270.jpg,1871,1910,39
19275.jpg,1871,1875,4
19280.jpg,1871,1930,59
19285.jpg,1871,1913,42
19290.jpg,1871,1830,-41
19295.jpg,1871,1893,22
19300.jpg,1871,1910,39
19305.jpg,1871,1951,80
19310.jpg,1871,1940,69
19315.jpg,1871,1,-1870
19320.jpg,1871,1865,-6
19325.jpg,1871,1890,19
19330.jpg,1871,1865,-6
19335.jpg,1871,1870,-1
19340.jpg,1871,1853,-18
19345.jpg,1871,1910,39
19350.jpg,1871,2003,132
19355.jpg,1871,1856,-15
19360.jpg,1871,1910,39
19365.jpg,1871,1884,13
19370.jpg,1871,1852,-19
19375.jpg,1871,1870,-1
19380.jpg,1871,1910,39
19385.jpg,1871,1991,120
19390.jpg,1871,2002,131
19395.jpg,1872,1675,-197
19400.jpg,1872,1910,38
19405.jpg,1872,1884,12
19410.jpg,1872,1928,56
19415.jpg,1872,1672,-200
19420.jpg,1872,1485,-387
19425.jpg,1872,1980,108
19430.jpg,1872,1880,8
19435.jpg,1872,1984,112
19440.jpg,1872,1872,0
19445.jpg,1872,1905,33
19450.jpg,1872,1823,-49
19455.jpg,1872,1928,56
19460.jpg,1872,1880,8
19465.jpg,1872,1913,41
19470.jpg,1872,1825,-47
19475.jpg,1872,1996,124
19480.jpg,1872,1820,-52
19485.jpg,1872,1975,103
19490.jpg,1872,1880,8
19495.jpg,1872,1945,73
19500.jpg,1872,1884,12
19505.jpg,1872,1869,-3
19510.jpg,1872,1909,37
19515.jpg,1872,1837,-35
19520.jpg,1872,1970,98
19525.jpg,1872,1905,33
19530.jpg,1872,1892,20
19535.jpg,1872,1900,28
19540.jpg,1872,1960,88
19545.jpg,1872,1876,4
19550.jpg,1872,1910,38
19555.jpg,1872,1890,18
19560.jpg,1872,1878,6
19565.jpg,1872,1882,10
19570.jpg,1872,1867,-5
19575.jpg,1872,1860,-12
19580.jpg,1872,1908,36
19585.jpg,1872,1820,-52
19590.jpg,1872,1877,5
19595.jpg,1872,1950,78
19600.jpg,1872,1850,-22
19605.jpg,1872,19,-1853
19610.jpg,1872,1874,2
19615.jpg,1872,1890,18
19620.jpg,1872,1938,66
19625.jpg,1872,1910,38
19630.jpg,1872,1880,8
19635.jpg,1872,1885,13
19640.jpg,1872,1893,21
19645.jpg,1872,1856,-16
19655.jpg,1873,1775,-98
19660.jpg,1873,1820,-53
19665.jpg,1873,2006,133
19670.jpg,1873,1925,52
19675.jpg,1873,1850,-23
19680.jpg,1873,1875,2
19685.jpg,1873,1870,-3
19690.jpg,1873,105,-1768
19695.jpg,1873,1789,-84
19700.jpg,1873,1938,65
19705.jpg,1873,2003,130
19710.jpg,1873,1920,47
19715.jpg,1873,1872,-1
19720.jpg,1873,1891,18
19725.jpg,1873,2000,127
19730.jpg,1873,1903,30
19735.jpg,1873,1872,-1
19740.jpg,1873,2022,149
19745.jpg,1873,1873,0
19750.jpg,1873,1924,51
19755.jpg,1873,1916,43
19760.jpg,1873,1720,-153
19765.jpg,1873,1950,77
19775.jpg,1873,2016,143
19780.jpg,1873,1867,-6
19785.jpg,1873,1886,13
19790.jpg,1873,1910,37
19795.jpg,1873,1880,7
19800.jpg,1873,1885,12
19805.jpg,1873,1860,-13
19810.jpg,1873,1910,37
19815.jpg,1873,1880,7
19820.jpg,1873,1867,-6
19825.jpg,1873,1903,30
19830.jpg,1873,1869,-4
19835.jpg,1873,1821,-52
19840.jpg,1873,1870,-3
19845.jpg,1873,1950,77
19850.jpg,1873,1864,-9
19855.jpg,1873,1851,-22
19860.jpg,1873,1913,40
19865.jpg,1873,20,-1853
19870.jpg,1873,1850,-23
19875.jpg,1873,1910,37
19880.jpg,1873,1909,36
19885.jpg,1873,1830,-43
19890.jpg,1873,1890,17
19895.jpg,1873,1960,87
19900.jpg,1873,1889,16
19905.jpg,1873,1773,-100
19910.jpg,1873,1996,123
19915.jpg,1874,1856,-18
19920.jpg,1874,1920,46
19925.jpg,1874,1900,26
19930.jpg,1874,1877,3
19935.jpg,1874,1936,62
19945.jpg,1874,1800,-74
19950.jpg,1874,1990,116
19955.jpg,1874,1940,66
19965.jpg,1874,1920,46
19970.jpg,1874,1869,-5
19975.jpg,1874,1854,-20
19980.jpg,1874,19,-1855
19985.jpg,1874,1810,-64
19990.jpg,1874,1960,86
19995.jpg,1874,1970,96
20000.jpg,1874,1964,90
20005.jpg,1874,1988,114
20010.jpg,1874,1910,36
20015.jpg,1874,1910,36
20020.jpg,1874,1889,15
20025.jpg,1874,1930,56
20030.jpg,1874,19,-1855
20035.jpg,1874,1990,116
20040.jpg,1874,1898,24
20045.jpg,1874,1965,91
20050.jpg,1874,1930,56
20055.jpg,1874,1881,7
20060.jpg,1874,1890,16
20065.jpg,1874,1870,-4
20070.jpg,1874,1895,21
20075.jpg,1874,1900,26
20080.jpg,1874,1894,20
20085.jpg,1874,1873,-1
20090.jpg,1874,1780,-94
20095.jpg,1874,1870,-4
20100.jpg,1874,1920,46
20110.jpg,1874,1903,29
20115.jpg,1874,1865,-9
20120.jpg,1874,1878,4
20125.jpg,1874,1775,-99
20130.jpg,1874,1886,12
20135.jpg,1874,1884,10
20145.jpg,1874,1830,-44
20150.jpg,1874,1851,-23
20155.jpg,1874,1852,-22
20160.jpg,1874,1930,56
20165.jpg,1874,1915,41
20170.jpg,1874,1910,36
20175.jpg,1874,1852,-22
20180.jpg,1874,1650,-224
20185.jpg,1874,1851,-23
20190.jpg,1874,2022,148
20195.jpg,1874,1864,-10
20205.jpg,1874,1758,-116
20210.jpg,1875,1780,-95
20215.jpg,1875,1800,-75
20220.jpg,1875,1866,-9
20230.jpg,1875,1900,25
20235.jpg,1875,1654,-221
20240.jpg,1875,1910,35
20245.jpg,1875,1981,106
20250.jpg,1875,1910,35
20255.jpg,1875,19,-1856
20260.jpg,1875,19,-1856
20265.jpg,1875,1840,-35
20270.jpg,1875,1887,12
20275.jpg,1875,1882,7
20280.jpg,1875,1910,35
20285.jpg,1875,1970,95
20295.jpg,1875,1899,24
20300.jpg,1875,1913,38
20305.jpg,1875,1970,95
20310.jpg,1875,1872,-3
20315.jpg,1875,1850,-25
20320.jpg,1875,1945,70
20325.jpg,1875,1855,-20
20330.jpg,1875,1907,32
20335.jpg,1875,1890,15
20340.jpg,1875,1873,-2
20345.jpg,1875,1860,-15
20350.jpg,1875,1902,27
20355.jpg,1875,1850,-25
20360.jpg,1875,1910,35
20365.jpg,1875,19,-1856
20370.jpg,1875,1860,-15
20375.jpg,1875,1850,-25
20380.jpg,1875,1892,17
20385.jpg,1875,1698,-177
20390.jpg,1875,1904,29
20395.jpg,1875,1908,33
20400.jpg,1875,1887,12
20405.jpg,1875,1870,-5
20410.jpg,1875,1940,65
20415.jpg,1875,1800,-75
20420.jpg,1875,1870,-5
20425.jpg,1875,1900,25
20430.jpg,1875,1905,30
20435.jpg,1875,900,-975
20440.jpg,1875,1991,116
20445.jpg,1875,1850,-25
20450.jpg,1875,1850,-25
20455.jpg,1875,18,-1857
20460.jpg,1875,1937,62
20465.jpg,1875,1820,-55
20470.jpg,1875,1730,-145
20480.jpg,1875,1994,119
20485.jpg,1875,1820,-55
20490.jpg,1875,1865,-10
20495.jpg,1875,1870,-5
20500.jpg,1876,1639,-237
20505.jpg,1876,1916,40
20510.jpg,1876,1607,-269
20515.jpg,1876,1890,14
20520.jpg,1876,1875,-1
20525.jpg,1876,2011,135
20530.jpg,1876,1892,16
20540.jpg,1876,1985,109
20545.jpg,1876,1891,15
20550.jpg,1876,1888,12
20555.jpg,1876,1800,-76
20560.jpg,1876,1295,-581
20565.jpg,1876,1550,-326
20570.jpg,1876,-1,-1877
20575.jpg,1876,1880,4
20580.jpg,1876,1958,82
20585.jpg,1876,1886,10
20590.jpg,1876,1830,-46
20595.jpg,1876,1914,38
20600.jpg,1876,1878,2
20605.jpg,1876,1871,-5
20610.jpg,1876,1929,53
20615.jpg,1876,1906,30
20620.jpg,1876,1850,-26
20625.jpg,1876,1889,13
20630.jpg,1876,2000,124
20635.jpg,1876,1902,26
20640.jpg,1876,1980,104
20645.jpg,1876,1860,-16
20650.jpg,1876,1867,-9
20655.jpg,1876,1887,11
20660.jpg,1876,1910,34
20665.jpg,1876,1900,24
20670.jpg,1876,1910,34
20675.jpg,1876,1764,-112
20680.jpg,1876,1882,6
20685.jpg,1876,1880,4
20690.jpg,1876,1582,-294
20695.jpg,1876,1900,24
20700.jpg,1876,1850,-26
20705.jpg,1876,1923,47
20715.jpg,1876,1915,39
20720.jpg,1876,1494,-382
20725.jpg,1876,1935,59
20730.jpg,1877,1880,3
20735.jpg,1877,1857,-20
20740.jpg,1877,2015,138
20745.jpg,1877,1910,33
20750.jpg,1877,1911,34
20755.jpg,1877,1913,36
20760.jpg,1877,1876,-1
20765.jpg,1877,1984,107
20770.jpg,1877,1950,73
20775.jpg,1877,1906,29
20780.jpg,1877,1907,30
20785.jpg,1877,1910,33
20790.jpg,1877,1890,13
20795.jpg,1877,1958,81
20800.jpg,1877,1860,-17
20805.jpg,1877,1865,-12
20810.jpg,1877,1890,13
20815.jpg,1877,1950,73
20820.jpg,1877,1910,33
20830.jpg,1877,1880,3
20835.jpg,1877,1890,13
20840.jpg,1877,1880,3
20845.jpg,1877,1870,-7
20850.jpg,1877,1907,30
20855.jpg,1877,1930,53
20860.jpg,1877,1880,3
20865.jpg,1877,1790,-87
20870.jpg,1877,1880,3
20875.jpg,1877,1870,-7
20880.jpg,1877,1914,37
20885.jpg,1877,1852,-25
20890.jpg,1877,1852,-25
20895.jpg,1877,1873,-4
20900.jpg,1877,1865,-12
20905.jpg,1877,19,-1858
20910.jpg,1877,1905,28
20915.jpg,1877,1905,28
20925.jpg,1878,1792,-86
20930.jpg,1878,2021,143
20935.jpg,1878,1909,31
20940.jpg,1878,1860,-18
20945.jpg,1878,1970,92
20950.jpg,1878,1880,2
20955.jpg,1878,1891,13
20960.jpg,1878,2012,134
20965.jpg,1878,1978,100
20970.jpg,1878,1800,-78
20975.jpg,1878,1960,82
20980.jpg,1878,1905,27
20985.jpg,1878,2018,140
20990.jpg,1878,1891,13
20995.jpg,1878,1870,-8
21000.jpg,1878,1910,32
21005.jpg,1878,1867,-11
21010.jpg,1878,1858,-20
21015.jpg,1878,1930,52
21020.jpg,1878,1895,17
21025.jpg,1878,1858,-20
21030.jpg,1878,1,-1877
21035.jpg,1878,-1,-1879
21040.jpg,1878,1851,-27
21045.jpg,1878,1854,-24
21050.jpg,1878,1880,2
21055.jpg,1878,1868,-10
21060.jpg,1878,1940,62
21065.jpg,1878,1920,42
21070.jpg,1878,1954,76
21075.jpg,1878,1900,22
21080.jpg,1878,1900,22
21085.jpg,1878,1851,-27
21090.jpg,1878,1899,21
21095.jpg,1878,1875,-3
21100.jpg,1878,1889,11
21105.jpg,1878,1915,37
21110.jpg,1878,1896,18
21115.jpg,1878,1908,30
21120.jpg,1878,1914,36
21125.jpg,1878,2020,142
21130.jpg,1878,1903,25
21135.jpg,1878,1892,14
21140.jpg,1878,1910,32
21145.jpg,1878,1870,-8
21150.jpg,1878,1788,-90
21155.jpg,1878,1910,32
21160.jpg,1879,20,-1859
21165.jpg,1879,1889,10
21170.jpg,1879,1882,3
21175.jpg,1879,1920,41
21180.jpg,1879,19,-1860
21185.jpg,1879,1940,61
21190.jpg,1879,1863,-16
21195.jpg,1879,1862,-17
21200.jpg,1879,1820,-59
21205.jpg,1879,1870,-9
21210.jpg,1879,1920,41
21215.jpg,1879,1860,-19
21220.jpg,1879,1672,-207
21225.jpg,1879,1879,0
21230.jpg,1879,1820,-59
21235.jpg,1879,1953,74
21240.jpg,1879,1860,-19
21245.jpg,1879,1867,-12
21250.jpg,1879,1910,31
21255.jpg,1879,1908,29
21260.jpg,1879,1852,-27
21265.jpg,1879,1877,-2
21270.jpg,1879,1910,31
21275.jpg,1879,1900,21
21280.jpg,1879,1850,-29
21285.jpg,1879,1915,36
21290.jpg,1879,1880,1
21295.jpg,1879,1910,31
21300.jpg,1879,1910,31
21305.jpg,1879,1860,-19
21310.jpg,1879,1910,31
21315.jpg,1879,1875,-4
21320.jpg,1879,1890,11
21325.jpg,1879,1850,-29
21330.jpg,1879,1997,118
21335.jpg,1879,1875,-4
21340.jpg,1879,1920,41
21350.jpg,1879,1774,-105
21355.jpg,1879,1990,111
21360.jpg,1879,1920,41
21365.jpg,1879,-1,-1880
21370.jpg,1879,1865,-14
21375.jpg,1880,1840,-40
21380.jpg,1880,19,-1861
21385.jpg,1880,1870,-10
21390.jpg,1880,1913,33
21395.jpg,1880,1925,45
21400.jpg,1880,1917,37
21405.jpg,1880,1,-1879
21410.jpg,1880,1878,-2
21415.jpg,1880,1914,34
21420.jpg,1880,1910,30
21425.jpg,1880,1884,4
21430.jpg,1880,1830,-50
21435.jpg,1880,1891,11
21440.jpg,1880,1907,27
21445.jpg,1880,1891,11
21450.jpg,1880,1750,-130
21455.jpg,1880,1852,-28
21460.jpg,1880,1889,9
21465.jpg,1880,1910,30
21470.jpg,1880,1720,-160
21475.jpg,1880,1880,0
21480.jpg,1880,2011,131
21485.jpg,1880,1868,-12
21490.jpg,1880,1850,-30
21495.jpg,1880,1798,-82
21500.jpg,1880,1856,-24
21505.jpg,1880,2017,137
21510.jpg,1880,1885,5
21515.jpg,1880,1855,-25
21520.jpg,1880,2011,131
21530.jpg,1880,1971,91
21535.jpg,1880,1910,30
21540.jpg,1880,1900,20
21545.jpg,1880,1965,85
21550.jpg,1880,1923,43
21555.jpg,1880,1900,20
21560.jpg,1880,1910,30
21565.jpg,1880,1910,30
21570.jpg,1880,1800,-80
21575.jpg,1880,1940,60
21580.jpg,1880,1906,26
21585.jpg,1880,1980,100
21590.jpg,1880,1725,-155
21595.jpg,1880,1892,12
21600.jpg,1880,1970,90
21605.jpg,1880,1910,30
21610.jpg,1880,1858,-22
21615.jpg,1880,1840,-40
21620.jpg,1880,1870,-10
21625.jpg,1880,1870,-10
21630.jpg,1880,1906,26
21635.jpg,1880,1830,-50
21640.jpg,1880,1890,10
21645.jpg,1880,1970,90
21650.jpg,1880,1990,110
21655.jpg,1880,1910,30
21660.jpg,1880,1900,20
21665.jpg,1880,2017,137
21670.jpg,1880,1840,-40
21675.jpg,1880,1903,23
21680.jpg,1880,1910,30
21685.jpg,1880,1886,6
21690.jpg,1880,1910,30
21695.jpg,1880,1865,-15
21700.jpg,1880,1880,0
21705.jpg,1880,1900,20
21710.jpg,1881,1994,113
21715.jpg,1881,1889,8
21720.jpg,1881,1960,79
21725.jpg,1881,1850,-31
21730.jpg,1881,1970,89
21735.jpg,1881,1994,113
21740.jpg,1881,1875,-6
21745.jpg,1881,1851,-30
21750.jpg,1881,1878,-3
21755.jpg,1881,1997,116
21760.jpg,1881,1810,-71
21770.jpg,1881,1925,44
21775.jpg,1881,1874,-7
21780.jpg,1881,1911,30
21785.jpg,1881,1913,32
21790.jpg,1881,1872,-9
21795.jpg,1881,1930,49
21800.jpg,1881,19,-1862
21805.jpg,1881,2017,136
21810.jpg,1881,1970,89
21815.jpg,1881,1895,14
21820.jpg,1881,18,-1863
21825.jpg,1881,1865,-16
21830.jpg,1881,1850,-31
21835.jpg,1881,1890,9
21840.jpg,1881,1870,-11
21845.jpg,1881,20,-1861
21850.jpg,1881,1880,-1
21855.jpg,1881,1940,59
21860.jpg,1881,1980,99
21865.jpg,1881,1890,9
21870.jpg,1881,1832,-49
21875.jpg,1881,1902,21
21880.jpg,1881,1851,-30
21885.jpg,1881,2006,125
21890.jpg,1881,1990,109
21895.jpg,1881,1980,99
21900.jpg,1881,1910,29
21905.jpg,1881,1950,69
21910.jpg,1881,1892,11
21915.jpg,1881,1800,-81
21920.jpg,1881,1910,29
21925.jpg,1881,1890,9
21930.jpg,1881,1870,-11
21940.jpg,1881,1860,-21
21945.jpg,1882,1690,-192
21950.jpg,1882,1960,78
21955.jpg,1882,1876,-6
21960.jpg,1882,1814,-68
21965.jpg,1882,1905,23
21970.jpg,1882,1911,29
21975.jpg,1882,1870,-12
21980.jpg,1882,20,-1862
21985.jpg,1882,2016,134
21990.jpg,1882,1871,-11
21995.jpg,1882,1900,18
22000.jpg,1882,1900,18
22005.jpg,1882,1910,28
22010.jpg,1882,1930,48
22015.jpg,1882,1,-1881
22020.jpg,1882,1967,85
22025.jpg,1882,1910,28
22030.jpg,1882,1800,-82
22035.jpg,1882,1820,-62
22040.jpg,1882,1900,18
22045.jpg,1882,19,-1863
22050.jpg,1882,1964,82
22055.jpg,1882,1852,-30
22060.jpg,1882,1852,-30
22065.jpg,1882,1853,-29
22070.jpg,1882,2015,133
22075.jpg,1882,1870,-12
22080.jpg,1882,1900,18
22085.jpg,1882,1990,108
22090.jpg,1882,1880,-2
22095.jpg,1882,1880,-2
22100.jpg,1882,1950,68
22105.jpg,1882,1882,0
22110.jpg,1882,1925,43
22115.jpg,1882,1910,28
22120.jpg,1882,1830,-52
22125.jpg,1882,1870,-12
22130.jpg,1882,1896,14
22135.jpg,1882,1852,-30
22140.jpg,1882,1368,-514
22145.jpg,1882,1957,75
22150.jpg,1882,1915,33
22155.jpg,1882,2012,130
22160.jpg,1882,2000,118
22165.jpg,1882,1961,79
22170.jpg,1882,1869,-13
22175.jpg,1882,1871,-11
22180.jpg,1882,1916,34
22185.jpg,1882,1914,32
22190.jpg,1882,1935,53
22195.jpg,1882,1857,-25
22200.jpg,1882,1907,25
22205.jpg,1882,1910,28
22210.jpg,1882,1859,-23
22215.jpg,1883,1978,95
22220.jpg,1883,1970,87
22225.jpg,1883,1928,45
22230.jpg,1883,1911,28
22235.jpg,1883,1780,-103
22240.jpg,1883,1830,-53
22245.jpg,1883,1910,27
22250.jpg,1883,1892,9
22255.jpg,1883,1860,-23
22260.jpg,1883,1856,-27
22265.jpg,1883,20,-1863
22270.jpg,1883,1970,87
22275.jpg,1883,18,-1865
22280.jpg,1883,1578,-305
22285.jpg,1883,1899,16
22290.jpg,1883,1878,-5
22295.jpg,1883,18,-1865
22300.jpg,1883,1876,-7
22305.jpg,1883,1930,47
22310.jpg,1883,19,-1864
22315.jpg,1883,1910,27
22320.jpg,1883,1880,-3
22325.jpg,1883,1920,37
22330.jpg,1883,1910,27
22335.jpg,1883,1910,27
22340.jpg,1883,1870,-13
22345.jpg,1883,1880,-3
22350.jpg,1883,1820,-63
22355.jpg,1883,1920,37
22360.jpg,1883,1867,-16
22365.jpg,1883,19,-1864
22370.jpg,1883,1920,37
22375.jpg,1883,2001,118
22380.jpg,1883,1903,20
22385.jpg,1883,1888,5
22390.jpg,1883,1960,77
22395.jpg,1883,1820,-63
22400.jpg,1883,1890,7
22405.jpg,1883,1910,27
22410.jpg,1883,1905,22
22415.jpg,1883,1886,3
22420.jpg,1883,1911,28
22425.jpg,1883,1873,-10
22430.jpg,1883,1905,22
22435.jpg,1883,1986,103
22440.jpg,1883,1885,2
22445.jpg,1883,1910,27
22450.jpg,1883,1,-1882
22455.jpg,1883,1910,27
22460.jpg,1883,1928,45
22465.jpg,1883,2019,136
22470.jpg,1883,1894,11
22475.jpg,1883,1930,47
22485.jpg,1883,1903,20
22490.jpg,1883,1940,57
22495.jpg,1883,1895,12
22500.jpg,1883,1850,-33
22505.jpg,1883,1876,-7
22510.jpg,1884,1874,-10
22515.jpg,1884,1840,-44
22520.jpg,1884,1911,27
22525.jpg,1884,1881,-3
22530.jpg,1884,1910,26
22535.jpg,1884,1913,29
22540.jpg,1884,1860,-24
22545.jpg,1884,1908,24
22550.jpg,1884,1930,46
22555.jpg,1884,2008,124
22560.jpg,1884,1910,26
22565.jpg,1884,1851,-33
22570.jpg,1884,1880,-4
22575.jpg,1884,1940,56
22580.jpg,1884,1970,86
22585.jpg,1884,1875,-9
22590.jpg,1884,1885,1
22595.jpg,1884,1962,78
22600.jpg,1884,1869,-15
22605.jpg,1884,1910,26
22610.jpg,1884,1908,24
22615.jpg,1884,1880,-4
22620.jpg,1884,1907,23
22625.jpg,1884,1869,-15
22630.jpg,1884,1867,-17
22635.jpg,1884,1665,-219
22640.jpg,1884,1888,4
22645.jpg,1884,1900,16
22650.jpg,1884,1850,-34
22655.jpg,1884,1950,66
22665.jpg,1884,19,-1865
22670.jpg,1884,1856,-28
22675.jpg,1884,1888,4
22680.jpg,1884,1850,-34
22685.jpg,1884,1856,-28
22690.jpg,1884,1860,-24
22695.jpg,1884,1815,-69
22700.jpg,1884,1840,-44
22705.jpg,1884,1890,6
22710.jpg,1884,2016,132
22715.jpg,1884,1910,26
22720.jpg,1884,1894,10
22730.jpg,1884,1800,-84
22735.jpg,1884,1485,-399
22740.jpg,1884,2021,137
22745.jpg,1884,1911,27
22750.jpg,1884,1875,-9
22755.jpg,1884,1806,-78
22760.jpg,1884,1929,45
22765.jpg,1884,1930,46
22770.jpg,1884,1875,-9
22775.jpg,1884,1892,8
22780.jpg,1885,1903,18
22785.jpg,1885,1922,37
22790.jpg,1885,1892,7
22795.jpg,1885,1855,-30
22800.jpg,1885,1867,-18
22805.jpg,1885,1871,-14
22810.jpg,1885,1877,-8
22815.jpg,1885,1899,14
22820.jpg,1885,1800,-85
22825.jpg,1885,1980,95
22830.jpg,1885,1783,-102
22835.jpg,1885,1912,27
22840.jpg,1885,1865,-20
22850.jpg,1885,1980,95
22855.jpg,1885,1902,17
22860.jpg,1885,1911,26
22865.jpg,1885,1920,35
22870.jpg,1885,1870,-15
22875.jpg,1885,1896,11
22880.jpg,1885,1870,-15
22885.jpg,1885,1925,40
22890.jpg,1885,1930,45
22895.jpg,1885,1880,-5
22900.jpg,1885,1990,105
22905.jpg,1885,1890,5
22910.jpg,1885,1911,26
22915.jpg,1885,1910,25
22920.jpg,1885,1675,-210
22925.jpg,1885,1901,16
22930.jpg,1885,1893,8
22935.jpg,1885,1850,-35
22940.jpg,1885,1892,7
22945.jpg,1885,1871,-14
22950.jpg,1885,1845,-40
22955.jpg,1885,1875,-10
22960.jpg,1885,1932,47
22965.jpg,1885,1870,-15
22970.jpg,1885,1862,-23
22975.jpg,1885,1880,-5
22980.jpg,1885,1900,15
22985.jpg,1885,1810,-75
22990.jpg,1885,1910,25
22995.jpg,1885,1800,-85
23000.jpg,1885,1840,-45
23005.jpg,1885,1930,45
23015.jpg,1885,1820,-65
23020.jpg,1885,1875,-10
23025.jpg,1885,1820,-65
23030.jpg,1885,1970,85
23035.jpg,1885,1915,30
23040.jpg,1885,1867,-18
23045.jpg,1885,1870,-15
23050.jpg,1885,1966,81
23055.jpg,1885,1932,47
23060.jpg,1885,1867,-18
23065.jpg,1885,1925,40
23070.jpg,1885,1,-1884
23075.jpg,1885,1607,-278
23080.jpg,1885,1910,25
23085.jpg,1886,1865,-21
23090.jpg,1886,1901,15
23095.jpg,1886,1886,0
23100.jpg,1886,1853,-33
23105.jpg,1886,1925,39
23110.jpg,1886,1682,-204
23115.jpg,1886,1935,49
23120.jpg,1886,1830,-56
23125.jpg,1886,2018,132
23130.jpg,1886,1961,75
23135.jpg,1886,2019,133
23140.jpg,1886,1973,87
23145.jpg,1886,1950,64
23150.jpg,1886,1945,59
23155.jpg,1886,1917,31
23160.jpg,1886,1885,-1
23165.jpg,1886,1,-1885
23170.jpg,1886,1927,41
23175.jpg,1886,1850,-36
23180.jpg,1886,-1,-1887
23185.jpg,1886,1965,79
23190.jpg,1886,1935,49
23195.jpg,1886,1900,14
23200.jpg,1886,1900,14
23205.jpg,1886,1855,-31
23210.jpg,1886,1991,105
23215.jpg,1886,1,-1885
23220.jpg,1886,1906,20
23225.jpg,1886,2018,132
23230.jpg,1886,1862,-24
23235.jpg,1886,1872,-14
23240.jpg,1886,1897,11
23245.jpg,1886,1872,-14
23250.jpg,1886,1940,54
23255.jpg,1886,1826,-60
23260.jpg,1886,1907,21
23265.jpg,1886,1910,24
23275.jpg,1886,1918,32
23280.jpg,1886,1910,24
23285.jpg,1886,1880,-6
23290.jpg,1886,1970,84
23295.jpg,1886,1900,14
23300.jpg,1886,1910,24
23305.jpg,1886,1854,-32
23310.jpg,1886,1890,4
23315.jpg,1886,1920,34
23320.jpg,1886,1970,84
23325.jpg,1886,1910,24
23330.jpg,1886,1810,-76
23335.jpg,1886,1910,24
23340.jpg,1886,1910,24
23345.jpg,1886,1873,-13
23350.jpg,1886,1886,0
23355.jpg,1886,1899,13
23365.jpg,1886,1956,70
23370.jpg,1886,1778,-108
23375.jpg,1887,1920,33
23380.jpg,1887,1952,65
23385.jpg,1887,1925,38
23390.jpg,1887,1928,41
23395.jpg,1887,1881,-6
23400.jpg,1887,1864,-23
23410.jpg,1887,2013,126
23415.jpg,1887,1,-1886
23420.jpg,1887,1910,23
23425.jpg,1887,1865,-22
23430.jpg,1887,1907,20
23440.jpg,1887,1926,39
23445.jpg,1887,1906,19
23450.jpg,1887,1820,-67
23460.jpg,1887,1909,22
23465.jpg,1887,1830,-57
23470.jpg,1887,1910,23
23475.jpg,1887,1892,5
23480.jpg,1887,1890,3
23485.jpg,1887,1926,39
23490.jpg,1887,1920,33
23495.jpg,1887,1903,16
23500.jpg,1887,1910,23
23505.jpg,1887,1890,3
23510.jpg,1887,1920,33
23515.jpg,1887,1920,33
23520.jpg,1887,1878,-9
23525.jpg,1887,1890,3
23535.jpg,1887,1922,35
23540.jpg,1887,1870,-17
23545.jpg,1887,1907,20
23550.jpg,1887,1660,-227
23555.jpg,1887,1920,33
23560.jpg,1887,1916,29
23565.jpg,1887,1860,-27
23570.jpg,1887,1877,-10
23575.jpg,1887,1915,28
23580.jpg,1887,1896,9
23585.jpg,1887,1902,15
23590.jpg,1887,1950,63
23595.jpg,1887,19,-1868
23600.jpg,1887,1864,-23
23605.jpg,1887,1880,-7
23610.jpg,1887,1970,83
23615.jpg,1887,1952,65
23620.jpg,1887,1910,23
23625.jpg,1887,1799,-88
23630.jpg,1887,1860,-27
23635.jpg,1887,1859,-28
23640.jpg,1887,1983,96
23645.jpg,1887,1903,16
23650.jpg,1887,1852,-35
23660.jpg,1887,1910,23
23665.jpg,1887,1880,-7
23670.jpg,1887,1870,-17
23675.jpg,1887,1917,30
23680.jpg,1887,1963,76
23690.jpg,1887,1910,23
23695.jpg,1887,1887,0
23700.jpg,1888,1883,-5
23705.jpg,1888,1910,22
23710.jpg,1888,1880,-8
23715.jpg,1888,1902,14
23720.jpg,1888,2016,128
23725.jpg,1888,1820,-68
23730.jpg,1888,19,-1869
23735.jpg,1888,1970,82
23740.jpg,1888,1910,22
23745.jpg,1888,1890,2
23750.jpg,1888,1969,81
23755.jpg,1888,-1,-1889
23760.jpg,1888,1675,-213
23765.jpg,1888,1935,47
23770.jpg,1888,1890,2
23775.jpg,1888,-1,-1889
23790.jpg,1888,1920,32
23795.jpg,1888,1935,47
23800.jpg,1888,1915,27
23805.jpg,1888,1895,7
23810.jpg,1888,1880,-8
23815.jpg,1888,1900,12
23820.jpg,1888,1880,-8
23825.jpg,1888,1930,42
23830.jpg,1888,1865,-23
23835.jpg,1888,1900,12
23840.jpg,1888,1860,-28
23850.jpg,1888,1890,2
23855.jpg,1888,1970,82
23860.jpg,1888,1910,22
23865.jpg,1888,1880,-8
23870.jpg,1888,1826,-62
23875.jpg,1888,1925,37
23880.jpg,1888,1910,22
23885.jpg,1888,1891,3
23890.jpg,1888,1900,12
23895.jpg,1888,1890,2
23900.jpg,1888,1890,2
23905.jpg,1888,1861,-27
23910.jpg,1888,1928,40
23915.jpg,1888,1890,2
23920.jpg,1888,1853,-35
23925.jpg,1888,1865,-23
23930.jpg,1888,1880,-8
23935.jpg,1888,1920,32
23940.jpg,1888,1839,-49
23945.jpg,1888,1880,-8
23950.jpg,1888,1865,-23
23955.jpg,1888,1910,22
23960.jpg,1888,1909,21
23965.jpg,1888,1789,-99
23970.jpg,1888,1907,19
23975.jpg,1888,1914,26
23980.jpg,1888,19,-1869
23985.jpg,1888,1916,28
23990.jpg,1888,1785,-103
23995.jpg,1888,1925,37
24000.jpg,1888,1893,5
24005.jpg,1888,1940,52
24010.jpg,1888,1860,-28
24015.jpg,1888,1910,22
24020.jpg,1888,1980,92
24025.jpg,1888,1850,-38
24030.jpg,1888,1870,-18
24035.jpg,1888,1820,-68
24040.jpg,1888,1964,76
24050.jpg,1889,-1,-1890
24055.jpg,1889,1867,-22
24060.jpg,1889,1500,-389
24065.jpg,1889,1883,-6
24070.jpg,1889,19,-1870
24075.jpg,1889,1975,86
24080.jpg,1889,1910,21
24085.jpg,1889,1910,21
24090.jpg,1889,1890,1
24095.jpg,1889,1875,-14
24105.jpg,1889,1920,31
24110.jpg,1889,1887,-2
24115.jpg,1889,1958,69
24120.jpg,1889,1940,51
24125.jpg,1889,2017,128
24130.jpg,1889,1936,47
24135.jpg,1889,1851,-38
24140.jpg,1889,1910,21
24145.jpg,1889,1902,13
24150.jpg,1889,1958,69
24155.jpg,1889,1892,3
24160.jpg,1889,1920,31
24165.jpg,1889,1894,5
24170.jpg,1889,1925,36
24175.jpg,1889,1970,81
24180.jpg,1889,1880,-9
24185.jpg,1889,1907,18
24190.jpg,1889,2002,113
24195.jpg,1889,1867,-22
24200.jpg,1889,1970,81
24205.jpg,1889,1915,26
24210.jpg,1889,1900,11
24215.jpg,1889,1850,-39
24220.jpg,1889,1870,-19
24225.jpg,1889,1860,-29
24230.jpg,1889,1867,-22
24235.jpg,1889,1684,-205
24240.jpg,1889,1896,7
24245.jpg,1889,1938,49
24250.jpg,1889,1907,18
24255.jpg,1889,1928,39
24260.jpg,1889,1874,-15
24265.jpg,1889,1903,14
24270.jpg,1889,1873,-16
24275.jpg,1889,1993,104
24280.jpg,1889,1910,21
24285.jpg,1889,1930,41
24290.jpg,1889,1905,16
24295.jpg,1889,1820,-69
24300.jpg,1889,1930,41
24310.jpg,1889,1852,-37
24315.jpg,1889,1896,7
24320.jpg,1889,1448,-441
24330.jpg,1889,1825,-64
24335.jpg,1889,1970,81
24340.jpg,1889,1901,12
24345.jpg,1889,1930,41
24350.jpg,1889,1878,-11
24355.jpg,1889,1910,21
24360.jpg,1889,2010,121
24365.jpg,1889,1890,1
24370.jpg,1889,1860,-29
24375.jpg,1889,1862,-27
24380.jpg,1889,1937,48
24385.jpg,1889,1870,-19
24390.jpg,1889,1918,29
24395.jpg,1890,1464,-426
24400.jpg,1890,1940,50
24405.jpg,1890,1950,60
24410.jpg,1890,1860,-30
24415.jpg,1890,1891,1
24420.jpg,1890,1854,-36
24425.jpg,1890,1910,20
24430.jpg,1890,1881,-9
24435.jpg,1890,1911,21
24440.jpg,1890,1909,19
24445.jpg,1890,1961,71
24450.jpg,1890,1860,-30
24455.jpg,1890,1875,-15
24460.jpg,1890,1900,10
24465.jpg,1890,1906,16
24470.jpg,1890,2000,110
24475.jpg,1890,1910,20
24480.jpg,1890,1956,66
24485.jpg,1890,1970,80
24490.jpg,1890,1761,-129
24495.jpg,1890,1875,-15
24500.jpg,1890,1898,8
24505.jpg,1890,1945,55
24510.jpg,1890,1941,51
24515.jpg,1890,1930,40
24520.jpg,1890,1890,0
24525.jpg,1890,1980,90
24535.jpg,1890,1910,20
24540.jpg,1890,1910,20
24545.jpg,1890,1955,65
24550.jpg,1890,1898,8
24555.jpg,1890,1908,18
24560.jpg,1890,20,-1870
24565.jpg,1890,1950,60
24570.jpg,1890,1900,10
24575.jpg,1890,1970,80
24580.jpg,1890,1915,25
24585.jpg,1890,1910,20
24590.jpg,1890,1858,-32
24595.jpg,1890,1800,-90
24600.jpg,1890,1820,-70
24605.jpg,1890,1878,-12
24610.jpg,1890,1930,40
24615.jpg,1890,1870,-20
24620.jpg,1890,1950,60
24625.jpg,1890,1870,-20
24630.jpg,1890,1830,-60
24635.jpg,1890,1900,10
24640.jpg,1890,1,-1889
24645.jpg,1890,1840,-50
24650.jpg,1890,1910,20
24655.jpg,1890,1800,-90
24660.jpg,1890,1910,20
24665.jpg,1890,1860,-30
24670.jpg,1890,1910,20
24675.jpg,1890,1878,-12
24680.jpg,1890,1920,30
24685.jpg,1890,1914,24
24690.jpg,1890,1850,-40
24695.jpg,1890,1910,20
24700.jpg,1890,1910,20
24705.jpg,1890,2018,128
24710.jpg,1890,1970,80
24715.jpg,1890,1850,-40
24720.jpg,1890,1907,17
24725.jpg,1890,1830,-60
24730.jpg,1890,1910,20
24735.jpg,1890,1890,0
24740.jpg,1890,1959,69
24745.jpg,1890,1940,50
24750.jpg,1890,1926,36
24755.jpg,1890,1910,20
24760.jpg,1890,1880,-10
24765.jpg,1890,1996,106
24770.jpg,1890,1929,39
24775.jpg,1891,1890,-1
24780.jpg,1891,1900,9
24785.jpg,1891,1909,18
24790.jpg,1891,1855,-36
24795.jpg,1891,1880,-11
24800.jpg,1891,1896,5
24805.jpg,1891,1925,34
24810.jpg,1891,1910,19
24815.jpg,1891,2003,112
24820.jpg,1891,2016,125
24825.jpg,1891,1910,19
24830.jpg,1891,1900,9
24835.jpg,1891,1950,59
24840.jpg,1891,1910,19
24845.jpg,1891,1903,12
24850.jpg,1891,1920,29
24855.jpg,1891,2019,128
24860.jpg,1891,1871,-20
24865.jpg,1891,1760,-131
24870.jpg,1891,1876,-15
24875.jpg,1891,1960,69
24880.jpg,1891,1920,29
24885.jpg,1891,1895,4
24890.jpg,1891,1840,-51
24895.jpg,1891,1884,-7
24900.jpg,1891,1860,-31
24905.jpg,1891,1907,16
24910.jpg,1891,1910,19
24915.jpg,1891,1882,-9
24920.jpg,1891,2010,119
24925.jpg,1891,1892,1
24930.jpg,1891,1850,-41
24935.jpg,1891,1899,8
24940.jpg,1891,1852,-39
24945.jpg,1891,1650,-241
24950.jpg,1891,1880,-11
24955.jpg,1891,1850,-41
24960.jpg,1891,1900,9
24965.jpg,1891,1910,19
24970.jpg,1891,1917,26
24975.jpg,1891,1860,-31
24980.jpg,1891,1871,-20
24985.jpg,1891,1880,-11
24990.jpg,1891,1910,19
24995.jpg,1891,1878,-13
25000.jpg,1891,1870,-21
25005.jpg,1891,1861,-30
25010.jpg,1891,1880,-11
25015.jpg,1891,1986,95
25020.jpg,1891,1983,92
25025.jpg,1891,1989,98
25030.jpg,1891,1857,-34
25035.jpg,1891,1454,-437
25040.jpg,1891,1879,-12
25045.jpg,1891,1930,39
25050.jpg,1891,1930,39
25055.jpg,1891,1922,31
25060.jpg,1891,1929,38
25065.jpg,1891,1903,12
25070.jpg,1891,1907,16
25075.jpg,1891,1915,24
25080.jpg,1891,1890,-1
25085.jpg,1891,1880,-11
25090.jpg,1891,19,-1872
25095.jpg,1892,1928,36
25100.jpg,1892,2016,124
25105.jpg,1892,2018,126
25115.jpg,1892,1916,24
25120.jpg,1892,1970,78
25125.jpg,1892,1930,38
25130.jpg,1892,1858,-34
25135.jpg,1892,2022,130
25140.jpg,1892,1811,-81
25145.jpg,1892,1910,18
25150.jpg,1892,2019,127
25155.jpg,1892,1910,18
25160.jpg,1892,2010,118
25165.jpg,1892,1870,-22
25170.jpg,1892,1914,22
25175.jpg,1892,1876,-16
25180.jpg,1892,2003,111
25185.jpg,1892,1960,68
25190.jpg,1892,1822,-70
25195.jpg,1892,1926,34
25205.jpg,1892,1970,78
25210.jpg,1892,1902,10
25215.jpg,1892,1915,23
25220.jpg,1892,1890,-2
25225.jpg,1892,1820,-72
25230.jpg,1892,1930,38
25235.jpg,1892,1880,-12
25240.jpg,1892,1896,4
25245.jpg,1892,1885,-7
25250.jpg,1892,1910,18
25255.jpg,1892,1970,78
25260.jpg,1892,1930,38
25265.jpg,1892,1854,-38
25270.jpg,1892,1910,18
25275.jpg,1892,1900,8
25280.jpg,1892,1900,8
25285.jpg,1892,1910,18
25290.jpg,1892,1880,-12
25295.jpg,1892,1902,10
25300.jpg,1892,2018,126
25305.jpg,1892,1940,48
25310.jpg,1892,1890,-2
25315.jpg,1892,1890,-2
25320.jpg,1892,1858,-34
25325.jpg,1892,1740,-152
25330.jpg,1892,1860,-32
25335.jpg,1892,1,-1891
25340.jpg,1892,1890,-2
25345.jpg,1892,1913,21
25350.jpg,1892,1870,-22
25355.jpg,1892,1910,18
25360.jpg,1892,1940,48
25365.jpg,1892,1890,-2
25370.jpg,1892,1890,-2
25375.jpg,1892,1870,-22
25380.jpg,1892,1918,26
25385.jpg,1892,1900,8
25390.jpg,1892,1910,18
25395.jpg,1892,2008,116
25400.jpg,1892,1962,70
25405.jpg,1892,1923,31
25410.jpg,1892,19,-1873
25415.jpg,1892,1820,-72
25420.jpg,1892,19,-1873
25425.jpg,1892,1930,38
25430.jpg,1892,1878,-14
25435.jpg,1892,1884,-8
25440.jpg,1892,1999,107
25445.jpg,1892,1890,-2
25450.jpg,1892,1970,78
25455.jpg,1892,1880,-12
25460.jpg,1892,1952,60
25465.jpg,1893,1664,-229
25470.jpg,1893,1896,3
25475.jpg,1893,1888,-5
25480.jpg,1893,1945,52
25490.jpg,1893,1790,-103
25495.jpg,1893,1822,-71
25500.jpg,1893,1859,-34
25505.jpg,1893,1867,-26
25510.jpg,1893,1950,57
25515.jpg,1893,1910,17
25520.jpg,1893,1910,17
25525.jpg,1893,1898,5
25530.jpg,1893,1920,27
25535.jpg,1893,1900,7
25540.jpg,1893,1903,10
25545.jpg,1893,1969,76
25555.jpg,1893,1891,-2
25560.jpg,1893,1872,-21
25565.jpg,1893,1820,-73
25570.jpg,1893,1925,32
25575.jpg,1893,1853,-40
25580.jpg,1893,1955,62
25585.jpg,1893,1910,17
25590.jpg,1893,1929,36
25595.jpg,1893,1910,17
25600.jpg,1893,1923,30
25605.jpg,1893,1910,17
25610.jpg,1893,1915,22
25615.jpg,1893,1910,17
25620.jpg,1893,1890,-3
25625.jpg,1893,1922,29
25630.jpg,1893,1920,27
25635.jpg,1893,1914,21
25640.jpg,1893,1940,47
25645.jpg,1893,1921,28
25650.jpg,1893,1920,27
25655.jpg,1893,1883,-10
25660.jpg,1893,1900,7
25665.jpg,1893,1852,-41
25670.jpg,1893,1889,-4
25675.jpg,1893,1867,-26
25680.jpg,1893,2017,124
25685.jpg,1893,1899,6
25690.jpg,1893,1880,-13
25695.jpg,1893,1870,-23
25700.jpg,1893,1870,-23
25705.jpg,1893,2010,117
25710.jpg,1893,18,-1875
25715.jpg,1893,1882,-11
25720.jpg,1893,1930,37
25725.jpg,1893,1940,47
25730.jpg,1893,1898,5
25740.jpg,1893,1885,-8
25745.jpg,1893,1910,17
25750.jpg,1893,1800,-93
25755.jpg,1893,1900,7
25760.jpg,1893,1900,7
25765.jpg,1893,1887,-6
25770.jpg,1893,1910,17
25775.jpg,1893,1910,17
25780.jpg,1893,1910,17
25785.jpg,1893,1925,32
25795.jpg,1893,1869,-24
25800.jpg,1893,1910,17
25805.jpg,1894,1906,12
25810.jpg,1894,1853,-41
25815.jpg,1894,1911,17
25820.jpg,1894,1910,16
25825.jpg,1894,1910,16
25830.jpg,1894,1890,-4
25835.jpg,1894,1875,-19
25840.jpg,1894,1891,-3
25845.jpg,1894,1913,19
25850.jpg,1894,1904,10
25855.jpg,1894,1905,11
25860.jpg,1894,1,-1893
25865.jpg,1894,1851,-43
25870.jpg,1894,1890,-4
25875.jpg,1894,1960,66
25880.jpg,1894,1812,-82
25885.jpg,1894,1875,-19
25890.jpg,1894,1882,-12
25895.jpg,1894,1889,-5
25900.jpg,1894,20,-1874
25905.jpg,1894,1860,-34
25910.jpg,1894,1920,26
25915.jpg,1894,1,-1893
25920.jpg,1894,1851,-43
25925.jpg,1894,1880,-14
25930.jpg,1894,1910,16
25935.jpg,1894,1927,33
25940.jpg,1894,1867,-27
25945.jpg,1894,1852,-42
25950.jpg,1894,1930,36
25955.jpg,1894,1879,-15
25960.jpg,1894,1878,-16
25965.jpg,1894,1880,-14
25970.jpg,1894,1958,64
25975.jpg,1894,1890,-4
25980.jpg,1894,1910,16
25985.jpg,1894,1910,16
25990.jpg,1894,1950,56
25995.jpg,1894,1910,16
26000.jpg,1894,1920,26
26005.jpg,1894,1905,11
26010.jpg,1894,1890,-4
26015.jpg,1894,1902,8
26020.jpg,1894,2002,108
26025.jpg,1894,1854,-40
26030.jpg,1894,19,-1875
26035.jpg,1894,1880,-14
26040.jpg,1894,1925,31
26045.jpg,1894,1870,-24
26050.jpg,1894,1865,-29
26055.jpg,1894,1910,16
26060.jpg,1894,1915,21
26065.jpg,1894,1910,16
26070.jpg,1894,2000,106
26075.jpg,1894,1916,22
26085.jpg,1894,1920,26
26090.jpg,1894,1940,46
26095.jpg,1894,1939,45
26100.jpg,1894,1900,6
26105.jpg,1894,9,-1885
26110.jpg,1894,1856,-38
26115.jpg,1894,1829,-65
26120.jpg,1894,1924,30
26125.jpg,1895,1989,94
26130.jpg,1895,2015,120
26135.jpg,1895,1896,1
26140.jpg,1895,1851,-44
26145.jpg,1895,1880,-15
26150.jpg,1895,1970,75
26155.jpg,1895,1885,-10
26160.jpg,1895,1870,-25
26165.jpg,1895,1873,-22
26170.jpg,1895,1910,15
26175.jpg,1895,1959,64
26180.jpg,1895,2018,123
26185.jpg,1895,1900,5
26190.jpg,1895,1960,65
26195.jpg,1895,1859,-36
26200.jpg,1895,1991,96
26205.jpg,1895,1885,-10
26210.jpg,1895,2007,112
26215.jpg,1895,1957,62
26220.jpg,1895,1950,55
26225.jpg,1895,1930,35
26230.jpg,1895,1898,3
26235.jpg,1895,1965,70
26240.jpg,1895,20,-1875
26245.jpg,1895,1765,-130
26250.jpg,1895,1970,75
26255.jpg,1895,1872,-23
26260.jpg,1895,1880,-15
26265.jpg,1895,1970,75
26270.jpg,1895,1850,-45
26275.jpg,1895,1906,11
26280.jpg,1895,1835,-60
26285.jpg,1895,1890,-5
26290.jpg,1895,19,-1876
26295.jpg,1895,1980,85
26300.jpg,1895,1925,30
26305.jpg,1895,1872,-23
26310.jpg,1895,1890,-5
26315.jpg,1895,1,-1894
26320.jpg,1895,1884,-11
26325.jpg,1895,1860,-35
26330.jpg,1895,1930,35
26335.jpg,1895,1915,20
26340.jpg,1895,1800,-95
26345.jpg,1895,1920,25
26350.jpg,1895,1867,-28
26355.jpg,1895,1896,1
26360.jpg,1895,1910,15
26365.jpg,1895,1900,5
26370.jpg,1895,1890,-5
26375.jpg,1895,1860,-35
26380.jpg,1895,1852,-43
26385.jpg,1895,1820,-75
26390.jpg,1895,1865,-30
26395.jpg,1895,1907,12
26405.jpg,1895,1909,14
26410.jpg,1895,1877,-18
26415.jpg,1895,1891,-4
26420.jpg,1895,1909,14
26425.jpg,1895,1900,5
26430.jpg,1895,1936,41
26435.jpg,1895,1887,-8
26440.jpg,1895,1930,35
26445.jpg,1895,1882,-13
26450.jpg,1895,1926,31
26455.jpg,1895,1898,3
26460.jpg,1895,1780,-115
26465.jpg,1895,1851,-44
26470.jpg,1895,1869,-26
26475.jpg,1895,1880,-15
26480.jpg,1895,1764,-131
26485.jpg,1895,1851,-44
26490.jpg,1896,1899,3
26495.jpg,1896,1950,54
26500.jpg,1896,1890,-6
26505.jpg,1896,1,-1895
26510.jpg,1896,2010,114
26515.jpg,1896,1850,-46
26520.jpg,1896,1857,-39
26525.jpg,1896,1865,-31
26530.jpg,1896,2010,114
26535.jpg,1896,1970,74
26540.jpg,1896,1880,-16
26545.jpg,1896,1850,-46
26550.jpg,1896,1972,76
26555.jpg,1896,1965,69
26560.jpg,1896,1807,-89
26565.jpg,1896,1925,29
26570.jpg,1896,1900,4
26575.jpg,1896,1954,58
26580.jpg,1896,1975,79
26585.jpg,1896,1368,-528
26590.jpg,1896,1905,9
26595.jpg,1896,1850,-46
26600.jpg,1896,1986,90
26605.jpg,1896,1895,-1
26610.jpg,1896,1916,20
26620.jpg,1896,1867,-29
26625.jpg,1896,1855,-41
26630.jpg,1896,1878,-18
26635.jpg,1896,1930,34
26640.jpg,1896,1909,13
26645.jpg,1896,19,-1877
26650.jpg,1896,1897,1
26655.jpg,1896,19,-1877
26665.jpg,1896,1864,-32
26670.jpg,1896,1899,3
26675.jpg,1896,1000,-896
26680.jpg,1896,1920,24
26685.jpg,1896,1800,-96
26690.jpg,1896,1760,-136
26695.jpg,1896,1922,26
26700.jpg,1896,1871,-25
26705.jpg,1896,1875,-21
26710.jpg,1896,1800,-96
26715.jpg,1896,1890,-6
26720.jpg,1896,1950,54
26725.jpg,1896,1918,22
26730.jpg,1896,1904,8
26735.jpg,1896,1907,11
26740.jpg,1896,1854,-42
26745.jpg,1896,1851,-45
26750.jpg,1896,1848,-48
26760.jpg,1896,1824,-72
26765.jpg,1896,1911,15
26770.jpg,1896,1910,14
26775.jpg,1896,1930,34
26780.jpg,1896,1952,56
26785.jpg,1896,1890,-6
26790.jpg,1896,1899,3
26795.jpg,1896,1916,20
26800.jpg,1896,1973,77
26805.jpg,1896,1365,-531
26810.jpg,1896,1925,29
26815.jpg,1896,1901,5
26820.jpg,1896,1930,34
26825.jpg,1896,1920,24
26830.jpg,1896,1879,-17
26835.jpg,1896,1910,14
26840.jpg,1896,1900,4
26845.jpg,1897,1928,31
26850.jpg,1897,1883,-14
26855.jpg,1897,1865,-32
26860.jpg,1897,1900,3
26865.jpg,1897,1910,13
26870.jpg,1897,1859,-38
26875.jpg,1897,1878,-19
26880.jpg,1897,1898,1
26885.jpg,1897,1930,33
26890.jpg,1897,1874,-23
26895.jpg,1897,1915,18
26900.jpg,1897,1930,33
26910.jpg,1897,1930,33
26915.jpg,1897,1925,28
26920.jpg,1897,1755,-142
26925.jpg,1897,19,-1878
26930.jpg,1897,1910,13
26935.jpg,1897,1815,-82
26940.jpg,1897,1890,-7
26945.jpg,1897,1918,21
26950.jpg,1897,1880,-17
26955.jpg,1897,1890,-7
26960.jpg,1897,1910,13
26965.jpg,1897,1920,23
26970.jpg,1897,1860,-37
26975.jpg,1897,1930,33
26980.jpg,1897,1897,0
26985.jpg,1897,1872,-25
26990.jpg,1897,1882,-15
26995.jpg,1897,1800,-97
27000.jpg,1897,1860,-37
27005.jpg,1897,1884,-13
27010.jpg,1897,2012,115
27015.jpg,1897,18,-1879
27020.jpg,1897,1903,6
27025.jpg,1897,1945,48
27030.jpg,1897,1922,25
27035.jpg,1897,1957,60
27040.jpg,1897,1880,-17
27045.jpg,1897,1890,-7
27050.jpg,1897,1880,-17
27055.jpg,1897,1902,5
27060.jpg,1897,1930,33
27065.jpg,1897,1910,13
27070.jpg,1897,1908,11
27075.jpg,1897,1912,15
27080.jpg,1897,1870,-27
27085.jpg,1897,1910,13
27090.jpg,1897,1893,-4
27095.jpg,1897,1852,-45
27100.jpg,1897,1893,-4
27105.jpg,1897,1931,34
27110.jpg,1897,1665,-232
27115.jpg,1897,1930,33
27120.jpg,1897,1917,20
27125.jpg,1897,1897,0
27130.jpg,1897,2016,119
27135.jpg,1897,1870,-27
27140.jpg,1897,1870,-27
27145.jpg,1897,1880,-17
27150.jpg,1897,1798,-99
27155.jpg,1898,1907,9
27160.jpg,1898,1930,32
27165.jpg,1898,1900,2
27170.jpg,1898,1788,-110
27175.jpg,1898,1885,-13
27180.jpg,1898,1928,30
27185.jpg,1898,19,-1879
27190.jpg,1898,1872,-26
27195.jpg,1898,1975,77
27200.jpg,1898,2007,109
27205.jpg,1898,1916,18
27210.jpg,1898,1900,2
27215.jpg,1898,1970,72
27220.jpg,1898,1948,50
27225.jpg,1898,1930,32
27230.jpg,1898,1910,12
27235.jpg,1898,1912,14
27240.jpg,1898,1970,72
27245.jpg,1898,1928,30
27255.jpg,1898,1940,42
27260.jpg,1898,1890,-8
27265.jpg,1898,1880,-18
27270.jpg,1898,1882,-16
27275.jpg,1898,1866,-32
27280.jpg,1898,1,-1897
27285.jpg,1898,1880,-18
27290.jpg,1898,1820,-78
27295.jpg,1898,1920,22
27300.jpg,1898,1850,-48
27305.jpg,1898,1990,92
27310.jpg,1898,1920,22
27315.jpg,1898,1870,-28
27320.jpg,1898,1880,-18
27325.jpg,1898,1912,14
27330.jpg,1898,1912,14
27335.jpg,1898,1920,22
27340.jpg,1898,1910,12
27345.jpg,1898,1880,-18
27350.jpg,1898,1814,-84
27355.jpg,1898,1915,17
27360.jpg,1898,1800,-98
27365.jpg,1898,1860,-38
27370.jpg,1898,1960,62
27380.jpg,1898,1940,42
27385.jpg,1898,1815,-83
27390.jpg,1898,1997,99
27395.jpg,1898,1864,-34
27400.jpg,1898,1910,12
27405.jpg,1898,1930,32
27410.jpg,1898,1900,2
27415.jpg,1898,1810,-88
27420.jpg,1898,1910,12
27425.jpg,1898,19,-1879
27430.jpg,1898,1875,-23
27435.jpg,1898,1900,2
27440.jpg,1898,1885,-13
27445.jpg,1898,1920,22
27450.jpg,1898,1913,15
27455.jpg,1898,1980,82
27465.jpg,1898,1869,-29
27470.jpg,1898,1980,82
27475.jpg,1898,1891,-7
27480.jpg,1898,1932,34
27485.jpg,1898,1820,-78
27490.jpg,1898,1889,-9
27495.jpg,1898,1898,0
27500.jpg,1898,2018,120
27505.jpg,1898,1920,22
27510.jpg,1898,1760,-138
27515.jpg,1898,1880,-18
27520.jpg,1898,1896,-2
27525.jpg,1898,1930,32
27530.jpg,1898,1859,-39
27540.jpg,1899,1868,-31
27545.jpg,1899,1939,40
27550.jpg,1899,1870,-29
27555.jpg,1899,1820,-79
27560.jpg,1899,1915,16
27565.jpg,1899,1890,-9
27570.jpg,1899,1950,51
27575.jpg,1899,1900,1
27580.jpg,1899,1865,-34
27585.jpg,1899,1891,-8
27590.jpg,1899,1890,-9
27595.jpg,1899,1910,11
27600.jpg,1899,1859,-40
27605.jpg,1899,1990,91
27610.jpg,1899,1956,57
27615.jpg,1899,1899,0
27620.jpg,1899,1890,-9
27625.jpg,1899,1885,-14
27630.jpg,1899,1890,-9
27635.jpg,1899,1880,-19
27640.jpg,1899,1905,6
27645.jpg,1899,1950,51
27650.jpg,1899,1859,-40
27655.jpg,1899,1870,-29
27660.jpg,1899,1910,11
27665.jpg,1899,1880,-19
27670.jpg,1899,1800,-99
27675.jpg,1899,1790,-109
27680.jpg,1899,700,-1199
27685.jpg,1899,2003,104
27690.jpg,1899,2019,120
27695.jpg,1899,1860,-39
27700.jpg,1899,1910,11
27705.jpg,1899,1906,7
27715.jpg,1899,1967,68
27720.jpg,1899,1910,11
27725.jpg,1899,1880,-19
27730.jpg,1899,1986,87
27735.jpg,1899,1910,11
27740.jpg,1899,1,-1898
27745.jpg,1899,1930,31
27750.jpg,1899,1891,-8
27755.jpg,1899,1950,51
27760.jpg,1899,1870,-29
27765.jpg,1899,1930,31
27770.jpg,1899,1920,21
27775.jpg,1899,1855,-44
27780.jpg,1899,1932,33
27785.jpg,1899,1920,21
27790.jpg,1899,1800,-99
27795.jpg,1899,1760,-139
27800.jpg,1899,19,-1880
27805.jpg,1899,1800,-99
27810.jpg,1900,1550,-350
27815.jpg,1900,1910,10
27820.jpg,1900,1880,-20
27825.jpg,1900,1871,-29
27830.jpg,1900,1869,-31
27835.jpg,1900,2008,108
27840.jpg,1900,1901,1
27845.jpg,1900,1878,-22
27850.jpg,1900,1880,-20
27855.jpg,1900,1820,-80
27860.jpg,1900,1910,10
27865.jpg,1900,1866,-34
27870.jpg,1900,1923,23
27875.jpg,1900,1910,10
27880.jpg,1900,1910,10
27885.jpg,1900,1870,-30
27895.jpg,1900,1,-1899
27900.jpg,1900,1860,-40
27905.jpg,1900,1872,-28
27910.jpg,1900,1776,-124
27915.jpg,1900,1950,50
27920.jpg,1900,1977,77
27925.jpg,1900,1961,61
27930.jpg,1900,1924,24
27935.jpg,1900,1960,60
27940.jpg,1900,1966,66
27945.jpg,1900,1970,70
27950.jpg,1900,2007,107
27955.jpg,1900,2009,109
27960.jpg,1900,1865,-35
27965.jpg,1900,1929,29
27970.jpg,1900,1880,-20
27975.jpg,1900,1872,-28
27980.jpg,1900,1910,10
27985.jpg,1900,1910,10
27990.jpg,1900,1970,70
27995.jpg,1900,1935,35
28000.jpg,1900,1930,30
28005.jpg,1900,1890,-10
28010.jpg,1900,1915,15
28015.jpg,1900,1854,-46
28020.jpg,1900,1910,10
28025.jpg,1900,1850,-50
28030.jpg,1900,1910,10
28035.jpg,1900,1890,-10
28040.jpg,1900,1856,-44
28045.jpg,1900,1937,37
28050.jpg,1900,18,-1882
28055.jpg,1900,1830,-70
28060.jpg,1900,1900,0
28065.jpg,1900,1890,-10
28070.jpg,1900,1860,-40
28075.jpg,1900,1865,-35
28080.jpg,1900,2018,118
28085.jpg,1900,1815,-85
28090.jpg,1900,1912,12
28095.jpg,1900,1798,-102
28100.jpg,1900,1899,-1
28105.jpg,1900,1910,10
28110.jpg,1900,1915,15
28115.jpg,1900,1886,-14
28120.jpg,1900,1960,60
28125.jpg,1900,1909,9
28130.jpg,1900,1900,0
28135.jpg,1900,1990,90
28140.jpg,1900,1910,10
28145.jpg,1900,1558,-342
28150.jpg,1900,1901,1
28155.jpg,1900,1870,-30
28160.jpg,1900,20,-1880
28165.jpg,1900,1935,35
28170.jpg,1900,1900,0
28175.jpg,1900,1800,-100
28180.jpg,1901,1753,-148
28185.jpg,1901,1920,19
28190.jpg,1901,1850,-51
28195.jpg,1901,1912,11
28200.jpg,1901,1950,49
28205.jpg,1901,1700,-201
28210.jpg,1901,1910,9
28215.jpg,1901,1901,0
28220.jpg,1901,2013,112
28225.jpg,1901,1918,17
28230.jpg,1901,2004,103
28235.jpg,1901,1870,-31
28240.jpg,1901,1859,-42
28245.jpg,1901,1880,-21
28250.jpg,1901,1877,-24
28255.jpg,1901,1890,-11
28260.jpg,1901,1840,-61
28265.jpg,1901,1905,4
28270.jpg,1901,1930,29
28275.jpg,1901,1903,2
28280.jpg,1901,1910,9
28285.jpg,1901,2017,116
28290.jpg,1901,1930,29
28295.jpg,1901,1956,55
28300.jpg,1901,1908,7
28305.jpg,1901,1970,69
28310.jpg,1901,1896,-5
28315.jpg,1901,1875,-26
28320.jpg,1901,1860,-41
28325.jpg,1901,1910,9
28330.jpg,1901,1900,-1
28335.jpg,1901,1929,28
28340.jpg,1901,1910,9
28345.jpg,1901,1892,-9
28350.jpg,1901,1920,19
28355.jpg,1901,1910,9
28360.jpg,1901,2004,103
28365.jpg,1901,1890,-11
28370.jpg,1901,1839,-62
28375.jpg,1901,1900,-1
28380.jpg,1901,1890,-11
28385.jpg,1901,1915,14
28390.jpg,1901,1860,-41
28395.jpg,1901,1880,-21
28400.jpg,1901,1882,-19
28405.jpg,1901,2016,115
28410.jpg,1901,1465,-436
28415.jpg,1901,1890,-11
28420.jpg,1901,1880,-21
28425.jpg,1901,1930,29
28430.jpg,1901,1920,19
28435.jpg,1901,1880,-21
28440.jpg,1901,1911,10
28445.jpg,1901,1950,49
28450.jpg,1901,1,-1900
28455.jpg,1901,1890,-11
28460.jpg,1901,1908,7
28465.jpg,1901,1868,-33
28470.jpg,1901,1999,98
28475.jpg,1901,1868,-33
28480.jpg,1901,1957,56
28485.jpg,1901,1899,-2
28490.jpg,1901,1930,29
28495.jpg,1901,2007,106
28500.jpg,1901,19,-1882
28505.jpg,1901,1914,13
28510.jpg,1901,1852,-49
28515.jpg,1901,1898,-3
28520.jpg,1902,1900,-2
28525.jpg,1902,1892,-10
28530.jpg,1902,1880,-22
28535.jpg,1902,1931,29
28540.jpg,1902,1990,88
28545.jpg,1902,20,-1882
28550.jpg,1902,1985,83
28555.jpg,1902,1920,18
28560.jpg,1902,1935,33
28575.jpg,1902,1998,96
28580.jpg,1902,1910,8
28585.jpg,1902,1997,95
28590.jpg,1902,1912,10
28595.jpg,1902,1891,-11
28600.jpg,1902,1910,8
28605.jpg,1902,1865,-37
28610.jpg,1902,1910,8
28615.jpg,1902,1945,43
28620.jpg,1902,1920,18
28625.jpg,1902,1930,28
28630.jpg,1902,1920,18
28635.jpg,1902,1985,83
28640.jpg,1902,1920,18
28645.jpg,1902,1908,6
28650.jpg,1902,1889,-13
28655.jpg,1902,1819,-83
28660.jpg,1902,1970,68
28665.jpg,1902,1990,88
28670.jpg,1902,2011,109
28675.jpg,1902,1898,-4
28680.jpg,1902,2006,104
28685.jpg,1902,1890,-12
28690.jpg,1902,1914,12
28695.jpg,1902,1908,6
28700.jpg,1902,1895,-7
28705.jpg,1902,1913,11
28710.jpg,1902,1916,14
28715.jpg,1902,1857,-45
28720.jpg,1902,1850,-52
28725.jpg,1902,1927,25
28730.jpg,1902,1860,-42
28735.jpg,1902,1929,27
28740.jpg,1902,1900,-2
28745.jpg,1902,1970,68
28750.jpg,1902,1929,27
28755.jpg,1902,1905,3
28760.jpg,1902,1964,62
28765.jpg,1902,1780,-122
28770.jpg,1902,1860,-42
28775.jpg,1902,1910,8
28780.jpg,1902,1880,-22
28785.jpg,1902,1915,13
28790.jpg,1902,1840,-62
28795.jpg,1902,1867,-35
28800.jpg,1902,19,-1883
28805.jpg,1902,1860,-42
28810.jpg,1902,1820,-82
28815.jpg,1902,1930,28
28820.jpg,1902,1865,-37
28825.jpg,1902,19,-1883
28830.jpg,1902,1915,13
28835.jpg,1902,1898,-4
28840.jpg,1902,1970,68
28845.jpg,1902,1950,48
28850.jpg,1902,1932,30
28855.jpg,1902,1872,-30
28860.jpg,1902,1950,48
28865.jpg,1902,1900,-2
28870.jpg,1902,1929,27
28875.jpg,1902,2002,100
28880.jpg,1902,1897,-5
28885.jpg,1902,1825,-77
28890.jpg,1902,1900,-2
28895.jpg,1902,1920,18
28900.jpg,1902,1922,20
28905.jpg,1902,1936,34
28910.jpg,1902,1927,25
28915.jpg,1902,1868,-34
28920.jpg,1903,1772,-131
28925.jpg,1903,1892,-11
28930.jpg,1903,1916,13
28935.jpg,1903,1986,83
28940.jpg,1903,1910,7
28945.jpg,1903,1940,37
28955.jpg,1903,1917,14
28960.jpg,1903,1917,14
28965.jpg,1903,1870,-33
28970.jpg,1903,1915,12
28975.jpg,1903,1910,7
28980.jpg,1903,1888,-15
28985.jpg,1903,1922,19
28990.jpg,1903,1926,23
28995.jpg,1903,2006,103
29000.jpg,1903,1929,26
29005.jpg,1903,1900,-3
29010.jpg,1903,1906,3
29015.jpg,1903,1900,-3
29020.jpg,1903,1920,17
29025.jpg,1903,1920,17
29030.jpg,1903,1900,-3
29035.jpg,1903,1909,6
29040.jpg,1903,1900,-3
29045.jpg,1903,2002,99
29050.jpg,1903,2015,112
29055.jpg,1903,1920,17
29060.jpg,1903,1902,-1
29065.jpg,1903,1955,52
29070.jpg,1903,1909,6
29075.jpg,1903,2017,114
29080.jpg,1903,1955,52
29085.jpg,1903,1960,57
29090.jpg,1903,1791,-112
29095.jpg,1903,1950,47
29100.jpg,1903,1985,82
29105.jpg,1903,1874,-29
29110.jpg,1903,1930,27
29115.jpg,1903,1970,67
29120.jpg,1903,1852,-51
29125.jpg,1903,1913,10
29130.jpg,1903,1875,-28
29135.jpg,1903,1878,-25
29140.jpg,1903,1920,17
29145.jpg,1903,1920,17
29150.jpg,1903,1912,9
29155.jpg,1903,1880,-23
29160.jpg,1903,1871,-32
29165.jpg,1903,1910,7
29170.jpg,1903,1994,91
29175.jpg,1903,1848,-55
29180.jpg,1903,1925,22
29185.jpg,1903,1940,37
29190.jpg,1903,1935,32
29195.jpg,1903,1910,7
29200.jpg,1903,1915,12
29205.jpg,1903,1933,30
29210.jpg,1903,1590,-313
29215.jpg,1903,1890,-13
29220.jpg,1903,1910,7
29225.jpg,1903,2007,104
29230.jpg,1903,1869,-34
29235.jpg,1903,1892,-11
29240.jpg,1903,1950,47
29245.jpg,1903,1897,-6
29250.jpg,1903,1939,36
29255.jpg,1903,1896,-7
29260.jpg,1903,2006,103
29265.jpg,1903,1880,-23
29270.jpg,1903,1872,-31
29275.jpg,1903,1852,-51
29280.jpg,1903,1909,6
29285.jpg,1903,1895,-8
29290.jpg,1903,1911,8
29295.jpg,1903,1908,5
29300.jpg,1903,2009,106
29305.jpg,1903,1900,-3
29310.jpg,1903,1838,-65
29315.jpg,1903,1955,52
29320.jpg,1903,1950,47
29325.jpg,1903,1785,-118
29330.jpg,1903,19,-1884
29335.jpg,1903,1894,-9
29340.jpg,1903,1850,-53
29345.jpg,1903,1853,-50
29350.jpg,1903,1885,-18
29355.jpg,1903,1872,-31
29360.jpg,1903,1910,7
29365.jpg,1903,1970,67
29370.jpg,1903,1954,51
29375.jpg,1903,1860,-43
29380.jpg,1904,1660,-244
29385.jpg,1904,19,-1885
29390.jpg,1904,1912,8
29395.jpg,1904,2000,96
29400.jpg,1904,1910,6
29405.jpg,1904,1920,16
29410.jpg,1904,2010,106
29415.jpg,1904,1975,71
29420.jpg,1904,1910,6
29425.jpg,1904,1874,-30
29430.jpg,1904,1910,6
29435.jpg,1904,1884,-20
29440.jpg,1904,1859,-45
29445.jpg,1904,1900,-4
29450.jpg,1904,2000,96
29455.jpg,1904,1900,-4
29460.jpg,1904,1784,-120
29465.jpg,1904,1960,56
29470.jpg,1904,1988,84
29475.jpg,1904,1896,-8
29480.jpg,1904,2019,115
29485.jpg,1904,1930,26
29490.jpg,1904,1858,-46
29495.jpg,1904,1908,4
29500.jpg,1904,1990,86
29505.jpg,1904,1820,-84
29510.jpg,1904,1915,11
29515.jpg,1904,1898,-6
29520.jpg,1904,1910,6
29525.jpg,1904,1900,-4
29530.jpg,1904,1970,66
29535.jpg,1904,1963,59
29540.jpg,1904,1920,16
29550.jpg,1904,1734,-170
29555.jpg,1904,1970,66
29560.jpg,1904,1990,86
29565.jpg,1904,1878,-26
29570.jpg,1904,1986,82
29575.jpg,1904,1964,60
29580.jpg,1904,2017,113
29585.jpg,1904,1908,4
29590.jpg,1904,1855,-49
29595.jpg,1904,1876,-28
29600.jpg,1904,1875,-29
29605.jpg,1904,1994,90
29610.jpg,1904,1910,6
29615.jpg,1904,1970,66
29620.jpg,1904,1880,-24
29625.jpg,1904,1,-1903
29630.jpg,1904,1780,-124
29635.jpg,1904,1950,46
29640.jpg,1904,1866,-38
29645.jpg,1904,1935,31
29650.jpg,1904,1854,-50
29655.jpg,1904,1890,-14
29660.jpg,1904,1900,-4
29665.jpg,1904,2013,109
29670.jpg,1904,1891,-13
29675.jpg,1904,2012,108
29680.jpg,1904,1910,6
29685.jpg,1904,1910,6
29690.jpg,1904,1955,51
29695.jpg,1904,1938,34
29700.jpg,1904,1898,-6
29705.jpg,1904,1885,-19
29710.jpg,1904,1888,-16
29715.jpg,1904,1925,21
29720.jpg,1904,1877,-27
29725.jpg,1904,20,-1884
29730.jpg,1904,1891,-13
29735.jpg,1904,1784,-120
29740.jpg,1904,1910,6
29745.jpg,1904,1902,-2
29750.jpg,1904,1889,-15
29755.jpg,1904,1907,3
29760.jpg,1904,1910,6
29765.jpg,1904,1835,-69
29770.jpg,1904,1975,71
29775.jpg,1904,1979,75
29780.jpg,1904,1904,0
29790.jpg,1904,1996,92
29795.jpg,1904,1940,36
29800.jpg,1904,1969,65
29805.jpg,1904,1830,-74
29810.jpg,1904,1921,17
29815.jpg,1904,1880,-24
29820.jpg,1904,1924,20
29825.jpg,1904,19,-1885
29830.jpg,1905,1859,-46
29835.jpg,1905,1961,56
29840.jpg,1905,1856,-49
29845.jpg,1905,1912,7
29850.jpg,1905,1990,85
29855.jpg,1905,1871,-34
29860.jpg,1905,1970,65
29865.jpg,1905,1893,-12
29870.jpg,1905,1854,-51
29875.jpg,1905,2007,102
29880.jpg,1905,1853,-52
29885.jpg,1905,1900,-5
29890.jpg,1905,1800,-105
29895.jpg,1905,1892,-13
29900.jpg,1905,1912,7
29905.jpg,1905,1910,5
29910.jpg,1905,1931,26
29915.jpg,1905,1922,17
29920.jpg,1905,1890,-15
29925.jpg,1905,1986,81
29930.jpg,1905,1890,-15
29935.jpg,1905,1970,65
29940.jpg,1905,1860,-45
29945.jpg,1905,1870,-35
29950.jpg,1905,1916,11
29960.jpg,1905,1955,50
29965.jpg,1905,1876,-29
29970.jpg,1905,1956,51
29975.jpg,1905,1970,65
29980.jpg,1905,2015,110
29985.jpg,1905,1880,-25
29990.jpg,1905,1881,-24
29995.jpg,1905,1970,65
30000.jpg,1905,1900,-5
30005.jpg,1905,1910,5
30015.jpg,1905,1926,21
30020.jpg,1905,1878,-27
30025.jpg,1905,1910,5
30030.jpg,1905,1920,15
30035.jpg,1905,1873,-32
30040.jpg,1905,1,-1904
30045.jpg,1905,1870,-35
30050.jpg,1905,1940,35
30055.jpg,1905,1920,15
30060.jpg,1905,1910,5
30065.jpg,1905,1910,5
30070.jpg,1905,1880,-25
30075.jpg,1905,1900,-5
30080.jpg,1905,1890,-15
30085.jpg,1905,1965,60
30090.jpg,1905,1837,-68
30095.jpg,1905,1885,-20
30100.jpg,1905,1830,-75
30105.jpg,1905,1870,-35
30110.jpg,1905,1949,44
30115.jpg,1905,1880,-25
30120.jpg,1905,1848,-57
30125.jpg,1905,1910,5
30130.jpg,1905,1872,-33
30135.jpg,1905,1890,-15
30140.jpg,1905,1930,25
30145.jpg,1905,1885,-20
30155.jpg,1905,1920,15
30160.jpg,1905,1920,15
30165.jpg,1905,1830,-75
30170.jpg,1905,1859,-46
30175.jpg,1905,1876,-29
30180.jpg,1905,1971,66
30185.jpg,1905,1959,54
30190.jpg,1905,1902,-3
30195.jpg,1905,19,-1886
30200.jpg,1905,2022,117
30205.jpg,1905,1989,84
30210.jpg,1905,1812,-93
30215.jpg,1905,1857,-48
30220.jpg,1905,1939,34
30225.jpg,1905,18,-1887
30230.jpg,1905,1962,57
30235.jpg,1905,1850,-55
30240.jpg,1905,2001,96
30245.jpg,1905,1879,-26
30250.jpg,1905,1885,-20
30255.jpg,1905,1900,-5
30260.jpg,1905,1910,5
30265.jpg,1905,1890,-15
30270.jpg,1905,1935,30
30275.jpg,1905,1930,25
30280.jpg,1905,1910,5
30285.jpg,1905,1911,6
30290.jpg,1905,1870,-35
30295.jpg,1906,1910,4
30300.jpg,1906,1915,9
30305.jpg,1906,1950,44
30310.jpg,1906,1906,0
30315.jpg,1906,1930,24
30320.jpg,1906,2000,94
30325.jpg,1906,1840,-66
30330.jpg,1906,1785,-121
30335.jpg,1906,1936,30
30340.jpg,1906,1910,4
30345.jpg,1906,1740,-166
30350.jpg,1906,1930,24
30355.jpg,1906,19,-1887
30360.jpg,1906,1930,24
30365.jpg,1906,1929,23
30370.jpg,1906,20,-1886
30375.jpg,1906,1913,7
30380.jpg,1906,1908,2
30385.jpg,1906,1915,9
30390.jpg,1906,1891,-15
30395.jpg,1906,1918,12
30400.jpg,1906,1920,14
30405.jpg,1906,1960,54
30410.jpg,1906,1913,7
30415.jpg,1906,1939,33
30420.jpg,1906,1958,52
30425.jpg,1906,2019,113
30430.jpg,1906,1860,-46
30435.jpg,1906,1910,4
30440.jpg,1906,1998,92
30445.jpg,1906,1782,-124
30450.jpg,1906,1914,8
30455.jpg,1906,1895,-11
30460.jpg,1906,1959,53
30465.jpg,1906,1908,2
30470.jpg,1906,1920,14
30475.jpg,1906,1914,8
30480.jpg,1906,1883,-23
30485.jpg,1906,1910,4
30490.jpg,1906,1858,-48
30495.jpg,1906,1870,-36
30500.jpg,1906,1945,39
30505.jpg,1906,1920,14
30510.jpg,1906,1937,31
30515.jpg,1906,1910,4
30520.jpg,1906,1865,-41
30525.jpg,1906,1926,20
30530.jpg,1906,1907,1
30535.jpg,1906,1920,14
30540.jpg,1906,1860,-46
30545.jpg,1906,1955,49
30550.jpg,1906,1880,-26
30555.jpg,1906,1930,24
30560.jpg,1906,1900,-6
30565.jpg,1906,1870,-36
30570.jpg,1906,1820,-86
30575.jpg,1906,1970,64
30580.jpg,1906,1920,14
30585.jpg,1906,1885,-21
30590.jpg,1906,19,-1887
30595.jpg,1906,1945,39
30600.jpg,1906,1910,4
30605.jpg,1906,20,-1886
30610.jpg,1906,1850,-56
30615.jpg,1906,2012,106
30620.jpg,1906,1850,-56
30625.jpg,1906,1856,-50
30630.jpg,1906,1892,-14
30635.jpg,1906,1894,-12
30640.jpg,1906,1930,24
30645.jpg,1906,1934,28
30650.jpg,1906,2017,111
30655.jpg,1906,1925,19
30665.jpg,1906,1880,-26
30670.jpg,1906,1910,4
30685.jpg,1906,1910,4
30690.jpg,1906,1882,-24
30695.jpg,1906,1975,69
30700.jpg,1906,1939,33
30705.jpg,1906,1900,-6
30710.jpg,1906,1920,14
30715.jpg,1906,2019,113
30720.jpg,1906,1855,-51
30725.jpg,1906,1980,74
30730.jpg,1906,2008,102
30740.jpg,1906,2003,97
30745.jpg,1906,1860,-46
30750.jpg,1906,1874,-32
30760.jpg,1907,2023,116
30765.jpg,1907,1905,-2
30770.jpg,1907,1910,3
30780.jpg,1907,2019,112
30785.jpg,1907,1920,13
30790.jpg,1907,1955,48
30795.jpg,1907,1540,-367
30800.jpg,1907,1892,-15
30805.jpg,1907,1910,3
30810.jpg,1907,1895,-12
30815.jpg,1907,1910,3
30820.jpg,1907,1905,-2
30825.jpg,1907,1920,13
30830.jpg,1907,1910,3
30835.jpg,1907,2000,93
30840.jpg,1907,1862,-45
30845.jpg,1907,1910,3
30855.jpg,1907,1886,-21
30860.jpg,1907,1910,3
30865.jpg,1907,1853,-54
30870.jpg,1907,1892,-15
30875.jpg,1907,1920,13
30880.jpg,1907,1980,73
30885.jpg,1907,1910,3
30895.jpg,1907,1996,89
30900.jpg,1907,1940,33
30905.jpg,1907,1902,-5
30910.jpg,1907,1961,54
30915.jpg,1907,2010,103
30920.jpg,1907,1992,85
30925.jpg,1907,1880,-27
30930.jpg,1907,1975,68
30935.jpg,1907,1945,38
30940.jpg,1907,1974,67
30945.jpg,1907,1974,67
30950.jpg,1907,1867,-40
30955.jpg,1907,1858,-49
30960.jpg,1907,1930,23
30965.jpg,1907,1930,23
30970.jpg,1907,1910,3
30975.jpg,1907,1890,-17
30980.jpg,1907,1915,8
30985.jpg,1907,1900,-7
30990.jpg,1907,1854,-53
30995.jpg,1907,1877,-30
31000.jpg,1907,19,-1888
31005.jpg,1907,1910,3
31010.jpg,1907,1928,21
31015.jpg,1907,19,-1888
31020.jpg,1907,19,-1888
31025.jpg,1907,2011,104
31030.jpg,1907,1910,3
31035.jpg,1907,1800,-107
31040.jpg,1907,1876,-31
31045.jpg,1907,1915,8
31050.jpg,1907,1910,3
31055.jpg,1907,1872,-35
31060.jpg,1907,1830,-77
31065.jpg,1907,1885,-22
31070.jpg,1907,1910,3
31075.jpg,1907,1910,3
31080.jpg,1907,19,-1888
31085.jpg,1907,1870,-37
31090.jpg,1907,1880,-27
31095.jpg,1907,1850,-57
31100.jpg,1907,1970,63
31105.jpg,1907,1923,16
31110.jpg,1907,1937,30
31115.jpg,1907,1890,-17
31120.jpg,1907,1908,1
31125.jpg,1907,1910,3
31130.jpg,1907,1860,-47
31135.jpg,1907,1987,80
31140.jpg,1907,2022,115
31150.jpg,1907,1894,-13
31155.jpg,1907,1864,-43
31160.jpg,1907,1976,69
31165.jpg,1907,1871,-36
31170.jpg,1907,1935,28
31175.jpg,1907,1894,-13
31180.jpg,1907,1950,43
31185.jpg,1907,2015,108
31190.jpg,1907,1970,63
31195.jpg,1907,1910,3
31200.jpg,1907,1963,56
31205.jpg,1907,1898,-9
31210.jpg,1907,1895,-12
31215.jpg,1907,1915,8
31220.jpg,1907,1856,-51
31225.jpg,1907,1890,-17
31230.jpg,1907,1878,-29
31235.jpg,1907,1956,49
31240.jpg,1907,1840,-67
31245.jpg,1907,1950,43
31250.jpg,1907,1919,12
31255.jpg,1907,1977,70
31260.jpg,1907,1910,3
31265.jpg,1907,1866,-41
31270.jpg,1907,1940,33
31275.jpg,1907,1880,-27
31280.jpg,1907,1905,-2
31285.jpg,1907,1987,80
31290.jpg,1907,1785,-122
31295.jpg,1907,1926,19
31300.jpg,1907,2000,93
31305.jpg,1907,1916,9
31310.jpg,1908,1764,-144
31315.jpg,1908,1876,-32
31320.jpg,1908,1940,32
31325.jpg,1908,1889,-19
31330.jpg,1908,1848,-60
31335.jpg,1908,1957,49
31345.jpg,1908,1960,52
31350.jpg,1908,1914,6
31355.jpg,1908,1856,-52
31360.jpg,1908,1923,15
31365.jpg,1908,1910,2
31370.jpg,1908,1910,2
31380.jpg,1908,1997,89
31385.jpg,1908,1925,17
31390.jpg,1908,1945,37
31395.jpg,1908,1867,-41
31400.jpg,1908,1910,2
31405.jpg,1908,1940,32
31410.jpg,1908,1896,-12
31415.jpg,1908,1950,42
31420.jpg,1908,1894,-14
31425.jpg,1908,1948,40
31430.jpg,1908,1894,-14
31435.jpg,1908,1950,42
31440.jpg,1908,1900,-8
31445.jpg,1908,1859,-49
31450.jpg,1908,1906,-2
31455.jpg,1908,1890,-18
31460.jpg,1908,2003,95
31465.jpg,1908,1883,-25
31470.jpg,1908,1963,55
31475.jpg,1908,1910,2
31480.jpg,1908,1200,-708
31485.jpg,1908,1905,-3
31490.jpg,1908,1873,-35
31500.jpg,1908,1930,22
31505.jpg,1908,1905,-3
31510.jpg,1908,1915,7
31515.jpg,1908,1895,-13
31520.jpg,1908,2018,110
31525.jpg,1908,1930,22
31530.jpg,1908,1980,72
31535.jpg,1908,1900,-8
31540.jpg,1908,1890,-18
31545.jpg,1908,1950,42
31550.jpg,1908,1925,17
31555.jpg,1908,1920,12
31560.jpg,1908,1880,-28
31565.jpg,1908,1822,-86
31570.jpg,1908,1908,0
31575.jpg,1908,1821,-87
31580.jpg,1908,1910,2
31585.jpg,1908,1975,67
31590.jpg,1908,1930,22
31595.jpg,1908,1910,2
31600.jpg,1908,1885,-23
31605.jpg,1908,1950,42
31610.jpg,1908,1810,-98
31620.jpg,1908,1950,42
31625.jpg,1908,1950,42
31630.jpg,1908,1910,2
31635.jpg,1908,1927,19
31640.jpg,1908,1920,12
31645.jpg,1908,1904,-4
31650.jpg,1908,1990,82
31655.jpg,1908,1908,0
31660.jpg,1908,2019,111
31665.jpg,1908,1745,-163
31670.jpg,1908,1990,82
31675.jpg,1908,1892,-16
31680.jpg,1908,1917,9
31685.jpg,1908,1868,-40
31690.jpg,1908,1910,2
31695.jpg,1908,1916,8
31700.jpg,1908,1886,-22
31705.jpg,1908,1857,-51
31710.jpg,1908,1856,-52
31715.jpg,1908,1889,-19
31720.jpg,1908,1920,12
31725.jpg,1908,1908,0
31730.jpg,1908,1869,-39
31735.jpg,1908,1820,-88
31740.jpg,1908,1955,47
31745.jpg,1908,1995,87
31750.jpg,1908,1913,5
31755.jpg,1908,1850,-58
31760.jpg,1908,1870,-38
31765.jpg,1909,1880,-29
31770.jpg,1909,1910,1
31775.jpg,1909,1910,1
31780.jpg,1909,1880,-29
31785.jpg,1909,2015,106
31790.jpg,1909,1994,85
31805.jpg,1909,1985,76
31815.jpg,1909,1923,14
31820.jpg,1909,1910,1
31825.jpg,1909,1910,1
31830.jpg,1909,1720,-189
31835.jpg,1909,1950,41
31840.jpg,1909,1,-1908
31845.jpg,1909,1920,11
31850.jpg,1909,1883,-26
31855.jpg,1909,1914,5
31860.jpg,1909,1920,11
31865.jpg,1909,1970,61
31870.jpg,1909,1911,2
31875.jpg,1909,1945,36
31880.jpg,1909,1910,1
31885.jpg,1909,1909,0
31890.jpg,1909,1860,-49
31895.jpg,1909,1880,-29
31900.jpg,1909,1869,-40
31905.jpg,1909,1900,-9
31910.jpg,1909,1880,-29
31915.jpg,1909,1970,61
31920.jpg,1909,1630,-279
31925.jpg,1909,1920,11
31930.jpg,1909,1860,-49
31935.jpg,1909,1920,11
31940.jpg,1909,1911,2
31945.jpg,1909,1900,-9
31950.jpg,1909,1930,21
31955.jpg,1909,1910,1
31960.jpg,1909,1958,49
31970.jpg,1909,1915,6
31975.jpg,1909,2013,104
31980.jpg,1909,1910,1
31985.jpg,1909,1920,11
31990.jpg,1909,1882,-27
31995.jpg,1909,1920,11
32005.jpg,1909,1920,11
32015.jpg,1909,1840,-69
32020.jpg,1909,1913,4
32025.jpg,1909,1906,-3
32030.jpg,1909,1910,1
32035.jpg,1909,1962,53
32045.jpg,1909,1907,-2
32050.jpg,1909,1913,4
32055.jpg,1909,1910,1
32060.jpg,1909,2003,94
32065.jpg,1909,1910,1
32070.jpg,1909,1860,-49
32075.jpg,1909,1955,46
32080.jpg,1909,20,-1889
32085.jpg,1909,1920,11
32090.jpg,1909,1893,-16
32095.jpg,1909,1900,-9
32100.jpg,1909,1965,56
32105.jpg,1909,1940,31
32110.jpg,1909,2005,96
32115.jpg,1909,1910,1
32120.jpg,1909,1970,61
32125.jpg,1909,1950,41
32130.jpg,1909,1951,42
32135.jpg,1909,1900,-9
32140.jpg,1909,19,-1890
32145.jpg,1909,1899,-10
32150.jpg,1909,2013,104
32155.jpg,1909,1924,15
32160.jpg,1909,1852,-57
32165.jpg,1909,1990,81
32170.jpg,1909,1891,-18
32175.jpg,1909,19,-1890
32180.jpg,1909,1920,11
32185.jpg,1909,1905,-4
32190.jpg,1909,1772,-137
32195.jpg,1909,1920,11
32200.jpg,1909,1800,-109
32205.jpg,1909,1910,1
32210.jpg,1909,1852,-57
32215.jpg,1909,1873,-36
32220.jpg,1909,1851,-58
32225.jpg,1909,1950,41
32230.jpg,1910,1765,-145
32235.jpg,1910,1894,-16
32240.jpg,1910,1880,-30
32245.jpg,1910,1612,-298
32255.jpg,1910,1910,0
32260.jpg,1910,1940,30
32265.jpg,1910,2018,108
32270.jpg,1910,2015,105
32275.jpg,1910,2008,98
32280.jpg,1910,1918,8
32285.jpg,1910,1917,7
32290.jpg,1910,1880,-30
32295.jpg,1910,1892,-18
32300.jpg,1910,2008,98
32305.jpg,1910,1880,-30
32310.jpg,1910,1917,7
32315.jpg,1910,1995,85
32320.jpg,1910,1910,0
32325.jpg,1910,1905,-5
32330.jpg,1910,1912,2
32335.jpg,1910,1911,1
32340.jpg,1910,1911,1
32345.jpg,1910,1910,0
32350.jpg,1910,1950,40
32355.jpg,1910,1904,-6
32360.jpg,1910,1950,40
32365.jpg,1910,19,-1891
32370.jpg,1910,2018,108
32375.jpg,1910,1907,-3
32380.jpg,1910,1860,-50
32385.jpg,1910,1996,86
32390.jpg,1910,1923,13
32395.jpg,1910,2007,97
32400.jpg,1910,1876,-34
32405.jpg,1910,1855,-55
32410.jpg,1910,1900,-10
32415.jpg,1910,18,-1892
32420.jpg,1910,1910,0
32425.jpg,1910,18,-1892
32430.jpg,1910,1890,-20
32435.jpg,1910,1855,-55
32440.jpg,1910,1886,-24
32445.jpg,1910,1878,-32
32450.jpg,1910,1910,0
32455.jpg,1910,1820,-90
32460.jpg,1910,1910,0
32465.jpg,1910,1940,30
32470.jpg,1910,1905,-5
32475.jpg,1910,1850,-60
32480.jpg,1910,1930,20
32485.jpg,1910,1930,20
32490.jpg,1910,1880,-30
32495.jpg,1910,1589,-321
32500.jpg,1910,1960,50
32505.jpg,1910,1920,10
32510.jpg,1910,1970,60
32515.jpg,1910,1795,-115
32520.jpg,1910,1930,20
32525.jpg,1910,1840,-70
32530.jpg,1910,19,-1891
32535.jpg,1910,1950,40
32540.jpg,1910,1900,-10
32545.jpg,1910,1886,-24
32550.jpg,1910,1800,-110
32555.jpg,1910,1914,4
32560.jpg,1910,1997,87
32565.jpg,1910,1981,71
32570.jpg,1910,1800,-110
32575.jpg,1910,1854,-56
32580.jpg,1910,1910,0
32585.jpg,1910,-1,-1911
32590.jpg,1910,1870,-40
32595.jpg,1910,1907,-3
32600.jpg,1910,1882,-28
32605.jpg,1910,16,-1894
32610.jpg,1910,2012,102
32615.jpg,1910,1920,10
32620.jpg,1910,1923,13
32625.jpg,1910,1850,-60
32630.jpg,1910,19,-1891
32635.jpg,1910,1872,-38
32640.jpg,1910,1912,2
32645.jpg,1910,1870,-40
32650.jpg,1910,2019,109
32655.jpg,1910,1950,40
32660.jpg,1910,1930,20
32665.jpg,1910,1885,-25
32675.jpg,1910,1970,60
32680.jpg,1910,1900,-10
32685.jpg,1910,1970,60
32690.jpg,1910,1930,20
32695.jpg,1910,1955,45
32700.jpg,1910,1910,0
32705.jpg,1910,1970,60
32710.jpg,1910,1913,3
32715.jpg,1910,1960,50
32720.jpg,1910,1973,63
32725.jpg,1910,19,-1891
32730.jpg,1910,1937,27
32735.jpg,1910,1901,-9
32740.jpg,1911,1905,-6
32745.jpg,1911,1911,0
32750.jpg,1911,1910,-1
32755.jpg,1911,1942,31
32760.jpg,1911,1915,4
32765.jpg,1911,1901,-10
32770.jpg,1911,1882,-29
32775.jpg,1911,1853,-58
32780.jpg,1911,1930,19
32785.jpg,1911,1995,84
32790.jpg,1911,1878,-33
32795.jpg,1911,1911,0
32800.jpg,1911,1987,76
32805.jpg,1911,1840,-71
32810.jpg,1911,2005,94
32815.jpg,1911,1901,-10
32820.jpg,1911,1910,-1
32825.jpg,1911,1933,22
32830.jpg,1911,1910,-1
32835.jpg,1911,1876,-35
32840.jpg,1911,1976,65
32845.jpg,1911,1898,-13
32850.jpg,1911,1970,59
32855.jpg,1911,1929,18
32860.jpg,1911,1960,49
32865.jpg,1911,1913,2
32870.jpg,1911,1927,16
32875.jpg,1911,1879,-32
32885.jpg,1911,1908,-3
32890.jpg,1911,1903,-8
32895.jpg,1911,1870,-41
32900.jpg,1911,1860,-51
32905.jpg,1911,1926,15
32910.jpg,1911,1771,-140
32915.jpg,1911,1890,-21
32920.jpg,1911,1870,-41
32925.jpg,1911,1,-1910
32930.jpg,1911,1931,20
32935.jpg,1911,1964,53
32940.jpg,1911,1905,-6
32945.jpg,1911,1903,-8
32950.jpg,1911,2020,109
32955.jpg,1911,1911,0
32960.jpg,1911,1929,18
32965.jpg,1911,2018,107
32970.jpg,1911,1930,19
32975.jpg,1911,1912,1
32980.jpg,1911,1900,-11
32985.jpg,1911,1910,-1
32990.jpg,1911,1840,-71
32995.jpg,1911,1920,9
33000.jpg,1911,1950,39
33005.jpg,1911,2018,107
33010.jpg,1911,1913,2
33015.jpg,1911,1885,-26
33020.jpg,1911,1998,87
33025.jpg,1911,1897,-14
33030.jpg,1911,1880,-31
33035.jpg,1911,2014,103
33040.jpg,1911,20,-1891
33045.jpg,1911,1890,-21
33050.jpg,1911,1940,29
33055.jpg,1911,1910,-1
33060.jpg,1911,1955,44
33065.jpg,1911,1854,-57
33070.jpg,1911,1900,-11
33075.jpg,1911,1890,-21
33080.jpg,1911,1898,-13
33085.jpg,1911,1899,-12
33090.jpg,1911,1830,-81
33095.jpg,1911,1910,-1
33100.jpg,1911,1930,19
33105.jpg,1911,1855,-56
33110.jpg,1911,1873,-38
33115.jpg,1911,1867,-44
33120.jpg,1911,1900,-11
33125.jpg,1911,2005,94
33130.jpg,1911,1940,29
33135.jpg,1911,1907,-4
33140.jpg,1911,1909,-2
33145.jpg,1911,1865,-46
33150.jpg,1911,2019,108
33155.jpg,1911,2006,95
33160.jpg,1911,1940,29
33165.jpg,1911,1915,4
33170.jpg,1911,1910,-1
33175.jpg,1911,1960,49
33180.jpg,1911,1970,59
33185.jpg,1911,1925,14
33190.jpg,1911,1890,-21
33195.jpg,1911,1996,85
33200.jpg,1911,1930,19
33205.jpg,1911,1880,-31
33210.jpg,1911,1855,-56
33215.jpg,1911,1865,-46
33220.jpg,1911,1910,-1
33225.jpg,1911,1920,9
33230.jpg,1911,1853,-58
33235.jpg,1911,1910,-1
33240.jpg,1911,1680,-231
33245.jpg,1911,2016,105
33250.jpg,1911,1785,-126
33255.jpg,1911,1950,39
33260.jpg,1911,1916,5
33265.jpg,1911,1897,-14
33270.jpg,1911,1851,-60
33275.jpg,1911,20,-1891
33280.jpg,1912,1889,-23
33285.jpg,1912,1926,14
33290.jpg,1912,1880,-32
33295.jpg,1912,1980,68
33300.jpg,1912,1890,-22
33310.jpg,1912,1987,75
33315.jpg,1912,2006,94
33320.jpg,1912,2008,96
33325.jpg,1912,2007,95
33330.jpg,1912,1970,58
33335.jpg,1912,1970,58
33340.jpg,1912,1860,-52
33345.jpg,1912,1929,17
33350.jpg,1912,1940,28
33355.jpg,1912,1925,13
33360.jpg,1912,19,-1893
33365.jpg,1912,1872,-40
33375.jpg,1912,1889,-23
33380.jpg,1912,1950,38
33385.jpg,1912,2011,99
33390.jpg,1912,1871,-41
33395.jpg,1912,1997,85
33400.jpg,1912,1910,-2
33405.jpg,1912,2013,101
33410.jpg,1912,1880,-32
33415.jpg,1912,1904,-8
33420.jpg,1912,1891,-21
33425.jpg,1912,19,-1893
33430.jpg,1912,1897,-15
33435.jpg,1912,1925,13
33440.jpg,1912,1950,38
33445.jpg,1912,1867,-45
33450.jpg,1912,1916,4
33455.jpg,1912,1820,-92
33460.jpg,1912,1875,-37
33465.jpg,1912,1916,4
33470.jpg,1912,1910,-2
33475.jpg,1912,1868,-44
33480.jpg,1912,1955,43
33485.jpg,1912,2008,96
33490.jpg,1912,1908,-4
33495.jpg,1912,1913,1
33500.jpg,1912,1969,57
33505.jpg,1912,1965,53
33510.jpg,1912,1960,48
33515.jpg,1912,1850,-62
33520.jpg,1912,2017,105
33525.jpg,1912,1875,-37
33530.jpg,1912,1850,-62
33535.jpg,1912,1930,18
33540.jpg,1912,1890,-22
33545.jpg,1912,1908,-4
33550.jpg,1912,1930,18
33555.jpg,1912,1907,-5
33560.jpg,1912,1899,-13
33565.jpg,1912,1960,48
33570.jpg,1912,1910,-2
33580.jpg,1912,1825,-87
33585.jpg,1912,1860,-52
33590.jpg,1912,1850,-62
33595.jpg,1912,1900,-12
33600.jpg,1912,1910,-2
33605.jpg,1912,1902,-10
33615.jpg,1912,2019,107
33620.jpg,1912,1970,58
33625.jpg,1912,1920,8
33630.jpg,1912,1940,28
33635.jpg,1912,1964,52
33640.jpg,1912,1874,-38
33645.jpg,1912,1882,-30
33650.jpg,1912,1923,11
33655.jpg,1912,1970,58
33660.jpg,1912,1915,3
33665.jpg,1912,1901,-11
33670.jpg,1912,1890,-22
33675.jpg,1912,1950,38
33680.jpg,1912,1930,18
33685.jpg,1912,1964,52
33690.jpg,1912,1956,44
33695.jpg,1912,1894,-18
33700.jpg,1912,1949,37
33705.jpg,1912,1840,-72
33710.jpg,1912,1909,-3
33715.jpg,1912,1970,58
33720.jpg,1912,1910,-2
33725.jpg,1912,1980,68
33735.jpg,1912,1845,-67
33740.jpg,1912,1867,-45
33745.jpg,1912,2021,109
33750.jpg,1912,1910,-2
33755.jpg,1912,2006,94
33760.jpg,1912,1,-1911
33765.jpg,1913,1850,-63
33770.jpg,1913,1921,8
33775.jpg,1913,1900,-13
33780.jpg,1913,1900,-13
33785.jpg,1913,1910,-3
33790.jpg,1913,1918,5
33795.jpg,1913,1927,14
33800.jpg,1913,2003,90
33805.jpg,1913,1891,-22
33810.jpg,1913,1955,42
33815.jpg,1913,1957,44
33820.jpg,1913,1950,37
33825.jpg,1913,1900,-13
33830.jpg,1913,1900,-13
33840.jpg,1913,1940,27
33845.jpg,1913,1910,-3
33850.jpg,1913,1912,-1
33855.jpg,1913,1910,-3
33860.jpg,1913,1860,-53
33865.jpg,1913,1909,-4
33870.jpg,1913,2020,107
33875.jpg,1913,1910,-3
33880.jpg,1913,1912,-1
33885.jpg,1913,1997,84
33890.jpg,1913,19,-1894
33895.jpg,1913,2005,92
33900.jpg,1913,1911,-2
33905.jpg,1913,1859,-54
33910.jpg,1913,1911,-2
33915.jpg,1913,1910,-3
33920.jpg,1913,1900,-13
33925.jpg,1913,1968,55
33930.jpg,1913,1930,17
33935.jpg,1913,1900,-13
33940.jpg,1913,1850,-63
33945.jpg,1913,1910,-3
33950.jpg,1913,1860,-53
33955.jpg,1913,2017,104
33960.jpg,1913,1600,-313
33965.jpg,1913,1914,1
33970.jpg,1913,19,-1894
33975.jpg,1913,1915,2
33980.jpg,1913,1950,37
33985.jpg,1913,2018,105
33990.jpg,1913,1900,-13
33995.jpg,1913,1864,-49
34000.jpg,1913,1935,22
34005.jpg,1913,1943,30
34010.jpg,1913,1999,86
34015.jpg,1913,1990,77
34020.jpg,1913,1939,26
34025.jpg,1913,2005,92
34030.jpg,1913,1896,-17
34035.jpg,1913,1909,-4
34040.jpg,1913,1910,-3
34045.jpg,1913,1893,-20
34050.jpg,1913,1910,-3
34055.jpg,1913,1910,-3
34060.jpg,1913,1850,-63
34065.jpg,1913,1791,-122
34070.jpg,1913,1851,-62
34080.jpg,1913,1876,-37
34085.jpg,1913,1867,-46
34090.jpg,1913,1950,37
34095.jpg,1913,1930,17
34100.jpg,1913,1872,-41
34105.jpg,1913,1910,-3
34110.jpg,1913,1790,-123
34115.jpg,1913,1886,-27
34120.jpg,1913,1950,37
34125.jpg,1913,1920,7
34130.jpg,1913,1850,-63
34135.jpg,1913,1910,-3
34140.jpg,1913,1902,-11
34145.jpg,1913,1940,27
34150.jpg,1913,19,-1894
34155.jpg,1913,1960,47
34160.jpg,1913,1890,-23
34165.jpg,1913,1910,-3
34170.jpg,1913,1980,67
34175.jpg,1913,1927,14
34180.jpg,1913,1698,-215
34185.jpg,1913,1896,-17
34190.jpg,1913,2010,97
34195.jpg,1913,1850,-63
34200.jpg,1913,1917,4
34205.jpg,1913,1893,-20
34210.jpg,1913,1881,-32
34215.jpg,1913,1950,37
34220.jpg,1913,1900,-13
34225.jpg,1914,1916,2
34230.jpg,1914,1929,15
34235.jpg,1914,1960,46
34240.jpg,1914,1910,-4
34245.jpg,1914,2011,97
34250.jpg,1914,1950,36
34260.jpg,1914,2008,94
34265.jpg,1914,1915,1
34270.jpg,1914,20,-1894
34275.jpg,1914,1880,-34
34280.jpg,1914,1915,1
34285.jpg,1914,1915,1
34290.jpg,1914,1935,21
34295.jpg,1914,20,-1894
34300.jpg,1914,1920,6
34305.jpg,1914,1830,-84
34310.jpg,1914,1957,43
34315.jpg,1914,1892,-22
34320.jpg,1914,2018,104
34325.jpg,1914,1901,-13
34330.jpg,1914,1967,53
34335.jpg,1914,1965,51
34345.jpg,1914,1967,53
34350.jpg,1914,1907,-7
34360.jpg,1914,1927,13
34365.jpg,1914,1900,-14
34370.jpg,1914,1920,6
34375.jpg,1914,18,-1896
34380.jpg,1914,1930,16
34385.jpg,1914,1890,-24
34390.jpg,1914,1910,-4
34395.jpg,1914,1908,-6
34400.jpg,1914,1870,-44
34405.jpg,1914,1870,-44
34410.jpg,1914,1974,60
34415.jpg,1914,1972,58
34420.jpg,1914,1970,56
34425.jpg,1914,1265,-649
34430.jpg,1914,1909,-5
34435.jpg,1914,1910,-4
34440.jpg,1914,1882,-32
34445.jpg,1914,20,-1894
34450.jpg,1914,1880,-34
34455.jpg,1914,1895,-19
34460.jpg,1914,19,-1895
34465.jpg,1914,1912,-2
34470.jpg,1914,1935,21
34475.jpg,1914,1910,-4
34480.jpg,1914,1985,71
34485.jpg,1914,1800,-114
34490.jpg,1914,1880,-34
34495.jpg,1914,1700,-214
34500.jpg,1914,1850,-64
34505.jpg,1914,1978,64
34515.jpg,1914,1899,-15
34520.jpg,1914,1919,5
34525.jpg,1914,1860,-54
34530.jpg,1914,1900,-14
34535.jpg,1914,1991,77
34540.jpg,1914,1900,-14
34545.jpg,1914,1910,-4
34550.jpg,1914,1890,-24
34555.jpg,1914,1865,-49
34560.jpg,1914,1860,-54
34565.jpg,1914,1939,25
34570.jpg,1914,1974,60
34575.jpg,1914,1902,-12
34580.jpg,1914,2011,97
34590.jpg,1914,1859,-55
34595.jpg,1914,1940,26
34600.jpg,1914,1924,10
34605.jpg,1914,1890,-24
34610.jpg,1914,1910,-4
34615.jpg,1914,1900,-14
34620.jpg,1914,1575,-339
34625.jpg,1914,1910,-4
34630.jpg,1914,1997,83
34635.jpg,1914,1800,-114
34640.jpg,1914,1986,72
34645.jpg,1914,1868,-46
34650.jpg,1914,1913,-1
34655.jpg,1914,1910,-4
34660.jpg,1914,1925,11
34665.jpg,1914,1928,14
34670.jpg,1914,1890,-24
34675.jpg,1914,1910,-4
34680.jpg,1914,1977,63
34685.jpg,1914,1964,50
34690.jpg,1914,1990,76
34695.jpg,1914,1910,-4
34700.jpg,1914,1922,8
34705.jpg,1914,1960,46
34710.jpg,1914,1900,-14
34715.jpg,1914,19,-1895
34720.jpg,1915,1813,-102
34725.jpg,1915,2013,98
34730.jpg,1915,1880,-35
34735.jpg,1915,1950,35
34740.jpg,1915,1940,25
34750.jpg,1915,1930,15
34755.jpg,1915,1926,11
34765.jpg,1915,1550,-365
34770.jpg,1915,1909,-6
34775.jpg,1915,1908,-7
34780.jpg,1915,1910,-5
34785.jpg,1915,1894,-21
34790.jpg,1915,1923,8
34795.jpg,1915,1914,-1
34800.jpg,1915,1935,20
34805.jpg,1915,1474,-441
34810.jpg,1915,1898,-17
34815.jpg,1915,1895,-20
34820.jpg,1915,2016,101
34825.jpg,1915,1907,-8
34830.jpg,1915,1908,-7
34835.jpg,1915,2004,89
34840.jpg,1915,1852,-63
34845.jpg,1915,1978,63
34850.jpg,1915,1876,-39
34855.jpg,1915,1888,-27
34860.jpg,1915,1,-1914
34865.jpg,1915,2005,90
34870.jpg,1915,1896,-19
34875.jpg,1915,1920,5
34880.jpg,1915,1900,-15
34885.jpg,1915,1848,-67
34890.jpg,1915,1975,60
34895.jpg,1915,1930,15
34900.jpg,1915,1939,24
34905.jpg,1915,1908,-7
34910.jpg,1915,1960,45
34915.jpg,1915,1915,0
34920.jpg,1915,1870,-45
34925.jpg,1915,1874,-41
34930.jpg,1915,1965,50
34935.jpg,1915,1910,-5
34940.jpg,1915,1880,-35
34945.jpg,1915,1940,25
34950.jpg,1915,1930,15
34955.jpg,1915,1,-1914
34960.jpg,1915,1992,77
34965.jpg,1915,1991,76
34970.jpg,1915,1915,0
34975.jpg,1915,1880,-35
34980.jpg,1915,1910,-5
34985.jpg,1915,1891,-24
34990.jpg,1915,1840,-75
34995.jpg,1915,1896,-19
35000.jpg,1915,1892,-23
35005.jpg,1915,1935,20
35010.jpg,1915,2007,92
35015.jpg,1915,1900,-15
35020.jpg,1915,1970,55
35025.jpg,1915,1883,-32
35030.jpg,1915,1920,5
35035.jpg,1915,1859,-56
35040.jpg,1915,1840,-75
35045.jpg,1915,1989,74
35050.jpg,1915,2017,102
35055.jpg,1915,1910,-5
35060.jpg,1915,1950,35
35065.jpg,1915,1920,5
35070.jpg,1915,2008,93
35075.jpg,1915,18,-1897
35080.jpg,1915,1910,-5
35085.jpg,1915,1910,-5
35090.jpg,1915,1916,1
35095.jpg,1915,2016,101
35100.jpg,1915,2016,101
35105.jpg,1915,1969,54
35110.jpg,1915,1,-1914
35115.jpg,1915,1970,55
35120.jpg,1915,1872,-43
35125.jpg,1915,1901,-14
35130.jpg,1915,1910,-5
35135.jpg,1915,2004,89
35140.jpg,1915,1900,-15
35145.jpg,1915,1939,24
35150.jpg,1915,1960,45
35155.jpg,1915,1930,15
35160.jpg,1916,1910,-6
35165.jpg,1916,1920,4
35170.jpg,1916,2008,92
35175.jpg,1916,2013,97
35180.jpg,1916,1837,-79
35185.jpg,1916,1990,74
35190.jpg,1916,1980,64
35195.jpg,1916,1950,34
35200.jpg,1916,1930,14
35205.jpg,1916,1928,12
35210.jpg,1916,1955,39
35215.jpg,1916,1960,44
35220.jpg,1916,1855,-61
35225.jpg,1916,1909,-7
35230.jpg,1916,1910,-6
35235.jpg,1916,2002,86
35240.jpg,1916,1935,19
35245.jpg,1916,1900,-16
35250.jpg,1916,1854,-62
35255.jpg,1916,2016,100
35260.jpg,1916,1890,-26
35265.jpg,1916,1910,-6
35270.jpg,1916,1852,-64
35275.jpg,1916,1956,40
35280.jpg,1916,1986,70
35285.jpg,1916,1990,74
35290.jpg,1916,1898,-18
35295.jpg,1916,1880,-36
35300.jpg,1916,1920,4
35305.jpg,1916,1993,77
35310.jpg,1916,1878,-38
35315.jpg,1916,1920,4
35320.jpg,1916,1940,24
35325.jpg,1916,1896,-20
35330.jpg,1916,1950,34
35335.jpg,1916,1854,-62
35340.jpg,1916,19,-1897
35345.jpg,1916,1910,-6
35350.jpg,1916,1920,4
35355.jpg,1916,1973,57
35360.jpg,1916,1952,36
35365.jpg,1916,1929,13
35370.jpg,1916,1940,24
35375.jpg,1916,1910,-6
35380.jpg,1916,1925,9
35385.jpg,1916,1930,14
35390.jpg,1916,1994,78
35395.jpg,1916,1935,19
35400.jpg,1916,1935,19
35405.jpg,1916,1850,-66
35410.jpg,1916,1915,-1
35415.jpg,1916,1871,-45
35420.jpg,1916,1850,-66
35425.jpg,1916,1975,59
35430.jpg,1916,1950,34
35435.jpg,1916,2016,100
35440.jpg,1916,1916,0
35445.jpg,1916,1903,-13
35450.jpg,1916,1957,41
35455.jpg,1916,1916,0
35460.jpg,1916,19,-1897
35465.jpg,1916,1965,49
35470.jpg,1916,1874,-42
35475.jpg,1916,1930,14
35480.jpg,1916,1950,34
35485.jpg,1916,2017,101
35490.jpg,1916,1920,4
35495.jpg,1916,1975,59
35500.jpg,1916,2012,96
35505.jpg,1916,1784,-132
35510.jpg,1916,1930,14
35515.jpg,1916,1990,74
35520.jpg,1916,1908,-8
35525.jpg,1916,1815,-101
35530.jpg,1916,1994,78
35535.jpg,1917,1906,-11
35540.jpg,1917,1960,43
35545.jpg,1917,1912,-5
35550.jpg,1917,2016,99
35555.jpg,1917,1910,-7
35560.jpg,1917,1940,23
35565.jpg,1917,1928,11
35570.jpg,1917,20,-1897
35575.jpg,1917,1876,-41
35580.jpg,1917,1850,-67
35585.jpg,1917,1911,-6
35590.jpg,1917,1911,-6
35595.jpg,1917,1914,-3
35600.jpg,1917,1910,-7
35605.jpg,1917,1913,-4
35610.jpg,1917,1976,59
35615.jpg,1917,1910,-7
35620.jpg,1917,1950,33
35625.jpg,1917,1913,-4
35630.jpg,1917,1939,22
35635.jpg,1917,2010,93
35640.jpg,1917,1915,-2
35645.jpg,1917,1890,-27
35650.jpg,1917,1951,34
35655.jpg,1917,1911,-6
35660.jpg,1917,1979,62
35665.jpg,1917,1985,68
35670.jpg,1917,1968,51
35675.jpg,1917,1880,-37
35680.jpg,1917,1961,44
35685.jpg,1917,1749,-168
35690.jpg,1917,1970,53
35695.jpg,1917,1879,-38
35700.jpg,1917,1666,-251
35705.jpg,1917,1913,-4
35710.jpg,1917,1960,43
35715.jpg,1917,1952,35
35720.jpg,1917,1950,33
35725.jpg,1917,2012,95
35730.jpg,1917,-1,-1918
35735.jpg,1917,2006,89
35740.jpg,1917,1960,43
35745.jpg,1917,2018,101
35750.jpg,1917,2002,85
35755.jpg,1917,1960,43
35760.jpg,1917,1956,39
35765.jpg,1917,17,-1900
35770.jpg,1917,1885,-32
35775.jpg,1917,1913,-4
35780.jpg,1917,1864,-53
35785.jpg,1917,2019,102
35790.jpg,1917,1967,50
35795.jpg,1917,1920,3
35800.jpg,1917,1930,13
35805.jpg,1917,1910,-7
35810.jpg,1917,1865,-52
35815.jpg,1917,1920,3
35820.jpg,1917,1950,33
35825.jpg,1917,1930,13
35830.jpg,1917,1981,64
35835.jpg,1917,1950,33
35840.jpg,1917,1889,-28
35845.jpg,1917,1890,-27
35850.jpg,1917,1900,-17
35855.jpg,1917,2016,99
35860.jpg,1917,1903,-14
35865.jpg,1917,1960,43
35870.jpg,1917,1925,8
35875.jpg,1917,1156,-761
35880.jpg,1917,1967,50
35885.jpg,1917,1900,-17
35890.jpg,1917,1885,-32
35895.jpg,1917,1994,77
35900.jpg,1917,1960,43
35905.jpg,1917,1890,-27
35910.jpg,1917,1865,-52
35915.jpg,1917,1980,63
35920.jpg,1918,1907,-11
35925.jpg,1918,2009,91
35930.jpg,1918,1907,-11
35935.jpg,1918,2008,90
35940.jpg,1918,1950,32
35945.jpg,1918,1925,7
35950.jpg,1918,1970,52
35955.jpg,1918,1930,12
35960.jpg,1918,1926,8
35965.jpg,1918,1940,22
35970.jpg,1918,1916,-2
35980.jpg,1918,1930,12
35985.jpg,1918,1998,80
35990.jpg,1918,1980,62
35995.jpg,1918,1974,56
36000.jpg,1918,1920,2
36005.jpg,1918,1005,-913
36010.jpg,1918,1858,-60
36015.jpg,1918,1945,27
36020.jpg,1918,1950,32
36025.jpg,1918,1891,-27
36030.jpg,1918,1852,-66
36035.jpg,1918,1937,19
36040.jpg,1918,1880,-38
36045.jpg,1918,1852,-66
36050.jpg,1918,1899,-19
36055.jpg,1918,1870,-48
36060.jpg,1918,1767,-151
36065.jpg,1918,1959,41
36070.jpg,1918,1930,12
36075.jpg,1918,1908,-10
36080.jpg,1918,1909,-9
36085.jpg,1918,1800,-118
36090.jpg,1918,1939,21
36095.jpg,1918,1890,-28
36100.jpg,1918,1890,-28
36105.jpg,1918,1920,2
36110.jpg,1918,1910,-8
36115.jpg,1919,1970,51
36120.jpg,1919,1955,36
36130.jpg,1919,1956,37
36140.jpg,1919,1858,-61
36145.jpg,1919,1930,11
36150.jpg,1919,1970,51
36155.jpg,1919,1930,11
36160.jpg,1919,1930,11
36165.jpg,1919,2006,87
36170.jpg,1919,1899,-20
36175.jpg,1919,1959,40
36180.jpg,1919,1970,51
36190.jpg,1919,1970,51
36195.jpg,1919,1884,-35
36200.jpg,1919,1931,12
36205.jpg,1919,1936,17
36210.jpg,1919,1866,-53
36215.jpg,1919,1884,-35
36225.jpg,1919,1875,-44
36230.jpg,1919,1952,33
36235.jpg,1919,1800,-119
36240.jpg,1919,1835,-84
36245.jpg,1919,1891,-28
36250.jpg,1919,1925,6
36255.jpg,1919,1690,-229
36260.jpg,1919,2006,87
36265.jpg,1919,1965,46
36270.jpg,1919,1922,3
36275.jpg,1919,2019,100
36280.jpg,1919,1814,-105
36285.jpg,1919,1958,39
36290.jpg,1919,2015,96
36295.jpg,1919,1879,-40
36300.jpg,1919,1927,8
36305.jpg,1919,1910,-9
36310.jpg,1919,1912,-7
36315.jpg,1919,1903,-16
36320.jpg,1919,1930,11
36325.jpg,1919,1910,-9
36330.jpg,1919,1857,-62
36335.jpg,1919,1945,26
36340.jpg,1919,1980,61
36345.jpg,1919,1942,23
36350.jpg,1920,1880,-40
36355.jpg,1920,1927,7
36360.jpg,1920,1876,-44
36365.jpg,1920,1930,10
36370.jpg,1920,1935,15
36375.jpg,1920,1940,20
36385.jpg,1920,1969,49
36390.jpg,1920,1995,75
36395.jpg,1920,1995,75
36400.jpg,1920,1913,-7
36405.jpg,1920,1850,-70
36410.jpg,1920,1993,73
36415.jpg,1920,1831,-89
36420.jpg,1920,1907,-13
36425.jpg,1920,2013,93
36430.jpg,1920,1984,64
36435.jpg,1920,1910,-10
36440.jpg,1920,1720,-200
36445.jpg,1920,1871,-49
36450.jpg,1920,1929,9
36455.jpg,1920,1000,-920
36460.jpg,1920,1990,70
36465.jpg,1920,1899,-21
36470.jpg,1920,1906,-14
36475.jpg,1920,1904,-16
36480.jpg,1920,1774,-146
36485.jpg,1920,1930,10
36490.jpg,1920,2010,90
36495.jpg,1920,1890,-30
36500.jpg,1920,1950,30
36505.jpg,1920,1890,-30
36510.jpg,1920,1891,-29
36515.jpg,1920,2015,95
36520.jpg,1920,1916,-4
36525.jpg,1920,1905,-15
36530.jpg,1920,1800,-120
36535.jpg,1920,1910,-10
36540.jpg,1920,1990,70
36545.jpg,1920,20,-1900
36550.jpg,1920,1782,-138
36555.jpg,1920,1966,46
36560.jpg,1920,1930,10
36565.jpg,1920,17,-1903
36570.jpg,1920,1967,47
36575.jpg,1920,1820,-100
36580.jpg,1920,1980,60
36585.jpg,1920,1900,-20
36590.jpg,1920,1848,-72
36595.jpg,1920,1876,-44
36600.jpg,1920,1970,50
36605.jpg,1920,1860,-60
36610.jpg,1920,20,-1900
36615.jpg,1920,1910,-10
36620.jpg,1920,1891,-29
36625.jpg,1920,2014,94
36630.jpg,1920,1910,-10
36635.jpg,1920,1910,-10
36640.jpg,1920,1996,76
36650.jpg,1920,1970,50
36655.jpg,1920,1927,7
36660.jpg,1920,1909,-11
36665.jpg,1920,1972,52
36670.jpg,1920,1952,32
36675.jpg,1920,1882,-38
36680.jpg,1920,1864,-56
36685.jpg,1920,2018,98
36690.jpg,1921,1952,31
36695.jpg,1921,2013,92
36700.jpg,1921,1940,19
36705.jpg,1921,2020,99
36710.jpg,1921,1960,39
36715.jpg,1921,1906,-15
36720.jpg,1921,2000,79
36725.jpg,1921,1930,9
36735.jpg,1921,1979,58
36740.jpg,1921,1995,74
36745.jpg,1921,1895,-26
36750.jpg,1921,1864,-57
36755.jpg,1921,1820,-101
36760.jpg,1921,1885,-36
36765.jpg,1921,1967,46
36770.jpg,1921,1925,4
36775.jpg,1921,1930,9
36780.jpg,1921,1910,-11
36785.jpg,1921,2012,91
36790.jpg,1921,1964,43
36795.jpg,1921,1981,60
36800.jpg,1921,1884,-37
36805.jpg,1921,1952,31
36810.jpg,1921,1950,29
36815.jpg,1921,1920,-1
36820.jpg,1921,1930,9
36830.jpg,1921,1910,-11
36835.jpg,1921,1770,-151
36840.jpg,1921,1890,-31
36845.jpg,1921,2005,84
36850.jpg,1921,1940,19
36855.jpg,1921,1850,-71
36860.jpg,1921,1910,-11
36870.jpg,1921,1960,39
36875.jpg,1921,1925,4
36880.jpg,1921,1902,-19
36885.jpg,1921,1941,20
36890.jpg,1921,1810,-111
36895.jpg,1921,-1,-1922
36900.jpg,1921,2000,79
36905.jpg,1921,1985,64
36910.jpg,1921,1859,-62
36920.jpg,1921,18,-1903
36925.jpg,1921,1950,29
36930.jpg,1921,1976,55
36935.jpg,1921,1913,-8
36940.jpg,1921,1920,-1
36945.jpg,1921,1940,19
36950.jpg,1921,1945,24
36955.jpg,1921,1910,-11
36960.jpg,1921,1791,-130
36965.jpg,1921,1953,32
36970.jpg,1922,1940,18
36975.jpg,1922,1890,-32
36980.jpg,1922,1907,-15
36985.jpg,1922,1960,38
36990.jpg,1922,1933,11
36995.jpg,1922,2001,79
37000.jpg,1922,2012,90
37005.jpg,1922,1970,48
37010.jpg,1922,1921,-1
37015.jpg,1922,2006,84
37020.jpg,1922,1865,-57
37025.jpg,1922,1890,-32
37030.jpg,1922,1960,38
37045.jpg,1922,1925,3
37050.jpg,1922,1937,15
37055.jpg,1922,1895,-27
37060.jpg,1922,1910,-12
37065.jpg,1922,1916,-6
37070.jpg,1922,2004,82
37075.jpg,1922,1954,32
37080.jpg,1922,1710,-212
37085.jpg,1922,1815,-107
37090.jpg,1922,1907,-15
37095.jpg,1922,1940,18
37100.jpg,1922,1870,-52
37105.jpg,1922,1913,-9
37110.jpg,1922,2012,90
37115.jpg,1922,1891,-31
37120.jpg,1922,1893,-29
37125.jpg,1922,2001,79
37130.jpg,1922,1910,-12
37135.jpg,1922,1930,8
37140.jpg,1922,1989,67
37145.jpg,1922,1890,-32
37150.jpg,1922,1975,53
37155.jpg,1922,2010,88
37160.jpg,1922,1874,-48
37165.jpg,1922,1960,38
37170.jpg,1922,1950,28
37175.jpg,1922,1915,-7
37180.jpg,1922,1926,4
37185.jpg,1922,1603,-319
37190.jpg,1922,1955,33
37195.jpg,1922,1865,-57
37200.jpg,1922,1930,8
37205.jpg,1922,1910,-12
37210.jpg,1922,1950,28
37215.jpg,1922,2004,82
37220.jpg,1922,1990,68
37225.jpg,1922,2008,86
37230.jpg,1922,1910,-12
37235.jpg,1922,1910,-12
37240.jpg,1922,1910,-12
37245.jpg,1922,19,-1903
37250.jpg,1922,1916,-6
37255.jpg,1922,1973,51
37260.jpg,1922,1936,14
37270.jpg,1922,1912,-10
37275.jpg,1922,2006,84
37280.jpg,1922,1932,10
37285.jpg,1922,1939,17
37290.jpg,1922,1793,-129
37295.jpg,1922,2000,78
37300.jpg,1922,1970,48
37305.jpg,1922,1890,-32
37310.jpg,1923,1920,-3
37315.jpg,1923,2002,79
37320.jpg,1923,1910,-13
37330.jpg,1923,2006,83
37335.jpg,1923,1954,31
37340.jpg,1923,2016,93
37345.jpg,1923,1980,57
37355.jpg,1923,1888,-35
37360.jpg,1923,1883,-40
37365.jpg,1923,1907,-16
37370.jpg,1923,1920,-3
37375.jpg,1923,1910,-13
37380.jpg,1923,1911,-12
37385.jpg,1923,20,-1903
37390.jpg,1923,1822,-101
37395.jpg,1923,1936,13
37400.jpg,1923,1986,63
37405.jpg,1923,1892,-31
37410.jpg,1923,1903,-20
37415.jpg,1923,1910,-13
37420.jpg,1923,1929,6
37425.jpg,1923,2000,77
37430.jpg,1923,1922,-1
37435.jpg,1923,1909,-14
37440.jpg,1923,20,-1903
37445.jpg,1923,20,-1903
37450.jpg,1923,1990,67
37455.jpg,1923,1910,-13
37460.jpg,1923,1980,57
37465.jpg,1923,1931,8
37470.jpg,1923,1953,30
37475.jpg,1923,1923,0
37480.jpg,1923,1890,-33
37485.jpg,1923,1940,17
37490.jpg,1923,1970,47
37495.jpg,1923,1965,42
37500.jpg,1923,1930,7
37505.jpg,1923,1910,-13
37510.jpg,1923,1860,-63
37515.jpg,1923,1916,-7
37520.jpg,1923,1920,-3
37525.jpg,1923,1867,-56
37530.jpg,1923,1928,5
37535.jpg,1923,1910,-13
37540.jpg,1923,1908,-15
37545.jpg,1923,1940,17
37550.jpg,1923,1900,-23
37555.jpg,1923,1950,27
37560.jpg,1923,1960,37
37565.jpg,1923,1922,-1
37570.jpg,1923,1909,-14
37575.jpg,1923,1929,6
37580.jpg,1923,1989,66
37585.jpg,1923,1583,-340
37590.jpg,1923,1905,-18
37595.jpg,1923,1950,27
37600.jpg,1923,1940,17
37605.jpg,1923,1920,-3
37610.jpg,1923,1939,16
37615.jpg,1923,1999,76
37620.jpg,1923,2020,97
37625.jpg,1923,1955,32
37630.jpg,1923,1879,-44
37635.jpg,1923,1950,27
37640.jpg,1923,1870,-53
37645.jpg,1923,1892,-31
37650.jpg,1923,1929,6
37655.jpg,1923,1978,55
37660.jpg,1923,1900,-23
37665.jpg,1923,1900,-23
37670.jpg,1924,1925,1
37675.jpg,1924,2022,98
37680.jpg,1924,1915,-9
37685.jpg,1924,1932,8
37690.jpg,1924,1910,-14
37695.jpg,1924,1911,-13
37700.jpg,1924,1908,-16
37705.jpg,1924,2006,82
37710.jpg,1924,2007,83
37715.jpg,1924,1930,6
37720.jpg,1924,1964,40
37725.jpg,1924,1971,47
37730.jpg,1924,2001,77
37735.jpg,1924,1920,-4
37740.jpg,1924,1945,21
37745.jpg,1924,1891,-33
37750.jpg,1924,2005,81
37755.jpg,1924,1930,6
37760.jpg,1924,1865,-59
37765.jpg,1924,1870,-54
37770.jpg,1924,1923,-1
37775.jpg,1924,1917,-7
37780.jpg,1924,1920,-4
37785.jpg,1924,1870,-54
37790.jpg,1924,2000,76
37795.jpg,1924,1900,-24
37805.jpg,1924,1930,6
37810.jpg,1924,1915,-9
37815.jpg,1924,1939,15
37820.jpg,1924,1910,-14
37825.jpg,1924,1906,-18
37830.jpg,1924,1852,-72
37835.jpg,1924,1866,-58
37845.jpg,1924,2010,86
37850.jpg,1924,1909,-15
37855.jpg,1924,1910,-14
37860.jpg,1924,2017,93
37865.jpg,1924,1903,-21
37870.jpg,1924,1875,-49
37875.jpg,1924,1984,60
37880.jpg,1924,1920,-4
37885.jpg,1924,1870,-54
37890.jpg,1924,1929,5
37895.jpg,1924,1880,-44
37900.jpg,1924,1910,-14
37905.jpg,1924,1852,-72
37910.jpg,1924,1930,6
37915.jpg,1924,1933,9
37920.jpg,1924,2010,86
37925.jpg,1924,2017,93
37930.jpg,1924,1800,-124
37935.jpg,1924,1850,-74
37940.jpg,1924,1903,-21
37945.jpg,1924,1970,46
37950.jpg,1924,2012,88
37955.jpg,1924,2019,95
37960.jpg,1924,1965,41
37965.jpg,1924,2010,86
37970.jpg,1924,1910,-14
37975.jpg,1924,1913,-11
37980.jpg,1924,1913,-11
37985.jpg,1924,2006,82
37990.jpg,1924,1960,36
37995.jpg,1924,1912,-12
38000.jpg,1924,1651,-273
38005.jpg,1924,1905,-19
38010.jpg,1924,1975,51
38015.jpg,1924,1910,-14
38020.jpg,1924,1595,-329
38025.jpg,1924,1930,6
38030.jpg,1924,1960,36
38035.jpg,1924,1992,68
38040.jpg,1924,1856,-68
38045.jpg,1924,2010,86
38050.jpg,1924,1970,46
38055.jpg,1924,2012,88
38060.jpg,1924,1810,-114
38065.jpg,1924,1860,-64
38070.jpg,1924,1931,7
38075.jpg,1924,1989,65
38080.jpg,1925,1860,-65
38085.jpg,1925,1904,-21
38090.jpg,1925,1930,5
38095.jpg,1925,1910,-15
38100.jpg,1925,1907,-18
38105.jpg,1925,1920,-5
38110.jpg,1925,1916,-9
38115.jpg,1925,2010,85
38120.jpg,1925,1965,40
38125.jpg,1925,2020,95
38130.jpg,1925,2014,89
38135.jpg,1925,2019,94
38140.jpg,1925,1770,-155
38145.jpg,1925,1894,-31
38150.jpg,1925,1910,-15
38155.jpg,1925,1891,-34
38160.jpg,1925,1968,43
38165.jpg,1925,1879,-46
38170.jpg,1925,1909,-16
38175.jpg,1925,1930,5
38180.jpg,1925,1967,42
38185.jpg,1925,1990,65
38190.jpg,1925,1970,45
38195.jpg,1925,2016,91
38200.jpg,1925,1997,72
38205.jpg,1925,1859,-66
38210.jpg,1925,1889,-36
38215.jpg,1925,1894,-31
38220.jpg,1925,1938,13
38225.jpg,1925,1930,5
38230.jpg,1925,1902,-23
38235.jpg,1925,1952,27
38245.jpg,1925,1981,56
38255.jpg,1925,1899,-26
38260.jpg,1925,1980,55
38265.jpg,1925,1920,-5
38270.jpg,1925,1877,-48
38275.jpg,1925,19,-1906
38280.jpg,1925,2018,93
38285.jpg,1925,2007,82
38290.jpg,1925,1922,-3
38295.jpg,1925,1800,-125
38300.jpg,1925,1929,4
38305.jpg,1925,1976,51
38310.jpg,1925,1935,10
38315.jpg,1925,1920,-5
38320.jpg,1925,1920,-5
38325.jpg,1925,1940,15
38330.jpg,1925,1927,2
38335.jpg,1925,1680,-245
38340.jpg,1925,1925,0
38345.jpg,1925,1865,-60
38350.jpg,1925,1890,-35
38355.jpg,1925,1915,-10
38360.jpg,1925,2010,85
38365.jpg,1925,1940,15
38370.jpg,1925,1910,-15
38375.jpg,1925,2010,85
38380.jpg,1925,1943,18
38385.jpg,1925,1920,-5
38390.jpg,1925,1920,-5
38395.jpg,1925,1960,35
38400.jpg,1925,1773,-152
38405.jpg,1925,1850,-75
38410.jpg,1925,1931,6
38415.jpg,1925,1910,-15
38420.jpg,1925,1920,-5
38425.jpg,1925,1996,71
38435.jpg,1925,1963,38
38440.jpg,1925,1960,35
38450.jpg,1925,1858,-67
38455.jpg,1925,2010,85
38460.jpg,1925,1936,11
38465.jpg,1925,1945,20
38470.jpg,1925,1930,5
38475.jpg,1925,1915,-10
38480.jpg,1925,1863,-62
38490.jpg,1925,1916,-9
38495.jpg,1925,1915,-10
38500.jpg,1925,1869,-56
38505.jpg,1925,19,-1906
38510.jpg,1925,1,-1924
38515.jpg,1926,1960,34
38520.jpg,1926,1820,-106
38525.jpg,1926,1925,-1
38530.jpg,1926,2019,93
38535.jpg,1926,2013,87
38540.jpg,1926,1925,-1
38545.jpg,1926,1885,-41
38550.jpg,1926,1950,24
38555.jpg,1926,1948,22
38560.jpg,1926,1955,29
38565.jpg,1926,1972,46
38570.jpg,1926,1910,-16
38575.jpg,1926,2009,83
38580.jpg,1926,2021,95
38585.jpg,1926,2017,91
38590.jpg,1926,1920,-6
38595.jpg,1926,1910,-16
38600.jpg,1926,2004,78
38605.jpg,1926,20,-1906
38610.jpg,1926,1850,-76
38620.jpg,1926,1924,-2
38625.jpg,1926,1910,-16
38630.jpg,1926,2014,88
38635.jpg,1926,1920,-6
38640.jpg,1926,1950,24
38645.jpg,1926,1990,64
38650.jpg,1926,1958,32
38655.jpg,1926,1920,-6
38660.jpg,1926,1900,-26
38665.jpg,1926,1925,-1
38670.jpg,1926,1992,66
38675.jpg,1926,-1,-1927
38680.jpg,1926,1920,-6
38685.jpg,1926,1967,41
38690.jpg,1926,2000,74
38695.jpg,1926,1822,-104
38700.jpg,1926,1910,-16
38705.jpg,1926,1824,-102
38710.jpg,1926,2018,92
38715.jpg,1926,1910,-16
38720.jpg,1926,1950,24
38725.jpg,1926,1910,-16
38730.jpg,1926,1850,-76
38735.jpg,1926,1885,-41
38740.jpg,1926,2007,81
38745.jpg,1926,1986,60
38750.jpg,1926,1930,4
38755.jpg,1926,1920,-6
38760.jpg,1926,1920,-6
38765.jpg,1926,1860,-66
38770.jpg,1926,1950,24
38775.jpg,1926,1790,-136
38780.jpg,1926,1930,4
38785.jpg,1926,1930,4
38790.jpg,1926,1900,-26
38795.jpg,1926,1900,-26
38800.jpg,1926,1960,34
38805.jpg,1926,1975,49
38810.jpg,1926,1960,34
38815.jpg,1926,1850,-76
38820.jpg,1926,1855,-71
38825.jpg,1926,1916,-10
38830.jpg,1926,1566,-360
38835.jpg,1926,1856,-70
38840.jpg,1926,1868,-58
38845.jpg,1926,1980,54
38850.jpg,1926,2000,74
38855.jpg,1926,1980,54
38860.jpg,1926,1990,64
38865.jpg,1926,1915,-11
38870.jpg,1926,2021,95
38875.jpg,1926,1927,1
38880.jpg,1926,2013,87
38885.jpg,1926,1993,67
38890.jpg,1926,1982,56
38895.jpg,1926,1994,68
38905.jpg,1926,1907,-19
38910.jpg,1926,1961,35
38915.jpg,1926,2010,84
38920.jpg,1926,2016,90
38925.jpg,1926,1867,-59
38930.jpg,1926,1999,73
38935.jpg,1926,1993,67
38940.jpg,1926,1910,-16
38945.jpg,1926,1933,7
38950.jpg,1926,2014,88
38955.jpg,1926,1994,68
38960.jpg,1926,1945,19
38965.jpg,1926,1930,4
38970.jpg,1926,1900,-26
38975.jpg,1926,1965,39
38980.jpg,1926,1946,20
38985.jpg,1926,1980,54
38990.jpg,1926,1960,34
38995.jpg,1927,1950,23
39000.jpg,1927,19,-1908
39005.jpg,1927,1950,23
39010.jpg,1927,2016,89
39020.jpg,1927,1990,63
39025.jpg,1927,1910,-17
39030.jpg,1927,1910,-17
39035.jpg,1927,1899,-28
39040.jpg,1927,1970,43
39045.jpg,1927,1950,23
39050.jpg,1927,1910,-17
39055.jpg,1927,1926,-1
39060.jpg,1927,1970,43
39065.jpg,1927,1918,-9
39070.jpg,1927,1927,0
39075.jpg,1927,1925,-2
39080.jpg,1927,1950,23
39085.jpg,1927,2013,86
39090.jpg,1927,1985,58
39110.jpg,1927,2019,92
39115.jpg,1927,1875,-52
39120.jpg,1927,1966,39
39125.jpg,1927,1946,19
39130.jpg,1927,1930,3
39135.jpg,1927,1963,36
39140.jpg,1927,1916,-11
39145.jpg,1927,1851,-76
39150.jpg,1927,1907,-20
39155.jpg,1927,1950,23
39160.jpg,1927,1920,-7
39165.jpg,1927,1857,-70
39170.jpg,1927,1859,-68
39175.jpg,1927,1930,3
39180.jpg,1927,1928,1
39185.jpg,1927,1910,-17
39190.jpg,1927,1897,-30
39195.jpg,1927,1958,31
39200.jpg,1927,1928,1
39205.jpg,1927,1930,3
39210.jpg,1927,1954,27
39215.jpg,1927,1956,29
39220.jpg,1927,1972,45
39225.jpg,1927,1885,-42
39230.jpg,1927,1940,13
39235.jpg,1927,1908,-19
39240.jpg,1927,1930,3
39245.jpg,1927,1914,-13
39250.jpg,1927,1870,-57
39255.jpg,1927,1710,-217
39260.jpg,1927,1994,67
39265.jpg,1927,1915,-12
39270.jpg,1927,2018,91
39275.jpg,1927,2010,83
39280.jpg,1927,2016,89
39285.jpg,1927,1915,-12
39290.jpg,1927,1913,-14
39295.jpg,1927,1888,-39
39300.jpg,1927,2000,73
39305.jpg,1927,1870,-57
39310.jpg,1927,1899,-28
39315.jpg,1927,1975,48
39320.jpg,1927,1830,-97
39325.jpg,1927,2017,90
39330.jpg,1927,1906,-21
39335.jpg,1927,1890,-37
39340.jpg,1927,1925,-2
39345.jpg,1927,1950,23
39350.jpg,1927,1919,-8
39355.jpg,1927,1974,47
39360.jpg,1927,1870,-57
39365.jpg,1927,1910,-17
39370.jpg,1927,2016,89
39375.jpg,1927,1920,-7
39380.jpg,1927,1880,-47
39385.jpg,1927,1872,-55
39390.jpg,1927,1883,-44
39395.jpg,1927,1996,69
39400.jpg,1927,1920,-7
39405.jpg,1927,1964,37
39410.jpg,1927,1983,56
39415.jpg,1927,1886,-41
39420.jpg,1927,1827,-100
39425.jpg,1927,1910,-17
39430.jpg,1927,1914,-13
39435.jpg,1927,1850,-77
39440.jpg,1927,1915,-12
39445.jpg,1927,1995,68
39450.jpg,1927,1910,-17
39455.jpg,1927,2010,83
39460.jpg,1927,1960,33
39465.jpg,1927,1877,-50
39470.jpg,1927,1996,69
39475.jpg,1927,1884,-43
39480.jpg,1927,1885,-42
39485.jpg,1927,2010,83
39490.jpg,1927,1773,-154
39495.jpg,1927,1970,43
39500.jpg,1927,1882,-45
39505.jpg,1927,1962,35
39510.jpg,1928,1904,-24
39515.jpg,1928,1950,22
39520.jpg,1928,1920,-8
39525.jpg,1928,1925,-3
39530.jpg,1928,1,-1927
39535.jpg,1928,20,-1908
39540.jpg,1928,1928,0
39545.jpg,1928,2018,90
39550.jpg,1928,1911,-17
39555.jpg,1928,1915,-13
39560.jpg,1928,1926,-2
39565.jpg,1928,1910,-18
39570.jpg,1928,1910,-18
39575.jpg,1928,2006,78
39580.jpg,1928,1900,-28
39585.jpg,1928,1964,36
39590.jpg,1928,1990,62
39595.jpg,1928,1900,-28
39600.jpg,1928,1970,42
39605.jpg,1928,2019,91
39610.jpg,1928,1964,36
39615.jpg,1928,2007,79
39620.jpg,1928,1903,-25
39625.jpg,1928,1850,-78
39630.jpg,1928,1916,-12
39635.jpg,1928,1965,37
39640.jpg,1928,1987,59
39645.jpg,1928,1920,-8
39650.jpg,1928,1926,-2
39655.jpg,1928,1920,-8
39660.jpg,1928,1907,-21
39665.jpg,1928,1916,-12
39670.jpg,1928,1951,23
39675.jpg,1928,1980,52
39680.jpg,1928,1903,-25
39685.jpg,1928,1918,-10
39690.jpg,1928,1908,-20
39695.jpg,1928,1865,-63
39700.jpg,1928,1972,44
39705.jpg,1928,1859,-69
39710.jpg,1928,1910,-18
39715.jpg,1928,1956,28
39720.jpg,1928,1935,7
39725.jpg,1928,1210,-718
39730.jpg,1928,2020,92
39735.jpg,1928,1867,-61
39740.jpg,1928,1863,-65
39745.jpg,1928,1969,41
39750.jpg,1928,1957,29
39755.jpg,1928,1734,-194
39760.jpg,1928,1911,-17
39765.jpg,1928,1920,-8
39770.jpg,1928,1820,-108
39775.jpg,1928,1860,-68
39780.jpg,1928,1875,-53
39785.jpg,1928,1880,-48
39790.jpg,1928,1895,-33
39795.jpg,1928,1950,22
39800.jpg,1928,20,-1908
39805.jpg,1928,1854,-74
39810.jpg,1928,1935,7
39815.jpg,1928,1900,-28
39820.jpg,1928,1910,-18
39825.jpg,1928,1947,19
39830.jpg,1928,1910,-18
39835.jpg,1928,1900,-28
39840.jpg,1928,1872,-56
39845.jpg,1928,1937,9
39850.jpg,1928,1994,66
39855.jpg,1928,1892,-36
39860.jpg,1928,1697,-231
39865.jpg,1928,1860,-68
39870.jpg,1928,1840,-88
39875.jpg,1928,1890,-38
39880.jpg,1928,1940,12
39885.jpg,1928,1930,2
39890.jpg,1928,1882,-46
39895.jpg,1928,1983,55
39900.jpg,1928,2010,82
39905.jpg,1928,1984,56
39910.jpg,1928,1956,28
39915.jpg,1928,1871,-57
39920.jpg,1928,19,-1909
39925.jpg,1928,1920,-8
39930.jpg,1928,1952,24
39935.jpg,1928,1992,64
39940.jpg,1928,1960,32
39945.jpg,1928,1930,2
39950.jpg,1928,1970,42
39955.jpg,1928,19,-1909
39960.jpg,1928,1854,-74
39965.jpg,1928,1950,22
39970.jpg,1928,2011,83
39975.jpg,1928,1980,52
39980.jpg,1928,1955,27
39985.jpg,1928,1915,-13
39990.jpg,1928,2005,77
39995.jpg,1928,1898,-30
40000.jpg,1928,1950,22
40010.jpg,1928,1965,37
40015.jpg,1928,1930,2
40020.jpg,1928,1900,-28
40025.jpg,1928,1960,32
40030.jpg,1928,1850,-78
40035.jpg,1928,1859,-69
40040.jpg,1928,1910,-18
40045.jpg,1929,1910,-19
40050.jpg,1929,1910,-19
40055.jpg,1929,20,-1909
40060.jpg,1929,1935,6
40065.jpg,1929,1855,-74
40070.jpg,1929,1909,-20
40075.jpg,1929,1915,-14
40080.jpg,1929,1930,1
40095.jpg,1929,1986,57
40105.jpg,1929,1891,-38
40110.jpg,1929,2010,81
40115.jpg,1929,1909,-20
40120.jpg,1929,1910,-19
40125.jpg,1929,1907,-22
40130.jpg,1929,1916,-13
40135.jpg,1929,1866,-63
40140.jpg,1929,2011,82
40145.jpg,1929,1960,31
40150.jpg,1929,1930,1
40155.jpg,1929,1928,-1
40160.jpg,1929,1979,50
40165.jpg,1929,1927,-2
40170.jpg,1929,1956,27
40175.jpg,1929,1927,-2
40180.jpg,1929,1965,36
40185.jpg,1929,1960,31
40190.jpg,1929,1808,-121
40195.jpg,1929,2019,90
40200.jpg,1929,2015,86
40205.jpg,1929,1855,-74
40210.jpg,1929,1930,1
40215.jpg,1929,1928,-1
40220.jpg,1929,1917,-12
40225.jpg,1929,1913,-16
40230.jpg,1929,1,-1928
40235.jpg,1929,1950,21
40240.jpg,1929,1976,47
40245.jpg,1929,1970,41
40250.jpg,1929,1967,38
40255.jpg,1929,1,-1928
40260.jpg,1929,1920,-9
40265.jpg,1929,2010,81
40270.jpg,1929,1899,-30
40275.jpg,1929,2007,78
40280.jpg,1929,1889,-40
40285.jpg,1929,1,-1928
40290.jpg,1929,1882,-47
40295.jpg,1929,2015,86
40305.jpg,1929,1967,38
40310.jpg,1929,14,-1915
40315.jpg,1929,1920,-9
40320.jpg,1929,1980,51
40325.jpg,1929,1885,-44
40330.jpg,1929,1964,35
40335.jpg,1929,1755,-174
40340.jpg,1929,1950,21
40345.jpg,1929,1955,26
40350.jpg,1929,1758,-171
40355.jpg,1929,1890,-39
40360.jpg,1929,1900,-29
40365.jpg,1929,1910,-19
40370.jpg,1929,1955,26
40375.jpg,1929,1974,45
40380.jpg,1929,1935,6
40385.jpg,1929,1961,32
40390.jpg,1929,1860,-69
40395.jpg,1929,1940,11
40400.jpg,1929,1910,-19
40405.jpg,1929,1925,-4
40410.jpg,1929,1896,-33
40415.jpg,1929,1860,-69
40420.jpg,1929,1930,1
40425.jpg,1929,1900,-29
40430.jpg,1929,1920,-9
40435.jpg,1929,1915,-14
40440.jpg,1929,1900,-29
40450.jpg,1929,1889,-40
40455.jpg,1929,1916,-13
40460.jpg,1929,2017,88
40465.jpg,1929,1913,-16
40470.jpg,1929,20,-1909
40475.jpg,1929,1900,-29
40480.jpg,1929,1960,31
40485.jpg,1929,1955,26
40490.jpg,1929,1970,41
40495.jpg,1929,2006,77
40500.jpg,1929,1910,-19
40505.jpg,1929,2005,76
40510.jpg,1929,1920,-9
40515.jpg,1929,1957,28
40520.jpg,1929,1925,-4
40525.jpg,1929,1896,-33
40530.jpg,1929,1917,-12
40535.jpg,1929,1917,-12
40540.jpg,1930,1837,-93
40545.jpg,1930,1909,-21
40550.jpg,1930,2010,80
40555.jpg,1930,1914,-16
40560.jpg,1930,1923,-7
40565.jpg,1930,1888,-42
40570.jpg,1930,1970,40
40575.jpg,1930,1909,-21
40580.jpg,1930,1899,-31
40585.jpg,1930,2010,80
40590.jpg,1930,1934,4
40595.jpg,1930,1880,-50
40600.jpg,1930,1910,-20
40605.jpg,1930,1955,25
40610.jpg,1930,1909,-21
40615.jpg,1930,1875,-55
40620.jpg,1930,1910,-20
40625.jpg,1930,1960,30
40630.jpg,1930,1950,20
40635.jpg,1930,1890,-40
40640.jpg,1930,1879,-51
40645.jpg,1930,1992,62
40650.jpg,1930,1936,6
40655.jpg,1930,1960,30
40660.jpg,1930,15,-1915
40665.jpg,1930,1912,-18
40670.jpg,1930,1930,0
40675.jpg,1930,1917,-13
40680.jpg,1930,1854,-76
40685.jpg,1930,1955,25
40690.jpg,1930,2018,88
40695.jpg,1930,1950,20
40700.jpg,1930,1830,-100
40705.jpg,1930,1920,-10
40710.jpg,1930,1690,-240
40715.jpg,1930,1955,25
40720.jpg,1930,1840,-90
40725.jpg,1930,2006,76
40730.jpg,1930,1,-1929
40735.jpg,1930,2018,88
40740.jpg,1930,1925,-5
40745.jpg,1930,1856,-74
40750.jpg,1930,1765,-165
40755.jpg,1930,1960,30
40760.jpg,1930,1930,0
40765.jpg,1930,1910,-20
40770.jpg,1930,1948,18
40775.jpg,1930,1910,-20
40780.jpg,1930,1893,-37
40785.jpg,1930,1967,37
40790.jpg,1930,1966,36
40795.jpg,1930,1930,0
40800.jpg,1930,1759,-171
40805.jpg,1930,1920,-10
40810.jpg,1930,1933,3
40815.jpg,1930,2012,82
40820.jpg,1930,1969,39
40825.jpg,1930,1984,54
40830.jpg,1930,2007,77
40835.jpg,1930,1,-1929
40840.jpg,1930,1900,-30
40845.jpg,1930,2004,74
40850.jpg,1930,1930,0
40855.jpg,1930,1945,15
40860.jpg,1930,1889,-41
40865.jpg,1930,1910,-20
40870.jpg,1930,1958,28
40875.jpg,1930,1912,-18
40885.jpg,1930,1950,20
40890.jpg,1930,1930,0
40895.jpg,1930,1923,-7
40900.jpg,1930,1,-1929
40905.jpg,1930,2017,87
40910.jpg,1930,2019,89
40915.jpg,1930,1924,-6
40920.jpg,1930,1930,0
40925.jpg,1930,1930,0
40930.jpg,1930,1952,22
40935.jpg,1930,1969,39
40940.jpg,1930,20,-1910
40950.jpg,1930,1916,-14
40960.jpg,1930,1930,0
40965.jpg,1931,1972,41
40970.jpg,1931,1920,-11
40975.jpg,1931,1984,53
40980.jpg,1931,1908,-23
40985.jpg,1931,1921,-10
40990.jpg,1931,1948,17
40995.jpg,1931,1938,7
41000.jpg,1931,1910,-21
41005.jpg,1931,1940,9
41010.jpg,1931,2022,91
41015.jpg,1931,1994,63
41020.jpg,1931,1977,46
41025.jpg,1931,2011,80
41030.jpg,1931,1990,59
41035.jpg,1931,1960,29
41040.jpg,1931,1967,36
41045.jpg,1931,1925,-6
41050.jpg,1931,1867,-64
41055.jpg,1931,1925,-6
41060.jpg,1931,1966,35
41065.jpg,1931,1940,9
41070.jpg,1931,1930,-1
41075.jpg,1931,1892,-39
41080.jpg,1931,1920,-11
41085.jpg,1931,1996,65
41095.jpg,1931,1954,23
41100.jpg,1931,1935,4
41105.jpg,1931,1961,30
41110.jpg,1931,1920,-11
41115.jpg,1931,1886,-45
41120.jpg,1931,1898,-33
41125.jpg,1931,1936,5
41130.jpg,1931,1990,59
41135.jpg,1931,1971,40
41140.jpg,1931,1960,29
41150.jpg,1931,1901,-30
41155.jpg,1931,1464,-467
41160.jpg,1931,1970,39
41165.jpg,1931,2016,85
41170.jpg,1931,2005,74
41175.jpg,1931,1925,-6
41180.jpg,1931,1910,-21
41185.jpg,1931,1993,62
41190.jpg,1931,1865,-66
41195.jpg,1931,1798,-133
41200.jpg,1931,1950,19
41205.jpg,1931,1800,-131
41210.jpg,1931,1910,-21
41215.jpg,1931,1940,9
41220.jpg,1931,1870,-61
41225.jpg,1931,1820,-111
41230.jpg,1931,1996,65
41235.jpg,1931,1995,64
41240.jpg,1931,1869,-62
41245.jpg,1931,1806,-125
41250.jpg,1931,1930,-1
41255.jpg,1931,1955,24
41260.jpg,1931,1960,29
41265.jpg,1931,1955,24
41270.jpg,1931,1911,-20
41275.jpg,1931,2009,78
41280.jpg,1931,1923,-8
41285.jpg,1931,1767,-164
41290.jpg,1931,1999,68
41295.jpg,1931,2005,74
41305.jpg,1931,1905,-26
41310.jpg,1932,1820,-112
41320.jpg,1932,1931,-1
41325.jpg,1932,1780,-152
41330.jpg,1932,1960,28
41340.jpg,1932,1970,38
41345.jpg,1932,1930,-2
41350.jpg,1932,1890,-42
41355.jpg,1932,1960,28
41360.jpg,1932,1960,28
41365.jpg,1932,1910,-22
41370.jpg,1932,1970,38
41375.jpg,1932,1912,-20
41380.jpg,1932,1910,-22
41385.jpg,1932,1915,-17
41390.jpg,1932,1962,30
41395.jpg,1932,1955,23
41400.jpg,1932,2003,71
41405.jpg,1932,1945,13
41410.jpg,1932,1913,-19
41415.jpg,1932,1989,57
41420.jpg,1932,1927,-5
41425.jpg,1932,1920,-12
41430.jpg,1932,1935,3
41435.jpg,1932,60,-1872
41440.jpg,1932,1773,-159
41445.jpg,1932,2018,86
41450.jpg,1932,1898,-34
41455.jpg,1932,1697,-235
41460.jpg,1932,1787,-145
41465.jpg,1932,1981,49
41470.jpg,1932,1997,65
41475.jpg,1932,1945,13
41480.jpg,1932,2011,79
41485.jpg,1932,1976,44
41490.jpg,1932,2018,86
41495.jpg,1932,2018,86
41500.jpg,1932,1966,34
41505.jpg,1932,1975,43
41510.jpg,1932,1975,43
41515.jpg,1932,1950,18
41520.jpg,1932,1910,-22
41525.jpg,1932,1893,-39
41530.jpg,1932,1845,-87
41535.jpg,1932,2018,86
41540.jpg,1932,2017,85
41545.jpg,1932,1875,-57
41550.jpg,1932,2022,90
41555.jpg,1932,2015,83
41560.jpg,1932,1857,-75
41565.jpg,1932,1930,-2
41570.jpg,1933,1980,47
41575.jpg,1933,1850,-83
41580.jpg,1933,2009,76
41585.jpg,1933,2020,87
41590.jpg,1933,2020,87
41595.jpg,1933,1938,5
41600.jpg,1933,19,-1914
41605.jpg,1933,1939,6
41610.jpg,1933,1933,0
41615.jpg,1933,1880,-53
41620.jpg,1933,1990,57
41625.jpg,1933,1950,17
41630.jpg,1933,1939,6
41635.jpg,1933,1970,37
41640.jpg,1933,1764,-169
41645.jpg,1933,1880,-53
41650.jpg,1933,1920,-13
41655.jpg,1933,1893,-40
41660.jpg,1933,1935,2
41665.jpg,1933,1994,61
41670.jpg,1933,1958,25
41675.jpg,1933,1920,-13
41680.jpg,1933,1984,51
41685.jpg,1933,1800,-133
41690.jpg,1933,19,-1914
41695.jpg,1933,1965,32
41700.jpg,1933,1920,-13
41705.jpg,1933,1929,-4
41710.jpg,1933,1925,-8
41715.jpg,1933,1829,-104
41720.jpg,1933,1910,-23
41725.jpg,1933,1910,-23
41730.jpg,1933,1775,-158
41745.jpg,1933,1900,-33
41750.jpg,1933,1920,-13
41755.jpg,1933,1930,-3
41760.jpg,1933,2021,88
41765.jpg,1933,1920,-13
41770.jpg,1933,18,-1915
41775.jpg,1933,1950,17
41780.jpg,1933,2007,74
41785.jpg,1933,1620,-313
41790.jpg,1933,2000,67
41795.jpg,1933,2010,77
41800.jpg,1933,2012,79
41805.jpg,1933,1950,17
41810.jpg,1933,2017,84
41815.jpg,1933,1918,-15
41820.jpg,1933,1915,-18
41825.jpg,1933,1784,-149
41830.jpg,1933,1949,16
41835.jpg,1934,2013,79
41840.jpg,1934,1967,33
41845.jpg,1934,2022,88
41850.jpg,1934,2016,82
41855.jpg,1934,1973,39
41860.jpg,1934,2019,85
41865.jpg,1934,2014,80
41870.jpg,1934,2005,71
41875.jpg,1934,1922,-12
41880.jpg,1934,1990,56
41885.jpg,1934,1900,-34
41890.jpg,1934,1950,16
41895.jpg,1934,2022,88
41900.jpg,1934,1927,-7
41905.jpg,1934,20,-1914
41910.jpg,1934,1960,26
41915.jpg,1934,1930,-4
41920.jpg,1934,1955,21
41925.jpg,1934,19,-1915
41930.jpg,1934,1874,-60
41935.jpg,1934,2010,76
41940.jpg,1934,2022,88
41945.jpg,1934,1264,-670
41950.jpg,1934,2006,72
41955.jpg,1934,2013,79
41960.jpg,1934,1955,21
41965.jpg,1934,1919,-15
41970.jpg,1934,2020,86
41975.jpg,1934,1999,65
41980.jpg,1934,1859,-75
41985.jpg,1934,2010,76
41990.jpg,1934,1910,-24
41995.jpg,1934,1905,-29
42000.jpg,1934,1950,16
42005.jpg,1934,1830,-104
42010.jpg,1935,1955,20
42015.jpg,1935,2008,73
42020.jpg,1935,1942,7
42025.jpg,1935,1992,57
42035.jpg,1935,2019,84
42040.jpg,1935,1970,35
42045.jpg,1935,2016,81
42050.jpg,1935,2000,65
42060.jpg,1935,1930,-5
42065.jpg,1935,20,-1915
42070.jpg,1935,1970,35
42075.jpg,1935,1914,-21
42080.jpg,1935,1975,40
42085.jpg,1935,1927,-8
42090.jpg,1935,1940,5
42095.jpg,1935,1875,-60
42100.jpg,1935,1906,-29
42105.jpg,1935,1895,-40
42110.jpg,1935,1998,63
42115.jpg,1935,1786,-149
42120.jpg,1935,1923,-12
42125.jpg,1935,1840,-95
42130.jpg,1935,2010,75
42135.jpg,1935,1989,54
42140.jpg,1935,1930,-5
42145.jpg,1935,1810,-125
42150.jpg,1935,1865,-70
42155.jpg,1935,1850,-85
42160.jpg,1935,1920,-15
42165.jpg,1935,1830,-105
42170.jpg,1935,19,-1916
42175.jpg,1935,2018,83
42180.jpg,1935,1997,62
42185.jpg,1935,2009,74
42190.jpg,1935,1970,35
42195.jpg,1935,20,-1915
42200.jpg,1935,1920,-15
42205.jpg,1935,1920,-15
42210.jpg,1935,1980,45
42215.jpg,1935,1908,-27
42220.jpg,1935,1963,28
42225.jpg,1935,1950,15
42230.jpg,1935,1929,-6
42235.jpg,1935,1945,10
42240.jpg,1935,1961,26
42250.jpg,1935,1957,22
42255.jpg,1935,2002,67
42260.jpg,1935,2010,75
42265.jpg,1935,1883,-52
42270.jpg,1935,20,-1915
42275.jpg,1935,1926,-9
42280.jpg,1935,1937,2
42285.jpg,1935,1990,55
42290.jpg,1935,1918,-17
42295.jpg,1936,2007,71
42300.jpg,1936,1970,34
42305.jpg,1936,1925,-11
42310.jpg,1936,2017,81
42315.jpg,1936,1937,1
42320.jpg,1936,1920,-16
42325.jpg,1936,1970,34
42330.jpg,1936,1975,39
42335.jpg,1936,1923,-13
42340.jpg,1936,1880,-56
42345.jpg,1936,1956,20
42350.jpg,1936,1965,29
42355.jpg,1936,1990,54
42360.jpg,1936,2015,79
42365.jpg,1936,1885,-51
42370.jpg,1936,2011,75
42375.jpg,1936,2002,66
42380.jpg,1936,1956,20
42385.jpg,1936,1910,-26
42390.jpg,1936,1890,-46
42395.jpg,1936,1923,-13
42400.jpg,1936,1964,28
42405.jpg,1936,1900,-36
42410.jpg,1936,1982,46
42415.jpg,1936,1967,31
42420.jpg,1936,1986,50
42425.jpg,1936,1879,-57
42430.jpg,1936,1887,-49
42435.jpg,1936,1970,34
42440.jpg,1936,1940,4
42445.jpg,1936,1950,14
42450.jpg,1936,1950,14
42455.jpg,1936,1955,19
42460.jpg,1936,1940,4
42465.jpg,1936,1960,24
42470.jpg,1936,2022,86
42475.jpg,1936,1983,47
42480.jpg,1936,1603,-333
42485.jpg,1936,1854,-82
42490.jpg,1936,1960,24
42495.jpg,1936,1930,-6
42500.jpg,1936,1920,-16
42505.jpg,1936,1940,4
42510.jpg,1936,19,-1917
42515.jpg,1936,1965,29
42520.jpg,1936,1851,-85
42525.jpg,1936,1970,34
42530.jpg,1936,1930,-6
42535.jpg,1936,1970,34
42540.jpg,1936,1852,-84
42545.jpg,1936,1775,-161
42550.jpg,1936,1975,39
42555.jpg,1936,1810,-126
42560.jpg,1936,2010,74
42565.jpg,1936,1956,20
42570.jpg,1936,1996,60
42575.jpg,1936,1920,-16
42585.jpg,1936,20,-1916
42595.jpg,1936,1957,21
42600.jpg,1936,1910,-26
42610.jpg,1937,1930,-7
42615.jpg,1937,1960,23
42620.jpg,1937,1920,-17
42625.jpg,1937,1897,-40
42630.jpg,1937,1952,15
42635.jpg,1937,1950,13
42640.jpg,1937,2010,73
42645.jpg,1937,1970,33
42650.jpg,1937,1939,2
42655.jpg,1937,1992,55
42660.jpg,1937,1983,46
42665.jpg,1937,1955,18
42670.jpg,1937,1663,-274
42675.jpg,1937,1963,26
42680.jpg,1937,1959,22
42685.jpg,1937,1920,-17
42690.jpg,1937,2004,67
42695.jpg,1937,19,-1918
42700.jpg,1937,1935,-2
42705.jpg,1937,1928,-9
42710.jpg,1937,1966,29
42715.jpg,1937,1,-1936
42720.jpg,1937,1903,-34
42725.jpg,1937,1898,-39
42730.jpg,1937,1970,33
42735.jpg,1937,1950,13
42740.jpg,1937,1937,0
42745.jpg,1937,1930,-7
42750.jpg,1937,1950,13
42755.jpg,1937,1966,29
42765.jpg,1937,1826,-111
42770.jpg,1937,2015,78
42775.jpg,1937,1963,26
42780.jpg,1937,1965,28
42785.jpg,1937,2004,67
42790.jpg,1937,1896,-41
42795.jpg,1937,1950,13
42800.jpg,1937,18,-1919
42805.jpg,1937,2019,82
42810.jpg,1937,1822,-115
42815.jpg,1937,1970,33
42820.jpg,1937,1934,-3
42825.jpg,1937,1877,-60
42830.jpg,1937,0,-1937
42835.jpg,1937,1980,43
42840.jpg,1937,1920,-17
42845.jpg,1937,1597,-340
42850.jpg,1937,1980,43
42855.jpg,1937,1950,13
42860.jpg,1937,1965,28
42865.jpg,1937,1993,56
42870.jpg,1937,1972,35
42875.jpg,1937,1990,53
42880.jpg,1937,14,-1923
42885.jpg,1937,1960,23
42890.jpg,1937,2029,92
42895.jpg,1937,1930,-7
42900.jpg,1937,2006,69
42905.jpg,1937,2000,63
42910.jpg,1937,1584,-353
42915.jpg,1938,2019,81
42920.jpg,1938,1923,-15
42925.jpg,1938,2021,83
42930.jpg,1938,1920,-18
42935.jpg,1938,1987,49
42940.jpg,1938,2012,74
42945.jpg,1938,2016,78
42950.jpg,1938,2021,83
42955.jpg,1938,1995,57
42960.jpg,1938,1960,22
42965.jpg,1938,1943,5
42970.jpg,1938,1915,-23
42975.jpg,1938,20,-1918
42980.jpg,1938,20,-1918
42985.jpg,1938,1907,-31
42990.jpg,1938,1910,-28
42995.jpg,1938,1907,-31
43000.jpg,1938,1930,-8
43005.jpg,1938,1896,-42
43010.jpg,1938,1910,-28
43015.jpg,1938,1855,-83
43020.jpg,1938,1930,-8
43025.jpg,1938,2018,80
43030.jpg,1938,2000,62
43035.jpg,1938,2019,81
43040.jpg,1938,1940,2
43045.jpg,1938,1929,-9
43050.jpg,1938,1900,-38
43055.jpg,1938,1930,-8
43060.jpg,1938,2005,67
43065.jpg,1938,1950,12
43070.jpg,1938,2016,78
43075.jpg,1938,1983,45
43080.jpg,1938,1930,-8
43085.jpg,1938,1880,-58
43090.jpg,1938,1980,42
43095.jpg,1938,2007,69
43100.jpg,1938,1980,42
43105.jpg,1938,2007,69
43110.jpg,1938,1960,22
43115.jpg,1938,1976,38
43120.jpg,1938,1960,22
43125.jpg,1938,1882,-56
43130.jpg,1938,1980,42
43135.jpg,1938,2019,81
43140.jpg,1938,2012,74
43145.jpg,1938,1945,7
43150.jpg,1938,2009,71
43155.jpg,1938,1930,-8
43160.jpg,1938,1938,0
43165.jpg,1938,2017,79
43170.jpg,1938,1950,12
43175.jpg,1938,2007,69
43185.jpg,1938,1900,-38
43190.jpg,1938,1890,-48
43195.jpg,1938,1966,28
43200.jpg,1938,1950,12
43210.jpg,1939,1912,-27
43215.jpg,1939,1921,-18
43220.jpg,1939,1970,31
43225.jpg,1939,1950,11
43235.jpg,1939,2007,68
43245.jpg,1939,1954,15
43250.jpg,1939,1960,21
43255.jpg,1939,2015,76
43260.jpg,1939,2018,79
43270.jpg,1939,1940,1
43275.jpg,1939,2018,79
43280.jpg,1939,1890,-49
43285.jpg,1939,1960,21
43290.jpg,1939,1917,-22
43295.jpg,1939,1950,11
43300.jpg,1939,2017,78
43305.jpg,1939,20,-1919
43310.jpg,1939,1950,11
43315.jpg,1939,1930,-9
43320.jpg,1939,1960,21
43325.jpg,1939,1950,11
43330.jpg,1939,2000,61
43335.jpg,1939,2009,70
43340.jpg,1939,2014,75
43345.jpg,1939,18,-1921
43350.jpg,1939,2012,73
43360.jpg,1939,2010,71
43365.jpg,1939,1910,-29
43370.jpg,1939,1909,-30
43375.jpg,1939,1770,-169
43380.jpg,1939,2011,72
43385.jpg,1939,1970,31
43390.jpg,1939,1970,31
43395.jpg,1939,1950,11
43400.jpg,1939,2018,79
43405.jpg,1939,2018,79
43410.jpg,1939,1945,6
43415.jpg,1939,1950,11
43420.jpg,1939,1986,47
43425.jpg,1939,2006,67
43430.jpg,1939,1881,-58
43435.jpg,1939,1930,-9
43440.jpg,1939,1745,-194
43445.jpg,1939,2012,73
43450.jpg,1939,1960,21
43455.jpg,1939,2000,61
43460.jpg,1939,1900,-39
43465.jpg,1939,2005,66
43470.jpg,1940,1957,17
43475.jpg,1940,1928,-12
43480.jpg,1940,1925,-15
43485.jpg,1940,2015,75
43490.jpg,1940,1910,-30
43495.jpg,1940,1974,34
43500.jpg,1940,1932,-8
43505.jpg,1940,2020,80
43510.jpg,1940,1940,0
43515.jpg,1940,1920,-20
43520.jpg,1940,1890,-50
43525.jpg,1940,1798,-142
43530.jpg,1940,1960,20
43535.jpg,1940,1582,-358
43540.jpg,1940,1975,35
43545.jpg,1940,1964,24
43550.jpg,1940,1898,-42
43555.jpg,1940,1978,38
43560.jpg,1940,1970,30
43565.jpg,1940,1961,21
43570.jpg,1940,1975,35
43575.jpg,1940,1927,-13
43580.jpg,1940,1940,0
43585.jpg,1940,2007,67
43590.jpg,1940,1952,12
43595.jpg,1940,1952,12
43600.jpg,1940,2000,60
43605.jpg,1940,1952,12
43610.jpg,1940,1865,-75
43615.jpg,1940,2001,61
43620.jpg,1940,1850,-90
43625.jpg,1940,1911,-29
43630.jpg,1940,2000,60
43635.jpg,1940,1959,19
43640.jpg,1940,1964,24
43645.jpg,1940,1958,18
43650.jpg,1940,1992,52
43655.jpg,1940,2015,75
43660.jpg,1940,1935,-5
43665.jpg,1940,1983,43
43670.jpg,1940,1905,-35
43675.jpg,1940,1950,10
43680.jpg,1940,2019,79
43685.jpg,1940,1960,20
43700.jpg,1940,20,-1920
43705.jpg,1940,-1,-1941
43710.jpg,1940,1920,-20
43715.jpg,1940,1975,35
43720.jpg,1941,1960,19
43725.jpg,1941,1940,-1
43730.jpg,1941,2015,74
43735.jpg,1941,2013,72
43740.jpg,1941,1970,29
43745.jpg,1941,17,-1924
43750.jpg,1941,1992,51
43755.jpg,1941,1854,-87
43760.jpg,1941,1859,-82
43765.jpg,1941,1970,29
43770.jpg,1941,1984,43
43775.jpg,1941,1966,25
43780.jpg,1941,1978,37
43785.jpg,1941,-1,-1942
43790.jpg,1941,1930,-11
43795.jpg,1941,2007,66
43800.jpg,1941,2012,71
43805.jpg,1941,1840,-101
43810.jpg,1941,2005,64
43815.jpg,1941,1970,29
43820.jpg,1941,1965,24
43825.jpg,1941,1980,39
43830.jpg,1941,2005,64
43835.jpg,1941,2019,78
43840.jpg,1941,1972,31
43845.jpg,1941,1973,32
43850.jpg,1941,1960,19
43855.jpg,1941,1880,-61
43860.jpg,1941,1960,19
43865.jpg,1942,1921,-21
43870.jpg,1942,1960,18
43875.jpg,1942,1973,31
43880.jpg,1942,2008,66
43885.jpg,1942,2000,58
43890.jpg,1942,1950,8
43895.jpg,1942,2008,66
43900.jpg,1942,1856,-86
43905.jpg,1942,1906,-36
43910.jpg,1942,1993,51
43915.jpg,1942,1822,-120
43920.jpg,1942,19,-1923
43925.jpg,1942,1955,13
43930.jpg,1942,1970,28
43935.jpg,1942,1930,-12
43940.jpg,1942,1850,-92
43945.jpg,1942,1980,38
43950.jpg,1942,1978,36
43955.jpg,1942,1910,-32
43960.jpg,1943,1854,-89
43965.jpg,1943,20,-1923
43970.jpg,1943,1960,17
43975.jpg,1943,1952,9
43980.jpg,1943,1972,29
43985.jpg,1943,1910,-33
43990.jpg,1943,1934,-9
43995.jpg,1943,1915,-28
44000.jpg,1943,1980,37
44005.jpg,1943,2012,69
44010.jpg,1943,2019,76
44015.jpg,1943,1980,37
44020.jpg,1943,1920,-23
44025.jpg,1943,1910,-33
44030.jpg,1944,1891,-53
44035.jpg,1944,2002,58
44040.jpg,1944,1997,53
44045.jpg,1944,2015,71
44050.jpg,1944,1795,-149
44055.jpg,1944,14,-1930
44060.jpg,1945,1990,45
44065.jpg,1945,1943,-2
44075.jpg,1945,2013,68
44080.jpg,1945,2020,75
44090.jpg,1945,1959,14
44095.jpg,1945,2011,66
44100.jpg,1945,1995,50
44105.jpg,1945,1948,3
44110.jpg,1945,1921,-24
44115.jpg,1946,2002,56
44120.jpg,1946,1960,14
44125.jpg,1946,1930,-16
44130.jpg,1946,2006,60
44135.jpg,1946,1931,-15
44140.jpg,1946,2019,73
44145.jpg,1946,1990,44
44150.jpg,1946,1950,4
44155.jpg,1946,1870,-76
44160.jpg,1946,1910,-36
44165.jpg,1946,1972,26
44170.jpg,1946,2005,59
44175.jpg,1947,1975,28
44180.jpg,1947,1950,3
44185.jpg,1947,2011,64
44190.jpg,1947,2013,66
44195.jpg,1947,2022,75
44200.jpg,1947,1960,13
44205.jpg,1947,1990,43
44210.jpg,1947,2019,72
44215.jpg,1947,1930,-17
44220.jpg,1947,1936,-11
44230.jpg,1947,1956,9
44240.jpg,1947,2001,54
44245.jpg,1947,1990,43
44250.jpg,1947,1993,46
44255.jpg,1947,2011,64
44260.jpg,1947,2010,63
44270.jpg,1947,2012,65
44275.jpg,1947,2000,53
44280.jpg,1947,1940,-7
44285.jpg,1948,1930,-18
44290.jpg,1948,2011,63
44295.jpg,1948,2000,52
44300.jpg,1948,1950,2
44305.jpg,1948,1939,-9
44310.jpg,1948,1920,-28
44315.jpg,1948,2010,62
44320.jpg,1948,1912,-36
44325.jpg,1948,1910,-38
44330.jpg,1948,1912,-36
44335.jpg,1948,1905,-43
44340.jpg,1948,1886,-62
44345.jpg,1948,2008,60
44350.jpg,1948,1975,27
44355.jpg,1948,1931,-17
44360.jpg,1948,1970,22
44365.jpg,1948,2000,52
44370.jpg,1948,1888,-60
44375.jpg,1948,1940,-8
44380.jpg,1948,20,-1928
44385.jpg,1948,2015,67
44390.jpg,1948,1950,2
44395.jpg,1948,1940,-8
44400.jpg,1949,1912,-37
44405.jpg,1949,2010,61
44410.jpg,1949,2003,54
44415.jpg,1949,2016,67
44420.jpg,1949,2020,71
44425.jpg,1949,2019,70
44430.jpg,1949,1950,1
44435.jpg,1949,1979,30
44440.jpg,1949,1979,30
44445.jpg,1949,2018,69
44450.jpg,1949,2015,66
44455.jpg,1949,1962,13
44460.jpg,1949,1892,-57
44465.jpg,1949,1914,-35
44470.jpg,1949,1986,37
44475.jpg,1949,1920,-29
44480.jpg,1949,2020,71
44485.jpg,1949,1977,28
44490.jpg,1949,1997,48
44495.jpg,1949,1970,21
44500.jpg,1949,1950,1
44510.jpg,1949,1890,-59
44515.jpg,1949,1931,-18
44520.jpg,1949,1960,11
44525.jpg,1949,1964,15
44530.jpg,1949,1940,-9
44535.jpg,1949,2010,61
44540.jpg,1950,1988,38
44545.jpg,1950,1955,5
44550.jpg,1950,1998,48
44555.jpg,1950,1880,-70
44560.jpg,1950,1999,49
44565.jpg,1950,2007,57
44570.jpg,1950,2005,55
44575.jpg,1950,1920,-30
44585.jpg,1950,2013,63
44590.jpg,1950,2012,62
44595.jpg,1950,1990,40
44600.jpg,1950,2000,50
44605.jpg,1950,1972,22
44610.jpg,1950,1983,33
44615.jpg,1950,2011,61
44620.jpg,1950,1950,0
44625.jpg,1950,1763,-187
44630.jpg,1950,1856,-94
44635.jpg,1950,2018,68
44640.jpg,1950,1970,20
44645.jpg,1950,1984,34
44650.jpg,1950,1970,20
44655.jpg,1950,1785,-165
44660.jpg,1950,2006,56
44665.jpg,1950,2018,68
44680.jpg,1950,2012,62
44685.jpg,1950,1960,10
44690.jpg,1950,2018,68
44695.jpg,1950,1879,-71
44700.jpg,1950,2008,58
44705.jpg,1951,2015,64
44710.jpg,1951,1928,-23
44720.jpg,1951,2010,59
44725.jpg,1951,2019,68
44730.jpg,1951,2022,71
44735.jpg,1951,1950,-1
44740.jpg,1951,1870,-81
44745.jpg,1951,1981,30
44750.jpg,1951,1962,11
44755.jpg,1951,1971,20
44760.jpg,1951,1965,14
44765.jpg,1951,1930,-21
44770.jpg,1951,1320,-631
44775.jpg,1951,2016,65
44780.jpg,1951,1967,16
44785.jpg,1951,1965,14
44790.jpg,1951,1955,4
44795.jpg,1951,2013,62
44800.jpg,1951,1929,-22
44810.jpg,1951,1980,29
44815.jpg,1951,2019,68
44820.jpg,1951,1953,2
44825.jpg,1951,1962,11
44830.jpg,1951,1,-1950
44840.jpg,1951,1970,19
44845.jpg,1952,1908,-44
44850.jpg,1952,1,-1951
44855.jpg,1952,2016,64
44860.jpg,1952,2023,71
44865.jpg,1952,2006,54
44870.jpg,1952,2017,65
44875.jpg,1952,1985,33
44880.jpg,1952,2016,64
44885.jpg,1952,20,-1932
44890.jpg,1952,20,-1932
44895.jpg,1952,1955,3
44900.jpg,1952,1963,11
44905.jpg,1952,1968,16
44910.jpg,1952,2016,64
44915.jpg,1952,2001,49
44920.jpg,1952,2008,56
44925.jpg,1952,1980,28
44930.jpg,1952,2012,60
44940.jpg,1952,1975,23
44945.jpg,1952,1975,23
44950.jpg,1952,1954,2
44955.jpg,1952,2009,57
44960.jpg,1953,1915,-38
44965.jpg,1953,2011,58
44970.jpg,1953,1906,-47
44980.jpg,1953,1934,-19
44985.jpg,1953,1998,45
44990.jpg,1953,2022,69
44995.jpg,1953,1982,29
45000.jpg,1953,2015,62
45005.jpg,1953,1938,-15
45010.jpg,1953,1890,-63
45015.jpg,1953,19,-1934
45020.jpg,1953,1964,11
45025.jpg,1953,20,-1933
45030.jpg,1953,1940,-13
45035.jpg,1953,1970,17
45040.jpg,1953,2023,70
45045.jpg,1953,1983,30
45050.jpg,1953,2017,64
45055.jpg,1953,1959,6
45060.jpg,1953,1966,13
45065.jpg,1953,1987,34
45070.jpg,1953,1915,-38
45075.jpg,1953,1970,17
45080.jpg,1953,1960,7
45085.jpg,1953,2023,70
45090.jpg,1953,1897,-56
45095.jpg,1954,2015,61
45100.jpg,1954,1999,45
45105.jpg,1954,1973,19
45110.jpg,1954,2010,56
45115.jpg,1954,2005,51
45120.jpg,1954,2017,63
45125.jpg,1954,1996,42
45130.jpg,1954,1970,16
45135.jpg,1954,2010,56
45140.jpg,1954,2022,68
45150.jpg,1954,20,-1934
45155.jpg,1954,1966,12
45160.jpg,1954,1998,44
45165.jpg,1954,2018,64
45170.jpg,1954,1987,33
45175.jpg,1954,1940,-14
45180.jpg,1954,2011,57
45185.jpg,1954,20,-1934
45190.jpg,1954,1953,-1
45195.jpg,1954,1920,-34
45200.jpg,1954,2000,46
45205.jpg,1954,1909,-45
45210.jpg,1954,1910,-44
45215.jpg,1954,2004,50
45220.jpg,1954,1661,-293
45225.jpg,1954,1928,-26
45230.jpg,1954,1985,31
45235.jpg,1955,1850,-105
45240.jpg,1955,2018,63
45245.jpg,1955,1965,10
45250.jpg,1955,1990,35
45255.jpg,1955,20,-1935
45260.jpg,1955,1952,-3
45265.jpg,1955,2016,61
45275.jpg,1955,1965,10
45280.jpg,1955,2019,64
45285.jpg,1955,1970,15
45290.jpg,1955,20,-1935
45295.jpg,1955,2014,59
45300.jpg,1955,-1,-1956
45310.jpg,1955,1999,44
45315.jpg,1955,2022,67
45320.jpg,1955,1896,-59
45325.jpg,1955,-1,-1956
45330.jpg,1955,1990,35
45335.jpg,1955,1990,35
45345.jpg,1955,2012,57
45350.jpg,1955,1935,-20
45355.jpg,1955,1,-1954
45360.jpg,1955,1868,-87
45365.jpg,1955,1,-1954
45370.jpg,1955,1958,3
45375.jpg,1955,1875,-80
45385.jpg,1956,2011,55
45390.jpg,1956,2010,54
45395.jpg,1956,2014,58
45400.jpg,1956,2015,59
45405.jpg,1956,1980,24
45410.jpg,1956,1950,-6
45415.jpg,1956,1993,37
45420.jpg,1956,1999,43
45430.jpg,1956,2000,44
45435.jpg,1956,18,-1938
45440.jpg,1956,20,-1936
45445.jpg,1956,1961,5
45450.jpg,1956,1970,14
45455.jpg,1956,-1,-1957
45460.jpg,1956,2007,51
45465.jpg,1956,1971,15
45470.jpg,1956,2012,56
45475.jpg,1956,1939,-17
45480.jpg,1956,1927,-29
45485.jpg,1956,2012,56
45490.jpg,1956,1940,-16
45495.jpg,1956,1866,-90
45500.jpg,1956,2021,65
45505.jpg,1956,2000,44
45510.jpg,1956,2013,57
45515.jpg,1956,1,-1955
45520.jpg,1956,2001,45
45530.jpg,1957,1899,-58
45535.jpg,1957,2014,57
45540.jpg,1957,2007,50
45545.jpg,1957,2008,51
45550.jpg,1957,2016,59
45555.jpg,1957,1937,-20
45560.jpg,1957,2011,54
45565.jpg,1957,1970,13
45570.jpg,1957,2002,45
45575.jpg,1957,1938,-19
45585.jpg,1957,1930,-27
45590.jpg,1957,2000,43
45595.jpg,1957,1967,10
45605.jpg,1957,2017,60
45610.jpg,1957,1990,33
45615.jpg,1957,2010,53
45620.jpg,1957,2013,56
45630.jpg,1957,1940,-17
45635.jpg,1957,2019,62
45640.jpg,1957,2005,48
45645.jpg,1957,1800,-157
45650.jpg,1957,1955,-2
45655.jpg,1957,20,-1937
45660.jpg,1957,1990,33
45665.jpg,1957,1958,1
45675.jpg,1957,-1,-1958
45680.jpg,1957,1993,36
45685.jpg,1957,2005,48
45695.jpg,1957,2013,56
45700.jpg,1958,1890,-68
45705.jpg,1958,1998,40
45715.jpg,1958,1967,9
45720.jpg,1958,2019,61
45730.jpg,1958,2016,58
45735.jpg,1958,2010,52
45740.jpg,1958,2000,42
45745.jpg,1958,1940,-18
45750.jpg,1958,2018,60
45755.jpg,1958,1828,-130
45760.jpg,1958,1970,12
45765.jpg,1958,1972,14
45770.jpg,1958,1950,-8
45775.jpg,1958,1960,2
45780.jpg,1958,1930,-28
45785.jpg,1958,2015,57
45790.jpg,1958,2010,52
45795.jpg,1958,2020,62
45800.jpg,1958,1976,18
45805.jpg,1958,20,-1938
45810.jpg,1958,1635,-323
45815.jpg,1958,2010,52
45820.jpg,1958,2000,42
45825.jpg,1958,1983,25
45830.jpg,1958,2010,52
45835.jpg,1958,1908,-50
45840.jpg,1958,1950,-8
45845.jpg,1958,2008,50
45850.jpg,1958,1961,3
45855.jpg,1959,2020,61
45860.jpg,1959,1675,-284
45870.jpg,1959,2019,60
45880.jpg,1959,1907,-52
45885.jpg,1959,2015,56
45890.jpg,1959,1929,-30
45895.jpg,1959,2008,49
45900.jpg,1959,1969,10
45905.jpg,1959,1970,11
45910.jpg,1959,2000,41
45915.jpg,1959,2012,53
45925.jpg,1959,1939,-20
45930.jpg,1959,2019,60
45935.jpg,1959,1953,-6
45940.jpg,1959,20,-1939
45945.jpg,1959,2011,52
45950.jpg,1959,2010,51
45955.jpg,1959,2015,56
45960.jpg,1959,2010,51
45965.jpg,1959,1995,36
45970.jpg,1959,2008,49
45975.jpg,1959,2013,54
45980.jpg,1959,1,-1958
45985.jpg,1959,2006,47
45990.jpg,1960,1891,-69
45995.jpg,1960,1960,0
46000.jpg,1960,1952,-8
46005.jpg,1960,2010,50
46015.jpg,1960,20,-1940
46025.jpg,1960,2021,61
46030.jpg,1960,2017,57
46035.jpg,1960,2005,45
46040.jpg,1960,1956,-4
46045.jpg,1960,2014,54
46050.jpg,1960,1973,13
46055.jpg,1960,1974,14
46060.jpg,1960,2019,59
46065.jpg,1960,1949,-11
46070.jpg,1960,1970,10
46075.jpg,1960,2013,53
46080.jpg,1960,2018,58
46085.jpg,1960,1865,-95
46090.jpg,1960,2011,51
46095.jpg,1960,1996,36
46100.jpg,1960,1990,30
46105.jpg,1960,1973,13
46110.jpg,1960,2010,50
46115.jpg,1960,2021,61
46120.jpg,1960,2019,59
46130.jpg,1960,1790,-170
46135.jpg,1960,1966,6
46140.jpg,1960,1909,-51
46145.jpg,1960,1945,-15
46150.jpg,1960,1957,-3
46155.jpg,1961,1872,-89
46160.jpg,1961,2005,44
46170.jpg,1961,2016,55
46180.jpg,1961,2022,61
46185.jpg,1961,20,-1941
46190.jpg,1961,1899,-62
46195.jpg,1961,2018,57
46200.jpg,1961,2020,59
46205.jpg,1961,1975,14
46210.jpg,1961,1961,0
46215.jpg,1961,1978,17
46220.jpg,1961,2015,54
46225.jpg,1961,2020,59
46230.jpg,1961,2009,48
46235.jpg,1961,1970,9
46240.jpg,1961,2020,59
46245.jpg,1961,1989,28
46250.jpg,1961,1883,-78
46255.jpg,1961,2008,47
46260.jpg,1961,2015,54
46265.jpg,1961,1999,38
46270.jpg,1961,1985,24
46275.jpg,1961,1970,9
46280.jpg,1961,1856,-105
46285.jpg,1961,2021,60
46290.jpg,1961,20,-1941
46295.jpg,1961,1970,9
46305.jpg,1961,1973,12
46310.jpg,1961,1978,17
46315.jpg,1961,1960,-1
46320.jpg,1962,2010,48
46330.jpg,1962,1,-1961
46335.jpg,1962,2020,58
46340.jpg,1962,1903,-59
46345.jpg,1962,1972,10
46350.jpg,1962,1939,-23
46355.jpg,1962,2000,38
46360.jpg,1962,1968,6
46365.jpg,1962,1925,-37
46370.jpg,1962,1945,-17
46375.jpg,1962,2010,48
46380.jpg,1962,1993,31
46385.jpg,1962,1950,-12
46390.jpg,1962,1974,12
46395.jpg,1962,2005,43
46400.jpg,1962,1960,-2
46405.jpg,1962,1960,-2
46410.jpg,1962,1986,24
46415.jpg,1962,1800,-162
46420.jpg,1962,1990,28
46425.jpg,1962,1964,2
46430.jpg,1962,2012,50
46435.jpg,1962,2016,54
46440.jpg,1962,1996,34
46445.jpg,1962,2010,48
46450.jpg,1962,1965,3
46455.jpg,1962,1920,-42
46460.jpg,1962,2009,47
46465.jpg,1963,1950,-13
46470.jpg,1963,1966,3
46475.jpg,1963,1980,17
46480.jpg,1963,1999,36
46490.jpg,1963,2011,48
46495.jpg,1963,-1,-1964
46500.jpg,1963,2010,47
46505.jpg,1963,2016,53
46510.jpg,1963,1964,1
46515.jpg,1963,2007,44
46520.jpg,1963,2006,43
46525.jpg,1963,2016,53
46530.jpg,1963,2016,53
46535.jpg,1963,1964,1
46540.jpg,1963,1745,-218
46545.jpg,1963,1945,-18
46550.jpg,1963,20,-1943
46555.jpg,1963,1997,34
46560.jpg,1963,1956,-7
46565.jpg,1963,1990,27
46570.jpg,1963,2019,56
46575.jpg,1963,2008,45
46580.jpg,1963,1997,34
46585.jpg,1963,2013,50
46590.jpg,1963,1996,33
46595.jpg,1963,1956,-7
46600.jpg,1963,2018,55
46605.jpg,1963,2019,56
46615.jpg,1963,1970,7
46620.jpg,1963,1923,-40
46625.jpg,1963,2021,58
46630.jpg,1963,2007,44
46635.jpg,1964,20,-1944
46640.jpg,1964,2014,50
46645.jpg,1964,2000,36
46650.jpg,1964,1930,-34
46655.jpg,1964,1938,-26
46660.jpg,1964,2017,53
46665.jpg,1964,1985,21
46670.jpg,1964,-1,-1965
46675.jpg,1964,1996,32
46680.jpg,1964,2010,46
46685.jpg,1964,2015,51
46690.jpg,1964,2013,49
46695.jpg,1964,1986,22
46700.jpg,1964,2018,54
46705.jpg,1964,2022,58
46710.jpg,1964,2015,51
46715.jpg,1964,2022,58
46720.jpg,1964,1995,31
46725.jpg,1964,1960,-4
46730.jpg,1964,1970,6
46735.jpg,1964,2012,48
46740.jpg,1964,1955,-9
46745.jpg,1964,1997,33
46750.jpg,1964,1880,-84
46755.jpg,1964,2015,51
46760.jpg,1964,1851,-113
46765.jpg,1964,2017,53
46770.jpg,1964,1962,-2
46775.jpg,1964,1920,-44
46780.jpg,1964,2019,55
46785.jpg,1964,1984,20
46790.jpg,1964,2005,41
46795.jpg,1964,1970,6
46805.jpg,1964,1970,6
46810.jpg,1964,1961,-3
46815.jpg,1964,1880,-84
46820.jpg,1965,1980,15
46825.jpg,1965,1978,13
46830.jpg,1965,2015,50
46835.jpg,1965,2018,53
46840.jpg,1965,1965,0
46845.jpg,1965,2010,45
46850.jpg,1965,2015,50
46860.jpg,1965,2018,53
46865.jpg,1965,2018,53
46870.jpg,1965,21,-1944
46875.jpg,1965,2008,43
46885.jpg,1965,1955,-10
46890.jpg,1965,2015,50
46895.jpg,1965,1968,3
46900.jpg,1965,2018,53
46905.jpg,1965,1982,17
46910.jpg,1965,2010,45
46915.jpg,1965,1986,21
46920.jpg,1965,2018,53
46930.jpg,1965,1922,-43
46935.jpg,1965,2010,45
46940.jpg,1965,1940,-25
46945.jpg,1965,2000,35
46950.jpg,1965,2004,39
46955.jpg,1965,2008,43
46960.jpg,1965,2012,47
46965.jpg,1965,2005,40
46970.jpg,1965,2001,36
46990.jpg,1965,2010,45
46995.jpg,1965,1986,21
47000.jpg,1965,1879,-86
47005.jpg,1966,1978,12
47010.jpg,1966,1965,-1
47015.jpg,1966,2000,34
47020.jpg,1966,2016,50
47025.jpg,1966,2016,50
47030.jpg,1966,2007,41
47035.jpg,1966,1970,4
47040.jpg,1966,1996,30
47050.jpg,1966,2019,53
47055.jpg,1966,1992,26
47060.jpg,1966,1995,29
47065.jpg,1966,1930,-36
47070.jpg,1966,1965,-1
47075.jpg,1966,2016,50
47080.jpg,1966,1920,-46
47085.jpg,1966,2007,41
47090.jpg,1966,1967,1
47100.jpg,1966,2011,45
47105.jpg,1966,2010,44
47115.jpg,1966,1964,-2
47120.jpg,1966,1950,-16
47125.jpg,1966,1978,12
47130.jpg,1966,1940,-26
47135.jpg,1966,1952,-14
47140.jpg,1966,2000,34
47145.jpg,1966,19,-1947
47150.jpg,1966,2006,40
47155.jpg,1966,20,-1946
47170.jpg,1966,2005,39
47175.jpg,1966,2004,38
47180.jpg,1966,2000,34
47185.jpg,1966,1964,-2
47190.jpg,1966,1986,20
47195.jpg,1966,1954,-12
47200.jpg,1966,2021,55
47205.jpg,1966,1960,-6
47210.jpg,1966,2021,55
47215.jpg,1966,2015,49
47220.jpg,1966,1990,24
47225.jpg,1967,2015,48
47230.jpg,1967,2011,44
47235.jpg,1967,1884,-83
47240.jpg,1967,20,-1947
47245.jpg,1967,2019,52
47255.jpg,1967,2017,50
47265.jpg,1967,2018,51
47270.jpg,1967,2015,48
47275.jpg,1967,2001,34
47280.jpg,1967,2023,56
47285.jpg,1967,1971,4
47290.jpg,1967,2008,41
47295.jpg,1967,1900,-67
47300.jpg,1967,1882,-85
47305.jpg,1967,1990,23
47310.jpg,1967,1970,3
47315.jpg,1967,2005,38
47320.jpg,1967,2007,40
47325.jpg,1967,20,-1947
47330.jpg,1967,2006,39
47335.jpg,1967,1970,3
47340.jpg,1967,2015,48
47345.jpg,1967,1960,-7
47350.jpg,1967,1960,-7
47355.jpg,1967,1960,-7
47360.jpg,1967,1910,-57
47365.jpg,1967,1970,3
47370.jpg,1967,1988,21
47375.jpg,1967,1872,-95
47380.jpg,1967,1995,28
47385.jpg,1967,2010,43
47395.jpg,1967,1991,24
47400.jpg,1967,1992,25
47405.jpg,1967,2002,35
47410.jpg,1967,2017,50
47420.jpg,1967,1970,3
47425.jpg,1967,2002,35
47430.jpg,1967,2012,45
47435.jpg,1967,2007,40
47440.jpg,1967,1976,9
47445.jpg,1967,2003,36
47450.jpg,1968,2008,40
47455.jpg,1968,1996,28
47460.jpg,1968,1986,18
47465.jpg,1968,2017,49
47470.jpg,1968,2002,34
47475.jpg,1968,2000,32
47480.jpg,1968,2016,48
47485.jpg,1968,1967,-1
47490.jpg,1968,1940,-28
47495.jpg,1968,-1,-1969
47500.jpg,1968,2015,47
47505.jpg,1968,2015,47
47515.jpg,1968,1954,-14
47520.jpg,1968,1987,19
47525.jpg,1968,1989,21
47530.jpg,1968,1977,9
47535.jpg,1968,1977,9
47540.jpg,1968,1930,-38
47545.jpg,1968,1954,-14
47550.jpg,1968,2011,43
47555.jpg,1968,1964,-4
47560.jpg,1968,2018,50
47565.jpg,1968,2008,40
47570.jpg,1968,2003,35
47575.jpg,1968,2015,47
47580.jpg,1968,1992,24
47585.jpg,1968,1897,-71
47590.jpg,1968,2012,44
47595.jpg,1968,1996,28
47600.jpg,1968,2005,37
47610.jpg,1968,2008,40
47620.jpg,1968,2014,46
47625.jpg,1968,1963,-5
47630.jpg,1968,2000,32
47635.jpg,1968,1970,2
47640.jpg,1968,1987,19
47645.jpg,1968,1985,17
47650.jpg,1969,1970,1
47655.jpg,1969,1952,-17
47660.jpg,1969,1975,6
47665.jpg,1969,2007,38
47670.jpg,1969,1994,25
47675.jpg,1969,1953,-16
47680.jpg,1969,20,-1949
47685.jpg,1969,20,-1949
47690.jpg,1969,2010,41
47695.jpg,1969,1946,-23
47700.jpg,1969,2016,47
47710.jpg,1969,2012,43
47715.jpg,1969,1891,-78
47720.jpg,1969,1961,-8
47730.jpg,1969,1960,-9
47735.jpg,1969,2022,53
47740.jpg,1969,2019,50
47745.jpg,1969,2011,42
47750.jpg,1969,2017,48
47755.jpg,1969,1884,-85
47760.jpg,1969,1963,-6
47765.jpg,1969,2007,38
47770.jpg,1969,2020,51
47780.jpg,1969,2008,39
47785.jpg,1969,2019,50
47790.jpg,1969,2005,36
47795.jpg,1969,1,-1968
47800.jpg,1969,2016,47
47805.jpg,1969,1990,21
47810.jpg,1969,1971,2
47815.jpg,1969,2007,38
47820.jpg,1969,2016,47
47825.jpg,1969,2010,41
47830.jpg,1969,2019,50
47835.jpg,1970,1996,26
47840.jpg,1970,1972,2
47845.jpg,1970,2019,49
47850.jpg,1970,2017,47
47855.jpg,1970,1963,-7
47860.jpg,1970,2016,46
47865.jpg,1970,2016,46
47870.jpg,1970,1970,0
47875.jpg,1970,1995,25
47880.jpg,1970,2019,49
47890.jpg,1970,1967,-3
47895.jpg,1970,1958,-12
47900.jpg,1970,2014,44
47905.jpg,1970,2018,48
47910.jpg,1970,1984,14
47915.jpg,1970,1996,26
47920.jpg,1970,1970,0
47925.jpg,1970,1980,10
47930.jpg,1970,1995,25
47935.jpg,1970,2018,48
47940.jpg,1970,1992,22
47945.jpg,1970,1930,-40
47950.jpg,1970,2013,43
47955.jpg,1970,2008,38
47960.jpg,1970,1967,-3
47965.jpg,1970,2019,49
47970.jpg,1970,2019,49
47975.jpg,1970,1970,0
47980.jpg,1970,1911,-59
47985.jpg,1970,2014,44
47990.jpg,1970,2013,43
47995.jpg,1970,2021,51
48000.jpg,1971,2013,42
48005.jpg,1971,1986,15
48010.jpg,1971,2010,39
48020.jpg,1971,2011,40
48025.jpg,1971,2016,45
48030.jpg,1971,2022,51
48035.jpg,1971,1970,-1
48040.jpg,1971,2001,30
48045.jpg,1971,1990,19
48050.jpg,1971,2011,40
48065.jpg,1971,1956,-15
48070.jpg,1971,1988,17
48075.jpg,1971,2002,31
48080.jpg,1971,2013,42
48085.jpg,1971,2009,38
48090.jpg,1971,1910,-61
48095.jpg,1971,1934,-37
48100.jpg,1971,2004,33
48105.jpg,1971,2020,49
48110.jpg,1971,2016,45
48115.jpg,1971,2007,36
48120.jpg,1971,2015,44
48130.jpg,1971,2015,44
48135.jpg,1971,1997,26
48140.jpg,1971,2000,29
48145.jpg,1971,2003,32
48150.jpg,1971,2010,39
48155.jpg,1971,1974,3
48160.jpg,1971,2020,49
48170.jpg,1971,1994,23
48175.jpg,1971,2014,43
48180.jpg,1972,1933,-39
48185.jpg,1972,2022,50
48190.jpg,1972,1998,26
48195.jpg,1972,1981,9
48200.jpg,1972,1992,20
48205.jpg,1972,2000,28
48215.jpg,1972,1930,-42
48220.jpg,1972,1952,-20
48225.jpg,1972,2004,32
48230.jpg,1972,1986,14
48235.jpg,1972,2003,31
48240.jpg,1972,2019,47
48245.jpg,1972,1928,-44
48250.jpg,1972,1978,6
48255.jpg,1972,1980,8
48260.jpg,1972,1970,-2
48265.jpg,1972,2012,40
48270.jpg,1972,1987,15
48275.jpg,1972,2020,48
48280.jpg,1972,1968,-4
48285.jpg,1972,2018,46
48290.jpg,1972,1914,-58
48295.jpg,1972,2017,45
48300.jpg,1972,2021,49
48305.jpg,1972,20,-1952
48310.jpg,1972,2010,38
48320.jpg,1972,1951,-21
48325.jpg,1972,1973,1
48330.jpg,1972,2019,47
48335.jpg,1972,1943,-29
48340.jpg,1972,2020,48
48345.jpg,1972,1960,-12
48350.jpg,1972,1977,5
48355.jpg,1972,1950,-22
48360.jpg,1973,1950,-23
48365.jpg,1973,1910,-63
48370.jpg,1973,2010,37
48375.jpg,1973,1988,15
48380.jpg,1973,1998,25
48385.jpg,1973,2012,39
48390.jpg,1973,1945,-28
48395.jpg,1973,1967,-6
48400.jpg,1973,2019,46
48405.jpg,1973,1970,-3
48410.jpg,1973,1970,-3
48415.jpg,1973,2011,38
48420.jpg,1973,1970,-3
48425.jpg,1973,1960,-13
48430.jpg,1973,1960,-13
48435.jpg,1973,1974,1
48440.jpg,1973,2015,42
48445.jpg,1973,2016,43
48450.jpg,1973,2014,41
48455.jpg,1973,1988,15
48465.jpg,1973,2006,33
48475.jpg,1973,1990,17
48480.jpg,1973,1954,-19
48490.jpg,1973,2006,33
48495.jpg,1973,2020,47
48500.jpg,1973,19,-1954
48505.jpg,1973,1967,-6
48510.jpg,1973,2012,39
48515.jpg,1973,1930,-43
48525.jpg,1973,1966,-7
48530.jpg,1974,2015,41
48535.jpg,1974,2020,46
48540.jpg,1974,1952,-22
48545.jpg,1974,2011,37
48550.jpg,1974,2016,42
48555.jpg,1974,2017,43
48560.jpg,1974,1972,-2
48565.jpg,1974,2022,48
48570.jpg,1974,2020,46
48575.jpg,1974,1997,23
48580.jpg,1974,1984,10
48585.jpg,1974,1986,12
48590.jpg,1974,2006,32
48595.jpg,1974,1980,6
48600.jpg,1974,2019,45
48605.jpg,1974,2020,46
48610.jpg,1974,1983,9
48615.jpg,1974,1972,-2
48620.jpg,1974,1956,-18
48625.jpg,1974,1976,2
48630.jpg,1974,2018,44
48635.jpg,1974,2017,43
48640.jpg,1974,1485,-489
48650.jpg,1974,2000,26
48670.jpg,1974,1994,20
48675.jpg,1974,21,-1953
48680.jpg,1974,1992,18
48685.jpg,1974,1970,-4
48690.jpg,1974,1998,24
48695.jpg,1974,1993,19
48700.jpg,1974,2019,45
48705.jpg,1974,1367,-607
48710.jpg,1974,2012,38
48715.jpg,1974,1963,-11
48720.jpg,1974,2015,41
48725.jpg,1974,1986,12
48735.jpg,1975,2018,43
48740.jpg,1975,2019,44
48745.jpg,1975,1996,21
48750.jpg,1975,1986,11
48755.jpg,1975,1972,-3
48760.jpg,1975,1999,24
48765.jpg,1975,1975,0
48770.jpg,1975,2016,41
48775.jpg,1975,2011,36
48780.jpg,1975,2012,37
48785.jpg,1975,2016,41
48790.jpg,1975,2008,33
48795.jpg,1975,2020,45
48800.jpg,1975,1959,-16
48805.jpg,1975,2021,46
48810.jpg,1975,2016,41
48815.jpg,1975,21,-1954
48820.jpg,1975,2015,40
48825.jpg,1975,1990,15
48830.jpg,1975,1958,-17
48835.jpg,1975,2022,47
48840.jpg,1975,2021,46
48845.jpg,1975,2017,42
48850.jpg,1975,2006,31
48855.jpg,1975,2021,46
48860.jpg,1975,2019,44
48865.jpg,1975,2016,41
48870.jpg,1975,1995,20
48875.jpg,1975,2017,42
48880.jpg,1975,2006,31
48885.jpg,1975,2007,32
48890.jpg,1975,1972,-3
48895.jpg,1975,2009,34
48900.jpg,1976,1925,-51
48905.jpg,1976,2016,40
48910.jpg,1976,1980,4
48915.jpg,1976,2005,29
48920.jpg,1976,1925,-51
48925.jpg,1976,1995,19
48930.jpg,1976,2007,31
48940.jpg,1976,2018,42
48945.jpg,1976,1986,10
48950.jpg,1976,20,-1956
48955.jpg,1976,2007,31
48960.jpg,1976,1933,-43
48965.jpg,1976,2015,39
48970.jpg,1976,1986,10
48975.jpg,1976,2016,40
48985.jpg,1976,1889,-87
48990.jpg,1976,1880,-96
49000.jpg,1976,1820,-156
49020.jpg,1976,2002,26
49030.jpg,1976,2019,43
49035.jpg,1976,20,-1956
49040.jpg,1976,2010,34
49045.jpg,1976,1996,20
49050.jpg,1976,2018,42
49060.jpg,1976,1988,12
49065.jpg,1976,1885,-91
49070.jpg,1976,2000,24
49075.jpg,1976,1392,-584
49080.jpg,1976,1974,-2
49085.jpg,1976,2017,41
49090.jpg,1976,2016,40
49095.jpg,1977,2015,38
49100.jpg,1977,1980,3
49105.jpg,1977,1979,2
49110.jpg,1977,1999,22
49115.jpg,1977,1999,22
49120.jpg,1977,20,-1957
49125.jpg,1977,2020,43
49130.jpg,1977,2010,33
49135.jpg,1977,2016,39
49140.jpg,1977,1978,1
49145.jpg,1977,1951,-26
49150.jpg,1977,1966,-11
49155.jpg,1977,1970,-7
49160.jpg,1977,1924,-53
49165.jpg,1977,1989,12
49170.jpg,1977,1,-1976
49175.jpg,1977,1920,-57
49180.jpg,1977,2016,39
49185.jpg,1977,1995,18
49190.jpg,1977,2012,35
49195.jpg,1977,2021,44
49205.jpg,1977,2019,42
49210.jpg,1977,2010,33
49215.jpg,1977,1990,13
49220.jpg,1977,2005,28
49225.jpg,1977,2022,45
49230.jpg,1977,1960,-17
49235.jpg,1977,2010,33
49240.jpg,1977,2012,35
49250.jpg,1977,1968,-9
49255.jpg,1977,2016,39
49260.jpg,1978,2010,32
49265.jpg,1978,2012,34
49270.jpg,1978,1970,-8
49280.jpg,1978,1975,-3
49285.jpg,1978,1964,-14
49290.jpg,1978,1930,-48
49295.jpg,1978,2019,41
49305.jpg,1978,2009,31
49310.jpg,1978,2014,36
49315.jpg,1978,2011,33
49320.jpg,1978,1987,9
49325.jpg,1978,1955,-23
49330.jpg,1978,1989,11
49335.jpg,1978,1965,-13
49340.jpg,1978,1872,-106
49345.jpg,1978,1988,10
49350.jpg,1978,1999,21
49355.jpg,1978,2012,34
49360.jpg,1978,2017,39
49365.jpg,1978,2018,40
49370.jpg,1978,2004,26
49375.jpg,1978,1970,-8
49385.jpg,1978,1960,-18
49390.jpg,1978,2018,40
49395.jpg,1978,1967,-11
49400.jpg,1978,2019,41
49405.jpg,1979,1976,-3
49410.jpg,1979,2010,31
49415.jpg,1979,1994,15
49420.jpg,1979,2011,32
49425.jpg,1979,2011,32
49430.jpg,1979,1970,-9
49435.jpg,1979,2017,38
49440.jpg,1979,1960,-19
49445.jpg,1979,2010,31
49450.jpg,1979,2010,31
49455.jpg,1979,1973,-6
49460.jpg,1979,2000,21
49465.jpg,1979,2010,31
49470.jpg,1979,2006,27
49475.jpg,1979,2004,25
49480.jpg,1979,1881,-98
49485.jpg,1979,19,-1960
49490.jpg,1979,1888,-91
49495.jpg,1979,1868,-111
49500.jpg,1979,2018,39
49505.jpg,1979,2017,38
49510.jpg,1979,20,-1959
49515.jpg,1979,2015,36
49525.jpg,1979,2018,39
49530.jpg,1979,1980,1
49535.jpg,1979,2013,34
49540.jpg,1979,2019,40
49545.jpg,1979,2017,38
49550.jpg,1979,2015,36
49555.jpg,1979,2019,40
49560.jpg,1979,20,-1959
49565.jpg,1980,1980,0
49570.jpg,1980,1875,-105
49585.jpg,1980,1920,-60
49590.jpg,1980,1998,18
49595.jpg,1980,1995,15
49600.jpg,1980,1970,-10
49605.jpg,1980,1976,-4
49610.jpg,1980,1972,-8
49615.jpg,1980,2007,27
49620.jpg,1980,2019,39
49625.jpg,1980,1984,4
49630.jpg,1980,2012,32
49635.jpg,1980,2016,36
49640.jpg,1980,1860,-120
49645.jpg,1980,2012,32
49650.jpg,1980,1987,7
49655.jpg,1980,1952,-28
49660.jpg,1980,2018,38
49665.jpg,1980,1930,-50
49675.jpg,1980,2010,30
49680.jpg,1980,2007,27
49685.jpg,1980,2000,20
49690.jpg,1980,-1,-1981
49695.jpg,1980,1973,-7
49700.jpg,1980,2018,38
49705.jpg,1980,1920,-60
49710.jpg,1981,2016,35
49715.jpg,1981,2020,39
49720.jpg,1981,2020,39
49725.jpg,1981,1959,-22
49735.jpg,1981,2013,32
49740.jpg,1981,1970,-11
49745.jpg,1981,2015,34
49750.jpg,1981,1,-1980
49755.jpg,1981,2004,23
49760.jpg,1981,2012,31
49770.jpg,1981,1956,-25
49775.jpg,1981,2010,29
49780.jpg,1981,2016,35
49785.jpg,1981,20,-1961
49790.jpg,1981,1970,-11
49795.jpg,1981,2019,38
49800.jpg,1981,2005,24
49805.jpg,1981,1967,-14
49810.jpg,1981,1992,11
49815.jpg,1981,1955,-26
49820.jpg,1981,1950,-31
49825.jpg,1981,1980,-1
49830.jpg,1981,2009,28
49835.jpg,1981,1980,-1
49840.jpg,1981,1933,-48
49845.jpg,1981,1990,9
49850.jpg,1981,2016,35
49860.jpg,1981,1995,14
49865.jpg,1981,2023,42
49875.jpg,1981,2012,31
49880.jpg,1981,2010,29
49885.jpg,1981,2004,23
49890.jpg,1981,2006,25
49895.jpg,1981,1959,-22
49900.jpg,1981,1978,-3
49905.jpg,1981,2020,39
49910.jpg,1981,20,-1961
49915.jpg,1981,1968,-13
49920.jpg,1982,2013,31
49925.jpg,1982,1820,-162
49930.jpg,1982,2012,30
49935.jpg,1982,2015,33
49940.jpg,1982,1959,-23
49945.jpg,1982,2006,24
49950.jpg,1982,2010,28
49955.jpg,1982,1,-1981
49960.jpg,1982,2013,31
49965.jpg,1982,2020,38
49975.jpg,1982,2017,35
49980.jpg,1982,2012,30
49985.jpg,1982,2014,32
49990.jpg,1982,2019,37
49995.jpg,1982,1986,4
50000.jpg,1982,2001,19
50005.jpg,1982,2019,37
50010.jpg,1982,2014,32
50015.jpg,1982,1995,13
50020.jpg,1982,1,-1981
50025.jpg,1982,2006,24
50030.jpg,1982,2007,25
50035.jpg,1982,1988,6
50040.jpg,1982,1972,-10
50045.jpg,1982,2019,37
50050.jpg,1982,1950,-32
50055.jpg,1982,2014,32
50060.jpg,1982,2015,33
50065.jpg,1982,2007,25
50070.jpg,1982,500,-1482
50075.jpg,1982,2010,28
50080.jpg,1982,1975,-7
50095.jpg,1982,1930,-52
50100.jpg,1982,1650,-332
50105.jpg,1982,1934,-48
50110.jpg,1982,1860,-122
50115.jpg,1982,2008,26
50120.jpg,1982,1969,-13
50145.jpg,1982,1990,8
50150.jpg,1982,1985,3
50155.jpg,1982,2016,34
50160.jpg,1983,1585,-398
50165.jpg,1983,2015,32
50170.jpg,1983,2020,37
50175.jpg,1983,2019,36
50185.jpg,1983,1950,-33
50190.jpg,1983,1965,-18
50195.jpg,1983,1976,-7
50200.jpg,1983,1966,-17
50205.jpg,1983,2008,25
50210.jpg,1983,1976,-7
50220.jpg,1983,1986,3
50225.jpg,1983,2011,28
50230.jpg,1983,1986,3
50235.jpg,1983,2006,23
50240.jpg,1983,2012,29
50245.jpg,1983,1971,-12
50250.jpg,1983,1966,-17
50255.jpg,1983,1996,13
50260.jpg,1983,2012,29
50270.jpg,1983,2002,19
50275.jpg,1983,2018,35
50280.jpg,1983,2020,37
50285.jpg,1983,1980,-3
50290.jpg,1983,2014,31
50295.jpg,1983,1995,12
50300.jpg,1983,2018,35
50305.jpg,1983,1998,15
50310.jpg,1983,1960,-23
50315.jpg,1983,1840,-143
50320.jpg,1983,2019,36
50325.jpg,1983,1952,-31
50330.jpg,1983,1990,7
50335.jpg,1983,1977,-6
50340.jpg,1983,2019,36
50345.jpg,1983,2000,17
50350.jpg,1983,2010,27
50355.jpg,1983,1925,-58
50360.jpg,1983,1990,7
50365.jpg,1983,2000,17
50370.jpg,1983,19,-1964
50375.jpg,1983,1974,-9
50380.jpg,1983,2016,33
50385.jpg,1983,2015,32
50390.jpg,1984,2001,17
50395.jpg,1984,1975,-9
50400.jpg,1984,2007,23
50405.jpg,1984,2020,36
50410.jpg,1984,1955,-29
50415.jpg,1984,1970,-14
50420.jpg,1984,2016,32
50425.jpg,1984,1,-1983
50430.jpg,1984,1983,-1
50435.jpg,1984,19,-1965
50440.jpg,1984,1990,6
50445.jpg,1984,1917,-67
50450.jpg,1984,1999,15
50455.jpg,1984,2014,30
50465.jpg,1984,2019,35
50470.jpg,1984,2001,17
50475.jpg,1984,2016,32
50480.jpg,1984,1995,11
50485.jpg,1984,1994,10
50490.jpg,1984,1994,10
50495.jpg,1984,2003,19
50500.jpg,1984,1960,-24
50505.jpg,1984,1959,-25
50515.jpg,1984,2019,35
50520.jpg,1984,2016,32
50525.jpg,1984,1965,-19
50530.jpg,1984,1909,-75
50535.jpg,1984,1938,-46
50540.jpg,1984,1996,12
50545.jpg,1984,2020,36
50550.jpg,1984,2018,34
50555.jpg,1984,2002,18
50560.jpg,1984,1968,-16
50565.jpg,1984,2019,35
50570.jpg,1984,2011,27
50575.jpg,1984,2000,16
50580.jpg,1985,1678,-307
50585.jpg,1985,1968,-17
50595.jpg,1985,1950,-35
50600.jpg,1985,2019,34
50605.jpg,1985,1,-1984
50610.jpg,1985,2008,23
50615.jpg,1985,2000,15
50620.jpg,1985,2010,25
50630.jpg,1985,2014,29
50635.jpg,1985,1997,12
50640.jpg,1985,2001,16
50645.jpg,1985,1992,7
50650.jpg,1985,2010,25
50655.jpg,1985,1999,14
50660.jpg,1985,2014,29
50665.jpg,1985,2007,22
50670.jpg,1985,1989,4
50675.jpg,1985,2021,36
50680.jpg,1985,1965,-20
50685.jpg,1985,1923,-62
50690.jpg,1985,2017,32
50695.jpg,1985,2019,34
50700.jpg,1985,20,-1965
50705.jpg,1985,2010,25
50710.jpg,1985,1890,-95
50715.jpg,1985,1993,8
50720.jpg,1985,1891,-94
50730.jpg,1985,2008,23
50735.jpg,1985,2020,35
50740.jpg,1985,1998,13
50745.jpg,1985,2016,31
50750.jpg,1985,1997,12
50755.jpg,1985,2015,30
50760.jpg,1985,2011,26
50765.jpg,1985,2018,33
50770.jpg,1985,2001,16
50775.jpg,1985,2010,25
50780.jpg,1986,2018,32
50785.jpg,1986,2012,26
50790.jpg,1986,1970,-16
50795.jpg,1986,1976,-10
50800.jpg,1986,1994,8
50805.jpg,1986,2012,26
50810.jpg,1986,2009,23
50815.jpg,1986,2003,17
50820.jpg,1986,2018,32
50830.jpg,1986,1958,-28
50835.jpg,1986,2018,32
50840.jpg,1986,2010,24
50845.jpg,1986,1970,-16
50850.jpg,1986,1985,-1
50855.jpg,1986,2007,21
50860.jpg,1986,1962,-24
50865.jpg,1986,1898,-88
50870.jpg,1986,1920,-66
50885.jpg,1986,2011,25
50890.jpg,1986,1890,-96
50895.jpg,1986,1959,-27
50900.jpg,1986,1900,-86
50905.jpg,1986,2018,32
50910.jpg,1986,1990,4
50915.jpg,1986,2010,24
50920.jpg,1986,1928,-58
50925.jpg,1986,1478,-508
50930.jpg,1986,1986,0
50935.jpg,1986,2002,16
50940.jpg,1986,1900,-86
50945.jpg,1986,1999,13
50950.jpg,1986,2002,16
50955.jpg,1986,2008,22
50960.jpg,1986,1992,6
50965.jpg,1986,1978,-8
50970.jpg,1986,2020,34
50975.jpg,1986,1967,-19
50980.jpg,1986,2018,32
50985.jpg,1986,1907,-79
50990.jpg,1987,17,-1970
50995.jpg,1987,1977,-10
51000.jpg,1987,2007,20
51010.jpg,1987,1970,-17
51015.jpg,1987,2000,13
51020.jpg,1987,1970,-17
51025.jpg,1987,2013,26
51030.jpg,1987,2008,21
51035.jpg,1987,2018,31
51040.jpg,1987,1987,0
51045.jpg,1987,1987,0
51050.jpg,1987,1986,-1
51055.jpg,1987,2008,21
51060.jpg,1987,1995,8
51065.jpg,1987,2020,33
51070.jpg,1987,2017,30
51075.jpg,1987,2003,16
51080.jpg,1987,2010,23
51085.jpg,1987,1930,-57
51090.jpg,1987,2020,33
51095.jpg,1987,2000,13
51100.jpg,1987,1957,-30
51105.jpg,1987,2007,20
51110.jpg,1987,1989,2
51115.jpg,1987,2010,23
51120.jpg,1987,2013,26
51125.jpg,1987,1915,-72
51130.jpg,1987,1882,-105
51135.jpg,1987,2010,23
51140.jpg,1987,1910,-77
51145.jpg,1987,2016,29
51155.jpg,1987,2010,23
51165.jpg,1987,1930,-57
51170.jpg,1987,1910,-77
51175.jpg,1987,2022,35
51180.jpg,1987,2020,33
51200.jpg,1988,1978,-10
51205.jpg,1988,2017,29
51210.jpg,1988,1979,-9
51215.jpg,1988,2015,27
51220.jpg,1988,1961,-27
51225.jpg,1988,1927,-61
51240.jpg,1988,1995,7
51245.jpg,1988,2010,22
51250.jpg,1988,2014,26
51255.jpg,1988,2019,31
51260.jpg,1988,1971,-17
51265.jpg,1988,2018,30
51270.jpg,1988,1970,-18
51275.jpg,1988,1984,-4
51280.jpg,1988,2013,25
51285.jpg,1988,1997,9
51290.jpg,1988,2020,32
51295.jpg,1988,1970,-18
51300.jpg,1988,2010,22
51305.jpg,1988,1970,-18
51310.jpg,1988,2012,24
51315.jpg,1988,1990,2
51320.jpg,1988,1998,10
51330.jpg,1988,2010,22
51335.jpg,1988,1888,-100
51340.jpg,1988,2010,22
51345.jpg,1988,1932,-56
51350.jpg,1988,1922,-66
51355.jpg,1988,2014,26
51360.jpg,1988,2019,31
51365.jpg,1988,1962,-26
51370.jpg,1988,1995,7
51375.jpg,1988,2000,12
51380.jpg,1988,2010,22
51385.jpg,1988,-1,-1989
51390.jpg,1988,2015,27
51395.jpg,1988,1997,9
51400.jpg,1988,1999,11
51405.jpg,1988,1970,-18
51410.jpg,1989,2010,21
51415.jpg,1989,1982,-7
51420.jpg,1989,2018,29
51425.jpg,1989,2015,26
51430.jpg,1989,2018,29
51435.jpg,1989,1978,-11
51440.jpg,1989,2004,15
51445.jpg,1989,2007,18
51455.jpg,1989,1970,-19
51460.jpg,1989,2003,14
51470.jpg,1989,1,-1988
51475.jpg,1989,2003,14
51480.jpg,1989,2010,21
51485.jpg,1989,2015,26
51490.jpg,1989,2003,14
51495.jpg,1989,2005,16
51500.jpg,1989,1995,6
51505.jpg,1989,2019,30
51510.jpg,1989,2000,11
51515.jpg,1989,2016,27
51520.jpg,1989,2011,22
51525.jpg,1989,2013,24
51530.jpg,1989,2002,13
51535.jpg,1989,2000,11
51540.jpg,1989,2018,29
51545.jpg,1989,1937,-52
51550.jpg,1989,1940,-49
51555.jpg,1989,2018,29
51560.jpg,1989,2000,11
51565.jpg,1989,2012,23
51575.jpg,1989,2017,28
51580.jpg,1989,1553,-436
51585.jpg,1989,2018,29
51590.jpg,1989,1960,-29
51595.jpg,1989,1962,-27
51600.jpg,1989,1978,-11
51605.jpg,1990,1910,-80
51610.jpg,1990,1990,0
51615.jpg,1990,1984,-6
51620.jpg,1990,2018,28
51625.jpg,1990,2020,30
51630.jpg,1990,2006,16
51635.jpg,1990,1970,-20
51640.jpg,1990,2017,27
51645.jpg,1990,1951,-39
51650.jpg,1990,1997,7
51655.jpg,1990,1982,-8
51660.jpg,1990,1997,7
51670.jpg,1990,19,-1971
51675.jpg,1990,1969,-21
51680.jpg,1990,2016,26
51685.jpg,1990,2010,20
51690.jpg,1990,2000,10
51695.jpg,1990,1985,-5
51700.jpg,1990,1986,-4
51705.jpg,1990,2011,21
51710.jpg,1990,1964,-26
51715.jpg,1990,1950,-40
51720.jpg,1990,1977,-13
51725.jpg,1990,1965,-25
51730.jpg,1990,1999,9
51735.jpg,1990,2018,28
51740.jpg,1990,1985,-5
51745.jpg,1990,1997,7
51755.jpg,1990,1930,-60
51760.jpg,1990,1910,-80
51765.jpg,1990,1891,-99
51770.jpg,1990,1965,-25
51775.jpg,1990,2018,28
51780.jpg,1990,2008,18
51785.jpg,1990,1920,-70
51795.jpg,1990,1,-1989
51805.jpg,1990,2003,13
51810.jpg,1990,2010,20
51815.jpg,1990,2011,21
51820.jpg,1990,1899,-91
51825.jpg,1990,1997,7
51830.jpg,1990,2015,25
51840.jpg,1991,1970,-21
51845.jpg,1991,1959,-32
51850.jpg,1991,2010,19
51860.jpg,1991,1920,-71
51865.jpg,1991,2011,20
51870.jpg,1991,1996,5
51875.jpg,1991,2015,24
51885.jpg,1991,1978,-13
51890.jpg,1991,2015,24
51895.jpg,1991,1938,-53
51905.jpg,1991,2020,29
51910.jpg,1991,2010,19
51920.jpg,1991,1993,2
51925.jpg,1991,2010,19
51930.jpg,1991,1995,4
51935.jpg,1991,2016,25
51940.jpg,1991,1999,8
51945.jpg,1991,2002,11
51950.jpg,1991,1998,7
51955.jpg,1991,1984,-7
51960.jpg,1991,2016,25
51965.jpg,1991,1954,-37
51970.jpg,1991,2012,21
51975.jpg,1991,2018,27
51980.jpg,1991,1958,-33
51985.jpg,1991,1955,-36
51990.jpg,1991,2018,27
51995.jpg,1991,1993,2
52000.jpg,1991,2005,14
52015.jpg,1991,2009,18
52020.jpg,1991,2016,25
52025.jpg,1991,2012,21
52035.jpg,1991,1970,-21
52040.jpg,1991,2010,19
52045.jpg,1991,2010,19
52060.jpg,1991,1959,-32
52065.jpg,1992,2010,18
52070.jpg,1992,1974,-18
52075.jpg,1992,1929,-63
52080.jpg,1992,1978,-14
52085.jpg,1992,1975,-17
52090.jpg,1992,2015,23
52095.jpg,1992,1936,-56
52100.jpg,1992,-1,-1993
52105.jpg,1992,1990,-2
52110.jpg,1992,2006,14
52115.jpg,1992,1975,-17
52120.jpg,1992,20,-1972
52125.jpg,1992,2012,20
52130.jpg,1992,2004,12
52135.jpg,1992,1998,6
52140.jpg,1992,1990,-2
52145.jpg,1992,20,-1972
52150.jpg,1992,2006,14
52155.jpg,1992,20,-1972
52160.jpg,1992,1995,3
52165.jpg,1992,2009,17
52170.jpg,1992,1970,-22
52175.jpg,1992,2016,24
52180.jpg,1992,1999,7
52185.jpg,1992,2010,18
52190.jpg,1992,2019,27
52195.jpg,1992,1968,-24
52200.jpg,1992,2000,8
52205.jpg,1992,2007,15
52210.jpg,1992,2015,23
52215.jpg,1992,2010,18
52220.jpg,1992,2021,29
52225.jpg,1992,2008,16
52230.jpg,1992,1910,-82
52235.jpg,1992,1928,-64
52240.jpg,1992,2018,26
52245.jpg,1992,1997,5
52250.jpg,1992,2012,20
52260.jpg,1992,2008,16
52270.jpg,1993,1991,-2
52275.jpg,1993,1965,-28
52280.jpg,1993,1922,-71
52285.jpg,1993,2010,17
52290.jpg,1993,2019,26
52300.jpg,1993,2012,19
52305.jpg,1993,2014,21
52310.jpg,1993,1984,-9
52315.jpg,1993,2013,20
52320.jpg,1993,2014,21
52325.jpg,1993,2020,27
52335.jpg,1993,1996,3
52340.jpg,1993,2009,16
52345.jpg,1993,2019,26
52350.jpg,1993,2009,16
52355.jpg,1993,1976,-17
52360.jpg,1993,1998,5
52365.jpg,1993,1975,-18
52370.jpg,1993,2012,19
52375.jpg,1993,1970,-23
52380.jpg,1993,1970,-23
52385.jpg,1993,1955,-38
52390.jpg,1993,2017,24
52395.jpg,1993,20,-1973
52400.jpg,1993,2016,23
52405.jpg,1993,2009,16
52410.jpg,1993,2018,25
52415.jpg,1993,1966,-27
52420.jpg,1993,2014,21
52425.jpg,1993,1880,-113
52430.jpg,1993,2018,25
52435.jpg,1993,2013,20
52440.jpg,1993,2015,22
52445.jpg,1993,2016,23
52450.jpg,1993,19,-1974
52455.jpg,1993,2003,10
52460.jpg,1993,2016,23
52465.jpg,1993,1973,-20
52475.jpg,1994,2019,25
52480.jpg,1994,2013,19
52485.jpg,1994,1996,2
52490.jpg,1994,2007,13
52495.jpg,1994,2013,19
52505.jpg,1994,20,-1974
52510.jpg,1994,1960,-34
52515.jpg,1994,2012,18
52525.jpg,1994,2010,16
52530.jpg,1994,2009,15
52535.jpg,1994,1969,-25
52540.jpg,1994,2017,23
52545.jpg,1994,2016,22
52550.jpg,1994,2015,21
52555.jpg,1994,2005,11
52560.jpg,1994,1872,-122
52570.jpg,1994,2018,24
52575.jpg,1994,2010,16
52580.jpg,1994,1685,-309
52585.jpg,1994,1985,-9
52590.jpg,1994,2004,10
52595.jpg,1994,1889,-105
52600.jpg,1994,1952,-42
52605.jpg,1994,1565,-429
52610.jpg,1994,1966,-28
52615.jpg,1994,1850,-144
52620.jpg,1994,2020,26
52625.jpg,1994,2003,9
52630.jpg,1994,2018,24
52635.jpg,1994,2019,25
52640.jpg,1994,-1,-1995
52645.jpg,1994,1950,-44
52650.jpg,1995,2011,16
52655.jpg,1995,1983,-12
52660.jpg,1995,2020,25
52665.jpg,1995,2000,5
52670.jpg,1995,1970,-25
52675.jpg,1995,2022,27
52680.jpg,1995,2006,11
52685.jpg,1995,2020,25
52690.jpg,1995,2012,17
52695.jpg,1995,2017,22
52700.jpg,1995,2010,15
52705.jpg,1995,-1,-1996
52710.jpg,1995,2007,12
52715.jpg,1995,1975,-20
52720.jpg,1995,2020,25
52725.jpg,1995,2008,13
52730.jpg,1995,1934,-61
52735.jpg,1995,1922,-73
52740.jpg,1995,1983,-12
52745.jpg,1995,2010,15
52750.jpg,1995,1991,-4
52755.jpg,1995,2013,18
52760.jpg,1995,2016,21
52765.jpg,1995,1982,-13
52770.jpg,1995,2011,16
52775.jpg,1995,2019,24
52785.jpg,1995,2021,26
52790.jpg,1995,1920,-75
52795.jpg,1995,2011,16
52800.jpg,1995,1800,-195
52805.jpg,1995,2016,21
52810.jpg,1995,2017,22
52815.jpg,1995,20,-1975
52820.jpg,1995,1990,-5
52825.jpg,1995,2007,12
52830.jpg,1995,1916,-79
52835.jpg,1995,18,-1977
52840.jpg,1995,1862,-133
52845.jpg,1996,2016,20
52850.jpg,1996,2009,13
52855.jpg,1996,2012,16
52860.jpg,1996,2012,16
52865.jpg,1996,2019,23
52870.jpg,1996,2016,20
52875.jpg,1996,1970,-26
52880.jpg,1996,20,-1976
52885.jpg,1996,2018,22
52890.jpg,1996,1993,-3
52895.jpg,1996,2018,22
52900.jpg,1996,1973,-23
52905.jpg,1996,2013,17
52910.jpg,1996,1990,-6
52915.jpg,1996,1982,-14
52920.jpg,1996,2016,20
52925.jpg,1996,1970,-26
52935.jpg,1996,2018,22
52940.jpg,1996,2018,22
52945.jpg,1996,1878,-118
52950.jpg,1996,1984,-12
52955.jpg,1996,2019,23
52960.jpg,1996,2012,16
52965.jpg,1996,2014,18
52970.jpg,1996,1980,-16
52980.jpg,1996,2019,23
52985.jpg,1997,1870,-127
52990.jpg,1997,1973,-24
52995.jpg,1997,1949,-48
53000.jpg,1997,1970,-27
53005.jpg,1997,2006,9
53010.jpg,1997,2002,5
53015.jpg,1997,1889,-108
53020.jpg,1997,1996,-1
53025.jpg,1997,2012,15
53030.jpg,1997,2015,18
53035.jpg,1997,2010,13
53040.jpg,1997,1990,-7
53045.jpg,1997,1960,-37
53050.jpg,1997,2002,5
53055.jpg,1997,1993,-4
53060.jpg,1997,1990,-7
53065.jpg,1997,1971,-26
53070.jpg,1997,1983,-14
53075.jpg,1997,1986,-11
53080.jpg,1997,2015,18
53085.jpg,1997,2011,14
53090.jpg,1997,1923,-74
53095.jpg,1997,20,-1977
53100.jpg,1997,2018,21
53105.jpg,1997,2015,18
53110.jpg,1997,2019,22
53115.jpg,1997,1968,-29
53120.jpg,1997,2018,21
53125.jpg,1997,2012,15
53130.jpg,1997,1929,-68
53135.jpg,1997,2005,8
53140.jpg,1997,1963,-34
53145.jpg,1997,1980,-17
53150.jpg,1997,20,-1977
53155.jpg,1997,1920,-77
53165.jpg,1997,2020,23
53170.jpg,1997,2017,20
53175.jpg,1997,20,-1977
53180.jpg,1997,1973,-24
53185.jpg,1997,1988,-9
53190.jpg,1997,2019,22
53195.jpg,1997,1218,-779
53200.jpg,1997,2004,7
53205.jpg,1997,1975,-22
53210.jpg,1997,2002,5
53215.jpg,1997,1910,-87
53220.jpg,1997,2012,15
53225.jpg,1997,2012,15
53230.jpg,1997,2002,5
53235.jpg,1998,1896,-102
53240.jpg,1998,2015,17
53245.jpg,1998,1950,-48
53250.jpg,1998,2021,23
53255.jpg,1998,1927,-71
53260.jpg,1998,2017,19
53265.jpg,1998,1950,-48
53270.jpg,1998,2005,7
53275.jpg,1998,2010,12
53280.jpg,1998,2021,23
53285.jpg,1998,2010,12
53290.jpg,1998,2011,13
53300.jpg,1998,1970,-28
53305.jpg,1998,1997,-1
53310.jpg,1998,2022,24
53315.jpg,1998,1986,-12
53325.jpg,1998,2006,8
53330.jpg,1998,2017,19
53335.jpg,1998,2019,21
53340.jpg,1998,2002,4
53345.jpg,1998,2000,2
53350.jpg,1998,2015,17
53355.jpg,1998,1965,-33
53365.jpg,1998,2016,18
53370.jpg,1998,2011,13
53375.jpg,1998,2001,3
53380.jpg,1998,2003,5
53385.jpg,1998,1820,-178
53390.jpg,1998,1665,-333
53395.jpg,1998,2020,22
53400.jpg,1998,1910,-88
53405.jpg,1998,1979,-19
53410.jpg,1998,1981,-17
53415.jpg,1998,20,-1978
53420.jpg,1998,1968,-30
53425.jpg,1998,2003,5
53435.jpg,1998,2012,14
53440.jpg,1998,2015,17
53445.jpg,1998,2015,17
53450.jpg,1998,1977,-21
53455.jpg,1999,1885,-114
53460.jpg,1999,2010,11
53465.jpg,1999,2019,20
53470.jpg,1999,2004,5
53475.jpg,1999,2021,22
53480.jpg,1999,2015,16
53485.jpg,1999,2010,11
53490.jpg,1999,2020,21
53495.jpg,1999,2018,19
53505.jpg,1999,2020,21
53510.jpg,1999,2007,8
53515.jpg,1999,2017,18
53520.jpg,1999,2015,16
53525.jpg,1999,2018,19
53530.jpg,1999,2021,22
53535.jpg,1999,1950,-49
53540.jpg,1999,2002,3
53545.jpg,1999,1985,-14
53550.jpg,1999,2012,13
53555.jpg,1999,2010,11
53560.jpg,1999,1989,-10
53565.jpg,1999,1984,-15
53570.jpg,1999,20,-1979
53575.jpg,1999,2007,8
53580.jpg,1999,1958,-41
53585.jpg,1999,1978,-21
53590.jpg,1999,1882,-117
53595.jpg,1999,2010,11
53600.jpg,1999,2007,8
53605.jpg,1999,2015,16
53610.jpg,1999,2012,13
53615.jpg,1999,1956,-43
53620.jpg,1999,1990,-9
53625.jpg,1999,1991,-8
53630.jpg,1999,1938,-61
53635.jpg,1999,1980,-19
53650.jpg,1999,1994,-5
53655.jpg,1999,1983,-16
53660.jpg,1999,1983,-16
53665.jpg,1999,2017,18
53670.jpg,1999,2019,20
53675.jpg,1999,2018,19
53680.jpg,1999,2015,16
53685.jpg,1999,1930,-69
53690.jpg,2000,2018,18
53700.jpg,2000,1972,-28
53705.jpg,2000,2010,10
53710.jpg,2000,2016,16
53715.jpg,2000,2010,10
53720.jpg,2000,2019,19
53725.jpg,2000,2011,11
53730.jpg,2000,2018,18
53735.jpg,2000,2014,14
53740.jpg,2000,1976,-24
53745.jpg,2000,-1,-2001
53755.jpg,2000,1956,-44
53760.jpg,2000,1970,-30
53765.jpg,2000,2019,19
53770.jpg,2000,2012,12
53775.jpg,2000,1972,-28
53780.jpg,2000,1997,-3
53785.jpg,2000,1993,-7
53790.jpg,2000,2003,3
53795.jpg,2000,2014,14
53800.jpg,2000,1996,-4
53805.jpg,2000,2001,1
53810.jpg,2000,2012,12
53815.jpg,2000,1980,-20
53820.jpg,2000,1940,-60
53830.jpg,2000,19,-1981
53835.jpg,2000,20,-1980
53840.jpg,2000,2014,14
53845.jpg,2000,2009,9
53850.jpg,2000,1898,-102
53855.jpg,2000,-1,-2001
53860.jpg,2000,1996,-4
53865.jpg,2000,1,-1999
53870.jpg,2000,1,-1999
53875.jpg,2000,1992,-8
53880.jpg,2000,2016,16
53885.jpg,2000,2012,12
53890.jpg,2000,2016,16
53895.jpg,2000,1986,-14
53905.jpg,2001,2019,18
53910.jpg,2001,2010,9
53915.jpg,2001,2010,9
53920.jpg,2001,2020,19
53925.jpg,2001,2022,21
53930.jpg,2001,2009,8
53935.jpg,2001,2013,12
53940.jpg,2001,1950,-51
53945.jpg,2001,1919,-82
53950.jpg,2001,2008,7
53955.jpg,2001,1989,-12
53960.jpg,2001,2021,20
53965.jpg,2001,1970,-31
53970.jpg,2001,2000,-1
53975.jpg,2001,2019,18
53980.jpg,2001,1996,-5
53985.jpg,2001,2000,-1
53990.jpg,2001,2013,12
53995.jpg,2001,1891,-110
54000.jpg,2001,1991,-10
54005.jpg,2001,2021,20
54010.jpg,2001,20,-1981
54015.jpg,2001,2018,17
54020.jpg,2001,1978,-23
54025.jpg,2001,2018,17
54030.jpg,2001,2017,16
54035.jpg,2001,2018,17
54040.jpg,2001,2010,9
54045.jpg,2001,2016,15
54050.jpg,2001,1950,-51
54055.jpg,2001,2008,7
54060.jpg,2001,1933,-68
54065.jpg,2001,1970,-31
54070.jpg,2001,1973,-28
54075.jpg,2001,2021,20
54085.jpg,2001,2007,6
54090.jpg,2001,2023,22
54095.jpg,2001,2011,10
54100.jpg,2001,2016,15
54105.jpg,2001,2002,1
54110.jpg,2001,2010,9
54120.jpg,2001,1960,-41
54125.jpg,2001,2018,17
54130.jpg,2001,2022,21
54135.jpg,2001,2011,10
54140.jpg,2001,1996,-5
54145.jpg,2001,2012,11
54150.jpg,2001,2013,12
54155.jpg,2001,2012,11
54160.jpg,2001,2019,18
54165.jpg,2001,2016,15
54170.jpg,2001,2012,11
54180.jpg,2002,2006,4
54185.jpg,2002,2021,19
54190.jpg,2002,2011,9
54195.jpg,2002,2019,17
54200.jpg,2002,1990,-12
54205.jpg,2002,2002,0
54210.jpg,2002,-1,-2003
54215.jpg,2002,2020,18
54220.jpg,2002,1964,-38
54225.jpg,2002,1930,-72
54230.jpg,2002,1998,-4
54235.jpg,2002,2016,14
54240.jpg,2002,2017,15
54245.jpg,2002,1560,-442
54250.jpg,2002,2018,16
54255.jpg,2002,1873,-129
54260.jpg,2002,1975,-27
54265.jpg,2002,2019,17
54270.jpg,2002,2004,2
54275.jpg,2002,1945,-57
54280.jpg,2002,2016,14
54285.jpg,2002,2012,10
54290.jpg,2002,1988,-14
54295.jpg,2002,1900,-102
54300.jpg,2002,1910,-92
54305.jpg,2002,2020,18
54310.jpg,2002,2022,20
54315.jpg,2002,2016,14
54320.jpg,2002,1751,-251
54330.jpg,2002,16,-1986
54335.jpg,2002,2013,11
54340.jpg,2002,2014,12
54345.jpg,2002,1981,-21
54355.jpg,2002,2017,15
54360.jpg,2002,2015,13
54365.jpg,2002,1991,-11
54370.jpg,2002,2008,6
54375.jpg,2002,2014,12
54385.jpg,2002,2018,16
54390.jpg,2002,1983,-19
54395.jpg,2002,2018,16
54400.jpg,2002,1999,-3
54405.jpg,2003,2007,4
54410.jpg,2003,2022,19
54415.jpg,2003,1911,-92
54425.jpg,2003,2019,16
54430.jpg,2003,2018,15
54435.jpg,2003,2006,3
54440.jpg,2003,2019,16
54445.jpg,2003,2008,5
54450.jpg,2003,1993,-10
54460.jpg,2003,2003,0
54465.jpg,2003,1985,-18
54470.jpg,2003,20,-1983
54475.jpg,2003,2016,13
54480.jpg,2003,2013,10
54485.jpg,2003,1996,-7
54490.jpg,2003,1998,-5
54495.jpg,2003,2022,19
54500.jpg,2003,2009,6
54505.jpg,2003,2012,9
54510.jpg,2003,2016,13
54515.jpg,2003,1960,-43
54520.jpg,2003,1883,-120
54525.jpg,2003,2019,16
54530.jpg,2003,1991,-12
54535.jpg,2003,1960,-43
54540.jpg,2003,2018,15
54545.jpg,2003,1786,-217
54550.jpg,2003,2012,9
54555.jpg,2003,1880,-123
54560.jpg,2003,2020,17
54565.jpg,2003,2011,8
54570.jpg,2003,1970,-33
54575.jpg,2003,2013,10
54580.jpg,2003,2020,17
54585.jpg,2003,1967,-36
54590.jpg,2003,2010,7
54595.jpg,2003,2009,6
54600.jpg,2003,1953,-50
54605.jpg,2004,2016,12
54610.jpg,2004,2016,12
54620.jpg,2004,2018,14
54625.jpg,2004,2020,16
54630.jpg,2004,2018,14
54635.jpg,2004,1936,-68
54640.jpg,2004,2017,13
54645.jpg,2004,2010,6
54650.jpg,2004,2019,15
54655.jpg,2004,2018,14
54660.jpg,2004,2020,16
54665.jpg,2004,2020,16
54670.jpg,2004,2019,15
54675.jpg,2004,2016,12
54680.jpg,2004,1960,-44
54685.jpg,2004,2010,6
54690.jpg,2004,2002,-2
54695.jpg,2004,1986,-18
54700.jpg,2004,1990,-14
54705.jpg,2004,2013,9
54710.jpg,2004,1929,-75
54715.jpg,2004,2012,8
54720.jpg,2004,2015,11
54725.jpg,2004,2008,4
54730.jpg,2004,2017,13
54735.jpg,2004,2020,16
54740.jpg,2004,2017,13
54745.jpg,2004,2007,3
54750.jpg,2004,1970,-34
54760.jpg,2004,2019,15
54770.jpg,2004,1996,-8
54775.jpg,2004,2010,6
54780.jpg,2004,2014,10
54785.jpg,2004,1994,-10
54790.jpg,2004,1995,-9
54795.jpg,2004,2012,8
54800.jpg,2004,1969,-35
54805.jpg,2004,2013,9
54810.jpg,2004,2016,12
54815.jpg,2004,1993,-11
54820.jpg,2004,2000,-4
54825.jpg,2004,2019,15
54830.jpg,2004,1979,-25
54835.jpg,2004,2020,16
54840.jpg,2004,2013,9
54845.jpg,2005,1890,-115
54850.jpg,2005,2019,14
54855.jpg,2005,2018,13
54860.jpg,2005,2017,12
54865.jpg,2005,1890,-115
54870.jpg,2005,1980,-25
54885.jpg,2005,2010,5
54890.jpg,2005,1995,-10
54895.jpg,2005,2016,11
54900.jpg,2005,1959,-46
54905.jpg,2005,2016,11
54910.jpg,2005,2022,17
54915.jpg,2005,20,-1985
54925.jpg,2005,2012,7
54930.jpg,2005,1984,-21
54935.jpg,2005,2016,11
54940.jpg,2005,2010,5
54955.jpg,2005,1993,-12
54960.jpg,2005,2016,11
54965.jpg,2005,2010,5
54970.jpg,2005,2018,13
54975.jpg,2005,19,-1986
54980.jpg,2005,2021,16
54985.jpg,2005,2016,11
54990.jpg,2005,1886,-119
54995.jpg,2005,2005,0
55000.jpg,2005,2000,-5
55005.jpg,2005,2003,-2
55010.jpg,2005,2003,-2
55015.jpg,2005,1975,-30
55020.jpg,2005,1968,-37
55025.jpg,2005,2015,10
55030.jpg,2005,1978,-27
55035.jpg,2005,2020,15
55040.jpg,2005,2018,13
55045.jpg,2005,2017,12
55050.jpg,2005,2021,16
55055.jpg,2005,2019,14
55060.jpg,2005,2006,1
55065.jpg,2005,2013,8
55070.jpg,2005,2010,5
55075.jpg,2005,2015,10
55080.jpg,2005,2012,7
55085.jpg,2005,1950,-55
55090.jpg,2005,2018,13
55095.jpg,2005,2020,15
55100.jpg,2005,2006,1
55105.jpg,2005,2025,20
55110.jpg,2005,1980,-25
55115.jpg,2005,1910,-95
55120.jpg,2005,2015,10
55125.jpg,2005,2018,13
55130.jpg,2005,2008,3
55135.jpg,2006,2007,1
55140.jpg,2006,2014,8
55145.jpg,2006,1990,-16
55155.jpg,2006,2005,-1
55160.jpg,2006,2000,-6
55165.jpg,2006,2000,-6
55170.jpg,2006,2020,14
55175.jpg,2006,2022,16
55180.jpg,2006,1992,-14
55185.jpg,2006,2020,14
55190.jpg,2006,20,-1986
55195.jpg,2006,1979,-27
55200.jpg,2006,2008,2
55210.jpg,2006,2013,7
55215.jpg,2006,1970,-36
55220.jpg,2006,2016,10
55230.jpg,2006,1950,-56
55235.jpg,2006,2010,4
55240.jpg,2006,1995,-11
55245.jpg,2006,2017,11
55250.jpg,2006,2010,4
55255.jpg,2006,2008,2
55265.jpg,2006,-1,-2007
55270.jpg,2006,2011,5
55275.jpg,2006,1970,-36
55280.jpg,2006,2022,16
55285.jpg,2006,2003,-3
55290.jpg,2006,2015,9
55295.jpg,2006,2016,10
55300.jpg,2006,2010,4
55305.jpg,2006,2019,13
55310.jpg,2006,2012,6
55315.jpg,2006,1998,-8
55320.jpg,2006,2000,-6
55325.jpg,2006,1968,-38
55330.jpg,2006,2015,9
55335.jpg,2007,1565,-442
55340.jpg,2007,2015,8
55345.jpg,2007,1920,-87
55355.jpg,2007,1984,-23
55360.jpg,2007,2018,11
55365.jpg,2007,2010,3
55370.jpg,2007,1942,-65
55380.jpg,2007,2017,10
55385.jpg,2007,2002,-5
55395.jpg,2007,-1,-2008
55400.jpg,2007,2019,12
55405.jpg,2007,2000,-7
55410.jpg,2007,2012,5
55415.jpg,2007,1946,-61
55420.jpg,2007,2012,5
55425.jpg,2007,1965,-42
55430.jpg,2007,2015,8
55435.jpg,2007,1960,-47
55440.jpg,2007,1998,-9
55445.jpg,2007,2019,12
55450.jpg,2007,2004,-3
55455.jpg,2007,2017,10
55460.jpg,2007,1860,-147
55465.jpg,2007,20,-1987
55475.jpg,2007,1952,-55
55480.jpg,2007,1956,-51
55485.jpg,2007,2020,13
55490.jpg,2007,1963,-44
55500.jpg,2007,2016,9
55505.jpg,2007,1967,-40
55510.jpg,2007,1998,-9
55515.jpg,2007,2020,13
55520.jpg,2007,2015,8
55525.jpg,2007,1900,-107
55530.jpg,2007,1983,-24
55535.jpg,2007,2014,7
55540.jpg,2007,2015,8
55545.jpg,2007,2016,9
55550.jpg,2007,1982,-25
55555.jpg,2007,1996,-11
55560.jpg,2007,2010,3
55565.jpg,2007,2013,6
55570.jpg,2007,2012,5
55575.jpg,2007,1998,-9
55580.jpg,2007,2005,-2
55585.jpg,2007,2016,9
55590.jpg,2007,2016,9
55595.jpg,2007,1910,-97
55600.jpg,2007,2017,10
55605.jpg,2007,2019,12
55610.jpg,2008,1581,-427
55615.jpg,2008,1874,-134
55620.jpg,2008,2010,2
55625.jpg,2008,2004,-4
55630.jpg,2008,2006,-2
55635.jpg,2008,2005,-3
55640.jpg,2008,2022,14
55645.jpg,2008,2017,9
55650.jpg,2008,1967,-41
55655.jpg,2008,2021,13
55660.jpg,2008,2013,5
55670.jpg,2008,2015,7
55675.jpg,2008,1964,-44
55685.jpg,2008,1,-2007
55690.jpg,2008,2018,10
55695.jpg,2008,2019,11
55705.jpg,2008,2018,10
55710.jpg,2008,2000,-8
55715.jpg,2008,2021,13
55720.jpg,2008,2012,4
55725.jpg,2008,1929,-79
55730.jpg,2008,2020,12
55735.jpg,2008,1856,-152
55740.jpg,2008,2012,4
55745.jpg,2008,2012,4
55750.jpg,2008,2011,3
55755.jpg,2008,2021,13
55760.jpg,2008,2016,8
55765.jpg,2008,2010,2
55770.jpg,2008,1900,-108
55775.jpg,2008,1968,-40
55780.jpg,2008,2015,7
55785.jpg,2008,2019,11
55795.jpg,2008,2019,11
55800.jpg,2008,2019,11
55805.jpg,2008,2018,10
55810.jpg,2008,2010,2
55815.jpg,2008,2023,15
55820.jpg,2008,2017,9
55825.jpg,2008,2013,5
55830.jpg,2008,1994,-14
55835.jpg,2009,1966,-43
55845.jpg,2009,2018,9
55850.jpg,2009,2015,6
55870.jpg,2009,1966,-43
55875.jpg,2009,2010,1
55880.jpg,2009,2017,8
55885.jpg,2009,2020,11
55890.jpg,2009,2014,5
55895.jpg,2009,2017,8
55900.jpg,2009,2006,-3
55905.jpg,2009,2007,-2
55910.jpg,2009,2007,-2
55915.jpg,2009,1960,-49
55920.jpg,2009,1784,-225
55925.jpg,2009,1979,-30
55930.jpg,2009,2020,11
55935.jpg,2009,2021,12
55940.jpg,2009,2017,8
55945.jpg,2009,2015,6
55950.jpg,2009,2022,13
55955.jpg,2009,2019,10
55960.jpg,2009,1970,-39
55965.jpg,2009,1979,-30
55970.jpg,2009,1977,-32
55975.jpg,2009,2019,10
55980.jpg,2009,2016,7
55985.jpg,2009,2020,11
55990.jpg,2009,2022,13
55995.jpg,2009,2022,13
56000.jpg,2009,1986,-23
56005.jpg,2009,1970,-39
56010.jpg,2009,1804,-205
56015.jpg,2009,2003,-6
56020.jpg,2009,2010,1
56025.jpg,2009,1979,-30
56030.jpg,2009,20,-1989
56035.jpg,2009,2016,7
56040.jpg,2009,1970,-39
56050.jpg,2009,1977,-32
56055.jpg,2009,2013,4
56060.jpg,2009,2006,-3
56065.jpg,2009,1958,-51
56070.jpg,2009,2020,11
56075.jpg,2009,1984,-25
56080.jpg,2010,2012,2
56085.jpg,2010,2017,7
56090.jpg,2010,2023,13
56095.jpg,2010,1958,-52
56105.jpg,2010,2020,10
56110.jpg,2010,1922,-88
56115.jpg,2010,2020,10
56125.jpg,2010,2018,8
56130.jpg,2010,2019,9
56135.jpg,2010,2012,2
56140.jpg,2010,2004,-6
56145.jpg,2010,1999,-11
56150.jpg,2010,2020,10
56155.jpg,2010,2000,-10
56165.jpg,2010,2015,5
56170.jpg,2010,1920,-90
56175.jpg,2010,2013,3
56180.jpg,2010,2000,-10
56185.jpg,2010,2018,8
56190.jpg,2010,2011,1
56195.jpg,2010,2016,6
56200.jpg,2010,2012,2
56205.jpg,2010,2021,11
56210.jpg,2010,2012,2
56215.jpg,2010,2020,10
56220.jpg,2010,2019,9
56225.jpg,2010,2011,1
56230.jpg,2010,1965,-45
56235.jpg,2010,1906,-104
56240.jpg,2010,1991,-19
56245.jpg,2010,2000,-10
56250.jpg,2010,2017,7
56255.jpg,2010,2006,-4
56260.jpg,2010,2016,6
56265.jpg,2010,2018,8
56270.jpg,2010,2016,6
56275.jpg,2010,2019,9
56280.jpg,2010,2014,4
56285.jpg,2010,2016,6
56290.jpg,2010,2006,-4
56295.jpg,2010,1,-2009
56300.jpg,2010,2016,6
56310.jpg,2010,2004,-6
56315.jpg,2011,2017,6
56320.jpg,2011,2012,1
56325.jpg,2011,1,-2010
56330.jpg,2011,2012,1
56335.jpg,2011,2016,5
56345.jpg,2011,2006,-5
56350.jpg,2011,1999,-12
56355.jpg,2011,2013,2
56360.jpg,2011,2018,7
56365.jpg,2011,2015,4
56370.jpg,2011,2010,-1
56375.jpg,2011,2022,11
56380.jpg,2011,2021,10
56385.jpg,2011,2020,9
56390.jpg,2011,1865,-146
56395.jpg,2011,2012,1
56400.jpg,2011,2018,7
56405.jpg,2011,2015,4
56410.jpg,2011,2012,1
56415.jpg,2011,2018,7
56420.jpg,2011,2015,4
56425.jpg,2011,1980,-31
56430.jpg,2011,2015,4
56440.jpg,2011,2018,7
56450.jpg,2011,2018,7
56455.jpg,2011,1685,-326
56460.jpg,2011,2004,-7
56465.jpg,2011,2012,1
56470.jpg,2011,1958,-53
56475.jpg,2011,2018,7
56480.jpg,2011,1964,-47
56485.jpg,2011,20,-1991
56495.jpg,2011,2010,-1
56500.jpg,2011,2018,7
56505.jpg,2011,2005,-6
56510.jpg,2011,2013,2
56515.jpg,2011,1945,-66
56520.jpg,2011,2015,4
56525.jpg,2011,2018,7
56545.jpg,2012,1975,-37
56550.jpg,2012,2012,0
56555.jpg,2012,2012,0
56560.jpg,2012,2015,3
56565.jpg,2012,2022,10
56570.jpg,2012,2008,-4
56575.jpg,2012,2021,9
56585.jpg,2012,2010,-2
56590.jpg,2012,1986,-26
56600.jpg,2012,1970,-42
56605.jpg,2012,2020,8
56610.jpg,2012,2011,-1
56615.jpg,2012,2012,0
56620.jpg,2012,2025,13
56625.jpg,2012,1929,-83
56630.jpg,2012,2014,2
56635.jpg,2012,2013,1
56640.jpg,2012,1971,-41
56645.jpg,2012,2022,10
56650.jpg,2012,1927,-85
56655.jpg,2012,2011,-1
56660.jpg,2012,2017,5
56665.jpg,2012,19,-1993
56670.jpg,2012,2020,8
56675.jpg,2012,2014,2
56680.jpg,2012,2018,6
56685.jpg,2012,2013,1
56690.jpg,2012,1996,-16
56695.jpg,2012,-1,-2013
56700.jpg,2012,2019,7
56705.jpg,2012,2000,-12
56710.jpg,2012,1950,-62
56715.jpg,2012,1858,-154
56720.jpg,2013,1998,-15
56725.jpg,2013,2015,2
56730.jpg,2013,2009,-4
56735.jpg,2013,1,-2012
56740.jpg,2013,1992,-21
56745.jpg,2013,2011,-2
56750.jpg,2013,2014,1
56755.jpg,2013,2019,6
56765.jpg,2013,2018,5
56770.jpg,2013,2022,9
56775.jpg,2013,1932,-81
56780.jpg,2013,2015,2
56785.jpg,2013,20,-1993
56795.jpg,2013,2023,10
56800.jpg,2013,2015,2
56805.jpg,2013,2017,4
56810.jpg,2013,2012,-1
56820.jpg,2013,1985,-28
56825.jpg,2013,2018,5
56845.jpg,2013,2010,-3
56850.jpg,2013,1981,-32
56855.jpg,2013,2018,5
56860.jpg,2013,1992,-21
56865.jpg,2013,1960,-53
56870.jpg,2013,2018,5
56875.jpg,2013,2010,-3
56880.jpg,2013,2000,-13
56885.jpg,2013,2018,5
56890.jpg,2013,2019,6
56895.jpg,2013,2021,8
56900.jpg,2014,2011,-3
56905.jpg,2014,1910,-104
56910.jpg,2014,2017,3
56915.jpg,2014,2019,5
56920.jpg,2014,20,-1994
56925.jpg,2014,2022,8
56930.jpg,2014,2018,4
56935.jpg,2014,2016,2
56940.jpg,2014,2010,-4
56945.jpg,2014,1997,-17
56950.jpg,2014,2006,-8
56955.jpg,2014,1970,-44
56960.jpg,2014,2005,-9
56965.jpg,2014,2010,-4
56970.jpg,2014,1987,-27
56975.jpg,2014,2013,-1
56980.jpg,2014,20,-1994
56985.jpg,2014,1995,-19
56990.jpg,2014,2012,-2
56995.jpg,2014,2004,-10
57005.jpg,2014,2017,3
57010.jpg,2014,1968,-46
57015.jpg,2014,20,-1994
57020.jpg,2014,1995,-19
57025.jpg,2014,2010,-4
57030.jpg,2014,2010,-4
57035.jpg,2014,20,-1994
57040.jpg,2014,2022,8
57045.jpg,2014,2012,-2
57050.jpg,2014,2018,4
57055.jpg,2014,2020,6
57060.jpg,2014,2016,2
57065.jpg,2014,2023,9
57070.jpg,2014,2015,1
57075.jpg,2015,2014,-1
57085.jpg,2015,1920,-95
57090.jpg,2015,2014,-1
57095.jpg,2015,1999,-16
57100.jpg,2015,1970,-45
57105.jpg,2015,2017,2
57110.jpg,2015,2016,1
57120.jpg,2015,2019,4
57125.jpg,2015,2003,-12
57130.jpg,2015,20,-1995
57135.jpg,2015,2020,5
57140.jpg,2015,2012,-3
57145.jpg,2015,1925,-90
57150.jpg,2015,2007,-8
57155.jpg,2015,2007,-8
57160.jpg,2015,2018,3
57165.jpg,2015,2022,7
57170.jpg,2015,2017,2
57175.jpg,2015,2018,3
57180.jpg,2015,2019,4
57185.jpg,2015,2022,7
57195.jpg,2015,1986,-29
57200.jpg,2015,1996,-19
57205.jpg,2015,2008,-7
57210.jpg,2015,2014,-1
57215.jpg,2015,2019,4
57220.jpg,2016,1920,-96
57225.jpg,2016,20,-1996
57230.jpg,2016,2015,-1
57235.jpg,2016,1,-2015
57240.jpg,2016,2011,-5
57250.jpg,2016,2022,6
57255.jpg,2016,2013,-3
57270.jpg,2016,2014,-2
57275.jpg,2016,2016,0
57280.jpg,2016,2012,-4
57285.jpg,2016,2011,-5
57290.jpg,2016,2009,-7
57295.jpg,2016,2004,-12
57300.jpg,2016,2012,-4
57305.jpg,2016,2016,0
57310.jpg,2016,1910,-106
57315.jpg,2016,2023,7
57320.jpg,2016,2018,2
57325.jpg,2016,2007,-9
57330.jpg,2016,2019,3
57335.jpg,2016,1968,-48
57340.jpg,2016,2015,-1
57345.jpg,2016,2016,0
57350.jpg,2016,1957,-59
57355.jpg,2016,2023,7
57360.jpg,2016,2016,0
57365.jpg,2017,2014,-3
57370.jpg,2017,2017,0
57375.jpg,2017,-1,-2018
57385.jpg,2017,1990,-27
57390.jpg,2017,2022,5
57395.jpg,2017,2015,-2
57400.jpg,2017,1982,-35
57415.jpg,2017,2007,-10
57420.jpg,2017,2005,-12
57425.jpg,2017,2018,1
57430.jpg,2017,1997,-20
57435.jpg,2017,2010,-7
57440.jpg,2017,2006,-11
57450.jpg,2017,1936,-81
57455.jpg,2017,2019,2
57470.jpg,2017,2020,3
57475.jpg,2017,2013,-4
57480.jpg,2018,2000,-18
57485.jpg,2018,-1,-2019
57490.jpg,2018,2022,4
57495.jpg,2018,2010,-8
57500.jpg,2018,2000,-18
57505.jpg,2018,2018,0
57510.jpg,2018,2002,-16
57515.jpg,2018,2010,-8
57520.jpg,2018,2013,-5
57525.jpg,2018,2024,6
57530.jpg,2018,2011,-7
57545.jpg,2018,2017,-1
57550.jpg,2018,2016,-2
57555.jpg,2018,2021,3
57560.jpg,2018,2005,-13
57565.jpg,2018,2018,0
57570.jpg,2018,2010,-8
57575.jpg,2018,2020,2
57585.jpg,2019,2019,0
57595.jpg,2019,2007,-12
57600.jpg,2019,2017,-2
57605.jpg,2019,2000,-19
57610.jpg,2019,1991,-28
57615.jpg,2019,1990,-29
57620.jpg,2019,1994,-25
57625.jpg,2019,2015,-4
57630.jpg,2019,2005,-14
57635.jpg,2019,2021,2
57640.jpg,2019,20,-1999
57645.jpg,2019,2019,0
57660.jpg,2019,1986,-33
57665.jpg,2019,2019,0
57670.jpg,2020,2020,0
57675.jpg,2020,2019,-1
57680.jpg,2020,2021,1
57685.jpg,2020,2021,1
57690.jpg,2020,1966,-54
57695.jpg,2020,2022,2
57700.jpg,2020,1935,-85
57705.jpg,2020,2000,-20
57710.jpg,2020,1970,-50
57725.jpg,2020,1971,-49
57730.jpg,2021,-1,-2022
57735.jpg,2021,2016,-5
57740.jpg,2021,2015,-6
57745.jpg,2021,2015,-6
57750.jpg,2021,2016,-5
57755.jpg,2021,2001,-20
57760.jpg,2021,1987,-34
57765.jpg,2021,2017,-4
57770.jpg,2021,2001,-20
57780.jpg,2021,2021,0
57785.jpg,2021,2011,-10
57790.jpg,2021,2018,-3
57795.jpg,2021,2014,-7
57800.jpg,2021,2013,-8
57805.jpg,2022,2015,-7
57810.jpg,2022,2020,-2
57815.jpg,2022,2018,-4
57825.jpg,2022,1990,-32
57830.jpg,2022,2020,-2
57835.jpg,2022,2019,-3
57840.jpg,2022,-1,-2023
57845.jpg,2022,2015,-7
57860.jpg,2022,2019,-3
57865.jpg,2022,2015,-7
57870.jpg,2022,2022,0
57875.jpg,2023,2018,-5
57885.jpg,2023,2008,-15
57890.jpg,2023,2022,-1
57895.jpg,2023,1972,-51
57900.jpg,2023,1966,-57
57910.jpg,2023,2010,-13
57915.jpg,2023,2019,-4
57920.jpg,2023,1990,-33
57925.jpg,2024,1860,-164
57930.jpg,2024,2019,-5
