name,year,pred,diff
5.jpg,1008,1150,142
10.jpg,1016,1985,969
15.jpg,1022,1200,178
20.jpg,1028,1550,522
25.jpg,1036,1970,934
30.jpg,1048,500,-548
35.jpg,1051,1150,99
40.jpg,1061,1250,189
45.jpg,1063,1175,112
55.jpg,1070,1300,230
60.jpg,1076,1100,24
65.jpg,1080,1300,220
70.jpg,1090,1750,660
75.jpg,1093,1550,457
80.jpg,1097,1840,743
85.jpg,1100,50,-1050
90.jpg,1100,1850,750
95.jpg,1107,1820,713
100.jpg,1110,1843,733
105.jpg,1114,900,-214
110.jpg,1116,1200,84
120.jpg,1120,1400,280
125.jpg,1122,1750,628
130.jpg,1125,1200,75
135.jpg,1128,1200,72
140.jpg,1129,1450,321
145.jpg,1130,1160,30
150.jpg,1131,1131,0
155.jpg,1134,1750,616
165.jpg,1138,1400,262
170.jpg,1140,1200,60
175.jpg,1144,1200,56
180.jpg,1146,1200,54
185.jpg,1147,1450,303
190.jpg,1149,1300,151
195.jpg,1150,1700,550
200.jpg,1152,1000,-152
210.jpg,1160,1200,40
215.jpg,1165,1200,35
220.jpg,1168,1929,761
225.jpg,1170,1200,30
230.jpg,1170,1450,280
235.jpg,1172,100,-1072
240.jpg,1175,1300,125
245.jpg,1177,1400,223
255.jpg,1180,1250,70
260.jpg,1180,1220,40
265.jpg,1180,1840,660
275.jpg,1185,1200,15
280.jpg,1189,1100,-89
285.jpg,1191,1500,309
290.jpg,1192,1670,478
295.jpg,1194,1400,206
300.jpg,1196,1051,-145
305.jpg,1198,1492,294
310.jpg,1199,1850,651
315.jpg,1200,1650,450
320.jpg,1202,1300,98
325.jpg,1204,1850,646
330.jpg,1208,1550,342
335.jpg,1211,1500,289
340.jpg,1212,1290,78
345.jpg,1215,1750,535
350.jpg,1217,1200,-17
355.jpg,1220,1400,180
360.jpg,1221,1150,-71
365.jpg,1222,1300,78
370.jpg,1224,1400,176
375.jpg,1226,1300,74
380.jpg,1227,1750,523
385.jpg,1229,1200,-29
390.jpg,1231,1400,169
395.jpg,1232,1500,268
405.jpg,1237,1240,3
410.jpg,1238,1300,62
415.jpg,1240,1400,160
420.jpg,1242,1800,558
425.jpg,1245,1250,5
430.jpg,1247,1250,3
435.jpg,1248,1885,637
440.jpg,1250,1890,640
445.jpg,1250,1200,-50
450.jpg,1252,1300,48
455.jpg,1255,1500,245
460.jpg,1259,1750,491
465.jpg,1260,1340,80
470.jpg,1263,1100,-163
475.jpg,1264,1200,-64
485.jpg,1270,1145,-125
490.jpg,1270,1400,130
495.jpg,1270,1200,-70
500.jpg,1271,1850,579
505.jpg,1273,1300,27
510.jpg,1275,1400,125
515.jpg,1277,1000,-277
520.jpg,1278,1300,22
525.jpg,1279,1393,114
530.jpg,1280,1650,370
535.jpg,1285,1200,-85
540.jpg,1288,1500,212
545.jpg,1289,1600,311
550.jpg,1290,1380,90
555.jpg,1291,1200,-91
560.jpg,1293,1910,617
565.jpg,1295,1450,155
570.jpg,1298,1300,2
575.jpg,1300,1150,-150
580.jpg,1300,1400,100
585.jpg,1300,1800,500
590.jpg,1301,1400,99
595.jpg,1303,1400,97
600.jpg,1305,1100,-205
605.jpg,1307,1800,493
610.jpg,1309,1850,541
615.jpg,1310,1300,-10
620.jpg,1311,1494,183
625.jpg,1313,1200,-113
630.jpg,1314,1453,139
635.jpg,1317,1400,83
640.jpg,1319,1150,-169
645.jpg,1320,1400,80
650.jpg,1322,1100,-222
655.jpg,1324,1395,71
660.jpg,1325,1200,-125
665.jpg,1326,1200,-126
670.jpg,1327,1840,513
675.jpg,1328,1397,69
680.jpg,1330,1750,420
685.jpg,1330,1380,50
690.jpg,1331,1700,369
695.jpg,1333,1300,-33
700.jpg,1335,1200,-135
705.jpg,1337,1290,-47
710.jpg,1338,1400,62
715.jpg,1340,1300,-40
720.jpg,1340,1600,260
725.jpg,1343,1750,407
730.jpg,1345,1150,-195
735.jpg,1345,1600,255
740.jpg,1346,1880,534
745.jpg,1347,1300,-47
750.jpg,1347,1500,153
755.jpg,1349,1750,401
760.jpg,1350,1770,420
765.jpg,1350,1430,80
775.jpg,1353,1500,147
780.jpg,1354,1200,-154
785.jpg,1356,1300,-56
790.jpg,1358,1550,192
795.jpg,1360,1450,90
800.jpg,1361,1200,-161
805.jpg,1362,1300,-62
810.jpg,1364,1900,536
815.jpg,1365,1550,185
825.jpg,1370,1900,530
830.jpg,1371,1300,-71
835.jpg,1373,1925,552
840.jpg,1375,1600,225
845.jpg,1377,1600,223
850.jpg,1380,1900,520
855.jpg,1381,1200,-181
860.jpg,1382,1550,168
865.jpg,1384,1420,36
870.jpg,1386,2000,614
875.jpg,1389,1890,501
880.jpg,1390,1100,-290
885.jpg,1394,1453,59
890.jpg,1396,1400,4
895.jpg,1397,1500,103
900.jpg,1398,1300,-98
905.jpg,1399,1350,-49
910.jpg,1400,1300,-100
915.jpg,1401,1300,-101
920.jpg,1402,1189,-213
925.jpg,1405,1200,-205
930.jpg,1406,1373,-33
935.jpg,1409,1250,-159
940.jpg,1410,1400,-10
945.jpg,1410,1550,140
950.jpg,1411,1400,-11
955.jpg,1413,1249,-164
960.jpg,1414,1850,436
965.jpg,1417,1350,-67
970.jpg,1419,1900,481
975.jpg,1420,1500,80
980.jpg,1420,1959,539
985.jpg,1422,1840,418
990.jpg,1424,1450,26
995.jpg,1425,1080,-345
1000.jpg,1426,1200,-226
1005.jpg,1428,1850,422
1010.jpg,1430,1600,170
1015.jpg,1431,1750,319
1025.jpg,1435,1905,470
1030.jpg,1436,1000,-436
1035.jpg,1438,1790,352
1040.jpg,1440,1500,60
1045.jpg,1441,1750,309
1050.jpg,1442,1840,398
1055.jpg,1444,1230,-214
1060.jpg,1446,1890,444
1065.jpg,1448,1800,352
1070.jpg,1450,1300,-150
1075.jpg,1450,1420,-30
1080.jpg,1451,2010,559
1085.jpg,1452,1295,-157
1090.jpg,1453,1450,-3
1095.jpg,1455,1180,-275
1100.jpg,1457,1600,143
1105.jpg,1458,1200,-258
1110.jpg,1459,1117,-342
1115.jpg,1460,1453,-7
1120.jpg,1462,1923,461
1125.jpg,1462,1200,-262
1130.jpg,1464,1140,-324
1135.jpg,1465,1800,335
1140.jpg,1466,1180,-286
1145.jpg,1467,1880,413
1150.jpg,1468,1200,-268
1155.jpg,1469,1200,-269
1160.jpg,1470,1895,425
1165.jpg,1470,1500,30
1170.jpg,1472,1890,418
1175.jpg,1473,1850,377
1180.jpg,1475,1200,-275
1185.jpg,1477,1270,-207
1190.jpg,1477,1650,173
1195.jpg,1479,1620,141
1200.jpg,1480,1220,-260
1205.jpg,1482,1750,268
1210.jpg,1482,1300,-182
1215.jpg,1483,1600,117
1220.jpg,1485,1300,-185
1225.jpg,1487,1600,113
1230.jpg,1487,1350,-137
1235.jpg,1488,1700,212
1240.jpg,1489,1200,-289
1245.jpg,1490,1200,-290
1250.jpg,1490,1420,-70
1255.jpg,1491,1490,-1
1260.jpg,1492,1650,158
1265.jpg,1493,1770,277
1270.jpg,1494,1850,356
1275.jpg,1495,1200,-295
1280.jpg,1496,1870,374
1285.jpg,1497,1900,403
1290.jpg,1497,1588,91
1295.jpg,1498,1200,-298
1300.jpg,1499,1400,-99
1305.jpg,1500,1500,0
1310.jpg,1500,1680,180
1315.jpg,1501,1750,249
1325.jpg,1503,1770,267
1330.jpg,1504,1200,-304
1335.jpg,1505,1780,275
1340.jpg,1506,1461,-45
1345.jpg,1507,1100,-407
1350.jpg,1508,1450,-58
1355.jpg,1508,1700,192
1360.jpg,1509,1400,-109
1365.jpg,1510,1850,340
1370.jpg,1510,1700,190
1375.jpg,1511,1100,-411
1380.jpg,1512,1600,88
1385.jpg,1513,1450,-63
1390.jpg,1513,1750,237
1395.jpg,1515,1400,-115
1400.jpg,1515,1800,285
1405.jpg,1516,1850,334
1410.jpg,1517,1450,-67
1415.jpg,1518,1000,-518
1420.jpg,1518,1650,132
1425.jpg,1520,1600,80
1430.jpg,1521,1580,59
1435.jpg,1521,1300,-221
1440.jpg,1522,2000,478
1445.jpg,1523,1900,377
1450.jpg,1524,1700,176
1455.jpg,1525,1770,245
1460.jpg,1526,1680,154
1465.jpg,1526,1650,124
1470.jpg,1527,1850,323
1475.jpg,1528,1750,222
1480.jpg,1528,1850,322
1485.jpg,1530,1400,-130
1490.jpg,1530,1900,370
1495.jpg,1530,1850,320
1500.jpg,1531,1570,39
1505.jpg,1531,1700,169
1510.jpg,1532,1550,18
1515.jpg,1532,1850,318
1520.jpg,1533,1600,67
1525.jpg,1534,1850,316
1530.jpg,1535,1850,315
1535.jpg,1535,1850,315
1540.jpg,1536,1750,214
1545.jpg,1537,1650,113
1550.jpg,1537,1760,223
1555.jpg,1538,1560,22
1560.jpg,1539,1300,-239
1565.jpg,1540,1100,-440
1570.jpg,1540,1550,10
1575.jpg,1540,1850,310
1580.jpg,1540,1400,-140
1590.jpg,1542,1690,148
1595.jpg,1543,1800,257
1600.jpg,1543,1650,107
1605.jpg,1544,1500,-44
1610.jpg,1545,1780,235
1615.jpg,1545,1500,-45
1620.jpg,1547,1670,123
1625.jpg,1548,1760,212
1630.jpg,1549,1750,201
1635.jpg,1549,1750,201
1640.jpg,1550,1750,200
1645.jpg,1550,1780,230
1650.jpg,1550,1901,351
1655.jpg,1550,1200,-350
1660.jpg,1551,1800,249
1665.jpg,1551,1650,99
1670.jpg,1552,1700,148
1675.jpg,1553,1800,247
1680.jpg,1554,1770,216
1685.jpg,1554,1573,19
1690.jpg,1555,1950,395
1695.jpg,1556,2000,444
1700.jpg,1557,1900,343
1705.jpg,1558,1700,142
1710.jpg,1558,1663,105
1715.jpg,1559,1830,271
1720.jpg,1559,1750,191
1725.jpg,1560,1800,240
1730.jpg,1560,1750,190
1735.jpg,1560,1900,340
1740.jpg,1561,1870,309
1745.jpg,1561,1635,74
1750.jpg,1562,1320,-242
1755.jpg,1563,1890,327
1760.jpg,1564,1850,286
1765.jpg,1565,1900,335
1770.jpg,1565,1770,205
1775.jpg,1565,1400,-165
1780.jpg,1566,1680,114
1785.jpg,1567,1800,233
1790.jpg,1567,1550,-17
1795.jpg,1568,1400,-168
1800.jpg,1568,1613,45
1805.jpg,1569,1600,31
1810.jpg,1570,1850,280
1815.jpg,1570,1820,250
1820.jpg,1570,1400,-170
1825.jpg,1571,1850,279
1830.jpg,1572,1770,198
1835.jpg,1572,1653,81
1840.jpg,1573,1600,27
1845.jpg,1573,1900,327
1850.jpg,1574,1850,276
1855.jpg,1574,1800,226
1860.jpg,1575,1700,125
1865.jpg,1575,1800,225
1870.jpg,1575,1700,125
1875.jpg,1576,1785,209
1880.jpg,1577,1600,23
1885.jpg,1578,1800,222
1890.jpg,1578,1850,272
1895.jpg,1579,1450,-129
1900.jpg,1579,1775,196
1905.jpg,1580,1750,170
1910.jpg,1580,1700,120
1915.jpg,1581,1600,19
1920.jpg,1581,1715,134
1925.jpg,1582,1495,-87
1930.jpg,1582,1937,355
1935.jpg,1583,1627,44
1940.jpg,1584,1700,116
1945.jpg,1584,1900,316
1950.jpg,1585,1850,265
1955.jpg,1585,1450,-135
1960.jpg,1585,1810,225
1965.jpg,1586,1550,-36
1970.jpg,1586,1880,294
1975.jpg,1587,1471,-116
1980.jpg,1588,1750,162
1985.jpg,1588,1850,262
1990.jpg,1588,1780,192
1995.jpg,1588,1667,79
2000.jpg,1589,1750,161
2005.jpg,1590,1750,160
2010.jpg,1590,1700,110
2020.jpg,1591,1820,229
2025.jpg,1591,1750,159
2030.jpg,1592,1905,313
2035.jpg,1593,1550,-43
2045.jpg,1595,1650,55
2050.jpg,1595,1700,105
2055.jpg,1595,1600,5
2060.jpg,1596,1650,54
2065.jpg,1596,1590,-6
2070.jpg,1597,1959,362
2075.jpg,1597,1750,153
2080.jpg,1598,1550,-48
2085.jpg,1598,1740,142
2090.jpg,1598,1850,252
2095.jpg,1600,1590,-10
2100.jpg,1600,1200,-400
2115.jpg,1602,1850,248
2125.jpg,1604,1650,46
2130.jpg,1604,1550,-54
2135.jpg,1604,1600,-4
2140.jpg,1605,1750,145
2145.jpg,1605,1750,145
2150.jpg,1606,1900,294
2155.jpg,1606,1650,44
2160.jpg,1607,1600,-7
2165.jpg,1607,1762,155
2170.jpg,1608,1801,193
2175.jpg,1608,1770,162
2180.jpg,1609,1200,-409
2185.jpg,1610,1550,-60
2190.jpg,1610,1550,-60
2195.jpg,1610,1820,210
2200.jpg,1610,1800,190
2205.jpg,1611,1660,49
2210.jpg,1611,1825,214
2215.jpg,1611,1780,169
2220.jpg,1612,1937,325
2225.jpg,1612,1506,-106
2230.jpg,1613,1600,-13
2235.jpg,1613,1750,137
2240.jpg,1614,1890,276
2245.jpg,1614,1750,136
2250.jpg,1614,1600,-14
2255.jpg,1615,1920,305
2260.jpg,1615,1260,-355
2265.jpg,1616,1600,-16
2270.jpg,1616,1820,204
2275.jpg,1616,1950,334
2280.jpg,1616,1840,224
2285.jpg,1617,1300,-317
2290.jpg,1617,1550,-67
2295.jpg,1617,1780,163
2300.jpg,1618,1350,-268
2305.jpg,1618,1830,212
2310.jpg,1619,1550,-69
2315.jpg,1619,1770,151
2320.jpg,1619,1875,256
2325.jpg,1620,1770,150
2330.jpg,1620,1600,-20
2335.jpg,1620,1650,30
2340.jpg,1621,1717,96
2345.jpg,1621,1750,129
2350.jpg,1622,1785,163
2360.jpg,1623,1770,147
2365.jpg,1624,1900,276
2370.jpg,1624,1765,141
2375.jpg,1624,1859,235
2380.jpg,1625,1680,55
2385.jpg,1625,1770,145
2390.jpg,1625,1770,145
2395.jpg,1625,1890,265
2400.jpg,1626,1400,-226
2405.jpg,1626,1925,299
2410.jpg,1627,1690,63
2415.jpg,1628,1965,337
2420.jpg,1628,1816,188
2425.jpg,1629,1850,221
2430.jpg,1629,1760,131
2435.jpg,1630,1750,120
2440.jpg,1630,1700,70
2445.jpg,1630,1700,70
2450.jpg,1630,1750,120
2455.jpg,1631,1775,144
2460.jpg,1631,1850,219
2465.jpg,1631,1500,-131
2470.jpg,1632,1850,218
2475.jpg,1632,1890,258
2480.jpg,1632,1900,268
2485.jpg,1633,1880,247
2490.jpg,1633,1410,-223
2495.jpg,1634,1900,266
2500.jpg,1634,1400,-234
2505.jpg,1634,1735,101
2510.jpg,1635,1650,15
2515.jpg,1635,1780,145
2520.jpg,1635,1770,135
2525.jpg,1636,1800,164
2530.jpg,1636,1905,269
2535.jpg,1636,1550,-86
2540.jpg,1637,1850,213
2545.jpg,1637,1550,-87
2550.jpg,1638,1750,112
2555.jpg,1638,1750,112
2560.jpg,1638,1800,162
2565.jpg,1639,1770,131
2570.jpg,1639,1750,111
2575.jpg,1640,1800,160
2580.jpg,1640,1800,160
2585.jpg,1640,1775,135
2590.jpg,1641,1753,112
2595.jpg,1641,1700,59
2600.jpg,1641,1850,209
2605.jpg,1642,1550,-92
2610.jpg,1642,1850,208
2615.jpg,1643,1670,27
2620.jpg,1644,1750,106
2625.jpg,1644,1820,176
2630.jpg,1644,1850,206
2635.jpg,1645,1900,255
2640.jpg,1645,1940,295
2645.jpg,1646,1695,49
2650.jpg,1646,1650,4
2655.jpg,1646,1600,-46
2660.jpg,1648,1775,127
2665.jpg,1648,1900,252
2670.jpg,1648,1648,0
2675.jpg,1649,1785,136
2680.jpg,1650,1600,-50
2685.jpg,1650,1700,50
2690.jpg,1650,1750,100
2695.jpg,1650,1920,270
2700.jpg,1651,1680,29
2705.jpg,1651,1774,123
2710.jpg,1652,1775,123
2715.jpg,1653,1850,197
2720.jpg,1653,1650,-3
2725.jpg,1654,1750,96
2730.jpg,1654,1200,-454
2735.jpg,1655,1820,165
2745.jpg,1656,1790,134
2750.jpg,1656,1760,104
2755.jpg,1656,1500,-156
2760.jpg,1657,1700,43
2765.jpg,1657,1300,-357
2770.jpg,1658,1600,-58
2775.jpg,1658,1800,142
2780.jpg,1659,1600,-59
2785.jpg,1659,1650,-9
2790.jpg,1660,1666,6
2795.jpg,1660,1750,90
2800.jpg,1660,1850,190
2805.jpg,1660,1780,120
2810.jpg,1660,1770,110
2815.jpg,1660,1757,97
2820.jpg,1660,1760,100
2825.jpg,1661,1700,39
2830.jpg,1661,1700,39
2835.jpg,1661,1780,119
2840.jpg,1661,1912,251
2845.jpg,1662,1940,278
2850.jpg,1663,1850,187
2855.jpg,1663,1600,-63
2860.jpg,1664,1600,-64
2865.jpg,1664,1830,166
2870.jpg,1664,1774,110
2875.jpg,1665,1850,185
2880.jpg,1665,1850,185
2885.jpg,1665,1800,135
2890.jpg,1665,1650,-15
2895.jpg,1666,1850,184
2900.jpg,1666,1750,84
2905.jpg,1667,1850,183
2910.jpg,1667,1720,53
2915.jpg,1667,1700,33
2920.jpg,1668,1631,-37
2925.jpg,1669,1830,161
2930.jpg,1669,1800,131
2935.jpg,1670,1850,180
2940.jpg,1670,1750,80
2945.jpg,1670,1810,140
2950.jpg,1670,1760,90
2955.jpg,1671,1850,179
2960.jpg,1671,1550,-121
2965.jpg,1671,1900,229
2970.jpg,1672,1820,148
2975.jpg,1672,1850,178
2980.jpg,1673,1750,77
2985.jpg,1673,1700,27
2990.jpg,1674,1800,126
2995.jpg,1674,1850,176
3000.jpg,1674,200,-1474
3010.jpg,1675,1640,-35
3020.jpg,1676,1850,174
3025.jpg,1676,1720,44
3030.jpg,1677,1990,313
3035.jpg,1677,1800,123
3040.jpg,1677,1750,73
3045.jpg,1678,1820,142
3050.jpg,1678,1740,62
3055.jpg,1678,1184,-494
3060.jpg,1679,1780,101
3065.jpg,1679,1688,9
3075.jpg,1680,1750,70
3080.jpg,1680,1840,160
3085.jpg,1680,1650,-30
3090.jpg,1680,1850,170
3095.jpg,1680,1870,190
3100.jpg,1680,1775,95
3105.jpg,1681,1750,69
3110.jpg,1681,1700,19
3115.jpg,1681,1750,69
3120.jpg,1681,1500,-181
3125.jpg,1682,1810,128
3130.jpg,1682,1800,118
3135.jpg,1682,1700,18
3140.jpg,1682,1774,92
3145.jpg,1683,1780,97
3150.jpg,1683,1810,127
3155.jpg,1683,1775,92
3160.jpg,1683,1200,-483
3165.jpg,1683,1700,17
3170.jpg,1684,1778,94
3175.jpg,1684,1650,-34
3180.jpg,1684,1350,-334
3185.jpg,1684,1820,136
3190.jpg,1685,1750,65
3195.jpg,1685,1715,30
3200.jpg,1685,1850,165
3205.jpg,1686,1850,164
3210.jpg,1686,1830,144
3215.jpg,1686,1880,194
3220.jpg,1686,1900,214
3225.jpg,1687,1750,63
3230.jpg,1687,1750,63
3235.jpg,1687,1650,-37
3240.jpg,1688,1800,112
3245.jpg,1688,1770,82
3250.jpg,1689,1800,111
3255.jpg,1689,1800,111
3260.jpg,1689,1750,61
3270.jpg,1690,1885,195
3275.jpg,1690,1835,145
3280.jpg,1690,1820,130
3285.jpg,1690,1890,200
3290.jpg,1690,1900,210
3295.jpg,1690,1870,180
3300.jpg,1690,1840,150
3305.jpg,1691,1850,159
3310.jpg,1691,1690,-1
3315.jpg,1691,1750,59
3320.jpg,1692,1800,108
3325.jpg,1692,1500,-192
3330.jpg,1693,1925,232
3335.jpg,1693,1770,77
3340.jpg,1694,1800,106
3345.jpg,1694,2000,306
3350.jpg,1694,1194,-500
3355.jpg,1695,1830,135
3360.jpg,1695,1850,155
3365.jpg,1695,1830,135
3370.jpg,1695,1830,135
3375.jpg,1695,1580,-115
3385.jpg,1696,1800,104
3390.jpg,1696,1800,104
3395.jpg,1696,1850,154
3400.jpg,1696,1775,79
3405.jpg,1696,1750,54
3410.jpg,1697,1830,133
3415.jpg,1697,1850,153
3420.jpg,1697,1850,153
3425.jpg,1697,1850,153
3430.jpg,1698,1800,102
3435.jpg,1698,1830,132
3440.jpg,1698,1600,-98
3445.jpg,1699,1800,101
3450.jpg,1699,1670,-29
3455.jpg,1699,1750,51
3460.jpg,1700,1850,150
3465.jpg,1700,1950,250
3470.jpg,1700,1800,100
3475.jpg,1700,1830,130
3480.jpg,1700,1800,100
3485.jpg,1700,1800,100
3490.jpg,1700,1800,100
3495.jpg,1700,1650,-50
3500.jpg,1700,1850,150
3505.jpg,1700,1770,70
3510.jpg,1700,1830,130
3520.jpg,1701,1895,194
3525.jpg,1701,1780,79
3535.jpg,1702,1785,83
3540.jpg,1702,1771,69
3545.jpg,1703,1700,-3
3550.jpg,1704,1850,146
3555.jpg,1704,1750,46
3560.jpg,1704,1820,116
3565.jpg,1704,1900,196
3570.jpg,1704,1905,201
3575.jpg,1705,1700,-5
3580.jpg,1705,1775,70
3585.jpg,1705,1830,125
3590.jpg,1705,1760,55
3595.jpg,1706,1850,144
3600.jpg,1706,1830,124
3605.jpg,1706,1770,64
3610.jpg,1706,1945,239
3615.jpg,1707,1850,143
3620.jpg,1707,1500,-207
3625.jpg,1707,1750,43
3630.jpg,1708,1850,142
3635.jpg,1708,1840,132
3640.jpg,1708,1780,72
3645.jpg,1708,1600,-108
3650.jpg,1709,1200,-509
3655.jpg,1709,1890,181
3660.jpg,1709,1775,66
3665.jpg,1709,1800,91
3670.jpg,1710,1700,-10
3675.jpg,1710,1950,240
3680.jpg,1710,1780,70
3685.jpg,1710,1850,140
3690.jpg,1710,1850,140
3695.jpg,1710,1780,70
3700.jpg,1710,1900,190
3705.jpg,1710,1850,140
3710.jpg,1710,1800,90
3715.jpg,1711,11910,10199
3720.jpg,1711,1830,119
3725.jpg,1711,1850,139
3730.jpg,1711,1732,21
3735.jpg,1711,1730,19
3740.jpg,1712,1880,168
3745.jpg,1712,1890,178
3750.jpg,1713,1865,152
3755.jpg,1713,1850,137
3760.jpg,1713,1770,57
3765.jpg,1713,1700,-13
3770.jpg,1714,1830,116
3775.jpg,1714,1750,36
3780.jpg,1714,1890,176
3785.jpg,1714,1850,136
3790.jpg,1715,1809,94
3795.jpg,1715,1930,215
3800.jpg,1715,1600,-115
3805.jpg,1715,1600,-115
3810.jpg,1715,1850,135
3815.jpg,1715,1830,115
3820.jpg,1715,1890,175
3825.jpg,1715,1800,85
3830.jpg,1715,1750,35
3835.jpg,1716,1900,184
3840.jpg,1716,1800,84
3845.jpg,1716,1850,134
3850.jpg,1716,1880,164
3855.jpg,1716,1800,84
3860.jpg,1716,1750,34
3865.jpg,1717,1850,133
3870.jpg,1717,1870,153
3875.jpg,1717,1840,123
3880.jpg,1718,1710,-8
3885.jpg,1718,1650,-68
3890.jpg,1719,1770,51
3895.jpg,1719,1800,81
3900.jpg,1719,1785,66
3905.jpg,1719,1850,131
3910.jpg,1720,1500,-220
3915.jpg,1720,1750,30
3920.jpg,1720,1850,130
3925.jpg,1720,1790,70
3930.jpg,1720,1950,230
3935.jpg,1720,1830,110
3940.jpg,1720,1900,180
3945.jpg,1720,1850,130
3950.jpg,1720,1800,80
3955.jpg,1720,1780,60
3960.jpg,1720,1800,80
3965.jpg,1720,1830,110
3970.jpg,1720,1650,-70
3975.jpg,1721,1890,169
3980.jpg,1721,1930,209
3985.jpg,1721,1820,99
3990.jpg,1721,1760,39
3995.jpg,1721,1750,29
4000.jpg,1722,1790,68
4005.jpg,1722,1850,128
4010.jpg,1722,1840,118
4015.jpg,1722,1840,118
4020.jpg,1722,1740,18
4025.jpg,1723,1750,27
4030.jpg,1723,1750,27
4035.jpg,1723,1850,127
4040.jpg,1723,1850,127
4045.jpg,1723,1760,37
4050.jpg,1723,1720,-3
4055.jpg,1723,1800,77
4060.jpg,1724,1850,126
4065.jpg,1724,1925,201
4070.jpg,1724,1850,126
4075.jpg,1724,1780,56
4080.jpg,1724,1900,176
4085.jpg,1724,1700,-24
4090.jpg,1724,1770,46
4095.jpg,1724,1700,-24
4100.jpg,1725,1890,165
4105.jpg,1725,1800,75
4110.jpg,1725,1830,105
4115.jpg,1725,1700,-25
4120.jpg,1725,1870,145
4125.jpg,1725,1850,125
4130.jpg,1725,1780,55
4135.jpg,1725,1760,35
4140.jpg,1725,1835,110
4145.jpg,1725,1840,115
4150.jpg,1725,1600,-125
4155.jpg,1725,1950,225
4160.jpg,1726,1910,184
4165.jpg,1726,1800,74
4170.jpg,1726,1850,124
4175.jpg,1726,1890,164
4180.jpg,1726,1900,174
4185.jpg,1727,1780,53
4190.jpg,1727,1770,43
4195.jpg,1727,1789,62
4200.jpg,1727,1800,73
4205.jpg,1727,1700,-27
4210.jpg,1727,1860,133
4215.jpg,1728,1774,46
4220.jpg,1728,1900,172
4225.jpg,1728,1770,42
4230.jpg,1728,1900,172
4235.jpg,1728,1850,122
4240.jpg,1728,1950,222
4245.jpg,1728,1760,32
4250.jpg,1729,1775,46
4255.jpg,1729,1850,121
4260.jpg,1729,1850,121
4265.jpg,1729,1750,21
4270.jpg,1729,1750,21
4275.jpg,1730,1600,-130
4280.jpg,1730,1850,120
4285.jpg,1730,1800,70
4290.jpg,1730,1800,70
4295.jpg,1730,1900,170
4300.jpg,1730,1910,180
4305.jpg,1730,1850,120
4310.jpg,1730,1850,120
4315.jpg,1730,1850,120
4320.jpg,1730,1750,20
4325.jpg,1730,1900,170
4330.jpg,1730,1780,50
4335.jpg,1730,1750,20
4340.jpg,1730,1850,120
4345.jpg,1730,1790,60
4350.jpg,1730,1850,120
4355.jpg,1730,1930,200
4360.jpg,1730,1900,170
4365.jpg,1730,1960,230
4370.jpg,1731,1800,69
4375.jpg,1731,1760,29
4380.jpg,1731,1890,159
4385.jpg,1731,1750,19
4390.jpg,1732,1850,118
4395.jpg,1732,1850,118
4400.jpg,1732,1980,248
4405.jpg,1732,1750,18
4410.jpg,1732,1850,118
4415.jpg,1732,1800,68
4420.jpg,1732,1750,18
4425.jpg,1732,1300,-432
4430.jpg,1732,1500,-232
4435.jpg,1733,1800,67
4440.jpg,1733,1850,117
4445.jpg,1733,1850,117
4450.jpg,1733,1750,17
4455.jpg,1733,1750,17
4460.jpg,1733,1890,157
4465.jpg,1733,1930,197
4470.jpg,1733,1300,-433
4475.jpg,1734,1850,116
4480.jpg,1734,1750,16
4485.jpg,1734,1890,156
4490.jpg,1734,1700,-34
4495.jpg,1735,1810,75
4505.jpg,1735,1870,135
4510.jpg,1735,1830,95
4515.jpg,1735,1820,85
4520.jpg,1735,1830,95
4525.jpg,1735,1820,85
4530.jpg,1735,1830,95
4535.jpg,1735,1830,95
4545.jpg,1736,1890,154
4550.jpg,1736,1750,14
4555.jpg,1736,1800,64
4560.jpg,1736,1900,164
4565.jpg,1736,1777,41
4570.jpg,1736,1848,112
4575.jpg,1737,1899,162
4580.jpg,1737,1890,153
4585.jpg,1737,1780,43
4590.jpg,1737,1970,233
4595.jpg,1737,1750,13
4600.jpg,1737,1700,-37
4605.jpg,1738,1800,62
4610.jpg,1738,1750,12
4615.jpg,1738,1900,162
4620.jpg,1738,1810,72
4625.jpg,1738,1750,12
4630.jpg,1738,1900,162
4635.jpg,1738,1770,32
4640.jpg,1739,1780,41
4645.jpg,1739,1890,151
4650.jpg,1739,1850,111
4655.jpg,1739,1770,31
4660.jpg,1739,1880,141
4665.jpg,1740,1800,60
4670.jpg,1740,1850,110
4675.jpg,1740,1850,110
4680.jpg,1740,1800,60
4685.jpg,1740,1840,100
4690.jpg,1740,1850,110
4695.jpg,1740,1945,205
4700.jpg,1740,1850,110
4705.jpg,1740,1850,110
4710.jpg,1740,1800,60
4715.jpg,1740,1750,10
4720.jpg,1740,1500,-240
4725.jpg,1740,1780,40
4730.jpg,1740,1850,110
4735.jpg,1740,1830,90
4740.jpg,1740,1720,-20
4745.jpg,1740,1850,110
4750.jpg,1741,1890,149
4755.jpg,1741,1750,9
4760.jpg,1741,1850,109
4765.jpg,1741,1850,109
4770.jpg,1741,1720,-21
4775.jpg,1741,2005,264
4780.jpg,1742,1150,-592
4785.jpg,1742,1840,98
4790.jpg,1742,1770,28
4795.jpg,1742,1850,108
4800.jpg,1742,1800,58
4805.jpg,1742,1800,58
4810.jpg,1742,1780,38
4815.jpg,1742,1850,108
4820.jpg,1743,1900,157
4825.jpg,1743,1740,-3
4835.jpg,1743,1780,37
4840.jpg,1743,1800,57
4845.jpg,1744,1840,96
4850.jpg,1744,1843,99
4855.jpg,1744,1830,86
4860.jpg,1744,1830,86
4865.jpg,1744,1550,-194
4870.jpg,1745,1850,105
4875.jpg,1745,1820,75
4880.jpg,1745,1775,30
4885.jpg,1745,1650,-95
4890.jpg,1745,1800,55
4895.jpg,1745,1840,95
4900.jpg,1745,1750,5
4905.jpg,1745,1930,185
4910.jpg,1746,1890,144
4915.jpg,1746,1750,4
4920.jpg,1746,1870,124
4925.jpg,1746,1160,-586
4930.jpg,1747,1720,-27
4935.jpg,1747,1880,133
4940.jpg,1747,50,-1697
4945.jpg,1747,1850,103
4950.jpg,1747,1850,103
4955.jpg,1747,1700,-47
4960.jpg,1747,1900,153
4965.jpg,1748,1900,152
4970.jpg,1748,1840,92
4975.jpg,1748,1800,52
4980.jpg,1748,1850,102
4985.jpg,1748,1780,32
4990.jpg,1749,1820,71
4995.jpg,1749,1850,101
5000.jpg,1749,1780,31
5005.jpg,1749,1950,201
5010.jpg,1749,1890,141
5015.jpg,1750,1700,-50
5020.jpg,1750,1800,50
5025.jpg,1750,1850,100
5030.jpg,1750,1750,0
5035.jpg,1750,1840,90
5040.jpg,1750,1800,50
5045.jpg,1750,1800,50
5050.jpg,1750,1850,100
5060.jpg,1750,1830,80
5065.jpg,1750,1990,240
5070.jpg,1750,1770,20
5075.jpg,1750,1850,100
5080.jpg,1750,1750,0
5085.jpg,1750,1850,100
5090.jpg,1750,1830,80
5095.jpg,1750,1850,100
5100.jpg,1750,1900,150
5105.jpg,1750,1850,100
5110.jpg,1750,1850,100
5115.jpg,1750,1830,80
5120.jpg,1750,1830,80
5125.jpg,1750,1800,50
5130.jpg,1750,1850,100
5135.jpg,1750,1890,140
5140.jpg,1750,1895,145
5145.jpg,1750,1800,50
5150.jpg,1750,1850,100
5155.jpg,1750,1750,0
5160.jpg,1750,1850,100
5165.jpg,1750,1920,170
5170.jpg,1750,1830,80
5175.jpg,1750,1850,100
5180.jpg,1750,1850,100
5185.jpg,1750,1910,160
5190.jpg,1750,1850,100
5195.jpg,1751,1850,99
5200.jpg,1751,1830,79
5205.jpg,1751,1850,99
5210.jpg,1751,1905,154
5215.jpg,1751,1840,89
5220.jpg,1751,1500,-251
5225.jpg,1752,1910,158
5230.jpg,1752,1840,88
5235.jpg,1752,1770,18
5240.jpg,1752,1850,98
5245.jpg,1752,1788,36
5250.jpg,1752,1850,98
5255.jpg,1752,1775,23
5260.jpg,1752,1780,28
5265.jpg,1752,1780,28
5270.jpg,1752,1870,118
5275.jpg,1752,1850,98
5285.jpg,1753,1880,127
5290.jpg,1753,1750,-3
5295.jpg,1753,1830,77
5300.jpg,1753,1950,197
5305.jpg,1753,1850,97
5310.jpg,1753,1780,27
5315.jpg,1753,1730,-23
5320.jpg,1753,1860,107
5325.jpg,1754,1850,96
5330.jpg,1754,1754,0
5335.jpg,1754,1800,46
5340.jpg,1754,1880,126
5345.jpg,1754,1820,66
5350.jpg,1754,1830,76
5355.jpg,1754,1850,96
5360.jpg,1754,1750,-4
5365.jpg,1754,1890,136
5370.jpg,1755,1850,95
5375.jpg,1755,1850,95
5380.jpg,1755,1800,45
5385.jpg,1755,1900,145
5390.jpg,1755,1780,25
5395.jpg,1755,1850,95
5400.jpg,1755,1830,75
5405.jpg,1755,1830,75
5410.jpg,1755,1700,-55
5415.jpg,1756,1850,94
5420.jpg,1756,1850,94
5425.jpg,1756,1850,94
5430.jpg,1756,1850,94
5435.jpg,1756,1850,94
5440.jpg,1756,1850,94
5445.jpg,1756,1700,-56
5450.jpg,1756,1850,94
5455.jpg,1756,1650,-106
5460.jpg,1756,1779,23
5470.jpg,1757,1850,93
5475.jpg,1757,1810,53
5480.jpg,1757,1800,43
5485.jpg,1757,1870,113
5490.jpg,1757,1870,113
5495.jpg,1757,1900,143
5500.jpg,1758,1770,12
5505.jpg,1758,1750,-8
5510.jpg,1758,1800,42
5515.jpg,1758,1850,92
5520.jpg,1758,1770,12
5525.jpg,1758,1850,92
5530.jpg,1758,1850,92
5535.jpg,1759,1700,-59
5540.jpg,1759,1830,71
5545.jpg,1759,1775,16
5550.jpg,1759,1810,51
5555.jpg,1759,1850,91
5560.jpg,1759,1820,61
5565.jpg,1760,1923,163
5570.jpg,1760,1780,20
5575.jpg,1760,1850,90
5580.jpg,1760,1850,90
5585.jpg,1760,1200,-560
5590.jpg,1761,1820,59
5595.jpg,1761,1750,-11
5600.jpg,1761,1850,89
5605.jpg,1761,1890,129
5610.jpg,1761,1850,89
5615.jpg,1761,1800,39
5620.jpg,1761,1890,129
5625.jpg,1761,1900,139
5630.jpg,1762,1985,223
5635.jpg,1762,1790,28
5640.jpg,1762,1850,88
5645.jpg,1762,1830,68
5650.jpg,1762,1800,38
5655.jpg,1762,1780,18
5660.jpg,1762,1830,68
5665.jpg,1762,1880,118
5670.jpg,1763,1850,87
5675.jpg,1763,1800,37
5680.jpg,1763,1830,67
5685.jpg,1763,1800,37
5690.jpg,1763,1777,14
5695.jpg,1763,1820,57
5700.jpg,1763,1550,-213
5705.jpg,1763,1800,37
5710.jpg,1764,1780,16
5715.jpg,1764,1780,16
5720.jpg,1764,1800,36
5725.jpg,1764,1830,66
5730.jpg,1764,1750,-14
5735.jpg,1764,1850,86
5740.jpg,1764,1800,36
5745.jpg,1764,1780,16
5750.jpg,1764,1800,36
5755.jpg,1764,1840,76
5765.jpg,1765,1850,85
5770.jpg,1765,1850,85
5775.jpg,1765,1900,135
5780.jpg,1765,1850,85
5785.jpg,1765,1790,25
5790.jpg,1765,1780,15
5795.jpg,1765,1820,55
5800.jpg,1765,1770,5
5805.jpg,1765,1850,85
5810.jpg,1765,1850,85
5815.jpg,1765,1820,55
5820.jpg,1765,1850,85
5825.jpg,1765,1770,5
5830.jpg,1765,1900,135
5835.jpg,1766,1830,64
5840.jpg,1766,1850,84
5845.jpg,1766,1830,64
5850.jpg,1766,1600,-166
5855.jpg,1766,1900,134
5860.jpg,1766,1750,-16
5865.jpg,1766,1880,114
5870.jpg,1766,1780,14
5875.jpg,1767,1775,8
5880.jpg,1767,1760,-7
5885.jpg,1767,1870,103
5890.jpg,1767,1780,13
5895.jpg,1768,1870,102
5900.jpg,1768,1780,12
5905.jpg,1768,1745,-23
5910.jpg,1768,1850,82
5915.jpg,1768,1900,132
5920.jpg,1768,1850,82
5925.jpg,1768,1750,-18
5930.jpg,1768,1833,65
5935.jpg,1768,1783,15
5940.jpg,1768,1900,132
5945.jpg,1769,1790,21
5950.jpg,1769,1850,81
5955.jpg,1769,1775,6
5960.jpg,1769,1785,16
5965.jpg,1769,1700,-69
5970.jpg,1769,1850,81
5975.jpg,1769,1790,21
5980.jpg,1769,1800,31
5985.jpg,1769,1900,131
5990.jpg,1769,1850,81
5995.jpg,1769,1484,-285
6000.jpg,1770,1750,-20
6005.jpg,1770,1850,80
6010.jpg,1770,1850,80
6015.jpg,1770,1950,180
6020.jpg,1770,1800,30
6025.jpg,1770,1850,80
6030.jpg,1770,1770,0
6035.jpg,1770,1850,80
6040.jpg,1770,1850,80
6045.jpg,1770,1850,80
6050.jpg,1770,1850,80
6055.jpg,1770,1900,130
6060.jpg,1770,1945,175
6065.jpg,1770,1780,10
6070.jpg,1770,1950,180
6075.jpg,1770,1920,150
6080.jpg,1770,1850,80
6085.jpg,1770,1850,80
6090.jpg,1770,1840,70
6095.jpg,1770,1770,0
6100.jpg,1770,1780,10
6105.jpg,1770,1750,-20
6115.jpg,1771,1860,89
6120.jpg,1771,1820,49
6125.jpg,1771,1750,-21
6130.jpg,1771,1770,-1
6135.jpg,1771,1700,-71
6140.jpg,1771,1750,-21
6145.jpg,1771,1800,29
6150.jpg,1771,1850,79
6155.jpg,1771,1680,-91
6160.jpg,1771,1770,-1
6165.jpg,1771,1789,18
6170.jpg,1772,1890,118
6175.jpg,1772,1800,28
6180.jpg,1772,1775,3
6185.jpg,1772,1795,23
6190.jpg,1772,1841,69
6195.jpg,1773,1750,-23
6200.jpg,1773,1800,27
6205.jpg,1773,1830,57
6210.jpg,1773,1830,57
6215.jpg,1773,1800,27
6220.jpg,1773,1830,57
6225.jpg,1773,1850,77
6230.jpg,1773,1780,7
6235.jpg,1773,1900,127
6240.jpg,1774,1790,16
6245.jpg,1774,1800,26
6250.jpg,1774,1771,-3
6255.jpg,1774,1750,-24
6260.jpg,1774,1830,56
6265.jpg,1774,1830,56
6270.jpg,1774,1850,76
6275.jpg,1774,1776,2
6280.jpg,1774,1850,76
6285.jpg,1774,1820,46
6290.jpg,1774,1890,116
6295.jpg,1774,1850,76
6300.jpg,1774,1850,76
6305.jpg,1775,1850,75
6310.jpg,1775,1810,35
6315.jpg,1775,1850,75
6320.jpg,1775,1770,-5
6325.jpg,1775,1830,55
6330.jpg,1775,1850,75
6335.jpg,1775,1850,75
6350.jpg,1775,1920,145
6355.jpg,1775,1850,75
6360.jpg,1775,1920,145
6365.jpg,1775,1789,14
6370.jpg,1775,1810,35
6375.jpg,1775,1780,5
6380.jpg,1775,1850,75
6385.jpg,1775,1635,-140
6390.jpg,1775,1850,75
6395.jpg,1775,1750,-25
6405.jpg,1776,1830,54
6410.jpg,1776,1850,74
6415.jpg,1776,1950,174
6420.jpg,1776,1840,64
6425.jpg,1776,1770,-6
6430.jpg,1776,1850,74
6435.jpg,1776,1780,4
6440.jpg,1776,1850,74
6445.jpg,1777,1810,33
6450.jpg,1777,1750,-27
6455.jpg,1777,1930,153
6460.jpg,1777,1800,23
6465.jpg,1777,1850,73
6470.jpg,1777,1191,-586
6475.jpg,1777,1050,-727
6480.jpg,1777,1990,213
6485.jpg,1778,1820,42
6495.jpg,1778,1800,22
6500.jpg,1778,1800,22
6505.jpg,1778,1830,52
6510.jpg,1778,1850,72
6515.jpg,1779,1905,126
6520.jpg,1779,1750,-29
6525.jpg,1779,1820,41
6530.jpg,1779,1820,41
6535.jpg,1779,1850,71
6540.jpg,1779,1840,61
6545.jpg,1779,1800,21
6550.jpg,1779,1780,1
6555.jpg,1780,1745,-35
6560.jpg,1780,1840,60
6565.jpg,1780,1830,50
6570.jpg,1780,1850,70
6575.jpg,1780,1850,70
6580.jpg,1780,1850,70
6585.jpg,1780,1850,70
6590.jpg,1780,1850,70
6595.jpg,1780,1990,210
6600.jpg,1780,1850,70
6605.jpg,1780,1830,50
6610.jpg,1780,1910,130
6615.jpg,1780,1850,70
6620.jpg,1780,1830,50
6625.jpg,1780,1800,20
6630.jpg,1780,1850,70
6635.jpg,1780,1850,70
6640.jpg,1780,1850,70
6645.jpg,1780,1770,-10
6650.jpg,1780,1850,70
6655.jpg,1780,1870,90
6660.jpg,1780,1850,70
6665.jpg,1780,1800,20
6670.jpg,1781,1890,109
6675.jpg,1781,1848,67
6680.jpg,1781,1830,49
6685.jpg,1781,1800,19
6690.jpg,1781,1750,-31
6695.jpg,1781,1850,69
6700.jpg,1781,1750,-31
6705.jpg,1781,1923,142
6710.jpg,1782,1850,68
6715.jpg,1782,1850,68
6720.jpg,1782,1800,18
6725.jpg,1782,1850,68
6730.jpg,1782,1750,-32
6735.jpg,1782,1750,-32
6740.jpg,1782,1850,68
6745.jpg,1782,16,-1766
6750.jpg,1782,1800,18
6755.jpg,1783,1840,57
6760.jpg,1783,1800,17
6765.jpg,1783,1850,67
6770.jpg,1783,1950,167
6775.jpg,1783,1950,167
6780.jpg,1783,1780,-3
6785.jpg,1783,2010,227
6790.jpg,1783,1850,67
6795.jpg,1783,1830,47
6800.jpg,1783,1930,147
6805.jpg,1783,1770,-13
6810.jpg,1784,1850,66
6815.jpg,1784,1100,-684
6820.jpg,1784,1800,16
6825.jpg,1784,1900,116
6830.jpg,1784,1790,6
6835.jpg,1784,1980,196
6840.jpg,1784,1900,116
6845.jpg,1784,1850,66
6850.jpg,1784,1600,-184
6855.jpg,1784,1850,66
6860.jpg,1785,1800,15
6865.jpg,1785,1750,-35
6870.jpg,1785,1830,45
6875.jpg,1785,1800,15
6880.jpg,1785,1950,165
6885.jpg,1785,1850,65
6890.jpg,1785,1830,45
6895.jpg,1785,1850,65
6900.jpg,1785,1800,15
6905.jpg,1785,1830,45
6910.jpg,1785,1840,55
6915.jpg,1785,1800,15
6920.jpg,1785,1850,65
6925.jpg,1785,1830,45
6930.jpg,1785,1750,-35
6935.jpg,1785,1930,145
6940.jpg,1785,1850,65
6945.jpg,1785,1650,-135
6950.jpg,1786,1770,-16
6955.jpg,1786,1830,44
6960.jpg,1786,1830,44
6965.jpg,1786,1820,34
6970.jpg,1786,1800,14
6975.jpg,1786,1784,-2
6980.jpg,1786,1775,-11
6985.jpg,1786,18,-1768
6990.jpg,1786,1850,64
6995.jpg,1786,1930,144
7000.jpg,1786,1850,64
7005.jpg,1787,1800,13
7010.jpg,1787,1750,-37
7015.jpg,1787,1750,-37
7020.jpg,1787,1940,153
7025.jpg,1787,1890,103
7030.jpg,1787,1800,13
7035.jpg,1787,1800,13
7040.jpg,1787,1900,113
7045.jpg,1787,1890,103
7050.jpg,1787,1900,113
7055.jpg,1787,1850,63
7060.jpg,1787,1900,113
7065.jpg,1787,11950,10163
7070.jpg,1787,1850,63
7075.jpg,1787,1600,-187
7080.jpg,1787,1780,-7
7085.jpg,1787,1890,103
7090.jpg,1788,1840,52
7095.jpg,1788,1841,53
7100.jpg,1788,1930,142
7105.jpg,1788,1790,2
7110.jpg,1788,1900,112
7115.jpg,1788,1800,12
7120.jpg,1788,1780,-8
7125.jpg,1788,1840,52
7130.jpg,1788,1830,42
7135.jpg,1788,1778,-10
7140.jpg,1788,1850,62
7145.jpg,1789,1860,71
7150.jpg,1789,177,-1612
7155.jpg,1789,1800,11
7160.jpg,1789,1880,91
7165.jpg,1789,1850,61
7170.jpg,1789,1810,21
7175.jpg,1789,1930,141
7180.jpg,1789,1900,111
7185.jpg,1789,1850,61
7190.jpg,1789,1750,-39
7195.jpg,1789,1840,51
7200.jpg,1790,1850,60
7205.jpg,1790,1850,60
7210.jpg,1790,1850,60
7215.jpg,1790,1850,60
7220.jpg,1790,1850,60
7225.jpg,1790,1900,110
7230.jpg,1790,1840,50
7235.jpg,1790,1850,60
7240.jpg,1790,1800,10
7245.jpg,1790,1860,70
7250.jpg,1790,1840,50
7255.jpg,1790,1900,110
7260.jpg,1790,1900,110
7265.jpg,1790,1850,60
7270.jpg,1790,1850,60
7275.jpg,1790,1830,40
7280.jpg,1790,1775,-15
7285.jpg,1790,1775,-15
7290.jpg,1790,1950,160
7295.jpg,1790,1850,60
7300.jpg,1790,1850,60
7305.jpg,1790,1830,40
7310.jpg,1790,1850,60
7315.jpg,1790,1850,60
7320.jpg,1790,1850,60
7325.jpg,1790,1850,60
7330.jpg,1790,1800,10
7335.jpg,1790,1920,130
7340.jpg,1790,1810,20
7345.jpg,1790,1850,60
7350.jpg,1790,1850,60
7355.jpg,1790,1900,110
7360.jpg,1790,1830,40
7365.jpg,1790,1790,0
7370.jpg,1790,1785,-5
7375.jpg,1790,1925,135
7380.jpg,1790,1500,-290
7385.jpg,1791,1900,109
7390.jpg,1791,1750,-41
7395.jpg,1791,1749,-42
7400.jpg,1791,1860,69
7405.jpg,1791,1920,129
7410.jpg,1791,1780,-11
7415.jpg,1791,1830,39
7420.jpg,1791,1830,39
7425.jpg,1791,1860,69
7430.jpg,1791,1850,59
7435.jpg,1791,1850,59
7440.jpg,1792,1905,113
7445.jpg,1792,1900,108
7450.jpg,1792,1820,28
7455.jpg,1792,1900,108
7460.jpg,1792,1850,58
7465.jpg,1792,1850,58
7470.jpg,1792,1890,98
7475.jpg,1792,1850,58
7480.jpg,1792,1770,-22
7485.jpg,1792,1850,58
7490.jpg,1792,1830,38
7495.jpg,1792,1743,-49
7500.jpg,1792,1850,58
7505.jpg,1792,1820,28
7510.jpg,1793,1820,27
7515.jpg,1793,1190,-603
7520.jpg,1793,1850,57
7525.jpg,1793,1780,-13
7530.jpg,1793,1830,37
7535.jpg,1793,2000,207
7540.jpg,1793,1850,57
7545.jpg,1793,1850,57
7550.jpg,1793,1850,57
7555.jpg,1793,1830,37
7560.jpg,1793,1830,37
7565.jpg,1793,1850,57
7570.jpg,1793,1830,37
7575.jpg,1793,1950,157
7580.jpg,1793,1800,7
7585.jpg,1793,1950,157
7590.jpg,1793,1600,-193
7595.jpg,1794,1900,106
7600.jpg,1794,1800,6
7605.jpg,1794,1900,106
7610.jpg,1794,1830,36
7615.jpg,1794,1950,156
7620.jpg,1794,1830,36
7625.jpg,1794,1870,76
7630.jpg,1794,1720,-74
7635.jpg,1794,1750,-44
7640.jpg,1794,1850,56
7645.jpg,1794,1780,-14
7650.jpg,1794,1850,56
7655.jpg,1795,1850,55
7660.jpg,1795,1930,135
7665.jpg,1795,1850,55
7670.jpg,1795,1830,35
7675.jpg,1795,1820,25
7680.jpg,1795,1840,45
7685.jpg,1795,1830,35
7690.jpg,1795,1850,55
7695.jpg,1795,1840,45
7700.jpg,1795,1890,95
7705.jpg,1795,1830,35
7710.jpg,1795,1850,55
7715.jpg,1795,1830,35
7720.jpg,1795,1850,55
7725.jpg,1795,1850,55
7730.jpg,1795,1820,25
7735.jpg,1795,1840,45
7740.jpg,1795,1850,55
7745.jpg,1795,1900,105
7750.jpg,1795,1800,5
7755.jpg,1795,1830,35
7760.jpg,1795,1830,35
7765.jpg,1795,1920,125
7775.jpg,1796,1830,34
7780.jpg,1796,1830,34
7785.jpg,1796,1850,54
7790.jpg,1796,1870,74
7795.jpg,1796,1820,24
7800.jpg,1796,1840,44
7805.jpg,1796,1900,104
7810.jpg,1796,1900,104
7815.jpg,1796,1900,104
7820.jpg,1796,17150,15354
7825.jpg,1796,1880,84
7830.jpg,1796,1850,54
7840.jpg,1796,1890,94
7845.jpg,1796,1810,14
7850.jpg,1796,1830,34
7855.jpg,1796,1800,4
7860.jpg,1796,1840,44
7865.jpg,1796,1850,54
7870.jpg,1796,1830,34
7875.jpg,1796,1870,74
7880.jpg,1797,1790,-7
7885.jpg,1797,1750,-47
7890.jpg,1797,1830,33
7895.jpg,1797,1890,93
7900.jpg,1797,1850,53
7905.jpg,1797,1800,3
7915.jpg,1797,1700,-97
7920.jpg,1797,1850,53
7925.jpg,1797,1850,53
7930.jpg,1797,1850,53
7935.jpg,1797,1900,103
7940.jpg,1797,1720,-77
7945.jpg,1797,1600,-197
7950.jpg,1797,1850,53
7955.jpg,1798,1860,62
7960.jpg,1798,1820,22
7965.jpg,1798,1640,-158
7970.jpg,1798,1850,52
7975.jpg,1798,1920,122
7980.jpg,1798,1850,52
7985.jpg,1798,1850,52
7990.jpg,1798,1910,112
7995.jpg,1798,1600,-198
8000.jpg,1798,1890,92
8005.jpg,1798,1830,32
8010.jpg,1798,1990,192
8015.jpg,1798,1830,32
8020.jpg,1798,1910,112
8025.jpg,1798,1830,32
8030.jpg,1798,1920,122
8035.jpg,1798,1850,52
8040.jpg,1798,1955,157
8045.jpg,1798,1850,52
8055.jpg,1798,1750,-48
8060.jpg,1799,1900,101
8065.jpg,1799,1860,61
8070.jpg,1799,1850,51
8075.jpg,1799,1800,1
8080.jpg,1799,1910,111
8085.jpg,1799,1850,51
8090.jpg,1799,1820,21
8095.jpg,1799,1800,1
8100.jpg,1799,1870,71
8105.jpg,1799,1850,51
8110.jpg,1799,1600,-199
8115.jpg,1800,1850,50
8120.jpg,1800,1900,100
8125.jpg,1800,1800,0
8130.jpg,1800,1840,40
8135.jpg,1800,1850,50
8140.jpg,1800,1800,0
8145.jpg,1800,1850,50
8150.jpg,1800,1850,50
8155.jpg,1800,1830,30
8160.jpg,1800,1880,80
8165.jpg,1800,1830,30
8170.jpg,1800,1800,0
8175.jpg,1800,1800,0
8180.jpg,1800,1770,-30
8185.jpg,1800,1850,50
8190.jpg,1800,1850,50
8195.jpg,1800,1850,50
8200.jpg,1800,1900,100
8205.jpg,1800,1840,40
8210.jpg,1800,1850,50
8215.jpg,1800,1850,50
8220.jpg,1800,1920,120
8225.jpg,1800,1850,50
8230.jpg,1800,1850,50
8235.jpg,1800,1850,50
8240.jpg,1800,1900,100
8245.jpg,1800,1850,50
8250.jpg,1800,1840,40
8255.jpg,1800,1850,50
8260.jpg,1800,1830,30
8265.jpg,1800,1840,40
8270.jpg,1800,1820,20
8275.jpg,1800,1850,50
8280.jpg,1800,1840,40
8285.jpg,1800,1900,100
8295.jpg,1800,1900,100
8300.jpg,1801,1775,-26
8305.jpg,1801,1970,169
8310.jpg,1801,1840,39
8315.jpg,1801,1860,59
8320.jpg,1801,1980,179
8325.jpg,1801,1870,69
8330.jpg,1801,1800,-1
8335.jpg,1801,1810,9
8340.jpg,1801,1800,-1
8345.jpg,1801,1810,9
8350.jpg,1801,1850,49
8355.jpg,1801,1850,49
8360.jpg,1801,1850,49
8365.jpg,1801,1870,69
8375.jpg,1802,1850,48
8380.jpg,1802,1890,88
8385.jpg,1802,1750,-52
8390.jpg,1802,1880,78
8395.jpg,1802,1800,-2
8400.jpg,1802,1850,48
8405.jpg,1802,1850,48
8410.jpg,1802,1820,18
8415.jpg,1802,1877,75
8420.jpg,1802,1850,48
8425.jpg,1802,1900,98
8430.jpg,1802,1890,88
8435.jpg,1802,1783,-19
8440.jpg,1803,1912,109
8445.jpg,1803,1840,37
8450.jpg,1803,1775,-28
8455.jpg,1803,1850,47
8460.jpg,1803,1750,-53
8465.jpg,1803,1850,47
8470.jpg,1803,1890,87
8475.jpg,1803,1900,97
8480.jpg,1803,1830,27
8485.jpg,1803,1850,47
8490.jpg,1803,1850,47
8495.jpg,1803,1190,-613
8500.jpg,1803,1850,47
8505.jpg,1803,1850,47
8515.jpg,1804,1850,46
8520.jpg,1804,1925,121
8525.jpg,1804,1850,46
8530.jpg,1804,1900,96
8535.jpg,1804,1890,86
8540.jpg,1804,1900,96
8545.jpg,1804,1840,36
8550.jpg,1804,1840,36
8555.jpg,1804,1850,46
8560.jpg,1804,1850,46
8565.jpg,1804,1850,46
8570.jpg,1804,1850,46
8575.jpg,1804,1920,116
8580.jpg,1804,1800,-4
8585.jpg,1805,1810,5
8590.jpg,1805,1800,-5
8595.jpg,1805,1850,45
8600.jpg,1805,1940,135
8605.jpg,1805,1850,45
8610.jpg,1805,1800,-5
8615.jpg,1805,1900,95
8620.jpg,1805,1800,-5
8625.jpg,1805,1830,25
8630.jpg,1805,1200,-605
8635.jpg,1805,1890,85
8640.jpg,1805,1750,-55
8645.jpg,1805,1850,45
8650.jpg,1805,1900,95
8655.jpg,1805,1850,45
8660.jpg,1805,1830,25
8665.jpg,1805,1840,35
8670.jpg,1805,1895,90
8675.jpg,1805,1830,25
8680.jpg,1805,1800,-5
8685.jpg,1805,1850,45
8690.jpg,1805,1850,45
8695.jpg,1806,1840,34
8700.jpg,1806,1850,44
8705.jpg,1806,1880,74
8710.jpg,1806,1830,24
8715.jpg,1806,1830,24
8720.jpg,1806,1920,114
8725.jpg,1806,1830,24
8730.jpg,1806,1830,24
8735.jpg,1806,1840,34
8740.jpg,1806,1850,44
8745.jpg,1806,1850,44
8750.jpg,1806,1820,14
8755.jpg,1806,1790,-16
8765.jpg,1807,1850,43
8770.jpg,1807,1850,43
8775.jpg,1807,1870,63
8780.jpg,1807,1930,123
8785.jpg,1807,1940,133
8790.jpg,1807,1800,-7
8795.jpg,1807,1930,123
8800.jpg,1807,1910,103
8805.jpg,1807,1900,93
8810.jpg,1807,1900,93
8815.jpg,1807,1840,33
8820.jpg,1807,1850,43
8825.jpg,1807,1800,-7
8830.jpg,1807,1750,-57
8835.jpg,1807,1850,43
8840.jpg,1808,1950,142
8845.jpg,1808,1870,62
8850.jpg,1808,1830,22
8855.jpg,1808,1800,-8
8860.jpg,1808,1900,92
8865.jpg,1808,1880,72
8875.jpg,1808,1850,42
8880.jpg,1808,1800,-8
8885.jpg,1808,1840,32
8890.jpg,1808,1850,42
8895.jpg,1808,1800,-8
8900.jpg,1808,1850,42
8905.jpg,1808,1780,-28
8910.jpg,1809,1800,-9
8915.jpg,1809,1840,31
8920.jpg,1809,1830,21
8925.jpg,1809,1850,41
8930.jpg,1809,1800,-9
8935.jpg,1809,1850,41
8940.jpg,1809,1870,61
8945.jpg,1809,1920,111
8950.jpg,1809,1850,41
8955.jpg,1809,1910,101
8965.jpg,1809,1801,-8
8970.jpg,1809,1900,91
8975.jpg,1810,1850,40
8980.jpg,1810,1890,80
8985.jpg,1810,1850,40
8995.jpg,1810,1880,70
9000.jpg,1810,1800,-10
9005.jpg,1810,1880,70
9010.jpg,1810,1600,-210
9015.jpg,1810,1900,90
9020.jpg,1810,1850,40
9025.jpg,1810,1800,-10
9030.jpg,1810,1850,40
9035.jpg,1810,1850,40
9040.jpg,1810,1850,40
9045.jpg,1810,1900,90
9050.jpg,1810,1800,-10
9055.jpg,1810,1820,10
9060.jpg,1810,1890,80
9065.jpg,1810,1870,60
9070.jpg,1810,1890,80
9075.jpg,1810,1850,40
9080.jpg,1810,1990,180
9085.jpg,1810,1900,90
9090.jpg,1810,1830,20
9095.jpg,1810,1830,20
9100.jpg,1810,1850,40
9105.jpg,1810,1830,20
9110.jpg,1810,1985,175
9115.jpg,1810,1850,40
9120.jpg,1810,1850,40
9125.jpg,1810,1911,101
9130.jpg,1810,1850,40
9135.jpg,1810,1950,140
9140.jpg,1810,1925,115
9145.jpg,1810,1950,140
9150.jpg,1811,1850,39
9160.jpg,1811,1850,39
9165.jpg,1811,1750,-61
9170.jpg,1811,1780,-31
9175.jpg,1811,1850,39
9180.jpg,1811,1850,39
9185.jpg,1811,1800,-11
9190.jpg,1811,1850,39
9195.jpg,1811,1850,39
9200.jpg,1811,1750,-61
9205.jpg,1811,1830,19
9210.jpg,1812,1720,-92
9215.jpg,1812,1750,-62
9220.jpg,1812,1425,-387
9225.jpg,1812,1850,38
9230.jpg,1812,1850,38
9235.jpg,1812,1830,18
9240.jpg,1812,1850,38
9245.jpg,1812,1850,38
9250.jpg,1812,1890,78
9255.jpg,1812,1830,18
9260.jpg,1812,1920,108
9265.jpg,1812,1900,88
9270.jpg,1812,1850,38
9275.jpg,1812,1850,38
9280.jpg,1812,1850,38
9290.jpg,1812,1850,38
9295.jpg,1812,1780,-32
9300.jpg,1812,1850,38
9305.jpg,1812,1830,18
9310.jpg,1813,1820,7
9315.jpg,1813,1900,87
9320.jpg,1813,1840,27
9325.jpg,1813,1240,-573
9330.jpg,1813,1800,-13
9335.jpg,1813,1830,17
9340.jpg,1813,1800,-13
9345.jpg,1813,1850,37
9350.jpg,1813,1840,27
9355.jpg,1813,500,-1313
9360.jpg,1813,1900,87
9365.jpg,1813,1860,47
9370.jpg,1813,1890,77
9375.jpg,1814,1880,66
9390.jpg,1814,1800,-14
9395.jpg,1814,1800,-14
9400.jpg,1814,1850,36
9405.jpg,1814,1850,36
9410.jpg,1814,1770,-44
9415.jpg,1814,1820,6
9420.jpg,1814,1830,16
9425.jpg,1814,1800,-14
9430.jpg,1814,1850,36
9435.jpg,1814,1830,16
9440.jpg,1814,1850,36
9445.jpg,1814,1850,36
9450.jpg,1814,1850,36
9455.jpg,1814,1780,-34
9460.jpg,1814,1800,-14
9465.jpg,1815,1820,5
9470.jpg,1815,1920,105
9475.jpg,1815,1750,-65
9480.jpg,1815,1850,35
9485.jpg,1815,1850,35
9490.jpg,1815,1850,35
9495.jpg,1815,1850,35
9500.jpg,1815,1920,105
9505.jpg,1815,1850,35
9510.jpg,1815,1980,165
9515.jpg,1815,1915,100
9520.jpg,1815,1800,-15
9525.jpg,1815,1850,35
9530.jpg,1815,1850,35
9535.jpg,1815,1850,35
9540.jpg,1815,1850,35
9545.jpg,1815,1750,-65
9550.jpg,1815,1750,-65
9555.jpg,1815,1800,-15
9560.jpg,1815,1800,-15
9565.jpg,1815,1830,15
9570.jpg,1815,1850,35
9575.jpg,1815,1880,65
9580.jpg,1815,1750,-65
9585.jpg,1815,1890,75
9590.jpg,1815,18,-1797
9595.jpg,1816,1950,134
9600.jpg,1816,1850,34
9605.jpg,1816,1840,24
9610.jpg,1816,1790,-26
9615.jpg,1816,1850,34
9620.jpg,1816,1890,74
9625.jpg,1816,1786,-30
9630.jpg,1816,1840,24
9635.jpg,1816,1800,-16
9640.jpg,1816,1825,9
9645.jpg,1816,1800,-16
9650.jpg,1816,1850,34
9655.jpg,1816,1800,-16
9660.jpg,1816,1905,89
9665.jpg,1816,1850,34
9670.jpg,1816,1850,34
9675.jpg,1816,1850,34
9680.jpg,1816,1840,24
9685.jpg,1816,1850,34
9690.jpg,1816,1885,69
9695.jpg,1816,1850,34
9700.jpg,1816,1800,-16
9705.jpg,1816,1850,34
9710.jpg,1816,1850,34
9715.jpg,1817,1860,43
9720.jpg,1817,1850,33
9725.jpg,1817,1820,3
9730.jpg,1817,1850,33
9735.jpg,1817,1895,78
9740.jpg,1817,1950,133
9745.jpg,1817,1850,33
9750.jpg,1817,1850,33
9755.jpg,1817,1840,23
9760.jpg,1817,1820,3
9765.jpg,1817,1830,13
9770.jpg,1817,1890,73
9775.jpg,1817,1930,113
9780.jpg,1817,1900,83
9785.jpg,1817,1870,53
9790.jpg,1818,1850,32
9795.jpg,1818,1920,102
9800.jpg,1818,1800,-18
9805.jpg,1818,1920,102
9810.jpg,1818,1820,2
9815.jpg,1818,1950,132
9820.jpg,1818,1945,127
9825.jpg,1818,1830,12
9830.jpg,1818,1850,32
9835.jpg,1818,1850,32
9840.jpg,1818,1900,82
9845.jpg,1818,1905,87
9850.jpg,1818,1850,32
9855.jpg,1818,1810,-8
9860.jpg,1818,1840,22
9865.jpg,1818,1830,12
9870.jpg,1818,1850,32
9875.jpg,1818,1820,2
9880.jpg,1818,1850,32
9885.jpg,1818,1960,142
9890.jpg,1818,1830,12
9895.jpg,1818,1800,-18
9900.jpg,1818,1850,32
9905.jpg,1818,1830,12
9910.jpg,1819,1860,41
9915.jpg,1819,1910,91
9920.jpg,1819,1820,1
9925.jpg,1819,1900,81
9930.jpg,1819,1840,21
9935.jpg,1819,1830,11
9940.jpg,1819,1900,81
9945.jpg,1819,1850,31
9950.jpg,1819,1905,86
9955.jpg,1819,1830,11
9960.jpg,1819,1830,11
9965.jpg,1819,1850,31
9970.jpg,1819,1800,-19
9975.jpg,1819,1890,71
9980.jpg,1819,1830,11
9985.jpg,1820,1911,91
9990.jpg,1820,1850,30
9995.jpg,1820,1823,3
10000.jpg,1820,1800,-20
10005.jpg,1820,1680,-140
10010.jpg,1820,1890,70
10015.jpg,1820,1820,0
10020.jpg,1820,1850,30
10025.jpg,1820,1820,0
10030.jpg,1820,1900,80
10035.jpg,1820,1850,30
10040.jpg,1820,1920,100
10045.jpg,1820,1840,20
10050.jpg,1820,1850,30
10055.jpg,1820,1870,50
10060.jpg,1820,1850,30
10065.jpg,1820,1850,30
10070.jpg,1820,1840,20
10075.jpg,1820,1850,30
10080.jpg,1820,1950,130
10085.jpg,1820,1850,30
10090.jpg,1820,1850,30
10095.jpg,1820,1850,30
10100.jpg,1820,1830,10
10105.jpg,1820,1850,30
10110.jpg,1820,1850,30
10115.jpg,1820,1900,80
10120.jpg,1820,1810,-10
10125.jpg,1820,1870,50
10130.jpg,1820,1850,30
10135.jpg,1820,1800,-20
10140.jpg,1820,1840,20
10145.jpg,1820,1900,80
10150.jpg,1820,1840,20
10155.jpg,1820,1830,10
10160.jpg,1820,1800,-20
10165.jpg,1820,1955,135
10170.jpg,1820,1910,90
10175.jpg,1820,1910,90
10180.jpg,1820,1850,30
10185.jpg,1820,1850,30
10190.jpg,1820,1900,80
10195.jpg,1821,1850,29
10200.jpg,1821,1897,76
10205.jpg,1821,1752,-69
10210.jpg,1821,2000,179
10215.jpg,1821,1920,99
10220.jpg,1821,1840,19
10225.jpg,1821,1905,84
10230.jpg,1821,1840,19
10235.jpg,1821,1860,39
10240.jpg,1821,1900,79
10245.jpg,1821,1880,59
10250.jpg,1821,1780,-41
10255.jpg,1821,1890,69
10260.jpg,1821,1830,9
10265.jpg,1821,1890,69
10270.jpg,1821,1850,29
10275.jpg,1821,1810,-11
10280.jpg,1822,1910,88
10285.jpg,1822,1880,58
10290.jpg,1822,1820,-2
10295.jpg,1822,1870,48
10300.jpg,1822,1975,153
10305.jpg,1822,1920,98
10310.jpg,1822,1810,-12
10315.jpg,1822,1850,28
10320.jpg,1822,1850,28
10325.jpg,1822,1920,98
10330.jpg,1822,1990,168
10335.jpg,1822,1800,-22
10340.jpg,1822,1900,78
10345.jpg,1822,1900,78
10355.jpg,1822,1830,8
10360.jpg,1823,1850,27
10365.jpg,1823,1850,27
10370.jpg,1823,1840,17
10375.jpg,1823,1810,-13
10385.jpg,1823,1193,-630
10390.jpg,1823,1910,87
10395.jpg,1823,1850,27
10400.jpg,1823,1850,27
10405.jpg,1823,1840,17
10410.jpg,1823,1890,67
10415.jpg,1823,1850,27
10420.jpg,1823,1850,27
10425.jpg,1823,1800,-23
10430.jpg,1823,1850,27
10435.jpg,1823,1850,27
10440.jpg,1823,1700,-123
10445.jpg,1823,1900,77
10450.jpg,1823,1850,27
10455.jpg,1824,1850,26
10460.jpg,1824,1770,-54
10465.jpg,1824,1830,6
10470.jpg,1824,1940,116
10475.jpg,1824,1450,-374
10480.jpg,1824,1850,26
10485.jpg,1824,1850,26
10490.jpg,1824,1600,-224
10495.jpg,1824,1840,16
10500.jpg,1824,1850,26
10505.jpg,1824,1900,76
10510.jpg,1824,1890,66
10515.jpg,1824,1850,26
10520.jpg,1824,1900,76
10525.jpg,1824,2005,181
10530.jpg,1824,1950,126
10535.jpg,1824,1850,26
10540.jpg,1824,1850,26
10545.jpg,1824,1850,26
10550.jpg,1825,1837,12
10555.jpg,1825,1890,65
10560.jpg,1825,1850,25
10565.jpg,1825,1900,75
10570.jpg,1825,1950,125
10575.jpg,1825,1830,5
10580.jpg,1825,1863,38
10585.jpg,1825,1850,25
10590.jpg,1825,1850,25
10595.jpg,1825,1850,25
10600.jpg,1825,1820,-5
10605.jpg,1825,1830,5
10610.jpg,1825,1850,25
10615.jpg,1825,1850,25
10620.jpg,1825,1905,80
10625.jpg,1825,1945,120
10630.jpg,1825,1850,25
10635.jpg,1825,1916,91
10640.jpg,1825,1980,155
10645.jpg,1825,1800,-25
10650.jpg,1825,1830,5
10655.jpg,1825,1850,25
10660.jpg,1825,1850,25
10665.jpg,1825,1850,25
10670.jpg,1825,1850,25
10675.jpg,1825,1850,25
10680.jpg,1825,1830,5
10685.jpg,1825,1850,25
10690.jpg,1825,1900,75
10695.jpg,1825,1850,25
10700.jpg,1825,1900,75
10705.jpg,1825,1840,15
10710.jpg,1825,1850,25
10715.jpg,1825,1870,45
10720.jpg,1825,1800,-25
10725.jpg,1825,1900,75
10730.jpg,1826,1880,54
10735.jpg,1826,1850,24
10745.jpg,1826,1810,-16
10750.jpg,1826,1850,24
10755.jpg,1826,1850,24
10760.jpg,1826,1830,4
10765.jpg,1826,1790,-36
10770.jpg,1826,1870,44
10775.jpg,1826,1850,24
10780.jpg,1826,1830,4
10785.jpg,1826,1850,24
10790.jpg,1826,1850,24
10795.jpg,1826,1800,-26
10800.jpg,1826,1850,24
10805.jpg,1826,1785,-41
10810.jpg,1826,1850,24
10815.jpg,1826,1830,4
10820.jpg,1826,1830,4
10825.jpg,1826,1850,24
10830.jpg,1826,1925,99
10835.jpg,1827,1800,-27
10840.jpg,1827,1850,23
10845.jpg,1827,1860,33
10850.jpg,1827,1800,-27
10855.jpg,1827,1850,23
10860.jpg,1827,1870,43
10865.jpg,1827,1900,73
10870.jpg,1827,1873,46
10875.jpg,1827,1850,23
10880.jpg,1827,1900,73
10885.jpg,1827,1900,73
10890.jpg,1827,1900,73
10895.jpg,1827,1850,23
10900.jpg,1827,1850,23
10905.jpg,1827,1800,-27
10910.jpg,1827,1840,13
10915.jpg,1827,1830,3
10920.jpg,1827,1830,3
10925.jpg,1827,1820,-7
10930.jpg,1827,1895,68
10935.jpg,1827,1820,-7
10940.jpg,1827,1900,73
10945.jpg,1828,1790,-38
10950.jpg,1828,1760,-68
10955.jpg,1828,1850,22
10960.jpg,1828,1820,-8
10965.jpg,1828,1800,-28
10970.jpg,1828,1830,2
10975.jpg,1828,1880,52
10980.jpg,1828,1850,22
10985.jpg,1828,1850,22
10990.jpg,1828,1850,22
10995.jpg,1828,1850,22
11000.jpg,1828,1830,2
11005.jpg,1828,1900,72
11010.jpg,1828,1850,22
11015.jpg,1828,1850,22
11020.jpg,1828,1780,-48
11025.jpg,1828,1850,22
11030.jpg,1828,1850,22
11035.jpg,1828,1850,22
11040.jpg,1828,1850,22
11045.jpg,1828,1850,22
11050.jpg,1828,1750,-78
11055.jpg,1828,1780,-48
11060.jpg,1828,1908,80
11065.jpg,1829,1920,91
11070.jpg,1829,1900,71
11075.jpg,1829,1850,21
11080.jpg,1829,1840,11
11085.jpg,1829,1850,21
11090.jpg,1829,1935,106
11095.jpg,1829,1880,51
11100.jpg,1829,1870,41
11105.jpg,1829,1850,21
11110.jpg,1829,1820,-9
11115.jpg,1829,1750,-79
11120.jpg,1829,1850,21
11125.jpg,1829,1830,1
11130.jpg,1829,1880,51
11135.jpg,1829,1880,51
11140.jpg,1829,1830,1
11145.jpg,1829,1800,-29
11150.jpg,1829,1850,21
11155.jpg,1829,1960,131
11160.jpg,1829,1700,-129
11165.jpg,1829,1910,81
11170.jpg,1830,1750,-80
11175.jpg,1830,1890,60
11180.jpg,1830,1820,-10
11185.jpg,1830,1850,20
11190.jpg,1830,1840,10
11195.jpg,1830,1550,-280
11200.jpg,1830,1870,40
11205.jpg,1830,1800,-30
11210.jpg,1830,1890,60
11215.jpg,1830,1850,20
11220.jpg,1830,1850,20
11225.jpg,1830,1900,70
11230.jpg,1830,1900,70
11235.jpg,1830,1890,60
11240.jpg,1830,1830,0
11245.jpg,1830,1950,120
11250.jpg,1830,1850,20
11255.jpg,1830,1900,70
11260.jpg,1830,1850,20
11265.jpg,1830,1850,20
11270.jpg,1830,1850,20
11275.jpg,1830,1850,20
11280.jpg,1830,1900,70
11285.jpg,1830,1850,20
11290.jpg,1830,1800,-30
11295.jpg,1830,1850,20
11300.jpg,1830,1840,10
11305.jpg,1830,1850,20
11310.jpg,1830,1850,20
11315.jpg,1830,1850,20
11320.jpg,1830,1850,20
11325.jpg,1830,1890,60
11330.jpg,1830,1900,70
11335.jpg,1830,1830,0
11340.jpg,1830,1940,110
11345.jpg,1830,1980,150
11350.jpg,1830,1920,90
11355.jpg,1830,1850,20
11360.jpg,1830,1860,30
11365.jpg,1830,1993,163
11370.jpg,1830,1850,20
11375.jpg,1830,1833,3
11380.jpg,1830,1880,50
11385.jpg,1830,1830,0
11390.jpg,1830,1890,60
11395.jpg,1830,1850,20
11400.jpg,1831,1820,-11
11405.jpg,1831,1800,-31
11410.jpg,1831,1850,19
11415.jpg,1831,1935,104
11420.jpg,1831,1850,19
11425.jpg,1831,1850,19
11430.jpg,1831,1850,19
11435.jpg,1831,1880,49
11440.jpg,1831,1945,114
11445.jpg,1831,1830,-1
11450.jpg,1831,1850,19
11455.jpg,1831,1850,19
11460.jpg,1831,1860,29
11465.jpg,1831,1850,19
11470.jpg,1831,1830,-1
11475.jpg,1831,1950,119
11480.jpg,1831,1870,39
11485.jpg,1831,1850,19
11490.jpg,1832,1950,118
11495.jpg,1832,1850,18
11500.jpg,1832,1850,18
11505.jpg,1832,1850,18
11510.jpg,1832,1840,8
11515.jpg,1832,1820,-12
11525.jpg,1832,1850,18
11530.jpg,1832,1900,68
11535.jpg,1832,1800,-32
11540.jpg,1832,1840,8
11545.jpg,1832,1850,18
11550.jpg,1832,1850,18
11555.jpg,1832,1830,-2
11560.jpg,1832,1900,68
11565.jpg,1832,1840,8
11570.jpg,1832,1850,18
11575.jpg,1832,1830,-2
11580.jpg,1832,1850,18
11585.jpg,1832,1900,68
11590.jpg,1832,1840,8
11595.jpg,1832,1840,8
11600.jpg,1832,1800,-32
11605.jpg,1832,1850,18
11610.jpg,1832,1830,-2
11615.jpg,1832,1840,8
11620.jpg,1832,1700,-132
11625.jpg,1832,1850,18
11630.jpg,1832,1910,78
11635.jpg,1832,1930,98
11640.jpg,1832,1850,18
11645.jpg,1833,1880,47
11650.jpg,1833,1890,57
11655.jpg,1833,1880,47
11660.jpg,1833,1820,-13
11665.jpg,1833,1850,17
11670.jpg,1833,1850,17
11675.jpg,1833,1860,27
11680.jpg,1833,1850,17
11685.jpg,1833,1800,-33
11690.jpg,1833,1850,17
11695.jpg,1833,1850,17
11700.jpg,1833,1850,17
11705.jpg,1833,1920,87
11710.jpg,1833,1900,67
11715.jpg,1833,1900,67
11720.jpg,1833,1950,117
11725.jpg,1833,1850,17
11730.jpg,1833,1770,-63
11735.jpg,1833,1810,-23
11740.jpg,1833,1840,7
11745.jpg,1833,1850,17
11750.jpg,1833,1840,7
11755.jpg,1833,1750,-83
11760.jpg,1833,1850,17
11765.jpg,1833,1981,148
11770.jpg,1834,1860,26
11775.jpg,1834,1830,-4
11780.jpg,1834,1850,16
11785.jpg,1834,1765,-69
11790.jpg,1834,1965,131
11795.jpg,1834,1800,-34
11800.jpg,1834,1770,-64
11805.jpg,1834,1840,6
11810.jpg,1834,1850,16
11815.jpg,1834,1830,-4
11820.jpg,1834,1840,6
11825.jpg,1834,1780,-54
11830.jpg,1834,1850,16
11835.jpg,1834,1890,56
11840.jpg,1834,1850,16
11845.jpg,1834,1880,46
11850.jpg,1834,1830,-4
11855.jpg,1834,1850,16
11860.jpg,1834,1923,89
11865.jpg,1834,1850,16
11870.jpg,1834,1900,66
11875.jpg,1834,1830,-4
11880.jpg,1834,1830,-4
11885.jpg,1834,1850,16
11890.jpg,1834,1820,-14
11895.jpg,1834,1810,-24
11900.jpg,1835,1830,-5
11905.jpg,1835,1800,-35
11910.jpg,1835,1983,148
11915.jpg,1835,1850,15
11920.jpg,1835,1830,-5
11925.jpg,1835,1820,-15
11930.jpg,1835,1900,65
11935.jpg,1835,1850,15
11940.jpg,1835,1920,85
11945.jpg,1835,1850,15
11950.jpg,1835,1825,-10
11955.jpg,1835,1850,15
11960.jpg,1835,1920,85
11965.jpg,1835,1990,155
11970.jpg,1835,1850,15
11980.jpg,1835,1870,35
11985.jpg,1835,1840,5
11990.jpg,1835,1905,70
11995.jpg,1835,1950,115
12000.jpg,1835,1850,15
12005.jpg,1835,1850,15
12010.jpg,1835,1850,15
12015.jpg,1835,1850,15
12020.jpg,1835,1920,85
12025.jpg,1835,1920,85
12030.jpg,1835,1850,15
12035.jpg,1835,1850,15
12040.jpg,1835,1850,15
12045.jpg,1835,1850,15
12050.jpg,1835,1830,-5
12055.jpg,1835,1850,15
12060.jpg,1835,1880,45
12065.jpg,1835,1880,45
12070.jpg,1835,1850,15
12075.jpg,1835,1950,115
12080.jpg,1835,1910,75
12085.jpg,1835,1830,-5
12090.jpg,1835,1850,15
12095.jpg,1835,1830,-5
12100.jpg,1835,1850,15
12105.jpg,1835,1890,55
12110.jpg,1835,1300,-535
12115.jpg,1835,1830,-5
12120.jpg,1835,1890,55
12125.jpg,1835,1900,65
12130.jpg,1836,1810,-26
12135.jpg,1836,1900,64
12140.jpg,1836,1800,-36
12145.jpg,1836,1890,54
12150.jpg,1836,1910,74
12155.jpg,1836,1810,-26
12160.jpg,1836,1910,74
12170.jpg,1836,1880,44
12175.jpg,1836,1800,-36
12180.jpg,1836,1870,34
12185.jpg,1836,1850,14
12190.jpg,1836,1850,14
12195.jpg,1836,1901,65
12200.jpg,1836,1890,54
12205.jpg,1836,1890,54
12210.jpg,1836,1850,14
12215.jpg,1836,1850,14
12220.jpg,1836,1830,-6
12225.jpg,1836,1850,14
12230.jpg,1836,1850,14
12235.jpg,1836,1920,84
12240.jpg,1836,1600,-236
12245.jpg,1836,1850,14
12250.jpg,1836,1850,14
12255.jpg,1836,1850,14
12260.jpg,1836,1800,-36
12265.jpg,1836,1830,-6
12270.jpg,1836,1850,14
12275.jpg,1836,1790,-46
12280.jpg,1837,1850,13
12285.jpg,1837,1687,-150
12290.jpg,1837,1850,13
12295.jpg,1837,1850,13
12300.jpg,1837,1890,53
12305.jpg,1837,1850,13
12310.jpg,1837,1890,53
12315.jpg,1837,1790,-47
12320.jpg,1837,1950,113
12325.jpg,1837,1900,63
12330.jpg,1837,1990,153
12335.jpg,1837,1830,-7
12340.jpg,1837,1820,-17
12345.jpg,1837,1780,-57
12350.jpg,1837,1945,108
12355.jpg,1837,1840,3
12360.jpg,1837,1900,63
12365.jpg,1837,1900,63
12370.jpg,1837,1850,13
12375.jpg,1837,1900,63
12380.jpg,1837,1850,13
12385.jpg,1837,1900,63
12390.jpg,1837,1850,13
12395.jpg,1837,1780,-57
12400.jpg,1837,1880,43
12405.jpg,1837,1830,-7
12410.jpg,1837,1850,13
12415.jpg,1837,1880,43
12420.jpg,1837,1830,-7
12425.jpg,1837,1800,-37
12430.jpg,1837,1850,13
12435.jpg,1837,1920,83
12440.jpg,1837,1870,33
12445.jpg,1837,1850,13
12450.jpg,1838,1800,-38
12455.jpg,1838,1850,12
12460.jpg,1838,1850,12
12465.jpg,1838,1870,32
12470.jpg,1838,1910,72
12475.jpg,1838,1900,62
12480.jpg,1838,1850,12
12485.jpg,1838,1850,12
12490.jpg,1838,1890,52
12495.jpg,1838,1850,12
12500.jpg,1838,1880,42
12505.jpg,1838,1870,32
12510.jpg,1838,1900,62
12515.jpg,1838,1850,12
12520.jpg,1838,1920,82
12525.jpg,1838,1850,12
12530.jpg,1838,1850,12
12535.jpg,1838,1850,12
12540.jpg,1838,1890,52
12545.jpg,1838,1875,37
12550.jpg,1838,1880,42
12555.jpg,1838,1910,72
12560.jpg,1838,1850,12
12565.jpg,1838,1860,22
12570.jpg,1838,1830,-8
12575.jpg,1838,1850,12
12580.jpg,1838,1945,107
12585.jpg,1838,1850,12
12590.jpg,1838,1830,-8
12600.jpg,1838,1955,117
12605.jpg,1838,1985,147
12610.jpg,1838,1850,12
12615.jpg,1838,1750,-88
12620.jpg,1838,1850,12
12625.jpg,1839,1750,-89
12630.jpg,1839,1850,11
12635.jpg,1839,1850,11
12640.jpg,1839,1950,111
12645.jpg,1839,1840,1
12650.jpg,1839,1930,91
12655.jpg,1839,1850,11
12660.jpg,1839,1850,11
12665.jpg,1839,1880,41
12670.jpg,1839,1820,-19
12675.jpg,1839,1850,11
12680.jpg,1839,1800,-39
12685.jpg,1839,1850,11
12690.jpg,1839,1990,151
12695.jpg,1839,1850,11
12700.jpg,1839,1850,11
12705.jpg,1839,1830,-9
12710.jpg,1839,1850,11
12715.jpg,1839,1830,-9
12720.jpg,1839,1850,11
12725.jpg,1839,2005,166
12730.jpg,1839,1850,11
12735.jpg,1839,1840,1
12740.jpg,1839,1900,61
12745.jpg,1839,1840,1
12750.jpg,1839,1890,51
12755.jpg,1839,1850,11
12760.jpg,1839,1850,11
12765.jpg,1839,1800,-39
12770.jpg,1839,1750,-89
12775.jpg,1839,1934,95
12780.jpg,1840,1850,10
12785.jpg,1840,1935,95
12790.jpg,1840,1950,110
12795.jpg,1840,1840,0
12800.jpg,1840,1850,10
12805.jpg,1840,1875,35
12810.jpg,1840,1830,-10
12815.jpg,1840,1800,-40
12820.jpg,1840,1800,-40
12825.jpg,1840,1850,10
12830.jpg,1840,1860,20
12835.jpg,1840,1980,140
12840.jpg,1840,1880,40
12845.jpg,1840,1910,70
12850.jpg,1840,1830,-10
12860.jpg,1840,1850,10
12865.jpg,1840,1850,10
12870.jpg,1840,1910,70
12875.jpg,1840,1850,10
12880.jpg,1840,1830,-10
12885.jpg,1840,1780,-60
12890.jpg,1840,1830,-10
12895.jpg,1840,1830,-10
12900.jpg,1840,1900,60
12905.jpg,1840,1975,135
12910.jpg,1840,1950,110
12915.jpg,1840,1850,10
12920.jpg,1840,1860,20
12925.jpg,1840,1900,60
12930.jpg,1840,1870,30
12935.jpg,1840,1850,10
12940.jpg,1840,1850,10
12945.jpg,1840,1850,10
12950.jpg,1840,1850,10
12955.jpg,1840,1850,10
12960.jpg,1840,1800,-40
12965.jpg,1840,1850,10
12970.jpg,1840,1810,-30
12975.jpg,1840,1850,10
12980.jpg,1840,1900,60
12985.jpg,1840,1840,0
12990.jpg,1840,1830,-10
12995.jpg,1840,1640,-200
13005.jpg,1840,1800,-40
13010.jpg,1840,1965,125
13015.jpg,1840,1870,30
13020.jpg,1840,1860,20
13025.jpg,1840,1905,65
13030.jpg,1841,1850,9
13035.jpg,1841,1800,-41
13040.jpg,1841,1850,9
13045.jpg,1841,1900,59
13050.jpg,1841,1880,39
13055.jpg,1841,1870,29
13060.jpg,1841,1840,-1
13065.jpg,1841,1850,9
13070.jpg,1841,1870,29
13075.jpg,1841,1800,-41
13080.jpg,1841,1850,9
13085.jpg,1841,1995,154
13090.jpg,1841,1920,79
13095.jpg,1841,1910,69
13100.jpg,1841,1850,9
13105.jpg,1841,1900,59
13110.jpg,1841,1840,-1
13115.jpg,1841,1900,59
13120.jpg,1841,1900,59
13125.jpg,1841,1850,9
13130.jpg,1841,1600,-241
13135.jpg,1841,1850,9
13140.jpg,1841,1850,9
13145.jpg,1842,1850,8
13150.jpg,1842,1850,8
13155.jpg,1842,1890,48
13160.jpg,1842,1917,75
13165.jpg,1842,1840,-2
13170.jpg,1842,1870,28
13175.jpg,1842,1900,58
13180.jpg,1842,1980,138
13185.jpg,1842,1925,83
13190.jpg,1842,1850,8
13195.jpg,1842,1850,8
13200.jpg,1842,1900,58
13205.jpg,1842,1850,8
13210.jpg,1842,1850,8
13215.jpg,1842,1850,8
13220.jpg,1842,1800,-42
13225.jpg,1842,1840,-2
13230.jpg,1842,1925,83
13235.jpg,1842,1850,8
13240.jpg,1842,1800,-42
13245.jpg,1842,1920,78
13250.jpg,1842,1885,43
13255.jpg,1842,1950,108
13260.jpg,1842,1820,-22
13265.jpg,1842,1900,58
13270.jpg,1842,1905,63
13275.jpg,1842,1850,8
13280.jpg,1842,1450,-392
13285.jpg,1842,1880,38
13290.jpg,1842,1890,48
13295.jpg,1842,2010,168
13300.jpg,1843,1850,7
13305.jpg,1843,1850,7
13310.jpg,1843,1850,7
13315.jpg,1843,1850,7
13320.jpg,1843,1820,-23
13325.jpg,1843,1850,7
13330.jpg,1843,1850,7
13335.jpg,1843,1900,57
13340.jpg,1843,1830,-13
13345.jpg,1843,1900,57
13350.jpg,1843,1850,7
13355.jpg,1843,1900,57
13360.jpg,1843,1850,7
13365.jpg,1843,1850,7
13370.jpg,1843,1790,-53
13380.jpg,1843,1850,7
13385.jpg,1843,1850,7
13390.jpg,1843,1830,-13
13395.jpg,1843,1830,-13
13400.jpg,1843,1850,7
13405.jpg,1843,1840,-3
13410.jpg,1843,1853,10
13415.jpg,1843,1930,87
13420.jpg,1843,1875,32
13425.jpg,1843,1850,7
13430.jpg,1844,1860,16
13435.jpg,1844,1850,6
13440.jpg,1844,1900,56
13445.jpg,1844,1975,131
13450.jpg,1844,1860,16
13455.jpg,1844,1840,-4
13460.jpg,1844,1850,6
13465.jpg,1844,1850,6
13470.jpg,1844,1850,6
13475.jpg,1844,1890,46
13480.jpg,1844,1950,106
13485.jpg,1844,1890,46
13490.jpg,1844,1850,6
13495.jpg,1844,1850,6
13500.jpg,1844,1815,-29
13505.jpg,1844,1850,6
13510.jpg,1844,1840,-4
13515.jpg,1844,1850,6
13520.jpg,1844,1830,-14
13525.jpg,1844,1840,-4
13530.jpg,1844,1900,56
13535.jpg,1844,1850,6
13540.jpg,1844,1910,66
13545.jpg,1844,1830,-14
13550.jpg,1844,1850,6
13555.jpg,1844,1890,46
13560.jpg,1844,1850,6
13565.jpg,1845,1650,-195
13570.jpg,1845,1845,0
13575.jpg,1845,1890,45
13580.jpg,1845,1850,5
13585.jpg,1845,1700,-145
13590.jpg,1845,1905,60
13595.jpg,1845,1928,83
13600.jpg,1845,1900,55
13605.jpg,1845,1785,-60
13610.jpg,1845,1950,105
13615.jpg,1845,1900,55
13620.jpg,1845,1820,-25
13625.jpg,1845,1850,5
13630.jpg,1845,1850,5
13635.jpg,1845,1850,5
13640.jpg,1845,1895,50
13645.jpg,1845,1850,5
13650.jpg,1845,1850,5
13655.jpg,1845,1890,45
13660.jpg,1845,1850,5
13665.jpg,1845,1850,5
13670.jpg,1845,1995,150
13675.jpg,1845,1850,5
13680.jpg,1845,1910,65
13685.jpg,1845,1900,55
13690.jpg,1845,1840,-5
13695.jpg,1845,1770,-75
13700.jpg,1845,1850,5
13705.jpg,1845,1830,-15
13710.jpg,1845,1920,75
13720.jpg,1845,1875,30
13725.jpg,1845,1900,55
13730.jpg,1845,1920,75
13735.jpg,1845,1920,75
13740.jpg,1845,1850,5
13745.jpg,1845,1850,5
13750.jpg,1845,1900,55
13755.jpg,1845,1780,-65
13760.jpg,1845,1830,-15
13765.jpg,1845,1875,30
13770.jpg,1845,1820,-25
13775.jpg,1845,1880,35
13780.jpg,1845,1500,-345
13785.jpg,1845,1975,130
13790.jpg,1845,1830,-15
13795.jpg,1845,2010,165
13800.jpg,1845,1920,75
13805.jpg,1846,1800,-46
13810.jpg,1846,1950,104
13815.jpg,1846,1870,24
13820.jpg,1846,1850,4
13825.jpg,1846,1920,74
13830.jpg,1846,1850,4
13835.jpg,1846,1880,34
13840.jpg,1846,1920,74
13845.jpg,1846,1800,-46
13850.jpg,1846,1860,14
13855.jpg,1846,1995,149
13860.jpg,1846,1850,4
13865.jpg,1846,1850,4
13870.jpg,1846,1880,34
13875.jpg,1846,1910,64
13880.jpg,1846,1850,4
13885.jpg,1846,1840,-6
13890.jpg,1846,1860,14
13895.jpg,1846,1880,34
13900.jpg,1846,1850,4
13905.jpg,1846,1850,4
13910.jpg,1846,1810,-36
13915.jpg,1846,1850,4
13920.jpg,1846,1850,4
13925.jpg,1846,1940,94
13930.jpg,1846,1920,74
13935.jpg,1846,1860,14
13940.jpg,1847,1905,58
13945.jpg,1847,1830,-17
13950.jpg,1847,1880,33
13955.jpg,1847,1850,3
13960.jpg,1847,1860,13
13965.jpg,1847,1820,-27
13970.jpg,1847,1995,148
13975.jpg,1847,1850,3
13980.jpg,1847,1850,3
13985.jpg,1847,1870,23
13990.jpg,1847,1850,3
13995.jpg,1847,1850,3
14000.jpg,1847,1850,3
14005.jpg,1847,1850,3
14010.jpg,1847,1800,-47
14015.jpg,1847,1870,23
14020.jpg,1847,1910,63
14030.jpg,1847,1850,3
14035.jpg,1847,1850,3
14040.jpg,1847,1890,43
14045.jpg,1847,1750,-97
14050.jpg,1847,1920,73
14055.jpg,1847,1850,3
14060.jpg,1847,1850,3
14065.jpg,1847,1850,3
14070.jpg,1847,1840,-7
14075.jpg,1847,1870,23
14080.jpg,1847,1850,3
14085.jpg,1847,1900,53
14090.jpg,1847,1800,-47
14095.jpg,1847,1850,3
14100.jpg,1847,1850,3
14105.jpg,1847,1965,118
14110.jpg,1848,1890,42
14115.jpg,1848,1850,2
14120.jpg,1848,1900,52
14125.jpg,1848,2005,157
14130.jpg,1848,1400,-448
14135.jpg,1848,1800,-48
14140.jpg,1848,1850,2
14145.jpg,1848,1900,52
14150.jpg,1848,1850,2
14155.jpg,1848,1870,22
14160.jpg,1848,1870,22
14165.jpg,1848,1850,2
14170.jpg,1848,1920,72
14175.jpg,1848,1850,2
14180.jpg,1848,1870,22
14185.jpg,1848,1880,32
14190.jpg,1848,1880,32
14195.jpg,1848,1850,2
14200.jpg,1848,1850,2
14205.jpg,1848,1840,-8
14210.jpg,1848,1850,2
14215.jpg,1848,1860,12
14220.jpg,1848,1880,32
14225.jpg,1848,1824,-24
14230.jpg,1848,1840,-8
14235.jpg,1848,1860,12
14240.jpg,1848,1890,42
14245.jpg,1848,1850,2
14250.jpg,1848,1830,-18
14255.jpg,1848,1850,2
14260.jpg,1848,1850,2
14265.jpg,1848,1900,52
14270.jpg,1848,1850,2
14275.jpg,1848,1850,2
14280.jpg,1848,1800,-48
14285.jpg,1848,1900,52
14290.jpg,1848,1840,-8
14295.jpg,1848,1850,2
14300.jpg,1848,1850,2
14305.jpg,1848,1900,52
14310.jpg,1848,1920,72
14315.jpg,1848,1850,2
14320.jpg,1848,1850,2
14325.jpg,1848,1870,22
14330.jpg,1848,1850,2
14335.jpg,1848,1850,2
14340.jpg,1849,1750,-99
14345.jpg,1849,1870,21
14350.jpg,1849,1850,1
14355.jpg,1849,1830,-19
14360.jpg,1849,2015,166
14365.jpg,1849,1900,51
14370.jpg,1849,1870,21
14375.jpg,1849,1950,101
14380.jpg,1849,1850,1
14385.jpg,1849,1900,51
14390.jpg,1849,1850,1
14395.jpg,1849,1955,106
14400.jpg,1849,1830,-19
14405.jpg,1849,1990,141
14410.jpg,1849,1950,101
14415.jpg,1849,1900,51
14420.jpg,1849,1750,-99
14425.jpg,1849,1850,1
14430.jpg,1849,1850,1
14435.jpg,1849,1880,31
14440.jpg,1849,1850,1
14445.jpg,1849,1880,31
14450.jpg,1849,1850,1
14455.jpg,1849,1850,1
14460.jpg,1849,1850,1
14465.jpg,1849,1820,-29
14470.jpg,1849,1900,51
14475.jpg,1849,1820,-29
14480.jpg,1849,1920,71
14485.jpg,1849,1925,76
14490.jpg,1849,1643,-206
14495.jpg,1849,1850,1
14500.jpg,1849,1910,61
14505.jpg,1850,1850,0
14510.jpg,1850,1830,-20
14515.jpg,1850,1880,30
14520.jpg,1850,1860,10
14525.jpg,1850,1830,-20
14530.jpg,1850,1990,140
14535.jpg,1850,1840,-10
14540.jpg,1850,1900,50
14545.jpg,1850,1850,0
14550.jpg,1850,1890,40
14555.jpg,1850,1925,75
14560.jpg,1850,1890,40
14565.jpg,1850,1800,-50
14570.jpg,1850,1900,50
14575.jpg,1850,1850,0
14580.jpg,1850,1860,10
14585.jpg,1850,1817,-33
14590.jpg,1850,1850,0
14600.jpg,1850,1900,50
14605.jpg,1850,1830,-20
14610.jpg,1850,1980,130
14615.jpg,1850,1930,80
14620.jpg,1850,1870,20
14625.jpg,1850,1850,0
14630.jpg,1850,1880,30
14635.jpg,1850,1830,-20
14640.jpg,1850,1910,60
14645.jpg,1850,1900,50
14650.jpg,1850,1975,125
14655.jpg,1850,1850,0
14660.jpg,1850,1800,-50
14665.jpg,1850,1820,-30
14670.jpg,1850,1830,-20
14675.jpg,1850,1830,-20
14680.jpg,1850,1900,50
14685.jpg,1850,1900,50
14690.jpg,1850,1850,0
14695.jpg,1850,1850,0
14700.jpg,1850,1890,40
14705.jpg,1850,1920,70
14710.jpg,1850,1850,0
14715.jpg,1850,1830,-20
14720.jpg,1850,1850,0
14725.jpg,1850,1850,0
14730.jpg,1850,1890,40
14735.jpg,1850,1850,0
14740.jpg,1850,1840,-10
14745.jpg,1850,1850,0
14750.jpg,1850,1900,50
14755.jpg,1850,1890,40
14760.jpg,1850,1850,0
14765.jpg,1850,1900,50
14770.jpg,1850,1850,0
14775.jpg,1850,1930,80
14780.jpg,1850,1850,0
14785.jpg,1851,1820,-31
14790.jpg,1851,1900,49
14795.jpg,1851,1920,69
14800.jpg,1851,1880,29
14805.jpg,1851,1850,-1
14810.jpg,1851,1885,34
14815.jpg,1851,1850,-1
14820.jpg,1851,1885,34
14825.jpg,1851,1865,14
14830.jpg,1851,1875,24
14835.jpg,1851,1760,-91
14840.jpg,1851,1880,29
14845.jpg,1851,1890,39
14850.jpg,1851,1850,-1
14855.jpg,1851,1950,99
14860.jpg,1851,1900,49
14865.jpg,1851,1840,-11
14870.jpg,1851,1870,19
14880.jpg,1851,1840,-11
14885.jpg,1851,1850,-1
14890.jpg,1851,1850,-1
14895.jpg,1851,1750,-101
14900.jpg,1851,1840,-11
14905.jpg,1851,1895,44
14910.jpg,1851,1800,-51
14915.jpg,1851,1850,-1
14920.jpg,1851,1850,-1
14925.jpg,1851,1850,-1
14930.jpg,1851,1829,-22
14935.jpg,1851,1880,29
14940.jpg,1851,1830,-21
14945.jpg,1852,1850,-2
14950.jpg,1852,1900,48
14955.jpg,1852,1875,23
14960.jpg,1852,1910,58
14965.jpg,1852,1820,-32
14970.jpg,1852,1850,-2
14975.jpg,1852,1850,-2
14980.jpg,1852,1820,-32
14985.jpg,1852,1870,18
14990.jpg,1852,1850,-2
14995.jpg,1852,1850,-2
15000.jpg,1852,1890,38
15005.jpg,1852,1870,18
15010.jpg,1852,1900,48
15015.jpg,1852,1830,-22
15020.jpg,1852,1800,-52
15025.jpg,1852,1850,-2
15030.jpg,1852,1840,-12
15035.jpg,1852,1850,-2
15040.jpg,1852,1880,28
15045.jpg,1852,1820,-32
15050.jpg,1852,1900,48
15055.jpg,1852,1850,-2
15060.jpg,1852,1850,-2
15065.jpg,1852,1900,48
15070.jpg,1852,1920,68
15075.jpg,1852,1800,-52
15080.jpg,1852,1890,38
15085.jpg,1852,1900,48
15090.jpg,1852,1900,48
15095.jpg,1852,1870,18
15100.jpg,1852,1920,68
15105.jpg,1852,1880,28
15110.jpg,1852,1870,18
15115.jpg,1852,1850,-2
15120.jpg,1852,1920,68
15125.jpg,1852,1910,58
15130.jpg,1852,1860,8
15135.jpg,1853,1750,-103
15140.jpg,1853,1870,17
15145.jpg,1853,1850,-3
15150.jpg,1853,1905,52
15155.jpg,1853,1850,-3
15160.jpg,1853,1850,-3
15165.jpg,1853,1950,97
15170.jpg,1853,1770,-83
15175.jpg,1853,1850,-3
15180.jpg,1853,1900,47
15185.jpg,1853,1850,-3
15190.jpg,1853,1865,12
15195.jpg,1853,1910,57
15200.jpg,1853,1870,17
15205.jpg,1853,1927,74
15210.jpg,1853,1920,67
15215.jpg,1853,1830,-23
15220.jpg,1853,1850,-3
15225.jpg,1853,1820,-33
15230.jpg,1853,1900,47
15235.jpg,1853,1840,-13
15240.jpg,1853,1890,37
15245.jpg,1853,1850,-3
15250.jpg,1853,1900,47
15255.jpg,1853,1900,47
15260.jpg,1853,1850,-3
15265.jpg,1853,1830,-23
15270.jpg,1853,1840,-13
15275.jpg,1853,1935,82
15280.jpg,1853,1950,97
15285.jpg,1853,1860,7
15290.jpg,1853,1850,-3
15295.jpg,1853,1850,-3
15300.jpg,1853,1850,-3
15305.jpg,1853,1850,-3
15310.jpg,1853,1900,47
15315.jpg,1853,1850,-3
15320.jpg,1853,1860,7
15325.jpg,1853,1820,-33
15330.jpg,1853,1900,47
15335.jpg,1853,1900,47
15340.jpg,1853,1850,-3
15345.jpg,1853,1800,-53
15350.jpg,1853,1990,137
15355.jpg,1854,1913,59
15360.jpg,1854,1935,81
15365.jpg,1854,1820,-34
15370.jpg,1854,1850,-4
15375.jpg,1854,1890,36
15380.jpg,1854,1850,-4
15385.jpg,1854,1750,-104
15390.jpg,1854,2000,146
15395.jpg,1854,1880,26
15400.jpg,1854,1850,-4
15405.jpg,1854,1850,-4
15410.jpg,1854,1895,41
15415.jpg,1854,1860,6
15420.jpg,1854,1955,101
15425.jpg,1854,1880,26
15430.jpg,1854,1910,56
15435.jpg,1854,1950,96
15440.jpg,1854,1850,-4
15445.jpg,1854,1925,71
15450.jpg,1855,1850,-5
15455.jpg,1855,1850,-5
15460.jpg,1855,1920,65
15465.jpg,1855,1880,25
15470.jpg,1855,1880,25
15475.jpg,1855,1910,55
15480.jpg,1855,1880,25
15485.jpg,1855,1870,15
15490.jpg,1855,1900,45
15495.jpg,1855,1920,65
15500.jpg,1855,1850,-5
15505.jpg,1855,1850,-5
15510.jpg,1855,1875,20
15515.jpg,1855,1850,-5
15520.jpg,1855,1900,45
15525.jpg,1855,1900,45
15530.jpg,1855,1900,45
15535.jpg,1855,1820,-35
15540.jpg,1855,1870,15
15545.jpg,1855,1800,-55
15550.jpg,1855,1890,35
15555.jpg,1855,1880,25
15560.jpg,1855,1830,-25
15565.jpg,1855,1850,-5
15570.jpg,1855,1900,45
15575.jpg,1855,1905,50
15580.jpg,1855,1900,45
15585.jpg,1855,1905,50
15590.jpg,1855,1840,-15
15595.jpg,1855,1840,-15
15600.jpg,1855,1850,-5
15605.jpg,1855,1995,140
15610.jpg,1855,1850,-5
15615.jpg,1855,1850,-5
15620.jpg,1855,1900,45
15625.jpg,1855,1910,55
15630.jpg,1855,1860,5
15635.jpg,1855,1820,-35
15640.jpg,1855,1900,45
15645.jpg,1855,1900,45
15650.jpg,1855,1850,-5
15655.jpg,1855,1850,-5
15660.jpg,1855,1900,45
15665.jpg,1855,1850,-5
15670.jpg,1855,1890,35
15675.jpg,1855,1890,35
15680.jpg,1855,1900,45
15685.jpg,1855,1890,35
15690.jpg,1855,1850,-5
15695.jpg,1855,1900,45
15705.jpg,1856,1850,-6
15710.jpg,1856,1850,-6
15715.jpg,1856,1850,-6
15720.jpg,1856,1850,-6
15725.jpg,1856,1880,24
15730.jpg,1856,1910,54
15735.jpg,1856,1880,24
15740.jpg,1856,1890,34
15745.jpg,1856,1600,-256
15750.jpg,1856,1905,49
15755.jpg,1856,1810,-46
15760.jpg,1856,1850,-6
15765.jpg,1856,1840,-16
15770.jpg,1856,1880,24
15775.jpg,1856,1850,-6
15780.jpg,1856,1880,24
15785.jpg,1856,1870,14
15795.jpg,1856,1830,-26
15800.jpg,1856,1900,44
15805.jpg,1856,1930,74
15810.jpg,1856,1900,44
15815.jpg,1856,1860,4
15820.jpg,1856,1850,-6
15825.jpg,1856,1890,34
15830.jpg,1856,1850,-6
15835.jpg,1856,1850,-6
15840.jpg,1856,1850,-6
15845.jpg,1856,1850,-6
15850.jpg,1856,1850,-6
15855.jpg,1856,1830,-26
15860.jpg,1856,1830,-26
15865.jpg,1856,1850,-6
15870.jpg,1856,1925,69
15875.jpg,1856,1850,-6
15880.jpg,1856,1920,64
15885.jpg,1856,1850,-6
15890.jpg,1856,1850,-6
15895.jpg,1856,1850,-6
15900.jpg,1856,1950,94
15905.jpg,1856,1830,-26
15910.jpg,1856,1850,-6
15915.jpg,1856,1778,-78
15920.jpg,1856,1850,-6
15930.jpg,1856,1950,94
15935.jpg,1856,1850,-6
15940.jpg,1856,1920,64
15945.jpg,1856,1850,-6
15950.jpg,1856,1850,-6
15955.jpg,1856,1850,-6
15960.jpg,1856,1700,-156
15965.jpg,1856,1845,-11
15970.jpg,1856,1930,74
15975.jpg,1856,1850,-6
15980.jpg,1857,1850,-7
15985.jpg,1857,1850,-7
15990.jpg,1857,2005,148
15995.jpg,1857,1840,-17
16000.jpg,1857,1890,33
16005.jpg,1857,1890,33
16010.jpg,1857,1750,-107
16015.jpg,1857,1800,-57
16020.jpg,1857,1850,-7
16025.jpg,1857,1860,3
16030.jpg,1857,1925,68
16035.jpg,1857,1930,73
16040.jpg,1857,1965,108
16045.jpg,1857,1870,13
16050.jpg,1857,1870,13
16055.jpg,1857,1925,68
16060.jpg,1857,1870,13
16065.jpg,1857,1850,-7
16070.jpg,1857,1890,33
16075.jpg,1857,1900,43
16080.jpg,1857,1850,-7
16085.jpg,1857,1850,-7
16090.jpg,1857,1870,13
16095.jpg,1857,1910,53
16100.jpg,1857,1800,-57
16105.jpg,1857,1840,-17
16110.jpg,1857,1890,33
16115.jpg,1857,1905,48
16120.jpg,1857,1850,-7
16125.jpg,1857,1870,13
16130.jpg,1857,1920,63
16135.jpg,1857,1910,53
16140.jpg,1857,1560,-297
16145.jpg,1857,1830,-27
16150.jpg,1857,1850,-7
16155.jpg,1857,1880,23
16160.jpg,1857,1850,-7
16165.jpg,1857,1880,23
16170.jpg,1857,1890,33
16175.jpg,1857,1920,63
16180.jpg,1857,1850,-7
16185.jpg,1857,1990,133
16190.jpg,1857,1820,-37
16195.jpg,1857,1850,-7
16200.jpg,1857,1890,33
16205.jpg,1857,2007,150
16210.jpg,1857,1850,-7
16215.jpg,1857,1982,125
16220.jpg,1857,1920,63
16225.jpg,1857,1885,28
16230.jpg,1857,1870,13
16235.jpg,1858,1890,32
16240.jpg,1858,1900,42
16245.jpg,1858,1880,22
16250.jpg,1858,1870,12
16255.jpg,1858,1895,37
16260.jpg,1858,1850,-8
16265.jpg,1858,1890,32
16270.jpg,1858,1840,-18
16275.jpg,1858,1830,-28
16280.jpg,1858,1850,-8
16285.jpg,1858,1911,53
16290.jpg,1858,1875,17
16295.jpg,1858,1940,82
16300.jpg,1858,1850,-8
16305.jpg,1858,1980,122
16310.jpg,1858,1870,12
16315.jpg,1858,1880,22
16320.jpg,1858,1850,-8
16325.jpg,1858,1905,47
16330.jpg,1858,1900,42
16335.jpg,1858,1880,22
16340.jpg,1858,1830,-28
16345.jpg,1858,1923,65
16350.jpg,1858,1850,-8
16355.jpg,1858,1880,22
16360.jpg,1858,1905,47
16365.jpg,1858,1850,-8
16370.jpg,1858,1850,-8
16375.jpg,1858,1890,32
16380.jpg,1858,1890,32
16385.jpg,1858,1880,22
16390.jpg,1858,1840,-18
16395.jpg,1858,1850,-8
16400.jpg,1858,1830,-28
16405.jpg,1858,1990,132
16410.jpg,1858,1860,2
16415.jpg,1858,1905,47
16420.jpg,1858,1820,-38
16425.jpg,1858,1850,-8
16430.jpg,1858,1850,-8
16435.jpg,1858,1900,42
16440.jpg,1858,1850,-8
16445.jpg,1858,1850,-8
16450.jpg,1858,1850,-8
16455.jpg,1858,1850,-8
16460.jpg,1858,1905,47
16465.jpg,1858,1886,28
16470.jpg,1858,1850,-8
16475.jpg,1858,1805,-53
16480.jpg,1858,1990,132
16485.jpg,1858,1880,22
16490.jpg,1859,1850,-9
16495.jpg,1859,1905,46
16505.jpg,1859,1840,-19
16510.jpg,1859,1900,41
16515.jpg,1859,1912,53
16520.jpg,1859,1900,41
16525.jpg,1859,1920,61
16530.jpg,1859,1900,41
16535.jpg,1859,1850,-9
16540.jpg,1859,1850,-9
16545.jpg,1859,1905,46
16550.jpg,1859,1850,-9
16555.jpg,1859,1860,1
16560.jpg,1859,1850,-9
16565.jpg,1859,1850,-9
16570.jpg,1859,1890,31
16575.jpg,1859,1905,46
16580.jpg,1859,1840,-19
16585.jpg,1859,1840,-19
16590.jpg,1859,1830,-29
16595.jpg,1859,1910,51
16600.jpg,1859,1850,-9
16605.jpg,1859,1920,61
16610.jpg,1859,1870,11
16615.jpg,1859,1881,22
16620.jpg,1859,1850,-9
16625.jpg,1859,1900,41
16630.jpg,1859,1925,66
16635.jpg,1859,1895,36
16640.jpg,1859,1830,-29
16645.jpg,1859,1890,31
16650.jpg,1859,1850,-9
16655.jpg,1859,1875,16
16660.jpg,1859,1850,-9
16665.jpg,1859,1930,71
16670.jpg,1859,1850,-9
16675.jpg,1859,1850,-9
16680.jpg,1859,1890,31
16685.jpg,1859,1898,39
16690.jpg,1859,1885,26
16695.jpg,1859,1850,-9
16700.jpg,1859,1910,51
16705.jpg,1859,1900,41
16710.jpg,1859,1888,29
16715.jpg,1859,1889,30
16720.jpg,1859,1890,31
16725.jpg,1859,1890,31
16730.jpg,1859,1880,21
16735.jpg,1860,1900,40
16740.jpg,1860,1905,45
16745.jpg,1860,1820,-40
16750.jpg,1860,1870,10
16755.jpg,1860,1850,-10
16760.jpg,1860,1850,-10
16765.jpg,1860,1905,45
16770.jpg,1860,1875,15
16775.jpg,1860,1950,90
16785.jpg,1860,1715,-145
16790.jpg,1860,1910,50
16795.jpg,1860,1800,-60
16800.jpg,1860,1850,-10
16805.jpg,1860,1900,40
16810.jpg,1860,1890,30
16815.jpg,1860,1920,60
16820.jpg,1860,1850,-10
16825.jpg,1860,1850,-10
16830.jpg,1860,1850,-10
16835.jpg,1860,1900,40
16840.jpg,1860,1830,-30
16845.jpg,1860,1900,40
16850.jpg,1860,1900,40
16855.jpg,1860,1900,40
16860.jpg,1860,1770,-90
16865.jpg,1860,1850,-10
16870.jpg,1860,1830,-30
16875.jpg,1860,1810,-50
16880.jpg,1860,1850,-10
16885.jpg,1860,1850,-10
16890.jpg,1860,1895,35
16895.jpg,1860,1900,40
16900.jpg,1860,1910,50
16905.jpg,1860,1850,-10
16910.jpg,1860,1850,-10
16915.jpg,1860,1890,30
16920.jpg,1860,1200,-660
16925.jpg,1860,1830,-30
16930.jpg,1860,1902,42
16935.jpg,1860,1850,-10
16940.jpg,1860,1850,-10
16945.jpg,1860,1900,40
16950.jpg,1860,1850,-10
16955.jpg,1860,1850,-10
16960.jpg,1860,1850,-10
16965.jpg,1860,1900,40
16970.jpg,1860,1900,40
16975.jpg,1860,1900,40
16980.jpg,1860,1890,30
16985.jpg,1860,1905,45
16990.jpg,1860,1800,-60
16995.jpg,1860,1845,-15
17000.jpg,1860,1850,-10
17005.jpg,1861,1905,44
17010.jpg,1861,1850,-11
17015.jpg,1861,1870,9
17025.jpg,1861,1850,-11
17030.jpg,1861,1850,-11
17035.jpg,1861,1850,-11
17040.jpg,1861,1850,-11
17045.jpg,1861,1750,-111
17050.jpg,1861,1850,-11
17055.jpg,1861,1850,-11
17060.jpg,1861,1930,69
17065.jpg,1861,1910,49
17070.jpg,1861,1830,-31
17075.jpg,1861,1870,9
17080.jpg,1861,1905,44
17085.jpg,1861,1890,29
17090.jpg,1861,1800,-61
17095.jpg,1861,1850,-11
17100.jpg,1861,1850,-11
17105.jpg,1861,1850,-11
17110.jpg,1861,1850,-11
17115.jpg,1861,1830,-31
17120.jpg,1861,1900,39
17125.jpg,1861,1850,-11
17130.jpg,1861,1900,39
17135.jpg,1861,1550,-311
17140.jpg,1861,1850,-11
17145.jpg,1861,1840,-21
17150.jpg,1861,1823,-38
17155.jpg,1861,1910,49
17160.jpg,1861,1850,-11
17165.jpg,1861,1900,39
17170.jpg,1861,1850,-11
17175.jpg,1862,1850,-12
17180.jpg,1862,1900,38
17185.jpg,1862,1865,3
17190.jpg,1862,1875,13
17195.jpg,1862,1998,136
17200.jpg,1862,1850,-12
17205.jpg,1862,1920,58
17210.jpg,1862,1870,8
17215.jpg,1862,1850,-12
17220.jpg,1862,1930,68
17225.jpg,1862,1830,-32
17230.jpg,1862,1900,38
17235.jpg,1862,1865,3
17240.jpg,1862,1850,-12
17245.jpg,1862,1850,-12
17250.jpg,1862,1920,58
17255.jpg,1862,1905,43
17260.jpg,1862,1850,-12
17265.jpg,1862,1840,-22
17270.jpg,1862,1930,68
17275.jpg,1862,1900,38
17280.jpg,1862,1850,-12
17285.jpg,1862,1890,28
17290.jpg,1862,1900,38
17295.jpg,1862,1920,58
17300.jpg,1862,1890,28
17305.jpg,1862,1935,73
17310.jpg,1862,1910,48
17315.jpg,1862,1900,38
17320.jpg,1862,1850,-12
17325.jpg,1863,1850,-13
17330.jpg,1863,1820,-43
17340.jpg,1863,1900,37
17345.jpg,1863,1900,37
17350.jpg,1863,1800,-63
17355.jpg,1863,1850,-13
17365.jpg,1863,1850,-13
17370.jpg,1863,1850,-13
17375.jpg,1863,1910,47
17380.jpg,1863,1900,37
17385.jpg,1863,1950,87
17390.jpg,1863,1890,27
17395.jpg,1863,1880,17
17400.jpg,1863,1950,87
17405.jpg,1863,1890,27
17410.jpg,1863,1850,-13
17415.jpg,1863,1850,-13
17420.jpg,1863,1905,42
17425.jpg,1863,1850,-13
17430.jpg,1863,1890,27
17435.jpg,1863,1940,77
17440.jpg,1863,1850,-13
17445.jpg,1863,1890,27
17450.jpg,1863,1910,47
17455.jpg,1863,1905,42
17460.jpg,1863,1870,7
17465.jpg,1863,1900,37
17470.jpg,1863,1860,-3
17475.jpg,1863,1900,37
17480.jpg,1863,1875,12
17485.jpg,1864,1925,61
17490.jpg,1864,1885,21
17495.jpg,1864,1850,-14
17500.jpg,1864,1930,66
17505.jpg,1864,1880,16
17510.jpg,1864,1850,-14
17515.jpg,1864,1180,-684
17520.jpg,1864,1914,50
17525.jpg,1864,1850,-14
17530.jpg,1864,1850,-14
17535.jpg,1864,1965,101
17540.jpg,1864,1880,16
17545.jpg,1864,1860,-4
17550.jpg,1864,1300,-564
17555.jpg,1864,1890,26
17560.jpg,1864,1910,46
17565.jpg,1864,1820,-44
17575.jpg,1864,1850,-14
17580.jpg,1864,1850,-14
17585.jpg,1864,1890,26
17590.jpg,1864,1985,121
17595.jpg,1864,1850,-14
17600.jpg,1864,1850,-14
17605.jpg,1864,1850,-14
17610.jpg,1864,1920,56
17615.jpg,1864,1880,16
17620.jpg,1864,1850,-14
17625.jpg,1864,1880,16
17630.jpg,1864,1910,46
17635.jpg,1864,1875,11
17640.jpg,1864,1880,16
17645.jpg,1864,1850,-14
17650.jpg,1864,1880,16
17655.jpg,1864,1900,36
17660.jpg,1865,1873,8
17665.jpg,1865,1810,-55
17670.jpg,1865,1890,25
17675.jpg,1865,1830,-35
17680.jpg,1865,1850,-15
17690.jpg,1865,1940,75
17695.jpg,1865,1800,-65
17700.jpg,1865,1756,-109
17705.jpg,1865,1860,-5
17710.jpg,1865,1890,25
17715.jpg,1865,1890,25
17720.jpg,1865,1900,35
17725.jpg,1865,1870,5
17730.jpg,1865,1880,15
17735.jpg,1865,1800,-65
17745.jpg,1865,1880,15
17750.jpg,1865,1850,-15
17755.jpg,1865,1845,-20
17760.jpg,1865,1850,-15
17765.jpg,1865,1900,35
17770.jpg,1865,1850,-15
17775.jpg,1865,1890,25
17780.jpg,1865,1920,55
17785.jpg,1865,1860,-5
17790.jpg,1865,1970,105
17795.jpg,1865,1850,-15
17800.jpg,1865,1850,-15
17805.jpg,1865,1890,25
17810.jpg,1865,1850,-15
17815.jpg,1865,1890,25
17820.jpg,1865,1920,55
17825.jpg,1865,1850,-15
17830.jpg,1865,1860,-5
17835.jpg,1865,1830,-35
17840.jpg,1865,1850,-15
17845.jpg,1865,1890,25
17850.jpg,1865,1870,5
17855.jpg,1865,1850,-15
17860.jpg,1865,1890,25
17865.jpg,1865,1850,-15
17870.jpg,1865,1900,35
17875.jpg,1865,1890,25
17880.jpg,1865,1830,-35
17885.jpg,1865,1900,35
17890.jpg,1865,1840,-25
17895.jpg,1865,1850,-15
17900.jpg,1865,1905,40
17905.jpg,1865,1840,-25
17910.jpg,1865,1800,-65
17915.jpg,1865,1880,15
17920.jpg,1865,1860,-5
17930.jpg,1865,1910,45
17935.jpg,1866,1900,34
17940.jpg,1866,1850,-16
17945.jpg,1866,1925,59
17950.jpg,1866,1880,14
17955.jpg,1866,1930,64
17960.jpg,1866,1913,47
17965.jpg,1866,1900,34
17970.jpg,1866,1850,-16
17975.jpg,1866,1840,-26
17980.jpg,1866,1820,-46
17985.jpg,1866,1850,-16
17990.jpg,1866,1890,24
17995.jpg,1866,1875,9
18000.jpg,1866,1945,79
18005.jpg,1866,1840,-26
18010.jpg,1866,1860,-6
18015.jpg,1866,1980,114
18020.jpg,1866,1920,54
18025.jpg,1866,1890,24
18030.jpg,1866,1850,-16
18035.jpg,1866,1880,14
18040.jpg,1866,1935,69
18045.jpg,1866,1850,-16
18050.jpg,1866,1800,-66
18055.jpg,1866,1890,24
18060.jpg,1866,1900,34
18065.jpg,1866,1850,-16
18070.jpg,1866,1870,4
18075.jpg,1866,1850,-16
18080.jpg,1866,1820,-46
18085.jpg,1866,1850,-16
18090.jpg,1866,1980,114
18095.jpg,1866,1850,-16
18100.jpg,1866,1925,59
18105.jpg,1866,1920,54
18110.jpg,1866,1900,34
18115.jpg,1866,1880,14
18120.jpg,1866,1990,124
18125.jpg,1866,1860,-6
18130.jpg,1866,1920,54
18135.jpg,1867,1850,-17
18140.jpg,1867,1890,23
18145.jpg,1867,1910,43
18160.jpg,1867,1900,33
18165.jpg,1867,1850,-17
18170.jpg,1867,1850,-17
18175.jpg,1867,1850,-17
18180.jpg,1867,1984,117
18185.jpg,1867,1850,-17
18190.jpg,1867,1900,33
18195.jpg,1867,1950,83
18200.jpg,1867,1900,33
18205.jpg,1867,1870,3
18210.jpg,1867,1990,123
18215.jpg,1867,1850,-17
18220.jpg,1867,1850,-17
18225.jpg,1867,1990,123
18230.jpg,1867,1920,53
18235.jpg,1867,1900,33
18240.jpg,1867,1830,-37
18245.jpg,1867,1850,-17
18250.jpg,1867,1890,23
18255.jpg,1867,1950,83
18260.jpg,1867,1830,-37
18265.jpg,1867,1875,8
18270.jpg,1867,1850,-17
18275.jpg,1867,1890,23
18280.jpg,1867,1890,23
18285.jpg,1867,1860,-7
18290.jpg,1867,1890,23
18295.jpg,1867,1850,-17
18300.jpg,1867,1890,23
18305.jpg,1867,1830,-37
18310.jpg,1867,1910,43
18315.jpg,1867,1840,-27
18320.jpg,1867,1840,-27
18325.jpg,1867,1850,-17
18330.jpg,1867,1890,23
18335.jpg,1867,1910,43
18340.jpg,1867,1890,23
18345.jpg,1867,1890,23
18350.jpg,1867,1200,-667
18355.jpg,1867,1900,33
18360.jpg,1867,1880,13
18365.jpg,1868,1875,7
18370.jpg,1868,1800,-68
18380.jpg,1868,1905,37
18385.jpg,1868,1880,12
18390.jpg,1868,1850,-18
18395.jpg,1868,1890,22
18400.jpg,1868,1870,2
18405.jpg,1868,1860,-8
18410.jpg,1868,1865,-3
18415.jpg,1868,1850,-18
18420.jpg,1868,1850,-18
18425.jpg,1868,1870,2
18430.jpg,1868,1900,32
18450.jpg,1868,1870,2
18455.jpg,1868,1800,-68
18460.jpg,1868,1850,-18
18465.jpg,1868,1890,22
18470.jpg,1868,1850,-18
18475.jpg,1868,1880,12
18480.jpg,1868,1850,-18
18485.jpg,1868,1850,-18
18490.jpg,1868,1850,-18
18495.jpg,1868,1900,32
18500.jpg,1868,1850,-18
18505.jpg,1868,1890,22
18510.jpg,1868,1870,2
18515.jpg,1868,1850,-18
18520.jpg,1868,1850,-18
18525.jpg,1868,1895,27
18530.jpg,1868,1850,-18
18535.jpg,1868,1850,-18
18540.jpg,1868,1890,22
18545.jpg,1868,1875,7
18550.jpg,1868,1890,22
18555.jpg,1868,1890,22
18560.jpg,1868,1850,-18
18565.jpg,1868,1890,22
18570.jpg,1868,1890,22
18575.jpg,1868,1850,-18
18580.jpg,1868,1950,82
18585.jpg,1868,1968,100
18590.jpg,1868,1905,37
18595.jpg,1868,1850,-18
18600.jpg,1868,1905,37
18605.jpg,1868,1920,52
18610.jpg,1868,1890,22
18615.jpg,1868,1900,32
18620.jpg,1869,1850,-19
18625.jpg,1869,1868,-1
18630.jpg,1869,1870,1
18635.jpg,1869,1890,21
18640.jpg,1869,1890,21
18645.jpg,1869,1900,31
18650.jpg,1869,1800,-69
18655.jpg,1869,1830,-39
18660.jpg,1869,1850,-19
18665.jpg,1869,1860,-9
18670.jpg,1869,1900,31
18675.jpg,1869,1920,51
18680.jpg,1869,1870,1
18685.jpg,1869,1880,11
18690.jpg,1869,1850,-19
18695.jpg,1869,1830,-39
18700.jpg,1869,1880,11
18710.jpg,1869,1900,31
18715.jpg,1869,1850,-19
18720.jpg,1869,1885,16
18725.jpg,1869,1900,31
18730.jpg,1869,1850,-19
18735.jpg,1869,1890,21
18740.jpg,1869,1945,76
18745.jpg,1869,1900,31
18750.jpg,1869,1860,-9
18755.jpg,1869,1850,-19
18760.jpg,1869,1890,21
18765.jpg,1869,1830,-39
18770.jpg,1869,1850,-19
18775.jpg,1869,1890,21
18780.jpg,1869,1955,86
18785.jpg,1869,1860,-9
18790.jpg,1869,1900,31
18795.jpg,1869,1840,-29
18800.jpg,1869,1850,-19
18805.jpg,1869,1850,-19
18810.jpg,1869,1890,21
18815.jpg,1869,1905,36
18820.jpg,1869,1910,41
18825.jpg,1869,1880,11
18830.jpg,1869,1858,-11
18835.jpg,1869,1920,51
18840.jpg,1870,1750,-120
18845.jpg,1870,1852,-18
18850.jpg,1870,1923,53
18855.jpg,1870,1900,30
18860.jpg,1870,1910,40
18865.jpg,1870,1930,60
18870.jpg,1870,1890,20
18875.jpg,1870,1950,80
18880.jpg,1870,1900,30
18885.jpg,1870,1850,-20
18895.jpg,1870,1850,-20
18900.jpg,1870,1910,40
18905.jpg,1870,1900,30
18910.jpg,1870,1870,0
18915.jpg,1870,1880,10
18920.jpg,1870,1920,50
18925.jpg,1870,1840,-30
18930.jpg,1870,1900,30
18935.jpg,1870,1900,30
18940.jpg,1870,1890,20
18945.jpg,1870,1975,105
18950.jpg,1870,1840,-30
18955.jpg,1870,1890,20
18960.jpg,1870,1900,30
18965.jpg,1870,1900,30
18970.jpg,1870,1840,-30
18980.jpg,1870,1900,30
18985.jpg,1870,1880,10
18990.jpg,1870,1870,0
18995.jpg,1870,1890,20
19000.jpg,1870,1950,80
19005.jpg,1870,1840,-30
19010.jpg,1870,1850,-20
19015.jpg,1870,1920,50
19020.jpg,1870,1400,-470
19025.jpg,1870,1850,-20
19030.jpg,1870,1990,120
19035.jpg,1870,1850,-20
19040.jpg,1870,1870,0
19045.jpg,1870,1900,30
19050.jpg,1870,1870,0
19055.jpg,1870,1890,20
19060.jpg,1870,1905,35
19065.jpg,1870,1900,30
19070.jpg,1870,1885,15
19075.jpg,1870,1890,20
19080.jpg,1870,1930,60
19085.jpg,1870,1880,10
19090.jpg,1870,1970,100
19100.jpg,1870,1930,60
19105.jpg,1870,1850,-20
19110.jpg,1870,1900,30
19115.jpg,1870,1850,-20
19120.jpg,1870,1890,20
19125.jpg,1870,1920,50
19130.jpg,1870,1850,-20
19135.jpg,1870,1850,-20
19140.jpg,1870,1900,30
19145.jpg,1871,1800,-71
19150.jpg,1871,1850,-21
19155.jpg,1871,1850,-21
19160.jpg,1871,1850,-21
19165.jpg,1871,1900,29
19170.jpg,1871,1879,8
19175.jpg,1871,1905,34
19180.jpg,1871,1910,39
19185.jpg,1871,1905,34
19190.jpg,1871,1890,19
19195.jpg,1871,1850,-21
19200.jpg,1871,1850,-21
19205.jpg,1871,1995,124
19210.jpg,1871,1910,39
19215.jpg,1871,1900,29
19220.jpg,1871,1930,59
19225.jpg,1871,1910,39
19230.jpg,1871,1980,109
19235.jpg,1871,1915,44
19240.jpg,1871,1870,-1
19245.jpg,1871,1850,-21
19250.jpg,1871,1905,34
19255.jpg,1871,1840,-31
19260.jpg,1871,1920,49
19265.jpg,1871,1850,-21
19270.jpg,1871,1860,-11
19275.jpg,1871,1905,34
19280.jpg,1871,1900,29
19285.jpg,1871,1900,29
19290.jpg,1871,1870,-1
19295.jpg,1871,1850,-21
19300.jpg,1871,1900,29
19305.jpg,1871,1930,59
19310.jpg,1871,1920,49
19315.jpg,1871,1890,19
19320.jpg,1871,1895,24
19325.jpg,1871,1890,19
19330.jpg,1871,1890,19
19335.jpg,1871,1890,19
19340.jpg,1871,1890,19
19345.jpg,1871,1900,29
19350.jpg,1871,1800,-71
19355.jpg,1871,1890,19
19360.jpg,1871,1890,19
19365.jpg,1871,1930,59
19370.jpg,1871,1860,-11
19375.jpg,1871,1870,-1
19380.jpg,1871,1905,34
19385.jpg,1871,1890,19
19390.jpg,1871,1905,34
19395.jpg,1872,1850,-22
19400.jpg,1872,1900,28
19405.jpg,1872,1905,33
19410.jpg,1872,1890,18
19415.jpg,1872,1850,-22
19420.jpg,1872,1810,-62
19425.jpg,1872,1945,73
19430.jpg,1872,1900,28
19435.jpg,1872,1880,8
19440.jpg,1872,1895,23
19445.jpg,1872,1910,38
19450.jpg,1872,1850,-22
19455.jpg,1872,1870,-2
19460.jpg,1872,1905,33
19465.jpg,1872,1905,33
19470.jpg,1872,1850,-22
19475.jpg,1872,1905,33
19480.jpg,1872,1820,-52
19485.jpg,1872,1910,38
19490.jpg,1872,1880,8
19495.jpg,1872,1850,-22
19500.jpg,1872,1890,18
19505.jpg,1872,1850,-22
19510.jpg,1872,1900,28
19515.jpg,1872,1880,8
19520.jpg,1872,1945,73
19525.jpg,1872,1850,-22
19530.jpg,1872,1870,-2
19535.jpg,1872,1850,-22
19540.jpg,1872,1920,48
19545.jpg,1872,1895,23
19550.jpg,1872,1885,13
19555.jpg,1872,1850,-22
19560.jpg,1872,1905,33
19565.jpg,1872,1850,-22
19570.jpg,1872,1890,18
19575.jpg,1872,1850,-22
19580.jpg,1872,1890,18
19585.jpg,1872,1750,-122
19590.jpg,1872,1850,-22
19595.jpg,1872,1980,108
19600.jpg,1872,1830,-42
19605.jpg,1872,1905,33
19610.jpg,1872,1880,8
19615.jpg,1872,1890,18
19620.jpg,1872,1900,28
19625.jpg,1872,1850,-22
19630.jpg,1872,1910,38
19635.jpg,1872,1893,21
19640.jpg,1872,1900,28
19645.jpg,1872,1880,8
19655.jpg,1873,1870,-3
19660.jpg,1873,1850,-23
19665.jpg,1873,1925,52
19670.jpg,1873,1890,17
19675.jpg,1873,1850,-23
19680.jpg,1873,1850,-23
19685.jpg,1873,1900,27
19690.jpg,1873,1969,96
19695.jpg,1873,1890,17
19700.jpg,1873,1850,-23
19705.jpg,1873,1900,27
19710.jpg,1873,1890,17
19715.jpg,1873,1890,17
19720.jpg,1873,1910,37
19725.jpg,1873,1870,-3
19730.jpg,1873,1870,-3
19735.jpg,1873,1900,27
19740.jpg,1873,1880,7
19745.jpg,1873,1860,-13
19750.jpg,1873,1860,-13
19755.jpg,1873,1900,27
19760.jpg,1873,1890,17
19765.jpg,1873,1900,27
19775.jpg,1873,1910,37
19780.jpg,1873,1880,7
19785.jpg,1873,1910,37
19790.jpg,1873,1865,-8
19795.jpg,1873,1890,17
19800.jpg,1873,1800,-73
19805.jpg,1873,1850,-23
19810.jpg,1873,1890,17
19815.jpg,1873,1890,17
19820.jpg,1873,1905,32
19825.jpg,1873,1890,17
19830.jpg,1873,1890,17
19835.jpg,1873,1850,-23
19840.jpg,1873,1850,-23
19845.jpg,1873,2010,137
19850.jpg,1873,1880,7
19855.jpg,1873,1870,-3
19860.jpg,1873,1850,-23
19865.jpg,1873,1880,7
19870.jpg,1873,1890,17
19875.jpg,1873,1910,37
19880.jpg,1873,1920,47
19885.jpg,1873,1850,-23
19890.jpg,1873,1850,-23
19895.jpg,1873,1920,47
19900.jpg,1873,1890,17
19905.jpg,1873,1816,-57
19910.jpg,1873,1950,77
19915.jpg,1874,1895,21
19920.jpg,1874,1900,26
19925.jpg,1874,1900,26
19930.jpg,1874,1900,26
19935.jpg,1874,1860,-14
19945.jpg,1874,1850,-24
19950.jpg,1874,1890,16
19955.jpg,1874,1905,31
19965.jpg,1874,1900,26
19970.jpg,1874,1911,37
19975.jpg,1874,1890,16
19980.jpg,1874,1890,16
19985.jpg,1874,1890,16
19990.jpg,1874,1975,101
19995.jpg,1874,1850,-24
20000.jpg,1874,1930,56
20005.jpg,1874,1940,66
20010.jpg,1874,1900,26
20015.jpg,1874,1850,-24
20020.jpg,1874,1880,6
20025.jpg,1874,1850,-24
20030.jpg,1874,1850,-24
20035.jpg,1874,1923,49
20040.jpg,1874,1880,6
20045.jpg,1874,1870,-4
20050.jpg,1874,1850,-24
20055.jpg,1874,1870,-4
20060.jpg,1874,1890,16
20065.jpg,1874,1900,26
20070.jpg,1874,1890,16
20075.jpg,1874,1895,21
20080.jpg,1874,1816,-58
20085.jpg,1874,1890,16
20090.jpg,1874,1840,-34
20095.jpg,1874,1850,-24
20100.jpg,1874,1870,-4
20110.jpg,1874,1890,16
20115.jpg,1874,1895,21
20120.jpg,1874,1900,26
20125.jpg,1874,1620,-254
20130.jpg,1874,1850,-24
20135.jpg,1874,1890,16
20145.jpg,1874,1850,-24
20150.jpg,1874,1890,16
20155.jpg,1874,1950,76
20160.jpg,1874,1900,26
20165.jpg,1874,1880,6
20170.jpg,1874,1890,16
20175.jpg,1874,1915,41
20180.jpg,1874,1860,-14
20185.jpg,1874,1860,-14
20190.jpg,1874,1900,26
20195.jpg,1874,1850,-24
20205.jpg,1874,1865,-9
20210.jpg,1875,1900,25
20215.jpg,1875,1923,48
20220.jpg,1875,1850,-25
20230.jpg,1875,1910,35
20235.jpg,1875,1600,-275
20240.jpg,1875,1850,-25
20245.jpg,1875,1900,25
20250.jpg,1875,1890,15
20255.jpg,1875,1932,57
20260.jpg,1875,1880,5
20265.jpg,1875,1870,-5
20270.jpg,1875,1850,-25
20275.jpg,1875,1870,-5
20280.jpg,1875,1910,35
20285.jpg,1875,1850,-25
20295.jpg,1875,1850,-25
20300.jpg,1875,1870,-5
20305.jpg,1875,1870,-5
20310.jpg,1875,1870,-5
20315.jpg,1875,1850,-25
20320.jpg,1875,1850,-25
20325.jpg,1875,1890,15
20330.jpg,1875,1890,15
20335.jpg,1875,1890,15
20340.jpg,1875,1850,-25
20345.jpg,1875,1890,15
20350.jpg,1875,1910,35
20355.jpg,1875,1890,15
20360.jpg,1875,1870,-5
20365.jpg,1875,1895,20
20370.jpg,1875,1850,-25
20375.jpg,1875,1850,-25
20380.jpg,1875,1890,15
20385.jpg,1875,1850,-25
20390.jpg,1875,1870,-5
20395.jpg,1875,1870,-5
20400.jpg,1875,1890,15
20405.jpg,1875,1850,-25
20410.jpg,1875,1950,75
20415.jpg,1875,1850,-25
20420.jpg,1875,1850,-25
20425.jpg,1875,1850,-25
20430.jpg,1875,1910,35
20435.jpg,1875,1163,-712
20440.jpg,1875,1850,-25
20445.jpg,1875,1850,-25
20450.jpg,1875,1880,5
20455.jpg,1875,1850,-25
20460.jpg,1875,1950,75
20465.jpg,1875,1905,30
20470.jpg,1875,1830,-45
20480.jpg,1875,1910,35
20485.jpg,1875,1905,30
20490.jpg,1875,1830,-45
20495.jpg,1875,1890,15
20500.jpg,1876,1850,-26
20505.jpg,1876,1945,69
20510.jpg,1876,1850,-26
20515.jpg,1876,1850,-26
20520.jpg,1876,1900,24
20525.jpg,1876,1600,-276
20530.jpg,1876,1980,104
20540.jpg,1876,2015,139
20545.jpg,1876,1890,14
20550.jpg,1876,1850,-26
20555.jpg,1876,1900,24
20560.jpg,1876,1300,-576
20565.jpg,1876,1880,4
20570.jpg,1876,1850,-26
20575.jpg,1876,1870,-6
20580.jpg,1876,1880,4
20585.jpg,1876,1880,4
20590.jpg,1876,1880,4
20595.jpg,1876,1880,4
20600.jpg,1876,1890,14
20605.jpg,1876,1860,-16
20610.jpg,1876,1910,34
20615.jpg,1876,1885,9
20620.jpg,1876,1870,-6
20625.jpg,1876,1935,59
20630.jpg,1876,1920,44
20635.jpg,1876,1890,14
20640.jpg,1876,1950,74
20645.jpg,1876,1900,24
20650.jpg,1876,1890,14
20655.jpg,1876,1885,9
20660.jpg,1876,1895,19
20665.jpg,1876,1895,19
20670.jpg,1876,1900,24
20675.jpg,1876,1760,-116
20680.jpg,1876,1880,4
20685.jpg,1876,1900,24
20690.jpg,1876,1880,4
20695.jpg,1876,1910,34
20700.jpg,1876,1889,13
20705.jpg,1876,1905,29
20715.jpg,1876,1880,4
20720.jpg,1876,1870,-6
20725.jpg,1876,1910,34
20730.jpg,1877,1890,13
20735.jpg,1877,1860,-17
20740.jpg,1877,1900,23
20745.jpg,1877,1850,-27
20750.jpg,1877,1870,-7
20755.jpg,1877,1910,33
20760.jpg,1877,1925,48
20765.jpg,1877,1676,-201
20770.jpg,1877,1920,43
20775.jpg,1877,1870,-7
20780.jpg,1877,1853,-24
20785.jpg,1877,1850,-27
20790.jpg,1877,1870,-7
20795.jpg,1877,1870,-7
20800.jpg,1877,1905,28
20805.jpg,1877,1900,23
20810.jpg,1877,1920,43
20815.jpg,1877,1820,-57
20820.jpg,1877,1895,18
20830.jpg,1877,1890,13
20835.jpg,1877,1850,-27
20840.jpg,1877,1890,13
20845.jpg,1877,1850,-27
20850.jpg,1877,1890,13
20855.jpg,1877,1975,98
20860.jpg,1877,1905,28
20865.jpg,1877,1900,23
20870.jpg,1877,1940,63
20875.jpg,1877,1890,13
20880.jpg,1877,1890,13
20885.jpg,1877,1885,8
20890.jpg,1877,1850,-27
20895.jpg,1877,1800,-77
20900.jpg,1877,1900,23
20905.jpg,1877,1890,13
20910.jpg,1877,1890,13
20915.jpg,1877,1900,23
20925.jpg,1878,1905,27
20930.jpg,1878,1900,22
20935.jpg,1878,1905,27
20940.jpg,1878,1850,-28
20945.jpg,1878,1905,27
20950.jpg,1878,1880,2
20955.jpg,1878,1910,32
20960.jpg,1878,1900,22
20965.jpg,1878,1995,117
20970.jpg,1878,1980,102
20975.jpg,1878,1900,22
20980.jpg,1878,1900,22
20985.jpg,1878,1900,22
20990.jpg,1878,1905,27
20995.jpg,1878,1850,-28
21000.jpg,1878,1880,2
21005.jpg,1878,1890,12
21010.jpg,1878,1850,-28
21015.jpg,1878,1890,12
21020.jpg,1878,1850,-28
21025.jpg,1878,1890,12
21030.jpg,1878,1880,2
21035.jpg,1878,1850,-28
21040.jpg,1878,1890,12
21045.jpg,1878,1850,-28
21050.jpg,1878,1975,97
21055.jpg,1878,1870,-8
21060.jpg,1878,1850,-28
21065.jpg,1878,1905,27
21070.jpg,1878,1880,2
21075.jpg,1878,1850,-28
21080.jpg,1878,1900,22
21085.jpg,1878,1890,12
21090.jpg,1878,1910,32
21095.jpg,1878,1895,17
21100.jpg,1878,1905,27
21105.jpg,1878,1900,22
21110.jpg,1878,1890,12
21115.jpg,1878,1894,16
21120.jpg,1878,1925,47
21125.jpg,1878,2010,132
21130.jpg,1878,1920,42
21135.jpg,1878,1890,12
21140.jpg,1878,1890,12
21145.jpg,1878,1900,22
21150.jpg,1878,1860,-18
21155.jpg,1878,1920,42
21160.jpg,1879,1975,96
21165.jpg,1879,1910,31
21170.jpg,1879,1925,46
21175.jpg,1879,1895,16
21180.jpg,1879,1905,26
21185.jpg,1879,1890,11
21190.jpg,1879,1890,11
21195.jpg,1879,1895,16
21200.jpg,1879,1889,10
21205.jpg,1879,1900,21
21210.jpg,1879,1950,71
21215.jpg,1879,1830,-49
21220.jpg,1879,1870,-9
21225.jpg,1879,1930,51
21230.jpg,1879,1850,-29
21235.jpg,1879,1920,41
21240.jpg,1879,1905,26
21245.jpg,1879,1890,11
21250.jpg,1879,1850,-29
21255.jpg,1879,1890,11
21260.jpg,1879,1895,16
21265.jpg,1879,1890,11
21270.jpg,1879,1850,-29
21275.jpg,1879,1850,-29
21280.jpg,1879,1850,-29
21285.jpg,1879,1800,-79
21290.jpg,1879,1900,21
21295.jpg,1879,1850,-29
21300.jpg,1879,1880,1
21305.jpg,1879,1850,-29
21310.jpg,1879,1890,11
21315.jpg,1879,1880,1
21320.jpg,1879,1900,21
21325.jpg,1879,1890,11
21330.jpg,1879,1900,21
21335.jpg,1879,1890,11
21340.jpg,1879,1900,21
21350.jpg,1879,1850,-29
21355.jpg,1879,1910,31
21360.jpg,1879,1900,21
21365.jpg,1879,1910,31
21370.jpg,1879,1890,11
21375.jpg,1880,1850,-30
21380.jpg,1880,1910,30
21385.jpg,1880,1890,10
21390.jpg,1880,1850,-30
21395.jpg,1880,1890,10
21400.jpg,1880,1890,10
21405.jpg,1880,1850,-30
21410.jpg,1880,1900,20
21415.jpg,1880,1900,20
21420.jpg,1880,1890,10
21425.jpg,1880,1890,10
21430.jpg,1880,1850,-30
21435.jpg,1880,1890,10
21440.jpg,1880,1905,25
21445.jpg,1880,1895,15
21450.jpg,1880,1800,-80
21455.jpg,1880,1880,0
21460.jpg,1880,1905,25
21465.jpg,1880,1850,-30
21470.jpg,1880,1850,-30
21475.jpg,1880,1870,-10
21480.jpg,1880,1880,0
21485.jpg,1880,1850,-30
21490.jpg,1880,1880,0
21495.jpg,1880,1870,-10
21500.jpg,1880,1850,-30
21505.jpg,1880,1900,20
21510.jpg,1880,1920,40
21515.jpg,1880,1850,-30
21520.jpg,1880,1850,-30
21530.jpg,1880,1990,110
21535.jpg,1880,1890,10
21540.jpg,1880,1890,10
21545.jpg,1880,1890,10
21550.jpg,1880,1910,30
21555.jpg,1880,1850,-30
21560.jpg,1880,1900,20
21565.jpg,1880,1850,-30
21570.jpg,1880,1850,-30
21575.jpg,1880,1975,95
21580.jpg,1880,1850,-30
21585.jpg,1880,1900,20
21590.jpg,1880,1880,0
21595.jpg,1880,1890,10
21600.jpg,1880,1890,10
21605.jpg,1880,1910,30
21610.jpg,1880,1895,15
21615.jpg,1880,1875,-5
21620.jpg,1880,1890,10
21625.jpg,1880,1890,10
21630.jpg,1880,1900,20
21635.jpg,1880,1850,-30
21640.jpg,1880,1890,10
21645.jpg,1880,1900,20
21650.jpg,1880,1900,20
21655.jpg,1880,1900,20
21660.jpg,1880,1895,15
21665.jpg,1880,1880,0
21670.jpg,1880,1820,-60
21675.jpg,1880,1901,21
21680.jpg,1880,1900,20
21685.jpg,1880,1810,-70
21690.jpg,1880,1900,20
21695.jpg,1880,1850,-30
21700.jpg,1880,1920,40
21705.jpg,1880,1830,-50
21710.jpg,1881,1850,-31
21715.jpg,1881,1905,24
21720.jpg,1881,1955,74
21725.jpg,1881,1850,-31
21730.jpg,1881,1890,9
21735.jpg,1881,1920,39
21740.jpg,1881,1850,-31
21745.jpg,1881,1890,9
21750.jpg,1881,1890,9
21755.jpg,1881,1980,99
21760.jpg,1881,1850,-31
21770.jpg,1881,1870,-11
21775.jpg,1881,1870,-11
21780.jpg,1881,1923,42
21785.jpg,1881,1890,9
21790.jpg,1881,1860,-21
21795.jpg,1881,1890,9
21800.jpg,1881,1880,-1
21805.jpg,1881,1875,-6
21810.jpg,1881,1920,39
21815.jpg,1881,1905,24
21820.jpg,1881,1850,-31
21825.jpg,1881,1885,4
21830.jpg,1881,1890,9
21835.jpg,1881,1860,-21
21840.jpg,1881,1850,-31
21845.jpg,1881,1900,19
21850.jpg,1881,1750,-131
21855.jpg,1881,1895,14
21860.jpg,1881,1850,-31
21865.jpg,1881,1905,24
21870.jpg,1881,1830,-51
21875.jpg,1881,1890,9
21880.jpg,1881,1890,9
21885.jpg,1881,1890,9
21890.jpg,1881,1905,24
21895.jpg,1881,1890,9
21900.jpg,1881,1910,29
21905.jpg,1881,1945,64
21910.jpg,1881,1900,19
21915.jpg,1881,1700,-181
21920.jpg,1881,1900,19
21925.jpg,1881,1900,19
21930.jpg,1881,1830,-51
21940.jpg,1881,1870,-11
21945.jpg,1882,1850,-32
21950.jpg,1882,1925,43
21955.jpg,1882,1900,18
21960.jpg,1882,1850,-32
21965.jpg,1882,1910,28
21970.jpg,1882,1905,23
21975.jpg,1882,1895,13
21980.jpg,1882,1900,18
21985.jpg,1882,1920,38
21990.jpg,1882,1910,28
21995.jpg,1882,1900,18
22000.jpg,1882,1850,-32
22005.jpg,1882,1900,18
22010.jpg,1882,1850,-32
22015.jpg,1882,1880,-2
22020.jpg,1882,1850,-32
22025.jpg,1882,1905,23
22030.jpg,1882,1850,-32
22035.jpg,1882,1850,-32
22040.jpg,1882,1890,8
22045.jpg,1882,1890,8
22050.jpg,1882,1900,18
22055.jpg,1882,1890,8
22060.jpg,1882,1870,-12
22065.jpg,1882,1900,18
22070.jpg,1882,1920,38
22075.jpg,1882,1900,18
22080.jpg,1882,1895,13
22085.jpg,1882,1910,28
22090.jpg,1882,1880,-2
22095.jpg,1882,1850,-32
22100.jpg,1882,1900,18
22105.jpg,1882,1890,8
22110.jpg,1882,1870,-12
22115.jpg,1882,1895,13
22120.jpg,1882,1880,-2
22125.jpg,1882,1850,-32
22130.jpg,1882,1895,13
22135.jpg,1882,1850,-32
22140.jpg,1882,1850,-32
22145.jpg,1882,1996,114
22150.jpg,1882,1940,58
22155.jpg,1882,1967,85
22160.jpg,1882,1910,28
22165.jpg,1882,1875,-7
22170.jpg,1882,1850,-32
22175.jpg,1882,1890,8
22180.jpg,1882,1920,38
22185.jpg,1882,1840,-42
22190.jpg,1882,1950,68
22195.jpg,1882,1830,-52
22200.jpg,1882,1850,-32
22205.jpg,1882,1890,8
22210.jpg,1882,1890,8
22215.jpg,1883,1850,-33
22220.jpg,1883,1915,32
22225.jpg,1883,1912,29
22230.jpg,1883,1910,27
22235.jpg,1883,1890,7
22240.jpg,1883,1860,-23
22245.jpg,1883,1890,7
22250.jpg,1883,1905,22
22255.jpg,1883,1850,-33
22260.jpg,1883,1901,18
22265.jpg,1883,1880,-3
22270.jpg,1883,1925,42
22275.jpg,1883,1890,7
22280.jpg,1883,1700,-183
22285.jpg,1883,1853,-30
22290.jpg,1883,1850,-33
22295.jpg,1883,1860,-23
22300.jpg,1883,1900,17
22305.jpg,1883,1850,-33
22310.jpg,1883,1850,-33
22315.jpg,1883,1850,-33
22320.jpg,1883,1900,17
22325.jpg,1883,1890,7
22330.jpg,1883,1895,12
22335.jpg,1883,1910,27
22340.jpg,1883,1890,7
22345.jpg,1883,1905,22
22350.jpg,1883,1870,-13
22355.jpg,1883,1910,27
22360.jpg,1883,1890,7
22365.jpg,1883,1900,17
22370.jpg,1883,1900,17
22375.jpg,1883,1850,-33
22380.jpg,1883,1900,17
22385.jpg,1883,1950,67
22390.jpg,1883,1920,37
22395.jpg,1883,1900,17
22400.jpg,1883,1895,12
22405.jpg,1883,1905,22
22410.jpg,1883,1890,7
22415.jpg,1883,1850,-33
22420.jpg,1883,1890,7
22425.jpg,1883,1890,7
22430.jpg,1883,1890,7
22435.jpg,1883,1890,7
22440.jpg,1883,1900,17
22445.jpg,1883,1870,-13
22450.jpg,1883,1850,-33
22455.jpg,1883,1900,17
22460.jpg,1883,1993,110
22465.jpg,1883,1910,27
22470.jpg,1883,1890,7
22475.jpg,1883,1880,-3
22485.jpg,1883,1890,7
22490.jpg,1883,1900,17
22495.jpg,1883,1904,21
22500.jpg,1883,1900,17
22505.jpg,1883,1850,-33
22510.jpg,1884,1905,21
22515.jpg,1884,1908,24
22520.jpg,1884,1905,21
22525.jpg,1884,1890,6
22530.jpg,1884,1880,-4
22535.jpg,1884,1910,26
22540.jpg,1884,1880,-4
22545.jpg,1884,1890,6
22550.jpg,1884,1880,-4
22555.jpg,1884,1920,36
22560.jpg,1884,1950,66
22565.jpg,1884,1910,26
22570.jpg,1884,1850,-34
22575.jpg,1884,1920,36
22580.jpg,1884,1980,96
22585.jpg,1884,1850,-34
22590.jpg,1884,1905,21
22595.jpg,1884,1850,-34
22600.jpg,1884,1890,6
22605.jpg,1884,1900,16
22610.jpg,1884,1895,11
22615.jpg,1884,1880,-4
22620.jpg,1884,1895,11
22625.jpg,1884,1890,6
22630.jpg,1884,1890,6
22635.jpg,1884,1912,28
22640.jpg,1884,1890,6
22645.jpg,1884,1905,21
22650.jpg,1884,1895,11
22655.jpg,1884,1900,16
22665.jpg,1884,1925,41
22670.jpg,1884,1850,-34
22675.jpg,1884,1890,6
22680.jpg,1884,1900,16
22685.jpg,1884,1900,16
22690.jpg,1884,1910,26
22695.jpg,1884,1920,36
22700.jpg,1884,1840,-44
22705.jpg,1884,1890,6
22710.jpg,1884,1850,-34
22715.jpg,1884,1905,21
22720.jpg,1884,1910,26
22730.jpg,1884,1900,16
22735.jpg,1884,1850,-34
22740.jpg,1884,2010,126
22745.jpg,1884,1890,6
22750.jpg,1884,1905,21
22755.jpg,1884,1850,-34
22760.jpg,1884,1910,26
22765.jpg,1884,1925,41
22770.jpg,1884,1890,6
22775.jpg,1884,1910,26
22780.jpg,1885,1894,9
22785.jpg,1885,1910,25
22790.jpg,1885,1900,15
22795.jpg,1885,1900,15
22800.jpg,1885,1850,-35
22805.jpg,1885,1915,30
22810.jpg,1885,1890,5
22815.jpg,1885,1910,25
22820.jpg,1885,1890,5
22825.jpg,1885,1925,40
22830.jpg,1885,1850,-35
22835.jpg,1885,1966,81
22840.jpg,1885,1850,-35
22850.jpg,1885,1990,105
22855.jpg,1885,1880,-5
22860.jpg,1885,1890,5
22865.jpg,1885,1890,5
22870.jpg,1885,1890,5
22875.jpg,1885,1890,5
22880.jpg,1885,1890,5
22885.jpg,1885,1910,25
22890.jpg,1885,1930,45
22895.jpg,1885,1905,20
22900.jpg,1885,1850,-35
22905.jpg,1885,1890,5
22910.jpg,1885,1900,15
22915.jpg,1885,1885,0
22920.jpg,1885,1907,22
22925.jpg,1885,1890,5
22930.jpg,1885,1910,25
22935.jpg,1885,1870,-15
22940.jpg,1885,1905,20
22945.jpg,1885,1890,5
22950.jpg,1885,1920,35
22955.jpg,1885,1890,5
22960.jpg,1885,1995,110
22965.jpg,1885,1905,20
22970.jpg,1885,1890,5
22975.jpg,1885,1850,-35
22980.jpg,1885,1920,35
22985.jpg,1885,1850,-35
22990.jpg,1885,1900,15
22995.jpg,1885,1905,20
23000.jpg,1885,1800,-85
23005.jpg,1885,1930,45
23015.jpg,1885,1830,-55
23020.jpg,1885,1925,40
23025.jpg,1885,1890,5
23030.jpg,1885,1920,35
23035.jpg,1885,1840,-45
23040.jpg,1885,1890,5
23045.jpg,1885,1840,-45
23050.jpg,1885,1930,45
23055.jpg,1885,1900,15
23060.jpg,1885,1890,5
23065.jpg,1885,1900,15
23070.jpg,1885,1890,5
23075.jpg,1885,1920,35
23080.jpg,1885,1900,15
23085.jpg,1886,1850,-36
23090.jpg,1886,1920,34
23095.jpg,1886,1880,-6
23100.jpg,1886,1905,19
23105.jpg,1886,1880,-6
23110.jpg,1886,1750,-136
23115.jpg,1886,1890,4
23120.jpg,1886,1850,-36
23125.jpg,1886,1920,34
23130.jpg,1886,2000,114
23135.jpg,1886,1970,84
23140.jpg,1886,1970,84
23145.jpg,1886,1860,-26
23150.jpg,1886,1905,19
23155.jpg,1886,1850,-36
23160.jpg,1886,1870,-16
23165.jpg,1886,1920,34
23170.jpg,1886,1890,4
23175.jpg,1886,1900,14
23180.jpg,1886,1905,19
23185.jpg,1886,1910,24
23190.jpg,1886,1890,4
23195.jpg,1886,1900,14
23200.jpg,1886,1890,4
23205.jpg,1886,1890,4
23210.jpg,1886,1910,24
23215.jpg,1886,1870,-16
23220.jpg,1886,1890,4
23225.jpg,1886,1885,-1
23230.jpg,1886,1900,14
23235.jpg,1886,1890,4
23240.jpg,1886,1850,-36
23245.jpg,1886,1890,4
23250.jpg,1886,1900,14
23255.jpg,1886,1830,-56
23260.jpg,1886,1890,4
23265.jpg,1886,1900,14
23275.jpg,1886,1900,14
23280.jpg,1886,1900,14
23285.jpg,1886,1890,4
23290.jpg,1886,1995,109
23295.jpg,1886,1900,14
23300.jpg,1886,1890,4
23305.jpg,1886,1850,-36
23310.jpg,1886,1900,14
23315.jpg,1886,1890,4
23320.jpg,1886,1890,4
23325.jpg,1886,1910,24
23330.jpg,1886,1890,4
23335.jpg,1886,1850,-36
23340.jpg,1886,1928,42
23345.jpg,1886,1895,9
23350.jpg,1886,1890,4
23355.jpg,1886,1880,-6
23365.jpg,1886,1920,34
23370.jpg,1886,1900,14
23375.jpg,1887,1950,63
23380.jpg,1887,1942,55
23385.jpg,1887,1920,33
23390.jpg,1887,1900,13
23395.jpg,1887,1890,3
23400.jpg,1887,1850,-37
23410.jpg,1887,1890,3
23415.jpg,1887,1895,8
23420.jpg,1887,1905,18
23425.jpg,1887,1890,3
23430.jpg,1887,1900,13
23440.jpg,1887,1878,-9
23445.jpg,1887,1890,3
23450.jpg,1887,1860,-27
23460.jpg,1887,1890,3
23465.jpg,1887,1850,-37
23470.jpg,1887,1900,13
23475.jpg,1887,1900,13
23480.jpg,1887,1890,3
23485.jpg,1887,1890,3
23490.jpg,1887,1840,-47
23495.jpg,1887,1905,18
23500.jpg,1887,1945,58
23505.jpg,1887,1890,3
23510.jpg,1887,1890,3
23515.jpg,1887,1890,3
23520.jpg,1887,1890,3
23525.jpg,1887,1870,-17
23535.jpg,1887,1900,13
23540.jpg,1887,1890,3
23545.jpg,1887,1890,3
23550.jpg,1887,1900,13
23555.jpg,1887,1945,58
23560.jpg,1887,1900,13
23565.jpg,1887,1890,3
23570.jpg,1887,1500,-387
23575.jpg,1887,1890,3
23580.jpg,1887,1885,-2
23585.jpg,1887,1900,13
23590.jpg,1887,2005,118
23595.jpg,1887,1890,3
23600.jpg,1887,1890,3
23605.jpg,1887,1890,3
23610.jpg,1887,1900,13
23615.jpg,1887,1900,13
23620.jpg,1887,1905,18
23625.jpg,1887,1890,3
23630.jpg,1887,1880,-7
23635.jpg,1887,1890,3
23640.jpg,1887,1940,53
23645.jpg,1887,1890,3
23650.jpg,1887,1890,3
23660.jpg,1887,1900,13
23665.jpg,1887,1890,3
23670.jpg,1887,1850,-37
23675.jpg,1887,1901,14
23680.jpg,1887,1925,38
23690.jpg,1887,1890,3
23695.jpg,1887,1900,13
23700.jpg,1888,1850,-38
23705.jpg,1888,1920,32
23710.jpg,1888,1900,12
23715.jpg,1888,1850,-38
23720.jpg,1888,1950,62
23725.jpg,1888,1890,2
23730.jpg,1888,1885,-3
23735.jpg,1888,1890,2
23740.jpg,1888,1905,17
23745.jpg,1888,1905,17
23750.jpg,1888,1993,105
23755.jpg,1888,1890,2
23760.jpg,1888,1850,-38
23765.jpg,1888,1900,12
23770.jpg,1888,1920,32
23775.jpg,1888,1850,-38
23790.jpg,1888,1900,12
23795.jpg,1888,1890,2
23800.jpg,1888,1885,-3
23805.jpg,1888,1890,2
23810.jpg,1888,1850,-38
23815.jpg,1888,1890,2
23820.jpg,1888,1870,-18
23825.jpg,1888,1910,22
23830.jpg,1888,1890,2
23835.jpg,1888,1880,-8
23840.jpg,1888,1900,12
23850.jpg,1888,1890,2
23855.jpg,1888,1890,2
23860.jpg,1888,1890,2
23865.jpg,1888,1850,-38
23870.jpg,1888,1850,-38
23875.jpg,1888,1900,12
23880.jpg,1888,1890,2
23885.jpg,1888,1890,2
23890.jpg,1888,1880,-8
23895.jpg,1888,1895,7
23900.jpg,1888,1920,32
23905.jpg,1888,1890,2
23910.jpg,1888,1920,32
23915.jpg,1888,1910,22
23920.jpg,1888,1870,-18
23925.jpg,1888,1910,22
23930.jpg,1888,1900,12
23935.jpg,1888,1965,77
23940.jpg,1888,1890,2
23945.jpg,1888,1890,2
23950.jpg,1888,1910,22
23955.jpg,1888,1890,2
23960.jpg,1888,1900,12
23965.jpg,1888,1850,-38
23970.jpg,1888,1850,-38
23975.jpg,1888,1890,2
23980.jpg,1888,1880,-8
23985.jpg,1888,1910,22
23990.jpg,1888,1900,12
23995.jpg,1888,1913,25
24000.jpg,1888,1890,2
24005.jpg,1888,1850,-38
24010.jpg,1888,1900,12
24015.jpg,1888,1920,32
24020.jpg,1888,1910,22
24025.jpg,1888,1905,17
24030.jpg,1888,1901,13
24035.jpg,1888,1852,-36
24040.jpg,1888,1920,32
24050.jpg,1889,1910,21
24055.jpg,1889,1850,-39
24060.jpg,1889,1890,1
24065.jpg,1889,1905,16
24070.jpg,1889,1860,-29
24075.jpg,1889,1918,29
24080.jpg,1889,1901,12
24085.jpg,1889,1905,16
24090.jpg,1889,1890,1
24095.jpg,1889,1895,6
24105.jpg,1889,1905,16
24110.jpg,1889,1905,16
24115.jpg,1889,1950,61
24120.jpg,1889,1850,-39
24125.jpg,1889,1900,11
24130.jpg,1889,1890,1
24135.jpg,1889,1850,-39
24140.jpg,1889,1870,-19
24145.jpg,1889,1870,-19
24150.jpg,1889,1925,36
24155.jpg,1889,1870,-19
24160.jpg,1889,1900,11
24165.jpg,1889,1890,1
24170.jpg,1889,1895,6
24175.jpg,1889,1850,-39
24180.jpg,1889,1850,-39
24185.jpg,1889,1895,6
24190.jpg,1889,1880,-9
24195.jpg,1889,1900,11
24200.jpg,1889,1910,21
24205.jpg,1889,1920,31
24210.jpg,1889,1890,1
24215.jpg,1889,1890,1
24220.jpg,1889,1900,11
24225.jpg,1889,1890,1
24230.jpg,1889,1900,11
24235.jpg,1889,1900,11
24240.jpg,1889,1900,11
24245.jpg,1889,1910,21
24250.jpg,1889,1895,6
24255.jpg,1889,1890,1
24260.jpg,1889,1905,16
24265.jpg,1889,1905,16
24270.jpg,1889,1905,16
24275.jpg,1889,1905,16
24280.jpg,1889,1900,11
24285.jpg,1889,1890,1
24290.jpg,1889,1890,1
24295.jpg,1889,1890,1
24300.jpg,1889,1920,31
24310.jpg,1889,1890,1
24315.jpg,1889,1880,-9
24320.jpg,1889,1800,-89
24330.jpg,1889,1840,-49
24335.jpg,1889,1920,31
24340.jpg,1889,1930,41
24345.jpg,1889,1890,1
24350.jpg,1889,1900,11
24355.jpg,1889,1910,21
24360.jpg,1889,1985,96
24365.jpg,1889,1890,1
24370.jpg,1889,1880,-9
24375.jpg,1889,1890,1
24380.jpg,1889,1910,21
24385.jpg,1889,1900,11
24390.jpg,1889,1890,1
24395.jpg,1890,1830,-60
24400.jpg,1890,1890,0
24405.jpg,1890,1910,20
24410.jpg,1890,1890,0
24415.jpg,1890,1905,15
24420.jpg,1890,1840,-50
24425.jpg,1890,1905,15
24430.jpg,1890,1900,10
24435.jpg,1890,1905,15
24440.jpg,1890,1910,20
24445.jpg,1890,1945,55
24450.jpg,1890,1895,5
24455.jpg,1890,1890,0
24460.jpg,1890,1890,0
24465.jpg,1890,1910,20
24470.jpg,1890,1900,10
24475.jpg,1890,1913,23
24480.jpg,1890,1880,-10
24485.jpg,1890,1930,40
24490.jpg,1890,1890,0
24495.jpg,1890,1870,-20
24500.jpg,1890,1880,-10
24505.jpg,1890,1910,20
24510.jpg,1890,1980,90
24515.jpg,1890,1920,30
24520.jpg,1890,1950,60
24525.jpg,1890,1920,30
24535.jpg,1890,1900,10
24540.jpg,1890,1905,15
24545.jpg,1890,1930,40
24550.jpg,1890,1900,10
24555.jpg,1890,1900,10
24560.jpg,1890,1905,15
24565.jpg,1890,1890,0
24570.jpg,1890,1870,-20
24575.jpg,1890,1830,-60
24580.jpg,1890,1900,10
24585.jpg,1890,1895,5
24590.jpg,1890,1900,10
24595.jpg,1890,1880,-10
24600.jpg,1890,1870,-20
24605.jpg,1890,1890,0
24610.jpg,1890,1885,-5
24615.jpg,1890,1890,0
24620.jpg,1890,1990,100
24625.jpg,1890,1890,0
24630.jpg,1890,1905,15
24635.jpg,1890,1890,0
24640.jpg,1890,1860,-30
24645.jpg,1890,1890,0
24650.jpg,1890,1905,15
24655.jpg,1890,1850,-40
24660.jpg,1890,1880,-10
24665.jpg,1890,1890,0
24670.jpg,1890,1910,20
24675.jpg,1890,1905,15
24680.jpg,1890,1895,5
24685.jpg,1890,1890,0
24690.jpg,1890,1905,15
24695.jpg,1890,1890,0
24700.jpg,1890,1890,0
24705.jpg,1890,1900,10
24710.jpg,1890,1925,35
24715.jpg,1890,1900,10
24720.jpg,1890,1908,18
24725.jpg,1890,1830,-60
24730.jpg,1890,1870,-20
24735.jpg,1890,1910,20
24740.jpg,1890,1910,20
24745.jpg,1890,1910,20
24750.jpg,1890,1950,60
24755.jpg,1890,1900,10
24760.jpg,1890,1945,55
24765.jpg,1890,1930,40
24770.jpg,1890,1900,10
24775.jpg,1891,1850,-41
24780.jpg,1891,1890,-1
24785.jpg,1891,1900,9
24790.jpg,1891,1900,9
24795.jpg,1891,1910,19
24800.jpg,1891,1900,9
24805.jpg,1891,1880,-11
24810.jpg,1891,1900,9
24815.jpg,1891,1930,39
24820.jpg,1891,1905,14
24825.jpg,1891,1910,19
24830.jpg,1891,1920,29
24835.jpg,1891,1900,9
24840.jpg,1891,1900,9
24845.jpg,1891,1900,9
24850.jpg,1891,1890,-1
24855.jpg,1891,1900,9
24860.jpg,1891,1906,15
24865.jpg,1891,1870,-21
24870.jpg,1891,1950,59
24875.jpg,1891,1850,-41
24880.jpg,1891,1910,19
24885.jpg,1891,1890,-1
24890.jpg,1891,1890,-1
24895.jpg,1891,1895,4
24900.jpg,1891,1870,-21
24905.jpg,1891,1850,-41
24910.jpg,1891,1890,-1
24915.jpg,1891,1890,-1
24920.jpg,1891,1910,19
24925.jpg,1891,1880,-11
24930.jpg,1891,1890,-1
24935.jpg,1891,1890,-1
24940.jpg,1891,1890,-1
24945.jpg,1891,1600,-291
24950.jpg,1891,1850,-41
24955.jpg,1891,1990,99
24960.jpg,1891,1895,4
24965.jpg,1891,1925,34
24970.jpg,1891,1905,14
24975.jpg,1891,1890,-1
24980.jpg,1891,1900,9
24985.jpg,1891,1850,-41
24990.jpg,1891,1880,-11
24995.jpg,1891,1900,9
25000.jpg,1891,1890,-1
25005.jpg,1891,1905,14
25010.jpg,1891,1850,-41
25015.jpg,1891,1890,-1
25020.jpg,1891,1890,-1
25025.jpg,1891,1880,-11
25030.jpg,1891,1910,19
25035.jpg,1891,1300,-591
25040.jpg,1891,1890,-1
25045.jpg,1891,1890,-1
25050.jpg,1891,1910,19
25055.jpg,1891,1890,-1
25060.jpg,1891,1890,-1
25065.jpg,1891,1850,-41
25070.jpg,1891,1890,-1
25075.jpg,1891,1895,4
25080.jpg,1891,1900,9
25085.jpg,1891,1905,14
25090.jpg,1891,1990,99
25095.jpg,1892,1914,22
25100.jpg,1892,2005,113
25105.jpg,1892,2010,118
25115.jpg,1892,1925,33
25120.jpg,1892,1900,8
25125.jpg,1892,1900,8
25130.jpg,1892,1900,8
25135.jpg,1892,1952,60
25140.jpg,1892,1870,-22
25145.jpg,1892,1885,-7
25150.jpg,1892,1910,18
25155.jpg,1892,1905,13
25160.jpg,1892,1900,8
25165.jpg,1892,1870,-22
25170.jpg,1892,1910,18
25175.jpg,1892,1910,18
25180.jpg,1892,1960,68
25185.jpg,1892,1900,8
25190.jpg,1892,1920,28
25195.jpg,1892,1880,-12
25205.jpg,1892,1850,-42
25210.jpg,1892,1910,18
25215.jpg,1892,1890,-2
25220.jpg,1892,1915,23
25225.jpg,1892,1830,-62
25230.jpg,1892,1850,-42
25235.jpg,1892,1890,-2
25240.jpg,1892,1880,-12
25245.jpg,1892,1890,-2
25250.jpg,1892,1890,-2
25255.jpg,1892,1930,38
25260.jpg,1892,1905,13
25265.jpg,1892,1880,-12
25270.jpg,1892,1900,8
25275.jpg,1892,1890,-2
25280.jpg,1892,1900,8
25285.jpg,1892,1920,28
25290.jpg,1892,1890,-2
25295.jpg,1892,1900,8
25300.jpg,1892,1900,8
25305.jpg,1892,1985,93
25310.jpg,1892,1890,-2
25315.jpg,1892,1890,-2
25320.jpg,1892,1890,-2
25325.jpg,1892,1780,-112
25330.jpg,1892,1920,28
25335.jpg,1892,1885,-7
25340.jpg,1892,1850,-42
25345.jpg,1892,1900,8
25350.jpg,1892,1890,-2
25355.jpg,1892,1905,13
25360.jpg,1892,1900,8
25365.jpg,1892,1900,8
25370.jpg,1892,1915,23
25375.jpg,1892,1890,-2
25380.jpg,1892,1890,-2
25385.jpg,1892,1890,-2
25390.jpg,1892,1870,-22
25395.jpg,1892,1920,28
25400.jpg,1892,2005,113
25405.jpg,1892,1914,22
25410.jpg,1892,1850,-42
25415.jpg,1892,1850,-42
25420.jpg,1892,1910,18
25425.jpg,1892,1900,8
25430.jpg,1892,1890,-2
25435.jpg,1892,1890,-2
25440.jpg,1892,1925,33
25445.jpg,1892,1900,8
25450.jpg,1892,1890,-2
25455.jpg,1892,1920,28
25460.jpg,1892,1850,-42
25465.jpg,1893,1900,7
25470.jpg,1893,1850,-43
25475.jpg,1893,1905,12
25480.jpg,1893,1900,7
25490.jpg,1893,1900,7
25495.jpg,1893,1890,-3
25500.jpg,1893,1905,12
25505.jpg,1893,1905,12
25510.jpg,1893,1925,32
25515.jpg,1893,1880,-13
25520.jpg,1893,1895,2
25525.jpg,1893,1900,7
25530.jpg,1893,1920,27
25535.jpg,1893,1900,7
25540.jpg,1893,1870,-23
25545.jpg,1893,1850,-43
25555.jpg,1893,1890,-3
25560.jpg,1893,1880,-13
25565.jpg,1893,1840,-53
25570.jpg,1893,1925,32
25575.jpg,1893,1890,-3
25580.jpg,1893,1920,27
25585.jpg,1893,1900,7
25590.jpg,1893,1900,7
25595.jpg,1893,1890,-3
25600.jpg,1893,1910,17
25605.jpg,1893,1900,7
25610.jpg,1893,1900,7
25615.jpg,1893,1890,-3
25620.jpg,1893,1890,-3
25625.jpg,1893,1890,-3
25630.jpg,1893,1905,12
25635.jpg,1893,1890,-3
25640.jpg,1893,1900,7
25645.jpg,1893,1900,7
25650.jpg,1893,1950,57
25655.jpg,1893,1890,-3
25660.jpg,1893,1900,7
25665.jpg,1893,1890,-3
25670.jpg,1893,1890,-3
25675.jpg,1893,1890,-3
25680.jpg,1893,1905,12
25685.jpg,1893,1850,-43
25690.jpg,1893,1890,-3
25695.jpg,1893,1890,-3
25700.jpg,1893,1900,7
25705.jpg,1893,1850,-43
25710.jpg,1893,1955,62
25715.jpg,1893,1900,7
25720.jpg,1893,1900,7
25725.jpg,1893,1920,27
25730.jpg,1893,1895,2
25740.jpg,1893,1902,9
25745.jpg,1893,1890,-3
25750.jpg,1893,1890,-3
25755.jpg,1893,1890,-3
25760.jpg,1893,1890,-3
25765.jpg,1893,1950,57
25770.jpg,1893,1905,12
25775.jpg,1893,1923,30
25780.jpg,1893,1880,-13
25785.jpg,1893,1920,27
25795.jpg,1893,1900,7
25800.jpg,1893,1890,-3
25805.jpg,1894,1860,-34
25810.jpg,1894,1830,-64
25815.jpg,1894,1875,-19
25820.jpg,1894,1905,11
25825.jpg,1894,1900,6
25830.jpg,1894,1915,21
25835.jpg,1894,1905,11
25840.jpg,1894,1891,-3
25845.jpg,1894,1910,16
25850.jpg,1894,1895,1
25855.jpg,1894,1860,-34
25860.jpg,1894,1905,11
25865.jpg,1894,1900,6
25870.jpg,1894,1850,-44
25875.jpg,1894,1850,-44
25880.jpg,1894,1981,87
25885.jpg,1894,1870,-24
25890.jpg,1894,1905,11
25895.jpg,1894,1860,-34
25900.jpg,1894,1925,31
25905.jpg,1894,1890,-4
25910.jpg,1894,1900,6
25915.jpg,1894,1920,26
25920.jpg,1894,1890,-4
25925.jpg,1894,1890,-4
25930.jpg,1894,1890,-4
25935.jpg,1894,1905,11
25940.jpg,1894,1895,1
25945.jpg,1894,1890,-4
25950.jpg,1894,1900,6
25955.jpg,1894,1900,6
25960.jpg,1894,1905,11
25965.jpg,1894,1890,-4
25970.jpg,1894,1910,16
25975.jpg,1894,1890,-4
25980.jpg,1894,1900,6
25985.jpg,1894,1900,6
25990.jpg,1894,1980,86
25995.jpg,1894,1890,-4
26000.jpg,1894,1920,26
26005.jpg,1894,1880,-14
26010.jpg,1894,1890,-4
26015.jpg,1894,1890,-4
26020.jpg,1894,1990,96
26025.jpg,1894,1895,1
26030.jpg,1894,1870,-24
26035.jpg,1894,1890,-4
26040.jpg,1894,1900,6
26045.jpg,1894,1850,-44
26050.jpg,1894,1850,-44
26055.jpg,1894,1910,16
26060.jpg,1894,1890,-4
26065.jpg,1894,1900,6
26070.jpg,1894,1900,6
26075.jpg,1894,1890,-4
26085.jpg,1894,1890,-4
26090.jpg,1894,1910,16
26095.jpg,1894,1500,-394
26100.jpg,1894,1915,21
26105.jpg,1894,1900,6
26110.jpg,1894,1890,-4
26115.jpg,1894,1900,6
26120.jpg,1894,1925,31
26125.jpg,1895,1890,-5
26130.jpg,1895,2010,115
26135.jpg,1895,1890,-5
26140.jpg,1895,1890,-5
26145.jpg,1895,1860,-35
26150.jpg,1895,1890,-5
26155.jpg,1895,1890,-5
26160.jpg,1895,1900,5
26165.jpg,1895,1850,-45
26170.jpg,1895,1905,10
26175.jpg,1895,1900,5
26180.jpg,1895,2008,113
26185.jpg,1895,1925,30
26190.jpg,1895,1890,-5
26195.jpg,1895,1850,-45
26200.jpg,1895,1950,55
26205.jpg,1895,1850,-45
26210.jpg,1895,1910,15
26215.jpg,1895,1850,-45
26220.jpg,1895,1900,5
26225.jpg,1895,1890,-5
26230.jpg,1895,1880,-15
26235.jpg,1895,1900,5
26240.jpg,1895,1980,85
26245.jpg,1895,1880,-15
26250.jpg,1895,1912,17
26255.jpg,1895,1900,5
26260.jpg,1895,1895,0
26265.jpg,1895,1890,-5
26270.jpg,1895,1880,-15
26275.jpg,1895,1890,-5
26280.jpg,1895,1890,-5
26285.jpg,1895,1890,-5
26290.jpg,1895,1890,-5
26295.jpg,1895,1890,-5
26300.jpg,1895,1890,-5
26305.jpg,1895,1900,5
26310.jpg,1895,1850,-45
26315.jpg,1895,1905,10
26320.jpg,1895,1890,-5
26325.jpg,1895,1880,-15
26330.jpg,1895,1890,-5
26335.jpg,1895,1900,5
26340.jpg,1895,1930,35
26345.jpg,1895,1900,5
26350.jpg,1895,1900,5
26355.jpg,1895,1900,5
26360.jpg,1895,1910,15
26365.jpg,1895,1900,5
26370.jpg,1895,1890,-5
26375.jpg,1895,1900,5
26380.jpg,1895,1890,-5
26385.jpg,1895,1850,-45
26390.jpg,1895,1850,-45
26395.jpg,1895,1905,10
26405.jpg,1895,1900,5
26410.jpg,1895,1895,0
26415.jpg,1895,1900,5
26420.jpg,1895,1890,-5
26425.jpg,1895,1895,0
26430.jpg,1895,1876,-19
26435.jpg,1895,1850,-45
26440.jpg,1895,1850,-45
26445.jpg,1895,1900,5
26450.jpg,1895,1920,25
26455.jpg,1895,1900,5
26460.jpg,1895,1850,-45
26465.jpg,1895,1905,10
26470.jpg,1895,1900,5
26475.jpg,1895,1901,6
26480.jpg,1895,1890,-5
26485.jpg,1895,1850,-45
26490.jpg,1896,1860,-36
26495.jpg,1896,1910,14
26500.jpg,1896,1900,4
26505.jpg,1896,1880,-16
26510.jpg,1896,1910,14
26515.jpg,1896,1820,-76
26520.jpg,1896,1900,4
26525.jpg,1896,1911,15
26530.jpg,1896,1940,44
26535.jpg,1896,1920,24
26540.jpg,1896,1905,9
26545.jpg,1896,1850,-46
26550.jpg,1896,1900,4
26555.jpg,1896,1980,84
26560.jpg,1896,1870,-26
26565.jpg,1896,1980,84
26570.jpg,1896,1980,84
26575.jpg,1896,1920,24
26580.jpg,1896,1910,14
26585.jpg,1896,1910,14
26590.jpg,1896,1890,-6
26595.jpg,1896,1900,4
26600.jpg,1896,1900,4
26605.jpg,1896,1910,14
26610.jpg,1896,1900,4
26620.jpg,1896,1900,4
26625.jpg,1896,1850,-46
26630.jpg,1896,1890,-6
26635.jpg,1896,1910,14
26640.jpg,1896,1850,-46
26645.jpg,1896,1900,4
26650.jpg,1896,1890,-6
26655.jpg,1896,1910,14
26665.jpg,1896,1890,-6
26670.jpg,1896,1900,4
26675.jpg,1896,1850,-46
26680.jpg,1896,1900,4
26685.jpg,1896,1890,-6
26690.jpg,1896,1930,34
26695.jpg,1896,1880,-16
26700.jpg,1896,1900,4
26705.jpg,1896,1880,-16
26710.jpg,1896,1850,-46
26715.jpg,1896,1895,-1
26720.jpg,1896,1905,9
26725.jpg,1896,1910,14
26730.jpg,1896,1900,4
26735.jpg,1896,1850,-46
26740.jpg,1896,1860,-36
26745.jpg,1896,1840,-56
26750.jpg,1896,1910,14
26760.jpg,1896,1875,-21
26765.jpg,1896,1910,14
26770.jpg,1896,1900,4
26775.jpg,1896,1930,34
26780.jpg,1896,1880,-16
26785.jpg,1896,1920,24
26790.jpg,1896,1910,14
26795.jpg,1896,1914,18
26800.jpg,1896,1900,4
26805.jpg,1896,1880,-16
26810.jpg,1896,1900,4
26815.jpg,1896,1900,4
26820.jpg,1896,1890,-6
26825.jpg,1896,1750,-146
26830.jpg,1896,1905,9
26835.jpg,1896,1900,4
26840.jpg,1896,1920,24
26845.jpg,1897,1930,33
26850.jpg,1897,1900,3
26855.jpg,1897,1895,-2
26860.jpg,1897,1900,3
26865.jpg,1897,1925,28
26870.jpg,1897,1920,23
26875.jpg,1897,1850,-47
26880.jpg,1897,1890,-7
26885.jpg,1897,1910,13
26890.jpg,1897,1900,3
26895.jpg,1897,1920,23
26900.jpg,1897,1900,3
26910.jpg,1897,1870,-27
26915.jpg,1897,1950,53
26920.jpg,1897,1925,28
26925.jpg,1897,1900,3
26930.jpg,1897,1870,-27
26935.jpg,1897,1900,3
26940.jpg,1897,1920,23
26945.jpg,1897,1890,-7
26950.jpg,1897,1905,8
26955.jpg,1897,1840,-57
26960.jpg,1897,1890,-7
26965.jpg,1897,1860,-37
26970.jpg,1897,1850,-47
26975.jpg,1897,1915,18
26980.jpg,1897,1900,3
26985.jpg,1897,1900,3
26990.jpg,1897,1890,-7
26995.jpg,1897,1870,-27
27000.jpg,1897,1920,23
27005.jpg,1897,1900,3
27010.jpg,1897,1900,3
27015.jpg,1897,1850,-47
27020.jpg,1897,1900,3
27025.jpg,1897,1870,-27
27030.jpg,1897,1890,-7
27035.jpg,1897,1920,23
27040.jpg,1897,1900,3
27045.jpg,1897,1890,-7
27050.jpg,1897,1920,23
27055.jpg,1897,1880,-17
27060.jpg,1897,1900,3
27065.jpg,1897,1890,-7
27070.jpg,1897,1950,53
27075.jpg,1897,1905,8
27080.jpg,1897,1885,-12
27085.jpg,1897,1890,-7
27090.jpg,1897,1910,13
27095.jpg,1897,1890,-7
27100.jpg,1897,1890,-7
27105.jpg,1897,1912,15
27110.jpg,1897,1250,-647
27115.jpg,1897,1820,-77
27120.jpg,1897,1820,-77
27125.jpg,1897,1920,23
27130.jpg,1897,1990,93
27135.jpg,1897,1910,13
27140.jpg,1897,1850,-47
27145.jpg,1897,1890,-7
27150.jpg,1897,1800,-97
27155.jpg,1898,1909,11
27160.jpg,1898,1910,12
27165.jpg,1898,1860,-38
27170.jpg,1898,1850,-48
27175.jpg,1898,1910,12
27180.jpg,1898,1895,-3
27185.jpg,1898,1920,22
27190.jpg,1898,1900,2
27195.jpg,1898,1910,12
27200.jpg,1898,1985,87
27205.jpg,1898,1930,32
27210.jpg,1898,1880,-18
27215.jpg,1898,1900,2
27220.jpg,1898,1925,27
27225.jpg,1898,1890,-8
27230.jpg,1898,1900,2
27235.jpg,1898,1910,12
27240.jpg,1898,1850,-48
27245.jpg,1898,1900,2
27255.jpg,1898,1900,2
27260.jpg,1898,1890,-8
27265.jpg,1898,1895,-3
27270.jpg,1898,1905,7
27275.jpg,1898,1880,-18
27280.jpg,1898,1850,-48
27285.jpg,1898,1890,-8
27290.jpg,1898,1900,2
27295.jpg,1898,1890,-8
27300.jpg,1898,1850,-48
27305.jpg,1898,1928,30
27310.jpg,1898,1890,-8
27315.jpg,1898,1850,-48
27320.jpg,1898,1890,-8
27325.jpg,1898,1900,2
27330.jpg,1898,1900,2
27335.jpg,1898,1890,-8
27340.jpg,1898,1900,2
27345.jpg,1898,1890,-8
27350.jpg,1898,1850,-48
27355.jpg,1898,1900,2
27360.jpg,1898,1880,-18
27365.jpg,1898,1890,-8
27370.jpg,1898,1890,-8
27380.jpg,1898,1890,-8
27385.jpg,1898,1950,52
27390.jpg,1898,1920,22
27395.jpg,1898,1910,12
27400.jpg,1898,1910,12
27405.jpg,1898,1900,2
27410.jpg,1898,1890,-8
27415.jpg,1898,1830,-68
27420.jpg,1898,1910,12
27425.jpg,1898,1850,-48
27430.jpg,1898,1900,2
27435.jpg,1898,1850,-48
27440.jpg,1898,1905,7
27445.jpg,1898,1920,22
27450.jpg,1898,1890,-8
27455.jpg,1898,1975,77
27465.jpg,1898,1920,22
27470.jpg,1898,1900,2
27475.jpg,1898,1900,2
27480.jpg,1898,1922,24
27485.jpg,1898,1895,-3
27490.jpg,1898,1890,-8
27495.jpg,1898,1900,2
27500.jpg,1898,1925,27
27505.jpg,1898,1905,7
27510.jpg,1898,1900,2
27515.jpg,1898,1900,2
27520.jpg,1898,1890,-8
27525.jpg,1898,1900,2
27530.jpg,1898,1900,2
27540.jpg,1899,1906,7
27545.jpg,1899,1965,66
27550.jpg,1899,1880,-19
27555.jpg,1899,1890,-9
27560.jpg,1899,1900,1
27565.jpg,1899,1905,6
27570.jpg,1899,1400,-499
27575.jpg,1899,1890,-9
27580.jpg,1899,1890,-9
27585.jpg,1899,1900,1
27590.jpg,1899,1900,1
27595.jpg,1899,1880,-19
27600.jpg,1899,1900,1
27605.jpg,1899,1910,11
27610.jpg,1899,1930,31
27615.jpg,1899,1850,-49
27620.jpg,1899,1830,-69
27625.jpg,1899,1870,-29
27630.jpg,1899,1925,26
27635.jpg,1899,1900,1
27640.jpg,1899,1880,-19
27645.jpg,1899,1900,1
27650.jpg,1899,1850,-49
27655.jpg,1899,1905,6
27660.jpg,1899,1850,-49
27665.jpg,1899,1890,-9
27670.jpg,1899,1850,-49
27675.jpg,1899,1885,-14
27680.jpg,1899,1700,-199
27685.jpg,1899,1910,11
27690.jpg,1899,1850,-49
27695.jpg,1899,1905,6
27700.jpg,1899,1890,-9
27705.jpg,1899,1905,6
27715.jpg,1899,1910,11
27720.jpg,1899,1910,11
27725.jpg,1899,1890,-9
27730.jpg,1899,1920,21
27735.jpg,1899,1920,21
27740.jpg,1899,1890,-9
27745.jpg,1899,1870,-29
27750.jpg,1899,1900,1
27755.jpg,1899,1910,11
27760.jpg,1899,1890,-9
27765.jpg,1899,1900,1
27770.jpg,1899,1870,-29
27775.jpg,1899,1850,-49
27780.jpg,1899,1950,51
27785.jpg,1899,1910,11
27790.jpg,1899,1875,-24
27795.jpg,1899,1900,1
27800.jpg,1899,1860,-39
27805.jpg,1899,1900,1
27810.jpg,1900,1770,-130
27815.jpg,1900,1900,0
27820.jpg,1900,1910,10
27825.jpg,1900,1860,-40
27830.jpg,1900,1910,10
27835.jpg,1900,2005,105
27840.jpg,1900,1900,0
27845.jpg,1900,1860,-40
27850.jpg,1900,1914,14
27855.jpg,1900,1850,-50
27860.jpg,1900,1905,5
27865.jpg,1900,1900,0
27870.jpg,1900,1890,-10
27875.jpg,1900,1890,-10
27880.jpg,1900,1920,20
27885.jpg,1900,1870,-30
27895.jpg,1900,1890,-10
27900.jpg,1900,1890,-10
27905.jpg,1900,1840,-60
27910.jpg,1900,1850,-50
27915.jpg,1900,1850,-50
27920.jpg,1900,1920,20
27925.jpg,1900,1925,25
27930.jpg,1900,2005,105
27935.jpg,1900,1900,0
27940.jpg,1900,1880,-20
27945.jpg,1900,1920,20
27950.jpg,1900,1880,-20
27955.jpg,1900,1900,0
27960.jpg,1900,1850,-50
27965.jpg,1900,1950,50
27970.jpg,1900,1890,-10
27975.jpg,1900,1900,0
27980.jpg,1900,1890,-10
27985.jpg,1900,1900,0
27990.jpg,1900,1900,0
27995.jpg,1900,1890,-10
28000.jpg,1900,1850,-50
28005.jpg,1900,1900,0
28010.jpg,1900,1900,0
28015.jpg,1900,1910,10
28020.jpg,1900,1945,45
28025.jpg,1900,1880,-20
28030.jpg,1900,1895,-5
28035.jpg,1900,1850,-50
28040.jpg,1900,1880,-20
28045.jpg,1900,1910,10
28050.jpg,1900,1890,-10
28055.jpg,1900,1850,-50
28060.jpg,1900,1895,-5
28065.jpg,1900,1890,-10
28070.jpg,1900,1890,-10
28075.jpg,1900,1850,-50
28080.jpg,1900,1990,90
28085.jpg,1900,1880,-20
28090.jpg,1900,1925,25
28095.jpg,1900,1850,-50
28100.jpg,1900,1910,10
28105.jpg,1900,1910,10
28110.jpg,1900,1910,10
28115.jpg,1900,1890,-10
28120.jpg,1900,1905,5
28125.jpg,1900,1890,-10
28130.jpg,1900,1810,-90
28135.jpg,1900,1890,-10
28140.jpg,1900,1890,-10
28145.jpg,1900,1550,-350
28150.jpg,1900,1900,0
28155.jpg,1900,1850,-50
28160.jpg,1900,1925,25
28165.jpg,1900,1950,50
28170.jpg,1900,1888,-12
28175.jpg,1900,1850,-50
28180.jpg,1901,1870,-31
28185.jpg,1901,1900,-1
28190.jpg,1901,1850,-51
28195.jpg,1901,1920,19
28200.jpg,1901,1980,79
28205.jpg,1901,1890,-11
28210.jpg,1901,1900,-1
28215.jpg,1901,1900,-1
28220.jpg,1901,1890,-11
28225.jpg,1901,1925,24
28230.jpg,1901,1910,9
28235.jpg,1901,1910,9
28240.jpg,1901,1908,7
28245.jpg,1901,1900,-1
28250.jpg,1901,1880,-21
28255.jpg,1901,1850,-51
28260.jpg,1901,1900,-1
28265.jpg,1901,1900,-1
28270.jpg,1901,1925,24
28275.jpg,1901,1930,29
28280.jpg,1901,1890,-11
28285.jpg,1901,1920,19
28290.jpg,1901,1920,19
28295.jpg,1901,1911,10
28300.jpg,1901,1853,-48
28305.jpg,1901,1950,49
28310.jpg,1901,1870,-31
28315.jpg,1901,1920,19
28320.jpg,1901,1880,-21
28325.jpg,1901,1910,9
28330.jpg,1901,1900,-1
28335.jpg,1901,1910,9
28340.jpg,1901,1880,-21
28345.jpg,1901,1900,-1
28350.jpg,1901,1920,19
28355.jpg,1901,1900,-1
28360.jpg,1901,1970,69
28365.jpg,1901,1890,-11
28370.jpg,1901,1780,-121
28375.jpg,1901,1890,-11
28380.jpg,1901,1900,-1
28385.jpg,1901,1910,9
28390.jpg,1901,1890,-11
28395.jpg,1901,1890,-11
28400.jpg,1901,1860,-41
28405.jpg,1901,1920,19
28410.jpg,1901,1905,4
28415.jpg,1901,1890,-11
28420.jpg,1901,1890,-11
28425.jpg,1901,1980,79
28430.jpg,1901,1913,12
28435.jpg,1901,1890,-11
28440.jpg,1901,1890,-11
28445.jpg,1901,1930,29
28450.jpg,1901,1850,-51
28455.jpg,1901,1895,-6
28460.jpg,1901,1915,14
28465.jpg,1901,1905,4
28470.jpg,1901,1912,11
28475.jpg,1901,1900,-1
28480.jpg,1901,1900,-1
28485.jpg,1901,1923,22
28490.jpg,1901,1910,9
28495.jpg,1901,1850,-51
28500.jpg,1901,1900,-1
28505.jpg,1901,1905,4
28510.jpg,1901,1874,-27
28515.jpg,1901,1900,-1
28520.jpg,1902,1905,3
28525.jpg,1902,1900,-2
28530.jpg,1902,1905,3
28535.jpg,1902,1905,3
28540.jpg,1902,1950,48
28545.jpg,1902,1970,68
28550.jpg,1902,1950,48
28555.jpg,1902,1900,-2
28560.jpg,1902,1930,28
28575.jpg,1902,1900,-2
28580.jpg,1902,1925,23
28585.jpg,1902,1895,-7
28590.jpg,1902,1840,-62
28595.jpg,1902,1905,3
28600.jpg,1902,1890,-12
28605.jpg,1902,1945,43
28610.jpg,1902,1890,-12
28615.jpg,1902,1900,-2
28620.jpg,1902,1950,48
28625.jpg,1902,1890,-12
28630.jpg,1902,1910,8
28635.jpg,1902,1900,-2
28640.jpg,1902,1890,-12
28645.jpg,1902,1850,-52
28650.jpg,1902,1830,-72
28655.jpg,1902,1850,-52
28660.jpg,1902,1980,78
28665.jpg,1902,1910,8
28670.jpg,1902,1850,-52
28675.jpg,1902,1910,8
28680.jpg,1902,1710,-192
28685.jpg,1902,1890,-12
28690.jpg,1902,1905,3
28695.jpg,1902,1910,8
28700.jpg,1902,1945,43
28705.jpg,1902,1890,-12
28710.jpg,1902,1870,-32
28715.jpg,1902,1890,-12
28720.jpg,1902,1890,-12
28725.jpg,1902,1900,-2
28730.jpg,1902,1900,-2
28735.jpg,1902,1905,3
28740.jpg,1902,1900,-2
28745.jpg,1902,1930,28
28750.jpg,1902,1850,-52
28755.jpg,1902,1900,-2
28760.jpg,1902,1935,33
28765.jpg,1902,1900,-2
28770.jpg,1902,1890,-12
28775.jpg,1902,1905,3
28780.jpg,1902,1890,-12
28785.jpg,1902,1915,13
28790.jpg,1902,1870,-32
28795.jpg,1902,1900,-2
28800.jpg,1902,1890,-12
28805.jpg,1902,1920,18
28810.jpg,1902,1870,-32
28815.jpg,1902,1910,8
28820.jpg,1902,1880,-22
28825.jpg,1902,1905,3
28830.jpg,1902,1850,-52
28835.jpg,1902,1890,-12
28840.jpg,1902,1900,-2
28845.jpg,1902,1890,-12
28850.jpg,1902,1910,8
28855.jpg,1902,1910,8
28860.jpg,1902,1910,8
28865.jpg,1902,1875,-27
28870.jpg,1902,1945,43
28875.jpg,1902,2000,98
28880.jpg,1902,1850,-52
28885.jpg,1902,1800,-102
28890.jpg,1902,1890,-12
28895.jpg,1902,1900,-2
28900.jpg,1902,1900,-2
28905.jpg,1902,1923,21
28910.jpg,1902,1900,-2
28915.jpg,1902,1900,-2
28920.jpg,1903,1870,-33
28925.jpg,1903,1900,-3
28930.jpg,1903,1900,-3
28935.jpg,1903,1900,-3
28940.jpg,1903,1910,7
28945.jpg,1903,1900,-3
28955.jpg,1903,1930,27
28960.jpg,1903,1901,-2
28965.jpg,1903,1905,2
28970.jpg,1903,1910,7
28975.jpg,1903,1890,-13
28980.jpg,1903,1900,-3
28985.jpg,1903,1920,17
28990.jpg,1903,1910,7
28995.jpg,1903,1949,46
29000.jpg,1903,1910,7
29005.jpg,1903,1890,-13
29010.jpg,1903,1915,12
29015.jpg,1903,1905,2
29020.jpg,1903,1910,7
29025.jpg,1903,1890,-13
29030.jpg,1903,1905,2
29035.jpg,1903,1905,2
29040.jpg,1903,1920,17
29045.jpg,1903,1905,2
29050.jpg,1903,2007,104
29055.jpg,1903,1920,17
29060.jpg,1903,1900,-3
29065.jpg,1903,1890,-13
29070.jpg,1903,1905,2
29075.jpg,1903,1955,52
29080.jpg,1903,1949,46
29085.jpg,1903,1830,-73
29090.jpg,1903,1850,-53
29095.jpg,1903,1900,-3
29100.jpg,1903,1945,42
29105.jpg,1903,1850,-53
29110.jpg,1903,1900,-3
29115.jpg,1903,1860,-43
29120.jpg,1903,1890,-13
29125.jpg,1903,1890,-13
29130.jpg,1903,1910,7
29135.jpg,1903,1850,-53
29140.jpg,1903,1920,17
29145.jpg,1903,1900,-3
29150.jpg,1903,1900,-3
29155.jpg,1903,1905,2
29160.jpg,1903,1890,-13
29165.jpg,1903,1890,-13
29170.jpg,1903,1915,12
29175.jpg,1903,1905,2
29180.jpg,1903,1905,2
29185.jpg,1903,1945,42
29190.jpg,1903,1905,2
29195.jpg,1903,1880,-23
29200.jpg,1903,1900,-3
29205.jpg,1903,1915,12
29210.jpg,1903,1900,-3
29215.jpg,1903,1910,7
29220.jpg,1903,1910,7
29225.jpg,1903,1860,-43
29230.jpg,1903,1870,-33
29235.jpg,1903,1850,-53
29240.jpg,1903,1970,67
29245.jpg,1903,1850,-53
29250.jpg,1903,1900,-3
29255.jpg,1903,1900,-3
29260.jpg,1903,1930,27
29265.jpg,1903,1920,17
29270.jpg,1903,1905,2
29275.jpg,1903,1900,-3
29280.jpg,1903,1905,2
29285.jpg,1903,1900,-3
29290.jpg,1903,1905,2
29295.jpg,1903,1890,-13
29300.jpg,1903,1995,92
29305.jpg,1903,1913,10
29310.jpg,1903,1850,-53
29315.jpg,1903,1900,-3
29320.jpg,1903,1950,47
29325.jpg,1903,1900,-3
29330.jpg,1903,1890,-13
29335.jpg,1903,1920,17
29340.jpg,1903,1880,-23
29345.jpg,1903,1910,7
29350.jpg,1903,1963,60
29355.jpg,1903,1900,-3
29360.jpg,1903,1940,37
29365.jpg,1903,1950,47
29370.jpg,1903,1950,47
29375.jpg,1903,1850,-53
29380.jpg,1904,1870,-34
29385.jpg,1904,1915,11
29390.jpg,1904,1880,-24
29395.jpg,1904,2005,101
29400.jpg,1904,1900,-4
29405.jpg,1904,1910,6
29410.jpg,1904,2005,101
29415.jpg,1904,1920,16
29420.jpg,1904,1890,-14
29425.jpg,1904,1920,16
29430.jpg,1904,1890,-14
29435.jpg,1904,1880,-24
29440.jpg,1904,1890,-14
29445.jpg,1904,1920,16
29450.jpg,1904,1900,-4
29455.jpg,1904,1910,6
29460.jpg,1904,1850,-54
29465.jpg,1904,1925,21
29470.jpg,1904,1990,86
29475.jpg,1904,1850,-54
29480.jpg,1904,2010,106
29485.jpg,1904,1900,-4
29490.jpg,1904,1910,6
29495.jpg,1904,1900,-4
29500.jpg,1904,2000,96
29505.jpg,1904,1911,7
29510.jpg,1904,1890,-14
29515.jpg,1904,1895,-9
29520.jpg,1904,1905,1
29525.jpg,1904,1905,1
29530.jpg,1904,1880,-24
29535.jpg,1904,1900,-4
29540.jpg,1904,1900,-4
29550.jpg,1904,1840,-64
29555.jpg,1904,1930,26
29560.jpg,1904,1900,-4
29565.jpg,1904,1915,11
29570.jpg,1904,1850,-54
29575.jpg,1904,1880,-24
29580.jpg,1904,1900,-4
29585.jpg,1904,1870,-34
29590.jpg,1904,1900,-4
29595.jpg,1904,1850,-54
29600.jpg,1904,1900,-4
29605.jpg,1904,1965,61
29610.jpg,1904,1900,-4
29615.jpg,1904,1930,26
29620.jpg,1904,1890,-14
29625.jpg,1904,1910,6
29630.jpg,1904,1900,-4
29635.jpg,1904,1750,-154
29640.jpg,1904,1840,-64
29645.jpg,1904,1900,-4
29650.jpg,1904,1870,-34
29655.jpg,1904,1915,11
29660.jpg,1904,1920,16
29665.jpg,1904,1990,86
29670.jpg,1904,1910,6
29675.jpg,1904,1970,66
29680.jpg,1904,1890,-14
29685.jpg,1904,1850,-54
29690.jpg,1904,1900,-4
29695.jpg,1904,1900,-4
29700.jpg,1904,1900,-4
29705.jpg,1904,1710,-194
29710.jpg,1904,1850,-54
29715.jpg,1904,1910,6
29720.jpg,1904,1890,-14
29725.jpg,1904,1930,26
29730.jpg,1904,1890,-14
29735.jpg,1904,1890,-14
29740.jpg,1904,1955,51
29745.jpg,1904,1925,21
29750.jpg,1904,1900,-4
29755.jpg,1904,1850,-54
29760.jpg,1904,1900,-4
29765.jpg,1904,1900,-4
29770.jpg,1904,1900,-4
29775.jpg,1904,1970,66
29780.jpg,1904,1904,0
29790.jpg,1904,1910,6
29795.jpg,1904,1900,-4
29800.jpg,1904,1880,-24
29805.jpg,1904,1920,16
29810.jpg,1904,1900,-4
29815.jpg,1904,1850,-54
29820.jpg,1904,1910,6
29825.jpg,1904,1890,-14
29830.jpg,1905,1850,-55
29835.jpg,1905,1990,85
29840.jpg,1905,1890,-15
29845.jpg,1905,1900,-5
29850.jpg,1905,1990,85
29855.jpg,1905,1909,4
29860.jpg,1905,2005,100
29865.jpg,1905,1890,-15
29870.jpg,1905,1840,-65
29875.jpg,1905,1910,5
29880.jpg,1905,1890,-15
29885.jpg,1905,1985,80
29890.jpg,1905,1850,-55
29895.jpg,1905,1905,0
29900.jpg,1905,1920,15
29905.jpg,1905,1910,5
29910.jpg,1905,1929,24
29915.jpg,1905,1850,-55
29920.jpg,1905,1910,5
29925.jpg,1905,1920,15
29930.jpg,1905,1880,-25
29935.jpg,1905,1900,-5
29940.jpg,1905,1890,-15
29945.jpg,1905,1900,-5
29950.jpg,1905,1900,-5
29960.jpg,1905,1900,-5
29965.jpg,1905,1890,-15
29970.jpg,1905,1880,-25
29975.jpg,1905,1905,0
29980.jpg,1905,1940,35
29985.jpg,1905,1900,-5
29990.jpg,1905,1881,-24
29995.jpg,1905,1850,-55
30000.jpg,1905,1850,-55
30005.jpg,1905,1900,-5
30015.jpg,1905,1880,-25
30020.jpg,1905,1880,-25
30025.jpg,1905,1890,-15
30030.jpg,1905,1890,-15
30035.jpg,1905,1920,15
30040.jpg,1905,1970,65
30045.jpg,1905,1750,-155
30050.jpg,1905,1900,-5
30055.jpg,1905,1935,30
30060.jpg,1905,1890,-15
30065.jpg,1905,1900,-5
30070.jpg,1905,1980,75
30075.jpg,1905,1900,-5
30080.jpg,1905,1920,15
30085.jpg,1905,1955,50
30090.jpg,1905,1905,0
30095.jpg,1905,1905,0
30100.jpg,1905,1850,-55
30105.jpg,1905,1890,-15
30110.jpg,1905,1950,45
30115.jpg,1905,1880,-25
30120.jpg,1905,1905,0
30125.jpg,1905,1880,-25
30130.jpg,1905,1850,-55
30135.jpg,1905,1890,-15
30140.jpg,1905,1900,-5
30145.jpg,1905,1860,-45
30155.jpg,1905,1870,-35
30160.jpg,1905,1980,75
30165.jpg,1905,1840,-65
30170.jpg,1905,1890,-15
30175.jpg,1905,1850,-55
30180.jpg,1905,1950,45
30185.jpg,1905,1900,-5
30190.jpg,1905,1890,-15
30195.jpg,1905,1850,-55
30200.jpg,1905,1920,15
30205.jpg,1905,1925,20
30210.jpg,1905,1750,-155
30215.jpg,1905,1980,75
30220.jpg,1905,1850,-55
30225.jpg,1905,1905,0
30230.jpg,1905,1970,65
30235.jpg,1905,1890,-15
30240.jpg,1905,1910,5
30245.jpg,1905,1890,-15
30250.jpg,1905,1900,-5
30255.jpg,1905,1920,15
30260.jpg,1905,1905,0
30265.jpg,1905,1850,-55
30270.jpg,1905,1920,15
30275.jpg,1905,1915,10
30280.jpg,1905,1890,-15
30285.jpg,1905,1890,-15
30290.jpg,1905,1900,-5
30295.jpg,1906,1890,-16
30300.jpg,1906,1890,-16
30305.jpg,1906,1925,19
30310.jpg,1906,1905,-1
30315.jpg,1906,1900,-6
30320.jpg,1906,1990,84
30325.jpg,1906,1900,-6
30330.jpg,1906,1870,-36
30335.jpg,1906,1950,44
30340.jpg,1906,1920,14
30345.jpg,1906,1900,-6
30350.jpg,1906,1940,34
30355.jpg,1906,1925,19
30360.jpg,1906,1910,4
30365.jpg,1906,1920,14
30370.jpg,1906,1905,-1
30375.jpg,1906,1925,19
30380.jpg,1906,1940,34
30385.jpg,1906,1850,-56
30390.jpg,1906,1850,-56
30395.jpg,1906,1860,-46
30400.jpg,1906,1925,19
30405.jpg,1906,1900,-6
30410.jpg,1906,1920,14
30415.jpg,1906,1925,19
30420.jpg,1906,1925,19
30425.jpg,1906,1900,-6
30430.jpg,1906,1890,-16
30435.jpg,1906,1890,-16
30440.jpg,1906,1980,74
30445.jpg,1906,1850,-56
30450.jpg,1906,1870,-36
30455.jpg,1906,1875,-31
30460.jpg,1906,1910,4
30465.jpg,1906,1870,-36
30470.jpg,1906,1850,-56
30475.jpg,1906,1890,-16
30480.jpg,1906,1920,14
30485.jpg,1906,1890,-16
30490.jpg,1906,1800,-106
30495.jpg,1906,1900,-6
30500.jpg,1906,1980,74
30505.jpg,1906,1980,74
30510.jpg,1906,1910,4
30515.jpg,1906,1910,4
30520.jpg,1906,1890,-16
30525.jpg,1906,1850,-56
30530.jpg,1906,1895,-11
30535.jpg,1906,1900,-6
30540.jpg,1906,1840,-66
30545.jpg,1906,1940,34
30550.jpg,1906,1850,-56
30555.jpg,1906,1905,-1
30560.jpg,1906,1890,-16
30565.jpg,1906,1900,-6
30570.jpg,1906,1890,-16
30575.jpg,1906,1930,24
30580.jpg,1906,1900,-6
30585.jpg,1906,1890,-16
30590.jpg,1906,1850,-56
30595.jpg,1906,1920,14
30600.jpg,1906,1860,-46
30605.jpg,1906,1890,-16
30610.jpg,1906,1890,-16
30615.jpg,1906,1990,84
30620.jpg,1906,1905,-1
30625.jpg,1906,1855,-51
30630.jpg,1906,1890,-16
30635.jpg,1906,1930,24
30640.jpg,1906,1925,19
30645.jpg,1906,1300,-606
30650.jpg,1906,1852,-54
30655.jpg,1906,1850,-56
30665.jpg,1906,1900,-6
30670.jpg,1906,1905,-1
30685.jpg,1906,1905,-1
30690.jpg,1906,1950,44
30695.jpg,1906,1920,14
30700.jpg,1906,1985,79
30705.jpg,1906,1900,-6
30710.jpg,1906,1940,34
30715.jpg,1906,1975,69
30720.jpg,1906,1905,-1
30725.jpg,1906,1925,19
30730.jpg,1906,1910,4
30740.jpg,1906,1850,-56
30745.jpg,1906,1914,8
30750.jpg,1906,1920,14
30760.jpg,1907,1925,18
30765.jpg,1907,1925,18
30770.jpg,1907,1910,3
30780.jpg,1907,1965,58
30785.jpg,1907,1900,-7
30790.jpg,1907,1990,83
30795.jpg,1907,1880,-27
30800.jpg,1907,1905,-2
30805.jpg,1907,1900,-7
30810.jpg,1907,1898,-9
30815.jpg,1907,1910,3
30820.jpg,1907,1900,-7
30825.jpg,1907,1915,8
30830.jpg,1907,1915,8
30835.jpg,1907,1925,18
30840.jpg,1907,1925,18
30845.jpg,1907,1925,18
30855.jpg,1907,1910,3
30860.jpg,1907,1920,13
30865.jpg,1907,1905,-2
30870.jpg,1907,1910,3
30875.jpg,1907,1920,13
30880.jpg,1907,1920,13
30885.jpg,1907,1864,-43
30895.jpg,1907,1980,73
30900.jpg,1907,1890,-17
30905.jpg,1907,1911,4
30910.jpg,1907,1980,73
30915.jpg,1907,1990,83
30920.jpg,1907,1965,58
30925.jpg,1907,1900,-7
30930.jpg,1907,1900,-7
30935.jpg,1907,1910,3
30940.jpg,1907,1900,-7
30945.jpg,1907,1910,3
30950.jpg,1907,1980,73
30955.jpg,1907,1850,-57
30960.jpg,1907,1890,-17
30965.jpg,1907,1935,28
30970.jpg,1907,1890,-17
30975.jpg,1907,1850,-57
30980.jpg,1907,1900,-7
30985.jpg,1907,1910,3
30990.jpg,1907,1850,-57
30995.jpg,1907,1960,53
31000.jpg,1907,1850,-57
31005.jpg,1907,1870,-37
31010.jpg,1907,1920,13
31015.jpg,1907,1900,-7
31020.jpg,1907,1890,-17
31025.jpg,1907,1925,18
31030.jpg,1907,1920,13
31035.jpg,1907,1910,3
31040.jpg,1907,1900,-7
31045.jpg,1907,1900,-7
31050.jpg,1907,1910,3
31055.jpg,1907,1830,-77
31060.jpg,1907,1840,-67
31065.jpg,1907,1890,-17
31070.jpg,1907,1900,-7
31075.jpg,1907,1890,-17
31080.jpg,1907,1900,-7
31085.jpg,1907,1900,-7
31090.jpg,1907,1890,-17
31095.jpg,1907,1870,-37
31100.jpg,1907,1900,-7
31105.jpg,1907,1850,-57
31110.jpg,1907,1975,68
31115.jpg,1907,1895,-12
31120.jpg,1907,1905,-2
31125.jpg,1907,1900,-7
31130.jpg,1907,1910,3
31135.jpg,1907,1850,-57
31140.jpg,1907,1912,5
31150.jpg,1907,1890,-17
31155.jpg,1907,1880,-27
31160.jpg,1907,1920,13
31165.jpg,1907,1920,13
31170.jpg,1907,1950,43
31175.jpg,1907,1900,-7
31180.jpg,1907,1900,-7
31185.jpg,1907,1900,-7
31190.jpg,1907,1975,68
31195.jpg,1907,1920,13
31200.jpg,1907,1990,83
31205.jpg,1907,1900,-7
31210.jpg,1907,1870,-37
31215.jpg,1907,1920,13
31220.jpg,1907,1900,-7
31225.jpg,1907,1935,28
31230.jpg,1907,1900,-7
31235.jpg,1907,1850,-57
31240.jpg,1907,1900,-7
31245.jpg,1907,1900,-7
31250.jpg,1907,1905,-2
31255.jpg,1907,1890,-17
31260.jpg,1907,1910,3
31265.jpg,1907,1868,-39
31270.jpg,1907,1800,-107
31275.jpg,1907,1900,-7
31280.jpg,1907,1890,-17
31285.jpg,1907,2005,98
31290.jpg,1907,1902,-5
31295.jpg,1907,1995,88
31300.jpg,1907,1963,56
31305.jpg,1907,1910,3
31310.jpg,1908,1850,-58
31315.jpg,1908,1910,2
31320.jpg,1908,1955,47
31325.jpg,1908,1912,4
31330.jpg,1908,1600,-308
31335.jpg,1908,1910,2
31345.jpg,1908,1950,42
31350.jpg,1908,1910,2
31355.jpg,1908,1850,-58
31360.jpg,1908,1900,-8
31365.jpg,1908,1905,-3
31370.jpg,1908,1920,12
31380.jpg,1908,1840,-68
31385.jpg,1908,1900,-8
31390.jpg,1908,1905,-3
31395.jpg,1908,1915,7
31400.jpg,1908,1928,20
31405.jpg,1908,1950,42
31410.jpg,1908,1905,-3
31415.jpg,1908,1915,7
31420.jpg,1908,1850,-58
31425.jpg,1908,1990,82
31430.jpg,1908,1900,-8
31435.jpg,1908,1975,67
31440.jpg,1908,1920,12
31445.jpg,1908,1900,-8
31450.jpg,1908,1900,-8
31455.jpg,1908,1925,17
31460.jpg,1908,1900,-8
31465.jpg,1908,1920,12
31470.jpg,1908,1890,-18
31475.jpg,1908,1850,-58
31480.jpg,1908,1850,-58
31485.jpg,1908,1870,-38
31490.jpg,1908,1870,-38
31500.jpg,1908,1900,-8
31505.jpg,1908,1890,-18
31510.jpg,1908,1900,-8
31515.jpg,1908,1900,-8
31520.jpg,1908,1910,2
31525.jpg,1908,1913,5
31530.jpg,1908,1995,87
31535.jpg,1908,1900,-8
31540.jpg,1908,1890,-18
31545.jpg,1908,1900,-8
31550.jpg,1908,1900,-8
31555.jpg,1908,1890,-18
31560.jpg,1908,1890,-18
31565.jpg,1908,1800,-108
31570.jpg,1908,1700,-208
31575.jpg,1908,1840,-68
31580.jpg,1908,1920,12
31585.jpg,1908,1900,-8
31590.jpg,1908,1900,-8
31595.jpg,1908,1885,-23
31600.jpg,1908,1890,-18
31605.jpg,1908,1950,42
31610.jpg,1908,1840,-68
31620.jpg,1908,1955,47
31625.jpg,1908,1985,77
31630.jpg,1908,1890,-18
31635.jpg,1908,1910,2
31640.jpg,1908,1900,-8
31645.jpg,1908,1900,-8
31650.jpg,1908,1950,42
31655.jpg,1908,1870,-38
31660.jpg,1908,1900,-8
31665.jpg,1908,1890,-18
31670.jpg,1908,1885,-23
31675.jpg,1908,1900,-8
31680.jpg,1908,1880,-28
31685.jpg,1908,1900,-8
31690.jpg,1908,1910,2
31695.jpg,1908,1920,12
31700.jpg,1908,1890,-18
31705.jpg,1908,1870,-38
31710.jpg,1908,1905,-3
31715.jpg,1908,1875,-33
31720.jpg,1908,1900,-8
31725.jpg,1908,1900,-8
31730.jpg,1908,1890,-18
31735.jpg,1908,1930,22
31740.jpg,1908,1936,28
31745.jpg,1908,1920,12
31750.jpg,1908,1900,-8
31755.jpg,1908,1890,-18
31760.jpg,1908,1900,-8
31765.jpg,1909,1915,6
31770.jpg,1909,1900,-9
31775.jpg,1909,1900,-9
31780.jpg,1909,1850,-59
31785.jpg,1909,2010,101
31790.jpg,1909,1995,86
31805.jpg,1909,1970,61
31815.jpg,1909,1905,-4
31820.jpg,1909,1930,21
31825.jpg,1909,1900,-9
31830.jpg,1909,1905,-4
31835.jpg,1909,2005,96
31840.jpg,1909,1910,1
31845.jpg,1909,1890,-19
31850.jpg,1909,1890,-19
31855.jpg,1909,1920,11
31860.jpg,1909,1900,-9
31865.jpg,1909,1913,4
31870.jpg,1909,1905,-4
31875.jpg,1909,1912,3
31880.jpg,1909,1914,5
31885.jpg,1909,1925,16
31890.jpg,1909,1925,16
31895.jpg,1909,1910,1
31900.jpg,1909,1905,-4
31905.jpg,1909,1910,1
31910.jpg,1909,1925,16
31915.jpg,1909,1870,-39
31920.jpg,1909,1890,-19
31925.jpg,1909,1995,86
31930.jpg,1909,1850,-59
31935.jpg,1909,1900,-9
31940.jpg,1909,1890,-19
31945.jpg,1909,1900,-9
31950.jpg,1909,1913,4
31955.jpg,1909,1905,-4
31960.jpg,1909,1963,54
31970.jpg,1909,1900,-9
31975.jpg,1909,1910,1
31980.jpg,1909,1925,16
31985.jpg,1909,1890,-19
31990.jpg,1909,1920,11
31995.jpg,1909,1930,21
32005.jpg,1909,1850,-59
32015.jpg,1909,1890,-19
32020.jpg,1909,1920,11
32025.jpg,1909,1850,-59
32030.jpg,1909,1925,16
32035.jpg,1909,1870,-39
32045.jpg,1909,1850,-59
32050.jpg,1909,1890,-19
32055.jpg,1909,1910,1
32060.jpg,1909,1930,21
32065.jpg,1909,1900,-9
32070.jpg,1909,1890,-19
32075.jpg,1909,1920,11
32080.jpg,1909,1850,-59
32085.jpg,1909,1920,11
32090.jpg,1909,1890,-19
32095.jpg,1909,1910,1
32100.jpg,1909,1910,1
32105.jpg,1909,1955,46
32110.jpg,1909,1850,-59
32115.jpg,1909,1910,1
32120.jpg,1909,1915,6
32125.jpg,1909,1900,-9
32130.jpg,1909,1920,11
32135.jpg,1909,1900,-9
32140.jpg,1909,1923,14
32145.jpg,1909,1900,-9
32150.jpg,1909,1500,-409
32155.jpg,1909,1920,11
32160.jpg,1909,1900,-9
32165.jpg,1909,1910,1
32170.jpg,1909,1925,16
32175.jpg,1909,1890,-19
32180.jpg,1909,1920,11
32185.jpg,1909,1890,-19
32190.jpg,1909,1882,-27
32195.jpg,1909,1910,1
32200.jpg,1909,1900,-9
32205.jpg,1909,1925,16
32210.jpg,1909,1895,-14
32215.jpg,1909,1903,-6
32220.jpg,1909,1900,-9
32225.jpg,1909,1935,26
32230.jpg,1910,1850,-60
32235.jpg,1910,1900,-10
32240.jpg,1910,1920,10
32245.jpg,1910,2005,95
32255.jpg,1910,1923,13
32260.jpg,1910,1945,35
32265.jpg,1910,120,-1790
32270.jpg,1910,1985,75
32275.jpg,1910,1975,65
32280.jpg,1910,1923,13
32285.jpg,1910,1850,-60
32290.jpg,1910,1900,-10
32295.jpg,1910,1910,0
32300.jpg,1910,1870,-40
32305.jpg,1910,1910,0
32310.jpg,1910,1890,-20
32315.jpg,1910,1900,-10
32320.jpg,1910,1890,-20
32325.jpg,1910,1920,10
32330.jpg,1910,1925,15
32335.jpg,1910,1920,10
32340.jpg,1910,1830,-80
32345.jpg,1910,1890,-20
32350.jpg,1910,1850,-60
32355.jpg,1910,1925,15
32360.jpg,1910,1930,20
32365.jpg,1910,1980,70
32370.jpg,1910,1985,75
32375.jpg,1910,1915,5
32380.jpg,1910,1890,-20
32385.jpg,1910,1975,65
32390.jpg,1910,1990,80
32395.jpg,1910,1891,-19
32400.jpg,1910,1886,-24
32405.jpg,1910,1800,-110
32410.jpg,1910,1900,-10
32415.jpg,1910,1850,-60
32420.jpg,1910,1850,-60
32425.jpg,1910,1850,-60
32430.jpg,1910,1900,-10
32435.jpg,1910,1900,-10
32440.jpg,1910,1910,0
32445.jpg,1910,1900,-10
32450.jpg,1910,1915,5
32455.jpg,1910,1850,-60
32460.jpg,1910,1890,-20
32465.jpg,1910,1900,-10
32470.jpg,1910,1850,-60
32475.jpg,1910,1900,-10
32480.jpg,1910,1920,10
32485.jpg,1910,1925,15
32490.jpg,1910,1850,-60
32495.jpg,1910,1955,45
32500.jpg,1910,1902,-8
32505.jpg,1910,1910,0
32510.jpg,1910,1900,-10
32515.jpg,1910,1937,27
32520.jpg,1910,1900,-10
32525.jpg,1910,1850,-60
32530.jpg,1910,1900,-10
32535.jpg,1910,1950,40
32540.jpg,1910,1930,20
32545.jpg,1910,1925,15
32550.jpg,1910,1910,0
32555.jpg,1910,1962,52
32560.jpg,1910,1995,85
32565.jpg,1910,1905,-5
32570.jpg,1910,1890,-20
32575.jpg,1910,1890,-20
32580.jpg,1910,1950,40
32585.jpg,1910,1920,10
32590.jpg,1910,1890,-20
32595.jpg,1910,1910,0
32600.jpg,1910,1904,-6
32605.jpg,1910,1700,-210
32610.jpg,1910,1910,0
32615.jpg,1910,1900,-10
32620.jpg,1910,1910,0
32625.jpg,1910,1850,-60
32630.jpg,1910,1910,0
32635.jpg,1910,1910,0
32640.jpg,1910,1890,-20
32645.jpg,1910,1900,-10
32650.jpg,1910,1850,-60
32655.jpg,1910,1950,40
32660.jpg,1910,1910,0
32665.jpg,1910,1905,-5
32675.jpg,1910,1900,-10
32680.jpg,1910,1950,40
32685.jpg,1910,1910,0
32690.jpg,1910,1890,-20
32695.jpg,1910,1900,-10
32700.jpg,1910,1923,13
32705.jpg,1910,1850,-60
32710.jpg,1910,1900,-10
32715.jpg,1910,1900,-10
32720.jpg,1910,1900,-10
32725.jpg,1910,1910,0
32730.jpg,1910,1950,40
32735.jpg,1910,1900,-10
32740.jpg,1911,1960,49
32745.jpg,1911,1930,19
32750.jpg,1911,1925,14
32755.jpg,1911,1935,24
32760.jpg,1911,1890,-21
32765.jpg,1911,1895,-16
32770.jpg,1911,1891,-20
32775.jpg,1911,1925,14
32780.jpg,1911,1950,39
32785.jpg,1911,2000,89
32790.jpg,1911,1905,-6
32795.jpg,1911,1913,2
32800.jpg,1911,1960,49
32805.jpg,1911,1890,-21
32810.jpg,1911,1900,-11
32815.jpg,1911,1850,-61
32820.jpg,1911,1925,14
32825.jpg,1911,1925,14
32830.jpg,1911,1900,-11
32835.jpg,1911,1900,-11
32840.jpg,1911,1985,74
32845.jpg,1911,1900,-11
32850.jpg,1911,1920,9
32855.jpg,1911,1925,14
32860.jpg,1911,1990,79
32865.jpg,1911,1900,-11
32870.jpg,1911,1900,-11
32875.jpg,1911,1900,-11
32885.jpg,1911,1890,-21
32890.jpg,1911,1900,-11
32895.jpg,1911,1880,-31
32900.jpg,1911,1895,-16
32905.jpg,1911,1890,-21
32910.jpg,1911,1945,34
32915.jpg,1911,1910,-1
32920.jpg,1911,1900,-11
32925.jpg,1911,1910,-1
32930.jpg,1911,1900,-11
32935.jpg,1911,1965,54
32940.jpg,1911,1910,-1
32945.jpg,1911,1850,-61
32950.jpg,1911,2010,99
32955.jpg,1911,1890,-21
32960.jpg,1911,1910,-1
32965.jpg,1911,1990,79
32970.jpg,1911,1875,-36
32975.jpg,1911,1850,-61
32980.jpg,1911,1890,-21
32985.jpg,1911,1905,-6
32990.jpg,1911,1890,-21
32995.jpg,1911,1890,-21
33000.jpg,1911,1950,39
33005.jpg,1911,1760,-151
33010.jpg,1911,1950,39
33015.jpg,1911,1890,-21
33020.jpg,1911,1900,-11
33025.jpg,1911,1880,-31
33030.jpg,1911,1890,-21
33035.jpg,1911,1950,39
33040.jpg,1911,1890,-21
33045.jpg,1911,1850,-61
33050.jpg,1911,1990,79
33055.jpg,1911,1900,-11
33060.jpg,1911,1915,4
33065.jpg,1911,1900,-11
33070.jpg,1911,1920,9
33075.jpg,1911,1910,-1
33080.jpg,1911,1915,4
33085.jpg,1911,1900,-11
33090.jpg,1911,1890,-21
33095.jpg,1911,1890,-21
33100.jpg,1911,1650,-261
33105.jpg,1911,1890,-21
33110.jpg,1911,1870,-41
33115.jpg,1911,1850,-61
33120.jpg,1911,1920,9
33125.jpg,1911,1935,24
33130.jpg,1911,1920,9
33135.jpg,1911,1890,-21
33140.jpg,1911,1880,-31
33145.jpg,1911,1900,-11
33150.jpg,1911,1300,-611
33155.jpg,1911,1975,64
33160.jpg,1911,1925,14
33165.jpg,1911,1905,-6
33170.jpg,1911,1920,9
33175.jpg,1911,1900,-11
33180.jpg,1911,1990,79
33185.jpg,1911,1900,-11
33190.jpg,1911,1920,9
33195.jpg,1911,2021,110
33200.jpg,1911,1880,-31
33205.jpg,1911,1890,-21
33210.jpg,1911,1885,-26
33215.jpg,1911,1890,-21
33220.jpg,1911,1910,-1
33225.jpg,1911,1980,69
33230.jpg,1911,1880,-31
33235.jpg,1911,1840,-71
33240.jpg,1911,1785,-126
33245.jpg,1911,1920,9
33250.jpg,1911,1900,-11
33255.jpg,1911,1920,9
33260.jpg,1911,1910,-1
33265.jpg,1911,1910,-1
33270.jpg,1911,1890,-21
33275.jpg,1911,1924,13
33280.jpg,1912,1890,-22
33285.jpg,1912,1901,-11
33290.jpg,1912,1905,-7
33295.jpg,1912,1890,-22
33300.jpg,1912,1900,-12
33310.jpg,1912,1950,38
33315.jpg,1912,1970,58
33320.jpg,1912,1995,83
33325.jpg,1912,1921,9
33330.jpg,1912,1930,18
33335.jpg,1912,1900,-12
33340.jpg,1912,1900,-12
33345.jpg,1912,1900,-12
33350.jpg,1912,1860,-52
33355.jpg,1912,1925,13
33360.jpg,1912,1920,8
33365.jpg,1912,1910,-2
33375.jpg,1912,1925,13
33380.jpg,1912,1940,28
33385.jpg,1912,1900,-12
33390.jpg,1912,1914,2
33395.jpg,1912,1965,53
33400.jpg,1912,1925,13
33405.jpg,1912,2010,98
33410.jpg,1912,1900,-12
33415.jpg,1912,1900,-12
33420.jpg,1912,1912,0
33425.jpg,1912,1910,-2
33430.jpg,1912,1905,-7
33435.jpg,1912,1920,8
33440.jpg,1912,1900,-12
33445.jpg,1912,1910,-2
33450.jpg,1912,1900,-12
33455.jpg,1912,1880,-32
33460.jpg,1912,1900,-12
33465.jpg,1912,1895,-17
33470.jpg,1912,1920,8
33475.jpg,1912,1905,-7
33480.jpg,1912,1900,-12
33485.jpg,1912,1980,68
33490.jpg,1912,1880,-32
33495.jpg,1912,1950,38
33500.jpg,1912,1940,28
33505.jpg,1912,1880,-32
33510.jpg,1912,1940,28
33515.jpg,1912,1890,-22
33520.jpg,1912,1925,13
33525.jpg,1912,1910,-2
33530.jpg,1912,1900,-12
33535.jpg,1912,1890,-22
33540.jpg,1912,1890,-22
33545.jpg,1912,1945,33
33550.jpg,1912,1923,11
33555.jpg,1912,1900,-12
33560.jpg,1912,1904,-8
33565.jpg,1912,1955,43
33570.jpg,1912,1900,-12
33580.jpg,1912,1770,-142
33585.jpg,1912,1850,-62
33590.jpg,1912,1880,-32
33595.jpg,1912,1900,-12
33600.jpg,1912,1890,-22
33605.jpg,1912,1900,-12
33615.jpg,1912,1900,-12
33620.jpg,1912,1985,73
33625.jpg,1912,1900,-12
33630.jpg,1912,1920,8
33635.jpg,1912,1990,78
33640.jpg,1912,1890,-22
33645.jpg,1912,1900,-12
33650.jpg,1912,1900,-12
33655.jpg,1912,1925,13
33660.jpg,1912,1890,-22
33665.jpg,1912,1875,-37
33670.jpg,1912,1910,-2
33675.jpg,1912,1995,83
33680.jpg,1912,1900,-12
33685.jpg,1912,1925,13
33690.jpg,1912,1960,48
33695.jpg,1912,1862,-50
33700.jpg,1912,1920,8
33705.jpg,1912,1900,-12
33710.jpg,1912,1918,6
33715.jpg,1912,1925,13
33720.jpg,1912,1905,-7
33725.jpg,1912,1920,8
33735.jpg,1912,1900,-12
33740.jpg,1912,1900,-12
33745.jpg,1912,1990,78
33750.jpg,1912,1870,-42
33755.jpg,1912,1900,-12
33760.jpg,1912,1850,-62
33765.jpg,1913,1900,-13
33770.jpg,1913,1830,-83
33775.jpg,1913,1920,7
33780.jpg,1913,1905,-8
33785.jpg,1913,1910,-3
33790.jpg,1913,1900,-13
33795.jpg,1913,1870,-43
33800.jpg,1913,1950,37
33805.jpg,1913,1900,-13
33810.jpg,1913,1923,10
33815.jpg,1913,1985,72
33820.jpg,1913,1900,-13
33825.jpg,1913,1925,12
33830.jpg,1913,1900,-13
33840.jpg,1913,1925,12
33845.jpg,1913,1913,0
33850.jpg,1913,1928,15
33855.jpg,1913,1950,37
33860.jpg,1913,1890,-23
33865.jpg,1913,1890,-23
33870.jpg,1913,1905,-8
33875.jpg,1913,1900,-13
33880.jpg,1913,1917,4
33885.jpg,1913,1920,7
33890.jpg,1913,1920,7
33895.jpg,1913,1920,7
33900.jpg,1913,1910,-3
33905.jpg,1913,1905,-8
33910.jpg,1913,1920,7
33915.jpg,1913,1850,-63
33920.jpg,1913,1900,-13
33925.jpg,1913,1990,77
33930.jpg,1913,1935,22
33935.jpg,1913,1920,7
33940.jpg,1913,1925,12
33945.jpg,1913,1925,12
33950.jpg,1913,1840,-73
33955.jpg,1913,2010,97
33960.jpg,1913,1900,-13
33965.jpg,1913,1910,-3
33970.jpg,1913,1920,7
33975.jpg,1913,1900,-13
33980.jpg,1913,1970,57
33985.jpg,1913,1970,57
33990.jpg,1913,1860,-53
33995.jpg,1913,1900,-13
34000.jpg,1913,1920,7
34005.jpg,1913,1950,37
34010.jpg,1913,1870,-43
34015.jpg,1913,1870,-43
34020.jpg,1913,1890,-23
34025.jpg,1913,1985,72
34030.jpg,1913,1900,-13
34035.jpg,1913,1900,-13
34040.jpg,1913,1920,7
34045.jpg,1913,1925,12
34050.jpg,1913,1900,-13
34055.jpg,1913,1900,-13
34060.jpg,1913,1900,-13
34065.jpg,1913,1900,-13
34070.jpg,1913,1900,-13
34080.jpg,1913,1870,-43
34085.jpg,1913,1850,-63
34090.jpg,1913,1925,12
34095.jpg,1913,1950,37
34100.jpg,1913,1900,-13
34105.jpg,1913,1890,-23
34110.jpg,1913,1905,-8
34115.jpg,1913,1900,-13
34120.jpg,1913,1890,-23
34125.jpg,1913,1970,57
34130.jpg,1913,1900,-13
34135.jpg,1913,1890,-23
34140.jpg,1913,1920,7
34145.jpg,1913,1920,7
34150.jpg,1913,1920,7
34155.jpg,1913,1890,-23
34160.jpg,1913,1850,-63
34165.jpg,1913,1950,37
34170.jpg,1913,1900,-13
34175.jpg,1913,1875,-38
34180.jpg,1913,1860,-53
34185.jpg,1913,1900,-13
34190.jpg,1913,1950,37
34195.jpg,1913,0,-1913
34200.jpg,1913,1750,-163
34205.jpg,1913,1905,-8
34210.jpg,1913,1905,-8
34215.jpg,1913,1900,-13
34220.jpg,1913,1920,7
34225.jpg,1914,1900,-14
34230.jpg,1914,1925,11
34235.jpg,1914,1925,11
34240.jpg,1914,1929,15
34245.jpg,1914,1965,51
34250.jpg,1914,1925,11
34260.jpg,1914,2010,96
34265.jpg,1914,1900,-14
34270.jpg,1914,1900,-14
34275.jpg,1914,1910,-4
34280.jpg,1914,1840,-74
34285.jpg,1914,1880,-34
34290.jpg,1914,1895,-19
34295.jpg,1914,1920,6
34300.jpg,1914,1925,11
34305.jpg,1914,1920,6
34310.jpg,1914,1930,16
34315.jpg,1914,1890,-24
34320.jpg,1914,1900,-14
34325.jpg,1914,1890,-24
34330.jpg,1914,1920,6
34335.jpg,1914,1900,-14
34345.jpg,1914,1925,11
34350.jpg,1914,1920,6
34360.jpg,1914,1910,-4
34365.jpg,1914,1920,6
34370.jpg,1914,1900,-14
34375.jpg,1914,1850,-64
34380.jpg,1914,1900,-14
34385.jpg,1914,1900,-14
34390.jpg,1914,1910,-4
34395.jpg,1914,1910,-4
34400.jpg,1914,1850,-64
34405.jpg,1914,1890,-24
34410.jpg,1914,1916,2
34415.jpg,1914,1850,-64
34420.jpg,1914,1900,-14
34425.jpg,1914,19,-1895
34430.jpg,1914,1880,-34
34435.jpg,1914,1910,-4
34440.jpg,1914,1840,-74
34445.jpg,1914,1890,-24
34450.jpg,1914,1890,-24
34455.jpg,1914,1850,-64
34460.jpg,1914,1890,-24
34465.jpg,1914,1905,-9
34470.jpg,1914,1900,-14
34475.jpg,1914,1840,-74
34480.jpg,1914,1900,-14
34485.jpg,1914,1900,-14
34490.jpg,1914,1910,-4
34495.jpg,1914,1850,-64
34500.jpg,1914,1870,-44
34505.jpg,1914,1880,-34
34515.jpg,1914,1850,-64
34520.jpg,1914,1890,-24
34525.jpg,1914,1925,11
34530.jpg,1914,1920,6
34535.jpg,1914,1917,3
34540.jpg,1914,1955,41
34545.jpg,1914,1890,-24
34550.jpg,1914,1880,-34
34555.jpg,1914,1850,-64
34560.jpg,1914,1880,-34
34565.jpg,1914,1900,-14
34570.jpg,1914,1955,41
34575.jpg,1914,1900,-14
34580.jpg,1914,1900,-14
34590.jpg,1914,1900,-14
34595.jpg,1914,1935,21
34600.jpg,1914,1900,-14
34605.jpg,1914,1860,-54
34610.jpg,1914,1905,-9
34615.jpg,1914,1920,6
34620.jpg,1914,1800,-114
34625.jpg,1914,1900,-14
34630.jpg,1914,1920,6
34635.jpg,1914,1850,-64
34640.jpg,1914,1500,-414
34645.jpg,1914,1920,6
34650.jpg,1914,1920,6
34655.jpg,1914,1920,6
34660.jpg,1914,2000,86
34665.jpg,1914,1920,6
34670.jpg,1914,1890,-24
34675.jpg,1914,1920,6
34680.jpg,1914,1901,-13
34685.jpg,1914,1920,6
34690.jpg,1914,1920,6
34695.jpg,1914,1945,31
34700.jpg,1914,1900,-14
34705.jpg,1914,1900,-14
34710.jpg,1914,1900,-14
34715.jpg,1914,1920,6
34720.jpg,1915,1820,-95
34725.jpg,1915,1985,70
34730.jpg,1915,1925,10
34735.jpg,1915,1925,10
34740.jpg,1915,1896,-19
34750.jpg,1915,1950,35
34755.jpg,1915,1950,35
34765.jpg,1915,1700,-215
34770.jpg,1915,1930,15
34775.jpg,1915,1925,10
34780.jpg,1915,1910,-5
34785.jpg,1915,1860,-55
34790.jpg,1915,1935,20
34795.jpg,1915,1850,-65
34800.jpg,1915,1920,5
34805.jpg,1915,1910,-5
34810.jpg,1915,1900,-15
34815.jpg,1915,1910,-5
34820.jpg,1915,1970,55
34825.jpg,1915,1920,5
34830.jpg,1915,1920,5
34835.jpg,1915,1990,75
34840.jpg,1915,1830,-85
34845.jpg,1915,1925,10
34850.jpg,1915,1900,-15
34855.jpg,1915,1850,-65
34860.jpg,1915,1990,75
34865.jpg,1915,1925,10
34870.jpg,1915,1923,8
34875.jpg,1915,1920,5
34880.jpg,1915,1905,-10
34885.jpg,1915,1900,-15
34890.jpg,1915,1850,-65
34895.jpg,1915,1900,-15
34900.jpg,1915,1930,15
34905.jpg,1915,1930,15
34910.jpg,1915,1970,55
34915.jpg,1915,1920,5
34920.jpg,1915,1850,-65
34925.jpg,1915,1850,-65
34930.jpg,1915,1950,35
34935.jpg,1915,1890,-25
34940.jpg,1915,1850,-65
34945.jpg,1915,1900,-15
34950.jpg,1915,1965,50
34955.jpg,1915,1995,80
34960.jpg,1915,1950,35
34965.jpg,1915,1990,75
34970.jpg,1915,1900,-15
34975.jpg,1915,1910,-5
34980.jpg,1915,1900,-15
34985.jpg,1915,1905,-10
34990.jpg,1915,1890,-25
34995.jpg,1915,1900,-15
35000.jpg,1915,1890,-25
35005.jpg,1915,1900,-15
35010.jpg,1915,2000,85
35015.jpg,1915,1900,-15
35020.jpg,1915,1965,50
35025.jpg,1915,1905,-10
35030.jpg,1915,1900,-15
35035.jpg,1915,1880,-35
35040.jpg,1915,1850,-65
35045.jpg,1915,1925,10
35050.jpg,1915,1990,75
35055.jpg,1915,1900,-15
35060.jpg,1915,1930,15
35065.jpg,1915,1925,10
35070.jpg,1915,1895,-20
35075.jpg,1915,1900,-15
35080.jpg,1915,1955,40
35085.jpg,1915,1925,10
35090.jpg,1915,1930,15
35095.jpg,1915,1900,-15
35100.jpg,1915,1890,-25
35105.jpg,1915,1925,10
35110.jpg,1915,1900,-15
35115.jpg,1915,1945,30
35120.jpg,1915,1890,-25
35125.jpg,1915,1915,0
35130.jpg,1915,1910,-5
35135.jpg,1915,1900,-15
35140.jpg,1915,1850,-65
35145.jpg,1915,1926,11
35150.jpg,1915,1993,78
35155.jpg,1915,1930,15
35160.jpg,1916,1910,-6
35165.jpg,1916,1920,4
35170.jpg,1916,1920,4
35175.jpg,1916,2008,92
35180.jpg,1916,1860,-56
35185.jpg,1916,1925,9
35190.jpg,1916,1850,-66
35195.jpg,1916,1910,-6
35200.jpg,1916,1910,-6
35205.jpg,1916,1900,-16
35210.jpg,1916,1950,34
35215.jpg,1916,1850,-66
35220.jpg,1916,1920,4
35225.jpg,1916,1900,-16
35230.jpg,1916,1920,4
35235.jpg,1916,1920,4
35240.jpg,1916,1990,74
35245.jpg,1916,1900,-16
35250.jpg,1916,1908,-8
35255.jpg,1916,1970,54
35260.jpg,1916,1950,34
35265.jpg,1916,1910,-6
35270.jpg,1916,1910,-6
35275.jpg,1916,1890,-26
35280.jpg,1916,1900,-16
35285.jpg,1916,1910,-6
35290.jpg,1916,1890,-26
35295.jpg,1916,1920,4
35300.jpg,1916,1900,-16
35305.jpg,1916,2005,89
35310.jpg,1916,1980,64
35315.jpg,1916,1850,-66
35320.jpg,1916,1950,34
35325.jpg,1916,1910,-6
35330.jpg,1916,1900,-16
35335.jpg,1916,1840,-76
35340.jpg,1916,1920,4
35345.jpg,1916,1930,14
35350.jpg,1916,1900,-16
35355.jpg,1916,1925,9
35360.jpg,1916,1900,-16
35365.jpg,1916,1950,34
35370.jpg,1916,1930,14
35375.jpg,1916,1910,-6
35380.jpg,1916,1900,-16
35385.jpg,1916,1920,4
35390.jpg,1916,1950,34
35395.jpg,1916,1900,-16
35400.jpg,1916,1900,-16
35405.jpg,1916,1990,74
35410.jpg,1916,1920,4
35415.jpg,1916,1880,-36
35420.jpg,1916,1850,-66
35425.jpg,1916,1925,9
35430.jpg,1916,1990,74
35435.jpg,1916,1786,-130
35440.jpg,1916,1936,20
35445.jpg,1916,1900,-16
35450.jpg,1916,1940,24
35455.jpg,1916,1910,-6
35460.jpg,1916,1900,-16
35465.jpg,1916,1900,-16
35470.jpg,1916,1910,-6
35475.jpg,1916,1916,0
35480.jpg,1916,1925,9
35485.jpg,1916,1800,-116
35490.jpg,1916,1900,-16
35495.jpg,1916,1955,39
35500.jpg,1916,1900,-16
35505.jpg,1916,1890,-26
35510.jpg,1916,1850,-66
35515.jpg,1916,1930,14
35520.jpg,1916,1900,-16
35525.jpg,1916,1910,-6
35530.jpg,1916,1910,-6
35535.jpg,1917,1900,-17
35540.jpg,1917,1920,3
35545.jpg,1917,1925,8
35550.jpg,1917,1925,8
35555.jpg,1917,1930,13
35560.jpg,1917,1930,13
35565.jpg,1917,1980,63
35570.jpg,1917,1900,-17
35575.jpg,1917,1925,8
35580.jpg,1917,1840,-77
35585.jpg,1917,1900,-17
35590.jpg,1917,1920,3
35595.jpg,1917,1930,13
35600.jpg,1917,1920,3
35605.jpg,1917,1925,8
35610.jpg,1917,1900,-17
35615.jpg,1917,1925,8
35620.jpg,1917,1945,28
35625.jpg,1917,1915,-2
35630.jpg,1917,1925,8
35635.jpg,1917,1925,8
35640.jpg,1917,1905,-12
35645.jpg,1917,1910,-7
35650.jpg,1917,1930,13
35655.jpg,1917,1870,-47
35660.jpg,1917,1975,58
35665.jpg,1917,1965,48
35670.jpg,1917,1975,58
35675.jpg,1917,1900,-17
35680.jpg,1917,1920,3
35685.jpg,1917,1920,3
35690.jpg,1917,1990,73
35695.jpg,1917,1900,-17
35700.jpg,1917,1800,-117
35705.jpg,1917,1950,33
35710.jpg,1917,1910,-7
35715.jpg,1917,1910,-7
35720.jpg,1917,1950,33
35725.jpg,1917,2005,88
35730.jpg,1917,1915,-2
35735.jpg,1917,1980,63
35740.jpg,1917,1900,-17
35745.jpg,1917,1930,13
35750.jpg,1917,1850,-67
35755.jpg,1917,1930,13
35760.jpg,1917,1970,53
35765.jpg,1917,1830,-87
35770.jpg,1917,1890,-27
35775.jpg,1917,1900,-17
35780.jpg,1917,1890,-27
35785.jpg,1917,1950,33
35790.jpg,1917,1900,-17
35795.jpg,1917,1910,-7
35800.jpg,1917,1920,3
35805.jpg,1917,1890,-27
35810.jpg,1917,1900,-17
35815.jpg,1917,1900,-17
35820.jpg,1917,1900,-17
35825.jpg,1917,1990,73
35830.jpg,1917,1910,-7
35835.jpg,1917,1970,53
35840.jpg,1917,1905,-12
35845.jpg,1917,1875,-42
35850.jpg,1917,1945,28
35855.jpg,1917,1900,-17
35860.jpg,1917,1900,-17
35865.jpg,1917,1900,-17
35870.jpg,1917,1940,23
35875.jpg,1917,1890,-27
35880.jpg,1917,1920,3
35885.jpg,1917,1920,3
35890.jpg,1917,1880,-37
35895.jpg,1917,1900,-17
35900.jpg,1917,2005,88
35905.jpg,1917,1920,3
35910.jpg,1917,1910,-7
35915.jpg,1917,1990,73
35920.jpg,1918,1930,12
35925.jpg,1918,1985,67
35930.jpg,1918,1910,-8
35935.jpg,1918,2000,82
35940.jpg,1918,1930,12
35945.jpg,1918,1925,7
35950.jpg,1918,1950,32
35955.jpg,1918,1970,52
35960.jpg,1918,1925,7
35965.jpg,1918,1925,7
35970.jpg,1918,1910,-8
35980.jpg,1918,1980,62
35985.jpg,1918,1900,-18
35990.jpg,1918,1912,-6
35995.jpg,1918,2005,87
36000.jpg,1918,1900,-18
36005.jpg,1918,1900,-18
36010.jpg,1918,1850,-68
36015.jpg,1918,1850,-68
36020.jpg,1918,1900,-18
36025.jpg,1918,1850,-68
36030.jpg,1918,1920,2
36035.jpg,1918,1980,62
36040.jpg,1918,1900,-18
36045.jpg,1918,1850,-68
36050.jpg,1918,1980,62
36055.jpg,1918,1850,-68
36060.jpg,1918,1900,-18
36065.jpg,1918,1900,-18
36070.jpg,1918,1920,2
36075.jpg,1918,1905,-13
36080.jpg,1918,1990,72
36085.jpg,1918,1850,-68
36090.jpg,1918,1925,7
36095.jpg,1918,1923,5
36100.jpg,1918,1880,-38
36105.jpg,1918,1900,-18
36110.jpg,1918,1910,-8
36115.jpg,1919,1912,-7
36120.jpg,1919,1920,1
36130.jpg,1919,1995,76
36140.jpg,1919,1925,6
36145.jpg,1919,1910,-9
36150.jpg,1919,1945,26
36155.jpg,1919,1995,76
36160.jpg,1919,1900,-19
36165.jpg,1919,1971,52
36170.jpg,1919,1910,-9
36175.jpg,1919,1950,31
36180.jpg,1919,1990,71
36190.jpg,1919,1920,1
36195.jpg,1919,1850,-69
36200.jpg,1919,1980,61
36205.jpg,1919,1900,-19
36210.jpg,1919,1890,-29
36215.jpg,1919,1840,-79
36225.jpg,1919,1900,-19
36230.jpg,1919,1910,-9
36235.jpg,1919,1880,-39
36240.jpg,1919,1850,-69
36245.jpg,1919,1920,1
36250.jpg,1919,1955,36
36255.jpg,1919,1850,-69
36260.jpg,1919,1850,-69
36265.jpg,1919,1900,-19
36270.jpg,1919,1900,-19
36275.jpg,1919,1893,-26
36280.jpg,1919,1800,-119
36285.jpg,1919,1929,10
36290.jpg,1919,2010,91
36295.jpg,1919,1900,-19
36300.jpg,1919,1925,6
36305.jpg,1919,1905,-14
36310.jpg,1919,1900,-19
36315.jpg,1919,1850,-69
36320.jpg,1919,1930,11
36325.jpg,1919,1900,-19
36330.jpg,1919,1940,21
36335.jpg,1919,1900,-19
36340.jpg,1919,1900,-19
36345.jpg,1919,1920,1
36350.jpg,1920,1950,30
36355.jpg,1920,1905,-15
36360.jpg,1920,1925,5
36365.jpg,1920,1930,10
36370.jpg,1920,1920,0
36375.jpg,1920,1900,-20
36385.jpg,1920,1970,50
36390.jpg,1920,1930,10
36395.jpg,1920,1990,70
36400.jpg,1920,1850,-70
36405.jpg,1920,1900,-20
36410.jpg,1920,1965,45
36415.jpg,1920,1850,-70
36420.jpg,1920,1900,-20
36425.jpg,1920,1985,65
36430.jpg,1920,1984,64
36435.jpg,1920,1910,-10
36440.jpg,1920,1850,-70
36445.jpg,1920,1890,-30
36450.jpg,1920,1925,5
36455.jpg,1920,1000,-920
36460.jpg,1920,1915,-5
36465.jpg,1920,1600,-320
36470.jpg,1920,1880,-40
36475.jpg,1920,1880,-40
36480.jpg,1920,1890,-30
36485.jpg,1920,1900,-20
36490.jpg,1920,1900,-20
36495.jpg,1920,1905,-15
36500.jpg,1920,1950,30
36505.jpg,1920,1900,-20
36510.jpg,1920,1850,-70
36515.jpg,1920,1940,20
36520.jpg,1920,1880,-40
36525.jpg,1920,1870,-50
36530.jpg,1920,1920,0
36535.jpg,1920,1925,5
36540.jpg,1920,1890,-30
36545.jpg,1920,1950,30
36550.jpg,1920,1880,-40
36555.jpg,1920,1920,0
36560.jpg,1920,1900,-20
36565.jpg,1920,1850,-70
36570.jpg,1920,1990,70
36575.jpg,1920,1970,50
36580.jpg,1920,1950,30
36585.jpg,1920,1900,-20
36590.jpg,1920,1900,-20
36595.jpg,1920,1850,-70
36600.jpg,1920,1995,75
36605.jpg,1920,1850,-70
36610.jpg,1920,1925,5
36615.jpg,1920,1850,-70
36620.jpg,1920,1920,0
36625.jpg,1920,1920,0
36630.jpg,1920,1925,5
36635.jpg,1920,1905,-15
36640.jpg,1920,1900,-20
36650.jpg,1920,1930,10
36655.jpg,1920,1920,0
36660.jpg,1920,1840,-80
36665.jpg,1920,1900,-20
36670.jpg,1920,1910,-10
36675.jpg,1920,1850,-70
36680.jpg,1920,1900,-20
36685.jpg,1920,1850,-70
36690.jpg,1921,1920,-1
36695.jpg,1921,1955,34
36700.jpg,1921,1955,34
36705.jpg,1921,1925,4
36710.jpg,1921,1925,4
36715.jpg,1921,1925,4
36720.jpg,1921,1990,69
36725.jpg,1921,1900,-21
36735.jpg,1921,1970,49
36740.jpg,1921,1925,4
36745.jpg,1921,1905,-16
36750.jpg,1921,1900,-21
36755.jpg,1921,1900,-21
36760.jpg,1921,1905,-16
36765.jpg,1921,1900,-21
36770.jpg,1921,1965,44
36775.jpg,1921,1925,4
36780.jpg,1921,1900,-21
36785.jpg,1921,1925,4
36790.jpg,1921,1910,-11
36795.jpg,1921,1920,-1
36800.jpg,1921,1890,-31
36805.jpg,1921,1900,-21
36810.jpg,1921,1860,-61
36815.jpg,1921,1890,-31
36820.jpg,1921,1850,-71
36830.jpg,1921,1960,39
36835.jpg,1921,1900,-21
36840.jpg,1921,1900,-21
36845.jpg,1921,1975,54
36850.jpg,1921,1910,-11
36855.jpg,1921,1900,-21
36860.jpg,1921,1900,-21
36870.jpg,1921,1930,9
36875.jpg,1921,1850,-71
36880.jpg,1921,1850,-71
36885.jpg,1921,1975,54
36890.jpg,1921,1990,69
36895.jpg,1921,1960,39
36900.jpg,1921,2005,84
36905.jpg,1921,1940,19
36910.jpg,1921,1880,-41
36920.jpg,1921,1900,-21
36925.jpg,1921,1935,14
36930.jpg,1921,1920,-1
36935.jpg,1921,1920,-1
36940.jpg,1921,1900,-21
36945.jpg,1921,1950,29
36950.jpg,1921,1950,29
36955.jpg,1921,1890,-31
36960.jpg,1921,1870,-51
36965.jpg,1921,1965,44
36970.jpg,1922,1850,-72
36975.jpg,1922,1910,-12
36980.jpg,1922,1925,3
36985.jpg,1922,1950,28
36990.jpg,1922,1950,28
36995.jpg,1922,1975,53
37000.jpg,1922,1990,68
37005.jpg,1922,1950,28
37010.jpg,1922,1921,-1
37015.jpg,1922,2005,83
37020.jpg,1922,1840,-82
37025.jpg,1922,1850,-72
37030.jpg,1922,1955,33
37045.jpg,1922,1900,-22
37050.jpg,1922,1995,73
37055.jpg,1922,1905,-17
37060.jpg,1922,1930,8
37065.jpg,1922,1900,-22
37070.jpg,1922,1910,-12
37075.jpg,1922,1895,-27
37080.jpg,1922,1900,-22
37085.jpg,1922,1785,-137
37090.jpg,1922,1925,3
37095.jpg,1922,1920,-2
37100.jpg,1922,1920,-2
37105.jpg,1922,1910,-12
37110.jpg,1922,1925,3
37115.jpg,1922,1850,-72
37120.jpg,1922,1940,18
37125.jpg,1922,1945,23
37130.jpg,1922,1850,-72
37135.jpg,1922,1900,-22
37140.jpg,1922,1950,28
37145.jpg,1922,1850,-72
37150.jpg,1922,1900,-22
37155.jpg,1922,1920,-2
37160.jpg,1922,1890,-32
37165.jpg,1922,1900,-22
37170.jpg,1922,1900,-22
37175.jpg,1922,1920,-2
37180.jpg,1922,1850,-72
37185.jpg,1922,1900,-22
37190.jpg,1922,1980,58
37195.jpg,1922,1850,-72
37200.jpg,1922,1900,-22
37205.jpg,1922,1923,1
37210.jpg,1922,1900,-22
37215.jpg,1922,2005,83
37220.jpg,1922,1900,-22
37225.jpg,1922,2010,88
37230.jpg,1922,1910,-12
37235.jpg,1922,1910,-12
37240.jpg,1922,1950,28
37245.jpg,1922,1900,-22
37250.jpg,1922,1920,-2
37255.jpg,1922,1990,68
37260.jpg,1922,1900,-22
37270.jpg,1922,1920,-2
37275.jpg,1922,1925,3
37280.jpg,1922,2005,83
37285.jpg,1922,1990,68
37290.jpg,1922,1830,-92
37295.jpg,1922,1920,-2
37300.jpg,1922,1880,-42
37305.jpg,1922,1900,-22
37310.jpg,1923,1935,12
37315.jpg,1923,1925,2
37320.jpg,1923,1929,6
37330.jpg,1923,2005,82
37335.jpg,1923,1937,14
37340.jpg,1923,2010,87
37345.jpg,1923,2005,82
37355.jpg,1923,1900,-23
37360.jpg,1923,1850,-73
37365.jpg,1923,1970,47
37370.jpg,1923,1925,2
37375.jpg,1923,1920,-3
37380.jpg,1923,1900,-23
37385.jpg,1923,1910,-13
37390.jpg,1923,1890,-33
37395.jpg,1923,1900,-23
37400.jpg,1923,1905,-18
37405.jpg,1923,1920,-3
37410.jpg,1923,1920,-3
37415.jpg,1923,1920,-3
37420.jpg,1923,1920,-3
37425.jpg,1923,2000,77
37430.jpg,1923,1920,-3
37435.jpg,1923,1935,12
37440.jpg,1923,1905,-18
37445.jpg,1923,1880,-43
37450.jpg,1923,1920,-3
37455.jpg,1923,1900,-23
37460.jpg,1923,1950,27
37465.jpg,1923,2005,82
37470.jpg,1923,1920,-3
37475.jpg,1923,1920,-3
37480.jpg,1923,1890,-33
37485.jpg,1923,1800,-123
37490.jpg,1923,1920,-3
37495.jpg,1923,1965,42
37500.jpg,1923,1910,-13
37505.jpg,1923,1920,-3
37510.jpg,1923,1900,-23
37515.jpg,1923,1920,-3
37520.jpg,1923,1850,-73
37525.jpg,1923,1850,-73
37530.jpg,1923,1900,-23
37535.jpg,1923,1905,-18
37540.jpg,1923,1920,-3
37545.jpg,1923,1935,12
37550.jpg,1923,1950,27
37555.jpg,1923,1920,-3
37560.jpg,1923,1925,2
37565.jpg,1923,1850,-73
37570.jpg,1923,1900,-23
37575.jpg,1923,1910,-13
37580.jpg,1923,1905,-18
37585.jpg,1923,1992,69
37590.jpg,1923,1925,2
37595.jpg,1923,1700,-223
37600.jpg,1923,1925,2
37605.jpg,1923,1900,-23
37610.jpg,1923,1600,-323
37615.jpg,1923,1985,62
37620.jpg,1923,2005,82
37625.jpg,1923,1900,-23
37630.jpg,1923,1880,-43
37635.jpg,1923,1925,2
37640.jpg,1923,1890,-33
37645.jpg,1923,1900,-23
37650.jpg,1923,1930,7
37655.jpg,1923,1975,52
37660.jpg,1923,1905,-18
37665.jpg,1923,1900,-23
37670.jpg,1924,1915,-9
37675.jpg,1924,2010,86
37680.jpg,1924,1910,-14
37685.jpg,1924,1925,1
37690.jpg,1924,1910,-14
37695.jpg,1924,1920,-4
37700.jpg,1924,1910,-14
37705.jpg,1924,1925,1
37710.jpg,1924,2000,76
37715.jpg,1924,1930,6
37720.jpg,1924,1990,66
37725.jpg,1924,1990,66
37730.jpg,1924,1990,66
37735.jpg,1924,1915,-9
37740.jpg,1924,1920,-4
37745.jpg,1924,1890,-34
37750.jpg,1924,1920,-4
37755.jpg,1924,1925,1
37760.jpg,1924,1900,-24
37765.jpg,1924,1890,-34
37770.jpg,1924,1890,-34
37775.jpg,1924,1920,-4
37780.jpg,1924,1890,-34
37785.jpg,1924,1820,-104
37790.jpg,1924,1920,-4
37795.jpg,1924,1920,-4
37805.jpg,1924,1916,-8
37810.jpg,1924,1903,-21
37815.jpg,1924,1920,-4
37820.jpg,1924,1895,-29
37825.jpg,1924,1920,-4
37830.jpg,1924,1910,-14
37835.jpg,1924,1900,-24
37845.jpg,1924,1900,-24
37850.jpg,1924,1900,-24
37855.jpg,1924,1900,-24
37860.jpg,1924,1850,-74
37865.jpg,1924,1880,-44
37870.jpg,1924,1880,-44
37875.jpg,1924,2005,81
37880.jpg,1924,1920,-4
37885.jpg,1924,1900,-24
37890.jpg,1924,1950,26
37895.jpg,1924,1995,71
37900.jpg,1924,1930,6
37905.jpg,1924,1850,-74
37910.jpg,1924,1960,36
37915.jpg,1924,1920,-4
37920.jpg,1924,1965,41
37925.jpg,1924,1900,-24
37930.jpg,1924,1910,-14
37935.jpg,1924,1840,-84
37940.jpg,1924,1900,-24
37945.jpg,1924,1985,61
37950.jpg,1924,1900,-24
37955.jpg,1924,1995,71
37960.jpg,1924,1968,44
37965.jpg,1924,1990,66
37970.jpg,1924,1700,-224
37975.jpg,1924,1900,-24
37980.jpg,1924,1901,-23
37985.jpg,1924,2000,76
37990.jpg,1924,1950,26
37995.jpg,1924,1900,-24
38000.jpg,1924,1924,0
38005.jpg,1924,1975,51
38010.jpg,1924,1920,-4
38015.jpg,1924,1915,-9
38020.jpg,1924,1855,-69
38025.jpg,1924,1925,1
38030.jpg,1924,1890,-34
38035.jpg,1924,1850,-74
38040.jpg,1924,1850,-74
38045.jpg,1924,1910,-14
38050.jpg,1924,1920,-4
38055.jpg,1924,1910,-14
38060.jpg,1924,1890,-34
38065.jpg,1924,1900,-24
38070.jpg,1924,1915,-9
38075.jpg,1924,1920,-4
38080.jpg,1925,1850,-75
38085.jpg,1925,1900,-25
38090.jpg,1925,1965,40
38095.jpg,1925,1920,-5
38100.jpg,1925,1830,-95
38105.jpg,1925,1925,0
38110.jpg,1925,1925,0
38115.jpg,1925,1950,25
38120.jpg,1925,1990,65
38125.jpg,1925,1990,65
38130.jpg,1925,2000,75
38135.jpg,1925,2005,80
38140.jpg,1925,1870,-55
38145.jpg,1925,1904,-21
38150.jpg,1925,1900,-25
38155.jpg,1925,1880,-45
38160.jpg,1925,1920,-5
38165.jpg,1925,1850,-75
38170.jpg,1925,1925,0
38175.jpg,1925,1980,55
38180.jpg,1925,1900,-25
38185.jpg,1925,1910,-15
38190.jpg,1925,1990,65
38195.jpg,1925,1970,45
38200.jpg,1925,1990,65
38205.jpg,1925,1900,-25
38210.jpg,1925,1925,0
38215.jpg,1925,1950,25
38220.jpg,1925,1914,-11
38225.jpg,1925,1925,0
38230.jpg,1925,1900,-25
38235.jpg,1925,1920,-5
38245.jpg,1925,1923,-2
38255.jpg,1925,1900,-25
38260.jpg,1925,1990,65
38265.jpg,1925,1920,-5
38270.jpg,1925,1870,-55
38275.jpg,1925,1917,-8
38280.jpg,1925,1950,25
38285.jpg,1925,1930,5
38290.jpg,1925,1850,-75
38295.jpg,1925,1900,-25
38300.jpg,1925,1900,-25
38305.jpg,1925,1980,55
38310.jpg,1925,1900,-25
38315.jpg,1925,1900,-25
38320.jpg,1925,1920,-5
38325.jpg,1925,1920,-5
38330.jpg,1925,1910,-15
38335.jpg,1925,1915,-10
38340.jpg,1925,1900,-25
38345.jpg,1925,1920,-5
38350.jpg,1925,1900,-25
38355.jpg,1925,1925,0
38360.jpg,1925,1990,65
38365.jpg,1925,1900,-25
38370.jpg,1925,1850,-75
38375.jpg,1925,1900,-25
38380.jpg,1925,1955,30
38385.jpg,1925,1900,-25
38390.jpg,1925,1900,-25
38395.jpg,1925,1890,-35
38400.jpg,1925,1600,-325
38405.jpg,1925,1850,-75
38410.jpg,1925,1910,-15
38415.jpg,1925,1925,0
38420.jpg,1925,1890,-35
38425.jpg,1925,1890,-35
38435.jpg,1925,1995,70
38440.jpg,1925,1925,0
38450.jpg,1925,1900,-25
38455.jpg,1925,1990,65
38460.jpg,1925,1935,10
38465.jpg,1925,1925,0
38470.jpg,1925,1930,5
38475.jpg,1925,1900,-25
38480.jpg,1925,1905,-20
38490.jpg,1925,1924,-1
38495.jpg,1925,1920,-5
38500.jpg,1925,1914,-11
38505.jpg,1925,1950,25
38510.jpg,1925,1925,0
38515.jpg,1926,1850,-76
38520.jpg,1926,1920,-6
38525.jpg,1926,1920,-6
38530.jpg,1926,1920,-6
38535.jpg,1926,1990,64
38540.jpg,1926,1925,-1
38545.jpg,1926,1850,-76
38550.jpg,1926,1923,-3
38555.jpg,1926,1925,-1
38560.jpg,1926,2005,79
38565.jpg,1926,1925,-1
38570.jpg,1926,1925,-1
38575.jpg,1926,1985,59
38580.jpg,1926,1990,64
38585.jpg,1926,1995,69
38590.jpg,1926,1925,-1
38595.jpg,1926,1990,64
38600.jpg,1926,1900,-26
38605.jpg,1926,2000,74
38610.jpg,1926,1990,64
38620.jpg,1926,1920,-6
38625.jpg,1926,1920,-6
38630.jpg,1926,1995,69
38635.jpg,1926,1970,44
38640.jpg,1926,1920,-6
38645.jpg,1926,2000,74
38650.jpg,1926,1975,49
38655.jpg,1926,1950,24
38660.jpg,1926,1930,4
38665.jpg,1926,1990,64
38670.jpg,1926,1925,-1
38675.jpg,1926,1930,4
38680.jpg,1926,1925,-1
38685.jpg,1926,1925,-1
38690.jpg,1926,1912,-14
38695.jpg,1926,1930,4
38700.jpg,1926,1935,9
38705.jpg,1926,1915,-11
38710.jpg,1926,1925,-1
38715.jpg,1926,1920,-6
38720.jpg,1926,1900,-26
38725.jpg,1926,1900,-26
38730.jpg,1926,1930,4
38735.jpg,1926,1900,-26
38740.jpg,1926,1950,24
38745.jpg,1926,1900,-26
38750.jpg,1926,1925,-1
38755.jpg,1926,1990,64
38760.jpg,1926,1925,-1
38765.jpg,1926,1900,-26
38770.jpg,1926,1910,-16
38775.jpg,1926,1850,-76
38780.jpg,1926,1920,-6
38785.jpg,1926,1920,-6
38790.jpg,1926,1900,-26
38795.jpg,1926,1910,-16
38800.jpg,1926,1920,-6
38805.jpg,1926,1860,-66
38810.jpg,1926,1985,59
38815.jpg,1926,1850,-76
38820.jpg,1926,1900,-26
38825.jpg,1926,1905,-21
38830.jpg,1926,1880,-46
38835.jpg,1926,1870,-56
38840.jpg,1926,1920,-6
38845.jpg,1926,1950,24
38850.jpg,1926,1920,-6
38855.jpg,1926,2005,79
38860.jpg,1926,1900,-26
38865.jpg,1926,1900,-26
38870.jpg,1926,1920,-6
38875.jpg,1926,1905,-21
38880.jpg,1926,1920,-6
38885.jpg,1926,1785,-141
38890.jpg,1926,1915,-11
38895.jpg,1926,1890,-36
38905.jpg,1926,1900,-26
38910.jpg,1926,1930,4
38915.jpg,1926,1900,-26
38920.jpg,1926,1920,-6
38925.jpg,1926,1920,-6
38930.jpg,1926,1900,-26
38935.jpg,1926,1900,-26
38940.jpg,1926,1900,-26
38945.jpg,1926,1910,-16
38950.jpg,1926,1955,29
38955.jpg,1926,2000,74
38960.jpg,1926,1860,-66
38965.jpg,1926,1905,-21
38970.jpg,1926,1935,9
38975.jpg,1926,1900,-26
38980.jpg,1926,1923,-3
38985.jpg,1926,1924,-2
38990.jpg,1926,1950,24
38995.jpg,1927,1920,-7
39000.jpg,1927,1885,-42
39005.jpg,1927,1900,-27
39010.jpg,1927,1920,-7
39020.jpg,1927,1900,-27
39025.jpg,1927,1925,-2
39030.jpg,1927,1900,-27
39035.jpg,1927,1920,-7
39040.jpg,1927,1925,-2
39045.jpg,1927,1920,-7
39050.jpg,1927,1925,-2
39055.jpg,1927,1950,23
39060.jpg,1927,1925,-2
39065.jpg,1927,1930,3
39070.jpg,1927,1928,1
39075.jpg,1927,1925,-2
39080.jpg,1927,1920,-7
39085.jpg,1927,1990,63
39090.jpg,1927,1980,53
39110.jpg,1927,1950,23
39115.jpg,1927,1900,-27
39120.jpg,1927,1940,13
39125.jpg,1927,1950,23
39130.jpg,1927,1950,23
39135.jpg,1927,1925,-2
39140.jpg,1927,1930,3
39145.jpg,1927,1925,-2
39150.jpg,1927,1920,-7
39155.jpg,1927,1930,3
39160.jpg,1927,1850,-77
39165.jpg,1927,1900,-27
39170.jpg,1927,1890,-37
39175.jpg,1927,1920,-7
39180.jpg,1927,1900,-27
39185.jpg,1927,1920,-7
39190.jpg,1927,1925,-2
39195.jpg,1927,1925,-2
39200.jpg,1927,1925,-2
39205.jpg,1927,1925,-2
39210.jpg,1927,1930,3
39215.jpg,1927,1972,45
39220.jpg,1927,1990,63
39225.jpg,1927,1911,-16
39230.jpg,1927,1920,-7
39235.jpg,1927,1900,-27
39240.jpg,1927,1925,-2
39245.jpg,1927,1945,18
39250.jpg,1927,1920,-7
39255.jpg,1927,1850,-77
39260.jpg,1927,1990,63
39265.jpg,1927,1910,-17
39270.jpg,1927,1995,68
39275.jpg,1927,1990,63
39280.jpg,1927,1920,-7
39285.jpg,1927,1890,-37
39290.jpg,1927,1900,-27
39295.jpg,1927,1965,38
39300.jpg,1927,1920,-7
39305.jpg,1927,1900,-27
39310.jpg,1927,1920,-7
39315.jpg,1927,1910,-17
39320.jpg,1927,1850,-77
39325.jpg,1927,1995,68
39330.jpg,1927,1920,-7
39335.jpg,1927,1850,-77
39340.jpg,1927,1925,-2
39345.jpg,1927,1920,-7
39350.jpg,1927,1850,-77
39355.jpg,1927,1970,43
39360.jpg,1927,1925,-2
39365.jpg,1927,1927,0
39370.jpg,1927,1985,58
39375.jpg,1927,1890,-37
39380.jpg,1927,1900,-27
39385.jpg,1927,1920,-7
39390.jpg,1927,1860,-67
39395.jpg,1927,1920,-7
39400.jpg,1927,1905,-22
39405.jpg,1927,2005,78
39410.jpg,1927,1975,48
39415.jpg,1927,1922,-5
39420.jpg,1927,1927,0
39425.jpg,1927,1900,-27
39430.jpg,1927,1900,-27
39435.jpg,1927,1830,-97
39440.jpg,1927,1910,-17
39445.jpg,1927,1910,-17
39450.jpg,1927,1900,-27
39455.jpg,1927,1954,27
39460.jpg,1927,1925,-2
39465.jpg,1927,1900,-27
39470.jpg,1927,1550,-377
39475.jpg,1927,1910,-17
39480.jpg,1927,1925,-2
39485.jpg,1927,1990,63
39490.jpg,1927,1870,-57
39495.jpg,1927,1900,-27
39500.jpg,1927,1910,-17
39505.jpg,1927,1950,23
39510.jpg,1928,1900,-28
39515.jpg,1928,1925,-3
39520.jpg,1928,1925,-3
39525.jpg,1928,1927,-1
39530.jpg,1928,1920,-8
39535.jpg,1928,1925,-3
39540.jpg,1928,1925,-3
39545.jpg,1928,1925,-3
39550.jpg,1928,1925,-3
39555.jpg,1928,1950,22
39560.jpg,1928,1925,-3
39565.jpg,1928,1925,-3
39570.jpg,1928,1945,17
39575.jpg,1928,2010,82
39580.jpg,1928,1925,-3
39585.jpg,1928,1950,22
39590.jpg,1928,1920,-8
39595.jpg,1928,1925,-3
39600.jpg,1928,1990,62
39605.jpg,1928,2010,82
39610.jpg,1928,1960,32
39615.jpg,1928,1960,32
39620.jpg,1928,1890,-38
39625.jpg,1928,1900,-28
39630.jpg,1928,1919,-9
39635.jpg,1928,1900,-28
39640.jpg,1928,1930,2
39645.jpg,1928,1955,27
39650.jpg,1928,1900,-28
39655.jpg,1928,1935,7
39660.jpg,1928,1925,-3
39665.jpg,1928,1900,-28
39670.jpg,1928,1925,-3
39675.jpg,1928,1925,-3
39680.jpg,1928,1925,-3
39685.jpg,1928,1947,19
39690.jpg,1928,1910,-18
39695.jpg,1928,1925,-3
39700.jpg,1928,1938,10
39705.jpg,1928,1895,-33
39710.jpg,1928,1925,-3
39715.jpg,1928,1990,62
39720.jpg,1928,1925,-3
39725.jpg,1928,1850,-78
39730.jpg,1928,1925,-3
39735.jpg,1928,1850,-78
39740.jpg,1928,1900,-28
39745.jpg,1928,1935,7
39750.jpg,1928,1981,53
39755.jpg,1928,1814,-114
39760.jpg,1928,1878,-50
39765.jpg,1928,1880,-48
39770.jpg,1928,1789,-139
39775.jpg,1928,1940,12
39780.jpg,1928,1900,-28
39785.jpg,1928,1915,-13
39790.jpg,1928,1900,-28
39795.jpg,1928,1950,22
39800.jpg,1928,1920,-8
39805.jpg,1928,1890,-38
39810.jpg,1928,1930,2
39815.jpg,1928,1910,-18
39820.jpg,1928,1890,-38
39825.jpg,1928,1900,-28
39830.jpg,1928,1900,-28
39835.jpg,1928,1925,-3
39840.jpg,1928,1910,-18
39845.jpg,1928,1980,52
39850.jpg,1928,1970,42
39855.jpg,1928,1900,-28
39860.jpg,1928,1900,-28
39865.jpg,1928,1880,-48
39870.jpg,1928,1830,-98
39875.jpg,1928,1920,-8
39880.jpg,1928,1950,22
39885.jpg,1928,1900,-28
39890.jpg,1928,1900,-28
39895.jpg,1928,1945,17
39900.jpg,1928,2005,77
39905.jpg,1928,1911,-17
39910.jpg,1928,1930,2
39915.jpg,1928,1820,-108
39920.jpg,1928,1920,-8
39925.jpg,1928,1930,2
39930.jpg,1928,1923,-5
39935.jpg,1928,1930,2
39940.jpg,1928,1990,62
39945.jpg,1928,1945,17
39950.jpg,1928,1925,-3
39955.jpg,1928,1850,-78
39960.jpg,1928,1940,12
39965.jpg,1928,1934,6
39970.jpg,1928,1910,-18
39975.jpg,1928,1905,-23
39980.jpg,1928,1910,-18
39985.jpg,1928,1910,-18
39990.jpg,1928,1925,-3
39995.jpg,1928,1923,-5
40000.jpg,1928,1900,-28
40010.jpg,1928,1920,-8
40015.jpg,1928,1945,17
40020.jpg,1928,1925,-3
40025.jpg,1928,1920,-8
40030.jpg,1928,1890,-38
40035.jpg,1928,1900,-28
40040.jpg,1928,1905,-23
40045.jpg,1929,1925,-4
40050.jpg,1929,1930,1
40055.jpg,1929,1950,21
40060.jpg,1929,1900,-29
40065.jpg,1929,1910,-19
40070.jpg,1929,1910,-19
40075.jpg,1929,1935,6
40080.jpg,1929,1925,-4
40095.jpg,1929,1920,-9
40105.jpg,1929,1900,-29
40110.jpg,1929,1910,-19
40115.jpg,1929,1905,-24
40120.jpg,1929,1850,-79
40125.jpg,1929,1955,26
40130.jpg,1929,1925,-4
40135.jpg,1929,1900,-29
40140.jpg,1929,1920,-9
40145.jpg,1929,1930,1
40150.jpg,1929,1925,-4
40155.jpg,1929,1900,-29
40160.jpg,1929,1913,-16
40165.jpg,1929,1925,-4
40170.jpg,1929,1925,-4
40175.jpg,1929,1929,0
40180.jpg,1929,1945,16
40185.jpg,1929,1920,-9
40190.jpg,1929,1860,-69
40195.jpg,1929,1925,-4
40200.jpg,1929,1920,-9
40205.jpg,1929,1914,-15
40210.jpg,1929,1925,-4
40215.jpg,1929,1925,-4
40220.jpg,1929,1920,-9
40225.jpg,1929,1925,-4
40230.jpg,1929,1850,-79
40235.jpg,1929,1920,-9
40240.jpg,1929,1900,-29
40245.jpg,1929,1900,-29
40250.jpg,1929,1990,61
40255.jpg,1929,1905,-24
40260.jpg,1929,1895,-34
40265.jpg,1929,1965,36
40270.jpg,1929,1991,62
40275.jpg,1929,1900,-29
40280.jpg,1929,1920,-9
40285.jpg,1929,1950,21
40290.jpg,1929,1850,-79
40295.jpg,1929,1850,-79
40305.jpg,1929,1920,-9
40310.jpg,1929,1915,-14
40315.jpg,1929,1920,-9
40320.jpg,1929,1995,66
40325.jpg,1929,1990,61
40330.jpg,1929,1905,-24
40335.jpg,1929,1650,-279
40340.jpg,1929,1995,66
40345.jpg,1929,1930,1
40350.jpg,1929,1900,-29
40355.jpg,1929,1850,-79
40360.jpg,1929,1900,-29
40365.jpg,1929,1990,61
40370.jpg,1929,1920,-9
40375.jpg,1929,2005,76
40380.jpg,1929,1870,-59
40385.jpg,1929,1900,-29
40390.jpg,1929,1950,21
40395.jpg,1929,1910,-19
40400.jpg,1929,1910,-19
40405.jpg,1929,1910,-19
40410.jpg,1929,1904,-25
40415.jpg,1929,1930,1
40420.jpg,1929,1940,11
40425.jpg,1929,1890,-39
40430.jpg,1929,1890,-39
40435.jpg,1929,1920,-9
40440.jpg,1929,1850,-79
40450.jpg,1929,1900,-29
40455.jpg,1929,1925,-4
40460.jpg,1929,1925,-4
40465.jpg,1929,1925,-4
40470.jpg,1929,1913,-16
40475.jpg,1929,1920,-9
40480.jpg,1929,1920,-9
40485.jpg,1929,1920,-9
40490.jpg,1929,1900,-29
40495.jpg,1929,1940,11
40500.jpg,1929,1920,-9
40505.jpg,1929,1975,46
40510.jpg,1929,1900,-29
40515.jpg,1929,1920,-9
40520.jpg,1929,2010,81
40525.jpg,1929,1800,-129
40530.jpg,1929,1925,-4
40535.jpg,1929,1900,-29
40540.jpg,1930,1850,-80
40545.jpg,1930,1950,20
40550.jpg,1930,1980,50
40555.jpg,1930,1910,-20
40560.jpg,1930,1990,60
40565.jpg,1930,1930,0
40570.jpg,1930,1900,-30
40575.jpg,1930,1950,20
40580.jpg,1930,1910,-20
40585.jpg,1930,1925,-5
40590.jpg,1930,1920,-10
40595.jpg,1930,1910,-20
40600.jpg,1930,1925,-5
40605.jpg,1930,1950,20
40610.jpg,1930,1920,-10
40615.jpg,1930,1860,-70
40620.jpg,1930,1900,-30
40625.jpg,1930,1925,-5
40630.jpg,1930,1900,-30
40635.jpg,1930,1964,34
40640.jpg,1930,1930,0
40645.jpg,1930,2010,80
40650.jpg,1930,1930,0
40655.jpg,1930,1900,-30
40660.jpg,1930,1820,-110
40665.jpg,1930,1920,-10
40670.jpg,1930,1965,35
40675.jpg,1930,1870,-60
40680.jpg,1930,1990,60
40685.jpg,1930,1990,60
40690.jpg,1930,1900,-30
40695.jpg,1930,1900,-30
40700.jpg,1930,1850,-80
40705.jpg,1930,1900,-30
40710.jpg,1930,1730,-200
40715.jpg,1930,1900,-30
40720.jpg,1930,1920,-10
40725.jpg,1930,1940,10
40730.jpg,1930,1900,-30
40735.jpg,1930,1915,-15
40740.jpg,1930,1850,-80
40745.jpg,1930,1870,-60
40750.jpg,1930,1800,-130
40755.jpg,1930,1995,65
40760.jpg,1930,1925,-5
40765.jpg,1930,1915,-15
40770.jpg,1930,1910,-20
40775.jpg,1930,1860,-70
40780.jpg,1930,2005,75
40785.jpg,1930,1935,5
40790.jpg,1930,1925,-5
40795.jpg,1930,1925,-5
40800.jpg,1930,1900,-30
40805.jpg,1930,1920,-10
40810.jpg,1930,1925,-5
40815.jpg,1930,1920,-10
40820.jpg,1930,1925,-5
40825.jpg,1930,1920,-10
40830.jpg,1930,1985,55
40835.jpg,1930,1925,-5
40840.jpg,1930,1850,-80
40845.jpg,1930,1930,0
40850.jpg,1930,1990,60
40855.jpg,1930,1930,0
40860.jpg,1930,1890,-40
40865.jpg,1930,1920,-10
40870.jpg,1930,1925,-5
40875.jpg,1930,1925,-5
40885.jpg,1930,1930,0
40890.jpg,1930,1920,-10
40895.jpg,1930,1890,-40
40900.jpg,1930,1967,37
40905.jpg,1930,1930,0
40910.jpg,1930,2001,71
40915.jpg,1930,1900,-30
40920.jpg,1930,1925,-5
40925.jpg,1930,1926,-4
40930.jpg,1930,1935,5
40935.jpg,1930,1930,0
40940.jpg,1930,1890,-40
40950.jpg,1930,1920,-10
40960.jpg,1930,1920,-10
40965.jpg,1931,1970,39
40970.jpg,1931,1945,14
40975.jpg,1931,1979,48
40980.jpg,1931,1980,49
40985.jpg,1931,1921,-10
40990.jpg,1931,1930,-1
40995.jpg,1931,1950,19
41000.jpg,1931,1900,-31
41005.jpg,1931,1925,-6
41010.jpg,1931,2000,69
41015.jpg,1931,1934,3
41020.jpg,1931,1975,44
41025.jpg,1931,1990,59
41030.jpg,1931,1985,54
41035.jpg,1931,1925,-6
41040.jpg,1931,1930,-1
41045.jpg,1931,1900,-31
41050.jpg,1931,1920,-11
41055.jpg,1931,1925,-6
41060.jpg,1931,1950,19
41065.jpg,1931,1925,-6
41070.jpg,1931,1930,-1
41075.jpg,1931,1928,-3
41080.jpg,1931,1915,-16
41085.jpg,1931,1990,59
41095.jpg,1931,1925,-6
41100.jpg,1931,1930,-1
41105.jpg,1931,1930,-1
41110.jpg,1931,1920,-11
41115.jpg,1931,1920,-11
41120.jpg,1931,1955,24
41125.jpg,1931,1920,-11
41130.jpg,1931,2005,74
41135.jpg,1931,1925,-6
41140.jpg,1931,1928,-3
41150.jpg,1931,1927,-4
41155.jpg,1931,1830,-101
41160.jpg,1931,1920,-11
41165.jpg,1931,1850,-81
41170.jpg,1931,1900,-31
41175.jpg,1931,1870,-61
41180.jpg,1931,1925,-6
41185.jpg,1931,1900,-31
41190.jpg,1931,1950,19
41195.jpg,1931,1890,-41
41200.jpg,1931,1905,-26
41205.jpg,1931,1900,-31
41210.jpg,1931,1900,-31
41215.jpg,1931,1900,-31
41220.jpg,1931,1850,-81
41225.jpg,1931,1750,-181
41230.jpg,1931,1920,-11
41235.jpg,1931,2000,69
41240.jpg,1931,1905,-26
41245.jpg,1931,1885,-46
41250.jpg,1931,1985,54
41255.jpg,1931,1930,-1
41260.jpg,1931,1850,-81
41265.jpg,1931,1969,38
41270.jpg,1931,1900,-31
41275.jpg,1931,1935,4
41280.jpg,1931,1920,-11
41285.jpg,1931,1850,-81
41290.jpg,1931,1920,-11
41295.jpg,1931,1975,44
41305.jpg,1931,1920,-11
41310.jpg,1932,1920,-12
41320.jpg,1932,1931,-1
41325.jpg,1932,1800,-132
41330.jpg,1932,1920,-12
41340.jpg,1932,2005,73
41345.jpg,1932,1925,-7
41350.jpg,1932,1905,-27
41355.jpg,1932,1950,18
41360.jpg,1932,1925,-7
41365.jpg,1932,1910,-22
41370.jpg,1932,1931,-1
41375.jpg,1932,1930,-2
41380.jpg,1932,1930,-2
41385.jpg,1932,1925,-7
41390.jpg,1932,1990,58
41395.jpg,1932,1930,-2
41400.jpg,1932,1900,-32
41405.jpg,1932,1915,-17
41410.jpg,1932,1910,-22
41415.jpg,1932,1932,0
41420.jpg,1932,1820,-112
41425.jpg,1932,1900,-32
41430.jpg,1932,1900,-32
41435.jpg,1932,1900,-32
41440.jpg,1932,1850,-82
41445.jpg,1932,1920,-12
41450.jpg,1932,1940,8
41455.jpg,1932,1795,-137
41460.jpg,1932,1850,-82
41465.jpg,1932,1925,-7
41470.jpg,1932,1995,63
41475.jpg,1932,1925,-7
41480.jpg,1932,1932,0
41485.jpg,1932,1935,3
41490.jpg,1932,1950,18
41495.jpg,1932,1927,-5
41500.jpg,1932,2004,72
41505.jpg,1932,1900,-32
41510.jpg,1932,1995,63
41515.jpg,1932,1900,-32
41520.jpg,1932,1900,-32
41525.jpg,1932,1920,-12
41530.jpg,1932,1900,-32
41535.jpg,1932,1850,-82
41540.jpg,1932,1900,-32
41545.jpg,1932,1925,-7
41550.jpg,1932,2005,73
41555.jpg,1932,1932,0
41560.jpg,1932,1900,-32
41565.jpg,1932,1925,-7
41570.jpg,1933,1990,57
41575.jpg,1933,1880,-53
41580.jpg,1933,1850,-83
41585.jpg,1933,2005,72
41590.jpg,1933,1970,37
41595.jpg,1933,1930,-3
41600.jpg,1933,1890,-43
41605.jpg,1933,1925,-8
41610.jpg,1933,1930,-3
41615.jpg,1933,1850,-83
41620.jpg,1933,1990,57
41625.jpg,1933,1900,-33
41630.jpg,1933,1900,-33
41635.jpg,1933,1900,-33
41640.jpg,1933,1830,-103
41645.jpg,1933,1850,-83
41650.jpg,1933,1910,-23
41655.jpg,1933,1910,-23
41660.jpg,1933,1935,2
41665.jpg,1933,1923,-10
41670.jpg,1933,1900,-33
41675.jpg,1933,1900,-33
41680.jpg,1933,1975,42
41685.jpg,1933,1820,-113
41690.jpg,1933,1930,-3
41695.jpg,1933,1925,-8
41700.jpg,1933,1920,-13
41705.jpg,1933,1925,-8
41710.jpg,1933,1850,-83
41715.jpg,1933,1800,-133
41720.jpg,1933,1890,-43
41725.jpg,1933,1920,-13
41730.jpg,1933,1910,-23
41745.jpg,1933,1850,-83
41750.jpg,1933,1930,-3
41755.jpg,1933,1990,57
41760.jpg,1933,2005,72
41765.jpg,1933,1880,-53
41770.jpg,1933,1850,-83
41775.jpg,1933,1930,-3
41780.jpg,1933,1830,-103
41785.jpg,1933,1850,-83
41790.jpg,1933,1900,-33
41795.jpg,1933,2005,72
41800.jpg,1933,1900,-33
41805.jpg,1933,1942,9
41810.jpg,1933,1940,7
41815.jpg,1933,1890,-43
41820.jpg,1933,1900,-33
41825.jpg,1933,1925,-8
41830.jpg,1933,1910,-23
41835.jpg,1934,1930,-4
41840.jpg,1934,1926,-8
41845.jpg,1934,1975,41
41850.jpg,1934,1920,-14
41855.jpg,1934,1980,46
41860.jpg,1934,1995,61
41865.jpg,1934,2010,76
41870.jpg,1934,2000,66
41875.jpg,1934,1960,26
41880.jpg,1934,1950,16
41885.jpg,1934,1900,-34
41890.jpg,1934,1920,-14
41895.jpg,1934,2008,74
41900.jpg,1934,1930,-4
41905.jpg,1934,1912,-22
41910.jpg,1934,1900,-34
41915.jpg,1934,1950,16
41920.jpg,1934,1960,26
41925.jpg,1934,1870,-64
41930.jpg,1934,1920,-14
41935.jpg,1934,1950,16
41940.jpg,1934,1920,-14
41945.jpg,1934,1950,16
41950.jpg,1934,1900,-34
41955.jpg,1934,1900,-34
41960.jpg,1934,1940,6
41965.jpg,1934,1900,-34
41970.jpg,1934,1850,-84
41975.jpg,1934,2005,71
41980.jpg,1934,1920,-14
41985.jpg,1934,1930,-4
41990.jpg,1934,1920,-14
41995.jpg,1934,1920,-14
42000.jpg,1934,1900,-34
42005.jpg,1934,1850,-84
42010.jpg,1935,1900,-35
42015.jpg,1935,1910,-25
42020.jpg,1935,1965,30
42025.jpg,1935,1820,-115
42035.jpg,1935,1995,60
42040.jpg,1935,2005,70
42045.jpg,1935,1960,25
42050.jpg,1935,1930,-5
42060.jpg,1935,1935,0
42065.jpg,1935,1950,15
42070.jpg,1935,1925,-10
42075.jpg,1935,1930,-5
42080.jpg,1935,1935,0
42085.jpg,1935,1870,-65
42090.jpg,1935,1945,10
42095.jpg,1935,1880,-55
42100.jpg,1935,1910,-25
42105.jpg,1935,1920,-15
42110.jpg,1935,2005,70
42115.jpg,1935,1890,-45
42120.jpg,1935,1900,-35
42125.jpg,1935,1850,-85
42130.jpg,1935,1970,35
42135.jpg,1935,1900,-35
42140.jpg,1935,1990,55
42145.jpg,1935,1750,-185
42150.jpg,1935,1820,-115
42155.jpg,1935,1800,-135
42160.jpg,1935,1880,-55
42165.jpg,1935,1900,-35
42170.jpg,1935,1810,-125
42175.jpg,1935,2005,70
42180.jpg,1935,1990,55
42185.jpg,1935,1975,40
42190.jpg,1935,1942,7
42195.jpg,1935,1950,15
42200.jpg,1935,1900,-35
42205.jpg,1935,1900,-35
42210.jpg,1935,1925,-10
42215.jpg,1935,1850,-85
42220.jpg,1935,1930,-5
42225.jpg,1935,1935,0
42230.jpg,1935,1886,-49
42235.jpg,1935,1928,-7
42240.jpg,1935,1900,-35
42250.jpg,1935,1940,5
42255.jpg,1935,1950,15
42260.jpg,1935,1990,55
42265.jpg,1935,1900,-35
42270.jpg,1935,1938,3
42275.jpg,1935,1990,55
42280.jpg,1935,1960,25
42285.jpg,1935,1920,-15
42290.jpg,1935,1900,-35
42295.jpg,1936,1920,-16
42300.jpg,1936,2010,74
42305.jpg,1936,1935,-1
42310.jpg,1936,1900,-36
42315.jpg,1936,1960,24
42320.jpg,1936,2005,69
42325.jpg,1936,1965,29
42330.jpg,1936,2010,74
42335.jpg,1936,1985,49
42340.jpg,1936,1965,29
42345.jpg,1936,1955,19
42350.jpg,1936,1950,14
42355.jpg,1936,1995,59
42360.jpg,1936,2005,69
42365.jpg,1936,1959,23
42370.jpg,1936,1925,-11
42375.jpg,1936,1900,-36
42380.jpg,1936,1990,54
42385.jpg,1936,1925,-11
42390.jpg,1936,2000,64
42395.jpg,1936,1940,4
42400.jpg,1936,1920,-16
42405.jpg,1936,1900,-36
42410.jpg,1936,1900,-36
42415.jpg,1936,1900,-36
42420.jpg,1936,1932,-4
42425.jpg,1936,1880,-56
42430.jpg,1936,1920,-16
42435.jpg,1936,1940,4
42440.jpg,1936,1920,-16
42445.jpg,1936,1850,-86
42450.jpg,1936,1965,29
42455.jpg,1936,1970,34
42460.jpg,1936,1930,-6
42465.jpg,1936,1945,9
42470.jpg,1936,1990,54
42475.jpg,1936,1900,-36
42480.jpg,1936,1850,-86
42485.jpg,1936,1912,-24
42490.jpg,1936,1930,-6
42495.jpg,1936,1915,-21
42500.jpg,1936,1950,14
42505.jpg,1936,1850,-86
42510.jpg,1936,1920,-16
42515.jpg,1936,1941,5
42520.jpg,1936,1900,-36
42525.jpg,1936,1940,4
42530.jpg,1936,1900,-36
42535.jpg,1936,1990,54
42540.jpg,1936,1822,-114
42545.jpg,1936,1800,-136
42550.jpg,1936,1920,-16
42555.jpg,1936,1650,-286
42560.jpg,1936,1920,-16
42565.jpg,1936,1900,-36
42570.jpg,1936,1960,24
42575.jpg,1936,1900,-36
42585.jpg,1936,1930,-6
42595.jpg,1936,1948,12
42600.jpg,1936,1955,19
42610.jpg,1937,1930,-7
42615.jpg,1937,1952,15
42620.jpg,1937,1942,5
42625.jpg,1937,1920,-17
42630.jpg,1937,1990,53
42635.jpg,1937,1935,-2
42640.jpg,1937,1980,43
42645.jpg,1937,1975,38
42650.jpg,1937,1993,56
42655.jpg,1937,2005,68
42660.jpg,1937,1900,-37
42665.jpg,1937,1900,-37
42670.jpg,1937,1895,-42
42675.jpg,1937,1965,28
42680.jpg,1937,1995,58
42685.jpg,1937,1900,-37
42690.jpg,1937,1930,-7
42695.jpg,1937,1900,-37
42700.jpg,1937,1920,-17
42705.jpg,1937,1940,3
42710.jpg,1937,1975,38
42715.jpg,1937,1980,43
42720.jpg,1937,1910,-27
42725.jpg,1937,1860,-77
42730.jpg,1937,1900,-37
42735.jpg,1937,1950,13
42740.jpg,1937,1956,19
42745.jpg,1937,1900,-37
42750.jpg,1937,1970,33
42755.jpg,1937,1933,-4
42765.jpg,1937,1840,-97
42770.jpg,1937,2010,73
42775.jpg,1937,1920,-17
42780.jpg,1937,1930,-7
42785.jpg,1937,1930,-7
42790.jpg,1937,1912,-25
42795.jpg,1937,1930,-7
42800.jpg,1937,1850,-87
42805.jpg,1937,1930,-7
42810.jpg,1937,1820,-117
42815.jpg,1937,1925,-12
42820.jpg,1937,1990,53
42825.jpg,1937,1910,-27
42830.jpg,1937,1066,-871
42835.jpg,1937,1990,53
42840.jpg,1937,1920,-17
42845.jpg,1937,1850,-87
42850.jpg,1937,1916,-21
42855.jpg,1937,1936,-1
42860.jpg,1937,1900,-37
42865.jpg,1937,1925,-12
42870.jpg,1937,1925,-12
42875.jpg,1937,1985,48
42880.jpg,1937,1900,-37
42885.jpg,1937,1985,48
42890.jpg,1937,1910,-27
42895.jpg,1937,1900,-37
42900.jpg,1937,1990,53
42905.jpg,1937,1960,23
42910.jpg,1937,1100,-837
42915.jpg,1938,1990,52
42920.jpg,1938,1990,52
42925.jpg,1938,1919,-19
42930.jpg,1938,1925,-13
42935.jpg,1938,1900,-38
42940.jpg,1938,1960,22
42945.jpg,1938,2000,62
42950.jpg,1938,1980,42
42955.jpg,1938,1990,52
42960.jpg,1938,1930,-8
42965.jpg,1938,1930,-8
42970.jpg,1938,1970,32
42975.jpg,1938,1925,-13
42980.jpg,1938,1900,-38
42985.jpg,1938,1890,-48
42990.jpg,1938,1900,-38
42995.jpg,1938,1910,-28
43000.jpg,1938,1950,12
43005.jpg,1938,1900,-38
43010.jpg,1938,1918,-20
43015.jpg,1938,1910,-28
43020.jpg,1938,1850,-88
43025.jpg,1938,1955,17
43030.jpg,1938,1910,-28
43035.jpg,1938,1895,-43
43040.jpg,1938,1930,-8
43045.jpg,1938,1930,-8
43050.jpg,1938,1920,-18
43055.jpg,1938,1960,22
43060.jpg,1938,1965,27
43065.jpg,1938,1950,12
43070.jpg,1938,1930,-8
43075.jpg,1938,1990,52
43080.jpg,1938,1930,-8
43085.jpg,1938,1850,-88
43090.jpg,1938,1970,32
43095.jpg,1938,1900,-38
43100.jpg,1938,2005,67
43105.jpg,1938,1935,-3
43110.jpg,1938,1927,-11
43115.jpg,1938,1932,-6
43120.jpg,1938,1910,-28
43125.jpg,1938,1921,-17
43130.jpg,1938,1925,-13
43135.jpg,1938,1880,-58
43140.jpg,1938,1995,57
43145.jpg,1938,1850,-88
43150.jpg,1938,1893,-45
43155.jpg,1938,1970,32
43160.jpg,1938,1960,22
43165.jpg,1938,1995,57
43170.jpg,1938,1930,-8
43175.jpg,1938,1900,-38
43185.jpg,1938,1900,-38
43190.jpg,1938,1900,-38
43195.jpg,1938,1980,42
43200.jpg,1938,1970,32
43210.jpg,1939,1936,-3
43215.jpg,1939,1955,16
43220.jpg,1939,1990,51
43225.jpg,1939,1850,-89
43235.jpg,1939,2005,66
43245.jpg,1939,1990,51
43250.jpg,1939,1970,31
43255.jpg,1939,1980,41
43260.jpg,1939,1990,51
43270.jpg,1939,1910,-29
43275.jpg,1939,1910,-29
43280.jpg,1939,1850,-89
43285.jpg,1939,1990,51
43290.jpg,1939,1945,6
43295.jpg,1939,1920,-19
43300.jpg,1939,1995,56
43305.jpg,1939,1970,31
43310.jpg,1939,1935,-4
43315.jpg,1939,1935,-4
43320.jpg,1939,1965,26
43325.jpg,1939,1930,-9
43330.jpg,1939,1950,11
43335.jpg,1939,1950,11
43340.jpg,1939,2000,61
43345.jpg,1939,1850,-89
43350.jpg,1939,1990,51
43360.jpg,1939,1900,-39
43365.jpg,1939,1850,-89
43370.jpg,1939,1910,-29
43375.jpg,1939,1905,-34
43380.jpg,1939,1935,-4
43385.jpg,1939,1938,-1
43390.jpg,1939,1930,-9
43395.jpg,1939,1970,31
43400.jpg,1939,2005,66
43405.jpg,1939,2010,71
43410.jpg,1939,1935,-4
43415.jpg,1939,1950,11
43420.jpg,1939,1900,-39
43425.jpg,1939,1900,-39
43430.jpg,1939,1890,-49
43435.jpg,1939,1900,-39
43440.jpg,1939,1925,-14
43445.jpg,1939,1950,11
43450.jpg,1939,1900,-39
43455.jpg,1939,1930,-9
43460.jpg,1939,1890,-49
43465.jpg,1939,1900,-39
43470.jpg,1940,1980,40
43475.jpg,1940,1938,-2
43480.jpg,1940,1950,10
43485.jpg,1940,1900,-40
43490.jpg,1940,1900,-40
43495.jpg,1940,1923,-17
43500.jpg,1940,1950,10
43505.jpg,1940,2005,65
43510.jpg,1940,1925,-15
43515.jpg,1940,1900,-40
43520.jpg,1940,1930,-10
43525.jpg,1940,1800,-140
43530.jpg,1940,1935,-5
43535.jpg,1940,1900,-40
43540.jpg,1940,1935,-5
43545.jpg,1940,1965,25
43550.jpg,1940,1950,10
43555.jpg,1940,1955,15
43560.jpg,1940,1930,-10
43565.jpg,1940,1990,50
43570.jpg,1940,1900,-40
43575.jpg,1940,1965,25
43580.jpg,1940,1890,-50
43585.jpg,1940,1990,50
43590.jpg,1940,1925,-15
43595.jpg,1940,1950,10
43600.jpg,1940,1935,-5
43605.jpg,1940,1930,-10
43610.jpg,1940,1900,-40
43615.jpg,1940,1840,-100
43620.jpg,1940,1980,40
43625.jpg,1940,1900,-40
43630.jpg,1940,1936,-4
43635.jpg,1940,1940,0
43640.jpg,1940,1925,-15
43645.jpg,1940,1950,10
43650.jpg,1940,1960,20
43655.jpg,1940,1940,0
43660.jpg,1940,1970,30
43665.jpg,1940,1900,-40
43670.jpg,1940,1900,-40
43675.jpg,1940,1935,-5
43680.jpg,1940,1950,10
43685.jpg,1940,1980,40
43700.jpg,1940,1950,10
43705.jpg,1940,1980,40
43710.jpg,1940,1900,-40
43715.jpg,1940,1930,-10
43720.jpg,1941,1945,4
43725.jpg,1941,1940,-1
43730.jpg,1941,2010,69
43735.jpg,1941,1995,54
43740.jpg,1941,1970,29
43745.jpg,1941,1840,-101
43750.jpg,1941,1920,-21
43755.jpg,1941,1840,-101
43760.jpg,1941,1920,-21
43765.jpg,1941,1850,-91
43770.jpg,1941,1920,-21
43775.jpg,1941,1900,-41
43780.jpg,1941,1970,29
43785.jpg,1941,1960,19
43790.jpg,1941,1920,-21
43795.jpg,1941,2005,64
43800.jpg,1941,1890,-51
43805.jpg,1941,1850,-91
43810.jpg,1941,1900,-41
43815.jpg,1941,1955,14
43820.jpg,1941,1960,19
43825.jpg,1941,1920,-21
43830.jpg,1941,1990,49
43835.jpg,1941,1990,49
43840.jpg,1941,2020,79
43845.jpg,1941,1936,-5
43850.jpg,1941,1955,14
43855.jpg,1941,1850,-91
43860.jpg,1941,1990,49
43865.jpg,1942,1930,-12
43870.jpg,1942,1925,-17
43875.jpg,1942,1960,18
43880.jpg,1942,1920,-22
43885.jpg,1942,1950,8
43890.jpg,1942,1975,33
43895.jpg,1942,1935,-7
43900.jpg,1942,1925,-17
43905.jpg,1942,1900,-42
43910.jpg,1942,1965,23
43915.jpg,1942,1820,-122
43920.jpg,1942,1930,-12
43925.jpg,1942,1990,48
43930.jpg,1942,1940,-2
43935.jpg,1942,1920,-22
43940.jpg,1942,1925,-17
43945.jpg,1942,1990,48
43950.jpg,1942,1900,-42
43955.jpg,1942,1900,-42
43960.jpg,1943,1900,-43
43965.jpg,1943,1965,22
43970.jpg,1943,1945,2
43975.jpg,1943,1930,-13
43980.jpg,1943,1903,-40
43985.jpg,1943,1900,-43
43990.jpg,1943,1997,54
43995.jpg,1943,1850,-93
44000.jpg,1943,1975,32
44005.jpg,1943,1948,5
44010.jpg,1943,1990,47
44015.jpg,1943,1990,47
44020.jpg,1943,1905,-38
44025.jpg,1943,1980,37
44030.jpg,1944,1912,-32
44035.jpg,1944,1970,26
44040.jpg,1944,2005,61
44045.jpg,1944,1980,36
44050.jpg,1944,1900,-44
44055.jpg,1944,1000,-944
44060.jpg,1945,1870,-75
44065.jpg,1945,1940,-5
44075.jpg,1945,1990,45
44080.jpg,1945,1950,5
44090.jpg,1945,1870,-75
44095.jpg,1945,1980,35
44100.jpg,1945,1990,45
44105.jpg,1945,1900,-45
44110.jpg,1945,1950,5
44115.jpg,1946,1955,9
44120.jpg,1946,1950,4
44125.jpg,1946,1950,4
44130.jpg,1946,1900,-46
44135.jpg,1946,1925,-21
44140.jpg,1946,1980,34
44145.jpg,1946,1975,29
44150.jpg,1946,1900,-46
44155.jpg,1946,1890,-56
44160.jpg,1946,1920,-26
44165.jpg,1946,1990,44
44170.jpg,1946,1930,-16
44175.jpg,1947,1945,-2
44180.jpg,1947,1950,3
44185.jpg,1947,1780,-167
44190.jpg,1947,1980,33
44195.jpg,1947,1950,3
44200.jpg,1947,1965,18
44205.jpg,1947,1970,23
44210.jpg,1947,1990,43
44215.jpg,1947,1925,-22
44220.jpg,1947,1900,-47
44230.jpg,1947,1910,-37
44240.jpg,1947,1980,33
44245.jpg,1947,1900,-47
44250.jpg,1947,1950,3
44255.jpg,1947,2010,63
44260.jpg,1947,1890,-57
44270.jpg,1947,1980,33
44275.jpg,1947,1890,-57
44280.jpg,1947,1950,3
44285.jpg,1948,1940,-8
44290.jpg,1948,2010,62
44295.jpg,1948,2015,67
44300.jpg,1948,1900,-48
44305.jpg,1948,2005,57
44310.jpg,1948,1990,42
44315.jpg,1948,2005,57
44320.jpg,1948,1990,42
44325.jpg,1948,1900,-48
44330.jpg,1948,1972,24
44335.jpg,1948,1850,-98
44340.jpg,1948,1985,37
44345.jpg,1948,1870,-78
44350.jpg,1948,1970,22
44355.jpg,1948,1940,-8
44360.jpg,1948,1930,-18
44365.jpg,1948,1985,37
44370.jpg,1948,1870,-78
44375.jpg,1948,1925,-23
44380.jpg,1948,1995,47
44385.jpg,1948,1971,23
44390.jpg,1948,1938,-10
44395.jpg,1948,1930,-18
44400.jpg,1949,1840,-109
44405.jpg,1949,2010,61
44410.jpg,1949,1910,-39
44415.jpg,1949,2005,56
44420.jpg,1949,2010,61
44425.jpg,1949,2005,56
44430.jpg,1949,1940,-9
44435.jpg,1949,1950,1
44440.jpg,1949,1975,26
44445.jpg,1949,1985,36
44450.jpg,1949,1925,-24
44455.jpg,1949,1925,-24
44460.jpg,1949,1925,-24
44465.jpg,1949,1930,-19
44470.jpg,1949,1985,36
44475.jpg,1949,1930,-19
44480.jpg,1949,1950,1
44485.jpg,1949,1970,21
44490.jpg,1949,2005,56
44495.jpg,1949,1990,41
44500.jpg,1949,1980,31
44510.jpg,1949,1912,-37
44515.jpg,1949,1900,-49
44520.jpg,1949,2005,56
44525.jpg,1949,2005,56
44530.jpg,1949,1920,-29
44535.jpg,1949,1990,41
44540.jpg,1950,1965,15
44545.jpg,1950,1990,40
44550.jpg,1950,1993,43
44555.jpg,1950,1990,40
44560.jpg,1950,1980,30
44565.jpg,1950,1975,25
44570.jpg,1950,1980,30
44575.jpg,1950,1930,-20
44585.jpg,1950,1997,47
44590.jpg,1950,1990,40
44595.jpg,1950,1965,15
44600.jpg,1950,1990,40
44605.jpg,1950,1995,45
44610.jpg,1950,1975,25
44615.jpg,1950,1990,40
44620.jpg,1950,1985,35
44625.jpg,1950,1890,-60
44630.jpg,1950,1900,-50
44635.jpg,1950,1935,-15
44640.jpg,1950,1955,5
44645.jpg,1950,1950,0
44650.jpg,1950,1970,20
44655.jpg,1950,1950,0
44660.jpg,1950,1970,20
44665.jpg,1950,1900,-50
44680.jpg,1950,1900,-50
44685.jpg,1950,1980,30
44690.jpg,1950,1940,-10
44695.jpg,1950,1925,-25
44700.jpg,1950,1968,18
44705.jpg,1951,1975,24
44710.jpg,1951,1930,-21
44720.jpg,1951,1965,14
44725.jpg,1951,2005,54
44730.jpg,1951,1970,19
44735.jpg,1951,1955,4
44740.jpg,1951,1913,-38
44745.jpg,1951,1990,39
44750.jpg,1951,1995,44
44755.jpg,1951,1935,-16
44760.jpg,1951,1975,24
44765.jpg,1951,1925,-26
44770.jpg,1951,1350,-601
44775.jpg,1951,1980,29
44780.jpg,1951,1900,-51
44785.jpg,1951,1995,44
44790.jpg,1951,1965,14
44795.jpg,1951,2015,64
44800.jpg,1951,1950,-1
44810.jpg,1951,1900,-51
44815.jpg,1951,1900,-51
44820.jpg,1951,1950,-1
44825.jpg,1951,2005,54
44830.jpg,1951,2000,49
44840.jpg,1951,1965,14
44845.jpg,1952,1920,-32
44850.jpg,1952,1975,23
44855.jpg,1952,2005,53
44860.jpg,1952,1990,38
44865.jpg,1952,2005,53
44870.jpg,1952,1999,47
44875.jpg,1952,1970,18
44880.jpg,1952,1990,38
44885.jpg,1952,1975,23
44890.jpg,1952,1950,-2
44895.jpg,1952,1966,14
44900.jpg,1952,1990,38
44905.jpg,1952,1940,-12
44910.jpg,1952,2007,55
44915.jpg,1952,1930,-22
44920.jpg,1952,1945,-7
44925.jpg,1952,1990,38
44930.jpg,1952,1990,38
44940.jpg,1952,1930,-22
44945.jpg,1952,2000,48
44950.jpg,1952,1980,28
44955.jpg,1952,2010,58
44960.jpg,1953,1995,42
44965.jpg,1953,2005,52
44970.jpg,1953,1985,32
44980.jpg,1953,1925,-28
44985.jpg,1953,2015,62
44990.jpg,1953,2000,47
44995.jpg,1953,1993,40
45000.jpg,1953,2010,57
45005.jpg,1953,1930,-23
45010.jpg,1953,1925,-28
45015.jpg,1953,1975,22
45020.jpg,1953,1990,37
45025.jpg,1953,1930,-23
45030.jpg,1953,1920,-33
45035.jpg,1953,1900,-53
45040.jpg,1953,1900,-53
45045.jpg,1953,1900,-53
45050.jpg,1953,1960,7
45055.jpg,1953,1955,2
45060.jpg,1953,1930,-23
45065.jpg,1953,1995,42
45070.jpg,1953,1990,37
45075.jpg,1953,2005,52
45080.jpg,1953,1950,-3
45085.jpg,1953,1925,-28
45090.jpg,1953,1840,-113
45095.jpg,1954,1950,-4
45100.jpg,1954,1995,41
45105.jpg,1954,2010,56
45110.jpg,1954,1975,21
45115.jpg,1954,2005,51
45120.jpg,1954,1972,18
45125.jpg,1954,1980,26
45130.jpg,1954,1955,1
45135.jpg,1954,1970,16
45140.jpg,1954,1980,26
45150.jpg,1954,1925,-29
45155.jpg,1954,1860,-94
45160.jpg,1954,1970,16
45165.jpg,1954,1900,-54
45170.jpg,1954,2000,46
45175.jpg,1954,1925,-29
45180.jpg,1954,1925,-29
45185.jpg,1954,1980,26
45190.jpg,1954,1960,6
45195.jpg,1954,1940,-14
45200.jpg,1954,1995,41
45205.jpg,1954,1931,-23
45210.jpg,1954,1925,-29
45215.jpg,1954,1995,41
45220.jpg,1954,1830,-124
45225.jpg,1954,1964,10
45230.jpg,1954,1990,36
45235.jpg,1955,1700,-255
45240.jpg,1955,1990,35
45245.jpg,1955,1965,10
45250.jpg,1955,1960,5
45255.jpg,1955,1960,5
45260.jpg,1955,1950,-5
45265.jpg,1955,1900,-55
45275.jpg,1955,1950,-5
45280.jpg,1955,1950,-5
45285.jpg,1955,1950,-5
45290.jpg,1955,1990,35
45295.jpg,1955,2005,50
45300.jpg,1955,2017,62
45310.jpg,1955,1950,-5
45315.jpg,1955,2010,55
45320.jpg,1955,1850,-105
45325.jpg,1955,1950,-5
45330.jpg,1955,1960,5
45335.jpg,1955,1940,-15
45345.jpg,1955,2000,45
45350.jpg,1955,1965,10
45355.jpg,1955,2005,50
45360.jpg,1955,1841,-114
45365.jpg,1955,2000,45
45370.jpg,1955,1978,23
45375.jpg,1955,1850,-105
45385.jpg,1956,1975,19
45390.jpg,1956,1975,19
45395.jpg,1956,2005,49
45400.jpg,1956,2005,49
45405.jpg,1956,1960,4
45410.jpg,1956,1990,34
45415.jpg,1956,1960,4
45420.jpg,1956,1980,24
45430.jpg,1956,1998,42
45435.jpg,1956,1850,-106
45440.jpg,1956,1965,9
45445.jpg,1956,1972,16
45450.jpg,1956,1965,9
45455.jpg,1956,1990,34
45460.jpg,1956,1900,-56
45465.jpg,1956,1900,-56
45470.jpg,1956,1975,19
45475.jpg,1956,1925,-31
45480.jpg,1956,1900,-56
45485.jpg,1956,1980,24
45490.jpg,1956,11927,9971
45495.jpg,1956,1905,-51
45500.jpg,1956,2010,54
45505.jpg,1956,2005,49
45510.jpg,1956,2005,49
45515.jpg,1956,2010,54
45520.jpg,1956,2000,44
45530.jpg,1957,1990,33
45535.jpg,1957,1950,-7
45540.jpg,1957,1993,36
45545.jpg,1957,2008,51
45550.jpg,1957,1990,33
45555.jpg,1957,1940,-17
45560.jpg,1957,2008,51
45565.jpg,1957,1950,-7
45570.jpg,1957,2005,48
45575.jpg,1957,1928,-29
45585.jpg,1957,1925,-32
45590.jpg,1957,1990,33
45595.jpg,1957,1980,23
45605.jpg,1957,1990,33
45610.jpg,1957,1950,-7
45615.jpg,1957,1970,13
45620.jpg,1957,1970,13
45630.jpg,1957,1880,-77
45635.jpg,1957,1960,3
45640.jpg,1957,1900,-57
45645.jpg,1957,1850,-107
45650.jpg,1957,1970,13
45655.jpg,1957,1930,-27
45660.jpg,1957,1980,23
45665.jpg,1957,1900,-57
45675.jpg,1957,2005,48
45680.jpg,1957,1900,-57
45685.jpg,1957,1965,8
45695.jpg,1957,2010,53
45700.jpg,1958,1940,-18
45705.jpg,1958,2010,52
45715.jpg,1958,1980,22
45720.jpg,1958,1950,-8
45730.jpg,1958,1975,17
45735.jpg,1958,2000,42
45740.jpg,1958,1955,-3
45745.jpg,1958,1955,-3
45750.jpg,1958,2005,47
45755.jpg,1958,1850,-108
45760.jpg,1958,1968,10
45765.jpg,1958,1965,7
45770.jpg,1958,1964,6
45775.jpg,1958,1990,32
45780.jpg,1958,1900,-58
45785.jpg,1958,2000,42
45790.jpg,1958,1955,-3
45795.jpg,1958,2010,52
45800.jpg,1958,1950,-8
45805.jpg,1958,1900,-58
45810.jpg,1958,1750,-208
45815.jpg,1958,2010,52
45820.jpg,1958,1900,-58
45825.jpg,1958,1990,32
45830.jpg,1958,2005,47
45835.jpg,1958,1900,-58
45840.jpg,1958,1970,12
45845.jpg,1958,1965,7
45850.jpg,1958,1965,7
45855.jpg,1959,2010,51
45860.jpg,1959,1900,-59
45870.jpg,1959,2003,44
45880.jpg,1959,1920,-39
45885.jpg,1959,1995,36
45890.jpg,1959,1948,-11
45895.jpg,1959,1959,0
45900.jpg,1959,1985,26
45905.jpg,1959,1965,6
45910.jpg,1959,2010,51
45915.jpg,1959,1999,40
45925.jpg,1959,1990,31
45930.jpg,1959,1990,31
45935.jpg,1959,1985,26
45940.jpg,1959,2005,46
45945.jpg,1959,2006,47
45950.jpg,1959,1990,31
45955.jpg,1959,2005,46
45960.jpg,1959,1950,-9
45965.jpg,1959,1920,-39
45970.jpg,1959,1900,-59
45975.jpg,1959,1970,11
45980.jpg,1959,1950,-9
45985.jpg,1959,1900,-59
45990.jpg,1960,1790,-170
45995.jpg,1960,2023,63
46000.jpg,1960,1998,38
46005.jpg,1960,2005,45
46015.jpg,1960,1965,5
46025.jpg,1960,2005,45
46030.jpg,1960,1990,30
46035.jpg,1960,1970,10
46040.jpg,1960,1990,30
46045.jpg,1960,1985,25
46050.jpg,1960,1960,0
46055.jpg,1960,1870,-90
46060.jpg,1960,1970,10
46065.jpg,1960,1950,-10
46070.jpg,1960,1997,37
46075.jpg,1960,1900,-60
46080.jpg,1960,2003,43
46085.jpg,1960,1850,-110
46090.jpg,1960,1950,-10
46095.jpg,1960,1950,-10
46100.jpg,1960,1980,20
46105.jpg,1960,1950,-10
46110.jpg,1960,1980,20
46115.jpg,1960,2005,45
46120.jpg,1960,2005,45
46130.jpg,1960,1920,-40
46135.jpg,1960,1935,-25
46140.jpg,1960,1934,-26
46145.jpg,1960,1925,-35
46150.jpg,1960,1967,7
46155.jpg,1961,1900,-61
46160.jpg,1961,1997,36
46170.jpg,1961,2000,39
46180.jpg,1961,1948,-13
46185.jpg,1961,2005,44
46190.jpg,1961,1950,-11
46195.jpg,1961,1990,29
46200.jpg,1961,1990,29
46205.jpg,1961,1995,34
46210.jpg,1961,1990,29
46215.jpg,1961,1980,19
46220.jpg,1961,2001,40
46225.jpg,1961,1980,19
46230.jpg,1961,1980,19
46235.jpg,1961,1955,-6
46240.jpg,1961,2019,58
46245.jpg,1961,1990,29
46250.jpg,1961,1925,-36
46255.jpg,1961,1960,-1
46260.jpg,1961,1965,4
46265.jpg,1961,1980,19
46270.jpg,1961,1955,-6
46275.jpg,1961,1930,-31
46280.jpg,1961,1850,-111
46285.jpg,1961,2010,49
46290.jpg,1961,1999,38
46295.jpg,1961,1950,-11
46305.jpg,1961,1966,5
46310.jpg,1961,1967,6
46315.jpg,1961,2010,49
46320.jpg,1962,1995,33
46330.jpg,1962,1850,-112
46335.jpg,1962,2015,53
46340.jpg,1962,2000,38
46345.jpg,1962,1990,28
46350.jpg,1962,1990,28
46355.jpg,1962,2000,38
46360.jpg,1962,2010,48
46365.jpg,1962,1950,-12
46370.jpg,1962,1990,28
46375.jpg,1962,1975,13
46380.jpg,1962,1975,13
46385.jpg,1962,1960,-2
46390.jpg,1962,1966,4
46395.jpg,1962,1916,-46
46400.jpg,1962,1900,-62
46405.jpg,1962,1860,-102
46410.jpg,1962,1950,-12
46415.jpg,1962,1860,-102
46420.jpg,1962,2005,43
46425.jpg,1962,1970,8
46430.jpg,1962,2010,48
46435.jpg,1962,1873,-89
46440.jpg,1962,2005,43
46445.jpg,1962,2005,43
46450.jpg,1962,1900,-62
46455.jpg,1962,1921,-41
46460.jpg,1962,1968,6
46465.jpg,1963,1967,4
46470.jpg,1963,1960,-3
46475.jpg,1963,1980,17
46480.jpg,1963,1900,-63
46490.jpg,1963,2003,40
46495.jpg,1963,1990,27
46500.jpg,1963,1950,-13
46505.jpg,1963,2005,42
46510.jpg,1963,1990,27
46515.jpg,1963,1990,27
46520.jpg,1963,1967,4
46525.jpg,1963,2005,42
46530.jpg,1963,1990,27
46535.jpg,1963,1972,9
46540.jpg,1963,1850,-113
46545.jpg,1963,1955,-8
46550.jpg,1963,1975,12
46555.jpg,1963,1990,27
46560.jpg,1963,1930,-33
46565.jpg,1963,1992,29
46570.jpg,1963,2010,47
46575.jpg,1963,1940,-23
46580.jpg,1963,1975,12
46585.jpg,1963,1990,27
46590.jpg,1963,1200,-763
46595.jpg,1963,1900,-63
46600.jpg,1963,1950,-13
46605.jpg,1963,2005,42
46615.jpg,1963,1940,-23
46620.jpg,1963,1965,2
46625.jpg,1963,2005,42
46630.jpg,1963,1920,-43
46635.jpg,1964,1995,31
46640.jpg,1964,2010,46
46645.jpg,1964,1960,-4
46650.jpg,1964,1990,26
46655.jpg,1964,1965,1
46660.jpg,1964,2008,44
46665.jpg,1964,1960,-4
46670.jpg,1964,1970,6
46675.jpg,1964,2005,41
46680.jpg,1964,2010,46
46685.jpg,1964,2008,44
46690.jpg,1964,2005,41
46695.jpg,1964,2010,46
46700.jpg,1964,1955,-9
46705.jpg,1964,2010,46
46710.jpg,1964,1990,26
46715.jpg,1964,1965,1
46720.jpg,1964,1960,-4
46725.jpg,1964,1985,21
46730.jpg,1964,1900,-64
46735.jpg,1964,1997,33
46740.jpg,1964,1983,19
46745.jpg,1964,1950,-14
46750.jpg,1964,1920,-44
46755.jpg,1964,1990,26
46760.jpg,1964,1810,-154
46765.jpg,1964,2000,36
46770.jpg,1964,1990,26
46775.jpg,1964,1900,-64
46780.jpg,1964,1990,26
46785.jpg,1964,1990,26
46790.jpg,1964,2010,46
46795.jpg,1964,1965,1
46805.jpg,1964,1935,-29
46810.jpg,1964,1968,4
46815.jpg,1964,2020,56
46820.jpg,1965,2000,35
46825.jpg,1965,2010,45
46830.jpg,1965,1968,3
46835.jpg,1965,2008,43
46840.jpg,1965,1950,-15
46845.jpg,1965,2005,40
46850.jpg,1965,1970,5
46860.jpg,1965,1999,34
46865.jpg,1965,1970,5
46870.jpg,1965,2020,55
46875.jpg,1965,1990,25
46885.jpg,1965,1970,5
46890.jpg,1965,2010,45
46895.jpg,1965,1965,0
46900.jpg,1965,1990,25
46905.jpg,1965,1932,-33
46910.jpg,1965,2005,40
46915.jpg,1965,1990,25
46920.jpg,1965,1965,0
46930.jpg,1965,1970,5
46935.jpg,1965,1960,-5
46940.jpg,1965,1940,-25
46945.jpg,1965,1900,-65
46950.jpg,1965,1990,25
46955.jpg,1965,1995,30
46960.jpg,1965,2000,35
46965.jpg,1965,2005,40
46970.jpg,1965,1980,15
46990.jpg,1965,1995,30
46995.jpg,1965,1920,-45
47000.jpg,1965,1969,4
47005.jpg,1966,1968,2
47010.jpg,1966,1998,32
47015.jpg,1966,2005,39
47020.jpg,1966,1964,-2
47025.jpg,1966,1980,14
47030.jpg,1966,2005,39
47035.jpg,1966,1990,24
47040.jpg,1966,1990,24
47050.jpg,1966,1995,29
47055.jpg,1966,1990,24
47060.jpg,1966,1990,24
47065.jpg,1966,1925,-41
47070.jpg,1966,1930,-36
47075.jpg,1966,2000,34
47080.jpg,1966,1970,4
47085.jpg,1966,1990,24
47090.jpg,1966,1975,9
47100.jpg,1966,1880,-86
47105.jpg,1966,1963,-3
47115.jpg,1966,1980,14
47120.jpg,1966,1900,-66
47125.jpg,1966,1930,-36
47130.jpg,1966,1925,-41
47135.jpg,1966,2000,34
47140.jpg,1966,1995,29
47145.jpg,1966,1900,-66
47150.jpg,1966,1965,-1
47155.jpg,1966,1900,-66
47170.jpg,1966,1995,29
47175.jpg,1966,1990,24
47180.jpg,1966,1998,32
47185.jpg,1966,1960,-6
47190.jpg,1966,1968,2
47195.jpg,1966,1990,24
47200.jpg,1966,1960,-6
47205.jpg,1966,1965,-1
47210.jpg,1966,1950,-16
47215.jpg,1966,1954,-12
47220.jpg,1966,2002,36
47225.jpg,1967,1990,23
47230.jpg,1967,1900,-67
47235.jpg,1967,1912,-55
47240.jpg,1967,1975,8
47245.jpg,1967,1900,-67
47255.jpg,1967,1990,23
47265.jpg,1967,2005,38
47270.jpg,1967,1990,23
47275.jpg,1967,1985,18
47280.jpg,1967,2000,33
47285.jpg,1967,1997,30
47290.jpg,1967,1985,18
47295.jpg,1967,1952,-15
47300.jpg,1967,1850,-117
47305.jpg,1967,1889,-78
47310.jpg,1967,1965,-2
47315.jpg,1967,1970,3
47320.jpg,1967,1980,13
47325.jpg,1967,1990,23
47330.jpg,1967,1950,-17
47335.jpg,1967,1990,23
47340.jpg,1967,2010,43
47345.jpg,1967,1950,-17
47350.jpg,1967,1920,-47
47355.jpg,1967,1955,-12
47360.jpg,1967,1915,-52
47365.jpg,1967,1930,-37
47370.jpg,1967,1900,-67
47375.jpg,1967,1910,-57
47380.jpg,1967,1990,23
47385.jpg,1967,1900,-67
47395.jpg,1967,1995,28
47400.jpg,1967,2005,38
47405.jpg,1967,1960,-7
47410.jpg,1967,2010,43
47420.jpg,1967,1985,18
47425.jpg,1967,1995,28
47430.jpg,1967,2005,38
47435.jpg,1967,1990,23
47440.jpg,1967,1965,-2
47445.jpg,1967,2000,33
47450.jpg,1968,1955,-13
47455.jpg,1968,1950,-18
47460.jpg,1968,1965,-3
47465.jpg,1968,2005,37
47470.jpg,1968,1965,-3
47475.jpg,1968,1972,4
47480.jpg,1968,2010,42
47485.jpg,1968,1965,-3
47490.jpg,1968,2005,37
47495.jpg,1968,2010,42
47500.jpg,1968,2010,42
47505.jpg,1968,2010,42
47515.jpg,1968,1930,-38
47520.jpg,1968,1920,-48
47525.jpg,1968,1965,-3
47530.jpg,1968,1932,-36
47535.jpg,1968,1965,-3
47540.jpg,1968,1965,-3
47545.jpg,1968,1965,-3
47550.jpg,1968,1985,17
47555.jpg,1968,1943,-25
47560.jpg,1968,1980,12
47565.jpg,1968,1960,-8
47570.jpg,1968,1949,-19
47575.jpg,1968,1880,-88
47580.jpg,1968,2000,32
47585.jpg,1968,1900,-68
47590.jpg,1968,2000,32
47595.jpg,1968,1990,22
47600.jpg,1968,2010,42
47610.jpg,1968,2000,32
47620.jpg,1968,1980,12
47625.jpg,1968,1923,-45
47630.jpg,1968,2005,37
47635.jpg,1968,1975,7
47640.jpg,1968,1970,2
47645.jpg,1968,1990,22
47650.jpg,1969,1950,-19
47655.jpg,1969,1965,-4
47660.jpg,1969,1950,-19
47665.jpg,1969,1980,11
47670.jpg,1969,1990,21
47675.jpg,1969,1900,-69
47680.jpg,1969,1990,21
47685.jpg,1969,1995,26
47690.jpg,1969,1955,-14
47695.jpg,1969,1900,-69
47700.jpg,1969,2005,36
47710.jpg,1969,1980,11
47715.jpg,1969,1920,-49
47720.jpg,1969,1965,-4
47730.jpg,1969,1955,-14
47735.jpg,1969,1975,6
47740.jpg,1969,1920,-49
47745.jpg,1969,1970,1
47750.jpg,1969,2000,31
47755.jpg,1969,1925,-44
47760.jpg,1969,1965,-4
47765.jpg,1969,2000,31
47770.jpg,1969,1995,26
47780.jpg,1969,1990,21
47785.jpg,1969,2000,31
47790.jpg,1969,1970,1
47795.jpg,1969,1965,-4
47800.jpg,1969,1990,21
47805.jpg,1969,1900,-69
47810.jpg,1969,1967,-2
47815.jpg,1969,1990,21
47820.jpg,1969,1950,-19
47825.jpg,1969,2005,36
47830.jpg,1969,1962,-7
47835.jpg,1970,1965,-5
47840.jpg,1970,1962,-8
47845.jpg,1970,1990,20
47850.jpg,1970,1995,25
47855.jpg,1970,1975,5
47860.jpg,1970,2015,45
47865.jpg,1970,1990,20
47870.jpg,1970,1975,5
47875.jpg,1970,1995,25
47880.jpg,1970,2005,35
47890.jpg,1970,2010,40
47895.jpg,1970,1955,-15
47900.jpg,1970,1965,-5
47905.jpg,1970,1990,20
47910.jpg,1970,1970,0
47915.jpg,1970,2005,35
47920.jpg,1970,1980,10
47925.jpg,1970,1950,-20
47930.jpg,1970,2000,30
47935.jpg,1970,1950,-20
47940.jpg,1970,1960,-10
47945.jpg,1970,1750,-220
47950.jpg,1970,2005,35
47955.jpg,1970,2005,35
47960.jpg,1970,1985,15
47965.jpg,1970,2005,35
47970.jpg,1970,1995,25
47975.jpg,1970,1995,25
47980.jpg,1970,1935,-35
47985.jpg,1970,1900,-70
47990.jpg,1970,2005,35
47995.jpg,1970,2000,30
48000.jpg,1971,1971,0
48005.jpg,1971,1990,19
48010.jpg,1971,1965,-6
48020.jpg,1971,1995,24
48025.jpg,1971,1990,19
48030.jpg,1971,2005,34
48035.jpg,1971,1990,19
48040.jpg,1971,1950,-21
48045.jpg,1971,1992,21
48050.jpg,1971,1900,-71
48065.jpg,1971,1985,14
48070.jpg,1971,1955,-16
48075.jpg,1971,1978,7
48080.jpg,1971,1955,-16
48085.jpg,1971,2005,34
48090.jpg,1971,1970,-1
48095.jpg,1971,1900,-71
48100.jpg,1971,2010,39
48105.jpg,1971,2010,39
48110.jpg,1971,1995,24
48115.jpg,1971,2005,34
48120.jpg,1971,1985,14
48130.jpg,1971,1990,19
48135.jpg,1971,1995,24
48140.jpg,1971,2000,29
48145.jpg,1971,2005,34
48150.jpg,1971,1990,19
48155.jpg,1971,1950,-21
48160.jpg,1971,1968,-3
48170.jpg,1971,1972,1
48175.jpg,1971,1980,9
48180.jpg,1972,1990,18
48185.jpg,1972,1980,8
48190.jpg,1972,1965,-7
48195.jpg,1972,2000,28
48200.jpg,1972,1990,18
48205.jpg,1972,1990,18
48215.jpg,1972,1995,23
48220.jpg,1972,1995,23
48225.jpg,1972,2005,33
48230.jpg,1972,2010,38
48235.jpg,1972,1900,-72
48240.jpg,1972,1963,-9
48245.jpg,1972,1985,13
48250.jpg,1972,1992,20
48255.jpg,1972,1930,-42
48260.jpg,1972,1978,6
48265.jpg,1972,1980,8
48270.jpg,1972,1950,-22
48275.jpg,1972,1980,8
48280.jpg,1972,1930,-42
48285.jpg,1972,1990,18
48290.jpg,1972,1910,-62
48295.jpg,1972,1995,23
48300.jpg,1972,2000,28
48305.jpg,1972,2010,38
48310.jpg,1972,2000,28
48320.jpg,1972,1990,18
48325.jpg,1972,1920,-52
48330.jpg,1972,2005,33
48335.jpg,1972,1940,-32
48340.jpg,1972,1964,-8
48345.jpg,1972,1960,-12
48350.jpg,1972,1965,-7
48355.jpg,1972,1930,-42
48360.jpg,1973,1985,12
48365.jpg,1973,1990,17
48370.jpg,1973,1985,12
48375.jpg,1973,2000,27
48380.jpg,1973,1980,7
48385.jpg,1973,2005,32
48390.jpg,1973,1975,2
48395.jpg,1973,1995,22
48400.jpg,1973,1996,23
48405.jpg,1973,1980,7
48410.jpg,1973,2005,32
48415.jpg,1973,2010,37
48420.jpg,1973,1990,17
48425.jpg,1973,1992,19
48430.jpg,1973,1965,-8
48435.jpg,1973,1975,2
48440.jpg,1973,1975,2
48445.jpg,1973,1970,-3
48450.jpg,1973,1909,-64
48455.jpg,1973,1950,-23
48465.jpg,1973,2000,27
48475.jpg,1973,1970,-3
48480.jpg,1973,1960,-13
48490.jpg,1973,2002,29
48495.jpg,1973,1945,-28
48500.jpg,1973,1925,-48
48505.jpg,1973,1990,17
48510.jpg,1973,1990,17
48515.jpg,1973,2005,32
48525.jpg,1973,1965,-8
48530.jpg,1974,2005,31
48535.jpg,1974,1999,25
48540.jpg,1974,2010,36
48545.jpg,1974,2002,28
48550.jpg,1974,1990,16
48555.jpg,1974,2000,26
48560.jpg,1974,2010,36
48565.jpg,1974,1972,-2
48570.jpg,1974,2015,41
48575.jpg,1974,2005,31
48580.jpg,1974,2005,31
48585.jpg,1974,1968,-6
48590.jpg,1974,1972,-2
48595.jpg,1974,1960,-14
48600.jpg,1974,1955,-19
48605.jpg,1974,1980,6
48610.jpg,1974,2010,36
48615.jpg,1974,2008,34
48620.jpg,1974,1995,21
48625.jpg,1974,1920,-54
48630.jpg,1974,1950,-24
48635.jpg,1974,2005,31
48640.jpg,1974,1850,-124
48650.jpg,1974,1965,-9
48670.jpg,1974,2005,31
48675.jpg,1974,2005,31
48680.jpg,1974,2000,26
48685.jpg,1974,1985,11
48690.jpg,1974,2005,31
48695.jpg,1974,1600,-374
48700.jpg,1974,1990,16
48705.jpg,1974,1970,-4
48710.jpg,1974,2010,36
48715.jpg,1974,1963,-11
48720.jpg,1974,2010,36
48725.jpg,1974,1875,-99
48735.jpg,1975,1970,-5
48740.jpg,1975,1900,-75
48745.jpg,1975,1996,21
48750.jpg,1975,1970,-5
48755.jpg,1975,1995,20
48760.jpg,1975,1985,10
48765.jpg,1975,1990,15
48770.jpg,1975,2000,25
48775.jpg,1975,2010,35
48780.jpg,1975,2000,25
48785.jpg,1975,1970,-5
48790.jpg,1975,1990,15
48795.jpg,1975,2015,40
48800.jpg,1975,1932,-43
48805.jpg,1975,1950,-25
48810.jpg,1975,2010,35
48815.jpg,1975,1975,0
48820.jpg,1975,1980,5
48825.jpg,1975,1920,-55
48830.jpg,1975,1965,-10
48835.jpg,1975,2005,30
48840.jpg,1975,1990,15
48845.jpg,1975,1900,-75
48850.jpg,1975,2005,30
48855.jpg,1975,2010,35
48860.jpg,1975,2005,30
48865.jpg,1975,1990,15
48870.jpg,1975,1990,15
48875.jpg,1975,1985,10
48880.jpg,1975,2005,30
48885.jpg,1975,1963,-12
48890.jpg,1975,1992,17
48895.jpg,1975,1975,0
48900.jpg,1976,1700,-276
48905.jpg,1976,1995,19
48910.jpg,1976,1990,14
48915.jpg,1976,1900,-76
48920.jpg,1976,1998,22
48925.jpg,1976,2005,29
48930.jpg,1976,1990,14
48940.jpg,1976,1975,-1
48945.jpg,1976,1987,11
48950.jpg,1976,2018,42
48955.jpg,1976,1965,-11
48960.jpg,1976,1980,4
48965.jpg,1976,1965,-11
48970.jpg,1976,1990,14
48975.jpg,1976,2000,24
48985.jpg,1976,2010,34
48990.jpg,1976,1980,4
49000.jpg,1976,1700,-276
49020.jpg,1976,1990,14
49030.jpg,1976,2008,32
49035.jpg,1976,1985,9
49040.jpg,1976,1975,-1
49045.jpg,1976,2005,29
49050.jpg,1976,2010,34
49060.jpg,1976,1990,14
49065.jpg,1976,2005,29
49070.jpg,1976,1975,-1
49075.jpg,1976,1776,-200
49080.jpg,1976,1975,-1
49085.jpg,1976,1900,-76
49090.jpg,1976,2010,34
49095.jpg,1977,2000,23
49100.jpg,1977,1910,-67
49105.jpg,1977,1990,13
49110.jpg,1977,1990,13
49115.jpg,1977,1990,13
49120.jpg,1977,1980,3
49125.jpg,1977,2010,33
49130.jpg,1977,1900,-77
49135.jpg,1977,1982,5
49140.jpg,1977,1975,-2
49145.jpg,1977,1990,13
49150.jpg,1977,1990,13
49155.jpg,1977,1990,13
49160.jpg,1977,2000,23
49165.jpg,1977,1900,-77
49170.jpg,1977,1920,-57
49175.jpg,1977,1850,-127
49180.jpg,1977,1960,-17
49185.jpg,1977,2010,33
49190.jpg,1977,1950,-27
49195.jpg,1977,1985,8
49205.jpg,1977,2005,28
49210.jpg,1977,1985,8
49215.jpg,1977,1990,13
49220.jpg,1977,1993,16
49225.jpg,1977,1967,-10
49230.jpg,1977,1753,-224
49235.jpg,1977,1985,8
49240.jpg,1977,1990,13
49250.jpg,1977,2000,23
49255.jpg,1977,1900,-77
49260.jpg,1978,2010,32
49265.jpg,1978,2010,32
49270.jpg,1978,1972,-6
49280.jpg,1978,1997,19
49285.jpg,1978,1980,2
49290.jpg,1978,1925,-53
49295.jpg,1978,2016,38
49305.jpg,1978,1975,-3
49310.jpg,1978,2010,32
49315.jpg,1978,1990,12
49320.jpg,1978,1997,19
49325.jpg,1978,1965,-13
49330.jpg,1978,2010,32
49335.jpg,1978,1970,-8
49340.jpg,1978,1920,-58
49345.jpg,1978,2010,32
49350.jpg,1978,1980,2
49355.jpg,1978,2005,27
49360.jpg,1978,2005,27
49365.jpg,1978,2005,27
49370.jpg,1978,1992,14
49375.jpg,1978,1999,21
49385.jpg,1978,2005,27
49390.jpg,1978,1985,7
49395.jpg,1978,1964,-14
49400.jpg,1978,1975,-3
49405.jpg,1979,1975,-4
49410.jpg,1979,2005,26
49415.jpg,1979,1997,18
49420.jpg,1979,2005,26
49425.jpg,1979,2010,31
49430.jpg,1979,2005,26
49435.jpg,1979,1990,11
49440.jpg,1979,1950,-29
49445.jpg,1979,1972,-7
49450.jpg,1979,1930,-49
49455.jpg,1979,1990,11
49460.jpg,1979,2000,21
49465.jpg,1979,1950,-29
49470.jpg,1979,1900,-79
49475.jpg,1979,1972,-7
49480.jpg,1979,1910,-69
49485.jpg,1979,1930,-49
49490.jpg,1979,1923,-56
49495.jpg,1979,1700,-279
49500.jpg,1979,2005,26
49505.jpg,1979,2005,26
49510.jpg,1979,1971,-8
49515.jpg,1979,1970,-9
49525.jpg,1979,2005,26
49530.jpg,1979,1990,11
49535.jpg,1979,1990,11
49540.jpg,1979,2000,21
49545.jpg,1979,2005,26
49550.jpg,1979,2012,33
49555.jpg,1979,1990,11
49560.jpg,1979,1998,19
49565.jpg,1980,1970,-10
49570.jpg,1980,1890,-90
49585.jpg,1980,1900,-80
49590.jpg,1980,1995,15
49595.jpg,1980,1975,-5
49600.jpg,1980,1990,10
49605.jpg,1980,1920,-60
49610.jpg,1980,1960,-20
49615.jpg,1980,2005,25
49620.jpg,1980,1990,10
49625.jpg,1980,1950,-30
49630.jpg,1980,2010,30
49635.jpg,1980,2005,25
49640.jpg,1980,1900,-80
49645.jpg,1980,2000,20
49650.jpg,1980,2005,25
49655.jpg,1980,1965,-15
49660.jpg,1980,2005,25
49665.jpg,1980,1995,15
49675.jpg,1980,2007,27
49680.jpg,1980,2005,25
49685.jpg,1980,2010,30
49690.jpg,1980,2000,20
49695.jpg,1980,1990,10
49700.jpg,1980,1937,-43
49705.jpg,1980,1900,-80
49710.jpg,1981,2005,24
49715.jpg,1981,2005,24
49720.jpg,1981,1960,-21
49725.jpg,1981,1975,-6
49735.jpg,1981,2000,19
49740.jpg,1981,1900,-81
49745.jpg,1981,1990,9
49750.jpg,1981,1990,9
49755.jpg,1981,1975,-6
49760.jpg,1981,1970,-11
49770.jpg,1981,1980,-1
49775.jpg,1981,1971,-10
49780.jpg,1981,1990,9
49785.jpg,1981,1935,-46
49790.jpg,1981,1975,-6
49795.jpg,1981,1975,-6
49800.jpg,1981,1990,9
49805.jpg,1981,1995,14
49810.jpg,1981,1970,-11
49815.jpg,1981,1912,-69
49820.jpg,1981,1850,-131
49825.jpg,1981,2010,29
49830.jpg,1981,1985,4
49835.jpg,1981,1965,-16
49840.jpg,1981,1890,-91
49845.jpg,1981,1925,-56
49850.jpg,1981,2010,29
49860.jpg,1981,1995,14
49865.jpg,1981,1999,18
49875.jpg,1981,2002,21
49880.jpg,1981,2005,24
49885.jpg,1981,2005,24
49890.jpg,1981,1995,14
49895.jpg,1981,1964,-17
49900.jpg,1981,1860,-121
49905.jpg,1981,1997,16
49910.jpg,1981,1995,14
49915.jpg,1981,1960,-21
49920.jpg,1982,1900,-82
49925.jpg,1982,2005,23
49930.jpg,1982,2005,23
49935.jpg,1982,2005,23
49940.jpg,1982,1990,8
49945.jpg,1982,1998,16
49950.jpg,1982,2007,25
49955.jpg,1982,1990,8
49960.jpg,1982,1998,16
49965.jpg,1982,1990,8
49975.jpg,1982,2000,18
49980.jpg,1982,2005,23
49985.jpg,1982,2005,23
49990.jpg,1982,1980,-2
49995.jpg,1982,1964,-18
50000.jpg,1982,2000,18
50005.jpg,1982,2010,28
50010.jpg,1982,1980,-2
50015.jpg,1982,1990,8
50020.jpg,1982,2000,18
50025.jpg,1982,1990,8
50030.jpg,1982,2000,18
50035.jpg,1982,1990,8
50040.jpg,1982,1978,-4
50045.jpg,1982,2005,23
50050.jpg,1982,1960,-22
50055.jpg,1982,1995,13
50060.jpg,1982,1985,3
50065.jpg,1982,1910,-72
50070.jpg,1982,1990,8
50075.jpg,1982,1960,-22
50080.jpg,1982,1900,-82
50095.jpg,1982,1900,-82
50100.jpg,1982,1765,-217
50105.jpg,1982,1900,-82
50110.jpg,1982,1910,-72
50115.jpg,1982,2003,21
50120.jpg,1982,1920,-62
50145.jpg,1982,1995,13
50150.jpg,1982,1970,-12
50155.jpg,1982,1993,11
50160.jpg,1983,1850,-133
50165.jpg,1983,2005,22
50170.jpg,1983,2020,37
50175.jpg,1983,1990,7
50185.jpg,1983,1930,-53
50190.jpg,1983,1909,-74
50195.jpg,1983,1990,7
50200.jpg,1983,1978,-5
50205.jpg,1983,2005,22
50210.jpg,1983,2005,22
50220.jpg,1983,2005,22
50225.jpg,1983,1990,7
50230.jpg,1983,1980,-3
50235.jpg,1983,1995,12
50240.jpg,1983,1980,-3
50245.jpg,1983,1970,-13
50250.jpg,1983,1995,12
50255.jpg,1983,1970,-13
50260.jpg,1983,2005,22
50270.jpg,1983,1990,7
50275.jpg,1983,1960,-23
50280.jpg,1983,2005,22
50285.jpg,1983,1990,7
50290.jpg,1983,1950,-33
50295.jpg,1983,1985,2
50300.jpg,1983,1900,-83
50305.jpg,1983,1990,7
50310.jpg,1983,1941,-42
50315.jpg,1983,1850,-133
50320.jpg,1983,1960,-23
50325.jpg,1983,1890,-93
50330.jpg,1983,2005,22
50335.jpg,1983,1995,12
50340.jpg,1983,2005,22
50345.jpg,1983,1998,15
50350.jpg,1983,2005,22
50355.jpg,1983,1900,-83
50360.jpg,1983,1985,2
50365.jpg,1983,1965,-18
50370.jpg,1983,1990,7
50375.jpg,1983,1975,-8
50380.jpg,1983,2010,27
50385.jpg,1983,2010,27
50390.jpg,1984,1976,-8
50395.jpg,1984,1900,-84
50400.jpg,1984,1950,-34
50405.jpg,1984,1975,-9
50410.jpg,1984,2010,26
50415.jpg,1984,2000,16
50420.jpg,1984,2010,26
50425.jpg,1984,1970,-14
50430.jpg,1984,1970,-14
50435.jpg,1984,1975,-9
50440.jpg,1984,1978,-6
50445.jpg,1984,1982,-2
50450.jpg,1984,2005,21
50455.jpg,1984,2000,16
50465.jpg,1984,1985,1
50470.jpg,1984,1990,6
50475.jpg,1984,2005,21
50480.jpg,1984,1990,6
50485.jpg,1984,1985,1
50490.jpg,1984,1900,-84
50495.jpg,1984,1100,-884
50500.jpg,1984,1920,-64
50505.jpg,1984,1956,-28
50515.jpg,1984,2012,28
50520.jpg,1984,1936,-48
50525.jpg,1984,1965,-19
50530.jpg,1984,1900,-84
50535.jpg,1984,1900,-84
50540.jpg,1984,1995,11
50545.jpg,1984,1980,-4
50550.jpg,1984,2005,21
50555.jpg,1984,2005,21
50560.jpg,1984,1970,-14
50565.jpg,1984,1972,-12
50570.jpg,1984,1970,-14
50575.jpg,1984,2007,23
50580.jpg,1985,1850,-135
50585.jpg,1985,1978,-7
50595.jpg,1985,1975,-10
50600.jpg,1985,2000,15
50605.jpg,1985,1990,5
50610.jpg,1985,2010,25
50615.jpg,1985,1992,7
50620.jpg,1985,1990,5
50630.jpg,1985,2014,29
50635.jpg,1985,1990,5
50640.jpg,1985,1985,0
50645.jpg,1985,1960,-25
50650.jpg,1985,1990,5
50655.jpg,1985,1990,5
50660.jpg,1985,2006,21
50665.jpg,1985,1985,0
50670.jpg,1985,1995,10
50675.jpg,1985,2006,21
50680.jpg,1985,1960,-25
50685.jpg,1985,2005,20
50690.jpg,1985,2010,25
50695.jpg,1985,2005,20
50700.jpg,1985,1987,2
50705.jpg,1985,1975,-10
50710.jpg,1985,1930,-55
50715.jpg,1985,1991,6
50720.jpg,1985,1905,-80
50730.jpg,1985,1985,0
50735.jpg,1985,2010,25
50740.jpg,1985,1970,-15
50745.jpg,1985,2000,15
50750.jpg,1985,1990,5
50755.jpg,1985,1990,5
50760.jpg,1985,1900,-85
50765.jpg,1985,2005,20
50770.jpg,1985,1970,-15
50775.jpg,1985,2000,15
50780.jpg,1986,1990,4
50785.jpg,1986,1960,-26
50790.jpg,1986,1920,-66
50795.jpg,1986,2000,14
50800.jpg,1986,1995,9
50805.jpg,1986,2005,19
50810.jpg,1986,1990,4
50815.jpg,1986,1990,4
50820.jpg,1986,1985,-1
50830.jpg,1986,1985,-1
50835.jpg,1986,1990,4
50840.jpg,1986,1995,9
50845.jpg,1986,1997,11
50850.jpg,1986,1985,-1
50855.jpg,1986,2005,19
50860.jpg,1986,1970,-16
50865.jpg,1986,1890,-96
50870.jpg,1986,1997,11
50885.jpg,1986,1980,-6
50890.jpg,1986,1965,-21
50895.jpg,1986,2005,19
50900.jpg,1986,1900,-86
50905.jpg,1986,2000,14
50910.jpg,1986,2000,14
50915.jpg,1986,2015,29
50920.jpg,1986,1950,-36
50925.jpg,1986,1780,-206
50930.jpg,1986,1950,-36
50935.jpg,1986,1950,-36
50940.jpg,1986,1900,-86
50945.jpg,1986,2000,14
50950.jpg,1986,1980,-6
50955.jpg,1986,2010,24
50960.jpg,1986,1999,13
50965.jpg,1986,1990,4
50970.jpg,1986,2005,19
50975.jpg,1986,1950,-36
50980.jpg,1986,1920,-66
50985.jpg,1986,1953,-33
50990.jpg,1987,1850,-137
50995.jpg,1987,1950,-37
51000.jpg,1987,1960,-27
51010.jpg,1987,2010,23
51015.jpg,1987,1990,3
51020.jpg,1987,1975,-12
51025.jpg,1987,1967,-20
51030.jpg,1987,2010,23
51035.jpg,1987,2010,23
51040.jpg,1987,1980,-7
51045.jpg,1987,1980,-7
51050.jpg,1987,1990,3
51055.jpg,1987,1991,4
51060.jpg,1987,1995,8
51065.jpg,1987,2005,18
51070.jpg,1987,1978,-9
51075.jpg,1987,1970,-17
51080.jpg,1987,2005,18
51085.jpg,1987,1925,-62
51090.jpg,1987,2005,18
51095.jpg,1987,1985,-2
51100.jpg,1987,1930,-57
51105.jpg,1987,1995,8
51110.jpg,1987,1980,-7
51115.jpg,1987,2005,18
51120.jpg,1987,2005,18
51125.jpg,1987,1820,-167
51130.jpg,1987,1900,-87
51135.jpg,1987,1960,-27
51140.jpg,1987,1990,3
51145.jpg,1987,1980,-7
51155.jpg,1987,1995,8
51165.jpg,1987,1950,-37
51170.jpg,1987,1935,-52
51175.jpg,1987,2003,16
51180.jpg,1987,2010,23
51200.jpg,1988,1985,-3
51205.jpg,1988,2005,17
51210.jpg,1988,1975,-13
51215.jpg,1988,2010,22
51220.jpg,1988,2005,17
51225.jpg,1988,1990,2
51240.jpg,1988,1965,-23
51245.jpg,1988,2005,17
51250.jpg,1988,2000,12
51255.jpg,1988,1990,2
51260.jpg,1988,1990,2
51265.jpg,1988,2005,17
51270.jpg,1988,2005,17
51275.jpg,1988,1970,-18
51280.jpg,1988,1985,-3
51285.jpg,1988,1995,7
51290.jpg,1988,2005,17
51295.jpg,1988,1980,-8
51300.jpg,1988,2005,17
51305.jpg,1988,1950,-38
51310.jpg,1988,1960,-28
51315.jpg,1988,2000,12
51320.jpg,1988,1910,-78
51330.jpg,1988,1930,-58
51335.jpg,1988,1890,-98
51340.jpg,1988,1985,-3
51345.jpg,1988,1910,-78
51350.jpg,1988,1910,-78
51355.jpg,1988,1990,2
51360.jpg,1988,1983,-5
51365.jpg,1988,1975,-13
51370.jpg,1988,1985,-3
51375.jpg,1988,2005,17
51380.jpg,1988,2005,17
51385.jpg,1988,2005,17
51390.jpg,1988,2010,22
51395.jpg,1988,1996,8
51400.jpg,1988,2000,12
51405.jpg,1988,1990,2
51410.jpg,1989,1969,-20
51415.jpg,1989,1999,10
51420.jpg,1989,1990,1
51425.jpg,1989,2005,16
51430.jpg,1989,2010,21
51435.jpg,1989,1960,-29
51440.jpg,1989,1995,6
51445.jpg,1989,1990,1
51455.jpg,1989,1990,1
51460.jpg,1989,1985,-4
51470.jpg,1989,2005,16
51475.jpg,1989,2010,21
51480.jpg,1989,1990,1
51485.jpg,1989,1990,1
51490.jpg,1989,1995,6
51495.jpg,1989,1999,10
51500.jpg,1989,1965,-24
51505.jpg,1989,2000,11
51510.jpg,1989,1985,-4
51515.jpg,1989,1900,-89
51520.jpg,1989,1975,-14
51525.jpg,1989,1930,-59
51530.jpg,1989,1900,-89
51535.jpg,1989,2005,16
51540.jpg,1989,1960,-29
51545.jpg,1989,1984,-5
51550.jpg,1989,1920,-69
51555.jpg,1989,2002,13
51560.jpg,1989,1985,-4
51565.jpg,1989,1990,1
51575.jpg,1989,2000,11
51580.jpg,1989,1600,-389
51585.jpg,1989,1995,6
51590.jpg,1989,1997,8
51595.jpg,1989,1995,6
51600.jpg,1989,2010,21
51605.jpg,1990,1860,-130
51610.jpg,1990,1975,-15
51615.jpg,1990,1980,-10
51620.jpg,1990,2008,18
51625.jpg,1990,1990,0
51630.jpg,1990,2005,15
51635.jpg,1990,1990,0
51640.jpg,1990,2005,15
51645.jpg,1990,1992,2
51650.jpg,1990,1983,-7
51655.jpg,1990,2002,12
51660.jpg,1990,2000,10
51670.jpg,1990,1980,-10
51675.jpg,1990,1995,5
51680.jpg,1990,1987,-3
51685.jpg,1990,2000,10
51690.jpg,1990,2000,10
51695.jpg,1990,1990,0
51700.jpg,1990,1975,-15
51705.jpg,1990,2010,20
51710.jpg,1990,1970,-20
51715.jpg,1990,1970,-20
51720.jpg,1990,1990,0
51725.jpg,1990,1996,6
51730.jpg,1990,2010,20
51735.jpg,1990,1975,-15
51740.jpg,1990,1900,-90
51745.jpg,1990,1900,-90
51755.jpg,1990,1996,6
51760.jpg,1990,1910,-80
51765.jpg,1990,1880,-110
51770.jpg,1990,1950,-40
51775.jpg,1990,2005,15
51780.jpg,1990,2000,10
51785.jpg,1990,1900,-90
51795.jpg,1990,2023,33
51805.jpg,1990,1995,5
51810.jpg,1990,2010,20
51815.jpg,1990,1990,0
51820.jpg,1990,1985,-5
51825.jpg,1990,1900,-90
51830.jpg,1990,1990,0
51840.jpg,1991,1900,-91
51845.jpg,1991,1982,-9
51850.jpg,1991,2010,19
51860.jpg,1991,2010,19
51865.jpg,1991,2000,9
51870.jpg,1991,1996,5
51875.jpg,1991,1960,-31
51885.jpg,1991,1983,-8
51890.jpg,1991,1997,6
51895.jpg,1991,1950,-41
51905.jpg,1991,1980,-11
51910.jpg,1991,1990,-1
51920.jpg,1991,2005,14
51925.jpg,1991,2000,9
51930.jpg,1991,1995,4
51935.jpg,1991,1985,-6
51940.jpg,1991,1990,-1
51945.jpg,1991,1975,-16
51950.jpg,1991,1950,-41
51955.jpg,1991,1990,-1
51960.jpg,1991,2005,14
51965.jpg,1991,1965,-26
51970.jpg,1991,2005,14
51975.jpg,1991,1930,-61
51980.jpg,1991,1900,-91
51985.jpg,1991,1930,-61
51990.jpg,1991,2005,14
51995.jpg,1991,1955,-36
52000.jpg,1991,1900,-91
52015.jpg,1991,1990,-1
52020.jpg,1991,1990,-1
52025.jpg,1991,1905,-86
52035.jpg,1991,1925,-66
52040.jpg,1991,2000,9
52045.jpg,1991,2008,17
52060.jpg,1991,2001,10
52065.jpg,1992,2005,13
52070.jpg,1992,1990,-2
52075.jpg,1992,1950,-42
52080.jpg,1992,1982,-10
52085.jpg,1992,2006,14
52090.jpg,1992,1900,-92
52095.jpg,1992,1960,-32
52100.jpg,1992,2000,8
52105.jpg,1992,1990,-2
52110.jpg,1992,2005,13
52115.jpg,1992,2010,18
52120.jpg,1992,1990,-2
52125.jpg,1992,2010,18
52130.jpg,1992,1990,-2
52135.jpg,1992,1983,-9
52140.jpg,1992,1990,-2
52145.jpg,1992,1998,6
52150.jpg,1992,2005,13
52155.jpg,1992,1975,-17
52160.jpg,1992,1990,-2
52165.jpg,1992,1990,-2
52170.jpg,1992,1990,-2
52175.jpg,1992,2005,13
52180.jpg,1992,1990,-2
52185.jpg,1992,2005,13
52190.jpg,1992,2002,10
52195.jpg,1992,1983,-9
52200.jpg,1992,2010,18
52205.jpg,1992,1900,-92
52210.jpg,1992,1900,-92
52215.jpg,1992,1925,-67
52220.jpg,1992,2000,8
52225.jpg,1992,1900,-92
52230.jpg,1992,1925,-67
52235.jpg,1992,1900,-92
52240.jpg,1992,2005,13
52245.jpg,1992,1960,-32
52250.jpg,1992,2005,13
52260.jpg,1992,1980,-12
52270.jpg,1993,1996,3
52275.jpg,1993,1995,2
52280.jpg,1993,2005,12
52285.jpg,1993,1997,4
52290.jpg,1993,1990,-3
52300.jpg,1993,1950,-43
52305.jpg,1993,1990,-3
52310.jpg,1993,2005,12
52315.jpg,1993,2001,8
52320.jpg,1993,2005,12
52325.jpg,1993,1975,-18
52335.jpg,1993,2010,17
52340.jpg,1993,2005,12
52345.jpg,1993,2000,7
52350.jpg,1993,1990,-3
52355.jpg,1993,1990,-3
52360.jpg,1993,1995,2
52365.jpg,1993,1993,0
52370.jpg,1993,2005,12
52375.jpg,1993,1950,-43
52380.jpg,1993,1900,-93
52385.jpg,1993,1999,6
52390.jpg,1993,2005,12
52395.jpg,1993,1965,-28
52400.jpg,1993,1965,-28
52405.jpg,1993,1900,-93
52410.jpg,1993,1800,-193
52415.jpg,1993,1959,-34
52420.jpg,1993,2000,7
52425.jpg,1993,1900,-93
52430.jpg,1993,1995,2
52435.jpg,1993,1995,2
52440.jpg,1993,2005,12
52445.jpg,1993,2005,12
52450.jpg,1993,1920,-73
52455.jpg,1993,2010,17
52460.jpg,1993,1995,2
52465.jpg,1993,1990,-3
52475.jpg,1994,2010,16
52480.jpg,1994,1950,-44
52485.jpg,1994,2005,11
52490.jpg,1994,1975,-19
52495.jpg,1994,2014,20
52505.jpg,1994,1978,-16
52510.jpg,1994,1992,-2
52515.jpg,1994,2005,11
52525.jpg,1994,2005,11
52530.jpg,1994,2000,6
52535.jpg,1994,1990,-4
52540.jpg,1994,1966,-28
52545.jpg,1994,2005,11
52550.jpg,1994,1985,-9
52555.jpg,1994,1995,1
52560.jpg,1994,1990,-4
52570.jpg,1994,1970,-24
52575.jpg,1994,1997,3
52580.jpg,1994,1930,-64
52585.jpg,1994,2009,15
52590.jpg,1994,2000,6
52595.jpg,1994,1920,-74
52600.jpg,1994,1910,-84
52605.jpg,1994,1750,-244
52610.jpg,1994,2000,6
52615.jpg,1994,1830,-164
52620.jpg,1994,2010,16
52625.jpg,1994,2005,11
52630.jpg,1994,2010,16
52635.jpg,1994,1990,-4
52640.jpg,1994,1975,-19
52645.jpg,1994,1995,1
52650.jpg,1995,1980,-15
52655.jpg,1995,1980,-15
52660.jpg,1995,2010,15
52665.jpg,1995,1996,1
52670.jpg,1995,2000,5
52675.jpg,1995,1956,-39
52680.jpg,1995,1230,-765
52685.jpg,1995,2004,9
52690.jpg,1995,1990,-5
52695.jpg,1995,2011,16
52700.jpg,1995,2005,10
52705.jpg,1995,1913,-82
52710.jpg,1995,2005,10
52715.jpg,1995,1990,-5
52720.jpg,1995,1975,-20
52725.jpg,1995,1970,-25
52730.jpg,1995,1995,0
52735.jpg,1995,1995,0
52740.jpg,1995,1980,-15
52745.jpg,1995,2005,10
52750.jpg,1995,1975,-20
52755.jpg,1995,1900,-95
52760.jpg,1995,2000,5
52765.jpg,1995,1990,-5
52770.jpg,1995,2005,10
52775.jpg,1995,2010,15
52785.jpg,1995,2010,15
52790.jpg,1995,1920,-75
52795.jpg,1995,2005,10
52800.jpg,1995,1910,-85
52805.jpg,1995,2005,10
52810.jpg,1995,2009,14
52815.jpg,1995,1930,-65
52820.jpg,1995,1988,-7
52825.jpg,1995,2005,10
52830.jpg,1995,1990,-5
52835.jpg,1995,1500,-495
52840.jpg,1995,1744,-251
52845.jpg,1996,1990,-6
52850.jpg,1996,2005,9
52855.jpg,1996,2010,14
52860.jpg,1996,2015,19
52865.jpg,1996,2000,4
52870.jpg,1996,2010,14
52875.jpg,1996,1995,-1
52880.jpg,1996,1990,-6
52885.jpg,1996,2000,4
52890.jpg,1996,1985,-11
52895.jpg,1996,1999,3
52900.jpg,1996,2008,12
52905.jpg,1996,2000,4
52910.jpg,1996,2005,9
52915.jpg,1996,1956,-40
52920.jpg,1996,2010,14
52925.jpg,1996,2005,9
52935.jpg,1996,2005,9
52940.jpg,1996,1900,-96
52945.jpg,1996,1920,-76
52950.jpg,1996,1950,-46
52955.jpg,1996,2005,9
52960.jpg,1996,1990,-6
52965.jpg,1996,2005,9
52970.jpg,1996,1985,-11
52980.jpg,1996,2010,14
52985.jpg,1997,1774,-223
52990.jpg,1997,1990,-7
52995.jpg,1997,1925,-72
53000.jpg,1997,1990,-7
53005.jpg,1997,1930,-67
53010.jpg,1997,1990,-7
53015.jpg,1997,2005,8
53020.jpg,1997,1997,0
53025.jpg,1997,2002,5
53030.jpg,1997,2000,3
53035.jpg,1997,1990,-7
53040.jpg,1997,2010,13
53045.jpg,1997,2005,8
53050.jpg,1997,2008,11
53055.jpg,1997,1995,-2
53060.jpg,1997,2000,3
53065.jpg,1997,1970,-27
53070.jpg,1997,2000,3
53075.jpg,1997,1990,-7
53080.jpg,1997,2009,12
53085.jpg,1997,2005,8
53090.jpg,1997,1900,-97
53095.jpg,1997,1990,-7
53100.jpg,1997,1991,-6
53105.jpg,1997,2000,3
53110.jpg,1997,2010,13
53115.jpg,1997,1997,0
53120.jpg,1997,1990,-7
53125.jpg,1997,2010,13
53130.jpg,1997,1995,-2
53135.jpg,1997,2003,6
53140.jpg,1997,1990,-7
53145.jpg,1997,1985,-12
53150.jpg,1997,2010,13
53155.jpg,1997,1777,-220
53165.jpg,1997,1900,-97
53170.jpg,1997,2005,8
53175.jpg,1997,2005,8
53180.jpg,1997,2000,3
53185.jpg,1997,2010,13
53190.jpg,1997,1990,-7
53195.jpg,1997,1609,-388
53200.jpg,1997,2010,13
53205.jpg,1997,1990,-7
53210.jpg,1997,2005,8
53215.jpg,1997,1900,-97
53220.jpg,1997,2005,8
53225.jpg,1997,2010,13
53230.jpg,1997,1990,-7
53235.jpg,1998,1900,-98
53240.jpg,1998,2002,4
53245.jpg,1998,1850,-148
53250.jpg,1998,1970,-28
53255.jpg,1998,1985,-13
53260.jpg,1998,2001,3
53265.jpg,1998,1970,-28
53270.jpg,1998,2000,2
53275.jpg,1998,2010,12
53280.jpg,1998,2005,7
53285.jpg,1998,2005,7
53290.jpg,1998,2000,2
53300.jpg,1998,1995,-3
53305.jpg,1998,1960,-38
53310.jpg,1998,2000,2
53315.jpg,1998,1998,0
53325.jpg,1998,2000,2
53330.jpg,1998,1990,-8
53335.jpg,1998,1995,-3
53340.jpg,1998,1980,-18
53345.jpg,1998,1992,-6
53350.jpg,1998,2005,7
53355.jpg,1998,1995,-3
53365.jpg,1998,2000,2
53370.jpg,1998,2000,2
53375.jpg,1998,1990,-8
53380.jpg,1998,1970,-28
53385.jpg,1998,1820,-178
53390.jpg,1998,1800,-198
53395.jpg,1998,1985,-13
53400.jpg,1998,1925,-73
53405.jpg,1998,1985,-13
53410.jpg,1998,2001,3
53415.jpg,1998,1995,-3
53420.jpg,1998,1990,-8
53425.jpg,1998,2000,2
53435.jpg,1998,1980,-18
53440.jpg,1998,1980,-18
53445.jpg,1998,2005,7
53450.jpg,1998,1970,-28
53455.jpg,1999,1850,-149
53460.jpg,1999,2000,1
53465.jpg,1999,2010,11
53470.jpg,1999,1950,-49
53475.jpg,1999,2005,6
53480.jpg,1999,2000,1
53485.jpg,1999,1990,-9
53490.jpg,1999,1975,-24
53495.jpg,1999,2006,7
53505.jpg,1999,1980,-19
53510.jpg,1999,2000,1
53515.jpg,1999,2010,11
53520.jpg,1999,2005,6
53525.jpg,1999,2009,10
53530.jpg,1999,2010,11
53535.jpg,1999,1968,-31
53540.jpg,1999,1980,-19
53545.jpg,1999,2008,9
53550.jpg,1999,2010,11
53555.jpg,1999,1930,-69
53560.jpg,1999,2005,6
53565.jpg,1999,1970,-29
53570.jpg,1999,2005,6
53575.jpg,1999,2011,12
53580.jpg,1999,1950,-49
53585.jpg,1999,1985,-14
53590.jpg,1999,1999,0
53595.jpg,1999,2005,6
53600.jpg,1999,2000,1
53605.jpg,1999,2005,6
53610.jpg,1999,2005,6
53615.jpg,1999,1970,-29
53620.jpg,1999,1928,-71
53625.jpg,1999,1965,-34
53630.jpg,1999,1958,-41
53635.jpg,1999,1970,-29
53650.jpg,1999,2000,1
53655.jpg,1999,1950,-49
53660.jpg,1999,2005,6
53665.jpg,1999,2010,11
53670.jpg,1999,2005,6
53675.jpg,1999,1997,-2
53680.jpg,1999,1998,-1
53685.jpg,1999,1920,-79
53690.jpg,2000,2008,8
53700.jpg,2000,2005,5
53705.jpg,2000,2005,5
53710.jpg,2000,2008,8
53715.jpg,2000,2000,0
53720.jpg,2000,1954,-46
53725.jpg,2000,2010,10
53730.jpg,2000,1997,-3
53735.jpg,2000,2005,5
53740.jpg,2000,1990,-10
53745.jpg,2000,1970,-30
53755.jpg,2000,1995,-5
53760.jpg,2000,1990,-10
53765.jpg,2000,2010,10
53770.jpg,2000,2003,3
53775.jpg,2000,1960,-40
53780.jpg,2000,2005,5
53785.jpg,2000,1969,-31
53790.jpg,2000,1997,-3
53795.jpg,2000,1939,-61
53800.jpg,2000,1956,-44
53805.jpg,2000,1975,-25
53810.jpg,2000,1939,-61
53815.jpg,2000,1956,-44
53820.jpg,2000,1900,-100
53830.jpg,2000,1950,-50
53835.jpg,2000,2004,4
53840.jpg,2000,2008,8
53845.jpg,2000,2010,10
53850.jpg,2000,1880,-120
53855.jpg,2000,2005,5
53860.jpg,2000,2010,10
53865.jpg,2000,2005,5
53870.jpg,2000,1975,-25
53875.jpg,2000,1990,-10
53880.jpg,2000,2000,0
53885.jpg,2000,2005,5
53890.jpg,2000,2010,10
53895.jpg,2000,2005,5
53905.jpg,2001,2005,4
53910.jpg,2001,2001,0
53915.jpg,2001,2004,3
53920.jpg,2001,2005,4
53925.jpg,2001,2005,4
53930.jpg,2001,1965,-36
53935.jpg,2001,2005,4
53940.jpg,2001,1995,-6
53945.jpg,2001,1992,-9
53950.jpg,2001,1995,-6
53955.jpg,2001,2005,4
53960.jpg,2001,2010,9
53965.jpg,2001,1985,-16
53970.jpg,2001,2008,7
53975.jpg,2001,2010,9
53980.jpg,2001,2005,4
53985.jpg,2001,1995,-6
53990.jpg,2001,1980,-21
53995.jpg,2001,1900,-101
54000.jpg,2001,2005,4
54005.jpg,2001,1980,-21
54010.jpg,2001,1930,-71
54015.jpg,2001,1990,-11
54020.jpg,2001,1990,-11
54025.jpg,2001,2001,0
54030.jpg,2001,2008,7
54035.jpg,2001,2015,14
54040.jpg,2001,2008,7
54045.jpg,2001,2005,4
54050.jpg,2001,11950,9949
54055.jpg,2001,2010,9
54060.jpg,2001,1956,-45
54065.jpg,2001,1930,-71
54070.jpg,2001,2001,0
54075.jpg,2001,2010,9
54085.jpg,2001,2015,14
54090.jpg,2001,1990,-11
54095.jpg,2001,2005,4
54100.jpg,2001,2010,9
54105.jpg,2001,2005,4
54110.jpg,2001,2008,7
54120.jpg,2001,2005,4
54125.jpg,2001,2010,9
54130.jpg,2001,1900,-101
54135.jpg,2001,1990,-11
54140.jpg,2001,2010,9
54145.jpg,2001,1965,-36
54150.jpg,2001,2010,9
54155.jpg,2001,1920,-81
54160.jpg,2001,2005,4
54165.jpg,2001,1991,-10
54170.jpg,2001,2010,9
54180.jpg,2002,1925,-77
54185.jpg,2002,2005,3
54190.jpg,2002,1990,-12
54195.jpg,2002,1925,-77
54200.jpg,2002,2005,3
54205.jpg,2002,1997,-5
54210.jpg,2002,2000,-2
54215.jpg,2002,2002,0
54220.jpg,2002,1990,-12
54225.jpg,2002,1955,-47
54230.jpg,2002,2002,0
54235.jpg,2002,2000,-2
54240.jpg,2002,2000,-2
54245.jpg,2002,1900,-102
54250.jpg,2002,2005,3
54255.jpg,2002,1850,-152
54260.jpg,2002,2000,-2
54265.jpg,2002,2005,3
54270.jpg,2002,2010,8
54275.jpg,2002,1916,-86
54280.jpg,2002,2007,5
54285.jpg,2002,2010,8
54290.jpg,2002,2005,3
54295.jpg,2002,1970,-32
54300.jpg,2002,2000,-2
54305.jpg,2002,1960,-42
54310.jpg,2002,2010,8
54315.jpg,2002,2000,-2
54320.jpg,2002,1850,-152
54330.jpg,2002,1940,-62
54335.jpg,2002,1990,-12
54340.jpg,2002,2010,8
54345.jpg,2002,2005,3
54355.jpg,2002,2000,-2
54360.jpg,2002,1990,-12
54365.jpg,2002,2010,8
54370.jpg,2002,1990,-12
54375.jpg,2002,2000,-2
54385.jpg,2002,2010,8
54390.jpg,2002,2005,3
54395.jpg,2002,1995,-7
54400.jpg,2002,2005,3
54405.jpg,2003,2005,2
54410.jpg,2003,2019,16
54415.jpg,2003,1990,-13
54425.jpg,2003,2010,7
54430.jpg,2003,1985,-18
54435.jpg,2003,2000,-3
54440.jpg,2003,2010,7
54445.jpg,2003,2010,7
54450.jpg,2003,1997,-6
54460.jpg,2003,2010,7
54465.jpg,2003,2005,2
54470.jpg,2003,2005,2
54475.jpg,2003,2004,1
54480.jpg,2003,1955,-48
54485.jpg,2003,1990,-13
54490.jpg,2003,1993,-10
54495.jpg,2003,2005,2
54500.jpg,2003,2005,2
54505.jpg,2003,2010,7
54510.jpg,2003,1990,-13
54515.jpg,2003,1990,-13
54520.jpg,2003,1901,-102
54525.jpg,2003,2015,12
54530.jpg,2003,1990,-13
54535.jpg,2003,1980,-23
54540.jpg,2003,2005,2
54545.jpg,2003,1900,-103
54550.jpg,2003,2010,7
54555.jpg,2003,1800,-203
54560.jpg,2003,2000,-3
54565.jpg,2003,2010,7
54570.jpg,2003,2008,5
54575.jpg,2003,2010,7
54580.jpg,2003,1985,-18
54585.jpg,2003,2015,12
54590.jpg,2003,2005,2
54595.jpg,2003,1995,-8
54600.jpg,2003,1970,-33
54605.jpg,2004,2010,6
54610.jpg,2004,2000,-4
54620.jpg,2004,1990,-14
54625.jpg,2004,2005,1
54630.jpg,2004,2005,1
54635.jpg,2004,2010,6
54640.jpg,2004,2010,6
54645.jpg,2004,2010,6
54650.jpg,2004,2010,6
54655.jpg,2004,1990,-14
54660.jpg,2004,2015,11
54665.jpg,2004,1950,-54
54670.jpg,2004,2005,1
54675.jpg,2004,2005,1
54680.jpg,2004,1990,-14
54685.jpg,2004,2004,0
54690.jpg,2004,1950,-54
54695.jpg,2004,1985,-19
54700.jpg,2004,1900,-104
54705.jpg,2004,2005,1
54710.jpg,2004,2010,6
54715.jpg,2004,2000,-4
54720.jpg,2004,2010,6
54725.jpg,2004,2000,-4
54730.jpg,2004,1900,-104
54735.jpg,2004,2000,-4
54740.jpg,2004,2010,6
54745.jpg,2004,1904,-100
54750.jpg,2004,1900,-104
54760.jpg,2004,2005,1
54770.jpg,2004,1930,-74
54775.jpg,2004,2005,1
54780.jpg,2004,2000,-4
54785.jpg,2004,1980,-24
54790.jpg,2004,2010,6
54795.jpg,2004,2000,-4
54800.jpg,2004,2005,1
54805.jpg,2004,2010,6
54810.jpg,2004,2005,1
54815.jpg,2004,2005,1
54820.jpg,2004,2005,1
54825.jpg,2004,2015,11
54830.jpg,2004,2001,-3
54835.jpg,2004,2010,6
54840.jpg,2004,2000,-4
54845.jpg,2005,1850,-155
54850.jpg,2005,1975,-30
54855.jpg,2005,2010,5
54860.jpg,2005,2014,9
54865.jpg,2005,1900,-105
54870.jpg,2005,2005,0
54885.jpg,2005,2005,0
54890.jpg,2005,1990,-15
54895.jpg,2005,2010,5
54900.jpg,2005,2003,-2
54905.jpg,2005,2000,-5
54910.jpg,2005,1990,-15
54915.jpg,2005,1990,-15
54925.jpg,2005,2015,10
54930.jpg,2005,2010,5
54935.jpg,2005,1900,-105
54940.jpg,2005,1990,-15
54955.jpg,2005,2008,3
54960.jpg,2005,2005,0
54965.jpg,2005,1998,-7
54970.jpg,2005,2005,0
54975.jpg,2005,2005,0
54980.jpg,2005,2011,6
54985.jpg,2005,2015,10
54990.jpg,2005,1932,-73
54995.jpg,2005,1910,-95
55000.jpg,2005,1995,-10
55005.jpg,2005,2010,5
55010.jpg,2005,1990,-15
55015.jpg,2005,2010,5
55020.jpg,2005,1900,-105
55025.jpg,2005,2005,0
55030.jpg,2005,2010,5
55035.jpg,2005,2010,5
55040.jpg,2005,2010,5
55045.jpg,2005,2005,0
55050.jpg,2005,2010,5
55055.jpg,2005,2005,0
55060.jpg,2005,2005,0
55065.jpg,2005,2010,5
55070.jpg,2005,2000,-5
55075.jpg,2005,2010,5
55080.jpg,2005,2010,5
55085.jpg,2005,1990,-15
55090.jpg,2005,2010,5
55095.jpg,2005,2005,0
55100.jpg,2005,2005,0
55105.jpg,2005,1990,-15
55110.jpg,2005,2000,-5
55115.jpg,2005,1920,-85
55120.jpg,2005,2005,0
55125.jpg,2005,2000,-5
55130.jpg,2005,2005,0
55135.jpg,2006,2005,-1
55140.jpg,2006,2012,6
55145.jpg,2006,1950,-56
55155.jpg,2006,2008,2
55160.jpg,2006,2005,-1
55165.jpg,2006,2005,-1
55170.jpg,2006,2009,3
55175.jpg,2006,2005,-1
55180.jpg,2006,1990,-16
55185.jpg,2006,1990,-16
55190.jpg,2006,2010,4
55195.jpg,2006,2005,-1
55200.jpg,2006,2013,7
55210.jpg,2006,1990,-16
55215.jpg,2006,1990,-16
55220.jpg,2006,2015,9
55230.jpg,2006,1999,-7
55235.jpg,2006,2005,-1
55240.jpg,2006,2000,-6
55245.jpg,2006,2004,-2
55250.jpg,2006,2005,-1
55255.jpg,2006,2005,-1
55265.jpg,2006,1850,-156
55270.jpg,2006,1900,-106
55275.jpg,2006,1935,-71
55280.jpg,2006,1900,-106
55285.jpg,2006,1965,-41
55290.jpg,2006,1990,-16
55295.jpg,2006,2004,-2
55300.jpg,2006,1980,-26
55305.jpg,2006,1990,-16
55310.jpg,2006,2009,3
55315.jpg,2006,1998,-8
55320.jpg,2006,1980,-26
55325.jpg,2006,2005,-1
55330.jpg,2006,1980,-26
55335.jpg,2007,1913,-94
55340.jpg,2007,2010,3
55345.jpg,2007,2005,-2
55355.jpg,2007,1980,-27
55360.jpg,2007,2005,-2
55365.jpg,2007,2001,-6
55370.jpg,2007,2005,-2
55380.jpg,2007,2012,5
55385.jpg,2007,2008,1
55395.jpg,2007,1889,-118
55400.jpg,2007,2018,11
55405.jpg,2007,1970,-37
55410.jpg,2007,2018,11
55415.jpg,2007,1995,-12
55420.jpg,2007,1965,-42
55425.jpg,2007,2005,-2
55430.jpg,2007,2010,3
55435.jpg,2007,1950,-57
55440.jpg,2007,2005,-2
55445.jpg,2007,1993,-14
55450.jpg,2007,1990,-17
55455.jpg,2007,1997,-10
55460.jpg,2007,1890,-117
55465.jpg,2007,11995,9988
55475.jpg,2007,1937,-70
55480.jpg,2007,1900,-107
55485.jpg,2007,2005,-2
55490.jpg,2007,1930,-77
55500.jpg,2007,2005,-2
55505.jpg,2007,2010,3
55510.jpg,2007,2010,3
55515.jpg,2007,2010,3
55520.jpg,2007,2010,3
55525.jpg,2007,1910,-97
55530.jpg,2007,2000,-7
55535.jpg,2007,2006,-1
55540.jpg,2007,2005,-2
55545.jpg,2007,2000,-7
55550.jpg,2007,2005,-2
55555.jpg,2007,2006,-1
55560.jpg,2007,2005,-2
55565.jpg,2007,2010,3
55570.jpg,2007,2010,3
55575.jpg,2007,2005,-2
55580.jpg,2007,2010,3
55585.jpg,2007,2005,-2
55590.jpg,2007,2000,-7
55595.jpg,2007,1928,-79
55600.jpg,2007,1990,-17
55605.jpg,2007,1990,-17
55610.jpg,2008,1900,-108
55615.jpg,2008,1850,-158
55620.jpg,2008,2015,7
55625.jpg,2008,2008,0
55630.jpg,2008,2000,-8
55635.jpg,2008,1990,-18
55640.jpg,2008,2005,-3
55645.jpg,2008,2010,2
55650.jpg,2008,1995,-13
55655.jpg,2008,2005,-3
55660.jpg,2008,2010,2
55670.jpg,2008,2010,2
55675.jpg,2008,1975,-33
55685.jpg,2008,2010,2
55690.jpg,2008,2010,2
55695.jpg,2008,2015,7
55705.jpg,2008,2010,2
55710.jpg,2008,2005,-3
55715.jpg,2008,1985,-23
55720.jpg,2008,2000,-8
55725.jpg,2008,2006,-2
55730.jpg,2008,2000,-8
55735.jpg,2008,1500,-508
55740.jpg,2008,1975,-33
55745.jpg,2008,2010,2
55750.jpg,2008,2000,-8
55755.jpg,2008,2010,2
55760.jpg,2008,2010,2
55765.jpg,2008,1990,-18
55770.jpg,2008,1850,-158
55775.jpg,2008,1980,-28
55780.jpg,2008,2005,-3
55785.jpg,2008,2006,-2
55795.jpg,2008,2016,8
55800.jpg,2008,2010,2
55805.jpg,2008,2005,-3
55810.jpg,2008,2010,2
55815.jpg,2008,2000,-8
55820.jpg,2008,2000,-8
55825.jpg,2008,2005,-3
55830.jpg,2008,2004,-4
55835.jpg,2009,1975,-34
55845.jpg,2009,2010,1
55850.jpg,2009,2010,1
55870.jpg,2009,1920,-89
55875.jpg,2009,2010,1
55880.jpg,2009,1997,-12
55885.jpg,2009,2005,-4
55890.jpg,2009,2010,1
55895.jpg,2009,2005,-4
55900.jpg,2009,1990,-19
55905.jpg,2009,2007,-2
55910.jpg,2009,2015,6
55915.jpg,2009,2010,1
55920.jpg,2009,1820,-189
55925.jpg,2009,2010,1
55930.jpg,2009,1980,-29
55935.jpg,2009,2008,-1
55940.jpg,2009,2007,-2
55945.jpg,2009,1900,-109
55950.jpg,2009,2005,-4
55955.jpg,2009,2009,0
55960.jpg,2009,2005,-4
55965.jpg,2009,2000,-9
55970.jpg,2009,2005,-4
55975.jpg,2009,2010,1
55980.jpg,2009,2005,-4
55985.jpg,2009,2005,-4
55990.jpg,2009,2005,-4
55995.jpg,2009,2000,-9
56000.jpg,2009,2005,-4
56005.jpg,2009,1910,-99
56010.jpg,2009,1830,-179
56015.jpg,2009,2012,3
56020.jpg,2009,2005,-4
56025.jpg,2009,2005,-4
56030.jpg,2009,2008,-1
56035.jpg,2009,2005,-4
56040.jpg,2009,2005,-4
56050.jpg,2009,2005,-4
56055.jpg,2009,1970,-39
56060.jpg,2009,1958,-51
56065.jpg,2009,2007,-2
56070.jpg,2009,2010,1
56075.jpg,2009,1920,-89
56080.jpg,2010,2000,-10
56085.jpg,2010,2000,-10
56090.jpg,2010,2016,6
56095.jpg,2010,2000,-10
56105.jpg,2010,2010,0
56110.jpg,2010,2010,0
56115.jpg,2010,2005,-5
56125.jpg,2010,2000,-10
56130.jpg,2010,2010,0
56135.jpg,2010,1997,-13
56140.jpg,2010,1965,-45
56145.jpg,2010,2005,-5
56150.jpg,2010,1950,-60
56155.jpg,2010,1950,-60
56165.jpg,2010,1900,-110
56170.jpg,2010,1900,-110
56175.jpg,2010,2010,0
56180.jpg,2010,2010,0
56185.jpg,2010,2010,0
56190.jpg,2010,2005,-5
56195.jpg,2010,2010,0
56200.jpg,2010,2006,-4
56205.jpg,2010,2005,-5
56210.jpg,2010,2010,0
56215.jpg,2010,2000,-10
56220.jpg,2010,2010,0
56225.jpg,2010,2010,0
56230.jpg,2010,2010,0
56235.jpg,2010,1900,-110
56240.jpg,2010,1990,-20
56245.jpg,2010,2010,0
56250.jpg,2010,2005,-5
56255.jpg,2010,2010,0
56260.jpg,2010,2010,0
56265.jpg,2010,2007,-3
56270.jpg,2010,2021,11
56275.jpg,2010,1975,-35
56280.jpg,2010,2002,-8
56285.jpg,2010,2018,8
56290.jpg,2010,2015,5
56295.jpg,2010,2010,0
56300.jpg,2010,2010,0
56310.jpg,2010,2015,5
56315.jpg,2011,2010,-1
56320.jpg,2011,1970,-41
56325.jpg,2011,2015,4
56330.jpg,2011,2000,-11
56335.jpg,2011,2010,-1
56345.jpg,2011,1950,-61
56350.jpg,2011,1995,-16
56355.jpg,2011,1996,-15
56360.jpg,2011,2010,-1
56365.jpg,2011,2010,-1
56370.jpg,2011,2000,-11
56375.jpg,2011,2007,-4
56380.jpg,2011,2005,-6
56385.jpg,2011,2011,0
56390.jpg,2011,1925,-86
56395.jpg,2011,2005,-6
56400.jpg,2011,1967,-44
56405.jpg,2011,1900,-111
56410.jpg,2011,2010,-1
56415.jpg,2011,2010,-1
56420.jpg,2011,2010,-1
56425.jpg,2011,1926,-85
56430.jpg,2011,2010,-1
56440.jpg,2011,2005,-6
56450.jpg,2011,2010,-1
56455.jpg,2011,1850,-161
56460.jpg,2011,2005,-6
56465.jpg,2011,2008,-3
56470.jpg,2011,1920,-91
56475.jpg,2011,2010,-1
56480.jpg,2011,1995,-16
56485.jpg,2011,2010,-1
56495.jpg,2011,2000,-11
56500.jpg,2011,2010,-1
56505.jpg,2011,2010,-1
56510.jpg,2011,2008,-3
56515.jpg,2011,1950,-61
56520.jpg,2011,2010,-1
56525.jpg,2011,1985,-26
56545.jpg,2012,1990,-22
56550.jpg,2012,2010,-2
56555.jpg,2012,1980,-32
56560.jpg,2012,2010,-2
56565.jpg,2012,2015,3
56570.jpg,2012,1990,-22
56575.jpg,2012,2010,-2
56585.jpg,2012,2005,-7
56590.jpg,2012,2020,8
56600.jpg,2012,1995,-17
56605.jpg,2012,2010,-2
56610.jpg,2012,2010,-2
56615.jpg,2012,2010,-2
56620.jpg,2012,11960,9948
56625.jpg,2012,1983,-29
56630.jpg,2012,2005,-7
56635.jpg,2012,1990,-22
56640.jpg,2012,1900,-112
56645.jpg,2012,1990,-22
56650.jpg,2012,2000,-12
56655.jpg,2012,2005,-7
56660.jpg,2012,2010,-2
56665.jpg,2012,1900,-112
56670.jpg,2012,2010,-2
56675.jpg,2012,2010,-2
56680.jpg,2012,2000,-12
56685.jpg,2012,2005,-7
56690.jpg,2012,2005,-7
56695.jpg,2012,2010,-2
56700.jpg,2012,2008,-4
56705.jpg,2012,2005,-7
56710.jpg,2012,1990,-22
56715.jpg,2012,1890,-122
56720.jpg,2013,1990,-23
56725.jpg,2013,2015,2
56730.jpg,2013,2005,-8
56735.jpg,2013,2005,-8
56740.jpg,2013,2000,-13
56745.jpg,2013,2010,-3
56750.jpg,2013,2010,-3
56755.jpg,2013,2010,-3
56765.jpg,2013,2010,-3
56770.jpg,2013,2015,2
56775.jpg,2013,2005,-8
56780.jpg,2013,2021,8
56785.jpg,2013,2005,-8
56795.jpg,2013,2010,-3
56800.jpg,2013,2005,-8
56805.jpg,2013,1900,-113
56810.jpg,2013,2015,2
56820.jpg,2013,1900,-113
56825.jpg,2013,1930,-83
56845.jpg,2013,2010,-3
56850.jpg,2013,2005,-8
56855.jpg,2013,2010,-3
56860.jpg,2013,1995,-18
56865.jpg,2013,2005,-8
56870.jpg,2013,2010,-3
56875.jpg,2013,2008,-5
56880.jpg,2013,2005,-8
56885.jpg,2013,2010,-3
56890.jpg,2013,2005,-8
56895.jpg,2013,1950,-63
56900.jpg,2014,2000,-14
56905.jpg,2014,1920,-94
56910.jpg,2014,1890,-124
56915.jpg,2014,2005,-9
56920.jpg,2014,2015,1
56925.jpg,2014,2018,4
56930.jpg,2014,2008,-6
56935.jpg,2014,1996,-18
56940.jpg,2014,2010,-4
56945.jpg,2014,1964,-50
56950.jpg,2014,2005,-9
56955.jpg,2014,1955,-59
56960.jpg,2014,2011,-3
56965.jpg,2014,2005,-9
56970.jpg,2014,2005,-9
56975.jpg,2014,1900,-114
56980.jpg,2014,1960,-54
56985.jpg,2014,2000,-14
56990.jpg,2014,2010,-4
56995.jpg,2014,2010,-4
57005.jpg,2014,1990,-24
57010.jpg,2014,1956,-58
57015.jpg,2014,2010,-4
57020.jpg,2014,2005,-9
57025.jpg,2014,1995,-19
57030.jpg,2014,2005,-9
57035.jpg,2014,2005,-9
57040.jpg,2014,2020,6
57045.jpg,2014,2000,-14
57050.jpg,2014,2010,-4
57055.jpg,2014,2010,-4
57060.jpg,2014,2000,-14
57065.jpg,2014,2005,-9
57070.jpg,2014,2000,-14
57075.jpg,2015,1995,-20
57085.jpg,2015,1990,-25
57090.jpg,2015,1980,-35
57095.jpg,2015,2005,-10
57100.jpg,2015,2005,-10
57105.jpg,2015,2008,-7
57110.jpg,2015,1953,-62
57120.jpg,2015,2010,-5
57125.jpg,2015,2010,-5
57130.jpg,2015,2015,0
57135.jpg,2015,2000,-15
57140.jpg,2015,2015,0
57145.jpg,2015,2000,-15
57150.jpg,2015,2010,-5
57155.jpg,2015,2010,-5
57160.jpg,2015,2005,-10
57165.jpg,2015,2010,-5
57170.jpg,2015,2010,-5
57175.jpg,2015,2005,-10
57180.jpg,2015,2010,-5
57185.jpg,2015,2015,0
57195.jpg,2015,1955,-60
57200.jpg,2015,1900,-115
57205.jpg,2015,2005,-10
57210.jpg,2015,2010,-5
57215.jpg,2015,2007,-8
57220.jpg,2016,2010,-6
57225.jpg,2016,2010,-6
57230.jpg,2016,2005,-11
57235.jpg,2016,2015,-1
57240.jpg,2016,2010,-6
57250.jpg,2016,2005,-11
57255.jpg,2016,2010,-6
57270.jpg,2016,1991,-25
57275.jpg,2016,1990,-26
57280.jpg,2016,2005,-11
57285.jpg,2016,2015,-1
57290.jpg,2016,2000,-16
57295.jpg,2016,2010,-6
57300.jpg,2016,2006,-10
57305.jpg,2016,2015,-1
57310.jpg,2016,1890,-126
57315.jpg,2016,2010,-6
57320.jpg,2016,2015,-1
57325.jpg,2016,2010,-6
57330.jpg,2016,2010,-6
57335.jpg,2016,2005,-11
57340.jpg,2016,2015,-1
57345.jpg,2016,1994,-22
57350.jpg,2016,2010,-6
57355.jpg,2016,2010,-6
57360.jpg,2016,2010,-6
57365.jpg,2017,2005,-12
57370.jpg,2017,1997,-20
57375.jpg,2017,2005,-12
57385.jpg,2017,1968,-49
57390.jpg,2017,2018,1
57395.jpg,2017,2009,-8
57400.jpg,2017,1970,-47
57415.jpg,2017,2010,-7
57420.jpg,2017,2010,-7
57425.jpg,2017,2000,-17
57430.jpg,2017,1990,-27
57435.jpg,2017,2015,-2
57440.jpg,2017,2010,-7
57450.jpg,2017,2005,-12
57455.jpg,2017,2010,-7
57470.jpg,2017,2010,-7
57475.jpg,2017,2000,-17
57480.jpg,2018,2005,-13
57485.jpg,2018,2015,-3
57490.jpg,2018,2010,-8
57495.jpg,2018,1950,-68
57500.jpg,2018,2010,-8
57505.jpg,2018,2018,0
57510.jpg,2018,2016,-2
57515.jpg,2018,2010,-8
57520.jpg,2018,2005,-13
57525.jpg,2018,1997,-21
57530.jpg,2018,2005,-13
57545.jpg,2018,2010,-8
57550.jpg,2018,2007,-11
57555.jpg,2018,2010,-8
57560.jpg,2018,2010,-8
57565.jpg,2018,2005,-13
57570.jpg,2018,2013,-5
57575.jpg,2018,2010,-8
57585.jpg,2019,1950,-69
57595.jpg,2019,2023,4
57600.jpg,2019,2010,-9
57605.jpg,2019,2015,-4
57610.jpg,2019,2008,-11
57615.jpg,2019,2010,-9
57620.jpg,2019,2010,-9
57625.jpg,2019,1990,-29
57630.jpg,2019,1969,-50
57635.jpg,2019,2010,-9
57640.jpg,2019,2005,-14
57645.jpg,2019,2015,-4
57660.jpg,2019,1990,-29
57665.jpg,2019,2010,-9
57670.jpg,2020,2005,-15
57675.jpg,2020,2015,-5
57680.jpg,2020,2005,-15
57685.jpg,2020,2010,-10
57690.jpg,2020,1995,-25
57695.jpg,2020,1950,-70
57700.jpg,2020,1960,-60
57705.jpg,2020,2005,-15
57710.jpg,2020,1940,-80
57725.jpg,2020,1900,-120
57730.jpg,2021,2015,-6
57735.jpg,2021,2015,-6
57740.jpg,2021,2015,-6
57745.jpg,2021,2012,-9
57750.jpg,2021,2008,-13
57755.jpg,2021,2001,-20
57760.jpg,2021,2000,-21
57765.jpg,2021,2000,-21
57770.jpg,2021,2005,-16
57780.jpg,2021,2010,-11
57785.jpg,2021,2015,-6
57790.jpg,2021,1995,-26
57795.jpg,2021,2010,-11
57800.jpg,2021,2010,-11
57805.jpg,2022,2010,-12
57810.jpg,2022,2010,-12
57815.jpg,2022,2010,-12
57825.jpg,2022,2008,-14
57830.jpg,2022,2010,-12
57835.jpg,2022,2010,-12
57840.jpg,2022,1990,-32
57845.jpg,2022,2015,-7
57860.jpg,2022,2015,-7
57865.jpg,2022,2010,-12
57870.jpg,2022,2014,-8
57875.jpg,2023,2010,-13
57885.jpg,2023,2018,-5
57890.jpg,2023,2000,-23
57895.jpg,2023,2005,-18
57900.jpg,2023,1991,-32
57910.jpg,2023,2020,-3
57915.jpg,2023,2010,-13
57920.jpg,2023,2020,-3
57925.jpg,2024,1900,-124
57930.jpg,2024,2010,-14
