name,year,pred,diff
5.jpg,1008,1075,67
10.jpg,1016,2020,1004
15.jpg,1022,1180,158
20.jpg,1028,1650,622
25.jpg,1036,1950,914
30.jpg,1048,700,-348
35.jpg,1051,1250,199
40.jpg,1061,1018,-43
45.jpg,1063,1650,587
55.jpg,1070,1200,130
60.jpg,1076,1150,74
65.jpg,1080,1250,170
70.jpg,1090,1250,160
75.jpg,1093,1450,357
80.jpg,1097,1859,762
85.jpg,1100,1909,809
90.jpg,1100,1750,650
95.jpg,1107,1750,643
100.jpg,1110,1875,765
105.jpg,1114,1200,86
110.jpg,1116,1150,34
120.jpg,1120,1250,130
125.jpg,1122,1650,528
130.jpg,1125,1250,125
135.jpg,1128,1080,-48
140.jpg,1129,1350,221
145.jpg,1130,1150,20
150.jpg,1131,1200,69
155.jpg,1134,1650,516
165.jpg,1138,1650,512
170.jpg,1140,1350,210
175.jpg,1144,1450,306
180.jpg,1146,1180,34
185.jpg,1147,1180,33
190.jpg,1149,1100,-49
195.jpg,1150,1890,740
200.jpg,1152,1100,-52
210.jpg,1160,1150,-10
215.jpg,1165,1200,35
220.jpg,1168,1850,682
225.jpg,1170,1450,280
230.jpg,1170,1450,280
235.jpg,1172,100,-1072
240.jpg,1175,1500,325
245.jpg,1177,1300,123
255.jpg,1180,1350,170
260.jpg,1180,1300,120
265.jpg,1180,1200,20
275.jpg,1185,1100,-85
280.jpg,1189,1530,341
285.jpg,1191,1450,259
290.jpg,1192,1350,158
295.jpg,1194,1850,656
300.jpg,1196,1350,154
305.jpg,1198,1250,52
310.jpg,1199,1100,-99
315.jpg,1200,1450,250
320.jpg,1202,1500,298
325.jpg,1204,1560,356
330.jpg,1208,1550,342
335.jpg,1211,1450,239
340.jpg,1212,1250,38
345.jpg,1215,1600,385
350.jpg,1217,1250,33
355.jpg,1220,1350,130
360.jpg,1221,1100,-121
365.jpg,1222,11,-1211
370.jpg,1224,1300,76
375.jpg,1226,1450,224
380.jpg,1227,1700,473
385.jpg,1229,1200,-29
390.jpg,1231,1350,119
395.jpg,1232,1300,68
405.jpg,1237,1225,-12
410.jpg,1238,1200,-38
415.jpg,1240,1330,90
420.jpg,1242,1200,-42
425.jpg,1245,1450,205
430.jpg,1247,1350,103
435.jpg,1248,1450,202
440.jpg,1250,1500,250
445.jpg,1250,1450,200
450.jpg,1252,1150,-102
455.jpg,1255,1450,195
460.jpg,1259,1700,441
465.jpg,1260,1450,190
470.jpg,1263,1250,-13
475.jpg,1264,1250,-14
485.jpg,1270,1180,-90
490.jpg,1270,1350,80
495.jpg,1270,1500,230
500.jpg,1271,1378,107
505.jpg,1273,1550,277
510.jpg,1275,1450,175
515.jpg,1277,1250,-27
520.jpg,1278,1600,322
525.jpg,1279,1413,134
530.jpg,1280,1650,370
535.jpg,1285,1100,-185
540.jpg,1288,1300,12
545.jpg,1289,1500,211
550.jpg,1290,1100,-190
555.jpg,1291,1350,59
560.jpg,1293,1200,-93
565.jpg,1295,1380,85
570.jpg,1298,1150,-148
575.jpg,1300,1150,-150
580.jpg,1300,1250,-50
585.jpg,1300,1750,450
590.jpg,1301,1500,199
595.jpg,1303,1750,447
600.jpg,1305,1200,-105
605.jpg,1307,1100,-207
610.jpg,1309,1650,341
615.jpg,1310,1350,40
620.jpg,1311,1300,-11
625.jpg,1313,1450,137
630.jpg,1314,1150,-164
635.jpg,1317,1250,-67
640.jpg,1319,1100,-219
645.jpg,1320,1450,130
650.jpg,1322,1420,98
655.jpg,1324,1350,26
660.jpg,1325,1400,75
665.jpg,1326,1500,174
670.jpg,1327,1780,453
675.jpg,1328,1450,122
680.jpg,1330,1700,370
685.jpg,1330,1450,120
690.jpg,1331,1750,419
695.jpg,1333,1300,-33
700.jpg,1335,12,-1323
705.jpg,1337,1450,113
710.jpg,1338,1350,12
715.jpg,1340,1300,-40
720.jpg,1340,1550,210
725.jpg,1343,1800,457
730.jpg,1345,1350,5
735.jpg,1345,1450,105
740.jpg,1346,1920,574
745.jpg,1347,1500,153
750.jpg,1347,1550,203
755.jpg,1349,1450,101
760.jpg,1350,1750,400
765.jpg,1350,1350,0
775.jpg,1353,1350,-3
780.jpg,1354,1350,-4
785.jpg,1356,1350,-6
790.jpg,1358,1350,-8
795.jpg,1360,1450,90
800.jpg,1361,1150,-211
805.jpg,1362,1250,-112
810.jpg,1364,1950,586
815.jpg,1365,1520,155
825.jpg,1370,1950,580
830.jpg,1371,1450,79
835.jpg,1373,1350,-23
840.jpg,1375,1500,125
845.jpg,1377,1450,73
850.jpg,1380,2010,630
855.jpg,1381,1500,119
860.jpg,1382,1500,118
865.jpg,1384,1420,36
870.jpg,1386,1600,214
875.jpg,1389,1600,211
880.jpg,1390,1500,110
885.jpg,1394,1450,56
890.jpg,1396,1395,-1
895.jpg,1397,1350,-47
900.jpg,1398,1450,52
905.jpg,1399,1350,-49
910.jpg,1400,1400,0
915.jpg,1401,1250,-151
920.jpg,1402,1450,48
925.jpg,1405,1450,45
930.jpg,1406,1450,44
935.jpg,1409,1350,-59
940.jpg,1410,1550,140
945.jpg,1410,1540,130
950.jpg,1411,1450,39
955.jpg,1413,1900,487
960.jpg,1414,1920,506
965.jpg,1417,1248,-169
970.jpg,1419,1950,531
975.jpg,1420,1550,130
980.jpg,1420,1970,550
985.jpg,1422,1450,28
990.jpg,1424,1080,-344
995.jpg,1425,1100,-325
1000.jpg,1426,1450,24
1005.jpg,1428,1794,366
1010.jpg,1430,1600,170
1015.jpg,1431,1600,169
1025.jpg,1435,1250,-185
1030.jpg,1436,1450,14
1035.jpg,1438,1800,362
1040.jpg,1440,1550,110
1045.jpg,1441,1600,159
1050.jpg,1442,1908,466
1055.jpg,1444,1460,16
1060.jpg,1446,1900,454
1065.jpg,1448,1550,102
1070.jpg,1450,15,-1435
1075.jpg,1450,1067,-383
1080.jpg,1451,1992,541
1085.jpg,1452,1500,48
1090.jpg,1453,1750,297
1095.jpg,1455,1650,195
1100.jpg,1457,1850,393
1105.jpg,1458,1450,-8
1110.jpg,1459,1100,-359
1115.jpg,1460,1400,-60
1120.jpg,1462,1850,388
1125.jpg,1462,1450,-12
1130.jpg,1464,1250,-214
1135.jpg,1465,1650,185
1140.jpg,1466,1450,-16
1145.jpg,1467,1450,-17
1150.jpg,1468,1600,132
1155.jpg,1469,1450,-19
1160.jpg,1470,1850,380
1165.jpg,1470,1250,-220
1170.jpg,1472,1430,-42
1175.jpg,1473,1650,177
1180.jpg,1475,1100,-375
1185.jpg,1477,1250,-227
1190.jpg,1477,1700,223
1195.jpg,1479,1450,-29
1200.jpg,1480,1100,-380
1205.jpg,1482,1600,118
1210.jpg,1482,1500,18
1215.jpg,1483,1600,117
1220.jpg,1485,1450,-35
1225.jpg,1487,1700,213
1230.jpg,1487,1450,-37
1235.jpg,1488,1490,2
1240.jpg,1489,1,-1488
1245.jpg,1490,1650,160
1250.jpg,1490,1250,-240
1255.jpg,1491,1500,9
1260.jpg,1492,1790,298
1265.jpg,1493,1700,207
1270.jpg,1494,1550,56
1275.jpg,1495,1350,-145
1280.jpg,1496,1500,4
1285.jpg,1497,1900,403
1290.jpg,1497,1877,380
1295.jpg,1498,1150,-348
1300.jpg,1499,1450,-49
1305.jpg,1500,1350,-150
1310.jpg,1500,1525,25
1315.jpg,1501,1600,99
1325.jpg,1503,17,-1486
1330.jpg,1504,1150,-354
1335.jpg,1505,1750,245
1340.jpg,1506,1350,-156
1345.jpg,1507,1250,-257
1350.jpg,1508,1450,-58
1355.jpg,1508,1576,68
1360.jpg,1509,1450,-59
1365.jpg,1510,1850,340
1370.jpg,1510,1900,390
1375.jpg,1511,1100,-411
1380.jpg,1512,1850,338
1385.jpg,1513,1450,-63
1390.jpg,1513,1650,137
1395.jpg,1515,1250,-265
1400.jpg,1515,1700,185
1405.jpg,1516,1750,234
1410.jpg,1517,1500,-17
1415.jpg,1518,1550,32
1420.jpg,1518,1750,232
1425.jpg,1520,1620,100
1430.jpg,1521,1520,-1
1435.jpg,1521,12,-1509
1440.jpg,1522,1960,438
1445.jpg,1523,1950,427
1450.jpg,1524,1450,-74
1455.jpg,1525,1500,-25
1460.jpg,1526,1450,-76
1465.jpg,1526,1600,74
1470.jpg,1527,1450,-77
1475.jpg,1528,1650,122
1480.jpg,1528,1850,322
1485.jpg,1530,1450,-80
1490.jpg,1530,1650,120
1495.jpg,1530,1550,20
1500.jpg,1531,1900,369
1505.jpg,1531,1550,19
1510.jpg,1532,1665,133
1515.jpg,1532,1700,168
1520.jpg,1533,1350,-183
1525.jpg,1534,1780,246
1530.jpg,1535,1750,215
1535.jpg,1535,1930,395
1540.jpg,1536,1700,164
1545.jpg,1537,1650,113
1550.jpg,1537,1650,113
1555.jpg,1538,1450,-88
1560.jpg,1539,1500,-39
1565.jpg,1540,1250,-290
1570.jpg,1540,1450,-90
1575.jpg,1540,1750,210
1580.jpg,1540,1570,30
1590.jpg,1542,1200,-342
1595.jpg,1543,1750,207
1600.jpg,1543,1600,57
1605.jpg,1544,1500,-44
1610.jpg,1545,1800,255
1615.jpg,1545,1750,205
1620.jpg,1547,1520,-27
1625.jpg,1548,1750,202
1630.jpg,1549,1750,201
1635.jpg,1549,1500,-49
1640.jpg,1550,1550,0
1645.jpg,1550,1750,200
1650.jpg,1550,1700,150
1655.jpg,1550,1360,-190
1660.jpg,1551,1900,349
1665.jpg,1551,1350,-201
1670.jpg,1552,1550,-2
1675.jpg,1553,1750,197
1680.jpg,1554,1740,186
1685.jpg,1554,1653,99
1690.jpg,1555,1500,-55
1695.jpg,1556,1800,244
1700.jpg,1557,1750,193
1705.jpg,1558,1850,292
1710.jpg,1558,1453,-105
1715.jpg,1559,1450,-109
1720.jpg,1559,1510,-49
1725.jpg,1560,1500,-60
1730.jpg,1560,1653,93
1735.jpg,1560,1900,340
1740.jpg,1561,1850,289
1745.jpg,1561,1650,89
1750.jpg,1562,1450,-112
1755.jpg,1563,1880,317
1760.jpg,1564,1648,84
1765.jpg,1565,1750,185
1770.jpg,1565,1500,-65
1775.jpg,1565,1330,-235
1780.jpg,1566,1650,84
1785.jpg,1567,1700,133
1790.jpg,1567,1800,233
1795.jpg,1568,1450,-118
1800.jpg,1568,1375,-193
1805.jpg,1569,1650,81
1810.jpg,1570,1800,230
1815.jpg,1570,1700,130
1820.jpg,1570,1650,80
1825.jpg,1571,1800,229
1830.jpg,1572,1790,218
1835.jpg,1572,1648,76
1840.jpg,1573,1600,27
1845.jpg,1573,1900,327
1850.jpg,1574,1750,176
1855.jpg,1574,1550,-24
1860.jpg,1575,1800,225
1865.jpg,1575,1650,75
1870.jpg,1575,1700,125
1875.jpg,1576,1750,174
1880.jpg,1577,1500,-77
1885.jpg,1578,1700,122
1890.jpg,1578,1750,172
1895.jpg,1579,1310,-269
1900.jpg,1579,1750,171
1905.jpg,1580,1750,170
1910.jpg,1580,1700,120
1915.jpg,1581,1680,99
1920.jpg,1581,1615,34
1925.jpg,1582,1250,-332
1930.jpg,1582,1850,268
1935.jpg,1583,1665,82
1940.jpg,1584,1650,66
1945.jpg,1584,1600,16
1950.jpg,1585,1920,335
1955.jpg,1585,1450,-135
1960.jpg,1585,1850,265
1965.jpg,1586,1450,-136
1970.jpg,1586,1900,314
1975.jpg,1587,1399,-188
1980.jpg,1588,1600,12
1985.jpg,1588,1600,12
1990.jpg,1588,1550,-38
1995.jpg,1588,1589,1
2000.jpg,1589,1650,61
2005.jpg,1590,1550,-40
2010.jpg,1590,1800,210
2020.jpg,1591,1700,109
2025.jpg,1591,1750,159
2030.jpg,1592,1900,308
2035.jpg,1593,1450,-143
2045.jpg,1595,1650,55
2050.jpg,1595,1550,-45
2055.jpg,1595,1350,-245
2060.jpg,1596,1450,-146
2065.jpg,1596,1590,-6
2070.jpg,1597,1732,135
2075.jpg,1597,1650,53
2080.jpg,1598,1450,-148
2085.jpg,1598,1450,-148
2090.jpg,1598,1900,302
2095.jpg,1600,1576,-24
2100.jpg,1600,1350,-250
2115.jpg,1602,1650,48
2125.jpg,1604,1650,46
2130.jpg,1604,1500,-104
2135.jpg,1604,1870,266
2140.jpg,1605,1705,100
2145.jpg,1605,1600,-5
2150.jpg,1606,1800,194
2155.jpg,1606,1700,94
2160.jpg,1607,1606,-1
2165.jpg,1607,1750,143
2170.jpg,1608,1640,32
2175.jpg,1608,1500,-108
2180.jpg,1609,1450,-159
2185.jpg,1610,1650,40
2190.jpg,1610,1500,-110
2195.jpg,1610,1700,90
2200.jpg,1610,1750,140
2205.jpg,1611,1600,-11
2210.jpg,1611,1750,139
2215.jpg,1611,1650,39
2220.jpg,1612,1950,338
2225.jpg,1612,1250,-362
2230.jpg,1613,1650,37
2235.jpg,1613,1750,137
2240.jpg,1614,1250,-364
2245.jpg,1614,1650,36
2250.jpg,1614,1650,36
2255.jpg,1615,1920,305
2260.jpg,1615,1150,-465
2265.jpg,1616,1500,-116
2270.jpg,1616,1450,-166
2275.jpg,1616,1950,334
2280.jpg,1616,1600,-16
2285.jpg,1617,1840,223
2290.jpg,1617,1250,-367
2295.jpg,1617,1750,133
2300.jpg,1618,1200,-418
2305.jpg,1618,1880,262
2310.jpg,1619,1450,-169
2315.jpg,1619,1750,131
2320.jpg,1619,1700,81
2325.jpg,1620,1700,80
2330.jpg,1620,1550,-70
2335.jpg,1620,1500,-120
2340.jpg,1621,1550,-71
2345.jpg,1621,1600,-21
2350.jpg,1622,1600,-22
2360.jpg,1623,1650,27
2365.jpg,1624,1600,-24
2370.jpg,1624,1520,-104
2375.jpg,1624,1600,-24
2380.jpg,1625,1750,125
2385.jpg,1625,1720,95
2390.jpg,1625,1700,75
2395.jpg,1625,1550,-75
2400.jpg,1626,1600,-26
2405.jpg,1626,1900,274
2410.jpg,1627,1720,93
2415.jpg,1628,1950,322
2420.jpg,1628,1838,210
2425.jpg,1629,1850,221
2430.jpg,1629,1600,-29
2435.jpg,1630,1750,120
2440.jpg,1630,1700,70
2445.jpg,1630,1350,-280
2450.jpg,1630,1650,20
2455.jpg,1631,1750,119
2460.jpg,1631,1700,69
2465.jpg,1631,500,-1131
2470.jpg,1632,1300,-332
2475.jpg,1632,1920,288
2480.jpg,1632,1900,268
2485.jpg,1633,1850,217
2490.jpg,1633,1450,-183
2495.jpg,1634,1890,256
2500.jpg,1634,1550,-84
2505.jpg,1634,1250,-384
2510.jpg,1635,1550,-85
2515.jpg,1635,1728,93
2520.jpg,1635,1600,-35
2525.jpg,1636,1750,114
2530.jpg,1636,1850,214
2535.jpg,1636,1500,-136
2540.jpg,1637,1870,233
2545.jpg,1637,1750,113
2550.jpg,1638,1550,-88
2555.jpg,1638,1650,12
2560.jpg,1638,1800,162
2565.jpg,1639,1830,191
2570.jpg,1639,1450,-189
2575.jpg,1640,1800,160
2580.jpg,1640,1790,150
2585.jpg,1640,1800,160
2590.jpg,1641,1500,-141
2595.jpg,1641,1200,-441
2600.jpg,1641,1857,216
2605.jpg,1642,1600,-42
2610.jpg,1642,1850,208
2615.jpg,1643,1650,7
2620.jpg,1644,1650,6
2625.jpg,1644,1850,206
2630.jpg,1644,1780,136
2635.jpg,1645,1800,155
2640.jpg,1645,1850,205
2645.jpg,1646,1450,-196
2650.jpg,1646,1350,-296
2655.jpg,1646,1650,4
2660.jpg,1648,1800,152
2665.jpg,1648,1550,-98
2670.jpg,1648,1648,0
2675.jpg,1649,1750,101
2680.jpg,1650,1650,0
2685.jpg,1650,1700,50
2690.jpg,1650,1292,-358
2695.jpg,1650,1950,300
2700.jpg,1651,18,-1633
2705.jpg,1651,1700,49
2710.jpg,1652,1630,-22
2715.jpg,1653,1650,-3
2720.jpg,1653,1200,-453
2725.jpg,1654,1650,-4
2730.jpg,1654,1530,-124
2735.jpg,1655,1750,95
2745.jpg,1656,1750,94
2750.jpg,1656,1722,66
2755.jpg,1656,1450,-206
2760.jpg,1657,1650,-7
2765.jpg,1657,1650,-7
2770.jpg,1658,1550,-108
2775.jpg,1658,1850,192
2780.jpg,1659,1450,-209
2785.jpg,1659,1600,-59
2790.jpg,1660,1450,-210
2795.jpg,1660,18,-1642
2800.jpg,1660,1850,190
2805.jpg,1660,1750,90
2810.jpg,1660,18,-1642
2815.jpg,1660,1697,37
2820.jpg,1660,1850,190
2825.jpg,1661,1910,249
2830.jpg,1661,1750,89
2835.jpg,1661,1750,89
2840.jpg,1661,1850,189
2845.jpg,1662,1890,228
2850.jpg,1663,1850,187
2855.jpg,1663,1700,37
2860.jpg,1664,1500,-164
2865.jpg,1664,1700,36
2870.jpg,1664,1650,-14
2875.jpg,1665,1650,-15
2880.jpg,1665,1680,15
2885.jpg,1665,1790,125
2890.jpg,1665,1650,-15
2895.jpg,1666,1650,-16
2900.jpg,1666,1450,-216
2905.jpg,1667,1790,123
2910.jpg,1667,1750,83
2915.jpg,1667,1700,33
2920.jpg,1668,1700,32
2925.jpg,1669,1900,231
2930.jpg,1669,1820,151
2935.jpg,1670,1800,130
2940.jpg,1670,1700,30
2945.jpg,1670,1800,130
2950.jpg,1670,1550,-120
2955.jpg,1671,1800,129
2960.jpg,1671,1500,-171
2965.jpg,1671,1670,-1
2970.jpg,1672,1880,208
2975.jpg,1672,1900,228
2980.jpg,1673,1600,-73
2985.jpg,1673,1600,-73
2990.jpg,1674,1800,126
2995.jpg,1674,1850,176
3000.jpg,1674,1450,-224
3010.jpg,1675,1600,-75
3020.jpg,1676,1860,184
3025.jpg,1676,1750,74
3030.jpg,1677,1980,303
3035.jpg,1677,1650,-27
3040.jpg,1677,1535,-142
3045.jpg,1678,1900,222
3050.jpg,1678,1750,72
3055.jpg,1678,1100,-578
3060.jpg,1679,1800,121
3065.jpg,1679,1900,221
3075.jpg,1680,1850,170
3080.jpg,1680,1750,70
3085.jpg,1680,1750,70
3090.jpg,1680,1900,220
3095.jpg,1680,1800,120
3100.jpg,1680,1850,170
3105.jpg,1681,1620,-61
3110.jpg,1681,1700,19
3115.jpg,1681,1600,-81
3120.jpg,1681,1200,-481
3125.jpg,1682,1800,118
3130.jpg,1682,1650,-32
3135.jpg,1682,1682,0
3140.jpg,1682,1600,-82
3145.jpg,1683,1800,117
3150.jpg,1683,1750,67
3155.jpg,1683,1600,-83
3160.jpg,1683,1623,-60
3165.jpg,1683,1750,67
3170.jpg,1684,1750,66
3175.jpg,1684,1650,-34
3180.jpg,1684,1700,16
3185.jpg,1684,1750,66
3190.jpg,1685,1750,65
3195.jpg,1685,1650,-35
3200.jpg,1685,1750,65
3205.jpg,1686,1700,14
3210.jpg,1686,1850,164
3215.jpg,1686,1850,164
3220.jpg,1686,1750,64
3225.jpg,1687,1750,63
3230.jpg,1687,1750,63
3235.jpg,1687,1870,183
3240.jpg,1688,1750,62
3245.jpg,1688,1700,12
3250.jpg,1689,1900,211
3255.jpg,1689,1800,111
3260.jpg,1689,1450,-239
3270.jpg,1690,1950,260
3275.jpg,1690,1780,90
3280.jpg,1690,1850,160
3285.jpg,1690,1750,60
3290.jpg,1690,1990,300
3295.jpg,1690,1910,220
3300.jpg,1690,1450,-240
3305.jpg,1691,1750,59
3310.jpg,1691,1614,-77
3315.jpg,1691,1750,59
3320.jpg,1692,1750,58
3325.jpg,1692,1651,-41
3330.jpg,1693,1958,265
3335.jpg,1693,1750,57
3340.jpg,1694,1710,16
3345.jpg,1694,1850,156
3350.jpg,1694,1475,-219
3355.jpg,1695,1840,145
3360.jpg,1695,1910,215
3365.jpg,1695,1790,95
3370.jpg,1695,1800,105
3375.jpg,1695,1550,-145
3385.jpg,1696,1730,34
3390.jpg,1696,1750,54
3395.jpg,1696,1900,204
3400.jpg,1696,1650,-46
3405.jpg,1696,1750,54
3410.jpg,1697,1740,43
3415.jpg,1697,1800,103
3420.jpg,1697,1930,233
3425.jpg,1697,1775,78
3430.jpg,1698,1700,2
3435.jpg,1698,1830,132
3440.jpg,1698,10,-1688
3445.jpg,1699,1700,1
3450.jpg,1699,1600,-99
3455.jpg,1699,1900,201
3460.jpg,1700,1750,50
3465.jpg,1700,1950,250
3470.jpg,1700,1700,0
3475.jpg,1700,1780,80
3480.jpg,1700,1700,0
3485.jpg,1700,1750,50
3490.jpg,1700,1750,50
3495.jpg,1700,1750,50
3500.jpg,1700,1750,50
3505.jpg,1700,1750,50
3510.jpg,1700,1250,-450
3520.jpg,1701,1900,199
3525.jpg,1701,1700,-1
3535.jpg,1702,1750,48
3540.jpg,1702,1750,48
3545.jpg,1703,1666,-37
3550.jpg,1704,1800,96
3555.jpg,1704,1750,46
3560.jpg,1704,1750,46
3565.jpg,1704,1800,96
3570.jpg,1704,1900,196
3575.jpg,1705,1700,-5
3580.jpg,1705,1750,45
3585.jpg,1705,1850,145
3590.jpg,1705,1750,45
3595.jpg,1706,1350,-356
3600.jpg,1706,1800,94
3605.jpg,1706,1730,24
3610.jpg,1706,-1,-1707
3615.jpg,1707,1800,93
3620.jpg,1707,1750,43
3625.jpg,1707,1750,43
3630.jpg,1708,1700,-8
3635.jpg,1708,1750,42
3640.jpg,1708,1850,142
3645.jpg,1708,1450,-258
3650.jpg,1709,1450,-259
3655.jpg,1709,1850,141
3660.jpg,1709,1750,41
3665.jpg,1709,1670,-39
3670.jpg,1710,1800,90
3675.jpg,1710,1900,190
3680.jpg,1710,1800,90
3685.jpg,1710,1760,50
3690.jpg,1710,1750,40
3695.jpg,1710,1750,40
3700.jpg,1710,1850,140
3705.jpg,1710,1900,190
3710.jpg,1710,1650,-60
3715.jpg,1711,1880,169
3720.jpg,1711,1750,39
3725.jpg,1711,1800,89
3730.jpg,1711,1589,-122
3735.jpg,1711,1676,-35
3740.jpg,1712,1900,188
3745.jpg,1712,1850,138
3750.jpg,1713,1450,-263
3755.jpg,1713,1770,57
3760.jpg,1713,1770,57
3765.jpg,1713,1650,-63
3770.jpg,1714,1750,36
3775.jpg,1714,1750,36
3780.jpg,1714,1850,136
3785.jpg,1714,1900,186
3790.jpg,1715,1950,235
3795.jpg,1715,1930,215
3800.jpg,1715,1650,-65
3805.jpg,1715,1450,-265
3810.jpg,1715,1750,35
3815.jpg,1715,1790,75
3820.jpg,1715,1850,135
3825.jpg,1715,1800,85
3830.jpg,1715,1500,-215
3835.jpg,1716,1450,-266
3840.jpg,1716,1850,134
3845.jpg,1716,1930,214
3850.jpg,1716,1850,134
3855.jpg,1716,1650,-66
3860.jpg,1716,1725,9
3865.jpg,1717,1900,183
3870.jpg,1717,1750,33
3875.jpg,1717,1670,-47
3880.jpg,1718,1780,62
3885.jpg,1718,1600,-118
3890.jpg,1719,1850,131
3895.jpg,1719,1750,31
3900.jpg,1719,1550,-169
3905.jpg,1719,1750,31
3910.jpg,1720,1450,-270
3915.jpg,1720,1901,181
3920.jpg,1720,1820,100
3925.jpg,1720,1850,130
3930.jpg,1720,1900,180
3935.jpg,1720,1820,100
3940.jpg,1720,1850,130
3945.jpg,1720,1850,130
3950.jpg,1720,1750,30
3955.jpg,1720,1750,30
3960.jpg,1720,1720,0
3965.jpg,1720,1800,80
3970.jpg,1720,1450,-270
3975.jpg,1721,1850,129
3980.jpg,1721,1750,29
3985.jpg,1721,1850,129
3990.jpg,1721,1600,-121
3995.jpg,1721,1650,-71
4000.jpg,1722,1750,28
4005.jpg,1722,1700,-22
4010.jpg,1722,1750,28
4015.jpg,1722,1800,78
4020.jpg,1722,1920,198
4025.jpg,1723,1814,91
4030.jpg,1723,1800,77
4035.jpg,1723,1750,27
4040.jpg,1723,1950,227
4045.jpg,1723,1670,-53
4050.jpg,1723,1650,-73
4055.jpg,1723,1550,-173
4060.jpg,1724,1930,206
4065.jpg,1724,1900,176
4070.jpg,1724,1750,26
4075.jpg,1724,1750,26
4080.jpg,1724,1850,126
4085.jpg,1724,1685,-39
4090.jpg,1724,1650,-74
4095.jpg,1724,1600,-124
4100.jpg,1725,1860,135
4105.jpg,1725,1750,25
4110.jpg,1725,1850,125
4115.jpg,1725,1700,-25
4120.jpg,1725,1850,125
4125.jpg,1725,1900,175
4130.jpg,1725,1750,25
4135.jpg,1725,1754,29
4140.jpg,1725,1750,25
4145.jpg,1725,1700,-25
4150.jpg,1725,1275,-450
4155.jpg,1725,1850,125
4160.jpg,1726,1700,-26
4165.jpg,1726,1750,24
4170.jpg,1726,1850,124
4175.jpg,1726,1930,204
4180.jpg,1726,1650,-76
4185.jpg,1727,1750,23
4190.jpg,1727,1850,123
4195.jpg,1727,1800,73
4200.jpg,1727,1750,23
4205.jpg,1727,1700,-27
4210.jpg,1727,1750,23
4215.jpg,1728,1550,-178
4220.jpg,1728,1880,152
4225.jpg,1728,1650,-78
4230.jpg,1728,1800,72
4235.jpg,1728,1700,-28
4240.jpg,1728,2000,272
4245.jpg,1728,1800,72
4250.jpg,1729,18,-1711
4255.jpg,1729,1850,121
4260.jpg,1729,1800,71
4265.jpg,1729,1750,21
4270.jpg,1729,1580,-149
4275.jpg,1730,1850,120
4280.jpg,1730,1850,120
4285.jpg,1730,1750,20
4290.jpg,1730,1750,20
4295.jpg,1730,1900,170
4300.jpg,1730,1750,20
4305.jpg,1730,1850,120
4310.jpg,1730,1850,120
4315.jpg,1730,1750,20
4320.jpg,1730,1600,-130
4325.jpg,1730,1750,20
4330.jpg,1730,1850,120
4335.jpg,1730,1850,120
4340.jpg,1730,1810,80
4345.jpg,1730,1750,20
4350.jpg,1730,1820,90
4355.jpg,1730,1950,220
4360.jpg,1730,1850,120
4365.jpg,1730,1980,250
4370.jpg,1731,1700,-31
4375.jpg,1731,1700,-31
4380.jpg,1731,1750,19
4385.jpg,1731,1700,-31
4390.jpg,1732,1699,-33
4395.jpg,1732,1650,-82
4400.jpg,1732,1850,118
4405.jpg,1732,1750,18
4410.jpg,1732,1750,18
4415.jpg,1732,1750,18
4420.jpg,1732,1750,18
4425.jpg,1732,1500,-232
4430.jpg,1732,1450,-282
4435.jpg,1733,1750,17
4440.jpg,1733,1800,67
4445.jpg,1733,1750,17
4450.jpg,1733,1550,-183
4455.jpg,1733,1750,17
4460.jpg,1733,1900,167
4465.jpg,1733,1920,187
4470.jpg,1733,1850,117
4475.jpg,1734,1750,16
4480.jpg,1734,1750,16
4485.jpg,1734,1900,166
4490.jpg,1734,1800,66
4495.jpg,1735,1750,15
4505.jpg,1735,1750,15
4510.jpg,1735,1800,65
4515.jpg,1735,1800,65
4520.jpg,1735,1750,15
4525.jpg,1735,1850,115
4530.jpg,1735,1750,15
4535.jpg,1735,1750,15
4545.jpg,1736,1879,143
4550.jpg,1736,1750,14
4555.jpg,1736,1750,14
4560.jpg,1736,1810,74
4565.jpg,1736,1450,-286
4570.jpg,1736,1885,149
4575.jpg,1737,1900,163
4580.jpg,1737,1850,113
4585.jpg,1737,1850,113
4590.jpg,1737,1930,193
4595.jpg,1737,1550,-187
4600.jpg,1737,1450,-287
4605.jpg,1738,19,-1719
4610.jpg,1738,1750,12
4615.jpg,1738,1880,142
4620.jpg,1738,1750,12
4625.jpg,1738,1600,-138
4630.jpg,1738,1850,112
4635.jpg,1738,1750,12
4640.jpg,1739,1760,21
4645.jpg,1739,1850,111
4650.jpg,1739,1900,161
4655.jpg,1739,1700,-39
4660.jpg,1739,1800,61
4665.jpg,1740,1760,20
4670.jpg,1740,1750,10
4675.jpg,1740,1850,110
4680.jpg,1740,1750,10
4685.jpg,1740,1900,160
4690.jpg,1740,1750,10
4695.jpg,1740,1900,160
4700.jpg,1740,1800,60
4705.jpg,1740,1750,10
4710.jpg,1740,1750,10
4715.jpg,1740,1650,-90
4720.jpg,1740,1250,-490
4725.jpg,1740,1850,110
4730.jpg,1740,1700,-40
4735.jpg,1740,1790,50
4740.jpg,1740,1500,-240
4745.jpg,1740,1750,10
4750.jpg,1741,1905,164
4755.jpg,1741,1690,-51
4760.jpg,1741,1790,49
4765.jpg,1741,1850,109
4770.jpg,1741,1500,-241
4775.jpg,1741,2000,259
4780.jpg,1742,1250,-492
4785.jpg,1742,1650,-92
4790.jpg,1742,17,-1725
4795.jpg,1742,1650,-92
4800.jpg,1742,1750,8
4805.jpg,1742,1800,58
4810.jpg,1742,1550,-192
4815.jpg,1742,1850,108
4820.jpg,1743,1970,227
4825.jpg,1743,1700,-43
4835.jpg,1743,1800,57
4840.jpg,1743,1750,7
4845.jpg,1744,1700,-44
4850.jpg,1744,1750,6
4855.jpg,1744,1790,46
4860.jpg,1744,1750,6
4865.jpg,1744,1450,-294
4870.jpg,1745,1750,5
4875.jpg,1745,1760,15
4880.jpg,1745,1700,-45
4885.jpg,1745,1700,-45
4890.jpg,1745,1920,175
4895.jpg,1745,1800,55
4900.jpg,1745,1750,5
4905.jpg,1745,1996,251
4910.jpg,1746,1780,34
4915.jpg,1746,1650,-96
4920.jpg,1746,1750,4
4925.jpg,1746,1200,-546
4930.jpg,1747,1860,113
4935.jpg,1747,1850,103
4940.jpg,1747,1650,-97
4945.jpg,1747,1850,103
4950.jpg,1747,1750,3
4955.jpg,1747,1690,-57
4960.jpg,1747,1900,153
4965.jpg,1748,1750,2
4970.jpg,1748,1740,-8
4975.jpg,1748,1750,2
4980.jpg,1748,1850,102
4985.jpg,1748,1750,2
4990.jpg,1749,1750,1
4995.jpg,1749,1850,101
5000.jpg,1749,1920,171
5005.jpg,1749,1950,201
5010.jpg,1749,1850,101
5015.jpg,1750,1800,50
5020.jpg,1750,1850,100
5025.jpg,1750,1790,40
5030.jpg,1750,1850,100
5035.jpg,1750,1800,50
5040.jpg,1750,1850,100
5045.jpg,1750,1750,0
5050.jpg,1750,1750,0
5060.jpg,1750,1730,-20
5065.jpg,1750,1850,100
5070.jpg,1750,1725,-25
5075.jpg,1750,1850,100
5080.jpg,1750,1750,0
5085.jpg,1750,1850,100
5090.jpg,1750,1750,0
5095.jpg,1750,1900,150
5100.jpg,1750,1920,170
5105.jpg,1750,18,-1732
5110.jpg,1750,1800,50
5115.jpg,1750,1750,0
5120.jpg,1750,1800,50
5125.jpg,1750,1700,-50
5130.jpg,1750,1800,50
5135.jpg,1750,1770,20
5140.jpg,1750,1850,100
5145.jpg,1750,1660,-90
5150.jpg,1750,1900,150
5155.jpg,1750,1750,0
5160.jpg,1750,1750,0
5165.jpg,1750,1950,200
5170.jpg,1750,18,-1732
5175.jpg,1750,1788,38
5180.jpg,1750,1850,100
5185.jpg,1750,1850,100
5190.jpg,1750,1700,-50
5195.jpg,1751,1750,-1
5200.jpg,1751,1750,-1
5205.jpg,1751,1940,189
5210.jpg,1751,1930,179
5215.jpg,1751,1750,-1
5220.jpg,1751,1750,-1
5225.jpg,1752,1910,158
5230.jpg,1752,1700,-52
5235.jpg,1752,1750,-2
5240.jpg,1752,1700,-52
5245.jpg,1752,1750,-2
5250.jpg,1752,1850,98
5255.jpg,1752,1750,-2
5260.jpg,1752,1750,-2
5265.jpg,1752,1750,-2
5270.jpg,1752,1820,68
5275.jpg,1752,1700,-52
5285.jpg,1753,1780,27
5290.jpg,1753,1680,-73
5295.jpg,1753,1750,-3
5300.jpg,1753,1850,97
5305.jpg,1753,1750,-3
5310.jpg,1753,1753,0
5315.jpg,1753,1356,-397
5320.jpg,1753,1850,97
5325.jpg,1754,1900,146
5330.jpg,1754,1754,0
5335.jpg,1754,1750,-4
5340.jpg,1754,1850,96
5345.jpg,1754,1750,-4
5350.jpg,1754,1750,-4
5355.jpg,1754,17,-1737
5360.jpg,1754,1850,96
5365.jpg,1754,1860,106
5370.jpg,1755,1750,-5
5375.jpg,1755,1800,45
5380.jpg,1755,1750,-5
5385.jpg,1755,1425,-330
5390.jpg,1755,1750,-5
5395.jpg,1755,1750,-5
5400.jpg,1755,1750,-5
5405.jpg,1755,1880,125
5410.jpg,1755,1600,-155
5415.jpg,1756,1850,94
5420.jpg,1756,1760,4
5425.jpg,1756,1750,-6
5430.jpg,1756,1600,-156
5435.jpg,1756,1700,-56
5440.jpg,1756,1800,44
5445.jpg,1756,1750,-6
5450.jpg,1756,1800,44
5455.jpg,1756,1500,-256
5460.jpg,1756,1773,17
5470.jpg,1757,1850,93
5475.jpg,1757,1750,-7
5480.jpg,1757,1750,-7
5485.jpg,1757,1850,93
5490.jpg,1757,1850,93
5495.jpg,1757,1920,163
5500.jpg,1758,1750,-8
5505.jpg,1758,1750,-8
5510.jpg,1758,1850,92
5515.jpg,1758,1825,67
5520.jpg,1758,1750,-8
5525.jpg,1758,1900,142
5530.jpg,1758,1650,-108
5535.jpg,1759,1800,41
5540.jpg,1759,1750,-9
5545.jpg,1759,1770,11
5550.jpg,1759,1769,10
5555.jpg,1759,1790,31
5560.jpg,1759,19,-1740
5565.jpg,1760,1850,90
5570.jpg,1760,1850,90
5575.jpg,1760,1840,80
5580.jpg,1760,1920,160
5585.jpg,1760,1350,-410
5590.jpg,1761,1650,-111
5595.jpg,1761,1800,39
5600.jpg,1761,1890,129
5605.jpg,1761,1,-1760
5610.jpg,1761,1880,119
5615.jpg,1761,1650,-111
5620.jpg,1761,1650,-111
5625.jpg,1761,1950,189
5630.jpg,1762,1850,88
5635.jpg,1762,1850,88
5640.jpg,1762,1750,-12
5645.jpg,1762,1700,-62
5650.jpg,1762,1710,-52
5655.jpg,1762,1900,138
5660.jpg,1762,1740,-22
5665.jpg,1762,1820,58
5670.jpg,1763,1760,-3
5675.jpg,1763,1750,-13
5680.jpg,1763,1820,57
5685.jpg,1763,1750,-13
5690.jpg,1763,1650,-113
5695.jpg,1763,1750,-13
5700.jpg,1763,1600,-163
5705.jpg,1763,1800,37
5710.jpg,1764,1700,-64
5715.jpg,1764,1750,-14
5720.jpg,1764,1750,-14
5725.jpg,1764,1860,96
5730.jpg,1764,1850,86
5735.jpg,1764,1850,86
5740.jpg,1764,1750,-14
5745.jpg,1764,1650,-114
5750.jpg,1764,1850,86
5755.jpg,1764,1850,86
5765.jpg,1765,1850,85
5770.jpg,1765,1850,85
5775.jpg,1765,1900,135
5780.jpg,1765,1850,85
5785.jpg,1765,1850,85
5790.jpg,1765,1750,-15
5795.jpg,1765,1790,25
5800.jpg,1765,1750,-15
5805.jpg,1765,1900,135
5810.jpg,1765,1850,85
5815.jpg,1765,1800,35
5820.jpg,1765,1900,135
5825.jpg,1765,1850,85
5830.jpg,1765,1890,125
5835.jpg,1766,1764,-2
5840.jpg,1766,1900,134
5845.jpg,1766,1830,64
5850.jpg,1766,1750,-16
5855.jpg,1766,1700,-66
5860.jpg,1766,1700,-66
5865.jpg,1766,1850,84
5870.jpg,1766,1770,4
5875.jpg,1767,1750,-17
5880.jpg,1767,1750,-17
5885.jpg,1767,1800,33
5890.jpg,1767,1750,-17
5895.jpg,1768,1800,32
5900.jpg,1768,1750,-18
5905.jpg,1768,1800,32
5910.jpg,1768,1900,132
5915.jpg,1768,1840,72
5920.jpg,1768,1750,-18
5925.jpg,1768,1902,134
5930.jpg,1768,1750,-18
5935.jpg,1768,1850,82
5940.jpg,1768,12,-1756
5945.jpg,1769,1750,-19
5950.jpg,1769,1850,81
5955.jpg,1769,1700,-69
5960.jpg,1769,1650,-119
5965.jpg,1769,1750,-19
5970.jpg,1769,1850,81
5975.jpg,1769,1700,-69
5980.jpg,1769,1750,-19
5985.jpg,1769,1850,81
5990.jpg,1769,1900,131
5995.jpg,1769,1600,-169
6000.jpg,1770,1500,-270
6005.jpg,1770,1750,-20
6010.jpg,1770,1750,-20
6015.jpg,1770,1850,80
6020.jpg,1770,1750,-20
6025.jpg,1770,1850,80
6030.jpg,1770,1750,-20
6035.jpg,1770,1780,10
6040.jpg,1770,1800,30
6045.jpg,1770,1790,20
6050.jpg,1770,1650,-120
6055.jpg,1770,1850,80
6060.jpg,1770,1790,20
6065.jpg,1770,1800,30
6070.jpg,1770,1920,150
6075.jpg,1770,1750,-20
6080.jpg,1770,1850,80
6085.jpg,1770,1750,-20
6090.jpg,1770,1850,80
6095.jpg,1770,1650,-120
6100.jpg,1770,1650,-120
6105.jpg,1770,1750,-20
6115.jpg,1771,1850,79
6120.jpg,1771,1850,79
6125.jpg,1771,1750,-21
6130.jpg,1771,1750,-21
6135.jpg,1771,1650,-121
6140.jpg,1771,1650,-121
6145.jpg,1771,1750,-21
6150.jpg,1771,1880,109
6155.jpg,1771,1600,-171
6160.jpg,1771,1700,-71
6165.jpg,1771,1929,158
6170.jpg,1772,1920,148
6175.jpg,1772,1813,41
6180.jpg,1772,1550,-222
6185.jpg,1772,1550,-222
6190.jpg,1772,1650,-122
6195.jpg,1773,1750,-23
6200.jpg,1773,1700,-73
6205.jpg,1773,1800,27
6210.jpg,1773,1800,27
6215.jpg,1773,1800,27
6220.jpg,1773,1750,-23
6225.jpg,1773,1750,-23
6230.jpg,1773,1800,27
6235.jpg,1773,1550,-223
6240.jpg,1774,1750,-24
6245.jpg,1774,1750,-24
6250.jpg,1774,1750,-24
6255.jpg,1774,1620,-154
6260.jpg,1774,1750,-24
6265.jpg,1774,1750,-24
6270.jpg,1774,1820,46
6275.jpg,1774,18,-1756
6280.jpg,1774,1750,-24
6285.jpg,1774,1750,-24
6290.jpg,1774,1850,76
6295.jpg,1774,1850,76
6300.jpg,1774,1750,-24
6305.jpg,1775,1650,-125
6310.jpg,1775,1780,5
6315.jpg,1775,1800,25
6320.jpg,1775,1750,-25
6325.jpg,1775,1900,125
6330.jpg,1775,1800,25
6335.jpg,1775,19,-1756
6350.jpg,1775,1850,75
6355.jpg,1775,1850,75
6360.jpg,1775,1850,75
6365.jpg,1775,1750,-25
6370.jpg,1775,1700,-75
6375.jpg,1775,1750,-25
6380.jpg,1775,1950,175
6385.jpg,1775,1600,-175
6390.jpg,1775,1650,-125
6395.jpg,1775,1700,-75
6405.jpg,1776,1700,-76
6410.jpg,1776,1985,209
6415.jpg,1776,1900,124
6420.jpg,1776,1750,-26
6425.jpg,1776,1750,-26
6430.jpg,1776,1750,-26
6435.jpg,1776,1750,-26
6440.jpg,1776,1800,24
6445.jpg,1777,1740,-37
6450.jpg,1777,1750,-27
6455.jpg,1777,1850,73
6460.jpg,1777,1650,-127
6465.jpg,1777,1850,73
6470.jpg,1777,1925,148
6475.jpg,1777,1100,-677
6480.jpg,1777,1850,73
6485.jpg,1778,1850,72
6495.jpg,1778,1750,-28
6500.jpg,1778,1800,22
6505.jpg,1778,1770,-8
6510.jpg,1778,1750,-28
6515.jpg,1779,1900,121
6520.jpg,1779,1850,71
6525.jpg,1779,1830,51
6530.jpg,1779,1850,71
6535.jpg,1779,1800,21
6540.jpg,1779,1790,11
6545.jpg,1779,1700,-79
6550.jpg,1779,1800,21
6555.jpg,1780,1880,100
6560.jpg,1780,1550,-230
6565.jpg,1780,1850,70
6570.jpg,1780,1850,70
6575.jpg,1780,1790,10
6580.jpg,1780,1850,70
6585.jpg,1780,1900,120
6590.jpg,1780,1830,50
6595.jpg,1780,1750,-30
6600.jpg,1780,1750,-30
6605.jpg,1780,1750,-30
6610.jpg,1780,1830,50
6615.jpg,1780,1800,20
6620.jpg,1780,1650,-130
6625.jpg,1780,1850,70
6630.jpg,1780,1795,15
6635.jpg,1780,1750,-30
6640.jpg,1780,1950,170
6645.jpg,1780,1850,70
6650.jpg,1780,1930,150
6655.jpg,1780,1750,-30
6660.jpg,1780,1960,180
6665.jpg,1780,1765,-15
6670.jpg,1781,1914,133
6675.jpg,1781,1850,69
6680.jpg,1781,1750,-31
6685.jpg,1781,1850,69
6690.jpg,1781,1740,-41
6695.jpg,1781,1800,19
6700.jpg,1781,1750,-31
6705.jpg,1781,1910,129
6710.jpg,1782,1900,118
6715.jpg,1782,1855,73
6720.jpg,1782,1900,118
6725.jpg,1782,1750,-32
6730.jpg,1782,1750,-32
6735.jpg,1782,1750,-32
6740.jpg,1782,1850,68
6745.jpg,1782,1570,-212
6750.jpg,1782,1850,68
6755.jpg,1783,1650,-133
6760.jpg,1783,1750,-33
6765.jpg,1783,1850,67
6770.jpg,1783,1920,137
6775.jpg,1783,1850,67
6780.jpg,1783,1800,17
6785.jpg,1783,1800,17
6790.jpg,1783,1750,-33
6795.jpg,1783,1770,-13
6800.jpg,1783,1950,167
6805.jpg,1783,1503,-280
6810.jpg,1784,1850,66
6815.jpg,1784,1150,-634
6820.jpg,1784,1750,-34
6825.jpg,1784,1800,16
6830.jpg,1784,1800,16
6835.jpg,1784,1940,156
6840.jpg,1784,1600,-184
6845.jpg,1784,1850,66
6850.jpg,1784,1650,-134
6855.jpg,1784,1650,-134
6860.jpg,1785,1850,65
6865.jpg,1785,1750,-35
6870.jpg,1785,1740,-45
6875.jpg,1785,1758,-27
6880.jpg,1785,1900,115
6885.jpg,1785,1850,65
6890.jpg,1785,1830,45
6895.jpg,1785,1800,15
6900.jpg,1785,1700,-85
6905.jpg,1785,1850,65
6910.jpg,1785,1775,-10
6915.jpg,1785,1750,-35
6920.jpg,1785,1820,35
6925.jpg,1785,1750,-35
6930.jpg,1785,1450,-335
6935.jpg,1785,1750,-35
6940.jpg,1785,1850,65
6945.jpg,1785,1280,-505
6950.jpg,1786,1750,-36
6955.jpg,1786,1860,74
6960.jpg,1786,1850,64
6965.jpg,1786,1200,-586
6970.jpg,1786,1752,-34
6975.jpg,1786,1750,-36
6980.jpg,1786,1770,-16
6985.jpg,1786,1750,-36
6990.jpg,1786,1700,-86
6995.jpg,1786,1800,14
7000.jpg,1786,1850,64
7005.jpg,1787,1850,63
7010.jpg,1787,1800,13
7015.jpg,1787,1800,13
7020.jpg,1787,1850,63
7025.jpg,1787,1850,63
7030.jpg,1787,1745,-42
7035.jpg,1787,1730,-57
7040.jpg,1787,1850,63
7045.jpg,1787,1850,63
7050.jpg,1787,1850,63
7055.jpg,1787,18,-1769
7060.jpg,1787,1960,173
7065.jpg,1787,1700,-87
7070.jpg,1787,1790,3
7075.jpg,1787,1450,-337
7080.jpg,1787,1851,64
7085.jpg,1787,1850,63
7090.jpg,1788,1857,69
7095.jpg,1788,1820,32
7100.jpg,1788,1934,146
7105.jpg,1788,1750,-38
7110.jpg,1788,1800,12
7115.jpg,1788,1850,62
7120.jpg,1788,1750,-38
7125.jpg,1788,1750,-38
7130.jpg,1788,1750,-38
7135.jpg,1788,1730,-58
7140.jpg,1788,1850,62
7145.jpg,1789,1800,11
7150.jpg,1789,1700,-89
7155.jpg,1789,1750,-39
7160.jpg,1789,1890,101
7165.jpg,1789,1790,1
7170.jpg,1789,1850,61
7175.jpg,1789,1750,-39
7180.jpg,1789,1890,101
7185.jpg,1789,1790,1
7190.jpg,1789,1650,-139
7195.jpg,1789,1800,11
7200.jpg,1790,1820,30
7205.jpg,1790,1900,110
7210.jpg,1790,1850,60
7215.jpg,1790,1913,123
7220.jpg,1790,1850,60
7225.jpg,1790,1850,60
7230.jpg,1790,1750,-40
7235.jpg,1790,1750,-40
7240.jpg,1790,1750,-40
7245.jpg,1790,1750,-40
7250.jpg,1790,1750,-40
7255.jpg,1790,1850,60
7260.jpg,1790,1880,90
7265.jpg,1790,1750,-40
7270.jpg,1790,1920,130
7275.jpg,1790,1830,40
7280.jpg,1790,1770,-20
7285.jpg,1790,1770,-20
7290.jpg,1790,1930,140
7295.jpg,1790,1850,60
7300.jpg,1790,1850,60
7305.jpg,1790,1820,30
7310.jpg,1790,1750,-40
7315.jpg,1790,1750,-40
7320.jpg,1790,1750,-40
7325.jpg,1790,1850,60
7330.jpg,1790,1820,30
7335.jpg,1790,1850,60
7340.jpg,1790,1750,-40
7345.jpg,1790,1800,10
7350.jpg,1790,1750,-40
7355.jpg,1790,1950,160
7360.jpg,1790,1800,10
7365.jpg,1790,1450,-340
7370.jpg,1790,1850,60
7375.jpg,1790,1900,110
7380.jpg,1790,1515,-275
7385.jpg,1791,1890,99
7390.jpg,1791,1900,109
7395.jpg,1791,1795,4
7400.jpg,1791,1650,-141
7405.jpg,1791,19,-1772
7410.jpg,1791,1850,59
7415.jpg,1791,1790,-1
7420.jpg,1791,1700,-91
7425.jpg,1791,1800,9
7430.jpg,1791,1906,115
7435.jpg,1791,1950,159
7440.jpg,1792,1905,113
7445.jpg,1792,1850,58
7450.jpg,1792,1750,-42
7455.jpg,1792,1870,78
7460.jpg,1792,1750,-42
7465.jpg,1792,1850,58
7470.jpg,1792,1850,58
7475.jpg,1792,1850,58
7480.jpg,1792,1760,-32
7485.jpg,1792,1800,8
7490.jpg,1792,1820,28
7495.jpg,1792,1800,8
7500.jpg,1792,1790,-2
7505.jpg,1792,1840,48
7510.jpg,1793,1850,57
7515.jpg,1793,1989,196
7520.jpg,1793,1800,7
7525.jpg,1793,1750,-43
7530.jpg,1793,1750,-43
7535.jpg,1793,2005,212
7540.jpg,1793,1850,57
7545.jpg,1793,1750,-43
7550.jpg,1793,1750,-43
7555.jpg,1793,1820,27
7560.jpg,1793,1850,57
7565.jpg,1793,1750,-43
7570.jpg,1793,1750,-43
7575.jpg,1793,1850,57
7580.jpg,1793,1875,82
7585.jpg,1793,1975,182
7590.jpg,1793,1800,7
7595.jpg,1794,1910,116
7600.jpg,1794,1950,156
7605.jpg,1794,1850,56
7610.jpg,1794,1800,6
7615.jpg,1794,1850,56
7620.jpg,1794,1850,56
7625.jpg,1794,1790,-4
7630.jpg,1794,1700,-94
7635.jpg,1794,1750,-44
7640.jpg,1794,1750,-44
7645.jpg,1794,1650,-144
7650.jpg,1794,1760,-34
7655.jpg,1795,1800,5
7660.jpg,1795,1860,65
7665.jpg,1795,1900,105
7670.jpg,1795,1904,109
7675.jpg,1795,1800,5
7680.jpg,1795,1850,55
7685.jpg,1795,1850,55
7690.jpg,1795,18,-1777
7695.jpg,1795,1750,-45
7700.jpg,1795,1930,135
7705.jpg,1795,1800,5
7710.jpg,1795,1750,-45
7715.jpg,1795,1790,-5
7720.jpg,1795,1750,-45
7725.jpg,1795,1920,125
7730.jpg,1795,1750,-45
7735.jpg,1795,1850,55
7740.jpg,1795,1850,55
7745.jpg,1795,1895,100
7750.jpg,1795,1750,-45
7755.jpg,1795,1800,5
7760.jpg,1795,1800,5
7765.jpg,1795,1900,105
7775.jpg,1796,1800,4
7780.jpg,1796,1750,-46
7785.jpg,1796,1800,4
7790.jpg,1796,1850,54
7795.jpg,1796,1740,-56
7800.jpg,1796,1750,-46
7805.jpg,1796,1800,4
7810.jpg,1796,1850,54
7815.jpg,1796,1920,124
7820.jpg,1796,1750,-46
7825.jpg,1796,1750,-46
7830.jpg,1796,1840,44
7840.jpg,1796,1800,4
7845.jpg,1796,1780,-16
7850.jpg,1796,1850,54
7855.jpg,1796,1800,4
7860.jpg,1796,1920,124
7865.jpg,1796,1800,4
7870.jpg,1796,1800,4
7875.jpg,1796,1750,-46
7880.jpg,1797,1750,-47
7885.jpg,1797,1450,-347
7890.jpg,1797,1750,-47
7895.jpg,1797,1820,23
7900.jpg,1797,1850,53
7905.jpg,1797,1790,-7
7915.jpg,1797,1930,133
7920.jpg,1797,1800,3
7925.jpg,1797,1790,-7
7930.jpg,1797,1930,133
7935.jpg,1797,1850,53
7940.jpg,1797,1600,-197
7945.jpg,1797,1750,-47
7950.jpg,1797,1790,-7
7955.jpg,1798,1950,152
7960.jpg,1798,1890,92
7965.jpg,1798,1450,-348
7970.jpg,1798,1750,-48
7975.jpg,1798,1925,127
7980.jpg,1798,1750,-48
7985.jpg,1798,1850,52
7990.jpg,1798,1930,132
7995.jpg,1798,1450,-348
8000.jpg,1798,1870,72
8005.jpg,1798,1830,32
8010.jpg,1798,1850,52
8015.jpg,1798,1850,52
8020.jpg,1798,1850,52
8025.jpg,1798,1800,2
8030.jpg,1798,1970,172
8035.jpg,1798,1800,2
8040.jpg,1798,1950,152
8045.jpg,1798,1650,-148
8055.jpg,1798,1820,22
8060.jpg,1799,2005,206
8065.jpg,1799,1870,71
8070.jpg,1799,1900,101
8075.jpg,1799,1850,51
8080.jpg,1799,1830,31
8085.jpg,1799,1850,51
8090.jpg,1799,1800,1
8095.jpg,1799,1850,51
8100.jpg,1799,1850,51
8105.jpg,1799,1850,51
8110.jpg,1799,1250,-549
8115.jpg,1800,1600,-200
8120.jpg,1800,1910,110
8125.jpg,1800,1750,-50
8130.jpg,1800,1850,50
8135.jpg,1800,1750,-50
8140.jpg,1800,1784,-16
8145.jpg,1800,1870,70
8150.jpg,1800,1850,50
8155.jpg,1800,1750,-50
8160.jpg,1800,1850,50
8165.jpg,1800,1850,50
8170.jpg,1800,1800,0
8175.jpg,1800,1750,-50
8180.jpg,1800,1750,-50
8185.jpg,1800,1900,100
8190.jpg,1800,1745,-55
8195.jpg,1800,1850,50
8200.jpg,1800,1930,130
8205.jpg,1800,1950,150
8210.jpg,1800,1750,-50
8215.jpg,1800,1850,50
8220.jpg,1800,1850,50
8225.jpg,1800,1850,50
8230.jpg,1800,1750,-50
8235.jpg,1800,1750,-50
8240.jpg,1800,1900,100
8245.jpg,1800,1850,50
8250.jpg,1800,1750,-50
8255.jpg,1800,1750,-50
8260.jpg,1800,1750,-50
8265.jpg,1800,1750,-50
8270.jpg,1800,1790,-10
8275.jpg,1800,1770,-30
8280.jpg,1800,1800,0
8285.jpg,1800,1900,100
8295.jpg,1800,1940,140
8300.jpg,1801,1750,-51
8305.jpg,1801,1950,149
8310.jpg,1801,1800,-1
8315.jpg,1801,1870,69
8320.jpg,1801,1950,149
8325.jpg,1801,1875,74
8330.jpg,1801,1750,-51
8335.jpg,1801,1800,-1
8340.jpg,1801,1740,-61
8345.jpg,1801,1750,-51
8350.jpg,1801,1900,99
8355.jpg,1801,1750,-51
8360.jpg,1801,1850,49
8365.jpg,1801,1790,-11
8375.jpg,1802,1800,-2
8380.jpg,1802,1930,128
8385.jpg,1802,1850,48
8390.jpg,1802,1850,48
8395.jpg,1802,1800,-2
8400.jpg,1802,1950,148
8405.jpg,1802,1840,38
8410.jpg,1802,1850,48
8415.jpg,1802,1820,18
8420.jpg,1802,1900,98
8425.jpg,1802,1644,-158
8430.jpg,1802,1750,-52
8435.jpg,1802,1600,-202
8440.jpg,1803,1905,102
8445.jpg,1803,1750,-53
8450.jpg,1803,1783,-20
8455.jpg,1803,1850,47
8460.jpg,1803,1750,-53
8465.jpg,1803,1750,-53
8470.jpg,1803,1920,117
8475.jpg,1803,1850,47
8480.jpg,1803,1750,-53
8485.jpg,1803,1920,117
8490.jpg,1803,1795,-8
8495.jpg,1803,1929,126
8500.jpg,1803,1920,117
8505.jpg,1803,1850,47
8515.jpg,1804,1850,46
8520.jpg,1804,1930,126
8525.jpg,1804,1900,96
8530.jpg,1804,1920,116
8535.jpg,1804,1930,126
8540.jpg,1804,1900,96
8545.jpg,1804,1900,96
8550.jpg,1804,1750,-54
8555.jpg,1804,1800,-4
8560.jpg,1804,1850,46
8565.jpg,1804,1800,-4
8570.jpg,1804,1800,-4
8575.jpg,1804,1850,46
8580.jpg,1804,1800,-4
8585.jpg,1805,1550,-255
8590.jpg,1805,1850,45
8595.jpg,1805,1750,-55
8600.jpg,1805,1958,153
8605.jpg,1805,1820,15
8610.jpg,1805,1850,45
8615.jpg,1805,1800,-5
8620.jpg,1805,1700,-105
8625.jpg,1805,1750,-55
8630.jpg,1805,1200,-605
8635.jpg,1805,1890,85
8640.jpg,1805,1750,-55
8645.jpg,1805,1850,45
8650.jpg,1805,1870,65
8655.jpg,1805,1850,45
8660.jpg,1805,1850,45
8665.jpg,1805,1790,-15
8670.jpg,1805,1890,85
8675.jpg,1805,1700,-105
8680.jpg,1805,17,-1788
8685.jpg,1805,1900,95
8690.jpg,1805,18,-1787
8695.jpg,1806,1850,44
8700.jpg,1806,1750,-56
8705.jpg,1806,1850,44
8710.jpg,1806,1800,-6
8715.jpg,1806,1760,-46
8720.jpg,1806,1910,104
8725.jpg,1806,1850,44
8730.jpg,1806,1850,44
8735.jpg,1806,1830,24
8740.jpg,1806,1920,114
8745.jpg,1806,1750,-56
8750.jpg,1806,1900,94
8755.jpg,1806,1800,-6
8765.jpg,1807,1750,-57
8770.jpg,1807,1850,43
8775.jpg,1807,1807,0
8780.jpg,1807,1730,-77
8785.jpg,1807,1850,43
8790.jpg,1807,1750,-57
8795.jpg,1807,1780,-27
8800.jpg,1807,1850,43
8805.jpg,1807,1850,43
8810.jpg,1807,1850,43
8815.jpg,1807,1600,-207
8820.jpg,1807,1800,-7
8825.jpg,1807,1750,-57
8830.jpg,1807,1750,-57
8835.jpg,1807,1650,-157
8840.jpg,1808,1905,97
8845.jpg,1808,1850,42
8850.jpg,1808,1900,92
8855.jpg,1808,1800,-8
8860.jpg,1808,1900,92
8865.jpg,1808,1800,-8
8875.jpg,1808,1850,42
8880.jpg,1808,1750,-58
8885.jpg,1808,1820,12
8890.jpg,1808,1850,42
8895.jpg,1808,1700,-108
8900.jpg,1808,1800,-8
8905.jpg,1808,1850,42
8910.jpg,1809,1750,-59
8915.jpg,1809,1850,41
8920.jpg,1809,1920,111
8925.jpg,1809,1800,-9
8930.jpg,1809,1850,41
8935.jpg,1809,1500,-309
8940.jpg,1809,1730,-79
8945.jpg,1809,1960,151
8950.jpg,1809,1800,-9
8955.jpg,1809,1750,-59
8965.jpg,1809,1650,-159
8970.jpg,1809,1920,111
8975.jpg,1810,1800,-10
8980.jpg,1810,1850,40
8985.jpg,1810,1800,-10
8995.jpg,1810,1879,69
9000.jpg,1810,1800,-10
9005.jpg,1810,1850,40
9010.jpg,1810,1450,-360
9015.jpg,1810,1650,-160
9020.jpg,1810,1850,40
9025.jpg,1810,1790,-20
9030.jpg,1810,1850,40
9035.jpg,1810,1800,-10
9040.jpg,1810,1900,90
9045.jpg,1810,1970,160
9050.jpg,1810,1750,-60
9055.jpg,1810,1780,-30
9060.jpg,1810,1850,40
9065.jpg,1810,1800,-10
9070.jpg,1810,1950,140
9075.jpg,1810,1840,30
9080.jpg,1810,1950,140
9085.jpg,1810,1800,-10
9090.jpg,1810,1750,-60
9095.jpg,1810,1850,40
9100.jpg,1810,1750,-60
9105.jpg,1810,1850,40
9110.jpg,1810,1920,110
9115.jpg,1810,1700,-110
9120.jpg,1810,1900,90
9125.jpg,1810,1880,70
9130.jpg,1810,1850,40
9135.jpg,1810,1950,140
9140.jpg,1810,1920,110
9145.jpg,1810,1900,90
9150.jpg,1811,1750,-61
9160.jpg,1811,1950,139
9165.jpg,1811,18,-1793
9170.jpg,1811,1775,-36
9175.jpg,1811,1790,-21
9180.jpg,1811,1850,39
9185.jpg,1811,1800,-11
9190.jpg,1811,1850,39
9195.jpg,1811,1900,89
9200.jpg,1811,1700,-111
9205.jpg,1811,1850,39
9210.jpg,1812,1850,38
9215.jpg,1812,1880,68
9220.jpg,1812,1749,-63
9225.jpg,1812,1850,38
9230.jpg,1812,1850,38
9235.jpg,1812,1750,-62
9240.jpg,1812,1820,8
9245.jpg,1812,1750,-62
9250.jpg,1812,1850,38
9255.jpg,1812,1790,-22
9260.jpg,1812,1930,118
9265.jpg,1812,1850,38
9270.jpg,1812,1750,-62
9275.jpg,1812,1900,88
9280.jpg,1812,1830,18
9290.jpg,1812,1850,38
9295.jpg,1812,1750,-62
9300.jpg,1812,1950,138
9305.jpg,1812,1850,38
9310.jpg,1813,1750,-63
9315.jpg,1813,1850,37
9320.jpg,1813,1750,-63
9325.jpg,1813,1376,-437
9330.jpg,1813,1790,-23
9335.jpg,1813,1800,-13
9340.jpg,1813,1750,-63
9345.jpg,1813,1850,37
9350.jpg,1813,1750,-63
9355.jpg,1813,1850,37
9360.jpg,1813,1950,137
9365.jpg,1813,1900,87
9370.jpg,1813,1850,37
9375.jpg,1814,1750,-64
9390.jpg,1814,1750,-64
9395.jpg,1814,1730,-84
9400.jpg,1814,1950,136
9405.jpg,1814,1850,36
9410.jpg,1814,1800,-14
9415.jpg,1814,1800,-14
9420.jpg,1814,1800,-14
9425.jpg,1814,1750,-64
9430.jpg,1814,1500,-314
9435.jpg,1814,1750,-64
9440.jpg,1814,1750,-64
9445.jpg,1814,1875,61
9450.jpg,1814,1840,26
9455.jpg,1814,1650,-164
9460.jpg,1814,1900,86
9465.jpg,1815,1750,-65
9470.jpg,1815,1920,105
9475.jpg,1815,1790,-25
9480.jpg,1815,1750,-65
9485.jpg,1815,1850,35
9490.jpg,1815,1820,5
9495.jpg,1815,1750,-65
9500.jpg,1815,1890,75
9505.jpg,1815,1780,-35
9510.jpg,1815,1950,135
9515.jpg,1815,1850,35
9520.jpg,1815,1850,35
9525.jpg,1815,1780,-35
9530.jpg,1815,1750,-65
9535.jpg,1815,1800,-15
9540.jpg,1815,1800,-15
9545.jpg,1815,1840,25
9550.jpg,1815,1750,-65
9555.jpg,1815,1830,15
9560.jpg,1815,1780,-35
9565.jpg,1815,1850,35
9570.jpg,1815,1750,-65
9575.jpg,1815,1850,35
9580.jpg,1815,1700,-115
9585.jpg,1815,1850,35
9590.jpg,1815,1790,-25
9595.jpg,1816,1950,134
9600.jpg,1816,1750,-66
9605.jpg,1816,1750,-66
9610.jpg,1816,1924,108
9615.jpg,1816,1780,-36
9620.jpg,1816,1900,84
9625.jpg,1816,1740,-76
9630.jpg,1816,1910,94
9635.jpg,1816,1800,-16
9640.jpg,1816,1900,84
9645.jpg,1816,1750,-66
9650.jpg,1816,1850,34
9655.jpg,1816,1750,-66
9660.jpg,1816,1920,104
9665.jpg,1816,1800,-16
9670.jpg,1816,1850,34
9675.jpg,1816,1900,84
9680.jpg,1816,1790,-26
9685.jpg,1816,1850,34
9690.jpg,1816,1875,59
9695.jpg,1816,1850,34
9700.jpg,1816,1850,34
9705.jpg,1816,1750,-66
9710.jpg,1816,1820,4
9715.jpg,1817,1850,33
9720.jpg,1817,1850,33
9725.jpg,1817,1900,83
9730.jpg,1817,1900,83
9735.jpg,1817,1850,33
9740.jpg,1817,1900,83
9745.jpg,1817,1750,-67
9750.jpg,1817,1890,73
9755.jpg,1817,1830,13
9760.jpg,1817,1800,-17
9765.jpg,1817,1790,-27
9770.jpg,1817,1840,23
9775.jpg,1817,1901,84
9780.jpg,1817,1900,83
9785.jpg,1817,1850,33
9790.jpg,1818,1950,132
9795.jpg,1818,1750,-68
9800.jpg,1818,1850,32
9805.jpg,1818,1910,92
9810.jpg,1818,1820,2
9815.jpg,1818,1920,102
9820.jpg,1818,1850,32
9825.jpg,1818,1740,-78
9830.jpg,1818,1850,32
9835.jpg,1818,1820,2
9840.jpg,1818,20,-1798
9845.jpg,1818,1850,32
9850.jpg,1818,1850,32
9855.jpg,1818,1860,42
9860.jpg,1818,1750,-68
9865.jpg,1818,1850,32
9870.jpg,1818,1700,-118
9875.jpg,1818,1750,-68
9880.jpg,1818,1860,42
9885.jpg,1818,1950,132
9890.jpg,1818,1750,-68
9895.jpg,1818,1800,-18
9900.jpg,1818,1799,-19
9905.jpg,1818,1800,-18
9910.jpg,1819,1850,31
9915.jpg,1819,1850,31
9920.jpg,1819,1900,81
9925.jpg,1819,1900,81
9930.jpg,1819,1820,1
9935.jpg,1819,1750,-69
9940.jpg,1819,1830,11
9945.jpg,1819,1820,1
9950.jpg,1819,1950,131
9955.jpg,1819,1850,31
9960.jpg,1819,1750,-69
9965.jpg,1819,1920,101
9970.jpg,1819,1850,31
9975.jpg,1819,1880,61
9980.jpg,1819,1800,-19
9985.jpg,1820,1850,30
9990.jpg,1820,1900,80
9995.jpg,1820,1850,30
10000.jpg,1820,1850,30
10005.jpg,1820,1800,-20
10010.jpg,1820,1870,50
10015.jpg,1820,1700,-120
10020.jpg,1820,1750,-70
10025.jpg,1820,1750,-70
10030.jpg,1820,1900,80
10035.jpg,1820,1850,30
10040.jpg,1820,1930,110
10045.jpg,1820,1760,-60
10050.jpg,1820,1900,80
10055.jpg,1820,1550,-270
10060.jpg,1820,1850,30
10065.jpg,1820,1850,30
10070.jpg,1820,1850,30
10075.jpg,1820,1700,-120
10080.jpg,1820,1900,80
10085.jpg,1820,1850,30
10090.jpg,1820,1900,80
10095.jpg,1820,1850,30
10100.jpg,1820,1950,130
10105.jpg,1820,1800,-20
10110.jpg,1820,1750,-70
10115.jpg,1820,1890,70
10120.jpg,1820,1840,20
10125.jpg,1820,1850,30
10130.jpg,1820,1850,30
10135.jpg,1820,1790,-30
10140.jpg,1820,1850,30
10145.jpg,1820,1750,-70
10150.jpg,1820,1750,-70
10155.jpg,1820,1850,30
10160.jpg,1820,1750,-70
10165.jpg,1820,1950,130
10170.jpg,1820,1900,80
10175.jpg,1820,1850,30
10180.jpg,1820,1900,80
10185.jpg,1820,1900,80
10190.jpg,1820,1900,80
10195.jpg,1821,1850,29
10200.jpg,1821,1920,99
10205.jpg,1821,1910,89
10210.jpg,1821,2000,179
10215.jpg,1821,1950,129
10220.jpg,1821,1850,29
10225.jpg,1821,1900,79
10230.jpg,1821,1790,-31
10235.jpg,1821,1900,79
10240.jpg,1821,1950,129
10245.jpg,1821,1850,29
10250.jpg,1821,1756,-65
10255.jpg,1821,1910,89
10260.jpg,1821,1750,-71
10265.jpg,1821,1850,29
10270.jpg,1821,1750,-71
10275.jpg,1821,1850,29
10280.jpg,1822,1870,48
10285.jpg,1822,1790,-32
10290.jpg,1822,1850,28
10295.jpg,1822,1930,108
10300.jpg,1822,1900,78
10305.jpg,1822,1900,78
10310.jpg,1822,1850,28
10315.jpg,1822,1790,-32
10320.jpg,1822,1850,28
10325.jpg,1822,1850,28
10330.jpg,1822,1920,98
10335.jpg,1822,1750,-72
10340.jpg,1822,1960,138
10345.jpg,1822,1900,78
10355.jpg,1822,1850,28
10360.jpg,1823,1800,-23
10365.jpg,1823,1900,77
10370.jpg,1823,1783,-40
10375.jpg,1823,1830,7
10385.jpg,1823,1900,77
10390.jpg,1823,1900,77
10395.jpg,1823,1870,47
10400.jpg,1823,1790,-33
10405.jpg,1823,1800,-23
10410.jpg,1823,1750,-73
10415.jpg,1823,1890,67
10420.jpg,1823,1750,-73
10425.jpg,1823,1780,-43
10430.jpg,1823,1700,-123
10435.jpg,1823,1750,-73
10440.jpg,1823,1650,-173
10445.jpg,1823,1930,107
10450.jpg,1823,1150,-673
10455.jpg,1824,1700,-124
10460.jpg,1824,1750,-74
10465.jpg,1824,1750,-74
10470.jpg,1824,1850,26
10475.jpg,1824,1350,-474
10480.jpg,1824,1850,26
10485.jpg,1824,1750,-74
10490.jpg,1824,1700,-124
10495.jpg,1824,1800,-24
10500.jpg,1824,1750,-74
10505.jpg,1824,1850,26
10510.jpg,1824,19,-1805
10515.jpg,1824,1750,-74
10520.jpg,1824,1850,26
10525.jpg,1824,1990,166
10530.jpg,1824,1750,-74
10535.jpg,1824,1830,6
10540.jpg,1824,1815,-9
10545.jpg,1824,1881,57
10550.jpg,1825,1822,-3
10555.jpg,1825,1850,25
10560.jpg,1825,1800,-25
10565.jpg,1825,1900,75
10570.jpg,1825,1920,95
10575.jpg,1825,1850,25
10580.jpg,1825,1863,38
10585.jpg,1825,1879,54
10590.jpg,1825,1750,-75
10595.jpg,1825,1850,25
10600.jpg,1825,1850,25
10605.jpg,1825,1850,25
10610.jpg,1825,1850,25
10615.jpg,1825,1850,25
10620.jpg,1825,1930,105
10625.jpg,1825,1850,25
10630.jpg,1825,1800,-25
10635.jpg,1825,1850,25
10640.jpg,1825,1960,135
10645.jpg,1825,1750,-75
10650.jpg,1825,1750,-75
10655.jpg,1825,1850,25
10660.jpg,1825,1750,-75
10665.jpg,1825,1850,25
10670.jpg,1825,1800,-25
10675.jpg,1825,1750,-75
10680.jpg,1825,1750,-75
10685.jpg,1825,1950,125
10690.jpg,1825,1850,25
10695.jpg,1825,1850,25
10700.jpg,1825,1920,95
10705.jpg,1825,1750,-75
10710.jpg,1825,1760,-65
10715.jpg,1825,1850,25
10720.jpg,1825,1850,25
10725.jpg,1825,1920,95
10730.jpg,1826,1901,75
10735.jpg,1826,1850,24
10745.jpg,1826,1791,-35
10750.jpg,1826,1830,4
10755.jpg,1826,1840,14
10760.jpg,1826,1750,-76
10765.jpg,1826,1750,-76
10770.jpg,1826,1850,24
10775.jpg,1826,1850,24
10780.jpg,1826,1875,49
10785.jpg,1826,1850,24
10790.jpg,1826,1750,-76
10795.jpg,1826,1795,-31
10800.jpg,1826,1890,64
10805.jpg,1826,1750,-76
10810.jpg,1826,1850,24
10815.jpg,1826,1820,-6
10820.jpg,1826,1800,-26
10825.jpg,1826,1800,-26
10830.jpg,1826,1910,84
10835.jpg,1827,1850,23
10840.jpg,1827,1850,23
10845.jpg,1827,1850,23
10850.jpg,1827,1850,23
10855.jpg,1827,1920,93
10860.jpg,1827,1880,53
10865.jpg,1827,1850,23
10870.jpg,1827,1850,23
10875.jpg,1827,1800,-27
10880.jpg,1827,1895,68
10885.jpg,1827,1920,93
10890.jpg,1827,1950,123
10895.jpg,1827,1750,-77
10900.jpg,1827,1650,-177
10905.jpg,1827,1850,23
10910.jpg,1827,1850,23
10915.jpg,1827,1800,-27
10920.jpg,1827,1900,73
10925.jpg,1827,1790,-37
10930.jpg,1827,1870,43
10935.jpg,1827,1800,-27
10940.jpg,1827,1900,73
10945.jpg,1828,1700,-128
10950.jpg,1828,1750,-78
10955.jpg,1828,1800,-28
10960.jpg,1828,1750,-78
10965.jpg,1828,1750,-78
10970.jpg,1828,1900,72
10975.jpg,1828,1900,72
10980.jpg,1828,1900,72
10985.jpg,1828,1850,22
10990.jpg,1828,1850,22
10995.jpg,1828,1820,-8
11000.jpg,1828,1890,62
11005.jpg,1828,1750,-78
11010.jpg,1828,1850,22
11015.jpg,1828,1800,-28
11020.jpg,1828,1780,-48
11025.jpg,1828,1754,-74
11030.jpg,1828,1830,2
11035.jpg,1828,1850,22
11040.jpg,1828,1850,22
11045.jpg,1828,1900,72
11050.jpg,1828,1750,-78
11055.jpg,1828,1750,-78
11060.jpg,1828,1850,22
11065.jpg,1829,1800,-29
11070.jpg,1829,1880,51
11075.jpg,1829,1910,81
11080.jpg,1829,1790,-39
11085.jpg,1829,1750,-79
11090.jpg,1829,1850,21
11095.jpg,1829,1850,21
11100.jpg,1829,1950,121
11105.jpg,1829,1850,21
11110.jpg,1829,1772,-57
11115.jpg,1829,1450,-379
11120.jpg,1829,1880,51
11125.jpg,1829,1800,-29
11130.jpg,1829,1850,21
11135.jpg,1829,1880,51
11140.jpg,1829,1850,21
11145.jpg,1829,1830,1
11150.jpg,1829,1850,21
11155.jpg,1829,1930,101
11160.jpg,1829,1700,-129
11165.jpg,1829,1900,71
11170.jpg,1830,1750,-80
11175.jpg,1830,1890,60
11180.jpg,1830,1750,-80
11185.jpg,1830,1850,20
11190.jpg,1830,1850,20
11195.jpg,1830,1650,-180
11200.jpg,1830,1900,70
11205.jpg,1830,1900,70
11210.jpg,1830,1875,45
11215.jpg,1830,1750,-80
11220.jpg,1830,1800,-30
11225.jpg,1830,1950,120
11230.jpg,1830,1750,-80
11235.jpg,1830,1850,20
11240.jpg,1830,1700,-130
11245.jpg,1830,1950,120
11250.jpg,1830,1850,20
11255.jpg,1830,1980,150
11260.jpg,1830,1760,-70
11265.jpg,1830,1850,20
11270.jpg,1830,1750,-80
11275.jpg,1830,1850,20
11280.jpg,1830,1920,90
11285.jpg,1830,1850,20
11290.jpg,1830,1750,-80
11295.jpg,1830,1850,20
11300.jpg,1830,1750,-80
11305.jpg,1830,1750,-80
11310.jpg,1830,1850,20
11315.jpg,1830,1850,20
11320.jpg,1830,1850,20
11325.jpg,1830,19,-1811
11330.jpg,1830,1950,120
11335.jpg,1830,1850,20
11340.jpg,1830,1940,110
11345.jpg,1830,1940,110
11350.jpg,1830,1750,-80
11355.jpg,1830,1850,20
11360.jpg,1830,1900,70
11365.jpg,1830,1929,99
11370.jpg,1830,1780,-50
11375.jpg,1830,1848,18
11380.jpg,1830,1890,60
11385.jpg,1830,1750,-80
11390.jpg,1830,1930,100
11395.jpg,1830,1850,20
11400.jpg,1831,1750,-81
11405.jpg,1831,1850,19
11410.jpg,1831,1850,19
11415.jpg,1831,1890,59
11420.jpg,1831,1850,19
11425.jpg,1831,1900,69
11430.jpg,1831,1850,19
11435.jpg,1831,1880,49
11440.jpg,1831,1930,99
11445.jpg,1831,1800,-31
11450.jpg,1831,1920,89
11455.jpg,1831,1800,-31
11460.jpg,1831,1770,-61
11465.jpg,1831,1850,19
11470.jpg,1831,1790,-41
11475.jpg,1831,1950,119
11480.jpg,1831,1880,49
11485.jpg,1831,1850,19
11490.jpg,1832,1970,138
11495.jpg,1832,1850,18
11500.jpg,1832,1850,18
11505.jpg,1832,1900,68
11510.jpg,1832,1850,18
11515.jpg,1832,1781,-51
11525.jpg,1832,1900,68
11530.jpg,1832,19,-1813
11535.jpg,1832,1950,118
11540.jpg,1832,1750,-82
11545.jpg,1832,1900,68
11550.jpg,1832,1880,48
11555.jpg,1832,1800,-32
11560.jpg,1832,1910,78
11565.jpg,1832,1750,-82
11570.jpg,1832,1850,18
11575.jpg,1832,1850,18
11580.jpg,1832,1840,8
11585.jpg,1832,20,-1812
11590.jpg,1832,1750,-82
11595.jpg,1832,1780,-52
11600.jpg,1832,1770,-62
11605.jpg,1832,1890,58
11610.jpg,1832,1850,18
11615.jpg,1832,1750,-82
11620.jpg,1832,1500,-332
11625.jpg,1832,1750,-82
11630.jpg,1832,1900,68
11635.jpg,1832,1900,68
11640.jpg,1832,1820,-12
11645.jpg,1833,1905,72
11650.jpg,1833,1870,37
11655.jpg,1833,1900,67
11660.jpg,1833,1767,-66
11665.jpg,1833,1800,-33
11670.jpg,1833,1780,-53
11675.jpg,1833,1850,17
11680.jpg,1833,1880,47
11685.jpg,1833,1900,67
11690.jpg,1833,1850,17
11695.jpg,1833,1810,-23
11700.jpg,1833,1750,-83
11705.jpg,1833,1830,-3
11710.jpg,1833,1930,97
11715.jpg,1833,1800,-33
11720.jpg,1833,1960,127
11725.jpg,1833,1850,17
11730.jpg,1833,1620,-213
11735.jpg,1833,1850,17
11740.jpg,1833,1850,17
11745.jpg,1833,1810,-23
11750.jpg,1833,1850,17
11755.jpg,1833,1830,-3
11760.jpg,1833,1850,17
11765.jpg,1833,1840,7
11770.jpg,1834,1750,-84
11775.jpg,1834,1850,16
11780.jpg,1834,1790,-44
11785.jpg,1834,1860,26
11790.jpg,1834,1950,116
11795.jpg,1834,1790,-44
11800.jpg,1834,1750,-84
11805.jpg,1834,1800,-34
11810.jpg,1834,1920,86
11815.jpg,1834,1830,-4
11820.jpg,1834,1820,-14
11825.jpg,1834,1750,-84
11830.jpg,1834,-1,-1835
11835.jpg,1834,1850,16
11840.jpg,1834,1700,-134
11845.jpg,1834,1900,66
11850.jpg,1834,1800,-34
11855.jpg,1834,1850,16
11860.jpg,1834,1950,116
11865.jpg,1834,1750,-84
11870.jpg,1834,1950,116
11875.jpg,1834,1850,16
11880.jpg,1834,1800,-34
11885.jpg,1834,1750,-84
11890.jpg,1834,1911,77
11895.jpg,1834,1920,86
11900.jpg,1835,1750,-85
11905.jpg,1835,1900,65
11910.jpg,1835,1851,16
11915.jpg,1835,1900,65
11920.jpg,1835,1750,-85
11925.jpg,1835,1920,85
11930.jpg,1835,1850,15
11935.jpg,1835,1840,5
11940.jpg,1835,1875,40
11945.jpg,1835,1840,5
11950.jpg,1835,1150,-685
11955.jpg,1835,1850,15
11960.jpg,1835,1790,-45
11965.jpg,1835,1950,115
11970.jpg,1835,1700,-135
11980.jpg,1835,1880,45
11985.jpg,1835,1800,-35
11990.jpg,1835,1880,45
11995.jpg,1835,1900,65
12000.jpg,1835,1890,55
12005.jpg,1835,1930,95
12010.jpg,1835,1850,15
12015.jpg,1835,1900,65
12020.jpg,1835,1910,75
12025.jpg,1835,1940,105
12030.jpg,1835,1900,65
12035.jpg,1835,1850,15
12040.jpg,1835,1800,-35
12045.jpg,1835,1750,-85
12050.jpg,1835,1800,-35
12055.jpg,1835,1900,65
12060.jpg,1835,1900,65
12065.jpg,1835,1950,115
12070.jpg,1835,1850,15
12075.jpg,1835,1650,-185
12080.jpg,1835,1850,15
12085.jpg,1835,1850,15
12090.jpg,1835,1850,15
12095.jpg,1835,1850,15
12100.jpg,1835,1850,15
12105.jpg,1835,1750,-85
12110.jpg,1835,1550,-285
12115.jpg,1835,1830,-5
12120.jpg,1835,1900,65
12125.jpg,1835,1920,85
12130.jpg,1836,1850,14
12135.jpg,1836,1820,-16
12140.jpg,1836,1830,-6
12145.jpg,1836,1830,-6
12150.jpg,1836,1900,64
12155.jpg,1836,1800,-36
12160.jpg,1836,1910,74
12170.jpg,1836,1850,14
12175.jpg,1836,1830,-6
12180.jpg,1836,1900,64
12185.jpg,1836,1850,14
12190.jpg,1836,1790,-46
12195.jpg,1836,1880,44
12200.jpg,1836,1870,34
12205.jpg,1836,1850,14
12210.jpg,1836,1850,14
12215.jpg,1836,1830,-6
12220.jpg,1836,1750,-86
12225.jpg,1836,1850,14
12230.jpg,1836,1780,-56
12235.jpg,1836,1850,14
12240.jpg,1836,1800,-36
12245.jpg,1836,1860,24
12250.jpg,1836,1840,4
12255.jpg,1836,1750,-86
12260.jpg,1836,1850,14
12265.jpg,1836,1850,14
12270.jpg,1836,1840,4
12275.jpg,1836,1800,-36
12280.jpg,1837,1700,-137
12285.jpg,1837,1650,-187
12290.jpg,1837,1790,-47
12295.jpg,1837,1900,63
12300.jpg,1837,1850,13
12305.jpg,1837,1850,13
12310.jpg,1837,1870,33
12315.jpg,1837,1850,13
12320.jpg,1837,1950,113
12325.jpg,1837,1920,83
12330.jpg,1837,1950,113
12335.jpg,1837,1800,-37
12340.jpg,1837,1800,-37
12345.jpg,1837,1750,-87
12350.jpg,1837,1950,113
12355.jpg,1837,1850,13
12360.jpg,1837,1900,63
12365.jpg,1837,1930,93
12370.jpg,1837,1840,3
12375.jpg,1837,1850,13
12380.jpg,1837,1880,43
12385.jpg,1837,1800,-37
12390.jpg,1837,1850,13
12395.jpg,1837,1850,13
12400.jpg,1837,1900,63
12405.jpg,1837,1850,13
12410.jpg,1837,1850,13
12415.jpg,1837,1890,53
12420.jpg,1837,1830,-7
12425.jpg,1837,19,-1818
12430.jpg,1837,1850,13
12435.jpg,1837,1950,113
12440.jpg,1837,1800,-37
12445.jpg,1837,1850,13
12450.jpg,1838,1875,37
12455.jpg,1838,1850,12
12460.jpg,1838,1850,12
12465.jpg,1838,1900,62
12470.jpg,1838,1920,82
12475.jpg,1838,1930,92
12480.jpg,1838,1850,12
12485.jpg,1838,1850,12
12490.jpg,1838,1840,2
12495.jpg,1838,1850,12
12500.jpg,1838,1850,12
12505.jpg,1838,1870,32
12510.jpg,1838,1900,62
12515.jpg,1838,1900,62
12520.jpg,1838,1750,-88
12525.jpg,1838,1850,12
12530.jpg,1838,1850,12
12535.jpg,1838,1850,12
12540.jpg,1838,1800,-38
12545.jpg,1838,1900,62
12550.jpg,1838,1890,52
12555.jpg,1838,1850,12
12560.jpg,1838,1850,12
12565.jpg,1838,1900,62
12570.jpg,1838,1800,-38
12575.jpg,1838,1800,-38
12580.jpg,1838,1920,82
12585.jpg,1838,1850,12
12590.jpg,1838,1790,-48
12600.jpg,1838,1950,112
12605.jpg,1838,1900,62
12610.jpg,1838,1850,12
12615.jpg,1838,1750,-88
12620.jpg,1838,1750,-88
12625.jpg,1839,1920,81
12630.jpg,1839,1850,11
12635.jpg,1839,1850,11
12640.jpg,1839,1950,111
12645.jpg,1839,1850,11
12650.jpg,1839,1870,31
12655.jpg,1839,1830,-9
12660.jpg,1839,1900,61
12665.jpg,1839,1850,11
12670.jpg,1839,1850,11
12675.jpg,1839,1800,-39
12680.jpg,1839,1800,-39
12685.jpg,1839,1900,61
12690.jpg,1839,1950,111
12695.jpg,1839,1820,-19
12700.jpg,1839,1750,-89
12705.jpg,1839,1800,-39
12710.jpg,1839,1750,-89
12715.jpg,1839,1850,11
12720.jpg,1839,1750,-89
12725.jpg,1839,1850,11
12730.jpg,1839,1750,-89
12735.jpg,1839,1890,51
12740.jpg,1839,1750,-89
12745.jpg,1839,1850,11
12750.jpg,1839,1850,11
12755.jpg,1839,18,-1821
12760.jpg,1839,1750,-89
12765.jpg,1839,1750,-89
12770.jpg,1839,1950,111
12775.jpg,1839,1850,11
12780.jpg,1840,1800,-40
12785.jpg,1840,1900,60
12790.jpg,1840,1850,10
12795.jpg,1840,1780,-60
12800.jpg,1840,1850,10
12805.jpg,1840,1500,-340
12810.jpg,1840,1760,-80
12815.jpg,1840,1850,10
12820.jpg,1840,1850,10
12825.jpg,1840,1850,10
12830.jpg,1840,1950,110
12835.jpg,1840,1895,55
12840.jpg,1840,1450,-390
12845.jpg,1840,1750,-90
12850.jpg,1840,1800,-40
12860.jpg,1840,1850,10
12865.jpg,1840,1800,-40
12870.jpg,1840,1950,110
12875.jpg,1840,1850,10
12880.jpg,1840,1820,-20
12885.jpg,1840,1750,-90
12890.jpg,1840,1800,-40
12895.jpg,1840,1850,10
12900.jpg,1840,1900,60
12905.jpg,1840,1920,80
12910.jpg,1840,1950,110
12915.jpg,1840,1850,10
12920.jpg,1840,1880,40
12925.jpg,1840,1800,-40
12930.jpg,1840,1890,50
12935.jpg,1840,1890,50
12940.jpg,1840,1920,80
12945.jpg,1840,1920,80
12950.jpg,1840,1850,10
12955.jpg,1840,1850,10
12960.jpg,1840,1850,10
12965.jpg,1840,1850,10
12970.jpg,1840,1820,-20
12975.jpg,1840,1792,-48
12980.jpg,1840,1960,120
12985.jpg,1840,1830,-10
12990.jpg,1840,1850,10
12995.jpg,1840,1940,100
13005.jpg,1840,1850,10
13010.jpg,1840,19,-1821
13015.jpg,1840,1900,60
13020.jpg,1840,1920,80
13025.jpg,1840,1850,10
13030.jpg,1841,19,-1822
13035.jpg,1841,1800,-41
13040.jpg,1841,1790,-51
13045.jpg,1841,1920,79
13050.jpg,1841,1900,59
13055.jpg,1841,1900,59
13060.jpg,1841,1800,-41
13065.jpg,1841,1850,9
13070.jpg,1841,1930,89
13075.jpg,1841,1750,-91
13080.jpg,1841,1850,9
13085.jpg,1841,1980,139
13090.jpg,1841,1940,99
13095.jpg,1841,1900,59
13100.jpg,1841,1750,-91
13105.jpg,1841,1850,9
13110.jpg,1841,1850,9
13115.jpg,1841,1910,69
13120.jpg,1841,1980,139
13125.jpg,1841,1850,9
13130.jpg,1841,1500,-341
13135.jpg,1841,1950,109
13140.jpg,1841,1850,9
13145.jpg,1842,1850,8
13150.jpg,1842,18,-1824
13155.jpg,1842,1930,88
13160.jpg,1842,1900,58
13165.jpg,1842,1830,-12
13170.jpg,1842,1930,88
13175.jpg,1842,1860,18
13180.jpg,1842,1890,48
13185.jpg,1842,1750,-92
13190.jpg,1842,1850,8
13195.jpg,1842,1920,78
13200.jpg,1842,1850,8
13205.jpg,1842,1750,-92
13210.jpg,1842,1850,8
13215.jpg,1842,1850,8
13220.jpg,1842,1750,-92
13225.jpg,1842,1850,8
13230.jpg,1842,1850,8
13235.jpg,1842,1790,-52
13240.jpg,1842,1820,-22
13245.jpg,1842,1875,33
13250.jpg,1842,1820,-22
13255.jpg,1842,1750,-92
13260.jpg,1842,1800,-42
13265.jpg,1842,1750,-92
13270.jpg,1842,1900,58
13275.jpg,1842,1800,-42
13280.jpg,1842,1550,-292
13285.jpg,1842,1890,48
13290.jpg,1842,1900,58
13295.jpg,1842,2022,180
13300.jpg,1843,1880,37
13305.jpg,1843,1850,7
13310.jpg,1843,1909,66
13315.jpg,1843,1900,57
13320.jpg,1843,1850,7
13325.jpg,1843,1850,7
13330.jpg,1843,1750,-93
13335.jpg,1843,1675,-168
13340.jpg,1843,1800,-43
13345.jpg,1843,1925,82
13350.jpg,1843,1830,-13
13355.jpg,1843,1850,7
13360.jpg,1843,1910,67
13365.jpg,1843,1790,-53
13370.jpg,1843,1850,7
13380.jpg,1843,1850,7
13385.jpg,1843,1850,7
13390.jpg,1843,1940,97
13395.jpg,1843,1900,57
13400.jpg,1843,1790,-53
13405.jpg,1843,-1,-1844
13410.jpg,1843,1836,-7
13415.jpg,1843,1900,57
13420.jpg,1843,1950,107
13425.jpg,1843,1850,7
13430.jpg,1844,1890,46
13435.jpg,1844,1850,6
13440.jpg,1844,1950,106
13445.jpg,1844,1970,126
13450.jpg,1844,1820,-24
13455.jpg,1844,1850,6
13460.jpg,1844,1890,46
13465.jpg,1844,1780,-64
13470.jpg,1844,1850,6
13475.jpg,1844,1880,36
13480.jpg,1844,1865,21
13485.jpg,1844,1890,46
13490.jpg,1844,1850,6
13495.jpg,1844,1850,6
13500.jpg,1844,1830,-14
13505.jpg,1844,1900,56
13510.jpg,1844,1800,-44
13515.jpg,1844,1850,6
13520.jpg,1844,1750,-94
13525.jpg,1844,1905,61
13530.jpg,1844,1850,6
13535.jpg,1844,1850,6
13540.jpg,1844,1916,72
13545.jpg,1844,1890,46
13550.jpg,1844,1839,-5
13555.jpg,1844,1890,46
13560.jpg,1844,1900,56
13565.jpg,1845,1650,-195
13570.jpg,1845,1910,65
13575.jpg,1845,1880,35
13580.jpg,1845,1825,-20
13585.jpg,1845,1900,55
13590.jpg,1845,1900,55
13595.jpg,1845,1860,15
13600.jpg,1845,1850,5
13605.jpg,1845,1792,-53
13610.jpg,1845,1850,5
13615.jpg,1845,1950,105
13620.jpg,1845,1920,75
13625.jpg,1845,1850,5
13630.jpg,1845,1750,-95
13635.jpg,1845,1900,55
13640.jpg,1845,1920,75
13645.jpg,1845,1850,5
13650.jpg,1845,1750,-95
13655.jpg,1845,1850,5
13660.jpg,1845,1850,5
13665.jpg,1845,1930,85
13670.jpg,1845,2010,165
13675.jpg,1845,1850,5
13680.jpg,1845,1900,55
13685.jpg,1845,1950,105
13690.jpg,1845,1750,-95
13695.jpg,1845,1790,-55
13700.jpg,1845,1850,5
13705.jpg,1845,1800,-45
13710.jpg,1845,1920,75
13720.jpg,1845,1950,105
13725.jpg,1845,1900,55
13730.jpg,1845,1910,65
13735.jpg,1845,1800,-45
13740.jpg,1845,1750,-95
13745.jpg,1845,1750,-95
13750.jpg,1845,1800,-45
13755.jpg,1845,1750,-95
13760.jpg,1845,1920,75
13765.jpg,1845,1850,5
13770.jpg,1845,1850,5
13775.jpg,1845,1820,-25
13780.jpg,1845,1750,-95
13785.jpg,1845,1980,135
13790.jpg,1845,1902,57
13795.jpg,1845,1950,105
13800.jpg,1845,1928,83
13805.jpg,1846,1890,44
13810.jpg,1846,1914,68
13815.jpg,1846,1850,4
13820.jpg,1846,1850,4
13825.jpg,1846,1845,-1
13830.jpg,1846,1850,4
13835.jpg,1846,1950,104
13840.jpg,1846,1920,74
13845.jpg,1846,1790,-56
13850.jpg,1846,1850,4
13855.jpg,1846,1930,84
13860.jpg,1846,1700,-146
13865.jpg,1846,1890,44
13870.jpg,1846,1920,74
13875.jpg,1846,1850,4
13880.jpg,1846,1870,24
13885.jpg,1846,1820,-26
13890.jpg,1846,1790,-56
13895.jpg,1846,1900,54
13900.jpg,1846,1880,34
13905.jpg,1846,1800,-46
13910.jpg,1846,1800,-46
13915.jpg,1846,1850,4
13920.jpg,1846,1920,74
13925.jpg,1846,1930,84
13930.jpg,1846,1880,34
13935.jpg,1846,1890,44
13940.jpg,1847,1910,63
13945.jpg,1847,1850,3
13950.jpg,1847,1895,48
13955.jpg,1847,1850,3
13960.jpg,1847,1850,3
13965.jpg,1847,1930,83
13970.jpg,1847,1900,53
13975.jpg,1847,19,-1828
13980.jpg,1847,1850,3
13985.jpg,1847,1900,53
13990.jpg,1847,1650,-197
13995.jpg,1847,1850,3
14000.jpg,1847,1850,3
14005.jpg,1847,1850,3
14010.jpg,1847,1800,-47
14015.jpg,1847,1900,53
14020.jpg,1847,1900,53
14030.jpg,1847,1850,3
14035.jpg,1847,1850,3
14040.jpg,1847,1890,43
14045.jpg,1847,1800,-47
14050.jpg,1847,1890,43
14055.jpg,1847,1900,53
14060.jpg,1847,1850,3
14065.jpg,1847,1880,33
14070.jpg,1847,1850,3
14075.jpg,1847,1880,33
14080.jpg,1847,1900,53
14085.jpg,1847,1850,3
14090.jpg,1847,1830,-17
14095.jpg,1847,1850,3
14100.jpg,1847,1850,3
14105.jpg,1847,1935,88
14110.jpg,1848,1890,42
14115.jpg,1848,1900,52
14120.jpg,1848,1875,27
14125.jpg,1848,1990,142
14130.jpg,1848,1550,-298
14135.jpg,1848,1850,2
14140.jpg,1848,1850,2
14145.jpg,1848,1850,2
14150.jpg,1848,1900,52
14155.jpg,1848,1850,2
14160.jpg,1848,1850,2
14165.jpg,1848,1850,2
14170.jpg,1848,1900,52
14175.jpg,1848,1880,32
14180.jpg,1848,1900,52
14185.jpg,1848,1890,42
14190.jpg,1848,1920,72
14195.jpg,1848,1850,2
14200.jpg,1848,1900,52
14205.jpg,1848,1850,2
14210.jpg,1848,1850,2
14215.jpg,1848,1880,32
14220.jpg,1848,1850,2
14225.jpg,1848,1840,-8
14230.jpg,1848,1770,-78
14235.jpg,1848,1900,52
14240.jpg,1848,1900,52
14245.jpg,1848,1850,2
14250.jpg,1848,1790,-58
14255.jpg,1848,1900,52
14260.jpg,1848,1950,102
14265.jpg,1848,1850,2
14270.jpg,1848,1800,-48
14275.jpg,1848,1850,2
14280.jpg,1848,1850,2
14285.jpg,1848,1880,32
14290.jpg,1848,1800,-48
14295.jpg,1848,1880,32
14300.jpg,1848,1860,12
14305.jpg,1848,1850,2
14310.jpg,1848,1960,112
14315.jpg,1848,1930,82
14320.jpg,1848,1950,102
14325.jpg,1848,1820,-28
14330.jpg,1848,1890,42
14335.jpg,1848,1920,72
14340.jpg,1849,1750,-99
14345.jpg,1849,1850,1
14350.jpg,1849,1850,1
14355.jpg,1849,1850,1
14360.jpg,1849,2014,165
14365.jpg,1849,1850,1
14370.jpg,1849,1850,1
14375.jpg,1849,1920,71
14380.jpg,1849,1800,-49
14385.jpg,1849,1800,-49
14390.jpg,1849,1900,51
14395.jpg,1849,1950,101
14400.jpg,1849,1820,-29
14405.jpg,1849,1850,1
14410.jpg,1849,1850,1
14415.jpg,1849,1910,61
14420.jpg,1849,1700,-149
14425.jpg,1849,1890,41
14430.jpg,1849,1850,1
14435.jpg,1849,1750,-99
14440.jpg,1849,1850,1
14445.jpg,1849,1850,1
14450.jpg,1849,1790,-59
14455.jpg,1849,1750,-99
14460.jpg,1849,1800,-49
14465.jpg,1849,1760,-89
14470.jpg,1849,1920,71
14475.jpg,1849,1850,1
14480.jpg,1849,1850,1
14485.jpg,1849,1850,1
14490.jpg,1849,1653,-196
14495.jpg,1849,1850,1
14500.jpg,1849,-1,-1850
14505.jpg,1850,1700,-150
14510.jpg,1850,1850,0
14515.jpg,1850,1750,-100
14520.jpg,1850,1750,-100
14525.jpg,1850,1750,-100
14530.jpg,1850,1960,110
14535.jpg,1850,1840,-10
14540.jpg,1850,1850,0
14545.jpg,1850,1850,0
14550.jpg,1850,1920,70
14555.jpg,1850,1900,50
14560.jpg,1850,1900,50
14565.jpg,1850,1820,-30
14570.jpg,1850,1750,-100
14575.jpg,1850,1850,0
14580.jpg,1850,1850,0
14585.jpg,1850,1850,0
14590.jpg,1850,1850,0
14600.jpg,1850,1860,10
14605.jpg,1850,1850,0
14610.jpg,1850,1850,0
14615.jpg,1850,2000,150
14620.jpg,1850,1820,-30
14625.jpg,1850,1850,0
14630.jpg,1850,1890,40
14635.jpg,1850,1830,-20
14640.jpg,1850,1920,70
14645.jpg,1850,1880,30
14650.jpg,1850,1850,0
14655.jpg,1850,1850,0
14660.jpg,1850,1780,-70
14665.jpg,1850,1820,-30
14670.jpg,1850,1770,-80
14675.jpg,1850,1790,-60
14680.jpg,1850,1800,-50
14685.jpg,1850,1920,70
14690.jpg,1850,1800,-50
14695.jpg,1850,1827,-23
14700.jpg,1850,1867,17
14705.jpg,1850,1820,-30
14710.jpg,1850,1930,80
14715.jpg,1850,1750,-100
14720.jpg,1850,1850,0
14725.jpg,1850,1850,0
14730.jpg,1850,1800,-50
14735.jpg,1850,1850,0
14740.jpg,1850,1850,0
14745.jpg,1850,1800,-50
14750.jpg,1850,1800,-50
14755.jpg,1850,1850,0
14760.jpg,1850,1820,-30
14765.jpg,1850,1910,60
14770.jpg,1850,1900,50
14775.jpg,1850,1950,100
14780.jpg,1850,1850,0
14785.jpg,1851,1920,69
14790.jpg,1851,1827,-24
14795.jpg,1851,1850,-1
14800.jpg,1851,1850,-1
14805.jpg,1851,1890,39
14810.jpg,1851,1896,45
14815.jpg,1851,1860,9
14820.jpg,1851,1850,-1
14825.jpg,1851,1900,49
14830.jpg,1851,1870,19
14835.jpg,1851,1750,-101
14840.jpg,1851,1890,39
14845.jpg,1851,1900,49
14850.jpg,1851,1990,139
14855.jpg,1851,1960,109
14860.jpg,1851,1910,59
14865.jpg,1851,1750,-101
14870.jpg,1851,1800,-51
14880.jpg,1851,1650,-201
14885.jpg,1851,1850,-1
14890.jpg,1851,1850,-1
14895.jpg,1851,1850,-1
14900.jpg,1851,1850,-1
14905.jpg,1851,1890,39
14910.jpg,1851,1800,-51
14915.jpg,1851,1790,-61
14920.jpg,1851,1820,-31
14925.jpg,1851,1850,-1
14930.jpg,1851,1851,0
14935.jpg,1851,1850,-1
14940.jpg,1851,1830,-21
14945.jpg,1852,1850,-2
14950.jpg,1852,1850,-2
14955.jpg,1852,1850,-2
14960.jpg,1852,1900,48
14965.jpg,1852,1787,-65
14970.jpg,1852,1750,-102
14975.jpg,1852,1950,98
14980.jpg,1852,1800,-52
14985.jpg,1852,1900,48
14990.jpg,1852,1890,38
14995.jpg,1852,1890,38
15000.jpg,1852,1850,-2
15005.jpg,1852,1850,-2
15010.jpg,1852,1850,-2
15015.jpg,1852,1920,68
15020.jpg,1852,1800,-52
15025.jpg,1852,1870,18
15030.jpg,1852,1850,-2
15035.jpg,1852,1750,-102
15040.jpg,1852,1850,-2
15045.jpg,1852,1830,-22
15050.jpg,1852,1950,98
15055.jpg,1852,1890,38
15060.jpg,1852,1880,28
15065.jpg,1852,1850,-2
15070.jpg,1852,1880,28
15075.jpg,1852,1800,-52
15080.jpg,1852,1850,-2
15085.jpg,1852,1860,8
15090.jpg,1852,1920,68
15095.jpg,1852,1850,-2
15100.jpg,1852,1840,-12
15105.jpg,1852,1910,58
15110.jpg,1852,1900,48
15115.jpg,1852,1850,-2
15120.jpg,1852,1850,-2
15125.jpg,1852,1850,-2
15130.jpg,1852,1900,48
15135.jpg,1853,1600,-253
15140.jpg,1853,1750,-103
15145.jpg,1853,1880,27
15150.jpg,1853,1870,17
15155.jpg,1853,1900,47
15160.jpg,1853,1870,17
15165.jpg,1853,1850,-3
15170.jpg,1853,1800,-53
15175.jpg,1853,1880,27
15180.jpg,1853,1650,-203
15185.jpg,1853,1850,-3
15190.jpg,1853,1870,17
15195.jpg,1853,1880,27
15200.jpg,1853,1870,17
15205.jpg,1853,1950,97
15210.jpg,1853,1950,97
15215.jpg,1853,1850,-3
15220.jpg,1853,1850,-3
15225.jpg,1853,1830,-23
15230.jpg,1853,1930,77
15235.jpg,1853,1850,-3
15240.jpg,1853,1930,77
15245.jpg,1853,1850,-3
15250.jpg,1853,1900,47
15255.jpg,1853,1880,27
15260.jpg,1853,1850,-3
15265.jpg,1853,1750,-103
15270.jpg,1853,1840,-13
15275.jpg,1853,1900,47
15280.jpg,1853,1920,67
15285.jpg,1853,1910,57
15290.jpg,1853,1850,-3
15295.jpg,1853,1820,-33
15300.jpg,1853,1920,67
15305.jpg,1853,1800,-53
15310.jpg,1853,1950,97
15315.jpg,1853,1910,57
15320.jpg,1853,1850,-3
15325.jpg,1853,1790,-63
15330.jpg,1853,1850,-3
15335.jpg,1853,1820,-33
15340.jpg,1853,1550,-303
15345.jpg,1853,1750,-103
15350.jpg,1853,1900,47
15355.jpg,1854,1900,46
15360.jpg,1854,1950,96
15365.jpg,1854,1750,-104
15370.jpg,1854,1850,-4
15375.jpg,1854,1880,26
15380.jpg,1854,1850,-4
15385.jpg,1854,1900,46
15390.jpg,1854,1865,11
15395.jpg,1854,1850,-4
15400.jpg,1854,1900,46
15405.jpg,1854,1850,-4
15410.jpg,1854,1830,-24
15415.jpg,1854,1850,-4
15420.jpg,1854,1970,116
15425.jpg,1854,1900,46
15430.jpg,1854,1850,-4
15435.jpg,1854,2021,167
15440.jpg,1854,1950,96
15445.jpg,1854,1900,46
15450.jpg,1855,1650,-205
15455.jpg,1855,1900,45
15460.jpg,1855,1950,95
15465.jpg,1855,19,-1836
15470.jpg,1855,1890,35
15475.jpg,1855,1820,-35
15480.jpg,1855,1850,-5
15485.jpg,1855,1850,-5
15490.jpg,1855,1890,35
15495.jpg,1855,1950,95
15500.jpg,1855,1880,25
15505.jpg,1855,1850,-5
15510.jpg,1855,1850,-5
15515.jpg,1855,1850,-5
15520.jpg,1855,1890,35
15525.jpg,1855,1900,45
15530.jpg,1855,1920,65
15535.jpg,1855,1850,-5
15540.jpg,1855,1900,45
15545.jpg,1855,1840,-15
15550.jpg,1855,1850,-5
15555.jpg,1855,1850,-5
15560.jpg,1855,1850,-5
15565.jpg,1855,1870,15
15570.jpg,1855,1900,45
15575.jpg,1855,1900,45
15580.jpg,1855,1950,95
15585.jpg,1855,1925,70
15590.jpg,1855,1980,125
15595.jpg,1855,1830,-25
15600.jpg,1855,1880,25
15605.jpg,1855,1920,65
15610.jpg,1855,1950,95
15615.jpg,1855,1880,25
15620.jpg,1855,1900,45
15625.jpg,1855,1800,-55
15630.jpg,1855,1920,65
15635.jpg,1855,1800,-55
15640.jpg,1855,1850,-5
15645.jpg,1855,1910,55
15650.jpg,1855,1900,45
15655.jpg,1855,1850,-5
15660.jpg,1855,1880,25
15665.jpg,1855,1850,-5
15670.jpg,1855,1840,-15
15675.jpg,1855,1890,35
15680.jpg,1855,1900,45
15685.jpg,1855,1850,-5
15690.jpg,1855,1850,-5
15695.jpg,1855,1901,46
15705.jpg,1856,1850,-6
15710.jpg,1856,1850,-6
15715.jpg,1856,1950,94
15720.jpg,1856,1850,-6
15725.jpg,1856,1850,-6
15730.jpg,1856,1850,-6
15735.jpg,1856,1760,-96
15740.jpg,1856,1870,14
15745.jpg,1856,1800,-56
15750.jpg,1856,1880,24
15755.jpg,1856,1820,-36
15760.jpg,1856,1850,-6
15765.jpg,1856,1850,-6
15770.jpg,1856,1850,-6
15775.jpg,1856,1950,94
15780.jpg,1856,1920,64
15785.jpg,1856,1850,-6
15795.jpg,1856,1850,-6
15800.jpg,1856,1900,44
15805.jpg,1856,1950,94
15810.jpg,1856,1920,64
15815.jpg,1856,1850,-6
15820.jpg,1856,1650,-206
15825.jpg,1856,1850,-6
15830.jpg,1856,1850,-6
15835.jpg,1856,1850,-6
15840.jpg,1856,1850,-6
15845.jpg,1856,1840,-16
15850.jpg,1856,1840,-16
15855.jpg,1856,1650,-206
15860.jpg,1856,1850,-6
15865.jpg,1856,1800,-56
15870.jpg,1856,1920,64
15875.jpg,1856,1920,64
15880.jpg,1856,1900,44
15885.jpg,1856,1850,-6
15890.jpg,1856,1900,44
15895.jpg,1856,1860,4
15900.jpg,1856,1850,-6
15905.jpg,1856,1850,-6
15910.jpg,1856,1850,-6
15915.jpg,1856,1820,-36
15920.jpg,1856,1850,-6
15930.jpg,1856,1920,64
15935.jpg,1856,1850,-6
15940.jpg,1856,1820,-36
15945.jpg,1856,1850,-6
15950.jpg,1856,1950,94
15955.jpg,1856,1910,54
15960.jpg,1856,1850,-6
15965.jpg,1856,1700,-156
15970.jpg,1856,1850,-6
15975.jpg,1856,1950,94
15980.jpg,1857,1950,93
15985.jpg,1857,1830,-27
15990.jpg,1857,1920,63
15995.jpg,1857,1850,-7
16000.jpg,1857,1840,-17
16005.jpg,1857,1950,93
16010.jpg,1857,1650,-207
16015.jpg,1857,1750,-107
16020.jpg,1857,1850,-7
16025.jpg,1857,1850,-7
16030.jpg,1857,1850,-7
16035.jpg,1857,1875,18
16040.jpg,1857,1920,63
16045.jpg,1857,1850,-7
16050.jpg,1857,1850,-7
16055.jpg,1857,1900,43
16060.jpg,1857,1900,43
16065.jpg,1857,1850,-7
16070.jpg,1857,1850,-7
16075.jpg,1857,1920,63
16080.jpg,1857,1830,-27
16085.jpg,1857,1850,-7
16090.jpg,1857,1850,-7
16095.jpg,1857,1850,-7
16100.jpg,1857,1790,-67
16105.jpg,1857,1850,-7
16110.jpg,1857,1900,43
16115.jpg,1857,1850,-7
16120.jpg,1857,1780,-77
16125.jpg,1857,1880,23
16130.jpg,1857,1850,-7
16135.jpg,1857,1930,73
16140.jpg,1857,1450,-407
16145.jpg,1857,1850,-7
16150.jpg,1857,1880,23
16155.jpg,1857,1920,63
16160.jpg,1857,1850,-7
16165.jpg,1857,1780,-77
16170.jpg,1857,1870,13
16175.jpg,1857,1920,63
16180.jpg,1857,1890,33
16185.jpg,1857,1880,23
16190.jpg,1857,1850,-7
16195.jpg,1857,1800,-57
16200.jpg,1857,1875,18
16205.jpg,1857,1990,133
16210.jpg,1857,1850,-7
16215.jpg,1857,1890,33
16220.jpg,1857,1800,-57
16225.jpg,1857,1924,67
16230.jpg,1857,1880,23
16235.jpg,1858,1865,7
16240.jpg,1858,1950,92
16245.jpg,1858,1840,-18
16250.jpg,1858,1850,-8
16255.jpg,1858,1850,-8
16260.jpg,1858,1850,-8
16265.jpg,1858,1850,-8
16270.jpg,1858,1920,62
16275.jpg,1858,1950,92
16280.jpg,1858,1850,-8
16285.jpg,1858,1880,22
16290.jpg,1858,1901,43
16295.jpg,1858,1920,62
16300.jpg,1858,1878,20
16305.jpg,1858,1920,62
16310.jpg,1858,1850,-8
16315.jpg,1858,1850,-8
16320.jpg,1858,1790,-68
16325.jpg,1858,1880,22
16330.jpg,1858,1930,72
16335.jpg,1858,1870,12
16340.jpg,1858,1830,-28
16345.jpg,1858,1920,62
16350.jpg,1858,1850,-8
16355.jpg,1858,1890,32
16360.jpg,1858,1890,32
16365.jpg,1858,1750,-108
16370.jpg,1858,1750,-108
16375.jpg,1858,1890,32
16380.jpg,1858,1900,42
16385.jpg,1858,1950,92
16390.jpg,1858,1780,-78
16395.jpg,1858,1820,-38
16400.jpg,1858,1850,-8
16405.jpg,1858,1920,62
16410.jpg,1858,1850,-8
16415.jpg,1858,1850,-8
16420.jpg,1858,1850,-8
16425.jpg,1858,1870,12
16430.jpg,1858,1850,-8
16435.jpg,1858,1850,-8
16440.jpg,1858,1800,-58
16445.jpg,1858,1800,-58
16450.jpg,1858,1880,22
16455.jpg,1858,1850,-8
16460.jpg,1858,1910,52
16465.jpg,1858,1867,9
16470.jpg,1858,1900,42
16475.jpg,1858,1800,-58
16480.jpg,1858,1910,52
16485.jpg,1858,1920,62
16490.jpg,1859,1850,-9
16495.jpg,1859,1890,31
16505.jpg,1859,1859,0
16510.jpg,1859,1875,16
16515.jpg,1859,1900,41
16520.jpg,1859,1800,-59
16525.jpg,1859,1950,91
16530.jpg,1859,1920,61
16535.jpg,1859,1920,61
16540.jpg,1859,1850,-9
16545.jpg,1859,1850,-9
16550.jpg,1859,1860,1
16555.jpg,1859,1860,1
16560.jpg,1859,1950,91
16565.jpg,1859,1850,-9
16570.jpg,1859,1850,-9
16575.jpg,1859,1880,21
16580.jpg,1859,1850,-9
16585.jpg,1859,1650,-209
16590.jpg,1859,1850,-9
16595.jpg,1859,1920,61
16600.jpg,1859,1750,-109
16605.jpg,1859,1860,1
16610.jpg,1859,1850,-9
16615.jpg,1859,1870,11
16620.jpg,1859,1920,61
16625.jpg,1859,1970,111
16630.jpg,1859,1930,71
16635.jpg,1859,1850,-9
16640.jpg,1859,1835,-24
16645.jpg,1859,1880,21
16650.jpg,1859,1900,41
16655.jpg,1859,1890,31
16660.jpg,1859,1750,-109
16665.jpg,1859,1800,-59
16670.jpg,1859,1900,41
16675.jpg,1859,1850,-9
16680.jpg,1859,1900,41
16685.jpg,1859,1850,-9
16690.jpg,1859,1840,-19
16695.jpg,1859,1850,-9
16700.jpg,1859,1850,-9
16705.jpg,1859,1850,-9
16710.jpg,1859,1850,-9
16715.jpg,1859,1856,-3
16720.jpg,1859,19,-1840
16725.jpg,1859,1880,21
16730.jpg,1859,1850,-9
16735.jpg,1860,1450,-410
16740.jpg,1860,1920,60
16745.jpg,1860,1870,10
16750.jpg,1860,1880,20
16755.jpg,1860,1920,60
16760.jpg,1860,1850,-10
16765.jpg,1860,1890,30
16770.jpg,1860,1850,-10
16775.jpg,1860,1940,80
16785.jpg,1860,1600,-260
16790.jpg,1860,1900,40
16795.jpg,1860,1650,-210
16800.jpg,1860,1850,-10
16805.jpg,1860,1900,40
16810.jpg,1860,1920,60
16815.jpg,1860,1750,-110
16820.jpg,1860,1950,90
16825.jpg,1860,1850,-10
16830.jpg,1860,1850,-10
16835.jpg,1860,1930,70
16840.jpg,1860,1850,-10
16845.jpg,1860,1900,40
16850.jpg,1860,20,-1840
16855.jpg,1860,1750,-110
16860.jpg,1860,1800,-60
16865.jpg,1860,1950,90
16870.jpg,1860,1870,10
16875.jpg,1860,1800,-60
16880.jpg,1860,1750,-110
16885.jpg,1860,1850,-10
16890.jpg,1860,1870,10
16895.jpg,1860,1850,-10
16900.jpg,1860,1910,50
16905.jpg,1860,1850,-10
16910.jpg,1860,1870,10
16915.jpg,1860,1890,30
16920.jpg,1860,1450,-410
16925.jpg,1860,1850,-10
16930.jpg,1860,1880,20
16935.jpg,1860,1850,-10
16940.jpg,1860,1850,-10
16945.jpg,1860,1850,-10
16950.jpg,1860,1890,30
16955.jpg,1860,1890,30
16960.jpg,1860,1860,0
16965.jpg,1860,1850,-10
16970.jpg,1860,1950,90
16975.jpg,1860,1850,-10
16980.jpg,1860,1900,40
16985.jpg,1860,1890,30
16990.jpg,1860,80,-1780
16995.jpg,1860,1850,-10
17000.jpg,1860,1950,90
17005.jpg,1861,1920,59
17010.jpg,1861,1850,-11
17015.jpg,1861,1850,-11
17025.jpg,1861,1870,9
17030.jpg,1861,1880,19
17035.jpg,1861,1860,-1
17040.jpg,1861,1750,-111
17045.jpg,1861,1750,-111
17050.jpg,1861,1800,-61
17055.jpg,1861,19,-1842
17060.jpg,1861,1900,39
17065.jpg,1861,1950,89
17070.jpg,1861,1850,-11
17075.jpg,1861,1850,-11
17080.jpg,1861,1850,-11
17085.jpg,1861,1850,-11
17090.jpg,1861,1750,-111
17095.jpg,1861,1880,19
17100.jpg,1861,1850,-11
17105.jpg,1861,1820,-41
17110.jpg,1861,1850,-11
17115.jpg,1861,1770,-91
17120.jpg,1861,1900,39
17125.jpg,1861,1850,-11
17130.jpg,1861,1850,-11
17135.jpg,1861,1850,-11
17140.jpg,1861,1850,-11
17145.jpg,1861,1850,-11
17150.jpg,1861,1855,-6
17155.jpg,1861,1930,69
17160.jpg,1861,1880,19
17165.jpg,1861,1899,38
17170.jpg,1861,1880,19
17175.jpg,1862,1850,-12
17180.jpg,1862,1867,5
17185.jpg,1862,1865,3
17190.jpg,1862,1850,-12
17195.jpg,1862,2010,148
17200.jpg,1862,1850,-12
17205.jpg,1862,1950,88
17210.jpg,1862,1850,-12
17215.jpg,1862,1865,3
17220.jpg,1862,1900,38
17225.jpg,1862,1880,18
17230.jpg,1862,1850,-12
17235.jpg,1862,1880,18
17240.jpg,1862,1850,-12
17245.jpg,1862,1850,-12
17250.jpg,1862,1970,108
17255.jpg,1862,1750,-112
17260.jpg,1862,1850,-12
17265.jpg,1862,1750,-112
17270.jpg,1862,1850,-12
17275.jpg,1862,1910,48
17280.jpg,1862,1850,-12
17285.jpg,1862,1850,-12
17290.jpg,1862,1860,-2
17295.jpg,1862,1850,-12
17300.jpg,1862,1830,-32
17305.jpg,1862,1850,-12
17310.jpg,1862,1960,98
17315.jpg,1862,1950,88
17320.jpg,1862,1890,28
17325.jpg,1863,1900,37
17330.jpg,1863,1850,-13
17340.jpg,1863,1920,57
17345.jpg,1863,1850,-13
17350.jpg,1863,1930,67
17355.jpg,1863,1910,47
17365.jpg,1863,1950,87
17370.jpg,1863,1850,-13
17375.jpg,1863,1750,-113
17380.jpg,1863,1850,-13
17385.jpg,1863,1930,67
17390.jpg,1863,1900,37
17395.jpg,1863,1850,-13
17400.jpg,1863,1700,-163
17405.jpg,1863,1890,27
17410.jpg,1863,1870,7
17415.jpg,1863,1910,47
17420.jpg,1863,1950,87
17425.jpg,1863,1790,-73
17430.jpg,1863,1870,7
17435.jpg,1863,1950,87
17440.jpg,1863,1850,-13
17445.jpg,1863,1890,27
17450.jpg,1863,1750,-113
17455.jpg,1863,1870,7
17460.jpg,1863,1950,87
17465.jpg,1863,1890,27
17470.jpg,1863,1850,-13
17475.jpg,1863,1350,-513
17480.jpg,1863,1850,-13
17485.jpg,1864,1930,66
17490.jpg,1864,1850,-14
17495.jpg,1864,1850,-14
17500.jpg,1864,1930,66
17505.jpg,1864,1910,46
17510.jpg,1864,1850,-14
17515.jpg,1864,1800,-64
17520.jpg,1864,1965,101
17525.jpg,1864,1600,-264
17530.jpg,1864,1850,-14
17535.jpg,1864,1995,131
17540.jpg,1864,1900,36
17545.jpg,1864,1870,6
17550.jpg,1864,1450,-414
17555.jpg,1864,1850,-14
17560.jpg,1864,1950,86
17565.jpg,1864,1850,-14
17575.jpg,1864,1850,-14
17580.jpg,1864,1850,-14
17585.jpg,1864,1850,-14
17590.jpg,1864,1980,116
17595.jpg,1864,1850,-14
17600.jpg,1864,1650,-214
17605.jpg,1864,1750,-114
17610.jpg,1864,1920,56
17615.jpg,1864,1900,36
17620.jpg,1864,1850,-14
17625.jpg,1864,1950,86
17630.jpg,1864,1880,16
17635.jpg,1864,1550,-314
17640.jpg,1864,1930,66
17645.jpg,1864,1900,36
17650.jpg,1864,1850,-14
17655.jpg,1864,1850,-14
17660.jpg,1865,1879,14
17665.jpg,1865,1900,35
17670.jpg,1865,1775,-90
17675.jpg,1865,1800,-65
17680.jpg,1865,1910,45
17690.jpg,1865,1860,-5
17695.jpg,1865,1650,-215
17700.jpg,1865,1861,-4
17705.jpg,1865,1840,-25
17710.jpg,1865,1880,15
17715.jpg,1865,1900,35
17720.jpg,1865,1920,55
17725.jpg,1865,1950,85
17730.jpg,1865,1900,35
17735.jpg,1865,1900,35
17745.jpg,1865,1850,-15
17750.jpg,1865,1850,-15
17755.jpg,1865,1850,-15
17760.jpg,1865,1920,55
17765.jpg,1865,1905,40
17770.jpg,1865,1850,-15
17775.jpg,1865,1900,35
17780.jpg,1865,1900,35
17785.jpg,1865,1850,-15
17790.jpg,1865,1920,55
17795.jpg,1865,1850,-15
17800.jpg,1865,1850,-15
17805.jpg,1865,1830,-35
17810.jpg,1865,1850,-15
17815.jpg,1865,1880,15
17820.jpg,1865,1900,35
17825.jpg,1865,1840,-25
17830.jpg,1865,1850,-15
17835.jpg,1865,1850,-15
17840.jpg,1865,1890,25
17845.jpg,1865,1850,-15
17850.jpg,1865,1350,-515
17855.jpg,1865,1860,-5
17860.jpg,1865,1875,10
17865.jpg,1865,1820,-45
17870.jpg,1865,1870,5
17875.jpg,1865,1850,-15
17880.jpg,1865,19,-1846
17885.jpg,1865,1930,65
17890.jpg,1865,1800,-65
17895.jpg,1865,1850,-15
17900.jpg,1865,1875,10
17905.jpg,1865,1850,-15
17910.jpg,1865,1700,-165
17915.jpg,1865,1850,-15
17920.jpg,1865,1830,-35
17930.jpg,1865,1900,35
17935.jpg,1866,1900,34
17940.jpg,1866,1850,-16
17945.jpg,1866,1870,4
17950.jpg,1866,1900,34
17955.jpg,1866,1950,84
17960.jpg,1866,19,-1847
17965.jpg,1866,1850,-16
17970.jpg,1866,1850,-16
17975.jpg,1866,1800,-66
17980.jpg,1866,1850,-16
17985.jpg,1866,1850,-16
17990.jpg,1866,1850,-16
17995.jpg,1866,1915,49
18000.jpg,1866,1920,54
18005.jpg,1866,1850,-16
18010.jpg,1866,1880,14
18015.jpg,1866,1950,84
18020.jpg,1866,1900,34
18025.jpg,1866,1880,14
18030.jpg,1866,1850,-16
18035.jpg,1866,1880,14
18040.jpg,1866,1950,84
18045.jpg,1866,1820,-46
18050.jpg,1866,1800,-66
18055.jpg,1866,1900,34
18060.jpg,1866,1880,14
18065.jpg,1866,1850,-16
18070.jpg,1866,1850,-16
18075.jpg,1866,1850,-16
18080.jpg,1866,1830,-36
18085.jpg,1866,1850,-16
18090.jpg,1866,1950,84
18095.jpg,1866,1870,4
18100.jpg,1866,1929,63
18105.jpg,1866,1900,34
18110.jpg,1866,1850,-16
18115.jpg,1866,1900,34
18120.jpg,1866,1850,-16
18125.jpg,1866,1750,-116
18130.jpg,1866,19,-1847
18135.jpg,1867,1900,33
18140.jpg,1867,1850,-17
18145.jpg,1867,1920,53
18160.jpg,1867,1880,13
18165.jpg,1867,1890,23
18170.jpg,1867,1850,-17
18175.jpg,1867,1850,-17
18180.jpg,1867,1910,43
18185.jpg,1867,1850,-17
18190.jpg,1867,1850,-17
18195.jpg,1867,1850,-17
18200.jpg,1867,1910,43
18205.jpg,1867,1890,23
18210.jpg,1867,1850,-17
18215.jpg,1867,1920,53
18220.jpg,1867,1800,-67
18225.jpg,1867,1900,33
18230.jpg,1867,1850,-17
18235.jpg,1867,1950,83
18240.jpg,1867,1850,-17
18245.jpg,1867,1850,-17
18250.jpg,1867,1880,13
18255.jpg,1867,1930,63
18260.jpg,1867,1750,-117
18265.jpg,1867,1870,3
18270.jpg,1867,1850,-17
18275.jpg,1867,19,-1848
18280.jpg,1867,1890,23
18285.jpg,1867,1900,33
18290.jpg,1867,1870,3
18295.jpg,1867,1910,43
18300.jpg,1867,1890,23
18305.jpg,1867,1850,-17
18310.jpg,1867,1900,33
18315.jpg,1867,1900,33
18320.jpg,1867,1830,-37
18325.jpg,1867,1750,-117
18330.jpg,1867,1865,-2
18335.jpg,1867,1910,43
18340.jpg,1867,1910,43
18345.jpg,1867,1850,-17
18350.jpg,1867,1250,-617
18355.jpg,1867,1850,-17
18360.jpg,1867,1880,13
18365.jpg,1868,1830,-38
18370.jpg,1868,1730,-138
18380.jpg,1868,1880,12
18385.jpg,1868,1890,22
18390.jpg,1868,1850,-18
18395.jpg,1868,1920,52
18400.jpg,1868,1905,37
18405.jpg,1868,1850,-18
18410.jpg,1868,1890,22
18415.jpg,1868,1850,-18
18420.jpg,1868,1850,-18
18425.jpg,1868,1900,32
18430.jpg,1868,2000,132
18450.jpg,1868,1850,-18
18455.jpg,1868,1790,-78
18460.jpg,1868,1850,-18
18465.jpg,1868,1870,2
18470.jpg,1868,1900,32
18475.jpg,1868,1920,52
18480.jpg,1868,1880,12
18485.jpg,1868,1875,7
18490.jpg,1868,1750,-118
18495.jpg,1868,1850,-18
18500.jpg,1868,1850,-18
18505.jpg,1868,1880,12
18510.jpg,1868,1890,22
18515.jpg,1868,1850,-18
18520.jpg,1868,1840,-28
18525.jpg,1868,1880,12
18530.jpg,1868,1800,-68
18535.jpg,1868,1850,-18
18540.jpg,1868,1850,-18
18545.jpg,1868,1850,-18
18550.jpg,1868,1900,32
18555.jpg,1868,1600,-268
18560.jpg,1868,1920,52
18565.jpg,1868,1890,22
18570.jpg,1868,1880,12
18575.jpg,1868,1890,22
18580.jpg,1868,1925,57
18585.jpg,1868,1960,92
18590.jpg,1868,1920,52
18595.jpg,1868,1850,-18
18600.jpg,1868,1905,37
18605.jpg,1868,1900,32
18610.jpg,1868,1800,-68
18615.jpg,1868,1880,12
18620.jpg,1869,16,-1853
18625.jpg,1869,1868,-1
18630.jpg,1869,1840,-29
18635.jpg,1869,1900,31
18640.jpg,1869,1870,1
18645.jpg,1869,1910,41
18650.jpg,1869,1790,-79
18655.jpg,1869,1840,-29
18660.jpg,1869,1850,-19
18665.jpg,1869,1850,-19
18670.jpg,1869,1850,-19
18675.jpg,1869,1920,51
18680.jpg,1869,1850,-19
18685.jpg,1869,1880,11
18690.jpg,1869,1850,-19
18695.jpg,1869,1900,31
18700.jpg,1869,1880,11
18710.jpg,1869,1910,41
18715.jpg,1869,1850,-19
18720.jpg,1869,1870,1
18725.jpg,1869,1900,31
18730.jpg,1869,1850,-19
18735.jpg,1869,1890,21
18740.jpg,1869,1900,31
18745.jpg,1869,1900,31
18750.jpg,1869,1850,-19
18755.jpg,1869,1850,-19
18760.jpg,1869,1880,11
18765.jpg,1869,1850,-19
18770.jpg,1869,1850,-19
18775.jpg,1869,1870,1
18780.jpg,1869,1900,31
18785.jpg,1869,1870,1
18790.jpg,1869,1900,31
18795.jpg,1869,1820,-49
18800.jpg,1869,1770,-99
18805.jpg,1869,1860,-9
18810.jpg,1869,1870,1
18815.jpg,1869,1900,31
18820.jpg,1869,1920,51
18825.jpg,1869,1875,6
18830.jpg,1869,1900,31
18835.jpg,1869,20,-1849
18840.jpg,1870,1850,-20
18845.jpg,1870,19,-1851
18850.jpg,1870,1850,-20
18855.jpg,1870,1900,30
18860.jpg,1870,1850,-20
18865.jpg,1870,1950,80
18870.jpg,1870,1920,50
18875.jpg,1870,1930,60
18880.jpg,1870,1900,30
18885.jpg,1870,1750,-120
18895.jpg,1870,1850,-20
18900.jpg,1870,1900,30
18905.jpg,1870,1850,-20
18910.jpg,1870,1750,-120
18915.jpg,1870,1850,-20
18920.jpg,1870,1950,80
18925.jpg,1870,1870,0
18930.jpg,1870,1850,-20
18935.jpg,1870,1900,30
18940.jpg,1870,1840,-30
18945.jpg,1870,1960,90
18950.jpg,1870,1850,-20
18955.jpg,1870,1890,20
18960.jpg,1870,1850,-20
18965.jpg,1870,1930,60
18970.jpg,1870,1870,0
18980.jpg,1870,1920,50
18985.jpg,1870,1850,-20
18990.jpg,1870,1900,30
18995.jpg,1870,1900,30
19000.jpg,1870,1900,30
19005.jpg,1870,1850,-20
19010.jpg,1870,1850,-20
19015.jpg,1870,1910,40
19020.jpg,1870,1950,80
19025.jpg,1870,1820,-50
19030.jpg,1870,1900,30
19035.jpg,1870,1850,-20
19040.jpg,1870,1850,-20
19045.jpg,1870,1800,-70
19050.jpg,1870,1900,30
19055.jpg,1870,1910,40
19060.jpg,1870,1900,30
19065.jpg,1870,1930,60
19070.jpg,1870,1880,10
19075.jpg,1870,1900,30
19080.jpg,1870,1920,50
19085.jpg,1870,1850,-20
19090.jpg,1870,1850,-20
19100.jpg,1870,1920,50
19105.jpg,1870,1890,20
19110.jpg,1870,1900,30
19115.jpg,1870,1900,30
19120.jpg,1870,1900,30
19125.jpg,1870,1950,80
19130.jpg,1870,1850,-20
19135.jpg,1870,1830,-40
19140.jpg,1870,1850,-20
19145.jpg,1871,1700,-171
19150.jpg,1871,1850,-21
19155.jpg,1871,1870,-1
19160.jpg,1871,1850,-21
19165.jpg,1871,1920,49
19170.jpg,1871,1858,-13
19175.jpg,1871,1900,29
19180.jpg,1871,1906,35
19185.jpg,1871,1920,49
19190.jpg,1871,1900,29
19195.jpg,1871,1900,29
19200.jpg,1871,1870,-1
19205.jpg,1871,1970,99
19210.jpg,1871,1950,79
19215.jpg,1871,1930,59
19220.jpg,1871,1950,79
19225.jpg,1871,1920,49
19230.jpg,1871,1850,-21
19235.jpg,1871,1900,29
19240.jpg,1871,1950,79
19245.jpg,1871,1850,-21
19250.jpg,1871,1900,29
19255.jpg,1871,1850,-21
19260.jpg,1871,1920,49
19265.jpg,1871,1900,29
19270.jpg,1871,1870,-1
19275.jpg,1871,1890,19
19280.jpg,1871,1980,109
19285.jpg,1871,1850,-21
19290.jpg,1871,1800,-71
19295.jpg,1871,1850,-21
19300.jpg,1871,1850,-21
19305.jpg,1871,1900,29
19310.jpg,1871,1890,19
19315.jpg,1871,1890,19
19320.jpg,1871,1880,9
19325.jpg,1871,1880,9
19330.jpg,1871,1890,19
19335.jpg,1871,1890,19
19340.jpg,1871,1880,9
19345.jpg,1871,1850,-21
19350.jpg,1871,1650,-221
19355.jpg,1871,1890,19
19360.jpg,1871,1870,-1
19365.jpg,1871,1900,29
19370.jpg,1871,1890,19
19375.jpg,1871,1850,-21
19380.jpg,1871,1900,29
19385.jpg,1871,1850,-21
19390.jpg,1871,1870,-1
19395.jpg,1872,1790,-82
19400.jpg,1872,1900,28
19405.jpg,1872,1880,8
19410.jpg,1872,1850,-22
19415.jpg,1872,1860,-12
19420.jpg,1872,1850,-22
19425.jpg,1872,1976,104
19430.jpg,1872,1900,28
19435.jpg,1872,1900,28
19440.jpg,1872,1860,-12
19445.jpg,1872,1930,58
19450.jpg,1872,1650,-222
19455.jpg,1872,1850,-22
19460.jpg,1872,1850,-22
19465.jpg,1872,1870,-2
19470.jpg,1872,1900,28
19475.jpg,1872,1850,-22
19480.jpg,1872,1830,-42
19485.jpg,1872,1900,28
19490.jpg,1872,1869,-3
19495.jpg,1872,1850,-22
19500.jpg,1872,1905,33
19505.jpg,1872,1650,-222
19510.jpg,1872,1890,18
19515.jpg,1872,1850,-22
19520.jpg,1872,1850,-22
19525.jpg,1872,1850,-22
19530.jpg,1872,1870,-2
19535.jpg,1872,1900,28
19540.jpg,1872,1920,48
19545.jpg,1872,1910,38
19550.jpg,1872,1880,8
19555.jpg,1872,1900,28
19560.jpg,1872,1870,-2
19565.jpg,1872,1850,-22
19570.jpg,1872,1890,18
19575.jpg,1872,1850,-22
19580.jpg,1872,1850,-22
19585.jpg,1872,1550,-322
19590.jpg,1872,1900,28
19595.jpg,1872,1930,58
19600.jpg,1872,1795,-77
19605.jpg,1872,1850,-22
19610.jpg,1872,1870,-2
19615.jpg,1872,1870,-2
19620.jpg,1872,1890,18
19625.jpg,1872,1890,18
19630.jpg,1872,1920,48
19635.jpg,1872,1905,33
19640.jpg,1872,1650,-222
19645.jpg,1872,1900,28
19655.jpg,1873,18,-1855
19660.jpg,1873,1900,27
19665.jpg,1873,1920,47
19670.jpg,1873,1870,-3
19675.jpg,1873,1830,-43
19680.jpg,1873,1860,-13
19685.jpg,1873,1850,-23
19690.jpg,1873,1600,-273
19695.jpg,1873,1850,-23
19700.jpg,1873,1850,-23
19705.jpg,1873,1905,32
19710.jpg,1873,1920,47
19715.jpg,1873,1850,-23
19720.jpg,1873,1890,17
19725.jpg,1873,1850,-23
19730.jpg,1873,1850,-23
19735.jpg,1873,1890,17
19740.jpg,1873,1970,97
19745.jpg,1873,1850,-23
19750.jpg,1873,1850,-23
19755.jpg,1873,1920,47
19760.jpg,1873,1880,7
19765.jpg,1873,1850,-23
19775.jpg,1873,1874,1
19780.jpg,1873,1860,-13
19785.jpg,1873,1850,-23
19790.jpg,1873,1880,7
19795.jpg,1873,1880,7
19800.jpg,1873,1750,-123
19805.jpg,1873,1890,17
19810.jpg,1873,1850,-23
19815.jpg,1873,1890,17
19820.jpg,1873,1890,17
19825.jpg,1873,1850,-23
19830.jpg,1873,1880,7
19835.jpg,1873,1750,-123
19840.jpg,1873,1850,-23
19845.jpg,1873,1850,-23
19850.jpg,1873,1880,7
19855.jpg,1873,1860,-13
19860.jpg,1873,1880,7
19865.jpg,1873,1890,17
19870.jpg,1873,1900,27
19875.jpg,1873,1932,59
19880.jpg,1873,1882,9
19885.jpg,1873,1850,-23
19890.jpg,1873,1850,-23
19895.jpg,1873,1950,77
19900.jpg,1873,1920,47
19905.jpg,1873,1850,-23
19910.jpg,1873,1950,77
19915.jpg,1874,1883,9
19920.jpg,1874,1850,-24
19925.jpg,1874,1920,46
19930.jpg,1874,1920,46
19935.jpg,1874,1890,16
19945.jpg,1874,1900,26
19950.jpg,1874,1850,-24
19955.jpg,1874,1920,46
19965.jpg,1874,1890,16
19970.jpg,1874,1929,55
19975.jpg,1874,1880,6
19980.jpg,1874,1875,1
19985.jpg,1874,1910,36
19990.jpg,1874,1920,46
19995.jpg,1874,1850,-24
20000.jpg,1874,1930,56
20005.jpg,1874,1960,86
20010.jpg,1874,1850,-24
20015.jpg,1874,1859,-15
20020.jpg,1874,1870,-4
20025.jpg,1874,1890,16
20030.jpg,1874,1800,-74
20035.jpg,1874,1930,56
20040.jpg,1874,1850,-24
20045.jpg,1874,1900,26
20050.jpg,1874,1890,16
20055.jpg,1874,1870,-4
20060.jpg,1874,1870,-4
20065.jpg,1874,1860,-14
20070.jpg,1874,1895,21
20075.jpg,1874,1939,65
20080.jpg,1874,1900,26
20085.jpg,1874,1870,-4
20090.jpg,1874,1830,-44
20095.jpg,1874,1850,-24
20100.jpg,1874,1875,1
20110.jpg,1874,1850,-24
20115.jpg,1874,1890,16
20120.jpg,1874,1850,-24
20125.jpg,1874,1910,36
20130.jpg,1874,1450,-424
20135.jpg,1874,1850,-24
20145.jpg,1874,1850,-24
20150.jpg,1874,1880,6
20155.jpg,1874,1900,26
20160.jpg,1874,1900,26
20165.jpg,1874,1880,6
20170.jpg,1874,19,-1855
20175.jpg,1874,1913,39
20180.jpg,1874,1955,81
20185.jpg,1874,1850,-24
20190.jpg,1874,1900,26
20195.jpg,1874,1900,26
20205.jpg,1874,1860,-14
20210.jpg,1875,1885,10
20215.jpg,1875,1907,32
20220.jpg,1875,1920,45
20230.jpg,1875,1900,25
20235.jpg,1875,1850,-25
20240.jpg,1875,1850,-25
20245.jpg,1875,1850,-25
20250.jpg,1875,1890,15
20255.jpg,1875,1930,55
20260.jpg,1875,1922,47
20265.jpg,1875,1890,15
20270.jpg,1875,1950,75
20275.jpg,1875,1850,-25
20280.jpg,1875,1915,40
20285.jpg,1875,1895,20
20295.jpg,1875,1850,-25
20300.jpg,1875,1879,4
20305.jpg,1875,1800,-75
20310.jpg,1875,1920,45
20315.jpg,1875,1850,-25
20320.jpg,1875,1900,25
20325.jpg,1875,1880,5
20330.jpg,1875,1900,25
20335.jpg,1875,1860,-15
20340.jpg,1875,1880,5
20345.jpg,1875,1850,-25
20350.jpg,1875,1830,-45
20355.jpg,1875,1890,15
20360.jpg,1875,1850,-25
20365.jpg,1875,1890,15
20370.jpg,1875,1910,35
20375.jpg,1875,1850,-25
20380.jpg,1875,1875,0
20385.jpg,1875,1850,-25
20390.jpg,1875,1830,-45
20395.jpg,1875,1880,5
20400.jpg,1875,1880,5
20405.jpg,1875,1860,-15
20410.jpg,1875,1940,65
20415.jpg,1875,1800,-75
20420.jpg,1875,1875,0
20425.jpg,1875,1850,-25
20430.jpg,1875,1900,25
20435.jpg,1875,1350,-525
20440.jpg,1875,1930,55
20445.jpg,1875,1850,-25
20450.jpg,1875,1890,15
20455.jpg,1875,1850,-25
20460.jpg,1875,1910,35
20465.jpg,1875,1900,25
20470.jpg,1875,1750,-125
20480.jpg,1875,1920,45
20485.jpg,1875,1900,25
20490.jpg,1875,1850,-25
20495.jpg,1875,1910,35
20500.jpg,1876,1650,-226
20505.jpg,1876,1875,-1
20510.jpg,1876,1890,14
20515.jpg,1876,1870,-6
20520.jpg,1876,1875,-1
20525.jpg,1876,1700,-176
20530.jpg,1876,1900,24
20540.jpg,1876,2022,146
20545.jpg,1876,1910,34
20550.jpg,1876,1850,-26
20555.jpg,1876,1850,-26
20560.jpg,1876,1350,-526
20565.jpg,1876,1850,-26
20570.jpg,1876,1900,24
20575.jpg,1876,1900,24
20580.jpg,1876,1910,34
20585.jpg,1876,1870,-6
20590.jpg,1876,1810,-66
20595.jpg,1876,1920,44
20600.jpg,1876,1880,4
20605.jpg,1876,1900,24
20610.jpg,1876,1935,59
20615.jpg,1876,1880,4
20620.jpg,1876,1880,4
20625.jpg,1876,1850,-26
20630.jpg,1876,1800,-76
20635.jpg,1876,1890,14
20640.jpg,1876,1900,24
20645.jpg,1876,1871,-5
20650.jpg,1876,1910,34
20655.jpg,1876,1900,24
20660.jpg,1876,1880,4
20665.jpg,1876,1890,14
20670.jpg,1876,1890,14
20675.jpg,1876,1850,-26
20680.jpg,1876,1900,24
20685.jpg,1876,1880,4
20690.jpg,1876,1880,4
20695.jpg,1876,1850,-26
20700.jpg,1876,1854,-22
20705.jpg,1876,1890,14
20715.jpg,1876,1900,24
20720.jpg,1876,1850,-26
20725.jpg,1876,1899,23
20730.jpg,1877,1880,3
20735.jpg,1877,1850,-27
20740.jpg,1877,1910,33
20745.jpg,1877,19,-1858
20750.jpg,1877,1800,-77
20755.jpg,1877,1912,35
20760.jpg,1877,1930,53
20765.jpg,1877,1450,-427
20770.jpg,1877,1950,73
20775.jpg,1877,1850,-27
20780.jpg,1877,1873,-4
20785.jpg,1877,1852,-25
20790.jpg,1877,1850,-27
20795.jpg,1877,1850,-27
20800.jpg,1877,1900,23
20805.jpg,1877,1850,-27
20810.jpg,1877,1890,13
20815.jpg,1877,1930,53
20820.jpg,1877,1900,23
20830.jpg,1877,1850,-27
20835.jpg,1877,1840,-37
20840.jpg,1877,1890,13
20845.jpg,1877,1890,13
20850.jpg,1877,1900,23
20855.jpg,1877,1850,-27
20860.jpg,1877,1920,43
20865.jpg,1877,1880,3
20870.jpg,1877,1880,3
20875.jpg,1877,1870,-7
20880.jpg,1877,1910,33
20885.jpg,1877,1890,13
20890.jpg,1877,1850,-27
20895.jpg,1877,1890,13
20900.jpg,1877,1890,13
20905.jpg,1877,1890,13
20910.jpg,1877,1880,3
20915.jpg,1877,1895,18
20925.jpg,1878,1910,32
20930.jpg,1878,1910,32
20935.jpg,1878,1850,-28
20940.jpg,1878,1850,-28
20945.jpg,1878,1920,42
20950.jpg,1878,1890,12
20955.jpg,1878,1870,-8
20960.jpg,1878,1600,-278
20965.jpg,1878,1970,92
20970.jpg,1878,1920,42
20975.jpg,1878,1850,-28
20980.jpg,1878,1900,22
20985.jpg,1878,1830,-48
20990.jpg,1878,1880,2
20995.jpg,1878,1860,-18
21000.jpg,1878,1850,-28
21005.jpg,1878,1880,2
21010.jpg,1878,1880,2
21015.jpg,1878,1920,42
21020.jpg,1878,1850,-28
21025.jpg,1878,1890,12
21030.jpg,1878,1890,12
21035.jpg,1878,1800,-78
21040.jpg,1878,1930,52
21045.jpg,1878,1750,-128
21050.jpg,1878,1900,22
21055.jpg,1878,1880,2
21060.jpg,1878,1850,-28
21065.jpg,1878,1910,32
21070.jpg,1878,1910,32
21075.jpg,1878,1890,12
21080.jpg,1878,1900,22
21085.jpg,1878,1890,12
21090.jpg,1878,1900,22
21095.jpg,1878,1890,12
21100.jpg,1878,1880,2
21105.jpg,1878,1900,22
21110.jpg,1878,1900,22
21115.jpg,1878,1891,13
21120.jpg,1878,1902,24
21125.jpg,1878,2000,122
21130.jpg,1878,1920,42
21135.jpg,1878,1900,22
21140.jpg,1878,1900,22
21145.jpg,1878,1910,32
21150.jpg,1878,1850,-28
21155.jpg,1878,1920,42
21160.jpg,1879,1970,91
21165.jpg,1879,1900,21
21170.jpg,1879,1930,51
21175.jpg,1879,1920,41
21180.jpg,1879,1930,51
21185.jpg,1879,1890,11
21190.jpg,1879,1880,1
21195.jpg,1879,1880,1
21200.jpg,1879,1900,21
21205.jpg,1879,1915,36
21210.jpg,1879,1880,1
21215.jpg,1879,1900,21
21220.jpg,1879,1860,-19
21225.jpg,1879,1950,71
21230.jpg,1879,1870,-9
21235.jpg,1879,1920,41
21240.jpg,1879,1910,31
21245.jpg,1879,1840,-39
21250.jpg,1879,1850,-29
21255.jpg,1879,1880,1
21260.jpg,1879,1880,1
21265.jpg,1879,1900,21
21270.jpg,1879,1860,-19
21275.jpg,1879,1900,21
21280.jpg,1879,1850,-29
21285.jpg,1879,1850,-29
21290.jpg,1879,1800,-79
21295.jpg,1879,1900,21
21300.jpg,1879,1890,11
21305.jpg,1879,1880,1
21310.jpg,1879,1850,-29
21315.jpg,1879,1850,-29
21320.jpg,1879,1850,-29
21325.jpg,1879,1880,1
21330.jpg,1879,1880,1
21335.jpg,1879,1900,21
21340.jpg,1879,1930,51
21350.jpg,1879,1900,21
21355.jpg,1879,1900,21
21360.jpg,1879,1900,21
21365.jpg,1879,1900,21
21370.jpg,1879,1880,1
21375.jpg,1880,1750,-130
21380.jpg,1880,1910,30
21385.jpg,1880,1900,20
21390.jpg,1880,1850,-30
21395.jpg,1880,19,-1861
21400.jpg,1880,1890,10
21405.jpg,1880,1900,20
21410.jpg,1880,1900,20
21415.jpg,1880,1950,70
21420.jpg,1880,1900,20
21425.jpg,1880,1900,20
21430.jpg,1880,1850,-30
21435.jpg,1880,1900,20
21440.jpg,1880,1890,10
21445.jpg,1880,1880,0
21450.jpg,1880,1910,30
21455.jpg,1880,1900,20
21460.jpg,1880,1902,22
21465.jpg,1880,1850,-30
21470.jpg,1880,1820,-60
21475.jpg,1880,1950,70
21480.jpg,1880,1900,20
21485.jpg,1880,1950,70
21490.jpg,1880,1870,-10
21495.jpg,1880,1860,-20
21500.jpg,1880,1830,-50
21505.jpg,1880,1900,20
21510.jpg,1880,1850,-30
21515.jpg,1880,1850,-30
21520.jpg,1880,1850,-30
21530.jpg,1880,1950,70
21535.jpg,1880,1850,-30
21540.jpg,1880,1850,-30
21545.jpg,1880,1880,0
21550.jpg,1880,1880,0
21555.jpg,1880,1850,-30
21560.jpg,1880,1900,20
21565.jpg,1880,1850,-30
21570.jpg,1880,1950,70
21575.jpg,1880,1950,70
21580.jpg,1880,1865,-15
21585.jpg,1880,1900,20
21590.jpg,1880,1900,20
21595.jpg,1880,1900,20
21600.jpg,1880,1890,10
21605.jpg,1880,1920,40
21610.jpg,1880,1890,10
21615.jpg,1880,1875,-5
21620.jpg,1880,1880,0
21625.jpg,1880,1890,10
21630.jpg,1880,1890,10
21635.jpg,1880,19,-1861
21640.jpg,1880,1870,-10
21645.jpg,1880,1950,70
21650.jpg,1880,1930,50
21655.jpg,1880,1920,40
21660.jpg,1880,1890,10
21665.jpg,1880,1850,-30
21670.jpg,1880,1900,20
21675.jpg,1880,1920,40
21680.jpg,1880,1800,-80
21685.jpg,1880,1750,-130
21690.jpg,1880,1910,30
21695.jpg,1880,1820,-60
21700.jpg,1880,1910,30
21705.jpg,1880,1830,-50
21710.jpg,1881,1900,19
21715.jpg,1881,1890,9
21720.jpg,1881,1960,79
21725.jpg,1881,1840,-41
21730.jpg,1881,1900,19
21735.jpg,1881,1930,49
21740.jpg,1881,1900,19
21745.jpg,1881,1880,-1
21750.jpg,1881,1889,8
21755.jpg,1881,1914,33
21760.jpg,1881,1850,-31
21770.jpg,1881,1860,-21
21775.jpg,1881,1880,-1
21780.jpg,1881,1700,-181
21785.jpg,1881,1850,-31
21790.jpg,1881,1870,-11
21795.jpg,1881,1890,9
21800.jpg,1881,1880,-1
21805.jpg,1881,1850,-31
21810.jpg,1881,1890,9
21815.jpg,1881,1899,18
21820.jpg,1881,1900,19
21825.jpg,1881,1900,19
21830.jpg,1881,1850,-31
21835.jpg,1881,1880,-1
21840.jpg,1881,1850,-31
21845.jpg,1881,1920,39
21850.jpg,1881,1650,-231
21855.jpg,1881,1900,19
21860.jpg,1881,1860,-21
21865.jpg,1881,1890,9
21870.jpg,1881,1860,-21
21875.jpg,1881,1880,-1
21880.jpg,1881,1900,19
21885.jpg,1881,1900,19
21890.jpg,1881,1920,39
21895.jpg,1881,1880,-1
21900.jpg,1881,1880,-1
21905.jpg,1881,1850,-31
21910.jpg,1881,19,-1862
21915.jpg,1881,1550,-331
21920.jpg,1881,1890,9
21925.jpg,1881,1930,49
21930.jpg,1881,1850,-31
21940.jpg,1881,1850,-31
21945.jpg,1882,1700,-182
21950.jpg,1882,1930,48
21955.jpg,1882,1900,18
21960.jpg,1882,1700,-182
21965.jpg,1882,1890,8
21970.jpg,1882,1930,48
21975.jpg,1882,1850,-32
21980.jpg,1882,1900,18
21985.jpg,1882,1850,-32
21990.jpg,1882,1850,-32
21995.jpg,1882,1880,-2
22000.jpg,1882,1800,-82
22005.jpg,1882,1875,-7
22010.jpg,1882,1850,-32
22015.jpg,1882,1850,-32
22020.jpg,1882,1950,68
22025.jpg,1882,1870,-12
22030.jpg,1882,1870,-12
22035.jpg,1882,1930,48
22040.jpg,1882,1875,-7
22045.jpg,1882,1930,48
22050.jpg,1882,1890,8
22055.jpg,1882,1875,-7
22060.jpg,1882,1860,-22
22065.jpg,1882,1800,-82
22070.jpg,1882,1850,-32
22075.jpg,1882,1870,-12
22080.jpg,1882,1890,8
22085.jpg,1882,1900,18
22090.jpg,1882,1870,-12
22095.jpg,1882,1750,-132
22100.jpg,1882,1920,38
22105.jpg,1882,1920,38
22110.jpg,1882,1880,-2
22115.jpg,1882,1880,-2
22120.jpg,1882,1875,-7
22125.jpg,1882,1850,-32
22130.jpg,1882,1850,-32
22135.jpg,1882,1870,-12
22140.jpg,1882,1750,-132
22145.jpg,1882,1950,68
22150.jpg,1882,1950,68
22155.jpg,1882,2003,121
22160.jpg,1882,1910,28
22165.jpg,1882,1920,38
22170.jpg,1882,1880,-2
22175.jpg,1882,1850,-32
22180.jpg,1882,2005,123
22185.jpg,1882,1850,-32
22190.jpg,1882,1850,-32
22195.jpg,1882,20,-1862
22200.jpg,1882,1920,38
22205.jpg,1882,1890,8
22210.jpg,1882,1875,-7
22215.jpg,1883,1650,-233
22220.jpg,1883,1870,-13
22225.jpg,1883,1910,27
22230.jpg,1883,1900,17
22235.jpg,1883,1850,-33
22240.jpg,1883,19,-1864
22245.jpg,1883,1890,7
22250.jpg,1883,1900,17
22255.jpg,1883,1890,7
22260.jpg,1883,1891,8
22265.jpg,1883,1900,17
22270.jpg,1883,1930,47
22275.jpg,1883,1910,27
22280.jpg,1883,1656,-227
22285.jpg,1883,1800,-83
22290.jpg,1883,1850,-33
22295.jpg,1883,1850,-33
22300.jpg,1883,1950,67
22305.jpg,1883,1910,27
22310.jpg,1883,1850,-33
22315.jpg,1883,1900,17
22320.jpg,1883,19,-1864
22325.jpg,1883,1880,-3
22330.jpg,1883,1890,7
22335.jpg,1883,1900,17
22340.jpg,1883,1900,17
22345.jpg,1883,1860,-23
22350.jpg,1883,1900,17
22355.jpg,1883,1860,-23
22360.jpg,1883,1890,7
22365.jpg,1883,1908,25
22370.jpg,1883,19,-1864
22375.jpg,1883,1850,-33
22380.jpg,1883,1912,29
22385.jpg,1883,1930,47
22390.jpg,1883,1909,26
22395.jpg,1883,1890,7
22400.jpg,1883,1880,-3
22405.jpg,1883,1880,-3
22410.jpg,1883,1890,7
22415.jpg,1883,1850,-33
22420.jpg,1883,1880,-3
22425.jpg,1883,1890,7
22430.jpg,1883,1880,-3
22435.jpg,1883,1880,-3
22440.jpg,1883,1910,27
22445.jpg,1883,1900,17
22450.jpg,1883,1870,-13
22455.jpg,1883,1870,-13
22460.jpg,1883,1930,47
22465.jpg,1883,1900,17
22470.jpg,1883,1880,-3
22475.jpg,1883,1850,-33
22485.jpg,1883,1910,27
22490.jpg,1883,1923,40
22495.jpg,1883,1880,-3
22500.jpg,1883,1900,17
22505.jpg,1883,1900,17
22510.jpg,1884,1910,26
22515.jpg,1884,1900,16
22520.jpg,1884,1880,-4
22525.jpg,1884,1920,36
22530.jpg,1884,1900,16
22535.jpg,1884,1900,16
22540.jpg,1884,1900,16
22545.jpg,1884,1890,6
22550.jpg,1884,1900,16
22555.jpg,1884,1850,-34
22560.jpg,1884,1850,-34
22565.jpg,1884,1880,-4
22570.jpg,1884,1800,-84
22575.jpg,1884,1875,-9
22580.jpg,1884,1930,46
22585.jpg,1884,1880,-4
22590.jpg,1884,1910,26
22595.jpg,1884,1900,16
22600.jpg,1884,1880,-4
22605.jpg,1884,1900,16
22610.jpg,1884,1880,-4
22615.jpg,1884,1890,6
22620.jpg,1884,1880,-4
22625.jpg,1884,1850,-34
22630.jpg,1884,1887,3
22635.jpg,1884,1850,-34
22640.jpg,1884,1925,41
22645.jpg,1884,1850,-34
22650.jpg,1884,1900,16
22655.jpg,1884,1830,-54
22665.jpg,1884,1930,46
22670.jpg,1884,1820,-64
22675.jpg,1884,1900,16
22680.jpg,1884,1980,96
22685.jpg,1884,1870,-14
22690.jpg,1884,1890,6
22695.jpg,1884,1890,6
22700.jpg,1884,1850,-34
22705.jpg,1884,1880,-4
22710.jpg,1884,1920,36
22715.jpg,1884,1900,16
22720.jpg,1884,1850,-34
22730.jpg,1884,1930,46
22735.jpg,1884,1520,-364
22740.jpg,1884,1990,106
22745.jpg,1884,1880,-4
22750.jpg,1884,1850,-34
22755.jpg,1884,1910,26
22760.jpg,1884,1850,-34
22765.jpg,1884,1860,-24
22770.jpg,1884,1870,-14
22775.jpg,1884,1875,-9
22780.jpg,1885,1915,30
22785.jpg,1885,1930,45
22790.jpg,1885,1950,65
22795.jpg,1885,1920,35
22800.jpg,1885,1750,-135
22805.jpg,1885,1928,43
22810.jpg,1885,1890,5
22815.jpg,1885,1850,-35
22820.jpg,1885,1890,5
22825.jpg,1885,1980,95
22830.jpg,1885,1850,-35
22835.jpg,1885,1920,35
22840.jpg,1885,1850,-35
22850.jpg,1885,1930,45
22855.jpg,1885,1920,35
22860.jpg,1885,1900,15
22865.jpg,1885,1850,-35
22870.jpg,1885,1900,15
22875.jpg,1885,1900,15
22880.jpg,1885,1880,-5
22885.jpg,1885,1880,-5
22890.jpg,1885,1450,-435
22895.jpg,1885,1900,15
22900.jpg,1885,1900,15
22905.jpg,1885,1800,-85
22910.jpg,1885,1870,-15
22915.jpg,1885,1900,15
22920.jpg,1885,1890,5
22925.jpg,1885,1870,-15
22930.jpg,1885,1910,25
22935.jpg,1885,1870,-15
22940.jpg,1885,1910,25
22945.jpg,1885,1850,-35
22950.jpg,1885,1910,25
22955.jpg,1885,1890,5
22960.jpg,1885,1930,45
22965.jpg,1885,1890,5
22970.jpg,1885,1910,25
22975.jpg,1885,1900,15
22980.jpg,1885,1920,35
22985.jpg,1885,1850,-35
22990.jpg,1885,1920,35
22995.jpg,1885,1880,-5
23000.jpg,1885,1850,-35
23005.jpg,1885,1900,15
23015.jpg,1885,1850,-35
23020.jpg,1885,1850,-35
23025.jpg,1885,1900,15
23030.jpg,1885,1910,25
23035.jpg,1885,1880,-5
23040.jpg,1885,1850,-35
23045.jpg,1885,1830,-55
23050.jpg,1885,1945,60
23055.jpg,1885,1935,50
23060.jpg,1885,1890,5
23065.jpg,1885,1880,-5
23070.jpg,1885,1900,15
23075.jpg,1885,1930,45
23080.jpg,1885,1890,5
23085.jpg,1886,1940,54
23090.jpg,1886,1870,-16
23095.jpg,1886,1880,-6
23100.jpg,1886,1890,4
23105.jpg,1886,1909,23
23110.jpg,1886,1600,-286
23115.jpg,1886,1750,-136
23120.jpg,1886,1750,-136
23125.jpg,1886,1850,-36
23130.jpg,1886,1920,34
23135.jpg,1886,1950,64
23140.jpg,1886,1975,89
23145.jpg,1886,1860,-26
23150.jpg,1886,1945,59
23155.jpg,1886,1880,-6
23160.jpg,1886,1860,-26
23165.jpg,1886,1850,-36
23170.jpg,1886,1880,-6
23175.jpg,1886,1920,34
23180.jpg,1886,1900,14
23185.jpg,1886,1920,34
23190.jpg,1886,1870,-16
23195.jpg,1886,1910,24
23200.jpg,1886,1890,4
23205.jpg,1886,1900,14
23210.jpg,1886,1895,9
23215.jpg,1886,1875,-11
23220.jpg,1886,1890,4
23225.jpg,1886,1900,14
23230.jpg,1886,1875,-11
23235.jpg,1886,1900,14
23240.jpg,1886,1900,14
23245.jpg,1886,1880,-6
23250.jpg,1886,1920,34
23255.jpg,1886,1850,-36
23260.jpg,1886,1900,14
23265.jpg,1886,1900,14
23275.jpg,1886,1920,34
23280.jpg,1886,1920,34
23285.jpg,1886,1910,24
23290.jpg,1886,2000,114
23295.jpg,1886,1850,-36
23300.jpg,1886,1890,4
23305.jpg,1886,1850,-36
23310.jpg,1886,1900,14
23315.jpg,1886,1900,14
23320.jpg,1886,1900,14
23325.jpg,1886,19,-1867
23330.jpg,1886,1880,-6
23335.jpg,1886,1850,-36
23340.jpg,1886,1930,44
23345.jpg,1886,1890,4
23350.jpg,1886,1875,-11
23355.jpg,1886,1886,0
23365.jpg,1886,1950,64
23370.jpg,1886,1850,-36
23375.jpg,1887,1915,28
23380.jpg,1887,1939,52
23385.jpg,1887,1850,-37
23390.jpg,1887,1920,33
23395.jpg,1887,1900,13
23400.jpg,1887,1850,-37
23410.jpg,1887,1890,3
23415.jpg,1887,1920,33
23420.jpg,1887,1890,3
23425.jpg,1887,1900,13
23430.jpg,1887,1910,23
23440.jpg,1887,1880,-7
23445.jpg,1887,1890,3
23450.jpg,1887,19,-1868
23460.jpg,1887,1910,23
23465.jpg,1887,1790,-97
23470.jpg,1887,1875,-12
23475.jpg,1887,1880,-7
23480.jpg,1887,1880,-7
23485.jpg,1887,1875,-12
23490.jpg,1887,1880,-7
23495.jpg,1887,1895,8
23500.jpg,1887,1910,23
23505.jpg,1887,1920,33
23510.jpg,1887,1890,3
23515.jpg,1887,1895,8
23520.jpg,1887,1880,-7
23525.jpg,1887,1900,13
23535.jpg,1887,1900,13
23540.jpg,1887,1880,-7
23545.jpg,1887,1900,13
23550.jpg,1887,1900,13
23555.jpg,1887,1920,33
23560.jpg,1887,1920,33
23565.jpg,1887,1850,-37
23570.jpg,1887,1890,3
23575.jpg,1887,1910,23
23580.jpg,1887,1890,3
23585.jpg,1887,1920,33
23590.jpg,1887,1970,83
23595.jpg,1887,1895,8
23600.jpg,1887,1900,13
23605.jpg,1887,1880,-7
23610.jpg,1887,1938,51
23615.jpg,1887,1850,-37
23620.jpg,1887,1920,33
23625.jpg,1887,1890,3
23630.jpg,1887,1900,13
23635.jpg,1887,1900,13
23640.jpg,1887,1920,33
23645.jpg,1887,1850,-37
23650.jpg,1887,1890,3
23660.jpg,1887,1900,13
23665.jpg,1887,1970,83
23670.jpg,1887,1850,-37
23675.jpg,1887,1920,33
23680.jpg,1887,1950,63
23690.jpg,1887,1900,13
23695.jpg,1887,1900,13
23700.jpg,1888,1750,-138
23705.jpg,1888,1900,12
23710.jpg,1888,1900,12
23715.jpg,1888,1900,12
23720.jpg,1888,1950,62
23725.jpg,1888,1900,12
23730.jpg,1888,1899,11
23735.jpg,1888,1920,32
23740.jpg,1888,1900,12
23745.jpg,1888,1890,2
23750.jpg,1888,1900,12
23755.jpg,1888,1920,32
23760.jpg,1888,1850,-38
23765.jpg,1888,1900,12
23770.jpg,1888,1920,32
23775.jpg,1888,1920,32
23790.jpg,1888,1900,12
23795.jpg,1888,1890,2
23800.jpg,1888,1880,-8
23805.jpg,1888,1900,12
23810.jpg,1888,1890,2
23815.jpg,1888,1900,12
23820.jpg,1888,1900,12
23825.jpg,1888,1880,-8
23830.jpg,1888,1900,12
23835.jpg,1888,1890,2
23840.jpg,1888,1900,12
23850.jpg,1888,1890,2
23855.jpg,1888,1920,32
23860.jpg,1888,1890,2
23865.jpg,1888,1840,-48
23870.jpg,1888,1850,-38
23875.jpg,1888,1920,32
23880.jpg,1888,1890,2
23885.jpg,1888,1880,-8
23890.jpg,1888,1850,-38
23895.jpg,1888,1900,12
23900.jpg,1888,1900,12
23905.jpg,1888,1850,-38
23910.jpg,1888,1890,2
23915.jpg,1888,2010,122
23920.jpg,1888,1910,22
23925.jpg,1888,1890,2
23930.jpg,1888,1890,2
23935.jpg,1888,1750,-138
23940.jpg,1888,1910,22
23945.jpg,1888,1870,-18
23950.jpg,1888,1900,12
23955.jpg,1888,1880,-8
23960.jpg,1888,1900,12
23965.jpg,1888,1910,22
23970.jpg,1888,1800,-88
23975.jpg,1888,1900,12
23980.jpg,1888,1930,42
23985.jpg,1888,1920,32
23990.jpg,1888,1888,0
23995.jpg,1888,1700,-188
24000.jpg,1888,1915,27
24005.jpg,1888,1940,52
24010.jpg,1888,1890,2
24015.jpg,1888,1950,62
24020.jpg,1888,1900,12
24025.jpg,1888,1890,2
24030.jpg,1888,1895,7
24035.jpg,1888,1895,7
24040.jpg,1888,1900,12
24050.jpg,1889,1920,31
24055.jpg,1889,1850,-39
24060.jpg,1889,1910,21
24065.jpg,1889,1900,11
24070.jpg,1889,1850,-39
24075.jpg,1889,1930,41
24080.jpg,1889,1890,1
24085.jpg,1889,1900,11
24090.jpg,1889,1922,33
24095.jpg,1889,1880,-9
24105.jpg,1889,1890,1
24110.jpg,1889,1900,11
24115.jpg,1889,1900,11
24120.jpg,1889,1900,11
24125.jpg,1889,1860,-29
24130.jpg,1889,1870,-19
24135.jpg,1889,19,-1870
24140.jpg,1889,1930,41
24145.jpg,1889,1910,21
24150.jpg,1889,1920,31
24155.jpg,1889,1950,61
24160.jpg,1889,1890,1
24165.jpg,1889,1882,-7
24170.jpg,1889,1870,-19
24175.jpg,1889,1880,-9
24180.jpg,1889,1850,-39
24185.jpg,1889,1920,31
24190.jpg,1889,1850,-39
24195.jpg,1889,1900,11
24200.jpg,1889,1900,11
24205.jpg,1889,1920,31
24210.jpg,1889,1875,-14
24215.jpg,1889,1850,-39
24220.jpg,1889,1890,1
24225.jpg,1889,1850,-39
24230.jpg,1889,1920,31
24235.jpg,1889,1890,1
24240.jpg,1889,1880,-9
24245.jpg,1889,1930,41
24250.jpg,1889,1880,-9
24255.jpg,1889,1860,-29
24260.jpg,1889,1930,41
24265.jpg,1889,1900,11
24270.jpg,1889,1870,-19
24275.jpg,1889,1880,-9
24280.jpg,1889,1900,11
24285.jpg,1889,1910,21
24290.jpg,1889,1890,1
24295.jpg,1889,1850,-39
24300.jpg,1889,1890,1
24310.jpg,1889,1880,-9
24315.jpg,1889,1880,-9
24320.jpg,1889,1650,-239
24330.jpg,1889,1850,-39
24335.jpg,1889,1950,61
24340.jpg,1889,1950,61
24345.jpg,1889,1900,11
24350.jpg,1889,1900,11
24355.jpg,1889,1895,6
24360.jpg,1889,1890,1
24365.jpg,1889,19,-1870
24370.jpg,1889,1880,-9
24375.jpg,1889,1920,31
24380.jpg,1889,1920,31
24385.jpg,1889,1880,-9
24390.jpg,1889,1890,1
24395.jpg,1890,1850,-40
24400.jpg,1890,1850,-40
24405.jpg,1890,1900,10
24410.jpg,1890,1920,30
24415.jpg,1890,1865,-25
24420.jpg,1890,1750,-140
24425.jpg,1890,1925,35
24430.jpg,1890,1900,10
24435.jpg,1890,1910,20
24440.jpg,1890,1915,25
24445.jpg,1890,1939,49
24450.jpg,1890,1900,10
24455.jpg,1890,1920,30
24460.jpg,1890,1850,-40
24465.jpg,1890,1890,0
24470.jpg,1890,1930,40
24475.jpg,1890,1880,-10
24480.jpg,1890,1925,35
24485.jpg,1890,1870,-20
24490.jpg,1890,1885,-5
24495.jpg,1890,1750,-140
24500.jpg,1890,1933,43
24505.jpg,1890,1850,-40
24510.jpg,1890,1880,-10
24515.jpg,1890,1850,-40
24520.jpg,1890,1900,10
24525.jpg,1890,1920,30
24535.jpg,1890,19,-1871
24540.jpg,1890,19,-1871
24545.jpg,1890,1950,60
24550.jpg,1890,19,-1871
24555.jpg,1890,1920,30
24560.jpg,1890,1900,10
24565.jpg,1890,1880,-10
24570.jpg,1890,1870,-20
24575.jpg,1890,1950,60
24580.jpg,1890,1890,0
24585.jpg,1890,1910,20
24590.jpg,1890,1870,-20
24595.jpg,1890,1850,-40
24600.jpg,1890,1890,0
24605.jpg,1890,1860,-30
24610.jpg,1890,1900,10
24615.jpg,1890,1850,-40
24620.jpg,1890,1850,-40
24625.jpg,1890,1890,0
24630.jpg,1890,1890,0
24635.jpg,1890,1880,-10
24640.jpg,1890,1850,-40
24645.jpg,1890,1890,0
24650.jpg,1890,1880,-10
24655.jpg,1890,1850,-40
24660.jpg,1890,1887,-3
24665.jpg,1890,1910,20
24670.jpg,1890,1920,30
24675.jpg,1890,1910,20
24680.jpg,1890,1900,10
24685.jpg,1890,1910,20
24690.jpg,1890,1900,10
24695.jpg,1890,1910,20
24700.jpg,1890,1870,-20
24705.jpg,1890,2000,110
24710.jpg,1890,1920,30
24715.jpg,1890,1900,10
24720.jpg,1890,1900,10
24725.jpg,1890,1900,10
24730.jpg,1890,1950,60
24735.jpg,1890,1950,60
24740.jpg,1890,1930,40
24745.jpg,1890,1850,-40
24750.jpg,1890,1940,50
24755.jpg,1890,1920,30
24760.jpg,1890,1890,0
24765.jpg,1890,1950,60
24770.jpg,1890,1900,10
24775.jpg,1891,1800,-91
24780.jpg,1891,1930,39
24785.jpg,1891,1906,15
24790.jpg,1891,1905,14
24795.jpg,1891,1920,29
24800.jpg,1891,1900,9
24805.jpg,1891,1900,9
24810.jpg,1891,1900,9
24815.jpg,1891,1900,9
24820.jpg,1891,1900,9
24825.jpg,1891,1900,9
24830.jpg,1891,1910,19
24835.jpg,1891,1850,-41
24840.jpg,1891,19,-1872
24845.jpg,1891,1870,-21
24850.jpg,1891,1900,9
24855.jpg,1891,1981,90
24860.jpg,1891,1850,-41
24865.jpg,1891,1890,-1
24870.jpg,1891,1900,9
24875.jpg,1891,1869,-22
24880.jpg,1891,1850,-41
24885.jpg,1891,1890,-1
24890.jpg,1891,1890,-1
24895.jpg,1891,1880,-11
24900.jpg,1891,1870,-21
24905.jpg,1891,1850,-41
24910.jpg,1891,1880,-11
24915.jpg,1891,1850,-41
24920.jpg,1891,1920,29
24925.jpg,1891,1885,-6
24930.jpg,1891,1950,59
24935.jpg,1891,1880,-11
24940.jpg,1891,1890,-1
24945.jpg,1891,1840,-51
24950.jpg,1891,1850,-41
24955.jpg,1891,1900,9
24960.jpg,1891,1900,9
24965.jpg,1891,1950,59
24970.jpg,1891,1890,-1
24975.jpg,1891,1890,-1
24980.jpg,1891,1900,9
24985.jpg,1891,1850,-41
24990.jpg,1891,1890,-1
24995.jpg,1891,1900,9
25000.jpg,1891,1890,-1
25005.jpg,1891,1880,-11
25010.jpg,1891,1850,-41
25015.jpg,1891,1890,-1
25020.jpg,1891,1890,-1
25025.jpg,1891,1920,29
25030.jpg,1891,1910,19
25035.jpg,1891,11,-1880
25040.jpg,1891,1890,-1
25045.jpg,1891,1890,-1
25050.jpg,1891,1910,19
25055.jpg,1891,1880,-11
25060.jpg,1891,1850,-41
25065.jpg,1891,1850,-41
25070.jpg,1891,1900,9
25075.jpg,1891,1930,39
25080.jpg,1891,1900,9
25085.jpg,1891,1895,4
25090.jpg,1891,1960,69
25095.jpg,1892,1914,22
25100.jpg,1892,2010,118
25105.jpg,1892,1990,98
25115.jpg,1892,1920,28
25120.jpg,1892,1850,-42
25125.jpg,1892,1900,8
25130.jpg,1892,1920,28
25135.jpg,1892,1900,8
25140.jpg,1892,1900,8
25145.jpg,1892,1910,18
25150.jpg,1892,1910,18
25155.jpg,1892,1890,-2
25160.jpg,1892,1900,8
25165.jpg,1892,1850,-42
25170.jpg,1892,1920,28
25175.jpg,1892,1910,18
25180.jpg,1892,1980,88
25185.jpg,1892,19,-1873
25190.jpg,1892,1850,-42
25195.jpg,1892,1900,8
25205.jpg,1892,1850,-42
25210.jpg,1892,1900,8
25215.jpg,1892,1890,-2
25220.jpg,1892,1895,3
25225.jpg,1892,1850,-42
25230.jpg,1892,1920,28
25235.jpg,1892,1890,-2
25240.jpg,1892,1895,3
25245.jpg,1892,1920,28
25250.jpg,1892,1900,8
25255.jpg,1892,1940,48
25260.jpg,1892,1900,8
25265.jpg,1892,1890,-2
25270.jpg,1892,1880,-12
25275.jpg,1892,1920,28
25280.jpg,1892,1910,18
25285.jpg,1892,1910,18
25290.jpg,1892,1880,-12
25295.jpg,1892,1900,8
25300.jpg,1892,1880,-12
25305.jpg,1892,1920,28
25310.jpg,1892,1900,8
25315.jpg,1892,1900,8
25320.jpg,1892,1910,18
25325.jpg,1892,1890,-2
25330.jpg,1892,1920,28
25335.jpg,1892,1880,-12
25340.jpg,1892,1870,-22
25345.jpg,1892,1920,28
25350.jpg,1892,1910,18
25355.jpg,1892,1900,8
25360.jpg,1892,1914,22
25365.jpg,1892,1890,-2
25370.jpg,1892,1930,38
25375.jpg,1892,1890,-2
25380.jpg,1892,1900,8
25385.jpg,1892,1880,-12
25390.jpg,1892,1850,-42
25395.jpg,1892,1910,18
25400.jpg,1892,1930,38
25405.jpg,1892,1900,8
25410.jpg,1892,1890,-2
25415.jpg,1892,1900,8
25420.jpg,1892,1890,-2
25425.jpg,1892,1900,8
25430.jpg,1892,1850,-42
25435.jpg,1892,1870,-22
25440.jpg,1892,1900,8
25445.jpg,1892,1850,-42
25450.jpg,1892,19,-1873
25455.jpg,1892,1900,8
25460.jpg,1892,1900,8
25465.jpg,1893,1650,-243
25470.jpg,1893,1850,-43
25475.jpg,1893,1900,7
25480.jpg,1893,1890,-3
25490.jpg,1893,1920,27
25495.jpg,1893,1890,-3
25500.jpg,1893,1890,-3
25505.jpg,1893,1907,14
25510.jpg,1893,1910,17
25515.jpg,1893,1900,7
25520.jpg,1893,1900,7
25525.jpg,1893,1920,27
25530.jpg,1893,1900,7
25535.jpg,1893,1910,17
25540.jpg,1893,1900,7
25545.jpg,1893,1850,-43
25555.jpg,1893,1910,17
25560.jpg,1893,1890,-3
25565.jpg,1893,1900,7
25570.jpg,1893,1900,7
25575.jpg,1893,1900,7
25580.jpg,1893,1930,37
25585.jpg,1893,1890,-3
25590.jpg,1893,1900,7
25595.jpg,1893,1830,-63
25600.jpg,1893,1920,27
25605.jpg,1893,1880,-13
25610.jpg,1893,1880,-13
25615.jpg,1893,1900,7
25620.jpg,1893,1750,-143
25625.jpg,1893,1880,-13
25630.jpg,1893,1905,12
25635.jpg,1893,1850,-43
25640.jpg,1893,1920,27
25645.jpg,1893,19,-1874
25650.jpg,1893,1920,27
25655.jpg,1893,1880,-13
25660.jpg,1893,1900,7
25665.jpg,1893,1880,-13
25670.jpg,1893,1880,-13
25675.jpg,1893,1890,-3
25680.jpg,1893,1900,7
25685.jpg,1893,1905,12
25690.jpg,1893,1950,57
25695.jpg,1893,1900,7
25700.jpg,1893,1920,27
25705.jpg,1893,1800,-93
25710.jpg,1893,1910,17
25715.jpg,1893,1920,27
25720.jpg,1893,1950,57
25725.jpg,1893,1900,7
25730.jpg,1893,1880,-13
25740.jpg,1893,1890,-3
25745.jpg,1893,1910,17
25750.jpg,1893,1900,7
25755.jpg,1893,1910,17
25760.jpg,1893,1900,7
25765.jpg,1893,1920,27
25770.jpg,1893,1910,17
25775.jpg,1893,1910,17
25780.jpg,1893,1870,-23
25785.jpg,1893,1910,17
25795.jpg,1893,1910,17
25800.jpg,1893,1880,-13
25805.jpg,1894,1869,-25
25810.jpg,1894,1850,-44
25815.jpg,1894,1800,-94
25820.jpg,1894,1880,-14
25825.jpg,1894,1920,26
25830.jpg,1894,1920,26
25835.jpg,1894,1910,16
25840.jpg,1894,1891,-3
25845.jpg,1894,1905,11
25850.jpg,1894,1890,-4
25855.jpg,1894,1900,6
25860.jpg,1894,1900,6
25865.jpg,1894,1860,-34
25870.jpg,1894,1850,-44
25875.jpg,1894,1850,-44
25880.jpg,1894,1902,8
25885.jpg,1894,19,-1875
25890.jpg,1894,1850,-44
25895.jpg,1894,1950,56
25900.jpg,1894,1850,-44
25905.jpg,1894,1880,-14
25910.jpg,1894,1920,26
25915.jpg,1894,1910,16
25920.jpg,1894,1880,-14
25925.jpg,1894,1890,-4
25930.jpg,1894,1920,26
25935.jpg,1894,1900,6
25940.jpg,1894,1890,-4
25945.jpg,1894,1900,6
25950.jpg,1894,1900,6
25955.jpg,1894,1890,-4
25960.jpg,1894,1900,6
25965.jpg,1894,1880,-14
25970.jpg,1894,1900,6
25975.jpg,1894,1895,1
25980.jpg,1894,1920,26
25985.jpg,1894,1880,-14
25990.jpg,1894,2000,106
25995.jpg,1894,1910,16
26000.jpg,1894,1910,16
26005.jpg,1894,1890,-4
26010.jpg,1894,1900,6
26015.jpg,1894,1890,-4
26020.jpg,1894,1990,96
26025.jpg,1894,1920,26
26030.jpg,1894,1890,-4
26035.jpg,1894,1900,6
26040.jpg,1894,1880,-14
26045.jpg,1894,1870,-24
26050.jpg,1894,1890,-4
26055.jpg,1894,1900,6
26060.jpg,1894,1950,56
26065.jpg,1894,1905,11
26070.jpg,1894,1920,26
26075.jpg,1894,1895,1
26085.jpg,1894,1890,-4
26090.jpg,1894,1920,26
26095.jpg,1894,1950,56
26100.jpg,1894,1890,-4
26105.jpg,1894,1900,6
26110.jpg,1894,1910,16
26115.jpg,1894,1450,-444
26120.jpg,1894,1930,36
26125.jpg,1895,1910,15
26130.jpg,1895,2005,110
26135.jpg,1895,1900,5
26140.jpg,1895,1910,15
26145.jpg,1895,1900,5
26150.jpg,1895,1895,0
26155.jpg,1895,1850,-45
26160.jpg,1895,1878,-17
26165.jpg,1895,1930,35
26170.jpg,1895,1890,-5
26175.jpg,1895,1910,15
26180.jpg,1895,2010,115
26185.jpg,1895,1900,5
26190.jpg,1895,1900,5
26195.jpg,1895,1850,-45
26200.jpg,1895,1920,25
26205.jpg,1895,1850,-45
26210.jpg,1895,1940,45
26215.jpg,1895,1879,-16
26220.jpg,1895,1850,-45
26225.jpg,1895,19,-1876
26230.jpg,1895,1870,-25
26235.jpg,1895,1920,25
26240.jpg,1895,1930,35
26245.jpg,1895,1800,-95
26250.jpg,1895,1910,15
26255.jpg,1895,1920,25
26260.jpg,1895,1900,5
26265.jpg,1895,1880,-15
26270.jpg,1895,1850,-45
26275.jpg,1895,1880,-15
26280.jpg,1895,1880,-15
26285.jpg,1895,1880,-15
26290.jpg,1895,1850,-45
26295.jpg,1895,1890,-5
26300.jpg,1895,1900,5
26305.jpg,1895,1920,25
26310.jpg,1895,1890,-5
26315.jpg,1895,1875,-20
26320.jpg,1895,1880,-15
26325.jpg,1895,1880,-15
26330.jpg,1895,1790,-105
26335.jpg,1895,1900,5
26340.jpg,1895,1900,5
26345.jpg,1895,19,-1876
26350.jpg,1895,1910,15
26355.jpg,1895,1900,5
26360.jpg,1895,1890,-5
26365.jpg,1895,1900,5
26370.jpg,1895,1890,-5
26375.jpg,1895,1890,-5
26380.jpg,1895,1900,5
26385.jpg,1895,1800,-95
26390.jpg,1895,1900,5
26395.jpg,1895,1850,-45
26405.jpg,1895,1920,25
26410.jpg,1895,1910,15
26415.jpg,1895,1880,-15
26420.jpg,1895,1890,-5
26425.jpg,1895,1870,-25
26430.jpg,1895,1929,34
26435.jpg,1895,1890,-5
26440.jpg,1895,1950,55
26445.jpg,1895,1900,5
26450.jpg,1895,1910,15
26455.jpg,1895,1905,10
26460.jpg,1895,1888,-7
26465.jpg,1895,1910,15
26470.jpg,1895,1900,5
26475.jpg,1895,1900,5
26480.jpg,1895,1670,-225
26485.jpg,1895,1850,-45
26490.jpg,1896,1900,4
26495.jpg,1896,1925,29
26500.jpg,1896,1900,4
26505.jpg,1896,1890,-6
26510.jpg,1896,1900,4
26515.jpg,1896,1850,-46
26520.jpg,1896,1850,-46
26525.jpg,1896,1900,4
26530.jpg,1896,1950,54
26535.jpg,1896,1950,54
26540.jpg,1896,1900,4
26545.jpg,1896,1850,-46
26550.jpg,1896,1920,24
26555.jpg,1896,1950,54
26560.jpg,1896,1820,-76
26565.jpg,1896,1910,14
26570.jpg,1896,1920,24
26575.jpg,1896,19,-1877
26580.jpg,1896,1900,4
26585.jpg,1896,1910,14
26590.jpg,1896,1880,-16
26595.jpg,1896,1930,34
26600.jpg,1896,1900,4
26605.jpg,1896,1900,4
26610.jpg,1896,1900,4
26620.jpg,1896,1880,-16
26625.jpg,1896,1850,-46
26630.jpg,1896,1890,-6
26635.jpg,1896,1920,24
26640.jpg,1896,1885,-11
26645.jpg,1896,1900,4
26650.jpg,1896,1880,-16
26655.jpg,1896,1920,24
26665.jpg,1896,1890,-6
26670.jpg,1896,1920,24
26675.jpg,1896,1850,-46
26680.jpg,1896,1900,4
26685.jpg,1896,1890,-6
26690.jpg,1896,1930,34
26695.jpg,1896,1920,24
26700.jpg,1896,1910,14
26705.jpg,1896,1890,-6
26710.jpg,1896,1860,-36
26715.jpg,1896,1890,-6
26720.jpg,1896,1850,-46
26725.jpg,1896,1900,4
26730.jpg,1896,1890,-6
26735.jpg,1896,1850,-46
26740.jpg,1896,1500,-396
26745.jpg,1896,1850,-46
26750.jpg,1896,1890,-6
26760.jpg,1896,2021,125
26765.jpg,1896,1920,24
26770.jpg,1896,1910,14
26775.jpg,1896,1920,24
26780.jpg,1896,1890,-6
26785.jpg,1896,1870,-26
26790.jpg,1896,1700,-196
26795.jpg,1896,1900,4
26800.jpg,1896,1980,84
26805.jpg,1896,1900,4
26810.jpg,1896,1850,-46
26815.jpg,1896,1930,34
26820.jpg,1896,1890,-6
26825.jpg,1896,1930,34
26830.jpg,1896,1900,4
26835.jpg,1896,1890,-6
26840.jpg,1896,2000,104
26845.jpg,1897,1930,33
26850.jpg,1897,1912,15
26855.jpg,1897,1900,3
26860.jpg,1897,1850,-47
26865.jpg,1897,1920,23
26870.jpg,1897,1870,-27
26875.jpg,1897,1900,3
26880.jpg,1897,1920,23
26885.jpg,1897,1900,3
26890.jpg,1897,1850,-47
26895.jpg,1897,1890,-7
26900.jpg,1897,1900,3
26910.jpg,1897,1870,-27
26915.jpg,1897,1910,13
26920.jpg,1897,1850,-47
26925.jpg,1897,1950,53
26930.jpg,1897,1890,-7
26935.jpg,1897,1920,23
26940.jpg,1897,1920,23
26945.jpg,1897,1900,3
26950.jpg,1897,1890,-7
26955.jpg,1897,1450,-447
26960.jpg,1897,1895,-2
26965.jpg,1897,1920,23
26970.jpg,1897,1750,-147
26975.jpg,1897,19,-1878
26980.jpg,1897,1950,53
26985.jpg,1897,1920,23
26990.jpg,1897,1913,16
26995.jpg,1897,1890,-7
27000.jpg,1897,1920,23
27005.jpg,1897,1890,-7
27010.jpg,1897,1900,3
27015.jpg,1897,1900,3
27020.jpg,1897,1850,-47
27025.jpg,1897,1900,3
27030.jpg,1897,1920,23
27035.jpg,1897,1750,-147
27040.jpg,1897,1900,3
27045.jpg,1897,1900,3
27050.jpg,1897,1920,23
27055.jpg,1897,1895,-2
27060.jpg,1897,1950,53
27065.jpg,1897,1880,-17
27070.jpg,1897,1910,13
27075.jpg,1897,1900,3
27080.jpg,1897,1900,3
27085.jpg,1897,1900,3
27090.jpg,1897,1920,23
27095.jpg,1897,1910,13
27100.jpg,1897,19,-1878
27105.jpg,1897,1910,13
27110.jpg,1897,1900,3
27115.jpg,1897,1929,32
27120.jpg,1897,1838,-59
27125.jpg,1897,1888,-9
27130.jpg,1897,2004,107
27135.jpg,1897,1900,3
27140.jpg,1897,1900,3
27145.jpg,1897,1902,5
27150.jpg,1897,1750,-147
27155.jpg,1898,1890,-8
27160.jpg,1898,1914,16
27165.jpg,1898,1900,2
27170.jpg,1898,1890,-8
27175.jpg,1898,1890,-8
27180.jpg,1898,1900,2
27185.jpg,1898,1920,22
27190.jpg,1898,1900,2
27195.jpg,1898,20,-1878
27200.jpg,1898,2000,102
27205.jpg,1898,1904,6
27210.jpg,1898,1880,-18
27215.jpg,1898,1912,14
27220.jpg,1898,1930,32
27225.jpg,1898,1910,12
27230.jpg,1898,1900,2
27235.jpg,1898,1920,22
27240.jpg,1898,1850,-48
27245.jpg,1898,1850,-48
27255.jpg,1898,1900,2
27260.jpg,1898,1850,-48
27265.jpg,1898,1910,12
27270.jpg,1898,1905,7
27275.jpg,1898,1920,22
27280.jpg,1898,1920,22
27285.jpg,1898,1880,-18
27290.jpg,1898,1870,-28
27295.jpg,1898,1890,-8
27300.jpg,1898,1850,-48
27305.jpg,1898,1920,22
27310.jpg,1898,1920,22
27315.jpg,1898,1885,-13
27320.jpg,1898,1890,-8
27325.jpg,1898,1900,2
27330.jpg,1898,1880,-18
27335.jpg,1898,1900,2
27340.jpg,1898,1900,2
27345.jpg,1898,1850,-48
27350.jpg,1898,1900,2
27355.jpg,1898,1890,-8
27360.jpg,1898,1920,22
27365.jpg,1898,19,-1879
27370.jpg,1898,1890,-8
27380.jpg,1898,1890,-8
27385.jpg,1898,1850,-48
27390.jpg,1898,1900,2
27395.jpg,1898,1900,2
27400.jpg,1898,1880,-18
27405.jpg,1898,1850,-48
27410.jpg,1898,1890,-8
27415.jpg,1898,1940,42
27420.jpg,1898,1900,2
27425.jpg,1898,1900,2
27430.jpg,1898,1902,4
27435.jpg,1898,1900,2
27440.jpg,1898,1900,2
27445.jpg,1898,1920,22
27450.jpg,1898,1920,22
27455.jpg,1898,1960,62
27465.jpg,1898,1910,12
27470.jpg,1898,1900,2
27475.jpg,1898,1911,13
27480.jpg,1898,1916,18
27485.jpg,1898,1900,2
27490.jpg,1898,1850,-48
27495.jpg,1898,1880,-18
27500.jpg,1898,1890,-8
27505.jpg,1898,1900,2
27510.jpg,1898,1890,-8
27515.jpg,1898,19,-1879
27520.jpg,1898,1850,-48
27525.jpg,1898,1985,87
27530.jpg,1898,1910,12
27540.jpg,1899,1906,7
27545.jpg,1899,1950,51
27550.jpg,1899,1880,-19
27555.jpg,1899,1860,-39
27560.jpg,1899,1900,1
27565.jpg,1899,1910,11
27570.jpg,1899,1900,1
27575.jpg,1899,1900,1
27580.jpg,1899,1850,-49
27585.jpg,1899,1910,11
27590.jpg,1899,1900,1
27595.jpg,1899,1900,1
27600.jpg,1899,1950,51
27605.jpg,1899,1900,1
27610.jpg,1899,1915,16
27615.jpg,1899,1920,21
27620.jpg,1899,1470,-429
27625.jpg,1899,1850,-49
27630.jpg,1899,1920,21
27635.jpg,1899,1900,1
27640.jpg,1899,1880,-19
27645.jpg,1899,1920,21
27650.jpg,1899,1900,1
27655.jpg,1899,1925,26
27660.jpg,1899,1904,5
27665.jpg,1899,1890,-9
27670.jpg,1899,1900,1
27675.jpg,1899,1890,-9
27680.jpg,1899,1550,-349
27685.jpg,1899,1910,11
27690.jpg,1899,1850,-49
27695.jpg,1899,1920,21
27700.jpg,1899,1890,-9
27705.jpg,1899,1870,-29
27715.jpg,1899,1920,21
27720.jpg,1899,1910,11
27725.jpg,1899,1900,1
27730.jpg,1899,1888,-11
27735.jpg,1899,1900,1
27740.jpg,1899,1899,0
27745.jpg,1899,1910,11
27750.jpg,1899,1875,-24
27755.jpg,1899,1890,-9
27760.jpg,1899,1900,1
27765.jpg,1899,1920,21
27770.jpg,1899,1820,-79
27775.jpg,1899,1850,-49
27780.jpg,1899,1900,1
27785.jpg,1899,1900,1
27790.jpg,1899,1890,-9
27795.jpg,1899,1450,-449
27800.jpg,1899,1850,-49
27805.jpg,1899,1890,-9
27810.jpg,1900,1500,-400
27815.jpg,1900,1900,0
27820.jpg,1900,1900,0
27825.jpg,1900,1910,10
27830.jpg,1900,1900,0
27835.jpg,1900,1950,50
27840.jpg,1900,1920,20
27845.jpg,1900,1850,-50
27850.jpg,1900,1850,-50
27855.jpg,1900,1900,0
27860.jpg,1900,1900,0
27865.jpg,1900,1888,-12
27870.jpg,1900,1890,-10
27875.jpg,1900,1910,10
27880.jpg,1900,1910,10
27885.jpg,1900,1850,-50
27895.jpg,1900,1930,30
27900.jpg,1900,1920,20
27905.jpg,1900,1850,-50
27910.jpg,1900,1850,-50
27915.jpg,1900,1850,-50
27920.jpg,1900,1918,18
27925.jpg,1900,1950,50
27930.jpg,1900,2021,121
27935.jpg,1900,1950,50
27940.jpg,1900,1850,-50
27945.jpg,1900,1900,0
27950.jpg,1900,1950,50
27955.jpg,1900,1920,20
27960.jpg,1900,1880,-20
27965.jpg,1900,1960,60
27970.jpg,1900,1880,-20
27975.jpg,1900,1890,-10
27980.jpg,1900,1900,0
27985.jpg,1900,1930,30
27990.jpg,1900,1920,20
27995.jpg,1900,1930,30
28000.jpg,1900,1920,20
28005.jpg,1900,1920,20
28010.jpg,1900,1890,-10
28015.jpg,1900,1840,-60
28020.jpg,1900,1890,-10
28025.jpg,1900,1900,0
28030.jpg,1900,1890,-10
28035.jpg,1900,1850,-50
28040.jpg,1900,1900,0
28045.jpg,1900,1900,0
28050.jpg,1900,1850,-50
28055.jpg,1900,1930,30
28060.jpg,1900,1890,-10
28065.jpg,1900,1900,0
28070.jpg,1900,1880,-20
28075.jpg,1900,1900,0
28080.jpg,1900,1900,0
28085.jpg,1900,1950,50
28090.jpg,1900,1900,0
28095.jpg,1900,1820,-80
28100.jpg,1900,1920,20
28105.jpg,1900,1930,30
28110.jpg,1900,1900,0
28115.jpg,1900,1880,-20
28120.jpg,1900,1875,-25
28125.jpg,1900,1880,-20
28130.jpg,1900,1900,0
28135.jpg,1900,1910,10
28140.jpg,1900,1890,-10
28145.jpg,1900,1450,-450
28150.jpg,1900,1950,50
28155.jpg,1900,1880,-20
28160.jpg,1900,1920,20
28165.jpg,1900,1930,30
28170.jpg,1900,1875,-25
28175.jpg,1900,1850,-50
28180.jpg,1901,1850,-51
28185.jpg,1901,1920,19
28190.jpg,1901,1910,9
28195.jpg,1901,1900,-1
28200.jpg,1901,1920,19
28205.jpg,1901,1840,-61
28210.jpg,1901,1890,-11
28215.jpg,1901,1920,19
28220.jpg,1901,1900,-1
28225.jpg,1901,1910,9
28230.jpg,1901,1912,11
28235.jpg,1901,1920,19
28240.jpg,1901,1900,-1
28245.jpg,1901,1918,17
28250.jpg,1901,1920,19
28255.jpg,1901,1850,-51
28260.jpg,1901,1920,19
28265.jpg,1901,1910,9
28270.jpg,1901,1920,19
28275.jpg,1901,1850,-51
28280.jpg,1901,1920,19
28285.jpg,1901,1850,-51
28290.jpg,1901,1850,-51
28295.jpg,1901,1895,-6
28300.jpg,1901,1850,-51
28305.jpg,1901,1950,49
28310.jpg,1901,1890,-11
28315.jpg,1901,1910,9
28320.jpg,1901,1890,-11
28325.jpg,1901,1900,-1
28330.jpg,1901,1900,-1
28335.jpg,1901,1920,19
28340.jpg,1901,1910,9
28345.jpg,1901,1900,-1
28350.jpg,1901,1960,59
28355.jpg,1901,1900,-1
28360.jpg,1901,1930,29
28365.jpg,1901,1870,-31
28370.jpg,1901,1900,-1
28375.jpg,1901,1910,9
28380.jpg,1901,1900,-1
28385.jpg,1901,1893,-8
28390.jpg,1901,1920,19
28395.jpg,1901,1900,-1
28400.jpg,1901,1870,-31
28405.jpg,1901,1950,49
28410.jpg,1901,1850,-51
28415.jpg,1901,1870,-31
28420.jpg,1901,1890,-11
28425.jpg,1901,1930,29
28430.jpg,1901,1910,9
28435.jpg,1901,1900,-1
28440.jpg,1901,1905,4
28445.jpg,1901,1950,49
28450.jpg,1901,1920,19
28455.jpg,1901,1780,-121
28460.jpg,1901,1910,9
28465.jpg,1901,1900,-1
28470.jpg,1901,1890,-11
28475.jpg,1901,1900,-1
28480.jpg,1901,1920,19
28485.jpg,1901,1910,9
28490.jpg,1901,1920,19
28495.jpg,1901,1960,59
28500.jpg,1901,1900,-1
28505.jpg,1901,1930,29
28510.jpg,1901,1917,16
28515.jpg,1901,1850,-51
28520.jpg,1902,1907,5
28525.jpg,1902,1900,-2
28530.jpg,1902,1900,-2
28535.jpg,1902,1880,-22
28540.jpg,1902,1935,33
28545.jpg,1902,1960,58
28550.jpg,1902,1950,48
28555.jpg,1902,1890,-12
28560.jpg,1902,1910,8
28575.jpg,1902,1930,28
28580.jpg,1902,1903,1
28585.jpg,1902,1880,-22
28590.jpg,1902,1910,8
28595.jpg,1902,1900,-2
28600.jpg,1902,1920,18
28605.jpg,1902,1910,8
28610.jpg,1902,1920,18
28615.jpg,1902,1900,-2
28620.jpg,1902,1950,48
28625.jpg,1902,1890,-12
28630.jpg,1902,1900,-2
28635.jpg,1902,1920,18
28640.jpg,1902,1880,-22
28645.jpg,1902,1850,-52
28650.jpg,1902,1830,-72
28655.jpg,1902,1750,-152
28660.jpg,1902,1870,-32
28665.jpg,1902,1850,-52
28670.jpg,1902,1870,-32
28675.jpg,1902,1940,38
28680.jpg,1902,1700,-202
28685.jpg,1902,1900,-2
28690.jpg,1902,1900,-2
28695.jpg,1902,1910,8
28700.jpg,1902,1920,18
28705.jpg,1902,1900,-2
28710.jpg,1902,1880,-22
28715.jpg,1902,1900,-2
28720.jpg,1902,1900,-2
28725.jpg,1902,1900,-2
28730.jpg,1902,1920,18
28735.jpg,1902,1890,-12
28740.jpg,1902,1900,-2
28745.jpg,1902,1925,23
28750.jpg,1902,1890,-12
28755.jpg,1902,1880,-22
28760.jpg,1902,1910,8
28765.jpg,1902,1850,-52
28770.jpg,1902,1890,-12
28775.jpg,1902,1900,-2
28780.jpg,1902,1890,-12
28785.jpg,1902,1920,18
28790.jpg,1902,1900,-2
28795.jpg,1902,1900,-2
28800.jpg,1902,1900,-2
28805.jpg,1902,1950,48
28810.jpg,1902,1850,-52
28815.jpg,1902,1910,8
28820.jpg,1902,1900,-2
28825.jpg,1902,1880,-22
28830.jpg,1902,1850,-52
28835.jpg,1902,1900,-2
28840.jpg,1902,1930,28
28845.jpg,1902,1850,-52
28850.jpg,1902,1910,8
28855.jpg,1902,1900,-2
28860.jpg,1902,1900,-2
28865.jpg,1902,1890,-12
28870.jpg,1902,1920,18
28875.jpg,1902,1908,6
28880.jpg,1902,1920,18
28885.jpg,1902,1750,-152
28890.jpg,1902,1870,-32
28895.jpg,1902,1900,-2
28900.jpg,1902,1920,18
28905.jpg,1902,1900,-2
28910.jpg,1902,1929,27
28915.jpg,1902,1910,8
28920.jpg,1903,1450,-453
28925.jpg,1903,1920,17
28930.jpg,1903,1900,-3
28935.jpg,1903,1900,-3
28940.jpg,1903,1920,17
28945.jpg,1903,1900,-3
28955.jpg,1903,1920,17
28960.jpg,1903,1900,-3
28965.jpg,1903,1900,-3
28970.jpg,1903,1910,7
28975.jpg,1903,1850,-53
28980.jpg,1903,1900,-3
28985.jpg,1903,1910,7
28990.jpg,1903,1910,7
28995.jpg,1903,1971,68
29000.jpg,1903,1930,27
29005.jpg,1903,1900,-3
29010.jpg,1903,1900,-3
29015.jpg,1903,1920,17
29020.jpg,1903,1900,-3
29025.jpg,1903,1880,-23
29030.jpg,1903,1920,17
29035.jpg,1903,1930,27
29040.jpg,1903,1910,7
29045.jpg,1903,1920,17
29050.jpg,1903,2110,207
29055.jpg,1903,1900,-3
29060.jpg,1903,1900,-3
29065.jpg,1903,1900,-3
29070.jpg,1903,1910,7
29075.jpg,1903,1950,47
29080.jpg,1903,1960,57
29085.jpg,1903,1838,-65
29090.jpg,1903,1900,-3
29095.jpg,1903,1920,17
29100.jpg,1903,1970,67
29105.jpg,1903,1980,77
29110.jpg,1903,1950,47
29115.jpg,1903,1900,-3
29120.jpg,1903,19,-1884
29125.jpg,1903,1920,17
29130.jpg,1903,1900,-3
29135.jpg,1903,1900,-3
29140.jpg,1903,1910,7
29145.jpg,1903,1935,32
29150.jpg,1903,1910,7
29155.jpg,1903,1920,17
29160.jpg,1903,1890,-13
29165.jpg,1903,1880,-23
29170.jpg,1903,1920,17
29175.jpg,1903,1890,-13
29180.jpg,1903,1930,27
29185.jpg,1903,1940,37
29190.jpg,1903,1920,17
29195.jpg,1903,1850,-53
29200.jpg,1903,1900,-3
29205.jpg,1903,1910,7
29210.jpg,1903,1750,-153
29215.jpg,1903,1900,-3
29220.jpg,1903,1920,17
29225.jpg,1903,1880,-23
29230.jpg,1903,1890,-13
29235.jpg,1903,1915,12
29240.jpg,1903,1950,47
29245.jpg,1903,1890,-13
29250.jpg,1903,1910,7
29255.jpg,1903,1900,-3
29260.jpg,1903,1920,17
29265.jpg,1903,1960,57
29270.jpg,1903,1890,-13
29275.jpg,1903,1920,17
29280.jpg,1903,1900,-3
29285.jpg,1903,1880,-23
29290.jpg,1903,1930,27
29295.jpg,1903,19,-1884
29300.jpg,1903,1990,87
29305.jpg,1903,1880,-23
29310.jpg,1903,1920,17
29315.jpg,1903,1930,27
29320.jpg,1903,1920,17
29325.jpg,1903,1950,47
29330.jpg,1903,1950,47
29335.jpg,1903,1920,17
29340.jpg,1903,1880,-23
29345.jpg,1903,1915,12
29350.jpg,1903,1950,47
29355.jpg,1903,1900,-3
29360.jpg,1903,1910,7
29365.jpg,1903,1990,87
29370.jpg,1903,1920,17
29375.jpg,1903,1900,-3
29380.jpg,1904,1550,-354
29385.jpg,1904,1902,-2
29390.jpg,1904,1890,-14
29395.jpg,1904,2000,96
29400.jpg,1904,1850,-54
29405.jpg,1904,1920,16
29410.jpg,1904,1950,46
29415.jpg,1904,1920,16
29420.jpg,1904,1880,-24
29425.jpg,1904,1950,46
29430.jpg,1904,1903,-1
29435.jpg,1904,1850,-54
29440.jpg,1904,1900,-4
29445.jpg,1904,1930,26
29450.jpg,1904,1940,36
29455.jpg,1904,1910,6
29460.jpg,1904,1900,-4
29465.jpg,1904,1910,6
29470.jpg,1904,2000,96
29475.jpg,1904,1905,1
29480.jpg,1904,2009,105
29485.jpg,1904,1905,1
29490.jpg,1904,1910,6
29495.jpg,1904,1,-1903
29500.jpg,1904,1990,86
29505.jpg,1904,1850,-54
29510.jpg,1904,1900,-4
29515.jpg,1904,1920,16
29520.jpg,1904,1920,16
29525.jpg,1904,1910,6
29530.jpg,1904,1880,-24
29535.jpg,1904,1900,-4
29540.jpg,1904,1920,16
29550.jpg,1904,1850,-54
29555.jpg,1904,1950,46
29560.jpg,1904,1920,16
29565.jpg,1904,1893,-11
29570.jpg,1904,1900,-4
29575.jpg,1904,1950,46
29580.jpg,1904,1850,-54
29585.jpg,1904,1930,26
29590.jpg,1904,1920,16
29595.jpg,1904,1850,-54
29600.jpg,1904,1900,-4
29605.jpg,1904,1850,-54
29610.jpg,1904,1880,-24
29615.jpg,1904,1920,16
29620.jpg,1904,1920,16
29625.jpg,1904,1870,-34
29630.jpg,1904,1900,-4
29635.jpg,1904,1550,-354
29640.jpg,1904,1900,-4
29645.jpg,1904,1880,-24
29650.jpg,1904,1890,-14
29655.jpg,1904,1920,16
29660.jpg,1904,1930,26
29665.jpg,1904,1940,36
29670.jpg,1904,1910,6
29675.jpg,1904,1930,26
29680.jpg,1904,1890,-14
29685.jpg,1904,1890,-14
29690.jpg,1904,1950,46
29695.jpg,1904,1920,16
29700.jpg,1904,1930,26
29705.jpg,1904,1880,-24
29710.jpg,1904,1880,-24
29715.jpg,1904,1930,26
29720.jpg,1904,1950,46
29725.jpg,1904,1950,46
29730.jpg,1904,1880,-24
29735.jpg,1904,1850,-54
29740.jpg,1904,1920,16
29745.jpg,1904,1940,36
29750.jpg,1904,1920,16
29755.jpg,1904,1880,-24
29760.jpg,1904,1950,46
29765.jpg,1904,1900,-4
29770.jpg,1904,1920,16
29775.jpg,1904,1980,76
29780.jpg,1904,1904,0
29790.jpg,1904,1900,-4
29795.jpg,1904,1880,-24
29800.jpg,1904,1880,-24
29805.jpg,1904,1850,-54
29810.jpg,1904,1920,16
29815.jpg,1904,1890,-14
29820.jpg,1904,1905,1
29825.jpg,1904,1920,16
29830.jpg,1905,1880,-25
29835.jpg,1905,1920,15
29840.jpg,1905,1914,9
29845.jpg,1905,1900,-5
29850.jpg,1905,2000,95
29855.jpg,1905,1910,5
29860.jpg,1905,2000,95
29865.jpg,1905,1920,15
29870.jpg,1905,1850,-55
29875.jpg,1905,1930,25
29880.jpg,1905,1880,-25
29885.jpg,1905,1930,25
29890.jpg,1905,1900,-5
29895.jpg,1905,1910,5
29900.jpg,1905,1920,15
29905.jpg,1905,1920,15
29910.jpg,1905,1910,5
29915.jpg,1905,1900,-5
29920.jpg,1905,1910,5
29925.jpg,1905,1890,-15
29930.jpg,1905,1900,-5
29935.jpg,1905,1920,15
29940.jpg,1905,1900,-5
29945.jpg,1905,1910,5
29950.jpg,1905,1920,15
29960.jpg,1905,1930,25
29965.jpg,1905,1920,15
29970.jpg,1905,1900,-5
29975.jpg,1905,1900,-5
29980.jpg,1905,1950,45
29985.jpg,1905,1890,-15
29990.jpg,1905,1910,5
29995.jpg,1905,1900,-5
30000.jpg,1905,1880,-25
30005.jpg,1905,1900,-5
30015.jpg,1905,1890,-15
30020.jpg,1905,1850,-55
30025.jpg,1905,1880,-25
30030.jpg,1905,1880,-25
30035.jpg,1905,1950,45
30040.jpg,1905,1950,45
30045.jpg,1905,1550,-355
30050.jpg,1905,1900,-5
30055.jpg,1905,1930,25
30060.jpg,1905,1870,-35
30065.jpg,1905,1900,-5
30070.jpg,1905,1910,5
30075.jpg,1905,1910,5
30080.jpg,1905,1910,5
30085.jpg,1905,1950,45
30090.jpg,1905,1880,-25
30095.jpg,1905,1900,-5
30100.jpg,1905,1750,-155
30105.jpg,1905,1880,-25
30110.jpg,1905,1930,25
30115.jpg,1905,1820,-85
30120.jpg,1905,1900,-5
30125.jpg,1905,1890,-15
30130.jpg,1905,1700,-205
30135.jpg,1905,1920,15
30140.jpg,1905,1910,5
30145.jpg,1905,1790,-115
30155.jpg,1905,1890,-15
30160.jpg,1905,1950,45
30165.jpg,1905,1850,-55
30170.jpg,1905,1900,-5
30175.jpg,1905,1928,23
30180.jpg,1905,1900,-5
30185.jpg,1905,1920,15
30190.jpg,1905,1910,5
30195.jpg,1905,1830,-75
30200.jpg,1905,2010,105
30205.jpg,1905,1980,75
30210.jpg,1905,1654,-251
30215.jpg,1905,1890,-15
30220.jpg,1905,1900,-5
30225.jpg,1905,1880,-25
30230.jpg,1905,1950,45
30235.jpg,1905,1890,-15
30240.jpg,1905,1925,20
30245.jpg,1905,1920,15
30250.jpg,1905,1920,15
30255.jpg,1905,1930,25
30260.jpg,1905,1880,-25
30265.jpg,1905,1850,-55
30270.jpg,1905,1930,25
30275.jpg,1905,1920,15
30280.jpg,1905,1900,-5
30285.jpg,1905,1910,5
30290.jpg,1905,1850,-55
30295.jpg,1906,1890,-16
30300.jpg,1906,1905,-1
30305.jpg,1906,1930,24
30310.jpg,1906,1900,-6
30315.jpg,1906,1960,54
30320.jpg,1906,1950,44
30325.jpg,1906,2020,114
30330.jpg,1906,1850,-56
30335.jpg,1906,1850,-56
30340.jpg,1906,1935,29
30345.jpg,1906,1935,29
30350.jpg,1906,1940,34
30355.jpg,1906,1900,-6
30360.jpg,1906,1905,-1
30365.jpg,1906,1920,14
30370.jpg,1906,1950,44
30375.jpg,1906,1920,14
30380.jpg,1906,1915,9
30385.jpg,1906,1850,-56
30390.jpg,1906,1920,14
30395.jpg,1906,1900,-6
30400.jpg,1906,20,-1886
30405.jpg,1906,1905,-1
30410.jpg,1906,1910,4
30415.jpg,1906,1940,34
30420.jpg,1906,1950,44
30425.jpg,1906,1930,24
30430.jpg,1906,1870,-36
30435.jpg,1906,1910,4
30440.jpg,1906,1970,64
30445.jpg,1906,1836,-70
30450.jpg,1906,1890,-16
30455.jpg,1906,1900,-6
30460.jpg,1906,1920,14
30465.jpg,1906,1900,-6
30470.jpg,1906,1820,-86
30475.jpg,1906,1890,-16
30480.jpg,1906,1915,9
30485.jpg,1906,1900,-6
30490.jpg,1906,1830,-76
30495.jpg,1906,1880,-26
30500.jpg,1906,1950,44
30505.jpg,1906,1890,-16
30510.jpg,1906,1900,-6
30515.jpg,1906,1930,24
30520.jpg,1906,1930,24
30525.jpg,1906,1910,4
30530.jpg,1906,1900,-6
30535.jpg,1906,1870,-36
30540.jpg,1906,1820,-86
30545.jpg,1906,1927,21
30550.jpg,1906,1750,-156
30555.jpg,1906,1920,14
30560.jpg,1906,1900,-6
30565.jpg,1906,1900,-6
30570.jpg,1906,1910,4
30575.jpg,1906,1950,44
30580.jpg,1906,19,-1887
30585.jpg,1906,1910,4
30590.jpg,1906,1950,44
30595.jpg,1906,1920,14
30600.jpg,1906,1890,-16
30605.jpg,1906,1930,24
30610.jpg,1906,1880,-26
30615.jpg,1906,1920,14
30620.jpg,1906,1890,-16
30625.jpg,1906,1890,-16
30630.jpg,1906,1900,-6
30635.jpg,1906,1920,14
30640.jpg,1906,1900,-6
30645.jpg,1906,1920,14
30650.jpg,1906,1909,3
30655.jpg,1906,1890,-16
30665.jpg,1906,1910,4
30670.jpg,1906,1920,14
30685.jpg,1906,1900,-6
30690.jpg,1906,1930,24
30695.jpg,1906,1910,4
30700.jpg,1906,1910,4
30705.jpg,1906,1920,14
30710.jpg,1906,1930,24
30715.jpg,1906,1970,64
30720.jpg,1906,1930,24
30725.jpg,1906,1920,14
30730.jpg,1906,1840,-66
30740.jpg,1906,1900,-6
30745.jpg,1906,1850,-56
30750.jpg,1906,1850,-56
30760.jpg,1907,1906,-1
30765.jpg,1907,1920,13
30770.jpg,1907,1920,13
30780.jpg,1907,1980,73
30785.jpg,1907,1930,23
30790.jpg,1907,2000,93
30795.jpg,1907,1890,-17
30800.jpg,1907,1920,13
30805.jpg,1907,1900,-7
30810.jpg,1907,1920,13
30815.jpg,1907,1920,13
30820.jpg,1907,1920,13
30825.jpg,1907,1905,-2
30830.jpg,1907,1910,3
30835.jpg,1907,1900,-7
30840.jpg,1907,1910,3
30845.jpg,1907,1910,3
30855.jpg,1907,1900,-7
30860.jpg,1907,1920,13
30865.jpg,1907,1910,3
30870.jpg,1907,1910,3
30875.jpg,1907,1900,-7
30880.jpg,1907,1900,-7
30885.jpg,1907,1850,-57
30895.jpg,1907,1910,3
30900.jpg,1907,1910,3
30905.jpg,1907,1910,3
30910.jpg,1907,1980,73
30915.jpg,1907,1950,43
30920.jpg,1907,1970,63
30925.jpg,1907,1950,43
30930.jpg,1907,1850,-57
30935.jpg,1907,1980,73
30940.jpg,1907,2000,93
30945.jpg,1907,1900,-7
30950.jpg,1907,1850,-57
30955.jpg,1907,1880,-27
30960.jpg,1907,1890,-17
30965.jpg,1907,1930,23
30970.jpg,1907,1920,13
30975.jpg,1907,1840,-67
30980.jpg,1907,1900,-7
30985.jpg,1907,1920,13
30990.jpg,1907,1940,33
30995.jpg,1907,1910,3
31000.jpg,1907,1920,13
31005.jpg,1907,1840,-67
31010.jpg,1907,1920,13
31015.jpg,1907,1920,13
31020.jpg,1907,1920,13
31025.jpg,1907,1750,-157
31030.jpg,1907,1870,-37
31035.jpg,1907,1915,8
31040.jpg,1907,1923,16
31045.jpg,1907,1920,13
31050.jpg,1907,1920,13
31055.jpg,1907,1850,-57
31060.jpg,1907,1850,-57
31065.jpg,1907,1930,23
31070.jpg,1907,1892,-15
31075.jpg,1907,1900,-7
31080.jpg,1907,1920,13
31085.jpg,1907,1910,3
31090.jpg,1907,1900,-7
31095.jpg,1907,1900,-7
31100.jpg,1907,1959,52
31105.jpg,1907,1910,3
31110.jpg,1907,1950,43
31115.jpg,1907,1890,-17
31120.jpg,1907,1880,-27
31125.jpg,1907,1850,-57
31130.jpg,1907,1920,13
31135.jpg,1907,1950,43
31140.jpg,1907,1950,43
31150.jpg,1907,1900,-7
31155.jpg,1907,1900,-7
31160.jpg,1907,1905,-2
31165.jpg,1907,1950,43
31170.jpg,1907,1920,13
31175.jpg,1907,1920,13
31180.jpg,1907,1930,23
31185.jpg,1907,1920,13
31190.jpg,1907,1990,83
31195.jpg,1907,1890,-17
31200.jpg,1907,1920,13
31205.jpg,1907,1930,23
31210.jpg,1907,1850,-57
31215.jpg,1907,1935,28
31220.jpg,1907,1850,-57
31225.jpg,1907,1920,13
31230.jpg,1907,1910,3
31235.jpg,1907,1900,-7
31240.jpg,1907,1905,-2
31245.jpg,1907,1920,13
31250.jpg,1907,1930,23
31255.jpg,1907,1914,7
31260.jpg,1907,1920,13
31265.jpg,1907,1896,-11
31270.jpg,1907,1900,-7
31275.jpg,1907,1900,-7
31280.jpg,1907,1900,-7
31285.jpg,1907,1950,43
31290.jpg,1907,1900,-7
31295.jpg,1907,1920,13
31300.jpg,1907,1950,43
31305.jpg,1907,1900,-7
31310.jpg,1908,1900,-8
31315.jpg,1908,1930,22
31320.jpg,1908,1930,22
31325.jpg,1908,1900,-8
31330.jpg,1908,1850,-58
31335.jpg,1908,1920,12
31345.jpg,1908,1950,42
31350.jpg,1908,1890,-18
31355.jpg,1908,1906,-2
31360.jpg,1908,1910,2
31365.jpg,1908,1900,-8
31370.jpg,1908,1930,22
31380.jpg,1908,1920,12
31385.jpg,1908,1930,22
31390.jpg,1908,1920,12
31395.jpg,1908,1920,12
31400.jpg,1908,1930,22
31405.jpg,1908,1920,12
31410.jpg,1908,1900,-8
31415.jpg,1908,1908,0
31420.jpg,1908,1890,-18
31425.jpg,1908,1890,-18
31430.jpg,1908,1903,-5
31435.jpg,1908,1955,47
31440.jpg,1908,1894,-14
31445.jpg,1908,1900,-8
31450.jpg,1908,1920,12
31455.jpg,1908,1920,12
31460.jpg,1908,1950,42
31465.jpg,1908,1900,-8
31470.jpg,1908,1870,-38
31475.jpg,1908,1850,-58
31480.jpg,1908,1850,-58
31485.jpg,1908,1850,-58
31490.jpg,1908,1859,-49
31500.jpg,1908,1930,22
31505.jpg,1908,1910,2
31510.jpg,1908,1900,-8
31515.jpg,1908,1895,-13
31520.jpg,1908,20,-1888
31525.jpg,1908,1970,62
31530.jpg,1908,1920,12
31535.jpg,1908,1920,12
31540.jpg,1908,1910,2
31545.jpg,1908,1920,12
31550.jpg,1908,1900,-8
31555.jpg,1908,1880,-28
31560.jpg,1908,1900,-8
31565.jpg,1908,1750,-158
31570.jpg,1908,1520,-388
31575.jpg,1908,1945,37
31580.jpg,1908,1925,17
31585.jpg,1908,1900,-8
31590.jpg,1908,1890,-18
31595.jpg,1908,1910,2
31600.jpg,1908,1850,-58
31605.jpg,1908,1940,32
31610.jpg,1908,1910,2
31620.jpg,1908,1930,22
31625.jpg,1908,1900,-8
31630.jpg,1908,1905,-3
31635.jpg,1908,1900,-8
31640.jpg,1908,1910,2
31645.jpg,1908,1930,22
31650.jpg,1908,1920,12
31655.jpg,1908,1900,-8
31660.jpg,1908,1950,42
31665.jpg,1908,1910,2
31670.jpg,1908,1910,2
31675.jpg,1908,1908,0
31680.jpg,1908,1730,-178
31685.jpg,1908,1,-1907
31690.jpg,1908,1920,12
31695.jpg,1908,1910,2
31700.jpg,1908,1920,12
31705.jpg,1908,1850,-58
31710.jpg,1908,1920,12
31715.jpg,1908,1850,-58
31720.jpg,1908,1950,42
31725.jpg,1908,1920,12
31730.jpg,1908,1900,-8
31735.jpg,1908,1920,12
31740.jpg,1908,1935,27
31745.jpg,1908,1890,-18
31750.jpg,1908,1920,12
31755.jpg,1908,1900,-8
31760.jpg,1908,1920,12
31765.jpg,1909,1890,-19
31770.jpg,1909,1930,21
31775.jpg,1909,1890,-19
31780.jpg,1909,1910,1
31785.jpg,1909,1890,-19
31790.jpg,1909,1960,51
31805.jpg,1909,1950,41
31815.jpg,1909,1880,-29
31820.jpg,1909,1950,41
31825.jpg,1909,1950,41
31830.jpg,1909,1900,-9
31835.jpg,1909,1950,41
31840.jpg,1909,1925,16
31845.jpg,1909,1850,-59
31850.jpg,1909,1900,-9
31855.jpg,1909,1900,-9
31860.jpg,1909,1920,11
31865.jpg,1909,1926,17
31870.jpg,1909,1910,1
31875.jpg,1909,1901,-8
31880.jpg,1909,1915,6
31885.jpg,1909,1910,1
31890.jpg,1909,1910,1
31895.jpg,1909,1900,-9
31900.jpg,1909,1920,11
31905.jpg,1909,1910,1
31910.jpg,1909,1930,21
31915.jpg,1909,1900,-9
31920.jpg,1909,1936,27
31925.jpg,1909,1970,61
31930.jpg,1909,1900,-9
31935.jpg,1909,1920,11
31940.jpg,1909,1910,1
31945.jpg,1909,1920,11
31950.jpg,1909,1905,-4
31955.jpg,1909,1910,1
31960.jpg,1909,1884,-25
31970.jpg,1909,1930,21
31975.jpg,1909,20,-1889
31980.jpg,1909,1920,11
31985.jpg,1909,1880,-29
31990.jpg,1909,1900,-9
31995.jpg,1909,1920,11
32005.jpg,1909,1750,-159
32015.jpg,1909,1880,-29
32020.jpg,1909,1940,31
32025.jpg,1909,1850,-59
32030.jpg,1909,1910,1
32035.jpg,1909,1880,-29
32045.jpg,1909,1940,31
32050.jpg,1909,1910,1
32055.jpg,1909,1920,11
32060.jpg,1909,1920,11
32065.jpg,1909,1900,-9
32070.jpg,1909,1950,41
32075.jpg,1909,1925,16
32080.jpg,1909,1750,-159
32085.jpg,1909,1920,11
32090.jpg,1909,1900,-9
32095.jpg,1909,1890,-19
32100.jpg,1909,1920,11
32105.jpg,1909,1950,41
32110.jpg,1909,1995,86
32115.jpg,1909,1920,11
32120.jpg,1909,1920,11
32125.jpg,1909,1910,1
32130.jpg,1909,1924,15
32135.jpg,1909,1880,-29
32140.jpg,1909,1910,1
32145.jpg,1909,1850,-59
32150.jpg,1909,1850,-59
32155.jpg,1909,1930,21
32160.jpg,1909,1890,-19
32165.jpg,1909,1910,1
32170.jpg,1909,1880,-29
32175.jpg,1909,1930,21
32180.jpg,1909,1920,11
32185.jpg,1909,1870,-39
32190.jpg,1909,1927,18
32195.jpg,1909,1920,11
32200.jpg,1909,1930,21
32205.jpg,1909,1950,41
32210.jpg,1909,1920,11
32215.jpg,1909,1913,4
32220.jpg,1909,1930,21
32225.jpg,1909,1910,1
32230.jpg,1910,1700,-210
32235.jpg,1910,1850,-60
32240.jpg,1910,1910,0
32245.jpg,1910,1950,40
32255.jpg,1910,1900,-10
32260.jpg,1910,1930,20
32265.jpg,1910,2000,90
32270.jpg,1910,1960,50
32275.jpg,1910,1950,40
32280.jpg,1910,1915,5
32285.jpg,1910,1850,-60
32290.jpg,1910,1900,-10
32295.jpg,1910,1910,0
32300.jpg,1910,1900,-10
32305.jpg,1910,1930,20
32310.jpg,1910,1895,-15
32315.jpg,1910,1915,5
32320.jpg,1910,1890,-20
32325.jpg,1910,1920,10
32330.jpg,1910,1915,5
32335.jpg,1910,1930,20
32340.jpg,1910,1800,-110
32345.jpg,1910,1910,0
32350.jpg,1910,1850,-60
32355.jpg,1910,1910,0
32360.jpg,1910,1945,35
32365.jpg,1910,1930,20
32370.jpg,1910,1950,40
32375.jpg,1910,1930,20
32380.jpg,1910,1900,-10
32385.jpg,1910,1990,80
32390.jpg,1910,1880,-30
32395.jpg,1910,1877,-33
32400.jpg,1910,1850,-60
32405.jpg,1910,1850,-60
32410.jpg,1910,20,-1890
32415.jpg,1910,1750,-160
32420.jpg,1910,1920,10
32425.jpg,1910,1950,40
32430.jpg,1910,1900,-10
32435.jpg,1910,1850,-60
32440.jpg,1910,1920,10
32445.jpg,1910,1900,-10
32450.jpg,1910,1900,-10
32455.jpg,1910,1830,-80
32460.jpg,1910,1910,0
32465.jpg,1910,1900,-10
32470.jpg,1910,1850,-60
32475.jpg,1910,1930,20
32480.jpg,1910,1920,10
32485.jpg,1910,1920,10
32490.jpg,1910,1880,-30
32495.jpg,1910,1920,10
32500.jpg,1910,1920,10
32505.jpg,1910,1930,20
32510.jpg,1910,1920,10
32515.jpg,1910,1900,-10
32520.jpg,1910,1920,10
32525.jpg,1910,1900,-10
32530.jpg,1910,1900,-10
32535.jpg,1910,20,-1890
32540.jpg,1910,1930,20
32545.jpg,1910,1930,20
32550.jpg,1910,1905,-5
32555.jpg,1910,1925,15
32560.jpg,1910,1940,30
32565.jpg,1910,1900,-10
32570.jpg,1910,1930,20
32575.jpg,1910,1895,-15
32580.jpg,1910,1920,10
32585.jpg,1910,1920,10
32590.jpg,1910,1900,-10
32595.jpg,1910,1950,40
32600.jpg,1910,1890,-20
32605.jpg,1910,1650,-260
32610.jpg,1910,1950,40
32615.jpg,1910,1920,10
32620.jpg,1910,1920,10
32625.jpg,1910,1750,-160
32630.jpg,1910,1912,2
32635.jpg,1910,1910,0
32640.jpg,1910,1920,10
32645.jpg,1910,1920,10
32650.jpg,1910,20,-1890
32655.jpg,1910,1940,30
32660.jpg,1910,1900,-10
32665.jpg,1910,1900,-10
32675.jpg,1910,1870,-40
32680.jpg,1910,1900,-10
32685.jpg,1910,1920,10
32690.jpg,1910,1920,10
32695.jpg,1910,1960,50
32700.jpg,1910,1910,0
32705.jpg,1910,1900,-10
32710.jpg,1910,1900,-10
32715.jpg,1910,1930,20
32720.jpg,1910,1850,-60
32725.jpg,1910,1880,-30
32730.jpg,1910,1920,10
32735.jpg,1910,1900,-10
32740.jpg,1911,1550,-361
32745.jpg,1911,1930,19
32750.jpg,1911,1916,5
32755.jpg,1911,1925,14
32760.jpg,1911,1900,-11
32765.jpg,1911,1900,-11
32770.jpg,1911,1914,3
32775.jpg,1911,1930,19
32780.jpg,1911,1950,39
32785.jpg,1911,1985,74
32790.jpg,1911,1900,-11
32795.jpg,1911,1908,-3
32800.jpg,1911,1900,-11
32805.jpg,1911,1850,-61
32810.jpg,1911,1920,9
32815.jpg,1911,1900,-11
32820.jpg,1911,1970,59
32825.jpg,1911,1920,9
32830.jpg,1911,1940,29
32835.jpg,1911,1900,-11
32840.jpg,1911,1990,79
32845.jpg,1911,1900,-11
32850.jpg,1911,1930,19
32855.jpg,1911,1920,9
32860.jpg,1911,1925,14
32865.jpg,1911,1920,9
32870.jpg,1911,1910,-1
32875.jpg,1911,1920,9
32885.jpg,1911,1890,-21
32890.jpg,1911,1895,-16
32895.jpg,1911,1910,-1
32900.jpg,1911,1890,-21
32905.jpg,1911,1900,-11
32910.jpg,1911,1800,-111
32915.jpg,1911,1920,9
32920.jpg,1911,1910,-1
32925.jpg,1911,1909,-2
32930.jpg,1911,1910,-1
32935.jpg,1911,1960,49
32940.jpg,1911,1890,-21
32945.jpg,1911,1930,19
32950.jpg,1911,2010,99
32955.jpg,1911,1933,22
32960.jpg,1911,1750,-161
32965.jpg,1911,1890,-21
32970.jpg,1911,1920,9
32975.jpg,1911,1870,-41
32980.jpg,1911,1880,-31
32985.jpg,1911,1910,-1
32990.jpg,1911,1900,-11
32995.jpg,1911,1890,-21
33000.jpg,1911,1900,-11
33005.jpg,1911,1850,-61
33010.jpg,1911,1920,9
33015.jpg,1911,1900,-11
33020.jpg,1911,1910,-1
33025.jpg,1911,1850,-61
33030.jpg,1911,1850,-61
33035.jpg,1911,2005,94
33040.jpg,1911,1920,9
33045.jpg,1911,1930,19
33050.jpg,1911,1960,49
33055.jpg,1911,1910,-1
33060.jpg,1911,1950,39
33065.jpg,1911,1850,-61
33070.jpg,1911,1920,9
33075.jpg,1911,1910,-1
33080.jpg,1911,1900,-11
33085.jpg,1911,1900,-11
33090.jpg,1911,1880,-31
33095.jpg,1911,1890,-21
33100.jpg,1911,1654,-257
33105.jpg,1911,1850,-61
33110.jpg,1911,1920,9
33115.jpg,1911,1840,-71
33120.jpg,1911,1920,9
33125.jpg,1911,1930,19
33130.jpg,1911,1930,19
33135.jpg,1911,1920,9
33140.jpg,1911,1920,9
33145.jpg,1911,19,-1892
33150.jpg,1911,1150,-761
33155.jpg,1911,1950,39
33160.jpg,1911,1950,39
33165.jpg,1911,1920,9
33170.jpg,1911,1920,9
33175.jpg,1911,1920,9
33180.jpg,1911,1950,39
33185.jpg,1911,1920,9
33190.jpg,1911,1920,9
33195.jpg,1911,2000,89
33200.jpg,1911,1920,9
33205.jpg,1911,1910,-1
33210.jpg,1911,1929,18
33215.jpg,1911,1900,-11
33220.jpg,1911,1915,4
33225.jpg,1911,1910,-1
33230.jpg,1911,1750,-161
33235.jpg,1911,1900,-11
33240.jpg,1911,1835,-76
33245.jpg,1911,1915,4
33250.jpg,1911,1930,19
33255.jpg,1911,1920,9
33260.jpg,1911,1910,-1
33265.jpg,1911,1900,-11
33270.jpg,1911,1890,-21
33275.jpg,1911,1910,-1
33280.jpg,1912,1920,8
33285.jpg,1912,1905,-7
33290.jpg,1912,1900,-12
33295.jpg,1912,1920,8
33300.jpg,1912,1910,-2
33310.jpg,1912,1950,38
33315.jpg,1912,1970,58
33320.jpg,1912,1980,68
33325.jpg,1912,1959,47
33330.jpg,1912,1930,18
33335.jpg,1912,1930,18
33340.jpg,1912,1920,8
33345.jpg,1912,1850,-62
33350.jpg,1912,1880,-32
33355.jpg,1912,1940,28
33360.jpg,1912,1930,18
33365.jpg,1912,1880,-32
33375.jpg,1912,1908,-4
33380.jpg,1912,1940,28
33385.jpg,1912,1900,-12
33390.jpg,1912,1908,-4
33395.jpg,1912,1960,48
33400.jpg,1912,1910,-2
33405.jpg,1912,2000,88
33410.jpg,1912,1900,-12
33415.jpg,1912,1920,8
33420.jpg,1912,1910,-2
33425.jpg,1912,1900,-12
33430.jpg,1912,1950,38
33435.jpg,1912,1910,-2
33440.jpg,1912,1910,-2
33445.jpg,1912,1950,38
33450.jpg,1912,1850,-62
33455.jpg,1912,1940,28
33460.jpg,1912,1930,18
33465.jpg,1912,1910,-2
33470.jpg,1912,1930,18
33475.jpg,1912,1890,-22
33480.jpg,1912,1950,38
33485.jpg,1912,1950,38
33490.jpg,1912,1870,-42
33495.jpg,1912,1930,18
33500.jpg,1912,1950,38
33505.jpg,1912,1850,-62
33510.jpg,1912,1939,27
33515.jpg,1912,1930,18
33520.jpg,1912,1910,-2
33525.jpg,1912,1920,8
33530.jpg,1912,19,-1893
33535.jpg,1912,1875,-37
33540.jpg,1912,1800,-112
33545.jpg,1912,1920,8
33550.jpg,1912,1920,8
33555.jpg,1912,1920,8
33560.jpg,1912,1880,-32
33565.jpg,1912,1950,38
33570.jpg,1912,19,-1893
33580.jpg,1912,1700,-212
33585.jpg,1912,1920,8
33590.jpg,1912,1900,-12
33595.jpg,1912,1930,18
33600.jpg,1912,1900,-12
33605.jpg,1912,1910,-2
33615.jpg,1912,1900,-12
33620.jpg,1912,1930,18
33625.jpg,1912,1870,-42
33630.jpg,1912,1920,8
33635.jpg,1912,1920,8
33640.jpg,1912,1850,-62
33645.jpg,1912,1920,8
33650.jpg,1912,1910,-2
33655.jpg,1912,1920,8
33660.jpg,1912,1910,-2
33665.jpg,1912,1931,19
33670.jpg,1912,1930,18
33675.jpg,1912,2000,88
33680.jpg,1912,1900,-12
33685.jpg,1912,1950,38
33690.jpg,1912,1992,80
33695.jpg,1912,1800,-112
33700.jpg,1912,1920,8
33705.jpg,1912,1918,6
33710.jpg,1912,1900,-12
33715.jpg,1912,1920,8
33720.jpg,1912,1900,-12
33725.jpg,1912,1910,-2
33735.jpg,1912,1930,18
33740.jpg,1912,1900,-12
33745.jpg,1912,1950,38
33750.jpg,1912,1910,-2
33755.jpg,1912,1907,-5
33760.jpg,1912,1910,-2
33765.jpg,1913,1930,17
33770.jpg,1913,1900,-13
33775.jpg,1913,1929,16
33780.jpg,1913,1900,-13
33785.jpg,1913,1920,7
33790.jpg,1913,1920,7
33795.jpg,1913,1930,17
33800.jpg,1913,1920,7
33805.jpg,1913,1902,-11
33810.jpg,1913,1932,19
33815.jpg,1913,1950,37
33820.jpg,1913,1950,37
33825.jpg,1913,1920,7
33830.jpg,1913,1900,-13
33840.jpg,1913,1915,2
33845.jpg,1913,1930,17
33850.jpg,1913,1930,17
33855.jpg,1913,1920,7
33860.jpg,1913,1900,-13
33865.jpg,1913,1910,-3
33870.jpg,1913,1780,-133
33875.jpg,1913,1920,7
33880.jpg,1913,1925,12
33885.jpg,1913,1910,-3
33890.jpg,1913,1915,2
33895.jpg,1913,1930,17
33900.jpg,1913,1920,7
33905.jpg,1913,1918,5
33910.jpg,1913,1900,-13
33915.jpg,1913,1900,-13
33920.jpg,1913,1920,7
33925.jpg,1913,1930,17
33930.jpg,1913,1930,17
33935.jpg,1913,1929,16
33940.jpg,1913,1930,17
33945.jpg,1913,1915,2
33950.jpg,1913,1850,-63
33955.jpg,1913,1990,77
33960.jpg,1913,1900,-13
33965.jpg,1913,1900,-13
33970.jpg,1913,1950,37
33975.jpg,1913,1923,10
33980.jpg,1913,1900,-13
33985.jpg,1913,1930,17
33990.jpg,1913,1850,-63
33995.jpg,1913,1905,-8
34000.jpg,1913,1900,-13
34005.jpg,1913,1930,17
34010.jpg,1913,1875,-38
34015.jpg,1913,1950,37
34020.jpg,1913,1920,7
34025.jpg,1913,19,-1894
34030.jpg,1913,1920,7
34035.jpg,1913,1920,7
34040.jpg,1913,1910,-3
34045.jpg,1913,1930,17
34050.jpg,1913,1920,7
34055.jpg,1913,1930,17
34060.jpg,1913,1900,-13
34065.jpg,1913,1880,-33
34070.jpg,1913,1910,-3
34080.jpg,1913,18,-1895
34085.jpg,1913,1850,-63
34090.jpg,1913,1920,7
34095.jpg,1913,1930,17
34100.jpg,1913,1925,12
34105.jpg,1913,1900,-13
34110.jpg,1913,1900,-13
34115.jpg,1913,1900,-13
34120.jpg,1913,1960,47
34125.jpg,1913,1920,7
34130.jpg,1913,1880,-33
34135.jpg,1913,1915,2
34140.jpg,1913,1900,-13
34145.jpg,1913,1930,17
34150.jpg,1913,1900,-13
34155.jpg,1913,1910,-3
34160.jpg,1913,1850,-63
34165.jpg,1913,1925,12
34170.jpg,1913,1910,-3
34175.jpg,1913,1890,-23
34180.jpg,1913,1850,-63
34185.jpg,1913,1880,-33
34190.jpg,1913,1920,7
34195.jpg,1913,1850,-63
34200.jpg,1913,1900,-13
34205.jpg,1913,1900,-13
34210.jpg,1913,1920,7
34215.jpg,1913,1920,7
34220.jpg,1913,1720,-193
34225.jpg,1914,1930,16
34230.jpg,1914,1939,25
34235.jpg,1914,1930,16
34240.jpg,1914,1923,9
34245.jpg,1914,1970,56
34250.jpg,1914,1950,36
34260.jpg,1914,1994,80
34265.jpg,1914,1928,14
34270.jpg,1914,1896,-18
34275.jpg,1914,1920,6
34280.jpg,1914,1780,-134
34285.jpg,1914,1900,-14
34290.jpg,1914,1905,-9
34295.jpg,1914,1940,26
34300.jpg,1914,1930,16
34305.jpg,1914,1930,16
34310.jpg,1914,1920,6
34315.jpg,1914,1890,-24
34320.jpg,1914,1910,-4
34325.jpg,1914,1910,-4
34330.jpg,1914,1910,-4
34335.jpg,1914,1930,16
34345.jpg,1914,1920,6
34350.jpg,1914,1800,-114
34360.jpg,1914,1915,1
34365.jpg,1914,1920,6
34370.jpg,1914,1930,16
34375.jpg,1914,1910,-4
34380.jpg,1914,1930,16
34385.jpg,1914,1880,-34
34390.jpg,1914,1920,6
34395.jpg,1914,1920,6
34400.jpg,1914,1840,-74
34405.jpg,1914,1890,-24
34410.jpg,1914,1908,-6
34415.jpg,1914,1900,-14
34420.jpg,1914,1894,-20
34425.jpg,1914,1970,56
34430.jpg,1914,1900,-14
34435.jpg,1914,1925,11
34440.jpg,1914,1850,-64
34445.jpg,1914,1920,6
34450.jpg,1914,1920,6
34455.jpg,1914,1750,-164
34460.jpg,1914,1880,-34
34465.jpg,1914,1915,1
34470.jpg,1914,1930,16
34475.jpg,1914,1850,-64
34480.jpg,1914,1920,6
34485.jpg,1914,1920,6
34490.jpg,1914,1890,-24
34495.jpg,1914,1860,-54
34500.jpg,1914,1900,-14
34505.jpg,1914,1910,-4
34515.jpg,1914,1850,-64
34520.jpg,1914,1900,-14
34525.jpg,1914,1910,-4
34530.jpg,1914,1890,-24
34535.jpg,1914,1900,-14
34540.jpg,1914,1930,16
34545.jpg,1914,1920,6
34550.jpg,1914,1880,-34
34555.jpg,1914,1880,-34
34560.jpg,1914,1930,16
34565.jpg,1914,1900,-14
34570.jpg,1914,1920,6
34575.jpg,1914,1910,-4
34580.jpg,1914,1920,6
34590.jpg,1914,1920,6
34595.jpg,1914,1932,18
34600.jpg,1914,1920,6
34605.jpg,1914,1920,6
34610.jpg,1914,1900,-14
34615.jpg,1914,1900,-14
34620.jpg,1914,1700,-214
34625.jpg,1914,1910,-4
34630.jpg,1914,1880,-34
34635.jpg,1914,1880,-34
34640.jpg,1914,1910,-4
34645.jpg,1914,1890,-24
34650.jpg,1914,1910,-4
34655.jpg,1914,1910,-4
34660.jpg,1914,2000,86
34665.jpg,1914,1930,16
34670.jpg,1914,1910,-4
34675.jpg,1914,1910,-4
34680.jpg,1914,1904,-10
34685.jpg,1914,1950,36
34690.jpg,1914,1950,36
34695.jpg,1914,1900,-14
34700.jpg,1914,1910,-4
34705.jpg,1914,1920,6
34710.jpg,1914,1900,-14
34715.jpg,1914,1870,-44
34720.jpg,1915,1750,-165
34725.jpg,1915,1950,35
34730.jpg,1915,1910,-5
34735.jpg,1915,1930,15
34740.jpg,1915,1916,1
34750.jpg,1915,1900,-15
34755.jpg,1915,1960,45
34765.jpg,1915,1900,-15
34770.jpg,1915,1980,65
34775.jpg,1915,1920,5
34780.jpg,1915,1940,25
34785.jpg,1915,1920,5
34790.jpg,1915,1929,14
34795.jpg,1915,1850,-65
34800.jpg,1915,1935,20
34805.jpg,1915,1950,35
34810.jpg,1915,1920,5
34815.jpg,1915,1920,5
34820.jpg,1915,1970,55
34825.jpg,1915,1920,5
34830.jpg,1915,1945,30
34835.jpg,1915,1930,15
34840.jpg,1915,1900,-15
34845.jpg,1915,1930,15
34850.jpg,1915,1900,-15
34855.jpg,1915,1900,-15
34860.jpg,1915,1930,15
34865.jpg,1915,19,-1896
34870.jpg,1915,1920,5
34875.jpg,1915,1930,15
34880.jpg,1915,1900,-15
34885.jpg,1915,1880,-35
34890.jpg,1915,1900,-15
34895.jpg,1915,1930,15
34900.jpg,1915,1900,-15
34905.jpg,1915,1920,5
34910.jpg,1915,1980,65
34915.jpg,1915,1880,-35
34920.jpg,1915,1920,5
34925.jpg,1915,1875,-40
34930.jpg,1915,1960,45
34935.jpg,1915,1820,-95
34940.jpg,1915,1920,5
34945.jpg,1915,1920,5
34950.jpg,1915,1950,35
34955.jpg,1915,1920,5
34960.jpg,1915,1920,5
34965.jpg,1915,1980,65
34970.jpg,1915,1930,15
34975.jpg,1915,1910,-5
34980.jpg,1915,1920,5
34985.jpg,1915,1890,-25
34990.jpg,1915,1900,-15
34995.jpg,1915,1885,-30
35000.jpg,1915,1920,5
35005.jpg,1915,1920,5
35010.jpg,1915,1930,15
35015.jpg,1915,1920,5
35020.jpg,1915,1920,5
35025.jpg,1915,1920,5
35030.jpg,1915,1920,5
35035.jpg,1915,1850,-65
35040.jpg,1915,1950,35
35045.jpg,1915,1928,13
35050.jpg,1915,1920,5
35055.jpg,1915,1920,5
35060.jpg,1915,1920,5
35065.jpg,1915,1920,5
35070.jpg,1915,1900,-15
35075.jpg,1915,1930,15
35080.jpg,1915,1940,25
35085.jpg,1915,1920,5
35090.jpg,1915,1950,35
35095.jpg,1915,1930,15
35100.jpg,1915,1900,-15
35105.jpg,1915,1950,35
35110.jpg,1915,1910,-5
35115.jpg,1915,1930,15
35120.jpg,1915,1875,-40
35125.jpg,1915,1906,-9
35130.jpg,1915,1910,-5
35135.jpg,1915,1850,-65
35140.jpg,1915,1850,-65
35145.jpg,1915,1935,20
35150.jpg,1915,2015,100
35155.jpg,1915,1920,5
35160.jpg,1916,1930,14
35165.jpg,1916,1930,14
35170.jpg,1916,1920,4
35175.jpg,1916,1980,64
35180.jpg,1916,1890,-26
35185.jpg,1916,1910,-6
35190.jpg,1916,1950,34
35195.jpg,1916,1939,23
35200.jpg,1916,1910,-6
35205.jpg,1916,1950,34
35210.jpg,1916,1995,79
35215.jpg,1916,1880,-36
35220.jpg,1916,1920,4
35225.jpg,1916,1900,-16
35230.jpg,1916,1920,4
35235.jpg,1916,1910,-6
35240.jpg,1916,1940,24
35245.jpg,1916,1915,-1
35250.jpg,1916,1920,4
35255.jpg,1916,1990,74
35260.jpg,1916,1935,19
35265.jpg,1916,1920,4
35270.jpg,1916,1890,-26
35275.jpg,1916,1890,-26
35280.jpg,1916,1920,4
35285.jpg,1916,1920,4
35290.jpg,1916,1890,-26
35295.jpg,1916,1850,-66
35300.jpg,1916,1900,-16
35305.jpg,1916,1995,79
35310.jpg,1916,1900,-16
35315.jpg,1916,1950,34
35320.jpg,1916,1970,54
35325.jpg,1916,1930,14
35330.jpg,1916,1930,14
35335.jpg,1916,1820,-96
35340.jpg,1916,1930,14
35345.jpg,1916,1930,14
35350.jpg,1916,1900,-16
35355.jpg,1916,1920,4
35360.jpg,1916,1915,-1
35365.jpg,1916,1920,4
35370.jpg,1916,1880,-36
35375.jpg,1916,1930,14
35380.jpg,1916,1900,-16
35385.jpg,1916,1950,34
35390.jpg,1916,1950,34
35395.jpg,1916,1920,4
35400.jpg,1916,1930,14
35405.jpg,1916,1850,-66
35410.jpg,1916,1920,4
35415.jpg,1916,1910,-6
35420.jpg,1916,1930,14
35425.jpg,1916,1930,14
35430.jpg,1916,1920,4
35435.jpg,1916,1800,-116
35440.jpg,1916,1900,-16
35445.jpg,1916,1850,-66
35450.jpg,1916,1930,14
35455.jpg,1916,1880,-36
35460.jpg,1916,1920,4
35465.jpg,1916,1950,34
35470.jpg,1916,1860,-56
35475.jpg,1916,1926,10
35480.jpg,1916,1950,34
35485.jpg,1916,1750,-166
35490.jpg,1916,1940,24
35495.jpg,1916,1960,44
35500.jpg,1916,1950,34
35505.jpg,1916,1912,-4
35510.jpg,1916,1870,-46
35515.jpg,1916,1920,4
35520.jpg,1916,1920,4
35525.jpg,1916,1909,-7
35530.jpg,1916,1850,-66
35535.jpg,1917,1920,3
35540.jpg,1917,1920,3
35545.jpg,1917,1920,3
35550.jpg,1917,1912,-5
35555.jpg,1917,1920,3
35560.jpg,1917,1880,-37
35565.jpg,1917,1970,53
35570.jpg,1917,19,-1898
35575.jpg,1917,1900,-17
35580.jpg,1917,1850,-67
35585.jpg,1917,1875,-42
35590.jpg,1917,1920,3
35595.jpg,1917,1920,3
35600.jpg,1917,1910,-7
35605.jpg,1917,1920,3
35610.jpg,1917,1920,3
35615.jpg,1917,1900,-17
35620.jpg,1917,1940,23
35625.jpg,1917,19,-1898
35630.jpg,1917,1880,-37
35635.jpg,1917,1930,13
35640.jpg,1917,1900,-17
35645.jpg,1917,1920,3
35650.jpg,1917,20,-1897
35655.jpg,1917,1850,-67
35660.jpg,1917,1950,33
35665.jpg,1917,1950,33
35670.jpg,1917,1950,33
35675.jpg,1917,1920,3
35680.jpg,1917,1950,33
35685.jpg,1917,1880,-37
35690.jpg,1917,1950,33
35695.jpg,1917,1930,13
35700.jpg,1917,1450,-467
35705.jpg,1917,1930,13
35710.jpg,1917,1930,13
35715.jpg,1917,1930,13
35720.jpg,1917,1950,33
35725.jpg,1917,2005,88
35730.jpg,1917,1930,13
35735.jpg,1917,1940,23
35740.jpg,1917,1750,-167
35745.jpg,1917,1950,33
35750.jpg,1917,1850,-67
35755.jpg,1917,1950,33
35760.jpg,1917,1920,3
35765.jpg,1917,1900,-17
35770.jpg,1917,1920,3
35775.jpg,1917,1920,3
35780.jpg,1917,1920,3
35785.jpg,1917,1920,3
35790.jpg,1917,1930,13
35795.jpg,1917,19,-1898
35800.jpg,1917,1910,-7
35805.jpg,1917,1890,-27
35810.jpg,1917,1920,3
35815.jpg,1917,1910,-7
35820.jpg,1917,1950,33
35825.jpg,1917,1850,-67
35830.jpg,1917,1850,-67
35835.jpg,1917,1920,3
35840.jpg,1917,1915,-2
35845.jpg,1917,1900,-17
35850.jpg,1917,1920,3
35855.jpg,1917,1910,-7
35860.jpg,1917,1910,-7
35865.jpg,1917,1920,3
35870.jpg,1917,1940,23
35875.jpg,1917,1300,-617
35880.jpg,1917,1957,40
35885.jpg,1917,1920,3
35890.jpg,1917,1890,-27
35895.jpg,1917,1920,3
35900.jpg,1917,1970,53
35905.jpg,1917,1930,13
35910.jpg,1917,1900,-17
35915.jpg,1917,1940,23
35920.jpg,1918,1930,12
35925.jpg,1918,1970,52
35930.jpg,1918,1900,-18
35935.jpg,1918,1990,72
35940.jpg,1918,1920,2
35945.jpg,1918,1940,22
35950.jpg,1918,1920,2
35955.jpg,1918,1950,32
35960.jpg,1918,1916,-2
35965.jpg,1918,1930,12
35970.jpg,1918,1930,12
35980.jpg,1918,1920,2
35985.jpg,1918,1920,2
35990.jpg,1918,1915,-3
35995.jpg,1918,1920,2
36000.jpg,1918,1920,2
36005.jpg,1918,1910,-8
36010.jpg,1918,1790,-128
36015.jpg,1918,1920,2
36020.jpg,1918,1900,-18
36025.jpg,1918,1930,12
36030.jpg,1918,1930,12
36035.jpg,1918,1950,32
36040.jpg,1918,1900,-18
36045.jpg,1918,1920,2
36050.jpg,1918,1900,-18
36055.jpg,1918,1850,-68
36060.jpg,1918,1450,-468
36065.jpg,1918,1950,32
36070.jpg,1918,1920,2
36075.jpg,1918,1890,-28
36080.jpg,1918,1900,-18
36085.jpg,1918,1900,-18
36090.jpg,1918,1930,12
36095.jpg,1918,1930,12
36100.jpg,1918,1850,-68
36105.jpg,1918,1925,7
36110.jpg,1918,1935,17
36115.jpg,1919,1900,-19
36120.jpg,1919,1930,11
36130.jpg,1919,1985,66
36140.jpg,1919,1929,10
36145.jpg,1919,1930,11
36150.jpg,1919,1900,-19
36155.jpg,1919,1960,41
36160.jpg,1919,20,-1899
36165.jpg,1919,1985,66
36170.jpg,1919,1900,-19
36175.jpg,1919,1990,71
36180.jpg,1919,1950,31
36190.jpg,1919,1930,11
36195.jpg,1919,1830,-89
36200.jpg,1919,1903,-16
36205.jpg,1919,1950,31
36210.jpg,1919,1920,1
36215.jpg,1919,1920,1
36225.jpg,1919,1920,1
36230.jpg,1919,1920,1
36235.jpg,1919,1920,1
36240.jpg,1919,1930,11
36245.jpg,1919,1920,1
36250.jpg,1919,1880,-39
36255.jpg,1919,1945,26
36260.jpg,1919,18,-1901
36265.jpg,1919,1910,-9
36270.jpg,1919,1930,11
36275.jpg,1919,1929,10
36280.jpg,1919,1750,-169
36285.jpg,1919,1915,-4
36290.jpg,1919,2010,91
36295.jpg,1919,1910,-9
36300.jpg,1919,1910,-9
36305.jpg,1919,1910,-9
36310.jpg,1919,1920,1
36315.jpg,1919,1865,-54
36320.jpg,1919,1950,31
36325.jpg,1919,1900,-19
36330.jpg,1919,1950,31
36335.jpg,1919,1930,11
36340.jpg,1919,1930,11
36345.jpg,1919,1920,1
36350.jpg,1920,1920,0
36355.jpg,1920,1910,-10
36360.jpg,1920,1910,-10
36365.jpg,1920,1960,40
36370.jpg,1920,1920,0
36375.jpg,1920,1920,0
36385.jpg,1920,1950,30
36390.jpg,1920,1900,-20
36395.jpg,1920,1950,30
36400.jpg,1920,1900,-20
36405.jpg,1920,1920,0
36410.jpg,1920,1970,50
36415.jpg,1920,1930,10
36420.jpg,1920,1950,30
36425.jpg,1920,1929,9
36430.jpg,1920,1924,4
36435.jpg,1920,1920,0
36440.jpg,1920,1850,-70
36445.jpg,1920,1870,-50
36450.jpg,1920,1920,0
36455.jpg,1920,1960,40
36460.jpg,1920,1950,30
36465.jpg,1920,1900,-20
36470.jpg,1920,1925,5
36475.jpg,1920,1900,-20
36480.jpg,1920,1891,-29
36485.jpg,1920,1920,0
36490.jpg,1920,1900,-20
36495.jpg,1920,1880,-40
36500.jpg,1920,1920,0
36505.jpg,1920,1900,-20
36510.jpg,1920,19,-1901
36515.jpg,1920,1900,-20
36520.jpg,1920,1900,-20
36525.jpg,1920,1900,-20
36530.jpg,1920,1850,-70
36535.jpg,1920,1900,-20
36540.jpg,1920,1900,-20
36545.jpg,1920,1950,30
36550.jpg,1920,1920,0
36555.jpg,1920,1860,-60
36560.jpg,1920,1910,-10
36565.jpg,1920,1900,-20
36570.jpg,1920,1920,0
36575.jpg,1920,1945,25
36580.jpg,1920,1920,0
36585.jpg,1920,1920,0
36590.jpg,1920,1910,-10
36595.jpg,1920,1880,-40
36600.jpg,1920,1950,30
36605.jpg,1920,1900,-20
36610.jpg,1920,1900,-20
36615.jpg,1920,1850,-70
36620.jpg,1920,1880,-40
36625.jpg,1920,1925,5
36630.jpg,1920,1920,0
36635.jpg,1920,1920,0
36640.jpg,1920,1970,50
36650.jpg,1920,1930,10
36655.jpg,1920,1950,30
36660.jpg,1920,1920,0
36665.jpg,1920,1950,30
36670.jpg,1920,1950,30
36675.jpg,1920,1950,30
36680.jpg,1920,1870,-50
36685.jpg,1920,1950,30
36690.jpg,1921,1920,-1
36695.jpg,1921,1960,39
36700.jpg,1921,1950,29
36705.jpg,1921,1940,19
36710.jpg,1921,1920,-1
36715.jpg,1921,1909,-12
36720.jpg,1921,1980,59
36725.jpg,1921,1930,9
36735.jpg,1921,1950,29
36740.jpg,1921,1929,8
36745.jpg,1921,1920,-1
36750.jpg,1921,1925,4
36755.jpg,1921,1950,29
36760.jpg,1921,1910,-11
36765.jpg,1921,1950,29
36770.jpg,1921,1930,9
36775.jpg,1921,1930,9
36780.jpg,1921,1900,-21
36785.jpg,1921,1930,9
36790.jpg,1921,1910,-11
36795.jpg,1921,1912,-9
36800.jpg,1921,1925,4
36805.jpg,1921,1850,-71
36810.jpg,1921,1800,-121
36815.jpg,1921,1930,9
36820.jpg,1921,1850,-71
36830.jpg,1921,1940,19
36835.jpg,1921,1950,29
36840.jpg,1921,1920,-1
36845.jpg,1921,1930,9
36850.jpg,1921,1920,-1
36855.jpg,1921,1930,9
36860.jpg,1921,1930,9
36870.jpg,1921,1950,29
36875.jpg,1921,1950,29
36880.jpg,1921,1850,-71
36885.jpg,1921,1930,9
36890.jpg,1921,1980,59
36895.jpg,1921,1920,-1
36900.jpg,1921,1925,4
36905.jpg,1921,1919,-2
36910.jpg,1921,2001,80
36920.jpg,1921,1922,1
36925.jpg,1921,1930,9
36930.jpg,1921,1932,11
36935.jpg,1921,1910,-11
36940.jpg,1921,1950,29
36945.jpg,1921,1950,29
36950.jpg,1921,1920,-1
36955.jpg,1921,1900,-21
36960.jpg,1921,1920,-1
36965.jpg,1921,1920,-1
36970.jpg,1922,1930,8
36975.jpg,1922,1920,-2
36980.jpg,1922,1920,-2
36985.jpg,1922,1930,8
36990.jpg,1922,1929,7
36995.jpg,1922,1980,58
37000.jpg,1922,1974,52
37005.jpg,1922,1920,-2
37010.jpg,1922,1950,28
37015.jpg,1922,1970,48
37020.jpg,1922,1850,-72
37025.jpg,1922,20,-1902
37030.jpg,1922,1930,8
37045.jpg,1922,1930,8
37050.jpg,1922,1950,28
37055.jpg,1922,1930,8
37060.jpg,1922,1910,-12
37065.jpg,1922,1930,8
37070.jpg,1922,1920,-2
37075.jpg,1922,1850,-72
37080.jpg,1922,1930,8
37085.jpg,1922,19,-1903
37090.jpg,1922,20,-1902
37095.jpg,1922,1920,-2
37100.jpg,1922,1950,28
37105.jpg,1922,1930,8
37110.jpg,1922,1980,58
37115.jpg,1922,1850,-72
37120.jpg,1922,1990,68
37125.jpg,1922,1930,8
37130.jpg,1922,1920,-2
37135.jpg,1922,1900,-22
37140.jpg,1922,1910,-12
37145.jpg,1922,1907,-15
37150.jpg,1922,1950,28
37155.jpg,1922,1920,-2
37160.jpg,1922,20,-1902
37165.jpg,1922,1937,15
37170.jpg,1922,1920,-2
37175.jpg,1922,1900,-22
37180.jpg,1922,1750,-172
37185.jpg,1922,1920,-2
37190.jpg,1922,1929,7
37195.jpg,1922,1830,-92
37200.jpg,1922,1940,18
37205.jpg,1922,1950,28
37210.jpg,1922,1920,-2
37215.jpg,1922,1930,8
37220.jpg,1922,1930,8
37225.jpg,1922,1990,68
37230.jpg,1922,1890,-32
37235.jpg,1922,1900,-22
37240.jpg,1922,1920,-2
37245.jpg,1922,1900,-22
37250.jpg,1922,1950,28
37255.jpg,1922,1960,38
37260.jpg,1922,1950,28
37270.jpg,1922,1920,-2
37275.jpg,1922,1950,28
37280.jpg,1922,1940,18
37285.jpg,1922,1995,73
37290.jpg,1922,1920,-2
37295.jpg,1922,1970,48
37300.jpg,1922,1910,-12
37305.jpg,1922,1910,-12
37310.jpg,1923,1940,17
37315.jpg,1923,1930,7
37320.jpg,1923,1930,7
37330.jpg,1923,1938,15
37335.jpg,1923,1950,27
37340.jpg,1923,1999,76
37345.jpg,1923,2005,82
37355.jpg,1923,1920,-3
37360.jpg,1923,1850,-73
37365.jpg,1923,1950,27
37370.jpg,1923,1935,12
37375.jpg,1923,1920,-3
37380.jpg,1923,1930,7
37385.jpg,1923,1950,27
37390.jpg,1923,1875,-48
37395.jpg,1923,1950,27
37400.jpg,1923,1750,-173
37405.jpg,1923,1920,-3
37410.jpg,1923,1920,-3
37415.jpg,1923,1918,-5
37420.jpg,1923,1924,1
37425.jpg,1923,2000,77
37430.jpg,1923,1910,-13
37435.jpg,1923,1915,-8
37440.jpg,1923,1920,-3
37445.jpg,1923,1930,7
37450.jpg,1923,1929,6
37455.jpg,1923,1930,7
37460.jpg,1923,1920,-3
37465.jpg,1923,1930,7
37470.jpg,1923,1900,-23
37475.jpg,1923,1950,27
37480.jpg,1923,1906,-17
37485.jpg,1923,1950,27
37490.jpg,1923,1910,-13
37495.jpg,1923,1950,27
37500.jpg,1923,1930,7
37505.jpg,1923,1450,-473
37510.jpg,1923,1910,-13
37515.jpg,1923,1920,-3
37520.jpg,1923,1850,-73
37525.jpg,1923,1850,-73
37530.jpg,1923,1920,-3
37535.jpg,1923,1925,2
37540.jpg,1923,1950,27
37545.jpg,1923,1920,-3
37550.jpg,1923,1920,-3
37555.jpg,1923,1925,2
37560.jpg,1923,1925,2
37565.jpg,1923,1750,-173
37570.jpg,1923,1900,-23
37575.jpg,1923,1914,-9
37580.jpg,1923,20,-1903
37585.jpg,1923,1950,27
37590.jpg,1923,1940,17
37595.jpg,1923,1923,0
37600.jpg,1923,1929,6
37605.jpg,1923,1910,-13
37610.jpg,1923,1650,-273
37615.jpg,1923,1929,6
37620.jpg,1923,1970,47
37625.jpg,1923,1930,7
37630.jpg,1923,1915,-8
37635.jpg,1923,1930,7
37640.jpg,1923,1970,47
37645.jpg,1923,1950,27
37650.jpg,1923,1920,-3
37655.jpg,1923,1930,7
37660.jpg,1923,1920,-3
37665.jpg,1923,1890,-33
37670.jpg,1924,1920,-4
37675.jpg,1924,2021,97
37680.jpg,1924,1920,-4
37685.jpg,1924,1930,6
37690.jpg,1924,1920,-4
37695.jpg,1924,1930,6
37700.jpg,1924,1910,-14
37705.jpg,1924,1924,0
37710.jpg,1924,1970,46
37715.jpg,1924,1950,26
37720.jpg,1924,1980,56
37725.jpg,1924,1960,36
37730.jpg,1924,1990,66
37735.jpg,1924,1920,-4
37740.jpg,1924,1925,1
37745.jpg,1924,1900,-24
37750.jpg,1924,1925,1
37755.jpg,1924,1930,6
37760.jpg,1924,1930,6
37765.jpg,1924,1920,-4
37770.jpg,1924,1900,-24
37775.jpg,1924,1920,-4
37780.jpg,1924,1926,2
37785.jpg,1924,1850,-74
37790.jpg,1924,1920,-4
37795.jpg,1924,1890,-34
37805.jpg,1924,1920,-4
37810.jpg,1924,1924,0
37815.jpg,1924,1930,6
37820.jpg,1924,1850,-74
37825.jpg,1924,1935,11
37830.jpg,1924,1913,-11
37835.jpg,1924,1920,-4
37845.jpg,1924,1900,-24
37850.jpg,1924,1920,-4
37855.jpg,1924,1900,-24
37860.jpg,1924,1800,-124
37865.jpg,1924,1920,-4
37870.jpg,1924,1920,-4
37875.jpg,1924,1950,26
37880.jpg,1924,1950,26
37885.jpg,1924,1930,6
37890.jpg,1924,1923,-1
37895.jpg,1924,1930,6
37900.jpg,1924,1920,-4
37905.jpg,1924,1920,-4
37910.jpg,1924,1920,-4
37915.jpg,1924,1920,-4
37920.jpg,1924,1925,1
37925.jpg,1924,1920,-4
37930.jpg,1924,1940,16
37935.jpg,1924,1750,-174
37940.jpg,1924,1885,-39
37945.jpg,1924,1960,36
37950.jpg,1924,1940,16
37955.jpg,1924,1980,56
37960.jpg,1924,1960,36
37965.jpg,1924,20,-1904
37970.jpg,1924,1900,-24
37975.jpg,1924,1925,1
37980.jpg,1924,1915,-9
37985.jpg,1924,1950,26
37990.jpg,1924,1950,26
37995.jpg,1924,1910,-14
38000.jpg,1924,1924,0
38005.jpg,1924,1920,-4
38010.jpg,1924,1915,-9
38015.jpg,1924,1920,-4
38020.jpg,1924,1860,-64
38025.jpg,1924,1920,-4
38030.jpg,1924,1908,-16
38035.jpg,1924,1929,5
38040.jpg,1924,1894,-30
38045.jpg,1924,1910,-14
38050.jpg,1924,1920,-4
38055.jpg,1924,1915,-9
38060.jpg,1924,1830,-94
38065.jpg,1924,1870,-54
38070.jpg,1924,1950,26
38075.jpg,1924,1950,26
38080.jpg,1925,1940,15
38085.jpg,1925,1920,-5
38090.jpg,1925,1930,5
38095.jpg,1925,1920,-5
38100.jpg,1925,1900,-25
38105.jpg,1925,1920,-5
38110.jpg,1925,1930,5
38115.jpg,1925,1980,55
38120.jpg,1925,1980,55
38125.jpg,1925,1950,25
38130.jpg,1925,2000,75
38135.jpg,1925,1990,65
38140.jpg,1925,2022,97
38145.jpg,1925,1920,-5
38150.jpg,1925,1960,35
38155.jpg,1925,1840,-85
38160.jpg,1925,1940,15
38165.jpg,1925,1950,25
38170.jpg,1925,1950,25
38175.jpg,1925,1950,25
38180.jpg,1925,1920,-5
38185.jpg,1925,1920,-5
38190.jpg,1925,1950,25
38195.jpg,1925,1960,35
38200.jpg,1925,1930,5
38205.jpg,1925,1922,-3
38210.jpg,1925,1930,5
38215.jpg,1925,1920,-5
38220.jpg,1925,1930,5
38225.jpg,1925,1915,-10
38230.jpg,1925,1915,-10
38235.jpg,1925,1920,-5
38245.jpg,1925,1929,4
38255.jpg,1925,1980,55
38260.jpg,1925,1970,45
38265.jpg,1925,1910,-15
38270.jpg,1925,1850,-75
38275.jpg,1925,1950,25
38280.jpg,1925,1950,25
38285.jpg,1925,1900,-25
38290.jpg,1925,1950,25
38295.jpg,1925,1920,-5
38300.jpg,1925,1920,-5
38305.jpg,1925,1980,55
38310.jpg,1925,1900,-25
38315.jpg,1925,1930,5
38320.jpg,1925,1920,-5
38325.jpg,1925,1950,25
38330.jpg,1925,1600,-325
38335.jpg,1925,1920,-5
38340.jpg,1925,1920,-5
38345.jpg,1925,1910,-15
38350.jpg,1925,1900,-25
38355.jpg,1925,1925,0
38360.jpg,1925,1930,5
38365.jpg,1925,1910,-15
38370.jpg,1925,1880,-45
38375.jpg,1925,1919,-6
38380.jpg,1925,1960,35
38385.jpg,1925,1940,15
38390.jpg,1925,1920,-5
38395.jpg,1925,1920,-5
38400.jpg,1925,1930,5
38405.jpg,1925,1970,45
38410.jpg,1925,1920,-5
38415.jpg,1925,1900,-25
38420.jpg,1925,1930,5
38425.jpg,1925,1890,-35
38435.jpg,1925,1950,25
38440.jpg,1925,1926,1
38450.jpg,1925,1910,-15
38455.jpg,1925,1930,5
38460.jpg,1925,1950,25
38465.jpg,1925,1920,-5
38470.jpg,1925,1950,25
38475.jpg,1925,1950,25
38480.jpg,1925,1910,-15
38490.jpg,1925,1921,-4
38495.jpg,1925,1930,5
38500.jpg,1925,-1,-1926
38505.jpg,1925,1950,25
38510.jpg,1925,1930,5
38515.jpg,1926,1910,-16
38520.jpg,1926,1920,-6
38525.jpg,1926,1929,3
38530.jpg,1926,1920,-6
38535.jpg,1926,1950,24
38540.jpg,1926,1920,-6
38545.jpg,1926,1900,-26
38550.jpg,1926,1900,-26
38555.jpg,1926,1925,-1
38560.jpg,1926,1995,69
38565.jpg,1926,1870,-56
38570.jpg,1926,1930,4
38575.jpg,1926,1980,54
38580.jpg,1926,1972,46
38585.jpg,1926,1940,14
38590.jpg,1926,1980,54
38595.jpg,1926,1950,24
38600.jpg,1926,1600,-326
38605.jpg,1926,1985,59
38610.jpg,1926,1900,-26
38620.jpg,1926,1940,14
38625.jpg,1926,1925,-1
38630.jpg,1926,1950,24
38635.jpg,1926,1930,4
38640.jpg,1926,1920,-6
38645.jpg,1926,1950,24
38650.jpg,1926,1930,4
38655.jpg,1926,1950,24
38660.jpg,1926,1940,14
38665.jpg,1926,1930,4
38670.jpg,1926,1950,24
38675.jpg,1926,1930,4
38680.jpg,1926,1925,-1
38685.jpg,1926,19,-1907
38690.jpg,1926,1850,-76
38695.jpg,1926,1920,-6
38700.jpg,1926,1930,4
38705.jpg,1926,1900,-26
38710.jpg,1926,1875,-51
38715.jpg,1926,1920,-6
38720.jpg,1926,1918,-8
38725.jpg,1926,1920,-6
38730.jpg,1926,1955,29
38735.jpg,1926,1930,4
38740.jpg,1926,1930,4
38745.jpg,1926,1913,-13
38750.jpg,1926,1925,-1
38755.jpg,1926,1920,-6
38760.jpg,1926,1930,4
38765.jpg,1926,1930,4
38770.jpg,1926,1950,24
38775.jpg,1926,18,-1908
38780.jpg,1926,1930,4
38785.jpg,1926,1920,-6
38790.jpg,1926,1930,4
38795.jpg,1926,1920,-6
38800.jpg,1926,1920,-6
38805.jpg,1926,1750,-176
38810.jpg,1926,1920,-6
38815.jpg,1926,1850,-76
38820.jpg,1926,1920,-6
38825.jpg,1926,20,-1906
38830.jpg,1926,1910,-16
38835.jpg,1926,1950,24
38840.jpg,1926,1930,4
38845.jpg,1926,20,-1906
38850.jpg,1926,1930,4
38855.jpg,1926,1970,44
38860.jpg,1926,1930,4
38865.jpg,1926,1930,4
38870.jpg,1926,1920,-6
38875.jpg,1926,1900,-26
38880.jpg,1926,1920,-6
38885.jpg,1926,1920,-6
38890.jpg,1926,1926,0
38895.jpg,1926,1920,-6
38905.jpg,1926,1900,-26
38910.jpg,1926,1910,-16
38915.jpg,1926,1930,4
38920.jpg,1926,1990,64
38925.jpg,1926,1920,-6
38930.jpg,1926,1928,2
38935.jpg,1926,1930,4
38940.jpg,1926,1920,-6
38945.jpg,1926,1850,-76
38950.jpg,1926,1925,-1
38955.jpg,1926,1950,24
38960.jpg,1926,1750,-176
38965.jpg,1926,1930,4
38970.jpg,1926,1920,-6
38975.jpg,1926,1920,-6
38980.jpg,1926,2010,84
38985.jpg,1926,1930,4
38990.jpg,1926,1930,4
38995.jpg,1927,1930,3
39000.jpg,1927,1960,33
39005.jpg,1927,1920,-7
39010.jpg,1927,1920,-7
39020.jpg,1927,1970,43
39025.jpg,1927,1930,3
39030.jpg,1927,1930,3
39035.jpg,1927,1929,2
39040.jpg,1927,1940,13
39045.jpg,1927,1940,13
39050.jpg,1927,1940,13
39055.jpg,1927,1928,1
39060.jpg,1927,1950,23
39065.jpg,1927,1900,-27
39070.jpg,1927,1930,3
39075.jpg,1927,1930,3
39080.jpg,1927,1915,-12
39085.jpg,1927,1950,23
39090.jpg,1927,1975,48
39110.jpg,1927,1950,23
39115.jpg,1927,1940,13
39120.jpg,1927,1930,3
39125.jpg,1927,1950,23
39130.jpg,1927,1920,-7
39135.jpg,1927,1930,3
39140.jpg,1927,1930,3
39145.jpg,1927,1953,26
39150.jpg,1927,1920,-7
39155.jpg,1927,1925,-2
39160.jpg,1927,1850,-77
39165.jpg,1927,1920,-7
39170.jpg,1927,1930,3
39175.jpg,1927,1925,-2
39180.jpg,1927,1915,-12
39185.jpg,1927,1900,-27
39190.jpg,1927,1920,-7
39195.jpg,1927,1920,-7
39200.jpg,1927,1930,3
39205.jpg,1927,1930,3
39210.jpg,1927,1930,3
39215.jpg,1927,1920,-7
39220.jpg,1927,1950,23
39225.jpg,1927,1910,-17
39230.jpg,1927,1920,-7
39235.jpg,1927,1900,-27
39240.jpg,1927,1920,-7
39245.jpg,1927,1915,-12
39250.jpg,1927,1910,-17
39255.jpg,1927,1880,-47
39260.jpg,1927,1950,23
39265.jpg,1927,1930,3
39270.jpg,1927,1920,-7
39275.jpg,1927,1980,53
39280.jpg,1927,1920,-7
39285.jpg,1927,1920,-7
39290.jpg,1927,1950,23
39295.jpg,1927,1940,13
39300.jpg,1927,1750,-177
39305.jpg,1927,1920,-7
39310.jpg,1927,1935,8
39315.jpg,1927,1940,13
39320.jpg,1927,1750,-177
39325.jpg,1927,1930,3
39330.jpg,1927,1930,3
39335.jpg,1927,19,-1908
39340.jpg,1927,1930,3
39345.jpg,1927,1930,3
39350.jpg,1927,1920,-7
39355.jpg,1927,1950,23
39360.jpg,1927,1920,-7
39365.jpg,1927,1932,5
39370.jpg,1927,2000,73
39375.jpg,1927,1900,-27
39380.jpg,1927,1925,-2
39385.jpg,1927,1920,-7
39390.jpg,1927,1950,23
39395.jpg,1927,1700,-227
39400.jpg,1927,1910,-17
39405.jpg,1927,1926,-1
39410.jpg,1927,1950,23
39415.jpg,1927,1920,-7
39420.jpg,1927,1927,0
39425.jpg,1927,1930,3
39430.jpg,1927,1930,3
39435.jpg,1927,1850,-77
39440.jpg,1927,1920,-7
39445.jpg,1927,1900,-27
39450.jpg,1927,1900,-27
39455.jpg,1927,1954,27
39460.jpg,1927,1937,10
39465.jpg,1927,1900,-27
39470.jpg,1927,1915,-12
39475.jpg,1927,1920,-7
39480.jpg,1927,1910,-17
39485.jpg,1927,1900,-27
39490.jpg,1927,1920,-7
39495.jpg,1927,1920,-7
39500.jpg,1927,1920,-7
39505.jpg,1927,1920,-7
39510.jpg,1928,1930,2
39515.jpg,1928,1900,-28
39520.jpg,1928,1925,-3
39525.jpg,1928,1921,-7
39530.jpg,1928,1930,2
39535.jpg,1928,1920,-8
39540.jpg,1928,1928,0
39545.jpg,1928,1920,-8
39550.jpg,1928,1920,-8
39555.jpg,1928,1930,2
39560.jpg,1928,1914,-14
39565.jpg,1928,1920,-8
39570.jpg,1928,1929,1
39575.jpg,1928,2000,72
39580.jpg,1928,1920,-8
39585.jpg,1928,1920,-8
39590.jpg,1928,1921,-7
39595.jpg,1928,1920,-8
39600.jpg,1928,1970,42
39605.jpg,1928,2013,85
39610.jpg,1928,1970,42
39615.jpg,1928,1980,52
39620.jpg,1928,1940,12
39625.jpg,1928,1940,12
39630.jpg,1928,1940,12
39635.jpg,1928,1920,-8
39640.jpg,1928,1950,22
39645.jpg,1928,1920,-8
39650.jpg,1928,1920,-8
39655.jpg,1928,1920,-8
39660.jpg,1928,1920,-8
39665.jpg,1928,1930,2
39670.jpg,1928,1950,22
39675.jpg,1928,1929,1
39680.jpg,1928,1925,-3
39685.jpg,1928,1930,2
39690.jpg,1928,1930,2
39695.jpg,1928,1929,1
39700.jpg,1928,1927,-1
39705.jpg,1928,1910,-18
39710.jpg,1928,1910,-18
39715.jpg,1928,1929,1
39720.jpg,1928,1920,-8
39725.jpg,1928,1850,-78
39730.jpg,1928,1930,2
39735.jpg,1928,1850,-78
39740.jpg,1928,1850,-78
39745.jpg,1928,1920,-8
39750.jpg,1928,1905,-23
39755.jpg,1928,1926,-2
39760.jpg,1928,1930,2
39765.jpg,1928,1950,22
39770.jpg,1928,1850,-78
39775.jpg,1928,1915,-13
39780.jpg,1928,1940,12
39785.jpg,1928,1930,2
39790.jpg,1928,1925,-3
39795.jpg,1928,1950,22
39800.jpg,1928,1900,-28
39805.jpg,1928,1890,-38
39810.jpg,1928,1950,22
39815.jpg,1928,1910,-18
39820.jpg,1928,1920,-8
39825.jpg,1928,1950,22
39830.jpg,1928,1930,2
39835.jpg,1928,1920,-8
39840.jpg,1928,1850,-78
39845.jpg,1928,1910,-18
39850.jpg,1928,1950,22
39855.jpg,1928,1920,-8
39860.jpg,1928,1930,2
39865.jpg,1928,1880,-48
39870.jpg,1928,1900,-28
39875.jpg,1928,1930,2
39880.jpg,1928,1935,7
39885.jpg,1928,1910,-18
39890.jpg,1928,1925,-3
39895.jpg,1928,1930,2
39900.jpg,1928,2000,72
39905.jpg,1928,1910,-18
39910.jpg,1928,1920,-8
39915.jpg,1928,1800,-128
39920.jpg,1928,1920,-8
39925.jpg,1928,1950,22
39930.jpg,1928,1824,-104
39935.jpg,1928,1950,22
39940.jpg,1928,1930,2
39945.jpg,1928,1950,22
39950.jpg,1928,1900,-28
39955.jpg,1928,1750,-178
39960.jpg,1928,1920,-8
39965.jpg,1928,1900,-28
39970.jpg,1928,1901,-27
39975.jpg,1928,1900,-28
39980.jpg,1928,1864,-64
39985.jpg,1928,1920,-8
39990.jpg,1928,1930,2
39995.jpg,1928,1930,2
40000.jpg,1928,1930,2
40010.jpg,1928,1950,22
40015.jpg,1928,1950,22
40020.jpg,1928,1920,-8
40025.jpg,1928,1930,2
40030.jpg,1928,1920,-8
40035.jpg,1928,1915,-13
40040.jpg,1928,1930,2
40045.jpg,1929,1910,-19
40050.jpg,1929,1929,0
40055.jpg,1929,1930,1
40060.jpg,1929,1950,21
40065.jpg,1929,1920,-9
40070.jpg,1929,1912,-17
40075.jpg,1929,1930,1
40080.jpg,1929,1920,-9
40095.jpg,1929,1930,1
40105.jpg,1929,1950,21
40110.jpg,1929,1950,21
40115.jpg,1929,1920,-9
40120.jpg,1929,1900,-29
40125.jpg,1929,1950,21
40130.jpg,1929,1920,-9
40135.jpg,1929,1920,-9
40140.jpg,1929,1950,21
40145.jpg,1929,1928,-1
40150.jpg,1929,1920,-9
40155.jpg,1929,1920,-9
40160.jpg,1929,1930,1
40165.jpg,1929,1930,1
40170.jpg,1929,1925,-4
40175.jpg,1929,1930,1
40180.jpg,1929,1930,1
40185.jpg,1929,1930,1
40190.jpg,1929,1850,-79
40195.jpg,1929,1930,1
40200.jpg,1929,1920,-9
40205.jpg,1929,1920,-9
40210.jpg,1929,1920,-9
40215.jpg,1929,1920,-9
40220.jpg,1929,1900,-29
40225.jpg,1929,1930,1
40230.jpg,1929,1750,-179
40235.jpg,1929,1920,-9
40240.jpg,1929,1990,61
40245.jpg,1929,1980,51
40250.jpg,1929,1980,51
40255.jpg,1929,1920,-9
40260.jpg,1929,1910,-19
40265.jpg,1929,1950,21
40270.jpg,1929,2004,75
40275.jpg,1929,1950,21
40280.jpg,1929,1930,1
40285.jpg,1929,1910,-19
40290.jpg,1929,1550,-379
40295.jpg,1929,1900,-29
40305.jpg,1929,1930,1
40310.jpg,1929,1920,-9
40315.jpg,1929,1935,6
40320.jpg,1929,1920,-9
40325.jpg,1929,1930,1
40330.jpg,1929,1850,-79
40335.jpg,1929,1750,-179
40340.jpg,1929,1950,21
40345.jpg,1929,1750,-179
40350.jpg,1929,1900,-29
40355.jpg,1929,1930,1
40360.jpg,1929,1920,-9
40365.jpg,1929,1940,11
40370.jpg,1929,1930,1
40375.jpg,1929,1920,-9
40380.jpg,1929,1930,1
40385.jpg,1929,1920,-9
40390.jpg,1929,1945,16
40395.jpg,1929,1930,1
40400.jpg,1929,1910,-19
40405.jpg,1929,1890,-39
40410.jpg,1929,1924,-5
40415.jpg,1929,1900,-29
40420.jpg,1929,1930,1
40425.jpg,1929,1920,-9
40430.jpg,1929,1870,-59
40435.jpg,1929,1930,1
40440.jpg,1929,1880,-49
40450.jpg,1929,1920,-9
40455.jpg,1929,1930,1
40460.jpg,1929,1960,31
40465.jpg,1929,1930,1
40470.jpg,1929,1920,-9
40475.jpg,1929,1910,-19
40480.jpg,1929,1910,-19
40485.jpg,1929,1930,1
40490.jpg,1929,1920,-9
40495.jpg,1929,1979,50
40500.jpg,1929,1920,-9
40505.jpg,1929,1960,31
40510.jpg,1929,1900,-29
40515.jpg,1929,1930,1
40520.jpg,1929,1950,21
40525.jpg,1929,1800,-129
40530.jpg,1929,1920,-9
40535.jpg,1929,1929,0
40540.jpg,1930,1902,-28
40545.jpg,1930,2014,84
40550.jpg,1930,1930,0
40555.jpg,1930,1929,-1
40560.jpg,1930,2005,75
40565.jpg,1930,1992,62
40570.jpg,1930,1950,20
40575.jpg,1930,1920,-10
40580.jpg,1930,1890,-40
40585.jpg,1930,20,-1910
40590.jpg,1930,1920,-10
40595.jpg,1930,1920,-10
40600.jpg,1930,1930,0
40605.jpg,1930,1930,0
40610.jpg,1930,20,-1910
40615.jpg,1930,1820,-110
40620.jpg,1930,1920,-10
40625.jpg,1930,1920,-10
40630.jpg,1930,1930,0
40635.jpg,1930,1920,-10
40640.jpg,1930,1950,20
40645.jpg,1930,2000,70
40650.jpg,1930,1940,10
40655.jpg,1930,1930,0
40660.jpg,1930,1800,-130
40665.jpg,1930,1940,10
40670.jpg,1930,1950,20
40675.jpg,1930,1850,-80
40680.jpg,1930,1750,-180
40685.jpg,1930,1930,0
40690.jpg,1930,1930,0
40695.jpg,1930,1920,-10
40700.jpg,1930,1950,20
40705.jpg,1930,1930,0
40710.jpg,1930,1737,-193
40715.jpg,1930,1900,-30
40720.jpg,1930,1900,-30
40725.jpg,1930,1920,-10
40730.jpg,1930,1980,50
40735.jpg,1930,1940,10
40740.jpg,1930,1920,-10
40745.jpg,1930,1970,40
40750.jpg,1930,1750,-180
40755.jpg,1930,1930,0
40760.jpg,1930,1930,0
40765.jpg,1930,1850,-80
40770.jpg,1930,1900,-30
40775.jpg,1930,1930,0
40780.jpg,1930,2005,75
40785.jpg,1930,1930,0
40790.jpg,1930,1950,20
40795.jpg,1930,1920,-10
40800.jpg,1930,1930,0
40805.jpg,1930,1920,-10
40810.jpg,1930,1923,-7
40815.jpg,1930,1920,-10
40820.jpg,1930,1920,-10
40825.jpg,1930,1925,-5
40830.jpg,1930,1920,-10
40835.jpg,1930,1930,0
40840.jpg,1930,1882,-48
40845.jpg,1930,1930,0
40850.jpg,1930,1932,2
40855.jpg,1930,1920,-10
40860.jpg,1930,1920,-10
40865.jpg,1930,1950,20
40870.jpg,1930,1927,-3
40875.jpg,1930,1910,-20
40885.jpg,1930,1950,20
40890.jpg,1930,1950,20
40895.jpg,1930,1920,-10
40900.jpg,1930,1970,40
40905.jpg,1930,1930,0
40910.jpg,1930,1984,54
40915.jpg,1930,1900,-30
40920.jpg,1930,1890,-40
40925.jpg,1930,1930,0
40930.jpg,1930,1930,0
40935.jpg,1930,1935,5
40940.jpg,1930,1920,-10
40950.jpg,1930,1920,-10
40960.jpg,1930,1920,-10
40965.jpg,1931,1950,19
40970.jpg,1931,1950,19
40975.jpg,1931,1930,-1
40980.jpg,1931,1960,29
40985.jpg,1931,1921,-10
40990.jpg,1931,1920,-11
40995.jpg,1931,1929,-2
41000.jpg,1931,1950,19
41005.jpg,1931,1950,19
41010.jpg,1931,1956,25
41015.jpg,1931,1960,29
41020.jpg,1931,1970,39
41025.jpg,1931,1980,49
41030.jpg,1931,1990,59
41035.jpg,1931,1930,-1
41040.jpg,1931,1930,-1
41045.jpg,1931,20,-1911
41050.jpg,1931,1925,-6
41055.jpg,1931,1930,-1
41060.jpg,1931,1950,19
41065.jpg,1931,1910,-21
41070.jpg,1931,1920,-11
41075.jpg,1931,1930,-1
41080.jpg,1931,1930,-1
41085.jpg,1931,1930,-1
41095.jpg,1931,1920,-11
41100.jpg,1931,1920,-11
41105.jpg,1931,1920,-11
41110.jpg,1931,1930,-1
41115.jpg,1931,1920,-11
41120.jpg,1931,1950,19
41125.jpg,1931,1930,-1
41130.jpg,1931,1990,59
41135.jpg,1931,1920,-11
41140.jpg,1931,1910,-21
41150.jpg,1931,1850,-81
41155.jpg,1931,1900,-31
41160.jpg,1931,1930,-1
41165.jpg,1931,1850,-81
41170.jpg,1931,2000,69
41175.jpg,1931,1930,-1
41180.jpg,1931,1925,-6
41185.jpg,1931,1920,-11
41190.jpg,1931,1920,-11
41195.jpg,1931,1900,-31
41200.jpg,1931,1900,-31
41205.jpg,1931,1950,19
41210.jpg,1931,1950,19
41215.jpg,1931,1900,-31
41220.jpg,1931,1920,-11
41225.jpg,1931,16,-1915
41230.jpg,1931,1929,-2
41235.jpg,1931,1994,63
41240.jpg,1931,1910,-21
41245.jpg,1931,1812,-119
41250.jpg,1931,1940,9
41255.jpg,1931,1930,-1
41260.jpg,1931,1920,-11
41265.jpg,1931,1930,-1
41270.jpg,1931,1900,-31
41275.jpg,1931,1910,-21
41280.jpg,1931,1920,-11
41285.jpg,1931,1920,-11
41290.jpg,1931,1950,19
41295.jpg,1931,1984,53
41305.jpg,1931,1920,-11
41310.jpg,1932,1950,18
41320.jpg,1932,1927,-5
41325.jpg,1932,1807,-125
41330.jpg,1932,1950,18
41340.jpg,1932,1997,65
41345.jpg,1932,1930,-2
41350.jpg,1932,1900,-32
41355.jpg,1932,1920,-12
41360.jpg,1932,1950,18
41365.jpg,1932,1920,-12
41370.jpg,1932,1931,-1
41375.jpg,1932,1950,18
41380.jpg,1932,1930,-2
41385.jpg,1932,1929,-3
41390.jpg,1932,1940,8
41395.jpg,1932,1960,28
41400.jpg,1932,1950,18
41405.jpg,1932,1920,-12
41410.jpg,1932,1910,-22
41415.jpg,1932,1932,0
41420.jpg,1932,1930,-2
41425.jpg,1932,1910,-22
41430.jpg,1932,1900,-32
41435.jpg,1932,1850,-82
41440.jpg,1932,1900,-32
41445.jpg,1932,1890,-42
41450.jpg,1932,1950,18
41455.jpg,1932,1750,-182
41460.jpg,1932,1665,-267
41465.jpg,1932,20,-1912
41470.jpg,1932,1950,18
41475.jpg,1932,1900,-32
41480.jpg,1932,1930,-2
41485.jpg,1932,1935,3
41490.jpg,1932,2008,76
41495.jpg,1932,1921,-11
41500.jpg,1932,1992,60
41505.jpg,1932,1950,18
41510.jpg,1932,1950,18
41515.jpg,1932,1920,-12
41520.jpg,1932,1930,-2
41525.jpg,1932,1910,-22
41530.jpg,1932,1935,3
41535.jpg,1932,1920,-12
41540.jpg,1932,1930,-2
41545.jpg,1932,1930,-2
41550.jpg,1932,1990,58
41555.jpg,1932,1928,-4
41560.jpg,1932,1890,-42
41565.jpg,1932,1932,0
41570.jpg,1933,1980,47
41575.jpg,1933,1890,-43
41580.jpg,1933,1860,-73
41585.jpg,1933,1980,47
41590.jpg,1933,1950,17
41595.jpg,1933,1925,-8
41600.jpg,1933,1880,-53
41605.jpg,1933,1930,-3
41610.jpg,1933,1910,-23
41615.jpg,1933,1914,-19
41620.jpg,1933,2000,67
41625.jpg,1933,1950,17
41630.jpg,1933,1919,-14
41635.jpg,1933,1930,-3
41640.jpg,1933,1700,-233
41645.jpg,1933,1900,-33
41650.jpg,1933,1920,-13
41655.jpg,1933,1850,-83
41660.jpg,1933,1940,7
41665.jpg,1933,1930,-3
41670.jpg,1933,1910,-23
41675.jpg,1933,1950,17
41680.jpg,1933,1950,17
41685.jpg,1933,1825,-108
41690.jpg,1933,1950,17
41695.jpg,1933,1937,4
41700.jpg,1933,1910,-23
41705.jpg,1933,1920,-13
41710.jpg,1933,1910,-23
41715.jpg,1933,1750,-183
41720.jpg,1933,1910,-23
41725.jpg,1933,1920,-13
41730.jpg,1933,1910,-23
41745.jpg,1933,1800,-133
41750.jpg,1933,1930,-3
41755.jpg,1933,1960,27
41760.jpg,1933,2010,77
41765.jpg,1933,1930,-3
41770.jpg,1933,1890,-43
41775.jpg,1933,1950,17
41780.jpg,1933,1900,-33
41785.jpg,1933,1850,-83
41790.jpg,1933,1900,-33
41795.jpg,1933,1975,42
41800.jpg,1933,1960,27
41805.jpg,1933,1955,22
41810.jpg,1933,1920,-13
41815.jpg,1933,1927,-6
41820.jpg,1933,1930,-3
41825.jpg,1933,1860,-73
41830.jpg,1933,1930,-3
41835.jpg,1934,1900,-34
41840.jpg,1934,1910,-24
41845.jpg,1934,1910,-24
41850.jpg,1934,1930,-4
41855.jpg,1934,1950,16
41860.jpg,1934,2000,66
41865.jpg,1934,2000,66
41870.jpg,1934,2000,66
41875.jpg,1934,1920,-14
41880.jpg,1934,1930,-4
41885.jpg,1934,1890,-44
41890.jpg,1934,1930,-4
41895.jpg,1934,2000,66
41900.jpg,1934,1920,-14
41905.jpg,1934,1914,-20
41910.jpg,1934,1910,-24
41915.jpg,1934,1950,16
41920.jpg,1934,-1,-1935
41925.jpg,1934,1850,-84
41930.jpg,1934,20,-1914
41935.jpg,1934,2000,66
41940.jpg,1934,1960,26
41945.jpg,1934,1870,-64
41950.jpg,1934,1950,16
41955.jpg,1934,1930,-4
41960.jpg,1934,1950,16
41965.jpg,1934,1920,-14
41970.jpg,1934,1890,-44
41975.jpg,1934,1994,60
41980.jpg,1934,1900,-34
41985.jpg,1934,1950,16
41990.jpg,1934,1930,-4
41995.jpg,1934,1920,-14
42000.jpg,1934,1900,-34
42005.jpg,1934,1940,6
42010.jpg,1935,1970,35
42015.jpg,1935,1890,-45
42020.jpg,1935,1925,-10
42025.jpg,1935,3,-1932
42035.jpg,1935,1990,55
42040.jpg,1935,1980,45
42045.jpg,1935,1960,25
42050.jpg,1935,1920,-15
42060.jpg,1935,1930,-5
42065.jpg,1935,1950,15
42070.jpg,1935,1900,-35
42075.jpg,1935,1931,-4
42080.jpg,1935,1930,-5
42085.jpg,1935,1610,-325
42090.jpg,1935,1930,-5
42095.jpg,1935,1850,-85
42100.jpg,1935,19,-1916
42105.jpg,1935,1920,-15
42110.jpg,1935,1940,5
42115.jpg,1935,1901,-34
42120.jpg,1935,1950,15
42125.jpg,1935,1700,-235
42130.jpg,1935,1930,-5
42135.jpg,1935,1930,-5
42140.jpg,1935,1950,15
42145.jpg,1935,1850,-85
42150.jpg,1935,1850,-85
42155.jpg,1935,1750,-185
42160.jpg,1935,1890,-45
42165.jpg,1935,1950,15
42170.jpg,1935,1950,15
42175.jpg,1935,2000,65
42180.jpg,1935,1980,45
42185.jpg,1935,1950,15
42190.jpg,1935,1920,-15
42195.jpg,1935,1925,-10
42200.jpg,1935,1980,45
42205.jpg,1935,1908,-27
42210.jpg,1935,1930,-5
42215.jpg,1935,1930,-5
42220.jpg,1935,1940,5
42225.jpg,1935,1920,-15
42230.jpg,1935,1918,-17
42235.jpg,1935,1930,-5
42240.jpg,1935,1924,-11
42250.jpg,1935,1950,15
42255.jpg,1935,1980,45
42260.jpg,1935,1980,45
42265.jpg,1935,1950,15
42270.jpg,1935,1930,-5
42275.jpg,1935,1920,-15
42280.jpg,1935,1970,35
42285.jpg,1935,1930,-5
42290.jpg,1935,1950,15
42295.jpg,1936,1940,4
42300.jpg,1936,1960,24
42305.jpg,1936,1940,4
42310.jpg,1936,1940,4
42315.jpg,1936,1950,14
42320.jpg,1936,1985,49
42325.jpg,1936,1970,34
42330.jpg,1936,2000,64
42335.jpg,1936,1960,24
42340.jpg,1936,1920,-16
42345.jpg,1936,1940,4
42350.jpg,1936,1950,14
42355.jpg,1936,1900,-36
42360.jpg,1936,1950,14
42365.jpg,1936,1850,-86
42370.jpg,1936,1930,-6
42375.jpg,1936,1950,14
42380.jpg,1936,20,-1916
42385.jpg,1936,1935,-1
42390.jpg,1936,2010,74
42395.jpg,1936,1950,14
42400.jpg,1936,1950,14
42405.jpg,1936,1850,-86
42410.jpg,1936,1970,34
42415.jpg,1936,1890,-46
42420.jpg,1936,1932,-4
42425.jpg,1936,1850,-86
42430.jpg,1936,1930,-6
42435.jpg,1936,1900,-36
42440.jpg,1936,1930,-6
42445.jpg,1936,1960,24
42450.jpg,1936,1920,-16
42455.jpg,1936,1940,4
42460.jpg,1936,1930,-6
42465.jpg,1936,1954,18
42470.jpg,1936,1950,14
42475.jpg,1936,1930,-6
42480.jpg,1936,1650,-286
42485.jpg,1936,1905,-31
42490.jpg,1936,1930,-6
42495.jpg,1936,1950,14
42500.jpg,1936,1930,-6
42505.jpg,1936,1950,14
42510.jpg,1936,1870,-66
42515.jpg,1936,1930,-6
42520.jpg,1936,1850,-86
42525.jpg,1936,1920,-16
42530.jpg,1936,1950,14
42535.jpg,1936,1950,14
42540.jpg,1936,1882,-54
42545.jpg,1936,1930,-6
42550.jpg,1936,1930,-6
42555.jpg,1936,1700,-236
42560.jpg,1936,1910,-26
42565.jpg,1936,1910,-26
42570.jpg,1936,1930,-6
42575.jpg,1936,1930,-6
42585.jpg,1936,1950,14
42595.jpg,1936,1950,14
42600.jpg,1936,1930,-6
42610.jpg,1937,1930,-7
42615.jpg,1937,1940,3
42620.jpg,1937,1935,-2
42625.jpg,1937,1930,-7
42630.jpg,1937,1995,58
42635.jpg,1937,1950,13
42640.jpg,1937,1960,23
42645.jpg,1937,1920,-17
42650.jpg,1937,1928,-9
42655.jpg,1937,2000,63
42660.jpg,1937,1930,-7
42665.jpg,1937,1900,-37
42670.jpg,1937,1900,-37
42675.jpg,1937,1950,13
42680.jpg,1937,1970,33
42685.jpg,1937,1960,23
42690.jpg,1937,1980,43
42695.jpg,1937,1950,13
42700.jpg,1937,1900,-37
42705.jpg,1937,1936,-1
42710.jpg,1937,1930,-7
42715.jpg,1937,1950,13
42720.jpg,1937,1950,13
42725.jpg,1937,1930,-7
42730.jpg,1937,1950,13
42735.jpg,1937,1920,-17
42740.jpg,1937,1937,0
42745.jpg,1937,1899,-38
42750.jpg,1937,1950,13
42755.jpg,1937,1915,-22
42765.jpg,1937,1900,-37
42770.jpg,1937,2020,83
42775.jpg,1937,1980,43
42780.jpg,1937,1929,-8
42785.jpg,1937,1950,13
42790.jpg,1937,1910,-27
42795.jpg,1937,1950,13
42800.jpg,1937,1900,-37
42805.jpg,1937,1930,-7
42810.jpg,1937,1750,-187
42815.jpg,1937,1950,13
42820.jpg,1937,1990,53
42825.jpg,1937,1880,-57
42830.jpg,1937,1950,13
42835.jpg,1937,1890,-47
42840.jpg,1937,1940,3
42845.jpg,1937,1920,-17
42850.jpg,1937,1930,-7
42855.jpg,1937,1929,-8
42860.jpg,1937,1900,-37
42865.jpg,1937,1960,23
42870.jpg,1937,1950,13
42875.jpg,1937,1950,13
42880.jpg,1937,1850,-87
42885.jpg,1937,1930,-7
42890.jpg,1937,1950,13
42895.jpg,1937,1950,13
42900.jpg,1937,1950,13
42905.jpg,1937,1940,3
42910.jpg,1937,1050,-887
42915.jpg,1938,1930,-8
42920.jpg,1938,1931,-7
42925.jpg,1938,1930,-8
42930.jpg,1938,1930,-8
42935.jpg,1938,1920,-18
42940.jpg,1938,1995,57
42945.jpg,1938,1990,52
42950.jpg,1938,1960,22
42955.jpg,1938,1980,42
42960.jpg,1938,1930,-8
42965.jpg,1938,1950,12
42970.jpg,1938,1920,-18
42975.jpg,1938,1930,-8
42980.jpg,1938,1920,-18
42985.jpg,1938,1920,-18
42990.jpg,1938,1920,-18
42995.jpg,1938,1920,-18
43000.jpg,1938,1940,2
43005.jpg,1938,1930,-8
43010.jpg,1938,1914,-24
43015.jpg,1938,1790,-148
43020.jpg,1938,1850,-88
43025.jpg,1938,1952,14
43030.jpg,1938,1900,-38
43035.jpg,1938,1850,-88
43040.jpg,1938,1930,-8
43045.jpg,1938,1930,-8
43050.jpg,1938,1990,52
43055.jpg,1938,1940,2
43060.jpg,1938,1950,12
43065.jpg,1938,1930,-8
43070.jpg,1938,1950,12
43075.jpg,1938,1980,42
43080.jpg,1938,1949,11
43085.jpg,1938,1750,-188
43090.jpg,1938,1960,22
43095.jpg,1938,1930,-8
43100.jpg,1938,1995,57
43105.jpg,1938,1930,-8
43110.jpg,1938,1920,-18
43115.jpg,1938,1918,-20
43120.jpg,1938,1900,-38
43125.jpg,1938,1907,-31
43130.jpg,1938,1925,-13
43135.jpg,1938,1900,-38
43140.jpg,1938,2000,62
43145.jpg,1938,1940,2
43150.jpg,1938,1832,-106
43155.jpg,1938,1950,12
43160.jpg,1938,1950,12
43165.jpg,1938,1931,-7
43170.jpg,1938,1929,-9
43175.jpg,1938,1955,17
43185.jpg,1938,1910,-28
43190.jpg,1938,1950,12
43195.jpg,1938,1920,-18
43200.jpg,1938,1950,12
43210.jpg,1939,1917,-22
43215.jpg,1939,1935,-4
43220.jpg,1939,1950,11
43225.jpg,1939,1875,-64
43235.jpg,1939,2000,61
43245.jpg,1939,2010,71
43250.jpg,1939,1970,31
43255.jpg,1939,1990,51
43260.jpg,1939,1970,31
43270.jpg,1939,1935,-4
43275.jpg,1939,1940,1
43280.jpg,1939,1750,-189
43285.jpg,1939,1950,11
43290.jpg,1939,1960,21
43295.jpg,1939,1900,-39
43300.jpg,1939,1950,11
43305.jpg,1939,1950,11
43310.jpg,1939,1930,-9
43315.jpg,1939,1900,-39
43320.jpg,1939,1930,-9
43325.jpg,1939,1920,-19
43330.jpg,1939,1970,31
43335.jpg,1939,1950,11
43340.jpg,1939,1970,31
43345.jpg,1939,1850,-89
43350.jpg,1939,1,-1938
43360.jpg,1939,1850,-89
43365.jpg,1939,1500,-439
43370.jpg,1939,1910,-29
43375.jpg,1939,1910,-29
43380.jpg,1939,1950,11
43385.jpg,1939,1947,8
43390.jpg,1939,1950,11
43395.jpg,1939,1950,11
43400.jpg,1939,2011,72
43405.jpg,1939,1950,11
43410.jpg,1939,1940,1
43415.jpg,1939,1930,-9
43420.jpg,1939,1920,-19
43425.jpg,1939,1930,-9
43430.jpg,1939,1850,-89
43435.jpg,1939,1930,-9
43440.jpg,1939,1920,-19
43445.jpg,1939,1980,41
43450.jpg,1939,1970,31
43455.jpg,1939,20,-1919
43460.jpg,1939,1920,-19
43465.jpg,1939,1920,-19
43470.jpg,1940,1940,0
43475.jpg,1940,1935,-5
43480.jpg,1940,1935,-5
43485.jpg,1940,1930,-10
43490.jpg,1940,1930,-10
43495.jpg,1940,1950,10
43500.jpg,1940,1950,10
43505.jpg,1940,2000,60
43510.jpg,1940,1930,-10
43515.jpg,1940,1850,-90
43520.jpg,1940,1940,0
43525.jpg,1940,1750,-190
43530.jpg,1940,1950,10
43535.jpg,1940,1930,-10
43540.jpg,1940,1935,-5
43545.jpg,1940,1930,-10
43550.jpg,1940,1935,-5
43555.jpg,1940,1950,10
43560.jpg,1940,1960,20
43565.jpg,1940,1930,-10
43570.jpg,1940,1930,-10
43575.jpg,1940,1950,10
43580.jpg,1940,1890,-50
43585.jpg,1940,1910,-30
43590.jpg,1940,1930,-10
43595.jpg,1940,1995,55
43600.jpg,1940,1950,10
43605.jpg,1940,1920,-20
43610.jpg,1940,1850,-90
43615.jpg,1940,1820,-120
43620.jpg,1940,1950,10
43625.jpg,1940,1850,-90
43630.jpg,1940,1920,-20
43635.jpg,1940,1940,0
43640.jpg,1940,1960,20
43645.jpg,1940,1920,-20
43650.jpg,1940,1950,10
43655.jpg,1940,1950,10
43660.jpg,1940,1965,25
43665.jpg,1940,1950,10
43670.jpg,1940,1950,10
43675.jpg,1940,1950,10
43680.jpg,1940,1920,-20
43685.jpg,1940,1960,20
43700.jpg,1940,1900,-40
43705.jpg,1940,1950,10
43710.jpg,1940,1890,-50
43715.jpg,1940,1930,-10
43720.jpg,1941,1950,9
43725.jpg,1941,1950,9
43730.jpg,1941,2000,59
43735.jpg,1941,1990,49
43740.jpg,1941,1995,54
43745.jpg,1941,1800,-141
43750.jpg,1941,1950,9
43755.jpg,1941,1750,-191
43760.jpg,1941,1910,-31
43765.jpg,1941,19,-1922
43770.jpg,1941,1950,9
43775.jpg,1941,1950,9
43780.jpg,1941,1950,9
43785.jpg,1941,1950,9
43790.jpg,1941,1930,-11
43795.jpg,1941,1990,49
43800.jpg,1941,1850,-91
43805.jpg,1941,1850,-91
43810.jpg,1941,1950,9
43815.jpg,1941,1960,19
43820.jpg,1941,1950,9
43825.jpg,1941,1920,-21
43830.jpg,1941,2000,59
43835.jpg,1941,1980,39
43840.jpg,1941,1970,29
43845.jpg,1941,1930,-11
43850.jpg,1941,1950,9
43855.jpg,1941,1900,-41
43860.jpg,1941,1950,9
43865.jpg,1942,1950,8
43870.jpg,1942,1930,-12
43875.jpg,1942,1950,8
43880.jpg,1942,1950,8
43885.jpg,1942,1979,37
43890.jpg,1942,1970,28
43895.jpg,1942,1930,-12
43900.jpg,1942,1900,-42
43905.jpg,1942,1930,-12
43910.jpg,1942,1970,28
43915.jpg,1942,1950,8
43920.jpg,1942,1930,-12
43925.jpg,1942,2005,63
43930.jpg,1942,1950,8
43935.jpg,1942,1920,-22
43940.jpg,1942,1850,-92
43945.jpg,1942,1950,8
43950.jpg,1942,1900,-42
43955.jpg,1942,1920,-22
43960.jpg,1943,1970,27
43965.jpg,1943,1970,27
43970.jpg,1943,2000,57
43975.jpg,1943,1850,-93
43980.jpg,1943,1942,-1
43985.jpg,1943,1950,7
43990.jpg,1943,20,-1923
43995.jpg,1943,1950,7
44000.jpg,1943,1950,7
44005.jpg,1943,1990,47
44010.jpg,1943,1950,7
44015.jpg,1943,1950,7
44020.jpg,1943,1945,2
44025.jpg,1943,1960,17
44030.jpg,1944,1450,-494
44035.jpg,1944,1980,36
44040.jpg,1944,1965,21
44045.jpg,1944,1910,-34
44050.jpg,1944,1850,-94
44055.jpg,1944,1550,-394
44060.jpg,1945,1800,-145
44065.jpg,1945,1930,-15
44075.jpg,1945,1975,30
44080.jpg,1945,1927,-18
44090.jpg,1945,1900,-45
44095.jpg,1945,1960,15
44100.jpg,1945,1974,29
44105.jpg,1945,1950,5
44110.jpg,1945,1920,-25
44115.jpg,1946,2000,54
44120.jpg,1946,1980,34
44125.jpg,1946,1970,24
44130.jpg,1946,1250,-696
44135.jpg,1946,1914,-32
44140.jpg,1946,1990,44
44145.jpg,1946,1960,14
44150.jpg,1946,1920,-26
44155.jpg,1946,1930,-16
44160.jpg,1946,1985,39
44165.jpg,1946,1950,4
44170.jpg,1946,1970,24
44175.jpg,1947,1940,-7
44180.jpg,1947,1940,-7
44185.jpg,1947,1850,-97
44190.jpg,1947,2000,53
44195.jpg,1947,1980,33
44200.jpg,1947,1975,28
44205.jpg,1947,1970,23
44210.jpg,1947,1969,22
44215.jpg,1947,1950,3
44220.jpg,1947,1940,-7
44230.jpg,1947,1950,3
44240.jpg,1947,1940,-7
44245.jpg,1947,1920,-27
44250.jpg,1947,1940,-7
44255.jpg,1947,1990,43
44260.jpg,1947,1950,3
44270.jpg,1947,1960,13
44275.jpg,1947,1850,-97
44280.jpg,1947,1930,-17
44285.jpg,1948,1940,-8
44290.jpg,1948,2014,66
44295.jpg,1948,2000,52
44300.jpg,1948,1920,-28
44305.jpg,1948,1970,22
44310.jpg,1948,1950,2
44315.jpg,1948,2010,62
44320.jpg,1948,1950,2
44325.jpg,1948,1930,-18
44330.jpg,1948,1920,-28
44335.jpg,1948,1850,-98
44340.jpg,1948,1910,-38
44345.jpg,1948,1950,2
44350.jpg,1948,1962,14
44355.jpg,1948,1945,-3
44360.jpg,1948,1950,2
44365.jpg,1948,1950,2
44370.jpg,1948,1870,-78
44375.jpg,1948,1910,-38
44380.jpg,1948,1990,42
44385.jpg,1948,1970,22
44390.jpg,1948,1950,2
44395.jpg,1948,1930,-18
44400.jpg,1949,1750,-199
44405.jpg,1949,2000,51
44410.jpg,1949,1930,-19
44415.jpg,1949,1999,50
44420.jpg,1949,2000,51
44425.jpg,1949,1970,21
44430.jpg,1949,1960,11
44435.jpg,1949,1950,1
44440.jpg,1949,1960,11
44445.jpg,1949,1970,21
44450.jpg,1949,1930,-19
44455.jpg,1949,1930,-19
44460.jpg,1949,1950,1
44465.jpg,1949,1935,-14
44470.jpg,1949,2000,51
44475.jpg,1949,1950,1
44480.jpg,1949,1961,12
44485.jpg,1949,1950,1
44490.jpg,1949,1900,-49
44495.jpg,1949,1950,1
44500.jpg,1949,20,-1929
44510.jpg,1949,1916,-33
44515.jpg,1949,1900,-49
44520.jpg,1949,1990,41
44525.jpg,1949,1940,-9
44530.jpg,1949,1950,1
44535.jpg,1949,1960,11
44540.jpg,1950,1970,20
44545.jpg,1950,1950,0
44550.jpg,1950,1950,0
44555.jpg,1950,1950,0
44560.jpg,1950,1990,40
44565.jpg,1950,1995,45
44570.jpg,1950,1970,20
44575.jpg,1950,1925,-25
44585.jpg,1950,1950,0
44590.jpg,1950,1950,0
44595.jpg,1950,1988,38
44600.jpg,1950,1970,20
44605.jpg,1950,1930,-20
44610.jpg,1950,1930,-20
44615.jpg,1950,1950,0
44620.jpg,1950,1950,0
44625.jpg,1950,1919,-31
44630.jpg,1950,1935,-15
44635.jpg,1950,1959,9
44640.jpg,1950,1950,0
44645.jpg,1950,1920,-30
44650.jpg,1950,1950,0
44655.jpg,1950,1950,0
44660.jpg,1950,1960,10
44665.jpg,1950,1900,-50
44680.jpg,1950,1960,10
44685.jpg,1950,1950,0
44690.jpg,1950,1950,0
44695.jpg,1950,30,-1920
44700.jpg,1950,1960,10
44705.jpg,1951,1960,9
44710.jpg,1951,1906,-45
44720.jpg,1951,1980,29
44725.jpg,1951,1970,19
44730.jpg,1951,1970,19
44735.jpg,1951,1920,-31
44740.jpg,1951,1910,-41
44745.jpg,1951,1980,29
44750.jpg,1951,1960,9
44755.jpg,1951,1960,9
44760.jpg,1951,1955,4
44765.jpg,1951,1950,-1
44770.jpg,1951,1300,-651
44775.jpg,1951,1910,-41
44780.jpg,1951,1850,-101
44785.jpg,1951,1950,-1
44790.jpg,1951,1960,9
44795.jpg,1951,2015,64
44800.jpg,1951,1950,-1
44810.jpg,1951,1900,-51
44815.jpg,1951,1950,-1
44820.jpg,1951,1960,9
44825.jpg,1951,2022,71
44830.jpg,1951,2021,70
44840.jpg,1951,1950,-1
44845.jpg,1952,1970,18
44850.jpg,1952,1980,28
44855.jpg,1952,2000,48
44860.jpg,1952,1992,40
44865.jpg,1952,2000,48
44870.jpg,1952,1980,28
44875.jpg,1952,1960,8
44880.jpg,1952,1960,8
44885.jpg,1952,1970,18
44890.jpg,1952,1970,18
44895.jpg,1952,1953,1
44900.jpg,1952,1920,-32
44905.jpg,1952,1940,-12
44910.jpg,1952,2000,48
44915.jpg,1952,1930,-22
44920.jpg,1952,1970,18
44925.jpg,1952,2000,48
44930.jpg,1952,2005,53
44940.jpg,1952,1980,28
44945.jpg,1952,1990,38
44950.jpg,1952,1970,18
44955.jpg,1952,2000,48
44960.jpg,1953,1970,17
44965.jpg,1953,2000,47
44970.jpg,1953,2000,47
44980.jpg,1953,1930,-23
44985.jpg,1953,2010,57
44990.jpg,1953,1999,46
44995.jpg,1953,1960,7
45000.jpg,1953,2200,247
45005.jpg,1953,1930,-23
45010.jpg,1953,1900,-53
45015.jpg,1953,1960,7
45020.jpg,1953,1950,-3
45025.jpg,1953,1920,-33
45030.jpg,1953,1950,-3
45035.jpg,1953,1950,-3
45040.jpg,1953,1920,-33
45045.jpg,1953,1900,-53
45050.jpg,1953,1950,-3
45055.jpg,1953,1950,-3
45060.jpg,1953,1950,-3
45065.jpg,1953,1970,17
45070.jpg,1953,1950,-3
45075.jpg,1953,2000,47
45080.jpg,1953,2000,47
45085.jpg,1953,1950,-3
45090.jpg,1953,1900,-53
45095.jpg,1954,1964,10
45100.jpg,1954,1990,36
45105.jpg,1954,1965,11
45110.jpg,1954,1960,6
45115.jpg,1954,2000,46
45120.jpg,1954,1975,21
45125.jpg,1954,1985,31
45130.jpg,1954,1970,16
45135.jpg,1954,1965,11
45140.jpg,1954,1972,18
45150.jpg,1954,1950,-4
45155.jpg,1954,1925,-29
45160.jpg,1954,1950,-4
45165.jpg,1954,1850,-104
45170.jpg,1954,2002,48
45175.jpg,1954,1930,-24
45180.jpg,1954,1950,-4
45185.jpg,1954,1950,-4
45190.jpg,1954,1950,-4
45195.jpg,1954,1910,-44
45200.jpg,1954,1950,-4
45205.jpg,1954,1929,-25
45210.jpg,1954,1920,-34
45215.jpg,1954,1990,36
45220.jpg,1954,1857,-97
45225.jpg,1954,1956,2
45230.jpg,1954,1990,36
45235.jpg,1955,1800,-155
45240.jpg,1955,2000,45
45245.jpg,1955,1960,5
45250.jpg,1955,1981,26
45255.jpg,1955,1960,5
45260.jpg,1955,1900,-55
45265.jpg,1955,2010,55
45275.jpg,1955,1960,5
45280.jpg,1955,1985,30
45285.jpg,1955,1950,-5
45290.jpg,1955,1980,25
45295.jpg,1955,1965,10
45300.jpg,1955,2010,55
45310.jpg,1955,1950,-5
45315.jpg,1955,20,-1935
45320.jpg,1955,1902,-53
45325.jpg,1955,1930,-25
45330.jpg,1955,1960,5
45335.jpg,1955,1950,-5
45345.jpg,1955,1990,35
45350.jpg,1955,1925,-30
45355.jpg,1955,1990,35
45360.jpg,1955,1780,-175
45365.jpg,1955,1970,15
45370.jpg,1955,1929,-26
45375.jpg,1955,1800,-155
45385.jpg,1956,1980,24
45390.jpg,1956,1950,-6
45395.jpg,1956,1990,34
45400.jpg,1956,1998,42
45405.jpg,1956,1962,6
45410.jpg,1956,1970,14
45415.jpg,1956,1950,-6
45420.jpg,1956,1950,-6
45430.jpg,1956,20,-1936
45435.jpg,1956,1930,-26
45440.jpg,1956,1960,4
45445.jpg,1956,1970,14
45450.jpg,1956,1950,-6
45455.jpg,1956,1995,39
45460.jpg,1956,1925,-31
45465.jpg,1956,1980,24
45470.jpg,1956,1935,-21
45475.jpg,1956,1959,3
45480.jpg,1956,1960,4
45485.jpg,1956,1976,20
45490.jpg,1956,1950,-6
45495.jpg,1956,1850,-106
45500.jpg,1956,2000,44
45505.jpg,1956,1980,24
45510.jpg,1956,2000,44
45515.jpg,1956,2010,54
45520.jpg,1956,2010,54
45530.jpg,1957,1950,-7
45535.jpg,1957,1950,-7
45540.jpg,1957,1985,28
45545.jpg,1957,1987,30
45550.jpg,1957,2005,48
45555.jpg,1957,1930,-27
45560.jpg,1957,1958,1
45565.jpg,1957,1970,13
45570.jpg,1957,1975,18
45575.jpg,1957,1930,-27
45585.jpg,1957,1915,-42
45590.jpg,1957,1970,13
45595.jpg,1957,1990,33
45605.jpg,1957,1985,28
45610.jpg,1957,1970,13
45615.jpg,1957,1970,13
45620.jpg,1957,1960,3
45630.jpg,1957,1950,-7
45635.jpg,1957,1900,-57
45640.jpg,1957,1950,-7
45645.jpg,1957,1850,-107
45650.jpg,1957,1960,3
45655.jpg,1957,1950,-7
45660.jpg,1957,1966,9
45665.jpg,1957,1850,-107
45675.jpg,1957,2000,43
45680.jpg,1957,1920,-37
45685.jpg,1957,1970,13
45695.jpg,1957,2022,65
45700.jpg,1958,1900,-58
45705.jpg,1958,2020,62
45715.jpg,1958,1960,2
45720.jpg,1958,1990,32
45730.jpg,1958,1970,12
45735.jpg,1958,2010,52
45740.jpg,1958,1980,22
45745.jpg,1958,1950,-8
45750.jpg,1958,1990,32
45755.jpg,1958,1910,-48
45760.jpg,1958,1950,-8
45765.jpg,1958,1950,-8
45770.jpg,1958,19,-1939
45775.jpg,1958,1970,12
45780.jpg,1958,1963,5
45785.jpg,1958,1850,-108
45790.jpg,1958,1950,-8
45795.jpg,1958,1960,2
45800.jpg,1958,1930,-28
45805.jpg,1958,1950,-8
45810.jpg,1958,1650,-308
45815.jpg,1958,2000,42
45820.jpg,1958,1995,37
45825.jpg,1958,1990,32
45830.jpg,1958,2000,42
45835.jpg,1958,1940,-18
45840.jpg,1958,1970,12
45845.jpg,1958,1968,10
45850.jpg,1958,1950,-8
45855.jpg,1959,1990,31
45860.jpg,1959,1600,-359
45870.jpg,1959,1980,21
45880.jpg,1959,1925,-34
45885.jpg,1959,1970,11
45890.jpg,1959,1930,-29
45895.jpg,1959,1950,-9
45900.jpg,1959,1970,11
45905.jpg,1959,1960,1
45910.jpg,1959,1950,-9
45915.jpg,1959,1950,-9
45925.jpg,1959,1950,-9
45930.jpg,1959,1960,1
45935.jpg,1959,1970,11
45940.jpg,1959,1980,21
45945.jpg,1959,2000,41
45950.jpg,1959,1990,31
45955.jpg,1959,1996,37
45960.jpg,1959,2450,491
45965.jpg,1959,1930,-29
45970.jpg,1959,1998,39
45975.jpg,1959,1970,11
45980.jpg,1959,1950,-9
45985.jpg,1959,1920,-39
45990.jpg,1960,1890,-70
45995.jpg,1960,1980,20
46000.jpg,1960,1980,20
46005.jpg,1960,2000,40
46015.jpg,1960,1970,10
46025.jpg,1960,1990,30
46030.jpg,1960,1970,10
46035.jpg,1960,1975,15
46040.jpg,1960,1970,10
46045.jpg,1960,1970,10
46050.jpg,1960,1920,-40
46055.jpg,1960,1920,-40
46060.jpg,1960,1970,10
46065.jpg,1960,1970,10
46070.jpg,1960,1927,-33
46075.jpg,1960,1990,30
46080.jpg,1960,1966,6
46085.jpg,1960,1500,-460
46090.jpg,1960,1992,32
46095.jpg,1960,1970,10
46100.jpg,1960,1960,0
46105.jpg,1960,1960,0
46110.jpg,1960,1990,30
46115.jpg,1960,2000,40
46120.jpg,1960,1992,32
46130.jpg,1960,1870,-90
46135.jpg,1960,1960,0
46140.jpg,1960,1530,-430
46145.jpg,1960,1950,-10
46150.jpg,1960,1967,7
46155.jpg,1961,1900,-61
46160.jpg,1961,1960,-1
46170.jpg,1961,2018,57
46180.jpg,1961,1960,-1
46185.jpg,1961,1980,19
46190.jpg,1961,1900,-61
46195.jpg,1961,1998,37
46200.jpg,1961,1980,19
46205.jpg,1961,1970,9
46210.jpg,1961,1980,19
46215.jpg,1961,1990,29
46220.jpg,1961,1970,9
46225.jpg,1961,1940,-21
46230.jpg,1961,1980,19
46235.jpg,1961,1950,-11
46240.jpg,1961,2015,54
46245.jpg,1961,1947,-14
46250.jpg,1961,1850,-111
46255.jpg,1961,1959,-2
46260.jpg,1961,1950,-11
46265.jpg,1961,20,-1941
46270.jpg,1961,1937,-24
46275.jpg,1961,1950,-11
46280.jpg,1961,1850,-111
46285.jpg,1961,2010,49
46290.jpg,1961,1990,29
46295.jpg,1961,1990,29
46305.jpg,1961,1980,19
46310.jpg,1961,1960,-1
46315.jpg,1961,1990,29
46320.jpg,1962,1970,8
46330.jpg,1962,1890,-72
46335.jpg,1962,2000,38
46340.jpg,1962,1962,0
46345.jpg,1962,1990,28
46350.jpg,1962,1970,8
46355.jpg,1962,1985,23
46360.jpg,1962,1969,7
46365.jpg,1962,1967,5
46370.jpg,1962,1950,-12
46375.jpg,1962,1970,8
46380.jpg,1962,1960,-2
46385.jpg,1962,1960,-2
46390.jpg,1962,1968,6
46395.jpg,1962,1950,-12
46400.jpg,1962,1890,-72
46405.jpg,1962,1950,-12
46410.jpg,1962,1990,28
46415.jpg,1962,1920,-42
46420.jpg,1962,1970,8
46425.jpg,1962,1960,-2
46430.jpg,1962,1970,8
46435.jpg,1962,1850,-112
46440.jpg,1962,1980,18
46445.jpg,1962,1990,28
46450.jpg,1962,1950,-12
46455.jpg,1962,2012,50
46460.jpg,1962,1970,8
46465.jpg,1963,1950,-13
46470.jpg,1963,2000,37
46475.jpg,1963,1970,7
46480.jpg,1963,1950,-13
46490.jpg,1963,1996,33
46495.jpg,1963,1990,27
46500.jpg,1963,1950,-13
46505.jpg,1963,1980,17
46510.jpg,1963,1965,2
46515.jpg,1963,1970,7
46520.jpg,1963,1967,4
46525.jpg,1963,2012,49
46530.jpg,1963,1975,12
46535.jpg,1963,1956,-7
46540.jpg,1963,1930,-33
46545.jpg,1963,1960,-3
46550.jpg,1963,1970,7
46555.jpg,1963,1995,32
46560.jpg,1963,1960,-3
46565.jpg,1963,1970,7
46570.jpg,1963,1990,27
46575.jpg,1963,1940,-23
46580.jpg,1963,1990,27
46585.jpg,1963,1999,36
46590.jpg,1963,1450,-513
46595.jpg,1963,1912,-51
46600.jpg,1963,1985,22
46605.jpg,1963,1990,27
46615.jpg,1963,1700,-263
46620.jpg,1963,1950,-13
46625.jpg,1963,2000,37
46630.jpg,1963,1920,-43
46635.jpg,1964,1970,6
46640.jpg,1964,1500,-464
46645.jpg,1964,1960,-4
46650.jpg,1964,1930,-34
46655.jpg,1964,1971,7
46660.jpg,1964,1996,32
46665.jpg,1964,1964,0
46670.jpg,1964,1960,-4
46675.jpg,1964,1990,26
46680.jpg,1964,2000,36
46685.jpg,1964,2000,36
46690.jpg,1964,2000,36
46695.jpg,1964,2000,36
46700.jpg,1964,1960,-4
46705.jpg,1964,2000,36
46710.jpg,1964,1970,6
46715.jpg,1964,1950,-14
46720.jpg,1964,1965,1
46725.jpg,1964,1950,-14
46730.jpg,1964,1985,21
46735.jpg,1964,1980,16
46740.jpg,1964,1950,-14
46745.jpg,1964,1980,16
46750.jpg,1964,1930,-34
46755.jpg,1964,1950,-14
46760.jpg,1964,1780,-184
46765.jpg,1964,1980,16
46770.jpg,1964,1950,-14
46775.jpg,1964,1935,-29
46780.jpg,1964,1990,26
46785.jpg,1964,1950,-14
46790.jpg,1964,1990,26
46795.jpg,1964,1930,-34
46805.jpg,1964,1970,6
46810.jpg,1964,1960,-4
46815.jpg,1964,1950,-14
46820.jpg,1965,1990,25
46825.jpg,1965,1970,5
46830.jpg,1965,1968,3
46835.jpg,1965,2000,35
46840.jpg,1965,1450,-515
46845.jpg,1965,1990,25
46850.jpg,1965,1975,10
46860.jpg,1965,2000,35
46865.jpg,1965,1980,15
46870.jpg,1965,21,-1944
46875.jpg,1965,1956,-9
46885.jpg,1965,1964,-1
46890.jpg,1965,2010,45
46895.jpg,1965,1953,-12
46900.jpg,1965,1990,25
46905.jpg,1965,1905,-60
46910.jpg,1965,1950,-15
46915.jpg,1965,1950,-15
46920.jpg,1965,1995,30
46930.jpg,1965,1965,0
46935.jpg,1965,1960,-5
46940.jpg,1965,1910,-55
46945.jpg,1965,2000,35
46950.jpg,1965,1990,25
46955.jpg,1965,1990,25
46960.jpg,1965,2000,35
46965.jpg,1965,1990,25
46970.jpg,1965,1960,-5
46990.jpg,1965,1970,5
46995.jpg,1965,20,-1945
47000.jpg,1965,1962,-3
47005.jpg,1966,1950,-16
47010.jpg,1966,1990,24
47015.jpg,1966,1950,-16
47020.jpg,1966,1964,-2
47025.jpg,1966,2005,39
47030.jpg,1966,1990,24
47035.jpg,1966,2010,44
47040.jpg,1966,1998,32
47050.jpg,1966,1970,4
47055.jpg,1966,1995,29
47060.jpg,1966,2000,34
47065.jpg,1966,1920,-46
47070.jpg,1966,1929,-37
47075.jpg,1966,1990,24
47080.jpg,1966,1970,4
47085.jpg,1966,1970,4
47090.jpg,1966,1970,4
47100.jpg,1966,1850,-116
47105.jpg,1966,1963,-3
47115.jpg,1966,1930,-36
47120.jpg,1966,1950,-16
47125.jpg,1966,1920,-46
47130.jpg,1966,1930,-36
47135.jpg,1966,2000,34
47140.jpg,1966,1960,-6
47145.jpg,1966,1920,-46
47150.jpg,1966,1950,-16
47155.jpg,1966,1920,-46
47170.jpg,1966,1980,14
47175.jpg,1966,1990,24
47180.jpg,1966,1970,4
47185.jpg,1966,1960,-6
47190.jpg,1966,1900,-66
47195.jpg,1966,1960,-6
47200.jpg,1966,1917,-49
47205.jpg,1966,1970,4
47210.jpg,1966,2000,34
47215.jpg,1966,1950,-16
47220.jpg,1966,2019,53
47225.jpg,1967,1990,23
47230.jpg,1967,1955,-12
47235.jpg,1967,1900,-67
47240.jpg,1967,1950,-17
47245.jpg,1967,1980,13
47255.jpg,1967,2000,33
47265.jpg,1967,1990,23
47270.jpg,1967,2010,43
47275.jpg,1967,1990,23
47280.jpg,1967,1980,13
47285.jpg,1967,1980,13
47290.jpg,1967,2000,33
47295.jpg,1967,1954,-13
47300.jpg,1967,1860,-107
47305.jpg,1967,1824,-143
47310.jpg,1967,1950,-17
47315.jpg,1967,1960,-7
47320.jpg,1967,1985,18
47325.jpg,1967,1957,-10
47330.jpg,1967,1965,-2
47335.jpg,1967,1950,-17
47340.jpg,1967,1990,23
47345.jpg,1967,1970,3
47350.jpg,1967,1950,-17
47355.jpg,1967,1965,-2
47360.jpg,1967,1920,-47
47365.jpg,1967,1930,-37
47370.jpg,1967,1900,-67
47375.jpg,1967,1930,-37
47380.jpg,1967,1970,3
47385.jpg,1967,2000,33
47395.jpg,1967,1970,3
47400.jpg,1967,1980,13
47405.jpg,1967,1990,23
47410.jpg,1967,1985,18
47420.jpg,1967,1970,3
47425.jpg,1967,1990,23
47430.jpg,1967,2006,39
47435.jpg,1967,1980,13
47440.jpg,1967,1980,13
47445.jpg,1967,1980,13
47450.jpg,1968,1960,-8
47455.jpg,1968,1965,-3
47460.jpg,1968,1965,-3
47465.jpg,1968,1990,22
47470.jpg,1968,1960,-8
47475.jpg,1968,1975,7
47480.jpg,1968,2000,32
47485.jpg,1968,1990,22
47490.jpg,1968,2010,42
47495.jpg,1968,1958,-10
47500.jpg,1968,1973,5
47505.jpg,1968,1987,19
47515.jpg,1968,1950,-18
47520.jpg,1968,1925,-43
47525.jpg,1968,1990,22
47530.jpg,1968,1960,-8
47535.jpg,1968,1970,2
47540.jpg,1968,1960,-8
47545.jpg,1968,1960,-8
47550.jpg,1968,1980,12
47555.jpg,1968,1966,-2
47560.jpg,1968,1991,23
47565.jpg,1968,1960,-8
47570.jpg,1968,1950,-18
47575.jpg,1968,1800,-168
47580.jpg,1968,1962,-6
47585.jpg,1968,1890,-78
47590.jpg,1968,2000,32
47595.jpg,1968,1970,2
47600.jpg,1968,2010,42
47610.jpg,1968,2000,32
47620.jpg,1968,1990,22
47625.jpg,1968,1960,-8
47630.jpg,1968,1990,22
47635.jpg,1968,1970,2
47640.jpg,1968,1970,2
47645.jpg,1968,1975,7
47650.jpg,1969,1950,-19
47655.jpg,1969,1970,1
47660.jpg,1969,1970,1
47665.jpg,1969,1970,1
47670.jpg,1969,1970,1
47675.jpg,1969,1970,1
47680.jpg,1969,1980,11
47685.jpg,1969,1970,1
47690.jpg,1969,1980,11
47695.jpg,1969,1950,-19
47700.jpg,1969,2000,31
47710.jpg,1969,1950,-19
47715.jpg,1969,1900,-69
47720.jpg,1969,1980,11
47730.jpg,1969,1970,1
47735.jpg,1969,1970,1
47740.jpg,1969,20,-1949
47745.jpg,1969,1970,1
47750.jpg,1969,2000,31
47755.jpg,1969,1920,-49
47760.jpg,1969,1940,-29
47765.jpg,1969,1990,21
47770.jpg,1969,1980,11
47780.jpg,1969,1990,21
47785.jpg,1969,1990,21
47790.jpg,1969,1960,-9
47795.jpg,1969,1970,1
47800.jpg,1969,1970,1
47805.jpg,1969,1950,-19
47810.jpg,1969,1980,11
47815.jpg,1969,2000,31
47820.jpg,1969,1990,21
47825.jpg,1969,1970,1
47830.jpg,1969,1960,-9
47835.jpg,1970,1974,4
47840.jpg,1970,20,-1950
47845.jpg,1970,1985,15
47850.jpg,1970,1980,10
47855.jpg,1970,1957,-13
47860.jpg,1970,1995,25
47865.jpg,1970,1990,20
47870.jpg,1970,1970,0
47875.jpg,1970,2000,30
47880.jpg,1970,2004,34
47890.jpg,1970,2000,30
47895.jpg,1970,1970,0
47900.jpg,1970,1970,0
47905.jpg,1970,1970,0
47910.jpg,1970,1970,0
47915.jpg,1970,2000,30
47920.jpg,1970,1970,0
47925.jpg,1970,1950,-20
47930.jpg,1970,1980,10
47935.jpg,1970,1960,-10
47940.jpg,1970,1965,-5
47945.jpg,1970,1850,-120
47950.jpg,1970,2000,30
47955.jpg,1970,1990,20
47960.jpg,1970,1982,12
47965.jpg,1970,1980,10
47970.jpg,1970,1980,10
47975.jpg,1970,1950,-20
47980.jpg,1970,1925,-45
47985.jpg,1970,2023,53
47990.jpg,1970,1970,0
47995.jpg,1970,2007,37
48000.jpg,1971,1970,-1
48005.jpg,1971,1971,0
48010.jpg,1971,1964,-7
48020.jpg,1971,1990,19
48025.jpg,1971,1980,9
48030.jpg,1971,2002,31
48035.jpg,1971,1960,-11
48040.jpg,1971,2000,29
48045.jpg,1971,1987,16
48050.jpg,1971,1950,-21
48065.jpg,1971,1970,-1
48070.jpg,1971,1954,-17
48075.jpg,1971,1957,-14
48080.jpg,1971,1976,5
48085.jpg,1971,1980,9
48090.jpg,1971,1995,24
48095.jpg,1971,1920,-51
48100.jpg,1971,2010,39
48105.jpg,1971,2000,29
48110.jpg,1971,2000,29
48115.jpg,1971,1980,9
48120.jpg,1971,1990,19
48130.jpg,1971,1980,9
48135.jpg,1971,2000,29
48140.jpg,1971,2000,29
48145.jpg,1971,1990,19
48150.jpg,1971,1990,19
48155.jpg,1971,1960,-11
48160.jpg,1971,1980,9
48170.jpg,1971,1982,11
48175.jpg,1971,1970,-1
48180.jpg,1972,1970,-2
48185.jpg,1972,1965,-7
48190.jpg,1972,1964,-8
48195.jpg,1972,1992,20
48200.jpg,1972,1970,-2
48205.jpg,1972,1970,-2
48215.jpg,1972,1950,-22
48220.jpg,1972,1990,18
48225.jpg,1972,1995,23
48230.jpg,1972,1986,14
48235.jpg,1972,1999,27
48240.jpg,1972,1960,-12
48245.jpg,1972,1995,23
48250.jpg,1972,1987,15
48255.jpg,1972,1950,-22
48260.jpg,1972,1950,-22
48265.jpg,1972,1981,9
48270.jpg,1972,1950,-22
48275.jpg,1972,1870,-102
48280.jpg,1972,1950,-22
48285.jpg,1972,1975,3
48290.jpg,1972,1850,-122
48295.jpg,1972,1971,-1
48300.jpg,1972,1970,-2
48305.jpg,1972,2010,38
48310.jpg,1972,1999,27
48320.jpg,1972,1980,8
48325.jpg,1972,1900,-72
48330.jpg,1972,1990,18
48335.jpg,1972,1650,-322
48340.jpg,1972,20,-1952
48345.jpg,1972,1980,8
48350.jpg,1972,1950,-22
48355.jpg,1972,1950,-22
48360.jpg,1973,1970,-3
48365.jpg,1973,1980,7
48370.jpg,1973,1970,-3
48375.jpg,1973,1970,-3
48380.jpg,1973,1980,7
48385.jpg,1973,2010,37
48390.jpg,1973,1960,-13
48395.jpg,1973,1980,7
48400.jpg,1973,1990,17
48405.jpg,1973,1970,-3
48410.jpg,1973,1950,-23
48415.jpg,1973,2018,45
48420.jpg,1973,1980,7
48425.jpg,1973,1960,-13
48430.jpg,1973,1960,-13
48435.jpg,1973,1960,-13
48440.jpg,1973,1982,9
48445.jpg,1973,-1,-1974
48450.jpg,1973,1950,-23
48455.jpg,1973,1970,-3
48465.jpg,1973,1900,-73
48475.jpg,1973,1985,12
48480.jpg,1973,1950,-23
48490.jpg,1973,2000,27
48495.jpg,1973,2005,32
48500.jpg,1973,1880,-93
48505.jpg,1973,1970,-3
48510.jpg,1973,2000,27
48515.jpg,1973,1250,-723
48525.jpg,1973,1964,-9
48530.jpg,1974,1980,6
48535.jpg,1974,1975,1
48540.jpg,1974,2000,26
48545.jpg,1974,1970,-4
48550.jpg,1974,1950,-24
48555.jpg,1974,1990,16
48560.jpg,1974,2000,26
48565.jpg,1974,2008,34
48570.jpg,1974,1950,-24
48575.jpg,1974,1980,6
48580.jpg,1974,2010,36
48585.jpg,1974,20,-1954
48590.jpg,1974,1950,-24
48595.jpg,1974,1960,-14
48600.jpg,1974,1955,-19
48605.jpg,1974,1990,16
48610.jpg,1974,2000,26
48615.jpg,1974,2000,26
48620.jpg,1974,1960,-14
48625.jpg,1974,1960,-14
48630.jpg,1974,1990,16
48635.jpg,1974,2010,36
48640.jpg,1974,1920,-54
48650.jpg,1974,1965,-9
48670.jpg,1974,1990,16
48675.jpg,1974,1990,16
48680.jpg,1974,2005,31
48685.jpg,1974,2005,31
48690.jpg,1974,1970,-4
48695.jpg,1974,1900,-74
48700.jpg,1974,1980,6
48705.jpg,1974,1971,-3
48710.jpg,1974,1990,16
48715.jpg,1974,1974,0
48720.jpg,1974,2015,41
48725.jpg,1974,1850,-124
48735.jpg,1975,2000,25
48740.jpg,1975,1990,15
48745.jpg,1975,2001,26
48750.jpg,1975,1970,-5
48755.jpg,1975,1950,-25
48760.jpg,1975,1960,-15
48765.jpg,1975,1985,10
48770.jpg,1975,1973,-2
48775.jpg,1975,1980,5
48780.jpg,1975,2000,25
48785.jpg,1975,2000,25
48790.jpg,1975,2000,25
48795.jpg,1975,2000,25
48800.jpg,1975,1974,-1
48805.jpg,1975,1970,-5
48810.jpg,1975,2010,35
48815.jpg,1975,1965,-10
48820.jpg,1975,2010,35
48825.jpg,1975,1950,-25
48830.jpg,1975,1975,0
48835.jpg,1975,2010,35
48840.jpg,1975,1999,24
48845.jpg,1975,2016,41
48850.jpg,1975,1990,15
48855.jpg,1975,1996,21
48860.jpg,1975,2000,25
48865.jpg,1975,1990,15
48870.jpg,1975,1990,15
48875.jpg,1975,1980,5
48880.jpg,1975,1980,5
48885.jpg,1975,1960,-15
48890.jpg,1975,1980,5
48895.jpg,1975,1990,15
48900.jpg,1976,1930,-46
48905.jpg,1976,2000,24
48910.jpg,1976,1980,4
48915.jpg,1976,1950,-26
48920.jpg,1976,1997,21
48925.jpg,1976,1990,14
48930.jpg,1976,2005,29
48940.jpg,1976,2000,24
48945.jpg,1976,1980,4
48950.jpg,1976,2010,34
48955.jpg,1976,1970,-6
48960.jpg,1976,1970,-6
48965.jpg,1976,1960,-16
48970.jpg,1976,1962,-14
48975.jpg,1976,1990,14
48985.jpg,1976,1998,22
48990.jpg,1976,1950,-26
49000.jpg,1976,1400,-576
49020.jpg,1976,1990,14
49030.jpg,1976,1998,22
49035.jpg,1976,1980,4
49040.jpg,1976,1970,-6
49045.jpg,1976,1990,14
49050.jpg,1976,2000,24
49060.jpg,1976,1975,-1
49065.jpg,1976,1920,-56
49070.jpg,1976,1960,-16
49075.jpg,1976,1750,-226
49080.jpg,1976,1975,-1
49085.jpg,1976,1973,-3
49090.jpg,1976,1980,4
49095.jpg,1977,1960,-17
49100.jpg,1977,1870,-107
49105.jpg,1977,1973,-4
49110.jpg,1977,1998,21
49115.jpg,1977,1980,3
49120.jpg,1977,1950,-27
49125.jpg,1977,2000,23
49130.jpg,1977,2000,23
49135.jpg,1977,1960,-17
49140.jpg,1977,1980,3
49145.jpg,1977,1977,0
49150.jpg,1977,1960,-17
49155.jpg,1977,1960,-17
49160.jpg,1977,1990,13
49165.jpg,1977,1950,-27
49170.jpg,1977,2021,44
49175.jpg,1977,1860,-117
49180.jpg,1977,1996,19
49185.jpg,1977,2003,26
49190.jpg,1977,1450,-527
49195.jpg,1977,1980,3
49205.jpg,1977,2000,23
49210.jpg,1977,2000,23
49215.jpg,1977,1990,13
49220.jpg,1977,2000,23
49225.jpg,1977,1971,-6
49230.jpg,1977,1990,13
49235.jpg,1977,1979,2
49240.jpg,1977,1970,-7
49250.jpg,1977,1850,-127
49255.jpg,1977,1980,3
49260.jpg,1978,1990,12
49265.jpg,1978,20,-1958
49270.jpg,1978,1990,12
49280.jpg,1978,1997,19
49285.jpg,1978,1980,2
49290.jpg,1978,1920,-58
49295.jpg,1978,2005,27
49305.jpg,1978,1974,-4
49310.jpg,1978,2010,32
49315.jpg,1978,1990,12
49320.jpg,1978,1970,-8
49325.jpg,1978,1958,-20
49330.jpg,1978,2000,22
49335.jpg,1978,1970,-8
49340.jpg,1978,1920,-58
49345.jpg,1978,1999,21
49350.jpg,1978,1970,-8
49355.jpg,1978,2010,32
49360.jpg,1978,2000,22
49365.jpg,1978,1990,12
49370.jpg,1978,1980,2
49375.jpg,1978,1980,2
49385.jpg,1978,2005,27
49390.jpg,1978,1980,2
49395.jpg,1978,1947,-31
49400.jpg,1978,1960,-18
49405.jpg,1979,1950,-29
49410.jpg,1979,1990,11
49415.jpg,1979,1976,-3
49420.jpg,1979,1970,-9
49425.jpg,1979,2000,21
49430.jpg,1979,2020,41
49435.jpg,1979,1960,-19
49440.jpg,1979,1990,11
49445.jpg,1979,2005,26
49450.jpg,1979,1950,-29
49455.jpg,1979,1970,-9
49460.jpg,1979,2000,21
49465.jpg,1979,1800,-179
49470.jpg,1979,1990,11
49475.jpg,1979,1980,1
49480.jpg,1979,1920,-59
49485.jpg,1979,1950,-29
49490.jpg,1979,1920,-59
49495.jpg,1979,1750,-229
49500.jpg,1979,1990,11
49505.jpg,1979,2000,21
49510.jpg,1979,1960,-19
49515.jpg,1979,1980,1
49525.jpg,1979,1980,1
49530.jpg,1979,1990,11
49535.jpg,1979,1980,1
49540.jpg,1979,1960,-19
49545.jpg,1979,1950,-29
49550.jpg,1979,2005,26
49555.jpg,1979,1990,11
49560.jpg,1979,1990,11
49565.jpg,1980,1965,-15
49570.jpg,1980,1850,-130
49585.jpg,1980,1950,-30
49590.jpg,1980,1986,6
49595.jpg,1980,1970,-10
49600.jpg,1980,1980,0
49605.jpg,1980,2010,30
49610.jpg,1980,1970,-10
49615.jpg,1980,2000,20
49620.jpg,1980,1960,-20
49625.jpg,1980,1950,-30
49630.jpg,1980,1990,10
49635.jpg,1980,1990,10
49640.jpg,1980,1850,-130
49645.jpg,1980,1997,17
49650.jpg,1980,2010,30
49655.jpg,1980,1950,-30
49660.jpg,1980,1988,8
49665.jpg,1980,1990,10
49675.jpg,1980,2015,35
49680.jpg,1980,2010,30
49685.jpg,1980,2000,20
49690.jpg,1980,1989,9
49695.jpg,1980,1970,-10
49700.jpg,1980,1988,8
49705.jpg,1980,1995,15
49710.jpg,1981,2000,19
49715.jpg,1981,1995,14
49720.jpg,1981,1987,6
49725.jpg,1981,1972,-9
49735.jpg,1981,1990,9
49740.jpg,1981,1950,-31
49745.jpg,1981,1995,14
49750.jpg,1981,2000,19
49755.jpg,1981,1980,-1
49760.jpg,1981,1970,-11
49770.jpg,1981,1972,-9
49775.jpg,1981,1950,-31
49780.jpg,1981,1990,9
49785.jpg,1981,1950,-31
49790.jpg,1981,1995,14
49795.jpg,1981,1950,-31
49800.jpg,1981,1990,9
49805.jpg,1981,1990,9
49810.jpg,1981,1900,-81
49815.jpg,1981,1966,-15
49820.jpg,1981,1850,-131
49825.jpg,1981,1990,9
49830.jpg,1981,1970,-11
49835.jpg,1981,1964,-17
49840.jpg,1981,1890,-91
49845.jpg,1981,2000,19
49850.jpg,1981,2000,19
49860.jpg,1981,1980,-1
49865.jpg,1981,21,-1960
49875.jpg,1981,1990,9
49880.jpg,1981,2000,19
49885.jpg,1981,2000,19
49890.jpg,1981,2000,19
49895.jpg,1981,1960,-21
49900.jpg,1981,1950,-31
49905.jpg,1981,1997,16
49910.jpg,1981,2007,26
49915.jpg,1981,20,-1961
49920.jpg,1982,1980,-2
49925.jpg,1982,1950,-32
49930.jpg,1982,2000,18
49935.jpg,1982,1960,-22
49940.jpg,1982,20,-1962
49945.jpg,1982,1965,-17
49950.jpg,1982,2014,32
49955.jpg,1982,1980,-2
49960.jpg,1982,1984,2
49965.jpg,1982,1990,8
49975.jpg,1982,2000,18
49980.jpg,1982,1980,-2
49985.jpg,1982,1990,8
49990.jpg,1982,2000,18
49995.jpg,1982,1980,-2
50000.jpg,1982,2003,21
50005.jpg,1982,1995,13
50010.jpg,1982,1978,-4
50015.jpg,1982,1980,-2
50020.jpg,1982,1980,-2
50025.jpg,1982,1970,-12
50030.jpg,1982,1990,8
50035.jpg,1982,1980,-2
50040.jpg,1982,2009,27
50045.jpg,1982,1980,-2
50050.jpg,1982,1970,-12
50055.jpg,1982,1975,-7
50060.jpg,1982,1980,-2
50065.jpg,1982,1920,-62
50070.jpg,1982,1970,-12
50075.jpg,1982,1985,3
50080.jpg,1982,1860,-122
50095.jpg,1982,1920,-62
50100.jpg,1982,1450,-532
50105.jpg,1982,1960,-22
50110.jpg,1982,1880,-102
50115.jpg,1982,1990,8
50120.jpg,1982,2007,25
50145.jpg,1982,1900,-82
50150.jpg,1982,1960,-22
50155.jpg,1982,1986,4
50160.jpg,1983,1800,-183
50165.jpg,1983,1970,-13
50170.jpg,1983,2000,17
50175.jpg,1983,1950,-33
50185.jpg,1983,1950,-33
50190.jpg,1983,1990,7
50195.jpg,1983,1890,-93
50200.jpg,1983,1964,-19
50205.jpg,1983,1980,-3
50210.jpg,1983,1992,9
50220.jpg,1983,2000,17
50225.jpg,1983,-1,-1984
50230.jpg,1983,1990,7
50235.jpg,1983,1990,7
50240.jpg,1983,1980,-3
50245.jpg,1983,1975,-8
50250.jpg,1983,1980,-3
50255.jpg,1983,1960,-23
50260.jpg,1983,2007,24
50270.jpg,1983,1970,-13
50275.jpg,1983,1960,-23
50280.jpg,1983,1970,-13
50285.jpg,1983,1990,7
50290.jpg,1983,1990,7
50295.jpg,1983,1960,-23
50300.jpg,1983,1970,-13
50305.jpg,1983,1980,-3
50310.jpg,1983,1929,-54
50315.jpg,1983,1850,-133
50320.jpg,1983,1960,-23
50325.jpg,1983,1930,-53
50330.jpg,1983,1990,7
50335.jpg,1983,1990,7
50340.jpg,1983,2000,17
50345.jpg,1983,1950,-33
50350.jpg,1983,2000,17
50355.jpg,1983,1960,-23
50360.jpg,1983,1990,7
50365.jpg,1983,1977,-6
50370.jpg,1983,1980,-3
50375.jpg,1983,1970,-13
50380.jpg,1983,2013,30
50385.jpg,1983,2010,27
50390.jpg,1984,1970,-14
50395.jpg,1984,1970,-14
50400.jpg,1984,1970,-14
50405.jpg,1984,1970,-14
50410.jpg,1984,1990,6
50415.jpg,1984,1980,-4
50420.jpg,1984,1990,6
50425.jpg,1984,1980,-4
50430.jpg,1984,1980,-4
50435.jpg,1984,1970,-14
50440.jpg,1984,1980,-4
50445.jpg,1984,1970,-14
50450.jpg,1984,2000,16
50455.jpg,1984,1990,6
50465.jpg,1984,1990,6
50470.jpg,1984,1990,6
50475.jpg,1984,2005,21
50480.jpg,1984,1963,-21
50485.jpg,1984,1980,-4
50490.jpg,1984,1896,-88
50495.jpg,1984,1991,7
50500.jpg,1984,1950,-34
50505.jpg,1984,1980,-4
50515.jpg,1984,2015,31
50520.jpg,1984,1930,-54
50525.jpg,1984,2000,16
50530.jpg,1984,1910,-74
50535.jpg,1984,1850,-134
50540.jpg,1984,1990,6
50545.jpg,1984,1990,6
50550.jpg,1984,2010,26
50555.jpg,1984,1980,-4
50560.jpg,1984,1980,-4
50565.jpg,1984,1970,-14
50570.jpg,1984,1970,-14
50575.jpg,1984,1995,11
50580.jpg,1985,1750,-235
50585.jpg,1985,2004,19
50595.jpg,1985,1960,-25
50600.jpg,1985,1990,5
50605.jpg,1985,1995,10
50610.jpg,1985,2000,15
50615.jpg,1985,1980,-5
50620.jpg,1985,2013,28
50630.jpg,1985,1990,5
50635.jpg,1985,1980,-5
50640.jpg,1985,1980,-5
50645.jpg,1985,1970,-15
50650.jpg,1985,2010,25
50655.jpg,1985,1980,-5
50660.jpg,1985,1988,3
50665.jpg,1985,1995,10
50670.jpg,1985,1990,5
50675.jpg,1985,20,-1965
50680.jpg,1985,1960,-25
50685.jpg,1985,1945,-40
50690.jpg,1985,1990,5
50695.jpg,1985,1994,9
50700.jpg,1985,1950,-35
50705.jpg,1985,1940,-45
50710.jpg,1985,1850,-135
50715.jpg,1985,1992,7
50720.jpg,1985,1800,-185
50730.jpg,1985,1979,-6
50735.jpg,1985,2005,20
50740.jpg,1985,2000,15
50745.jpg,1985,2000,15
50750.jpg,1985,1980,-5
50755.jpg,1985,2000,15
50760.jpg,1985,1950,-35
50765.jpg,1985,2010,25
50770.jpg,1985,1980,-5
50775.jpg,1985,1965,-20
50780.jpg,1986,1968,-18
50785.jpg,1986,1970,-16
50790.jpg,1986,1950,-36
50795.jpg,1986,1987,1
50800.jpg,1986,1995,9
50805.jpg,1986,1920,-66
50810.jpg,1986,2008,22
50815.jpg,1986,1990,4
50820.jpg,1986,1980,-6
50830.jpg,1986,1990,4
50835.jpg,1986,2000,14
50840.jpg,1986,1970,-16
50845.jpg,1986,2010,24
50850.jpg,1986,1975,-11
50855.jpg,1986,1993,7
50860.jpg,1986,1980,-6
50865.jpg,1986,1900,-86
50870.jpg,1986,2000,14
50885.jpg,1986,1980,-6
50890.jpg,1986,1980,-6
50895.jpg,1986,2000,14
50900.jpg,1986,1950,-36
50905.jpg,1986,20,-1966
50910.jpg,1986,1996,10
50915.jpg,1986,2000,14
50920.jpg,1986,1940,-46
50925.jpg,1986,1890,-96
50930.jpg,1986,1967,-19
50935.jpg,1986,1945,-41
50940.jpg,1986,1924,-62
50945.jpg,1986,2000,14
50950.jpg,1986,1985,-1
50955.jpg,1986,20,-1966
50960.jpg,1986,1980,-6
50965.jpg,1986,1990,4
50970.jpg,1986,1995,9
50975.jpg,1986,1980,-6
50980.jpg,1986,1960,-26
50985.jpg,1986,1950,-36
50990.jpg,1987,1750,-237
50995.jpg,1987,1981,-6
51000.jpg,1987,1990,3
51010.jpg,1987,1985,-2
51015.jpg,1987,1970,-17
51020.jpg,1987,1970,-17
51025.jpg,1987,1994,7
51030.jpg,1987,1990,3
51035.jpg,1987,1987,0
51040.jpg,1987,1990,3
51045.jpg,1987,2000,13
51050.jpg,1987,1980,-7
51055.jpg,1987,1981,-6
51060.jpg,1987,1990,3
51065.jpg,1987,1990,3
51070.jpg,1987,1970,-17
51075.jpg,1987,1990,3
51080.jpg,1987,2010,23
51085.jpg,1987,1950,-37
51090.jpg,1987,2000,13
51095.jpg,1987,1970,-17
51100.jpg,1987,1950,-37
51105.jpg,1987,1995,8
51110.jpg,1987,1970,-17
51115.jpg,1987,1980,-7
51120.jpg,1987,2010,23
51125.jpg,1987,1920,-67
51130.jpg,1987,1850,-137
51135.jpg,1987,1975,-12
51140.jpg,1987,2000,13
51145.jpg,1987,1980,-7
51155.jpg,1987,1980,-7
51165.jpg,1987,18,-1969
51170.jpg,1987,1920,-67
51175.jpg,1987,1998,11
51180.jpg,1987,2005,18
51200.jpg,1988,2000,12
51205.jpg,1988,2000,12
51210.jpg,1988,1982,-6
51215.jpg,1988,1995,7
51220.jpg,1988,1980,-8
51225.jpg,1988,2000,12
51240.jpg,1988,2010,22
51245.jpg,1988,1980,-8
51250.jpg,1988,2000,12
51255.jpg,1988,2008,20
51260.jpg,1988,1950,-38
51265.jpg,1988,1995,7
51270.jpg,1988,2005,17
51275.jpg,1988,1970,-18
51280.jpg,1988,1990,2
51285.jpg,1988,1980,-8
51290.jpg,1988,1993,5
51295.jpg,1988,1972,-16
51300.jpg,1988,2000,12
51305.jpg,1988,1960,-28
51310.jpg,1988,1990,2
51315.jpg,1988,1980,-8
51320.jpg,1988,1927,-61
51330.jpg,1988,1800,-188
51335.jpg,1988,1900,-88
51340.jpg,1988,1990,2
51345.jpg,1988,1890,-98
51350.jpg,1988,1900,-88
51355.jpg,1988,1960,-28
51360.jpg,1988,2000,12
51365.jpg,1988,1985,-3
51370.jpg,1988,2000,12
51375.jpg,1988,1950,-38
51380.jpg,1988,2000,12
51385.jpg,1988,1975,-13
51390.jpg,1988,2015,27
51395.jpg,1988,1970,-18
51400.jpg,1988,1982,-6
51405.jpg,1988,1977,-11
51410.jpg,1989,1991,2
51415.jpg,1989,1979,-10
51420.jpg,1989,1980,-9
51425.jpg,1989,2010,21
51430.jpg,1989,2000,11
51435.jpg,1989,1990,1
51440.jpg,1989,1970,-19
51445.jpg,1989,1970,-19
51455.jpg,1989,1960,-29
51460.jpg,1989,1995,6
51470.jpg,1989,2021,32
51475.jpg,1989,2004,15
51480.jpg,1989,1990,1
51485.jpg,1989,1930,-59
51490.jpg,1989,1990,1
51495.jpg,1989,1990,1
51500.jpg,1989,1970,-19
51505.jpg,1989,2000,11
51510.jpg,1989,1980,-9
51515.jpg,1989,1990,1
51520.jpg,1989,1970,-19
51525.jpg,1989,1930,-59
51530.jpg,1989,1970,-19
51535.jpg,1989,2000,11
51540.jpg,1989,1990,1
51545.jpg,1989,1920,-69
51550.jpg,1989,1900,-89
51555.jpg,1989,1990,1
51560.jpg,1989,2010,21
51565.jpg,1989,1930,-59
51575.jpg,1989,2010,21
51580.jpg,1989,1450,-539
51585.jpg,1989,1985,-4
51590.jpg,1989,1990,1
51595.jpg,1989,1980,-9
51600.jpg,1989,2000,11
51605.jpg,1990,1930,-60
51610.jpg,1990,1990,0
51615.jpg,1990,1980,-10
51620.jpg,1990,2000,10
51625.jpg,1990,1970,-20
51630.jpg,1990,1980,-10
51635.jpg,1990,1980,-10
51640.jpg,1990,1980,-10
51645.jpg,1990,1992,2
51650.jpg,1990,1988,-2
51655.jpg,1990,2000,10
51660.jpg,1990,2004,14
51670.jpg,1990,1980,-10
51675.jpg,1990,1980,-10
51680.jpg,1990,1994,4
51685.jpg,1990,1995,5
51690.jpg,1990,2000,10
51695.jpg,1990,1992,2
51700.jpg,1990,1970,-20
51705.jpg,1990,1990,0
51710.jpg,1990,1980,-10
51715.jpg,1990,1985,-5
51720.jpg,1990,1970,-20
51725.jpg,1990,1993,3
51730.jpg,1990,2000,10
51735.jpg,1990,1960,-30
51740.jpg,1990,1930,-60
51745.jpg,1990,1970,-20
51755.jpg,1990,1969,-21
51760.jpg,1990,1920,-70
51765.jpg,1990,1850,-140
51770.jpg,1990,1999,9
51775.jpg,1990,2000,10
51780.jpg,1990,1980,-10
51785.jpg,1990,1920,-70
51795.jpg,1990,1939,-51
51805.jpg,1990,1990,0
51810.jpg,1990,2003,13
51815.jpg,1990,1995,5
51820.jpg,1990,1990,0
51825.jpg,1990,1950,-40
51830.jpg,1990,2005,15
51840.jpg,1991,1950,-41
51845.jpg,1991,1850,-141
51850.jpg,1991,2010,19
51860.jpg,1991,1989,-2
51865.jpg,1991,1980,-11
51870.jpg,1991,1994,3
51875.jpg,1991,1990,-1
51885.jpg,1991,1980,-11
51890.jpg,1991,1968,-23
51895.jpg,1991,2022,31
51905.jpg,1991,1990,-1
51910.jpg,1991,1990,-1
51920.jpg,1991,1990,-1
51925.jpg,1991,2000,9
51930.jpg,1991,2000,9
51935.jpg,1991,1990,-1
51940.jpg,1991,1990,-1
51945.jpg,1991,1990,-1
51950.jpg,1991,1970,-21
51955.jpg,1991,1990,-1
51960.jpg,1991,1990,-1
51965.jpg,1991,1960,-31
51970.jpg,1991,2007,16
51975.jpg,1991,1930,-61
51980.jpg,1991,2021,30
51985.jpg,1991,1920,-71
51990.jpg,1991,2010,19
51995.jpg,1991,2005,14
52000.jpg,1991,1920,-71
52015.jpg,1991,2000,9
52020.jpg,1991,1990,-1
52025.jpg,1991,1990,-1
52035.jpg,1991,1990,-1
52040.jpg,1991,1980,-11
52045.jpg,1991,2000,9
52060.jpg,1991,1991,0
52065.jpg,1992,1960,-32
52070.jpg,1992,2000,8
52075.jpg,1992,1967,-25
52080.jpg,1992,2002,10
52085.jpg,1992,1970,-22
52090.jpg,1992,2000,8
52095.jpg,1992,1970,-22
52100.jpg,1992,1990,-2
52105.jpg,1992,1990,-2
52110.jpg,1992,1995,3
52115.jpg,1992,1990,-2
52120.jpg,1992,1980,-12
52125.jpg,1992,2000,8
52130.jpg,1992,2020,28
52135.jpg,1992,2000,8
52140.jpg,1992,2000,8
52145.jpg,1992,1960,-32
52150.jpg,1992,1990,-2
52155.jpg,1992,1990,-2
52160.jpg,1992,1990,-2
52165.jpg,1992,1996,4
52170.jpg,1992,1990,-2
52175.jpg,1992,1990,-2
52180.jpg,1992,1990,-2
52185.jpg,1992,1995,3
52190.jpg,1992,2000,8
52195.jpg,1992,1991,-1
52200.jpg,1992,2000,8
52205.jpg,1992,1980,-12
52210.jpg,1992,1930,-62
52215.jpg,1992,1970,-22
52220.jpg,1992,1986,-6
52225.jpg,1992,20,-1972
52230.jpg,1992,1500,-492
52235.jpg,1992,1910,-82
52240.jpg,1992,1990,-2
52245.jpg,1992,1989,-3
52250.jpg,1992,2000,8
52260.jpg,1992,1950,-42
52270.jpg,1993,2000,7
52275.jpg,1993,1980,-13
52280.jpg,1993,1950,-43
52285.jpg,1993,1985,-8
52290.jpg,1993,1980,-13
52300.jpg,1993,1950,-43
52305.jpg,1993,1947,-46
52310.jpg,1993,1994,1
52315.jpg,1993,1990,-3
52320.jpg,1993,2000,7
52325.jpg,1993,1980,-13
52335.jpg,1993,1950,-43
52340.jpg,1993,1990,-3
52345.jpg,1993,2005,12
52350.jpg,1993,20,-1973
52355.jpg,1993,2000,7
52360.jpg,1993,1980,-13
52365.jpg,1993,2003,10
52370.jpg,1993,1980,-13
52375.jpg,1993,1950,-43
52380.jpg,1993,1974,-19
52385.jpg,1993,1992,-1
52390.jpg,1993,1990,-3
52395.jpg,1993,1991,-2
52400.jpg,1993,1950,-43
52405.jpg,1993,1970,-23
52410.jpg,1993,2001,8
52415.jpg,1993,1929,-64
52420.jpg,1993,2000,7
52425.jpg,1993,1910,-83
52430.jpg,1993,1988,-5
52435.jpg,1993,2005,12
52440.jpg,1993,2000,7
52445.jpg,1993,1990,-3
52450.jpg,1993,1850,-143
52455.jpg,1993,2000,7
52460.jpg,1993,1993,0
52465.jpg,1993,1970,-23
52475.jpg,1994,2011,17
52480.jpg,1994,1970,-24
52485.jpg,1994,2005,11
52490.jpg,1994,20,-1974
52495.jpg,1994,1996,2
52505.jpg,1994,1981,-13
52510.jpg,1994,1950,-44
52515.jpg,1994,1970,-24
52525.jpg,1994,2000,6
52530.jpg,1994,2000,6
52535.jpg,1994,1995,1
52540.jpg,1994,1973,-21
52545.jpg,1994,1996,2
52550.jpg,1994,1990,-4
52555.jpg,1994,1985,-9
52560.jpg,1994,1930,-64
52570.jpg,1994,1961,-33
52575.jpg,1994,1980,-14
52580.jpg,1994,1915,-79
52585.jpg,1994,1991,-3
52590.jpg,1994,2004,10
52595.jpg,1994,1920,-74
52600.jpg,1994,1900,-94
52605.jpg,1994,1350,-644
52610.jpg,1994,2000,6
52615.jpg,1994,1956,-38
52620.jpg,1994,2010,16
52625.jpg,1994,1973,-21
52630.jpg,1994,2000,6
52635.jpg,1994,1990,-4
52640.jpg,1994,20,-1974
52645.jpg,1994,1960,-34
52650.jpg,1995,1999,4
52655.jpg,1995,2000,5
52660.jpg,1995,2012,17
52665.jpg,1995,2000,5
52670.jpg,1995,1995,0
52675.jpg,1995,1976,-19
52680.jpg,1995,1997,2
52685.jpg,1995,20,-1975
52690.jpg,1995,1970,-25
52695.jpg,1995,1991,-4
52700.jpg,1995,2005,10
52705.jpg,1995,1916,-79
52710.jpg,1995,2000,5
52715.jpg,1995,1975,-20
52720.jpg,1995,1970,-25
52725.jpg,1995,1990,-5
52730.jpg,1995,1990,-5
52735.jpg,1995,2010,15
52740.jpg,1995,1980,-15
52745.jpg,1995,2010,15
52750.jpg,1995,1990,-5
52755.jpg,1995,1990,-5
52760.jpg,1995,1980,-15
52765.jpg,1995,1965,-30
52770.jpg,1995,2010,15
52775.jpg,1995,1990,-5
52785.jpg,1995,2010,15
52790.jpg,1995,1750,-245
52795.jpg,1995,1997,2
52800.jpg,1995,1880,-115
52805.jpg,1995,1990,-5
52810.jpg,1995,1990,-5
52815.jpg,1995,1990,-5
52820.jpg,1995,1980,-15
52825.jpg,1995,1990,-5
52830.jpg,1995,1980,-15
52835.jpg,1995,1970,-25
52840.jpg,1995,1880,-115
52845.jpg,1996,1971,-25
52850.jpg,1996,1994,-2
52855.jpg,1996,1990,-6
52860.jpg,1996,2005,9
52865.jpg,1996,2000,4
52870.jpg,1996,2000,4
52875.jpg,1996,1980,-16
52880.jpg,1996,1950,-46
52885.jpg,1996,2000,4
52890.jpg,1996,2000,4
52895.jpg,1996,1993,-3
52900.jpg,1996,1998,2
52905.jpg,1996,1996,0
52910.jpg,1996,2001,5
52915.jpg,1996,1950,-46
52920.jpg,1996,2005,9
52925.jpg,1996,1980,-16
52935.jpg,1996,1980,-16
52940.jpg,1996,1962,-34
52945.jpg,1996,1970,-26
52950.jpg,1996,1920,-76
52955.jpg,1996,2000,4
52960.jpg,1996,1980,-16
52965.jpg,1996,1990,-6
52970.jpg,1996,1950,-46
52980.jpg,1996,2000,4
52985.jpg,1997,1950,-47
52990.jpg,1997,1990,-7
52995.jpg,1997,1950,-47
53000.jpg,1997,1990,-7
53005.jpg,1997,1950,-47
53010.jpg,1997,1990,-7
53015.jpg,1997,1991,-6
53020.jpg,1997,1990,-7
53025.jpg,1997,2002,5
53030.jpg,1997,1990,-7
53035.jpg,1997,1995,-2
53040.jpg,1997,2000,3
53045.jpg,1997,2000,3
53050.jpg,1997,2011,14
53055.jpg,1997,2000,3
53060.jpg,1997,2000,3
53065.jpg,1997,1916,-81
53070.jpg,1997,1985,-12
53075.jpg,1997,1990,-7
53080.jpg,1997,1985,-12
53085.jpg,1997,1980,-17
53090.jpg,1997,1900,-97
53095.jpg,1997,1980,-17
53100.jpg,1997,1990,-7
53105.jpg,1997,1990,-7
53110.jpg,1997,2000,3
53115.jpg,1997,1990,-7
53120.jpg,1997,1967,-30
53125.jpg,1997,1990,-7
53130.jpg,1997,1960,-37
53135.jpg,1997,2000,3
53140.jpg,1997,1980,-17
53145.jpg,1997,19,-1978
53150.jpg,1997,2010,13
53155.jpg,1997,1700,-297
53165.jpg,1997,2010,13
53170.jpg,1997,1995,-2
53175.jpg,1997,1980,-17
53180.jpg,1997,2000,3
53185.jpg,1997,1980,-17
53190.jpg,1997,1980,-17
53195.jpg,1997,1602,-395
53200.jpg,1997,2000,3
53205.jpg,1997,1985,-12
53210.jpg,1997,2000,3
53215.jpg,1997,1980,-17
53220.jpg,1997,2000,3
53225.jpg,1997,2010,13
53230.jpg,1997,1974,-23
53235.jpg,1998,1925,-73
53240.jpg,1998,1980,-18
53245.jpg,1998,1970,-28
53250.jpg,1998,1990,-8
53255.jpg,1998,1950,-48
53260.jpg,1998,2007,9
53265.jpg,1998,1958,-40
53270.jpg,1998,1999,1
53275.jpg,1998,2022,24
53280.jpg,1998,1990,-8
53285.jpg,1998,1997,-1
53290.jpg,1998,2000,2
53300.jpg,1998,1990,-8
53305.jpg,1998,1950,-48
53310.jpg,1998,1985,-13
53315.jpg,1998,1987,-11
53325.jpg,1998,1970,-28
53330.jpg,1998,1990,-8
53335.jpg,1998,1980,-18
53340.jpg,1998,1990,-8
53345.jpg,1998,1950,-48
53350.jpg,1998,1990,-8
53355.jpg,1998,1990,-8
53365.jpg,1998,1994,-4
53370.jpg,1998,21,-1977
53375.jpg,1998,1993,-5
53380.jpg,1998,1950,-48
53385.jpg,1998,1800,-198
53390.jpg,1998,1650,-348
53395.jpg,1998,2005,7
53400.jpg,1998,1850,-148
53405.jpg,1998,2000,2
53410.jpg,1998,1981,-17
53415.jpg,1998,1995,-3
53420.jpg,1998,1982,-16
53425.jpg,1998,2002,4
53435.jpg,1998,1960,-38
53440.jpg,1998,1990,-8
53445.jpg,1998,1996,-2
53450.jpg,1998,1987,-11
53455.jpg,1999,1850,-149
53460.jpg,1999,2005,6
53465.jpg,1999,1983,-16
53470.jpg,1999,1995,-4
53475.jpg,1999,2010,11
53480.jpg,1999,2006,7
53485.jpg,1999,1990,-9
53490.jpg,1999,1985,-14
53495.jpg,1999,1998,-1
53505.jpg,1999,2000,1
53510.jpg,1999,2000,1
53515.jpg,1999,2000,1
53520.jpg,1999,2001,2
53525.jpg,1999,2000,1
53530.jpg,1999,2000,1
53535.jpg,1999,1980,-19
53540.jpg,1999,1970,-29
53545.jpg,1999,2000,1
53550.jpg,1999,2010,11
53555.jpg,1999,1930,-69
53560.jpg,1999,2012,13
53565.jpg,1999,1990,-9
53570.jpg,1999,2000,1
53575.jpg,1999,1950,-49
53580.jpg,1999,1980,-19
53585.jpg,1999,1990,-9
53590.jpg,1999,1990,-9
53595.jpg,1999,21,-1978
53600.jpg,1999,1985,-14
53605.jpg,1999,2010,11
53610.jpg,1999,1998,-1
53615.jpg,1999,1970,-29
53620.jpg,1999,1900,-99
53625.jpg,1999,2000,1
53630.jpg,1999,1950,-49
53635.jpg,1999,1960,-39
53650.jpg,1999,1970,-29
53655.jpg,1999,1995,-4
53660.jpg,1999,2000,1
53665.jpg,1999,1980,-19
53670.jpg,1999,2000,1
53675.jpg,1999,2000,1
53680.jpg,1999,2000,1
53685.jpg,1999,1450,-549
53690.jpg,2000,1999,-1
53700.jpg,2000,1990,-10
53705.jpg,2000,1990,-10
53710.jpg,2000,-1,-2001
53715.jpg,2000,1990,-10
53720.jpg,2000,1962,-38
53725.jpg,2000,2000,0
53730.jpg,2000,20,-1980
53735.jpg,2000,2010,10
53740.jpg,2000,2000,0
53745.jpg,2000,2010,10
53755.jpg,2000,2005,5
53760.jpg,2000,2000,0
53765.jpg,2000,1999,-1
53770.jpg,2000,2000,0
53775.jpg,2000,1940,-60
53780.jpg,2000,2000,0
53785.jpg,2000,1998,-2
53790.jpg,2000,1950,-50
53795.jpg,2000,1980,-20
53800.jpg,2000,2000,0
53805.jpg,2000,2000,0
53810.jpg,2000,1993,-7
53815.jpg,2000,1980,-20
53820.jpg,2000,2000,0
53830.jpg,2000,1950,-50
53835.jpg,2000,2002,2
53840.jpg,2000,2007,7
53845.jpg,2000,2020,20
53850.jpg,2000,19,-1981
53855.jpg,2000,1989,-11
53860.jpg,2000,2000,0
53865.jpg,2000,2000,0
53870.jpg,2000,2010,10
53875.jpg,2000,1970,-30
53880.jpg,2000,1990,-10
53885.jpg,2000,2005,5
53890.jpg,2000,2000,0
53895.jpg,2000,2010,10
53905.jpg,2001,2000,-1
53910.jpg,2001,1980,-21
53915.jpg,2001,1994,-7
53920.jpg,2001,2010,9
53925.jpg,2001,2010,9
53930.jpg,2001,2000,-1
53935.jpg,2001,2000,-1
53940.jpg,2001,1971,-30
53945.jpg,2001,2000,-1
53950.jpg,2001,2007,6
53955.jpg,2001,1999,-2
53960.jpg,2001,2000,-1
53965.jpg,2001,1980,-21
53970.jpg,2001,1980,-21
53975.jpg,2001,1980,-21
53980.jpg,2001,1990,-11
53985.jpg,2001,1980,-21
53990.jpg,2001,1980,-21
53995.jpg,2001,1880,-121
54000.jpg,2001,1995,-6
54005.jpg,2001,1910,-91
54010.jpg,2001,1970,-31
54015.jpg,2001,1982,-19
54020.jpg,2001,1950,-51
54025.jpg,2001,2000,-1
54030.jpg,2001,2010,9
54035.jpg,2001,2000,-1
54040.jpg,2001,2000,-1
54045.jpg,2001,1980,-21
54050.jpg,2001,1975,-26
54055.jpg,2001,2000,-1
54060.jpg,2001,1998,-3
54065.jpg,2001,1930,-71
54070.jpg,2001,1997,-4
54075.jpg,2001,2004,3
54085.jpg,2001,2020,19
54090.jpg,2001,1990,-11
54095.jpg,2001,1999,-2
54100.jpg,2001,1990,-11
54105.jpg,2001,2010,9
54110.jpg,2001,2000,-1
54120.jpg,2001,1980,-21
54125.jpg,2001,2010,9
54130.jpg,2001,1979,-22
54135.jpg,2001,1990,-11
54140.jpg,2001,2015,14
54145.jpg,2001,1980,-21
54150.jpg,2001,2005,4
54155.jpg,2001,1990,-11
54160.jpg,2001,2008,7
54165.jpg,2001,2000,-1
54170.jpg,2001,2015,14
54180.jpg,2002,1950,-52
54185.jpg,2002,2005,3
54190.jpg,2002,2000,-2
54195.jpg,2002,2005,3
54200.jpg,2002,1990,-12
54205.jpg,2002,1985,-17
54210.jpg,2002,1970,-32
54215.jpg,2002,2010,8
54220.jpg,2002,1920,-82
54225.jpg,2002,-1,-2003
54230.jpg,2002,2002,0
54235.jpg,2002,2000,-2
54240.jpg,2002,2003,1
54245.jpg,2002,1970,-32
54250.jpg,2002,2000,-2
54255.jpg,2002,1450,-552
54260.jpg,2002,2000,-2
54265.jpg,2002,2010,8
54270.jpg,2002,20,-1982
54275.jpg,2002,1960,-42
54280.jpg,2002,2009,7
54285.jpg,2002,2008,6
54290.jpg,2002,1975,-27
54295.jpg,2002,1960,-42
54300.jpg,2002,1995,-7
54305.jpg,2002,1970,-32
54310.jpg,2002,1990,-12
54315.jpg,2002,1970,-32
54320.jpg,2002,1650,-352
54330.jpg,2002,19,-1983
54335.jpg,2002,20,-1982
54340.jpg,2002,2020,18
54345.jpg,2002,2000,-2
54355.jpg,2002,1990,-12
54360.jpg,2002,2000,-2
54365.jpg,2002,2010,8
54370.jpg,2002,1980,-22
54375.jpg,2002,2000,-2
54385.jpg,2002,2000,-2
54390.jpg,2002,1994,-8
54395.jpg,2002,2000,-2
54400.jpg,2002,21,-1981
54405.jpg,2003,2000,-3
54410.jpg,2003,2010,7
54415.jpg,2003,2010,7
54425.jpg,2003,2000,-3
54430.jpg,2003,2003,0
54435.jpg,2003,2000,-3
54440.jpg,2003,2005,2
54445.jpg,2003,2002,-1
54450.jpg,2003,2000,-3
54460.jpg,2003,2010,7
54465.jpg,2003,1998,-5
54470.jpg,2003,1980,-23
54475.jpg,2003,2003,0
54480.jpg,2003,2004,1
54485.jpg,2003,1975,-28
54490.jpg,2003,2008,5
54495.jpg,2003,1980,-23
54500.jpg,2003,2010,7
54505.jpg,2003,1990,-13
54510.jpg,2003,20,-1983
54515.jpg,2003,1935,-68
54520.jpg,2003,1870,-133
54525.jpg,2003,2000,-3
54530.jpg,2003,1970,-33
54535.jpg,2003,1968,-35
54540.jpg,2003,1990,-13
54545.jpg,2003,1900,-103
54550.jpg,2003,2001,-2
54555.jpg,2003,1550,-453
54560.jpg,2003,2010,7
54565.jpg,2003,1970,-33
54570.jpg,2003,1998,-5
54575.jpg,2003,2000,-3
54580.jpg,2003,1980,-23
54585.jpg,2003,1990,-13
54590.jpg,2003,1980,-23
54595.jpg,2003,1980,-23
54600.jpg,2003,1980,-23
54605.jpg,2004,2008,4
54610.jpg,2004,1990,-14
54620.jpg,2004,1990,-14
54625.jpg,2004,1990,-14
54630.jpg,2004,2000,-4
54635.jpg,2004,2000,-4
54640.jpg,2004,1990,-14
54645.jpg,2004,1980,-24
54650.jpg,2004,2001,-3
54655.jpg,2004,1970,-34
54660.jpg,2004,2010,6
54665.jpg,2004,1980,-24
54670.jpg,2004,1974,-30
54675.jpg,2004,2000,-4
54680.jpg,2004,1990,-14
54685.jpg,2004,2000,-4
54690.jpg,2004,1950,-54
54695.jpg,2004,1970,-34
54700.jpg,2004,20,-1984
54705.jpg,2004,2000,-4
54710.jpg,2004,2000,-4
54715.jpg,2004,2010,6
54720.jpg,2004,2000,-4
54725.jpg,2004,2001,-3
54730.jpg,2004,2000,-4
54735.jpg,2004,1990,-14
54740.jpg,2004,2000,-4
54745.jpg,2004,1990,-14
54750.jpg,2004,1900,-104
54760.jpg,2004,1990,-14
54770.jpg,2004,1950,-54
54775.jpg,2004,2005,1
54780.jpg,2004,2000,-4
54785.jpg,2004,1980,-24
54790.jpg,2004,1990,-14
54795.jpg,2004,2000,-4
54800.jpg,2004,2010,6
54805.jpg,2004,1990,-14
54810.jpg,2004,2001,-3
54815.jpg,2004,2007,3
54820.jpg,2004,2011,7
54825.jpg,2004,2000,-4
54830.jpg,2004,2005,1
54835.jpg,2004,2010,6
54840.jpg,2004,2004,0
54845.jpg,2005,1850,-155
54850.jpg,2005,1950,-55
54855.jpg,2005,2010,5
54860.jpg,2005,1970,-35
54865.jpg,2005,2000,-5
54870.jpg,2005,2010,5
54885.jpg,2005,2000,-5
54890.jpg,2005,1960,-45
54895.jpg,2005,2000,-5
54900.jpg,2005,1980,-25
54905.jpg,2005,1999,-6
54910.jpg,2005,1950,-55
54915.jpg,2005,2020,15
54925.jpg,2005,1960,-45
54930.jpg,2005,1450,-555
54935.jpg,2005,1950,-55
54940.jpg,2005,2010,5
54955.jpg,2005,2005,0
54960.jpg,2005,2000,-5
54965.jpg,2005,1994,-11
54970.jpg,2005,1995,-10
54975.jpg,2005,1950,-55
54980.jpg,2005,2000,-5
54985.jpg,2005,2000,-5
54990.jpg,2005,1950,-55
54995.jpg,2005,1750,-255
55000.jpg,2005,1980,-25
55005.jpg,2005,1997,-8
55010.jpg,2005,1978,-27
55015.jpg,2005,2014,9
55020.jpg,2005,1870,-135
55025.jpg,2005,1977,-28
55030.jpg,2005,2005,0
55035.jpg,2005,2010,5
55040.jpg,2005,2010,5
55045.jpg,2005,1990,-15
55050.jpg,2005,1985,-20
55055.jpg,2005,2000,-5
55060.jpg,2005,1990,-15
55065.jpg,2005,1970,-35
55070.jpg,2005,1990,-15
55075.jpg,2005,2012,7
55080.jpg,2005,2011,6
55085.jpg,2005,1980,-25
55090.jpg,2005,2000,-5
55095.jpg,2005,2010,5
55100.jpg,2005,2010,5
55105.jpg,2005,1955,-50
55110.jpg,2005,2000,-5
55115.jpg,2005,1926,-79
55120.jpg,2005,1995,-10
55125.jpg,2005,1990,-15
55130.jpg,2005,2010,5
55135.jpg,2006,2000,-6
55140.jpg,2006,2014,8
55145.jpg,2006,1970,-36
55155.jpg,2006,2010,4
55160.jpg,2006,1980,-26
55165.jpg,2006,1980,-26
55170.jpg,2006,2008,2
55175.jpg,2006,1995,-11
55180.jpg,2006,2004,-2
55185.jpg,2006,1990,-16
55190.jpg,2006,1980,-26
55195.jpg,2006,2000,-6
55200.jpg,2006,1997,-9
55210.jpg,2006,1985,-21
55215.jpg,2006,1960,-46
55220.jpg,2006,2000,-6
55230.jpg,2006,2000,-6
55235.jpg,2006,2000,-6
55240.jpg,2006,2008,2
55245.jpg,2006,1999,-7
55250.jpg,2006,1980,-26
55255.jpg,2006,1980,-26
55265.jpg,2006,2000,-6
55270.jpg,2006,1980,-26
55275.jpg,2006,1937,-69
55280.jpg,2006,1950,-56
55285.jpg,2006,2015,9
55290.jpg,2006,2000,-6
55295.jpg,2006,2006,0
55300.jpg,2006,2000,-6
55305.jpg,2006,1990,-16
55310.jpg,2006,1970,-36
55315.jpg,2006,1980,-26
55320.jpg,2006,2000,-6
55325.jpg,2006,1980,-26
55330.jpg,2006,1990,-16
55335.jpg,2007,1850,-157
55340.jpg,2007,1997,-10
55345.jpg,2007,2008,1
55355.jpg,2007,2000,-7
55360.jpg,2007,2006,-1
55365.jpg,2007,1990,-17
55370.jpg,2007,1950,-57
55380.jpg,2007,20,-1987
55385.jpg,2007,2000,-7
55395.jpg,2007,1950,-57
55400.jpg,2007,2010,3
55405.jpg,2007,1970,-37
55410.jpg,2007,2010,3
55415.jpg,2007,2000,-7
55420.jpg,2007,2008,1
55425.jpg,2007,2000,-7
55430.jpg,2007,1999,-8
55435.jpg,2007,1930,-77
55440.jpg,2007,2005,-2
55445.jpg,2007,2005,-2
55450.jpg,2007,1970,-37
55455.jpg,2007,1999,-8
55460.jpg,2007,1800,-207
55465.jpg,2007,1990,-17
55475.jpg,2007,1986,-21
55480.jpg,2007,1975,-32
55485.jpg,2007,1995,-12
55490.jpg,2007,1936,-71
55500.jpg,2007,1980,-27
55505.jpg,2007,1990,-17
55510.jpg,2007,2000,-7
55515.jpg,2007,2000,-7
55520.jpg,2007,1990,-17
55525.jpg,2007,1900,-107
55530.jpg,2007,1995,-12
55535.jpg,2007,1997,-10
55540.jpg,2007,1920,-87
55545.jpg,2007,2000,-7
55550.jpg,2007,1863,-144
55555.jpg,2007,1996,-11
55560.jpg,2007,2010,3
55565.jpg,2007,2010,3
55570.jpg,2007,2010,3
55575.jpg,2007,2010,3
55580.jpg,2007,2005,-2
55585.jpg,2007,2010,3
55590.jpg,2007,2000,-7
55595.jpg,2007,1900,-107
55600.jpg,2007,2000,-7
55605.jpg,2007,1990,-17
55610.jpg,2008,1700,-308
55615.jpg,2008,1700,-308
55620.jpg,2008,2008,0
55625.jpg,2008,2008,0
55630.jpg,2008,1985,-23
55635.jpg,2008,2000,-8
55640.jpg,2008,1980,-28
55645.jpg,2008,2010,2
55650.jpg,2008,2000,-8
55655.jpg,2008,2010,2
55660.jpg,2008,2010,2
55670.jpg,2008,2000,-8
55675.jpg,2008,2000,-8
55685.jpg,2008,2003,-5
55690.jpg,2008,2010,2
55695.jpg,2008,2022,14
55705.jpg,2008,20,-1988
55710.jpg,2008,2000,-8
55715.jpg,2008,1960,-48
55720.jpg,2008,1960,-48
55725.jpg,2008,2007,-1
55730.jpg,2008,2000,-8
55735.jpg,2008,1900,-108
55740.jpg,2008,1950,-58
55745.jpg,2008,1999,-9
55750.jpg,2008,2000,-8
55755.jpg,2008,2000,-8
55760.jpg,2008,2010,2
55765.jpg,2008,1980,-28
55770.jpg,2008,1800,-208
55775.jpg,2008,1990,-18
55780.jpg,2008,2000,-8
55785.jpg,2008,2000,-8
55795.jpg,2008,2000,-8
55800.jpg,2008,2010,2
55805.jpg,2008,2000,-8
55810.jpg,2008,1990,-18
55815.jpg,2008,2000,-8
55820.jpg,2008,1993,-15
55825.jpg,2008,1980,-28
55830.jpg,2008,2014,6
55835.jpg,2009,1967,-42
55845.jpg,2009,1992,-17
55850.jpg,2009,2008,-1
55870.jpg,2009,2020,11
55875.jpg,2009,2010,1
55880.jpg,2009,2002,-7
55885.jpg,2009,2005,-4
55890.jpg,2009,2012,3
55895.jpg,2009,1980,-29
55900.jpg,2009,1980,-29
55905.jpg,2009,1980,-29
55910.jpg,2009,2010,1
55915.jpg,2009,2008,-1
55920.jpg,2009,-1,-2010
55925.jpg,2009,2002,-7
55930.jpg,2009,1990,-19
55935.jpg,2009,2000,-9
55940.jpg,2009,2006,-3
55945.jpg,2009,1950,-59
55950.jpg,2009,1997,-12
55955.jpg,2009,2008,-1
55960.jpg,2009,1970,-39
55965.jpg,2009,2008,-1
55970.jpg,2009,1998,-11
55975.jpg,2009,2000,-9
55980.jpg,2009,2005,-4
55985.jpg,2009,1980,-29
55990.jpg,2009,2005,-4
55995.jpg,2009,2001,-8
56000.jpg,2009,2020,11
56005.jpg,2009,1920,-89
56010.jpg,2009,1850,-159
56015.jpg,2009,2015,6
56020.jpg,2009,2000,-9
56025.jpg,2009,1990,-19
56030.jpg,2009,2015,6
56035.jpg,2009,1980,-29
56040.jpg,2009,2000,-9
56050.jpg,2009,2021,12
56055.jpg,2009,1995,-14
56060.jpg,2009,1950,-59
56065.jpg,2009,1980,-29
56070.jpg,2009,1980,-29
56075.jpg,2009,1904,-105
56080.jpg,2010,21,-1989
56085.jpg,2010,2000,-10
56090.jpg,2010,2017,7
56095.jpg,2010,1993,-17
56105.jpg,2010,2010,0
56110.jpg,2010,1990,-20
56115.jpg,2010,2001,-9
56125.jpg,2010,2010,0
56130.jpg,2010,2000,-10
56135.jpg,2010,1990,-20
56140.jpg,2010,1980,-30
56145.jpg,2010,1990,-20
56150.jpg,2010,1990,-20
56155.jpg,2010,1990,-20
56165.jpg,2010,1950,-60
56170.jpg,2010,1970,-40
56175.jpg,2010,2010,0
56180.jpg,2010,1990,-20
56185.jpg,2010,2000,-10
56190.jpg,2010,2000,-10
56195.jpg,2010,1999,-11
56200.jpg,2010,2000,-10
56205.jpg,2010,1990,-20
56210.jpg,2010,2010,0
56215.jpg,2010,1990,-20
56220.jpg,2010,2000,-10
56225.jpg,2010,2000,-10
56230.jpg,2010,2010,0
56235.jpg,2010,1950,-60
56240.jpg,2010,2000,-10
56245.jpg,2010,2000,-10
56250.jpg,2010,2005,-5
56255.jpg,2010,1990,-20
56260.jpg,2010,1998,-12
56265.jpg,2010,2010,0
56270.jpg,2010,2020,10
56275.jpg,2010,20,-1990
56280.jpg,2010,2000,-10
56285.jpg,2010,2008,-2
56290.jpg,2010,2012,2
56295.jpg,2010,1990,-20
56300.jpg,2010,2010,0
56310.jpg,2010,2010,0
56315.jpg,2011,2000,-11
56320.jpg,2011,1960,-51
56325.jpg,2011,1997,-14
56330.jpg,2011,2000,-11
56335.jpg,2011,2010,-1
56345.jpg,2011,1970,-41
56350.jpg,2011,1980,-31
56355.jpg,2011,20,-1991
56360.jpg,2011,2010,-1
56365.jpg,2011,2010,-1
56370.jpg,2011,1990,-21
56375.jpg,2011,2013,2
56380.jpg,2011,2020,9
56385.jpg,2011,1994,-17
56390.jpg,2011,1929,-82
56395.jpg,2011,2010,-1
56400.jpg,2011,2020,9
56405.jpg,2011,1950,-61
56410.jpg,2011,2010,-1
56415.jpg,2011,2019,8
56420.jpg,2011,2000,-11
56425.jpg,2011,1900,-111
56430.jpg,2011,1990,-21
56440.jpg,2011,20,-1991
56450.jpg,2011,2010,-1
56455.jpg,2011,1750,-261
56460.jpg,2011,2000,-11
56465.jpg,2011,2010,-1
56470.jpg,2011,1910,-101
56475.jpg,2011,1950,-61
56480.jpg,2011,1964,-47
56485.jpg,2011,1990,-21
56495.jpg,2011,2000,-11
56500.jpg,2011,1990,-21
56505.jpg,2011,2005,-6
56510.jpg,2011,2000,-11
56515.jpg,2011,1940,-71
56520.jpg,2011,2003,-8
56525.jpg,2011,2005,-6
56545.jpg,2012,1950,-62
56550.jpg,2012,2011,-1
56555.jpg,2012,2000,-12
56560.jpg,2012,2007,-5
56565.jpg,2012,2015,3
56570.jpg,2012,1995,-17
56575.jpg,2012,2010,-2
56585.jpg,2012,2000,-12
56590.jpg,2012,2010,-2
56600.jpg,2012,1998,-14
56605.jpg,2012,2019,7
56610.jpg,2012,2000,-12
56615.jpg,2012,2010,-2
56620.jpg,2012,2000,-12
56625.jpg,2012,1450,-562
56630.jpg,2012,2000,-12
56635.jpg,2012,1998,-14
56640.jpg,2012,20,-1992
56645.jpg,2012,2005,-7
56650.jpg,2012,2011,-1
56655.jpg,2012,2010,-2
56660.jpg,2012,1960,-52
56665.jpg,2012,1850,-162
56670.jpg,2012,2018,6
56675.jpg,2012,21,-1991
56680.jpg,2012,21,-1991
56685.jpg,2012,2000,-12
56690.jpg,2012,2000,-12
56695.jpg,2012,2005,-7
56700.jpg,2012,2010,-2
56705.jpg,2012,2010,-2
56710.jpg,2012,1970,-42
56715.jpg,2012,2018,6
56720.jpg,2013,2000,-13
56725.jpg,2013,2000,-13
56730.jpg,2013,1990,-23
56735.jpg,2013,1996,-17
56740.jpg,2013,1997,-16
56745.jpg,2013,2000,-13
56750.jpg,2013,2000,-13
56755.jpg,2013,2009,-4
56765.jpg,2013,2010,-3
56770.jpg,2013,2000,-13
56775.jpg,2013,1990,-23
56780.jpg,2013,2000,-13
56785.jpg,2013,2010,-3
56795.jpg,2013,20,-1993
56800.jpg,2013,1990,-23
56805.jpg,2013,2000,-13
56810.jpg,2013,21,-1992
56820.jpg,2013,2000,-13
56825.jpg,2013,2010,-3
56845.jpg,2013,2008,-5
56850.jpg,2013,2005,-8
56855.jpg,2013,2010,-3
56860.jpg,2013,2000,-13
56865.jpg,2013,2000,-13
56870.jpg,2013,2010,-3
56875.jpg,2013,2020,7
56880.jpg,2013,20,-1993
56885.jpg,2013,2016,3
56890.jpg,2013,2000,-13
56895.jpg,2013,1958,-55
56900.jpg,2014,2008,-6
56905.jpg,2014,1950,-64
56910.jpg,2014,1920,-94
56915.jpg,2014,2015,1
56920.jpg,2014,1980,-34
56925.jpg,2014,2006,-8
56930.jpg,2014,2010,-4
56935.jpg,2014,2005,-9
56940.jpg,2014,2010,-4
56945.jpg,2014,1950,-64
56950.jpg,2014,2006,-8
56955.jpg,2014,1970,-44
56960.jpg,2014,2000,-14
56965.jpg,2014,2000,-14
56970.jpg,2014,1980,-34
56975.jpg,2014,1900,-114
56980.jpg,2014,1950,-64
56985.jpg,2014,2002,-12
56990.jpg,2014,2000,-14
56995.jpg,2014,2010,-4
57005.jpg,2014,2000,-14
57010.jpg,2014,1970,-44
57015.jpg,2014,2018,4
57020.jpg,2014,2000,-14
57025.jpg,2014,2010,-4
57030.jpg,2014,1995,-19
57035.jpg,2014,2000,-14
57040.jpg,2014,2010,-4
57045.jpg,2014,2014,0
57050.jpg,2014,1950,-64
57055.jpg,2014,2010,-4
57060.jpg,2014,1990,-24
57065.jpg,2014,1980,-34
57070.jpg,2014,2013,-1
57075.jpg,2015,2010,-5
57085.jpg,2015,1980,-35
57090.jpg,2015,1980,-35
57095.jpg,2015,2014,-1
57100.jpg,2015,2005,-10
57105.jpg,2015,2010,-5
57110.jpg,2015,2000,-15
57120.jpg,2015,2015,0
57125.jpg,2015,2022,7
57130.jpg,2015,2010,-5
57135.jpg,2015,2000,-15
57140.jpg,2015,2000,-15
57145.jpg,2015,2001,-14
57150.jpg,2015,20,-1995
57155.jpg,2015,2015,0
57160.jpg,2015,2000,-15
57165.jpg,2015,2011,-4
57170.jpg,2015,2000,-15
57175.jpg,2015,2000,-15
57180.jpg,2015,2000,-15
57185.jpg,2015,2015,0
57195.jpg,2015,1990,-25
57200.jpg,2015,1850,-165
57205.jpg,2015,2010,-5
57210.jpg,2015,2010,-5
57215.jpg,2015,2010,-5
57220.jpg,2016,1990,-26
57225.jpg,2016,2006,-10
57230.jpg,2016,2012,-4
57235.jpg,2016,2020,4
57240.jpg,2016,2008,-8
57250.jpg,2016,2000,-16
57255.jpg,2016,1990,-26
57270.jpg,2016,1950,-66
57275.jpg,2016,2022,6
57280.jpg,2016,2010,-6
57285.jpg,2016,2000,-16
57290.jpg,2016,1994,-22
57295.jpg,2016,2018,2
57300.jpg,2016,2012,-4
57305.jpg,2016,1990,-26
57310.jpg,2016,2021,5
57315.jpg,2016,2015,-1
57320.jpg,2016,2010,-6
57325.jpg,2016,2000,-16
57330.jpg,2016,2000,-16
57335.jpg,2016,1990,-26
57340.jpg,2016,2010,-6
57345.jpg,2016,1968,-48
57350.jpg,2016,21,-1995
57355.jpg,2016,2010,-6
57360.jpg,2016,1982,-34
57365.jpg,2017,1995,-22
57370.jpg,2017,2010,-7
57375.jpg,2017,2010,-7
57385.jpg,2017,2017,0
57390.jpg,2017,2015,-2
57395.jpg,2017,1999,-18
57400.jpg,2017,1980,-37
57415.jpg,2017,2012,-5
57420.jpg,2017,1980,-37
57425.jpg,2017,1987,-30
57430.jpg,2017,2010,-7
57435.jpg,2017,1980,-37
57440.jpg,2017,2000,-17
57450.jpg,2017,2004,-13
57455.jpg,2017,2000,-17
57470.jpg,2017,2000,-17
57475.jpg,2017,2000,-17
57480.jpg,2018,2010,-8
57485.jpg,2018,1990,-28
57490.jpg,2018,1995,-23
57495.jpg,2018,1990,-28
57500.jpg,2018,2010,-8
57505.jpg,2018,2001,-17
57510.jpg,2018,1990,-28
57515.jpg,2018,2010,-8
57520.jpg,2018,2000,-18
57525.jpg,2018,1995,-23
57530.jpg,2018,2008,-10
57545.jpg,2018,2010,-8
57550.jpg,2018,2010,-8
57555.jpg,2018,1990,-28
57560.jpg,2018,2012,-6
57565.jpg,2018,2000,-18
57570.jpg,2018,2013,-5
57575.jpg,2018,2000,-18
57585.jpg,2019,2000,-19
57595.jpg,2019,2025,6
57600.jpg,2019,2010,-9
57605.jpg,2019,2010,-9
57610.jpg,2019,2008,-11
57615.jpg,2019,2010,-9
57620.jpg,2019,2000,-19
57625.jpg,2019,2000,-19
57630.jpg,2019,1990,-29
57635.jpg,2019,2010,-9
57640.jpg,2019,2010,-9
57645.jpg,2019,2015,-4
57660.jpg,2019,1990,-29
57665.jpg,2019,2015,-4
57670.jpg,2020,1990,-30
57675.jpg,2020,1990,-30
57680.jpg,2020,2000,-20
57685.jpg,2020,2000,-20
57690.jpg,2020,2000,-20
57695.jpg,2020,1979,-41
57700.jpg,2020,1960,-60
57705.jpg,2020,2010,-10
57710.jpg,2020,1980,-40
57725.jpg,2020,2015,-5
57730.jpg,2021,2010,-11
57735.jpg,2021,2010,-11
57740.jpg,2021,2003,-18
57745.jpg,2021,2000,-21
57750.jpg,2021,2015,-6
57755.jpg,2021,2005,-16
57760.jpg,2021,1980,-41
57765.jpg,2021,2010,-11
57770.jpg,2021,2022,1
57780.jpg,2021,2020,-1
57785.jpg,2021,2010,-11
57790.jpg,2021,2020,-1
57795.jpg,2021,2010,-11
57800.jpg,2021,2015,-6
57805.jpg,2022,1990,-32
57810.jpg,2022,2015,-7
57815.jpg,2022,2008,-14
57825.jpg,2022,1991,-31
57830.jpg,2022,2000,-22
57835.jpg,2022,2013,-9
57840.jpg,2022,1975,-47
57845.jpg,2022,2018,-4
57860.jpg,2022,2010,-12
57865.jpg,2022,1920,-102
57870.jpg,2022,2010,-12
57875.jpg,2023,2000,-23
57885.jpg,2023,2016,-7
57890.jpg,2023,2000,-23
57895.jpg,2023,2001,-22
57900.jpg,2023,2000,-23
57910.jpg,2023,2000,-23
57915.jpg,2023,2015,-8
57920.jpg,2023,1980,-43
57925.jpg,2024,1900,-124
57930.jpg,2024,2010,-14
