name,year,pred,diff
5.jpg,1008,549,-459
10.jpg,1016,1930,914
15.jpg,1022,1350,328
20.jpg,1028,1920,892
25.jpg,1036,1975,939
30.jpg,1048,1950,902
35.jpg,1051,1850,799
40.jpg,1061,1500,439
45.jpg,1063,1749,686
55.jpg,1070,1473,403
60.jpg,1076,400,-676
65.jpg,1080,1197,117
70.jpg,1090,1815,725
75.jpg,1093,1450,357
80.jpg,1097,1840,743
85.jpg,1100,-1,-1101
90.jpg,1100,1920,820
95.jpg,1107,1850,743
100.jpg,1110,1906,796
105.jpg,1114,900,-214
110.jpg,1116,1326,210
120.jpg,1120,1850,730
125.jpg,1122,1729,607
130.jpg,1125,1100,-25
135.jpg,1128,1118,-10
140.jpg,1129,1452,323
145.jpg,1130,1200,70
150.jpg,1131,1908,777
155.jpg,1134,1780,646
165.jpg,1138,1935,797
170.jpg,1140,1855,715
175.jpg,1144,1928,784
180.jpg,1146,1932,786
185.jpg,1147,1856,709
190.jpg,1149,1122,-27
195.jpg,1150,1800,650
200.jpg,1152,1507,355
210.jpg,1160,1150,-10
215.jpg,1165,1160,-5
220.jpg,1168,1916,748
225.jpg,1170,1945,775
230.jpg,1170,1525,355
235.jpg,1172,300,-872
240.jpg,1175,1930,755
245.jpg,1177,1473,296
255.jpg,1180,1604,424
260.jpg,1180,1474,294
265.jpg,1180,1900,720
275.jpg,1185,1250,65
280.jpg,1189,1807,618
285.jpg,1191,850,-341
290.jpg,1192,1875,683
295.jpg,1194,1841,647
300.jpg,1196,1257,61
305.jpg,1198,1246,48
310.jpg,1199,1189,-10
315.jpg,1200,1988,788
320.jpg,1202,1459,257
325.jpg,1204,1200,-4
330.jpg,1208,1589,381
335.jpg,1211,1618,407
340.jpg,1212,1250,38
345.jpg,1215,1600,385
350.jpg,1217,1197,-20
355.jpg,1220,1200,-20
360.jpg,1221,1158,-63
365.jpg,1222,1254,32
370.jpg,1224,1135,-89
375.jpg,1226,1400,174
380.jpg,1227,1600,373
385.jpg,1229,1124,-105
390.jpg,1231,1889,658
395.jpg,1232,850,-382
405.jpg,1237,1512,275
410.jpg,1238,1400,162
415.jpg,1240,1271,31
420.jpg,1242,1978,736
425.jpg,1245,1475,230
430.jpg,1247,1180,-67
435.jpg,1248,1869,621
440.jpg,1250,1300,50
445.jpg,1250,1850,600
450.jpg,1252,1959,707
455.jpg,1255,1802,547
460.jpg,1259,1850,591
465.jpg,1260,1308,48
470.jpg,1263,1130,-133
475.jpg,1264,1067,-197
485.jpg,1270,1355,85
490.jpg,1270,1602,332
495.jpg,1270,1199,-71
500.jpg,1271,736,-535
505.jpg,1273,1450,177
510.jpg,1275,1800,525
515.jpg,1277,1281,4
520.jpg,1278,1250,-28
525.jpg,1279,1456,177
530.jpg,1280,1850,570
535.jpg,1285,1350,65
540.jpg,1288,1400,112
545.jpg,1289,1500,211
550.jpg,1290,1564,274
555.jpg,1291,1200,-91
560.jpg,1293,1870,577
565.jpg,1295,1870,575
570.jpg,1298,1919,621
575.jpg,1300,1450,150
580.jpg,1300,1250,-50
585.jpg,1300,1910,610
590.jpg,1301,1550,249
595.jpg,1303,670,-633
600.jpg,1305,1000,-305
605.jpg,1307,870,-437
610.jpg,1309,1955,646
615.jpg,1310,1500,190
620.jpg,1311,1500,189
625.jpg,1313,1350,37
630.jpg,1314,1848,534
635.jpg,1317,1240,-77
640.jpg,1319,1212,-107
645.jpg,1320,1530,210
650.jpg,1322,833,-489
655.jpg,1324,1359,35
660.jpg,1325,1860,535
665.jpg,1326,1450,124
670.jpg,1327,1800,473
675.jpg,1328,1450,122
680.jpg,1330,1910,580
685.jpg,1330,1350,20
690.jpg,1331,1723,392
695.jpg,1333,1200,-133
700.jpg,1335,1100,-235
705.jpg,1337,1627,290
710.jpg,1338,1300,-38
715.jpg,1340,1477,137
720.jpg,1340,1601,261
725.jpg,1343,1997,654
730.jpg,1345,1126,-219
735.jpg,1345,1820,475
740.jpg,1346,1850,504
745.jpg,1347,1300,-47
750.jpg,1347,1400,53
755.jpg,1349,1850,501
760.jpg,1350,1620,270
765.jpg,1350,1407,57
775.jpg,1353,1480,127
780.jpg,1354,2000,646
785.jpg,1356,1500,144
790.jpg,1358,1475,117
795.jpg,1360,1850,490
800.jpg,1361,1250,-111
805.jpg,1362,1237,-125
810.jpg,1364,1850,486
815.jpg,1365,1845,480
825.jpg,1370,2013,643
830.jpg,1371,1300,-71
835.jpg,1373,1295,-78
840.jpg,1375,1580,205
845.jpg,1377,1755,378
850.jpg,1380,1910,530
855.jpg,1381,1300,-81
860.jpg,1382,1400,18
865.jpg,1384,1420,36
870.jpg,1386,2017,631
875.jpg,1389,1822,433
880.jpg,1390,512,-878
885.jpg,1394,1395,1
890.jpg,1396,1750,354
895.jpg,1397,1850,453
900.jpg,1398,2017,619
905.jpg,1399,1200,-199
910.jpg,1400,1555,155
915.jpg,1401,1903,502
920.jpg,1402,1840,438
925.jpg,1405,1200,-205
930.jpg,1406,1450,44
935.jpg,1409,1250,-159
940.jpg,1410,1300,-110
945.jpg,1410,1486,76
950.jpg,1411,800,-611
955.jpg,1413,1830,417
960.jpg,1414,1970,556
965.jpg,1417,1733,316
970.jpg,1419,2010,591
975.jpg,1420,1555,135
980.jpg,1420,1953,533
985.jpg,1422,1923,501
990.jpg,1424,1805,381
995.jpg,1425,1565,140
1000.jpg,1426,1550,124
1005.jpg,1428,1965,537
1010.jpg,1430,2001,571
1015.jpg,1431,1950,519
1025.jpg,1435,1500,65
1030.jpg,1436,1990,554
1035.jpg,1438,1950,512
1040.jpg,1440,1612,172
1045.jpg,1441,1880,439
1050.jpg,1442,1884,442
1055.jpg,1444,427,-1017
1060.jpg,1446,1600,154
1065.jpg,1448,1850,402
1070.jpg,1450,1605,155
1075.jpg,1450,1200,-250
1080.jpg,1451,1959,508
1085.jpg,1452,2010,558
1090.jpg,1453,1850,397
1095.jpg,1455,1561,106
1100.jpg,1457,1603,146
1105.jpg,1458,1453,-5
1110.jpg,1459,1500,41
1115.jpg,1460,1490,30
1120.jpg,1462,1920,458
1125.jpg,1462,1450,-12
1130.jpg,1464,1485,21
1135.jpg,1465,1920,455
1140.jpg,1466,1100,-366
1145.jpg,1467,1860,393
1150.jpg,1468,1436,-32
1155.jpg,1469,852,-617
1160.jpg,1470,1850,380
1165.jpg,1470,1129,-341
1170.jpg,1472,1800,328
1175.jpg,1473,1880,407
1180.jpg,1475,970,-505
1185.jpg,1477,800,-677
1190.jpg,1477,1650,173
1195.jpg,1479,1850,371
1200.jpg,1480,1152,-328
1205.jpg,1482,1575,93
1210.jpg,1482,1450,-32
1215.jpg,1483,1920,437
1220.jpg,1485,1275,-210
1225.jpg,1487,1850,363
1230.jpg,1487,1850,363
1235.jpg,1488,1453,-35
1240.jpg,1489,1146,-343
1245.jpg,1490,1650,160
1250.jpg,1490,1835,345
1255.jpg,1491,1812,321
1260.jpg,1492,1750,258
1265.jpg,1493,1779,286
1270.jpg,1494,1959,465
1275.jpg,1495,1231,-264
1280.jpg,1496,1950,454
1285.jpg,1497,1603,106
1290.jpg,1497,1886,389
1295.jpg,1498,1250,-248
1300.jpg,1499,1369,-130
1305.jpg,1500,1820,320
1310.jpg,1500,1781,281
1315.jpg,1501,1850,349
1325.jpg,1503,1800,297
1330.jpg,1504,1652,148
1335.jpg,1505,1875,370
1340.jpg,1506,1453,-53
1345.jpg,1507,1845,338
1350.jpg,1508,1683,175
1355.jpg,1508,1750,242
1360.jpg,1509,1236,-273
1365.jpg,1510,1930,420
1370.jpg,1510,1930,420
1375.jpg,1511,1208,-303
1380.jpg,1512,1875,363
1385.jpg,1513,1588,75
1390.jpg,1513,1476,-37
1395.jpg,1515,1250,-265
1400.jpg,1515,1745,230
1405.jpg,1516,1620,104
1410.jpg,1517,1302,-215
1415.jpg,1518,1450,-68
1420.jpg,1518,1556,38
1425.jpg,1520,1660,140
1430.jpg,1521,1710,189
1435.jpg,1521,1135,-386
1440.jpg,1522,1932,410
1445.jpg,1523,1950,427
1450.jpg,1524,1930,406
1455.jpg,1525,1602,77
1460.jpg,1526,1651,125
1465.jpg,1526,1865,339
1470.jpg,1527,1853,326
1475.jpg,1528,1821,293
1480.jpg,1528,1950,422
1485.jpg,1530,1500,-30
1490.jpg,1530,1890,360
1495.jpg,1530,1750,220
1500.jpg,1531,1484,-47
1505.jpg,1531,1920,389
1510.jpg,1532,1562,30
1515.jpg,1532,1930,398
1520.jpg,1533,1870,337
1525.jpg,1534,1900,366
1530.jpg,1535,1960,425
1535.jpg,1535,1850,315
1540.jpg,1536,1560,24
1545.jpg,1537,1780,243
1550.jpg,1537,1850,313
1555.jpg,1538,1900,362
1560.jpg,1539,1510,-29
1565.jpg,1540,1209,-331
1570.jpg,1540,1231,-309
1575.jpg,1540,1900,360
1580.jpg,1540,1600,60
1590.jpg,1542,1743,201
1595.jpg,1543,1850,307
1600.jpg,1543,1750,207
1605.jpg,1544,1600,56
1610.jpg,1545,1775,230
1615.jpg,1545,1820,275
1620.jpg,1547,1997,450
1625.jpg,1548,1728,180
1630.jpg,1549,1894,345
1635.jpg,1549,1570,21
1640.jpg,1550,1920,370
1645.jpg,1550,1860,310
1650.jpg,1550,1920,370
1655.jpg,1550,550,-1000
1660.jpg,1551,1950,399
1665.jpg,1551,1993,442
1670.jpg,1552,1870,318
1675.jpg,1553,1900,347
1680.jpg,1554,1802,248
1685.jpg,1554,1573,19
1690.jpg,1555,1805,250
1695.jpg,1556,1959,403
1700.jpg,1557,1865,308
1705.jpg,1558,1920,362
1710.jpg,1558,1853,295
1715.jpg,1559,1250,-309
1720.jpg,1559,1930,371
1725.jpg,1560,1765,205
1730.jpg,1560,1869,309
1735.jpg,1560,2010,450
1740.jpg,1561,1850,289
1745.jpg,1561,1653,92
1750.jpg,1562,1600,38
1755.jpg,1563,1919,356
1760.jpg,1564,1808,244
1765.jpg,1565,1900,335
1770.jpg,1565,1958,393
1775.jpg,1565,1944,379
1780.jpg,1566,1803,237
1785.jpg,1567,1500,-67
1790.jpg,1567,1870,303
1795.jpg,1568,1650,82
1800.jpg,1568,1450,-118
1805.jpg,1569,1850,281
1810.jpg,1570,1875,305
1815.jpg,1570,1819,249
1820.jpg,1570,1327,-243
1825.jpg,1571,1957,386
1830.jpg,1572,1920,348
1835.jpg,1572,1569,-3
1840.jpg,1573,1550,-23
1845.jpg,1573,1950,377
1850.jpg,1574,1880,306
1855.jpg,1574,1807,233
1860.jpg,1575,1819,244
1865.jpg,1575,1750,175
1870.jpg,1575,1800,225
1875.jpg,1576,1835,259
1880.jpg,1577,1975,398
1885.jpg,1578,1750,172
1890.jpg,1578,1910,332
1895.jpg,1579,1185,-394
1900.jpg,1579,1866,287
1905.jpg,1580,1780,200
1910.jpg,1580,1920,340
1915.jpg,1581,1558,-23
1920.jpg,1581,2020,439
1925.jpg,1582,1300,-282
1930.jpg,1582,1915,333
1935.jpg,1583,1354,-229
1940.jpg,1584,1850,266
1945.jpg,1584,1870,286
1950.jpg,1585,1923,338
1955.jpg,1585,1450,-135
1960.jpg,1585,1780,195
1965.jpg,1586,1920,334
1970.jpg,1586,1875,289
1975.jpg,1587,1453,-134
1980.jpg,1588,1820,232
1985.jpg,1588,1850,262
1990.jpg,1588,1599,11
1995.jpg,1588,1876,288
2000.jpg,1589,1920,331
2005.jpg,1590,1900,310
2010.jpg,1590,1895,305
2020.jpg,1591,1773,182
2025.jpg,1591,1570,-21
2030.jpg,1592,1257,-335
2035.jpg,1593,1660,67
2045.jpg,1595,1650,55
2050.jpg,1595,1870,275
2055.jpg,1595,1850,255
2060.jpg,1596,1850,254
2065.jpg,1596,1600,4
2070.jpg,1597,1868,271
2075.jpg,1597,1753,156
2080.jpg,1598,1500,-98
2085.jpg,1598,1784,186
2090.jpg,1598,1947,349
2095.jpg,1600,1779,179
2100.jpg,1600,1200,-400
2115.jpg,1602,1920,318
2125.jpg,1604,1820,216
2130.jpg,1604,1450,-154
2135.jpg,1604,1422,-182
2140.jpg,1605,1808,203
2145.jpg,1605,1623,18
2150.jpg,1606,1895,289
2155.jpg,1606,1633,27
2160.jpg,1607,1606,-1
2165.jpg,1607,1950,343
2170.jpg,1608,1650,42
2175.jpg,1608,1730,122
2180.jpg,1609,1350,-259
2185.jpg,1610,1472,-138
2190.jpg,1610,1550,-60
2195.jpg,1610,1826,216
2200.jpg,1610,1790,180
2205.jpg,1611,1660,49
2210.jpg,1611,1765,154
2215.jpg,1611,1604,-7
2220.jpg,1612,2015,403
2225.jpg,1612,1888,276
2230.jpg,1613,1540,-73
2235.jpg,1613,1778,165
2240.jpg,1614,1500,-114
2245.jpg,1614,1780,166
2250.jpg,1614,1350,-264
2255.jpg,1615,2003,388
2260.jpg,1615,1123,-492
2265.jpg,1616,1855,239
2270.jpg,1616,1884,268
2275.jpg,1616,1985,369
2280.jpg,1616,1600,-16
2285.jpg,1617,1450,-167
2290.jpg,1617,1466,-151
2295.jpg,1617,1740,123
2300.jpg,1618,1928,310
2305.jpg,1618,1850,232
2310.jpg,1619,1450,-169
2315.jpg,1619,1840,221
2320.jpg,1619,1965,346
2325.jpg,1620,1830,210
2330.jpg,1620,1880,260
2335.jpg,1620,1663,43
2340.jpg,1621,1756,135
2345.jpg,1621,1600,-21
2350.jpg,1622,1776,154
2360.jpg,1623,1850,227
2365.jpg,1624,1850,226
2370.jpg,1624,1680,56
2375.jpg,1624,1908,284
2380.jpg,1625,1720,95
2385.jpg,1625,1758,133
2390.jpg,1625,1830,205
2395.jpg,1625,1920,295
2400.jpg,1626,1600,-26
2405.jpg,1626,1892,266
2410.jpg,1627,1860,233
2415.jpg,1628,1980,352
2420.jpg,1628,1924,296
2425.jpg,1629,1890,261
2430.jpg,1629,1875,246
2435.jpg,1630,1700,70
2440.jpg,1630,1851,221
2445.jpg,1630,1655,25
2450.jpg,1630,1874,244
2455.jpg,1631,1750,119
2460.jpg,1631,1925,294
2465.jpg,1631,581,-1050
2470.jpg,1632,1850,218
2475.jpg,1632,1905,273
2480.jpg,1632,1880,248
2485.jpg,1633,1930,297
2490.jpg,1633,1887,254
2495.jpg,1634,1900,266
2500.jpg,1634,1500,-134
2505.jpg,1634,1800,166
2510.jpg,1635,1850,215
2515.jpg,1635,1780,145
2520.jpg,1635,1850,215
2525.jpg,1636,1850,214
2530.jpg,1636,1650,14
2535.jpg,1636,1466,-170
2540.jpg,1637,1850,213
2545.jpg,1637,1928,291
2550.jpg,1638,1600,-38
2555.jpg,1638,1890,252
2560.jpg,1638,1856,218
2565.jpg,1639,1820,181
2570.jpg,1639,1792,153
2575.jpg,1640,1810,170
2580.jpg,1640,1820,180
2585.jpg,1640,1920,280
2590.jpg,1641,1896,255
2595.jpg,1641,1383,-258
2600.jpg,1641,1955,314
2605.jpg,1642,1870,228
2610.jpg,1642,1855,213
2615.jpg,1643,1876,233
2620.jpg,1644,1850,206
2625.jpg,1644,1836,192
2630.jpg,1644,1849,205
2635.jpg,1645,1945,300
2640.jpg,1645,1979,334
2645.jpg,1646,1858,212
2650.jpg,1646,1450,-196
2655.jpg,1646,2008,362
2660.jpg,1648,1880,232
2665.jpg,1648,1955,307
2670.jpg,1648,1638,-10
2675.jpg,1649,1947,298
2680.jpg,1650,1500,-150
2685.jpg,1650,1772,122
2690.jpg,1650,1850,200
2695.jpg,1650,1949,299
2700.jpg,1651,1661,10
2705.jpg,1651,1872,221
2710.jpg,1652,1808,156
2715.jpg,1653,1830,177
2720.jpg,1653,1550,-103
2725.jpg,1654,1750,96
2730.jpg,1654,1525,-129
2735.jpg,1655,1750,95
2745.jpg,1656,18,-1638
2750.jpg,1656,1884,228
2755.jpg,1656,1875,219
2760.jpg,1657,1632,-25
2765.jpg,1657,1780,123
2770.jpg,1658,1300,-358
2775.jpg,1658,1930,272
2780.jpg,1659,-1,-1660
2785.jpg,1659,1726,67
2790.jpg,1660,1850,190
2795.jpg,1660,1850,190
2800.jpg,1660,1860,200
2805.jpg,1660,1653,-7
2810.jpg,1660,1803,143
2815.jpg,1660,1861,201
2820.jpg,1660,1795,135
2825.jpg,1661,1700,39
2830.jpg,1661,1922,261
2835.jpg,1661,1807,146
2840.jpg,1661,1924,263
2845.jpg,1662,1930,268
2850.jpg,1663,1800,137
2855.jpg,1663,1763,100
2860.jpg,1664,1600,-64
2865.jpg,1664,1920,256
2870.jpg,1664,1650,-14
2875.jpg,1665,2000,335
2880.jpg,1665,1860,195
2885.jpg,1665,1800,135
2890.jpg,1665,1900,235
2895.jpg,1666,1809,143
2900.jpg,1666,1603,-63
2905.jpg,1667,1850,183
2910.jpg,1667,1819,152
2915.jpg,1667,1653,-14
2920.jpg,1668,1506,-162
2925.jpg,1669,1830,161
2930.jpg,1669,1850,181
2935.jpg,1670,1850,180
2940.jpg,1670,1920,250
2945.jpg,1670,1910,240
2950.jpg,1670,1870,200
2955.jpg,1671,1800,129
2960.jpg,1671,1860,189
2965.jpg,1671,1910,239
2970.jpg,1672,1905,233
2975.jpg,1672,1920,248
2980.jpg,1673,1850,177
2985.jpg,1673,1450,-223
2990.jpg,1674,1850,176
2995.jpg,1674,1875,201
3000.jpg,1674,800,-874
3010.jpg,1675,1731,56
3020.jpg,1676,1850,174
3025.jpg,1676,1765,89
3030.jpg,1677,1950,273
3035.jpg,1677,1890,213
3040.jpg,1677,1856,179
3045.jpg,1678,1920,242
3050.jpg,1678,1848,170
3055.jpg,1678,1276,-402
3060.jpg,1679,1890,211
3065.jpg,1679,1995,316
3075.jpg,1680,1840,160
3080.jpg,1680,1890,210
3085.jpg,1680,1777,97
3090.jpg,1680,1843,163
3095.jpg,1680,1970,290
3100.jpg,1680,1860,180
3105.jpg,1681,1850,169
3110.jpg,1681,1983,302
3115.jpg,1681,1674,-7
3120.jpg,1681,1952,271
3125.jpg,1682,1835,153
3130.jpg,1682,1750,68
3135.jpg,1682,1825,143
3140.jpg,1682,1850,168
3145.jpg,1683,1848,165
3150.jpg,1683,1750,67
3155.jpg,1683,1901,218
3160.jpg,1683,1150,-533
3165.jpg,1683,1850,167
3170.jpg,1684,1790,106
3175.jpg,1684,1850,166
3180.jpg,1684,14,-1670
3185.jpg,1684,1827,143
3190.jpg,1685,1912,227
3195.jpg,1685,1750,65
3200.jpg,1685,1920,235
3205.jpg,1686,1950,264
3210.jpg,1686,1840,154
3215.jpg,1686,2000,314
3220.jpg,1686,1920,234
3225.jpg,1687,1300,-387
3230.jpg,1687,1729,42
3235.jpg,1687,1875,188
3240.jpg,1688,1840,152
3245.jpg,1688,1850,162
3250.jpg,1689,1860,171
3255.jpg,1689,1750,61
3260.jpg,1689,1551,-138
3270.jpg,1690,1942,252
3275.jpg,1690,1832,142
3280.jpg,1690,1930,240
3285.jpg,1690,1845,155
3290.jpg,1690,1920,230
3295.jpg,1690,1830,140
3300.jpg,1690,1840,150
3305.jpg,1691,1850,159
3310.jpg,1691,1832,141
3315.jpg,1691,1898,207
3320.jpg,1692,1750,58
3325.jpg,1692,1792,100
3330.jpg,1693,1914,221
3335.jpg,1693,1850,157
3340.jpg,1694,1850,156
3345.jpg,1694,1920,226
3350.jpg,1694,1650,-44
3355.jpg,1695,1920,225
3360.jpg,1695,1920,225
3365.jpg,1695,1835,140
3370.jpg,1695,1850,155
3375.jpg,1695,1766,71
3385.jpg,1696,1900,204
3390.jpg,1696,1912,216
3395.jpg,1696,1850,154
3400.jpg,1696,1779,83
3405.jpg,1696,1770,74
3410.jpg,1697,1840,143
3415.jpg,1697,1850,153
3420.jpg,1697,1890,193
3425.jpg,1697,1850,153
3430.jpg,1698,1860,162
3435.jpg,1698,1871,173
3440.jpg,1698,1930,232
3445.jpg,1699,1725,26
3450.jpg,1699,1620,-79
3455.jpg,1699,1946,247
3460.jpg,1700,1832,132
3465.jpg,1700,1940,240
3470.jpg,1700,1850,150
3475.jpg,1700,1840,140
3480.jpg,1700,1773,73
3485.jpg,1700,1830,130
3490.jpg,1700,1960,260
3495.jpg,1700,1895,195
3500.jpg,1700,1850,150
3505.jpg,1700,1600,-100
3510.jpg,1700,1850,150
3520.jpg,1701,1932,231
3525.jpg,1701,1834,133
3535.jpg,1702,1885,183
3540.jpg,1702,1840,138
3545.jpg,1703,1549,-154
3550.jpg,1704,1948,244
3555.jpg,1704,1780,76
3560.jpg,1704,1860,156
3565.jpg,1704,1910,206
3570.jpg,1704,1925,221
3575.jpg,1705,1753,48
3580.jpg,1705,1780,75
3585.jpg,1705,1880,175
3590.jpg,1705,1650,-55
3595.jpg,1706,1840,134
3600.jpg,1706,1750,44
3605.jpg,1706,1650,-56
3610.jpg,1706,1950,244
3615.jpg,1707,1930,223
3620.jpg,1707,600,-1107
3625.jpg,1707,1870,163
3630.jpg,1708,1910,202
3635.jpg,1708,1898,190
3640.jpg,1708,1850,142
3645.jpg,1708,1699,-9
3650.jpg,1709,1453,-256
3655.jpg,1709,1870,161
3660.jpg,1709,1755,46
3665.jpg,1709,1860,151
3670.jpg,1710,1870,160
3675.jpg,1710,1990,280
3680.jpg,1710,1855,145
3685.jpg,1710,1930,220
3690.jpg,1710,1900,190
3695.jpg,1710,1800,90
3700.jpg,1710,1920,210
3705.jpg,1710,1885,175
3710.jpg,1710,1759,49
3715.jpg,1711,1912,201
3720.jpg,1711,1850,139
3725.jpg,1711,1870,159
3730.jpg,1711,1667,-44
3735.jpg,1711,1620,-91
3740.jpg,1712,1923,211
3745.jpg,1712,1920,208
3750.jpg,1713,1922,209
3755.jpg,1713,1850,137
3760.jpg,1713,1798,85
3765.jpg,1713,1650,-63
3770.jpg,1714,1830,116
3775.jpg,1714,1850,136
3780.jpg,1714,1800,86
3785.jpg,1714,1860,146
3790.jpg,1715,1890,175
3795.jpg,1715,2000,285
3800.jpg,1715,1000,-715
3805.jpg,1715,526,-1189
3810.jpg,1715,1800,85
3815.jpg,1715,1750,35
3820.jpg,1715,1950,235
3825.jpg,1715,1785,70
3830.jpg,1715,1856,141
3835.jpg,1716,1988,272
3840.jpg,1716,1967,251
3845.jpg,1716,1942,226
3850.jpg,1716,1984,268
3855.jpg,1716,1880,164
3860.jpg,1716,1776,60
3865.jpg,1717,1880,163
3870.jpg,1717,1870,153
3875.jpg,1717,1860,143
3880.jpg,1718,1804,86
3885.jpg,1718,1656,-62
3890.jpg,1719,2006,287
3895.jpg,1719,1941,222
3900.jpg,1719,1865,146
3905.jpg,1719,1800,81
3910.jpg,1720,1836,116
3915.jpg,1720,1853,133
3920.jpg,1720,1920,200
3925.jpg,1720,1800,80
3930.jpg,1720,1984,264
3935.jpg,1720,1845,125
3940.jpg,1720,1878,158
3945.jpg,1720,1750,30
3950.jpg,1720,1840,120
3955.jpg,1720,1820,100
3960.jpg,1720,1830,110
3965.jpg,1720,1750,30
3970.jpg,1720,1750,30
3975.jpg,1721,1960,239
3980.jpg,1721,1950,229
3985.jpg,1721,1870,149
3990.jpg,1721,1850,129
3995.jpg,1721,1859,138
4000.jpg,1722,1800,78
4005.jpg,1722,1740,18
4010.jpg,1722,1870,148
4015.jpg,1722,1870,148
4020.jpg,1722,1905,183
4025.jpg,1723,1776,53
4030.jpg,1723,1923,200
4035.jpg,1723,1890,167
4040.jpg,1723,1750,27
4045.jpg,1723,1759,36
4050.jpg,1723,1750,27
4055.jpg,1723,1914,191
4060.jpg,1724,1912,188
4065.jpg,1724,1885,161
4070.jpg,1724,1750,26
4075.jpg,1724,1772,48
4080.jpg,1724,1900,176
4085.jpg,1724,1774,50
4090.jpg,1724,1629,-95
4095.jpg,1724,1250,-474
4100.jpg,1725,1870,145
4105.jpg,1725,1857,132
4110.jpg,1725,1875,150
4115.jpg,1725,1770,45
4120.jpg,1725,1880,155
4125.jpg,1725,1890,165
4130.jpg,1725,1850,125
4135.jpg,1725,1762,37
4140.jpg,1725,1826,101
4145.jpg,1725,1750,25
4150.jpg,1725,1919,194
4155.jpg,1725,1890,165
4160.jpg,1726,1860,134
4165.jpg,1726,1910,184
4170.jpg,1726,1860,134
4175.jpg,1726,1890,164
4180.jpg,1726,1842,116
4185.jpg,1727,1870,143
4190.jpg,1727,1875,148
4195.jpg,1727,1924,197
4200.jpg,1727,1850,123
4205.jpg,1727,1919,192
4210.jpg,1727,1840,113
4215.jpg,1728,1760,32
4220.jpg,1728,1890,162
4225.jpg,1728,1850,122
4230.jpg,1728,1875,147
4235.jpg,1728,1980,252
4240.jpg,1728,1980,252
4245.jpg,1728,1800,72
4250.jpg,1729,1759,30
4255.jpg,1729,1890,161
4260.jpg,1729,1760,31
4265.jpg,1729,1780,51
4270.jpg,1729,1755,26
4275.jpg,1730,1850,120
4280.jpg,1730,1800,70
4285.jpg,1730,1870,140
4290.jpg,1730,1820,90
4295.jpg,1730,1863,133
4300.jpg,1730,1920,190
4305.jpg,1730,1903,173
4310.jpg,1730,1850,120
4315.jpg,1730,1850,120
4320.jpg,1730,1840,110
4325.jpg,1730,1912,182
4330.jpg,1730,1820,90
4335.jpg,1730,1860,130
4340.jpg,1730,1880,150
4345.jpg,1730,1760,30
4350.jpg,1730,1903,173
4355.jpg,1730,1935,205
4360.jpg,1730,1930,200
4365.jpg,1730,2005,275
4370.jpg,1731,1890,159
4375.jpg,1731,1793,62
4380.jpg,1731,1900,169
4385.jpg,1731,1650,-81
4390.jpg,1732,1762,30
4395.jpg,1732,1825,93
4400.jpg,1732,1950,218
4405.jpg,1732,1678,-54
4410.jpg,1732,1850,118
4415.jpg,1732,1820,88
4420.jpg,1732,1870,138
4425.jpg,1732,2000,268
4430.jpg,1732,-1,-1733
4435.jpg,1733,1762,29
4440.jpg,1733,1920,187
4445.jpg,1733,1837,104
4450.jpg,1733,1908,175
4455.jpg,1733,1826,93
4460.jpg,1733,1853,120
4465.jpg,1733,1,-1732
4470.jpg,1733,1,-1732
4475.jpg,1734,1778,44
4480.jpg,1734,1750,16
4485.jpg,1734,1880,146
4490.jpg,1734,1993,259
4495.jpg,1735,1800,65
4505.jpg,1735,1900,165
4510.jpg,1735,1923,188
4515.jpg,1735,1835,100
4520.jpg,1735,1850,115
4525.jpg,1735,1888,153
4530.jpg,1735,1850,115
4535.jpg,1735,1900,165
4545.jpg,1736,1928,192
4550.jpg,1736,1780,44
4555.jpg,1736,1830,94
4560.jpg,1736,1908,172
4565.jpg,1736,1933,197
4570.jpg,1736,1830,94
4575.jpg,1737,1911,174
4580.jpg,1737,1920,183
4585.jpg,1737,1820,83
4590.jpg,1737,1950,213
4595.jpg,1737,1750,13
4600.jpg,1737,1870,133
4605.jpg,1738,1835,97
4610.jpg,1738,1590,-148
4615.jpg,1738,1890,152
4620.jpg,1738,1885,147
4625.jpg,1738,1930,192
4630.jpg,1738,1900,162
4635.jpg,1738,1699,-39
4640.jpg,1739,1871,132
4645.jpg,1739,1850,111
4650.jpg,1739,1955,216
4655.jpg,1739,1770,31
4660.jpg,1739,1920,181
4665.jpg,1740,1920,180
4670.jpg,1740,1830,90
4675.jpg,1740,1920,180
4680.jpg,1740,1800,60
4685.jpg,1740,1780,40
4690.jpg,1740,1898,158
4695.jpg,1740,1950,210
4700.jpg,1740,1820,80
4705.jpg,1740,1850,110
4710.jpg,1740,1943,203
4715.jpg,1740,1913,173
4720.jpg,1740,1254,-486
4725.jpg,1740,1926,186
4730.jpg,1740,1850,110
4735.jpg,1740,1830,90
4740.jpg,1740,1908,168
4745.jpg,1740,1850,110
4750.jpg,1741,1880,139
4755.jpg,1741,1760,19
4760.jpg,1741,1940,199
4765.jpg,1741,1850,109
4770.jpg,1741,1614,-127
4775.jpg,1741,2010,269
4780.jpg,1742,1868,126
4785.jpg,1742,1820,78
4790.jpg,1742,1850,108
4795.jpg,1742,1800,58
4800.jpg,1742,1700,-42
4805.jpg,1742,1790,48
4810.jpg,1742,1660,-82
4815.jpg,1742,1850,108
4820.jpg,1743,1948,205
4825.jpg,1743,1750,7
4835.jpg,1743,1870,127
4840.jpg,1743,1900,157
4845.jpg,1744,1802,58
4850.jpg,1744,1920,176
4855.jpg,1744,1850,106
4860.jpg,1744,1650,-94
4865.jpg,1744,1404,-340
4870.jpg,1745,1920,175
4875.jpg,1745,1750,5
4880.jpg,1745,1800,55
4885.jpg,1745,1786,41
4890.jpg,1745,1860,115
4895.jpg,1745,1850,105
4900.jpg,1745,1770,25
4905.jpg,1745,1930,185
4910.jpg,1746,1890,144
4915.jpg,1746,1630,-116
4920.jpg,1746,1860,114
4925.jpg,1746,1221,-525
4930.jpg,1747,1853,106
4935.jpg,1747,1959,212
4940.jpg,1747,1655,-92
4945.jpg,1747,1960,213
4950.jpg,1747,1905,158
4955.jpg,1747,1629,-118
4960.jpg,1747,1925,178
4965.jpg,1748,1870,122
4970.jpg,1748,1850,102
4975.jpg,1748,1930,182
4980.jpg,1748,1920,172
4985.jpg,1748,1840,92
4990.jpg,1749,1910,161
4995.jpg,1749,1940,191
5000.jpg,1749,1800,51
5005.jpg,1749,1975,226
5010.jpg,1749,1880,131
5015.jpg,1750,1620,-130
5020.jpg,1750,1912,162
5025.jpg,1750,1850,100
5030.jpg,1750,1850,100
5035.jpg,1750,1830,80
5040.jpg,1750,1810,60
5045.jpg,1750,1850,100
5050.jpg,1750,1850,100
5060.jpg,1750,1895,145
5065.jpg,1750,1890,140
5070.jpg,1750,1875,125
5075.jpg,1750,1880,130
5080.jpg,1750,1750,0
5085.jpg,1750,1950,200
5090.jpg,1750,1850,100
5095.jpg,1750,1800,50
5100.jpg,1750,1900,150
5105.jpg,1750,1750,0
5110.jpg,1750,-1,-1751
5115.jpg,1750,1817,67
5120.jpg,1750,1820,70
5125.jpg,1750,1850,100
5130.jpg,1750,1730,-20
5135.jpg,1750,1890,140
5140.jpg,1750,1850,100
5145.jpg,1750,1940,190
5150.jpg,1750,1830,80
5155.jpg,1750,1867,117
5160.jpg,1750,1870,120
5165.jpg,1750,1940,190
5170.jpg,1750,1844,94
5175.jpg,1750,1910,160
5180.jpg,1750,1880,130
5185.jpg,1750,2010,260
5190.jpg,1750,1880,130
5195.jpg,1751,2018,267
5200.jpg,1751,1850,99
5205.jpg,1751,1890,139
5210.jpg,1751,1860,109
5215.jpg,1751,1850,99
5220.jpg,1751,1500,-251
5225.jpg,1752,1970,218
5230.jpg,1752,1850,98
5235.jpg,1752,1770,18
5240.jpg,1752,1800,48
5245.jpg,1752,1904,152
5250.jpg,1752,1870,118
5255.jpg,1752,1790,38
5260.jpg,1752,1750,-2
5265.jpg,1752,1850,98
5270.jpg,1752,1897,145
5275.jpg,1752,1701,-51
5285.jpg,1753,1837,84
5290.jpg,1753,1845,92
5295.jpg,1753,1810,57
5300.jpg,1753,1860,107
5305.jpg,1753,1830,77
5310.jpg,1753,1858,105
5315.jpg,1753,1828,75
5320.jpg,1753,1900,147
5325.jpg,1754,1830,76
5330.jpg,1754,1774,20
5335.jpg,1754,1783,29
5340.jpg,1754,1945,191
5345.jpg,1754,1820,66
5350.jpg,1754,1880,126
5355.jpg,1754,-1,-1755
5360.jpg,1754,1792,38
5365.jpg,1754,1870,116
5370.jpg,1755,1773,18
5375.jpg,1755,1910,155
5380.jpg,1755,1795,40
5385.jpg,1755,1500,-255
5390.jpg,1755,1800,45
5395.jpg,1755,1830,75
5400.jpg,1755,1885,130
5405.jpg,1755,1890,135
5410.jpg,1755,1800,45
5415.jpg,1756,1850,94
5420.jpg,1756,1850,94
5425.jpg,1756,1905,149
5430.jpg,1756,1650,-106
5435.jpg,1756,1850,94
5440.jpg,1756,1720,-36
5445.jpg,1756,1750,-6
5450.jpg,1756,1840,84
5455.jpg,1756,1502,-254
5460.jpg,1756,1823,67
5470.jpg,1757,1898,141
5475.jpg,1757,1790,33
5480.jpg,1757,1850,93
5485.jpg,1757,1650,-107
5490.jpg,1757,1910,153
5495.jpg,1757,1990,233
5500.jpg,1758,1783,25
5505.jpg,1758,1800,42
5510.jpg,1758,1840,82
5515.jpg,1758,1750,-8
5520.jpg,1758,1803,45
5525.jpg,1758,1920,162
5530.jpg,1758,1768,10
5535.jpg,1759,1770,11
5540.jpg,1759,1750,-9
5545.jpg,1759,1950,191
5550.jpg,1759,1870,111
5555.jpg,1759,1850,91
5560.jpg,1759,1881,122
5565.jpg,1760,1890,130
5570.jpg,1760,1840,80
5575.jpg,1760,1850,90
5580.jpg,1760,1850,90
5585.jpg,1760,1200,-560
5590.jpg,1761,1750,-11
5595.jpg,1761,1836,75
5600.jpg,1761,1890,129
5605.jpg,1761,1920,159
5610.jpg,1761,1920,159
5615.jpg,1761,1600,-161
5620.jpg,1761,739,-1022
5625.jpg,1761,2011,250
5630.jpg,1762,1950,188
5635.jpg,1762,1792,30
5640.jpg,1762,1900,138
5645.jpg,1762,1850,88
5650.jpg,1762,1732,-30
5655.jpg,1762,1860,98
5660.jpg,1762,1915,153
5665.jpg,1762,1850,88
5670.jpg,1763,1850,87
5675.jpg,1763,1850,87
5680.jpg,1763,1910,147
5685.jpg,1763,1800,37
5690.jpg,1763,1750,-13
5695.jpg,1763,1830,67
5700.jpg,1763,1648,-115
5705.jpg,1763,1785,22
5710.jpg,1764,1750,-14
5715.jpg,1764,1849,85
5720.jpg,1764,1770,6
5725.jpg,1764,1904,140
5730.jpg,1764,1903,139
5735.jpg,1764,1850,86
5740.jpg,1764,1875,111
5745.jpg,1764,1812,48
5750.jpg,1764,1850,86
5755.jpg,1764,1850,86
5765.jpg,1765,1850,85
5770.jpg,1765,1920,155
5775.jpg,1765,1950,185
5780.jpg,1765,1935,170
5785.jpg,1765,1723,-42
5790.jpg,1765,1880,115
5795.jpg,1765,1870,105
5800.jpg,1765,1743,-22
5805.jpg,1765,1845,80
5810.jpg,1765,1900,135
5815.jpg,1765,1750,-15
5820.jpg,1765,1890,125
5825.jpg,1765,1850,85
5830.jpg,1765,1860,95
5835.jpg,1766,1926,160
5840.jpg,1766,1890,124
5845.jpg,1766,1820,54
5850.jpg,1766,1500,-266
5855.jpg,1766,1900,134
5860.jpg,1766,1744,-22
5865.jpg,1766,1880,114
5870.jpg,1766,1770,4
5875.jpg,1767,1820,53
5880.jpg,1767,1840,73
5885.jpg,1767,1920,153
5890.jpg,1767,1832,65
5895.jpg,1768,1885,117
5900.jpg,1768,1756,-12
5905.jpg,1768,1715,-53
5910.jpg,1768,1850,82
5915.jpg,1768,1935,167
5920.jpg,1768,1850,82
5925.jpg,1768,1950,182
5930.jpg,1768,1839,71
5935.jpg,1768,1787,19
5940.jpg,1768,1950,182
5945.jpg,1769,1850,81
5950.jpg,1769,1948,179
5955.jpg,1769,1845,76
5960.jpg,1769,1800,31
5965.jpg,1769,1600,-169
5970.jpg,1769,1900,131
5975.jpg,1769,1750,-19
5980.jpg,1769,1912,143
5985.jpg,1769,2000,231
5990.jpg,1769,1910,141
5995.jpg,1769,600,-1169
6000.jpg,1770,1850,80
6005.jpg,1770,1830,60
6010.jpg,1770,1800,30
6015.jpg,1770,1918,148
6020.jpg,1770,1850,80
6025.jpg,1770,1850,80
6030.jpg,1770,1780,10
6035.jpg,1770,1830,60
6040.jpg,1770,1850,80
6045.jpg,1770,1870,100
6050.jpg,1770,1820,50
6055.jpg,1770,1930,160
6060.jpg,1770,1880,110
6065.jpg,1770,1970,200
6070.jpg,1770,1920,150
6075.jpg,1770,1890,120
6080.jpg,1770,1975,205
6085.jpg,1770,1870,100
6090.jpg,1770,1880,110
6095.jpg,1770,1850,80
6100.jpg,1770,1951,181
6105.jpg,1770,1750,-20
6115.jpg,1771,1850,79
6120.jpg,1771,1860,89
6125.jpg,1771,1750,-21
6130.jpg,1771,1830,59
6135.jpg,1771,1735,-36
6140.jpg,1771,1730,-41
6145.jpg,1771,1820,49
6150.jpg,1771,1885,114
6155.jpg,1771,1785,14
6160.jpg,1771,1893,122
6165.jpg,1771,1843,72
6170.jpg,1772,1920,148
6175.jpg,1772,1850,78
6180.jpg,1772,1742,-30
6185.jpg,1772,1700,-72
6190.jpg,1772,78,-1694
6195.jpg,1773,1762,-11
6200.jpg,1773,1850,77
6205.jpg,1773,1920,147
6210.jpg,1773,1850,77
6215.jpg,1773,1870,97
6220.jpg,1773,1850,77
6225.jpg,1773,1800,27
6230.jpg,1773,1825,52
6235.jpg,1773,1950,177
6240.jpg,1774,1850,76
6245.jpg,1774,1808,34
6250.jpg,1774,1853,79
6255.jpg,1774,1750,-24
6260.jpg,1774,1850,76
6265.jpg,1774,1850,76
6270.jpg,1774,1850,76
6275.jpg,1774,1939,165
6280.jpg,1774,1850,76
6285.jpg,1774,1773,-1
6290.jpg,1774,1919,145
6295.jpg,1774,1980,206
6300.jpg,1774,1860,86
6305.jpg,1775,1865,90
6310.jpg,1775,1750,-25
6315.jpg,1775,1925,150
6320.jpg,1775,1800,25
6325.jpg,1775,1830,55
6330.jpg,1775,1850,75
6335.jpg,1775,1910,135
6350.jpg,1775,1920,145
6355.jpg,1775,1890,115
6360.jpg,1775,1890,115
6365.jpg,1775,1800,25
6370.jpg,1775,1900,125
6375.jpg,1775,1769,-6
6380.jpg,1775,1970,195
6385.jpg,1775,1218,-557
6390.jpg,1775,2020,245
6395.jpg,1775,1785,10
6405.jpg,1776,1900,124
6410.jpg,1776,1840,64
6415.jpg,1776,1820,44
6420.jpg,1776,1950,174
6425.jpg,1776,1799,23
6430.jpg,1776,1880,104
6435.jpg,1776,1770,-6
6440.jpg,1776,1825,49
6445.jpg,1777,1780,3
6450.jpg,1777,1945,168
6455.jpg,1777,1920,143
6460.jpg,1777,1890,113
6465.jpg,1777,1930,153
6470.jpg,1777,1931,154
6475.jpg,1777,12,-1765
6480.jpg,1777,1969,192
6485.jpg,1778,1776,-2
6495.jpg,1778,1770,-8
6500.jpg,1778,1779,1
6505.jpg,1778,1850,72
6510.jpg,1778,1925,147
6515.jpg,1779,1890,111
6520.jpg,1779,1850,71
6525.jpg,1779,1840,61
6530.jpg,1779,1850,71
6535.jpg,1779,1820,41
6540.jpg,1779,1884,105
6545.jpg,1779,1854,75
6550.jpg,1779,1820,41
6555.jpg,1780,1910,130
6560.jpg,1780,1850,70
6565.jpg,1780,1850,70
6570.jpg,1780,1930,150
6575.jpg,1780,1848,68
6580.jpg,1780,1870,90
6585.jpg,1780,1800,20
6590.jpg,1780,1865,85
6595.jpg,1780,2000,220
6600.jpg,1780,1850,70
6605.jpg,1780,1870,90
6610.jpg,1780,1900,120
6615.jpg,1780,1920,140
6620.jpg,1780,1800,20
6625.jpg,1780,1940,160
6630.jpg,1780,1900,120
6635.jpg,1780,1950,170
6640.jpg,1780,1870,90
6645.jpg,1780,1730,-50
6650.jpg,1780,1900,120
6655.jpg,1780,1875,95
6660.jpg,1780,1950,170
6665.jpg,1780,1834,54
6670.jpg,1781,1880,99
6675.jpg,1781,1607,-174
6680.jpg,1781,1852,71
6685.jpg,1781,1910,129
6690.jpg,1781,1920,139
6695.jpg,1781,2005,224
6700.jpg,1781,1775,-6
6705.jpg,1781,1890,109
6710.jpg,1782,1942,160
6715.jpg,1782,1900,118
6720.jpg,1782,1835,53
6725.jpg,1782,1920,138
6730.jpg,1782,1800,18
6735.jpg,1782,1850,68
6740.jpg,1782,1920,138
6745.jpg,1782,1848,66
6750.jpg,1782,1810,28
6755.jpg,1783,1850,67
6760.jpg,1783,1898,115
6765.jpg,1783,1932,149
6770.jpg,1783,2000,217
6775.jpg,1783,1895,112
6780.jpg,1783,1850,67
6785.jpg,1783,1750,-33
6790.jpg,1783,1920,137
6795.jpg,1783,1750,-33
6800.jpg,1783,1930,147
6805.jpg,1783,1756,-27
6810.jpg,1784,1890,106
6815.jpg,1784,1354,-430
6820.jpg,1784,1850,66
6825.jpg,1784,1930,146
6830.jpg,1784,1800,16
6835.jpg,1784,1980,196
6840.jpg,1784,1875,91
6845.jpg,1784,1820,36
6850.jpg,1784,1850,66
6855.jpg,1784,1800,16
6860.jpg,1785,1910,125
6865.jpg,1785,1880,95
6870.jpg,1785,1750,-35
6875.jpg,1785,1754,-31
6880.jpg,1785,1900,115
6885.jpg,1785,1880,95
6890.jpg,1785,1840,55
6895.jpg,1785,1849,64
6900.jpg,1785,1910,125
6905.jpg,1785,1845,60
6910.jpg,1785,1890,105
6915.jpg,1785,1752,-33
6920.jpg,1785,1940,155
6925.jpg,1785,1790,5
6930.jpg,1785,1630,-155
6935.jpg,1785,1930,145
6940.jpg,1785,1912,127
6945.jpg,1785,1737,-48
6950.jpg,1786,1856,70
6955.jpg,1786,1920,134
6960.jpg,1786,1805,19
6965.jpg,1786,1900,114
6970.jpg,1786,1835,49
6975.jpg,1786,1812,26
6980.jpg,1786,1750,-36
6985.jpg,1786,1888,102
6990.jpg,1786,1850,64
6995.jpg,1786,1920,134
7000.jpg,1786,1930,144
7005.jpg,1787,1933,146
7010.jpg,1787,1750,-37
7015.jpg,1787,1770,-17
7020.jpg,1787,1905,118
7025.jpg,1787,1955,168
7030.jpg,1787,1790,3
7035.jpg,1787,1835,48
7040.jpg,1787,1930,143
7045.jpg,1787,1830,43
7050.jpg,1787,1915,128
7055.jpg,1787,1885,98
7060.jpg,1787,1920,133
7065.jpg,1787,1995,208
7070.jpg,1787,1850,63
7075.jpg,1787,1672,-115
7080.jpg,1787,1850,63
7085.jpg,1787,1865,78
7090.jpg,1788,1894,106
7095.jpg,1788,1762,-26
7100.jpg,1788,1920,132
7105.jpg,1788,1790,2
7110.jpg,1788,1855,67
7115.jpg,1788,1830,42
7120.jpg,1788,1860,72
7125.jpg,1788,1850,62
7130.jpg,1788,1840,52
7135.jpg,1788,1750,-38
7140.jpg,1788,1862,74
7145.jpg,1789,1896,107
7150.jpg,1789,1742,-47
7155.jpg,1789,1820,31
7160.jpg,1789,1830,41
7165.jpg,1789,1865,76
7170.jpg,1789,1850,61
7175.jpg,1789,1854,65
7180.jpg,1789,1980,191
7185.jpg,1789,1890,101
7190.jpg,1789,1763,-26
7195.jpg,1789,1820,31
7200.jpg,1790,1840,50
7205.jpg,1790,1820,30
7210.jpg,1790,1850,60
7215.jpg,1790,1912,122
7220.jpg,1790,1870,80
7225.jpg,1790,1845,55
7230.jpg,1790,1912,122
7235.jpg,1790,1890,100
7240.jpg,1790,1875,85
7245.jpg,1790,1900,110
7250.jpg,1790,1800,10
7255.jpg,1790,1950,160
7260.jpg,1790,1875,85
7265.jpg,1790,1850,60
7270.jpg,1790,1920,130
7275.jpg,1790,1850,60
7280.jpg,1790,1820,30
7285.jpg,1790,1869,79
7290.jpg,1790,1950,160
7295.jpg,1790,1790,0
7300.jpg,1790,1925,135
7305.jpg,1790,1910,120
7310.jpg,1790,1870,80
7315.jpg,1790,1785,-5
7320.jpg,1790,1920,130
7325.jpg,1790,1750,-40
7330.jpg,1790,1832,42
7335.jpg,1790,1800,10
7340.jpg,1790,1792,2
7345.jpg,1790,1950,160
7350.jpg,1790,1840,50
7355.jpg,1790,1920,130
7360.jpg,1790,1860,70
7365.jpg,1790,1890,100
7370.jpg,1790,1805,15
7375.jpg,1790,1950,160
7380.jpg,1790,1616,-174
7385.jpg,1791,1910,119
7390.jpg,1791,1725,-66
7395.jpg,1791,1776,-15
7400.jpg,1791,1600,-191
7405.jpg,1791,1852,61
7410.jpg,1791,1850,59
7415.jpg,1791,1920,129
7420.jpg,1791,1795,4
7425.jpg,1791,1840,49
7430.jpg,1791,1856,65
7435.jpg,1791,1920,129
7440.jpg,1792,1875,83
7445.jpg,1792,1850,58
7450.jpg,1792,1799,7
7455.jpg,1792,1920,128
7460.jpg,1792,1800,8
7465.jpg,1792,1800,8
7470.jpg,1792,1850,58
7475.jpg,1792,1900,108
7480.jpg,1792,1865,73
7485.jpg,1792,1860,68
7490.jpg,1792,1845,53
7495.jpg,1792,1770,-22
7500.jpg,1792,1840,48
7505.jpg,1792,1850,58
7510.jpg,1793,1924,131
7515.jpg,1793,1879,86
7520.jpg,1793,1920,127
7525.jpg,1793,1850,57
7530.jpg,1793,1896,103
7535.jpg,1793,1839,46
7540.jpg,1793,1950,157
7545.jpg,1793,1900,107
7550.jpg,1793,1760,-33
7555.jpg,1793,1850,57
7560.jpg,1793,1845,52
7565.jpg,1793,1875,82
7570.jpg,1793,1800,7
7575.jpg,1793,1920,127
7580.jpg,1793,1790,-3
7585.jpg,1793,1950,157
7590.jpg,1793,1760,-33
7595.jpg,1794,1935,141
7600.jpg,1794,1700,-94
7605.jpg,1794,1800,6
7610.jpg,1794,1880,86
7615.jpg,1794,1920,126
7620.jpg,1794,1850,56
7625.jpg,1794,1950,156
7630.jpg,1794,1770,-24
7635.jpg,1794,1835,41
7640.jpg,1794,1890,96
7645.jpg,1794,1850,56
7650.jpg,1794,1880,86
7655.jpg,1795,200,-1595
7660.jpg,1795,1940,145
7665.jpg,1795,1800,5
7670.jpg,1795,1820,25
7675.jpg,1795,1790,-5
7680.jpg,1795,1800,5
7685.jpg,1795,1840,45
7690.jpg,1795,1850,55
7695.jpg,1795,1870,75
7700.jpg,1795,1948,153
7705.jpg,1795,1850,55
7710.jpg,1795,1950,155
7715.jpg,1795,1895,100
7720.jpg,1795,1920,125
7725.jpg,1795,1930,135
7730.jpg,1795,1780,-15
7735.jpg,1795,1850,55
7740.jpg,1795,1890,95
7745.jpg,1795,1910,115
7750.jpg,1795,1800,5
7755.jpg,1795,1750,-45
7760.jpg,1795,1850,55
7765.jpg,1795,1850,55
7775.jpg,1796,1835,39
7780.jpg,1796,1825,29
7785.jpg,1796,1900,104
7790.jpg,1796,1920,124
7795.jpg,1796,1780,-16
7800.jpg,1796,1850,54
7805.jpg,1796,1830,34
7810.jpg,1796,1850,54
7815.jpg,1796,1900,104
7820.jpg,1796,1770,-26
7825.jpg,1796,1875,79
7830.jpg,1796,1937,141
7840.jpg,1796,1920,124
7845.jpg,1796,1780,-16
7850.jpg,1796,1850,54
7855.jpg,1796,1920,124
7860.jpg,1796,1880,84
7865.jpg,1796,1885,89
7870.jpg,1796,1890,94
7875.jpg,1796,1850,54
7880.jpg,1797,1900,103
7885.jpg,1797,1859,62
7890.jpg,1797,1845,48
7895.jpg,1797,1790,-7
7900.jpg,1797,1800,3
7905.jpg,1797,1850,53
7915.jpg,1797,1937,140
7920.jpg,1797,1820,23
7925.jpg,1797,1865,68
7930.jpg,1797,1835,38
7935.jpg,1797,1910,113
7940.jpg,1797,1920,123
7945.jpg,1797,1910,113
7950.jpg,1797,1895,98
7955.jpg,1798,1852,54
7960.jpg,1798,1891,93
7965.jpg,1798,1450,-348
7970.jpg,1798,1700,-98
7975.jpg,1798,1850,52
7980.jpg,1798,1920,122
7985.jpg,1798,1925,127
7990.jpg,1798,1875,77
7995.jpg,1798,1330,-468
8000.jpg,1798,1920,122
8005.jpg,1798,1850,52
8010.jpg,1798,1970,172
8015.jpg,1798,1830,32
8020.jpg,1798,1940,142
8025.jpg,1798,1830,32
8030.jpg,1798,1912,114
8035.jpg,1798,1950,152
8040.jpg,1798,1935,137
8045.jpg,1798,1850,52
8055.jpg,1798,1765,-33
8060.jpg,1799,1930,131
8065.jpg,1799,1850,51
8070.jpg,1799,1910,111
8075.jpg,1799,1850,51
8080.jpg,1799,1910,111
8085.jpg,1799,1920,121
8090.jpg,1799,1860,61
8095.jpg,1799,1890,91
8100.jpg,1799,1850,51
8105.jpg,1799,1890,91
8110.jpg,1799,1491,-308
8115.jpg,1800,1920,120
8120.jpg,1800,2018,218
8125.jpg,1800,1825,25
8130.jpg,1800,1880,80
8135.jpg,1800,1950,150
8140.jpg,1800,1832,32
8145.jpg,1800,1850,50
8150.jpg,1800,1860,60
8155.jpg,1800,1940,140
8160.jpg,1800,1910,110
8165.jpg,1800,1830,30
8170.jpg,1800,1900,100
8175.jpg,1800,1850,50
8180.jpg,1800,1953,153
8185.jpg,1800,1900,100
8190.jpg,1800,1930,130
8195.jpg,1800,1800,0
8200.jpg,1800,1868,68
8205.jpg,1800,1860,60
8210.jpg,1800,1950,150
8215.jpg,1800,1875,75
8220.jpg,1800,1800,0
8225.jpg,1800,1880,80
8230.jpg,1800,1895,95
8235.jpg,1800,1875,75
8240.jpg,1800,1904,104
8245.jpg,1800,1900,100
8250.jpg,1800,1890,90
8255.jpg,1800,1903,103
8260.jpg,1800,1860,60
8265.jpg,1800,1850,50
8270.jpg,1800,1850,50
8275.jpg,1800,1850,50
8280.jpg,1800,1890,90
8285.jpg,1800,1840,40
8295.jpg,1800,1910,110
8300.jpg,1801,1953,152
8305.jpg,1801,1942,141
8310.jpg,1801,1890,89
8315.jpg,1801,1850,49
8320.jpg,1801,1930,129
8325.jpg,1801,1881,80
8330.jpg,1801,1850,49
8335.jpg,1801,1800,-1
8340.jpg,1801,1800,-1
8345.jpg,1801,1830,29
8350.jpg,1801,1920,119
8355.jpg,1801,1850,49
8360.jpg,1801,1800,-1
8365.jpg,1801,1830,29
8375.jpg,1802,1950,148
8380.jpg,1802,1980,178
8385.jpg,1802,1850,48
8390.jpg,1802,1850,48
8395.jpg,1802,1870,68
8400.jpg,1802,1850,48
8405.jpg,1802,1765,-37
8410.jpg,1802,1766,-36
8415.jpg,1802,1729,-73
8420.jpg,1802,1930,128
8425.jpg,1802,1824,22
8430.jpg,1802,1860,58
8435.jpg,1802,1856,54
8440.jpg,1803,1903,100
8445.jpg,1803,1845,42
8450.jpg,1803,1803,0
8455.jpg,1803,1875,72
8460.jpg,1803,1827,24
8465.jpg,1803,1890,87
8470.jpg,1803,1930,127
8475.jpg,1803,1910,107
8480.jpg,1803,1850,47
8485.jpg,1803,1850,47
8490.jpg,1803,1850,47
8495.jpg,1803,1938,135
8500.jpg,1803,1950,147
8505.jpg,1803,1905,102
8515.jpg,1804,1830,26
8520.jpg,1804,1823,19
8525.jpg,1804,1920,116
8530.jpg,1804,1950,146
8535.jpg,1804,1940,136
8540.jpg,1804,1901,97
8545.jpg,1804,1945,141
8550.jpg,1804,1800,-4
8555.jpg,1804,1850,46
8560.jpg,1804,1885,81
8565.jpg,1804,1980,176
8570.jpg,1804,1850,46
8575.jpg,1804,1900,96
8580.jpg,1804,1860,56
8585.jpg,1805,1990,185
8590.jpg,1805,2013,208
8595.jpg,1805,1900,95
8600.jpg,1805,1895,90
8605.jpg,1805,1850,45
8610.jpg,1805,1916,111
8615.jpg,1805,1950,145
8620.jpg,1805,1900,95
8625.jpg,1805,-1,-1806
8630.jpg,1805,1500,-305
8635.jpg,1805,1895,90
8640.jpg,1805,1900,95
8645.jpg,1805,1855,50
8650.jpg,1805,1850,45
8655.jpg,1805,1912,107
8660.jpg,1805,1820,15
8665.jpg,1805,1920,115
8670.jpg,1805,1871,66
8675.jpg,1805,1870,65
8680.jpg,1805,1876,71
8685.jpg,1805,1925,120
8690.jpg,1805,1880,75
8695.jpg,1806,1826,20
8700.jpg,1806,1630,-176
8705.jpg,1806,1874,68
8710.jpg,1806,1880,74
8715.jpg,1806,1940,134
8720.jpg,1806,1911,105
8725.jpg,1806,1910,104
8730.jpg,1806,1920,114
8735.jpg,1806,1900,94
8740.jpg,1806,1915,109
8745.jpg,1806,1860,54
8750.jpg,1806,1880,74
8755.jpg,1806,1793,-13
8765.jpg,1807,1850,43
8770.jpg,1807,1840,33
8775.jpg,1807,1948,141
8780.jpg,1807,1895,88
8785.jpg,1807,1940,133
8790.jpg,1807,1870,63
8795.jpg,1807,1995,188
8800.jpg,1807,1860,53
8805.jpg,1807,1895,88
8810.jpg,1807,1900,93
8815.jpg,1807,1820,13
8820.jpg,1807,1850,43
8825.jpg,1807,1800,-7
8830.jpg,1807,1874,67
8835.jpg,1807,1870,63
8840.jpg,1808,1919,111
8845.jpg,1808,1851,43
8850.jpg,1808,1918,110
8855.jpg,1808,1750,-58
8860.jpg,1808,1920,112
8865.jpg,1808,1900,92
8875.jpg,1808,1840,32
8880.jpg,1808,1850,42
8885.jpg,1808,1850,42
8890.jpg,1808,1910,102
8895.jpg,1808,1841,33
8900.jpg,1808,1850,42
8905.jpg,1808,1850,42
8910.jpg,1809,1800,-9
8915.jpg,1809,1850,41
8920.jpg,1809,1894,85
8925.jpg,1809,1975,166
8930.jpg,1809,1840,31
8935.jpg,1809,1950,141
8940.jpg,1809,1850,41
8945.jpg,1809,1950,141
8950.jpg,1809,1890,81
8955.jpg,1809,1910,101
8965.jpg,1809,1707,-102
8970.jpg,1809,1980,171
8975.jpg,1810,1905,95
8980.jpg,1810,1942,132
8985.jpg,1810,1906,96
8995.jpg,1810,1925,115
9000.jpg,1810,1850,40
9005.jpg,1810,1880,70
9010.jpg,1810,1984,174
9015.jpg,1810,1900,90
9020.jpg,1810,1840,30
9025.jpg,1810,1800,-10
9030.jpg,1810,1940,130
9035.jpg,1810,1900,90
9040.jpg,1810,1917,107
9045.jpg,1810,1870,60
9050.jpg,1810,1845,35
9055.jpg,1810,1750,-60
9060.jpg,1810,1840,30
9065.jpg,1810,1920,110
9070.jpg,1810,2003,193
9075.jpg,1810,1920,110
9080.jpg,1810,2000,190
9085.jpg,1810,1890,80
9090.jpg,1810,1830,20
9095.jpg,1810,1850,40
9100.jpg,1810,1850,40
9105.jpg,1810,1860,50
9110.jpg,1810,1980,170
9115.jpg,1810,1890,80
9120.jpg,1810,1920,110
9125.jpg,1810,1898,88
9130.jpg,1810,1910,100
9135.jpg,1810,1945,135
9140.jpg,1810,1925,115
9145.jpg,1810,1915,105
9150.jpg,1811,2000,189
9160.jpg,1811,2004,193
9165.jpg,1811,1850,39
9170.jpg,1811,1770,-41
9175.jpg,1811,1920,109
9180.jpg,1811,1889,78
9185.jpg,1811,1835,24
9190.jpg,1811,1860,49
9195.jpg,1811,1860,49
9200.jpg,1811,1755,-56
9205.jpg,1811,1760,-51
9210.jpg,1812,1810,-2
9215.jpg,1812,1936,124
9220.jpg,1812,1865,53
9225.jpg,1812,1950,138
9230.jpg,1812,1850,38
9235.jpg,1812,1820,8
9240.jpg,1812,1830,18
9245.jpg,1812,1880,68
9250.jpg,1812,1895,83
9255.jpg,1812,1842,30
9260.jpg,1812,1950,138
9265.jpg,1812,1790,-22
9270.jpg,1812,1995,183
9275.jpg,1812,1920,108
9280.jpg,1812,1900,88
9290.jpg,1812,1850,38
9295.jpg,1812,1885,73
9300.jpg,1812,1850,38
9305.jpg,1812,1885,73
9310.jpg,1813,1909,96
9315.jpg,1813,1890,77
9320.jpg,1813,1835,22
9325.jpg,1813,14,-1799
9330.jpg,1813,1830,17
9335.jpg,1813,1850,37
9340.jpg,1813,1840,27
9345.jpg,1813,1850,37
9350.jpg,1813,1820,7
9355.jpg,1813,375,-1438
9360.jpg,1813,1920,107
9365.jpg,1813,1887,74
9370.jpg,1813,1895,82
9375.jpg,1814,1930,116
9390.jpg,1814,1850,36
9395.jpg,1814,1930,116
9400.jpg,1814,1843,29
9405.jpg,1814,1865,51
9410.jpg,1814,1910,96
9415.jpg,1814,1830,16
9420.jpg,1814,1845,31
9425.jpg,1814,1805,-9
9430.jpg,1814,1450,-364
9435.jpg,1814,1875,61
9440.jpg,1814,1850,36
9445.jpg,1814,1850,36
9450.jpg,1814,1840,26
9455.jpg,1814,1930,116
9460.jpg,1814,1869,55
9465.jpg,1815,1830,15
9470.jpg,1815,1925,110
9475.jpg,1815,1850,35
9480.jpg,1815,1850,35
9485.jpg,1815,1850,35
9490.jpg,1815,1880,65
9495.jpg,1815,1865,50
9500.jpg,1815,1808,-7
9505.jpg,1815,1900,85
9510.jpg,1815,1990,175
9515.jpg,1815,1910,95
9520.jpg,1815,1920,105
9525.jpg,1815,1900,85
9530.jpg,1815,1840,25
9535.jpg,1815,1850,35
9540.jpg,1815,1800,-15
9545.jpg,1815,1830,15
9550.jpg,1815,1750,-65
9555.jpg,1815,1850,35
9560.jpg,1815,1850,35
9565.jpg,1815,1880,65
9570.jpg,1815,1930,115
9575.jpg,1815,1920,105
9580.jpg,1815,1000,-815
9585.jpg,1815,1912,97
9590.jpg,1815,1780,-35
9595.jpg,1816,1910,94
9600.jpg,1816,1669,-147
9605.jpg,1816,1840,24
9610.jpg,1816,1799,-17
9615.jpg,1816,1860,44
9620.jpg,1816,1902,86
9625.jpg,1816,1769,-47
9630.jpg,1816,1870,54
9635.jpg,1816,1910,94
9640.jpg,1816,1850,34
9645.jpg,1816,1750,-66
9650.jpg,1816,1890,74
9655.jpg,1816,1776,-40
9660.jpg,1816,1890,74
9665.jpg,1816,1850,34
9670.jpg,1816,1850,34
9675.jpg,1816,1900,84
9680.jpg,1816,1720,-96
9685.jpg,1816,1865,49
9690.jpg,1816,1880,64
9695.jpg,1816,1910,94
9700.jpg,1816,1904,88
9705.jpg,1816,1600,-216
9710.jpg,1816,1942,126
9715.jpg,1817,1882,65
9720.jpg,1817,1950,133
9725.jpg,1817,1850,33
9730.jpg,1817,1880,63
9735.jpg,1817,1900,83
9740.jpg,1817,2004,187
9745.jpg,1817,1800,-17
9750.jpg,1817,1800,-17
9755.jpg,1817,1925,108
9760.jpg,1817,1910,93
9765.jpg,1817,1850,33
9770.jpg,1817,1890,73
9775.jpg,1817,1930,113
9780.jpg,1817,1910,93
9785.jpg,1817,1894,77
9790.jpg,1818,1850,32
9795.jpg,1818,1890,72
9800.jpg,1818,1880,62
9805.jpg,1818,1970,152
9810.jpg,1818,1876,58
9815.jpg,1818,1942,124
9820.jpg,1818,1890,72
9825.jpg,1818,1850,32
9830.jpg,1818,1920,102
9835.jpg,1818,1875,57
9840.jpg,1818,1840,22
9845.jpg,1818,1980,162
9850.jpg,1818,1902,84
9855.jpg,1818,1850,32
9860.jpg,1818,1850,32
9865.jpg,1818,1850,32
9870.jpg,1818,1940,122
9875.jpg,1818,1850,32
9880.jpg,1818,1880,62
9885.jpg,1818,1955,137
9890.jpg,1818,1880,62
9895.jpg,1818,1840,22
9900.jpg,1818,1870,52
9905.jpg,1818,1910,92
9910.jpg,1819,1947,128
9915.jpg,1819,1840,21
9920.jpg,1819,1881,62
9925.jpg,1819,1920,101
9930.jpg,1819,1900,81
9935.jpg,1819,1850,31
9940.jpg,1819,1890,71
9945.jpg,1819,1870,51
9950.jpg,1819,1865,46
9955.jpg,1819,1855,36
9960.jpg,1819,1820,1
9965.jpg,1819,1920,101
9970.jpg,1819,1875,56
9975.jpg,1819,1850,31
9980.jpg,1819,1930,111
9985.jpg,1820,1865,45
9990.jpg,1820,1880,60
9995.jpg,1820,1826,6
10000.jpg,1820,1920,100
10005.jpg,1820,1910,90
10010.jpg,1820,1920,100
10015.jpg,1820,1850,30
10020.jpg,1820,1800,-20
10025.jpg,1820,1850,30
10030.jpg,1820,2015,195
10035.jpg,1820,2010,190
10040.jpg,1820,1960,140
10045.jpg,1820,1850,30
10050.jpg,1820,1890,70
10055.jpg,1820,1750,-70
10060.jpg,1820,1840,20
10065.jpg,1820,1850,30
10070.jpg,1820,1850,30
10075.jpg,1820,1970,150
10080.jpg,1820,1820,0
10085.jpg,1820,1660,-160
10090.jpg,1820,1920,100
10095.jpg,1820,1880,60
10100.jpg,1820,1830,10
10105.jpg,1820,1924,104
10110.jpg,1820,1890,70
10115.jpg,1820,1920,100
10120.jpg,1820,1906,86
10125.jpg,1820,1875,55
10130.jpg,1820,1820,0
10135.jpg,1820,1840,20
10140.jpg,1820,1880,60
10145.jpg,1820,1924,104
10150.jpg,1820,1820,0
10155.jpg,1820,1815,-5
10160.jpg,1820,1860,40
10165.jpg,1820,1950,130
10170.jpg,1820,1880,60
10175.jpg,1820,1910,90
10180.jpg,1820,1850,30
10185.jpg,1820,1920,100
10190.jpg,1820,1850,30
10195.jpg,1821,1462,-359
10200.jpg,1821,1975,154
10205.jpg,1821,1844,23
10210.jpg,1821,1975,154
10215.jpg,1821,1965,144
10220.jpg,1821,1920,99
10225.jpg,1821,1904,83
10230.jpg,1821,1845,24
10235.jpg,1821,1900,79
10240.jpg,1821,1960,139
10245.jpg,1821,1890,69
10250.jpg,1821,1869,48
10255.jpg,1821,1909,88
10260.jpg,1821,1820,-1
10265.jpg,1821,1910,89
10270.jpg,1821,1750,-71
10275.jpg,1821,1890,69
10280.jpg,1822,1885,63
10285.jpg,1822,1850,28
10290.jpg,1822,1951,129
10295.jpg,1822,1960,138
10300.jpg,1822,1875,53
10305.jpg,1822,1880,58
10310.jpg,1822,1900,78
10315.jpg,1822,1910,88
10320.jpg,1822,1800,-22
10325.jpg,1822,1899,77
10330.jpg,1822,1990,168
10335.jpg,1822,1816,-6
10340.jpg,1822,1890,68
10345.jpg,1822,1910,88
10355.jpg,1822,1860,38
10360.jpg,1823,1800,-23
10365.jpg,1823,1840,17
10370.jpg,1823,1826,3
10375.jpg,1823,1760,-63
10385.jpg,1823,1950,127
10390.jpg,1823,1895,72
10395.jpg,1823,1920,97
10400.jpg,1823,2000,177
10405.jpg,1823,1850,27
10410.jpg,1823,1860,37
10415.jpg,1823,1800,-23
10420.jpg,1823,1850,27
10425.jpg,1823,1850,27
10430.jpg,1823,1850,27
10435.jpg,1823,1950,127
10440.jpg,1823,1800,-23
10445.jpg,1823,1850,27
10450.jpg,1823,1309,-514
10455.jpg,1824,1840,16
10460.jpg,1824,1820,-4
10465.jpg,1824,1850,26
10470.jpg,1824,1930,106
10475.jpg,1824,1912,88
10480.jpg,1824,1925,101
10485.jpg,1824,1750,-74
10490.jpg,1824,1560,-264
10495.jpg,1824,1850,26
10500.jpg,1824,1930,106
10505.jpg,1824,1920,96
10510.jpg,1824,1840,16
10515.jpg,1824,1875,51
10520.jpg,1824,1910,86
10525.jpg,1824,1970,146
10530.jpg,1824,1860,36
10535.jpg,1824,1850,26
10540.jpg,1824,1860,36
10545.jpg,1824,1853,29
10550.jpg,1825,1855,30
10555.jpg,1825,1895,70
10560.jpg,1825,1875,50
10565.jpg,1825,1861,36
10570.jpg,1825,1920,95
10575.jpg,1825,1926,101
10580.jpg,1825,1863,38
10585.jpg,1825,1899,74
10590.jpg,1825,1960,135
10595.jpg,1825,1800,-25
10600.jpg,1825,1820,-5
10605.jpg,1825,1837,12
10610.jpg,1825,1850,25
10615.jpg,1825,1850,25
10620.jpg,1825,1920,95
10625.jpg,1825,1950,125
10630.jpg,1825,1930,105
10635.jpg,1825,1990,165
10640.jpg,1825,1900,75
10645.jpg,1825,1870,45
10650.jpg,1825,1870,45
10655.jpg,1825,1820,-5
10660.jpg,1825,1920,95
10665.jpg,1825,1820,-5
10670.jpg,1825,1860,35
10675.jpg,1825,1750,-75
10680.jpg,1825,1920,95
10685.jpg,1825,1950,125
10690.jpg,1825,1750,-75
10695.jpg,1825,1890,65
10700.jpg,1825,1850,25
10705.jpg,1825,1880,55
10710.jpg,1825,1880,55
10715.jpg,1825,1855,30
10720.jpg,1825,1870,45
10725.jpg,1825,1923,98
10730.jpg,1826,1890,64
10735.jpg,1826,1850,24
10745.jpg,1826,1852,26
10750.jpg,1826,1805,-21
10755.jpg,1826,1863,37
10760.jpg,1826,1860,34
10765.jpg,1826,1750,-76
10770.jpg,1826,1870,44
10775.jpg,1826,19,-1807
10780.jpg,1826,1850,24
10785.jpg,1826,1850,24
10790.jpg,1826,1930,104
10795.jpg,1826,1825,-1
10800.jpg,1826,1850,24
10805.jpg,1826,1850,24
10810.jpg,1826,1960,134
10815.jpg,1826,1875,49
10820.jpg,1826,1820,-6
10825.jpg,1826,1900,74
10830.jpg,1826,1910,84
10835.jpg,1827,1927,100
10840.jpg,1827,1850,23
10845.jpg,1827,1890,63
10850.jpg,1827,1850,23
10855.jpg,1827,1920,93
10860.jpg,1827,1879,52
10865.jpg,1827,1850,23
10870.jpg,1827,1862,35
10875.jpg,1827,1840,13
10880.jpg,1827,1915,88
10885.jpg,1827,1920,93
10890.jpg,1827,1940,113
10895.jpg,1827,1845,18
10900.jpg,1827,1929,102
10905.jpg,1827,1820,-7
10910.jpg,1827,1850,23
10915.jpg,1827,1900,73
10920.jpg,1827,1850,23
10925.jpg,1827,1850,23
10930.jpg,1827,1880,53
10935.jpg,1827,1700,-127
10940.jpg,1827,1980,153
10945.jpg,1828,1850,22
10950.jpg,1828,1850,22
10955.jpg,1828,1920,92
10960.jpg,1828,1814,-14
10965.jpg,1828,1940,112
10970.jpg,1828,1895,67
10975.jpg,1828,1931,103
10980.jpg,1828,1905,77
10985.jpg,1828,1912,84
10990.jpg,1828,1820,-8
10995.jpg,1828,1930,102
11000.jpg,1828,1927,99
11005.jpg,1828,1810,-18
11010.jpg,1828,1890,62
11015.jpg,1828,1780,-48
11020.jpg,1828,1835,7
11025.jpg,1828,1850,22
11030.jpg,1828,1830,2
11035.jpg,1828,1920,92
11040.jpg,1828,1850,22
11045.jpg,1828,1890,62
11050.jpg,1828,1930,102
11055.jpg,1828,1928,100
11060.jpg,1828,1920,92
11065.jpg,1829,1970,141
11070.jpg,1829,1850,21
11075.jpg,1829,1900,71
11080.jpg,1829,1850,21
11085.jpg,1829,1860,31
11090.jpg,1829,1990,161
11095.jpg,1829,1950,121
11100.jpg,1829,1922,93
11105.jpg,1829,1984,155
11110.jpg,1829,1895,66
11115.jpg,1829,1830,1
11120.jpg,1829,1920,91
11125.jpg,1829,1830,1
11130.jpg,1829,1890,61
11135.jpg,1829,1880,51
11140.jpg,1829,1850,21
11145.jpg,1829,1900,71
11150.jpg,1829,1875,46
11155.jpg,1829,1947,118
11160.jpg,1829,2020,191
11165.jpg,1829,1920,91
11170.jpg,1830,1850,20
11175.jpg,1830,1900,70
11180.jpg,1830,1770,-60
11185.jpg,1830,1919,89
11190.jpg,1830,1850,20
11195.jpg,1830,1875,45
11200.jpg,1830,1886,56
11205.jpg,1830,1827,-3
11210.jpg,1830,1920,90
11215.jpg,1830,1860,30
11220.jpg,1830,1850,20
11225.jpg,1830,1910,80
11230.jpg,1830,1750,-80
11235.jpg,1830,1920,90
11240.jpg,1830,1850,20
11245.jpg,1830,1870,40
11250.jpg,1830,1850,20
11255.jpg,1830,1860,30
11260.jpg,1830,1850,20
11265.jpg,1830,1918,88
11270.jpg,1830,1920,90
11275.jpg,1830,1890,60
11280.jpg,1830,1870,40
11285.jpg,1830,1900,70
11290.jpg,1830,1762,-68
11295.jpg,1830,1945,115
11300.jpg,1830,1810,-20
11305.jpg,1830,1975,145
11310.jpg,1830,1920,90
11315.jpg,1830,1900,70
11320.jpg,1830,1900,70
11325.jpg,1830,1850,20
11330.jpg,1830,1930,100
11335.jpg,1830,1900,70
11340.jpg,1830,1840,10
11345.jpg,1830,1970,140
11350.jpg,1830,1900,70
11355.jpg,1830,1920,90
11360.jpg,1830,1830,0
11365.jpg,1830,1916,86
11370.jpg,1830,1880,50
11375.jpg,1830,1925,95
11380.jpg,1830,1901,71
11385.jpg,1830,1865,35
11390.jpg,1830,1900,70
11395.jpg,1830,1875,45
11400.jpg,1831,1775,-56
11405.jpg,1831,1940,109
11410.jpg,1831,1850,19
11415.jpg,1831,1880,49
11420.jpg,1831,1854,23
11425.jpg,1831,1880,49
11430.jpg,1831,1870,39
11435.jpg,1831,1910,79
11440.jpg,1831,1903,72
11445.jpg,1831,1903,72
11450.jpg,1831,1935,104
11455.jpg,1831,1875,44
11460.jpg,1831,1890,59
11465.jpg,1831,1770,-61
11470.jpg,1831,1850,19
11475.jpg,1831,1940,109
11480.jpg,1831,1840,9
11485.jpg,1831,1950,119
11490.jpg,1832,1980,148
11495.jpg,1832,1850,18
11500.jpg,1832,1500,-332
11505.jpg,1832,1840,8
11510.jpg,1832,1943,111
11515.jpg,1832,1866,34
11525.jpg,1832,2000,168
11530.jpg,1832,1850,18
11535.jpg,1832,1920,88
11540.jpg,1832,1910,78
11545.jpg,1832,1910,78
11550.jpg,1832,1800,-32
11555.jpg,1832,1835,3
11560.jpg,1832,1925,93
11565.jpg,1832,1890,58
11570.jpg,1832,1870,38
11575.jpg,1832,1840,8
11580.jpg,1832,1850,18
11585.jpg,1832,1927,95
11590.jpg,1832,1830,-2
11595.jpg,1832,1850,18
11600.jpg,1832,1750,-82
11605.jpg,1832,1940,108
11610.jpg,1832,1923,91
11615.jpg,1832,1750,-82
11620.jpg,1832,1600,-232
11625.jpg,1832,1850,18
11630.jpg,1832,1925,93
11635.jpg,1832,1940,108
11640.jpg,1832,1855,23
11645.jpg,1833,1875,42
11650.jpg,1833,1780,-53
11655.jpg,1833,1850,17
11660.jpg,1833,1887,54
11665.jpg,1833,1920,87
11670.jpg,1833,1900,67
11675.jpg,1833,1920,87
11680.jpg,1833,1880,47
11685.jpg,1833,1900,67
11690.jpg,1833,1910,77
11695.jpg,1833,1920,87
11700.jpg,1833,1920,87
11705.jpg,1833,1990,157
11710.jpg,1833,1920,87
11715.jpg,1833,1850,17
11720.jpg,1833,20,-1813
11725.jpg,1833,1840,7
11730.jpg,1833,1800,-33
11735.jpg,1833,1780,-53
11740.jpg,1833,1890,57
11745.jpg,1833,1845,12
11750.jpg,1833,1850,17
11755.jpg,1833,1781,-52
11760.jpg,1833,1875,42
11765.jpg,1833,1862,29
11770.jpg,1834,1850,16
11775.jpg,1834,1910,76
11780.jpg,1834,1920,86
11785.jpg,1834,1826,-8
11790.jpg,1834,1949,115
11795.jpg,1834,1873,39
11800.jpg,1834,1810,-24
11805.jpg,1834,1870,36
11810.jpg,1834,1880,46
11815.jpg,1834,1920,86
11820.jpg,1834,1895,61
11825.jpg,1834,1840,6
11830.jpg,1834,1860,26
11835.jpg,1834,1890,56
11840.jpg,1834,1860,26
11845.jpg,1834,1880,46
11850.jpg,1834,1820,-14
11855.jpg,1834,1920,86
11860.jpg,1834,1985,151
11865.jpg,1834,1850,16
11870.jpg,1834,1985,151
11875.jpg,1834,1850,16
11880.jpg,1834,1859,25
11885.jpg,1834,1850,16
11890.jpg,1834,1770,-64
11895.jpg,1834,1893,59
11900.jpg,1835,1870,35
11905.jpg,1835,1940,105
11910.jpg,1835,1930,95
11915.jpg,1835,1830,-5
11920.jpg,1835,1920,85
11925.jpg,1835,1840,5
11930.jpg,1835,1900,65
11935.jpg,1835,1929,94
11940.jpg,1835,1944,109
11945.jpg,1835,1890,55
11950.jpg,1835,1880,45
11955.jpg,1835,1870,35
11960.jpg,1835,1850,15
11965.jpg,1835,1950,115
11970.jpg,1835,1875,40
11980.jpg,1835,1900,65
11985.jpg,1835,1920,85
11990.jpg,1835,1870,35
11995.jpg,1835,1970,135
12000.jpg,1835,1875,40
12005.jpg,1835,1960,125
12010.jpg,1835,1855,20
12015.jpg,1835,1880,45
12020.jpg,1835,1924,89
12025.jpg,1835,1880,45
12030.jpg,1835,1930,95
12035.jpg,1835,1875,40
12040.jpg,1835,1800,-35
12045.jpg,1835,1845,10
12050.jpg,1835,1850,15
12055.jpg,1835,1850,15
12060.jpg,1835,1900,65
12065.jpg,1835,1930,95
12070.jpg,1835,1850,15
12075.jpg,1835,1820,-15
12080.jpg,1835,1850,15
12085.jpg,1835,1800,-35
12090.jpg,1835,1850,15
12095.jpg,1835,1850,15
12100.jpg,1835,-1,-1836
12105.jpg,1835,1837,2
12110.jpg,1835,1885,50
12115.jpg,1835,1870,35
12120.jpg,1835,1890,55
12125.jpg,1835,1910,75
12130.jpg,1836,1890,54
12135.jpg,1836,1890,54
12140.jpg,1836,1830,-6
12145.jpg,1836,1960,124
12150.jpg,1836,1900,64
12155.jpg,1836,1885,49
12160.jpg,1836,1930,94
12170.jpg,1836,1900,64
12175.jpg,1836,1820,-16
12180.jpg,1836,1850,14
12185.jpg,1836,1850,14
12190.jpg,1836,1890,54
12195.jpg,1836,1855,19
12200.jpg,1836,1955,119
12205.jpg,1836,1920,84
12210.jpg,1836,1920,84
12215.jpg,1836,1840,4
12220.jpg,1836,1840,4
12225.jpg,1836,1908,72
12230.jpg,1836,1880,44
12235.jpg,1836,1920,84
12240.jpg,1836,1500,-336
12245.jpg,1836,1850,14
12250.jpg,1836,1885,49
12255.jpg,1836,1867,31
12260.jpg,1836,1860,24
12265.jpg,1836,1840,4
12270.jpg,1836,1850,14
12275.jpg,1836,1920,84
12280.jpg,1837,1920,83
12285.jpg,1837,1892,55
12290.jpg,1837,1880,43
12295.jpg,1837,1940,103
12300.jpg,1837,1850,13
12305.jpg,1837,1890,53
12310.jpg,1837,1880,43
12315.jpg,1837,1820,-17
12320.jpg,1837,1950,113
12325.jpg,1837,1892,55
12330.jpg,1837,1890,53
12335.jpg,1837,1900,63
12340.jpg,1837,1785,-52
12345.jpg,1837,1850,13
12350.jpg,1837,1980,143
12355.jpg,1837,1880,43
12360.jpg,1837,1875,38
12365.jpg,1837,1890,53
12370.jpg,1837,1846,9
12375.jpg,1837,1940,103
12380.jpg,1837,1850,13
12385.jpg,1837,1850,13
12390.jpg,1837,1920,83
12395.jpg,1837,1850,13
12400.jpg,1837,2008,171
12405.jpg,1837,1830,-7
12410.jpg,1837,1950,113
12415.jpg,1837,1890,53
12420.jpg,1837,1850,13
12425.jpg,1837,1930,93
12430.jpg,1837,1875,38
12435.jpg,1837,1950,113
12440.jpg,1837,1920,83
12445.jpg,1837,1920,83
12450.jpg,1838,1883,45
12455.jpg,1838,1835,-3
12460.jpg,1838,1750,-88
12465.jpg,1838,1930,92
12470.jpg,1838,1930,92
12475.jpg,1838,1920,82
12480.jpg,1838,1920,82
12485.jpg,1838,1840,2
12490.jpg,1838,1800,-38
12495.jpg,1838,1958,120
12500.jpg,1838,1960,122
12505.jpg,1838,1950,112
12510.jpg,1838,1870,32
12515.jpg,1838,1930,92
12520.jpg,1838,1855,17
12525.jpg,1838,1836,-2
12530.jpg,1838,1893,55
12535.jpg,1838,1850,12
12540.jpg,1838,1950,112
12545.jpg,1838,1920,82
12550.jpg,1838,1890,52
12555.jpg,1838,1845,7
12560.jpg,1838,1858,20
12565.jpg,1838,1920,82
12570.jpg,1838,1930,92
12575.jpg,1838,1850,12
12580.jpg,1838,1750,-88
12585.jpg,1838,1924,86
12590.jpg,1838,1910,72
12600.jpg,1838,1970,132
12605.jpg,1838,1970,132
12610.jpg,1838,1836,-2
12615.jpg,1838,1860,22
12620.jpg,1838,1845,7
12625.jpg,1839,1920,81
12630.jpg,1839,1840,1
12635.jpg,1839,1890,51
12640.jpg,1839,20,-1819
12645.jpg,1839,1850,11
12650.jpg,1839,1968,129
12655.jpg,1839,1887,48
12660.jpg,1839,1950,111
12665.jpg,1839,1965,126
12670.jpg,1839,1850,11
12675.jpg,1839,1825,-14
12680.jpg,1839,1820,-19
12685.jpg,1839,1890,51
12690.jpg,1839,2008,169
12695.jpg,1839,1875,36
12700.jpg,1839,1782,-57
12705.jpg,1839,1950,111
12710.jpg,1839,1910,71
12715.jpg,1839,1860,21
12720.jpg,1839,1915,76
12725.jpg,1839,1980,141
12730.jpg,1839,1850,11
12735.jpg,1839,1830,-9
12740.jpg,1839,1800,-39
12745.jpg,1839,1850,11
12750.jpg,1839,1850,11
12755.jpg,1839,1750,-89
12760.jpg,1839,1890,51
12765.jpg,1839,1920,81
12770.jpg,1839,1835,-4
12775.jpg,1839,1948,109
12780.jpg,1840,1750,-90
12785.jpg,1840,1971,131
12790.jpg,1840,11,-1829
12795.jpg,1840,1930,90
12800.jpg,1840,1900,60
12805.jpg,1840,1850,10
12810.jpg,1840,1840,0
12815.jpg,1840,1830,-10
12820.jpg,1840,1820,-20
12825.jpg,1840,1800,-40
12830.jpg,1840,1900,60
12835.jpg,1840,1962,122
12840.jpg,1840,2001,161
12845.jpg,1840,1950,110
12850.jpg,1840,1875,35
12860.jpg,1840,1905,65
12865.jpg,1840,1920,80
12870.jpg,1840,1950,110
12875.jpg,1840,1867,27
12880.jpg,1840,1850,10
12885.jpg,1840,1840,0
12890.jpg,1840,1900,60
12895.jpg,1840,1875,35
12900.jpg,1840,1925,85
12905.jpg,1840,1990,150
12910.jpg,1840,1990,150
12915.jpg,1840,1875,35
12920.jpg,1840,1850,10
12925.jpg,1840,1895,55
12930.jpg,1840,1920,80
12935.jpg,1840,1897,57
12940.jpg,1840,19,-1821
12945.jpg,1840,1920,80
12950.jpg,1840,1835,-5
12955.jpg,1840,1890,50
12960.jpg,1840,1850,10
12965.jpg,1840,1838,-2
12970.jpg,1840,1820,-20
12975.jpg,1840,1910,70
12980.jpg,1840,1930,90
12985.jpg,1840,1850,10
12990.jpg,1840,1850,10
12995.jpg,1840,1904,64
13005.jpg,1840,1850,10
13010.jpg,1840,2000,160
13015.jpg,1840,1920,80
13020.jpg,1840,1915,75
13025.jpg,1840,1859,19
13030.jpg,1841,1872,31
13035.jpg,1841,1900,59
13040.jpg,1841,1850,9
13045.jpg,1841,1910,69
13050.jpg,1841,1934,93
13055.jpg,1841,1895,54
13060.jpg,1841,1875,34
13065.jpg,1841,1877,36
13070.jpg,1841,1957,116
13075.jpg,1841,1790,-51
13080.jpg,1841,1850,9
13085.jpg,1841,1990,149
13090.jpg,1841,1920,79
13095.jpg,1841,1890,49
13100.jpg,1841,1850,9
13105.jpg,1841,1925,84
13110.jpg,1841,1830,-11
13115.jpg,1841,1920,79
13120.jpg,1841,1980,139
13125.jpg,1841,1920,79
13130.jpg,1841,1950,109
13135.jpg,1841,1966,125
13140.jpg,1841,1920,79
13145.jpg,1842,1850,8
13150.jpg,1842,1820,-22
13155.jpg,1842,1880,38
13160.jpg,1842,1850,8
13165.jpg,1842,1852,10
13170.jpg,1842,1876,34
13175.jpg,1842,1910,68
13180.jpg,1842,1908,66
13185.jpg,1842,1890,48
13190.jpg,1842,1950,108
13195.jpg,1842,1850,8
13200.jpg,1842,1875,33
13205.jpg,1842,1910,68
13210.jpg,1842,1890,48
13215.jpg,1842,1910,68
13220.jpg,1842,1825,-17
13225.jpg,1842,1880,38
13230.jpg,1842,1978,136
13235.jpg,1842,1839,-3
13240.jpg,1842,1850,8
13245.jpg,1842,1920,78
13250.jpg,1842,1923,81
13255.jpg,1842,1880,38
13260.jpg,1842,1840,-2
13265.jpg,1842,1870,28
13270.jpg,1842,1910,68
13275.jpg,1842,1840,-2
13280.jpg,1842,1433,-409
13285.jpg,1842,1860,18
13290.jpg,1842,1965,123
13295.jpg,1842,2000,158
13300.jpg,1843,1908,65
13305.jpg,1843,1850,7
13310.jpg,1843,1925,82
13315.jpg,1843,1900,57
13320.jpg,1843,1850,7
13325.jpg,1843,1923,80
13330.jpg,1843,1830,-13
13335.jpg,1843,1941,98
13340.jpg,1843,1945,102
13345.jpg,1843,1940,97
13350.jpg,1843,1830,-13
13355.jpg,1843,1850,7
13360.jpg,1843,1970,127
13365.jpg,1843,1860,17
13370.jpg,1843,1855,12
13380.jpg,1843,1880,37
13385.jpg,1843,1970,127
13390.jpg,1843,1880,37
13395.jpg,1843,1917,74
13400.jpg,1843,1906,63
13405.jpg,1843,1910,67
13410.jpg,1843,1884,41
13415.jpg,1843,1917,74
13420.jpg,1843,1850,7
13425.jpg,1843,1925,82
13430.jpg,1844,1910,66
13435.jpg,1844,1920,76
13440.jpg,1844,1880,36
13445.jpg,1844,2010,166
13450.jpg,1844,1872,28
13455.jpg,1844,1860,16
13460.jpg,1844,1920,76
13465.jpg,1844,1860,16
13470.jpg,1844,1910,66
13475.jpg,1844,1890,46
13480.jpg,1844,1925,81
13485.jpg,1844,1920,76
13490.jpg,1844,1910,66
13495.jpg,1844,1840,-4
13500.jpg,1844,1820,-24
13505.jpg,1844,1890,46
13510.jpg,1844,1850,6
13515.jpg,1844,1790,-54
13520.jpg,1844,1890,46
13525.jpg,1844,1845,1
13530.jpg,1844,1920,76
13535.jpg,1844,1870,26
13540.jpg,1844,1854,10
13545.jpg,1844,1887,43
13550.jpg,1844,1890,46
13555.jpg,1844,1895,51
13560.jpg,1844,1980,136
13565.jpg,1845,1780,-65
13570.jpg,1845,1930,85
13575.jpg,1845,1897,52
13580.jpg,1845,1880,35
13585.jpg,1845,1850,5
13590.jpg,1845,1920,75
13595.jpg,1845,1928,83
13600.jpg,1845,1900,55
13605.jpg,1845,1850,5
13610.jpg,1845,1920,75
13615.jpg,1845,1950,105
13620.jpg,1845,1920,75
13625.jpg,1845,1880,35
13630.jpg,1845,1930,85
13635.jpg,1845,1860,15
13640.jpg,1845,1945,100
13645.jpg,1845,1920,75
13650.jpg,1845,1890,45
13655.jpg,1845,1890,45
13660.jpg,1845,1945,100
13665.jpg,1845,1895,50
13670.jpg,1845,1850,5
13675.jpg,1845,1880,35
13680.jpg,1845,1830,-15
13685.jpg,1845,1820,-25
13690.jpg,1845,1850,5
13695.jpg,1845,1850,5
13700.jpg,1845,1910,65
13705.jpg,1845,1870,25
13710.jpg,1845,1628,-217
13720.jpg,1845,1925,80
13725.jpg,1845,1870,25
13730.jpg,1845,1940,95
13735.jpg,1845,1920,75
13740.jpg,1845,1830,-15
13745.jpg,1845,1900,55
13750.jpg,1845,1785,-60
13755.jpg,1845,1750,-95
13760.jpg,1845,1850,5
13765.jpg,1845,1830,-15
13770.jpg,1845,1800,-45
13775.jpg,1845,1961,116
13780.jpg,1845,1604,-241
13785.jpg,1845,1945,100
13790.jpg,1845,1850,5
13795.jpg,1845,1857,12
13800.jpg,1845,1920,75
13805.jpg,1846,1650,-196
13810.jpg,1846,1864,18
13815.jpg,1846,1860,14
13820.jpg,1846,1850,4
13825.jpg,1846,1888,42
13830.jpg,1846,1911,65
13835.jpg,1846,1974,128
13840.jpg,1846,1960,114
13845.jpg,1846,1800,-46
13850.jpg,1846,1920,74
13855.jpg,1846,1955,109
13860.jpg,1846,1890,44
13865.jpg,1846,1910,64
13870.jpg,1846,1925,79
13875.jpg,1846,1920,74
13880.jpg,1846,1920,74
13885.jpg,1846,1850,4
13890.jpg,1846,1920,74
13895.jpg,1846,1945,99
13900.jpg,1846,1850,4
13905.jpg,1846,1875,29
13910.jpg,1846,1885,39
13915.jpg,1846,1950,104
13920.jpg,1846,1774,-72
13925.jpg,1846,1990,144
13930.jpg,1846,1926,80
13935.jpg,1846,1880,34
13940.jpg,1847,1928,81
13945.jpg,1847,1830,-17
13950.jpg,1847,1930,83
13955.jpg,1847,1950,103
13960.jpg,1847,1830,-17
13965.jpg,1847,1930,83
13970.jpg,1847,1913,66
13975.jpg,1847,1890,43
13980.jpg,1847,1870,23
13985.jpg,1847,1985,138
13990.jpg,1847,1850,3
13995.jpg,1847,1850,3
14000.jpg,1847,1920,73
14005.jpg,1847,1850,3
14010.jpg,1847,1850,3
14015.jpg,1847,1930,83
14020.jpg,1847,1850,3
14030.jpg,1847,1882,35
14035.jpg,1847,1840,-7
14040.jpg,1847,1920,73
14045.jpg,1847,1769,-78
14050.jpg,1847,1880,33
14055.jpg,1847,1875,28
14060.jpg,1847,1890,43
14065.jpg,1847,1950,103
14070.jpg,1847,1880,33
14075.jpg,1847,1880,33
14080.jpg,1847,1930,83
14085.jpg,1847,1950,103
14090.jpg,1847,1895,48
14095.jpg,1847,1930,83
14100.jpg,1847,1920,73
14105.jpg,1847,1960,113
14110.jpg,1848,1852,4
14115.jpg,1848,1910,62
14120.jpg,1848,1900,52
14125.jpg,1848,2010,162
14130.jpg,1848,1400,-448
14135.jpg,1848,1843,-5
14140.jpg,1848,1870,22
14145.jpg,1848,1930,82
14150.jpg,1848,1926,78
14155.jpg,1848,1930,82
14160.jpg,1848,1920,72
14165.jpg,1848,1860,12
14170.jpg,1848,1950,102
14175.jpg,1848,1910,62
14180.jpg,1848,1890,42
14185.jpg,1848,1870,22
14190.jpg,1848,1960,112
14195.jpg,1848,1895,47
14200.jpg,1848,1889,41
14205.jpg,1848,1885,37
14210.jpg,1848,1900,52
14215.jpg,1848,1860,12
14220.jpg,1848,1850,2
14225.jpg,1848,1748,-100
14230.jpg,1848,1820,-28
14235.jpg,1848,1885,37
14240.jpg,1848,1890,42
14245.jpg,1848,1830,-18
14250.jpg,1848,1840,-8
14255.jpg,1848,1850,2
14260.jpg,1848,1850,2
14265.jpg,1848,1860,12
14270.jpg,1848,1890,42
14275.jpg,1848,1830,-18
14280.jpg,1848,1900,52
14285.jpg,1848,1880,32
14290.jpg,1848,1830,-18
14295.jpg,1848,1850,2
14300.jpg,1848,1900,52
14305.jpg,1848,1900,52
14310.jpg,1848,1999,151
14315.jpg,1848,1885,37
14320.jpg,1848,1970,122
14325.jpg,1848,1849,1
14330.jpg,1848,1850,2
14335.jpg,1848,1950,102
14340.jpg,1849,1652,-197
14345.jpg,1849,1875,26
14350.jpg,1849,1875,26
14355.jpg,1849,1940,91
14360.jpg,1849,1995,146
14365.jpg,1849,1960,111
14370.jpg,1849,1920,71
14375.jpg,1849,1983,134
14380.jpg,1849,1913,64
14385.jpg,1849,1935,86
14390.jpg,1849,1900,51
14395.jpg,1849,1950,101
14400.jpg,1849,1880,31
14405.jpg,1849,1980,131
14410.jpg,1849,1980,131
14415.jpg,1849,1890,41
14420.jpg,1849,1755,-94
14425.jpg,1849,1960,111
14430.jpg,1849,1940,91
14435.jpg,1849,1880,31
14440.jpg,1849,1850,1
14445.jpg,1849,1850,1
14450.jpg,1849,1920,71
14455.jpg,1849,1865,16
14460.jpg,1849,1720,-129
14465.jpg,1849,1820,-29
14470.jpg,1849,1920,71
14475.jpg,1849,1850,1
14480.jpg,1849,1940,91
14485.jpg,1849,1880,31
14490.jpg,1849,1655,-194
14495.jpg,1849,1920,71
14500.jpg,1849,1925,76
14505.jpg,1850,1650,-200
14510.jpg,1850,1880,30
14515.jpg,1850,1950,100
14520.jpg,1850,1830,-20
14525.jpg,1850,1779,-71
14530.jpg,1850,1975,125
14535.jpg,1850,1940,90
14540.jpg,1850,1915,65
14545.jpg,1850,1851,1
14550.jpg,1850,1950,100
14555.jpg,1850,1900,50
14560.jpg,1850,1930,80
14565.jpg,1850,1800,-50
14570.jpg,1850,1885,35
14575.jpg,1850,1905,55
14580.jpg,1850,1860,10
14585.jpg,1850,1802,-48
14590.jpg,1850,1965,115
14600.jpg,1850,1848,-2
14605.jpg,1850,1780,-70
14610.jpg,1850,1870,20
14615.jpg,1850,2015,165
14620.jpg,1850,1800,-50
14625.jpg,1850,1860,10
14630.jpg,1850,1959,109
14635.jpg,1850,1850,0
14640.jpg,1850,1875,25
14645.jpg,1850,1910,60
14650.jpg,1850,1965,115
14655.jpg,1850,1830,-20
14660.jpg,1850,1890,40
14665.jpg,1850,1850,0
14670.jpg,1850,1780,-70
14675.jpg,1850,1850,0
14680.jpg,1850,1800,-50
14685.jpg,1850,1920,70
14690.jpg,1850,1874,24
14695.jpg,1850,1875,25
14700.jpg,1850,1890,40
14705.jpg,1850,1855,5
14710.jpg,1850,1940,90
14715.jpg,1850,1840,-10
14720.jpg,1850,1835,-15
14725.jpg,1850,1930,80
14730.jpg,1850,1900,50
14735.jpg,1850,1901,51
14740.jpg,1850,1870,20
14745.jpg,1850,1850,0
14750.jpg,1850,1950,100
14755.jpg,1850,1920,70
14760.jpg,1850,1920,70
14765.jpg,1850,1900,50
14770.jpg,1850,1945,95
14775.jpg,1850,1945,95
14780.jpg,1850,1875,25
14785.jpg,1851,1845,-6
14790.jpg,1851,1860,9
14795.jpg,1851,1937,86
14800.jpg,1851,1880,29
14805.jpg,1851,1979,128
14810.jpg,1851,1887,36
14815.jpg,1851,1799,-52
14820.jpg,1851,1890,39
14825.jpg,1851,1900,49
14830.jpg,1851,1900,49
14835.jpg,1851,1845,-6
14840.jpg,1851,1850,-1
14845.jpg,1851,1895,44
14850.jpg,1851,1949,98
14855.jpg,1851,1920,69
14860.jpg,1851,1920,69
14865.jpg,1851,1850,-1
14870.jpg,1851,1920,69
14880.jpg,1851,1750,-101
14885.jpg,1851,1890,39
14890.jpg,1851,1895,44
14895.jpg,1851,1750,-101
14900.jpg,1851,1865,14
14905.jpg,1851,1920,69
14910.jpg,1851,1644,-207
14915.jpg,1851,1900,49
14920.jpg,1851,1870,19
14925.jpg,1851,1824,-27
14930.jpg,1851,1902,51
14935.jpg,1851,1861,10
14940.jpg,1851,1830,-21
14945.jpg,1852,1880,28
14950.jpg,1852,1890,38
14955.jpg,1852,1899,47
14960.jpg,1852,1910,58
14965.jpg,1852,1854,2
14970.jpg,1852,1912,60
14975.jpg,1852,1860,8
14980.jpg,1852,1838,-14
14985.jpg,1852,1914,62
14990.jpg,1852,1890,38
14995.jpg,1852,1880,28
15000.jpg,1852,1880,28
15005.jpg,1852,1940,88
15010.jpg,1852,2000,148
15015.jpg,1852,1860,8
15020.jpg,1852,1850,-2
15025.jpg,1852,1880,28
15030.jpg,1852,1850,-2
15035.jpg,1852,1850,-2
15040.jpg,1852,1890,38
15045.jpg,1852,1880,28
15050.jpg,1852,1890,38
15055.jpg,1852,1920,68
15060.jpg,1852,1912,60
15065.jpg,1852,1920,68
15070.jpg,1852,1890,38
15075.jpg,1852,1873,21
15080.jpg,1852,1900,48
15085.jpg,1852,1975,123
15090.jpg,1852,1900,48
15095.jpg,1852,1890,38
15100.jpg,1852,1850,-2
15105.jpg,1852,1875,23
15110.jpg,1852,1865,13
15115.jpg,1852,1950,98
15120.jpg,1852,1920,68
15125.jpg,1852,1865,13
15130.jpg,1852,1895,43
15135.jpg,1853,1950,97
15140.jpg,1853,1900,47
15145.jpg,1853,1850,-3
15150.jpg,1853,1882,29
15155.jpg,1853,1885,32
15160.jpg,1853,1880,27
15165.jpg,1853,1950,97
15170.jpg,1853,1832,-21
15175.jpg,1853,1932,79
15180.jpg,1853,1900,47
15185.jpg,1853,1898,45
15190.jpg,1853,1890,37
15195.jpg,1853,1860,7
15200.jpg,1853,1908,55
15205.jpg,1853,1850,-3
15210.jpg,1853,1980,127
15215.jpg,1853,1820,-33
15220.jpg,1853,1920,67
15225.jpg,1853,1850,-3
15230.jpg,1853,1910,57
15235.jpg,1853,1920,67
15240.jpg,1853,1930,77
15245.jpg,1853,1925,72
15250.jpg,1853,1920,67
15255.jpg,1853,1890,37
15260.jpg,1853,1930,77
15265.jpg,1853,1860,7
15270.jpg,1853,1890,37
15275.jpg,1853,1890,37
15280.jpg,1853,1940,87
15285.jpg,1853,1893,40
15290.jpg,1853,1850,-3
15295.jpg,1853,1889,36
15300.jpg,1853,1940,87
15305.jpg,1853,1825,-28
15310.jpg,1853,1920,67
15315.jpg,1853,1880,27
15320.jpg,1853,1895,42
15325.jpg,1853,1870,17
15330.jpg,1853,1801,-52
15335.jpg,1853,1830,-23
15340.jpg,1853,1900,47
15345.jpg,1853,1850,-3
15350.jpg,1853,2004,151
15355.jpg,1854,1920,66
15360.jpg,1854,1907,53
15365.jpg,1854,1900,46
15370.jpg,1854,1890,36
15375.jpg,1854,1875,21
15380.jpg,1854,1935,81
15385.jpg,1854,950,-904
15390.jpg,1854,1717,-137
15395.jpg,1854,1869,15
15400.jpg,1854,1898,44
15405.jpg,1854,2010,156
15410.jpg,1854,1860,6
15415.jpg,1854,1922,68
15420.jpg,1854,1950,96
15425.jpg,1854,1875,21
15430.jpg,1854,1912,58
15435.jpg,1854,1920,66
15440.jpg,1854,1920,66
15445.jpg,1854,1880,26
15450.jpg,1855,1650,-205
15455.jpg,1855,1845,-10
15460.jpg,1855,1946,91
15465.jpg,1855,1820,-35
15470.jpg,1855,1920,65
15475.jpg,1855,1940,85
15480.jpg,1855,1970,115
15485.jpg,1855,1985,130
15490.jpg,1855,1927,72
15495.jpg,1855,1950,95
15500.jpg,1855,1892,37
15505.jpg,1855,1894,39
15510.jpg,1855,1910,55
15515.jpg,1855,1900,45
15520.jpg,1855,1880,25
15525.jpg,1855,1950,95
15530.jpg,1855,1923,68
15535.jpg,1855,1830,-25
15540.jpg,1855,1860,5
15545.jpg,1855,1800,-55
15550.jpg,1855,1870,15
15555.jpg,1855,1925,70
15560.jpg,1855,1850,-5
15565.jpg,1855,1950,95
15570.jpg,1855,1850,-5
15575.jpg,1855,1885,30
15580.jpg,1855,1905,50
15585.jpg,1855,1950,95
15590.jpg,1855,1920,65
15595.jpg,1855,1850,-5
15600.jpg,1855,1880,25
15605.jpg,1855,1930,75
15610.jpg,1855,1960,105
15615.jpg,1855,1860,5
15620.jpg,1855,1890,35
15625.jpg,1855,1890,35
15630.jpg,1855,1865,10
15635.jpg,1855,1910,55
15640.jpg,1855,1880,25
15645.jpg,1855,1895,40
15650.jpg,1855,1900,45
15655.jpg,1855,1880,25
15660.jpg,1855,1930,75
15665.jpg,1855,1900,45
15670.jpg,1855,1850,-5
15675.jpg,1855,1850,-5
15680.jpg,1855,1840,-15
15685.jpg,1855,1920,65
15690.jpg,1855,1940,85
15695.jpg,1855,1861,6
15705.jpg,1856,1800,-56
15710.jpg,1856,1800,-56
15715.jpg,1856,1891,35
15720.jpg,1856,1950,94
15725.jpg,1856,1850,-6
15730.jpg,1856,1850,-6
15735.jpg,1856,1900,44
15740.jpg,1856,1895,39
15745.jpg,1856,1880,24
15750.jpg,1856,1933,77
15755.jpg,1856,1850,-6
15760.jpg,1856,1917,61
15765.jpg,1856,1882,26
15770.jpg,1856,1918,62
15775.jpg,1856,1878,22
15780.jpg,1856,1940,84
15785.jpg,1856,1850,-6
15795.jpg,1856,1823,-33
15800.jpg,1856,1950,94
15805.jpg,1856,2024,168
15810.jpg,1856,1885,29
15815.jpg,1856,1890,34
15820.jpg,1856,1850,-6
15825.jpg,1856,1820,-36
15830.jpg,1856,1840,-16
15835.jpg,1856,1650,-206
15840.jpg,1856,1850,-6
15845.jpg,1856,1890,34
15850.jpg,1856,1850,-6
15855.jpg,1856,1870,14
15860.jpg,1856,1850,-6
15865.jpg,1856,1890,34
15870.jpg,1856,1975,119
15875.jpg,1856,1920,64
15880.jpg,1856,1875,19
15885.jpg,1856,1895,39
15890.jpg,1856,1848,-8
15895.jpg,1856,1865,9
15900.jpg,1856,1980,124
15905.jpg,1856,1850,-6
15910.jpg,1856,1850,-6
15915.jpg,1856,1833,-23
15920.jpg,1856,1928,72
15930.jpg,1856,1950,94
15935.jpg,1856,1875,19
15940.jpg,1856,1900,44
15945.jpg,1856,1850,-6
15950.jpg,1856,1920,64
15955.jpg,1856,1943,87
15960.jpg,1856,1850,-6
15965.jpg,1856,1845,-11
15970.jpg,1856,1976,120
15975.jpg,1856,1850,-6
15980.jpg,1857,1929,72
15985.jpg,1857,1926,69
15990.jpg,1857,2000,143
15995.jpg,1857,1770,-87
16000.jpg,1857,1920,63
16005.jpg,1857,1819,-38
16010.jpg,1857,2005,148
16015.jpg,1857,1669,-188
16020.jpg,1857,1920,63
16025.jpg,1857,1930,73
16030.jpg,1857,1962,105
16035.jpg,1857,1940,83
16040.jpg,1857,1900,43
16045.jpg,1857,1945,88
16050.jpg,1857,1859,2
16055.jpg,1857,1965,108
16060.jpg,1857,1805,-52
16065.jpg,1857,1860,3
16070.jpg,1857,1910,53
16075.jpg,1857,1920,63
16080.jpg,1857,1900,43
16085.jpg,1857,1850,-7
16090.jpg,1857,1920,63
16095.jpg,1857,1905,48
16100.jpg,1857,1840,-17
16105.jpg,1857,1930,73
16110.jpg,1857,1850,-7
16115.jpg,1857,1885,28
16120.jpg,1857,1850,-7
16125.jpg,1857,1955,98
16130.jpg,1857,1920,63
16135.jpg,1857,1840,-17
16140.jpg,1857,1600,-257
16145.jpg,1857,1945,88
16150.jpg,1857,1920,63
16155.jpg,1857,1610,-247
16160.jpg,1857,1850,-7
16165.jpg,1857,1850,-7
16170.jpg,1857,1930,73
16175.jpg,1857,1980,123
16180.jpg,1857,1890,33
16185.jpg,1857,1904,47
16190.jpg,1857,1850,-7
16195.jpg,1857,1890,33
16200.jpg,1857,1873,16
16205.jpg,1857,1910,53
16210.jpg,1857,1850,-7
16215.jpg,1857,1920,63
16220.jpg,1857,1950,93
16225.jpg,1857,84,-1773
16230.jpg,1857,1920,63
16235.jpg,1858,1895,37
16240.jpg,1858,1920,62
16245.jpg,1858,1869,11
16250.jpg,1858,1897,39
16255.jpg,1858,1850,-8
16260.jpg,1858,1885,27
16265.jpg,1858,1840,-18
16270.jpg,1858,1852,-6
16275.jpg,1858,1879,21
16280.jpg,1858,1890,32
16285.jpg,1858,1885,27
16290.jpg,1858,1875,17
16295.jpg,1858,1965,107
16300.jpg,1858,1858,0
16305.jpg,1858,1945,87
16310.jpg,1858,1924,66
16315.jpg,1858,1925,67
16320.jpg,1858,1880,22
16325.jpg,1858,1920,62
16330.jpg,1858,1967,109
16335.jpg,1858,1890,32
16340.jpg,1858,1835,-23
16345.jpg,1858,1930,72
16350.jpg,1858,1850,-8
16355.jpg,1858,1895,37
16360.jpg,1858,1910,52
16365.jpg,1858,1925,67
16370.jpg,1858,1850,-8
16375.jpg,1858,2000,142
16380.jpg,1858,1910,52
16385.jpg,1858,1920,62
16390.jpg,1858,1850,-8
16395.jpg,1858,1850,-8
16400.jpg,1858,1875,17
16405.jpg,1858,1950,92
16410.jpg,1858,1850,-8
16415.jpg,1858,1910,52
16420.jpg,1858,1840,-18
16425.jpg,1858,1895,37
16430.jpg,1858,1885,27
16435.jpg,1858,1890,32
16440.jpg,1858,1850,-8
16445.jpg,1858,1850,-8
16450.jpg,1858,1850,-8
16455.jpg,1858,1900,42
16460.jpg,1858,1840,-18
16465.jpg,1858,1949,91
16470.jpg,1858,1930,72
16475.jpg,1858,1824,-34
16480.jpg,1858,1924,66
16485.jpg,1858,1880,22
16490.jpg,1859,1887,28
16495.jpg,1859,1890,31
16505.jpg,1859,1859,0
16510.jpg,1859,1945,86
16515.jpg,1859,1880,21
16520.jpg,1859,1670,-189
16525.jpg,1859,1940,81
16530.jpg,1859,1923,64
16535.jpg,1859,1930,71
16540.jpg,1859,1850,-9
16545.jpg,1859,1847,-12
16550.jpg,1859,1930,71
16555.jpg,1859,2000,141
16560.jpg,1859,1950,91
16565.jpg,1859,1831,-28
16570.jpg,1859,1851,-8
16575.jpg,1859,1885,26
16580.jpg,1859,1850,-9
16585.jpg,1859,1870,11
16590.jpg,1859,1820,-39
16595.jpg,1859,1920,61
16600.jpg,1859,1850,-9
16605.jpg,1859,1950,91
16610.jpg,1859,1860,1
16615.jpg,1859,1885,26
16620.jpg,1859,1850,-9
16625.jpg,1859,1940,81
16630.jpg,1859,1920,61
16635.jpg,1859,1870,11
16640.jpg,1859,1880,21
16645.jpg,1859,1860,1
16650.jpg,1859,1870,11
16655.jpg,1859,1890,31
16660.jpg,1859,1890,31
16665.jpg,1859,1945,86
16670.jpg,1859,1888,29
16675.jpg,1859,1830,-29
16680.jpg,1859,1850,-9
16685.jpg,1859,1949,90
16690.jpg,1859,1840,-19
16695.jpg,1859,1862,3
16700.jpg,1859,2000,141
16705.jpg,1859,1920,61
16710.jpg,1859,1907,48
16715.jpg,1859,1874,15
16720.jpg,1859,1890,31
16725.jpg,1859,1890,31
16730.jpg,1859,1890,31
16735.jpg,1860,1920,60
16740.jpg,1860,1875,15
16745.jpg,1860,1750,-110
16750.jpg,1860,1890,30
16755.jpg,1860,1860,0
16760.jpg,1860,1860,0
16765.jpg,1860,1923,63
16770.jpg,1860,1920,60
16775.jpg,1860,1910,50
16785.jpg,1860,1578,-282
16790.jpg,1860,1895,35
16795.jpg,1860,1870,10
16800.jpg,1860,19,-1841
16805.jpg,1860,1895,35
16810.jpg,1860,1930,70
16815.jpg,1860,1880,20
16820.jpg,1860,1960,100
16825.jpg,1860,1850,-10
16830.jpg,1860,1860,0
16835.jpg,1860,1890,30
16840.jpg,1860,1775,-85
16845.jpg,1860,1930,70
16850.jpg,1860,1950,90
16855.jpg,1860,1940,80
16860.jpg,1860,1920,60
16865.jpg,1860,1880,20
16870.jpg,1860,1830,-30
16875.jpg,1860,1840,-20
16880.jpg,1860,1836,-24
16885.jpg,1860,1900,40
16890.jpg,1860,1870,10
16895.jpg,1860,1850,-10
16900.jpg,1860,1950,90
16905.jpg,1860,1890,30
16910.jpg,1860,1930,70
16915.jpg,1860,1920,60
16920.jpg,1860,1500,-360
16925.jpg,1860,1950,90
16930.jpg,1860,1900,40
16935.jpg,1860,1850,-10
16940.jpg,1860,1885,25
16945.jpg,1860,1900,40
16950.jpg,1860,1885,25
16955.jpg,1860,1930,70
16960.jpg,1860,1750,-110
16965.jpg,1860,1900,40
16970.jpg,1860,1930,70
16975.jpg,1860,1880,20
16980.jpg,1860,1868,8
16985.jpg,1860,1923,63
16990.jpg,1860,1850,-10
16995.jpg,1860,1847,-13
17000.jpg,1860,1800,-60
17005.jpg,1861,1875,14
17010.jpg,1861,1890,29
17015.jpg,1861,1890,29
17025.jpg,1861,1850,-11
17030.jpg,1861,1850,-11
17035.jpg,1861,1955,94
17040.jpg,1861,1847,-14
17045.jpg,1861,1800,-61
17050.jpg,1861,1766,-95
17055.jpg,1861,1920,59
17060.jpg,1861,1971,110
17065.jpg,1861,1971,110
17070.jpg,1861,1850,-11
17075.jpg,1861,1850,-11
17080.jpg,1861,1870,9
17085.jpg,1861,1890,29
17090.jpg,1861,1870,9
17095.jpg,1861,1890,29
17100.jpg,1861,1870,9
17105.jpg,1861,1900,39
17110.jpg,1861,1910,49
17115.jpg,1861,1800,-61
17120.jpg,1861,1880,19
17125.jpg,1861,1800,-61
17130.jpg,1861,1900,39
17135.jpg,1861,1851,-10
17140.jpg,1861,1772,-89
17145.jpg,1861,1870,9
17150.jpg,1861,1797,-64
17155.jpg,1861,1967,106
17160.jpg,1861,1900,39
17165.jpg,1861,1940,79
17170.jpg,1861,1950,89
17175.jpg,1862,1875,13
17180.jpg,1862,1770,-92
17185.jpg,1862,1865,3
17190.jpg,1862,1850,-12
17195.jpg,1862,1964,102
17200.jpg,1862,1860,-2
17205.jpg,1862,1947,85
17210.jpg,1862,1880,18
17215.jpg,1862,1889,27
17220.jpg,1862,2000,138
17225.jpg,1862,1789,-73
17230.jpg,1862,1875,13
17235.jpg,1862,1830,-32
17240.jpg,1862,1930,68
17245.jpg,1862,1885,23
17250.jpg,1862,1960,98
17255.jpg,1862,1875,13
17260.jpg,1862,1900,38
17265.jpg,1862,1820,-42
17270.jpg,1862,1950,88
17275.jpg,1862,1920,58
17280.jpg,1862,1871,9
17285.jpg,1862,1872,10
17290.jpg,1862,1850,-12
17295.jpg,1862,1960,98
17300.jpg,1862,1857,-5
17305.jpg,1862,1950,88
17310.jpg,1862,1935,73
17315.jpg,1862,1900,38
17320.jpg,1862,1900,38
17325.jpg,1863,1840,-23
17330.jpg,1863,1920,57
17340.jpg,1863,1912,49
17345.jpg,1863,1975,112
17350.jpg,1863,1875,12
17355.jpg,1863,1835,-28
17365.jpg,1863,1935,72
17370.jpg,1863,2000,137
17375.jpg,1863,1920,57
17380.jpg,1863,1960,97
17385.jpg,1863,1980,117
17390.jpg,1863,1860,-3
17395.jpg,1863,1850,-13
17400.jpg,1863,1950,87
17405.jpg,1863,1910,47
17410.jpg,1863,1870,7
17415.jpg,1863,1850,-13
17420.jpg,1863,1939,76
17425.jpg,1863,1850,-13
17430.jpg,1863,1890,27
17435.jpg,1863,1950,87
17440.jpg,1863,1900,37
17445.jpg,1863,1896,33
17450.jpg,1863,1910,47
17455.jpg,1863,1890,27
17460.jpg,1863,1903,40
17465.jpg,1863,1910,47
17470.jpg,1863,1860,-3
17475.jpg,1863,1895,32
17480.jpg,1863,1890,27
17485.jpg,1864,1949,85
17490.jpg,1864,1852,-12
17495.jpg,1864,1860,-4
17500.jpg,1864,1920,56
17505.jpg,1864,1895,31
17510.jpg,1864,1880,16
17515.jpg,1864,1865,1
17520.jpg,1864,1887,23
17525.jpg,1864,1847,-17
17530.jpg,1864,1834,-30
17535.jpg,1864,1940,76
17540.jpg,1864,2000,136
17545.jpg,1864,1866,2
17550.jpg,1864,1895,31
17555.jpg,1864,1890,26
17560.jpg,1864,1890,26
17565.jpg,1864,1820,-44
17575.jpg,1864,1830,-34
17580.jpg,1864,1890,26
17585.jpg,1864,1950,86
17590.jpg,1864,1980,116
17595.jpg,1864,1850,-14
17600.jpg,1864,1854,-10
17605.jpg,1864,1920,56
17610.jpg,1864,1915,51
17615.jpg,1864,1890,26
17620.jpg,1864,1880,16
17625.jpg,1864,1885,21
17630.jpg,1864,1850,-14
17635.jpg,1864,1250,-614
17640.jpg,1864,1920,56
17645.jpg,1864,1912,48
17650.jpg,1864,1900,36
17655.jpg,1864,1925,61
17660.jpg,1865,1879,14
17665.jpg,1865,1882,17
17670.jpg,1865,1953,88
17675.jpg,1865,1925,60
17680.jpg,1865,1820,-45
17690.jpg,1865,1940,75
17695.jpg,1865,1917,52
17700.jpg,1865,479,-1386
17705.jpg,1865,1850,-15
17710.jpg,1865,1882,17
17715.jpg,1865,1859,-6
17720.jpg,1865,2005,140
17725.jpg,1865,1886,21
17730.jpg,1865,1916,51
17735.jpg,1865,1903,38
17745.jpg,1865,1897,32
17750.jpg,1865,1880,15
17755.jpg,1865,1850,-15
17760.jpg,1865,1920,55
17765.jpg,1865,1865,0
17770.jpg,1865,1860,-5
17775.jpg,1865,1875,10
17780.jpg,1865,1940,75
17785.jpg,1865,1850,-15
17790.jpg,1865,1997,132
17795.jpg,1865,1900,35
17800.jpg,1865,1930,65
17805.jpg,1865,1900,35
17810.jpg,1865,1895,30
17815.jpg,1865,1890,25
17820.jpg,1865,1980,115
17825.jpg,1865,1880,15
17830.jpg,1865,1890,25
17835.jpg,1865,1800,-65
17840.jpg,1865,1910,45
17845.jpg,1865,1850,-15
17850.jpg,1865,1689,-176
17855.jpg,1865,1870,5
17860.jpg,1865,1895,30
17865.jpg,1865,1830,-35
17870.jpg,1865,1920,55
17875.jpg,1865,1890,25
17880.jpg,1865,1875,10
17885.jpg,1865,1950,85
17890.jpg,1865,1920,55
17895.jpg,1865,1920,55
17900.jpg,1865,1890,25
17905.jpg,1865,1802,-63
17910.jpg,1865,1800,-65
17915.jpg,1865,1925,60
17920.jpg,1865,1880,15
17930.jpg,1865,1915,50
17935.jpg,1866,1892,26
17940.jpg,1866,1920,54
17945.jpg,1866,1950,84
17950.jpg,1866,1904,38
17955.jpg,1866,1950,84
17960.jpg,1866,1820,-46
17965.jpg,1866,1865,-1
17970.jpg,1866,1840,-26
17975.jpg,1866,1880,14
17980.jpg,1866,1920,54
17985.jpg,1866,1883,17
17990.jpg,1866,1865,-1
17995.jpg,1866,1903,37
18000.jpg,1866,1900,34
18005.jpg,1866,1830,-36
18010.jpg,1866,1890,24
18015.jpg,1866,1985,119
18020.jpg,1866,1995,129
18025.jpg,1866,1900,34
18030.jpg,1866,1850,-16
18035.jpg,1866,1895,29
18040.jpg,1866,1900,34
18045.jpg,1866,1800,-66
18050.jpg,1866,1835,-31
18055.jpg,1866,1910,44
18060.jpg,1866,1940,74
18065.jpg,1866,1857,-9
18070.jpg,1866,1920,54
18075.jpg,1866,1850,-16
18080.jpg,1866,1790,-76
18085.jpg,1866,1830,-36
18090.jpg,1866,1945,79
18095.jpg,1866,1850,-16
18100.jpg,1866,1930,64
18105.jpg,1866,1906,40
18110.jpg,1866,1921,55
18115.jpg,1866,1880,14
18120.jpg,1866,1875,9
18125.jpg,1866,1910,44
18130.jpg,1866,1908,42
18135.jpg,1867,1920,53
18140.jpg,1867,1885,18
18145.jpg,1867,1882,15
18160.jpg,1867,1890,23
18165.jpg,1867,1890,23
18170.jpg,1867,1880,13
18175.jpg,1867,1910,43
18180.jpg,1867,1958,91
18185.jpg,1867,1880,13
18190.jpg,1867,1959,92
18195.jpg,1867,1985,118
18200.jpg,1867,1913,46
18205.jpg,1867,1850,-17
18210.jpg,1867,1799,-68
18215.jpg,1867,1909,42
18220.jpg,1867,1850,-17
18225.jpg,1867,1910,43
18230.jpg,1867,1927,60
18235.jpg,1867,1930,63
18240.jpg,1867,1760,-107
18245.jpg,1867,1880,13
18250.jpg,1867,1892,25
18255.jpg,1867,1895,28
18260.jpg,1867,1845,-22
18265.jpg,1867,1880,13
18270.jpg,1867,1928,61
18275.jpg,1867,1885,18
18280.jpg,1867,1880,13
18285.jpg,1867,1920,53
18290.jpg,1867,1850,-17
18295.jpg,1867,1890,23
18300.jpg,1867,1965,98
18305.jpg,1867,1810,-57
18310.jpg,1867,1922,55
18315.jpg,1867,1850,-17
18320.jpg,1867,1940,73
18325.jpg,1867,1870,3
18330.jpg,1867,1850,-17
18335.jpg,1867,1920,53
18340.jpg,1867,1900,33
18345.jpg,1867,1935,68
18350.jpg,1867,1170,-697
18355.jpg,1867,1910,43
18360.jpg,1867,1940,73
18365.jpg,1868,1904,36
18370.jpg,1868,1830,-38
18380.jpg,1868,1890,22
18385.jpg,1868,1880,12
18390.jpg,1868,1960,92
18395.jpg,1868,1920,52
18400.jpg,1868,1896,28
18405.jpg,1868,1905,37
18410.jpg,1868,1820,-48
18415.jpg,1868,1820,-48
18420.jpg,1868,1885,17
18425.jpg,1868,1800,-68
18430.jpg,1868,1985,117
18450.jpg,1868,1900,32
18455.jpg,1868,1850,-18
18460.jpg,1868,1890,22
18465.jpg,1868,1895,27
18470.jpg,1868,1895,27
18475.jpg,1868,1930,62
18480.jpg,1868,1860,-8
18485.jpg,1868,1870,2
18490.jpg,1868,1850,-18
18495.jpg,1868,1920,52
18500.jpg,1868,1872,4
18505.jpg,1868,1900,32
18510.jpg,1868,1890,22
18515.jpg,1868,1850,-18
18520.jpg,1868,1850,-18
18525.jpg,1868,1895,27
18530.jpg,1868,1920,52
18535.jpg,1868,1750,-118
18540.jpg,1868,1850,-18
18545.jpg,1868,1920,52
18550.jpg,1868,1898,30
18555.jpg,1868,1865,-3
18560.jpg,1868,1925,57
18565.jpg,1868,1900,32
18570.jpg,1868,1885,17
18575.jpg,1868,1875,7
18580.jpg,1868,1928,60
18585.jpg,1868,1984,116
18590.jpg,1868,1925,57
18595.jpg,1868,1885,17
18600.jpg,1868,1850,-18
18605.jpg,1868,1890,22
18610.jpg,1868,1820,-48
18615.jpg,1868,1875,7
18620.jpg,1869,1925,56
18625.jpg,1869,1868,-1
18630.jpg,1869,1873,4
18635.jpg,1869,1850,-19
18640.jpg,1869,1920,51
18645.jpg,1869,1920,51
18650.jpg,1869,1850,-19
18655.jpg,1869,1880,11
18660.jpg,1869,1935,66
18665.jpg,1869,1895,26
18670.jpg,1869,1978,109
18675.jpg,1869,1840,-29
18680.jpg,1869,1880,11
18685.jpg,1869,1890,21
18690.jpg,1869,1845,-24
18695.jpg,1869,1920,51
18700.jpg,1869,1890,21
18710.jpg,1869,2000,131
18715.jpg,1869,1890,21
18720.jpg,1869,1922,53
18725.jpg,1869,1901,32
18730.jpg,1869,1895,26
18735.jpg,1869,1910,41
18740.jpg,1869,1890,21
18745.jpg,1869,1856,-13
18750.jpg,1869,1830,-39
18755.jpg,1869,1820,-49
18760.jpg,1869,1880,11
18765.jpg,1869,1920,51
18770.jpg,1869,1880,11
18775.jpg,1869,1890,21
18780.jpg,1869,1910,41
18785.jpg,1869,1875,6
18790.jpg,1869,1890,21
18795.jpg,1869,1850,-19
18800.jpg,1869,1875,6
18805.jpg,1869,1850,-19
18810.jpg,1869,1890,21
18815.jpg,1869,1885,16
18820.jpg,1869,1952,83
18825.jpg,1869,1875,6
18830.jpg,1869,1950,81
18835.jpg,1869,1975,106
18840.jpg,1870,1650,-220
18845.jpg,1870,1862,-8
18850.jpg,1870,1907,37
18855.jpg,1870,1920,50
18860.jpg,1870,1920,50
18865.jpg,1870,1950,80
18870.jpg,1870,1910,40
18875.jpg,1870,1930,60
18880.jpg,1870,1840,-30
18885.jpg,1870,1800,-70
18895.jpg,1870,1930,60
18900.jpg,1870,1921,51
18905.jpg,1870,1930,60
18910.jpg,1870,2004,134
18915.jpg,1870,1894,24
18920.jpg,1870,1950,80
18925.jpg,1870,1852,-18
18930.jpg,1870,1930,60
18935.jpg,1870,1930,60
18940.jpg,1870,1898,28
18945.jpg,1870,1980,110
18950.jpg,1870,1920,50
18955.jpg,1870,1910,40
18960.jpg,1870,1920,50
18965.jpg,1870,1950,80
18970.jpg,1870,1794,-76
18980.jpg,1870,1880,10
18985.jpg,1870,1890,20
18990.jpg,1870,1850,-20
18995.jpg,1870,1890,20
19000.jpg,1870,1950,80
19005.jpg,1870,1850,-20
19010.jpg,1870,1775,-95
19015.jpg,1870,1949,79
19020.jpg,1870,1850,-20
19025.jpg,1870,1850,-20
19030.jpg,1870,1950,80
19035.jpg,1870,1880,10
19040.jpg,1870,1970,100
19045.jpg,1870,1930,60
19050.jpg,1870,1870,0
19055.jpg,1870,1895,25
19060.jpg,1870,1895,25
19065.jpg,1870,1950,80
19070.jpg,1870,1910,40
19075.jpg,1870,1950,80
19080.jpg,1870,1930,60
19085.jpg,1870,1890,20
19090.jpg,1870,1960,90
19100.jpg,1870,1930,60
19105.jpg,1870,1880,10
19110.jpg,1870,1927,57
19115.jpg,1870,1920,50
19120.jpg,1870,1850,-20
19125.jpg,1870,1925,55
19130.jpg,1870,1875,5
19135.jpg,1870,1875,5
19140.jpg,1870,1850,-20
19145.jpg,1871,1825,-46
19150.jpg,1871,1890,19
19155.jpg,1871,1935,64
19160.jpg,1871,1850,-21
19165.jpg,1871,1920,49
19170.jpg,1871,1962,91
19175.jpg,1871,1890,19
19180.jpg,1871,1920,49
19185.jpg,1871,1870,-1
19190.jpg,1871,1880,9
19195.jpg,1871,1955,84
19200.jpg,1871,1850,-21
19205.jpg,1871,1960,89
19210.jpg,1871,1900,29
19215.jpg,1871,1967,96
19220.jpg,1871,1970,99
19225.jpg,1871,1870,-1
19230.jpg,1871,1955,84
19235.jpg,1871,1950,79
19240.jpg,1871,1900,29
19245.jpg,1871,1880,9
19250.jpg,1871,1875,4
19255.jpg,1871,1880,9
19260.jpg,1871,1930,59
19265.jpg,1871,1880,9
19270.jpg,1871,1940,69
19275.jpg,1871,1890,19
19280.jpg,1871,1945,74
19285.jpg,1871,1890,19
19290.jpg,1871,1890,19
19295.jpg,1871,1860,-11
19300.jpg,1871,1910,39
19305.jpg,1871,1947,76
19310.jpg,1871,1859,-12
19315.jpg,1871,1870,-1
19320.jpg,1871,1910,39
19325.jpg,1871,1850,-21
19330.jpg,1871,1880,9
19335.jpg,1871,1850,-21
19340.jpg,1871,1920,49
19345.jpg,1871,1850,-21
19350.jpg,1871,1850,-21
19355.jpg,1871,1895,24
19360.jpg,1871,1860,-11
19365.jpg,1871,1910,39
19370.jpg,1871,1820,-51
19375.jpg,1871,1880,9
19380.jpg,1871,1890,19
19385.jpg,1871,1890,19
19390.jpg,1871,1896,25
19395.jpg,1872,1885,13
19400.jpg,1872,1908,36
19405.jpg,1872,1897,25
19410.jpg,1872,1850,-22
19415.jpg,1872,1850,-22
19420.jpg,1872,1830,-42
19425.jpg,1872,1960,88
19430.jpg,1872,1920,48
19435.jpg,1872,1875,3
19440.jpg,1872,1850,-22
19445.jpg,1872,1920,48
19450.jpg,1872,1700,-172
19455.jpg,1872,1940,68
19460.jpg,1872,1880,8
19465.jpg,1872,1875,3
19470.jpg,1872,1890,18
19475.jpg,1872,1927,55
19480.jpg,1872,1857,-15
19485.jpg,1872,1980,108
19490.jpg,1872,1869,-3
19495.jpg,1872,1920,48
19500.jpg,1872,1902,30
19505.jpg,1872,1925,53
19510.jpg,1872,1940,68
19515.jpg,1872,1947,75
19520.jpg,1872,1940,68
19525.jpg,1872,1890,18
19530.jpg,1872,1895,23
19535.jpg,1872,1880,8
19540.jpg,1872,1950,78
19545.jpg,1872,1880,8
19550.jpg,1872,1820,-52
19555.jpg,1872,1800,-72
19560.jpg,1872,1879,7
19565.jpg,1872,1800,-72
19570.jpg,1872,1902,30
19575.jpg,1872,1780,-92
19580.jpg,1872,1890,18
19585.jpg,1872,1850,-22
19590.jpg,1872,1920,48
19595.jpg,1872,1980,108
19600.jpg,1872,1820,-52
19605.jpg,1872,1860,-12
19610.jpg,1872,1850,-22
19615.jpg,1872,1885,13
19620.jpg,1872,1875,3
19625.jpg,1872,1890,18
19630.jpg,1872,1950,78
19635.jpg,1872,1930,58
19640.jpg,1872,1849,-23
19645.jpg,1872,1880,8
19655.jpg,1873,1930,57
19660.jpg,1873,1882,9
19665.jpg,1873,1920,47
19670.jpg,1873,1865,-8
19675.jpg,1873,1840,-33
19680.jpg,1873,1850,-23
19685.jpg,1873,1930,57
19690.jpg,1873,2015,142
19695.jpg,1873,1920,47
19700.jpg,1873,1900,27
19705.jpg,1873,1920,47
19710.jpg,1873,1910,37
19715.jpg,1873,1950,77
19720.jpg,1873,1887,14
19725.jpg,1873,1915,42
19730.jpg,1873,1940,67
19735.jpg,1873,1919,46
19740.jpg,1873,2010,137
19745.jpg,1873,1937,64
19750.jpg,1873,1860,-13
19755.jpg,1873,1950,77
19760.jpg,1873,1910,37
19765.jpg,1873,1920,47
19775.jpg,1873,1905,32
19780.jpg,1873,1870,-3
19785.jpg,1873,1920,47
19790.jpg,1873,1875,2
19795.jpg,1873,1855,-18
19800.jpg,1873,1850,-23
19805.jpg,1873,1880,7
19810.jpg,1873,1879,6
19815.jpg,1873,1890,17
19820.jpg,1873,1890,17
19825.jpg,1873,1890,17
19830.jpg,1873,1895,22
19835.jpg,1873,1850,-23
19840.jpg,1873,1850,-23
19845.jpg,1873,1980,107
19850.jpg,1873,1840,-33
19855.jpg,1873,1870,-3
19860.jpg,1873,1880,7
19865.jpg,1873,1850,-23
19870.jpg,1873,1910,37
19875.jpg,1873,1940,67
19880.jpg,1873,1880,7
19885.jpg,1873,1875,2
19890.jpg,1873,1851,-22
19895.jpg,1873,1960,87
19900.jpg,1873,1900,27
19905.jpg,1873,1809,-64
19910.jpg,1873,1620,-253
19915.jpg,1874,1910,36
19920.jpg,1874,1880,6
19925.jpg,1874,1860,-14
19930.jpg,1874,1900,26
19935.jpg,1874,1875,1
19945.jpg,1874,1857,-17
19950.jpg,1874,1910,36
19955.jpg,1874,1910,36
19965.jpg,1874,1885,11
19970.jpg,1874,1933,59
19975.jpg,1874,1859,-15
19980.jpg,1874,1912,38
19985.jpg,1874,1910,36
19990.jpg,1874,1939,65
19995.jpg,1874,1850,-24
20000.jpg,1874,1948,74
20005.jpg,1874,1958,84
20010.jpg,1874,1900,26
20015.jpg,1874,1880,6
20020.jpg,1874,1920,46
20025.jpg,1874,1868,-6
20030.jpg,1874,1900,26
20035.jpg,1874,1920,46
20040.jpg,1874,1930,56
20045.jpg,1874,1980,106
20050.jpg,1874,1930,56
20055.jpg,1874,1850,-24
20060.jpg,1874,1890,16
20065.jpg,1874,1890,16
20070.jpg,1874,1900,26
20075.jpg,1874,1890,16
20080.jpg,1874,1888,14
20085.jpg,1874,1850,-24
20090.jpg,1874,1790,-84
20095.jpg,1874,1880,6
20100.jpg,1874,1830,-44
20110.jpg,1874,1910,36
20115.jpg,1874,1890,16
20120.jpg,1874,1890,16
20125.jpg,1874,1900,26
20130.jpg,1874,200,-1674
20135.jpg,1874,1850,-24
20145.jpg,1874,1850,-24
20150.jpg,1874,1920,46
20155.jpg,1874,1900,26
20160.jpg,1874,1893,19
20165.jpg,1874,1920,46
20170.jpg,1874,1920,46
20175.jpg,1874,1871,-3
20180.jpg,1874,1822,-52
20185.jpg,1874,1845,-29
20190.jpg,1874,1990,116
20195.jpg,1874,1844,-30
20205.jpg,1874,1750,-124
20210.jpg,1875,1850,-25
20215.jpg,1875,1909,34
20220.jpg,1875,1910,35
20230.jpg,1875,1875,0
20235.jpg,1875,1842,-33
20240.jpg,1875,1920,45
20245.jpg,1875,1885,10
20250.jpg,1875,1920,45
20255.jpg,1875,1934,59
20260.jpg,1875,1880,5
20265.jpg,1875,1850,-25
20270.jpg,1875,1930,55
20275.jpg,1875,1820,-55
20280.jpg,1875,1925,50
20285.jpg,1875,1944,69
20295.jpg,1875,1939,64
20300.jpg,1875,1950,75
20305.jpg,1875,1809,-66
20310.jpg,1875,1890,15
20315.jpg,1875,1900,25
20320.jpg,1875,1895,20
20325.jpg,1875,1925,50
20330.jpg,1875,1900,25
20335.jpg,1875,1850,-25
20340.jpg,1875,1880,5
20345.jpg,1875,1890,15
20350.jpg,1875,1850,-25
20355.jpg,1875,1925,50
20360.jpg,1875,1912,37
20365.jpg,1875,1890,15
20370.jpg,1875,1870,-5
20375.jpg,1875,1840,-35
20380.jpg,1875,1890,15
20385.jpg,1875,1930,55
20390.jpg,1875,1860,-15
20395.jpg,1875,1890,15
20400.jpg,1875,1920,45
20405.jpg,1875,1850,-25
20410.jpg,1875,1953,78
20415.jpg,1875,1820,-55
20420.jpg,1875,1895,20
20425.jpg,1875,1850,-25
20430.jpg,1875,1875,0
20435.jpg,1875,1345,-530
20440.jpg,1875,1890,15
20445.jpg,1875,1850,-25
20450.jpg,1875,1895,20
20455.jpg,1875,1820,-55
20460.jpg,1875,1927,52
20465.jpg,1875,19,-1856
20470.jpg,1875,1840,-35
20480.jpg,1875,1887,12
20485.jpg,1875,1916,41
20490.jpg,1875,1789,-86
20495.jpg,1875,1910,35
20500.jpg,1876,1928,52
20505.jpg,1876,1940,64
20510.jpg,1876,1900,24
20515.jpg,1876,1930,54
20520.jpg,1876,1920,44
20525.jpg,1876,1901,25
20530.jpg,1876,1920,44
20540.jpg,1876,1975,99
20545.jpg,1876,1850,-26
20550.jpg,1876,1890,14
20555.jpg,1876,20,-1856
20560.jpg,1876,1850,-26
20565.jpg,1876,1927,51
20570.jpg,1876,1924,48
20575.jpg,1876,1920,44
20580.jpg,1876,1914,38
20585.jpg,1876,1850,-26
20590.jpg,1876,1860,-16
20595.jpg,1876,1910,34
20600.jpg,1876,1880,4
20605.jpg,1876,1870,-6
20610.jpg,1876,1930,54
20615.jpg,1876,1890,14
20620.jpg,1876,1950,74
20625.jpg,1876,1920,44
20630.jpg,1876,1980,104
20635.jpg,1876,1880,4
20640.jpg,1876,1960,84
20645.jpg,1876,1857,-19
20650.jpg,1876,1870,-6
20655.jpg,1876,1905,29
20660.jpg,1876,1895,19
20665.jpg,1876,1890,14
20670.jpg,1876,1890,14
20675.jpg,1876,1875,-1
20680.jpg,1876,1890,14
20685.jpg,1876,1875,-1
20690.jpg,1876,1850,-26
20695.jpg,1876,1950,74
20700.jpg,1876,1871,-5
20705.jpg,1876,1890,14
20715.jpg,1876,1920,44
20720.jpg,1876,1870,-6
20725.jpg,1876,1890,14
20730.jpg,1877,1890,13
20735.jpg,1877,1895,18
20740.jpg,1877,1850,-27
20745.jpg,1877,1920,43
20750.jpg,1877,1985,108
20755.jpg,1877,1930,53
20760.jpg,1877,1985,108
20765.jpg,1877,1872,-5
20770.jpg,1877,1920,43
20775.jpg,1877,1895,18
20780.jpg,1877,1854,-23
20785.jpg,1877,1923,46
20790.jpg,1877,1921,44
20795.jpg,1877,1899,22
20800.jpg,1877,1870,-7
20805.jpg,1877,1980,103
20810.jpg,1877,1955,78
20815.jpg,1877,1920,43
20820.jpg,1877,1898,21
20830.jpg,1877,1870,-7
20835.jpg,1877,1850,-27
20840.jpg,1877,1865,-12
20845.jpg,1877,1890,13
20850.jpg,1877,1890,13
20855.jpg,1877,1930,53
20860.jpg,1877,1840,-37
20865.jpg,1877,1952,75
20870.jpg,1877,1880,3
20875.jpg,1877,1890,13
20880.jpg,1877,1903,26
20885.jpg,1877,1880,3
20890.jpg,1877,1870,-7
20895.jpg,1877,1880,3
20900.jpg,1877,1910,33
20905.jpg,1877,1890,13
20910.jpg,1877,1885,8
20915.jpg,1877,1910,33
20925.jpg,1878,1880,2
20930.jpg,1878,2005,127
20935.jpg,1878,1900,22
20940.jpg,1878,1910,32
20945.jpg,1878,1900,22
20950.jpg,1878,1881,3
20955.jpg,1878,1910,32
20960.jpg,1878,1946,68
20965.jpg,1878,2000,122
20970.jpg,1878,1980,102
20975.jpg,1878,1915,37
20980.jpg,1878,1919,41
20985.jpg,1878,1960,82
20990.jpg,1878,1890,12
20995.jpg,1878,1860,-18
21000.jpg,1878,1890,12
21005.jpg,1878,1870,-8
21010.jpg,1878,1890,12
21015.jpg,1878,1890,12
21020.jpg,1878,1850,-28
21025.jpg,1878,1890,12
21030.jpg,1878,1910,32
21035.jpg,1878,1960,82
21040.jpg,1878,1845,-33
21045.jpg,1878,1830,-48
21050.jpg,1878,1910,32
21055.jpg,1878,1850,-28
21060.jpg,1878,1850,-28
21065.jpg,1878,1895,17
21070.jpg,1878,1920,42
21075.jpg,1878,1920,42
21080.jpg,1878,1890,12
21085.jpg,1878,1885,7
21090.jpg,1878,1915,37
21095.jpg,1878,1865,-13
21100.jpg,1878,1915,37
21105.jpg,1878,1890,12
21110.jpg,1878,1890,12
21115.jpg,1878,1888,10
21120.jpg,1878,1910,32
21125.jpg,1878,2018,140
21130.jpg,1878,1920,42
21135.jpg,1878,1900,22
21140.jpg,1878,1887,9
21145.jpg,1878,1910,32
21150.jpg,1878,1835,-43
21155.jpg,1878,1910,32
21160.jpg,1879,1965,86
21165.jpg,1879,1875,-4
21170.jpg,1879,1872,-7
21175.jpg,1879,1920,41
21180.jpg,1879,1885,6
21185.jpg,1879,1930,51
21190.jpg,1879,1890,11
21195.jpg,1879,1870,-9
21200.jpg,1879,1838,-41
21205.jpg,1879,1921,42
21210.jpg,1879,1920,41
21215.jpg,1879,1901,22
21220.jpg,1879,1894,15
21225.jpg,1879,1930,51
21230.jpg,1879,1930,51
21235.jpg,1879,1960,81
21240.jpg,1879,1920,41
21245.jpg,1879,1892,13
21250.jpg,1879,1860,-19
21255.jpg,1879,1910,31
21260.jpg,1879,1895,16
21265.jpg,1879,1895,16
21270.jpg,1879,1845,-34
21275.jpg,1879,1830,-49
21280.jpg,1879,1800,-79
21285.jpg,1879,1890,11
21290.jpg,1879,1895,16
21295.jpg,1879,1890,11
21300.jpg,1879,1890,11
21305.jpg,1879,1940,61
21310.jpg,1879,1888,9
21315.jpg,1879,1875,-4
21320.jpg,1879,1920,41
21325.jpg,1879,1870,-9
21330.jpg,1879,1960,81
21335.jpg,1879,1909,30
21340.jpg,1879,1898,19
21350.jpg,1879,1912,33
21355.jpg,1879,1977,98
21360.jpg,1879,1850,-29
21365.jpg,1879,1920,41
21370.jpg,1879,1880,1
21375.jpg,1880,1949,69
21380.jpg,1880,1895,15
21385.jpg,1880,1925,45
21390.jpg,1880,1850,-30
21395.jpg,1880,1930,50
21400.jpg,1880,1895,15
21405.jpg,1880,1910,30
21410.jpg,1880,1930,50
21415.jpg,1880,1890,10
21420.jpg,1880,1875,-5
21425.jpg,1880,1918,38
21430.jpg,1880,1865,-15
21435.jpg,1880,1864,-16
21440.jpg,1880,1895,15
21445.jpg,1880,1930,50
21450.jpg,1880,1842,-38
21455.jpg,1880,1892,12
21460.jpg,1880,1850,-30
21465.jpg,1880,1915,35
21470.jpg,1880,1750,-130
21475.jpg,1880,1950,70
21480.jpg,1880,1950,70
21485.jpg,1880,1920,40
21490.jpg,1880,1981,101
21495.jpg,1880,1900,20
21500.jpg,1880,1850,-30
21505.jpg,1880,1920,40
21510.jpg,1880,1940,60
21515.jpg,1880,1860,-20
21520.jpg,1880,1890,10
21530.jpg,1880,1970,90
21535.jpg,1880,1930,50
21540.jpg,1880,1900,20
21545.jpg,1880,1895,15
21550.jpg,1880,1950,70
21555.jpg,1880,1850,-30
21560.jpg,1880,1930,50
21565.jpg,1880,1940,60
21570.jpg,1880,1850,-30
21575.jpg,1880,1950,70
21580.jpg,1880,1910,30
21585.jpg,1880,2000,120
21590.jpg,1880,1920,40
21595.jpg,1880,1850,-30
21600.jpg,1880,1900,20
21605.jpg,1880,1890,10
21610.jpg,1880,1919,39
21615.jpg,1880,1900,20
21620.jpg,1880,1885,5
21625.jpg,1880,1890,10
21630.jpg,1880,1880,0
21635.jpg,1880,1850,-30
21640.jpg,1880,1890,10
21645.jpg,1880,1920,40
21650.jpg,1880,1870,-10
21655.jpg,1880,1930,50
21660.jpg,1880,1850,-30
21665.jpg,1880,1900,20
21670.jpg,1880,1875,-5
21675.jpg,1880,1950,70
21680.jpg,1880,1910,30
21685.jpg,1880,1839,-41
21690.jpg,1880,1945,65
21695.jpg,1880,1880,0
21700.jpg,1880,1920,40
21705.jpg,1880,1850,-30
21710.jpg,1881,1920,39
21715.jpg,1881,1912,31
21720.jpg,1881,1980,99
21725.jpg,1881,1850,-31
21730.jpg,1881,1890,9
21735.jpg,1881,1910,29
21740.jpg,1881,1918,37
21745.jpg,1881,1885,4
21750.jpg,1881,1866,-15
21755.jpg,1881,1935,54
21760.jpg,1881,1970,89
21770.jpg,1881,1905,24
21775.jpg,1881,1903,22
21780.jpg,1881,1910,29
21785.jpg,1881,1856,-25
21790.jpg,1881,1875,-6
21795.jpg,1881,1880,-1
21800.jpg,1881,1915,34
21805.jpg,1881,1922,41
21810.jpg,1881,1890,9
21815.jpg,1881,1870,-11
21820.jpg,1881,1855,-26
21825.jpg,1881,1898,17
21830.jpg,1881,1880,-1
21835.jpg,1881,1860,-21
21840.jpg,1881,1850,-31
21845.jpg,1881,1990,109
21850.jpg,1881,1800,-81
21855.jpg,1881,1920,39
21860.jpg,1881,1830,-51
21865.jpg,1881,1890,9
21870.jpg,1881,1920,39
21875.jpg,1881,1899,18
21880.jpg,1881,1875,-6
21885.jpg,1881,1870,-11
21890.jpg,1881,1910,29
21895.jpg,1881,1880,-1
21900.jpg,1881,1890,9
21905.jpg,1881,1850,-31
21910.jpg,1881,1887,6
21915.jpg,1881,1920,39
21920.jpg,1881,1890,9
21925.jpg,1881,1800,-81
21930.jpg,1881,1935,54
21940.jpg,1881,1850,-31
21945.jpg,1882,1966,84
21950.jpg,1882,1950,68
21955.jpg,1882,1920,38
21960.jpg,1882,1910,28
21965.jpg,1882,1920,38
21970.jpg,1882,1895,13
21975.jpg,1882,1880,-2
21980.jpg,1882,1940,58
21985.jpg,1882,1936,54
21990.jpg,1882,1922,40
21995.jpg,1882,1910,28
22000.jpg,1882,1840,-42
22005.jpg,1882,1910,28
22010.jpg,1882,1930,48
22015.jpg,1882,1977,95
22020.jpg,1882,1925,43
22025.jpg,1882,1920,38
22030.jpg,1882,1870,-12
22035.jpg,1882,1890,8
22040.jpg,1882,1895,13
22045.jpg,1882,1880,-2
22050.jpg,1882,1930,48
22055.jpg,1882,1896,14
22060.jpg,1882,1870,-12
22065.jpg,1882,1820,-62
22070.jpg,1882,1920,38
22075.jpg,1882,1871,-11
22080.jpg,1882,1900,18
22085.jpg,1882,1885,3
22090.jpg,1882,1880,-2
22095.jpg,1882,1835,-47
22100.jpg,1882,1950,68
22105.jpg,1882,1890,8
22110.jpg,1882,1910,28
22115.jpg,1882,19,-1863
22120.jpg,1882,1900,18
22125.jpg,1882,1830,-52
22130.jpg,1882,1895,13
22135.jpg,1882,1890,8
22140.jpg,1882,1850,-32
22145.jpg,1882,1948,66
22150.jpg,1882,1920,38
22155.jpg,1882,1986,104
22160.jpg,1882,1910,28
22165.jpg,1882,1920,38
22170.jpg,1882,1870,-12
22175.jpg,1882,1825,-57
22180.jpg,1882,1908,26
22185.jpg,1882,1850,-32
22190.jpg,1882,1905,23
22195.jpg,1882,1887,5
22200.jpg,1882,1930,48
22205.jpg,1882,1875,-7
22210.jpg,1882,1890,8
22215.jpg,1883,1753,-130
22220.jpg,1883,1895,12
22225.jpg,1883,1910,27
22230.jpg,1883,1920,37
22235.jpg,1883,1885,2
22240.jpg,1883,1820,-63
22245.jpg,1883,1875,-8
22250.jpg,1883,1880,-3
22255.jpg,1883,1850,-33
22260.jpg,1883,1895,12
22265.jpg,1883,1910,27
22270.jpg,1883,1922,39
22275.jpg,1883,1850,-33
22280.jpg,1883,1895,12
22285.jpg,1883,1960,77
22290.jpg,1883,1890,7
22295.jpg,1883,1900,17
22300.jpg,1883,1975,92
22305.jpg,1883,1900,17
22310.jpg,1883,1850,-33
22315.jpg,1883,1915,32
22320.jpg,1883,1910,27
22325.jpg,1883,1910,27
22330.jpg,1883,1880,-3
22335.jpg,1883,1900,17
22340.jpg,1883,1840,-43
22345.jpg,1883,1890,7
22350.jpg,1883,1850,-33
22355.jpg,1883,1910,27
22360.jpg,1883,1890,7
22365.jpg,1883,1880,-3
22370.jpg,1883,1910,27
22375.jpg,1883,1900,17
22380.jpg,1883,1930,47
22385.jpg,1883,1957,74
22390.jpg,1883,1970,87
22395.jpg,1883,1915,32
22400.jpg,1883,1875,-8
22405.jpg,1883,1895,12
22410.jpg,1883,1895,12
22415.jpg,1883,1860,-23
22420.jpg,1883,1875,-8
22425.jpg,1883,1890,7
22430.jpg,1883,1875,-8
22435.jpg,1883,1920,37
22440.jpg,1883,1900,17
22445.jpg,1883,1890,7
22450.jpg,1883,1975,92
22455.jpg,1883,1918,35
22460.jpg,1883,1928,45
22465.jpg,1883,1879,-4
22470.jpg,1883,1890,7
22475.jpg,1883,1890,7
22485.jpg,1883,1920,37
22490.jpg,1883,1921,38
22495.jpg,1883,1870,-13
22500.jpg,1883,1945,62
22505.jpg,1883,1880,-3
22510.jpg,1884,19,-1865
22515.jpg,1884,1875,-9
22520.jpg,1884,1890,6
22525.jpg,1884,1910,26
22530.jpg,1884,1875,-9
22535.jpg,1884,1915,31
22540.jpg,1884,1850,-34
22545.jpg,1884,1930,46
22550.jpg,1884,1948,64
22555.jpg,1884,1975,91
22560.jpg,1884,1925,41
22565.jpg,1884,1874,-10
22570.jpg,1884,1947,63
22575.jpg,1884,1930,46
22580.jpg,1884,1940,56
22585.jpg,1884,1930,46
22590.jpg,1884,1920,36
22595.jpg,1884,1950,66
22600.jpg,1884,1917,33
22605.jpg,1884,1890,6
22610.jpg,1884,1893,9
22615.jpg,1884,1920,36
22620.jpg,1884,1890,6
22625.jpg,1884,1850,-34
22630.jpg,1884,1895,11
22635.jpg,1884,1860,-24
22640.jpg,1884,1850,-34
22645.jpg,1884,1888,4
22650.jpg,1884,1890,6
22655.jpg,1884,1895,11
22665.jpg,1884,1955,71
22670.jpg,1884,1875,-9
22675.jpg,1884,1920,36
22680.jpg,1884,1912,28
22685.jpg,1884,1880,-4
22690.jpg,1884,1870,-14
22695.jpg,1884,1920,36
22700.jpg,1884,1800,-84
22705.jpg,1884,1890,6
22710.jpg,1884,1850,-34
22715.jpg,1884,1903,19
22720.jpg,1884,1875,-9
22730.jpg,1884,1964,80
22735.jpg,1884,1870,-14
22740.jpg,1884,2008,124
22745.jpg,1884,1870,-14
22750.jpg,1884,1907,23
22755.jpg,1884,1838,-46
22760.jpg,1884,1850,-34
22765.jpg,1884,1875,-9
22770.jpg,1884,1875,-9
22775.jpg,1884,1900,16
22780.jpg,1885,1898,13
22785.jpg,1885,1920,35
22790.jpg,1885,1880,-5
22795.jpg,1885,1880,-5
22800.jpg,1885,1800,-85
22805.jpg,1885,1875,-10
22810.jpg,1885,1900,15
22815.jpg,1885,1920,35
22820.jpg,1885,1890,5
22825.jpg,1885,1950,65
22830.jpg,1885,1854,-31
22835.jpg,1885,1893,8
22840.jpg,1885,1930,45
22850.jpg,1885,1955,70
22855.jpg,1885,1952,67
22860.jpg,1885,1895,10
22865.jpg,1885,1890,5
22870.jpg,1885,1890,5
22875.jpg,1885,1890,5
22880.jpg,1885,1900,15
22885.jpg,1885,1920,35
22890.jpg,1885,1930,45
22895.jpg,1885,1870,-15
22900.jpg,1885,1885,0
22905.jpg,1885,1920,35
22910.jpg,1885,1850,-35
22915.jpg,1885,1850,-35
22920.jpg,1885,1908,23
22925.jpg,1885,1895,10
22930.jpg,1885,1890,5
22935.jpg,1885,1860,-25
22940.jpg,1885,1920,35
22945.jpg,1885,1890,5
22950.jpg,1885,1850,-35
22955.jpg,1885,1880,-5
22960.jpg,1885,1967,82
22965.jpg,1885,1920,35
22970.jpg,1885,1880,-5
22975.jpg,1885,1900,15
22980.jpg,1885,1920,35
22985.jpg,1885,1850,-35
22990.jpg,1885,1970,85
22995.jpg,1885,1890,5
23000.jpg,1885,1850,-35
23005.jpg,1885,1910,25
23015.jpg,1885,1940,55
23020.jpg,1885,1890,5
23025.jpg,1885,1865,-20
23030.jpg,1885,1930,45
23035.jpg,1885,1930,45
23040.jpg,1885,19,-1866
23045.jpg,1885,1850,-35
23050.jpg,1885,1950,65
23055.jpg,1885,1850,-35
23060.jpg,1885,1900,15
23065.jpg,1885,1920,35
23070.jpg,1885,1912,27
23075.jpg,1885,2000,115
23080.jpg,1885,1920,35
23085.jpg,1886,1940,54
23090.jpg,1886,1910,24
23095.jpg,1886,1880,-6
23100.jpg,1886,1890,4
23105.jpg,1886,1909,23
23110.jpg,1886,1980,94
23115.jpg,1886,1890,4
23120.jpg,1886,1804,-82
23125.jpg,1886,1920,34
23130.jpg,1886,1970,84
23135.jpg,1886,1972,86
23140.jpg,1886,2010,124
23145.jpg,1886,1850,-36
23150.jpg,1886,1949,63
23155.jpg,1886,1895,9
23160.jpg,1886,1870,-16
23165.jpg,1886,1899,13
23170.jpg,1886,1860,-26
23175.jpg,1886,1850,-36
23180.jpg,1886,1895,9
23185.jpg,1886,1901,15
23190.jpg,1886,1920,34
23195.jpg,1886,1920,34
23200.jpg,1886,1875,-11
23205.jpg,1886,1880,-6
23210.jpg,1886,1919,33
23215.jpg,1886,1870,-16
23220.jpg,1886,1880,-6
23225.jpg,1886,1910,24
23230.jpg,1886,1850,-36
23235.jpg,1886,1850,-36
23240.jpg,1886,1900,14
23245.jpg,1886,1895,9
23250.jpg,1886,1890,4
23255.jpg,1886,1820,-66
23260.jpg,1886,1920,34
23265.jpg,1886,1930,44
23275.jpg,1886,1940,54
23280.jpg,1886,1950,64
23285.jpg,1886,1875,-11
23290.jpg,1886,1990,104
23295.jpg,1886,1910,24
23300.jpg,1886,1920,34
23305.jpg,1886,1860,-26
23310.jpg,1886,1897,11
23315.jpg,1886,1920,34
23320.jpg,1886,1854,-32
23325.jpg,1886,1910,24
23330.jpg,1886,1935,49
23335.jpg,1886,1925,39
23340.jpg,1886,1890,4
23345.jpg,1886,1880,-6
23350.jpg,1886,1833,-53
23355.jpg,1886,1910,24
23365.jpg,1886,1995,109
23370.jpg,1886,1905,19
23375.jpg,1887,1945,58
23380.jpg,1887,1940,53
23385.jpg,1887,1950,63
23390.jpg,1887,1912,25
23395.jpg,1887,1882,-5
23400.jpg,1887,1860,-27
23410.jpg,1887,1850,-37
23415.jpg,1887,1900,13
23420.jpg,1887,1895,8
23425.jpg,1887,1920,33
23430.jpg,1887,1900,13
23440.jpg,1887,1934,47
23445.jpg,1887,1892,5
23450.jpg,1887,1800,-87
23460.jpg,1887,1930,43
23465.jpg,1887,1785,-102
23470.jpg,1887,1920,33
23475.jpg,1887,1940,53
23480.jpg,1887,1920,33
23485.jpg,1887,1900,13
23490.jpg,1887,1850,-37
23495.jpg,1887,1900,13
23500.jpg,1887,1950,63
23505.jpg,1887,1930,43
23510.jpg,1887,1850,-37
23515.jpg,1887,1890,3
23520.jpg,1887,1895,8
23525.jpg,1887,1920,33
23535.jpg,1887,1945,58
23540.jpg,1887,1890,3
23545.jpg,1887,1930,43
23550.jpg,1887,1860,-27
23555.jpg,1887,1930,43
23560.jpg,1887,1910,23
23565.jpg,1887,1880,-7
23570.jpg,1887,1857,-30
23575.jpg,1887,1912,25
23580.jpg,1887,1895,8
23585.jpg,1887,1890,3
23590.jpg,1887,1985,98
23595.jpg,1887,1890,3
23600.jpg,1887,1900,13
23605.jpg,1887,1880,-7
23610.jpg,1887,1868,-19
23615.jpg,1887,1960,73
23620.jpg,1887,1910,23
23625.jpg,1887,1920,33
23630.jpg,1887,1900,13
23635.jpg,1887,1920,33
23640.jpg,1887,1930,43
23645.jpg,1887,1920,33
23650.jpg,1887,1872,-15
23660.jpg,1887,1920,33
23665.jpg,1887,1895,8
23670.jpg,1887,1857,-30
23675.jpg,1887,1894,7
23680.jpg,1887,1920,33
23690.jpg,1887,1920,33
23695.jpg,1887,1930,43
23700.jpg,1888,1928,40
23705.jpg,1888,1930,42
23710.jpg,1888,1880,-8
23715.jpg,1888,1850,-38
23720.jpg,1888,1949,61
23725.jpg,1888,1909,21
23730.jpg,1888,1890,2
23735.jpg,1888,1850,-38
23740.jpg,1888,1925,37
23745.jpg,1888,1890,2
23750.jpg,1888,1940,52
23755.jpg,1888,2010,122
23760.jpg,1888,18,-1870
23765.jpg,1888,1850,-38
23770.jpg,1888,1923,35
23775.jpg,1888,2000,112
23790.jpg,1888,1870,-18
23795.jpg,1888,1900,12
23800.jpg,1888,1870,-18
23805.jpg,1888,1890,2
23810.jpg,1888,1750,-138
23815.jpg,1888,1880,-8
23820.jpg,1888,1850,-38
23825.jpg,1888,1900,12
23830.jpg,1888,1902,14
23835.jpg,1888,1890,2
23840.jpg,1888,1900,12
23850.jpg,1888,1880,-8
23855.jpg,1888,1890,2
23860.jpg,1888,1895,7
23865.jpg,1888,1850,-38
23870.jpg,1888,1850,-38
23875.jpg,1888,1920,32
23880.jpg,1888,1920,32
23885.jpg,1888,1915,27
23890.jpg,1888,1845,-43
23895.jpg,1888,1895,7
23900.jpg,1888,1860,-28
23905.jpg,1888,1920,32
23910.jpg,1888,1920,32
23915.jpg,1888,1920,32
23920.jpg,1888,1930,42
23925.jpg,1888,1890,2
23930.jpg,1888,1890,2
23935.jpg,1888,1885,-3
23940.jpg,1888,1898,10
23945.jpg,1888,1920,32
23950.jpg,1888,1920,32
23955.jpg,1888,1880,-8
23960.jpg,1888,1930,42
23965.jpg,1888,1883,-5
23970.jpg,1888,1912,24
23975.jpg,1888,1920,32
23980.jpg,1888,1870,-18
23985.jpg,1888,1920,32
23990.jpg,1888,1985,97
23995.jpg,1888,1581,-307
24000.jpg,1888,1895,7
24005.jpg,1888,1950,62
24010.jpg,1888,1899,11
24015.jpg,1888,1920,32
24020.jpg,1888,1750,-138
24025.jpg,1888,1901,13
24030.jpg,1888,1870,-18
24035.jpg,1888,1835,-53
24040.jpg,1888,2000,112
24050.jpg,1889,1920,31
24055.jpg,1889,1850,-39
24060.jpg,1889,1894,5
24065.jpg,1889,1894,5
24070.jpg,1889,1910,21
24075.jpg,1889,1890,1
24080.jpg,1889,1910,21
24085.jpg,1889,1920,31
24090.jpg,1889,1940,51
24095.jpg,1889,1905,16
24105.jpg,1889,1920,31
24110.jpg,1889,1920,31
24115.jpg,1889,1910,21
24120.jpg,1889,1890,1
24125.jpg,1889,1883,-6
24130.jpg,1889,1900,11
24135.jpg,1889,1885,-4
24140.jpg,1889,1935,46
24145.jpg,1889,1893,4
24150.jpg,1889,1920,31
24155.jpg,1889,1950,61
24160.jpg,1889,1930,41
24165.jpg,1889,1880,-9
24170.jpg,1889,1920,31
24175.jpg,1889,1930,41
24180.jpg,1889,1920,31
24185.jpg,1889,1930,41
24190.jpg,1889,1920,31
24195.jpg,1889,1880,-9
24200.jpg,1889,1910,21
24205.jpg,1889,1910,21
24210.jpg,1889,1890,1
24215.jpg,1889,1850,-39
24220.jpg,1889,1890,1
24225.jpg,1889,1880,-9
24230.jpg,1889,1915,26
24235.jpg,1889,1947,58
24240.jpg,1889,1867,-22
24245.jpg,1889,1906,17
24250.jpg,1889,1880,-9
24255.jpg,1889,1880,-9
24260.jpg,1889,1912,23
24265.jpg,1889,1895,6
24270.jpg,1889,1880,-9
24275.jpg,1889,1885,-4
24280.jpg,1889,1950,61
24285.jpg,1889,1897,8
24290.jpg,1889,1895,6
24295.jpg,1889,1855,-34
24300.jpg,1889,1850,-39
24310.jpg,1889,1890,1
24315.jpg,1889,1850,-39
24320.jpg,1889,1500,-389
24330.jpg,1889,1920,31
24335.jpg,1889,1972,83
24340.jpg,1889,1950,61
24345.jpg,1889,1900,11
24350.jpg,1889,1875,-14
24355.jpg,1889,1900,11
24360.jpg,1889,1985,96
24365.jpg,1889,1925,36
24370.jpg,1889,1879,-10
24375.jpg,1889,1880,-9
24380.jpg,1889,1925,36
24385.jpg,1889,1920,31
24390.jpg,1889,1890,1
24395.jpg,1890,1800,-90
24400.jpg,1890,1900,10
24405.jpg,1890,1920,30
24410.jpg,1890,1850,-40
24415.jpg,1890,1914,24
24420.jpg,1890,1920,30
24425.jpg,1890,1890,0
24430.jpg,1890,1935,45
24435.jpg,1890,1912,22
24440.jpg,1890,1935,45
24445.jpg,1890,1950,60
24450.jpg,1890,1890,0
24455.jpg,1890,1855,-35
24460.jpg,1890,1920,30
24465.jpg,1890,-1,-1891
24470.jpg,1890,1965,75
24475.jpg,1890,1911,21
24480.jpg,1890,1920,30
24485.jpg,1890,1952,62
24490.jpg,1890,300,-1590
24495.jpg,1890,1878,-12
24500.jpg,1890,1923,33
24505.jpg,1890,1950,60
24510.jpg,1890,1960,70
24515.jpg,1890,1930,40
24520.jpg,1890,1947,57
24525.jpg,1890,1950,60
24535.jpg,1890,1910,20
24540.jpg,1890,1890,0
24545.jpg,1890,1950,60
24550.jpg,1890,1915,25
24555.jpg,1890,1950,60
24560.jpg,1890,1920,30
24565.jpg,1890,1875,-15
24570.jpg,1890,1860,-30
24575.jpg,1890,1900,10
24580.jpg,1890,1890,0
24585.jpg,1890,1920,30
24590.jpg,1890,1885,-5
24595.jpg,1890,1890,0
24600.jpg,1890,1860,-30
24605.jpg,1890,1870,-20
24610.jpg,1890,1852,-38
24615.jpg,1890,1915,25
24620.jpg,1890,1970,80
24625.jpg,1890,1890,0
24630.jpg,1890,1870,-20
24635.jpg,1890,1890,0
24640.jpg,1890,1910,20
24645.jpg,1890,1890,0
24650.jpg,1890,1870,-20
24655.jpg,1890,1875,-15
24660.jpg,1890,1900,10
24665.jpg,1890,1890,0
24670.jpg,1890,1887,-3
24675.jpg,1890,1890,0
24680.jpg,1890,1896,6
24685.jpg,1890,1919,29
24690.jpg,1890,1900,10
24695.jpg,1890,1880,-10
24700.jpg,1890,1923,33
24705.jpg,1890,1945,55
24710.jpg,1890,1930,40
24715.jpg,1890,1870,-20
24720.jpg,1890,1895,5
24725.jpg,1890,1900,10
24730.jpg,1890,1950,60
24735.jpg,1890,1950,60
24740.jpg,1890,1920,30
24745.jpg,1890,1882,-8
24750.jpg,1890,1941,51
24755.jpg,1890,1889,-1
24760.jpg,1890,1890,0
24765.jpg,1890,1985,95
24770.jpg,1890,1890,0
24775.jpg,1891,1850,-41
24780.jpg,1891,1900,9
24785.jpg,1891,1893,2
24790.jpg,1891,1920,29
24795.jpg,1891,1850,-41
24800.jpg,1891,1830,-61
24805.jpg,1891,1920,29
24810.jpg,1891,1965,74
24815.jpg,1891,1750,-141
24820.jpg,1891,1890,-1
24825.jpg,1891,1880,-11
24830.jpg,1891,1905,14
24835.jpg,1891,1920,29
24840.jpg,1891,1895,4
24845.jpg,1891,1888,-3
24850.jpg,1891,1920,29
24855.jpg,1891,1980,89
24860.jpg,1891,1880,-11
24865.jpg,1891,1925,34
24870.jpg,1891,1992,101
24875.jpg,1891,1953,62
24880.jpg,1891,1925,34
24885.jpg,1891,1895,4
24890.jpg,1891,1880,-11
24895.jpg,1891,1920,29
24900.jpg,1891,1860,-31
24905.jpg,1891,1920,29
24910.jpg,1891,1893,2
24915.jpg,1891,1903,12
24920.jpg,1891,1950,59
24925.jpg,1891,1876,-15
24930.jpg,1891,1955,64
24935.jpg,1891,1910,19
24940.jpg,1891,1895,4
24945.jpg,1891,1960,69
24950.jpg,1891,1850,-41
24955.jpg,1891,1980,89
24960.jpg,1891,1890,-1
24965.jpg,1891,1945,54
24970.jpg,1891,1920,29
24975.jpg,1891,1900,9
24980.jpg,1891,1920,29
24985.jpg,1891,1850,-41
24990.jpg,1891,1855,-36
24995.jpg,1891,1890,-1
25000.jpg,1891,1890,-1
25005.jpg,1891,1910,19
25010.jpg,1891,1895,4
25015.jpg,1891,1890,-1
25020.jpg,1891,1885,-6
25025.jpg,1891,1960,69
25030.jpg,1891,1880,-11
25035.jpg,1891,1355,-536
25040.jpg,1891,1875,-16
25045.jpg,1891,1920,29
25050.jpg,1891,1880,-11
25055.jpg,1891,1920,29
25060.jpg,1891,1910,19
25065.jpg,1891,1950,59
25070.jpg,1891,1890,-1
25075.jpg,1891,1900,9
25080.jpg,1891,1945,54
25085.jpg,1891,1883,-8
25090.jpg,1891,1937,46
25095.jpg,1892,1901,9
25100.jpg,1892,2005,113
25105.jpg,1892,2005,113
25115.jpg,1892,1920,28
25120.jpg,1892,1895,3
25125.jpg,1892,1920,28
25130.jpg,1892,1875,-17
25135.jpg,1892,1984,92
25140.jpg,1892,1880,-12
25145.jpg,1892,1895,3
25150.jpg,1892,1965,73
25155.jpg,1892,1930,38
25160.jpg,1892,1923,31
25165.jpg,1892,1950,58
25170.jpg,1892,1920,28
25175.jpg,1892,1912,20
25180.jpg,1892,1970,78
25185.jpg,1892,1945,53
25190.jpg,1892,1926,34
25195.jpg,1892,1911,19
25205.jpg,1892,1950,58
25210.jpg,1892,1890,-2
25215.jpg,1892,1890,-2
25220.jpg,1892,1910,18
25225.jpg,1892,1800,-92
25230.jpg,1892,1850,-42
25235.jpg,1892,1880,-12
25240.jpg,1892,1900,8
25245.jpg,1892,1910,18
25250.jpg,1892,1890,-2
25255.jpg,1892,1920,28
25260.jpg,1892,1910,18
25265.jpg,1892,1890,-2
25270.jpg,1892,1945,53
25275.jpg,1892,1920,28
25280.jpg,1892,1890,-2
25285.jpg,1892,1900,8
25290.jpg,1892,1890,-2
25295.jpg,1892,1890,-2
25300.jpg,1892,1920,28
25305.jpg,1892,1925,33
25310.jpg,1892,1870,-22
25315.jpg,1892,1890,-2
25320.jpg,1892,1870,-22
25325.jpg,1892,1897,5
25330.jpg,1892,1900,8
25335.jpg,1892,1920,28
25340.jpg,1892,1895,3
25345.jpg,1892,1905,13
25350.jpg,1892,1910,18
25355.jpg,1892,1885,-7
25360.jpg,1892,1912,20
25365.jpg,1892,1890,-2
25370.jpg,1892,1920,28
25375.jpg,1892,1885,-7
25380.jpg,1892,1913,21
25385.jpg,1892,1870,-22
25390.jpg,1892,1850,-42
25395.jpg,1892,1905,13
25400.jpg,1892,1970,78
25405.jpg,1892,1902,10
25410.jpg,1892,1935,43
25415.jpg,1892,1850,-42
25420.jpg,1892,1900,8
25425.jpg,1892,1920,28
25430.jpg,1892,1950,58
25435.jpg,1892,1895,3
25440.jpg,1892,1948,56
25445.jpg,1892,1943,51
25450.jpg,1892,1900,8
25455.jpg,1892,1908,16
25460.jpg,1892,1880,-12
25465.jpg,1893,2000,107
25470.jpg,1893,1850,-43
25475.jpg,1893,1920,27
25480.jpg,1893,1970,77
25490.jpg,1893,1885,-8
25495.jpg,1893,1850,-43
25500.jpg,1893,1890,-3
25505.jpg,1893,1920,27
25510.jpg,1893,1920,27
25515.jpg,1893,1895,2
25520.jpg,1893,1920,27
25525.jpg,1893,1923,30
25530.jpg,1893,1915,22
25535.jpg,1893,1950,57
25540.jpg,1893,1875,-18
25545.jpg,1893,1925,32
25555.jpg,1893,1885,-8
25560.jpg,1893,1920,27
25565.jpg,1893,1948,55
25570.jpg,1893,1965,72
25575.jpg,1893,1920,27
25580.jpg,1893,1890,-3
25585.jpg,1893,1920,27
25590.jpg,1893,1920,27
25595.jpg,1893,1970,77
25600.jpg,1893,1900,7
25605.jpg,1893,1910,17
25610.jpg,1893,1895,2
25615.jpg,1893,1900,7
25620.jpg,1893,1850,-43
25625.jpg,1893,1880,-13
25630.jpg,1893,1920,27
25635.jpg,1893,1890,-3
25640.jpg,1893,1970,77
25645.jpg,1893,1850,-43
25650.jpg,1893,1920,27
25655.jpg,1893,1850,-43
25660.jpg,1893,1883,-10
25665.jpg,1893,1910,17
25670.jpg,1893,1920,27
25675.jpg,1893,1890,-3
25680.jpg,1893,1920,27
25685.jpg,1893,1910,17
25690.jpg,1893,1910,17
25695.jpg,1893,1919,26
25700.jpg,1893,1950,57
25705.jpg,1893,1910,17
25710.jpg,1893,1930,37
25715.jpg,1893,1890,-3
25720.jpg,1893,1885,-8
25725.jpg,1893,1920,27
25730.jpg,1893,1875,-18
25740.jpg,1893,1895,2
25745.jpg,1893,1890,-3
25750.jpg,1893,1890,-3
25755.jpg,1893,1895,2
25760.jpg,1893,1904,11
25765.jpg,1893,2010,117
25770.jpg,1893,1930,37
25775.jpg,1893,1898,5
25780.jpg,1893,1880,-13
25785.jpg,1893,1895,2
25795.jpg,1893,1920,27
25800.jpg,1893,1895,2
25805.jpg,1894,1970,76
25810.jpg,1894,1850,-44
25815.jpg,1894,1905,11
25820.jpg,1894,1920,26
25825.jpg,1894,1880,-14
25830.jpg,1894,1890,-4
25835.jpg,1894,1895,1
25840.jpg,1894,1891,-3
25845.jpg,1894,1912,18
25850.jpg,1894,1900,6
25855.jpg,1894,1900,6
25860.jpg,1894,1925,31
25865.jpg,1894,1930,36
25870.jpg,1894,1850,-44
25875.jpg,1894,1890,-4
25880.jpg,1894,1907,13
25885.jpg,1894,1920,26
25890.jpg,1894,1934,40
25895.jpg,1894,1880,-14
25900.jpg,1894,1863,-31
25905.jpg,1894,1925,31
25910.jpg,1894,1950,56
25915.jpg,1894,1920,26
25920.jpg,1894,1870,-24
25925.jpg,1894,1900,6
25930.jpg,1894,1950,56
25935.jpg,1894,1890,-4
25940.jpg,1894,1895,1
25945.jpg,1894,1855,-39
25950.jpg,1894,1925,31
25955.jpg,1894,1910,16
25960.jpg,1894,1910,16
25965.jpg,1894,1890,-4
25970.jpg,1894,1920,26
25975.jpg,1894,1920,26
25980.jpg,1894,1920,26
25985.jpg,1894,1895,1
25990.jpg,1894,1920,26
25995.jpg,1894,1895,1
26000.jpg,1894,1920,26
26005.jpg,1894,1920,26
26010.jpg,1894,1899,5
26015.jpg,1894,1890,-4
26020.jpg,1894,2010,116
26025.jpg,1894,1895,1
26030.jpg,1894,1890,-4
26035.jpg,1894,1850,-44
26040.jpg,1894,1950,56
26045.jpg,1894,1890,-4
26050.jpg,1894,1890,-4
26055.jpg,1894,1895,1
26060.jpg,1894,1800,-94
26065.jpg,1894,1915,21
26070.jpg,1894,1880,-14
26075.jpg,1894,1875,-19
26085.jpg,1894,1935,41
26090.jpg,1894,1890,-4
26095.jpg,1894,1860,-34
26100.jpg,1894,1920,26
26105.jpg,1894,1820,-74
26110.jpg,1894,1885,-9
26115.jpg,1894,1920,26
26120.jpg,1894,1910,16
26125.jpg,1895,1890,-5
26130.jpg,1895,2010,115
26135.jpg,1895,1890,-5
26140.jpg,1895,1920,25
26145.jpg,1895,1895,0
26150.jpg,1895,1900,5
26155.jpg,1895,1800,-95
26160.jpg,1895,1888,-7
26165.jpg,1895,1876,-19
26170.jpg,1895,1890,-5
26175.jpg,1895,1910,15
26180.jpg,1895,2016,121
26185.jpg,1895,1940,45
26190.jpg,1895,1909,14
26195.jpg,1895,1895,0
26200.jpg,1895,1920,25
26205.jpg,1895,1850,-45
26210.jpg,1895,1908,13
26215.jpg,1895,1935,40
26220.jpg,1895,1912,17
26225.jpg,1895,1915,20
26230.jpg,1895,1920,25
26235.jpg,1895,1920,25
26240.jpg,1895,2014,119
26245.jpg,1895,1750,-145
26250.jpg,1895,1919,24
26255.jpg,1895,1890,-5
26260.jpg,1895,1880,-15
26265.jpg,1895,1865,-30
26270.jpg,1895,1860,-35
26275.jpg,1895,1890,-5
26280.jpg,1895,1860,-35
26285.jpg,1895,1860,-35
26290.jpg,1895,1950,55
26295.jpg,1895,1930,35
26300.jpg,1895,1890,-5
26305.jpg,1895,1940,45
26310.jpg,1895,1920,25
26315.jpg,1895,1870,-25
26320.jpg,1895,1890,-5
26325.jpg,1895,1920,25
26330.jpg,1895,1930,35
26335.jpg,1895,1924,29
26340.jpg,1895,1925,30
26345.jpg,1895,1830,-65
26350.jpg,1895,1900,5
26355.jpg,1895,1910,15
26360.jpg,1895,1890,-5
26365.jpg,1895,1900,5
26370.jpg,1895,1890,-5
26375.jpg,1895,1880,-15
26380.jpg,1895,1920,25
26385.jpg,1895,1850,-45
26390.jpg,1895,1909,14
26395.jpg,1895,1850,-45
26405.jpg,1895,1930,35
26410.jpg,1895,1930,35
26415.jpg,1895,1893,-2
26420.jpg,1895,1925,30
26425.jpg,1895,1920,25
26430.jpg,1895,1932,37
26435.jpg,1895,1828,-67
26440.jpg,1895,1800,-95
26445.jpg,1895,1900,5
26450.jpg,1895,1908,13
26455.jpg,1895,1930,35
26460.jpg,1895,1795,-100
26465.jpg,1895,1862,-33
26470.jpg,1895,1910,15
26475.jpg,1895,1903,8
26480.jpg,1895,1850,-45
26485.jpg,1895,1864,-31
26490.jpg,1896,1910,14
26495.jpg,1896,1900,4
26500.jpg,1896,1870,-26
26505.jpg,1896,1915,19
26510.jpg,1896,1935,39
26515.jpg,1896,1850,-46
26520.jpg,1896,1880,-16
26525.jpg,1896,1908,12
26530.jpg,1896,1940,44
26535.jpg,1896,1950,54
26540.jpg,1896,1880,-16
26545.jpg,1896,1890,-6
26550.jpg,1896,1970,74
26555.jpg,1896,1930,34
26560.jpg,1896,1935,39
26565.jpg,1896,1950,54
26570.jpg,1896,1893,-3
26575.jpg,1896,1900,4
26580.jpg,1896,1920,24
26585.jpg,1896,1890,-6
26590.jpg,1896,1880,-16
26595.jpg,1896,1950,54
26600.jpg,1896,1910,14
26605.jpg,1896,1910,14
26610.jpg,1896,1890,-6
26620.jpg,1896,1875,-21
26625.jpg,1896,1880,-16
26630.jpg,1896,1920,24
26635.jpg,1896,1880,-16
26640.jpg,1896,1905,9
26645.jpg,1896,1895,-1
26650.jpg,1896,1922,26
26655.jpg,1896,1920,24
26665.jpg,1896,1890,-6
26670.jpg,1896,1985,89
26675.jpg,1896,1890,-6
26680.jpg,1896,1890,-6
26685.jpg,1896,1895,-1
26690.jpg,1896,1910,14
26695.jpg,1896,1895,-1
26700.jpg,1896,1870,-26
26705.jpg,1896,1875,-21
26710.jpg,1896,1910,14
26715.jpg,1896,1885,-11
26720.jpg,1896,1920,24
26725.jpg,1896,1870,-26
26730.jpg,1896,1890,-6
26735.jpg,1896,1890,-6
26740.jpg,1896,1875,-21
26745.jpg,1896,1945,49
26750.jpg,1896,1914,18
26760.jpg,1896,1825,-71
26765.jpg,1896,1950,54
26770.jpg,1896,1920,24
26775.jpg,1896,1930,34
26780.jpg,1896,1910,14
26785.jpg,1896,1920,24
26790.jpg,1896,1850,-46
26795.jpg,1896,1925,29
26800.jpg,1896,1980,84
26805.jpg,1896,1375,-521
26810.jpg,1896,1927,31
26815.jpg,1896,1896,0
26820.jpg,1896,1837,-59
26825.jpg,1896,1902,6
26830.jpg,1896,1880,-16
26835.jpg,1896,1925,29
26840.jpg,1896,1965,69
26845.jpg,1897,1920,23
26850.jpg,1897,1920,23
26855.jpg,1897,1898,1
26860.jpg,1897,1920,23
26865.jpg,1897,1915,18
26870.jpg,1897,1880,-17
26875.jpg,1897,1900,3
26880.jpg,1897,1900,3
26885.jpg,1897,1920,23
26890.jpg,1897,1885,-12
26895.jpg,1897,1915,18
26900.jpg,1897,1925,28
26910.jpg,1897,1850,-47
26915.jpg,1897,1890,-7
26920.jpg,1897,1925,28
26925.jpg,1897,1978,81
26930.jpg,1897,1875,-22
26935.jpg,1897,1895,-2
26940.jpg,1897,1890,-7
26945.jpg,1897,1960,63
26950.jpg,1897,1900,3
26955.jpg,1897,1840,-57
26960.jpg,1897,1900,3
26965.jpg,1897,1865,-32
26970.jpg,1897,1950,53
26975.jpg,1897,1950,53
26980.jpg,1897,1890,-7
26985.jpg,1897,1945,48
26990.jpg,1897,1920,23
26995.jpg,1897,1870,-27
27000.jpg,1897,1910,13
27005.jpg,1897,1890,-7
27010.jpg,1897,1910,13
27015.jpg,1897,1950,53
27020.jpg,1897,1925,28
27025.jpg,1897,1900,3
27030.jpg,1897,1875,-22
27035.jpg,1897,1945,48
27040.jpg,1897,1928,31
27045.jpg,1897,1915,18
27050.jpg,1897,1945,48
27055.jpg,1897,1920,23
27060.jpg,1897,2000,103
27065.jpg,1897,1890,-7
27070.jpg,1897,1950,53
27075.jpg,1897,1948,51
27080.jpg,1897,1860,-37
27085.jpg,1897,1861,-36
27090.jpg,1897,1900,3
27095.jpg,1897,1870,-27
27100.jpg,1897,1890,-7
27105.jpg,1897,1910,13
27110.jpg,1897,1500,-397
27115.jpg,1897,1939,42
27120.jpg,1897,1995,98
27125.jpg,1897,1900,3
27130.jpg,1897,2000,103
27135.jpg,1897,1904,7
27140.jpg,1897,1928,31
27145.jpg,1897,1844,-53
27150.jpg,1897,1850,-47
27155.jpg,1898,1890,-8
27160.jpg,1898,1896,-2
27165.jpg,1898,1910,12
27170.jpg,1898,1852,-46
27175.jpg,1898,1895,-3
27180.jpg,1898,1859,-39
27185.jpg,1898,1920,22
27190.jpg,1898,1870,-28
27195.jpg,1898,1933,35
27200.jpg,1898,1980,82
27205.jpg,1898,1940,42
27210.jpg,1898,1907,9
27215.jpg,1898,2000,102
27220.jpg,1898,1960,62
27225.jpg,1898,1910,12
27230.jpg,1898,1920,22
27235.jpg,1898,1920,22
27240.jpg,1898,1850,-48
27245.jpg,1898,1900,2
27255.jpg,1898,1920,22
27260.jpg,1898,1891,-7
27265.jpg,1898,1970,72
27270.jpg,1898,1895,-3
27275.jpg,1898,1880,-18
27280.jpg,1898,1850,-48
27285.jpg,1898,1910,12
27290.jpg,1898,1930,32
27295.jpg,1898,1865,-33
27300.jpg,1898,1910,12
27305.jpg,1898,1930,32
27310.jpg,1898,1950,52
27315.jpg,1898,1850,-48
27320.jpg,1898,1890,-8
27325.jpg,1898,1950,52
27330.jpg,1898,1870,-28
27335.jpg,1898,1890,-8
27340.jpg,1898,1860,-38
27345.jpg,1898,1880,-18
27350.jpg,1898,1799,-99
27355.jpg,1898,1900,2
27360.jpg,1898,1985,87
27365.jpg,1898,1880,-18
27370.jpg,1898,1900,2
27380.jpg,1898,1895,-3
27385.jpg,1898,1920,22
27390.jpg,1898,1920,22
27395.jpg,1898,1890,-8
27400.jpg,1898,1910,12
27405.jpg,1898,1940,42
27410.jpg,1898,1939,41
27415.jpg,1898,1895,-3
27420.jpg,1898,1890,-8
27425.jpg,1898,1880,-18
27430.jpg,1898,1896,-2
27435.jpg,1898,1835,-63
27440.jpg,1898,1889,-9
27445.jpg,1898,1915,17
27450.jpg,1898,1920,22
27455.jpg,1898,1975,77
27465.jpg,1898,1900,2
27470.jpg,1898,1895,-3
27475.jpg,1898,1920,22
27480.jpg,1898,1905,7
27485.jpg,1898,1870,-28
27490.jpg,1898,1880,-18
27495.jpg,1898,1908,10
27500.jpg,1898,1925,27
27505.jpg,1898,1895,-3
27510.jpg,1898,1890,-8
27515.jpg,1898,1800,-98
27520.jpg,1898,1873,-25
27525.jpg,1898,2000,102
27530.jpg,1898,1895,-3
27540.jpg,1899,1909,10
27545.jpg,1899,1935,36
27550.jpg,1899,1970,71
27555.jpg,1899,1890,-9
27560.jpg,1899,1910,11
27565.jpg,1899,1930,31
27570.jpg,1899,1000,-899
27575.jpg,1899,1945,46
27580.jpg,1899,1900,1
27585.jpg,1899,1920,21
27590.jpg,1899,1875,-24
27595.jpg,1899,1894,-5
27600.jpg,1899,1920,21
27605.jpg,1899,1920,21
27610.jpg,1899,1960,61
27615.jpg,1899,1900,1
27620.jpg,1899,1899,0
27625.jpg,1899,1950,51
27630.jpg,1899,1955,56
27635.jpg,1899,19,-1880
27640.jpg,1899,1973,74
27645.jpg,1899,1950,51
27650.jpg,1899,1908,9
27655.jpg,1899,1898,-1
27660.jpg,1899,1890,-9
27665.jpg,1899,1895,-4
27670.jpg,1899,1950,51
27675.jpg,1899,1920,21
27680.jpg,1899,1532,-367
27685.jpg,1899,1890,-9
27690.jpg,1899,1924,25
27695.jpg,1899,1900,1
27700.jpg,1899,1895,-4
27705.jpg,1899,1890,-9
27715.jpg,1899,1890,-9
27720.jpg,1899,1924,25
27725.jpg,1899,1901,2
27730.jpg,1899,1975,76
27735.jpg,1899,1920,21
27740.jpg,1899,1986,87
27745.jpg,1899,1860,-39
27750.jpg,1899,1920,21
27755.jpg,1899,1910,11
27760.jpg,1899,1845,-54
27765.jpg,1899,1925,26
27770.jpg,1899,1850,-49
27775.jpg,1899,1890,-9
27780.jpg,1899,1940,41
27785.jpg,1899,1930,31
27790.jpg,1899,1902,3
27795.jpg,1899,1920,21
27800.jpg,1899,1910,11
27805.jpg,1899,1920,21
27810.jpg,1900,1912,12
27815.jpg,1900,1905,5
27820.jpg,1900,1874,-26
27825.jpg,1900,1783,-117
27830.jpg,1900,1920,20
27835.jpg,1900,1985,85
27840.jpg,1900,1901,1
27845.jpg,1900,1875,-25
27850.jpg,1900,1945,45
27855.jpg,1900,1919,19
27860.jpg,1900,1875,-25
27865.jpg,1900,1884,-16
27870.jpg,1900,1900,0
27875.jpg,1900,1950,50
27880.jpg,1900,1920,20
27885.jpg,1900,1875,-25
27895.jpg,1900,1900,0
27900.jpg,1900,1897,-3
27905.jpg,1900,1900,0
27910.jpg,1900,1820,-80
27915.jpg,1900,1920,20
27920.jpg,1900,1910,10
27925.jpg,1900,1930,30
27930.jpg,1900,2010,110
27935.jpg,1900,1920,20
27940.jpg,1900,1875,-25
27945.jpg,1900,1930,30
27950.jpg,1900,1925,25
27955.jpg,1900,1900,0
27960.jpg,1900,1840,-60
27965.jpg,1900,1972,72
27970.jpg,1900,1850,-50
27975.jpg,1900,1880,-20
27980.jpg,1900,1910,10
27985.jpg,1900,1850,-50
27990.jpg,1900,1920,20
27995.jpg,1900,1890,-10
28000.jpg,1900,1890,-10
28005.jpg,1900,1900,0
28010.jpg,1900,1895,-5
28015.jpg,1900,1845,-55
28020.jpg,1900,1950,50
28025.jpg,1900,1890,-10
28030.jpg,1900,1870,-30
28035.jpg,1900,1850,-50
28040.jpg,1900,1850,-50
28045.jpg,1900,1910,10
28050.jpg,1900,1850,-50
28055.jpg,1900,1830,-70
28060.jpg,1900,1930,30
28065.jpg,1900,1900,0
28070.jpg,1900,1920,20
28075.jpg,1900,1850,-50
28080.jpg,1900,1950,50
28085.jpg,1900,1850,-50
28090.jpg,1900,1940,40
28095.jpg,1900,1750,-150
28100.jpg,1900,1915,15
28105.jpg,1900,1900,0
28110.jpg,1900,1915,15
28115.jpg,1900,1920,20
28120.jpg,1900,1980,80
28125.jpg,1900,1904,4
28130.jpg,1900,1900,0
28135.jpg,1900,1925,25
28140.jpg,1900,1895,-5
28145.jpg,1900,1350,-550
28150.jpg,1900,1940,40
28155.jpg,1900,1920,20
28160.jpg,1900,1930,30
28165.jpg,1900,1950,50
28170.jpg,1900,1890,-10
28175.jpg,1900,1900,0
28180.jpg,1901,1750,-151
28185.jpg,1901,1925,24
28190.jpg,1901,1890,-11
28195.jpg,1901,1930,29
28200.jpg,1901,1950,49
28205.jpg,1901,1865,-36
28210.jpg,1901,1880,-21
28215.jpg,1901,1916,15
28220.jpg,1901,1900,-1
28225.jpg,1901,1895,-6
28230.jpg,1901,1903,2
28235.jpg,1901,1930,29
28240.jpg,1901,1928,27
28245.jpg,1901,1900,-1
28250.jpg,1901,1890,-11
28255.jpg,1901,1840,-61
28260.jpg,1901,1920,19
28265.jpg,1901,1910,9
28270.jpg,1901,1950,49
28275.jpg,1901,1945,44
28280.jpg,1901,1920,19
28285.jpg,1901,1908,7
28290.jpg,1901,1880,-21
28295.jpg,1901,1970,69
28300.jpg,1901,1931,30
28305.jpg,1901,1984,83
28310.jpg,1901,1913,12
28315.jpg,1901,1900,-1
28320.jpg,1901,1890,-11
28325.jpg,1901,1920,19
28330.jpg,1901,1895,-6
28335.jpg,1901,1890,-11
28340.jpg,1901,1850,-51
28345.jpg,1901,1920,19
28350.jpg,1901,1950,49
28355.jpg,1901,1900,-1
28360.jpg,1901,1860,-41
28365.jpg,1901,1895,-6
28370.jpg,1901,1920,19
28375.jpg,1901,1880,-21
28380.jpg,1901,1953,52
28385.jpg,1901,1910,9
28390.jpg,1901,1900,-1
28395.jpg,1901,1930,29
28400.jpg,1901,1850,-51
28405.jpg,1901,1960,59
28410.jpg,1901,1910,9
28415.jpg,1901,1910,9
28420.jpg,1901,1885,-16
28425.jpg,1901,1975,74
28430.jpg,1901,1895,-6
28435.jpg,1901,1890,-11
28440.jpg,1901,1895,-6
28445.jpg,1901,1945,44
28450.jpg,1901,1890,-11
28455.jpg,1901,1900,-1
28460.jpg,1901,1940,39
28465.jpg,1901,1911,10
28470.jpg,1901,1925,24
28475.jpg,1901,1920,19
28480.jpg,1901,1950,49
28485.jpg,1901,1872,-29
28490.jpg,1901,1948,47
28495.jpg,1901,1860,-41
28500.jpg,1901,1904,3
28505.jpg,1901,1902,1
28510.jpg,1901,1924,23
28515.jpg,1901,1900,-1
28520.jpg,1902,1932,30
28525.jpg,1902,1925,23
28530.jpg,1902,1865,-37
28535.jpg,1902,1920,18
28540.jpg,1902,1970,68
28545.jpg,1902,1995,93
28550.jpg,1902,1950,48
28555.jpg,1902,1930,28
28560.jpg,1902,1950,48
28575.jpg,1902,1920,18
28580.jpg,1902,1915,13
28585.jpg,1902,1890,-12
28590.jpg,1902,1850,-52
28595.jpg,1902,1880,-22
28600.jpg,1902,1890,-12
28605.jpg,1902,1857,-45
28610.jpg,1902,1920,18
28615.jpg,1902,1945,43
28620.jpg,1902,1930,28
28625.jpg,1902,1910,8
28630.jpg,1902,1920,18
28635.jpg,1902,1920,18
28640.jpg,1902,1930,28
28645.jpg,1902,1925,23
28650.jpg,1902,1876,-26
28655.jpg,1902,1820,-82
28660.jpg,1902,1919,17
28665.jpg,1902,1862,-40
28670.jpg,1902,1861,-41
28675.jpg,1902,1940,38
28680.jpg,1902,1829,-73
28685.jpg,1902,1895,-7
28690.jpg,1902,1890,-12
28695.jpg,1902,1910,8
28700.jpg,1902,1920,18
28705.jpg,1902,1920,18
28710.jpg,1902,1895,-7
28715.jpg,1902,1880,-22
28720.jpg,1902,1880,-22
28725.jpg,1902,1890,-12
28730.jpg,1902,1870,-32
28735.jpg,1902,1914,12
28740.jpg,1902,1920,18
28745.jpg,1902,1960,58
28750.jpg,1902,1890,-12
28755.jpg,1902,1910,8
28760.jpg,1902,1930,28
28765.jpg,1902,1930,28
28770.jpg,1902,1880,-22
28775.jpg,1902,1925,23
28780.jpg,1902,1880,-22
28785.jpg,1902,1920,18
28790.jpg,1902,1924,22
28795.jpg,1902,1900,-2
28800.jpg,1902,1962,60
28805.jpg,1902,1980,78
28810.jpg,1902,1850,-52
28815.jpg,1902,1890,-12
28820.jpg,1902,1885,-17
28825.jpg,1902,1890,-12
28830.jpg,1902,1850,-52
28835.jpg,1902,1880,-22
28840.jpg,1902,1850,-52
28845.jpg,1902,1950,48
28850.jpg,1902,1920,18
28855.jpg,1902,1860,-42
28860.jpg,1902,1885,-17
28865.jpg,1902,1900,-2
28870.jpg,1902,1920,18
28875.jpg,1902,1965,63
28880.jpg,1902,1900,-2
28885.jpg,1902,1890,-12
28890.jpg,1902,1950,48
28895.jpg,1902,1895,-7
28900.jpg,1902,1920,18
28905.jpg,1902,1920,18
28910.jpg,1902,1915,13
28915.jpg,1902,1865,-37
28920.jpg,1903,1919,16
28925.jpg,1903,1910,7
28930.jpg,1903,1900,-3
28935.jpg,1903,1964,61
28940.jpg,1903,1925,22
28945.jpg,1903,1913,10
28955.jpg,1903,1910,7
28960.jpg,1903,1876,-27
28965.jpg,1903,1895,-8
28970.jpg,1903,1910,7
28975.jpg,1903,1890,-13
28980.jpg,1903,1890,-13
28985.jpg,1903,1910,7
28990.jpg,1903,1930,27
28995.jpg,1903,1969,66
29000.jpg,1903,1920,17
29005.jpg,1903,1927,24
29010.jpg,1903,1910,7
29015.jpg,1903,1920,17
29020.jpg,1903,1910,7
29025.jpg,1903,1875,-28
29030.jpg,1903,1950,47
29035.jpg,1903,1900,-3
29040.jpg,1903,1910,7
29045.jpg,1903,1930,27
29050.jpg,1903,1966,63
29055.jpg,1903,1920,17
29060.jpg,1903,1890,-13
29065.jpg,1903,1873,-30
29070.jpg,1903,1920,17
29075.jpg,1903,1940,37
29080.jpg,1903,2010,107
29085.jpg,1903,1950,47
29090.jpg,1903,1890,-13
29095.jpg,1903,1806,-97
29100.jpg,1903,1980,77
29105.jpg,1903,1960,57
29110.jpg,1903,1950,47
29115.jpg,1903,1951,48
29120.jpg,1903,1880,-23
29125.jpg,1903,1880,-23
29130.jpg,1903,1870,-33
29135.jpg,1903,1890,-13
29140.jpg,1903,1940,37
29145.jpg,1903,1920,17
29150.jpg,1903,1920,17
29155.jpg,1903,1920,17
29160.jpg,1903,1890,-13
29165.jpg,1903,1920,17
29170.jpg,1903,1990,87
29175.jpg,1903,1880,-23
29180.jpg,1903,1875,-28
29185.jpg,1903,1920,17
29190.jpg,1903,1890,-13
29195.jpg,1903,1836,-67
29200.jpg,1903,1920,17
29205.jpg,1903,1935,32
29210.jpg,1903,1650,-253
29215.jpg,1903,1885,-18
29220.jpg,1903,1890,-13
29225.jpg,1903,1880,-23
29230.jpg,1903,1890,-13
29235.jpg,1903,1855,-48
29240.jpg,1903,1950,47
29245.jpg,1903,1920,17
29250.jpg,1903,1920,17
29255.jpg,1903,1850,-53
29260.jpg,1903,1940,37
29265.jpg,1903,1930,27
29270.jpg,1903,1910,7
29275.jpg,1903,1627,-276
29280.jpg,1903,1890,-13
29285.jpg,1903,1920,17
29290.jpg,1903,1885,-18
29295.jpg,1903,1890,-13
29300.jpg,1903,2000,97
29305.jpg,1903,1880,-23
29310.jpg,1903,1870,-33
29315.jpg,1903,1945,42
29320.jpg,1903,1980,77
29325.jpg,1903,1900,-3
29330.jpg,1903,1885,-18
29335.jpg,1903,1950,47
29340.jpg,1903,1850,-53
29345.jpg,1903,1903,0
29350.jpg,1903,1867,-36
29355.jpg,1903,2005,102
29360.jpg,1903,1900,-3
29365.jpg,1903,1940,37
29370.jpg,1903,1944,41
29375.jpg,1903,1890,-13
29380.jpg,1904,1840,-64
29385.jpg,1904,1920,16
29390.jpg,1904,1906,2
29395.jpg,1904,2015,111
29400.jpg,1904,1921,17
29405.jpg,1904,1930,26
29410.jpg,1904,1910,6
29415.jpg,1904,1936,32
29420.jpg,1904,1920,16
29425.jpg,1904,1910,6
29430.jpg,1904,1805,-99
29435.jpg,1904,1900,-4
29440.jpg,1904,1890,-14
29445.jpg,1904,1920,16
29450.jpg,1904,1920,16
29455.jpg,1904,1924,20
29460.jpg,1904,1900,-4
29465.jpg,1904,1970,66
29470.jpg,1904,1980,76
29475.jpg,1904,1836,-68
29480.jpg,1904,1978,74
29485.jpg,1904,1925,21
29490.jpg,1904,1939,35
29495.jpg,1904,1910,6
29500.jpg,1904,1975,71
29505.jpg,1904,1880,-24
29510.jpg,1904,1880,-24
29515.jpg,1904,1901,-3
29520.jpg,1904,1895,-9
29525.jpg,1904,1920,16
29530.jpg,1904,1900,-4
29535.jpg,1904,1847,-57
29540.jpg,1904,1920,16
29550.jpg,1904,2000,96
29555.jpg,1904,1915,11
29560.jpg,1904,1950,46
29565.jpg,1904,1894,-10
29570.jpg,1904,1858,-46
29575.jpg,1904,1950,46
29580.jpg,1904,1910,6
29585.jpg,1904,1890,-14
29590.jpg,1904,1950,46
29595.jpg,1904,1870,-34
29600.jpg,1904,1950,46
29605.jpg,1904,2000,96
29610.jpg,1904,1940,36
29615.jpg,1904,1850,-54
29620.jpg,1904,1890,-14
29625.jpg,1904,1896,-8
29630.jpg,1904,1894,-10
29635.jpg,1904,2018,114
29640.jpg,1904,1852,-52
29645.jpg,1904,1926,22
29650.jpg,1904,1850,-54
29655.jpg,1904,1890,-14
29660.jpg,1904,1920,16
29665.jpg,1904,1950,46
29670.jpg,1904,1910,6
29675.jpg,1904,1965,61
29680.jpg,1904,1890,-14
29685.jpg,1904,1870,-34
29690.jpg,1904,1920,16
29695.jpg,1904,1913,9
29700.jpg,1904,1920,16
29705.jpg,1904,1895,-9
29710.jpg,1904,1885,-19
29715.jpg,1904,1890,-14
29720.jpg,1904,1930,26
29725.jpg,1904,1950,46
29730.jpg,1904,1895,-9
29735.jpg,1904,1837,-67
29740.jpg,1904,1990,86
29745.jpg,1904,1940,36
29750.jpg,1904,1890,-14
29755.jpg,1904,1849,-55
29760.jpg,1904,1920,16
29765.jpg,1904,1860,-44
29770.jpg,1904,1955,51
29775.jpg,1904,1970,66
29780.jpg,1904,1904,0
29790.jpg,1904,1880,-24
29795.jpg,1904,1910,6
29800.jpg,1904,1912,8
29805.jpg,1904,1950,46
29810.jpg,1904,1924,20
29815.jpg,1904,1912,8
29820.jpg,1904,1915,11
29825.jpg,1904,1902,-2
29830.jpg,1905,1890,-15
29835.jpg,1905,1910,5
29840.jpg,1905,1910,5
29845.jpg,1905,1952,47
29850.jpg,1905,1970,65
29855.jpg,1905,1920,15
29860.jpg,1905,1965,60
29865.jpg,1905,1870,-35
29870.jpg,1905,1850,-55
29875.jpg,1905,1930,25
29880.jpg,1905,1843,-62
29885.jpg,1905,1920,15
29890.jpg,1905,1820,-85
29895.jpg,1905,1930,25
29900.jpg,1905,1920,15
29905.jpg,1905,1910,5
29910.jpg,1905,1920,15
29915.jpg,1905,1885,-20
29920.jpg,1905,1890,-15
29925.jpg,1905,1920,15
29930.jpg,1905,1880,-25
29935.jpg,1905,1908,3
29940.jpg,1905,1835,-70
29945.jpg,1905,1923,18
29950.jpg,1905,1923,18
29960.jpg,1905,1950,45
29965.jpg,1905,1878,-27
29970.jpg,1905,1895,-10
29975.jpg,1905,1890,-15
29980.jpg,1905,1950,45
29985.jpg,1905,1934,29
29990.jpg,1905,1881,-24
29995.jpg,1905,1907,2
30000.jpg,1905,1892,-13
30005.jpg,1905,1930,25
30015.jpg,1905,1896,-9
30020.jpg,1905,1950,45
30025.jpg,1905,1883,-22
30030.jpg,1905,1895,-10
30035.jpg,1905,1925,20
30040.jpg,1905,1960,55
30045.jpg,1905,1870,-35
30050.jpg,1905,1950,45
30055.jpg,1905,1891,-14
30060.jpg,1905,1920,15
30065.jpg,1905,2000,95
30070.jpg,1905,1945,40
30075.jpg,1905,1950,45
30080.jpg,1905,1950,45
30085.jpg,1905,1990,85
30090.jpg,1905,1875,-30
30095.jpg,1905,1924,19
30100.jpg,1905,1919,14
30105.jpg,1905,1870,-35
30110.jpg,1905,1950,45
30115.jpg,1905,1880,-25
30120.jpg,1905,1930,25
30125.jpg,1905,1920,15
30130.jpg,1905,2000,95
30135.jpg,1905,1920,15
30140.jpg,1905,1908,3
30145.jpg,1905,1875,-30
30155.jpg,1905,1890,-15
30160.jpg,1905,1949,44
30165.jpg,1905,1806,-99
30170.jpg,1905,1904,-1
30175.jpg,1905,1930,25
30180.jpg,1905,1940,35
30185.jpg,1905,1950,45
30190.jpg,1905,1890,-15
30195.jpg,1905,1874,-31
30200.jpg,1905,1972,67
30205.jpg,1905,1912,7
30210.jpg,1905,1750,-155
30215.jpg,1905,1920,15
30220.jpg,1905,1925,20
30225.jpg,1905,1850,-55
30230.jpg,1905,1930,25
30235.jpg,1905,1895,-10
30240.jpg,1905,1909,4
30245.jpg,1905,1920,15
30250.jpg,1905,1920,15
30255.jpg,1905,1920,15
30260.jpg,1905,1930,25
30265.jpg,1905,1975,70
30270.jpg,1905,1850,-55
30275.jpg,1905,1920,15
30280.jpg,1905,1850,-55
30285.jpg,1905,1920,15
30290.jpg,1905,1920,15
30295.jpg,1906,1910,4
30300.jpg,1906,1875,-31
30305.jpg,1906,1920,14
30310.jpg,1906,1900,-6
30315.jpg,1906,1884,-22
30320.jpg,1906,1996,90
30325.jpg,1906,1985,79
30330.jpg,1906,1900,-6
30335.jpg,1906,1967,61
30340.jpg,1906,1930,24
30345.jpg,1906,1827,-79
30350.jpg,1906,1952,46
30355.jpg,1906,1820,-86
30360.jpg,1906,1920,14
30365.jpg,1906,1950,44
30370.jpg,1906,1920,14
30375.jpg,1906,1920,14
30380.jpg,1906,1914,8
30385.jpg,1906,1880,-26
30390.jpg,1906,1880,-26
30395.jpg,1906,1920,14
30400.jpg,1906,1920,14
30405.jpg,1906,1925,19
30410.jpg,1906,1900,-6
30415.jpg,1906,1930,24
30420.jpg,1906,1950,44
30425.jpg,1906,1920,14
30430.jpg,1906,1880,-26
30435.jpg,1906,1920,14
30440.jpg,1906,1950,44
30445.jpg,1906,1832,-74
30450.jpg,1906,1870,-36
30455.jpg,1906,1875,-31
30460.jpg,1906,1915,9
30465.jpg,1906,1896,-10
30470.jpg,1906,1850,-56
30475.jpg,1906,1890,-16
30480.jpg,1906,1930,24
30485.jpg,1906,1990,84
30490.jpg,1906,1830,-76
30495.jpg,1906,1900,-6
30500.jpg,1906,1950,44
30505.jpg,1906,2000,94
30510.jpg,1906,1950,44
30515.jpg,1906,1920,14
30520.jpg,1906,1920,14
30525.jpg,1906,1920,14
30530.jpg,1906,1910,4
30535.jpg,1906,1920,14
30540.jpg,1906,1850,-56
30545.jpg,1906,1950,44
30550.jpg,1906,1850,-56
30555.jpg,1906,1920,14
30560.jpg,1906,1910,4
30565.jpg,1906,1890,-16
30570.jpg,1906,1875,-31
30575.jpg,1906,1925,19
30580.jpg,1906,2000,94
30585.jpg,1906,1910,4
30590.jpg,1906,1890,-16
30595.jpg,1906,1925,19
30600.jpg,1906,1850,-56
30605.jpg,1906,1910,4
30610.jpg,1906,1850,-56
30615.jpg,1906,1950,44
30620.jpg,1906,1895,-11
30625.jpg,1906,1850,-56
30630.jpg,1906,1910,4
30635.jpg,1906,1900,-6
30640.jpg,1906,1900,-6
30645.jpg,1906,1906,0
30650.jpg,1906,1815,-91
30655.jpg,1906,1850,-56
30665.jpg,1906,1890,-16
30670.jpg,1906,1920,14
30685.jpg,1906,1852,-54
30690.jpg,1906,1960,54
30695.jpg,1906,1930,24
30700.jpg,1906,1927,21
30705.jpg,1906,1920,14
30710.jpg,1906,1910,4
30715.jpg,1906,1970,64
30720.jpg,1906,1920,14
30725.jpg,1906,1950,44
30730.jpg,1906,1830,-76
30740.jpg,1906,1950,44
30745.jpg,1906,1885,-21
30750.jpg,1906,1906,0
30760.jpg,1907,1859,-48
30765.jpg,1907,1920,13
30770.jpg,1907,1910,3
30780.jpg,1907,1939,32
30785.jpg,1907,1910,3
30790.jpg,1907,1990,83
30795.jpg,1907,1349,-558
30800.jpg,1907,1950,43
30805.jpg,1907,1920,13
30810.jpg,1907,1920,13
30815.jpg,1907,1950,43
30820.jpg,1907,1908,1
30825.jpg,1907,1920,13
30830.jpg,1907,1910,3
30835.jpg,1907,1925,18
30840.jpg,1907,1895,-12
30845.jpg,1907,1925,18
30855.jpg,1907,1920,13
30860.jpg,1907,1920,13
30865.jpg,1907,1920,13
30870.jpg,1907,1890,-17
30875.jpg,1907,1892,-15
30880.jpg,1907,1950,43
30885.jpg,1907,1910,3
30895.jpg,1907,1920,13
30900.jpg,1907,1880,-27
30905.jpg,1907,1890,-17
30910.jpg,1907,1961,54
30915.jpg,1907,1949,42
30920.jpg,1907,1965,58
30925.jpg,1907,1952,45
30930.jpg,1907,1850,-57
30935.jpg,1907,1940,33
30940.jpg,1907,1985,78
30945.jpg,1907,1960,53
30950.jpg,1907,1858,-49
30955.jpg,1907,1856,-51
30960.jpg,1907,1910,3
30965.jpg,1907,1962,55
30970.jpg,1907,1900,-7
30975.jpg,1907,1910,3
30980.jpg,1907,1930,23
30985.jpg,1907,1900,-7
30990.jpg,1907,1880,-27
30995.jpg,1907,1970,63
31000.jpg,1907,1880,-27
31005.jpg,1907,1880,-27
31010.jpg,1907,1880,-27
31015.jpg,1907,1912,5
31020.jpg,1907,1920,13
31025.jpg,1907,1910,3
31030.jpg,1907,1950,43
31035.jpg,1907,1920,13
31040.jpg,1907,1871,-36
31045.jpg,1907,1920,13
31050.jpg,1907,1890,-17
31055.jpg,1907,1850,-57
31060.jpg,1907,1880,-27
31065.jpg,1907,1875,-32
31070.jpg,1907,1901,-6
31075.jpg,1907,1910,3
31080.jpg,1907,1930,23
31085.jpg,1907,1980,73
31090.jpg,1907,1885,-22
31095.jpg,1907,1890,-17
31100.jpg,1907,1937,30
31105.jpg,1907,1850,-57
31110.jpg,1907,1950,43
31115.jpg,1907,1870,-37
31120.jpg,1907,1910,3
31125.jpg,1907,1890,-17
31130.jpg,1907,1870,-37
31135.jpg,1907,1875,-32
31140.jpg,1907,1950,43
31150.jpg,1907,1890,-17
31155.jpg,1907,1930,23
31160.jpg,1907,1985,78
31165.jpg,1907,1870,-37
31170.jpg,1907,1970,63
31175.jpg,1907,1910,3
31180.jpg,1907,1930,23
31185.jpg,1907,1902,-5
31190.jpg,1907,1950,43
31195.jpg,1907,1900,-7
31200.jpg,1907,1940,33
31205.jpg,1907,1925,18
31210.jpg,1907,1871,-36
31215.jpg,1907,1930,23
31220.jpg,1907,1880,-27
31225.jpg,1907,1975,68
31230.jpg,1907,1887,-20
31235.jpg,1907,1800,-107
31240.jpg,1907,1910,3
31245.jpg,1907,1850,-57
31250.jpg,1907,1920,13
31255.jpg,1907,1872,-35
31260.jpg,1907,1920,13
31265.jpg,1907,1903,-4
31270.jpg,1907,1857,-50
31275.jpg,1907,1855,-52
31280.jpg,1907,1885,-22
31285.jpg,1907,2005,98
31290.jpg,1907,1927,20
31295.jpg,1907,1950,43
31300.jpg,1907,1956,49
31305.jpg,1907,1910,3
31310.jpg,1908,1780,-128
31315.jpg,1908,1895,-13
31320.jpg,1908,1939,31
31325.jpg,1908,1910,2
31330.jpg,1908,1850,-58
31335.jpg,1908,1956,48
31345.jpg,1908,1970,62
31350.jpg,1908,1920,12
31355.jpg,1908,1830,-78
31360.jpg,1908,1925,17
31365.jpg,1908,1950,42
31370.jpg,1908,1920,12
31380.jpg,1908,1850,-58
31385.jpg,1908,1925,17
31390.jpg,1908,1898,-10
31395.jpg,1908,1910,2
31400.jpg,1908,1898,-10
31405.jpg,1908,1920,12
31410.jpg,1908,1899,-9
31415.jpg,1908,1920,12
31420.jpg,1908,1900,-8
31425.jpg,1908,1980,72
31430.jpg,1908,1910,2
31435.jpg,1908,1975,67
31440.jpg,1908,1920,12
31445.jpg,1908,1890,-18
31450.jpg,1908,1920,12
31455.jpg,1908,1980,72
31460.jpg,1908,1892,-16
31465.jpg,1908,-1,-1909
31470.jpg,1908,1908,0
31475.jpg,1908,1970,62
31480.jpg,1908,1800,-108
31485.jpg,1908,1957,49
31490.jpg,1908,1907,-1
31500.jpg,1908,1950,42
31505.jpg,1908,1920,12
31510.jpg,1908,1930,22
31515.jpg,1908,2010,102
31520.jpg,1908,1970,62
31525.jpg,1908,1910,2
31530.jpg,1908,1945,37
31535.jpg,1908,1990,82
31540.jpg,1908,1920,12
31545.jpg,1908,1925,17
31550.jpg,1908,1930,22
31555.jpg,1908,1880,-28
31560.jpg,1908,1880,-28
31565.jpg,1908,1820,-88
31570.jpg,1908,1780,-128
31575.jpg,1908,1830,-78
31580.jpg,1908,1925,17
31585.jpg,1908,1912,4
31590.jpg,1908,1920,12
31595.jpg,1908,1900,-8
31600.jpg,1908,1912,4
31605.jpg,1908,1955,47
31610.jpg,1908,1900,-8
31620.jpg,1908,1930,22
31625.jpg,1908,1940,32
31630.jpg,1908,1900,-8
31635.jpg,1908,1930,22
31640.jpg,1908,1965,57
31645.jpg,1908,1936,28
31650.jpg,1908,1950,42
31655.jpg,1908,1920,12
31660.jpg,1908,1960,52
31665.jpg,1908,1872,-36
31670.jpg,1908,1885,-23
31675.jpg,1908,1900,-8
31680.jpg,1908,1850,-58
31685.jpg,1908,1891,-17
31690.jpg,1908,1845,-63
31695.jpg,1908,1929,21
31700.jpg,1908,2004,96
31705.jpg,1908,1875,-33
31710.jpg,1908,1878,-30
31715.jpg,1908,1920,12
31720.jpg,1908,1890,-18
31725.jpg,1908,1945,37
31730.jpg,1908,1920,12
31735.jpg,1908,1985,77
31740.jpg,1908,1749,-159
31745.jpg,1908,1912,4
31750.jpg,1908,1880,-28
31755.jpg,1908,1900,-8
31760.jpg,1908,1900,-8
31765.jpg,1909,1920,11
31770.jpg,1909,1920,11
31775.jpg,1909,1873,-36
31780.jpg,1909,1895,-14
31785.jpg,1909,2015,106
31790.jpg,1909,1995,86
31805.jpg,1909,1940,31
31815.jpg,1909,1910,1
31820.jpg,1909,1930,21
31825.jpg,1909,1940,31
31830.jpg,1909,1840,-69
31835.jpg,1909,1980,71
31840.jpg,1909,1825,-84
31845.jpg,1909,1847,-62
31850.jpg,1909,1922,13
31855.jpg,1909,1958,49
31860.jpg,1909,1920,11
31865.jpg,1909,1913,4
31870.jpg,1909,1930,21
31875.jpg,1909,1916,7
31880.jpg,1909,1920,11
31885.jpg,1909,1931,22
31890.jpg,1909,1910,1
31895.jpg,1909,1965,56
31900.jpg,1909,1890,-19
31905.jpg,1909,1892,-17
31910.jpg,1909,1920,11
31915.jpg,1909,1966,57
31920.jpg,1909,1887,-22
31925.jpg,1909,1950,41
31930.jpg,1909,1920,11
31935.jpg,1909,1982,73
31940.jpg,1909,1910,1
31945.jpg,1909,1930,21
31950.jpg,1909,2016,107
31955.jpg,1909,1943,34
31960.jpg,1909,1958,49
31970.jpg,1909,1885,-24
31975.jpg,1909,1885,-24
31980.jpg,1909,1925,16
31985.jpg,1909,1890,-19
31990.jpg,1909,1875,-34
31995.jpg,1909,1920,11
32005.jpg,1909,1800,-109
32015.jpg,1909,1840,-69
32020.jpg,1909,1850,-59
32025.jpg,1909,1950,41
32030.jpg,1909,1910,1
32035.jpg,1909,1905,-4
32045.jpg,1909,1932,23
32050.jpg,1909,1920,11
32055.jpg,1909,1910,1
32060.jpg,1909,1920,11
32065.jpg,1909,1930,21
32070.jpg,1909,1890,-19
32075.jpg,1909,2018,109
32080.jpg,1909,1900,-9
32085.jpg,1909,1930,21
32090.jpg,1909,1920,11
32095.jpg,1909,1890,-19
32100.jpg,1909,1920,11
32105.jpg,1909,1950,41
32110.jpg,1909,1930,21
32115.jpg,1909,1920,11
32120.jpg,1909,1930,21
32125.jpg,1909,1920,11
32130.jpg,1909,1940,31
32135.jpg,1909,1950,41
32140.jpg,1909,1950,41
32145.jpg,1909,1960,51
32150.jpg,1909,1500,-409
32155.jpg,1909,1940,31
32160.jpg,1909,1915,6
32165.jpg,1909,1940,31
32170.jpg,1909,1920,11
32175.jpg,1909,1886,-23
32180.jpg,1909,1920,11
32185.jpg,1909,1950,41
32190.jpg,1909,1976,67
32195.jpg,1909,1920,11
32200.jpg,1909,1920,11
32205.jpg,1909,1920,11
32210.jpg,1909,1890,-19
32215.jpg,1909,1920,11
32220.jpg,1909,1875,-34
32225.jpg,1909,1940,31
32230.jpg,1910,1999,89
32235.jpg,1910,1926,16
32240.jpg,1910,1924,14
32245.jpg,1910,1999,89
32255.jpg,1910,1910,0
32260.jpg,1910,1930,20
32265.jpg,1910,2005,95
32270.jpg,1910,2010,100
32275.jpg,1910,1970,60
32280.jpg,1910,1920,10
32285.jpg,1910,1930,20
32290.jpg,1910,1875,-35
32295.jpg,1910,1850,-60
32300.jpg,1910,1860,-50
32305.jpg,1910,1900,-10
32310.jpg,1910,1904,-6
32315.jpg,1910,1890,-20
32320.jpg,1910,1890,-20
32325.jpg,1910,1928,18
32330.jpg,1910,1930,20
32335.jpg,1910,1923,13
32340.jpg,1910,1859,-51
32345.jpg,1910,1900,-10
32350.jpg,1910,2010,100
32355.jpg,1910,1872,-38
32360.jpg,1910,1950,40
32365.jpg,1910,1950,40
32370.jpg,1910,1960,50
32375.jpg,1910,1899,-11
32380.jpg,1910,1920,10
32385.jpg,1910,1960,50
32390.jpg,1910,1925,15
32395.jpg,1910,1950,40
32400.jpg,1910,1923,13
32405.jpg,1910,1960,50
32410.jpg,1910,1940,30
32415.jpg,1910,1950,40
32420.jpg,1910,1892,-18
32425.jpg,1910,1937,27
32430.jpg,1910,2000,90
32435.jpg,1910,1885,-25
32440.jpg,1910,1910,0
32445.jpg,1910,1910,0
32450.jpg,1910,1910,0
32455.jpg,1910,1850,-60
32460.jpg,1910,1920,10
32465.jpg,1910,1985,75
32470.jpg,1910,1895,-15
32475.jpg,1910,1940,30
32480.jpg,1910,1890,-20
32485.jpg,1910,1925,15
32490.jpg,1910,1890,-20
32495.jpg,1910,1997,87
32500.jpg,1910,1870,-40
32505.jpg,1910,1960,50
32510.jpg,1910,1950,40
32515.jpg,1910,1902,-8
32520.jpg,1910,1910,0
32525.jpg,1910,1860,-50
32530.jpg,1910,1950,40
32535.jpg,1910,1920,10
32540.jpg,1910,1970,60
32545.jpg,1910,1930,20
32550.jpg,1910,1890,-20
32555.jpg,1910,1920,10
32560.jpg,1910,1995,85
32565.jpg,1910,1890,-20
32570.jpg,1910,1920,10
32575.jpg,1910,1880,-30
32580.jpg,1910,1920,10
32585.jpg,1910,1920,10
32590.jpg,1910,1920,10
32595.jpg,1910,1934,24
32600.jpg,1910,1875,-35
32605.jpg,1910,1800,-110
32610.jpg,1910,1930,20
32615.jpg,1910,1910,0
32620.jpg,1910,1930,20
32625.jpg,1910,1867,-43
32630.jpg,1910,1890,-20
32635.jpg,1910,1910,0
32640.jpg,1910,1890,-20
32645.jpg,1910,1901,-9
32650.jpg,1910,1850,-60
32655.jpg,1910,1950,40
32660.jpg,1910,1910,0
32665.jpg,1910,1890,-20
32675.jpg,1910,1920,10
32680.jpg,1910,1965,55
32685.jpg,1910,1950,40
32690.jpg,1910,2004,94
32695.jpg,1910,1934,24
32700.jpg,1910,1920,10
32705.jpg,1910,1850,-60
32710.jpg,1910,1920,10
32715.jpg,1910,1940,30
32720.jpg,1910,1906,-4
32725.jpg,1910,1924,14
32730.jpg,1910,1960,50
32735.jpg,1910,1830,-80
32740.jpg,1911,1900,-11
32745.jpg,1911,1946,35
32750.jpg,1911,1923,12
32755.jpg,1911,1920,9
32760.jpg,1911,1929,18
32765.jpg,1911,1926,15
32770.jpg,1911,1900,-11
32775.jpg,1911,1910,-1
32780.jpg,1911,1960,49
32785.jpg,1911,1964,53
32790.jpg,1911,1895,-16
32795.jpg,1911,1911,0
32800.jpg,1911,1940,29
32805.jpg,1911,1915,4
32810.jpg,1911,1870,-41
32815.jpg,1911,1949,38
32820.jpg,1911,1940,29
32825.jpg,1911,1920,9
32830.jpg,1911,1940,29
32835.jpg,1911,1981,70
32840.jpg,1911,2010,99
32845.jpg,1911,1905,-6
32850.jpg,1911,1929,18
32855.jpg,1911,1920,9
32860.jpg,1911,1940,29
32865.jpg,1911,1920,9
32870.jpg,1911,1920,9
32875.jpg,1911,1910,-1
32885.jpg,1911,1892,-19
32890.jpg,1911,1850,-61
32895.jpg,1911,1910,-1
32900.jpg,1911,1895,-16
32905.jpg,1911,1880,-31
32910.jpg,1911,1870,-41
32915.jpg,1911,1852,-59
32920.jpg,1911,1930,19
32925.jpg,1911,1904,-7
32930.jpg,1911,1940,29
32935.jpg,1911,1930,19
32940.jpg,1911,1920,9
32945.jpg,1911,1910,-1
32950.jpg,1911,2010,99
32955.jpg,1911,1900,-11
32960.jpg,1911,1930,19
32965.jpg,1911,1923,12
32970.jpg,1911,1946,35
32975.jpg,1911,1856,-55
32980.jpg,1911,1885,-26
32985.jpg,1911,1890,-21
32990.jpg,1911,1870,-41
32995.jpg,1911,1910,-1
33000.jpg,1911,1840,-71
33005.jpg,1911,2007,96
33010.jpg,1911,1950,39
33015.jpg,1911,1880,-31
33020.jpg,1911,1945,34
33025.jpg,1911,1890,-21
33030.jpg,1911,1830,-81
33035.jpg,1911,1960,49
33040.jpg,1911,1956,45
33045.jpg,1911,1920,9
33050.jpg,1911,1930,19
33055.jpg,1911,1885,-26
33060.jpg,1911,1920,9
33065.jpg,1911,1890,-21
33070.jpg,1911,1990,79
33075.jpg,1911,1929,18
33080.jpg,1911,1930,19
33085.jpg,1911,1930,19
33090.jpg,1911,1900,-11
33095.jpg,1911,1895,-16
33100.jpg,1911,1900,-11
33105.jpg,1911,1845,-66
33110.jpg,1911,1925,14
33115.jpg,1911,1863,-48
33120.jpg,1911,1905,-6
33125.jpg,1911,1980,69
33130.jpg,1911,1890,-21
33135.jpg,1911,1900,-11
33140.jpg,1911,1913,2
33145.jpg,1911,1845,-66
33150.jpg,1911,1600,-311
33155.jpg,1911,1974,63
33160.jpg,1911,1920,9
33165.jpg,1911,1900,-11
33170.jpg,1911,1890,-21
33175.jpg,1911,1975,64
33180.jpg,1911,2002,91
33185.jpg,1911,1923,12
33190.jpg,1911,1914,3
33195.jpg,1911,2010,99
33200.jpg,1911,1930,19
33205.jpg,1911,1900,-11
33210.jpg,1911,1842,-69
33215.jpg,1911,1880,-31
33220.jpg,1911,1920,9
33225.jpg,1911,1940,29
33230.jpg,1911,2000,89
33235.jpg,1911,1890,-21
33240.jpg,1911,1780,-131
33245.jpg,1911,1930,19
33250.jpg,1911,1930,19
33255.jpg,1911,1920,9
33260.jpg,1911,1937,26
33265.jpg,1911,1930,19
33270.jpg,1911,1892,-19
33275.jpg,1911,1957,46
33280.jpg,1912,1925,13
33285.jpg,1912,1953,41
33290.jpg,1912,1880,-32
33295.jpg,1912,1920,8
33300.jpg,1912,1912,0
33310.jpg,1912,1980,68
33315.jpg,1912,1975,63
33320.jpg,1912,1990,78
33325.jpg,1912,1931,19
33330.jpg,1912,1950,38
33335.jpg,1912,1888,-24
33340.jpg,1912,1895,-17
33345.jpg,1912,1970,58
33350.jpg,1912,1840,-72
33355.jpg,1912,1940,28
33360.jpg,1912,1950,38
33365.jpg,1912,1855,-57
33375.jpg,1912,1945,33
33380.jpg,1912,1930,18
33385.jpg,1912,1903,-9
33390.jpg,1912,1925,13
33395.jpg,1912,1985,73
33400.jpg,1912,1920,8
33405.jpg,1912,2000,88
33410.jpg,1912,1920,8
33415.jpg,1912,1950,38
33420.jpg,1912,1924,12
33425.jpg,1912,1910,-2
33430.jpg,1912,1912,0
33435.jpg,1912,1920,8
33440.jpg,1912,1920,8
33445.jpg,1912,1953,41
33450.jpg,1912,1890,-22
33455.jpg,1912,1930,18
33460.jpg,1912,1903,-9
33465.jpg,1912,1930,18
33470.jpg,1912,1920,8
33475.jpg,1912,1885,-27
33480.jpg,1912,1965,53
33485.jpg,1912,1992,80
33490.jpg,1912,1890,-22
33495.jpg,1912,1930,18
33500.jpg,1912,2000,88
33505.jpg,1912,1936,24
33510.jpg,1912,1950,38
33515.jpg,1912,1880,-32
33520.jpg,1912,2010,98
33525.jpg,1912,1950,38
33530.jpg,1912,1920,8
33535.jpg,1912,1900,-12
33540.jpg,1912,1825,-87
33545.jpg,1912,1910,-2
33550.jpg,1912,1915,3
33555.jpg,1912,1895,-17
33560.jpg,1912,1900,-12
33565.jpg,1912,1950,38
33570.jpg,1912,1910,-2
33580.jpg,1912,1837,-75
33585.jpg,1912,1870,-42
33590.jpg,1912,1875,-37
33595.jpg,1912,1910,-2
33600.jpg,1912,1920,8
33605.jpg,1912,1880,-32
33615.jpg,1912,1985,73
33620.jpg,1912,1980,68
33625.jpg,1912,1890,-22
33630.jpg,1912,1955,43
33635.jpg,1912,1999,87
33640.jpg,1912,1870,-42
33645.jpg,1912,1960,48
33650.jpg,1912,1900,-12
33655.jpg,1912,1920,8
33660.jpg,1912,1910,-2
33665.jpg,1912,1899,-13
33670.jpg,1912,1917,5
33675.jpg,1912,1975,63
33680.jpg,1912,1895,-17
33685.jpg,1912,1950,38
33690.jpg,1912,1966,54
33695.jpg,1912,1859,-53
33700.jpg,1912,1950,38
33705.jpg,1912,1920,8
33710.jpg,1912,1900,-12
33715.jpg,1912,1899,-13
33720.jpg,1912,1890,-22
33725.jpg,1912,1910,-2
33735.jpg,1912,1920,8
33740.jpg,1912,1908,-4
33745.jpg,1912,1999,87
33750.jpg,1912,1890,-22
33755.jpg,1912,1920,8
33760.jpg,1912,1866,-46
33765.jpg,1913,1920,7
33770.jpg,1913,1755,-158
33775.jpg,1913,1912,-1
33780.jpg,1913,1925,12
33785.jpg,1913,1920,7
33790.jpg,1913,1899,-14
33795.jpg,1913,1890,-23
33800.jpg,1913,1870,-43
33805.jpg,1913,1911,-2
33810.jpg,1913,1950,37
33815.jpg,1913,1930,17
33820.jpg,1913,2012,99
33825.jpg,1913,1920,7
33830.jpg,1913,1930,17
33840.jpg,1913,1925,12
33845.jpg,1913,1880,-33
33850.jpg,1913,1898,-15
33855.jpg,1913,1930,17
33860.jpg,1913,1895,-18
33865.jpg,1913,1920,7
33870.jpg,1913,1890,-23
33875.jpg,1913,1920,7
33880.jpg,1913,1927,14
33885.jpg,1913,1920,7
33890.jpg,1913,1920,7
33895.jpg,1913,1980,67
33900.jpg,1913,1926,13
33905.jpg,1913,1912,-1
33910.jpg,1913,1910,-3
33915.jpg,1913,1920,7
33920.jpg,1913,1925,12
33925.jpg,1913,1995,82
33930.jpg,1913,1950,37
33935.jpg,1913,1850,-63
33940.jpg,1913,1950,37
33945.jpg,1913,1920,7
33950.jpg,1913,1910,-3
33955.jpg,1913,1961,48
33960.jpg,1913,1950,37
33965.jpg,1913,1920,7
33970.jpg,1913,1875,-38
33975.jpg,1913,1896,-17
33980.jpg,1913,1950,37
33985.jpg,1913,1980,67
33990.jpg,1913,1937,24
33995.jpg,1913,1925,12
34000.jpg,1913,1900,-13
34005.jpg,1913,1967,54
34010.jpg,1913,1980,67
34015.jpg,1913,1950,37
34020.jpg,1913,1935,22
34025.jpg,1913,1970,57
34030.jpg,1913,1950,37
34035.jpg,1913,1920,7
34040.jpg,1913,1900,-13
34045.jpg,1913,1839,-74
34050.jpg,1913,1920,7
34055.jpg,1913,1930,17
34060.jpg,1913,1960,47
34065.jpg,1913,1890,-23
34070.jpg,1913,1920,7
34080.jpg,1913,1920,7
34085.jpg,1913,1940,27
34090.jpg,1913,1960,47
34095.jpg,1913,1930,17
34100.jpg,1913,1924,11
34105.jpg,1913,1920,7
34110.jpg,1913,1899,-14
34115.jpg,1913,1920,7
34120.jpg,1913,1940,27
34125.jpg,1913,1950,37
34130.jpg,1913,1890,-23
34135.jpg,1913,1920,7
34140.jpg,1913,1945,32
34145.jpg,1913,1950,37
34150.jpg,1913,1968,55
34155.jpg,1913,1920,7
34160.jpg,1913,1850,-63
34165.jpg,1913,1910,-3
34170.jpg,1913,1910,-3
34175.jpg,1913,1840,-73
34180.jpg,1913,1872,-41
34185.jpg,1913,1872,-41
34190.jpg,1913,1991,78
34195.jpg,1913,1900,-13
34200.jpg,1913,1929,16
34205.jpg,1913,1920,7
34210.jpg,1913,1890,-23
34215.jpg,1913,1930,17
34220.jpg,1913,1950,37
34225.jpg,1914,1938,24
34230.jpg,1914,1917,3
34235.jpg,1914,1920,6
34240.jpg,1914,1911,-3
34245.jpg,1914,1977,63
34250.jpg,1914,1925,11
34260.jpg,1914,1994,80
34265.jpg,1914,1898,-16
34270.jpg,1914,1912,-2
34275.jpg,1914,1920,6
34280.jpg,1914,1920,6
34285.jpg,1914,1920,6
34290.jpg,1914,1900,-14
34295.jpg,1914,1920,6
34300.jpg,1914,1910,-4
34305.jpg,1914,1930,16
34310.jpg,1914,1920,6
34315.jpg,1914,1850,-64
34320.jpg,1914,1930,16
34325.jpg,1914,1890,-24
34330.jpg,1914,1935,21
34335.jpg,1914,1910,-4
34345.jpg,1914,1940,26
34350.jpg,1914,1858,-56
34360.jpg,1914,1935,21
34365.jpg,1914,1913,-1
34370.jpg,1914,1920,6
34375.jpg,1914,1890,-24
34380.jpg,1914,1995,81
34385.jpg,1914,1940,26
34390.jpg,1914,1910,-4
34395.jpg,1914,1945,31
34400.jpg,1914,1895,-19
34405.jpg,1914,1920,6
34410.jpg,1914,1909,-5
34415.jpg,1914,1950,36
34420.jpg,1914,2000,86
34425.jpg,1914,1892,-22
34430.jpg,1914,1950,36
34435.jpg,1914,1930,16
34440.jpg,1914,1850,-64
34445.jpg,1914,1850,-64
34450.jpg,1914,1890,-24
34455.jpg,1914,1850,-64
34460.jpg,1914,1890,-24
34465.jpg,1914,1930,16
34470.jpg,1914,1945,31
34475.jpg,1914,1910,-4
34480.jpg,1914,1930,16
34485.jpg,1914,1920,6
34490.jpg,1914,1890,-24
34495.jpg,1914,1850,-64
34500.jpg,1914,1875,-39
34505.jpg,1914,2011,97
34515.jpg,1914,1800,-114
34520.jpg,1914,1890,-24
34525.jpg,1914,1840,-74
34530.jpg,1914,1890,-24
34535.jpg,1914,1913,-1
34540.jpg,1914,1950,36
34545.jpg,1914,1880,-34
34550.jpg,1914,19,-1895
34555.jpg,1914,1853,-61
34560.jpg,1914,1920,6
34565.jpg,1914,1910,-4
34570.jpg,1914,1980,66
34575.jpg,1914,1930,16
34580.jpg,1914,1904,-10
34590.jpg,1914,1930,16
34595.jpg,1914,1940,26
34600.jpg,1914,1920,6
34605.jpg,1914,1945,31
34610.jpg,1914,1930,16
34615.jpg,1914,1920,6
34620.jpg,1914,1976,62
34625.jpg,1914,1893,-21
34630.jpg,1914,1965,51
34635.jpg,1914,1900,-14
34640.jpg,1914,2017,103
34645.jpg,1914,1930,16
34650.jpg,1914,1910,-4
34655.jpg,1914,1910,-4
34660.jpg,1914,2000,86
34665.jpg,1914,1940,26
34670.jpg,1914,1910,-4
34675.jpg,1914,1920,6
34680.jpg,1914,2010,96
34685.jpg,1914,1950,36
34690.jpg,1914,1893,-21
34695.jpg,1914,1895,-19
34700.jpg,1914,1925,11
34705.jpg,1914,1920,6
34710.jpg,1914,1886,-28
34715.jpg,1914,1920,6
34720.jpg,1915,1850,-65
34725.jpg,1915,1976,61
34730.jpg,1915,1929,14
34735.jpg,1915,1924,9
34740.jpg,1915,1916,1
34750.jpg,1915,1931,16
34755.jpg,1915,1950,35
34765.jpg,1915,1966,51
34770.jpg,1915,1920,5
34775.jpg,1915,1908,-7
34780.jpg,1915,1930,15
34785.jpg,1915,1885,-30
34790.jpg,1915,1927,12
34795.jpg,1915,1968,53
34800.jpg,1915,1950,35
34805.jpg,1915,1910,-5
34810.jpg,1915,1900,-15
34815.jpg,1915,1920,5
34820.jpg,1915,1920,5
34825.jpg,1915,1920,5
34830.jpg,1915,1956,41
34835.jpg,1915,1920,5
34840.jpg,1915,1950,35
34845.jpg,1915,1920,5
34850.jpg,1915,1890,-25
34855.jpg,1915,1920,5
34860.jpg,1915,1940,25
34865.jpg,1915,1910,-5
34870.jpg,1915,1930,15
34875.jpg,1915,1913,-2
34880.jpg,1915,1920,5
34885.jpg,1915,1922,7
34890.jpg,1915,1875,-40
34895.jpg,1915,1920,5
34900.jpg,1915,1943,28
34905.jpg,1915,1895,-20
34910.jpg,1915,1970,55
34915.jpg,1915,1937,22
34920.jpg,1915,1870,-45
34925.jpg,1915,1884,-31
34930.jpg,1915,1930,15
34935.jpg,1915,1900,-15
34940.jpg,1915,1830,-85
34945.jpg,1915,1920,5
34950.jpg,1915,1950,35
34955.jpg,1915,1870,-45
34960.jpg,1915,1915,0
34965.jpg,1915,1975,60
34970.jpg,1915,1947,32
34975.jpg,1915,1900,-15
34980.jpg,1915,1890,-25
34985.jpg,1915,1840,-75
34990.jpg,1915,1950,35
34995.jpg,1915,1910,-5
35000.jpg,1915,1870,-45
35005.jpg,1915,1955,40
35010.jpg,1915,1950,35
35015.jpg,1915,1860,-55
35020.jpg,1915,1920,5
35025.jpg,1915,1892,-23
35030.jpg,1915,1910,-5
35035.jpg,1915,1895,-20
35040.jpg,1915,1928,13
35045.jpg,1915,2000,85
35050.jpg,1915,1980,65
35055.jpg,1915,1900,-15
35060.jpg,1915,1920,5
35065.jpg,1915,1920,5
35070.jpg,1915,1875,-40
35075.jpg,1915,1911,-4
35080.jpg,1915,1950,35
35085.jpg,1915,1930,15
35090.jpg,1915,1945,30
35095.jpg,1915,1890,-25
35100.jpg,1915,1890,-25
35105.jpg,1915,1965,50
35110.jpg,1915,1920,5
35115.jpg,1915,1970,55
35120.jpg,1915,1862,-53
35125.jpg,1915,1935,20
35130.jpg,1915,1920,5
35135.jpg,1915,1950,35
35140.jpg,1915,1850,-65
35145.jpg,1915,1934,19
35150.jpg,1915,1920,5
35155.jpg,1915,1940,25
35160.jpg,1916,1900,-16
35165.jpg,1916,1959,43
35170.jpg,1916,1926,10
35175.jpg,1916,1981,65
35180.jpg,1916,1850,-66
35185.jpg,1916,1912,-4
35190.jpg,1916,1913,-3
35195.jpg,1916,1966,50
35200.jpg,1916,1940,24
35205.jpg,1916,1930,14
35210.jpg,1916,1995,79
35215.jpg,1916,1950,34
35220.jpg,1916,1935,19
35225.jpg,1916,1904,-12
35230.jpg,1916,1920,4
35235.jpg,1916,1920,4
35240.jpg,1916,1960,44
35245.jpg,1916,1895,-21
35250.jpg,1916,1860,-56
35255.jpg,1916,1960,44
35260.jpg,1916,1860,-56
35265.jpg,1916,1915,-1
35270.jpg,1916,1910,-6
35275.jpg,1916,1890,-26
35280.jpg,1916,1945,29
35285.jpg,1916,1936,20
35290.jpg,1916,1920,4
35295.jpg,1916,1872,-44
35300.jpg,1916,1910,-6
35305.jpg,1916,1974,58
35310.jpg,1916,1964,48
35315.jpg,1916,1930,14
35320.jpg,1916,1970,54
35325.jpg,1916,1890,-26
35330.jpg,1916,1895,-21
35335.jpg,1916,1850,-66
35340.jpg,1916,1920,4
35345.jpg,1916,1895,-21
35350.jpg,1916,1910,-6
35355.jpg,1916,2000,84
35360.jpg,1916,1880,-36
35365.jpg,1916,1950,34
35370.jpg,1916,1940,24
35375.jpg,1916,1900,-16
35380.jpg,1916,1920,4
35385.jpg,1916,1950,34
35390.jpg,1916,1945,29
35395.jpg,1916,1920,4
35400.jpg,1916,1920,4
35405.jpg,1916,1890,-26
35410.jpg,1916,1930,14
35415.jpg,1916,1890,-26
35420.jpg,1916,1835,-81
35425.jpg,1916,1952,36
35430.jpg,1916,1960,44
35435.jpg,1916,1865,-51
35440.jpg,1916,1896,-20
35445.jpg,1916,1950,34
35450.jpg,1916,1930,14
35455.jpg,1916,1924,8
35460.jpg,1916,1880,-36
35465.jpg,1916,1982,66
35470.jpg,1916,1930,14
35475.jpg,1916,1929,13
35480.jpg,1916,1930,14
35485.jpg,1916,2007,91
35490.jpg,1916,1920,4
35495.jpg,1916,1940,24
35500.jpg,1916,1947,31
35505.jpg,1916,1930,14
35510.jpg,1916,1850,-66
35515.jpg,1916,-1,-1917
35520.jpg,1916,1920,4
35525.jpg,1916,1926,10
35530.jpg,1916,1940,24
35535.jpg,1917,1917,0
35540.jpg,1917,1919,2
35545.jpg,1917,1910,-7
35550.jpg,1917,1910,-7
35555.jpg,1917,1920,3
35560.jpg,1917,1879,-38
35565.jpg,1917,1978,61
35570.jpg,1917,1920,3
35575.jpg,1917,1885,-32
35580.jpg,1917,1850,-67
35585.jpg,1917,1900,-17
35590.jpg,1917,1925,8
35595.jpg,1917,1929,12
35600.jpg,1917,1975,58
35605.jpg,1917,1920,3
35610.jpg,1917,1930,13
35615.jpg,1917,1925,8
35620.jpg,1917,1940,23
35625.jpg,1917,1920,3
35630.jpg,1917,1930,13
35635.jpg,1917,1930,13
35640.jpg,1917,1890,-27
35645.jpg,1917,1930,13
35650.jpg,1917,1940,23
35655.jpg,1917,1920,3
35660.jpg,1917,2010,93
35665.jpg,1917,1930,13
35670.jpg,1917,1954,37
35675.jpg,1917,1890,-27
35680.jpg,1917,1899,-18
35685.jpg,1917,1912,-5
35690.jpg,1917,1950,33
35695.jpg,1917,1920,3
35700.jpg,1917,1450,-467
35705.jpg,1917,1920,3
35710.jpg,1917,1910,-7
35715.jpg,1917,1920,3
35720.jpg,1917,1970,53
35725.jpg,1917,2010,93
35730.jpg,1917,1932,15
35735.jpg,1917,1950,33
35740.jpg,1917,1930,13
35745.jpg,1917,1970,53
35750.jpg,1917,1950,33
35755.jpg,1917,1940,23
35760.jpg,1917,1950,33
35765.jpg,1917,1850,-67
35770.jpg,1917,1890,-27
35775.jpg,1917,-1,-1918
35780.jpg,1917,1850,-67
35785.jpg,1917,1972,55
35790.jpg,1917,1890,-27
35795.jpg,1917,1920,3
35800.jpg,1917,1920,3
35805.jpg,1917,1924,7
35810.jpg,1917,1940,23
35815.jpg,1917,1920,3
35820.jpg,1917,1960,43
35825.jpg,1917,1850,-67
35830.jpg,1917,1950,33
35835.jpg,1917,1970,53
35840.jpg,1917,1895,-22
35845.jpg,1917,1980,63
35850.jpg,1917,1930,13
35855.jpg,1917,1950,33
35860.jpg,1917,1920,3
35865.jpg,1917,1975,58
35870.jpg,1917,1945,28
35875.jpg,1917,1727,-190
35880.jpg,1917,1907,-10
35885.jpg,1917,1950,33
35890.jpg,1917,1873,-44
35895.jpg,1917,1920,3
35900.jpg,1917,1960,43
35905.jpg,1917,1930,13
35910.jpg,1917,1895,-22
35915.jpg,1917,1930,13
35920.jpg,1918,1930,12
35925.jpg,1918,2000,82
35930.jpg,1918,1854,-64
35935.jpg,1918,2011,93
35940.jpg,1918,1950,32
35945.jpg,1918,1925,7
35950.jpg,1918,1940,22
35955.jpg,1918,1970,52
35960.jpg,1918,1930,12
35965.jpg,1918,1950,32
35970.jpg,1918,1930,12
35980.jpg,1918,1950,32
35985.jpg,1918,1925,7
35990.jpg,1918,1918,0
35995.jpg,1918,1947,29
36000.jpg,1918,1880,-38
36005.jpg,1918,1880,-38
36010.jpg,1918,1800,-118
36015.jpg,1918,1860,-58
36020.jpg,1918,1930,12
36025.jpg,1918,1950,32
36030.jpg,1918,1850,-68
36035.jpg,1918,2005,87
36040.jpg,1918,1910,-8
36045.jpg,1918,1850,-68
36050.jpg,1918,1925,7
36055.jpg,1918,1890,-28
36060.jpg,1918,1970,52
36065.jpg,1918,1920,2
36070.jpg,1918,1940,22
36075.jpg,1918,1934,16
36080.jpg,1918,1960,42
36085.jpg,1918,1900,-18
36090.jpg,1918,1904,-14
36095.jpg,1918,1910,-8
36100.jpg,1918,1849,-69
36105.jpg,1918,1955,37
36110.jpg,1918,1905,-13
36115.jpg,1919,1920,1
36120.jpg,1919,1949,30
36130.jpg,1919,2010,91
36140.jpg,1919,1950,31
36145.jpg,1919,1925,6
36150.jpg,1919,1950,31
36155.jpg,1919,1970,51
36160.jpg,1919,1920,1
36165.jpg,1919,1997,78
36170.jpg,1919,1920,1
36175.jpg,1919,1974,55
36180.jpg,1919,1970,51
36190.jpg,1919,1965,46
36195.jpg,1919,1905,-14
36200.jpg,1919,1999,80
36205.jpg,1919,1950,31
36210.jpg,1919,1958,39
36215.jpg,1919,1890,-29
36225.jpg,1919,2000,81
36230.jpg,1919,1895,-24
36235.jpg,1919,1950,31
36240.jpg,1919,1920,1
36245.jpg,1919,1970,51
36250.jpg,1919,1950,31
36255.jpg,1919,1915,-4
36260.jpg,1919,1940,21
36265.jpg,1919,1890,-29
36270.jpg,1919,1930,11
36275.jpg,1919,1925,6
36280.jpg,1919,1874,-45
36285.jpg,1919,1914,-5
36290.jpg,1919,1986,67
36295.jpg,1919,1920,1
36300.jpg,1919,1910,-9
36305.jpg,1919,1937,18
36310.jpg,1919,1965,46
36315.jpg,1919,1920,1
36320.jpg,1919,1985,66
36325.jpg,1919,1896,-23
36330.jpg,1919,1920,1
36335.jpg,1919,1930,11
36340.jpg,1919,1920,1
36345.jpg,1919,2001,82
36350.jpg,1920,1920,0
36355.jpg,1920,1910,-10
36360.jpg,1920,1950,30
36365.jpg,1920,1950,30
36370.jpg,1920,1980,60
36375.jpg,1920,1935,15
36385.jpg,1920,1970,50
36390.jpg,1920,1999,79
36395.jpg,1920,1980,60
36400.jpg,1920,1865,-55
36405.jpg,1920,1920,0
36410.jpg,1920,1955,35
36415.jpg,1920,1900,-20
36420.jpg,1920,1920,0
36425.jpg,1920,1950,30
36430.jpg,1920,1877,-43
36435.jpg,1920,1930,10
36440.jpg,1920,1860,-60
36445.jpg,1920,1890,-30
36450.jpg,1920,1920,0
36455.jpg,1920,500,-1420
36460.jpg,1920,1920,0
36465.jpg,1920,1944,24
36470.jpg,1920,2009,89
36475.jpg,1920,1920,0
36480.jpg,1920,1875,-45
36485.jpg,1920,1947,27
36490.jpg,1920,1950,30
36495.jpg,1920,1920,0
36500.jpg,1920,1950,30
36505.jpg,1920,1960,40
36510.jpg,1920,1890,-30
36515.jpg,1920,2003,83
36520.jpg,1920,1880,-40
36525.jpg,1920,1920,0
36530.jpg,1920,1920,0
36535.jpg,1920,1935,15
36540.jpg,1920,1925,5
36545.jpg,1920,1940,20
36550.jpg,1920,1848,-72
36555.jpg,1920,1929,9
36560.jpg,1920,1949,29
36565.jpg,1920,1830,-90
36570.jpg,1920,1970,50
36575.jpg,1920,1955,35
36580.jpg,1920,1970,50
36585.jpg,1920,1910,-10
36590.jpg,1920,1907,-13
36595.jpg,1920,1877,-43
36600.jpg,1920,1960,40
36605.jpg,1920,1890,-30
36610.jpg,1920,1925,5
36615.jpg,1920,1910,-10
36620.jpg,1920,1920,0
36625.jpg,1920,2005,85
36630.jpg,1920,1910,-10
36635.jpg,1920,1910,-10
36640.jpg,1920,1960,40
36650.jpg,1920,1920,0
36655.jpg,1920,1935,15
36660.jpg,1920,1859,-61
36665.jpg,1920,1930,10
36670.jpg,1920,2000,80
36675.jpg,1920,1960,40
36680.jpg,1920,1925,5
36685.jpg,1920,1800,-120
36690.jpg,1921,1929,8
36695.jpg,1921,1977,56
36700.jpg,1921,1930,9
36705.jpg,1921,1927,6
36710.jpg,1921,1910,-11
36715.jpg,1921,1953,32
36720.jpg,1921,1987,66
36725.jpg,1921,1934,13
36735.jpg,1921,1975,54
36740.jpg,1921,1914,-7
36745.jpg,1921,1895,-26
36750.jpg,1921,1890,-31
36755.jpg,1921,1912,-9
36760.jpg,1921,1870,-51
36765.jpg,1921,1960,39
36770.jpg,1921,1950,29
36775.jpg,1921,1895,-26
36780.jpg,1921,1855,-66
36785.jpg,1921,1950,29
36790.jpg,1921,1920,-1
36795.jpg,1921,1950,29
36800.jpg,1921,1857,-64
36805.jpg,1921,1920,-1
36810.jpg,1921,1900,-21
36815.jpg,1921,1975,54
36820.jpg,1921,1855,-66
36830.jpg,1921,1950,29
36835.jpg,1921,1910,-11
36840.jpg,1921,1910,-11
36845.jpg,1921,1970,49
36850.jpg,1921,1920,-1
36855.jpg,1921,1870,-51
36860.jpg,1921,1960,39
36870.jpg,1921,1970,49
36875.jpg,1921,1840,-81
36880.jpg,1921,1845,-76
36885.jpg,1921,1960,39
36890.jpg,1921,1920,-1
36895.jpg,1921,1930,9
36900.jpg,1921,1950,29
36905.jpg,1921,1928,7
36910.jpg,1921,1890,-31
36920.jpg,1921,2015,94
36925.jpg,1921,1952,31
36930.jpg,1921,1960,39
36935.jpg,1921,1930,9
36940.jpg,1921,1940,19
36945.jpg,1921,1925,4
36950.jpg,1921,1962,41
36955.jpg,1921,1950,29
36960.jpg,1921,1932,11
36965.jpg,1921,1945,24
36970.jpg,1922,1947,25
36975.jpg,1922,1920,-2
36980.jpg,1922,1924,2
36985.jpg,1922,1936,14
36990.jpg,1922,1915,-7
36995.jpg,1922,1978,56
37000.jpg,1922,1980,58
37005.jpg,1922,1990,68
37010.jpg,1922,1921,-1
37015.jpg,1922,1984,62
37020.jpg,1922,1875,-47
37025.jpg,1922,1900,-22
37030.jpg,1922,1950,28
37045.jpg,1922,1940,18
37050.jpg,1922,1950,28
37055.jpg,1922,1912,-10
37060.jpg,1922,1931,9
37065.jpg,1922,1925,3
37070.jpg,1922,1930,8
37075.jpg,1922,1920,-2
37080.jpg,1922,1920,-2
37085.jpg,1922,1780,-142
37090.jpg,1922,1925,3
37095.jpg,1922,1990,68
37100.jpg,1922,1920,-2
37105.jpg,1922,1878,-44
37110.jpg,1922,2010,88
37115.jpg,1922,1900,-22
37120.jpg,1922,1960,38
37125.jpg,1922,1800,-122
37130.jpg,1922,1860,-62
37135.jpg,1922,1910,-12
37140.jpg,1922,1920,-2
37145.jpg,1922,1920,-2
37150.jpg,1922,1965,43
37155.jpg,1922,1890,-32
37160.jpg,1922,1900,-22
37165.jpg,1922,1950,28
37170.jpg,1922,1920,-2
37175.jpg,1922,1920,-2
37180.jpg,1922,1930,8
37185.jpg,1922,1980,58
37190.jpg,1922,1930,8
37195.jpg,1922,1858,-64
37200.jpg,1922,1910,-12
37205.jpg,1922,1940,18
37210.jpg,1922,1918,-4
37215.jpg,1922,1920,-2
37220.jpg,1922,1890,-32
37225.jpg,1922,2015,93
37230.jpg,1922,1875,-47
37235.jpg,1922,1915,-7
37240.jpg,1922,1965,43
37245.jpg,1922,1930,8
37250.jpg,1922,1930,8
37255.jpg,1922,2000,78
37260.jpg,1922,1995,73
37270.jpg,1922,1925,3
37275.jpg,1922,2000,78
37280.jpg,1922,1990,68
37285.jpg,1922,1980,58
37290.jpg,1922,1875,-47
37295.jpg,1922,1975,53
37300.jpg,1922,1930,8
37305.jpg,1922,1900,-22
37310.jpg,1923,1950,27
37315.jpg,1923,1900,-23
37320.jpg,1923,1955,32
37330.jpg,1923,1966,43
37335.jpg,1923,1923,0
37340.jpg,1923,2000,77
37345.jpg,1923,2000,77
37355.jpg,1923,1920,-3
37360.jpg,1923,1875,-48
37365.jpg,1923,1960,37
37370.jpg,1923,1935,12
37375.jpg,1923,1950,27
37380.jpg,1923,2010,87
37385.jpg,1923,1936,13
37390.jpg,1923,1905,-18
37395.jpg,1923,1897,-26
37400.jpg,1923,1875,-48
37405.jpg,1923,1920,-3
37410.jpg,1923,1920,-3
37415.jpg,1923,1920,-3
37420.jpg,1923,1920,-3
37425.jpg,1923,1560,-363
37430.jpg,1923,1920,-3
37435.jpg,1923,1920,-3
37440.jpg,1923,1910,-13
37445.jpg,1923,1920,-3
37450.jpg,1923,1930,7
37455.jpg,1923,1935,12
37460.jpg,1923,1910,-13
37465.jpg,1923,1991,68
37470.jpg,1923,1940,17
37475.jpg,1923,1870,-53
37480.jpg,1923,1925,2
37485.jpg,1923,1920,-3
37490.jpg,1923,1950,27
37495.jpg,1923,1960,37
37500.jpg,1923,1950,27
37505.jpg,1923,1940,17
37510.jpg,1923,1890,-33
37515.jpg,1923,1920,-3
37520.jpg,1923,1890,-33
37525.jpg,1923,1850,-73
37530.jpg,1923,1890,-33
37535.jpg,1923,2001,78
37540.jpg,1923,1970,47
37545.jpg,1923,1940,17
37550.jpg,1923,1850,-73
37555.jpg,1923,1925,2
37560.jpg,1923,19,-1904
37565.jpg,1923,1875,-48
37570.jpg,1923,1850,-73
37575.jpg,1923,1920,-3
37580.jpg,1923,1955,32
37585.jpg,1923,1933,10
37590.jpg,1923,1920,-3
37595.jpg,1923,1950,27
37600.jpg,1923,1965,42
37605.jpg,1923,1905,-18
37610.jpg,1923,1906,-17
37615.jpg,1923,1935,12
37620.jpg,1923,1920,-3
37625.jpg,1923,1923,0
37630.jpg,1923,1910,-13
37635.jpg,1923,1930,7
37640.jpg,1923,1920,-3
37645.jpg,1923,1890,-33
37650.jpg,1923,1905,-18
37655.jpg,1923,1920,-3
37660.jpg,1923,1890,-33
37665.jpg,1923,1940,17
37670.jpg,1924,1927,3
37675.jpg,1924,1928,4
37680.jpg,1924,1925,1
37685.jpg,1924,1928,4
37690.jpg,1924,1896,-28
37695.jpg,1924,1920,-4
37700.jpg,1924,1891,-33
37705.jpg,1924,2005,81
37710.jpg,1924,2007,83
37715.jpg,1924,1947,23
37720.jpg,1924,1950,26
37725.jpg,1924,1930,6
37730.jpg,1924,2000,76
37735.jpg,1924,1890,-34
37740.jpg,1924,1920,-4
37745.jpg,1924,1750,-174
37750.jpg,1924,1910,-14
37755.jpg,1924,1920,-4
37760.jpg,1924,1920,-4
37765.jpg,1924,1907,-17
37770.jpg,1924,1910,-14
37775.jpg,1924,1936,12
37780.jpg,1924,1900,-24
37785.jpg,1924,1850,-74
37790.jpg,1924,1920,-4
37795.jpg,1924,1945,21
37805.jpg,1924,1920,-4
37810.jpg,1924,1919,-5
37815.jpg,1924,1920,-4
37820.jpg,1924,1900,-24
37825.jpg,1924,1900,-24
37830.jpg,1924,1930,6
37835.jpg,1924,1875,-49
37845.jpg,1924,1925,1
37850.jpg,1924,1920,-4
37855.jpg,1924,1889,-35
37860.jpg,1924,1975,51
37865.jpg,1924,1945,21
37870.jpg,1924,1913,-11
37875.jpg,1924,2000,76
37880.jpg,1924,20,-1904
37885.jpg,1924,1930,6
37890.jpg,1924,1959,35
37895.jpg,1924,1950,26
37900.jpg,1924,1950,26
37905.jpg,1924,1789,-135
37910.jpg,1924,1930,6
37915.jpg,1924,1955,31
37920.jpg,1924,2000,76
37925.jpg,1924,1950,26
37930.jpg,1924,1900,-24
37935.jpg,1924,1779,-145
37940.jpg,1924,1910,-14
37945.jpg,1924,1970,46
37950.jpg,1924,1921,-3
37955.jpg,1924,1970,46
37960.jpg,1924,2004,80
37965.jpg,1924,2000,76
37970.jpg,1924,1861,-63
37975.jpg,1924,1910,-14
37980.jpg,1924,1919,-5
37985.jpg,1924,1950,26
37990.jpg,1924,1940,16
37995.jpg,1924,2010,86
38000.jpg,1924,1925,1
38005.jpg,1924,1920,-4
38010.jpg,1924,1915,-9
38015.jpg,1924,1927,3
38020.jpg,1924,1917,-7
38025.jpg,1924,1900,-24
38030.jpg,1924,1925,1
38035.jpg,1924,1916,-8
38040.jpg,1924,1952,28
38045.jpg,1924,1949,25
38050.jpg,1924,1935,11
38055.jpg,1924,1935,11
38060.jpg,1924,1870,-54
38065.jpg,1924,1880,-44
38070.jpg,1924,1880,-44
38075.jpg,1924,1950,26
38080.jpg,1925,1830,-95
38085.jpg,1925,1927,2
38090.jpg,1925,1940,15
38095.jpg,1925,1931,6
38100.jpg,1925,1929,4
38105.jpg,1925,1924,-1
38110.jpg,1925,1920,-5
38115.jpg,1925,1980,55
38120.jpg,1925,2000,75
38125.jpg,1925,2000,75
38130.jpg,1925,2010,85
38135.jpg,1925,1947,22
38140.jpg,1925,1880,-45
38145.jpg,1925,1894,-31
38150.jpg,1925,1884,-41
38155.jpg,1925,1910,-15
38160.jpg,1925,1895,-30
38165.jpg,1925,1930,5
38170.jpg,1925,1857,-68
38175.jpg,1925,1930,5
38180.jpg,1925,1960,35
38185.jpg,1925,1977,52
38190.jpg,1925,1950,25
38195.jpg,1925,1935,10
38200.jpg,1925,1950,25
38205.jpg,1925,1905,-20
38210.jpg,1925,1910,-15
38215.jpg,1925,1875,-50
38220.jpg,1925,1935,10
38225.jpg,1925,1931,6
38230.jpg,1925,1935,10
38235.jpg,1925,1920,-5
38245.jpg,1925,1948,23
38255.jpg,1925,1930,5
38260.jpg,1925,1970,45
38265.jpg,1925,1940,15
38270.jpg,1925,1875,-50
38275.jpg,1925,1948,23
38280.jpg,1925,1970,45
38285.jpg,1925,1920,-5
38290.jpg,1925,1967,42
38295.jpg,1925,1940,15
38300.jpg,1925,1925,0
38305.jpg,1925,2000,75
38310.jpg,1925,1860,-65
38315.jpg,1925,1850,-75
38320.jpg,1925,1930,5
38325.jpg,1925,1950,25
38330.jpg,1925,1900,-25
38335.jpg,1925,1945,20
38340.jpg,1925,1920,-5
38345.jpg,1925,1920,-5
38350.jpg,1925,1920,-5
38355.jpg,1925,1920,-5
38360.jpg,1925,1985,60
38365.jpg,1925,1925,0
38370.jpg,1925,1920,-5
38375.jpg,1925,1920,-5
38380.jpg,1925,1950,25
38385.jpg,1925,1940,15
38390.jpg,1925,1950,25
38395.jpg,1925,1880,-45
38400.jpg,1925,1870,-55
38405.jpg,1925,1868,-57
38410.jpg,1925,1952,27
38415.jpg,1925,1920,-5
38420.jpg,1925,1890,-35
38425.jpg,1925,1928,3
38435.jpg,1925,2017,92
38440.jpg,1925,1960,35
38450.jpg,1925,1920,-5
38455.jpg,1925,1970,45
38460.jpg,1925,1923,-2
38465.jpg,1925,1930,5
38470.jpg,1925,1950,25
38475.jpg,1925,1950,25
38480.jpg,1925,1912,-13
38490.jpg,1925,1882,-43
38495.jpg,1925,1920,-5
38500.jpg,1925,1917,-8
38505.jpg,1925,1900,-25
38510.jpg,1925,1930,5
38515.jpg,1926,1905,-21
38520.jpg,1926,1925,-1
38525.jpg,1926,1942,16
38530.jpg,1926,1894,-32
38535.jpg,1926,1959,33
38540.jpg,1926,1930,4
38545.jpg,1926,1895,-31
38550.jpg,1926,1907,-19
38555.jpg,1926,1950,24
38560.jpg,1926,1930,4
38565.jpg,1926,1930,4
38570.jpg,1926,1930,4
38575.jpg,1926,1950,24
38580.jpg,1926,1980,54
38585.jpg,1926,1940,14
38590.jpg,1926,1980,54
38595.jpg,1926,2000,74
38600.jpg,1926,1904,-22
38605.jpg,1926,1980,54
38610.jpg,1926,1950,24
38620.jpg,1926,1915,-11
38625.jpg,1926,1950,24
38630.jpg,1926,1975,49
38635.jpg,1926,1950,24
38640.jpg,1926,1940,14
38645.jpg,1926,1975,49
38650.jpg,1926,1940,14
38655.jpg,1926,1940,14
38660.jpg,1926,1915,-11
38665.jpg,1926,1957,31
38670.jpg,1926,1920,-6
38675.jpg,1926,1930,4
38680.jpg,1926,1920,-6
38685.jpg,1926,1940,14
38690.jpg,1926,1990,64
38695.jpg,1926,1920,-6
38700.jpg,1926,1940,14
38705.jpg,1926,1913,-13
38710.jpg,1926,1920,-6
38715.jpg,1926,1950,24
38720.jpg,1926,1890,-36
38725.jpg,1926,1920,-6
38730.jpg,1926,1904,-22
38735.jpg,1926,1932,6
38740.jpg,1926,1956,30
38745.jpg,1926,1955,29
38750.jpg,1926,1936,10
38755.jpg,1926,1925,-1
38760.jpg,1926,1930,4
38765.jpg,1926,1890,-36
38770.jpg,1926,1930,4
38775.jpg,1926,1850,-76
38780.jpg,1926,1859,-67
38785.jpg,1926,1940,14
38790.jpg,1926,1858,-68
38795.jpg,1926,1875,-51
38800.jpg,1926,1950,24
38805.jpg,1926,1830,-96
38810.jpg,1926,1960,34
38815.jpg,1926,1796,-130
38820.jpg,1926,1920,-6
38825.jpg,1926,1900,-26
38830.jpg,1926,1650,-276
38835.jpg,1926,1875,-51
38840.jpg,1926,1925,-1
38845.jpg,1926,1940,14
38850.jpg,1926,1990,64
38855.jpg,1926,1955,29
38860.jpg,1926,1920,-6
38865.jpg,1926,1920,-6
38870.jpg,1926,1850,-76
38875.jpg,1926,1920,-6
38880.jpg,1926,1924,-2
38885.jpg,1926,1850,-76
38890.jpg,1926,1913,-13
38895.jpg,1926,1920,-6
38905.jpg,1926,1920,-6
38910.jpg,1926,1925,-1
38915.jpg,1926,1970,44
38920.jpg,1926,1925,-1
38925.jpg,1926,1960,34
38930.jpg,1926,1911,-15
38935.jpg,1926,1945,19
38940.jpg,1926,1910,-16
38945.jpg,1926,1920,-6
38950.jpg,1926,1904,-22
38955.jpg,1926,1980,54
38960.jpg,1926,1937,11
38965.jpg,1926,1920,-6
38970.jpg,1926,1920,-6
38975.jpg,1926,1926,0
38980.jpg,1926,1755,-171
38985.jpg,1926,2005,79
38990.jpg,1926,1927,1
38995.jpg,1927,1915,-12
39000.jpg,1927,1930,3
39005.jpg,1927,1955,28
39010.jpg,1927,1920,-7
39020.jpg,1927,1945,18
39025.jpg,1927,1930,3
39030.jpg,1927,1920,-7
39035.jpg,1927,1920,-7
39040.jpg,1927,1930,3
39045.jpg,1927,1960,33
39050.jpg,1927,1920,-7
39055.jpg,1927,1937,10
39060.jpg,1927,1932,5
39065.jpg,1927,1884,-43
39070.jpg,1927,1930,3
39075.jpg,1927,1925,-2
39080.jpg,1927,1910,-17
39085.jpg,1927,1980,53
39090.jpg,1927,1980,53
39110.jpg,1927,1934,7
39115.jpg,1927,1907,-20
39120.jpg,1927,1963,36
39125.jpg,1927,1950,23
39130.jpg,1927,1940,13
39135.jpg,1927,1940,13
39140.jpg,1927,1925,-2
39145.jpg,1927,1876,-51
39150.jpg,1927,1950,23
39155.jpg,1927,1895,-32
39160.jpg,1927,1845,-82
39165.jpg,1927,1923,-4
39170.jpg,1927,1907,-20
39175.jpg,1927,1950,23
39180.jpg,1927,1990,63
39185.jpg,1927,1920,-7
39190.jpg,1927,1917,-10
39195.jpg,1927,1920,-7
39200.jpg,1927,1928,1
39205.jpg,1927,1933,6
39210.jpg,1927,1960,33
39215.jpg,1927,1925,-2
39220.jpg,1927,1999,72
39225.jpg,1927,1908,-19
39230.jpg,1927,1890,-37
39235.jpg,1927,1920,-7
39240.jpg,1927,1915,-12
39245.jpg,1927,1954,27
39250.jpg,1927,1940,13
39255.jpg,1927,1770,-157
39260.jpg,1927,1970,43
39265.jpg,1927,1940,13
39270.jpg,1927,1995,68
39275.jpg,1927,1950,23
39280.jpg,1927,1900,-27
39285.jpg,1927,1910,-17
39290.jpg,1927,1950,23
39295.jpg,1927,1950,23
39300.jpg,1927,2000,73
39305.jpg,1927,1845,-82
39310.jpg,1927,1920,-7
39315.jpg,1927,1960,33
39320.jpg,1927,1860,-67
39325.jpg,1927,1970,43
39330.jpg,1927,1890,-37
39335.jpg,1927,1860,-67
39340.jpg,1927,1944,17
39345.jpg,1927,1950,23
39350.jpg,1927,1890,-37
39355.jpg,1927,1970,43
39360.jpg,1927,1920,-7
39365.jpg,1927,1928,1
39370.jpg,1927,2000,73
39375.jpg,1927,1910,-17
39380.jpg,1927,1850,-77
39385.jpg,1927,1900,-27
39390.jpg,1927,-1,-1928
39395.jpg,1927,740,-1187
39400.jpg,1927,1920,-7
39405.jpg,1927,2000,73
39410.jpg,1927,1970,43
39415.jpg,1927,1920,-7
39420.jpg,1927,1927,0
39425.jpg,1927,1935,8
39430.jpg,1927,1930,3
39435.jpg,1927,1920,-7
39440.jpg,1927,1890,-37
39445.jpg,1927,1952,25
39450.jpg,1927,1867,-60
39455.jpg,1927,1973,46
39460.jpg,1927,1967,40
39465.jpg,1927,1910,-17
39470.jpg,1927,1845,-82
39475.jpg,1927,1920,-7
39480.jpg,1927,1924,-3
39485.jpg,1927,1960,33
39490.jpg,1927,1960,33
39495.jpg,1927,1935,8
39500.jpg,1927,1910,-17
39505.jpg,1927,1920,-7
39510.jpg,1928,1910,-18
39515.jpg,1928,1920,-8
39520.jpg,1928,1944,16
39525.jpg,1928,1927,-1
39530.jpg,1928,1920,-8
39535.jpg,1928,1920,-8
39540.jpg,1928,1940,12
39545.jpg,1928,1929,1
39550.jpg,1928,1914,-14
39555.jpg,1928,1925,-3
39560.jpg,1928,1925,-3
39565.jpg,1928,1930,2
39570.jpg,1928,1937,9
39575.jpg,1928,2000,72
39580.jpg,1928,1920,-8
39585.jpg,1928,1924,-4
39590.jpg,1928,1931,3
39595.jpg,1928,1912,-16
39600.jpg,1928,1960,32
39605.jpg,1928,2008,80
39610.jpg,1928,1950,22
39615.jpg,1928,2005,77
39620.jpg,1928,1900,-28
39625.jpg,1928,1940,12
39630.jpg,1928,1902,-26
39635.jpg,1928,1845,-83
39640.jpg,1928,1920,-8
39645.jpg,1928,1955,27
39650.jpg,1928,1890,-38
39655.jpg,1928,1920,-8
39660.jpg,1928,1930,2
39665.jpg,1928,1920,-8
39670.jpg,1928,1920,-8
39675.jpg,1928,1930,2
39680.jpg,1928,1920,-8
39685.jpg,1928,1920,-8
39690.jpg,1928,1920,-8
39695.jpg,1928,1930,2
39700.jpg,1928,1955,27
39705.jpg,1928,1900,-28
39710.jpg,1928,1915,-13
39715.jpg,1928,1923,-5
39720.jpg,1928,1920,-8
39725.jpg,1928,1960,32
39730.jpg,1928,1925,-3
39735.jpg,1928,1900,-28
39740.jpg,1928,2005,77
39745.jpg,1928,1950,22
39750.jpg,1928,1950,22
39755.jpg,1928,1915,-13
39760.jpg,1928,1890,-38
39765.jpg,1928,1962,34
39770.jpg,1928,1794,-134
39775.jpg,1928,1912,-16
39780.jpg,1928,1970,42
39785.jpg,1928,1910,-18
39790.jpg,1928,1925,-3
39795.jpg,1928,1960,32
39800.jpg,1928,1930,2
39805.jpg,1928,1880,-48
39810.jpg,1928,1940,12
39815.jpg,1928,1920,-8
39820.jpg,1928,1920,-8
39825.jpg,1928,1880,-48
39830.jpg,1928,1915,-13
39835.jpg,1928,1950,22
39840.jpg,1928,1880,-48
39845.jpg,1928,1890,-38
39850.jpg,1928,1960,32
39855.jpg,1928,1890,-38
39860.jpg,1928,1920,-8
39865.jpg,1928,1850,-78
39870.jpg,1928,1850,-78
39875.jpg,1928,1930,2
39880.jpg,1928,1910,-18
39885.jpg,1928,1920,-8
39890.jpg,1928,1920,-8
39895.jpg,1928,1950,22
39900.jpg,1928,2000,72
39905.jpg,1928,1924,-4
39910.jpg,1928,1923,-5
39915.jpg,1928,1920,-8
39920.jpg,1928,1970,42
39925.jpg,1928,1977,49
39930.jpg,1928,1930,2
39935.jpg,1928,1880,-48
39940.jpg,1928,1920,-8
39945.jpg,1928,1940,12
39950.jpg,1928,1950,22
39955.jpg,1928,1960,32
39960.jpg,1928,1930,2
39965.jpg,1928,1956,28
39970.jpg,1928,1885,-43
39975.jpg,1928,1910,-18
39980.jpg,1928,1935,7
39985.jpg,1928,1925,-3
39990.jpg,1928,1930,2
39995.jpg,1928,1960,32
40000.jpg,1928,1920,-8
40010.jpg,1928,1970,42
40015.jpg,1928,1920,-8
40020.jpg,1928,1920,-8
40025.jpg,1928,1970,42
40030.jpg,1928,1910,-18
40035.jpg,1928,1910,-18
40040.jpg,1928,1920,-8
40045.jpg,1929,1930,1
40050.jpg,1929,1932,3
40055.jpg,1929,1929,0
40060.jpg,1929,1920,-9
40065.jpg,1929,1888,-41
40070.jpg,1929,1928,-1
40075.jpg,1929,1925,-4
40080.jpg,1929,1930,1
40095.jpg,1929,1965,36
40105.jpg,1929,1930,1
40110.jpg,1929,1950,21
40115.jpg,1929,1920,-9
40120.jpg,1929,1850,-79
40125.jpg,1929,1960,31
40130.jpg,1929,1930,1
40135.jpg,1929,1938,9
40140.jpg,1929,1950,21
40145.jpg,1929,1930,1
40150.jpg,1929,1955,26
40155.jpg,1929,1914,-15
40160.jpg,1929,1930,1
40165.jpg,1929,1930,1
40170.jpg,1929,1928,-1
40175.jpg,1929,1930,1
40180.jpg,1929,1920,-9
40185.jpg,1929,1920,-9
40190.jpg,1929,1880,-49
40195.jpg,1929,1936,7
40200.jpg,1929,1920,-9
40205.jpg,1929,1894,-35
40210.jpg,1929,1930,1
40215.jpg,1929,1937,8
40220.jpg,1929,1940,11
40225.jpg,1929,1957,28
40230.jpg,1929,1836,-93
40235.jpg,1929,1920,-9
40240.jpg,1929,1930,1
40245.jpg,1929,1925,-4
40250.jpg,1929,1970,41
40255.jpg,1929,1910,-19
40260.jpg,1929,1920,-9
40265.jpg,1929,1930,1
40270.jpg,1929,1970,41
40275.jpg,1929,1980,51
40280.jpg,1929,1980,51
40285.jpg,1929,1940,11
40290.jpg,1929,1881,-48
40295.jpg,1929,1933,4
40305.jpg,1929,2000,71
40310.jpg,1929,1950,21
40315.jpg,1929,1950,21
40320.jpg,1929,1954,25
40325.jpg,1929,1940,11
40330.jpg,1929,1890,-39
40335.jpg,1929,1984,55
40340.jpg,1929,1970,41
40345.jpg,1929,1960,31
40350.jpg,1929,1884,-45
40355.jpg,1929,1850,-79
40360.jpg,1929,1890,-39
40365.jpg,1929,1980,51
40370.jpg,1929,1885,-44
40375.jpg,1929,1920,-9
40380.jpg,1929,1930,1
40385.jpg,1929,1985,56
40390.jpg,1929,1950,21
40395.jpg,1929,1980,51
40400.jpg,1929,1900,-29
40405.jpg,1929,1892,-37
40410.jpg,1929,1949,20
40415.jpg,1929,1920,-9
40420.jpg,1929,1930,1
40425.jpg,1929,1905,-24
40430.jpg,1929,-1,-1930
40435.jpg,1929,1945,16
40440.jpg,1929,1900,-29
40450.jpg,1929,1920,-9
40455.jpg,1929,1947,18
40460.jpg,1929,1998,69
40465.jpg,1929,1927,-2
40470.jpg,1929,1920,-9
40475.jpg,1929,1910,-19
40480.jpg,1929,1925,-4
40485.jpg,1929,1925,-4
40490.jpg,1929,1950,21
40495.jpg,1929,1847,-82
40500.jpg,1929,1920,-9
40505.jpg,1929,1965,36
40510.jpg,1929,1915,-14
40515.jpg,1929,1915,-14
40520.jpg,1929,1940,11
40525.jpg,1929,1920,-9
40530.jpg,1929,1918,-11
40535.jpg,1929,1920,-9
40540.jpg,1930,1871,-59
40545.jpg,1930,1962,32
40550.jpg,1930,2010,80
40555.jpg,1930,1911,-19
40560.jpg,1930,1970,40
40565.jpg,1930,1937,7
40570.jpg,1930,1950,20
40575.jpg,1930,1920,-10
40580.jpg,1930,1890,-40
40585.jpg,1930,1933,3
40590.jpg,1930,1942,12
40595.jpg,1930,1890,-40
40600.jpg,1930,1925,-5
40605.jpg,1930,1950,20
40610.jpg,1930,1895,-35
40615.jpg,1930,1700,-230
40620.jpg,1930,1930,0
40625.jpg,1930,1935,5
40630.jpg,1930,1935,5
40635.jpg,1930,1930,0
40640.jpg,1930,1950,20
40645.jpg,1930,2005,75
40650.jpg,1930,1920,-10
40655.jpg,1930,1950,20
40660.jpg,1930,1800,-130
40665.jpg,1930,1965,35
40670.jpg,1930,1989,59
40675.jpg,1930,1870,-60
40680.jpg,1930,1870,-60
40685.jpg,1930,1920,-10
40690.jpg,1930,1945,15
40695.jpg,1930,1960,30
40700.jpg,1930,1920,-10
40705.jpg,1930,1988,58
40710.jpg,1930,1837,-93
40715.jpg,1930,1890,-40
40720.jpg,1930,1850,-80
40725.jpg,1930,1950,20
40730.jpg,1930,1760,-170
40735.jpg,1930,1952,22
40740.jpg,1930,1925,-5
40745.jpg,1930,1917,-13
40750.jpg,1930,1870,-60
40755.jpg,1930,1970,40
40760.jpg,1930,1920,-10
40765.jpg,1930,1910,-20
40770.jpg,1930,1920,-10
40775.jpg,1930,19,-1911
40780.jpg,1930,1990,60
40785.jpg,1930,1950,20
40790.jpg,1930,1912,-18
40795.jpg,1930,1925,-5
40800.jpg,1930,1875,-55
40805.jpg,1930,1912,-18
40810.jpg,1930,1925,-5
40815.jpg,1930,1939,9
40820.jpg,1930,1935,5
40825.jpg,1930,1925,-5
40830.jpg,1930,1965,35
40835.jpg,1930,1970,40
40840.jpg,1930,1929,-1
40845.jpg,1930,1920,-10
40850.jpg,1930,1935,5
40855.jpg,1930,1930,0
40860.jpg,1930,1850,-80
40865.jpg,1930,1920,-10
40870.jpg,1930,1900,-30
40875.jpg,1930,1920,-10
40885.jpg,1930,1950,20
40890.jpg,1930,1920,-10
40895.jpg,1930,1881,-49
40900.jpg,1930,1978,48
40905.jpg,1930,1934,4
40910.jpg,1930,1929,-1
40915.jpg,1930,1912,-18
40920.jpg,1930,1950,20
40925.jpg,1930,1930,0
40930.jpg,1930,1920,-10
40935.jpg,1930,1960,30
40940.jpg,1930,1920,-10
40950.jpg,1930,1945,15
40960.jpg,1930,1920,-10
40965.jpg,1931,1952,21
40970.jpg,1931,2000,69
40975.jpg,1931,1950,19
40980.jpg,1931,1950,19
40985.jpg,1931,1921,-10
40990.jpg,1931,1926,-5
40995.jpg,1931,1950,19
41000.jpg,1931,1905,-26
41005.jpg,1931,2000,69
41010.jpg,1931,1954,23
41015.jpg,1931,1958,27
41020.jpg,1931,1939,8
41025.jpg,1931,1982,51
41030.jpg,1931,1985,54
41035.jpg,1931,1940,9
41040.jpg,1931,1950,19
41045.jpg,1931,1939,8
41050.jpg,1931,1960,29
41055.jpg,1931,1935,4
41060.jpg,1931,1960,29
41065.jpg,1931,1900,-31
41070.jpg,1931,1915,-16
41075.jpg,1931,1930,-1
41080.jpg,1931,1938,7
41085.jpg,1931,1930,-1
41095.jpg,1931,1930,-1
41100.jpg,1931,1930,-1
41105.jpg,1931,1945,14
41110.jpg,1931,1930,-1
41115.jpg,1931,1920,-11
41120.jpg,1931,1960,29
41125.jpg,1931,1950,19
41130.jpg,1931,2000,69
41135.jpg,1931,1920,-11
41140.jpg,1931,1875,-56
41150.jpg,1931,1965,34
41155.jpg,1931,1782,-149
41160.jpg,1931,1950,19
41165.jpg,1931,1850,-81
41170.jpg,1931,1865,-66
41175.jpg,1931,1950,19
41180.jpg,1931,1960,29
41185.jpg,1931,1945,14
41190.jpg,1931,1925,-6
41195.jpg,1931,1911,-20
41200.jpg,1931,1840,-91
41205.jpg,1931,1960,29
41210.jpg,1931,1929,-2
41215.jpg,1931,1920,-11
41220.jpg,1931,1850,-81
41225.jpg,1931,1750,-181
41230.jpg,1931,1930,-1
41235.jpg,1931,2000,69
41240.jpg,1931,1920,-11
41245.jpg,1931,1920,-11
41250.jpg,1931,1930,-1
41255.jpg,1931,1940,9
41260.jpg,1931,1901,-30
41265.jpg,1931,1929,-2
41270.jpg,1931,1980,49
41275.jpg,1931,1938,7
41280.jpg,1931,1951,20
41285.jpg,1931,1850,-81
41290.jpg,1931,1960,29
41295.jpg,1931,2000,69
41305.jpg,1931,1930,-1
41310.jpg,1932,1920,-12
41320.jpg,1932,1940,8
41325.jpg,1932,1790,-142
41330.jpg,1932,1944,12
41340.jpg,1932,2012,80
41345.jpg,1932,1900,-32
41350.jpg,1932,1890,-42
41355.jpg,1932,1928,-4
41360.jpg,1932,1900,-32
41365.jpg,1932,1890,-42
41370.jpg,1932,1962,30
41375.jpg,1932,1955,23
41380.jpg,1932,1952,20
41385.jpg,1932,1957,25
41390.jpg,1932,1975,43
41395.jpg,1932,1950,18
41400.jpg,1932,1965,33
41405.jpg,1932,1930,-2
41410.jpg,1932,1910,-22
41415.jpg,1932,1926,-6
41420.jpg,1932,1900,-32
41425.jpg,1932,1932,0
41430.jpg,1932,1910,-22
41435.jpg,1932,18,-1914
41440.jpg,1932,1800,-132
41445.jpg,1932,1895,-37
41450.jpg,1932,1900,-32
41455.jpg,1932,1800,-132
41460.jpg,1932,1850,-82
41465.jpg,1932,1960,28
41470.jpg,1932,1980,48
41475.jpg,1932,1920,-12
41480.jpg,1932,1885,-47
41485.jpg,1932,1958,26
41490.jpg,1932,1928,-4
41495.jpg,1932,1906,-26
41500.jpg,1932,1994,62
41505.jpg,1932,1960,28
41510.jpg,1932,1920,-12
41515.jpg,1932,1930,-2
41520.jpg,1932,1910,-22
41525.jpg,1932,1890,-42
41530.jpg,1932,1830,-102
41535.jpg,1932,1850,-82
41540.jpg,1932,1937,5
41545.jpg,1932,1880,-52
41550.jpg,1932,2005,73
41555.jpg,1932,1943,11
41560.jpg,1932,1850,-82
41565.jpg,1932,1930,-2
41570.jpg,1933,1994,61
41575.jpg,1933,1850,-83
41580.jpg,1933,1968,35
41585.jpg,1933,1985,52
41590.jpg,1933,1980,47
41595.jpg,1933,1930,-3
41600.jpg,1933,1880,-53
41605.jpg,1933,1950,17
41610.jpg,1933,1937,4
41615.jpg,1933,1938,5
41620.jpg,1933,1980,47
41625.jpg,1933,1950,17
41630.jpg,1933,1890,-43
41635.jpg,1933,1920,-13
41640.jpg,1933,1930,-3
41645.jpg,1933,1830,-103
41650.jpg,1933,1885,-48
41655.jpg,1933,1922,-11
41660.jpg,1933,1940,7
41665.jpg,1933,1905,-28
41670.jpg,1933,1975,42
41675.jpg,1933,1925,-8
41680.jpg,1933,1970,37
41685.jpg,1933,1880,-53
41690.jpg,1933,1949,16
41695.jpg,1933,1940,7
41700.jpg,1933,1920,-13
41705.jpg,1933,1938,5
41710.jpg,1933,1850,-83
41715.jpg,1933,1844,-89
41720.jpg,1933,1890,-43
41725.jpg,1933,1930,-3
41730.jpg,1933,1980,47
41745.jpg,1933,1850,-83
41750.jpg,1933,1940,7
41755.jpg,1933,1980,47
41760.jpg,1933,1985,52
41765.jpg,1933,1930,-3
41770.jpg,1933,1775,-158
41775.jpg,1933,1950,17
41780.jpg,1933,1910,-23
41785.jpg,1933,1839,-94
41790.jpg,1933,2000,67
41795.jpg,1933,2000,67
41800.jpg,1933,1970,37
41805.jpg,1933,2000,67
41810.jpg,1933,1910,-23
41815.jpg,1933,1942,9
41820.jpg,1933,1930,-3
41825.jpg,1933,1923,-10
41830.jpg,1933,1960,27
41835.jpg,1934,1950,16
41840.jpg,1934,1988,54
41845.jpg,1934,1960,26
41850.jpg,1934,1945,11
41855.jpg,1934,2007,73
41860.jpg,1934,1970,36
41865.jpg,1934,1990,56
41870.jpg,1934,1971,37
41875.jpg,1934,1890,-44
41880.jpg,1934,1920,-14
41885.jpg,1934,1910,-24
41890.jpg,1934,1950,16
41895.jpg,1934,1985,51
41900.jpg,1934,1931,-3
41905.jpg,1934,2000,66
41910.jpg,1934,1920,-14
41915.jpg,1934,1975,41
41920.jpg,1934,1950,16
41925.jpg,1934,1870,-64
41930.jpg,1934,1967,33
41935.jpg,1934,2010,76
41940.jpg,1934,1895,-39
41945.jpg,1934,1867,-67
41950.jpg,1934,1940,6
41955.jpg,1934,1952,18
41960.jpg,1934,1903,-31
41965.jpg,1934,1950,16
41970.jpg,1934,1860,-74
41975.jpg,1934,2008,74
41980.jpg,1934,1815,-119
41985.jpg,1934,1980,46
41990.jpg,1934,1890,-44
41995.jpg,1934,1980,46
42000.jpg,1934,1970,36
42005.jpg,1934,1830,-104
42010.jpg,1935,1934,-1
42015.jpg,1935,1975,40
42020.jpg,1935,1940,5
42025.jpg,1935,50,-1885
42035.jpg,1935,1970,35
42040.jpg,1935,1955,20
42045.jpg,1935,2012,77
42050.jpg,1935,1930,-5
42060.jpg,1935,1955,20
42065.jpg,1935,1920,-15
42070.jpg,1935,1920,-15
42075.jpg,1935,1975,40
42080.jpg,1935,1937,2
42085.jpg,1935,1932,-3
42090.jpg,1935,1925,-10
42095.jpg,1935,1910,-25
42100.jpg,1935,1950,15
42105.jpg,1935,1920,-15
42110.jpg,1935,1960,25
42115.jpg,1935,1901,-34
42120.jpg,1935,1956,21
42125.jpg,1935,1876,-59
42130.jpg,1935,1950,15
42135.jpg,1935,1965,30
42140.jpg,1935,1960,25
42145.jpg,1935,1850,-85
42150.jpg,1935,1850,-85
42155.jpg,1935,1785,-150
42160.jpg,1935,1910,-25
42165.jpg,1935,1930,-5
42170.jpg,1935,1850,-85
42175.jpg,1935,2004,69
42180.jpg,1935,1950,15
42185.jpg,1935,1980,45
42190.jpg,1935,1960,25
42195.jpg,1935,1997,62
42200.jpg,1935,1980,45
42205.jpg,1935,1940,5
42210.jpg,1935,1960,25
42215.jpg,1935,1930,-5
42220.jpg,1935,1930,-5
42225.jpg,1935,1935,0
42230.jpg,1935,1953,18
42235.jpg,1935,1944,9
42240.jpg,1935,1925,-10
42250.jpg,1935,1970,35
42255.jpg,1935,1920,-15
42260.jpg,1935,1850,-85
42265.jpg,1935,1945,10
42270.jpg,1935,1990,55
42275.jpg,1935,1945,10
42280.jpg,1935,1912,-23
42285.jpg,1935,1950,15
42290.jpg,1935,1920,-15
42295.jpg,1936,1895,-41
42300.jpg,1936,2010,74
42305.jpg,1936,1930,-6
42310.jpg,1936,1895,-41
42315.jpg,1936,1960,24
42320.jpg,1936,2010,74
42325.jpg,1936,1970,34
42330.jpg,1936,2010,74
42335.jpg,1936,2010,74
42340.jpg,1936,1950,14
42345.jpg,1936,1950,14
42350.jpg,1936,1975,39
42355.jpg,1936,1950,14
42360.jpg,1936,2005,69
42365.jpg,1936,1921,-15
42370.jpg,1936,1975,39
42375.jpg,1936,1845,-91
42380.jpg,1936,1965,29
42385.jpg,1936,1929,-7
42390.jpg,1936,2010,74
42395.jpg,1936,1947,11
42400.jpg,1936,1950,14
42405.jpg,1936,1945,9
42410.jpg,1936,1990,54
42415.jpg,1936,1910,-26
42420.jpg,1936,1960,24
42425.jpg,1936,1854,-82
42430.jpg,1936,2000,64
42435.jpg,1936,1850,-86
42440.jpg,1936,1950,14
42445.jpg,1936,1860,-76
42450.jpg,1936,2000,64
42455.jpg,1936,1940,4
42460.jpg,1936,1950,14
42465.jpg,1936,1950,14
42470.jpg,1936,1960,24
42475.jpg,1936,1910,-26
42480.jpg,1936,1950,14
42485.jpg,1936,1950,14
42490.jpg,1936,1920,-16
42495.jpg,1936,2008,72
42500.jpg,1936,1920,-16
42505.jpg,1936,1950,14
42510.jpg,1936,1975,39
42515.jpg,1936,1950,14
42520.jpg,1936,2009,73
42525.jpg,1936,2000,64
42530.jpg,1936,2010,74
42535.jpg,1936,1931,-5
42540.jpg,1936,1909,-27
42545.jpg,1936,1800,-136
42550.jpg,1936,1945,9
42555.jpg,1936,1905,-31
42560.jpg,1936,1895,-41
42565.jpg,1936,1915,-21
42570.jpg,1936,1962,26
42575.jpg,1936,1950,14
42585.jpg,1936,1953,17
42595.jpg,1936,1960,24
42600.jpg,1936,1954,18
42610.jpg,1937,1925,-12
42615.jpg,1937,1957,20
42620.jpg,1937,1928,-9
42625.jpg,1937,1919,-18
42630.jpg,1937,1971,34
42635.jpg,1937,1930,-7
42640.jpg,1937,1980,43
42645.jpg,1937,2007,70
42650.jpg,1937,1936,-1
42655.jpg,1937,2000,63
42660.jpg,1937,1845,-92
42665.jpg,1937,1940,3
42670.jpg,1937,1927,-10
42675.jpg,1937,1808,-129
42680.jpg,1937,1955,18
42685.jpg,1937,1950,13
42690.jpg,1937,1980,43
42695.jpg,1937,1965,28
42700.jpg,1937,1910,-27
42705.jpg,1937,1936,-1
42710.jpg,1937,2010,73
42715.jpg,1937,1990,53
42720.jpg,1937,1920,-17
42725.jpg,1937,1950,13
42730.jpg,1937,1965,28
42735.jpg,1937,1970,33
42740.jpg,1937,1937,0
42745.jpg,1937,1967,30
42750.jpg,1937,2010,73
42755.jpg,1937,1929,-8
42765.jpg,1937,1860,-77
42770.jpg,1937,1960,23
42775.jpg,1937,1850,-87
42780.jpg,1937,1955,18
42785.jpg,1937,1950,13
42790.jpg,1937,1917,-20
42795.jpg,1937,1980,43
42800.jpg,1937,1920,-17
42805.jpg,1937,2000,63
42810.jpg,1937,1785,-152
42815.jpg,1937,1940,3
42820.jpg,1937,2010,73
42825.jpg,1937,1850,-87
42830.jpg,1937,1000,-937
42835.jpg,1937,1955,18
42840.jpg,1937,1930,-7
42845.jpg,1937,1850,-87
42850.jpg,1937,1992,55
42855.jpg,1937,1938,1
42860.jpg,1937,1915,-22
42865.jpg,1937,1971,34
42870.jpg,1937,1950,13
42875.jpg,1937,2010,73
42880.jpg,1937,1910,-27
42885.jpg,1937,1925,-12
42890.jpg,1937,1949,12
42895.jpg,1937,1952,15
42900.jpg,1937,1960,23
42905.jpg,1937,1975,38
42910.jpg,1937,980,-957
42915.jpg,1938,1974,36
42920.jpg,1938,1930,-8
42925.jpg,1938,1919,-19
42930.jpg,1938,1935,-3
42935.jpg,1938,1930,-8
42940.jpg,1938,1973,35
42945.jpg,1938,2010,72
42950.jpg,1938,1985,47
42955.jpg,1938,1999,61
42960.jpg,1938,1970,32
42965.jpg,1938,1950,12
42970.jpg,1938,1940,2
42975.jpg,1938,1950,12
42980.jpg,1938,1925,-13
42985.jpg,1938,1883,-55
42990.jpg,1938,1895,-43
42995.jpg,1938,1930,-8
43000.jpg,1938,1980,42
43005.jpg,1938,1910,-28
43010.jpg,1938,2000,62
43015.jpg,1938,1950,12
43020.jpg,1938,1950,12
43025.jpg,1938,1924,-14
43030.jpg,1938,1913,-25
43035.jpg,1938,2000,62
43040.jpg,1938,1955,17
43045.jpg,1938,1998,60
43050.jpg,1938,1920,-18
43055.jpg,1938,1950,12
43060.jpg,1938,2000,62
43065.jpg,1938,1945,7
43070.jpg,1938,1950,12
43075.jpg,1938,1985,47
43080.jpg,1938,1910,-28
43085.jpg,1938,1960,22
43090.jpg,1938,1970,32
43095.jpg,1938,1890,-48
43100.jpg,1938,2008,70
43105.jpg,1938,1950,12
43110.jpg,1938,1934,-4
43115.jpg,1938,1957,19
43120.jpg,1938,1950,12
43125.jpg,1938,1999,61
43130.jpg,1938,1920,-18
43135.jpg,1938,1985,47
43140.jpg,1938,2010,72
43145.jpg,1938,1850,-88
43150.jpg,1938,1963,25
43155.jpg,1938,1950,12
43160.jpg,1938,1945,7
43165.jpg,1938,1949,11
43170.jpg,1938,1951,13
43175.jpg,1938,1978,40
43185.jpg,1938,1920,-18
43190.jpg,1938,1980,42
43195.jpg,1938,1920,-18
43200.jpg,1938,1980,42
43210.jpg,1939,1936,-3
43215.jpg,1939,1935,-4
43220.jpg,1939,1950,11
43225.jpg,1939,1854,-85
43235.jpg,1939,1920,-19
43245.jpg,1939,1995,56
43250.jpg,1939,1975,36
43255.jpg,1939,2005,66
43260.jpg,1939,1982,43
43270.jpg,1939,1835,-104
43275.jpg,1939,1911,-28
43280.jpg,1939,1850,-89
43285.jpg,1939,1960,21
43290.jpg,1939,1960,21
43295.jpg,1939,1920,-19
43300.jpg,1939,1950,11
43305.jpg,1939,1960,21
43310.jpg,1939,1930,-9
43315.jpg,1939,1930,-9
43320.jpg,1939,1955,16
43325.jpg,1939,1950,11
43330.jpg,1939,1970,31
43335.jpg,1939,1960,21
43340.jpg,1939,2006,67
43345.jpg,1939,2005,66
43350.jpg,1939,2015,76
43360.jpg,1939,1930,-9
43365.jpg,1939,1930,-9
43370.jpg,1939,1902,-37
43375.jpg,1939,1980,41
43380.jpg,1939,1940,1
43385.jpg,1939,1920,-19
43390.jpg,1939,1950,11
43395.jpg,1939,1960,21
43400.jpg,1939,2010,71
43405.jpg,1939,2000,61
43410.jpg,1939,1940,1
43415.jpg,1939,1940,1
43420.jpg,1939,20,-1919
43425.jpg,1939,1980,41
43430.jpg,1939,1872,-67
43435.jpg,1939,1965,26
43440.jpg,1939,1937,-2
43445.jpg,1939,2007,68
43450.jpg,1939,1950,11
43455.jpg,1939,1935,-4
43460.jpg,1939,2001,62
43465.jpg,1939,1850,-89
43470.jpg,1940,1928,-12
43475.jpg,1940,1935,-5
43480.jpg,1940,1932,-8
43485.jpg,1940,1937,-3
43490.jpg,1940,1920,-20
43495.jpg,1940,1937,-3
43500.jpg,1940,1980,40
43505.jpg,1940,2010,70
43510.jpg,1940,1930,-10
43515.jpg,1940,2018,78
43520.jpg,1940,1920,-20
43525.jpg,1940,1820,-120
43530.jpg,1940,1920,-20
43535.jpg,1940,1885,-55
43540.jpg,1940,1965,25
43545.jpg,1940,1950,10
43550.jpg,1940,1875,-65
43555.jpg,1940,1960,20
43560.jpg,1940,1935,-5
43565.jpg,1940,1940,0
43570.jpg,1940,1910,-30
43575.jpg,1940,1930,-10
43580.jpg,1940,1850,-90
43585.jpg,1940,1920,-20
43590.jpg,1940,1950,10
43595.jpg,1940,1990,50
43600.jpg,1940,1910,-30
43605.jpg,1940,1955,15
43610.jpg,1940,1850,-90
43615.jpg,1940,1950,10
43620.jpg,1940,1990,50
43625.jpg,1940,1950,10
43630.jpg,1940,1928,-12
43635.jpg,1940,1932,-8
43640.jpg,1940,1925,-15
43645.jpg,1940,1930,-10
43650.jpg,1940,1980,40
43655.jpg,1940,1990,50
43660.jpg,1940,1950,10
43665.jpg,1940,1935,-5
43670.jpg,1940,1900,-40
43675.jpg,1940,1945,5
43680.jpg,1940,1938,-2
43685.jpg,1940,1975,35
43700.jpg,1940,1890,-50
43705.jpg,1940,1947,7
43710.jpg,1940,1920,-20
43715.jpg,1940,1920,-20
43720.jpg,1941,1930,-11
43725.jpg,1941,1940,-1
43730.jpg,1941,2000,59
43735.jpg,1941,1998,57
43740.jpg,1941,1970,29
43745.jpg,1941,1800,-141
43750.jpg,1941,1926,-15
43755.jpg,1941,1840,-101
43760.jpg,1941,1900,-41
43765.jpg,1941,1800,-141
43770.jpg,1941,1980,39
43775.jpg,1941,1920,-21
43780.jpg,1941,1950,9
43785.jpg,1941,1950,9
43790.jpg,1941,1937,-4
43795.jpg,1941,1959,18
43800.jpg,1941,2007,66
43805.jpg,1941,1840,-101
43810.jpg,1941,1960,19
43815.jpg,1941,1975,34
43820.jpg,1941,1950,9
43825.jpg,1941,1875,-66
43830.jpg,1941,1999,58
43835.jpg,1941,1950,9
43840.jpg,1941,2019,78
43845.jpg,1941,1932,-9
43850.jpg,1941,1950,9
43855.jpg,1941,2000,59
43860.jpg,1941,1935,-6
43865.jpg,1942,1930,-12
43870.jpg,1942,1940,-2
43875.jpg,1942,1955,13
43880.jpg,1942,1950,8
43885.jpg,1942,2000,58
43890.jpg,1942,1940,-2
43895.jpg,1942,1929,-13
43900.jpg,1942,1921,-21
43905.jpg,1942,1900,-42
43910.jpg,1942,1968,26
43915.jpg,1942,1850,-92
43920.jpg,1942,18,-1924
43925.jpg,1942,2010,68
43930.jpg,1942,1930,-12
43935.jpg,1942,1979,37
43940.jpg,1942,1875,-67
43945.jpg,1942,1950,8
43950.jpg,1942,1970,28
43955.jpg,1942,1928,-14
43960.jpg,1943,1930,-13
43965.jpg,1943,1960,17
43970.jpg,1943,1980,37
43975.jpg,1943,1949,6
43980.jpg,1943,1907,-36
43985.jpg,1943,1950,7
43990.jpg,1943,1982,39
43995.jpg,1943,2000,57
44000.jpg,1943,1950,7
44005.jpg,1943,1980,37
44010.jpg,1943,1960,17
44015.jpg,1943,1960,17
44020.jpg,1943,1915,-28
44025.jpg,1943,2010,67
44030.jpg,1944,1912,-32
44035.jpg,1944,1930,-14
44040.jpg,1944,1970,26
44045.jpg,1944,2006,62
44050.jpg,1944,1885,-59
44055.jpg,1944,1939,-5
44060.jpg,1945,2000,55
44065.jpg,1945,1942,-3
44075.jpg,1945,1980,35
44080.jpg,1945,1946,1
44090.jpg,1945,1900,-45
44095.jpg,1945,1975,30
44100.jpg,1945,1961,16
44105.jpg,1945,1945,0
44110.jpg,1945,1835,-110
44115.jpg,1946,1927,-19
44120.jpg,1946,2001,55
44125.jpg,1946,1970,24
44130.jpg,1946,2000,54
44135.jpg,1946,1930,-16
44140.jpg,1946,1995,49
44145.jpg,1946,1980,34
44150.jpg,1946,-1,-1947
44155.jpg,1946,1910,-36
44160.jpg,1946,1935,-11
44165.jpg,1946,1940,-6
44170.jpg,1946,1960,14
44175.jpg,1947,1940,-7
44180.jpg,1947,1945,-2
44185.jpg,1947,1900,-47
44190.jpg,1947,2000,53
44195.jpg,1947,1980,33
44200.jpg,1947,1972,25
44205.jpg,1947,1980,33
44210.jpg,1947,2010,63
44215.jpg,1947,1932,-15
44220.jpg,1947,1950,3
44230.jpg,1947,1990,43
44240.jpg,1947,1930,-17
44245.jpg,1947,1950,3
44250.jpg,1947,2000,53
44255.jpg,1947,2008,61
44260.jpg,1947,1910,-37
44270.jpg,1947,1970,23
44275.jpg,1947,1830,-117
44280.jpg,1947,1950,3
44285.jpg,1948,1945,-3
44290.jpg,1948,2000,52
44295.jpg,1948,2010,62
44300.jpg,1948,1985,37
44305.jpg,1948,2000,52
44310.jpg,1948,1985,37
44315.jpg,1948,2000,52
44320.jpg,1948,1974,26
44325.jpg,1948,1920,-28
44330.jpg,1948,2007,59
44335.jpg,1948,1871,-77
44340.jpg,1948,1950,2
44345.jpg,1948,1959,11
44350.jpg,1948,1965,17
44355.jpg,1948,1950,2
44360.jpg,1948,1960,12
44365.jpg,1948,1970,22
44370.jpg,1948,1920,-28
44375.jpg,1948,1934,-14
44380.jpg,1948,1965,17
44385.jpg,1948,1969,21
44390.jpg,1948,1962,14
44395.jpg,1948,1960,12
44400.jpg,1949,1929,-20
44405.jpg,1949,2012,63
44410.jpg,1949,1894,-55
44415.jpg,1949,2000,51
44420.jpg,1949,2000,51
44425.jpg,1949,1986,37
44430.jpg,1949,1970,21
44435.jpg,1949,2010,61
44440.jpg,1949,2010,61
44445.jpg,1949,1990,41
44450.jpg,1949,1935,-14
44455.jpg,1949,1963,14
44460.jpg,1949,1958,9
44465.jpg,1949,1920,-29
44470.jpg,1949,1998,49
44475.jpg,1949,1930,-19
44480.jpg,1949,1985,36
44485.jpg,1949,1990,41
44490.jpg,1949,1980,31
44495.jpg,1949,1950,1
44500.jpg,1949,1963,14
44510.jpg,1949,1906,-43
44515.jpg,1949,1950,1
44520.jpg,1949,2010,61
44525.jpg,1949,1995,46
44530.jpg,1949,1940,-9
44535.jpg,1949,1970,21
44540.jpg,1950,1955,5
44545.jpg,1950,2005,55
44550.jpg,1950,1950,0
44555.jpg,1950,2010,60
44560.jpg,1950,2007,57
44565.jpg,1950,1960,10
44570.jpg,1950,1960,10
44575.jpg,1950,1920,-30
44585.jpg,1950,2018,68
44590.jpg,1950,1940,-10
44595.jpg,1950,2000,50
44600.jpg,1950,1993,43
44605.jpg,1950,2009,59
44610.jpg,1950,1980,30
44615.jpg,1950,2001,51
44620.jpg,1950,1990,40
44625.jpg,1950,1960,10
44630.jpg,1950,1950,0
44635.jpg,1950,1980,30
44640.jpg,1950,1950,0
44645.jpg,1950,1940,-10
44650.jpg,1950,2000,50
44655.jpg,1950,1920,-30
44660.jpg,1950,2005,55
44665.jpg,1950,1940,-10
44680.jpg,1950,1928,-22
44685.jpg,1950,1925,-25
44690.jpg,1950,2010,60
44695.jpg,1950,1907,-43
44700.jpg,1950,-1,-1951
44705.jpg,1951,1960,9
44710.jpg,1951,1905,-46
44720.jpg,1951,-1,-1952
44725.jpg,1951,2014,63
44730.jpg,1951,2010,59
44735.jpg,1951,1941,-10
44740.jpg,1951,1860,-91
44745.jpg,1951,1970,19
44750.jpg,1951,1970,19
44755.jpg,1951,1930,-21
44760.jpg,1951,1965,14
44765.jpg,1951,1920,-31
44770.jpg,1951,1856,-95
44775.jpg,1951,1930,-21
44780.jpg,1951,1877,-74
44785.jpg,1951,1950,-1
44790.jpg,1951,1982,31
44795.jpg,1951,2015,64
44800.jpg,1951,1950,-1
44810.jpg,1951,1963,12
44815.jpg,1951,1948,-3
44820.jpg,1951,2007,56
44825.jpg,1951,1936,-15
44830.jpg,1951,32,-1919
44840.jpg,1951,1962,11
44845.jpg,1952,2000,48
44850.jpg,1952,1985,33
44855.jpg,1952,2010,58
44860.jpg,1952,2000,48
44865.jpg,1952,2005,53
44870.jpg,1952,1985,33
44875.jpg,1952,1950,-2
44880.jpg,1952,1970,18
44885.jpg,1952,1960,8
44890.jpg,1952,1965,13
44895.jpg,1952,1950,-2
44900.jpg,1952,2014,62
44905.jpg,1952,1905,-47
44910.jpg,1952,2011,59
44915.jpg,1952,2013,61
44920.jpg,1952,2004,52
44925.jpg,1952,1970,18
44930.jpg,1952,1995,43
44940.jpg,1952,2010,58
44945.jpg,1952,1959,7
44950.jpg,1952,1950,-2
44955.jpg,1952,2007,55
44960.jpg,1953,1970,17
44965.jpg,1953,2008,55
44970.jpg,1953,1980,27
44980.jpg,1953,1965,12
44985.jpg,1953,2005,52
44990.jpg,1953,2016,63
44995.jpg,1953,1950,-3
45000.jpg,1953,2010,57
45005.jpg,1953,1935,-18
45010.jpg,1953,1867,-86
45015.jpg,1953,1960,7
45020.jpg,1953,1955,2
45025.jpg,1953,1977,24
45030.jpg,1953,1950,-3
45035.jpg,1953,1948,-5
45040.jpg,1953,1930,-23
45045.jpg,1953,1855,-98
45050.jpg,1953,1960,7
45055.jpg,1953,1950,-3
45060.jpg,1953,1950,-3
45065.jpg,1953,1980,27
45070.jpg,1953,1953,0
45075.jpg,1953,1950,-3
45080.jpg,1953,1920,-33
45085.jpg,1953,1980,27
45090.jpg,1953,1935,-18
45095.jpg,1954,1943,-11
45100.jpg,1954,2005,51
45105.jpg,1954,2000,46
45110.jpg,1954,1980,26
45115.jpg,1954,2003,49
45120.jpg,1954,2000,46
45125.jpg,1954,1981,27
45130.jpg,1954,1970,16
45135.jpg,1954,1975,21
45140.jpg,1954,1971,17
45150.jpg,1954,1930,-24
45155.jpg,1954,1950,-4
45160.jpg,1954,1980,26
45165.jpg,1954,1970,16
45170.jpg,1954,2012,58
45175.jpg,1954,1954,0
45180.jpg,1954,1950,-4
45185.jpg,1954,1920,-34
45190.jpg,1954,1965,11
45195.jpg,1954,1960,6
45200.jpg,1954,1950,-4
45205.jpg,1954,1925,-29
45210.jpg,1954,2000,46
45215.jpg,1954,1999,45
45220.jpg,1954,1858,-96
45225.jpg,1954,1982,28
45230.jpg,1954,2010,56
45235.jpg,1955,1920,-35
45240.jpg,1955,2000,45
45245.jpg,1955,2005,50
45250.jpg,1955,1970,15
45255.jpg,1955,1990,35
45260.jpg,1955,1980,25
45265.jpg,1955,1958,3
45275.jpg,1955,2000,45
45280.jpg,1955,1960,5
45285.jpg,1955,1980,25
45290.jpg,1955,1985,30
45295.jpg,1955,1976,21
45300.jpg,1955,2019,64
45310.jpg,1955,2000,45
45315.jpg,1955,2011,56
45320.jpg,1955,1886,-69
45325.jpg,1955,1918,-37
45330.jpg,1955,2010,55
45335.jpg,1955,1960,5
45345.jpg,1955,2008,53
45350.jpg,1955,1970,15
45355.jpg,1955,2010,55
45360.jpg,1955,1867,-88
45365.jpg,1955,2005,50
45370.jpg,1955,1987,32
45375.jpg,1955,1850,-105
45385.jpg,1956,2000,44
45390.jpg,1956,1947,-9
45395.jpg,1956,1980,24
45400.jpg,1956,2010,54
45405.jpg,1956,1950,-6
45410.jpg,1956,2000,44
45415.jpg,1956,1965,9
45420.jpg,1956,1955,-1
45430.jpg,1956,1988,32
45435.jpg,1956,1925,-31
45440.jpg,1956,1965,9
45445.jpg,1956,1972,16
45450.jpg,1956,1960,4
45455.jpg,1956,1975,19
45460.jpg,1956,2010,54
45465.jpg,1956,1830,-126
45470.jpg,1956,2000,44
45475.jpg,1956,1940,-16
45480.jpg,1956,1930,-26
45485.jpg,1956,1950,-6
45490.jpg,1956,1954,-2
45495.jpg,1956,1896,-60
45500.jpg,1956,2005,49
45505.jpg,1956,2000,44
45510.jpg,1956,2000,44
45515.jpg,1956,2000,44
45520.jpg,1956,2003,47
45530.jpg,1957,1910,-47
45535.jpg,1957,1997,40
45540.jpg,1957,1998,41
45545.jpg,1957,2005,48
45550.jpg,1957,2000,43
45555.jpg,1957,2013,56
45560.jpg,1957,2013,56
45565.jpg,1957,1967,10
45570.jpg,1957,1980,23
45575.jpg,1957,1940,-17
45585.jpg,1957,1900,-57
45590.jpg,1957,1965,8
45595.jpg,1957,1980,23
45605.jpg,1957,2000,43
45610.jpg,1957,2000,43
45615.jpg,1957,2000,43
45620.jpg,1957,1973,16
45630.jpg,1957,1885,-72
45635.jpg,1957,1950,-7
45640.jpg,1957,1925,-32
45645.jpg,1957,1790,-167
45650.jpg,1957,1975,18
45655.jpg,1957,1960,3
45660.jpg,1957,1982,25
45665.jpg,1957,1890,-67
45675.jpg,1957,1990,33
45680.jpg,1957,1914,-43
45685.jpg,1957,1965,8
45695.jpg,1957,2015,58
45700.jpg,1958,1945,-13
45705.jpg,1958,2010,52
45715.jpg,1958,1984,26
45720.jpg,1958,2004,46
45730.jpg,1958,1980,22
45735.jpg,1958,2000,42
45740.jpg,1958,1940,-18
45745.jpg,1958,1993,35
45750.jpg,1958,2000,42
45755.jpg,1958,1850,-108
45760.jpg,1958,1972,14
45765.jpg,1958,1965,7
45770.jpg,1958,1914,-44
45775.jpg,1958,1955,-3
45780.jpg,1958,1950,-8
45785.jpg,1958,1920,-38
45790.jpg,1958,1950,-8
45795.jpg,1958,1965,7
45800.jpg,1958,1960,2
45805.jpg,1958,1980,22
45810.jpg,1958,1820,-138
45815.jpg,1958,2005,47
45820.jpg,1958,2010,52
45825.jpg,1958,1980,22
45830.jpg,1958,2018,60
45835.jpg,1958,1924,-34
45840.jpg,1958,1965,7
45845.jpg,1958,1950,-8
45850.jpg,1958,1965,7
45855.jpg,1959,2005,46
45860.jpg,1959,1928,-31
45870.jpg,1959,2004,45
45880.jpg,1959,1925,-34
45885.jpg,1959,2009,50
45890.jpg,1959,1937,-22
45895.jpg,1959,2008,49
45900.jpg,1959,1967,8
45905.jpg,1959,1980,21
45910.jpg,1959,2008,49
45915.jpg,1959,2008,49
45925.jpg,1959,1952,-7
45930.jpg,1959,2019,60
45935.jpg,1959,1960,1
45940.jpg,1959,1982,23
45945.jpg,1959,2010,51
45950.jpg,1959,2012,53
45955.jpg,1959,2000,41
45960.jpg,1959,2000,41
45965.jpg,1959,1942,-17
45970.jpg,1959,1945,-14
45975.jpg,1959,1958,-1
45980.jpg,1959,1850,-109
45985.jpg,1959,1808,-151
45990.jpg,1960,1915,-45
45995.jpg,1960,1980,20
46000.jpg,1960,1985,25
46005.jpg,1960,2012,52
46015.jpg,1960,1975,15
46025.jpg,1960,1997,37
46030.jpg,1960,2000,40
46035.jpg,1960,1941,-19
46040.jpg,1960,1990,30
46045.jpg,1960,2007,47
46050.jpg,1960,1963,3
46055.jpg,1960,1910,-50
46060.jpg,1960,1990,30
46065.jpg,1960,1931,-29
46070.jpg,1960,1937,-23
46075.jpg,1960,2011,51
46080.jpg,1960,2004,44
46085.jpg,1960,1881,-79
46090.jpg,1960,1990,30
46095.jpg,1960,1960,0
46100.jpg,1960,1960,0
46105.jpg,1960,1960,0
46110.jpg,1960,1992,32
46115.jpg,1960,1990,30
46120.jpg,1960,2010,50
46130.jpg,1960,1850,-110
46135.jpg,1960,1970,10
46140.jpg,1960,1935,-25
46145.jpg,1960,1950,-10
46150.jpg,1960,1960,0
46155.jpg,1961,1900,-61
46160.jpg,1961,1958,-3
46170.jpg,1961,2018,57
46180.jpg,1961,1930,-31
46185.jpg,1961,1970,9
46190.jpg,1961,1889,-72
46195.jpg,1961,2013,52
46200.jpg,1961,2015,54
46205.jpg,1961,1980,19
46210.jpg,1961,1990,29
46215.jpg,1961,1965,4
46220.jpg,1961,2010,49
46225.jpg,1961,1980,19
46230.jpg,1961,2000,39
46235.jpg,1961,1955,-6
46240.jpg,1961,1998,37
46245.jpg,1961,1932,-29
46250.jpg,1961,1980,19
46255.jpg,1961,2000,39
46260.jpg,1961,1955,-6
46265.jpg,1961,2007,46
46270.jpg,1961,1932,-29
46275.jpg,1961,1930,-31
46280.jpg,1961,1890,-71
46285.jpg,1961,2016,55
46290.jpg,1961,2000,39
46295.jpg,1961,2000,39
46305.jpg,1961,2012,51
46310.jpg,1961,1972,11
46315.jpg,1961,2012,51
46320.jpg,1962,1975,13
46330.jpg,1962,1920,-42
46335.jpg,1962,2010,48
46340.jpg,1962,1961,-1
46345.jpg,1962,2000,38
46350.jpg,1962,2004,42
46355.jpg,1962,1961,-1
46360.jpg,1962,1960,-2
46365.jpg,1962,1958,-4
46370.jpg,1962,1970,8
46375.jpg,1962,2010,48
46380.jpg,1962,1970,8
46385.jpg,1962,1973,11
46390.jpg,1962,1977,15
46395.jpg,1962,1903,-59
46400.jpg,1962,1960,-2
46405.jpg,1962,1942,-20
46410.jpg,1962,1965,3
46415.jpg,1962,1895,-67
46420.jpg,1962,1982,20
46425.jpg,1962,1940,-22
46430.jpg,1962,2010,48
46435.jpg,1962,1850,-112
46440.jpg,1962,1990,28
46445.jpg,1962,1990,28
46450.jpg,1962,1950,-12
46455.jpg,1962,1928,-34
46460.jpg,1962,1970,8
46465.jpg,1963,1962,-1
46470.jpg,1963,1972,9
46475.jpg,1963,1957,-6
46480.jpg,1963,1999,36
46490.jpg,1963,1985,22
46495.jpg,1963,1950,-13
46500.jpg,1963,2010,47
46505.jpg,1963,1985,22
46510.jpg,1963,1984,21
46515.jpg,1963,1986,23
46520.jpg,1963,1964,1
46525.jpg,1963,2000,37
46530.jpg,1963,1982,19
46535.jpg,1963,1970,7
46540.jpg,1963,1956,-7
46545.jpg,1963,1950,-13
46550.jpg,1963,1955,-8
46555.jpg,1963,2000,37
46560.jpg,1963,2013,50
46565.jpg,1963,2015,52
46570.jpg,1963,1988,25
46575.jpg,1963,1966,3
46580.jpg,1963,1985,22
46585.jpg,1963,2010,47
46590.jpg,1963,1920,-43
46595.jpg,1963,1950,-13
46600.jpg,1963,1960,-3
46605.jpg,1963,2004,41
46615.jpg,1963,2000,37
46620.jpg,1963,1980,17
46625.jpg,1963,2000,37
46630.jpg,1963,1911,-52
46635.jpg,1964,1965,1
46640.jpg,1964,2016,52
46645.jpg,1964,2001,37
46650.jpg,1964,1984,20
46655.jpg,1964,1990,26
46660.jpg,1964,2008,44
46665.jpg,1964,1999,35
46670.jpg,1964,1974,10
46675.jpg,1964,2012,48
46680.jpg,1964,2000,36
46685.jpg,1964,1980,16
46690.jpg,1964,1980,16
46695.jpg,1964,2015,51
46700.jpg,1964,1937,-27
46705.jpg,1964,2015,51
46710.jpg,1964,1970,6
46715.jpg,1964,2000,36
46720.jpg,1964,1980,16
46725.jpg,1964,2000,36
46730.jpg,1964,1955,-9
46735.jpg,1964,1938,-26
46740.jpg,1964,1971,7
46745.jpg,1964,1940,-24
46750.jpg,1964,1620,-344
46755.jpg,1964,1960,-4
46760.jpg,1964,1900,-64
46765.jpg,1964,2001,37
46770.jpg,1964,1969,5
46775.jpg,1964,1920,-44
46780.jpg,1964,1980,16
46785.jpg,1964,1850,-114
46790.jpg,1964,2000,36
46795.jpg,1964,2010,46
46805.jpg,1964,1958,-6
46810.jpg,1964,1940,-24
46815.jpg,1964,2010,46
46820.jpg,1965,1990,25
46825.jpg,1965,1996,31
46830.jpg,1965,1965,0
46835.jpg,1965,2000,35
46840.jpg,1965,2010,45
46845.jpg,1965,2005,40
46850.jpg,1965,2000,35
46860.jpg,1965,2010,45
46865.jpg,1965,1960,-5
46870.jpg,1965,2006,41
46875.jpg,1965,2010,45
46885.jpg,1965,2009,44
46890.jpg,1965,2005,40
46895.jpg,1965,1935,-30
46900.jpg,1965,1950,-15
46905.jpg,1965,1923,-42
46910.jpg,1965,2005,40
46915.jpg,1965,1990,25
46920.jpg,1965,1922,-43
46930.jpg,1965,1987,22
46935.jpg,1965,1980,15
46940.jpg,1965,1950,-15
46945.jpg,1965,1999,34
46950.jpg,1965,2003,38
46955.jpg,1965,2010,45
46960.jpg,1965,2000,35
46965.jpg,1965,2005,40
46970.jpg,1965,1982,17
46990.jpg,1965,2005,40
46995.jpg,1965,1917,-48
47000.jpg,1965,2004,39
47005.jpg,1966,1960,-6
47010.jpg,1966,1960,-6
47015.jpg,1966,2001,35
47020.jpg,1966,1994,28
47025.jpg,1966,1980,14
47030.jpg,1966,1960,-6
47035.jpg,1966,2008,42
47040.jpg,1966,2012,46
47050.jpg,1966,2000,34
47055.jpg,1966,1989,23
47060.jpg,1966,2010,44
47065.jpg,1966,1912,-54
47070.jpg,1966,1939,-27
47075.jpg,1966,2002,36
47080.jpg,1966,1985,19
47085.jpg,1966,1968,2
47090.jpg,1966,1958,-8
47100.jpg,1966,1879,-87
47105.jpg,1966,1950,-16
47115.jpg,1966,1981,15
47120.jpg,1966,1965,-1
47125.jpg,1966,1990,24
47130.jpg,1966,1920,-46
47135.jpg,1966,1932,-34
47140.jpg,1966,2005,39
47145.jpg,1966,1890,-76
47150.jpg,1966,1946,-20
47155.jpg,1966,1902,-64
47170.jpg,1966,1990,24
47175.jpg,1966,1970,4
47180.jpg,1966,1980,14
47185.jpg,1966,1975,9
47190.jpg,1966,1940,-26
47195.jpg,1966,1960,-6
47200.jpg,1966,1960,-6
47205.jpg,1966,1970,4
47210.jpg,1966,2017,51
47215.jpg,1966,2015,49
47220.jpg,1966,1990,24
47225.jpg,1967,1985,18
47230.jpg,1967,1957,-10
47235.jpg,1967,1906,-61
47240.jpg,1967,1980,13
47245.jpg,1967,2000,33
47255.jpg,1967,2000,33
47265.jpg,1967,2001,34
47270.jpg,1967,2010,43
47275.jpg,1967,2010,43
47280.jpg,1967,2008,41
47285.jpg,1967,1980,13
47290.jpg,1967,2000,33
47295.jpg,1967,1930,-37
47300.jpg,1967,1929,-38
47305.jpg,1967,1928,-39
47310.jpg,1967,1965,-2
47315.jpg,1967,1970,3
47320.jpg,1967,1960,-7
47325.jpg,1967,1970,3
47330.jpg,1967,2010,43
47335.jpg,1967,1940,-27
47340.jpg,1967,2010,43
47345.jpg,1967,1940,-27
47350.jpg,1967,1920,-47
47355.jpg,1967,1958,-9
47360.jpg,1967,1940,-27
47365.jpg,1967,1940,-27
47370.jpg,1967,1900,-67
47375.jpg,1967,1918,-49
47380.jpg,1967,2015,48
47385.jpg,1967,1990,23
47395.jpg,1967,2000,33
47400.jpg,1967,1960,-7
47405.jpg,1967,1930,-37
47410.jpg,1967,2015,48
47420.jpg,1967,2005,38
47425.jpg,1967,2000,33
47430.jpg,1967,2000,33
47435.jpg,1967,1960,-7
47440.jpg,1967,1980,13
47445.jpg,1967,1980,13
47450.jpg,1968,1980,12
47455.jpg,1968,1949,-19
47460.jpg,1968,1960,-8
47465.jpg,1968,1980,12
47470.jpg,1968,1965,-3
47475.jpg,1968,1969,1
47480.jpg,1968,2003,35
47485.jpg,1968,1965,-3
47490.jpg,1968,2015,47
47495.jpg,1968,2003,35
47500.jpg,1968,2010,42
47505.jpg,1968,2012,44
47515.jpg,1968,1965,-3
47520.jpg,1968,1920,-48
47525.jpg,1968,1960,-8
47530.jpg,1968,1959,-9
47535.jpg,1968,1950,-18
47540.jpg,1968,1955,-13
47545.jpg,1968,1927,-41
47550.jpg,1968,1990,22
47555.jpg,1968,1942,-26
47560.jpg,1968,2008,40
47565.jpg,1968,1965,-3
47570.jpg,1968,1970,2
47575.jpg,1968,1790,-178
47580.jpg,1968,2000,32
47585.jpg,1968,1877,-91
47590.jpg,1968,2000,32
47595.jpg,1968,1970,2
47600.jpg,1968,2010,42
47610.jpg,1968,2005,37
47620.jpg,1968,2010,42
47625.jpg,1968,1940,-28
47630.jpg,1968,2010,42
47635.jpg,1968,1967,-1
47640.jpg,1968,1964,-4
47645.jpg,1968,1985,17
47650.jpg,1969,1952,-17
47655.jpg,1969,1950,-19
47660.jpg,1969,1960,-9
47665.jpg,1969,1987,18
47670.jpg,1969,1992,23
47675.jpg,1969,1950,-19
47680.jpg,1969,20,-1949
47685.jpg,1969,1980,11
47690.jpg,1969,1997,28
47695.jpg,1969,1901,-68
47700.jpg,1969,2011,42
47710.jpg,1969,2005,36
47715.jpg,1969,1919,-50
47720.jpg,1969,1965,-4
47730.jpg,1969,1970,1
47735.jpg,1969,2007,38
47740.jpg,1969,1970,1
47745.jpg,1969,2002,33
47750.jpg,1969,2007,38
47755.jpg,1969,1920,-49
47760.jpg,1969,1955,-14
47765.jpg,1969,2005,36
47770.jpg,1969,1970,1
47780.jpg,1969,2000,31
47785.jpg,1969,1995,26
47790.jpg,1969,1971,2
47795.jpg,1969,2003,34
47800.jpg,1969,1980,11
47805.jpg,1969,1920,-49
47810.jpg,1969,1980,11
47815.jpg,1969,2006,37
47820.jpg,1969,2012,43
47825.jpg,1969,1970,1
47830.jpg,1969,1950,-19
47835.jpg,1970,1960,-10
47840.jpg,1970,1965,-5
47845.jpg,1970,1995,25
47850.jpg,1970,2000,30
47855.jpg,1970,1970,0
47860.jpg,1970,2001,31
47865.jpg,1970,2000,30
47870.jpg,1970,1975,5
47875.jpg,1970,2007,37
47880.jpg,1970,2012,42
47890.jpg,1970,2005,35
47895.jpg,1970,1977,7
47900.jpg,1970,2000,30
47905.jpg,1970,1974,4
47910.jpg,1970,1970,0
47915.jpg,1970,2010,40
47920.jpg,1970,2010,40
47925.jpg,1970,2000,30
47930.jpg,1970,1960,-10
47935.jpg,1970,1990,20
47940.jpg,1970,1960,-10
47945.jpg,1970,1734,-236
47950.jpg,1970,1995,25
47955.jpg,1970,2010,40
47960.jpg,1970,1955,-15
47965.jpg,1970,2000,30
47970.jpg,1970,1985,15
47975.jpg,1970,1984,14
47980.jpg,1970,1939,-31
47985.jpg,1970,1971,1
47990.jpg,1970,1960,-10
47995.jpg,1970,2002,32
48000.jpg,1971,1965,-6
48005.jpg,1971,1968,-3
48010.jpg,1971,1955,-16
48020.jpg,1971,2015,44
48025.jpg,1971,2000,29
48030.jpg,1971,1975,4
48035.jpg,1971,1952,-19
48040.jpg,1971,1990,19
48045.jpg,1971,2010,39
48050.jpg,1971,1970,-1
48065.jpg,1971,1965,-6
48070.jpg,1971,1986,15
48075.jpg,1971,2010,39
48080.jpg,1971,1975,4
48085.jpg,1971,1950,-21
48090.jpg,1971,1933,-38
48095.jpg,1971,1948,-23
48100.jpg,1971,2010,39
48105.jpg,1971,2008,37
48110.jpg,1971,1985,14
48115.jpg,1971,1990,19
48120.jpg,1971,1985,14
48130.jpg,1971,1999,28
48135.jpg,1971,1973,2
48140.jpg,1971,1974,3
48145.jpg,1971,2000,29
48150.jpg,1971,1970,-1
48155.jpg,1971,1952,-19
48160.jpg,1971,1950,-21
48170.jpg,1971,1954,-17
48175.jpg,1971,1972,1
48180.jpg,1972,1960,-12
48185.jpg,1972,1945,-27
48190.jpg,1972,1962,-10
48195.jpg,1972,1994,22
48200.jpg,1972,1970,-2
48205.jpg,1972,2000,28
48215.jpg,1972,2005,33
48220.jpg,1972,1968,-4
48225.jpg,1972,2005,33
48230.jpg,1972,1990,18
48235.jpg,1972,2004,32
48240.jpg,1972,1977,5
48245.jpg,1972,1975,3
48250.jpg,1972,1970,-2
48255.jpg,1972,1930,-42
48260.jpg,1972,1980,8
48265.jpg,1972,1970,-2
48270.jpg,1972,1950,-22
48275.jpg,1972,1939,-33
48280.jpg,1972,1940,-32
48285.jpg,1972,1960,-12
48290.jpg,1972,1890,-82
48295.jpg,1972,1984,12
48300.jpg,1972,1980,8
48305.jpg,1972,1995,23
48310.jpg,1972,2013,41
48320.jpg,1972,2005,33
48325.jpg,1972,1978,6
48330.jpg,1972,1990,18
48335.jpg,1972,1930,-42
48340.jpg,1972,1950,-22
48345.jpg,1972,1968,-4
48350.jpg,1972,1970,-2
48355.jpg,1972,1960,-12
48360.jpg,1973,1929,-44
48365.jpg,1973,2000,27
48370.jpg,1973,1965,-8
48375.jpg,1973,2010,37
48380.jpg,1973,1980,7
48385.jpg,1973,2009,36
48390.jpg,1973,1987,14
48395.jpg,1973,1998,25
48400.jpg,1973,1970,-3
48405.jpg,1973,2004,31
48410.jpg,1973,2000,27
48415.jpg,1973,2008,35
48420.jpg,1973,1980,7
48425.jpg,1973,1966,-7
48430.jpg,1973,1960,-13
48435.jpg,1973,1962,-11
48440.jpg,1973,1970,-3
48445.jpg,1973,1990,17
48450.jpg,1973,1990,17
48455.jpg,1973,1950,-23
48465.jpg,1973,1890,-83
48475.jpg,1973,1973,0
48480.jpg,1973,1960,-13
48490.jpg,1973,1990,17
48495.jpg,1973,1980,7
48500.jpg,1973,1890,-83
48505.jpg,1973,2010,37
48510.jpg,1973,1970,-3
48515.jpg,1973,1920,-53
48525.jpg,1973,1961,-12
48530.jpg,1974,2000,26
48535.jpg,1974,1980,6
48540.jpg,1974,2005,31
48545.jpg,1974,2000,26
48550.jpg,1974,2019,45
48555.jpg,1974,1955,-19
48560.jpg,1974,1980,6
48565.jpg,1974,2012,38
48570.jpg,1974,2010,36
48575.jpg,1974,2000,26
48580.jpg,1974,2000,26
48585.jpg,1974,1966,-8
48590.jpg,1974,1994,20
48595.jpg,1974,1960,-14
48600.jpg,1974,1980,6
48605.jpg,1974,1957,-17
48610.jpg,1974,1992,18
48615.jpg,1974,2018,44
48620.jpg,1974,1904,-70
48625.jpg,1974,1933,-41
48630.jpg,1974,2007,33
48635.jpg,1974,2015,41
48640.jpg,1974,1942,-32
48650.jpg,1974,1960,-14
48670.jpg,1974,2000,26
48675.jpg,1974,1985,11
48680.jpg,1974,1982,8
48685.jpg,1974,1985,11
48690.jpg,1974,2000,26
48695.jpg,1974,1926,-48
48700.jpg,1974,2010,36
48705.jpg,1974,2000,26
48710.jpg,1974,2000,26
48715.jpg,1974,2010,36
48720.jpg,1974,1970,-4
48725.jpg,1974,1850,-124
48735.jpg,1975,2000,25
48740.jpg,1975,1985,10
48745.jpg,1975,1984,9
48750.jpg,1975,1971,-4
48755.jpg,1975,1970,-5
48760.jpg,1975,1982,7
48765.jpg,1975,1999,24
48770.jpg,1975,2004,29
48775.jpg,1975,1960,-15
48780.jpg,1975,1967,-8
48785.jpg,1975,1965,-10
48790.jpg,1975,1953,-22
48795.jpg,1975,2000,25
48800.jpg,1975,1959,-16
48805.jpg,1975,1958,-17
48810.jpg,1975,2010,35
48815.jpg,1975,1950,-25
48820.jpg,1975,2005,30
48825.jpg,1975,1980,5
48830.jpg,1975,1978,3
48835.jpg,1975,1970,-5
48840.jpg,1975,1920,-55
48845.jpg,1975,1975,0
48850.jpg,1975,1995,20
48855.jpg,1975,2010,35
48860.jpg,1975,1985,10
48865.jpg,1975,2005,30
48870.jpg,1975,2003,28
48875.jpg,1975,2010,35
48880.jpg,1975,2000,25
48885.jpg,1975,1962,-13
48890.jpg,1975,2000,25
48895.jpg,1975,1976,1
48900.jpg,1976,1917,-59
48905.jpg,1976,1985,9
48910.jpg,1976,1972,-4
48915.jpg,1976,1980,4
48920.jpg,1976,2023,47
48925.jpg,1976,1995,19
48930.jpg,1976,2006,30
48940.jpg,1976,1979,3
48945.jpg,1976,1972,-4
48950.jpg,1976,2010,34
48955.jpg,1976,1954,-22
48960.jpg,1976,1972,-4
48965.jpg,1976,1985,9
48970.jpg,1976,1961,-15
48975.jpg,1976,1970,-6
48985.jpg,1976,1999,23
48990.jpg,1976,1950,-26
49000.jpg,1976,1860,-116
49020.jpg,1976,1950,-26
49030.jpg,1976,1975,-1
49035.jpg,1976,2010,34
49040.jpg,1976,1975,-1
49045.jpg,1976,1990,14
49050.jpg,1976,2000,24
49060.jpg,1976,1972,-4
49065.jpg,1976,2000,24
49070.jpg,1976,2010,34
49075.jpg,1976,1232,-744
49080.jpg,1976,1962,-14
49085.jpg,1976,1994,18
49090.jpg,1976,2018,42
49095.jpg,1977,2017,40
49100.jpg,1977,1930,-47
49105.jpg,1977,2000,23
49110.jpg,1977,1990,13
49115.jpg,1977,1980,3
49120.jpg,1977,1980,3
49125.jpg,1977,1987,10
49130.jpg,1977,2010,33
49135.jpg,1977,1939,-38
49140.jpg,1977,1975,-2
49145.jpg,1977,1965,-12
49150.jpg,1977,1967,-10
49155.jpg,1977,1970,-7
49160.jpg,1977,1966,-11
49165.jpg,1977,1975,-2
49170.jpg,1977,1975,-2
49175.jpg,1977,1910,-67
49180.jpg,1977,1988,11
49185.jpg,1977,2014,37
49190.jpg,1977,2015,38
49195.jpg,1977,1950,-27
49205.jpg,1977,2010,33
49210.jpg,1977,1970,-7
49215.jpg,1977,1990,13
49220.jpg,1977,2000,23
49225.jpg,1977,1986,9
49230.jpg,1977,2001,24
49235.jpg,1977,1985,8
49240.jpg,1977,2015,38
49250.jpg,1977,1970,-7
49255.jpg,1977,1987,10
49260.jpg,1978,2000,22
49265.jpg,1978,2011,33
49270.jpg,1978,1960,-18
49280.jpg,1978,2008,30
49285.jpg,1978,1950,-28
49290.jpg,1978,1955,-23
49295.jpg,1978,2000,22
49305.jpg,1978,2000,22
49310.jpg,1978,2010,32
49315.jpg,1978,1975,-3
49320.jpg,1978,1987,9
49325.jpg,1978,1958,-20
49330.jpg,1978,2015,37
49335.jpg,1978,1980,2
49340.jpg,1978,1910,-68
49345.jpg,1978,2000,22
49350.jpg,1978,1935,-43
49355.jpg,1978,2000,22
49360.jpg,1978,1995,17
49365.jpg,1978,2005,27
49370.jpg,1978,2003,25
49375.jpg,1978,1990,12
49385.jpg,1978,2008,30
49390.jpg,1978,1998,20
49395.jpg,1978,1993,15
49400.jpg,1978,1980,2
49405.jpg,1979,1985,6
49410.jpg,1979,1975,-4
49415.jpg,1979,1968,-11
49420.jpg,1979,1990,11
49425.jpg,1979,2012,33
49430.jpg,1979,1980,1
49435.jpg,1979,1980,1
49440.jpg,1979,1955,-24
49445.jpg,1979,1980,1
49450.jpg,1979,1935,-44
49455.jpg,1979,1985,6
49460.jpg,1979,2013,34
49465.jpg,1979,1965,-14
49470.jpg,1979,1985,6
49475.jpg,1979,1963,-16
49480.jpg,1979,1841,-138
49485.jpg,1979,1950,-29
49490.jpg,1979,1945,-34
49495.jpg,1979,1950,-29
49500.jpg,1979,2014,35
49505.jpg,1979,2000,21
49510.jpg,1979,2010,31
49515.jpg,1979,1992,13
49525.jpg,1979,2000,21
49530.jpg,1979,1965,-14
49535.jpg,1979,1990,11
49540.jpg,1979,1998,19
49545.jpg,1979,1995,16
49550.jpg,1979,2010,31
49555.jpg,1979,2010,31
49560.jpg,1979,2010,31
49565.jpg,1980,1987,7
49570.jpg,1980,1920,-60
49585.jpg,1980,1992,12
49590.jpg,1980,1966,-14
49595.jpg,1980,1970,-10
49600.jpg,1980,1998,18
49605.jpg,1980,1990,10
49610.jpg,1980,1990,10
49615.jpg,1980,2015,35
49620.jpg,1980,1970,-10
49625.jpg,1980,1860,-120
49630.jpg,1980,2015,35
49635.jpg,1980,1992,12
49640.jpg,1980,2010,30
49645.jpg,1980,2010,30
49650.jpg,1980,2012,32
49655.jpg,1980,1961,-19
49660.jpg,1980,2000,20
49665.jpg,1980,2015,35
49675.jpg,1980,2000,20
49680.jpg,1980,2010,30
49685.jpg,1980,2000,20
49690.jpg,1980,1990,10
49695.jpg,1980,1985,5
49700.jpg,1980,1985,5
49705.jpg,1980,1980,0
49710.jpg,1981,2000,19
49715.jpg,1981,2010,29
49720.jpg,1981,2000,19
49725.jpg,1981,2003,22
49735.jpg,1981,2000,19
49740.jpg,1981,2005,24
49745.jpg,1981,2003,22
49750.jpg,1981,1972,-9
49755.jpg,1981,1980,-1
49760.jpg,1981,1975,-6
49770.jpg,1981,1975,-6
49775.jpg,1981,1960,-21
49780.jpg,1981,2019,38
49785.jpg,1981,1977,-4
49790.jpg,1981,1976,-5
49795.jpg,1981,1950,-31
49800.jpg,1981,1950,-31
49805.jpg,1981,1990,9
49810.jpg,1981,1965,-16
49815.jpg,1981,1871,-110
49820.jpg,1981,1871,-110
49825.jpg,1981,2005,24
49830.jpg,1981,1950,-31
49835.jpg,1981,1999,18
49840.jpg,1981,2020,39
49845.jpg,1981,1973,-8
49850.jpg,1981,2011,30
49860.jpg,1981,2005,24
49865.jpg,1981,2010,29
49875.jpg,1981,1972,-9
49880.jpg,1981,2013,32
49885.jpg,1981,2005,24
49890.jpg,1981,2000,19
49895.jpg,1981,2010,29
49900.jpg,1981,2010,29
49905.jpg,1981,1964,-17
49910.jpg,1981,2010,29
49915.jpg,1981,1959,-22
49920.jpg,1982,2010,28
49925.jpg,1982,2016,34
49930.jpg,1982,2015,33
49935.jpg,1982,1995,13
49940.jpg,1982,1997,15
49945.jpg,1982,1967,-15
49950.jpg,1982,2008,26
49955.jpg,1982,1985,3
49960.jpg,1982,1975,-7
49965.jpg,1982,-1,-1983
49975.jpg,1982,2006,24
49980.jpg,1982,2010,28
49985.jpg,1982,1990,8
49990.jpg,1982,1973,-9
49995.jpg,1982,1970,-12
50000.jpg,1982,1985,3
50005.jpg,1982,2010,28
50010.jpg,1982,1978,-4
50015.jpg,1982,1970,-12
50020.jpg,1982,2000,18
50025.jpg,1982,1995,13
50030.jpg,1982,1984,2
50035.jpg,1982,2015,33
50040.jpg,1982,2008,26
50045.jpg,1982,1980,-2
50050.jpg,1982,1950,-32
50055.jpg,1982,2010,28
50060.jpg,1982,2012,30
50065.jpg,1982,1950,-32
50070.jpg,1982,1965,-17
50075.jpg,1982,1970,-12
50080.jpg,1982,1905,-77
50095.jpg,1982,1925,-57
50100.jpg,1982,1830,-152
50105.jpg,1982,1973,-9
50110.jpg,1982,1890,-92
50115.jpg,1982,2010,28
50120.jpg,1982,1900,-82
50145.jpg,1982,1920,-62
50150.jpg,1982,1988,6
50155.jpg,1982,2009,27
50160.jpg,1983,2000,17
50165.jpg,1983,1957,-26
50170.jpg,1983,2005,22
50175.jpg,1983,1970,-13
50185.jpg,1983,1910,-73
50190.jpg,1983,1925,-58
50195.jpg,1983,2015,32
50200.jpg,1983,1966,-17
50205.jpg,1983,2000,17
50210.jpg,1983,2010,27
50220.jpg,1983,1980,-3
50225.jpg,1983,2000,17
50230.jpg,1983,1980,-3
50235.jpg,1983,2000,17
50240.jpg,1983,2000,17
50245.jpg,1983,1965,-18
50250.jpg,1983,1965,-18
50255.jpg,1983,1971,-12
50260.jpg,1983,1992,9
50270.jpg,1983,1980,-3
50275.jpg,1983,1965,-18
50280.jpg,1983,2000,17
50285.jpg,1983,1971,-12
50290.jpg,1983,1963,-20
50295.jpg,1983,1950,-33
50300.jpg,1983,1998,15
50305.jpg,1983,1980,-3
50310.jpg,1983,1981,-2
50315.jpg,1983,1870,-113
50320.jpg,1983,2010,27
50325.jpg,1983,1980,-3
50330.jpg,1983,1975,-8
50335.jpg,1983,2005,22
50340.jpg,1983,2010,27
50345.jpg,1983,2010,27
50350.jpg,1983,2010,27
50355.jpg,1983,1926,-57
50360.jpg,1983,1986,3
50365.jpg,1983,1958,-25
50370.jpg,1983,1980,-3
50375.jpg,1983,1985,2
50380.jpg,1983,2000,17
50385.jpg,1983,2010,27
50390.jpg,1984,1970,-14
50395.jpg,1984,1954,-30
50400.jpg,1984,2000,16
50405.jpg,1984,1960,-24
50410.jpg,1984,1990,6
50415.jpg,1984,1980,-4
50420.jpg,1984,2005,21
50425.jpg,1984,2017,33
50430.jpg,1984,2000,16
50435.jpg,1984,1955,-29
50440.jpg,1984,1962,-22
50445.jpg,1984,1962,-22
50450.jpg,1984,2000,16
50455.jpg,1984,1989,5
50465.jpg,1984,2000,16
50470.jpg,1984,1980,-4
50475.jpg,1984,1993,9
50480.jpg,1984,1977,-7
50485.jpg,1984,1983,-1
50490.jpg,1984,2008,24
50495.jpg,1984,1328,-656
50500.jpg,1984,1980,-4
50505.jpg,1984,1970,-14
50515.jpg,1984,2010,26
50520.jpg,1984,1927,-57
50525.jpg,1984,1962,-22
50530.jpg,1984,1919,-65
50535.jpg,1984,1930,-54
50540.jpg,1984,2000,16
50545.jpg,1984,1986,2
50550.jpg,1984,1980,-4
50555.jpg,1984,2012,28
50560.jpg,1984,1960,-24
50565.jpg,1984,2000,16
50570.jpg,1984,1990,6
50575.jpg,1984,1970,-14
50580.jpg,1985,1920,-65
50585.jpg,1985,1942,-43
50595.jpg,1985,2000,15
50600.jpg,1985,2000,15
50605.jpg,1985,2018,33
50610.jpg,1985,1992,7
50615.jpg,1985,2000,15
50620.jpg,1985,1992,7
50630.jpg,1985,2010,25
50635.jpg,1985,1980,-5
50640.jpg,1985,1960,-25
50645.jpg,1985,1966,-19
50650.jpg,1985,280,-1705
50655.jpg,1985,2011,26
50660.jpg,1985,1954,-31
50665.jpg,1985,1964,-21
50670.jpg,1985,1972,-13
50675.jpg,1985,2000,15
50680.jpg,1985,1975,-10
50685.jpg,1985,2010,25
50690.jpg,1985,2003,18
50695.jpg,1985,1928,-57
50700.jpg,1985,1957,-28
50705.jpg,1985,1930,-55
50710.jpg,1985,1920,-65
50715.jpg,1985,1985,0
50720.jpg,1985,1895,-90
50730.jpg,1985,1985,0
50735.jpg,1985,2005,20
50740.jpg,1985,2015,30
50745.jpg,1985,2010,25
50750.jpg,1985,1980,-5
50755.jpg,1985,2000,15
50760.jpg,1985,2023,38
50765.jpg,1985,2010,25
50770.jpg,1985,1977,-8
50775.jpg,1985,1974,-11
50780.jpg,1986,2010,24
50785.jpg,1986,1970,-16
50790.jpg,1986,2000,14
50795.jpg,1986,2000,14
50800.jpg,1986,2000,14
50805.jpg,1986,2005,19
50810.jpg,1986,1920,-66
50815.jpg,1986,1990,4
50820.jpg,1986,1975,-11
50830.jpg,1986,2011,25
50835.jpg,1986,1970,-16
50840.jpg,1986,1998,12
50845.jpg,1986,1975,-11
50850.jpg,1986,1975,-11
50855.jpg,1986,1998,12
50860.jpg,1986,1960,-26
50865.jpg,1986,1913,-73
50870.jpg,1986,2010,24
50885.jpg,1986,1980,-6
50890.jpg,1986,1985,-1
50895.jpg,1986,1970,-16
50900.jpg,1986,1960,-26
50905.jpg,1986,1990,4
50910.jpg,1986,1959,-27
50915.jpg,1986,1980,-6
50920.jpg,1986,1930,-56
50925.jpg,1986,1750,-236
50930.jpg,1986,1979,-7
50935.jpg,1986,1941,-45
50940.jpg,1986,1905,-81
50945.jpg,1986,2015,29
50950.jpg,1986,2000,14
50955.jpg,1986,1995,9
50960.jpg,1986,1994,8
50965.jpg,1986,1990,4
50970.jpg,1986,2000,14
50975.jpg,1986,1964,-22
50980.jpg,1986,1950,-36
50985.jpg,1986,1916,-70
50990.jpg,1987,1993,6
50995.jpg,1987,1925,-62
51000.jpg,1987,1975,-12
51010.jpg,1987,2000,13
51015.jpg,1987,2007,20
51020.jpg,1987,2005,18
51025.jpg,1987,1937,-50
51030.jpg,1987,1975,-12
51035.jpg,1987,2012,25
51040.jpg,1987,1970,-17
51045.jpg,1987,1990,3
51050.jpg,1987,1980,-7
51055.jpg,1987,1990,3
51060.jpg,1987,20,-1967
51065.jpg,1987,2013,26
51070.jpg,1987,1972,-15
51075.jpg,1987,1975,-12
51080.jpg,1987,1975,-12
51085.jpg,1987,1975,-12
51090.jpg,1987,1999,12
51095.jpg,1987,1992,5
51100.jpg,1987,1930,-57
51105.jpg,1987,2005,18
51110.jpg,1987,1950,-37
51115.jpg,1987,2003,16
51120.jpg,1987,2009,22
51125.jpg,1987,1854,-133
51130.jpg,1987,1807,-180
51135.jpg,1987,1995,8
51140.jpg,1987,2000,13
51145.jpg,1987,1986,-1
51155.jpg,1987,2005,18
51165.jpg,1987,1955,-32
51170.jpg,1987,1940,-47
51175.jpg,1987,2008,21
51180.jpg,1987,1980,-7
51200.jpg,1988,1950,-38
51205.jpg,1988,1970,-18
51210.jpg,1988,2000,12
51215.jpg,1988,2010,22
51220.jpg,1988,2010,22
51225.jpg,1988,1980,-8
51240.jpg,1988,1968,-20
51245.jpg,1988,2000,12
51250.jpg,1988,2015,27
51255.jpg,1988,2002,14
51260.jpg,1988,1968,-20
51265.jpg,1988,1970,-18
51270.jpg,1988,2000,12
51275.jpg,1988,1975,-13
51280.jpg,1988,1982,-6
51285.jpg,1988,1973,-15
51290.jpg,1988,1966,-22
51295.jpg,1988,1969,-19
51300.jpg,1988,2000,12
51305.jpg,1988,1960,-28
51310.jpg,1988,1958,-30
51315.jpg,1988,1980,-8
51320.jpg,1988,1962,-26
51330.jpg,1988,1958,-30
51335.jpg,1988,1865,-123
51340.jpg,1988,2010,22
51345.jpg,1988,1903,-85
51350.jpg,1988,1925,-63
51355.jpg,1988,1979,-9
51360.jpg,1988,2017,29
51365.jpg,1988,1985,-3
51370.jpg,1988,2010,22
51375.jpg,1988,2005,17
51380.jpg,1988,2000,12
51385.jpg,1988,2000,12
51390.jpg,1988,2000,12
51395.jpg,1988,1967,-21
51400.jpg,1988,2015,27
51405.jpg,1988,1975,-13
51410.jpg,1989,2010,21
51415.jpg,1989,2010,21
51420.jpg,1989,1960,-29
51425.jpg,1989,2005,16
51430.jpg,1989,2010,21
51435.jpg,1989,1980,-9
51440.jpg,1989,2005,16
51445.jpg,1989,1960,-29
51455.jpg,1989,1965,-24
51460.jpg,1989,2001,12
51470.jpg,1989,1972,-17
51475.jpg,1989,1980,-9
51480.jpg,1989,1980,-9
51485.jpg,1989,1970,-19
51490.jpg,1989,1970,-19
51495.jpg,1989,2020,31
51500.jpg,1989,1960,-29
51505.jpg,1989,2010,21
51510.jpg,1989,1985,-4
51515.jpg,1989,1980,-9
51520.jpg,1989,2000,11
51525.jpg,1989,1900,-89
51530.jpg,1989,1965,-24
51535.jpg,1989,2012,23
51540.jpg,1989,2000,11
51545.jpg,1989,1912,-77
51550.jpg,1989,1890,-99
51555.jpg,1989,2000,11
51560.jpg,1989,1950,-39
51565.jpg,1989,1967,-22
51575.jpg,1989,1990,1
51580.jpg,1989,1500,-489
51585.jpg,1989,1980,-9
51590.jpg,1989,2008,19
51595.jpg,1989,1968,-21
51600.jpg,1989,2000,11
51605.jpg,1990,1890,-100
51610.jpg,1990,1965,-25
51615.jpg,1990,1964,-26
51620.jpg,1990,2021,31
51625.jpg,1990,1995,5
51630.jpg,1990,2006,16
51635.jpg,1990,1970,-20
51640.jpg,1990,1985,-5
51645.jpg,1990,2002,12
51650.jpg,1990,2014,24
51655.jpg,1990,1970,-20
51660.jpg,1990,2003,13
51670.jpg,1990,2000,10
51675.jpg,1990,1985,-5
51680.jpg,1990,1975,-15
51685.jpg,1990,1985,-5
51690.jpg,1990,1990,0
51695.jpg,1990,1960,-30
51700.jpg,1990,2018,28
51705.jpg,1990,1999,9
51710.jpg,1990,1950,-40
51715.jpg,1990,1960,-30
51720.jpg,1990,1970,-20
51725.jpg,1990,1994,4
51730.jpg,1990,1983,-7
51735.jpg,1990,1978,-12
51740.jpg,1990,1980,-10
51745.jpg,1990,1930,-60
51755.jpg,1990,1974,-16
51760.jpg,1990,1925,-65
51765.jpg,1990,1910,-80
51770.jpg,1990,2000,10
51775.jpg,1990,2008,18
51780.jpg,1990,1980,-10
51785.jpg,1990,1890,-100
51795.jpg,1990,1999,9
51805.jpg,1990,1970,-20
51810.jpg,1990,2016,26
51815.jpg,1990,2010,20
51820.jpg,1990,1930,-60
51825.jpg,1990,1950,-40
51830.jpg,1990,1980,-10
51840.jpg,1991,1900,-91
51845.jpg,1991,1962,-29
51850.jpg,1991,1964,-27
51860.jpg,1991,2003,12
51865.jpg,1991,2005,14
51870.jpg,1991,2000,9
51875.jpg,1991,2004,13
51885.jpg,1991,1959,-32
51890.jpg,1991,2001,10
51895.jpg,1991,2000,9
51905.jpg,1991,1955,-36
51910.jpg,1991,1970,-21
51920.jpg,1991,1975,-16
51925.jpg,1991,1970,-21
51930.jpg,1991,2005,14
51935.jpg,1991,1975,-16
51940.jpg,1991,1988,-3
51945.jpg,1991,1950,-41
51950.jpg,1991,1968,-23
51955.jpg,1991,1967,-24
51960.jpg,1991,2011,20
51965.jpg,1991,1955,-36
51970.jpg,1991,1985,-6
51975.jpg,1991,1965,-26
51980.jpg,1991,2010,19
51985.jpg,1991,1952,-39
51990.jpg,1991,2010,19
51995.jpg,1991,1975,-16
52000.jpg,1991,1950,-41
52015.jpg,1991,1980,-11
52020.jpg,1991,1985,-6
52025.jpg,1991,2005,14
52035.jpg,1991,1945,-46
52040.jpg,1991,2010,19
52045.jpg,1991,2007,16
52060.jpg,1991,1996,5
52065.jpg,1992,1960,-32
52070.jpg,1992,2010,18
52075.jpg,1992,1963,-29
52080.jpg,1992,1992,0
52085.jpg,1992,2000,8
52090.jpg,1992,2012,20
52095.jpg,1992,1997,5
52100.jpg,1992,1995,3
52105.jpg,1992,2000,8
52110.jpg,1992,2001,9
52115.jpg,1992,1975,-17
52120.jpg,1992,1973,-19
52125.jpg,1992,2003,11
52130.jpg,1992,1962,-30
52135.jpg,1992,1961,-31
52140.jpg,1992,1975,-17
52145.jpg,1992,1969,-23
52150.jpg,1992,1975,-17
52155.jpg,1992,2008,16
52160.jpg,1992,1970,-22
52165.jpg,1992,1980,-12
52170.jpg,1992,1986,-6
52175.jpg,1992,2010,18
52180.jpg,1992,2002,10
52185.jpg,1992,1920,-72
52190.jpg,1992,2009,17
52195.jpg,1992,2005,13
52200.jpg,1992,2003,11
52205.jpg,1992,1990,-2
52210.jpg,1992,1906,-86
52215.jpg,1992,1982,-10
52220.jpg,1992,1974,-18
52225.jpg,1992,1900,-92
52230.jpg,1992,1900,-92
52235.jpg,1992,1875,-117
52240.jpg,1992,2012,20
52245.jpg,1992,2000,8
52250.jpg,1992,2000,8
52260.jpg,1992,2014,22
52270.jpg,1993,2000,7
52275.jpg,1993,2003,10
52280.jpg,1993,2008,15
52285.jpg,1993,2000,7
52290.jpg,1993,2010,17
52300.jpg,1993,2010,17
52305.jpg,1993,1990,-3
52310.jpg,1993,1993,0
52315.jpg,1993,1976,-17
52320.jpg,1993,2010,17
52325.jpg,1993,2010,17
52335.jpg,1993,2000,7
52340.jpg,1993,2000,7
52345.jpg,1993,1970,-23
52350.jpg,1993,2010,17
52355.jpg,1993,2010,17
52360.jpg,1993,1970,-23
52365.jpg,1993,1987,-6
52370.jpg,1993,1970,-23
52375.jpg,1993,1940,-53
52380.jpg,1993,1980,-13
52385.jpg,1993,1998,5
52390.jpg,1993,1972,-21
52395.jpg,1993,1990,-3
52400.jpg,1993,1972,-21
52405.jpg,1993,2000,7
52410.jpg,1993,1965,-28
52415.jpg,1993,1933,-60
52420.jpg,1993,2013,20
52425.jpg,1993,1902,-91
52430.jpg,1993,2001,8
52435.jpg,1993,1978,-15
52440.jpg,1993,1988,-5
52445.jpg,1993,2000,7
52450.jpg,1993,1800,-193
52455.jpg,1993,1998,5
52460.jpg,1993,2001,8
52465.jpg,1993,2003,10
52475.jpg,1994,2011,17
52480.jpg,1994,1990,-4
52485.jpg,1994,2003,9
52490.jpg,1994,2005,11
52495.jpg,1994,2011,17
52505.jpg,1994,1970,-24
52510.jpg,1994,1996,2
52515.jpg,1994,1965,-29
52525.jpg,1994,2000,6
52530.jpg,1994,1926,-68
52535.jpg,1994,2000,6
52540.jpg,1994,1967,-27
52545.jpg,1994,2011,17
52550.jpg,1994,1990,-4
52555.jpg,1994,1985,-9
52560.jpg,1994,1980,-14
52570.jpg,1994,1981,-13
52575.jpg,1994,1966,-28
52580.jpg,1994,1988,-6
52585.jpg,1994,2018,24
52590.jpg,1994,2001,7
52595.jpg,1994,1930,-64
52600.jpg,1994,2000,6
52605.jpg,1994,1700,-294
52610.jpg,1994,2004,10
52615.jpg,1994,1748,-246
52620.jpg,1994,2007,13
52625.jpg,1994,1980,-14
52630.jpg,1994,2001,7
52635.jpg,1994,1970,-24
52640.jpg,1994,1980,-14
52645.jpg,1994,2000,6
52650.jpg,1995,1971,-24
52655.jpg,1995,1960,-35
52660.jpg,1995,2000,5
52665.jpg,1995,2012,17
52670.jpg,1995,2005,10
52675.jpg,1995,1992,-3
52680.jpg,1995,1997,2
52685.jpg,1995,2015,20
52690.jpg,1995,1966,-29
52695.jpg,1995,2016,21
52700.jpg,1995,2000,5
52705.jpg,1995,1995,0
52710.jpg,1995,2012,17
52715.jpg,1995,1960,-35
52720.jpg,1995,1975,-20
52725.jpg,1995,2001,6
52730.jpg,1995,2008,13
52735.jpg,1995,1954,-41
52740.jpg,1995,2005,10
52745.jpg,1995,1962,-33
52750.jpg,1995,2010,15
52755.jpg,1995,1952,-43
52760.jpg,1995,2013,18
52765.jpg,1995,1965,-30
52770.jpg,1995,1993,-2
52775.jpg,1995,1985,-10
52785.jpg,1995,2009,14
52790.jpg,1995,1902,-93
52795.jpg,1995,1993,-2
52800.jpg,1995,1925,-70
52805.jpg,1995,2000,5
52810.jpg,1995,1998,3
52815.jpg,1995,1970,-25
52820.jpg,1995,1986,-9
52825.jpg,1995,2005,10
52830.jpg,1995,1940,-55
52835.jpg,1995,1825,-170
52840.jpg,1995,1850,-145
52845.jpg,1996,1974,-22
52850.jpg,1996,2008,12
52855.jpg,1996,1980,-16
52860.jpg,1996,2010,14
52865.jpg,1996,1999,3
52870.jpg,1996,1997,1
52875.jpg,1996,2010,14
52880.jpg,1996,1975,-21
52885.jpg,1996,1980,-16
52890.jpg,1996,1962,-34
52895.jpg,1996,2010,14
52900.jpg,1996,1996,0
52905.jpg,1996,1997,1
52910.jpg,1996,2010,14
52915.jpg,1996,1970,-26
52920.jpg,1996,2010,14
52925.jpg,1996,1980,-16
52935.jpg,1996,1980,-16
52940.jpg,1996,1965,-31
52945.jpg,1996,1,-1995
52950.jpg,1996,1967,-29
52955.jpg,1996,2010,14
52960.jpg,1996,1974,-22
52965.jpg,1996,1960,-36
52970.jpg,1996,1975,-21
52980.jpg,1996,1960,-36
52985.jpg,1997,1850,-147
52990.jpg,1997,2010,13
52995.jpg,1997,1890,-107
53000.jpg,1997,-1,-1998
53005.jpg,1997,1970,-27
53010.jpg,1997,1999,2
53015.jpg,1997,1850,-147
53020.jpg,1997,2008,11
53025.jpg,1997,2000,3
53030.jpg,1997,2011,14
53035.jpg,1997,1980,-17
53040.jpg,1997,2000,3
53045.jpg,1997,1980,-17
53050.jpg,1997,2010,13
53055.jpg,1997,1970,-27
53060.jpg,1997,1973,-24
53065.jpg,1997,1980,-17
53070.jpg,1997,1975,-22
53075.jpg,1997,2011,14
53080.jpg,1997,2010,13
53085.jpg,1997,2010,13
53090.jpg,1997,1960,-37
53095.jpg,1997,2010,13
53100.jpg,1997,2005,8
53105.jpg,1997,2003,6
53110.jpg,1997,1990,-7
53115.jpg,1997,1958,-39
53120.jpg,1997,1970,-27
53125.jpg,1997,1980,-17
53130.jpg,1997,1974,-23
53135.jpg,1997,1975,-22
53140.jpg,1997,1960,-37
53145.jpg,1997,2012,15
53150.jpg,1997,1955,-42
53155.jpg,1997,1719,-278
53165.jpg,1997,2023,26
53170.jpg,1997,2006,9
53175.jpg,1997,1980,-17
53180.jpg,1997,2005,8
53185.jpg,1997,2000,3
53190.jpg,1997,1998,1
53195.jpg,1997,1598,-399
53200.jpg,1997,2010,13
53205.jpg,1997,1959,-38
53210.jpg,1997,1975,-22
53215.jpg,1997,1975,-22
53220.jpg,1997,1999,2
53225.jpg,1997,1992,-5
53230.jpg,1997,1984,-13
53235.jpg,1998,1920,-78
53240.jpg,1998,2004,6
53245.jpg,1998,2021,23
53250.jpg,1998,2000,2
53255.jpg,1998,1920,-78
53260.jpg,1998,2000,2
53265.jpg,1998,1958,-40
53270.jpg,1998,1969,-29
53275.jpg,1998,1978,-20
53280.jpg,1998,1998,0
53285.jpg,1998,2000,2
53290.jpg,1998,1980,-18
53300.jpg,1998,2008,10
53305.jpg,1998,2000,2
53310.jpg,1998,1970,-28
53315.jpg,1998,2003,5
53325.jpg,1998,1972,-26
53330.jpg,1998,2008,10
53335.jpg,1998,1965,-33
53340.jpg,1998,2017,19
53345.jpg,1998,2002,4
53350.jpg,1998,2010,12
53355.jpg,1998,1970,-28
53365.jpg,1998,2013,15
53370.jpg,1998,2000,2
53375.jpg,1998,1977,-21
53380.jpg,1998,1960,-38
53385.jpg,1998,1865,-133
53390.jpg,1998,1650,-348
53395.jpg,1998,2012,14
53400.jpg,1998,1870,-128
53405.jpg,1998,1959,-39
53410.jpg,1998,1949,-49
53415.jpg,1998,1990,-8
53420.jpg,1998,1984,-14
53425.jpg,1998,1972,-26
53435.jpg,1998,1997,-1
53440.jpg,1998,1970,-28
53445.jpg,1998,2010,12
53450.jpg,1998,1993,-5
53455.jpg,1999,1850,-149
53460.jpg,1999,2000,1
53465.jpg,1999,1974,-25
53470.jpg,1999,2010,11
53475.jpg,1999,2000,1
53480.jpg,1999,2010,11
53485.jpg,1999,1970,-29
53490.jpg,1999,1982,-17
53495.jpg,1999,2000,1
53505.jpg,1999,1980,-19
53510.jpg,1999,1997,-2
53515.jpg,1999,2007,8
53520.jpg,1999,1997,-2
53525.jpg,1999,2007,8
53530.jpg,1999,2010,11
53535.jpg,1999,1970,-29
53540.jpg,1999,1967,-32
53545.jpg,1999,1999,0
53550.jpg,1999,1981,-18
53555.jpg,1999,1937,-62
53560.jpg,1999,1973,-26
53565.jpg,1999,2000,1
53570.jpg,1999,2000,1
53575.jpg,1999,1990,-9
53580.jpg,1999,1975,-24
53585.jpg,1999,1950,-49
53590.jpg,1999,2006,7
53595.jpg,1999,1990,-9
53600.jpg,1999,2010,11
53605.jpg,1999,2010,11
53610.jpg,1999,2009,10
53615.jpg,1999,1876,-123
53620.jpg,1999,1960,-39
53625.jpg,1999,1960,-39
53630.jpg,1999,1965,-34
53635.jpg,1999,1919,-80
53650.jpg,1999,1980,-19
53655.jpg,1999,1932,-67
53660.jpg,1999,1960,-39
53665.jpg,1999,1980,-19
53670.jpg,1999,1970,-29
53675.jpg,1999,2015,16
53680.jpg,1999,1994,-5
53685.jpg,1999,1880,-119
53690.jpg,2000,2001,1
53700.jpg,2000,1980,-20
53705.jpg,2000,2010,10
53710.jpg,2000,1977,-23
53715.jpg,2000,1990,-10
53720.jpg,2000,1909,-91
53725.jpg,2000,1980,-20
53730.jpg,2000,2004,4
53735.jpg,2000,2010,10
53740.jpg,2000,1960,-40
53745.jpg,2000,2010,10
53755.jpg,2000,1974,-26
53760.jpg,2000,1962,-38
53765.jpg,2000,1982,-18
53770.jpg,2000,2015,15
53775.jpg,2000,2005,5
53780.jpg,2000,1955,-45
53785.jpg,2000,1965,-35
53790.jpg,2000,1965,-35
53795.jpg,2000,1974,-26
53800.jpg,2000,1950,-50
53805.jpg,2000,1930,-70
53810.jpg,2000,1950,-50
53815.jpg,2000,1987,-13
53820.jpg,2000,1983,-17
53830.jpg,2000,1940,-60
53835.jpg,2000,2005,5
53840.jpg,2000,2005,5
53845.jpg,2000,2010,10
53850.jpg,2000,1909,-91
53855.jpg,2000,2010,10
53860.jpg,2000,1922,-78
53865.jpg,2000,2000,0
53870.jpg,2000,1990,-10
53875.jpg,2000,1964,-36
53880.jpg,2000,2000,0
53885.jpg,2000,1995,-5
53890.jpg,2000,2010,10
53895.jpg,2000,2005,5
53905.jpg,2001,1982,-19
53910.jpg,2001,2012,11
53915.jpg,2001,2001,0
53920.jpg,2001,2000,-1
53925.jpg,2001,2012,11
53930.jpg,2001,1975,-26
53935.jpg,2001,1970,-31
53940.jpg,2001,1985,-16
53945.jpg,2001,1958,-43
53950.jpg,2001,1935,-66
53955.jpg,2001,2010,9
53960.jpg,2001,2005,4
53965.jpg,2001,2010,9
53970.jpg,2001,2010,9
53975.jpg,2001,1985,-16
53980.jpg,2001,1980,-21
53985.jpg,2001,1980,-21
53990.jpg,2001,1973,-28
53995.jpg,2001,1874,-127
54000.jpg,2001,2005,4
54005.jpg,2001,1969,-32
54010.jpg,2001,1930,-71
54015.jpg,2001,1962,-39
54020.jpg,2001,1930,-71
54025.jpg,2001,2012,11
54030.jpg,2001,2011,10
54035.jpg,2001,1992,-9
54040.jpg,2001,2011,10
54045.jpg,2001,2001,0
54050.jpg,2001,2010,9
54055.jpg,2001,2008,7
54060.jpg,2001,1932,-69
54065.jpg,2001,1950,-51
54070.jpg,2001,2010,9
54075.jpg,2001,2015,14
54085.jpg,2001,2010,9
54090.jpg,2001,1980,-21
54095.jpg,2001,1990,-11
54100.jpg,2001,1999,-2
54105.jpg,2001,1980,-21
54110.jpg,2001,2020,19
54120.jpg,2001,1995,-6
54125.jpg,2001,2005,4
54130.jpg,2001,1984,-17
54135.jpg,2001,1990,-11
54140.jpg,2001,2000,-1
54145.jpg,2001,1930,-71
54150.jpg,2001,1990,-11
54155.jpg,2001,1940,-61
54160.jpg,2001,1990,-11
54165.jpg,2001,1893,-108
54170.jpg,2001,-1,-2002
54180.jpg,2002,1923,-79
54185.jpg,2002,2002,0
54190.jpg,2002,2012,10
54195.jpg,2002,2000,-2
54200.jpg,2002,1995,-7
54205.jpg,2002,2000,-2
54210.jpg,2002,1970,-32
54215.jpg,2002,2006,4
54220.jpg,2002,2002,0
54225.jpg,2002,2000,-2
54230.jpg,2002,2006,4
54235.jpg,2002,2016,14
54240.jpg,2002,2000,-2
54245.jpg,2002,1980,-22
54250.jpg,2002,2005,3
54255.jpg,2002,1940,-62
54260.jpg,2002,2000,-2
54265.jpg,2002,2005,3
54270.jpg,2002,2000,-2
54275.jpg,2002,1955,-47
54280.jpg,2002,2002,0
54285.jpg,2002,2003,1
54290.jpg,2002,1960,-42
54295.jpg,2002,1960,-42
54300.jpg,2002,1950,-52
54305.jpg,2002,1958,-44
54310.jpg,2002,1992,-10
54315.jpg,2002,2010,8
54320.jpg,2002,2000,-2
54330.jpg,2002,1930,-72
54335.jpg,2002,1955,-47
54340.jpg,2002,2005,3
54345.jpg,2002,1950,-52
54355.jpg,2002,1992,-10
54360.jpg,2002,1980,-22
54365.jpg,2002,2003,1
54370.jpg,2002,2000,-2
54375.jpg,2002,2019,17
54385.jpg,2002,1999,-3
54390.jpg,2002,2006,4
54395.jpg,2002,1975,-27
54400.jpg,2002,1949,-53
54405.jpg,2003,1970,-33
54410.jpg,2003,2010,7
54415.jpg,2003,2008,5
54425.jpg,2003,2010,7
54430.jpg,2003,2006,3
54435.jpg,2003,2010,7
54440.jpg,2003,2010,7
54445.jpg,2003,2004,1
54450.jpg,2003,1929,-74
54460.jpg,2003,1985,-18
54465.jpg,2003,2014,11
54470.jpg,2003,1984,-19
54475.jpg,2003,1973,-30
54480.jpg,2003,2007,4
54485.jpg,2003,1955,-48
54490.jpg,2003,1964,-39
54495.jpg,2003,2015,12
54500.jpg,2003,2007,4
54505.jpg,2003,1951,-52
54510.jpg,2003,1940,-63
54515.jpg,2003,1950,-53
54520.jpg,2003,1985,-18
54525.jpg,2003,2005,2
54530.jpg,2003,1994,-9
54535.jpg,2003,1947,-56
54540.jpg,2003,2010,7
54545.jpg,2003,1880,-123
54550.jpg,2003,2000,-3
54555.jpg,2003,1996,-7
54560.jpg,2003,1990,-13
54565.jpg,2003,1990,-13
54570.jpg,2003,1995,-8
54575.jpg,2003,2005,2
54580.jpg,2003,1980,-23
54585.jpg,2003,2000,-3
54590.jpg,2003,1983,-20
54595.jpg,2003,1970,-33
54600.jpg,2003,1965,-38
54605.jpg,2004,2012,8
54610.jpg,2004,2000,-4
54620.jpg,2004,1950,-54
54625.jpg,2004,2010,6
54630.jpg,2004,1960,-44
54635.jpg,2004,2008,4
54640.jpg,2004,2010,6
54645.jpg,2004,2010,6
54650.jpg,2004,2010,6
54655.jpg,2004,1990,-14
54660.jpg,2004,2010,6
54665.jpg,2004,2005,1
54670.jpg,2004,1990,-14
54675.jpg,2004,1993,-11
54680.jpg,2004,1973,-31
54685.jpg,2004,2010,6
54690.jpg,2004,1930,-74
54695.jpg,2004,1970,-34
54700.jpg,2004,1985,-19
54705.jpg,2004,1980,-24
54710.jpg,2004,1999,-5
54715.jpg,2004,1995,-9
54720.jpg,2004,1980,-24
54725.jpg,2004,1972,-32
54730.jpg,2004,1993,-11
54735.jpg,2004,1995,-9
54740.jpg,2004,2008,4
54745.jpg,2004,1971,-33
54750.jpg,2004,1920,-84
54760.jpg,2004,2015,11
54770.jpg,2004,1970,-34
54775.jpg,2004,2006,2
54780.jpg,2004,1985,-19
54785.jpg,2004,1980,-24
54790.jpg,2004,2000,-4
54795.jpg,2004,1970,-34
54800.jpg,2004,2005,1
54805.jpg,2004,2010,6
54810.jpg,2004,1963,-41
54815.jpg,2004,2010,6
54820.jpg,2004,2000,-4
54825.jpg,2004,1961,-43
54830.jpg,2004,2000,-4
54835.jpg,2004,2015,11
54840.jpg,2004,2010,6
54845.jpg,2005,1955,-50
54850.jpg,2005,1960,-45
54855.jpg,2005,2000,-5
54860.jpg,2005,2010,5
54865.jpg,2005,1940,-65
54870.jpg,2005,1994,-11
54885.jpg,2005,2012,7
54890.jpg,2005,1986,-19
54895.jpg,2005,2010,5
54900.jpg,2005,2018,13
54905.jpg,2005,1993,-12
54910.jpg,2005,1997,-8
54915.jpg,2005,1980,-25
54925.jpg,2005,1980,-25
54930.jpg,2005,1971,-34
54935.jpg,2005,1981,-24
54940.jpg,2005,2010,5
54955.jpg,2005,1970,-35
54960.jpg,2005,2005,0
54965.jpg,2005,1969,-36
54970.jpg,2005,1990,-15
54975.jpg,2005,2005,0
54980.jpg,2005,1978,-27
54985.jpg,2005,2000,-5
54990.jpg,2005,19,-1986
54995.jpg,2005,2018,13
55000.jpg,2005,2000,-5
55005.jpg,2005,2021,16
55010.jpg,2005,1975,-30
55015.jpg,2005,2010,5
55020.jpg,2005,1960,-45
55025.jpg,2005,2008,3
55030.jpg,2005,1966,-39
55035.jpg,2005,1930,-75
55040.jpg,2005,1995,-10
55045.jpg,2005,2008,3
55050.jpg,2005,2004,-1
55055.jpg,2005,1995,-10
55060.jpg,2005,2010,5
55065.jpg,2005,2010,5
55070.jpg,2005,2005,0
55075.jpg,2005,2005,0
55080.jpg,2005,2007,2
55085.jpg,2005,2010,5
55090.jpg,2005,2010,5
55095.jpg,2005,2007,2
55100.jpg,2005,1970,-35
55105.jpg,2005,2000,-5
55110.jpg,2005,2004,-1
55115.jpg,2005,1959,-46
55120.jpg,2005,1980,-25
55125.jpg,2005,2003,-2
55130.jpg,2005,2012,7
55135.jpg,2006,2015,9
55140.jpg,2006,2006,0
55145.jpg,2006,1980,-26
55155.jpg,2006,2000,-6
55160.jpg,2006,-1,-2007
55165.jpg,2006,2013,7
55170.jpg,2006,2010,4
55175.jpg,2006,2010,4
55180.jpg,2006,2000,-6
55185.jpg,2006,1997,-9
55190.jpg,2006,1995,-11
55195.jpg,2006,1978,-28
55200.jpg,2006,2002,-4
55210.jpg,2006,1985,-21
55215.jpg,2006,1986,-20
55220.jpg,2006,2010,4
55230.jpg,2006,2000,-6
55235.jpg,2006,1995,-11
55240.jpg,2006,2007,1
55245.jpg,2006,2007,1
55250.jpg,2006,2010,4
55255.jpg,2006,2015,9
55265.jpg,2006,1920,-86
55270.jpg,2006,1970,-36
55275.jpg,2006,1955,-51
55280.jpg,2006,1998,-8
55285.jpg,2006,1971,-35
55290.jpg,2006,1950,-56
55295.jpg,2006,1974,-32
55300.jpg,2006,2010,4
55305.jpg,2006,2000,-6
55310.jpg,2006,2000,-6
55315.jpg,2006,2010,4
55320.jpg,2006,2010,4
55325.jpg,2006,2008,2
55330.jpg,2006,2000,-6
55335.jpg,2007,1990,-17
55340.jpg,2007,2000,-7
55345.jpg,2007,2010,3
55355.jpg,2007,2005,-2
55360.jpg,2007,1992,-15
55365.jpg,2007,2005,-2
55370.jpg,2007,1980,-27
55380.jpg,2007,2010,3
55385.jpg,2007,-1,-2008
55395.jpg,2007,2012,5
55400.jpg,2007,2000,-7
55405.jpg,2007,1955,-52
55410.jpg,2007,2011,4
55415.jpg,2007,1985,-22
55420.jpg,2007,2000,-7
55425.jpg,2007,2010,3
55430.jpg,2007,2012,5
55435.jpg,2007,1954,-53
55440.jpg,2007,2018,11
55445.jpg,2007,2010,3
55450.jpg,2007,1955,-52
55455.jpg,2007,2009,2
55460.jpg,2007,1582,-425
55465.jpg,2007,1980,-27
55475.jpg,2007,1874,-133
55480.jpg,2007,1940,-67
55485.jpg,2007,1988,-19
55490.jpg,2007,1937,-70
55500.jpg,2007,1970,-37
55505.jpg,2007,2010,3
55510.jpg,2007,2010,3
55515.jpg,2007,2008,1
55520.jpg,2007,2000,-7
55525.jpg,2007,1862,-145
55530.jpg,2007,2009,2
55535.jpg,2007,2004,-3
55540.jpg,2007,2005,-2
55545.jpg,2007,2010,3
55550.jpg,2007,1986,-21
55555.jpg,2007,2000,-7
55560.jpg,2007,1985,-22
55565.jpg,2007,2000,-7
55570.jpg,2007,2010,3
55575.jpg,2007,2002,-5
55580.jpg,2007,1981,-26
55585.jpg,2007,2013,6
55590.jpg,2007,2005,-2
55595.jpg,2007,1973,-34
55600.jpg,2007,2000,-7
55605.jpg,2007,1970,-37
55610.jpg,2008,-1,-2009
55615.jpg,2008,1920,-88
55620.jpg,2008,2017,9
55625.jpg,2008,2010,2
55630.jpg,2008,2000,-8
55635.jpg,2008,2015,7
55640.jpg,2008,2000,-8
55645.jpg,2008,2009,1
55650.jpg,2008,1963,-45
55655.jpg,2008,2010,2
55660.jpg,2008,2010,2
55670.jpg,2008,2008,0
55675.jpg,2008,1990,-18
55685.jpg,2008,2011,3
55690.jpg,2008,2015,7
55695.jpg,2008,2006,-2
55705.jpg,2008,2010,2
55710.jpg,2008,1995,-13
55715.jpg,2008,2003,-5
55720.jpg,2008,1950,-58
55725.jpg,2008,1987,-21
55730.jpg,2008,2009,1
55735.jpg,2008,1772,-236
55740.jpg,2008,1980,-28
55745.jpg,2008,2016,8
55750.jpg,2008,2000,-8
55755.jpg,2008,2014,6
55760.jpg,2008,1999,-9
55765.jpg,2008,2010,2
55770.jpg,2008,1860,-148
55775.jpg,2008,2000,-8
55780.jpg,2008,1980,-28
55785.jpg,2008,2010,2
55795.jpg,2008,2015,7
55800.jpg,2008,2007,-1
55805.jpg,2008,2000,-8
55810.jpg,2008,2010,2
55815.jpg,2008,2012,4
55820.jpg,2008,1914,-94
55825.jpg,2008,1935,-73
55830.jpg,2008,2014,6
55835.jpg,2009,1973,-36
55845.jpg,2009,2014,5
55850.jpg,2009,2000,-9
55870.jpg,2009,1941,-68
55875.jpg,2009,2010,1
55880.jpg,2009,2014,5
55885.jpg,2009,2010,1
55890.jpg,2009,2010,1
55895.jpg,2009,2008,-1
55900.jpg,2009,2013,4
55905.jpg,2009,2013,4
55910.jpg,2009,2022,13
55915.jpg,2009,1969,-40
55920.jpg,2009,1965,-44
55925.jpg,2009,1964,-45
55930.jpg,2009,1935,-74
55935.jpg,2009,2005,-4
55940.jpg,2009,1973,-36
55945.jpg,2009,1889,-120
55950.jpg,2009,2009,0
55955.jpg,2009,1992,-17
55960.jpg,2009,2010,1
55965.jpg,2009,2006,-3
55970.jpg,2009,2006,-3
55975.jpg,2009,2006,-3
55980.jpg,2009,1990,-19
55985.jpg,2009,1949,-60
55990.jpg,2009,1985,-24
55995.jpg,2009,2010,1
56000.jpg,2009,1961,-48
56005.jpg,2009,1917,-92
56010.jpg,2009,1920,-89
56015.jpg,2009,2017,8
56020.jpg,2009,1989,-20
56025.jpg,2009,1995,-14
56030.jpg,2009,2017,8
56035.jpg,2009,2005,-4
56040.jpg,2009,1970,-39
56050.jpg,2009,1970,-39
56055.jpg,2009,1948,-61
56060.jpg,2009,1980,-29
56065.jpg,2009,1960,-49
56070.jpg,2009,2000,-9
56075.jpg,2009,1914,-95
56080.jpg,2010,2007,-3
56085.jpg,2010,1999,-11
56090.jpg,2010,2018,8
56095.jpg,2010,2013,3
56105.jpg,2010,2010,0
56110.jpg,2010,2000,-10
56115.jpg,2010,2010,0
56125.jpg,2010,1995,-15
56130.jpg,2010,2000,-10
56135.jpg,2010,1980,-30
56140.jpg,2010,1990,-20
56145.jpg,2010,2005,-5
56150.jpg,2010,1994,-16
56155.jpg,2010,1985,-25
56165.jpg,2010,1990,-20
56170.jpg,2010,1947,-63
56175.jpg,2010,2002,-8
56180.jpg,2010,1960,-50
56185.jpg,2010,1980,-30
56190.jpg,2010,2000,-10
56195.jpg,2010,1996,-14
56200.jpg,2010,2000,-10
56205.jpg,2010,2010,0
56210.jpg,2010,2016,6
56215.jpg,2010,1995,-15
56220.jpg,2010,2012,2
56225.jpg,2010,1975,-35
56230.jpg,2010,1990,-20
56235.jpg,2010,1929,-81
56240.jpg,2010,2002,-8
56245.jpg,2010,2000,-10
56250.jpg,2010,2019,9
56255.jpg,2010,2010,0
56260.jpg,2010,1961,-49
56265.jpg,2010,1989,-21
56270.jpg,2010,2020,10
56275.jpg,2010,1961,-49
56280.jpg,2010,2011,1
56285.jpg,2010,2004,-6
56290.jpg,2010,2010,0
56295.jpg,2010,2000,-10
56300.jpg,2010,1990,-20
56310.jpg,2010,2010,0
56315.jpg,2011,2000,-11
56320.jpg,2011,1995,-16
56325.jpg,2011,2010,-1
56330.jpg,2011,1998,-13
56335.jpg,2011,2008,-3
56345.jpg,2011,1970,-41
56350.jpg,2011,2000,-11
56355.jpg,2011,2011,0
56360.jpg,2011,2015,4
56365.jpg,2011,1980,-31
56370.jpg,2011,2010,-1
56375.jpg,2011,2012,1
56380.jpg,2011,1984,-27
56385.jpg,2011,2018,7
56390.jpg,2011,1932,-79
56395.jpg,2011,2010,-1
56400.jpg,2011,2025,14
56405.jpg,2011,1980,-31
56410.jpg,2011,2008,-3
56415.jpg,2011,2000,-11
56420.jpg,2011,1970,-41
56425.jpg,2011,1945,-66
56430.jpg,2011,2020,9
56440.jpg,2011,2016,5
56450.jpg,2011,2000,-11
56455.jpg,2011,1920,-91
56460.jpg,2011,2000,-11
56465.jpg,2011,1978,-33
56470.jpg,2011,1899,-112
56475.jpg,2011,2013,2
56480.jpg,2011,1967,-44
56485.jpg,2011,2010,-1
56495.jpg,2011,1985,-26
56500.jpg,2011,2005,-6
56505.jpg,2011,2000,-11
56510.jpg,2011,1998,-13
56515.jpg,2011,1950,-61
56520.jpg,2011,1965,-46
56525.jpg,2011,2008,-3
56545.jpg,2012,1970,-42
56550.jpg,2012,2015,3
56555.jpg,2012,2006,-6
56560.jpg,2012,2010,-2
56565.jpg,2012,2014,2
56570.jpg,2012,2010,-2
56575.jpg,2012,1985,-27
56585.jpg,2012,2010,-2
56590.jpg,2012,2013,1
56600.jpg,2012,2000,-12
56605.jpg,2012,2014,2
56610.jpg,2012,2016,4
56615.jpg,2012,2013,1
56620.jpg,2012,1974,-38
56625.jpg,2012,2016,4
56630.jpg,2012,2008,-4
56635.jpg,2012,2003,-9
56640.jpg,2012,1960,-52
56645.jpg,2012,2000,-12
56650.jpg,2012,2019,7
56655.jpg,2012,1992,-20
56660.jpg,2012,1973,-39
56665.jpg,2012,1920,-92
56670.jpg,2012,2010,-2
56675.jpg,2012,2012,0
56680.jpg,2012,2000,-12
56685.jpg,2012,2007,-5
56690.jpg,2012,1998,-14
56695.jpg,2012,2000,-12
56700.jpg,2012,2005,-7
56705.jpg,2012,1960,-52
56710.jpg,2012,1980,-32
56715.jpg,2012,1888,-124
56720.jpg,2013,1920,-93
56725.jpg,2013,2010,-3
56730.jpg,2013,2000,-13
56735.jpg,2013,2010,-3
56740.jpg,2013,2010,-3
56745.jpg,2013,1998,-15
56750.jpg,2013,2002,-11
56755.jpg,2013,2014,1
56765.jpg,2013,2015,2
56770.jpg,2013,2010,-3
56775.jpg,2013,1970,-43
56780.jpg,2013,1850,-163
56785.jpg,2013,2000,-13
56795.jpg,2013,2010,-3
56800.jpg,2013,2000,-13
56805.jpg,2013,1950,-63
56810.jpg,2013,2000,-13
56820.jpg,2013,1969,-44
56825.jpg,2013,1863,-150
56845.jpg,2013,1980,-33
56850.jpg,2013,2004,-9
56855.jpg,2013,2010,-3
56860.jpg,2013,1987,-26
56865.jpg,2013,2000,-13
56870.jpg,2013,2015,2
56875.jpg,2013,2010,-3
56880.jpg,2013,2010,-3
56885.jpg,2013,2009,-4
56890.jpg,2013,2010,-3
56895.jpg,2013,1989,-24
56900.jpg,2014,2011,-3
56905.jpg,2014,1903,-111
56910.jpg,2014,2010,-4
56915.jpg,2014,2010,-4
56920.jpg,2014,2000,-14
56925.jpg,2014,2017,3
56930.jpg,2014,2007,-7
56935.jpg,2014,1993,-21
56940.jpg,2014,2000,-14
56945.jpg,2014,1975,-39
56950.jpg,2014,1995,-19
56955.jpg,2014,1990,-24
56960.jpg,2014,2000,-14
56965.jpg,2014,1970,-44
56970.jpg,2014,1990,-24
56975.jpg,2014,1882,-132
56980.jpg,2014,1950,-64
56985.jpg,2014,2001,-13
56990.jpg,2014,2010,-4
56995.jpg,2014,2019,5
57005.jpg,2014,1986,-28
57010.jpg,2014,1987,-27
57015.jpg,2014,1960,-54
57020.jpg,2014,2000,-14
57025.jpg,2014,2004,-10
57030.jpg,2014,1970,-44
57035.jpg,2014,1998,-16
57040.jpg,2014,2010,-4
57045.jpg,2014,1998,-16
57050.jpg,2014,2000,-14
57055.jpg,2014,2010,-4
57060.jpg,2014,2010,-4
57065.jpg,2014,2003,-11
57070.jpg,2014,2010,-4
57075.jpg,2015,1981,-34
57085.jpg,2015,2019,4
57090.jpg,2015,2010,-5
57095.jpg,2015,2009,-6
57100.jpg,2015,2015,0
57105.jpg,2015,2010,-5
57110.jpg,2015,2000,-15
57120.jpg,2015,1999,-16
57125.jpg,2015,1980,-35
57130.jpg,2015,2016,1
57135.jpg,2015,2010,-5
57140.jpg,2015,2005,-10
57145.jpg,2015,1932,-83
57150.jpg,2015,2000,-15
57155.jpg,2015,2004,-11
57160.jpg,2015,2010,-5
57165.jpg,2015,2008,-7
57170.jpg,2015,2010,-5
57175.jpg,2015,2012,-3
57180.jpg,2015,2010,-5
57185.jpg,2015,2000,-15
57195.jpg,2015,1959,-56
57200.jpg,2015,2019,4
57205.jpg,2015,2003,-12
57210.jpg,2015,2019,4
57215.jpg,2015,2004,-11
57220.jpg,2016,1940,-76
57225.jpg,2016,2021,5
57230.jpg,2016,2000,-16
57235.jpg,2016,2013,-3
57240.jpg,2016,2015,-1
57250.jpg,2016,1990,-26
57255.jpg,2016,1991,-25
57270.jpg,2016,1900,-116
57275.jpg,2016,2017,1
57280.jpg,2016,2000,-16
57285.jpg,2016,2010,-6
57290.jpg,2016,1987,-29
57295.jpg,2016,1985,-31
57300.jpg,2016,1980,-36
57305.jpg,2016,2010,-6
57310.jpg,2016,1920,-96
57315.jpg,2016,2010,-6
57320.jpg,2016,2011,-5
57325.jpg,2016,2010,-6
57330.jpg,2016,2010,-6
57335.jpg,2016,2000,-16
57340.jpg,2016,1991,-25
57345.jpg,2016,2007,-9
57350.jpg,2016,2010,-6
57355.jpg,2016,2010,-6
57360.jpg,2016,2008,-8
57365.jpg,2017,2011,-6
57370.jpg,2017,1980,-37
57375.jpg,2017,2004,-13
57385.jpg,2017,2006,-11
57390.jpg,2017,2012,-5
57395.jpg,2017,2000,-17
57400.jpg,2017,1980,-37
57415.jpg,2017,2010,-7
57420.jpg,2017,2000,-17
57425.jpg,2017,1955,-62
57430.jpg,2017,1985,-32
57435.jpg,2017,2009,-8
57440.jpg,2017,1930,-87
57450.jpg,2017,1970,-47
57455.jpg,2017,1984,-33
57470.jpg,2017,2010,-7
57475.jpg,2017,2015,-2
57480.jpg,2018,2010,-8
57485.jpg,2018,2015,-3
57490.jpg,2018,2010,-8
57495.jpg,2018,1980,-38
57500.jpg,2018,2000,-18
57505.jpg,2018,2018,0
57510.jpg,2018,2010,-8
57515.jpg,2018,1925,-93
57520.jpg,2018,2016,-2
57525.jpg,2018,2012,-6
57530.jpg,2018,2010,-8
57545.jpg,2018,2013,-5
57550.jpg,2018,2011,-7
57555.jpg,2018,2019,1
57560.jpg,2018,1975,-43
57565.jpg,2018,1966,-52
57570.jpg,2018,1988,-30
57575.jpg,2018,2010,-8
57585.jpg,2019,2015,-4
57595.jpg,2019,2019,0
57600.jpg,2019,2010,-9
57605.jpg,2019,1998,-21
57610.jpg,2019,2000,-19
57615.jpg,2019,2000,-19
57620.jpg,2019,2016,-3
57625.jpg,2019,1990,-29
57630.jpg,2019,1984,-35
57635.jpg,2019,2004,-15
57640.jpg,2019,2015,-4
57645.jpg,2019,2019,0
57660.jpg,2019,1990,-29
57665.jpg,2019,2001,-18
57670.jpg,2020,2005,-15
57675.jpg,2020,2007,-13
57680.jpg,2020,2010,-10
57685.jpg,2020,2015,-5
57690.jpg,2020,2010,-10
57695.jpg,2020,2010,-10
57700.jpg,2020,2010,-10
57705.jpg,2020,1971,-49
57710.jpg,2020,1980,-40
57725.jpg,2020,2005,-15
57730.jpg,2021,2019,-2
57735.jpg,2021,2013,-8
57740.jpg,2021,2018,-3
57745.jpg,2021,2012,-9
57750.jpg,2021,2005,-16
57755.jpg,2021,1966,-55
57760.jpg,2021,1975,-46
57765.jpg,2021,1977,-44
57770.jpg,2021,2005,-16
57780.jpg,2021,2019,-2
57785.jpg,2021,2010,-11
57790.jpg,2021,1970,-51
57795.jpg,2021,2010,-11
57800.jpg,2021,2012,-9
57805.jpg,2022,2010,-12
57810.jpg,2022,2000,-22
57815.jpg,2022,2003,-19
57825.jpg,2022,1964,-58
57830.jpg,2022,2009,-13
57835.jpg,2022,1812,-210
57840.jpg,2022,1955,-67
57845.jpg,2022,2018,-4
57860.jpg,2022,2000,-22
57865.jpg,2022,1970,-52
57870.jpg,2022,2014,-8
57875.jpg,2023,1969,-54
57885.jpg,2023,2008,-15
57890.jpg,2023,2010,-13
57895.jpg,2023,2016,-7
57900.jpg,2023,2012,-11
57910.jpg,2023,2010,-13
57915.jpg,2023,1985,-38
57920.jpg,2023,1982,-41
57925.jpg,2024,1900,-124
57930.jpg,2024,2018,-6
