name,year,pred,diff
5.jpg,1008,900,-108
10.jpg,1016,1966,950
15.jpg,1022,1253,231
20.jpg,1028,1930,902
25.jpg,1036,2000,964
30.jpg,1048,4500,3452
35.jpg,1051,1453,402
40.jpg,1061,12,-1049
45.jpg,1063,1932,869
55.jpg,1070,1300,230
60.jpg,1076,1150,74
65.jpg,1080,1472,392
70.jpg,1090,1850,760
75.jpg,1093,1700,607
80.jpg,1097,1710,613
85.jpg,1100,3009,1909
90.jpg,1100,1650,550
95.jpg,1107,1800,693
100.jpg,1110,1898,788
105.jpg,1114,1300,186
110.jpg,1116,1323,207
120.jpg,1120,1205,85
125.jpg,1122,1890,768
130.jpg,1125,1100,-25
135.jpg,1128,900,-228
140.jpg,1129,1700,571
145.jpg,1130,1898,768
150.jpg,1131,1453,322
155.jpg,1134,1600,466
165.jpg,1138,1790,652
170.jpg,1140,1283,143
175.jpg,1144,1874,730
180.jpg,1146,1100,-46
185.jpg,1147,1902,755
190.jpg,1149,1250,101
195.jpg,1150,1900,750
200.jpg,1152,550,-602
210.jpg,1160,1250,90
215.jpg,1165,1050,-115
220.jpg,1168,1800,632
225.jpg,1170,1000,-170
230.jpg,1170,1200,30
235.jpg,1172,300,-872
240.jpg,1175,1882,707
245.jpg,1177,1500,323
255.jpg,1180,1294,114
260.jpg,1180,1136,-44
265.jpg,1180,0,-1180
275.jpg,1185,1452,267
280.jpg,1189,1453,264
285.jpg,1191,1100,-91
290.jpg,1192,1708,516
295.jpg,1194,1300,106
300.jpg,1196,1155,-41
305.jpg,1198,1100,-98
310.jpg,1199,1453,254
315.jpg,1200,1023,-177
320.jpg,1202,500,-702
325.jpg,1204,1325,121
330.jpg,1208,1600,392
335.jpg,1211,1600,389
340.jpg,1212,1100,-112
345.jpg,1215,1750,535
350.jpg,1217,1145,-72
355.jpg,1220,1200,-20
360.jpg,1221,1853,632
365.jpg,1222,1453,231
370.jpg,1224,1300,76
375.jpg,1226,1509,283
380.jpg,1227,1900,673
385.jpg,1229,1453,224
390.jpg,1231,1900,669
395.jpg,1232,1030,-202
405.jpg,1237,1836,599
410.jpg,1238,885,-353
415.jpg,1240,1250,10
420.jpg,1242,1700,458
425.jpg,1245,1230,-15
430.jpg,1247,900,-347
435.jpg,1248,1300,52
440.jpg,1250,1150,-100
445.jpg,1250,1500,250
450.jpg,1252,1800,548
455.jpg,1255,1453,198
460.jpg,1259,1780,521
465.jpg,1260,1200,-60
470.jpg,1263,1114,-149
475.jpg,1264,1200,-64
485.jpg,1270,1453,183
490.jpg,1270,1483,213
495.jpg,1270,1800,530
500.jpg,1271,1918,647
505.jpg,1273,1350,77
510.jpg,1275,1500,225
515.jpg,1277,1300,23
520.jpg,1278,1300,22
525.jpg,1279,1418,139
530.jpg,1280,1700,420
535.jpg,1285,1150,-135
540.jpg,1288,1600,312
545.jpg,1289,1900,611
550.jpg,1290,1100,-190
555.jpg,1291,1450,159
560.jpg,1293,1975,682
565.jpg,1295,1850,555
570.jpg,1298,1863,565
575.jpg,1300,1053,-247
580.jpg,1300,1350,50
585.jpg,1300,1550,250
590.jpg,1301,1550,249
595.jpg,1303,1453,150
600.jpg,1305,1169,-136
605.jpg,1307,536,-771
610.jpg,1309,1900,591
615.jpg,1310,1100,-210
620.jpg,1311,1421,110
625.jpg,1313,1000,-313
630.jpg,1314,15,-1299
635.jpg,1317,1450,133
640.jpg,1319,1066,-253
645.jpg,1320,1400,80
650.jpg,1322,1610,288
655.jpg,1324,1300,-24
660.jpg,1325,1370,45
665.jpg,1326,1300,-26
670.jpg,1327,1880,553
675.jpg,1328,1443,115
680.jpg,1330,1880,550
685.jpg,1330,1387,57
690.jpg,1331,1100,-231
695.jpg,1333,1855,522
700.jpg,1335,1131,-204
705.jpg,1337,1293,-44
710.jpg,1338,1472,134
715.jpg,1340,1885,545
720.jpg,1340,1559,219
725.jpg,1343,1800,457
730.jpg,1345,995,-350
735.jpg,1345,1443,98
740.jpg,1346,1845,499
745.jpg,1347,1200,-147
750.jpg,1347,1459,112
755.jpg,1349,1850,501
760.jpg,1350,1500,150
765.jpg,1350,1200,-150
775.jpg,1353,1400,47
780.jpg,1354,1007,-347
785.jpg,1356,1820,464
790.jpg,1358,1443,85
795.jpg,1360,1850,490
800.jpg,1361,1500,139
805.jpg,1362,1300,-62
810.jpg,1364,1900,536
815.jpg,1365,-1,-1366
825.jpg,1370,2013,643
830.jpg,1371,16,-1355
835.jpg,1373,1500,127
840.jpg,1375,1500,125
845.jpg,1377,1443,66
850.jpg,1380,1980,600
855.jpg,1381,1500,119
860.jpg,1382,1525,143
865.jpg,1384,1420,36
870.jpg,1386,1946,560
875.jpg,1389,1800,411
880.jpg,1390,10,-1380
885.jpg,1394,1650,256
890.jpg,1396,1330,-66
895.jpg,1397,1880,483
900.jpg,1398,1453,55
905.jpg,1399,1273,-126
910.jpg,1400,1432,32
915.jpg,1401,1750,349
920.jpg,1402,1350,-52
925.jpg,1405,1900,495
930.jpg,1406,1389,-17
935.jpg,1409,1300,-109
940.jpg,1410,1250,-160
945.jpg,1410,1250,-160
950.jpg,1411,1420,9
955.jpg,1413,1400,-13
960.jpg,1414,-1,-1415
965.jpg,1417,500,-917
970.jpg,1419,1900,481
975.jpg,1420,1500,80
980.jpg,1420,1949,529
985.jpg,1422,1800,378
990.jpg,1424,1453,29
995.jpg,1425,1200,-225
1000.jpg,1426,1300,-126
1005.jpg,1428,1800,372
1010.jpg,1430,1800,370
1015.jpg,1431,1350,-81
1025.jpg,1435,1800,365
1030.jpg,1436,1,-1435
1035.jpg,1438,1885,447
1040.jpg,1440,1905,465
1045.jpg,1441,1547,106
1050.jpg,1442,1900,458
1055.jpg,1444,1965,521
1060.jpg,1446,1550,104
1065.jpg,1448,1557,109
1070.jpg,1450,1473,23
1075.jpg,1450,1700,250
1080.jpg,1451,1990,539
1085.jpg,1452,1449,-3
1090.jpg,1453,1433,-20
1095.jpg,1455,19,-1436
1100.jpg,1457,1575,118
1105.jpg,1458,11370,9912
1110.jpg,1459,1471,12
1115.jpg,1460,1578,118
1120.jpg,1462,1900,438
1125.jpg,1462,1100,-362
1130.jpg,1464,1323,-141
1135.jpg,1465,1500,35
1140.jpg,1466,1050,-416
1145.jpg,1467,1850,383
1150.jpg,1468,1076,-392
1155.jpg,1469,800,-669
1160.jpg,1470,1875,405
1165.jpg,1470,1600,130
1170.jpg,1472,1900,428
1175.jpg,1473,1850,377
1180.jpg,1475,1200,-275
1185.jpg,1477,1950,473
1190.jpg,1477,1453,-24
1195.jpg,1479,1769,290
1200.jpg,1480,1600,120
1205.jpg,1482,1879,397
1210.jpg,1482,1836,354
1215.jpg,1483,1600,117
1220.jpg,1485,1250,-235
1225.jpg,1487,1700,213
1230.jpg,1487,1245,-242
1235.jpg,1488,1800,312
1240.jpg,1489,1200,-289
1245.jpg,1490,1603,113
1250.jpg,1490,1101,-389
1255.jpg,1491,1565,74
1260.jpg,1492,1700,208
1265.jpg,1493,1620,127
1270.jpg,1494,1500,6
1275.jpg,1495,1145,-350
1280.jpg,1496,1200,-296
1285.jpg,1497,1944,447
1290.jpg,1497,1490,-7
1295.jpg,1498,1100,-398
1300.jpg,1499,1475,-24
1305.jpg,1500,1600,100
1310.jpg,1500,1700,200
1315.jpg,1501,500,-1001
1325.jpg,1503,1800,297
1330.jpg,1504,1200,-304
1335.jpg,1505,1753,248
1340.jpg,1506,1016,-490
1345.jpg,1507,1130,-377
1350.jpg,1508,1356,-152
1355.jpg,1508,1795,287
1360.jpg,1509,1300,-209
1365.jpg,1510,1900,390
1370.jpg,1510,1999,489
1375.jpg,1511,1040,-471
1380.jpg,1512,1900,388
1385.jpg,1513,1750,237
1390.jpg,1513,1600,87
1395.jpg,1515,1500,-15
1400.jpg,1515,1600,85
1405.jpg,1516,1860,344
1410.jpg,1517,1453,-64
1415.jpg,1518,1550,32
1420.jpg,1518,1650,132
1425.jpg,1520,1523,3
1430.jpg,1521,1701,180
1435.jpg,1521,1348,-173
1440.jpg,1522,2023,501
1445.jpg,1523,1900,377
1450.jpg,1524,1499,-25
1455.jpg,1525,1673,148
1460.jpg,1526,1650,124
1465.jpg,1526,1600,74
1470.jpg,1527,1820,293
1475.jpg,1528,1453,-75
1480.jpg,1528,1788,260
1485.jpg,1530,1450,-80
1490.jpg,1530,1730,200
1495.jpg,1530,1700,170
1500.jpg,1531,1930,399
1505.jpg,1531,1653,122
1510.jpg,1532,1528,-4
1515.jpg,1532,1901,369
1520.jpg,1533,1850,317
1525.jpg,1534,1930,396
1530.jpg,1535,1900,365
1535.jpg,1535,1885,350
1540.jpg,1536,1540,4
1545.jpg,1537,1625,88
1550.jpg,1537,1684,147
1555.jpg,1538,1530,-8
1560.jpg,1539,1100,-439
1565.jpg,1540,1100,-440
1570.jpg,1540,1600,60
1575.jpg,1540,1984,444
1580.jpg,1540,1243,-297
1590.jpg,1542,900,-642
1595.jpg,1543,1700,157
1600.jpg,1543,1453,-90
1605.jpg,1544,1450,-94
1610.jpg,1545,1900,355
1615.jpg,1545,1780,235
1620.jpg,1547,1615,68
1625.jpg,1548,1429,-119
1630.jpg,1549,1984,435
1635.jpg,1549,1682,133
1640.jpg,1550,1594,44
1645.jpg,1550,1830,280
1650.jpg,1550,1850,300
1655.jpg,1550,950,-600
1660.jpg,1551,1850,299
1665.jpg,1551,1741,190
1670.jpg,1552,1600,48
1675.jpg,1553,1880,327
1680.jpg,1554,1725,171
1685.jpg,1554,1638,84
1690.jpg,1555,1500,-55
1695.jpg,1556,1849,293
1700.jpg,1557,1960,403
1705.jpg,1558,1900,342
1710.jpg,1558,-1,-1559
1715.jpg,1559,1453,-106
1720.jpg,1559,1920,361
1725.jpg,1560,1730,170
1730.jpg,1560,1560,0
1735.jpg,1560,1830,270
1740.jpg,1561,1080,-481
1745.jpg,1561,1871,310
1750.jpg,1562,1650,88
1755.jpg,1563,1800,237
1760.jpg,1564,1880,316
1765.jpg,1565,1750,185
1770.jpg,1565,1753,188
1775.jpg,1565,12,-1553
1780.jpg,1566,1570,4
1785.jpg,1567,1453,-114
1790.jpg,1567,1500,-67
1795.jpg,1568,1700,132
1800.jpg,1568,11195,9627
1805.jpg,1569,1500,-69
1810.jpg,1570,1700,130
1815.jpg,1570,1520,-50
1820.jpg,1570,1536,-34
1825.jpg,1571,1850,279
1830.jpg,1572,1600,28
1835.jpg,1572,1940,368
1840.jpg,1573,1500,-73
1845.jpg,1573,1960,387
1850.jpg,1574,1622,48
1855.jpg,1574,1870,296
1860.jpg,1575,1780,205
1865.jpg,1575,1750,175
1870.jpg,1575,1611,36
1875.jpg,1576,1800,224
1880.jpg,1577,1600,23
1885.jpg,1578,1450,-128
1890.jpg,1578,1775,197
1895.jpg,1579,1525,-54
1900.jpg,1579,1800,221
1905.jpg,1580,1695,115
1910.jpg,1580,1600,20
1915.jpg,1581,1600,19
1920.jpg,1581,763,-818
1925.jpg,1582,1453,-129
1930.jpg,1582,1900,318
1935.jpg,1583,1550,-33
1940.jpg,1584,1820,236
1945.jpg,1584,1860,276
1950.jpg,1585,1870,285
1955.jpg,1585,1453,-132
1960.jpg,1585,1960,375
1965.jpg,1586,1995,409
1970.jpg,1586,1880,294
1975.jpg,1587,1966,379
1980.jpg,1588,1700,112
1985.jpg,1588,1492,-96
1990.jpg,1588,1600,12
1995.jpg,1588,1255,-333
2000.jpg,1589,1980,391
2005.jpg,1590,1580,-10
2010.jpg,1590,1850,260
2020.jpg,1591,1800,209
2025.jpg,1591,1600,9
2030.jpg,1592,1925,333
2035.jpg,1593,1350,-243
2045.jpg,1595,1655,60
2050.jpg,1595,1800,205
2055.jpg,1595,1870,275
2060.jpg,1596,1900,304
2065.jpg,1596,1700,104
2070.jpg,1597,1600,3
2075.jpg,1597,1759,162
2080.jpg,1598,1472,-126
2085.jpg,1598,1700,102
2090.jpg,1598,1910,312
2095.jpg,1600,1594,-6
2100.jpg,1600,1300,-300
2115.jpg,1602,1470,-132
2125.jpg,1604,1850,246
2130.jpg,1604,1642,38
2135.jpg,1604,1650,46
2140.jpg,1605,1770,165
2145.jpg,1605,1649,44
2150.jpg,1606,1850,244
2155.jpg,1606,1653,47
2160.jpg,1607,1846,239
2165.jpg,1607,1264,-343
2170.jpg,1608,1700,92
2175.jpg,1608,1600,-8
2180.jpg,1609,1400,-209
2185.jpg,1610,1800,190
2190.jpg,1610,1635,25
2195.jpg,1610,1800,190
2200.jpg,1610,1890,280
2205.jpg,1611,1706,95
2210.jpg,1611,1800,189
2215.jpg,1611,1500,-111
2220.jpg,1612,1950,338
2225.jpg,1612,1453,-159
2230.jpg,1613,1500,-113
2235.jpg,1613,1750,137
2240.jpg,1614,1600,-14
2245.jpg,1614,1700,86
2250.jpg,1614,1576,-38
2255.jpg,1615,1950,335
2260.jpg,1615,1453,-162
2265.jpg,1616,1900,284
2270.jpg,1616,1770,154
2275.jpg,1616,1600,-16
2280.jpg,1616,1530,-86
2285.jpg,1617,1900,283
2290.jpg,1617,-1,-1618
2295.jpg,1617,1700,83
2300.jpg,1618,965,-653
2305.jpg,1618,1900,282
2310.jpg,1619,1600,-19
2315.jpg,1619,1730,111
2320.jpg,1619,1530,-89
2325.jpg,1620,1870,250
2330.jpg,1620,1850,230
2335.jpg,1620,1985,365
2340.jpg,1621,1660,39
2345.jpg,1621,1850,229
2350.jpg,1622,1675,53
2360.jpg,1623,1755,132
2365.jpg,1624,1700,76
2370.jpg,1624,1854,230
2375.jpg,1624,1718,94
2380.jpg,1625,1850,225
2385.jpg,1625,1820,195
2390.jpg,1625,1850,225
2395.jpg,1625,1875,250
2400.jpg,1626,1009,-617
2405.jpg,1626,1930,304
2410.jpg,1627,1875,248
2415.jpg,1628,1950,322
2420.jpg,1628,1999,371
2425.jpg,1629,1880,251
2430.jpg,1629,1700,71
2435.jpg,1630,1850,220
2440.jpg,1630,1850,220
2445.jpg,1630,1448,-182
2450.jpg,1630,1750,120
2455.jpg,1631,1700,69
2460.jpg,1631,1680,49
2465.jpg,1631,1400,-231
2470.jpg,1632,1903,271
2475.jpg,1632,1910,278
2480.jpg,1632,1880,248
2485.jpg,1633,1800,167
2490.jpg,1633,1260,-373
2495.jpg,1634,1915,281
2500.jpg,1634,1500,-134
2505.jpg,1634,1700,66
2510.jpg,1635,1626,-9
2515.jpg,1635,1820,185
2520.jpg,1635,1800,165
2525.jpg,1636,1700,64
2530.jpg,1636,1910,274
2535.jpg,1636,1800,164
2540.jpg,1637,1650,13
2545.jpg,1637,1500,-137
2550.jpg,1638,1580,-58
2555.jpg,1638,1780,142
2560.jpg,1638,1453,-185
2565.jpg,1639,1830,191
2570.jpg,1639,1600,-39
2575.jpg,1640,1800,160
2580.jpg,1640,1945,305
2585.jpg,1640,-1,-1641
2590.jpg,1641,1800,159
2595.jpg,1641,1500,-141
2600.jpg,1641,1880,239
2605.jpg,1642,1850,208
2610.jpg,1642,1930,288
2615.jpg,1643,1900,257
2620.jpg,1644,1650,6
2625.jpg,1644,1780,136
2630.jpg,1644,1700,56
2635.jpg,1645,1876,231
2640.jpg,1645,1931,286
2645.jpg,1646,1740,94
2650.jpg,1646,1200,-446
2655.jpg,1646,1652,6
2660.jpg,1648,1850,202
2665.jpg,1648,1800,152
2670.jpg,1648,1654,6
2675.jpg,1649,1850,201
2680.jpg,1650,1600,-50
2685.jpg,1650,1750,100
2690.jpg,1650,1930,280
2695.jpg,1650,19,-1631
2700.jpg,1651,1757,106
2705.jpg,1651,1830,179
2710.jpg,1652,1700,48
2715.jpg,1653,1780,127
2720.jpg,1653,1500,-153
2725.jpg,1654,1700,46
2730.jpg,1654,1453,-201
2735.jpg,1655,1700,45
2745.jpg,1656,1830,174
2750.jpg,1656,1751,95
2755.jpg,1656,1800,144
2760.jpg,1657,1630,-27
2765.jpg,1657,-1,-1658
2770.jpg,1658,1445,-213
2775.jpg,1658,1850,192
2780.jpg,1659,1441,-218
2785.jpg,1659,1700,41
2790.jpg,1660,1770,110
2795.jpg,1660,1750,90
2800.jpg,1660,1800,140
2805.jpg,1660,1715,55
2810.jpg,1660,1700,40
2815.jpg,1660,1820,160
2820.jpg,1660,1750,90
2825.jpg,1661,1453,-208
2830.jpg,1661,1975,314
2835.jpg,1661,1800,139
2840.jpg,1661,1928,267
2845.jpg,1662,1930,268
2850.jpg,1663,1790,127
2855.jpg,1663,1724,61
2860.jpg,1664,1500,-164
2865.jpg,1664,1753,89
2870.jpg,1664,1500,-164
2875.jpg,1665,1453,-212
2880.jpg,1665,1940,275
2885.jpg,1665,18,-1647
2890.jpg,1665,1880,215
2895.jpg,1666,1700,34
2900.jpg,1666,1590,-76
2905.jpg,1667,1750,83
2910.jpg,1667,1790,123
2915.jpg,1667,1530,-137
2920.jpg,1668,1800,132
2925.jpg,1669,1852,183
2930.jpg,1669,1730,61
2935.jpg,1670,1800,130
2940.jpg,1670,1750,80
2945.jpg,1670,1750,80
2950.jpg,1670,1700,30
2955.jpg,1671,1845,174
2960.jpg,1671,1818,147
2965.jpg,1671,1895,224
2970.jpg,1672,1600,-72
2975.jpg,1672,1925,253
2980.jpg,1673,1770,97
2985.jpg,1673,1853,180
2990.jpg,1674,1780,106
2995.jpg,1674,1870,196
3000.jpg,1674,1900,226
3010.jpg,1675,1600,-75
3020.jpg,1676,1800,124
3025.jpg,1676,1676,0
3030.jpg,1677,1973,296
3035.jpg,1677,1753,76
3040.jpg,1677,1700,23
3045.jpg,1678,1850,172
3050.jpg,1678,1900,222
3055.jpg,1678,1300,-378
3060.jpg,1679,1700,21
3065.jpg,1679,1750,71
3075.jpg,1680,1880,200
3080.jpg,1680,1850,170
3085.jpg,1680,1750,70
3090.jpg,1680,1700,20
3095.jpg,1680,1700,20
3100.jpg,1680,1733,53
3105.jpg,1681,1700,19
3110.jpg,1681,1900,219
3115.jpg,1681,1750,69
3120.jpg,1681,1920,239
3125.jpg,1682,1825,143
3130.jpg,1682,1650,-32
3135.jpg,1682,1700,18
3140.jpg,1682,1649,-33
3145.jpg,1683,1900,217
3150.jpg,1683,1700,17
3155.jpg,1683,1695,12
3160.jpg,1683,1100,-583
3165.jpg,1683,1485,-198
3170.jpg,1684,1839,155
3175.jpg,1684,1700,16
3180.jpg,1684,1453,-231
3185.jpg,1684,1500,-184
3190.jpg,1685,1850,165
3195.jpg,1685,1700,15
3200.jpg,1685,1800,115
3205.jpg,1686,1850,164
3210.jpg,1686,1878,192
3215.jpg,1686,1900,214
3220.jpg,1686,1700,14
3225.jpg,1687,1600,-87
3230.jpg,1687,1700,13
3235.jpg,1687,1850,163
3240.jpg,1688,1700,12
3245.jpg,1688,1756,68
3250.jpg,1689,1850,161
3255.jpg,1689,1792,103
3260.jpg,1689,1453,-236
3270.jpg,1690,1700,10
3275.jpg,1690,1900,210
3280.jpg,1690,1850,160
3285.jpg,1690,1900,210
3290.jpg,1690,1885,195
3295.jpg,1690,1800,110
3300.jpg,1690,1700,10
3305.jpg,1691,1850,159
3310.jpg,1691,1670,-21
3315.jpg,1691,1890,199
3320.jpg,1692,1700,8
3325.jpg,1692,1700,8
3330.jpg,1693,1750,57
3335.jpg,1693,1800,107
3340.jpg,1694,1675,-19
3345.jpg,1694,1900,206
3350.jpg,1694,1601,-93
3355.jpg,1695,1780,85
3360.jpg,1695,1950,255
3365.jpg,1695,1700,5
3370.jpg,1695,1750,55
3375.jpg,1695,1834,139
3385.jpg,1696,1875,179
3390.jpg,1696,1852,156
3395.jpg,1696,1900,204
3400.jpg,1696,1750,54
3405.jpg,1696,1655,-41
3410.jpg,1697,1850,153
3415.jpg,1697,1790,93
3420.jpg,1697,1830,133
3425.jpg,1697,1770,73
3430.jpg,1698,1859,161
3435.jpg,1698,1840,142
3440.jpg,1698,1400,-298
3445.jpg,1699,1805,106
3450.jpg,1699,1600,-99
3455.jpg,1699,1933,234
3460.jpg,1700,1450,-250
3465.jpg,1700,1950,250
3470.jpg,1700,1750,50
3475.jpg,1700,1850,150
3480.jpg,1700,1948,248
3485.jpg,1700,1850,150
3490.jpg,1700,1700,0
3495.jpg,1700,1657,-43
3500.jpg,1700,1890,190
3505.jpg,1700,1858,158
3510.jpg,1700,1589,-111
3520.jpg,1701,1860,159
3525.jpg,1701,1790,89
3535.jpg,1702,1800,98
3540.jpg,1702,1690,-12
3545.jpg,1703,1703,0
3550.jpg,1704,1650,-54
3555.jpg,1704,1799,95
3560.jpg,1704,1950,246
3565.jpg,1704,1960,256
3570.jpg,1704,1930,226
3575.jpg,1705,1875,170
3580.jpg,1705,2005,300
3585.jpg,1705,1920,215
3590.jpg,1705,1648,-57
3595.jpg,1706,1650,-56
3600.jpg,1706,1820,114
3605.jpg,1706,1650,-56
3610.jpg,1706,1950,244
3615.jpg,1707,1950,243
3620.jpg,1707,1850,143
3625.jpg,1707,1780,73
3630.jpg,1708,1750,42
3635.jpg,1708,1850,142
3640.jpg,1708,1750,42
3645.jpg,1708,1845,137
3650.jpg,1709,1599,-110
3655.jpg,1709,1900,191
3660.jpg,1709,1800,91
3665.jpg,1709,1900,191
3670.jpg,1710,19,-1691
3675.jpg,1710,1980,270
3680.jpg,1710,1820,110
3685.jpg,1710,1800,90
3690.jpg,1710,1820,110
3695.jpg,1710,1825,115
3700.jpg,1710,1800,90
3705.jpg,1710,1890,180
3710.jpg,1710,1625,-85
3715.jpg,1711,1900,189
3720.jpg,1711,1855,144
3725.jpg,1711,1760,49
3730.jpg,1711,1600,-111
3735.jpg,1711,1600,-111
3740.jpg,1712,1900,188
3745.jpg,1712,1930,218
3750.jpg,1713,1650,-63
3755.jpg,1713,1815,102
3760.jpg,1713,1776,63
3765.jpg,1713,1665,-48
3770.jpg,1714,1800,86
3775.jpg,1714,1750,36
3780.jpg,1714,1800,86
3785.jpg,1714,1750,36
3790.jpg,1715,1750,35
3795.jpg,1715,1900,185
3800.jpg,1715,1300,-415
3805.jpg,1715,1800,85
3810.jpg,1715,1785,70
3815.jpg,1715,1781,66
3820.jpg,1715,1890,175
3825.jpg,1715,1845,130
3830.jpg,1715,1945,230
3835.jpg,1716,1975,259
3840.jpg,1716,1700,-16
3845.jpg,1716,1870,154
3850.jpg,1716,1900,184
3855.jpg,1716,1850,134
3860.jpg,1716,1804,88
3865.jpg,1717,1900,183
3870.jpg,1717,1900,183
3875.jpg,1717,1900,183
3880.jpg,1718,1798,80
3885.jpg,1718,1700,-18
3890.jpg,1719,2010,291
3895.jpg,1719,1759,40
3900.jpg,1719,1900,181
3905.jpg,1719,1870,151
3910.jpg,1720,1262,-458
3915.jpg,1720,1650,-70
3920.jpg,1720,1926,206
3925.jpg,1720,1875,155
3930.jpg,1720,1978,258
3935.jpg,1720,1738,18
3940.jpg,1720,1880,160
3945.jpg,1720,1880,160
3950.jpg,1720,1820,100
3955.jpg,1720,1820,100
3960.jpg,1720,1830,110
3965.jpg,1720,1820,100
3970.jpg,1720,1560,-160
3975.jpg,1721,1950,229
3980.jpg,1721,1850,129
3985.jpg,1721,1775,54
3990.jpg,1721,1700,-21
3995.jpg,1721,1650,-71
4000.jpg,1722,1820,98
4005.jpg,1722,1850,128
4010.jpg,1722,1840,118
4015.jpg,1722,1900,178
4020.jpg,1722,1700,-22
4025.jpg,1723,1750,27
4030.jpg,1723,1700,-23
4035.jpg,1723,1900,177
4040.jpg,1723,1900,177
4045.jpg,1723,-1,-1724
4050.jpg,1723,1690,-33
4055.jpg,1723,1945,222
4060.jpg,1724,1953,229
4065.jpg,1724,1935,211
4070.jpg,1724,1875,151
4075.jpg,1724,1740,16
4080.jpg,1724,1845,121
4085.jpg,1724,1722,-2
4090.jpg,1724,18,-1706
4095.jpg,1724,10,-1714
4100.jpg,1725,1950,225
4105.jpg,1725,1775,50
4110.jpg,1725,1920,195
4115.jpg,1725,1600,-125
4120.jpg,1725,1930,205
4125.jpg,1725,1900,175
4130.jpg,1725,1870,145
4135.jpg,1725,1750,25
4140.jpg,1725,1940,215
4145.jpg,1725,1894,169
4150.jpg,1725,1500,-225
4155.jpg,1725,1835,110
4160.jpg,1726,1900,174
4165.jpg,1726,1900,174
4170.jpg,1726,1870,144
4175.jpg,1726,1950,224
4180.jpg,1726,4736,3010
4185.jpg,1727,1759,32
4190.jpg,1727,1837,110
4195.jpg,1727,1800,73
4200.jpg,1727,1850,123
4205.jpg,1727,1850,123
4210.jpg,1727,1900,173
4215.jpg,1728,1850,122
4220.jpg,1728,1880,152
4225.jpg,1728,175,-1553
4230.jpg,1728,1880,152
4235.jpg,1728,1785,57
4240.jpg,1728,1988,260
4245.jpg,1728,1550,-178
4250.jpg,1729,1728,-1
4255.jpg,1729,1850,121
4260.jpg,1729,1850,121
4265.jpg,1729,1640,-89
4270.jpg,1729,1850,121
4275.jpg,1730,1880,150
4280.jpg,1730,1750,20
4285.jpg,1730,1753,23
4290.jpg,1730,2000,270
4295.jpg,1730,1800,70
4300.jpg,1730,1900,170
4305.jpg,1730,-1,-1731
4310.jpg,1730,1880,150
4315.jpg,1730,1910,180
4320.jpg,1730,1750,20
4325.jpg,1730,1934,204
4330.jpg,1730,1830,100
4335.jpg,1730,1800,70
4340.jpg,1730,1805,75
4345.jpg,1730,1760,30
4350.jpg,1730,1950,220
4355.jpg,1730,1900,170
4360.jpg,1730,1890,160
4365.jpg,1730,2020,290
4370.jpg,1731,1850,119
4375.jpg,1731,1745,14
4380.jpg,1731,1800,69
4385.jpg,1731,1750,19
4390.jpg,1732,1845,113
4395.jpg,1732,1700,-32
4400.jpg,1732,1875,143
4405.jpg,1732,1800,68
4410.jpg,1732,1850,118
4415.jpg,1732,1790,58
4420.jpg,1732,1600,-132
4425.jpg,1732,2500,768
4430.jpg,1732,1600,-132
4435.jpg,1733,1665,-68
4440.jpg,1733,1840,107
4445.jpg,1733,1800,67
4450.jpg,1733,1750,17
4455.jpg,1733,1600,-133
4460.jpg,1733,1600,-133
4465.jpg,1733,19500,17767
4470.jpg,1733,1900,167
4475.jpg,1734,1760,26
4480.jpg,1734,1750,16
4485.jpg,1734,1880,146
4490.jpg,1734,1880,146
4495.jpg,1735,1750,15
4505.jpg,1735,1925,190
4510.jpg,1735,1789,54
4515.jpg,1735,1740,5
4520.jpg,1735,1910,175
4525.jpg,1735,1880,145
4530.jpg,1735,1800,65
4535.jpg,1735,1810,75
4545.jpg,1736,1923,187
4550.jpg,1736,1830,94
4555.jpg,1736,1830,94
4560.jpg,1736,1850,114
4565.jpg,1736,1751,15
4570.jpg,1736,1965,229
4575.jpg,1737,1957,220
4580.jpg,1737,1958,221
4585.jpg,1737,1820,83
4590.jpg,1737,1950,213
4595.jpg,1737,1718,-19
4600.jpg,1737,1900,163
4605.jpg,1738,1900,162
4610.jpg,1738,1790,52
4615.jpg,1738,1925,187
4620.jpg,1738,1830,92
4625.jpg,1738,1600,-138
4630.jpg,1738,1930,192
4635.jpg,1738,1580,-158
4640.jpg,1739,1759,20
4645.jpg,1739,1888,149
4650.jpg,1739,1650,-89
4655.jpg,1739,1700,-39
4660.jpg,1739,1880,141
4665.jpg,1740,1800,60
4670.jpg,1740,1770,30
4675.jpg,1740,1854,114
4680.jpg,1740,1740,0
4685.jpg,1740,18,-1722
4690.jpg,1740,1880,140
4695.jpg,1740,1944,204
4700.jpg,1740,1810,70
4705.jpg,1740,1889,149
4710.jpg,1740,1800,60
4715.jpg,1740,1750,10
4720.jpg,1740,1550,-190
4725.jpg,1740,1770,30
4730.jpg,1740,1900,160
4735.jpg,1740,1820,80
4740.jpg,1740,1600,-140
4745.jpg,1740,1700,-40
4750.jpg,1741,1900,159
4755.jpg,1741,1800,59
4760.jpg,1741,1880,139
4765.jpg,1741,1850,109
4770.jpg,1741,1782,41
4775.jpg,1741,2010,269
4780.jpg,1742,1343,-399
4785.jpg,1742,1850,108
4790.jpg,1742,1740,-2
4795.jpg,1742,1830,88
4800.jpg,1742,1850,108
4805.jpg,1742,1830,88
4810.jpg,1742,1871,129
4815.jpg,1742,1850,108
4820.jpg,1743,1950,207
4825.jpg,1743,1750,7
4835.jpg,1743,1780,37
4840.jpg,1743,1830,87
4845.jpg,1744,1830,86
4850.jpg,1744,1790,46
4855.jpg,1744,1751,7
4860.jpg,1744,1500,-244
4865.jpg,1744,1876,132
4870.jpg,1745,1700,-45
4875.jpg,1745,1795,50
4880.jpg,1745,1818,73
4885.jpg,1745,1700,-45
4890.jpg,1745,1826,81
4895.jpg,1745,1818,73
4900.jpg,1745,1750,5
4905.jpg,1745,1890,145
4910.jpg,1746,1830,84
4915.jpg,1746,1750,4
4920.jpg,1746,1814,68
4925.jpg,1746,1100,-646
4930.jpg,1747,1755,8
4935.jpg,1747,1900,153
4940.jpg,1747,18,-1729
4945.jpg,1747,1830,83
4950.jpg,1747,19,-1728
4955.jpg,1747,1900,153
4960.jpg,1747,1830,83
4965.jpg,1748,1890,142
4970.jpg,1748,1820,72
4975.jpg,1748,1840,92
4980.jpg,1748,1950,202
4985.jpg,1748,1900,152
4990.jpg,1749,1834,85
4995.jpg,1749,1954,205
5000.jpg,1749,1800,51
5005.jpg,1749,1980,231
5010.jpg,1749,1845,96
5015.jpg,1750,1812,62
5020.jpg,1750,1773,23
5025.jpg,1750,1880,130
5030.jpg,1750,1860,110
5035.jpg,1750,1880,130
5040.jpg,1750,1890,140
5045.jpg,1750,1800,50
5050.jpg,1750,1905,155
5060.jpg,1750,1820,70
5065.jpg,1750,1955,205
5070.jpg,1750,1775,25
5075.jpg,1750,1895,145
5080.jpg,1750,1730,-20
5085.jpg,1750,1940,190
5090.jpg,1750,1880,130
5095.jpg,1750,1880,130
5100.jpg,1750,1900,150
5105.jpg,1750,1850,100
5110.jpg,1750,1385,-365
5115.jpg,1750,1900,150
5120.jpg,1750,1900,150
5125.jpg,1750,1800,50
5130.jpg,1750,1800,50
5135.jpg,1750,1900,150
5140.jpg,1750,1900,150
5145.jpg,1750,1750,0
5150.jpg,1750,1930,180
5155.jpg,1750,1810,60
5160.jpg,1750,1800,50
5165.jpg,1750,1957,207
5170.jpg,1750,1790,40
5175.jpg,1750,1835,85
5180.jpg,1750,1950,200
5185.jpg,1750,2018,268
5190.jpg,1750,1955,205
5195.jpg,1751,1652,-99
5200.jpg,1751,1850,99
5205.jpg,1751,1800,49
5210.jpg,1751,1840,89
5215.jpg,1751,1750,-1
5220.jpg,1751,1200,-551
5225.jpg,1752,1880,128
5230.jpg,1752,1860,108
5235.jpg,1752,1728,-24
5240.jpg,1752,1850,98
5245.jpg,1752,1857,105
5250.jpg,1752,1600,-152
5255.jpg,1752,1700,-52
5260.jpg,1752,1815,63
5265.jpg,1752,1856,104
5270.jpg,1752,1700,-52
5275.jpg,1752,1585,-167
5285.jpg,1753,2013,260
5290.jpg,1753,1900,147
5295.jpg,1753,1837,84
5300.jpg,1753,1800,47
5305.jpg,1753,1800,47
5310.jpg,1753,1732,-21
5315.jpg,1753,1530,-223
5320.jpg,1753,1900,147
5325.jpg,1754,1856,102
5330.jpg,1754,1754,0
5335.jpg,1754,1750,-4
5340.jpg,1754,1900,146
5345.jpg,1754,1865,111
5350.jpg,1754,1830,76
5355.jpg,1754,1950,196
5360.jpg,1754,1790,36
5365.jpg,1754,1850,96
5370.jpg,1755,1650,-105
5375.jpg,1755,46005,44250
5380.jpg,1755,1820,65
5385.jpg,1755,1661,-94
5390.jpg,1755,1860,105
5395.jpg,1755,1880,125
5400.jpg,1755,1815,60
5405.jpg,1755,1880,125
5410.jpg,1755,1700,-55
5415.jpg,1756,1775,19
5420.jpg,1756,1985,229
5425.jpg,1756,1800,44
5430.jpg,1756,1880,124
5435.jpg,1756,1750,-6
5440.jpg,1756,1795,39
5445.jpg,1756,1453,-303
5450.jpg,1756,1812,56
5455.jpg,1756,1813,57
5460.jpg,1756,18,-1738
5470.jpg,1757,1735,-22
5475.jpg,1757,1850,93
5480.jpg,1757,1900,143
5485.jpg,1757,1937,180
5490.jpg,1757,1840,83
5495.jpg,1757,1810,53
5500.jpg,1758,1745,-13
5505.jpg,1758,1890,132
5510.jpg,1758,1770,12
5515.jpg,1758,1850,92
5520.jpg,1758,1890,132
5525.jpg,1758,1985,227
5530.jpg,1758,1795,37
5535.jpg,1759,1650,-109
5540.jpg,1759,1855,96
5545.jpg,1759,1900,141
5550.jpg,1759,1880,121
5555.jpg,1759,1850,91
5560.jpg,1759,1700,-59
5565.jpg,1760,1920,160
5570.jpg,1760,1850,90
5575.jpg,1760,1830,70
5580.jpg,1760,1800,40
5585.jpg,1760,1200,-560
5590.jpg,1761,1780,19
5595.jpg,1761,1845,84
5600.jpg,1761,1815,54
5605.jpg,1761,1900,139
5610.jpg,1761,1930,169
5615.jpg,1761,1443,-318
5620.jpg,1761,532,-1229
5625.jpg,1761,1900,139
5630.jpg,1762,1686,-76
5635.jpg,1762,1880,118
5640.jpg,1762,1910,148
5645.jpg,1762,1890,128
5650.jpg,1762,1795,33
5655.jpg,1762,1900,138
5660.jpg,1762,1750,-12
5665.jpg,1762,1920,158
5670.jpg,1763,1850,87
5675.jpg,1763,1750,-13
5680.jpg,1763,1910,147
5685.jpg,1763,1800,37
5690.jpg,1763,1780,17
5695.jpg,1763,1800,37
5700.jpg,1763,1700,-63
5705.jpg,1763,1790,27
5710.jpg,1764,1870,106
5715.jpg,1764,1780,16
5720.jpg,1764,1814,50
5725.jpg,1764,1800,36
5730.jpg,1764,1850,86
5735.jpg,1764,1900,136
5740.jpg,1764,1850,86
5745.jpg,1764,1800,36
5750.jpg,1764,1453,-311
5755.jpg,1764,1770,6
5765.jpg,1765,1830,65
5770.jpg,1765,1859,94
5775.jpg,1765,1900,135
5780.jpg,1765,1960,195
5785.jpg,1765,1860,95
5790.jpg,1765,1900,135
5795.jpg,1765,1901,136
5800.jpg,1765,1780,15
5805.jpg,1765,1800,35
5810.jpg,1765,1750,-15
5815.jpg,1765,1850,85
5820.jpg,1765,1850,85
5825.jpg,1765,1880,115
5830.jpg,1765,1900,135
5835.jpg,1766,1761,-5
5840.jpg,1766,1914,148
5845.jpg,1766,1880,114
5850.jpg,1766,1600,-166
5855.jpg,1766,1900,134
5860.jpg,1766,1795,29
5865.jpg,1766,1758,-8
5870.jpg,1766,-1,-1767
5875.jpg,1767,1796,29
5880.jpg,1767,1850,83
5885.jpg,1767,1900,133
5890.jpg,1767,160,-1607
5895.jpg,1768,1880,112
5900.jpg,1768,1790,22
5905.jpg,1768,1753,-15
5910.jpg,1768,1950,182
5915.jpg,1768,1930,162
5920.jpg,1768,1825,57
5925.jpg,1768,1995,227
5930.jpg,1768,1680,-88
5935.jpg,1768,1750,-18
5940.jpg,1768,1953,185
5945.jpg,1769,1700,-69
5950.jpg,1769,1920,151
5955.jpg,1769,1800,31
5960.jpg,1769,1840,71
5965.jpg,1769,1735,-34
5970.jpg,1769,1900,131
5975.jpg,1769,1775,6
5980.jpg,1769,1856,87
5985.jpg,1769,1970,201
5990.jpg,1769,1850,81
5995.jpg,1769,900,-869
6000.jpg,1770,1503,-267
6005.jpg,1770,1865,95
6010.jpg,1770,1850,80
6015.jpg,1770,1900,130
6020.jpg,1770,1850,80
6025.jpg,1770,1830,60
6030.jpg,1770,1810,40
6035.jpg,1770,1755,-15
6040.jpg,1770,1800,30
6045.jpg,1770,1930,160
6050.jpg,1770,1850,80
6055.jpg,1770,1980,210
6060.jpg,1770,1700,-70
6065.jpg,1770,1985,215
6070.jpg,1770,1860,90
6075.jpg,1770,1907,137
6080.jpg,1770,1895,125
6085.jpg,1770,185,-1585
6090.jpg,1770,1918,148
6095.jpg,1770,1700,-70
6100.jpg,1770,1700,-70
6105.jpg,1770,1699,-71
6115.jpg,1771,1860,89
6120.jpg,1771,1584,-187
6125.jpg,1771,1837,66
6130.jpg,1771,1775,4
6135.jpg,1771,1815,44
6140.jpg,1771,1560,-211
6145.jpg,1771,1850,79
6150.jpg,1771,1878,107
6155.jpg,1771,1680,-91
6160.jpg,1771,1750,-21
6165.jpg,1771,1600,-171
6170.jpg,1772,1900,128
6175.jpg,1772,1800,28
6180.jpg,1772,1940,168
6185.jpg,1772,1753,-19
6190.jpg,1772,1600,-172
6195.jpg,1773,1840,67
6200.jpg,1773,1900,127
6205.jpg,1773,1700,-73
6210.jpg,1773,1850,77
6215.jpg,1773,1760,-13
6220.jpg,1773,1750,-23
6225.jpg,1773,1700,-73
6230.jpg,1773,1743,-30
6235.jpg,1773,1955,182
6240.jpg,1774,1790,16
6245.jpg,1774,1794,20
6250.jpg,1774,1830,56
6255.jpg,1774,1720,-54
6260.jpg,1774,1825,51
6265.jpg,1774,1750,-24
6270.jpg,1774,1870,96
6275.jpg,1774,1870,96
6280.jpg,1774,1800,26
6285.jpg,1774,1800,26
6290.jpg,1774,1890,116
6295.jpg,1774,1907,133
6300.jpg,1774,1799,25
6305.jpg,1775,1750,-25
6310.jpg,1775,1950,175
6315.jpg,1775,1930,155
6320.jpg,1775,1810,35
6325.jpg,1775,1745,-30
6330.jpg,1775,1849,74
6335.jpg,1775,1820,45
6350.jpg,1775,1900,125
6355.jpg,1775,1856,81
6360.jpg,1775,1910,135
6365.jpg,1775,1830,55
6370.jpg,1775,1850,75
6375.jpg,1775,1875,100
6380.jpg,1775,1453,-322
6385.jpg,1775,1721,-54
6390.jpg,1775,1900,125
6395.jpg,1775,1849,74
6405.jpg,1776,1620,-156
6410.jpg,1776,1870,94
6415.jpg,1776,1900,124
6420.jpg,1776,1670,-106
6425.jpg,1776,1790,14
6430.jpg,1776,1790,14
6435.jpg,1776,1777,1
6440.jpg,1776,1715,-61
6445.jpg,1777,1750,-27
6450.jpg,1777,1830,53
6455.jpg,1777,1950,173
6460.jpg,1777,1853,76
6465.jpg,1777,1880,103
6470.jpg,1777,1952,175
6475.jpg,1777,11835,10058
6480.jpg,1777,2020,243
6485.jpg,1778,1900,122
6495.jpg,1778,1783,5
6500.jpg,1778,1750,-28
6505.jpg,1778,1880,102
6510.jpg,1778,1850,72
6515.jpg,1779,1890,111
6520.jpg,1779,1795,16
6525.jpg,1779,1830,51
6530.jpg,1779,1825,46
6535.jpg,1779,1890,111
6540.jpg,1779,1830,51
6545.jpg,1779,1850,71
6550.jpg,1779,1930,151
6555.jpg,1780,15,-1765
6560.jpg,1780,1775,-5
6565.jpg,1780,1700,-80
6570.jpg,1780,1930,150
6575.jpg,1780,1840,60
6580.jpg,1780,1850,70
6585.jpg,1780,1890,110
6590.jpg,1780,1900,120
6595.jpg,1780,1870,90
6600.jpg,1780,1890,110
6605.jpg,1780,1750,-30
6610.jpg,1780,1890,110
6615.jpg,1780,1915,135
6620.jpg,1780,1600,-180
6625.jpg,1780,1901,121
6630.jpg,1780,1700,-80
6635.jpg,1780,1890,110
6640.jpg,1780,1900,120
6645.jpg,1780,1750,-30
6650.jpg,1780,1900,120
6655.jpg,1780,1860,80
6660.jpg,1780,1870,90
6665.jpg,1780,1750,-30
6670.jpg,1781,1907,126
6675.jpg,1781,1453,-328
6680.jpg,1781,1834,53
6685.jpg,1781,1800,19
6690.jpg,1781,1600,-181
6695.jpg,1781,1800,19
6700.jpg,1781,1750,-31
6705.jpg,1781,1900,119
6710.jpg,1782,1860,78
6715.jpg,1782,1925,143
6720.jpg,1782,1753,-29
6725.jpg,1782,1840,58
6730.jpg,1782,1760,-22
6735.jpg,1782,1880,98
6740.jpg,1782,1853,71
6745.jpg,1782,19,-1763
6750.jpg,1782,1850,68
6755.jpg,1783,1700,-83
6760.jpg,1783,1890,107
6765.jpg,1783,1960,177
6770.jpg,1783,1970,187
6775.jpg,1783,1941,158
6780.jpg,1783,1750,-33
6785.jpg,1783,1950,167
6790.jpg,1783,1850,67
6795.jpg,1783,1820,37
6800.jpg,1783,1920,137
6805.jpg,1783,1745,-38
6810.jpg,1784,1850,66
6815.jpg,1784,1300,-484
6820.jpg,1784,1808,24
6825.jpg,1784,1980,196
6830.jpg,1784,1650,-134
6835.jpg,1784,1950,166
6840.jpg,1784,1851,67
6845.jpg,1784,1890,106
6850.jpg,1784,1550,-234
6855.jpg,1784,1800,16
6860.jpg,1785,1850,65
6865.jpg,1785,2004,219
6870.jpg,1785,1800,15
6875.jpg,1785,1830,45
6880.jpg,1785,1825,40
6885.jpg,1785,1900,115
6890.jpg,1785,1900,115
6895.jpg,1785,1885,100
6900.jpg,1785,1790,5
6905.jpg,1785,1765,-20
6910.jpg,1785,1850,65
6915.jpg,1785,1760,-25
6920.jpg,1785,1900,115
6925.jpg,1785,1758,-27
6930.jpg,1785,700,-1085
6935.jpg,1785,1943,158
6940.jpg,1785,1910,125
6945.jpg,1785,1850,65
6950.jpg,1786,1650,-136
6955.jpg,1786,1860,74
6960.jpg,1786,1900,114
6965.jpg,1786,1900,114
6970.jpg,1786,1453,-333
6975.jpg,1786,1780,-6
6980.jpg,1786,1890,104
6985.jpg,1786,1800,14
6990.jpg,1786,1900,114
6995.jpg,1786,1370,-416
7000.jpg,1786,1800,14
7005.jpg,1787,500,-1287
7010.jpg,1787,1694,-93
7015.jpg,1787,1800,13
7020.jpg,1787,1870,83
7025.jpg,1787,1890,103
7030.jpg,1787,1800,13
7035.jpg,1787,1850,63
7040.jpg,1787,1890,103
7045.jpg,1787,1890,103
7050.jpg,1787,1900,113
7055.jpg,1787,1800,13
7060.jpg,1787,-1,-1788
7065.jpg,1787,1930,143
7070.jpg,1787,1753,-34
7075.jpg,1787,1050,-737
7080.jpg,1787,1830,43
7085.jpg,1787,1895,108
7090.jpg,1788,1957,169
7095.jpg,1788,1879,91
7100.jpg,1788,1860,72
7105.jpg,1788,1730,-58
7110.jpg,1788,1700,-88
7115.jpg,1788,1850,62
7120.jpg,1788,1950,162
7125.jpg,1788,1780,-8
7130.jpg,1788,1765,-23
7135.jpg,1788,1788,0
7140.jpg,1788,1750,-38
7145.jpg,1789,1850,61
7150.jpg,1789,1800,11
7155.jpg,1789,1842,53
7160.jpg,1789,1853,64
7165.jpg,1789,1850,61
7170.jpg,1789,1750,-39
7175.jpg,1789,1950,161
7180.jpg,1789,1880,91
7185.jpg,1789,1910,121
7190.jpg,1789,1800,11
7195.jpg,1789,1865,76
7200.jpg,1790,1815,25
7205.jpg,1790,1650,-140
7210.jpg,1790,1925,135
7215.jpg,1790,1890,100
7220.jpg,1790,1900,110
7225.jpg,1790,1860,70
7230.jpg,1790,1900,110
7235.jpg,1790,1900,110
7240.jpg,1790,1850,60
7245.jpg,1790,1900,110
7250.jpg,1790,1750,-40
7255.jpg,1790,1930,140
7260.jpg,1790,1900,110
7265.jpg,1790,1872,82
7270.jpg,1790,1830,40
7275.jpg,1790,1775,-15
7280.jpg,1790,1775,-15
7285.jpg,1790,1780,-10
7290.jpg,1790,1960,170
7295.jpg,1790,1890,100
7300.jpg,1790,1900,110
7305.jpg,1790,1900,110
7310.jpg,1790,1870,80
7315.jpg,1790,1850,60
7320.jpg,1790,1925,135
7325.jpg,1790,1910,120
7330.jpg,1790,1790,0
7335.jpg,1790,1907,117
7340.jpg,1790,1790,0
7345.jpg,1790,2002,212
7350.jpg,1790,1900,110
7355.jpg,1790,2000,210
7360.jpg,1790,1799,9
7365.jpg,1790,1870,80
7370.jpg,1790,1753,-37
7375.jpg,1790,1900,110
7380.jpg,1790,1453,-337
7385.jpg,1791,1900,109
7390.jpg,1791,1890,99
7395.jpg,1791,1760,-31
7400.jpg,1791,1346,-445
7405.jpg,1791,1930,139
7410.jpg,1791,1780,-11
7415.jpg,1791,1850,59
7420.jpg,1791,1880,89
7425.jpg,1791,1900,109
7430.jpg,1791,1900,109
7435.jpg,1791,1820,29
7440.jpg,1792,1880,88
7445.jpg,1792,1900,108
7450.jpg,1792,1780,-12
7455.jpg,1792,1999,207
7460.jpg,1792,1890,98
7465.jpg,1792,1800,8
7470.jpg,1792,1850,58
7475.jpg,1792,1970,178
7480.jpg,1792,1767,-25
7485.jpg,1792,1890,98
7490.jpg,1792,1850,58
7495.jpg,1792,1700,-92
7500.jpg,1792,1895,103
7505.jpg,1792,1850,58
7510.jpg,1793,1888,95
7515.jpg,1793,1910,117
7520.jpg,1793,1900,107
7525.jpg,1793,1900,107
7530.jpg,1793,1790,-3
7535.jpg,1793,1945,152
7540.jpg,1793,1800,7
7545.jpg,1793,1840,47
7550.jpg,1793,1775,-18
7555.jpg,1793,1850,57
7560.jpg,1793,1900,107
7565.jpg,1793,1890,97
7570.jpg,1793,1860,67
7575.jpg,1793,1950,157
7580.jpg,1793,1800,7
7585.jpg,1793,1900,107
7590.jpg,1793,1700,-93
7595.jpg,1794,1860,66
7600.jpg,1794,1700,-94
7605.jpg,1794,1453,-341
7610.jpg,1794,1853,59
7615.jpg,1794,1800,6
7620.jpg,1794,1825,31
7625.jpg,1794,1855,61
7630.jpg,1794,1750,-44
7635.jpg,1794,1800,6
7640.jpg,1794,1896,102
7645.jpg,1794,1670,-124
7650.jpg,1794,1880,86
7655.jpg,1795,1750,-45
7660.jpg,1795,1900,105
7665.jpg,1795,1893,98
7670.jpg,1795,1780,-15
7675.jpg,1795,1750,-45
7680.jpg,1795,1870,75
7685.jpg,1795,1853,58
7690.jpg,1795,1830,35
7695.jpg,1795,1900,105
7700.jpg,1795,1926,131
7705.jpg,1795,1850,55
7710.jpg,1795,1890,95
7715.jpg,1795,1940,145
7720.jpg,1795,1850,55
7725.jpg,1795,1900,105
7730.jpg,1795,1775,-20
7735.jpg,1795,1765,-30
7740.jpg,1795,1900,105
7745.jpg,1795,1890,95
7750.jpg,1795,1800,5
7755.jpg,1795,1835,40
7760.jpg,1795,1800,5
7765.jpg,1795,1930,135
7775.jpg,1796,1840,44
7780.jpg,1796,1835,39
7785.jpg,1796,1900,104
7790.jpg,1796,1900,104
7795.jpg,1796,1600,-196
7800.jpg,1796,1800,4
7805.jpg,1796,1815,19
7810.jpg,1796,1890,94
7815.jpg,1796,1900,104
7820.jpg,1796,1833,37
7825.jpg,1796,1850,54
7830.jpg,1796,1850,54
7840.jpg,1796,1925,129
7845.jpg,1796,1820,24
7850.jpg,1796,1900,104
7855.jpg,1796,1753,-43
7860.jpg,1796,1880,84
7865.jpg,1796,1300,-496
7870.jpg,1796,1850,54
7875.jpg,1796,1890,94
7880.jpg,1797,175,-1622
7885.jpg,1797,1010,-787
7890.jpg,1797,1775,-22
7895.jpg,1797,1900,103
7900.jpg,1797,1800,3
7905.jpg,1797,1755,-42
7915.jpg,1797,1988,191
7920.jpg,1797,1785,-12
7925.jpg,1797,1917,120
7930.jpg,1797,1910,113
7935.jpg,1797,1700,-97
7940.jpg,1797,1765,-32
7945.jpg,1797,1800,3
7950.jpg,1797,1950,153
7955.jpg,1798,1965,167
7960.jpg,1798,1900,102
7965.jpg,1798,3000,1202
7970.jpg,1798,1758,-40
7975.jpg,1798,1836,38
7980.jpg,1798,1911,113
7985.jpg,1798,1930,132
7990.jpg,1798,1925,127
7995.jpg,1798,1200,-598
8000.jpg,1798,1880,82
8005.jpg,1798,1850,52
8010.jpg,1798,1864,66
8015.jpg,1798,1945,147
8020.jpg,1798,1940,142
8025.jpg,1798,1750,-48
8030.jpg,1798,1970,172
8035.jpg,1798,1895,97
8040.jpg,1798,1960,162
8045.jpg,1798,1800,2
8055.jpg,1798,1790,-8
8060.jpg,1799,2000,201
8065.jpg,1799,1830,31
8070.jpg,1799,1830,31
8075.jpg,1799,1890,91
8080.jpg,1799,1900,101
8085.jpg,1799,1920,121
8090.jpg,1799,1757,-42
8095.jpg,1799,1750,-49
8100.jpg,1799,1900,101
8105.jpg,1799,1903,104
8110.jpg,1799,1753,-46
8115.jpg,1800,1500,-300
8120.jpg,1800,1950,150
8125.jpg,1800,1800,0
8130.jpg,1800,1825,25
8135.jpg,1800,1925,125
8140.jpg,1800,1730,-70
8145.jpg,1800,1890,90
8150.jpg,1800,1780,-20
8155.jpg,1800,1783,-17
8160.jpg,1800,1900,100
8165.jpg,1800,1850,50
8170.jpg,1800,1800,0
8175.jpg,1800,1764,-36
8180.jpg,1800,1830,30
8185.jpg,1800,1883,83
8190.jpg,1800,1700,-100
8195.jpg,1800,1950,150
8200.jpg,1800,1900,100
8205.jpg,1800,1700,-100
8210.jpg,1800,1952,152
8215.jpg,1800,1880,80
8220.jpg,1800,1902,102
8225.jpg,1800,1854,54
8230.jpg,1800,1830,30
8235.jpg,1800,1620,-180
8240.jpg,1800,1920,120
8245.jpg,1800,1850,50
8250.jpg,1800,1750,-50
8255.jpg,1800,20,-1780
8260.jpg,1800,1750,-50
8265.jpg,1800,1800,0
8270.jpg,1800,1800,0
8275.jpg,1800,1950,150
8280.jpg,1800,1785,-15
8285.jpg,1800,1875,75
8295.jpg,1800,1906,106
8300.jpg,1801,1799,-2
8305.jpg,1801,1930,129
8310.jpg,1801,1880,79
8315.jpg,1801,1895,94
8320.jpg,1801,1940,139
8325.jpg,1801,1870,69
8330.jpg,1801,1880,79
8335.jpg,1801,1750,-51
8340.jpg,1801,1750,-51
8345.jpg,1801,1850,49
8350.jpg,1801,1800,-1
8355.jpg,1801,1800,-1
8360.jpg,1801,1860,59
8365.jpg,1801,1880,79
8375.jpg,1802,1890,88
8380.jpg,1802,1990,188
8385.jpg,1802,1890,88
8390.jpg,1802,1935,133
8395.jpg,1802,1870,68
8400.jpg,1802,1900,98
8405.jpg,1802,1853,51
8410.jpg,1802,1800,-2
8415.jpg,1802,1860,58
8420.jpg,1802,1700,-102
8425.jpg,1802,1850,48
8430.jpg,1802,1820,18
8435.jpg,1802,1700,-102
8440.jpg,1803,1900,97
8445.jpg,1803,1850,47
8450.jpg,1803,1800,-3
8455.jpg,1803,1750,-53
8460.jpg,1803,1875,72
8465.jpg,1803,1854,51
8470.jpg,1803,1870,67
8475.jpg,1803,1985,182
8480.jpg,1803,1700,-103
8485.jpg,1803,1851,48
8490.jpg,1803,1900,97
8495.jpg,1803,1850,47
8500.jpg,1803,1785,-18
8505.jpg,1803,1880,77
8515.jpg,1804,1650,-154
8520.jpg,1804,1600,-204
8525.jpg,1804,1900,96
8530.jpg,1804,1900,96
8535.jpg,1804,1900,96
8540.jpg,1804,1850,46
8545.jpg,1804,1850,46
8550.jpg,1804,1818,14
8555.jpg,1804,1900,96
8560.jpg,1804,1890,86
8565.jpg,1804,1900,96
8570.jpg,1804,1900,96
8575.jpg,1804,1950,146
8580.jpg,1804,1650,-154
8585.jpg,1805,1634,-171
8590.jpg,1805,1750,-55
8595.jpg,1805,1850,45
8600.jpg,1805,1930,125
8605.jpg,1805,1800,-5
8610.jpg,1805,1700,-105
8615.jpg,1805,1900,95
8620.jpg,1805,1740,-65
8625.jpg,1805,1856,51
8630.jpg,1805,1200,-605
8635.jpg,1805,1751,-54
8640.jpg,1805,1788,-17
8645.jpg,1805,1750,-55
8650.jpg,1805,1900,95
8655.jpg,1805,1891,86
8660.jpg,1805,1829,24
8665.jpg,1805,1830,25
8670.jpg,1805,1855,50
8675.jpg,1805,1735,-70
8680.jpg,1805,1858,53
8685.jpg,1805,1883,78
8690.jpg,1805,1800,-5
8695.jpg,1806,-1,-1807
8700.jpg,1806,1800,-6
8705.jpg,1806,1800,-6
8710.jpg,1806,1850,44
8715.jpg,1806,1750,-56
8720.jpg,1806,1875,69
8725.jpg,1806,1900,94
8730.jpg,1806,1840,34
8735.jpg,1806,1755,-51
8740.jpg,1806,1800,-6
8745.jpg,1806,1800,-6
8750.jpg,1806,1900,94
8755.jpg,1806,1720,-86
8765.jpg,1807,1898,91
8770.jpg,1807,1840,33
8775.jpg,1807,1877,70
8780.jpg,1807,1910,103
8785.jpg,1807,1870,63
8790.jpg,1807,1910,103
8795.jpg,1807,1900,93
8800.jpg,1807,1900,93
8805.jpg,1807,1905,98
8810.jpg,1807,1850,43
8815.jpg,1807,1865,58
8820.jpg,1807,1820,13
8825.jpg,1807,1860,53
8830.jpg,1807,1450,-357
8835.jpg,1807,1860,53
8840.jpg,1808,1905,97
8845.jpg,1808,1800,-8
8850.jpg,1808,1900,92
8855.jpg,1808,1810,2
8860.jpg,1808,1940,132
8865.jpg,1808,1720,-88
8875.jpg,1808,-1,-1809
8880.jpg,1808,19,-1789
8885.jpg,1808,1948,140
8890.jpg,1808,1850,42
8895.jpg,1808,1847,39
8900.jpg,1808,1850,42
8905.jpg,1808,1850,42
8910.jpg,1809,1700,-109
8915.jpg,1809,1850,41
8920.jpg,1809,1900,91
8925.jpg,1809,1885,76
8930.jpg,1809,1890,81
8935.jpg,1809,1750,-59
8940.jpg,1809,1871,62
8945.jpg,1809,1950,141
8950.jpg,1809,1894,85
8955.jpg,1809,1900,91
8965.jpg,1809,1801,-8
8970.jpg,1809,1900,91
8975.jpg,1810,1900,90
8980.jpg,1810,1820,10
8985.jpg,1810,1860,50
8995.jpg,1810,1979,169
9000.jpg,1810,1900,90
9005.jpg,1810,1850,40
9010.jpg,1810,1650,-160
9015.jpg,1810,1900,90
9020.jpg,1810,1900,90
9025.jpg,1810,1850,40
9030.jpg,1810,1788,-22
9035.jpg,1810,1970,160
9040.jpg,1810,1890,80
9045.jpg,1810,1900,90
9050.jpg,1810,1900,90
9055.jpg,1810,1800,-10
9060.jpg,1810,1950,140
9065.jpg,1810,1950,140
9070.jpg,1810,1935,125
9075.jpg,1810,1870,60
9080.jpg,1810,1920,110
9085.jpg,1810,1925,115
9090.jpg,1810,1793,-17
9095.jpg,1810,1850,40
9100.jpg,1810,1850,40
9105.jpg,1810,1910,100
9110.jpg,1810,1960,150
9115.jpg,1810,1900,90
9120.jpg,1810,1950,140
9125.jpg,1810,1880,70
9130.jpg,1810,1890,80
9135.jpg,1810,1975,165
9140.jpg,1810,1900,90
9145.jpg,1810,1965,155
9150.jpg,1811,1900,89
9160.jpg,1811,1845,34
9165.jpg,1811,1800,-11
9170.jpg,1811,1820,9
9175.jpg,1811,1700,-111
9180.jpg,1811,-1,-1812
9185.jpg,1811,1820,9
9190.jpg,1811,1740,-71
9195.jpg,1811,1580,-231
9200.jpg,1811,1800,-11
9205.jpg,1811,1760,-51
9210.jpg,1812,1778,-34
9215.jpg,1812,1500,-312
9220.jpg,1812,2008,196
9225.jpg,1812,1800,-12
9230.jpg,1812,1770,-42
9235.jpg,1812,1750,-62
9240.jpg,1812,1850,38
9245.jpg,1812,1850,38
9250.jpg,1812,1900,88
9255.jpg,1812,1850,38
9260.jpg,1812,1960,148
9265.jpg,1812,1850,38
9270.jpg,1812,1875,63
9275.jpg,1812,1915,103
9280.jpg,1812,1828,16
9290.jpg,1812,1850,38
9295.jpg,1812,1700,-112
9300.jpg,1812,1940,128
9305.jpg,1812,1800,-12
9310.jpg,1813,1750,-63
9315.jpg,1813,1800,-13
9320.jpg,1813,1800,-13
9325.jpg,1813,1820,7
9330.jpg,1813,1852,39
9335.jpg,1813,1845,32
9340.jpg,1813,1780,-33
9345.jpg,1813,1900,87
9350.jpg,1813,1890,77
9355.jpg,1813,900,-913
9360.jpg,1813,1900,87
9365.jpg,1813,1750,-63
9370.jpg,1813,1905,92
9375.jpg,1814,1858,44
9390.jpg,1814,1850,36
9395.jpg,1814,1800,-14
9400.jpg,1814,1890,76
9405.jpg,1814,1845,31
9410.jpg,1814,1850,36
9415.jpg,1814,18,-1796
9420.jpg,1814,1850,36
9425.jpg,1814,1453,-361
9430.jpg,1814,1200,-614
9435.jpg,1814,1950,136
9440.jpg,1814,1780,-34
9445.jpg,1814,1885,71
9450.jpg,1814,1830,16
9455.jpg,1814,1850,36
9460.jpg,1814,1780,-34
9465.jpg,1815,1850,35
9470.jpg,1815,2020,205
9475.jpg,1815,1800,-15
9480.jpg,1815,1900,85
9485.jpg,1815,1900,85
9490.jpg,1815,1807,-8
9495.jpg,1815,1850,35
9500.jpg,1815,1932,117
9505.jpg,1815,1857,42
9510.jpg,1815,185,-1630
9515.jpg,1815,1900,85
9520.jpg,1815,1750,-65
9525.jpg,1815,1850,35
9530.jpg,1815,1810,-5
9535.jpg,1815,1830,15
9540.jpg,1815,1945,130
9545.jpg,1815,1750,-65
9550.jpg,1815,1809,-6
9555.jpg,1815,1800,-15
9560.jpg,1815,1750,-65
9565.jpg,1815,1850,35
9570.jpg,1815,1880,65
9575.jpg,1815,1900,85
9580.jpg,1815,1870,55
9585.jpg,1815,1889,74
9590.jpg,1815,1790,-25
9595.jpg,1816,2022,206
9600.jpg,1816,1700,-116
9605.jpg,1816,1870,54
9610.jpg,1816,1750,-66
9615.jpg,1816,1820,4
9620.jpg,1816,1850,34
9625.jpg,1816,1800,-16
9630.jpg,1816,1853,37
9635.jpg,1816,1935,119
9640.jpg,1816,1700,-116
9645.jpg,1816,1489,-327
9650.jpg,1816,1950,134
9655.jpg,1816,1800,-16
9660.jpg,1816,1920,104
9665.jpg,1816,1923,107
9670.jpg,1816,1850,34
9675.jpg,1816,1850,34
9680.jpg,1816,1750,-66
9685.jpg,1816,1950,134
9690.jpg,1816,1880,64
9695.jpg,1816,1900,84
9700.jpg,1816,1870,54
9705.jpg,1816,1500,-316
9710.jpg,1816,1820,4
9715.jpg,1817,1587,-230
9720.jpg,1817,1850,33
9725.jpg,1817,1800,-17
9730.jpg,1817,1941,124
9735.jpg,1817,1850,33
9740.jpg,1817,1958,141
9745.jpg,1817,1800,-17
9750.jpg,1817,1853,36
9755.jpg,1817,1750,-67
9760.jpg,1817,1830,13
9765.jpg,1817,1855,38
9770.jpg,1817,1885,68
9775.jpg,1817,1940,123
9780.jpg,1817,1900,83
9785.jpg,1817,1920,103
9790.jpg,1818,-1,-1819
9795.jpg,1818,1918,100
9800.jpg,1818,1870,52
9805.jpg,1818,1900,82
9810.jpg,1818,1775,-43
9815.jpg,1818,1850,32
9820.jpg,1818,1920,102
9825.jpg,1818,1754,-64
9830.jpg,1818,1850,32
9835.jpg,1818,1880,62
9840.jpg,1818,1990,172
9845.jpg,1818,1900,82
9850.jpg,1818,1915,97
9855.jpg,1818,1779,-39
9860.jpg,1818,1790,-28
9865.jpg,1818,1845,27
9870.jpg,1818,1880,62
9875.jpg,1818,1850,32
9880.jpg,1818,1850,32
9885.jpg,1818,2015,197
9890.jpg,1818,1760,-58
9895.jpg,1818,1750,-68
9900.jpg,1818,1850,32
9905.jpg,1818,1920,102
9910.jpg,1819,1649,-170
9915.jpg,1819,1950,131
9920.jpg,1819,1900,81
9925.jpg,1819,1850,31
9930.jpg,1819,1819,0
9935.jpg,1819,1890,71
9940.jpg,1819,1850,31
9945.jpg,1819,1895,76
9950.jpg,1819,1853,34
9955.jpg,1819,1890,71
9960.jpg,1819,1850,31
9965.jpg,1819,1900,81
9970.jpg,1819,1830,11
9975.jpg,1819,1890,71
9980.jpg,1819,1900,81
9985.jpg,1820,1820,0
9990.jpg,1820,1700,-120
9995.jpg,1820,1760,-60
10000.jpg,1820,1850,30
10005.jpg,1820,1850,30
10010.jpg,1820,1890,70
10015.jpg,1820,1700,-120
10020.jpg,1820,175,-1645
10025.jpg,1820,1850,30
10030.jpg,1820,1960,140
10035.jpg,1820,1975,155
10040.jpg,1820,1889,69
10045.jpg,1820,1840,20
10050.jpg,1820,1880,60
10055.jpg,1820,1825,5
10060.jpg,1820,1900,80
10065.jpg,1820,1850,30
10070.jpg,1820,1900,80
10075.jpg,1820,1845,25
10080.jpg,1820,1890,70
10085.jpg,1820,1852,32
10090.jpg,1820,1930,110
10095.jpg,1820,2000,180
10100.jpg,1820,1900,80
10105.jpg,1820,1880,60
10110.jpg,1820,1880,60
10115.jpg,1820,1915,95
10120.jpg,1820,1735,-85
10125.jpg,1820,1880,60
10130.jpg,1820,1790,-30
10135.jpg,1820,1875,55
10140.jpg,1820,1900,80
10145.jpg,1820,1960,140
10150.jpg,1820,1800,-20
10155.jpg,1820,1850,30
10160.jpg,1820,1830,10
10165.jpg,1820,1935,115
10170.jpg,1820,1898,78
10175.jpg,1820,1880,60
10180.jpg,1820,1800,-20
10185.jpg,1820,1850,30
10190.jpg,1820,1920,100
10195.jpg,1821,1890,69
10200.jpg,1821,1925,104
10205.jpg,1821,1793,-28
10210.jpg,1821,2020,199
10215.jpg,1821,1900,79
10220.jpg,1821,1700,-121
10225.jpg,1821,1905,84
10230.jpg,1821,1850,29
10235.jpg,1821,1860,39
10240.jpg,1821,1880,59
10245.jpg,1821,1890,69
10250.jpg,1821,1840,19
10255.jpg,1821,1930,109
10260.jpg,1821,1756,-65
10265.jpg,1821,1895,74
10270.jpg,1821,1900,79
10275.jpg,1821,1840,19
10280.jpg,1822,1890,68
10285.jpg,1822,1920,98
10290.jpg,1822,1900,78
10295.jpg,1822,1880,58
10300.jpg,1822,1890,68
10305.jpg,1822,1787,-35
10310.jpg,1822,1853,31
10315.jpg,1822,1825,3
10320.jpg,1822,1800,-22
10325.jpg,1822,1956,134
10330.jpg,1822,1950,128
10335.jpg,1822,1763,-59
10340.jpg,1822,1900,78
10345.jpg,1822,1920,98
10355.jpg,1822,1870,48
10360.jpg,1823,1870,47
10365.jpg,1823,1860,37
10370.jpg,1823,1956,133
10375.jpg,1823,1810,-13
10385.jpg,1823,1850,27
10390.jpg,1823,1890,67
10395.jpg,1823,1850,27
10400.jpg,1823,1880,57
10405.jpg,1823,1900,77
10410.jpg,1823,1935,112
10415.jpg,1823,1892,69
10420.jpg,1823,1900,77
10425.jpg,1823,1750,-73
10430.jpg,1823,1890,67
10435.jpg,1823,1958,135
10440.jpg,1823,1800,-23
10445.jpg,1823,1900,77
10450.jpg,1823,1500,-323
10455.jpg,1824,1200,-624
10460.jpg,1824,1900,76
10465.jpg,1824,1790,-34
10470.jpg,1824,1920,96
10475.jpg,1824,1967,143
10480.jpg,1824,1852,28
10485.jpg,1824,1835,11
10490.jpg,1824,1630,-194
10495.jpg,1824,1860,36
10500.jpg,1824,1900,76
10505.jpg,1824,1950,126
10510.jpg,1824,1870,46
10515.jpg,1824,1950,126
10520.jpg,1824,1900,76
10525.jpg,1824,1985,161
10530.jpg,1824,1900,76
10535.jpg,1824,1920,96
10540.jpg,1824,1900,76
10545.jpg,1824,1900,76
10550.jpg,1825,1905,80
10555.jpg,1825,2014,189
10560.jpg,1825,1770,-55
10565.jpg,1825,1890,65
10570.jpg,1825,1910,85
10575.jpg,1825,1845,20
10580.jpg,1825,1863,38
10585.jpg,1825,1805,-20
10590.jpg,1825,19,-1806
10595.jpg,1825,1850,25
10600.jpg,1825,1773,-52
10605.jpg,1825,1900,75
10610.jpg,1825,1870,45
10615.jpg,1825,1960,135
10620.jpg,1825,1900,75
10625.jpg,1825,1910,85
10630.jpg,1825,1850,25
10635.jpg,1825,1915,90
10640.jpg,1825,1960,135
10645.jpg,1825,1800,-25
10650.jpg,1825,1900,75
10655.jpg,1825,1810,-15
10660.jpg,1825,1850,25
10665.jpg,1825,1843,18
10670.jpg,1825,1850,25
10675.jpg,1825,1810,-15
10680.jpg,1825,1900,75
10685.jpg,1825,1899,74
10690.jpg,1825,1870,45
10695.jpg,1825,1800,-25
10700.jpg,1825,1850,25
10705.jpg,1825,1850,25
10710.jpg,1825,1950,125
10715.jpg,1825,1895,70
10720.jpg,1825,1840,15
10725.jpg,1825,1900,75
10730.jpg,1826,1900,74
10735.jpg,1826,1958,132
10745.jpg,1826,1780,-46
10750.jpg,1826,1900,74
10755.jpg,1826,1892,66
10760.jpg,1826,1790,-36
10765.jpg,1826,1750,-76
10770.jpg,1826,1870,44
10775.jpg,1826,1900,74
10780.jpg,1826,1700,-126
10785.jpg,1826,1850,24
10790.jpg,1826,1890,64
10795.jpg,1826,1853,27
10800.jpg,1826,1900,74
10805.jpg,1826,1820,-6
10810.jpg,1826,1850,24
10815.jpg,1826,1850,24
10820.jpg,1826,1805,-21
10825.jpg,1826,1850,24
10830.jpg,1826,1900,74
10835.jpg,1827,1787,-40
10840.jpg,1827,1950,123
10845.jpg,1827,1800,-27
10850.jpg,1827,1950,123
10855.jpg,1827,1850,23
10860.jpg,1827,1923,96
10865.jpg,1827,1910,83
10870.jpg,1827,-1,-1828
10875.jpg,1827,1900,73
10880.jpg,1827,1856,29
10885.jpg,1827,1900,73
10890.jpg,1827,1970,143
10895.jpg,1827,1880,53
10900.jpg,1827,1600,-227
10905.jpg,1827,1700,-127
10910.jpg,1827,1900,73
10915.jpg,1827,1798,-29
10920.jpg,1827,1830,3
10925.jpg,1827,1800,-27
10930.jpg,1827,1900,73
10935.jpg,1827,1800,-27
10940.jpg,1827,1980,153
10945.jpg,1828,1800,-28
10950.jpg,1828,1781,-47
10955.jpg,1828,1844,16
10960.jpg,1828,1840,12
10965.jpg,1828,1845,17
10970.jpg,1828,1850,22
10975.jpg,1828,1901,73
10980.jpg,1828,1850,22
10985.jpg,1828,1885,57
10990.jpg,1828,1890,62
10995.jpg,1828,1880,52
11000.jpg,1828,1892,64
11005.jpg,1828,1835,7
11010.jpg,1828,20,-1808
11015.jpg,1828,1790,-38
11020.jpg,1828,1800,-28
11025.jpg,1828,1956,128
11030.jpg,1828,1900,72
11035.jpg,1828,1753,-75
11040.jpg,1828,1910,82
11045.jpg,1828,1845,17
11050.jpg,1828,1785,-43
11055.jpg,1828,1100,-728
11060.jpg,1828,1905,77
11065.jpg,1829,2010,181
11070.jpg,1829,1800,-29
11075.jpg,1829,1905,76
11080.jpg,1829,1775,-54
11085.jpg,1829,1750,-79
11090.jpg,1829,2015,186
11095.jpg,1829,1940,111
11100.jpg,1829,1869,40
11105.jpg,1829,1900,71
11110.jpg,1829,1800,-29
11115.jpg,1829,1900,71
11120.jpg,1829,1900,71
11125.jpg,1829,1840,11
11130.jpg,1829,1890,61
11135.jpg,1829,1950,121
11140.jpg,1829,1950,121
11145.jpg,1829,1900,71
11150.jpg,1829,1890,61
11155.jpg,1829,1930,101
11160.jpg,1829,1830,1
11165.jpg,1829,1900,71
11170.jpg,1830,1500,-330
11175.jpg,1830,1900,70
11180.jpg,1830,1825,-5
11185.jpg,1830,1950,120
11190.jpg,1830,1900,70
11195.jpg,1830,1850,20
11200.jpg,1830,1453,-377
11205.jpg,1830,1860,30
11210.jpg,1830,1953,123
11215.jpg,1830,1850,20
11220.jpg,1830,1700,-130
11225.jpg,1830,1930,100
11230.jpg,1830,1825,-5
11235.jpg,1830,1980,150
11240.jpg,1830,1780,-50
11245.jpg,1830,1890,60
11250.jpg,1830,1800,-30
11255.jpg,1830,2000,170
11260.jpg,1830,1890,60
11265.jpg,1830,1900,70
11270.jpg,1830,1790,-40
11275.jpg,1830,1876,46
11280.jpg,1830,1950,120
11285.jpg,1830,1860,30
11290.jpg,1830,1680,-150
11295.jpg,1830,1780,-50
11300.jpg,1830,1830,0
11305.jpg,1830,1980,150
11310.jpg,1830,1950,120
11315.jpg,1830,1955,125
11320.jpg,1830,1900,70
11325.jpg,1830,1900,70
11330.jpg,1830,1870,40
11335.jpg,1830,1800,-30
11340.jpg,1830,1900,70
11345.jpg,1830,1950,120
11350.jpg,1830,1925,95
11355.jpg,1830,1940,110
11360.jpg,1830,1900,70
11365.jpg,1830,179,-1651
11370.jpg,1830,1870,40
11375.jpg,1830,1814,-16
11380.jpg,1830,1905,75
11385.jpg,1830,1863,33
11390.jpg,1830,1950,120
11395.jpg,1830,1700,-130
11400.jpg,1831,1800,-31
11405.jpg,1831,1800,-31
11410.jpg,1831,1850,19
11415.jpg,1831,1837,6
11420.jpg,1831,1870,39
11425.jpg,1831,1862,31
11430.jpg,1831,1855,24
11435.jpg,1831,1873,42
11440.jpg,1831,1800,-31
11445.jpg,1831,1951,120
11450.jpg,1831,2000,169
11455.jpg,1831,1859,28
11460.jpg,1831,1900,69
11465.jpg,1831,1830,-1
11470.jpg,1831,1810,-21
11475.jpg,1831,2000,169
11480.jpg,1831,1850,19
11485.jpg,1831,1244,-587
11490.jpg,1832,1900,68
11495.jpg,1832,1900,68
11500.jpg,1832,1382,-450
11505.jpg,1832,1860,28
11510.jpg,1832,1890,58
11515.jpg,1832,1928,96
11525.jpg,1832,1860,28
11530.jpg,1832,1899,67
11535.jpg,1832,1900,68
11540.jpg,1832,1940,108
11545.jpg,1832,1900,68
11550.jpg,1832,1892,60
11555.jpg,1832,1833,1
11560.jpg,1832,1910,78
11565.jpg,1832,1800,-32
11570.jpg,1832,1900,68
11575.jpg,1832,1915,83
11580.jpg,1832,1790,-42
11585.jpg,1832,1950,118
11590.jpg,1832,1890,58
11595.jpg,1832,1850,18
11600.jpg,1832,1800,-32
11605.jpg,1832,1890,58
11610.jpg,1832,1920,88
11615.jpg,1832,1890,58
11620.jpg,1832,1925,93
11625.jpg,1832,1900,68
11630.jpg,1832,1893,61
11635.jpg,1832,1900,68
11640.jpg,1832,1880,48
11645.jpg,1833,1875,42
11650.jpg,1833,1850,17
11655.jpg,1833,1877,44
11660.jpg,1833,1853,20
11665.jpg,1833,1700,-133
11670.jpg,1833,1858,25
11675.jpg,1833,1900,67
11680.jpg,1833,1857,24
11685.jpg,1833,1850,17
11690.jpg,1833,1865,32
11695.jpg,1833,1750,-83
11700.jpg,1833,1870,37
11705.jpg,1833,1950,117
11710.jpg,1833,1900,67
11715.jpg,1833,1779,-54
11720.jpg,1833,1950,117
11725.jpg,1833,1845,12
11730.jpg,1833,1760,-73
11735.jpg,1833,1795,-38
11740.jpg,1833,1840,7
11745.jpg,1833,1800,-33
11750.jpg,1833,1830,-3
11755.jpg,1833,1600,-233
11760.jpg,1833,1900,67
11765.jpg,1833,1851,18
11770.jpg,1834,1870,36
11775.jpg,1834,19,-1815
11780.jpg,1834,1855,21
11785.jpg,1834,1810,-24
11790.jpg,1834,1960,126
11795.jpg,1834,1789,-45
11800.jpg,1834,1850,16
11805.jpg,1834,1700,-134
11810.jpg,1834,1890,56
11815.jpg,1834,1830,-4
11820.jpg,1834,1880,46
11825.jpg,1834,1850,16
11830.jpg,1834,1889,55
11835.jpg,1834,1860,26
11840.jpg,1834,1910,76
11845.jpg,1834,1975,141
11850.jpg,1834,1850,16
11855.jpg,1834,1880,46
11860.jpg,1834,1960,126
11865.jpg,1834,1800,-34
11870.jpg,1834,1980,146
11875.jpg,1834,1800,-34
11880.jpg,1834,1900,66
11885.jpg,1834,1850,16
11890.jpg,1834,1885,51
11895.jpg,1834,1783,-51
11900.jpg,1835,1754,-81
11905.jpg,1835,1900,65
11910.jpg,1835,1960,125
11915.jpg,1835,1900,65
11920.jpg,1835,1885,50
11925.jpg,1835,1920,85
11930.jpg,1835,1915,80
11935.jpg,1835,1920,85
11940.jpg,1835,1950,115
11945.jpg,1835,1900,65
11950.jpg,1835,1894,59
11955.jpg,1835,1875,40
11960.jpg,1835,1920,85
11965.jpg,1835,1960,125
11970.jpg,1835,1900,65
11980.jpg,1835,1860,25
11985.jpg,1835,1900,65
11990.jpg,1835,1920,85
11995.jpg,1835,1960,125
12000.jpg,1835,1915,80
12005.jpg,1835,1875,40
12010.jpg,1835,1900,65
12015.jpg,1835,1950,115
12020.jpg,1835,1930,95
12025.jpg,1835,1945,110
12030.jpg,1835,1800,-35
12035.jpg,1835,1749,-86
12040.jpg,1835,1750,-85
12045.jpg,1835,1880,45
12050.jpg,1835,1980,145
12055.jpg,1835,1856,21
12060.jpg,1835,1700,-135
12065.jpg,1835,1950,115
12070.jpg,1835,1900,65
12075.jpg,1835,1860,25
12080.jpg,1835,1850,15
12085.jpg,1835,1800,-35
12090.jpg,1835,1875,40
12095.jpg,1835,1730,-105
12100.jpg,1835,1875,40
12105.jpg,1835,1870,35
12110.jpg,1835,1277,-558
12115.jpg,1835,1815,-20
12120.jpg,1835,1800,-35
12125.jpg,1835,1890,55
12130.jpg,1836,1600,-236
12135.jpg,1836,-1,-1837
12140.jpg,1836,1800,-36
12145.jpg,1836,1970,134
12150.jpg,1836,1900,64
12155.jpg,1836,1900,64
12160.jpg,1836,1950,114
12170.jpg,1836,1753,-83
12175.jpg,1836,1750,-86
12180.jpg,1836,1900,64
12185.jpg,1836,1950,114
12190.jpg,1836,1870,34
12195.jpg,1836,1890,54
12200.jpg,1836,1950,114
12205.jpg,1836,1900,64
12210.jpg,1836,1890,54
12215.jpg,1836,1852,16
12220.jpg,1836,1753,-83
12225.jpg,1836,1900,64
12230.jpg,1836,1830,-6
12235.jpg,1836,1870,34
12240.jpg,1836,1500,-336
12245.jpg,1836,1900,64
12250.jpg,1836,1780,-56
12255.jpg,1836,1940,104
12260.jpg,1836,1820,-16
12265.jpg,1836,1890,54
12270.jpg,1836,1870,34
12275.jpg,1836,1860,24
12280.jpg,1837,1890,53
12285.jpg,1837,1887,50
12290.jpg,1837,1875,38
12295.jpg,1837,1900,63
12300.jpg,1837,1900,63
12305.jpg,1837,1753,-84
12310.jpg,1837,1900,63
12315.jpg,1837,1700,-137
12320.jpg,1837,1970,133
12325.jpg,1837,1944,107
12330.jpg,1837,1910,73
12335.jpg,1837,1905,68
12340.jpg,1837,1850,13
12345.jpg,1837,1757,-80
12350.jpg,1837,1900,63
12355.jpg,1837,1890,53
12360.jpg,1837,1900,63
12365.jpg,1837,1920,83
12370.jpg,1837,1880,43
12375.jpg,1837,1970,133
12380.jpg,1837,1900,63
12385.jpg,1837,1840,3
12390.jpg,1837,1890,53
12395.jpg,1837,1850,13
12400.jpg,1837,1920,83
12405.jpg,1837,1915,78
12410.jpg,1837,1860,23
12415.jpg,1837,1890,53
12420.jpg,1837,1850,13
12425.jpg,1837,1770,-67
12430.jpg,1837,1900,63
12435.jpg,1837,1900,63
12440.jpg,1837,1890,53
12445.jpg,1837,1875,38
12450.jpg,1838,1800,-38
12455.jpg,1838,1880,42
12460.jpg,1838,1201,-637
12465.jpg,1838,1860,22
12470.jpg,1838,1960,122
12475.jpg,1838,1930,92
12480.jpg,1838,1875,37
12485.jpg,1838,1700,-138
12490.jpg,1838,1860,22
12495.jpg,1838,1900,62
12500.jpg,1838,1818,-20
12505.jpg,1838,1940,102
12510.jpg,1838,1785,-53
12515.jpg,1838,1890,52
12520.jpg,1838,1800,-38
12525.jpg,1838,1900,62
12530.jpg,1838,1920,82
12535.jpg,1838,1850,12
12540.jpg,1838,1850,12
12545.jpg,1838,1900,62
12550.jpg,1838,1910,72
12555.jpg,1838,1930,92
12560.jpg,1838,1885,47
12565.jpg,1838,1900,62
12570.jpg,1838,1790,-48
12575.jpg,1838,1860,22
12580.jpg,1838,1904,66
12585.jpg,1838,1928,90
12590.jpg,1838,1850,12
12600.jpg,1838,1960,122
12605.jpg,1838,1950,112
12610.jpg,1838,1900,62
12615.jpg,1838,1792,-46
12620.jpg,1838,1800,-38
12625.jpg,1839,1935,96
12630.jpg,1839,1850,11
12635.jpg,1839,1920,81
12640.jpg,1839,1870,31
12645.jpg,1839,1900,61
12650.jpg,1839,1952,113
12655.jpg,1839,1950,111
12660.jpg,1839,1945,106
12665.jpg,1839,1980,141
12670.jpg,1839,1775,-64
12675.jpg,1839,1890,51
12680.jpg,1839,1795,-44
12685.jpg,1839,1750,-89
12690.jpg,1839,1880,41
12695.jpg,1839,1785,-54
12700.jpg,1839,1850,11
12705.jpg,1839,1821,-18
12710.jpg,1839,1850,11
12715.jpg,1839,1935,96
12720.jpg,1839,1830,-9
12725.jpg,1839,1950,111
12730.jpg,1839,1890,51
12735.jpg,1839,1800,-39
12740.jpg,1839,1880,41
12745.jpg,1839,1900,61
12750.jpg,1839,1924,85
12755.jpg,1839,1925,86
12760.jpg,1839,1870,31
12765.jpg,1839,1550,-289
12770.jpg,1839,1910,71
12775.jpg,1839,1850,11
12780.jpg,1840,1900,60
12785.jpg,1840,1895,55
12790.jpg,1840,1520,-320
12795.jpg,1840,1930,90
12800.jpg,1840,1907,67
12805.jpg,1840,1850,10
12810.jpg,1840,1834,-6
12815.jpg,1840,1800,-40
12820.jpg,1840,1768,-72
12825.jpg,1840,1700,-140
12830.jpg,1840,1993,153
12835.jpg,1840,1940,100
12840.jpg,1840,1900,60
12845.jpg,1840,1875,35
12850.jpg,1840,1840,0
12860.jpg,1840,1933,93
12865.jpg,1840,1940,100
12870.jpg,1840,1900,60
12875.jpg,1840,1853,13
12880.jpg,1840,1820,-20
12885.jpg,1840,1920,80
12890.jpg,1840,1780,-60
12895.jpg,1840,1700,-140
12900.jpg,1840,1900,60
12905.jpg,1840,1950,110
12910.jpg,1840,1950,110
12915.jpg,1840,1885,45
12920.jpg,1840,1885,45
12925.jpg,1840,1950,110
12930.jpg,1840,1895,55
12935.jpg,1840,1890,50
12940.jpg,1840,1750,-90
12945.jpg,1840,1900,60
12950.jpg,1840,1885,45
12955.jpg,1840,1890,50
12960.jpg,1840,1800,-40
12965.jpg,1840,1750,-90
12970.jpg,1840,1800,-40
12975.jpg,1840,1850,10
12980.jpg,1840,1900,60
12985.jpg,1840,1850,10
12990.jpg,1840,1840,0
12995.jpg,1840,1753,-87
13005.jpg,1840,1790,-50
13010.jpg,1840,1978,138
13015.jpg,1840,1935,95
13020.jpg,1840,1850,10
13025.jpg,1840,1700,-140
13030.jpg,1841,1850,9
13035.jpg,1841,1900,59
13040.jpg,1841,1800,-41
13045.jpg,1841,1860,19
13050.jpg,1841,1930,89
13055.jpg,1841,1880,39
13060.jpg,1841,1890,49
13065.jpg,1841,1880,39
13070.jpg,1841,1907,66
13075.jpg,1841,1850,9
13080.jpg,1841,1910,69
13085.jpg,1841,1990,149
13090.jpg,1841,1890,49
13095.jpg,1841,1900,59
13100.jpg,1841,1860,19
13105.jpg,1841,1900,59
13110.jpg,1841,1780,-61
13115.jpg,1841,1950,109
13120.jpg,1841,2000,159
13125.jpg,1841,1907,66
13130.jpg,1841,1900,59
13135.jpg,1841,1863,22
13140.jpg,1841,-1,-1842
13145.jpg,1842,1850,8
13150.jpg,1842,1870,28
13155.jpg,1842,1723,-119
13160.jpg,1842,1875,33
13165.jpg,1842,1800,-42
13170.jpg,1842,1900,58
13175.jpg,1842,1950,108
13180.jpg,1842,1900,58
13185.jpg,1842,2000,158
13190.jpg,1842,19,-1823
13195.jpg,1842,1840,-2
13200.jpg,1842,1850,8
13205.jpg,1842,1910,68
13210.jpg,1842,1950,108
13215.jpg,1842,1969,127
13220.jpg,1842,1800,-42
13225.jpg,1842,1895,53
13230.jpg,1842,1900,58
13235.jpg,1842,1850,8
13240.jpg,1842,-1,-1843
13245.jpg,1842,1950,108
13250.jpg,1842,1900,58
13255.jpg,1842,1900,58
13260.jpg,1842,1800,-42
13265.jpg,1842,1912,70
13270.jpg,1842,2000,158
13275.jpg,1842,1875,33
13280.jpg,1842,1300,-542
13285.jpg,1842,1905,63
13290.jpg,1842,1925,83
13295.jpg,1842,2016,174
13300.jpg,1843,1860,17
13305.jpg,1843,1890,47
13310.jpg,1843,1854,11
13315.jpg,1843,1950,107
13320.jpg,1843,1814,-29
13325.jpg,1843,1915,72
13330.jpg,1843,1850,7
13335.jpg,1843,1980,137
13340.jpg,1843,1820,-23
13345.jpg,1843,20,-1823
13350.jpg,1843,1880,37
13355.jpg,1843,1870,27
13360.jpg,1843,1985,142
13365.jpg,1843,1900,57
13370.jpg,1843,1780,-63
13380.jpg,1843,1890,47
13385.jpg,1843,1850,7
13390.jpg,1843,1860,17
13395.jpg,1843,1980,137
13400.jpg,1843,1895,52
13405.jpg,1843,1890,47
13410.jpg,1843,1907,64
13415.jpg,1843,1750,-93
13420.jpg,1843,1765,-78
13425.jpg,1843,1890,47
13430.jpg,1844,1920,76
13435.jpg,1844,1800,-44
13440.jpg,1844,1900,56
13445.jpg,1844,-1,-1845
13450.jpg,1844,1750,-94
13455.jpg,1844,1860,16
13460.jpg,1844,1860,16
13465.jpg,1844,1810,-34
13470.jpg,1844,1900,56
13475.jpg,1844,1880,36
13480.jpg,1844,1910,66
13485.jpg,1844,1987,143
13490.jpg,1844,1900,56
13495.jpg,1844,1900,56
13500.jpg,1844,1850,6
13505.jpg,1844,1900,56
13510.jpg,1844,1800,-44
13515.jpg,1844,1850,6
13520.jpg,1844,1850,6
13525.jpg,1844,1890,46
13530.jpg,1844,1900,56
13535.jpg,1844,1921,77
13540.jpg,1844,900,-944
13545.jpg,1844,1980,136
13550.jpg,1844,1899,55
13555.jpg,1844,1940,96
13560.jpg,1844,1900,56
13565.jpg,1845,1480,-365
13570.jpg,1845,-1,-1846
13575.jpg,1845,1850,5
13580.jpg,1845,1850,5
13585.jpg,1845,1867,22
13590.jpg,1845,1800,-45
13595.jpg,1845,1893,48
13600.jpg,1845,2000,155
13605.jpg,1845,1770,-75
13610.jpg,1845,1920,75
13615.jpg,1845,1900,55
13620.jpg,1845,1858,13
13625.jpg,1845,1880,35
13630.jpg,1845,1900,55
13635.jpg,1845,1850,5
13640.jpg,1845,1920,75
13645.jpg,1845,1880,35
13650.jpg,1845,1990,145
13655.jpg,1845,1899,54
13660.jpg,1845,1900,55
13665.jpg,1845,1917,72
13670.jpg,1845,1980,135
13675.jpg,1845,1830,-15
13680.jpg,1845,1900,55
13685.jpg,1845,1900,55
13690.jpg,1845,1790,-55
13695.jpg,1845,1800,-45
13700.jpg,1845,1950,105
13705.jpg,1845,1860,15
13710.jpg,1845,1925,80
13720.jpg,1845,1900,55
13725.jpg,1845,1935,90
13730.jpg,1845,1930,85
13735.jpg,1845,1850,5
13740.jpg,1845,1900,55
13745.jpg,1845,1890,45
13750.jpg,1845,1850,5
13755.jpg,1845,1850,5
13760.jpg,1845,1899,54
13765.jpg,1845,1995,150
13770.jpg,1845,1850,5
13775.jpg,1845,1778,-67
13780.jpg,1845,1636,-209
13785.jpg,1845,1906,61
13790.jpg,1845,1900,55
13795.jpg,1845,1960,115
13800.jpg,1845,1815,-30
13805.jpg,1846,1850,4
13810.jpg,1846,1815,-31
13815.jpg,1846,1915,69
13820.jpg,1846,1874,28
13825.jpg,1846,1893,47
13830.jpg,1846,1850,4
13835.jpg,1846,1881,35
13840.jpg,1846,1928,82
13845.jpg,1846,1820,-26
13850.jpg,1846,1950,104
13855.jpg,1846,1960,114
13860.jpg,1846,1845,-1
13865.jpg,1846,1900,54
13870.jpg,1846,1850,4
13875.jpg,1846,1000,-846
13880.jpg,1846,1790,-56
13885.jpg,1846,1900,54
13890.jpg,1846,1800,-46
13895.jpg,1846,1900,54
13900.jpg,1846,1870,24
13905.jpg,1846,1770,-76
13910.jpg,1846,1854,8
13915.jpg,1846,1970,124
13920.jpg,1846,1900,54
13925.jpg,1846,2000,154
13930.jpg,1846,1923,77
13935.jpg,1846,1880,34
13940.jpg,1847,1890,43
13945.jpg,1847,1822,-25
13950.jpg,1847,1950,103
13955.jpg,1847,1900,53
13960.jpg,1847,1870,23
13965.jpg,1847,1857,10
13970.jpg,1847,1912,65
13975.jpg,1847,1790,-57
13980.jpg,1847,1840,-7
13985.jpg,1847,1850,3
13990.jpg,1847,1880,33
13995.jpg,1847,1700,-147
14000.jpg,1847,1890,43
14005.jpg,1847,1750,-97
14010.jpg,1847,1756,-91
14015.jpg,1847,1915,68
14020.jpg,1847,1830,-17
14030.jpg,1847,1870,23
14035.jpg,1847,1930,83
14040.jpg,1847,1925,78
14045.jpg,1847,1740,-107
14050.jpg,1847,1930,83
14055.jpg,1847,1778,-69
14060.jpg,1847,1940,93
14065.jpg,1847,1900,53
14070.jpg,1847,1850,3
14075.jpg,1847,1900,53
14080.jpg,1847,1850,3
14085.jpg,1847,1950,103
14090.jpg,1847,1830,-17
14095.jpg,1847,1850,3
14100.jpg,1847,1925,78
14105.jpg,1847,1930,83
14110.jpg,1848,1905,57
14115.jpg,1848,1800,-48
14120.jpg,1848,1927,79
14125.jpg,1848,2000,152
14130.jpg,1848,1860,12
14135.jpg,1848,1850,2
14140.jpg,1848,1300,-548
14145.jpg,1848,1400,-448
14150.jpg,1848,1700,-148
14155.jpg,1848,1910,62
14160.jpg,1848,1900,52
14165.jpg,1848,1870,22
14170.jpg,1848,1875,27
14175.jpg,1848,1900,52
14180.jpg,1848,1900,52
14185.jpg,1848,1865,17
14190.jpg,1848,1950,102
14195.jpg,1848,1870,22
14200.jpg,1848,1910,62
14205.jpg,1848,1883,35
14210.jpg,1848,1885,37
14215.jpg,1848,1883,35
14220.jpg,1848,1860,12
14225.jpg,1848,1890,42
14230.jpg,1848,1900,52
14235.jpg,1848,1900,52
14240.jpg,1848,1935,87
14245.jpg,1848,1820,-28
14250.jpg,1848,-1,-1849
14255.jpg,1848,1894,46
14260.jpg,1848,1880,32
14265.jpg,1848,1453,-395
14270.jpg,1848,1800,-48
14275.jpg,1848,1900,52
14280.jpg,1848,1814,-34
14285.jpg,1848,1900,52
14290.jpg,1848,1890,42
14295.jpg,1848,1870,22
14300.jpg,1848,1900,52
14305.jpg,1848,1900,52
14310.jpg,1848,1945,97
14315.jpg,1848,1940,92
14320.jpg,1848,1850,2
14325.jpg,1848,1800,-48
14330.jpg,1848,1750,-98
14335.jpg,1848,1865,17
14340.jpg,1849,1394,-455
14345.jpg,1849,1850,1
14350.jpg,1849,1945,96
14355.jpg,1849,1850,1
14360.jpg,1849,1994,145
14365.jpg,1849,1900,51
14370.jpg,1849,1875,26
14375.jpg,1849,1900,51
14380.jpg,1849,1800,-49
14385.jpg,1849,1855,6
14390.jpg,1849,1900,51
14395.jpg,1849,1962,113
14400.jpg,1849,1930,81
14405.jpg,1849,1850,1
14410.jpg,1849,1900,51
14415.jpg,1849,1900,51
14420.jpg,1849,1712,-137
14425.jpg,1849,1890,41
14430.jpg,1849,1850,1
14435.jpg,1849,98,-1751
14440.jpg,1849,1853,4
14445.jpg,1849,1850,1
14450.jpg,1849,1850,1
14455.jpg,1849,1850,1
14460.jpg,1849,1740,-109
14465.jpg,1849,1800,-49
14470.jpg,1849,1925,76
14475.jpg,1849,1850,1
14480.jpg,1849,1920,71
14485.jpg,1849,1958,109
14490.jpg,1849,1630,-219
14495.jpg,1849,1908,59
14500.jpg,1849,1921,72
14505.jpg,1850,1650,-200
14510.jpg,1850,1889,39
14515.jpg,1850,1900,50
14520.jpg,1850,1885,35
14525.jpg,1850,1840,-10
14530.jpg,1850,1970,120
14535.jpg,1850,1900,50
14540.jpg,1850,1920,70
14545.jpg,1850,4553,2703
14550.jpg,1850,1950,100
14555.jpg,1850,1900,50
14560.jpg,1850,1900,50
14565.jpg,1850,1800,-50
14570.jpg,1850,1850,0
14575.jpg,1850,1800,-50
14580.jpg,1850,1950,100
14585.jpg,1850,1790,-60
14590.jpg,1850,1900,50
14600.jpg,1850,1900,50
14605.jpg,1850,1850,0
14610.jpg,1850,1850,0
14615.jpg,1850,1925,75
14620.jpg,1850,1940,90
14625.jpg,1850,1900,50
14630.jpg,1850,1900,50
14635.jpg,1850,1850,0
14640.jpg,1850,1900,50
14645.jpg,1850,-1,-1851
14650.jpg,1850,1975,125
14655.jpg,1850,1850,0
14660.jpg,1850,1900,50
14665.jpg,1850,1789,-61
14670.jpg,1850,1870,20
14675.jpg,1850,1900,50
14680.jpg,1850,1950,100
14685.jpg,1850,1945,95
14690.jpg,1850,1750,-100
14695.jpg,1850,1885,35
14700.jpg,1850,1950,100
14705.jpg,1850,1900,50
14710.jpg,1850,1880,30
14715.jpg,1850,1800,-50
14720.jpg,1850,1850,0
14725.jpg,1850,1915,65
14730.jpg,1850,1950,100
14735.jpg,1850,1900,50
14740.jpg,1850,1750,-100
14745.jpg,1850,1692,-158
14750.jpg,1850,1910,60
14755.jpg,1850,1880,30
14760.jpg,1850,1900,50
14765.jpg,1850,1900,50
14770.jpg,1850,1870,20
14775.jpg,1850,1900,50
14780.jpg,1850,1850,0
14785.jpg,1851,1834,-17
14790.jpg,1851,1692,-159
14795.jpg,1851,1945,94
14800.jpg,1851,1870,19
14805.jpg,1851,1890,39
14810.jpg,1851,1897,46
14815.jpg,1851,1897,46
14820.jpg,1851,1850,-1
14825.jpg,1851,1900,49
14830.jpg,1851,1900,49
14835.jpg,1851,1650,-201
14840.jpg,1851,1850,-1
14845.jpg,1851,1900,49
14850.jpg,1851,1925,74
14855.jpg,1851,1900,49
14860.jpg,1851,1860,9
14865.jpg,1851,1900,49
14870.jpg,1851,1700,-151
14880.jpg,1851,1700,-151
14885.jpg,1851,1900,49
14890.jpg,1851,1850,-1
14895.jpg,1851,1700,-151
14900.jpg,1851,1860,9
14905.jpg,1851,1799,-52
14910.jpg,1851,1800,-51
14915.jpg,1851,1925,74
14920.jpg,1851,1860,9
14925.jpg,1851,1903,52
14930.jpg,1851,1960,109
14935.jpg,1851,1900,49
14940.jpg,1851,1830,-21
14945.jpg,1852,1890,38
14950.jpg,1852,1910,58
14955.jpg,1852,1943,91
14960.jpg,1852,1900,48
14965.jpg,1852,1830,-22
14970.jpg,1852,1925,73
14975.jpg,1852,1840,-12
14980.jpg,1852,1840,-12
14985.jpg,1852,1900,48
14990.jpg,1852,1890,38
14995.jpg,1852,1900,48
15000.jpg,1852,1895,43
15005.jpg,1852,1900,48
15010.jpg,1852,1900,48
15015.jpg,1852,1880,28
15020.jpg,1852,1880,28
15025.jpg,1852,1893,41
15030.jpg,1852,1880,28
15035.jpg,1852,1830,-22
15040.jpg,1852,1900,48
15045.jpg,1852,1830,-22
15050.jpg,1852,2000,148
15055.jpg,1852,1850,-2
15060.jpg,1852,1880,28
15065.jpg,1852,1890,38
15070.jpg,1852,1960,108
15075.jpg,1852,1845,-7
15080.jpg,1852,1860,8
15085.jpg,1852,1940,88
15090.jpg,1852,1900,48
15095.jpg,1852,1850,-2
15100.jpg,1852,1900,48
15105.jpg,1852,1025,-827
15110.jpg,1852,1870,18
15115.jpg,1852,1880,28
15120.jpg,1852,20,-1832
15125.jpg,1852,1880,28
15130.jpg,1852,1890,38
15135.jpg,1853,1675,-178
15140.jpg,1853,1850,-3
15145.jpg,1853,1900,47
15150.jpg,1853,1860,7
15155.jpg,1853,1800,-53
15160.jpg,1853,1750,-103
15165.jpg,1853,1965,112
15170.jpg,1853,1800,-53
15175.jpg,1853,1850,-3
15180.jpg,1853,1885,32
15185.jpg,1853,1300,-553
15190.jpg,1853,1860,7
15195.jpg,1853,1934,81
15200.jpg,1853,1890,37
15205.jpg,1853,1920,67
15210.jpg,1853,1924,71
15215.jpg,1853,1856,3
15220.jpg,1853,1900,47
15225.jpg,1853,1860,7
15230.jpg,1853,1950,97
15235.jpg,1853,1890,37
15240.jpg,1853,1880,27
15245.jpg,1853,1850,-3
15250.jpg,1853,1920,67
15255.jpg,1853,1885,32
15260.jpg,1853,1880,27
15265.jpg,1853,1730,-123
15270.jpg,1853,1895,42
15275.jpg,1853,1880,27
15280.jpg,1853,1870,17
15285.jpg,1853,1895,42
15290.jpg,1853,1890,37
15295.jpg,1853,1900,47
15300.jpg,1853,1850,-3
15305.jpg,1853,1920,67
15310.jpg,1853,1900,47
15315.jpg,1853,1800,-53
15320.jpg,1853,1910,57
15325.jpg,1853,1770,-83
15330.jpg,1853,1905,52
15335.jpg,1853,1890,37
15340.jpg,1853,1870,17
15345.jpg,1853,1830,-23
15350.jpg,1853,1930,77
15355.jpg,1854,1905,51
15360.jpg,1854,1929,75
15365.jpg,1854,1850,-4
15370.jpg,1854,1905,51
15375.jpg,1854,-1,-1855
15380.jpg,1854,1900,46
15385.jpg,1854,1750,-104
15390.jpg,1854,1925,71
15395.jpg,1854,1900,46
15400.jpg,1854,1753,-101
15405.jpg,1854,1900,46
15410.jpg,1854,1880,26
15415.jpg,1854,1900,46
15420.jpg,1854,1900,46
15425.jpg,1854,1860,6
15430.jpg,1854,1905,51
15435.jpg,1854,2020,166
15440.jpg,1854,1900,46
15445.jpg,1854,1900,46
15450.jpg,1855,1750,-105
15455.jpg,1855,1895,40
15460.jpg,1855,1914,59
15465.jpg,1855,1880,25
15470.jpg,1855,1900,45
15475.jpg,1855,1900,45
15480.jpg,1855,1850,-5
15485.jpg,1855,1858,3
15490.jpg,1855,1901,46
15495.jpg,1855,1900,45
15500.jpg,1855,1930,75
15505.jpg,1855,1896,41
15510.jpg,1855,1900,45
15515.jpg,1855,1850,-5
15520.jpg,1855,1911,56
15525.jpg,1855,1900,45
15530.jpg,1855,1895,40
15535.jpg,1855,1800,-55
15540.jpg,1855,1890,35
15545.jpg,1855,1850,-5
15550.jpg,1855,1900,45
15555.jpg,1855,1950,95
15560.jpg,1855,1830,-25
15565.jpg,1855,1850,-5
15570.jpg,1855,1900,45
15575.jpg,1855,1850,-5
15580.jpg,1855,2000,145
15585.jpg,1855,1910,55
15590.jpg,1855,1920,65
15595.jpg,1855,1820,-35
15600.jpg,1855,1860,5
15605.jpg,1855,1955,100
15610.jpg,1855,1900,45
15615.jpg,1855,1900,45
15620.jpg,1855,1900,45
15625.jpg,1855,1900,45
15630.jpg,1855,1900,45
15635.jpg,1855,1850,-5
15640.jpg,1855,1940,85
15645.jpg,1855,1925,70
15650.jpg,1855,1890,35
15655.jpg,1855,1900,45
15660.jpg,1855,1930,75
15665.jpg,1855,1947,92
15670.jpg,1855,1875,20
15675.jpg,1855,1890,35
15680.jpg,1855,1950,95
15685.jpg,1855,1850,-5
15690.jpg,1855,1850,-5
15695.jpg,1855,1850,-5
15705.jpg,1856,1500,-356
15710.jpg,1856,1900,44
15715.jpg,1856,1900,44
15720.jpg,1856,1915,59
15725.jpg,1856,1890,34
15730.jpg,1856,1850,-6
15735.jpg,1856,1832,-24
15740.jpg,1856,1924,68
15745.jpg,1856,1700,-156
15750.jpg,1856,1900,44
15755.jpg,1856,1875,19
15760.jpg,1856,1855,-1
15765.jpg,1856,1860,4
15770.jpg,1856,1928,72
15775.jpg,1856,1900,44
15780.jpg,1856,1950,94
15785.jpg,1856,1872,16
15795.jpg,1856,1855,-1
15800.jpg,1856,1945,89
15805.jpg,1856,1650,-206
15810.jpg,1856,1876,20
15815.jpg,1856,1850,-6
15820.jpg,1856,1940,84
15825.jpg,1856,1893,37
15830.jpg,1856,1850,-6
15835.jpg,1856,1885,29
15840.jpg,1856,1883,27
15845.jpg,1856,1925,69
15850.jpg,1856,1900,44
15855.jpg,1856,1890,34
15860.jpg,1856,1850,-6
15865.jpg,1856,1850,-6
15870.jpg,1856,1950,94
15875.jpg,1856,1880,24
15880.jpg,1856,1950,94
15885.jpg,1856,1865,9
15890.jpg,1856,1850,-6
15895.jpg,1856,1900,44
15900.jpg,1856,1918,62
15905.jpg,1856,1850,-6
15910.jpg,1856,1950,94
15915.jpg,1856,1775,-81
15920.jpg,1856,1900,44
15930.jpg,1856,1880,24
15935.jpg,1856,1900,44
15940.jpg,1856,1877,21
15945.jpg,1856,1845,-11
15950.jpg,1856,1900,44
15955.jpg,1856,1903,47
15960.jpg,1856,1790,-66
15965.jpg,1856,1830,-26
15970.jpg,1856,1900,44
15975.jpg,1856,1750,-106
15980.jpg,1857,1700,-157
15985.jpg,1857,1900,43
15990.jpg,1857,1987,130
15995.jpg,1857,1900,43
16000.jpg,1857,1937,80
16005.jpg,1857,1826,-31
16010.jpg,1857,1680,-177
16015.jpg,1857,1050,-807
16020.jpg,1857,1870,13
16025.jpg,1857,1880,23
16030.jpg,1857,1900,43
16035.jpg,1857,1934,77
16040.jpg,1857,1940,83
16045.jpg,1857,1900,43
16050.jpg,1857,1850,-7
16055.jpg,1857,1950,93
16060.jpg,1857,1900,43
16065.jpg,1857,1880,23
16070.jpg,1857,1870,13
16075.jpg,1857,1928,71
16080.jpg,1857,1835,-22
16085.jpg,1857,1875,18
16090.jpg,1857,1880,23
16095.jpg,1857,1830,-27
16100.jpg,1857,1750,-107
16105.jpg,1857,1810,-47
16110.jpg,1857,1900,43
16115.jpg,1857,1950,93
16120.jpg,1857,-1,-1858
16125.jpg,1857,1950,93
16130.jpg,1857,1880,23
16135.jpg,1857,1995,138
16140.jpg,1857,1800,-57
16145.jpg,1857,1900,43
16150.jpg,1857,1900,43
16155.jpg,1857,1995,138
16160.jpg,1857,1770,-87
16165.jpg,1857,1870,13
16170.jpg,1857,1880,23
16175.jpg,1857,1950,93
16180.jpg,1857,1890,33
16185.jpg,1857,1855,-2
16190.jpg,1857,1820,-37
16195.jpg,1857,1920,63
16200.jpg,1857,1860,3
16205.jpg,1857,1925,68
16210.jpg,1857,1930,73
16215.jpg,1857,1980,123
16220.jpg,1857,1890,33
16225.jpg,1857,1800,-57
16230.jpg,1857,1870,13
16235.jpg,1858,1800,-58
16240.jpg,1858,1970,112
16245.jpg,1858,1950,92
16250.jpg,1858,1900,42
16255.jpg,1858,1880,22
16260.jpg,1858,1900,42
16265.jpg,1858,1580,-278
16270.jpg,1858,1900,42
16275.jpg,1858,1800,-58
16280.jpg,1858,1860,2
16285.jpg,1858,1910,52
16290.jpg,1858,1897,39
16295.jpg,1858,1950,92
16300.jpg,1858,1890,32
16305.jpg,1858,1900,42
16310.jpg,1858,1900,42
16315.jpg,1858,1865,7
16320.jpg,1858,1900,42
16325.jpg,1858,1870,12
16330.jpg,1858,1930,72
16335.jpg,1858,1880,22
16340.jpg,1858,1890,32
16345.jpg,1858,1884,26
16350.jpg,1858,1850,-8
16355.jpg,1858,1890,32
16360.jpg,1858,1900,42
16365.jpg,1858,1880,22
16370.jpg,1858,1900,42
16375.jpg,1858,1896,38
16380.jpg,1858,-1,-1859
16385.jpg,1858,1950,92
16390.jpg,1858,1873,15
16395.jpg,1858,-1,-1859
16400.jpg,1858,1845,-13
16405.jpg,1858,1900,42
16410.jpg,1858,1870,12
16415.jpg,1858,1935,77
16420.jpg,1858,1850,-8
16425.jpg,1858,1905,47
16430.jpg,1858,1903,45
16435.jpg,1858,1900,42
16440.jpg,1858,1814,-44
16445.jpg,1858,1950,92
16450.jpg,1858,1840,-18
16455.jpg,1858,1853,-5
16460.jpg,1858,1910,52
16465.jpg,1858,1910,52
16470.jpg,1858,1850,-8
16475.jpg,1858,1981,123
16480.jpg,1858,1890,32
16485.jpg,1858,1900,42
16490.jpg,1859,1600,-259
16495.jpg,1859,1900,41
16505.jpg,1859,1859,0
16510.jpg,1859,1850,-9
16515.jpg,1859,1850,-9
16520.jpg,1859,1800,-59
16525.jpg,1859,1900,41
16530.jpg,1859,1800,-59
16535.jpg,1859,1860,1
16540.jpg,1859,1860,1
16545.jpg,1859,1905,46
16550.jpg,1859,1900,41
16555.jpg,1859,1870,11
16560.jpg,1859,2022,163
16565.jpg,1859,1900,41
16570.jpg,1859,1900,41
16575.jpg,1859,1890,31
16580.jpg,1859,1900,41
16585.jpg,1859,1850,-9
16590.jpg,1859,1800,-59
16595.jpg,1859,1990,131
16600.jpg,1859,1900,41
16605.jpg,1859,1890,31
16610.jpg,1859,1930,71
16615.jpg,1859,1950,91
16620.jpg,1859,1850,-9
16625.jpg,1859,1875,16
16630.jpg,1859,1920,61
16635.jpg,1859,1875,16
16640.jpg,1859,1820,-39
16645.jpg,1859,1990,131
16650.jpg,1859,1859,0
16655.jpg,1859,1900,41
16660.jpg,1859,1922,63
16665.jpg,1859,1955,96
16670.jpg,1859,1850,-9
16675.jpg,1859,1900,41
16680.jpg,1859,1875,16
16685.jpg,1859,1910,51
16690.jpg,1859,1699,-160
16695.jpg,1859,1740,-119
16700.jpg,1859,1980,121
16705.jpg,1859,1920,61
16710.jpg,1859,1890,31
16715.jpg,1859,1880,21
16720.jpg,1859,1900,41
16725.jpg,1859,1880,21
16730.jpg,1859,1885,26
16735.jpg,1860,1995,135
16740.jpg,1860,1910,50
16745.jpg,1860,1950,90
16750.jpg,1860,1905,45
16755.jpg,1860,1960,100
16760.jpg,1860,1860,0
16765.jpg,1860,1880,20
16770.jpg,1860,1800,-60
16775.jpg,1860,1880,20
16785.jpg,1860,1500,-360
16790.jpg,1860,1953,93
16795.jpg,1860,1850,-10
16800.jpg,1860,1920,60
16805.jpg,1860,-1,-1861
16810.jpg,1860,1890,30
16815.jpg,1860,1902,42
16820.jpg,1860,1865,5
16825.jpg,1860,1920,60
16830.jpg,1860,1870,10
16835.jpg,1860,1900,40
16840.jpg,1860,1900,40
16845.jpg,1860,1900,40
16850.jpg,1860,1875,15
16855.jpg,1860,1940,80
16860.jpg,1860,1749,-111
16865.jpg,1860,1870,10
16870.jpg,1860,1453,-407
16875.jpg,1860,1800,-60
16880.jpg,1860,1900,40
16885.jpg,1860,1900,40
16890.jpg,1860,1850,-10
16895.jpg,1860,1900,40
16900.jpg,1860,1900,40
16905.jpg,1860,1895,35
16910.jpg,1860,1935,75
16915.jpg,1860,1870,10
16920.jpg,1860,1850,-10
16925.jpg,1860,1880,20
16930.jpg,1860,1914,54
16935.jpg,1860,1940,80
16940.jpg,1860,1860,0
16945.jpg,1860,1880,20
16950.jpg,1860,1900,40
16955.jpg,1860,1750,-110
16960.jpg,1860,1775,-85
16965.jpg,1860,1900,40
16970.jpg,1860,1900,40
16975.jpg,1860,1900,40
16980.jpg,1860,1853,-7
16985.jpg,1860,1875,15
16990.jpg,1860,1610,-250
16995.jpg,1860,1900,40
17000.jpg,1860,1900,40
17005.jpg,1861,1900,39
17010.jpg,1861,1920,59
17015.jpg,1861,1880,19
17025.jpg,1861,1720,-141
17030.jpg,1861,1820,-41
17035.jpg,1861,1915,54
17040.jpg,1861,1775,-86
17045.jpg,1861,1700,-161
17050.jpg,1861,1850,-11
17055.jpg,1861,1900,39
17060.jpg,1861,1923,62
17065.jpg,1861,1900,39
17070.jpg,1861,1950,89
17075.jpg,1861,1910,49
17080.jpg,1861,1910,49
17085.jpg,1861,1900,39
17090.jpg,1861,1870,9
17095.jpg,1861,1900,39
17100.jpg,1861,1890,29
17105.jpg,1861,1900,39
17110.jpg,1861,1900,39
17115.jpg,1861,1850,-11
17120.jpg,1861,1960,99
17125.jpg,1861,1850,-11
17130.jpg,1861,1880,19
17135.jpg,1861,904,-957
17140.jpg,1861,1883,22
17145.jpg,1861,1915,54
17150.jpg,1861,1824,-37
17155.jpg,1861,1900,39
17160.jpg,1861,1860,-1
17165.jpg,1861,1850,-11
17170.jpg,1861,1900,39
17175.jpg,1862,1850,-12
17180.jpg,1862,1799,-63
17185.jpg,1862,1865,3
17190.jpg,1862,1900,38
17195.jpg,1862,2015,153
17200.jpg,1862,1934,72
17205.jpg,1862,1945,83
17210.jpg,1862,1900,38
17215.jpg,1862,1895,33
17220.jpg,1862,1905,43
17225.jpg,1862,1930,68
17230.jpg,1862,1900,38
17235.jpg,1862,1880,18
17240.jpg,1862,1900,38
17245.jpg,1862,1920,58
17250.jpg,1862,1885,23
17255.jpg,1862,1750,-112
17260.jpg,1862,1880,18
17265.jpg,1862,1850,-12
17270.jpg,1862,1850,-12
17275.jpg,1862,1920,58
17280.jpg,1862,1880,18
17285.jpg,1862,1855,-7
17290.jpg,1862,1850,-12
17295.jpg,1862,1960,98
17300.jpg,1862,1936,74
17305.jpg,1862,1900,38
17310.jpg,1862,1860,-2
17315.jpg,1862,1934,72
17320.jpg,1862,1900,38
17325.jpg,1863,1875,12
17330.jpg,1863,1831,-32
17340.jpg,1863,1910,47
17345.jpg,1863,1950,87
17350.jpg,1863,1800,-63
17355.jpg,1863,1850,-13
17365.jpg,1863,2000,137
17370.jpg,1863,1884,21
17375.jpg,1863,1900,37
17380.jpg,1863,1930,67
17385.jpg,1863,1855,-8
17390.jpg,1863,1650,-213
17395.jpg,1863,1850,-13
17400.jpg,1863,1900,37
17405.jpg,1863,1926,63
17410.jpg,1863,1928,65
17415.jpg,1863,1920,57
17420.jpg,1863,1900,37
17425.jpg,1863,1880,17
17430.jpg,1863,1920,57
17435.jpg,1863,1985,122
17440.jpg,1863,1900,37
17445.jpg,1863,1900,37
17450.jpg,1863,1915,52
17455.jpg,1863,1890,27
17460.jpg,1863,1870,7
17465.jpg,1863,1900,37
17470.jpg,1863,1900,37
17475.jpg,1863,1900,37
17480.jpg,1863,1920,57
17485.jpg,1864,1890,26
17490.jpg,1864,1915,51
17495.jpg,1864,1850,-14
17500.jpg,1864,1950,86
17505.jpg,1864,1895,31
17510.jpg,1864,1900,36
17515.jpg,1864,1800,-64
17520.jpg,1864,1900,36
17525.jpg,1864,1860,-4
17530.jpg,1864,1790,-74
17535.jpg,1864,2006,142
17540.jpg,1864,1920,56
17545.jpg,1864,1853,-11
17550.jpg,1864,1264,-600
17555.jpg,1864,1880,16
17560.jpg,1864,1950,86
17565.jpg,1864,1810,-54
17575.jpg,1864,1852,-12
17580.jpg,1864,1900,36
17585.jpg,1864,1925,61
17590.jpg,1864,1990,126
17595.jpg,1864,1880,16
17600.jpg,1864,1910,46
17605.jpg,1864,1750,-114
17610.jpg,1864,1900,36
17615.jpg,1864,1903,39
17620.jpg,1864,1930,66
17625.jpg,1864,1895,31
17630.jpg,1864,1900,36
17635.jpg,1864,1350,-514
17640.jpg,1864,1890,26
17645.jpg,1864,1890,26
17650.jpg,1864,1850,-14
17655.jpg,1864,1880,16
17660.jpg,1865,-1,-1866
17665.jpg,1865,7579,5714
17670.jpg,1865,1950,85
17675.jpg,1865,1850,-15
17680.jpg,1865,1850,-15
17690.jpg,1865,1900,35
17695.jpg,1865,1800,-65
17700.jpg,1865,1637,-228
17705.jpg,1865,1800,-65
17710.jpg,1865,1850,-15
17715.jpg,1865,1890,25
17720.jpg,1865,1930,65
17725.jpg,1865,1800,-65
17730.jpg,1865,1894,29
17735.jpg,1865,1747,-118
17745.jpg,1865,1860,-5
17750.jpg,1865,1850,-15
17755.jpg,1865,1830,-35
17760.jpg,1865,1935,70
17765.jpg,1865,2013,148
17770.jpg,1865,1840,-25
17775.jpg,1865,1945,80
17780.jpg,1865,1905,40
17785.jpg,1865,1900,35
17790.jpg,1865,1924,59
17795.jpg,1865,1850,-15
17800.jpg,1865,1880,15
17805.jpg,1865,1914,49
17810.jpg,1865,1910,45
17815.jpg,1865,1900,35
17820.jpg,1865,1927,62
17825.jpg,1865,1840,-25
17830.jpg,1865,1904,39
17835.jpg,1865,1850,-15
17840.jpg,1865,1950,85
17845.jpg,1865,1953,88
17850.jpg,1865,1880,15
17855.jpg,1865,1850,-15
17860.jpg,1865,1860,-5
17865.jpg,1865,1840,-25
17870.jpg,1865,1880,15
17875.jpg,1865,1900,35
17880.jpg,1865,1900,35
17885.jpg,1865,1930,65
17890.jpg,1865,1910,45
17895.jpg,1865,1975,110
17900.jpg,1865,1890,25
17905.jpg,1865,1950,85
17910.jpg,1865,1795,-70
17915.jpg,1865,1920,55
17920.jpg,1865,1810,-55
17930.jpg,1865,1950,85
17935.jpg,1866,1850,-16
17940.jpg,1866,1860,-6
17945.jpg,1866,1950,84
17950.jpg,1866,1890,24
17955.jpg,1866,1950,84
17960.jpg,1866,1930,64
17965.jpg,1866,1900,34
17970.jpg,1866,1890,24
17975.jpg,1866,1900,34
17980.jpg,1866,1830,-36
17985.jpg,1866,1850,-16
17990.jpg,1866,1850,-16
17995.jpg,1866,1850,-16
18000.jpg,1866,1900,34
18005.jpg,1866,1860,-6
18010.jpg,1866,1900,34
18015.jpg,1866,2000,134
18020.jpg,1866,1870,4
18025.jpg,1866,1880,14
18030.jpg,1866,1840,-26
18035.jpg,1866,2036,170
18040.jpg,1866,1890,24
18045.jpg,1866,185,-1681
18050.jpg,1866,1800,-66
18055.jpg,1866,850,-1016
18060.jpg,1866,1885,19
18065.jpg,1866,1900,34
18070.jpg,1866,1850,-16
18075.jpg,1866,1783,-83
18080.jpg,1866,1780,-86
18085.jpg,1866,1920,54
18090.jpg,1866,1960,94
18095.jpg,1866,1860,-6
18100.jpg,1866,1927,61
18105.jpg,1866,1900,34
18110.jpg,1866,1910,44
18115.jpg,1866,1885,19
18120.jpg,1866,1900,34
18125.jpg,1866,1907,41
18130.jpg,1866,1900,34
18135.jpg,1867,1970,103
18140.jpg,1867,1890,23
18145.jpg,1867,1903,36
18160.jpg,1867,1910,43
18165.jpg,1867,1890,23
18170.jpg,1867,1860,-7
18175.jpg,1867,1885,18
18180.jpg,1867,1900,33
18185.jpg,1867,1870,3
18190.jpg,1867,1830,-37
18195.jpg,1867,1960,93
18200.jpg,1867,1939,72
18205.jpg,1867,1965,98
18210.jpg,1867,1956,89
18215.jpg,1867,1916,49
18220.jpg,1867,1900,33
18225.jpg,1867,1945,78
18230.jpg,1867,1950,83
18235.jpg,1867,1800,-67
18240.jpg,1867,1900,33
18245.jpg,1867,1870,3
18250.jpg,1867,1900,33
18255.jpg,1867,1920,53
18260.jpg,1867,1750,-117
18265.jpg,1867,1880,13
18270.jpg,1867,1830,-37
18275.jpg,1867,1920,53
18280.jpg,1867,1880,13
18285.jpg,1867,1855,-12
18290.jpg,1867,-1,-1868
18295.jpg,1867,1920,53
18300.jpg,1867,1910,43
18305.jpg,1867,1923,56
18310.jpg,1867,1900,33
18315.jpg,1867,1950,83
18320.jpg,1867,1864,-3
18325.jpg,1867,1900,33
18330.jpg,1867,1890,23
18335.jpg,1867,1910,43
18340.jpg,1867,1750,-117
18345.jpg,1867,1915,48
18350.jpg,1867,1300,-567
18355.jpg,1867,1875,8
18360.jpg,1867,1885,18
18365.jpg,1868,1900,32
18370.jpg,1868,1735,-133
18380.jpg,1868,1730,-138
18385.jpg,1868,1860,-8
18390.jpg,1868,1945,77
18395.jpg,1868,1900,32
18400.jpg,1868,1930,62
18405.jpg,1868,1900,32
18410.jpg,1868,1830,-38
18415.jpg,1868,1850,-18
18420.jpg,1868,1880,12
18425.jpg,1868,1880,12
18430.jpg,1868,1990,122
18450.jpg,1868,1846,-22
18455.jpg,1868,1870,2
18460.jpg,1868,1900,32
18465.jpg,1868,1900,32
18470.jpg,1868,1870,2
18475.jpg,1868,1900,32
18480.jpg,1868,1850,-18
18485.jpg,1868,1890,22
18490.jpg,1868,1820,-48
18495.jpg,1868,1950,82
18500.jpg,1868,1900,32
18505.jpg,1868,1920,52
18510.jpg,1868,1895,27
18515.jpg,1868,1851,-17
18520.jpg,1868,1750,-118
18525.jpg,1868,1895,27
18530.jpg,1868,1900,32
18535.jpg,1868,1910,42
18540.jpg,1868,1850,-18
18545.jpg,1868,1875,7
18550.jpg,1868,1890,22
18555.jpg,1868,1880,12
18560.jpg,1868,1900,32
18565.jpg,1868,1890,22
18570.jpg,1868,1950,82
18575.jpg,1868,1860,-8
18580.jpg,1868,1960,92
18585.jpg,1868,1978,110
18590.jpg,1868,20,-1848
18595.jpg,1868,1850,-18
18600.jpg,1868,1880,12
18605.jpg,1868,1905,37
18610.jpg,1868,1900,32
18615.jpg,1868,1880,12
18620.jpg,1869,1855,-14
18625.jpg,1869,1868,-1
18630.jpg,1869,1890,21
18635.jpg,1869,1913,44
18640.jpg,1869,1870,1
18645.jpg,1869,1860,-9
18650.jpg,1869,1760,-109
18655.jpg,1869,1870,1
18660.jpg,1869,1800,-69
18665.jpg,1869,1925,56
18670.jpg,1869,1905,36
18675.jpg,1869,1935,66
18680.jpg,1869,1883,14
18685.jpg,1869,1900,31
18690.jpg,1869,1890,21
18695.jpg,1869,1910,41
18700.jpg,1869,1870,1
18710.jpg,1869,1890,21
18715.jpg,1869,1840,-29
18720.jpg,1869,1880,11
18725.jpg,1869,1870,1
18730.jpg,1869,1900,31
18735.jpg,1869,1896,27
18740.jpg,1869,1920,51
18745.jpg,1869,800,-1069
18750.jpg,1869,1845,-24
18755.jpg,1869,1920,51
18760.jpg,1869,1860,-9
18765.jpg,1869,1753,-116
18770.jpg,1869,1940,71
18775.jpg,1869,1930,61
18780.jpg,1869,1930,61
18785.jpg,1869,1850,-19
18790.jpg,1869,1900,31
18795.jpg,1869,1830,-39
18800.jpg,1869,1850,-19
18805.jpg,1869,1730,-139
18810.jpg,1869,1900,31
18815.jpg,1869,1925,56
18820.jpg,1869,1858,-11
18825.jpg,1869,1895,26
18830.jpg,1869,1900,31
18835.jpg,1869,1992,123
18840.jpg,1870,1600,-270
18845.jpg,1870,1850,-20
18850.jpg,1870,1890,20
18855.jpg,1870,1925,55
18860.jpg,1870,1880,10
18865.jpg,1870,1915,45
18870.jpg,1870,1910,40
18875.jpg,1870,1960,90
18880.jpg,1870,1880,10
18885.jpg,1870,1860,-10
18895.jpg,1870,1950,80
18900.jpg,1870,1790,-80
18905.jpg,1870,1870,0
18910.jpg,1870,1970,100
18915.jpg,1870,1900,30
18920.jpg,1870,1880,10
18925.jpg,1870,1895,25
18930.jpg,1870,1925,55
18935.jpg,1870,1900,30
18940.jpg,1870,1870,0
18945.jpg,1870,1978,108
18950.jpg,1870,1870,0
18955.jpg,1870,1850,-20
18960.jpg,1870,1850,-20
18965.jpg,1870,1920,50
18970.jpg,1870,1895,25
18980.jpg,1870,2000,130
18985.jpg,1870,1900,30
18990.jpg,1870,1875,5
18995.jpg,1870,1885,15
19000.jpg,1870,2005,135
19005.jpg,1870,1890,20
19010.jpg,1870,1860,-10
19015.jpg,1870,1880,10
19020.jpg,1870,1500,-370
19025.jpg,1870,1900,30
19030.jpg,1870,1950,80
19035.jpg,1870,1750,-120
19040.jpg,1870,1950,80
19045.jpg,1870,1950,80
19050.jpg,1870,1890,20
19055.jpg,1870,1900,30
19060.jpg,1870,1900,30
19065.jpg,1870,1900,30
19070.jpg,1870,1900,30
19075.jpg,1870,1885,15
19080.jpg,1870,1943,73
19085.jpg,1870,1870,0
19090.jpg,1870,1960,90
19100.jpg,1870,1950,80
19105.jpg,1870,1820,-50
19110.jpg,1870,1895,25
19115.jpg,1870,1900,30
19120.jpg,1870,1950,80
19125.jpg,1870,1982,112
19130.jpg,1870,1910,40
19135.jpg,1870,1920,50
19140.jpg,1870,1800,-70
19145.jpg,1871,1900,29
19150.jpg,1871,16,-1855
19155.jpg,1871,1900,29
19160.jpg,1871,1850,-21
19165.jpg,1871,1850,-21
19170.jpg,1871,1913,42
19175.jpg,1871,1873,2
19180.jpg,1871,1900,29
19185.jpg,1871,-1,-1872
19190.jpg,1871,1893,22
19195.jpg,1871,1861,-10
19200.jpg,1871,1850,-21
19205.jpg,1871,1980,109
19210.jpg,1871,1875,4
19215.jpg,1871,1927,56
19220.jpg,1871,1960,89
19225.jpg,1871,1955,84
19230.jpg,1871,1890,19
19235.jpg,1871,1930,59
19240.jpg,1871,1895,24
19245.jpg,1871,1845,-26
19250.jpg,1871,1930,59
19255.jpg,1871,1910,39
19260.jpg,1871,1900,29
19265.jpg,1871,1750,-121
19270.jpg,1871,1845,-26
19275.jpg,1871,1910,39
19280.jpg,1871,1880,9
19285.jpg,1871,1900,29
19290.jpg,1871,1900,29
19295.jpg,1871,1900,29
19300.jpg,1871,1900,29
19305.jpg,1871,1922,51
19310.jpg,1871,1900,29
19315.jpg,1871,1850,-21
19320.jpg,1871,1880,9
19325.jpg,1871,1900,29
19330.jpg,1871,1950,79
19335.jpg,1871,1923,52
19340.jpg,1871,1918,47
19345.jpg,1871,1900,29
19350.jpg,1871,1905,34
19355.jpg,1871,1905,34
19360.jpg,1871,1890,19
19365.jpg,1871,1900,29
19370.jpg,1871,1920,49
19375.jpg,1871,1900,29
19380.jpg,1871,1900,29
19385.jpg,1871,1780,-91
19390.jpg,1871,1887,16
19395.jpg,1872,1881,9
19400.jpg,1872,1853,-19
19405.jpg,1872,1887,15
19410.jpg,1872,1900,28
19415.jpg,1872,1870,-2
19420.jpg,1872,1770,-102
19425.jpg,1872,1970,98
19430.jpg,1872,1901,29
19435.jpg,1872,1900,28
19440.jpg,1872,1890,18
19445.jpg,1872,1950,78
19450.jpg,1872,1850,-22
19455.jpg,1872,1880,8
19460.jpg,1872,1890,18
19465.jpg,1872,1880,8
19470.jpg,1872,1900,28
19475.jpg,1872,1880,8
19480.jpg,1872,1788,-84
19485.jpg,1872,1948,76
19490.jpg,1872,1883,11
19495.jpg,1872,1860,-12
19500.jpg,1872,1905,33
19505.jpg,1872,1900,28
19510.jpg,1872,1930,58
19515.jpg,1872,1925,53
19520.jpg,1872,1900,28
19525.jpg,1872,1850,-22
19530.jpg,1872,1900,28
19535.jpg,1872,1850,-22
19540.jpg,1872,1990,118
19545.jpg,1872,1924,52
19550.jpg,1872,1855,-17
19555.jpg,1872,1900,28
19560.jpg,1872,1895,23
19565.jpg,1872,1900,28
19570.jpg,1872,1900,28
19575.jpg,1872,1880,8
19580.jpg,1872,1890,18
19585.jpg,1872,1500,-372
19590.jpg,1872,1845,-27
19595.jpg,1872,1958,86
19600.jpg,1872,1858,-14
19605.jpg,1872,1900,28
19610.jpg,1872,1865,-7
19615.jpg,1872,1890,18
19620.jpg,1872,2000,128
19625.jpg,1872,1855,-17
19630.jpg,1872,2500,628
19635.jpg,1872,1936,64
19640.jpg,1872,1886,14
19645.jpg,1872,1788,-84
19655.jpg,1873,1400,-473
19660.jpg,1873,1900,27
19665.jpg,1873,1960,87
19670.jpg,1873,1928,55
19675.jpg,1873,1900,27
19680.jpg,1873,1850,-23
19685.jpg,1873,1880,7
19690.jpg,1873,1900,27
19695.jpg,1873,1878,5
19700.jpg,1873,1800,-73
19705.jpg,1873,1890,17
19710.jpg,1873,1925,52
19715.jpg,1873,1966,93
19720.jpg,1873,1939,66
19725.jpg,1873,1845,-28
19730.jpg,1873,1950,77
19735.jpg,1873,1900,27
19740.jpg,1873,1900,27
19745.jpg,1873,1920,47
19750.jpg,1873,1900,27
19755.jpg,1873,1980,107
19760.jpg,1873,1800,-73
19765.jpg,1873,1910,37
19775.jpg,1873,1914,41
19780.jpg,1873,1870,-3
19785.jpg,1873,1900,27
19790.jpg,1873,1930,57
19795.jpg,1873,1860,-13
19800.jpg,1873,1865,-8
19805.jpg,1873,1860,-13
19810.jpg,1873,1887,14
19815.jpg,1873,1902,29
19820.jpg,1873,1880,7
19825.jpg,1873,1890,17
19830.jpg,1873,1895,22
19835.jpg,1873,1900,27
19840.jpg,1873,1950,77
19845.jpg,1873,1960,87
19850.jpg,1873,1890,17
19855.jpg,1873,1850,-23
19860.jpg,1873,1880,7
19865.jpg,1873,1885,12
19870.jpg,1873,1900,27
19875.jpg,1873,1965,92
19880.jpg,1873,1880,7
19885.jpg,1873,1890,17
19890.jpg,1873,1840,-33
19895.jpg,1873,1940,67
19900.jpg,1873,1880,7
19905.jpg,1873,1850,-23
19910.jpg,1873,1982,109
19915.jpg,1874,1905,31
19920.jpg,1874,1880,6
19925.jpg,1874,1890,16
19930.jpg,1874,1940,66
19935.jpg,1874,1890,16
19945.jpg,1874,1870,-4
19950.jpg,1874,1870,-4
19955.jpg,1874,1900,26
19965.jpg,1874,1900,26
19970.jpg,1874,1925,51
19975.jpg,1874,1616,-258
19980.jpg,1874,1890,16
19985.jpg,1874,1880,6
19990.jpg,1874,1978,104
19995.jpg,1874,1900,26
20000.jpg,1874,1960,86
20005.jpg,1874,1950,76
20010.jpg,1874,1947,73
20015.jpg,1874,1900,26
20020.jpg,1874,1880,6
20025.jpg,1874,1888,14
20030.jpg,1874,1910,36
20035.jpg,1874,1935,61
20040.jpg,1874,727,-1147
20045.jpg,1874,1960,86
20050.jpg,1874,1900,26
20055.jpg,1874,1890,16
20060.jpg,1874,1850,-24
20065.jpg,1874,1870,-4
20070.jpg,1874,1915,41
20075.jpg,1874,1890,16
20080.jpg,1874,1850,-24
20085.jpg,1874,1880,6
20090.jpg,1874,1780,-94
20095.jpg,1874,1950,76
20100.jpg,1874,1870,-4
20110.jpg,1874,1890,16
20115.jpg,1874,1917,43
20120.jpg,1874,1920,46
20125.jpg,1874,1900,26
20130.jpg,1874,1753,-121
20135.jpg,1874,1903,29
20145.jpg,1874,1930,56
20150.jpg,1874,1900,26
20155.jpg,1874,1910,36
20160.jpg,1874,1930,56
20165.jpg,1874,1890,16
20170.jpg,1874,1910,36
20175.jpg,1874,1892,18
20180.jpg,1874,1850,-24
20185.jpg,1874,1840,-34
20190.jpg,1874,2000,126
20195.jpg,1874,1880,6
20205.jpg,1874,1820,-54
20210.jpg,1875,1890,15
20215.jpg,1875,1921,46
20220.jpg,1875,185,-1690
20230.jpg,1875,1900,25
20235.jpg,1875,1540,-335
20240.jpg,1875,1890,15
20245.jpg,1875,1890,15
20250.jpg,1875,1900,25
20255.jpg,1875,1906,31
20260.jpg,1875,1745,-130
20265.jpg,1875,1840,-35
20270.jpg,1875,1850,-25
20275.jpg,1875,1848,-27
20280.jpg,1875,1905,30
20285.jpg,1875,1845,-30
20295.jpg,1875,1830,-45
20300.jpg,1875,1880,5
20305.jpg,1875,1900,25
20310.jpg,1875,1950,75
20315.jpg,1875,1850,-25
20320.jpg,1875,1900,25
20325.jpg,1875,1900,25
20330.jpg,1875,1910,35
20335.jpg,1875,1910,35
20340.jpg,1875,-1,-1876
20345.jpg,1875,1890,15
20350.jpg,1875,1912,37
20355.jpg,1875,1920,45
20360.jpg,1875,1900,25
20365.jpg,1875,1900,25
20370.jpg,1875,1925,50
20375.jpg,1875,1890,15
20380.jpg,1875,1890,15
20385.jpg,1875,1860,-15
20390.jpg,1875,1885,10
20395.jpg,1875,1890,15
20400.jpg,1875,1900,25
20405.jpg,1875,1840,-35
20410.jpg,1875,1900,25
20415.jpg,1875,1700,-175
20420.jpg,1875,1900,25
20425.jpg,1875,1840,-35
20430.jpg,1875,1945,70
20435.jpg,1875,1700,-175
20440.jpg,1875,1900,25
20445.jpg,1875,1900,25
20450.jpg,1875,1800,-75
20455.jpg,1875,1915,40
20460.jpg,1875,1965,90
20465.jpg,1875,1900,25
20470.jpg,1875,1810,-65
20480.jpg,1875,1900,25
20485.jpg,1875,1954,79
20490.jpg,1875,1753,-122
20495.jpg,1875,1900,25
20500.jpg,1876,1650,-226
20505.jpg,1876,1850,-26
20510.jpg,1876,1890,14
20515.jpg,1876,1910,34
20520.jpg,1876,1870,-6
20525.jpg,1876,1860,-16
20530.jpg,1876,1850,-26
20540.jpg,1876,2020,144
20545.jpg,1876,1870,-6
20550.jpg,1876,1850,-26
20555.jpg,1876,1850,-26
20560.jpg,1876,1368,-508
20565.jpg,1876,1885,9
20570.jpg,1876,-1,-1877
20575.jpg,1876,1900,24
20580.jpg,1876,1983,107
20585.jpg,1876,1860,-16
20590.jpg,1876,1910,34
20595.jpg,1876,1895,19
20600.jpg,1876,1910,34
20605.jpg,1876,1900,24
20610.jpg,1876,1900,24
20615.jpg,1876,1870,-6
20620.jpg,1876,1900,24
20625.jpg,1876,1950,74
20630.jpg,1876,1990,114
20635.jpg,1876,1900,24
20640.jpg,1876,1950,74
20645.jpg,1876,1920,44
20650.jpg,1876,1860,-16
20655.jpg,1876,1900,24
20660.jpg,1876,1890,14
20665.jpg,1876,1875,-1
20670.jpg,1876,1925,49
20675.jpg,1876,1820,-56
20680.jpg,1876,1925,49
20685.jpg,1876,1900,24
20690.jpg,1876,1860,-16
20695.jpg,1876,1900,24
20700.jpg,1876,1905,29
20705.jpg,1876,1890,14
20715.jpg,1876,1830,-46
20720.jpg,1876,1880,4
20725.jpg,1876,1880,4
20730.jpg,1877,1880,3
20735.jpg,1877,19,-1858
20740.jpg,1877,1888,11
20745.jpg,1877,1860,-17
20750.jpg,1877,1900,23
20755.jpg,1877,2000,123
20760.jpg,1877,1950,73
20765.jpg,1877,1345,-532
20770.jpg,1877,1910,33
20775.jpg,1877,1800,-77
20780.jpg,1877,1875,-2
20785.jpg,1877,1900,23
20790.jpg,1877,1930,53
20795.jpg,1877,1900,23
20800.jpg,1877,1920,43
20805.jpg,1877,1900,23
20810.jpg,1877,1926,49
20815.jpg,1877,1800,-77
20820.jpg,1877,1880,3
20830.jpg,1877,1923,46
20835.jpg,1877,1890,13
20840.jpg,1877,1900,23
20845.jpg,1877,1935,58
20850.jpg,1877,1890,13
20855.jpg,1877,1980,103
20860.jpg,1877,1780,-97
20865.jpg,1877,1950,73
20870.jpg,1877,1890,13
20875.jpg,1877,1880,3
20880.jpg,1877,1880,3
20885.jpg,1877,1875,-2
20890.jpg,1877,1860,-17
20895.jpg,1877,1600,-277
20900.jpg,1877,2000,123
20905.jpg,1877,1880,3
20910.jpg,1877,1910,33
20915.jpg,1877,1899,22
20925.jpg,1878,1910,32
20930.jpg,1878,2010,132
20935.jpg,1878,1900,22
20940.jpg,1878,1910,32
20945.jpg,1878,1947,69
20950.jpg,1878,1950,72
20955.jpg,1878,1905,27
20960.jpg,1878,1264,-614
20965.jpg,1878,1990,112
20970.jpg,1878,1945,67
20975.jpg,1878,1920,42
20980.jpg,1878,1850,-28
20985.jpg,1878,1700,-178
20990.jpg,1878,1850,-28
20995.jpg,1878,-1,-1879
21000.jpg,1878,1920,42
21005.jpg,1878,-1,-1879
21010.jpg,1878,1850,-28
21015.jpg,1878,1890,12
21020.jpg,1878,1850,-28
21025.jpg,1878,1902,24
21030.jpg,1878,1890,12
21035.jpg,1878,1900,22
21040.jpg,1878,1800,-78
21045.jpg,1878,1835,-43
21050.jpg,1878,1920,42
21055.jpg,1878,1907,29
21060.jpg,1878,1900,22
21065.jpg,1878,1890,12
21070.jpg,1878,1910,32
21075.jpg,1878,1900,22
21080.jpg,1878,1910,32
21085.jpg,1878,1880,2
21090.jpg,1878,1950,72
21095.jpg,1878,1900,22
21100.jpg,1878,1912,34
21105.jpg,1878,1924,46
21110.jpg,1878,1900,22
21115.jpg,1878,1900,22
21120.jpg,1878,1876,-2
21125.jpg,1878,2022,144
21130.jpg,1878,1900,22
21135.jpg,1878,1890,12
21140.jpg,1878,1850,-28
21145.jpg,1878,1900,22
21150.jpg,1878,1890,12
21155.jpg,1878,1940,62
21160.jpg,1879,1960,81
21165.jpg,1879,1900,21
21170.jpg,1879,1600,-279
21175.jpg,1879,1900,21
21180.jpg,1879,1901,22
21185.jpg,1879,1915,36
21190.jpg,1879,1870,-9
21195.jpg,1879,1870,-9
21200.jpg,1879,1900,21
21205.jpg,1879,1880,1
21210.jpg,1879,1900,21
21215.jpg,1879,1870,-9
21220.jpg,1879,-1,-1880
21225.jpg,1879,1950,71
21230.jpg,1879,1888,9
21235.jpg,1879,1930,51
21240.jpg,1879,1890,11
21245.jpg,1879,1880,1
21250.jpg,1879,1875,-4
21255.jpg,1879,1875,-4
21260.jpg,1879,1900,21
21265.jpg,1879,1910,31
21270.jpg,1879,1820,-59
21275.jpg,1879,1940,61
21280.jpg,1879,1890,11
21285.jpg,1879,1769,-110
21290.jpg,1879,1910,31
21295.jpg,1879,1900,21
21300.jpg,1879,1860,-19
21305.jpg,1879,1900,21
21310.jpg,1879,1880,1
21315.jpg,1879,1920,41
21320.jpg,1879,1921,42
21325.jpg,1879,1900,21
21330.jpg,1879,1900,21
21335.jpg,1879,1840,-39
21340.jpg,1879,1940,61
21350.jpg,1879,1900,21
21355.jpg,1879,1900,21
21360.jpg,1879,1900,21
21365.jpg,1879,1900,21
21370.jpg,1879,1905,26
21375.jpg,1880,1780,-100
21380.jpg,1880,1900,20
21385.jpg,1880,1890,10
21390.jpg,1880,1999,119
21395.jpg,1880,1928,48
21400.jpg,1880,1900,20
21405.jpg,1880,1900,20
21410.jpg,1880,1940,60
21415.jpg,1880,1920,40
21420.jpg,1880,1895,15
21425.jpg,1880,1900,20
21430.jpg,1880,1900,20
21435.jpg,1880,1865,-15
21440.jpg,1880,1850,-30
21445.jpg,1880,1965,85
21450.jpg,1880,1670,-210
21455.jpg,1880,1840,-40
21460.jpg,1880,1890,10
21465.jpg,1880,1900,20
21470.jpg,1880,1850,-30
21475.jpg,1880,1979,99
21480.jpg,1880,1979,99
21485.jpg,1880,1954,74
21490.jpg,1880,1880,0
21495.jpg,1880,1853,-27
21500.jpg,1880,1860,-20
21505.jpg,1880,1920,40
21510.jpg,1880,1930,50
21515.jpg,1880,-1,-1881
21520.jpg,1880,1970,90
21530.jpg,1880,1975,95
21535.jpg,1880,1900,20
21540.jpg,1880,1900,20
21545.jpg,1880,1891,11
21550.jpg,1880,1965,85
21555.jpg,1880,1928,48
21560.jpg,1880,1900,20
21565.jpg,1880,1900,20
21570.jpg,1880,-1,-1881
21575.jpg,1880,2000,120
21580.jpg,1880,1900,20
21585.jpg,1880,2000,120
21590.jpg,1880,1900,20
21595.jpg,1880,1900,20
21600.jpg,1880,1900,20
21605.jpg,1880,1900,20
21610.jpg,1880,1920,40
21615.jpg,1880,1925,45
21620.jpg,1880,1890,10
21625.jpg,1880,1880,0
21630.jpg,1880,1913,33
21635.jpg,1880,1915,35
21640.jpg,1880,1900,20
21645.jpg,1880,1850,-30
21650.jpg,1880,1890,10
21655.jpg,1880,1930,50
21660.jpg,1880,1780,-100
21665.jpg,1880,1800,-80
21670.jpg,1880,1889,9
21675.jpg,1880,1900,20
21680.jpg,1880,1890,10
21685.jpg,1880,1830,-50
21690.jpg,1880,1900,20
21695.jpg,1880,1950,70
21700.jpg,1880,1920,40
21705.jpg,1880,1800,-80
21710.jpg,1881,1880,-1
21715.jpg,1881,1911,30
21720.jpg,1881,1940,59
21725.jpg,1881,1900,19
21730.jpg,1881,1910,29
21735.jpg,1881,1930,49
21740.jpg,1881,1900,19
21745.jpg,1881,1850,-31
21750.jpg,1881,1900,19
21755.jpg,1881,1943,62
21760.jpg,1881,1855,-26
21770.jpg,1881,1900,19
21775.jpg,1881,1850,-31
21780.jpg,1881,1920,39
21785.jpg,1881,1920,39
21790.jpg,1881,1869,-12
21795.jpg,1881,1850,-31
21800.jpg,1881,1900,19
21805.jpg,1881,1900,19
21810.jpg,1881,1930,49
21815.jpg,1881,1912,31
21820.jpg,1881,1750,-131
21825.jpg,1881,1898,17
21830.jpg,1881,1886,5
21835.jpg,1881,1890,9
21840.jpg,1881,1900,19
21845.jpg,1881,1960,79
21850.jpg,1881,1750,-131
21855.jpg,1881,1910,29
21860.jpg,1881,1890,9
21865.jpg,1881,1904,23
21870.jpg,1881,1900,19
21875.jpg,1881,1910,29
21880.jpg,1881,1850,-31
21885.jpg,1881,1877,-4
21890.jpg,1881,1978,97
21895.jpg,1881,1900,19
21900.jpg,1881,1900,19
21905.jpg,1881,1950,69
21910.jpg,1881,1850,-31
21915.jpg,1881,1895,14
21920.jpg,1881,1900,19
21925.jpg,1881,1883,2
21930.jpg,1881,1867,-14
21940.jpg,1881,1950,69
21945.jpg,1882,1900,18
21950.jpg,1882,1960,78
21955.jpg,1882,1900,18
21960.jpg,1882,1840,-42
21965.jpg,1882,1900,18
21970.jpg,1882,1950,68
21975.jpg,1882,20,-1862
21980.jpg,1882,1870,-12
21985.jpg,1882,1900,18
21990.jpg,1882,1900,18
21995.jpg,1882,1890,8
22000.jpg,1882,1890,8
22005.jpg,1882,1968,86
22010.jpg,1882,1880,-2
22015.jpg,1882,1950,68
22020.jpg,1882,1960,78
22025.jpg,1882,1890,8
22030.jpg,1882,1820,-62
22035.jpg,1882,1920,38
22040.jpg,1882,1898,16
22045.jpg,1882,1890,8
22050.jpg,1882,1750,-132
22055.jpg,1882,1870,-12
22060.jpg,1882,1895,13
22065.jpg,1882,1910,28
22070.jpg,1882,1750,-132
22075.jpg,1882,1920,38
22080.jpg,1882,1880,-2
22085.jpg,1882,7000,5118
22090.jpg,1882,1900,18
22095.jpg,1882,1950,68
22100.jpg,1882,1960,78
22105.jpg,1882,1910,28
22110.jpg,1882,1920,38
22115.jpg,1882,1900,18
22120.jpg,1882,1920,38
22125.jpg,1882,1880,-2
22130.jpg,1882,1899,17
22135.jpg,1882,1904,22
22140.jpg,1882,1300,-582
22145.jpg,1882,1970,88
22150.jpg,1882,1800,-82
22155.jpg,1882,2000,118
22160.jpg,1882,1870,-12
22165.jpg,1882,1902,20
22170.jpg,1882,1850,-32
22175.jpg,1882,1874,-8
22180.jpg,1882,1903,21
22185.jpg,1882,1910,28
22190.jpg,1882,1910,28
22195.jpg,1882,2010,128
22200.jpg,1882,1830,-52
22205.jpg,1882,1850,-32
22210.jpg,1882,1850,-32
22215.jpg,1883,1800,-83
22220.jpg,1883,2025,142
22225.jpg,1883,1890,7
22230.jpg,1883,1900,17
22235.jpg,1883,1880,-3
22240.jpg,1883,1860,-23
22245.jpg,1883,1910,27
22250.jpg,1883,1907,24
22255.jpg,1883,1850,-33
22260.jpg,1883,1882,-1
22265.jpg,1883,1875,-8
22270.jpg,1883,1930,47
22275.jpg,1883,1900,17
22280.jpg,1883,1600,-283
22285.jpg,1883,1860,-23
22290.jpg,1883,1910,27
22295.jpg,1883,1900,17
22300.jpg,1883,1900,17
22305.jpg,1883,1890,7
22310.jpg,1883,1930,47
22315.jpg,1883,1920,37
22320.jpg,1883,1896,13
22325.jpg,1883,1890,7
22330.jpg,1883,1850,-33
22335.jpg,1883,1950,67
22340.jpg,1883,1950,67
22345.jpg,1883,1895,12
22350.jpg,1883,1900,17
22355.jpg,1883,1900,17
22360.jpg,1883,1880,-3
22365.jpg,1883,1853,-30
22370.jpg,1883,1930,47
22375.jpg,1883,-1,-1884
22380.jpg,1883,1923,40
22385.jpg,1883,1950,67
22390.jpg,1883,1953,70
22395.jpg,1883,1920,37
22400.jpg,1883,1910,27
22405.jpg,1883,1900,17
22410.jpg,1883,1915,32
22415.jpg,1883,1900,17
22420.jpg,1883,1950,67
22425.jpg,1883,1910,27
22430.jpg,1883,1850,-33
22435.jpg,1883,1960,77
22440.jpg,1883,1860,-23
22445.jpg,1883,1911,28
22450.jpg,1883,1920,37
22455.jpg,1883,1920,37
22460.jpg,1883,1930,47
22465.jpg,1883,1815,-68
22470.jpg,1883,1925,42
22475.jpg,1883,1940,57
22485.jpg,1883,1902,19
22490.jpg,1883,1920,37
22495.jpg,1883,1900,17
22500.jpg,1883,1836,-47
22505.jpg,1883,1885,2
22510.jpg,1884,1912,28
22515.jpg,1884,1880,-4
22520.jpg,1884,1900,16
22525.jpg,1884,1880,-4
22530.jpg,1884,1900,16
22535.jpg,1884,1897,13
22540.jpg,1884,1890,6
22545.jpg,1884,1875,-9
22550.jpg,1884,1870,-14
22555.jpg,1884,1985,101
22560.jpg,1884,1870,-14
22565.jpg,1884,1850,-34
22570.jpg,1884,1970,86
22575.jpg,1884,1850,-34
22580.jpg,1884,1970,86
22585.jpg,1884,1865,-19
22590.jpg,1884,1890,6
22595.jpg,1884,1900,16
22600.jpg,1884,1850,-34
22605.jpg,1884,1915,31
22610.jpg,1884,1899,15
22615.jpg,1884,1900,16
22620.jpg,1884,1895,11
22625.jpg,1884,1900,16
22630.jpg,1884,1900,16
22635.jpg,1884,1650,-234
22640.jpg,1884,1880,-4
22645.jpg,1884,1890,6
22650.jpg,1884,1900,16
22655.jpg,1884,1925,41
22665.jpg,1884,1950,66
22670.jpg,1884,1853,-31
22675.jpg,1884,1920,36
22680.jpg,1884,2000,116
22685.jpg,1884,1850,-34
22690.jpg,1884,1900,16
22695.jpg,1884,1850,-34
22700.jpg,1884,1940,56
22705.jpg,1884,1925,41
22710.jpg,1884,1850,-34
22715.jpg,1884,1890,6
22720.jpg,1884,1880,-4
22730.jpg,1884,1900,16
22735.jpg,1884,1850,-34
22740.jpg,1884,1970,86
22745.jpg,1884,1880,-4
22750.jpg,1884,1850,-34
22755.jpg,1884,1850,-34
22760.jpg,1884,1905,21
22765.jpg,1884,1850,-34
22770.jpg,1884,1880,-4
22775.jpg,1884,1880,-4
22780.jpg,1885,2003,118
22785.jpg,1885,1900,15
22790.jpg,1885,1925,40
22795.jpg,1885,1950,65
22800.jpg,1885,1840,-45
22805.jpg,1885,1920,35
22810.jpg,1885,1895,10
22815.jpg,1885,1905,20
22820.jpg,1885,1898,13
22825.jpg,1885,1956,71
22830.jpg,1885,1860,-25
22835.jpg,1885,1879,-6
22840.jpg,1885,1750,-135
22850.jpg,1885,1940,55
22855.jpg,1885,1890,5
22860.jpg,1885,1880,-5
22865.jpg,1885,1890,5
22870.jpg,1885,1900,15
22875.jpg,1885,1890,5
22880.jpg,1885,1857,-28
22885.jpg,1885,1900,15
22890.jpg,1885,1950,65
22895.jpg,1885,1925,40
22900.jpg,1885,1673,-212
22905.jpg,1885,1933,48
22910.jpg,1885,1830,-55
22915.jpg,1885,1885,0
22920.jpg,1885,1891,6
22925.jpg,1885,1865,-20
22930.jpg,1885,1900,15
22935.jpg,1885,1885,0
22940.jpg,1885,1880,-5
22945.jpg,1885,1863,-22
22950.jpg,1885,1915,30
22955.jpg,1885,1934,49
22960.jpg,1885,1940,55
22965.jpg,1885,1900,15
22970.jpg,1885,1930,45
22975.jpg,1885,1900,15
22980.jpg,1885,2000,115
22985.jpg,1885,1890,5
22990.jpg,1885,1970,85
22995.jpg,1885,1920,35
23000.jpg,1885,1890,5
23005.jpg,1885,1900,15
23015.jpg,1885,1900,15
23020.jpg,1885,1918,33
23025.jpg,1885,1900,15
23030.jpg,1885,1876,-9
23035.jpg,1885,1890,5
23040.jpg,1885,1900,15
23045.jpg,1885,1900,15
23050.jpg,1885,1985,100
23055.jpg,1885,1900,15
23060.jpg,1885,1885,0
23065.jpg,1885,1900,15
23070.jpg,1885,1906,21
23075.jpg,1885,1143,-742
23080.jpg,1885,1900,15
23085.jpg,1886,1930,44
23090.jpg,1886,1890,4
23095.jpg,1886,1925,39
23100.jpg,1886,1875,-11
23105.jpg,1886,1902,16
23110.jpg,1886,1960,74
23115.jpg,1886,1925,39
23120.jpg,1886,1910,24
23125.jpg,1886,1947,61
23130.jpg,1886,1981,95
23135.jpg,1886,1990,104
23140.jpg,1886,1970,84
23145.jpg,1886,1850,-36
23150.jpg,1886,1985,99
23155.jpg,1886,1920,34
23160.jpg,1886,1900,14
23165.jpg,1886,1930,44
23170.jpg,1886,1870,-16
23175.jpg,1886,1950,64
23180.jpg,1886,1800,-86
23185.jpg,1886,1900,14
23190.jpg,1886,1945,59
23195.jpg,1886,1945,59
23200.jpg,1886,1900,14
23205.jpg,1886,1900,14
23210.jpg,1886,1889,3
23215.jpg,1886,1900,14
23220.jpg,1886,1870,-16
23225.jpg,1886,1900,14
23230.jpg,1886,1850,-36
23235.jpg,1886,1900,14
23240.jpg,1886,1890,4
23245.jpg,1886,1870,-16
23250.jpg,1886,1950,64
23255.jpg,1886,1850,-36
23260.jpg,1886,1890,4
23265.jpg,1886,1903,17
23275.jpg,1886,1910,24
23280.jpg,1886,1910,24
23285.jpg,1886,1880,-6
23290.jpg,1886,1985,99
23295.jpg,1886,1920,34
23300.jpg,1886,1900,14
23305.jpg,1886,1850,-36
23310.jpg,1886,1850,-36
23315.jpg,1886,1880,-6
23320.jpg,1886,1910,24
23325.jpg,1886,1930,44
23330.jpg,1886,1900,14
23335.jpg,1886,1900,14
23340.jpg,1886,1925,39
23345.jpg,1886,1854,-32
23350.jpg,1886,1840,-46
23355.jpg,1886,1925,39
23365.jpg,1886,1900,14
23370.jpg,1886,1900,14
23375.jpg,1887,1958,71
23380.jpg,1887,1930,43
23385.jpg,1887,1950,63
23390.jpg,1887,1885,-2
23395.jpg,1887,19,-1868
23400.jpg,1887,1920,33
23410.jpg,1887,1900,13
23415.jpg,1887,1210,-677
23420.jpg,1887,1890,3
23425.jpg,1887,1860,-27
23430.jpg,1887,1910,23
23440.jpg,1887,1900,13
23445.jpg,1887,1900,13
23450.jpg,1887,2025,138
23460.jpg,1887,1895,8
23465.jpg,1887,1950,63
23470.jpg,1887,2012,125
23475.jpg,1887,1980,93
23480.jpg,1887,1903,16
23485.jpg,1887,1880,-7
23490.jpg,1887,1905,18
23495.jpg,1887,1900,13
23500.jpg,1887,1955,68
23505.jpg,1887,1934,47
23510.jpg,1887,1920,33
23515.jpg,1887,1900,13
23520.jpg,1887,1895,8
23525.jpg,1887,1850,-37
23535.jpg,1887,1903,16
23540.jpg,1887,1924,37
23545.jpg,1887,1850,-37
23550.jpg,1887,1930,43
23555.jpg,1887,1952,65
23560.jpg,1887,1920,33
23565.jpg,1887,1900,13
23570.jpg,1887,1700,-187
23575.jpg,1887,1915,28
23580.jpg,1887,1900,13
23585.jpg,1887,1930,43
23590.jpg,1887,1960,73
23595.jpg,1887,1900,13
23600.jpg,1887,1840,-47
23605.jpg,1887,1900,13
23610.jpg,1887,500,-1387
23615.jpg,1887,1930,43
23620.jpg,1887,1885,-2
23625.jpg,1887,1890,3
23630.jpg,1887,1880,-7
23635.jpg,1887,1900,13
23640.jpg,1887,1930,43
23645.jpg,1887,1880,-7
23650.jpg,1887,1850,-37
23660.jpg,1887,1900,13
23665.jpg,1887,1930,43
23670.jpg,1887,1900,13
23675.jpg,1887,1885,-2
23680.jpg,1887,1940,53
23690.jpg,1887,1890,3
23695.jpg,1887,1900,13
23700.jpg,1888,1700,-188
23705.jpg,1888,1920,32
23710.jpg,1888,1889,1
23715.jpg,1888,1900,12
23720.jpg,1888,1983,95
23725.jpg,1888,1927,39
23730.jpg,1888,1778,-110
23735.jpg,1888,1875,-13
23740.jpg,1888,1910,22
23745.jpg,1888,1886,-2
23750.jpg,1888,1935,47
23755.jpg,1888,1920,32
23760.jpg,1888,1900,12
23765.jpg,1888,1965,77
23770.jpg,1888,1950,62
23775.jpg,1888,1900,12
23790.jpg,1888,1900,12
23795.jpg,1888,1925,37
23800.jpg,1888,1860,-28
23805.jpg,1888,1920,32
23810.jpg,1888,1950,62
23815.jpg,1888,1900,12
23820.jpg,1888,1905,17
23825.jpg,1888,1913,25
23830.jpg,1888,1900,12
23835.jpg,1888,1950,62
23840.jpg,1888,1900,12
23850.jpg,1888,1910,22
23855.jpg,1888,1900,12
23860.jpg,1888,1895,7
23865.jpg,1888,1880,-8
23870.jpg,1888,1810,-78
23875.jpg,1888,1890,2
23880.jpg,1888,1900,12
23885.jpg,1888,1891,3
23890.jpg,1888,1850,-38
23895.jpg,1888,1900,12
23900.jpg,1888,1900,12
23905.jpg,1888,1890,2
23910.jpg,1888,1950,62
23915.jpg,1888,1960,72
23920.jpg,1888,1900,12
23925.jpg,1888,1890,2
23930.jpg,1888,1830,-58
23935.jpg,1888,1955,67
23940.jpg,1888,1929,41
23945.jpg,1888,1882,-6
23950.jpg,1888,1970,82
23955.jpg,1888,1895,7
23960.jpg,1888,1955,67
23965.jpg,1888,1939,51
23970.jpg,1888,1900,12
23975.jpg,1888,1880,-8
23980.jpg,1888,1890,2
23985.jpg,1888,1933,45
23990.jpg,1888,1898,10
23995.jpg,1888,1975,87
24000.jpg,1888,1950,62
24005.jpg,1888,1900,12
24010.jpg,1888,1860,-28
24015.jpg,1888,1900,12
24020.jpg,1888,1925,37
24025.jpg,1888,1880,-8
24030.jpg,1888,1870,-18
24035.jpg,1888,1973,85
24040.jpg,1888,-1,-1889
24050.jpg,1889,1899,10
24055.jpg,1889,1850,-39
24060.jpg,1889,1893,4
24065.jpg,1889,1853,-36
24070.jpg,1889,1870,-19
24075.jpg,1889,1965,76
24080.jpg,1889,1925,36
24085.jpg,1889,1936,47
24090.jpg,1889,1887,-2
24095.jpg,1889,1885,-4
24105.jpg,1889,10,-1879
24110.jpg,1889,1900,11
24115.jpg,1889,1900,11
24120.jpg,1889,1870,-19
24125.jpg,1889,1860,-29
24130.jpg,1889,1896,7
24135.jpg,1889,1885,-4
24140.jpg,1889,1920,31
24145.jpg,1889,1950,61
24150.jpg,1889,1975,86
24155.jpg,1889,1925,36
24160.jpg,1889,1923,34
24165.jpg,1889,1870,-19
24170.jpg,1889,1892,3
24175.jpg,1889,1923,34
24180.jpg,1889,1900,11
24185.jpg,1889,1904,15
24190.jpg,1889,1870,-19
24195.jpg,1889,1880,-9
24200.jpg,1889,1900,11
24205.jpg,1889,1890,1
24210.jpg,1889,1925,36
24215.jpg,1889,1900,11
24220.jpg,1889,1892,3
24225.jpg,1889,1950,61
24230.jpg,1889,1900,11
24235.jpg,1889,1880,-9
24240.jpg,1889,1901,12
24245.jpg,1889,1900,11
24250.jpg,1889,1885,-4
24255.jpg,1889,1850,-39
24260.jpg,1889,1900,11
24265.jpg,1889,1900,11
24270.jpg,1889,1860,-29
24275.jpg,1889,1890,1
24280.jpg,1889,1904,15
24285.jpg,1889,1900,11
24290.jpg,1889,1900,11
24295.jpg,1889,1865,-24
24300.jpg,1889,1900,11
24310.jpg,1889,1885,-4
24315.jpg,1889,1870,-19
24320.jpg,1889,1400,-489
24330.jpg,1889,1800,-89
24335.jpg,1889,1955,66
24340.jpg,1889,1990,101
24345.jpg,1889,1935,46
24350.jpg,1889,1910,21
24355.jpg,1889,1915,26
24360.jpg,1889,1999,110
24365.jpg,1889,1941,52
24370.jpg,1889,1860,-29
24375.jpg,1889,1883,-6
24380.jpg,1889,1950,61
24385.jpg,1889,1910,21
24390.jpg,1889,1900,11
24395.jpg,1890,1885,-5
24400.jpg,1890,1880,-10
24405.jpg,1890,1950,60
24410.jpg,1890,1880,-10
24415.jpg,1890,1920,30
24420.jpg,1890,1890,0
24425.jpg,1890,1920,30
24430.jpg,1890,1910,20
24435.jpg,1890,1900,10
24440.jpg,1890,1900,10
24445.jpg,1890,1950,60
24450.jpg,1890,1890,0
24455.jpg,1890,1860,-30
24460.jpg,1890,1895,5
24465.jpg,1890,1900,10
24470.jpg,1890,1913,23
24475.jpg,1890,1900,10
24480.jpg,1890,1915,25
24485.jpg,1890,2020,130
24490.jpg,1890,1890,0
24495.jpg,1890,1755,-135
24500.jpg,1890,1890,0
24505.jpg,1890,1864,-26
24510.jpg,1890,1958,68
24515.jpg,1890,1945,55
24520.jpg,1890,1890,0
24525.jpg,1890,1950,60
24535.jpg,1890,1865,-25
24540.jpg,1890,1925,35
24545.jpg,1890,1965,75
24550.jpg,1890,1906,16
24555.jpg,1890,1900,10
24560.jpg,1890,1901,11
24565.jpg,1890,1910,20
24570.jpg,1890,1850,-40
24575.jpg,1890,1870,-20
24580.jpg,1890,1925,35
24585.jpg,1890,1928,38
24590.jpg,1890,1895,5
24595.jpg,1890,1950,60
24600.jpg,1890,1910,20
24605.jpg,1890,1870,-20
24610.jpg,1890,1890,0
24615.jpg,1890,1845,-45
24620.jpg,1890,1980,90
24625.jpg,1890,1890,0
24630.jpg,1890,1845,-45
24635.jpg,1890,1880,-10
24640.jpg,1890,1870,-20
24645.jpg,1890,1890,0
24650.jpg,1890,1900,10
24655.jpg,1890,1900,10
24660.jpg,1890,1930,40
24665.jpg,1890,1910,20
24670.jpg,1890,1930,40
24675.jpg,1890,1885,-5
24680.jpg,1890,1925,35
24685.jpg,1890,1900,10
24690.jpg,1890,1885,-5
24695.jpg,1890,1930,40
24700.jpg,1890,1840,-50
24705.jpg,1890,1905,15
24710.jpg,1890,1900,10
24715.jpg,1890,1945,55
24720.jpg,1890,1880,-10
24725.jpg,1890,1875,-15
24730.jpg,1890,1885,-5
24735.jpg,1890,1900,10
24740.jpg,1890,1927,37
24745.jpg,1890,1910,20
24750.jpg,1890,1900,10
24755.jpg,1890,1885,-5
24760.jpg,1890,2000,110
24765.jpg,1890,1860,-30
24770.jpg,1890,1850,-40
24775.jpg,1891,1750,-141
24780.jpg,1891,1950,59
24785.jpg,1891,1888,-3
24790.jpg,1891,1890,-1
24795.jpg,1891,1895,4
24800.jpg,1891,1920,29
24805.jpg,1891,1890,-1
24810.jpg,1891,2000,109
24815.jpg,1891,1950,59
24820.jpg,1891,19,-1872
24825.jpg,1891,1890,-1
24830.jpg,1891,1880,-11
24835.jpg,1891,1930,39
24840.jpg,1891,1885,-6
24845.jpg,1891,1880,-11
24850.jpg,1891,1980,89
24855.jpg,1891,1990,99
24860.jpg,1891,1930,39
24865.jpg,1891,1850,-41
24870.jpg,1891,-1,-1892
24875.jpg,1891,1885,-6
24880.jpg,1891,1950,59
24885.jpg,1891,1880,-11
24890.jpg,1891,1880,-11
24895.jpg,1891,20,-1871
24900.jpg,1891,1910,19
24905.jpg,1891,1900,9
24910.jpg,1891,1890,-1
24915.jpg,1891,1919,28
24920.jpg,1891,1960,69
24925.jpg,1891,1898,7
24930.jpg,1891,1885,-6
24935.jpg,1891,1910,19
24940.jpg,1891,1900,9
24945.jpg,1891,1300,-591
24950.jpg,1891,1870,-21
24955.jpg,1891,1880,-11
24960.jpg,1891,1900,9
24965.jpg,1891,1975,84
24970.jpg,1891,1920,29
24975.jpg,1891,1850,-41
24980.jpg,1891,1900,9
24985.jpg,1891,1955,64
24990.jpg,1891,1925,34
24995.jpg,1891,1960,69
25000.jpg,1891,1895,4
25005.jpg,1891,1920,29
25010.jpg,1891,1900,9
25015.jpg,1891,1935,44
25020.jpg,1891,1910,19
25025.jpg,1891,1890,-1
25030.jpg,1891,1850,-41
25035.jpg,1891,12,-1879
25040.jpg,1891,1900,9
25045.jpg,1891,1880,-11
25050.jpg,1891,1880,-11
25055.jpg,1891,1880,-11
25060.jpg,1891,1885,-6
25065.jpg,1891,1940,49
25070.jpg,1891,1900,9
25075.jpg,1891,1890,-1
25080.jpg,1891,1900,9
25085.jpg,1891,1870,-21
25090.jpg,1891,1879,-12
25095.jpg,1892,1920,28
25100.jpg,1892,2015,123
25105.jpg,1892,2015,123
25115.jpg,1892,2000,108
25120.jpg,1892,1945,53
25125.jpg,1892,1900,8
25130.jpg,1892,1850,-42
25135.jpg,1892,1990,98
25140.jpg,1892,1850,-42
25145.jpg,1892,1884,-8
25150.jpg,1892,1920,28
25155.jpg,1892,1923,31
25160.jpg,1892,1980,88
25165.jpg,1892,1923,31
25170.jpg,1892,1900,8
25175.jpg,1892,1934,42
25180.jpg,1892,1950,58
25185.jpg,1892,1970,78
25190.jpg,1892,1850,-42
25195.jpg,1892,1875,-17
25205.jpg,1892,1870,-22
25210.jpg,1892,1852,-40
25215.jpg,1892,1850,-42
25220.jpg,1892,1901,9
25225.jpg,1892,1812,-80
25230.jpg,1892,1910,18
25235.jpg,1892,1900,8
25240.jpg,1892,1900,8
25245.jpg,1892,1850,-42
25250.jpg,1892,1930,38
25255.jpg,1892,1925,33
25260.jpg,1892,1892,0
25265.jpg,1892,1900,8
25270.jpg,1892,1925,33
25275.jpg,1892,1900,8
25280.jpg,1892,1910,18
25285.jpg,1892,1890,-2
25290.jpg,1892,1900,8
25295.jpg,1892,1856,-36
25300.jpg,1892,1910,18
25305.jpg,1892,1930,38
25310.jpg,1892,1880,-12
25315.jpg,1892,1900,8
25320.jpg,1892,1900,8
25325.jpg,1892,1756,-136
25330.jpg,1892,1956,64
25335.jpg,1892,1890,-2
25340.jpg,1892,1800,-92
25345.jpg,1892,1950,58
25350.jpg,1892,1889,-3
25355.jpg,1892,1900,8
25360.jpg,1892,1899,7
25365.jpg,1892,1900,8
25370.jpg,1892,1910,18
25375.jpg,1892,1890,-2
25380.jpg,1892,1890,-2
25385.jpg,1892,1938,46
25390.jpg,1892,1875,-17
25395.jpg,1892,1900,8
25400.jpg,1892,1960,68
25405.jpg,1892,1890,-2
25410.jpg,1892,1965,73
25415.jpg,1892,1860,-32
25420.jpg,1892,1900,8
25425.jpg,1892,1885,-7
25430.jpg,1892,1900,8
25435.jpg,1892,1875,-17
25440.jpg,1892,1950,58
25445.jpg,1892,1917,25
25450.jpg,1892,1830,-62
25455.jpg,1892,1880,-12
25460.jpg,1892,1930,38
25465.jpg,1893,1931,38
25470.jpg,1893,1900,7
25475.jpg,1893,1900,7
25480.jpg,1893,1900,7
25490.jpg,1893,1912,19
25495.jpg,1893,1860,-33
25500.jpg,1893,1950,57
25505.jpg,1893,1969,76
25510.jpg,1893,1922,29
25515.jpg,1893,1928,35
25520.jpg,1893,1890,-3
25525.jpg,1893,1900,7
25530.jpg,1893,1950,57
25535.jpg,1893,1935,42
25540.jpg,1893,1906,13
25545.jpg,1893,1899,6
25555.jpg,1893,1849,-44
25560.jpg,1893,1960,67
25565.jpg,1893,1900,7
25570.jpg,1893,1850,-43
25575.jpg,1893,1890,-3
25580.jpg,1893,1950,57
25585.jpg,1893,1900,7
25590.jpg,1893,1890,-3
25595.jpg,1893,1900,7
25600.jpg,1893,1890,-3
25605.jpg,1893,1900,7
25610.jpg,1893,1901,8
25615.jpg,1893,1910,17
25620.jpg,1893,1890,-3
25625.jpg,1893,1890,-3
25630.jpg,1893,1900,7
25635.jpg,1893,1915,22
25640.jpg,1893,1920,27
25645.jpg,1893,1930,37
25650.jpg,1893,1930,37
25655.jpg,1893,1870,-23
25660.jpg,1893,1900,7
25665.jpg,1893,1935,42
25670.jpg,1893,1880,-13
25675.jpg,1893,1880,-13
25680.jpg,1893,-1,-1894
25685.jpg,1893,1800,-93
25690.jpg,1893,1920,27
25695.jpg,1893,1893,0
25700.jpg,1893,1900,7
25705.jpg,1893,1900,7
25710.jpg,1893,1875,-18
25715.jpg,1893,1950,57
25720.jpg,1893,1870,-23
25725.jpg,1893,1955,62
25730.jpg,1893,2010,117
25740.jpg,1893,1900,7
25745.jpg,1893,1900,7
25750.jpg,1893,1905,12
25755.jpg,1893,1870,-23
25760.jpg,1893,1910,17
25765.jpg,1893,1925,32
25770.jpg,1893,1822,-71
25775.jpg,1893,1935,42
25780.jpg,1893,1900,7
25785.jpg,1893,1925,32
25795.jpg,1893,1900,7
25800.jpg,1893,1935,42
25805.jpg,1894,1800,-94
25810.jpg,1894,1720,-174
25815.jpg,1894,1950,56
25820.jpg,1894,1951,57
25825.jpg,1894,1920,26
25830.jpg,1894,1880,-14
25835.jpg,1894,1860,-34
25840.jpg,1894,1891,-3
25845.jpg,1894,1880,-14
25850.jpg,1894,1880,-14
25855.jpg,1894,1903,9
25860.jpg,1894,1914,20
25865.jpg,1894,1860,-34
25870.jpg,1894,1985,91
25875.jpg,1894,1915,21
25880.jpg,1894,1900,6
25885.jpg,1894,1780,-114
25890.jpg,1894,1900,6
25895.jpg,1894,1915,21
25900.jpg,1894,1880,-14
25905.jpg,1894,1900,6
25910.jpg,1894,1930,36
25915.jpg,1894,1930,36
25920.jpg,1894,1924,30
25925.jpg,1894,1890,-4
25930.jpg,1894,1900,6
25935.jpg,1894,1890,-4
25940.jpg,1894,1870,-24
25945.jpg,1894,1900,6
25950.jpg,1894,1915,21
25955.jpg,1894,1912,18
25960.jpg,1894,1890,-4
25965.jpg,1894,1880,-14
25970.jpg,1894,20,-1874
25975.jpg,1894,1890,-4
25980.jpg,1894,1900,6
25985.jpg,1894,1940,46
25990.jpg,1894,1980,86
25995.jpg,1894,1880,-14
26000.jpg,1894,1920,26
26005.jpg,1894,1900,6
26010.jpg,1894,1900,6
26015.jpg,1894,1900,6
26020.jpg,1894,1980,86
26025.jpg,1894,1900,6
26030.jpg,1894,1880,-14
26035.jpg,1894,1925,31
26040.jpg,1894,1925,31
26045.jpg,1894,1900,6
26050.jpg,1894,1900,6
26055.jpg,1894,1790,-104
26060.jpg,1894,1754,-140
26065.jpg,1894,1861,-33
26070.jpg,1894,1877,-17
26075.jpg,1894,1900,6
26085.jpg,1894,1930,36
26090.jpg,1894,1920,26
26095.jpg,1894,1615,-279
26100.jpg,1894,1900,6
26105.jpg,1894,1884,-10
26110.jpg,1894,1880,-14
26115.jpg,1894,1760,-134
26120.jpg,1894,1940,46
26125.jpg,1895,1920,25
26130.jpg,1895,2020,125
26135.jpg,1895,1900,5
26140.jpg,1895,1890,-5
26145.jpg,1895,1950,55
26150.jpg,1895,1940,45
26155.jpg,1895,1915,20
26160.jpg,1895,1880,-15
26165.jpg,1895,1784,-111
26170.jpg,1895,1890,-5
26175.jpg,1895,1925,30
26180.jpg,1895,2010,115
26185.jpg,1895,1880,-15
26190.jpg,1895,1850,-45
26195.jpg,1895,1905,10
26200.jpg,1895,1940,45
26205.jpg,1895,1900,5
26210.jpg,1895,1960,65
26215.jpg,1895,1951,56
26220.jpg,1895,1910,15
26225.jpg,1895,1920,25
26230.jpg,1895,1920,25
26235.jpg,1895,1960,65
26240.jpg,1895,1970,75
26245.jpg,1895,1700,-195
26250.jpg,1895,1890,-5
26255.jpg,1895,1918,23
26260.jpg,1895,1901,6
26265.jpg,1895,1925,30
26270.jpg,1895,1834,-61
26275.jpg,1895,-1,-1896
26280.jpg,1895,1900,5
26285.jpg,1895,1900,5
26290.jpg,1895,1895,0
26295.jpg,1895,1915,20
26300.jpg,1895,1892,-3
26305.jpg,1895,1885,-10
26310.jpg,1895,1905,10
26315.jpg,1895,1895,0
26320.jpg,1895,1885,-10
26325.jpg,1895,1900,5
26330.jpg,1895,1700,-195
26335.jpg,1895,1900,5
26340.jpg,1895,1900,5
26345.jpg,1895,1740,-155
26350.jpg,1895,1890,-5
26355.jpg,1895,1870,-25
26360.jpg,1895,1930,35
26365.jpg,1895,1900,5
26370.jpg,1895,1910,15
26375.jpg,1895,1900,5
26380.jpg,1895,1900,5
26385.jpg,1895,1850,-45
26390.jpg,1895,1940,45
26395.jpg,1895,1860,-35
26405.jpg,1895,1900,5
26410.jpg,1895,1890,-5
26415.jpg,1895,1890,-5
26420.jpg,1895,1860,-35
26425.jpg,1895,1930,35
26430.jpg,1895,1851,-44
26435.jpg,1895,1900,5
26440.jpg,1895,1900,5
26445.jpg,1895,1920,25
26450.jpg,1895,1900,5
26455.jpg,1895,1925,30
26460.jpg,1895,1785,-110
26465.jpg,1895,1878,-17
26470.jpg,1895,1890,-5
26475.jpg,1895,1900,5
26480.jpg,1895,1850,-45
26485.jpg,1895,1901,6
26490.jpg,1896,1780,-116
26495.jpg,1896,1890,-6
26500.jpg,1896,1933,37
26505.jpg,1896,1915,19
26510.jpg,1896,1950,54
26515.jpg,1896,1850,-46
26520.jpg,1896,1900,4
26525.jpg,1896,1870,-26
26530.jpg,1896,1970,74
26535.jpg,1896,1880,-16
26540.jpg,1896,1945,49
26545.jpg,1896,1850,-46
26550.jpg,1896,1965,69
26555.jpg,1896,1950,54
26560.jpg,1896,1850,-46
26565.jpg,1896,1900,4
26570.jpg,1896,1930,34
26575.jpg,1896,1890,-6
26580.jpg,1896,1911,15
26585.jpg,1896,1900,4
26590.jpg,1896,1900,4
26595.jpg,1896,1930,34
26600.jpg,1896,1925,29
26605.jpg,1896,1900,4
26610.jpg,1896,1923,27
26620.jpg,1896,1880,-16
26625.jpg,1896,1950,54
26630.jpg,1896,1900,4
26635.jpg,1896,1880,-16
26640.jpg,1896,1900,4
26645.jpg,1896,1910,14
26650.jpg,1896,1890,-6
26655.jpg,1896,1950,54
26665.jpg,1896,1900,4
26670.jpg,1896,1900,4
26675.jpg,1896,1840,-56
26680.jpg,1896,1905,9
26685.jpg,1896,1920,24
26690.jpg,1896,1965,69
26695.jpg,1896,1890,-6
26700.jpg,1896,1890,-6
26705.jpg,1896,1860,-36
26710.jpg,1896,1920,24
26715.jpg,1896,1896,0
26720.jpg,1896,1900,4
26725.jpg,1896,1890,-6
26730.jpg,1896,190,-1706
26735.jpg,1896,1910,14
26740.jpg,1896,1795,-101
26745.jpg,1896,1910,14
26750.jpg,1896,1890,-6
26760.jpg,1896,1789,-107
26765.jpg,1896,1950,54
26770.jpg,1896,1910,14
26775.jpg,1896,1920,24
26780.jpg,1896,1890,-6
26785.jpg,1896,1930,34
26790.jpg,1896,1745,-151
26795.jpg,1896,1908,12
26800.jpg,1896,1923,27
26805.jpg,1896,1854,-42
26810.jpg,1896,1775,-121
26815.jpg,1896,1880,-16
26820.jpg,1896,1950,54
26825.jpg,1896,1850,-46
26830.jpg,1896,1890,-6
26835.jpg,1896,1880,-16
26840.jpg,1896,1900,4
26845.jpg,1897,20,-1877
26850.jpg,1897,1840,-57
26855.jpg,1897,1900,3
26860.jpg,1897,1985,88
26865.jpg,1897,1930,33
26870.jpg,1897,1853,-44
26875.jpg,1897,1857,-40
26880.jpg,1897,1850,-47
26885.jpg,1897,1898,1
26890.jpg,1897,1453,-444
26895.jpg,1897,1975,78
26900.jpg,1897,1900,3
26910.jpg,1897,1850,-47
26915.jpg,1897,1910,13
26920.jpg,1897,1933,36
26925.jpg,1897,2000,103
26930.jpg,1897,1965,68
26935.jpg,1897,1780,-117
26940.jpg,1897,1900,3
26945.jpg,1897,1910,13
26950.jpg,1897,1892,-5
26955.jpg,1897,1900,3
26960.jpg,1897,1900,3
26965.jpg,1897,1880,-17
26970.jpg,1897,1900,3
26975.jpg,1897,1930,33
26980.jpg,1897,1865,-32
26985.jpg,1897,1925,28
26990.jpg,1897,1950,53
26995.jpg,1897,1900,3
27000.jpg,1897,1940,43
27005.jpg,1897,1895,-2
27010.jpg,1897,1900,3
27015.jpg,1897,1930,33
27020.jpg,1897,1910,13
27025.jpg,1897,1900,3
27030.jpg,1897,1893,-4
27035.jpg,1897,1850,-47
27040.jpg,1897,1875,-22
27045.jpg,1897,1900,3
27050.jpg,1897,2010,113
27055.jpg,1897,1920,23
27060.jpg,1897,1900,3
27065.jpg,1897,1899,2
27070.jpg,1897,1975,78
27075.jpg,1897,1914,17
27080.jpg,1897,1855,-42
27085.jpg,1897,1900,3
27090.jpg,1897,1943,46
27095.jpg,1897,1895,-2
27100.jpg,1897,1890,-7
27105.jpg,1897,1905,8
27110.jpg,1897,1550,-347
27115.jpg,1897,1900,3
27120.jpg,1897,1800,-97
27125.jpg,1897,1898,1
27130.jpg,1897,2010,113
27135.jpg,1897,1950,53
27140.jpg,1897,1950,53
27145.jpg,1897,1850,-47
27150.jpg,1897,1830,-67
27155.jpg,1898,1930,32
27160.jpg,1898,1900,2
27165.jpg,1898,2000,102
27170.jpg,1898,1850,-48
27175.jpg,1898,1890,-8
27180.jpg,1898,1880,-18
27185.jpg,1898,1950,52
27190.jpg,1898,1880,-18
27195.jpg,1898,1923,25
27200.jpg,1898,1980,82
27205.jpg,1898,1890,-8
27210.jpg,1898,1860,-38
27215.jpg,1898,1970,72
27220.jpg,1898,1920,22
27225.jpg,1898,1870,-28
27230.jpg,1898,1900,2
27235.jpg,1898,1920,22
27240.jpg,1898,1900,2
27245.jpg,1898,1910,12
27255.jpg,1898,1950,52
27260.jpg,1898,1900,2
27265.jpg,1898,1921,23
27270.jpg,1898,1910,12
27275.jpg,1898,1915,17
27280.jpg,1898,1750,-148
27285.jpg,1898,1900,2
27290.jpg,1898,1765,-133
27295.jpg,1898,1900,2
27300.jpg,1898,1890,-8
27305.jpg,1898,1945,47
27310.jpg,1898,1912,14
27315.jpg,1898,1830,-68
27320.jpg,1898,1907,9
27325.jpg,1898,1890,-8
27330.jpg,1898,1900,2
27335.jpg,1898,1900,2
27340.jpg,1898,1885,-13
27345.jpg,1898,1855,-43
27350.jpg,1898,1780,-118
27355.jpg,1898,1910,12
27360.jpg,1898,1950,52
27365.jpg,1898,1885,-13
27370.jpg,1898,1900,2
27380.jpg,1898,1890,-8
27385.jpg,1898,1930,32
27390.jpg,1898,1900,2
27395.jpg,1898,1905,7
27400.jpg,1898,1900,2
27405.jpg,1898,1890,-8
27410.jpg,1898,1880,-18
27415.jpg,1898,1762,-136
27420.jpg,1898,1950,52
27425.jpg,1898,1850,-48
27430.jpg,1898,1870,-28
27435.jpg,1898,1855,-43
27440.jpg,1898,1880,-18
27445.jpg,1898,1880,-18
27450.jpg,1898,1895,-3
27455.jpg,1898,1975,77
27465.jpg,1898,1926,28
27470.jpg,1898,1925,27
27475.jpg,1898,1900,2
27480.jpg,1898,1920,22
27485.jpg,1898,1870,-28
27490.jpg,1898,1850,-48
27495.jpg,1898,1870,-28
27500.jpg,1898,1890,-8
27505.jpg,1898,1921,23
27510.jpg,1898,1930,32
27515.jpg,1898,1900,2
27520.jpg,1898,1850,-48
27525.jpg,1898,1500,-398
27530.jpg,1898,1900,2
27540.jpg,1899,1880,-19
27545.jpg,1899,1970,71
27550.jpg,1899,1900,1
27555.jpg,1899,1900,1
27560.jpg,1899,1840,-59
27565.jpg,1899,1880,-19
27570.jpg,1899,1500,-399
27575.jpg,1899,1900,1
27580.jpg,1899,1910,11
27585.jpg,1899,758,-1141
27590.jpg,1899,1880,-19
27595.jpg,1899,1877,-22
27600.jpg,1899,1800,-99
27605.jpg,1899,1870,-29
27610.jpg,1899,1890,-9
27615.jpg,1899,1900,1
27620.jpg,1899,1700,-199
27625.jpg,1899,1953,54
27630.jpg,1899,1890,-9
27635.jpg,1899,1900,1
27640.jpg,1899,1973,74
27645.jpg,1899,1870,-29
27650.jpg,1899,1900,1
27655.jpg,1899,1950,51
27660.jpg,1899,1905,6
27665.jpg,1899,1900,1
27670.jpg,1899,1900,1
27675.jpg,1899,1950,51
27680.jpg,1899,1200,-699
27685.jpg,1899,1900,1
27690.jpg,1899,1920,21
27695.jpg,1899,1885,-14
27700.jpg,1899,1885,-14
27705.jpg,1899,1925,26
27715.jpg,1899,1915,16
27720.jpg,1899,1950,51
27725.jpg,1899,1910,11
27730.jpg,1899,1950,51
27735.jpg,1899,1900,1
27740.jpg,1899,1909,10
27745.jpg,1899,1400,-499
27750.jpg,1899,1900,1
27755.jpg,1899,20,-1879
27760.jpg,1899,1890,-9
27765.jpg,1899,1950,51
27770.jpg,1899,1875,-24
27775.jpg,1899,1950,51
27780.jpg,1899,1985,86
27785.jpg,1899,1890,-9
27790.jpg,1899,1900,1
27795.jpg,1899,1850,-49
27800.jpg,1899,1890,-9
27805.jpg,1899,1905,6
27810.jpg,1900,1925,25
27815.jpg,1900,1890,-10
27820.jpg,1900,1920,20
27825.jpg,1900,1880,-20
27830.jpg,1900,1860,-40
27835.jpg,1900,1980,80
27840.jpg,1900,1938,38
27845.jpg,1900,1900,0
27850.jpg,1900,1920,20
27855.jpg,1900,1870,-30
27860.jpg,1900,1900,0
27865.jpg,1900,1846,-54
27870.jpg,1900,1900,0
27875.jpg,1900,1890,-10
27880.jpg,1900,1910,10
27885.jpg,1900,1890,-10
27895.jpg,1900,1890,-10
27900.jpg,1900,1880,-20
27905.jpg,1900,1850,-50
27910.jpg,1900,1900,0
27915.jpg,1900,1890,-10
27920.jpg,1900,1931,31
27925.jpg,1900,2000,100
27930.jpg,1900,1950,50
27935.jpg,1900,1960,60
27940.jpg,1900,1880,-20
27945.jpg,1900,1880,-20
27950.jpg,1900,1850,-50
27955.jpg,1900,1850,-50
27960.jpg,1900,1900,0
27965.jpg,1900,1950,50
27970.jpg,1900,1898,-2
27975.jpg,1900,1905,5
27980.jpg,1900,1900,0
27985.jpg,1900,1922,22
27990.jpg,1900,1900,0
27995.jpg,1900,1920,20
28000.jpg,1900,1890,-10
28005.jpg,1900,1930,30
28010.jpg,1900,1900,0
28015.jpg,1900,1830,-70
28020.jpg,1900,1940,40
28025.jpg,1900,1890,-10
28030.jpg,1900,1890,-10
28035.jpg,1900,1700,-200
28040.jpg,1900,1893,-7
28045.jpg,1900,1910,10
28050.jpg,1900,1800,-100
28055.jpg,1900,1900,0
28060.jpg,1900,1890,-10
28065.jpg,1900,1840,-60
28070.jpg,1900,1890,-10
28075.jpg,1900,1900,0
28080.jpg,1900,1900,0
28085.jpg,1900,1870,-30
28090.jpg,1900,1946,46
28095.jpg,1900,1830,-70
28100.jpg,1900,1930,30
28105.jpg,1900,1895,-5
28110.jpg,1900,1950,50
28115.jpg,1900,1853,-47
28120.jpg,1900,1880,-20
28125.jpg,1900,1880,-20
28130.jpg,1900,1850,-50
28135.jpg,1900,1896,-4
28140.jpg,1900,1934,34
28145.jpg,1900,1750,-150
28150.jpg,1900,1955,55
28155.jpg,1900,1900,0
28160.jpg,1900,1950,50
28165.jpg,1900,1950,50
28170.jpg,1900,1865,-35
28175.jpg,1900,1855,-45
28180.jpg,1901,1870,-31
28185.jpg,1901,1890,-11
28190.jpg,1901,1900,-1
28195.jpg,1901,1900,-1
28200.jpg,1901,1945,44
28205.jpg,1901,1600,-301
28210.jpg,1901,1850,-51
28215.jpg,1901,1910,9
28220.jpg,1901,1900,-1
28225.jpg,1901,1900,-1
28230.jpg,1901,1750,-151
28235.jpg,1901,1890,-11
28240.jpg,1901,1910,9
28245.jpg,1901,1900,-1
28250.jpg,1901,1900,-1
28255.jpg,1901,1889,-12
28260.jpg,1901,1860,-41
28265.jpg,1901,1890,-11
28270.jpg,1901,1900,-1
28275.jpg,1901,1900,-1
28280.jpg,1901,1900,-1
28285.jpg,1901,1900,-1
28290.jpg,1901,1850,-51
28295.jpg,1901,1950,49
28300.jpg,1901,1850,-51
28305.jpg,1901,1960,59
28310.jpg,1901,1975,74
28315.jpg,1901,1905,4
28320.jpg,1901,1900,-1
28325.jpg,1901,1919,18
28330.jpg,1901,1930,29
28335.jpg,1901,1916,15
28340.jpg,1901,1900,-1
28345.jpg,1901,1880,-21
28350.jpg,1901,1962,61
28355.jpg,1901,1920,19
28360.jpg,1901,1950,49
28365.jpg,1901,1880,-21
28370.jpg,1901,1900,-1
28375.jpg,1901,1925,24
28380.jpg,1901,1900,-1
28385.jpg,1901,1900,-1
28390.jpg,1901,1910,9
28395.jpg,1901,1910,9
28400.jpg,1901,1860,-41
28405.jpg,1901,1955,54
28410.jpg,1901,1915,14
28415.jpg,1901,1920,19
28420.jpg,1901,1860,-41
28425.jpg,1901,1912,11
28430.jpg,1901,1915,14
28435.jpg,1901,1880,-21
28440.jpg,1901,1875,-26
28445.jpg,1901,1950,49
28450.jpg,1901,1700,-201
28455.jpg,1901,1910,9
28460.jpg,1901,1975,74
28465.jpg,1901,1890,-11
28470.jpg,1901,1900,-1
28475.jpg,1901,1880,-21
28480.jpg,1901,1930,29
28485.jpg,1901,1935,34
28490.jpg,1901,1950,49
28495.jpg,1901,1930,29
28500.jpg,1901,1925,24
28505.jpg,1901,1956,55
28510.jpg,1901,1925,24
28515.jpg,1901,1860,-41
28520.jpg,1902,1622,-280
28525.jpg,1902,1925,23
28530.jpg,1902,1890,-12
28535.jpg,1902,1880,-22
28540.jpg,1902,1950,48
28545.jpg,1902,1960,58
28550.jpg,1902,1960,58
28555.jpg,1902,1899,-3
28560.jpg,1902,1950,48
28575.jpg,1902,1920,18
28580.jpg,1902,1950,48
28585.jpg,1902,1955,53
28590.jpg,1902,1880,-22
28595.jpg,1902,1865,-37
28600.jpg,1902,1880,-22
28605.jpg,1902,1900,-2
28610.jpg,1902,1850,-52
28615.jpg,1902,1910,8
28620.jpg,1902,1900,-2
28625.jpg,1902,1920,18
28630.jpg,1902,1910,8
28635.jpg,1902,1910,8
28640.jpg,1902,1950,48
28645.jpg,1902,1912,10
28650.jpg,1902,2001,99
28655.jpg,1902,1900,-2
28660.jpg,1902,1800,-102
28665.jpg,1902,1900,-2
28670.jpg,1902,1890,-12
28675.jpg,1902,1920,18
28680.jpg,1902,1600,-302
28685.jpg,1902,1930,28
28690.jpg,1902,1830,-72
28695.jpg,1902,1950,48
28700.jpg,1902,1904,2
28705.jpg,1902,1949,47
28710.jpg,1902,1870,-32
28715.jpg,1902,1890,-12
28720.jpg,1902,1870,-32
28725.jpg,1902,1920,18
28730.jpg,1902,1920,18
28735.jpg,1902,1920,18
28740.jpg,1902,1910,8
28745.jpg,1902,1930,28
28750.jpg,1902,1900,-2
28755.jpg,1902,1930,28
28760.jpg,1902,1955,53
28765.jpg,1902,1900,-2
28770.jpg,1902,1877,-25
28775.jpg,1902,1915,13
28780.jpg,1902,1915,13
28785.jpg,1902,1930,28
28790.jpg,1902,1905,3
28795.jpg,1902,1910,8
28800.jpg,1902,1890,-12
28805.jpg,1902,1940,38
28810.jpg,1902,1860,-42
28815.jpg,1902,1950,48
28820.jpg,1902,2023,121
28825.jpg,1902,1900,-2
28830.jpg,1902,1800,-102
28835.jpg,1902,1890,-12
28840.jpg,1902,1900,-2
28845.jpg,1902,1987,85
28850.jpg,1902,1900,-2
28855.jpg,1902,1870,-32
28860.jpg,1902,1870,-32
28865.jpg,1902,1830,-72
28870.jpg,1902,1900,-2
28875.jpg,1902,1988,86
28880.jpg,1902,1920,18
28885.jpg,1902,1750,-152
28890.jpg,1902,1900,-2
28895.jpg,1902,1891,-11
28900.jpg,1902,1910,8
28905.jpg,1902,1919,17
28910.jpg,1902,1885,-17
28915.jpg,1902,1900,-2
28920.jpg,1903,1900,-3
28925.jpg,1903,1920,17
28930.jpg,1903,1890,-13
28935.jpg,1903,1860,-43
28940.jpg,1903,1907,4
28945.jpg,1903,1920,17
28955.jpg,1903,1950,47
28960.jpg,1903,1880,-23
28965.jpg,1903,1850,-53
28970.jpg,1903,1890,-13
28975.jpg,1903,1850,-53
28980.jpg,1903,1910,7
28985.jpg,1903,1900,-3
28990.jpg,1903,1900,-3
28995.jpg,1903,1996,93
29000.jpg,1903,1930,27
29005.jpg,1903,1850,-53
29010.jpg,1903,20,-1883
29015.jpg,1903,1907,4
29020.jpg,1903,1964,61
29025.jpg,1903,1900,-3
29030.jpg,1903,1900,-3
29035.jpg,1903,1920,17
29040.jpg,1903,1917,14
29045.jpg,1903,1885,-18
29050.jpg,1903,2015,112
29055.jpg,1903,1900,-3
29060.jpg,1903,1900,-3
29065.jpg,1903,1865,-38
29070.jpg,1903,1900,-3
29075.jpg,1903,1929,26
29080.jpg,1903,1960,57
29085.jpg,1903,1880,-23
29090.jpg,1903,1850,-53
29095.jpg,1903,1895,-8
29100.jpg,1903,1973,70
29105.jpg,1903,1927,24
29110.jpg,1903,1940,37
29115.jpg,1903,1904,1
29120.jpg,1903,1920,17
29125.jpg,1903,1920,17
29130.jpg,1903,1900,-3
29135.jpg,1903,1830,-73
29140.jpg,1903,1945,42
29145.jpg,1903,1892,-11
29150.jpg,1903,1870,-33
29155.jpg,1903,1924,21
29160.jpg,1903,1870,-33
29165.jpg,1903,1900,-3
29170.jpg,1903,1910,7
29175.jpg,1903,1900,-3
29180.jpg,1903,1890,-13
29185.jpg,1903,1950,47
29190.jpg,1903,1910,7
29195.jpg,1903,1904,1
29200.jpg,1903,1925,22
29205.jpg,1903,1930,27
29210.jpg,1903,1830,-73
29215.jpg,1903,1945,42
29220.jpg,1903,1950,47
29225.jpg,1903,1890,-13
29230.jpg,1903,1900,-3
29235.jpg,1903,1840,-63
29240.jpg,1903,1945,42
29245.jpg,1903,1950,47
29250.jpg,1903,1410,-493
29255.jpg,1903,1880,-23
29260.jpg,1903,1880,-23
29265.jpg,1903,2000,97
29270.jpg,1903,1860,-43
29275.jpg,1903,1940,37
29280.jpg,1903,1900,-3
29285.jpg,1903,1950,47
29290.jpg,1903,1925,22
29295.jpg,1903,1900,-3
29300.jpg,1903,2000,97
29305.jpg,1903,1850,-53
29310.jpg,1903,1830,-73
29315.jpg,1903,1960,57
29320.jpg,1903,1885,-18
29325.jpg,1903,1860,-43
29330.jpg,1903,1907,4
29335.jpg,1903,1995,92
29340.jpg,1903,1890,-13
29345.jpg,1903,1865,-38
29350.jpg,1903,1894,-9
29355.jpg,1903,1935,32
29360.jpg,1903,1920,17
29365.jpg,1903,1950,47
29370.jpg,1903,1937,34
29375.jpg,1903,1860,-43
29380.jpg,1904,1650,-254
29385.jpg,1904,1900,-4
29390.jpg,1904,1925,21
29395.jpg,1904,2023,119
29400.jpg,1904,1900,-4
29405.jpg,1904,1925,21
29410.jpg,1904,1980,76
29415.jpg,1904,1905,1
29420.jpg,1904,1900,-4
29425.jpg,1904,4,-1900
29430.jpg,1904,1860,-44
29435.jpg,1904,1860,-44
29440.jpg,1904,1900,-4
29445.jpg,1904,1937,33
29450.jpg,1904,1900,-4
29455.jpg,1904,1945,41
29460.jpg,1904,1453,-451
29465.jpg,1904,1985,81
29470.jpg,1904,1985,81
29475.jpg,1904,1860,-44
29480.jpg,1904,2063,159
29485.jpg,1904,1893,-11
29490.jpg,1904,1910,6
29495.jpg,1904,1895,-9
29500.jpg,1904,1995,91
29505.jpg,1904,1875,-29
29510.jpg,1904,1840,-64
29515.jpg,1904,1920,16
29520.jpg,1904,1913,9
29525.jpg,1904,1880,-24
29530.jpg,1904,1980,76
29535.jpg,1904,1877,-27
29540.jpg,1904,1905,1
29550.jpg,1904,1782,-122
29555.jpg,1904,1921,17
29560.jpg,1904,1900,-4
29565.jpg,1904,1940,36
29570.jpg,1904,1945,41
29575.jpg,1904,1935,31
29580.jpg,1904,1898,-6
29585.jpg,1904,1900,-4
29590.jpg,1904,1850,-54
29595.jpg,1904,1850,-54
29600.jpg,1904,1950,46
29605.jpg,1904,1970,66
29610.jpg,1904,1895,-9
29615.jpg,1904,1930,26
29620.jpg,1904,1890,-14
29625.jpg,1904,1890,-14
29630.jpg,1904,1900,-4
29635.jpg,1904,1123,-781
29640.jpg,1904,1860,-44
29645.jpg,1904,1930,26
29650.jpg,1904,1910,6
29655.jpg,1904,1903,-1
29660.jpg,1904,1900,-4
29665.jpg,1904,2020,116
29670.jpg,1904,1950,46
29675.jpg,1904,1945,41
29680.jpg,1904,1900,-4
29685.jpg,1904,1900,-4
29690.jpg,1904,1970,66
29695.jpg,1904,1940,36
29700.jpg,1904,1900,-4
29705.jpg,1904,1925,21
29710.jpg,1904,1870,-34
29715.jpg,1904,1880,-24
29720.jpg,1904,1920,16
29725.jpg,1904,1950,46
29730.jpg,1904,1900,-4
29735.jpg,1904,1500,-404
29740.jpg,1904,1952,48
29745.jpg,1904,1930,26
29750.jpg,1904,1920,16
29755.jpg,1904,1888,-16
29760.jpg,1904,1850,-54
29765.jpg,1904,1984,80
29770.jpg,1904,1870,-34
29775.jpg,1904,1970,66
29780.jpg,1904,1904,0
29790.jpg,1904,1910,6
29795.jpg,1904,1900,-4
29800.jpg,1904,1900,-4
29805.jpg,1904,1600,-304
29810.jpg,1904,1920,16
29815.jpg,1904,1900,-4
29820.jpg,1904,1895,-9
29825.jpg,1904,1892,-12
29830.jpg,1905,1860,-45
29835.jpg,1905,1960,55
29840.jpg,1905,1925,20
29845.jpg,1905,1985,80
29850.jpg,1905,2010,105
29855.jpg,1905,1900,-5
29860.jpg,1905,1956,51
29865.jpg,1905,1850,-55
29870.jpg,1905,1900,-5
29875.jpg,1905,1923,18
29880.jpg,1905,1935,30
29885.jpg,1905,1945,40
29890.jpg,1905,1870,-35
29895.jpg,1905,1895,-10
29900.jpg,1905,1950,45
29905.jpg,1905,1960,55
29910.jpg,1905,1927,22
29915.jpg,1905,1957,52
29920.jpg,1905,1969,64
29925.jpg,1905,1850,-55
29930.jpg,1905,1865,-40
29935.jpg,1905,1890,-15
29940.jpg,1905,1930,25
29945.jpg,1905,1945,40
29950.jpg,1905,1845,-60
29960.jpg,1905,1875,-30
29965.jpg,1905,1850,-55
29970.jpg,1905,1950,45
29975.jpg,1905,1890,-15
29980.jpg,1905,1925,20
29985.jpg,1905,1957,52
29990.jpg,1905,1881,-24
29995.jpg,1905,1900,-5
30000.jpg,1905,1880,-25
30005.jpg,1905,1920,15
30015.jpg,1905,1900,-5
30020.jpg,1905,1925,20
30025.jpg,1905,1880,-25
30030.jpg,1905,1900,-5
30035.jpg,1905,1908,3
30040.jpg,1905,2000,95
30045.jpg,1905,1650,-255
30050.jpg,1905,1890,-15
30055.jpg,1905,1909,4
30060.jpg,1905,1890,-15
30065.jpg,1905,1923,18
30070.jpg,1905,1900,-5
30075.jpg,1905,1900,-5
30080.jpg,1905,1950,45
30085.jpg,1905,1950,45
30090.jpg,1905,1958,53
30095.jpg,1905,1910,5
30100.jpg,1905,1785,-120
30105.jpg,1905,1923,18
30110.jpg,1905,2000,95
30115.jpg,1905,1890,-15
30120.jpg,1905,1900,-5
30125.jpg,1905,1900,-5
30130.jpg,1905,1780,-125
30135.jpg,1905,1900,-5
30140.jpg,1905,1920,15
30145.jpg,1905,1925,20
30155.jpg,1905,1830,-75
30160.jpg,1905,1950,45
30165.jpg,1905,1815,-90
30170.jpg,1905,1922,17
30175.jpg,1905,1880,-25
30180.jpg,1905,1950,45
30185.jpg,1905,1975,70
30190.jpg,1905,1925,20
30195.jpg,1905,1930,25
30200.jpg,1905,1900,-5
30205.jpg,1905,3862,1957
30210.jpg,1905,1714,-191
30215.jpg,1905,1900,-5
30220.jpg,1905,2000,95
30225.jpg,1905,1850,-55
30230.jpg,1905,1930,25
30235.jpg,1905,1950,45
30240.jpg,1905,1908,3
30245.jpg,1905,1910,5
30250.jpg,1905,1940,35
30255.jpg,1905,1910,5
30260.jpg,1905,1880,-25
30265.jpg,1905,1880,-25
30270.jpg,1905,1935,30
30275.jpg,1905,1930,25
30280.jpg,1905,1859,-46
30285.jpg,1905,1850,-55
30290.jpg,1905,1926,21
30295.jpg,1906,1880,-26
30300.jpg,1906,1890,-16
30305.jpg,1906,1926,20
30310.jpg,1906,1905,-1
30315.jpg,1906,1900,-6
30320.jpg,1906,2002,96
30325.jpg,1906,2000,94
30330.jpg,1906,1900,-6
30335.jpg,1906,1980,74
30340.jpg,1906,1900,-6
30345.jpg,1906,1889,-17
30350.jpg,1906,1900,-6
30355.jpg,1906,1500,-406
30360.jpg,1906,1850,-56
30365.jpg,1906,1925,19
30370.jpg,1906,1890,-16
30375.jpg,1906,1926,20
30380.jpg,1906,1883,-23
30385.jpg,1906,1880,-26
30390.jpg,1906,1888,-18
30395.jpg,1906,1890,-16
30400.jpg,1906,1900,-6
30405.jpg,1906,1920,14
30410.jpg,1906,1870,-36
30415.jpg,1906,1945,39
30420.jpg,1906,1945,39
30425.jpg,1906,1900,-6
30430.jpg,1906,1891,-15
30435.jpg,1906,1870,-36
30440.jpg,1906,1950,44
30445.jpg,1906,1890,-16
30450.jpg,1906,1900,-6
30455.jpg,1906,1890,-16
30460.jpg,1906,2001,95
30465.jpg,1906,1900,-6
30470.jpg,1906,1890,-16
30475.jpg,1906,1910,4
30480.jpg,1906,1930,24
30485.jpg,1906,1921,15
30490.jpg,1906,1828,-78
30495.jpg,1906,1900,-6
30500.jpg,1906,1955,49
30505.jpg,1906,1960,54
30510.jpg,1906,1890,-16
30515.jpg,1906,1924,18
30520.jpg,1906,1875,-31
30525.jpg,1906,1925,19
30530.jpg,1906,1924,18
30535.jpg,1906,1855,-51
30540.jpg,1906,-1,-1907
30545.jpg,1906,1950,44
30550.jpg,1906,1913,7
30555.jpg,1906,1928,22
30560.jpg,1906,1850,-56
30565.jpg,1906,1930,24
30570.jpg,1906,1985,79
30575.jpg,1906,1787,-119
30580.jpg,1906,1950,44
30585.jpg,1906,1880,-26
30590.jpg,1906,1890,-16
30595.jpg,1906,1895,-11
30600.jpg,1906,1910,4
30605.jpg,1906,1921,15
30610.jpg,1906,1890,-16
30615.jpg,1906,1965,59
30620.jpg,1906,1876,-30
30625.jpg,1906,1925,19
30630.jpg,1906,1900,-6
30635.jpg,1906,1956,50
30640.jpg,1906,1885,-21
30645.jpg,1906,1881,-25
30650.jpg,1906,1756,-150
30655.jpg,1906,1925,19
30665.jpg,1906,1880,-26
30670.jpg,1906,1890,-16
30685.jpg,1906,1890,-16
30690.jpg,1906,1950,44
30695.jpg,1906,1920,14
30700.jpg,1906,1910,4
30705.jpg,1906,1890,-16
30710.jpg,1906,1970,64
30715.jpg,1906,1970,64
30720.jpg,1906,1924,18
30725.jpg,1906,1900,-6
30730.jpg,1906,1975,69
30740.jpg,1906,1895,-11
30745.jpg,1906,1900,-6
30750.jpg,1906,1900,-6
30760.jpg,1907,1950,43
30765.jpg,1907,1890,-17
30770.jpg,1907,1896,-11
30780.jpg,1907,1989,82
30785.jpg,1907,1919,12
30790.jpg,1907,1970,63
30795.jpg,1907,1870,-37
30800.jpg,1907,1875,-32
30805.jpg,1907,1950,43
30810.jpg,1907,1800,-107
30815.jpg,1907,1900,-7
30820.jpg,1907,1875,-32
30825.jpg,1907,1910,3
30830.jpg,1907,1900,-7
30835.jpg,1907,1940,33
30840.jpg,1907,1900,-7
30845.jpg,1907,1900,-7
30855.jpg,1907,1895,-12
30860.jpg,1907,1880,-27
30865.jpg,1907,1887,-20
30870.jpg,1907,-1,-1908
30875.jpg,1907,1910,3
30880.jpg,1907,1900,-7
30885.jpg,1907,1925,18
30895.jpg,1907,1910,3
30900.jpg,1907,1880,-27
30905.jpg,1907,1950,43
30910.jpg,1907,1965,58
30915.jpg,1907,1960,53
30920.jpg,1907,1960,53
30925.jpg,1907,1856,-51
30930.jpg,1907,1900,-7
30935.jpg,1907,1953,46
30940.jpg,1907,2001,94
30945.jpg,1907,1950,43
30950.jpg,1907,1866,-41
30955.jpg,1907,1900,-7
30960.jpg,1907,1900,-7
30965.jpg,1907,1935,28
30970.jpg,1907,1905,-2
30975.jpg,1907,1900,-7
30980.jpg,1907,1945,38
30985.jpg,1907,1880,-27
30990.jpg,1907,1925,18
30995.jpg,1907,1970,63
31000.jpg,1907,1850,-57
31005.jpg,1907,1897,-10
31010.jpg,1907,1900,-7
31015.jpg,1907,1900,-7
31020.jpg,1907,1925,18
31025.jpg,1907,1785,-122
31030.jpg,1907,1860,-47
31035.jpg,1907,1890,-17
31040.jpg,1907,1935,28
31045.jpg,1907,1950,43
31050.jpg,1907,1893,-14
31055.jpg,1907,1785,-122
31060.jpg,1907,1900,-7
31065.jpg,1907,1900,-7
31070.jpg,1907,1923,16
31075.jpg,1907,1910,3
31080.jpg,1907,1923,16
31085.jpg,1907,1922,15
31090.jpg,1907,1995,88
31095.jpg,1907,1903,-4
31100.jpg,1907,1970,63
31105.jpg,1907,1925,18
31110.jpg,1907,1932,25
31115.jpg,1907,1910,3
31120.jpg,1907,1907,0
31125.jpg,1907,1900,-7
31130.jpg,1907,1855,-52
31135.jpg,1907,1900,-7
31140.jpg,1907,1985,78
31150.jpg,1907,1950,43
31155.jpg,1907,1885,-22
31160.jpg,1907,1930,23
31165.jpg,1907,1994,87
31170.jpg,1907,2000,93
31175.jpg,1907,1930,23
31180.jpg,1907,1900,-7
31185.jpg,1907,1920,13
31190.jpg,1907,1920,13
31195.jpg,1907,1905,-2
31200.jpg,1907,1960,53
31205.jpg,1907,1903,-4
31210.jpg,1907,1900,-7
31215.jpg,1907,1915,8
31220.jpg,1907,1900,-7
31225.jpg,1907,1935,28
31230.jpg,1907,1897,-10
31235.jpg,1907,1838,-69
31240.jpg,1907,1900,-7
31245.jpg,1907,1930,23
31250.jpg,1907,1930,23
31255.jpg,1907,1878,-29
31260.jpg,1907,1930,23
31265.jpg,1907,1921,14
31270.jpg,1907,1680,-227
31275.jpg,1907,1900,-7
31280.jpg,1907,1890,-17
31285.jpg,1907,1950,43
31290.jpg,1907,1905,-2
31295.jpg,1907,1925,18
31300.jpg,1907,1930,23
31305.jpg,1907,1978,71
31310.jpg,1908,1920,12
31315.jpg,1908,1900,-8
31320.jpg,1908,1950,42
31325.jpg,1908,1937,29
31330.jpg,1908,1860,-48
31335.jpg,1908,1950,42
31345.jpg,1908,1973,65
31350.jpg,1908,1875,-33
31355.jpg,1908,1910,2
31360.jpg,1908,1920,12
31365.jpg,1908,1900,-8
31370.jpg,1908,1976,68
31380.jpg,1908,1758,-150
31385.jpg,1908,1915,7
31390.jpg,1908,1890,-18
31395.jpg,1908,1895,-13
31400.jpg,1908,1860,-48
31405.jpg,1908,1960,52
31410.jpg,1908,1910,2
31415.jpg,1908,1900,-8
31420.jpg,1908,1905,-3
31425.jpg,1908,1870,-38
31430.jpg,1908,1908,0
31435.jpg,1908,1960,52
31440.jpg,1908,1935,27
31445.jpg,1908,1860,-48
31450.jpg,1908,2005,97
31455.jpg,1908,1900,-8
31460.jpg,1908,1800,-108
31465.jpg,1908,1890,-18
31470.jpg,1908,1873,-35
31475.jpg,1908,1880,-28
31480.jpg,1908,1680,-228
31485.jpg,1908,1900,-8
31490.jpg,1908,1925,17
31500.jpg,1908,1899,-9
31505.jpg,1908,1894,-14
31510.jpg,1908,1980,72
31515.jpg,1908,1905,-3
31520.jpg,1908,1950,42
31525.jpg,1908,1904,-4
31530.jpg,1908,1950,42
31535.jpg,1908,1900,-8
31540.jpg,1908,1900,-8
31545.jpg,1908,1910,2
31550.jpg,1908,1910,2
31555.jpg,1908,1916,8
31560.jpg,1908,1980,72
31565.jpg,1908,1853,-55
31570.jpg,1908,1728,-180
31575.jpg,1908,1850,-58
31580.jpg,1908,1911,3
31585.jpg,1908,1935,27
31590.jpg,1908,1955,47
31595.jpg,1908,1950,42
31600.jpg,1908,1890,-18
31605.jpg,1908,1850,-58
31610.jpg,1908,1938,30
31620.jpg,1908,1952,44
31625.jpg,1908,1930,22
31630.jpg,1908,1895,-13
31635.jpg,1908,1924,16
31640.jpg,1908,1930,22
31645.jpg,1908,1927,19
31650.jpg,1908,1960,52
31655.jpg,1908,1910,2
31660.jpg,1908,1920,12
31665.jpg,1908,1800,-108
31670.jpg,1908,1890,-18
31675.jpg,1908,1900,-8
31680.jpg,1908,1750,-158
31685.jpg,1908,1895,-13
31690.jpg,1908,1900,-8
31695.jpg,1908,1860,-48
31700.jpg,1908,1850,-58
31705.jpg,1908,1900,-8
31710.jpg,1908,1850,-58
31715.jpg,1908,1854,-54
31720.jpg,1908,1945,37
31725.jpg,1908,1945,37
31730.jpg,1908,1900,-8
31735.jpg,1908,1900,-8
31740.jpg,1908,1491,-417
31745.jpg,1908,1870,-38
31750.jpg,1908,1920,12
31755.jpg,1908,1900,-8
31760.jpg,1908,1940,32
31765.jpg,1909,1920,11
31770.jpg,1909,1907,-2
31775.jpg,1909,1880,-29
31780.jpg,1909,1780,-129
31785.jpg,1909,2020,111
31790.jpg,1909,2030,121
31805.jpg,1909,1970,61
31815.jpg,1909,1929,20
31820.jpg,1909,1956,47
31825.jpg,1909,1935,26
31830.jpg,1909,1850,-59
31835.jpg,1909,1993,84
31840.jpg,1909,1920,11
31845.jpg,1909,1895,-14
31850.jpg,1909,1900,-9
31855.jpg,1909,1950,41
31860.jpg,1909,1860,-49
31865.jpg,1909,1925,16
31870.jpg,1909,1925,16
31875.jpg,1909,1890,-19
31880.jpg,1909,1910,1
31885.jpg,1909,1993,84
31890.jpg,1909,1900,-9
31895.jpg,1909,1965,56
31900.jpg,1909,1875,-34
31905.jpg,1909,1850,-59
31910.jpg,1909,1900,-9
31915.jpg,1909,1980,71
31920.jpg,1909,1500,-409
31925.jpg,1909,1960,51
31930.jpg,1909,1900,-9
31935.jpg,1909,1890,-19
31940.jpg,1909,1900,-9
31945.jpg,1909,1885,-24
31950.jpg,1909,1890,-19
31955.jpg,1909,1905,-4
31960.jpg,1909,1960,51
31970.jpg,1909,1900,-9
31975.jpg,1909,1850,-59
31980.jpg,1909,1975,66
31985.jpg,1909,1860,-49
31990.jpg,1909,1890,-19
31995.jpg,1909,1950,41
32005.jpg,1909,1850,-59
32015.jpg,1909,1900,-9
32020.jpg,1909,1890,-19
32025.jpg,1909,1950,41
32030.jpg,1909,1930,21
32035.jpg,1909,1900,-9
32045.jpg,1909,1905,-4
32050.jpg,1909,1900,-9
32055.jpg,1909,1910,1
32060.jpg,1909,1850,-59
32065.jpg,1909,1955,46
32070.jpg,1909,1910,1
32075.jpg,1909,1947,38
32080.jpg,1909,1900,-9
32085.jpg,1909,1945,36
32090.jpg,1909,1700,-209
32095.jpg,1909,1930,21
32100.jpg,1909,1900,-9
32105.jpg,1909,1965,56
32110.jpg,1909,1883,-26
32115.jpg,1909,1930,21
32120.jpg,1909,1925,16
32125.jpg,1909,1890,-19
32130.jpg,1909,1950,41
32135.jpg,1909,1970,61
32140.jpg,1909,1900,-9
32145.jpg,1909,1900,-9
32150.jpg,1909,1453,-456
32155.jpg,1909,1950,41
32160.jpg,1909,1905,-4
32165.jpg,1909,1900,-9
32170.jpg,1909,1890,-19
32175.jpg,1909,1950,41
32180.jpg,1909,1910,1
32185.jpg,1909,1900,-9
32190.jpg,1909,1898,-11
32195.jpg,1909,1930,21
32200.jpg,1909,1900,-9
32205.jpg,1909,1910,1
32210.jpg,1909,1923,14
32215.jpg,1909,1910,1
32220.jpg,1909,1897,-12
32225.jpg,1909,1970,61
32230.jpg,1910,1600,-310
32235.jpg,1910,1933,23
32240.jpg,1910,1925,15
32245.jpg,1910,2000,90
32255.jpg,1910,1880,-30
32260.jpg,1910,1950,40
32265.jpg,1910,1890,-20
32270.jpg,1910,2000,90
32275.jpg,1910,1987,77
32280.jpg,1910,1930,20
32285.jpg,1910,1900,-10
32290.jpg,1910,1899,-11
32295.jpg,1910,1930,20
32300.jpg,1910,1870,-40
32305.jpg,1910,1901,-9
32310.jpg,1910,1926,16
32315.jpg,1910,1890,-20
32320.jpg,1910,1900,-10
32325.jpg,1910,1925,15
32330.jpg,1910,1904,-6
32335.jpg,1910,1940,30
32340.jpg,1910,1820,-90
32345.jpg,1910,1860,-50
32350.jpg,1910,1880,-30
32355.jpg,1910,1900,-10
32360.jpg,1910,1970,60
32365.jpg,1910,1945,35
32370.jpg,1910,1960,50
32375.jpg,1910,1940,30
32380.jpg,1910,1900,-10
32385.jpg,1910,1985,75
32390.jpg,1910,1950,40
32395.jpg,1910,1900,-10
32400.jpg,1910,1500,-410
32405.jpg,1910,1880,-30
32410.jpg,1910,1930,20
32415.jpg,1910,1550,-360
32420.jpg,1910,1906,-4
32425.jpg,1910,1975,65
32430.jpg,1910,1900,-10
32435.jpg,1910,1890,-20
32440.jpg,1910,1960,50
32445.jpg,1910,1920,10
32450.jpg,1910,1970,60
32455.jpg,1910,19,-1891
32460.jpg,1910,1925,15
32465.jpg,1910,1930,20
32470.jpg,1910,1920,10
32475.jpg,1910,1950,40
32480.jpg,1910,1895,-15
32485.jpg,1910,1960,50
32490.jpg,1910,1857,-53
32495.jpg,1910,1900,-10
32500.jpg,1910,1910,0
32505.jpg,1910,1880,-30
32510.jpg,1910,1970,60
32515.jpg,1910,1900,-10
32520.jpg,1910,2005,95
32525.jpg,1910,-1,-1911
32530.jpg,1910,1950,40
32535.jpg,1910,1950,40
32540.jpg,1910,1950,40
32545.jpg,1910,1936,26
32550.jpg,1910,1960,50
32555.jpg,1910,1885,-25
32560.jpg,1910,1880,-30
32565.jpg,1910,1900,-10
32570.jpg,1910,1900,-10
32575.jpg,1910,1900,-10
32580.jpg,1910,1445,-465
32585.jpg,1910,2002,92
32590.jpg,1910,1900,-10
32595.jpg,1910,1900,-10
32600.jpg,1910,1940,30
32605.jpg,1910,1096,-814
32610.jpg,1910,1850,-60
32615.jpg,1910,1900,-10
32620.jpg,1910,1930,20
32625.jpg,1910,1850,-60
32630.jpg,1910,1928,18
32635.jpg,1910,1900,-10
32640.jpg,1910,1925,15
32645.jpg,1910,1945,35
32650.jpg,1910,1790,-120
32655.jpg,1910,1955,45
32660.jpg,1910,1910,0
32665.jpg,1910,1850,-60
32675.jpg,1910,1910,0
32680.jpg,1910,1900,-10
32685.jpg,1910,1900,-10
32690.jpg,1910,1890,-20
32695.jpg,1910,1700,-210
32700.jpg,1910,1895,-15
32705.jpg,1910,1945,35
32710.jpg,1910,1890,-20
32715.jpg,1910,2000,90
32720.jpg,1910,1955,45
32725.jpg,1910,1929,19
32730.jpg,1910,1942,32
32735.jpg,1910,1900,-10
32740.jpg,1911,1923,12
32745.jpg,1911,1935,24
32750.jpg,1911,1935,24
32755.jpg,1911,1920,9
32760.jpg,1911,1935,24
32765.jpg,1911,1910,-1
32770.jpg,1911,1900,-11
32775.jpg,1911,2020,109
32780.jpg,1911,2023,112
32785.jpg,1911,2012,101
32790.jpg,1911,1870,-41
32795.jpg,1911,1871,-40
32800.jpg,1911,1950,39
32805.jpg,1911,1898,-13
32810.jpg,1911,1815,-96
32815.jpg,1911,1853,-58
32820.jpg,1911,20,-1891
32825.jpg,1911,1931,20
32830.jpg,1911,1920,9
32835.jpg,1911,1900,-11
32840.jpg,1911,1950,39
32845.jpg,1911,1880,-31
32850.jpg,1911,1950,39
32855.jpg,1911,1935,24
32860.jpg,1911,1950,39
32865.jpg,1911,1890,-21
32870.jpg,1911,1923,12
32875.jpg,1911,1895,-16
32885.jpg,1911,1880,-31
32890.jpg,1911,1920,9
32895.jpg,1911,1900,-11
32900.jpg,1911,1890,-21
32905.jpg,1911,1880,-31
32910.jpg,1911,1969,58
32915.jpg,1911,1905,-6
32920.jpg,1911,1910,-1
32925.jpg,1911,1925,14
32930.jpg,1911,1927,16
32935.jpg,1911,1910,-1
32940.jpg,1911,1900,-11
32945.jpg,1911,1900,-11
32950.jpg,1911,2010,99
32955.jpg,1911,1945,34
32960.jpg,1911,1900,-11
32965.jpg,1911,1920,9
32970.jpg,1911,1897,-14
32975.jpg,1911,1757,-154
32980.jpg,1911,1901,-10
32985.jpg,1911,1900,-11
32990.jpg,1911,1899,-12
32995.jpg,1911,1910,-1
33000.jpg,1911,1980,69
33005.jpg,1911,1750,-161
33010.jpg,1911,1950,39
33015.jpg,1911,1890,-21
33020.jpg,1911,1957,46
33025.jpg,1911,1890,-21
33030.jpg,1911,1870,-41
33035.jpg,1911,2000,89
33040.jpg,1911,1930,19
33045.jpg,1911,1820,-91
33050.jpg,1911,1965,54
33055.jpg,1911,1920,9
33060.jpg,1911,1885,-26
33065.jpg,1911,1855,-56
33070.jpg,1911,1950,39
33075.jpg,1911,1900,-11
33080.jpg,1911,1920,9
33085.jpg,1911,1890,-21
33090.jpg,1911,1890,-21
33095.jpg,1911,-1,-1912
33100.jpg,1911,1800,-111
33105.jpg,1911,1850,-61
33110.jpg,1911,1900,-11
33115.jpg,1911,1850,-61
33120.jpg,1911,1975,64
33125.jpg,1911,2011,100
33130.jpg,1911,1945,34
33135.jpg,1911,2000,89
33140.jpg,1911,1910,-1
33145.jpg,1911,1873,-38
33150.jpg,1911,1500,-411
33155.jpg,1911,1960,49
33160.jpg,1911,1912,1
33165.jpg,1911,1960,49
33170.jpg,1911,1913,2
33175.jpg,1911,1980,69
33180.jpg,1911,20,-1891
33185.jpg,1911,1880,-31
33190.jpg,1911,1900,-11
33195.jpg,1911,2005,94
33200.jpg,1911,1950,39
33205.jpg,1911,1900,-11
33210.jpg,1911,1914,3
33215.jpg,1911,1922,11
33220.jpg,1911,1910,-1
33225.jpg,1911,1935,24
33230.jpg,1911,1870,-41
33235.jpg,1911,1820,-91
33240.jpg,1911,1800,-111
33245.jpg,1911,1943,32
33250.jpg,1911,1930,19
33255.jpg,1911,1850,-61
33260.jpg,1911,1900,-11
33265.jpg,1911,1884,-27
33270.jpg,1911,-1,-1912
33275.jpg,1911,1920,9
33280.jpg,1912,1900,-12
33285.jpg,1912,1955,43
33290.jpg,1912,1899,-13
33295.jpg,1912,1930,18
33300.jpg,1912,1870,-42
33310.jpg,1912,1980,68
33315.jpg,1912,2005,93
33320.jpg,1912,1970,58
33325.jpg,1912,1780,-132
33330.jpg,1912,1880,-32
33335.jpg,1912,1900,-12
33340.jpg,1912,1950,38
33345.jpg,1912,1965,53
33350.jpg,1912,1899,-13
33355.jpg,1912,1910,-2
33360.jpg,1912,-1,-1913
33365.jpg,1912,1920,8
33375.jpg,1912,1900,-12
33380.jpg,1912,1950,38
33385.jpg,1912,1880,-32
33390.jpg,1912,1920,8
33395.jpg,1912,1975,63
33400.jpg,1912,1920,8
33405.jpg,1912,1994,82
33410.jpg,1912,1910,-2
33415.jpg,1912,1950,38
33420.jpg,1912,1912,0
33425.jpg,1912,1935,23
33430.jpg,1912,1885,-27
33435.jpg,1912,1870,-42
33440.jpg,1912,1920,8
33445.jpg,1912,1900,-12
33450.jpg,1912,1900,-12
33455.jpg,1912,1900,-12
33460.jpg,1912,1830,-82
33465.jpg,1912,1883,-29
33470.jpg,1912,1900,-12
33475.jpg,1912,1910,-2
33480.jpg,1912,1888,-24
33485.jpg,1912,1950,38
33490.jpg,1912,1870,-42
33495.jpg,1912,1950,38
33500.jpg,1912,1921,9
33505.jpg,1912,1859,-53
33510.jpg,1912,1900,-12
33515.jpg,1912,1880,-32
33520.jpg,1912,1955,43
33525.jpg,1912,1935,23
33530.jpg,1912,1924,12
33535.jpg,1912,1880,-32
33540.jpg,1912,2015,103
33545.jpg,1912,1960,48
33550.jpg,1912,1920,8
33555.jpg,1912,1920,8
33560.jpg,1912,1880,-32
33565.jpg,1912,1900,-12
33570.jpg,1912,1880,-32
33580.jpg,1912,1759,-153
33585.jpg,1912,1875,-37
33590.jpg,1912,1905,-7
33595.jpg,1912,1890,-22
33600.jpg,1912,1890,-22
33605.jpg,1912,1900,-12
33615.jpg,1912,1930,18
33620.jpg,1912,1979,67
33625.jpg,1912,1900,-12
33630.jpg,1912,1900,-12
33635.jpg,1912,1957,45
33640.jpg,1912,1890,-22
33645.jpg,1912,1900,-12
33650.jpg,1912,1890,-22
33655.jpg,1912,1925,13
33660.jpg,1912,1900,-12
33665.jpg,1912,1900,-12
33670.jpg,1912,1930,18
33675.jpg,1912,1955,43
33680.jpg,1912,1970,58
33685.jpg,1912,1950,38
33690.jpg,1912,2000,88
33695.jpg,1912,1725,-187
33700.jpg,1912,1903,-9
33705.jpg,1912,1880,-32
33710.jpg,1912,1900,-12
33715.jpg,1912,1920,8
33720.jpg,1912,1895,-17
33725.jpg,1912,1900,-12
33735.jpg,1912,1890,-22
33740.jpg,1912,1900,-12
33745.jpg,1912,155,-1757
33750.jpg,1912,1905,-7
33755.jpg,1912,1920,8
33760.jpg,1912,1860,-52
33765.jpg,1913,1902,-11
33770.jpg,1913,1800,-113
33775.jpg,1913,1916,3
33780.jpg,1913,1915,2
33785.jpg,1913,1850,-63
33790.jpg,1913,1935,22
33795.jpg,1913,1908,-5
33800.jpg,1913,1930,17
33805.jpg,1913,1860,-53
33810.jpg,1913,1890,-23
33815.jpg,1913,1950,37
33820.jpg,1913,1950,37
33825.jpg,1913,1900,-13
33830.jpg,1913,1910,-3
33840.jpg,1913,1925,12
33845.jpg,1913,1930,17
33850.jpg,1913,1910,-3
33855.jpg,1913,1960,47
33860.jpg,1913,1900,-13
33865.jpg,1913,1915,2
33870.jpg,1913,1890,-23
33875.jpg,1913,1920,7
33880.jpg,1913,1910,-3
33885.jpg,1913,1900,-13
33890.jpg,1913,1970,57
33895.jpg,1913,1958,45
33900.jpg,1913,1912,-1
33905.jpg,1913,1890,-23
33910.jpg,1913,1860,-53
33915.jpg,1913,1910,-3
33920.jpg,1913,1885,-28
33925.jpg,1913,1985,72
33930.jpg,1913,1950,37
33935.jpg,1913,1850,-63
33940.jpg,1913,1920,7
33945.jpg,1913,1910,-3
33950.jpg,1913,1840,-73
33955.jpg,1913,1950,37
33960.jpg,1913,1920,7
33965.jpg,1913,1900,-13
33970.jpg,1913,1935,22
33975.jpg,1913,1910,-3
33980.jpg,1913,1960,47
33985.jpg,1913,1980,67
33990.jpg,1913,1880,-33
33995.jpg,1913,1900,-13
34000.jpg,1913,1929,16
34005.jpg,1913,1850,-63
34010.jpg,1913,2023,110
34015.jpg,1913,1907,-6
34020.jpg,1913,2000,87
34025.jpg,1913,1980,67
34030.jpg,1913,1956,43
34035.jpg,1913,1905,-8
34040.jpg,1913,1885,-28
34045.jpg,1913,1930,17
34050.jpg,1913,1930,17
34055.jpg,1913,1910,-3
34060.jpg,1913,1940,27
34065.jpg,1913,1900,-13
34070.jpg,1913,1900,-13
34080.jpg,1913,1915,2
34085.jpg,1913,1950,37
34090.jpg,1913,1893,-20
34095.jpg,1913,1900,-13
34100.jpg,1913,1935,22
34105.jpg,1913,1850,-63
34110.jpg,1913,1885,-28
34115.jpg,1913,1930,17
34120.jpg,1913,195,-1718
34125.jpg,1913,1930,17
34130.jpg,1913,1920,7
34135.jpg,1913,1900,-13
34140.jpg,1913,1930,17
34145.jpg,1913,1965,52
34150.jpg,1913,1920,7
34155.jpg,1913,1920,7
34160.jpg,1913,1920,7
34165.jpg,1913,1920,7
34170.jpg,1913,1890,-23
34175.jpg,1913,1950,37
34180.jpg,1913,1900,-13
34185.jpg,1913,1917,4
34190.jpg,1913,1880,-33
34195.jpg,1913,1840,-73
34200.jpg,1913,1377,-536
34205.jpg,1913,1850,-63
34210.jpg,1913,1875,-38
34215.jpg,1913,1960,47
34220.jpg,1913,1050,-863
34225.jpg,1914,1900,-14
34230.jpg,1914,1920,6
34235.jpg,1914,1925,11
34240.jpg,1914,1920,6
34245.jpg,1914,1965,51
34250.jpg,1914,1935,21
34260.jpg,1914,2000,86
34265.jpg,1914,1880,-34
34270.jpg,1914,1924,10
34275.jpg,1914,1960,46
34280.jpg,1914,1853,-61
34285.jpg,1914,1890,-24
34290.jpg,1914,1860,-54
34295.jpg,1914,1993,79
34300.jpg,1914,1870,-44
34305.jpg,1914,1893,-21
34310.jpg,1914,1980,66
34315.jpg,1914,1895,-19
34320.jpg,1914,1885,-29
34325.jpg,1914,1890,-24
34330.jpg,1914,1950,36
34335.jpg,1914,1995,81
34345.jpg,1914,1880,-34
34350.jpg,1914,1850,-64
34360.jpg,1914,1985,71
34365.jpg,1914,1900,-14
34370.jpg,1914,1900,-14
34375.jpg,1914,1905,-9
34380.jpg,1914,1939,25
34385.jpg,1914,1950,36
34390.jpg,1914,1912,-2
34395.jpg,1914,-1,-1915
34400.jpg,1914,1924,10
34405.jpg,1914,1860,-54
34410.jpg,1914,1960,46
34415.jpg,1914,1900,-14
34420.jpg,1914,-1,-1915
34425.jpg,1914,14,-1900
34430.jpg,1914,1900,-14
34435.jpg,1914,1910,-4
34440.jpg,1914,1850,-64
34445.jpg,1914,1870,-44
34450.jpg,1914,1877,-37
34455.jpg,1914,1850,-64
34460.jpg,1914,1850,-64
34465.jpg,1914,1915,1
34470.jpg,1914,1950,36
34475.jpg,1914,1859,-55
34480.jpg,1914,1990,76
34485.jpg,1914,1900,-14
34490.jpg,1914,1880,-34
34495.jpg,1914,1880,-34
34500.jpg,1914,1900,-14
34505.jpg,1914,1900,-14
34515.jpg,1914,1885,-29
34520.jpg,1914,1950,36
34525.jpg,1914,1890,-24
34530.jpg,1914,1900,-14
34535.jpg,1914,1932,18
34540.jpg,1914,1945,31
34545.jpg,1914,1900,-14
34550.jpg,1914,1900,-14
34555.jpg,1914,1850,-64
34560.jpg,1914,1930,16
34565.jpg,1914,1890,-24
34570.jpg,1914,1950,36
34575.jpg,1914,1960,46
34580.jpg,1914,1960,46
34590.jpg,1914,1880,-34
34595.jpg,1914,1970,56
34600.jpg,1914,1910,-4
34605.jpg,1914,1990,76
34610.jpg,1914,1900,-14
34615.jpg,1914,1950,36
34620.jpg,1914,1919,5
34625.jpg,1914,1900,-14
34630.jpg,1914,1850,-64
34635.jpg,1914,1800,-114
34640.jpg,1914,1880,-34
34645.jpg,1914,1900,-14
34650.jpg,1914,1900,-14
34655.jpg,1914,1900,-14
34660.jpg,1914,2123,209
34665.jpg,1914,1950,36
34670.jpg,1914,2000,86
34675.jpg,1914,1890,-24
34680.jpg,1914,1992,78
34685.jpg,1914,1930,16
34690.jpg,1914,1950,36
34695.jpg,1914,1900,-14
34700.jpg,1914,2024,110
34705.jpg,1914,1889,-25
34710.jpg,1914,1900,-14
34715.jpg,1914,1881,-33
34720.jpg,1915,1900,-15
34725.jpg,1915,2010,95
34730.jpg,1915,1920,5
34735.jpg,1915,1934,19
34740.jpg,1915,1916,1
34750.jpg,1915,1925,10
34755.jpg,1915,1960,45
34765.jpg,1915,928,-987
34770.jpg,1915,1948,33
34775.jpg,1915,1920,5
34780.jpg,1915,1930,15
34785.jpg,1915,1960,45
34790.jpg,1915,1910,-5
34795.jpg,1915,1920,5
34800.jpg,1915,2050,135
34805.jpg,1915,1998,83
34810.jpg,1915,1955,40
34815.jpg,1915,1873,-42
34820.jpg,1915,1977,62
34825.jpg,1915,1900,-15
34830.jpg,1915,1890,-25
34835.jpg,1915,1930,15
34840.jpg,1915,1880,-35
34845.jpg,1915,1920,5
34850.jpg,1915,1923,8
34855.jpg,1915,1780,-135
34860.jpg,1915,1920,5
34865.jpg,1915,1896,-19
34870.jpg,1915,2010,95
34875.jpg,1915,1900,-15
34880.jpg,1915,1925,10
34885.jpg,1915,1900,-15
34890.jpg,1915,1850,-65
34895.jpg,1915,1930,15
34900.jpg,1915,1840,-75
34905.jpg,1915,1925,10
34910.jpg,1915,1970,55
34915.jpg,1915,1890,-25
34920.jpg,1915,2000,85
34925.jpg,1915,1910,-5
34930.jpg,1915,1950,35
34935.jpg,1915,1970,55
34940.jpg,1915,1950,35
34945.jpg,1915,1900,-15
34950.jpg,1915,1980,65
34955.jpg,1915,1950,35
34960.jpg,1915,1900,-15
34965.jpg,1915,1945,30
34970.jpg,1915,1925,10
34975.jpg,1915,1599,-316
34980.jpg,1915,1880,-35
34985.jpg,1915,1910,-5
34990.jpg,1915,1980,65
34995.jpg,1915,1900,-15
35000.jpg,1915,1975,60
35005.jpg,1915,1903,-12
35010.jpg,1915,1855,-60
35015.jpg,1915,1950,35
35020.jpg,1915,1960,45
35025.jpg,1915,1899,-16
35030.jpg,1915,1950,35
35035.jpg,1915,1860,-55
35040.jpg,1915,1850,-65
35045.jpg,1915,1930,15
35050.jpg,1915,2000,85
35055.jpg,1915,1920,5
35060.jpg,1915,1990,75
35065.jpg,1915,1920,5
35070.jpg,1915,1872,-43
35075.jpg,1915,1925,10
35080.jpg,1915,1950,35
35085.jpg,1915,1900,-15
35090.jpg,1915,1950,35
35095.jpg,1915,1900,-15
35100.jpg,1915,1890,-25
35105.jpg,1915,1960,45
35110.jpg,1915,1965,50
35115.jpg,1915,2010,95
35120.jpg,1915,1900,-15
35125.jpg,1915,1917,2
35130.jpg,1915,1910,-5
35135.jpg,1915,1930,15
35140.jpg,1915,1900,-15
35145.jpg,1915,1950,35
35150.jpg,1915,1960,45
35155.jpg,1915,1951,36
35160.jpg,1916,1920,4
35165.jpg,1916,1950,34
35170.jpg,1916,1987,71
35175.jpg,1916,1998,82
35180.jpg,1916,1884,-32
35185.jpg,1916,1905,-11
35190.jpg,1916,1820,-96
35195.jpg,1916,1920,4
35200.jpg,1916,1950,34
35205.jpg,1916,1980,64
35210.jpg,1916,1748,-168
35215.jpg,1916,-1,-1917
35220.jpg,1916,1945,29
35225.jpg,1916,1880,-36
35230.jpg,1916,1938,22
35235.jpg,1916,1890,-26
35240.jpg,1916,1920,4
35245.jpg,1916,1930,14
35250.jpg,1916,1895,-21
35255.jpg,1916,1950,34
35260.jpg,1916,1900,-16
35265.jpg,1916,1938,22
35270.jpg,1916,1920,4
35275.jpg,1916,1905,-11
35280.jpg,1916,1950,34
35285.jpg,1916,1920,4
35290.jpg,1916,1700,-216
35295.jpg,1916,1850,-66
35300.jpg,1916,1950,34
35305.jpg,1916,1945,29
35310.jpg,1916,1920,4
35315.jpg,1916,1925,9
35320.jpg,1916,1900,-16
35325.jpg,1916,1900,-16
35330.jpg,1916,1880,-36
35335.jpg,1916,1900,-16
35340.jpg,1916,1950,34
35345.jpg,1916,1870,-46
35350.jpg,1916,1915,-1
35355.jpg,1916,1950,34
35360.jpg,1916,1890,-26
35365.jpg,1916,1960,44
35370.jpg,1916,1880,-36
35375.jpg,1916,1700,-216
35380.jpg,1916,1900,-16
35385.jpg,1916,1950,34
35390.jpg,1916,1961,45
35395.jpg,1916,1935,19
35400.jpg,1916,1920,4
35405.jpg,1916,1900,-16
35410.jpg,1916,1930,14
35415.jpg,1916,1900,-16
35420.jpg,1916,1857,-59
35425.jpg,1916,1970,54
35430.jpg,1916,1950,34
35435.jpg,1916,19,-1897
35440.jpg,1916,1895,-21
35445.jpg,1916,1900,-16
35450.jpg,1916,1940,24
35455.jpg,1916,1900,-16
35460.jpg,1916,1895,-21
35465.jpg,1916,2023,107
35470.jpg,1916,1930,14
35475.jpg,1916,1945,29
35480.jpg,1916,1950,34
35485.jpg,1916,1631,-285
35490.jpg,1916,1935,19
35495.jpg,1916,1985,69
35500.jpg,1916,1950,34
35505.jpg,1916,1890,-26
35510.jpg,1916,1900,-16
35515.jpg,1916,1950,34
35520.jpg,1916,1900,-16
35525.jpg,1916,1900,-16
35530.jpg,1916,1997,81
35535.jpg,1917,1893,-24
35540.jpg,1917,1910,-7
35545.jpg,1917,1930,13
35550.jpg,1917,1870,-47
35555.jpg,1917,1935,18
35560.jpg,1917,1923,6
35565.jpg,1917,2020,103
35570.jpg,1917,1850,-67
35575.jpg,1917,1900,-17
35580.jpg,1917,1770,-147
35585.jpg,1917,1915,-2
35590.jpg,1917,1950,33
35595.jpg,1917,1950,33
35600.jpg,1917,1920,3
35605.jpg,1917,1950,33
35610.jpg,1917,1923,6
35615.jpg,1917,1900,-17
35620.jpg,1917,1940,23
35625.jpg,1917,900,-1017
35630.jpg,1917,1920,3
35635.jpg,1917,1890,-27
35640.jpg,1917,1900,-17
35645.jpg,1917,1900,-17
35650.jpg,1917,1950,33
35655.jpg,1917,1930,13
35660.jpg,1917,2000,83
35665.jpg,1917,1989,72
35670.jpg,1917,2000,83
35675.jpg,1917,1900,-17
35680.jpg,1917,1900,-17
35685.jpg,1917,1895,-22
35690.jpg,1917,1980,63
35695.jpg,1917,1953,36
35700.jpg,1917,1905,-12
35705.jpg,1917,1965,48
35710.jpg,1917,1900,-17
35715.jpg,1917,1950,33
35720.jpg,1917,1945,28
35725.jpg,1917,2010,93
35730.jpg,1917,1950,33
35735.jpg,1917,1887,-30
35740.jpg,1917,1872,-45
35745.jpg,1917,1950,33
35750.jpg,1917,1945,28
35755.jpg,1917,1985,68
35760.jpg,1917,1930,13
35765.jpg,1917,1700,-217
35770.jpg,1917,1945,28
35775.jpg,1917,1915,-2
35780.jpg,1917,1910,-7
35785.jpg,1917,1920,3
35790.jpg,1917,1950,33
35795.jpg,1917,1900,-17
35800.jpg,1917,1950,33
35805.jpg,1917,1910,-7
35810.jpg,1917,1910,-7
35815.jpg,1917,1910,-7
35820.jpg,1917,1960,43
35825.jpg,1917,1920,3
35830.jpg,1917,1920,3
35835.jpg,1917,1980,63
35840.jpg,1917,1900,-17
35845.jpg,1917,1899,-18
35850.jpg,1917,1840,-77
35855.jpg,1917,1556,-361
35860.jpg,1917,1930,13
35865.jpg,1917,1820,-97
35870.jpg,1917,2019,102
35875.jpg,1917,1970,53
35880.jpg,1917,1877,-40
35885.jpg,1917,1945,28
35890.jpg,1917,1892,-25
35895.jpg,1917,1996,79
35900.jpg,1917,1980,63
35905.jpg,1917,1900,-17
35910.jpg,1917,1890,-27
35915.jpg,1917,1956,39
35920.jpg,1918,1930,12
35925.jpg,1918,2010,92
35930.jpg,1918,1900,-18
35935.jpg,1918,2006,88
35940.jpg,1918,1986,68
35945.jpg,1918,1940,22
35950.jpg,1918,1950,32
35955.jpg,1918,1970,52
35960.jpg,1918,1900,-18
35965.jpg,1918,1950,32
35970.jpg,1918,1900,-18
35980.jpg,1918,1920,2
35985.jpg,1918,1900,-18
35990.jpg,1918,1880,-38
35995.jpg,1918,1960,42
36000.jpg,1918,1910,-8
36005.jpg,1918,1900,-18
36010.jpg,1918,1900,-18
36015.jpg,1918,1870,-48
36020.jpg,1918,1945,27
36025.jpg,1918,1890,-28
36030.jpg,1918,1900,-18
36035.jpg,1918,1980,62
36040.jpg,1918,1850,-68
36045.jpg,1918,1900,-18
36050.jpg,1918,1900,-18
36055.jpg,1918,1900,-18
36060.jpg,1918,1890,-28
36065.jpg,1918,1900,-18
36070.jpg,1918,1900,-18
36075.jpg,1918,1870,-48
36080.jpg,1918,1940,22
36085.jpg,1918,1960,42
36090.jpg,1918,1910,-8
36095.jpg,1918,1924,6
36100.jpg,1918,1940,22
36105.jpg,1918,1900,-18
36110.jpg,1918,1950,32
36115.jpg,1919,1900,-19
36120.jpg,1919,1923,4
36130.jpg,1919,2010,91
36140.jpg,1919,1900,-19
36145.jpg,1919,1870,-49
36150.jpg,1919,1950,31
36155.jpg,1919,1992,73
36160.jpg,1919,1925,6
36165.jpg,1919,861,-1058
36170.jpg,1919,1890,-29
36175.jpg,1919,1985,66
36180.jpg,1919,1970,51
36190.jpg,1919,1900,-19
36195.jpg,1919,1900,-19
36200.jpg,1919,1982,63
36205.jpg,1919,1980,61
36210.jpg,1919,1930,11
36215.jpg,1919,1890,-29
36225.jpg,1919,1890,-29
36230.jpg,1919,1900,-19
36235.jpg,1919,1920,1
36240.jpg,1919,1890,-29
36245.jpg,1919,1900,-19
36250.jpg,1919,1950,31
36255.jpg,1919,1780,-139
36260.jpg,1919,1850,-69
36265.jpg,1919,1900,-19
36270.jpg,1919,1900,-19
36275.jpg,1919,1918,-1
36280.jpg,1919,1758,-161
36285.jpg,1919,1927,8
36290.jpg,1919,2018,99
36295.jpg,1919,1870,-49
36300.jpg,1919,1925,6
36305.jpg,1919,1980,61
36310.jpg,1919,1915,-4
36315.jpg,1919,1900,-19
36320.jpg,1919,1975,56
36325.jpg,1919,1853,-66
36330.jpg,1919,1950,31
36335.jpg,1919,1900,-19
36340.jpg,1919,1900,-19
36345.jpg,1919,1900,-19
36350.jpg,1920,1960,40
36355.jpg,1920,1923,3
36360.jpg,1920,1915,-5
36365.jpg,1920,1987,67
36370.jpg,1920,2010,90
36375.jpg,1920,1960,40
36385.jpg,1920,1970,50
36390.jpg,1920,2023,103
36395.jpg,1920,1900,-20
36400.jpg,1920,1880,-40
36405.jpg,1920,1940,20
36410.jpg,1920,1965,45
36415.jpg,1920,1850,-70
36420.jpg,1920,2020,100
36425.jpg,1920,1998,78
36430.jpg,1920,1955,35
36435.jpg,1920,1900,-20
36440.jpg,1920,1770,-150
36445.jpg,1920,1914,-6
36450.jpg,1920,1975,55
36455.jpg,1920,2000,80
36460.jpg,1920,1950,30
36465.jpg,1920,1750,-170
36470.jpg,1920,1900,-20
36475.jpg,1920,1761,-159
36480.jpg,1920,1958,38
36485.jpg,1920,1920,0
36490.jpg,1920,1890,-30
36495.jpg,1920,16,-1904
36500.jpg,1920,1970,50
36505.jpg,1920,1906,-14
36510.jpg,1920,1900,-20
36515.jpg,1920,1960,40
36520.jpg,1920,1900,-20
36525.jpg,1920,1880,-40
36530.jpg,1920,1760,-160
36535.jpg,1920,1930,10
36540.jpg,1920,1955,35
36545.jpg,1920,1915,-5
36550.jpg,1920,1900,-20
36555.jpg,1920,1900,-20
36560.jpg,1920,1900,-20
36565.jpg,1920,1850,-70
36570.jpg,1920,1950,30
36575.jpg,1920,1850,-70
36580.jpg,1920,1960,40
36585.jpg,1920,1920,0
36590.jpg,1920,1880,-40
36595.jpg,1920,1810,-110
36600.jpg,1920,1970,50
36605.jpg,1920,1890,-30
36610.jpg,1920,1915,-5
36615.jpg,1920,1910,-10
36620.jpg,1920,1900,-20
36625.jpg,1920,1980,60
36630.jpg,1920,1890,-30
36635.jpg,1920,1903,-17
36640.jpg,1920,1950,30
36650.jpg,1920,1945,25
36655.jpg,1920,2014,94
36660.jpg,1920,1855,-65
36665.jpg,1920,1970,50
36670.jpg,1920,1950,30
36675.jpg,1920,1855,-65
36680.jpg,1920,1955,35
36685.jpg,1920,500,-1420
36690.jpg,1921,1926,5
36695.jpg,1921,1973,52
36700.jpg,1921,1990,69
36705.jpg,1921,1950,29
36710.jpg,1921,1920,-1
36715.jpg,1921,1918,-3
36720.jpg,1921,1981,60
36725.jpg,1921,1993,72
36735.jpg,1921,2000,79
36740.jpg,1921,1950,29
36745.jpg,1921,1800,-121
36750.jpg,1921,1920,-1
36755.jpg,1921,1900,-21
36760.jpg,1921,1880,-41
36765.jpg,1921,1880,-41
36770.jpg,1921,1991,70
36775.jpg,1921,1946,25
36780.jpg,1921,1930,9
36785.jpg,1921,1950,29
36790.jpg,1921,1901,-20
36795.jpg,1921,1920,-1
36800.jpg,1921,1850,-71
36805.jpg,1921,1883,-38
36810.jpg,1921,1800,-121
36815.jpg,1921,1930,9
36820.jpg,1921,1900,-21
36830.jpg,1921,1975,54
36835.jpg,1921,1850,-71
36840.jpg,1921,1900,-21
36845.jpg,1921,1950,29
36850.jpg,1921,-1,-1922
36855.jpg,1921,1880,-41
36860.jpg,1921,1920,-1
36870.jpg,1921,1960,39
36875.jpg,1921,1900,-21
36880.jpg,1921,1860,-61
36885.jpg,1921,1975,54
36890.jpg,1921,1888,-33
36895.jpg,1921,1950,29
36900.jpg,1921,1985,64
36905.jpg,1921,1926,5
36910.jpg,1921,1850,-71
36920.jpg,1921,1894,-27
36925.jpg,1921,1950,29
36930.jpg,1921,1950,29
36935.jpg,1921,1890,-31
36940.jpg,1921,1930,9
36945.jpg,1921,1890,-31
36950.jpg,1921,1900,-21
36955.jpg,1921,1885,-36
36960.jpg,1921,1900,-21
36965.jpg,1921,1925,4
36970.jpg,1922,1940,18
36975.jpg,1922,1900,-22
36980.jpg,1922,1934,12
36985.jpg,1922,1985,63
36990.jpg,1922,1935,13
36995.jpg,1922,1960,38
37000.jpg,1922,2010,88
37005.jpg,1922,1992,70
37010.jpg,1922,1921,-1
37015.jpg,1922,1990,68
37020.jpg,1922,1840,-82
37025.jpg,1922,1900,-22
37030.jpg,1922,1955,33
37045.jpg,1922,1880,-42
37050.jpg,1922,1955,33
37055.jpg,1922,1860,-62
37060.jpg,1922,1950,28
37065.jpg,1922,1930,8
37070.jpg,1922,1950,28
37075.jpg,1922,1950,28
37080.jpg,1922,1875,-47
37085.jpg,1922,1748,-174
37090.jpg,1922,1903,-19
37095.jpg,1922,1950,28
37100.jpg,1922,1900,-22
37105.jpg,1922,1880,-42
37110.jpg,1922,2013,91
37115.jpg,1922,1900,-22
37120.jpg,1922,1955,33
37125.jpg,1922,1925,3
37130.jpg,1922,1750,-172
37135.jpg,1922,1900,-22
37140.jpg,1922,1700,-222
37145.jpg,1922,1890,-32
37150.jpg,1922,1800,-122
37155.jpg,1922,1910,-12
37160.jpg,1922,1900,-22
37165.jpg,1922,1950,28
37170.jpg,1922,1900,-22
37175.jpg,1922,1970,48
37180.jpg,1922,1890,-32
37185.jpg,1922,2022,100
37190.jpg,1922,1955,33
37195.jpg,1922,1790,-132
37200.jpg,1922,1915,-7
37205.jpg,1922,1950,28
37210.jpg,1922,1924,2
37215.jpg,1922,1950,28
37220.jpg,1922,1920,-2
37225.jpg,1922,2020,98
37230.jpg,1922,1890,-32
37235.jpg,1922,1950,28
37240.jpg,1922,2025,103
37245.jpg,1922,1880,-42
37250.jpg,1922,1880,-42
37255.jpg,1922,2020,98
37260.jpg,1922,1930,8
37270.jpg,1922,1930,8
37275.jpg,1922,1920,-2
37280.jpg,1922,2003,81
37285.jpg,1922,2018,96
37290.jpg,1922,1795,-127
37295.jpg,1922,2000,78
37300.jpg,1922,1950,28
37305.jpg,1922,1880,-42
37310.jpg,1923,1930,7
37315.jpg,1923,1935,12
37320.jpg,1923,1965,42
37330.jpg,1923,1960,37
37335.jpg,1923,1950,27
37340.jpg,1923,1970,47
37345.jpg,1923,2000,77
37355.jpg,1923,1925,2
37360.jpg,1923,1900,-23
37365.jpg,1923,1916,-7
37370.jpg,1923,1893,-30
37375.jpg,1923,1930,7
37380.jpg,1923,1910,-13
37385.jpg,1923,1980,57
37390.jpg,1923,1920,-3
37395.jpg,1923,1890,-33
37400.jpg,1923,1900,-23
37405.jpg,1923,1930,7
37410.jpg,1923,1900,-23
37415.jpg,1923,1920,-3
37420.jpg,1923,1920,-3
37425.jpg,1923,2010,87
37430.jpg,1923,1900,-23
37435.jpg,1923,800,-1123
37440.jpg,1923,1920,-3
37445.jpg,1923,1975,52
37450.jpg,1923,1996,73
37455.jpg,1923,1930,7
37460.jpg,1923,1850,-73
37465.jpg,1923,1965,42
37470.jpg,1923,1910,-13
37475.jpg,1923,1984,61
37480.jpg,1923,1900,-23
37485.jpg,1923,1900,-23
37490.jpg,1923,1950,27
37495.jpg,1923,1988,65
37500.jpg,1923,1940,17
37505.jpg,1923,1930,7
37510.jpg,1923,1915,-8
37515.jpg,1923,1941,18
37520.jpg,1923,1950,27
37525.jpg,1923,1790,-133
37530.jpg,1923,1920,-3
37535.jpg,1923,1950,27
37540.jpg,1923,1962,39
37545.jpg,1923,1940,17
37550.jpg,1923,1910,-13
37555.jpg,1923,1910,-13
37560.jpg,1923,2020,97
37565.jpg,1923,1775,-148
37570.jpg,1923,1895,-28
37575.jpg,1923,1931,8
37580.jpg,1923,1950,27
37585.jpg,1923,1953,30
37590.jpg,1923,1900,-23
37595.jpg,1923,1951,28
37600.jpg,1923,1932,9
37605.jpg,1923,1920,-3
37610.jpg,1923,1930,7
37615.jpg,1923,1995,72
37620.jpg,1923,1992,69
37625.jpg,1923,1920,-3
37630.jpg,1923,1860,-63
37635.jpg,1923,2000,77
37640.jpg,1923,2017,94
37645.jpg,1923,1950,27
37650.jpg,1923,2000,77
37655.jpg,1923,1961,38
37660.jpg,1923,1890,-33
37665.jpg,1923,1910,-13
37670.jpg,1924,1950,26
37675.jpg,1924,1998,74
37680.jpg,1924,1920,-4
37685.jpg,1924,1895,-29
37690.jpg,1924,1915,-9
37695.jpg,1924,1880,-44
37700.jpg,1924,1950,26
37705.jpg,1924,1960,36
37710.jpg,1924,2020,96
37715.jpg,1924,1940,16
37720.jpg,1924,1970,46
37725.jpg,1924,1953,29
37730.jpg,1924,2000,76
37735.jpg,1924,1921,-3
37740.jpg,1924,1940,16
37745.jpg,1924,1920,-4
37750.jpg,1924,1900,-24
37755.jpg,1924,1950,26
37760.jpg,1924,1930,6
37765.jpg,1924,1935,11
37770.jpg,1924,1900,-24
37775.jpg,1924,1925,1
37780.jpg,1924,1915,-9
37785.jpg,1924,1825,-99
37790.jpg,1924,1900,-24
37795.jpg,1924,1925,1
37805.jpg,1924,1930,6
37810.jpg,1924,1895,-29
37815.jpg,1924,1950,26
37820.jpg,1924,1850,-74
37825.jpg,1924,1900,-24
37830.jpg,1924,1900,-24
37835.jpg,1924,1850,-74
37845.jpg,1924,1978,54
37850.jpg,1924,1940,16
37855.jpg,1924,1960,36
37860.jpg,1924,1881,-43
37865.jpg,1924,1930,6
37870.jpg,1924,1900,-24
37875.jpg,1924,2015,91
37880.jpg,1924,1960,36
37885.jpg,1924,1950,26
37890.jpg,1924,1965,41
37895.jpg,1924,1990,66
37900.jpg,1924,1943,19
37905.jpg,1924,1900,-24
37910.jpg,1924,1954,30
37915.jpg,1924,1950,26
37920.jpg,1924,1970,46
37925.jpg,1924,1950,26
37930.jpg,1924,1820,-104
37935.jpg,1924,1900,-24
37940.jpg,1924,-1,-1925
37945.jpg,1924,1995,71
37950.jpg,1924,1900,-24
37955.jpg,1924,1989,65
37960.jpg,1924,1950,26
37965.jpg,1924,1975,51
37970.jpg,1924,1900,-24
37975.jpg,1924,1854,-70
37980.jpg,1924,1920,-4
37985.jpg,1924,1995,71
37990.jpg,1924,1990,66
37995.jpg,1924,1925,1
38000.jpg,1924,1891,-33
38005.jpg,1924,1970,46
38010.jpg,1924,1925,1
38015.jpg,1924,1900,-24
38020.jpg,1924,1870,-54
38025.jpg,1924,1945,21
38030.jpg,1924,1890,-34
38035.jpg,1924,1930,6
38040.jpg,1924,1966,42
38045.jpg,1924,1945,21
38050.jpg,1924,1950,26
38055.jpg,1924,1910,-14
38060.jpg,1924,1800,-124
38065.jpg,1924,1800,-124
38070.jpg,1924,1925,1
38075.jpg,1924,1960,36
38080.jpg,1925,1945,20
38085.jpg,1925,1920,-5
38090.jpg,1925,1940,15
38095.jpg,1925,1910,-15
38100.jpg,1925,1890,-35
38105.jpg,1925,1945,20
38110.jpg,1925,1920,-5
38115.jpg,1925,1980,55
38120.jpg,1925,1980,55
38125.jpg,1925,1970,45
38130.jpg,1925,2010,85
38135.jpg,1925,2010,85
38140.jpg,1925,1880,-45
38145.jpg,1925,1909,-16
38150.jpg,1925,1900,-25
38155.jpg,1925,1890,-35
38160.jpg,1925,1724,-201
38165.jpg,1925,1910,-15
38170.jpg,1925,1950,25
38175.jpg,1925,1945,20
38180.jpg,1925,1850,-75
38185.jpg,1925,1890,-35
38190.jpg,1925,1950,25
38195.jpg,1925,195,-1730
38200.jpg,1925,1950,25
38205.jpg,1925,1840,-85
38210.jpg,1925,1900,-25
38215.jpg,1925,1910,-15
38220.jpg,1925,1955,30
38225.jpg,1925,1920,-5
38230.jpg,1925,1940,15
38235.jpg,1925,1950,25
38245.jpg,1925,1949,24
38255.jpg,1925,1975,50
38260.jpg,1925,1950,25
38265.jpg,1925,1947,22
38270.jpg,1925,1870,-55
38275.jpg,1925,1970,45
38280.jpg,1925,1990,65
38285.jpg,1925,1995,70
38290.jpg,1925,1950,25
38295.jpg,1925,1910,-15
38300.jpg,1925,1950,25
38305.jpg,1925,1950,25
38310.jpg,1925,1930,5
38315.jpg,1925,1915,-10
38320.jpg,1925,1925,0
38325.jpg,1925,1922,-3
38330.jpg,1925,1894,-31
38335.jpg,1925,1885,-40
38340.jpg,1925,1999,74
38345.jpg,1925,1910,-15
38350.jpg,1925,1955,30
38355.jpg,1925,1935,10
38360.jpg,1925,1970,45
38365.jpg,1925,1915,-10
38370.jpg,1925,1890,-35
38375.jpg,1925,1890,-35
38380.jpg,1925,2020,95
38385.jpg,1925,1933,8
38390.jpg,1925,1920,-5
38395.jpg,1925,1900,-25
38400.jpg,1925,1700,-225
38405.jpg,1925,1850,-75
38410.jpg,1925,1923,-2
38415.jpg,1925,2,-1923
38420.jpg,1925,1934,9
38425.jpg,1925,1875,-50
38435.jpg,1925,201,-1724
38440.jpg,1925,1920,-5
38450.jpg,1925,1900,-25
38455.jpg,1925,2005,80
38460.jpg,1925,2010,85
38465.jpg,1925,1930,5
38470.jpg,1925,1895,-30
38475.jpg,1925,1910,-15
38480.jpg,1925,1920,-5
38490.jpg,1925,1964,39
38495.jpg,1925,1918,-7
38500.jpg,1925,1900,-25
38505.jpg,1925,1900,-25
38510.jpg,1925,1890,-35
38515.jpg,1926,1712,-214
38520.jpg,1926,1900,-26
38525.jpg,1926,1925,-1
38530.jpg,1926,1900,-26
38535.jpg,1926,1970,44
38540.jpg,1926,1935,9
38545.jpg,1926,1890,-36
38550.jpg,1926,1900,-26
38555.jpg,1926,1940,14
38560.jpg,1926,1975,49
38565.jpg,1926,1900,-26
38570.jpg,1926,1920,-6
38575.jpg,1926,1980,54
38580.jpg,1926,1965,39
38585.jpg,1926,1960,34
38590.jpg,1926,1975,49
38595.jpg,1926,1980,54
38600.jpg,1926,2004,78
38605.jpg,1926,2017,91
38610.jpg,1926,1930,4
38620.jpg,1926,2018,92
38625.jpg,1926,1950,24
38630.jpg,1926,1950,24
38635.jpg,1926,1940,14
38640.jpg,1926,1950,24
38645.jpg,1926,1970,44
38650.jpg,1926,1970,44
38655.jpg,1926,1950,24
38660.jpg,1926,1900,-26
38665.jpg,1926,1960,34
38670.jpg,1926,1900,-26
38675.jpg,1926,1940,14
38680.jpg,1926,1935,9
38685.jpg,1926,1947,21
38690.jpg,1926,1950,24
38695.jpg,1926,1890,-36
38700.jpg,1926,1885,-41
38705.jpg,1926,18,-1908
38710.jpg,1926,1950,24
38715.jpg,1926,1920,-6
38720.jpg,1926,1900,-26
38725.jpg,1926,1950,24
38730.jpg,1926,1900,-26
38735.jpg,1926,175,-1751
38740.jpg,1926,1942,16
38745.jpg,1926,1910,-16
38750.jpg,1926,1920,-6
38755.jpg,1926,1930,4
38760.jpg,1926,2000,74
38765.jpg,1926,1900,-26
38770.jpg,1926,1900,-26
38775.jpg,1926,1850,-76
38780.jpg,1926,1980,54
38785.jpg,1926,1700,-226
38790.jpg,1926,1930,4
38795.jpg,1926,1916,-10
38800.jpg,1926,1880,-46
38805.jpg,1926,1910,-16
38810.jpg,1926,1980,54
38815.jpg,1926,1828,-98
38820.jpg,1926,1900,-26
38825.jpg,1926,1900,-26
38830.jpg,1926,1800,-126
38835.jpg,1926,1795,-131
38840.jpg,1926,1930,4
38845.jpg,1926,1900,-26
38850.jpg,1926,1890,-36
38855.jpg,1926,1986,60
38860.jpg,1926,1930,4
38865.jpg,1926,1860,-66
38870.jpg,1926,2020,94
38875.jpg,1926,1870,-56
38880.jpg,1926,1910,-16
38885.jpg,1926,1780,-146
38890.jpg,1926,1900,-26
38895.jpg,1926,1834,-92
38905.jpg,1926,1850,-76
38910.jpg,1926,1910,-16
38915.jpg,1926,1978,52
38920.jpg,1926,1921,-5
38925.jpg,1926,1885,-41
38930.jpg,1926,1900,-26
38935.jpg,1926,1920,-6
38940.jpg,1926,1930,4
38945.jpg,1926,1975,49
38950.jpg,1926,1900,-26
38955.jpg,1926,2000,74
38960.jpg,1926,1905,-21
38965.jpg,1926,1868,-58
38970.jpg,1926,1915,-11
38975.jpg,1926,1890,-36
38980.jpg,1926,4500,2574
38985.jpg,1926,1970,44
38990.jpg,1926,1947,21
38995.jpg,1927,1960,33
39000.jpg,1927,1910,-17
39005.jpg,1927,1900,-27
39010.jpg,1927,1830,-97
39020.jpg,1927,1850,-77
39025.jpg,1927,1949,22
39030.jpg,1927,1920,-7
39035.jpg,1927,1868,-59
39040.jpg,1927,1926,-1
39045.jpg,1927,1990,63
39050.jpg,1927,1930,3
39055.jpg,1927,1941,14
39060.jpg,1927,1965,38
39065.jpg,1927,1920,-7
39070.jpg,1927,1940,13
39075.jpg,1927,1920,-7
39080.jpg,1927,1935,8
39085.jpg,1927,2010,83
39090.jpg,1927,-1,-1928
39110.jpg,1927,2000,73
39115.jpg,1927,1925,-2
39120.jpg,1927,1963,36
39125.jpg,1927,1950,23
39130.jpg,1927,1930,3
39135.jpg,1927,1930,3
39140.jpg,1927,1900,-27
39145.jpg,1927,1910,-17
39150.jpg,1927,1965,38
39155.jpg,1927,1946,19
39160.jpg,1927,1900,-27
39165.jpg,1927,1905,-22
39170.jpg,1927,1956,29
39175.jpg,1927,1935,8
39180.jpg,1927,1970,43
39185.jpg,1927,1930,3
39190.jpg,1927,1900,-27
39195.jpg,1927,2000,73
39200.jpg,1927,1935,8
39205.jpg,1927,1943,16
39210.jpg,1927,1900,-27
39215.jpg,1927,1900,-27
39220.jpg,1927,1968,41
39225.jpg,1927,1794,-133
39230.jpg,1927,1930,3
39235.jpg,1927,1930,3
39240.jpg,1927,1945,18
39245.jpg,1927,1930,3
39250.jpg,1927,1900,-27
39255.jpg,1927,1734,-193
39260.jpg,1927,1951,24
39265.jpg,1927,1913,-14
39270.jpg,1927,1957,30
39275.jpg,1927,1920,-7
39280.jpg,1927,1980,53
39285.jpg,1927,1880,-47
39290.jpg,1927,1825,-102
39295.jpg,1927,1970,43
39300.jpg,1927,1975,48
39305.jpg,1927,1900,-27
39310.jpg,1927,1910,-17
39315.jpg,1927,1950,23
39320.jpg,1927,1750,-177
39325.jpg,1927,1965,38
39330.jpg,1927,1920,-7
39335.jpg,1927,1850,-77
39340.jpg,1927,1926,-1
39345.jpg,1927,1935,8
39350.jpg,1927,1954,27
39355.jpg,1927,1960,33
39360.jpg,1927,1950,23
39365.jpg,1927,1943,16
39370.jpg,1927,2010,83
39375.jpg,1927,1870,-57
39380.jpg,1927,1960,33
39385.jpg,1927,1915,-12
39390.jpg,1927,1924,-3
39395.jpg,1927,18,-1909
39400.jpg,1927,1900,-27
39405.jpg,1927,1973,46
39410.jpg,1927,1960,33
39415.jpg,1927,1920,-7
39420.jpg,1927,1927,0
39425.jpg,1927,1890,-37
39430.jpg,1927,1915,-12
39435.jpg,1927,1900,-27
39440.jpg,1927,1888,-39
39445.jpg,1927,1900,-27
39450.jpg,1927,1900,-27
39455.jpg,1927,1768,-159
39460.jpg,1927,1930,3
39465.jpg,1927,1900,-27
39470.jpg,1927,1800,-127
39475.jpg,1927,1920,-7
39480.jpg,1927,1985,58
39485.jpg,1927,1945,18
39490.jpg,1927,1875,-52
39495.jpg,1927,1895,-32
39500.jpg,1927,1920,-7
39505.jpg,1927,1955,28
39510.jpg,1928,1920,-8
39515.jpg,1928,20,-1908
39520.jpg,1928,1930,2
39525.jpg,1928,1925,-3
39530.jpg,1928,1880,-48
39535.jpg,1928,1900,-28
39540.jpg,1928,1945,17
39545.jpg,1928,1900,-28
39550.jpg,1928,1935,7
39555.jpg,1928,1910,-18
39560.jpg,1928,1922,-6
39565.jpg,1928,1940,12
39570.jpg,1928,1900,-28
39575.jpg,1928,2005,77
39580.jpg,1928,1930,2
39585.jpg,1928,1950,22
39590.jpg,1928,1930,2
39595.jpg,1928,1900,-28
39600.jpg,1928,2000,72
39605.jpg,1928,2010,82
39610.jpg,1928,1985,57
39615.jpg,1928,1990,62
39620.jpg,1928,1900,-28
39625.jpg,1928,1900,-28
39630.jpg,1928,1950,22
39635.jpg,1928,1900,-28
39640.jpg,1928,1930,2
39645.jpg,1928,1940,12
39650.jpg,1928,1870,-58
39655.jpg,1928,1890,-38
39660.jpg,1928,1957,29
39665.jpg,1928,1960,32
39670.jpg,1928,1905,-23
39675.jpg,1928,1900,-28
39680.jpg,1928,1950,22
39685.jpg,1928,1940,12
39690.jpg,1928,1950,22
39695.jpg,1928,1945,17
39700.jpg,1928,1930,2
39705.jpg,1928,1780,-148
39710.jpg,1928,1920,-8
39715.jpg,1928,1898,-30
39720.jpg,1928,1947,19
39725.jpg,1928,1800,-128
39730.jpg,1928,1930,2
39735.jpg,1928,1880,-48
39740.jpg,1928,1970,42
39745.jpg,1928,1880,-48
39750.jpg,1928,1900,-28
39755.jpg,1928,1880,-48
39760.jpg,1928,1890,-38
39765.jpg,1928,1935,7
39770.jpg,1928,1765,-163
39775.jpg,1928,1910,-18
39780.jpg,1928,1880,-48
39785.jpg,1928,1865,-63
39790.jpg,1928,1900,-28
39795.jpg,1928,1940,12
39800.jpg,1928,1910,-18
39805.jpg,1928,1853,-75
39810.jpg,1928,1850,-78
39815.jpg,1928,1900,-28
39820.jpg,1928,1890,-38
39825.jpg,1928,1880,-48
39830.jpg,1928,1950,22
39835.jpg,1928,1955,27
39840.jpg,1928,1860,-68
39845.jpg,1928,20,-1908
39850.jpg,1928,1960,32
39855.jpg,1928,1870,-58
39860.jpg,1928,1856,-72
39865.jpg,1928,1900,-28
39870.jpg,1928,1860,-68
39875.jpg,1928,1925,-3
39880.jpg,1928,2000,72
39885.jpg,1928,1925,-3
39890.jpg,1928,1900,-28
39895.jpg,1928,1950,22
39900.jpg,1928,1993,65
39905.jpg,1928,1900,-28
39910.jpg,1928,1995,67
39915.jpg,1928,1885,-43
39920.jpg,1928,1900,-28
39925.jpg,1928,1931,3
39930.jpg,1928,1923,-5
39935.jpg,1928,1950,22
39940.jpg,1928,1915,-13
39945.jpg,1928,1930,2
39950.jpg,1928,1899,-29
39955.jpg,1928,1910,-18
39960.jpg,1928,1789,-139
39965.jpg,1928,1920,-8
39970.jpg,1928,1885,-43
39975.jpg,1928,1900,-28
39980.jpg,1928,1950,22
39985.jpg,1928,1900,-28
39990.jpg,1928,1950,22
39995.jpg,1928,1950,22
40000.jpg,1928,1920,-8
40010.jpg,1928,1987,59
40015.jpg,1928,1800,-128
40020.jpg,1928,1850,-78
40025.jpg,1928,1913,-15
40030.jpg,1928,1882,-46
40035.jpg,1928,1910,-18
40040.jpg,1928,1880,-48
40045.jpg,1929,1950,21
40050.jpg,1929,1921,-8
40055.jpg,1929,1940,11
40060.jpg,1929,1890,-39
40065.jpg,1929,1920,-9
40070.jpg,1929,1914,-15
40075.jpg,1929,1940,11
40080.jpg,1929,1985,56
40095.jpg,1929,1910,-19
40105.jpg,1929,1890,-39
40110.jpg,1929,1890,-39
40115.jpg,1929,1900,-29
40120.jpg,1929,1850,-79
40125.jpg,1929,1930,1
40130.jpg,1929,1910,-19
40135.jpg,1929,1900,-29
40140.jpg,1929,1900,-29
40145.jpg,1929,1920,-9
40150.jpg,1929,1920,-9
40155.jpg,1929,1920,-9
40160.jpg,1929,1930,1
40165.jpg,1929,1920,-9
40170.jpg,1929,1928,-1
40175.jpg,1929,1928,-1
40180.jpg,1929,1935,6
40185.jpg,1929,1930,1
40190.jpg,1929,1850,-79
40195.jpg,1929,1926,-3
40200.jpg,1929,1930,1
40205.jpg,1929,1950,21
40210.jpg,1929,1940,11
40215.jpg,1929,1897,-32
40220.jpg,1929,1920,-9
40225.jpg,1929,1928,-1
40230.jpg,1929,1810,-119
40235.jpg,1929,1950,21
40240.jpg,1929,1995,66
40245.jpg,1929,1875,-54
40250.jpg,1929,1990,61
40255.jpg,1929,1975,46
40260.jpg,1929,1970,41
40265.jpg,1929,2000,71
40270.jpg,1929,1800,-129
40275.jpg,1929,1990,61
40280.jpg,1929,1958,29
40285.jpg,1929,1896,-33
40290.jpg,1929,1500,-429
40295.jpg,1929,1453,-476
40305.jpg,1929,1950,21
40310.jpg,1929,1990,61
40315.jpg,1929,1880,-49
40320.jpg,1929,1950,21
40325.jpg,1929,1950,21
40330.jpg,1929,1800,-129
40335.jpg,1929,1600,-329
40340.jpg,1929,1920,-9
40345.jpg,1929,1900,-29
40350.jpg,1929,1352,-577
40355.jpg,1929,1900,-29
40360.jpg,1929,1900,-29
40365.jpg,1929,1950,21
40370.jpg,1929,1915,-14
40375.jpg,1929,1920,-9
40380.jpg,1929,1900,-29
40385.jpg,1929,1900,-29
40390.jpg,1929,1910,-19
40395.jpg,1929,1970,41
40400.jpg,1929,1900,-29
40405.jpg,1929,1910,-19
40410.jpg,1929,1875,-54
40415.jpg,1929,1900,-29
40420.jpg,1929,1910,-19
40425.jpg,1929,1905,-24
40430.jpg,1929,1925,-4
40435.jpg,1929,1925,-4
40440.jpg,1929,1890,-39
40450.jpg,1929,1890,-39
40455.jpg,1929,1900,-29
40460.jpg,1929,1980,51
40465.jpg,1929,1930,1
40470.jpg,1929,1933,4
40475.jpg,1929,1950,21
40480.jpg,1929,1930,1
40485.jpg,1929,1925,-4
40490.jpg,1929,-1,-1930
40495.jpg,1929,1885,-44
40500.jpg,1929,1948,19
40505.jpg,1929,1987,58
40510.jpg,1929,1930,1
40515.jpg,1929,1930,1
40520.jpg,1929,1960,31
40525.jpg,1929,1700,-229
40530.jpg,1929,1900,-29
40535.jpg,1929,1936,7
40540.jpg,1930,1856,-74
40545.jpg,1930,1970,40
40550.jpg,1930,1950,20
40555.jpg,1930,1899,-31
40560.jpg,1930,2020,90
40565.jpg,1930,1985,55
40570.jpg,1930,1960,30
40575.jpg,1930,1940,10
40580.jpg,1930,1850,-80
40585.jpg,1930,1890,-40
40590.jpg,1930,1960,30
40595.jpg,1930,1907,-23
40600.jpg,1930,1950,20
40605.jpg,1930,1960,30
40610.jpg,1930,1923,-7
40615.jpg,1930,1830,-100
40620.jpg,1930,1965,35
40625.jpg,1930,1952,22
40630.jpg,1930,1927,-3
40635.jpg,1930,1900,-30
40640.jpg,1930,1883,-47
40645.jpg,1930,2000,70
40650.jpg,1930,1968,38
40655.jpg,1930,1975,45
40660.jpg,1930,1453,-477
40665.jpg,1930,1880,-50
40670.jpg,1930,1950,20
40675.jpg,1930,1900,-30
40680.jpg,1930,1830,-100
40685.jpg,1930,1957,27
40690.jpg,1930,1905,-25
40695.jpg,1930,1960,30
40700.jpg,1930,1900,-30
40705.jpg,1930,1960,30
40710.jpg,1930,1688,-242
40715.jpg,1930,1875,-55
40720.jpg,1930,1900,-30
40725.jpg,1930,1930,0
40730.jpg,1930,2009,79
40735.jpg,1930,1890,-40
40740.jpg,1930,1851,-79
40745.jpg,1930,1875,-55
40750.jpg,1930,1753,-177
40755.jpg,1930,1970,40
40760.jpg,1930,1955,25
40765.jpg,1930,1921,-9
40770.jpg,1930,1860,-70
40775.jpg,1930,1889,-41
40780.jpg,1930,1950,20
40785.jpg,1930,1970,40
40790.jpg,1930,1953,23
40795.jpg,1930,1927,-3
40800.jpg,1930,1985,55
40805.jpg,1930,1931,1
40810.jpg,1930,1921,-9
40815.jpg,1930,1921,-9
40820.jpg,1930,1900,-30
40825.jpg,1930,1925,-5
40830.jpg,1930,1927,-3
40835.jpg,1930,1935,5
40840.jpg,1930,1920,-10
40845.jpg,1930,1960,30
40850.jpg,1930,1960,30
40855.jpg,1930,1920,-10
40860.jpg,1930,1900,-30
40865.jpg,1930,1900,-30
40870.jpg,1930,1928,-2
40875.jpg,1930,1930,0
40885.jpg,1930,1950,20
40890.jpg,1930,1900,-30
40895.jpg,1930,1880,-50
40900.jpg,1930,1500,-430
40905.jpg,1930,1850,-80
40910.jpg,1930,1930,0
40915.jpg,1930,1900,-30
40920.jpg,1930,1890,-40
40925.jpg,1930,1900,-30
40930.jpg,1930,1900,-30
40935.jpg,1930,1950,20
40940.jpg,1930,1912,-18
40950.jpg,1930,1916,-14
40960.jpg,1930,1920,-10
40965.jpg,1931,1995,64
40970.jpg,1931,1950,19
40975.jpg,1931,1985,54
40980.jpg,1931,1880,-51
40985.jpg,1931,1921,-10
40990.jpg,1931,1945,14
40995.jpg,1931,1930,-1
41000.jpg,1931,1950,19
41005.jpg,1931,1912,-19
41010.jpg,1931,2002,71
41015.jpg,1931,1950,19
41020.jpg,1931,1930,-1
41025.jpg,1931,1980,49
41030.jpg,1931,1950,19
41035.jpg,1931,1950,19
41040.jpg,1931,1940,9
41045.jpg,1931,1960,29
41050.jpg,1931,1940,9
41055.jpg,1931,1900,-31
41060.jpg,1931,2,-1929
41065.jpg,1931,1900,-31
41070.jpg,1931,1900,-31
41075.jpg,1931,1925,-6
41080.jpg,1931,1930,-1
41085.jpg,1931,1930,-1
41095.jpg,1931,1920,-11
41100.jpg,1931,1930,-1
41105.jpg,1931,1950,19
41110.jpg,1931,1900,-31
41115.jpg,1931,1920,-11
41120.jpg,1931,1980,49
41125.jpg,1931,1950,19
41130.jpg,1931,2005,74
41135.jpg,1931,1932,1
41140.jpg,1931,1900,-31
41150.jpg,1931,1936,5
41155.jpg,1931,1900,-31
41160.jpg,1931,1930,-1
41165.jpg,1931,1875,-56
41170.jpg,1931,1300,-631
41175.jpg,1931,1903,-28
41180.jpg,1931,1900,-31
41185.jpg,1931,1910,-21
41190.jpg,1931,1870,-61
41195.jpg,1931,1915,-16
41200.jpg,1931,1880,-51
41205.jpg,1931,1853,-78
41210.jpg,1931,1938,7
41215.jpg,1931,1910,-21
41220.jpg,1931,1900,-31
41225.jpg,1931,1830,-101
41230.jpg,1931,1924,-7
41235.jpg,1931,1999,68
41240.jpg,1931,1900,-31
41245.jpg,1931,1882,-49
41250.jpg,1931,1900,-31
41255.jpg,1931,1960,29
41260.jpg,1931,1902,-29
41265.jpg,1931,1930,-1
41270.jpg,1931,1989,58
41275.jpg,1931,1935,4
41280.jpg,1931,1900,-31
41285.jpg,1931,1875,-56
41290.jpg,1931,1962,31
41295.jpg,1931,1979,48
41305.jpg,1931,1930,-1
41310.jpg,1932,1925,-7
41320.jpg,1932,1930,-2
41325.jpg,1932,1892,-40
41330.jpg,1932,1965,33
41340.jpg,1932,1990,58
41345.jpg,1932,1950,18
41350.jpg,1932,1900,-32
41355.jpg,1932,1985,53
41360.jpg,1932,1906,-26
41365.jpg,1932,1920,-12
41370.jpg,1932,1931,-1
41375.jpg,1932,1940,8
41380.jpg,1932,1929,-3
41385.jpg,1932,1923,-9
41390.jpg,1932,1940,8
41395.jpg,1932,1995,63
41400.jpg,1932,1970,38
41405.jpg,1932,1923,-9
41410.jpg,1932,1950,18
41415.jpg,1932,1932,0
41420.jpg,1932,1960,28
41425.jpg,1932,1940,8
41430.jpg,1932,1957,25
41435.jpg,1932,1900,-32
41440.jpg,1932,1840,-92
41445.jpg,1932,1900,-32
41450.jpg,1932,1945,13
41455.jpg,1932,1760,-172
41460.jpg,1932,1778,-154
41465.jpg,1932,1950,18
41470.jpg,1932,1990,58
41475.jpg,1932,1900,-32
41480.jpg,1932,1936,4
41485.jpg,1932,1903,-29
41490.jpg,1932,1900,-32
41495.jpg,1932,1900,-32
41500.jpg,1932,2010,78
41505.jpg,1932,1950,18
41510.jpg,1932,1935,3
41515.jpg,1932,1945,13
41520.jpg,1932,1950,18
41525.jpg,1932,1905,-27
41530.jpg,1932,1890,-42
41535.jpg,1932,1900,-32
41540.jpg,1932,1960,28
41545.jpg,1932,1950,18
41550.jpg,1932,1980,48
41555.jpg,1932,1917,-15
41560.jpg,1932,1945,13
41565.jpg,1932,1925,-7
41570.jpg,1933,1890,-43
41575.jpg,1933,1925,-8
41580.jpg,1933,1000,-933
41585.jpg,1933,2000,67
41590.jpg,1933,2000,67
41595.jpg,1933,1960,27
41600.jpg,1933,1850,-83
41605.jpg,1933,1920,-13
41610.jpg,1933,1930,-3
41615.jpg,1933,1850,-83
41620.jpg,1933,1995,62
41625.jpg,1933,2000,67
41630.jpg,1933,1890,-43
41635.jpg,1933,1950,17
41640.jpg,1933,1905,-28
41645.jpg,1933,1900,-33
41650.jpg,1933,1880,-53
41655.jpg,1933,1890,-43
41660.jpg,1933,1935,2
41665.jpg,1933,1948,15
41670.jpg,1933,1915,-18
41675.jpg,1933,1905,-28
41680.jpg,1933,1950,17
41685.jpg,1933,1785,-148
41690.jpg,1933,1950,17
41695.jpg,1933,1965,32
41700.jpg,1933,1927,-6
41705.jpg,1933,1950,17
41710.jpg,1933,1900,-33
41715.jpg,1933,1850,-83
41720.jpg,1933,1890,-43
41725.jpg,1933,1850,-83
41730.jpg,1933,1920,-13
41745.jpg,1933,1900,-33
41750.jpg,1933,1950,17
41755.jpg,1933,1925,-8
41760.jpg,1933,1962,29
41765.jpg,1933,1930,-3
41770.jpg,1933,1870,-63
41775.jpg,1933,1870,-63
41780.jpg,1933,1850,-83
41785.jpg,1933,1850,-83
41790.jpg,1933,1870,-63
41795.jpg,1933,2010,77
41800.jpg,1933,1900,-33
41805.jpg,1933,1980,47
41810.jpg,1933,1900,-33
41815.jpg,1933,1920,-13
41820.jpg,1933,1926,-7
41825.jpg,1933,1932,-1
41830.jpg,1933,1930,-3
41835.jpg,1934,2020,86
41840.jpg,1934,1930,-4
41845.jpg,1934,2020,86
41850.jpg,1934,1905,-29
41855.jpg,1934,2011,77
41860.jpg,1934,1995,61
41865.jpg,1934,2012,78
41870.jpg,1934,2015,81
41875.jpg,1934,1920,-14
41880.jpg,1934,1935,1
41885.jpg,1934,1960,26
41890.jpg,1934,1960,26
41895.jpg,1934,2019,85
41900.jpg,1934,1920,-14
41905.jpg,1934,1910,-24
41910.jpg,1934,1960,26
41915.jpg,1934,1970,36
41920.jpg,1934,-1,-1935
41925.jpg,1934,1998,64
41930.jpg,1934,1950,16
41935.jpg,1934,1960,26
41940.jpg,1934,1943,9
41945.jpg,1934,1960,26
41950.jpg,1934,1955,21
41955.jpg,1934,20,-1914
41960.jpg,1934,1901,-33
41965.jpg,1934,1870,-64
41970.jpg,1934,1885,-49
41975.jpg,1934,1997,63
41980.jpg,1934,1830,-104
41985.jpg,1934,1903,-31
41990.jpg,1934,1910,-24
41995.jpg,1934,1820,-114
42000.jpg,1934,1900,-34
42005.jpg,1934,1954,20
42010.jpg,1935,1881,-54
42015.jpg,1935,1850,-85
42020.jpg,1935,1930,-5
42025.jpg,1935,1,-1934
42035.jpg,1935,1970,35
42040.jpg,1935,1987,52
42045.jpg,1935,1970,35
42050.jpg,1935,1942,7
42060.jpg,1935,1950,15
42065.jpg,1935,1960,25
42070.jpg,1935,1950,15
42075.jpg,1935,1930,-5
42080.jpg,1935,1945,10
42085.jpg,1935,1870,-65
42090.jpg,1935,1940,5
42095.jpg,1935,-1,-1936
42100.jpg,1935,1900,-35
42105.jpg,1935,1925,-10
42110.jpg,1935,2005,70
42115.jpg,1935,1905,-30
42120.jpg,1935,1920,-15
42125.jpg,1935,1770,-165
42130.jpg,1935,1934,-1
42135.jpg,1935,1969,34
42140.jpg,1935,1950,15
42145.jpg,1935,1850,-85
42150.jpg,1935,1850,-85
42155.jpg,1935,1750,-185
42160.jpg,1935,1905,-30
42165.jpg,1935,1890,-45
42170.jpg,1935,1750,-185
42175.jpg,1935,2010,75
42180.jpg,1935,1905,-30
42185.jpg,1935,1970,35
42190.jpg,1935,1955,20
42195.jpg,1935,1950,15
42200.jpg,1935,1980,45
42205.jpg,1935,1950,15
42210.jpg,1935,1921,-14
42215.jpg,1935,1913,-22
42220.jpg,1935,1953,18
42225.jpg,1935,1960,25
42230.jpg,1935,1817,-118
42235.jpg,1935,1925,-10
42240.jpg,1935,1950,15
42250.jpg,1935,1955,20
42255.jpg,1935,1913,-22
42260.jpg,1935,1950,15
42265.jpg,1935,1950,15
42270.jpg,1935,1865,-70
42275.jpg,1935,1885,-50
42280.jpg,1935,1960,25
42285.jpg,1935,1974,39
42290.jpg,1935,1935,0
42295.jpg,1936,1961,25
42300.jpg,1936,1900,-36
42305.jpg,1936,1930,-6
42310.jpg,1936,1990,54
42315.jpg,1936,1940,4
42320.jpg,1936,2005,69
42325.jpg,1936,1975,39
42330.jpg,1936,2023,87
42335.jpg,1936,2010,74
42340.jpg,1936,1950,14
42345.jpg,1936,1950,14
42350.jpg,1936,1850,-86
42355.jpg,1936,1960,24
42360.jpg,1936,1950,14
42365.jpg,1936,1921,-15
42370.jpg,1936,1945,9
42375.jpg,1936,1843,-93
42380.jpg,1936,1990,54
42385.jpg,1936,1940,4
42390.jpg,1936,1972,36
42395.jpg,1936,1960,24
42400.jpg,1936,1960,24
42405.jpg,1936,1900,-36
42410.jpg,1936,1988,52
42415.jpg,1936,1911,-25
42420.jpg,1936,1920,-16
42425.jpg,1936,2010,74
42430.jpg,1936,1800,-136
42435.jpg,1936,1950,14
42440.jpg,1936,1978,42
42445.jpg,1936,1920,-16
42450.jpg,1936,1925,-11
42455.jpg,1936,1955,19
42460.jpg,1936,1949,13
42465.jpg,1936,1950,14
42470.jpg,1936,-1,-1937
42475.jpg,1936,1930,-6
42480.jpg,1936,1700,-236
42485.jpg,1936,1960,24
42490.jpg,1936,1905,-31
42495.jpg,1936,1800,-136
42500.jpg,1936,1950,14
42505.jpg,1936,1930,-6
42510.jpg,1936,1920,-16
42515.jpg,1936,1920,-16
42520.jpg,1936,2000,64
42525.jpg,1936,1940,4
42530.jpg,1936,2025,89
42535.jpg,1936,1960,24
42540.jpg,1936,1848,-88
42545.jpg,1936,1883,-53
42550.jpg,1936,1940,4
42555.jpg,1936,1700,-236
42560.jpg,1936,1953,17
42565.jpg,1936,1850,-86
42570.jpg,1936,1954,18
42575.jpg,1936,1930,-6
42585.jpg,1936,1998,62
42595.jpg,1936,1930,-6
42600.jpg,1936,1950,14
42610.jpg,1937,1930,-7
42615.jpg,1937,1925,-12
42620.jpg,1937,1930,-7
42625.jpg,1937,1916,-21
42630.jpg,1937,2003,66
42635.jpg,1937,1960,23
42640.jpg,1937,1980,43
42645.jpg,1937,1995,58
42650.jpg,1937,1959,22
42655.jpg,1937,1982,45
42660.jpg,1937,1900,-37
42665.jpg,1937,1923,-14
42670.jpg,1937,1880,-57
42675.jpg,1937,1860,-77
42680.jpg,1937,1960,23
42685.jpg,1937,1955,18
42690.jpg,1937,1970,33
42695.jpg,1937,1980,43
42700.jpg,1937,1950,13
42705.jpg,1937,1925,-12
42710.jpg,1937,19500,17563
42715.jpg,1937,1970,33
42720.jpg,1937,1850,-87
42725.jpg,1937,1880,-57
42730.jpg,1937,1950,13
42735.jpg,1937,20,-1917
42740.jpg,1937,1937,0
42745.jpg,1937,1960,23
42750.jpg,1937,2015,78
42755.jpg,1937,1950,13
42765.jpg,1937,1780,-157
42770.jpg,1937,-1,-1938
42775.jpg,1937,1945,8
42780.jpg,1937,1950,13
42785.jpg,1937,1950,13
42790.jpg,1937,1905,-32
42795.jpg,1937,1950,13
42800.jpg,1937,1887,-50
42805.jpg,1937,2010,73
42810.jpg,1937,1830,-107
42815.jpg,1937,1910,-27
42820.jpg,1937,1975,38
42825.jpg,1937,1890,-47
42830.jpg,1937,1970,33
42835.jpg,1937,1955,18
42840.jpg,1937,1930,-7
42845.jpg,1937,1975,38
42850.jpg,1937,1985,48
42855.jpg,1937,1935,-2
42860.jpg,1937,1910,-27
42865.jpg,1937,1950,13
42870.jpg,1937,1950,13
42875.jpg,1937,1970,33
42880.jpg,1937,1925,-12
42885.jpg,1937,1965,28
42890.jpg,1937,2019,82
42895.jpg,1937,1940,3
42900.jpg,1937,1963,26
42905.jpg,1937,2016,79
42910.jpg,1937,944,-993
42915.jpg,1938,1965,27
42920.jpg,1938,1920,-18
42925.jpg,1938,1919,-19
42930.jpg,1938,1940,2
42935.jpg,1938,1900,-38
42940.jpg,1938,2000,62
42945.jpg,1938,1983,45
42950.jpg,1938,1985,47
42955.jpg,1938,2023,85
42960.jpg,1938,1950,12
42965.jpg,1938,1980,42
42970.jpg,1938,1890,-48
42975.jpg,1938,1945,7
42980.jpg,1938,1955,17
42985.jpg,1938,1762,-176
42990.jpg,1938,1905,-33
42995.jpg,1938,1942,4
43000.jpg,1938,1900,-38
43005.jpg,1938,1920,-18
43010.jpg,1938,1916,-22
43015.jpg,1938,1950,12
43020.jpg,1938,1960,22
43025.jpg,1938,1950,12
43030.jpg,1938,2000,62
43035.jpg,1938,1910,-28
43040.jpg,1938,1950,12
43045.jpg,1938,1935,-3
43050.jpg,1938,1950,12
43055.jpg,1938,1880,-58
43060.jpg,1938,2050,112
43065.jpg,1938,1950,12
43070.jpg,1938,1995,57
43075.jpg,1938,1935,-3
43080.jpg,1938,1950,12
43085.jpg,1938,1700,-238
43090.jpg,1938,1960,22
43095.jpg,1938,1881,-57
43100.jpg,1938,2010,72
43105.jpg,1938,1950,12
43110.jpg,1938,1930,-8
43115.jpg,1938,1905,-33
43120.jpg,1938,1875,-63
43125.jpg,1938,1870,-68
43130.jpg,1938,1970,32
43135.jpg,1938,1900,-38
43140.jpg,1938,2010,72
43145.jpg,1938,1850,-88
43150.jpg,1938,1453,-485
43155.jpg,1938,1980,42
43160.jpg,1938,1920,-18
43165.jpg,1938,1945,7
43170.jpg,1938,1950,12
43175.jpg,1938,1964,26
43185.jpg,1938,1953,15
43190.jpg,1938,1885,-53
43195.jpg,1938,1950,12
43200.jpg,1938,1940,2
43210.jpg,1939,1955,16
43215.jpg,1939,1950,11
43220.jpg,1939,1925,-14
43225.jpg,1939,1880,-59
43235.jpg,1939,2000,61
43245.jpg,1939,1893,-46
43250.jpg,1939,1990,51
43255.jpg,1939,2000,61
43260.jpg,1939,2005,66
43270.jpg,1939,1800,-139
43275.jpg,1939,1950,11
43280.jpg,1939,1849,-90
43285.jpg,1939,20,-1919
43290.jpg,1939,1945,6
43295.jpg,1939,1945,6
43300.jpg,1939,1960,21
43305.jpg,1939,1970,31
43310.jpg,1939,1928,-11
43315.jpg,1939,1900,-39
43320.jpg,1939,1930,-9
43325.jpg,1939,1980,41
43330.jpg,1939,1940,1
43335.jpg,1939,1970,31
43340.jpg,1939,1950,11
43345.jpg,1939,1900,-39
43350.jpg,1939,1970,31
43360.jpg,1939,1975,36
43365.jpg,1939,1930,-9
43370.jpg,1939,1900,-39
43375.jpg,1939,1903,-36
43380.jpg,1939,1950,11
43385.jpg,1939,1960,21
43390.jpg,1939,1960,21
43395.jpg,1939,-1,-1940
43400.jpg,1939,2010,71
43405.jpg,1939,2019,80
43410.jpg,1939,1937,-2
43415.jpg,1939,1930,-9
43420.jpg,1939,1910,-29
43425.jpg,1939,1756,-183
43430.jpg,1939,1950,11
43435.jpg,1939,1960,21
43440.jpg,1939,1700,-239
43445.jpg,1939,1985,46
43450.jpg,1939,1950,11
43455.jpg,1939,1940,1
43460.jpg,1939,1920,-19
43465.jpg,1939,1970,31
43470.jpg,1940,1920,-20
43475.jpg,1940,1950,10
43480.jpg,1940,1930,-10
43485.jpg,1940,1920,-20
43490.jpg,1940,1905,-35
43495.jpg,1940,1960,20
43500.jpg,1940,1972,32
43505.jpg,1940,2005,65
43510.jpg,1940,1925,-15
43515.jpg,1940,-1,-1941
43520.jpg,1940,1850,-90
43525.jpg,1940,1840,-100
43530.jpg,1940,1903,-37
43535.jpg,1940,1850,-90
43540.jpg,1940,1940,0
43545.jpg,1940,1989,49
43550.jpg,1940,1880,-60
43555.jpg,1940,1950,10
43560.jpg,1940,1979,39
43565.jpg,1940,1960,20
43570.jpg,1940,1904,-36
43575.jpg,1940,1986,46
43580.jpg,1940,1880,-60
43585.jpg,1940,1799,-141
43590.jpg,1940,1920,-20
43595.jpg,1940,1975,35
43600.jpg,1940,-1,-1941
43605.jpg,1940,1990,50
43610.jpg,1940,1850,-90
43615.jpg,1940,1860,-80
43620.jpg,1940,1898,-42
43625.jpg,1940,1960,20
43630.jpg,1940,1950,10
43635.jpg,1940,1950,10
43640.jpg,1940,1900,-40
43645.jpg,1940,1985,45
43650.jpg,1940,1920,-20
43655.jpg,1940,1955,15
43660.jpg,1940,1970,30
43665.jpg,1940,1963,23
43670.jpg,1940,-1,-1941
43675.jpg,1940,1930,-10
43680.jpg,1940,1930,-10
43685.jpg,1940,1970,30
43700.jpg,1940,1930,-10
43705.jpg,1940,1930,-10
43710.jpg,1940,1930,-10
43715.jpg,1940,1950,10
43720.jpg,1941,1935,-6
43725.jpg,1941,1930,-11
43730.jpg,1941,2000,59
43735.jpg,1941,1990,49
43740.jpg,1941,2010,69
43745.jpg,1941,1741,-200
43750.jpg,1941,1925,-16
43755.jpg,1941,1833,-108
43760.jpg,1941,1885,-56
43765.jpg,1941,1800,-141
43770.jpg,1941,1935,-6
43775.jpg,1941,1964,23
43780.jpg,1941,1950,9
43785.jpg,1941,1969,28
43790.jpg,1941,1955,14
43795.jpg,1941,900,-1041
43800.jpg,1941,1955,14
43805.jpg,1941,1970,29
43810.jpg,1941,1900,-41
43815.jpg,1941,1960,19
43820.jpg,1941,1957,16
43825.jpg,1941,1850,-91
43830.jpg,1941,1950,9
43835.jpg,1941,2010,69
43840.jpg,1941,2018,77
43845.jpg,1941,1975,34
43850.jpg,1941,1995,54
43855.jpg,1941,1860,-81
43860.jpg,1941,2000,59
43865.jpg,1942,1945,3
43870.jpg,1942,1963,21
43875.jpg,1942,1935,-7
43880.jpg,1942,1875,-67
43885.jpg,1942,1980,38
43890.jpg,1942,1960,18
43895.jpg,1942,1960,18
43900.jpg,1942,1900,-42
43905.jpg,1942,1930,-12
43910.jpg,1942,1957,15
43915.jpg,1942,1800,-142
43920.jpg,1942,1950,8
43925.jpg,1942,2004,62
43930.jpg,1942,1966,24
43935.jpg,1942,1890,-52
43940.jpg,1942,1890,-52
43945.jpg,1942,1960,18
43950.jpg,1942,1925,-17
43955.jpg,1942,1852,-90
43960.jpg,1943,1850,-93
43965.jpg,1943,1950,7
43970.jpg,1943,1900,-43
43975.jpg,1943,1900,-43
43980.jpg,1943,1943,0
43985.jpg,1943,1980,37
43990.jpg,1943,1997,54
43995.jpg,1943,1910,-33
44000.jpg,1943,1735,-208
44005.jpg,1943,1975,32
44010.jpg,1943,1995,52
44015.jpg,1943,1970,27
44020.jpg,1943,-1,-1944
44025.jpg,1943,1960,17
44030.jpg,1944,1830,-114
44035.jpg,1944,1994,50
44040.jpg,1944,1950,6
44045.jpg,1944,1950,6
44050.jpg,1944,1905,-39
44055.jpg,1944,520,-1424
44060.jpg,1945,1900,-45
44065.jpg,1945,1955,10
44075.jpg,1945,1950,5
44080.jpg,1945,1950,5
44090.jpg,1945,1900,-45
44095.jpg,1945,1950,5
44100.jpg,1945,2009,64
44105.jpg,1945,1940,-5
44110.jpg,1945,1950,5
44115.jpg,1946,1974,28
44120.jpg,1946,2000,54
44125.jpg,1946,1950,4
44130.jpg,1946,1735,-211
44135.jpg,1946,1930,-16
44140.jpg,1946,1985,39
44145.jpg,1946,1979,33
44150.jpg,1946,1900,-46
44155.jpg,1946,1900,-46
44160.jpg,1946,1930,-16
44165.jpg,1946,1960,14
44170.jpg,1946,1985,39
44175.jpg,1947,1950,3
44180.jpg,1947,1950,3
44185.jpg,1947,1800,-147
44190.jpg,1947,1980,33
44195.jpg,1947,2000,53
44200.jpg,1947,1950,3
44205.jpg,1947,1950,3
44210.jpg,1947,2000,53
44215.jpg,1947,1980,33
44220.jpg,1947,1950,3
44230.jpg,1947,1914,-33
44240.jpg,1947,1950,3
44245.jpg,1947,1900,-47
44250.jpg,1947,1960,13
44255.jpg,1947,2010,63
44260.jpg,1947,1453,-494
44270.jpg,1947,1990,43
44275.jpg,1947,1880,-67
44280.jpg,1947,1950,3
44285.jpg,1948,1950,2
44290.jpg,1948,1972,24
44295.jpg,1948,2020,72
44300.jpg,1948,1920,-28
44305.jpg,1948,2010,62
44310.jpg,1948,2000,52
44315.jpg,1948,2015,67
44320.jpg,1948,1995,47
44325.jpg,1948,1950,2
44330.jpg,1948,1980,32
44335.jpg,1948,1915,-33
44340.jpg,1948,2010,62
44345.jpg,1948,1026,-922
44350.jpg,1948,1950,2
44355.jpg,1948,1898,-50
44360.jpg,1948,1990,42
44365.jpg,1948,2005,57
44370.jpg,1948,1900,-48
44375.jpg,1948,1950,2
44380.jpg,1948,1970,22
44385.jpg,1948,1975,27
44390.jpg,1948,1934,-14
44395.jpg,1948,1930,-18
44400.jpg,1949,1910,-39
44405.jpg,1949,2020,71
44410.jpg,1949,1890,-59
44415.jpg,1949,2010,61
44420.jpg,1949,2010,61
44425.jpg,1949,1950,1
44430.jpg,1949,1970,21
44435.jpg,1949,2000,51
44440.jpg,1949,1950,1
44445.jpg,1949,1950,1
44450.jpg,1949,1890,-59
44455.jpg,1949,1981,32
44460.jpg,1949,2003,54
44465.jpg,1949,1950,1
44470.jpg,1949,1980,31
44475.jpg,1949,1962,13
44480.jpg,1949,1966,17
44485.jpg,1949,1960,11
44490.jpg,1949,1900,-49
44495.jpg,1949,1970,21
44500.jpg,1949,1970,21
44510.jpg,1949,1940,-9
44515.jpg,1949,1900,-49
44520.jpg,1949,1990,41
44525.jpg,1949,1920,-29
44530.jpg,1949,1930,-19
44535.jpg,1949,1959,10
44540.jpg,1950,1970,20
44545.jpg,1950,1985,35
44550.jpg,1950,1950,0
44555.jpg,1950,1960,10
44560.jpg,1950,2020,70
44565.jpg,1950,2015,65
44570.jpg,1950,1970,20
44575.jpg,1950,1947,-3
44585.jpg,1950,2005,55
44590.jpg,1950,1957,7
44595.jpg,1950,1980,30
44600.jpg,1950,1980,30
44605.jpg,1950,1965,15
44610.jpg,1950,1935,-15
44615.jpg,1950,1980,30
44620.jpg,1950,1950,0
44625.jpg,1950,1952,2
44630.jpg,1950,1945,-5
44635.jpg,1950,2010,60
44640.jpg,1950,1953,3
44645.jpg,1950,1935,-15
44650.jpg,1950,1980,30
44655.jpg,1950,1900,-50
44660.jpg,1950,1950,0
44665.jpg,1950,1980,30
44680.jpg,1950,2011,61
44685.jpg,1950,1960,10
44690.jpg,1950,1960,10
44695.jpg,1950,1992,42
44700.jpg,1950,1980,30
44705.jpg,1951,1965,14
44710.jpg,1951,1900,-51
44720.jpg,1951,1950,-1
44725.jpg,1951,2000,49
44730.jpg,1951,1960,9
44735.jpg,1951,2010,59
44740.jpg,1951,1901,-50
44745.jpg,1951,2000,49
44750.jpg,1951,1940,-11
44755.jpg,1951,1950,-1
44760.jpg,1951,1960,9
44765.jpg,1951,1920,-31
44770.jpg,1951,13,-1938
44775.jpg,1951,1930,-21
44780.jpg,1951,1900,-51
44785.jpg,1951,1940,-11
44790.jpg,1951,1970,19
44795.jpg,1951,1960,9
44800.jpg,1951,1950,-1
44810.jpg,1951,1845,-106
44815.jpg,1951,1850,-101
44820.jpg,1951,1980,29
44825.jpg,1951,2015,64
44830.jpg,1951,1990,39
44840.jpg,1951,1427,-524
44845.jpg,1952,1945,-7
44850.jpg,1952,1980,28
44855.jpg,1952,1965,13
44860.jpg,1952,1960,8
44865.jpg,1952,2010,58
44870.jpg,1952,2002,50
44875.jpg,1952,1890,-62
44880.jpg,1952,1960,8
44885.jpg,1952,1930,-22
44890.jpg,1952,1865,-87
44895.jpg,1952,2000,48
44900.jpg,1952,1900,-52
44905.jpg,1952,1964,12
44910.jpg,1952,2010,58
44915.jpg,1952,1930,-22
44920.jpg,1952,1973,21
44925.jpg,1952,1980,28
44930.jpg,1952,1991,39
44940.jpg,1952,1968,16
44945.jpg,1952,2020,68
44950.jpg,1952,1950,-2
44955.jpg,1952,2005,53
44960.jpg,1953,1890,-63
44965.jpg,1953,1985,32
44970.jpg,1953,2010,57
44980.jpg,1953,1950,-3
44985.jpg,1953,1970,17
44990.jpg,1953,2010,57
44995.jpg,1953,2005,52
45000.jpg,1953,2010,57
45005.jpg,1953,1945,-8
45010.jpg,1953,1904,-49
45015.jpg,1953,2023,70
45020.jpg,1953,1960,7
45025.jpg,1953,1900,-53
45030.jpg,1953,1900,-53
45035.jpg,1953,1980,27
45040.jpg,1953,1915,-38
45045.jpg,1953,1900,-53
45050.jpg,1953,2010,57
45055.jpg,1953,1950,-3
45060.jpg,1953,1920,-33
45065.jpg,1953,1943,-10
45070.jpg,1953,1985,32
45075.jpg,1953,2005,52
45080.jpg,1953,1999,46
45085.jpg,1953,1900,-53
45090.jpg,1953,1850,-103
45095.jpg,1954,1990,36
45100.jpg,1954,2010,56
45105.jpg,1954,1954,0
45110.jpg,1954,1980,26
45115.jpg,1954,2004,50
45120.jpg,1954,1950,-4
45125.jpg,1954,2000,46
45130.jpg,1954,1970,16
45135.jpg,1954,1977,23
45140.jpg,1954,1980,26
45150.jpg,1954,1950,-4
45155.jpg,1954,1900,-54
45160.jpg,1954,2000,46
45165.jpg,1954,2018,64
45170.jpg,1954,2010,56
45175.jpg,1954,1930,-24
45180.jpg,1954,1950,-4
45185.jpg,1954,20,-1934
45190.jpg,1954,1950,-4
45195.jpg,1954,1945,-9
45200.jpg,1954,1950,-4
45205.jpg,1954,1920,-34
45210.jpg,1954,1950,-4
45215.jpg,1954,2000,46
45220.jpg,1954,1720,-234
45225.jpg,1954,1961,7
45230.jpg,1954,1990,36
45235.jpg,1955,1900,-55
45240.jpg,1955,2000,45
45245.jpg,1955,1955,0
45250.jpg,1955,1990,35
45255.jpg,1955,1960,5
45260.jpg,1955,2015,60
45265.jpg,1955,2005,50
45275.jpg,1955,1960,5
45280.jpg,1955,1990,35
45285.jpg,1955,1960,5
45290.jpg,1955,1988,33
45295.jpg,1955,1967,12
45300.jpg,1955,1900,-55
45310.jpg,1955,1960,5
45315.jpg,1955,1999,44
45320.jpg,1955,1875,-80
45325.jpg,1955,1853,-102
45330.jpg,1955,1985,30
45335.jpg,1955,1955,0
45345.jpg,1955,1985,30
45350.jpg,1955,1950,-5
45355.jpg,1955,1980,25
45360.jpg,1955,1826,-129
45365.jpg,1955,2000,45
45370.jpg,1955,1960,5
45375.jpg,1955,1775,-180
45385.jpg,1956,1990,34
45390.jpg,1956,2010,54
45395.jpg,1956,1990,34
45400.jpg,1956,2014,58
45405.jpg,1956,1956,0
45410.jpg,1956,20,-1936
45415.jpg,1956,2020,64
45420.jpg,1956,1960,4
45430.jpg,1956,1995,39
45435.jpg,1956,1850,-106
45440.jpg,1956,1960,4
45445.jpg,1956,1984,28
45450.jpg,1956,1970,14
45455.jpg,1956,1995,39
45460.jpg,1956,1933,-23
45465.jpg,1956,1900,-56
45470.jpg,1956,1968,12
45475.jpg,1956,1970,14
45480.jpg,1956,1970,14
45485.jpg,1956,1972,16
45490.jpg,1956,1950,-6
45495.jpg,1956,1870,-86
45500.jpg,1956,2010,54
45505.jpg,1956,1991,35
45510.jpg,1956,2003,47
45515.jpg,1956,2000,44
45520.jpg,1956,900,-1056
45530.jpg,1957,1920,-37
45535.jpg,1957,1885,-72
45540.jpg,1957,1966,9
45545.jpg,1957,2010,53
45550.jpg,1957,2018,61
45555.jpg,1957,1960,3
45560.jpg,1957,2003,46
45565.jpg,1957,1970,13
45570.jpg,1957,2006,49
45575.jpg,1957,1950,-7
45585.jpg,1957,1940,-17
45590.jpg,1957,-1,-1958
45595.jpg,1957,2010,53
45605.jpg,1957,1985,28
45610.jpg,1957,1980,23
45615.jpg,1957,2013,56
45620.jpg,1957,1960,3
45630.jpg,1957,1980,23
45635.jpg,1957,1900,-57
45640.jpg,1957,1950,-7
45645.jpg,1957,1790,-167
45650.jpg,1957,1970,13
45655.jpg,1957,1950,-7
45660.jpg,1957,1964,7
45665.jpg,1957,1950,-7
45675.jpg,1957,1995,38
45680.jpg,1957,1950,-7
45685.jpg,1957,1980,23
45695.jpg,1957,2001,44
45700.jpg,1958,1900,-58
45705.jpg,1958,2010,52
45715.jpg,1958,1960,2
45720.jpg,1958,1990,32
45730.jpg,1958,1987,29
45735.jpg,1958,2010,52
45740.jpg,1958,1950,-8
45745.jpg,1958,1945,-13
45750.jpg,1958,2003,45
45755.jpg,1958,1900,-58
45760.jpg,1958,1985,27
45765.jpg,1958,1960,2
45770.jpg,1958,1930,-28
45775.jpg,1958,1970,12
45780.jpg,1958,1930,-28
45785.jpg,1958,1785,-173
45790.jpg,1958,1960,2
45795.jpg,1958,1973,15
45800.jpg,1958,1965,7
45805.jpg,1958,1970,12
45810.jpg,1958,1600,-358
45815.jpg,1958,1985,27
45820.jpg,1958,1975,17
45825.jpg,1958,2000,42
45830.jpg,1958,2015,57
45835.jpg,1958,1950,-8
45840.jpg,1958,1975,17
45845.jpg,1958,1950,-8
45850.jpg,1958,1958,0
45855.jpg,1959,1995,36
45860.jpg,1959,1967,8
45870.jpg,1959,2015,56
45880.jpg,1959,1900,-59
45885.jpg,1959,1965,6
45890.jpg,1959,1960,1
45895.jpg,1959,1937,-22
45900.jpg,1959,1960,1
45905.jpg,1959,1900,-59
45910.jpg,1959,2005,46
45915.jpg,1959,-1,-1960
45925.jpg,1959,1945,-14
45930.jpg,1959,1960,1
45935.jpg,1959,2010,51
45940.jpg,1959,2000,41
45945.jpg,1959,2005,46
45950.jpg,1959,1995,36
45955.jpg,1959,2005,46
45960.jpg,1959,1990,31
45965.jpg,1959,1935,-24
45970.jpg,1959,1990,31
45975.jpg,1959,1970,11
45980.jpg,1959,1960,1
45985.jpg,1959,1000,-959
45990.jpg,1960,1900,-60
45995.jpg,1960,2004,44
46000.jpg,1960,1950,-10
46005.jpg,1960,2012,52
46015.jpg,1960,1980,20
46025.jpg,1960,1990,30
46030.jpg,1960,2010,50
46035.jpg,1960,1975,15
46040.jpg,1960,1970,10
46045.jpg,1960,1980,20
46050.jpg,1960,1910,-50
46055.jpg,1960,1950,-10
46060.jpg,1960,1900,-60
46065.jpg,1960,1903,-57
46070.jpg,1960,1960,0
46075.jpg,1960,2010,50
46080.jpg,1960,2023,63
46085.jpg,1960,1866,-94
46090.jpg,1960,1953,-7
46095.jpg,1960,1960,0
46100.jpg,1960,1970,10
46105.jpg,1960,1980,20
46110.jpg,1960,2000,40
46115.jpg,1960,2020,60
46120.jpg,1960,2002,42
46130.jpg,1960,1885,-75
46135.jpg,1960,1985,25
46140.jpg,1960,1900,-60
46145.jpg,1960,1955,-5
46150.jpg,1960,1955,-5
46155.jpg,1961,1902,-59
46160.jpg,1961,1970,9
46170.jpg,1961,2018,57
46180.jpg,1961,1980,19
46185.jpg,1961,1970,9
46190.jpg,1961,1850,-111
46195.jpg,1961,1960,-1
46200.jpg,1961,1960,-1
46205.jpg,1961,1975,14
46210.jpg,1961,1960,-1
46215.jpg,1961,1950,-11
46220.jpg,1961,1950,-11
46225.jpg,1961,1965,4
46230.jpg,1961,1980,19
46235.jpg,1961,1950,-11
46240.jpg,1961,2010,49
46245.jpg,1961,2010,49
46250.jpg,1961,1910,-51
46255.jpg,1961,1950,-11
46260.jpg,1961,1650,-311
46265.jpg,1961,2000,39
46270.jpg,1961,1948,-13
46275.jpg,1961,1970,9
46280.jpg,1961,1930,-31
46285.jpg,1961,1985,24
46290.jpg,1961,1990,29
46295.jpg,1961,1985,24
46305.jpg,1961,1993,32
46310.jpg,1961,2024,63
46315.jpg,1961,2010,49
46320.jpg,1962,1950,-12
46330.jpg,1962,1900,-62
46335.jpg,1962,2010,48
46340.jpg,1962,2023,61
46345.jpg,1962,2000,38
46350.jpg,1962,1950,-12
46355.jpg,1962,2010,48
46360.jpg,1962,2000,38
46365.jpg,1962,1970,8
46370.jpg,1962,1950,-12
46375.jpg,1962,1988,26
46380.jpg,1962,1985,23
46385.jpg,1962,1967,5
46390.jpg,1962,1955,-7
46395.jpg,1962,1896,-66
46400.jpg,1962,1940,-22
46405.jpg,1962,1870,-92
46410.jpg,1962,1985,23
46415.jpg,1962,1453,-509
46420.jpg,1962,1950,-12
46425.jpg,1962,1957,-5
46430.jpg,1962,1985,23
46435.jpg,1962,2014,52
46440.jpg,1962,2012,50
46445.jpg,1962,1990,28
46450.jpg,1962,1970,8
46455.jpg,1962,1955,-7
46460.jpg,1962,1980,18
46465.jpg,1963,1976,13
46470.jpg,1963,1970,7
46475.jpg,1963,1975,12
46480.jpg,1963,1990,27
46490.jpg,1963,2010,47
46495.jpg,1963,1990,27
46500.jpg,1963,2020,57
46505.jpg,1963,2023,60
46510.jpg,1963,1988,25
46515.jpg,1963,2015,52
46520.jpg,1963,2007,44
46525.jpg,1963,2005,42
46530.jpg,1963,1997,34
46535.jpg,1963,1950,-13
46540.jpg,1963,1720,-243
46545.jpg,1963,1920,-43
46550.jpg,1963,1952,-11
46555.jpg,1963,1950,-13
46560.jpg,1963,1960,-3
46565.jpg,1963,2000,37
46570.jpg,1963,1980,17
46575.jpg,1963,1960,-3
46580.jpg,1963,1985,22
46585.jpg,1963,1992,29
46590.jpg,1963,600,-1363
46595.jpg,1963,1985,22
46600.jpg,1963,1965,2
46605.jpg,1963,2005,42
46615.jpg,1963,1950,-13
46620.jpg,1963,1980,17
46625.jpg,1963,1980,17
46630.jpg,1963,1960,-3
46635.jpg,1964,1970,6
46640.jpg,1964,2010,46
46645.jpg,1964,2020,56
46650.jpg,1964,1942,-22
46655.jpg,1964,1950,-14
46660.jpg,1964,1985,21
46665.jpg,1964,1995,31
46670.jpg,1964,1970,6
46675.jpg,1964,2005,41
46680.jpg,1964,2014,50
46685.jpg,1964,2000,36
46690.jpg,1964,1980,16
46695.jpg,1964,2010,46
46700.jpg,1964,1960,-4
46705.jpg,1964,2010,46
46710.jpg,1964,1975,11
46715.jpg,1964,1950,-14
46720.jpg,1964,1973,9
46725.jpg,1964,1988,24
46730.jpg,1964,1990,26
46735.jpg,1964,2000,36
46740.jpg,1964,1958,-6
46745.jpg,1964,1850,-114
46750.jpg,1964,1653,-311
46755.jpg,1964,1953,-11
46760.jpg,1964,1900,-64
46765.jpg,1964,2000,36
46770.jpg,1964,1950,-14
46775.jpg,1964,2000,36
46780.jpg,1964,1990,26
46785.jpg,1964,1980,16
46790.jpg,1964,1970,6
46795.jpg,1964,1960,-4
46805.jpg,1964,1970,6
46810.jpg,1964,1950,-14
46815.jpg,1964,2015,51
46820.jpg,1965,2000,35
46825.jpg,1965,2018,53
46830.jpg,1965,2020,55
46835.jpg,1965,1985,20
46840.jpg,1965,1475,-490
46845.jpg,1965,2012,47
46850.jpg,1965,2000,35
46860.jpg,1965,2003,38
46865.jpg,1965,1990,25
46870.jpg,1965,2015,50
46875.jpg,1965,2010,45
46885.jpg,1965,2020,55
46890.jpg,1965,2015,50
46895.jpg,1965,1960,-5
46900.jpg,1965,1990,25
46905.jpg,1965,1929,-36
46910.jpg,1965,1950,-15
46915.jpg,1965,2003,38
46920.jpg,1965,1950,-15
46930.jpg,1965,1957,-8
46935.jpg,1965,1990,25
46940.jpg,1965,1920,-45
46945.jpg,1965,1980,15
46950.jpg,1965,1950,-15
46955.jpg,1965,2009,44
46960.jpg,1965,2010,45
46965.jpg,1965,2010,45
46970.jpg,1965,1965,0
46990.jpg,1965,1995,30
46995.jpg,1965,1875,-90
47000.jpg,1965,1960,-5
47005.jpg,1966,1960,-6
47010.jpg,1966,1960,-6
47015.jpg,1966,2010,44
47020.jpg,1966,1980,14
47025.jpg,1966,1950,-16
47030.jpg,1966,2005,39
47035.jpg,1966,2000,34
47040.jpg,1966,1993,27
47050.jpg,1966,2018,52
47055.jpg,1966,1950,-16
47060.jpg,1966,2010,44
47065.jpg,1966,1950,-16
47070.jpg,1966,1924,-42
47075.jpg,1966,1980,14
47080.jpg,1966,1950,-16
47085.jpg,1966,1967,1
47090.jpg,1966,1983,17
47100.jpg,1966,1890,-76
47105.jpg,1966,1962,-4
47115.jpg,1966,1870,-96
47120.jpg,1966,1950,-16
47125.jpg,1966,1930,-36
47130.jpg,1966,1941,-25
47135.jpg,1966,1970,4
47140.jpg,1966,1965,-1
47145.jpg,1966,1890,-76
47150.jpg,1966,1960,-6
47155.jpg,1966,1890,-76
47170.jpg,1966,2018,52
47175.jpg,1966,2010,44
47180.jpg,1966,1990,24
47185.jpg,1966,1952,-14
47190.jpg,1966,1983,17
47195.jpg,1966,1990,24
47200.jpg,1966,1984,18
47205.jpg,1966,1950,-16
47210.jpg,1966,1965,-1
47215.jpg,1966,1975,9
47220.jpg,1966,2005,39
47225.jpg,1967,1970,3
47230.jpg,1967,1930,-37
47235.jpg,1967,1930,-37
47240.jpg,1967,1960,-7
47245.jpg,1967,1972,5
47255.jpg,1967,1975,8
47265.jpg,1967,2010,43
47270.jpg,1967,1984,17
47275.jpg,1967,2010,43
47280.jpg,1967,1991,24
47285.jpg,1967,1995,28
47290.jpg,1967,1990,23
47295.jpg,1967,1935,-32
47300.jpg,1967,1859,-108
47305.jpg,1967,1600,-367
47310.jpg,1967,1949,-18
47315.jpg,1967,1970,3
47320.jpg,1967,1970,3
47325.jpg,1967,1970,3
47330.jpg,1967,2000,33
47335.jpg,1967,1975,8
47340.jpg,1967,1990,23
47345.jpg,1967,1950,-17
47350.jpg,1967,1894,-73
47355.jpg,1967,1950,-17
47360.jpg,1967,1865,-102
47365.jpg,1967,1890,-77
47370.jpg,1967,1970,3
47375.jpg,1967,1990,23
47380.jpg,1967,2010,43
47385.jpg,1967,1980,13
47395.jpg,1967,1985,18
47400.jpg,1967,2000,33
47405.jpg,1967,2000,33
47410.jpg,1967,2020,53
47420.jpg,1967,1960,-7
47425.jpg,1967,1995,28
47430.jpg,1967,1977,10
47435.jpg,1967,1965,-2
47440.jpg,1967,1940,-27
47445.jpg,1967,1990,23
47450.jpg,1968,1950,-18
47455.jpg,1968,1970,2
47460.jpg,1968,1999,31
47465.jpg,1968,2010,42
47470.jpg,1968,1960,-8
47475.jpg,1968,1950,-18
47480.jpg,1968,2010,42
47485.jpg,1968,1960,-8
47490.jpg,1968,2021,53
47495.jpg,1968,1970,2
47500.jpg,1968,2010,42
47505.jpg,1968,2023,55
47515.jpg,1968,1950,-18
47520.jpg,1968,1970,2
47525.jpg,1968,2000,32
47530.jpg,1968,1960,-8
47535.jpg,1968,1980,12
47540.jpg,1968,1982,14
47545.jpg,1968,1960,-8
47550.jpg,1968,2017,49
47555.jpg,1968,1950,-18
47560.jpg,1968,2000,32
47565.jpg,1968,1960,-8
47570.jpg,1968,1963,-5
47575.jpg,1968,1780,-188
47580.jpg,1968,1960,-8
47585.jpg,1968,1900,-68
47590.jpg,1968,2000,32
47595.jpg,1968,1996,28
47600.jpg,1968,2000,32
47610.jpg,1968,2018,50
47620.jpg,1968,1965,-3
47625.jpg,1968,1940,-28
47630.jpg,1968,1980,12
47635.jpg,1968,1960,-8
47640.jpg,1968,1983,15
47645.jpg,1968,1980,12
47650.jpg,1969,1990,21
47655.jpg,1969,1945,-24
47660.jpg,1969,1980,11
47665.jpg,1969,1998,29
47670.jpg,1969,1995,26
47675.jpg,1969,1785,-184
47680.jpg,1969,2023,54
47685.jpg,1969,1980,11
47690.jpg,1969,2010,41
47695.jpg,1969,2000,31
47700.jpg,1969,2015,46
47710.jpg,1969,1980,11
47715.jpg,1969,1900,-69
47720.jpg,1969,1975,6
47730.jpg,1969,2005,36
47735.jpg,1969,2010,41
47740.jpg,1969,1990,21
47745.jpg,1969,1999,30
47750.jpg,1969,1990,21
47755.jpg,1969,1880,-89
47760.jpg,1969,1986,17
47765.jpg,1969,2010,41
47770.jpg,1969,2000,31
47780.jpg,1969,1970,1
47785.jpg,1969,2025,56
47790.jpg,1969,1965,-4
47795.jpg,1969,1985,16
47800.jpg,1969,1950,-19
47805.jpg,1969,1875,-94
47810.jpg,1969,1990,21
47815.jpg,1969,2015,46
47820.jpg,1969,1970,1
47825.jpg,1969,1949,-20
47830.jpg,1969,1950,-19
47835.jpg,1970,1900,-70
47840.jpg,1970,1973,3
47845.jpg,1970,1970,0
47850.jpg,1970,21,-1949
47855.jpg,1970,1943,-27
47860.jpg,1970,2000,30
47865.jpg,1970,1988,18
47870.jpg,1970,1987,17
47875.jpg,1970,2000,30
47880.jpg,1970,2010,40
47890.jpg,1970,1990,20
47895.jpg,1970,1970,0
47900.jpg,1970,1960,-10
47905.jpg,1970,1970,0
47910.jpg,1970,1950,-20
47915.jpg,1970,2010,40
47920.jpg,1970,1960,-10
47925.jpg,1970,2000,30
47930.jpg,1970,1900,-70
47935.jpg,1970,1970,0
47940.jpg,1970,1960,-10
47945.jpg,1970,1750,-220
47950.jpg,1970,2000,30
47955.jpg,1970,1960,-10
47960.jpg,1970,1980,10
47965.jpg,1970,2010,40
47970.jpg,1970,2015,45
47975.jpg,1970,1960,-10
47980.jpg,1970,1901,-69
47985.jpg,1970,2000,30
47990.jpg,1970,1990,20
47995.jpg,1970,1990,20
48000.jpg,1971,1950,-21
48005.jpg,1971,1980,9
48010.jpg,1971,1950,-21
48020.jpg,1971,2020,49
48025.jpg,1971,2000,29
48030.jpg,1971,2025,54
48035.jpg,1971,1970,-1
48040.jpg,1971,1980,9
48045.jpg,1971,2010,39
48050.jpg,1971,2024,53
48065.jpg,1971,1950,-21
48070.jpg,1971,1893,-78
48075.jpg,1971,1997,26
48080.jpg,1971,1970,-1
48085.jpg,1971,1999,28
48090.jpg,1971,1993,22
48095.jpg,1971,1900,-71
48100.jpg,1971,1950,-21
48105.jpg,1971,2010,39
48110.jpg,1971,1990,19
48115.jpg,1971,1970,-1
48120.jpg,1971,2000,29
48130.jpg,1971,1980,9
48135.jpg,1971,1984,13
48140.jpg,1971,2015,44
48145.jpg,1971,2020,49
48150.jpg,1971,2000,29
48155.jpg,1971,1975,4
48160.jpg,1971,1972,1
48170.jpg,1971,1960,-11
48175.jpg,1971,1950,-21
48180.jpg,1972,1950,-22
48185.jpg,1972,1960,-12
48190.jpg,1972,1965,-7
48195.jpg,1972,1993,21
48200.jpg,1972,1950,-22
48205.jpg,1972,1985,13
48215.jpg,1972,2020,48
48220.jpg,1972,1985,13
48225.jpg,1972,2010,38
48230.jpg,1972,2002,30
48235.jpg,1972,2004,32
48240.jpg,1972,2014,42
48245.jpg,1972,1980,8
48250.jpg,1972,1980,8
48255.jpg,1972,1950,-22
48260.jpg,1972,1964,-8
48265.jpg,1972,1990,18
48270.jpg,1972,1970,-2
48275.jpg,1972,1980,8
48280.jpg,1972,1960,-12
48285.jpg,1972,1970,-2
48290.jpg,1972,1850,-122
48295.jpg,1972,1995,23
48300.jpg,1972,1975,3
48305.jpg,1972,2020,48
48310.jpg,1972,2010,38
48320.jpg,1972,1970,-2
48325.jpg,1972,1982,10
48330.jpg,1972,2010,38
48335.jpg,1972,1880,-92
48340.jpg,1972,1970,-2
48345.jpg,1972,1975,3
48350.jpg,1972,1970,-2
48355.jpg,1972,1850,-122
48360.jpg,1973,1950,-23
48365.jpg,1973,2010,37
48370.jpg,1973,1980,7
48375.jpg,1973,1905,-68
48380.jpg,1973,1975,2
48385.jpg,1973,2000,27
48390.jpg,1973,1970,-3
48395.jpg,1973,1980,7
48400.jpg,1973,1990,17
48405.jpg,1973,2000,27
48410.jpg,1973,2010,37
48415.jpg,1973,2015,42
48420.jpg,1973,2020,47
48425.jpg,1973,1971,-2
48430.jpg,1973,1975,2
48435.jpg,1973,1970,-3
48440.jpg,1973,1960,-13
48445.jpg,1973,1970,-3
48450.jpg,1973,1950,-23
48455.jpg,1973,-1,-1974
48465.jpg,1973,1900,-73
48475.jpg,1973,1950,-23
48480.jpg,1973,1960,-13
48490.jpg,1973,2004,31
48495.jpg,1973,1980,7
48500.jpg,1973,-1,-1974
48505.jpg,1973,1970,-3
48510.jpg,1973,2010,37
48515.jpg,1973,1124,-849
48525.jpg,1973,1960,-13
48530.jpg,1974,1980,6
48535.jpg,1974,1950,-24
48540.jpg,1974,1953,-21
48545.jpg,1974,1981,7
48550.jpg,1974,1950,-24
48555.jpg,1974,1980,6
48560.jpg,1974,2018,44
48565.jpg,1974,1985,11
48570.jpg,1974,2023,49
48575.jpg,1974,1980,6
48580.jpg,1974,1995,21
48585.jpg,1974,1960,-14
48590.jpg,1974,1453,-521
48595.jpg,1974,1950,-24
48600.jpg,1974,1970,-4
48605.jpg,1974,1975,1
48610.jpg,1974,2010,36
48615.jpg,1974,2004,30
48620.jpg,1974,1950,-24
48625.jpg,1974,1900,-74
48630.jpg,1974,1995,21
48635.jpg,1974,2010,36
48640.jpg,1974,1600,-374
48650.jpg,1974,1987,13
48670.jpg,1974,2010,36
48675.jpg,1974,2010,36
48680.jpg,1974,2010,36
48685.jpg,1974,2000,26
48690.jpg,1974,1985,11
48695.jpg,1974,1750,-224
48700.jpg,1974,1995,21
48705.jpg,1974,1995,21
48710.jpg,1974,2000,26
48715.jpg,1974,1950,-24
48720.jpg,1974,2000,26
48725.jpg,1974,1898,-76
48735.jpg,1975,2000,25
48740.jpg,1975,1983,8
48745.jpg,1975,2007,32
48750.jpg,1975,1970,-5
48755.jpg,1975,1960,-15
48760.jpg,1975,1973,-2
48765.jpg,1975,1980,5
48770.jpg,1975,1997,22
48775.jpg,1975,2010,35
48780.jpg,1975,2000,25
48785.jpg,1975,1950,-25
48790.jpg,1975,2015,40
48795.jpg,1975,1975,0
48800.jpg,1975,1950,-25
48805.jpg,1975,1960,-15
48810.jpg,1975,1985,10
48815.jpg,1975,1967,-8
48820.jpg,1975,1960,-15
48825.jpg,1975,1950,-25
48830.jpg,1975,1960,-15
48835.jpg,1975,1924,-51
48840.jpg,1975,2016,41
48845.jpg,1975,2006,31
48850.jpg,1975,1950,-25
48855.jpg,1975,2015,40
48860.jpg,1975,2010,35
48865.jpg,1975,1960,-15
48870.jpg,1975,1995,20
48875.jpg,1975,1985,10
48880.jpg,1975,2023,48
48885.jpg,1975,1962,-13
48890.jpg,1975,2000,25
48895.jpg,1975,1950,-25
48900.jpg,1976,1700,-276
48905.jpg,1976,1950,-26
48910.jpg,1976,1960,-16
48915.jpg,1976,1980,4
48920.jpg,1976,2010,34
48925.jpg,1976,1995,19
48930.jpg,1976,2010,34
48940.jpg,1976,2000,24
48945.jpg,1976,2010,34
48950.jpg,1976,2023,47
48955.jpg,1976,1970,-6
48960.jpg,1976,1985,9
48965.jpg,1976,1950,-26
48970.jpg,1976,1995,19
48975.jpg,1976,2020,44
48985.jpg,1976,2000,24
48990.jpg,1976,1900,-76
49000.jpg,1976,1750,-226
49020.jpg,1976,1950,-26
49030.jpg,1976,2010,34
49035.jpg,1976,2010,34
49040.jpg,1976,1983,7
49045.jpg,1976,2000,24
49050.jpg,1976,2010,34
49060.jpg,1976,1960,-16
49065.jpg,1976,1900,-76
49070.jpg,1976,1974,-2
49075.jpg,1976,1767,-209
49080.jpg,1976,1972,-4
49085.jpg,1976,1975,-1
49090.jpg,1976,1990,14
49095.jpg,1977,1950,-27
49100.jpg,1977,1910,-67
49105.jpg,1977,1995,18
49110.jpg,1977,1982,5
49115.jpg,1977,1972,-5
49120.jpg,1977,2018,41
49125.jpg,1977,1970,-7
49130.jpg,1977,1960,-17
49135.jpg,1977,1993,16
49140.jpg,1977,1972,-5
49145.jpg,1977,1987,10
49150.jpg,1977,1965,-12
49155.jpg,1977,2005,28
49160.jpg,1977,2000,23
49165.jpg,1977,1902,-75
49170.jpg,1977,1950,-27
49175.jpg,1977,1750,-227
49180.jpg,1977,1997,20
49185.jpg,1977,2001,24
49190.jpg,1977,2024,47
49195.jpg,1977,1994,17
49205.jpg,1977,2005,28
49210.jpg,1977,2010,33
49215.jpg,1977,2012,35
49220.jpg,1977,2015,38
49225.jpg,1977,1984,7
49230.jpg,1977,1625,-352
49235.jpg,1977,1960,-17
49240.jpg,1977,1990,13
49250.jpg,1977,1900,-77
49255.jpg,1977,1940,-37
49260.jpg,1978,2023,45
49265.jpg,1978,2005,27
49270.jpg,1978,1980,2
49280.jpg,1978,2001,23
49285.jpg,1978,2000,22
49290.jpg,1978,1950,-28
49295.jpg,1978,2014,36
49305.jpg,1978,2000,22
49310.jpg,1978,2010,32
49315.jpg,1978,1980,2
49320.jpg,1978,1960,-18
49325.jpg,1978,1959,-19
49330.jpg,1978,2010,32
49335.jpg,1978,1950,-28
49340.jpg,1978,1890,-88
49345.jpg,1978,1965,-13
49350.jpg,1978,1994,16
49355.jpg,1978,2002,24
49360.jpg,1978,2000,22
49365.jpg,1978,2023,45
49370.jpg,1978,2007,29
49375.jpg,1978,2015,37
49385.jpg,1978,2013,35
49390.jpg,1978,1973,-5
49395.jpg,1978,2000,22
49400.jpg,1978,1950,-28
49405.jpg,1979,1960,-19
49410.jpg,1979,1970,-9
49415.jpg,1979,2023,44
49420.jpg,1979,2000,21
49425.jpg,1979,2005,26
49430.jpg,1979,2000,21
49435.jpg,1979,1960,-19
49440.jpg,1979,1970,-9
49445.jpg,1979,1950,-29
49450.jpg,1979,2000,21
49455.jpg,1979,1965,-14
49460.jpg,1979,2000,21
49465.jpg,1979,1900,-79
49470.jpg,1979,2023,44
49475.jpg,1979,2015,36
49480.jpg,1979,1900,-79
49485.jpg,1979,1960,-19
49490.jpg,1979,1990,11
49495.jpg,1979,1830,-149
49500.jpg,1979,2015,36
49505.jpg,1979,2007,28
49510.jpg,1979,1950,-29
49515.jpg,1979,1990,11
49525.jpg,1979,2021,42
49530.jpg,1979,2023,44
49535.jpg,1979,2018,39
49540.jpg,1979,1978,-1
49545.jpg,1979,1965,-14
49550.jpg,1979,2003,24
49555.jpg,1979,2015,36
49560.jpg,1979,2018,39
49565.jpg,1980,-1,-1981
49570.jpg,1980,1930,-50
49585.jpg,1980,1975,-5
49590.jpg,1980,1995,15
49595.jpg,1980,2000,20
49600.jpg,1980,1970,-10
49605.jpg,1980,1980,0
49610.jpg,1980,1985,5
49615.jpg,1980,2024,44
49620.jpg,1980,1985,5
49625.jpg,1980,1950,-30
49630.jpg,1980,2010,30
49635.jpg,1980,2018,38
49640.jpg,1980,2020,40
49645.jpg,1980,2013,33
49650.jpg,1980,1950,-30
49655.jpg,1980,1950,-30
49660.jpg,1980,1970,-10
49665.jpg,1980,2000,20
49675.jpg,1980,1980,0
49680.jpg,1980,1950,-30
49685.jpg,1980,1990,10
49690.jpg,1980,1985,5
49695.jpg,1980,1990,10
49700.jpg,1980,1965,-15
49705.jpg,1980,1970,-10
49710.jpg,1981,2015,34
49715.jpg,1981,2010,29
49720.jpg,1981,2005,24
49725.jpg,1981,1950,-31
49735.jpg,1981,2010,29
49740.jpg,1981,1985,4
49745.jpg,1981,1990,9
49750.jpg,1981,-1,-1982
49755.jpg,1981,1977,-4
49760.jpg,1981,1990,9
49770.jpg,1981,2010,29
49775.jpg,1981,1970,-11
49780.jpg,1981,2000,19
49785.jpg,1981,1975,-6
49790.jpg,1981,2000,19
49795.jpg,1981,1979,-2
49800.jpg,1981,1965,-16
49805.jpg,1981,2023,42
49810.jpg,1981,2010,29
49815.jpg,1981,1950,-31
49820.jpg,1981,1930,-51
49825.jpg,1981,1960,-21
49830.jpg,1981,2000,19
49835.jpg,1981,1922,-59
49840.jpg,1981,1900,-81
49845.jpg,1981,1967,-14
49850.jpg,1981,2015,34
49860.jpg,1981,2006,25
49865.jpg,1981,2009,28
49875.jpg,1981,1985,4
49880.jpg,1981,2010,29
49885.jpg,1981,2020,39
49890.jpg,1981,1950,-31
49895.jpg,1981,1982,1
49900.jpg,1981,1310,-671
49905.jpg,1981,1999,18
49910.jpg,1981,1995,14
49915.jpg,1981,1950,-31
49920.jpg,1982,2000,18
49925.jpg,1982,892,-1090
49930.jpg,1982,2010,28
49935.jpg,1982,1980,-2
49940.jpg,1982,1980,-2
49945.jpg,1982,2000,18
49950.jpg,1982,2000,18
49955.jpg,1982,1923,-59
49960.jpg,1982,2000,18
49965.jpg,1982,1988,6
49975.jpg,1982,2005,23
49980.jpg,1982,2015,33
49985.jpg,1982,2015,33
49990.jpg,1982,2000,18
49995.jpg,1982,1930,-52
50000.jpg,1982,2000,18
50005.jpg,1982,2000,18
50010.jpg,1982,2000,18
50015.jpg,1982,2001,19
50020.jpg,1982,2005,23
50025.jpg,1982,2000,18
50030.jpg,1982,2000,18
50035.jpg,1982,1913,-69
50040.jpg,1982,1995,13
50045.jpg,1982,2010,28
50050.jpg,1982,1960,-22
50055.jpg,1982,2005,23
50060.jpg,1982,1994,12
50065.jpg,1982,1930,-52
50070.jpg,1982,1993,11
50075.jpg,1982,1920,-62
50080.jpg,1982,1950,-32
50095.jpg,1982,1920,-62
50100.jpg,1982,1585,-397
50105.jpg,1982,1960,-22
50110.jpg,1982,1917,-65
50115.jpg,1982,2010,28
50120.jpg,1982,2010,28
50145.jpg,1982,1885,-97
50150.jpg,1982,1985,3
50155.jpg,1982,1965,-17
50160.jpg,1983,1300,-683
50165.jpg,1983,1997,14
50170.jpg,1983,1985,2
50175.jpg,1983,1990,7
50185.jpg,1983,1920,-63
50190.jpg,1983,1930,-53
50195.jpg,1983,1970,-13
50200.jpg,1983,2000,17
50205.jpg,1983,2010,27
50210.jpg,1983,1973,-10
50220.jpg,1983,2012,29
50225.jpg,1983,1975,-8
50230.jpg,1983,1980,-3
50235.jpg,1983,1960,-23
50240.jpg,1983,2005,22
50245.jpg,1983,2010,27
50250.jpg,1983,1985,2
50255.jpg,1983,1974,-9
50260.jpg,1983,1978,-5
50270.jpg,1983,2010,27
50275.jpg,1983,1970,-13
50280.jpg,1983,20,-1963
50285.jpg,1983,2000,17
50290.jpg,1983,1980,-3
50295.jpg,1983,1990,7
50300.jpg,1983,1653,-330
50305.jpg,1983,1970,-13
50310.jpg,1983,1975,-8
50315.jpg,1983,1945,-38
50320.jpg,1983,1960,-23
50325.jpg,1983,1900,-83
50330.jpg,1983,1960,-23
50335.jpg,1983,2010,27
50340.jpg,1983,2016,33
50345.jpg,1983,2000,17
50350.jpg,1983,2015,32
50355.jpg,1983,1950,-33
50360.jpg,1983,1950,-33
50365.jpg,1983,1990,7
50370.jpg,1983,2005,22
50375.jpg,1983,2020,37
50380.jpg,1983,2000,17
50385.jpg,1983,2010,27
50390.jpg,1984,2037,53
50395.jpg,1984,1980,-4
50400.jpg,1984,1960,-24
50405.jpg,1984,2003,19
50410.jpg,1984,2018,34
50415.jpg,1984,1983,-1
50420.jpg,1984,1970,-14
50425.jpg,1984,1968,-16
50430.jpg,1984,1980,-4
50435.jpg,1984,1985,1
50440.jpg,1984,2000,16
50445.jpg,1984,1950,-34
50450.jpg,1984,1983,-1
50455.jpg,1984,1960,-24
50465.jpg,1984,2022,38
50470.jpg,1984,2000,16
50475.jpg,1984,2000,16
50480.jpg,1984,2000,16
50485.jpg,1984,1960,-24
50490.jpg,1984,1985,1
50495.jpg,1984,55,-1929
50500.jpg,1984,1950,-34
50505.jpg,1984,1960,-24
50515.jpg,1984,2020,36
50520.jpg,1984,1970,-14
50525.jpg,1984,1984,0
50530.jpg,1984,1950,-34
50535.jpg,1984,1990,6
50540.jpg,1984,2005,21
50545.jpg,1984,1995,11
50550.jpg,1984,2015,31
50555.jpg,1984,2010,26
50560.jpg,1984,1950,-34
50565.jpg,1984,1960,-24
50570.jpg,1984,2000,16
50575.jpg,1984,2010,26
50580.jpg,1985,1800,-185
50585.jpg,1985,1970,-15
50595.jpg,1985,2016,31
50600.jpg,1985,2005,20
50605.jpg,1985,1990,5
50610.jpg,1985,2010,25
50615.jpg,1985,1960,-25
50620.jpg,1985,2010,25
50630.jpg,1985,1986,1
50635.jpg,1985,1980,-5
50640.jpg,1985,2010,25
50645.jpg,1985,1975,-10
50650.jpg,1985,2000,15
50655.jpg,1985,2010,25
50660.jpg,1985,-1,-1986
50665.jpg,1985,2010,25
50670.jpg,1985,1989,4
50675.jpg,1985,1975,-10
50680.jpg,1985,1970,-15
50685.jpg,1985,1988,3
50690.jpg,1985,2010,25
50695.jpg,1985,-1,-1986
50700.jpg,1985,1975,-10
50705.jpg,1985,1950,-35
50710.jpg,1985,1947,-38
50715.jpg,1985,1994,9
50720.jpg,1985,1850,-135
50730.jpg,1985,2000,15
50735.jpg,1985,2005,20
50740.jpg,1985,2000,15
50745.jpg,1985,1965,-20
50750.jpg,1985,2000,15
50755.jpg,1985,1990,5
50760.jpg,1985,1990,5
50765.jpg,1985,1995,10
50770.jpg,1985,1980,-5
50775.jpg,1985,1453,-532
50780.jpg,1986,2008,22
50785.jpg,1986,2010,24
50790.jpg,1986,1985,-1
50795.jpg,1986,2015,29
50800.jpg,1986,1990,4
50805.jpg,1986,2010,24
50810.jpg,1986,1950,-36
50815.jpg,1986,1980,-6
50820.jpg,1986,1975,-11
50830.jpg,1986,1983,-3
50835.jpg,1986,1989,3
50840.jpg,1986,2000,14
50845.jpg,1986,1980,-6
50850.jpg,1986,2010,24
50855.jpg,1986,1997,11
50860.jpg,1986,2010,24
50865.jpg,1986,1860,-126
50870.jpg,1986,1980,-6
50885.jpg,1986,1977,-9
50890.jpg,1986,1945,-41
50895.jpg,1986,2017,31
50900.jpg,1986,1890,-96
50905.jpg,1986,1999,13
50910.jpg,1986,1973,-13
50915.jpg,1986,1960,-26
50920.jpg,1986,1950,-36
50925.jpg,1986,1820,-166
50930.jpg,1986,1960,-26
50935.jpg,1986,1960,-26
50940.jpg,1986,1830,-156
50945.jpg,1986,2010,24
50950.jpg,1986,1887,-99
50955.jpg,1986,2013,27
50960.jpg,1986,1990,4
50965.jpg,1986,1981,-5
50970.jpg,1986,1985,-1
50975.jpg,1986,1998,12
50980.jpg,1986,2000,14
50985.jpg,1986,1950,-36
50990.jpg,1987,1600,-387
50995.jpg,1987,1952,-35
51000.jpg,1987,1996,9
51010.jpg,1987,2000,13
51015.jpg,1987,2000,13
51020.jpg,1987,1950,-37
51025.jpg,1987,1985,-2
51030.jpg,1987,1975,-12
51035.jpg,1987,1982,-5
51040.jpg,1987,-1,-1988
51045.jpg,1987,1965,-22
51050.jpg,1987,1993,6
51055.jpg,1987,-1,-1988
51060.jpg,1987,2000,13
51065.jpg,1987,2008,21
51070.jpg,1987,1959,-28
51075.jpg,1987,1960,-27
51080.jpg,1987,2000,13
51085.jpg,1987,1943,-44
51090.jpg,1987,2016,29
51095.jpg,1987,2000,13
51100.jpg,1987,1965,-22
51105.jpg,1987,1967,-20
51110.jpg,1987,1963,-24
51115.jpg,1987,2023,36
51120.jpg,1987,1900,-87
51125.jpg,1987,1690,-297
51130.jpg,1987,1900,-87
51135.jpg,1987,2000,13
51140.jpg,1987,2010,23
51145.jpg,1987,1975,-12
51155.jpg,1987,2018,31
51165.jpg,1987,1934,-53
51170.jpg,1987,1935,-52
51175.jpg,1987,2003,16
51180.jpg,1987,1990,3
51200.jpg,1988,1960,-28
51205.jpg,1988,1985,-3
51210.jpg,1988,1980,-8
51215.jpg,1988,2010,22
51220.jpg,1988,1970,-18
51225.jpg,1988,1950,-38
51240.jpg,1988,2010,22
51245.jpg,1988,2000,12
51250.jpg,1988,1990,2
51255.jpg,1988,1997,9
51260.jpg,1988,2005,17
51265.jpg,1988,2005,17
51270.jpg,1988,1960,-28
51275.jpg,1988,1970,-18
51280.jpg,1988,1983,-5
51285.jpg,1988,1995,7
51290.jpg,1988,2010,22
51295.jpg,1988,1950,-38
51300.jpg,1988,2000,12
51305.jpg,1988,1955,-33
51310.jpg,1988,1965,-23
51315.jpg,1988,1962,-26
51320.jpg,1988,1900,-88
51330.jpg,1988,1940,-48
51335.jpg,1988,1880,-108
51340.jpg,1988,2010,22
51345.jpg,1988,1900,-88
51350.jpg,1988,1890,-98
51355.jpg,1988,1985,-3
51360.jpg,1988,2000,12
51365.jpg,1988,1980,-8
51370.jpg,1988,1985,-3
51375.jpg,1988,2022,34
51380.jpg,1988,2010,22
51385.jpg,1988,1990,2
51390.jpg,1988,1980,-8
51395.jpg,1988,1960,-28
51400.jpg,1988,1981,-7
51405.jpg,1988,2000,12
51410.jpg,1989,2000,11
51415.jpg,1989,1990,1
51420.jpg,1989,1998,9
51425.jpg,1989,2010,21
51430.jpg,1989,1993,4
51435.jpg,1989,2023,34
51440.jpg,1989,1990,1
51445.jpg,1989,1980,-9
51455.jpg,1989,1960,-29
51460.jpg,1989,2020,31
51470.jpg,1989,2001,12
51475.jpg,1989,1985,-4
51480.jpg,1989,1970,-19
51485.jpg,1989,1965,-24
51490.jpg,1989,1985,-4
51495.jpg,1989,1970,-19
51500.jpg,1989,1990,1
51505.jpg,1989,2005,16
51510.jpg,1989,2010,21
51515.jpg,1989,1980,-9
51520.jpg,1989,2000,11
51525.jpg,1989,1938,-51
51530.jpg,1989,1935,-54
51535.jpg,1989,1995,6
51540.jpg,1989,1985,-4
51545.jpg,1989,1949,-40
51550.jpg,1989,1895,-94
51555.jpg,1989,-1,-1990
51560.jpg,1989,2010,21
51565.jpg,1989,1985,-4
51575.jpg,1989,2000,11
51580.jpg,1989,1600,-389
51585.jpg,1989,1980,-9
51590.jpg,1989,2000,11
51595.jpg,1989,2005,16
51600.jpg,1989,2020,31
51605.jpg,1990,1930,-60
51610.jpg,1990,2020,30
51615.jpg,1990,1980,-10
51620.jpg,1990,2015,25
51625.jpg,1990,1990,0
51630.jpg,1990,2000,10
51635.jpg,1990,1970,-20
51640.jpg,1990,1995,5
51645.jpg,1990,2000,10
51650.jpg,1990,1986,-4
51655.jpg,1990,2020,30
51660.jpg,1990,2010,20
51670.jpg,1990,2004,14
51675.jpg,1990,1995,5
51680.jpg,1990,1995,5
51685.jpg,1990,2010,20
51690.jpg,1990,2010,20
51695.jpg,1990,1930,-60
51700.jpg,1990,1975,-15
51705.jpg,1990,2000,10
51710.jpg,1990,1927,-63
51715.jpg,1990,1987,-3
51720.jpg,1990,1980,-10
51725.jpg,1990,2015,25
51730.jpg,1990,2004,14
51735.jpg,1990,1986,-4
51740.jpg,1990,1905,-85
51745.jpg,1990,1900,-90
51755.jpg,1990,2000,10
51760.jpg,1990,1900,-90
51765.jpg,1990,1890,-100
51770.jpg,1990,1970,-20
51775.jpg,1990,2032,42
51780.jpg,1990,1980,-10
51785.jpg,1990,1963,-27
51795.jpg,1990,2015,25
51805.jpg,1990,1987,-3
51810.jpg,1990,2010,20
51815.jpg,1990,2000,10
51820.jpg,1990,1960,-30
51825.jpg,1990,1984,-6
51830.jpg,1990,1980,-10
51840.jpg,1991,1985,-6
51845.jpg,1991,1995,4
51850.jpg,1991,1980,-11
51860.jpg,1991,2019,28
51865.jpg,1991,2000,9
51870.jpg,1991,2000,9
51875.jpg,1991,2010,19
51885.jpg,1991,1970,-21
51890.jpg,1991,2008,17
51895.jpg,1991,1990,-1
51905.jpg,1991,1985,-6
51910.jpg,1991,2000,9
51920.jpg,1991,2005,14
51925.jpg,1991,2000,9
51930.jpg,1991,1990,-1
51935.jpg,1991,1975,-16
51940.jpg,1991,1975,-16
51945.jpg,1991,1937,-54
51950.jpg,1991,1970,-21
51955.jpg,1991,1995,4
51960.jpg,1991,2015,24
51965.jpg,1991,1960,-31
51970.jpg,1991,2010,19
51975.jpg,1991,1900,-91
51980.jpg,1991,1900,-91
51985.jpg,1991,1925,-66
51990.jpg,1991,2015,24
51995.jpg,1991,1970,-21
52000.jpg,1991,1986,-5
52015.jpg,1991,1980,-11
52020.jpg,1991,2000,9
52025.jpg,1991,2000,9
52035.jpg,1991,2010,19
52040.jpg,1991,2015,24
52045.jpg,1991,2000,9
52060.jpg,1991,1979,-12
52065.jpg,1992,1980,-12
52070.jpg,1992,2015,23
52075.jpg,1992,1995,3
52080.jpg,1992,1992,0
52085.jpg,1992,2000,8
52090.jpg,1992,2000,8
52095.jpg,1992,2015,23
52100.jpg,1992,2010,18
52105.jpg,1992,1980,-12
52110.jpg,1992,1980,-12
52115.jpg,1992,2010,18
52120.jpg,1992,1990,-2
52125.jpg,1992,2010,18
52130.jpg,1992,1995,3
52135.jpg,1992,1965,-27
52140.jpg,1992,1990,-2
52145.jpg,1992,1965,-27
52150.jpg,1992,1985,-7
52155.jpg,1992,2009,17
52160.jpg,1992,1987,-5
52165.jpg,1992,1985,-7
52170.jpg,1992,2014,22
52175.jpg,1992,1998,6
52180.jpg,1992,2015,23
52185.jpg,1992,1985,-7
52190.jpg,1992,2010,18
52195.jpg,1992,1991,-1
52200.jpg,1992,2000,8
52205.jpg,1992,1980,-12
52210.jpg,1992,1949,-43
52215.jpg,1992,1930,-62
52220.jpg,1992,1990,-2
52225.jpg,1992,1920,-72
52230.jpg,1992,1465,-527
52235.jpg,1992,1880,-112
52240.jpg,1992,1950,-42
52245.jpg,1992,1975,-17
52250.jpg,1992,2000,8
52260.jpg,1992,1995,3
52270.jpg,1993,2000,7
52275.jpg,1993,2011,18
52280.jpg,1993,2015,22
52285.jpg,1993,2015,22
52290.jpg,1993,20,-1973
52300.jpg,1993,1950,-43
52305.jpg,1993,1945,-48
52310.jpg,1993,1978,-15
52315.jpg,1993,1970,-23
52320.jpg,1993,2000,7
52325.jpg,1993,1990,-3
52335.jpg,1993,2015,22
52340.jpg,1993,2020,27
52345.jpg,1993,1983,-10
52350.jpg,1993,1995,2
52355.jpg,1993,1995,2
52360.jpg,1993,1995,2
52365.jpg,1993,2000,7
52370.jpg,1993,1999,6
52375.jpg,1993,1995,2
52380.jpg,1993,1990,-3
52385.jpg,1993,2005,12
52390.jpg,1993,2020,27
52395.jpg,1993,2010,17
52400.jpg,1993,1992,-1
52405.jpg,1993,1980,-13
52410.jpg,1993,1920,-73
52415.jpg,1993,1958,-35
52420.jpg,1993,1982,-11
52425.jpg,1993,1885,-108
52430.jpg,1993,2000,7
52435.jpg,1993,1985,-8
52440.jpg,1993,2018,25
52445.jpg,1993,1985,-8
52450.jpg,1993,1860,-133
52455.jpg,1993,2010,17
52460.jpg,1993,-1,-1994
52465.jpg,1993,1980,-13
52475.jpg,1994,2005,11
52480.jpg,1994,1983,-11
52485.jpg,1994,2023,29
52490.jpg,1994,1960,-34
52495.jpg,1994,2000,6
52505.jpg,1994,2000,6
52510.jpg,1994,1990,-4
52515.jpg,1994,1990,-4
52525.jpg,1994,1970,-24
52530.jpg,1994,1995,1
52535.jpg,1994,1989,-5
52540.jpg,1994,1960,-34
52545.jpg,1994,2012,18
52550.jpg,1994,2000,6
52555.jpg,1994,1950,-44
52560.jpg,1994,1890,-104
52570.jpg,1994,1950,-44
52575.jpg,1994,2000,6
52580.jpg,1994,1890,-104
52585.jpg,1994,2018,24
52590.jpg,1994,2000,6
52595.jpg,1994,1950,-44
52600.jpg,1994,1950,-44
52605.jpg,1994,1600,-394
52610.jpg,1994,1970,-24
52615.jpg,1994,1892,-102
52620.jpg,1994,2011,17
52625.jpg,1994,2010,16
52630.jpg,1994,2010,16
52635.jpg,1994,1980,-14
52640.jpg,1994,1980,-14
52645.jpg,1994,2000,6
52650.jpg,1995,1970,-25
52655.jpg,1995,1960,-35
52660.jpg,1995,2005,10
52665.jpg,1995,2010,15
52670.jpg,1995,2025,30
52675.jpg,1995,1970,-25
52680.jpg,1995,2007,12
52685.jpg,1995,2010,15
52690.jpg,1995,2000,5
52695.jpg,1995,2013,18
52700.jpg,1995,2021,26
52705.jpg,1995,1909,-86
52710.jpg,1995,1990,-5
52715.jpg,1995,1950,-45
52720.jpg,1995,1975,-20
52725.jpg,1995,1950,-45
52730.jpg,1995,1990,-5
52735.jpg,1995,2000,5
52740.jpg,1995,2005,10
52745.jpg,1995,1980,-15
52750.jpg,1995,1994,-1
52755.jpg,1995,2020,25
52760.jpg,1995,1991,-4
52765.jpg,1995,1970,-25
52770.jpg,1995,2000,5
52775.jpg,1995,2000,5
52785.jpg,1995,2010,15
52790.jpg,1995,1900,-95
52795.jpg,1995,1965,-30
52800.jpg,1995,2000,5
52805.jpg,1995,2000,5
52810.jpg,1995,2007,12
52815.jpg,1995,1928,-67
52820.jpg,1995,2000,5
52825.jpg,1995,2015,20
52830.jpg,1995,1986,-9
52835.jpg,1995,1800,-195
52840.jpg,1995,1453,-542
52845.jpg,1996,2004,8
52850.jpg,1996,2005,9
52855.jpg,1996,1990,-6
52860.jpg,1996,2000,4
52865.jpg,1996,2010,14
52870.jpg,1996,2010,14
52875.jpg,1996,1980,-16
52880.jpg,1996,1960,-36
52885.jpg,1996,2010,14
52890.jpg,1996,1995,-1
52895.jpg,1996,1980,-16
52900.jpg,1996,2012,16
52905.jpg,1996,2010,14
52910.jpg,1996,2010,14
52915.jpg,1996,1976,-20
52920.jpg,1996,2010,14
52925.jpg,1996,2010,14
52935.jpg,1996,2020,24
52940.jpg,1996,1960,-36
52945.jpg,1996,1994,-2
52950.jpg,1996,1960,-36
52955.jpg,1996,2010,14
52960.jpg,1996,2000,4
52965.jpg,1996,2010,14
52970.jpg,1996,2010,14
52980.jpg,1996,1984,-12
52985.jpg,1997,1700,-297
52990.jpg,1997,1996,-1
52995.jpg,1997,1950,-47
53000.jpg,1997,1975,-22
53005.jpg,1997,1980,-17
53010.jpg,1997,1950,-47
53015.jpg,1997,2010,13
53020.jpg,1997,2021,24
53025.jpg,1997,2002,5
53030.jpg,1997,2019,22
53035.jpg,1997,1990,-7
53040.jpg,1997,2020,23
53045.jpg,1997,2008,11
53050.jpg,1997,2005,8
53055.jpg,1997,1990,-7
53060.jpg,1997,1999,2
53065.jpg,1997,1970,-27
53070.jpg,1997,1985,-12
53075.jpg,1997,1992,-5
53080.jpg,1997,2000,3
53085.jpg,1997,1950,-47
53090.jpg,1997,-1,-1998
53095.jpg,1997,1980,-17
53100.jpg,1997,1970,-27
53105.jpg,1997,2023,26
53110.jpg,1997,2002,5
53115.jpg,1997,2020,23
53120.jpg,1997,2023,26
53125.jpg,1997,1990,-7
53130.jpg,1997,1965,-32
53135.jpg,1997,2000,3
53140.jpg,1997,1945,-52
53145.jpg,1997,1975,-22
53150.jpg,1997,2030,33
53155.jpg,1997,1800,-197
53165.jpg,1997,2015,18
53170.jpg,1997,2010,13
53175.jpg,1997,2005,8
53180.jpg,1997,2025,28
53185.jpg,1997,1985,-12
53190.jpg,1997,2005,8
53195.jpg,1997,1634,-363
53200.jpg,1997,2007,10
53205.jpg,1997,1980,-17
53210.jpg,1997,1973,-24
53215.jpg,1997,1895,-102
53220.jpg,1997,2000,3
53225.jpg,1997,2008,11
53230.jpg,1997,2015,18
53235.jpg,1998,1880,-118
53240.jpg,1998,2021,23
53245.jpg,1998,1970,-28
53250.jpg,1998,2010,12
53255.jpg,1998,1965,-33
53260.jpg,1998,1987,-11
53265.jpg,1998,1950,-48
53270.jpg,1998,2011,13
53275.jpg,1998,1960,-38
53280.jpg,1998,2000,2
53285.jpg,1998,2000,2
53290.jpg,1998,2000,2
53300.jpg,1998,2005,7
53305.jpg,1998,2015,17
53310.jpg,1998,1970,-28
53315.jpg,1998,2002,4
53325.jpg,1998,1998,0
53330.jpg,1998,1997,-1
53335.jpg,1998,2000,2
53340.jpg,1998,1980,-18
53345.jpg,1998,1970,-28
53350.jpg,1998,1970,-28
53355.jpg,1998,1975,-23
53365.jpg,1998,1983,-15
53370.jpg,1998,2000,2
53375.jpg,1998,2018,20
53380.jpg,1998,1978,-20
53385.jpg,1998,1750,-248
53390.jpg,1998,1856,-142
53395.jpg,1998,1950,-48
53400.jpg,1998,-1,-1999
53405.jpg,1998,1943,-55
53410.jpg,1998,1975,-23
53415.jpg,1998,2007,9
53420.jpg,1998,1970,-28
53425.jpg,1998,2010,12
53435.jpg,1998,1985,-13
53440.jpg,1998,2000,2
53445.jpg,1998,2004,6
53450.jpg,1998,1980,-18
53455.jpg,1999,1680,-319
53460.jpg,1999,2000,1
53465.jpg,1999,1965,-34
53470.jpg,1999,1989,-10
53475.jpg,1999,2010,11
53480.jpg,1999,2020,21
53485.jpg,1999,2020,21
53490.jpg,1999,1988,-11
53495.jpg,1999,2015,16
53505.jpg,1999,2017,18
53510.jpg,1999,1990,-9
53515.jpg,1999,2021,22
53520.jpg,1999,2005,6
53525.jpg,1999,2019,20
53530.jpg,1999,2000,1
53535.jpg,1999,1980,-19
53540.jpg,1999,1950,-49
53545.jpg,1999,2005,6
53550.jpg,1999,2010,11
53555.jpg,1999,2004,5
53560.jpg,1999,1980,-19
53565.jpg,1999,1964,-35
53570.jpg,1999,1980,-19
53575.jpg,1999,2004,5
53580.jpg,1999,1960,-39
53585.jpg,1999,1980,-19
53590.jpg,1999,2000,1
53595.jpg,1999,1990,-9
53600.jpg,1999,2010,11
53605.jpg,1999,2005,6
53610.jpg,1999,2010,11
53615.jpg,1999,1940,-59
53620.jpg,1999,1934,-65
53625.jpg,1999,1999,0
53630.jpg,1999,1912,-87
53635.jpg,1999,1968,-31
53650.jpg,1999,2023,24
53655.jpg,1999,1980,-19
53660.jpg,1999,2009,10
53665.jpg,1999,2015,16
53670.jpg,1999,1983,-16
53675.jpg,1999,2010,11
53680.jpg,1999,2010,11
53685.jpg,1999,1894,-105
53690.jpg,2000,1942,-58
53700.jpg,2000,1991,-9
53705.jpg,2000,2005,5
53710.jpg,2000,2000,0
53715.jpg,2000,2015,15
53720.jpg,2000,1950,-50
53725.jpg,2000,2004,4
53730.jpg,2000,1990,-10
53735.jpg,2000,2015,15
53740.jpg,2000,1970,-30
53745.jpg,2000,2005,5
53755.jpg,2000,1980,-20
53760.jpg,2000,2010,10
53765.jpg,2000,2013,13
53770.jpg,2000,2005,5
53775.jpg,2000,1990,-10
53780.jpg,2000,1999,-1
53785.jpg,2000,1980,-20
53790.jpg,2000,1979,-21
53795.jpg,2000,1950,-50
53800.jpg,2000,1950,-50
53805.jpg,2000,1892,-108
53810.jpg,2000,1984,-16
53815.jpg,2000,1993,-7
53820.jpg,2000,1984,-16
53830.jpg,2000,1960,-40
53835.jpg,2000,1970,-30
53840.jpg,2000,1453,-547
53845.jpg,2000,2000,0
53850.jpg,2000,1870,-130
53855.jpg,2000,1995,-5
53860.jpg,2000,2010,10
53865.jpg,2000,2005,5
53870.jpg,2000,1985,-15
53875.jpg,2000,2015,15
53880.jpg,2000,2000,0
53885.jpg,2000,2000,0
53890.jpg,2000,1980,-20
53895.jpg,2000,163,-1837
53905.jpg,2001,2010,9
53910.jpg,2001,2000,-1
53915.jpg,2001,2020,19
53920.jpg,2001,2014,13
53925.jpg,2001,2003,2
53930.jpg,2001,1960,-41
53935.jpg,2001,1950,-51
53940.jpg,2001,2020,19
53945.jpg,2001,1957,-44
53950.jpg,2001,1989,-12
53955.jpg,2001,2000,-1
53960.jpg,2001,1980,-21
53965.jpg,2001,2023,22
53970.jpg,2001,2015,14
53975.jpg,2001,2015,14
53980.jpg,2001,2000,-1
53985.jpg,2001,2000,-1
53990.jpg,2001,1990,-11
53995.jpg,2001,600,-1401
54000.jpg,2001,1990,-11
54005.jpg,2001,1980,-21
54010.jpg,2001,1960,-41
54015.jpg,2001,2000,-1
54020.jpg,2001,1900,-101
54025.jpg,2001,2010,9
54030.jpg,2001,2009,8
54035.jpg,2001,2010,9
54040.jpg,2001,2015,14
54045.jpg,2001,1975,-26
54050.jpg,2001,1910,-91
54055.jpg,2001,1965,-36
54060.jpg,2001,1950,-51
54065.jpg,2001,1950,-51
54070.jpg,2001,1980,-21
54075.jpg,2001,2010,9
54085.jpg,2001,2011,10
54090.jpg,2001,2008,7
54095.jpg,2001,1990,-11
54100.jpg,2001,2010,9
54105.jpg,2001,1950,-51
54110.jpg,2001,2010,9
54120.jpg,2001,2010,9
54125.jpg,2001,2000,-1
54130.jpg,2001,1986,-15
54135.jpg,2001,2005,4
54140.jpg,2001,2010,9
54145.jpg,2001,1985,-16
54150.jpg,2001,2010,9
54155.jpg,2001,1950,-51
54160.jpg,2001,1995,-6
54165.jpg,2001,1930,-71
54170.jpg,2001,2020,19
54180.jpg,2002,1900,-102
54185.jpg,2002,1985,-17
54190.jpg,2002,1986,-16
54195.jpg,2002,2000,-2
54200.jpg,2002,2010,8
54205.jpg,2002,2010,8
54210.jpg,2002,2015,13
54215.jpg,2002,2005,3
54220.jpg,2002,2005,3
54225.jpg,2002,1970,-32
54230.jpg,2002,2005,3
54235.jpg,2002,1990,-12
54240.jpg,2002,1975,-27
54245.jpg,2002,2012,10
54250.jpg,2002,2010,8
54255.jpg,2002,1750,-252
54260.jpg,2002,2010,8
54265.jpg,2002,2000,-2
54270.jpg,2002,1995,-7
54275.jpg,2002,1980,-22
54280.jpg,2002,2015,13
54285.jpg,2002,1970,-32
54290.jpg,2002,1990,-12
54295.jpg,2002,2000,-2
54300.jpg,2002,1935,-67
54305.jpg,2002,1950,-52
54310.jpg,2002,2000,-2
54315.jpg,2002,2015,13
54320.jpg,2002,1900,-102
54330.jpg,2002,1906,-96
54335.jpg,2002,1960,-42
54340.jpg,2002,2010,8
54345.jpg,2002,2010,8
54355.jpg,2002,1997,-5
54360.jpg,2002,1990,-12
54365.jpg,2002,1990,-12
54370.jpg,2002,1970,-32
54375.jpg,2002,21,-1981
54385.jpg,2002,2010,8
54390.jpg,2002,21,-1981
54395.jpg,2002,2010,8
54400.jpg,2002,2005,3
54405.jpg,2003,2050,47
54410.jpg,2003,2019,16
54415.jpg,2003,2023,20
54425.jpg,2003,2000,-3
54430.jpg,2003,1993,-10
54435.jpg,2003,1960,-43
54440.jpg,2003,1990,-13
54445.jpg,2003,1999,-4
54450.jpg,2003,1978,-25
54460.jpg,2003,1994,-9
54465.jpg,2003,2020,17
54470.jpg,2003,1995,-8
54475.jpg,2003,2002,-1
54480.jpg,2003,1961,-42
54485.jpg,2003,1995,-8
54490.jpg,2003,2008,5
54495.jpg,2003,2005,2
54500.jpg,2003,1980,-23
54505.jpg,2003,1990,-13
54510.jpg,2003,1960,-43
54515.jpg,2003,1980,-23
54520.jpg,2003,1953,-50
54525.jpg,2003,1980,-23
54530.jpg,2003,2010,7
54535.jpg,2003,1950,-53
54540.jpg,2003,1918,-85
54545.jpg,2003,1850,-153
54550.jpg,2003,2010,7
54555.jpg,2003,1700,-303
54560.jpg,2003,1996,-7
54565.jpg,2003,2000,-3
54570.jpg,2003,1990,-13
54575.jpg,2003,2003,0
54580.jpg,2003,1970,-33
54585.jpg,2003,2015,12
54590.jpg,2003,2003,0
54595.jpg,2003,2000,-3
54600.jpg,2003,1990,-13
54605.jpg,2004,2010,6
54610.jpg,2004,2005,1
54620.jpg,2004,1980,-24
54625.jpg,2004,2010,6
54630.jpg,2004,1980,-24
54635.jpg,2004,2015,11
54640.jpg,2004,2020,16
54645.jpg,2004,1995,-9
54650.jpg,2004,2020,16
54655.jpg,2004,1980,-24
54660.jpg,2004,2005,1
54665.jpg,2004,2018,14
54670.jpg,2004,1999,-5
54675.jpg,2004,2010,6
54680.jpg,2004,1965,-39
54685.jpg,2004,2000,-4
54690.jpg,2004,1950,-54
54695.jpg,2004,2020,16
54700.jpg,2004,1995,-9
54705.jpg,2004,2024,20
54710.jpg,2004,2000,-4
54715.jpg,2004,1900,-104
54720.jpg,2004,2010,6
54725.jpg,2004,1990,-14
54730.jpg,2004,1930,-74
54735.jpg,2004,1970,-34
54740.jpg,2004,2009,5
54745.jpg,2004,1910,-94
54750.jpg,2004,1900,-104
54760.jpg,2004,1953,-51
54770.jpg,2004,1994,-10
54775.jpg,2004,1995,-9
54780.jpg,2004,2010,6
54785.jpg,2004,2010,6
54790.jpg,2004,2000,-4
54795.jpg,2004,2000,-4
54800.jpg,2004,2010,6
54805.jpg,2004,2010,6
54810.jpg,2004,2011,7
54815.jpg,2004,2000,-4
54820.jpg,2004,2010,6
54825.jpg,2004,2004,0
54830.jpg,2004,1993,-11
54835.jpg,2004,2018,14
54840.jpg,2004,1990,-14
54845.jpg,2005,1875,-130
54850.jpg,2005,1970,-35
54855.jpg,2005,2005,0
54860.jpg,2005,2017,12
54865.jpg,2005,1800,-205
54870.jpg,2005,2010,5
54885.jpg,2005,2000,-5
54890.jpg,2005,2020,15
54895.jpg,2005,2020,15
54900.jpg,2005,1991,-14
54905.jpg,2005,2018,13
54910.jpg,2005,2000,-5
54915.jpg,2005,2000,-5
54925.jpg,2005,-1,-2006
54930.jpg,2005,2011,6
54935.jpg,2005,1900,-105
54940.jpg,2005,2000,-5
54955.jpg,2005,1980,-25
54960.jpg,2005,2010,5
54965.jpg,2005,2010,5
54970.jpg,2005,1980,-25
54975.jpg,2005,1900,-105
54980.jpg,2005,2010,5
54985.jpg,2005,1999,-6
54990.jpg,2005,1900,-105
54995.jpg,2005,960,-1045
55000.jpg,2005,1977,-28
55005.jpg,2005,2000,-5
55010.jpg,2005,1980,-25
55015.jpg,2005,2015,10
55020.jpg,2005,1970,-35
55025.jpg,2005,2010,5
55030.jpg,2005,1990,-15
55035.jpg,2005,1950,-55
55040.jpg,2005,2000,-5
55045.jpg,2005,2005,0
55050.jpg,2005,2015,10
55055.jpg,2005,2010,5
55060.jpg,2005,2010,5
55065.jpg,2005,2020,15
55070.jpg,2005,1970,-35
55075.jpg,2005,2000,-5
55080.jpg,2005,2017,12
55085.jpg,2005,1990,-15
55090.jpg,2005,1990,-15
55095.jpg,2005,2010,5
55100.jpg,2005,1979,-26
55105.jpg,2005,2019,14
55110.jpg,2005,2000,-5
55115.jpg,2005,1888,-117
55120.jpg,2005,1995,-10
55125.jpg,2005,2031,26
55130.jpg,2005,2020,15
55135.jpg,2006,2010,4
55140.jpg,2006,2010,4
55145.jpg,2006,2008,2
55155.jpg,2006,2010,4
55160.jpg,2006,2020,14
55165.jpg,2006,1980,-26
55170.jpg,2006,1993,-13
55175.jpg,2006,2023,17
55180.jpg,2006,1988,-18
55185.jpg,2006,1995,-11
55190.jpg,2006,1983,-23
55195.jpg,2006,2007,1
55200.jpg,2006,2015,9
55210.jpg,2006,1980,-26
55215.jpg,2006,21,-1985
55220.jpg,2006,2000,-6
55230.jpg,2006,1990,-16
55235.jpg,2006,2000,-6
55240.jpg,2006,2010,4
55245.jpg,2006,2010,4
55250.jpg,2006,2000,-6
55255.jpg,2006,2000,-6
55265.jpg,2006,1700,-306
55270.jpg,2006,1980,-26
55275.jpg,2006,1960,-46
55280.jpg,2006,2005,-1
55285.jpg,2006,1990,-16
55290.jpg,2006,1990,-16
55295.jpg,2006,2004,-2
55300.jpg,2006,2010,4
55305.jpg,2006,2000,-6
55310.jpg,2006,2010,4
55315.jpg,2006,1902,-104
55320.jpg,2006,2000,-6
55325.jpg,2006,1995,-11
55330.jpg,2006,1996,-10
55335.jpg,2007,1850,-157
55340.jpg,2007,2015,8
55345.jpg,2007,2000,-7
55355.jpg,2007,2010,3
55360.jpg,2007,2010,3
55365.jpg,2007,2010,3
55370.jpg,2007,2020,13
55380.jpg,2007,2015,8
55385.jpg,2007,1973,-34
55395.jpg,2007,1889,-118
55400.jpg,2007,2011,4
55405.jpg,2007,1988,-19
55410.jpg,2007,2010,3
55415.jpg,2007,1950,-57
55420.jpg,2007,1990,-17
55425.jpg,2007,2010,3
55430.jpg,2007,1973,-34
55435.jpg,2007,14,-1993
55440.jpg,2007,2010,3
55445.jpg,2007,2015,8
55450.jpg,2007,1995,-12
55455.jpg,2007,2007,0
55460.jpg,2007,1453,-554
55465.jpg,2007,1948,-59
55475.jpg,2007,1886,-121
55480.jpg,2007,1953,-54
55485.jpg,2007,2020,13
55490.jpg,2007,1969,-38
55500.jpg,2007,2015,8
55505.jpg,2007,2000,-7
55510.jpg,2007,2000,-7
55515.jpg,2007,2010,3
55520.jpg,2007,1970,-37
55525.jpg,2007,1857,-150
55530.jpg,2007,2000,-7
55535.jpg,2007,1995,-12
55540.jpg,2007,2010,3
55545.jpg,2007,1963,-44
55550.jpg,2007,1940,-67
55555.jpg,2007,2010,3
55560.jpg,2007,1990,-17
55565.jpg,2007,2023,16
55570.jpg,2007,2020,13
55575.jpg,2007,2000,-7
55580.jpg,2007,1990,-17
55585.jpg,2007,2005,-2
55590.jpg,2007,2000,-7
55595.jpg,2007,1900,-107
55600.jpg,2007,1990,-17
55605.jpg,2007,1989,-18
55610.jpg,2008,1771,-237
55615.jpg,2008,1750,-258
55620.jpg,2008,2010,2
55625.jpg,2008,2008,0
55630.jpg,2008,1970,-38
55635.jpg,2008,1995,-13
55640.jpg,2008,2020,12
55645.jpg,2008,2020,12
55650.jpg,2008,2005,-3
55655.jpg,2008,1980,-28
55660.jpg,2008,2010,2
55670.jpg,2008,2019,11
55675.jpg,2008,2010,2
55685.jpg,2008,2010,2
55690.jpg,2008,2005,-3
55695.jpg,2008,2015,7
55705.jpg,2008,2010,2
55710.jpg,2008,2000,-8
55715.jpg,2008,1995,-13
55720.jpg,2008,1960,-48
55725.jpg,2008,2010,2
55730.jpg,2008,2010,2
55735.jpg,2008,1600,-408
55740.jpg,2008,2020,12
55745.jpg,2008,1994,-14
55750.jpg,2008,1978,-30
55755.jpg,2008,1990,-18
55760.jpg,2008,2000,-8
55765.jpg,2008,1990,-18
55770.jpg,2008,1880,-128
55775.jpg,2008,1989,-19
55780.jpg,2008,2000,-8
55785.jpg,2008,2000,-8
55795.jpg,2008,2010,2
55800.jpg,2008,2005,-3
55805.jpg,2008,1990,-18
55810.jpg,2008,1990,-18
55815.jpg,2008,1970,-38
55820.jpg,2008,1473,-535
55825.jpg,2008,1960,-48
55830.jpg,2008,1947,-61
55835.jpg,2009,1960,-49
55845.jpg,2009,2009,0
55850.jpg,2009,2010,1
55870.jpg,2009,2000,-9
55875.jpg,2009,2010,1
55880.jpg,2009,2010,1
55885.jpg,2009,2000,-9
55890.jpg,2009,2012,3
55895.jpg,2009,2000,-9
55900.jpg,2009,1980,-29
55905.jpg,2009,2010,1
55910.jpg,2009,2015,6
55915.jpg,2009,2012,3
55920.jpg,2009,1688,-321
55925.jpg,2009,1994,-15
55930.jpg,2009,1965,-44
55935.jpg,2009,2010,1
55940.jpg,2009,2013,4
55945.jpg,2009,-1,-2010
55950.jpg,2009,2003,-6
55955.jpg,2009,2010,1
55960.jpg,2009,2005,-4
55965.jpg,2009,1988,-21
55970.jpg,2009,1996,-13
55975.jpg,2009,2006,-3
55980.jpg,2009,2010,1
55985.jpg,2009,1940,-69
55990.jpg,2009,1990,-19
55995.jpg,2009,2006,-3
56000.jpg,2009,2015,6
56005.jpg,2009,1910,-99
56010.jpg,2009,1860,-149
56015.jpg,2009,2015,6
56020.jpg,2009,2005,-4
56025.jpg,2009,2010,1
56030.jpg,2009,2000,-9
56035.jpg,2009,1980,-29
56040.jpg,2009,1980,-29
56050.jpg,2009,1996,-13
56055.jpg,2009,1989,-20
56060.jpg,2009,1900,-109
56065.jpg,2009,1980,-29
56070.jpg,2009,2010,1
56075.jpg,2009,2020,11
56080.jpg,2010,1970,-40
56085.jpg,2010,2000,-10
56090.jpg,2010,2018,8
56095.jpg,2010,1990,-20
56105.jpg,2010,2006,-4
56110.jpg,2010,2015,5
56115.jpg,2010,2015,5
56125.jpg,2010,2008,-2
56130.jpg,2010,2000,-10
56135.jpg,2010,1990,-20
56140.jpg,2010,1950,-60
56145.jpg,2010,2021,11
56150.jpg,2010,2010,0
56155.jpg,2010,1980,-30
56165.jpg,2010,2010,0
56170.jpg,2010,1856,-154
56175.jpg,2010,2023,13
56180.jpg,2010,2020,10
56185.jpg,2010,2015,5
56190.jpg,2010,1980,-30
56195.jpg,2010,2010,0
56200.jpg,2010,1976,-34
56205.jpg,2010,1977,-33
56210.jpg,2010,1932,-78
56215.jpg,2010,2000,-10
56220.jpg,2010,2005,-5
56225.jpg,2010,2000,-10
56230.jpg,2010,1980,-30
56235.jpg,2010,1945,-65
56240.jpg,2010,2000,-10
56245.jpg,2010,2000,-10
56250.jpg,2010,2010,0
56255.jpg,2010,2012,2
56260.jpg,2010,2023,13
56265.jpg,2010,2010,0
56270.jpg,2010,2030,20
56275.jpg,2010,1970,-40
56280.jpg,2010,1960,-50
56285.jpg,2010,1990,-20
56290.jpg,2010,2005,-5
56295.jpg,2010,2000,-10
56300.jpg,2010,1950,-60
56310.jpg,2010,2015,5
56315.jpg,2011,2017,6
56320.jpg,2011,1990,-21
56325.jpg,2011,2010,-1
56330.jpg,2011,1970,-41
56335.jpg,2011,2018,7
56345.jpg,2011,2000,-11
56350.jpg,2011,2015,4
56355.jpg,2011,1981,-30
56360.jpg,2011,1994,-17
56365.jpg,2011,2010,-1
56370.jpg,2011,2020,9
56375.jpg,2011,2015,4
56380.jpg,2011,1990,-21
56385.jpg,2011,1991,-20
56390.jpg,2011,1910,-101
56395.jpg,2011,2020,9
56400.jpg,2011,2010,-1
56405.jpg,2011,1994,-17
56410.jpg,2011,2009,-2
56415.jpg,2011,2025,14
56420.jpg,2011,2010,-1
56425.jpg,2011,1930,-81
56430.jpg,2011,2016,5
56440.jpg,2011,1980,-31
56450.jpg,2011,2010,-1
56455.jpg,2011,1780,-231
56460.jpg,2011,2005,-6
56465.jpg,2011,1990,-21
56470.jpg,2011,1900,-111
56475.jpg,2011,1970,-41
56480.jpg,2011,1980,-31
56485.jpg,2011,2008,-3
56495.jpg,2011,2000,-11
56500.jpg,2011,2025,14
56505.jpg,2011,1996,-15
56510.jpg,2011,1990,-21
56515.jpg,2011,1945,-66
56520.jpg,2011,1980,-31
56525.jpg,2011,1960,-51
56545.jpg,2012,1990,-22
56550.jpg,2012,21,-1991
56555.jpg,2012,2005,-7
56560.jpg,2012,2010,-2
56565.jpg,2012,2018,6
56570.jpg,2012,2000,-12
56575.jpg,2012,2010,-2
56585.jpg,2012,2010,-2
56590.jpg,2012,2006,-6
56600.jpg,2012,2010,-2
56605.jpg,2012,2015,3
56610.jpg,2012,2007,-5
56615.jpg,2012,1980,-32
56620.jpg,2012,1921,-91
56625.jpg,2012,2021,9
56630.jpg,2012,2010,-2
56635.jpg,2012,2012,0
56640.jpg,2012,1980,-32
56645.jpg,2012,1990,-22
56650.jpg,2012,2005,-7
56655.jpg,2012,1453,-559
56660.jpg,2012,1947,-65
56665.jpg,2012,1890,-122
56670.jpg,2012,2015,3
56675.jpg,2012,2005,-7
56680.jpg,2012,2000,-12
56685.jpg,2012,2005,-7
56690.jpg,2012,2000,-12
56695.jpg,2012,2001,-11
56700.jpg,2012,2008,-4
56705.jpg,2012,1966,-46
56710.jpg,2012,2035,23
56715.jpg,2012,1900,-112
56720.jpg,2013,1935,-78
56725.jpg,2013,2005,-8
56730.jpg,2013,2000,-13
56735.jpg,2013,1996,-17
56740.jpg,2013,2017,4
56745.jpg,2013,2020,7
56750.jpg,2013,2015,2
56755.jpg,2013,2010,-3
56765.jpg,2013,1993,-20
56770.jpg,2013,2023,10
56775.jpg,2013,1975,-38
56780.jpg,2013,-1,-2014
56785.jpg,2013,2000,-13
56795.jpg,2013,2005,-8
56800.jpg,2013,1980,-33
56805.jpg,2013,2010,-3
56810.jpg,2013,-1,-2014
56820.jpg,2013,1970,-43
56825.jpg,2013,-1,-2014
56845.jpg,2013,2010,-3
56850.jpg,2013,2010,-3
56855.jpg,2013,2000,-13
56860.jpg,2013,2005,-8
56865.jpg,2013,1990,-23
56870.jpg,2013,2015,2
56875.jpg,2013,1937,-76
56880.jpg,2013,1990,-23
56885.jpg,2013,2010,-3
56890.jpg,2013,2014,1
56895.jpg,2013,1931,-82
56900.jpg,2014,2002,-12
56905.jpg,2014,1956,-58
56910.jpg,2014,2014,0
56915.jpg,2014,1970,-44
56920.jpg,2014,2005,-9
56925.jpg,2014,2015,1
56930.jpg,2014,2010,-4
56935.jpg,2014,2022,8
56940.jpg,2014,2010,-4
56945.jpg,2014,2010,-4
56950.jpg,2014,2000,-14
56955.jpg,2014,1960,-54
56960.jpg,2014,2010,-4
56965.jpg,2014,1980,-34
56970.jpg,2014,1980,-34
56975.jpg,2014,1985,-29
56980.jpg,2014,1950,-64
56985.jpg,2014,2011,-3
56990.jpg,2014,1927,-87
56995.jpg,2014,1980,-34
57005.jpg,2014,2010,-4
57010.jpg,2014,1965,-49
57015.jpg,2014,2015,1
57020.jpg,2014,2020,6
57025.jpg,2014,2021,7
57030.jpg,2014,1980,-34
57035.jpg,2014,2000,-14
57040.jpg,2014,2015,1
57045.jpg,2014,1957,-57
57050.jpg,2014,2000,-14
57055.jpg,2014,2005,-9
57060.jpg,2014,2000,-14
57065.jpg,2014,1867,-147
57070.jpg,2014,1990,-24
57075.jpg,2015,2023,8
57085.jpg,2015,2000,-15
57090.jpg,2015,1880,-135
57095.jpg,2015,2030,15
57100.jpg,2015,2010,-5
57105.jpg,2015,2010,-5
57110.jpg,2015,1960,-55
57120.jpg,2015,2010,-5
57125.jpg,2015,2010,-5
57130.jpg,2015,2010,-5
57135.jpg,2015,2007,-8
57140.jpg,2015,2005,-10
57145.jpg,2015,2005,-10
57150.jpg,2015,2010,-5
57155.jpg,2015,1999,-16
57160.jpg,2015,2000,-15
57165.jpg,2015,2010,-5
57170.jpg,2015,2013,-2
57175.jpg,2015,1975,-40
57180.jpg,2015,2010,-5
57185.jpg,2015,2010,-5
57195.jpg,2015,2010,-5
57200.jpg,2015,2005,-10
57205.jpg,2015,2005,-10
57210.jpg,2015,2010,-5
57215.jpg,2015,2007,-8
57220.jpg,2016,2000,-16
57225.jpg,2016,2020,4
57230.jpg,2016,1985,-31
57235.jpg,2016,2010,-6
57240.jpg,2016,1975,-41
57250.jpg,2016,2015,-1
57255.jpg,2016,2015,-1
57270.jpg,2016,1995,-21
57275.jpg,2016,2003,-13
57280.jpg,2016,2019,3
57285.jpg,2016,2015,-1
57290.jpg,2016,2010,-6
57295.jpg,2016,2020,4
57300.jpg,2016,2000,-16
57305.jpg,2016,1990,-26
57310.jpg,2016,1950,-66
57315.jpg,2016,2015,-1
57320.jpg,2016,2010,-6
57325.jpg,2016,2015,-1
57330.jpg,2016,2018,2
57335.jpg,2016,2011,-5
57340.jpg,2016,2010,-6
57345.jpg,2016,1965,-51
57350.jpg,2016,2010,-6
57355.jpg,2016,2010,-6
57360.jpg,2016,2010,-6
57365.jpg,2017,2010,-7
57370.jpg,2017,2019,2
57375.jpg,2017,2015,-2
57385.jpg,2017,2000,-17
57390.jpg,2017,1988,-29
57395.jpg,2017,2015,-2
57400.jpg,2017,1950,-67
57415.jpg,2017,2016,-1
57420.jpg,2017,2000,-17
57425.jpg,2017,1981,-36
57430.jpg,2017,1970,-47
57435.jpg,2017,2015,-2
57440.jpg,2017,1905,-112
57450.jpg,2017,1960,-57
57455.jpg,2017,2000,-17
57470.jpg,2017,2018,1
57475.jpg,2017,2015,-2
57480.jpg,2018,1990,-28
57485.jpg,2018,1992,-26
57490.jpg,2018,2000,-18
57495.jpg,2018,1980,-38
57500.jpg,2018,2010,-8
57505.jpg,2018,1980,-38
57510.jpg,2018,2015,-3
57515.jpg,2018,1980,-38
57520.jpg,2018,2013,-5
57525.jpg,2018,1950,-68
57530.jpg,2018,2020,2
57545.jpg,2018,2010,-8
57550.jpg,2018,2010,-8
57555.jpg,2018,1980,-38
57560.jpg,2018,2012,-6
57565.jpg,2018,2000,-18
57570.jpg,2018,2010,-8
57575.jpg,2018,2023,5
57585.jpg,2019,1965,-54
57595.jpg,2019,2020,1
57600.jpg,2019,2010,-9
57605.jpg,2019,1980,-39
57610.jpg,2019,2010,-9
57615.jpg,2019,2005,-14
57620.jpg,2019,2016,-3
57625.jpg,2019,1985,-34
57630.jpg,2019,1970,-49
57635.jpg,2019,1970,-49
57640.jpg,2019,2020,1
57645.jpg,2019,1995,-24
57660.jpg,2019,2010,-9
57665.jpg,2019,2005,-14
57670.jpg,2020,2010,-10
57675.jpg,2020,2007,-13
57680.jpg,2020,1981,-39
57685.jpg,2020,1985,-35
57690.jpg,2020,2000,-20
57695.jpg,2020,1950,-70
57700.jpg,2020,1950,-70
57705.jpg,2020,2000,-20
57710.jpg,2020,1950,-70
57725.jpg,2020,1980,-40
57730.jpg,2021,2000,-21
57735.jpg,2021,2015,-6
57740.jpg,2021,2015,-6
57745.jpg,2021,2019,-2
57750.jpg,2021,2010,-11
57755.jpg,2021,2021,0
57760.jpg,2021,2004,-17
57765.jpg,2021,2010,-11
57770.jpg,2021,1985,-36
57780.jpg,2021,2022,1
57785.jpg,2021,1990,-31
57790.jpg,2021,2000,-21
57795.jpg,2021,2018,-3
57800.jpg,2021,1980,-41
57805.jpg,2022,2023,1
57810.jpg,2022,2010,-12
57815.jpg,2022,2015,-7
57825.jpg,2022,1964,-58
57830.jpg,2022,2010,-12
57835.jpg,2022,1970,-52
57840.jpg,2022,2001,-21
57845.jpg,2022,2010,-12
57860.jpg,2022,1998,-24
57865.jpg,2022,1970,-52
57870.jpg,2022,2000,-22
57875.jpg,2023,1970,-53
57885.jpg,2023,2010,-13
57890.jpg,2023,1990,-33
57895.jpg,2023,2010,-13
57900.jpg,2023,1986,-37
57910.jpg,2023,2015,-8
57915.jpg,2023,1990,-33
57920.jpg,2023,2005,-18
57925.jpg,2024,1900,-124
57930.jpg,2024,2018,-6
