name,year,pred,diff
5.jpg,1008,640,-368
10.jpg,1016,1930,914
15.jpg,1022,1250,228
20.jpg,1028,1675,647
25.jpg,1036,2005,969
30.jpg,1048,4700,3652
35.jpg,1051,1890,839
40.jpg,1061,1909,848
45.jpg,1063,1683,620
55.jpg,1070,1200,130
60.jpg,1076,1100,24
65.jpg,1080,1340,260
70.jpg,1090,1840,750
75.jpg,1093,1453,360
80.jpg,1097,1840,743
85.jpg,1100,3000,1900
90.jpg,1100,1880,780
95.jpg,1107,1810,703
100.jpg,1110,1861,751
105.jpg,1114,800,-314
110.jpg,1116,1250,134
120.jpg,1120,1300,180
125.jpg,1122,1900,778
130.jpg,1125,1280,155
135.jpg,1128,1160,32
140.jpg,1129,1245,116
145.jpg,1130,1867,737
150.jpg,1131,1113,-18
155.jpg,1134,1725,591
165.jpg,1138,1870,732
170.jpg,1140,1300,160
175.jpg,1144,1560,416
180.jpg,1146,1200,54
185.jpg,1147,1473,326
190.jpg,1149,1200,51
195.jpg,1150,1880,730
200.jpg,1152,963,-189
210.jpg,1160,1100,-60
215.jpg,1165,1228,63
220.jpg,1168,1938,770
225.jpg,1170,1250,80
230.jpg,1170,1515,345
235.jpg,1172,180,-992
240.jpg,1175,1879,704
245.jpg,1177,1489,312
255.jpg,1180,1162,-18
260.jpg,1180,1180,0
265.jpg,1180,1200,20
275.jpg,1185,1066,-119
280.jpg,1189,1642,453
285.jpg,1191,1500,309
290.jpg,1192,1850,658
295.jpg,1194,1200,6
300.jpg,1196,1195,-1
305.jpg,1198,1386,188
310.jpg,1199,1850,651
315.jpg,1200,1905,705
320.jpg,1202,1375,173
325.jpg,1204,1500,296
330.jpg,1208,1590,382
335.jpg,1211,1804,593
340.jpg,1212,1380,168
345.jpg,1215,1700,485
350.jpg,1217,1250,33
355.jpg,1220,1580,360
360.jpg,1221,1200,-21
365.jpg,1222,1453,231
370.jpg,1224,1200,-24
375.jpg,1226,1441,215
380.jpg,1227,1650,423
385.jpg,1229,1200,-29
390.jpg,1231,1300,69
395.jpg,1232,1300,68
405.jpg,1237,1296,59
410.jpg,1238,1700,462
415.jpg,1240,1447,207
420.jpg,1242,1194,-48
425.jpg,1245,1300,55
430.jpg,1247,1100,-147
435.jpg,1248,1475,227
440.jpg,1250,1875,625
445.jpg,1250,1900,650
450.jpg,1252,1132,-120
455.jpg,1255,1450,195
460.jpg,1259,1790,531
465.jpg,1260,1180,-80
470.jpg,1263,1270,7
475.jpg,1264,1200,-64
485.jpg,1270,1200,-70
490.jpg,1270,1400,130
495.jpg,1270,1250,-20
500.jpg,1271,1387,116
505.jpg,1273,1400,127
510.jpg,1275,1283,8
515.jpg,1277,1855,578
520.jpg,1278,1400,122
525.jpg,1279,1382,103
530.jpg,1280,1820,540
535.jpg,1285,1200,-85
540.jpg,1288,1500,212
545.jpg,1289,1520,231
550.jpg,1290,1250,-40
555.jpg,1291,1250,-41
560.jpg,1293,514,-779
565.jpg,1295,1629,334
570.jpg,1298,1475,177
575.jpg,1300,1250,-50
580.jpg,1300,1810,510
585.jpg,1300,1500,200
590.jpg,1301,1453,152
595.jpg,1303,1500,197
600.jpg,1305,1200,-105
605.jpg,1307,1001,-306
610.jpg,1309,1880,571
615.jpg,1310,1200,-110
620.jpg,1311,1300,-11
625.jpg,1313,1500,187
630.jpg,1314,1200,-114
635.jpg,1317,1300,-17
640.jpg,1319,1076,-243
645.jpg,1320,1550,230
650.jpg,1322,1436,114
655.jpg,1324,1246,-78
660.jpg,1325,1500,175
665.jpg,1326,1250,-76
670.jpg,1327,1830,503
675.jpg,1328,1379,51
680.jpg,1330,1720,390
685.jpg,1330,1425,95
690.jpg,1331,1926,595
695.jpg,1333,1200,-133
700.jpg,1335,1150,-185
705.jpg,1337,1350,13
710.jpg,1338,1520,182
715.jpg,1340,1855,515
720.jpg,1340,1540,200
725.jpg,1343,1632,289
730.jpg,1345,1100,-245
735.jpg,1345,1580,235
740.jpg,1346,1880,534
745.jpg,1347,1250,-97
750.jpg,1347,1500,153
755.jpg,1349,1820,471
760.jpg,1350,1600,250
765.jpg,1350,1385,35
775.jpg,1353,1350,-3
780.jpg,1354,1250,-104
785.jpg,1356,1225,-131
790.jpg,1358,1453,95
795.jpg,1360,1665,305
800.jpg,1361,1100,-261
805.jpg,1362,1328,-34
810.jpg,1364,1950,586
815.jpg,1365,1488,123
825.jpg,1370,1930,560
830.jpg,1371,1300,-71
835.jpg,1373,1782,409
840.jpg,1375,1602,227
845.jpg,1377,1453,76
850.jpg,1380,2010,630
855.jpg,1381,1300,-81
860.jpg,1382,1500,118
865.jpg,1384,1600,216
870.jpg,1386,1974,588
875.jpg,1389,1650,261
880.jpg,1390,800,-590
885.jpg,1394,1473,79
890.jpg,1396,1395,-1
895.jpg,1397,1420,23
900.jpg,1398,1395,-3
905.jpg,1399,1300,-99
910.jpg,1400,1280,-120
915.jpg,1401,1310,-91
920.jpg,1402,1842,440
925.jpg,1405,1300,-105
930.jpg,1406,1500,94
935.jpg,1409,1350,-59
940.jpg,1410,1830,420
945.jpg,1410,1320,-90
950.jpg,1411,1100,-311
955.jpg,1413,1872,459
960.jpg,1414,1930,516
965.jpg,1417,1405,-12
970.jpg,1419,2006,587
975.jpg,1420,1450,30
980.jpg,1420,1420,0
985.jpg,1422,1835,413
990.jpg,1424,1844,420
995.jpg,1425,1510,85
1000.jpg,1426,1535,109
1005.jpg,1428,1805,377
1010.jpg,1430,1838,408
1015.jpg,1431,1300,-131
1025.jpg,1435,1415,-20
1030.jpg,1436,1358,-78
1035.jpg,1438,1850,412
1040.jpg,1440,1850,410
1045.jpg,1441,1750,309
1050.jpg,1442,1915,473
1055.jpg,1444,1520,76
1060.jpg,1446,1905,459
1065.jpg,1448,1750,302
1070.jpg,1450,1490,40
1075.jpg,1450,1130,-320
1080.jpg,1451,2005,554
1085.jpg,1452,1881,429
1090.jpg,1453,1420,-33
1095.jpg,1455,1906,451
1100.jpg,1457,1850,393
1105.jpg,1458,1255,-203
1110.jpg,1459,1296,-163
1115.jpg,1460,1362,-98
1120.jpg,1462,1920,458
1125.jpg,1462,1200,-262
1130.jpg,1464,1260,-204
1135.jpg,1465,1830,365
1140.jpg,1466,1196,-270
1145.jpg,1467,-1,-1468
1150.jpg,1468,1887,419
1155.jpg,1469,1150,-319
1160.jpg,1470,1905,435
1165.jpg,1470,1200,-270
1170.jpg,1472,1700,228
1175.jpg,1473,1825,352
1180.jpg,1475,1350,-125
1185.jpg,1477,1350,-127
1190.jpg,1477,1850,373
1195.jpg,1479,1670,191
1200.jpg,1480,1220,-260
1205.jpg,1482,1730,248
1210.jpg,1482,1425,-57
1215.jpg,1483,1920,437
1220.jpg,1485,1265,-220
1225.jpg,1487,1650,163
1230.jpg,1487,1880,393
1235.jpg,1488,1927,439
1240.jpg,1489,1250,-239
1245.jpg,1490,1656,166
1250.jpg,1490,1589,99
1255.jpg,1491,1812,321
1260.jpg,1492,1745,253
1265.jpg,1493,1787,294
1270.jpg,1494,1720,226
1275.jpg,1495,1200,-295
1280.jpg,1496,1922,426
1285.jpg,1497,1650,153
1290.jpg,1497,1499,2
1295.jpg,1498,1250,-248
1300.jpg,1499,1270,-229
1305.jpg,1500,1400,-100
1310.jpg,1500,1725,225
1315.jpg,1501,1750,249
1325.jpg,1503,1305,-198
1330.jpg,1504,1300,-204
1335.jpg,1505,1730,225
1340.jpg,1506,1907,401
1345.jpg,1507,1150,-357
1350.jpg,1508,1100,-408
1355.jpg,1508,1628,120
1360.jpg,1509,1236,-273
1365.jpg,1510,1930,420
1370.jpg,1510,1960,450
1375.jpg,1511,1186,-325
1380.jpg,1512,1880,368
1385.jpg,1513,1550,37
1390.jpg,1513,1650,137
1395.jpg,1515,1300,-215
1400.jpg,1515,1720,205
1405.jpg,1516,1850,334
1410.jpg,1517,1256,-261
1415.jpg,1518,1500,-18
1420.jpg,1518,1648,130
1425.jpg,1520,1600,80
1430.jpg,1521,1531,10
1435.jpg,1521,1228,-293
1440.jpg,1522,1990,468
1445.jpg,1523,1960,437
1450.jpg,1524,1654,130
1455.jpg,1525,1818,293
1460.jpg,1526,1720,194
1465.jpg,1526,1530,4
1470.jpg,1527,1895,368
1475.jpg,1528,1780,252
1480.jpg,1528,1900,372
1485.jpg,1530,1350,-180
1490.jpg,1530,1620,90
1495.jpg,1530,1830,300
1500.jpg,1531,1750,219
1505.jpg,1531,1870,339
1510.jpg,1532,1853,321
1515.jpg,1532,1900,368
1520.jpg,1533,1600,67
1525.jpg,1534,1860,326
1530.jpg,1535,1830,295
1535.jpg,1535,1905,370
1540.jpg,1536,1150,-386
1545.jpg,1537,1550,13
1550.jpg,1537,1526,-11
1555.jpg,1538,1436,-102
1560.jpg,1539,1250,-289
1565.jpg,1540,1099,-441
1570.jpg,1540,1180,-360
1575.jpg,1540,1830,290
1580.jpg,1540,1284,-256
1590.jpg,1542,1650,108
1595.jpg,1543,1680,137
1600.jpg,1543,1696,153
1605.jpg,1544,1530,-14
1610.jpg,1545,1760,215
1615.jpg,1545,1820,275
1620.jpg,1547,1567,20
1625.jpg,1548,1825,277
1630.jpg,1549,1720,171
1635.jpg,1549,1750,201
1640.jpg,1550,1550,0
1645.jpg,1550,1820,270
1650.jpg,1550,1880,330
1655.jpg,1550,1070,-480
1660.jpg,1551,1890,339
1665.jpg,1551,1558,7
1670.jpg,1552,1750,198
1675.jpg,1553,1600,47
1680.jpg,1554,1650,96
1685.jpg,1554,1678,124
1690.jpg,1555,1650,95
1695.jpg,1556,2012,456
1700.jpg,1557,1910,353
1705.jpg,1558,1930,372
1710.jpg,1558,1453,-105
1715.jpg,1559,1905,346
1720.jpg,1559,1725,166
1725.jpg,1560,1671,111
1730.jpg,1560,1656,96
1735.jpg,1560,1950,390
1740.jpg,1561,1200,-361
1745.jpg,1561,1760,199
1750.jpg,1562,1356,-206
1755.jpg,1563,1885,322
1760.jpg,1564,1870,306
1765.jpg,1565,1880,315
1770.jpg,1565,1890,325
1775.jpg,1565,1283,-282
1780.jpg,1566,1753,187
1785.jpg,1567,1625,58
1790.jpg,1567,1575,8
1795.jpg,1568,1350,-218
1800.jpg,1568,1200,-368
1805.jpg,1569,1500,-69
1810.jpg,1570,1820,250
1815.jpg,1570,1750,180
1820.jpg,1570,1560,-10
1825.jpg,1571,1850,279
1830.jpg,1572,1550,-22
1835.jpg,1572,1653,81
1840.jpg,1573,1473,-100
1845.jpg,1573,1920,347
1850.jpg,1574,1850,276
1855.jpg,1574,1850,276
1860.jpg,1575,1815,240
1865.jpg,1575,1724,149
1870.jpg,1575,1885,310
1875.jpg,1576,1880,304
1880.jpg,1577,1580,3
1885.jpg,1578,1720,142
1890.jpg,1578,1840,262
1895.jpg,1579,1473,-106
1900.jpg,1579,1840,261
1905.jpg,1580,1754,174
1910.jpg,1580,1650,70
1915.jpg,1581,1524,-57
1920.jpg,1581,1200,-381
1925.jpg,1582,1204,-378
1930.jpg,1582,1910,328
1935.jpg,1583,1478,-105
1940.jpg,1584,1630,46
1945.jpg,1584,1870,286
1950.jpg,1585,1737,152
1955.jpg,1585,1450,-135
1960.jpg,1585,1905,320
1965.jpg,1586,1887,301
1970.jpg,1586,1830,244
1975.jpg,1587,1461,-126
1980.jpg,1588,1580,-8
1985.jpg,1588,1820,232
1990.jpg,1588,1726,138
1995.jpg,1588,1885,297
2000.jpg,1589,1850,261
2005.jpg,1590,1722,132
2010.jpg,1590,1600,10
2020.jpg,1591,1800,209
2025.jpg,1591,1550,-41
2030.jpg,1592,1700,108
2035.jpg,1593,1550,-43
2045.jpg,1595,1650,55
2050.jpg,1595,1905,310
2055.jpg,1595,1905,310
2060.jpg,1596,1350,-246
2065.jpg,1596,1620,24
2070.jpg,1597,1904,307
2075.jpg,1597,1770,173
2080.jpg,1598,1670,72
2085.jpg,1598,1730,132
2090.jpg,1598,1900,302
2095.jpg,1600,1575,-25
2100.jpg,1600,1300,-300
2115.jpg,1602,1800,198
2125.jpg,1604,1640,36
2130.jpg,1604,1875,271
2135.jpg,1604,1576,-28
2140.jpg,1605,1732,127
2145.jpg,1605,1730,125
2150.jpg,1606,1850,244
2155.jpg,1606,1600,-6
2160.jpg,1607,1850,243
2165.jpg,1607,1797,190
2170.jpg,1608,1727,119
2175.jpg,1608,1825,217
2180.jpg,1609,1173,-436
2185.jpg,1610,1570,-40
2190.jpg,1610,1555,-55
2195.jpg,1610,1858,248
2200.jpg,1610,1780,170
2205.jpg,1611,1633,22
2210.jpg,1611,1694,83
2215.jpg,1611,1728,117
2220.jpg,1612,1999,387
2225.jpg,1612,1298,-314
2230.jpg,1613,1800,187
2235.jpg,1613,1720,107
2240.jpg,1614,1907,293
2245.jpg,1614,1700,86
2250.jpg,1614,1530,-84
2255.jpg,1615,1930,315
2260.jpg,1615,1230,-385
2265.jpg,1616,1550,-66
2270.jpg,1616,1730,114
2275.jpg,1616,1960,344
2280.jpg,1616,1520,-96
2285.jpg,1617,1450,-167
2290.jpg,1617,1505,-112
2295.jpg,1617,1700,83
2300.jpg,1618,1993,375
2305.jpg,1618,1725,107
2310.jpg,1619,1530,-89
2315.jpg,1619,1860,241
2320.jpg,1619,1650,31
2325.jpg,1620,1750,130
2330.jpg,1620,1830,210
2335.jpg,1620,1475,-145
2340.jpg,1621,1653,32
2345.jpg,1621,1810,189
2350.jpg,1622,1616,-6
2360.jpg,1623,1610,-13
2365.jpg,1624,1900,276
2370.jpg,1624,1600,-24
2375.jpg,1624,1709,85
2380.jpg,1625,1650,25
2385.jpg,1625,1780,155
2390.jpg,1625,1820,195
2395.jpg,1625,1860,235
2400.jpg,1626,1500,-126
2405.jpg,1626,1880,254
2410.jpg,1627,1800,173
2415.jpg,1628,1990,362
2420.jpg,1628,1892,264
2425.jpg,1629,1905,276
2430.jpg,1629,1520,-109
2435.jpg,1630,1680,50
2440.jpg,1630,1750,120
2445.jpg,1630,1500,-130
2450.jpg,1630,1650,20
2455.jpg,1631,1704,73
2460.jpg,1631,1870,239
2465.jpg,1631,1695,64
2470.jpg,1632,1748,116
2475.jpg,1632,1900,268
2480.jpg,1632,1950,318
2485.jpg,1633,1830,197
2490.jpg,1633,1220,-413
2495.jpg,1634,1894,260
2500.jpg,1634,1350,-284
2505.jpg,1634,1623,-11
2510.jpg,1635,1640,5
2515.jpg,1635,1731,96
2520.jpg,1635,1820,185
2525.jpg,1636,1790,154
2530.jpg,1636,1898,262
2535.jpg,1636,1740,104
2540.jpg,1637,1890,253
2545.jpg,1637,1840,203
2550.jpg,1638,1550,-88
2555.jpg,1638,1815,177
2560.jpg,1638,1878,240
2565.jpg,1639,1750,111
2570.jpg,1639,1731,92
2575.jpg,1640,1780,140
2580.jpg,1640,1820,180
2585.jpg,1640,1800,160
2590.jpg,1641,1844,203
2595.jpg,1641,1550,-91
2600.jpg,1641,1930,289
2605.jpg,1642,1830,188
2610.jpg,1642,1871,229
2615.jpg,1643,1555,-88
2620.jpg,1644,1885,241
2625.jpg,1644,1779,135
2630.jpg,1644,1500,-144
2635.jpg,1645,1830,185
2640.jpg,1645,1920,275
2645.jpg,1646,1894,248
2650.jpg,1646,1850,204
2655.jpg,1646,1750,104
2660.jpg,1648,1790,142
2665.jpg,1648,1870,222
2670.jpg,1648,1648,0
2675.jpg,1649,1750,101
2680.jpg,1650,1630,-20
2685.jpg,1650,1624,-26
2690.jpg,1650,1900,250
2695.jpg,1650,1870,220
2700.jpg,1651,1624,-27
2705.jpg,1651,1701,50
2710.jpg,1652,1800,148
2715.jpg,1653,1740,87
2720.jpg,1653,1769,116
2725.jpg,1654,1680,26
2730.jpg,1654,1250,-404
2735.jpg,1655,1710,55
2745.jpg,1656,1850,194
2750.jpg,1656,1700,44
2755.jpg,1656,1700,44
2760.jpg,1657,1635,-22
2765.jpg,1657,1500,-157
2770.jpg,1658,1500,-158
2775.jpg,1658,1820,162
2780.jpg,1659,1350,-309
2785.jpg,1659,1683,24
2790.jpg,1660,1777,117
2795.jpg,1660,1770,110
2800.jpg,1660,1870,210
2805.jpg,1660,1720,60
2810.jpg,1660,1750,90
2815.jpg,1660,1795,135
2820.jpg,1660,1600,-60
2825.jpg,1661,1920,259
2830.jpg,1661,1784,123
2835.jpg,1661,1782,121
2840.jpg,1661,1919,258
2845.jpg,1662,1890,228
2850.jpg,1663,1810,147
2855.jpg,1663,1790,127
2860.jpg,1664,1610,-54
2865.jpg,1664,1770,106
2870.jpg,1664,1770,106
2875.jpg,1665,1582,-83
2880.jpg,1665,1750,85
2885.jpg,1665,1790,125
2890.jpg,1665,1850,185
2895.jpg,1666,-1,-1667
2900.jpg,1666,1905,239
2905.jpg,1667,1820,153
2910.jpg,1667,1712,45
2915.jpg,1667,1635,-32
2920.jpg,1668,1729,61
2925.jpg,1669,1914,245
2930.jpg,1669,1880,211
2935.jpg,1670,1750,80
2940.jpg,1670,1720,50
2945.jpg,1670,1830,160
2950.jpg,1670,1830,160
2955.jpg,1671,1820,149
2960.jpg,1671,1453,-218
2965.jpg,1671,1885,214
2970.jpg,1672,1870,198
2975.jpg,1672,1960,288
2980.jpg,1673,1801,128
2985.jpg,1673,1850,177
2990.jpg,1674,1810,136
2995.jpg,1674,1820,146
3000.jpg,1674,380,-1294
3010.jpg,1675,1590,-85
3020.jpg,1676,1820,144
3025.jpg,1676,-1,-1677
3030.jpg,1677,1955,278
3035.jpg,1677,1750,73
3040.jpg,1677,1730,53
3045.jpg,1678,1880,202
3050.jpg,1678,1723,45
3055.jpg,1678,1210,-468
3060.jpg,1679,1880,201
3065.jpg,1679,1726,47
3075.jpg,1680,1750,70
3080.jpg,1680,1840,160
3085.jpg,1680,1730,50
3090.jpg,1680,1822,142
3095.jpg,1680,1820,140
3100.jpg,1680,1750,70
3105.jpg,1681,1740,59
3110.jpg,1681,1740,59
3115.jpg,1681,1700,19
3120.jpg,1681,1517,-164
3125.jpg,1682,1790,108
3130.jpg,1682,1750,68
3135.jpg,1682,1750,68
3140.jpg,1682,1750,68
3145.jpg,1683,1830,147
3150.jpg,1683,1765,82
3155.jpg,1683,1853,170
3160.jpg,1683,1170,-513
3165.jpg,1683,1750,67
3170.jpg,1684,1709,25
3175.jpg,1684,1640,-44
3180.jpg,1684,1850,166
3185.jpg,1684,1804,120
3190.jpg,1685,1860,175
3195.jpg,1685,1673,-12
3200.jpg,1685,1930,245
3205.jpg,1686,-1,-1687
3210.jpg,1686,1840,154
3215.jpg,1686,1950,264
3220.jpg,1686,1900,214
3225.jpg,1687,1750,63
3230.jpg,1687,1720,33
3235.jpg,1687,1910,223
3240.jpg,1688,-1,-1689
3245.jpg,1688,1787,99
3250.jpg,1689,1950,261
3255.jpg,1689,1720,31
3260.jpg,1689,1650,-39
3270.jpg,1690,1900,210
3275.jpg,1690,1850,160
3280.jpg,1690,1920,230
3285.jpg,1690,1890,200
3290.jpg,1690,1995,305
3295.jpg,1690,1900,210
3300.jpg,1690,1390,-300
3305.jpg,1691,1753,62
3310.jpg,1691,1767,76
3315.jpg,1691,1782,91
3320.jpg,1692,1930,238
3325.jpg,1692,1489,-203
3330.jpg,1693,1910,217
3335.jpg,1693,1890,197
3340.jpg,1694,1775,81
3345.jpg,1694,1920,226
3350.jpg,1694,1198,-496
3355.jpg,1695,1860,165
3360.jpg,1695,1880,185
3365.jpg,1695,1850,155
3370.jpg,1695,1830,135
3375.jpg,1695,1680,-15
3385.jpg,1696,1755,59
3390.jpg,1696,1915,219
3395.jpg,1696,1850,154
3400.jpg,1696,1706,10
3405.jpg,1696,1765,69
3410.jpg,1697,1790,93
3415.jpg,1697,1840,143
3420.jpg,1697,1905,208
3425.jpg,1697,1550,-147
3430.jpg,1698,1820,122
3435.jpg,1698,1810,112
3440.jpg,1698,1500,-198
3445.jpg,1699,1750,51
3450.jpg,1699,1680,-19
3455.jpg,1699,1850,151
3460.jpg,1700,1900,200
3465.jpg,1700,1938,238
3470.jpg,1700,1870,170
3475.jpg,1700,1860,160
3480.jpg,1700,1840,140
3485.jpg,1700,1880,180
3490.jpg,1700,1820,120
3495.jpg,1700,1650,-50
3500.jpg,1700,1760,60
3505.jpg,1700,1696,-4
3510.jpg,1700,1735,35
3520.jpg,1701,1900,199
3525.jpg,1701,1825,124
3535.jpg,1702,1710,8
3540.jpg,1702,1752,50
3545.jpg,1703,1703,0
3550.jpg,1704,1850,146
3555.jpg,1704,1720,16
3560.jpg,1704,1850,146
3565.jpg,1704,1960,256
3570.jpg,1704,1910,206
3575.jpg,1705,18,-1687
3580.jpg,1705,1750,45
3585.jpg,1705,1865,160
3590.jpg,1705,1650,-55
3595.jpg,1706,1720,14
3600.jpg,1706,1680,-26
3605.jpg,1706,1625,-81
3610.jpg,1706,1941,235
3615.jpg,1707,1905,198
3620.jpg,1707,1914,207
3625.jpg,1707,1825,118
3630.jpg,1708,1820,112
3635.jpg,1708,1680,-28
3640.jpg,1708,1800,92
3645.jpg,1708,1750,42
3650.jpg,1709,1200,-509
3655.jpg,1709,1905,196
3660.jpg,1709,1757,48
3665.jpg,1709,1675,-34
3670.jpg,1710,1800,90
3675.jpg,1710,1880,170
3680.jpg,1710,1790,80
3685.jpg,1710,1830,120
3690.jpg,1710,1850,140
3695.jpg,1710,1810,100
3700.jpg,1710,1890,180
3705.jpg,1710,1880,170
3710.jpg,1710,1735,25
3715.jpg,1711,1930,219
3720.jpg,1711,1790,79
3725.jpg,1711,1750,39
3730.jpg,1711,1748,37
3735.jpg,1711,1725,14
3740.jpg,1712,1920,208
3745.jpg,1712,1956,244
3750.jpg,1713,1630,-83
3755.jpg,1713,1750,37
3760.jpg,1713,1713,0
3765.jpg,1713,1720,7
3770.jpg,1714,1830,116
3775.jpg,1714,1725,11
3780.jpg,1714,1905,191
3785.jpg,1714,1907,193
3790.jpg,1715,1778,63
3795.jpg,1715,1950,235
3800.jpg,1715,1896,181
3805.jpg,1715,1600,-115
3810.jpg,1715,1820,105
3815.jpg,1715,1750,35
3820.jpg,1715,1955,240
3825.jpg,1715,1740,25
3830.jpg,1715,1730,15
3835.jpg,1716,1740,24
3840.jpg,1716,1850,134
3845.jpg,1716,1850,134
3850.jpg,1716,1920,204
3855.jpg,1716,1840,124
3860.jpg,1716,1735,19
3865.jpg,1717,1900,183
3870.jpg,1717,1880,163
3875.jpg,1717,1901,184
3880.jpg,1718,1724,6
3885.jpg,1718,1650,-68
3890.jpg,1719,2020,301
3895.jpg,1719,1750,31
3900.jpg,1719,1734,15
3905.jpg,1719,1910,191
3910.jpg,1720,1400,-320
3915.jpg,1720,1825,105
3920.jpg,1720,1830,110
3925.jpg,1720,1790,70
3930.jpg,1720,1950,230
3935.jpg,1720,1820,100
3940.jpg,1720,1850,130
3945.jpg,1720,-1,-1721
3950.jpg,1720,1780,60
3955.jpg,1720,1780,60
3960.jpg,1720,1905,185
3965.jpg,1720,1790,70
3970.jpg,1720,1509,-211
3975.jpg,1721,1960,239
3980.jpg,1721,1830,109
3985.jpg,1721,1740,19
3990.jpg,1721,1728,7
3995.jpg,1721,1626,-95
4000.jpg,1722,1815,93
4005.jpg,1722,1667,-55
4010.jpg,1722,1830,108
4015.jpg,1722,1830,108
4020.jpg,1722,1866,144
4025.jpg,1723,1753,30
4030.jpg,1723,1930,207
4035.jpg,1723,1880,157
4040.jpg,1723,1850,127
4045.jpg,1723,1703,-20
4050.jpg,1723,1725,2
4055.jpg,1723,1751,28
4060.jpg,1724,1930,206
4065.jpg,1724,1905,181
4070.jpg,1724,1880,156
4075.jpg,1724,1820,96
4080.jpg,1724,1895,171
4085.jpg,1724,1695,-29
4090.jpg,1724,1730,6
4095.jpg,1724,1450,-274
4100.jpg,1725,1905,180
4105.jpg,1725,1820,95
4110.jpg,1725,1870,145
4115.jpg,1725,1680,-45
4120.jpg,1725,1850,125
4125.jpg,1725,1920,195
4130.jpg,1725,1905,180
4135.jpg,1725,1753,28
4140.jpg,1725,1830,105
4145.jpg,1725,1772,47
4150.jpg,1725,1780,55
4155.jpg,1725,1895,170
4160.jpg,1726,1820,94
4165.jpg,1726,1750,24
4170.jpg,1726,1900,174
4175.jpg,1726,1920,194
4180.jpg,1726,1915,189
4185.jpg,1727,1795,68
4190.jpg,1727,1730,3
4195.jpg,1727,1911,184
4200.jpg,1727,1830,103
4205.jpg,1727,1579,-148
4210.jpg,1727,1780,53
4215.jpg,1728,1760,32
4220.jpg,1728,1890,162
4225.jpg,1728,1717,-11
4230.jpg,1728,1908,180
4235.jpg,1728,1825,97
4240.jpg,1728,1913,185
4245.jpg,1728,1750,22
4250.jpg,1729,1750,21
4255.jpg,1729,1840,111
4260.jpg,1729,1825,96
4265.jpg,1729,1775,46
4270.jpg,1729,1650,-79
4275.jpg,1730,1700,-30
4280.jpg,1730,1776,46
4285.jpg,1730,1740,10
4290.jpg,1730,1790,60
4295.jpg,1730,1875,145
4300.jpg,1730,1950,220
4305.jpg,1730,1850,120
4310.jpg,1730,1880,150
4315.jpg,1730,1860,130
4320.jpg,1730,1710,-20
4325.jpg,1730,1916,186
4330.jpg,1730,1850,120
4335.jpg,1730,1720,-10
4340.jpg,1730,1790,60
4345.jpg,1730,1760,30
4350.jpg,1730,1900,170
4355.jpg,1730,1950,220
4360.jpg,1730,1910,180
4365.jpg,1730,1960,230
4370.jpg,1731,1810,79
4375.jpg,1731,1722,-9
4380.jpg,1731,1895,164
4385.jpg,1731,1720,-11
4390.jpg,1732,1736,4
4395.jpg,1732,1830,98
4400.jpg,1732,1880,148
4405.jpg,1732,1760,28
4410.jpg,1732,1840,108
4415.jpg,1732,1840,108
4420.jpg,1732,1730,-2
4425.jpg,1732,1800,68
4430.jpg,1732,1476,-256
4435.jpg,1733,1700,-33
4440.jpg,1733,1840,107
4445.jpg,1733,1780,47
4450.jpg,1733,1700,-33
4455.jpg,1733,1720,-13
4460.jpg,1733,1850,117
4465.jpg,1733,1950,217
4470.jpg,1733,250,-1483
4475.jpg,1734,1720,-14
4480.jpg,1734,1658,-76
4485.jpg,1734,1937,203
4490.jpg,1734,1920,186
4495.jpg,1735,1790,55
4505.jpg,1735,1775,40
4510.jpg,1735,1830,95
4515.jpg,1735,1840,105
4520.jpg,1735,1750,15
4525.jpg,1735,1890,155
4530.jpg,1735,1830,95
4535.jpg,1735,1750,15
4545.jpg,1736,1934,198
4550.jpg,1736,1750,14
4555.jpg,1736,1830,94
4560.jpg,1736,1300,-436
4565.jpg,1736,1670,-66
4570.jpg,1736,1767,31
4575.jpg,1737,1865,128
4580.jpg,1737,1880,143
4585.jpg,1737,1775,38
4590.jpg,1737,1925,188
4595.jpg,1737,1650,-87
4600.jpg,1737,1850,113
4605.jpg,1738,1838,100
4610.jpg,1738,1830,92
4615.jpg,1738,1905,167
4620.jpg,1738,1780,42
4625.jpg,1738,1670,-68
4630.jpg,1738,1900,162
4635.jpg,1738,1730,-8
4640.jpg,1739,1750,11
4645.jpg,1739,1860,121
4650.jpg,1739,1900,161
4655.jpg,1739,1760,21
4660.jpg,1739,1880,141
4665.jpg,1740,1750,10
4670.jpg,1740,1790,50
4675.jpg,1740,1830,90
4680.jpg,1740,1830,90
4685.jpg,1740,1800,60
4690.jpg,1740,1920,180
4695.jpg,1740,1950,210
4700.jpg,1740,1800,60
4705.jpg,1740,1860,120
4710.jpg,1740,1720,-20
4715.jpg,1740,1830,90
4720.jpg,1740,1200,-540
4725.jpg,1740,1850,110
4730.jpg,1740,1905,165
4735.jpg,1740,1830,90
4740.jpg,1740,1841,101
4745.jpg,1740,1900,160
4750.jpg,1741,1911,170
4755.jpg,1741,1780,39
4760.jpg,1741,1950,209
4765.jpg,1741,1825,84
4770.jpg,1741,1665,-76
4775.jpg,1741,2010,269
4780.jpg,1742,1834,92
4785.jpg,1742,1850,108
4790.jpg,1742,1775,33
4795.jpg,1742,1800,58
4800.jpg,1742,1820,78
4805.jpg,1742,1785,43
4810.jpg,1742,1595,-147
4815.jpg,1742,1870,128
4820.jpg,1743,1955,212
4825.jpg,1743,1755,12
4835.jpg,1743,1775,32
4840.jpg,1743,1815,72
4845.jpg,1744,1820,76
4850.jpg,1744,1750,6
4855.jpg,1744,1830,86
4860.jpg,1744,1770,26
4865.jpg,1744,1846,102
4870.jpg,1745,1795,50
4875.jpg,1745,1775,30
4880.jpg,1745,1740,-5
4885.jpg,1745,1566,-179
4890.jpg,1745,1740,-5
4895.jpg,1745,1740,-5
4900.jpg,1745,1730,-15
4905.jpg,1745,1878,133
4910.jpg,1746,1920,174
4915.jpg,1746,1749,3
4920.jpg,1746,1820,74
4925.jpg,1746,1163,-583
4930.jpg,1747,1593,-154
4935.jpg,1747,1860,113
4940.jpg,1747,1630,-117
4945.jpg,1747,1960,213
4950.jpg,1747,1905,158
4955.jpg,1747,1748,1
4960.jpg,1747,1950,203
4965.jpg,1748,1850,102
4970.jpg,1748,1840,92
4975.jpg,1748,1885,137
4980.jpg,1748,1875,127
4985.jpg,1748,1725,-23
4990.jpg,1749,1795,46
4995.jpg,1749,1900,151
5000.jpg,1749,1905,156
5005.jpg,1749,1800,51
5010.jpg,1749,1880,131
5015.jpg,1750,1820,70
5020.jpg,1750,1750,0
5025.jpg,1750,1780,30
5030.jpg,1750,1820,70
5035.jpg,1750,1820,70
5040.jpg,1750,1880,130
5045.jpg,1750,1770,20
5050.jpg,1750,1930,180
5060.jpg,1750,1850,100
5065.jpg,1750,1850,100
5070.jpg,1750,1780,30
5075.jpg,1750,1885,135
5080.jpg,1750,1760,10
5085.jpg,1750,1905,155
5090.jpg,1750,1830,80
5095.jpg,1750,1840,90
5100.jpg,1750,1920,170
5105.jpg,1750,-1,-1751
5110.jpg,1750,1850,100
5115.jpg,1750,1850,100
5120.jpg,1750,1820,70
5125.jpg,1750,1820,70
5130.jpg,1750,1850,100
5135.jpg,1750,1880,130
5140.jpg,1750,1870,120
5145.jpg,1750,1795,45
5150.jpg,1750,1800,50
5155.jpg,1750,1850,100
5160.jpg,1750,1820,70
5165.jpg,1750,1950,200
5170.jpg,1750,1840,90
5175.jpg,1750,1815,65
5180.jpg,1750,1865,115
5185.jpg,1750,1930,180
5190.jpg,1750,1920,170
5195.jpg,1751,1850,99
5200.jpg,1751,1830,79
5205.jpg,1751,1840,89
5210.jpg,1751,1900,149
5215.jpg,1751,1900,149
5220.jpg,1751,1100,-651
5225.jpg,1752,1890,138
5230.jpg,1752,1860,108
5235.jpg,1752,1800,48
5240.jpg,1752,1845,93
5245.jpg,1752,1825,73
5250.jpg,1752,1910,158
5255.jpg,1752,1745,-7
5260.jpg,1752,1810,58
5265.jpg,1752,1850,98
5270.jpg,1752,1850,98
5275.jpg,1752,1755,3
5285.jpg,1753,2012,259
5290.jpg,1753,1830,77
5295.jpg,1753,1845,92
5300.jpg,1753,1870,117
5305.jpg,1753,1820,67
5310.jpg,1753,1753,0
5315.jpg,1753,1711,-42
5320.jpg,1753,1890,137
5325.jpg,1754,1900,146
5330.jpg,1754,1954,200
5335.jpg,1754,1790,36
5340.jpg,1754,1850,96
5345.jpg,1754,1720,-34
5350.jpg,1754,1763,9
5355.jpg,1754,1850,96
5360.jpg,1754,1820,66
5365.jpg,1754,1895,141
5370.jpg,1755,1730,-25
5375.jpg,1755,1964,209
5380.jpg,1755,1795,40
5385.jpg,1755,1905,150
5390.jpg,1755,1756,1
5395.jpg,1755,1850,95
5400.jpg,1755,1825,70
5405.jpg,1755,1740,-15
5410.jpg,1755,1770,15
5415.jpg,1756,1840,84
5420.jpg,1756,1880,124
5425.jpg,1756,1730,-26
5430.jpg,1756,1750,-6
5435.jpg,1756,1810,54
5440.jpg,1756,1775,19
5445.jpg,1756,1950,194
5450.jpg,1756,1860,104
5455.jpg,1756,1716,-40
5460.jpg,1756,1750,-6
5470.jpg,1757,1779,22
5475.jpg,1757,1750,-7
5480.jpg,1757,1775,18
5485.jpg,1757,1900,143
5490.jpg,1757,1850,93
5495.jpg,1757,1925,168
5500.jpg,1758,1700,-58
5505.jpg,1758,1820,62
5510.jpg,1758,1850,92
5515.jpg,1758,1930,172
5520.jpg,1758,1750,-8
5525.jpg,1758,1875,117
5530.jpg,1758,1790,32
5535.jpg,1759,1773,14
5540.jpg,1759,1785,26
5545.jpg,1759,1870,111
5550.jpg,1759,1799,40
5555.jpg,1759,1840,81
5560.jpg,1759,1750,-9
5565.jpg,1760,1870,110
5570.jpg,1760,1860,100
5575.jpg,1760,1850,90
5580.jpg,1760,1880,120
5585.jpg,1760,1060,-700
5590.jpg,1761,1775,14
5595.jpg,1761,1735,-26
5600.jpg,1761,1830,69
5605.jpg,1761,1890,129
5610.jpg,1761,1910,149
5615.jpg,1761,1760,-1
5620.jpg,1761,1640,-121
5625.jpg,1761,1977,216
5630.jpg,1762,1890,128
5635.jpg,1762,1840,78
5640.jpg,1762,1900,138
5645.jpg,1762,1850,88
5650.jpg,1762,1750,-12
5655.jpg,1762,1770,8
5660.jpg,1762,1780,18
5665.jpg,1762,1890,128
5670.jpg,1763,1925,162
5675.jpg,1763,1880,117
5680.jpg,1763,1880,117
5685.jpg,1763,1730,-33
5690.jpg,1763,1760,-3
5695.jpg,1763,1835,72
5700.jpg,1763,1547,-216
5705.jpg,1763,1805,42
5710.jpg,1764,1650,-114
5715.jpg,1764,1773,9
5720.jpg,1764,1750,-14
5725.jpg,1764,1810,46
5730.jpg,1764,1790,26
5735.jpg,1764,1820,56
5740.jpg,1764,1685,-79
5745.jpg,1764,1800,36
5750.jpg,1764,1850,86
5755.jpg,1764,1850,86
5765.jpg,1765,1850,85
5770.jpg,1765,1820,55
5775.jpg,1765,1955,190
5780.jpg,1765,1890,125
5785.jpg,1765,1880,115
5790.jpg,1765,1850,85
5795.jpg,1765,1850,85
5800.jpg,1765,1765,0
5805.jpg,1765,1910,145
5810.jpg,1765,1950,185
5815.jpg,1765,1820,55
5820.jpg,1765,1875,110
5825.jpg,1765,1830,65
5830.jpg,1765,1885,120
5835.jpg,1766,1765,-1
5840.jpg,1766,1900,134
5845.jpg,1766,1870,104
5850.jpg,1766,1350,-416
5855.jpg,1766,1770,4
5860.jpg,1766,1730,-36
5865.jpg,1766,1880,114
5870.jpg,1766,1770,4
5875.jpg,1767,1740,-27
5880.jpg,1767,1900,133
5885.jpg,1767,1875,108
5890.jpg,1767,1810,43
5895.jpg,1768,1890,122
5900.jpg,1768,1760,-8
5905.jpg,1768,1750,-18
5910.jpg,1768,1850,82
5915.jpg,1768,1920,152
5920.jpg,1768,1770,2
5925.jpg,1768,1820,52
5930.jpg,1768,1777,9
5935.jpg,1768,1837,69
5940.jpg,1768,1910,142
5945.jpg,1769,1820,51
5950.jpg,1769,1840,71
5955.jpg,1769,1780,11
5960.jpg,1769,1760,-9
5965.jpg,1769,1645,-124
5970.jpg,1769,1890,121
5975.jpg,1769,1760,-9
5980.jpg,1769,1790,21
5985.jpg,1769,1950,181
5990.jpg,1769,1750,-19
5995.jpg,1769,1200,-569
6000.jpg,1770,1930,160
6005.jpg,1770,1784,14
6010.jpg,1770,1850,80
6015.jpg,1770,1920,150
6020.jpg,1770,1830,60
6025.jpg,1770,1850,80
6030.jpg,1770,1760,-10
6035.jpg,1770,1725,-45
6040.jpg,1770,1800,30
6045.jpg,1770,1905,135
6050.jpg,1770,1800,30
6055.jpg,1770,1930,160
6060.jpg,1770,1880,110
6065.jpg,1770,1850,80
6070.jpg,1770,1980,210
6075.jpg,1770,1980,210
6080.jpg,1770,1880,110
6085.jpg,1770,1840,70
6090.jpg,1770,1850,80
6095.jpg,1770,1700,-70
6100.jpg,1770,1736,-34
6105.jpg,1770,1721,-49
6115.jpg,1771,1870,99
6120.jpg,1771,1830,59
6125.jpg,1771,1820,49
6130.jpg,1771,1780,9
6135.jpg,1771,1686,-85
6140.jpg,1771,1720,-51
6145.jpg,1771,1810,39
6150.jpg,1771,1905,134
6155.jpg,1771,1722,-49
6160.jpg,1771,1797,26
6165.jpg,1771,1775,4
6170.jpg,1772,1890,118
6175.jpg,1772,1800,28
6180.jpg,1772,1700,-72
6185.jpg,1772,1710,-62
6190.jpg,1772,1850,78
6195.jpg,1773,1730,-43
6200.jpg,1773,1750,-23
6205.jpg,1773,1780,7
6210.jpg,1773,1840,67
6215.jpg,1773,1750,-23
6220.jpg,1773,1820,47
6225.jpg,1773,1760,-13
6230.jpg,1773,1800,27
6235.jpg,1773,1880,107
6240.jpg,1774,1890,116
6245.jpg,1774,1725,-49
6250.jpg,1774,1728,-46
6255.jpg,1774,1736,-38
6260.jpg,1774,1830,56
6265.jpg,1774,1820,46
6270.jpg,1774,1850,76
6275.jpg,1774,1771,-3
6280.jpg,1774,1810,36
6285.jpg,1774,1770,-4
6290.jpg,1774,1920,146
6295.jpg,1774,1885,111
6300.jpg,1774,1850,76
6305.jpg,1775,1875,100
6310.jpg,1775,1830,55
6315.jpg,1775,1870,95
6320.jpg,1775,1780,5
6325.jpg,1775,1720,-55
6330.jpg,1775,1850,75
6335.jpg,1775,1880,105
6350.jpg,1775,1940,165
6355.jpg,1775,1900,125
6360.jpg,1775,1820,45
6365.jpg,1775,1810,35
6370.jpg,1775,1850,75
6375.jpg,1775,1777,2
6380.jpg,1775,1900,125
6385.jpg,1775,1650,-125
6390.jpg,1775,1750,-25
6395.jpg,1775,1740,-35
6405.jpg,1776,1750,-26
6410.jpg,1776,1830,54
6415.jpg,1776,1920,144
6420.jpg,1776,1840,64
6425.jpg,1776,1750,-26
6430.jpg,1776,1925,149
6435.jpg,1776,1860,84
6440.jpg,1776,1820,44
6445.jpg,1777,1750,-27
6450.jpg,1777,1760,-17
6455.jpg,1777,1870,93
6460.jpg,1777,1820,43
6465.jpg,1777,1880,103
6470.jpg,1777,1935,158
6475.jpg,1777,1100,-677
6480.jpg,1777,1990,213
6485.jpg,1778,1820,42
6495.jpg,1778,1760,-18
6500.jpg,1778,1643,-135
6505.jpg,1778,1820,42
6510.jpg,1778,1860,82
6515.jpg,1779,1900,121
6520.jpg,1779,1820,41
6525.jpg,1779,1820,41
6530.jpg,1779,1840,61
6535.jpg,1779,1908,129
6540.jpg,1779,1800,21
6545.jpg,1779,1780,1
6550.jpg,1779,1800,21
6555.jpg,1780,1830,50
6560.jpg,1780,1875,95
6565.jpg,1780,1820,40
6570.jpg,1780,1850,70
6575.jpg,1780,1900,120
6580.jpg,1780,1840,60
6585.jpg,1780,1850,70
6590.jpg,1780,1850,70
6595.jpg,1780,1920,140
6600.jpg,1780,1850,70
6605.jpg,1780,1760,-20
6610.jpg,1780,1950,170
6615.jpg,1780,1890,110
6620.jpg,1780,1720,-60
6625.jpg,1780,1820,40
6630.jpg,1780,1850,70
6635.jpg,1780,1905,125
6640.jpg,1780,1875,95
6645.jpg,1780,1750,-30
6650.jpg,1780,1930,150
6655.jpg,1780,1905,125
6660.jpg,1780,1925,145
6665.jpg,1780,1754,-26
6670.jpg,1781,1900,119
6675.jpg,1781,1350,-431
6680.jpg,1781,1790,9
6685.jpg,1781,1800,19
6690.jpg,1781,1850,69
6695.jpg,1781,1900,119
6700.jpg,1781,1813,32
6705.jpg,1781,1933,152
6710.jpg,1782,1895,113
6715.jpg,1782,1830,48
6720.jpg,1782,1905,123
6725.jpg,1782,1820,38
6730.jpg,1782,1790,8
6735.jpg,1782,1750,-32
6740.jpg,1782,1850,68
6745.jpg,1782,16,-1766
6750.jpg,1782,1780,-2
6755.jpg,1783,1850,67
6760.jpg,1783,1820,37
6765.jpg,1783,1860,77
6770.jpg,1783,1900,117
6775.jpg,1783,1917,134
6780.jpg,1783,1780,-3
6785.jpg,1783,1850,67
6790.jpg,1783,1900,117
6795.jpg,1783,1840,57
6800.jpg,1783,1950,167
6805.jpg,1783,1753,-30
6810.jpg,1784,1820,36
6815.jpg,1784,1600,-184
6820.jpg,1784,1760,-24
6825.jpg,1784,1925,141
6830.jpg,1784,1810,26
6835.jpg,1784,1950,166
6840.jpg,1784,1885,101
6845.jpg,1784,1820,36
6850.jpg,1784,1600,-184
6855.jpg,1784,1870,86
6860.jpg,1785,1875,90
6865.jpg,1785,1775,-10
6870.jpg,1785,1815,30
6875.jpg,1785,1750,-35
6880.jpg,1785,1930,145
6885.jpg,1785,1900,115
6890.jpg,1785,1840,55
6895.jpg,1785,1870,85
6900.jpg,1785,1830,45
6905.jpg,1785,1845,60
6910.jpg,1785,1850,65
6915.jpg,1785,1763,-22
6920.jpg,1785,1890,105
6925.jpg,1785,1790,5
6930.jpg,1785,1200,-585
6935.jpg,1785,1880,95
6940.jpg,1785,1806,21
6945.jpg,1785,1555,-230
6950.jpg,1786,1730,-56
6955.jpg,1786,1837,51
6960.jpg,1786,1850,64
6965.jpg,1786,1200,-586
6970.jpg,1786,1855,69
6975.jpg,1786,1770,-16
6980.jpg,1786,1823,37
6985.jpg,1786,1873,87
6990.jpg,1786,1860,74
6995.jpg,1786,1930,144
7000.jpg,1786,1900,114
7005.jpg,1787,1750,-37
7010.jpg,1787,1671,-116
7015.jpg,1787,1850,63
7020.jpg,1787,1905,118
7025.jpg,1787,1890,103
7030.jpg,1787,1800,13
7035.jpg,1787,1830,43
7040.jpg,1787,1924,137
7045.jpg,1787,1860,73
7050.jpg,1787,1880,93
7055.jpg,1787,1900,113
7060.jpg,1787,1885,98
7065.jpg,1787,1920,133
7070.jpg,1787,1840,53
7075.jpg,1787,1719,-68
7080.jpg,1787,1805,18
7085.jpg,1787,1847,60
7090.jpg,1788,1922,134
7095.jpg,1788,1830,42
7100.jpg,1788,1860,72
7105.jpg,1788,1815,27
7110.jpg,1788,1860,72
7115.jpg,1788,1835,47
7120.jpg,1788,1780,-8
7125.jpg,1788,1850,62
7130.jpg,1788,1850,62
7135.jpg,1788,1810,22
7140.jpg,1788,1780,-8
7145.jpg,1789,1883,94
7150.jpg,1789,1758,-31
7155.jpg,1789,1754,-35
7160.jpg,1789,1880,91
7165.jpg,1789,1850,61
7170.jpg,1789,1800,11
7175.jpg,1789,1940,151
7180.jpg,1789,1950,161
7185.jpg,1789,1890,101
7190.jpg,1789,1715,-74
7195.jpg,1789,1850,61
7200.jpg,1790,1820,30
7205.jpg,1790,1875,85
7210.jpg,1790,1870,80
7215.jpg,1790,1879,89
7220.jpg,1790,1840,50
7225.jpg,1790,1920,130
7230.jpg,1790,1905,115
7235.jpg,1790,1920,130
7240.jpg,1790,1825,35
7245.jpg,1790,1850,60
7250.jpg,1790,1800,10
7255.jpg,1790,1950,160
7260.jpg,1790,1920,130
7265.jpg,1790,1860,70
7270.jpg,1790,1850,60
7275.jpg,1790,1840,50
7280.jpg,1790,1763,-27
7285.jpg,1790,1760,-30
7290.jpg,1790,1940,150
7295.jpg,1790,1830,40
7300.jpg,1790,1880,90
7305.jpg,1790,1850,60
7310.jpg,1790,1860,70
7315.jpg,1790,1790,0
7320.jpg,1790,1850,60
7325.jpg,1790,1860,70
7330.jpg,1790,1770,-20
7335.jpg,1790,1900,110
7340.jpg,1790,1780,-10
7345.jpg,1790,1945,155
7350.jpg,1790,1850,60
7355.jpg,1790,1930,140
7360.jpg,1790,1850,60
7365.jpg,1790,1890,100
7370.jpg,1790,1825,35
7375.jpg,1790,1920,130
7380.jpg,1790,1813,23
7385.jpg,1791,1860,69
7390.jpg,1791,1740,-51
7395.jpg,1791,1780,-11
7400.jpg,1791,1200,-591
7405.jpg,1791,1890,99
7410.jpg,1791,1900,109
7415.jpg,1791,1740,-51
7420.jpg,1791,1775,-16
7425.jpg,1791,1850,59
7430.jpg,1791,1890,99
7435.jpg,1791,1930,139
7440.jpg,1792,1895,103
7445.jpg,1792,1870,78
7450.jpg,1792,1840,48
7455.jpg,1792,1974,182
7460.jpg,1792,1840,48
7465.jpg,1792,1850,58
7470.jpg,1792,1840,48
7475.jpg,1792,1930,138
7480.jpg,1792,1815,23
7485.jpg,1792,1820,28
7490.jpg,1792,1820,28
7495.jpg,1792,1710,-82
7500.jpg,1792,1840,48
7505.jpg,1792,1883,91
7510.jpg,1793,1906,113
7515.jpg,1793,1989,196
7520.jpg,1793,1930,137
7525.jpg,1793,1720,-73
7530.jpg,1793,1830,37
7535.jpg,1793,2007,214
7540.jpg,1793,1880,87
7545.jpg,1793,1850,57
7550.jpg,1793,1840,47
7555.jpg,1793,1850,57
7560.jpg,1793,1880,87
7565.jpg,1793,1830,37
7570.jpg,1793,1820,27
7575.jpg,1793,1880,87
7580.jpg,1793,1820,27
7585.jpg,1793,1940,147
7590.jpg,1793,1850,57
7595.jpg,1794,1867,73
7600.jpg,1794,1840,46
7605.jpg,1794,1910,116
7610.jpg,1794,1780,-14
7615.jpg,1794,1866,72
7620.jpg,1794,1905,111
7625.jpg,1794,1840,46
7630.jpg,1794,1805,11
7635.jpg,1794,1820,26
7640.jpg,1794,1860,66
7645.jpg,1794,1720,-74
7650.jpg,1794,1860,66
7655.jpg,1795,1820,25
7660.jpg,1795,1905,110
7665.jpg,1795,1920,125
7670.jpg,1795,1905,110
7675.jpg,1795,1790,-5
7680.jpg,1795,1775,-20
7685.jpg,1795,1800,5
7690.jpg,1795,1830,35
7695.jpg,1795,1850,55
7700.jpg,1795,1960,165
7705.jpg,1795,1850,55
7710.jpg,1795,1905,110
7715.jpg,1795,1790,-5
7720.jpg,1795,1820,25
7725.jpg,1795,1830,35
7730.jpg,1795,1830,35
7735.jpg,1795,1830,35
7740.jpg,1795,1870,75
7745.jpg,1795,1930,135
7750.jpg,1795,1750,-45
7755.jpg,1795,1800,5
7760.jpg,1795,1820,25
7765.jpg,1795,1920,125
7775.jpg,1796,1830,34
7780.jpg,1796,1820,24
7785.jpg,1796,1870,74
7790.jpg,1796,1905,109
7795.jpg,1796,1820,24
7800.jpg,1796,1740,-56
7805.jpg,1796,1850,54
7810.jpg,1796,1910,114
7815.jpg,1796,1900,104
7820.jpg,1796,1760,-36
7825.jpg,1796,1910,114
7830.jpg,1796,1860,64
7840.jpg,1796,1900,104
7845.jpg,1796,1825,29
7850.jpg,1796,1810,14
7855.jpg,1796,-1,-1797
7860.jpg,1796,1885,89
7865.jpg,1796,1717,-79
7870.jpg,1796,1880,84
7875.jpg,1796,1880,84
7880.jpg,1797,1790,-7
7885.jpg,1797,1931,134
7890.jpg,1797,1830,33
7895.jpg,1797,1875,78
7900.jpg,1797,1875,78
7905.jpg,1797,1775,-22
7915.jpg,1797,1950,153
7920.jpg,1797,1860,63
7925.jpg,1797,1860,63
7930.jpg,1797,1880,83
7935.jpg,1797,1925,128
7940.jpg,1797,1750,-47
7945.jpg,1797,1600,-197
7950.jpg,1797,1850,53
7955.jpg,1798,1812,14
7960.jpg,1798,1934,136
7965.jpg,1798,1872,74
7970.jpg,1798,1850,52
7975.jpg,1798,1885,87
7980.jpg,1798,1790,-8
7985.jpg,1798,1931,133
7990.jpg,1798,1890,92
7995.jpg,1798,1800,2
8000.jpg,1798,1900,102
8005.jpg,1798,1900,102
8010.jpg,1798,1980,182
8015.jpg,1798,1850,52
8020.jpg,1798,1870,72
8025.jpg,1798,1820,22
8030.jpg,1798,1940,142
8035.jpg,1798,1850,52
8040.jpg,1798,1950,152
8045.jpg,1798,1830,32
8055.jpg,1798,1800,2
8060.jpg,1799,1950,151
8065.jpg,1799,1930,131
8070.jpg,1799,1820,21
8075.jpg,1799,1850,51
8080.jpg,1799,1905,106
8085.jpg,1799,1810,11
8090.jpg,1799,1770,-29
8095.jpg,1799,1840,41
8100.jpg,1799,1860,61
8105.jpg,1799,1750,-49
8110.jpg,1799,1330,-469
8115.jpg,1800,1850,50
8120.jpg,1800,1906,106
8125.jpg,1800,1750,-50
8130.jpg,1800,1875,75
8135.jpg,1800,1955,155
8140.jpg,1800,1770,-30
8145.jpg,1800,1850,50
8150.jpg,1800,1870,70
8155.jpg,1800,1870,70
8160.jpg,1800,1900,100
8165.jpg,1800,1810,10
8170.jpg,1800,1820,20
8175.jpg,1800,1830,30
8180.jpg,1800,1785,-15
8185.jpg,1800,1925,125
8190.jpg,1800,1850,50
8195.jpg,1800,1920,120
8200.jpg,1800,1955,155
8205.jpg,1800,1750,-50
8210.jpg,1800,1830,30
8215.jpg,1800,1820,20
8220.jpg,1800,1900,100
8225.jpg,1800,1850,50
8230.jpg,1800,1850,50
8235.jpg,1800,1830,30
8240.jpg,1800,1925,125
8245.jpg,1800,1900,100
8250.jpg,1800,1730,-70
8255.jpg,1800,1860,60
8260.jpg,1800,1750,-50
8265.jpg,1800,1825,25
8270.jpg,1800,1745,-55
8275.jpg,1800,1830,30
8280.jpg,1800,1800,0
8285.jpg,1800,1905,105
8295.jpg,1800,1880,80
8300.jpg,1801,1850,49
8305.jpg,1801,1942,141
8310.jpg,1801,1840,39
8315.jpg,1801,1910,109
8320.jpg,1801,1950,149
8325.jpg,1801,1870,69
8330.jpg,1801,1840,39
8335.jpg,1801,1820,19
8340.jpg,1801,1860,59
8345.jpg,1801,1830,29
8350.jpg,1801,1900,99
8355.jpg,1801,1820,19
8360.jpg,1801,1950,149
8365.jpg,1801,1865,64
8375.jpg,1802,1940,138
8380.jpg,1802,1890,88
8385.jpg,1802,1935,133
8390.jpg,1802,1890,88
8395.jpg,1802,1820,18
8400.jpg,1802,1750,-52
8405.jpg,1802,1850,48
8410.jpg,1802,1760,-42
8415.jpg,1802,1836,34
8420.jpg,1802,1885,83
8425.jpg,1802,1916,114
8430.jpg,1802,1850,48
8435.jpg,1802,1727,-75
8440.jpg,1803,1904,101
8445.jpg,1803,1840,37
8450.jpg,1803,1696,-107
8455.jpg,1803,1920,117
8460.jpg,1803,1850,47
8465.jpg,1803,1850,47
8470.jpg,1803,1890,87
8475.jpg,1803,1955,152
8480.jpg,1803,1780,-23
8485.jpg,1803,1820,17
8490.jpg,1803,1900,97
8495.jpg,1803,1930,127
8500.jpg,1803,1820,17
8505.jpg,1803,1830,27
8515.jpg,1804,1875,71
8520.jpg,1804,1720,-84
8525.jpg,1804,1890,86
8530.jpg,1804,1940,136
8535.jpg,1804,1905,101
8540.jpg,1804,1905,101
8545.jpg,1804,1820,16
8550.jpg,1804,1825,21
8555.jpg,1804,1860,56
8560.jpg,1804,1910,106
8565.jpg,1804,1910,106
8570.jpg,1804,1770,-34
8575.jpg,1804,1920,116
8580.jpg,1804,1850,46
8585.jpg,1805,1865,60
8590.jpg,1805,1820,15
8595.jpg,1805,1785,-20
8600.jpg,1805,1936,131
8605.jpg,1805,1840,35
8610.jpg,1805,1820,15
8615.jpg,1805,1920,115
8620.jpg,1805,1775,-30
8625.jpg,1805,1890,85
8630.jpg,1805,1430,-375
8635.jpg,1805,1905,100
8640.jpg,1805,1760,-45
8645.jpg,1805,1850,45
8650.jpg,1805,1870,65
8655.jpg,1805,1870,65
8660.jpg,1805,1840,35
8665.jpg,1805,1850,45
8670.jpg,1805,1880,75
8675.jpg,1805,1890,85
8680.jpg,1805,1850,45
8685.jpg,1805,1930,125
8690.jpg,1805,1850,45
8695.jpg,1806,1850,44
8700.jpg,1806,1818,12
8705.jpg,1806,1873,67
8710.jpg,1806,1900,94
8715.jpg,1806,1790,-16
8720.jpg,1806,1880,74
8725.jpg,1806,1930,124
8730.jpg,1806,1850,44
8735.jpg,1806,1820,14
8740.jpg,1806,1940,134
8745.jpg,1806,1952,146
8750.jpg,1806,1870,64
8755.jpg,1806,1820,14
8765.jpg,1807,1920,113
8770.jpg,1807,1820,13
8775.jpg,1807,1807,0
8780.jpg,1807,1920,113
8785.jpg,1807,1950,143
8790.jpg,1807,1840,33
8795.jpg,1807,1930,123
8800.jpg,1807,1905,98
8805.jpg,1807,1920,113
8810.jpg,1807,1900,93
8815.jpg,1807,1860,53
8820.jpg,1807,1840,33
8825.jpg,1807,1830,23
8830.jpg,1807,1750,-57
8835.jpg,1807,1650,-157
8840.jpg,1808,1927,119
8845.jpg,1808,1850,42
8850.jpg,1808,1905,97
8855.jpg,1808,1750,-58
8860.jpg,1808,1870,62
8865.jpg,1808,1810,2
8875.jpg,1808,1800,-8
8880.jpg,1808,1820,12
8885.jpg,1808,1840,32
8890.jpg,1808,1938,130
8895.jpg,1808,1820,12
8900.jpg,1808,1880,72
8905.jpg,1808,1750,-58
8910.jpg,1809,1820,11
8915.jpg,1809,1820,11
8920.jpg,1809,1895,86
8925.jpg,1809,1820,11
8930.jpg,1809,1800,-9
8935.jpg,1809,1880,71
8940.jpg,1809,1850,41
8945.jpg,1809,1940,131
8950.jpg,1809,1860,51
8955.jpg,1809,1950,141
8965.jpg,1809,1901,92
8970.jpg,1809,1900,91
8975.jpg,1810,1880,70
8980.jpg,1810,1900,90
8985.jpg,1810,1910,100
8995.jpg,1810,1876,66
9000.jpg,1810,1875,65
9005.jpg,1810,1880,70
9010.jpg,1810,1540,-270
9015.jpg,1810,1920,110
9020.jpg,1810,1880,70
9025.jpg,1810,1765,-45
9030.jpg,1810,1900,90
9035.jpg,1810,1850,40
9040.jpg,1810,1950,140
9045.jpg,1810,1930,120
9050.jpg,1810,1775,-35
9055.jpg,1810,1820,10
9060.jpg,1810,1865,55
9065.jpg,1810,1905,95
9070.jpg,1810,1850,40
9075.jpg,1810,1850,40
9080.jpg,1810,1930,120
9085.jpg,1810,1910,100
9090.jpg,1810,1840,30
9095.jpg,1810,1850,40
9100.jpg,1810,1900,90
9105.jpg,1810,1790,-20
9110.jpg,1810,1950,140
9115.jpg,1810,1840,30
9120.jpg,1810,1870,60
9125.jpg,1810,1900,90
9130.jpg,1810,1900,90
9135.jpg,1810,1945,135
9140.jpg,1810,1920,110
9145.jpg,1810,1920,110
9150.jpg,1811,1890,79
9160.jpg,1811,1882,71
9165.jpg,1811,1750,-61
9170.jpg,1811,1720,-91
9175.jpg,1811,1920,109
9180.jpg,1811,1850,39
9185.jpg,1811,1790,-21
9190.jpg,1811,1870,59
9195.jpg,1811,1914,103
9200.jpg,1811,1838,27
9205.jpg,1811,1835,24
9210.jpg,1812,1796,-16
9215.jpg,1812,1720,-92
9220.jpg,1812,1223,-589
9225.jpg,1812,1875,63
9230.jpg,1812,1850,38
9235.jpg,1812,1810,-2
9240.jpg,1812,1876,64
9245.jpg,1812,1940,128
9250.jpg,1812,1895,83
9255.jpg,1812,1850,38
9260.jpg,1812,1950,138
9265.jpg,1812,1925,113
9270.jpg,1812,1910,98
9275.jpg,1812,1875,63
9280.jpg,1812,1865,53
9290.jpg,1812,1840,28
9295.jpg,1812,1840,28
9300.jpg,1812,1910,98
9305.jpg,1812,1820,8
9310.jpg,1813,1870,57
9315.jpg,1813,1890,77
9320.jpg,1813,1820,7
9325.jpg,1813,1300,-513
9330.jpg,1813,1820,7
9335.jpg,1813,1770,-43
9340.jpg,1813,1810,-3
9345.jpg,1813,1850,37
9350.jpg,1813,1820,7
9355.jpg,1813,723,-1090
9360.jpg,1813,1910,97
9365.jpg,1813,1870,57
9370.jpg,1813,1885,72
9375.jpg,1814,1850,36
9390.jpg,1814,1780,-34
9395.jpg,1814,1820,6
9400.jpg,1814,1879,65
9405.jpg,1814,1850,36
9410.jpg,1814,1900,86
9415.jpg,1814,1780,-34
9420.jpg,1814,1840,26
9425.jpg,1814,1800,-14
9430.jpg,1814,1667,-147
9435.jpg,1814,1880,66
9440.jpg,1814,1820,6
9445.jpg,1814,1880,66
9450.jpg,1814,1825,11
9455.jpg,1814,1720,-94
9460.jpg,1814,1812,-2
9465.jpg,1815,1850,35
9470.jpg,1815,1905,90
9475.jpg,1815,1750,-65
9480.jpg,1815,1850,35
9485.jpg,1815,1870,55
9490.jpg,1815,1830,15
9495.jpg,1815,1890,75
9500.jpg,1815,1880,65
9505.jpg,1815,1850,35
9510.jpg,1815,1955,140
9515.jpg,1815,1915,100
9520.jpg,1815,1770,-45
9525.jpg,1815,1840,25
9530.jpg,1815,1785,-30
9535.jpg,1815,1840,25
9540.jpg,1815,1900,85
9545.jpg,1815,1880,65
9550.jpg,1815,1805,-10
9555.jpg,1815,1750,-65
9560.jpg,1815,1845,30
9565.jpg,1815,1870,55
9570.jpg,1815,1900,85
9575.jpg,1815,1905,90
9580.jpg,1815,1720,-95
9585.jpg,1815,1876,61
9590.jpg,1815,1785,-30
9595.jpg,1816,2000,184
9600.jpg,1816,1840,24
9605.jpg,1816,1850,34
9610.jpg,1816,1830,14
9615.jpg,1816,1850,34
9620.jpg,1816,1870,54
9625.jpg,1816,1853,37
9630.jpg,1816,1820,4
9635.jpg,1816,1820,4
9640.jpg,1816,1840,24
9645.jpg,1816,1720,-96
9650.jpg,1816,1910,94
9655.jpg,1816,1780,-36
9660.jpg,1816,1920,104
9665.jpg,1816,1870,54
9670.jpg,1816,1860,44
9675.jpg,1816,1900,84
9680.jpg,1816,1780,-36
9685.jpg,1816,1905,89
9690.jpg,1816,1850,34
9695.jpg,1816,1890,74
9700.jpg,1816,1930,114
9705.jpg,1816,1750,-66
9710.jpg,1816,1823,7
9715.jpg,1817,1525,-292
9720.jpg,1817,1830,13
9725.jpg,1817,1854,37
9730.jpg,1817,1863,46
9735.jpg,1817,1910,93
9740.jpg,1817,1970,153
9745.jpg,1817,1800,-17
9750.jpg,1817,1890,73
9755.jpg,1817,1815,-2
9760.jpg,1817,1790,-27
9765.jpg,1817,1840,23
9770.jpg,1817,1880,63
9775.jpg,1817,1917,100
9780.jpg,1817,1880,63
9785.jpg,1817,1890,73
9790.jpg,1818,1875,57
9795.jpg,1818,1930,112
9800.jpg,1818,1850,32
9805.jpg,1818,1895,77
9810.jpg,1818,1800,-18
9815.jpg,1818,1847,29
9820.jpg,1818,1900,82
9825.jpg,1818,1820,2
9830.jpg,1818,1840,22
9835.jpg,1818,1850,32
9840.jpg,1818,1880,62
9845.jpg,1818,1935,117
9850.jpg,1818,1870,52
9855.jpg,1818,1900,82
9860.jpg,1818,1820,2
9865.jpg,1818,1875,57
9870.jpg,1818,1955,137
9875.jpg,1818,1825,7
9880.jpg,1818,1890,72
9885.jpg,1818,1965,147
9890.jpg,1818,1880,62
9895.jpg,1818,1830,12
9900.jpg,1818,1812,-6
9905.jpg,1818,1760,-58
9910.jpg,1819,1820,1
9915.jpg,1819,1920,101
9920.jpg,1819,1812,-7
9925.jpg,1819,1910,91
9930.jpg,1819,1920,101
9935.jpg,1819,1820,1
9940.jpg,1819,1910,91
9945.jpg,1819,1880,61
9950.jpg,1819,1875,56
9955.jpg,1819,1840,21
9960.jpg,1819,1830,11
9965.jpg,1819,1870,51
9970.jpg,1819,1875,56
9975.jpg,1819,1905,86
9980.jpg,1819,1865,46
9985.jpg,1820,1825,5
9990.jpg,1820,1736,-84
9995.jpg,1820,1821,1
10000.jpg,1820,1840,20
10005.jpg,1820,1750,-70
10010.jpg,1820,1920,100
10015.jpg,1820,1685,-135
10020.jpg,1820,1830,10
10025.jpg,1820,1850,30
10030.jpg,1820,1890,70
10035.jpg,1820,1950,130
10040.jpg,1820,1905,85
10045.jpg,1820,1850,30
10050.jpg,1820,1850,30
10055.jpg,1820,1860,40
10060.jpg,1820,1940,120
10065.jpg,1820,1840,20
10070.jpg,1820,1840,20
10075.jpg,1820,1950,130
10080.jpg,1820,1880,60
10085.jpg,1820,1842,22
10090.jpg,1820,1890,70
10095.jpg,1820,1870,50
10100.jpg,1820,1920,100
10105.jpg,1820,1800,-20
10110.jpg,1820,1910,90
10115.jpg,1820,1930,110
10120.jpg,1820,1770,-50
10125.jpg,1820,1850,30
10130.jpg,1820,1850,30
10135.jpg,1820,1820,0
10140.jpg,1820,1850,30
10145.jpg,1820,1905,85
10150.jpg,1820,1905,85
10155.jpg,1820,1820,0
10160.jpg,1820,1797,-23
10165.jpg,1820,1950,130
10170.jpg,1820,1950,130
10175.jpg,1820,1890,70
10180.jpg,1820,1875,55
10185.jpg,1820,1830,10
10190.jpg,1820,1880,60
10195.jpg,1821,1830,9
10200.jpg,1821,1930,109
10205.jpg,1821,1910,89
10210.jpg,1821,1980,159
10215.jpg,1821,1960,139
10220.jpg,1821,1820,-1
10225.jpg,1821,1910,89
10230.jpg,1821,1790,-31
10235.jpg,1821,1910,89
10240.jpg,1821,1950,129
10245.jpg,1821,1870,49
10250.jpg,1821,1837,16
10255.jpg,1821,1890,69
10260.jpg,1821,1760,-61
10265.jpg,1821,1920,99
10270.jpg,1821,1750,-71
10275.jpg,1821,1820,-1
10280.jpg,1822,1900,78
10285.jpg,1822,1850,28
10290.jpg,1822,1945,123
10295.jpg,1822,1930,108
10300.jpg,1822,1910,88
10305.jpg,1822,1920,98
10310.jpg,1822,1830,8
10315.jpg,1822,1905,83
10320.jpg,1822,1820,-2
10325.jpg,1822,1970,148
10330.jpg,1822,1900,78
10335.jpg,1822,1820,-2
10340.jpg,1822,1905,83
10345.jpg,1822,1905,83
10355.jpg,1822,1845,23
10360.jpg,1823,1950,127
10365.jpg,1823,1855,32
10370.jpg,1823,1900,77
10375.jpg,1823,1850,27
10385.jpg,1823,1873,50
10390.jpg,1823,1920,97
10395.jpg,1823,1868,45
10400.jpg,1823,1930,107
10405.jpg,1823,1850,27
10410.jpg,1823,1905,82
10415.jpg,1823,1830,7
10420.jpg,1823,1820,-3
10425.jpg,1823,1830,7
10430.jpg,1823,1840,17
10435.jpg,1823,1930,107
10440.jpg,1823,1862,39
10445.jpg,1823,1910,87
10450.jpg,1823,1830,7
10455.jpg,1824,1860,36
10460.jpg,1824,1750,-74
10465.jpg,1824,1830,6
10470.jpg,1824,1890,66
10475.jpg,1824,1475,-349
10480.jpg,1824,1900,76
10485.jpg,1824,1830,6
10490.jpg,1824,1630,-194
10495.jpg,1824,1840,16
10500.jpg,1824,1800,-24
10505.jpg,1824,1870,46
10510.jpg,1824,1885,61
10515.jpg,1824,1820,-4
10520.jpg,1824,1860,36
10525.jpg,1824,1975,151
10530.jpg,1824,1900,76
10535.jpg,1824,1815,-9
10540.jpg,1824,1890,66
10545.jpg,1824,1912,88
10550.jpg,1825,1888,63
10555.jpg,1825,1890,65
10560.jpg,1825,1820,-5
10565.jpg,1825,1870,45
10570.jpg,1825,1925,100
10575.jpg,1825,1898,73
10580.jpg,1825,1863,38
10585.jpg,1825,1910,85
10590.jpg,1825,1830,5
10595.jpg,1825,1760,-65
10600.jpg,1825,1750,-75
10605.jpg,1825,1830,5
10610.jpg,1825,1875,50
10615.jpg,1825,1860,35
10620.jpg,1825,1900,75
10625.jpg,1825,1950,125
10630.jpg,1825,1840,15
10635.jpg,1825,1915,90
10640.jpg,1825,1960,135
10645.jpg,1825,1820,-5
10650.jpg,1825,1850,25
10655.jpg,1825,1830,5
10660.jpg,1825,1900,75
10665.jpg,1825,1900,75
10670.jpg,1825,1850,25
10675.jpg,1825,1790,-35
10680.jpg,1825,1720,-105
10685.jpg,1825,1920,95
10690.jpg,1825,1890,65
10695.jpg,1825,1880,55
10700.jpg,1825,1918,93
10705.jpg,1825,1860,35
10710.jpg,1825,1890,65
10715.jpg,1825,1910,85
10720.jpg,1825,1850,25
10725.jpg,1825,1930,105
10730.jpg,1826,1910,84
10735.jpg,1826,1860,34
10745.jpg,1826,1834,8
10750.jpg,1826,1830,4
10755.jpg,1826,1870,44
10760.jpg,1826,1840,14
10765.jpg,1826,1772,-54
10770.jpg,1826,1880,54
10775.jpg,1826,1880,54
10780.jpg,1826,1850,24
10785.jpg,1826,1870,44
10790.jpg,1826,1950,124
10795.jpg,1826,1825,-1
10800.jpg,1826,1870,44
10805.jpg,1826,1733,-93
10810.jpg,1826,1850,24
10815.jpg,1826,1825,-1
10820.jpg,1826,1830,4
10825.jpg,1826,1880,54
10830.jpg,1826,1910,84
10835.jpg,1827,1835,8
10840.jpg,1827,1860,33
10845.jpg,1827,1860,33
10850.jpg,1827,1860,33
10855.jpg,1827,1850,23
10860.jpg,1827,1905,78
10865.jpg,1827,1901,74
10870.jpg,1827,1820,-7
10875.jpg,1827,1900,73
10880.jpg,1827,1927,100
10885.jpg,1827,1910,83
10890.jpg,1827,1900,73
10895.jpg,1827,1850,23
10900.jpg,1827,1600,-227
10905.jpg,1827,1760,-67
10910.jpg,1827,1840,13
10915.jpg,1827,1830,3
10920.jpg,1827,1850,23
10925.jpg,1827,1840,13
10930.jpg,1827,1910,83
10935.jpg,1827,1750,-77
10940.jpg,1827,1930,103
10945.jpg,1828,1870,42
10950.jpg,1828,1850,22
10955.jpg,1828,1830,2
10960.jpg,1828,1820,-8
10965.jpg,1828,1840,12
10970.jpg,1828,1850,22
10975.jpg,1828,1872,44
10980.jpg,1828,1900,72
10985.jpg,1828,1815,-13
10990.jpg,1828,1870,42
10995.jpg,1828,1840,12
11000.jpg,1828,1880,52
11005.jpg,1828,1790,-38
11010.jpg,1828,1905,77
11015.jpg,1828,1810,-18
11020.jpg,1828,1860,32
11025.jpg,1828,1790,-38
11030.jpg,1828,1840,12
11035.jpg,1828,1850,22
11040.jpg,1828,1835,7
11045.jpg,1828,1900,72
11050.jpg,1828,1730,-98
11055.jpg,1828,1723,-105
11060.jpg,1828,1890,62
11065.jpg,1829,1950,121
11070.jpg,1829,1860,31
11075.jpg,1829,1900,71
11080.jpg,1829,1816,-13
11085.jpg,1829,1820,-9
11090.jpg,1829,1890,61
11095.jpg,1829,1920,91
11100.jpg,1829,1925,96
11105.jpg,1829,1890,61
11110.jpg,1829,1800,-29
11115.jpg,1829,1880,51
11120.jpg,1829,1870,41
11125.jpg,1829,1820,-9
11130.jpg,1829,1895,66
11135.jpg,1829,1860,31
11140.jpg,1829,1850,21
11145.jpg,1829,1765,-64
11150.jpg,1829,1910,81
11155.jpg,1829,1960,131
11160.jpg,1829,1750,-79
11165.jpg,1829,1890,61
11170.jpg,1830,1810,-20
11175.jpg,1830,1925,95
11180.jpg,1830,1830,0
11185.jpg,1830,1880,50
11190.jpg,1830,1840,10
11195.jpg,1830,1760,-70
11200.jpg,1830,1880,50
11205.jpg,1830,1822,-8
11210.jpg,1830,1860,30
11215.jpg,1830,1830,0
11220.jpg,1830,1825,-5
11225.jpg,1830,1875,45
11230.jpg,1830,1890,60
11235.jpg,1830,1775,-55
11240.jpg,1830,1840,10
11245.jpg,1830,1940,110
11250.jpg,1830,1860,30
11255.jpg,1830,1920,90
11260.jpg,1830,1910,80
11265.jpg,1830,1915,85
11270.jpg,1830,1860,30
11275.jpg,1830,1880,50
11280.jpg,1830,1900,70
11285.jpg,1830,1850,20
11290.jpg,1830,1753,-77
11295.jpg,1830,1850,20
11300.jpg,1830,1830,0
11305.jpg,1830,1980,150
11310.jpg,1830,1885,55
11315.jpg,1830,1820,-10
11320.jpg,1830,1820,-10
11325.jpg,1830,1850,20
11330.jpg,1830,1940,110
11335.jpg,1830,1870,40
11340.jpg,1830,1920,90
11345.jpg,1830,1960,130
11350.jpg,1830,1920,90
11355.jpg,1830,1900,70
11360.jpg,1830,1885,55
11365.jpg,1830,1928,98
11370.jpg,1830,1860,30
11375.jpg,1830,1790,-40
11380.jpg,1830,1890,60
11385.jpg,1830,1825,-5
11390.jpg,1830,1900,70
11395.jpg,1830,1830,0
11400.jpg,1831,1820,-11
11405.jpg,1831,1955,124
11410.jpg,1831,1830,-1
11415.jpg,1831,1880,49
11420.jpg,1831,1839,8
11425.jpg,1831,1846,15
11430.jpg,1831,1850,19
11435.jpg,1831,1920,89
11440.jpg,1831,1930,99
11445.jpg,1831,1792,-39
11450.jpg,1831,1970,139
11455.jpg,1831,1830,-1
11460.jpg,1831,1880,49
11465.jpg,1831,1860,29
11470.jpg,1831,1800,-31
11475.jpg,1831,1950,119
11480.jpg,1831,1880,49
11485.jpg,1831,1850,19
11490.jpg,1832,1950,118
11495.jpg,1832,1840,8
11500.jpg,1832,1800,-32
11505.jpg,1832,1820,-12
11510.jpg,1832,1850,18
11515.jpg,1832,1865,33
11525.jpg,1832,1950,118
11530.jpg,1832,1915,83
11535.jpg,1832,1930,98
11540.jpg,1832,1850,18
11545.jpg,1832,1900,68
11550.jpg,1832,1840,8
11555.jpg,1832,1825,-7
11560.jpg,1832,1910,78
11565.jpg,1832,1840,8
11570.jpg,1832,1880,48
11575.jpg,1832,1860,28
11580.jpg,1832,1860,28
11585.jpg,1832,1910,78
11590.jpg,1832,1820,-12
11595.jpg,1832,1850,18
11600.jpg,1832,1800,-32
11605.jpg,1832,1850,18
11610.jpg,1832,1900,68
11615.jpg,1832,1880,48
11620.jpg,1832,1820,-12
11625.jpg,1832,1880,48
11630.jpg,1832,1914,82
11635.jpg,1832,1925,93
11640.jpg,1832,1890,58
11645.jpg,1833,1905,72
11650.jpg,1833,1870,37
11655.jpg,1833,1810,-23
11660.jpg,1833,1788,-45
11665.jpg,1833,1870,37
11670.jpg,1833,1870,37
11675.jpg,1833,1860,27
11680.jpg,1833,1920,87
11685.jpg,1833,1905,72
11690.jpg,1833,1885,52
11695.jpg,1833,1920,87
11700.jpg,1833,1820,-13
11705.jpg,1833,1965,132
11710.jpg,1833,1920,87
11715.jpg,1833,1820,-13
11720.jpg,1833,1950,117
11725.jpg,1833,1865,32
11730.jpg,1833,1740,-93
11735.jpg,1833,1870,37
11740.jpg,1833,1850,17
11745.jpg,1833,1880,47
11750.jpg,1833,1905,72
11755.jpg,1833,1777,-56
11760.jpg,1833,-1,-1834
11765.jpg,1833,1816,-17
11770.jpg,1834,1860,26
11775.jpg,1834,1840,6
11780.jpg,1834,1884,50
11785.jpg,1834,1660,-174
11790.jpg,1834,1955,121
11795.jpg,1834,1840,6
11800.jpg,1834,1780,-54
11805.jpg,1834,1764,-70
11810.jpg,1834,1880,46
11815.jpg,1834,1890,56
11820.jpg,1834,1830,-4
11825.jpg,1834,1765,-69
11830.jpg,1834,1880,46
11835.jpg,1834,1880,46
11840.jpg,1834,1880,46
11845.jpg,1834,1890,56
11850.jpg,1834,1800,-34
11855.jpg,1834,1885,51
11860.jpg,1834,1960,126
11865.jpg,1834,1820,-14
11870.jpg,1834,1950,116
11875.jpg,1834,1870,36
11880.jpg,1834,1840,6
11885.jpg,1834,1820,-14
11890.jpg,1834,1760,-74
11895.jpg,1834,1820,-14
11900.jpg,1835,1820,-15
11905.jpg,1835,1895,60
11910.jpg,1835,1907,72
11915.jpg,1835,1910,75
11920.jpg,1835,1757,-78
11925.jpg,1835,1840,5
11930.jpg,1835,1875,40
11935.jpg,1835,1900,65
11940.jpg,1835,1930,95
11945.jpg,1835,1905,70
11950.jpg,1835,1732,-103
11955.jpg,1835,1845,10
11960.jpg,1835,1900,65
11965.jpg,1835,1950,115
11970.jpg,1835,1830,-5
11980.jpg,1835,1910,75
11985.jpg,1835,1800,-35
11990.jpg,1835,1900,65
11995.jpg,1835,1955,120
12000.jpg,1835,1890,55
12005.jpg,1835,1950,115
12010.jpg,1835,1905,70
12015.jpg,1835,1860,25
12020.jpg,1835,1920,85
12025.jpg,1835,1905,70
12030.jpg,1835,1865,30
12035.jpg,1835,1850,15
12040.jpg,1835,1780,-55
12045.jpg,1835,1850,15
12050.jpg,1835,1750,-85
12055.jpg,1835,1905,70
12060.jpg,1835,1910,75
12065.jpg,1835,1950,115
12070.jpg,1835,1830,-5
12075.jpg,1835,1950,115
12080.jpg,1835,1870,35
12085.jpg,1835,1925,90
12090.jpg,1835,1865,30
12095.jpg,1835,1840,5
12100.jpg,1835,1920,85
12105.jpg,1835,1860,25
12110.jpg,1835,1897,62
12115.jpg,1835,1828,-7
12120.jpg,1835,1870,35
12125.jpg,1835,1920,85
12130.jpg,1836,1780,-56
12135.jpg,1836,1940,104
12140.jpg,1836,19,-1817
12145.jpg,1836,1920,84
12150.jpg,1836,1905,69
12155.jpg,1836,1810,-26
12160.jpg,1836,1930,94
12170.jpg,1836,1847,11
12175.jpg,1836,1850,14
12180.jpg,1836,1920,84
12185.jpg,1836,1830,-6
12190.jpg,1836,1850,14
12195.jpg,1836,1860,24
12200.jpg,1836,1890,54
12205.jpg,1836,1880,44
12210.jpg,1836,1890,54
12215.jpg,1836,1850,14
12220.jpg,1836,1781,-55
12225.jpg,1836,1905,69
12230.jpg,1836,1880,44
12235.jpg,1836,1920,84
12240.jpg,1836,1720,-116
12245.jpg,1836,1860,24
12250.jpg,1836,1850,14
12255.jpg,1836,1840,4
12260.jpg,1836,1790,-46
12265.jpg,1836,1880,44
12270.jpg,1836,1785,-51
12275.jpg,1836,1850,14
12280.jpg,1837,1800,-37
12285.jpg,1837,1857,20
12290.jpg,1837,1885,48
12295.jpg,1837,1880,43
12300.jpg,1837,1890,53
12305.jpg,1837,1790,-47
12310.jpg,1837,1905,68
12315.jpg,1837,1830,-7
12320.jpg,1837,1960,123
12325.jpg,1837,1905,68
12330.jpg,1837,1925,88
12335.jpg,1837,-1,-1838
12340.jpg,1837,1800,-37
12345.jpg,1837,1740,-97
12350.jpg,1837,1945,108
12355.jpg,1837,1875,38
12360.jpg,1837,1840,3
12365.jpg,1837,1910,73
12370.jpg,1837,1850,13
12375.jpg,1837,1950,113
12380.jpg,1837,1880,43
12385.jpg,1837,1920,83
12390.jpg,1837,1880,43
12395.jpg,1837,1730,-107
12400.jpg,1837,1880,43
12405.jpg,1837,1826,-11
12410.jpg,1837,1800,-37
12415.jpg,1837,1880,43
12420.jpg,1837,1835,-2
12425.jpg,1837,1825,-12
12430.jpg,1837,1840,3
12435.jpg,1837,1930,93
12440.jpg,1837,1750,-87
12445.jpg,1837,1895,58
12450.jpg,1838,1880,42
12455.jpg,1838,1860,22
12460.jpg,1838,1860,22
12465.jpg,1838,1870,32
12470.jpg,1838,1950,112
12475.jpg,1838,1910,72
12480.jpg,1838,1820,-18
12485.jpg,1838,1840,2
12490.jpg,1838,1870,32
12495.jpg,1838,1877,39
12500.jpg,1838,1870,32
12505.jpg,1838,1880,42
12510.jpg,1838,1920,82
12515.jpg,1838,1840,2
12520.jpg,1838,2005,167
12525.jpg,1838,1840,2
12530.jpg,1838,1900,62
12535.jpg,1838,1865,27
12540.jpg,1838,1940,102
12545.jpg,1838,1910,72
12550.jpg,1838,1890,52
12555.jpg,1838,1945,107
12560.jpg,1838,1850,12
12565.jpg,1838,1890,52
12570.jpg,1838,1830,-8
12575.jpg,1838,1850,12
12580.jpg,1838,1850,12
12585.jpg,1838,1905,67
12590.jpg,1838,1850,12
12600.jpg,1838,1950,112
12605.jpg,1838,1970,132
12610.jpg,1838,1870,32
12615.jpg,1838,1817,-21
12620.jpg,1838,1900,62
12625.jpg,1839,1920,81
12630.jpg,1839,1860,21
12635.jpg,1839,1830,-9
12640.jpg,1839,1972,133
12645.jpg,1839,1858,19
12650.jpg,1839,1930,91
12655.jpg,1839,-1,-1840
12660.jpg,1839,1890,51
12665.jpg,1839,1837,-2
12670.jpg,1839,1830,-9
12675.jpg,1839,1890,51
12680.jpg,1839,1775,-64
12685.jpg,1839,1850,11
12690.jpg,1839,2005,166
12695.jpg,1839,1820,-19
12700.jpg,1839,1860,21
12705.jpg,1839,1830,-9
12710.jpg,1839,-1,-1840
12715.jpg,1839,1840,1
12720.jpg,1839,1770,-69
12725.jpg,1839,2005,166
12730.jpg,1839,1840,1
12735.jpg,1839,1840,1
12740.jpg,1839,1802,-37
12745.jpg,1839,1905,66
12750.jpg,1839,0,-1839
12755.jpg,1839,1810,-29
12760.jpg,1839,1905,66
12765.jpg,1839,1710,-129
12770.jpg,1839,1800,-39
12775.jpg,1839,1893,54
12780.jpg,1840,1870,30
12785.jpg,1840,1950,110
12790.jpg,1840,1850,10
12795.jpg,1840,1900,60
12800.jpg,1840,1860,20
12805.jpg,1840,1880,40
12810.jpg,1840,1830,-10
12815.jpg,1840,1780,-60
12820.jpg,1840,1812,-28
12825.jpg,1840,1880,40
12830.jpg,1840,1890,50
12835.jpg,1840,1910,70
12840.jpg,1840,1905,65
12845.jpg,1840,1955,115
12850.jpg,1840,1850,10
12860.jpg,1840,1925,85
12865.jpg,1840,1925,85
12870.jpg,1840,1900,60
12875.jpg,1840,1880,40
12880.jpg,1840,1820,-20
12885.jpg,1840,1720,-120
12890.jpg,1840,1840,0
12895.jpg,1840,1790,-50
12900.jpg,1840,1880,40
12905.jpg,1840,1980,140
12910.jpg,1840,1930,90
12915.jpg,1840,1850,10
12920.jpg,1840,1890,50
12925.jpg,1840,1900,60
12930.jpg,1840,1910,70
12935.jpg,1840,1905,65
12940.jpg,1840,1870,30
12945.jpg,1840,1900,60
12950.jpg,1840,1850,10
12955.jpg,1840,1870,30
12960.jpg,1840,1835,-5
12965.jpg,1840,1820,-20
12970.jpg,1840,1820,-20
12975.jpg,1840,1900,60
12980.jpg,1840,1950,110
12985.jpg,1840,1850,10
12990.jpg,1840,1860,20
12995.jpg,1840,1905,65
13005.jpg,1840,1850,10
13010.jpg,1840,1950,110
13015.jpg,1840,1820,-20
13020.jpg,1840,1900,60
13025.jpg,1840,1910,70
13030.jpg,1841,1851,10
13035.jpg,1841,1850,9
13040.jpg,1841,1880,39
13045.jpg,1841,1870,29
13050.jpg,1841,1930,89
13055.jpg,1841,1869,28
13060.jpg,1841,1850,9
13065.jpg,1841,1860,19
13070.jpg,1841,1850,9
13075.jpg,1841,1820,-21
13080.jpg,1841,1950,109
13085.jpg,1841,2005,164
13090.jpg,1841,1912,71
13095.jpg,1841,1910,69
13100.jpg,1841,1840,-1
13105.jpg,1841,1920,79
13110.jpg,1841,1850,9
13115.jpg,1841,1915,74
13120.jpg,1841,2015,174
13125.jpg,1841,1900,59
13130.jpg,1841,1550,-291
13135.jpg,1841,1908,67
13140.jpg,1841,1905,64
13145.jpg,1842,1850,8
13150.jpg,1842,1840,-2
13155.jpg,1842,1905,63
13160.jpg,1842,1870,28
13165.jpg,1842,1820,-22
13170.jpg,1842,1921,79
13175.jpg,1842,1906,64
13180.jpg,1842,1905,63
13185.jpg,1842,1850,8
13190.jpg,1842,1850,8
13195.jpg,1842,1730,-112
13200.jpg,1842,1910,68
13205.jpg,1842,1905,63
13210.jpg,1842,1905,63
13215.jpg,1842,1910,68
13220.jpg,1842,1740,-102
13225.jpg,1842,1850,8
13230.jpg,1842,1920,78
13235.jpg,1842,1840,-2
13240.jpg,1842,1800,-42
13245.jpg,1842,1900,58
13250.jpg,1842,1880,38
13255.jpg,1842,1930,88
13260.jpg,1842,1840,-2
13265.jpg,1842,1850,8
13270.jpg,1842,1920,78
13275.jpg,1842,1840,-2
13280.jpg,1842,1499,-343
13285.jpg,1842,1870,28
13290.jpg,1842,1890,48
13295.jpg,1842,1850,8
13300.jpg,1843,1927,84
13305.jpg,1843,1820,-23
13310.jpg,1843,1895,52
13315.jpg,1843,1870,27
13320.jpg,1843,1840,-3
13325.jpg,1843,1850,7
13330.jpg,1843,1910,67
13335.jpg,1843,1930,87
13340.jpg,1843,1890,47
13345.jpg,1843,1920,77
13350.jpg,1843,1840,-3
13355.jpg,1843,1870,27
13360.jpg,1843,1920,77
13365.jpg,1843,1850,7
13370.jpg,1843,1825,-18
13380.jpg,1843,1920,77
13385.jpg,1843,1950,107
13390.jpg,1843,1910,67
13395.jpg,1843,1900,57
13400.jpg,1843,1845,2
13405.jpg,1843,1860,17
13410.jpg,1843,1908,65
13415.jpg,1843,1915,72
13420.jpg,1843,1920,77
13425.jpg,1843,1885,42
13430.jpg,1844,1897,53
13435.jpg,1844,1820,-24
13440.jpg,1844,1865,21
13445.jpg,1844,1970,126
13450.jpg,1844,1830,-14
13455.jpg,1844,1850,6
13460.jpg,1844,1920,76
13465.jpg,1844,1850,6
13470.jpg,1844,1860,16
13475.jpg,1844,1890,46
13480.jpg,1844,1905,61
13485.jpg,1844,1900,56
13490.jpg,1844,1830,-14
13495.jpg,1844,1840,-4
13500.jpg,1844,1800,-44
13505.jpg,1844,1940,96
13510.jpg,1844,1850,6
13515.jpg,1844,1840,-4
13520.jpg,1844,1855,11
13525.jpg,1844,1860,16
13530.jpg,1844,1910,66
13535.jpg,1844,1905,61
13540.jpg,1844,1906,62
13545.jpg,1844,1850,6
13550.jpg,1844,1850,6
13555.jpg,1844,1890,46
13560.jpg,1844,1905,61
13565.jpg,1845,1820,-25
13570.jpg,1845,1842,-3
13575.jpg,1845,1890,45
13580.jpg,1845,1890,45
13585.jpg,1845,1907,62
13590.jpg,1845,1905,60
13595.jpg,1845,1930,85
13600.jpg,1845,1900,55
13605.jpg,1845,1830,-15
13610.jpg,1845,1920,75
13615.jpg,1845,1900,55
13620.jpg,1845,1885,40
13625.jpg,1845,1840,-5
13630.jpg,1845,1850,5
13635.jpg,1845,1860,15
13640.jpg,1845,1910,65
13645.jpg,1845,1800,-45
13650.jpg,1845,1905,60
13655.jpg,1845,1920,75
13660.jpg,1845,1880,35
13665.jpg,1845,1920,75
13670.jpg,1845,1990,145
13675.jpg,1845,1850,5
13680.jpg,1845,1905,60
13685.jpg,1845,1790,-55
13690.jpg,1845,1800,-45
13695.jpg,1845,1850,5
13700.jpg,1845,1910,65
13705.jpg,1845,1880,35
13710.jpg,1845,1932,87
13720.jpg,1845,1942,97
13725.jpg,1845,1925,80
13730.jpg,1845,1925,80
13735.jpg,1845,1860,15
13740.jpg,1845,1890,45
13745.jpg,1845,1880,35
13750.jpg,1845,1865,20
13755.jpg,1845,1750,-95
13760.jpg,1845,1850,5
13765.jpg,1845,1890,45
13770.jpg,1845,1840,-5
13775.jpg,1845,1823,-22
13780.jpg,1845,1870,25
13785.jpg,1845,1970,125
13790.jpg,1845,1850,5
13795.jpg,1845,1906,61
13800.jpg,1845,1916,71
13805.jpg,1846,1776,-70
13810.jpg,1846,1913,67
13815.jpg,1846,1825,-21
13820.jpg,1846,1860,14
13825.jpg,1846,1846,0
13830.jpg,1846,1791,-55
13835.jpg,1846,1884,38
13840.jpg,1846,1920,74
13845.jpg,1846,1850,4
13850.jpg,1846,1895,49
13855.jpg,1846,1940,94
13860.jpg,1846,1820,-26
13865.jpg,1846,1890,44
13870.jpg,1846,1920,74
13875.jpg,1846,1905,59
13880.jpg,1846,1875,29
13885.jpg,1846,1900,54
13890.jpg,1846,1830,-16
13895.jpg,1846,-1,-1847
13900.jpg,1846,1850,4
13905.jpg,1846,1830,-16
13910.jpg,1846,1830,-16
13915.jpg,1846,1850,4
13920.jpg,1846,1850,4
13925.jpg,1846,1946,100
13930.jpg,1846,1900,54
13935.jpg,1846,1870,24
13940.jpg,1847,1900,53
13945.jpg,1847,1820,-27
13950.jpg,1847,1880,33
13955.jpg,1847,1850,3
13960.jpg,1847,1840,-7
13965.jpg,1847,1890,43
13970.jpg,1847,1929,82
13975.jpg,1847,1830,-17
13980.jpg,1847,1870,23
13985.jpg,1847,1900,53
13990.jpg,1847,1900,53
13995.jpg,1847,1840,-7
14000.jpg,1847,1910,63
14005.jpg,1847,1860,13
14010.jpg,1847,1780,-67
14015.jpg,1847,1880,33
14020.jpg,1847,1920,73
14030.jpg,1847,1840,-7
14035.jpg,1847,1950,103
14040.jpg,1847,1905,58
14045.jpg,1847,1740,-107
14050.jpg,1847,1950,103
14055.jpg,1847,1905,58
14060.jpg,1847,1880,33
14065.jpg,1847,1905,58
14070.jpg,1847,1820,-27
14075.jpg,1847,1860,13
14080.jpg,1847,1850,3
14085.jpg,1847,1905,58
14090.jpg,1847,1850,3
14095.jpg,1847,1880,33
14100.jpg,1847,1940,93
14105.jpg,1847,1970,123
14110.jpg,1848,1905,57
14115.jpg,1848,1850,2
14120.jpg,1848,1905,57
14125.jpg,1848,2010,162
14130.jpg,1848,1300,-548
14135.jpg,1848,1850,2
14140.jpg,1848,1855,7
14145.jpg,1848,1880,32
14150.jpg,1848,1905,57
14155.jpg,1848,1843,-5
14160.jpg,1848,1895,47
14165.jpg,1848,1870,22
14170.jpg,1848,1920,72
14175.jpg,1848,1910,62
14180.jpg,1848,1890,42
14185.jpg,1848,1920,72
14190.jpg,1848,1925,77
14195.jpg,1848,1870,22
14200.jpg,1848,1880,32
14205.jpg,1848,1885,37
14210.jpg,1848,1905,57
14215.jpg,1848,1880,32
14220.jpg,1848,1870,22
14225.jpg,1848,1828,-20
14230.jpg,1848,1910,62
14235.jpg,1848,1880,32
14240.jpg,1848,1845,-3
14245.jpg,1848,1850,2
14250.jpg,1848,1820,-28
14255.jpg,1848,1900,52
14260.jpg,1848,1910,62
14265.jpg,1848,1900,52
14270.jpg,1848,1870,22
14275.jpg,1848,1860,12
14280.jpg,1848,1770,-78
14285.jpg,1848,1890,42
14290.jpg,1848,1880,32
14295.jpg,1848,1850,2
14300.jpg,1848,1820,-28
14305.jpg,1848,1920,72
14310.jpg,1848,2000,152
14315.jpg,1848,1850,2
14320.jpg,1848,1820,-28
14325.jpg,1848,1840,-8
14330.jpg,1848,1905,57
14335.jpg,1848,1860,12
14340.jpg,1849,1810,-39
14345.jpg,1849,1840,-9
14350.jpg,1849,1850,1
14355.jpg,1849,1850,1
14360.jpg,1849,2020,171
14365.jpg,1849,1955,106
14370.jpg,1849,1860,11
14375.jpg,1849,1961,112
14380.jpg,1849,1836,-13
14385.jpg,1849,1865,16
14390.jpg,1849,1830,-19
14395.jpg,1849,1950,101
14400.jpg,1849,1880,31
14405.jpg,1849,1985,136
14410.jpg,1849,1955,106
14415.jpg,1849,1910,61
14420.jpg,1849,1756,-93
14425.jpg,1849,1880,31
14430.jpg,1849,1840,-9
14435.jpg,1849,1830,-19
14440.jpg,1849,1880,31
14445.jpg,1849,1870,21
14450.jpg,1849,1900,51
14455.jpg,1849,1905,56
14460.jpg,1849,1840,-9
14465.jpg,1849,1830,-19
14470.jpg,1849,1920,71
14475.jpg,1849,1810,-39
14480.jpg,1849,1955,106
14485.jpg,1849,1900,51
14490.jpg,1849,1654,-195
14495.jpg,1849,1820,-29
14500.jpg,1849,1905,56
14505.jpg,1850,1875,25
14510.jpg,1850,1825,-25
14515.jpg,1850,1890,40
14520.jpg,1850,1900,50
14525.jpg,1850,1850,0
14530.jpg,1850,1970,120
14535.jpg,1850,1850,0
14540.jpg,1850,1920,70
14545.jpg,1850,1930,80
14550.jpg,1850,1900,50
14555.jpg,1850,1900,50
14560.jpg,1850,1900,50
14565.jpg,1850,1820,-30
14570.jpg,1850,1870,20
14575.jpg,1850,1820,-30
14580.jpg,1850,1850,0
14585.jpg,1850,1832,-18
14590.jpg,1850,1840,-10
14600.jpg,1850,1837,-13
14605.jpg,1850,1850,0
14610.jpg,1850,1855,5
14615.jpg,1850,1950,100
14620.jpg,1850,1880,30
14625.jpg,1850,1850,0
14630.jpg,1850,1890,40
14635.jpg,1850,1860,10
14640.jpg,1850,1920,70
14645.jpg,1850,1910,60
14650.jpg,1850,1950,100
14655.jpg,1850,-1,-1851
14660.jpg,1850,1840,-10
14665.jpg,1850,1840,-10
14670.jpg,1850,1890,40
14675.jpg,1850,1840,-10
14680.jpg,1850,1875,25
14685.jpg,1850,1920,70
14690.jpg,1850,1806,-44
14695.jpg,1850,1845,-5
14700.jpg,1850,1920,70
14705.jpg,1850,1870,20
14710.jpg,1850,1905,55
14715.jpg,1850,1835,-15
14720.jpg,1850,1860,10
14725.jpg,1850,1840,-10
14730.jpg,1850,1910,60
14735.jpg,1850,1890,40
14740.jpg,1850,1850,0
14745.jpg,1850,1900,50
14750.jpg,1850,1930,80
14755.jpg,1850,1900,50
14760.jpg,1850,1910,60
14765.jpg,1850,1910,60
14770.jpg,1850,1860,10
14775.jpg,1850,1938,88
14780.jpg,1850,1850,0
14785.jpg,1851,1905,54
14790.jpg,1851,1909,58
14795.jpg,1851,1950,99
14800.jpg,1851,1925,74
14805.jpg,1851,1880,29
14810.jpg,1851,1895,44
14815.jpg,1851,1900,49
14820.jpg,1851,1895,44
14825.jpg,1851,1890,39
14830.jpg,1851,1890,39
14835.jpg,1851,1905,54
14840.jpg,1851,1905,54
14845.jpg,1851,1890,39
14850.jpg,1851,1810,-41
14855.jpg,1851,1955,104
14860.jpg,1851,1870,19
14865.jpg,1851,1875,24
14870.jpg,1851,1920,69
14880.jpg,1851,-1,-1852
14885.jpg,1851,1905,54
14890.jpg,1851,1890,39
14895.jpg,1851,1780,-71
14900.jpg,1851,1880,29
14905.jpg,1851,1905,54
14910.jpg,1851,1800,-51
14915.jpg,1851,1930,79
14920.jpg,1851,1840,-11
14925.jpg,1851,1880,29
14930.jpg,1851,1898,47
14935.jpg,1851,1880,29
14940.jpg,1851,1830,-21
14945.jpg,1852,1850,-2
14950.jpg,1852,1920,68
14955.jpg,1852,1890,38
14960.jpg,1852,1910,58
14965.jpg,1852,1850,-2
14970.jpg,1852,1830,-22
14975.jpg,1852,1850,-2
14980.jpg,1852,1875,23
14985.jpg,1852,1880,28
14990.jpg,1852,1880,28
14995.jpg,1852,1880,28
15000.jpg,1852,1885,33
15005.jpg,1852,1890,38
15010.jpg,1852,1950,98
15015.jpg,1852,1850,-2
15020.jpg,1852,1830,-22
15025.jpg,1852,1880,28
15030.jpg,1852,1890,38
15035.jpg,1852,1900,48
15040.jpg,1852,1905,53
15045.jpg,1852,1850,-2
15050.jpg,1852,1940,88
15055.jpg,1852,1900,48
15060.jpg,1852,1890,38
15065.jpg,1852,1905,53
15070.jpg,1852,1940,88
15075.jpg,1852,1820,-32
15080.jpg,1852,1905,53
15085.jpg,1852,1900,48
15090.jpg,1852,1910,58
15095.jpg,1852,1880,28
15100.jpg,1852,1905,53
15105.jpg,1852,1892,40
15110.jpg,1852,1915,63
15115.jpg,1852,1860,8
15120.jpg,1852,1905,53
15125.jpg,1852,1880,28
15130.jpg,1852,1910,58
15135.jpg,1853,1827,-26
15140.jpg,1853,1912,59
15145.jpg,1853,1850,-3
15150.jpg,1853,1910,57
15155.jpg,1853,1880,27
15160.jpg,1853,1840,-13
15165.jpg,1853,1930,77
15170.jpg,1853,1838,-15
15175.jpg,1853,1830,-23
15180.jpg,1853,1900,47
15185.jpg,1853,1869,16
15190.jpg,1853,1825,-28
15195.jpg,1853,1920,67
15200.jpg,1853,1880,27
15205.jpg,1853,1939,86
15210.jpg,1853,1950,97
15215.jpg,1853,1850,-3
15220.jpg,1853,1850,-3
15225.jpg,1853,1860,7
15230.jpg,1853,1950,97
15235.jpg,1853,1860,7
15240.jpg,1853,1880,27
15245.jpg,1853,1870,17
15250.jpg,1853,1960,107
15255.jpg,1853,1890,37
15260.jpg,1853,1915,62
15265.jpg,1853,1750,-103
15270.jpg,1853,1880,27
15275.jpg,1853,1900,47
15280.jpg,1853,1950,97
15285.jpg,1853,1900,47
15290.jpg,1853,1920,67
15295.jpg,1853,1920,67
15300.jpg,1853,1905,52
15305.jpg,1853,1850,-3
15310.jpg,1853,1950,97
15315.jpg,1853,1890,37
15320.jpg,1853,1905,52
15325.jpg,1853,1820,-33
15330.jpg,1853,1941,88
15335.jpg,1853,1930,77
15340.jpg,1853,1840,-13
15345.jpg,1853,1870,17
15350.jpg,1853,1923,70
15355.jpg,1854,1905,51
15360.jpg,1854,1960,106
15365.jpg,1854,1850,-4
15370.jpg,1854,1885,31
15375.jpg,1854,1880,26
15380.jpg,1854,1830,-24
15385.jpg,1854,1862,8
15390.jpg,1854,2009,155
15395.jpg,1854,1820,-34
15400.jpg,1854,1901,47
15405.jpg,1854,1870,16
15410.jpg,1854,1880,26
15415.jpg,1854,1798,-56
15420.jpg,1854,1920,66
15425.jpg,1854,1890,36
15430.jpg,1854,1910,56
15435.jpg,1854,1960,106
15440.jpg,1854,1850,-4
15445.jpg,1854,1885,31
15450.jpg,1855,1864,9
15455.jpg,1855,1905,50
15460.jpg,1855,1920,65
15465.jpg,1855,1850,-5
15470.jpg,1855,1905,50
15475.jpg,1855,1870,15
15480.jpg,1855,1880,25
15485.jpg,1855,1870,15
15490.jpg,1855,1910,55
15495.jpg,1855,1970,115
15500.jpg,1855,1928,73
15505.jpg,1855,1879,24
15510.jpg,1855,1900,45
15515.jpg,1855,1905,50
15520.jpg,1855,1905,50
15525.jpg,1855,1880,25
15530.jpg,1855,1900,45
15535.jpg,1855,1850,-5
15540.jpg,1855,1880,25
15545.jpg,1855,1750,-105
15550.jpg,1855,1880,25
15555.jpg,1855,1905,50
15560.jpg,1855,1860,5
15565.jpg,1855,1890,35
15570.jpg,1855,1890,35
15575.jpg,1855,1876,21
15580.jpg,1855,1940,85
15585.jpg,1855,1910,55
15590.jpg,1855,1945,90
15595.jpg,1855,1850,-5
15600.jpg,1855,1885,30
15605.jpg,1855,1900,45
15610.jpg,1855,2000,145
15615.jpg,1855,1840,-15
15620.jpg,1855,1850,-5
15625.jpg,1855,1900,45
15630.jpg,1855,1870,15
15635.jpg,1855,1840,-15
15640.jpg,1855,1900,45
15645.jpg,1855,1905,50
15650.jpg,1855,1960,105
15655.jpg,1855,1830,-25
15660.jpg,1855,1910,55
15665.jpg,1855,1890,35
15670.jpg,1855,1890,35
15675.jpg,1855,1880,25
15680.jpg,1855,1890,35
15685.jpg,1855,1905,50
15690.jpg,1855,1870,15
15695.jpg,1855,1894,39
15705.jpg,1856,1850,-6
15710.jpg,1856,1870,14
15715.jpg,1856,1930,74
15720.jpg,1856,1820,-36
15725.jpg,1856,1900,44
15730.jpg,1856,1870,14
15735.jpg,1856,1845,-11
15740.jpg,1856,1890,34
15745.jpg,1856,1750,-106
15750.jpg,1856,1910,54
15755.jpg,1856,1810,-46
15760.jpg,1856,1805,-51
15765.jpg,1856,1856,0
15770.jpg,1856,1890,34
15775.jpg,1856,1870,14
15780.jpg,1856,1850,-6
15785.jpg,1856,1863,7
15795.jpg,1856,1850,-6
15800.jpg,1856,1950,94
15805.jpg,1856,1920,64
15810.jpg,1856,1890,34
15815.jpg,1856,1900,44
15820.jpg,1856,1820,-36
15825.jpg,1856,1890,34
15830.jpg,1856,1830,-26
15835.jpg,1856,1750,-106
15840.jpg,1856,1890,34
15845.jpg,1856,1940,84
15850.jpg,1856,1870,14
15855.jpg,1856,1870,14
15860.jpg,1856,1830,-26
15865.jpg,1856,1850,-6
15870.jpg,1856,1850,-6
15875.jpg,1856,1880,24
15880.jpg,1856,1940,84
15885.jpg,1856,1890,34
15890.jpg,1856,1850,-6
15895.jpg,1856,1880,24
15900.jpg,1856,1920,64
15905.jpg,1856,1820,-36
15910.jpg,1856,1785,-71
15915.jpg,1856,1790,-66
15920.jpg,1856,1849,-7
15930.jpg,1856,1890,34
15935.jpg,1856,1850,-6
15940.jpg,1856,1880,24
15945.jpg,1856,1850,-6
15950.jpg,1856,1885,29
15955.jpg,1856,1905,49
15960.jpg,1856,1820,-36
15965.jpg,1856,1850,-6
15970.jpg,1856,1910,54
15975.jpg,1856,1820,-36
15980.jpg,1857,1980,123
15985.jpg,1857,1890,33
15990.jpg,1857,2006,149
15995.jpg,1857,1785,-72
16000.jpg,1857,1870,13
16005.jpg,1857,1895,38
16010.jpg,1857,1944,87
16015.jpg,1857,1600,-257
16020.jpg,1857,1900,43
16025.jpg,1857,1870,13
16030.jpg,1857,2005,148
16035.jpg,1857,1878,21
16040.jpg,1857,1950,93
16045.jpg,1857,1905,48
16050.jpg,1857,1875,18
16055.jpg,1857,1875,18
16060.jpg,1857,1905,48
16065.jpg,1857,1850,-7
16070.jpg,1857,1890,33
16075.jpg,1857,1955,98
16080.jpg,1857,1840,-17
16085.jpg,1857,1840,-17
16090.jpg,1857,1870,13
16095.jpg,1857,1920,63
16100.jpg,1857,1810,-47
16105.jpg,1857,1850,-7
16110.jpg,1857,1850,-7
16115.jpg,1857,1895,38
16120.jpg,1857,1890,33
16125.jpg,1857,1930,73
16130.jpg,1857,1850,-7
16135.jpg,1857,1920,63
16140.jpg,1857,1790,-67
16145.jpg,1857,1905,48
16150.jpg,1857,1910,53
16155.jpg,1857,1815,-42
16160.jpg,1857,1865,8
16165.jpg,1857,1880,23
16170.jpg,1857,1890,33
16175.jpg,1857,2005,148
16180.jpg,1857,1880,23
16185.jpg,1857,1940,83
16190.jpg,1857,1820,-37
16195.jpg,1857,1850,-7
16200.jpg,1857,1870,13
16205.jpg,1857,1964,107
16210.jpg,1857,1875,18
16215.jpg,1857,1910,53
16220.jpg,1857,1860,3
16225.jpg,1857,1875,18
16230.jpg,1857,1880,23
16235.jpg,1858,1905,47
16240.jpg,1858,1950,92
16245.jpg,1858,1880,22
16250.jpg,1858,1880,22
16255.jpg,1858,1890,32
16260.jpg,1858,1920,62
16265.jpg,1858,1860,2
16270.jpg,1858,1850,-8
16275.jpg,1858,1850,-8
16280.jpg,1858,1905,47
16285.jpg,1858,1910,52
16290.jpg,1858,1870,12
16295.jpg,1858,1950,92
16300.jpg,1858,1911,53
16305.jpg,1858,1920,62
16310.jpg,1858,1888,30
16315.jpg,1858,1885,27
16320.jpg,1858,1925,67
16325.jpg,1858,1905,47
16330.jpg,1858,1945,87
16335.jpg,1858,1895,37
16340.jpg,1858,1830,-28
16345.jpg,1858,1915,57
16350.jpg,1858,1830,-28
16355.jpg,1858,1905,47
16360.jpg,1858,1910,52
16365.jpg,1858,1885,27
16370.jpg,1858,1950,92
16375.jpg,1858,1905,47
16380.jpg,1858,1900,42
16385.jpg,1858,1910,52
16390.jpg,1858,1905,47
16395.jpg,1858,1850,-8
16400.jpg,1858,1850,-8
16405.jpg,1858,1900,42
16410.jpg,1858,1905,47
16415.jpg,1858,1900,42
16420.jpg,1858,1840,-18
16425.jpg,1858,1870,12
16430.jpg,1858,1850,-8
16435.jpg,1858,1895,37
16440.jpg,1858,1812,-46
16445.jpg,1858,1835,-23
16450.jpg,1858,1840,-18
16455.jpg,1858,1840,-18
16460.jpg,1858,1880,22
16465.jpg,1858,1899,41
16470.jpg,1858,1870,12
16475.jpg,1858,1000,-858
16480.jpg,1858,1900,42
16485.jpg,1858,1900,42
16490.jpg,1859,1850,-9
16495.jpg,1859,1890,31
16505.jpg,1859,1800,-59
16510.jpg,1859,1870,11
16515.jpg,1859,-1,-1860
16520.jpg,1859,1905,46
16525.jpg,1859,1775,-84
16530.jpg,1859,1860,1
16535.jpg,1859,1902,43
16540.jpg,1859,1820,-39
16545.jpg,1859,1850,-9
16550.jpg,1859,1856,-3
16555.jpg,1859,1997,138
16560.jpg,1859,1920,61
16565.jpg,1859,1947,88
16570.jpg,1859,1891,32
16575.jpg,1859,1905,46
16580.jpg,1859,1890,31
16585.jpg,1859,1830,-29
16590.jpg,1859,1820,-39
16595.jpg,1859,1910,51
16600.jpg,1859,1920,61
16605.jpg,1859,1910,51
16610.jpg,1859,1905,46
16615.jpg,1859,1890,31
16620.jpg,1859,1840,-19
16625.jpg,1859,1950,91
16630.jpg,1859,1925,66
16635.jpg,1859,1900,41
16640.jpg,1859,1840,-19
16645.jpg,1859,1905,46
16650.jpg,1859,1900,41
16655.jpg,1859,1885,26
16660.jpg,1859,1840,-19
16665.jpg,1859,1930,71
16670.jpg,1859,1850,-9
16675.jpg,1859,1810,-49
16680.jpg,1859,1850,-9
16685.jpg,1859,1870,11
16690.jpg,1859,1843,-16
16695.jpg,1859,1860,1
16700.jpg,1859,1940,81
16705.jpg,1859,1950,91
16710.jpg,1859,1906,47
16715.jpg,1859,1825,-34
16720.jpg,1859,1890,31
16725.jpg,1859,1910,51
16730.jpg,1859,1880,21
16735.jpg,1860,1850,-10
16740.jpg,1860,1870,10
16745.jpg,1860,1820,-40
16750.jpg,1860,1900,40
16755.jpg,1860,1900,40
16760.jpg,1860,1880,20
16765.jpg,1860,1880,20
16770.jpg,1860,1860,0
16775.jpg,1860,1920,60
16785.jpg,1860,1750,-110
16790.jpg,1860,1901,41
16795.jpg,1860,1750,-110
16800.jpg,1860,1890,30
16805.jpg,1860,1915,55
16810.jpg,1860,1870,10
16815.jpg,1860,1930,70
16820.jpg,1860,1850,-10
16825.jpg,1860,1900,40
16830.jpg,1860,1925,65
16835.jpg,1860,1905,45
16840.jpg,1860,1750,-110
16845.jpg,1860,1920,60
16850.jpg,1860,1940,80
16855.jpg,1860,1950,90
16860.jpg,1860,1850,-10
16865.jpg,1860,1935,75
16870.jpg,1860,1880,20
16875.jpg,1860,1850,-10
16880.jpg,1860,1915,55
16885.jpg,1860,1830,-30
16890.jpg,1860,1875,15
16895.jpg,1860,1910,50
16900.jpg,1860,1890,30
16905.jpg,1860,1912,52
16910.jpg,1860,1905,45
16915.jpg,1860,1885,25
16920.jpg,1860,1830,-30
16925.jpg,1860,1905,45
16930.jpg,1860,1890,30
16935.jpg,1860,1850,-10
16940.jpg,1860,1900,40
16945.jpg,1860,1985,125
16950.jpg,1860,1850,-10
16955.jpg,1860,1870,10
16960.jpg,1860,1850,-10
16965.jpg,1860,1910,50
16970.jpg,1860,1925,65
16975.jpg,1860,1890,30
16980.jpg,1860,1910,50
16985.jpg,1860,1890,30
16990.jpg,1860,1900,40
16995.jpg,1860,1838,-22
17000.jpg,1860,1875,15
17005.jpg,1861,1910,49
17010.jpg,1861,1890,29
17015.jpg,1861,1880,19
17025.jpg,1861,1890,29
17030.jpg,1861,1830,-31
17035.jpg,1861,1930,69
17040.jpg,1861,1840,-21
17045.jpg,1861,1820,-41
17050.jpg,1861,1830,-31
17055.jpg,1861,1850,-11
17060.jpg,1861,1905,44
17065.jpg,1861,1868,7
17070.jpg,1861,1865,4
17075.jpg,1861,1920,59
17080.jpg,1861,1885,24
17085.jpg,1861,1890,29
17090.jpg,1861,1830,-31
17095.jpg,1861,1890,29
17100.jpg,1861,1850,-11
17105.jpg,1861,1880,19
17110.jpg,1861,1870,9
17115.jpg,1861,1820,-41
17120.jpg,1861,1905,44
17125.jpg,1861,1840,-21
17130.jpg,1861,1910,49
17135.jpg,1861,1400,-461
17140.jpg,1861,1850,-11
17145.jpg,1861,1905,44
17150.jpg,1861,1830,-31
17155.jpg,1861,1933,72
17160.jpg,1861,1890,29
17165.jpg,1861,1875,14
17170.jpg,1861,1930,69
17175.jpg,1862,1869,7
17180.jpg,1862,1860,-2
17185.jpg,1862,1865,3
17190.jpg,1862,1870,8
17195.jpg,1862,2019,157
17200.jpg,1862,1901,39
17205.jpg,1862,1970,108
17210.jpg,1862,1860,-2
17215.jpg,1862,1910,48
17220.jpg,1862,1957,95
17225.jpg,1862,1750,-112
17230.jpg,1862,1898,36
17235.jpg,1862,1885,23
17240.jpg,1862,1840,-22
17245.jpg,1862,1920,58
17250.jpg,1862,1930,68
17255.jpg,1862,1915,53
17260.jpg,1862,1924,62
17265.jpg,1862,1815,-47
17270.jpg,1862,1920,58
17275.jpg,1862,1920,58
17280.jpg,1862,1880,18
17285.jpg,1862,1905,43
17290.jpg,1862,1876,14
17295.jpg,1862,1905,43
17300.jpg,1862,1870,8
17305.jpg,1862,1850,-12
17310.jpg,1862,1905,43
17315.jpg,1862,1940,78
17320.jpg,1862,1870,8
17325.jpg,1863,1880,17
17330.jpg,1863,1800,-63
17340.jpg,1863,1910,47
17345.jpg,1863,1890,27
17350.jpg,1863,1850,-13
17355.jpg,1863,1905,42
17365.jpg,1863,1930,67
17370.jpg,1863,1912,49
17375.jpg,1863,1850,-13
17380.jpg,1863,1950,87
17385.jpg,1863,1930,67
17390.jpg,1863,1870,7
17395.jpg,1863,1880,17
17400.jpg,1863,1990,127
17405.jpg,1863,1880,17
17410.jpg,1863,1900,37
17415.jpg,1863,1865,2
17420.jpg,1863,1885,22
17425.jpg,1863,1850,-13
17430.jpg,1863,1890,27
17435.jpg,1863,1930,67
17440.jpg,1863,1820,-43
17445.jpg,1863,1910,47
17450.jpg,1863,1900,37
17455.jpg,1863,1908,45
17460.jpg,1863,1877,14
17465.jpg,1863,1905,42
17470.jpg,1863,1875,12
17475.jpg,1863,1875,12
17480.jpg,1863,1870,7
17485.jpg,1864,1910,46
17490.jpg,1864,1880,16
17495.jpg,1864,1840,-24
17500.jpg,1864,1980,116
17505.jpg,1864,1900,36
17510.jpg,1864,1880,16
17515.jpg,1864,1810,-54
17520.jpg,1864,1909,45
17525.jpg,1864,1475,-389
17530.jpg,1864,1900,36
17535.jpg,1864,2005,141
17540.jpg,1864,1900,36
17545.jpg,1864,1879,15
17550.jpg,1864,1569,-295
17555.jpg,1864,1890,26
17560.jpg,1864,1905,41
17565.jpg,1864,1820,-44
17575.jpg,1864,1860,-4
17580.jpg,1864,1905,41
17585.jpg,1864,1905,41
17590.jpg,1864,1985,121
17595.jpg,1864,1905,41
17600.jpg,1864,1482,-382
17605.jpg,1864,1900,36
17610.jpg,1864,1900,36
17615.jpg,1864,1905,41
17620.jpg,1864,1870,6
17625.jpg,1864,1925,61
17630.jpg,1864,1900,36
17635.jpg,1864,1750,-114
17640.jpg,1864,1930,66
17645.jpg,1864,1870,6
17650.jpg,1864,1880,16
17655.jpg,1864,1900,36
17660.jpg,1865,1820,-45
17665.jpg,1865,1880,15
17670.jpg,1865,1880,15
17675.jpg,1865,1850,-15
17680.jpg,1865,1820,-45
17690.jpg,1865,1920,55
17695.jpg,1865,1760,-105
17700.jpg,1865,1550,-315
17705.jpg,1865,1905,40
17710.jpg,1865,1910,45
17715.jpg,1865,1895,30
17720.jpg,1865,1910,45
17725.jpg,1865,1856,-9
17730.jpg,1865,1800,-65
17735.jpg,1865,1815,-50
17745.jpg,1865,1854,-11
17750.jpg,1865,1845,-20
17755.jpg,1865,1840,-25
17760.jpg,1865,1880,15
17765.jpg,1865,1890,25
17770.jpg,1865,1840,-25
17775.jpg,1865,1876,11
17780.jpg,1865,1925,60
17785.jpg,1865,1850,-15
17790.jpg,1865,1980,115
17795.jpg,1865,1905,40
17800.jpg,1865,1840,-25
17805.jpg,1865,1890,25
17810.jpg,1865,1910,45
17815.jpg,1865,1905,40
17820.jpg,1865,1920,55
17825.jpg,1865,1885,20
17830.jpg,1865,1875,10
17835.jpg,1865,1810,-55
17840.jpg,1865,1905,40
17845.jpg,1865,1890,25
17850.jpg,1865,1880,15
17855.jpg,1865,1875,10
17860.jpg,1865,1890,25
17865.jpg,1865,1820,-45
17870.jpg,1865,1895,30
17875.jpg,1865,1870,5
17880.jpg,1865,1850,-15
17885.jpg,1865,1958,93
17890.jpg,1865,1880,15
17895.jpg,1865,1950,85
17900.jpg,1865,1880,15
17905.jpg,1865,1875,10
17910.jpg,1865,1750,-115
17915.jpg,1865,1875,10
17920.jpg,1865,1880,15
17930.jpg,1865,1910,45
17935.jpg,1866,1850,-16
17940.jpg,1866,1850,-16
17945.jpg,1866,1900,34
17950.jpg,1866,1900,34
17955.jpg,1866,1920,54
17960.jpg,1866,1915,49
17965.jpg,1866,1890,24
17970.jpg,1866,1740,-126
17975.jpg,1866,1860,-6
17980.jpg,1866,1890,24
17985.jpg,1866,1906,40
17990.jpg,1866,1870,4
17995.jpg,1866,1947,81
18000.jpg,1866,1905,39
18005.jpg,1866,1840,-26
18010.jpg,1866,1905,39
18015.jpg,1866,-1,-1867
18020.jpg,1866,1905,39
18025.jpg,1866,1890,24
18030.jpg,1866,1850,-16
18035.jpg,1866,1880,14
18040.jpg,1866,1950,84
18045.jpg,1866,1850,-16
18050.jpg,1866,1750,-116
18055.jpg,1866,1900,34
18060.jpg,1866,1905,39
18065.jpg,1866,1875,9
18070.jpg,1866,1880,14
18075.jpg,1866,1830,-36
18080.jpg,1866,1780,-86
18085.jpg,1866,1920,54
18090.jpg,1866,1950,84
18095.jpg,1866,1850,-16
18100.jpg,1866,1925,59
18105.jpg,1866,1910,44
18110.jpg,1866,1890,24
18115.jpg,1866,1890,24
18120.jpg,1866,1910,44
18125.jpg,1866,1872,6
18130.jpg,1866,1920,54
18135.jpg,1867,1900,33
18140.jpg,1867,1900,33
18145.jpg,1867,1880,13
18160.jpg,1867,1920,53
18165.jpg,1867,1840,-27
18170.jpg,1867,1870,3
18175.jpg,1867,1880,13
18180.jpg,1867,1903,36
18185.jpg,1867,1860,-7
18190.jpg,1867,1880,13
18195.jpg,1867,2018,151
18200.jpg,1867,1865,-2
18205.jpg,1867,1930,63
18210.jpg,1867,1900,33
18215.jpg,1867,1878,11
18220.jpg,1867,1875,8
18225.jpg,1867,1900,33
18230.jpg,1867,1930,63
18235.jpg,1867,1950,83
18240.jpg,1867,1790,-77
18245.jpg,1867,1890,23
18250.jpg,1867,1890,23
18255.jpg,1867,1930,63
18260.jpg,1867,1830,-37
18265.jpg,1867,1885,18
18270.jpg,1867,-1,-1868
18275.jpg,1867,1880,13
18280.jpg,1867,1890,23
18285.jpg,1867,1875,8
18290.jpg,1867,1890,23
18295.jpg,1867,1930,63
18300.jpg,1867,1910,43
18305.jpg,1867,1865,-2
18310.jpg,1867,1905,38
18315.jpg,1867,1890,23
18320.jpg,1867,1835,-32
18325.jpg,1867,1880,13
18330.jpg,1867,1890,23
18335.jpg,1867,1905,38
18340.jpg,1867,1890,23
18345.jpg,1867,1905,38
18350.jpg,1867,1884,17
18355.jpg,1867,1905,38
18360.jpg,1867,1910,43
18365.jpg,1868,1854,-14
18370.jpg,1868,1850,-18
18380.jpg,1868,1885,17
18385.jpg,1868,1890,22
18390.jpg,1868,1880,12
18395.jpg,1868,1925,57
18400.jpg,1868,1927,59
18405.jpg,1868,1850,-18
18410.jpg,1868,1860,-8
18415.jpg,1868,1905,37
18420.jpg,1868,1850,-18
18425.jpg,1868,1820,-48
18430.jpg,1868,1930,62
18450.jpg,1868,1870,2
18455.jpg,1868,1820,-48
18460.jpg,1868,1920,52
18465.jpg,1868,1890,22
18470.jpg,1868,1905,37
18475.jpg,1868,1910,42
18480.jpg,1868,1880,12
18485.jpg,1868,1870,2
18490.jpg,1868,1850,-18
18495.jpg,1868,1915,47
18500.jpg,1868,1905,37
18505.jpg,1868,1890,22
18510.jpg,1868,1905,37
18515.jpg,1868,1850,-18
18520.jpg,1868,1820,-48
18525.jpg,1868,1910,42
18530.jpg,1868,1910,42
18535.jpg,1868,1840,-28
18540.jpg,1868,1905,37
18545.jpg,1868,1885,17
18550.jpg,1868,1895,27
18555.jpg,1868,1880,12
18560.jpg,1868,1900,32
18565.jpg,1868,1890,22
18570.jpg,1868,1890,22
18575.jpg,1868,1890,22
18580.jpg,1868,1908,40
18585.jpg,1868,1978,110
18590.jpg,1868,1920,52
18595.jpg,1868,1880,12
18600.jpg,1868,1910,42
18605.jpg,1868,1900,32
18610.jpg,1868,1905,37
18615.jpg,1868,1890,22
18620.jpg,1869,1840,-29
18625.jpg,1869,1870,1
18630.jpg,1869,1860,-9
18635.jpg,1869,1906,37
18640.jpg,1869,1900,31
18645.jpg,1869,1930,61
18650.jpg,1869,1830,-39
18655.jpg,1869,1825,-44
18660.jpg,1869,1880,11
18665.jpg,1869,1840,-29
18670.jpg,1869,1931,62
18675.jpg,1869,1920,51
18680.jpg,1869,1885,16
18685.jpg,1869,1895,26
18690.jpg,1869,1895,26
18695.jpg,1869,1840,-29
18700.jpg,1869,1876,7
18710.jpg,1869,1910,41
18715.jpg,1869,1905,36
18720.jpg,1869,1890,21
18725.jpg,1869,1910,41
18730.jpg,1869,1905,36
18735.jpg,1869,1885,16
18740.jpg,1869,1850,-19
18745.jpg,1869,1890,21
18750.jpg,1869,1875,6
18755.jpg,1869,1890,21
18760.jpg,1869,1895,26
18765.jpg,1869,1820,-49
18770.jpg,1869,1860,-9
18775.jpg,1869,1925,56
18780.jpg,1869,1940,71
18785.jpg,1869,1870,1
18790.jpg,1869,1890,21
18795.jpg,1869,1870,1
18800.jpg,1869,1850,-19
18805.jpg,1869,1840,-29
18810.jpg,1869,1900,31
18815.jpg,1869,1880,11
18820.jpg,1869,1969,100
18825.jpg,1869,1910,41
18830.jpg,1869,1850,-19
18835.jpg,1869,1910,41
18840.jpg,1870,1850,-20
18845.jpg,1870,1851,-19
18850.jpg,1870,1905,35
18855.jpg,1870,1915,45
18860.jpg,1870,1910,40
18865.jpg,1870,1940,70
18870.jpg,1870,1910,40
18875.jpg,1870,1965,95
18880.jpg,1870,1920,50
18885.jpg,1870,1820,-50
18895.jpg,1870,1860,-10
18900.jpg,1870,1910,40
18905.jpg,1870,1950,80
18910.jpg,1870,1950,80
18915.jpg,1870,1856,-14
18920.jpg,1870,1849,-21
18925.jpg,1870,1885,15
18930.jpg,1870,1920,50
18935.jpg,1870,1925,55
18940.jpg,1870,1880,10
18945.jpg,1870,1970,100
18950.jpg,1870,1880,10
18955.jpg,1870,1890,20
18960.jpg,1870,1890,20
18965.jpg,1870,1875,5
18970.jpg,1870,1860,-10
18980.jpg,1870,1920,50
18985.jpg,1870,1900,30
18990.jpg,1870,1905,35
18995.jpg,1870,1908,38
19000.jpg,1870,1960,90
19005.jpg,1870,-1,-1871
19010.jpg,1870,1835,-35
19015.jpg,1870,1920,50
19020.jpg,1870,1860,-10
19025.jpg,1870,1860,-10
19030.jpg,1870,1935,65
19035.jpg,1870,1870,0
19040.jpg,1870,1950,80
19045.jpg,1870,1950,80
19050.jpg,1870,1885,15
19055.jpg,1870,1900,30
19060.jpg,1870,1905,35
19065.jpg,1870,1900,30
19070.jpg,1870,1890,20
19075.jpg,1870,1900,30
19080.jpg,1870,1940,70
19085.jpg,1870,1870,0
19090.jpg,1870,1960,90
19100.jpg,1870,1930,60
19105.jpg,1870,1840,-30
19110.jpg,1870,1930,60
19115.jpg,1870,1900,30
19120.jpg,1870,1885,15
19125.jpg,1870,1920,50
19130.jpg,1870,1905,35
19135.jpg,1870,1960,90
19140.jpg,1870,1850,-20
19145.jpg,1871,1875,4
19150.jpg,1871,1880,9
19155.jpg,1871,1890,19
19160.jpg,1871,1875,4
19165.jpg,1871,1910,39
19170.jpg,1871,1875,4
19175.jpg,1871,1905,34
19180.jpg,1871,1905,34
19185.jpg,1871,1880,9
19190.jpg,1871,1880,9
19195.jpg,1871,1870,-1
19200.jpg,1871,1840,-31
19205.jpg,1871,1967,96
19210.jpg,1871,1920,49
19215.jpg,1871,1920,49
19220.jpg,1871,1960,89
19225.jpg,1871,1950,79
19230.jpg,1871,1992,121
19235.jpg,1871,1920,49
19240.jpg,1871,1910,39
19245.jpg,1871,1880,9
19250.jpg,1871,1875,4
19255.jpg,1871,1890,19
19260.jpg,1871,1900,29
19265.jpg,1871,1840,-31
19270.jpg,1871,1900,29
19275.jpg,1871,1895,24
19280.jpg,1871,1930,59
19285.jpg,1871,1900,29
19290.jpg,1871,1890,19
19295.jpg,1871,1880,9
19300.jpg,1871,1920,49
19305.jpg,1871,1890,19
19310.jpg,1871,1955,84
19315.jpg,1871,1910,39
19320.jpg,1871,1883,12
19325.jpg,1871,1890,19
19330.jpg,1871,1885,14
19335.jpg,1871,1905,34
19340.jpg,1871,1890,19
19345.jpg,1871,1880,9
19350.jpg,1871,1750,-121
19355.jpg,1871,1895,24
19360.jpg,1871,1890,19
19365.jpg,1871,1905,34
19370.jpg,1871,1905,34
19375.jpg,1871,1875,4
19380.jpg,1871,1895,24
19385.jpg,1871,1890,19
19390.jpg,1871,1895,24
19395.jpg,1872,1758,-114
19400.jpg,1872,1888,16
19405.jpg,1872,1895,23
19410.jpg,1872,1840,-32
19415.jpg,1872,1875,3
19420.jpg,1872,1905,33
19425.jpg,1872,1957,85
19430.jpg,1872,1920,48
19435.jpg,1872,1905,33
19440.jpg,1872,1890,18
19445.jpg,1872,1905,33
19450.jpg,1872,1890,18
19455.jpg,1872,1890,18
19460.jpg,1872,1890,18
19465.jpg,1872,1865,-7
19470.jpg,1872,1850,-22
19475.jpg,1872,1850,-22
19480.jpg,1872,1870,-2
19485.jpg,1872,1920,48
19490.jpg,1872,1849,-23
19495.jpg,1872,1880,8
19500.jpg,1872,1900,28
19505.jpg,1872,1875,3
19510.jpg,1872,1920,48
19515.jpg,1872,1838,-34
19520.jpg,1872,1910,38
19525.jpg,1872,1920,48
19530.jpg,1872,1890,18
19535.jpg,1872,1910,38
19540.jpg,1872,1950,78
19545.jpg,1872,1890,18
19550.jpg,1872,1860,-12
19555.jpg,1872,1900,28
19560.jpg,1872,1880,8
19565.jpg,1872,1850,-22
19570.jpg,1872,1905,33
19575.jpg,1872,1720,-152
19580.jpg,1872,1890,18
19585.jpg,1872,1850,-22
19590.jpg,1872,1890,18
19595.jpg,1872,1950,78
19600.jpg,1872,1850,-22
19605.jpg,1872,1880,8
19610.jpg,1872,1890,18
19615.jpg,1872,1890,18
19620.jpg,1872,1903,31
19625.jpg,1872,1880,8
19630.jpg,1872,1930,58
19635.jpg,1872,1905,33
19640.jpg,1872,1888,16
19645.jpg,1872,1905,33
19655.jpg,1873,1810,-63
19660.jpg,1873,1870,-3
19665.jpg,1873,1930,57
19670.jpg,1873,1885,12
19675.jpg,1873,1890,17
19680.jpg,1873,1830,-43
19685.jpg,1873,1905,32
19690.jpg,1873,1987,114
19695.jpg,1873,1910,37
19700.jpg,1873,1850,-23
19705.jpg,1873,1912,39
19710.jpg,1873,1920,47
19715.jpg,1873,1905,32
19720.jpg,1873,1875,2
19725.jpg,1873,1825,-48
19730.jpg,1873,1850,-23
19735.jpg,1873,1850,-23
19740.jpg,1873,1960,87
19745.jpg,1873,1900,27
19750.jpg,1873,1880,7
19755.jpg,1873,1925,52
19760.jpg,1873,1910,37
19765.jpg,1873,1905,32
19775.jpg,1873,1930,57
19780.jpg,1873,1880,7
19785.jpg,1873,1870,-3
19790.jpg,1873,1920,47
19795.jpg,1873,1905,32
19800.jpg,1873,1920,47
19805.jpg,1873,1875,2
19810.jpg,1873,1880,7
19815.jpg,1873,1885,12
19820.jpg,1873,1900,27
19825.jpg,1873,1880,7
19830.jpg,1873,1890,17
19835.jpg,1873,1905,32
19840.jpg,1873,1900,27
19845.jpg,1873,2005,132
19850.jpg,1873,1890,17
19855.jpg,1873,1890,17
19860.jpg,1873,1885,12
19865.jpg,1873,1890,17
19870.jpg,1873,1885,12
19875.jpg,1873,1926,53
19880.jpg,1873,1880,7
19885.jpg,1873,1880,7
19890.jpg,1873,1865,-8
19895.jpg,1873,1960,87
19900.jpg,1873,1885,12
19905.jpg,1873,1805,-68
19910.jpg,1873,2000,127
19915.jpg,1874,1903,29
19920.jpg,1874,1880,6
19925.jpg,1874,1905,31
19930.jpg,1874,1890,16
19935.jpg,1874,1875,1
19945.jpg,1874,1875,1
19950.jpg,1874,1900,26
19955.jpg,1874,1915,41
19965.jpg,1874,1900,26
19970.jpg,1874,1960,86
19975.jpg,1874,1890,16
19980.jpg,1874,1890,16
19985.jpg,1874,1904,30
19990.jpg,1874,1936,62
19995.jpg,1874,1895,21
20000.jpg,1874,1920,46
20005.jpg,1874,1940,66
20010.jpg,1874,1900,26
20015.jpg,1874,1804,-70
20020.jpg,1874,1870,-4
20025.jpg,1874,1875,1
20030.jpg,1874,1890,16
20035.jpg,1874,1934,60
20040.jpg,1874,1905,31
20045.jpg,1874,1950,76
20050.jpg,1874,1890,16
20055.jpg,1874,1885,11
20060.jpg,1874,1890,16
20065.jpg,1874,1890,16
20070.jpg,1874,1910,36
20075.jpg,1874,1905,31
20080.jpg,1874,1860,-14
20085.jpg,1874,1880,6
20090.jpg,1874,1830,-44
20095.jpg,1874,1850,-24
20100.jpg,1874,1900,26
20110.jpg,1874,1880,6
20115.jpg,1874,1885,11
20120.jpg,1874,1890,16
20125.jpg,1874,1600,-274
20130.jpg,1874,1600,-274
20135.jpg,1874,1910,36
20145.jpg,1874,1880,6
20150.jpg,1874,1930,56
20155.jpg,1874,1850,-24
20160.jpg,1874,1905,31
20165.jpg,1874,1890,16
20170.jpg,1874,1905,31
20175.jpg,1874,1881,7
20180.jpg,1874,1900,26
20185.jpg,1874,1840,-34
20190.jpg,1874,1950,76
20195.jpg,1874,1890,16
20205.jpg,1874,1808,-66
20210.jpg,1875,1900,25
20215.jpg,1875,1954,79
20220.jpg,1875,1875,0
20230.jpg,1875,1910,35
20235.jpg,1875,1940,65
20240.jpg,1875,1920,45
20245.jpg,1875,1880,5
20250.jpg,1875,1910,35
20255.jpg,1875,1910,35
20260.jpg,1875,1904,29
20265.jpg,1875,1870,-5
20270.jpg,1875,1870,-5
20275.jpg,1875,1860,-15
20280.jpg,1875,1920,45
20285.jpg,1875,1942,67
20295.jpg,1875,1820,-55
20300.jpg,1875,1915,40
20305.jpg,1875,1881,6
20310.jpg,1875,1876,1
20315.jpg,1875,1900,25
20320.jpg,1875,1880,5
20325.jpg,1875,1905,30
20330.jpg,1875,1900,25
20335.jpg,1875,1865,-10
20340.jpg,1875,1880,5
20345.jpg,1875,1890,15
20350.jpg,1875,1905,30
20355.jpg,1875,1895,20
20360.jpg,1875,1885,10
20365.jpg,1875,1890,15
20370.jpg,1875,1905,30
20375.jpg,1875,1850,-25
20380.jpg,1875,1890,15
20385.jpg,1875,1905,30
20390.jpg,1875,1875,0
20395.jpg,1875,1880,5
20400.jpg,1875,1880,5
20405.jpg,1875,1900,25
20410.jpg,1875,2005,130
20415.jpg,1875,1840,-35
20420.jpg,1875,1890,15
20425.jpg,1875,1870,-5
20430.jpg,1875,1925,50
20435.jpg,1875,1365,-510
20440.jpg,1875,1880,5
20445.jpg,1875,1830,-45
20450.jpg,1875,1875,0
20455.jpg,1875,1850,-25
20460.jpg,1875,1920,45
20465.jpg,1875,1910,35
20470.jpg,1875,1850,-25
20480.jpg,1875,1880,5
20485.jpg,1875,1900,25
20490.jpg,1875,1850,-25
20495.jpg,1875,1890,15
20500.jpg,1876,1947,71
20505.jpg,1876,1910,34
20510.jpg,1876,1920,44
20515.jpg,1876,1845,-31
20520.jpg,1876,1920,44
20525.jpg,1876,1851,-25
20530.jpg,1876,1950,74
20540.jpg,1876,2010,134
20545.jpg,1876,1900,24
20550.jpg,1876,1840,-36
20555.jpg,1876,1840,-36
20560.jpg,1876,1820,-56
20565.jpg,1876,1880,4
20570.jpg,1876,1875,-1
20575.jpg,1876,1889,13
20580.jpg,1876,1923,47
20585.jpg,1876,1890,14
20590.jpg,1876,1850,-26
20595.jpg,1876,1905,29
20600.jpg,1876,1900,24
20605.jpg,1876,1890,14
20610.jpg,1876,1950,74
20615.jpg,1876,1885,9
20620.jpg,1876,1875,-1
20625.jpg,1876,1880,4
20630.jpg,1876,1950,74
20635.jpg,1876,1905,29
20640.jpg,1876,1960,84
20645.jpg,1876,1905,29
20650.jpg,1876,1900,24
20655.jpg,1876,1880,4
20660.jpg,1876,1905,29
20665.jpg,1876,1888,12
20670.jpg,1876,1910,34
20675.jpg,1876,1905,29
20680.jpg,1876,1880,4
20685.jpg,1876,1890,14
20690.jpg,1876,1890,14
20695.jpg,1876,1905,29
20700.jpg,1876,1898,22
20705.jpg,1876,1890,14
20715.jpg,1876,1910,34
20720.jpg,1876,1865,-11
20725.jpg,1876,1890,14
20730.jpg,1877,1905,28
20735.jpg,1877,1880,3
20740.jpg,1877,1885,8
20745.jpg,1877,1880,3
20750.jpg,1877,1910,33
20755.jpg,1877,1930,53
20760.jpg,1877,1935,58
20765.jpg,1877,1808,-69
20770.jpg,1877,1905,28
20775.jpg,1877,1880,3
20780.jpg,1877,1932,55
20785.jpg,1877,1920,43
20790.jpg,1877,1905,28
20795.jpg,1877,1926,49
20800.jpg,1877,1880,3
20805.jpg,1877,1880,3
20810.jpg,1877,1900,23
20815.jpg,1877,1880,3
20820.jpg,1877,1890,13
20830.jpg,1877,1885,8
20835.jpg,1877,1870,-7
20840.jpg,1877,1905,28
20845.jpg,1877,1890,13
20850.jpg,1877,1900,23
20855.jpg,1877,1965,88
20860.jpg,1877,1930,53
20865.jpg,1877,1930,53
20870.jpg,1877,1880,3
20875.jpg,1877,1882,5
20880.jpg,1877,1900,23
20885.jpg,1877,1882,5
20890.jpg,1877,1837,-40
20895.jpg,1877,1780,-97
20900.jpg,1877,1895,18
20905.jpg,1877,1880,3
20910.jpg,1877,1890,13
20915.jpg,1877,1912,35
20925.jpg,1878,1880,2
20930.jpg,1878,1940,62
20935.jpg,1878,1910,32
20940.jpg,1878,1880,2
20945.jpg,1878,1910,32
20950.jpg,1878,1880,2
20955.jpg,1878,1895,17
20960.jpg,1878,1890,12
20965.jpg,1878,1968,90
20970.jpg,1878,1870,-8
20975.jpg,1878,1930,52
20980.jpg,1878,1882,4
20985.jpg,1878,1871,-7
20990.jpg,1878,1874,-4
20995.jpg,1878,1880,2
21000.jpg,1878,1890,12
21005.jpg,1878,1905,27
21010.jpg,1878,1890,12
21015.jpg,1878,1880,2
21020.jpg,1878,1840,-38
21025.jpg,1878,1905,27
21030.jpg,1878,1890,12
21035.jpg,1878,1880,2
21040.jpg,1878,1890,12
21045.jpg,1878,1860,-18
21050.jpg,1878,1905,27
21055.jpg,1878,1870,-8
21060.jpg,1878,1825,-53
21065.jpg,1878,1890,12
21070.jpg,1878,1900,22
21075.jpg,1878,1885,7
21080.jpg,1878,1880,2
21085.jpg,1878,1885,7
21090.jpg,1878,1990,112
21095.jpg,1878,1887,9
21100.jpg,1878,1905,27
21105.jpg,1878,1905,27
21110.jpg,1878,1890,12
21115.jpg,1878,1824,-54
21120.jpg,1878,1910,32
21125.jpg,1878,2020,142
21130.jpg,1878,1910,32
21135.jpg,1878,1900,22
21140.jpg,1878,1880,2
21145.jpg,1878,1880,2
21150.jpg,1878,1725,-153
21155.jpg,1878,1910,32
21160.jpg,1879,2005,126
21165.jpg,1879,1910,31
21170.jpg,1879,1910,31
21175.jpg,1879,1910,31
21180.jpg,1879,1920,41
21185.jpg,1879,1905,26
21190.jpg,1879,1880,1
21195.jpg,1879,1896,17
21200.jpg,1879,1876,-3
21205.jpg,1879,1910,31
21210.jpg,1879,1905,26
21215.jpg,1879,1840,-39
21220.jpg,1879,1920,41
21225.jpg,1879,1955,76
21230.jpg,1879,1920,41
21235.jpg,1879,1898,19
21240.jpg,1879,1905,26
21245.jpg,1879,1900,21
21250.jpg,1879,1905,26
21255.jpg,1879,1890,11
21260.jpg,1879,1885,6
21265.jpg,1879,1890,11
21270.jpg,1879,1880,1
21275.jpg,1879,1840,-39
21280.jpg,1879,1908,29
21285.jpg,1879,1890,11
21290.jpg,1879,1885,6
21295.jpg,1879,1870,-9
21300.jpg,1879,1870,-9
21305.jpg,1879,1895,16
21310.jpg,1879,1885,6
21315.jpg,1879,1890,11
21320.jpg,1879,1880,1
21325.jpg,1879,1890,11
21330.jpg,1879,1930,51
21335.jpg,1879,1905,26
21340.jpg,1879,1880,1
21350.jpg,1879,1885,6
21355.jpg,1879,1905,26
21360.jpg,1879,1910,31
21365.jpg,1879,1920,41
21370.jpg,1879,1900,21
21375.jpg,1880,1890,10
21380.jpg,1880,1900,20
21385.jpg,1880,1905,25
21390.jpg,1880,1890,10
21395.jpg,1880,1890,10
21400.jpg,1880,1905,25
21405.jpg,1880,1910,30
21410.jpg,1880,1915,35
21415.jpg,1880,1900,20
21420.jpg,1880,1860,-20
21425.jpg,1880,1880,0
21430.jpg,1880,1865,-15
21435.jpg,1880,1910,30
21440.jpg,1880,1900,20
21445.jpg,1880,1887,7
21450.jpg,1880,1748,-132
21455.jpg,1880,1874,-6
21460.jpg,1880,1905,25
21465.jpg,1880,1850,-30
21470.jpg,1880,1877,-3
21475.jpg,1880,1870,-10
21480.jpg,1880,1920,40
21485.jpg,1880,1960,80
21490.jpg,1880,1970,90
21495.jpg,1880,1871,-9
21500.jpg,1880,1890,10
21505.jpg,1880,1900,20
21510.jpg,1880,1930,50
21515.jpg,1880,1850,-30
21520.jpg,1880,1890,10
21530.jpg,1880,1970,90
21535.jpg,1880,1905,25
21540.jpg,1880,1900,20
21545.jpg,1880,1890,10
21550.jpg,1880,1890,10
21555.jpg,1880,1905,25
21560.jpg,1880,1947,67
21565.jpg,1880,1950,70
21570.jpg,1880,1880,0
21575.jpg,1880,1950,70
21580.jpg,1880,1880,0
21585.jpg,1880,1910,30
21590.jpg,1880,1920,40
21595.jpg,1880,1895,15
21600.jpg,1880,1890,10
21605.jpg,1880,1920,40
21610.jpg,1880,1890,10
21615.jpg,1880,1870,-10
21620.jpg,1880,1890,10
21625.jpg,1880,1890,10
21630.jpg,1880,1895,15
21635.jpg,1880,1850,-30
21640.jpg,1880,1905,25
21645.jpg,1880,1880,0
21650.jpg,1880,1910,30
21655.jpg,1880,1910,30
21660.jpg,1880,1860,-20
21665.jpg,1880,1860,-20
21670.jpg,1880,1850,-30
21675.jpg,1880,1920,40
21680.jpg,1880,1890,10
21685.jpg,1880,1856,-24
21690.jpg,1880,1910,30
21695.jpg,1880,1880,0
21700.jpg,1880,1880,0
21705.jpg,1880,1750,-130
21710.jpg,1881,1910,29
21715.jpg,1881,-1,-1882
21720.jpg,1881,1920,39
21725.jpg,1881,1850,-31
21730.jpg,1881,1890,9
21735.jpg,1881,1910,29
21740.jpg,1881,1875,-6
21745.jpg,1881,1880,-1
21750.jpg,1881,1880,-1
21755.jpg,1881,1915,34
21760.jpg,1881,1836,-45
21770.jpg,1881,1908,27
21775.jpg,1881,1843,-38
21780.jpg,1881,1930,49
21785.jpg,1881,1870,-11
21790.jpg,1881,1890,9
21795.jpg,1881,1910,29
21800.jpg,1881,1880,-1
21805.jpg,1881,1900,19
21810.jpg,1881,1930,49
21815.jpg,1881,1890,9
21820.jpg,1881,1830,-51
21825.jpg,1881,1890,9
21830.jpg,1881,1885,4
21835.jpg,1881,1880,-1
21840.jpg,1881,1885,4
21845.jpg,1881,1950,69
21850.jpg,1881,1850,-31
21855.jpg,1881,1910,29
21860.jpg,1881,1850,-31
21865.jpg,1881,1890,9
21870.jpg,1881,1850,-31
21875.jpg,1881,1890,9
21880.jpg,1881,1895,14
21885.jpg,1881,1867,-14
21890.jpg,1881,1940,59
21895.jpg,1881,1875,-6
21900.jpg,1881,1890,9
21905.jpg,1881,1950,69
21910.jpg,1881,1895,14
21915.jpg,1881,1870,-11
21920.jpg,1881,1890,9
21925.jpg,1881,1960,79
21930.jpg,1881,1840,-41
21940.jpg,1881,1890,9
21945.jpg,1882,1824,-58
21950.jpg,1882,1925,43
21955.jpg,1882,1902,20
21960.jpg,1882,1880,-2
21965.jpg,1882,1910,28
21970.jpg,1882,1925,43
21975.jpg,1882,1880,-2
21980.jpg,1882,1915,33
21985.jpg,1882,1930,48
21990.jpg,1882,1880,-2
21995.jpg,1882,1880,-2
22000.jpg,1882,1905,23
22005.jpg,1882,1878,-4
22010.jpg,1882,1930,48
22015.jpg,1882,1918,36
22020.jpg,1882,1880,-2
22025.jpg,1882,1905,23
22030.jpg,1882,1830,-52
22035.jpg,1882,1910,28
22040.jpg,1882,1890,8
22045.jpg,1882,1870,-12
22050.jpg,1882,1900,18
22055.jpg,1882,1890,8
22060.jpg,1882,1885,3
22065.jpg,1882,1870,-12
22070.jpg,1882,1870,-12
22075.jpg,1882,1880,-2
22080.jpg,1882,1890,8
22085.jpg,1882,1902,20
22090.jpg,1882,1890,8
22095.jpg,1882,1905,23
22100.jpg,1882,1925,43
22105.jpg,1882,1900,18
22110.jpg,1882,1870,-12
22115.jpg,1882,1890,8
22120.jpg,1882,1860,-22
22125.jpg,1882,1905,23
22130.jpg,1882,1890,8
22135.jpg,1882,1850,-32
22140.jpg,1882,1850,-32
22145.jpg,1882,1990,108
22150.jpg,1882,1900,18
22155.jpg,1882,1994,112
22160.jpg,1882,1915,33
22165.jpg,1882,1939,57
22170.jpg,1882,1860,-22
22175.jpg,1882,1905,23
22180.jpg,1882,1980,98
22185.jpg,1882,1880,-2
22190.jpg,1882,1950,68
22195.jpg,1882,1890,8
22200.jpg,1882,1910,28
22205.jpg,1882,1855,-27
22210.jpg,1882,1890,8
22215.jpg,1883,1880,-3
22220.jpg,1883,1925,42
22225.jpg,1883,1900,17
22230.jpg,1883,1890,7
22235.jpg,1883,1905,22
22240.jpg,1883,1820,-63
22245.jpg,1883,1905,22
22250.jpg,1883,1870,-13
22255.jpg,1883,1810,-73
22260.jpg,1883,1905,22
22265.jpg,1883,1885,2
22270.jpg,1883,1950,67
22275.jpg,1883,1895,12
22280.jpg,1883,1670,-213
22285.jpg,1883,2006,123
22290.jpg,1883,1850,-33
22295.jpg,1883,1890,7
22300.jpg,1883,1870,-13
22305.jpg,1883,1936,53
22310.jpg,1883,2020,137
22315.jpg,1883,1900,17
22320.jpg,1883,1900,17
22325.jpg,1883,1880,-3
22330.jpg,1883,1890,7
22335.jpg,1883,1905,22
22340.jpg,1883,1905,22
22345.jpg,1883,1890,7
22350.jpg,1883,1870,-13
22355.jpg,1883,1895,12
22360.jpg,1883,1900,17
22365.jpg,1883,1900,17
22370.jpg,1883,1895,12
22375.jpg,1883,1875,-8
22380.jpg,1883,1890,7
22385.jpg,1883,1940,57
22390.jpg,1883,1930,47
22395.jpg,1883,1950,67
22400.jpg,1883,1890,7
22405.jpg,1883,1900,17
22410.jpg,1883,1890,7
22415.jpg,1883,1850,-33
22420.jpg,1883,1900,17
22425.jpg,1883,1905,22
22430.jpg,1883,1895,12
22435.jpg,1883,1890,7
22440.jpg,1883,1870,-13
22445.jpg,1883,1910,27
22450.jpg,1883,1870,-13
22455.jpg,1883,1890,7
22460.jpg,1883,1951,68
22465.jpg,1883,1890,7
22470.jpg,1883,1850,-33
22475.jpg,1883,1905,22
22485.jpg,1883,1900,17
22490.jpg,1883,1920,37
22495.jpg,1883,1908,25
22500.jpg,1883,1930,47
22505.jpg,1883,1870,-13
22510.jpg,1884,1925,41
22515.jpg,1884,1816,-68
22520.jpg,1884,1905,21
22525.jpg,1884,1925,41
22530.jpg,1884,1870,-14
22535.jpg,1884,1915,31
22540.jpg,1884,1880,-4
22545.jpg,1884,1895,11
22550.jpg,1884,1915,31
22555.jpg,1884,1960,76
22560.jpg,1884,1832,-52
22565.jpg,1884,1900,16
22570.jpg,1884,1941,57
22575.jpg,1884,1905,21
22580.jpg,1884,1900,16
22585.jpg,1884,1880,-4
22590.jpg,1884,1900,16
22595.jpg,1884,1880,-4
22600.jpg,1884,1875,-9
22605.jpg,1884,1890,6
22610.jpg,1884,1905,21
22615.jpg,1884,1905,21
22620.jpg,1884,1905,21
22625.jpg,1884,1870,-14
22630.jpg,1884,1880,-4
22635.jpg,1884,1880,-4
22640.jpg,1884,1890,6
22645.jpg,1884,1875,-9
22650.jpg,1884,1905,21
22655.jpg,1884,1880,-4
22665.jpg,1884,1910,26
22670.jpg,1884,1850,-34
22675.jpg,1884,1905,21
22680.jpg,1884,2005,121
22685.jpg,1884,1875,-9
22690.jpg,1884,1905,21
22695.jpg,1884,1920,36
22700.jpg,1884,1920,36
22705.jpg,1884,1910,26
22710.jpg,1884,1850,-34
22715.jpg,1884,1902,18
22720.jpg,1884,1903,19
22730.jpg,1884,1910,26
22735.jpg,1884,1814,-70
22740.jpg,1884,2005,121
22745.jpg,1884,1890,6
22750.jpg,1884,1909,25
22755.jpg,1884,1837,-47
22760.jpg,1884,1900,16
22765.jpg,1884,1853,-31
22770.jpg,1884,1880,-4
22775.jpg,1884,1890,6
22780.jpg,1885,1908,23
22785.jpg,1885,1900,15
22790.jpg,1885,1890,5
22795.jpg,1885,1880,-5
22800.jpg,1885,1820,-65
22805.jpg,1885,1895,10
22810.jpg,1885,1905,20
22815.jpg,1885,1880,-5
22820.jpg,1885,1880,-5
22825.jpg,1885,1960,75
22830.jpg,1885,1930,45
22835.jpg,1885,1918,33
22840.jpg,1885,1850,-35
22850.jpg,1885,1958,73
22855.jpg,1885,1934,49
22860.jpg,1885,1895,10
22865.jpg,1885,1880,-5
22870.jpg,1885,1905,20
22875.jpg,1885,1905,20
22880.jpg,1885,1880,-5
22885.jpg,1885,1900,15
22890.jpg,1885,1930,45
22895.jpg,1885,1910,25
22900.jpg,1885,1880,-5
22905.jpg,1885,1925,40
22910.jpg,1885,1880,-5
22915.jpg,1885,1890,5
22920.jpg,1885,1907,22
22925.jpg,1885,1905,20
22930.jpg,1885,1920,35
22935.jpg,1885,1870,-15
22940.jpg,1885,1905,20
22945.jpg,1885,1885,0
22950.jpg,1885,1920,35
22955.jpg,1885,1905,20
22960.jpg,1885,1950,65
22965.jpg,1885,1910,25
22970.jpg,1885,1910,25
22975.jpg,1885,1905,20
22980.jpg,1885,1910,25
22985.jpg,1885,1830,-55
22990.jpg,1885,2005,120
22995.jpg,1885,1910,25
23000.jpg,1885,1850,-35
23005.jpg,1885,1930,45
23015.jpg,1885,1890,5
23020.jpg,1885,1910,25
23025.jpg,1885,1870,-15
23030.jpg,1885,1910,25
23035.jpg,1885,1880,-5
23040.jpg,1885,1908,23
23045.jpg,1885,1860,-25
23050.jpg,1885,1950,65
23055.jpg,1885,1925,40
23060.jpg,1885,1890,5
23065.jpg,1885,1905,20
23070.jpg,1885,1905,20
23075.jpg,1885,1960,75
23080.jpg,1885,1890,5
23085.jpg,1886,1830,-56
23090.jpg,1886,1890,4
23095.jpg,1886,1915,29
23100.jpg,1886,1890,4
23105.jpg,1886,1891,5
23110.jpg,1886,1952,66
23115.jpg,1886,-1,-1887
23120.jpg,1886,1840,-46
23125.jpg,1886,2000,114
23130.jpg,1886,1995,109
23135.jpg,1886,1960,74
23140.jpg,1886,1985,99
23145.jpg,1886,1930,44
23150.jpg,1886,1900,14
23155.jpg,1886,1867,-19
23160.jpg,1886,1900,14
23165.jpg,1886,2010,124
23170.jpg,1886,1895,9
23175.jpg,1886,1880,-6
23180.jpg,1886,1890,4
23185.jpg,1886,1930,44
23190.jpg,1886,1906,20
23195.jpg,1886,1905,19
23200.jpg,1886,1870,-16
23205.jpg,1886,1860,-26
23210.jpg,1886,1908,22
23215.jpg,1886,1890,4
23220.jpg,1886,1887,1
23225.jpg,1886,1880,-6
23230.jpg,1886,1905,19
23235.jpg,1886,1880,-6
23240.jpg,1886,1890,4
23245.jpg,1886,1890,4
23250.jpg,1886,1950,64
23255.jpg,1886,1860,-26
23260.jpg,1886,1905,19
23265.jpg,1886,1920,34
23275.jpg,1886,1905,19
23280.jpg,1886,1940,54
23285.jpg,1886,1880,-6
23290.jpg,1886,2005,119
23295.jpg,1886,1910,24
23300.jpg,1886,1905,19
23305.jpg,1886,1840,-46
23310.jpg,1886,1850,-36
23315.jpg,1886,1900,14
23320.jpg,1886,1905,19
23325.jpg,1886,1907,21
23330.jpg,1886,1910,24
23335.jpg,1886,1890,4
23340.jpg,1886,1910,24
23345.jpg,1886,1890,4
23350.jpg,1886,1870,-16
23355.jpg,1886,1920,34
23365.jpg,1886,1655,-231
23370.jpg,1886,1903,17
23375.jpg,1887,1930,43
23380.jpg,1887,1932,45
23385.jpg,1887,1950,63
23390.jpg,1887,1904,17
23395.jpg,1887,1895,8
23400.jpg,1887,1850,-37
23410.jpg,1887,1925,38
23415.jpg,1887,1890,3
23420.jpg,1887,1905,18
23425.jpg,1887,1900,13
23430.jpg,1887,1910,23
23440.jpg,1887,1933,46
23445.jpg,1887,1890,3
23450.jpg,1887,1850,-37
23460.jpg,1887,1870,-17
23465.jpg,1887,1850,-37
23470.jpg,1887,1995,108
23475.jpg,1887,1950,63
23480.jpg,1887,1890,3
23485.jpg,1887,1890,3
23490.jpg,1887,1880,-7
23495.jpg,1887,1890,3
23500.jpg,1887,1940,53
23505.jpg,1887,1905,18
23510.jpg,1887,1910,23
23515.jpg,1887,1895,8
23520.jpg,1887,1875,-12
23525.jpg,1887,1910,23
23535.jpg,1887,1905,18
23540.jpg,1887,1890,3
23545.jpg,1887,1885,-2
23550.jpg,1887,1880,-7
23555.jpg,1887,1925,38
23560.jpg,1887,1925,38
23565.jpg,1887,1880,-7
23570.jpg,1887,1920,33
23575.jpg,1887,1910,23
23580.jpg,1887,1885,-2
23585.jpg,1887,1890,3
23590.jpg,1887,2005,118
23595.jpg,1887,1870,-17
23600.jpg,1887,1905,18
23605.jpg,1887,1910,23
23610.jpg,1887,1910,23
23615.jpg,1887,1900,13
23620.jpg,1887,1905,18
23625.jpg,1887,1900,13
23630.jpg,1887,1900,13
23635.jpg,1887,1880,-7
23640.jpg,1887,1930,43
23645.jpg,1887,1860,-27
23650.jpg,1887,1860,-27
23660.jpg,1887,1905,18
23665.jpg,1887,1905,18
23670.jpg,1887,1900,13
23675.jpg,1887,1925,38
23680.jpg,1887,1930,43
23690.jpg,1887,1905,18
23695.jpg,1887,1925,38
23700.jpg,1888,1860,-28
23705.jpg,1888,1915,27
23710.jpg,1888,1899,11
23715.jpg,1888,1930,42
23720.jpg,1888,1960,72
23725.jpg,1888,1890,2
23730.jpg,1888,1902,14
23735.jpg,1888,1890,2
23740.jpg,1888,1910,22
23745.jpg,1888,1909,21
23750.jpg,1888,1900,12
23755.jpg,1888,1840,-48
23760.jpg,1888,1840,-48
23765.jpg,1888,1850,-38
23770.jpg,1888,1925,37
23775.jpg,1888,1908,20
23790.jpg,1888,1905,17
23795.jpg,1888,1905,17
23800.jpg,1888,1920,32
23805.jpg,1888,1888,0
23810.jpg,1888,1875,-13
23815.jpg,1888,1890,2
23820.jpg,1888,1890,2
23825.jpg,1888,1920,32
23830.jpg,1888,1905,17
23835.jpg,1888,1890,2
23840.jpg,1888,1890,2
23850.jpg,1888,1910,22
23855.jpg,1888,1910,22
23860.jpg,1888,1900,12
23865.jpg,1888,1860,-28
23870.jpg,1888,1850,-38
23875.jpg,1888,1905,17
23880.jpg,1888,1905,17
23885.jpg,1888,1900,12
23890.jpg,1888,1890,2
23895.jpg,1888,1905,17
23900.jpg,1888,1920,32
23905.jpg,1888,1890,2
23910.jpg,1888,1920,32
23915.jpg,1888,1910,22
23920.jpg,1888,1905,17
23925.jpg,1888,1905,17
23930.jpg,1888,1890,2
23935.jpg,1888,1960,72
23940.jpg,1888,1902,14
23945.jpg,1888,1895,7
23950.jpg,1888,1905,17
23955.jpg,1888,1885,-3
23960.jpg,1888,1920,32
23965.jpg,1888,1850,-38
23970.jpg,1888,1930,42
23975.jpg,1888,1890,2
23980.jpg,1888,1905,17
23985.jpg,1888,1925,37
23990.jpg,1888,1913,25
23995.jpg,1888,1931,43
24000.jpg,1888,1900,12
24005.jpg,1888,2010,122
24010.jpg,1888,1872,-16
24015.jpg,1888,1920,32
24020.jpg,1888,1925,37
24025.jpg,1888,1875,-13
24030.jpg,1888,-1,-1889
24035.jpg,1888,1932,44
24040.jpg,1888,2005,117
24050.jpg,1889,1905,16
24055.jpg,1889,1855,-34
24060.jpg,1889,1880,-9
24065.jpg,1889,1900,11
24070.jpg,1889,1860,-29
24075.jpg,1889,1930,41
24080.jpg,1889,1905,16
24085.jpg,1889,1910,21
24090.jpg,1889,1905,16
24095.jpg,1889,1905,16
24105.jpg,1889,1900,11
24110.jpg,1889,1900,11
24115.jpg,1889,1925,36
24120.jpg,1889,1850,-39
24125.jpg,1889,1895,6
24130.jpg,1889,1880,-9
24135.jpg,1889,1875,-14
24140.jpg,1889,1920,31
24145.jpg,1889,1912,23
24150.jpg,1889,1923,34
24155.jpg,1889,1893,4
24160.jpg,1889,1910,21
24165.jpg,1889,1906,17
24170.jpg,1889,1905,16
24175.jpg,1889,1880,-9
24180.jpg,1889,1880,-9
24185.jpg,1889,1905,16
24190.jpg,1889,1860,-29
24195.jpg,1889,-1,-1890
24200.jpg,1889,1930,41
24205.jpg,1889,1905,16
24210.jpg,1889,1890,1
24215.jpg,1889,1880,-9
24220.jpg,1889,1890,1
24225.jpg,1889,1850,-39
24230.jpg,1889,1888,-1
24235.jpg,1889,1910,21
24240.jpg,1889,1890,1
24245.jpg,1889,1900,11
24250.jpg,1889,1900,11
24255.jpg,1889,1888,-1
24260.jpg,1889,1905,16
24265.jpg,1889,1905,16
24270.jpg,1889,1892,3
24275.jpg,1889,1890,1
24280.jpg,1889,1905,16
24285.jpg,1889,1920,31
24290.jpg,1889,1910,21
24295.jpg,1889,1890,1
24300.jpg,1889,1910,21
24310.jpg,1889,1890,1
24315.jpg,1889,1870,-19
24320.jpg,1889,1850,-39
24330.jpg,1889,1790,-99
24335.jpg,1889,1940,51
24340.jpg,1889,1930,41
24345.jpg,1889,1905,16
24350.jpg,1889,1903,14
24355.jpg,1889,1905,16
24360.jpg,1889,2010,121
24365.jpg,1889,1900,11
24370.jpg,1889,1859,-30
24375.jpg,1889,1910,21
24380.jpg,1889,1910,21
24385.jpg,1889,1895,6
24390.jpg,1889,1890,1
24395.jpg,1890,1820,-70
24400.jpg,1890,1905,15
24405.jpg,1890,1930,40
24410.jpg,1890,1906,16
24415.jpg,1890,1905,15
24420.jpg,1890,1850,-40
24425.jpg,1890,1905,15
24430.jpg,1890,1920,30
24435.jpg,1890,1905,15
24440.jpg,1890,1910,20
24445.jpg,1890,1943,53
24450.jpg,1890,1890,0
24455.jpg,1890,1890,0
24460.jpg,1890,1905,15
24465.jpg,1890,1905,15
24470.jpg,1890,1910,20
24475.jpg,1890,1910,20
24480.jpg,1890,1910,20
24485.jpg,1890,1948,58
24490.jpg,1890,1905,15
24495.jpg,1890,1850,-40
24500.jpg,1890,1930,40
24505.jpg,1890,1905,15
24510.jpg,1890,1930,40
24515.jpg,1890,1905,15
24520.jpg,1890,1890,0
24525.jpg,1890,1965,75
24535.jpg,1890,1905,15
24540.jpg,1890,1905,15
24545.jpg,1890,1950,60
24550.jpg,1890,1894,4
24555.jpg,1890,1930,40
24560.jpg,1890,1905,15
24565.jpg,1890,1890,0
24570.jpg,1890,1875,-15
24575.jpg,1890,1850,-40
24580.jpg,1890,1890,0
24585.jpg,1890,1905,15
24590.jpg,1890,1885,-5
24595.jpg,1890,1900,10
24600.jpg,1890,1880,-10
24605.jpg,1890,1885,-5
24610.jpg,1890,1920,30
24615.jpg,1890,1905,15
24620.jpg,1890,2000,110
24625.jpg,1890,1885,-5
24630.jpg,1890,1890,0
24635.jpg,1890,1885,-5
24640.jpg,1890,1850,-40
24645.jpg,1890,1905,15
24650.jpg,1890,1900,10
24655.jpg,1890,1890,0
24660.jpg,1890,1893,3
24665.jpg,1890,1885,-5
24670.jpg,1890,1915,25
24675.jpg,1890,1905,15
24680.jpg,1890,1890,0
24685.jpg,1890,1906,16
24690.jpg,1890,1905,15
24695.jpg,1890,1895,5
24700.jpg,1890,1900,10
24705.jpg,1890,1950,60
24710.jpg,1890,1920,30
24715.jpg,1890,1880,-10
24720.jpg,1890,1910,20
24725.jpg,1890,1870,-20
24730.jpg,1890,1900,10
24735.jpg,1890,1920,30
24740.jpg,1890,1925,35
24745.jpg,1890,1930,40
24750.jpg,1890,1935,45
24755.jpg,1890,1870,-20
24760.jpg,1890,1905,15
24765.jpg,1890,1890,0
24770.jpg,1890,1870,-20
24775.jpg,1891,1830,-61
24780.jpg,1891,1900,9
24785.jpg,1891,1906,15
24790.jpg,1891,1875,-16
24795.jpg,1891,1905,14
24800.jpg,1891,1915,24
24805.jpg,1891,1920,29
24810.jpg,1891,1902,11
24815.jpg,1891,1900,9
24820.jpg,1891,1905,14
24825.jpg,1891,1900,9
24830.jpg,1891,1909,18
24835.jpg,1891,1905,14
24840.jpg,1891,1905,14
24845.jpg,1891,1905,14
24850.jpg,1891,1960,69
24855.jpg,1891,1964,73
24860.jpg,1891,1883,-8
24865.jpg,1891,1850,-41
24870.jpg,1891,2000,109
24875.jpg,1891,1900,9
24880.jpg,1891,1925,34
24885.jpg,1891,1890,-1
24890.jpg,1891,1902,11
24895.jpg,1891,1902,11
24900.jpg,1891,1905,14
24905.jpg,1891,1930,39
24910.jpg,1891,1920,29
24915.jpg,1891,1895,4
24920.jpg,1891,1945,54
24925.jpg,1891,1890,-1
24930.jpg,1891,1920,29
24935.jpg,1891,1875,-16
24940.jpg,1891,1890,-1
24945.jpg,1891,1880,-11
24950.jpg,1891,1860,-31
24955.jpg,1891,1905,14
24960.jpg,1891,1885,-6
24965.jpg,1891,1950,59
24970.jpg,1891,1895,4
24975.jpg,1891,1890,-1
24980.jpg,1891,1900,9
24985.jpg,1891,1880,-11
24990.jpg,1891,1905,14
24995.jpg,1891,1890,-1
25000.jpg,1891,1905,14
25005.jpg,1891,1905,14
25010.jpg,1891,1870,-21
25015.jpg,1891,1915,24
25020.jpg,1891,1853,-38
25025.jpg,1891,1905,14
25030.jpg,1891,1910,19
25035.jpg,1891,1225,-666
25040.jpg,1891,1906,15
25045.jpg,1891,1910,19
25050.jpg,1891,1910,19
25055.jpg,1891,1900,9
25060.jpg,1891,1890,-1
25065.jpg,1891,1905,14
25070.jpg,1891,1910,19
25075.jpg,1891,1900,9
25080.jpg,1891,1910,19
25085.jpg,1891,1900,9
25090.jpg,1891,1920,29
25095.jpg,1892,1916,24
25100.jpg,1892,2010,118
25105.jpg,1892,2015,123
25115.jpg,1892,1880,-12
25120.jpg,1892,1880,-12
25125.jpg,1892,1885,-7
25130.jpg,1892,1900,8
25135.jpg,1892,2019,127
25140.jpg,1892,1910,18
25145.jpg,1892,1890,-2
25150.jpg,1892,1963,71
25155.jpg,1892,1908,16
25160.jpg,1892,1940,48
25165.jpg,1892,1910,18
25170.jpg,1892,1910,18
25175.jpg,1892,1908,16
25180.jpg,1892,2005,113
25185.jpg,1892,1910,18
25190.jpg,1892,1750,-142
25195.jpg,1892,1865,-27
25205.jpg,1892,1870,-22
25210.jpg,1892,1910,18
25215.jpg,1892,1910,18
25220.jpg,1892,1895,3
25225.jpg,1892,1820,-72
25230.jpg,1892,1880,-12
25235.jpg,1892,1900,8
25240.jpg,1892,1885,-7
25245.jpg,1892,1905,13
25250.jpg,1892,1860,-32
25255.jpg,1892,1925,33
25260.jpg,1892,1895,3
25265.jpg,1892,1885,-7
25270.jpg,1892,1900,8
25275.jpg,1892,1920,28
25280.jpg,1892,1906,14
25285.jpg,1892,1910,18
25290.jpg,1892,1890,-2
25295.jpg,1892,1910,18
25300.jpg,1892,1910,18
25305.jpg,1892,1955,63
25310.jpg,1892,1890,-2
25315.jpg,1892,1885,-7
25320.jpg,1892,1905,13
25325.jpg,1892,1773,-119
25330.jpg,1892,1910,18
25335.jpg,1892,1885,-7
25340.jpg,1892,1910,18
25345.jpg,1892,1928,36
25350.jpg,1892,1900,8
25355.jpg,1892,1910,18
25360.jpg,1892,1900,8
25365.jpg,1892,1890,-2
25370.jpg,1892,1880,-12
25375.jpg,1892,1880,-12
25380.jpg,1892,1905,13
25385.jpg,1892,1880,-12
25390.jpg,1892,1880,-12
25395.jpg,1892,1920,28
25400.jpg,1892,1963,71
25405.jpg,1892,1909,17
25410.jpg,1892,1910,18
25415.jpg,1892,1855,-37
25420.jpg,1892,1870,-22
25425.jpg,1892,1900,8
25430.jpg,1892,1895,3
25435.jpg,1892,1890,-2
25440.jpg,1892,1940,48
25445.jpg,1892,1905,13
25450.jpg,1892,1890,-2
25455.jpg,1892,1885,-7
25460.jpg,1892,1920,28
25465.jpg,1893,1818,-75
25470.jpg,1893,1875,-18
25475.jpg,1893,1900,7
25480.jpg,1893,1930,37
25490.jpg,1893,1950,57
25495.jpg,1893,1880,-13
25500.jpg,1893,1890,-3
25505.jpg,1893,1905,12
25510.jpg,1893,1925,32
25515.jpg,1893,1876,-17
25520.jpg,1893,1905,12
25525.jpg,1893,1905,12
25530.jpg,1893,1880,-13
25535.jpg,1893,1925,32
25540.jpg,1893,1900,7
25545.jpg,1893,-1,-1894
25555.jpg,1893,1855,-38
25560.jpg,1893,1905,12
25565.jpg,1893,1850,-43
25570.jpg,1893,1930,37
25575.jpg,1893,1885,-8
25580.jpg,1893,1960,67
25585.jpg,1893,1910,17
25590.jpg,1893,1920,27
25595.jpg,1893,1860,-33
25600.jpg,1893,1885,-8
25605.jpg,1893,1910,17
25610.jpg,1893,1905,12
25615.jpg,1893,1905,12
25620.jpg,1893,1890,-3
25625.jpg,1893,1880,-13
25630.jpg,1893,1900,7
25635.jpg,1893,1905,12
25640.jpg,1893,1920,27
25645.jpg,1893,1900,7
25650.jpg,1893,1950,57
25655.jpg,1893,1900,7
25660.jpg,1893,1892,-1
25665.jpg,1893,1880,-13
25670.jpg,1893,1880,-13
25675.jpg,1893,1885,-8
25680.jpg,1893,1890,-3
25685.jpg,1893,1910,17
25690.jpg,1893,1905,12
25695.jpg,1893,1880,-13
25700.jpg,1893,1925,32
25705.jpg,1893,1925,32
25710.jpg,1893,1945,52
25715.jpg,1893,1905,12
25720.jpg,1893,1910,17
25725.jpg,1893,1930,37
25730.jpg,1893,1905,12
25740.jpg,1893,1905,12
25745.jpg,1893,1905,12
25750.jpg,1893,1905,12
25755.jpg,1893,1882,-11
25760.jpg,1893,1895,2
25765.jpg,1893,1925,32
25770.jpg,1893,1890,-3
25775.jpg,1893,1895,2
25780.jpg,1893,1900,7
25785.jpg,1893,1925,32
25795.jpg,1893,1910,17
25800.jpg,1893,1900,7
25805.jpg,1894,1827,-67
25810.jpg,1894,1830,-64
25815.jpg,1894,1895,1
25820.jpg,1894,1915,21
25825.jpg,1894,1900,6
25830.jpg,1894,1905,11
25835.jpg,1894,1905,11
25840.jpg,1894,1900,6
25845.jpg,1894,1905,11
25850.jpg,1894,1905,11
25855.jpg,1894,1920,26
25860.jpg,1894,1890,-4
25865.jpg,1894,1880,-14
25870.jpg,1894,1850,-44
25875.jpg,1894,1880,-14
25880.jpg,1894,1906,12
25885.jpg,1894,1875,-19
25890.jpg,1894,1905,11
25895.jpg,1894,1920,26
25900.jpg,1894,1890,-4
25905.jpg,1894,1880,-14
25910.jpg,1894,1924,30
25915.jpg,1894,1920,26
25920.jpg,1894,1890,-4
25925.jpg,1894,1905,11
25930.jpg,1894,1900,6
25935.jpg,1894,1905,11
25940.jpg,1894,1887,-7
25945.jpg,1894,1890,-4
25950.jpg,1894,1890,-4
25955.jpg,1894,1905,11
25960.jpg,1894,1905,11
25965.jpg,1894,1895,1
25970.jpg,1894,1900,6
25975.jpg,1894,1905,11
25980.jpg,1894,1905,11
25985.jpg,1894,1918,24
25990.jpg,1894,1915,21
25995.jpg,1894,1900,6
26000.jpg,1894,1908,14
26005.jpg,1894,1900,6
26010.jpg,1894,1890,-4
26015.jpg,1894,1905,11
26020.jpg,1894,1970,76
26025.jpg,1894,1910,16
26030.jpg,1894,1905,11
26035.jpg,1894,1905,11
26040.jpg,1894,1955,61
26045.jpg,1894,1860,-34
26050.jpg,1894,1860,-34
26055.jpg,1894,1905,11
26060.jpg,1894,1890,-4
26065.jpg,1894,1870,-24
26070.jpg,1894,1910,16
26075.jpg,1894,1900,6
26085.jpg,1894,1900,6
26090.jpg,1894,1910,16
26095.jpg,1894,1550,-344
26100.jpg,1894,1905,11
26105.jpg,1894,1857,-37
26110.jpg,1894,1895,1
26115.jpg,1894,1870,-24
26120.jpg,1894,1900,6
26125.jpg,1895,1905,10
26130.jpg,1895,2005,110
26135.jpg,1895,1905,10
26140.jpg,1895,1910,15
26145.jpg,1895,1915,20
26150.jpg,1895,1900,5
26155.jpg,1895,1875,-20
26160.jpg,1895,1910,15
26165.jpg,1895,1930,35
26170.jpg,1895,1905,10
26175.jpg,1895,1910,15
26180.jpg,1895,2000,105
26185.jpg,1895,1900,5
26190.jpg,1895,1880,-15
26195.jpg,1895,1868,-27
26200.jpg,1895,1935,40
26205.jpg,1895,1800,-95
26210.jpg,1895,1852,-43
26215.jpg,1895,1960,65
26220.jpg,1895,1905,10
26225.jpg,1895,1905,10
26230.jpg,1895,1905,10
26235.jpg,1895,1955,60
26240.jpg,1895,1970,75
26245.jpg,1895,1780,-115
26250.jpg,1895,1907,12
26255.jpg,1895,1900,5
26260.jpg,1895,1910,15
26265.jpg,1895,1880,-15
26270.jpg,1895,1870,-25
26275.jpg,1895,1887,-8
26280.jpg,1895,1905,10
26285.jpg,1895,1890,-5
26290.jpg,1895,1900,5
26295.jpg,1895,1910,15
26300.jpg,1895,1880,-15
26305.jpg,1895,1905,10
26310.jpg,1895,1900,5
26315.jpg,1895,1885,-10
26320.jpg,1895,1895,0
26325.jpg,1895,1910,15
26330.jpg,1895,1905,10
26335.jpg,1895,1910,15
26340.jpg,1895,1940,45
26345.jpg,1895,1850,-45
26350.jpg,1895,1885,-10
26355.jpg,1895,1910,15
26360.jpg,1895,1905,10
26365.jpg,1895,1890,-5
26370.jpg,1895,1910,15
26375.jpg,1895,1910,15
26380.jpg,1895,1900,5
26385.jpg,1895,1850,-45
26390.jpg,1895,1905,10
26395.jpg,1895,1905,10
26405.jpg,1895,1900,5
26410.jpg,1895,1910,15
26415.jpg,1895,1905,10
26420.jpg,1895,1905,10
26425.jpg,1895,1905,10
26430.jpg,1895,1894,-1
26435.jpg,1895,1905,10
26440.jpg,1895,1900,5
26445.jpg,1895,1910,15
26450.jpg,1895,1905,10
26455.jpg,1895,1885,-10
26460.jpg,1895,1908,13
26465.jpg,1895,1909,14
26470.jpg,1895,1895,0
26475.jpg,1895,1900,5
26480.jpg,1895,1905,10
26485.jpg,1895,1890,-5
26490.jpg,1896,1890,-6
26495.jpg,1896,1905,9
26500.jpg,1896,1860,-36
26505.jpg,1896,1890,-6
26510.jpg,1896,1925,29
26515.jpg,1896,1920,24
26520.jpg,1896,1910,14
26525.jpg,1896,1896,0
26530.jpg,1896,1930,34
26535.jpg,1896,1900,4
26540.jpg,1896,1890,-6
26545.jpg,1896,1890,-6
26550.jpg,1896,1930,34
26555.jpg,1896,1918,22
26560.jpg,1896,1870,-26
26565.jpg,1896,1952,56
26570.jpg,1896,1905,9
26575.jpg,1896,1934,38
26580.jpg,1896,1905,9
26585.jpg,1896,1905,9
26590.jpg,1896,1890,-6
26595.jpg,1896,1930,34
26600.jpg,1896,1890,-6
26605.jpg,1896,1895,-1
26610.jpg,1896,1900,4
26620.jpg,1896,1895,-1
26625.jpg,1896,1920,24
26630.jpg,1896,1905,9
26635.jpg,1896,1905,9
26640.jpg,1896,1900,4
26645.jpg,1896,1905,9
26650.jpg,1896,1898,2
26655.jpg,1896,1910,14
26665.jpg,1896,1885,-11
26670.jpg,1896,1920,24
26675.jpg,1896,1880,-16
26680.jpg,1896,1890,-6
26685.jpg,1896,1890,-6
26690.jpg,1896,1925,29
26695.jpg,1896,1925,29
26700.jpg,1896,1885,-11
26705.jpg,1896,1900,4
26710.jpg,1896,1905,9
26715.jpg,1896,1900,4
26720.jpg,1896,1930,34
26725.jpg,1896,1900,4
26730.jpg,1896,1905,9
26735.jpg,1896,1885,-11
26740.jpg,1896,1750,-146
26745.jpg,1896,1820,-76
26750.jpg,1896,1889,-7
26760.jpg,1896,1880,-16
26765.jpg,1896,1905,9
26770.jpg,1896,1910,14
26775.jpg,1896,1910,14
26780.jpg,1896,1910,14
26785.jpg,1896,1900,4
26790.jpg,1896,1870,-26
26795.jpg,1896,1905,9
26800.jpg,1896,1970,74
26805.jpg,1896,1870,-26
26810.jpg,1896,1870,-26
26815.jpg,1896,1888,-8
26820.jpg,1896,1900,4
26825.jpg,1896,1925,29
26830.jpg,1896,1881,-15
26835.jpg,1896,1910,14
26840.jpg,1896,1970,74
26845.jpg,1897,1930,33
26850.jpg,1897,1905,8
26855.jpg,1897,1895,-2
26860.jpg,1897,1890,-7
26865.jpg,1897,1930,33
26870.jpg,1897,1890,-7
26875.jpg,1897,1880,-17
26880.jpg,1897,1906,9
26885.jpg,1897,1910,13
26890.jpg,1897,1890,-7
26895.jpg,1897,1910,13
26900.jpg,1897,1905,8
26910.jpg,1897,1870,-27
26915.jpg,1897,1890,-7
26920.jpg,1897,1910,13
26925.jpg,1897,2015,118
26930.jpg,1897,1858,-39
26935.jpg,1897,1900,3
26940.jpg,1897,1940,43
26945.jpg,1897,1930,33
26950.jpg,1897,1890,-7
26955.jpg,1897,1905,8
26960.jpg,1897,1905,8
26965.jpg,1897,1910,13
26970.jpg,1897,1830,-67
26975.jpg,1897,1925,28
26980.jpg,1897,1925,28
26985.jpg,1897,1890,-7
26990.jpg,1897,1890,-7
26995.jpg,1897,-1,-1898
27000.jpg,1897,1905,8
27005.jpg,1897,1905,8
27010.jpg,1897,1890,-7
27015.jpg,1897,1880,-17
27020.jpg,1897,1895,-2
27025.jpg,1897,1930,33
27030.jpg,1897,1890,-7
27035.jpg,1897,1900,3
27040.jpg,1897,1910,13
27045.jpg,1897,1905,8
27050.jpg,1897,1920,23
27055.jpg,1897,1905,8
27060.jpg,1897,1910,13
27065.jpg,1897,1890,-7
27070.jpg,1897,1950,53
27075.jpg,1897,1910,13
27080.jpg,1897,1862,-35
27085.jpg,1897,1912,15
27090.jpg,1897,1920,23
27095.jpg,1897,1900,3
27100.jpg,1897,1910,13
27105.jpg,1897,1915,18
27110.jpg,1897,1350,-547
27115.jpg,1897,1905,8
27120.jpg,1897,1896,-1
27125.jpg,1897,1886,-11
27130.jpg,1897,2010,113
27135.jpg,1897,1905,8
27140.jpg,1897,1890,-7
27145.jpg,1897,1880,-17
27150.jpg,1897,1780,-117
27155.jpg,1898,1920,22
27160.jpg,1898,1905,7
27165.jpg,1898,1890,-8
27170.jpg,1898,1840,-58
27175.jpg,1898,1910,12
27180.jpg,1898,1898,0
27185.jpg,1898,1915,17
27190.jpg,1898,1905,7
27195.jpg,1898,1934,36
27200.jpg,1898,2015,117
27205.jpg,1898,1922,24
27210.jpg,1898,1906,8
27215.jpg,1898,1956,58
27220.jpg,1898,1925,27
27225.jpg,1898,1905,7
27230.jpg,1898,1920,22
27235.jpg,1898,1910,12
27240.jpg,1898,1850,-48
27245.jpg,1898,1920,22
27255.jpg,1898,1840,-58
27260.jpg,1898,1895,-3
27265.jpg,1898,1890,-8
27270.jpg,1898,1905,7
27275.jpg,1898,1900,2
27280.jpg,1898,1840,-58
27285.jpg,1898,1900,2
27290.jpg,1898,1920,22
27295.jpg,1898,1900,2
27300.jpg,1898,1860,-38
27305.jpg,1898,1950,52
27310.jpg,1898,1920,22
27315.jpg,1898,1900,2
27320.jpg,1898,1905,7
27325.jpg,1898,1870,-28
27330.jpg,1898,1890,-8
27335.jpg,1898,1900,2
27340.jpg,1898,1910,12
27345.jpg,1898,1910,12
27350.jpg,1898,1902,4
27355.jpg,1898,1920,22
27360.jpg,1898,1870,-28
27365.jpg,1898,1890,-8
27370.jpg,1898,1890,-8
27380.jpg,1898,1890,-8
27385.jpg,1898,1920,22
27390.jpg,1898,1930,32
27395.jpg,1898,1910,12
27400.jpg,1898,1910,12
27405.jpg,1898,1910,12
27410.jpg,1898,1905,7
27415.jpg,1898,1860,-38
27420.jpg,1898,1925,27
27425.jpg,1898,1880,-18
27430.jpg,1898,1902,4
27435.jpg,1898,1860,-38
27440.jpg,1898,1905,7
27445.jpg,1898,1924,26
27450.jpg,1898,1920,22
27455.jpg,1898,1968,70
27465.jpg,1898,1905,7
27470.jpg,1898,1905,7
27475.jpg,1898,1902,4
27480.jpg,1898,1910,12
27485.jpg,1898,1905,7
27490.jpg,1898,1902,4
27495.jpg,1898,1905,7
27500.jpg,1898,2010,112
27505.jpg,1898,1905,7
27510.jpg,1898,1910,12
27515.jpg,1898,1880,-18
27520.jpg,1898,1910,12
27525.jpg,1898,1905,7
27530.jpg,1898,1870,-28
27540.jpg,1899,1904,5
27545.jpg,1899,1930,31
27550.jpg,1899,1930,31
27555.jpg,1899,-1,-1900
27560.jpg,1899,1880,-19
27565.jpg,1899,1905,6
27570.jpg,1899,1800,-99
27575.jpg,1899,1820,-79
27580.jpg,1899,1905,6
27585.jpg,1899,1905,6
27590.jpg,1899,1880,-19
27595.jpg,1899,1895,-4
27600.jpg,1899,1905,6
27605.jpg,1899,1900,1
27610.jpg,1899,2015,116
27615.jpg,1899,1850,-49
27620.jpg,1899,1905,6
27625.jpg,1899,1906,7
27630.jpg,1899,-1,-1900
27635.jpg,1899,1900,1
27640.jpg,1899,1920,21
27645.jpg,1899,1900,1
27650.jpg,1899,1880,-19
27655.jpg,1899,1895,-4
27660.jpg,1899,1855,-44
27665.jpg,1899,1885,-14
27670.jpg,1899,1910,11
27675.jpg,1899,1890,-9
27680.jpg,1899,1250,-649
27685.jpg,1899,1905,6
27690.jpg,1899,1925,26
27695.jpg,1899,1905,6
27700.jpg,1899,1880,-19
27705.jpg,1899,1875,-24
27715.jpg,1899,1910,11
27720.jpg,1899,1905,6
27725.jpg,1899,1890,-9
27730.jpg,1899,1910,11
27735.jpg,1899,1920,21
27740.jpg,1899,1899,0
27745.jpg,1899,1910,11
27750.jpg,1899,1904,5
27755.jpg,1899,1910,11
27760.jpg,1899,1880,-19
27765.jpg,1899,1910,11
27770.jpg,1899,1850,-49
27775.jpg,1899,1900,1
27780.jpg,1899,1950,51
27785.jpg,1899,1905,6
27790.jpg,1899,1890,-9
27795.jpg,1899,1958,59
27800.jpg,1899,1850,-49
27805.jpg,1899,1905,6
27810.jpg,1900,1800,-100
27815.jpg,1900,1905,5
27820.jpg,1900,1910,10
27825.jpg,1900,1869,-31
27830.jpg,1900,1890,-10
27835.jpg,1900,2010,110
27840.jpg,1900,1930,30
27845.jpg,1900,1890,-10
27850.jpg,1900,1900,0
27855.jpg,1900,1840,-60
27860.jpg,1900,1910,10
27865.jpg,1900,1900,0
27870.jpg,1900,1905,5
27875.jpg,1900,1905,5
27880.jpg,1900,1915,15
27885.jpg,1900,1890,-10
27895.jpg,1900,1910,10
27900.jpg,1900,1905,5
27905.jpg,1900,1910,10
27910.jpg,1900,1820,-80
27915.jpg,1900,1870,-30
27920.jpg,1900,1912,12
27925.jpg,1900,1910,10
27930.jpg,1900,1980,80
27935.jpg,1900,1980,80
27940.jpg,1900,1940,40
27945.jpg,1900,1938,38
27950.jpg,1900,1900,0
27955.jpg,1900,1905,5
27960.jpg,1900,1850,-50
27965.jpg,1900,1970,70
27970.jpg,1900,1890,-10
27975.jpg,1900,1885,-15
27980.jpg,1900,1895,-5
27985.jpg,1900,1925,25
27990.jpg,1900,1860,-40
27995.jpg,1900,1870,-30
28000.jpg,1900,1850,-50
28005.jpg,1900,1910,10
28010.jpg,1900,1890,-10
28015.jpg,1900,1835,-65
28020.jpg,1900,1924,24
28025.jpg,1900,1890,-10
28030.jpg,1900,1890,-10
28035.jpg,1900,1900,0
28040.jpg,1900,1890,-10
28045.jpg,1900,1906,6
28050.jpg,1900,1890,-10
28055.jpg,1900,1890,-10
28060.jpg,1900,1870,-30
28065.jpg,1900,1885,-15
28070.jpg,1900,1885,-15
28075.jpg,1900,1890,-10
28080.jpg,1900,1920,20
28085.jpg,1900,1820,-80
28090.jpg,1900,1910,10
28095.jpg,1900,1785,-115
28100.jpg,1900,1905,5
28105.jpg,1900,2000,100
28110.jpg,1900,1920,20
28115.jpg,1900,1900,0
28120.jpg,1900,1910,10
28125.jpg,1900,1889,-11
28130.jpg,1900,1890,-10
28135.jpg,1900,1900,0
28140.jpg,1900,1880,-20
28145.jpg,1900,1120,-780
28150.jpg,1900,1950,50
28155.jpg,1900,1850,-50
28160.jpg,1900,1930,30
28165.jpg,1900,1960,60
28170.jpg,1900,1892,-8
28175.jpg,1900,1900,0
28180.jpg,1901,1848,-53
28185.jpg,1901,1905,4
28190.jpg,1901,1880,-21
28195.jpg,1901,1910,9
28200.jpg,1901,1935,34
28205.jpg,1901,1880,-21
28210.jpg,1901,1905,4
28215.jpg,1901,1900,-1
28220.jpg,1901,1880,-21
28225.jpg,1901,1910,9
28230.jpg,1901,1905,4
28235.jpg,1901,1910,9
28240.jpg,1901,1905,4
28245.jpg,1901,1912,11
28250.jpg,1901,1905,4
28255.jpg,1901,1895,-6
28260.jpg,1901,1905,4
28265.jpg,1901,1912,11
28270.jpg,1901,1910,9
28275.jpg,1901,1910,9
28280.jpg,1901,1905,4
28285.jpg,1901,1850,-51
28290.jpg,1901,1880,-21
28295.jpg,1901,1940,39
28300.jpg,1901,1830,-71
28305.jpg,1901,1970,69
28310.jpg,1901,1880,-21
28315.jpg,1901,1890,-11
28320.jpg,1901,1870,-31
28325.jpg,1901,1910,9
28330.jpg,1901,1890,-11
28335.jpg,1901,1905,4
28340.jpg,1901,1880,-21
28345.jpg,1901,1900,-1
28350.jpg,1901,1940,39
28355.jpg,1901,1905,4
28360.jpg,1901,1985,84
28365.jpg,1901,1880,-21
28370.jpg,1901,1840,-61
28375.jpg,1901,1905,4
28380.jpg,1901,1895,-6
28385.jpg,1901,1910,9
28390.jpg,1901,1910,9
28395.jpg,1901,1900,-1
28400.jpg,1901,1875,-26
28405.jpg,1901,1930,29
28410.jpg,1901,1910,9
28415.jpg,1901,1895,-6
28420.jpg,1901,1880,-21
28425.jpg,1901,1950,49
28430.jpg,1901,1920,19
28435.jpg,1901,1880,-21
28440.jpg,1901,1900,-1
28445.jpg,1901,1925,24
28450.jpg,1901,1850,-51
28455.jpg,1901,1895,-6
28460.jpg,1901,1910,9
28465.jpg,1901,1920,19
28470.jpg,1901,1910,9
28475.jpg,1901,1915,14
28480.jpg,1901,1930,29
28485.jpg,1901,1880,-21
28490.jpg,1901,1930,29
28495.jpg,1901,1860,-41
28500.jpg,1901,1925,24
28505.jpg,1901,1910,9
28510.jpg,1901,1913,12
28515.jpg,1901,1850,-51
28520.jpg,1902,1907,5
28525.jpg,1902,1925,23
28530.jpg,1902,1900,-2
28535.jpg,1902,1905,3
28540.jpg,1902,1930,28
28545.jpg,1902,1960,58
28550.jpg,1902,1930,28
28555.jpg,1902,1890,-12
28560.jpg,1902,1920,18
28575.jpg,1902,1910,8
28580.jpg,1902,1910,8
28585.jpg,1902,1880,-22
28590.jpg,1902,1895,-7
28595.jpg,1902,1905,3
28600.jpg,1902,1910,8
28605.jpg,1902,1970,68
28610.jpg,1902,1900,-2
28615.jpg,1902,1910,8
28620.jpg,1902,1890,-12
28625.jpg,1902,1902,0
28630.jpg,1902,1910,8
28635.jpg,1902,1920,18
28640.jpg,1902,1905,3
28645.jpg,1902,1880,-22
28650.jpg,1902,1830,-72
28655.jpg,1902,1850,-52
28660.jpg,1902,1905,3
28665.jpg,1902,1940,38
28670.jpg,1902,1927,25
28675.jpg,1902,1932,30
28680.jpg,1902,1300,-602
28685.jpg,1902,1890,-12
28690.jpg,1902,1905,3
28695.jpg,1902,1905,3
28700.jpg,1902,1960,58
28705.jpg,1902,1895,-7
28710.jpg,1902,1885,-17
28715.jpg,1902,1905,3
28720.jpg,1902,1840,-62
28725.jpg,1902,1910,8
28730.jpg,1902,1920,18
28735.jpg,1902,1905,3
28740.jpg,1902,1900,-2
28745.jpg,1902,1935,33
28750.jpg,1902,1880,-22
28755.jpg,1902,1890,-12
28760.jpg,1902,1910,8
28765.jpg,1902,1890,-12
28770.jpg,1902,1900,-2
28775.jpg,1902,1905,3
28780.jpg,1902,1905,3
28785.jpg,1902,1950,48
28790.jpg,1902,1890,-12
28795.jpg,1902,1905,3
28800.jpg,1902,1890,-12
28805.jpg,1902,1940,38
28810.jpg,1902,1880,-22
28815.jpg,1902,1910,8
28820.jpg,1902,1910,8
28825.jpg,1902,1905,3
28830.jpg,1902,1880,-22
28835.jpg,1902,1905,3
28840.jpg,1902,1870,-32
28845.jpg,1902,1915,13
28850.jpg,1902,1915,13
28855.jpg,1902,1870,-32
28860.jpg,1902,1900,-2
28865.jpg,1902,1880,-22
28870.jpg,1902,1920,18
28875.jpg,1902,1935,33
28880.jpg,1902,1920,18
28885.jpg,1902,1801,-101
28890.jpg,1902,1890,-12
28895.jpg,1902,1900,-2
28900.jpg,1902,1930,28
28905.jpg,1902,1910,8
28910.jpg,1902,1936,34
28915.jpg,1902,1905,3
28920.jpg,1903,1936,33
28925.jpg,1903,1905,2
28930.jpg,1903,1905,2
28935.jpg,1903,1926,23
28940.jpg,1903,1912,9
28945.jpg,1903,1900,-3
28955.jpg,1903,1930,27
28960.jpg,1903,1915,12
28965.jpg,1903,1890,-13
28970.jpg,1903,1900,-3
28975.jpg,1903,1890,-13
28980.jpg,1903,1910,7
28985.jpg,1903,1910,7
28990.jpg,1903,1914,11
28995.jpg,1903,1963,60
29000.jpg,1903,1926,23
29005.jpg,1903,1907,4
29010.jpg,1903,1921,18
29015.jpg,1903,1910,7
29020.jpg,1903,1905,2
29025.jpg,1903,1920,17
29030.jpg,1903,1925,22
29035.jpg,1903,1890,-13
29040.jpg,1903,1925,22
29045.jpg,1903,1915,12
29050.jpg,1903,2015,112
29055.jpg,1903,1920,17
29060.jpg,1903,1890,-13
29065.jpg,1903,1905,2
29070.jpg,1903,1910,7
29075.jpg,1903,1970,67
29080.jpg,1903,1970,67
29085.jpg,1903,1878,-25
29090.jpg,1903,1835,-68
29095.jpg,1903,1870,-33
29100.jpg,1903,1960,57
29105.jpg,1903,1920,17
29110.jpg,1903,1939,36
29115.jpg,1903,1955,52
29120.jpg,1903,1910,7
29125.jpg,1903,1880,-23
29130.jpg,1903,1905,2
29135.jpg,1903,1850,-53
29140.jpg,1903,1920,17
29145.jpg,1903,1920,17
29150.jpg,1903,1905,2
29155.jpg,1903,1920,17
29160.jpg,1903,1890,-13
29165.jpg,1903,1920,17
29170.jpg,1903,1950,47
29175.jpg,1903,1880,-23
29180.jpg,1903,1905,2
29185.jpg,1903,1920,17
29190.jpg,1903,1900,-3
29195.jpg,1903,1860,-43
29200.jpg,1903,1915,12
29205.jpg,1903,1920,17
29210.jpg,1903,1820,-83
29215.jpg,1903,1905,2
29220.jpg,1903,1910,7
29225.jpg,1903,1875,-28
29230.jpg,1903,1905,2
29235.jpg,1903,1880,-23
29240.jpg,1903,1950,47
29245.jpg,1903,1920,17
29250.jpg,1903,1930,27
29255.jpg,1903,1890,-13
29260.jpg,1903,1960,57
29265.jpg,1903,1930,27
29270.jpg,1903,1905,2
29275.jpg,1903,1920,17
29280.jpg,1903,1905,2
29285.jpg,1903,1900,-3
29290.jpg,1903,1880,-23
29295.jpg,1903,1905,2
29300.jpg,1903,2005,102
29305.jpg,1903,1905,2
29310.jpg,1903,1890,-13
29315.jpg,1903,1930,27
29320.jpg,1903,1940,37
29325.jpg,1903,1890,-13
29330.jpg,1903,1888,-15
29335.jpg,1903,1999,96
29340.jpg,1903,1895,-8
29345.jpg,1903,1905,2
29350.jpg,1903,1920,17
29355.jpg,1903,1920,17
29360.jpg,1903,1905,2
29365.jpg,1903,1992,89
29370.jpg,1903,1920,17
29375.jpg,1903,1890,-13
29380.jpg,1904,1840,-64
29385.jpg,1904,1910,6
29390.jpg,1904,1893,-11
29395.jpg,1904,2000,96
29400.jpg,1904,1900,-4
29405.jpg,1904,1910,6
29410.jpg,1904,-1,-1905
29415.jpg,1904,1920,16
29420.jpg,1904,1890,-14
29425.jpg,1904,2000,96
29430.jpg,1904,1880,-24
29435.jpg,1904,1870,-34
29440.jpg,1904,1905,1
29445.jpg,1904,1907,3
29450.jpg,1904,1920,16
29455.jpg,1904,1925,21
29460.jpg,1904,1920,16
29465.jpg,1904,1950,46
29470.jpg,1904,2008,104
29475.jpg,1904,1850,-54
29480.jpg,1904,2015,111
29485.jpg,1904,1930,26
29490.jpg,1904,1910,6
29495.jpg,1904,1925,21
29500.jpg,1904,2005,101
29505.jpg,1904,1900,-4
29510.jpg,1904,1910,6
29515.jpg,1904,1905,1
29520.jpg,1904,1870,-34
29525.jpg,1904,1910,6
29530.jpg,1904,1905,1
29535.jpg,1904,1940,36
29540.jpg,1904,1885,-19
29550.jpg,1904,1835,-69
29555.jpg,1904,1920,16
29560.jpg,1904,1930,26
29565.jpg,1904,1904,0
29570.jpg,1904,1920,16
29575.jpg,1904,1925,21
29580.jpg,1904,1917,13
29585.jpg,1904,1880,-24
29590.jpg,1904,1905,1
29595.jpg,1904,1860,-44
29600.jpg,1904,1910,6
29605.jpg,1904,1980,76
29610.jpg,1904,1906,2
29615.jpg,1904,1900,-4
29620.jpg,1904,1900,-4
29625.jpg,1904,1925,21
29630.jpg,1904,1910,6
29635.jpg,1904,1930,26
29640.jpg,1904,1880,-24
29645.jpg,1904,1905,1
29650.jpg,1904,1875,-29
29655.jpg,1904,1905,1
29660.jpg,1904,1915,11
29665.jpg,1904,1960,56
29670.jpg,1904,1905,1
29675.jpg,1904,1932,28
29680.jpg,1904,1905,1
29685.jpg,1904,1905,1
29690.jpg,1904,2005,101
29695.jpg,1904,1920,16
29700.jpg,1904,1910,6
29705.jpg,1904,1880,-24
29710.jpg,1904,1860,-44
29715.jpg,1904,1905,1
29720.jpg,1904,1920,16
29725.jpg,1904,1920,16
29730.jpg,1904,1905,1
29735.jpg,1904,1900,-4
29740.jpg,1904,1930,26
29745.jpg,1904,1920,16
29750.jpg,1904,1900,-4
29755.jpg,1904,1850,-54
29760.jpg,1904,1860,-44
29765.jpg,1904,1880,-24
29770.jpg,1904,1905,1
29775.jpg,1904,1985,81
29780.jpg,1904,1904,0
29790.jpg,1904,1902,-2
29795.jpg,1904,1905,1
29800.jpg,1904,1920,16
29805.jpg,1904,1920,16
29810.jpg,1904,1895,-9
29815.jpg,1904,1930,26
29820.jpg,1904,1905,1
29825.jpg,1904,1900,-4
29830.jpg,1905,1905,0
29835.jpg,1905,1920,15
29840.jpg,1905,1910,5
29845.jpg,1905,1850,-55
29850.jpg,1905,1972,67
29855.jpg,1905,1923,18
29860.jpg,1905,2008,103
29865.jpg,1905,1925,20
29870.jpg,1905,1850,-55
29875.jpg,1905,1930,25
29880.jpg,1905,1880,-25
29885.jpg,1905,1920,15
29890.jpg,1905,1850,-55
29895.jpg,1905,1920,15
29900.jpg,1905,1920,15
29905.jpg,1905,1905,0
29910.jpg,1905,1910,5
29915.jpg,1905,1900,-5
29920.jpg,1905,1900,-5
29925.jpg,1905,1925,20
29930.jpg,1905,1890,-15
29935.jpg,1905,1929,24
29940.jpg,1905,1905,0
29945.jpg,1905,1915,10
29950.jpg,1905,1931,26
29960.jpg,1905,1905,0
29965.jpg,1905,1910,5
29970.jpg,1905,1905,0
29975.jpg,1905,1905,0
29980.jpg,1905,1925,20
29985.jpg,1905,1900,-5
29990.jpg,1905,1920,15
29995.jpg,1905,1868,-37
30000.jpg,1905,1870,-35
30005.jpg,1905,1895,-10
30015.jpg,1905,1875,-30
30020.jpg,1905,1940,35
30025.jpg,1905,1890,-15
30030.jpg,1905,1885,-20
30035.jpg,1905,1905,0
30040.jpg,1905,1950,45
30045.jpg,1905,1850,-55
30050.jpg,1905,1903,-2
30055.jpg,1905,1970,65
30060.jpg,1905,1890,-15
30065.jpg,1905,1880,-25
30070.jpg,1905,1890,-15
30075.jpg,1905,1880,-25
30080.jpg,1905,1926,21
30085.jpg,1905,1960,55
30090.jpg,1905,1880,-25
30095.jpg,1905,1905,0
30100.jpg,1905,1905,0
30105.jpg,1905,1890,-15
30110.jpg,1905,1935,30
30115.jpg,1905,1890,-15
30120.jpg,1905,1870,-35
30125.jpg,1905,1910,5
30130.jpg,1905,1780,-125
30135.jpg,1905,1905,0
30140.jpg,1905,1920,15
30145.jpg,1905,1880,-25
30155.jpg,1905,1880,-25
30160.jpg,1905,1910,5
30165.jpg,1905,1850,-55
30170.jpg,1905,1910,5
30175.jpg,1905,1900,-5
30180.jpg,1905,1950,45
30185.jpg,1905,1950,45
30190.jpg,1905,1890,-15
30195.jpg,1905,1870,-35
30200.jpg,1905,1930,25
30205.jpg,1905,1915,10
30210.jpg,1905,1660,-245
30215.jpg,1905,1870,-35
30220.jpg,1905,1910,5
30225.jpg,1905,1850,-55
30230.jpg,1905,1950,45
30235.jpg,1905,1885,-20
30240.jpg,1905,1905,0
30245.jpg,1905,1910,5
30250.jpg,1905,1900,-5
30255.jpg,1905,1910,5
30260.jpg,1905,1910,5
30265.jpg,1905,1950,45
30270.jpg,1905,1920,15
30275.jpg,1905,1905,0
30280.jpg,1905,1860,-45
30285.jpg,1905,1925,20
30290.jpg,1905,1880,-25
30295.jpg,1906,1905,-1
30300.jpg,1906,1912,6
30305.jpg,1906,1930,24
30310.jpg,1906,1910,4
30315.jpg,1906,1911,5
30320.jpg,1906,2010,104
30325.jpg,1906,1950,44
30330.jpg,1906,1873,-33
30335.jpg,1906,1890,-16
30340.jpg,1906,1910,4
30345.jpg,1906,1908,2
30350.jpg,1906,1938,32
30355.jpg,1906,1820,-86
30360.jpg,1906,1910,4
30365.jpg,1906,1920,14
30370.jpg,1906,1915,9
30375.jpg,1906,1930,24
30380.jpg,1906,1904,-2
30385.jpg,1906,1870,-36
30390.jpg,1906,1890,-16
30395.jpg,1906,1860,-46
30400.jpg,1906,1925,19
30405.jpg,1906,1905,-1
30410.jpg,1906,1920,14
30415.jpg,1906,1895,-11
30420.jpg,1906,1920,14
30425.jpg,1906,2008,102
30430.jpg,1906,1880,-26
30435.jpg,1906,1890,-16
30440.jpg,1906,1975,69
30445.jpg,1906,1831,-75
30450.jpg,1906,1900,-6
30455.jpg,1906,1915,9
30460.jpg,1906,1931,25
30465.jpg,1906,1923,17
30470.jpg,1906,1890,-16
30475.jpg,1906,1910,4
30480.jpg,1906,1905,-1
30485.jpg,1906,1900,-6
30490.jpg,1906,1910,4
30495.jpg,1906,1910,4
30500.jpg,1906,1975,69
30505.jpg,1906,1970,64
30510.jpg,1906,1915,9
30515.jpg,1906,1920,14
30520.jpg,1906,1900,-6
30525.jpg,1906,1870,-36
30530.jpg,1906,1890,-16
30535.jpg,1906,1870,-36
30540.jpg,1906,1800,-106
30545.jpg,1906,1936,30
30550.jpg,1906,1850,-56
30555.jpg,1906,1910,4
30560.jpg,1906,1905,-1
30565.jpg,1906,1875,-31
30570.jpg,1906,1900,-6
30575.jpg,1906,1920,14
30580.jpg,1906,1940,34
30585.jpg,1906,1900,-6
30590.jpg,1906,1900,-6
30595.jpg,1906,1920,14
30600.jpg,1906,1900,-6
30605.jpg,1906,1915,9
30610.jpg,1906,1880,-26
30615.jpg,1906,1950,44
30620.jpg,1906,1905,-1
30625.jpg,1906,1870,-36
30630.jpg,1906,1905,-1
30635.jpg,1906,1930,24
30640.jpg,1906,1890,-16
30645.jpg,1906,1880,-26
30650.jpg,1906,1873,-33
30655.jpg,1906,1870,-36
30665.jpg,1906,1890,-16
30670.jpg,1906,1905,-1
30685.jpg,1906,1900,-6
30690.jpg,1906,1970,64
30695.jpg,1906,1910,4
30700.jpg,1906,1925,19
30705.jpg,1906,1910,4
30710.jpg,1906,1910,4
30715.jpg,1906,1965,59
30720.jpg,1906,1910,4
30725.jpg,1906,1920,14
30730.jpg,1906,1878,-28
30740.jpg,1906,1925,19
30745.jpg,1906,1870,-36
30750.jpg,1906,1905,-1
30760.jpg,1907,1925,18
30765.jpg,1907,1905,-2
30770.jpg,1907,1908,1
30780.jpg,1907,1960,53
30785.jpg,1907,1922,15
30790.jpg,1907,1960,53
30795.jpg,1907,1930,23
30800.jpg,1907,1910,3
30805.jpg,1907,1900,-7
30810.jpg,1907,1960,53
30815.jpg,1907,1930,23
30820.jpg,1907,1895,-12
30825.jpg,1907,1905,-2
30830.jpg,1907,1925,18
30835.jpg,1907,1908,1
30840.jpg,1907,1904,-3
30845.jpg,1907,1927,20
30855.jpg,1907,1900,-7
30860.jpg,1907,1925,18
30865.jpg,1907,1910,3
30870.jpg,1907,1910,3
30875.jpg,1907,1900,-7
30880.jpg,1907,1910,3
30885.jpg,1907,1890,-17
30895.jpg,1907,1920,13
30900.jpg,1907,1880,-27
30905.jpg,1907,1911,4
30910.jpg,1907,1975,68
30915.jpg,1907,2005,98
30920.jpg,1907,1970,63
30925.jpg,1907,1910,3
30930.jpg,1907,1930,23
30935.jpg,1907,1960,53
30940.jpg,1907,2012,105
30945.jpg,1907,1920,13
30950.jpg,1907,1880,-27
30955.jpg,1907,1850,-57
30960.jpg,1907,1890,-17
30965.jpg,1907,1925,18
30970.jpg,1907,1905,-2
30975.jpg,1907,1930,23
30980.jpg,1907,1930,23
30985.jpg,1907,1905,-2
30990.jpg,1907,1910,3
30995.jpg,1907,1905,-2
31000.jpg,1907,1870,-37
31005.jpg,1907,1885,-22
31010.jpg,1907,1910,3
31015.jpg,1907,1903,-4
31020.jpg,1907,1905,-2
31025.jpg,1907,1920,13
31030.jpg,1907,1817,-90
31035.jpg,1907,1900,-7
31040.jpg,1907,1920,13
31045.jpg,1907,1905,-2
31050.jpg,1907,1920,13
31055.jpg,1907,1850,-57
31060.jpg,1907,1880,-27
31065.jpg,1907,1890,-17
31070.jpg,1907,1910,3
31075.jpg,1907,1905,-2
31080.jpg,1907,1920,13
31085.jpg,1907,1910,3
31090.jpg,1907,1890,-17
31095.jpg,1907,1890,-17
31100.jpg,1907,1948,41
31105.jpg,1907,1930,23
31110.jpg,1907,1950,43
31115.jpg,1907,1910,3
31120.jpg,1907,1923,16
31125.jpg,1907,1890,-17
31130.jpg,1907,1910,3
31135.jpg,1907,1840,-67
31140.jpg,1907,1890,-17
31150.jpg,1907,1890,-17
31155.jpg,1907,1880,-27
31160.jpg,1907,1905,-2
31165.jpg,1907,1880,-27
31170.jpg,1907,1940,33
31175.jpg,1907,1920,13
31180.jpg,1907,1925,18
31185.jpg,1907,1940,33
31190.jpg,1907,1985,78
31195.jpg,1907,1910,3
31200.jpg,1907,1932,25
31205.jpg,1907,1925,18
31210.jpg,1907,1910,3
31215.jpg,1907,1905,-2
31220.jpg,1907,1910,3
31225.jpg,1907,1930,23
31230.jpg,1907,1904,-3
31235.jpg,1907,1905,-2
31240.jpg,1907,1890,-17
31245.jpg,1907,1920,13
31250.jpg,1907,1905,-2
31255.jpg,1907,1906,-1
31260.jpg,1907,1910,3
31265.jpg,1907,1904,-3
31270.jpg,1907,1850,-57
31275.jpg,1907,1905,-2
31280.jpg,1907,1922,15
31285.jpg,1907,2010,103
31290.jpg,1907,1905,-2
31295.jpg,1907,1925,18
31300.jpg,1907,1960,53
31305.jpg,1907,1925,18
31310.jpg,1908,1850,-58
31315.jpg,1908,1919,11
31320.jpg,1908,1947,39
31325.jpg,1908,1925,17
31330.jpg,1908,1830,-78
31335.jpg,1908,1930,22
31345.jpg,1908,2006,98
31350.jpg,1908,1905,-3
31355.jpg,1908,1920,12
31360.jpg,1908,1925,17
31365.jpg,1908,1910,2
31370.jpg,1908,1905,-3
31380.jpg,1908,1845,-63
31385.jpg,1908,1915,7
31390.jpg,1908,1920,12
31395.jpg,1908,1890,-18
31400.jpg,1908,1924,16
31405.jpg,1908,1955,47
31410.jpg,1908,1908,0
31415.jpg,1908,1915,7
31420.jpg,1908,1895,-13
31425.jpg,1908,1915,7
31430.jpg,1908,1905,-3
31435.jpg,1908,2000,92
31440.jpg,1908,1905,-3
31445.jpg,1908,1905,-3
31450.jpg,1908,1910,2
31455.jpg,1908,1915,7
31460.jpg,1908,1910,2
31465.jpg,1908,1895,-13
31470.jpg,1908,1880,-28
31475.jpg,1908,1825,-83
31480.jpg,1908,1830,-78
31485.jpg,1908,1875,-33
31490.jpg,1908,1870,-38
31500.jpg,1908,1950,42
31505.jpg,1908,1910,2
31510.jpg,1908,1940,32
31515.jpg,1908,1895,-13
31520.jpg,1908,2005,97
31525.jpg,1908,1890,-18
31530.jpg,1908,1950,42
31535.jpg,1908,1890,-18
31540.jpg,1908,1930,22
31545.jpg,1908,1920,12
31550.jpg,1908,1885,-23
31555.jpg,1908,1905,-3
31560.jpg,1908,1910,2
31565.jpg,1908,1840,-68
31570.jpg,1908,1720,-188
31575.jpg,1908,1810,-98
31580.jpg,1908,1910,2
31585.jpg,1908,1915,7
31590.jpg,1908,1940,32
31595.jpg,1908,1900,-8
31600.jpg,1908,1905,-3
31605.jpg,1908,1970,62
31610.jpg,1908,1900,-8
31620.jpg,1908,1955,47
31625.jpg,1908,1950,42
31630.jpg,1908,1905,-3
31635.jpg,1908,1925,17
31640.jpg,1908,1920,12
31645.jpg,1908,1910,2
31650.jpg,1908,1950,42
31655.jpg,1908,1920,12
31660.jpg,1908,1930,22
31665.jpg,1908,1910,2
31670.jpg,1908,1890,-18
31675.jpg,1908,1910,2
31680.jpg,1908,1860,-48
31685.jpg,1908,1910,2
31690.jpg,1908,1920,12
31695.jpg,1908,1910,2
31700.jpg,1908,1910,2
31705.jpg,1908,1900,-8
31710.jpg,1908,1900,-8
31715.jpg,1908,1905,-3
31720.jpg,1908,1915,7
31725.jpg,1908,1925,17
31730.jpg,1908,1910,2
31735.jpg,1908,1950,42
31740.jpg,1908,1964,56
31745.jpg,1908,1905,-3
31750.jpg,1908,1970,62
31755.jpg,1908,1870,-38
31760.jpg,1908,1920,12
31765.jpg,1909,1905,-4
31770.jpg,1909,1920,11
31775.jpg,1909,1880,-29
31780.jpg,1909,1860,-49
31785.jpg,1909,2020,111
31790.jpg,1909,2000,91
31805.jpg,1909,1950,41
31815.jpg,1909,1910,1
31820.jpg,1909,1900,-9
31825.jpg,1909,1925,16
31830.jpg,1909,1842,-67
31835.jpg,1909,2000,91
31840.jpg,1909,1880,-29
31845.jpg,1909,1920,11
31850.jpg,1909,1905,-4
31855.jpg,1909,1930,21
31860.jpg,1909,1910,1
31865.jpg,1909,1924,15
31870.jpg,1909,1925,16
31875.jpg,1909,1915,6
31880.jpg,1909,1910,1
31885.jpg,1909,1905,-4
31890.jpg,1909,1920,11
31895.jpg,1909,1910,1
31900.jpg,1909,1905,-4
31905.jpg,1909,1915,6
31910.jpg,1909,1920,11
31915.jpg,1909,1955,46
31920.jpg,1909,1920,11
31925.jpg,1909,1925,16
31930.jpg,1909,1920,11
31935.jpg,1909,1920,11
31940.jpg,1909,1910,1
31945.jpg,1909,1905,-4
31950.jpg,1909,1910,1
31955.jpg,1909,1910,1
31960.jpg,1909,1907,-2
31970.jpg,1909,1939,30
31975.jpg,1909,1905,-4
31980.jpg,1909,1935,26
31985.jpg,1909,1910,1
31990.jpg,1909,-1,-1910
31995.jpg,1909,1930,21
32005.jpg,1909,1920,11
32015.jpg,1909,1860,-49
32020.jpg,1909,1890,-19
32025.jpg,1909,1850,-59
32030.jpg,1909,1910,1
32035.jpg,1909,1850,-59
32045.jpg,1909,1930,21
32050.jpg,1909,1911,2
32055.jpg,1909,1905,-4
32060.jpg,1909,1910,1
32065.jpg,1909,1910,1
32070.jpg,1909,1918,9
32075.jpg,1909,1880,-29
32080.jpg,1909,1750,-159
32085.jpg,1909,1920,11
32090.jpg,1909,1905,-4
32095.jpg,1909,1905,-4
32100.jpg,1909,1905,-4
32105.jpg,1909,1985,76
32110.jpg,1909,1900,-9
32115.jpg,1909,1910,1
32120.jpg,1909,1920,11
32125.jpg,1909,1915,6
32130.jpg,1909,1910,1
32135.jpg,1909,1910,1
32140.jpg,1909,1920,11
32145.jpg,1909,1900,-9
32150.jpg,1909,1920,11
32155.jpg,1909,1950,41
32160.jpg,1909,1900,-9
32165.jpg,1909,1905,-4
32170.jpg,1909,1900,-9
32175.jpg,1909,1890,-19
32180.jpg,1909,1910,1
32185.jpg,1909,1900,-9
32190.jpg,1909,1900,-9
32195.jpg,1909,1885,-24
32200.jpg,1909,1910,1
32205.jpg,1909,1925,16
32210.jpg,1909,1905,-4
32215.jpg,1909,1905,-4
32220.jpg,1909,1910,1
32225.jpg,1909,1940,31
32230.jpg,1910,1823,-87
32235.jpg,1910,1914,4
32240.jpg,1910,1910,0
32245.jpg,1910,1958,48
32255.jpg,1910,1910,0
32260.jpg,1910,1930,20
32265.jpg,1910,2010,100
32270.jpg,1910,1970,60
32275.jpg,1910,1990,80
32280.jpg,1910,1913,3
32285.jpg,1910,1880,-30
32290.jpg,1910,1920,10
32295.jpg,1910,1900,-10
32300.jpg,1910,1922,12
32305.jpg,1910,1925,15
32310.jpg,1910,1910,0
32315.jpg,1910,1900,-10
32320.jpg,1910,1885,-25
32325.jpg,1910,1912,2
32330.jpg,1910,1928,18
32335.jpg,1910,1929,19
32340.jpg,1910,1910,0
32345.jpg,1910,1915,5
32350.jpg,1910,1880,-30
32355.jpg,1910,1922,12
32360.jpg,1910,1965,55
32365.jpg,1910,1925,15
32370.jpg,1910,1995,85
32375.jpg,1910,1924,14
32380.jpg,1910,1880,-30
32385.jpg,1910,1980,70
32390.jpg,1910,1936,26
32395.jpg,1910,1899,-11
32400.jpg,1910,1880,-30
32405.jpg,1910,1835,-75
32410.jpg,1910,1920,10
32415.jpg,1910,1800,-110
32420.jpg,1910,1935,25
32425.jpg,1910,1932,22
32430.jpg,1910,1910,0
32435.jpg,1910,1905,-5
32440.jpg,1910,1920,10
32445.jpg,1910,1905,-5
32450.jpg,1910,1920,10
32455.jpg,1910,1885,-25
32460.jpg,1910,1910,0
32465.jpg,1910,1905,-5
32470.jpg,1910,1850,-60
32475.jpg,1910,1948,38
32480.jpg,1910,1890,-20
32485.jpg,1910,1920,10
32490.jpg,1910,1890,-20
32495.jpg,1910,1920,10
32500.jpg,1910,1935,25
32505.jpg,1910,1910,0
32510.jpg,1910,1938,28
32515.jpg,1910,1935,25
32520.jpg,1910,1910,0
32525.jpg,1910,1850,-60
32530.jpg,1910,1925,15
32535.jpg,1910,1920,10
32540.jpg,1910,1930,20
32545.jpg,1910,1920,10
32550.jpg,1910,1905,-5
32555.jpg,1910,1920,10
32560.jpg,1910,1950,40
32565.jpg,1910,1920,10
32570.jpg,1910,1850,-60
32575.jpg,1910,1905,-5
32580.jpg,1910,1905,-5
32585.jpg,1910,1890,-20
32590.jpg,1910,1900,-10
32595.jpg,1910,1922,12
32600.jpg,1910,1934,24
32605.jpg,1910,1620,-290
32610.jpg,1910,1900,-10
32615.jpg,1910,1900,-10
32620.jpg,1910,1910,0
32625.jpg,1910,1920,10
32630.jpg,1910,1920,10
32635.jpg,1910,1900,-10
32640.jpg,1910,1915,5
32645.jpg,1910,1900,-10
32650.jpg,1910,1900,-10
32655.jpg,1910,1955,45
32660.jpg,1910,1910,0
32665.jpg,1910,1890,-20
32675.jpg,1910,1905,-5
32680.jpg,1910,1900,-10
32685.jpg,1910,1920,10
32690.jpg,1910,1895,-15
32695.jpg,1910,1920,10
32700.jpg,1910,1925,15
32705.jpg,1910,1900,-10
32710.jpg,1910,1890,-20
32715.jpg,1910,1920,10
32720.jpg,1910,1876,-34
32725.jpg,1910,1890,-20
32730.jpg,1910,1940,30
32735.jpg,1910,1820,-90
32740.jpg,1911,1926,15
32745.jpg,1911,1930,19
32750.jpg,1911,1920,9
32755.jpg,1911,1928,17
32760.jpg,1911,1920,9
32765.jpg,1911,1914,3
32770.jpg,1911,1909,-2
32775.jpg,1911,1925,14
32780.jpg,1911,1960,49
32785.jpg,1911,1990,79
32790.jpg,1911,1880,-31
32795.jpg,1911,1912,1
32800.jpg,1911,1950,39
32805.jpg,1911,1905,-6
32810.jpg,1911,1900,-11
32815.jpg,1911,1880,-31
32820.jpg,1911,1936,25
32825.jpg,1911,1895,-16
32830.jpg,1911,1920,9
32835.jpg,1911,1907,-4
32840.jpg,1911,1965,54
32845.jpg,1911,1902,-9
32850.jpg,1911,1930,19
32855.jpg,1911,1910,-1
32860.jpg,1911,1963,52
32865.jpg,1911,1905,-6
32870.jpg,1911,1920,9
32875.jpg,1911,1910,-1
32885.jpg,1911,1890,-21
32890.jpg,1911,1905,-6
32895.jpg,1911,1905,-6
32900.jpg,1911,1895,-16
32905.jpg,1911,1880,-31
32910.jpg,1911,1940,29
32915.jpg,1911,1905,-6
32920.jpg,1911,1920,9
32925.jpg,1911,1905,-6
32930.jpg,1911,1910,-1
32935.jpg,1911,1969,58
32940.jpg,1911,1910,-1
32945.jpg,1911,1890,-21
32950.jpg,1911,2015,104
32955.jpg,1911,1891,-20
32960.jpg,1911,1930,19
32965.jpg,1911,1903,-8
32970.jpg,1911,1914,3
32975.jpg,1911,1890,-21
32980.jpg,1911,1880,-31
32985.jpg,1911,1905,-6
32990.jpg,1911,1900,-11
32995.jpg,1911,1890,-21
33000.jpg,1911,1930,19
33005.jpg,1911,1890,-21
33010.jpg,1911,1920,9
33015.jpg,1911,1905,-6
33020.jpg,1911,1925,14
33025.jpg,1911,1905,-6
33030.jpg,1911,1875,-36
33035.jpg,1911,2010,99
33040.jpg,1911,1925,14
33045.jpg,1911,1789,-122
33050.jpg,1911,1950,39
33055.jpg,1911,1920,9
33060.jpg,1911,1915,4
33065.jpg,1911,1875,-36
33070.jpg,1911,1925,14
33075.jpg,1911,1910,-1
33080.jpg,1911,1910,-1
33085.jpg,1911,1925,14
33090.jpg,1911,1905,-6
33095.jpg,1911,1890,-21
33100.jpg,1911,1820,-91
33105.jpg,1911,1850,-61
33110.jpg,1911,1910,-1
33115.jpg,1911,1844,-67
33120.jpg,1911,1905,-6
33125.jpg,1911,2005,94
33130.jpg,1911,1920,9
33135.jpg,1911,1930,19
33140.jpg,1911,1920,9
33145.jpg,1911,1890,-21
33150.jpg,1911,1500,-411
33155.jpg,1911,1960,49
33160.jpg,1911,1930,19
33165.jpg,1911,1905,-6
33170.jpg,1911,1910,-1
33175.jpg,1911,1960,49
33180.jpg,1911,1955,44
33185.jpg,1911,1900,-11
33190.jpg,1911,1925,14
33195.jpg,1911,2015,104
33200.jpg,1911,1910,-1
33205.jpg,1911,1890,-21
33210.jpg,1911,1911,0
33215.jpg,1911,1910,-1
33220.jpg,1911,1915,4
33225.jpg,1911,1945,34
33230.jpg,1911,1905,-6
33235.jpg,1911,1850,-61
33240.jpg,1911,1815,-96
33245.jpg,1911,1910,-1
33250.jpg,1911,1940,29
33255.jpg,1911,1905,-6
33260.jpg,1911,1910,-1
33265.jpg,1911,1915,4
33270.jpg,1911,1910,-1
33275.jpg,1911,1890,-21
33280.jpg,1912,1900,-12
33285.jpg,1912,1910,-2
33290.jpg,1912,1905,-7
33295.jpg,1912,1903,-9
33300.jpg,1912,1890,-22
33310.jpg,1912,2000,88
33315.jpg,1912,1995,83
33320.jpg,1912,1960,48
33325.jpg,1912,1905,-7
33330.jpg,1912,1970,58
33335.jpg,1912,1955,43
33340.jpg,1912,1930,18
33345.jpg,1912,1960,48
33350.jpg,1912,1880,-32
33355.jpg,1912,1925,13
33360.jpg,1912,1950,38
33365.jpg,1912,1890,-22
33375.jpg,1912,1910,-2
33380.jpg,1912,2000,88
33385.jpg,1912,1890,-22
33390.jpg,1912,1905,-7
33395.jpg,1912,1960,48
33400.jpg,1912,1925,13
33405.jpg,1912,2010,98
33410.jpg,1912,1908,-4
33415.jpg,1912,1912,0
33420.jpg,1912,1905,-7
33425.jpg,1912,1925,13
33430.jpg,1912,1910,-2
33435.jpg,1912,1915,3
33440.jpg,1912,1920,8
33445.jpg,1912,1930,18
33450.jpg,1912,1910,-2
33455.jpg,1912,1900,-12
33460.jpg,1912,1935,23
33465.jpg,1912,1880,-32
33470.jpg,1912,1920,8
33475.jpg,1912,1910,-2
33480.jpg,1912,1941,29
33485.jpg,1912,1955,43
33490.jpg,1912,1900,-12
33495.jpg,1912,1930,18
33500.jpg,1912,1950,38
33505.jpg,1912,1860,-52
33510.jpg,1912,2000,88
33515.jpg,1912,1920,8
33520.jpg,1912,1995,83
33525.jpg,1912,1900,-12
33530.jpg,1912,1885,-27
33535.jpg,1912,1890,-22
33540.jpg,1912,1910,-2
33545.jpg,1912,1950,38
33550.jpg,1912,1910,-2
33555.jpg,1912,1895,-17
33560.jpg,1912,1900,-12
33565.jpg,1912,1950,38
33570.jpg,1912,1900,-12
33580.jpg,1912,1670,-242
33585.jpg,1912,1875,-37
33590.jpg,1912,1905,-7
33595.jpg,1912,1890,-22
33600.jpg,1912,1905,-7
33605.jpg,1912,1895,-17
33615.jpg,1912,1920,8
33620.jpg,1912,1970,58
33625.jpg,1912,1910,-2
33630.jpg,1912,1950,38
33635.jpg,1912,1950,38
33640.jpg,1912,1880,-32
33645.jpg,1912,1920,8
33650.jpg,1912,1905,-7
33655.jpg,1912,1930,18
33660.jpg,1912,1920,8
33665.jpg,1912,1900,-12
33670.jpg,1912,1920,8
33675.jpg,1912,1965,53
33680.jpg,1912,1925,13
33685.jpg,1912,1935,23
33690.jpg,1912,1976,64
33695.jpg,1912,1877,-35
33700.jpg,1912,1900,-12
33705.jpg,1912,1900,-12
33710.jpg,1912,1880,-32
33715.jpg,1912,1938,26
33720.jpg,1912,1905,-7
33725.jpg,1912,1928,16
33735.jpg,1912,1900,-12
33740.jpg,1912,1905,-7
33745.jpg,1912,1900,-12
33750.jpg,1912,1900,-12
33755.jpg,1912,1890,-22
33760.jpg,1912,1877,-35
33765.jpg,1913,1937,24
33770.jpg,1913,1905,-8
33775.jpg,1913,1910,-3
33780.jpg,1913,1910,-3
33785.jpg,1913,1870,-43
33790.jpg,1913,1905,-8
33795.jpg,1913,1910,-3
33800.jpg,1913,1910,-3
33805.jpg,1913,1920,7
33810.jpg,1913,1910,-3
33815.jpg,1913,1955,42
33820.jpg,1913,1940,27
33825.jpg,1913,1910,-3
33830.jpg,1913,1910,-3
33840.jpg,1913,1910,-3
33845.jpg,1913,1910,-3
33850.jpg,1913,1910,-3
33855.jpg,1913,1930,17
33860.jpg,1913,1905,-8
33865.jpg,1913,1910,-3
33870.jpg,1913,1875,-38
33875.jpg,1913,1915,2
33880.jpg,1913,1930,17
33885.jpg,1913,1910,-3
33890.jpg,1913,1904,-9
33895.jpg,1913,1975,62
33900.jpg,1913,1910,-3
33905.jpg,1913,1905,-8
33910.jpg,1913,1905,-8
33915.jpg,1913,1905,-8
33920.jpg,1913,1910,-3
33925.jpg,1913,1930,17
33930.jpg,1913,1920,7
33935.jpg,1913,1925,12
33940.jpg,1913,1920,7
33945.jpg,1913,1925,12
33950.jpg,1913,1895,-18
33955.jpg,1913,2007,94
33960.jpg,1913,1890,-23
33965.jpg,1913,1905,-8
33970.jpg,1913,1905,-8
33975.jpg,1913,1910,-3
33980.jpg,1913,1920,7
33985.jpg,1913,-1,-1914
33990.jpg,1913,1840,-73
33995.jpg,1913,1920,7
34000.jpg,1913,1950,37
34005.jpg,1913,1920,7
34010.jpg,1913,1889,-24
34015.jpg,1913,1870,-43
34020.jpg,1913,1917,4
34025.jpg,1913,1950,37
34030.jpg,1913,1930,17
34035.jpg,1913,1900,-13
34040.jpg,1913,1910,-3
34045.jpg,1913,1920,7
34050.jpg,1913,1930,17
34055.jpg,1913,1921,8
34060.jpg,1913,1900,-13
34065.jpg,1913,1906,-7
34070.jpg,1913,1915,2
34080.jpg,1913,1910,-3
34085.jpg,1913,1880,-33
34090.jpg,1913,1920,7
34095.jpg,1913,1950,37
34100.jpg,1913,1915,2
34105.jpg,1913,1910,-3
34110.jpg,1913,1905,-8
34115.jpg,1913,1915,2
34120.jpg,1913,1930,17
34125.jpg,1913,1940,27
34130.jpg,1913,1905,-8
34135.jpg,1913,1910,-3
34140.jpg,1913,1920,7
34145.jpg,1913,1939,26
34150.jpg,1913,1935,22
34155.jpg,1913,1930,17
34160.jpg,1913,1905,-8
34165.jpg,1913,1925,12
34170.jpg,1913,1910,-3
34175.jpg,1913,1890,-23
34180.jpg,1913,1890,-23
34185.jpg,1913,1909,-4
34190.jpg,1913,1939,26
34195.jpg,1913,1750,-163
34200.jpg,1913,1880,-33
34205.jpg,1913,1905,-8
34210.jpg,1913,1870,-43
34215.jpg,1913,1935,22
34220.jpg,1913,1950,37
34225.jpg,1914,1935,21
34230.jpg,1914,1910,-4
34235.jpg,1914,1925,11
34240.jpg,1914,1930,16
34245.jpg,1914,1970,56
34250.jpg,1914,1930,16
34260.jpg,1914,2017,103
34265.jpg,1914,1910,-4
34270.jpg,1914,1912,-2
34275.jpg,1914,1925,11
34280.jpg,1914,1900,-14
34285.jpg,1914,1905,-9
34290.jpg,1914,1910,-4
34295.jpg,1914,1925,11
34300.jpg,1914,1915,1
34305.jpg,1914,1930,16
34310.jpg,1914,1950,36
34315.jpg,1914,1890,-24
34320.jpg,1914,1900,-14
34325.jpg,1914,1905,-9
34330.jpg,1914,1930,16
34335.jpg,1914,1910,-4
34345.jpg,1914,1950,36
34350.jpg,1914,1886,-28
34360.jpg,1914,1915,1
34365.jpg,1914,1920,6
34370.jpg,1914,1928,14
34375.jpg,1914,1910,-4
34380.jpg,1914,1939,25
34385.jpg,1914,1925,11
34390.jpg,1914,1930,16
34395.jpg,1914,1890,-24
34400.jpg,1914,1900,-14
34405.jpg,1914,1880,-34
34410.jpg,1914,1902,-12
34415.jpg,1914,1850,-64
34420.jpg,1914,2010,96
34425.jpg,1914,1114,-800
34430.jpg,1914,1905,-9
34435.jpg,1914,1920,6
34440.jpg,1914,1905,-9
34445.jpg,1914,1895,-19
34450.jpg,1914,1910,-4
34455.jpg,1914,1905,-9
34460.jpg,1914,1900,-14
34465.jpg,1914,1935,21
34470.jpg,1914,1965,51
34475.jpg,1914,1840,-74
34480.jpg,1914,1945,31
34485.jpg,1914,1900,-14
34490.jpg,1914,1900,-14
34495.jpg,1914,1840,-74
34500.jpg,1914,1860,-54
34505.jpg,1914,1900,-14
34515.jpg,1914,1860,-54
34520.jpg,1914,1885,-29
34525.jpg,1914,1840,-74
34530.jpg,1914,1906,-8
34535.jpg,1914,1928,14
34540.jpg,1914,1935,21
34545.jpg,1914,1905,-9
34550.jpg,1914,-1,-1915
34555.jpg,1914,1860,-54
34560.jpg,1914,1905,-9
34565.jpg,1914,1880,-34
34570.jpg,1914,1975,61
34575.jpg,1914,1910,-4
34580.jpg,1914,1978,64
34590.jpg,1914,1890,-24
34595.jpg,1914,1905,-9
34600.jpg,1914,1920,6
34605.jpg,1914,1880,-34
34610.jpg,1914,1900,-14
34615.jpg,1914,1905,-9
34620.jpg,1914,1850,-64
34625.jpg,1914,1910,-4
34630.jpg,1914,1920,6
34635.jpg,1914,1880,-34
34640.jpg,1914,1910,-4
34645.jpg,1914,1920,6
34650.jpg,1914,1910,-4
34655.jpg,1914,1910,-4
34660.jpg,1914,1970,56
34665.jpg,1914,1941,27
34670.jpg,1914,1905,-9
34675.jpg,1914,1925,11
34680.jpg,1914,1900,-14
34685.jpg,1914,1910,-4
34690.jpg,1914,1970,56
34695.jpg,1914,1950,36
34700.jpg,1914,1950,36
34705.jpg,1914,1950,36
34710.jpg,1914,1915,1
34715.jpg,1914,1890,-24
34720.jpg,1915,1900,-15
34725.jpg,1915,2005,90
34730.jpg,1915,1910,-5
34735.jpg,1915,1915,0
34740.jpg,1915,1920,5
34750.jpg,1915,1925,10
34755.jpg,1915,1950,35
34765.jpg,1915,1730,-185
34770.jpg,1915,1990,75
34775.jpg,1915,1895,-20
34780.jpg,1915,1955,40
34785.jpg,1915,1905,-10
34790.jpg,1915,1924,9
34795.jpg,1915,1885,-30
34800.jpg,1915,1950,35
34805.jpg,1915,1910,-5
34810.jpg,1915,1920,5
34815.jpg,1915,1940,25
34820.jpg,1915,1975,60
34825.jpg,1915,1925,10
34830.jpg,1915,1939,24
34835.jpg,1915,1906,-9
34840.jpg,1915,1840,-75
34845.jpg,1915,1950,35
34850.jpg,1915,1920,5
34855.jpg,1915,1910,-5
34860.jpg,1915,1925,10
34865.jpg,1915,1930,15
34870.jpg,1915,1930,15
34875.jpg,1915,1920,5
34880.jpg,1915,1905,-10
34885.jpg,1915,1890,-25
34890.jpg,1915,1870,-45
34895.jpg,1915,1923,8
34900.jpg,1915,1920,5
34905.jpg,1915,1934,19
34910.jpg,1915,1990,75
34915.jpg,1915,1890,-25
34920.jpg,1915,1930,15
34925.jpg,1915,1850,-65
34930.jpg,1915,1950,35
34935.jpg,1915,1890,-25
34940.jpg,1915,1830,-85
34945.jpg,1915,1950,35
34950.jpg,1915,1945,30
34955.jpg,1915,1945,30
34960.jpg,1915,1985,70
34965.jpg,1915,1980,65
34970.jpg,1915,1910,-5
34975.jpg,1915,1902,-13
34980.jpg,1915,1905,-10
34985.jpg,1915,1890,-25
34990.jpg,1915,1910,-5
34995.jpg,1915,1920,5
35000.jpg,1915,1920,5
35005.jpg,1915,1930,15
35010.jpg,1915,2010,95
35015.jpg,1915,1910,-5
35020.jpg,1915,1950,35
35025.jpg,1915,1910,-5
35030.jpg,1915,1905,-10
35035.jpg,1915,1850,-65
35040.jpg,1915,1925,10
35045.jpg,1915,1929,14
35050.jpg,1915,2010,95
35055.jpg,1915,1905,-10
35060.jpg,1915,1900,-15
35065.jpg,1915,1910,-5
35070.jpg,1915,1890,-25
35075.jpg,1915,1925,10
35080.jpg,1915,1940,25
35085.jpg,1915,1915,0
35090.jpg,1915,1910,-5
35095.jpg,1915,1910,-5
35100.jpg,1915,1920,5
35105.jpg,1915,1950,35
35110.jpg,1915,1905,-10
35115.jpg,1915,1950,35
35120.jpg,1915,1883,-32
35125.jpg,1915,1906,-9
35130.jpg,1915,1910,-5
35135.jpg,1915,1850,-65
35140.jpg,1915,1850,-65
35145.jpg,1915,-1,-1916
35150.jpg,1915,1958,43
35155.jpg,1915,1920,5
35160.jpg,1916,1910,-6
35165.jpg,1916,1955,39
35170.jpg,1916,1906,-10
35175.jpg,1916,2011,95
35180.jpg,1916,1870,-46
35185.jpg,1916,1905,-11
35190.jpg,1916,1911,-5
35195.jpg,1916,1929,13
35200.jpg,1916,1930,14
35205.jpg,1916,1930,14
35210.jpg,1916,2005,89
35215.jpg,1916,1900,-16
35220.jpg,1916,1924,8
35225.jpg,1916,1910,-6
35230.jpg,1916,1915,-1
35235.jpg,1916,1908,-8
35240.jpg,1916,1900,-16
35245.jpg,1916,1910,-6
35250.jpg,1916,1890,-26
35255.jpg,1916,1960,44
35260.jpg,1916,1925,9
35265.jpg,1916,1923,7
35270.jpg,1916,1890,-26
35275.jpg,1916,1880,-36
35280.jpg,1916,1890,-26
35285.jpg,1916,1910,-6
35290.jpg,1916,1920,4
35295.jpg,1916,1880,-36
35300.jpg,1916,1905,-11
35305.jpg,1916,2010,94
35310.jpg,1916,1930,14
35315.jpg,1916,1940,24
35320.jpg,1916,1975,59
35325.jpg,1916,1910,-6
35330.jpg,1916,1880,-36
35335.jpg,1916,1840,-76
35340.jpg,1916,1905,-11
35345.jpg,1916,1905,-11
35350.jpg,1916,1910,-6
35355.jpg,1916,1958,42
35360.jpg,1916,1920,4
35365.jpg,1916,1937,21
35370.jpg,1916,1910,-6
35375.jpg,1916,1920,4
35380.jpg,1916,1890,-26
35385.jpg,1916,1930,14
35390.jpg,1916,1930,14
35395.jpg,1916,1950,34
35400.jpg,1916,1915,-1
35405.jpg,1916,1925,9
35410.jpg,1916,1950,34
35415.jpg,1916,1920,4
35420.jpg,1916,1855,-61
35425.jpg,1916,1935,19
35430.jpg,1916,1965,49
35435.jpg,1916,1815,-101
35440.jpg,1916,1907,-9
35445.jpg,1916,1925,9
35450.jpg,1916,1950,34
35455.jpg,1916,1915,-1
35460.jpg,1916,1905,-11
35465.jpg,1916,1955,39
35470.jpg,1916,1905,-11
35475.jpg,1916,1903,-13
35480.jpg,1916,1920,4
35485.jpg,1916,1910,-6
35490.jpg,1916,1939,23
35495.jpg,1916,1965,49
35500.jpg,1916,1951,35
35505.jpg,1916,1902,-14
35510.jpg,1916,1850,-66
35515.jpg,1916,1955,39
35520.jpg,1916,1905,-11
35525.jpg,1916,1910,-6
35530.jpg,1916,1930,14
35535.jpg,1917,1930,13
35540.jpg,1917,1910,-7
35545.jpg,1917,1910,-7
35550.jpg,1917,1921,4
35555.jpg,1917,1925,8
35560.jpg,1917,1930,13
35565.jpg,1917,2000,83
35570.jpg,1917,1925,8
35575.jpg,1917,1890,-27
35580.jpg,1917,-1,-1918
35585.jpg,1917,1910,-7
35590.jpg,1917,1915,-2
35595.jpg,1917,1930,13
35600.jpg,1917,1924,7
35605.jpg,1917,1920,3
35610.jpg,1917,1900,-17
35615.jpg,1917,1920,3
35620.jpg,1917,1930,13
35625.jpg,1917,1905,-12
35630.jpg,1917,1910,-7
35635.jpg,1917,1928,11
35640.jpg,1917,1910,-7
35645.jpg,1917,1928,11
35650.jpg,1917,1920,3
35655.jpg,1917,1910,-7
35660.jpg,1917,2005,88
35665.jpg,1917,1960,43
35670.jpg,1917,1975,58
35675.jpg,1917,1905,-12
35680.jpg,1917,1905,-12
35685.jpg,1917,1905,-12
35690.jpg,1917,1960,43
35695.jpg,1917,1905,-12
35700.jpg,1917,1583,-334
35705.jpg,1917,1965,48
35710.jpg,1917,1928,11
35715.jpg,1917,1936,19
35720.jpg,1917,1950,33
35725.jpg,1917,2015,98
35730.jpg,1917,1975,58
35735.jpg,1917,1952,35
35740.jpg,1917,1970,53
35745.jpg,1917,1960,43
35750.jpg,1917,1900,-17
35755.jpg,1917,1940,23
35760.jpg,1917,1930,13
35765.jpg,1917,1800,-117
35770.jpg,1917,1910,-7
35775.jpg,1917,1905,-12
35780.jpg,1917,1910,-7
35785.jpg,1917,2000,83
35790.jpg,1917,1930,13
35795.jpg,1917,1920,3
35800.jpg,1917,1930,13
35805.jpg,1917,1880,-37
35810.jpg,1917,1920,3
35815.jpg,1917,1920,3
35820.jpg,1917,1950,33
35825.jpg,1917,1930,13
35830.jpg,1917,1900,-17
35835.jpg,1917,1975,58
35840.jpg,1917,1895,-22
35845.jpg,1917,1905,-12
35850.jpg,1917,1920,3
35855.jpg,1917,1936,19
35860.jpg,1917,1910,-7
35865.jpg,1917,1925,8
35870.jpg,1917,1975,58
35875.jpg,1917,1838,-79
35880.jpg,1917,1899,-18
35885.jpg,1917,1925,8
35890.jpg,1917,1908,-9
35895.jpg,1917,1910,-7
35900.jpg,1917,1975,58
35905.jpg,1917,1910,-7
35910.jpg,1917,1905,-12
35915.jpg,1917,1940,23
35920.jpg,1918,1957,39
35925.jpg,1918,1975,57
35930.jpg,1918,1900,-18
35935.jpg,1918,1980,62
35940.jpg,1918,1955,37
35945.jpg,1918,1925,7
35950.jpg,1918,1955,37
35955.jpg,1918,1955,37
35960.jpg,1918,1920,2
35965.jpg,1918,1935,17
35970.jpg,1918,1925,7
35980.jpg,1918,1930,12
35985.jpg,1918,1920,2
35990.jpg,1918,1929,11
35995.jpg,1918,1950,32
36000.jpg,1918,1905,-13
36005.jpg,1918,1915,-3
36010.jpg,1918,1860,-58
36015.jpg,1918,1880,-38
36020.jpg,1918,1920,2
36025.jpg,1918,1870,-48
36030.jpg,1918,1850,-68
36035.jpg,1918,1950,32
36040.jpg,1918,1930,12
36045.jpg,1918,1880,-38
36050.jpg,1918,1950,32
36055.jpg,1918,1850,-68
36060.jpg,1918,1920,2
36065.jpg,1918,1950,32
36070.jpg,1918,1930,12
36075.jpg,1918,1925,7
36080.jpg,1918,1965,47
36085.jpg,1918,1905,-13
36090.jpg,1918,1910,-8
36095.jpg,1918,1910,-8
36100.jpg,1918,1850,-68
36105.jpg,1918,-1,-1919
36110.jpg,1918,1920,2
36115.jpg,1919,1915,-4
36120.jpg,1919,1940,21
36130.jpg,1919,1994,75
36140.jpg,1919,1905,-14
36145.jpg,1919,1910,-9
36150.jpg,1919,1950,31
36155.jpg,1919,1950,31
36160.jpg,1919,1925,6
36165.jpg,1919,2000,81
36170.jpg,1919,1900,-19
36175.jpg,1919,2005,86
36180.jpg,1919,1950,31
36190.jpg,1919,1925,6
36195.jpg,1919,1880,-39
36200.jpg,1919,1910,-9
36205.jpg,1919,1954,35
36210.jpg,1919,1910,-9
36215.jpg,1919,1870,-49
36225.jpg,1919,1930,11
36230.jpg,1919,1920,1
36235.jpg,1919,1935,16
36240.jpg,1919,1915,-4
36245.jpg,1919,1920,1
36250.jpg,1919,1940,21
36255.jpg,1919,1820,-99
36260.jpg,1919,1950,31
36265.jpg,1919,1920,1
36270.jpg,1919,1920,1
36275.jpg,1919,1934,15
36280.jpg,1919,1700,-219
36285.jpg,1919,1912,-7
36290.jpg,1919,1890,-29
36295.jpg,1919,1900,-19
36300.jpg,1919,1924,5
36305.jpg,1919,1900,-19
36310.jpg,1919,1920,1
36315.jpg,1919,1860,-59
36320.jpg,1919,1948,29
36325.jpg,1919,1910,-9
36330.jpg,1919,1905,-14
36335.jpg,1919,1910,-9
36340.jpg,1919,1900,-19
36345.jpg,1919,1909,-10
36350.jpg,1920,1925,5
36355.jpg,1920,1867,-53
36360.jpg,1920,1936,16
36365.jpg,1920,1965,45
36370.jpg,1920,1930,10
36375.jpg,1920,1930,10
36385.jpg,1920,1960,40
36390.jpg,1920,1935,15
36395.jpg,1920,1970,50
36400.jpg,1920,1850,-70
36405.jpg,1920,1925,5
36410.jpg,1920,1960,40
36415.jpg,1920,1875,-45
36420.jpg,1920,1910,-10
36425.jpg,1920,1920,0
36430.jpg,1920,1935,15
36435.jpg,1920,1905,-15
36440.jpg,1920,1830,-90
36445.jpg,1920,1915,-5
36450.jpg,1920,1930,10
36455.jpg,1920,1860,-60
36460.jpg,1920,1870,-50
36465.jpg,1920,1720,-200
36470.jpg,1920,1905,-15
36475.jpg,1920,1888,-32
36480.jpg,1920,1880,-40
36485.jpg,1920,1900,-20
36490.jpg,1920,1915,-5
36495.jpg,1920,1900,-20
36500.jpg,1920,1950,30
36505.jpg,1920,1920,0
36510.jpg,1920,1900,-20
36515.jpg,1920,1915,-5
36520.jpg,1920,1910,-10
36525.jpg,1920,1880,-40
36530.jpg,1920,1940,20
36535.jpg,1920,1915,-5
36540.jpg,1920,1880,-40
36545.jpg,1920,1940,20
36550.jpg,1920,1910,-10
36555.jpg,1920,1902,-18
36560.jpg,1920,1930,10
36565.jpg,1920,1890,-30
36570.jpg,1920,1960,40
36575.jpg,1920,1900,-20
36580.jpg,1920,1950,30
36585.jpg,1920,1915,-5
36590.jpg,1920,1900,-20
36595.jpg,1920,1890,-30
36600.jpg,1920,1930,10
36605.jpg,1920,1910,-10
36610.jpg,1920,1927,7
36615.jpg,1920,1923,3
36620.jpg,1920,1912,-8
36625.jpg,1920,1985,65
36630.jpg,1920,1928,8
36635.jpg,1920,1905,-15
36640.jpg,1920,1880,-40
36650.jpg,1920,1938,18
36655.jpg,1920,1920,0
36660.jpg,1920,1902,-18
36665.jpg,1920,1950,30
36670.jpg,1920,1880,-40
36675.jpg,1920,1970,50
36680.jpg,1920,1905,-15
36685.jpg,1920,1750,-170
36690.jpg,1921,1926,5
36695.jpg,1921,1938,17
36700.jpg,1921,1935,14
36705.jpg,1921,1926,5
36710.jpg,1921,1920,-1
36715.jpg,1921,1927,6
36720.jpg,1921,1990,69
36725.jpg,1921,1925,4
36735.jpg,1921,2000,79
36740.jpg,1921,2007,86
36745.jpg,1921,1930,9
36750.jpg,1921,1930,9
36755.jpg,1921,1870,-51
36760.jpg,1921,1920,-1
36765.jpg,1921,1970,49
36770.jpg,1921,1924,3
36775.jpg,1921,1925,4
36780.jpg,1921,1930,9
36785.jpg,1921,1925,4
36790.jpg,1921,1924,3
36795.jpg,1921,1927,6
36800.jpg,1921,1850,-71
36805.jpg,1921,1895,-26
36810.jpg,1921,1905,-16
36815.jpg,1921,1910,-11
36820.jpg,1921,1885,-36
36830.jpg,1921,1940,19
36835.jpg,1921,1925,4
36840.jpg,1921,1920,-1
36845.jpg,1921,1950,29
36850.jpg,1921,1910,-11
36855.jpg,1921,1905,-16
36860.jpg,1921,1910,-11
36870.jpg,1921,1960,39
36875.jpg,1921,1880,-41
36880.jpg,1921,1900,-21
36885.jpg,1921,1960,39
36890.jpg,1921,1965,44
36895.jpg,1921,1965,44
36900.jpg,1921,2012,91
36905.jpg,1921,1929,8
36910.jpg,1921,1900,-21
36920.jpg,1921,1920,-1
36925.jpg,1921,2000,79
36930.jpg,1921,1925,4
36935.jpg,1921,1915,-6
36940.jpg,1921,1950,29
36945.jpg,1921,1920,-1
36950.jpg,1921,1910,-11
36955.jpg,1921,1890,-31
36960.jpg,1921,1880,-41
36965.jpg,1921,1935,14
36970.jpg,1922,1910,-12
36975.jpg,1922,1907,-15
36980.jpg,1922,1920,-2
36985.jpg,1922,1930,8
36990.jpg,1922,1928,6
36995.jpg,1922,2000,78
37000.jpg,1922,2010,88
37005.jpg,1922,2000,78
37010.jpg,1922,1921,-1
37015.jpg,1922,1965,43
37020.jpg,1922,1825,-97
37025.jpg,1922,2000,78
37030.jpg,1922,1955,33
37045.jpg,1922,1910,-12
37050.jpg,1922,2005,83
37055.jpg,1922,1910,-12
37060.jpg,1922,1930,8
37065.jpg,1922,1913,-9
37070.jpg,1922,1910,-12
37075.jpg,1922,1890,-32
37080.jpg,1922,1910,-12
37085.jpg,1922,1755,-167
37090.jpg,1922,1920,-2
37095.jpg,1922,1925,3
37100.jpg,1922,1870,-52
37105.jpg,1922,1900,-22
37110.jpg,1922,1993,71
37115.jpg,1922,1870,-52
37120.jpg,1922,1930,8
37125.jpg,1922,1920,-2
37130.jpg,1922,1830,-92
37135.jpg,1922,1880,-42
37140.jpg,1922,1950,28
37145.jpg,1922,1895,-27
37150.jpg,1922,1920,-2
37155.jpg,1922,1900,-22
37160.jpg,1922,1910,-12
37165.jpg,1922,1926,4
37170.jpg,1922,1940,18
37175.jpg,1922,1920,-2
37180.jpg,1922,1850,-72
37185.jpg,1922,1910,-12
37190.jpg,1922,1940,18
37195.jpg,1922,1820,-102
37200.jpg,1922,1948,26
37205.jpg,1922,1950,28
37210.jpg,1922,1915,-7
37215.jpg,1922,1998,76
37220.jpg,1922,1905,-17
37225.jpg,1922,1996,74
37230.jpg,1922,1910,-12
37235.jpg,1922,1900,-22
37240.jpg,1922,1905,-17
37245.jpg,1922,1950,28
37250.jpg,1922,1950,28
37255.jpg,1922,2005,83
37260.jpg,1922,1950,28
37270.jpg,1922,1924,2
37275.jpg,1922,1925,3
37280.jpg,1922,2000,78
37285.jpg,1922,2005,83
37290.jpg,1922,1870,-52
37295.jpg,1922,1950,28
37300.jpg,1922,1880,-42
37305.jpg,1922,1910,-12
37310.jpg,1923,1943,20
37315.jpg,1923,1932,9
37320.jpg,1923,1930,7
37330.jpg,1923,2009,86
37335.jpg,1923,1939,16
37340.jpg,1923,2004,81
37345.jpg,1923,2016,93
37355.jpg,1923,1910,-13
37360.jpg,1923,1850,-73
37365.jpg,1923,1939,16
37370.jpg,1923,1925,2
37375.jpg,1923,1910,-13
37380.jpg,1923,1950,27
37385.jpg,1923,1960,37
37390.jpg,1923,1920,-3
37395.jpg,1923,1920,-3
37400.jpg,1923,1890,-33
37405.jpg,1923,1898,-25
37410.jpg,1923,1920,-3
37415.jpg,1923,1910,-13
37420.jpg,1923,1925,2
37425.jpg,1923,2010,87
37430.jpg,1923,1910,-13
37435.jpg,1923,1905,-18
37440.jpg,1923,1905,-18
37445.jpg,1923,1860,-63
37450.jpg,1923,2005,82
37455.jpg,1923,1900,-23
37460.jpg,1923,1900,-23
37465.jpg,1923,1910,-13
37470.jpg,1923,1999,76
37475.jpg,1923,1930,7
37480.jpg,1923,1905,-18
37485.jpg,1923,1930,7
37490.jpg,1923,1930,7
37495.jpg,1923,1950,27
37500.jpg,1923,1925,2
37505.jpg,1923,1930,7
37510.jpg,1923,1895,-28
37515.jpg,1923,1945,22
37520.jpg,1923,1950,27
37525.jpg,1923,1890,-33
37530.jpg,1923,1910,-13
37535.jpg,1923,1920,-3
37540.jpg,1923,1920,-3
37545.jpg,1923,1954,31
37550.jpg,1923,1930,7
37555.jpg,1923,1910,-13
37560.jpg,1923,1955,32
37565.jpg,1923,1850,-73
37570.jpg,1923,1910,-13
37575.jpg,1923,1915,-8
37580.jpg,1923,1890,-33
37585.jpg,1923,1936,13
37590.jpg,1923,1910,-13
37595.jpg,1923,1911,-12
37600.jpg,1923,1925,2
37605.jpg,1923,1910,-13
37610.jpg,1923,1854,-69
37615.jpg,1923,1910,-13
37620.jpg,1923,2010,87
37625.jpg,1923,1920,-3
37630.jpg,1923,1905,-18
37635.jpg,1923,1920,-3
37640.jpg,1923,1930,7
37645.jpg,1923,1950,27
37650.jpg,1923,1875,-48
37655.jpg,1923,1950,27
37660.jpg,1923,1905,-18
37665.jpg,1923,1920,-3
37670.jpg,1924,1910,-14
37675.jpg,1924,1930,6
37680.jpg,1924,1910,-14
37685.jpg,1924,1910,-14
37690.jpg,1924,1894,-30
37695.jpg,1924,1923,-1
37700.jpg,1924,1925,1
37705.jpg,1924,1966,42
37710.jpg,1924,1990,66
37715.jpg,1924,1930,6
37720.jpg,1924,1960,36
37725.jpg,1924,1920,-4
37730.jpg,1924,1998,74
37735.jpg,1924,1910,-14
37740.jpg,1924,1925,1
37745.jpg,1924,1929,5
37750.jpg,1924,1905,-19
37755.jpg,1924,1950,26
37760.jpg,1924,1925,1
37765.jpg,1924,1925,1
37770.jpg,1924,1960,36
37775.jpg,1924,1929,5
37780.jpg,1924,1910,-14
37785.jpg,1924,1910,-14
37790.jpg,1924,1910,-14
37795.jpg,1924,1910,-14
37805.jpg,1924,1925,1
37810.jpg,1924,1910,-14
37815.jpg,1924,1908,-16
37820.jpg,1924,1880,-44
37825.jpg,1924,1910,-14
37830.jpg,1924,1925,1
37835.jpg,1924,1860,-64
37845.jpg,1924,2010,86
37850.jpg,1924,1880,-44
37855.jpg,1924,1905,-19
37860.jpg,1924,1858,-66
37865.jpg,1924,1929,5
37870.jpg,1924,1840,-84
37875.jpg,1924,1970,46
37880.jpg,1924,1925,1
37885.jpg,1924,1800,-124
37890.jpg,1924,1964,40
37895.jpg,1924,1965,41
37900.jpg,1924,1928,4
37905.jpg,1924,1925,1
37910.jpg,1924,1930,6
37915.jpg,1924,1920,-4
37920.jpg,1924,2015,91
37925.jpg,1924,1905,-19
37930.jpg,1924,1920,-4
37935.jpg,1924,1840,-84
37940.jpg,1924,1910,-14
37945.jpg,1924,2005,81
37950.jpg,1924,1932,8
37955.jpg,1924,1980,56
37960.jpg,1924,2000,76
37965.jpg,1924,1960,36
37970.jpg,1924,1890,-34
37975.jpg,1924,1890,-34
37980.jpg,1924,1900,-24
37985.jpg,1924,1970,46
37990.jpg,1924,1936,12
37995.jpg,1924,1915,-9
38000.jpg,1924,1924,0
38005.jpg,1924,1970,46
38010.jpg,1924,1910,-14
38015.jpg,1924,1925,1
38020.jpg,1924,1961,37
38025.jpg,1924,1925,1
38030.jpg,1924,1890,-34
38035.jpg,1924,1930,6
38040.jpg,1924,1850,-74
38045.jpg,1924,1940,16
38050.jpg,1924,1925,1
38055.jpg,1924,1929,5
38060.jpg,1924,1820,-104
38065.jpg,1924,1905,-19
38070.jpg,1924,1930,6
38075.jpg,1924,1925,1
38080.jpg,1925,1850,-75
38085.jpg,1925,1910,-15
38090.jpg,1925,1950,25
38095.jpg,1925,-1,-1926
38100.jpg,1925,1903,-22
38105.jpg,1925,1925,0
38110.jpg,1925,1920,-5
38115.jpg,1925,2010,85
38120.jpg,1925,2015,90
38125.jpg,1925,1980,55
38130.jpg,1925,-1,-1926
38135.jpg,1925,-1,-1926
38140.jpg,1925,1930,5
38145.jpg,1925,1918,-7
38150.jpg,1925,1920,-5
38155.jpg,1925,1880,-45
38160.jpg,1925,1905,-20
38165.jpg,1925,1925,0
38170.jpg,1925,1915,-10
38175.jpg,1925,1950,25
38180.jpg,1925,1950,25
38185.jpg,1925,1965,40
38190.jpg,1925,1955,30
38195.jpg,1925,1995,70
38200.jpg,1925,2005,80
38205.jpg,1925,1920,-5
38210.jpg,1925,1915,-10
38215.jpg,1925,1930,5
38220.jpg,1925,1930,5
38225.jpg,1925,1910,-15
38230.jpg,1925,1910,-15
38235.jpg,1925,1928,3
38245.jpg,1925,1935,10
38255.jpg,1925,1950,25
38260.jpg,1925,2005,80
38265.jpg,1925,1925,0
38270.jpg,1925,1880,-45
38275.jpg,1925,1960,35
38280.jpg,1925,1970,45
38285.jpg,1925,1890,-35
38290.jpg,1925,1854,-71
38295.jpg,1925,1920,-5
38300.jpg,1925,1920,-5
38305.jpg,1925,1975,50
38310.jpg,1925,1900,-25
38315.jpg,1925,1930,5
38320.jpg,1925,1905,-20
38325.jpg,1925,1920,-5
38330.jpg,1925,1945,20
38335.jpg,1925,1910,-15
38340.jpg,1925,1880,-45
38345.jpg,1925,1950,25
38350.jpg,1925,1920,-5
38355.jpg,1925,1920,-5
38360.jpg,1925,1940,15
38365.jpg,1925,1920,-5
38370.jpg,1925,1935,10
38375.jpg,1925,1850,-75
38380.jpg,1925,1940,15
38385.jpg,1925,1930,5
38390.jpg,1925,1940,15
38395.jpg,1925,1905,-20
38400.jpg,1925,1905,-20
38405.jpg,1925,1845,-80
38410.jpg,1925,1920,-5
38415.jpg,1925,1938,13
38420.jpg,1925,1920,-5
38425.jpg,1925,1930,5
38435.jpg,1925,1988,63
38440.jpg,1925,1925,0
38450.jpg,1925,1905,-20
38455.jpg,1925,2000,75
38460.jpg,1925,1920,-5
38465.jpg,1925,1930,5
38470.jpg,1925,1950,25
38475.jpg,1925,1910,-15
38480.jpg,1925,1910,-15
38490.jpg,1925,1907,-18
38495.jpg,1925,1925,0
38500.jpg,1925,1920,-5
38505.jpg,1925,1880,-45
38510.jpg,1925,1920,-5
38515.jpg,1926,1794,-132
38520.jpg,1926,1930,4
38525.jpg,1926,1915,-11
38530.jpg,1926,1921,-5
38535.jpg,1926,1930,4
38540.jpg,1926,1928,2
38545.jpg,1926,1820,-106
38550.jpg,1926,1920,-6
38555.jpg,1926,1925,-1
38560.jpg,1926,1925,-1
38565.jpg,1926,1900,-26
38570.jpg,1926,1940,14
38575.jpg,1926,1990,64
38580.jpg,1926,1970,44
38585.jpg,1926,1970,44
38590.jpg,1926,1960,34
38595.jpg,1926,2005,79
38600.jpg,1926,1930,4
38605.jpg,1926,1975,49
38610.jpg,1926,1905,-21
38620.jpg,1926,1950,24
38625.jpg,1926,1910,-16
38630.jpg,1926,1950,24
38635.jpg,1926,1925,-1
38640.jpg,1926,1910,-16
38645.jpg,1926,1960,34
38650.jpg,1926,1945,19
38655.jpg,1926,1953,27
38660.jpg,1926,1930,4
38665.jpg,1926,1930,4
38670.jpg,1926,1922,-4
38675.jpg,1926,1930,4
38680.jpg,1926,1936,10
38685.jpg,1926,1920,-6
38690.jpg,1926,1925,-1
38695.jpg,1926,1935,9
38700.jpg,1926,1927,1
38705.jpg,1926,1860,-66
38710.jpg,1926,1927,1
38715.jpg,1926,1910,-16
38720.jpg,1926,1910,-16
38725.jpg,1926,1900,-26
38730.jpg,1926,1920,-6
38735.jpg,1926,1905,-21
38740.jpg,1926,1965,39
38745.jpg,1926,1926,0
38750.jpg,1926,1929,3
38755.jpg,1926,1910,-16
38760.jpg,1926,1950,24
38765.jpg,1926,1930,4
38770.jpg,1926,1915,-11
38775.jpg,1926,1744,-182
38780.jpg,1926,1930,4
38785.jpg,1926,1970,44
38790.jpg,1926,1920,-6
38795.jpg,1926,1925,-1
38800.jpg,1926,1920,-6
38805.jpg,1926,1865,-61
38810.jpg,1926,1950,24
38815.jpg,1926,1830,-96
38820.jpg,1926,1920,-6
38825.jpg,1926,1930,4
38830.jpg,1926,1600,-326
38835.jpg,1926,1845,-81
38840.jpg,1926,1940,14
38845.jpg,1926,1950,24
38850.jpg,1926,1920,-6
38855.jpg,1926,2005,79
38860.jpg,1926,1950,24
38865.jpg,1926,2000,74
38870.jpg,1926,1930,4
38875.jpg,1926,1890,-36
38880.jpg,1926,1940,14
38885.jpg,1926,1830,-96
38890.jpg,1926,1931,5
38895.jpg,1926,1960,34
38905.jpg,1926,1910,-16
38910.jpg,1926,1908,-18
38915.jpg,1926,1920,-6
38920.jpg,1926,1950,24
38925.jpg,1926,1960,34
38930.jpg,1926,1923,-3
38935.jpg,1926,1920,-6
38940.jpg,1926,1890,-36
38945.jpg,1926,1912,-14
38950.jpg,1926,1958,32
38955.jpg,1926,2000,74
38960.jpg,1926,1937,11
38965.jpg,1926,1925,-1
38970.jpg,1926,1920,-6
38975.jpg,1926,1910,-16
38980.jpg,1926,1994,68
38985.jpg,1926,1950,24
38990.jpg,1926,1939,13
38995.jpg,1927,1930,3
39000.jpg,1927,1890,-37
39005.jpg,1927,1920,-7
39010.jpg,1927,1850,-77
39020.jpg,1927,1975,48
39025.jpg,1927,1925,-2
39030.jpg,1927,1920,-7
39035.jpg,1927,1930,3
39040.jpg,1927,1925,-2
39045.jpg,1927,1920,-7
39050.jpg,1927,1920,-7
39055.jpg,1927,1926,-1
39060.jpg,1927,1930,3
39065.jpg,1927,1925,-2
39070.jpg,1927,1925,-2
39075.jpg,1927,1925,-2
39080.jpg,1927,1928,1
39085.jpg,1927,1975,48
39090.jpg,1927,1970,43
39110.jpg,1927,1960,33
39115.jpg,1927,1915,-12
39120.jpg,1927,1937,10
39125.jpg,1927,1955,28
39130.jpg,1927,1950,23
39135.jpg,1927,1940,13
39140.jpg,1927,1930,3
39145.jpg,1927,1930,3
39150.jpg,1927,1920,-7
39155.jpg,1927,1930,3
39160.jpg,1927,1900,-27
39165.jpg,1927,1925,-2
39170.jpg,1927,1816,-111
39175.jpg,1927,1925,-2
39180.jpg,1927,1910,-17
39185.jpg,1927,1907,-20
39190.jpg,1927,1925,-2
39195.jpg,1927,1925,-2
39200.jpg,1927,1927,0
39205.jpg,1927,1925,-2
39210.jpg,1927,1925,-2
39215.jpg,1927,1930,3
39220.jpg,1927,1998,71
39225.jpg,1927,1890,-37
39230.jpg,1927,1900,-27
39235.jpg,1927,1910,-17
39240.jpg,1927,1928,1
39245.jpg,1927,1900,-27
39250.jpg,1927,1920,-7
39255.jpg,1927,1830,-97
39260.jpg,1927,1960,33
39265.jpg,1927,1925,-2
39270.jpg,1927,1925,-2
39275.jpg,1927,2010,83
39280.jpg,1927,1900,-27
39285.jpg,1927,1920,-7
39290.jpg,1927,1850,-77
39295.jpg,1927,1960,33
39300.jpg,1927,1930,3
39305.jpg,1927,1920,-7
39310.jpg,1927,1920,-7
39315.jpg,1927,1935,8
39320.jpg,1927,1780,-147
39325.jpg,1927,1965,38
39330.jpg,1927,1950,23
39335.jpg,1927,1900,-27
39340.jpg,1927,1920,-7
39345.jpg,1927,1925,-2
39350.jpg,1927,1940,13
39355.jpg,1927,1950,23
39360.jpg,1927,1920,-7
39365.jpg,1927,1940,13
39370.jpg,1927,1970,43
39375.jpg,1927,1930,3
39380.jpg,1927,1930,3
39385.jpg,1927,1908,-19
39390.jpg,1927,1930,3
39395.jpg,1927,1300,-627
39400.jpg,1927,1915,-12
39405.jpg,1927,1958,31
39410.jpg,1927,1960,33
39415.jpg,1927,1924,-3
39420.jpg,1927,1927,0
39425.jpg,1927,1910,-17
39430.jpg,1927,1910,-17
39435.jpg,1927,1910,-17
39440.jpg,1927,1927,0
39445.jpg,1927,1910,-17
39450.jpg,1927,1905,-22
39455.jpg,1927,1898,-29
39460.jpg,1927,1965,38
39465.jpg,1927,1905,-22
39470.jpg,1927,1903,-24
39475.jpg,1927,1925,-2
39480.jpg,1927,1925,-2
39485.jpg,1927,1960,33
39490.jpg,1927,1912,-15
39495.jpg,1927,1920,-7
39500.jpg,1927,1905,-22
39505.jpg,1927,1920,-7
39510.jpg,1928,1920,-8
39515.jpg,1928,1920,-8
39520.jpg,1928,1938,10
39525.jpg,1928,1927,-1
39530.jpg,1928,1935,7
39535.jpg,1928,1915,-13
39540.jpg,1928,1928,0
39545.jpg,1928,1906,-22
39550.jpg,1928,1910,-18
39555.jpg,1928,1928,0
39560.jpg,1928,1925,-3
39565.jpg,1928,1930,2
39570.jpg,1928,1920,-8
39575.jpg,1928,2015,87
39580.jpg,1928,1920,-8
39585.jpg,1928,1946,18
39590.jpg,1928,1986,58
39595.jpg,1928,1930,2
39600.jpg,1928,1965,37
39605.jpg,1928,2020,92
39610.jpg,1928,1960,32
39615.jpg,1928,2005,77
39620.jpg,1928,1910,-18
39625.jpg,1928,1880,-48
39630.jpg,1928,1928,0
39635.jpg,1928,1905,-23
39640.jpg,1928,1920,-8
39645.jpg,1928,1930,2
39650.jpg,1928,1930,2
39655.jpg,1928,1925,-3
39660.jpg,1928,1925,-3
39665.jpg,1928,1920,-8
39670.jpg,1928,1925,-3
39675.jpg,1928,1930,2
39680.jpg,1928,1928,0
39685.jpg,1928,1916,-12
39690.jpg,1928,1930,2
39695.jpg,1928,1910,-18
39700.jpg,1928,1934,6
39705.jpg,1928,1926,-2
39710.jpg,1928,1920,-8
39715.jpg,1928,1910,-18
39720.jpg,1928,1930,2
39725.jpg,1928,1890,-38
39730.jpg,1928,1910,-18
39735.jpg,1928,1890,-38
39740.jpg,1928,1950,22
39745.jpg,1928,1925,-3
39750.jpg,1928,1970,42
39755.jpg,1928,1900,-28
39760.jpg,1928,1905,-23
39765.jpg,1928,1964,36
39770.jpg,1928,1750,-178
39775.jpg,1928,1920,-8
39780.jpg,1928,1920,-8
39785.jpg,1928,1920,-8
39790.jpg,1928,1905,-23
39795.jpg,1928,1952,24
39800.jpg,1928,1920,-8
39805.jpg,1928,1875,-53
39810.jpg,1928,1955,27
39815.jpg,1928,1925,-3
39820.jpg,1928,1906,-22
39825.jpg,1928,1930,2
39830.jpg,1928,1900,-28
39835.jpg,1928,1940,12
39840.jpg,1928,1900,-28
39845.jpg,1928,1920,-8
39850.jpg,1928,1950,22
39855.jpg,1928,1930,2
39860.jpg,1928,1910,-18
39865.jpg,1928,1890,-38
39870.jpg,1928,1825,-103
39875.jpg,1928,1910,-18
39880.jpg,1928,1955,27
39885.jpg,1928,1925,-3
39890.jpg,1928,1905,-23
39895.jpg,1928,1920,-8
39900.jpg,1928,2009,81
39905.jpg,1928,1874,-54
39910.jpg,1928,1935,7
39915.jpg,1928,1870,-58
39920.jpg,1928,1940,12
39925.jpg,1928,1920,-8
39930.jpg,1928,1923,-5
39935.jpg,1928,2000,72
39940.jpg,1928,1925,-3
39945.jpg,1928,1940,12
39950.jpg,1928,1950,22
39955.jpg,1928,1900,-28
39960.jpg,1928,1925,-3
39965.jpg,1928,1904,-24
39970.jpg,1928,1914,-14
39975.jpg,1928,1910,-18
39980.jpg,1928,1905,-23
39985.jpg,1928,1920,-8
39990.jpg,1928,1930,2
39995.jpg,1928,1930,2
40000.jpg,1928,1915,-13
40010.jpg,1928,1960,32
40015.jpg,1928,1960,32
40020.jpg,1928,1910,-18
40025.jpg,1928,1950,22
40030.jpg,1928,1930,2
40035.jpg,1928,1925,-3
40040.jpg,1928,1910,-18
40045.jpg,1929,1920,-9
40050.jpg,1929,1932,3
40055.jpg,1929,1938,9
40060.jpg,1929,1913,-16
40065.jpg,1929,1900,-29
40070.jpg,1929,1919,-10
40075.jpg,1929,1925,-4
40080.jpg,1929,1923,-6
40095.jpg,1929,1930,1
40105.jpg,1929,1908,-21
40110.jpg,1929,1920,-9
40115.jpg,1929,1905,-24
40120.jpg,1929,1850,-79
40125.jpg,1929,1925,-4
40130.jpg,1929,1920,-9
40135.jpg,1929,1910,-19
40140.jpg,1929,1950,21
40145.jpg,1929,1934,5
40150.jpg,1929,1925,-4
40155.jpg,1929,1910,-19
40160.jpg,1929,1931,2
40165.jpg,1929,1929,0
40170.jpg,1929,1931,2
40175.jpg,1929,1931,2
40180.jpg,1929,1930,1
40185.jpg,1929,1930,1
40190.jpg,1929,1895,-34
40195.jpg,1929,1930,1
40200.jpg,1929,1928,-1
40205.jpg,1929,1930,1
40210.jpg,1929,1931,2
40215.jpg,1929,1909,-20
40220.jpg,1929,1934,5
40225.jpg,1929,1928,-1
40230.jpg,1929,1880,-49
40235.jpg,1929,1930,1
40240.jpg,1929,1993,64
40245.jpg,1929,2010,81
40250.jpg,1929,1990,61
40255.jpg,1929,1910,-19
40260.jpg,1929,1905,-24
40265.jpg,1929,1890,-39
40270.jpg,1929,1925,-4
40275.jpg,1929,1956,27
40280.jpg,1929,1926,-3
40285.jpg,1929,1856,-73
40290.jpg,1929,1930,1
40295.jpg,1929,1850,-79
40305.jpg,1929,1940,11
40310.jpg,1929,1925,-4
40315.jpg,1929,1920,-9
40320.jpg,1929,1945,16
40325.jpg,1929,1940,11
40330.jpg,1929,1910,-19
40335.jpg,1929,1876,-53
40340.jpg,1929,1950,21
40345.jpg,1929,1965,36
40350.jpg,1929,1853,-76
40355.jpg,1929,1860,-69
40360.jpg,1929,1910,-19
40365.jpg,1929,1960,31
40370.jpg,1929,1900,-29
40375.jpg,1929,1920,-9
40380.jpg,1929,1880,-49
40385.jpg,1929,1950,21
40390.jpg,1929,1955,26
40395.jpg,1929,1965,36
40400.jpg,1929,1929,0
40405.jpg,1929,1893,-36
40410.jpg,1929,1982,53
40415.jpg,1929,1930,1
40420.jpg,1929,1930,1
40425.jpg,1929,1920,-9
40430.jpg,1929,1900,-29
40435.jpg,1929,1930,1
40440.jpg,1929,1910,-19
40450.jpg,1929,1905,-24
40455.jpg,1929,1925,-4
40460.jpg,1929,1929,0
40465.jpg,1929,1920,-9
40470.jpg,1929,1930,1
40475.jpg,1929,1910,-19
40480.jpg,1929,1910,-19
40485.jpg,1929,1920,-9
40490.jpg,1929,1800,-129
40495.jpg,1929,1900,-29
40500.jpg,1929,1925,-4
40505.jpg,1929,1975,46
40510.jpg,1929,1905,-24
40515.jpg,1929,1930,1
40520.jpg,1929,1925,-4
40525.jpg,1929,1800,-129
40530.jpg,1929,1912,-17
40535.jpg,1929,1910,-19
40540.jpg,1930,1941,11
40545.jpg,1930,2012,82
40550.jpg,1930,1985,55
40555.jpg,1930,1930,0
40560.jpg,1930,2000,70
40565.jpg,1930,1936,6
40570.jpg,1930,1940,10
40575.jpg,1930,1950,20
40580.jpg,1930,1930,0
40585.jpg,1930,1925,-5
40590.jpg,1930,1930,0
40595.jpg,1930,1905,-25
40600.jpg,1930,1925,-5
40605.jpg,1930,1938,8
40610.jpg,1930,1840,-90
40615.jpg,1930,-1,-1931
40620.jpg,1930,1915,-15
40625.jpg,1930,1930,0
40630.jpg,1930,1925,-5
40635.jpg,1930,1930,0
40640.jpg,1930,1915,-15
40645.jpg,1930,2018,88
40650.jpg,1930,1930,0
40655.jpg,1930,1930,0
40660.jpg,1930,1850,-80
40665.jpg,1930,1898,-32
40670.jpg,1930,2019,89
40675.jpg,1930,1870,-60
40680.jpg,1930,1830,-100
40685.jpg,1930,1985,55
40690.jpg,1930,1924,-6
40695.jpg,1930,1958,28
40700.jpg,1930,1880,-50
40705.jpg,1930,1920,-10
40710.jpg,1930,1729,-201
40715.jpg,1930,1930,0
40720.jpg,1930,1890,-40
40725.jpg,1930,1920,-10
40730.jpg,1930,1910,-20
40735.jpg,1930,1850,-80
40740.jpg,1930,1880,-50
40745.jpg,1930,1905,-25
40750.jpg,1930,1780,-150
40755.jpg,1930,1950,20
40760.jpg,1930,1925,-5
40765.jpg,1930,1910,-20
40770.jpg,1930,1910,-20
40775.jpg,1930,1910,-20
40780.jpg,1930,2009,79
40785.jpg,1930,1955,25
40790.jpg,1930,1960,30
40795.jpg,1930,1937,7
40800.jpg,1930,1926,-4
40805.jpg,1930,1912,-18
40810.jpg,1930,1925,-5
40815.jpg,1930,1920,-10
40820.jpg,1930,1924,-6
40825.jpg,1930,1908,-22
40830.jpg,1930,1970,40
40835.jpg,1930,1970,40
40840.jpg,1930,1905,-25
40845.jpg,1930,1931,1
40850.jpg,1930,1912,-18
40855.jpg,1930,1928,-2
40860.jpg,1930,1915,-15
40865.jpg,1930,1900,-30
40870.jpg,1930,1927,-3
40875.jpg,1930,1925,-5
40885.jpg,1930,1950,20
40890.jpg,1930,1950,20
40895.jpg,1930,1930,0
40900.jpg,1930,1967,37
40905.jpg,1930,1930,0
40910.jpg,1930,1930,0
40915.jpg,1930,1910,-20
40920.jpg,1930,1925,-5
40925.jpg,1930,1930,0
40930.jpg,1930,1915,-15
40935.jpg,1930,1960,30
40940.jpg,1930,1920,-10
40950.jpg,1930,1923,-7
40960.jpg,1930,1923,-7
40965.jpg,1931,1965,34
40970.jpg,1931,1955,24
40975.jpg,1931,1960,29
40980.jpg,1931,1930,-1
40985.jpg,1931,1921,-10
40990.jpg,1931,1947,16
40995.jpg,1931,1928,-3
41000.jpg,1931,1950,19
41005.jpg,1931,1940,9
41010.jpg,1931,1982,51
41015.jpg,1931,-1,-1932
41020.jpg,1931,1926,-5
41025.jpg,1931,1922,-9
41030.jpg,1931,2000,69
41035.jpg,1931,1930,-1
41040.jpg,1931,1937,6
41045.jpg,1931,1920,-11
41050.jpg,1931,1910,-21
41055.jpg,1931,1925,-6
41060.jpg,1931,1955,24
41065.jpg,1931,1925,-6
41070.jpg,1931,1928,-3
41075.jpg,1931,1931,0
41080.jpg,1931,1931,0
41085.jpg,1931,1929,-2
41095.jpg,1931,1929,-2
41100.jpg,1931,1931,0
41105.jpg,1931,1930,-1
41110.jpg,1931,1910,-21
41115.jpg,1931,1905,-26
41120.jpg,1931,1950,19
41125.jpg,1931,1930,-1
41130.jpg,1931,2005,74
41135.jpg,1931,1925,-6
41140.jpg,1931,1905,-26
41150.jpg,1931,1930,-1
41155.jpg,1931,1750,-181
41160.jpg,1931,1910,-21
41165.jpg,1931,1840,-91
41170.jpg,1931,1980,49
41175.jpg,1931,1936,5
41180.jpg,1931,1960,29
41185.jpg,1931,1930,-1
41190.jpg,1931,1930,-1
41195.jpg,1931,1930,-1
41200.jpg,1931,1905,-26
41205.jpg,1931,1930,-1
41210.jpg,1931,1948,17
41215.jpg,1931,1900,-31
41220.jpg,1931,1890,-41
41225.jpg,1931,1795,-136
41230.jpg,1931,1947,16
41235.jpg,1931,2003,72
41240.jpg,1931,1905,-26
41245.jpg,1931,1912,-19
41250.jpg,1931,1950,19
41255.jpg,1931,1929,-2
41260.jpg,1931,1920,-11
41265.jpg,1931,1935,4
41270.jpg,1931,1920,-11
41275.jpg,1931,1950,19
41280.jpg,1931,1920,-11
41285.jpg,1931,1925,-6
41290.jpg,1931,1960,29
41295.jpg,1931,1968,37
41305.jpg,1931,1930,-1
41310.jpg,1932,1930,-2
41320.jpg,1932,1931,-1
41325.jpg,1932,1825,-107
41330.jpg,1932,1950,18
41340.jpg,1932,1975,43
41345.jpg,1932,1928,-4
41350.jpg,1932,1925,-7
41355.jpg,1932,1950,18
41360.jpg,1932,1950,18
41365.jpg,1932,1930,-2
41370.jpg,1932,1929,-3
41375.jpg,1932,1930,-2
41380.jpg,1932,1928,-4
41385.jpg,1932,1926,-6
41390.jpg,1932,1950,18
41395.jpg,1932,1950,18
41400.jpg,1932,1910,-22
41405.jpg,1932,1913,-19
41410.jpg,1932,1,-1931
41415.jpg,1932,1932,0
41420.jpg,1932,1950,18
41425.jpg,1932,1932,0
41430.jpg,1932,1930,-2
41435.jpg,1932,1860,-72
41440.jpg,1932,1790,-142
41445.jpg,1932,1925,-7
41450.jpg,1932,1960,28
41455.jpg,1932,1790,-142
41460.jpg,1932,1798,-134
41465.jpg,1932,1950,18
41470.jpg,1932,1995,63
41475.jpg,1932,1896,-36
41480.jpg,1932,1928,-4
41485.jpg,1932,1940,8
41490.jpg,1932,1960,28
41495.jpg,1932,1914,-18
41500.jpg,1932,2003,71
41505.jpg,1932,1960,28
41510.jpg,1932,1935,3
41515.jpg,1932,1932,0
41520.jpg,1932,1930,-2
41525.jpg,1932,1910,-22
41530.jpg,1932,1870,-62
41535.jpg,1932,1950,18
41540.jpg,1932,-1,-1933
41545.jpg,1932,1883,-49
41550.jpg,1932,1998,66
41555.jpg,1932,1921,-11
41560.jpg,1932,1870,-62
41565.jpg,1932,1930,-2
41570.jpg,1933,2005,72
41575.jpg,1933,1890,-43
41580.jpg,1933,1845,-88
41585.jpg,1933,2005,72
41590.jpg,1933,1970,37
41595.jpg,1933,1932,-1
41600.jpg,1933,1850,-83
41605.jpg,1933,1925,-8
41610.jpg,1933,1933,0
41615.jpg,1933,1860,-73
41620.jpg,1933,1955,22
41625.jpg,1933,1950,17
41630.jpg,1933,1906,-27
41635.jpg,1933,1930,-3
41640.jpg,1933,1770,-163
41645.jpg,1933,1905,-28
41650.jpg,1933,1910,-23
41655.jpg,1933,1912,-21
41660.jpg,1933,1939,6
41665.jpg,1933,1910,-23
41670.jpg,1933,1930,-3
41675.jpg,1933,1925,-8
41680.jpg,1933,1960,27
41685.jpg,1933,1854,-79
41690.jpg,1933,1930,-3
41695.jpg,1933,1910,-23
41700.jpg,1933,1924,-9
41705.jpg,1933,1939,6
41710.jpg,1933,1890,-43
41715.jpg,1933,1792,-141
41720.jpg,1933,1900,-33
41725.jpg,1933,1910,-23
41730.jpg,1933,1932,-1
41745.jpg,1933,1850,-83
41750.jpg,1933,1930,-3
41755.jpg,1933,1940,7
41760.jpg,1933,2018,85
41765.jpg,1933,1938,5
41770.jpg,1933,1870,-63
41775.jpg,1933,1950,17
41780.jpg,1933,1870,-63
41785.jpg,1933,1862,-71
41790.jpg,1933,1960,27
41795.jpg,1933,1970,37
41800.jpg,1933,1980,47
41805.jpg,1933,1967,34
41810.jpg,1933,1930,-3
41815.jpg,1933,1920,-13
41820.jpg,1933,1910,-23
41825.jpg,1933,1880,-53
41830.jpg,1933,1930,-3
41835.jpg,1934,1950,16
41840.jpg,1934,1923,-11
41845.jpg,1934,2005,71
41850.jpg,1934,1900,-34
41855.jpg,1934,1965,31
41860.jpg,1934,2001,67
41865.jpg,1934,2008,74
41870.jpg,1934,2010,76
41875.jpg,1934,1925,-9
41880.jpg,1934,1950,16
41885.jpg,1934,1890,-44
41890.jpg,1934,1955,21
41895.jpg,1934,2015,81
41900.jpg,1934,1938,4
41905.jpg,1934,1935,1
41910.jpg,1934,1930,-4
41915.jpg,1934,1960,26
41920.jpg,1934,2008,74
41925.jpg,1934,1895,-39
41930.jpg,1934,1950,16
41935.jpg,1934,2005,71
41940.jpg,1934,2000,66
41945.jpg,1934,1891,-43
41950.jpg,1934,1970,36
41955.jpg,1934,1850,-84
41960.jpg,1934,1975,41
41965.jpg,1934,1860,-74
41970.jpg,1934,1770,-164
41975.jpg,1934,1996,62
41980.jpg,1934,1915,-19
41985.jpg,1934,1940,6
41990.jpg,1934,1935,1
41995.jpg,1934,1930,-4
42000.jpg,1934,1920,-14
42005.jpg,1934,1860,-74
42010.jpg,1935,1936,1
42015.jpg,1935,1905,-30
42020.jpg,1935,1936,1
42025.jpg,1935,1910,-25
42035.jpg,1935,2005,70
42040.jpg,1935,1995,60
42045.jpg,1935,2007,72
42050.jpg,1935,1920,-15
42060.jpg,1935,1940,5
42065.jpg,1935,2010,75
42070.jpg,1935,1920,-15
42075.jpg,1935,1930,-5
42080.jpg,1935,1930,-5
42085.jpg,1935,1898,-37
42090.jpg,1935,1915,-20
42095.jpg,1935,1890,-45
42100.jpg,1935,1970,35
42105.jpg,1935,1953,18
42110.jpg,1935,2005,70
42115.jpg,1935,1880,-55
42120.jpg,1935,1941,6
42125.jpg,1935,1900,-35
42130.jpg,1935,1945,10
42135.jpg,1935,1960,25
42140.jpg,1935,1950,15
42145.jpg,1935,1750,-185
42150.jpg,1935,1850,-85
42155.jpg,1935,1770,-165
42160.jpg,1935,1905,-30
42165.jpg,1935,1880,-55
42170.jpg,1935,1912,-23
42175.jpg,1935,2010,75
42180.jpg,1935,1930,-5
42185.jpg,1935,1965,30
42190.jpg,1935,1927,-8
42195.jpg,1935,1940,5
42200.jpg,1935,1960,25
42205.jpg,1935,1925,-10
42210.jpg,1935,1925,-10
42215.jpg,1935,1920,-15
42220.jpg,1935,1940,5
42225.jpg,1935,1949,14
42230.jpg,1935,1930,-5
42235.jpg,1935,1939,4
42240.jpg,1935,1920,-15
42250.jpg,1935,1960,25
42255.jpg,1935,1998,63
42260.jpg,1935,1990,55
42265.jpg,1935,1925,-10
42270.jpg,1935,1940,5
42275.jpg,1935,1975,40
42280.jpg,1935,1950,15
42285.jpg,1935,1925,-10
42290.jpg,1935,-1,-1936
42295.jpg,1936,1960,24
42300.jpg,1936,2015,79
42305.jpg,1936,1949,13
42310.jpg,1936,1970,34
42315.jpg,1936,1935,-1
42320.jpg,1936,2008,72
42325.jpg,1936,1960,24
42330.jpg,1936,2007,71
42335.jpg,1936,1961,25
42340.jpg,1936,1925,-11
42345.jpg,1936,1940,4
42350.jpg,1936,1970,34
42355.jpg,1936,1950,14
42360.jpg,1936,2000,64
42365.jpg,1936,1959,23
42370.jpg,1936,1915,-21
42375.jpg,1936,1880,-56
42380.jpg,1936,1970,34
42385.jpg,1936,1930,-6
42390.jpg,1936,2005,69
42395.jpg,1936,1942,6
42400.jpg,1936,1955,19
42405.jpg,1936,1910,-26
42410.jpg,1936,1985,49
42415.jpg,1936,1933,-3
42420.jpg,1936,1936,0
42425.jpg,1936,1961,25
42430.jpg,1936,1950,14
42435.jpg,1936,1935,-1
42440.jpg,1936,1950,14
42445.jpg,1936,1870,-66
42450.jpg,1936,1940,4
42455.jpg,1936,1955,19
42460.jpg,1936,1930,-6
42465.jpg,1936,1940,4
42470.jpg,1936,1954,18
42475.jpg,1936,1960,24
42480.jpg,1936,1600,-336
42485.jpg,1936,1910,-26
42490.jpg,1936,1930,-6
42495.jpg,1936,1890,-46
42500.jpg,1936,1910,-26
42505.jpg,1936,1900,-36
42510.jpg,1936,1930,-6
42515.jpg,1936,1955,19
42520.jpg,1936,1543,-393
42525.jpg,1936,1940,4
42530.jpg,1936,1950,14
42535.jpg,1936,1929,-7
42540.jpg,1936,1843,-93
42545.jpg,1936,1830,-106
42550.jpg,1936,1910,-26
42555.jpg,1936,1500,-436
42560.jpg,1936,1920,-16
42565.jpg,1936,1863,-73
42570.jpg,1936,1960,24
42575.jpg,1936,1920,-16
42585.jpg,1936,1980,44
42595.jpg,1936,1955,19
42600.jpg,1936,1973,37
42610.jpg,1937,1916,-21
42615.jpg,1937,1930,-7
42620.jpg,1937,1935,-2
42625.jpg,1937,1930,-7
42630.jpg,1937,1990,53
42635.jpg,1937,1942,5
42640.jpg,1937,2002,65
42645.jpg,1937,1908,-29
42650.jpg,1937,1928,-9
42655.jpg,1937,2014,77
42660.jpg,1937,1900,-37
42665.jpg,1937,1910,-27
42670.jpg,1937,1905,-32
42675.jpg,1937,800,-1137
42680.jpg,1937,1965,28
42685.jpg,1937,1920,-17
42690.jpg,1937,1950,13
42695.jpg,1937,1975,38
42700.jpg,1937,1900,-37
42705.jpg,1937,1932,-5
42710.jpg,1937,2018,81
42715.jpg,1937,1960,23
42720.jpg,1937,1890,-47
42725.jpg,1937,1890,-47
42730.jpg,1937,1950,13
42735.jpg,1937,1950,13
42740.jpg,1937,1937,0
42745.jpg,1937,1985,48
42750.jpg,1937,1965,28
42755.jpg,1937,1930,-7
42765.jpg,1937,1830,-107
42770.jpg,1937,1995,58
42775.jpg,1937,1910,-27
42780.jpg,1937,1930,-7
42785.jpg,1937,1954,17
42790.jpg,1937,1910,-27
42795.jpg,1937,1955,18
42800.jpg,1937,1910,-27
42805.jpg,1937,1970,33
42810.jpg,1937,1790,-147
42815.jpg,1937,1938,1
42820.jpg,1937,2010,73
42825.jpg,1937,1890,-47
42830.jpg,1937,1943,6
42835.jpg,1937,1930,-7
42840.jpg,1937,1925,-12
42845.jpg,1937,1935,-2
42850.jpg,1937,1977,40
42855.jpg,1937,1930,-7
42860.jpg,1937,1903,-34
42865.jpg,1937,1963,26
42870.jpg,1937,1960,23
42875.jpg,1937,1970,33
42880.jpg,1937,1850,-87
42885.jpg,1937,1950,13
42890.jpg,1937,1928,-9
42895.jpg,1937,1910,-27
42900.jpg,1937,1935,-2
42905.jpg,1937,1938,1
42910.jpg,1937,1050,-887
42915.jpg,1938,1960,22
42920.jpg,1938,1932,-6
42925.jpg,1938,1920,-18
42930.jpg,1938,1920,-18
42935.jpg,1938,1925,-13
42940.jpg,1938,2002,64
42945.jpg,1938,2014,76
42950.jpg,1938,2000,62
42955.jpg,1938,2010,72
42960.jpg,1938,1920,-18
42965.jpg,1938,1930,-8
42970.jpg,1938,1930,-8
42975.jpg,1938,1925,-13
42980.jpg,1938,1915,-23
42985.jpg,1938,1890,-48
42990.jpg,1938,1950,12
42995.jpg,1938,1930,-8
43000.jpg,1938,1955,17
43005.jpg,1938,1900,-38
43010.jpg,1938,1905,-33
43015.jpg,1938,1965,27
43020.jpg,1938,1890,-48
43025.jpg,1938,1970,32
43030.jpg,1938,1905,-33
43035.jpg,1938,1840,-98
43040.jpg,1938,1940,2
43045.jpg,1938,1963,25
43050.jpg,1938,2005,67
43055.jpg,1938,1940,2
43060.jpg,1938,1965,27
43065.jpg,1938,1950,12
43070.jpg,1938,2005,67
43075.jpg,1938,1950,12
43080.jpg,1938,1960,22
43085.jpg,1938,1900,-38
43090.jpg,1938,2005,67
43095.jpg,1938,1930,-8
43100.jpg,1938,1970,32
43105.jpg,1938,1935,-3
43110.jpg,1938,1951,13
43115.jpg,1938,2011,73
43120.jpg,1938,1930,-8
43125.jpg,1938,-1,-1939
43130.jpg,1938,1937,-1
43135.jpg,1938,1920,-18
43140.jpg,1938,1985,47
43145.jpg,1938,1926,-12
43150.jpg,1938,1873,-65
43155.jpg,1938,1975,37
43160.jpg,1938,1910,-28
43165.jpg,1938,1953,15
43170.jpg,1938,1937,-1
43175.jpg,1938,1960,22
43185.jpg,1938,1970,32
43190.jpg,1938,1935,-3
43195.jpg,1938,1925,-13
43200.jpg,1938,1970,32
43210.jpg,1939,1947,8
43215.jpg,1939,1938,-1
43220.jpg,1939,1920,-19
43225.jpg,1939,1850,-89
43235.jpg,1939,2010,71
43245.jpg,1939,2000,61
43250.jpg,1939,2000,61
43255.jpg,1939,1999,60
43260.jpg,1939,1965,26
43270.jpg,1939,1890,-49
43275.jpg,1939,1930,-9
43280.jpg,1939,1850,-89
43285.jpg,1939,1952,13
43290.jpg,1939,1930,-9
43295.jpg,1939,1920,-19
43300.jpg,1939,1958,19
43305.jpg,1939,1960,21
43310.jpg,1939,1937,-2
43315.jpg,1939,1915,-24
43320.jpg,1939,1960,21
43325.jpg,1939,1930,-9
43330.jpg,1939,2003,64
43335.jpg,1939,2012,73
43340.jpg,1939,1936,-3
43345.jpg,1939,1950,11
43350.jpg,1939,2005,66
43360.jpg,1939,2018,79
43365.jpg,1939,1920,-19
43370.jpg,1939,1910,-29
43375.jpg,1939,1905,-34
43380.jpg,1939,1947,8
43385.jpg,1939,1952,13
43390.jpg,1939,1937,-2
43395.jpg,1939,1955,16
43400.jpg,1939,2018,79
43405.jpg,1939,2015,76
43410.jpg,1939,1935,-4
43415.jpg,1939,1930,-9
43420.jpg,1939,1930,-9
43425.jpg,1939,1935,-4
43430.jpg,1939,1890,-49
43435.jpg,1939,1938,-1
43440.jpg,1939,1000,-939
43445.jpg,1939,2010,71
43450.jpg,1939,1955,16
43455.jpg,1939,1936,-3
43460.jpg,1939,1940,1
43465.jpg,1939,1905,-34
43470.jpg,1940,1965,25
43475.jpg,1940,1940,0
43480.jpg,1940,1930,-10
43485.jpg,1940,1930,-10
43490.jpg,1940,1910,-30
43495.jpg,1940,1970,30
43500.jpg,1940,1970,30
43505.jpg,1940,2009,69
43510.jpg,1940,1955,15
43515.jpg,1940,1950,10
43520.jpg,1940,1935,-5
43525.jpg,1940,1800,-140
43530.jpg,1940,1930,-10
43535.jpg,1940,1885,-55
43540.jpg,1940,1938,-2
43545.jpg,1940,1960,20
43550.jpg,1940,1910,-30
43555.jpg,1940,1950,10
43560.jpg,1940,1926,-14
43565.jpg,1940,1930,-10
43570.jpg,1940,1900,-40
43575.jpg,1940,1939,-1
43580.jpg,1940,1890,-50
43585.jpg,1940,2005,65
43590.jpg,1940,1925,-15
43595.jpg,1940,2005,65
43600.jpg,1940,1935,-5
43605.jpg,1940,1935,-5
43610.jpg,1940,1890,-50
43615.jpg,1940,1840,-100
43620.jpg,1940,1950,10
43625.jpg,1940,1935,-5
43630.jpg,1940,1904,-36
43635.jpg,1940,1932,-8
43640.jpg,1940,1905,-35
43645.jpg,1940,2005,65
43650.jpg,1940,1930,-10
43655.jpg,1940,1950,10
43660.jpg,1940,1958,18
43665.jpg,1940,1940,0
43670.jpg,1940,1980,40
43675.jpg,1940,1950,10
43680.jpg,1940,1935,-5
43685.jpg,1940,1955,15
43700.jpg,1940,1905,-35
43705.jpg,1940,1940,0
43710.jpg,1940,1930,-10
43715.jpg,1940,1960,20
43720.jpg,1941,1935,-6
43725.jpg,1941,1946,5
43730.jpg,1941,2012,71
43735.jpg,1941,1990,49
43740.jpg,1941,1995,54
43745.jpg,1941,1862,-79
43750.jpg,1941,1915,-26
43755.jpg,1941,1868,-73
43760.jpg,1941,1910,-31
43765.jpg,1941,1840,-101
43770.jpg,1941,1920,-21
43775.jpg,1941,1950,9
43780.jpg,1941,1960,19
43785.jpg,1941,1960,19
43790.jpg,1941,1920,-21
43795.jpg,1941,2019,78
43800.jpg,1941,1905,-36
43805.jpg,1941,1850,-91
43810.jpg,1941,1960,19
43815.jpg,1941,1965,24
43820.jpg,1941,1945,4
43825.jpg,1941,1950,9
43830.jpg,1941,2005,64
43835.jpg,1941,1971,30
43840.jpg,1941,1969,28
43845.jpg,1941,1932,-9
43850.jpg,1941,1950,9
43855.jpg,1941,1870,-71
43860.jpg,1941,1950,9
43865.jpg,1942,1946,4
43870.jpg,1942,1950,8
43875.jpg,1942,1955,13
43880.jpg,1942,1935,-7
43885.jpg,1942,2005,63
43890.jpg,1942,1953,11
43895.jpg,1942,1940,-2
43900.jpg,1942,1910,-32
43905.jpg,1942,1910,-32
43910.jpg,1942,1960,18
43915.jpg,1942,1820,-122
43920.jpg,1942,1910,-32
43925.jpg,1942,2005,63
43930.jpg,1942,1930,-12
43935.jpg,1942,1920,-22
43940.jpg,1942,1930,-12
43945.jpg,1942,1950,8
43950.jpg,1942,1910,-32
43955.jpg,1942,1850,-92
43960.jpg,1943,2000,57
43965.jpg,1943,1960,17
43970.jpg,1943,1970,27
43975.jpg,1943,1941,-2
43980.jpg,1943,1902,-41
43985.jpg,1943,1910,-33
43990.jpg,1943,1979,36
43995.jpg,1943,1930,-13
44000.jpg,1943,1950,7
44005.jpg,1943,2010,67
44010.jpg,1943,2000,57
44015.jpg,1943,1950,7
44020.jpg,1943,1935,-8
44025.jpg,1943,1960,17
44030.jpg,1944,1910,-34
44035.jpg,1944,2000,56
44040.jpg,1944,1990,46
44045.jpg,1944,1899,-45
44050.jpg,1944,1935,-9
44055.jpg,1944,1960,16
44060.jpg,1945,1905,-40
44065.jpg,1945,1940,-5
44075.jpg,1945,1970,25
44080.jpg,1945,1961,16
44090.jpg,1945,1885,-60
44095.jpg,1945,1965,20
44100.jpg,1945,1990,45
44105.jpg,1945,1930,-15
44110.jpg,1945,1940,-5
44115.jpg,1946,1956,10
44120.jpg,1946,2005,59
44125.jpg,1946,1970,24
44130.jpg,1946,1964,18
44135.jpg,1946,1926,-20
44140.jpg,1946,1970,24
44145.jpg,1946,1970,24
44150.jpg,1946,1920,-26
44155.jpg,1946,1910,-36
44160.jpg,1946,1930,-16
44165.jpg,1946,1960,14
44170.jpg,1946,1965,19
44175.jpg,1947,1942,-5
44180.jpg,1947,1940,-7
44185.jpg,1947,1839,-108
44190.jpg,1947,2006,59
44195.jpg,1947,2010,63
44200.jpg,1947,1960,13
44205.jpg,1947,1995,48
44210.jpg,1947,2000,53
44215.jpg,1947,1965,18
44220.jpg,1947,1930,-17
44230.jpg,1947,1923,-24
44240.jpg,1947,1950,3
44245.jpg,1947,1985,38
44250.jpg,1947,1940,-7
44255.jpg,1947,2010,63
44260.jpg,1947,2000,53
44270.jpg,1947,1950,3
44275.jpg,1947,1910,-37
44280.jpg,1947,1950,3
44285.jpg,1948,1930,-18
44290.jpg,1948,2020,72
44295.jpg,1948,2010,62
44300.jpg,1948,1975,27
44305.jpg,1948,2010,62
44310.jpg,1948,2010,62
44315.jpg,1948,2019,71
44320.jpg,1948,1992,44
44325.jpg,1948,1970,22
44330.jpg,1948,1960,12
44335.jpg,1948,1850,-98
44340.jpg,1948,1960,12
44345.jpg,1948,1910,-38
44350.jpg,1948,1950,2
44355.jpg,1948,1960,12
44360.jpg,1948,1990,42
44365.jpg,1948,1980,32
44370.jpg,1948,1890,-58
44375.jpg,1948,1930,-18
44380.jpg,1948,1975,27
44385.jpg,1948,1975,27
44390.jpg,1948,1964,16
44395.jpg,1948,1940,-8
44400.jpg,1949,1905,-44
44405.jpg,1949,2018,69
44410.jpg,1949,1950,1
44415.jpg,1949,2010,61
44420.jpg,1949,2010,61
44425.jpg,1949,2005,56
44430.jpg,1949,1960,11
44435.jpg,1949,1972,23
44440.jpg,1949,1985,36
44445.jpg,1949,2005,56
44450.jpg,1949,1932,-17
44455.jpg,1949,1930,-19
44460.jpg,1949,1960,11
44465.jpg,1949,1903,-46
44470.jpg,1949,1985,36
44475.jpg,1949,1940,-9
44480.jpg,1949,1960,11
44485.jpg,1949,1960,11
44490.jpg,1949,1950,1
44495.jpg,1949,1960,11
44500.jpg,1949,1960,11
44510.jpg,1949,1905,-44
44515.jpg,1949,1915,-34
44520.jpg,1949,2015,66
44525.jpg,1949,2010,61
44530.jpg,1949,1939,-10
44535.jpg,1949,1960,11
44540.jpg,1950,1995,45
44545.jpg,1950,2010,60
44550.jpg,1950,2005,55
44555.jpg,1950,2000,50
44560.jpg,1950,2010,60
44565.jpg,1950,1995,45
44570.jpg,1950,2005,55
44575.jpg,1950,1930,-20
44585.jpg,1950,1980,30
44590.jpg,1950,1964,14
44595.jpg,1950,1994,44
44600.jpg,1950,1972,22
44605.jpg,1950,1960,10
44610.jpg,1950,1965,15
44615.jpg,1950,1965,15
44620.jpg,1950,1960,10
44625.jpg,1950,1930,-20
44630.jpg,1950,1890,-60
44635.jpg,1950,1930,-20
44640.jpg,1950,1965,15
44645.jpg,1950,1940,-10
44650.jpg,1950,1955,5
44655.jpg,1950,1950,0
44660.jpg,1950,1956,6
44665.jpg,1950,1960,10
44680.jpg,1950,2000,50
44685.jpg,1950,1960,10
44690.jpg,1950,1947,-3
44695.jpg,1950,1909,-41
44700.jpg,1950,2010,60
44705.jpg,1951,1960,9
44710.jpg,1951,1915,-36
44720.jpg,1951,1970,19
44725.jpg,1951,2005,54
44730.jpg,1951,2000,49
44735.jpg,1951,1930,-21
44740.jpg,1951,1920,-31
44745.jpg,1951,1970,19
44750.jpg,1951,1962,11
44755.jpg,1951,1935,-16
44760.jpg,1951,1960,9
44765.jpg,1951,1930,-21
44770.jpg,1951,1345,-606
44775.jpg,1951,2015,64
44780.jpg,1951,1750,-201
44785.jpg,1951,1960,9
44790.jpg,1951,1954,3
44795.jpg,1951,2018,67
44800.jpg,1951,1930,-21
44810.jpg,1951,1900,-51
44815.jpg,1951,1970,19
44820.jpg,1951,1942,-9
44825.jpg,1951,2014,63
44830.jpg,1951,2005,54
44840.jpg,1951,1960,9
44845.jpg,1952,1980,28
44850.jpg,1952,2000,48
44855.jpg,1952,2017,65
44860.jpg,1952,1970,18
44865.jpg,1952,2007,55
44870.jpg,1952,2004,52
44875.jpg,1952,1928,-24
44880.jpg,1952,2000,48
44885.jpg,1952,1970,18
44890.jpg,1952,2005,53
44895.jpg,1952,2011,59
44900.jpg,1952,1950,-2
44905.jpg,1952,1915,-37
44910.jpg,1952,2002,50
44915.jpg,1952,1960,8
44920.jpg,1952,1960,8
44925.jpg,1952,1930,-22
44930.jpg,1952,2005,53
44940.jpg,1952,1960,8
44945.jpg,1952,2010,58
44950.jpg,1952,1970,18
44955.jpg,1952,2010,58
44960.jpg,1953,1950,-3
44965.jpg,1953,2010,57
44970.jpg,1953,2010,57
44980.jpg,1953,1929,-24
44985.jpg,1953,2014,61
44990.jpg,1953,2012,59
44995.jpg,1953,1970,17
45000.jpg,1953,2014,61
45005.jpg,1953,1940,-13
45010.jpg,1953,1930,-23
45015.jpg,1953,1965,12
45020.jpg,1953,1968,15
45025.jpg,1953,1960,7
45030.jpg,1953,1940,-13
45035.jpg,1953,1940,-13
45040.jpg,1953,1920,-33
45045.jpg,1953,1876,-77
45050.jpg,1953,1980,27
45055.jpg,1953,1950,-3
45060.jpg,1953,1930,-23
45065.jpg,1953,1985,32
45070.jpg,1953,1960,7
45075.jpg,1953,2015,62
45080.jpg,1953,-1,-1954
45085.jpg,1953,2010,57
45090.jpg,1953,1905,-48
45095.jpg,1954,1951,-3
45100.jpg,1954,2015,61
45105.jpg,1954,2005,51
45110.jpg,1954,1970,16
45115.jpg,1954,2012,58
45120.jpg,1954,1970,16
45125.jpg,1954,2004,50
45130.jpg,1954,1960,6
45135.jpg,1954,1975,21
45140.jpg,1954,1985,31
45150.jpg,1954,1931,-23
45155.jpg,1954,1930,-24
45160.jpg,1954,1965,11
45165.jpg,1954,2005,51
45170.jpg,1954,2006,52
45175.jpg,1954,1920,-34
45180.jpg,1954,1915,-39
45185.jpg,1954,1950,-4
45190.jpg,1954,1955,1
45195.jpg,1954,1920,-34
45200.jpg,1954,1956,2
45205.jpg,1954,1924,-30
45210.jpg,1954,1915,-39
45215.jpg,1954,2005,51
45220.jpg,1954,1812,-142
45225.jpg,1954,1968,14
45230.jpg,1954,2000,46
45235.jpg,1955,1905,-50
45240.jpg,1955,2000,45
45245.jpg,1955,1970,15
45250.jpg,1955,1998,43
45255.jpg,1955,1975,20
45260.jpg,1955,1965,10
45265.jpg,1955,2008,53
45275.jpg,1955,1970,15
45280.jpg,1955,2010,55
45285.jpg,1955,1976,21
45290.jpg,1955,1998,43
45295.jpg,1955,1992,37
45300.jpg,1955,2019,64
45310.jpg,1955,1970,15
45315.jpg,1955,2008,53
45320.jpg,1955,1817,-138
45325.jpg,1955,1990,35
45330.jpg,1955,1960,5
45335.jpg,1955,1958,3
45345.jpg,1955,1985,30
45350.jpg,1955,1955,0
45355.jpg,1955,2005,50
45360.jpg,1955,1931,-24
45365.jpg,1955,2013,58
45370.jpg,1955,1930,-25
45375.jpg,1955,1840,-115
45385.jpg,1956,1970,14
45390.jpg,1956,1970,14
45395.jpg,1956,2010,54
45400.jpg,1956,2009,53
45405.jpg,1956,1963,7
45410.jpg,1956,1990,34
45415.jpg,1956,1925,-31
45420.jpg,1956,1975,19
45430.jpg,1956,2005,49
45435.jpg,1956,1865,-91
45440.jpg,1956,1960,4
45445.jpg,1956,2005,49
45450.jpg,1956,1970,14
45455.jpg,1956,2005,49
45460.jpg,1956,1930,-26
45465.jpg,1956,1910,-46
45470.jpg,1956,1947,-9
45475.jpg,1956,1960,4
45480.jpg,1956,1930,-26
45485.jpg,1956,1968,12
45490.jpg,1956,1936,-20
45495.jpg,1956,1905,-51
45500.jpg,1956,2010,54
45505.jpg,1956,1995,39
45510.jpg,1956,1990,34
45515.jpg,1956,2010,54
45520.jpg,1956,2000,44
45530.jpg,1957,1930,-27
45535.jpg,1957,1975,18
45540.jpg,1957,2005,48
45545.jpg,1957,2003,46
45550.jpg,1957,2006,49
45555.jpg,1957,2005,48
45560.jpg,1957,1970,13
45565.jpg,1957,1950,-7
45570.jpg,1957,2000,43
45575.jpg,1957,1925,-32
45585.jpg,1957,1925,-32
45590.jpg,1957,1970,13
45595.jpg,1957,1972,15
45605.jpg,1957,1970,13
45610.jpg,1957,1970,13
45615.jpg,1957,1970,13
45620.jpg,1957,1990,33
45630.jpg,1957,1896,-61
45635.jpg,1957,1952,-5
45640.jpg,1957,1940,-17
45645.jpg,1957,1900,-57
45650.jpg,1957,1950,-7
45655.jpg,1957,1930,-27
45660.jpg,1957,1960,3
45665.jpg,1957,1925,-32
45675.jpg,1957,2015,58
45680.jpg,1957,1950,-7
45685.jpg,1957,1992,35
45695.jpg,1957,2020,63
45700.jpg,1958,1920,-38
45705.jpg,1958,2017,59
45715.jpg,1958,2001,43
45720.jpg,1958,2005,47
45730.jpg,1958,1960,2
45735.jpg,1958,2018,60
45740.jpg,1958,2005,47
45745.jpg,1958,1970,12
45750.jpg,1958,2005,47
45755.jpg,1958,1780,-178
45760.jpg,1958,1965,7
45765.jpg,1958,1966,8
45770.jpg,1958,1969,11
45775.jpg,1958,1980,22
45780.jpg,1958,1955,-3
45785.jpg,1958,1998,40
45790.jpg,1958,1960,2
45795.jpg,1958,2005,47
45800.jpg,1958,1947,-11
45805.jpg,1958,1960,2
45810.jpg,1958,1650,-308
45815.jpg,1958,2000,42
45820.jpg,1958,2003,45
45825.jpg,1958,2005,47
45830.jpg,1958,2010,52
45835.jpg,1958,1937,-21
45840.jpg,1958,1965,7
45845.jpg,1958,1968,10
45850.jpg,1958,1940,-18
45855.jpg,1959,1990,31
45860.jpg,1959,1840,-119
45870.jpg,1959,1998,39
45880.jpg,1959,1905,-54
45885.jpg,1959,2005,46
45890.jpg,1959,1939,-20
45895.jpg,1959,1959,0
45900.jpg,1959,1960,1
45905.jpg,1959,1963,4
45910.jpg,1959,2015,56
45915.jpg,1959,2004,45
45925.jpg,1959,1960,1
45930.jpg,1959,1965,6
45935.jpg,1959,1959,0
45940.jpg,1959,1998,39
45945.jpg,1959,2010,51
45950.jpg,1959,2005,46
45955.jpg,1959,1995,36
45960.jpg,1959,1970,11
45965.jpg,1959,1957,-2
45970.jpg,1959,2020,61
45975.jpg,1959,1975,16
45980.jpg,1959,1905,-54
45985.jpg,1959,1929,-30
45990.jpg,1960,1756,-204
45995.jpg,1960,0,-1960
46000.jpg,1960,2002,42
46005.jpg,1960,2010,50
46015.jpg,1960,1964,4
46025.jpg,1960,2010,50
46030.jpg,1960,1968,8
46035.jpg,1960,1964,4
46040.jpg,1960,1975,15
46045.jpg,1960,2004,44
46050.jpg,1960,1926,-34
46055.jpg,1960,1890,-70
46060.jpg,1960,2008,48
46065.jpg,1960,1965,5
46070.jpg,1960,1967,7
46075.jpg,1960,1990,30
46080.jpg,1960,2010,50
46085.jpg,1960,1832,-128
46090.jpg,1960,1955,-5
46095.jpg,1960,2000,40
46100.jpg,1960,1960,0
46105.jpg,1960,1965,5
46110.jpg,1960,2005,45
46115.jpg,1960,2010,50
46120.jpg,1960,2010,50
46130.jpg,1960,1935,-25
46135.jpg,1960,1968,8
46140.jpg,1960,1930,-30
46145.jpg,1960,1960,0
46150.jpg,1960,1960,0
46155.jpg,1961,1910,-51
46160.jpg,1961,1958,-3
46170.jpg,1961,2018,57
46180.jpg,1961,1975,14
46185.jpg,1961,2000,39
46190.jpg,1961,1900,-61
46195.jpg,1961,2005,44
46200.jpg,1961,2005,44
46205.jpg,1961,1985,24
46210.jpg,1961,1960,-1
46215.jpg,1961,2005,44
46220.jpg,1961,2008,47
46225.jpg,1961,1973,12
46230.jpg,1961,1975,14
46235.jpg,1961,1960,-1
46240.jpg,1961,2020,59
46245.jpg,1961,1961,0
46250.jpg,1961,2000,39
46255.jpg,1961,1950,-11
46260.jpg,1961,1995,34
46265.jpg,1961,1970,9
46270.jpg,1961,1940,-21
46275.jpg,1961,1985,24
46280.jpg,1961,1830,-131
46285.jpg,1961,2018,57
46290.jpg,1961,2005,44
46295.jpg,1961,2010,49
46305.jpg,1961,1960,-1
46310.jpg,1961,1965,4
46315.jpg,1961,2018,57
46320.jpg,1962,1968,6
46330.jpg,1962,1900,-62
46335.jpg,1962,2015,53
46340.jpg,1962,2009,47
46345.jpg,1962,2000,38
46350.jpg,1962,1980,18
46355.jpg,1962,1999,37
46360.jpg,1962,1961,-1
46365.jpg,1962,1960,-2
46370.jpg,1962,1950,-12
46375.jpg,1962,1975,13
46380.jpg,1962,1970,8
46385.jpg,1962,1972,10
46390.jpg,1962,1969,7
46395.jpg,1962,1930,-32
46400.jpg,1962,1970,8
46405.jpg,1962,1930,-32
46410.jpg,1962,1970,8
46415.jpg,1962,1870,-92
46420.jpg,1962,1950,-12
46425.jpg,1962,1965,3
46430.jpg,1962,2010,48
46435.jpg,1962,1937,-25
46440.jpg,1962,2005,43
46445.jpg,1962,2015,53
46450.jpg,1962,1960,-2
46455.jpg,1962,1959,-3
46460.jpg,1962,1985,23
46465.jpg,1963,1956,-7
46470.jpg,1963,1968,5
46475.jpg,1963,1956,-7
46480.jpg,1963,2010,47
46490.jpg,1963,2011,48
46495.jpg,1963,2000,37
46500.jpg,1963,2015,52
46505.jpg,1963,2005,42
46510.jpg,1963,1972,9
46515.jpg,1963,1997,34
46520.jpg,1963,1964,1
46525.jpg,1963,2010,47
46530.jpg,1963,1995,32
46535.jpg,1963,1964,1
46540.jpg,1963,1910,-53
46545.jpg,1963,1955,-8
46550.jpg,1963,1970,7
46555.jpg,1963,2010,47
46560.jpg,1963,1989,26
46565.jpg,1963,2010,47
46570.jpg,1963,2000,37
46575.jpg,1963,1965,2
46580.jpg,1963,1978,15
46585.jpg,1963,1985,22
46590.jpg,1963,1890,-73
46595.jpg,1963,1925,-38
46600.jpg,1963,2003,40
46605.jpg,1963,2005,42
46615.jpg,1963,1950,-13
46620.jpg,1963,1960,-3
46625.jpg,1963,1985,22
46630.jpg,1963,1935,-28
46635.jpg,1964,1960,-4
46640.jpg,1964,2010,46
46645.jpg,1964,1982,18
46650.jpg,1964,1960,-4
46655.jpg,1964,1960,-4
46660.jpg,1964,2008,44
46665.jpg,1964,1993,29
46670.jpg,1964,1964,0
46675.jpg,1964,2000,36
46680.jpg,1964,2002,38
46685.jpg,1964,2020,56
46690.jpg,1964,1995,31
46695.jpg,1964,2015,51
46700.jpg,1964,1970,6
46705.jpg,1964,2017,53
46710.jpg,1964,1970,6
46715.jpg,1964,1965,1
46720.jpg,1964,1957,-7
46725.jpg,1964,1975,11
46730.jpg,1964,1975,11
46735.jpg,1964,2009,45
46740.jpg,1964,1955,-9
46745.jpg,1964,1977,13
46750.jpg,1964,1840,-124
46755.jpg,1964,1970,6
46760.jpg,1964,1807,-157
46765.jpg,1964,2008,44
46770.jpg,1964,1930,-34
46775.jpg,1964,1929,-35
46780.jpg,1964,2010,46
46785.jpg,1964,1960,-4
46790.jpg,1964,2015,51
46795.jpg,1964,1960,-4
46805.jpg,1964,1970,6
46810.jpg,1964,1970,6
46815.jpg,1964,2000,36
46820.jpg,1965,1995,30
46825.jpg,1965,2002,37
46830.jpg,1965,1972,7
46835.jpg,1965,2005,40
46840.jpg,1965,2010,45
46845.jpg,1965,2005,40
46850.jpg,1965,1973,8
46860.jpg,1965,2010,45
46865.jpg,1965,1960,-5
46870.jpg,1965,2020,55
46875.jpg,1965,1995,30
46885.jpg,1965,1993,28
46890.jpg,1965,-1,-1966
46895.jpg,1965,1970,5
46900.jpg,1965,1985,20
46905.jpg,1965,1937,-28
46910.jpg,1965,1980,15
46915.jpg,1965,1972,7
46920.jpg,1965,2005,40
46930.jpg,1965,1930,-35
46935.jpg,1965,1965,0
46940.jpg,1965,1925,-40
46945.jpg,1965,1970,5
46950.jpg,1965,1965,0
46955.jpg,1965,2005,40
46960.jpg,1965,2015,50
46965.jpg,1965,2002,37
46970.jpg,1965,1970,5
46990.jpg,1965,1970,5
46995.jpg,1965,1910,-55
47000.jpg,1965,1970,5
47005.jpg,1966,1965,-1
47010.jpg,1966,2000,34
47015.jpg,1966,1980,14
47020.jpg,1966,1998,32
47025.jpg,1966,1980,14
47030.jpg,1966,2015,49
47035.jpg,1966,2003,37
47040.jpg,1966,1990,24
47050.jpg,1966,2005,39
47055.jpg,1966,2015,49
47060.jpg,1966,2015,49
47065.jpg,1966,1905,-61
47070.jpg,1966,1939,-27
47075.jpg,1966,1965,-1
47080.jpg,1966,1968,2
47085.jpg,1966,1975,9
47090.jpg,1966,1970,4
47100.jpg,1966,1920,-46
47105.jpg,1966,1970,4
47115.jpg,1966,1957,-9
47120.jpg,1966,1975,9
47125.jpg,1966,1940,-26
47130.jpg,1966,1920,-46
47135.jpg,1966,1959,-7
47140.jpg,1966,2005,39
47145.jpg,1966,1890,-76
47150.jpg,1966,1970,4
47155.jpg,1966,1890,-76
47170.jpg,1966,2005,39
47175.jpg,1966,2005,39
47180.jpg,1966,1980,14
47185.jpg,1966,1967,1
47190.jpg,1966,1965,-1
47195.jpg,1966,1975,9
47200.jpg,1966,1967,1
47205.jpg,1966,1965,-1
47210.jpg,1966,1969,3
47215.jpg,1966,1989,23
47220.jpg,1966,1966,0
47225.jpg,1967,1965,-2
47230.jpg,1967,1963,-4
47235.jpg,1967,1898,-69
47240.jpg,1967,1975,8
47245.jpg,1967,2005,38
47255.jpg,1967,1980,13
47265.jpg,1967,2015,48
47270.jpg,1967,2005,38
47275.jpg,1967,2015,48
47280.jpg,1967,2010,43
47285.jpg,1967,1960,-7
47290.jpg,1967,2005,38
47295.jpg,1967,1962,-5
47300.jpg,1967,1990,23
47305.jpg,1967,1931,-36
47310.jpg,1967,1959,-8
47315.jpg,1967,1968,1
47320.jpg,1967,1970,3
47325.jpg,1967,1968,1
47330.jpg,1967,1975,8
47335.jpg,1967,1980,13
47340.jpg,1967,2000,33
47345.jpg,1967,1940,-27
47350.jpg,1967,1950,-17
47355.jpg,1967,1960,-7
47360.jpg,1967,1925,-42
47365.jpg,1967,1920,-47
47370.jpg,1967,1860,-107
47375.jpg,1967,1910,-57
47380.jpg,1967,1975,8
47385.jpg,1967,1980,13
47395.jpg,1967,2000,33
47400.jpg,1967,1985,18
47405.jpg,1967,2010,43
47410.jpg,1967,2012,45
47420.jpg,1967,1975,8
47425.jpg,1967,2000,33
47430.jpg,1967,2011,44
47435.jpg,1967,1970,3
47440.jpg,1967,1960,-7
47445.jpg,1967,2010,43
47450.jpg,1968,1959,-9
47455.jpg,1968,1970,2
47460.jpg,1968,1963,-5
47465.jpg,1968,1970,2
47470.jpg,1968,1967,-1
47475.jpg,1968,1963,-5
47480.jpg,1968,2014,46
47485.jpg,1968,1970,2
47490.jpg,1968,2000,32
47495.jpg,1968,1998,30
47500.jpg,1968,2010,42
47505.jpg,1968,2010,42
47515.jpg,1968,1955,-13
47520.jpg,1968,1992,24
47525.jpg,1968,2015,47
47530.jpg,1968,1963,-5
47535.jpg,1968,1962,-6
47540.jpg,1968,1960,-8
47545.jpg,1968,1960,-8
47550.jpg,1968,2005,37
47555.jpg,1968,1871,-97
47560.jpg,1968,1990,22
47565.jpg,1968,1965,-3
47570.jpg,1968,1955,-13
47575.jpg,1968,1820,-148
47580.jpg,1968,2015,47
47585.jpg,1968,1895,-73
47590.jpg,1968,2005,37
47595.jpg,1968,1980,12
47600.jpg,1968,2005,37
47610.jpg,1968,2005,37
47620.jpg,1968,1970,2
47625.jpg,1968,1975,7
47630.jpg,1968,2000,32
47635.jpg,1968,1970,2
47640.jpg,1968,1975,7
47645.jpg,1968,1970,2
47650.jpg,1969,1960,-9
47655.jpg,1969,1963,-6
47660.jpg,1969,1960,-9
47665.jpg,1969,1998,29
47670.jpg,1969,2010,41
47675.jpg,1969,1950,-19
47680.jpg,1969,2000,31
47685.jpg,1969,2000,31
47690.jpg,1969,1973,4
47695.jpg,1969,2015,46
47700.jpg,1969,2008,39
47710.jpg,1969,1970,1
47715.jpg,1969,1870,-99
47720.jpg,1969,1965,-4
47730.jpg,1969,1953,-16
47735.jpg,1969,1975,6
47740.jpg,1969,1960,-9
47745.jpg,1969,2005,36
47750.jpg,1969,2010,41
47755.jpg,1969,1925,-44
47760.jpg,1969,2001,32
47765.jpg,1969,2005,36
47770.jpg,1969,2002,33
47780.jpg,1969,2005,36
47785.jpg,1969,2000,31
47790.jpg,1969,1975,6
47795.jpg,1969,1980,11
47800.jpg,1969,1965,-4
47805.jpg,1969,1920,-49
47810.jpg,1969,1990,21
47815.jpg,1969,1964,-5
47820.jpg,1969,2010,41
47825.jpg,1969,2005,36
47830.jpg,1969,1978,9
47835.jpg,1970,1990,20
47840.jpg,1970,1976,6
47845.jpg,1970,1960,-10
47850.jpg,1970,2010,40
47855.jpg,1970,1990,20
47860.jpg,1970,2015,45
47865.jpg,1970,1986,16
47870.jpg,1970,1968,-2
47875.jpg,1970,2010,40
47880.jpg,1970,2007,37
47890.jpg,1970,2010,40
47895.jpg,1970,1970,0
47900.jpg,1970,1965,-5
47905.jpg,1970,1965,-5
47910.jpg,1970,1970,0
47915.jpg,1970,2008,38
47920.jpg,1970,1960,-10
47925.jpg,1970,1965,-5
47930.jpg,1970,1997,27
47935.jpg,1970,1950,-20
47940.jpg,1970,1950,-20
47945.jpg,1970,1731,-239
47950.jpg,1970,2000,30
47955.jpg,1970,1985,15
47960.jpg,1970,1959,-11
47965.jpg,1970,2015,45
47970.jpg,1970,2000,30
47975.jpg,1970,1926,-44
47980.jpg,1970,1960,-10
47985.jpg,1970,1998,28
47990.jpg,1970,2016,46
47995.jpg,1970,2006,36
48000.jpg,1971,1965,-6
48005.jpg,1971,1967,-4
48010.jpg,1971,1965,-6
48020.jpg,1971,2005,34
48025.jpg,1971,2000,29
48030.jpg,1971,2015,44
48035.jpg,1971,1980,9
48040.jpg,1971,2008,37
48045.jpg,1971,1988,17
48050.jpg,1971,2000,29
48065.jpg,1971,2005,34
48070.jpg,1971,1961,-10
48075.jpg,1971,2010,39
48080.jpg,1971,1966,-5
48085.jpg,1971,1960,-11
48090.jpg,1971,1992,21
48095.jpg,1971,1965,-6
48100.jpg,1971,2018,47
48105.jpg,1971,2018,47
48110.jpg,1971,1992,21
48115.jpg,1971,2005,34
48120.jpg,1971,2000,29
48130.jpg,1971,1995,24
48135.jpg,1971,2005,34
48140.jpg,1971,2010,39
48145.jpg,1971,2005,34
48150.jpg,1971,1985,14
48155.jpg,1971,1970,-1
48160.jpg,1971,1975,4
48170.jpg,1971,1976,5
48175.jpg,1971,1960,-11
48180.jpg,1972,1970,-2
48185.jpg,1972,1965,-7
48190.jpg,1972,1967,-5
48195.jpg,1972,2009,37
48200.jpg,1972,2005,33
48205.jpg,1972,2000,28
48215.jpg,1972,1982,10
48220.jpg,1972,2005,33
48225.jpg,1972,2008,36
48230.jpg,1972,2000,28
48235.jpg,1972,2005,33
48240.jpg,1972,1973,1
48245.jpg,1972,2010,38
48250.jpg,1972,1964,-8
48255.jpg,1972,1960,-12
48260.jpg,1972,1965,-7
48265.jpg,1972,1990,18
48270.jpg,1972,1967,-5
48275.jpg,1972,1940,-32
48280.jpg,1972,1950,-22
48285.jpg,1972,1930,-42
48290.jpg,1972,1890,-82
48295.jpg,1972,1965,-7
48300.jpg,1972,1970,-2
48305.jpg,1972,2020,48
48310.jpg,1972,2000,28
48320.jpg,1972,1988,16
48325.jpg,1972,1964,-8
48330.jpg,1972,2000,28
48335.jpg,1972,1960,-12
48340.jpg,1972,1979,7
48345.jpg,1972,2005,33
48350.jpg,1972,1965,-7
48355.jpg,1972,1937,-35
48360.jpg,1973,1970,-3
48365.jpg,1973,2005,32
48370.jpg,1973,2002,29
48375.jpg,1973,1960,-13
48380.jpg,1973,1975,2
48385.jpg,1973,2007,34
48390.jpg,1973,1970,-3
48395.jpg,1973,1980,7
48400.jpg,1973,2008,35
48405.jpg,1973,1965,-8
48410.jpg,1973,2005,32
48415.jpg,1973,2018,45
48420.jpg,1973,2013,40
48425.jpg,1973,1976,3
48430.jpg,1973,1960,-13
48435.jpg,1973,1965,-8
48440.jpg,1973,1975,2
48445.jpg,1973,1965,-8
48450.jpg,1973,1920,-53
48455.jpg,1973,1994,21
48465.jpg,1973,2023,50
48475.jpg,1973,1960,-13
48480.jpg,1973,2000,27
48490.jpg,1973,2005,32
48495.jpg,1973,2010,37
48500.jpg,1973,1890,-83
48505.jpg,1973,-1,-1974
48510.jpg,1973,2005,32
48515.jpg,1973,2023,50
48525.jpg,1973,1960,-13
48530.jpg,1974,1975,1
48535.jpg,1974,1985,11
48540.jpg,1974,2009,35
48545.jpg,1974,1962,-12
48550.jpg,1974,2010,36
48555.jpg,1974,1999,25
48560.jpg,1974,2005,31
48565.jpg,1974,1995,21
48570.jpg,1974,1983,9
48575.jpg,1974,1975,1
48580.jpg,1974,2000,26
48585.jpg,1974,1965,-9
48590.jpg,1974,2005,31
48595.jpg,1974,1970,-4
48600.jpg,1974,2010,36
48605.jpg,1974,2010,36
48610.jpg,1974,2004,30
48615.jpg,1974,2016,42
48620.jpg,1974,1990,16
48625.jpg,1974,1985,11
48630.jpg,1974,2008,34
48635.jpg,1974,2005,31
48640.jpg,1974,1850,-124
48650.jpg,1974,2005,31
48670.jpg,1974,2005,31
48675.jpg,1974,2010,36
48680.jpg,1974,2015,41
48685.jpg,1974,2000,26
48690.jpg,1974,2010,36
48695.jpg,1974,1970,-4
48700.jpg,1974,1964,-10
48705.jpg,1974,1937,-37
48710.jpg,1974,2004,30
48715.jpg,1974,1970,-4
48720.jpg,1974,2005,31
48725.jpg,1974,1840,-134
48735.jpg,1975,2010,35
48740.jpg,1975,1970,-5
48745.jpg,1975,1972,-3
48750.jpg,1975,1971,-4
48755.jpg,1975,2017,42
48760.jpg,1975,1972,-3
48765.jpg,1975,2000,25
48770.jpg,1975,2013,38
48775.jpg,1975,2005,30
48780.jpg,1975,1968,-7
48785.jpg,1975,1950,-25
48790.jpg,1975,2012,37
48795.jpg,1975,2015,40
48800.jpg,1975,1975,0
48805.jpg,1975,1972,-3
48810.jpg,1975,2018,43
48815.jpg,1975,1996,21
48820.jpg,1975,2010,35
48825.jpg,1975,1980,5
48830.jpg,1975,1975,0
48835.jpg,1975,2018,43
48840.jpg,1975,1995,20
48845.jpg,1975,2017,42
48850.jpg,1975,2005,30
48855.jpg,1975,2011,36
48860.jpg,1975,2010,35
48865.jpg,1975,2005,30
48870.jpg,1975,2005,30
48875.jpg,1975,1998,23
48880.jpg,1975,2010,35
48885.jpg,1975,1962,-13
48890.jpg,1975,1980,5
48895.jpg,1975,1960,-15
48900.jpg,1976,1750,-226
48905.jpg,1976,2005,29
48910.jpg,1976,1965,-11
48915.jpg,1976,1950,-26
48920.jpg,1976,1976,0
48925.jpg,1976,2020,44
48930.jpg,1976,2005,29
48940.jpg,1976,2010,34
48945.jpg,1976,2002,26
48950.jpg,1976,2020,44
48955.jpg,1976,1950,-26
48960.jpg,1976,1992,16
48965.jpg,1976,1966,-10
48970.jpg,1976,1969,-7
48975.jpg,1976,1970,-6
48985.jpg,1976,2005,29
48990.jpg,1976,1908,-68
49000.jpg,1976,1820,-156
49020.jpg,1976,1970,-6
49030.jpg,1976,2010,34
49035.jpg,1976,2000,24
49040.jpg,1976,2005,29
49045.jpg,1976,2005,29
49050.jpg,1976,2005,29
49060.jpg,1976,1928,-48
49065.jpg,1976,2010,34
49070.jpg,1976,1970,-6
49075.jpg,1976,1394,-582
49080.jpg,1976,1965,-11
49085.jpg,1976,2000,24
49090.jpg,1976,2015,39
49095.jpg,1977,1991,14
49100.jpg,1977,1880,-97
49105.jpg,1977,2000,23
49110.jpg,1977,1986,9
49115.jpg,1977,1990,13
49120.jpg,1977,2000,23
49125.jpg,1977,2020,43
49130.jpg,1977,2000,23
49135.jpg,1977,2004,27
49140.jpg,1977,1970,-7
49145.jpg,1977,1985,8
49150.jpg,1977,1965,-12
49155.jpg,1977,1970,-7
49160.jpg,1977,2002,25
49165.jpg,1977,1982,5
49170.jpg,1977,2005,28
49175.jpg,1977,1890,-87
49180.jpg,1977,2005,28
49185.jpg,1977,2012,35
49190.jpg,1977,2016,39
49195.jpg,1977,1990,13
49205.jpg,1977,2010,33
49210.jpg,1977,2005,28
49215.jpg,1977,2010,33
49220.jpg,1977,2005,28
49225.jpg,1977,1954,-23
49230.jpg,1977,1700,-277
49235.jpg,1977,1980,3
49240.jpg,1977,-1,-1978
49250.jpg,1977,2010,33
49255.jpg,1977,1960,-17
49260.jpg,1978,2010,32
49265.jpg,1978,2010,32
49270.jpg,1978,2000,22
49280.jpg,1978,1945,-33
49285.jpg,1978,2000,22
49290.jpg,1978,1905,-73
49295.jpg,1978,2009,31
49305.jpg,1978,1975,-3
49310.jpg,1978,2015,37
49315.jpg,1978,1960,-18
49320.jpg,1978,2015,37
49325.jpg,1978,1970,-8
49330.jpg,1978,2015,37
49335.jpg,1978,1965,-13
49340.jpg,1978,1910,-68
49345.jpg,1978,2015,37
49350.jpg,1978,1998,20
49355.jpg,1978,2015,37
49360.jpg,1978,1990,12
49365.jpg,1978,2005,27
49370.jpg,1978,1906,-72
49375.jpg,1978,2005,27
49385.jpg,1978,2017,39
49390.jpg,1978,2010,32
49395.jpg,1978,1966,-12
49400.jpg,1978,1975,-3
49405.jpg,1979,1960,-19
49410.jpg,1979,2010,31
49415.jpg,1979,1990,11
49420.jpg,1979,2005,26
49425.jpg,1979,2019,40
49430.jpg,1979,2019,40
49435.jpg,1979,1975,-4
49440.jpg,1979,1975,-4
49445.jpg,1979,1960,-19
49450.jpg,1979,1960,-19
49455.jpg,1979,1970,-9
49460.jpg,1979,2007,28
49465.jpg,1979,1890,-89
49470.jpg,1979,1980,1
49475.jpg,1979,1990,11
49480.jpg,1979,1905,-74
49485.jpg,1979,1950,-29
49490.jpg,1979,1985,6
49495.jpg,1979,1930,-49
49500.jpg,1979,2008,29
49505.jpg,1979,2010,31
49510.jpg,1979,1970,-9
49515.jpg,1979,1990,11
49525.jpg,1979,2010,31
49530.jpg,1979,2010,31
49535.jpg,1979,1990,11
49540.jpg,1979,2015,36
49545.jpg,1979,1980,1
49550.jpg,1979,2018,39
49555.jpg,1979,2010,31
49560.jpg,1979,1985,6
49565.jpg,1980,1959,-21
49570.jpg,1980,1905,-75
49585.jpg,1980,1930,-50
49590.jpg,1980,2002,22
49595.jpg,1980,1975,-5
49600.jpg,1980,1960,-20
49605.jpg,1980,2010,30
49610.jpg,1980,1974,-6
49615.jpg,1980,2010,30
49620.jpg,1980,1975,-5
49625.jpg,1980,1880,-100
49630.jpg,1980,2015,35
49635.jpg,1980,2010,30
49640.jpg,1980,2010,30
49645.jpg,1980,1968,-12
49650.jpg,1980,1970,-10
49655.jpg,1980,1950,-30
49660.jpg,1980,2015,35
49665.jpg,1980,2005,25
49675.jpg,1980,2005,25
49680.jpg,1980,2000,20
49685.jpg,1980,2010,30
49690.jpg,1980,2000,20
49695.jpg,1980,1995,15
49700.jpg,1980,1972,-8
49705.jpg,1980,1970,-10
49710.jpg,1981,2001,20
49715.jpg,1981,2015,34
49720.jpg,1981,2008,27
49725.jpg,1981,1990,9
49735.jpg,1981,1992,11
49740.jpg,1981,2005,24
49745.jpg,1981,2000,19
49750.jpg,1981,2016,35
49755.jpg,1981,1970,-11
49760.jpg,1981,1970,-11
49770.jpg,1981,1975,-6
49775.jpg,1981,1975,-6
49780.jpg,1981,1999,18
49785.jpg,1981,1953,-28
49790.jpg,1981,2005,24
49795.jpg,1981,1985,4
49800.jpg,1981,2015,34
49805.jpg,1981,2010,29
49810.jpg,1981,1975,-6
49815.jpg,1981,2000,19
49820.jpg,1981,1874,-107
49825.jpg,1981,2010,29
49830.jpg,1981,1970,-11
49835.jpg,1981,1954,-27
49840.jpg,1981,1905,-76
49845.jpg,1981,1972,-9
49850.jpg,1981,2016,35
49860.jpg,1981,2005,24
49865.jpg,1981,2013,32
49875.jpg,1981,2005,24
49880.jpg,1981,2000,19
49885.jpg,1981,2005,24
49890.jpg,1981,1985,4
49895.jpg,1981,1965,-16
49900.jpg,1981,1971,-10
49905.jpg,1981,2006,25
49910.jpg,1981,1972,-9
49915.jpg,1981,1959,-22
49920.jpg,1982,1970,-12
49925.jpg,1982,1867,-115
49930.jpg,1982,1964,-18
49935.jpg,1982,2000,18
49940.jpg,1982,1972,-10
49945.jpg,1982,1972,-10
49950.jpg,1982,2009,27
49955.jpg,1982,2000,18
49960.jpg,1982,2005,23
49965.jpg,1982,2000,18
49975.jpg,1982,2012,30
49980.jpg,1982,1980,-2
49985.jpg,1982,1998,16
49990.jpg,1982,1990,8
49995.jpg,1982,1973,-9
50000.jpg,1982,2003,21
50005.jpg,1982,2017,35
50010.jpg,1982,1974,-8
50015.jpg,1982,1985,3
50020.jpg,1982,1975,-7
50025.jpg,1982,2005,23
50030.jpg,1982,2010,28
50035.jpg,1982,2004,22
50040.jpg,1982,1973,-9
50045.jpg,1982,1985,3
50050.jpg,1982,1967,-15
50055.jpg,1982,1974,-8
50060.jpg,1982,2005,23
50065.jpg,1982,1960,-22
50070.jpg,1982,2010,28
50075.jpg,1982,1990,8
50080.jpg,1982,1910,-72
50095.jpg,1982,1927,-55
50100.jpg,1982,1524,-458
50105.jpg,1982,2004,22
50110.jpg,1982,1890,-92
50115.jpg,1982,2010,28
50120.jpg,1982,1994,12
50145.jpg,1982,1960,-22
50150.jpg,1982,1980,-2
50155.jpg,1982,1959,-23
50160.jpg,1983,1840,-143
50165.jpg,1983,1965,-18
50170.jpg,1983,2022,39
50175.jpg,1983,1972,-11
50185.jpg,1983,1880,-103
50190.jpg,1983,1989,6
50195.jpg,1983,2005,22
50200.jpg,1983,1962,-21
50205.jpg,1983,1970,-13
50210.jpg,1983,2008,25
50220.jpg,1983,1995,12
50225.jpg,1983,1970,-13
50230.jpg,1983,1980,-3
50235.jpg,1983,1978,-5
50240.jpg,1983,1989,6
50245.jpg,1983,1990,7
50250.jpg,1983,1975,-8
50255.jpg,1983,1970,-13
50260.jpg,1983,2017,34
50270.jpg,1983,1980,-3
50275.jpg,1983,1965,-18
50280.jpg,1983,2000,17
50285.jpg,1983,1990,7
50290.jpg,1983,1990,7
50295.jpg,1983,1975,-8
50300.jpg,1983,1990,7
50305.jpg,1983,1985,2
50310.jpg,1983,2005,22
50315.jpg,1983,1750,-233
50320.jpg,1983,1970,-13
50325.jpg,1983,1910,-73
50330.jpg,1983,2010,27
50335.jpg,1983,2000,17
50340.jpg,1983,2010,27
50345.jpg,1983,1990,7
50350.jpg,1983,2005,22
50355.jpg,1983,1920,-63
50360.jpg,1983,2010,27
50365.jpg,1983,1976,-7
50370.jpg,1983,1985,2
50375.jpg,1983,1970,-13
50380.jpg,1983,2019,36
50385.jpg,1983,2020,37
50390.jpg,1984,1995,11
50395.jpg,1984,1990,6
50400.jpg,1984,1968,-16
50405.jpg,1984,1990,6
50410.jpg,1984,2015,31
50415.jpg,1984,2000,16
50420.jpg,1984,2010,26
50425.jpg,1984,2014,30
50430.jpg,1984,2005,21
50435.jpg,1984,1960,-24
50440.jpg,1984,2005,21
50445.jpg,1984,1974,-10
50450.jpg,1984,2008,24
50455.jpg,1984,1992,8
50465.jpg,1984,2005,21
50470.jpg,1984,1985,1
50475.jpg,1984,2015,31
50480.jpg,1984,1997,13
50485.jpg,1984,1976,-8
50490.jpg,1984,1986,2
50495.jpg,1984,1200,-784
50500.jpg,1984,1920,-64
50505.jpg,1984,1940,-44
50515.jpg,1984,2018,34
50520.jpg,1984,2008,24
50525.jpg,1984,1972,-12
50530.jpg,1984,1920,-64
50535.jpg,1984,1970,-14
50540.jpg,1984,2002,18
50545.jpg,1984,1985,1
50550.jpg,1984,2010,26
50555.jpg,1984,1990,6
50560.jpg,1984,1970,-14
50565.jpg,1984,1965,-19
50570.jpg,1984,1970,-14
50575.jpg,1984,2010,26
50580.jpg,1985,1820,-165
50585.jpg,1985,1971,-14
50595.jpg,1985,1980,-5
50600.jpg,1985,2015,30
50605.jpg,1985,2005,20
50610.jpg,1985,2009,24
50615.jpg,1985,2018,33
50620.jpg,1985,1996,11
50630.jpg,1985,2002,17
50635.jpg,1985,2012,27
50640.jpg,1985,2010,25
50645.jpg,1985,1980,-5
50650.jpg,1985,1975,-10
50655.jpg,1985,1995,10
50660.jpg,1985,2013,28
50665.jpg,1985,1985,0
50670.jpg,1985,1998,13
50675.jpg,1985,2015,30
50680.jpg,1985,1975,-10
50685.jpg,1985,2005,20
50690.jpg,1985,2015,30
50695.jpg,1985,2014,29
50700.jpg,1985,1958,-27
50705.jpg,1985,1955,-30
50710.jpg,1985,1950,-35
50715.jpg,1985,2004,19
50720.jpg,1985,1905,-80
50730.jpg,1985,2005,20
50735.jpg,1985,2019,34
50740.jpg,1985,2005,20
50745.jpg,1985,2010,25
50750.jpg,1985,2005,20
50755.jpg,1985,2005,20
50760.jpg,1985,1980,-5
50765.jpg,1985,2008,23
50770.jpg,1985,2010,25
50775.jpg,1985,1979,-6
50780.jpg,1986,2010,24
50785.jpg,1986,1970,-16
50790.jpg,1986,1940,-46
50795.jpg,1986,2010,24
50800.jpg,1986,1992,6
50805.jpg,1986,2020,34
50810.jpg,1986,1988,2
50815.jpg,1986,1970,-16
50820.jpg,1986,1985,-1
50830.jpg,1986,2000,14
50835.jpg,1986,2005,19
50840.jpg,1986,1980,-6
50845.jpg,1986,2010,24
50850.jpg,1986,1970,-16
50855.jpg,1986,2018,32
50860.jpg,1986,1970,-16
50865.jpg,1986,1863,-123
50870.jpg,1986,2000,14
50885.jpg,1986,2005,19
50890.jpg,1986,1995,9
50895.jpg,1986,2015,29
50900.jpg,1986,1960,-26
50905.jpg,1986,2006,20
50910.jpg,1986,1971,-15
50915.jpg,1986,2005,19
50920.jpg,1986,1942,-44
50925.jpg,1986,1820,-166
50930.jpg,1986,2000,14
50935.jpg,1986,1970,-16
50940.jpg,1986,1916,-70
50945.jpg,1986,2008,22
50950.jpg,1986,2010,24
50955.jpg,1986,2015,29
50960.jpg,1986,1997,11
50965.jpg,1986,1980,-6
50970.jpg,1986,2010,24
50975.jpg,1986,2010,24
50980.jpg,1986,2000,14
50985.jpg,1986,1912,-74
50990.jpg,1987,1850,-137
50995.jpg,1987,1974,-13
51000.jpg,1987,1980,-7
51010.jpg,1987,2020,33
51015.jpg,1987,1970,-17
51020.jpg,1987,2000,13
51025.jpg,1987,1975,-12
51030.jpg,1987,2010,23
51035.jpg,1987,2017,30
51040.jpg,1987,1995,8
51045.jpg,1987,1980,-7
51050.jpg,1987,1995,8
51055.jpg,1987,1985,-2
51060.jpg,1987,1973,-14
51065.jpg,1987,1997,10
51070.jpg,1987,1975,-12
51075.jpg,1987,1976,-11
51080.jpg,1987,2009,22
51085.jpg,1987,1957,-30
51090.jpg,1987,2006,19
51095.jpg,1987,1960,-27
51100.jpg,1987,1970,-17
51105.jpg,1987,2000,13
51110.jpg,1987,1960,-27
51115.jpg,1987,2010,23
51120.jpg,1987,1960,-27
51125.jpg,1987,1811,-176
51130.jpg,1987,1900,-87
51135.jpg,1987,1975,-12
51140.jpg,1987,2010,23
51145.jpg,1987,2000,13
51155.jpg,1987,2005,18
51165.jpg,1987,1985,-2
51170.jpg,1987,1925,-62
51175.jpg,1987,2014,27
51180.jpg,1987,2012,25
51200.jpg,1988,1995,7
51205.jpg,1988,2010,22
51210.jpg,1988,1990,2
51215.jpg,1988,2015,27
51220.jpg,1988,2005,17
51225.jpg,1988,1970,-18
51240.jpg,1988,1970,-18
51245.jpg,1988,2001,13
51250.jpg,1988,2015,27
51255.jpg,1988,2014,26
51260.jpg,1988,1960,-28
51265.jpg,1988,2008,20
51270.jpg,1988,2005,17
51275.jpg,1988,1972,-16
51280.jpg,1988,2005,17
51285.jpg,1988,1990,2
51290.jpg,1988,2007,19
51295.jpg,1988,1975,-13
51300.jpg,1988,1985,-3
51305.jpg,1988,1965,-23
51310.jpg,1988,2004,16
51315.jpg,1988,2015,27
51320.jpg,1988,1961,-27
51330.jpg,1988,1950,-38
51335.jpg,1988,1905,-83
51340.jpg,1988,1990,2
51345.jpg,1988,1890,-98
51350.jpg,1988,1910,-78
51355.jpg,1988,1960,-28
51360.jpg,1988,2003,15
51365.jpg,1988,1985,-3
51370.jpg,1988,2005,17
51375.jpg,1988,2010,22
51380.jpg,1988,2015,27
51385.jpg,1988,1960,-28
51390.jpg,1988,2010,22
51395.jpg,1988,1990,2
51400.jpg,1988,2009,21
51405.jpg,1988,1985,-3
51410.jpg,1989,1976,-13
51415.jpg,1989,1991,2
51420.jpg,1989,1965,-24
51425.jpg,1989,2010,21
51430.jpg,1989,2018,29
51435.jpg,1989,2010,21
51440.jpg,1989,1985,-4
51445.jpg,1989,1970,-19
51455.jpg,1989,1950,-39
51460.jpg,1989,1965,-24
51470.jpg,1989,2000,11
51475.jpg,1989,2010,21
51480.jpg,1989,1990,1
51485.jpg,1989,1970,-19
51490.jpg,1989,1975,-14
51495.jpg,1989,1980,-9
51500.jpg,1989,1985,-4
51505.jpg,1989,2010,21
51510.jpg,1989,1990,1
51515.jpg,1989,2000,11
51520.jpg,1989,1995,6
51525.jpg,1989,1908,-81
51530.jpg,1989,1965,-24
51535.jpg,1989,2008,19
51540.jpg,1989,2000,11
51545.jpg,1989,1938,-51
51550.jpg,1989,1925,-64
51555.jpg,1989,2011,22
51560.jpg,1989,1970,-19
51565.jpg,1989,1970,-19
51575.jpg,1989,2005,16
51580.jpg,1989,1400,-589
51585.jpg,1989,2005,16
51590.jpg,1989,2013,24
51595.jpg,1989,2005,16
51600.jpg,1989,2010,21
51605.jpg,1990,1875,-115
51610.jpg,1990,1980,-10
51615.jpg,1990,2000,10
51620.jpg,1990,1994,4
51625.jpg,1990,1970,-20
51630.jpg,1990,2000,10
51635.jpg,1990,1960,-30
51640.jpg,1990,2008,18
51645.jpg,1990,1982,-8
51650.jpg,1990,2003,13
51655.jpg,1990,2000,10
51660.jpg,1990,1996,6
51670.jpg,1990,1930,-60
51675.jpg,1990,1960,-30
51680.jpg,1990,1985,-5
51685.jpg,1990,2005,15
51690.jpg,1990,2005,15
51695.jpg,1990,1969,-21
51700.jpg,1990,2010,20
51705.jpg,1990,2010,20
51710.jpg,1990,1963,-27
51715.jpg,1990,1985,-5
51720.jpg,1990,1985,-5
51725.jpg,1990,1994,4
51730.jpg,1990,2008,18
51735.jpg,1990,1970,-20
51740.jpg,1990,2003,13
51745.jpg,1990,1924,-66
51755.jpg,1990,1971,-19
51760.jpg,1990,1910,-80
51765.jpg,1990,1930,-60
51770.jpg,1990,1980,-10
51775.jpg,1990,2005,15
51780.jpg,1990,2010,20
51785.jpg,1990,1910,-80
51795.jpg,1990,2014,24
51805.jpg,1990,1980,-10
51810.jpg,1990,2007,17
51815.jpg,1990,2020,30
51820.jpg,1990,1977,-13
51825.jpg,1990,2000,10
51830.jpg,1990,1970,-20
51840.jpg,1991,1880,-111
51845.jpg,1991,1929,-62
51850.jpg,1991,2008,17
51860.jpg,1991,2015,24
51865.jpg,1991,1995,4
51870.jpg,1991,2017,26
51875.jpg,1991,2010,19
51885.jpg,1991,1967,-24
51890.jpg,1991,1958,-33
51895.jpg,1991,1985,-6
51905.jpg,1991,1982,-9
51910.jpg,1991,1985,-6
51920.jpg,1991,1975,-16
51925.jpg,1991,2010,19
51930.jpg,1991,1985,-6
51935.jpg,1991,1985,-6
51940.jpg,1991,2010,19
51945.jpg,1991,1965,-26
51950.jpg,1991,1970,-21
51955.jpg,1991,1995,4
51960.jpg,1991,2010,19
51965.jpg,1991,1950,-41
51970.jpg,1991,2015,24
51975.jpg,1991,1925,-66
51980.jpg,1991,1950,-41
51985.jpg,1991,1927,-64
51990.jpg,1991,2010,19
51995.jpg,1991,1970,-21
52000.jpg,1991,1948,-43
52015.jpg,1991,2000,9
52020.jpg,1991,2005,14
52025.jpg,1991,2000,9
52035.jpg,1991,1966,-25
52040.jpg,1991,2010,19
52045.jpg,1991,2007,16
52060.jpg,1991,1995,4
52065.jpg,1992,2015,23
52070.jpg,1992,2010,18
52075.jpg,1992,1967,-25
52080.jpg,1992,1984,-8
52085.jpg,1992,2006,14
52090.jpg,1992,2012,20
52095.jpg,1992,2001,9
52100.jpg,1992,2000,8
52105.jpg,1992,1993,1
52110.jpg,1992,2009,17
52115.jpg,1992,2010,18
52120.jpg,1992,1985,-7
52125.jpg,1992,2008,16
52130.jpg,1992,1975,-17
52135.jpg,1992,1930,-62
52140.jpg,1992,2007,15
52145.jpg,1992,1995,3
52150.jpg,1992,2008,16
52155.jpg,1992,2005,13
52160.jpg,1992,2000,8
52165.jpg,1992,1998,6
52170.jpg,1992,1973,-19
52175.jpg,1992,2005,13
52180.jpg,1992,1992,0
52185.jpg,1992,2010,18
52190.jpg,1992,1976,-16
52195.jpg,1992,1997,5
52200.jpg,1992,2018,26
52205.jpg,1992,2010,18
52210.jpg,1992,1920,-72
52215.jpg,1992,1930,-62
52220.jpg,1992,2001,9
52225.jpg,1992,1870,-122
52230.jpg,1992,1890,-102
52235.jpg,1992,1910,-82
52240.jpg,1992,2000,8
52245.jpg,1992,1995,3
52250.jpg,1992,2007,15
52260.jpg,1992,1978,-14
52270.jpg,1993,2008,15
52275.jpg,1993,1930,-63
52280.jpg,1993,1950,-43
52285.jpg,1993,1985,-8
52290.jpg,1993,2000,7
52300.jpg,1993,2005,12
52305.jpg,1993,2000,7
52310.jpg,1993,2010,17
52315.jpg,1993,2002,9
52320.jpg,1993,2010,17
52325.jpg,1993,1970,-23
52335.jpg,1993,1995,2
52340.jpg,1993,2010,17
52345.jpg,1993,2005,12
52350.jpg,1993,1998,5
52355.jpg,1993,2005,12
52360.jpg,1993,1970,-23
52365.jpg,1993,1998,5
52370.jpg,1993,2000,7
52375.jpg,1993,1960,-33
52380.jpg,1993,1969,-24
52385.jpg,1993,1988,-5
52390.jpg,1993,2020,27
52395.jpg,1993,1960,-33
52400.jpg,1993,1960,-33
52405.jpg,1993,1966,-27
52410.jpg,1993,1830,-163
52415.jpg,1993,1977,-16
52420.jpg,1993,-1,-1994
52425.jpg,1993,1908,-85
52430.jpg,1993,1993,0
52435.jpg,1993,2012,19
52440.jpg,1993,2006,13
52445.jpg,1993,2005,12
52450.jpg,1993,1850,-143
52455.jpg,1993,2015,22
52460.jpg,1993,2005,12
52465.jpg,1993,2005,12
52475.jpg,1994,2014,20
52480.jpg,1994,1980,-14
52485.jpg,1994,2004,10
52490.jpg,1994,2010,16
52495.jpg,1994,2014,20
52505.jpg,1994,1983,-11
52510.jpg,1994,1974,-20
52515.jpg,1994,2005,11
52525.jpg,1994,2010,16
52530.jpg,1994,1998,4
52535.jpg,1994,2005,11
52540.jpg,1994,1968,-26
52545.jpg,1994,2008,14
52550.jpg,1994,2008,14
52555.jpg,1994,2000,6
52560.jpg,1994,1923,-71
52570.jpg,1994,1965,-29
52575.jpg,1994,1990,-4
52580.jpg,1994,-1,-1995
52585.jpg,1994,2012,18
52590.jpg,1994,1991,-3
52595.jpg,1994,1910,-84
52600.jpg,1994,1958,-36
52605.jpg,1994,1610,-384
52610.jpg,1994,2004,10
52615.jpg,1994,1753,-241
52620.jpg,1994,2010,16
52625.jpg,1994,2000,6
52630.jpg,1994,2010,16
52635.jpg,1994,2010,16
52640.jpg,1994,1960,-34
52645.jpg,1994,1970,-24
52650.jpg,1995,2005,10
52655.jpg,1995,2015,20
52660.jpg,1995,2014,19
52665.jpg,1995,2005,10
52670.jpg,1995,1998,3
52675.jpg,1995,1965,-30
52680.jpg,1995,2008,13
52685.jpg,1995,1999,4
52690.jpg,1995,1980,-15
52695.jpg,1995,2017,22
52700.jpg,1995,2007,12
52705.jpg,1995,1914,-81
52710.jpg,1995,2005,10
52715.jpg,1995,1980,-15
52720.jpg,1995,1975,-20
52725.jpg,1995,1960,-35
52730.jpg,1995,1980,-15
52735.jpg,1995,2003,8
52740.jpg,1995,1975,-20
52745.jpg,1995,2010,15
52750.jpg,1995,1988,-7
52755.jpg,1995,2005,10
52760.jpg,1995,2010,15
52765.jpg,1995,1990,-5
52770.jpg,1995,2003,8
52775.jpg,1995,2015,20
52785.jpg,1995,2018,23
52790.jpg,1995,1870,-125
52795.jpg,1995,2004,9
52800.jpg,1995,1900,-95
52805.jpg,1995,2007,12
52810.jpg,1995,2007,12
52815.jpg,1995,2000,5
52820.jpg,1995,1979,-16
52825.jpg,1995,2005,10
52830.jpg,1995,1975,-20
52835.jpg,1995,1453,-542
52840.jpg,1995,1900,-95
52845.jpg,1996,1995,-1
52850.jpg,1996,1985,-11
52855.jpg,1996,2008,12
52860.jpg,1996,2015,19
52865.jpg,1996,2010,14
52870.jpg,1996,2016,20
52875.jpg,1996,1985,-11
52880.jpg,1996,1930,-66
52885.jpg,1996,2002,6
52890.jpg,1996,1991,-5
52895.jpg,1996,2004,8
52900.jpg,1996,2000,4
52905.jpg,1996,2010,14
52910.jpg,1996,2010,14
52915.jpg,1996,1956,-40
52920.jpg,1996,2010,14
52925.jpg,1996,2005,9
52935.jpg,1996,2005,9
52940.jpg,1996,1967,-29
52945.jpg,1996,1930,-66
52950.jpg,1996,1960,-36
52955.jpg,1996,2018,22
52960.jpg,1996,1995,-1
52965.jpg,1996,2005,9
52970.jpg,1996,1975,-21
52980.jpg,1996,2015,19
52985.jpg,1997,1840,-157
52990.jpg,1997,1978,-19
52995.jpg,1997,1939,-58
53000.jpg,1997,2008,11
53005.jpg,1997,2005,8
53010.jpg,1997,2005,8
53015.jpg,1997,2017,20
53020.jpg,1997,2008,11
53025.jpg,1997,2001,4
53030.jpg,1997,2010,13
53035.jpg,1997,2010,13
53040.jpg,1997,2010,13
53045.jpg,1997,2013,16
53050.jpg,1997,2019,22
53055.jpg,1997,2010,13
53060.jpg,1997,2005,8
53065.jpg,1997,2008,11
53070.jpg,1997,1994,-3
53075.jpg,1997,2003,6
53080.jpg,1997,2018,21
53085.jpg,1997,2005,8
53090.jpg,1997,1903,-94
53095.jpg,1997,2005,8
53100.jpg,1997,2000,3
53105.jpg,1997,2016,19
53110.jpg,1997,2010,13
53115.jpg,1997,1998,1
53120.jpg,1997,1996,-1
53125.jpg,1997,2011,14
53130.jpg,1997,1960,-37
53135.jpg,1997,1985,-12
53140.jpg,1997,1956,-41
53145.jpg,1997,2010,13
53150.jpg,1997,2015,18
53155.jpg,1997,1696,-301
53165.jpg,1997,2005,8
53170.jpg,1997,2000,3
53175.jpg,1997,2000,3
53180.jpg,1997,2005,8
53185.jpg,1997,2005,8
53190.jpg,1997,2005,8
53195.jpg,1997,1602,-395
53200.jpg,1997,2010,13
53205.jpg,1997,1980,-17
53210.jpg,1997,1965,-32
53215.jpg,1997,2005,8
53220.jpg,1997,2010,13
53225.jpg,1997,2017,20
53230.jpg,1997,1987,-10
53235.jpg,1998,1910,-88
53240.jpg,1998,2010,12
53245.jpg,1998,1960,-38
53250.jpg,1998,2017,19
53255.jpg,1998,1914,-84
53260.jpg,1998,2016,18
53265.jpg,1998,1968,-30
53270.jpg,1998,2017,19
53275.jpg,1998,2019,21
53280.jpg,1998,2015,17
53285.jpg,1998,2011,13
53290.jpg,1998,2005,7
53300.jpg,1998,2010,12
53305.jpg,1998,1963,-35
53310.jpg,1998,2005,7
53315.jpg,1998,2007,9
53325.jpg,1998,2008,10
53330.jpg,1998,2015,17
53335.jpg,1998,1995,-3
53340.jpg,1998,1994,-4
53345.jpg,1998,1966,-32
53350.jpg,1998,2003,5
53355.jpg,1998,2005,7
53365.jpg,1998,2014,16
53370.jpg,1998,2012,14
53375.jpg,1998,2010,12
53380.jpg,1998,1957,-41
53385.jpg,1998,1820,-178
53390.jpg,1998,1750,-248
53395.jpg,1998,1969,-29
53400.jpg,1998,1900,-98
53405.jpg,1998,2008,10
53410.jpg,1998,1989,-9
53415.jpg,1998,2005,7
53420.jpg,1998,1972,-26
53425.jpg,1998,2000,2
53435.jpg,1998,2006,8
53440.jpg,1998,1990,-8
53445.jpg,1998,2009,11
53450.jpg,1998,2006,8
53455.jpg,1999,1940,-59
53460.jpg,1999,2005,6
53465.jpg,1999,2012,13
53470.jpg,1999,1975,-24
53475.jpg,1999,2015,16
53480.jpg,1999,2015,16
53485.jpg,1999,2015,16
53490.jpg,1999,1965,-34
53495.jpg,1999,2014,15
53505.jpg,1999,2010,11
53510.jpg,1999,1998,-1
53515.jpg,1999,2012,13
53520.jpg,1999,2006,7
53525.jpg,1999,2010,11
53530.jpg,1999,2015,16
53535.jpg,1999,2000,1
53540.jpg,1999,1976,-23
53545.jpg,1999,2008,9
53550.jpg,1999,2018,19
53555.jpg,1999,1929,-70
53560.jpg,1999,1975,-24
53565.jpg,1999,1973,-26
53570.jpg,1999,2005,6
53575.jpg,1999,2022,23
53580.jpg,1999,1979,-20
53585.jpg,1999,1930,-69
53590.jpg,1999,2007,8
53595.jpg,1999,2005,6
53600.jpg,1999,2005,6
53605.jpg,1999,2000,1
53610.jpg,1999,2008,9
53615.jpg,1999,1921,-78
53620.jpg,1999,1927,-72
53625.jpg,1999,1929,-70
53630.jpg,1999,1964,-35
53635.jpg,1999,1956,-43
53650.jpg,1999,2005,6
53655.jpg,1999,2009,10
53660.jpg,1999,2005,6
53665.jpg,1999,1997,-2
53670.jpg,1999,2010,11
53675.jpg,1999,2005,6
53680.jpg,1999,1999,0
53685.jpg,1999,1910,-89
53690.jpg,2000,1992,-8
53700.jpg,2000,2005,5
53705.jpg,2000,2015,15
53710.jpg,2000,2015,15
53715.jpg,2000,2005,5
53720.jpg,2000,2009,9
53725.jpg,2000,2010,10
53730.jpg,2000,2000,0
53735.jpg,2000,2015,15
53740.jpg,2000,2002,2
53745.jpg,2000,2010,10
53755.jpg,2000,2005,5
53760.jpg,2000,1990,-10
53765.jpg,2000,2018,18
53770.jpg,2000,2018,18
53775.jpg,2000,2017,17
53780.jpg,2000,2014,14
53785.jpg,2000,1980,-20
53790.jpg,2000,1953,-47
53795.jpg,2000,1935,-65
53800.jpg,2000,1956,-44
53805.jpg,2000,1958,-42
53810.jpg,2000,1960,-40
53815.jpg,2000,1956,-44
53820.jpg,2000,2015,15
53830.jpg,2000,2021,21
53835.jpg,2000,2015,15
53840.jpg,2000,2015,15
53845.jpg,2000,2015,15
53850.jpg,2000,1884,-116
53855.jpg,2000,1994,-6
53860.jpg,2000,2005,5
53865.jpg,2000,2005,5
53870.jpg,2000,1998,-2
53875.jpg,2000,2001,1
53880.jpg,2000,2007,7
53885.jpg,2000,2010,10
53890.jpg,2000,2010,10
53895.jpg,2000,2005,5
53905.jpg,2001,2007,6
53910.jpg,2001,2001,0
53915.jpg,2001,2009,8
53920.jpg,2001,2000,-1
53925.jpg,2001,2010,9
53930.jpg,2001,2015,14
53935.jpg,2001,2012,11
53940.jpg,2001,2009,8
53945.jpg,2001,1972,-29
53950.jpg,2001,1992,-9
53955.jpg,2001,2004,3
53960.jpg,2001,2015,14
53965.jpg,2001,1950,-51
53970.jpg,2001,2005,4
53975.jpg,2001,2015,14
53980.jpg,2001,1998,-3
53985.jpg,2001,2000,-1
53990.jpg,2001,1973,-28
53995.jpg,2001,1905,-96
54000.jpg,2001,2015,14
54005.jpg,2001,1971,-30
54010.jpg,2001,2016,15
54015.jpg,2001,2008,7
54020.jpg,2001,1930,-71
54025.jpg,2001,2010,9
54030.jpg,2001,2009,8
54035.jpg,2001,2010,9
54040.jpg,2001,2008,7
54045.jpg,2001,2015,14
54050.jpg,2001,1970,-31
54055.jpg,2001,1997,-4
54060.jpg,2001,1916,-85
54065.jpg,2001,-1,-2002
54070.jpg,2001,2003,2
54075.jpg,2001,2018,17
54085.jpg,2001,2020,19
54090.jpg,2001,1985,-16
54095.jpg,2001,2005,4
54100.jpg,2001,2000,-1
54105.jpg,2001,2010,9
54110.jpg,2001,2010,9
54120.jpg,2001,2000,-1
54125.jpg,2001,2015,14
54130.jpg,2001,1962,-39
54135.jpg,2001,2010,9
54140.jpg,2001,1985,-16
54145.jpg,2001,2004,3
54150.jpg,2001,2008,7
54155.jpg,2001,1910,-91
54160.jpg,2001,2015,14
54165.jpg,2001,1988,-13
54170.jpg,2001,2018,17
54180.jpg,2002,1960,-42
54185.jpg,2002,2000,-2
54190.jpg,2002,2005,3
54195.jpg,2002,2000,-2
54200.jpg,2002,2000,-2
54205.jpg,2002,2009,7
54210.jpg,2002,2010,8
54215.jpg,2002,2020,18
54220.jpg,2002,2008,6
54225.jpg,2002,2005,3
54230.jpg,2002,2007,5
54235.jpg,2002,2019,17
54240.jpg,2002,2004,2
54245.jpg,2002,2002,0
54250.jpg,2002,2005,3
54255.jpg,2002,1920,-82
54260.jpg,2002,2004,2
54265.jpg,2002,2015,13
54270.jpg,2002,2015,13
54275.jpg,2002,1957,-45
54280.jpg,2002,2010,8
54285.jpg,2002,2013,11
54290.jpg,2002,1975,-27
54295.jpg,2002,1965,-37
54300.jpg,2002,2005,3
54305.jpg,2002,1996,-6
54310.jpg,2002,2010,8
54315.jpg,2002,2009,7
54320.jpg,2002,1910,-92
54330.jpg,2002,1890,-112
54335.jpg,2002,2008,6
54340.jpg,2002,2020,18
54345.jpg,2002,2010,8
54355.jpg,2002,2009,7
54360.jpg,2002,2010,8
54365.jpg,2002,2010,8
54370.jpg,2002,2005,3
54375.jpg,2002,2001,-1
54385.jpg,2002,2015,13
54390.jpg,2002,2015,13
54395.jpg,2002,2018,16
54400.jpg,2002,2003,1
54405.jpg,2003,2005,2
54410.jpg,2003,2019,16
54415.jpg,2003,1999,-4
54425.jpg,2003,2008,5
54430.jpg,2003,2010,7
54435.jpg,2003,2010,7
54440.jpg,2003,2018,15
54445.jpg,2003,2012,9
54450.jpg,2003,2000,-3
54460.jpg,2003,2005,2
54465.jpg,2003,2005,2
54470.jpg,2003,2015,12
54475.jpg,2003,2013,10
54480.jpg,2003,2022,19
54485.jpg,2003,1985,-18
54490.jpg,2003,1989,-14
54495.jpg,2003,2005,2
54500.jpg,2003,2015,12
54505.jpg,2003,2006,3
54510.jpg,2003,1990,-13
54515.jpg,2003,1960,-43
54520.jpg,2003,1923,-80
54525.jpg,2003,2010,7
54530.jpg,2003,1965,-38
54535.jpg,2003,1945,-58
54540.jpg,2003,2010,7
54545.jpg,2003,1900,-103
54550.jpg,2003,2000,-3
54555.jpg,2003,1800,-203
54560.jpg,2003,1969,-34
54565.jpg,2003,2010,7
54570.jpg,2003,2000,-3
54575.jpg,2003,2010,7
54580.jpg,2003,2008,5
54585.jpg,2003,2010,7
54590.jpg,2003,2007,4
54595.jpg,2003,1978,-25
54600.jpg,2003,1975,-28
54605.jpg,2004,2001,-3
54610.jpg,2004,2005,1
54620.jpg,2004,1985,-19
54625.jpg,2004,2012,8
54630.jpg,2004,2015,11
54635.jpg,2004,2015,11
54640.jpg,2004,2010,6
54645.jpg,2004,2010,6
54650.jpg,2004,2018,14
54655.jpg,2004,1990,-14
54660.jpg,2004,2010,6
54665.jpg,2004,2005,1
54670.jpg,2004,2005,1
54675.jpg,2004,2008,4
54680.jpg,2004,2003,-1
54685.jpg,2004,2009,5
54690.jpg,2004,1956,-48
54695.jpg,2004,2005,1
54700.jpg,2004,2015,11
54705.jpg,2004,2009,5
54710.jpg,2004,1998,-6
54715.jpg,2004,2005,1
54720.jpg,2004,2015,11
54725.jpg,2004,2009,5
54730.jpg,2004,2005,1
54735.jpg,2004,2020,16
54740.jpg,2004,2006,2
54745.jpg,2004,2005,1
54750.jpg,2004,1924,-80
54760.jpg,2004,2010,6
54770.jpg,2004,1937,-67
54775.jpg,2004,2015,11
54780.jpg,2004,2010,6
54785.jpg,2004,2010,6
54790.jpg,2004,2005,1
54795.jpg,2004,2005,1
54800.jpg,2004,2010,6
54805.jpg,2004,2010,6
54810.jpg,2004,2010,6
54815.jpg,2004,2010,6
54820.jpg,2004,2018,14
54825.jpg,2004,2010,6
54830.jpg,2004,2005,1
54835.jpg,2004,2015,11
54840.jpg,2004,2005,1
54845.jpg,2005,1820,-185
54850.jpg,2005,1975,-30
54855.jpg,2005,2010,5
54860.jpg,2005,2007,2
54865.jpg,2005,1905,-100
54870.jpg,2005,2010,5
54885.jpg,2005,1995,-10
54890.jpg,2005,1990,-15
54895.jpg,2005,2015,10
54900.jpg,2005,2000,-5
54905.jpg,2005,2014,9
54910.jpg,2005,2005,0
54915.jpg,2005,1999,-6
54925.jpg,2005,2015,10
54930.jpg,2005,1993,-12
54935.jpg,2005,1930,-75
54940.jpg,2005,2005,0
54955.jpg,2005,2010,5
54960.jpg,2005,2015,10
54965.jpg,2005,2004,-1
54970.jpg,2005,2016,11
54975.jpg,2005,2010,5
54980.jpg,2005,2010,5
54985.jpg,2005,2010,5
54990.jpg,2005,1976,-29
54995.jpg,2005,1910,-95
55000.jpg,2005,1997,-8
55005.jpg,2005,-1,-2006
55010.jpg,2005,2000,-5
55015.jpg,2005,2014,9
55020.jpg,2005,2008,3
55025.jpg,2005,2007,2
55030.jpg,2005,1980,-25
55035.jpg,2005,2000,-5
55040.jpg,2005,1987,-18
55045.jpg,2005,2005,0
55050.jpg,2005,2010,5
55055.jpg,2005,2015,10
55060.jpg,2005,2018,13
55065.jpg,2005,2020,15
55070.jpg,2005,2010,5
55075.jpg,2005,2018,13
55080.jpg,2005,2018,13
55085.jpg,2005,1995,-10
55090.jpg,2005,2018,13
55095.jpg,2005,2012,7
55100.jpg,2005,1970,-35
55105.jpg,2005,2005,0
55110.jpg,2005,1967,-38
55115.jpg,2005,2010,5
55120.jpg,2005,2005,0
55125.jpg,2005,1999,-6
55130.jpg,2005,2018,13
55135.jpg,2006,2005,-1
55140.jpg,2006,2018,12
55145.jpg,2006,1970,-36
55155.jpg,2006,2020,14
55160.jpg,2006,2005,-1
55165.jpg,2006,2005,-1
55170.jpg,2006,2011,5
55175.jpg,2006,2015,9
55180.jpg,2006,2008,2
55185.jpg,2006,2000,-6
55190.jpg,2006,2000,-6
55195.jpg,2006,2002,-4
55200.jpg,2006,2011,5
55210.jpg,2006,1970,-36
55215.jpg,2006,2010,4
55220.jpg,2006,2015,9
55230.jpg,2006,2010,4
55235.jpg,2006,2015,9
55240.jpg,2006,2017,11
55245.jpg,2006,2008,2
55250.jpg,2006,2005,-1
55255.jpg,2006,1970,-36
55265.jpg,2006,1902,-104
55270.jpg,2006,1930,-76
55275.jpg,2006,1963,-43
55280.jpg,2006,2000,-6
55285.jpg,2006,1978,-28
55290.jpg,2006,2010,4
55295.jpg,2006,2004,-2
55300.jpg,2006,2010,4
55305.jpg,2006,2015,9
55310.jpg,2006,2005,-1
55315.jpg,2006,1985,-21
55320.jpg,2006,1980,-26
55325.jpg,2006,2010,4
55330.jpg,2006,2003,-3
55335.jpg,2007,1865,-142
55340.jpg,2007,2020,13
55345.jpg,2007,2006,-1
55355.jpg,2007,2010,3
55360.jpg,2007,1985,-22
55365.jpg,2007,1996,-11
55370.jpg,2007,2010,3
55380.jpg,2007,2018,11
55385.jpg,2007,2007,0
55395.jpg,2007,1893,-114
55400.jpg,2007,2018,11
55405.jpg,2007,1984,-23
55410.jpg,2007,2018,11
55415.jpg,2007,2005,-2
55420.jpg,2007,2020,13
55425.jpg,2007,2010,3
55430.jpg,2007,2010,3
55435.jpg,2007,2005,-2
55440.jpg,2007,2010,3
55445.jpg,2007,2007,0
55450.jpg,2007,1960,-47
55455.jpg,2007,2009,2
55460.jpg,2007,1400,-607
55465.jpg,2007,2007,0
55475.jpg,2007,1907,-100
55480.jpg,2007,1930,-77
55485.jpg,2007,1999,-8
55490.jpg,2007,1931,-76
55500.jpg,2007,2005,-2
55505.jpg,2007,2013,6
55510.jpg,2007,2010,3
55515.jpg,2007,2008,1
55520.jpg,2007,2010,3
55525.jpg,2007,1908,-99
55530.jpg,2007,2012,5
55535.jpg,2007,2008,1
55540.jpg,2007,1996,-11
55545.jpg,2007,2018,11
55550.jpg,2007,1985,-22
55555.jpg,2007,1999,-8
55560.jpg,2007,2010,3
55565.jpg,2007,2010,3
55570.jpg,2007,2015,8
55575.jpg,2007,2010,3
55580.jpg,2007,2015,8
55585.jpg,2007,2005,-2
55590.jpg,2007,1998,-9
55595.jpg,2007,1930,-77
55600.jpg,2007,2005,-2
55605.jpg,2007,2008,1
55610.jpg,2008,1850,-158
55615.jpg,2008,1900,-108
55620.jpg,2008,2014,6
55625.jpg,2008,2008,0
55630.jpg,2008,2015,7
55635.jpg,2008,2000,-8
55640.jpg,2008,2015,7
55645.jpg,2008,2010,2
55650.jpg,2008,1960,-48
55655.jpg,2008,2015,7
55660.jpg,2008,2005,-3
55670.jpg,2008,2015,7
55675.jpg,2008,2000,-8
55685.jpg,2008,2010,2
55690.jpg,2008,2018,10
55695.jpg,2008,2020,12
55705.jpg,2008,2015,7
55710.jpg,2008,2010,2
55715.jpg,2008,1960,-48
55720.jpg,2008,2000,-8
55725.jpg,2008,-1,-2009
55730.jpg,2008,2015,7
55735.jpg,2008,1804,-204
55740.jpg,2008,1985,-23
55745.jpg,2008,2008,0
55750.jpg,2008,2010,2
55755.jpg,2008,2010,2
55760.jpg,2008,2005,-3
55765.jpg,2008,2008,0
55770.jpg,2008,1875,-133
55775.jpg,2008,1985,-23
55780.jpg,2008,2012,4
55785.jpg,2008,2010,2
55795.jpg,2008,2018,10
55800.jpg,2008,2010,2
55805.jpg,2008,2015,7
55810.jpg,2008,2018,10
55815.jpg,2008,2010,2
55820.jpg,2008,1453,-555
55825.jpg,2008,1970,-38
55830.jpg,2008,1997,-11
55835.jpg,2009,1959,-50
55845.jpg,2009,2017,8
55850.jpg,2009,2020,11
55870.jpg,2009,2010,1
55875.jpg,2009,2009,0
55880.jpg,2009,2015,6
55885.jpg,2009,1995,-14
55890.jpg,2009,2019,10
55895.jpg,2009,2000,-9
55900.jpg,2009,1985,-24
55905.jpg,2009,2001,-8
55910.jpg,2009,2018,9
55915.jpg,2009,2012,3
55920.jpg,2009,1871,-138
55925.jpg,2009,2000,-9
55930.jpg,2009,2008,-1
55935.jpg,2009,2017,8
55940.jpg,2009,2014,5
55945.jpg,2009,1930,-79
55950.jpg,2009,2012,3
55955.jpg,2009,2005,-4
55960.jpg,2009,2015,6
55965.jpg,2009,1998,-11
55970.jpg,2009,2012,3
55975.jpg,2009,2019,10
55980.jpg,2009,2018,9
55985.jpg,2009,1970,-39
55990.jpg,2009,2010,1
55995.jpg,2009,2012,3
56000.jpg,2009,2019,10
56005.jpg,2009,1910,-99
56010.jpg,2009,1880,-129
56015.jpg,2009,2011,2
56020.jpg,2009,2015,6
56025.jpg,2009,2010,1
56030.jpg,2009,2020,11
56035.jpg,2009,2010,1
56040.jpg,2009,2010,1
56050.jpg,2009,2010,1
56055.jpg,2009,2010,1
56060.jpg,2009,1950,-59
56065.jpg,2009,1965,-44
56070.jpg,2009,2004,-5
56075.jpg,2009,1938,-71
56080.jpg,2010,1976,-34
56085.jpg,2010,2008,-2
56090.jpg,2010,2013,3
56095.jpg,2010,2006,-4
56105.jpg,2010,2005,-5
56110.jpg,2010,2000,-10
56115.jpg,2010,2014,4
56125.jpg,2010,2014,4
56130.jpg,2010,2010,0
56135.jpg,2010,1970,-40
56140.jpg,2010,1970,-40
56145.jpg,2010,2005,-5
56150.jpg,2010,1990,-20
56155.jpg,2010,1980,-30
56165.jpg,2010,2010,0
56170.jpg,2010,1920,-90
56175.jpg,2010,2016,6
56180.jpg,2010,2015,5
56185.jpg,2010,2005,-5
56190.jpg,2010,2005,-5
56195.jpg,2010,2010,0
56200.jpg,2010,2016,6
56205.jpg,2010,2010,0
56210.jpg,2010,2008,-2
56215.jpg,2010,2022,12
56220.jpg,2010,2011,1
56225.jpg,2010,2015,5
56230.jpg,2010,2010,0
56235.jpg,2010,1903,-107
56240.jpg,2010,2005,-5
56245.jpg,2010,2015,5
56250.jpg,2010,2015,5
56255.jpg,2010,2015,5
56260.jpg,2010,2008,-2
56265.jpg,2010,2012,2
56270.jpg,2010,2022,12
56275.jpg,2010,1970,-40
56280.jpg,2010,2012,2
56285.jpg,2010,2010,0
56290.jpg,2010,2018,8
56295.jpg,2010,2010,0
56300.jpg,2010,1985,-25
56310.jpg,2010,2018,8
56315.jpg,2011,2010,-1
56320.jpg,2011,1960,-51
56325.jpg,2011,2010,-1
56330.jpg,2011,2008,-3
56335.jpg,2011,2020,9
56345.jpg,2011,1950,-61
56350.jpg,2011,2000,-11
56355.jpg,2011,2021,10
56360.jpg,2011,2011,0
56365.jpg,2011,2018,7
56370.jpg,2011,2003,-8
56375.jpg,2011,2006,-5
56380.jpg,2011,2018,7
56385.jpg,2011,2010,-1
56390.jpg,2011,1925,-86
56395.jpg,2011,2018,7
56400.jpg,2011,2022,11
56405.jpg,2011,2005,-6
56410.jpg,2011,2012,1
56415.jpg,2011,2018,7
56420.jpg,2011,2005,-6
56425.jpg,2011,1935,-76
56430.jpg,2011,2007,-4
56440.jpg,2011,2018,7
56450.jpg,2011,2015,4
56455.jpg,2011,1860,-151
56460.jpg,2011,2004,-7
56465.jpg,2011,2010,-1
56470.jpg,2011,1910,-101
56475.jpg,2011,1956,-55
56480.jpg,2011,2003,-8
56485.jpg,2011,2005,-6
56495.jpg,2011,2000,-11
56500.jpg,2011,2010,-1
56505.jpg,2011,2020,9
56510.jpg,2011,2010,-1
56515.jpg,2011,1940,-71
56520.jpg,2011,1974,-37
56525.jpg,2011,1975,-36
56545.jpg,2012,2007,-5
56550.jpg,2012,2018,6
56555.jpg,2012,2000,-12
56560.jpg,2012,2017,5
56565.jpg,2012,2018,6
56570.jpg,2012,2005,-7
56575.jpg,2012,2015,3
56585.jpg,2012,2018,6
56590.jpg,2012,2020,8
56600.jpg,2012,2010,-2
56605.jpg,2012,2009,-3
56610.jpg,2012,2010,-2
56615.jpg,2012,2017,5
56620.jpg,2012,1961,-51
56625.jpg,2012,1890,-122
56630.jpg,2012,2016,4
56635.jpg,2012,1997,-15
56640.jpg,2012,2010,-2
56645.jpg,2012,2006,-6
56650.jpg,2012,2018,6
56655.jpg,2012,2010,-2
56660.jpg,2012,1960,-52
56665.jpg,2012,1930,-82
56670.jpg,2012,2019,7
56675.jpg,2012,2017,5
56680.jpg,2012,2012,0
56685.jpg,2012,2001,-11
56690.jpg,2012,2015,3
56695.jpg,2012,2000,-12
56700.jpg,2012,2007,-5
56705.jpg,2012,2018,6
56710.jpg,2012,1970,-42
56715.jpg,2012,1930,-82
56720.jpg,2013,2000,-13
56725.jpg,2013,2021,8
56730.jpg,2013,2005,-8
56735.jpg,2013,2010,-3
56740.jpg,2013,1965,-48
56745.jpg,2013,2013,0
56750.jpg,2013,2002,-11
56755.jpg,2013,2018,5
56765.jpg,2013,2020,7
56770.jpg,2013,2020,7
56775.jpg,2013,2010,-3
56780.jpg,2013,1990,-23
56785.jpg,2013,2010,-3
56795.jpg,2013,2015,2
56800.jpg,2013,2015,2
56805.jpg,2013,2010,-3
56810.jpg,2013,2018,5
56820.jpg,2013,1970,-43
56825.jpg,2013,2010,-3
56845.jpg,2013,1995,-18
56850.jpg,2013,2015,2
56855.jpg,2013,2018,5
56860.jpg,2013,2007,-6
56865.jpg,2013,2000,-13
56870.jpg,2013,2018,5
56875.jpg,2013,2005,-8
56880.jpg,2013,2018,5
56885.jpg,2013,2010,-3
56890.jpg,2013,2006,-7
56895.jpg,2013,2010,-3
56900.jpg,2014,1968,-46
56905.jpg,2014,1910,-104
56910.jpg,2014,1890,-124
56915.jpg,2014,2018,4
56920.jpg,2014,2005,-9
56925.jpg,2014,2018,4
56930.jpg,2014,2014,0
56935.jpg,2014,2005,-9
56940.jpg,2014,2015,1
56945.jpg,2014,1970,-44
56950.jpg,2014,2019,5
56955.jpg,2014,1970,-44
56960.jpg,2014,2006,-8
56965.jpg,2014,2015,1
56970.jpg,2014,1999,-15
56975.jpg,2014,1928,-86
56980.jpg,2014,1970,-44
56985.jpg,2014,1981,-33
56990.jpg,2014,2012,-2
56995.jpg,2014,2015,1
57005.jpg,2014,2012,-2
57010.jpg,2014,1956,-58
57015.jpg,2014,2015,1
57020.jpg,2014,2000,-14
57025.jpg,2014,2008,-6
57030.jpg,2014,2010,-4
57035.jpg,2014,2010,-4
57040.jpg,2014,2020,6
57045.jpg,2014,2014,0
57050.jpg,2014,2006,-8
57055.jpg,2014,2011,-3
57060.jpg,2014,2010,-4
57065.jpg,2014,2018,4
57070.jpg,2014,2008,-6
57075.jpg,2015,1990,-25
57085.jpg,2015,2009,-6
57090.jpg,2015,2005,-10
57095.jpg,2015,2007,-8
57100.jpg,2015,2010,-5
57105.jpg,2015,2008,-7
57110.jpg,2015,2005,-10
57120.jpg,2015,2018,3
57125.jpg,2015,2010,-5
57130.jpg,2015,-1,-2016
57135.jpg,2015,2020,5
57140.jpg,2015,2018,3
57145.jpg,2015,1997,-18
57150.jpg,2015,2016,1
57155.jpg,2015,2003,-12
57160.jpg,2015,2000,-15
57165.jpg,2015,2018,3
57170.jpg,2015,2015,0
57175.jpg,2015,2005,-10
57180.jpg,2015,2015,0
57185.jpg,2015,2020,5
57195.jpg,2015,2020,5
57200.jpg,2015,1930,-85
57205.jpg,2015,2008,-7
57210.jpg,2015,2018,3
57215.jpg,2015,2000,-15
57220.jpg,2016,1955,-61
57225.jpg,2016,2027,11
57230.jpg,2016,2015,-1
57235.jpg,2016,2018,2
57240.jpg,2016,2010,-6
57250.jpg,2016,2015,-1
57255.jpg,2016,2010,-6
57270.jpg,2016,1954,-62
57275.jpg,2016,2008,-8
57280.jpg,2016,2010,-6
57285.jpg,2016,2018,2
57290.jpg,2016,2009,-7
57295.jpg,2016,2016,0
57300.jpg,2016,2017,1
57305.jpg,2016,2018,2
57310.jpg,2016,-1,-2017
57315.jpg,2016,2005,-11
57320.jpg,2016,-1,-2017
57325.jpg,2016,2008,-8
57330.jpg,2016,2000,-16
57335.jpg,2016,2015,-1
57340.jpg,2016,2010,-6
57345.jpg,2016,1966,-50
57350.jpg,2016,-1,-2017
57355.jpg,2016,2013,-3
57360.jpg,2016,2017,1
57365.jpg,2017,2005,-12
57370.jpg,2017,2011,-6
57375.jpg,2017,2010,-7
57385.jpg,2017,2020,3
57390.jpg,2017,2012,-5
57395.jpg,2017,2018,1
57400.jpg,2017,1960,-57
57415.jpg,2017,2012,-5
57420.jpg,2017,1980,-37
57425.jpg,2017,1972,-45
57430.jpg,2017,1995,-22
57435.jpg,2017,1988,-29
57440.jpg,2017,2003,-14
57450.jpg,2017,2005,-12
57455.jpg,2017,2018,1
57470.jpg,2017,2018,1
57475.jpg,2017,2020,3
57480.jpg,2018,2010,-8
57485.jpg,2018,2018,0
57490.jpg,2018,2000,-18
57495.jpg,2018,2010,-8
57500.jpg,2018,1996,-22
57505.jpg,2018,2019,1
57510.jpg,2018,2021,3
57515.jpg,2018,2008,-10
57520.jpg,2018,2005,-13
57525.jpg,2018,2018,0
57530.jpg,2018,2013,-5
57545.jpg,2018,2018,0
57550.jpg,2018,2007,-11
57555.jpg,2018,1990,-28
57560.jpg,2018,2018,0
57565.jpg,2018,2015,-3
57570.jpg,2018,2018,0
57575.jpg,2018,2018,0
57585.jpg,2019,1972,-47
57595.jpg,2019,2010,-9
57600.jpg,2019,2015,-4
57605.jpg,2019,2010,-9
57610.jpg,2019,2010,-9
57615.jpg,2019,2008,-11
57620.jpg,2019,2012,-7
57625.jpg,2019,2009,-10
57630.jpg,2019,1975,-44
57635.jpg,2019,2000,-19
57640.jpg,2019,2020,1
57645.jpg,2019,2020,1
57660.jpg,2019,2005,-14
57665.jpg,2019,2010,-9
57670.jpg,2020,2005,-15
57675.jpg,2020,2015,-5
57680.jpg,2020,2003,-17
57685.jpg,2020,2018,-2
57690.jpg,2020,2005,-15
57695.jpg,2020,2015,-5
57700.jpg,2020,1967,-53
57705.jpg,2020,2018,-2
57710.jpg,2020,1960,-60
57725.jpg,2020,2018,-2
57730.jpg,2021,2015,-6
57735.jpg,2021,2021,0
57740.jpg,2021,2018,-3
57745.jpg,2021,2008,-13
57750.jpg,2021,2018,-3
57755.jpg,2021,2010,-11
57760.jpg,2021,1998,-23
57765.jpg,2021,2018,-3
57770.jpg,2021,2000,-21
57780.jpg,2021,2019,-2
57785.jpg,2021,2018,-3
57790.jpg,2021,2010,-11
57795.jpg,2021,2015,-6
57800.jpg,2021,2020,-1
57805.jpg,2022,2012,-10
57810.jpg,2022,2018,-4
57815.jpg,2022,2015,-7
57825.jpg,2022,2004,-18
57830.jpg,2022,2010,-12
57835.jpg,2022,2010,-12
57840.jpg,2022,1975,-47
57845.jpg,2022,2018,-4
57860.jpg,2022,2018,-4
57865.jpg,2022,1980,-42
57870.jpg,2022,2016,-6
57875.jpg,2023,2009,-14
57885.jpg,2023,2014,-9
57890.jpg,2023,1997,-26
57895.jpg,2023,2010,-13
57900.jpg,2023,1956,-67
57910.jpg,2023,2018,-5
57915.jpg,2023,2007,-16
57920.jpg,2023,2021,-2
57925.jpg,2024,1900,-124
57930.jpg,2024,2021,-3
