name,year,pred,diff
5.jpg,1008,1000,-8
10.jpg,1016,2018,1002
15.jpg,1022,1245,223
20.jpg,1028,1500,472
25.jpg,1036,2010,974
30.jpg,1048,1805,757
35.jpg,1051,1600,549
40.jpg,1061,1470,409
45.jpg,1063,1450,387
55.jpg,1070,1215,145
60.jpg,1076,1450,374
65.jpg,1080,1450,370
70.jpg,1090,1500,410
75.jpg,1093,1750,657
80.jpg,1097,1859,762
85.jpg,1100,1000,-100
90.jpg,1100,1600,500
95.jpg,1107,1750,643
100.jpg,1110,1845,735
105.jpg,1114,1100,-14
110.jpg,1116,1450,334
120.jpg,1120,1550,430
125.jpg,1122,12,-1110
130.jpg,1125,1100,-25
135.jpg,1128,1250,122
140.jpg,1129,19,-1110
145.jpg,1130,-1,-1131
150.jpg,1131,1500,369
155.jpg,1134,1700,566
165.jpg,1138,1450,312
170.jpg,1140,1500,360
175.jpg,1144,1220,76
180.jpg,1146,1450,304
185.jpg,1147,1267,120
190.jpg,1149,1250,101
195.jpg,1150,1700,550
200.jpg,1152,1301,149
210.jpg,1160,1350,190
215.jpg,1165,1200,35
220.jpg,1168,1405,237
225.jpg,1170,-1,-1171
230.jpg,1170,1400,230
235.jpg,1172,218,-954
240.jpg,1175,15,-1160
245.jpg,1177,1362,185
255.jpg,1180,1322,142
260.jpg,1180,1280,100
265.jpg,1180,1350,170
275.jpg,1185,1100,-85
280.jpg,1189,17,-1172
285.jpg,1191,1600,409
290.jpg,1192,1800,608
295.jpg,1194,12,-1182
300.jpg,1196,1201,5
305.jpg,1198,800,-398
310.jpg,1199,1500,301
315.jpg,1200,1500,300
320.jpg,1202,1450,248
325.jpg,1204,1560,356
330.jpg,1208,1600,392
335.jpg,1211,1464,253
340.jpg,1212,1215,3
345.jpg,1215,1650,435
350.jpg,1217,1250,33
355.jpg,1220,1450,230
360.jpg,1221,1450,229
365.jpg,1222,1277,55
370.jpg,1224,1250,26
375.jpg,1226,12,-1214
380.jpg,1227,1750,523
385.jpg,1229,1500,271
390.jpg,1231,1500,269
395.jpg,1232,850,-382
405.jpg,1237,1215,-22
410.jpg,1238,1271,33
415.jpg,1240,1450,210
420.jpg,1242,1979,737
425.jpg,1245,1100,-145
430.jpg,1247,1450,203
435.jpg,1248,1908,660
440.jpg,1250,1800,550
445.jpg,1250,1850,600
450.jpg,1252,1,-1251
455.jpg,1255,1450,195
460.jpg,1259,1497,238
465.jpg,1260,1250,-10
470.jpg,1263,6,-1257
475.jpg,1264,1200,-64
485.jpg,1270,2021,751
490.jpg,1270,1450,180
495.jpg,1270,1880,610
500.jpg,1271,1425,154
505.jpg,1273,1300,27
510.jpg,1275,1450,175
515.jpg,1277,1350,73
520.jpg,1278,1200,-78
525.jpg,1279,1600,321
530.jpg,1280,1500,220
535.jpg,1285,1140,-145
540.jpg,1288,1450,162
545.jpg,1289,-1,-1290
550.jpg,1290,1300,10
555.jpg,1291,1200,-91
560.jpg,1293,1600,307
565.jpg,1295,16,-1279
570.jpg,1298,1860,562
575.jpg,1300,1500,200
580.jpg,1300,1450,150
585.jpg,1300,1475,175
590.jpg,1301,1582,281
595.jpg,1303,1100,-203
600.jpg,1305,1800,495
605.jpg,1307,1880,573
610.jpg,1309,1875,566
615.jpg,1310,1450,140
620.jpg,1311,1450,139
625.jpg,1313,13,-1300
630.jpg,1314,1450,136
635.jpg,1317,1450,133
640.jpg,1319,1450,131
645.jpg,1320,1650,330
650.jpg,1322,1215,-107
655.jpg,1324,1173,-151
660.jpg,1325,1450,125
665.jpg,1326,1450,124
670.jpg,1327,1930,603
675.jpg,1328,1250,-78
680.jpg,1330,1650,320
685.jpg,1330,1100,-230
690.jpg,1331,1850,519
695.jpg,1333,1450,117
700.jpg,1335,1450,115
705.jpg,1337,1450,113
710.jpg,1338,1450,112
715.jpg,1340,1420,80
720.jpg,1340,1450,110
725.jpg,1343,1750,407
730.jpg,1345,1080,-265
735.jpg,1345,1550,205
740.jpg,1346,1749,403
745.jpg,1347,1395,48
750.jpg,1347,1650,303
755.jpg,1349,1450,101
760.jpg,1350,1500,150
765.jpg,1350,1250,-100
775.jpg,1353,1450,97
780.jpg,1354,1450,96
785.jpg,1356,1140,-216
790.jpg,1358,1480,122
795.jpg,1360,1600,240
800.jpg,1361,1500,139
805.jpg,1362,1677,315
810.jpg,1364,1500,136
815.jpg,1365,1600,235
825.jpg,1370,1240,-130
830.jpg,1371,1450,79
835.jpg,1373,1957,584
840.jpg,1375,12,-1363
845.jpg,1377,11,-1366
850.jpg,1380,2019,639
855.jpg,1381,1250,-131
860.jpg,1382,1486,104
865.jpg,1384,1957,573
870.jpg,1386,-1,-1387
875.jpg,1389,1450,61
880.jpg,1390,900,-490
885.jpg,1394,1465,71
890.jpg,1396,1394,-2
895.jpg,1397,1450,53
900.jpg,1398,1450,52
905.jpg,1399,1400,1
910.jpg,1400,1450,50
915.jpg,1401,1850,449
920.jpg,1402,1093,-309
925.jpg,1405,1150,-255
930.jpg,1406,1450,44
935.jpg,1409,1200,-209
940.jpg,1410,1590,180
945.jpg,1410,1450,40
950.jpg,1411,1420,9
955.jpg,1413,1715,302
960.jpg,1414,2000,586
965.jpg,1417,1450,33
970.jpg,1419,17,-1402
975.jpg,1420,1300,-120
980.jpg,1420,2001,581
985.jpg,1422,1600,178
990.jpg,1424,12,-1412
995.jpg,1425,1520,95
1000.jpg,1426,1450,24
1005.jpg,1428,1600,172
1010.jpg,1430,1500,70
1015.jpg,1431,1600,169
1025.jpg,1435,1850,415
1030.jpg,1436,1212,-224
1035.jpg,1438,2010,572
1040.jpg,1440,600,-840
1045.jpg,1441,1590,149
1050.jpg,1442,1800,358
1055.jpg,1444,1100,-344
1060.jpg,1446,1880,434
1065.jpg,1448,1600,152
1070.jpg,1450,1855,405
1075.jpg,1450,11,-1439
1080.jpg,1451,1907,456
1085.jpg,1452,1870,418
1090.jpg,1453,1450,-3
1095.jpg,1455,1069,-386
1100.jpg,1457,1700,243
1105.jpg,1458,15,-1443
1110.jpg,1459,1450,-9
1115.jpg,1460,1470,10
1120.jpg,1462,1920,458
1125.jpg,1462,1300,-162
1130.jpg,1464,1275,-189
1135.jpg,1465,1800,335
1140.jpg,1466,1070,-396
1145.jpg,1467,1450,-17
1150.jpg,1468,1486,18
1155.jpg,1469,1004,-465
1160.jpg,1470,1890,420
1165.jpg,1470,1350,-120
1170.jpg,1472,1690,218
1175.jpg,1473,1450,-23
1180.jpg,1475,1450,-25
1185.jpg,1477,1326,-151
1190.jpg,1477,1450,-27
1195.jpg,1479,1860,381
1200.jpg,1480,1231,-249
1205.jpg,1482,1775,293
1210.jpg,1482,1200,-282
1215.jpg,1483,1650,167
1220.jpg,1485,1450,-35
1225.jpg,1487,1600,113
1230.jpg,1487,1500,13
1235.jpg,1488,1451,-37
1240.jpg,1489,1350,-139
1245.jpg,1490,1649,159
1250.jpg,1490,1250,-240
1255.jpg,1491,1822,331
1260.jpg,1492,1700,208
1265.jpg,1493,1750,257
1270.jpg,1494,1,-1493
1275.jpg,1495,1500,5
1280.jpg,1496,15,-1481
1285.jpg,1497,1,-1496
1290.jpg,1497,1507,10
1295.jpg,1498,1500,2
1300.jpg,1499,1300,-199
1305.jpg,1500,1450,-50
1310.jpg,1500,1520,20
1315.jpg,1501,1750,249
1325.jpg,1503,1837,334
1330.jpg,1504,1580,76
1335.jpg,1505,1850,345
1340.jpg,1506,1506,0
1345.jpg,1507,1300,-207
1350.jpg,1508,1250,-258
1355.jpg,1508,1724,216
1360.jpg,1509,1100,-409
1365.jpg,1510,1925,415
1370.jpg,1510,1450,-60
1375.jpg,1511,1646,135
1380.jpg,1512,18,-1494
1385.jpg,1513,1600,87
1390.jpg,1513,1500,-13
1395.jpg,1515,1450,-65
1400.jpg,1515,1450,-65
1405.jpg,1516,1850,334
1410.jpg,1517,1211,-306
1415.jpg,1518,15,-1503
1420.jpg,1518,1526,8
1425.jpg,1520,1575,55
1430.jpg,1521,1545,24
1435.jpg,1521,1450,-71
1440.jpg,1522,1550,28
1445.jpg,1523,1950,427
1450.jpg,1524,1450,-74
1455.jpg,1525,1550,25
1460.jpg,1526,17,-1509
1465.jpg,1526,1879,353
1470.jpg,1527,1910,383
1475.jpg,1528,1560,32
1480.jpg,1528,1850,322
1485.jpg,1530,1300,-230
1490.jpg,1530,1750,220
1495.jpg,1530,1750,220
1500.jpg,1531,1450,-81
1505.jpg,1531,1950,419
1510.jpg,1532,1536,4
1515.jpg,1532,1897,365
1520.jpg,1533,12,-1521
1525.jpg,1534,1450,-84
1530.jpg,1535,1500,-35
1535.jpg,1535,1906,371
1540.jpg,1536,1650,114
1545.jpg,1537,1600,63
1550.jpg,1537,1600,63
1555.jpg,1538,1897,359
1560.jpg,1539,1450,-89
1565.jpg,1540,1530,-10
1570.jpg,1540,1797,257
1575.jpg,1540,1550,10
1580.jpg,1540,1450,-90
1590.jpg,1542,1450,-92
1595.jpg,1543,1870,327
1600.jpg,1543,1550,7
1605.jpg,1544,1450,-94
1610.jpg,1545,1760,215
1615.jpg,1545,1450,-95
1620.jpg,1547,1500,-47
1625.jpg,1548,1867,319
1630.jpg,1549,1550,1
1635.jpg,1549,1570,21
1640.jpg,1550,1750,200
1645.jpg,1550,1930,380
1650.jpg,1550,1880,330
1655.jpg,1550,1280,-270
1660.jpg,1551,1740,189
1665.jpg,1551,1506,-45
1670.jpg,1552,1400,-152
1675.jpg,1553,1450,-103
1680.jpg,1554,1735,181
1685.jpg,1554,1650,96
1690.jpg,1555,1450,-105
1695.jpg,1556,2010,454
1700.jpg,1557,1930,373
1705.jpg,1558,1920,362
1710.jpg,1558,1481,-77
1715.jpg,1559,1450,-109
1720.jpg,1559,1700,141
1725.jpg,1560,1750,190
1730.jpg,1560,1450,-110
1735.jpg,1560,1450,-110
1740.jpg,1561,1500,-61
1745.jpg,1561,1663,102
1750.jpg,1562,1450,-112
1755.jpg,1563,1700,137
1760.jpg,1564,1889,325
1765.jpg,1565,1680,115
1770.jpg,1565,1600,35
1775.jpg,1565,1450,-115
1780.jpg,1566,1850,284
1785.jpg,1567,1500,-67
1790.jpg,1567,1507,-60
1795.jpg,1568,1450,-118
1800.jpg,1568,1500,-68
1805.jpg,1569,1500,-69
1810.jpg,1570,1800,230
1815.jpg,1570,1600,30
1820.jpg,1570,1450,-120
1825.jpg,1571,1500,-71
1830.jpg,1572,1600,28
1835.jpg,1572,1632,60
1840.jpg,1573,11,-1562
1845.jpg,1573,19,-1554
1850.jpg,1574,1750,176
1855.jpg,1574,1799,225
1860.jpg,1575,1800,225
1865.jpg,1575,-1,-1576
1870.jpg,1575,1801,226
1875.jpg,1576,1850,274
1880.jpg,1577,1450,-127
1885.jpg,1578,1650,72
1890.jpg,1578,1750,172
1895.jpg,1579,1265,-314
1900.jpg,1579,17,-1562
1905.jpg,1580,1753,173
1910.jpg,1580,1920,340
1915.jpg,1581,1560,-21
1920.jpg,1581,1570,-11
1925.jpg,1582,1249,-333
1930.jpg,1582,1450,-132
1935.jpg,1583,1440,-143
1940.jpg,1584,1870,286
1945.jpg,1584,1950,366
1950.jpg,1585,1921,336
1955.jpg,1585,1350,-235
1960.jpg,1585,1850,265
1965.jpg,1586,1550,-36
1970.jpg,1586,1850,264
1975.jpg,1587,1512,-75
1980.jpg,1588,1600,12
1985.jpg,1588,1750,162
1990.jpg,1588,1656,68
1995.jpg,1588,1890,302
2000.jpg,1589,1865,276
2005.jpg,1590,1800,210
2010.jpg,1590,1600,10
2020.jpg,1591,1550,-41
2025.jpg,1591,1550,-41
2030.jpg,1592,1900,308
2035.jpg,1593,1450,-143
2045.jpg,1595,1550,-45
2050.jpg,1595,1500,-95
2055.jpg,1595,1600,5
2060.jpg,1596,1500,-96
2065.jpg,1596,1600,4
2070.jpg,1597,1440,-157
2075.jpg,1597,1784,187
2080.jpg,1598,1450,-148
2085.jpg,1598,1930,332
2090.jpg,1598,1900,302
2095.jpg,1600,1550,-50
2100.jpg,1600,1450,-150
2115.jpg,1602,1600,-2
2125.jpg,1604,1600,-4
2130.jpg,1604,-1,-1605
2135.jpg,1604,1450,-154
2140.jpg,1605,1703,98
2145.jpg,1605,1750,145
2150.jpg,1606,1850,244
2155.jpg,1606,1600,-6
2160.jpg,1607,1850,243
2165.jpg,1607,1818,211
2170.jpg,1608,1811,203
2175.jpg,1608,1700,92
2180.jpg,1609,1500,-109
2185.jpg,1610,1500,-110
2190.jpg,1610,1645,35
2195.jpg,1610,1725,115
2200.jpg,1610,1850,240
2205.jpg,1611,1640,29
2210.jpg,1611,1640,29
2215.jpg,1611,1450,-161
2220.jpg,1612,1961,349
2225.jpg,1612,1492,-120
2230.jpg,1613,1950,337
2235.jpg,1613,1650,37
2240.jpg,1614,1650,36
2245.jpg,1614,1450,-164
2250.jpg,1614,3000,1386
2255.jpg,1615,1930,315
2260.jpg,1615,1450,-165
2265.jpg,1616,1750,134
2270.jpg,1616,1756,140
2275.jpg,1616,-1,-1617
2280.jpg,1616,1450,-166
2285.jpg,1617,1800,183
2290.jpg,1617,1450,-167
2295.jpg,1617,1600,-17
2300.jpg,1618,1275,-343
2305.jpg,1618,1910,292
2310.jpg,1619,1450,-169
2315.jpg,1619,2010,391
2320.jpg,1619,1450,-169
2325.jpg,1620,1700,80
2330.jpg,1620,1860,240
2335.jpg,1620,1900,280
2340.jpg,1621,1450,-171
2345.jpg,1621,1450,-171
2350.jpg,1622,1660,38
2360.jpg,1623,1600,-23
2365.jpg,1624,1830,206
2370.jpg,1624,1500,-124
2375.jpg,1624,1895,271
2380.jpg,1625,1880,255
2385.jpg,1625,1650,25
2390.jpg,1625,1772,147
2395.jpg,1625,1750,125
2400.jpg,1626,1559,-67
2405.jpg,1626,-1,-1627
2410.jpg,1627,1670,43
2415.jpg,1628,1950,322
2420.jpg,1628,1830,202
2425.jpg,1629,1905,276
2430.jpg,1629,1600,-29
2435.jpg,1630,1540,-90
2440.jpg,1630,1600,-30
2445.jpg,1630,1850,220
2450.jpg,1630,16,-1614
2455.jpg,1631,1600,-31
2460.jpg,1631,1550,-81
2465.jpg,1631,-1,-1632
2470.jpg,1632,1950,318
2475.jpg,1632,1880,248
2480.jpg,1632,1800,168
2485.jpg,1633,1850,217
2490.jpg,1633,1450,-183
2495.jpg,1634,1900,266
2500.jpg,1634,1450,-184
2505.jpg,1634,1500,-134
2510.jpg,1635,1600,-35
2515.jpg,1635,1600,-35
2520.jpg,1635,15,-1620
2525.jpg,1636,1750,114
2530.jpg,1636,1650,14
2535.jpg,1636,1800,164
2540.jpg,1637,1850,213
2545.jpg,1637,1625,-12
2550.jpg,1638,1450,-188
2555.jpg,1638,1850,212
2560.jpg,1638,1887,249
2565.jpg,1639,1760,121
2570.jpg,1639,1670,31
2575.jpg,1640,1700,60
2580.jpg,1640,1850,210
2585.jpg,1640,1800,160
2590.jpg,1641,1500,-141
2595.jpg,1641,1650,9
2600.jpg,1641,1870,229
2605.jpg,1642,1500,-142
2610.jpg,1642,1879,237
2615.jpg,1643,1500,-143
2620.jpg,1644,1950,306
2625.jpg,1644,1700,56
2630.jpg,1644,1450,-194
2635.jpg,1645,1450,-195
2640.jpg,1645,1800,155
2645.jpg,1646,1751,105
2650.jpg,1646,1500,-146
2655.jpg,1646,1763,117
2660.jpg,1648,1700,52
2665.jpg,1648,1450,-198
2670.jpg,1648,1930,282
2675.jpg,1649,1750,101
2680.jpg,1650,1362,-288
2685.jpg,1650,1682,32
2690.jpg,1650,-1,-1651
2695.jpg,1650,1930,280
2700.jpg,1651,18,-1633
2705.jpg,1651,1722,71
2710.jpg,1652,1784,132
2715.jpg,1653,1850,197
2720.jpg,1653,1770,117
2725.jpg,1654,1450,-204
2730.jpg,1654,1499,-155
2735.jpg,1655,1800,145
2745.jpg,1656,20,-1636
2750.jpg,1656,17,-1639
2755.jpg,1656,1850,194
2760.jpg,1657,1650,-7
2765.jpg,1657,1450,-207
2770.jpg,1658,1450,-208
2775.jpg,1658,1750,92
2780.jpg,1659,1241,-418
2785.jpg,1659,1550,-109
2790.jpg,1660,1450,-210
2795.jpg,1660,1820,160
2800.jpg,1660,1850,190
2805.jpg,1660,1680,20
2810.jpg,1660,1736,76
2815.jpg,1660,1792,132
2820.jpg,1660,1830,170
2825.jpg,1661,1500,-161
2830.jpg,1661,18,-1643
2835.jpg,1661,1600,-61
2840.jpg,1661,1896,235
2845.jpg,1662,1860,198
2850.jpg,1663,1850,187
2855.jpg,1663,1640,-23
2860.jpg,1664,1550,-114
2865.jpg,1664,1700,36
2870.jpg,1664,1750,86
2875.jpg,1665,1700,35
2880.jpg,1665,1550,-115
2885.jpg,1665,1750,85
2890.jpg,1665,1830,165
2895.jpg,1666,1850,184
2900.jpg,1666,1850,184
2905.jpg,1667,1850,183
2910.jpg,1667,16,-1651
2915.jpg,1667,1750,83
2920.jpg,1668,1450,-218
2925.jpg,1669,1913,244
2930.jpg,1669,1850,181
2935.jpg,1670,1850,180
2940.jpg,1670,1700,30
2945.jpg,1670,1450,-220
2950.jpg,1670,1850,180
2955.jpg,1671,1850,179
2960.jpg,1671,1280,-391
2965.jpg,1671,1625,-46
2970.jpg,1672,1930,258
2975.jpg,1672,1,-1671
2980.jpg,1673,1450,-223
2985.jpg,1673,1600,-73
2990.jpg,1674,1850,176
2995.jpg,1674,1750,76
3000.jpg,1674,1,-1673
3010.jpg,1675,1336,-339
3020.jpg,1676,1850,174
3025.jpg,1676,1869,193
3030.jpg,1677,1970,293
3035.jpg,1677,14,-1663
3040.jpg,1677,1675,-2
3045.jpg,1678,19,-1659
3050.jpg,1678,1650,-28
3055.jpg,1678,1591,-87
3060.jpg,1679,1950,271
3065.jpg,1679,17,-1662
3075.jpg,1680,1900,220
3080.jpg,1680,1890,210
3085.jpg,1680,1607,-73
3090.jpg,1680,1850,170
3095.jpg,1680,1870,190
3100.jpg,1680,1776,96
3105.jpg,1681,1700,19
3110.jpg,1681,1940,259
3115.jpg,1681,1450,-231
3120.jpg,1681,12,-1669
3125.jpg,1682,1790,108
3130.jpg,1682,1850,168
3135.jpg,1682,1760,78
3140.jpg,1682,1600,-82
3145.jpg,1683,1750,67
3150.jpg,1683,1920,237
3155.jpg,1683,18,-1665
3160.jpg,1683,1450,-233
3165.jpg,1683,1750,67
3170.jpg,1684,18,-1666
3175.jpg,1684,1600,-84
3180.jpg,1684,1200,-484
3185.jpg,1684,1800,116
3190.jpg,1685,1750,65
3195.jpg,1685,1550,-135
3200.jpg,1685,1945,260
3205.jpg,1686,1850,164
3210.jpg,1686,1850,164
3215.jpg,1686,1910,224
3220.jpg,1686,1850,164
3225.jpg,1687,1850,163
3230.jpg,1687,1700,13
3235.jpg,1687,1820,133
3240.jpg,1688,1850,162
3245.jpg,1688,1750,62
3250.jpg,1689,1850,161
3255.jpg,1689,1750,61
3260.jpg,1689,1500,-189
3270.jpg,1690,1650,-40
3275.jpg,1690,1930,240
3280.jpg,1690,20,-1670
3285.jpg,1690,1950,260
3290.jpg,1690,1960,270
3295.jpg,1690,1750,60
3300.jpg,1690,1160,-530
3305.jpg,1691,1850,159
3310.jpg,1691,1530,-161
3315.jpg,1691,1710,19
3320.jpg,1692,17,-1675
3325.jpg,1692,1893,201
3330.jpg,1693,1819,126
3335.jpg,1693,1600,-93
3340.jpg,1694,1750,56
3345.jpg,1694,1980,286
3350.jpg,1694,1793,99
3355.jpg,1695,1850,155
3360.jpg,1695,1850,155
3365.jpg,1695,1800,105
3370.jpg,1695,1700,5
3375.jpg,1695,1600,-95
3385.jpg,1696,1700,4
3390.jpg,1696,18,-1678
3395.jpg,1696,1910,214
3400.jpg,1696,1790,94
3405.jpg,1696,1896,200
3410.jpg,1697,1776,79
3415.jpg,1697,1850,153
3420.jpg,1697,1900,203
3425.jpg,1697,1901,204
3430.jpg,1698,1840,142
3435.jpg,1698,1800,102
3440.jpg,1698,1450,-248
3445.jpg,1699,1700,1
3450.jpg,1699,17,-1682
3455.jpg,1699,1750,51
3460.jpg,1700,1700,0
3465.jpg,1700,1900,200
3470.jpg,1700,1714,14
3475.jpg,1700,1850,150
3480.jpg,1700,1800,100
3485.jpg,1700,1730,30
3490.jpg,1700,1600,-100
3495.jpg,1700,1450,-250
3500.jpg,1700,1850,150
3505.jpg,1700,1830,130
3510.jpg,1700,1450,-250
3520.jpg,1701,1880,179
3525.jpg,1701,1750,49
3535.jpg,1702,1750,48
3540.jpg,1702,-1,-1703
3545.jpg,1703,1703,0
3550.jpg,1704,1750,46
3555.jpg,1704,1850,146
3560.jpg,1704,1950,246
3565.jpg,1704,1950,246
3570.jpg,1704,1890,186
3575.jpg,1705,1650,-55
3580.jpg,1705,1750,45
3585.jpg,1705,1900,195
3590.jpg,1705,1850,145
3595.jpg,1706,15,-1691
3600.jpg,1706,1760,54
3605.jpg,1706,1450,-256
3610.jpg,1706,1900,194
3615.jpg,1707,1750,43
3620.jpg,1707,210,-1497
3625.jpg,1707,1850,143
3630.jpg,1708,1760,52
3635.jpg,1708,1767,59
3640.jpg,1708,1700,-8
3645.jpg,1708,1625,-83
3650.jpg,1709,1650,-59
3655.jpg,1709,1800,91
3660.jpg,1709,1530,-179
3665.jpg,1709,1650,-59
3670.jpg,1710,1400,-310
3675.jpg,1710,1400,-310
3680.jpg,1710,1800,90
3685.jpg,1710,1918,208
3690.jpg,1710,1740,30
3695.jpg,1710,1750,40
3700.jpg,1710,1880,170
3705.jpg,1710,1850,140
3710.jpg,1710,1650,-60
3715.jpg,1711,1880,169
3720.jpg,1711,1800,89
3725.jpg,1711,18,-1693
3730.jpg,1711,1758,47
3735.jpg,1711,1500,-211
3740.jpg,1712,1930,218
3745.jpg,1712,1920,208
3750.jpg,1713,300,-1413
3755.jpg,1713,1700,-13
3760.jpg,1713,1753,40
3765.jpg,1713,1745,32
3770.jpg,1714,1850,136
3775.jpg,1714,1770,56
3780.jpg,1714,1880,166
3785.jpg,1714,1905,191
3790.jpg,1715,1600,-115
3795.jpg,1715,1990,275
3800.jpg,1715,1500,-215
3805.jpg,1715,1450,-265
3810.jpg,1715,1750,35
3815.jpg,1715,1720,5
3820.jpg,1715,1850,135
3825.jpg,1715,1800,85
3830.jpg,1715,1773,58
3835.jpg,1716,1935,219
3840.jpg,1716,1800,84
3845.jpg,1716,1850,134
3850.jpg,1716,1880,164
3855.jpg,1716,1750,34
3860.jpg,1716,1700,-16
3865.jpg,1717,1910,193
3870.jpg,1717,1850,133
3875.jpg,1717,1924,207
3880.jpg,1718,1750,32
3885.jpg,1718,1650,-68
3890.jpg,1719,1952,233
3895.jpg,1719,1790,71
3900.jpg,1719,1820,101
3905.jpg,1719,1850,131
3910.jpg,1720,1300,-420
3915.jpg,1720,1755,35
3920.jpg,1720,1850,130
3925.jpg,1720,1750,30
3930.jpg,1720,1,-1719
3935.jpg,1720,1700,-20
3940.jpg,1720,19,-1701
3945.jpg,1720,1720,0
3950.jpg,1720,1850,130
3955.jpg,1720,-1,-1721
3960.jpg,1720,1905,185
3965.jpg,1720,1850,130
3970.jpg,1720,1450,-270
3975.jpg,1721,1960,239
3980.jpg,1721,1880,159
3985.jpg,1721,1650,-71
3990.jpg,1721,1700,-21
3995.jpg,1721,1650,-71
4000.jpg,1722,19,-1703
4005.jpg,1722,1755,33
4010.jpg,1722,1850,128
4015.jpg,1722,19,-1703
4020.jpg,1722,1750,28
4025.jpg,1723,-1,-1724
4030.jpg,1723,1450,-273
4035.jpg,1723,1910,187
4040.jpg,1723,18,-1705
4045.jpg,1723,1753,30
4050.jpg,1723,1650,-73
4055.jpg,1723,1638,-85
4060.jpg,1724,1876,152
4065.jpg,1724,1920,196
4070.jpg,1724,1930,206
4075.jpg,1724,1700,-24
4080.jpg,1724,1850,126
4085.jpg,1724,1650,-74
4090.jpg,1724,1650,-74
4095.jpg,1724,15,-1709
4100.jpg,1725,1890,165
4105.jpg,1725,1820,95
4110.jpg,1725,1850,125
4115.jpg,1725,1659,-66
4120.jpg,1725,1850,125
4125.jpg,1725,1790,65
4130.jpg,1725,1650,-75
4135.jpg,1725,1732,7
4140.jpg,1725,1860,135
4145.jpg,1725,1735,10
4150.jpg,1725,1450,-275
4155.jpg,1725,1859,134
4160.jpg,1726,1900,174
4165.jpg,1726,1850,124
4170.jpg,1726,1910,184
4175.jpg,1726,1950,224
4180.jpg,1726,1395,-331
4185.jpg,1727,1790,63
4190.jpg,1727,1756,29
4195.jpg,1727,1825,98
4200.jpg,1727,1750,23
4205.jpg,1727,1700,-27
4210.jpg,1727,1920,193
4215.jpg,1728,1758,30
4220.jpg,1728,1900,172
4225.jpg,1728,1700,-28
4230.jpg,1728,1450,-278
4235.jpg,1728,1850,122
4240.jpg,1728,1990,262
4245.jpg,1728,1600,-128
4250.jpg,1729,1720,-9
4255.jpg,1729,1850,121
4260.jpg,1729,1790,61
4265.jpg,1729,1800,71
4270.jpg,1729,1600,-129
4275.jpg,1730,1790,60
4280.jpg,1730,17,-1713
4285.jpg,1730,1700,-30
4290.jpg,1730,1900,170
4295.jpg,1730,1850,120
4300.jpg,1730,1900,170
4305.jpg,1730,1900,170
4310.jpg,1730,1850,120
4315.jpg,1730,1950,220
4320.jpg,1730,1760,30
4325.jpg,1730,15,-1715
4330.jpg,1730,1810,80
4335.jpg,1730,19,-1711
4340.jpg,1730,1800,70
4345.jpg,1730,1710,-20
4350.jpg,1730,1834,104
4355.jpg,1730,20,-1710
4360.jpg,1730,1880,150
4365.jpg,1730,1914,184
4370.jpg,1731,1750,19
4375.jpg,1731,1650,-81
4380.jpg,1731,1850,119
4385.jpg,1731,1855,124
4390.jpg,1732,1700,-32
4395.jpg,1732,1750,18
4400.jpg,1732,1900,168
4405.jpg,1732,1850,118
4410.jpg,1732,1500,-232
4415.jpg,1732,1700,-32
4420.jpg,1732,1650,-82
4425.jpg,1732,1450,-282
4430.jpg,1732,1892,160
4435.jpg,1733,1870,137
4440.jpg,1733,1850,117
4445.jpg,1733,1800,67
4450.jpg,1733,17,-1716
4455.jpg,1733,1725,-8
4460.jpg,1733,1685,-48
4465.jpg,1733,1926,193
4470.jpg,1733,1450,-283
4475.jpg,1734,1750,16
4480.jpg,1734,1675,-59
4485.jpg,1734,1865,131
4490.jpg,1734,1970,236
4495.jpg,1735,1925,190
4505.jpg,1735,1750,15
4510.jpg,1735,1800,65
4515.jpg,1735,1775,40
4520.jpg,1735,1850,115
4525.jpg,1735,1850,115
4530.jpg,1735,1800,65
4535.jpg,1735,1850,115
4545.jpg,1736,1910,174
4550.jpg,1736,1750,14
4555.jpg,1736,1792,56
4560.jpg,1736,1760,24
4565.jpg,1736,16,-1720
4570.jpg,1736,1830,94
4575.jpg,1737,1911,174
4580.jpg,1737,18,-1719
4585.jpg,1737,1750,13
4590.jpg,1737,1850,113
4595.jpg,1737,1700,-37
4600.jpg,1737,2010,273
4605.jpg,1738,19,-1719
4610.jpg,1738,1850,112
4615.jpg,1738,1910,172
4620.jpg,1738,1850,112
4625.jpg,1738,1920,182
4630.jpg,1738,19,-1719
4635.jpg,1738,1893,155
4640.jpg,1739,1750,11
4645.jpg,1739,1850,111
4650.jpg,1739,1850,111
4655.jpg,1739,17,-1722
4660.jpg,1739,1850,111
4665.jpg,1740,18,-1722
4670.jpg,1740,1940,200
4675.jpg,1740,1900,160
4680.jpg,1740,1800,60
4685.jpg,1740,1788,48
4690.jpg,1740,1850,110
4695.jpg,1740,1850,110
4700.jpg,1740,1750,10
4705.jpg,1740,1930,190
4710.jpg,1740,1600,-140
4715.jpg,1740,1600,-140
4720.jpg,1740,1650,-90
4725.jpg,1740,1850,110
4730.jpg,1740,1850,110
4735.jpg,1740,1850,110
4740.jpg,1740,1920,180
4745.jpg,1740,1600,-140
4750.jpg,1741,1890,149
4755.jpg,1741,18,-1723
4760.jpg,1741,1950,209
4765.jpg,1741,1750,9
4770.jpg,1741,1520,-221
4775.jpg,1741,2010,269
4780.jpg,1742,1300,-442
4785.jpg,1742,1830,88
4790.jpg,1742,1700,-42
4795.jpg,1742,1775,33
4800.jpg,1742,1850,108
4805.jpg,1742,1750,8
4810.jpg,1742,1885,143
4815.jpg,1742,1850,108
4820.jpg,1743,1950,207
4825.jpg,1743,1760,17
4835.jpg,1743,1850,107
4840.jpg,1743,1700,-43
4845.jpg,1744,1750,6
4850.jpg,1744,1700,-44
4855.jpg,1744,1930,186
4860.jpg,1744,1650,-94
4865.jpg,1744,1876,132
4870.jpg,1745,1850,105
4875.jpg,1745,1700,-45
4880.jpg,1745,1850,105
4885.jpg,1745,1750,5
4890.jpg,1745,1850,105
4895.jpg,1745,1650,-95
4900.jpg,1745,1620,-125
4905.jpg,1745,1930,185
4910.jpg,1746,1600,-146
4915.jpg,1746,1900,154
4920.jpg,1746,1720,-26
4925.jpg,1746,1215,-531
4930.jpg,1747,1905,158
4935.jpg,1747,1650,-97
4940.jpg,1747,1750,3
4945.jpg,1747,1850,103
4950.jpg,1747,1600,-147
4955.jpg,1747,1750,3
4960.jpg,1747,2005,258
4965.jpg,1748,1850,102
4970.jpg,1748,1800,52
4975.jpg,1748,1800,52
4980.jpg,1748,1850,102
4985.jpg,1748,1600,-148
4990.jpg,1749,1850,101
4995.jpg,1749,1950,201
5000.jpg,1749,1650,-99
5005.jpg,1749,1990,241
5010.jpg,1749,1850,101
5015.jpg,1750,1500,-250
5020.jpg,1750,1945,195
5025.jpg,1750,1850,100
5030.jpg,1750,1900,150
5035.jpg,1750,1850,100
5040.jpg,1750,1850,100
5045.jpg,1750,1850,100
5050.jpg,1750,1777,27
5060.jpg,1750,1880,130
5065.jpg,1750,1950,200
5070.jpg,1750,1750,0
5075.jpg,1750,1850,100
5080.jpg,1750,19,-1731
5085.jpg,1750,1950,200
5090.jpg,1750,1850,100
5095.jpg,1750,1850,100
5100.jpg,1750,1910,160
5105.jpg,1750,1850,100
5110.jpg,1750,-1,-1751
5115.jpg,1750,1750,0
5120.jpg,1750,1750,0
5125.jpg,1750,1700,-50
5130.jpg,1750,1850,100
5135.jpg,1750,1950,200
5140.jpg,1750,1800,50
5145.jpg,1750,1700,-50
5150.jpg,1750,1650,-100
5155.jpg,1750,18,-1732
5160.jpg,1750,1850,100
5165.jpg,1750,1850,100
5170.jpg,1750,1780,30
5175.jpg,1750,1780,30
5180.jpg,1750,19,-1731
5185.jpg,1750,1850,100
5190.jpg,1750,1890,140
5195.jpg,1751,1550,-201
5200.jpg,1751,1850,99
5205.jpg,1751,1930,179
5210.jpg,1751,1880,129
5215.jpg,1751,1790,39
5220.jpg,1751,1450,-301
5225.jpg,1752,1870,118
5230.jpg,1752,1860,108
5235.jpg,1752,1790,38
5240.jpg,1752,1930,178
5245.jpg,1752,1771,19
5250.jpg,1752,1750,-2
5255.jpg,1752,1750,-2
5260.jpg,1752,1700,-52
5265.jpg,1752,1750,-2
5270.jpg,1752,1850,98
5275.jpg,1752,1600,-152
5285.jpg,1753,1772,19
5290.jpg,1753,1790,37
5295.jpg,1753,1800,47
5300.jpg,1753,1800,47
5305.jpg,1753,1920,167
5310.jpg,1753,1741,-12
5315.jpg,1753,1725,-28
5320.jpg,1753,1660,-93
5325.jpg,1754,1850,96
5330.jpg,1754,1650,-104
5335.jpg,1754,1750,-4
5340.jpg,1754,1930,176
5345.jpg,1754,1720,-34
5350.jpg,1754,1850,96
5355.jpg,1754,1420,-334
5360.jpg,1754,1750,-4
5365.jpg,1754,1925,171
5370.jpg,1755,1750,-5
5375.jpg,1755,1600,-155
5380.jpg,1755,1850,95
5385.jpg,1755,1550,-205
5390.jpg,1755,1700,-55
5395.jpg,1755,1800,45
5400.jpg,1755,1850,95
5405.jpg,1755,1850,95
5410.jpg,1755,1500,-255
5415.jpg,1756,1850,94
5420.jpg,1756,1901,145
5425.jpg,1756,1850,94
5430.jpg,1756,1500,-256
5435.jpg,1756,1760,4
5440.jpg,1756,1750,-6
5445.jpg,1756,1600,-156
5450.jpg,1756,1800,44
5455.jpg,1756,1650,-106
5460.jpg,1756,1753,-3
5470.jpg,1757,1830,73
5475.jpg,1757,1800,43
5480.jpg,1757,1700,-57
5485.jpg,1757,1950,193
5490.jpg,1757,1850,93
5495.jpg,1757,1850,93
5500.jpg,1758,1730,-28
5505.jpg,1758,1920,162
5510.jpg,1758,1740,-18
5515.jpg,1758,1910,152
5520.jpg,1758,1650,-108
5525.jpg,1758,2000,242
5530.jpg,1758,1825,67
5535.jpg,1759,1450,-309
5540.jpg,1759,1800,41
5545.jpg,1759,1790,31
5550.jpg,1759,1780,21
5555.jpg,1759,1850,91
5560.jpg,1759,1750,-9
5565.jpg,1760,1800,40
5570.jpg,1760,1850,90
5575.jpg,1760,1950,190
5580.jpg,1760,2010,250
5585.jpg,1760,1000,-760
5590.jpg,1761,1760,-1
5595.jpg,1761,1840,79
5600.jpg,1761,1750,-11
5605.jpg,1761,1860,99
5610.jpg,1761,1920,159
5615.jpg,1761,1820,59
5620.jpg,1761,1506,-255
5625.jpg,1761,2010,249
5630.jpg,1762,1905,143
5635.jpg,1762,1860,98
5640.jpg,1762,1840,78
5645.jpg,1762,1700,-62
5650.jpg,1762,1750,-12
5655.jpg,1762,1890,128
5660.jpg,1762,1862,100
5665.jpg,1762,1880,118
5670.jpg,1763,1850,87
5675.jpg,1763,1850,87
5680.jpg,1763,1950,187
5685.jpg,1763,1760,-3
5690.jpg,1763,1700,-63
5695.jpg,1763,1650,-113
5700.jpg,1763,1500,-263
5705.jpg,1763,1800,37
5710.jpg,1764,1500,-264
5715.jpg,1764,18,-1746
5720.jpg,1764,1750,-14
5725.jpg,1764,1700,-64
5730.jpg,1764,1750,-14
5735.jpg,1764,1750,-14
5740.jpg,1764,1750,-14
5745.jpg,1764,1750,-14
5750.jpg,1764,1800,36
5755.jpg,1764,1550,-214
5765.jpg,1765,1850,85
5770.jpg,1765,1950,185
5775.jpg,1765,1800,35
5780.jpg,1765,1920,155
5785.jpg,1765,1800,35
5790.jpg,1765,1950,185
5795.jpg,1765,1850,85
5800.jpg,1765,1770,5
5805.jpg,1765,1920,155
5810.jpg,1765,18,-1747
5815.jpg,1765,1700,-65
5820.jpg,1765,1780,15
5825.jpg,1765,1730,-35
5830.jpg,1765,1850,85
5835.jpg,1766,1780,14
5840.jpg,1766,1650,-116
5845.jpg,1766,1800,34
5850.jpg,1766,1450,-316
5855.jpg,1766,1600,-166
5860.jpg,1766,1850,84
5865.jpg,1766,1950,184
5870.jpg,1766,1720,-46
5875.jpg,1767,1750,-17
5880.jpg,1767,1850,83
5885.jpg,1767,1850,83
5890.jpg,1767,18,-1749
5895.jpg,1768,1850,82
5900.jpg,1768,1800,32
5905.jpg,1768,1750,-18
5910.jpg,1768,1800,32
5915.jpg,1768,19,-1749
5920.jpg,1768,1800,32
5925.jpg,1768,1981,213
5930.jpg,1768,1558,-210
5935.jpg,1768,18,-1750
5940.jpg,1768,1460,-308
5945.jpg,1769,1750,-19
5950.jpg,1769,1850,81
5955.jpg,1769,1760,-9
5960.jpg,1769,1850,81
5965.jpg,1769,-1,-1770
5970.jpg,1769,1850,81
5975.jpg,1769,1750,-19
5980.jpg,1769,1780,11
5985.jpg,1769,1900,131
5990.jpg,1769,1800,31
5995.jpg,1769,1200,-569
6000.jpg,1770,1950,180
6005.jpg,1770,1850,80
6010.jpg,1770,1750,-20
6015.jpg,1770,1900,130
6020.jpg,1770,1750,-20
6025.jpg,1770,1850,80
6030.jpg,1770,1700,-70
6035.jpg,1770,1770,0
6040.jpg,1770,1890,120
6045.jpg,1770,1925,155
6050.jpg,1770,1750,-20
6055.jpg,1770,1910,140
6060.jpg,1770,1950,180
6065.jpg,1770,1740,-30
6070.jpg,1770,1930,160
6075.jpg,1770,1920,150
6080.jpg,1770,1920,150
6085.jpg,1770,1900,130
6090.jpg,1770,1618,-152
6095.jpg,1770,1750,-20
6100.jpg,1770,1650,-120
6105.jpg,1770,1480,-290
6115.jpg,1771,1850,79
6120.jpg,1771,1650,-121
6125.jpg,1771,1850,79
6130.jpg,1771,1750,-21
6135.jpg,1771,1720,-51
6140.jpg,1771,1750,-21
6145.jpg,1771,1700,-71
6150.jpg,1771,1850,79
6155.jpg,1771,1600,-171
6160.jpg,1771,1600,-171
6165.jpg,1771,1776,5
6170.jpg,1772,1800,28
6175.jpg,1772,1750,-22
6180.jpg,1772,1750,-22
6185.jpg,1772,1750,-22
6190.jpg,1772,1680,-92
6195.jpg,1773,1750,-23
6200.jpg,1773,1850,77
6205.jpg,1773,1700,-73
6210.jpg,1773,1850,77
6215.jpg,1773,1850,77
6220.jpg,1773,1850,77
6225.jpg,1773,1850,77
6230.jpg,1773,1680,-93
6235.jpg,1773,1950,177
6240.jpg,1774,1850,76
6245.jpg,1774,-1,-1775
6250.jpg,1774,1753,-21
6255.jpg,1774,18,-1756
6260.jpg,1774,1950,176
6265.jpg,1774,1750,-24
6270.jpg,1774,1850,76
6275.jpg,1774,1750,-24
6280.jpg,1774,1750,-24
6285.jpg,1774,1777,3
6290.jpg,1774,1920,146
6295.jpg,1774,1950,176
6300.jpg,1774,1750,-24
6305.jpg,1775,1750,-25
6310.jpg,1775,1830,55
6315.jpg,1775,1750,-25
6320.jpg,1775,1750,-25
6325.jpg,1775,1850,75
6330.jpg,1775,1900,125
6335.jpg,1775,1850,75
6350.jpg,1775,1910,135
6355.jpg,1775,1850,75
6360.jpg,1775,1935,160
6365.jpg,1775,1778,3
6370.jpg,1775,1750,-25
6375.jpg,1775,1780,5
6380.jpg,1775,1577,-198
6385.jpg,1775,1750,-25
6390.jpg,1775,18,-1757
6395.jpg,1775,1750,-25
6405.jpg,1776,1750,-26
6410.jpg,1776,19,-1757
6415.jpg,1776,1910,134
6420.jpg,1776,1750,-26
6425.jpg,1776,1750,-26
6430.jpg,1776,1850,74
6435.jpg,1776,1750,-26
6440.jpg,1776,1650,-126
6445.jpg,1777,1750,-27
6450.jpg,1777,1700,-77
6455.jpg,1777,20,-1757
6460.jpg,1777,1750,-27
6465.jpg,1777,1850,73
6470.jpg,1777,1911,134
6475.jpg,1777,1200,-577
6480.jpg,1777,1900,123
6485.jpg,1778,1066,-712
6495.jpg,1778,1850,72
6500.jpg,1778,1773,-5
6505.jpg,1778,1850,72
6510.jpg,1778,1850,72
6515.jpg,1779,1896,117
6520.jpg,1779,1450,-329
6525.jpg,1779,1800,21
6530.jpg,1779,1850,71
6535.jpg,1779,1945,166
6540.jpg,1779,1750,-29
6545.jpg,1779,1860,81
6550.jpg,1779,1550,-229
6555.jpg,1780,1500,-280
6560.jpg,1780,1800,20
6565.jpg,1780,1850,70
6570.jpg,1780,1850,70
6575.jpg,1780,1850,70
6580.jpg,1780,1850,70
6585.jpg,1780,1850,70
6590.jpg,1780,1850,70
6595.jpg,1780,1800,20
6600.jpg,1780,1940,160
6605.jpg,1780,1720,-60
6610.jpg,1780,1850,70
6615.jpg,1780,1850,70
6620.jpg,1780,1600,-180
6625.jpg,1780,1850,70
6630.jpg,1780,1840,60
6635.jpg,1780,1850,70
6640.jpg,1780,1800,20
6645.jpg,1780,1840,60
6650.jpg,1780,1900,120
6655.jpg,1780,19,-1761
6660.jpg,1780,1850,70
6665.jpg,1780,1850,70
6670.jpg,1781,1860,79
6675.jpg,1781,1450,-331
6680.jpg,1781,1750,-31
6685.jpg,1781,1750,-31
6690.jpg,1781,1850,69
6695.jpg,1781,1925,144
6700.jpg,1781,1644,-137
6705.jpg,1781,1930,149
6710.jpg,1782,1908,126
6715.jpg,1782,1900,118
6720.jpg,1782,1790,8
6725.jpg,1782,1900,118
6730.jpg,1782,1800,18
6735.jpg,1782,18,-1764
6740.jpg,1782,1850,68
6745.jpg,1782,1600,-182
6750.jpg,1782,1750,-32
6755.jpg,1783,1885,102
6760.jpg,1783,-1,-1784
6765.jpg,1783,1815,32
6770.jpg,1783,1970,187
6775.jpg,1783,1920,137
6780.jpg,1783,1750,-33
6785.jpg,1783,1960,177
6790.jpg,1783,1800,17
6795.jpg,1783,1700,-83
6800.jpg,1783,2005,222
6805.jpg,1783,1778,-5
6810.jpg,1784,1950,166
6815.jpg,1784,1365,-419
6820.jpg,1784,1790,6
6825.jpg,1784,1930,146
6830.jpg,1784,1800,16
6835.jpg,1784,1850,66
6840.jpg,1784,1860,76
6845.jpg,1784,1600,-184
6850.jpg,1784,-1,-1785
6855.jpg,1784,1650,-134
6860.jpg,1785,1850,65
6865.jpg,1785,1850,65
6870.jpg,1785,1750,-35
6875.jpg,1785,1750,-35
6880.jpg,1785,1940,155
6885.jpg,1785,1850,65
6890.jpg,1785,1850,65
6895.jpg,1785,1850,65
6900.jpg,1785,1750,-35
6905.jpg,1785,1750,-35
6910.jpg,1785,1800,15
6915.jpg,1785,1790,5
6920.jpg,1785,1970,185
6925.jpg,1785,1750,-35
6930.jpg,1785,13,-1772
6935.jpg,1785,1920,135
6940.jpg,1785,1851,66
6945.jpg,1785,0,-1785
6950.jpg,1786,1890,104
6955.jpg,1786,1850,64
6960.jpg,1786,1850,64
6965.jpg,1786,1450,-336
6970.jpg,1786,1796,10
6975.jpg,1786,1750,-36
6980.jpg,1786,1870,84
6985.jpg,1786,1772,-14
6990.jpg,1786,1700,-86
6995.jpg,1786,1650,-136
7000.jpg,1786,1900,114
7005.jpg,1787,1850,63
7010.jpg,1787,1720,-67
7015.jpg,1787,1700,-87
7020.jpg,1787,1800,13
7025.jpg,1787,1800,13
7030.jpg,1787,1750,-37
7035.jpg,1787,1800,13
7040.jpg,1787,1850,63
7045.jpg,1787,1850,63
7050.jpg,1787,1850,63
7055.jpg,1787,1880,93
7060.jpg,1787,1940,153
7065.jpg,1787,1950,163
7070.jpg,1787,1850,63
7075.jpg,1787,1500,-287
7080.jpg,1787,18,-1769
7085.jpg,1787,1420,-367
7090.jpg,1788,1814,26
7095.jpg,1788,1757,-31
7100.jpg,1788,1930,142
7105.jpg,1788,1793,5
7110.jpg,1788,1890,102
7115.jpg,1788,1850,62
7120.jpg,1788,1850,62
7125.jpg,1788,1750,-38
7130.jpg,1788,1790,2
7135.jpg,1788,1775,-13
7140.jpg,1788,1650,-138
7145.jpg,1789,1,-1788
7150.jpg,1789,1725,-64
7155.jpg,1789,1780,-9
7160.jpg,1789,1880,91
7165.jpg,1789,1850,61
7170.jpg,1789,1850,61
7175.jpg,1789,1840,51
7180.jpg,1789,1450,-339
7185.jpg,1789,1850,61
7190.jpg,1789,1725,-64
7195.jpg,1789,1750,-39
7200.jpg,1790,1750,-40
7205.jpg,1790,1850,60
7210.jpg,1790,1800,10
7215.jpg,1790,1850,60
7220.jpg,1790,1820,30
7225.jpg,1790,1700,-90
7230.jpg,1790,1850,60
7235.jpg,1790,1850,60
7240.jpg,1790,1900,110
7245.jpg,1790,1850,60
7250.jpg,1790,1750,-40
7255.jpg,1790,1920,130
7260.jpg,1790,1870,80
7265.jpg,1790,1850,60
7270.jpg,1790,1960,170
7275.jpg,1790,1880,90
7280.jpg,1790,1750,-40
7285.jpg,1790,18,-1772
7290.jpg,1790,1950,160
7295.jpg,1790,1,-1789
7300.jpg,1790,1900,110
7305.jpg,1790,17,-1773
7310.jpg,1790,1850,60
7315.jpg,1790,1840,50
7320.jpg,1790,1850,60
7325.jpg,1790,1875,85
7330.jpg,1790,1848,58
7335.jpg,1790,19,-1771
7340.jpg,1790,1780,-10
7345.jpg,1790,1920,130
7350.jpg,1790,1850,60
7355.jpg,1790,1900,110
7360.jpg,1790,1850,60
7365.jpg,1790,1900,110
7370.jpg,1790,1901,111
7375.jpg,1790,1950,160
7380.jpg,1790,1506,-284
7385.jpg,1791,1901,110
7390.jpg,1791,1333,-458
7395.jpg,1791,1730,-61
7400.jpg,1791,1450,-341
7405.jpg,1791,2023,232
7410.jpg,1791,1600,-191
7415.jpg,1791,1750,-41
7420.jpg,1791,1750,-41
7425.jpg,1791,1850,59
7430.jpg,1791,1850,59
7435.jpg,1791,1970,179
7440.jpg,1792,1890,98
7445.jpg,1792,20,-1772
7450.jpg,1792,1800,8
7455.jpg,1792,1850,58
7460.jpg,1792,1790,-2
7465.jpg,1792,18,-1774
7470.jpg,1792,1900,108
7475.jpg,1792,1850,58
7480.jpg,1792,1750,-42
7485.jpg,1792,1750,-42
7490.jpg,1792,1750,-42
7495.jpg,1792,1645,-147
7500.jpg,1792,1850,58
7505.jpg,1792,1820,28
7510.jpg,1793,1550,-243
7515.jpg,1793,1989,196
7520.jpg,1793,1920,127
7525.jpg,1793,1830,37
7530.jpg,1793,1850,57
7535.jpg,1793,20,-1773
7540.jpg,1793,1930,137
7545.jpg,1793,1850,57
7550.jpg,1793,1850,57
7555.jpg,1793,1700,-93
7560.jpg,1793,1750,-43
7565.jpg,1793,1800,7
7570.jpg,1793,1804,11
7575.jpg,1793,1920,127
7580.jpg,1793,1850,57
7585.jpg,1793,1900,107
7590.jpg,1793,1450,-343
7595.jpg,1794,1903,109
7600.jpg,1794,1550,-244
7605.jpg,1794,1770,-24
7610.jpg,1794,1800,6
7615.jpg,1794,1850,56
7620.jpg,1794,1850,56
7625.jpg,1794,1850,56
7630.jpg,1794,1600,-194
7635.jpg,1794,1750,-44
7640.jpg,1794,1850,56
7645.jpg,1794,1,-1793
7650.jpg,1794,1850,56
7655.jpg,1795,18,-1777
7660.jpg,1795,1930,135
7665.jpg,1795,1950,155
7670.jpg,1795,1850,55
7675.jpg,1795,1750,-45
7680.jpg,1795,1850,55
7685.jpg,1795,1850,55
7690.jpg,1795,1900,105
7695.jpg,1795,1920,125
7700.jpg,1795,1800,5
7705.jpg,1795,20,-1775
7710.jpg,1795,1850,55
7715.jpg,1795,1850,55
7720.jpg,1795,1850,55
7725.jpg,1795,17,-1778
7730.jpg,1795,1750,-45
7735.jpg,1795,19,-1776
7740.jpg,1795,1900,105
7745.jpg,1795,1850,55
7750.jpg,1795,18,-1777
7755.jpg,1795,1850,55
7760.jpg,1795,1850,55
7765.jpg,1795,1920,125
7775.jpg,1796,1850,54
7780.jpg,1796,1750,-46
7785.jpg,1796,1800,4
7790.jpg,1796,1870,74
7795.jpg,1796,1839,43
7800.jpg,1796,1750,-46
7805.jpg,1796,1850,54
7810.jpg,1796,1950,154
7815.jpg,1796,1990,194
7820.jpg,1796,1750,-46
7825.jpg,1796,1850,54
7830.jpg,1796,1890,94
7840.jpg,1796,1850,54
7845.jpg,1796,1600,-196
7850.jpg,1796,18,-1778
7855.jpg,1796,1850,54
7860.jpg,1796,1860,64
7865.jpg,1796,18,-1778
7870.jpg,1796,1750,-46
7875.jpg,1796,1450,-346
7880.jpg,1797,1850,53
7885.jpg,1797,1450,-347
7890.jpg,1797,1840,43
7895.jpg,1797,1850,53
7900.jpg,1797,-1,-1798
7905.jpg,1797,1780,-17
7915.jpg,1797,1550,-247
7920.jpg,1797,1850,53
7925.jpg,1797,1900,103
7930.jpg,1797,1750,-47
7935.jpg,1797,1,-1796
7940.jpg,1797,1450,-347
7945.jpg,1797,16,-1781
7950.jpg,1797,1890,93
7955.jpg,1798,1995,197
7960.jpg,1798,1909,111
7965.jpg,1798,0,-1798
7970.jpg,1798,1850,52
7975.jpg,1798,1850,52
7980.jpg,1798,1850,52
7985.jpg,1798,1880,82
7990.jpg,1798,1880,82
7995.jpg,1798,1450,-348
8000.jpg,1798,1850,52
8005.jpg,1798,1850,52
8010.jpg,1798,1850,52
8015.jpg,1798,1800,2
8020.jpg,1798,1920,122
8025.jpg,1798,1900,102
8030.jpg,1798,1900,102
8035.jpg,1798,1900,102
8040.jpg,1798,1920,122
8045.jpg,1798,1910,112
8055.jpg,1798,1850,52
8060.jpg,1799,2000,201
8065.jpg,1799,19,-1780
8070.jpg,1799,1920,121
8075.jpg,1799,1850,51
8080.jpg,1799,1950,151
8085.jpg,1799,1850,51
8090.jpg,1799,1850,51
8095.jpg,1799,1750,-49
8100.jpg,1799,1850,51
8105.jpg,1799,1890,91
8110.jpg,1799,1800,1
8115.jpg,1800,1920,120
8120.jpg,1800,1887,87
8125.jpg,1800,1770,-30
8130.jpg,1800,1802,2
8135.jpg,1800,1920,120
8140.jpg,1800,1750,-50
8145.jpg,1800,1850,50
8150.jpg,1800,1850,50
8155.jpg,1800,1950,150
8160.jpg,1800,1950,150
8165.jpg,1800,1760,-40
8170.jpg,1800,1714,-86
8175.jpg,1800,1700,-100
8180.jpg,1800,1750,-50
8185.jpg,1800,1950,150
8190.jpg,1800,1850,50
8195.jpg,1800,1920,120
8200.jpg,1800,1850,50
8205.jpg,1800,1750,-50
8210.jpg,1800,1850,50
8215.jpg,1800,1850,50
8220.jpg,1800,1600,-200
8225.jpg,1800,1850,50
8230.jpg,1800,1750,-50
8235.jpg,1800,1850,50
8240.jpg,1800,1920,120
8245.jpg,1800,1920,120
8250.jpg,1800,1750,-50
8255.jpg,1800,1930,130
8260.jpg,1800,18,-1782
8265.jpg,1800,1850,50
8270.jpg,1800,1850,50
8275.jpg,1800,19,-1781
8280.jpg,1800,1800,0
8285.jpg,1800,1850,50
8295.jpg,1800,1915,115
8300.jpg,1801,1700,-101
8305.jpg,1801,1910,109
8310.jpg,1801,1850,49
8315.jpg,1801,1900,99
8320.jpg,1801,1985,184
8325.jpg,1801,1850,49
8330.jpg,1801,1920,119
8335.jpg,1801,1800,-1
8340.jpg,1801,1700,-101
8345.jpg,1801,1900,99
8350.jpg,1801,1450,-351
8355.jpg,1801,1850,49
8360.jpg,1801,1750,-51
8365.jpg,1801,1700,-101
8375.jpg,1802,1950,148
8380.jpg,1802,1900,98
8385.jpg,1802,1800,-2
8390.jpg,1802,1850,48
8395.jpg,1802,1820,18
8400.jpg,1802,1750,-52
8405.jpg,1802,18,-1784
8410.jpg,1802,1600,-202
8415.jpg,1802,1851,49
8420.jpg,1802,18,-1784
8425.jpg,1802,1650,-152
8430.jpg,1802,1850,48
8435.jpg,1802,1753,-49
8440.jpg,1803,1905,102
8445.jpg,1803,18,-1785
8450.jpg,1803,1760,-43
8455.jpg,1803,1900,97
8460.jpg,1803,1550,-253
8465.jpg,1803,1930,127
8470.jpg,1803,1890,87
8475.jpg,1803,1990,187
8480.jpg,1803,1850,47
8485.jpg,1803,19,-1784
8490.jpg,1803,1880,77
8495.jpg,1803,1925,122
8500.jpg,1803,1600,-203
8505.jpg,1803,1850,47
8515.jpg,1804,1850,46
8520.jpg,1804,1550,-254
8525.jpg,1804,1850,46
8530.jpg,1804,1820,16
8535.jpg,1804,1920,116
8540.jpg,1804,1910,106
8545.jpg,1804,1800,-4
8550.jpg,1804,1850,46
8555.jpg,1804,1900,96
8560.jpg,1804,1850,46
8565.jpg,1804,19,-1785
8570.jpg,1804,1850,46
8575.jpg,1804,1950,146
8580.jpg,1804,1450,-354
8585.jpg,1805,1970,165
8590.jpg,1805,1850,45
8595.jpg,1805,1850,45
8600.jpg,1805,1900,95
8605.jpg,1805,1850,45
8610.jpg,1805,1790,-15
8615.jpg,1805,1900,95
8620.jpg,1805,1800,-5
8625.jpg,1805,1780,-25
8630.jpg,1805,1950,145
8635.jpg,1805,1915,110
8640.jpg,1805,1920,115
8645.jpg,1805,1880,75
8650.jpg,1805,1850,45
8655.jpg,1805,1780,-25
8660.jpg,1805,1900,95
8665.jpg,1805,1850,45
8670.jpg,1805,1910,105
8675.jpg,1805,1750,-55
8680.jpg,1805,1790,-15
8685.jpg,1805,1910,105
8690.jpg,1805,1850,45
8695.jpg,1806,1850,44
8700.jpg,1806,1600,-206
8705.jpg,1806,1900,94
8710.jpg,1806,1950,144
8715.jpg,1806,1770,-36
8720.jpg,1806,1900,94
8725.jpg,1806,1840,34
8730.jpg,1806,1850,44
8735.jpg,1806,1850,44
8740.jpg,1806,1920,114
8745.jpg,1806,1850,44
8750.jpg,1806,1850,44
8755.jpg,1806,1790,-16
8765.jpg,1807,18,-1789
8770.jpg,1807,1770,-37
8775.jpg,1807,1787,-20
8780.jpg,1807,2020,213
8785.jpg,1807,1930,123
8790.jpg,1807,1850,43
8795.jpg,1807,19,-1788
8800.jpg,1807,19,-1788
8805.jpg,1807,1750,-57
8810.jpg,1807,1950,143
8815.jpg,1807,19,-1788
8820.jpg,1807,1950,143
8825.jpg,1807,1750,-57
8830.jpg,1807,1750,-57
8835.jpg,1807,1600,-207
8840.jpg,1808,1904,96
8845.jpg,1808,1500,-308
8850.jpg,1808,1890,82
8855.jpg,1808,1720,-88
8860.jpg,1808,1910,102
8865.jpg,1808,1800,-8
8875.jpg,1808,1850,42
8880.jpg,1808,1820,12
8885.jpg,1808,1820,12
8890.jpg,1808,1980,172
8895.jpg,1808,1850,42
8900.jpg,1808,1850,42
8905.jpg,1808,18,-1790
8910.jpg,1809,1854,45
8915.jpg,1809,1820,11
8920.jpg,1809,1600,-209
8925.jpg,1809,1850,41
8930.jpg,1809,1910,101
8935.jpg,1809,1400,-409
8940.jpg,1809,1800,-9
8945.jpg,1809,1920,111
8950.jpg,1809,1850,41
8955.jpg,1809,1720,-89
8965.jpg,1809,1807,-2
8970.jpg,1809,1750,-59
8975.jpg,1810,1930,120
8980.jpg,1810,1830,20
8985.jpg,1810,1850,40
8995.jpg,1810,1850,40
9000.jpg,1810,1875,65
9005.jpg,1810,1950,140
9010.jpg,1810,1850,40
9015.jpg,1810,1850,40
9020.jpg,1810,1930,120
9025.jpg,1810,1890,80
9030.jpg,1810,1850,40
9035.jpg,1810,1850,40
9040.jpg,1810,1850,40
9045.jpg,1810,1850,40
9050.jpg,1810,1790,-20
9055.jpg,1810,1753,-57
9060.jpg,1810,1860,50
9065.jpg,1810,1910,100
9070.jpg,1810,1850,40
9075.jpg,1810,1780,-30
9080.jpg,1810,1850,40
9085.jpg,1810,1930,120
9090.jpg,1810,1750,-60
9095.jpg,1810,1850,40
9100.jpg,1810,1850,40
9105.jpg,1810,1780,-30
9110.jpg,1810,1750,-60
9115.jpg,1810,1820,10
9120.jpg,1810,1950,140
9125.jpg,1810,1901,91
9130.jpg,1810,1880,70
9135.jpg,1810,1950,140
9140.jpg,1810,1920,110
9145.jpg,1810,1930,120
9150.jpg,1811,1500,-311
9160.jpg,1811,1850,39
9165.jpg,1811,1750,-61
9170.jpg,1811,1750,-61
9175.jpg,1811,19,-1792
9180.jpg,1811,1850,39
9185.jpg,1811,1790,-21
9190.jpg,1811,1930,119
9195.jpg,1811,1600,-211
9200.jpg,1811,1600,-211
9205.jpg,1811,1850,39
9210.jpg,1812,1780,-32
9215.jpg,1812,1450,-362
9220.jpg,1812,1192,-620
9225.jpg,1812,1850,38
9230.jpg,1812,1850,38
9235.jpg,1812,1850,38
9240.jpg,1812,1890,78
9245.jpg,1812,1850,38
9250.jpg,1812,1920,108
9255.jpg,1812,1925,113
9260.jpg,1812,1950,138
9265.jpg,1812,1790,-22
9270.jpg,1812,1450,-362
9275.jpg,1812,1900,88
9280.jpg,1812,1850,38
9290.jpg,1812,1850,38
9295.jpg,1812,1700,-112
9300.jpg,1812,1930,118
9305.jpg,1812,1850,38
9310.jpg,1813,1800,-13
9315.jpg,1813,1850,37
9320.jpg,1813,1925,112
9325.jpg,1813,15,-1798
9330.jpg,1813,1800,-13
9335.jpg,1813,1750,-63
9340.jpg,1813,1920,107
9345.jpg,1813,1850,37
9350.jpg,1813,1800,-13
9355.jpg,1813,50,-1763
9360.jpg,1813,1920,107
9365.jpg,1813,1860,47
9370.jpg,1813,1900,87
9375.jpg,1814,13,-1801
9390.jpg,1814,1800,-14
9395.jpg,1814,1750,-64
9400.jpg,1814,1850,36
9405.jpg,1814,1850,36
9410.jpg,1814,1800,-14
9415.jpg,1814,1800,-14
9420.jpg,1814,1850,36
9425.jpg,1814,1250,-564
9430.jpg,1814,1450,-364
9435.jpg,1814,1850,36
9440.jpg,1814,1850,36
9445.jpg,1814,-1,-1815
9450.jpg,1814,1830,16
9455.jpg,1814,2021,207
9460.jpg,1814,1860,46
9465.jpg,1815,1880,65
9470.jpg,1815,1920,105
9475.jpg,1815,1850,35
9480.jpg,1815,1850,35
9485.jpg,1815,1850,35
9490.jpg,1815,1880,65
9495.jpg,1815,1880,65
9500.jpg,1815,1800,-15
9505.jpg,1815,1800,-15
9510.jpg,1815,-1,-1816
9515.jpg,1815,19,-1796
9520.jpg,1815,1768,-47
9525.jpg,1815,19,-1796
9530.jpg,1815,1750,-65
9535.jpg,1815,1700,-115
9540.jpg,1815,1850,35
9545.jpg,1815,1850,35
9550.jpg,1815,1750,-65
9555.jpg,1815,1850,35
9560.jpg,1815,1850,35
9565.jpg,1815,1850,35
9570.jpg,1815,1800,-15
9575.jpg,1815,1850,35
9580.jpg,1815,1600,-215
9585.jpg,1815,1850,35
9590.jpg,1815,1700,-115
9595.jpg,1816,1925,109
9600.jpg,1816,1600,-216
9605.jpg,1816,1850,34
9610.jpg,1816,1750,-66
9615.jpg,1816,1850,34
9620.jpg,1816,1880,64
9625.jpg,1816,1752,-64
9630.jpg,1816,1930,114
9635.jpg,1816,1850,34
9640.jpg,1816,1850,34
9645.jpg,1816,1670,-146
9650.jpg,1816,1895,79
9655.jpg,1816,1775,-41
9660.jpg,1816,1880,64
9665.jpg,1816,1750,-66
9670.jpg,1816,1840,24
9675.jpg,1816,1800,-16
9680.jpg,1816,1906,90
9685.jpg,1816,1893,77
9690.jpg,1816,1900,84
9695.jpg,1816,1850,34
9700.jpg,1816,1890,74
9705.jpg,1816,1800,-16
9710.jpg,1816,1859,43
9715.jpg,1817,1900,83
9720.jpg,1817,1940,123
9725.jpg,1817,1820,3
9730.jpg,1817,1850,33
9735.jpg,1817,1850,33
9740.jpg,1817,1970,153
9745.jpg,1817,1850,33
9750.jpg,1817,1830,13
9755.jpg,1817,1860,43
9760.jpg,1817,1850,33
9765.jpg,1817,1850,33
9770.jpg,1817,1850,33
9775.jpg,1817,1962,145
9780.jpg,1817,1750,-67
9785.jpg,1817,1930,113
9790.jpg,1818,1450,-368
9795.jpg,1818,20,-1798
9800.jpg,1818,1950,132
9805.jpg,1818,1930,112
9810.jpg,1818,1880,62
9815.jpg,1818,1891,73
9820.jpg,1818,1850,32
9825.jpg,1818,18,-1800
9830.jpg,1818,1890,72
9835.jpg,1818,1820,2
9840.jpg,1818,1850,32
9845.jpg,1818,1696,-122
9850.jpg,1818,1850,32
9855.jpg,1818,1850,32
9860.jpg,1818,1790,-28
9865.jpg,1818,1850,32
9870.jpg,1818,1920,102
9875.jpg,1818,1880,62
9880.jpg,1818,1850,32
9885.jpg,1818,1970,152
9890.jpg,1818,1800,-18
9895.jpg,1818,1800,-18
9900.jpg,1818,18,-1800
9905.jpg,1818,1550,-268
9910.jpg,1819,1945,126
9915.jpg,1819,1850,31
9920.jpg,1819,1758,-61
9925.jpg,1819,1850,31
9930.jpg,1819,1910,91
9935.jpg,1819,1950,131
9940.jpg,1819,1850,31
9945.jpg,1819,1700,-119
9950.jpg,1819,20,-1799
9955.jpg,1819,1850,31
9960.jpg,1819,1860,41
9965.jpg,1819,1850,31
9970.jpg,1819,1850,31
9975.jpg,1819,1850,31
9980.jpg,1819,1850,31
9985.jpg,1820,1901,81
9990.jpg,1820,1880,60
9995.jpg,1820,1750,-70
10000.jpg,1820,1750,-70
10005.jpg,1820,1850,30
10010.jpg,1820,1800,-20
10015.jpg,1820,1450,-370
10020.jpg,1820,1850,30
10025.jpg,1820,1850,30
10030.jpg,1820,1900,80
10035.jpg,1820,1800,-20
10040.jpg,1820,1950,130
10045.jpg,1820,19,-1801
10050.jpg,1820,1910,90
10055.jpg,1820,1540,-280
10060.jpg,1820,1850,30
10065.jpg,1820,1850,30
10070.jpg,1820,19,-1801
10075.jpg,1820,1800,-20
10080.jpg,1820,1450,-370
10085.jpg,1820,1705,-115
10090.jpg,1820,1850,30
10095.jpg,1820,19,-1801
10100.jpg,1820,1850,30
10105.jpg,1820,1900,80
10110.jpg,1820,1800,-20
10115.jpg,1820,1980,160
10120.jpg,1820,1875,55
10125.jpg,1820,1880,60
10130.jpg,1820,1850,30
10135.jpg,1820,1850,30
10140.jpg,1820,1800,-20
10145.jpg,1820,1970,150
10150.jpg,1820,1850,30
10155.jpg,1820,1800,-20
10160.jpg,1820,1750,-70
10165.jpg,1820,1850,30
10170.jpg,1820,1900,80
10175.jpg,1820,1900,80
10180.jpg,1820,1900,80
10185.jpg,1820,1850,30
10190.jpg,1820,1750,-70
10195.jpg,1821,1250,-571
10200.jpg,1821,1927,106
10205.jpg,1821,1831,10
10210.jpg,1821,2010,189
10215.jpg,1821,1750,-71
10220.jpg,1821,20,-1801
10225.jpg,1821,1925,104
10230.jpg,1821,19,-1802
10235.jpg,1821,1880,59
10240.jpg,1821,1990,169
10245.jpg,1821,19,-1802
10250.jpg,1821,1703,-118
10255.jpg,1821,19,-1802
10260.jpg,1821,1900,79
10265.jpg,1821,1800,-21
10270.jpg,1821,1700,-121
10275.jpg,1821,1880,59
10280.jpg,1822,1930,108
10285.jpg,1822,1850,28
10290.jpg,1822,1450,-372
10295.jpg,1822,1850,28
10300.jpg,1822,1850,28
10305.jpg,1822,1850,28
10310.jpg,1822,1850,28
10315.jpg,1822,1850,28
10320.jpg,1822,1850,28
10325.jpg,1822,1900,78
10330.jpg,1822,1920,98
10335.jpg,1822,1850,28
10340.jpg,1822,1850,28
10345.jpg,1822,1900,78
10355.jpg,1822,1850,28
10360.jpg,1823,1860,37
10365.jpg,1823,1830,7
10370.jpg,1823,1730,-93
10375.jpg,1823,1790,-33
10385.jpg,1823,1871,48
10390.jpg,1823,2010,187
10395.jpg,1823,1800,-23
10400.jpg,1823,1910,87
10405.jpg,1823,1850,27
10410.jpg,1823,1880,57
10415.jpg,1823,1850,27
10420.jpg,1823,1750,-73
10425.jpg,1823,1850,27
10430.jpg,1823,1800,-23
10435.jpg,1823,1850,27
10440.jpg,1823,18,-1805
10445.jpg,1823,1920,97
10450.jpg,1823,1350,-473
10455.jpg,1824,1600,-224
10460.jpg,1824,1450,-374
10465.jpg,1824,1650,-174
10470.jpg,1824,1850,26
10475.jpg,1824,1350,-474
10480.jpg,1824,1920,96
10485.jpg,1824,1850,26
10490.jpg,1824,1550,-274
10495.jpg,1824,1920,96
10500.jpg,1824,19,-1805
10505.jpg,1824,1850,26
10510.jpg,1824,1900,76
10515.jpg,1824,1850,26
10520.jpg,1824,18,-1806
10525.jpg,1824,2000,176
10530.jpg,1824,1900,76
10535.jpg,1824,1850,26
10540.jpg,1824,1900,76
10545.jpg,1824,1876,52
10550.jpg,1825,1859,34
10555.jpg,1825,1800,-25
10560.jpg,1825,1650,-175
10565.jpg,1825,1910,85
10570.jpg,1825,1850,25
10575.jpg,1825,1850,25
10580.jpg,1825,1863,38
10585.jpg,1825,1800,-25
10590.jpg,1825,1775,-50
10595.jpg,1825,1760,-65
10600.jpg,1825,1750,-75
10605.jpg,1825,1850,25
10610.jpg,1825,1850,25
10615.jpg,1825,1880,55
10620.jpg,1825,1850,25
10625.jpg,1825,1930,105
10630.jpg,1825,1925,100
10635.jpg,1825,19,-1806
10640.jpg,1825,1950,125
10645.jpg,1825,1750,-75
10650.jpg,1825,1800,-25
10655.jpg,1825,1850,25
10660.jpg,1825,1900,75
10665.jpg,1825,1850,25
10670.jpg,1825,1850,25
10675.jpg,1825,1600,-225
10680.jpg,1825,1750,-75
10685.jpg,1825,1910,85
10690.jpg,1825,1860,35
10695.jpg,1825,1700,-125
10700.jpg,1825,1850,25
10705.jpg,1825,20,-1805
10710.jpg,1825,1890,65
10715.jpg,1825,1880,55
10720.jpg,1825,1800,-25
10725.jpg,1825,1910,85
10730.jpg,1826,1901,75
10735.jpg,1826,1820,-6
10745.jpg,1826,1800,-26
10750.jpg,1826,1930,104
10755.jpg,1826,1860,34
10760.jpg,1826,1750,-76
10765.jpg,1826,1764,-62
10770.jpg,1826,1880,54
10775.jpg,1826,1920,94
10780.jpg,1826,1850,24
10785.jpg,1826,1714,-112
10790.jpg,1826,1850,24
10795.jpg,1826,1850,24
10800.jpg,1826,19,-1807
10805.jpg,1826,1840,14
10810.jpg,1826,1850,24
10815.jpg,1826,1850,24
10820.jpg,1826,1850,24
10825.jpg,1826,1800,-26
10830.jpg,1826,1890,64
10835.jpg,1827,1927,100
10840.jpg,1827,1850,23
10845.jpg,1827,1850,23
10850.jpg,1827,18,-1809
10855.jpg,1827,1850,23
10860.jpg,1827,1886,59
10865.jpg,1827,1870,43
10870.jpg,1827,1850,23
10875.jpg,1827,1860,33
10880.jpg,1827,1910,83
10885.jpg,1827,1900,73
10890.jpg,1827,19,-1808
10895.jpg,1827,1820,-7
10900.jpg,1827,1750,-77
10905.jpg,1827,18,-1809
10910.jpg,1827,1820,-7
10915.jpg,1827,17,-1810
10920.jpg,1827,1900,73
10925.jpg,1827,1820,-7
10930.jpg,1827,1920,93
10935.jpg,1827,1800,-27
10940.jpg,1827,1960,133
10945.jpg,1828,1860,32
10950.jpg,1828,1880,52
10955.jpg,1828,1850,22
10960.jpg,1828,1775,-53
10965.jpg,1828,1850,22
10970.jpg,1828,1800,-28
10975.jpg,1828,1896,68
10980.jpg,1828,1860,32
10985.jpg,1828,1850,22
10990.jpg,1828,1900,72
10995.jpg,1828,1850,22
11000.jpg,1828,1850,22
11005.jpg,1828,1750,-78
11010.jpg,1828,1850,22
11015.jpg,1828,1750,-78
11020.jpg,1828,1880,52
11025.jpg,1828,1800,-28
11030.jpg,1828,1860,32
11035.jpg,1828,1870,42
11040.jpg,1828,1850,22
11045.jpg,1828,1900,72
11050.jpg,1828,1900,72
11055.jpg,1828,1650,-178
11060.jpg,1828,1850,22
11065.jpg,1829,1930,101
11070.jpg,1829,19,-1810
11075.jpg,1829,1890,61
11080.jpg,1829,1850,21
11085.jpg,1829,1850,21
11090.jpg,1829,2013,184
11095.jpg,1829,1800,-29
11100.jpg,1829,1850,21
11105.jpg,1829,1820,-9
11110.jpg,1829,1850,21
11115.jpg,1829,1450,-379
11120.jpg,1829,1910,81
11125.jpg,1829,1450,-379
11130.jpg,1829,1850,21
11135.jpg,1829,1860,31
11140.jpg,1829,1850,21
11145.jpg,1829,1795,-34
11150.jpg,1829,1600,-229
11155.jpg,1829,1940,111
11160.jpg,1829,1800,-29
11165.jpg,1829,1890,61
11170.jpg,1830,1650,-180
11175.jpg,1830,1850,20
11180.jpg,1830,1750,-80
11185.jpg,1830,1930,100
11190.jpg,1830,1920,90
11195.jpg,1830,1600,-230
11200.jpg,1830,1930,100
11205.jpg,1830,19,-1811
11210.jpg,1830,1850,20
11215.jpg,1830,1850,20
11220.jpg,1830,1850,20
11225.jpg,1830,19,-1811
11230.jpg,1830,1820,-10
11235.jpg,1830,1850,20
11240.jpg,1830,1750,-80
11245.jpg,1830,1930,100
11250.jpg,1830,1850,20
11255.jpg,1830,2010,180
11260.jpg,1830,1900,70
11265.jpg,1830,1850,20
11270.jpg,1830,1700,-130
11275.jpg,1830,1850,20
11280.jpg,1830,1910,80
11285.jpg,1830,1900,70
11290.jpg,1830,1700,-130
11295.jpg,1830,1450,-380
11300.jpg,1830,1750,-80
11305.jpg,1830,1850,20
11310.jpg,1830,1900,70
11315.jpg,1830,1800,-30
11320.jpg,1830,1700,-130
11325.jpg,1830,1800,-30
11330.jpg,1830,1900,70
11335.jpg,1830,1800,-30
11340.jpg,1830,1850,20
11345.jpg,1830,1950,120
11350.jpg,1830,1880,50
11355.jpg,1830,1870,40
11360.jpg,1830,1850,20
11365.jpg,1830,1897,67
11370.jpg,1830,1900,70
11375.jpg,1830,1852,22
11380.jpg,1830,1930,100
11385.jpg,1830,1850,20
11390.jpg,1830,1900,70
11395.jpg,1830,19,-1811
11400.jpg,1831,1850,19
11405.jpg,1831,1750,-81
11410.jpg,1831,1850,19
11415.jpg,1831,1880,49
11420.jpg,1831,1675,-156
11425.jpg,1831,1850,19
11430.jpg,1831,1910,79
11435.jpg,1831,18,-1813
11440.jpg,1831,1860,29
11445.jpg,1831,1805,-26
11450.jpg,1831,1980,149
11455.jpg,1831,1850,19
11460.jpg,1831,1830,-1
11465.jpg,1831,1850,19
11470.jpg,1831,1740,-91
11475.jpg,1831,1950,119
11480.jpg,1831,1860,29
11485.jpg,1831,1600,-231
11490.jpg,1832,1850,18
11495.jpg,1832,1850,18
11500.jpg,1832,1250,-582
11505.jpg,1832,1850,18
11510.jpg,1832,1700,-132
11515.jpg,1832,1752,-80
11525.jpg,1832,1945,113
11530.jpg,1832,1920,88
11535.jpg,1832,1850,18
11540.jpg,1832,1850,18
11545.jpg,1832,1800,-32
11550.jpg,1832,19,-1813
11555.jpg,1832,1850,18
11560.jpg,1832,1920,88
11565.jpg,1832,1800,-32
11570.jpg,1832,19,-1813
11575.jpg,1832,19,-1813
11580.jpg,1832,1900,68
11585.jpg,1832,1865,33
11590.jpg,1832,1850,18
11595.jpg,1832,1750,-82
11600.jpg,1832,1850,18
11605.jpg,1832,1920,88
11610.jpg,1832,1900,68
11615.jpg,1832,1714,-118
11620.jpg,1832,1601,-231
11625.jpg,1832,1850,18
11630.jpg,1832,1932,100
11635.jpg,1832,1930,98
11640.jpg,1832,1900,68
11645.jpg,1833,1901,68
11650.jpg,1833,1850,17
11655.jpg,1833,1930,97
11660.jpg,1833,1848,15
11665.jpg,1833,1850,17
11670.jpg,1833,1850,17
11675.jpg,1833,1850,17
11680.jpg,1833,1900,67
11685.jpg,1833,1880,47
11690.jpg,1833,1900,67
11695.jpg,1833,1890,57
11700.jpg,1833,1850,17
11705.jpg,1833,-1,-1834
11710.jpg,1833,1850,17
11715.jpg,1833,1850,17
11720.jpg,1833,1950,117
11725.jpg,1833,1850,17
11730.jpg,1833,1750,-83
11735.jpg,1833,1920,87
11740.jpg,1833,1850,17
11745.jpg,1833,1880,47
11750.jpg,1833,1910,77
11755.jpg,1833,1870,37
11760.jpg,1833,1850,17
11765.jpg,1833,1769,-64
11770.jpg,1834,1600,-234
11775.jpg,1834,1750,-84
11780.jpg,1834,1800,-34
11785.jpg,1834,1450,-384
11790.jpg,1834,20,-1814
11795.jpg,1834,1800,-34
11800.jpg,1834,1850,16
11805.jpg,1834,1754,-80
11810.jpg,1834,-1,-1835
11815.jpg,1834,1850,16
11820.jpg,1834,1800,-34
11825.jpg,1834,1750,-84
11830.jpg,1834,1925,91
11835.jpg,1834,1870,36
11840.jpg,1834,1870,36
11845.jpg,1834,1900,66
11850.jpg,1834,1800,-34
11855.jpg,1834,1850,16
11860.jpg,1834,1800,-34
11865.jpg,1834,1850,16
11870.jpg,1834,1970,136
11875.jpg,1834,1780,-54
11880.jpg,1834,1850,16
11885.jpg,1834,20,-1814
11890.jpg,1834,1783,-51
11895.jpg,1834,1850,16
11900.jpg,1835,1850,15
11905.jpg,1835,1950,115
11910.jpg,1835,1994,159
11915.jpg,1835,19,-1816
11920.jpg,1835,1750,-85
11925.jpg,1835,1830,-5
11930.jpg,1835,1900,65
11935.jpg,1835,1850,15
11940.jpg,1835,1850,15
11945.jpg,1835,1980,145
11950.jpg,1835,1450,-385
11955.jpg,1835,1840,5
11960.jpg,1835,1850,15
11965.jpg,1835,2000,165
11970.jpg,1835,1850,15
11980.jpg,1835,1900,65
11985.jpg,1835,1850,15
11990.jpg,1835,1880,45
11995.jpg,1835,1940,105
12000.jpg,1835,1850,15
12005.jpg,1835,1950,115
12010.jpg,1835,1750,-85
12015.jpg,1835,1830,-5
12020.jpg,1835,1950,115
12025.jpg,1835,1950,115
12030.jpg,1835,1850,15
12035.jpg,1835,1850,15
12040.jpg,1835,1800,-35
12045.jpg,1835,1850,15
12050.jpg,1835,1850,15
12055.jpg,1835,1850,15
12060.jpg,1835,1930,95
12065.jpg,1835,1950,115
12070.jpg,1835,1920,85
12075.jpg,1835,1950,115
12080.jpg,1835,1850,15
12085.jpg,1835,1850,15
12090.jpg,1835,1,-1834
12095.jpg,1835,1850,15
12100.jpg,1835,17,-1818
12105.jpg,1835,1850,15
12110.jpg,1835,1400,-435
12115.jpg,1835,1800,-35
12120.jpg,1835,1900,65
12125.jpg,1835,1910,75
12130.jpg,1836,1900,64
12135.jpg,1836,1950,114
12140.jpg,1836,1850,14
12145.jpg,1836,1850,14
12150.jpg,1836,1920,84
12155.jpg,1836,1850,14
12160.jpg,1836,1920,84
12170.jpg,1836,1700,-136
12175.jpg,1836,1850,14
12180.jpg,1836,1850,14
12185.jpg,1836,1800,-36
12190.jpg,1836,1850,14
12195.jpg,1836,1950,114
12200.jpg,1836,1930,94
12205.jpg,1836,1850,14
12210.jpg,1836,1890,54
12215.jpg,1836,1850,14
12220.jpg,1836,1925,89
12225.jpg,1836,1850,14
12230.jpg,1836,1850,14
12235.jpg,1836,1840,4
12240.jpg,1836,1600,-236
12245.jpg,1836,1910,74
12250.jpg,1836,1850,14
12255.jpg,1836,1790,-46
12260.jpg,1836,1850,14
12265.jpg,1836,1850,14
12270.jpg,1836,1820,-16
12275.jpg,1836,1650,-186
12280.jpg,1837,1850,13
12285.jpg,1837,1887,50
12290.jpg,1837,1830,-7
12295.jpg,1837,19,-1818
12300.jpg,1837,1800,-37
12305.jpg,1837,1850,13
12310.jpg,1837,1870,33
12315.jpg,1837,1,-1836
12320.jpg,1837,1970,133
12325.jpg,1837,1850,13
12330.jpg,1837,1890,53
12335.jpg,1837,1750,-87
12340.jpg,1837,1770,-67
12345.jpg,1837,1750,-87
12350.jpg,1837,1950,113
12355.jpg,1837,1850,13
12360.jpg,1837,1900,63
12365.jpg,1837,1920,83
12370.jpg,1837,1850,13
12375.jpg,1837,1600,-237
12380.jpg,1837,1930,93
12385.jpg,1837,1850,13
12390.jpg,1837,1920,83
12395.jpg,1837,1820,-17
12400.jpg,1837,1900,63
12405.jpg,1837,1900,63
12410.jpg,1837,1850,13
12415.jpg,1837,1900,63
12420.jpg,1837,1714,-123
12425.jpg,1837,1950,113
12430.jpg,1837,1850,13
12435.jpg,1837,1950,113
12440.jpg,1837,1850,13
12445.jpg,1837,1880,43
12450.jpg,1838,1800,-38
12455.jpg,1838,1850,12
12460.jpg,1838,1300,-538
12465.jpg,1838,1850,12
12470.jpg,1838,1950,112
12475.jpg,1838,2010,172
12480.jpg,1838,1850,12
12485.jpg,1838,1850,12
12490.jpg,1838,1500,-338
12495.jpg,1838,19,-1819
12500.jpg,1838,1847,9
12505.jpg,1838,1920,82
12510.jpg,1838,1750,-88
12515.jpg,1838,1900,62
12520.jpg,1838,1920,82
12525.jpg,1838,1850,12
12530.jpg,1838,1910,72
12535.jpg,1838,1900,62
12540.jpg,1838,1925,87
12545.jpg,1838,1901,63
12550.jpg,1838,1850,12
12555.jpg,1838,19,-1819
12560.jpg,1838,1850,12
12565.jpg,1838,19,-1819
12570.jpg,1838,1850,12
12575.jpg,1838,1600,-238
12580.jpg,1838,1920,82
12585.jpg,1838,1850,12
12590.jpg,1838,1800,-38
12600.jpg,1838,1960,122
12605.jpg,1838,1950,112
12610.jpg,1838,1850,12
12615.jpg,1838,1750,-88
12620.jpg,1838,19,-1819
12625.jpg,1839,1900,61
12630.jpg,1839,1850,11
12635.jpg,1839,1800,-39
12640.jpg,1839,20,-1819
12645.jpg,1839,1850,11
12650.jpg,1839,1917,78
12655.jpg,1839,1500,-339
12660.jpg,1839,1850,11
12665.jpg,1839,1819,-20
12670.jpg,1839,1850,11
12675.jpg,1839,1850,11
12680.jpg,1839,1750,-89
12685.jpg,1839,-1,-1840
12690.jpg,1839,1970,131
12695.jpg,1839,1930,91
12700.jpg,1839,1850,11
12705.jpg,1839,1850,11
12710.jpg,1839,1900,61
12715.jpg,1839,1850,11
12720.jpg,1839,1850,11
12725.jpg,1839,1960,121
12730.jpg,1839,1,-1838
12735.jpg,1839,1850,11
12740.jpg,1839,1770,-69
12745.jpg,1839,1850,11
12750.jpg,1839,1850,11
12755.jpg,1839,1850,11
12760.jpg,1839,1910,71
12765.jpg,1839,1750,-89
12770.jpg,1839,1397,-442
12775.jpg,1839,1860,21
12780.jpg,1840,1600,-240
12785.jpg,1840,1950,110
12790.jpg,1840,1887,47
12795.jpg,1840,1880,40
12800.jpg,1840,1850,10
12805.jpg,1840,1500,-340
12810.jpg,1840,1890,50
12815.jpg,1840,1800,-40
12820.jpg,1840,18,-1822
12825.jpg,1840,1800,-40
12830.jpg,1840,1800,-40
12835.jpg,1840,18,-1822
12840.jpg,1840,1867,27
12845.jpg,1840,1750,-90
12850.jpg,1840,1850,10
12860.jpg,1840,1850,10
12865.jpg,1840,1920,80
12870.jpg,1840,1920,80
12875.jpg,1840,1850,10
12880.jpg,1840,1830,-10
12885.jpg,1840,1790,-50
12890.jpg,1840,1850,10
12895.jpg,1840,19,-1821
12900.jpg,1840,1880,40
12905.jpg,1840,1990,150
12910.jpg,1840,2010,170
12915.jpg,1840,1860,20
12920.jpg,1840,1850,10
12925.jpg,1840,1820,-20
12930.jpg,1840,19,-1821
12935.jpg,1840,1895,55
12940.jpg,1840,19,-1821
12945.jpg,1840,1900,60
12950.jpg,1840,1850,10
12955.jpg,1840,1850,10
12960.jpg,1840,1750,-90
12965.jpg,1840,1900,60
12970.jpg,1840,1850,10
12975.jpg,1840,1700,-140
12980.jpg,1840,1900,60
12985.jpg,1840,1850,10
12990.jpg,1840,1,-1839
12995.jpg,1840,1800,-40
13005.jpg,1840,1850,10
13010.jpg,1840,1930,90
13015.jpg,1840,1920,80
13020.jpg,1840,1850,10
13025.jpg,1840,1700,-140
13030.jpg,1841,1890,49
13035.jpg,1841,1850,9
13040.jpg,1841,1850,9
13045.jpg,1841,1870,29
13050.jpg,1841,1900,59
13055.jpg,1841,1850,9
13060.jpg,1841,1850,9
13065.jpg,1841,1850,9
13070.jpg,1841,19,-1822
13075.jpg,1841,1820,-21
13080.jpg,1841,1910,69
13085.jpg,1841,2010,169
13090.jpg,1841,1900,59
13095.jpg,1841,1950,109
13100.jpg,1841,1800,-41
13105.jpg,1841,1920,79
13110.jpg,1841,1800,-41
13115.jpg,1841,2005,164
13120.jpg,1841,2015,174
13125.jpg,1841,1925,84
13130.jpg,1841,1600,-241
13135.jpg,1841,1450,-391
13140.jpg,1841,1887,46
13145.jpg,1842,1890,48
13150.jpg,1842,1930,88
13155.jpg,1842,1900,58
13160.jpg,1842,1900,58
13165.jpg,1842,1840,-2
13170.jpg,1842,1930,88
13175.jpg,1842,1929,87
13180.jpg,1842,1850,8
13185.jpg,1842,1850,8
13190.jpg,1842,1850,8
13195.jpg,1842,1855,13
13200.jpg,1842,1900,58
13205.jpg,1842,1850,8
13210.jpg,1842,1890,48
13215.jpg,1842,1880,38
13220.jpg,1842,1780,-62
13225.jpg,1842,1850,8
13230.jpg,1842,1930,88
13235.jpg,1842,1780,-62
13240.jpg,1842,1850,8
13245.jpg,1842,1930,88
13250.jpg,1842,1880,38
13255.jpg,1842,1930,88
13260.jpg,1842,1850,8
13265.jpg,1842,1820,-22
13270.jpg,1842,1920,78
13275.jpg,1842,1895,53
13280.jpg,1842,1395,-447
13285.jpg,1842,1880,38
13290.jpg,1842,1850,8
13295.jpg,1842,1850,8
13300.jpg,1843,1900,57
13305.jpg,1843,1850,7
13310.jpg,1843,1800,-43
13315.jpg,1843,1600,-243
13320.jpg,1843,1850,7
13325.jpg,1843,20,-1823
13330.jpg,1843,1850,7
13335.jpg,1843,1920,77
13340.jpg,1843,1750,-93
13345.jpg,1843,1905,62
13350.jpg,1843,1850,7
13355.jpg,1843,1900,57
13360.jpg,1843,1950,107
13365.jpg,1843,1800,-43
13370.jpg,1843,1900,57
13380.jpg,1843,1850,7
13385.jpg,1843,-1,-1844
13390.jpg,1843,1850,7
13395.jpg,1843,1900,57
13400.jpg,1843,1890,47
13405.jpg,1843,19,-1824
13410.jpg,1843,1893,50
13415.jpg,1843,1874,31
13420.jpg,1843,1850,7
13425.jpg,1843,1800,-43
13430.jpg,1844,1870,26
13435.jpg,1844,1850,6
13440.jpg,1844,1870,26
13445.jpg,1844,20,-1824
13450.jpg,1844,1990,146
13455.jpg,1844,1910,66
13460.jpg,1844,1900,56
13465.jpg,1844,1850,6
13470.jpg,1844,1850,6
13475.jpg,1844,19,-1825
13480.jpg,1844,1850,6
13485.jpg,1844,1850,6
13490.jpg,1844,19,-1825
13495.jpg,1844,1950,106
13500.jpg,1844,1800,-44
13505.jpg,1844,1880,36
13510.jpg,1844,1850,6
13515.jpg,1844,1850,6
13520.jpg,1844,1800,-44
13525.jpg,1844,1878,34
13530.jpg,1844,1800,-44
13535.jpg,1844,1900,56
13540.jpg,1844,1926,82
13545.jpg,1844,1850,6
13550.jpg,1844,1850,6
13555.jpg,1844,1860,16
13560.jpg,1844,1950,106
13565.jpg,1845,1750,-95
13570.jpg,1845,1750,-95
13575.jpg,1845,19,-1826
13580.jpg,1845,1890,45
13585.jpg,1845,1815,-30
13590.jpg,1845,1800,-45
13595.jpg,1845,1891,46
13600.jpg,1845,1900,55
13605.jpg,1845,1700,-145
13610.jpg,1845,1850,5
13615.jpg,1845,1850,5
13620.jpg,1845,1850,5
13625.jpg,1845,1860,15
13630.jpg,1845,1850,5
13635.jpg,1845,1880,35
13640.jpg,1845,1800,-45
13645.jpg,1845,1800,-45
13650.jpg,1845,19,-1826
13655.jpg,1845,1900,55
13660.jpg,1845,1900,55
13665.jpg,1845,1850,5
13670.jpg,1845,1996,151
13675.jpg,1845,1850,5
13680.jpg,1845,1850,5
13685.jpg,1845,1900,55
13690.jpg,1845,1750,-95
13695.jpg,1845,1950,105
13700.jpg,1845,1837,-8
13705.jpg,1845,1850,5
13710.jpg,1845,1890,45
13720.jpg,1845,1950,105
13725.jpg,1845,1940,95
13730.jpg,1845,1850,5
13735.jpg,1845,1850,5
13740.jpg,1845,1850,5
13745.jpg,1845,1870,25
13750.jpg,1845,1850,5
13755.jpg,1845,1750,-95
13760.jpg,1845,1850,5
13765.jpg,1845,1890,45
13770.jpg,1845,1800,-45
13775.jpg,1845,1840,-5
13780.jpg,1845,1550,-295
13785.jpg,1845,1850,5
13790.jpg,1845,1970,125
13795.jpg,1845,20,-1825
13800.jpg,1845,1920,75
13805.jpg,1846,1750,-96
13810.jpg,1846,1715,-131
13815.jpg,1846,1940,94
13820.jpg,1846,1880,34
13825.jpg,1846,1940,94
13830.jpg,1846,1750,-96
13835.jpg,1846,1862,16
13840.jpg,1846,1850,4
13845.jpg,1846,1770,-76
13850.jpg,1846,1920,74
13855.jpg,1846,1850,4
13860.jpg,1846,1850,4
13865.jpg,1846,1860,14
13870.jpg,1846,1850,4
13875.jpg,1846,1850,4
13880.jpg,1846,1850,4
13885.jpg,1846,1834,-12
13890.jpg,1846,1930,84
13895.jpg,1846,-1,-1847
13900.jpg,1846,1900,54
13905.jpg,1846,19,-1827
13910.jpg,1846,1850,4
13915.jpg,1846,1850,4
13920.jpg,1846,1800,-46
13925.jpg,1846,-1,-1847
13930.jpg,1846,1920,74
13935.jpg,1846,1850,4
13940.jpg,1847,1899,52
13945.jpg,1847,1750,-97
13950.jpg,1847,1850,3
13955.jpg,1847,1667,-180
13960.jpg,1847,1850,3
13965.jpg,1847,1930,83
13970.jpg,1847,1934,87
13975.jpg,1847,1900,53
13980.jpg,1847,1800,-47
13985.jpg,1847,18,-1829
13990.jpg,1847,1860,13
13995.jpg,1847,1850,3
14000.jpg,1847,1850,3
14005.jpg,1847,1850,3
14010.jpg,1847,1830,-17
14015.jpg,1847,1890,43
14020.jpg,1847,1850,3
14030.jpg,1847,1900,53
14035.jpg,1847,1900,53
14040.jpg,1847,1860,13
14045.jpg,1847,1800,-47
14050.jpg,1847,1850,3
14055.jpg,1847,1896,49
14060.jpg,1847,1750,-97
14065.jpg,1847,1910,63
14070.jpg,1847,1,-1846
14075.jpg,1847,1825,-22
14080.jpg,1847,1850,3
14085.jpg,1847,1850,3
14090.jpg,1847,1810,-37
14095.jpg,1847,1825,-22
14100.jpg,1847,1820,-27
14105.jpg,1847,2010,163
14110.jpg,1848,1896,48
14115.jpg,1848,1850,2
14120.jpg,1848,1910,62
14125.jpg,1848,2010,162
14130.jpg,1848,1912,64
14135.jpg,1848,1500,-348
14140.jpg,1848,1960,112
14145.jpg,1848,1800,-48
14150.jpg,1848,1,-1847
14155.jpg,1848,1850,2
14160.jpg,1848,1850,2
14165.jpg,1848,1850,2
14170.jpg,1848,1930,82
14175.jpg,1848,1880,32
14180.jpg,1848,1850,2
14185.jpg,1848,1500,-348
14190.jpg,1848,1900,52
14195.jpg,1848,1860,12
14200.jpg,1848,1850,2
14205.jpg,1848,1850,2
14210.jpg,1848,1900,52
14215.jpg,1848,1880,32
14220.jpg,1848,1780,-68
14225.jpg,1848,1450,-398
14230.jpg,1848,1890,42
14235.jpg,1848,1850,2
14240.jpg,1848,-1,-1849
14245.jpg,1848,1850,2
14250.jpg,1848,1850,2
14255.jpg,1848,1850,2
14260.jpg,1848,1850,2
14265.jpg,1848,1910,62
14270.jpg,1848,1850,2
14275.jpg,1848,20,-1828
14280.jpg,1848,1850,2
14285.jpg,1848,1,-1847
14290.jpg,1848,1850,2
14295.jpg,1848,19,-1829
14300.jpg,1848,1910,62
14305.jpg,1848,1920,72
14310.jpg,1848,1960,112
14315.jpg,1848,1950,102
14320.jpg,1848,1950,102
14325.jpg,1848,1994,146
14330.jpg,1848,1850,2
14335.jpg,1848,1850,2
14340.jpg,1849,1900,51
14345.jpg,1849,1880,31
14350.jpg,1849,1920,71
14355.jpg,1849,1850,1
14360.jpg,1849,2010,161
14365.jpg,1849,20,-1829
14370.jpg,1849,1850,1
14375.jpg,1849,1883,34
14380.jpg,1849,-1,-1850
14385.jpg,1849,1930,81
14390.jpg,1849,1880,31
14395.jpg,1849,1880,31
14400.jpg,1849,1920,71
14405.jpg,1849,1910,61
14410.jpg,1849,1930,81
14415.jpg,1849,1920,71
14420.jpg,1849,1758,-91
14425.jpg,1849,19,-1830
14430.jpg,1849,1860,11
14435.jpg,1849,-1,-1850
14440.jpg,1849,1850,1
14445.jpg,1849,1800,-49
14450.jpg,1849,1890,41
14455.jpg,1849,1920,71
14460.jpg,1849,1850,1
14465.jpg,1849,1850,1
14470.jpg,1849,1850,1
14475.jpg,1849,1790,-59
14480.jpg,1849,1930,81
14485.jpg,1849,1920,71
14490.jpg,1849,1632,-217
14495.jpg,1849,1850,1
14500.jpg,1849,1900,51
14505.jpg,1850,1450,-400
14510.jpg,1850,1830,-20
14515.jpg,1850,1,-1849
14520.jpg,1850,1850,0
14525.jpg,1850,1810,-40
14530.jpg,1850,1960,110
14535.jpg,1850,1850,0
14540.jpg,1850,19,-1831
14545.jpg,1850,1450,-400
14550.jpg,1850,1850,0
14555.jpg,1850,1900,50
14560.jpg,1850,1850,0
14565.jpg,1850,1850,0
14570.jpg,1850,1890,40
14575.jpg,1850,1850,0
14580.jpg,1850,-1,-1851
14585.jpg,1850,18,-1832
14590.jpg,1850,1850,0
14600.jpg,1850,1850,0
14605.jpg,1850,1700,-150
14610.jpg,1850,1850,0
14615.jpg,1850,1450,-400
14620.jpg,1850,1450,-400
14625.jpg,1850,1830,-20
14630.jpg,1850,1920,70
14635.jpg,1850,1820,-30
14640.jpg,1850,1920,70
14645.jpg,1850,1880,30
14650.jpg,1850,1980,130
14655.jpg,1850,1920,70
14660.jpg,1850,1700,-150
14665.jpg,1850,1820,-30
14670.jpg,1850,1900,50
14675.jpg,1850,1860,10
14680.jpg,1850,1850,0
14685.jpg,1850,1900,50
14690.jpg,1850,1850,0
14695.jpg,1850,1880,30
14700.jpg,1850,1910,60
14705.jpg,1850,1892,42
14710.jpg,1850,1850,0
14715.jpg,1850,1850,0
14720.jpg,1850,1850,0
14725.jpg,1850,1880,30
14730.jpg,1850,1750,-100
14735.jpg,1850,1920,70
14740.jpg,1850,1850,0
14745.jpg,1850,1850,0
14750.jpg,1850,1930,80
14755.jpg,1850,1950,100
14760.jpg,1850,1900,50
14765.jpg,1850,1880,30
14770.jpg,1850,1882,32
14775.jpg,1850,1880,30
14780.jpg,1850,1850,0
14785.jpg,1851,1760,-91
14790.jpg,1851,1600,-251
14795.jpg,1851,1940,89
14800.jpg,1851,1920,69
14805.jpg,1851,1830,-21
14810.jpg,1851,1887,36
14815.jpg,1851,1920,69
14820.jpg,1851,1850,-1
14825.jpg,1851,1850,-1
14830.jpg,1851,1850,-1
14835.jpg,1851,1790,-61
14840.jpg,1851,1850,-1
14845.jpg,1851,1870,19
14850.jpg,1851,1900,49
14855.jpg,1851,1950,99
14860.jpg,1851,1890,39
14865.jpg,1851,1825,-26
14870.jpg,1851,1850,-1
14880.jpg,1851,1850,-1
14885.jpg,1851,1850,-1
14890.jpg,1851,20,-1831
14895.jpg,1851,17,-1834
14900.jpg,1851,1880,29
14905.jpg,1851,1880,29
14910.jpg,1851,1750,-101
14915.jpg,1851,20,-1831
14920.jpg,1851,1850,-1
14925.jpg,1851,1850,-1
14930.jpg,1851,1851,0
14935.jpg,1851,1850,-1
14940.jpg,1851,1830,-21
14945.jpg,1852,1920,68
14950.jpg,1852,1950,98
14955.jpg,1852,1890,38
14960.jpg,1852,1920,68
14965.jpg,1852,1800,-52
14970.jpg,1852,1714,-138
14975.jpg,1852,1845,-7
14980.jpg,1852,1400,-452
14985.jpg,1852,1850,-2
14990.jpg,1852,1950,98
14995.jpg,1852,1850,-2
15000.jpg,1852,1860,8
15005.jpg,1852,-1,-1853
15010.jpg,1852,1940,88
15015.jpg,1852,1850,-2
15020.jpg,1852,18,-1834
15025.jpg,1852,1850,-2
15030.jpg,1852,1850,-2
15035.jpg,1852,1850,-2
15040.jpg,1852,1880,28
15045.jpg,1852,19,-1833
15050.jpg,1852,1850,-2
15055.jpg,1852,1800,-52
15060.jpg,1852,1920,68
15065.jpg,1852,1850,-2
15070.jpg,1852,1900,48
15075.jpg,1852,1700,-152
15080.jpg,1852,1900,48
15085.jpg,1852,1980,128
15090.jpg,1852,1900,48
15095.jpg,1852,1920,68
15100.jpg,1852,1850,-2
15105.jpg,1852,1850,-2
15110.jpg,1852,1930,78
15115.jpg,1852,1890,38
15120.jpg,1852,1900,48
15125.jpg,1852,1915,63
15130.jpg,1852,1900,48
15135.jpg,1853,1600,-253
15140.jpg,1853,1770,-83
15145.jpg,1853,1850,-3
15150.jpg,1853,1880,27
15155.jpg,1853,1890,37
15160.jpg,1853,1600,-253
15165.jpg,1853,1900,47
15170.jpg,1853,1830,-23
15175.jpg,1853,1900,47
15180.jpg,1853,1850,-3
15185.jpg,1853,1844,-9
15190.jpg,1853,19,-1834
15195.jpg,1853,1920,67
15200.jpg,1853,1900,47
15205.jpg,1853,1875,22
15210.jpg,1853,1990,137
15215.jpg,1853,1800,-53
15220.jpg,1853,1900,47
15225.jpg,1853,1700,-153
15230.jpg,1853,1830,-23
15235.jpg,1853,1850,-3
15240.jpg,1853,1910,57
15245.jpg,1853,1850,-3
15250.jpg,1853,-1,-1854
15255.jpg,1853,1920,67
15260.jpg,1853,1820,-33
15265.jpg,1853,19,-1834
15270.jpg,1853,1850,-3
15275.jpg,1853,1880,27
15280.jpg,1853,1980,127
15285.jpg,1853,1850,-3
15290.jpg,1853,1850,-3
15295.jpg,1853,1850,-3
15300.jpg,1853,1850,-3
15305.jpg,1853,1880,27
15310.jpg,1853,1970,117
15315.jpg,1853,1925,72
15320.jpg,1853,1890,37
15325.jpg,1853,1800,-53
15330.jpg,1853,1748,-105
15335.jpg,1853,1850,-3
15340.jpg,1853,1,-1852
15345.jpg,1853,1900,47
15350.jpg,1853,2020,167
15355.jpg,1854,1925,71
15360.jpg,1854,1930,76
15365.jpg,1854,1812,-42
15370.jpg,1854,19,-1835
15375.jpg,1854,1450,-404
15380.jpg,1854,1830,-24
15385.jpg,1854,1450,-404
15390.jpg,1854,2017,163
15395.jpg,1854,1930,76
15400.jpg,1854,1450,-404
15405.jpg,1854,1850,-4
15410.jpg,1854,19,-1835
15415.jpg,1854,-1,-1855
15420.jpg,1854,1950,96
15425.jpg,1854,1875,21
15430.jpg,1854,1870,16
15435.jpg,1854,1900,46
15440.jpg,1854,1925,71
15445.jpg,1854,1900,46
15450.jpg,1855,1500,-355
15455.jpg,1855,1800,-55
15460.jpg,1855,1950,95
15465.jpg,1855,1800,-55
15470.jpg,1855,1920,65
15475.jpg,1855,1880,25
15480.jpg,1855,1950,95
15485.jpg,1855,1450,-405
15490.jpg,1855,1930,75
15495.jpg,1855,1930,75
15500.jpg,1855,1850,-5
15505.jpg,1855,1750,-105
15510.jpg,1855,1850,-5
15515.jpg,1855,1920,65
15520.jpg,1855,1920,65
15525.jpg,1855,1890,35
15530.jpg,1855,1890,35
15535.jpg,1855,19,-1836
15540.jpg,1855,1890,35
15545.jpg,1855,1900,45
15550.jpg,1855,1975,120
15555.jpg,1855,1920,65
15560.jpg,1855,1880,25
15565.jpg,1855,1900,45
15570.jpg,1855,18,-1837
15575.jpg,1855,1900,45
15580.jpg,1855,1850,-5
15585.jpg,1855,1920,65
15590.jpg,1855,1850,-5
15595.jpg,1855,1830,-25
15600.jpg,1855,1850,-5
15605.jpg,1855,1800,-55
15610.jpg,1855,1850,-5
15615.jpg,1855,19,-1836
15620.jpg,1855,1850,-5
15625.jpg,1855,1930,75
15630.jpg,1855,1850,-5
15635.jpg,1855,1850,-5
15640.jpg,1855,1830,-25
15645.jpg,1855,1900,45
15650.jpg,1855,1900,45
15655.jpg,1855,1920,65
15660.jpg,1855,1910,55
15665.jpg,1855,1900,45
15670.jpg,1855,20,-1835
15675.jpg,1855,1850,-5
15680.jpg,1855,1850,-5
15685.jpg,1855,1750,-105
15690.jpg,1855,1700,-155
15695.jpg,1855,1889,34
15705.jpg,1856,14,-1842
15710.jpg,1856,1800,-56
15715.jpg,1856,1900,44
15720.jpg,1856,1880,24
15725.jpg,1856,1910,54
15730.jpg,1856,1900,44
15735.jpg,1856,1850,-6
15740.jpg,1856,1900,44
15745.jpg,1856,1600,-256
15750.jpg,1856,1900,44
15755.jpg,1856,1850,-6
15760.jpg,1856,1830,-26
15765.jpg,1856,1450,-406
15770.jpg,1856,1845,-11
15775.jpg,1856,1900,44
15780.jpg,1856,1900,44
15785.jpg,1856,1900,44
15795.jpg,1856,1850,-6
15800.jpg,1856,1920,64
15805.jpg,1856,1940,84
15810.jpg,1856,1925,69
15815.jpg,1856,1850,-6
15820.jpg,1856,1850,-6
15825.jpg,1856,1910,54
15830.jpg,1856,1850,-6
15835.jpg,1856,1800,-56
15840.jpg,1856,1950,94
15845.jpg,1856,1750,-106
15850.jpg,1856,1850,-6
15855.jpg,1856,1850,-6
15860.jpg,1856,1850,-6
15865.jpg,1856,1870,14
15870.jpg,1856,1875,19
15875.jpg,1856,1850,-6
15880.jpg,1856,1930,74
15885.jpg,1856,1900,44
15890.jpg,1856,1850,-6
15895.jpg,1856,1910,54
15900.jpg,1856,1950,94
15905.jpg,1856,1850,-6
15910.jpg,1856,1900,44
15915.jpg,1856,1800,-56
15920.jpg,1856,1900,44
15930.jpg,1856,1920,64
15935.jpg,1856,1850,-6
15940.jpg,1856,1870,14
15945.jpg,1856,1830,-26
15950.jpg,1856,1900,44
15955.jpg,1856,1900,44
15960.jpg,1856,1650,-206
15965.jpg,1856,1900,44
15970.jpg,1856,1850,-6
15975.jpg,1856,1550,-306
15980.jpg,1857,2005,148
15985.jpg,1857,1890,33
15990.jpg,1857,2010,153
15995.jpg,1857,1850,-7
16000.jpg,1857,1900,43
16005.jpg,1857,1900,43
16010.jpg,1857,1861,4
16015.jpg,1857,1500,-357
16020.jpg,1857,1930,73
16025.jpg,1857,1950,93
16030.jpg,1857,20,-1837
16035.jpg,1857,1897,40
16040.jpg,1857,1900,43
16045.jpg,1857,19,-1838
16050.jpg,1857,1800,-57
16055.jpg,1857,1901,44
16060.jpg,1857,1950,93
16065.jpg,1857,1850,-7
16070.jpg,1857,1860,3
16075.jpg,1857,1860,3
16080.jpg,1857,1920,63
16085.jpg,1857,19,-1838
16090.jpg,1857,1890,33
16095.jpg,1857,1870,13
16100.jpg,1857,1880,23
16105.jpg,1857,1900,43
16110.jpg,1857,19,-1838
16115.jpg,1857,1900,43
16120.jpg,1857,1840,-17
16125.jpg,1857,1920,63
16130.jpg,1857,1920,63
16135.jpg,1857,2010,153
16140.jpg,1857,1890,33
16145.jpg,1857,1855,-2
16150.jpg,1857,1920,63
16155.jpg,1857,1600,-257
16160.jpg,1857,1850,-7
16165.jpg,1857,19,-1838
16170.jpg,1857,1880,23
16175.jpg,1857,1930,73
16180.jpg,1857,1890,33
16185.jpg,1857,1950,93
16190.jpg,1857,1750,-107
16195.jpg,1857,1850,-7
16200.jpg,1857,1850,-7
16205.jpg,1857,1915,58
16210.jpg,1857,1890,33
16215.jpg,1857,1930,73
16220.jpg,1857,1900,43
16225.jpg,1857,1896,39
16230.jpg,1857,1900,43
16235.jpg,1858,1880,22
16240.jpg,1858,1950,92
16245.jpg,1858,1912,54
16250.jpg,1858,1930,72
16255.jpg,1858,1900,42
16260.jpg,1858,1850,-8
16265.jpg,1858,1850,-8
16270.jpg,1858,1890,32
16275.jpg,1858,-1,-1859
16280.jpg,1858,1900,42
16285.jpg,1858,20,-1838
16290.jpg,1858,1850,-8
16295.jpg,1858,1950,92
16300.jpg,1858,1860,2
16305.jpg,1858,1910,52
16310.jpg,1858,1850,-8
16315.jpg,1858,1860,2
16320.jpg,1858,1900,42
16325.jpg,1858,1900,42
16330.jpg,1858,1890,32
16335.jpg,1858,-1,-1859
16340.jpg,1858,1850,-8
16345.jpg,1858,1900,42
16350.jpg,1858,1860,2
16355.jpg,1858,1850,-8
16360.jpg,1858,1880,22
16365.jpg,1858,1930,72
16370.jpg,1858,1850,-8
16375.jpg,1858,1850,-8
16380.jpg,1858,1890,32
16385.jpg,1858,1930,72
16390.jpg,1858,1800,-58
16395.jpg,1858,1700,-158
16400.jpg,1858,1850,-8
16405.jpg,1858,1900,42
16410.jpg,1858,1850,-8
16415.jpg,1858,1880,22
16420.jpg,1858,1780,-78
16425.jpg,1858,1920,62
16430.jpg,1858,1850,-8
16435.jpg,1858,1920,62
16440.jpg,1858,1843,-15
16445.jpg,1858,1860,2
16450.jpg,1858,1760,-98
16455.jpg,1858,1850,-8
16460.jpg,1858,1850,-8
16465.jpg,1858,1930,72
16470.jpg,1858,1890,32
16475.jpg,1858,1745,-113
16480.jpg,1858,1850,-8
16485.jpg,1858,1900,42
16490.jpg,1859,1800,-59
16495.jpg,1859,1910,51
16505.jpg,1859,1859,0
16510.jpg,1859,1920,61
16515.jpg,1859,1900,41
16520.jpg,1859,1850,-9
16525.jpg,1859,1450,-409
16530.jpg,1859,19,-1840
16535.jpg,1859,1890,31
16540.jpg,1859,1800,-59
16545.jpg,1859,1800,-59
16550.jpg,1859,1830,-29
16555.jpg,1859,1680,-179
16560.jpg,1859,1850,-9
16565.jpg,1859,1842,-17
16570.jpg,1859,19,-1840
16575.jpg,1859,1900,41
16580.jpg,1859,1850,-9
16585.jpg,1859,1600,-259
16590.jpg,1859,1700,-159
16595.jpg,1859,1850,-9
16600.jpg,1859,1800,-59
16605.jpg,1859,1920,61
16610.jpg,1859,1890,31
16615.jpg,1859,1850,-9
16620.jpg,1859,1910,51
16625.jpg,1859,1870,11
16630.jpg,1859,1940,81
16635.jpg,1859,19,-1840
16640.jpg,1859,1850,-9
16645.jpg,1859,19,-1840
16650.jpg,1859,1850,-9
16655.jpg,1859,1900,41
16660.jpg,1859,1860,1
16665.jpg,1859,1950,91
16670.jpg,1859,1850,-9
16675.jpg,1859,1800,-59
16680.jpg,1859,1850,-9
16685.jpg,1859,1930,71
16690.jpg,1859,1859,0
16695.jpg,1859,1850,-9
16700.jpg,1859,1950,91
16705.jpg,1859,1920,61
16710.jpg,1859,20,-1839
16715.jpg,1859,1805,-54
16720.jpg,1859,1900,41
16725.jpg,1859,1920,61
16730.jpg,1859,1900,41
16735.jpg,1860,1650,-210
16740.jpg,1860,1930,70
16745.jpg,1860,17,-1843
16750.jpg,1860,1920,60
16755.jpg,1860,1850,-10
16760.jpg,1860,1880,20
16765.jpg,1860,1919,59
16770.jpg,1860,1860,0
16775.jpg,1860,1950,90
16785.jpg,1860,1515,-345
16790.jpg,1860,1876,16
16795.jpg,1860,1750,-110
16800.jpg,1860,1850,-10
16805.jpg,1860,1850,-10
16810.jpg,1860,1850,-10
16815.jpg,1860,1850,-10
16820.jpg,1860,1850,-10
16825.jpg,1860,1900,40
16830.jpg,1860,1880,20
16835.jpg,1860,1885,25
16840.jpg,1860,1720,-140
16845.jpg,1860,1880,20
16850.jpg,1860,1910,50
16855.jpg,1860,1880,20
16860.jpg,1860,1700,-160
16865.jpg,1860,1930,70
16870.jpg,1860,1850,-10
16875.jpg,1860,1900,40
16880.jpg,1860,1950,90
16885.jpg,1860,1848,-12
16890.jpg,1860,1850,-10
16895.jpg,1860,-1,-1861
16900.jpg,1860,1950,90
16905.jpg,1860,1850,-10
16910.jpg,1860,1850,-10
16915.jpg,1860,1850,-10
16920.jpg,1860,1850,-10
16925.jpg,1860,1890,30
16930.jpg,1860,1880,20
16935.jpg,1860,1850,-10
16940.jpg,1860,1850,-10
16945.jpg,1860,1950,90
16950.jpg,1860,1870,10
16955.jpg,1860,1890,30
16960.jpg,1860,1850,-10
16965.jpg,1860,1920,60
16970.jpg,1860,1900,40
16975.jpg,1860,1850,-10
16980.jpg,1860,1900,40
16985.jpg,1860,1890,30
16990.jpg,1860,1524,-336
16995.jpg,1860,19,-1841
17000.jpg,1860,1850,-10
17005.jpg,1861,1650,-211
17010.jpg,1861,1920,59
17015.jpg,1861,19,-1842
17025.jpg,1861,1850,-11
17030.jpg,1861,1850,-11
17035.jpg,1861,1858,-3
17040.jpg,1861,1720,-141
17045.jpg,1861,1600,-261
17050.jpg,1861,1750,-111
17055.jpg,1861,1750,-111
17060.jpg,1861,1800,-61
17065.jpg,1861,1885,24
17070.jpg,1861,1850,-11
17075.jpg,1861,1920,59
17080.jpg,1861,1900,39
17085.jpg,1861,1920,59
17090.jpg,1861,1835,-26
17095.jpg,1861,1880,19
17100.jpg,1861,1890,29
17105.jpg,1861,1800,-61
17110.jpg,1861,1880,19
17115.jpg,1861,1850,-11
17120.jpg,1861,1960,99
17125.jpg,1861,1860,-1
17130.jpg,1861,1850,-11
17135.jpg,1861,1350,-511
17140.jpg,1861,1780,-81
17145.jpg,1861,1920,59
17150.jpg,1861,1755,-106
17155.jpg,1861,19,-1842
17160.jpg,1861,1900,39
17165.jpg,1861,1875,14
17170.jpg,1861,1850,-11
17175.jpg,1862,1850,-12
17180.jpg,1862,1851,-11
17185.jpg,1862,1867,5
17190.jpg,1862,1900,38
17195.jpg,1862,20,-1842
17200.jpg,1862,1805,-57
17205.jpg,1862,1950,88
17210.jpg,1862,1800,-62
17215.jpg,1862,1,-1861
17220.jpg,1862,1850,-12
17225.jpg,1862,1832,-30
17230.jpg,1862,1920,58
17235.jpg,1862,1850,-12
17240.jpg,1862,1850,-12
17245.jpg,1862,1880,18
17250.jpg,1862,2005,143
17255.jpg,1862,1925,63
17260.jpg,1862,1600,-262
17265.jpg,1862,1910,48
17270.jpg,1862,1850,-12
17275.jpg,1862,1900,38
17280.jpg,1862,1850,-12
17285.jpg,1862,1850,-12
17290.jpg,1862,1851,-11
17295.jpg,1862,1600,-262
17300.jpg,1862,1700,-162
17305.jpg,1862,1840,-22
17310.jpg,1862,1930,68
17315.jpg,1862,1800,-62
17320.jpg,1862,1900,38
17325.jpg,1863,1900,37
17330.jpg,1863,18,-1845
17340.jpg,1863,1930,67
17345.jpg,1863,1920,57
17350.jpg,1863,1750,-113
17355.jpg,1863,1850,-13
17365.jpg,1863,1625,-238
17370.jpg,1863,1863,0
17375.jpg,1863,1850,-13
17380.jpg,1863,-1,-1864
17385.jpg,1863,1950,87
17390.jpg,1863,1850,-13
17395.jpg,1863,1850,-13
17400.jpg,1863,1900,37
17405.jpg,1863,1880,17
17410.jpg,1863,1875,12
17415.jpg,1863,1850,-13
17420.jpg,1863,19,-1844
17425.jpg,1863,1850,-13
17430.jpg,1863,1890,27
17435.jpg,1863,1930,67
17440.jpg,1863,1901,38
17445.jpg,1863,1915,52
17450.jpg,1863,19,-1844
17455.jpg,1863,1870,7
17460.jpg,1863,1879,16
17465.jpg,1863,1900,37
17470.jpg,1863,1850,-13
17475.jpg,1863,1850,-13
17480.jpg,1863,1910,47
17485.jpg,1864,1915,51
17490.jpg,1864,1830,-34
17495.jpg,1864,1850,-14
17500.jpg,1864,1960,96
17505.jpg,1864,1850,-14
17510.jpg,1864,1850,-14
17515.jpg,1864,19,-1845
17520.jpg,1864,1892,28
17525.jpg,1864,1300,-564
17530.jpg,1864,1800,-64
17535.jpg,1864,1950,86
17540.jpg,1864,1850,-14
17545.jpg,1864,1880,16
17550.jpg,1864,1589,-275
17555.jpg,1864,1890,26
17560.jpg,1864,1880,16
17565.jpg,1864,1800,-64
17575.jpg,1864,1910,46
17580.jpg,1864,1920,56
17585.jpg,1864,1890,26
17590.jpg,1864,1960,96
17595.jpg,1864,1850,-14
17600.jpg,1864,1920,56
17605.jpg,1864,1800,-64
17610.jpg,1864,1920,56
17615.jpg,1864,1980,116
17620.jpg,1864,1800,-64
17625.jpg,1864,1914,50
17630.jpg,1864,1910,46
17635.jpg,1864,15,-1849
17640.jpg,1864,1970,106
17645.jpg,1864,1750,-114
17650.jpg,1864,1930,66
17655.jpg,1864,1910,46
17660.jpg,1865,1879,14
17665.jpg,1865,1750,-115
17670.jpg,1865,1850,-15
17675.jpg,1865,1820,-45
17680.jpg,1865,1850,-15
17690.jpg,1865,-1,-1866
17695.jpg,1865,1714,-151
17700.jpg,1865,1047,-818
17705.jpg,1865,1930,65
17710.jpg,1865,1450,-415
17715.jpg,1865,1880,15
17720.jpg,1865,1898,33
17725.jpg,1865,19,-1846
17730.jpg,1865,1850,-15
17735.jpg,1865,1750,-115
17745.jpg,1865,19,-1846
17750.jpg,1865,1800,-65
17755.jpg,1865,1870,5
17760.jpg,1865,1910,45
17765.jpg,1865,1910,45
17770.jpg,1865,1900,35
17775.jpg,1865,1890,25
17780.jpg,1865,1800,-65
17785.jpg,1865,1920,55
17790.jpg,1865,2015,150
17795.jpg,1865,1850,-15
17800.jpg,1865,1950,85
17805.jpg,1865,1890,25
17810.jpg,1865,1890,25
17815.jpg,1865,1900,35
17820.jpg,1865,1905,40
17825.jpg,1865,1850,-15
17830.jpg,1865,1920,55
17835.jpg,1865,1850,-15
17840.jpg,1865,19,-1846
17845.jpg,1865,1890,25
17850.jpg,1865,1850,-15
17855.jpg,1865,1850,-15
17860.jpg,1865,1900,35
17865.jpg,1865,1750,-115
17870.jpg,1865,1890,25
17875.jpg,1865,1860,-5
17880.jpg,1865,1850,-15
17885.jpg,1865,1930,65
17890.jpg,1865,1850,-15
17895.jpg,1865,1890,25
17900.jpg,1865,13,-1852
17905.jpg,1865,1850,-15
17910.jpg,1865,1500,-365
17915.jpg,1865,1850,-15
17920.jpg,1865,1910,45
17930.jpg,1865,1910,45
17935.jpg,1866,1800,-66
17940.jpg,1866,1850,-16
17945.jpg,1866,1950,84
17950.jpg,1866,1860,-6
17955.jpg,1866,1975,109
17960.jpg,1866,14,-1852
17965.jpg,1866,1850,-16
17970.jpg,1866,1970,104
17975.jpg,1866,1860,-6
17980.jpg,1866,1850,-16
17985.jpg,1866,1926,60
17990.jpg,1866,1850,-16
17995.jpg,1866,1860,-6
18000.jpg,1866,1899,33
18005.jpg,1866,1880,14
18010.jpg,1866,1850,-16
18015.jpg,1866,1840,-26
18020.jpg,1866,1920,54
18025.jpg,1866,1850,-16
18030.jpg,1866,1970,104
18035.jpg,1866,1850,-16
18040.jpg,1866,1950,84
18045.jpg,1866,1850,-16
18050.jpg,1866,1600,-266
18055.jpg,1866,1910,44
18060.jpg,1866,1950,84
18065.jpg,1866,2010,144
18070.jpg,1866,1800,-66
18075.jpg,1866,1700,-166
18080.jpg,1866,1850,-16
18085.jpg,1866,1900,34
18090.jpg,1866,1950,84
18095.jpg,1866,1850,-16
18100.jpg,1866,1915,49
18105.jpg,1866,20,-1846
18110.jpg,1866,1850,-16
18115.jpg,1866,1800,-66
18120.jpg,1866,20,-1846
18125.jpg,1866,1900,34
18130.jpg,1866,1900,34
18135.jpg,1867,1850,-17
18140.jpg,1867,1860,-7
18145.jpg,1867,1800,-67
18160.jpg,1867,1871,4
18165.jpg,1867,1850,-17
18170.jpg,1867,1850,-17
18175.jpg,1867,1850,-17
18180.jpg,1867,1887,20
18185.jpg,1867,1836,-31
18190.jpg,1867,1930,63
18195.jpg,1867,1940,73
18200.jpg,1867,1857,-10
18205.jpg,1867,1930,63
18210.jpg,1867,1950,83
18215.jpg,1867,1850,-17
18220.jpg,1867,1850,-17
18225.jpg,1867,1700,-167
18230.jpg,1867,1850,-17
18235.jpg,1867,1,-1866
18240.jpg,1867,1850,-17
18245.jpg,1867,1840,-27
18250.jpg,1867,1890,23
18255.jpg,1867,1896,29
18260.jpg,1867,1740,-127
18265.jpg,1867,1870,3
18270.jpg,1867,18,-1849
18275.jpg,1867,1870,3
18280.jpg,1867,1880,13
18285.jpg,1867,1900,33
18290.jpg,1867,1850,-17
18295.jpg,1867,1850,-17
18300.jpg,1867,1885,18
18305.jpg,1867,18,-1849
18310.jpg,1867,1910,43
18315.jpg,1867,1850,-17
18320.jpg,1867,1750,-117
18325.jpg,1867,1850,-17
18330.jpg,1867,1900,33
18335.jpg,1867,1850,-17
18340.jpg,1867,19,-1848
18345.jpg,1867,1880,13
18350.jpg,1867,1450,-417
18355.jpg,1867,1800,-67
18360.jpg,1867,1850,-17
18365.jpg,1868,1850,-18
18370.jpg,1868,1800,-68
18380.jpg,1868,1880,12
18385.jpg,1868,1850,-18
18390.jpg,1868,19,-1849
18395.jpg,1868,1910,42
18400.jpg,1868,1900,32
18405.jpg,1868,1900,32
18410.jpg,1868,1850,-18
18415.jpg,1868,1800,-68
18420.jpg,1868,19,-1849
18425.jpg,1868,1850,-18
18430.jpg,1868,1900,32
18450.jpg,1868,1850,-18
18455.jpg,1868,1880,12
18460.jpg,1868,1850,-18
18465.jpg,1868,1900,32
18470.jpg,1868,1850,-18
18475.jpg,1868,1900,32
18480.jpg,1868,1850,-18
18485.jpg,1868,1900,32
18490.jpg,1868,1850,-18
18495.jpg,1868,1890,22
18500.jpg,1868,1850,-18
18505.jpg,1868,1850,-18
18510.jpg,1868,1890,22
18515.jpg,1868,1850,-18
18520.jpg,1868,-1,-1869
18525.jpg,1868,1880,12
18530.jpg,1868,1900,32
18535.jpg,1868,1835,-33
18540.jpg,1868,1850,-18
18545.jpg,1868,1900,32
18550.jpg,1868,1900,32
18555.jpg,1868,1850,-18
18560.jpg,1868,1910,42
18565.jpg,1868,1850,-18
18570.jpg,1868,1890,22
18575.jpg,1868,1850,-18
18580.jpg,1868,1950,82
18585.jpg,1868,2010,142
18590.jpg,1868,1920,52
18595.jpg,1868,1950,82
18600.jpg,1868,1880,12
18605.jpg,1868,1900,32
18610.jpg,1868,1850,-18
18615.jpg,1868,1900,32
18620.jpg,1869,1600,-269
18625.jpg,1869,1868,-1
18630.jpg,1869,1880,11
18635.jpg,1869,1895,26
18640.jpg,1869,1900,31
18645.jpg,1869,1950,81
18650.jpg,1869,1850,-19
18655.jpg,1869,1595,-274
18660.jpg,1869,19,-1850
18665.jpg,1869,1800,-69
18670.jpg,1869,20,-1849
18675.jpg,1869,1650,-219
18680.jpg,1869,1877,8
18685.jpg,1869,1900,31
18690.jpg,1869,1923,54
18695.jpg,1869,1930,61
18700.jpg,1869,1880,11
18710.jpg,1869,1900,31
18715.jpg,1869,1920,51
18720.jpg,1869,1890,21
18725.jpg,1869,1800,-69
18730.jpg,1869,1875,6
18735.jpg,1869,1906,37
18740.jpg,1869,1850,-19
18745.jpg,1869,1926,57
18750.jpg,1869,1850,-19
18755.jpg,1869,1850,-19
18760.jpg,1869,1880,11
18765.jpg,1869,1790,-79
18770.jpg,1869,1850,-19
18775.jpg,1869,1891,22
18780.jpg,1869,1880,11
18785.jpg,1869,1850,-19
18790.jpg,1869,1890,21
18795.jpg,1869,1850,-19
18800.jpg,1869,1700,-169
18805.jpg,1869,1800,-69
18810.jpg,1869,1830,-39
18815.jpg,1869,1900,31
18820.jpg,1869,1892,23
18825.jpg,1869,17,-1852
18830.jpg,1869,1910,41
18835.jpg,1869,2015,146
18840.jpg,1870,1650,-220
18845.jpg,1870,1830,-40
18850.jpg,1870,1880,10
18855.jpg,1870,1850,-20
18860.jpg,1870,1920,50
18865.jpg,1870,1850,-20
18870.jpg,1870,20,-1850
18875.jpg,1870,1930,60
18880.jpg,1870,1930,60
18885.jpg,1870,1900,30
18895.jpg,1870,1950,80
18900.jpg,1870,1855,-15
18905.jpg,1870,1710,-160
18910.jpg,1870,1820,-50
18915.jpg,1870,1870,0
18920.jpg,1870,1800,-70
18925.jpg,1870,1850,-20
18930.jpg,1870,1700,-170
18935.jpg,1870,1920,50
18940.jpg,1870,1850,-20
18945.jpg,1870,2010,140
18950.jpg,1870,1852,-18
18955.jpg,1870,1900,30
18960.jpg,1870,1850,-20
18965.jpg,1870,1850,-20
18970.jpg,1870,1830,-40
18980.jpg,1870,1890,20
18985.jpg,1870,1880,10
18990.jpg,1870,1920,50
18995.jpg,1870,1900,30
19000.jpg,1870,1995,125
19005.jpg,1870,1850,-20
19010.jpg,1870,1850,-20
19015.jpg,1870,1900,30
19020.jpg,1870,1450,-420
19025.jpg,1870,1820,-50
19030.jpg,1870,1920,50
19035.jpg,1870,1850,-20
19040.jpg,1870,1700,-170
19045.jpg,1870,1950,80
19050.jpg,1870,1880,10
19055.jpg,1870,19,-1851
19060.jpg,1870,1910,40
19065.jpg,1870,20,-1850
19070.jpg,1870,1890,20
19075.jpg,1870,1920,50
19080.jpg,1870,1900,30
19085.jpg,1870,1850,-20
19090.jpg,1870,1850,-20
19100.jpg,1870,1960,90
19105.jpg,1870,1900,30
19110.jpg,1870,1880,10
19115.jpg,1870,1850,-20
19120.jpg,1870,1920,50
19125.jpg,1870,1910,40
19130.jpg,1870,1900,30
19135.jpg,1870,1800,-70
19140.jpg,1870,1450,-420
19145.jpg,1871,1750,-121
19150.jpg,1871,1900,29
19155.jpg,1871,1900,29
19160.jpg,1871,1850,-21
19165.jpg,1871,1900,29
19170.jpg,1871,1868,-3
19175.jpg,1871,1890,19
19180.jpg,1871,1890,19
19185.jpg,1871,1920,49
19190.jpg,1871,1930,59
19195.jpg,1871,6,-1865
19200.jpg,1871,1850,-21
19205.jpg,1871,1970,99
19210.jpg,1871,2020,149
19215.jpg,1871,1930,59
19220.jpg,1871,1880,9
19225.jpg,1871,1800,-71
19230.jpg,1871,1930,59
19235.jpg,1871,1910,39
19240.jpg,1871,1850,-21
19245.jpg,1871,1850,-21
19250.jpg,1871,1870,-1
19255.jpg,1871,1880,9
19260.jpg,1871,1880,9
19265.jpg,1871,1600,-271
19270.jpg,1871,1900,29
19275.jpg,1871,1900,29
19280.jpg,1871,1920,49
19285.jpg,1871,1850,-21
19290.jpg,1871,1910,39
19295.jpg,1871,1850,-21
19300.jpg,1871,1850,-21
19305.jpg,1871,1607,-264
19310.jpg,1871,1920,49
19315.jpg,1871,19,-1852
19320.jpg,1871,1870,-1
19325.jpg,1871,1840,-31
19330.jpg,1871,1900,29
19335.jpg,1871,1900,29
19340.jpg,1871,1890,19
19345.jpg,1871,1920,49
19350.jpg,1871,1700,-171
19355.jpg,1871,1880,9
19360.jpg,1871,1880,9
19365.jpg,1871,1902,31
19370.jpg,1871,1840,-31
19375.jpg,1871,1930,59
19380.jpg,1871,1920,49
19385.jpg,1871,19,-1852
19390.jpg,1871,1875,4
19395.jpg,1872,1953,81
19400.jpg,1872,1920,48
19405.jpg,1872,1910,38
19410.jpg,1872,1850,-22
19415.jpg,1872,1900,28
19420.jpg,1872,1850,-22
19425.jpg,1872,1900,28
19430.jpg,1872,1850,-22
19435.jpg,1872,-1,-1873
19440.jpg,1872,1890,18
19445.jpg,1872,1930,58
19450.jpg,1872,1860,-12
19455.jpg,1872,1850,-22
19460.jpg,1872,1870,-2
19465.jpg,1872,1890,18
19470.jpg,1872,1920,48
19475.jpg,1872,1800,-72
19480.jpg,1872,1700,-172
19485.jpg,1872,1980,108
19490.jpg,1872,1855,-17
19495.jpg,1872,1850,-22
19500.jpg,1872,1855,-17
19505.jpg,1872,1859,-13
19510.jpg,1872,1800,-72
19515.jpg,1872,1850,-22
19520.jpg,1872,1800,-72
19525.jpg,1872,1850,-22
19530.jpg,1872,1890,18
19535.jpg,1872,1850,-22
19540.jpg,1872,1950,78
19545.jpg,1872,1890,18
19550.jpg,1872,1900,28
19555.jpg,1872,1850,-22
19560.jpg,1872,1900,28
19565.jpg,1872,1920,48
19570.jpg,1872,1900,28
19575.jpg,1872,1850,-22
19580.jpg,1872,1880,8
19585.jpg,1872,16,-1856
19590.jpg,1872,1880,8
19595.jpg,1872,1890,18
19600.jpg,1872,1850,-22
19605.jpg,1872,1880,8
19610.jpg,1872,1850,-22
19615.jpg,1872,1850,-22
19620.jpg,1872,1850,-22
19625.jpg,1872,1930,58
19630.jpg,1872,1880,8
19635.jpg,1872,19,-1853
19640.jpg,1872,1450,-422
19645.jpg,1872,1840,-32
19655.jpg,1873,17,-1856
19660.jpg,1873,1850,-23
19665.jpg,1873,1920,47
19670.jpg,1873,1850,-23
19675.jpg,1873,1850,-23
19680.jpg,1873,1830,-43
19685.jpg,1873,1,-1872
19690.jpg,1873,1450,-423
19695.jpg,1873,1880,7
19700.jpg,1873,1800,-73
19705.jpg,1873,1920,47
19710.jpg,1873,1900,27
19715.jpg,1873,1950,77
19720.jpg,1873,1850,-23
19725.jpg,1873,1800,-73
19730.jpg,1873,1900,27
19735.jpg,1873,1850,-23
19740.jpg,1873,-1,-1874
19745.jpg,1873,1858,-15
19750.jpg,1873,1850,-23
19755.jpg,1873,1860,-13
19760.jpg,1873,1890,17
19765.jpg,1873,1940,67
19775.jpg,1873,1935,62
19780.jpg,1873,1905,32
19785.jpg,1873,1850,-23
19790.jpg,1873,1925,52
19795.jpg,1873,1850,-23
19800.jpg,1873,1850,-23
19805.jpg,1873,19,-1854
19810.jpg,1873,1885,12
19815.jpg,1873,1880,7
19820.jpg,1873,1890,17
19825.jpg,1873,1920,47
19830.jpg,1873,1900,27
19835.jpg,1873,1900,27
19840.jpg,1873,1850,-23
19845.jpg,1873,2010,137
19850.jpg,1873,1887,14
19855.jpg,1873,1850,-23
19860.jpg,1873,1850,-23
19865.jpg,1873,1895,22
19870.jpg,1873,1885,12
19875.jpg,1873,1928,55
19880.jpg,1873,1910,37
19885.jpg,1873,1850,-23
19890.jpg,1873,1840,-33
19895.jpg,1873,1950,77
19900.jpg,1873,1920,47
19905.jpg,1873,1760,-113
19910.jpg,1873,2000,127
19915.jpg,1874,1890,16
19920.jpg,1874,1900,26
19925.jpg,1874,1930,56
19930.jpg,1874,1940,66
19935.jpg,1874,1850,-24
19945.jpg,1874,1850,-24
19950.jpg,1874,1890,16
19955.jpg,1874,1900,26
19965.jpg,1874,1900,26
19970.jpg,1874,1863,-11
19975.jpg,1874,1450,-424
19980.jpg,1874,1890,16
19985.jpg,1874,1897,23
19990.jpg,1874,1942,68
19995.jpg,1874,1850,-24
20000.jpg,1874,1950,76
20005.jpg,1874,1970,96
20010.jpg,1874,1950,76
20015.jpg,1874,1850,-24
20020.jpg,1874,1930,56
20025.jpg,1874,1897,23
20030.jpg,1874,1820,-54
20035.jpg,1874,1936,62
20040.jpg,1874,1890,16
20045.jpg,1874,1950,76
20050.jpg,1874,1850,-24
20055.jpg,1874,1890,16
20060.jpg,1874,1890,16
20065.jpg,1874,1870,-4
20070.jpg,1874,1925,51
20075.jpg,1874,1910,36
20080.jpg,1874,1850,-24
20085.jpg,1874,1900,26
20090.jpg,1874,1860,-14
20095.jpg,1874,1850,-24
20100.jpg,1874,1850,-24
20110.jpg,1874,1890,16
20115.jpg,1874,1860,-14
20120.jpg,1874,1850,-24
20125.jpg,1874,1450,-424
20130.jpg,1874,1500,-374
20135.jpg,1874,19,-1855
20145.jpg,1874,1850,-24
20150.jpg,1874,1880,6
20155.jpg,1874,1850,-24
20160.jpg,1874,1910,36
20165.jpg,1874,1890,16
20170.jpg,1874,1900,26
20175.jpg,1874,1450,-424
20180.jpg,1874,19,-1855
20185.jpg,1874,1880,6
20190.jpg,1874,1450,-424
20195.jpg,1874,1870,-4
20205.jpg,1874,1750,-124
20210.jpg,1875,1875,0
20215.jpg,1875,1843,-32
20220.jpg,1875,1850,-25
20230.jpg,1875,1840,-35
20235.jpg,1875,1450,-425
20240.jpg,1875,1900,25
20245.jpg,1875,1890,15
20250.jpg,1875,1920,45
20255.jpg,1875,1900,25
20260.jpg,1875,1880,5
20265.jpg,1875,19,-1856
20270.jpg,1875,1800,-75
20275.jpg,1875,1789,-86
20280.jpg,1875,1880,5
20285.jpg,1875,1850,-25
20295.jpg,1875,1850,-25
20300.jpg,1875,1850,-25
20305.jpg,1875,1715,-160
20310.jpg,1875,1920,45
20315.jpg,1875,1850,-25
20320.jpg,1875,1850,-25
20325.jpg,1875,1920,45
20330.jpg,1875,1920,45
20335.jpg,1875,1900,25
20340.jpg,1875,1890,15
20345.jpg,1875,1850,-25
20350.jpg,1875,1880,5
20355.jpg,1875,1880,5
20360.jpg,1875,1850,-25
20365.jpg,1875,1900,25
20370.jpg,1875,1880,5
20375.jpg,1875,1850,-25
20380.jpg,1875,1895,20
20385.jpg,1875,1920,45
20390.jpg,1875,1850,-25
20395.jpg,1875,1900,25
20400.jpg,1875,19,-1856
20405.jpg,1875,1850,-25
20410.jpg,1875,1990,115
20415.jpg,1875,1900,25
20420.jpg,1875,1850,-25
20425.jpg,1875,1850,-25
20430.jpg,1875,1910,35
20435.jpg,1875,1173,-702
20440.jpg,1875,1900,25
20445.jpg,1875,1920,45
20450.jpg,1875,1880,5
20455.jpg,1875,1850,-25
20460.jpg,1875,1910,35
20465.jpg,1875,1890,15
20470.jpg,1875,1850,-25
20480.jpg,1875,1920,45
20485.jpg,1875,1850,-25
20490.jpg,1875,1850,-25
20495.jpg,1875,1890,15
20500.jpg,1876,1300,-576
20505.jpg,1876,1928,52
20510.jpg,1876,19,-1857
20515.jpg,1876,1850,-26
20520.jpg,1876,1850,-26
20525.jpg,1876,1450,-426
20530.jpg,1876,1930,54
20540.jpg,1876,2010,134
20545.jpg,1876,1890,14
20550.jpg,1876,1850,-26
20555.jpg,1876,1950,74
20560.jpg,1876,18,-1858
20565.jpg,1876,2010,134
20570.jpg,1876,19,-1857
20575.jpg,1876,1900,24
20580.jpg,1876,1892,16
20585.jpg,1876,1850,-26
20590.jpg,1876,1850,-26
20595.jpg,1876,1910,34
20600.jpg,1876,1870,-6
20605.jpg,1876,1850,-26
20610.jpg,1876,1850,-26
20615.jpg,1876,1880,4
20620.jpg,1876,1900,24
20625.jpg,1876,19,-1857
20630.jpg,1876,1900,24
20635.jpg,1876,1850,-26
20640.jpg,1876,1950,74
20645.jpg,1876,1870,-6
20650.jpg,1876,1960,84
20655.jpg,1876,1850,-26
20660.jpg,1876,1880,4
20665.jpg,1876,1895,19
20670.jpg,1876,1920,44
20675.jpg,1876,1800,-76
20680.jpg,1876,19,-1857
20685.jpg,1876,1850,-26
20690.jpg,1876,1870,-6
20695.jpg,1876,1910,34
20700.jpg,1876,1851,-25
20705.jpg,1876,1850,-26
20715.jpg,1876,1850,-26
20720.jpg,1876,1930,54
20725.jpg,1876,1890,14
20730.jpg,1877,1900,23
20735.jpg,1877,19,-1858
20740.jpg,1877,1890,13
20745.jpg,1877,1910,33
20750.jpg,1877,1950,73
20755.jpg,1877,1900,23
20760.jpg,1877,1990,113
20765.jpg,1877,1345,-532
20770.jpg,1877,1850,-27
20775.jpg,1877,1910,33
20780.jpg,1877,1550,-327
20785.jpg,1877,1875,-2
20790.jpg,1877,1700,-177
20795.jpg,1877,1832,-45
20800.jpg,1877,1922,45
20805.jpg,1877,1950,73
20810.jpg,1877,1920,43
20815.jpg,1877,1750,-127
20820.jpg,1877,1850,-27
20830.jpg,1877,1890,13
20835.jpg,1877,1880,3
20840.jpg,1877,1893,16
20845.jpg,1877,1850,-27
20850.jpg,1877,1890,13
20855.jpg,1877,1880,3
20860.jpg,1877,17,-1860
20865.jpg,1877,1910,33
20870.jpg,1877,1850,-27
20875.jpg,1877,1890,13
20880.jpg,1877,19,-1858
20885.jpg,1877,1870,-7
20890.jpg,1877,1850,-27
20895.jpg,1877,1850,-27
20900.jpg,1877,1890,13
20905.jpg,1877,1920,43
20910.jpg,1877,1880,3
20915.jpg,1877,1900,23
20925.jpg,1878,1870,-8
20930.jpg,1878,1910,32
20935.jpg,1878,1900,22
20940.jpg,1878,1850,-28
20945.jpg,1878,1950,72
20950.jpg,1878,1880,2
20955.jpg,1878,1900,22
20960.jpg,1878,1950,72
20965.jpg,1878,1920,42
20970.jpg,1878,1950,72
20975.jpg,1878,1890,12
20980.jpg,1878,1855,-23
20985.jpg,1878,1830,-48
20990.jpg,1878,1910,32
20995.jpg,1878,1550,-328
21000.jpg,1878,1890,12
21005.jpg,1878,1880,2
21010.jpg,1878,1850,-28
21015.jpg,1878,1920,42
21020.jpg,1878,1860,-18
21025.jpg,1878,1850,-28
21030.jpg,1878,1890,12
21035.jpg,1878,1850,-28
21040.jpg,1878,1800,-78
21045.jpg,1878,1800,-78
21050.jpg,1878,1920,42
21055.jpg,1878,1850,-28
21060.jpg,1878,1920,42
21065.jpg,1878,1890,12
21070.jpg,1878,1850,-28
21075.jpg,1878,1880,2
21080.jpg,1878,1900,22
21085.jpg,1878,1887,9
21090.jpg,1878,1925,47
21095.jpg,1878,1950,72
21100.jpg,1878,1895,17
21105.jpg,1878,19,-1859
21110.jpg,1878,1850,-28
21115.jpg,1878,1900,22
21120.jpg,1878,1910,32
21125.jpg,1878,2015,137
21130.jpg,1878,1900,22
21135.jpg,1878,1890,12
21140.jpg,1878,1850,-28
21145.jpg,1878,1890,12
21150.jpg,1878,18,-1860
21155.jpg,1878,1930,52
21160.jpg,1879,2000,121
21165.jpg,1879,1920,41
21170.jpg,1879,1890,11
21175.jpg,1879,20,-1859
21180.jpg,1879,1450,-429
21185.jpg,1879,19,-1860
21190.jpg,1879,1890,11
21195.jpg,1879,1910,31
21200.jpg,1879,1885,6
21205.jpg,1879,1890,11
21210.jpg,1879,1850,-29
21215.jpg,1879,1850,-29
21220.jpg,1879,1867,-12
21225.jpg,1879,1960,81
21230.jpg,1879,1700,-179
21235.jpg,1879,1850,-29
21240.jpg,1879,1820,-59
21245.jpg,1879,1870,-9
21250.jpg,1879,1850,-29
21255.jpg,1879,1890,11
21260.jpg,1879,1900,21
21265.jpg,1879,1900,21
21270.jpg,1879,1850,-29
21275.jpg,1879,1850,-29
21280.jpg,1879,1910,31
21285.jpg,1879,1880,1
21290.jpg,1879,1900,21
21295.jpg,1879,1850,-29
21300.jpg,1879,1890,11
21305.jpg,1879,1890,11
21310.jpg,1879,1880,1
21315.jpg,1879,1920,41
21320.jpg,1879,1925,46
21325.jpg,1879,1800,-79
21330.jpg,1879,1900,21
21335.jpg,1879,1920,41
21340.jpg,1879,1920,41
21350.jpg,1879,1850,-29
21355.jpg,1879,1920,41
21360.jpg,1879,1860,-19
21365.jpg,1879,1880,1
21370.jpg,1879,1890,11
21375.jpg,1880,1700,-180
21380.jpg,1880,1890,10
21385.jpg,1880,1850,-30
21390.jpg,1880,1850,-30
21395.jpg,1880,1800,-80
21400.jpg,1880,1900,20
21405.jpg,1880,1900,20
21410.jpg,1880,20,-1860
21415.jpg,1880,1910,30
21420.jpg,1880,1900,20
21425.jpg,1880,19,-1861
21430.jpg,1880,19,-1861
21435.jpg,1880,1910,30
21440.jpg,1880,1900,20
21445.jpg,1880,1900,20
21450.jpg,1880,16,-1864
21455.jpg,1880,1900,20
21460.jpg,1880,1920,40
21465.jpg,1880,1920,40
21470.jpg,1880,1700,-180
21475.jpg,1880,1850,-30
21480.jpg,1880,1850,-30
21485.jpg,1880,1850,-30
21490.jpg,1880,1650,-230
21495.jpg,1880,1830,-50
21500.jpg,1880,1850,-30
21505.jpg,1880,1850,-30
21510.jpg,1880,1890,10
21515.jpg,1880,1850,-30
21520.jpg,1880,1850,-30
21530.jpg,1880,1900,20
21535.jpg,1880,1890,10
21540.jpg,1880,1900,20
21545.jpg,1880,1890,10
21550.jpg,1880,1850,-30
21555.jpg,1880,1890,10
21560.jpg,1880,1750,-130
21565.jpg,1880,1900,20
21570.jpg,1880,1850,-30
21575.jpg,1880,1920,40
21580.jpg,1880,19,-1861
21585.jpg,1880,1920,40
21590.jpg,1880,1920,40
21595.jpg,1880,1900,20
21600.jpg,1880,1900,20
21605.jpg,1880,1890,10
21610.jpg,1880,1890,10
21615.jpg,1880,1882,2
21620.jpg,1880,1925,45
21625.jpg,1880,1900,20
21630.jpg,1880,1920,40
21635.jpg,1880,1850,-30
21640.jpg,1880,1890,10
21645.jpg,1880,20,-1860
21650.jpg,1880,1920,40
21655.jpg,1880,1920,40
21660.jpg,1880,1890,10
21665.jpg,1880,1850,-30
21670.jpg,1880,1890,10
21675.jpg,1880,1900,20
21680.jpg,1880,1890,10
21685.jpg,1880,1850,-30
21690.jpg,1880,1880,0
21695.jpg,1880,1850,-30
21700.jpg,1880,1880,0
21705.jpg,1880,1750,-130
21710.jpg,1881,1850,-31
21715.jpg,1881,1920,39
21720.jpg,1881,1950,69
21725.jpg,1881,1750,-131
21730.jpg,1881,1850,-31
21735.jpg,1881,1930,49
21740.jpg,1881,1880,-1
21745.jpg,1881,1850,-31
21750.jpg,1881,1891,10
21755.jpg,1881,1930,49
21760.jpg,1881,1860,-21
21770.jpg,1881,1870,-11
21775.jpg,1881,1847,-34
21780.jpg,1881,1900,19
21785.jpg,1881,1880,-1
21790.jpg,1881,1890,9
21795.jpg,1881,1890,9
21800.jpg,1881,1920,39
21805.jpg,1881,1020,-861
21810.jpg,1881,1900,19
21815.jpg,1881,1900,19
21820.jpg,1881,1750,-131
21825.jpg,1881,1820,-61
21830.jpg,1881,1850,-31
21835.jpg,1881,1850,-31
21840.jpg,1881,1880,-1
21845.jpg,1881,1950,69
21850.jpg,1881,1850,-31
21855.jpg,1881,-1,-1882
21860.jpg,1881,1850,-31
21865.jpg,1881,1885,4
21870.jpg,1881,1910,29
21875.jpg,1881,1900,19
21880.jpg,1881,1850,-31
21885.jpg,1881,1830,-51
21890.jpg,1881,1940,59
21895.jpg,1881,1910,29
21900.jpg,1881,1900,19
21905.jpg,1881,1930,49
21910.jpg,1881,1896,15
21915.jpg,1881,1880,-1
21920.jpg,1881,1890,9
21925.jpg,1881,1950,69
21930.jpg,1881,1850,-31
21940.jpg,1881,19,-1862
21945.jpg,1882,1550,-332
21950.jpg,1882,1920,38
21955.jpg,1882,1880,-2
21960.jpg,1882,1900,18
21965.jpg,1882,1920,38
21970.jpg,1882,1900,18
21975.jpg,1882,1920,38
21980.jpg,1882,20,-1862
21985.jpg,1882,1935,53
21990.jpg,1882,1880,-2
21995.jpg,1882,1880,-2
22000.jpg,1882,1800,-82
22005.jpg,1882,1947,65
22010.jpg,1882,19,-1863
22015.jpg,1882,1850,-32
22020.jpg,1882,1850,-32
22025.jpg,1882,1850,-32
22030.jpg,1882,1925,43
22035.jpg,1882,1850,-32
22040.jpg,1882,1880,-2
22045.jpg,1882,19,-1863
22050.jpg,1882,-1,-1883
22055.jpg,1882,1860,-22
22060.jpg,1882,1870,-12
22065.jpg,1882,1850,-32
22070.jpg,1882,1890,8
22075.jpg,1882,1890,8
22080.jpg,1882,1890,8
22085.jpg,1882,1880,-2
22090.jpg,1882,1897,15
22095.jpg,1882,1850,-32
22100.jpg,1882,1920,38
22105.jpg,1882,1895,13
22110.jpg,1882,-1,-1883
22115.jpg,1882,1860,-22
22120.jpg,1882,1860,-22
22125.jpg,1882,1880,-2
22130.jpg,1882,1890,8
22135.jpg,1882,1890,8
22140.jpg,1882,1900,18
22145.jpg,1882,1972,90
22150.jpg,1882,1850,-32
22155.jpg,1882,1995,113
22160.jpg,1882,1890,8
22165.jpg,1882,2015,133
22170.jpg,1882,1850,-32
22175.jpg,1882,1925,43
22180.jpg,1882,1850,-32
22185.jpg,1882,1880,-2
22190.jpg,1882,1350,-532
22195.jpg,1882,1785,-97
22200.jpg,1882,1906,24
22205.jpg,1882,1850,-32
22210.jpg,1882,1930,48
22215.jpg,1883,1850,-33
22220.jpg,1883,20,-1863
22225.jpg,1883,1910,27
22230.jpg,1883,19,-1864
22235.jpg,1883,1850,-33
22240.jpg,1883,1850,-33
22245.jpg,1883,1900,17
22250.jpg,1883,1890,7
22255.jpg,1883,1890,7
22260.jpg,1883,1850,-33
22265.jpg,1883,1890,7
22270.jpg,1883,1850,-33
22275.jpg,1883,1714,-169
22280.jpg,1883,1776,-107
22285.jpg,1883,1820,-63
22290.jpg,1883,1450,-433
22295.jpg,1883,1920,37
22300.jpg,1883,19,-1864
22305.jpg,1883,1850,-33
22310.jpg,1883,1850,-33
22315.jpg,1883,1860,-23
22320.jpg,1883,1900,17
22325.jpg,1883,1890,7
22330.jpg,1883,1850,-33
22335.jpg,1883,1890,7
22340.jpg,1883,1850,-33
22345.jpg,1883,1900,17
22350.jpg,1883,1890,7
22355.jpg,1883,1890,7
22360.jpg,1883,1910,27
22365.jpg,1883,1910,27
22370.jpg,1883,1910,27
22375.jpg,1883,1900,17
22380.jpg,1883,1900,17
22385.jpg,1883,1900,17
22390.jpg,1883,1915,32
22395.jpg,1883,1930,47
22400.jpg,1883,1900,17
22405.jpg,1883,1900,17
22410.jpg,1883,1910,27
22415.jpg,1883,1850,-33
22420.jpg,1883,1880,-3
22425.jpg,1883,1925,42
22430.jpg,1883,1890,7
22435.jpg,1883,1900,17
22440.jpg,1883,1850,-33
22445.jpg,1883,1890,7
22450.jpg,1883,1920,37
22455.jpg,1883,19,-1864
22460.jpg,1883,1933,50
22465.jpg,1883,1900,17
22470.jpg,1883,1900,17
22475.jpg,1883,1850,-33
22485.jpg,1883,1900,17
22490.jpg,1883,20,-1863
22495.jpg,1883,1920,37
22500.jpg,1883,1928,45
22505.jpg,1883,1900,17
22510.jpg,1884,1890,6
22515.jpg,1884,1752,-132
22520.jpg,1884,1925,41
22525.jpg,1884,1900,16
22530.jpg,1884,1850,-34
22535.jpg,1884,1890,6
22540.jpg,1884,1890,6
22545.jpg,1884,1890,6
22550.jpg,1884,1920,36
22555.jpg,1884,1960,76
22560.jpg,1884,1860,-24
22565.jpg,1884,1850,-34
22570.jpg,1884,1960,76
22575.jpg,1884,1886,2
22580.jpg,1884,1930,46
22585.jpg,1884,1950,66
22590.jpg,1884,1900,16
22595.jpg,1884,19,-1865
22600.jpg,1884,1880,-4
22605.jpg,1884,1900,16
22610.jpg,1884,1870,-14
22615.jpg,1884,1910,26
22620.jpg,1884,1890,6
22625.jpg,1884,1850,-34
22630.jpg,1884,1880,-4
22635.jpg,1884,1850,-34
22640.jpg,1884,1890,6
22645.jpg,1884,1890,6
22650.jpg,1884,1850,-34
22655.jpg,1884,1890,6
22665.jpg,1884,1915,31
22670.jpg,1884,1850,-34
22675.jpg,1884,1910,26
22680.jpg,1884,1641,-243
22685.jpg,1884,1850,-34
22690.jpg,1884,20,-1864
22695.jpg,1884,1930,46
22700.jpg,1884,1880,-4
22705.jpg,1884,1900,16
22710.jpg,1884,1850,-34
22715.jpg,1884,1900,16
22720.jpg,1884,1900,16
22730.jpg,1884,1950,66
22735.jpg,1884,1870,-14
22740.jpg,1884,2008,124
22745.jpg,1884,1850,-34
22750.jpg,1884,1880,-4
22755.jpg,1884,1804,-80
22760.jpg,1884,1859,-25
22765.jpg,1884,1950,66
22770.jpg,1884,1890,6
22775.jpg,1884,1900,16
22780.jpg,1885,1905,20
22785.jpg,1885,20,-1865
22790.jpg,1885,1880,-5
22795.jpg,1885,1800,-85
22800.jpg,1885,1770,-115
22805.jpg,1885,1880,-5
22810.jpg,1885,1900,15
22815.jpg,1885,1850,-35
22820.jpg,1885,1890,5
22825.jpg,1885,1930,45
22830.jpg,1885,1865,-20
22835.jpg,1885,20,-1865
22840.jpg,1885,1900,15
22850.jpg,1885,20,-1865
22855.jpg,1885,1860,-25
22860.jpg,1885,1900,15
22865.jpg,1885,19,-1866
22870.jpg,1885,1850,-35
22875.jpg,1885,1860,-25
22880.jpg,1885,1900,15
22885.jpg,1885,1890,5
22890.jpg,1885,1930,45
22895.jpg,1885,1900,15
22900.jpg,1885,1850,-35
22905.jpg,1885,1920,35
22910.jpg,1885,1600,-285
22915.jpg,1885,1850,-35
22920.jpg,1885,1893,8
22925.jpg,1885,1890,5
22930.jpg,1885,1910,25
22935.jpg,1885,1850,-35
22940.jpg,1885,1925,40
22945.jpg,1885,1890,5
22950.jpg,1885,1890,5
22955.jpg,1885,1850,-35
22960.jpg,1885,1930,45
22965.jpg,1885,1890,5
22970.jpg,1885,1890,5
22975.jpg,1885,1850,-35
22980.jpg,1885,1920,35
22985.jpg,1885,1820,-65
22990.jpg,1885,1880,-5
22995.jpg,1885,1880,-5
23000.jpg,1885,1850,-35
23005.jpg,1885,1920,35
23015.jpg,1885,1,-1884
23020.jpg,1885,1850,-35
23025.jpg,1885,1880,-5
23030.jpg,1885,1880,-5
23035.jpg,1885,1880,-5
23040.jpg,1885,1850,-35
23045.jpg,1885,1850,-35
23050.jpg,1885,20,-1865
23055.jpg,1885,1900,15
23060.jpg,1885,1900,15
23065.jpg,1885,1920,35
23070.jpg,1885,19,-1866
23075.jpg,1885,1895,10
23080.jpg,1885,18,-1867
23085.jpg,1886,1920,34
23090.jpg,1886,1850,-36
23095.jpg,1886,1850,-36
23100.jpg,1886,1900,14
23105.jpg,1886,1900,14
23110.jpg,1886,1400,-486
23115.jpg,1886,1920,34
23120.jpg,1886,1850,-36
23125.jpg,1886,20,-1866
23130.jpg,1886,1970,84
23135.jpg,1886,1920,34
23140.jpg,1886,2005,119
23145.jpg,1886,1960,74
23150.jpg,1886,1930,44
23155.jpg,1886,1950,64
23160.jpg,1886,1850,-36
23165.jpg,1886,1920,34
23170.jpg,1886,1900,14
23175.jpg,1886,1830,-56
23180.jpg,1886,1850,-36
23185.jpg,1886,1850,-36
23190.jpg,1886,1900,14
23195.jpg,1886,1910,24
23200.jpg,1886,1880,-6
23205.jpg,1886,1880,-6
23210.jpg,1886,1900,14
23215.jpg,1886,1880,-6
23220.jpg,1886,1900,14
23225.jpg,1886,1910,24
23230.jpg,1886,1850,-36
23235.jpg,1886,1890,4
23240.jpg,1886,1900,14
23245.jpg,1886,1900,14
23250.jpg,1886,1921,35
23255.jpg,1886,1840,-46
23260.jpg,1886,1900,14
23265.jpg,1886,1910,24
23275.jpg,1886,1880,-6
23280.jpg,1886,1900,14
23285.jpg,1886,1900,14
23290.jpg,1886,1990,104
23295.jpg,1886,1920,34
23300.jpg,1886,1900,14
23305.jpg,1886,1850,-36
23310.jpg,1886,1933,47
23315.jpg,1886,1880,-6
23320.jpg,1886,1900,14
23325.jpg,1886,1920,34
23330.jpg,1886,1800,-86
23335.jpg,1886,1920,34
23340.jpg,1886,1925,39
23345.jpg,1886,1900,14
23350.jpg,1886,1900,14
23355.jpg,1886,1900,14
23365.jpg,1886,1896,10
23370.jpg,1886,1930,44
23375.jpg,1887,1940,53
23380.jpg,1887,1925,38
23385.jpg,1887,1920,33
23390.jpg,1887,1920,33
23395.jpg,1887,1900,13
23400.jpg,1887,1910,23
23410.jpg,1887,1850,-37
23415.jpg,1887,1925,38
23420.jpg,1887,1920,33
23425.jpg,1887,1920,33
23430.jpg,1887,1910,23
23440.jpg,1887,1950,63
23445.jpg,1887,1938,51
23450.jpg,1887,1600,-287
23460.jpg,1887,2020,133
23465.jpg,1887,1862,-25
23470.jpg,1887,1930,43
23475.jpg,1887,1910,23
23480.jpg,1887,1890,3
23485.jpg,1887,1890,3
23490.jpg,1887,1890,3
23495.jpg,1887,1900,13
23500.jpg,1887,1920,33
23505.jpg,1887,1900,13
23510.jpg,1887,1900,13
23515.jpg,1887,1880,-7
23520.jpg,1887,1880,-7
23525.jpg,1887,1910,23
23535.jpg,1887,1890,3
23540.jpg,1887,1880,-7
23545.jpg,1887,1900,13
23550.jpg,1887,1800,-87
23555.jpg,1887,1890,3
23560.jpg,1887,1900,13
23565.jpg,1887,1850,-37
23570.jpg,1887,1600,-287
23575.jpg,1887,1,-1886
23580.jpg,1887,1910,23
23585.jpg,1887,1850,-37
23590.jpg,1887,2010,123
23595.jpg,1887,1850,-37
23600.jpg,1887,1860,-27
23605.jpg,1887,1920,33
23610.jpg,1887,1914,27
23615.jpg,1887,1910,23
23620.jpg,1887,1920,33
23625.jpg,1887,1890,3
23630.jpg,1887,1900,13
23635.jpg,1887,1890,3
23640.jpg,1887,1910,23
23645.jpg,1887,1890,3
23650.jpg,1887,1900,13
23660.jpg,1887,1920,33
23665.jpg,1887,19,-1868
23670.jpg,1887,1890,3
23675.jpg,1887,1900,13
23680.jpg,1887,1950,63
23690.jpg,1887,1890,3
23695.jpg,1887,1910,23
23700.jpg,1888,1800,-88
23705.jpg,1888,1930,42
23710.jpg,1888,1895,7
23715.jpg,1888,1920,32
23720.jpg,1888,1964,76
23725.jpg,1888,1860,-28
23730.jpg,1888,1850,-38
23735.jpg,1888,1910,22
23740.jpg,1888,1910,22
23745.jpg,1888,1901,13
23750.jpg,1888,1887,-1
23755.jpg,1888,1896,8
23760.jpg,1888,1750,-138
23765.jpg,1888,1890,2
23770.jpg,1888,1990,102
23775.jpg,1888,1840,-48
23790.jpg,1888,1880,-8
23795.jpg,1888,1920,32
23800.jpg,1888,1900,12
23805.jpg,1888,1850,-38
23810.jpg,1888,1700,-188
23815.jpg,1888,1915,27
23820.jpg,1888,1850,-38
23825.jpg,1888,1950,62
23830.jpg,1888,1880,-8
23835.jpg,1888,1850,-38
23840.jpg,1888,1850,-38
23850.jpg,1888,1950,62
23855.jpg,1888,1901,13
23860.jpg,1888,1878,-10
23865.jpg,1888,1850,-38
23870.jpg,1888,1815,-73
23875.jpg,1888,1900,12
23880.jpg,1888,1900,12
23885.jpg,1888,1900,12
23890.jpg,1888,1865,-23
23895.jpg,1888,1920,32
23900.jpg,1888,1850,-38
23905.jpg,1888,1890,2
23910.jpg,1888,1925,37
23915.jpg,1888,1910,22
23920.jpg,1888,1915,27
23925.jpg,1888,1890,2
23930.jpg,1888,1900,12
23935.jpg,1888,1950,62
23940.jpg,1888,1860,-28
23945.jpg,1888,1895,7
23950.jpg,1888,1840,-48
23955.jpg,1888,1920,32
23960.jpg,1888,1920,32
23965.jpg,1888,1850,-38
23970.jpg,1888,1930,42
23975.jpg,1888,1900,12
23980.jpg,1888,1910,22
23985.jpg,1888,1910,22
23990.jpg,1888,1869,-19
23995.jpg,1888,1928,40
24000.jpg,1888,1850,-38
24005.jpg,1888,1920,32
24010.jpg,1888,1876,-12
24015.jpg,1888,1930,42
24020.jpg,1888,1850,-38
24025.jpg,1888,1850,-38
24030.jpg,1888,1880,-8
24035.jpg,1888,1841,-47
24040.jpg,1888,20,-1868
24050.jpg,1889,1890,1
24055.jpg,1889,1875,-14
24060.jpg,1889,1913,24
24065.jpg,1889,1900,11
24070.jpg,1889,1920,31
24075.jpg,1889,1950,61
24080.jpg,1889,1910,21
24085.jpg,1889,1900,11
24090.jpg,1889,1900,11
24095.jpg,1889,1910,21
24105.jpg,1889,1920,31
24110.jpg,1889,1901,12
24115.jpg,1889,1850,-39
24120.jpg,1889,1800,-89
24125.jpg,1889,1800,-89
24130.jpg,1889,1909,20
24135.jpg,1889,1070,-819
24140.jpg,1889,1850,-39
24145.jpg,1889,1850,-39
24150.jpg,1889,1926,37
24155.jpg,1889,1892,3
24160.jpg,1889,1890,1
24165.jpg,1889,1900,11
24170.jpg,1889,1900,11
24175.jpg,1889,1930,41
24180.jpg,1889,1920,31
24185.jpg,1889,1940,51
24190.jpg,1889,1880,-9
24195.jpg,1889,1900,11
24200.jpg,1889,1950,61
24205.jpg,1889,1910,21
24210.jpg,1889,1900,11
24215.jpg,1889,1890,1
24220.jpg,1889,1880,-9
24225.jpg,1889,1860,-29
24230.jpg,1889,1900,11
24235.jpg,1889,1850,-39
24240.jpg,1889,1880,-9
24245.jpg,1889,1900,11
24250.jpg,1889,1880,-9
24255.jpg,1889,19,-1870
24260.jpg,1889,1920,31
24265.jpg,1889,1880,-9
24270.jpg,1889,19,-1870
24275.jpg,1889,1900,11
24280.jpg,1889,1905,16
24285.jpg,1889,1930,41
24290.jpg,1889,1900,11
24295.jpg,1889,1860,-29
24300.jpg,1889,1850,-39
24310.jpg,1889,1850,-39
24315.jpg,1889,1820,-69
24320.jpg,1889,1550,-339
24330.jpg,1889,1850,-39
24335.jpg,1889,1980,91
24340.jpg,1889,20,-1869
24345.jpg,1889,1940,51
24350.jpg,1889,1900,11
24355.jpg,1889,1910,21
24360.jpg,1889,-1,-1890
24365.jpg,1889,1920,31
24370.jpg,1889,1899,10
24375.jpg,1889,1900,11
24380.jpg,1889,1920,31
24385.jpg,1889,19,-1870
24390.jpg,1889,1900,11
24395.jpg,1890,1600,-290
24400.jpg,1890,1900,10
24405.jpg,1890,1930,40
24410.jpg,1890,1897,7
24415.jpg,1890,1910,20
24420.jpg,1890,18,-1872
24425.jpg,1890,1890,0
24430.jpg,1890,1920,30
24435.jpg,1890,1920,30
24440.jpg,1890,19,-1871
24445.jpg,1890,1940,50
24450.jpg,1890,1890,0
24455.jpg,1890,1850,-40
24460.jpg,1890,1880,-10
24465.jpg,1890,1920,30
24470.jpg,1890,1920,30
24475.jpg,1890,1900,10
24480.jpg,1890,1880,-10
24485.jpg,1890,-1,-1891
24490.jpg,1890,1830,-60
24495.jpg,1890,1800,-90
24500.jpg,1890,1850,-40
24505.jpg,1890,1934,44
24510.jpg,1890,20,-1870
24515.jpg,1890,1900,10
24520.jpg,1890,1850,-40
24525.jpg,1890,2018,128
24535.jpg,1890,1890,0
24540.jpg,1890,1900,10
24545.jpg,1890,1950,60
24550.jpg,1890,1900,10
24555.jpg,1890,1920,30
24560.jpg,1890,1890,0
24565.jpg,1890,1890,0
24570.jpg,1890,1850,-40
24575.jpg,1890,19,-1871
24580.jpg,1890,1890,0
24585.jpg,1890,1910,20
24590.jpg,1890,1900,10
24595.jpg,1890,1890,0
24600.jpg,1890,1880,-10
24605.jpg,1890,1870,-20
24610.jpg,1890,1850,-40
24615.jpg,1890,1750,-140
24620.jpg,1890,2010,120
24625.jpg,1890,1880,-10
24630.jpg,1890,1,-1889
24635.jpg,1890,1890,0
24640.jpg,1890,1850,-40
24645.jpg,1890,1900,10
24650.jpg,1890,1939,49
24655.jpg,1890,1910,20
24660.jpg,1890,1900,10
24665.jpg,1890,1910,20
24670.jpg,1890,1920,30
24675.jpg,1890,1890,0
24680.jpg,1890,1890,0
24685.jpg,1890,1950,60
24690.jpg,1890,1915,25
24695.jpg,1890,19,-1871
24700.jpg,1890,1897,7
24705.jpg,1890,2019,129
24710.jpg,1890,1920,30
24715.jpg,1890,1850,-40
24720.jpg,1890,1910,20
24725.jpg,1890,1900,10
24730.jpg,1890,1850,-40
24735.jpg,1890,1890,0
24740.jpg,1890,1900,10
24745.jpg,1890,1799,-91
24750.jpg,1890,1902,12
24755.jpg,1890,1930,40
24760.jpg,1890,1900,10
24765.jpg,1890,1950,60
24770.jpg,1890,1910,20
24775.jpg,1891,1850,-41
24780.jpg,1891,1920,29
24785.jpg,1891,1900,9
24790.jpg,1891,1850,-41
24795.jpg,1891,1850,-41
24800.jpg,1891,1900,9
24805.jpg,1891,1870,-21
24810.jpg,1891,1920,29
24815.jpg,1891,1930,39
24820.jpg,1891,1910,19
24825.jpg,1891,1850,-41
24830.jpg,1891,1849,-42
24835.jpg,1891,1950,59
24840.jpg,1891,1910,19
24845.jpg,1891,1920,29
24850.jpg,1891,1912,21
24855.jpg,1891,1450,-441
24860.jpg,1891,1850,-41
24865.jpg,1891,1880,-11
24870.jpg,1891,1869,-22
24875.jpg,1891,1850,-41
24880.jpg,1891,1930,39
24885.jpg,1891,1900,9
24890.jpg,1891,1850,-41
24895.jpg,1891,1900,9
24900.jpg,1891,1910,19
24905.jpg,1891,1950,59
24910.jpg,1891,1915,24
24915.jpg,1891,1880,-11
24920.jpg,1891,1950,59
24925.jpg,1891,1850,-41
24930.jpg,1891,1920,29
24935.jpg,1891,1900,9
24940.jpg,1891,1890,-1
24945.jpg,1891,1927,36
24950.jpg,1891,19,-1872
24955.jpg,1891,1850,-41
24960.jpg,1891,1850,-41
24965.jpg,1891,1950,59
24970.jpg,1891,1900,9
24975.jpg,1891,1800,-91
24980.jpg,1891,1920,29
24985.jpg,1891,1850,-41
24990.jpg,1891,1870,-21
24995.jpg,1891,1908,17
25000.jpg,1891,19,-1872
25005.jpg,1891,1870,-21
25010.jpg,1891,1900,9
25015.jpg,1891,1850,-41
25020.jpg,1891,1890,-1
25025.jpg,1891,1920,29
25030.jpg,1891,1910,19
25035.jpg,1891,1108,-783
25040.jpg,1891,1910,19
25045.jpg,1891,1910,19
25050.jpg,1891,1900,9
25055.jpg,1891,1890,-1
25060.jpg,1891,1890,-1
25065.jpg,1891,1500,-391
25070.jpg,1891,1900,9
25075.jpg,1891,1892,1
25080.jpg,1891,1900,9
25085.jpg,1891,1847,-44
25090.jpg,1891,20,-1871
25095.jpg,1892,1892,0
25100.jpg,1892,1999,107
25105.jpg,1892,2000,108
25115.jpg,1892,1980,88
25120.jpg,1892,1850,-42
25125.jpg,1892,1910,18
25130.jpg,1892,1900,8
25135.jpg,1892,1938,46
25140.jpg,1892,1900,8
25145.jpg,1892,19,-1873
25150.jpg,1892,1920,28
25155.jpg,1892,1904,12
25160.jpg,1892,1925,33
25165.jpg,1892,1850,-42
25170.jpg,1892,1910,18
25175.jpg,1892,1930,38
25180.jpg,1892,2000,108
25185.jpg,1892,1920,28
25190.jpg,1892,1600,-292
25195.jpg,1892,1850,-42
25205.jpg,1892,1924,32
25210.jpg,1892,1909,17
25215.jpg,1892,1850,-42
25220.jpg,1892,1890,-2
25225.jpg,1892,1800,-92
25230.jpg,1892,1850,-42
25235.jpg,1892,1850,-42
25240.jpg,1892,1874,-18
25245.jpg,1892,1900,8
25250.jpg,1892,1930,38
25255.jpg,1892,1920,28
25260.jpg,1892,1902,10
25265.jpg,1892,1880,-12
25270.jpg,1892,1890,-2
25275.jpg,1892,1925,33
25280.jpg,1892,1920,28
25285.jpg,1892,1890,-2
25290.jpg,1892,1890,-2
25295.jpg,1892,1900,8
25300.jpg,1892,1920,28
25305.jpg,1892,1950,58
25310.jpg,1892,1900,8
25315.jpg,1892,1800,-92
25320.jpg,1892,1860,-32
25325.jpg,1892,1820,-72
25330.jpg,1892,1845,-47
25335.jpg,1892,1890,-2
25340.jpg,1892,1900,8
25345.jpg,1892,1850,-42
25350.jpg,1892,1880,-12
25355.jpg,1892,1920,28
25360.jpg,1892,1919,27
25365.jpg,1892,1890,-2
25370.jpg,1892,1928,36
25375.jpg,1892,19,-1873
25380.jpg,1892,1880,-12
25385.jpg,1892,1880,-12
25390.jpg,1892,1750,-142
25395.jpg,1892,1900,8
25400.jpg,1892,1950,58
25405.jpg,1892,1949,57
25410.jpg,1892,1950,58
25415.jpg,1892,1900,8
25420.jpg,1892,1890,-2
25425.jpg,1892,1900,8
25430.jpg,1892,1850,-42
25435.jpg,1892,1600,-292
25440.jpg,1892,1925,33
25445.jpg,1892,1890,-2
25450.jpg,1892,1890,-2
25455.jpg,1892,1890,-2
25460.jpg,1892,1900,8
25465.jpg,1893,-1,-1894
25470.jpg,1893,1850,-43
25475.jpg,1893,1899,6
25480.jpg,1893,1920,27
25490.jpg,1893,1930,37
25495.jpg,1893,1850,-43
25500.jpg,1893,1850,-43
25505.jpg,1893,1900,7
25510.jpg,1893,1920,27
25515.jpg,1893,1900,7
25520.jpg,1893,1880,-13
25525.jpg,1893,1920,27
25530.jpg,1893,1920,27
25535.jpg,1893,1920,27
25540.jpg,1893,1850,-43
25545.jpg,1893,1890,-3
25555.jpg,1893,1800,-93
25560.jpg,1893,1908,15
25565.jpg,1893,1850,-43
25570.jpg,1893,1960,67
25575.jpg,1893,1890,-3
25580.jpg,1893,1950,57
25585.jpg,1893,1910,17
25590.jpg,1893,1920,27
25595.jpg,1893,1925,32
25600.jpg,1893,1900,7
25605.jpg,1893,1880,-13
25610.jpg,1893,1890,-3
25615.jpg,1893,1910,17
25620.jpg,1893,1877,-16
25625.jpg,1893,1890,-3
25630.jpg,1893,1920,27
25635.jpg,1893,1910,17
25640.jpg,1893,1920,27
25645.jpg,1893,1902,9
25650.jpg,1893,1950,57
25655.jpg,1893,1890,-3
25660.jpg,1893,1899,6
25665.jpg,1893,1870,-23
25670.jpg,1893,1850,-43
25675.jpg,1893,1900,7
25680.jpg,1893,1850,-43
25685.jpg,1893,1900,7
25690.jpg,1893,1890,-3
25695.jpg,1893,1850,-43
25700.jpg,1893,1920,27
25705.jpg,1893,2000,107
25710.jpg,1893,1901,8
25715.jpg,1893,1890,-3
25720.jpg,1893,1,-1892
25725.jpg,1893,1850,-43
25730.jpg,1893,19,-1874
25740.jpg,1893,1910,17
25745.jpg,1893,1820,-73
25750.jpg,1893,1910,17
25755.jpg,1893,1900,7
25760.jpg,1893,1920,27
25765.jpg,1893,1920,27
25770.jpg,1893,1920,27
25775.jpg,1893,1910,17
25780.jpg,1893,1850,-43
25785.jpg,1893,1900,7
25795.jpg,1893,1900,7
25800.jpg,1893,1910,17
25805.jpg,1894,1855,-39
25810.jpg,1894,1820,-74
25815.jpg,1894,1850,-44
25820.jpg,1894,1880,-14
25825.jpg,1894,19,-1875
25830.jpg,1894,1890,-4
25835.jpg,1894,1925,31
25840.jpg,1894,1891,-3
25845.jpg,1894,1900,6
25850.jpg,1894,1800,-94
25855.jpg,1894,1930,36
25860.jpg,1894,1920,26
25865.jpg,1894,1850,-44
25870.jpg,1894,19,-1875
25875.jpg,1894,1850,-44
25880.jpg,1894,18,-1876
25885.jpg,1894,1850,-44
25890.jpg,1894,1900,6
25895.jpg,1894,1880,-14
25900.jpg,1894,1930,36
25905.jpg,1894,1890,-4
25910.jpg,1894,20,-1874
25915.jpg,1894,1920,26
25920.jpg,1894,1855,-39
25925.jpg,1894,1885,-9
25930.jpg,1894,1930,36
25935.jpg,1894,1920,26
25940.jpg,1894,1890,-4
25945.jpg,1894,1870,-24
25950.jpg,1894,1920,26
25955.jpg,1894,1900,6
25960.jpg,1894,1889,-5
25965.jpg,1894,1890,-4
25970.jpg,1894,1930,36
25975.jpg,1894,1890,-4
25980.jpg,1894,1910,16
25985.jpg,1894,1880,-14
25990.jpg,1894,1920,26
25995.jpg,1894,1890,-4
26000.jpg,1894,1900,6
26005.jpg,1894,1880,-14
26010.jpg,1894,1890,-4
26015.jpg,1894,19,-1875
26020.jpg,1894,1951,57
26025.jpg,1894,1850,-44
26030.jpg,1894,1880,-14
26035.jpg,1894,1850,-44
26040.jpg,1894,1950,56
26045.jpg,1894,1875,-19
26050.jpg,1894,1850,-44
26055.jpg,1894,1890,-4
26060.jpg,1894,1850,-44
26065.jpg,1894,1925,31
26070.jpg,1894,1930,36
26075.jpg,1894,1902,8
26085.jpg,1894,1900,6
26090.jpg,1894,1910,16
26095.jpg,1894,1940,46
26100.jpg,1894,1920,26
26105.jpg,1894,1800,-94
26110.jpg,1894,1910,16
26115.jpg,1894,1910,16
26120.jpg,1894,1930,36
26125.jpg,1895,1800,-95
26130.jpg,1895,2020,125
26135.jpg,1895,1880,-15
26140.jpg,1895,1850,-45
26145.jpg,1895,1971,76
26150.jpg,1895,1890,-5
26155.jpg,1895,19,-1876
26160.jpg,1895,1930,35
26165.jpg,1895,1850,-45
26170.jpg,1895,1884,-11
26175.jpg,1895,1920,25
26180.jpg,1895,2010,115
26185.jpg,1895,19,-1876
26190.jpg,1895,1920,25
26195.jpg,1895,1850,-45
26200.jpg,1895,1880,-15
26205.jpg,1895,1850,-45
26210.jpg,1895,19,-1876
26215.jpg,1895,1850,-45
26220.jpg,1895,1800,-95
26225.jpg,1895,1920,25
26230.jpg,1895,1890,-5
26235.jpg,1895,1980,85
26240.jpg,1895,2021,126
26245.jpg,1895,1750,-145
26250.jpg,1895,1884,-11
26255.jpg,1895,1980,85
26260.jpg,1895,1890,-5
26265.jpg,1895,1900,5
26270.jpg,1895,1800,-95
26275.jpg,1895,1885,-10
26280.jpg,1895,1850,-45
26285.jpg,1895,19,-1876
26290.jpg,1895,1880,-15
26295.jpg,1895,1840,-55
26300.jpg,1895,1880,-15
26305.jpg,1895,1910,15
26310.jpg,1895,1920,25
26315.jpg,1895,1900,5
26320.jpg,1895,1890,-5
26325.jpg,1895,1920,25
26330.jpg,1895,1920,25
26335.jpg,1895,1915,20
26340.jpg,1895,1850,-45
26345.jpg,1895,1700,-195
26350.jpg,1895,1890,-5
26355.jpg,1895,1890,-5
26360.jpg,1895,1920,25
26365.jpg,1895,1870,-25
26370.jpg,1895,1870,-25
26375.jpg,1895,1890,-5
26380.jpg,1895,1905,10
26385.jpg,1895,1800,-95
26390.jpg,1895,18,-1877
26395.jpg,1895,-1,-1896
26405.jpg,1895,1850,-45
26410.jpg,1895,1920,25
26415.jpg,1895,1920,25
26420.jpg,1895,1930,35
26425.jpg,1895,1900,5
26430.jpg,1895,1931,36
26435.jpg,1895,1825,-70
26440.jpg,1895,1850,-45
26445.jpg,1895,-1,-1896
26450.jpg,1895,1930,35
26455.jpg,1895,1750,-145
26460.jpg,1895,1910,15
26465.jpg,1895,1850,-45
26470.jpg,1895,1900,5
26475.jpg,1895,19,-1876
26480.jpg,1895,1780,-115
26485.jpg,1895,1450,-445
26490.jpg,1896,1900,4
26495.jpg,1896,1910,14
26500.jpg,1896,1900,4
26505.jpg,1896,1910,14
26510.jpg,1896,1910,14
26515.jpg,1896,1850,-46
26520.jpg,1896,1850,-46
26525.jpg,1896,16,-1880
26530.jpg,1896,1950,54
26535.jpg,1896,1890,-6
26540.jpg,1896,1850,-46
26545.jpg,1896,1850,-46
26550.jpg,1896,1850,-46
26555.jpg,1896,1800,-96
26560.jpg,1896,1850,-46
26565.jpg,1896,1950,54
26570.jpg,1896,1850,-46
26575.jpg,1896,1892,-4
26580.jpg,1896,1900,4
26585.jpg,1896,1900,4
26590.jpg,1896,1880,-16
26595.jpg,1896,1850,-46
26600.jpg,1896,1920,24
26605.jpg,1896,1880,-16
26610.jpg,1896,1850,-46
26620.jpg,1896,1890,-6
26625.jpg,1896,1850,-46
26630.jpg,1896,1900,4
26635.jpg,1896,1890,-6
26640.jpg,1896,1450,-446
26645.jpg,1896,1875,-21
26650.jpg,1896,19,-1877
26655.jpg,1896,20,-1876
26665.jpg,1896,1883,-13
26670.jpg,1896,1930,34
26675.jpg,1896,1850,-46
26680.jpg,1896,1850,-46
26685.jpg,1896,1890,-6
26690.jpg,1896,1850,-46
26695.jpg,1896,1880,-16
26700.jpg,1896,1850,-46
26705.jpg,1896,1800,-96
26710.jpg,1896,1875,-21
26715.jpg,1896,1893,-3
26720.jpg,1896,1850,-46
26725.jpg,1896,1920,24
26730.jpg,1896,1890,-6
26735.jpg,1896,1925,29
26740.jpg,1896,1850,-46
26745.jpg,1896,1800,-96
26750.jpg,1896,1898,2
26760.jpg,1896,1795,-101
26765.jpg,1896,1910,14
26770.jpg,1896,1925,29
26775.jpg,1896,1976,80
26780.jpg,1896,1920,24
26785.jpg,1896,1900,4
26790.jpg,1896,1920,24
26795.jpg,1896,1900,4
26800.jpg,1896,-1,-1897
26805.jpg,1896,-1,-1897
26810.jpg,1896,1770,-126
26815.jpg,1896,1900,4
26820.jpg,1896,1850,-46
26825.jpg,1896,1850,-46
26830.jpg,1896,1887,-9
26835.jpg,1896,1900,4
26840.jpg,1896,2003,107
26845.jpg,1897,1915,18
26850.jpg,1897,1904,7
26855.jpg,1897,1910,13
26860.jpg,1897,1850,-47
26865.jpg,1897,1928,31
26870.jpg,1897,1890,-7
26875.jpg,1897,1850,-47
26880.jpg,1897,1925,28
26885.jpg,1897,1925,28
26890.jpg,1897,1850,-47
26895.jpg,1897,1925,28
26900.jpg,1897,1900,3
26910.jpg,1897,1920,23
26915.jpg,1897,1880,-17
26920.jpg,1897,1850,-47
26925.jpg,1897,1850,-47
26930.jpg,1897,1925,28
26935.jpg,1897,1900,3
26940.jpg,1897,1920,23
26945.jpg,1897,1925,28
26950.jpg,1897,1900,3
26955.jpg,1897,1873,-24
26960.jpg,1897,1910,13
26965.jpg,1897,1890,-7
26970.jpg,1897,1905,8
26975.jpg,1897,1920,23
26980.jpg,1897,1910,13
26985.jpg,1897,1850,-47
26990.jpg,1897,1910,13
26995.jpg,1897,1880,-17
27000.jpg,1897,1880,-17
27005.jpg,1897,1900,3
27010.jpg,1897,1900,3
27015.jpg,1897,1900,3
27020.jpg,1897,1887,-10
27025.jpg,1897,1,-1896
27030.jpg,1897,1800,-97
27035.jpg,1897,1990,93
27040.jpg,1897,1890,-7
27045.jpg,1897,1890,-7
27050.jpg,1897,1950,53
27055.jpg,1897,1890,-7
27060.jpg,1897,2005,108
27065.jpg,1897,1880,-17
27070.jpg,1897,1950,53
27075.jpg,1897,1915,18
27080.jpg,1897,1920,23
27085.jpg,1897,1895,-2
27090.jpg,1897,1900,3
27095.jpg,1897,1915,18
27100.jpg,1897,1850,-47
27105.jpg,1897,1900,3
27110.jpg,1897,1450,-447
27115.jpg,1897,1942,45
27120.jpg,1897,1913,16
27125.jpg,1897,1899,2
27130.jpg,1897,1964,67
27135.jpg,1897,1900,3
27140.jpg,1897,1910,13
27145.jpg,1897,1900,3
27150.jpg,1897,1750,-147
27155.jpg,1898,1920,22
27160.jpg,1898,1930,32
27165.jpg,1898,1910,12
27170.jpg,1898,1850,-48
27175.jpg,1898,20,-1878
27180.jpg,1898,1900,2
27185.jpg,1898,1920,22
27190.jpg,1898,1920,22
27195.jpg,1898,1925,27
27200.jpg,1898,20,-1878
27205.jpg,1898,2010,112
27210.jpg,1898,1890,-8
27215.jpg,1898,1750,-148
27220.jpg,1898,1920,22
27225.jpg,1898,1920,22
27230.jpg,1898,1930,32
27235.jpg,1898,1880,-18
27240.jpg,1898,1750,-148
27245.jpg,1898,1890,-8
27255.jpg,1898,1880,-18
27260.jpg,1898,1898,0
27265.jpg,1898,1910,12
27270.jpg,1898,1890,-8
27275.jpg,1898,1850,-48
27280.jpg,1898,1850,-48
27285.jpg,1898,1890,-8
27290.jpg,1898,1850,-48
27295.jpg,1898,19,-1879
27300.jpg,1898,18,-1880
27305.jpg,1898,1920,22
27310.jpg,1898,1920,22
27315.jpg,1898,1900,2
27320.jpg,1898,1890,-8
27325.jpg,1898,1950,52
27330.jpg,1898,20,-1878
27335.jpg,1898,1900,2
27340.jpg,1898,1900,2
27345.jpg,1898,1890,-8
27350.jpg,1898,20,-1878
27355.jpg,1898,1900,2
27360.jpg,1898,1920,22
27365.jpg,1898,1880,-18
27370.jpg,1898,19,-1879
27380.jpg,1898,1880,-18
27385.jpg,1898,1800,-98
27390.jpg,1898,1970,72
27395.jpg,1898,1850,-48
27400.jpg,1898,1850,-48
27405.jpg,1898,1920,22
27410.jpg,1898,1910,12
27415.jpg,1898,1930,32
27420.jpg,1898,1900,2
27425.jpg,1898,19,-1879
27430.jpg,1898,1897,-1
27435.jpg,1898,1750,-148
27440.jpg,1898,1920,22
27445.jpg,1898,1920,22
27450.jpg,1898,1900,2
27455.jpg,1898,1960,62
27465.jpg,1898,1850,-48
27470.jpg,1898,1920,22
27475.jpg,1898,19,-1879
27480.jpg,1898,1923,25
27485.jpg,1898,1900,2
27490.jpg,1898,1850,-48
27495.jpg,1898,1925,27
27500.jpg,1898,1920,22
27505.jpg,1898,1900,2
27510.jpg,1898,1900,2
27515.jpg,1898,1900,2
27520.jpg,1898,1890,-8
27525.jpg,1898,1930,32
27530.jpg,1898,1893,-5
27540.jpg,1899,1890,-9
27545.jpg,1899,20,-1879
27550.jpg,1899,1940,41
27555.jpg,1899,1900,1
27560.jpg,1899,1900,1
27565.jpg,1899,1910,11
27570.jpg,1899,1450,-449
27575.jpg,1899,1940,41
27580.jpg,1899,1880,-19
27585.jpg,1899,1925,26
27590.jpg,1899,1940,41
27595.jpg,1899,1920,21
27600.jpg,1899,1920,21
27605.jpg,1899,19,-1880
27610.jpg,1899,1960,61
27615.jpg,1899,-1,-1900
27620.jpg,1899,3000,1101
27625.jpg,1899,1950,51
27630.jpg,1899,1925,26
27635.jpg,1899,1900,1
27640.jpg,1899,1900,1
27645.jpg,1899,1960,61
27650.jpg,1899,1960,61
27655.jpg,1899,1910,11
27660.jpg,1899,1920,21
27665.jpg,1899,1890,-9
27670.jpg,1899,1880,-19
27675.jpg,1899,1850,-49
27680.jpg,1899,1450,-449
27685.jpg,1899,1920,21
27690.jpg,1899,1900,1
27695.jpg,1899,1870,-29
27700.jpg,1899,1896,-3
27705.jpg,1899,1850,-49
27715.jpg,1899,1900,1
27720.jpg,1899,1890,-9
27725.jpg,1899,1860,-39
27730.jpg,1899,1950,51
27735.jpg,1899,1915,16
27740.jpg,1899,1871,-28
27745.jpg,1899,1892,-7
27750.jpg,1899,1910,11
27755.jpg,1899,1925,26
27760.jpg,1899,1800,-99
27765.jpg,1899,1900,1
27770.jpg,1899,1850,-49
27775.jpg,1899,1850,-49
27780.jpg,1899,1960,61
27785.jpg,1899,1920,21
27790.jpg,1899,1915,16
27795.jpg,1899,19,-1880
27800.jpg,1899,1910,11
27805.jpg,1899,1900,1
27810.jpg,1900,16,-1884
27815.jpg,1900,1920,20
27820.jpg,1900,1900,0
27825.jpg,1900,2004,104
27830.jpg,1900,1900,0
27835.jpg,1900,1920,20
27840.jpg,1900,1901,1
27845.jpg,1900,1880,-20
27850.jpg,1900,1850,-50
27855.jpg,1900,1800,-100
27860.jpg,1900,1905,5
27865.jpg,1900,1896,-4
27870.jpg,1900,1880,-20
27875.jpg,1900,1910,10
27880.jpg,1900,1910,10
27885.jpg,1900,1890,-10
27895.jpg,1900,1920,20
27900.jpg,1900,1890,-10
27905.jpg,1900,1850,-50
27910.jpg,1900,1950,50
27915.jpg,1900,1800,-100
27920.jpg,1900,1900,0
27925.jpg,1900,2023,123
27930.jpg,1900,1800,-100
27935.jpg,1900,1800,-100
27940.jpg,1900,1850,-50
27945.jpg,1900,1880,-20
27950.jpg,1900,1880,-20
27955.jpg,1900,1900,0
27960.jpg,1900,1800,-100
27965.jpg,1900,1950,50
27970.jpg,1900,1850,-50
27975.jpg,1900,1880,-20
27980.jpg,1900,1900,0
27985.jpg,1900,1930,30
27990.jpg,1900,1930,30
27995.jpg,1900,1920,20
28000.jpg,1900,1850,-50
28005.jpg,1900,1912,12
28010.jpg,1900,1870,-30
28015.jpg,1900,1870,-30
28020.jpg,1900,1925,25
28025.jpg,1900,1880,-20
28030.jpg,1900,1900,0
28035.jpg,1900,1865,-35
28040.jpg,1900,1800,-100
28045.jpg,1900,1920,20
28050.jpg,1900,1870,-30
28055.jpg,1900,1890,-10
28060.jpg,1900,1850,-50
28065.jpg,1900,1850,-50
28070.jpg,1900,1880,-20
28075.jpg,1900,1850,-50
28080.jpg,1900,1910,10
28085.jpg,1900,1920,20
28090.jpg,1900,1850,-50
28095.jpg,1900,1700,-200
28100.jpg,1900,1900,0
28105.jpg,1900,1900,0
28110.jpg,1900,1880,-20
28115.jpg,1900,1900,0
28120.jpg,1900,1880,-20
28125.jpg,1900,1911,11
28130.jpg,1900,20,-1880
28135.jpg,1900,1920,20
28140.jpg,1900,1901,1
28145.jpg,1900,1450,-450
28150.jpg,1900,1930,30
28155.jpg,1900,1925,25
28160.jpg,1900,1950,50
28165.jpg,1900,1940,40
28170.jpg,1900,1893,-7
28175.jpg,1900,1850,-50
28180.jpg,1901,1800,-101
28185.jpg,1901,1925,24
28190.jpg,1901,1902,1
28195.jpg,1901,1920,19
28200.jpg,1901,1950,49
28205.jpg,1901,1880,-21
28210.jpg,1901,1880,-21
28215.jpg,1901,1922,21
28220.jpg,1901,1850,-51
28225.jpg,1901,1920,19
28230.jpg,1901,1851,-50
28235.jpg,1901,20,-1881
28240.jpg,1901,1880,-21
28245.jpg,1901,1920,19
28250.jpg,1901,1925,24
28255.jpg,1901,1890,-11
28260.jpg,1901,1920,19
28265.jpg,1901,19,-1882
28270.jpg,1901,1930,29
28275.jpg,1901,1850,-51
28280.jpg,1901,19,-1882
28285.jpg,1901,1800,-101
28290.jpg,1901,1850,-51
28295.jpg,1901,1,-1900
28300.jpg,1901,1850,-51
28305.jpg,1901,19,-1882
28310.jpg,1901,1930,29
28315.jpg,1901,1880,-21
28320.jpg,1901,1910,9
28325.jpg,1901,1900,-1
28330.jpg,1901,1910,9
28335.jpg,1901,1890,-11
28340.jpg,1901,1880,-21
28345.jpg,1901,1900,-1
28350.jpg,1901,1910,9
28355.jpg,1901,1910,9
28360.jpg,1901,1980,79
28365.jpg,1901,1900,-1
28370.jpg,1901,1850,-51
28375.jpg,1901,1890,-11
28380.jpg,1901,1880,-21
28385.jpg,1901,1910,9
28390.jpg,1901,-1,-1902
28395.jpg,1901,1890,-11
28400.jpg,1901,1890,-11
28405.jpg,1901,1930,29
28410.jpg,1901,20,-1881
28415.jpg,1901,1890,-11
28420.jpg,1901,1850,-51
28425.jpg,1901,1950,49
28430.jpg,1901,1902,1
28435.jpg,1901,1860,-41
28440.jpg,1901,1850,-51
28445.jpg,1901,1930,29
28450.jpg,1901,1900,-1
28455.jpg,1901,1910,9
28460.jpg,1901,1900,-1
28465.jpg,1901,20,-1881
28470.jpg,1901,1920,19
28475.jpg,1901,1895,-6
28480.jpg,1901,1920,19
28485.jpg,1901,1845,-56
28490.jpg,1901,1950,49
28495.jpg,1901,1850,-51
28500.jpg,1901,1900,-1
28505.jpg,1901,20,-1881
28510.jpg,1901,1850,-51
28515.jpg,1901,1750,-151
28520.jpg,1902,19,-1883
28525.jpg,1902,20,-1882
28530.jpg,1902,1892,-10
28535.jpg,1902,1920,18
28540.jpg,1902,1920,18
28545.jpg,1902,1930,28
28550.jpg,1902,20,-1882
28555.jpg,1902,1900,-2
28560.jpg,1902,1890,-12
28575.jpg,1902,1906,4
28580.jpg,1902,1900,-2
28585.jpg,1902,1900,-2
28590.jpg,1902,1850,-52
28595.jpg,1902,1890,-12
28600.jpg,1902,1950,48
28605.jpg,1902,1900,-2
28610.jpg,1902,1920,18
28615.jpg,1902,1910,8
28620.jpg,1902,1900,-2
28625.jpg,1902,1850,-52
28630.jpg,1902,1930,28
28635.jpg,1902,1900,-2
28640.jpg,1902,1910,8
28645.jpg,1902,1450,-452
28650.jpg,1902,1838,-64
28655.jpg,1902,1850,-52
28660.jpg,1902,1850,-52
28665.jpg,1902,1584,-318
28670.jpg,1902,1849,-53
28675.jpg,1902,1870,-32
28680.jpg,1902,21,-1881
28685.jpg,1902,1890,-12
28690.jpg,1902,1910,8
28695.jpg,1902,1880,-22
28700.jpg,1902,1840,-62
28705.jpg,1902,19,-1883
28710.jpg,1902,1880,-22
28715.jpg,1902,1900,-2
28720.jpg,1902,1850,-52
28725.jpg,1902,1915,13
28730.jpg,1902,1600,-302
28735.jpg,1902,1930,28
28740.jpg,1902,19,-1883
28745.jpg,1902,1920,18
28750.jpg,1902,1910,8
28755.jpg,1902,1890,-12
28760.jpg,1902,1942,40
28765.jpg,1902,1850,-52
28770.jpg,1902,1850,-52
28775.jpg,1902,1900,-2
28780.jpg,1902,1850,-52
28785.jpg,1902,1950,48
28790.jpg,1902,1800,-102
28795.jpg,1902,1920,18
28800.jpg,1902,1910,8
28805.jpg,1902,1950,48
28810.jpg,1902,1850,-52
28815.jpg,1902,1890,-12
28820.jpg,1902,1880,-22
28825.jpg,1902,1900,-2
28830.jpg,1902,1850,-52
28835.jpg,1902,1925,23
28840.jpg,1902,1750,-152
28845.jpg,1902,1950,48
28850.jpg,1902,1950,48
28855.jpg,1902,1890,-12
28860.jpg,1902,1880,-22
28865.jpg,1902,1850,-52
28870.jpg,1902,1920,18
28875.jpg,1902,2007,105
28880.jpg,1902,1850,-52
28885.jpg,1902,-1,-1903
28890.jpg,1902,1920,18
28895.jpg,1902,1900,-2
28900.jpg,1902,19,-1883
28905.jpg,1902,1900,-2
28910.jpg,1902,1920,18
28915.jpg,1902,1930,28
28920.jpg,1903,1800,-103
28925.jpg,1903,1900,-3
28930.jpg,1903,1900,-3
28935.jpg,1903,1895,-8
28940.jpg,1903,1900,-3
28945.jpg,1903,20,-1883
28955.jpg,1903,20,-1883
28960.jpg,1903,1896,-7
28965.jpg,1903,1880,-23
28970.jpg,1903,1925,22
28975.jpg,1903,1890,-13
28980.jpg,1903,1900,-3
28985.jpg,1903,20,-1883
28990.jpg,1903,1920,17
28995.jpg,1903,1968,65
29000.jpg,1903,1900,-3
29005.jpg,1903,1930,27
29010.jpg,1903,1930,27
29015.jpg,1903,1914,11
29020.jpg,1903,20,-1883
29025.jpg,1903,1900,-3
29030.jpg,1903,1910,7
29035.jpg,1903,1897,-6
29040.jpg,1903,1925,22
29045.jpg,1903,1910,7
29050.jpg,1903,2016,113
29055.jpg,1903,1920,17
29060.jpg,1903,1910,7
29065.jpg,1903,1920,17
29070.jpg,1903,1930,27
29075.jpg,1903,-1,-1904
29080.jpg,1903,1968,65
29085.jpg,1903,1850,-53
29090.jpg,1903,20,-1883
29095.jpg,1903,1700,-203
29100.jpg,1903,1450,-453
29105.jpg,1903,1,-1902
29110.jpg,1903,1920,17
29115.jpg,1903,1900,-3
29120.jpg,1903,1900,-3
29125.jpg,1903,1880,-23
29130.jpg,1903,1885,-18
29135.jpg,1903,1850,-53
29140.jpg,1903,1910,7
29145.jpg,1903,1920,17
29150.jpg,1903,1930,27
29155.jpg,1903,1920,17
29160.jpg,1903,1890,-13
29165.jpg,1903,1850,-53
29170.jpg,1903,1920,17
29175.jpg,1903,1870,-33
29180.jpg,1903,1910,7
29185.jpg,1903,18,-1885
29190.jpg,1903,1900,-3
29195.jpg,1903,1860,-43
29200.jpg,1903,1950,47
29205.jpg,1903,1920,17
29210.jpg,1903,1850,-53
29215.jpg,1903,1900,-3
29220.jpg,1903,1910,7
29225.jpg,1903,1788,-115
29230.jpg,1903,1890,-13
29235.jpg,1903,1850,-53
29240.jpg,1903,1850,-53
29245.jpg,1903,1920,17
29250.jpg,1903,1938,35
29255.jpg,1903,1900,-3
29260.jpg,1903,1920,17
29265.jpg,1903,1920,17
29270.jpg,1903,1910,7
29275.jpg,1903,1600,-303
29280.jpg,1903,20,-1883
29285.jpg,1903,1900,-3
29290.jpg,1903,1890,-13
29295.jpg,1903,1920,17
29300.jpg,1903,1990,87
29305.jpg,1903,1901,-2
29310.jpg,1903,1850,-53
29315.jpg,1903,1960,57
29320.jpg,1903,1900,-3
29325.jpg,1903,1900,-3
29330.jpg,1903,1930,27
29335.jpg,1903,1908,5
29340.jpg,1903,1920,17
29345.jpg,1903,-1,-1904
29350.jpg,1903,1850,-53
29355.jpg,1903,1920,17
29360.jpg,1903,1900,-3
29365.jpg,1903,1970,67
29370.jpg,1903,2010,107
29375.jpg,1903,1900,-3
29380.jpg,1904,1925,21
29385.jpg,1904,1900,-4
29390.jpg,1904,16,-1888
29395.jpg,1904,2023,119
29400.jpg,1904,1850,-54
29405.jpg,1904,1930,26
29410.jpg,1904,1930,26
29415.jpg,1904,1950,46
29420.jpg,1904,1930,26
29425.jpg,1904,1890,-14
29430.jpg,1904,1860,-44
29435.jpg,1904,1850,-54
29440.jpg,1904,1910,6
29445.jpg,1904,1920,16
29450.jpg,1904,1920,16
29455.jpg,1904,1925,21
29460.jpg,1904,1879,-25
29465.jpg,1904,1940,36
29470.jpg,1904,1990,86
29475.jpg,1904,1850,-54
29480.jpg,1904,2005,101
29485.jpg,1904,1890,-14
29490.jpg,1904,1920,16
29495.jpg,1904,1920,16
29500.jpg,1904,2006,102
29505.jpg,1904,1880,-24
29510.jpg,1904,1920,16
29515.jpg,1904,1895,-9
29520.jpg,1904,1930,26
29525.jpg,1904,1925,21
29530.jpg,1904,1920,16
29535.jpg,1904,1930,26
29540.jpg,1904,1930,26
29550.jpg,1904,1780,-124
29555.jpg,1904,1950,46
29560.jpg,1904,19,-1885
29565.jpg,1904,1925,21
29570.jpg,1904,1880,-24
29575.jpg,1904,1932,28
29580.jpg,1904,1892,-12
29585.jpg,1904,1950,46
29590.jpg,1904,1939,35
29595.jpg,1904,1900,-4
29600.jpg,1904,2000,96
29605.jpg,1904,1970,66
29610.jpg,1904,1890,-14
29615.jpg,1904,1885,-19
29620.jpg,1904,1890,-14
29625.jpg,1904,1900,-4
29630.jpg,1904,1850,-54
29635.jpg,1904,1850,-54
29640.jpg,1904,1850,-54
29645.jpg,1904,1900,-4
29650.jpg,1904,1850,-54
29655.jpg,1904,1850,-54
29660.jpg,1904,1920,16
29665.jpg,1904,1840,-64
29670.jpg,1904,1890,-14
29675.jpg,1904,1973,69
29680.jpg,1904,1897,-7
29685.jpg,1904,1850,-54
29690.jpg,1904,1920,16
29695.jpg,1904,1920,16
29700.jpg,1904,1900,-4
29705.jpg,1904,1908,4
29710.jpg,1904,1870,-34
29715.jpg,1904,1910,6
29720.jpg,1904,1900,-4
29725.jpg,1904,1940,36
29730.jpg,1904,1890,-14
29735.jpg,1904,1870,-34
29740.jpg,1904,1900,-4
29745.jpg,1904,1850,-54
29750.jpg,1904,1900,-4
29755.jpg,1904,1850,-54
29760.jpg,1904,1920,16
29765.jpg,1904,1930,26
29770.jpg,1904,1914,10
29775.jpg,1904,1990,86
29780.jpg,1904,1904,0
29790.jpg,1904,1893,-11
29795.jpg,1904,1900,-4
29800.jpg,1904,1920,16
29805.jpg,1904,1600,-304
29810.jpg,1904,1950,46
29815.jpg,1904,1839,-65
29820.jpg,1904,1900,-4
29825.jpg,1904,1938,34
29830.jpg,1905,1880,-25
29835.jpg,1905,1925,20
29840.jpg,1905,1860,-45
29845.jpg,1905,1930,25
29850.jpg,1905,2019,114
29855.jpg,1905,1906,1
29860.jpg,1905,1980,75
29865.jpg,1905,1900,-5
29870.jpg,1905,1850,-55
29875.jpg,1905,1950,45
29880.jpg,1905,1850,-55
29885.jpg,1905,19,-1886
29890.jpg,1905,1920,15
29895.jpg,1905,1890,-15
29900.jpg,1905,1925,20
29905.jpg,1905,1920,15
29910.jpg,1905,1924,19
29915.jpg,1905,1894,-11
29920.jpg,1905,19,-1886
29925.jpg,1905,1920,15
29930.jpg,1905,1880,-25
29935.jpg,1905,1910,5
29940.jpg,1905,1850,-55
29945.jpg,1905,1910,5
29950.jpg,1905,1925,20
29960.jpg,1905,1880,-25
29965.jpg,1905,1880,-25
29970.jpg,1905,1850,-55
29975.jpg,1905,1892,-13
29980.jpg,1905,2005,100
29985.jpg,1905,1880,-25
29990.jpg,1905,1881,-24
29995.jpg,1905,1787,-118
30000.jpg,1905,1914,9
30005.jpg,1905,1950,45
30015.jpg,1905,1920,15
30020.jpg,1905,1450,-455
30025.jpg,1905,1900,-5
30030.jpg,1905,1850,-55
30035.jpg,1905,1920,15
30040.jpg,1905,1940,35
30045.jpg,1905,1880,-25
30050.jpg,1905,1930,25
30055.jpg,1905,1921,16
30060.jpg,1905,1900,-5
30065.jpg,1905,1900,-5
30070.jpg,1905,1800,-105
30075.jpg,1905,1929,24
30080.jpg,1905,1890,-15
30085.jpg,1905,1950,45
30090.jpg,1905,1890,-15
30095.jpg,1905,1903,-2
30100.jpg,1905,1800,-105
30105.jpg,1905,1910,5
30110.jpg,1905,2000,95
30115.jpg,1905,1850,-55
30120.jpg,1905,1850,-55
30125.jpg,1905,1890,-15
30130.jpg,1905,1775,-130
30135.jpg,1905,1850,-55
30140.jpg,1905,1890,-15
30145.jpg,1905,1850,-55
30155.jpg,1905,1900,-5
30160.jpg,1905,1920,15
30165.jpg,1905,1700,-205
30170.jpg,1905,1900,-5
30175.jpg,1905,1910,5
30180.jpg,1905,1870,-35
30185.jpg,1905,1920,15
30190.jpg,1905,1850,-55
30195.jpg,1905,1850,-55
30200.jpg,1905,1900,-5
30205.jpg,1905,1950,45
30210.jpg,1905,1685,-220
30215.jpg,1905,1900,-5
30220.jpg,1905,19,-1886
30225.jpg,1905,1850,-55
30230.jpg,1905,1930,25
30235.jpg,1905,1900,-5
30240.jpg,1905,1920,15
30245.jpg,1905,1900,-5
30250.jpg,1905,1850,-55
30255.jpg,1905,1920,15
30260.jpg,1905,1929,24
30265.jpg,1905,1850,-55
30270.jpg,1905,1890,-15
30275.jpg,1905,1900,-5
30280.jpg,1905,1800,-105
30285.jpg,1905,1920,15
30290.jpg,1905,1850,-55
30295.jpg,1906,1885,-21
30300.jpg,1906,1900,-6
30305.jpg,1906,1900,-6
30310.jpg,1906,1908,2
30315.jpg,1906,1880,-26
30320.jpg,1906,2007,101
30325.jpg,1906,20,-1886
30330.jpg,1906,1920,14
30335.jpg,1906,1910,4
30340.jpg,1906,1900,-6
30345.jpg,1906,1850,-56
30350.jpg,1906,1920,14
30355.jpg,1906,1450,-456
30360.jpg,1906,1920,14
30365.jpg,1906,1970,64
30370.jpg,1906,1930,24
30375.jpg,1906,1910,4
30380.jpg,1906,1920,14
30385.jpg,1906,1850,-56
30390.jpg,1906,1850,-56
30395.jpg,1906,1925,19
30400.jpg,1906,1900,-6
30405.jpg,1906,1930,24
30410.jpg,1906,1890,-16
30415.jpg,1906,1920,14
30420.jpg,1906,1930,24
30425.jpg,1906,1920,14
30430.jpg,1906,1850,-56
30435.jpg,1906,1890,-16
30440.jpg,1906,1990,84
30445.jpg,1906,1913,7
30450.jpg,1906,-1,-1907
30455.jpg,1906,1850,-56
30460.jpg,1906,1960,54
30465.jpg,1906,1870,-36
30470.jpg,1906,1850,-56
30475.jpg,1906,19,-1887
30480.jpg,1906,1910,4
30485.jpg,1906,1890,-16
30490.jpg,1906,1850,-56
30495.jpg,1906,1850,-56
30500.jpg,1906,1950,44
30505.jpg,1906,1950,44
30510.jpg,1906,1910,4
30515.jpg,1906,1950,44
30520.jpg,1906,1910,4
30525.jpg,1906,1850,-56
30530.jpg,1906,1890,-16
30535.jpg,1906,1930,24
30540.jpg,1906,1900,-6
30545.jpg,1906,1939,33
30550.jpg,1906,1850,-56
30555.jpg,1906,1907,1
30560.jpg,1906,1850,-56
30565.jpg,1906,1850,-56
30570.jpg,1906,1850,-56
30575.jpg,1906,1900,-6
30580.jpg,1906,1900,-6
30585.jpg,1906,1900,-6
30590.jpg,1906,1900,-6
30595.jpg,1906,1930,24
30600.jpg,1906,1890,-16
30605.jpg,1906,1900,-6
30610.jpg,1906,1850,-56
30615.jpg,1906,1920,14
30620.jpg,1906,1900,-6
30625.jpg,1906,1850,-56
30630.jpg,1906,1900,-6
30635.jpg,1906,1900,-6
30640.jpg,1906,1930,24
30645.jpg,1906,1867,-39
30650.jpg,1906,1978,72
30655.jpg,1906,1850,-56
30665.jpg,1906,1915,9
30670.jpg,1906,1900,-6
30685.jpg,1906,1600,-306
30690.jpg,1906,1850,-56
30695.jpg,1906,1910,4
30700.jpg,1906,1920,14
30705.jpg,1906,1920,14
30710.jpg,1906,1950,44
30715.jpg,1906,1980,74
30720.jpg,1906,1930,24
30725.jpg,1906,20,-1886
30730.jpg,1906,2008,102
30740.jpg,1906,1880,-26
30745.jpg,1906,1915,9
30750.jpg,1906,19,-1887
30760.jpg,1907,1924,17
30765.jpg,1907,1900,-7
30770.jpg,1907,1900,-7
30780.jpg,1907,1970,63
30785.jpg,1907,1930,23
30790.jpg,1907,1950,43
30795.jpg,1907,1400,-507
30800.jpg,1907,1920,13
30805.jpg,1907,1800,-107
30810.jpg,1907,1896,-11
30815.jpg,1907,1920,13
30820.jpg,1907,1920,13
30825.jpg,1907,1920,13
30830.jpg,1907,1890,-17
30835.jpg,1907,1902,-5
30840.jpg,1907,1920,13
30845.jpg,1907,1920,13
30855.jpg,1907,20,-1887
30860.jpg,1907,1920,13
30865.jpg,1907,1910,3
30870.jpg,1907,1920,13
30875.jpg,1907,1930,23
30880.jpg,1907,1970,63
30885.jpg,1907,1900,-7
30895.jpg,1907,1920,13
30900.jpg,1907,1890,-17
30905.jpg,1907,1880,-27
30910.jpg,1907,20,-1887
30915.jpg,1907,2000,93
30920.jpg,1907,1980,73
30925.jpg,1907,1800,-107
30930.jpg,1907,1850,-57
30935.jpg,1907,1860,-47
30940.jpg,1907,1980,73
30945.jpg,1907,1901,-6
30950.jpg,1907,1800,-107
30955.jpg,1907,1850,-57
30960.jpg,1907,1850,-57
30965.jpg,1907,1940,33
30970.jpg,1907,1930,23
30975.jpg,1907,1870,-37
30980.jpg,1907,1850,-57
30985.jpg,1907,1920,13
30990.jpg,1907,1850,-57
30995.jpg,1907,1950,43
31000.jpg,1907,1930,23
31005.jpg,1907,1890,-17
31010.jpg,1907,1920,13
31015.jpg,1907,1900,-7
31020.jpg,1907,1900,-7
31025.jpg,1907,2000,93
31030.jpg,1907,1850,-57
31035.jpg,1907,1850,-57
31040.jpg,1907,1860,-47
31045.jpg,1907,1900,-7
31050.jpg,1907,1920,13
31055.jpg,1907,1850,-57
31060.jpg,1907,1880,-27
31065.jpg,1907,1910,3
31070.jpg,1907,1910,3
31075.jpg,1907,1900,-7
31080.jpg,1907,1910,3
31085.jpg,1907,19,-1888
31090.jpg,1907,1900,-7
31095.jpg,1907,1850,-57
31100.jpg,1907,1964,57
31105.jpg,1907,1800,-107
31110.jpg,1907,-1,-1908
31115.jpg,1907,1900,-7
31120.jpg,1907,1900,-7
31125.jpg,1907,1850,-57
31130.jpg,1907,1870,-37
31135.jpg,1907,1900,-7
31140.jpg,1907,1929,22
31150.jpg,1907,1450,-457
31155.jpg,1907,1930,23
31160.jpg,1907,1920,13
31165.jpg,1907,19,-1888
31170.jpg,1907,1950,43
31175.jpg,1907,1930,23
31180.jpg,1907,1950,43
31185.jpg,1907,1900,-7
31190.jpg,1907,2005,98
31195.jpg,1907,1900,-7
31200.jpg,1907,1920,13
31205.jpg,1907,1930,23
31210.jpg,1907,1910,3
31215.jpg,1907,1910,3
31220.jpg,1907,1910,3
31225.jpg,1907,-1,-1908
31230.jpg,1907,1925,18
31235.jpg,1907,1920,13
31240.jpg,1907,1900,-7
31245.jpg,1907,1850,-57
31250.jpg,1907,1910,3
31255.jpg,1907,1887,-20
31260.jpg,1907,1930,23
31265.jpg,1907,1851,-56
31270.jpg,1907,1905,-2
31275.jpg,1907,19,-1888
31280.jpg,1907,1900,-7
31285.jpg,1907,2000,93
31290.jpg,1907,1450,-457
31295.jpg,1907,1920,13
31300.jpg,1907,1990,83
31305.jpg,1907,1930,23
31310.jpg,1908,1970,62
31315.jpg,1908,1930,22
31320.jpg,1908,1930,22
31325.jpg,1908,1900,-8
31330.jpg,1908,1650,-258
31335.jpg,1908,1945,37
31345.jpg,1908,-1,-1909
31350.jpg,1908,1920,12
31355.jpg,1908,1,-1907
31360.jpg,1908,1920,12
31365.jpg,1908,19,-1889
31370.jpg,1908,1920,12
31380.jpg,1908,1850,-58
31385.jpg,1908,20,-1888
31390.jpg,1908,1910,2
31395.jpg,1908,1910,2
31400.jpg,1908,1900,-8
31405.jpg,1908,1930,22
31410.jpg,1908,1900,-8
31415.jpg,1908,-1,-1909
31420.jpg,1908,1860,-48
31425.jpg,1908,1925,17
31430.jpg,1908,1900,-8
31435.jpg,1908,1920,12
31440.jpg,1908,1890,-18
31445.jpg,1908,1910,2
31450.jpg,1908,1900,-8
31455.jpg,1908,20,-1888
31460.jpg,1908,1920,12
31465.jpg,1908,1820,-88
31470.jpg,1908,1880,-28
31475.jpg,1908,1900,-8
31480.jpg,1908,1830,-78
31485.jpg,1908,1875,-33
31490.jpg,1908,1870,-38
31500.jpg,1908,1920,12
31505.jpg,1908,1920,12
31510.jpg,1908,1890,-18
31515.jpg,1908,1883,-25
31520.jpg,1908,2005,97
31525.jpg,1908,1910,2
31530.jpg,1908,1950,42
31535.jpg,1908,1930,22
31540.jpg,1908,1850,-58
31545.jpg,1908,1890,-18
31550.jpg,1908,1900,-8
31555.jpg,1908,1850,-58
31560.jpg,1908,2010,102
31565.jpg,1908,1850,-58
31570.jpg,1908,1750,-158
31575.jpg,1908,1850,-58
31580.jpg,1908,1880,-28
31585.jpg,1908,1800,-108
31590.jpg,1908,1880,-28
31595.jpg,1908,1850,-58
31600.jpg,1908,1890,-18
31605.jpg,1908,1920,12
31610.jpg,1908,1850,-58
31620.jpg,1908,1920,12
31625.jpg,1908,1903,-5
31630.jpg,1908,1900,-8
31635.jpg,1908,1920,12
31640.jpg,1908,1900,-8
31645.jpg,1908,1900,-8
31650.jpg,1908,1950,42
31655.jpg,1908,1900,-8
31660.jpg,1908,1907,-1
31665.jpg,1908,19,-1889
31670.jpg,1908,1896,-12
31675.jpg,1908,1850,-58
31680.jpg,1908,1750,-158
31685.jpg,1908,1910,2
31690.jpg,1908,1880,-28
31695.jpg,1908,1925,17
31700.jpg,1908,1775,-133
31705.jpg,1908,1850,-58
31710.jpg,1908,1900,-8
31715.jpg,1908,1910,2
31720.jpg,1908,1930,22
31725.jpg,1908,1920,12
31730.jpg,1908,1910,2
31735.jpg,1908,1920,12
31740.jpg,1908,1985,77
31745.jpg,1908,1800,-108
31750.jpg,1908,1950,42
31755.jpg,1908,1890,-18
31760.jpg,1908,1860,-48
31765.jpg,1909,1925,16
31770.jpg,1909,1920,11
31775.jpg,1909,1900,-9
31780.jpg,1909,1890,-19
31785.jpg,1909,2004,95
31790.jpg,1909,2015,106
31805.jpg,1909,1970,61
31815.jpg,1909,1920,11
31820.jpg,1909,19,-1890
31825.jpg,1909,1915,6
31830.jpg,1909,1856,-53
31835.jpg,1909,1950,41
31840.jpg,1909,1900,-9
31845.jpg,1909,1890,-19
31850.jpg,1909,1910,1
31855.jpg,1909,1925,16
31860.jpg,1909,1900,-9
31865.jpg,1909,1920,11
31870.jpg,1909,1910,1
31875.jpg,1909,1920,11
31880.jpg,1909,1900,-9
31885.jpg,1909,1898,-11
31890.jpg,1909,20,-1889
31895.jpg,1909,1850,-59
31900.jpg,1909,1800,-109
31905.jpg,1909,20,-1889
31910.jpg,1909,1930,21
31915.jpg,1909,1910,1
31920.jpg,1909,1450,-459
31925.jpg,1909,1950,41
31930.jpg,1909,1920,11
31935.jpg,1909,1900,-9
31940.jpg,1909,1900,-9
31945.jpg,1909,1925,16
31950.jpg,1909,1925,16
31955.jpg,1909,1850,-59
31960.jpg,1909,2010,101
31970.jpg,1909,1890,-19
31975.jpg,1909,1910,1
31980.jpg,1909,1920,11
31985.jpg,1909,19,-1890
31990.jpg,1909,1910,1
31995.jpg,1909,1920,11
32005.jpg,1909,1700,-209
32015.jpg,1909,1880,-29
32020.jpg,1909,1850,-59
32025.jpg,1909,1920,11
32030.jpg,1909,1920,11
32035.jpg,1909,-1,-1910
32045.jpg,1909,1850,-59
32050.jpg,1909,1900,-9
32055.jpg,1909,1897,-12
32060.jpg,1909,2008,99
32065.jpg,1909,1900,-9
32070.jpg,1909,1873,-36
32075.jpg,1909,1700,-209
32080.jpg,1909,1600,-309
32085.jpg,1909,1930,21
32090.jpg,1909,1900,-9
32095.jpg,1909,1880,-29
32100.jpg,1909,1920,11
32105.jpg,1909,1950,41
32110.jpg,1909,1850,-59
32115.jpg,1909,1910,1
32120.jpg,1909,1920,11
32125.jpg,1909,1930,21
32130.jpg,1909,1930,21
32135.jpg,1909,1850,-59
32140.jpg,1909,1912,3
32145.jpg,1909,1880,-29
32150.jpg,1909,19,-1890
32155.jpg,1909,1960,51
32160.jpg,1909,1850,-59
32165.jpg,1909,1910,1
32170.jpg,1909,19,-1890
32175.jpg,1909,19,-1890
32180.jpg,1909,1920,11
32185.jpg,1909,1880,-29
32190.jpg,1909,1750,-159
32195.jpg,1909,1,-1908
32200.jpg,1909,1920,11
32205.jpg,1909,1950,41
32210.jpg,1909,1900,-9
32215.jpg,1909,1900,-9
32220.jpg,1909,16,-1893
32225.jpg,1909,20,-1889
32230.jpg,1910,1750,-160
32235.jpg,1910,1915,5
32240.jpg,1910,1910,0
32245.jpg,1910,1450,-460
32255.jpg,1910,1915,5
32260.jpg,1910,1920,10
32265.jpg,1910,2010,100
32270.jpg,1910,1935,25
32275.jpg,1910,2000,90
32280.jpg,1910,1934,24
32285.jpg,1910,-1,-1911
32290.jpg,1910,1910,0
32295.jpg,1910,1900,-10
32300.jpg,1910,1850,-60
32305.jpg,1910,2022,112
32310.jpg,1910,1920,10
32315.jpg,1910,1915,5
32320.jpg,1910,1950,40
32325.jpg,1910,1910,0
32330.jpg,1910,1920,10
32335.jpg,1910,1925,15
32340.jpg,1910,1760,-150
32345.jpg,1910,1912,2
32350.jpg,1910,1850,-60
32355.jpg,1910,1890,-20
32360.jpg,1910,1930,20
32365.jpg,1910,1930,20
32370.jpg,1910,1950,40
32375.jpg,1910,1930,20
32380.jpg,1910,1920,10
32385.jpg,1910,2005,95
32390.jpg,1910,2009,99
32395.jpg,1910,1806,-104
32400.jpg,1910,1842,-68
32405.jpg,1910,1892,-18
32410.jpg,1910,1930,20
32415.jpg,1910,1800,-110
32420.jpg,1910,19,-1891
32425.jpg,1910,1775,-135
32430.jpg,1910,1920,10
32435.jpg,1910,1900,-10
32440.jpg,1910,1850,-60
32445.jpg,1910,1920,10
32450.jpg,1910,1920,10
32455.jpg,1910,1890,-20
32460.jpg,1910,1900,-10
32465.jpg,1910,1900,-10
32470.jpg,1910,1850,-60
32475.jpg,1910,1950,40
32480.jpg,1910,20,-1890
32485.jpg,1910,1930,20
32490.jpg,1910,19,-1891
32495.jpg,1910,1950,40
32500.jpg,1910,1930,20
32505.jpg,1910,1925,15
32510.jpg,1910,1950,40
32515.jpg,1910,1910,0
32520.jpg,1910,1910,0
32525.jpg,1910,19,-1891
32530.jpg,1910,1930,20
32535.jpg,1910,1850,-60
32540.jpg,1910,1930,20
32545.jpg,1910,2005,95
32550.jpg,1910,1850,-60
32555.jpg,1910,1850,-60
32560.jpg,1910,1980,70
32565.jpg,1910,1920,10
32570.jpg,1910,1890,-20
32575.jpg,1910,1910,0
32580.jpg,1910,19,-1891
32585.jpg,1910,1950,40
32590.jpg,1910,1850,-60
32595.jpg,1910,1915,5
32600.jpg,1910,19,-1891
32605.jpg,1910,16,-1894
32610.jpg,1910,20,-1890
32615.jpg,1910,1925,15
32620.jpg,1910,1920,10
32625.jpg,1910,1930,20
32630.jpg,1910,1900,-10
32635.jpg,1910,1900,-10
32640.jpg,1910,1920,10
32645.jpg,1910,1920,10
32650.jpg,1910,1820,-90
32655.jpg,1910,1950,40
32660.jpg,1910,1930,20
32665.jpg,1910,1890,-20
32675.jpg,1910,1920,10
32680.jpg,1910,1940,30
32685.jpg,1910,1920,10
32690.jpg,1910,1890,-20
32695.jpg,1910,1932,22
32700.jpg,1910,1920,10
32705.jpg,1910,1850,-60
32710.jpg,1910,1900,-10
32715.jpg,1910,1925,15
32720.jpg,1910,1920,10
32725.jpg,1910,19,-1891
32730.jpg,1910,-1,-1911
32735.jpg,1910,2023,113
32740.jpg,1911,1300,-611
32745.jpg,1911,1930,19
32750.jpg,1911,1926,15
32755.jpg,1911,1928,17
32760.jpg,1911,1930,19
32765.jpg,1911,1900,-11
32770.jpg,1911,16,-1895
32775.jpg,1911,1920,9
32780.jpg,1911,1950,39
32785.jpg,1911,1940,29
32790.jpg,1911,1910,-1
32795.jpg,1911,1931,20
32800.jpg,1911,1960,49
32805.jpg,1911,1850,-61
32810.jpg,1911,1900,-11
32815.jpg,1911,1980,69
32820.jpg,1911,1930,19
32825.jpg,1911,1930,19
32830.jpg,1911,1940,29
32835.jpg,1911,1899,-12
32840.jpg,1911,1950,39
32845.jpg,1911,1450,-461
32850.jpg,1911,1940,29
32855.jpg,1911,1920,9
32860.jpg,1911,1950,39
32865.jpg,1911,1900,-11
32870.jpg,1911,1920,9
32875.jpg,1911,1930,19
32885.jpg,1911,1925,14
32890.jpg,1911,1850,-61
32895.jpg,1911,1900,-11
32900.jpg,1911,1890,-21
32905.jpg,1911,1910,-1
32910.jpg,1911,1890,-21
32915.jpg,1911,1890,-21
32920.jpg,1911,1940,29
32925.jpg,1911,1900,-11
32930.jpg,1911,1925,14
32935.jpg,1911,1960,49
32940.jpg,1911,1920,9
32945.jpg,1911,1890,-21
32950.jpg,1911,2021,110
32955.jpg,1911,1859,-52
32960.jpg,1911,1926,15
32965.jpg,1911,1850,-61
32970.jpg,1911,1927,16
32975.jpg,1911,1,-1910
32980.jpg,1911,1880,-31
32985.jpg,1911,1920,9
32990.jpg,1911,1870,-41
32995.jpg,1911,1900,-11
33000.jpg,1911,1908,-3
33005.jpg,1911,1910,-1
33010.jpg,1911,1910,-1
33015.jpg,1911,1875,-36
33020.jpg,1911,1950,39
33025.jpg,1911,1950,39
33030.jpg,1911,1890,-21
33035.jpg,1911,1920,9
33040.jpg,1911,1930,19
33045.jpg,1911,1850,-61
33050.jpg,1911,1926,15
33055.jpg,1911,1925,14
33060.jpg,1911,1900,-11
33065.jpg,1911,1850,-61
33070.jpg,1911,1950,39
33075.jpg,1911,1910,-1
33080.jpg,1911,1900,-11
33085.jpg,1911,1900,-11
33090.jpg,1911,1900,-11
33095.jpg,1911,1900,-11
33100.jpg,1911,1800,-111
33105.jpg,1911,1850,-61
33110.jpg,1911,1950,39
33115.jpg,1911,1931,20
33120.jpg,1911,1910,-1
33125.jpg,1911,1961,50
33130.jpg,1911,1820,-91
33135.jpg,1911,1930,19
33140.jpg,1911,1920,9
33145.jpg,1911,1870,-41
33150.jpg,1911,1500,-411
33155.jpg,1911,1960,49
33160.jpg,1911,1920,9
33165.jpg,1911,1920,9
33170.jpg,1911,1910,-1
33175.jpg,1911,1950,39
33180.jpg,1911,1998,87
33185.jpg,1911,1904,-7
33190.jpg,1911,1920,9
33195.jpg,1911,2010,99
33200.jpg,1911,1930,19
33205.jpg,1911,1870,-41
33210.jpg,1911,1891,-20
33215.jpg,1911,1850,-61
33220.jpg,1911,1910,-1
33225.jpg,1911,1950,39
33230.jpg,1911,1875,-36
33235.jpg,1911,1,-1910
33240.jpg,1911,1840,-71
33245.jpg,1911,1920,9
33250.jpg,1911,1930,19
33255.jpg,1911,1984,73
33260.jpg,1911,1863,-48
33265.jpg,1911,1935,24
33270.jpg,1911,1900,-11
33275.jpg,1911,1890,-21
33280.jpg,1912,1910,-2
33285.jpg,1912,1900,-12
33290.jpg,1912,1910,-2
33295.jpg,1912,1900,-12
33300.jpg,1912,1915,3
33310.jpg,1912,2000,88
33315.jpg,1912,1975,63
33320.jpg,1912,1970,58
33325.jpg,1912,1923,11
33330.jpg,1912,1900,-12
33335.jpg,1912,1925,13
33340.jpg,1912,1850,-62
33345.jpg,1912,1920,8
33350.jpg,1912,1750,-162
33355.jpg,1912,1920,8
33360.jpg,1912,1910,-2
33365.jpg,1912,1890,-22
33375.jpg,1912,1920,8
33380.jpg,1912,1930,18
33385.jpg,1912,1900,-12
33390.jpg,1912,1915,3
33395.jpg,1912,1950,38
33400.jpg,1912,1930,18
33405.jpg,1912,2010,98
33410.jpg,1912,1890,-22
33415.jpg,1912,1900,-12
33420.jpg,1912,1925,13
33425.jpg,1912,1920,8
33430.jpg,1912,18,-1894
33435.jpg,1912,1920,8
33440.jpg,1912,1920,8
33445.jpg,1912,1950,38
33450.jpg,1912,1890,-22
33455.jpg,1912,1950,38
33460.jpg,1912,1850,-62
33465.jpg,1912,1920,8
33470.jpg,1912,1920,8
33475.jpg,1912,1910,-2
33480.jpg,1912,1890,-22
33485.jpg,1912,1900,-12
33490.jpg,1912,1890,-22
33495.jpg,1912,1930,18
33500.jpg,1912,1900,-12
33505.jpg,1912,1850,-62
33510.jpg,1912,20,-1892
33515.jpg,1912,19,-1893
33520.jpg,1912,1910,-2
33525.jpg,1912,1920,8
33530.jpg,1912,1900,-12
33535.jpg,1912,1920,8
33540.jpg,1912,1920,8
33545.jpg,1912,1920,8
33550.jpg,1912,1920,8
33555.jpg,1912,1900,-12
33560.jpg,1912,1910,-2
33565.jpg,1912,1930,18
33570.jpg,1912,1890,-22
33580.jpg,1912,1850,-62
33585.jpg,1912,1850,-62
33590.jpg,1912,1890,-22
33595.jpg,1912,1890,-22
33600.jpg,1912,1898,-14
33605.jpg,1912,1850,-62
33615.jpg,1912,1939,27
33620.jpg,1912,1920,8
33625.jpg,1912,19,-1893
33630.jpg,1912,1940,28
33635.jpg,1912,1920,8
33640.jpg,1912,1910,-2
33645.jpg,1912,1925,13
33650.jpg,1912,1900,-12
33655.jpg,1912,1880,-32
33660.jpg,1912,1910,-2
33665.jpg,1912,1750,-162
33670.jpg,1912,1950,38
33675.jpg,1912,1997,85
33680.jpg,1912,1912,0
33685.jpg,1912,1930,18
33690.jpg,1912,1963,51
33695.jpg,1912,1899,-13
33700.jpg,1912,1890,-22
33705.jpg,1912,1850,-62
33710.jpg,1912,1910,-2
33715.jpg,1912,1920,8
33720.jpg,1912,-1,-1913
33725.jpg,1912,1920,8
33735.jpg,1912,1850,-62
33740.jpg,1912,1900,-12
33745.jpg,1912,1915,3
33750.jpg,1912,1920,8
33755.jpg,1912,1880,-32
33760.jpg,1912,1910,-2
33765.jpg,1913,1850,-63
33770.jpg,1913,1850,-63
33775.jpg,1913,1901,-12
33780.jpg,1913,1900,-13
33785.jpg,1913,1890,-23
33790.jpg,1913,1910,-3
33795.jpg,1913,1904,-9
33800.jpg,1913,1776,-137
33805.jpg,1913,1890,-23
33810.jpg,1913,1920,7
33815.jpg,1913,1950,37
33820.jpg,1913,1930,17
33825.jpg,1913,1920,7
33830.jpg,1913,20,-1893
33840.jpg,1913,1920,7
33845.jpg,1913,1915,2
33850.jpg,1913,1900,-13
33855.jpg,1913,1920,7
33860.jpg,1913,1910,-3
33865.jpg,1913,1920,7
33870.jpg,1913,1905,-8
33875.jpg,1913,1900,-13
33880.jpg,1913,1925,12
33885.jpg,1913,1910,-3
33890.jpg,1913,1920,7
33895.jpg,1913,1950,37
33900.jpg,1913,1925,12
33905.jpg,1913,1914,1
33910.jpg,1913,1935,22
33915.jpg,1913,1910,-3
33920.jpg,1913,1920,7
33925.jpg,1913,1930,17
33930.jpg,1913,1955,42
33935.jpg,1913,1910,-3
33940.jpg,1913,1950,37
33945.jpg,1913,1925,12
33950.jpg,1913,1850,-63
33955.jpg,1913,2005,92
33960.jpg,1913,1950,37
33965.jpg,1913,1900,-13
33970.jpg,1913,20,-1893
33975.jpg,1913,1911,-2
33980.jpg,1913,20,-1893
33985.jpg,1913,1985,72
33990.jpg,1913,1900,-13
33995.jpg,1913,1900,-13
34000.jpg,1913,1900,-13
34005.jpg,1913,1960,47
34010.jpg,1913,1850,-63
34015.jpg,1913,2022,109
34020.jpg,1913,1937,24
34025.jpg,1913,1990,77
34030.jpg,1913,1930,17
34035.jpg,1913,1920,7
34040.jpg,1913,1900,-13
34045.jpg,1913,1925,12
34050.jpg,1913,1890,-23
34055.jpg,1913,1920,7
34060.jpg,1913,1950,37
34065.jpg,1913,1900,-13
34070.jpg,1913,1900,-13
34080.jpg,1913,1850,-63
34085.jpg,1913,1850,-63
34090.jpg,1913,1890,-23
34095.jpg,1913,20,-1893
34100.jpg,1913,1910,-3
34105.jpg,1913,1920,7
34110.jpg,1913,1900,-13
34115.jpg,1913,1920,7
34120.jpg,1913,18,-1895
34125.jpg,1913,1920,7
34130.jpg,1913,1920,7
34135.jpg,1913,1800,-113
34140.jpg,1913,1910,-3
34145.jpg,1913,1930,17
34150.jpg,1913,1900,-13
34155.jpg,1913,1885,-28
34160.jpg,1913,1850,-63
34165.jpg,1913,1920,7
34170.jpg,1913,1930,17
34175.jpg,1913,1850,-63
34180.jpg,1913,1830,-83
34185.jpg,1913,1896,-17
34190.jpg,1913,2010,97
34195.jpg,1913,18,-1895
34200.jpg,1913,1450,-463
34205.jpg,1913,1925,12
34210.jpg,1913,1870,-43
34215.jpg,1913,1890,-23
34220.jpg,1913,1650,-263
34225.jpg,1914,1930,16
34230.jpg,1914,1925,11
34235.jpg,1914,1930,16
34240.jpg,1914,1915,1
34245.jpg,1914,2020,106
34250.jpg,1914,1930,16
34260.jpg,1914,2003,89
34265.jpg,1914,1930,16
34270.jpg,1914,1924,10
34275.jpg,1914,1930,16
34280.jpg,1914,1,-1913
34285.jpg,1914,1930,16
34290.jpg,1914,1920,6
34295.jpg,1914,1920,6
34300.jpg,1914,1920,6
34305.jpg,1914,1910,-4
34310.jpg,1914,1925,11
34315.jpg,1914,1900,-14
34320.jpg,1914,20,-1894
34325.jpg,1914,1900,-14
34330.jpg,1914,1908,-6
34335.jpg,1914,1950,36
34345.jpg,1914,1940,26
34350.jpg,1914,18,-1896
34360.jpg,1914,1925,11
34365.jpg,1914,1930,16
34370.jpg,1914,1920,6
34375.jpg,1914,1830,-84
34380.jpg,1914,1950,36
34385.jpg,1914,1900,-14
34390.jpg,1914,1890,-24
34395.jpg,1914,1920,6
34400.jpg,1914,1880,-34
34405.jpg,1914,19,-1895
34410.jpg,1914,1890,-24
34415.jpg,1914,1850,-64
34420.jpg,1914,1450,-464
34425.jpg,1914,1502,-412
34430.jpg,1914,1920,6
34435.jpg,1914,1900,-14
34440.jpg,1914,1850,-64
34445.jpg,1914,1800,-114
34450.jpg,1914,1890,-24
34455.jpg,1914,1800,-114
34460.jpg,1914,1995,81
34465.jpg,1914,1900,-14
34470.jpg,1914,1930,16
34475.jpg,1914,1900,-14
34480.jpg,1914,1950,36
34485.jpg,1914,1880,-34
34490.jpg,1914,1900,-14
34495.jpg,1914,1950,36
34500.jpg,1914,1850,-64
34505.jpg,1914,1450,-464
34515.jpg,1914,1800,-114
34520.jpg,1914,1900,-14
34525.jpg,1914,1920,6
34530.jpg,1914,19,-1895
34535.jpg,1914,1950,36
34540.jpg,1914,1930,16
34545.jpg,1914,1800,-114
34550.jpg,1914,1880,-34
34555.jpg,1914,1900,-14
34560.jpg,1914,1920,6
34565.jpg,1914,1980,66
34570.jpg,1914,1950,36
34575.jpg,1914,1920,6
34580.jpg,1914,1960,46
34590.jpg,1914,1850,-64
34595.jpg,1914,1940,26
34600.jpg,1914,1930,16
34605.jpg,1914,1,-1913
34610.jpg,1914,1920,6
34615.jpg,1914,1920,6
34620.jpg,1914,-1,-1915
34625.jpg,1914,1900,-14
34630.jpg,1914,1800,-114
34635.jpg,1914,1450,-464
34640.jpg,1914,1634,-280
34645.jpg,1914,1900,-14
34650.jpg,1914,1900,-14
34655.jpg,1914,1900,-14
34660.jpg,1914,1945,31
34665.jpg,1914,1929,15
34670.jpg,1914,1900,-14
34675.jpg,1914,1920,6
34680.jpg,1914,1888,-26
34685.jpg,1914,1930,16
34690.jpg,1914,1950,36
34695.jpg,1914,1850,-64
34700.jpg,1914,1930,16
34705.jpg,1914,1900,-14
34710.jpg,1914,19,-1895
34715.jpg,1914,1920,6
34720.jpg,1915,1851,-64
34725.jpg,1915,1999,84
34730.jpg,1915,1900,-15
34735.jpg,1915,1925,10
34740.jpg,1915,1916,1
34750.jpg,1915,1920,5
34755.jpg,1915,2010,95
34765.jpg,1915,1500,-415
34770.jpg,1915,19,-1896
34775.jpg,1915,1925,10
34780.jpg,1915,1930,15
34785.jpg,1915,1850,-65
34790.jpg,1915,1920,5
34795.jpg,1915,1860,-55
34800.jpg,1915,1930,15
34805.jpg,1915,1910,-5
34810.jpg,1915,1920,5
34815.jpg,1915,1890,-25
34820.jpg,1915,20,-1895
34825.jpg,1915,1930,15
34830.jpg,1915,1925,10
34835.jpg,1915,1930,15
34840.jpg,1915,1850,-65
34845.jpg,1915,1930,15
34850.jpg,1915,1920,5
34855.jpg,1915,1840,-75
34860.jpg,1915,1920,5
34865.jpg,1915,1910,-5
34870.jpg,1915,1930,15
34875.jpg,1915,1910,-5
34880.jpg,1915,1924,9
34885.jpg,1915,1850,-65
34890.jpg,1915,1830,-85
34895.jpg,1915,1903,-12
34900.jpg,1915,1850,-65
34905.jpg,1915,1800,-115
34910.jpg,1915,1930,15
34915.jpg,1915,1880,-35
34920.jpg,1915,1900,-15
34925.jpg,1915,19,-1896
34930.jpg,1915,1850,-65
34935.jpg,1915,1890,-25
34940.jpg,1915,1850,-65
34945.jpg,1915,1930,15
34950.jpg,1915,1950,35
34955.jpg,1915,20,-1895
34960.jpg,1915,1950,35
34965.jpg,1915,20,-1895
34970.jpg,1915,1920,5
34975.jpg,1915,1850,-65
34980.jpg,1915,1890,-25
34985.jpg,1915,1850,-65
34990.jpg,1915,1920,5
34995.jpg,1915,1800,-115
35000.jpg,1915,1900,-15
35005.jpg,1915,1900,-15
35010.jpg,1915,1950,35
35015.jpg,1915,1900,-15
35020.jpg,1915,1920,5
35025.jpg,1915,1900,-15
35030.jpg,1915,1925,10
35035.jpg,1915,1850,-65
35040.jpg,1915,1800,-115
35045.jpg,1915,1910,-5
35050.jpg,1915,2026,111
35055.jpg,1915,1930,15
35060.jpg,1915,1930,15
35065.jpg,1915,1910,-5
35070.jpg,1915,1910,-5
35075.jpg,1915,1930,15
35080.jpg,1915,1950,35
35085.jpg,1915,1920,5
35090.jpg,1915,1960,45
35095.jpg,1915,1890,-25
35100.jpg,1915,1910,-5
35105.jpg,1915,1930,15
35110.jpg,1915,1900,-15
35115.jpg,1915,1950,35
35120.jpg,1915,1700,-215
35125.jpg,1915,1860,-55
35130.jpg,1915,1920,5
35135.jpg,1915,1800,-115
35140.jpg,1915,1850,-65
35145.jpg,1915,1926,11
35150.jpg,1915,1910,-5
35155.jpg,1915,1920,5
35160.jpg,1916,1930,14
35165.jpg,1916,1950,34
35170.jpg,1916,1900,-16
35175.jpg,1916,1920,4
35180.jpg,1916,1880,-36
35185.jpg,1916,1926,10
35190.jpg,1916,1860,-56
35195.jpg,1916,1923,7
35200.jpg,1916,1890,-26
35205.jpg,1916,1890,-26
35210.jpg,1916,1995,79
35215.jpg,1916,1910,-6
35220.jpg,1916,1920,4
35225.jpg,1916,1950,34
35230.jpg,1916,1930,14
35235.jpg,1916,1863,-53
35240.jpg,1916,1910,-6
35245.jpg,1916,1920,4
35250.jpg,1916,1900,-16
35255.jpg,1916,1965,49
35260.jpg,1916,1925,9
35265.jpg,1916,1930,14
35270.jpg,1916,1900,-16
35275.jpg,1916,1850,-66
35280.jpg,1916,1910,-6
35285.jpg,1916,19,-1897
35290.jpg,1916,1900,-16
35295.jpg,1916,1878,-38
35300.jpg,1916,1850,-66
35305.jpg,1916,1920,4
35310.jpg,1916,1600,-316
35315.jpg,1916,1840,-76
35320.jpg,1916,1700,-216
35325.jpg,1916,1920,4
35330.jpg,1916,1950,34
35335.jpg,1916,1800,-116
35340.jpg,1916,1880,-36
35345.jpg,1916,1870,-46
35350.jpg,1916,1910,-6
35355.jpg,1916,1920,4
35360.jpg,1916,1920,4
35365.jpg,1916,1945,29
35370.jpg,1916,1890,-26
35375.jpg,1916,1920,4
35380.jpg,1916,1910,-6
35385.jpg,1916,1920,4
35390.jpg,1916,1950,34
35395.jpg,1916,1920,4
35400.jpg,1916,1890,-26
35405.jpg,1916,1830,-86
35410.jpg,1916,1925,9
35415.jpg,1916,1915,-1
35420.jpg,1916,1750,-166
35425.jpg,1916,1920,4
35430.jpg,1916,-1,-1917
35435.jpg,1916,1779,-137
35440.jpg,1916,1927,11
35445.jpg,1916,1924,8
35450.jpg,1916,1925,9
35455.jpg,1916,1920,4
35460.jpg,1916,-1,-1917
35465.jpg,1916,1910,-6
35470.jpg,1916,1900,-16
35475.jpg,1916,1930,14
35480.jpg,1916,20,-1896
35485.jpg,1916,1720,-196
35490.jpg,1916,1920,4
35495.jpg,1916,1990,74
35500.jpg,1916,1886,-30
35505.jpg,1916,1850,-66
35510.jpg,1916,1860,-56
35515.jpg,1916,1935,19
35520.jpg,1916,1900,-16
35525.jpg,1916,1850,-66
35530.jpg,1916,1900,-16
35535.jpg,1917,1910,-7
35540.jpg,1917,1900,-17
35545.jpg,1917,1930,13
35550.jpg,1917,1930,13
35555.jpg,1917,1930,13
35560.jpg,1917,1865,-52
35565.jpg,1917,1970,53
35570.jpg,1917,1850,-67
35575.jpg,1917,1920,3
35580.jpg,1917,1800,-117
35585.jpg,1917,1850,-67
35590.jpg,1917,1928,11
35595.jpg,1917,1932,15
35600.jpg,1917,1895,-22
35605.jpg,1917,1930,13
35610.jpg,1917,1890,-27
35615.jpg,1917,1910,-7
35620.jpg,1917,1970,53
35625.jpg,1917,19,-1898
35630.jpg,1917,1890,-27
35635.jpg,1917,1900,-17
35640.jpg,1917,1920,3
35645.jpg,1917,20,-1897
35650.jpg,1917,1910,-7
35655.jpg,1917,1920,3
35660.jpg,1917,2005,88
35665.jpg,1917,1889,-28
35670.jpg,1917,1950,33
35675.jpg,1917,1920,3
35680.jpg,1917,1920,3
35685.jpg,1917,1850,-67
35690.jpg,1917,1880,-37
35695.jpg,1917,1925,8
35700.jpg,1917,1500,-417
35705.jpg,1917,1930,13
35710.jpg,1917,1850,-67
35715.jpg,1917,20,-1897
35720.jpg,1917,1950,33
35725.jpg,1917,2010,93
35730.jpg,1917,2018,101
35735.jpg,1917,-1,-1918
35740.jpg,1917,1850,-67
35745.jpg,1917,1925,8
35750.jpg,1917,21,-1896
35755.jpg,1917,1950,33
35760.jpg,1917,1950,33
35765.jpg,1917,1940,23
35770.jpg,1917,1900,-17
35775.jpg,1917,1910,-7
35780.jpg,1917,1850,-67
35785.jpg,1917,2005,88
35790.jpg,1917,1914,-3
35795.jpg,1917,1920,3
35800.jpg,1917,1900,-17
35805.jpg,1917,1920,3
35810.jpg,1917,1850,-67
35815.jpg,1917,1884,-33
35820.jpg,1917,1970,53
35825.jpg,1917,1950,33
35830.jpg,1917,1950,33
35835.jpg,1917,1950,33
35840.jpg,1917,1910,-7
35845.jpg,1917,1920,3
35850.jpg,1917,1926,9
35855.jpg,1917,1940,23
35860.jpg,1917,1898,-19
35865.jpg,1917,1950,33
35870.jpg,1917,1960,43
35875.jpg,1917,1515,-402
35880.jpg,1917,1897,-20
35885.jpg,1917,1920,3
35890.jpg,1917,1910,-7
35895.jpg,1917,1900,-17
35900.jpg,1917,1920,3
35905.jpg,1917,1920,3
35910.jpg,1917,1889,-28
35915.jpg,1917,1950,33
35920.jpg,1918,1930,12
35925.jpg,1918,1985,67
35930.jpg,1918,1780,-138
35935.jpg,1918,1990,72
35940.jpg,1918,1950,32
35945.jpg,1918,1930,12
35950.jpg,1918,1920,2
35955.jpg,1918,20,-1898
35960.jpg,1918,1927,9
35965.jpg,1918,1930,12
35970.jpg,1918,1920,2
35980.jpg,1918,1950,32
35985.jpg,1918,1850,-68
35990.jpg,1918,1887,-31
35995.jpg,1918,1920,2
36000.jpg,1918,1930,12
36005.jpg,1918,1900,-18
36010.jpg,1918,18,-1900
36015.jpg,1918,1960,42
36020.jpg,1918,1910,-8
36025.jpg,1918,1927,9
36030.jpg,1918,1,-1917
36035.jpg,1918,1950,32
36040.jpg,1918,1880,-38
36045.jpg,1918,1850,-68
36050.jpg,1918,1850,-68
36055.jpg,1918,1850,-68
36060.jpg,1918,1890,-28
36065.jpg,1918,1850,-68
36070.jpg,1918,1900,-18
36075.jpg,1918,1850,-68
36080.jpg,1918,1910,-8
36085.jpg,1918,1900,-18
36090.jpg,1918,1930,12
36095.jpg,1918,1925,7
36100.jpg,1918,1880,-38
36105.jpg,1918,1930,12
36110.jpg,1918,1920,2
36115.jpg,1919,1910,-9
36120.jpg,1919,1950,31
36130.jpg,1919,2004,85
36140.jpg,1919,1930,11
36145.jpg,1919,1920,1
36150.jpg,1919,1900,-19
36155.jpg,1919,1920,1
36160.jpg,1919,20,-1899
36165.jpg,1919,1952,33
36170.jpg,1919,1895,-24
36175.jpg,1919,2008,89
36180.jpg,1919,1940,21
36190.jpg,1919,1920,1
36195.jpg,1919,1900,-19
36200.jpg,1919,-1,-1920
36205.jpg,1919,1890,-29
36210.jpg,1919,1920,1
36215.jpg,1919,1870,-49
36225.jpg,1919,1914,-5
36230.jpg,1919,1903,-16
36235.jpg,1919,1890,-29
36240.jpg,1919,1850,-69
36245.jpg,1919,1910,-9
36250.jpg,1919,1930,11
36255.jpg,1919,1870,-49
36260.jpg,1919,1950,31
36265.jpg,1919,1850,-69
36270.jpg,1919,19,-1900
36275.jpg,1919,1895,-24
36280.jpg,1919,1755,-164
36285.jpg,1919,1928,9
36290.jpg,1919,1990,71
36295.jpg,1919,1890,-29
36300.jpg,1919,1925,6
36305.jpg,1919,1450,-469
36310.jpg,1919,20,-1899
36315.jpg,1919,1850,-69
36320.jpg,1919,1950,31
36325.jpg,1919,1920,1
36330.jpg,1919,1945,26
36335.jpg,1919,1930,11
36340.jpg,1919,1750,-169
36345.jpg,1919,1880,-39
36350.jpg,1920,1920,0
36355.jpg,1920,1900,-20
36360.jpg,1920,1930,10
36365.jpg,1920,1929,9
36370.jpg,1920,1986,66
36375.jpg,1920,1950,30
36385.jpg,1920,1985,65
36390.jpg,1920,1839,-81
36395.jpg,1920,2005,85
36400.jpg,1920,1850,-70
36405.jpg,1920,20,-1900
36410.jpg,1920,1950,30
36415.jpg,1920,1850,-70
36420.jpg,1920,1910,-10
36425.jpg,1920,1960,40
36430.jpg,1920,1887,-33
36435.jpg,1920,1925,5
36440.jpg,1920,1700,-220
36445.jpg,1920,1920,0
36450.jpg,1920,1950,30
36455.jpg,1920,1370,-550
36460.jpg,1920,1850,-70
36465.jpg,1920,1800,-120
36470.jpg,1920,1870,-50
36475.jpg,1920,1860,-60
36480.jpg,1920,1920,0
36485.jpg,1920,1960,40
36490.jpg,1920,1890,-30
36495.jpg,1920,1890,-30
36500.jpg,1920,1950,30
36505.jpg,1920,1930,10
36510.jpg,1920,1850,-70
36515.jpg,1920,18,-1902
36520.jpg,1920,1900,-20
36525.jpg,1920,1850,-70
36530.jpg,1920,1840,-80
36535.jpg,1920,1930,10
36540.jpg,1920,1920,0
36545.jpg,1920,1970,50
36550.jpg,1920,1830,-90
36555.jpg,1920,1944,24
36560.jpg,1920,1920,0
36565.jpg,1920,1850,-70
36570.jpg,1920,1900,-20
36575.jpg,1920,1850,-70
36580.jpg,1920,1920,0
36585.jpg,1920,1850,-70
36590.jpg,1920,1850,-70
36595.jpg,1920,1890,-30
36600.jpg,1920,1920,0
36605.jpg,1920,1890,-30
36610.jpg,1920,1920,0
36615.jpg,1920,1850,-70
36620.jpg,1920,1930,10
36625.jpg,1920,2015,95
36630.jpg,1920,1912,-8
36635.jpg,1920,1920,0
36640.jpg,1920,20,-1900
36650.jpg,1920,1930,10
36655.jpg,1920,1600,-320
36660.jpg,1920,1870,-50
36665.jpg,1920,1950,30
36670.jpg,1920,1920,0
36675.jpg,1920,19,-1901
36680.jpg,1920,1900,-20
36685.jpg,1920,1800,-120
36690.jpg,1921,1920,-1
36695.jpg,1921,1950,29
36700.jpg,1921,1920,-1
36705.jpg,1921,1929,8
36710.jpg,1921,1910,-11
36715.jpg,1921,1914,-7
36720.jpg,1921,2010,89
36725.jpg,1921,1900,-21
36735.jpg,1921,1980,59
36740.jpg,1921,19,-1902
36745.jpg,1921,1880,-41
36750.jpg,1921,1850,-71
36755.jpg,1921,1920,-1
36760.jpg,1921,1874,-47
36765.jpg,1921,1850,-71
36770.jpg,1921,1950,29
36775.jpg,1921,1910,-11
36780.jpg,1921,1850,-71
36785.jpg,1921,1930,9
36790.jpg,1921,1920,-1
36795.jpg,1921,1926,5
36800.jpg,1921,1847,-74
36805.jpg,1921,1900,-21
36810.jpg,1921,1950,29
36815.jpg,1921,-1,-1922
36820.jpg,1921,1800,-121
36830.jpg,1921,1920,-1
36835.jpg,1921,2020,99
36840.jpg,1921,1925,4
36845.jpg,1921,1940,19
36850.jpg,1921,1910,-11
36855.jpg,1921,1850,-71
36860.jpg,1921,1,-1920
36870.jpg,1921,20,-1901
36875.jpg,1921,1850,-71
36880.jpg,1921,1850,-71
36885.jpg,1921,1960,39
36890.jpg,1921,1920,-1
36895.jpg,1921,1932,11
36900.jpg,1921,1930,9
36905.jpg,1921,1913,-8
36910.jpg,1921,1850,-71
36920.jpg,1921,1914,-7
36925.jpg,1921,1959,38
36930.jpg,1921,1950,29
36935.jpg,1921,1920,-1
36940.jpg,1921,1900,-21
36945.jpg,1921,1920,-1
36950.jpg,1921,1900,-21
36955.jpg,1921,19,-1902
36960.jpg,1921,19,-1902
36965.jpg,1921,1950,29
36970.jpg,1922,1850,-72
36975.jpg,1922,1903,-19
36980.jpg,1922,1920,-2
36985.jpg,1922,1945,23
36990.jpg,1922,20,-1902
36995.jpg,1922,1950,28
37000.jpg,1922,2016,94
37005.jpg,1922,2000,78
37010.jpg,1922,1949,27
37015.jpg,1922,2020,98
37020.jpg,1922,1880,-42
37025.jpg,1922,1850,-72
37030.jpg,1922,20,-1902
37045.jpg,1922,20,-1902
37050.jpg,1922,1920,-2
37055.jpg,1922,1900,-22
37060.jpg,1922,1920,-2
37065.jpg,1922,1930,8
37070.jpg,1922,1900,-22
37075.jpg,1922,1911,-11
37080.jpg,1922,1920,-2
37085.jpg,1922,1750,-172
37090.jpg,1922,1930,8
37095.jpg,1922,1920,-2
37100.jpg,1922,1910,-12
37105.jpg,1922,1850,-72
37110.jpg,1922,1973,51
37115.jpg,1922,1850,-72
37120.jpg,1922,19,-1903
37125.jpg,1922,1950,28
37130.jpg,1922,2022,100
37135.jpg,1922,1920,-2
37140.jpg,1922,19,-1903
37145.jpg,1922,1904,-18
37150.jpg,1922,1850,-72
37155.jpg,1922,1910,-12
37160.jpg,1922,1900,-22
37165.jpg,1922,1947,25
37170.jpg,1922,1920,-2
37175.jpg,1922,1930,8
37180.jpg,1922,1870,-52
37185.jpg,1922,1980,58
37190.jpg,1922,1910,-12
37195.jpg,1922,1880,-42
37200.jpg,1922,1920,-2
37205.jpg,1922,1950,28
37210.jpg,1922,1920,-2
37215.jpg,1922,1930,8
37220.jpg,1922,1900,-22
37225.jpg,1922,1965,43
37230.jpg,1922,1890,-32
37235.jpg,1922,1900,-22
37240.jpg,1922,1975,53
37245.jpg,1922,1920,-2
37250.jpg,1922,1980,58
37255.jpg,1922,2015,93
37260.jpg,1922,1970,48
37270.jpg,1922,1920,-2
37275.jpg,1922,1950,28
37280.jpg,1922,1960,38
37285.jpg,1922,1960,38
37290.jpg,1922,1879,-43
37295.jpg,1922,1920,-2
37300.jpg,1922,1995,73
37305.jpg,1922,1920,-2
37310.jpg,1923,1949,26
37315.jpg,1923,1950,27
37320.jpg,1923,1900,-23
37330.jpg,1923,1948,25
37335.jpg,1923,1960,37
37340.jpg,1923,2018,95
37345.jpg,1923,20,-1903
37355.jpg,1923,1920,-3
37360.jpg,1923,1900,-23
37365.jpg,1923,1915,-8
37370.jpg,1923,1920,-3
37375.jpg,1923,1920,-3
37380.jpg,1923,1950,27
37385.jpg,1923,1930,7
37390.jpg,1923,1750,-173
37395.jpg,1923,1900,-23
37400.jpg,1923,1800,-123
37405.jpg,1923,1930,7
37410.jpg,1923,1926,3
37415.jpg,1923,1930,7
37420.jpg,1923,1923,0
37425.jpg,1923,1500,-423
37430.jpg,1923,1910,-13
37435.jpg,1923,1929,6
37440.jpg,1923,1920,-3
37445.jpg,1923,1920,-3
37450.jpg,1923,1920,-3
37455.jpg,1923,1950,27
37460.jpg,1923,1910,-13
37465.jpg,1923,1922,-1
37470.jpg,1923,1920,-3
37475.jpg,1923,1950,27
37480.jpg,1923,1895,-28
37485.jpg,1923,1850,-73
37490.jpg,1923,1950,27
37495.jpg,1923,1950,27
37500.jpg,1923,1950,27
37505.jpg,1923,-1,-1924
37510.jpg,1923,1890,-33
37515.jpg,1923,1930,7
37520.jpg,1923,1950,27
37525.jpg,1923,1600,-323
37530.jpg,1923,1837,-86
37535.jpg,1923,1910,-13
37540.jpg,1923,1850,-73
37545.jpg,1923,1950,27
37550.jpg,1923,1850,-73
37555.jpg,1923,1915,-8
37560.jpg,1923,1960,37
37565.jpg,1923,1850,-73
37570.jpg,1923,1900,-23
37575.jpg,1923,1930,7
37580.jpg,1923,1850,-73
37585.jpg,1923,1999,76
37590.jpg,1923,1920,-3
37595.jpg,1923,1930,7
37600.jpg,1923,1920,-3
37605.jpg,1923,1920,-3
37610.jpg,1923,1900,-23
37615.jpg,1923,2020,97
37620.jpg,1923,2000,77
37625.jpg,1923,1850,-73
37630.jpg,1923,1890,-33
37635.jpg,1923,1920,-3
37640.jpg,1923,1850,-73
37645.jpg,1923,1950,27
37650.jpg,1923,1930,7
37655.jpg,1923,1900,-23
37660.jpg,1923,1930,7
37665.jpg,1923,1900,-23
37670.jpg,1924,20,-1904
37675.jpg,1924,2006,82
37680.jpg,1924,1900,-24
37685.jpg,1924,20,-1904
37690.jpg,1924,1908,-16
37695.jpg,1924,1925,1
37700.jpg,1924,1930,6
37705.jpg,1924,2008,84
37710.jpg,1924,2004,80
37715.jpg,1924,1950,26
37720.jpg,1924,1970,46
37725.jpg,1924,1950,26
37730.jpg,1924,20,-1904
37735.jpg,1924,1915,-9
37740.jpg,1924,1920,-4
37745.jpg,1924,1925,1
37750.jpg,1924,1920,-4
37755.jpg,1924,1930,6
37760.jpg,1924,19,-1905
37765.jpg,1924,1920,-4
37770.jpg,1924,1930,6
37775.jpg,1924,20,-1904
37780.jpg,1924,1920,-4
37785.jpg,1924,1850,-74
37790.jpg,1924,1920,-4
37795.jpg,1924,20,-1904
37805.jpg,1924,1930,6
37810.jpg,1924,1901,-23
37815.jpg,1924,1930,6
37820.jpg,1924,1850,-74
37825.jpg,1924,1920,-4
37830.jpg,1924,20,-1904
37835.jpg,1924,1850,-74
37845.jpg,1924,1920,-4
37850.jpg,1924,1950,26
37855.jpg,1924,1924,0
37860.jpg,1924,19,-1905
37865.jpg,1924,1930,6
37870.jpg,1924,1625,-299
37875.jpg,1924,1970,46
37880.jpg,1924,1900,-24
37885.jpg,1924,14,-1910
37890.jpg,1924,1958,34
37895.jpg,1924,1950,26
37900.jpg,1924,1900,-24
37905.jpg,1924,1895,-29
37910.jpg,1924,1925,1
37915.jpg,1924,1920,-4
37920.jpg,1924,2020,96
37925.jpg,1924,1910,-14
37930.jpg,1924,1500,-424
37935.jpg,1924,1850,-74
37940.jpg,1924,1910,-14
37945.jpg,1924,1920,-4
37950.jpg,1924,19,-1905
37955.jpg,1924,2019,95
37960.jpg,1924,1997,73
37965.jpg,1924,1980,56
37970.jpg,1924,1880,-44
37975.jpg,1924,1920,-4
37980.jpg,1924,1,-1923
37985.jpg,1924,1930,6
37990.jpg,1924,1930,6
37995.jpg,1924,1945,21
38000.jpg,1924,1849,-75
38005.jpg,1924,1950,26
38010.jpg,1924,1930,6
38015.jpg,1924,1910,-14
38020.jpg,1924,1250,-674
38025.jpg,1924,19,-1905
38030.jpg,1924,1920,-4
38035.jpg,1924,1930,6
38040.jpg,1924,1850,-74
38045.jpg,1924,1929,5
38050.jpg,1924,1900,-24
38055.jpg,1924,1920,-4
38060.jpg,1924,1850,-74
38065.jpg,1924,1900,-24
38070.jpg,1924,1940,16
38075.jpg,1924,1930,6
38080.jpg,1925,19,-1906
38085.jpg,1925,1910,-15
38090.jpg,1925,1950,25
38095.jpg,1925,1927,2
38100.jpg,1925,1930,5
38105.jpg,1925,20,-1905
38110.jpg,1925,1930,5
38115.jpg,1925,2000,75
38120.jpg,1925,2000,75
38125.jpg,1925,1970,45
38130.jpg,1925,20,-1905
38135.jpg,1925,1950,25
38140.jpg,1925,1920,-5
38145.jpg,1925,1899,-26
38150.jpg,1925,1850,-75
38155.jpg,1925,1930,5
38160.jpg,1925,1934,9
38165.jpg,1925,1760,-165
38170.jpg,1925,1830,-95
38175.jpg,1925,1950,25
38180.jpg,1925,1950,25
38185.jpg,1925,1930,5
38190.jpg,1925,1960,35
38195.jpg,1925,1995,70
38200.jpg,1925,1971,46
38205.jpg,1925,1850,-75
38210.jpg,1925,1850,-75
38215.jpg,1925,1990,65
38220.jpg,1925,1950,25
38225.jpg,1925,1910,-15
38230.jpg,1925,1900,-25
38235.jpg,1925,1935,10
38245.jpg,1925,1928,3
38255.jpg,1925,2010,85
38260.jpg,1925,2000,75
38265.jpg,1925,1920,-5
38270.jpg,1925,1880,-45
38275.jpg,1925,1950,25
38280.jpg,1925,1995,70
38285.jpg,1925,1850,-75
38290.jpg,1925,1938,13
38295.jpg,1925,1880,-45
38300.jpg,1925,1920,-5
38305.jpg,1925,2007,82
38310.jpg,1925,1920,-5
38315.jpg,1925,1900,-25
38320.jpg,1925,1920,-5
38325.jpg,1925,1650,-275
38330.jpg,1925,20,-1905
38335.jpg,1925,1910,-15
38340.jpg,1925,1925,0
38345.jpg,1925,1890,-35
38350.jpg,1925,1930,5
38355.jpg,1925,1920,-5
38360.jpg,1925,1920,-5
38365.jpg,1925,1925,0
38370.jpg,1925,1920,-5
38375.jpg,1925,1920,-5
38380.jpg,1925,1930,5
38385.jpg,1925,1890,-35
38390.jpg,1925,1980,55
38395.jpg,1925,1980,55
38400.jpg,1925,1800,-125
38405.jpg,1925,1860,-65
38410.jpg,1925,1,-1924
38415.jpg,1925,1930,5
38420.jpg,1925,1950,25
38425.jpg,1925,1900,-25
38435.jpg,1925,1925,0
38440.jpg,1925,19,-1906
38450.jpg,1925,1800,-125
38455.jpg,1925,1990,65
38460.jpg,1925,1930,5
38465.jpg,1925,1930,5
38470.jpg,1925,-1,-1926
38475.jpg,1925,1890,-35
38480.jpg,1925,1900,-25
38490.jpg,1925,1905,-20
38495.jpg,1925,1925,0
38500.jpg,1925,1795,-130
38505.jpg,1925,19,-1906
38510.jpg,1925,1925,0
38515.jpg,1926,1750,-176
38520.jpg,1926,1925,-1
38525.jpg,1926,1915,-11
38530.jpg,1926,1890,-36
38535.jpg,1926,1950,24
38540.jpg,1926,1900,-26
38545.jpg,1926,1850,-76
38550.jpg,1926,1927,1
38555.jpg,1926,1920,-6
38560.jpg,1926,1920,-6
38565.jpg,1926,1850,-76
38570.jpg,1926,1930,4
38575.jpg,1926,2000,74
38580.jpg,1926,1950,24
38585.jpg,1926,1950,24
38590.jpg,1926,-1,-1927
38595.jpg,1926,1920,-6
38600.jpg,1926,1600,-326
38605.jpg,1926,1955,29
38610.jpg,1926,1940,14
38620.jpg,1926,1920,-6
38625.jpg,1926,1920,-6
38630.jpg,1926,1960,34
38635.jpg,1926,1950,24
38640.jpg,1926,1920,-6
38645.jpg,1926,1790,-136
38650.jpg,1926,1850,-76
38655.jpg,1926,1930,4
38660.jpg,1926,1925,-1
38665.jpg,1926,1940,14
38670.jpg,1926,1906,-20
38675.jpg,1926,1900,-26
38680.jpg,1926,1930,4
38685.jpg,1926,1901,-25
38690.jpg,1926,1932,6
38695.jpg,1926,1925,-1
38700.jpg,1926,1927,1
38705.jpg,1926,1778,-148
38710.jpg,1926,1900,-26
38715.jpg,1926,1920,-6
38720.jpg,1926,1930,4
38725.jpg,1926,1920,-6
38730.jpg,1926,1927,1
38735.jpg,1926,1960,34
38740.jpg,1926,1936,10
38745.jpg,1926,1911,-15
38750.jpg,1926,1938,12
38755.jpg,1926,1920,-6
38760.jpg,1926,1850,-76
38765.jpg,1926,1910,-16
38770.jpg,1926,1925,-1
38775.jpg,1926,1920,-6
38780.jpg,1926,1920,-6
38785.jpg,1926,1920,-6
38790.jpg,1926,1750,-176
38795.jpg,1926,1860,-66
38800.jpg,1926,1904,-22
38805.jpg,1926,1760,-166
38810.jpg,1926,1950,24
38815.jpg,1926,1900,-26
38820.jpg,1926,1900,-26
38825.jpg,1926,1910,-16
38830.jpg,1926,1500,-426
38835.jpg,1926,1800,-126
38840.jpg,1926,1920,-6
38845.jpg,1926,1850,-76
38850.jpg,1926,1910,-16
38855.jpg,1926,1930,4
38860.jpg,1926,1908,-18
38865.jpg,1926,1923,-3
38870.jpg,1926,1900,-26
38875.jpg,1926,1920,-6
38880.jpg,1926,1921,-5
38885.jpg,1926,1890,-36
38890.jpg,1926,1883,-43
38895.jpg,1926,1925,-1
38905.jpg,1926,1900,-26
38910.jpg,1926,1945,19
38915.jpg,1926,1930,4
38920.jpg,1926,1950,24
38925.jpg,1926,1929,3
38930.jpg,1926,20,-1906
38935.jpg,1926,1910,-16
38940.jpg,1926,1876,-50
38945.jpg,1926,1932,6
38950.jpg,1926,1920,-6
38955.jpg,1926,1915,-11
38960.jpg,1926,20,-1906
38965.jpg,1926,1920,-6
38970.jpg,1926,1915,-11
38975.jpg,1926,1920,-6
38980.jpg,1926,1450,-476
38985.jpg,1926,1945,19
38990.jpg,1926,1950,24
38995.jpg,1927,1920,-7
39000.jpg,1927,1920,-7
39005.jpg,1927,1900,-27
39010.jpg,1927,1900,-27
39020.jpg,1927,1920,-7
39025.jpg,1927,1950,23
39030.jpg,1927,1920,-7
39035.jpg,1927,1925,-2
39040.jpg,1927,1,-1926
39045.jpg,1927,1950,23
39050.jpg,1927,1930,3
39055.jpg,1927,1925,-2
39060.jpg,1927,1920,-7
39065.jpg,1927,-1,-1928
39070.jpg,1927,1920,-7
39075.jpg,1927,1927,0
39080.jpg,1927,1910,-17
39085.jpg,1927,2008,81
39090.jpg,1927,2003,76
39110.jpg,1927,1900,-27
39115.jpg,1927,1925,-2
39120.jpg,1927,1920,-7
39125.jpg,1927,1950,23
39130.jpg,1927,1920,-7
39135.jpg,1927,1920,-7
39140.jpg,1927,1920,-7
39145.jpg,1927,1925,-2
39150.jpg,1927,1930,3
39155.jpg,1927,1950,23
39160.jpg,1927,1920,-7
39165.jpg,1927,1900,-27
39170.jpg,1927,1850,-77
39175.jpg,1927,1920,-7
39180.jpg,1927,1920,-7
39185.jpg,1927,1910,-17
39190.jpg,1927,1930,3
39195.jpg,1927,1930,3
39200.jpg,1927,1928,1
39205.jpg,1927,20,-1907
39210.jpg,1927,1920,-7
39215.jpg,1927,1930,3
39220.jpg,1927,1931,4
39225.jpg,1927,1785,-142
39230.jpg,1927,1910,-17
39235.jpg,1927,1930,3
39240.jpg,1927,18,-1909
39245.jpg,1927,1934,7
39250.jpg,1927,1880,-47
39255.jpg,1927,1650,-277
39260.jpg,1927,1920,-7
39265.jpg,1927,1933,6
39270.jpg,1927,1930,3
39275.jpg,1927,1940,13
39280.jpg,1927,1830,-97
39285.jpg,1927,1850,-77
39290.jpg,1927,1889,-38
39295.jpg,1927,1920,-7
39300.jpg,1927,1920,-7
39305.jpg,1927,1950,23
39310.jpg,1927,1910,-17
39315.jpg,1927,20,-1907
39320.jpg,1927,1800,-127
39325.jpg,1927,1985,58
39330.jpg,1927,1930,3
39335.jpg,1927,1850,-77
39340.jpg,1927,1920,-7
39345.jpg,1927,1900,-27
39350.jpg,1927,1910,-17
39355.jpg,1927,2000,73
39360.jpg,1927,1920,-7
39365.jpg,1927,1931,4
39370.jpg,1927,1960,33
39375.jpg,1927,1900,-27
39380.jpg,1927,1910,-17
39385.jpg,1927,1920,-7
39390.jpg,1927,1450,-477
39395.jpg,1927,1450,-477
39400.jpg,1927,1905,-22
39405.jpg,1927,1939,12
39410.jpg,1927,2020,93
39415.jpg,1927,1967,40
39420.jpg,1927,1827,-100
39425.jpg,1927,1930,3
39430.jpg,1927,1930,3
39435.jpg,1927,1800,-127
39440.jpg,1927,1910,-17
39445.jpg,1927,2012,85
39450.jpg,1927,1910,-17
39455.jpg,1927,1892,-35
39460.jpg,1927,1969,42
39465.jpg,1927,1910,-17
39470.jpg,1927,1300,-627
39475.jpg,1927,1915,-12
39480.jpg,1927,1925,-2
39485.jpg,1927,1920,-7
39490.jpg,1927,1850,-77
39495.jpg,1927,1950,23
39500.jpg,1927,1900,-27
39505.jpg,1927,1930,3
39510.jpg,1928,1920,-8
39515.jpg,1928,1928,0
39520.jpg,1928,1920,-8
39525.jpg,1928,1941,13
39530.jpg,1928,20,-1908
39535.jpg,1928,1920,-8
39540.jpg,1928,1939,11
39545.jpg,1928,1924,-4
39550.jpg,1928,1900,-28
39555.jpg,1928,1900,-28
39560.jpg,1928,1925,-3
39565.jpg,1928,1930,2
39570.jpg,1928,1910,-18
39575.jpg,1928,2020,92
39580.jpg,1928,1910,-18
39585.jpg,1928,1962,34
39590.jpg,1928,1910,-18
39595.jpg,1928,1892,-36
39600.jpg,1928,1950,22
39605.jpg,1928,2001,73
39610.jpg,1928,1950,22
39615.jpg,1928,2000,72
39620.jpg,1928,1800,-128
39625.jpg,1928,1900,-28
39630.jpg,1928,1920,-8
39635.jpg,1928,1890,-38
39640.jpg,1928,1850,-78
39645.jpg,1928,1930,2
39650.jpg,1928,1910,-18
39655.jpg,1928,1880,-48
39660.jpg,1928,1920,-8
39665.jpg,1928,1920,-8
39670.jpg,1928,1924,-4
39675.jpg,1928,1920,-8
39680.jpg,1928,1910,-18
39685.jpg,1928,1920,-8
39690.jpg,1928,20,-1908
39695.jpg,1928,1925,-3
39700.jpg,1928,1910,-18
39705.jpg,1928,1680,-248
39710.jpg,1928,19,-1909
39715.jpg,1928,1932,4
39720.jpg,1928,1920,-8
39725.jpg,1928,1800,-128
39730.jpg,1928,1930,2
39735.jpg,1928,1920,-8
39740.jpg,1928,1900,-28
39745.jpg,1928,1930,2
39750.jpg,1928,1930,2
39755.jpg,1928,1450,-478
39760.jpg,1928,1850,-78
39765.jpg,1928,1800,-128
39770.jpg,1928,1725,-203
39775.jpg,1928,1920,-8
39780.jpg,1928,1930,2
39785.jpg,1928,1920,-8
39790.jpg,1928,1892,-36
39795.jpg,1928,1920,-8
39800.jpg,1928,1930,2
39805.jpg,1928,1850,-78
39810.jpg,1928,2008,80
39815.jpg,1928,1850,-78
39820.jpg,1928,1920,-8
39825.jpg,1928,1870,-58
39830.jpg,1928,1850,-78
39835.jpg,1928,1930,2
39840.jpg,1928,1890,-38
39845.jpg,1928,1920,-8
39850.jpg,1928,1970,42
39855.jpg,1928,1900,-28
39860.jpg,1928,1926,-2
39865.jpg,1928,1920,-8
39870.jpg,1928,1850,-78
39875.jpg,1928,1920,-8
39880.jpg,1928,1950,22
39885.jpg,1928,20,-1908
39890.jpg,1928,1935,7
39895.jpg,1928,1930,2
39900.jpg,1928,2013,85
39905.jpg,1928,1928,0
39910.jpg,1928,1920,-8
39915.jpg,1928,1800,-128
39920.jpg,1928,2010,82
39925.jpg,1928,1950,22
39930.jpg,1928,1931,3
39935.jpg,1928,1500,-428
39940.jpg,1928,1920,-8
39945.jpg,1928,1920,-8
39950.jpg,1928,17,-1911
39955.jpg,1928,1900,-28
39960.jpg,1928,1930,2
39965.jpg,1928,1930,2
39970.jpg,1928,1905,-23
39975.jpg,1928,1890,-38
39980.jpg,1928,1931,3
39985.jpg,1928,1930,2
39990.jpg,1928,1920,-8
39995.jpg,1928,1887,-41
40000.jpg,1928,1910,-18
40010.jpg,1928,2020,92
40015.jpg,1928,1850,-78
40020.jpg,1928,1925,-3
40025.jpg,1928,1880,-48
40030.jpg,1928,1910,-18
40035.jpg,1928,1910,-18
40040.jpg,1928,20,-1908
40045.jpg,1929,1920,-9
40050.jpg,1929,1928,-1
40055.jpg,1929,1950,21
40060.jpg,1929,1880,-49
40065.jpg,1929,1916,-13
40070.jpg,1929,1915,-14
40075.jpg,1929,1930,1
40080.jpg,1929,1960,31
40095.jpg,1929,1950,21
40105.jpg,1929,1920,-9
40110.jpg,1929,1923,-6
40115.jpg,1929,1910,-19
40120.jpg,1929,1820,-109
40125.jpg,1929,1930,1
40130.jpg,1929,1930,1
40135.jpg,1929,1850,-79
40140.jpg,1929,1930,1
40145.jpg,1929,1929,0
40150.jpg,1929,1920,-9
40155.jpg,1929,20,-1909
40160.jpg,1929,1931,2
40165.jpg,1929,1950,21
40170.jpg,1929,1929,0
40175.jpg,1929,1931,2
40180.jpg,1929,1950,21
40185.jpg,1929,1952,23
40190.jpg,1929,1750,-179
40195.jpg,1929,1930,1
40200.jpg,1929,1925,-4
40205.jpg,1929,1920,-9
40210.jpg,1929,1931,2
40215.jpg,1929,1939,10
40220.jpg,1929,1920,-9
40225.jpg,1929,1,-1928
40230.jpg,1929,1600,-329
40235.jpg,1929,1920,-9
40240.jpg,1929,2016,87
40245.jpg,1929,1930,1
40250.jpg,1929,2000,71
40255.jpg,1929,1800,-129
40260.jpg,1929,1880,-49
40265.jpg,1929,2020,91
40270.jpg,1929,20,-1909
40275.jpg,1929,1960,31
40280.jpg,1929,1916,-13
40285.jpg,1929,1930,1
40290.jpg,1929,1820,-109
40295.jpg,1929,1500,-429
40305.jpg,1929,1920,-9
40310.jpg,1929,1920,-9
40315.jpg,1929,1920,-9
40320.jpg,1929,1920,-9
40325.jpg,1929,1930,1
40330.jpg,1929,1920,-9
40335.jpg,1929,1450,-479
40340.jpg,1929,1850,-79
40345.jpg,1929,1850,-79
40350.jpg,1929,1450,-479
40355.jpg,1929,1930,1
40360.jpg,1929,1910,-19
40365.jpg,1929,19,-1910
40370.jpg,1929,1930,1
40375.jpg,1929,1925,-4
40380.jpg,1929,1850,-79
40385.jpg,1929,1980,51
40390.jpg,1929,1450,-479
40395.jpg,1929,1920,-9
40400.jpg,1929,1889,-40
40405.jpg,1929,1884,-45
40410.jpg,1929,1927,-2
40415.jpg,1929,1900,-29
40420.jpg,1929,2000,71
40425.jpg,1929,1938,9
40430.jpg,1929,1870,-59
40435.jpg,1929,1920,-9
40440.jpg,1929,1900,-29
40450.jpg,1929,20,-1909
40455.jpg,1929,1930,1
40460.jpg,1929,1972,43
40465.jpg,1929,1910,-19
40470.jpg,1929,1930,1
40475.jpg,1929,1925,-4
40480.jpg,1929,1920,-9
40485.jpg,1929,1920,-9
40490.jpg,1929,1450,-479
40495.jpg,1929,1900,-29
40500.jpg,1929,1920,-9
40505.jpg,1929,1970,41
40510.jpg,1929,1920,-9
40515.jpg,1929,1898,-31
40520.jpg,1929,1920,-9
40525.jpg,1929,1915,-14
40530.jpg,1929,1930,1
40535.jpg,1929,1910,-19
40540.jpg,1930,1919,-11
40545.jpg,1930,1950,20
40550.jpg,1930,20,-1910
40555.jpg,1930,1960,30
40560.jpg,1930,2008,78
40565.jpg,1930,1956,26
40570.jpg,1930,1920,-10
40575.jpg,1930,1880,-50
40580.jpg,1930,1920,-10
40585.jpg,1930,1950,20
40590.jpg,1930,1920,-10
40595.jpg,1930,1910,-20
40600.jpg,1930,20,-1910
40605.jpg,1930,1920,-10
40610.jpg,1930,1898,-32
40615.jpg,1930,1750,-180
40620.jpg,1930,1925,-5
40625.jpg,1930,1930,0
40630.jpg,1930,1920,-10
40635.jpg,1930,1910,-20
40640.jpg,1930,1920,-10
40645.jpg,1930,1990,60
40650.jpg,1930,19,-1911
40655.jpg,1930,20,-1910
40660.jpg,1930,1850,-80
40665.jpg,1930,1900,-30
40670.jpg,1930,2021,91
40675.jpg,1930,1850,-80
40680.jpg,1930,1850,-80
40685.jpg,1930,1925,-5
40690.jpg,1930,1900,-30
40695.jpg,1930,1920,-10
40700.jpg,1930,1890,-40
40705.jpg,1930,1960,30
40710.jpg,1930,1804,-126
40715.jpg,1930,1920,-10
40720.jpg,1930,1920,-10
40725.jpg,1930,1936,6
40730.jpg,1930,1850,-80
40735.jpg,1930,1900,-30
40740.jpg,1930,1890,-40
40745.jpg,1930,18,-1912
40750.jpg,1930,1800,-130
40755.jpg,1930,1950,20
40760.jpg,1930,1929,-1
40765.jpg,1930,1900,-30
40770.jpg,1930,1940,10
40775.jpg,1930,1900,-30
40780.jpg,1930,1950,20
40785.jpg,1930,1960,30
40790.jpg,1930,1930,0
40795.jpg,1930,1930,0
40800.jpg,1930,1890,-40
40805.jpg,1930,1929,-1
40810.jpg,1930,20,-1910
40815.jpg,1930,1935,5
40820.jpg,1930,1920,-10
40825.jpg,1930,20,-1910
40830.jpg,1930,1950,20
40835.jpg,1930,1929,-1
40840.jpg,1930,1925,-5
40845.jpg,1930,1960,30
40850.jpg,1930,1913,-17
40855.jpg,1930,1920,-10
40860.jpg,1930,1915,-15
40865.jpg,1930,1900,-30
40870.jpg,1930,1920,-10
40875.jpg,1930,1890,-40
40885.jpg,1930,2000,70
40890.jpg,1930,20,-1910
40895.jpg,1930,1850,-80
40900.jpg,1930,20,-1910
40905.jpg,1930,2000,70
40910.jpg,1930,1930,0
40915.jpg,1930,1930,0
40920.jpg,1930,1925,-5
40925.jpg,1930,1928,-2
40930.jpg,1930,1800,-130
40935.jpg,1930,1950,20
40940.jpg,1930,1920,-10
40950.jpg,1930,20,-1910
40960.jpg,1930,1950,20
40965.jpg,1931,1930,-1
40970.jpg,1931,1950,19
40975.jpg,1931,1930,-1
40980.jpg,1931,1930,-1
40985.jpg,1931,1921,-10
40990.jpg,1931,1935,4
40995.jpg,1931,1931,0
41000.jpg,1931,1933,2
41005.jpg,1931,1928,-3
41010.jpg,1931,2011,80
41015.jpg,1931,2010,79
41020.jpg,1931,1930,-1
41025.jpg,1931,2009,78
41030.jpg,1931,1998,67
41035.jpg,1931,1940,9
41040.jpg,1931,1930,-1
41045.jpg,1931,1920,-11
41050.jpg,1931,1930,-1
41055.jpg,1931,1925,-6
41060.jpg,1931,1960,29
41065.jpg,1931,1930,-1
41070.jpg,1931,1920,-11
41075.jpg,1931,1930,-1
41080.jpg,1931,20,-1911
41085.jpg,1931,1930,-1
41095.jpg,1931,1928,-3
41100.jpg,1931,1904,-27
41105.jpg,1931,1950,19
41110.jpg,1931,20,-1911
41115.jpg,1931,1910,-21
41120.jpg,1931,19,-1912
41125.jpg,1931,1950,19
41130.jpg,1931,1960,29
41135.jpg,1931,1925,-6
41140.jpg,1931,1920,-11
41150.jpg,1931,1922,-9
41155.jpg,1931,1700,-231
41160.jpg,1931,1900,-31
41165.jpg,1931,1800,-131
41170.jpg,1931,1750,-181
41175.jpg,1931,20,-1911
41180.jpg,1931,20,-1911
41185.jpg,1931,1952,21
41190.jpg,1931,18,-1913
41195.jpg,1931,1920,-11
41200.jpg,1931,1920,-11
41205.jpg,1931,1925,-6
41210.jpg,1931,1930,-1
41215.jpg,1931,1900,-31
41220.jpg,1931,1850,-81
41225.jpg,1931,1500,-431
41230.jpg,1931,1928,-3
41235.jpg,1931,2003,72
41240.jpg,1931,1890,-41
41245.jpg,1931,1826,-105
41250.jpg,1931,1980,49
41255.jpg,1931,1929,-2
41260.jpg,1931,1920,-11
41265.jpg,1931,1932,1
41270.jpg,1931,1920,-11
41275.jpg,1931,1912,-19
41280.jpg,1931,1930,-1
41285.jpg,1931,1850,-81
41290.jpg,1931,1970,39
41295.jpg,1931,1990,59
41305.jpg,1931,1925,-6
41310.jpg,1932,1850,-82
41320.jpg,1932,1928,-4
41325.jpg,1932,18,-1914
41330.jpg,1932,1950,18
41340.jpg,1932,2006,74
41345.jpg,1932,1920,-12
41350.jpg,1932,1930,-2
41355.jpg,1932,1920,-12
41360.jpg,1932,1850,-82
41365.jpg,1932,1928,-4
41370.jpg,1932,1931,-1
41375.jpg,1932,1930,-2
41380.jpg,1932,1954,22
41385.jpg,1932,1925,-7
41390.jpg,1932,1950,18
41395.jpg,1932,1910,-22
41400.jpg,1932,1850,-82
41405.jpg,1932,1889,-43
41410.jpg,1932,1950,18
41415.jpg,1932,1850,-82
41420.jpg,1932,1957,25
41425.jpg,1932,1892,-40
41430.jpg,1932,1920,-12
41435.jpg,1932,-1,-1933
41440.jpg,1932,1700,-232
41445.jpg,1932,1920,-12
41450.jpg,1932,1940,8
41455.jpg,1932,1780,-152
41460.jpg,1932,1830,-102
41465.jpg,1932,1950,18
41470.jpg,1932,1980,48
41475.jpg,1932,1930,-2
41480.jpg,1932,1925,-7
41485.jpg,1932,1930,-2
41490.jpg,1932,1930,-2
41495.jpg,1932,1904,-28
41500.jpg,1932,20,-1912
41505.jpg,1932,20,-1912
41510.jpg,1932,1950,18
41515.jpg,1932,1937,5
41520.jpg,1932,19,-1913
41525.jpg,1932,1880,-52
41530.jpg,1932,18,-1914
41535.jpg,1932,1930,-2
41540.jpg,1932,2021,89
41545.jpg,1932,1925,-7
41550.jpg,1932,2005,73
41555.jpg,1932,1922,-10
41560.jpg,1932,19,-1913
41565.jpg,1932,1910,-22
41570.jpg,1933,1960,27
41575.jpg,1933,1850,-83
41580.jpg,1933,1540,-393
41585.jpg,1933,2010,77
41590.jpg,1933,20,-1913
41595.jpg,1933,1964,31
41600.jpg,1933,1920,-13
41605.jpg,1933,1920,-13
41610.jpg,1933,1930,-3
41615.jpg,1933,1823,-110
41620.jpg,1933,1995,62
41625.jpg,1933,1950,17
41630.jpg,1933,1911,-22
41635.jpg,1933,1950,17
41640.jpg,1933,1750,-183
41645.jpg,1933,18,-1915
41650.jpg,1933,1910,-23
41655.jpg,1933,1910,-23
41660.jpg,1933,20,-1913
41665.jpg,1933,1895,-38
41670.jpg,1933,1930,-3
41675.jpg,1933,1925,-8
41680.jpg,1933,1970,37
41685.jpg,1933,19,-1914
41690.jpg,1933,1880,-53
41695.jpg,1933,1920,-13
41700.jpg,1933,1930,-3
41705.jpg,1933,1940,7
41710.jpg,1933,1890,-43
41715.jpg,1933,1890,-43
41720.jpg,1933,1850,-83
41725.jpg,1933,1920,-13
41730.jpg,1933,1930,-3
41745.jpg,1933,19,-1914
41750.jpg,1933,1950,17
41755.jpg,1933,1960,27
41760.jpg,1933,2000,67
41765.jpg,1933,1950,17
41770.jpg,1933,1830,-103
41775.jpg,1933,1800,-133
41780.jpg,1933,19,-1914
41785.jpg,1933,1600,-333
41790.jpg,1933,2018,85
41795.jpg,1933,20,-1913
41800.jpg,1933,2005,72
41805.jpg,1933,1940,7
41810.jpg,1933,2020,87
41815.jpg,1933,1920,-13
41820.jpg,1933,1906,-27
41825.jpg,1933,1850,-83
41830.jpg,1933,1950,17
41835.jpg,1934,1450,-484
41840.jpg,1934,1928,-6
41845.jpg,1934,1970,36
41850.jpg,1934,1850,-84
41855.jpg,1934,1950,16
41860.jpg,1934,1960,26
41865.jpg,1934,2005,71
41870.jpg,1934,2004,70
41875.jpg,1934,1932,-2
41880.jpg,1934,1850,-84
41885.jpg,1934,1890,-44
41890.jpg,1934,1930,-4
41895.jpg,1934,1990,56
41900.jpg,1934,1901,-33
41905.jpg,1934,19,-1915
41910.jpg,1934,1910,-24
41915.jpg,1934,1950,16
41920.jpg,1934,-1,-1935
41925.jpg,1934,1900,-34
41930.jpg,1934,1800,-134
41935.jpg,1934,1970,36
41940.jpg,1934,1920,-14
41945.jpg,1934,1350,-584
41950.jpg,1934,1950,16
41955.jpg,1934,1450,-484
41960.jpg,1934,1889,-45
41965.jpg,1934,1890,-44
41970.jpg,1934,1750,-184
41975.jpg,1934,2003,69
41980.jpg,1934,1850,-84
41985.jpg,1934,1930,-4
41990.jpg,1934,1850,-84
41995.jpg,1934,1920,-14
42000.jpg,1934,1800,-134
42005.jpg,1934,1900,-34
42010.jpg,1935,1920,-15
42015.jpg,1935,1900,-35
42020.jpg,1935,1920,-15
42025.jpg,1935,1450,-485
42035.jpg,1935,1900,-35
42040.jpg,1935,2000,65
42045.jpg,1935,2000,65
42050.jpg,1935,1950,15
42060.jpg,1935,1930,-5
42065.jpg,1935,1920,-15
42070.jpg,1935,1920,-15
42075.jpg,1935,1920,-15
42080.jpg,1935,1950,15
42085.jpg,1935,1760,-175
42090.jpg,1935,20,-1915
42095.jpg,1935,1900,-35
42100.jpg,1935,1960,25
42105.jpg,1935,1800,-135
42110.jpg,1935,20,-1915
42115.jpg,1935,1900,-35
42120.jpg,1935,1957,22
42125.jpg,1935,1890,-45
42130.jpg,1935,1920,-15
42135.jpg,1935,1968,33
42140.jpg,1935,1910,-25
42145.jpg,1935,1850,-85
42150.jpg,1935,1850,-85
42155.jpg,1935,1850,-85
42160.jpg,1935,1920,-15
42165.jpg,1935,1950,15
42170.jpg,1935,1880,-55
42175.jpg,1935,2010,75
42180.jpg,1935,2000,65
42185.jpg,1935,1985,50
42190.jpg,1935,1950,15
42195.jpg,1935,1920,-15
42200.jpg,1935,19,-1916
42205.jpg,1935,20,-1915
42210.jpg,1935,1950,15
42215.jpg,1935,1860,-75
42220.jpg,1935,1960,25
42225.jpg,1935,1950,15
42230.jpg,1935,1953,18
42235.jpg,1935,1930,-5
42240.jpg,1935,1920,-15
42250.jpg,1935,1950,15
42255.jpg,1935,1980,45
42260.jpg,1935,1850,-85
42265.jpg,1935,1930,-5
42270.jpg,1935,500,-1435
42275.jpg,1935,1905,-30
42280.jpg,1935,1930,-5
42285.jpg,1935,1935,0
42290.jpg,1935,1950,15
42295.jpg,1936,1973,37
42300.jpg,1936,2015,79
42305.jpg,1936,1930,-6
42310.jpg,1936,2000,64
42315.jpg,1936,1920,-16
42320.jpg,1936,1950,14
42325.jpg,1936,1970,34
42330.jpg,1936,2008,72
42335.jpg,1936,1990,54
42340.jpg,1936,1930,-6
42345.jpg,1936,1930,-6
42350.jpg,1936,20,-1916
42355.jpg,1936,1870,-66
42360.jpg,1936,2015,79
42365.jpg,1936,1921,-15
42370.jpg,1936,1950,14
42375.jpg,1936,1850,-86
42380.jpg,1936,1990,54
42385.jpg,1936,1930,-6
42390.jpg,1936,2020,84
42395.jpg,1936,1930,-6
42400.jpg,1936,1930,-6
42405.jpg,1936,1850,-86
42410.jpg,1936,1964,28
42415.jpg,1936,19,-1917
42420.jpg,1936,1932,-4
42425.jpg,1936,1800,-136
42430.jpg,1936,1880,-56
42435.jpg,1936,1950,14
42440.jpg,1936,1950,14
42445.jpg,1936,1850,-86
42450.jpg,1936,1920,-16
42455.jpg,1936,1950,14
42460.jpg,1936,1947,11
42465.jpg,1936,1930,-6
42470.jpg,1936,20,-1916
42475.jpg,1936,1930,-6
42480.jpg,1936,12,-1924
42485.jpg,1936,1932,-4
42490.jpg,1936,1925,-11
42495.jpg,1936,1825,-111
42500.jpg,1936,20,-1916
42505.jpg,1936,1900,-36
42510.jpg,1936,1950,14
42515.jpg,1936,1950,14
42520.jpg,1936,1867,-69
42525.jpg,1936,1925,-11
42530.jpg,1936,1950,14
42535.jpg,1936,1930,-6
42540.jpg,1936,1867,-69
42545.jpg,1936,1930,-6
42550.jpg,1936,1930,-6
42555.jpg,1936,18,-1918
42560.jpg,1936,1950,14
42565.jpg,1936,1900,-36
42570.jpg,1936,1930,-6
42575.jpg,1936,1930,-6
42585.jpg,1936,1955,19
42595.jpg,1936,1927,-9
42600.jpg,1936,1990,54
42610.jpg,1937,1924,-13
42615.jpg,1937,1920,-17
42620.jpg,1937,1930,-7
42625.jpg,1937,1920,-17
42630.jpg,1937,1970,33
42635.jpg,1937,1950,13
42640.jpg,1937,1994,57
42645.jpg,1937,1450,-487
42650.jpg,1937,1960,23
42655.jpg,1937,2015,78
42660.jpg,1937,19,-1918
42665.jpg,1937,1850,-87
42670.jpg,1937,19,-1918
42675.jpg,1937,1850,-87
42680.jpg,1937,1930,-7
42685.jpg,1937,1920,-17
42690.jpg,1937,1980,43
42695.jpg,1937,19,-1918
42700.jpg,1937,1875,-62
42705.jpg,1937,1930,-7
42710.jpg,1937,2020,83
42715.jpg,1937,20,-1917
42720.jpg,1937,1920,-17
42725.jpg,1937,1940,3
42730.jpg,1937,1980,43
42735.jpg,1937,1960,23
42740.jpg,1937,1937,0
42745.jpg,1937,1889,-48
42750.jpg,1937,1980,43
42755.jpg,1937,1850,-87
42765.jpg,1937,1700,-237
42770.jpg,1937,2006,69
42775.jpg,1937,19,-1918
42780.jpg,1937,1940,3
42785.jpg,1937,1950,13
42790.jpg,1937,1925,-12
42795.jpg,1937,1948,11
42800.jpg,1937,1920,-17
42805.jpg,1937,2018,81
42810.jpg,1937,1750,-187
42815.jpg,1937,1932,-5
42820.jpg,1937,2005,68
42825.jpg,1937,1900,-37
42830.jpg,1937,1941,4
42835.jpg,1937,1930,-7
42840.jpg,1937,1910,-27
42845.jpg,1937,1950,13
42850.jpg,1937,1942,5
42855.jpg,1937,1920,-17
42860.jpg,1937,1900,-37
42865.jpg,1937,20,-1917
42870.jpg,1937,1950,13
42875.jpg,1937,1950,13
42880.jpg,1937,1950,13
42885.jpg,1937,1950,13
42890.jpg,1937,1900,-37
42895.jpg,1937,1889,-48
42900.jpg,1937,1976,39
42905.jpg,1937,2015,78
42910.jpg,1937,1070,-867
42915.jpg,1938,1950,12
42920.jpg,1938,1950,12
42925.jpg,1938,1938,0
42930.jpg,1938,1930,-8
42935.jpg,1938,1900,-38
42940.jpg,1938,20,-1918
42945.jpg,1938,2010,72
42950.jpg,1938,2000,62
42955.jpg,1938,2003,65
42960.jpg,1938,1960,22
42965.jpg,1938,1965,27
42970.jpg,1938,1950,12
42975.jpg,1938,1950,12
42980.jpg,1938,1920,-18
42985.jpg,1938,1908,-30
42990.jpg,1938,1900,-38
42995.jpg,1938,1910,-28
43000.jpg,1938,1950,12
43005.jpg,1938,1900,-38
43010.jpg,1938,1900,-38
43015.jpg,1938,1960,22
43020.jpg,1938,19,-1919
43025.jpg,1938,1930,-8
43030.jpg,1938,19,-1919
43035.jpg,1938,1928,-10
43040.jpg,1938,1950,12
43045.jpg,1938,1935,-3
43050.jpg,1938,1950,12
43055.jpg,1938,1900,-38
43060.jpg,1938,1980,42
43065.jpg,1938,1920,-18
43070.jpg,1938,2015,77
43075.jpg,1938,1950,12
43080.jpg,1938,1937,-1
43085.jpg,1938,1850,-88
43090.jpg,1938,1980,42
43095.jpg,1938,1850,-88
43100.jpg,1938,1975,37
43105.jpg,1938,1938,0
43110.jpg,1938,1930,-8
43115.jpg,1938,1930,-8
43120.jpg,1938,1930,-8
43125.jpg,1938,2001,63
43130.jpg,1938,1925,-13
43135.jpg,1938,2000,62
43140.jpg,1938,-1,-1939
43145.jpg,1938,1850,-88
43150.jpg,1938,1850,-88
43155.jpg,1938,1985,47
43160.jpg,1938,1930,-8
43165.jpg,1938,1960,22
43170.jpg,1938,1950,12
43175.jpg,1938,1939,1
43185.jpg,1938,1960,22
43190.jpg,1938,1930,-8
43195.jpg,1938,1920,-18
43200.jpg,1938,1950,12
43210.jpg,1939,1960,21
43215.jpg,1939,1920,-19
43220.jpg,1939,1975,36
43225.jpg,1939,1850,-89
43235.jpg,1939,1930,-9
43245.jpg,1939,1970,31
43250.jpg,1939,1950,11
43255.jpg,1939,2012,73
43260.jpg,1939,2005,66
43270.jpg,1939,1885,-54
43275.jpg,1939,1920,-19
43280.jpg,1939,1850,-89
43285.jpg,1939,1950,11
43290.jpg,1939,1950,11
43295.jpg,1939,1950,11
43300.jpg,1939,1970,31
43305.jpg,1939,1959,20
43310.jpg,1939,1950,11
43315.jpg,1939,20,-1919
43320.jpg,1939,20,-1919
43325.jpg,1939,20,-1919
43330.jpg,1939,1950,11
43335.jpg,1939,1960,21
43340.jpg,1939,2004,65
43345.jpg,1939,1900,-39
43350.jpg,1939,1940,1
43360.jpg,1939,1858,-81
43365.jpg,1939,1930,-9
43370.jpg,1939,1900,-39
43375.jpg,1939,1910,-29
43380.jpg,1939,2012,73
43385.jpg,1939,1950,11
43390.jpg,1939,1945,6
43395.jpg,1939,1950,11
43400.jpg,1939,2009,70
43405.jpg,1939,2000,61
43410.jpg,1939,1920,-19
43415.jpg,1939,20,-1919
43420.jpg,1939,1930,-9
43425.jpg,1939,1950,11
43430.jpg,1939,1800,-139
43435.jpg,1939,1960,21
43440.jpg,1939,1820,-119
43445.jpg,1939,1910,-29
43450.jpg,1939,1950,11
43455.jpg,1939,1950,11
43460.jpg,1939,1850,-89
43465.jpg,1939,1950,11
43470.jpg,1940,1930,-10
43475.jpg,1940,1940,0
43480.jpg,1940,1960,20
43485.jpg,1940,1980,40
43490.jpg,1940,1930,-10
43495.jpg,1940,1953,13
43500.jpg,1940,1962,22
43505.jpg,1940,1996,56
43510.jpg,1940,20,-1920
43515.jpg,1940,1850,-90
43520.jpg,1940,19,-1921
43525.jpg,1940,1840,-100
43530.jpg,1940,1950,10
43535.jpg,1940,1850,-90
43540.jpg,1940,1950,10
43545.jpg,1940,1985,45
43550.jpg,1940,18,-1922
43555.jpg,1940,1950,10
43560.jpg,1940,1935,-5
43565.jpg,1940,1930,-10
43570.jpg,1940,1920,-20
43575.jpg,1940,1925,-15
43580.jpg,1940,1890,-50
43585.jpg,1940,1990,50
43590.jpg,1940,1940,0
43595.jpg,1940,2010,70
43600.jpg,1940,1910,-30
43605.jpg,1940,1930,-10
43610.jpg,1940,1850,-90
43615.jpg,1940,1760,-180
43620.jpg,1940,1920,-20
43625.jpg,1940,1950,10
43630.jpg,1940,1880,-60
43635.jpg,1940,1920,-20
43640.jpg,1940,-1,-1941
43645.jpg,1940,1930,-10
43650.jpg,1940,2003,63
43655.jpg,1940,2015,75
43660.jpg,1940,1955,15
43665.jpg,1940,1920,-20
43670.jpg,1940,1950,10
43675.jpg,1940,1930,-10
43680.jpg,1940,1910,-30
43685.jpg,1940,20,-1920
43700.jpg,1940,1950,10
43705.jpg,1940,1880,-60
43710.jpg,1940,1904,-36
43715.jpg,1940,1980,40
43720.jpg,1941,1950,9
43725.jpg,1941,1950,9
43730.jpg,1941,2021,80
43735.jpg,1941,2000,59
43740.jpg,1941,2005,64
43745.jpg,1941,1860,-81
43750.jpg,1941,1910,-31
43755.jpg,1941,1684,-257
43760.jpg,1941,1920,-21
43765.jpg,1941,1850,-91
43770.jpg,1941,2000,59
43775.jpg,1941,1950,9
43780.jpg,1941,1970,29
43785.jpg,1941,1950,9
43790.jpg,1941,1920,-21
43795.jpg,1941,1450,-491
43800.jpg,1941,1620,-321
43805.jpg,1941,1750,-191
43810.jpg,1941,19,-1922
43815.jpg,1941,1960,19
43820.jpg,1941,20,-1921
43825.jpg,1941,2002,61
43830.jpg,1941,2020,79
43835.jpg,1941,1999,58
43840.jpg,1941,39,-1902
43845.jpg,1941,20,-1921
43850.jpg,1941,1950,9
43855.jpg,1941,1850,-91
43860.jpg,1941,1950,9
43865.jpg,1942,1950,8
43870.jpg,1942,1962,20
43875.jpg,1942,1950,8
43880.jpg,1942,19,-1923
43885.jpg,1942,1990,48
43890.jpg,1942,1950,8
43895.jpg,1942,1950,8
43900.jpg,1942,1897,-45
43905.jpg,1942,1935,-7
43910.jpg,1942,-1,-1943
43915.jpg,1942,1850,-92
43920.jpg,1942,1960,18
43925.jpg,1942,20,-1922
43930.jpg,1942,1930,-12
43935.jpg,1942,1950,8
43940.jpg,1942,1850,-92
43945.jpg,1942,1972,30
43950.jpg,1942,1950,8
43955.jpg,1942,1850,-92
43960.jpg,1943,18,-1925
43965.jpg,1943,1970,27
43970.jpg,1943,2010,67
43975.jpg,1943,1950,7
43980.jpg,1943,1940,-3
43985.jpg,1943,1960,17
43990.jpg,1943,1930,-13
43995.jpg,1943,1905,-38
44000.jpg,1943,1950,7
44005.jpg,1943,2001,58
44010.jpg,1943,1950,7
44015.jpg,1943,20,-1923
44020.jpg,1943,1960,17
44025.jpg,1943,1950,7
44030.jpg,1944,1847,-97
44035.jpg,1944,-1,-1945
44040.jpg,1944,1976,32
44045.jpg,1944,1933,-11
44050.jpg,1944,2005,61
44055.jpg,1944,1000,-944
44060.jpg,1945,1450,-495
44065.jpg,1945,1929,-16
44075.jpg,1945,1980,35
44080.jpg,1945,1964,19
44090.jpg,1945,1850,-95
44095.jpg,1945,1940,-5
44100.jpg,1945,1958,13
44105.jpg,1945,1910,-35
44110.jpg,1945,1920,-25
44115.jpg,1946,1950,4
44120.jpg,1946,1960,14
44125.jpg,1946,20,-1926
44130.jpg,1946,1450,-496
44135.jpg,1946,20,-1926
44140.jpg,1946,20,-1926
44145.jpg,1946,1960,14
44150.jpg,1946,1837,-109
44155.jpg,1946,1919,-27
44160.jpg,1946,1880,-66
44165.jpg,1946,1930,-16
44170.jpg,1946,1950,4
44175.jpg,1947,1930,-17
44180.jpg,1947,1950,3
44185.jpg,1947,19,-1928
44190.jpg,1947,2010,63
44195.jpg,1947,-1,-1948
44200.jpg,1947,1970,23
44205.jpg,1947,2000,53
44210.jpg,1947,1930,-17
44215.jpg,1947,1930,-17
44220.jpg,1947,1950,3
44230.jpg,1947,1920,-27
44240.jpg,1947,1950,3
44245.jpg,1947,19,-1928
44250.jpg,1947,1950,3
44255.jpg,1947,2000,53
44260.jpg,1947,20,-1927
44270.jpg,1947,1950,3
44275.jpg,1947,1607,-340
44280.jpg,1947,1971,24
44285.jpg,1948,1950,2
44290.jpg,1948,2010,62
44295.jpg,1948,2008,60
44300.jpg,1948,2010,62
44305.jpg,1948,1970,22
44310.jpg,1948,2021,73
44315.jpg,1948,1990,42
44320.jpg,1948,1980,32
44325.jpg,1948,1960,12
44330.jpg,1948,1948,0
44335.jpg,1948,1830,-118
44340.jpg,1948,1950,2
44345.jpg,1948,1810,-138
44350.jpg,1948,1960,12
44355.jpg,1948,1940,-8
44360.jpg,1948,20,-1928
44365.jpg,1948,1950,2
44370.jpg,1948,1850,-98
44375.jpg,1948,1925,-23
44380.jpg,1948,1989,41
44385.jpg,1948,1944,-4
44390.jpg,1948,1945,-3
44395.jpg,1948,1930,-18
44400.jpg,1949,1915,-34
44405.jpg,1949,1930,-19
44410.jpg,1949,1920,-29
44415.jpg,1949,1970,21
44420.jpg,1949,2000,51
44425.jpg,1949,1950,1
44430.jpg,1949,1950,1
44435.jpg,1949,20,-1929
44440.jpg,1949,1960,11
44445.jpg,1949,1985,36
44450.jpg,1949,1930,-19
44455.jpg,1949,1950,1
44460.jpg,1949,1935,-14
44465.jpg,1949,1889,-60
44470.jpg,1949,1955,6
44475.jpg,1949,1938,-11
44480.jpg,1949,1958,9
44485.jpg,1949,1950,1
44490.jpg,1949,1950,1
44495.jpg,1949,1950,1
44500.jpg,1949,1950,1
44510.jpg,1949,1928,-21
44515.jpg,1949,20,-1929
44520.jpg,1949,20,-1929
44525.jpg,1949,1980,31
44530.jpg,1949,-1,-1950
44535.jpg,1949,1954,5
44540.jpg,1950,1957,7
44545.jpg,1950,2000,50
44550.jpg,1950,20,-1930
44555.jpg,1950,1950,0
44560.jpg,1950,1932,-18
44565.jpg,1950,2008,58
44570.jpg,1950,2000,50
44575.jpg,1950,1930,-20
44585.jpg,1950,1990,40
44590.jpg,1950,1932,-18
44595.jpg,1950,1989,39
44600.jpg,1950,1999,49
44605.jpg,1950,1990,40
44610.jpg,1950,1930,-20
44615.jpg,1950,1950,0
44620.jpg,1950,1950,0
44625.jpg,1950,1845,-105
44630.jpg,1950,1850,-100
44635.jpg,1950,2020,70
44640.jpg,1950,1950,0
44645.jpg,1950,1950,0
44650.jpg,1950,1930,-20
44655.jpg,1950,1950,0
44660.jpg,1950,2020,70
44665.jpg,1950,1950,0
44680.jpg,1950,1930,-20
44685.jpg,1950,1950,0
44690.jpg,1950,1948,-2
44695.jpg,1950,1928,-22
44700.jpg,1950,1980,30
44705.jpg,1951,1960,9
44710.jpg,1951,1950,-1
44720.jpg,1951,1950,-1
44725.jpg,1951,1976,25
44730.jpg,1951,1990,39
44735.jpg,1951,1900,-51
44740.jpg,1951,1800,-151
44745.jpg,1951,1990,39
44750.jpg,1951,1950,-1
44755.jpg,1951,1950,-1
44760.jpg,1951,1950,-1
44765.jpg,1951,1890,-61
44770.jpg,1951,1436,-515
44775.jpg,1951,1870,-81
44780.jpg,1951,1900,-51
44785.jpg,1951,1970,19
44790.jpg,1951,1948,-3
44795.jpg,1951,2015,64
44800.jpg,1951,1840,-111
44810.jpg,1951,1920,-31
44815.jpg,1951,1920,-31
44820.jpg,1951,1950,-1
44825.jpg,1951,1961,10
44830.jpg,1951,1958,7
44840.jpg,1951,1987,36
44845.jpg,1952,1950,-2
44850.jpg,1952,1950,-2
44855.jpg,1952,-1,-1953
44860.jpg,1952,1950,-2
44865.jpg,1952,2005,53
44870.jpg,1952,2000,48
44875.jpg,1952,1981,29
44880.jpg,1952,-1,-1953
44885.jpg,1952,1990,38
44890.jpg,1952,20,-1932
44895.jpg,1952,2017,65
44900.jpg,1952,20,-1932
44905.jpg,1952,1935,-17
44910.jpg,1952,2010,58
44915.jpg,1952,1939,-13
44920.jpg,1952,2017,65
44925.jpg,1952,2021,69
44930.jpg,1952,2000,48
44940.jpg,1952,1910,-42
44945.jpg,1952,1971,19
44950.jpg,1952,1970,18
44955.jpg,1952,2005,53
44960.jpg,1953,1990,37
44965.jpg,1953,2010,57
44970.jpg,1953,1950,-3
44980.jpg,1953,1952,-1
44985.jpg,1953,2009,56
44990.jpg,1953,1960,7
44995.jpg,1953,1964,11
45000.jpg,1953,2010,57
45005.jpg,1953,1935,-18
45010.jpg,1953,1857,-96
45015.jpg,1953,1950,-3
45020.jpg,1953,20,-1933
45025.jpg,1953,1600,-353
45030.jpg,1953,19,-1934
45035.jpg,1953,1960,7
45040.jpg,1953,1800,-153
45045.jpg,1953,1850,-103
45050.jpg,1953,1950,-3
45055.jpg,1953,1956,3
45060.jpg,1953,20,-1933
45065.jpg,1953,1960,7
45070.jpg,1953,1950,-3
45075.jpg,1953,2009,56
45080.jpg,1953,2005,52
45085.jpg,1953,2010,57
45090.jpg,1953,1,-1952
45095.jpg,1954,1930,-24
45100.jpg,1954,1990,36
45105.jpg,1954,1961,7
45110.jpg,1954,1970,16
45115.jpg,1954,2004,50
45120.jpg,1954,1950,-4
45125.jpg,1954,1931,-23
45130.jpg,1954,2020,66
45135.jpg,1954,2010,56
45140.jpg,1954,2018,64
45150.jpg,1954,1930,-24
45155.jpg,1954,1990,36
45160.jpg,1954,1962,8
45165.jpg,1954,2022,68
45170.jpg,1954,1998,44
45175.jpg,1954,1950,-4
45180.jpg,1954,1913,-41
45185.jpg,1954,1850,-104
45190.jpg,1954,1950,-4
45195.jpg,1954,1950,-4
45200.jpg,1954,1950,-4
45205.jpg,1954,1950,-4
45210.jpg,1954,1900,-54
45215.jpg,1954,2005,51
45220.jpg,1954,1826,-128
45225.jpg,1954,1893,-61
45230.jpg,1954,1960,6
45235.jpg,1955,500,-1455
45240.jpg,1955,1995,40
45245.jpg,1955,1960,5
45250.jpg,1955,1981,26
45255.jpg,1955,1950,-5
45260.jpg,1955,2005,50
45265.jpg,1955,1937,-18
45275.jpg,1955,1990,35
45280.jpg,1955,2000,45
45285.jpg,1955,1950,-5
45290.jpg,1955,1930,-25
45295.jpg,1955,2012,57
45300.jpg,1955,2019,64
45310.jpg,1955,1980,25
45315.jpg,1955,2000,45
45320.jpg,1955,1758,-197
45325.jpg,1955,1626,-329
45330.jpg,1955,1950,-5
45335.jpg,1955,1947,-8
45345.jpg,1955,1997,42
45350.jpg,1955,1950,-5
45355.jpg,1955,2008,53
45360.jpg,1955,1760,-195
45365.jpg,1955,1972,17
45370.jpg,1955,1954,-1
45375.jpg,1955,19,-1936
45385.jpg,1956,1970,14
45390.jpg,1956,2005,49
45395.jpg,1956,1985,29
45400.jpg,1956,2015,59
45405.jpg,1956,1976,20
45410.jpg,1956,1950,-6
45415.jpg,1956,1956,0
45420.jpg,1956,1970,14
45430.jpg,1956,1960,4
45435.jpg,1956,1800,-156
45440.jpg,1956,1950,-6
45445.jpg,1956,1930,-26
45450.jpg,1956,1980,24
45455.jpg,1956,2000,44
45460.jpg,1956,1992,36
45465.jpg,1956,1,-1955
45470.jpg,1956,1948,-8
45475.jpg,1956,1950,-6
45480.jpg,1956,1950,-6
45485.jpg,1956,20,-1936
45490.jpg,1956,1937,-19
45495.jpg,1956,1850,-106
45500.jpg,1956,2022,66
45505.jpg,1956,2000,44
45510.jpg,1956,1995,39
45515.jpg,1956,2015,59
45520.jpg,1956,18,-1938
45530.jpg,1957,1850,-107
45535.jpg,1957,2007,50
45540.jpg,1957,2008,51
45545.jpg,1957,-1,-1958
45550.jpg,1957,1980,23
45555.jpg,1957,2016,59
45560.jpg,1957,1960,3
45565.jpg,1957,1958,1
45570.jpg,1957,1970,13
45575.jpg,1957,1923,-34
45585.jpg,1957,1920,-37
45590.jpg,1957,1960,3
45595.jpg,1957,1950,-7
45605.jpg,1957,2013,56
45610.jpg,1957,2015,58
45615.jpg,1957,20,-1937
45620.jpg,1957,1959,2
45630.jpg,1957,19,-1938
45635.jpg,1957,1960,3
45640.jpg,1957,1950,-7
45645.jpg,1957,1850,-107
45650.jpg,1957,1950,-7
45655.jpg,1957,1950,-7
45660.jpg,1957,1946,-11
45665.jpg,1957,1900,-57
45675.jpg,1957,2021,64
45680.jpg,1957,1914,-43
45685.jpg,1957,1976,19
45695.jpg,1957,2022,65
45700.jpg,1958,1923,-35
45705.jpg,1958,2020,62
45715.jpg,1958,1930,-28
45720.jpg,1958,1940,-18
45730.jpg,1958,1970,12
45735.jpg,1958,2020,62
45740.jpg,1958,1995,37
45745.jpg,1958,1960,2
45750.jpg,1958,1990,32
45755.jpg,1958,1850,-108
45760.jpg,1958,1960,2
45765.jpg,1958,1954,-4
45770.jpg,1958,1931,-27
45775.jpg,1958,1970,12
45780.jpg,1958,1850,-108
45785.jpg,1958,2021,63
45790.jpg,1958,1950,-8
45795.jpg,1958,2000,42
45800.jpg,1958,1950,-8
45805.jpg,1958,2005,47
45810.jpg,1958,1450,-508
45815.jpg,1958,1971,13
45820.jpg,1958,1900,-58
45825.jpg,1958,1930,-28
45830.jpg,1958,2010,52
45835.jpg,1958,1910,-48
45840.jpg,1958,1950,-8
45845.jpg,1958,2000,42
45850.jpg,1958,1953,-5
45855.jpg,1959,2008,49
45860.jpg,1959,1450,-509
45870.jpg,1959,1991,32
45880.jpg,1959,1920,-39
45885.jpg,1959,2015,56
45890.jpg,1959,1975,16
45895.jpg,1959,1958,-1
45900.jpg,1959,1960,1
45905.jpg,1959,1920,-39
45910.jpg,1959,2021,62
45915.jpg,1959,1966,7
45925.jpg,1959,1950,-9
45930.jpg,1959,1995,36
45935.jpg,1959,1950,-9
45940.jpg,1959,1950,-9
45945.jpg,1959,2000,41
45950.jpg,1959,2000,41
45955.jpg,1959,1991,32
45960.jpg,1959,2000,41
45965.jpg,1959,1910,-49
45970.jpg,1959,1994,35
45975.jpg,1959,1930,-29
45980.jpg,1959,1930,-29
45985.jpg,1959,1960,1
45990.jpg,1960,1897,-63
45995.jpg,1960,1850,-110
46000.jpg,1960,1980,20
46005.jpg,1960,-1,-1961
46015.jpg,1960,1958,-2
46025.jpg,1960,1994,34
46030.jpg,1960,1985,25
46035.jpg,1960,1959,-1
46040.jpg,1960,1980,20
46045.jpg,1960,2013,53
46050.jpg,1960,1943,-17
46055.jpg,1960,1880,-80
46060.jpg,1960,1950,-10
46065.jpg,1960,1990,30
46070.jpg,1960,1937,-23
46075.jpg,1960,2012,52
46080.jpg,1960,1940,-20
46085.jpg,1960,1800,-160
46090.jpg,1960,1950,-10
46095.jpg,1960,20,-1940
46100.jpg,1960,1964,4
46105.jpg,1960,1920,-40
46110.jpg,1960,2000,40
46115.jpg,1960,2000,40
46120.jpg,1960,2005,45
46130.jpg,1960,1890,-70
46135.jpg,1960,1937,-23
46140.jpg,1960,1925,-35
46145.jpg,1960,20,-1940
46150.jpg,1960,1960,0
46155.jpg,1961,1850,-111
46160.jpg,1961,1964,3
46170.jpg,1961,1994,33
46180.jpg,1961,20,-1941
46185.jpg,1961,1995,34
46190.jpg,1961,1,-1960
46195.jpg,1961,2010,49
46200.jpg,1961,2000,39
46205.jpg,1961,2010,49
46210.jpg,1961,1970,9
46215.jpg,1961,2010,49
46220.jpg,1961,-1,-1962
46225.jpg,1961,1958,-3
46230.jpg,1961,1970,9
46235.jpg,1961,1950,-11
46240.jpg,1961,2021,60
46245.jpg,1961,1890,-71
46250.jpg,1961,1859,-102
46255.jpg,1961,1950,-11
46260.jpg,1961,1960,-1
46265.jpg,1961,1959,-2
46270.jpg,1961,20,-1941
46275.jpg,1961,2000,39
46280.jpg,1961,1750,-211
46285.jpg,1961,2023,62
46290.jpg,1961,1990,29
46295.jpg,1961,2000,39
46305.jpg,1961,2006,45
46310.jpg,1961,1963,2
46315.jpg,1961,2005,44
46320.jpg,1962,1980,18
46330.jpg,1962,1920,-42
46335.jpg,1962,2008,46
46340.jpg,1962,1961,-1
46345.jpg,1962,1980,18
46350.jpg,1962,2020,58
46355.jpg,1962,21,-1941
46360.jpg,1962,20,-1942
46365.jpg,1962,1950,-12
46370.jpg,1962,1950,-12
46375.jpg,1962,1960,-2
46380.jpg,1962,2005,43
46385.jpg,1962,1950,-12
46390.jpg,1962,1958,-4
46395.jpg,1962,1800,-162
46400.jpg,1962,2016,54
46405.jpg,1962,1930,-32
46410.jpg,1962,20,-1942
46415.jpg,1962,1,-1961
46420.jpg,1962,1950,-12
46425.jpg,1962,1970,8
46430.jpg,1962,2000,38
46435.jpg,1962,1887,-75
46440.jpg,1962,2010,48
46445.jpg,1962,2005,43
46450.jpg,1962,1965,3
46455.jpg,1962,1925,-37
46460.jpg,1962,1930,-32
46465.jpg,1963,1933,-30
46470.jpg,1963,1958,-5
46475.jpg,1963,1959,-4
46480.jpg,1963,2012,49
46490.jpg,1963,2010,47
46495.jpg,1963,2018,55
46500.jpg,1963,20,-1943
46505.jpg,1963,2020,57
46510.jpg,1963,1982,19
46515.jpg,1963,2005,42
46520.jpg,1963,2003,40
46525.jpg,1963,2010,47
46530.jpg,1963,1991,28
46535.jpg,1963,1950,-13
46540.jpg,1963,1450,-513
46545.jpg,1963,1960,-3
46550.jpg,1963,1985,22
46555.jpg,1963,2008,45
46560.jpg,1963,1933,-30
46565.jpg,1963,2000,37
46570.jpg,1963,20,-1943
46575.jpg,1963,1950,-13
46580.jpg,1963,1930,-33
46585.jpg,1963,20,-1943
46590.jpg,1963,1450,-513
46595.jpg,1963,20,-1943
46600.jpg,1963,1935,-28
46605.jpg,1963,2005,42
46615.jpg,1963,1924,-39
46620.jpg,1963,1930,-33
46625.jpg,1963,1990,27
46630.jpg,1963,1954,-9
46635.jpg,1964,1960,-4
46640.jpg,1964,2015,51
46645.jpg,1964,1955,-9
46650.jpg,1964,2020,56
46655.jpg,1964,1950,-14
46660.jpg,1964,2008,44
46665.jpg,1964,1964,0
46670.jpg,1964,1960,-4
46675.jpg,1964,1939,-25
46680.jpg,1964,1990,26
46685.jpg,1964,2015,51
46690.jpg,1964,1969,5
46695.jpg,1964,2010,46
46700.jpg,1964,20,-1944
46705.jpg,1964,2010,46
46710.jpg,1964,2005,41
46715.jpg,1964,1960,-4
46720.jpg,1964,1992,28
46725.jpg,1964,2000,36
46730.jpg,1964,1960,-4
46735.jpg,1964,1887,-77
46740.jpg,1964,19,-1945
46745.jpg,1964,1965,1
46750.jpg,1964,1863,-101
46755.jpg,1964,1950,-14
46760.jpg,1964,1850,-114
46765.jpg,1964,1969,5
46770.jpg,1964,1910,-54
46775.jpg,1964,1920,-44
46780.jpg,1964,2000,36
46785.jpg,1964,-1,-1965
46790.jpg,1964,2020,56
46795.jpg,1964,1930,-34
46805.jpg,1964,1960,-4
46810.jpg,1964,1930,-34
46815.jpg,1964,1600,-364
46820.jpg,1965,1990,25
46825.jpg,1965,2010,45
46830.jpg,1965,2004,39
46835.jpg,1965,2010,45
46840.jpg,1965,-1,-1966
46845.jpg,1965,1998,33
46850.jpg,1965,2007,42
46860.jpg,1965,2004,39
46865.jpg,1965,1930,-35
46870.jpg,1965,2010,45
46875.jpg,1965,1999,34
46885.jpg,1965,20,-1945
46890.jpg,1965,1950,-15
46895.jpg,1965,20,-1945
46900.jpg,1965,1960,-5
46905.jpg,1965,1952,-13
46910.jpg,1965,1950,-15
46915.jpg,1965,-1,-1966
46920.jpg,1965,2000,35
46930.jpg,1965,1850,-115
46935.jpg,1965,20,-1945
46940.jpg,1965,1930,-35
46945.jpg,1965,2010,45
46950.jpg,1965,2007,42
46955.jpg,1965,1985,20
46960.jpg,1965,2000,35
46965.jpg,1965,1930,-35
46970.jpg,1965,1968,3
46990.jpg,1965,1980,15
46995.jpg,1965,1930,-35
47000.jpg,1965,1969,4
47005.jpg,1966,1970,4
47010.jpg,1966,2010,44
47015.jpg,1966,2000,34
47020.jpg,1966,1964,-2
47025.jpg,1966,2000,34
47030.jpg,1966,2015,49
47035.jpg,1966,1950,-16
47040.jpg,1966,2017,51
47050.jpg,1966,2018,52
47055.jpg,1966,2022,56
47060.jpg,1966,20,-1946
47065.jpg,1966,1940,-26
47070.jpg,1966,1938,-28
47075.jpg,1966,2000,34
47080.jpg,1966,1950,-16
47085.jpg,1966,1960,-6
47090.jpg,1966,1982,16
47100.jpg,1966,1859,-107
47105.jpg,1966,2013,47
47115.jpg,1966,1890,-76
47120.jpg,1966,1970,4
47125.jpg,1966,1950,-16
47130.jpg,1966,1950,-16
47135.jpg,1966,1958,-8
47140.jpg,1966,20,-1946
47145.jpg,1966,1450,-516
47150.jpg,1966,20,-1946
47155.jpg,1966,1920,-46
47170.jpg,1966,2000,34
47175.jpg,1966,1990,24
47180.jpg,1966,1950,-16
47185.jpg,1966,2015,49
47190.jpg,1966,1950,-16
47195.jpg,1966,1990,24
47200.jpg,1966,1986,20
47205.jpg,1966,1960,-6
47210.jpg,1966,1969,3
47215.jpg,1966,20,-1946
47220.jpg,1966,2001,35
47225.jpg,1967,1976,9
47230.jpg,1967,1965,-2
47235.jpg,1967,1890,-77
47240.jpg,1967,1980,13
47245.jpg,1967,2020,53
47255.jpg,1967,1950,-17
47265.jpg,1967,2008,41
47270.jpg,1967,2000,33
47275.jpg,1967,2015,48
47280.jpg,1967,20,-1947
47285.jpg,1967,1960,-7
47290.jpg,1967,1950,-17
47295.jpg,1967,1901,-66
47300.jpg,1967,2010,43
47305.jpg,1967,1757,-210
47310.jpg,1967,1950,-17
47315.jpg,1967,1970,3
47320.jpg,1967,1979,12
47325.jpg,1967,1995,28
47330.jpg,1967,1968,1
47335.jpg,1967,1200,-767
47340.jpg,1967,2019,52
47345.jpg,1967,1950,-17
47350.jpg,1967,16,-1951
47355.jpg,1967,1985,18
47360.jpg,1967,1915,-52
47365.jpg,1967,1950,-17
47370.jpg,1967,1850,-117
47375.jpg,1967,1920,-47
47380.jpg,1967,2010,43
47385.jpg,1967,1970,3
47395.jpg,1967,2005,38
47400.jpg,1967,2000,33
47405.jpg,1967,1970,3
47410.jpg,1967,2016,49
47420.jpg,1967,1975,8
47425.jpg,1967,2004,37
47430.jpg,1967,2010,43
47435.jpg,1967,2005,38
47440.jpg,1967,1980,13
47445.jpg,1967,2020,53
47450.jpg,1968,1950,-18
47455.jpg,1968,1986,18
47460.jpg,1968,1959,-9
47465.jpg,1968,1990,22
47470.jpg,1968,2005,37
47475.jpg,1968,1972,4
47480.jpg,1968,1997,29
47485.jpg,1968,2015,47
47490.jpg,1968,2000,32
47495.jpg,1968,1999,31
47500.jpg,1968,2005,37
47505.jpg,1968,2008,40
47515.jpg,1968,1910,-58
47520.jpg,1968,1930,-38
47525.jpg,1968,2010,42
47530.jpg,1968,1975,7
47535.jpg,1968,1950,-18
47540.jpg,1968,1930,-38
47545.jpg,1968,1929,-39
47550.jpg,1968,1980,12
47555.jpg,1968,1831,-137
47560.jpg,1968,1935,-33
47565.jpg,1968,20,-1948
47570.jpg,1968,1950,-18
47575.jpg,1968,1700,-268
47580.jpg,1968,2004,36
47585.jpg,1968,1847,-121
47590.jpg,1968,2008,40
47595.jpg,1968,2010,42
47600.jpg,1968,2010,42
47610.jpg,1968,2000,32
47620.jpg,1968,2005,37
47625.jpg,1968,1950,-18
47630.jpg,1968,2021,53
47635.jpg,1968,1980,12
47640.jpg,1968,1929,-39
47645.jpg,1968,1970,2
47650.jpg,1969,1964,-5
47655.jpg,1969,1970,1
47660.jpg,1969,1950,-19
47665.jpg,1969,1955,-14
47670.jpg,1969,2015,46
47675.jpg,1969,1900,-69
47680.jpg,1969,1950,-19
47685.jpg,1969,1960,-9
47690.jpg,1969,2005,36
47695.jpg,1969,1400,-569
47700.jpg,1969,1932,-37
47710.jpg,1969,2003,34
47715.jpg,1969,1900,-69
47720.jpg,1969,1965,-4
47730.jpg,1969,1950,-19
47735.jpg,1969,1980,11
47740.jpg,1969,1450,-519
47745.jpg,1969,2020,51
47750.jpg,1969,2008,39
47755.jpg,1969,1920,-49
47760.jpg,1969,1950,-19
47765.jpg,1969,2020,51
47770.jpg,1969,2010,41
47780.jpg,1969,2010,41
47785.jpg,1969,2019,50
47790.jpg,1969,1937,-32
47795.jpg,1969,1976,7
47800.jpg,1969,1985,16
47805.jpg,1969,1880,-89
47810.jpg,1969,1970,1
47815.jpg,1969,2014,45
47820.jpg,1969,2021,52
47825.jpg,1969,1980,11
47830.jpg,1969,1970,1
47835.jpg,1970,1960,-10
47840.jpg,1970,1994,24
47845.jpg,1970,2000,30
47850.jpg,1970,1920,-50
47855.jpg,1970,2005,35
47860.jpg,1970,2000,30
47865.jpg,1970,2000,30
47870.jpg,1970,1958,-12
47875.jpg,1970,1980,10
47880.jpg,1970,2020,50
47890.jpg,1970,2000,30
47895.jpg,1970,1960,-10
47900.jpg,1970,1950,-20
47905.jpg,1970,1985,15
47910.jpg,1970,1970,0
47915.jpg,1970,2008,38
47920.jpg,1970,2005,35
47925.jpg,1970,1980,10
47930.jpg,1970,2020,50
47935.jpg,1970,1970,0
47940.jpg,1970,1997,27
47945.jpg,1970,1750,-220
47950.jpg,1970,2000,30
47955.jpg,1970,2010,40
47960.jpg,1970,1950,-20
47965.jpg,1970,2005,35
47970.jpg,1970,2015,45
47975.jpg,1970,1920,-50
47980.jpg,1970,1,-1969
47985.jpg,1970,2013,43
47990.jpg,1970,2005,35
47995.jpg,1970,2000,30
48000.jpg,1971,1950,-21
48005.jpg,1971,2008,37
48010.jpg,1971,1959,-12
48020.jpg,1971,2015,44
48025.jpg,1971,1930,-41
48030.jpg,1971,2010,39
48035.jpg,1971,20,-1951
48040.jpg,1971,2015,44
48045.jpg,1971,2019,48
48050.jpg,1971,2010,39
48065.jpg,1971,1950,-21
48070.jpg,1971,1930,-41
48075.jpg,1971,1979,8
48080.jpg,1971,1975,4
48085.jpg,1971,2011,40
48090.jpg,1971,1964,-7
48095.jpg,1971,1925,-46
48100.jpg,1971,2018,47
48105.jpg,1971,2015,44
48110.jpg,1971,2000,29
48115.jpg,1971,1980,9
48120.jpg,1971,20,-1951
48130.jpg,1971,2005,34
48135.jpg,1971,2005,34
48140.jpg,1971,1950,-21
48145.jpg,1971,2010,39
48150.jpg,1971,2000,29
48155.jpg,1971,1849,-122
48160.jpg,1971,1960,-11
48170.jpg,1971,1980,9
48175.jpg,1971,1971,0
48180.jpg,1972,1970,-2
48185.jpg,1972,1980,8
48190.jpg,1972,1979,7
48195.jpg,1972,2005,33
48200.jpg,1972,1970,-2
48205.jpg,1972,2015,43
48215.jpg,1972,1985,13
48220.jpg,1972,1990,18
48225.jpg,1972,2022,50
48230.jpg,1972,1964,-8
48235.jpg,1972,2016,44
48240.jpg,1972,1990,18
48245.jpg,1972,1967,-5
48250.jpg,1972,1969,-3
48255.jpg,1972,1930,-42
48260.jpg,1972,1960,-12
48265.jpg,1972,1973,1
48270.jpg,1972,1890,-82
48275.jpg,1972,2015,43
48280.jpg,1972,1948,-24
48285.jpg,1972,1930,-42
48290.jpg,1972,1450,-522
48295.jpg,1972,20,-1952
48300.jpg,1972,2000,28
48305.jpg,1972,2015,43
48310.jpg,1972,2016,44
48320.jpg,1972,1928,-44
48325.jpg,1972,1856,-116
48330.jpg,1972,1950,-22
48335.jpg,1972,1890,-82
48340.jpg,1972,2015,43
48345.jpg,1972,1990,18
48350.jpg,1972,1972,0
48355.jpg,1972,1925,-47
48360.jpg,1973,2010,37
48365.jpg,1973,1990,17
48370.jpg,1973,1978,5
48375.jpg,1973,2004,31
48380.jpg,1973,2020,47
48385.jpg,1973,2001,28
48390.jpg,1973,1994,21
48395.jpg,1973,1970,-3
48400.jpg,1973,1985,12
48405.jpg,1973,2017,44
48410.jpg,1973,1950,-23
48415.jpg,1973,2005,32
48420.jpg,1973,1995,22
48425.jpg,1973,1964,-9
48430.jpg,1973,20,-1953
48435.jpg,1973,20,-1953
48440.jpg,1973,1990,17
48445.jpg,1973,2015,42
48450.jpg,1973,1940,-33
48455.jpg,1973,1800,-173
48465.jpg,1973,2013,40
48475.jpg,1973,1985,12
48480.jpg,1973,1934,-39
48490.jpg,1973,2000,27
48495.jpg,1973,1990,17
48500.jpg,1973,19,-1954
48505.jpg,1973,2005,32
48510.jpg,1973,2005,32
48515.jpg,1973,1874,-99
48525.jpg,1973,1967,-6
48530.jpg,1974,2000,26
48535.jpg,1974,1958,-16
48540.jpg,1974,1960,-14
48545.jpg,1974,-1,-1975
48550.jpg,1974,2015,41
48555.jpg,1974,2009,35
48560.jpg,1974,1980,6
48565.jpg,1974,1990,16
48570.jpg,1974,2010,36
48575.jpg,1974,20,-1954
48580.jpg,1974,2020,46
48585.jpg,1974,2005,31
48590.jpg,1974,1990,16
48595.jpg,1974,1959,-15
48600.jpg,1974,1998,24
48605.jpg,1974,20,-1954
48610.jpg,1974,20,-1954
48615.jpg,1974,20,-1954
48620.jpg,1974,1900,-74
48625.jpg,1974,1500,-474
48630.jpg,1974,2010,36
48635.jpg,1974,2010,36
48640.jpg,1974,1897,-77
48650.jpg,1974,1973,-1
48670.jpg,1974,2010,36
48675.jpg,1974,2000,26
48680.jpg,1974,2000,26
48685.jpg,1974,1970,-4
48690.jpg,1974,1960,-14
48695.jpg,1974,1392,-582
48700.jpg,1974,2012,38
48705.jpg,1974,-1,-1975
48710.jpg,1974,2017,43
48715.jpg,1974,1973,-1
48720.jpg,1974,20,-1954
48725.jpg,1974,1800,-174
48735.jpg,1975,1950,-25
48740.jpg,1975,1990,15
48745.jpg,1975,1958,-17
48750.jpg,1975,1971,-4
48755.jpg,1975,2019,44
48760.jpg,1975,1993,18
48765.jpg,1975,2006,31
48770.jpg,1975,2010,35
48775.jpg,1975,2005,30
48780.jpg,1975,1967,-8
48785.jpg,1975,1970,-5
48790.jpg,1975,1978,3
48795.jpg,1975,1995,20
48800.jpg,1975,1930,-45
48805.jpg,1975,1957,-18
48810.jpg,1975,2010,35
48815.jpg,1975,1970,-5
48820.jpg,1975,1940,-35
48825.jpg,1975,1950,-25
48830.jpg,1975,1960,-15
48835.jpg,1975,2017,42
48840.jpg,1975,2015,40
48845.jpg,1975,2010,35
48850.jpg,1975,2005,30
48855.jpg,1975,2021,46
48860.jpg,1975,1995,20
48865.jpg,1975,1980,5
48870.jpg,1975,-1,-1976
48875.jpg,1975,1950,-25
48880.jpg,1975,2005,30
48885.jpg,1975,1968,-7
48890.jpg,1975,2015,40
48895.jpg,1975,2005,30
48900.jpg,1976,1975,-1
48905.jpg,1976,2005,29
48910.jpg,1976,2016,40
48915.jpg,1976,1980,4
48920.jpg,1976,2008,32
48925.jpg,1976,2000,24
48930.jpg,1976,2005,29
48940.jpg,1976,2002,26
48945.jpg,1976,1990,14
48950.jpg,1976,2010,34
48955.jpg,1976,1970,-6
48960.jpg,1976,1950,-26
48965.jpg,1976,1960,-16
48970.jpg,1976,1936,-40
48975.jpg,1976,1980,4
48985.jpg,1976,2005,29
48990.jpg,1976,1940,-36
49000.jpg,1976,1850,-126
49020.jpg,1976,2017,41
49030.jpg,1976,2008,32
49035.jpg,1976,2005,29
49040.jpg,1976,2000,24
49045.jpg,1976,2000,24
49050.jpg,1976,2005,29
49060.jpg,1976,1970,-6
49065.jpg,1976,1920,-56
49070.jpg,1976,1990,14
49075.jpg,1976,1592,-384
49080.jpg,1976,1960,-16
49085.jpg,1976,2022,46
49090.jpg,1976,2000,24
49095.jpg,1977,2008,31
49100.jpg,1977,1950,-27
49105.jpg,1977,1970,-7
49110.jpg,1977,2008,31
49115.jpg,1977,1950,-27
49120.jpg,1977,1980,3
49125.jpg,1977,2015,38
49130.jpg,1977,-1,-1978
49135.jpg,1977,1954,-23
49140.jpg,1977,1970,-7
49145.jpg,1977,-1,-1978
49150.jpg,1977,1960,-17
49155.jpg,1977,1950,-27
49160.jpg,1977,1903,-74
49165.jpg,1977,1869,-108
49170.jpg,1977,20,-1957
49175.jpg,1977,1920,-57
49180.jpg,1977,2010,33
49185.jpg,1977,1991,14
49190.jpg,1977,2023,46
49195.jpg,1977,1971,-6
49205.jpg,1977,20,-1957
49210.jpg,1977,2005,28
49215.jpg,1977,2000,23
49220.jpg,1977,2000,23
49225.jpg,1977,1971,-6
49230.jpg,1977,1450,-527
49235.jpg,1977,1950,-27
49240.jpg,1977,2010,33
49250.jpg,1977,1450,-527
49255.jpg,1977,1960,-17
49260.jpg,1978,2015,37
49265.jpg,1978,2010,32
49270.jpg,1978,1960,-18
49280.jpg,1978,2007,29
49285.jpg,1978,20,-1958
49290.jpg,1978,1920,-58
49295.jpg,1978,2020,42
49305.jpg,1978,1950,-28
49310.jpg,1978,2017,39
49315.jpg,1978,1955,-23
49320.jpg,1978,2007,29
49325.jpg,1978,1960,-18
49330.jpg,1978,2020,42
49335.jpg,1978,2010,32
49340.jpg,1978,19,-1959
49345.jpg,1978,2008,30
49350.jpg,1978,20,-1958
49355.jpg,1978,2005,27
49360.jpg,1978,2008,30
49365.jpg,1978,2020,42
49370.jpg,1978,1922,-56
49375.jpg,1978,2000,22
49385.jpg,1978,21,-1957
49390.jpg,1978,1996,18
49395.jpg,1978,1950,-28
49400.jpg,1978,1960,-18
49405.jpg,1979,1950,-29
49410.jpg,1979,1990,11
49415.jpg,1979,2000,21
49420.jpg,1979,2000,21
49425.jpg,1979,2008,29
49430.jpg,1979,2020,41
49435.jpg,1979,1950,-29
49440.jpg,1979,20,-1959
49445.jpg,1979,20,-1959
49450.jpg,1979,1910,-69
49455.jpg,1979,1950,-29
49460.jpg,1979,1999,20
49465.jpg,1979,1850,-129
49470.jpg,1979,1937,-42
49475.jpg,1979,1969,-10
49480.jpg,1979,1910,-69
49485.jpg,1979,1950,-29
49490.jpg,1979,1850,-129
49495.jpg,1979,1950,-29
49500.jpg,1979,1,-1978
49505.jpg,1979,2010,31
49510.jpg,1979,20,-1959
49515.jpg,1979,2000,21
49525.jpg,1979,2015,36
49530.jpg,1979,1970,-9
49535.jpg,1979,1995,16
49540.jpg,1979,2002,23
49545.jpg,1979,1960,-19
49550.jpg,1979,2020,41
49555.jpg,1979,-1,-1980
49560.jpg,1979,2020,41
49565.jpg,1980,2008,28
49570.jpg,1980,1900,-80
49585.jpg,1980,1890,-90
49590.jpg,1980,1965,-15
49595.jpg,1980,1985,5
49600.jpg,1980,1957,-23
49605.jpg,1980,20,-1960
49610.jpg,1980,2000,20
49615.jpg,1980,1980,0
49620.jpg,1980,20,-1960
49625.jpg,1980,1980,0
49630.jpg,1980,2000,20
49635.jpg,1980,20,-1960
49640.jpg,1980,1800,-180
49645.jpg,1980,2005,25
49650.jpg,1980,2015,35
49655.jpg,1980,1950,-30
49660.jpg,1980,2020,40
49665.jpg,1980,2000,20
49675.jpg,1980,2010,30
49680.jpg,1980,1970,-10
49685.jpg,1980,2000,20
49690.jpg,1980,2010,30
49695.jpg,1980,1950,-30
49700.jpg,1980,1929,-51
49705.jpg,1980,1950,-30
49710.jpg,1981,2020,39
49715.jpg,1981,2016,35
49720.jpg,1981,1993,12
49725.jpg,1981,1960,-21
49735.jpg,1981,1990,9
49740.jpg,1981,1994,13
49745.jpg,1981,1990,9
49750.jpg,1981,1930,-51
49755.jpg,1981,-1,-1982
49760.jpg,1981,1982,1
49770.jpg,1981,1930,-51
49775.jpg,1981,1990,9
49780.jpg,1981,2007,26
49785.jpg,1981,1928,-53
49790.jpg,1981,2010,29
49795.jpg,1981,2015,34
49800.jpg,1981,2010,29
49805.jpg,1981,1980,-1
49810.jpg,1981,-1,-1982
49815.jpg,1981,2000,19
49820.jpg,1981,1,-1980
49825.jpg,1981,1980,-1
49830.jpg,1981,1980,-1
49835.jpg,1981,1959,-22
49840.jpg,1981,1920,-61
49845.jpg,1981,1954,-27
49850.jpg,1981,1992,11
49860.jpg,1981,2010,29
49865.jpg,1981,2020,39
49875.jpg,1981,2005,24
49880.jpg,1981,1985,4
49885.jpg,1981,2005,24
49890.jpg,1981,2010,29
49895.jpg,1981,1980,-1
49900.jpg,1981,1600,-381
49905.jpg,1981,1969,-12
49910.jpg,1981,1992,11
49915.jpg,1981,1960,-21
49920.jpg,1982,2015,33
49925.jpg,1982,1700,-282
49930.jpg,1982,2010,28
49935.jpg,1982,1920,-62
49940.jpg,1982,1983,1
49945.jpg,1982,1959,-23
49950.jpg,1982,2011,29
49955.jpg,1982,1920,-62
49960.jpg,1982,2015,33
49965.jpg,1982,2010,28
49975.jpg,1982,-1,-1983
49980.jpg,1982,2010,28
49985.jpg,1982,-1,-1983
49990.jpg,1982,2010,28
49995.jpg,1982,1958,-24
50000.jpg,1982,1985,3
50005.jpg,1982,2020,38
50010.jpg,1982,1958,-24
50015.jpg,1982,2007,25
50020.jpg,1982,1990,8
50025.jpg,1982,1980,-2
50030.jpg,1982,1985,3
50035.jpg,1982,2012,30
50040.jpg,1982,2011,29
50045.jpg,1982,2020,38
50050.jpg,1982,1958,-24
50055.jpg,1982,1989,7
50060.jpg,1982,1974,-8
50065.jpg,1982,1910,-72
50070.jpg,1982,1960,-22
50075.jpg,1982,1960,-22
50080.jpg,1982,-1,-1983
50095.jpg,1982,1920,-62
50100.jpg,1982,1600,-382
50105.jpg,1982,1950,-32
50110.jpg,1982,1890,-92
50115.jpg,1982,2000,18
50120.jpg,1982,1933,-49
50145.jpg,1982,20,-1962
50150.jpg,1982,1960,-22
50155.jpg,1982,2011,29
50160.jpg,1983,1850,-133
50165.jpg,1983,1955,-28
50170.jpg,1983,2015,32
50175.jpg,1983,2021,38
50185.jpg,1983,1850,-133
50190.jpg,1983,1930,-53
50195.jpg,1983,1970,-13
50200.jpg,1983,1963,-20
50205.jpg,1983,2000,17
50210.jpg,1983,1950,-33
50220.jpg,1983,1970,-13
50225.jpg,1983,2010,27
50230.jpg,1983,1987,4
50235.jpg,1983,2002,19
50240.jpg,1983,1990,7
50245.jpg,1983,1985,2
50250.jpg,1983,1990,7
50255.jpg,1983,1920,-63
50260.jpg,1983,2010,27
50270.jpg,1983,1990,7
50275.jpg,1983,1960,-23
50280.jpg,1983,2000,17
50285.jpg,1983,1950,-33
50290.jpg,1983,1960,-23
50295.jpg,1983,-1,-1984
50300.jpg,1983,2005,22
50305.jpg,1983,1960,-23
50310.jpg,1983,20,-1963
50315.jpg,1983,1850,-133
50320.jpg,1983,1960,-23
50325.jpg,1983,1900,-83
50330.jpg,1983,1966,-17
50335.jpg,1983,2020,37
50340.jpg,1983,2000,17
50345.jpg,1983,2010,27
50350.jpg,1983,2000,17
50355.jpg,1983,1930,-53
50360.jpg,1983,2018,35
50365.jpg,1983,1985,2
50370.jpg,1983,1972,-11
50375.jpg,1983,1985,2
50380.jpg,1983,2009,26
50385.jpg,1983,2015,32
50390.jpg,1984,1994,10
50395.jpg,1984,1959,-25
50400.jpg,1984,2005,21
50405.jpg,1984,2008,24
50410.jpg,1984,2000,16
50415.jpg,1984,2000,16
50420.jpg,1984,2008,24
50425.jpg,1984,2007,23
50430.jpg,1984,2002,18
50435.jpg,1984,1990,6
50440.jpg,1984,2015,31
50445.jpg,1984,1953,-31
50450.jpg,1984,2005,21
50455.jpg,1984,2010,26
50465.jpg,1984,2000,16
50470.jpg,1984,1980,-4
50475.jpg,1984,2010,26
50480.jpg,1984,1970,-14
50485.jpg,1984,1951,-33
50490.jpg,1984,1956,-28
50495.jpg,1984,1450,-534
50500.jpg,1984,1930,-54
50505.jpg,1984,1953,-31
50515.jpg,1984,2020,36
50520.jpg,1984,1925,-59
50525.jpg,1984,1953,-31
50530.jpg,1984,-1,-1985
50535.jpg,1984,1960,-24
50540.jpg,1984,1990,6
50545.jpg,1984,2008,24
50550.jpg,1984,2000,16
50555.jpg,1984,2003,19
50560.jpg,1984,1970,-14
50565.jpg,1984,1990,6
50570.jpg,1984,1960,-24
50575.jpg,1984,1995,11
50580.jpg,1985,1850,-135
50585.jpg,1985,1985,0
50595.jpg,1985,1985,0
50600.jpg,1985,2010,25
50605.jpg,1985,-1,-1986
50610.jpg,1985,20,-1965
50615.jpg,1985,2008,23
50620.jpg,1985,1980,-5
50630.jpg,1985,2012,27
50635.jpg,1985,2020,35
50640.jpg,1985,1960,-25
50645.jpg,1985,1970,-15
50650.jpg,1985,2018,33
50655.jpg,1985,1990,5
50660.jpg,1985,20,-1965
50665.jpg,1985,1970,-15
50670.jpg,1985,2000,15
50675.jpg,1985,2016,31
50680.jpg,1985,1961,-24
50685.jpg,1985,1970,-15
50690.jpg,1985,2020,35
50695.jpg,1985,1450,-535
50700.jpg,1985,2005,20
50705.jpg,1985,1975,-10
50710.jpg,1985,1880,-105
50715.jpg,1985,1958,-27
50720.jpg,1985,1895,-90
50730.jpg,1985,2005,20
50735.jpg,1985,2015,30
50740.jpg,1985,2000,15
50745.jpg,1985,1998,13
50750.jpg,1985,1970,-15
50755.jpg,1985,2000,15
50760.jpg,1985,2005,20
50765.jpg,1985,2010,25
50770.jpg,1985,1956,-29
50775.jpg,1985,1998,13
50780.jpg,1986,2010,24
50785.jpg,1986,1996,10
50790.jpg,1986,1930,-56
50795.jpg,1986,2010,24
50800.jpg,1986,1975,-11
50805.jpg,1986,1990,4
50810.jpg,1986,1990,4
50815.jpg,1986,1950,-36
50820.jpg,1986,20,-1966
50830.jpg,1986,2010,24
50835.jpg,1986,2005,19
50840.jpg,1986,1970,-16
50845.jpg,1986,1980,-6
50850.jpg,1986,1980,-6
50855.jpg,1986,2003,17
50860.jpg,1986,1973,-13
50865.jpg,1986,1890,-96
50870.jpg,1986,2005,19
50885.jpg,1986,2010,24
50890.jpg,1986,1970,-16
50895.jpg,1986,2000,14
50900.jpg,1986,1750,-236
50905.jpg,1986,1964,-22
50910.jpg,1986,2000,14
50915.jpg,1986,2002,16
50920.jpg,1986,1800,-186
50925.jpg,1986,1750,-236
50930.jpg,1986,1979,-7
50935.jpg,1986,-1,-1987
50940.jpg,1986,1930,-56
50945.jpg,1986,2000,14
50950.jpg,1986,1945,-41
50955.jpg,1986,2000,14
50960.jpg,1986,1998,12
50965.jpg,1986,1980,-6
50970.jpg,1986,2000,14
50975.jpg,1986,1992,6
50980.jpg,1986,1850,-136
50985.jpg,1986,1967,-19
50990.jpg,1987,1600,-387
50995.jpg,1987,1928,-59
51000.jpg,1987,20,-1967
51010.jpg,1987,2005,18
51015.jpg,1987,1950,-37
51020.jpg,1987,1992,5
51025.jpg,1987,1970,-17
51030.jpg,1987,1950,-37
51035.jpg,1987,2018,31
51040.jpg,1987,2011,24
51045.jpg,1987,-1,-1988
51050.jpg,1987,1980,-7
51055.jpg,1987,1980,-7
51060.jpg,1987,1970,-17
51065.jpg,1987,1980,-7
51070.jpg,1987,2003,16
51075.jpg,1987,1950,-37
51080.jpg,1987,2018,31
51085.jpg,1987,1913,-74
51090.jpg,1987,2020,33
51095.jpg,1987,1960,-27
51100.jpg,1987,1960,-27
51105.jpg,1987,1875,-112
51110.jpg,1987,1880,-107
51115.jpg,1987,2017,30
51120.jpg,1987,1500,-487
51125.jpg,1987,1754,-233
51130.jpg,1987,1900,-87
51135.jpg,1987,2005,18
51140.jpg,1987,1980,-7
51145.jpg,1987,1980,-7
51155.jpg,1987,1998,11
51165.jpg,1987,1850,-137
51170.jpg,1987,1940,-47
51175.jpg,1987,2016,29
51180.jpg,1987,2018,31
51200.jpg,1988,2000,12
51205.jpg,1988,20,-1968
51210.jpg,1988,2022,34
51215.jpg,1988,2015,27
51220.jpg,1988,1979,-9
51225.jpg,1988,1970,-18
51240.jpg,1988,1956,-32
51245.jpg,1988,1984,-4
51250.jpg,1988,2010,22
51255.jpg,1988,1990,2
51260.jpg,1988,1930,-58
51265.jpg,1988,1970,-18
51270.jpg,1988,2015,27
51275.jpg,1988,2010,22
51280.jpg,1988,1970,-18
51285.jpg,1988,1950,-38
51290.jpg,1988,2005,17
51295.jpg,1988,1972,-16
51300.jpg,1988,2010,22
51305.jpg,1988,1962,-26
51310.jpg,1988,1960,-28
51315.jpg,1988,1950,-38
51320.jpg,1988,1925,-63
51330.jpg,1988,1960,-28
51335.jpg,1988,18,-1970
51340.jpg,1988,2000,12
51345.jpg,1988,1910,-78
51350.jpg,1988,1910,-78
51355.jpg,1988,20,-1968
51360.jpg,1988,1970,-18
51365.jpg,1988,1971,-17
51370.jpg,1988,2010,22
51375.jpg,1988,1971,-17
51380.jpg,1988,2015,27
51385.jpg,1988,2000,12
51390.jpg,1988,-1,-1989
51395.jpg,1988,1960,-28
51400.jpg,1988,1999,11
51405.jpg,1988,2005,17
51410.jpg,1989,2014,25
51415.jpg,1989,1991,2
51420.jpg,1989,1950,-39
51425.jpg,1989,21,-1968
51430.jpg,1989,2015,26
51435.jpg,1989,1973,-16
51440.jpg,1989,2005,16
51445.jpg,1989,2009,20
51455.jpg,1989,1990,1
51460.jpg,1989,2022,33
51470.jpg,1989,2009,20
51475.jpg,1989,20,-1969
51480.jpg,1989,1990,1
51485.jpg,1989,1930,-59
51490.jpg,1989,2005,16
51495.jpg,1989,1995,6
51500.jpg,1989,1962,-27
51505.jpg,1989,2008,19
51510.jpg,1989,2002,13
51515.jpg,1989,2015,26
51520.jpg,1989,1980,-9
51525.jpg,1989,1847,-142
51530.jpg,1989,1970,-19
51535.jpg,1989,2008,19
51540.jpg,1989,1992,3
51545.jpg,1989,20,-1969
51550.jpg,1989,1920,-69
51555.jpg,1989,2020,31
51560.jpg,1989,2018,29
51565.jpg,1989,1931,-58
51575.jpg,1989,2010,21
51580.jpg,1989,1450,-539
51585.jpg,1989,2000,11
51590.jpg,1989,1,-1988
51595.jpg,1989,1985,-4
51600.jpg,1989,1990,1
51605.jpg,1990,1850,-140
51610.jpg,1990,1980,-10
51615.jpg,1990,1935,-55
51620.jpg,1990,2005,15
51625.jpg,1990,1990,0
51630.jpg,1990,1990,0
51635.jpg,1990,1950,-40
51640.jpg,1990,2008,18
51645.jpg,1990,1992,2
51650.jpg,1990,1951,-39
51655.jpg,1990,1965,-25
51660.jpg,1990,1992,2
51670.jpg,1990,1930,-60
51675.jpg,1990,1970,-20
51680.jpg,1990,1980,-10
51685.jpg,1990,1980,-10
51690.jpg,1990,2010,20
51695.jpg,1990,1973,-17
51700.jpg,1990,2001,11
51705.jpg,1990,2015,25
51710.jpg,1990,1920,-70
51715.jpg,1990,1960,-30
51720.jpg,1990,1994,4
51725.jpg,1990,1959,-31
51730.jpg,1990,2003,13
51735.jpg,1990,1970,-20
51740.jpg,1990,1990,0
51745.jpg,1990,1910,-80
51755.jpg,1990,1998,8
51760.jpg,1990,1930,-60
51765.jpg,1990,1890,-100
51770.jpg,1990,1940,-50
51775.jpg,1990,2006,16
51780.jpg,1990,1990,0
51785.jpg,1990,1900,-90
51795.jpg,1990,-1,-1991
51805.jpg,1990,2015,25
51810.jpg,1990,2010,20
51815.jpg,1990,2015,25
51820.jpg,1990,21,-1969
51825.jpg,1990,1786,-204
51830.jpg,1990,1980,-10
51840.jpg,1991,1880,-111
51845.jpg,1991,1929,-62
51850.jpg,1991,2012,21
51860.jpg,1991,2000,9
51865.jpg,1991,2005,14
51870.jpg,1991,2010,19
51875.jpg,1991,1930,-61
51885.jpg,1991,1999,8
51890.jpg,1991,2015,24
51895.jpg,1991,-1,-1992
51905.jpg,1991,2010,19
51910.jpg,1991,1928,-63
51920.jpg,1991,1991,0
51925.jpg,1991,2015,24
51930.jpg,1991,1970,-21
51935.jpg,1991,1980,-11
51940.jpg,1991,2018,27
51945.jpg,1991,1980,-11
51950.jpg,1991,1967,-24
51955.jpg,1991,2015,24
51960.jpg,1991,2010,19
51965.jpg,1991,1950,-41
51970.jpg,1991,2020,29
51975.jpg,1991,1903,-88
51980.jpg,1991,1930,-61
51985.jpg,1991,1930,-61
51990.jpg,1991,1995,4
51995.jpg,1991,1993,2
52000.jpg,1991,1930,-61
52015.jpg,1991,2000,9
52020.jpg,1991,1970,-21
52025.jpg,1991,2000,9
52035.jpg,1991,1990,-1
52040.jpg,1991,2010,19
52045.jpg,1991,20,-1971
52060.jpg,1991,1959,-32
52065.jpg,1992,2006,14
52070.jpg,1992,1974,-18
52075.jpg,1992,2008,16
52080.jpg,1992,2022,30
52085.jpg,1992,2015,23
52090.jpg,1992,2019,27
52095.jpg,1992,1984,-8
52100.jpg,1992,1990,-2
52105.jpg,1992,2010,18
52110.jpg,1992,2010,18
52115.jpg,1992,1960,-32
52120.jpg,1992,1980,-12
52125.jpg,1992,2018,26
52130.jpg,1992,1971,-21
52135.jpg,1992,1929,-63
52140.jpg,1992,1990,-2
52145.jpg,1992,1980,-12
52150.jpg,1992,2000,8
52155.jpg,1992,1980,-12
52160.jpg,1992,1980,-12
52165.jpg,1992,2010,18
52170.jpg,1992,1960,-32
52175.jpg,1992,2009,17
52180.jpg,1992,1982,-10
52185.jpg,1992,1970,-22
52190.jpg,1992,2006,14
52195.jpg,1992,2006,14
52200.jpg,1992,-1,-1993
52205.jpg,1992,1980,-12
52210.jpg,1992,1970,-22
52215.jpg,1992,2001,9
52220.jpg,1992,1960,-32
52225.jpg,1992,1900,-92
52230.jpg,1992,1890,-102
52235.jpg,1992,1890,-102
52240.jpg,1992,2008,16
52245.jpg,1992,1995,3
52250.jpg,1992,20,-1972
52260.jpg,1992,1912,-80
52270.jpg,1993,1949,-44
52275.jpg,1993,1909,-84
52280.jpg,1993,1950,-43
52285.jpg,1993,-1,-1994
52290.jpg,1993,1990,-3
52300.jpg,1993,1920,-73
52305.jpg,1993,1959,-34
52310.jpg,1993,1981,-12
52315.jpg,1993,2005,12
52320.jpg,1993,1990,-3
52325.jpg,1993,2010,17
52335.jpg,1993,1970,-23
52340.jpg,1993,2000,7
52345.jpg,1993,2001,8
52350.jpg,1993,1950,-43
52355.jpg,1993,1985,-8
52360.jpg,1993,1980,-13
52365.jpg,1993,1970,-23
52370.jpg,1993,1963,-30
52375.jpg,1993,1950,-43
52380.jpg,1993,2015,22
52385.jpg,1993,1,-1992
52390.jpg,1993,2014,21
52395.jpg,1993,1980,-13
52400.jpg,1993,1980,-13
52405.jpg,1993,1962,-31
52410.jpg,1993,1808,-185
52415.jpg,1993,1956,-37
52420.jpg,1993,2015,22
52425.jpg,1993,1925,-68
52430.jpg,1993,2018,25
52435.jpg,1993,2000,7
52440.jpg,1993,1960,-33
52445.jpg,1993,1995,2
52450.jpg,1993,1950,-43
52455.jpg,1993,2018,25
52460.jpg,1993,20,-1973
52465.jpg,1993,2000,7
52475.jpg,1994,2006,12
52480.jpg,1994,1970,-24
52485.jpg,1994,2001,7
52490.jpg,1994,1972,-22
52495.jpg,1994,2016,22
52505.jpg,1994,1941,-53
52510.jpg,1994,1968,-26
52515.jpg,1994,2000,6
52525.jpg,1994,2000,6
52530.jpg,1994,2009,15
52535.jpg,1994,2000,6
52540.jpg,1994,1976,-18
52545.jpg,1994,2007,13
52550.jpg,1994,2000,6
52555.jpg,1994,1995,1
52560.jpg,1994,1930,-64
52570.jpg,1994,1967,-27
52575.jpg,1994,1984,-10
52580.jpg,1994,1861,-133
52585.jpg,1994,2022,28
52590.jpg,1994,2010,16
52595.jpg,1994,1900,-94
52600.jpg,1994,1929,-65
52605.jpg,1994,1700,-294
52610.jpg,1994,1957,-37
52615.jpg,1994,1754,-240
52620.jpg,1994,2000,6
52625.jpg,1994,2000,6
52630.jpg,1994,2000,6
52635.jpg,1994,-1,-1995
52640.jpg,1994,1980,-14
52645.jpg,1994,-1,-1995
52650.jpg,1995,2007,12
52655.jpg,1995,2000,5
52660.jpg,1995,2005,10
52665.jpg,1995,2005,10
52670.jpg,1995,1950,-45
52675.jpg,1995,1971,-24
52680.jpg,1995,1992,-3
52685.jpg,1995,1999,4
52690.jpg,1995,1950,-45
52695.jpg,1995,2016,21
52700.jpg,1995,1951,-44
52705.jpg,1995,1910,-85
52710.jpg,1995,2015,20
52715.jpg,1995,1958,-37
52720.jpg,1995,1970,-25
52725.jpg,1995,1950,-45
52730.jpg,1995,1930,-65
52735.jpg,1995,2000,5
52740.jpg,1995,1970,-25
52745.jpg,1995,2020,25
52750.jpg,1995,20,-1975
52755.jpg,1995,1970,-25
52760.jpg,1995,1950,-45
52765.jpg,1995,2016,21
52770.jpg,1995,2005,10
52775.jpg,1995,2015,20
52785.jpg,1995,20,-1975
52790.jpg,1995,1890,-105
52795.jpg,1995,2010,15
52800.jpg,1995,1900,-95
52805.jpg,1995,1929,-66
52810.jpg,1995,-1,-1996
52815.jpg,1995,1930,-65
52820.jpg,1995,2008,13
52825.jpg,1995,1980,-15
52830.jpg,1995,1930,-65
52835.jpg,1995,2021,26
52840.jpg,1995,1925,-70
52845.jpg,1996,1982,-14
52850.jpg,1996,20,-1976
52855.jpg,1996,2000,4
52860.jpg,1996,2020,24
52865.jpg,1996,2002,6
52870.jpg,1996,20,-1976
52875.jpg,1996,2010,14
52880.jpg,1996,1930,-66
52885.jpg,1996,2015,19
52890.jpg,1996,1976,-20
52895.jpg,1996,1930,-66
52900.jpg,1996,20,-1976
52905.jpg,1996,1975,-21
52910.jpg,1996,-1,-1997
52915.jpg,1996,1976,-20
52920.jpg,1996,2010,14
52925.jpg,1996,1960,-36
52935.jpg,1996,1960,-36
52940.jpg,1996,1967,-29
52945.jpg,1996,1940,-56
52950.jpg,1996,1960,-36
52955.jpg,1996,2018,22
52960.jpg,1996,2000,4
52965.jpg,1996,20,-1976
52970.jpg,1996,2016,20
52980.jpg,1996,2000,4
52985.jpg,1997,1650,-347
52990.jpg,1997,1925,-72
52995.jpg,1997,1935,-62
53000.jpg,1997,1950,-47
53005.jpg,1997,2005,8
53010.jpg,1997,1960,-37
53015.jpg,1997,-1,-1998
53020.jpg,1997,2010,13
53025.jpg,1997,2002,5
53030.jpg,1997,1990,-7
53035.jpg,1997,2005,8
53040.jpg,1997,1990,-7
53045.jpg,1997,2000,3
53050.jpg,1997,1999,2
53055.jpg,1997,2000,3
53060.jpg,1997,2004,7
53065.jpg,1997,1950,-47
53070.jpg,1997,1990,-7
53075.jpg,1997,1988,-9
53080.jpg,1997,2018,21
53085.jpg,1997,2020,23
53090.jpg,1997,1890,-107
53095.jpg,1997,1995,-2
53100.jpg,1997,2015,18
53105.jpg,1997,2004,7
53110.jpg,1997,2022,25
53115.jpg,1997,1985,-12
53120.jpg,1997,1989,-8
53125.jpg,1997,1950,-47
53130.jpg,1997,1950,-47
53135.jpg,1997,1950,-47
53140.jpg,1997,1984,-13
53145.jpg,1997,2005,8
53150.jpg,1997,2018,21
53155.jpg,1997,19,-1978
53165.jpg,1997,2005,8
53170.jpg,1997,2010,13
53175.jpg,1997,2005,8
53180.jpg,1997,2015,18
53185.jpg,1997,2007,10
53190.jpg,1997,2000,3
53195.jpg,1997,1586,-411
53200.jpg,1997,2015,18
53205.jpg,1997,2005,8
53210.jpg,1997,2000,3
53215.jpg,1997,1925,-72
53220.jpg,1997,2014,17
53225.jpg,1997,2012,15
53230.jpg,1997,1997,0
53235.jpg,1998,1910,-88
53240.jpg,1998,2021,23
53245.jpg,1998,1940,-58
53250.jpg,1998,2008,10
53255.jpg,1998,2000,2
53260.jpg,1998,2005,7
53265.jpg,1998,1955,-43
53270.jpg,1998,2010,12
53275.jpg,1998,-1,-1999
53280.jpg,1998,1963,-35
53285.jpg,1998,1923,-75
53290.jpg,1998,2005,7
53300.jpg,1998,2006,8
53305.jpg,1998,2015,17
53310.jpg,1998,2008,10
53315.jpg,1998,1920,-78
53325.jpg,1998,2015,17
53330.jpg,1998,2000,2
53335.jpg,1998,2008,10
53340.jpg,1998,1990,-8
53345.jpg,1998,-1,-1999
53350.jpg,1998,1980,-18
53355.jpg,1998,1995,-3
53365.jpg,1998,20,-1978
53370.jpg,1998,2019,21
53375.jpg,1998,1955,-43
53380.jpg,1998,1900,-98
53385.jpg,1998,1750,-248
53390.jpg,1998,1790,-208
53395.jpg,1998,1950,-48
53400.jpg,1998,1850,-148
53405.jpg,1998,1937,-61
53410.jpg,1998,1990,-8
53415.jpg,1998,2000,2
53420.jpg,1998,1933,-65
53425.jpg,1998,1995,-3
53435.jpg,1998,1969,-29
53440.jpg,1998,2022,24
53445.jpg,1998,2018,20
53450.jpg,1998,1995,-3
53455.jpg,1999,1672,-327
53460.jpg,1999,1980,-19
53465.jpg,1999,1951,-48
53470.jpg,1999,2009,10
53475.jpg,1999,2005,6
53480.jpg,1999,2021,22
53485.jpg,1999,20,-1979
53490.jpg,1999,1970,-29
53495.jpg,1999,1994,-5
53505.jpg,1999,2010,11
53510.jpg,1999,1989,-10
53515.jpg,1999,-1,-2000
53520.jpg,1999,2003,4
53525.jpg,1999,2000,1
53530.jpg,1999,2018,19
53535.jpg,1999,1960,-39
53540.jpg,1999,1973,-26
53545.jpg,1999,2004,5
53550.jpg,1999,1980,-19
53555.jpg,1999,1972,-27
53560.jpg,1999,1954,-45
53565.jpg,1999,1985,-14
53570.jpg,1999,2010,11
53575.jpg,1999,2000,1
53580.jpg,1999,1960,-39
53585.jpg,1999,1995,-4
53590.jpg,1999,2004,5
53595.jpg,1999,2005,6
53600.jpg,1999,1985,-14
53605.jpg,1999,2010,11
53610.jpg,1999,1991,-8
53615.jpg,1999,-1,-2000
53620.jpg,1999,1925,-74
53625.jpg,1999,1950,-49
53630.jpg,1999,1939,-60
53635.jpg,1999,1938,-61
53650.jpg,1999,1970,-29
53655.jpg,1999,1990,-9
53660.jpg,1999,2010,11
53665.jpg,1999,1955,-44
53670.jpg,1999,1910,-89
53675.jpg,1999,1990,-9
53680.jpg,1999,2001,2
53685.jpg,1999,1931,-68
53690.jpg,2000,1950,-50
53700.jpg,2000,2000,0
53705.jpg,2000,2005,5
53710.jpg,2000,2014,14
53715.jpg,2000,2005,5
53720.jpg,2000,1962,-38
53725.jpg,2000,2005,5
53730.jpg,2000,2020,20
53735.jpg,2000,20,-1980
53740.jpg,2000,20,-1980
53745.jpg,2000,2020,20
53755.jpg,2000,1995,-5
53760.jpg,2000,1950,-50
53765.jpg,2000,2019,19
53770.jpg,2000,20,-1980
53775.jpg,2000,1950,-50
53780.jpg,2000,2013,13
53785.jpg,2000,2010,10
53790.jpg,2000,1959,-41
53795.jpg,2000,1950,-50
53800.jpg,2000,1956,-44
53805.jpg,2000,1939,-61
53810.jpg,2000,20,-1980
53815.jpg,2000,1950,-50
53820.jpg,2000,2018,18
53830.jpg,2000,-1,-2001
53835.jpg,2000,2010,10
53840.jpg,2000,2013,13
53845.jpg,2000,2008,8
53850.jpg,2000,1890,-110
53855.jpg,2000,1956,-44
53860.jpg,2000,2000,0
53865.jpg,2000,2010,10
53870.jpg,2000,2000,0
53875.jpg,2000,2020,20
53880.jpg,2000,2022,22
53885.jpg,2000,2008,8
53890.jpg,2000,1993,-7
53895.jpg,2000,2000,0
53905.jpg,2001,2000,-1
53910.jpg,2001,2004,3
53915.jpg,2001,2009,8
53920.jpg,2001,20,-1981
53925.jpg,2001,2000,-1
53930.jpg,2001,2018,17
53935.jpg,2001,1960,-41
53940.jpg,2001,19,-1982
53945.jpg,2001,2015,14
53950.jpg,2001,-1,-2002
53955.jpg,2001,2000,-1
53960.jpg,2001,2015,14
53965.jpg,2001,1960,-41
53970.jpg,2001,2005,4
53975.jpg,2001,2012,11
53980.jpg,2001,2000,-1
53985.jpg,2001,2005,4
53990.jpg,2001,2010,9
53995.jpg,2001,1925,-76
54000.jpg,2001,2000,-1
54005.jpg,2001,1971,-30
54010.jpg,2001,1982,-19
54015.jpg,2001,1980,-21
54020.jpg,2001,1925,-76
54025.jpg,2001,2010,9
54030.jpg,2001,2000,-1
54035.jpg,2001,2008,7
54040.jpg,2001,2018,17
54045.jpg,2001,2015,14
54050.jpg,2001,1950,-51
54055.jpg,2001,1970,-31
54060.jpg,2001,18,-1983
54065.jpg,2001,1948,-53
54070.jpg,2001,2014,13
54075.jpg,2001,2010,9
54085.jpg,2001,2015,14
54090.jpg,2001,1998,-3
54095.jpg,2001,-1,-2002
54100.jpg,2001,1992,-9
54105.jpg,2001,2022,21
54110.jpg,2001,2016,15
54120.jpg,2001,1993,-8
54125.jpg,2001,2018,17
54130.jpg,2001,1964,-37
54135.jpg,2001,2015,14
54140.jpg,2001,2000,-1
54145.jpg,2001,1940,-61
54150.jpg,2001,2010,9
54155.jpg,2001,1970,-31
54160.jpg,2001,2015,14
54165.jpg,2001,2010,9
54170.jpg,2001,2010,9
54180.jpg,2002,1930,-72
54185.jpg,2002,1999,-3
54190.jpg,2002,1982,-20
54195.jpg,2002,1950,-52
54200.jpg,2002,1980,-22
54205.jpg,2002,2004,2
54210.jpg,2002,2008,6
54215.jpg,2002,2006,4
54220.jpg,2002,1999,-3
54225.jpg,2002,1900,-102
54230.jpg,2002,2002,0
54235.jpg,2002,2009,7
54240.jpg,2002,1996,-6
54245.jpg,2002,1979,-23
54250.jpg,2002,2010,8
54255.jpg,2002,1850,-152
54260.jpg,2002,1925,-77
54265.jpg,2002,2019,17
54270.jpg,2002,2018,16
54275.jpg,2002,1925,-77
54280.jpg,2002,1998,-4
54285.jpg,2002,2010,8
54290.jpg,2002,2015,13
54295.jpg,2002,1940,-62
54300.jpg,2002,1995,-7
54305.jpg,2002,1962,-40
54310.jpg,2002,2018,16
54315.jpg,2002,2015,13
54320.jpg,2002,2400,398
54330.jpg,2002,1670,-332
54335.jpg,2002,2000,-2
54340.jpg,2002,1980,-22
54345.jpg,2002,2010,8
54355.jpg,2002,2005,3
54360.jpg,2002,20,-1982
54365.jpg,2002,2012,10
54370.jpg,2002,2011,9
54375.jpg,2002,2001,-1
54385.jpg,2002,2010,8
54390.jpg,2002,-1,-2003
54395.jpg,2002,2020,18
54400.jpg,2002,2015,13
54405.jpg,2003,2015,12
54410.jpg,2003,2000,-3
54415.jpg,2003,2015,12
54425.jpg,2003,2010,7
54430.jpg,2003,2015,12
54435.jpg,2003,-1,-2004
54440.jpg,2003,21,-1982
54445.jpg,2003,1937,-66
54450.jpg,2003,1925,-78
54460.jpg,2003,-1,-2004
54465.jpg,2003,2014,11
54470.jpg,2003,20,-1983
54475.jpg,2003,1975,-28
54480.jpg,2003,2017,14
54485.jpg,2003,1950,-53
54490.jpg,2003,1967,-36
54495.jpg,2003,2010,7
54500.jpg,2003,2018,15
54505.jpg,2003,2005,2
54510.jpg,2003,20,-1983
54515.jpg,2003,1930,-73
54520.jpg,2003,1880,-123
54525.jpg,2003,1,-2002
54530.jpg,2003,2019,16
54535.jpg,2003,1929,-74
54540.jpg,2003,2000,-3
54545.jpg,2003,1890,-113
54550.jpg,2003,1998,-5
54555.jpg,2003,1750,-253
54560.jpg,2003,2008,5
54565.jpg,2003,2010,7
54570.jpg,2003,20,-1983
54575.jpg,2003,1970,-33
54580.jpg,2003,20,-1983
54585.jpg,2003,2018,15
54590.jpg,2003,1991,-12
54595.jpg,2003,1985,-18
54600.jpg,2003,1980,-23
54605.jpg,2004,2009,5
54610.jpg,2004,2010,6
54620.jpg,2004,1960,-44
54625.jpg,2004,2007,3
54630.jpg,2004,2000,-4
54635.jpg,2004,2000,-4
54640.jpg,2004,2000,-4
54645.jpg,2004,2000,-4
54650.jpg,2004,2017,13
54655.jpg,2004,1985,-19
54660.jpg,2004,2000,-4
54665.jpg,2004,1980,-24
54670.jpg,2004,2005,1
54675.jpg,2004,2008,4
54680.jpg,2004,1930,-74
54685.jpg,2004,2015,11
54690.jpg,2004,2015,11
54695.jpg,2004,20,-1984
54700.jpg,2004,2020,16
54705.jpg,2004,1990,-14
54710.jpg,2004,2010,6
54715.jpg,2004,1954,-50
54720.jpg,2004,1960,-44
54725.jpg,2004,2000,-4
54730.jpg,2004,-1,-2005
54735.jpg,2004,2015,11
54740.jpg,2004,2000,-4
54745.jpg,2004,2012,8
54750.jpg,2004,1899,-105
54760.jpg,2004,2010,6
54770.jpg,2004,1949,-55
54775.jpg,2004,2000,-4
54780.jpg,2004,2010,6
54785.jpg,2004,2005,1
54790.jpg,2004,2000,-4
54795.jpg,2004,2018,14
54800.jpg,2004,1930,-74
54805.jpg,2004,2020,16
54810.jpg,2004,1981,-23
54815.jpg,2004,2001,-3
54820.jpg,2004,2018,14
54825.jpg,2004,2020,16
54830.jpg,2004,1948,-56
54835.jpg,2004,2015,11
54840.jpg,2004,2022,18
54845.jpg,2005,1650,-355
54850.jpg,2005,1980,-25
54855.jpg,2005,2020,15
54860.jpg,2005,1971,-34
54865.jpg,2005,1930,-75
54870.jpg,2005,1970,-35
54885.jpg,2005,2005,0
54890.jpg,2005,2017,12
54895.jpg,2005,2015,10
54900.jpg,2005,2008,3
54905.jpg,2005,2010,5
54910.jpg,2005,1950,-55
54915.jpg,2005,1450,-555
54925.jpg,2005,2015,10
54930.jpg,2005,1994,-11
54935.jpg,2005,19,-1986
54940.jpg,2005,2000,-5
54955.jpg,2005,2017,12
54960.jpg,2005,2010,5
54965.jpg,2005,2003,-2
54970.jpg,2005,2006,1
54975.jpg,2005,2005,0
54980.jpg,2005,20,-1985
54985.jpg,2005,2013,8
54990.jpg,2005,1920,-85
54995.jpg,2005,1540,-465
55000.jpg,2005,1989,-16
55005.jpg,2005,2000,-5
55010.jpg,2005,2020,15
55015.jpg,2005,2009,4
55020.jpg,2005,1950,-55
55025.jpg,2005,2007,2
55030.jpg,2005,1,-2004
55035.jpg,2005,2015,10
55040.jpg,2005,2010,5
55045.jpg,2005,2020,15
55050.jpg,2005,2017,12
55055.jpg,2005,2020,15
55060.jpg,2005,2022,17
55065.jpg,2005,2021,16
55070.jpg,2005,1880,-125
55075.jpg,2005,2015,10
55080.jpg,2005,2020,15
55085.jpg,2005,2005,0
55090.jpg,2005,2000,-5
55095.jpg,2005,-1,-2006
55100.jpg,2005,1990,-15
55105.jpg,2005,20,-1985
55110.jpg,2005,1994,-11
55115.jpg,2005,1930,-75
55120.jpg,2005,1960,-45
55125.jpg,2005,1961,-44
55130.jpg,2005,2020,15
55135.jpg,2006,2010,4
55140.jpg,2006,2015,9
55145.jpg,2006,1980,-26
55155.jpg,2006,2015,9
55160.jpg,2006,1980,-26
55165.jpg,2006,2010,4
55170.jpg,2006,2005,-1
55175.jpg,2006,1998,-8
55180.jpg,2006,2003,-3
55185.jpg,2006,2000,-6
55190.jpg,2006,2010,4
55195.jpg,2006,2010,4
55200.jpg,2006,1959,-47
55210.jpg,2006,1970,-36
55215.jpg,2006,1940,-66
55220.jpg,2006,2021,15
55230.jpg,2006,2008,2
55235.jpg,2006,1986,-20
55240.jpg,2006,2005,-1
55245.jpg,2006,2007,1
55250.jpg,2006,2018,12
55255.jpg,2006,1950,-56
55265.jpg,2006,1910,-96
55270.jpg,2006,2011,5
55275.jpg,2006,1990,-16
55280.jpg,2006,1999,-7
55285.jpg,2006,2009,3
55290.jpg,2006,2010,4
55295.jpg,2006,2006,0
55300.jpg,2006,2018,12
55305.jpg,2006,2015,9
55310.jpg,2006,1959,-47
55315.jpg,2006,2025,19
55320.jpg,2006,2015,9
55325.jpg,2006,2010,4
55330.jpg,2006,2007,1
55335.jpg,2007,2005,-2
55340.jpg,2007,2015,8
55345.jpg,2007,2020,13
55355.jpg,2007,20,-1987
55360.jpg,2007,2000,-7
55365.jpg,2007,20,-1987
55370.jpg,2007,1960,-47
55380.jpg,2007,2018,11
55385.jpg,2007,1953,-54
55395.jpg,2007,1998,-9
55400.jpg,2007,2008,1
55405.jpg,2007,1950,-57
55410.jpg,2007,2011,4
55415.jpg,2007,1960,-47
55420.jpg,2007,-1,-2008
55425.jpg,2007,2010,3
55430.jpg,2007,2020,13
55435.jpg,2007,18,-1989
55440.jpg,2007,2007,0
55445.jpg,2007,1993,-14
55450.jpg,2007,2015,8
55455.jpg,2007,1970,-37
55460.jpg,2007,1200,-807
55465.jpg,2007,1964,-43
55475.jpg,2007,1925,-82
55480.jpg,2007,1950,-57
55485.jpg,2007,2000,-7
55490.jpg,2007,20,-1987
55500.jpg,2007,1970,-37
55505.jpg,2007,1990,-17
55510.jpg,2007,2020,13
55515.jpg,2007,2009,2
55520.jpg,2007,2000,-7
55525.jpg,2007,1931,-76
55530.jpg,2007,2011,4
55535.jpg,2007,1986,-21
55540.jpg,2007,1970,-37
55545.jpg,2007,1990,-17
55550.jpg,2007,1972,-35
55555.jpg,2007,2008,1
55560.jpg,2007,1970,-37
55565.jpg,2007,2000,-7
55570.jpg,2007,2000,-7
55575.jpg,2007,2010,3
55580.jpg,2007,2020,13
55585.jpg,2007,1987,-20
55590.jpg,2007,1951,-56
55595.jpg,2007,1949,-58
55600.jpg,2007,2020,13
55605.jpg,2007,2005,-2
55610.jpg,2008,1700,-308
55615.jpg,2008,18,-1990
55620.jpg,2008,2007,-1
55625.jpg,2008,2012,4
55630.jpg,2008,2015,7
55635.jpg,2008,1950,-58
55640.jpg,2008,1990,-18
55645.jpg,2008,2005,-3
55650.jpg,2008,1990,-18
55655.jpg,2008,2005,-3
55660.jpg,2008,2018,10
55670.jpg,2008,2000,-8
55675.jpg,2008,2015,7
55685.jpg,2008,1994,-14
55690.jpg,2008,1970,-38
55695.jpg,2008,2012,4
55705.jpg,2008,2000,-8
55710.jpg,2008,2005,-3
55715.jpg,2008,1933,-75
55720.jpg,2008,1860,-148
55725.jpg,2008,1990,-18
55730.jpg,2008,2000,-8
55735.jpg,2008,1760,-248
55740.jpg,2008,2010,2
55745.jpg,2008,1999,-9
55750.jpg,2008,2008,0
55755.jpg,2008,2020,12
55760.jpg,2008,2015,7
55765.jpg,2008,1985,-23
55770.jpg,2008,1915,-93
55775.jpg,2008,1980,-28
55780.jpg,2008,2007,-1
55785.jpg,2008,2010,2
55795.jpg,2008,2010,2
55800.jpg,2008,2020,12
55805.jpg,2008,2015,7
55810.jpg,2008,2010,2
55815.jpg,2008,2010,2
55820.jpg,2008,1450,-558
55825.jpg,2008,1950,-58
55830.jpg,2008,20,-1988
55835.jpg,2009,1965,-44
55845.jpg,2009,20,-1989
55850.jpg,2009,2005,-4
55870.jpg,2009,1950,-59
55875.jpg,2009,2010,1
55880.jpg,2009,2007,-2
55885.jpg,2009,2008,-1
55890.jpg,2009,2014,5
55895.jpg,2009,2010,1
55900.jpg,2009,2000,-9
55905.jpg,2009,2008,-1
55910.jpg,2009,2014,5
55915.jpg,2009,2017,8
55920.jpg,2009,1805,-204
55925.jpg,2009,2023,14
55930.jpg,2009,1962,-47
55935.jpg,2009,2000,-9
55940.jpg,2009,2006,-3
55945.jpg,2009,1858,-151
55950.jpg,2009,20,-1989
55955.jpg,2009,20,-1989
55960.jpg,2009,2000,-9
55965.jpg,2009,1991,-18
55970.jpg,2009,2006,-3
55975.jpg,2009,2018,9
55980.jpg,2009,2000,-9
55985.jpg,2009,1927,-82
55990.jpg,2009,2015,6
55995.jpg,2009,2000,-9
56000.jpg,2009,2022,13
56005.jpg,2009,1930,-79
56010.jpg,2009,1925,-84
56015.jpg,2009,2015,6
56020.jpg,2009,1991,-18
56025.jpg,2009,2021,12
56030.jpg,2009,21,-1988
56035.jpg,2009,2018,9
56040.jpg,2009,-1,-2010
56050.jpg,2009,2018,9
56055.jpg,2009,1971,-38
56060.jpg,2009,1990,-19
56065.jpg,2009,1924,-85
56070.jpg,2009,1971,-38
56075.jpg,2009,1600,-409
56080.jpg,2010,20,-1990
56085.jpg,2010,-1,-2011
56090.jpg,2010,2019,9
56095.jpg,2010,2010,0
56105.jpg,2010,1930,-80
56110.jpg,2010,1990,-20
56115.jpg,2010,2008,-2
56125.jpg,2010,2020,10
56130.jpg,2010,2000,-10
56135.jpg,2010,2010,0
56140.jpg,2010,1950,-60
56145.jpg,2010,2005,-5
56150.jpg,2010,1998,-12
56155.jpg,2010,1970,-40
56165.jpg,2010,1925,-85
56170.jpg,2010,1892,-118
56175.jpg,2010,2000,-10
56180.jpg,2010,1950,-60
56185.jpg,2010,2012,2
56190.jpg,2010,20,-1990
56195.jpg,2010,2011,1
56200.jpg,2010,2010,0
56205.jpg,2010,1987,-23
56210.jpg,2010,2020,10
56215.jpg,2010,2000,-10
56220.jpg,2010,2000,-10
56225.jpg,2010,1996,-14
56230.jpg,2010,2020,10
56235.jpg,2010,1954,-56
56240.jpg,2010,2010,0
56245.jpg,2010,2015,5
56250.jpg,2010,2020,10
56255.jpg,2010,2010,0
56260.jpg,2010,1997,-13
56265.jpg,2010,2000,-10
56270.jpg,2010,2022,12
56275.jpg,2010,2000,-10
56280.jpg,2010,1925,-85
56285.jpg,2010,2017,7
56290.jpg,2010,2015,5
56295.jpg,2010,1995,-15
56300.jpg,2010,2005,-5
56310.jpg,2010,2015,5
56315.jpg,2011,2005,-6
56320.jpg,2011,2015,4
56325.jpg,2011,2010,-1
56330.jpg,2011,2110,99
56335.jpg,2011,2005,-6
56345.jpg,2011,2005,-6
56350.jpg,2011,2020,9
56355.jpg,2011,1998,-13
56360.jpg,2011,2014,3
56365.jpg,2011,2021,10
56370.jpg,2011,1990,-21
56375.jpg,2011,2012,1
56380.jpg,2011,2018,7
56385.jpg,2011,2017,6
56390.jpg,2011,1916,-95
56395.jpg,2011,2000,-11
56400.jpg,2011,2022,11
56405.jpg,2011,2000,-11
56410.jpg,2011,2010,-1
56415.jpg,2011,2020,9
56420.jpg,2011,2005,-6
56425.jpg,2011,1920,-91
56430.jpg,2011,2008,-3
56440.jpg,2011,1960,-51
56450.jpg,2011,2015,4
56455.jpg,2011,1807,-204
56460.jpg,2011,1981,-30
56465.jpg,2011,1934,-77
56470.jpg,2011,1900,-111
56475.jpg,2011,2020,9
56480.jpg,2011,1954,-57
56485.jpg,2011,2010,-1
56495.jpg,2011,2001,-10
56500.jpg,2011,1930,-81
56505.jpg,2011,1985,-26
56510.jpg,2011,2000,-11
56515.jpg,2011,1963,-48
56520.jpg,2011,1958,-53
56525.jpg,2011,1960,-51
56545.jpg,2012,1976,-36
56550.jpg,2012,2011,-1
56555.jpg,2012,1958,-54
56560.jpg,2012,2014,2
56565.jpg,2012,2018,6
56570.jpg,2012,1980,-32
56575.jpg,2012,2005,-7
56585.jpg,2012,2006,-6
56590.jpg,2012,2008,-4
56600.jpg,2012,2008,-4
56605.jpg,2012,2018,6
56610.jpg,2012,1,-2011
56615.jpg,2012,2010,-2
56620.jpg,2012,1984,-28
56625.jpg,2012,1800,-212
56630.jpg,2012,2015,3
56635.jpg,2012,2003,-9
56640.jpg,2012,1970,-42
56645.jpg,2012,2010,-2
56650.jpg,2012,1980,-32
56655.jpg,2012,2008,-4
56660.jpg,2012,1950,-62
56665.jpg,2012,1920,-92
56670.jpg,2012,2015,3
56675.jpg,2012,2018,6
56680.jpg,2012,1994,-18
56685.jpg,2012,2000,-12
56690.jpg,2012,2000,-12
56695.jpg,2012,2000,-12
56700.jpg,2012,2016,4
56705.jpg,2012,2016,4
56710.jpg,2012,1970,-42
56715.jpg,2012,1895,-117
56720.jpg,2013,1920,-93
56725.jpg,2013,2015,2
56730.jpg,2013,1990,-23
56735.jpg,2013,2000,-13
56740.jpg,2013,1972,-41
56745.jpg,2013,2014,1
56750.jpg,2013,2015,2
56755.jpg,2013,2010,-3
56765.jpg,2013,2022,9
56770.jpg,2013,21,-1992
56775.jpg,2013,1930,-83
56780.jpg,2013,2020,7
56785.jpg,2013,2020,7
56795.jpg,2013,2015,2
56800.jpg,2013,1960,-53
56805.jpg,2013,2004,-9
56810.jpg,2013,2016,3
56820.jpg,2013,1950,-63
56825.jpg,2013,2020,7
56845.jpg,2013,2015,2
56850.jpg,2013,2020,7
56855.jpg,2013,21,-1992
56860.jpg,2013,1984,-29
56865.jpg,2013,1990,-23
56870.jpg,2013,2020,7
56875.jpg,2013,2010,-3
56880.jpg,2013,20,-1993
56885.jpg,2013,2009,-4
56890.jpg,2013,2010,-3
56895.jpg,2013,1954,-59
56900.jpg,2014,2012,-2
56905.jpg,2014,1800,-214
56910.jpg,2014,1930,-84
56915.jpg,2014,20,-1994
56920.jpg,2014,2008,-6
56925.jpg,2014,2013,-1
56930.jpg,2014,20,-1994
56935.jpg,2014,1970,-44
56940.jpg,2014,2015,1
56945.jpg,2014,2016,2
56950.jpg,2014,1965,-49
56955.jpg,2014,1950,-64
56960.jpg,2014,20,-1994
56965.jpg,2014,2020,6
56970.jpg,2014,2010,-4
56975.jpg,2014,1970,-44
56980.jpg,2014,1890,-124
56985.jpg,2014,2010,-4
56990.jpg,2014,2016,2
56995.jpg,2014,2003,-11
57005.jpg,2014,1990,-24
57010.jpg,2014,2007,-7
57015.jpg,2014,2000,-14
57020.jpg,2014,2007,-7
57025.jpg,2014,2010,-4
57030.jpg,2014,2000,-14
57035.jpg,2014,2010,-4
57040.jpg,2014,2020,6
57045.jpg,2014,1970,-44
57050.jpg,2014,2012,-2
57055.jpg,2014,2025,11
57060.jpg,2014,1990,-24
57065.jpg,2014,2010,-4
57070.jpg,2014,1950,-64
57075.jpg,2015,2000,-15
57085.jpg,2015,2000,-15
57090.jpg,2015,2020,5
57095.jpg,2015,1957,-58
57100.jpg,2015,1980,-35
57105.jpg,2015,2021,6
57110.jpg,2015,2015,0
57120.jpg,2015,1976,-39
57125.jpg,2015,1950,-65
57130.jpg,2015,2008,-7
57135.jpg,2015,2017,2
57140.jpg,2015,2015,0
57145.jpg,2015,2002,-13
57150.jpg,2015,2000,-15
57155.jpg,2015,2005,-10
57160.jpg,2015,2000,-15
57165.jpg,2015,2015,0
57170.jpg,2015,2015,0
57175.jpg,2015,1998,-17
57180.jpg,2015,2020,5
57185.jpg,2015,1,-2014
57195.jpg,2015,1969,-46
57200.jpg,2015,1955,-60
57205.jpg,2015,2020,5
57210.jpg,2015,2010,-5
57215.jpg,2015,2014,-1
57220.jpg,2016,1950,-66
57225.jpg,2016,2016,0
57230.jpg,2016,2005,-11
57235.jpg,2016,2012,-4
57240.jpg,2016,2000,-16
57250.jpg,2016,2010,-6
57255.jpg,2016,2012,-4
57270.jpg,2016,1930,-86
57275.jpg,2016,1990,-26
57280.jpg,2016,2010,-6
57285.jpg,2016,2000,-16
57290.jpg,2016,2000,-16
57295.jpg,2016,2015,-1
57300.jpg,2016,2009,-7
57305.jpg,2016,2018,2
57310.jpg,2016,1900,-116
57315.jpg,2016,2020,4
57320.jpg,2016,2000,-16
57325.jpg,2016,2005,-11
57330.jpg,2016,2000,-16
57335.jpg,2016,1980,-36
57340.jpg,2016,2020,4
57345.jpg,2016,2010,-6
57350.jpg,2016,2019,3
57355.jpg,2016,1,-2015
57360.jpg,2016,2019,3
57365.jpg,2017,20,-1997
57370.jpg,2017,2000,-17
57375.jpg,2017,1930,-87
57385.jpg,2017,1984,-33
57390.jpg,2017,-1,-2018
57395.jpg,2017,2001,-16
57400.jpg,2017,20,-1997
57415.jpg,2017,2005,-12
57420.jpg,2017,1998,-19
57425.jpg,2017,1955,-62
57430.jpg,2017,1950,-67
57435.jpg,2017,2018,1
57440.jpg,2017,1955,-62
57450.jpg,2017,1960,-57
57455.jpg,2017,21,-1996
57470.jpg,2017,2017,0
57475.jpg,2017,2010,-7
57480.jpg,2018,2021,3
57485.jpg,2018,2020,2
57490.jpg,2018,1950,-68
57495.jpg,2018,20,-1998
57500.jpg,2018,2020,2
57505.jpg,2018,2014,-4
57510.jpg,2018,2014,-4
57515.jpg,2018,2010,-8
57520.jpg,2018,2016,-2
57525.jpg,2018,1989,-29
57530.jpg,2018,2018,0
57545.jpg,2018,2015,-3
57550.jpg,2018,2011,-7
57555.jpg,2018,2005,-13
57560.jpg,2018,2015,-3
57565.jpg,2018,2018,0
57570.jpg,2018,2010,-8
57575.jpg,2018,2012,-6
57585.jpg,2019,1985,-34
57595.jpg,2019,2015,-4
57600.jpg,2019,2015,-4
57605.jpg,2019,2010,-9
57610.jpg,2019,2015,-4
57615.jpg,2019,2000,-19
57620.jpg,2019,2017,-2
57625.jpg,2019,2005,-14
57630.jpg,2019,1959,-60
57635.jpg,2019,2022,3
57640.jpg,2019,-1,-2020
57645.jpg,2019,20,-1999
57660.jpg,2019,1980,-39
57665.jpg,2019,2000,-19
57670.jpg,2020,20,-2000
57675.jpg,2020,2018,-2
57680.jpg,2020,1995,-25
57685.jpg,2020,2020,0
57690.jpg,2020,2000,-20
57695.jpg,2020,2016,-4
57700.jpg,2020,1942,-78
57705.jpg,2020,2022,2
57710.jpg,2020,1965,-55
57725.jpg,2020,2000,-20
57730.jpg,2021,2015,-6
57735.jpg,2021,2020,-1
57740.jpg,2021,2021,0
57745.jpg,2021,2000,-21
57750.jpg,2021,2016,-5
57755.jpg,2021,1920,-101
57760.jpg,2021,2015,-6
57765.jpg,2021,2000,-21
57770.jpg,2021,2007,-14
57780.jpg,2021,2010,-11
57785.jpg,2021,2017,-4
57790.jpg,2021,2005,-16
57795.jpg,2021,21,-2000
57800.jpg,2021,2020,-1
57805.jpg,2022,2015,-7
57810.jpg,2022,2018,-4
57815.jpg,2022,2018,-4
57825.jpg,2022,1999,-23
57830.jpg,2022,2008,-14
57835.jpg,2022,2014,-8
57840.jpg,2022,1950,-72
57845.jpg,2022,2019,-3
57860.jpg,2022,2020,-2
57865.jpg,2022,1970,-52
57870.jpg,2022,2010,-12
57875.jpg,2023,1970,-53
57885.jpg,2023,2011,-12
57890.jpg,2023,2000,-23
57895.jpg,2023,1969,-54
57900.jpg,2023,1988,-35
57910.jpg,2023,2020,-3
57915.jpg,2023,1989,-34
57920.jpg,2023,1998,-25
57925.jpg,2024,1910,-114
57930.jpg,2024,2010,-14
