name,year,pred,diff
5.jpg,1008,1200,192
10.jpg,1016,1900,884
15.jpg,1022,1450,428
20.jpg,1028,1890,862
25.jpg,1036,1980,944
30.jpg,1048,1850,802
35.jpg,1051,1350,299
40.jpg,1061,1450,389
45.jpg,1063,1598,535
55.jpg,1070,1250,180
60.jpg,1076,1200,124
65.jpg,1080,1300,220
70.jpg,1090,1450,360
75.jpg,1093,1450,357
80.jpg,1097,1859,762
85.jpg,1100,1800,700
90.jpg,1100,1850,750
95.jpg,1107,1890,783
100.jpg,1110,1890,780
105.jpg,1114,1500,386
110.jpg,1116,1450,334
120.jpg,1120,1450,330
125.jpg,1122,1850,728
130.jpg,1125,1300,175
135.jpg,1128,1250,122
140.jpg,1129,1350,221
145.jpg,1130,1600,470
150.jpg,1131,1450,319
155.jpg,1134,1450,316
165.jpg,1138,1850,712
170.jpg,1140,1350,210
175.jpg,1144,1250,106
180.jpg,1146,1250,104
185.jpg,1147,1386,239
190.jpg,1149,1250,101
195.jpg,1150,1850,700
200.jpg,1152,1200,48
210.jpg,1160,1300,140
215.jpg,1165,1250,85
220.jpg,1168,1450,282
225.jpg,1170,1550,380
230.jpg,1170,1350,180
235.jpg,1172,1200,28
240.jpg,1175,1450,275
245.jpg,1177,1300,123
255.jpg,1180,1350,170
260.jpg,1180,1200,20
265.jpg,1180,1350,170
275.jpg,1185,1600,415
280.jpg,1189,1890,701
285.jpg,1191,1250,59
290.jpg,1192,1850,658
295.jpg,1194,1350,156
300.jpg,1196,1450,254
305.jpg,1198,1450,252
310.jpg,1199,1350,151
315.jpg,1200,1450,250
320.jpg,1202,1200,-2
325.jpg,1204,1850,646
330.jpg,1208,1500,292
335.jpg,1211,1500,289
340.jpg,1212,1300,88
345.jpg,1215,1500,285
350.jpg,1217,1250,33
355.jpg,1220,1350,130
360.jpg,1221,1450,229
365.jpg,1222,1450,228
370.jpg,1224,1250,26
375.jpg,1226,1450,224
380.jpg,1227,1850,623
385.jpg,1229,1450,221
390.jpg,1231,1350,119
395.jpg,1232,1200,-32
405.jpg,1237,1300,63
410.jpg,1238,1250,12
415.jpg,1240,1850,610
420.jpg,1242,1590,348
425.jpg,1245,1350,105
430.jpg,1247,1200,-47
435.jpg,1248,1300,52
440.jpg,1250,1350,100
445.jpg,1250,1450,200
450.jpg,1252,1950,698
455.jpg,1255,1350,95
460.jpg,1259,1850,591
465.jpg,1260,1350,90
470.jpg,1263,1350,87
475.jpg,1264,1250,-14
485.jpg,1270,1250,-20
490.jpg,1270,1850,580
495.jpg,1270,1450,180
500.jpg,1271,1200,-71
505.jpg,1273,1450,177
510.jpg,1275,1200,-75
515.jpg,1277,1200,-77
520.jpg,1278,1450,172
525.jpg,1279,1450,171
530.jpg,1280,1850,570
535.jpg,1285,1250,-35
540.jpg,1288,1500,212
545.jpg,1289,1500,211
550.jpg,1290,1300,10
555.jpg,1291,1250,-41
560.jpg,1293,1950,657
565.jpg,1295,1450,155
570.jpg,1298,1850,552
575.jpg,1300,1350,50
580.jpg,1300,1350,50
585.jpg,1300,1450,150
590.jpg,1301,1450,149
595.jpg,1303,1200,-103
600.jpg,1305,1200,-105
605.jpg,1307,1200,-107
610.jpg,1309,1850,541
615.jpg,1310,1350,40
620.jpg,1311,1200,-111
625.jpg,1313,1250,-63
630.jpg,1314,1850,536
635.jpg,1317,1350,33
640.jpg,1319,1350,31
645.jpg,1320,1450,130
650.jpg,1322,1200,-122
655.jpg,1324,1380,56
660.jpg,1325,1450,125
665.jpg,1326,1300,-26
670.jpg,1327,1850,523
675.jpg,1328,1300,-28
680.jpg,1330,1600,270
685.jpg,1330,1370,40
690.jpg,1331,1700,369
695.jpg,1333,1450,117
700.jpg,1335,1350,15
705.jpg,1337,1450,113
710.jpg,1338,1300,-38
715.jpg,1340,1350,10
720.jpg,1340,1500,160
725.jpg,1343,1890,547
730.jpg,1345,1350,5
735.jpg,1345,1450,105
740.jpg,1346,1850,504
745.jpg,1347,1350,3
750.jpg,1347,1450,103
755.jpg,1349,1890,541
760.jpg,1350,1600,250
765.jpg,1350,1450,100
775.jpg,1353,1450,97
780.jpg,1354,1350,-4
785.jpg,1356,1300,-56
790.jpg,1358,1450,92
795.jpg,1360,1450,90
800.jpg,1361,1250,-111
805.jpg,1362,1350,-12
810.jpg,1364,1850,486
815.jpg,1365,1550,185
825.jpg,1370,1600,230
830.jpg,1371,1300,-71
835.jpg,1373,1890,517
840.jpg,1375,1750,375
845.jpg,1377,1450,73
850.jpg,1380,1890,510
855.jpg,1381,1350,-31
860.jpg,1382,1450,68
865.jpg,1384,1450,66
870.jpg,1386,1890,504
875.jpg,1389,1850,461
880.jpg,1390,1600,210
885.jpg,1394,1450,56
890.jpg,1396,1450,54
895.jpg,1397,1450,53
900.jpg,1398,1450,52
905.jpg,1399,1350,-49
910.jpg,1400,1300,-100
915.jpg,1401,1350,-51
920.jpg,1402,1450,48
925.jpg,1405,1350,-55
930.jpg,1406,1450,44
935.jpg,1409,1350,-59
940.jpg,1410,1300,-110
945.jpg,1410,1300,-110
950.jpg,1411,1350,-61
955.jpg,1413,1200,-213
960.jpg,1414,1990,576
965.jpg,1417,1380,-37
970.jpg,1419,1600,181
975.jpg,1420,1500,80
980.jpg,1420,1450,30
985.jpg,1422,1850,428
990.jpg,1424,1890,466
995.jpg,1425,1300,-125
1000.jpg,1426,1450,24
1005.jpg,1428,1850,422
1010.jpg,1430,1450,20
1015.jpg,1431,1200,-231
1025.jpg,1435,1450,15
1030.jpg,1436,1850,414
1035.jpg,1438,1850,412
1040.jpg,1440,1300,-140
1045.jpg,1441,1880,439
1050.jpg,1442,1890,448
1055.jpg,1444,1200,-244
1060.jpg,1446,1350,-96
1065.jpg,1448,1890,442
1070.jpg,1450,1350,-100
1075.jpg,1450,1300,-150
1080.jpg,1451,1890,439
1085.jpg,1452,1850,398
1090.jpg,1453,1450,-3
1095.jpg,1455,1200,-255
1100.jpg,1457,1600,143
1105.jpg,1458,1450,-8
1110.jpg,1459,1450,-9
1115.jpg,1460,1350,-110
1120.jpg,1462,1850,388
1125.jpg,1462,1200,-262
1130.jpg,1464,1350,-114
1135.jpg,1465,1890,425
1140.jpg,1466,1350,-116
1145.jpg,1467,1850,383
1150.jpg,1468,1350,-118
1155.jpg,1469,1200,-269
1160.jpg,1470,1890,420
1165.jpg,1470,1350,-120
1170.jpg,1472,1550,78
1175.jpg,1473,1450,-23
1180.jpg,1475,1250,-225
1185.jpg,1477,1200,-277
1190.jpg,1477,1600,123
1195.jpg,1479,1500,21
1200.jpg,1480,1350,-130
1205.jpg,1482,1450,-32
1210.jpg,1482,1350,-132
1215.jpg,1483,1550,67
1220.jpg,1485,1350,-135
1225.jpg,1487,1700,213
1230.jpg,1487,1450,-37
1235.jpg,1488,1500,12
1240.jpg,1489,1450,-39
1245.jpg,1490,1630,140
1250.jpg,1490,1450,-40
1255.jpg,1491,1450,-41
1260.jpg,1492,1600,108
1265.jpg,1493,1850,357
1270.jpg,1494,1450,-44
1275.jpg,1495,1300,-195
1280.jpg,1496,1890,394
1285.jpg,1497,1850,353
1290.jpg,1497,1450,-47
1295.jpg,1498,1450,-48
1300.jpg,1499,1350,-149
1305.jpg,1500,1450,-50
1310.jpg,1500,1600,100
1315.jpg,1501,1890,389
1325.jpg,1503,1850,347
1330.jpg,1504,1450,-54
1335.jpg,1505,1850,345
1340.jpg,1506,1450,-56
1345.jpg,1507,1450,-57
1350.jpg,1508,1300,-208
1355.jpg,1508,1600,92
1360.jpg,1509,1350,-159
1365.jpg,1510,1900,390
1370.jpg,1510,1600,90
1375.jpg,1511,1300,-211
1380.jpg,1512,1850,338
1385.jpg,1513,1350,-163
1390.jpg,1513,1850,337
1395.jpg,1515,1350,-165
1400.jpg,1515,1500,-15
1405.jpg,1516,1850,334
1410.jpg,1517,1350,-167
1415.jpg,1518,1450,-68
1420.jpg,1518,1700,182
1425.jpg,1520,1900,380
1430.jpg,1521,1550,29
1435.jpg,1521,1300,-221
1440.jpg,1522,1990,468
1445.jpg,1523,1960,437
1450.jpg,1524,1700,176
1455.jpg,1525,1850,325
1460.jpg,1526,1450,-76
1465.jpg,1526,1900,374
1470.jpg,1527,1450,-77
1475.jpg,1528,1750,222
1480.jpg,1528,1890,362
1485.jpg,1530,1450,-80
1490.jpg,1530,1850,320
1495.jpg,1530,1890,360
1500.jpg,1531,1850,319
1505.jpg,1531,1850,319
1510.jpg,1532,1500,-32
1515.jpg,1532,1850,318
1520.jpg,1533,1600,67
1525.jpg,1534,1900,366
1530.jpg,1535,1850,315
1535.jpg,1535,1890,355
1540.jpg,1536,1450,-86
1545.jpg,1537,1550,13
1550.jpg,1537,1500,-37
1555.jpg,1538,1450,-88
1560.jpg,1539,1300,-239
1565.jpg,1540,1200,-340
1570.jpg,1540,1250,-290
1575.jpg,1540,1850,310
1580.jpg,1540,1300,-240
1590.jpg,1542,1450,-92
1595.jpg,1543,1890,347
1600.jpg,1543,1450,-93
1605.jpg,1544,1500,-44
1610.jpg,1545,1850,305
1615.jpg,1545,1450,-95
1620.jpg,1547,1450,-97
1625.jpg,1548,1450,-98
1630.jpg,1549,1850,301
1635.jpg,1549,1500,-49
1640.jpg,1550,1890,340
1645.jpg,1550,1850,300
1650.jpg,1550,1850,300
1655.jpg,1550,1200,-350
1660.jpg,1551,1850,299
1665.jpg,1551,1500,-51
1670.jpg,1552,1850,298
1675.jpg,1553,1550,-3
1680.jpg,1554,1800,246
1685.jpg,1554,1570,16
1690.jpg,1555,1850,295
1695.jpg,1556,1450,-106
1700.jpg,1557,1950,393
1705.jpg,1558,1900,342
1710.jpg,1558,1450,-108
1715.jpg,1559,1500,-59
1720.jpg,1559,1900,341
1725.jpg,1560,1780,220
1730.jpg,1560,1600,40
1735.jpg,1560,1850,290
1740.jpg,1561,1850,289
1745.jpg,1561,1600,39
1750.jpg,1562,1800,238
1755.jpg,1563,1890,327
1760.jpg,1564,1850,286
1765.jpg,1565,1890,325
1770.jpg,1565,1800,235
1775.jpg,1565,1450,-115
1780.jpg,1566,1890,324
1785.jpg,1567,1850,283
1790.jpg,1567,1450,-117
1795.jpg,1568,1350,-218
1800.jpg,1568,1350,-218
1805.jpg,1569,1700,131
1810.jpg,1570,1890,320
1815.jpg,1570,1700,130
1820.jpg,1570,1300,-270
1825.jpg,1571,1850,279
1830.jpg,1572,1850,278
1835.jpg,1572,1631,59
1840.jpg,1573,1450,-123
1845.jpg,1573,1900,327
1850.jpg,1574,1850,276
1855.jpg,1574,1850,276
1860.jpg,1575,1850,275
1865.jpg,1575,1890,315
1870.jpg,1575,1600,25
1875.jpg,1576,1850,274
1880.jpg,1577,1850,273
1885.jpg,1578,1890,312
1890.jpg,1578,1600,22
1895.jpg,1579,1350,-229
1900.jpg,1579,1890,311
1905.jpg,1580,1750,170
1910.jpg,1580,1800,220
1915.jpg,1581,1450,-131
1920.jpg,1581,1850,269
1925.jpg,1582,1300,-282
1930.jpg,1582,1930,348
1935.jpg,1583,1450,-133
1940.jpg,1584,1550,-34
1945.jpg,1584,1850,266
1950.jpg,1585,1750,165
1955.jpg,1585,1200,-385
1960.jpg,1585,1850,265
1965.jpg,1586,1450,-136
1970.jpg,1586,1850,264
1975.jpg,1587,1500,-87
1980.jpg,1588,1550,-38
1985.jpg,1588,1450,-138
1990.jpg,1588,1600,12
1995.jpg,1588,1880,292
2000.jpg,1589,1850,261
2005.jpg,1590,1850,260
2010.jpg,1590,1890,300
2020.jpg,1591,1600,9
2025.jpg,1591,1550,-41
2030.jpg,1592,1350,-242
2035.jpg,1593,1550,-43
2045.jpg,1595,1550,-45
2050.jpg,1595,1850,255
2055.jpg,1595,1450,-145
2060.jpg,1596,1350,-246
2065.jpg,1596,1600,4
2070.jpg,1597,1590,-7
2075.jpg,1597,1850,253
2080.jpg,1598,1450,-148
2085.jpg,1598,1700,102
2090.jpg,1598,1930,332
2095.jpg,1600,1850,250
2100.jpg,1600,1350,-250
2115.jpg,1602,1850,248
2125.jpg,1604,1450,-154
2130.jpg,1604,1450,-154
2135.jpg,1604,1450,-154
2140.jpg,1605,1850,245
2145.jpg,1605,1600,-5
2150.jpg,1606,1900,294
2155.jpg,1606,1550,-56
2160.jpg,1607,1606,-1
2165.jpg,1607,1850,243
2170.jpg,1608,1600,-8
2175.jpg,1608,1550,-58
2180.jpg,1609,1450,-159
2185.jpg,1610,1450,-160
2190.jpg,1610,1500,-110
2195.jpg,1610,1890,280
2200.jpg,1610,1850,240
2205.jpg,1611,1700,89
2210.jpg,1611,1850,239
2215.jpg,1611,1450,-161
2220.jpg,1612,1950,338
2225.jpg,1612,1450,-162
2230.jpg,1613,1300,-313
2235.jpg,1613,1750,137
2240.jpg,1614,1450,-164
2245.jpg,1614,1600,-14
2250.jpg,1614,1600,-14
2255.jpg,1615,1900,285
2260.jpg,1615,1250,-365
2265.jpg,1616,1850,234
2270.jpg,1616,1500,-116
2275.jpg,1616,1950,334
2280.jpg,1616,1850,234
2285.jpg,1617,1850,233
2290.jpg,1617,1450,-167
2295.jpg,1617,1600,-17
2300.jpg,1618,1450,-168
2305.jpg,1618,1890,272
2310.jpg,1619,1500,-119
2315.jpg,1619,1850,231
2320.jpg,1619,1850,231
2325.jpg,1620,1450,-170
2330.jpg,1620,1850,230
2335.jpg,1620,1450,-170
2340.jpg,1621,1450,-171
2345.jpg,1621,1850,229
2350.jpg,1622,1700,78
2360.jpg,1623,1450,-173
2365.jpg,1624,1850,226
2370.jpg,1624,1600,-24
2375.jpg,1624,1890,266
2380.jpg,1625,1550,-75
2385.jpg,1625,1850,225
2390.jpg,1625,1850,225
2395.jpg,1625,1890,265
2400.jpg,1626,1600,-26
2405.jpg,1626,1850,224
2410.jpg,1627,1850,223
2415.jpg,1628,1950,322
2420.jpg,1628,1850,222
2425.jpg,1629,1850,221
2430.jpg,1629,1550,-79
2435.jpg,1630,1850,220
2440.jpg,1630,1450,-180
2445.jpg,1630,1850,220
2450.jpg,1630,1800,170
2455.jpg,1631,1850,219
2460.jpg,1631,1890,259
2465.jpg,1631,1450,-181
2470.jpg,1632,1880,248
2475.jpg,1632,1900,268
2480.jpg,1632,1900,268
2485.jpg,1633,1850,217
2490.jpg,1633,1450,-183
2495.jpg,1634,1880,246
2500.jpg,1634,1450,-184
2505.jpg,1634,1600,-34
2510.jpg,1635,1450,-185
2515.jpg,1635,1750,115
2520.jpg,1635,1850,215
2525.jpg,1636,1850,214
2530.jpg,1636,1750,114
2535.jpg,1636,1450,-186
2540.jpg,1637,1850,213
2545.jpg,1637,1500,-137
2550.jpg,1638,1450,-188
2555.jpg,1638,1850,212
2560.jpg,1638,1450,-188
2565.jpg,1639,1850,211
2570.jpg,1639,1850,211
2575.jpg,1640,1850,210
2580.jpg,1640,1850,210
2585.jpg,1640,1890,250
2590.jpg,1641,1600,-41
2595.jpg,1641,1200,-441
2600.jpg,1641,1900,259
2605.jpg,1642,1350,-292
2610.jpg,1642,1850,208
2615.jpg,1643,1550,-93
2620.jpg,1644,1880,236
2625.jpg,1644,1850,206
2630.jpg,1644,1850,206
2635.jpg,1645,1950,305
2640.jpg,1645,1850,205
2645.jpg,1646,1450,-196
2650.jpg,1646,1350,-296
2655.jpg,1646,1450,-196
2660.jpg,1648,1850,202
2665.jpg,1648,1850,202
2670.jpg,1648,1631,-17
2675.jpg,1649,1850,201
2680.jpg,1650,1600,-50
2685.jpg,1650,1850,200
2690.jpg,1650,1850,200
2695.jpg,1650,1890,240
2700.jpg,1651,1780,129
2705.jpg,1651,1890,239
2710.jpg,1652,1850,198
2715.jpg,1653,1850,197
2720.jpg,1653,1600,-53
2725.jpg,1654,1750,96
2730.jpg,1654,1350,-304
2735.jpg,1655,1750,95
2745.jpg,1656,1850,194
2750.jpg,1656,1730,74
2755.jpg,1656,1350,-306
2760.jpg,1657,1450,-207
2765.jpg,1657,1200,-457
2770.jpg,1658,1200,-458
2775.jpg,1658,1850,192
2780.jpg,1659,1350,-309
2785.jpg,1659,1500,-159
2790.jpg,1660,1600,-60
2795.jpg,1660,1850,190
2800.jpg,1660,1850,190
2805.jpg,1660,1850,190
2810.jpg,1660,1850,190
2815.jpg,1660,1890,230
2820.jpg,1660,1700,40
2825.jpg,1661,1850,189
2830.jpg,1661,1850,189
2835.jpg,1661,1850,189
2840.jpg,1661,1900,239
2845.jpg,1662,1900,238
2850.jpg,1663,1850,187
2855.jpg,1663,1570,-93
2860.jpg,1664,1890,226
2865.jpg,1664,1800,136
2870.jpg,1664,1750,86
2875.jpg,1665,1880,215
2880.jpg,1665,1550,-115
2885.jpg,1665,1850,185
2890.jpg,1665,1850,185
2895.jpg,1666,1850,184
2900.jpg,1666,1600,-66
2905.jpg,1667,1850,183
2910.jpg,1667,1850,183
2915.jpg,1667,1850,183
2920.jpg,1668,1450,-218
2925.jpg,1669,1890,221
2930.jpg,1669,1850,181
2935.jpg,1670,1850,180
2940.jpg,1670,1850,180
2945.jpg,1670,1850,180
2950.jpg,1670,1550,-120
2955.jpg,1671,1850,179
2960.jpg,1671,1350,-321
2965.jpg,1671,1850,179
2970.jpg,1672,1850,178
2975.jpg,1672,1850,178
2980.jpg,1673,1890,217
2985.jpg,1673,1250,-423
2990.jpg,1674,1850,176
2995.jpg,1674,1850,176
3000.jpg,1674,1200,-474
3010.jpg,1675,1450,-225
3020.jpg,1676,1850,174
3025.jpg,1676,1850,174
3030.jpg,1677,1980,303
3035.jpg,1677,1300,-377
3040.jpg,1677,1750,73
3045.jpg,1678,1890,212
3050.jpg,1678,1450,-228
3055.jpg,1678,1450,-228
3060.jpg,1679,1950,271
3065.jpg,1679,1600,-79
3075.jpg,1680,1850,170
3080.jpg,1680,1850,170
3085.jpg,1680,1850,170
3090.jpg,1680,1890,210
3095.jpg,1680,1850,170
3100.jpg,1680,1850,170
3105.jpg,1681,1750,69
3110.jpg,1681,1890,209
3115.jpg,1681,1600,-81
3120.jpg,1681,1800,119
3125.jpg,1682,1850,168
3130.jpg,1682,1890,208
3135.jpg,1682,1850,168
3140.jpg,1682,1500,-182
3145.jpg,1683,1850,167
3150.jpg,1683,1850,167
3155.jpg,1683,1890,207
3160.jpg,1683,1350,-333
3165.jpg,1683,1850,167
3170.jpg,1684,1850,166
3175.jpg,1684,1750,66
3180.jpg,1684,1500,-184
3185.jpg,1684,1850,166
3190.jpg,1685,1850,165
3195.jpg,1685,1750,65
3200.jpg,1685,1850,165
3205.jpg,1686,1850,164
3210.jpg,1686,1850,164
3215.jpg,1686,1990,304
3220.jpg,1686,1890,204
3225.jpg,1687,1850,163
3230.jpg,1687,1800,113
3235.jpg,1687,1850,163
3240.jpg,1688,1850,162
3245.jpg,1688,1700,12
3250.jpg,1689,1950,261
3255.jpg,1689,1850,161
3260.jpg,1689,1500,-189
3270.jpg,1690,1850,160
3275.jpg,1690,1850,160
3280.jpg,1690,1890,200
3285.jpg,1690,1850,160
3290.jpg,1690,1950,260
3295.jpg,1690,1850,160
3300.jpg,1690,1450,-240
3305.jpg,1691,1850,159
3310.jpg,1691,1300,-391
3315.jpg,1691,1750,59
3320.jpg,1692,1850,158
3325.jpg,1692,1890,198
3330.jpg,1693,1930,237
3335.jpg,1693,1890,197
3340.jpg,1694,1850,156
3345.jpg,1694,1900,206
3350.jpg,1694,1600,-94
3355.jpg,1695,1850,155
3360.jpg,1695,1900,205
3365.jpg,1695,1850,155
3370.jpg,1695,1850,155
3375.jpg,1695,1600,-95
3385.jpg,1696,1850,154
3390.jpg,1696,1890,194
3395.jpg,1696,1850,154
3400.jpg,1696,1750,54
3405.jpg,1696,1550,-146
3410.jpg,1697,1850,153
3415.jpg,1697,1850,153
3420.jpg,1697,1850,153
3425.jpg,1697,1890,193
3430.jpg,1698,1850,152
3435.jpg,1698,1850,152
3440.jpg,1698,1300,-398
3445.jpg,1699,1850,151
3450.jpg,1699,1300,-399
3455.jpg,1699,1930,231
3460.jpg,1700,1850,150
3465.jpg,1700,1900,200
3470.jpg,1700,1850,150
3475.jpg,1700,1850,150
3480.jpg,1700,1850,150
3485.jpg,1700,1850,150
3490.jpg,1700,1850,150
3495.jpg,1700,1500,-200
3500.jpg,1700,1850,150
3505.jpg,1700,1850,150
3510.jpg,1700,1450,-250
3520.jpg,1701,1890,189
3525.jpg,1701,1850,149
3535.jpg,1702,1890,188
3540.jpg,1702,1750,48
3545.jpg,1703,1851,148
3550.jpg,1704,1880,176
3555.jpg,1704,1850,146
3560.jpg,1704,1890,186
3565.jpg,1704,1890,186
3570.jpg,1704,1950,246
3575.jpg,1705,1850,145
3580.jpg,1705,1850,145
3585.jpg,1705,1850,145
3590.jpg,1705,1600,-105
3595.jpg,1706,1850,144
3600.jpg,1706,1850,144
3605.jpg,1706,1890,184
3610.jpg,1706,1450,-256
3615.jpg,1707,1850,143
3620.jpg,1707,1200,-507
3625.jpg,1707,1850,143
3630.jpg,1708,1850,142
3635.jpg,1708,1900,192
3640.jpg,1708,1850,142
3645.jpg,1708,1450,-258
3650.jpg,1709,1450,-259
3655.jpg,1709,1850,141
3660.jpg,1709,1750,41
3665.jpg,1709,1850,141
3670.jpg,1710,1850,140
3675.jpg,1710,1950,240
3680.jpg,1710,1850,140
3685.jpg,1710,1850,140
3690.jpg,1710,1850,140
3695.jpg,1710,1850,140
3700.jpg,1710,1850,140
3705.jpg,1710,1850,140
3710.jpg,1710,1350,-360
3715.jpg,1711,1880,169
3720.jpg,1711,1750,39
3725.jpg,1711,1850,139
3730.jpg,1711,1750,39
3735.jpg,1711,1500,-211
3740.jpg,1712,1900,188
3745.jpg,1712,1950,238
3750.jpg,1713,1600,-113
3755.jpg,1713,1850,137
3760.jpg,1713,1776,63
3765.jpg,1713,1450,-263
3770.jpg,1714,1850,136
3775.jpg,1714,1850,136
3780.jpg,1714,1850,136
3785.jpg,1714,1890,176
3790.jpg,1715,1450,-265
3795.jpg,1715,1950,235
3800.jpg,1715,1800,85
3805.jpg,1715,1200,-515
3810.jpg,1715,1850,135
3815.jpg,1715,1850,135
3820.jpg,1715,1980,265
3825.jpg,1715,1850,135
3830.jpg,1715,1850,135
3835.jpg,1716,1880,164
3840.jpg,1716,1850,134
3845.jpg,1716,1850,134
3850.jpg,1716,1950,234
3855.jpg,1716,1850,134
3860.jpg,1716,1800,84
3865.jpg,1717,1850,133
3870.jpg,1717,1900,183
3875.jpg,1717,1890,173
3880.jpg,1718,1780,62
3885.jpg,1718,1750,32
3890.jpg,1719,1990,271
3895.jpg,1719,1850,131
3900.jpg,1719,1890,171
3905.jpg,1719,1850,131
3910.jpg,1720,1350,-370
3915.jpg,1720,1890,170
3920.jpg,1720,1850,130
3925.jpg,1720,1850,130
3930.jpg,1720,1950,230
3935.jpg,1720,1850,130
3940.jpg,1720,1850,130
3945.jpg,1720,1850,130
3950.jpg,1720,1850,130
3955.jpg,1720,1800,80
3960.jpg,1720,1900,180
3965.jpg,1720,1850,130
3970.jpg,1720,1600,-120
3975.jpg,1721,1950,229
3980.jpg,1721,1950,229
3985.jpg,1721,1890,169
3990.jpg,1721,1890,169
3995.jpg,1721,1500,-221
4000.jpg,1722,1850,128
4005.jpg,1722,1780,58
4010.jpg,1722,1850,128
4015.jpg,1722,1850,128
4020.jpg,1722,1850,128
4025.jpg,1723,1880,157
4030.jpg,1723,1900,177
4035.jpg,1723,1890,167
4040.jpg,1723,1900,177
4045.jpg,1723,1850,127
4050.jpg,1723,1750,27
4055.jpg,1723,1850,127
4060.jpg,1724,1850,126
4065.jpg,1724,1900,176
4070.jpg,1724,1850,126
4075.jpg,1724,1850,126
4080.jpg,1724,1900,176
4085.jpg,1724,1600,-124
4090.jpg,1724,1600,-124
4095.jpg,1724,1200,-524
4100.jpg,1725,1850,125
4105.jpg,1725,1850,125
4110.jpg,1725,1890,165
4115.jpg,1725,1550,-175
4120.jpg,1725,1850,125
4125.jpg,1725,1850,125
4130.jpg,1725,1850,125
4135.jpg,1725,1812,87
4140.jpg,1725,1800,75
4145.jpg,1725,1850,125
4150.jpg,1725,1600,-125
4155.jpg,1725,1950,225
4160.jpg,1726,1850,124
4165.jpg,1726,1850,124
4170.jpg,1726,1850,124
4175.jpg,1726,1850,124
4180.jpg,1726,1890,164
4185.jpg,1727,1850,123
4190.jpg,1727,1850,123
4195.jpg,1727,1850,123
4200.jpg,1727,1850,123
4205.jpg,1727,1600,-127
4210.jpg,1727,1850,123
4215.jpg,1728,1850,122
4220.jpg,1728,1900,172
4225.jpg,1728,1850,122
4230.jpg,1728,1890,162
4235.jpg,1728,1850,122
4240.jpg,1728,1950,222
4245.jpg,1728,1850,122
4250.jpg,1729,1800,71
4255.jpg,1729,1900,171
4260.jpg,1729,1850,121
4265.jpg,1729,1850,121
4270.jpg,1729,1850,121
4275.jpg,1730,1600,-130
4280.jpg,1730,1850,120
4285.jpg,1730,1850,120
4290.jpg,1730,1850,120
4295.jpg,1730,1850,120
4300.jpg,1730,1890,160
4305.jpg,1730,1890,160
4310.jpg,1730,1890,160
4315.jpg,1730,1900,170
4320.jpg,1730,1850,120
4325.jpg,1730,1850,120
4330.jpg,1730,1850,120
4335.jpg,1730,1850,120
4340.jpg,1730,1850,120
4345.jpg,1730,1850,120
4350.jpg,1730,1930,200
4355.jpg,1730,1950,220
4360.jpg,1730,1850,120
4365.jpg,1730,1950,220
4370.jpg,1731,1850,119
4375.jpg,1731,1780,49
4380.jpg,1731,1850,119
4385.jpg,1731,1850,119
4390.jpg,1732,1890,158
4395.jpg,1732,1850,118
4400.jpg,1732,1950,218
4405.jpg,1732,1850,118
4410.jpg,1732,1850,118
4415.jpg,1732,1850,118
4420.jpg,1732,1750,18
4425.jpg,1732,1200,-532
4430.jpg,1732,1450,-282
4435.jpg,1733,1850,117
4440.jpg,1733,1850,117
4445.jpg,1733,1850,117
4450.jpg,1733,1800,67
4455.jpg,1733,1850,117
4460.jpg,1733,1800,67
4465.jpg,1733,1850,117
4470.jpg,1733,1200,-533
4475.jpg,1734,1750,16
4480.jpg,1734,1850,116
4485.jpg,1734,1850,116
4490.jpg,1734,1900,166
4495.jpg,1735,1850,115
4505.jpg,1735,1850,115
4510.jpg,1735,1850,115
4515.jpg,1735,1850,115
4520.jpg,1735,1850,115
4525.jpg,1735,1850,115
4530.jpg,1735,1890,155
4535.jpg,1735,1890,155
4545.jpg,1736,1850,114
4550.jpg,1736,1850,114
4555.jpg,1736,1850,114
4560.jpg,1736,1450,-286
4565.jpg,1736,1350,-386
4570.jpg,1736,1850,114
4575.jpg,1737,1890,153
4580.jpg,1737,1850,113
4585.jpg,1737,1850,113
4590.jpg,1737,1950,213
4595.jpg,1737,1600,-137
4600.jpg,1737,1600,-137
4605.jpg,1738,1890,152
4610.jpg,1738,1850,112
4615.jpg,1738,1950,212
4620.jpg,1738,1850,112
4625.jpg,1738,1850,112
4630.jpg,1738,1850,112
4635.jpg,1738,1700,-38
4640.jpg,1739,1850,111
4645.jpg,1739,1850,111
4650.jpg,1739,1850,111
4655.jpg,1739,1600,-139
4660.jpg,1739,1890,151
4665.jpg,1740,1850,110
4670.jpg,1740,1850,110
4675.jpg,1740,1850,110
4680.jpg,1740,1850,110
4685.jpg,1740,1890,150
4690.jpg,1740,1850,110
4695.jpg,1740,1950,210
4700.jpg,1740,1850,110
4705.jpg,1740,1850,110
4710.jpg,1740,1850,110
4715.jpg,1740,1850,110
4720.jpg,1740,1200,-540
4725.jpg,1740,1850,110
4730.jpg,1740,1850,110
4735.jpg,1740,1850,110
4740.jpg,1740,1450,-290
4745.jpg,1740,1850,110
4750.jpg,1741,1890,149
4755.jpg,1741,1850,109
4760.jpg,1741,1950,209
4765.jpg,1741,1850,109
4770.jpg,1741,1780,39
4775.jpg,1741,2010,269
4780.jpg,1742,1200,-542
4785.jpg,1742,1850,108
4790.jpg,1742,1800,58
4795.jpg,1742,1850,108
4800.jpg,1742,1850,108
4805.jpg,1742,1850,108
4810.jpg,1742,1890,148
4815.jpg,1742,1850,108
4820.jpg,1743,1950,207
4825.jpg,1743,1750,7
4835.jpg,1743,1850,107
4840.jpg,1743,1850,107
4845.jpg,1744,1850,106
4850.jpg,1744,1800,56
4855.jpg,1744,1850,106
4860.jpg,1744,1750,6
4865.jpg,1744,1850,106
4870.jpg,1745,1890,145
4875.jpg,1745,1850,105
4880.jpg,1745,1850,105
4885.jpg,1745,1600,-145
4890.jpg,1745,1850,105
4895.jpg,1745,1850,105
4900.jpg,1745,1750,5
4905.jpg,1745,1850,105
4910.jpg,1746,1890,144
4915.jpg,1746,1750,4
4920.jpg,1746,1850,104
4925.jpg,1746,1250,-496
4930.jpg,1747,1850,103
4935.jpg,1747,1850,103
4940.jpg,1747,1850,103
4945.jpg,1747,1850,103
4950.jpg,1747,1890,143
4955.jpg,1747,1890,143
4960.jpg,1747,1900,153
4965.jpg,1748,1850,102
4970.jpg,1748,1850,102
4975.jpg,1748,1850,102
4980.jpg,1748,1890,142
4985.jpg,1748,1850,102
4990.jpg,1749,1850,101
4995.jpg,1749,1850,101
5000.jpg,1749,1850,101
5005.jpg,1749,1850,101
5010.jpg,1749,1890,141
5015.jpg,1750,1850,100
5020.jpg,1750,1850,100
5025.jpg,1750,1850,100
5030.jpg,1750,1950,200
5035.jpg,1750,1950,200
5040.jpg,1750,1850,100
5045.jpg,1750,1850,100
5050.jpg,1750,1950,200
5060.jpg,1750,1850,100
5065.jpg,1750,1950,200
5070.jpg,1750,1850,100
5075.jpg,1750,1850,100
5080.jpg,1750,1850,100
5085.jpg,1750,1850,100
5090.jpg,1750,1850,100
5095.jpg,1750,1850,100
5100.jpg,1750,1850,100
5105.jpg,1750,1850,100
5110.jpg,1750,1850,100
5115.jpg,1750,1850,100
5120.jpg,1750,1850,100
5125.jpg,1750,1850,100
5130.jpg,1750,1850,100
5135.jpg,1750,1900,150
5140.jpg,1750,1850,100
5145.jpg,1750,1850,100
5150.jpg,1750,1850,100
5155.jpg,1750,1900,150
5160.jpg,1750,1850,100
5165.jpg,1750,1950,200
5170.jpg,1750,1850,100
5175.jpg,1750,1890,140
5180.jpg,1750,1900,150
5185.jpg,1750,1900,150
5190.jpg,1750,1890,140
5195.jpg,1751,1880,129
5200.jpg,1751,1850,99
5205.jpg,1751,1950,199
5210.jpg,1751,1890,139
5215.jpg,1751,1850,99
5220.jpg,1751,1200,-551
5225.jpg,1752,1880,128
5230.jpg,1752,1850,98
5235.jpg,1752,1850,98
5240.jpg,1752,1890,138
5245.jpg,1752,1850,98
5250.jpg,1752,1890,138
5255.jpg,1752,1850,98
5260.jpg,1752,1850,98
5265.jpg,1752,1850,98
5270.jpg,1752,1890,138
5275.jpg,1752,1780,28
5285.jpg,1753,1850,97
5290.jpg,1753,1850,97
5295.jpg,1753,1850,97
5300.jpg,1753,1850,97
5305.jpg,1753,1850,97
5310.jpg,1753,1776,23
5315.jpg,1753,1600,-153
5320.jpg,1753,1850,97
5325.jpg,1754,1950,196
5330.jpg,1754,1750,-4
5335.jpg,1754,1850,96
5340.jpg,1754,1850,96
5345.jpg,1754,1850,96
5350.jpg,1754,1850,96
5355.jpg,1754,1850,96
5360.jpg,1754,1850,96
5365.jpg,1754,1890,136
5370.jpg,1755,1600,-155
5375.jpg,1755,1890,135
5380.jpg,1755,1850,95
5385.jpg,1755,1850,95
5390.jpg,1755,1850,95
5395.jpg,1755,1850,95
5400.jpg,1755,1850,95
5405.jpg,1755,1850,95
5410.jpg,1755,1750,-5
5415.jpg,1756,1850,94
5420.jpg,1756,1890,134
5425.jpg,1756,1850,94
5430.jpg,1756,1890,134
5435.jpg,1756,1850,94
5440.jpg,1756,1850,94
5445.jpg,1756,1850,94
5450.jpg,1756,1850,94
5455.jpg,1756,1750,-6
5460.jpg,1756,1850,94
5470.jpg,1757,1850,93
5475.jpg,1757,1850,93
5480.jpg,1757,1890,133
5485.jpg,1757,1900,143
5490.jpg,1757,1950,193
5495.jpg,1757,1900,143
5500.jpg,1758,1850,92
5505.jpg,1758,1890,132
5510.jpg,1758,1850,92
5515.jpg,1758,1850,92
5520.jpg,1758,1850,92
5525.jpg,1758,1850,92
5530.jpg,1758,1850,92
5535.jpg,1759,1850,91
5540.jpg,1759,1890,131
5545.jpg,1759,1950,191
5550.jpg,1759,1850,91
5555.jpg,1759,1850,91
5560.jpg,1759,1750,-9
5565.jpg,1760,1850,90
5570.jpg,1760,1850,90
5575.jpg,1760,1850,90
5580.jpg,1760,1850,90
5585.jpg,1760,1250,-510
5590.jpg,1761,1850,89
5595.jpg,1761,1850,89
5600.jpg,1761,1850,89
5605.jpg,1761,1890,129
5610.jpg,1761,1950,189
5615.jpg,1761,1850,89
5620.jpg,1761,1350,-411
5625.jpg,1761,1883,122
5630.jpg,1762,1850,88
5635.jpg,1762,1850,88
5640.jpg,1762,1950,188
5645.jpg,1762,1850,88
5650.jpg,1762,1800,38
5655.jpg,1762,1850,88
5660.jpg,1762,1850,88
5665.jpg,1762,1850,88
5670.jpg,1763,1950,187
5675.jpg,1763,1850,87
5680.jpg,1763,1950,187
5685.jpg,1763,1850,87
5690.jpg,1763,1850,87
5695.jpg,1763,1850,87
5700.jpg,1763,1600,-163
5705.jpg,1763,1850,87
5710.jpg,1764,1850,86
5715.jpg,1764,1850,86
5720.jpg,1764,1850,86
5725.jpg,1764,1850,86
5730.jpg,1764,1850,86
5735.jpg,1764,1850,86
5740.jpg,1764,1890,126
5745.jpg,1764,1800,36
5750.jpg,1764,1300,-464
5755.jpg,1764,1750,-14
5765.jpg,1765,1850,85
5770.jpg,1765,1890,125
5775.jpg,1765,1850,85
5780.jpg,1765,1950,185
5785.jpg,1765,1890,125
5790.jpg,1765,1850,85
5795.jpg,1765,1850,85
5800.jpg,1765,1800,35
5805.jpg,1765,1850,85
5810.jpg,1765,1850,85
5815.jpg,1765,1850,85
5820.jpg,1765,1890,125
5825.jpg,1765,1750,-15
5830.jpg,1765,1850,85
5835.jpg,1766,1900,134
5840.jpg,1766,1850,84
5845.jpg,1766,1850,84
5850.jpg,1766,1550,-216
5855.jpg,1766,1890,124
5860.jpg,1766,1850,84
5865.jpg,1766,1890,124
5870.jpg,1766,1850,84
5875.jpg,1767,1800,33
5880.jpg,1767,1900,133
5885.jpg,1767,1850,83
5890.jpg,1767,1850,83
5895.jpg,1768,1850,82
5900.jpg,1768,1850,82
5905.jpg,1768,1850,82
5910.jpg,1768,1890,122
5915.jpg,1768,1930,162
5920.jpg,1768,1850,82
5925.jpg,1768,1850,82
5930.jpg,1768,1750,-18
5935.jpg,1768,1850,82
5940.jpg,1768,1600,-168
5945.jpg,1769,1850,81
5950.jpg,1769,1850,81
5955.jpg,1769,1850,81
5960.jpg,1769,1850,81
5965.jpg,1769,1750,-19
5970.jpg,1769,1850,81
5975.jpg,1769,1850,81
5980.jpg,1769,1850,81
5985.jpg,1769,1850,81
5990.jpg,1769,1890,121
5995.jpg,1769,1600,-169
6000.jpg,1770,1900,130
6005.jpg,1770,1850,80
6010.jpg,1770,1850,80
6015.jpg,1770,1850,80
6020.jpg,1770,1850,80
6025.jpg,1770,1850,80
6030.jpg,1770,1850,80
6035.jpg,1770,1850,80
6040.jpg,1770,1950,180
6045.jpg,1770,1890,120
6050.jpg,1770,1850,80
6055.jpg,1770,1850,80
6060.jpg,1770,1850,80
6065.jpg,1770,1890,120
6070.jpg,1770,1850,80
6075.jpg,1770,1890,120
6080.jpg,1770,1900,130
6085.jpg,1770,1850,80
6090.jpg,1770,1850,80
6095.jpg,1770,1850,80
6100.jpg,1770,1850,80
6105.jpg,1770,1890,120
6115.jpg,1771,1850,79
6120.jpg,1771,1850,79
6125.jpg,1771,1850,79
6130.jpg,1771,1850,79
6135.jpg,1771,1750,-21
6140.jpg,1771,1700,-71
6145.jpg,1771,1850,79
6150.jpg,1771,1900,129
6155.jpg,1771,1600,-171
6160.jpg,1771,1750,-21
6165.jpg,1771,1890,119
6170.jpg,1772,1850,78
6175.jpg,1772,1850,78
6180.jpg,1772,1450,-322
6185.jpg,1772,1600,-172
6190.jpg,1772,1500,-272
6195.jpg,1773,1850,77
6200.jpg,1773,1850,77
6205.jpg,1773,1850,77
6210.jpg,1773,1850,77
6215.jpg,1773,1850,77
6220.jpg,1773,1850,77
6225.jpg,1773,1850,77
6230.jpg,1773,1850,77
6235.jpg,1773,1850,77
6240.jpg,1774,1850,76
6245.jpg,1774,1850,76
6250.jpg,1774,1850,76
6255.jpg,1774,1800,26
6260.jpg,1774,1850,76
6265.jpg,1774,1850,76
6270.jpg,1774,1850,76
6275.jpg,1774,1850,76
6280.jpg,1774,1850,76
6285.jpg,1774,1850,76
6290.jpg,1774,1850,76
6295.jpg,1774,1850,76
6300.jpg,1774,1850,76
6305.jpg,1775,1850,75
6310.jpg,1775,1850,75
6315.jpg,1775,1850,75
6320.jpg,1775,1850,75
6325.jpg,1775,1850,75
6330.jpg,1775,1850,75
6335.jpg,1775,1890,115
6350.jpg,1775,1950,175
6355.jpg,1775,1850,75
6360.jpg,1775,1890,115
6365.jpg,1775,1850,75
6370.jpg,1775,1850,75
6375.jpg,1775,1850,75
6380.jpg,1775,1850,75
6385.jpg,1775,1250,-525
6390.jpg,1775,1850,75
6395.jpg,1775,1850,75
6405.jpg,1776,1850,74
6410.jpg,1776,1890,114
6415.jpg,1776,1890,114
6420.jpg,1776,1850,74
6425.jpg,1776,1850,74
6430.jpg,1776,1850,74
6435.jpg,1776,1850,74
6440.jpg,1776,1850,74
6445.jpg,1777,1850,73
6450.jpg,1777,1850,73
6455.jpg,1777,1900,123
6460.jpg,1777,1850,73
6465.jpg,1777,1850,73
6470.jpg,1777,1920,143
6475.jpg,1777,1200,-577
6480.jpg,1777,1990,213
6485.jpg,1778,1300,-478
6495.jpg,1778,1850,72
6500.jpg,1778,1800,22
6505.jpg,1778,1850,72
6510.jpg,1778,1550,-228
6515.jpg,1779,1890,111
6520.jpg,1779,1850,71
6525.jpg,1779,1850,71
6530.jpg,1779,1850,71
6535.jpg,1779,1850,71
6540.jpg,1779,1850,71
6545.jpg,1779,1850,71
6550.jpg,1779,1450,-329
6555.jpg,1780,1450,-330
6560.jpg,1780,1850,70
6565.jpg,1780,1850,70
6570.jpg,1780,1850,70
6575.jpg,1780,1900,120
6580.jpg,1780,1850,70
6585.jpg,1780,1850,70
6590.jpg,1780,1850,70
6595.jpg,1780,1950,170
6600.jpg,1780,1850,70
6605.jpg,1780,1850,70
6610.jpg,1780,1900,120
6615.jpg,1780,1850,70
6620.jpg,1780,1890,110
6625.jpg,1780,1850,70
6630.jpg,1780,1850,70
6635.jpg,1780,1900,120
6640.jpg,1780,1980,200
6645.jpg,1780,1850,70
6650.jpg,1780,1850,70
6655.jpg,1780,1850,70
6660.jpg,1780,1950,170
6665.jpg,1780,1850,70
6670.jpg,1781,1890,109
6675.jpg,1781,1500,-281
6680.jpg,1781,1850,69
6685.jpg,1781,1890,109
6690.jpg,1781,1890,109
6695.jpg,1781,1850,69
6700.jpg,1781,1800,19
6705.jpg,1781,1930,149
6710.jpg,1782,1890,108
6715.jpg,1782,1850,68
6720.jpg,1782,1850,68
6725.jpg,1782,1850,68
6730.jpg,1782,1850,68
6735.jpg,1782,1850,68
6740.jpg,1782,1850,68
6745.jpg,1782,1700,-82
6750.jpg,1782,1850,68
6755.jpg,1783,1850,67
6760.jpg,1783,1850,67
6765.jpg,1783,1850,67
6770.jpg,1783,1950,167
6775.jpg,1783,1890,107
6780.jpg,1783,1850,67
6785.jpg,1783,1950,167
6790.jpg,1783,1850,67
6795.jpg,1783,1850,67
6800.jpg,1783,1950,167
6805.jpg,1783,1800,17
6810.jpg,1784,1890,106
6815.jpg,1784,1200,-584
6820.jpg,1784,1850,66
6825.jpg,1784,1850,66
6830.jpg,1784,1850,66
6835.jpg,1784,1950,166
6840.jpg,1784,1450,-334
6845.jpg,1784,1950,166
6850.jpg,1784,1450,-334
6855.jpg,1784,1880,96
6860.jpg,1785,1850,65
6865.jpg,1785,1850,65
6870.jpg,1785,1850,65
6875.jpg,1785,1850,65
6880.jpg,1785,1950,165
6885.jpg,1785,1850,65
6890.jpg,1785,1850,65
6895.jpg,1785,1850,65
6900.jpg,1785,1850,65
6905.jpg,1785,1950,165
6910.jpg,1785,1850,65
6915.jpg,1785,1850,65
6920.jpg,1785,1850,65
6925.jpg,1785,1850,65
6930.jpg,1785,1200,-585
6935.jpg,1785,1850,65
6940.jpg,1785,1890,105
6945.jpg,1785,1850,65
6950.jpg,1786,1850,64
6955.jpg,1786,1890,104
6960.jpg,1786,1850,64
6965.jpg,1786,1850,64
6970.jpg,1786,1850,64
6975.jpg,1786,1850,64
6980.jpg,1786,1850,64
6985.jpg,1786,1850,64
6990.jpg,1786,1890,104
6995.jpg,1786,1850,64
7000.jpg,1786,1890,104
7005.jpg,1787,1880,93
7010.jpg,1787,1780,-7
7015.jpg,1787,1850,63
7020.jpg,1787,1900,113
7025.jpg,1787,1900,113
7030.jpg,1787,1850,63
7035.jpg,1787,1850,63
7040.jpg,1787,1890,103
7045.jpg,1787,1890,103
7050.jpg,1787,1900,113
7055.jpg,1787,1850,63
7060.jpg,1787,1900,113
7065.jpg,1787,1850,63
7070.jpg,1787,1850,63
7075.jpg,1787,1500,-287
7080.jpg,1787,1850,63
7085.jpg,1787,1350,-437
7090.jpg,1788,1850,62
7095.jpg,1788,1800,12
7100.jpg,1788,1850,62
7105.jpg,1788,1850,62
7110.jpg,1788,1850,62
7115.jpg,1788,1890,102
7120.jpg,1788,1850,62
7125.jpg,1788,1850,62
7130.jpg,1788,1850,62
7135.jpg,1788,1850,62
7140.jpg,1788,1890,102
7145.jpg,1789,1850,61
7150.jpg,1789,1800,11
7155.jpg,1789,1850,61
7160.jpg,1789,1850,61
7165.jpg,1789,1850,61
7170.jpg,1789,1900,111
7175.jpg,1789,1850,61
7180.jpg,1789,1850,61
7185.jpg,1789,1850,61
7190.jpg,1789,1600,-189
7195.jpg,1789,1850,61
7200.jpg,1790,1850,60
7205.jpg,1790,1850,60
7210.jpg,1790,1850,60
7215.jpg,1790,1850,60
7220.jpg,1790,1890,100
7225.jpg,1790,1850,60
7230.jpg,1790,1850,60
7235.jpg,1790,1850,60
7240.jpg,1790,1850,60
7245.jpg,1790,1890,100
7250.jpg,1790,1850,60
7255.jpg,1790,1900,110
7260.jpg,1790,1890,100
7265.jpg,1790,1890,100
7270.jpg,1790,1900,110
7275.jpg,1790,1850,60
7280.jpg,1790,1850,60
7285.jpg,1790,1850,60
7290.jpg,1790,1950,160
7295.jpg,1790,1850,60
7300.jpg,1790,1850,60
7305.jpg,1790,1850,60
7310.jpg,1790,1850,60
7315.jpg,1790,1850,60
7320.jpg,1790,1850,60
7325.jpg,1790,1850,60
7330.jpg,1790,1850,60
7335.jpg,1790,1850,60
7340.jpg,1790,1850,60
7345.jpg,1790,1850,60
7350.jpg,1790,1850,60
7355.jpg,1790,1850,60
7360.jpg,1790,1850,60
7365.jpg,1790,1850,60
7370.jpg,1790,1850,60
7375.jpg,1790,1900,110
7380.jpg,1790,1890,100
7385.jpg,1791,1890,99
7390.jpg,1791,1850,59
7395.jpg,1791,1800,9
7400.jpg,1791,1800,9
7405.jpg,1791,1850,59
7410.jpg,1791,1850,59
7415.jpg,1791,1850,59
7420.jpg,1791,1850,59
7425.jpg,1791,1850,59
7430.jpg,1791,1890,99
7435.jpg,1791,1850,59
7440.jpg,1792,1890,98
7445.jpg,1792,1950,158
7450.jpg,1792,1850,58
7455.jpg,1792,1880,88
7460.jpg,1792,1850,58
7465.jpg,1792,1850,58
7470.jpg,1792,1850,58
7475.jpg,1792,1950,158
7480.jpg,1792,1890,98
7485.jpg,1792,1850,58
7490.jpg,1792,1890,98
7495.jpg,1792,1890,98
7500.jpg,1792,1850,58
7505.jpg,1792,1450,-342
7510.jpg,1793,1800,7
7515.jpg,1793,1937,144
7520.jpg,1793,1900,107
7525.jpg,1793,1850,57
7530.jpg,1793,1800,7
7535.jpg,1793,1950,157
7540.jpg,1793,1850,57
7545.jpg,1793,1900,107
7550.jpg,1793,1850,57
7555.jpg,1793,1890,97
7560.jpg,1793,1850,57
7565.jpg,1793,1850,57
7570.jpg,1793,1850,57
7575.jpg,1793,1950,157
7580.jpg,1793,1850,57
7585.jpg,1793,1950,157
7590.jpg,1793,1850,57
7595.jpg,1794,1890,96
7600.jpg,1794,1850,56
7605.jpg,1794,1950,156
7610.jpg,1794,1850,56
7615.jpg,1794,1850,56
7620.jpg,1794,1890,96
7625.jpg,1794,1950,156
7630.jpg,1794,1800,6
7635.jpg,1794,1850,56
7640.jpg,1794,1850,56
7645.jpg,1794,1850,56
7650.jpg,1794,1850,56
7655.jpg,1795,1850,55
7660.jpg,1795,1850,55
7665.jpg,1795,1900,105
7670.jpg,1795,1850,55
7675.jpg,1795,1890,95
7680.jpg,1795,1850,55
7685.jpg,1795,1850,55
7690.jpg,1795,1890,95
7695.jpg,1795,1850,55
7700.jpg,1795,1894,99
7705.jpg,1795,1890,95
7710.jpg,1795,1950,155
7715.jpg,1795,1850,55
7720.jpg,1795,1850,55
7725.jpg,1795,1850,55
7730.jpg,1795,1850,55
7735.jpg,1795,1850,55
7740.jpg,1795,1890,95
7745.jpg,1795,1890,95
7750.jpg,1795,1850,55
7755.jpg,1795,1850,55
7760.jpg,1795,1850,55
7765.jpg,1795,1890,95
7775.jpg,1796,1850,54
7780.jpg,1796,1850,54
7785.jpg,1796,1850,54
7790.jpg,1796,1850,54
7795.jpg,1796,1850,54
7800.jpg,1796,1850,54
7805.jpg,1796,1850,54
7810.jpg,1796,1850,54
7815.jpg,1796,1850,54
7820.jpg,1796,1780,-16
7825.jpg,1796,1890,94
7830.jpg,1796,1895,99
7840.jpg,1796,1850,54
7845.jpg,1796,1850,54
7850.jpg,1796,1850,54
7855.jpg,1796,1850,54
7860.jpg,1796,1890,94
7865.jpg,1796,1890,94
7870.jpg,1796,1890,94
7875.jpg,1796,1350,-446
7880.jpg,1797,1850,53
7885.jpg,1797,1850,53
7890.jpg,1797,1850,53
7895.jpg,1797,1850,53
7900.jpg,1797,1850,53
7905.jpg,1797,1850,53
7915.jpg,1797,1900,103
7920.jpg,1797,1890,93
7925.jpg,1797,1850,53
7930.jpg,1797,1850,53
7935.jpg,1797,1950,153
7940.jpg,1797,1850,53
7945.jpg,1797,1600,-197
7950.jpg,1797,1890,93
7955.jpg,1798,1880,82
7960.jpg,1798,1890,92
7965.jpg,1798,1450,-348
7970.jpg,1798,1850,52
7975.jpg,1798,1850,52
7980.jpg,1798,1850,52
7985.jpg,1798,1850,52
7990.jpg,1798,1890,92
7995.jpg,1798,1350,-448
8000.jpg,1798,1890,92
8005.jpg,1798,1950,152
8010.jpg,1798,1950,152
8015.jpg,1798,1850,52
8020.jpg,1798,1850,52
8025.jpg,1798,1850,52
8030.jpg,1798,1890,92
8035.jpg,1798,1850,52
8040.jpg,1798,1950,152
8045.jpg,1798,1850,52
8055.jpg,1798,1850,52
8060.jpg,1799,1900,101
8065.jpg,1799,1850,51
8070.jpg,1799,1850,51
8075.jpg,1799,1980,181
8080.jpg,1799,1950,151
8085.jpg,1799,1890,91
8090.jpg,1799,1850,51
8095.jpg,1799,1850,51
8100.jpg,1799,1850,51
8105.jpg,1799,1850,51
8110.jpg,1799,1600,-199
8115.jpg,1800,1880,80
8120.jpg,1800,1930,130
8125.jpg,1800,1850,50
8130.jpg,1800,1850,50
8135.jpg,1800,1900,100
8140.jpg,1800,1850,50
8145.jpg,1800,1850,50
8150.jpg,1800,1850,50
8155.jpg,1800,1850,50
8160.jpg,1800,1850,50
8165.jpg,1800,1850,50
8170.jpg,1800,1850,50
8175.jpg,1800,1850,50
8180.jpg,1800,1850,50
8185.jpg,1800,1850,50
8190.jpg,1800,1850,50
8195.jpg,1800,1950,150
8200.jpg,1800,1850,50
8205.jpg,1800,1850,50
8210.jpg,1800,1900,100
8215.jpg,1800,1850,50
8220.jpg,1800,1850,50
8225.jpg,1800,1850,50
8230.jpg,1800,1850,50
8235.jpg,1800,1850,50
8240.jpg,1800,1890,90
8245.jpg,1800,1850,50
8250.jpg,1800,1850,50
8255.jpg,1800,1850,50
8260.jpg,1800,1850,50
8265.jpg,1800,1850,50
8270.jpg,1800,1850,50
8275.jpg,1800,1850,50
8280.jpg,1800,1850,50
8285.jpg,1800,1900,100
8295.jpg,1800,1990,190
8300.jpg,1801,1880,79
8305.jpg,1801,1940,139
8310.jpg,1801,1850,49
8315.jpg,1801,1890,89
8320.jpg,1801,1900,99
8325.jpg,1801,1850,49
8330.jpg,1801,1890,89
8335.jpg,1801,1850,49
8340.jpg,1801,1850,49
8345.jpg,1801,1850,49
8350.jpg,1801,1850,49
8355.jpg,1801,1850,49
8360.jpg,1801,1850,49
8365.jpg,1801,1890,89
8375.jpg,1802,1900,98
8380.jpg,1802,1850,48
8385.jpg,1802,1850,48
8390.jpg,1802,1850,48
8395.jpg,1802,1850,48
8400.jpg,1802,1850,48
8405.jpg,1802,1850,48
8410.jpg,1802,1800,-2
8415.jpg,1802,1882,80
8420.jpg,1802,1890,88
8425.jpg,1802,1890,88
8430.jpg,1802,1850,48
8435.jpg,1802,1850,48
8440.jpg,1803,1890,87
8445.jpg,1803,1850,47
8450.jpg,1803,1850,47
8455.jpg,1803,1890,87
8460.jpg,1803,1890,87
8465.jpg,1803,1890,87
8470.jpg,1803,1900,97
8475.jpg,1803,1850,47
8480.jpg,1803,1850,47
8485.jpg,1803,1850,47
8490.jpg,1803,1850,47
8495.jpg,1803,1850,47
8500.jpg,1803,1850,47
8505.jpg,1803,1850,47
8515.jpg,1804,1350,-454
8520.jpg,1804,1890,86
8525.jpg,1804,1850,46
8530.jpg,1804,1850,46
8535.jpg,1804,1890,86
8540.jpg,1804,1890,86
8545.jpg,1804,1900,96
8550.jpg,1804,1850,46
8555.jpg,1804,1850,46
8560.jpg,1804,1850,46
8565.jpg,1804,1850,46
8570.jpg,1804,1850,46
8575.jpg,1804,1950,146
8580.jpg,1804,1850,46
8585.jpg,1805,1880,75
8590.jpg,1805,1850,45
8595.jpg,1805,1850,45
8600.jpg,1805,1900,95
8605.jpg,1805,1850,45
8610.jpg,1805,1800,-5
8615.jpg,1805,1950,145
8620.jpg,1805,1850,45
8625.jpg,1805,1850,45
8630.jpg,1805,1300,-505
8635.jpg,1805,1890,85
8640.jpg,1805,1850,45
8645.jpg,1805,1850,45
8650.jpg,1805,1890,85
8655.jpg,1805,1890,85
8660.jpg,1805,1890,85
8665.jpg,1805,1850,45
8670.jpg,1805,1850,45
8675.jpg,1805,1890,85
8680.jpg,1805,1850,45
8685.jpg,1805,1950,145
8690.jpg,1805,1850,45
8695.jpg,1806,1850,44
8700.jpg,1806,1850,44
8705.jpg,1806,1850,44
8710.jpg,1806,1850,44
8715.jpg,1806,1850,44
8720.jpg,1806,1900,94
8725.jpg,1806,1960,154
8730.jpg,1806,1850,44
8735.jpg,1806,1850,44
8740.jpg,1806,1950,144
8745.jpg,1806,1900,94
8750.jpg,1806,1850,44
8755.jpg,1806,1850,44
8765.jpg,1807,1880,73
8770.jpg,1807,1850,43
8775.jpg,1807,1870,63
8780.jpg,1807,1900,93
8785.jpg,1807,1930,123
8790.jpg,1807,1850,43
8795.jpg,1807,1980,173
8800.jpg,1807,1890,83
8805.jpg,1807,1850,43
8810.jpg,1807,1950,143
8815.jpg,1807,1850,43
8820.jpg,1807,1850,43
8825.jpg,1807,1850,43
8830.jpg,1807,1850,43
8835.jpg,1807,1600,-207
8840.jpg,1808,1920,112
8845.jpg,1808,1880,72
8850.jpg,1808,1890,82
8855.jpg,1808,1850,42
8860.jpg,1808,1850,42
8865.jpg,1808,1850,42
8875.jpg,1808,1850,42
8880.jpg,1808,1850,42
8885.jpg,1808,1850,42
8890.jpg,1808,1850,42
8895.jpg,1808,1850,42
8900.jpg,1808,1850,42
8905.jpg,1808,1890,82
8910.jpg,1809,1850,41
8915.jpg,1809,1850,41
8920.jpg,1809,1850,41
8925.jpg,1809,1890,81
8930.jpg,1809,1850,41
8935.jpg,1809,1900,91
8940.jpg,1809,1850,41
8945.jpg,1809,1950,141
8950.jpg,1809,1850,41
8955.jpg,1809,1890,81
8965.jpg,1809,1900,91
8970.jpg,1809,1850,41
8975.jpg,1810,1890,80
8980.jpg,1810,1890,80
8985.jpg,1810,1850,40
8995.jpg,1810,1890,80
9000.jpg,1810,1850,40
9005.jpg,1810,1850,40
9010.jpg,1810,1450,-360
9015.jpg,1810,1900,90
9020.jpg,1810,1900,90
9025.jpg,1810,1850,40
9030.jpg,1810,1850,40
9035.jpg,1810,1850,40
9040.jpg,1810,1900,90
9045.jpg,1810,1950,140
9050.jpg,1810,1850,40
9055.jpg,1810,1850,40
9060.jpg,1810,1890,80
9065.jpg,1810,1890,80
9070.jpg,1810,1890,80
9075.jpg,1810,1850,40
9080.jpg,1810,1950,140
9085.jpg,1810,1850,40
9090.jpg,1810,1850,40
9095.jpg,1810,1850,40
9100.jpg,1810,1850,40
9105.jpg,1810,1850,40
9110.jpg,1810,1950,140
9115.jpg,1810,1850,40
9120.jpg,1810,1950,140
9125.jpg,1810,1890,80
9130.jpg,1810,1990,180
9135.jpg,1810,1930,120
9140.jpg,1810,1900,90
9145.jpg,1810,1850,40
9150.jpg,1811,1880,69
9160.jpg,1811,1850,39
9165.jpg,1811,1850,39
9170.jpg,1811,1850,39
9175.jpg,1811,1890,79
9180.jpg,1811,1850,39
9185.jpg,1811,1850,39
9190.jpg,1811,1890,79
9195.jpg,1811,1450,-361
9200.jpg,1811,1850,39
9205.jpg,1811,1850,39
9210.jpg,1812,1850,38
9215.jpg,1812,1350,-462
9220.jpg,1812,1300,-512
9225.jpg,1812,1850,38
9230.jpg,1812,1850,38
9235.jpg,1812,1850,38
9240.jpg,1812,1850,38
9245.jpg,1812,1850,38
9250.jpg,1812,1900,88
9255.jpg,1812,1850,38
9260.jpg,1812,1850,38
9265.jpg,1812,1850,38
9270.jpg,1812,1850,38
9275.jpg,1812,1890,78
9280.jpg,1812,1890,78
9290.jpg,1812,1850,38
9295.jpg,1812,1850,38
9300.jpg,1812,1990,178
9305.jpg,1812,1850,38
9310.jpg,1813,1850,37
9315.jpg,1813,1850,37
9320.jpg,1813,1850,37
9325.jpg,1813,1380,-433
9330.jpg,1813,1850,37
9335.jpg,1813,1850,37
9340.jpg,1813,1850,37
9345.jpg,1813,1850,37
9350.jpg,1813,1850,37
9355.jpg,1813,1200,-613
9360.jpg,1813,1920,107
9365.jpg,1813,1850,37
9370.jpg,1813,1950,137
9375.jpg,1814,1880,66
9390.jpg,1814,1850,36
9395.jpg,1814,1850,36
9400.jpg,1814,1850,36
9405.jpg,1814,1850,36
9410.jpg,1814,1890,76
9415.jpg,1814,1900,86
9420.jpg,1814,1890,76
9425.jpg,1814,1850,36
9430.jpg,1814,1450,-364
9435.jpg,1814,1850,36
9440.jpg,1814,1850,36
9445.jpg,1814,1850,36
9450.jpg,1814,1850,36
9455.jpg,1814,1850,36
9460.jpg,1814,1850,36
9465.jpg,1815,1880,65
9470.jpg,1815,1890,75
9475.jpg,1815,1850,35
9480.jpg,1815,1850,35
9485.jpg,1815,1890,75
9490.jpg,1815,1850,35
9495.jpg,1815,1850,35
9500.jpg,1815,1850,35
9505.jpg,1815,1850,35
9510.jpg,1815,1950,135
9515.jpg,1815,1890,75
9520.jpg,1815,1850,35
9525.jpg,1815,1850,35
9530.jpg,1815,1850,35
9535.jpg,1815,1850,35
9540.jpg,1815,1850,35
9545.jpg,1815,1850,35
9550.jpg,1815,1850,35
9555.jpg,1815,1890,75
9560.jpg,1815,1850,35
9565.jpg,1815,1850,35
9570.jpg,1815,1850,35
9575.jpg,1815,1890,75
9580.jpg,1815,1700,-115
9585.jpg,1815,1850,35
9590.jpg,1815,1850,35
9595.jpg,1816,1920,104
9600.jpg,1816,1880,64
9605.jpg,1816,1890,74
9610.jpg,1816,1850,34
9615.jpg,1816,1850,34
9620.jpg,1816,1890,74
9625.jpg,1816,1850,34
9630.jpg,1816,1850,34
9635.jpg,1816,1890,74
9640.jpg,1816,1850,34
9645.jpg,1816,1550,-266
9650.jpg,1816,1850,34
9655.jpg,1816,1850,34
9660.jpg,1816,1890,74
9665.jpg,1816,1850,34
9670.jpg,1816,1850,34
9675.jpg,1816,1850,34
9680.jpg,1816,1850,34
9685.jpg,1816,1890,74
9690.jpg,1816,1850,34
9695.jpg,1816,1890,74
9700.jpg,1816,1880,64
9705.jpg,1816,1300,-516
9710.jpg,1816,1850,34
9715.jpg,1817,1850,33
9720.jpg,1817,1850,33
9725.jpg,1817,1850,33
9730.jpg,1817,1880,63
9735.jpg,1817,1850,33
9740.jpg,1817,1950,133
9745.jpg,1817,1850,33
9750.jpg,1817,1950,133
9755.jpg,1817,1850,33
9760.jpg,1817,1850,33
9765.jpg,1817,1850,33
9770.jpg,1817,1890,73
9775.jpg,1817,1850,33
9780.jpg,1817,1890,73
9785.jpg,1817,1890,73
9790.jpg,1818,1850,32
9795.jpg,1818,1930,112
9800.jpg,1818,1850,32
9805.jpg,1818,1950,132
9810.jpg,1818,1890,72
9815.jpg,1818,1850,32
9820.jpg,1818,1900,82
9825.jpg,1818,1850,32
9830.jpg,1818,1890,72
9835.jpg,1818,1850,32
9840.jpg,1818,1950,132
9845.jpg,1818,1890,72
9850.jpg,1818,1890,72
9855.jpg,1818,1850,32
9860.jpg,1818,1850,32
9865.jpg,1818,1890,72
9870.jpg,1818,1900,82
9875.jpg,1818,1850,32
9880.jpg,1818,1850,32
9885.jpg,1818,1960,142
9890.jpg,1818,1850,32
9895.jpg,1818,1850,32
9900.jpg,1818,1850,32
9905.jpg,1818,1850,32
9910.jpg,1819,1800,-19
9915.jpg,1819,1950,131
9920.jpg,1819,1850,31
9925.jpg,1819,1900,81
9930.jpg,1819,1850,31
9935.jpg,1819,1850,31
9940.jpg,1819,1850,31
9945.jpg,1819,1890,71
9950.jpg,1819,1850,31
9955.jpg,1819,1850,31
9960.jpg,1819,1850,31
9965.jpg,1819,1890,71
9970.jpg,1819,1890,71
9975.jpg,1819,1890,71
9980.jpg,1819,1850,31
9985.jpg,1820,1890,70
9990.jpg,1820,1850,30
9995.jpg,1820,1850,30
10000.jpg,1820,1850,30
10005.jpg,1820,1880,60
10010.jpg,1820,1890,70
10015.jpg,1820,1350,-470
10020.jpg,1820,1350,-470
10025.jpg,1820,1850,30
10030.jpg,1820,1950,130
10035.jpg,1820,1850,30
10040.jpg,1820,1950,130
10045.jpg,1820,1850,30
10050.jpg,1820,1895,75
10055.jpg,1820,1550,-270
10060.jpg,1820,1850,30
10065.jpg,1820,1850,30
10070.jpg,1820,1850,30
10075.jpg,1820,1850,30
10080.jpg,1820,1850,30
10085.jpg,1820,1550,-270
10090.jpg,1820,1950,130
10095.jpg,1820,1850,30
10100.jpg,1820,1850,30
10105.jpg,1820,1850,30
10110.jpg,1820,1850,30
10115.jpg,1820,1900,80
10120.jpg,1820,1850,30
10125.jpg,1820,1890,70
10130.jpg,1820,1850,30
10135.jpg,1820,1850,30
10140.jpg,1820,1890,70
10145.jpg,1820,1900,80
10150.jpg,1820,1895,75
10155.jpg,1820,1850,30
10160.jpg,1820,1850,30
10165.jpg,1820,1850,30
10170.jpg,1820,1900,80
10175.jpg,1820,1850,30
10180.jpg,1820,1850,30
10185.jpg,1820,1890,70
10190.jpg,1820,1850,30
10195.jpg,1821,1850,29
10200.jpg,1821,1930,109
10205.jpg,1821,1890,69
10210.jpg,1821,1900,79
10215.jpg,1821,1900,79
10220.jpg,1821,1890,69
10225.jpg,1821,1890,69
10230.jpg,1821,1850,29
10235.jpg,1821,1890,69
10240.jpg,1821,1950,129
10245.jpg,1821,1950,129
10250.jpg,1821,1850,29
10255.jpg,1821,1890,69
10260.jpg,1821,1850,29
10265.jpg,1821,1890,69
10270.jpg,1821,1890,69
10275.jpg,1821,1850,29
10280.jpg,1822,1900,78
10285.jpg,1822,1850,28
10290.jpg,1822,1800,-22
10295.jpg,1822,1850,28
10300.jpg,1822,1900,78
10305.jpg,1822,1850,28
10310.jpg,1822,1850,28
10315.jpg,1822,1890,68
10320.jpg,1822,1890,68
10325.jpg,1822,1950,128
10330.jpg,1822,1890,68
10335.jpg,1822,1850,28
10340.jpg,1822,1895,73
10345.jpg,1822,1850,28
10355.jpg,1822,1850,28
10360.jpg,1823,1950,127
10365.jpg,1823,1850,27
10370.jpg,1823,1850,27
10375.jpg,1823,1850,27
10385.jpg,1823,1850,27
10390.jpg,1823,1890,67
10395.jpg,1823,1350,-473
10400.jpg,1823,1980,157
10405.jpg,1823,1850,27
10410.jpg,1823,1890,67
10415.jpg,1823,1890,67
10420.jpg,1823,1890,67
10425.jpg,1823,1850,27
10430.jpg,1823,1850,27
10435.jpg,1823,1850,27
10440.jpg,1823,1850,27
10445.jpg,1823,1900,77
10450.jpg,1823,1350,-473
10455.jpg,1824,1850,26
10460.jpg,1824,1850,26
10465.jpg,1824,1850,26
10470.jpg,1824,1850,26
10475.jpg,1824,1300,-524
10480.jpg,1824,1950,126
10485.jpg,1824,1850,26
10490.jpg,1824,1450,-374
10495.jpg,1824,1850,26
10500.jpg,1824,1850,26
10505.jpg,1824,1950,126
10510.jpg,1824,1850,26
10515.jpg,1824,1850,26
10520.jpg,1824,1850,26
10525.jpg,1824,1950,126
10530.jpg,1824,1850,26
10535.jpg,1824,1850,26
10540.jpg,1824,1850,26
10545.jpg,1824,1890,66
10550.jpg,1825,1880,55
10555.jpg,1825,1890,65
10560.jpg,1825,1850,25
10565.jpg,1825,1850,25
10570.jpg,1825,1900,75
10575.jpg,1825,1850,25
10580.jpg,1825,1863,38
10585.jpg,1825,1900,75
10590.jpg,1825,1850,25
10595.jpg,1825,1850,25
10600.jpg,1825,1850,25
10605.jpg,1825,1850,25
10610.jpg,1825,1850,25
10615.jpg,1825,1890,65
10620.jpg,1825,1890,65
10625.jpg,1825,1950,125
10630.jpg,1825,1990,165
10635.jpg,1825,1950,125
10640.jpg,1825,1950,125
10645.jpg,1825,1850,25
10650.jpg,1825,1890,65
10655.jpg,1825,1850,25
10660.jpg,1825,1890,65
10665.jpg,1825,1850,25
10670.jpg,1825,1850,25
10675.jpg,1825,1850,25
10680.jpg,1825,1850,25
10685.jpg,1825,1900,75
10690.jpg,1825,1850,25
10695.jpg,1825,1850,25
10700.jpg,1825,1900,75
10705.jpg,1825,1850,25
10710.jpg,1825,1850,25
10715.jpg,1825,1890,65
10720.jpg,1825,1850,25
10725.jpg,1825,1890,65
10730.jpg,1826,1890,64
10735.jpg,1826,1850,24
10745.jpg,1826,1850,24
10750.jpg,1826,1890,64
10755.jpg,1826,1850,24
10760.jpg,1826,1850,24
10765.jpg,1826,1850,24
10770.jpg,1826,1890,64
10775.jpg,1826,1890,64
10780.jpg,1826,1850,24
10785.jpg,1826,1850,24
10790.jpg,1826,1850,24
10795.jpg,1826,1850,24
10800.jpg,1826,1895,69
10805.jpg,1826,1850,24
10810.jpg,1826,1890,64
10815.jpg,1826,1850,24
10820.jpg,1826,1850,24
10825.jpg,1826,1850,24
10830.jpg,1826,1890,64
10835.jpg,1827,1900,73
10840.jpg,1827,1850,23
10845.jpg,1827,1880,53
10850.jpg,1827,1850,23
10855.jpg,1827,1850,23
10860.jpg,1827,1850,23
10865.jpg,1827,1850,23
10870.jpg,1827,1850,23
10875.jpg,1827,1850,23
10880.jpg,1827,1900,73
10885.jpg,1827,1900,73
10890.jpg,1827,1950,123
10895.jpg,1827,1850,23
10900.jpg,1827,1450,-377
10905.jpg,1827,1850,23
10910.jpg,1827,1890,63
10915.jpg,1827,1850,23
10920.jpg,1827,1850,23
10925.jpg,1827,1850,23
10930.jpg,1827,1900,73
10935.jpg,1827,1850,23
10940.jpg,1827,1950,123
10945.jpg,1828,1850,22
10950.jpg,1828,1350,-478
10955.jpg,1828,1850,22
10960.jpg,1828,1850,22
10965.jpg,1828,1850,22
10970.jpg,1828,1850,22
10975.jpg,1828,1880,52
10980.jpg,1828,1850,22
10985.jpg,1828,1850,22
10990.jpg,1828,1850,22
10995.jpg,1828,1850,22
11000.jpg,1828,1900,72
11005.jpg,1828,1850,22
11010.jpg,1828,1890,62
11015.jpg,1828,1850,22
11020.jpg,1828,1850,22
11025.jpg,1828,1850,22
11030.jpg,1828,1890,62
11035.jpg,1828,1850,22
11040.jpg,1828,1850,22
11045.jpg,1828,1890,62
11050.jpg,1828,1890,62
11055.jpg,1828,1450,-378
11060.jpg,1828,1900,72
11065.jpg,1829,1900,71
11070.jpg,1829,1850,21
11075.jpg,1829,1900,71
11080.jpg,1829,1850,21
11085.jpg,1829,1850,21
11090.jpg,1829,1850,21
11095.jpg,1829,1850,21
11100.jpg,1829,1850,21
11105.jpg,1829,1850,21
11110.jpg,1829,1850,21
11115.jpg,1829,1850,21
11120.jpg,1829,1890,61
11125.jpg,1829,1850,21
11130.jpg,1829,1890,61
11135.jpg,1829,1890,61
11140.jpg,1829,1850,21
11145.jpg,1829,1850,21
11150.jpg,1829,1890,61
11155.jpg,1829,1930,101
11160.jpg,1829,1850,21
11165.jpg,1829,1900,71
11170.jpg,1830,1850,20
11175.jpg,1830,1895,65
11180.jpg,1830,1850,20
11185.jpg,1830,1850,20
11190.jpg,1830,1850,20
11195.jpg,1830,1450,-380
11200.jpg,1830,1850,20
11205.jpg,1830,1800,-30
11210.jpg,1830,1960,130
11215.jpg,1830,1850,20
11220.jpg,1830,1850,20
11225.jpg,1830,1930,100
11230.jpg,1830,1850,20
11235.jpg,1830,1890,60
11240.jpg,1830,1850,20
11245.jpg,1830,1890,60
11250.jpg,1830,1890,60
11255.jpg,1830,1990,160
11260.jpg,1830,1850,20
11265.jpg,1830,1850,20
11270.jpg,1830,1850,20
11275.jpg,1830,1890,60
11280.jpg,1830,1900,70
11285.jpg,1830,1890,60
11290.jpg,1830,1850,20
11295.jpg,1830,1890,60
11300.jpg,1830,1850,20
11305.jpg,1830,1980,150
11310.jpg,1830,1890,60
11315.jpg,1830,1850,20
11320.jpg,1830,1850,20
11325.jpg,1830,1890,60
11330.jpg,1830,1850,20
11335.jpg,1830,1850,20
11340.jpg,1830,1950,120
11345.jpg,1830,1950,120
11350.jpg,1830,1900,70
11355.jpg,1830,1890,60
11360.jpg,1830,1850,20
11365.jpg,1830,1936,106
11370.jpg,1830,1890,60
11375.jpg,1830,1850,20
11380.jpg,1830,1850,20
11385.jpg,1830,1890,60
11390.jpg,1830,1890,60
11395.jpg,1830,1850,20
11400.jpg,1831,1850,19
11405.jpg,1831,1900,69
11410.jpg,1831,1850,19
11415.jpg,1831,1890,59
11420.jpg,1831,1850,19
11425.jpg,1831,1850,19
11430.jpg,1831,1850,19
11435.jpg,1831,1890,59
11440.jpg,1831,1850,19
11445.jpg,1831,1850,19
11450.jpg,1831,1950,119
11455.jpg,1831,1850,19
11460.jpg,1831,1890,59
11465.jpg,1831,1895,64
11470.jpg,1831,1890,59
11475.jpg,1831,1850,19
11480.jpg,1831,1890,59
11485.jpg,1831,1850,19
11490.jpg,1832,1950,118
11495.jpg,1832,1850,18
11500.jpg,1832,1450,-382
11505.jpg,1832,1850,18
11510.jpg,1832,1890,58
11515.jpg,1832,1850,18
11525.jpg,1832,1900,68
11530.jpg,1832,1900,68
11535.jpg,1832,1950,118
11540.jpg,1832,1850,18
11545.jpg,1832,1900,68
11550.jpg,1832,1890,58
11555.jpg,1832,1850,18
11560.jpg,1832,1900,68
11565.jpg,1832,1850,18
11570.jpg,1832,1890,58
11575.jpg,1832,1850,18
11580.jpg,1832,1890,58
11585.jpg,1832,1900,68
11590.jpg,1832,1850,18
11595.jpg,1832,1850,18
11600.jpg,1832,1850,18
11605.jpg,1832,1850,18
11610.jpg,1832,1900,68
11615.jpg,1832,1850,18
11620.jpg,1832,1850,18
11625.jpg,1832,1850,18
11630.jpg,1832,1900,68
11635.jpg,1832,1900,68
11640.jpg,1832,1890,58
11645.jpg,1833,1850,17
11650.jpg,1833,1850,17
11655.jpg,1833,1850,17
11660.jpg,1833,1850,17
11665.jpg,1833,1850,17
11670.jpg,1833,1890,57
11675.jpg,1833,1890,57
11680.jpg,1833,1850,17
11685.jpg,1833,1850,17
11690.jpg,1833,1890,57
11695.jpg,1833,1890,57
11700.jpg,1833,1850,17
11705.jpg,1833,1950,117
11710.jpg,1833,1950,117
11715.jpg,1833,1850,17
11720.jpg,1833,1980,147
11725.jpg,1833,1890,57
11730.jpg,1833,1850,17
11735.jpg,1833,1850,17
11740.jpg,1833,1850,17
11745.jpg,1833,1850,17
11750.jpg,1833,1890,57
11755.jpg,1833,1750,-83
11760.jpg,1833,1890,57
11765.jpg,1833,1850,17
11770.jpg,1834,1880,46
11775.jpg,1834,1850,16
11780.jpg,1834,1890,56
11785.jpg,1834,1450,-384
11790.jpg,1834,1960,126
11795.jpg,1834,1850,16
11800.jpg,1834,1850,16
11805.jpg,1834,1812,-22
11810.jpg,1834,1900,66
11815.jpg,1834,1850,16
11820.jpg,1834,1850,16
11825.jpg,1834,1850,16
11830.jpg,1834,1890,56
11835.jpg,1834,1890,56
11840.jpg,1834,1890,56
11845.jpg,1834,1890,56
11850.jpg,1834,1850,16
11855.jpg,1834,1900,66
11860.jpg,1834,1950,116
11865.jpg,1834,1850,16
11870.jpg,1834,1950,116
11875.jpg,1834,1850,16
11880.jpg,1834,1850,16
11885.jpg,1834,1850,16
11890.jpg,1834,1812,-22
11895.jpg,1834,1850,16
11900.jpg,1835,1850,15
11905.jpg,1835,1900,65
11910.jpg,1835,1930,95
11915.jpg,1835,1850,15
11920.jpg,1835,1850,15
11925.jpg,1835,1890,55
11930.jpg,1835,1890,55
11935.jpg,1835,1890,55
11940.jpg,1835,1930,95
11945.jpg,1835,1850,15
11950.jpg,1835,1450,-385
11955.jpg,1835,1850,15
11960.jpg,1835,1890,55
11965.jpg,1835,1950,115
11970.jpg,1835,1850,15
11980.jpg,1835,1900,65
11985.jpg,1835,1950,115
11990.jpg,1835,1895,60
11995.jpg,1835,1890,55
12000.jpg,1835,1900,65
12005.jpg,1835,1900,65
12010.jpg,1835,1850,15
12015.jpg,1835,1850,15
12020.jpg,1835,1900,65
12025.jpg,1835,1950,115
12030.jpg,1835,1890,55
12035.jpg,1835,1850,15
12040.jpg,1835,1850,15
12045.jpg,1835,1850,15
12050.jpg,1835,1850,15
12055.jpg,1835,1890,55
12060.jpg,1835,1890,55
12065.jpg,1835,1950,115
12070.jpg,1835,1850,15
12075.jpg,1835,1900,65
12080.jpg,1835,1850,15
12085.jpg,1835,1850,15
12090.jpg,1835,1850,15
12095.jpg,1835,1850,15
12100.jpg,1835,1850,15
12105.jpg,1835,1350,-485
12110.jpg,1835,1350,-485
12115.jpg,1835,1850,15
12120.jpg,1835,1900,65
12125.jpg,1835,1900,65
12130.jpg,1836,1890,54
12135.jpg,1836,1930,94
12140.jpg,1836,1850,14
12145.jpg,1836,1900,64
12150.jpg,1836,1900,64
12155.jpg,1836,1850,14
12160.jpg,1836,1850,14
12170.jpg,1836,1850,14
12175.jpg,1836,1850,14
12180.jpg,1836,1850,14
12185.jpg,1836,1850,14
12190.jpg,1836,1850,14
12195.jpg,1836,1950,114
12200.jpg,1836,1900,64
12205.jpg,1836,1890,54
12210.jpg,1836,1890,54
12215.jpg,1836,1890,54
12220.jpg,1836,1850,14
12225.jpg,1836,1890,54
12230.jpg,1836,1895,59
12235.jpg,1836,1950,114
12240.jpg,1836,1890,54
12245.jpg,1836,1890,54
12250.jpg,1836,1890,54
12255.jpg,1836,1850,14
12260.jpg,1836,1850,14
12265.jpg,1836,1890,54
12270.jpg,1836,1850,14
12275.jpg,1836,1850,14
12280.jpg,1837,1880,43
12285.jpg,1837,1880,43
12290.jpg,1837,1890,53
12295.jpg,1837,1850,13
12300.jpg,1837,1850,13
12305.jpg,1837,1850,13
12310.jpg,1837,1890,53
12315.jpg,1837,1850,13
12320.jpg,1837,1960,123
12325.jpg,1837,1900,63
12330.jpg,1837,1900,63
12335.jpg,1837,1890,53
12340.jpg,1837,1850,13
12345.jpg,1837,1850,13
12350.jpg,1837,1950,113
12355.jpg,1837,1850,13
12360.jpg,1837,1850,13
12365.jpg,1837,1950,113
12370.jpg,1837,1890,53
12375.jpg,1837,1850,13
12380.jpg,1837,1900,63
12385.jpg,1837,1890,53
12390.jpg,1837,1890,53
12395.jpg,1837,1850,13
12400.jpg,1837,1950,113
12405.jpg,1837,1850,13
12410.jpg,1837,1850,13
12415.jpg,1837,1895,58
12420.jpg,1837,1850,13
12425.jpg,1837,1950,113
12430.jpg,1837,1850,13
12435.jpg,1837,1950,113
12440.jpg,1837,1930,93
12445.jpg,1837,1850,13
12450.jpg,1838,1890,52
12455.jpg,1838,1880,42
12460.jpg,1838,1350,-488
12465.jpg,1838,1850,12
12470.jpg,1838,1850,12
12475.jpg,1838,1920,82
12480.jpg,1838,1850,12
12485.jpg,1838,1850,12
12490.jpg,1838,1850,12
12495.jpg,1838,1850,12
12500.jpg,1838,1850,12
12505.jpg,1838,1890,52
12510.jpg,1838,1950,112
12515.jpg,1838,1950,112
12520.jpg,1838,1950,112
12525.jpg,1838,1890,52
12530.jpg,1838,1890,52
12535.jpg,1838,1890,52
12540.jpg,1838,1890,52
12545.jpg,1838,1890,52
12550.jpg,1838,1900,62
12555.jpg,1838,1900,62
12560.jpg,1838,1850,12
12565.jpg,1838,1950,112
12570.jpg,1838,1890,52
12575.jpg,1838,1850,12
12580.jpg,1838,1950,112
12585.jpg,1838,1900,62
12590.jpg,1838,1850,12
12600.jpg,1838,1950,112
12605.jpg,1838,1900,62
12610.jpg,1838,1850,12
12615.jpg,1838,1850,12
12620.jpg,1838,1850,12
12625.jpg,1839,1950,111
12630.jpg,1839,1850,11
12635.jpg,1839,1850,11
12640.jpg,1839,1930,91
12645.jpg,1839,1890,51
12650.jpg,1839,1850,11
12655.jpg,1839,1850,11
12660.jpg,1839,1850,11
12665.jpg,1839,1850,11
12670.jpg,1839,1850,11
12675.jpg,1839,1890,51
12680.jpg,1839,1850,11
12685.jpg,1839,1890,51
12690.jpg,1839,1980,141
12695.jpg,1839,1850,11
12700.jpg,1839,1850,11
12705.jpg,1839,1850,11
12710.jpg,1839,1890,51
12715.jpg,1839,1850,11
12720.jpg,1839,1850,11
12725.jpg,1839,1950,111
12730.jpg,1839,1850,11
12735.jpg,1839,1850,11
12740.jpg,1839,1850,11
12745.jpg,1839,1890,51
12750.jpg,1839,1850,11
12755.jpg,1839,1850,11
12760.jpg,1839,1890,51
12765.jpg,1839,1750,-89
12770.jpg,1839,1850,11
12775.jpg,1839,1850,11
12780.jpg,1840,1850,10
12785.jpg,1840,1950,110
12790.jpg,1840,1850,10
12795.jpg,1840,1950,110
12800.jpg,1840,1850,10
12805.jpg,1840,1850,10
12810.jpg,1840,1890,50
12815.jpg,1840,1850,10
12820.jpg,1840,1850,10
12825.jpg,1840,1850,10
12830.jpg,1840,1880,40
12835.jpg,1840,1890,50
12840.jpg,1840,1850,10
12845.jpg,1840,1850,10
12850.jpg,1840,1850,10
12860.jpg,1840,1890,50
12865.jpg,1840,1900,60
12870.jpg,1840,1950,110
12875.jpg,1840,1850,10
12880.jpg,1840,1850,10
12885.jpg,1840,1850,10
12890.jpg,1840,1850,10
12895.jpg,1840,1890,50
12900.jpg,1840,1850,10
12905.jpg,1840,1950,110
12910.jpg,1840,1950,110
12915.jpg,1840,1850,10
12920.jpg,1840,1900,60
12925.jpg,1840,1890,50
12930.jpg,1840,1890,50
12935.jpg,1840,1895,55
12940.jpg,1840,1900,60
12945.jpg,1840,1900,60
12950.jpg,1840,1850,10
12955.jpg,1840,1850,10
12960.jpg,1840,1850,10
12965.jpg,1840,1850,10
12970.jpg,1840,1850,10
12975.jpg,1840,1850,10
12980.jpg,1840,1950,110
12985.jpg,1840,1895,55
12990.jpg,1840,1850,10
12995.jpg,1840,1890,50
13005.jpg,1840,1850,10
13010.jpg,1840,1950,110
13015.jpg,1840,1890,50
13020.jpg,1840,1900,60
13025.jpg,1840,1890,50
13030.jpg,1841,1890,49
13035.jpg,1841,1850,9
13040.jpg,1841,1890,49
13045.jpg,1841,1890,49
13050.jpg,1841,1900,59
13055.jpg,1841,1350,-491
13060.jpg,1841,1850,9
13065.jpg,1841,1850,9
13070.jpg,1841,1850,9
13075.jpg,1841,1850,9
13080.jpg,1841,1890,49
13085.jpg,1841,1985,144
13090.jpg,1841,1900,59
13095.jpg,1841,1900,59
13100.jpg,1841,1850,9
13105.jpg,1841,1890,49
13110.jpg,1841,1850,9
13115.jpg,1841,1980,139
13120.jpg,1841,1990,149
13125.jpg,1841,1890,49
13130.jpg,1841,1550,-291
13135.jpg,1841,1850,9
13140.jpg,1841,1900,59
13145.jpg,1842,1880,38
13150.jpg,1842,1850,8
13155.jpg,1842,1890,48
13160.jpg,1842,1890,48
13165.jpg,1842,1850,8
13170.jpg,1842,1930,88
13175.jpg,1842,1350,-492
13180.jpg,1842,1850,8
13185.jpg,1842,1900,58
13190.jpg,1842,1850,8
13195.jpg,1842,1850,8
13200.jpg,1842,1890,48
13205.jpg,1842,1850,8
13210.jpg,1842,1900,58
13215.jpg,1842,1920,78
13220.jpg,1842,1850,8
13225.jpg,1842,1890,48
13230.jpg,1842,1900,58
13235.jpg,1842,1850,8
13240.jpg,1842,1900,58
13245.jpg,1842,1850,8
13250.jpg,1842,1890,48
13255.jpg,1842,1850,8
13260.jpg,1842,1850,8
13265.jpg,1842,1890,48
13270.jpg,1842,1890,48
13275.jpg,1842,1850,8
13280.jpg,1842,1300,-542
13285.jpg,1842,1850,8
13290.jpg,1842,1850,8
13295.jpg,1842,1900,58
13300.jpg,1843,1900,57
13305.jpg,1843,1850,7
13310.jpg,1843,1890,47
13315.jpg,1843,1900,57
13320.jpg,1843,1850,7
13325.jpg,1843,1890,47
13330.jpg,1843,1890,47
13335.jpg,1843,1950,107
13340.jpg,1843,1850,7
13345.jpg,1843,1950,107
13350.jpg,1843,1890,47
13355.jpg,1843,1890,47
13360.jpg,1843,1900,57
13365.jpg,1843,1900,57
13370.jpg,1843,1890,47
13380.jpg,1843,1850,7
13385.jpg,1843,1950,107
13390.jpg,1843,1900,57
13395.jpg,1843,1850,7
13400.jpg,1843,1900,57
13405.jpg,1843,1900,57
13410.jpg,1843,1884,41
13415.jpg,1843,1880,37
13420.jpg,1843,1850,7
13425.jpg,1843,1900,57
13430.jpg,1844,1880,36
13435.jpg,1844,1850,6
13440.jpg,1844,1850,6
13445.jpg,1844,1970,126
13450.jpg,1844,1850,6
13455.jpg,1844,1850,6
13460.jpg,1844,1890,46
13465.jpg,1844,1890,46
13470.jpg,1844,1850,6
13475.jpg,1844,1890,46
13480.jpg,1844,1890,46
13485.jpg,1844,1850,6
13490.jpg,1844,1890,46
13495.jpg,1844,1850,6
13500.jpg,1844,1850,6
13505.jpg,1844,1895,51
13510.jpg,1844,1850,6
13515.jpg,1844,1850,6
13520.jpg,1844,1850,6
13525.jpg,1844,1890,46
13530.jpg,1844,1850,6
13535.jpg,1844,1890,46
13540.jpg,1844,1350,-494
13545.jpg,1844,1900,56
13550.jpg,1844,1850,6
13555.jpg,1844,1895,51
13560.jpg,1844,1950,106
13565.jpg,1845,1880,35
13570.jpg,1845,1850,5
13575.jpg,1845,1890,45
13580.jpg,1845,1850,5
13585.jpg,1845,1850,5
13590.jpg,1845,1890,45
13595.jpg,1845,1890,45
13600.jpg,1845,1850,5
13605.jpg,1845,1850,5
13610.jpg,1845,1850,5
13615.jpg,1845,1850,5
13620.jpg,1845,1890,45
13625.jpg,1845,1890,45
13630.jpg,1845,1850,5
13635.jpg,1845,1850,5
13640.jpg,1845,1900,55
13645.jpg,1845,1890,45
13650.jpg,1845,1890,45
13655.jpg,1845,1890,45
13660.jpg,1845,1900,55
13665.jpg,1845,1890,45
13670.jpg,1845,1990,145
13675.jpg,1845,1850,5
13680.jpg,1845,1900,55
13685.jpg,1845,1950,105
13690.jpg,1845,1850,5
13695.jpg,1845,1890,45
13700.jpg,1845,1890,45
13705.jpg,1845,1850,5
13710.jpg,1845,1890,45
13720.jpg,1845,1930,85
13725.jpg,1845,1890,45
13730.jpg,1845,1950,105
13735.jpg,1845,1890,45
13740.jpg,1845,1950,105
13745.jpg,1845,1850,5
13750.jpg,1845,1850,5
13755.jpg,1845,1850,5
13760.jpg,1845,1850,5
13765.jpg,1845,1850,5
13770.jpg,1845,1850,5
13775.jpg,1845,1880,35
13780.jpg,1845,1600,-245
13785.jpg,1845,1950,105
13790.jpg,1845,1850,5
13795.jpg,1845,1900,55
13800.jpg,1845,1900,55
13805.jpg,1846,1850,4
13810.jpg,1846,1880,34
13815.jpg,1846,1890,44
13820.jpg,1846,1850,4
13825.jpg,1846,1850,4
13830.jpg,1846,1890,44
13835.jpg,1846,1880,34
13840.jpg,1846,1950,104
13845.jpg,1846,1850,4
13850.jpg,1846,1890,44
13855.jpg,1846,1900,54
13860.jpg,1846,1850,4
13865.jpg,1846,1890,44
13870.jpg,1846,1890,44
13875.jpg,1846,1890,44
13880.jpg,1846,1900,54
13885.jpg,1846,1850,4
13890.jpg,1846,1850,4
13895.jpg,1846,1850,4
13900.jpg,1846,1890,44
13905.jpg,1846,1850,4
13910.jpg,1846,1850,4
13915.jpg,1846,1850,4
13920.jpg,1846,1890,44
13925.jpg,1846,1950,104
13930.jpg,1846,1950,104
13935.jpg,1846,1900,54
13940.jpg,1847,1890,43
13945.jpg,1847,1850,3
13950.jpg,1847,1900,53
13955.jpg,1847,1850,3
13960.jpg,1847,1850,3
13965.jpg,1847,1850,3
13970.jpg,1847,1900,53
13975.jpg,1847,1850,3
13980.jpg,1847,1900,53
13985.jpg,1847,1850,3
13990.jpg,1847,1850,3
13995.jpg,1847,1850,3
14000.jpg,1847,1890,43
14005.jpg,1847,1850,3
14010.jpg,1847,1850,3
14015.jpg,1847,1890,43
14020.jpg,1847,1850,3
14030.jpg,1847,1895,48
14035.jpg,1847,1890,43
14040.jpg,1847,1895,48
14045.jpg,1847,1850,3
14050.jpg,1847,1895,48
14055.jpg,1847,1890,43
14060.jpg,1847,1950,103
14065.jpg,1847,1890,43
14070.jpg,1847,1850,3
14075.jpg,1847,1890,43
14080.jpg,1847,1900,53
14085.jpg,1847,1850,3
14090.jpg,1847,1890,43
14095.jpg,1847,1900,53
14100.jpg,1847,1900,53
14105.jpg,1847,1960,113
14110.jpg,1848,1890,42
14115.jpg,1848,1850,2
14120.jpg,1848,1900,52
14125.jpg,1848,1990,142
14130.jpg,1848,1350,-498
14135.jpg,1848,1850,2
14140.jpg,1848,1850,2
14145.jpg,1848,1850,2
14150.jpg,1848,1880,32
14155.jpg,1848,1890,42
14160.jpg,1848,1850,2
14165.jpg,1848,1850,2
14170.jpg,1848,1890,42
14175.jpg,1848,1895,47
14180.jpg,1848,1890,42
14185.jpg,1848,1850,2
14190.jpg,1848,1950,102
14195.jpg,1848,1890,42
14200.jpg,1848,1895,47
14205.jpg,1848,1895,47
14210.jpg,1848,1890,42
14215.jpg,1848,1850,2
14220.jpg,1848,1850,2
14225.jpg,1848,1850,2
14230.jpg,1848,1850,2
14235.jpg,1848,1895,47
14240.jpg,1848,1900,52
14245.jpg,1848,1850,2
14250.jpg,1848,1890,42
14255.jpg,1848,1850,2
14260.jpg,1848,1890,42
14265.jpg,1848,1890,42
14270.jpg,1848,1850,2
14275.jpg,1848,1890,42
14280.jpg,1848,1850,2
14285.jpg,1848,1890,42
14290.jpg,1848,1890,42
14295.jpg,1848,1890,42
14300.jpg,1848,1900,52
14305.jpg,1848,1900,52
14310.jpg,1848,1850,2
14315.jpg,1848,1850,2
14320.jpg,1848,1850,2
14325.jpg,1848,1890,42
14330.jpg,1848,1900,52
14335.jpg,1848,1950,102
14340.jpg,1849,1880,31
14345.jpg,1849,1850,1
14350.jpg,1849,1850,1
14355.jpg,1849,1850,1
14360.jpg,1849,1980,131
14365.jpg,1849,1900,51
14370.jpg,1849,1850,1
14375.jpg,1849,1930,81
14380.jpg,1849,1900,51
14385.jpg,1849,1850,1
14390.jpg,1849,1890,41
14395.jpg,1849,1850,1
14400.jpg,1849,1850,1
14405.jpg,1849,1950,101
14410.jpg,1849,1950,101
14415.jpg,1849,1850,1
14420.jpg,1849,1812,-37
14425.jpg,1849,1950,101
14430.jpg,1849,1900,51
14435.jpg,1849,1850,1
14440.jpg,1849,1850,1
14445.jpg,1849,1850,1
14450.jpg,1849,1850,1
14455.jpg,1849,1850,1
14460.jpg,1849,1850,1
14465.jpg,1849,1850,1
14470.jpg,1849,1900,51
14475.jpg,1849,1850,1
14480.jpg,1849,1890,41
14485.jpg,1849,1950,101
14490.jpg,1849,1620,-229
14495.jpg,1849,1850,1
14500.jpg,1849,1895,46
14505.jpg,1850,1880,30
14510.jpg,1850,1850,0
14515.jpg,1850,1950,100
14520.jpg,1850,1900,50
14525.jpg,1850,1850,0
14530.jpg,1850,1980,130
14535.jpg,1850,1850,0
14540.jpg,1850,1900,50
14545.jpg,1850,1350,-500
14550.jpg,1850,1850,0
14555.jpg,1850,1850,0
14560.jpg,1850,1920,70
14565.jpg,1850,1850,0
14570.jpg,1850,1850,0
14575.jpg,1850,1850,0
14580.jpg,1850,1930,80
14585.jpg,1850,1850,0
14590.jpg,1850,1850,0
14600.jpg,1850,1850,0
14605.jpg,1850,1890,40
14610.jpg,1850,1850,0
14615.jpg,1850,1850,0
14620.jpg,1850,1850,0
14625.jpg,1850,1850,0
14630.jpg,1850,1890,40
14635.jpg,1850,1850,0
14640.jpg,1850,1950,100
14645.jpg,1850,1900,50
14650.jpg,1850,1950,100
14655.jpg,1850,1850,0
14660.jpg,1850,1890,40
14665.jpg,1850,1895,45
14670.jpg,1850,1850,0
14675.jpg,1850,1850,0
14680.jpg,1850,1890,40
14685.jpg,1850,1950,100
14690.jpg,1850,1850,0
14695.jpg,1850,1850,0
14700.jpg,1850,1950,100
14705.jpg,1850,1850,0
14710.jpg,1850,1950,100
14715.jpg,1850,1850,0
14720.jpg,1850,1850,0
14725.jpg,1850,1850,0
14730.jpg,1850,1900,50
14735.jpg,1850,1850,0
14740.jpg,1850,1850,0
14745.jpg,1850,1890,40
14750.jpg,1850,1900,50
14755.jpg,1850,1850,0
14760.jpg,1850,1850,0
14765.jpg,1850,1900,50
14770.jpg,1850,1900,50
14775.jpg,1850,1900,50
14780.jpg,1850,1850,0
14785.jpg,1851,1890,39
14790.jpg,1851,1850,-1
14795.jpg,1851,1950,99
14800.jpg,1851,1850,-1
14805.jpg,1851,1930,79
14810.jpg,1851,1900,49
14815.jpg,1851,1890,39
14820.jpg,1851,1890,39
14825.jpg,1851,1900,49
14830.jpg,1851,1890,39
14835.jpg,1851,1850,-1
14840.jpg,1851,1890,39
14845.jpg,1851,1895,44
14850.jpg,1851,1850,-1
14855.jpg,1851,1950,99
14860.jpg,1851,1850,-1
14865.jpg,1851,1850,-1
14870.jpg,1851,1850,-1
14880.jpg,1851,1600,-251
14885.jpg,1851,1890,39
14890.jpg,1851,1850,-1
14895.jpg,1851,1850,-1
14900.jpg,1851,1850,-1
14905.jpg,1851,1920,69
14910.jpg,1851,1750,-101
14915.jpg,1851,1900,49
14920.jpg,1851,1850,-1
14925.jpg,1851,1890,39
14930.jpg,1851,1930,79
14935.jpg,1851,1850,-1
14940.jpg,1851,1830,-21
14945.jpg,1852,1890,38
14950.jpg,1852,1890,38
14955.jpg,1852,1900,48
14960.jpg,1852,1900,48
14965.jpg,1852,1850,-2
14970.jpg,1852,1890,38
14975.jpg,1852,1890,38
14980.jpg,1852,1850,-2
14985.jpg,1852,1850,-2
14990.jpg,1852,1890,38
14995.jpg,1852,1890,38
15000.jpg,1852,1900,48
15005.jpg,1852,1895,43
15010.jpg,1852,1950,98
15015.jpg,1852,1850,-2
15020.jpg,1852,1850,-2
15025.jpg,1852,1890,38
15030.jpg,1852,1895,43
15035.jpg,1852,1850,-2
15040.jpg,1852,1900,48
15045.jpg,1852,1850,-2
15050.jpg,1852,1850,-2
15055.jpg,1852,1850,-2
15060.jpg,1852,1900,48
15065.jpg,1852,1890,38
15070.jpg,1852,1890,38
15075.jpg,1852,1850,-2
15080.jpg,1852,1890,38
15085.jpg,1852,1900,48
15090.jpg,1852,1890,38
15095.jpg,1852,1890,38
15100.jpg,1852,1850,-2
15105.jpg,1852,1850,-2
15110.jpg,1852,1890,38
15115.jpg,1852,1850,-2
15120.jpg,1852,1900,48
15125.jpg,1852,1850,-2
15130.jpg,1852,1890,38
15135.jpg,1853,1880,27
15140.jpg,1853,1890,37
15145.jpg,1853,1950,97
15150.jpg,1853,1890,37
15155.jpg,1853,1850,-3
15160.jpg,1853,1850,-3
15165.jpg,1853,1900,47
15170.jpg,1853,1850,-3
15175.jpg,1853,1890,37
15180.jpg,1853,1890,37
15185.jpg,1853,1900,47
15190.jpg,1853,1850,-3
15195.jpg,1853,1850,-3
15200.jpg,1853,1850,-3
15205.jpg,1853,1930,77
15210.jpg,1853,1950,97
15215.jpg,1853,1850,-3
15220.jpg,1853,1850,-3
15225.jpg,1853,1890,37
15230.jpg,1853,1950,97
15235.jpg,1853,1890,37
15240.jpg,1853,1890,37
15245.jpg,1853,1850,-3
15250.jpg,1853,1980,127
15255.jpg,1853,1850,-3
15260.jpg,1853,1850,-3
15265.jpg,1853,1850,-3
15270.jpg,1853,1890,37
15275.jpg,1853,1890,37
15280.jpg,1853,1950,97
15285.jpg,1853,1900,47
15290.jpg,1853,1850,-3
15295.jpg,1853,1950,97
15300.jpg,1853,1890,37
15305.jpg,1853,1850,-3
15310.jpg,1853,1850,-3
15315.jpg,1853,1890,37
15320.jpg,1853,1895,42
15325.jpg,1853,1850,-3
15330.jpg,1853,1850,-3
15335.jpg,1853,1850,-3
15340.jpg,1853,1850,-3
15345.jpg,1853,1850,-3
15350.jpg,1853,1995,142
15355.jpg,1854,1900,46
15360.jpg,1854,1930,76
15365.jpg,1854,1850,-4
15370.jpg,1854,1890,36
15375.jpg,1854,1890,36
15380.jpg,1854,1850,-4
15385.jpg,1854,1850,-4
15390.jpg,1854,1900,46
15395.jpg,1854,1890,36
15400.jpg,1854,1850,-4
15405.jpg,1854,1850,-4
15410.jpg,1854,1890,36
15415.jpg,1854,1850,-4
15420.jpg,1854,1850,-4
15425.jpg,1854,1850,-4
15430.jpg,1854,1890,36
15435.jpg,1854,1990,136
15440.jpg,1854,1850,-4
15445.jpg,1854,1850,-4
15450.jpg,1855,1880,25
15455.jpg,1855,1890,35
15460.jpg,1855,1930,75
15465.jpg,1855,1850,-5
15470.jpg,1855,1850,-5
15475.jpg,1855,1930,75
15480.jpg,1855,1930,75
15485.jpg,1855,1850,-5
15490.jpg,1855,1900,45
15495.jpg,1855,1950,95
15500.jpg,1855,1850,-5
15505.jpg,1855,1850,-5
15510.jpg,1855,1890,35
15515.jpg,1855,1900,45
15520.jpg,1855,1890,35
15525.jpg,1855,1890,35
15530.jpg,1855,1895,40
15535.jpg,1855,1890,35
15540.jpg,1855,1890,35
15545.jpg,1855,1890,35
15550.jpg,1855,1890,35
15555.jpg,1855,1890,35
15560.jpg,1855,1890,35
15565.jpg,1855,1850,-5
15570.jpg,1855,1900,45
15575.jpg,1855,1850,-5
15580.jpg,1855,1950,95
15585.jpg,1855,1930,75
15590.jpg,1855,1890,35
15595.jpg,1855,1850,-5
15600.jpg,1855,1890,35
15605.jpg,1855,1950,95
15610.jpg,1855,1850,-5
15615.jpg,1855,1890,35
15620.jpg,1855,1900,45
15625.jpg,1855,1890,35
15630.jpg,1855,1850,-5
15635.jpg,1855,1850,-5
15640.jpg,1855,1900,45
15645.jpg,1855,1900,45
15650.jpg,1855,1950,95
15655.jpg,1855,1890,35
15660.jpg,1855,1895,40
15665.jpg,1855,1890,35
15670.jpg,1855,1950,95
15675.jpg,1855,1890,35
15680.jpg,1855,1900,45
15685.jpg,1855,1890,35
15690.jpg,1855,1890,35
15695.jpg,1855,1890,35
15705.jpg,1856,1880,24
15710.jpg,1856,1850,-6
15715.jpg,1856,1890,34
15720.jpg,1856,1900,44
15725.jpg,1856,1900,44
15730.jpg,1856,1890,34
15735.jpg,1856,1890,34
15740.jpg,1856,1890,34
15745.jpg,1856,1850,-6
15750.jpg,1856,1350,-506
15755.jpg,1856,1850,-6
15760.jpg,1856,1850,-6
15765.jpg,1856,1850,-6
15770.jpg,1856,1880,24
15775.jpg,1856,1880,24
15780.jpg,1856,1950,94
15785.jpg,1856,1850,-6
15795.jpg,1856,1850,-6
15800.jpg,1856,1950,94
15805.jpg,1856,1950,94
15810.jpg,1856,1895,39
15815.jpg,1856,1850,-6
15820.jpg,1856,1850,-6
15825.jpg,1856,1890,34
15830.jpg,1856,1850,-6
15835.jpg,1856,1450,-406
15840.jpg,1856,1850,-6
15845.jpg,1856,1890,34
15850.jpg,1856,1850,-6
15855.jpg,1856,1850,-6
15860.jpg,1856,1890,34
15865.jpg,1856,1890,34
15870.jpg,1856,1850,-6
15875.jpg,1856,1900,44
15880.jpg,1856,1900,44
15885.jpg,1856,1890,34
15890.jpg,1856,1850,-6
15895.jpg,1856,1900,44
15900.jpg,1856,1950,94
15905.jpg,1856,1850,-6
15910.jpg,1856,1850,-6
15915.jpg,1856,1850,-6
15920.jpg,1856,1890,34
15930.jpg,1856,1850,-6
15935.jpg,1856,1850,-6
15940.jpg,1856,1850,-6
15945.jpg,1856,1850,-6
15950.jpg,1856,1890,34
15955.jpg,1856,1890,34
15960.jpg,1856,1850,-6
15965.jpg,1856,1850,-6
15970.jpg,1856,1950,94
15975.jpg,1856,1850,-6
15980.jpg,1857,1880,23
15985.jpg,1857,1850,-7
15990.jpg,1857,1970,113
15995.jpg,1857,1850,-7
16000.jpg,1857,1890,33
16005.jpg,1857,1850,-7
16010.jpg,1857,1625,-232
16015.jpg,1857,1350,-507
16020.jpg,1857,1850,-7
16025.jpg,1857,1900,43
16030.jpg,1857,1950,93
16035.jpg,1857,1880,23
16040.jpg,1857,1990,133
16045.jpg,1857,1900,43
16050.jpg,1857,1880,23
16055.jpg,1857,1880,23
16060.jpg,1857,1850,-7
16065.jpg,1857,1850,-7
16070.jpg,1857,1890,33
16075.jpg,1857,1950,93
16080.jpg,1857,1890,33
16085.jpg,1857,1900,43
16090.jpg,1857,1895,38
16095.jpg,1857,1890,33
16100.jpg,1857,1850,-7
16105.jpg,1857,1850,-7
16110.jpg,1857,1900,43
16115.jpg,1857,1900,43
16120.jpg,1857,1850,-7
16125.jpg,1857,1890,33
16130.jpg,1857,1890,33
16135.jpg,1857,1900,43
16140.jpg,1857,1850,-7
16145.jpg,1857,1850,-7
16150.jpg,1857,1895,38
16155.jpg,1857,1850,-7
16160.jpg,1857,1890,33
16165.jpg,1857,1950,93
16170.jpg,1857,1890,33
16175.jpg,1857,1850,-7
16180.jpg,1857,1890,33
16185.jpg,1857,1950,93
16190.jpg,1857,1850,-7
16195.jpg,1857,1890,33
16200.jpg,1857,1850,-7
16205.jpg,1857,1960,103
16210.jpg,1857,1850,-7
16215.jpg,1857,1890,33
16220.jpg,1857,1850,-7
16225.jpg,1857,1890,33
16230.jpg,1857,1900,43
16235.jpg,1858,1890,32
16240.jpg,1858,1950,92
16245.jpg,1858,1850,-8
16250.jpg,1858,1890,32
16255.jpg,1858,1890,32
16260.jpg,1858,1850,-8
16265.jpg,1858,1850,-8
16270.jpg,1858,1850,-8
16275.jpg,1858,1850,-8
16280.jpg,1858,1900,42
16285.jpg,1858,1880,22
16290.jpg,1858,1890,32
16295.jpg,1858,1900,42
16300.jpg,1858,1880,22
16305.jpg,1858,1900,42
16310.jpg,1858,1890,32
16315.jpg,1858,1850,-8
16320.jpg,1858,1850,-8
16325.jpg,1858,1895,37
16330.jpg,1858,1950,92
16335.jpg,1858,1890,32
16340.jpg,1858,1850,-8
16345.jpg,1858,1930,72
16350.jpg,1858,1850,-8
16355.jpg,1858,1895,37
16360.jpg,1858,1900,42
16365.jpg,1858,1890,32
16370.jpg,1858,1850,-8
16375.jpg,1858,1895,37
16380.jpg,1858,1890,32
16385.jpg,1858,1900,42
16390.jpg,1858,1890,32
16395.jpg,1858,1850,-8
16400.jpg,1858,1850,-8
16405.jpg,1858,1950,92
16410.jpg,1858,1890,32
16415.jpg,1858,1890,32
16420.jpg,1858,1890,32
16425.jpg,1858,1890,32
16430.jpg,1858,1950,92
16435.jpg,1858,1900,42
16440.jpg,1858,1850,-8
16445.jpg,1858,1890,32
16450.jpg,1858,1350,-508
16455.jpg,1858,1900,42
16460.jpg,1858,1890,32
16465.jpg,1858,1850,-8
16470.jpg,1858,1850,-8
16475.jpg,1858,1850,-8
16480.jpg,1858,1950,92
16485.jpg,1858,1900,42
16490.jpg,1859,1883,24
16495.jpg,1859,1890,31
16505.jpg,1859,1850,-9
16510.jpg,1859,1850,-9
16515.jpg,1859,1350,-509
16520.jpg,1859,1850,-9
16525.jpg,1859,1950,91
16530.jpg,1859,1850,-9
16535.jpg,1859,1890,31
16540.jpg,1859,1850,-9
16545.jpg,1859,1850,-9
16550.jpg,1859,1850,-9
16555.jpg,1859,1880,21
16560.jpg,1859,1850,-9
16565.jpg,1859,1850,-9
16570.jpg,1859,1880,21
16575.jpg,1859,1890,31
16580.jpg,1859,1890,31
16585.jpg,1859,1850,-9
16590.jpg,1859,1850,-9
16595.jpg,1859,1895,36
16600.jpg,1859,1850,-9
16605.jpg,1859,1890,31
16610.jpg,1859,1900,41
16615.jpg,1859,1890,31
16620.jpg,1859,1850,-9
16625.jpg,1859,1950,91
16630.jpg,1859,1920,61
16635.jpg,1859,1890,31
16640.jpg,1859,1890,31
16645.jpg,1859,1350,-509
16650.jpg,1859,1890,31
16655.jpg,1859,1895,36
16660.jpg,1859,1850,-9
16665.jpg,1859,1850,-9
16670.jpg,1859,1895,36
16675.jpg,1859,1850,-9
16680.jpg,1859,1850,-9
16685.jpg,1859,1890,31
16690.jpg,1859,1859,0
16695.jpg,1859,1850,-9
16700.jpg,1859,1950,91
16705.jpg,1859,1890,31
16710.jpg,1859,1890,31
16715.jpg,1859,1880,21
16720.jpg,1859,1890,31
16725.jpg,1859,1890,31
16730.jpg,1859,1890,31
16735.jpg,1860,1850,-10
16740.jpg,1860,1890,30
16745.jpg,1860,1850,-10
16750.jpg,1860,1850,-10
16755.jpg,1860,1900,40
16760.jpg,1860,1900,40
16765.jpg,1860,1880,20
16770.jpg,1860,1850,-10
16775.jpg,1860,1850,-10
16785.jpg,1860,1600,-260
16790.jpg,1860,1890,30
16795.jpg,1860,1850,-10
16800.jpg,1860,1890,30
16805.jpg,1860,1950,90
16810.jpg,1860,1890,30
16815.jpg,1860,1900,40
16820.jpg,1860,1950,90
16825.jpg,1860,1850,-10
16830.jpg,1860,1890,30
16835.jpg,1860,1900,40
16840.jpg,1860,1850,-10
16845.jpg,1860,1925,65
16850.jpg,1860,1890,30
16855.jpg,1860,1950,90
16860.jpg,1860,1850,-10
16865.jpg,1860,1900,40
16870.jpg,1860,1850,-10
16875.jpg,1860,1890,30
16880.jpg,1860,1850,-10
16885.jpg,1860,1850,-10
16890.jpg,1860,1850,-10
16895.jpg,1860,1890,30
16900.jpg,1860,1900,40
16905.jpg,1860,1950,90
16910.jpg,1860,1890,30
16915.jpg,1860,1900,40
16920.jpg,1860,1350,-510
16925.jpg,1860,1890,30
16930.jpg,1860,1890,30
16935.jpg,1860,1850,-10
16940.jpg,1860,1890,30
16945.jpg,1860,1900,40
16950.jpg,1860,1890,30
16955.jpg,1860,1850,-10
16960.jpg,1860,1850,-10
16965.jpg,1860,1890,30
16970.jpg,1860,1950,90
16975.jpg,1860,1880,20
16980.jpg,1860,1900,40
16985.jpg,1860,1900,40
16990.jpg,1860,1450,-410
16995.jpg,1860,1850,-10
17000.jpg,1860,1850,-10
17005.jpg,1861,1900,39
17010.jpg,1861,1850,-11
17015.jpg,1861,1890,29
17025.jpg,1861,1900,39
17030.jpg,1861,1890,29
17035.jpg,1861,1890,29
17040.jpg,1861,1850,-11
17045.jpg,1861,1850,-11
17050.jpg,1861,1900,39
17055.jpg,1861,1850,-11
17060.jpg,1861,1930,69
17065.jpg,1861,1880,19
17070.jpg,1861,1850,-11
17075.jpg,1861,1890,29
17080.jpg,1861,1890,29
17085.jpg,1861,1850,-11
17090.jpg,1861,1850,-11
17095.jpg,1861,1895,34
17100.jpg,1861,1890,29
17105.jpg,1861,1850,-11
17110.jpg,1861,1890,29
17115.jpg,1861,1850,-11
17120.jpg,1861,1890,29
17125.jpg,1861,1850,-11
17130.jpg,1861,1890,29
17135.jpg,1861,1300,-561
17140.jpg,1861,1890,29
17145.jpg,1861,1895,34
17150.jpg,1861,1850,-11
17155.jpg,1861,1850,-11
17160.jpg,1861,1890,29
17165.jpg,1861,1900,39
17170.jpg,1861,1900,39
17175.jpg,1862,1850,-12
17180.jpg,1862,1890,28
17185.jpg,1862,1865,3
17190.jpg,1862,1850,-12
17195.jpg,1862,1990,128
17200.jpg,1862,1850,-12
17205.jpg,1862,1970,108
17210.jpg,1862,1850,-12
17215.jpg,1862,1850,-12
17220.jpg,1862,1950,88
17225.jpg,1862,1850,-12
17230.jpg,1862,1890,28
17235.jpg,1862,1890,28
17240.jpg,1862,1850,-12
17245.jpg,1862,1850,-12
17250.jpg,1862,1890,28
17255.jpg,1862,1850,-12
17260.jpg,1862,1850,-12
17265.jpg,1862,1850,-12
17270.jpg,1862,1850,-12
17275.jpg,1862,1950,88
17280.jpg,1862,1890,28
17285.jpg,1862,1850,-12
17290.jpg,1862,1890,28
17295.jpg,1862,1950,88
17300.jpg,1862,1890,28
17305.jpg,1862,1890,28
17310.jpg,1862,1950,88
17315.jpg,1862,1930,68
17320.jpg,1862,1890,28
17325.jpg,1863,1890,27
17330.jpg,1863,1850,-13
17340.jpg,1863,1900,37
17345.jpg,1863,1850,-13
17350.jpg,1863,1850,-13
17355.jpg,1863,1850,-13
17365.jpg,1863,1850,-13
17370.jpg,1863,1850,-13
17375.jpg,1863,1850,-13
17380.jpg,1863,1850,-13
17385.jpg,1863,1950,87
17390.jpg,1863,1890,27
17395.jpg,1863,1850,-13
17400.jpg,1863,1950,87
17405.jpg,1863,1895,32
17410.jpg,1863,1890,27
17415.jpg,1863,1890,27
17420.jpg,1863,1850,-13
17425.jpg,1863,1850,-13
17430.jpg,1863,1895,32
17435.jpg,1863,1980,117
17440.jpg,1863,1890,27
17445.jpg,1863,1890,27
17450.jpg,1863,1900,37
17455.jpg,1863,1850,-13
17460.jpg,1863,1890,27
17465.jpg,1863,1890,27
17470.jpg,1863,1850,-13
17475.jpg,1863,1850,-13
17480.jpg,1863,1850,-13
17485.jpg,1864,1890,26
17490.jpg,1864,1890,26
17495.jpg,1864,1900,36
17500.jpg,1864,1950,86
17505.jpg,1864,1900,36
17510.jpg,1864,1890,26
17515.jpg,1864,1850,-14
17520.jpg,1864,1965,101
17525.jpg,1864,1300,-564
17530.jpg,1864,1850,-14
17535.jpg,1864,1960,96
17540.jpg,1864,1850,-14
17545.jpg,1864,1880,16
17550.jpg,1864,1850,-14
17555.jpg,1864,1890,26
17560.jpg,1864,1900,36
17565.jpg,1864,1850,-14
17575.jpg,1864,1890,26
17580.jpg,1864,1850,-14
17585.jpg,1864,1895,31
17590.jpg,1864,1970,106
17595.jpg,1864,1890,26
17600.jpg,1864,1350,-514
17605.jpg,1864,1890,26
17610.jpg,1864,1890,26
17615.jpg,1864,1850,-14
17620.jpg,1864,1850,-14
17625.jpg,1864,1890,26
17630.jpg,1864,1890,26
17635.jpg,1864,1850,-14
17640.jpg,1864,1900,36
17645.jpg,1864,1890,26
17650.jpg,1864,1850,-14
17655.jpg,1864,1900,36
17660.jpg,1865,1879,14
17665.jpg,1865,1850,-15
17670.jpg,1865,1850,-15
17675.jpg,1865,1850,-15
17680.jpg,1865,1900,35
17690.jpg,1865,1900,35
17695.jpg,1865,1850,-15
17700.jpg,1865,1450,-415
17705.jpg,1865,1890,25
17710.jpg,1865,1850,-15
17715.jpg,1865,1890,25
17720.jpg,1865,1960,95
17725.jpg,1865,1880,15
17730.jpg,1865,1850,-15
17735.jpg,1865,1850,-15
17745.jpg,1865,1850,-15
17750.jpg,1865,1890,25
17755.jpg,1865,1850,-15
17760.jpg,1865,1950,85
17765.jpg,1865,1895,30
17770.jpg,1865,1850,-15
17775.jpg,1865,1890,25
17780.jpg,1865,1850,-15
17785.jpg,1865,1850,-15
17790.jpg,1865,1980,115
17795.jpg,1865,1900,35
17800.jpg,1865,1850,-15
17805.jpg,1865,1890,25
17810.jpg,1865,1890,25
17815.jpg,1865,1900,35
17820.jpg,1865,1900,35
17825.jpg,1865,1850,-15
17830.jpg,1865,1890,25
17835.jpg,1865,1850,-15
17840.jpg,1865,1950,85
17845.jpg,1865,1895,30
17850.jpg,1865,1450,-415
17855.jpg,1865,1850,-15
17860.jpg,1865,1890,25
17865.jpg,1865,1850,-15
17870.jpg,1865,1890,25
17875.jpg,1865,1850,-15
17880.jpg,1865,1850,-15
17885.jpg,1865,1950,85
17890.jpg,1865,1850,-15
17895.jpg,1865,1950,85
17900.jpg,1865,1850,-15
17905.jpg,1865,1850,-15
17910.jpg,1865,1850,-15
17915.jpg,1865,1900,35
17920.jpg,1865,1850,-15
17930.jpg,1865,1890,25
17935.jpg,1866,1890,24
17940.jpg,1866,1890,24
17945.jpg,1866,1930,64
17950.jpg,1866,1850,-16
17955.jpg,1866,1950,84
17960.jpg,1866,1850,-16
17965.jpg,1866,1900,34
17970.jpg,1866,1850,-16
17975.jpg,1866,1850,-16
17980.jpg,1866,1900,34
17985.jpg,1866,1890,24
17990.jpg,1866,1850,-16
17995.jpg,1866,1850,-16
18000.jpg,1866,1890,24
18005.jpg,1866,1890,24
18010.jpg,1866,1890,24
18015.jpg,1866,1980,114
18020.jpg,1866,1900,34
18025.jpg,1866,1890,24
18030.jpg,1866,1850,-16
18035.jpg,1866,1850,-16
18040.jpg,1866,1890,24
18045.jpg,1866,1890,24
18050.jpg,1866,1850,-16
18055.jpg,1866,1890,24
18060.jpg,1866,1890,24
18065.jpg,1866,1850,-16
18070.jpg,1866,1850,-16
18075.jpg,1866,1850,-16
18080.jpg,1866,1850,-16
18085.jpg,1866,1850,-16
18090.jpg,1866,1950,84
18095.jpg,1866,1850,-16
18100.jpg,1866,1925,59
18105.jpg,1866,1925,59
18110.jpg,1866,1890,24
18115.jpg,1866,1850,-16
18120.jpg,1866,1890,24
18125.jpg,1866,1890,24
18130.jpg,1866,1900,34
18135.jpg,1867,1850,-17
18140.jpg,1867,1890,23
18145.jpg,1867,1850,-17
18160.jpg,1867,1890,23
18165.jpg,1867,1850,-17
18170.jpg,1867,1850,-17
18175.jpg,1867,1890,23
18180.jpg,1867,1900,33
18185.jpg,1867,1850,-17
18190.jpg,1867,1900,33
18195.jpg,1867,1900,33
18200.jpg,1867,1900,33
18205.jpg,1867,1850,-17
18210.jpg,1867,1900,33
18215.jpg,1867,1850,-17
18220.jpg,1867,1890,23
18225.jpg,1867,1900,33
18230.jpg,1867,1900,33
18235.jpg,1867,1950,83
18240.jpg,1867,1850,-17
18245.jpg,1867,1895,28
18250.jpg,1867,1890,23
18255.jpg,1867,1900,33
18260.jpg,1867,1850,-17
18265.jpg,1867,1890,23
18270.jpg,1867,1450,-417
18275.jpg,1867,1850,-17
18280.jpg,1867,1900,33
18285.jpg,1867,1850,-17
18290.jpg,1867,1890,23
18295.jpg,1867,1890,23
18300.jpg,1867,1890,23
18305.jpg,1867,1890,23
18310.jpg,1867,1900,33
18315.jpg,1867,1850,-17
18320.jpg,1867,1850,-17
18325.jpg,1867,1890,23
18330.jpg,1867,1890,23
18335.jpg,1867,1890,23
18340.jpg,1867,1850,-17
18345.jpg,1867,1890,23
18350.jpg,1867,1250,-617
18355.jpg,1867,1890,23
18360.jpg,1867,1850,-17
18365.jpg,1868,1890,22
18370.jpg,1868,1850,-18
18380.jpg,1868,1890,22
18385.jpg,1868,1890,22
18390.jpg,1868,1900,32
18395.jpg,1868,1900,32
18400.jpg,1868,1890,22
18405.jpg,1868,1850,-18
18410.jpg,1868,1850,-18
18415.jpg,1868,1850,-18
18420.jpg,1868,1880,12
18425.jpg,1868,1850,-18
18430.jpg,1868,1900,32
18450.jpg,1868,1850,-18
18455.jpg,1868,1850,-18
18460.jpg,1868,1895,27
18465.jpg,1868,1895,27
18470.jpg,1868,1890,22
18475.jpg,1868,1890,22
18480.jpg,1868,1890,22
18485.jpg,1868,1890,22
18490.jpg,1868,1900,32
18495.jpg,1868,1900,32
18500.jpg,1868,1850,-18
18505.jpg,1868,1890,22
18510.jpg,1868,1890,22
18515.jpg,1868,1850,-18
18520.jpg,1868,1850,-18
18525.jpg,1868,1890,22
18530.jpg,1868,1850,-18
18535.jpg,1868,1890,22
18540.jpg,1868,1890,22
18545.jpg,1868,1895,27
18550.jpg,1868,1890,22
18555.jpg,1868,1450,-418
18560.jpg,1868,1950,82
18565.jpg,1868,1900,32
18570.jpg,1868,1895,27
18575.jpg,1868,1890,22
18580.jpg,1868,1930,62
18585.jpg,1868,1970,102
18590.jpg,1868,1900,32
18595.jpg,1868,1850,-18
18600.jpg,1868,1850,-18
18605.jpg,1868,1850,-18
18610.jpg,1868,1850,-18
18615.jpg,1868,1850,-18
18620.jpg,1869,1850,-19
18625.jpg,1869,1868,-1
18630.jpg,1869,1850,-19
18635.jpg,1869,1850,-19
18640.jpg,1869,1890,21
18645.jpg,1869,1900,31
18650.jpg,1869,1850,-19
18655.jpg,1869,1850,-19
18660.jpg,1869,1850,-19
18665.jpg,1869,1930,61
18670.jpg,1869,1880,11
18675.jpg,1869,1930,61
18680.jpg,1869,1850,-19
18685.jpg,1869,1900,31
18690.jpg,1869,1850,-19
18695.jpg,1869,1850,-19
18700.jpg,1869,1890,21
18710.jpg,1869,1900,31
18715.jpg,1869,1890,21
18720.jpg,1869,1895,26
18725.jpg,1869,1900,31
18730.jpg,1869,1890,21
18735.jpg,1869,1900,31
18740.jpg,1869,1890,21
18745.jpg,1869,1450,-419
18750.jpg,1869,1890,21
18755.jpg,1869,1850,-19
18760.jpg,1869,1890,21
18765.jpg,1869,1850,-19
18770.jpg,1869,1850,-19
18775.jpg,1869,1895,26
18780.jpg,1869,1900,31
18785.jpg,1869,1890,21
18790.jpg,1869,1895,26
18795.jpg,1869,1850,-19
18800.jpg,1869,1850,-19
18805.jpg,1869,1890,21
18810.jpg,1869,1890,21
18815.jpg,1869,1895,26
18820.jpg,1869,1930,61
18825.jpg,1869,1890,21
18830.jpg,1869,1900,31
18835.jpg,1869,1900,31
18840.jpg,1870,1880,10
18845.jpg,1870,1850,-20
18850.jpg,1870,1890,20
18855.jpg,1870,1850,-20
18860.jpg,1870,1900,30
18865.jpg,1870,1850,-20
18870.jpg,1870,1900,30
18875.jpg,1870,1900,30
18880.jpg,1870,1850,-20
18885.jpg,1870,1850,-20
18895.jpg,1870,1900,30
18900.jpg,1870,1900,30
18905.jpg,1870,1900,30
18910.jpg,1870,1850,-20
18915.jpg,1870,1850,-20
18920.jpg,1870,1900,30
18925.jpg,1870,1850,-20
18930.jpg,1870,1850,-20
18935.jpg,1870,1850,-20
18940.jpg,1870,1890,20
18945.jpg,1870,1980,110
18950.jpg,1870,1890,20
18955.jpg,1870,1900,30
18960.jpg,1870,1895,25
18965.jpg,1870,1900,30
18970.jpg,1870,1890,20
18980.jpg,1870,1895,25
18985.jpg,1870,1890,20
18990.jpg,1870,1890,20
18995.jpg,1870,1890,20
19000.jpg,1870,1950,80
19005.jpg,1870,1890,20
19010.jpg,1870,1850,-20
19015.jpg,1870,1895,25
19020.jpg,1870,1450,-420
19025.jpg,1870,1850,-20
19030.jpg,1870,1900,30
19035.jpg,1870,1890,20
19040.jpg,1870,1850,-20
19045.jpg,1870,1850,-20
19050.jpg,1870,1890,20
19055.jpg,1870,1895,25
19060.jpg,1870,1895,25
19065.jpg,1870,1900,30
19070.jpg,1870,1890,20
19075.jpg,1870,1890,20
19080.jpg,1870,1950,80
19085.jpg,1870,1880,10
19090.jpg,1870,1850,-20
19100.jpg,1870,1890,20
19105.jpg,1870,1900,30
19110.jpg,1870,1930,60
19115.jpg,1870,1900,30
19120.jpg,1870,1900,30
19125.jpg,1870,1950,80
19130.jpg,1870,1850,-20
19135.jpg,1870,1850,-20
19140.jpg,1870,1850,-20
19145.jpg,1871,1880,9
19150.jpg,1871,1890,19
19155.jpg,1871,1890,19
19160.jpg,1871,1850,-21
19165.jpg,1871,1890,19
19170.jpg,1871,1851,-20
19175.jpg,1871,1900,29
19180.jpg,1871,1900,29
19185.jpg,1871,1850,-21
19190.jpg,1871,1850,-21
19195.jpg,1871,1850,-21
19200.jpg,1871,1900,29
19205.jpg,1871,1960,89
19210.jpg,1871,1900,29
19215.jpg,1871,1930,59
19220.jpg,1871,1850,-21
19225.jpg,1871,1850,-21
19230.jpg,1871,1850,-21
19235.jpg,1871,1890,19
19240.jpg,1871,1930,59
19245.jpg,1871,1890,19
19250.jpg,1871,1890,19
19255.jpg,1871,1850,-21
19260.jpg,1871,1900,29
19265.jpg,1871,1450,-421
19270.jpg,1871,1890,19
19275.jpg,1871,1895,24
19280.jpg,1871,1900,29
19285.jpg,1871,1850,-21
19290.jpg,1871,1850,-21
19295.jpg,1871,1850,-21
19300.jpg,1871,1900,29
19305.jpg,1871,1950,79
19310.jpg,1871,1950,79
19315.jpg,1871,1890,19
19320.jpg,1871,1895,24
19325.jpg,1871,1890,19
19330.jpg,1871,1890,19
19335.jpg,1871,1895,24
19340.jpg,1871,1895,24
19345.jpg,1871,1890,19
19350.jpg,1871,1850,-21
19355.jpg,1871,1895,24
19360.jpg,1871,1900,29
19365.jpg,1871,1890,19
19370.jpg,1871,1880,9
19375.jpg,1871,1850,-21
19380.jpg,1871,1890,19
19385.jpg,1871,1890,19
19390.jpg,1871,1890,19
19395.jpg,1872,1850,-22
19400.jpg,1872,1900,28
19405.jpg,1872,1880,8
19410.jpg,1872,1850,-22
19415.jpg,1872,1850,-22
19420.jpg,1872,1850,-22
19425.jpg,1872,1950,78
19430.jpg,1872,1900,28
19435.jpg,1872,1890,18
19440.jpg,1872,1890,18
19445.jpg,1872,1900,28
19450.jpg,1872,1450,-422
19455.jpg,1872,1890,18
19460.jpg,1872,1900,28
19465.jpg,1872,1890,18
19470.jpg,1872,1890,18
19475.jpg,1872,1850,-22
19480.jpg,1872,1930,58
19485.jpg,1872,1950,78
19490.jpg,1872,1883,11
19495.jpg,1872,1850,-22
19500.jpg,1872,1880,8
19505.jpg,1872,1850,-22
19510.jpg,1872,1900,28
19515.jpg,1872,1850,-22
19520.jpg,1872,1950,78
19525.jpg,1872,1900,28
19530.jpg,1872,1890,18
19535.jpg,1872,1890,18
19540.jpg,1872,1950,78
19545.jpg,1872,1890,18
19550.jpg,1872,1890,18
19555.jpg,1872,1850,-22
19560.jpg,1872,1890,18
19565.jpg,1872,1850,-22
19570.jpg,1872,1895,23
19575.jpg,1872,1850,-22
19580.jpg,1872,1895,23
19585.jpg,1872,1450,-422
19590.jpg,1872,1850,-22
19595.jpg,1872,1950,78
19600.jpg,1872,1850,-22
19605.jpg,1872,1890,18
19610.jpg,1872,1890,18
19615.jpg,1872,1890,18
19620.jpg,1872,1850,-22
19625.jpg,1872,1900,28
19630.jpg,1872,1950,78
19635.jpg,1872,1880,8
19640.jpg,1872,1890,18
19645.jpg,1872,1850,-22
19655.jpg,1873,1880,7
19660.jpg,1873,1890,17
19665.jpg,1873,1900,27
19670.jpg,1873,1850,-23
19675.jpg,1873,1850,-23
19680.jpg,1873,1850,-23
19685.jpg,1873,1850,-23
19690.jpg,1873,1990,117
19695.jpg,1873,1890,17
19700.jpg,1873,1850,-23
19705.jpg,1873,1900,27
19710.jpg,1873,1900,27
19715.jpg,1873,1850,-23
19720.jpg,1873,1890,17
19725.jpg,1873,1900,27
19730.jpg,1873,1900,27
19735.jpg,1873,1850,-23
19740.jpg,1873,1950,77
19745.jpg,1873,1850,-23
19750.jpg,1873,1850,-23
19755.jpg,1873,1850,-23
19760.jpg,1873,1850,-23
19765.jpg,1873,1900,27
19775.jpg,1873,1890,17
19780.jpg,1873,1890,17
19785.jpg,1873,1890,17
19790.jpg,1873,1890,17
19795.jpg,1873,1890,17
19800.jpg,1873,1850,-23
19805.jpg,1873,1850,-23
19810.jpg,1873,1890,17
19815.jpg,1873,1895,22
19820.jpg,1873,1895,22
19825.jpg,1873,1900,27
19830.jpg,1873,1895,22
19835.jpg,1873,1890,17
19840.jpg,1873,1850,-23
19845.jpg,1873,1950,77
19850.jpg,1873,1890,17
19855.jpg,1873,1850,-23
19860.jpg,1873,1890,17
19865.jpg,1873,1890,17
19870.jpg,1873,1890,17
19875.jpg,1873,1920,47
19880.jpg,1873,1890,17
19885.jpg,1873,1900,27
19890.jpg,1873,1890,17
19895.jpg,1873,1950,77
19900.jpg,1873,1890,17
19905.jpg,1873,1800,-73
19910.jpg,1873,1995,122
19915.jpg,1874,1890,16
19920.jpg,1874,1890,16
19925.jpg,1874,1850,-24
19930.jpg,1874,1880,6
19935.jpg,1874,1850,-24
19945.jpg,1874,1850,-24
19950.jpg,1874,1850,-24
19955.jpg,1874,1900,26
19965.jpg,1874,1890,16
19970.jpg,1874,1850,-24
19975.jpg,1874,1850,-24
19980.jpg,1874,1890,16
19985.jpg,1874,1890,16
19990.jpg,1874,1930,56
19995.jpg,1874,1850,-24
20000.jpg,1874,1960,86
20005.jpg,1874,1950,76
20010.jpg,1874,1950,76
20015.jpg,1874,1850,-24
20020.jpg,1874,1890,16
20025.jpg,1874,1850,-24
20030.jpg,1874,1900,26
20035.jpg,1874,1930,56
20040.jpg,1874,1880,6
20045.jpg,1874,1850,-24
20050.jpg,1874,1850,-24
20055.jpg,1874,1890,16
20060.jpg,1874,1895,21
20065.jpg,1874,1890,16
20070.jpg,1874,1895,21
20075.jpg,1874,1890,16
20080.jpg,1874,1890,16
20085.jpg,1874,1890,16
20090.jpg,1874,1850,-24
20095.jpg,1874,1850,-24
20100.jpg,1874,1890,16
20110.jpg,1874,1890,16
20115.jpg,1874,1890,16
20120.jpg,1874,1895,21
20125.jpg,1874,1890,16
20130.jpg,1874,1600,-274
20135.jpg,1874,1850,-24
20145.jpg,1874,1850,-24
20150.jpg,1874,1900,26
20155.jpg,1874,1890,16
20160.jpg,1874,1890,16
20165.jpg,1874,1895,21
20170.jpg,1874,1895,21
20175.jpg,1874,1880,6
20180.jpg,1874,1850,-24
20185.jpg,1874,1850,-24
20190.jpg,1874,1850,-24
20195.jpg,1874,1890,16
20205.jpg,1874,1850,-24
20210.jpg,1875,1890,15
20215.jpg,1875,1890,15
20220.jpg,1875,1850,-25
20230.jpg,1875,1890,15
20235.jpg,1875,1300,-575
20240.jpg,1875,1850,-25
20245.jpg,1875,1850,-25
20250.jpg,1875,1900,25
20255.jpg,1875,1890,15
20260.jpg,1875,1850,-25
20265.jpg,1875,1850,-25
20270.jpg,1875,1900,25
20275.jpg,1875,1900,25
20280.jpg,1875,1900,25
20285.jpg,1875,1880,5
20295.jpg,1875,1850,-25
20300.jpg,1875,1850,-25
20305.jpg,1875,1850,-25
20310.jpg,1875,1850,-25
20315.jpg,1875,1890,15
20320.jpg,1875,1890,15
20325.jpg,1875,1890,15
20330.jpg,1875,1900,25
20335.jpg,1875,1895,20
20340.jpg,1875,1950,75
20345.jpg,1875,1890,15
20350.jpg,1875,1890,15
20355.jpg,1875,1900,25
20360.jpg,1875,1895,20
20365.jpg,1875,1895,20
20370.jpg,1875,1890,15
20375.jpg,1875,1850,-25
20380.jpg,1875,1890,15
20385.jpg,1875,1950,75
20390.jpg,1875,1890,15
20395.jpg,1875,1850,-25
20400.jpg,1875,1890,15
20405.jpg,1875,1890,15
20410.jpg,1875,1950,75
20415.jpg,1875,1970,95
20420.jpg,1875,1895,20
20425.jpg,1875,1850,-25
20430.jpg,1875,1950,75
20435.jpg,1875,1250,-625
20440.jpg,1875,1895,20
20445.jpg,1875,1850,-25
20450.jpg,1875,1890,15
20455.jpg,1875,1850,-25
20460.jpg,1875,1950,75
20465.jpg,1875,1890,15
20470.jpg,1875,1850,-25
20480.jpg,1875,1890,15
20485.jpg,1875,1900,25
20490.jpg,1875,1850,-25
20495.jpg,1875,1895,20
20500.jpg,1876,1880,4
20505.jpg,1876,1930,54
20510.jpg,1876,1850,-26
20515.jpg,1876,1850,-26
20520.jpg,1876,1900,24
20525.jpg,1876,1800,-76
20530.jpg,1876,1850,-26
20540.jpg,1876,2010,134
20545.jpg,1876,1890,14
20550.jpg,1876,1850,-26
20555.jpg,1876,1900,24
20560.jpg,1876,1850,-26
20565.jpg,1876,1890,14
20570.jpg,1876,1880,4
20575.jpg,1876,1900,24
20580.jpg,1876,1850,-26
20585.jpg,1876,1890,14
20590.jpg,1876,1850,-26
20595.jpg,1876,1895,19
20600.jpg,1876,1895,19
20605.jpg,1876,1890,14
20610.jpg,1876,1850,-26
20615.jpg,1876,1890,14
20620.jpg,1876,1900,24
20625.jpg,1876,1950,74
20630.jpg,1876,1850,-26
20635.jpg,1876,1895,19
20640.jpg,1876,1980,104
20645.jpg,1876,1890,14
20650.jpg,1876,1890,14
20655.jpg,1876,1890,14
20660.jpg,1876,1920,44
20665.jpg,1876,1890,14
20670.jpg,1876,1890,14
20675.jpg,1876,1850,-26
20680.jpg,1876,1850,-26
20685.jpg,1876,1890,14
20690.jpg,1876,1850,-26
20695.jpg,1876,1890,14
20700.jpg,1876,1850,-26
20705.jpg,1876,1890,14
20715.jpg,1876,1890,14
20720.jpg,1876,1850,-26
20725.jpg,1876,1890,14
20730.jpg,1877,1890,13
20735.jpg,1877,1850,-27
20740.jpg,1877,1900,23
20745.jpg,1877,1850,-27
20750.jpg,1877,1940,63
20755.jpg,1877,1890,13
20760.jpg,1877,1930,53
20765.jpg,1877,1450,-427
20770.jpg,1877,1900,23
20775.jpg,1877,1900,23
20780.jpg,1877,1850,-27
20785.jpg,1877,1880,3
20790.jpg,1877,1850,-27
20795.jpg,1877,1880,3
20800.jpg,1877,1890,13
20805.jpg,1877,1850,-27
20810.jpg,1877,1950,73
20815.jpg,1877,1890,13
20820.jpg,1877,1890,13
20830.jpg,1877,1890,13
20835.jpg,1877,1890,13
20840.jpg,1877,1890,13
20845.jpg,1877,1900,23
20850.jpg,1877,1890,13
20855.jpg,1877,1890,13
20860.jpg,1877,1890,13
20865.jpg,1877,1890,13
20870.jpg,1877,1900,23
20875.jpg,1877,1890,13
20880.jpg,1877,1850,-27
20885.jpg,1877,1895,18
20890.jpg,1877,1850,-27
20895.jpg,1877,1890,13
20900.jpg,1877,1890,13
20905.jpg,1877,1895,18
20910.jpg,1877,1890,13
20915.jpg,1877,1890,13
20925.jpg,1878,1890,12
20930.jpg,1878,1950,72
20935.jpg,1878,1890,12
20940.jpg,1878,1900,22
20945.jpg,1878,1950,72
20950.jpg,1878,1890,12
20955.jpg,1878,1890,12
20960.jpg,1878,1600,-278
20965.jpg,1878,1970,92
20970.jpg,1878,1950,72
20975.jpg,1878,1850,-28
20980.jpg,1878,1850,-28
20985.jpg,1878,1850,-28
20990.jpg,1878,1890,12
20995.jpg,1878,1850,-28
21000.jpg,1878,1890,12
21005.jpg,1878,1890,12
21010.jpg,1878,1890,12
21015.jpg,1878,1950,72
21020.jpg,1878,1850,-28
21025.jpg,1878,1895,17
21030.jpg,1878,1900,22
21035.jpg,1878,1850,-28
21040.jpg,1878,1890,12
21045.jpg,1878,1850,-28
21050.jpg,1878,1900,22
21055.jpg,1878,1890,12
21060.jpg,1878,1850,-28
21065.jpg,1878,1895,17
21070.jpg,1878,1900,22
21075.jpg,1878,1890,12
21080.jpg,1878,1895,17
21085.jpg,1878,1890,12
21090.jpg,1878,1900,22
21095.jpg,1878,1895,17
21100.jpg,1878,1895,17
21105.jpg,1878,1900,22
21110.jpg,1878,1895,17
21115.jpg,1878,1890,12
21120.jpg,1878,1925,47
21125.jpg,1878,2015,137
21130.jpg,1878,1900,22
21135.jpg,1878,1900,22
21140.jpg,1878,1850,-28
21145.jpg,1878,1890,12
21150.jpg,1878,1890,12
21155.jpg,1878,1900,22
21160.jpg,1879,1970,91
21165.jpg,1879,1890,11
21170.jpg,1879,1890,11
21175.jpg,1879,1900,21
21180.jpg,1879,1850,-29
21185.jpg,1879,1930,51
21190.jpg,1879,1890,11
21195.jpg,1879,1890,11
21200.jpg,1879,1850,-29
21205.jpg,1879,1920,41
21210.jpg,1879,1950,71
21215.jpg,1879,1850,-29
21220.jpg,1879,1880,1
21225.jpg,1879,1950,71
21230.jpg,1879,1850,-29
21235.jpg,1879,1850,-29
21240.jpg,1879,1850,-29
21245.jpg,1879,1890,11
21250.jpg,1879,1890,11
21255.jpg,1879,1895,16
21260.jpg,1879,1895,16
21265.jpg,1879,1890,11
21270.jpg,1879,1890,11
21275.jpg,1879,1890,11
21280.jpg,1879,1850,-29
21285.jpg,1879,1850,-29
21290.jpg,1879,1895,16
21295.jpg,1879,1890,11
21300.jpg,1879,1890,11
21305.jpg,1879,1890,11
21310.jpg,1879,1890,11
21315.jpg,1879,1890,11
21320.jpg,1879,1900,21
21325.jpg,1879,1890,11
21330.jpg,1879,1950,71
21335.jpg,1879,1890,11
21340.jpg,1879,1850,-29
21350.jpg,1879,1850,-29
21355.jpg,1879,1900,21
21360.jpg,1879,1950,71
21365.jpg,1879,1950,71
21370.jpg,1879,1880,1
21375.jpg,1880,1850,-30
21380.jpg,1880,1890,10
21385.jpg,1880,1900,20
21390.jpg,1880,1890,10
21395.jpg,1880,1895,15
21400.jpg,1880,1890,10
21405.jpg,1880,1890,10
21410.jpg,1880,1850,-30
21415.jpg,1880,1890,10
21420.jpg,1880,1890,10
21425.jpg,1880,1890,10
21430.jpg,1880,1850,-30
21435.jpg,1880,1890,10
21440.jpg,1880,1890,10
21445.jpg,1880,1850,-30
21450.jpg,1880,1850,-30
21455.jpg,1880,1890,10
21460.jpg,1880,1850,-30
21465.jpg,1880,1850,-30
21470.jpg,1880,1850,-30
21475.jpg,1880,1850,-30
21480.jpg,1880,1900,20
21485.jpg,1880,1900,20
21490.jpg,1880,1850,-30
21495.jpg,1880,1850,-30
21500.jpg,1880,1850,-30
21505.jpg,1880,1890,10
21510.jpg,1880,1950,70
21515.jpg,1880,1895,15
21520.jpg,1880,1850,-30
21530.jpg,1880,1950,70
21535.jpg,1880,1900,20
21540.jpg,1880,1895,15
21545.jpg,1880,1890,10
21550.jpg,1880,1895,15
21555.jpg,1880,1890,10
21560.jpg,1880,1950,70
21565.jpg,1880,1850,-30
21570.jpg,1880,1850,-30
21575.jpg,1880,1950,70
21580.jpg,1880,1890,10
21585.jpg,1880,1900,20
21590.jpg,1880,1950,70
21595.jpg,1880,1890,10
21600.jpg,1880,1950,70
21605.jpg,1880,1920,40
21610.jpg,1880,1895,15
21615.jpg,1880,1895,15
21620.jpg,1880,1890,10
21625.jpg,1880,1890,10
21630.jpg,1880,1895,15
21635.jpg,1880,1850,-30
21640.jpg,1880,1895,15
21645.jpg,1880,1900,20
21650.jpg,1880,1850,-30
21655.jpg,1880,1900,20
21660.jpg,1880,1850,-30
21665.jpg,1880,1890,10
21670.jpg,1880,1890,10
21675.jpg,1880,1890,10
21680.jpg,1880,1900,20
21685.jpg,1880,1850,-30
21690.jpg,1880,1900,20
21695.jpg,1880,1850,-30
21700.jpg,1880,1890,10
21705.jpg,1880,1850,-30
21710.jpg,1881,1890,9
21715.jpg,1881,1900,19
21720.jpg,1881,1950,69
21725.jpg,1881,1890,9
21730.jpg,1881,1850,-31
21735.jpg,1881,1960,79
21740.jpg,1881,1900,19
21745.jpg,1881,1900,19
21750.jpg,1881,1900,19
21755.jpg,1881,1950,69
21760.jpg,1881,1900,19
21770.jpg,1881,1850,-31
21775.jpg,1881,1930,49
21780.jpg,1881,1890,9
21785.jpg,1881,1900,19
21790.jpg,1881,1890,9
21795.jpg,1881,1850,-31
21800.jpg,1881,1895,14
21805.jpg,1881,1450,-431
21810.jpg,1881,1900,19
21815.jpg,1881,1895,14
21820.jpg,1881,1850,-31
21825.jpg,1881,1895,14
21830.jpg,1881,1890,9
21835.jpg,1881,1890,9
21840.jpg,1881,1895,14
21845.jpg,1881,1950,69
21850.jpg,1881,1550,-331
21855.jpg,1881,1895,14
21860.jpg,1881,1850,-31
21865.jpg,1881,1890,9
21870.jpg,1881,1850,-31
21875.jpg,1881,1890,9
21880.jpg,1881,1890,9
21885.jpg,1881,1850,-31
21890.jpg,1881,1900,19
21895.jpg,1881,1890,9
21900.jpg,1881,1895,14
21905.jpg,1881,1950,69
21910.jpg,1881,1890,9
21915.jpg,1881,1890,9
21920.jpg,1881,1890,9
21925.jpg,1881,1950,69
21930.jpg,1881,1850,-31
21940.jpg,1881,1850,-31
21945.jpg,1882,1880,-2
21950.jpg,1882,1950,68
21955.jpg,1882,1890,8
21960.jpg,1882,1895,13
21965.jpg,1882,1920,38
21970.jpg,1882,1900,18
21975.jpg,1882,1890,8
21980.jpg,1882,1900,18
21985.jpg,1882,1950,68
21990.jpg,1882,1890,8
21995.jpg,1882,1890,8
22000.jpg,1882,1890,8
22005.jpg,1882,1850,-32
22010.jpg,1882,1900,18
22015.jpg,1882,1900,18
22020.jpg,1882,1900,18
22025.jpg,1882,1890,8
22030.jpg,1882,1890,8
22035.jpg,1882,1850,-32
22040.jpg,1882,1890,8
22045.jpg,1882,1895,13
22050.jpg,1882,1900,18
22055.jpg,1882,1890,8
22060.jpg,1882,1890,8
22065.jpg,1882,1850,-32
22070.jpg,1882,1950,68
22075.jpg,1882,1890,8
22080.jpg,1882,1895,13
22085.jpg,1882,1895,13
22090.jpg,1882,1895,13
22095.jpg,1882,1895,13
22100.jpg,1882,1925,43
22105.jpg,1882,1895,13
22110.jpg,1882,1890,8
22115.jpg,1882,1895,13
22120.jpg,1882,1890,8
22125.jpg,1882,1890,8
22130.jpg,1882,1895,13
22135.jpg,1882,1890,8
22140.jpg,1882,1600,-282
22145.jpg,1882,1950,68
22150.jpg,1882,1850,-32
22155.jpg,1882,2005,123
22160.jpg,1882,1890,8
22165.jpg,1882,1920,38
22170.jpg,1882,1890,8
22175.jpg,1882,1880,-2
22180.jpg,1882,1900,18
22185.jpg,1882,1850,-32
22190.jpg,1882,1950,68
22195.jpg,1882,1850,-32
22200.jpg,1882,1900,18
22205.jpg,1882,1890,8
22210.jpg,1882,1890,8
22215.jpg,1883,1850,-33
22220.jpg,1883,1920,37
22225.jpg,1883,1900,17
22230.jpg,1883,1890,7
22235.jpg,1883,1850,-33
22240.jpg,1883,1890,7
22245.jpg,1883,1890,7
22250.jpg,1883,1890,7
22255.jpg,1883,1900,17
22260.jpg,1883,1890,7
22265.jpg,1883,1890,7
22270.jpg,1883,1950,67
22275.jpg,1883,1890,7
22280.jpg,1883,1850,-33
22285.jpg,1883,1850,-33
22290.jpg,1883,1850,-33
22295.jpg,1883,1900,17
22300.jpg,1883,1880,-3
22305.jpg,1883,1850,-33
22310.jpg,1883,1850,-33
22315.jpg,1883,1900,17
22320.jpg,1883,1900,17
22325.jpg,1883,1895,12
22330.jpg,1883,1890,7
22335.jpg,1883,1895,12
22340.jpg,1883,1950,67
22345.jpg,1883,1895,12
22350.jpg,1883,1890,7
22355.jpg,1883,1890,7
22360.jpg,1883,1890,7
22365.jpg,1883,1850,-33
22370.jpg,1883,1890,7
22375.jpg,1883,1895,12
22380.jpg,1883,1900,17
22385.jpg,1883,1950,67
22390.jpg,1883,1930,47
22395.jpg,1883,1895,12
22400.jpg,1883,1890,7
22405.jpg,1883,1890,7
22410.jpg,1883,1895,12
22415.jpg,1883,1890,7
22420.jpg,1883,1850,-33
22425.jpg,1883,1890,7
22430.jpg,1883,1890,7
22435.jpg,1883,1895,12
22440.jpg,1883,1890,7
22445.jpg,1883,1890,7
22450.jpg,1883,1890,7
22455.jpg,1883,1890,7
22460.jpg,1883,1930,47
22465.jpg,1883,1890,7
22470.jpg,1883,1890,7
22475.jpg,1883,1890,7
22485.jpg,1883,1900,17
22490.jpg,1883,1930,47
22495.jpg,1883,1890,7
22500.jpg,1883,1990,107
22505.jpg,1883,1890,7
22510.jpg,1884,1890,6
22515.jpg,1884,1880,-4
22520.jpg,1884,1900,16
22525.jpg,1884,1890,6
22530.jpg,1884,1850,-34
22535.jpg,1884,1950,66
22540.jpg,1884,1850,-34
22545.jpg,1884,1890,6
22550.jpg,1884,1890,6
22555.jpg,1884,1900,16
22560.jpg,1884,1930,46
22565.jpg,1884,1850,-34
22570.jpg,1884,1850,-34
22575.jpg,1884,1880,-4
22580.jpg,1884,1950,66
22585.jpg,1884,1890,6
22590.jpg,1884,1895,11
22595.jpg,1884,1850,-34
22600.jpg,1884,1890,6
22605.jpg,1884,1890,6
22610.jpg,1884,1895,11
22615.jpg,1884,1895,11
22620.jpg,1884,1895,11
22625.jpg,1884,1890,6
22630.jpg,1884,1890,6
22635.jpg,1884,1890,6
22640.jpg,1884,1890,6
22645.jpg,1884,1890,6
22650.jpg,1884,1895,11
22655.jpg,1884,1850,-34
22665.jpg,1884,1980,96
22670.jpg,1884,1890,6
22675.jpg,1884,1900,16
22680.jpg,1884,1990,106
22685.jpg,1884,1890,6
22690.jpg,1884,1895,11
22695.jpg,1884,1890,6
22700.jpg,1884,1890,6
22705.jpg,1884,1895,11
22710.jpg,1884,1850,-34
22715.jpg,1884,1890,6
22720.jpg,1884,1890,6
22730.jpg,1884,1850,-34
22735.jpg,1884,1850,-34
22740.jpg,1884,1960,76
22745.jpg,1884,1890,6
22750.jpg,1884,1890,6
22755.jpg,1884,1890,6
22760.jpg,1884,1950,66
22765.jpg,1884,1850,-34
22770.jpg,1884,1890,6
22775.jpg,1884,1890,6
22780.jpg,1885,1890,5
22785.jpg,1885,1900,15
22790.jpg,1885,1900,15
22795.jpg,1885,1850,-35
22800.jpg,1885,1890,5
22805.jpg,1885,1890,5
22810.jpg,1885,1890,5
22815.jpg,1885,1890,5
22820.jpg,1885,1890,5
22825.jpg,1885,1960,75
22830.jpg,1885,1850,-35
22835.jpg,1885,1930,45
22840.jpg,1885,1880,-5
22850.jpg,1885,1950,65
22855.jpg,1885,1930,45
22860.jpg,1885,1895,10
22865.jpg,1885,1900,15
22870.jpg,1885,1890,5
22875.jpg,1885,1890,5
22880.jpg,1885,1890,5
22885.jpg,1885,1900,15
22890.jpg,1885,1930,45
22895.jpg,1885,1890,5
22900.jpg,1885,1950,65
22905.jpg,1885,1900,15
22910.jpg,1885,1850,-35
22915.jpg,1885,1890,5
22920.jpg,1885,1450,-435
22925.jpg,1885,1890,5
22930.jpg,1885,1890,5
22935.jpg,1885,1890,5
22940.jpg,1885,1900,15
22945.jpg,1885,1890,5
22950.jpg,1885,1950,65
22955.jpg,1885,1890,5
22960.jpg,1885,1980,95
22965.jpg,1885,1920,35
22970.jpg,1885,1895,10
22975.jpg,1885,1890,5
22980.jpg,1885,1950,65
22985.jpg,1885,1850,-35
22990.jpg,1885,1980,95
22995.jpg,1885,1895,10
23000.jpg,1885,1850,-35
23005.jpg,1885,1900,15
23015.jpg,1885,1850,-35
23020.jpg,1885,1890,5
23025.jpg,1885,1850,-35
23030.jpg,1885,1950,65
23035.jpg,1885,1890,5
23040.jpg,1885,1890,5
23045.jpg,1885,1850,-35
23050.jpg,1885,1950,65
23055.jpg,1885,1900,15
23060.jpg,1885,1890,5
23065.jpg,1885,1900,15
23070.jpg,1885,1890,5
23075.jpg,1885,1890,5
23080.jpg,1885,1900,15
23085.jpg,1886,1850,-36
23090.jpg,1886,1890,4
23095.jpg,1886,1850,-36
23100.jpg,1886,1890,4
23105.jpg,1886,1930,44
23110.jpg,1886,1900,14
23115.jpg,1886,1950,64
23120.jpg,1886,1850,-36
23125.jpg,1886,1900,14
23130.jpg,1886,1960,74
23135.jpg,1886,1960,74
23140.jpg,1886,1990,104
23145.jpg,1886,1850,-36
23150.jpg,1886,1850,-36
23155.jpg,1886,1900,14
23160.jpg,1886,1930,44
23165.jpg,1886,1950,64
23170.jpg,1886,1890,4
23175.jpg,1886,1850,-36
23180.jpg,1886,1895,9
23185.jpg,1886,1900,14
23190.jpg,1886,1880,-6
23195.jpg,1886,1900,14
23200.jpg,1886,1900,14
23205.jpg,1886,1890,4
23210.jpg,1886,1895,9
23215.jpg,1886,1890,4
23220.jpg,1886,1895,9
23225.jpg,1886,1890,4
23230.jpg,1886,1895,9
23235.jpg,1886,1895,9
23240.jpg,1886,1920,34
23245.jpg,1886,1890,4
23250.jpg,1886,1930,44
23255.jpg,1886,1850,-36
23260.jpg,1886,1900,14
23265.jpg,1886,1950,64
23275.jpg,1886,1900,14
23280.jpg,1886,1900,14
23285.jpg,1886,1890,4
23290.jpg,1886,1980,94
23295.jpg,1886,1920,34
23300.jpg,1886,1900,14
23305.jpg,1886,1850,-36
23310.jpg,1886,1850,-36
23315.jpg,1886,1895,9
23320.jpg,1886,1890,4
23325.jpg,1886,1930,44
23330.jpg,1886,1900,14
23335.jpg,1886,1890,4
23340.jpg,1886,1900,14
23345.jpg,1886,1890,4
23350.jpg,1886,1890,4
23355.jpg,1886,1900,14
23365.jpg,1886,1990,104
23370.jpg,1886,1890,4
23375.jpg,1887,1930,43
23380.jpg,1887,1940,53
23385.jpg,1887,1950,63
23390.jpg,1887,1890,3
23395.jpg,1887,1890,3
23400.jpg,1887,1890,3
23410.jpg,1887,1850,-37
23415.jpg,1887,1890,3
23420.jpg,1887,1890,3
23425.jpg,1887,1900,13
23430.jpg,1887,1900,13
23440.jpg,1887,1930,43
23445.jpg,1887,1880,-7
23450.jpg,1887,1850,-37
23460.jpg,1887,1850,-37
23465.jpg,1887,1850,-37
23470.jpg,1887,1900,13
23475.jpg,1887,1950,63
23480.jpg,1887,1895,8
23485.jpg,1887,1895,8
23490.jpg,1887,1850,-37
23495.jpg,1887,1895,8
23500.jpg,1887,1900,13
23505.jpg,1887,1900,13
23510.jpg,1887,1895,8
23515.jpg,1887,1890,3
23520.jpg,1887,1895,8
23525.jpg,1887,1900,13
23535.jpg,1887,1890,3
23540.jpg,1887,1895,8
23545.jpg,1887,1890,3
23550.jpg,1887,1890,3
23555.jpg,1887,1950,63
23560.jpg,1887,1950,63
23565.jpg,1887,1895,8
23570.jpg,1887,1550,-337
23575.jpg,1887,1900,13
23580.jpg,1887,1895,8
23585.jpg,1887,1895,8
23590.jpg,1887,1985,98
23595.jpg,1887,1890,3
23600.jpg,1887,1890,3
23605.jpg,1887,1895,8
23610.jpg,1887,1890,3
23615.jpg,1887,1900,13
23620.jpg,1887,1900,13
23625.jpg,1887,1890,3
23630.jpg,1887,1900,13
23635.jpg,1887,1900,13
23640.jpg,1887,1900,13
23645.jpg,1887,1890,3
23650.jpg,1887,1450,-437
23660.jpg,1887,1890,3
23665.jpg,1887,1900,13
23670.jpg,1887,1850,-37
23675.jpg,1887,1900,13
23680.jpg,1887,1950,63
23690.jpg,1887,1890,3
23695.jpg,1887,1900,13
23700.jpg,1888,1880,-8
23705.jpg,1888,1900,12
23710.jpg,1888,1900,12
23715.jpg,1888,1850,-38
23720.jpg,1888,1900,12
23725.jpg,1888,1890,2
23730.jpg,1888,1890,2
23735.jpg,1888,1890,2
23740.jpg,1888,1900,12
23745.jpg,1888,1350,-538
23750.jpg,1888,1900,12
23755.jpg,1888,1900,12
23760.jpg,1888,1850,-38
23765.jpg,1888,1950,62
23770.jpg,1888,1850,-38
23775.jpg,1888,1950,62
23790.jpg,1888,1895,7
23795.jpg,1888,1900,12
23800.jpg,1888,1890,2
23805.jpg,1888,1895,7
23810.jpg,1888,1890,2
23815.jpg,1888,1890,2
23820.jpg,1888,1850,-38
23825.jpg,1888,1920,32
23830.jpg,1888,1890,2
23835.jpg,1888,1895,7
23840.jpg,1888,1890,2
23850.jpg,1888,1895,7
23855.jpg,1888,1890,2
23860.jpg,1888,1895,7
23865.jpg,1888,1850,-38
23870.jpg,1888,1850,-38
23875.jpg,1888,1900,12
23880.jpg,1888,1900,12
23885.jpg,1888,1895,7
23890.jpg,1888,1890,2
23895.jpg,1888,1895,7
23900.jpg,1888,1900,12
23905.jpg,1888,1890,2
23910.jpg,1888,1890,2
23915.jpg,1888,1950,62
23920.jpg,1888,1895,7
23925.jpg,1888,1890,2
23930.jpg,1888,1895,7
23935.jpg,1888,1850,-38
23940.jpg,1888,1890,2
23945.jpg,1888,1890,2
23950.jpg,1888,1890,2
23955.jpg,1888,1890,2
23960.jpg,1888,1950,62
23965.jpg,1888,1890,2
23970.jpg,1888,1850,-38
23975.jpg,1888,1890,2
23980.jpg,1888,1890,2
23985.jpg,1888,1900,12
23990.jpg,1888,1882,-6
23995.jpg,1888,1450,-438
24000.jpg,1888,1895,7
24005.jpg,1888,1900,12
24010.jpg,1888,1890,2
24015.jpg,1888,1950,62
24020.jpg,1888,1900,12
24025.jpg,1888,1890,2
24030.jpg,1888,1890,2
24035.jpg,1888,1850,-38
24040.jpg,1888,1950,62
24050.jpg,1889,1890,1
24055.jpg,1889,1850,-39
24060.jpg,1889,1850,-39
24065.jpg,1889,1890,1
24070.jpg,1889,1850,-39
24075.jpg,1889,1880,-9
24080.jpg,1889,1900,11
24085.jpg,1889,1900,11
24090.jpg,1889,1890,1
24095.jpg,1889,1890,1
24105.jpg,1889,1900,11
24110.jpg,1889,1890,1
24115.jpg,1889,1880,-9
24120.jpg,1889,1850,-39
24125.jpg,1889,1900,11
24130.jpg,1889,1850,-39
24135.jpg,1889,1850,-39
24140.jpg,1889,1850,-39
24145.jpg,1889,1890,1
24150.jpg,1889,1900,11
24155.jpg,1889,1850,-39
24160.jpg,1889,1890,1
24165.jpg,1889,1900,11
24170.jpg,1889,1890,1
24175.jpg,1889,1930,41
24180.jpg,1889,1890,1
24185.jpg,1889,1890,1
24190.jpg,1889,1890,1
24195.jpg,1889,1890,1
24200.jpg,1889,1950,61
24205.jpg,1889,1900,11
24210.jpg,1889,1890,1
24215.jpg,1889,1890,1
24220.jpg,1889,1895,6
24225.jpg,1889,1890,1
24230.jpg,1889,1895,6
24235.jpg,1889,1890,1
24240.jpg,1889,1890,1
24245.jpg,1889,1950,61
24250.jpg,1889,1890,1
24255.jpg,1889,1880,-9
24260.jpg,1889,1900,11
24265.jpg,1889,1895,6
24270.jpg,1889,1890,1
24275.jpg,1889,1890,1
24280.jpg,1889,1900,11
24285.jpg,1889,1900,11
24290.jpg,1889,1890,1
24295.jpg,1889,1890,1
24300.jpg,1889,1895,6
24310.jpg,1889,1890,1
24315.jpg,1889,1850,-39
24320.jpg,1889,1450,-439
24330.jpg,1889,1850,-39
24335.jpg,1889,1930,41
24340.jpg,1889,1950,61
24345.jpg,1889,1895,6
24350.jpg,1889,1880,-9
24355.jpg,1889,1895,6
24360.jpg,1889,1900,11
24365.jpg,1889,1890,1
24370.jpg,1889,1890,1
24375.jpg,1889,1850,-39
24380.jpg,1889,1900,11
24385.jpg,1889,1890,1
24390.jpg,1889,1890,1
24395.jpg,1890,1850,-40
24400.jpg,1890,1890,0
24405.jpg,1890,1900,10
24410.jpg,1890,1890,0
24415.jpg,1890,1890,0
24420.jpg,1890,1850,-40
24425.jpg,1890,1890,0
24430.jpg,1890,1890,0
24435.jpg,1890,1895,5
24440.jpg,1890,1900,10
24445.jpg,1890,1950,60
24450.jpg,1890,1890,0
24455.jpg,1890,1890,0
24460.jpg,1890,1900,10
24465.jpg,1890,1900,10
24470.jpg,1890,1950,60
24475.jpg,1890,1850,-40
24480.jpg,1890,1880,-10
24485.jpg,1890,1850,-40
24490.jpg,1890,1900,10
24495.jpg,1890,1850,-40
24500.jpg,1890,1850,-40
24505.jpg,1890,1900,10
24510.jpg,1890,1930,40
24515.jpg,1890,1900,10
24520.jpg,1890,1850,-40
24525.jpg,1890,1950,60
24535.jpg,1890,1920,30
24540.jpg,1890,1895,5
24545.jpg,1890,1950,60
24550.jpg,1890,1895,5
24555.jpg,1890,1900,10
24560.jpg,1890,1890,0
24565.jpg,1890,1900,10
24570.jpg,1890,1890,0
24575.jpg,1890,1890,0
24580.jpg,1890,1900,10
24585.jpg,1890,1890,0
24590.jpg,1890,1895,5
24595.jpg,1890,1890,0
24600.jpg,1890,1890,0
24605.jpg,1890,1890,0
24610.jpg,1890,1900,10
24615.jpg,1890,1895,5
24620.jpg,1890,1950,60
24625.jpg,1890,1890,0
24630.jpg,1890,1895,5
24635.jpg,1890,1890,0
24640.jpg,1890,1850,-40
24645.jpg,1890,1895,5
24650.jpg,1890,1890,0
24655.jpg,1890,1890,0
24660.jpg,1890,1895,5
24665.jpg,1890,1900,10
24670.jpg,1890,1900,10
24675.jpg,1890,1890,0
24680.jpg,1890,1890,0
24685.jpg,1890,1890,0
24690.jpg,1890,1890,0
24695.jpg,1890,1900,10
24700.jpg,1890,1900,10
24705.jpg,1890,1900,10
24710.jpg,1890,1950,60
24715.jpg,1890,1890,0
24720.jpg,1890,1890,0
24725.jpg,1890,1850,-40
24730.jpg,1890,1850,-40
24735.jpg,1890,1920,30
24740.jpg,1890,1920,30
24745.jpg,1890,1890,0
24750.jpg,1890,1800,-90
24755.jpg,1890,1900,10
24760.jpg,1890,1900,10
24765.jpg,1890,1950,60
24770.jpg,1890,1900,10
24775.jpg,1891,1850,-41
24780.jpg,1891,1920,29
24785.jpg,1891,1890,-1
24790.jpg,1891,1890,-1
24795.jpg,1891,1890,-1
24800.jpg,1891,1890,-1
24805.jpg,1891,1890,-1
24810.jpg,1891,1890,-1
24815.jpg,1891,1980,89
24820.jpg,1891,1900,9
24825.jpg,1891,1890,-1
24830.jpg,1891,1895,4
24835.jpg,1891,1900,9
24840.jpg,1891,1900,9
24845.jpg,1891,1920,29
24850.jpg,1891,1930,39
24855.jpg,1891,1990,99
24860.jpg,1891,1880,-11
24865.jpg,1891,1850,-41
24870.jpg,1891,1900,9
24875.jpg,1891,1850,-41
24880.jpg,1891,1920,29
24885.jpg,1891,1895,4
24890.jpg,1891,1890,-1
24895.jpg,1891,1900,9
24900.jpg,1891,1890,-1
24905.jpg,1891,1890,-1
24910.jpg,1891,1900,9
24915.jpg,1891,1890,-1
24920.jpg,1891,1950,59
24925.jpg,1891,1895,4
24930.jpg,1891,1850,-41
24935.jpg,1891,1895,4
24940.jpg,1891,1890,-1
24945.jpg,1891,1450,-441
24950.jpg,1891,1950,59
24955.jpg,1891,1890,-1
24960.jpg,1891,1890,-1
24965.jpg,1891,1950,59
24970.jpg,1891,1895,4
24975.jpg,1891,1890,-1
24980.jpg,1891,1900,9
24985.jpg,1891,1890,-1
24990.jpg,1891,1895,4
24995.jpg,1891,1890,-1
25000.jpg,1891,1890,-1
25005.jpg,1891,1890,-1
25010.jpg,1891,1890,-1
25015.jpg,1891,1900,9
25020.jpg,1891,1850,-41
25025.jpg,1891,1950,59
25030.jpg,1891,1900,9
25035.jpg,1891,1200,-691
25040.jpg,1891,1890,-1
25045.jpg,1891,1890,-1
25050.jpg,1891,1900,9
25055.jpg,1891,1895,4
25060.jpg,1891,1900,9
25065.jpg,1891,1950,59
25070.jpg,1891,1900,9
25075.jpg,1891,1890,-1
25080.jpg,1891,1890,-1
25085.jpg,1891,1890,-1
25090.jpg,1891,1950,59
25095.jpg,1892,1890,-2
25100.jpg,1892,1990,98
25105.jpg,1892,1970,78
25115.jpg,1892,1950,58
25120.jpg,1892,1850,-42
25125.jpg,1892,1850,-42
25130.jpg,1892,1850,-42
25135.jpg,1892,1890,-2
25140.jpg,1892,1850,-42
25145.jpg,1892,1890,-2
25150.jpg,1892,1925,33
25155.jpg,1892,1890,-2
25160.jpg,1892,1970,78
25165.jpg,1892,1950,58
25170.jpg,1892,1900,8
25175.jpg,1892,1920,28
25180.jpg,1892,1980,88
25185.jpg,1892,1850,-42
25190.jpg,1892,1850,-42
25195.jpg,1892,1850,-42
25205.jpg,1892,1850,-42
25210.jpg,1892,1890,-2
25215.jpg,1892,1890,-2
25220.jpg,1892,1900,8
25225.jpg,1892,1850,-42
25230.jpg,1892,1850,-42
25235.jpg,1892,1895,3
25240.jpg,1892,1895,3
25245.jpg,1892,1900,8
25250.jpg,1892,1900,8
25255.jpg,1892,1900,8
25260.jpg,1892,1895,3
25265.jpg,1892,1890,-2
25270.jpg,1892,1890,-2
25275.jpg,1892,1900,8
25280.jpg,1892,1920,28
25285.jpg,1892,1920,28
25290.jpg,1892,1890,-2
25295.jpg,1892,1900,8
25300.jpg,1892,1900,8
25305.jpg,1892,1970,78
25310.jpg,1892,1890,-2
25315.jpg,1892,1895,3
25320.jpg,1892,1895,3
25325.jpg,1892,1850,-42
25330.jpg,1892,1890,-2
25335.jpg,1892,1890,-2
25340.jpg,1892,1890,-2
25345.jpg,1892,1890,-2
25350.jpg,1892,1895,3
25355.jpg,1892,1890,-2
25360.jpg,1892,1900,8
25365.jpg,1892,1895,3
25370.jpg,1892,1890,-2
25375.jpg,1892,1895,3
25380.jpg,1892,1895,3
25385.jpg,1892,1900,8
25390.jpg,1892,1890,-2
25395.jpg,1892,1900,8
25400.jpg,1892,1960,68
25405.jpg,1892,1900,8
25410.jpg,1892,1850,-42
25415.jpg,1892,1850,-42
25420.jpg,1892,1900,8
25425.jpg,1892,1890,-2
25430.jpg,1892,1850,-42
25435.jpg,1892,1890,-2
25440.jpg,1892,1930,38
25445.jpg,1892,1850,-42
25450.jpg,1892,1890,-2
25455.jpg,1892,1890,-2
25460.jpg,1892,1850,-42
25465.jpg,1893,1880,-13
25470.jpg,1893,1890,-3
25475.jpg,1893,1890,-3
25480.jpg,1893,1900,7
25490.jpg,1893,1925,32
25495.jpg,1893,1890,-3
25500.jpg,1893,1890,-3
25505.jpg,1893,1900,7
25510.jpg,1893,1900,7
25515.jpg,1893,1880,-13
25520.jpg,1893,1900,7
25525.jpg,1893,1850,-43
25530.jpg,1893,1900,7
25535.jpg,1893,1930,37
25540.jpg,1893,1900,7
25545.jpg,1893,1850,-43
25555.jpg,1893,1890,-3
25560.jpg,1893,1900,7
25565.jpg,1893,1850,-43
25570.jpg,1893,1950,57
25575.jpg,1893,1895,2
25580.jpg,1893,1920,27
25585.jpg,1893,1895,2
25590.jpg,1893,1895,2
25595.jpg,1893,1890,-3
25600.jpg,1893,1900,7
25605.jpg,1893,1900,7
25610.jpg,1893,1890,-3
25615.jpg,1893,1920,27
25620.jpg,1893,1890,-3
25625.jpg,1893,1895,2
25630.jpg,1893,1900,7
25635.jpg,1893,1900,7
25640.jpg,1893,1950,57
25645.jpg,1893,1890,-3
25650.jpg,1893,1950,57
25655.jpg,1893,1890,-3
25660.jpg,1893,1890,-3
25665.jpg,1893,1895,2
25670.jpg,1893,1895,2
25675.jpg,1893,1895,2
25680.jpg,1893,1850,-43
25685.jpg,1893,1890,-3
25690.jpg,1893,1920,27
25695.jpg,1893,1900,7
25700.jpg,1893,1890,-3
25705.jpg,1893,1850,-43
25710.jpg,1893,1890,-3
25715.jpg,1893,1890,-3
25720.jpg,1893,1900,7
25725.jpg,1893,1890,-3
25730.jpg,1893,1890,-3
25740.jpg,1893,1890,-3
25745.jpg,1893,1920,27
25750.jpg,1893,1895,2
25755.jpg,1893,1890,-3
25760.jpg,1893,1900,7
25765.jpg,1893,1900,7
25770.jpg,1893,1900,7
25775.jpg,1893,1890,-3
25780.jpg,1893,1850,-43
25785.jpg,1893,1900,7
25795.jpg,1893,1900,7
25800.jpg,1893,1900,7
25805.jpg,1894,1850,-44
25810.jpg,1894,1890,-4
25815.jpg,1894,1900,6
25820.jpg,1894,1890,-4
25825.jpg,1894,1890,-4
25830.jpg,1894,1890,-4
25835.jpg,1894,1890,-4
25840.jpg,1894,1891,-3
25845.jpg,1894,1900,6
25850.jpg,1894,1900,6
25855.jpg,1894,1890,-4
25860.jpg,1894,1890,-4
25865.jpg,1894,1900,6
25870.jpg,1894,1850,-44
25875.jpg,1894,1850,-44
25880.jpg,1894,1850,-44
25885.jpg,1894,1900,6
25890.jpg,1894,1900,6
25895.jpg,1894,1850,-44
25900.jpg,1894,1900,6
25905.jpg,1894,1890,-4
25910.jpg,1894,1950,56
25915.jpg,1894,1900,6
25920.jpg,1894,1895,1
25925.jpg,1894,1895,1
25930.jpg,1894,1950,56
25935.jpg,1894,1890,-4
25940.jpg,1894,1895,1
25945.jpg,1894,1895,1
25950.jpg,1894,1950,56
25955.jpg,1894,1890,-4
25960.jpg,1894,1890,-4
25965.jpg,1894,1890,-4
25970.jpg,1894,1950,56
25975.jpg,1894,1890,-4
25980.jpg,1894,1895,1
25985.jpg,1894,1900,6
25990.jpg,1894,1900,6
25995.jpg,1894,1895,1
26000.jpg,1894,1890,-4
26005.jpg,1894,1895,1
26010.jpg,1894,1895,1
26015.jpg,1894,1890,-4
26020.jpg,1894,1950,56
26025.jpg,1894,1895,1
26030.jpg,1894,1890,-4
26035.jpg,1894,1895,1
26040.jpg,1894,1950,56
26045.jpg,1894,1890,-4
26050.jpg,1894,1890,-4
26055.jpg,1894,1890,-4
26060.jpg,1894,1950,56
26065.jpg,1894,1890,-4
26070.jpg,1894,1890,-4
26075.jpg,1894,1890,-4
26085.jpg,1894,1895,1
26090.jpg,1894,1900,6
26095.jpg,1894,1930,36
26100.jpg,1894,1900,6
26105.jpg,1894,1850,-44
26110.jpg,1894,1850,-44
26115.jpg,1894,1850,-44
26120.jpg,1894,1890,-4
26125.jpg,1895,1450,-445
26130.jpg,1895,2010,115
26135.jpg,1895,1890,-5
26140.jpg,1895,1890,-5
26145.jpg,1895,1890,-5
26150.jpg,1895,1890,-5
26155.jpg,1895,1850,-45
26160.jpg,1895,1890,-5
26165.jpg,1895,1890,-5
26170.jpg,1895,1890,-5
26175.jpg,1895,1930,35
26180.jpg,1895,1960,65
26185.jpg,1895,1900,5
26190.jpg,1895,1900,5
26195.jpg,1895,1900,5
26200.jpg,1895,1900,5
26205.jpg,1895,1850,-45
26210.jpg,1895,1850,-45
26215.jpg,1895,1950,55
26220.jpg,1895,1890,-5
26225.jpg,1895,1950,55
26230.jpg,1895,1895,0
26235.jpg,1895,1950,55
26240.jpg,1895,1900,5
26245.jpg,1895,1850,-45
26250.jpg,1895,1850,-45
26255.jpg,1895,1895,0
26260.jpg,1895,1890,-5
26265.jpg,1895,1850,-45
26270.jpg,1895,1890,-5
26275.jpg,1895,1895,0
26280.jpg,1895,1890,-5
26285.jpg,1895,1895,0
26290.jpg,1895,1895,0
26295.jpg,1895,1890,-5
26300.jpg,1895,1895,0
26305.jpg,1895,1895,0
26310.jpg,1895,1900,5
26315.jpg,1895,1890,-5
26320.jpg,1895,1890,-5
26325.jpg,1895,1895,0
26330.jpg,1895,1850,-45
26335.jpg,1895,1900,5
26340.jpg,1895,1950,55
26345.jpg,1895,1850,-45
26350.jpg,1895,1895,0
26355.jpg,1895,1890,-5
26360.jpg,1895,1900,5
26365.jpg,1895,1895,0
26370.jpg,1895,1895,0
26375.jpg,1895,1890,-5
26380.jpg,1895,1900,5
26385.jpg,1895,1850,-45
26390.jpg,1895,1890,-5
26395.jpg,1895,1890,-5
26405.jpg,1895,1890,-5
26410.jpg,1895,1890,-5
26415.jpg,1895,1900,5
26420.jpg,1895,1900,5
26425.jpg,1895,1890,-5
26430.jpg,1895,1890,-5
26435.jpg,1895,1890,-5
26440.jpg,1895,1850,-45
26445.jpg,1895,1900,5
26450.jpg,1895,1900,5
26455.jpg,1895,1900,5
26460.jpg,1895,1850,-45
26465.jpg,1895,1890,-5
26470.jpg,1895,1890,-5
26475.jpg,1895,1890,-5
26480.jpg,1895,1850,-45
26485.jpg,1895,1850,-45
26490.jpg,1896,1890,-6
26495.jpg,1896,1900,4
26500.jpg,1896,1900,4
26505.jpg,1896,1890,-6
26510.jpg,1896,1960,64
26515.jpg,1896,1890,-6
26520.jpg,1896,1925,29
26525.jpg,1896,1890,-6
26530.jpg,1896,1930,34
26535.jpg,1896,1900,4
26540.jpg,1896,1850,-46
26545.jpg,1896,1850,-46
26550.jpg,1896,1950,54
26555.jpg,1896,1960,64
26560.jpg,1896,1850,-46
26565.jpg,1896,1950,54
26570.jpg,1896,1850,-46
26575.jpg,1896,1890,-6
26580.jpg,1896,1895,-1
26585.jpg,1896,1450,-446
26590.jpg,1896,1895,-1
26595.jpg,1896,1900,4
26600.jpg,1896,1900,4
26605.jpg,1896,1895,-1
26610.jpg,1896,1900,4
26620.jpg,1896,1895,-1
26625.jpg,1896,1890,-6
26630.jpg,1896,1895,-1
26635.jpg,1896,1895,-1
26640.jpg,1896,1890,-6
26645.jpg,1896,1890,-6
26650.jpg,1896,1890,-6
26655.jpg,1896,1900,4
26665.jpg,1896,1895,-1
26670.jpg,1896,1900,4
26675.jpg,1896,1850,-46
26680.jpg,1896,1895,-1
26685.jpg,1896,1895,-1
26690.jpg,1896,1990,94
26695.jpg,1896,1895,-1
26700.jpg,1896,1890,-6
26705.jpg,1896,1895,-1
26710.jpg,1896,1890,-6
26715.jpg,1896,1895,-1
26720.jpg,1896,1850,-46
26725.jpg,1896,1900,4
26730.jpg,1896,1900,4
26735.jpg,1896,1890,-6
26740.jpg,1896,1450,-446
26745.jpg,1896,1850,-46
26750.jpg,1896,1880,-16
26760.jpg,1896,1900,4
26765.jpg,1896,1900,4
26770.jpg,1896,1900,4
26775.jpg,1896,1920,24
26780.jpg,1896,1900,4
26785.jpg,1896,1900,4
26790.jpg,1896,1850,-46
26795.jpg,1896,1890,-6
26800.jpg,1896,1980,84
26805.jpg,1896,1350,-546
26810.jpg,1896,1920,24
26815.jpg,1896,1880,-16
26820.jpg,1896,1850,-46
26825.jpg,1896,1880,-16
26830.jpg,1896,1880,-16
26835.jpg,1896,1900,4
26840.jpg,1896,1960,64
26845.jpg,1897,1900,3
26850.jpg,1897,1890,-7
26855.jpg,1897,1900,3
26860.jpg,1897,1950,53
26865.jpg,1897,1925,28
26870.jpg,1897,1890,-7
26875.jpg,1897,1850,-47
26880.jpg,1897,1895,-2
26885.jpg,1897,1890,-7
26890.jpg,1897,1350,-547
26895.jpg,1897,1890,-7
26900.jpg,1897,1900,3
26910.jpg,1897,1850,-47
26915.jpg,1897,1880,-17
26920.jpg,1897,1900,3
26925.jpg,1897,1850,-47
26930.jpg,1897,1850,-47
26935.jpg,1897,1890,-7
26940.jpg,1897,1920,23
26945.jpg,1897,1890,-7
26950.jpg,1897,1895,-2
26955.jpg,1897,1850,-47
26960.jpg,1897,1890,-7
26965.jpg,1897,1895,-2
26970.jpg,1897,1850,-47
26975.jpg,1897,1925,28
26980.jpg,1897,1890,-7
26985.jpg,1897,1895,-2
26990.jpg,1897,1890,-7
26995.jpg,1897,1890,-7
27000.jpg,1897,1900,3
27005.jpg,1897,1895,-2
27010.jpg,1897,1895,-2
27015.jpg,1897,1890,-7
27020.jpg,1897,1890,-7
27025.jpg,1897,1890,-7
27030.jpg,1897,1895,-2
27035.jpg,1897,1920,23
27040.jpg,1897,1895,-2
27045.jpg,1897,1900,3
27050.jpg,1897,1950,53
27055.jpg,1897,1900,3
27060.jpg,1897,1900,3
27065.jpg,1897,1900,3
27070.jpg,1897,1980,83
27075.jpg,1897,1890,-7
27080.jpg,1897,1890,-7
27085.jpg,1897,1890,-7
27090.jpg,1897,1890,-7
27095.jpg,1897,1890,-7
27100.jpg,1897,1895,-2
27105.jpg,1897,1895,-2
27110.jpg,1897,1350,-547
27115.jpg,1897,1850,-47
27120.jpg,1897,1882,-15
27125.jpg,1897,1880,-17
27130.jpg,1897,1990,93
27135.jpg,1897,1925,28
27140.jpg,1897,1950,53
27145.jpg,1897,1890,-7
27150.jpg,1897,1890,-7
27155.jpg,1898,1920,22
27160.jpg,1898,1890,-8
27165.jpg,1898,1900,2
27170.jpg,1898,1890,-8
27175.jpg,1898,1900,2
27180.jpg,1898,1890,-8
27185.jpg,1898,1920,22
27190.jpg,1898,1900,2
27195.jpg,1898,1850,-48
27200.jpg,1898,1980,82
27205.jpg,1898,1920,22
27210.jpg,1898,1890,-8
27215.jpg,1898,1900,2
27220.jpg,1898,1900,2
27225.jpg,1898,1900,2
27230.jpg,1898,1900,2
27235.jpg,1898,1900,2
27240.jpg,1898,1900,2
27245.jpg,1898,1900,2
27255.jpg,1898,1850,-48
27260.jpg,1898,1890,-8
27265.jpg,1898,1895,-3
27270.jpg,1898,1895,-3
27275.jpg,1898,1890,-8
27280.jpg,1898,1850,-48
27285.jpg,1898,1895,-3
27290.jpg,1898,1950,52
27295.jpg,1898,1890,-8
27300.jpg,1898,1850,-48
27305.jpg,1898,1950,52
27310.jpg,1898,1900,2
27315.jpg,1898,1890,-8
27320.jpg,1898,1895,-3
27325.jpg,1898,1850,-48
27330.jpg,1898,1890,-8
27335.jpg,1898,1900,2
27340.jpg,1898,1900,2
27345.jpg,1898,1890,-8
27350.jpg,1898,1850,-48
27355.jpg,1898,1895,-3
27360.jpg,1898,1950,52
27365.jpg,1898,1895,-3
27370.jpg,1898,1895,-3
27380.jpg,1898,1890,-8
27385.jpg,1898,1890,-8
27390.jpg,1898,1990,92
27395.jpg,1898,1890,-8
27400.jpg,1898,1890,-8
27405.jpg,1898,1900,2
27410.jpg,1898,1895,-3
27415.jpg,1898,1890,-8
27420.jpg,1898,1900,2
27425.jpg,1898,1890,-8
27430.jpg,1898,1850,-48
27435.jpg,1898,1850,-48
27440.jpg,1898,1890,-8
27445.jpg,1898,1900,2
27450.jpg,1898,1925,27
27455.jpg,1898,1970,72
27465.jpg,1898,1890,-8
27470.jpg,1898,1890,-8
27475.jpg,1898,1900,2
27480.jpg,1898,1900,2
27485.jpg,1898,1890,-8
27490.jpg,1898,1850,-48
27495.jpg,1898,1890,-8
27500.jpg,1898,1900,2
27505.jpg,1898,1920,22
27510.jpg,1898,1890,-8
27515.jpg,1898,1850,-48
27520.jpg,1898,1890,-8
27525.jpg,1898,1900,2
27530.jpg,1898,1920,22
27540.jpg,1899,1880,-19
27545.jpg,1899,1960,61
27550.jpg,1899,1850,-49
27555.jpg,1899,1890,-9
27560.jpg,1899,1890,-9
27565.jpg,1899,1890,-9
27570.jpg,1899,1200,-699
27575.jpg,1899,1850,-49
27580.jpg,1899,1890,-9
27585.jpg,1899,1900,1
27590.jpg,1899,1850,-49
27595.jpg,1899,1850,-49
27600.jpg,1899,1890,-9
27605.jpg,1899,1880,-19
27610.jpg,1899,1960,61
27615.jpg,1899,1850,-49
27620.jpg,1899,1900,1
27625.jpg,1899,1850,-49
27630.jpg,1899,1900,1
27635.jpg,1899,1895,-4
27640.jpg,1899,1890,-9
27645.jpg,1899,1880,-19
27650.jpg,1899,1890,-9
27655.jpg,1899,1890,-9
27660.jpg,1899,1890,-9
27665.jpg,1899,1890,-9
27670.jpg,1899,1900,1
27675.jpg,1899,1900,1
27680.jpg,1899,1250,-649
27685.jpg,1899,1895,-4
27690.jpg,1899,1890,-9
27695.jpg,1899,1890,-9
27700.jpg,1899,1895,-4
27705.jpg,1899,1890,-9
27715.jpg,1899,1900,1
27720.jpg,1899,1950,51
27725.jpg,1899,1895,-4
27730.jpg,1899,1960,61
27735.jpg,1899,1900,1
27740.jpg,1899,1930,31
27745.jpg,1899,1350,-549
27750.jpg,1899,1890,-9
27755.jpg,1899,1900,1
27760.jpg,1899,1890,-9
27765.jpg,1899,1900,1
27770.jpg,1899,1850,-49
27775.jpg,1899,1850,-49
27780.jpg,1899,1980,81
27785.jpg,1899,1900,1
27790.jpg,1899,1890,-9
27795.jpg,1899,1850,-49
27800.jpg,1899,1850,-49
27805.jpg,1899,1900,1
27810.jpg,1900,1880,-20
27815.jpg,1900,1890,-10
27820.jpg,1900,1890,-10
27825.jpg,1900,1880,-20
27830.jpg,1900,1890,-10
27835.jpg,1900,1990,90
27840.jpg,1900,1900,0
27845.jpg,1900,1895,-5
27850.jpg,1900,1850,-50
27855.jpg,1900,1850,-50
27860.jpg,1900,1890,-10
27865.jpg,1900,1890,-10
27870.jpg,1900,1850,-50
27875.jpg,1900,1890,-10
27880.jpg,1900,1895,-5
27885.jpg,1900,1890,-10
27895.jpg,1900,1850,-50
27900.jpg,1900,1900,0
27905.jpg,1900,1890,-10
27910.jpg,1900,1850,-50
27915.jpg,1900,1900,0
27920.jpg,1900,1960,60
27925.jpg,1900,1950,50
27930.jpg,1900,1950,50
27935.jpg,1900,1900,0
27940.jpg,1900,1850,-50
27945.jpg,1900,1850,-50
27950.jpg,1900,1850,-50
27955.jpg,1900,1890,-10
27960.jpg,1900,1890,-10
27965.jpg,1900,1950,50
27970.jpg,1900,1890,-10
27975.jpg,1900,1890,-10
27980.jpg,1900,1895,-5
27985.jpg,1900,1900,0
27990.jpg,1900,1850,-50
27995.jpg,1900,1895,-5
28000.jpg,1900,1890,-10
28005.jpg,1900,1900,0
28010.jpg,1900,1890,-10
28015.jpg,1900,1850,-50
28020.jpg,1900,1900,0
28025.jpg,1900,1895,-5
28030.jpg,1900,1895,-5
28035.jpg,1900,1890,-10
28040.jpg,1900,1895,-5
28045.jpg,1900,1890,-10
28050.jpg,1900,1895,-5
28055.jpg,1900,1890,-10
28060.jpg,1900,1895,-5
28065.jpg,1900,1890,-10
28070.jpg,1900,1895,-5
28075.jpg,1900,1890,-10
28080.jpg,1900,1900,0
28085.jpg,1900,1850,-50
28090.jpg,1900,1930,30
28095.jpg,1900,1850,-50
28100.jpg,1900,1900,0
28105.jpg,1900,1900,0
28110.jpg,1900,1900,0
28115.jpg,1900,1895,-5
28120.jpg,1900,1850,-50
28125.jpg,1900,1890,-10
28130.jpg,1900,1850,-50
28135.jpg,1900,1890,-10
28140.jpg,1900,1890,-10
28145.jpg,1900,1386,-514
28150.jpg,1900,1950,50
28155.jpg,1900,1850,-50
28160.jpg,1900,1950,50
28165.jpg,1900,1930,30
28170.jpg,1900,1890,-10
28175.jpg,1900,1850,-50
28180.jpg,1901,1850,-51
28185.jpg,1901,1920,19
28190.jpg,1901,1890,-11
28195.jpg,1901,1900,-1
28200.jpg,1901,1930,29
28205.jpg,1901,1850,-51
28210.jpg,1901,1890,-11
28215.jpg,1901,1900,-1
28220.jpg,1901,1900,-1
28225.jpg,1901,1890,-11
28230.jpg,1901,1890,-11
28235.jpg,1901,1890,-11
28240.jpg,1901,1900,-1
28245.jpg,1901,1900,-1
28250.jpg,1901,1850,-51
28255.jpg,1901,1890,-11
28260.jpg,1901,1890,-11
28265.jpg,1901,1900,-1
28270.jpg,1901,1850,-51
28275.jpg,1901,1900,-1
28280.jpg,1901,1900,-1
28285.jpg,1901,1950,49
28290.jpg,1901,1850,-51
28295.jpg,1901,1930,29
28300.jpg,1901,1850,-51
28305.jpg,1901,1950,49
28310.jpg,1901,1900,-1
28315.jpg,1901,1890,-11
28320.jpg,1901,1890,-11
28325.jpg,1901,1925,24
28330.jpg,1901,1895,-6
28335.jpg,1901,1900,-1
28340.jpg,1901,1890,-11
28345.jpg,1901,1895,-6
28350.jpg,1901,1950,49
28355.jpg,1901,1900,-1
28360.jpg,1901,1980,79
28365.jpg,1901,1890,-11
28370.jpg,1901,1850,-51
28375.jpg,1901,1895,-6
28380.jpg,1901,1895,-6
28385.jpg,1901,1900,-1
28390.jpg,1901,1895,-6
28395.jpg,1901,1900,-1
28400.jpg,1901,1890,-11
28405.jpg,1901,1950,49
28410.jpg,1901,1900,-1
28415.jpg,1901,1890,-11
28420.jpg,1901,1895,-6
28425.jpg,1901,1950,49
28430.jpg,1901,1890,-11
28435.jpg,1901,1895,-6
28440.jpg,1901,1890,-11
28445.jpg,1901,1950,49
28450.jpg,1901,1850,-51
28455.jpg,1901,1880,-21
28460.jpg,1901,1900,-1
28465.jpg,1901,1890,-11
28470.jpg,1901,1890,-11
28475.jpg,1901,1900,-1
28480.jpg,1901,1950,49
28485.jpg,1901,1900,-1
28490.jpg,1901,1930,29
28495.jpg,1901,1950,49
28500.jpg,1901,1890,-11
28505.jpg,1901,1930,29
28510.jpg,1901,1880,-21
28515.jpg,1901,1850,-51
28520.jpg,1902,1350,-552
28525.jpg,1902,1920,18
28530.jpg,1902,1890,-12
28535.jpg,1902,1900,-2
28540.jpg,1902,1920,18
28545.jpg,1902,1950,48
28550.jpg,1902,1930,28
28555.jpg,1902,1890,-12
28560.jpg,1902,1890,-12
28575.jpg,1902,1930,28
28580.jpg,1902,1900,-2
28585.jpg,1902,1900,-2
28590.jpg,1902,1890,-12
28595.jpg,1902,1895,-7
28600.jpg,1902,1900,-2
28605.jpg,1902,1900,-2
28610.jpg,1902,1900,-2
28615.jpg,1902,1890,-12
28620.jpg,1902,1900,-2
28625.jpg,1902,1900,-2
28630.jpg,1902,1900,-2
28635.jpg,1902,1900,-2
28640.jpg,1902,1900,-2
28645.jpg,1902,1900,-2
28650.jpg,1902,1850,-52
28655.jpg,1902,1850,-52
28660.jpg,1902,1900,-2
28665.jpg,1902,1930,28
28670.jpg,1902,1930,28
28675.jpg,1902,1900,-2
28680.jpg,1902,1500,-402
28685.jpg,1902,1895,-7
28690.jpg,1902,1890,-12
28695.jpg,1902,1900,-2
28700.jpg,1902,1890,-12
28705.jpg,1902,1890,-12
28710.jpg,1902,1895,-7
28715.jpg,1902,1900,-2
28720.jpg,1902,1890,-12
28725.jpg,1902,1890,-12
28730.jpg,1902,1900,-2
28735.jpg,1902,1930,28
28740.jpg,1902,1920,18
28745.jpg,1902,1950,48
28750.jpg,1902,1890,-12
28755.jpg,1902,1895,-7
28760.jpg,1902,1930,28
28765.jpg,1902,1850,-52
28770.jpg,1902,1890,-12
28775.jpg,1902,1895,-7
28780.jpg,1902,1895,-7
28785.jpg,1902,1950,48
28790.jpg,1902,1890,-12
28795.jpg,1902,1890,-12
28800.jpg,1902,1900,-2
28805.jpg,1902,1950,48
28810.jpg,1902,1890,-12
28815.jpg,1902,1900,-2
28820.jpg,1902,1900,-2
28825.jpg,1902,1890,-12
28830.jpg,1902,1850,-52
28835.jpg,1902,1890,-12
28840.jpg,1902,1850,-52
28845.jpg,1902,1900,-2
28850.jpg,1902,1890,-12
28855.jpg,1902,1890,-12
28860.jpg,1902,1900,-2
28865.jpg,1902,1890,-12
28870.jpg,1902,1980,78
28875.jpg,1902,1450,-452
28880.jpg,1902,1890,-12
28885.jpg,1902,1850,-52
28890.jpg,1902,1900,-2
28895.jpg,1902,1890,-12
28900.jpg,1902,1990,88
28905.jpg,1902,1890,-12
28910.jpg,1902,1890,-12
28915.jpg,1902,1900,-2
28920.jpg,1903,1880,-23
28925.jpg,1903,1900,-3
28930.jpg,1903,1900,-3
28935.jpg,1903,1890,-13
28940.jpg,1903,1900,-3
28945.jpg,1903,1930,27
28955.jpg,1903,1920,17
28960.jpg,1903,1890,-13
28965.jpg,1903,1890,-13
28970.jpg,1903,1895,-8
28975.jpg,1903,1890,-13
28980.jpg,1903,1900,-3
28985.jpg,1903,1905,2
28990.jpg,1903,1905,2
28995.jpg,1903,1960,57
29000.jpg,1903,1900,-3
29005.jpg,1903,1890,-13
29010.jpg,1903,1900,-3
29015.jpg,1903,1900,-3
29020.jpg,1903,1890,-13
29025.jpg,1903,1890,-13
29030.jpg,1903,1920,17
29035.jpg,1903,1900,-3
29040.jpg,1903,1900,-3
29045.jpg,1903,1900,-3
29050.jpg,1903,2015,112
29055.jpg,1903,1900,-3
29060.jpg,1903,1900,-3
29065.jpg,1903,1900,-3
29070.jpg,1903,1900,-3
29075.jpg,1903,1850,-53
29080.jpg,1903,1970,67
29085.jpg,1903,1850,-53
29090.jpg,1903,1880,-23
29095.jpg,1903,1850,-53
29100.jpg,1903,1930,27
29105.jpg,1903,1850,-53
29110.jpg,1903,1930,27
29115.jpg,1903,1850,-53
29120.jpg,1903,1895,-8
29125.jpg,1903,1895,-8
29130.jpg,1903,1895,-8
29135.jpg,1903,1890,-13
29140.jpg,1903,1950,47
29145.jpg,1903,1950,47
29150.jpg,1903,1900,-3
29155.jpg,1903,1900,-3
29160.jpg,1903,1895,-8
29165.jpg,1903,1895,-8
29170.jpg,1903,1980,77
29175.jpg,1903,1890,-13
29180.jpg,1903,1920,17
29185.jpg,1903,1950,47
29190.jpg,1903,1900,-3
29195.jpg,1903,1900,-3
29200.jpg,1903,1900,-3
29205.jpg,1903,1930,27
29210.jpg,1903,1850,-53
29215.jpg,1903,1900,-3
29220.jpg,1903,1920,17
29225.jpg,1903,1895,-8
29230.jpg,1903,1900,-3
29235.jpg,1903,1895,-8
29240.jpg,1903,1950,47
29245.jpg,1903,1950,47
29250.jpg,1903,1930,27
29255.jpg,1903,1890,-13
29260.jpg,1903,1920,17
29265.jpg,1903,1850,-53
29270.jpg,1903,1890,-13
29275.jpg,1903,1890,-13
29280.jpg,1903,1890,-13
29285.jpg,1903,1890,-13
29290.jpg,1903,1890,-13
29295.jpg,1903,1895,-8
29300.jpg,1903,1970,67
29305.jpg,1903,1890,-13
29310.jpg,1903,1890,-13
29315.jpg,1903,1950,47
29320.jpg,1903,1950,47
29325.jpg,1903,1890,-13
29330.jpg,1903,1900,-3
29335.jpg,1903,1880,-23
29340.jpg,1903,1890,-13
29345.jpg,1903,1900,-3
29350.jpg,1903,1950,47
29355.jpg,1903,1900,-3
29360.jpg,1903,1900,-3
29365.jpg,1903,1970,67
29370.jpg,1903,1950,47
29375.jpg,1903,1850,-53
29380.jpg,1904,1883,-21
29385.jpg,1904,1900,-4
29390.jpg,1904,1880,-24
29395.jpg,1904,1990,86
29400.jpg,1904,1850,-54
29405.jpg,1904,1900,-4
29410.jpg,1904,1950,46
29415.jpg,1904,1950,46
29420.jpg,1904,1900,-4
29425.jpg,1904,1890,-14
29430.jpg,1904,1450,-454
29435.jpg,1904,1850,-54
29440.jpg,1904,1850,-54
29445.jpg,1904,1900,-4
29450.jpg,1904,1900,-4
29455.jpg,1904,1900,-4
29460.jpg,1904,1800,-104
29465.jpg,1904,1950,46
29470.jpg,1904,1990,86
29475.jpg,1904,1890,-14
29480.jpg,1904,2015,111
29485.jpg,1904,1895,-9
29490.jpg,1904,1900,-4
29495.jpg,1904,1890,-14
29500.jpg,1904,1995,91
29505.jpg,1904,1850,-54
29510.jpg,1904,1895,-9
29515.jpg,1904,1895,-9
29520.jpg,1904,1900,-4
29525.jpg,1904,1890,-14
29530.jpg,1904,1900,-4
29535.jpg,1904,1850,-54
29540.jpg,1904,1890,-14
29550.jpg,1904,1850,-54
29555.jpg,1904,1930,26
29560.jpg,1904,1950,46
29565.jpg,1904,1889,-15
29570.jpg,1904,1600,-304
29575.jpg,1904,1950,46
29580.jpg,1904,1880,-24
29585.jpg,1904,1900,-4
29590.jpg,1904,1890,-14
29595.jpg,1904,1890,-14
29600.jpg,1904,1900,-4
29605.jpg,1904,1970,66
29610.jpg,1904,1895,-9
29615.jpg,1904,1900,-4
29620.jpg,1904,1900,-4
29625.jpg,1904,1900,-4
29630.jpg,1904,1895,-9
29635.jpg,1904,1600,-304
29640.jpg,1904,1890,-14
29645.jpg,1904,1920,16
29650.jpg,1904,1890,-14
29655.jpg,1904,1895,-9
29660.jpg,1904,1920,16
29665.jpg,1904,1900,-4
29670.jpg,1904,1900,-4
29675.jpg,1904,1900,-4
29680.jpg,1904,1890,-14
29685.jpg,1904,1890,-14
29690.jpg,1904,1900,-4
29695.jpg,1904,1920,16
29700.jpg,1904,1900,-4
29705.jpg,1904,1895,-9
29710.jpg,1904,1850,-54
29715.jpg,1904,1900,-4
29720.jpg,1904,1850,-54
29725.jpg,1904,1950,46
29730.jpg,1904,1895,-9
29735.jpg,1904,1600,-304
29740.jpg,1904,1950,46
29745.jpg,1904,1900,-4
29750.jpg,1904,1890,-14
29755.jpg,1904,1890,-14
29760.jpg,1904,1900,-4
29765.jpg,1904,1850,-54
29770.jpg,1904,1900,-4
29775.jpg,1904,1980,76
29780.jpg,1904,1904,0
29790.jpg,1904,1890,-14
29795.jpg,1904,1900,-4
29800.jpg,1904,1920,16
29805.jpg,1904,1850,-54
29810.jpg,1904,1850,-54
29815.jpg,1904,1850,-54
29820.jpg,1904,1900,-4
29825.jpg,1904,1930,26
29830.jpg,1905,1890,-15
29835.jpg,1905,1950,45
29840.jpg,1905,1890,-15
29845.jpg,1905,1890,-15
29850.jpg,1905,1950,45
29855.jpg,1905,1900,-5
29860.jpg,1905,1950,45
29865.jpg,1905,1925,20
29870.jpg,1905,1850,-55
29875.jpg,1905,1950,45
29880.jpg,1905,1850,-55
29885.jpg,1905,1950,45
29890.jpg,1905,1890,-15
29895.jpg,1905,1890,-15
29900.jpg,1905,1900,-5
29905.jpg,1905,1900,-5
29910.jpg,1905,1900,-5
29915.jpg,1905,1890,-15
29920.jpg,1905,1850,-55
29925.jpg,1905,1900,-5
29930.jpg,1905,1890,-15
29935.jpg,1905,1900,-5
29940.jpg,1905,1450,-455
29945.jpg,1905,1925,20
29950.jpg,1905,1890,-15
29960.jpg,1905,1950,45
29965.jpg,1905,1890,-15
29970.jpg,1905,1900,-5
29975.jpg,1905,1900,-5
29980.jpg,1905,1900,-5
29985.jpg,1905,1850,-55
29990.jpg,1905,1881,-24
29995.jpg,1905,1850,-55
30000.jpg,1905,1850,-55
30005.jpg,1905,1900,-5
30015.jpg,1905,1900,-5
30020.jpg,1905,1950,45
30025.jpg,1905,1895,-10
30030.jpg,1905,1895,-10
30035.jpg,1905,1900,-5
30040.jpg,1905,1980,75
30045.jpg,1905,1850,-55
30050.jpg,1905,1950,45
30055.jpg,1905,1980,75
30060.jpg,1905,1895,-10
30065.jpg,1905,1900,-5
30070.jpg,1905,1900,-5
30075.jpg,1905,1850,-55
30080.jpg,1905,1900,-5
30085.jpg,1905,1950,45
30090.jpg,1905,1895,-10
30095.jpg,1905,1890,-15
30100.jpg,1905,1850,-55
30105.jpg,1905,1900,-5
30110.jpg,1905,1980,75
30115.jpg,1905,1890,-15
30120.jpg,1905,1850,-55
30125.jpg,1905,1900,-5
30130.jpg,1905,1850,-55
30135.jpg,1905,1920,15
30140.jpg,1905,1900,-5
30145.jpg,1905,1890,-15
30155.jpg,1905,1890,-15
30160.jpg,1905,1950,45
30165.jpg,1905,1850,-55
30170.jpg,1905,1900,-5
30175.jpg,1905,1890,-15
30180.jpg,1905,1980,75
30185.jpg,1905,1900,-5
30190.jpg,1905,1895,-10
30195.jpg,1905,1850,-55
30200.jpg,1905,1890,-15
30205.jpg,1905,1930,25
30210.jpg,1905,1850,-55
30215.jpg,1905,1895,-10
30220.jpg,1905,1850,-55
30225.jpg,1905,1890,-15
30230.jpg,1905,1950,45
30235.jpg,1905,1895,-10
30240.jpg,1905,1895,-10
30245.jpg,1905,1900,-5
30250.jpg,1905,1850,-55
30255.jpg,1905,1900,-5
30260.jpg,1905,1900,-5
30265.jpg,1905,1850,-55
30270.jpg,1905,1950,45
30275.jpg,1905,1920,15
30280.jpg,1905,1900,-5
30285.jpg,1905,1920,15
30290.jpg,1905,1900,-5
30295.jpg,1906,1450,-456
30300.jpg,1906,1895,-11
30305.jpg,1906,1925,19
30310.jpg,1906,1890,-16
30315.jpg,1906,1890,-16
30320.jpg,1906,1950,44
30325.jpg,1906,1900,-6
30330.jpg,1906,1850,-56
30335.jpg,1906,1930,24
30340.jpg,1906,1900,-6
30345.jpg,1906,1890,-16
30350.jpg,1906,1950,44
30355.jpg,1906,1950,44
30360.jpg,1906,1900,-6
30365.jpg,1906,1900,-6
30370.jpg,1906,1900,-6
30375.jpg,1906,1930,24
30380.jpg,1906,1925,19
30385.jpg,1906,1890,-16
30390.jpg,1906,1895,-11
30395.jpg,1906,1890,-16
30400.jpg,1906,1925,19
30405.jpg,1906,1900,-6
30410.jpg,1906,1895,-11
30415.jpg,1906,1930,24
30420.jpg,1906,1960,54
30425.jpg,1906,1920,14
30430.jpg,1906,1900,-6
30435.jpg,1906,1900,-6
30440.jpg,1906,1960,54
30445.jpg,1906,1850,-56
30450.jpg,1906,1890,-16
30455.jpg,1906,1890,-16
30460.jpg,1906,1930,24
30465.jpg,1906,1850,-56
30470.jpg,1906,1890,-16
30475.jpg,1906,1900,-6
30480.jpg,1906,1900,-6
30485.jpg,1906,1895,-11
30490.jpg,1906,1890,-16
30495.jpg,1906,1900,-6
30500.jpg,1906,1950,44
30505.jpg,1906,1950,44
30510.jpg,1906,1890,-16
30515.jpg,1906,1950,44
30520.jpg,1906,1890,-16
30525.jpg,1906,1890,-16
30530.jpg,1906,1895,-11
30535.jpg,1906,1890,-16
30540.jpg,1906,1850,-56
30545.jpg,1906,1930,24
30550.jpg,1906,1890,-16
30555.jpg,1906,1900,-6
30560.jpg,1906,1890,-16
30565.jpg,1906,1890,-16
30570.jpg,1906,1900,-6
30575.jpg,1906,1900,-6
30580.jpg,1906,1950,44
30585.jpg,1906,1890,-16
30590.jpg,1906,1850,-56
30595.jpg,1906,1900,-6
30600.jpg,1906,1900,-6
30605.jpg,1906,1890,-16
30610.jpg,1906,1890,-16
30615.jpg,1906,1950,44
30620.jpg,1906,1895,-11
30625.jpg,1906,1895,-11
30630.jpg,1906,1890,-16
30635.jpg,1906,1900,-6
30640.jpg,1906,1890,-16
30645.jpg,1906,1350,-556
30650.jpg,1906,1850,-56
30655.jpg,1906,1890,-16
30665.jpg,1906,1900,-6
30670.jpg,1906,1900,-6
30685.jpg,1906,1890,-16
30690.jpg,1906,1950,44
30695.jpg,1906,1930,24
30700.jpg,1906,1920,14
30705.jpg,1906,1900,-6
30710.jpg,1906,1950,44
30715.jpg,1906,1980,74
30720.jpg,1906,1900,-6
30725.jpg,1906,1925,19
30730.jpg,1906,1850,-56
30740.jpg,1906,1890,-16
30745.jpg,1906,1890,-16
30750.jpg,1906,1895,-11
30760.jpg,1907,1890,-17
30765.jpg,1907,1930,23
30770.jpg,1907,1890,-17
30780.jpg,1907,1950,43
30785.jpg,1907,1925,18
30790.jpg,1907,1950,43
30795.jpg,1907,1850,-57
30800.jpg,1907,1900,-7
30805.jpg,1907,1850,-57
30810.jpg,1907,1890,-17
30815.jpg,1907,1960,53
30820.jpg,1907,1900,-7
30825.jpg,1907,1920,13
30830.jpg,1907,1900,-7
30835.jpg,1907,1900,-7
30840.jpg,1907,1900,-7
30845.jpg,1907,1920,13
30855.jpg,1907,1900,-7
30860.jpg,1907,1925,18
30865.jpg,1907,1900,-7
30870.jpg,1907,1895,-12
30875.jpg,1907,1900,-7
30880.jpg,1907,1900,-7
30885.jpg,1907,1900,-7
30895.jpg,1907,1950,43
30900.jpg,1907,1890,-17
30905.jpg,1907,1900,-7
30910.jpg,1907,1960,53
30915.jpg,1907,1980,73
30920.jpg,1907,1970,63
30925.jpg,1907,1950,43
30930.jpg,1907,1850,-57
30935.jpg,1907,1900,-7
30940.jpg,1907,1980,73
30945.jpg,1907,1930,23
30950.jpg,1907,1850,-57
30955.jpg,1907,1850,-57
30960.jpg,1907,1895,-12
30965.jpg,1907,1920,13
30970.jpg,1907,1900,-7
30975.jpg,1907,1850,-57
30980.jpg,1907,1920,13
30985.jpg,1907,1900,-7
30990.jpg,1907,1890,-17
30995.jpg,1907,1950,43
31000.jpg,1907,1890,-17
31005.jpg,1907,1890,-17
31010.jpg,1907,1950,43
31015.jpg,1907,1950,43
31020.jpg,1907,1900,-7
31025.jpg,1907,1890,-17
31030.jpg,1907,1900,-7
31035.jpg,1907,1890,-17
31040.jpg,1907,1890,-17
31045.jpg,1907,1950,43
31050.jpg,1907,1900,-7
31055.jpg,1907,1850,-57
31060.jpg,1907,1890,-17
31065.jpg,1907,1890,-17
31070.jpg,1907,1895,-12
31075.jpg,1907,1895,-12
31080.jpg,1907,1900,-7
31085.jpg,1907,1920,13
31090.jpg,1907,1895,-12
31095.jpg,1907,1895,-12
31100.jpg,1907,1930,23
31105.jpg,1907,1890,-17
31110.jpg,1907,1900,-7
31115.jpg,1907,1895,-12
31120.jpg,1907,1890,-17
31125.jpg,1907,1890,-17
31130.jpg,1907,1900,-7
31135.jpg,1907,1950,43
31140.jpg,1907,1950,43
31150.jpg,1907,1890,-17
31155.jpg,1907,1900,-7
31160.jpg,1907,1980,73
31165.jpg,1907,1950,43
31170.jpg,1907,1980,73
31175.jpg,1907,1950,43
31180.jpg,1907,1950,43
31185.jpg,1907,1930,23
31190.jpg,1907,1950,43
31195.jpg,1907,1950,43
31200.jpg,1907,1980,73
31205.jpg,1907,1900,-7
31210.jpg,1907,1850,-57
31215.jpg,1907,1920,13
31220.jpg,1907,1890,-17
31225.jpg,1907,1950,43
31230.jpg,1907,1890,-17
31235.jpg,1907,1890,-17
31240.jpg,1907,1900,-7
31245.jpg,1907,1850,-57
31250.jpg,1907,1900,-7
31255.jpg,1907,1890,-17
31260.jpg,1907,1950,43
31265.jpg,1907,1884,-23
31270.jpg,1907,1900,-7
31275.jpg,1907,1890,-17
31280.jpg,1907,1890,-17
31285.jpg,1907,1960,53
31290.jpg,1907,1350,-557
31295.jpg,1907,1960,53
31300.jpg,1907,1960,53
31305.jpg,1907,1900,-7
31310.jpg,1908,1990,82
31315.jpg,1908,1920,12
31320.jpg,1908,1950,42
31325.jpg,1908,1890,-18
31330.jpg,1908,1850,-58
31335.jpg,1908,1920,12
31345.jpg,1908,1960,52
31350.jpg,1908,1900,-8
31355.jpg,1908,1890,-18
31360.jpg,1908,1925,17
31365.jpg,1908,1890,-18
31370.jpg,1908,1920,12
31380.jpg,1908,1850,-58
31385.jpg,1908,1930,22
31390.jpg,1908,1900,-8
31395.jpg,1908,1890,-18
31400.jpg,1908,1905,-3
31405.jpg,1908,1950,42
31410.jpg,1908,1890,-18
31415.jpg,1908,1900,-8
31420.jpg,1908,1850,-58
31425.jpg,1908,1950,42
31430.jpg,1908,1890,-18
31435.jpg,1908,1900,-8
31440.jpg,1908,1900,-8
31445.jpg,1908,1900,-8
31450.jpg,1908,1900,-8
31455.jpg,1908,1920,12
31460.jpg,1908,1900,-8
31465.jpg,1908,1900,-8
31470.jpg,1908,1930,22
31475.jpg,1908,1900,-8
31480.jpg,1908,1850,-58
31485.jpg,1908,1850,-58
31490.jpg,1908,1850,-58
31500.jpg,1908,1950,42
31505.jpg,1908,1890,-18
31510.jpg,1908,1900,-8
31515.jpg,1908,1895,-13
31520.jpg,1908,1900,-8
31525.jpg,1908,1890,-18
31530.jpg,1908,1980,72
31535.jpg,1908,1950,42
31540.jpg,1908,1900,-8
31545.jpg,1908,1920,12
31550.jpg,1908,1895,-13
31555.jpg,1908,1890,-18
31560.jpg,1908,1900,-8
31565.jpg,1908,1850,-58
31570.jpg,1908,1450,-458
31575.jpg,1908,1850,-58
31580.jpg,1908,1950,42
31585.jpg,1908,1900,-8
31590.jpg,1908,1900,-8
31595.jpg,1908,1925,17
31600.jpg,1908,1895,-13
31605.jpg,1908,1930,22
31610.jpg,1908,1850,-58
31620.jpg,1908,1950,42
31625.jpg,1908,1950,42
31630.jpg,1908,1900,-8
31635.jpg,1908,1920,12
31640.jpg,1908,1950,42
31645.jpg,1908,1950,42
31650.jpg,1908,1950,42
31655.jpg,1908,1890,-18
31660.jpg,1908,1900,-8
31665.jpg,1908,1850,-58
31670.jpg,1908,1895,-13
31675.jpg,1908,1890,-18
31680.jpg,1908,1890,-18
31685.jpg,1908,1900,-8
31690.jpg,1908,1900,-8
31695.jpg,1908,1900,-8
31700.jpg,1908,1900,-8
31705.jpg,1908,1850,-58
31710.jpg,1908,1890,-18
31715.jpg,1908,1890,-18
31720.jpg,1908,1950,42
31725.jpg,1908,1950,42
31730.jpg,1908,1900,-8
31735.jpg,1908,1950,42
31740.jpg,1908,1980,72
31745.jpg,1908,1950,42
31750.jpg,1908,1950,42
31755.jpg,1908,1895,-13
31760.jpg,1908,1900,-8
31765.jpg,1909,1900,-9
31770.jpg,1909,1900,-9
31775.jpg,1909,1900,-9
31780.jpg,1909,1890,-19
31785.jpg,1909,1990,81
31790.jpg,1909,1950,41
31805.jpg,1909,1950,41
31815.jpg,1909,1890,-19
31820.jpg,1909,1950,41
31825.jpg,1909,1930,21
31830.jpg,1909,1890,-19
31835.jpg,1909,1950,41
31840.jpg,1909,1890,-19
31845.jpg,1909,1900,-9
31850.jpg,1909,1900,-9
31855.jpg,1909,1930,21
31860.jpg,1909,1880,-29
31865.jpg,1909,1905,-4
31870.jpg,1909,1930,21
31875.jpg,1909,1890,-19
31880.jpg,1909,1905,-4
31885.jpg,1909,1900,-9
31890.jpg,1909,1900,-9
31895.jpg,1909,1920,11
31900.jpg,1909,1920,11
31905.jpg,1909,1900,-9
31910.jpg,1909,1925,16
31915.jpg,1909,1950,41
31920.jpg,1909,1350,-559
31925.jpg,1909,1950,41
31930.jpg,1909,1890,-19
31935.jpg,1909,1900,-9
31940.jpg,1909,1900,-9
31945.jpg,1909,1920,11
31950.jpg,1909,1930,21
31955.jpg,1909,1900,-9
31960.jpg,1909,1990,81
31970.jpg,1909,1850,-59
31975.jpg,1909,1890,-19
31980.jpg,1909,1890,-19
31985.jpg,1909,1890,-19
31990.jpg,1909,1920,11
31995.jpg,1909,1980,71
32005.jpg,1909,1850,-59
32015.jpg,1909,1890,-19
32020.jpg,1909,1900,-9
32025.jpg,1909,1900,-9
32030.jpg,1909,1900,-9
32035.jpg,1909,1850,-59
32045.jpg,1909,1890,-19
32050.jpg,1909,1890,-19
32055.jpg,1909,1950,41
32060.jpg,1909,1950,41
32065.jpg,1909,1900,-9
32070.jpg,1909,1920,11
32075.jpg,1909,1920,11
32080.jpg,1909,1850,-59
32085.jpg,1909,1900,-9
32090.jpg,1909,1890,-19
32095.jpg,1909,1890,-19
32100.jpg,1909,1950,41
32105.jpg,1909,1950,41
32110.jpg,1909,1980,71
32115.jpg,1909,1925,16
32120.jpg,1909,1980,71
32125.jpg,1909,1920,11
32130.jpg,1909,1950,41
32135.jpg,1909,1890,-19
32140.jpg,1909,1890,-19
32145.jpg,1909,1900,-9
32150.jpg,1909,1850,-59
32155.jpg,1909,1950,41
32160.jpg,1909,1900,-9
32165.jpg,1909,1900,-9
32170.jpg,1909,1900,-9
32175.jpg,1909,1900,-9
32180.jpg,1909,1920,11
32185.jpg,1909,1880,-29
32190.jpg,1909,1850,-59
32195.jpg,1909,1920,11
32200.jpg,1909,1950,41
32205.jpg,1909,1950,41
32210.jpg,1909,1890,-19
32215.jpg,1909,1900,-9
32220.jpg,1909,1890,-19
32225.jpg,1909,1950,41
32230.jpg,1910,1880,-30
32235.jpg,1910,1900,-10
32240.jpg,1910,1900,-10
32245.jpg,1910,1890,-20
32255.jpg,1910,1890,-20
32260.jpg,1910,1950,40
32265.jpg,1910,1950,40
32270.jpg,1910,1950,40
32275.jpg,1910,1950,40
32280.jpg,1910,1930,20
32285.jpg,1910,1850,-60
32290.jpg,1910,1890,-20
32295.jpg,1910,1900,-10
32300.jpg,1910,1850,-60
32305.jpg,1910,1900,-10
32310.jpg,1910,1890,-20
32315.jpg,1910,1900,-10
32320.jpg,1910,1850,-60
32325.jpg,1910,1890,-20
32330.jpg,1910,1910,0
32335.jpg,1910,1905,-5
32340.jpg,1910,1850,-60
32345.jpg,1910,1900,-10
32350.jpg,1910,1900,-10
32355.jpg,1910,1900,-10
32360.jpg,1910,1950,40
32365.jpg,1910,1950,40
32370.jpg,1910,1950,40
32375.jpg,1910,1900,-10
32380.jpg,1910,1850,-60
32385.jpg,1910,1970,60
32390.jpg,1910,1930,20
32395.jpg,1910,1950,40
32400.jpg,1910,1900,-10
32405.jpg,1910,1850,-60
32410.jpg,1910,1930,20
32415.jpg,1910,1850,-60
32420.jpg,1910,1900,-10
32425.jpg,1910,1850,-60
32430.jpg,1910,1900,-10
32435.jpg,1910,1895,-15
32440.jpg,1910,1900,-10
32445.jpg,1910,1890,-20
32450.jpg,1910,1900,-10
32455.jpg,1910,1920,10
32460.jpg,1910,1900,-10
32465.jpg,1910,1920,10
32470.jpg,1910,1890,-20
32475.jpg,1910,1950,40
32480.jpg,1910,1900,-10
32485.jpg,1910,1950,40
32490.jpg,1910,1890,-20
32495.jpg,1910,1950,40
32500.jpg,1910,1890,-20
32505.jpg,1910,1950,40
32510.jpg,1910,1990,80
32515.jpg,1910,1900,-10
32520.jpg,1910,1900,-10
32525.jpg,1910,1895,-15
32530.jpg,1910,1895,-15
32535.jpg,1910,1950,40
32540.jpg,1910,1950,40
32545.jpg,1910,1950,40
32550.jpg,1910,1900,-10
32555.jpg,1910,1900,-10
32560.jpg,1910,1980,70
32565.jpg,1910,1900,-10
32570.jpg,1910,1900,-10
32575.jpg,1910,1895,-15
32580.jpg,1910,1930,20
32585.jpg,1910,1900,-10
32590.jpg,1910,1900,-10
32595.jpg,1910,1890,-20
32600.jpg,1910,1880,-30
32605.jpg,1910,1960,50
32610.jpg,1910,1950,40
32615.jpg,1910,1950,40
32620.jpg,1910,1920,10
32625.jpg,1910,1950,40
32630.jpg,1910,1900,-10
32635.jpg,1910,1920,10
32640.jpg,1910,1900,-10
32645.jpg,1910,1900,-10
32650.jpg,1910,1890,-20
32655.jpg,1910,1950,40
32660.jpg,1910,1900,-10
32665.jpg,1910,1895,-15
32675.jpg,1910,1900,-10
32680.jpg,1910,1850,-60
32685.jpg,1910,1900,-10
32690.jpg,1910,1900,-10
32695.jpg,1910,1890,-20
32700.jpg,1910,1900,-10
32705.jpg,1910,1850,-60
32710.jpg,1910,1950,40
32715.jpg,1910,1950,40
32720.jpg,1910,1890,-20
32725.jpg,1910,1895,-15
32730.jpg,1910,1950,40
32735.jpg,1910,1850,-60
32740.jpg,1911,1450,-461
32745.jpg,1911,1890,-21
32750.jpg,1911,1920,9
32755.jpg,1911,1930,19
32760.jpg,1911,1900,-11
32765.jpg,1911,1890,-21
32770.jpg,1911,1890,-21
32775.jpg,1911,1920,9
32780.jpg,1911,1950,39
32785.jpg,1911,1920,9
32790.jpg,1911,1890,-21
32795.jpg,1911,1910,-1
32800.jpg,1911,1950,39
32805.jpg,1911,1850,-61
32810.jpg,1911,1890,-21
32815.jpg,1911,1900,-11
32820.jpg,1911,1950,39
32825.jpg,1911,1925,14
32830.jpg,1911,1950,39
32835.jpg,1911,1900,-11
32840.jpg,1911,1980,69
32845.jpg,1911,1550,-361
32850.jpg,1911,1930,19
32855.jpg,1911,1920,9
32860.jpg,1911,1950,39
32865.jpg,1911,1900,-11
32870.jpg,1911,1900,-11
32875.jpg,1911,1895,-16
32885.jpg,1911,1890,-21
32890.jpg,1911,1850,-61
32895.jpg,1911,1890,-21
32900.jpg,1911,1890,-21
32905.jpg,1911,1900,-11
32910.jpg,1911,1850,-61
32915.jpg,1911,1900,-11
32920.jpg,1911,1890,-21
32925.jpg,1911,1925,14
32930.jpg,1911,1920,9
32935.jpg,1911,1960,49
32940.jpg,1911,1920,9
32945.jpg,1911,1920,9
32950.jpg,1911,2010,99
32955.jpg,1911,1900,-11
32960.jpg,1911,1900,-11
32965.jpg,1911,1960,49
32970.jpg,1911,1850,-61
32975.jpg,1911,1850,-61
32980.jpg,1911,1895,-16
32985.jpg,1911,1895,-16
32990.jpg,1911,1850,-61
32995.jpg,1911,1900,-11
33000.jpg,1911,1900,-11
33005.jpg,1911,1850,-61
33010.jpg,1911,1900,-11
33015.jpg,1911,1895,-16
33020.jpg,1911,1950,39
33025.jpg,1911,1850,-61
33030.jpg,1911,1890,-21
33035.jpg,1911,1980,69
33040.jpg,1911,1950,39
33045.jpg,1911,1890,-21
33050.jpg,1911,1950,39
33055.jpg,1911,1950,39
33060.jpg,1911,1950,39
33065.jpg,1911,1890,-21
33070.jpg,1911,1950,39
33075.jpg,1911,1900,-11
33080.jpg,1911,1900,-11
33085.jpg,1911,1890,-21
33090.jpg,1911,1900,-11
33095.jpg,1911,1895,-16
33100.jpg,1911,1850,-61
33105.jpg,1911,1850,-61
33110.jpg,1911,1900,-11
33115.jpg,1911,1890,-21
33120.jpg,1911,1900,-11
33125.jpg,1911,1990,79
33130.jpg,1911,1950,39
33135.jpg,1911,1920,9
33140.jpg,1911,1890,-21
33145.jpg,1911,1850,-61
33150.jpg,1911,1500,-411
33155.jpg,1911,1970,59
33160.jpg,1911,1950,39
33165.jpg,1911,1900,-11
33170.jpg,1911,1930,19
33175.jpg,1911,1960,49
33180.jpg,1911,1950,39
33185.jpg,1911,1895,-16
33190.jpg,1911,1900,-11
33195.jpg,1911,1980,69
33200.jpg,1911,1900,-11
33205.jpg,1911,1900,-11
33210.jpg,1911,1890,-21
33215.jpg,1911,1900,-11
33220.jpg,1911,1910,-1
33225.jpg,1911,1950,39
33230.jpg,1911,1890,-21
33235.jpg,1911,1850,-61
33240.jpg,1911,1850,-61
33245.jpg,1911,1920,9
33250.jpg,1911,1950,39
33255.jpg,1911,1880,-31
33260.jpg,1911,1900,-11
33265.jpg,1911,1890,-21
33270.jpg,1911,1890,-21
33275.jpg,1911,1900,-11
33280.jpg,1912,1920,8
33285.jpg,1912,1920,8
33290.jpg,1912,1890,-22
33295.jpg,1912,1890,-22
33300.jpg,1912,1900,-12
33310.jpg,1912,1950,38
33315.jpg,1912,1980,68
33320.jpg,1912,1990,78
33325.jpg,1912,1890,-22
33330.jpg,1912,1990,78
33335.jpg,1912,1850,-62
33340.jpg,1912,1950,38
33345.jpg,1912,1950,38
33350.jpg,1912,1850,-62
33355.jpg,1912,1930,18
33360.jpg,1912,1920,8
33365.jpg,1912,1900,-12
33375.jpg,1912,1910,-2
33380.jpg,1912,1930,18
33385.jpg,1912,1900,-12
33390.jpg,1912,1900,-12
33395.jpg,1912,1970,58
33400.jpg,1912,1900,-12
33405.jpg,1912,1980,68
33410.jpg,1912,1900,-12
33415.jpg,1912,1900,-12
33420.jpg,1912,1900,-12
33425.jpg,1912,1900,-12
33430.jpg,1912,1925,13
33435.jpg,1912,1850,-62
33440.jpg,1912,1930,18
33445.jpg,1912,1925,13
33450.jpg,1912,1900,-12
33455.jpg,1912,1850,-62
33460.jpg,1912,1900,-12
33465.jpg,1912,1890,-22
33470.jpg,1912,1900,-12
33475.jpg,1912,1890,-22
33480.jpg,1912,1960,48
33485.jpg,1912,1950,38
33490.jpg,1912,1880,-32
33495.jpg,1912,1900,-12
33500.jpg,1912,1930,18
33505.jpg,1912,1850,-62
33510.jpg,1912,1950,38
33515.jpg,1912,1950,38
33520.jpg,1912,1950,38
33525.jpg,1912,1950,38
33530.jpg,1912,1890,-22
33535.jpg,1912,1890,-22
33540.jpg,1912,1920,8
33545.jpg,1912,1900,-12
33550.jpg,1912,1920,8
33555.jpg,1912,1890,-22
33560.jpg,1912,1890,-22
33565.jpg,1912,1850,-62
33570.jpg,1912,1900,-12
33580.jpg,1912,1850,-62
33585.jpg,1912,1890,-22
33590.jpg,1912,1895,-17
33595.jpg,1912,1900,-12
33600.jpg,1912,1890,-22
33605.jpg,1912,1900,-12
33615.jpg,1912,1930,18
33620.jpg,1912,1980,68
33625.jpg,1912,1900,-12
33630.jpg,1912,1850,-62
33635.jpg,1912,1980,68
33640.jpg,1912,1895,-17
33645.jpg,1912,1950,38
33650.jpg,1912,1900,-12
33655.jpg,1912,1950,38
33660.jpg,1912,1895,-17
33665.jpg,1912,1890,-22
33670.jpg,1912,1950,38
33675.jpg,1912,1960,48
33680.jpg,1912,1890,-22
33685.jpg,1912,1950,38
33690.jpg,1912,1970,58
33695.jpg,1912,1850,-62
33700.jpg,1912,1930,18
33705.jpg,1912,1900,-12
33710.jpg,1912,1900,-12
33715.jpg,1912,1930,18
33720.jpg,1912,1890,-22
33725.jpg,1912,1920,8
33735.jpg,1912,1850,-62
33740.jpg,1912,1900,-12
33745.jpg,1912,1950,38
33750.jpg,1912,1890,-22
33755.jpg,1912,1900,-12
33760.jpg,1912,1850,-62
33765.jpg,1913,1950,37
33770.jpg,1913,1890,-23
33775.jpg,1913,1890,-23
33780.jpg,1913,1900,-13
33785.jpg,1913,1900,-13
33790.jpg,1913,1900,-13
33795.jpg,1913,1890,-23
33800.jpg,1913,1890,-23
33805.jpg,1913,1900,-13
33810.jpg,1913,1900,-13
33815.jpg,1913,1930,17
33820.jpg,1913,1930,17
33825.jpg,1913,1920,7
33830.jpg,1913,1900,-13
33840.jpg,1913,1925,12
33845.jpg,1913,1900,-13
33850.jpg,1913,1925,12
33855.jpg,1913,1925,12
33860.jpg,1913,1900,-13
33865.jpg,1913,1925,12
33870.jpg,1913,1890,-23
33875.jpg,1913,1900,-13
33880.jpg,1913,1900,-13
33885.jpg,1913,1900,-13
33890.jpg,1913,1900,-13
33895.jpg,1913,1960,47
33900.jpg,1913,1905,-8
33905.jpg,1913,1890,-23
33910.jpg,1913,1890,-23
33915.jpg,1913,1900,-13
33920.jpg,1913,1890,-23
33925.jpg,1913,1950,37
33930.jpg,1913,1900,-13
33935.jpg,1913,1900,-13
33940.jpg,1913,1950,37
33945.jpg,1913,1920,7
33950.jpg,1913,1890,-23
33955.jpg,1913,1900,-13
33960.jpg,1913,1880,-33
33965.jpg,1913,1900,-13
33970.jpg,1913,1850,-63
33975.jpg,1913,1920,7
33980.jpg,1913,1930,17
33985.jpg,1913,1960,47
33990.jpg,1913,1900,-13
33995.jpg,1913,1900,-13
34000.jpg,1913,1850,-63
34005.jpg,1913,1950,37
34010.jpg,1913,1850,-63
34015.jpg,1913,1950,37
34020.jpg,1913,1930,17
34025.jpg,1913,1980,67
34030.jpg,1913,1900,-13
34035.jpg,1913,1950,37
34040.jpg,1913,1920,7
34045.jpg,1913,1925,12
34050.jpg,1913,1950,37
34055.jpg,1913,1900,-13
34060.jpg,1913,1900,-13
34065.jpg,1913,1890,-23
34070.jpg,1913,1900,-13
34080.jpg,1913,1950,37
34085.jpg,1913,1890,-23
34090.jpg,1913,1950,37
34095.jpg,1913,1850,-63
34100.jpg,1913,1900,-13
34105.jpg,1913,1890,-23
34110.jpg,1913,1900,-13
34115.jpg,1913,1900,-13
34120.jpg,1913,1950,37
34125.jpg,1913,1950,37
34130.jpg,1913,1900,-13
34135.jpg,1913,1895,-18
34140.jpg,1913,1900,-13
34145.jpg,1913,1950,37
34150.jpg,1913,1890,-23
34155.jpg,1913,1900,-13
34160.jpg,1913,1850,-63
34165.jpg,1913,1920,7
34170.jpg,1913,1900,-13
34175.jpg,1913,1890,-23
34180.jpg,1913,1890,-23
34185.jpg,1913,1880,-33
34190.jpg,1913,1980,67
34195.jpg,1913,1850,-63
34200.jpg,1913,1850,-63
34205.jpg,1913,1890,-23
34210.jpg,1913,1890,-23
34215.jpg,1913,1950,37
34220.jpg,1913,1900,-13
34225.jpg,1914,1930,16
34230.jpg,1914,1900,-14
34235.jpg,1914,1925,11
34240.jpg,1914,1900,-14
34245.jpg,1914,1960,46
34250.jpg,1914,1950,36
34260.jpg,1914,1990,76
34265.jpg,1914,1930,16
34270.jpg,1914,1920,6
34275.jpg,1914,1920,6
34280.jpg,1914,1890,-24
34285.jpg,1914,1950,36
34290.jpg,1914,1890,-24
34295.jpg,1914,1925,11
34300.jpg,1914,1925,11
34305.jpg,1914,1900,-14
34310.jpg,1914,1950,36
34315.jpg,1914,1900,-14
34320.jpg,1914,1900,-14
34325.jpg,1914,1900,-14
34330.jpg,1914,1900,-14
34335.jpg,1914,1930,16
34345.jpg,1914,1920,6
34350.jpg,1914,1850,-64
34360.jpg,1914,1900,-14
34365.jpg,1914,1900,-14
34370.jpg,1914,1900,-14
34375.jpg,1914,1890,-24
34380.jpg,1914,1930,16
34385.jpg,1914,1850,-64
34390.jpg,1914,1900,-14
34395.jpg,1914,1900,-14
34400.jpg,1914,1890,-24
34405.jpg,1914,1900,-14
34410.jpg,1914,1960,46
34415.jpg,1914,1900,-14
34420.jpg,1914,1990,76
34425.jpg,1914,1850,-64
34430.jpg,1914,1900,-14
34435.jpg,1914,1900,-14
34440.jpg,1914,1890,-24
34445.jpg,1914,1890,-24
34450.jpg,1914,1890,-24
34455.jpg,1914,1890,-24
34460.jpg,1914,1890,-24
34465.jpg,1914,1950,36
34470.jpg,1914,1950,36
34475.jpg,1914,1890,-24
34480.jpg,1914,1950,36
34485.jpg,1914,1950,36
34490.jpg,1914,1950,36
34495.jpg,1914,1850,-64
34500.jpg,1914,1890,-24
34505.jpg,1914,1950,36
34515.jpg,1914,1850,-64
34520.jpg,1914,1900,-14
34525.jpg,1914,1890,-24
34530.jpg,1914,1890,-24
34535.jpg,1914,1890,-24
34540.jpg,1914,1920,6
34545.jpg,1914,1900,-14
34550.jpg,1914,1900,-14
34555.jpg,1914,1890,-24
34560.jpg,1914,1980,66
34565.jpg,1914,1890,-24
34570.jpg,1914,1980,66
34575.jpg,1914,1900,-14
34580.jpg,1914,1900,-14
34590.jpg,1914,1850,-64
34595.jpg,1914,1950,36
34600.jpg,1914,1900,-14
34605.jpg,1914,1850,-64
34610.jpg,1914,1900,-14
34615.jpg,1914,1900,-14
34620.jpg,1914,1850,-64
34625.jpg,1914,1900,-14
34630.jpg,1914,1850,-64
34635.jpg,1914,1850,-64
34640.jpg,1914,1850,-64
34645.jpg,1914,1900,-14
34650.jpg,1914,1900,-14
34655.jpg,1914,1925,11
34660.jpg,1914,1930,16
34665.jpg,1914,1930,16
34670.jpg,1914,1890,-24
34675.jpg,1914,1920,6
34680.jpg,1914,1900,-14
34685.jpg,1914,1960,46
34690.jpg,1914,1900,-14
34695.jpg,1914,1890,-24
34700.jpg,1914,1900,-14
34705.jpg,1914,1900,-14
34710.jpg,1914,1900,-14
34715.jpg,1914,1880,-34
34720.jpg,1915,1850,-65
34725.jpg,1915,1900,-15
34730.jpg,1915,1925,10
34735.jpg,1915,1920,5
34740.jpg,1915,1916,1
34750.jpg,1915,1920,5
34755.jpg,1915,1950,35
34765.jpg,1915,1890,-25
34770.jpg,1915,1930,15
34775.jpg,1915,1890,-25
34780.jpg,1915,1950,35
34785.jpg,1915,1900,-15
34790.jpg,1915,1925,10
34795.jpg,1915,1850,-65
34800.jpg,1915,1950,35
34805.jpg,1915,1900,-15
34810.jpg,1915,1950,35
34815.jpg,1915,1900,-15
34820.jpg,1915,1970,55
34825.jpg,1915,1910,-5
34830.jpg,1915,1890,-25
34835.jpg,1915,1900,-15
34840.jpg,1915,1920,5
34845.jpg,1915,1950,35
34850.jpg,1915,1890,-25
34855.jpg,1915,1925,10
34860.jpg,1915,1950,35
34865.jpg,1915,1900,-15
34870.jpg,1915,1970,55
34875.jpg,1915,1930,15
34880.jpg,1915,1900,-15
34885.jpg,1915,1850,-65
34890.jpg,1915,1850,-65
34895.jpg,1915,1900,-15
34900.jpg,1915,1930,15
34905.jpg,1915,1900,-15
34910.jpg,1915,1980,65
34915.jpg,1915,1920,5
34920.jpg,1915,1890,-25
34925.jpg,1915,1890,-25
34930.jpg,1915,1980,65
34935.jpg,1915,1900,-15
34940.jpg,1915,1890,-25
34945.jpg,1915,1950,35
34950.jpg,1915,1950,35
34955.jpg,1915,1850,-65
34960.jpg,1915,1990,75
34965.jpg,1915,1990,75
34970.jpg,1915,1950,35
34975.jpg,1915,1900,-15
34980.jpg,1915,1920,5
34985.jpg,1915,1890,-25
34990.jpg,1915,1950,35
34995.jpg,1915,1900,-15
35000.jpg,1915,1895,-20
35005.jpg,1915,1950,35
35010.jpg,1915,1950,35
35015.jpg,1915,1950,35
35020.jpg,1915,1950,35
35025.jpg,1915,1890,-25
35030.jpg,1915,1920,5
35035.jpg,1915,1890,-25
35040.jpg,1915,1890,-25
35045.jpg,1915,1930,15
35050.jpg,1915,1950,35
35055.jpg,1915,1920,5
35060.jpg,1915,1950,35
35065.jpg,1915,1930,15
35070.jpg,1915,1890,-25
35075.jpg,1915,1930,15
35080.jpg,1915,1950,35
35085.jpg,1915,1900,-15
35090.jpg,1915,1930,15
35095.jpg,1915,1900,-15
35100.jpg,1915,1900,-15
35105.jpg,1915,1950,35
35110.jpg,1915,1920,5
35115.jpg,1915,1950,35
35120.jpg,1915,1900,-15
35125.jpg,1915,1890,-25
35130.jpg,1915,1925,10
35135.jpg,1915,1850,-65
35140.jpg,1915,1850,-65
35145.jpg,1915,1930,15
35150.jpg,1915,1930,15
35155.jpg,1915,1900,-15
35160.jpg,1916,1900,-16
35165.jpg,1916,1950,34
35170.jpg,1916,1950,34
35175.jpg,1916,1880,-36
35180.jpg,1916,1890,-26
35185.jpg,1916,1900,-16
35190.jpg,1916,1890,-26
35195.jpg,1916,1950,34
35200.jpg,1916,1930,14
35205.jpg,1916,1930,14
35210.jpg,1916,1930,14
35215.jpg,1916,1850,-66
35220.jpg,1916,1930,14
35225.jpg,1916,1900,-16
35230.jpg,1916,1930,14
35235.jpg,1916,1900,-16
35240.jpg,1916,1900,-16
35245.jpg,1916,1895,-21
35250.jpg,1916,1900,-16
35255.jpg,1916,1950,34
35260.jpg,1916,1925,9
35265.jpg,1916,1900,-16
35270.jpg,1916,1890,-26
35275.jpg,1916,1850,-66
35280.jpg,1916,1900,-16
35285.jpg,1916,1900,-16
35290.jpg,1916,1890,-26
35295.jpg,1916,1880,-36
35300.jpg,1916,1880,-36
35305.jpg,1916,1900,-16
35310.jpg,1916,1850,-66
35315.jpg,1916,1900,-16
35320.jpg,1916,1850,-66
35325.jpg,1916,1900,-16
35330.jpg,1916,1900,-16
35335.jpg,1916,1850,-66
35340.jpg,1916,1950,34
35345.jpg,1916,1900,-16
35350.jpg,1916,1920,4
35355.jpg,1916,1950,34
35360.jpg,1916,1900,-16
35365.jpg,1916,1950,34
35370.jpg,1916,1890,-26
35375.jpg,1916,1900,-16
35380.jpg,1916,1920,4
35385.jpg,1916,1950,34
35390.jpg,1916,1950,34
35395.jpg,1916,1950,34
35400.jpg,1916,1920,4
35405.jpg,1916,1890,-26
35410.jpg,1916,1950,34
35415.jpg,1916,1895,-21
35420.jpg,1916,1850,-66
35425.jpg,1916,1950,34
35430.jpg,1916,1980,64
35435.jpg,1916,1850,-66
35440.jpg,1916,1890,-26
35445.jpg,1916,1900,-16
35450.jpg,1916,1900,-16
35455.jpg,1916,1900,-16
35460.jpg,1916,1900,-16
35465.jpg,1916,1930,14
35470.jpg,1916,1900,-16
35475.jpg,1916,1880,-36
35480.jpg,1916,1950,34
35485.jpg,1916,1850,-66
35490.jpg,1916,1930,14
35495.jpg,1916,1930,14
35500.jpg,1916,1930,14
35505.jpg,1916,1890,-26
35510.jpg,1916,1850,-66
35515.jpg,1916,1930,14
35520.jpg,1916,1920,4
35525.jpg,1916,1890,-26
35530.jpg,1916,1950,34
35535.jpg,1917,1890,-27
35540.jpg,1917,1925,8
35545.jpg,1917,1900,-17
35550.jpg,1917,1895,-22
35555.jpg,1917,1930,13
35560.jpg,1917,1900,-17
35565.jpg,1917,1990,73
35570.jpg,1917,1950,33
35575.jpg,1917,1900,-17
35580.jpg,1917,1850,-67
35585.jpg,1917,1880,-37
35590.jpg,1917,1930,13
35595.jpg,1917,1930,13
35600.jpg,1917,1900,-17
35605.jpg,1917,1910,-7
35610.jpg,1917,1900,-17
35615.jpg,1917,1920,3
35620.jpg,1917,1940,23
35625.jpg,1917,1900,-17
35630.jpg,1917,1900,-17
35635.jpg,1917,1900,-17
35640.jpg,1917,1900,-17
35645.jpg,1917,1900,-17
35650.jpg,1917,1950,33
35655.jpg,1917,1950,33
35660.jpg,1917,1960,43
35665.jpg,1917,1920,3
35670.jpg,1917,1970,53
35675.jpg,1917,1890,-27
35680.jpg,1917,1950,33
35685.jpg,1917,1850,-67
35690.jpg,1917,1950,33
35695.jpg,1917,1900,-17
35700.jpg,1917,1450,-467
35705.jpg,1917,1950,33
35710.jpg,1917,1900,-17
35715.jpg,1917,1930,13
35720.jpg,1917,1950,33
35725.jpg,1917,1990,73
35730.jpg,1917,1960,43
35735.jpg,1917,1960,43
35740.jpg,1917,1900,-17
35745.jpg,1917,1900,-17
35750.jpg,1917,1850,-67
35755.jpg,1917,1950,33
35760.jpg,1917,1950,33
35765.jpg,1917,1950,33
35770.jpg,1917,1900,-17
35775.jpg,1917,1950,33
35780.jpg,1917,1890,-27
35785.jpg,1917,1990,73
35790.jpg,1917,1925,8
35795.jpg,1917,1900,-17
35800.jpg,1917,1900,-17
35805.jpg,1917,1950,33
35810.jpg,1917,1900,-17
35815.jpg,1917,1950,33
35820.jpg,1917,1950,33
35825.jpg,1917,1890,-27
35830.jpg,1917,1900,-17
35835.jpg,1917,1950,33
35840.jpg,1917,1890,-27
35845.jpg,1917,1950,33
35850.jpg,1917,1900,-17
35855.jpg,1917,1930,13
35860.jpg,1917,1890,-27
35865.jpg,1917,1950,33
35870.jpg,1917,1950,33
35875.jpg,1917,1450,-467
35880.jpg,1917,1890,-27
35885.jpg,1917,1950,33
35890.jpg,1917,1890,-27
35895.jpg,1917,1900,-17
35900.jpg,1917,1980,63
35905.jpg,1917,1920,3
35910.jpg,1917,1890,-27
35915.jpg,1917,1950,33
35920.jpg,1918,1930,12
35925.jpg,1918,1980,62
35930.jpg,1918,1890,-28
35935.jpg,1918,1980,62
35940.jpg,1918,1950,32
35945.jpg,1918,1920,2
35950.jpg,1918,1950,32
35955.jpg,1918,1950,32
35960.jpg,1918,1900,-18
35965.jpg,1918,1950,32
35970.jpg,1918,1950,32
35980.jpg,1918,1930,12
35985.jpg,1918,1850,-68
35990.jpg,1918,1960,42
35995.jpg,1918,1900,-18
36000.jpg,1918,1890,-28
36005.jpg,1918,1950,32
36010.jpg,1918,1890,-28
36015.jpg,1918,1890,-28
36020.jpg,1918,1950,32
36025.jpg,1918,1900,-18
36030.jpg,1918,1950,32
36035.jpg,1918,1980,62
36040.jpg,1918,1890,-28
36045.jpg,1918,1890,-28
36050.jpg,1918,1950,32
36055.jpg,1918,1850,-68
36060.jpg,1918,1950,32
36065.jpg,1918,1950,32
36070.jpg,1918,1900,-18
36075.jpg,1918,1890,-28
36080.jpg,1918,1960,42
36085.jpg,1918,1890,-28
36090.jpg,1918,1900,-18
36095.jpg,1918,1900,-18
36100.jpg,1918,1850,-68
36105.jpg,1918,1925,7
36110.jpg,1918,1950,32
36115.jpg,1919,1900,-19
36120.jpg,1919,1950,31
36130.jpg,1919,1970,51
36140.jpg,1919,1925,6
36145.jpg,1919,1925,6
36150.jpg,1919,1950,31
36155.jpg,1919,1950,31
36160.jpg,1919,1920,1
36165.jpg,1919,1900,-19
36170.jpg,1919,1900,-19
36175.jpg,1919,1950,31
36180.jpg,1919,1950,31
36190.jpg,1919,1950,31
36195.jpg,1919,1850,-69
36200.jpg,1919,1930,11
36205.jpg,1919,1960,41
36210.jpg,1919,1900,-19
36215.jpg,1919,1890,-29
36225.jpg,1919,1890,-29
36230.jpg,1919,1950,31
36235.jpg,1919,1900,-19
36240.jpg,1919,1890,-29
36245.jpg,1919,1950,31
36250.jpg,1919,1950,31
36255.jpg,1919,1850,-69
36260.jpg,1919,1900,-19
36265.jpg,1919,1900,-19
36270.jpg,1919,1890,-29
36275.jpg,1919,1890,-29
36280.jpg,1919,1850,-69
36285.jpg,1919,1930,11
36290.jpg,1919,2010,91
36295.jpg,1919,1900,-19
36300.jpg,1919,1910,-9
36305.jpg,1919,1900,-19
36310.jpg,1919,1900,-19
36315.jpg,1919,1890,-29
36320.jpg,1919,1950,31
36325.jpg,1919,1900,-19
36330.jpg,1919,1950,31
36335.jpg,1919,1950,31
36340.jpg,1919,1950,31
36345.jpg,1919,1900,-19
36350.jpg,1920,1920,0
36355.jpg,1920,1890,-30
36360.jpg,1920,1920,0
36365.jpg,1920,1950,30
36370.jpg,1920,1950,30
36375.jpg,1920,1930,10
36385.jpg,1920,1960,40
36390.jpg,1920,1920,0
36395.jpg,1920,1950,30
36400.jpg,1920,1850,-70
36405.jpg,1920,1920,0
36410.jpg,1920,1950,30
36415.jpg,1920,1850,-70
36420.jpg,1920,1920,0
36425.jpg,1920,1960,40
36430.jpg,1920,1850,-70
36435.jpg,1920,1900,-20
36440.jpg,1920,1850,-70
36445.jpg,1920,1890,-30
36450.jpg,1920,1930,10
36455.jpg,1920,1700,-220
36460.jpg,1920,1850,-70
36465.jpg,1920,1900,-20
36470.jpg,1920,1900,-20
36475.jpg,1920,1880,-40
36480.jpg,1920,1890,-30
36485.jpg,1920,1980,60
36490.jpg,1920,1950,30
36495.jpg,1920,1900,-20
36500.jpg,1920,1980,60
36505.jpg,1920,1950,30
36510.jpg,1920,1890,-30
36515.jpg,1920,1900,-20
36520.jpg,1920,1890,-30
36525.jpg,1920,1890,-30
36530.jpg,1920,1850,-70
36535.jpg,1920,1900,-20
36540.jpg,1920,1925,5
36545.jpg,1920,1950,30
36550.jpg,1920,1850,-70
36555.jpg,1920,1850,-70
36560.jpg,1920,1950,30
36565.jpg,1920,1850,-70
36570.jpg,1920,1990,70
36575.jpg,1920,1950,30
36580.jpg,1920,1950,30
36585.jpg,1920,1900,-20
36590.jpg,1920,1900,-20
36595.jpg,1920,1890,-30
36600.jpg,1920,1980,60
36605.jpg,1920,1890,-30
36610.jpg,1920,1900,-20
36615.jpg,1920,1890,-30
36620.jpg,1920,1900,-20
36625.jpg,1920,1920,0
36630.jpg,1920,1920,0
36635.jpg,1920,1900,-20
36640.jpg,1920,1930,10
36650.jpg,1920,1850,-70
36655.jpg,1920,1990,70
36660.jpg,1920,1890,-30
36665.jpg,1920,1950,30
36670.jpg,1920,1850,-70
36675.jpg,1920,1900,-20
36680.jpg,1920,1900,-20
36685.jpg,1920,1850,-70
36690.jpg,1921,1920,-1
36695.jpg,1921,1950,29
36700.jpg,1921,1960,39
36705.jpg,1921,1990,69
36710.jpg,1921,1930,9
36715.jpg,1921,1930,9
36720.jpg,1921,1980,59
36725.jpg,1921,1930,9
36735.jpg,1921,1950,29
36740.jpg,1921,1920,-1
36745.jpg,1921,1900,-21
36750.jpg,1921,1900,-21
36755.jpg,1921,1925,4
36760.jpg,1921,1850,-71
36765.jpg,1921,1950,29
36770.jpg,1921,1925,4
36775.jpg,1921,1920,-1
36780.jpg,1921,1930,9
36785.jpg,1921,1930,9
36790.jpg,1921,1930,9
36795.jpg,1921,1925,4
36800.jpg,1921,1850,-71
36805.jpg,1921,1900,-21
36810.jpg,1921,1850,-71
36815.jpg,1921,1900,-21
36820.jpg,1921,1850,-71
36830.jpg,1921,1950,29
36835.jpg,1921,1900,-21
36840.jpg,1921,1900,-21
36845.jpg,1921,1950,29
36850.jpg,1921,1950,29
36855.jpg,1921,1900,-21
36860.jpg,1921,1950,29
36870.jpg,1921,1950,29
36875.jpg,1921,1920,-1
36880.jpg,1921,1900,-21
36885.jpg,1921,1950,29
36890.jpg,1921,1900,-21
36895.jpg,1921,1960,39
36900.jpg,1921,1960,39
36905.jpg,1921,1930,9
36910.jpg,1921,1850,-71
36920.jpg,1921,1930,9
36925.jpg,1921,1930,9
36930.jpg,1921,1910,-11
36935.jpg,1921,1900,-21
36940.jpg,1921,1950,29
36945.jpg,1921,1925,4
36950.jpg,1921,1890,-31
36955.jpg,1921,1900,-21
36960.jpg,1921,1350,-571
36965.jpg,1921,1950,29
36970.jpg,1922,1930,8
36975.jpg,1922,1890,-32
36980.jpg,1922,1910,-12
36985.jpg,1922,1950,28
36990.jpg,1922,1925,3
36995.jpg,1922,1960,38
37000.jpg,1922,1960,38
37005.jpg,1922,1950,28
37010.jpg,1922,1921,-1
37015.jpg,1922,1990,68
37020.jpg,1922,1850,-72
37025.jpg,1922,1950,28
37030.jpg,1922,1930,8
37045.jpg,1922,1920,-2
37050.jpg,1922,1950,28
37055.jpg,1922,1900,-22
37060.jpg,1922,1930,8
37065.jpg,1922,1925,3
37070.jpg,1922,1930,8
37075.jpg,1922,1890,-32
37080.jpg,1922,1950,28
37085.jpg,1922,1850,-72
37090.jpg,1922,1920,-2
37095.jpg,1922,1925,3
37100.jpg,1922,1850,-72
37105.jpg,1922,1850,-72
37110.jpg,1922,1930,8
37115.jpg,1922,1850,-72
37120.jpg,1922,1980,58
37125.jpg,1922,1890,-32
37130.jpg,1922,1890,-32
37135.jpg,1922,1890,-32
37140.jpg,1922,1900,-22
37145.jpg,1922,1890,-32
37150.jpg,1922,1950,28
37155.jpg,1922,1900,-22
37160.jpg,1922,1900,-22
37165.jpg,1922,1930,8
37170.jpg,1922,1950,28
37175.jpg,1922,1950,28
37180.jpg,1922,1850,-72
37185.jpg,1922,1900,-22
37190.jpg,1922,1950,28
37195.jpg,1922,1850,-72
37200.jpg,1922,1950,28
37205.jpg,1922,1950,28
37210.jpg,1922,1900,-22
37215.jpg,1922,1900,-22
37220.jpg,1922,1950,28
37225.jpg,1922,1980,58
37230.jpg,1922,1890,-32
37235.jpg,1922,1900,-22
37240.jpg,1922,1950,28
37245.jpg,1922,1950,28
37250.jpg,1922,1950,28
37255.jpg,1922,1980,58
37260.jpg,1922,1950,28
37270.jpg,1922,1930,8
37275.jpg,1922,1930,8
37280.jpg,1922,1950,28
37285.jpg,1922,1980,58
37290.jpg,1922,1895,-27
37295.jpg,1922,1980,58
37300.jpg,1922,1900,-22
37305.jpg,1922,1900,-22
37310.jpg,1923,1950,27
37315.jpg,1923,1930,7
37320.jpg,1923,1950,27
37330.jpg,1923,1920,-3
37335.jpg,1923,1930,7
37340.jpg,1923,2010,87
37345.jpg,1923,2010,87
37355.jpg,1923,1925,2
37360.jpg,1923,1850,-73
37365.jpg,1923,1950,27
37370.jpg,1923,1925,2
37375.jpg,1923,1930,7
37380.jpg,1923,1950,27
37385.jpg,1923,1930,7
37390.jpg,1923,1890,-33
37395.jpg,1923,1925,2
37400.jpg,1923,1850,-73
37405.jpg,1923,1925,2
37410.jpg,1923,1910,-13
37415.jpg,1923,1930,7
37420.jpg,1923,1930,7
37425.jpg,1923,1980,57
37430.jpg,1923,1890,-33
37435.jpg,1923,1930,7
37440.jpg,1923,1900,-23
37445.jpg,1923,1900,-23
37450.jpg,1923,1930,7
37455.jpg,1923,1930,7
37460.jpg,1923,1950,27
37465.jpg,1923,1960,37
37470.jpg,1923,1960,37
37475.jpg,1923,1950,27
37480.jpg,1923,1920,-3
37485.jpg,1923,1950,27
37490.jpg,1923,1930,7
37495.jpg,1923,1985,62
37500.jpg,1923,1950,27
37505.jpg,1923,1950,27
37510.jpg,1923,1900,-23
37515.jpg,1923,1950,27
37520.jpg,1923,1900,-23
37525.jpg,1923,1850,-73
37530.jpg,1923,1890,-33
37535.jpg,1923,1950,27
37540.jpg,1923,1950,27
37545.jpg,1923,1950,27
37550.jpg,1923,1900,-23
37555.jpg,1923,1990,67
37560.jpg,1923,1950,27
37565.jpg,1923,1850,-73
37570.jpg,1923,1890,-33
37575.jpg,1923,1930,7
37580.jpg,1923,1900,-23
37585.jpg,1923,1930,7
37590.jpg,1923,1900,-23
37595.jpg,1923,1900,-23
37600.jpg,1923,1930,7
37605.jpg,1923,1890,-33
37610.jpg,1923,1850,-73
37615.jpg,1923,1960,37
37620.jpg,1923,1990,67
37625.jpg,1923,1920,-3
37630.jpg,1923,1895,-28
37635.jpg,1923,1950,27
37640.jpg,1923,1950,27
37645.jpg,1923,1850,-73
37650.jpg,1923,1900,-23
37655.jpg,1923,1950,27
37660.jpg,1923,1900,-23
37665.jpg,1923,1900,-23
37670.jpg,1924,1920,-4
37675.jpg,1924,1930,6
37680.jpg,1924,1925,1
37685.jpg,1924,1900,-24
37690.jpg,1924,1900,-24
37695.jpg,1924,1925,1
37700.jpg,1924,1900,-24
37705.jpg,1924,1950,26
37710.jpg,1924,2010,86
37715.jpg,1924,1930,6
37720.jpg,1924,1960,36
37725.jpg,1924,1950,26
37730.jpg,1924,1970,46
37735.jpg,1924,1925,1
37740.jpg,1924,1930,6
37745.jpg,1924,1900,-24
37750.jpg,1924,1925,1
37755.jpg,1924,1950,26
37760.jpg,1924,1930,6
37765.jpg,1924,1925,1
37770.jpg,1924,1900,-24
37775.jpg,1924,1930,6
37780.jpg,1924,1900,-24
37785.jpg,1924,1890,-34
37790.jpg,1924,1960,36
37795.jpg,1924,1900,-24
37805.jpg,1924,1930,6
37810.jpg,1924,1900,-24
37815.jpg,1924,1930,6
37820.jpg,1924,1850,-74
37825.jpg,1924,1925,1
37830.jpg,1924,1880,-44
37835.jpg,1924,1920,-4
37845.jpg,1924,1930,6
37850.jpg,1924,1930,6
37855.jpg,1924,1900,-24
37860.jpg,1924,1960,36
37865.jpg,1924,1900,-24
37870.jpg,1924,1900,-24
37875.jpg,1924,1950,26
37880.jpg,1924,1950,26
37885.jpg,1924,1850,-74
37890.jpg,1924,1930,6
37895.jpg,1924,1980,56
37900.jpg,1924,1950,26
37905.jpg,1924,1890,-34
37910.jpg,1924,1920,-4
37915.jpg,1924,1900,-24
37920.jpg,1924,1960,36
37925.jpg,1924,1980,56
37930.jpg,1924,1890,-34
37935.jpg,1924,1850,-74
37940.jpg,1924,1900,-24
37945.jpg,1924,1980,56
37950.jpg,1924,1890,-34
37955.jpg,1924,1990,66
37960.jpg,1924,1960,36
37965.jpg,1924,1985,61
37970.jpg,1924,1850,-74
37975.jpg,1924,1900,-24
37980.jpg,1924,1900,-24
37985.jpg,1924,1950,26
37990.jpg,1924,1950,26
37995.jpg,1924,1960,36
38000.jpg,1924,1879,-45
38005.jpg,1924,1900,-24
38010.jpg,1924,1900,-24
38015.jpg,1924,1925,1
38020.jpg,1924,1350,-574
38025.jpg,1924,1950,26
38030.jpg,1924,1900,-24
38035.jpg,1924,1930,6
38040.jpg,1924,1930,6
38045.jpg,1924,1920,-4
38050.jpg,1924,1930,6
38055.jpg,1924,1890,-34
38060.jpg,1924,1850,-74
38065.jpg,1924,1900,-24
38070.jpg,1924,1900,-24
38075.jpg,1924,1950,26
38080.jpg,1925,1850,-75
38085.jpg,1925,1900,-25
38090.jpg,1925,1950,25
38095.jpg,1925,1930,5
38100.jpg,1925,1890,-35
38105.jpg,1925,1930,5
38110.jpg,1925,1925,0
38115.jpg,1925,1980,55
38120.jpg,1925,1960,35
38125.jpg,1925,1980,55
38130.jpg,1925,2010,85
38135.jpg,1925,1980,55
38140.jpg,1925,1890,-35
38145.jpg,1925,1920,-5
38150.jpg,1925,1900,-25
38155.jpg,1925,1900,-25
38160.jpg,1925,1890,-35
38165.jpg,1925,1925,0
38170.jpg,1925,1890,-35
38175.jpg,1925,1950,25
38180.jpg,1925,1900,-25
38185.jpg,1925,1925,0
38190.jpg,1925,1970,45
38195.jpg,1925,1950,25
38200.jpg,1925,1950,25
38205.jpg,1925,1925,0
38210.jpg,1925,1925,0
38215.jpg,1925,1930,5
38220.jpg,1925,1930,5
38225.jpg,1925,1900,-25
38230.jpg,1925,1910,-15
38235.jpg,1925,1930,5
38245.jpg,1925,1930,5
38255.jpg,1925,1950,25
38260.jpg,1925,1960,35
38265.jpg,1925,1920,-5
38270.jpg,1925,1850,-75
38275.jpg,1925,1930,5
38280.jpg,1925,1950,25
38285.jpg,1925,1950,25
38290.jpg,1925,1850,-75
38295.jpg,1925,1900,-25
38300.jpg,1925,1900,-25
38305.jpg,1925,1980,55
38310.jpg,1925,1900,-25
38315.jpg,1925,1900,-25
38320.jpg,1925,1920,-5
38325.jpg,1925,1950,25
38330.jpg,1925,1950,25
38335.jpg,1925,1920,-5
38340.jpg,1925,1900,-25
38345.jpg,1925,1950,25
38350.jpg,1925,1900,-25
38355.jpg,1925,1950,25
38360.jpg,1925,1980,55
38365.jpg,1925,1950,25
38370.jpg,1925,1950,25
38375.jpg,1925,1895,-30
38380.jpg,1925,1950,25
38385.jpg,1925,1950,25
38390.jpg,1925,1950,25
38395.jpg,1925,1950,25
38400.jpg,1925,1450,-475
38405.jpg,1925,1890,-35
38410.jpg,1925,1890,-35
38415.jpg,1925,1900,-25
38420.jpg,1925,1890,-35
38425.jpg,1925,1890,-35
38435.jpg,1925,1930,5
38440.jpg,1925,1920,-5
38450.jpg,1925,1900,-25
38455.jpg,1925,1960,35
38460.jpg,1925,1900,-25
38465.jpg,1925,1930,5
38470.jpg,1925,1950,25
38475.jpg,1925,1890,-35
38480.jpg,1925,1895,-30
38490.jpg,1925,1850,-75
38495.jpg,1925,1950,25
38500.jpg,1925,1850,-75
38505.jpg,1925,1950,25
38510.jpg,1925,1900,-25
38515.jpg,1926,1850,-76
38520.jpg,1926,1890,-36
38525.jpg,1926,1930,4
38530.jpg,1926,1920,-6
38535.jpg,1926,1950,24
38540.jpg,1926,1930,4
38545.jpg,1926,1890,-36
38550.jpg,1926,1900,-26
38555.jpg,1926,1950,24
38560.jpg,1926,1925,-1
38565.jpg,1926,1900,-26
38570.jpg,1926,1930,4
38575.jpg,1926,1990,64
38580.jpg,1926,1980,54
38585.jpg,1926,1960,34
38590.jpg,1926,1960,34
38595.jpg,1926,1990,64
38600.jpg,1926,1900,-26
38605.jpg,1926,1970,44
38610.jpg,1926,1850,-76
38620.jpg,1926,1890,-36
38625.jpg,1926,1960,34
38630.jpg,1926,1950,24
38635.jpg,1926,1920,-6
38640.jpg,1926,1950,24
38645.jpg,1926,1950,24
38650.jpg,1926,1950,24
38655.jpg,1926,1950,24
38660.jpg,1926,1930,4
38665.jpg,1926,1930,4
38670.jpg,1926,1900,-26
38675.jpg,1926,1960,34
38680.jpg,1926,1900,-26
38685.jpg,1926,1930,4
38690.jpg,1926,1930,4
38695.jpg,1926,1925,-1
38700.jpg,1926,1925,-1
38705.jpg,1926,1850,-76
38710.jpg,1926,1900,-26
38715.jpg,1926,1950,24
38720.jpg,1926,1900,-26
38725.jpg,1926,1900,-26
38730.jpg,1926,1900,-26
38735.jpg,1926,1950,24
38740.jpg,1926,1950,24
38745.jpg,1926,1960,34
38750.jpg,1926,1930,4
38755.jpg,1926,1950,24
38760.jpg,1926,1950,24
38765.jpg,1926,1990,64
38770.jpg,1926,1900,-26
38775.jpg,1926,1850,-76
38780.jpg,1926,1925,-1
38785.jpg,1926,1950,24
38790.jpg,1926,1900,-26
38795.jpg,1926,1950,24
38800.jpg,1926,1950,24
38805.jpg,1926,1850,-76
38810.jpg,1926,1950,24
38815.jpg,1926,1890,-36
38820.jpg,1926,1950,24
38825.jpg,1926,1900,-26
38830.jpg,1926,1450,-476
38835.jpg,1926,1850,-76
38840.jpg,1926,1980,54
38845.jpg,1926,1950,24
38850.jpg,1926,1990,64
38855.jpg,1926,1990,64
38860.jpg,1926,1890,-36
38865.jpg,1926,1925,-1
38870.jpg,1926,1950,24
38875.jpg,1926,1890,-36
38880.jpg,1926,1925,-1
38885.jpg,1926,1890,-36
38890.jpg,1926,1900,-26
38895.jpg,1926,1950,24
38905.jpg,1926,1900,-26
38910.jpg,1926,1905,-21
38915.jpg,1926,1930,4
38920.jpg,1926,1990,64
38925.jpg,1926,1950,24
38930.jpg,1926,1900,-26
38935.jpg,1926,1900,-26
38940.jpg,1926,1900,-26
38945.jpg,1926,1900,-26
38950.jpg,1926,1900,-26
38955.jpg,1926,1950,24
38960.jpg,1926,1850,-76
38965.jpg,1926,1900,-26
38970.jpg,1926,1900,-26
38975.jpg,1926,1900,-26
38980.jpg,1926,1350,-576
38985.jpg,1926,1930,4
38990.jpg,1926,1930,4
38995.jpg,1927,1920,-7
39000.jpg,1927,1925,-2
39005.jpg,1927,1900,-27
39010.jpg,1927,1920,-7
39020.jpg,1927,1950,23
39025.jpg,1927,1930,3
39030.jpg,1927,1930,3
39035.jpg,1927,1925,-2
39040.jpg,1927,1925,-2
39045.jpg,1927,1950,23
39050.jpg,1927,1925,-2
39055.jpg,1927,1925,-2
39060.jpg,1927,1930,3
39065.jpg,1927,1950,23
39070.jpg,1927,1930,3
39075.jpg,1927,1930,3
39080.jpg,1927,1930,3
39085.jpg,1927,1990,63
39090.jpg,1927,1980,53
39110.jpg,1927,1950,23
39115.jpg,1927,1925,-2
39120.jpg,1927,1920,-7
39125.jpg,1927,1950,23
39130.jpg,1927,1850,-77
39135.jpg,1927,1930,3
39140.jpg,1927,1930,3
39145.jpg,1927,1925,-2
39150.jpg,1927,1890,-37
39155.jpg,1927,1950,23
39160.jpg,1927,1850,-77
39165.jpg,1927,1950,23
39170.jpg,1927,1890,-37
39175.jpg,1927,1930,3
39180.jpg,1927,1930,3
39185.jpg,1927,1930,3
39190.jpg,1927,1925,-2
39195.jpg,1927,1930,3
39200.jpg,1927,1910,-17
39205.jpg,1927,1930,3
39210.jpg,1927,1960,33
39215.jpg,1927,1900,-27
39220.jpg,1927,1960,33
39225.jpg,1927,1890,-37
39230.jpg,1927,1900,-27
39235.jpg,1927,1930,3
39240.jpg,1927,1950,23
39245.jpg,1927,1950,23
39250.jpg,1927,1850,-77
39255.jpg,1927,1850,-77
39260.jpg,1927,1950,23
39265.jpg,1927,1930,3
39270.jpg,1927,1960,33
39275.jpg,1927,1920,-7
39280.jpg,1927,1890,-37
39285.jpg,1927,1920,-7
39290.jpg,1927,1930,3
39295.jpg,1927,1950,23
39300.jpg,1927,1950,23
39305.jpg,1927,1900,-27
39310.jpg,1927,1920,-7
39315.jpg,1927,1950,23
39320.jpg,1927,1850,-77
39325.jpg,1927,1960,33
39330.jpg,1927,1950,23
39335.jpg,1927,1900,-27
39340.jpg,1927,1920,-7
39345.jpg,1927,1900,-27
39350.jpg,1927,1890,-37
39355.jpg,1927,1980,53
39360.jpg,1927,1950,23
39365.jpg,1927,1930,3
39370.jpg,1927,1995,68
39375.jpg,1927,1890,-37
39380.jpg,1927,1900,-27
39385.jpg,1927,1900,-27
39390.jpg,1927,1930,3
39395.jpg,1927,1300,-627
39400.jpg,1927,1920,-7
39405.jpg,1927,1970,43
39410.jpg,1927,1960,33
39415.jpg,1927,1925,-2
39420.jpg,1927,1927,0
39425.jpg,1927,1950,23
39430.jpg,1927,1900,-27
39435.jpg,1927,1900,-27
39440.jpg,1927,1920,-7
39445.jpg,1927,1900,-27
39450.jpg,1927,1890,-37
39455.jpg,1927,1960,33
39460.jpg,1927,1960,33
39465.jpg,1927,1890,-37
39470.jpg,1927,1350,-577
39475.jpg,1927,1900,-27
39480.jpg,1927,1920,-7
39485.jpg,1927,1990,63
39490.jpg,1927,1900,-27
39495.jpg,1927,1950,23
39500.jpg,1927,1925,-2
39505.jpg,1927,1900,-27
39510.jpg,1928,1930,2
39515.jpg,1928,1925,-3
39520.jpg,1928,1930,2
39525.jpg,1928,1925,-3
39530.jpg,1928,1920,-8
39535.jpg,1928,1930,2
39540.jpg,1928,1920,-8
39545.jpg,1928,1930,2
39550.jpg,1928,1925,-3
39555.jpg,1928,1920,-8
39560.jpg,1928,1925,-3
39565.jpg,1928,1930,2
39570.jpg,1928,1925,-3
39575.jpg,1928,2010,82
39580.jpg,1928,1900,-28
39585.jpg,1928,1930,2
39590.jpg,1928,1930,2
39595.jpg,1928,1890,-38
39600.jpg,1928,1950,22
39605.jpg,1928,2010,82
39610.jpg,1928,1950,22
39615.jpg,1928,1995,67
39620.jpg,1928,1900,-28
39625.jpg,1928,1850,-78
39630.jpg,1928,1925,-3
39635.jpg,1928,1950,22
39640.jpg,1928,1950,22
39645.jpg,1928,1950,22
39650.jpg,1928,1900,-28
39655.jpg,1928,1925,-3
39660.jpg,1928,1925,-3
39665.jpg,1928,1930,2
39670.jpg,1928,1930,2
39675.jpg,1928,1905,-23
39680.jpg,1928,1910,-18
39685.jpg,1928,1930,2
39690.jpg,1928,1960,32
39695.jpg,1928,1930,2
39700.jpg,1928,1930,2
39705.jpg,1928,1850,-78
39710.jpg,1928,1930,2
39715.jpg,1928,1930,2
39720.jpg,1928,1930,2
39725.jpg,1928,1850,-78
39730.jpg,1928,1930,2
39735.jpg,1928,1900,-28
39740.jpg,1928,1950,22
39745.jpg,1928,1960,32
39750.jpg,1928,1964,36
39755.jpg,1928,1850,-78
39760.jpg,1928,1900,-28
39765.jpg,1928,1950,22
39770.jpg,1928,1850,-78
39775.jpg,1928,1900,-28
39780.jpg,1928,1980,52
39785.jpg,1928,1900,-28
39790.jpg,1928,1900,-28
39795.jpg,1928,1950,22
39800.jpg,1928,1900,-28
39805.jpg,1928,1890,-38
39810.jpg,1928,1950,22
39815.jpg,1928,1900,-28
39820.jpg,1928,1890,-38
39825.jpg,1928,1950,22
39830.jpg,1928,1980,52
39835.jpg,1928,1950,22
39840.jpg,1928,1890,-38
39845.jpg,1928,1950,22
39850.jpg,1928,1980,52
39855.jpg,1928,1890,-38
39860.jpg,1928,1950,22
39865.jpg,1928,1890,-38
39870.jpg,1928,1890,-38
39875.jpg,1928,1900,-28
39880.jpg,1928,1980,52
39885.jpg,1928,1890,-38
39890.jpg,1928,1890,-38
39895.jpg,1928,1925,-3
39900.jpg,1928,1970,42
39905.jpg,1928,1890,-38
39910.jpg,1928,1930,2
39915.jpg,1928,1850,-78
39920.jpg,1928,1950,22
39925.jpg,1928,1850,-78
39930.jpg,1928,1850,-78
39935.jpg,1928,1930,2
39940.jpg,1928,1950,22
39945.jpg,1928,1930,2
39950.jpg,1928,1950,22
39955.jpg,1928,1850,-78
39960.jpg,1928,1950,22
39965.jpg,1928,1905,-23
39970.jpg,1928,1890,-38
39975.jpg,1928,1890,-38
39980.jpg,1928,1930,2
39985.jpg,1928,1900,-28
39990.jpg,1928,1930,2
39995.jpg,1928,1930,2
40000.jpg,1928,1920,-8
40010.jpg,1928,1950,22
40015.jpg,1928,1950,22
40020.jpg,1928,1910,-18
40025.jpg,1928,1950,22
40030.jpg,1928,1900,-28
40035.jpg,1928,1900,-28
40040.jpg,1928,1920,-8
40045.jpg,1929,1920,-9
40050.jpg,1929,1925,-4
40055.jpg,1929,1930,1
40060.jpg,1929,1920,-9
40065.jpg,1929,1920,-9
40070.jpg,1929,1900,-29
40075.jpg,1929,1920,-9
40080.jpg,1929,1900,-29
40095.jpg,1929,1900,-29
40105.jpg,1929,1930,1
40110.jpg,1929,1950,21
40115.jpg,1929,1950,21
40120.jpg,1929,1850,-79
40125.jpg,1929,1950,21
40130.jpg,1929,1930,1
40135.jpg,1929,1920,-9
40140.jpg,1929,1950,21
40145.jpg,1929,1930,1
40150.jpg,1929,1930,1
40155.jpg,1929,1930,1
40160.jpg,1929,1975,46
40165.jpg,1929,1930,1
40170.jpg,1929,1930,1
40175.jpg,1929,1930,1
40180.jpg,1929,1960,31
40185.jpg,1929,1930,1
40190.jpg,1929,1890,-39
40195.jpg,1929,1930,1
40200.jpg,1929,1930,1
40205.jpg,1929,1900,-29
40210.jpg,1929,1930,1
40215.jpg,1929,1900,-29
40220.jpg,1929,1930,1
40225.jpg,1929,1925,-4
40230.jpg,1929,1850,-79
40235.jpg,1929,1900,-29
40240.jpg,1929,1930,1
40245.jpg,1929,1950,21
40250.jpg,1929,1980,51
40255.jpg,1929,1950,21
40260.jpg,1929,1890,-39
40265.jpg,1929,1900,-29
40270.jpg,1929,1960,31
40275.jpg,1929,1950,21
40280.jpg,1929,1930,1
40285.jpg,1929,1900,-29
40290.jpg,1929,1850,-79
40295.jpg,1929,1850,-79
40305.jpg,1929,1950,21
40310.jpg,1929,1930,1
40315.jpg,1929,1950,21
40320.jpg,1929,1950,21
40325.jpg,1929,1950,21
40330.jpg,1929,1990,61
40335.jpg,1929,1890,-39
40340.jpg,1929,1990,61
40345.jpg,1929,1900,-29
40350.jpg,1929,1890,-39
40355.jpg,1929,1900,-29
40360.jpg,1929,1890,-39
40365.jpg,1929,1950,21
40370.jpg,1929,1920,-9
40375.jpg,1929,1900,-29
40380.jpg,1929,1850,-79
40385.jpg,1929,1950,21
40390.jpg,1929,1950,21
40395.jpg,1929,1950,21
40400.jpg,1929,1890,-39
40405.jpg,1929,1890,-39
40410.jpg,1929,1890,-39
40415.jpg,1929,1900,-29
40420.jpg,1929,1930,1
40425.jpg,1929,1890,-39
40430.jpg,1929,1895,-34
40435.jpg,1929,1925,-4
40440.jpg,1929,1890,-39
40450.jpg,1929,1900,-29
40455.jpg,1929,1960,31
40460.jpg,1929,1960,31
40465.jpg,1929,1925,-4
40470.jpg,1929,1930,1
40475.jpg,1929,1900,-29
40480.jpg,1929,1930,1
40485.jpg,1929,1925,-4
40490.jpg,1929,1950,21
40495.jpg,1929,1930,1
40500.jpg,1929,1930,1
40505.jpg,1929,1960,31
40510.jpg,1929,1900,-29
40515.jpg,1929,1930,1
40520.jpg,1929,1950,21
40525.jpg,1929,1850,-79
40530.jpg,1929,1950,21
40535.jpg,1929,1930,1
40540.jpg,1930,1850,-80
40545.jpg,1930,2010,80
40550.jpg,1930,1950,20
40555.jpg,1930,1900,-30
40560.jpg,1930,1980,50
40565.jpg,1930,1970,40
40570.jpg,1930,1950,20
40575.jpg,1930,1950,20
40580.jpg,1930,1890,-40
40585.jpg,1930,1930,0
40590.jpg,1930,1930,0
40595.jpg,1930,1900,-30
40600.jpg,1930,1925,-5
40605.jpg,1930,1930,0
40610.jpg,1930,1890,-40
40615.jpg,1930,1850,-80
40620.jpg,1930,1920,-10
40625.jpg,1930,1925,-5
40630.jpg,1930,1930,0
40635.jpg,1930,1925,-5
40640.jpg,1930,1950,20
40645.jpg,1930,1950,20
40650.jpg,1930,1900,-30
40655.jpg,1930,1930,0
40660.jpg,1930,1800,-130
40665.jpg,1930,1850,-80
40670.jpg,1930,1960,30
40675.jpg,1930,1850,-80
40680.jpg,1930,1890,-40
40685.jpg,1930,1950,20
40690.jpg,1930,1950,20
40695.jpg,1930,1950,20
40700.jpg,1930,1980,50
40705.jpg,1930,1970,40
40710.jpg,1930,1890,-40
40715.jpg,1930,1980,50
40720.jpg,1930,1890,-40
40725.jpg,1930,1980,50
40730.jpg,1930,1890,-40
40735.jpg,1930,1850,-80
40740.jpg,1930,1850,-80
40745.jpg,1930,1900,-30
40750.jpg,1930,1850,-80
40755.jpg,1930,1980,50
40760.jpg,1930,1930,0
40765.jpg,1930,1900,-30
40770.jpg,1930,1920,-10
40775.jpg,1930,1890,-40
40780.jpg,1930,1890,-40
40785.jpg,1930,1950,20
40790.jpg,1930,1930,0
40795.jpg,1930,1930,0
40800.jpg,1930,1890,-40
40805.jpg,1930,1900,-30
40810.jpg,1930,1925,-5
40815.jpg,1930,1900,-30
40820.jpg,1930,1930,0
40825.jpg,1930,1900,-30
40830.jpg,1930,1930,0
40835.jpg,1930,1965,35
40840.jpg,1930,1900,-30
40845.jpg,1930,1930,0
40850.jpg,1930,1930,0
40855.jpg,1930,1930,0
40860.jpg,1930,1900,-30
40865.jpg,1930,1950,20
40870.jpg,1930,1920,-10
40875.jpg,1930,1930,0
40885.jpg,1930,1950,20
40890.jpg,1930,1950,20
40895.jpg,1930,1890,-40
40900.jpg,1930,1950,20
40905.jpg,1930,1900,-30
40910.jpg,1930,1970,40
40915.jpg,1930,1900,-30
40920.jpg,1930,1900,-30
40925.jpg,1930,1930,0
40930.jpg,1930,1920,-10
40935.jpg,1930,1950,20
40940.jpg,1930,1900,-30
40950.jpg,1930,1930,0
40960.jpg,1930,1950,20
40965.jpg,1931,1950,19
40970.jpg,1931,1930,-1
40975.jpg,1931,1970,39
40980.jpg,1931,1900,-31
40985.jpg,1931,1921,-10
40990.jpg,1931,1930,-1
40995.jpg,1931,1930,-1
41000.jpg,1931,1900,-31
41005.jpg,1931,1920,-11
41010.jpg,1931,2010,79
41015.jpg,1931,1950,19
41020.jpg,1931,1930,-1
41025.jpg,1931,1980,49
41030.jpg,1931,1990,59
41035.jpg,1931,1930,-1
41040.jpg,1931,1930,-1
41045.jpg,1931,1950,19
41050.jpg,1931,1950,19
41055.jpg,1931,1930,-1
41060.jpg,1931,1960,29
41065.jpg,1931,1920,-11
41070.jpg,1931,1930,-1
41075.jpg,1931,1930,-1
41080.jpg,1931,1930,-1
41085.jpg,1931,1930,-1
41095.jpg,1931,1930,-1
41100.jpg,1931,1930,-1
41105.jpg,1931,1930,-1
41110.jpg,1931,1930,-1
41115.jpg,1931,1900,-31
41120.jpg,1931,1950,19
41125.jpg,1931,1960,29
41130.jpg,1931,1950,19
41135.jpg,1931,1925,-6
41140.jpg,1931,1900,-31
41150.jpg,1931,1850,-81
41155.jpg,1931,1800,-131
41160.jpg,1931,1930,-1
41165.jpg,1931,1900,-31
41170.jpg,1931,1850,-81
41175.jpg,1931,1850,-81
41180.jpg,1931,1900,-31
41185.jpg,1931,1990,59
41190.jpg,1931,1920,-11
41195.jpg,1931,1900,-31
41200.jpg,1931,1890,-41
41205.jpg,1931,1850,-81
41210.jpg,1931,1930,-1
41215.jpg,1931,1900,-31
41220.jpg,1931,1890,-41
41225.jpg,1931,1890,-41
41230.jpg,1931,1920,-11
41235.jpg,1931,2010,79
41240.jpg,1931,1890,-41
41245.jpg,1931,1850,-81
41250.jpg,1931,1950,19
41255.jpg,1931,1930,-1
41260.jpg,1931,1950,19
41265.jpg,1931,1930,-1
41270.jpg,1931,1900,-31
41275.jpg,1931,1930,-1
41280.jpg,1931,1920,-11
41285.jpg,1931,1850,-81
41290.jpg,1931,1930,-1
41295.jpg,1931,1950,19
41305.jpg,1931,1950,19
41310.jpg,1932,1925,-7
41320.jpg,1932,1930,-2
41325.jpg,1932,1850,-82
41330.jpg,1932,1930,-2
41340.jpg,1932,1990,58
41345.jpg,1932,1925,-7
41350.jpg,1932,1925,-7
41355.jpg,1932,1950,18
41360.jpg,1932,1950,18
41365.jpg,1932,1920,-12
41370.jpg,1932,1965,33
41375.jpg,1932,1930,-2
41380.jpg,1932,1930,-2
41385.jpg,1932,1920,-12
41390.jpg,1932,1950,18
41395.jpg,1932,1970,38
41400.jpg,1932,1960,28
41405.jpg,1932,1960,28
41410.jpg,1932,1900,-32
41415.jpg,1932,1932,0
41420.jpg,1932,1850,-82
41425.jpg,1932,1930,-2
41430.jpg,1932,1980,48
41435.jpg,1932,1950,18
41440.jpg,1932,1850,-82
41445.jpg,1932,1900,-32
41450.jpg,1932,1900,-32
41455.jpg,1932,1850,-82
41460.jpg,1932,1850,-82
41465.jpg,1932,1980,48
41470.jpg,1932,1990,58
41475.jpg,1932,1900,-32
41480.jpg,1932,1890,-42
41485.jpg,1932,1930,-2
41490.jpg,1932,1900,-32
41495.jpg,1932,1900,-32
41500.jpg,1932,1960,28
41505.jpg,1932,1930,-2
41510.jpg,1932,1930,-2
41515.jpg,1932,1930,-2
41520.jpg,1932,1930,-2
41525.jpg,1932,1930,-2
41530.jpg,1932,1900,-32
41535.jpg,1932,1900,-32
41540.jpg,1932,1950,18
41545.jpg,1932,1930,-2
41550.jpg,1932,1900,-32
41555.jpg,1932,1920,-12
41560.jpg,1932,1890,-42
41565.jpg,1932,1930,-2
41570.jpg,1933,1900,-33
41575.jpg,1933,1900,-33
41580.jpg,1933,1850,-83
41585.jpg,1933,1990,57
41590.jpg,1933,1980,47
41595.jpg,1933,1950,17
41600.jpg,1933,1850,-83
41605.jpg,1933,1925,-8
41610.jpg,1933,1960,27
41615.jpg,1933,1850,-83
41620.jpg,1933,1980,47
41625.jpg,1933,1950,17
41630.jpg,1933,1850,-83
41635.jpg,1933,1900,-33
41640.jpg,1933,1850,-83
41645.jpg,1933,1850,-83
41650.jpg,1933,1920,-13
41655.jpg,1933,1880,-53
41660.jpg,1933,1930,-3
41665.jpg,1933,1920,-13
41670.jpg,1933,1930,-3
41675.jpg,1933,1920,-13
41680.jpg,1933,1960,27
41685.jpg,1933,1850,-83
41690.jpg,1933,1930,-3
41695.jpg,1933,1930,-3
41700.jpg,1933,1920,-13
41705.jpg,1933,1930,-3
41710.jpg,1933,1930,-3
41715.jpg,1933,1890,-43
41720.jpg,1933,1850,-83
41725.jpg,1933,1930,-3
41730.jpg,1933,1850,-83
41745.jpg,1933,1850,-83
41750.jpg,1933,1930,-3
41755.jpg,1933,1970,37
41760.jpg,1933,1950,17
41765.jpg,1933,1900,-33
41770.jpg,1933,1850,-83
41775.jpg,1933,1850,-83
41780.jpg,1933,1890,-43
41785.jpg,1933,1850,-83
41790.jpg,1933,1950,17
41795.jpg,1933,1960,27
41800.jpg,1933,1850,-83
41805.jpg,1933,1960,27
41810.jpg,1933,1930,-3
41815.jpg,1933,1890,-43
41820.jpg,1933,1930,-3
41825.jpg,1933,1850,-83
41830.jpg,1933,1930,-3
41835.jpg,1934,1995,61
41840.jpg,1934,1930,-4
41845.jpg,1934,1960,26
41850.jpg,1934,1950,16
41855.jpg,1934,1950,16
41860.jpg,1934,2010,76
41865.jpg,1934,1980,46
41870.jpg,1934,1990,56
41875.jpg,1934,1930,-4
41880.jpg,1934,1950,16
41885.jpg,1934,1900,-34
41890.jpg,1934,1950,16
41895.jpg,1934,1980,46
41900.jpg,1934,1930,-4
41905.jpg,1934,1890,-44
41910.jpg,1934,1950,16
41915.jpg,1934,1950,16
41920.jpg,1934,1960,26
41925.jpg,1934,1850,-84
41930.jpg,1934,1930,-4
41935.jpg,1934,1990,56
41940.jpg,1934,1900,-34
41945.jpg,1934,1850,-84
41950.jpg,1934,1950,16
41955.jpg,1934,1900,-34
41960.jpg,1934,1880,-54
41965.jpg,1934,1950,16
41970.jpg,1934,1890,-44
41975.jpg,1934,1980,46
41980.jpg,1934,1930,-4
41985.jpg,1934,1850,-84
41990.jpg,1934,1950,16
41995.jpg,1934,1930,-4
42000.jpg,1934,1900,-34
42005.jpg,1934,1850,-84
42010.jpg,1935,1950,15
42015.jpg,1935,1950,15
42020.jpg,1935,1930,-5
42025.jpg,1935,1800,-135
42035.jpg,1935,1980,45
42040.jpg,1935,1950,15
42045.jpg,1935,1960,25
42050.jpg,1935,1930,-5
42060.jpg,1935,1930,-5
42065.jpg,1935,1960,25
42070.jpg,1935,1930,-5
42075.jpg,1935,1930,-5
42080.jpg,1935,1930,-5
42085.jpg,1935,1890,-45
42090.jpg,1935,1930,-5
42095.jpg,1935,1850,-85
42100.jpg,1935,1950,15
42105.jpg,1935,1850,-85
42110.jpg,1935,1980,45
42115.jpg,1935,1550,-385
42120.jpg,1935,1950,15
42125.jpg,1935,1890,-45
42130.jpg,1935,1980,45
42135.jpg,1935,1960,25
42140.jpg,1935,1950,15
42145.jpg,1935,1850,-85
42150.jpg,1935,1850,-85
42155.jpg,1935,1850,-85
42160.jpg,1935,1900,-35
42165.jpg,1935,1900,-35
42170.jpg,1935,1850,-85
42175.jpg,1935,1980,45
42180.jpg,1935,1980,45
42185.jpg,1935,1980,45
42190.jpg,1935,1950,15
42195.jpg,1935,1985,50
42200.jpg,1935,1950,15
42205.jpg,1935,1925,-10
42210.jpg,1935,1960,25
42215.jpg,1935,1900,-35
42220.jpg,1935,1950,15
42225.jpg,1935,1980,45
42230.jpg,1935,1890,-45
42235.jpg,1935,1936,1
42240.jpg,1935,1925,-10
42250.jpg,1935,1930,-5
42255.jpg,1935,1900,-35
42260.jpg,1935,1980,45
42265.jpg,1935,1950,15
42270.jpg,1935,1900,-35
42275.jpg,1935,1900,-35
42280.jpg,1935,1930,-5
42285.jpg,1935,1950,15
42290.jpg,1935,1950,15
42295.jpg,1936,1950,14
42300.jpg,1936,1900,-36
42305.jpg,1936,1940,4
42310.jpg,1936,1950,14
42315.jpg,1936,1930,-6
42320.jpg,1936,1950,14
42325.jpg,1936,1950,14
42330.jpg,1936,2010,74
42335.jpg,1936,1960,24
42340.jpg,1936,1950,14
42345.jpg,1936,1930,-6
42350.jpg,1936,1950,14
42355.jpg,1936,1950,14
42360.jpg,1936,1960,24
42365.jpg,1936,1921,-15
42370.jpg,1936,1925,-11
42375.jpg,1936,1850,-86
42380.jpg,1936,1960,24
42385.jpg,1936,1930,-6
42390.jpg,1936,1960,24
42395.jpg,1936,1930,-6
42400.jpg,1936,1900,-36
42405.jpg,1936,1850,-86
42410.jpg,1936,1960,24
42415.jpg,1936,1960,24
42420.jpg,1936,1930,-6
42425.jpg,1936,1850,-86
42430.jpg,1936,1890,-46
42435.jpg,1936,1850,-86
42440.jpg,1936,1950,14
42445.jpg,1936,1950,14
42450.jpg,1936,1950,14
42455.jpg,1936,1950,14
42460.jpg,1936,1930,-6
42465.jpg,1936,1950,14
42470.jpg,1936,1950,14
42475.jpg,1936,1900,-36
42480.jpg,1936,1890,-46
42485.jpg,1936,1900,-36
42490.jpg,1936,1930,-6
42495.jpg,1936,1950,14
42500.jpg,1936,1950,14
42505.jpg,1936,1950,14
42510.jpg,1936,1900,-36
42515.jpg,1936,1950,14
42520.jpg,1936,1900,-36
42525.jpg,1936,1950,14
42530.jpg,1936,1960,24
42535.jpg,1936,1960,24
42540.jpg,1936,1850,-86
42545.jpg,1936,1850,-86
42550.jpg,1936,1930,-6
42555.jpg,1936,1500,-436
42560.jpg,1936,1950,14
42565.jpg,1936,1850,-86
42570.jpg,1936,1930,-6
42575.jpg,1936,1950,14
42585.jpg,1936,1950,14
42595.jpg,1936,1950,14
42600.jpg,1936,1930,-6
42610.jpg,1937,1930,-7
42615.jpg,1937,1930,-7
42620.jpg,1937,1940,3
42625.jpg,1937,1900,-37
42630.jpg,1937,1990,53
42635.jpg,1937,1930,-7
42640.jpg,1937,1990,53
42645.jpg,1937,1930,-7
42650.jpg,1937,1938,1
42655.jpg,1937,1960,23
42660.jpg,1937,1900,-37
42665.jpg,1937,1900,-37
42670.jpg,1937,1890,-47
42675.jpg,1937,1950,13
42680.jpg,1937,1960,23
42685.jpg,1937,1950,13
42690.jpg,1937,1980,43
42695.jpg,1937,1950,13
42700.jpg,1937,1930,-7
42705.jpg,1937,1930,-7
42710.jpg,1937,1930,-7
42715.jpg,1937,1950,13
42720.jpg,1937,1900,-37
42725.jpg,1937,1890,-47
42730.jpg,1937,1950,13
42735.jpg,1937,1950,13
42740.jpg,1937,1933,-4
42745.jpg,1937,1960,23
42750.jpg,1937,1960,23
42755.jpg,1937,1930,-7
42765.jpg,1937,1850,-87
42770.jpg,1937,1990,53
42775.jpg,1937,1850,-87
42780.jpg,1937,1925,-12
42785.jpg,1937,1950,13
42790.jpg,1937,1890,-47
42795.jpg,1937,1950,13
42800.jpg,1937,1890,-47
42805.jpg,1937,1960,23
42810.jpg,1937,1850,-87
42815.jpg,1937,1950,13
42820.jpg,1937,1970,33
42825.jpg,1937,1890,-47
42830.jpg,1937,1945,8
42835.jpg,1937,1950,13
42840.jpg,1937,1960,23
42845.jpg,1937,1850,-87
42850.jpg,1937,1930,-7
42855.jpg,1937,1930,-7
42860.jpg,1937,1900,-37
42865.jpg,1937,1960,23
42870.jpg,1937,1950,13
42875.jpg,1937,1980,43
42880.jpg,1937,1930,-7
42885.jpg,1937,1930,-7
42890.jpg,1937,1920,-17
42895.jpg,1937,1930,-7
42900.jpg,1937,1930,-7
42905.jpg,1937,1960,23
42910.jpg,1937,1200,-737
42915.jpg,1938,1930,-8
42920.jpg,1938,1945,7
42925.jpg,1938,1919,-19
42930.jpg,1938,1930,-8
42935.jpg,1938,1900,-38
42940.jpg,1938,1990,52
42945.jpg,1938,2010,72
42950.jpg,1938,1980,42
42955.jpg,1938,1990,52
42960.jpg,1938,1930,-8
42965.jpg,1938,1950,12
42970.jpg,1938,1950,12
42975.jpg,1938,1920,-18
42980.jpg,1938,1920,-18
42985.jpg,1938,1850,-88
42990.jpg,1938,1850,-88
42995.jpg,1938,1930,-8
43000.jpg,1938,1950,12
43005.jpg,1938,1950,12
43010.jpg,1938,1900,-38
43015.jpg,1938,1950,12
43020.jpg,1938,1850,-88
43025.jpg,1938,1930,-8
43030.jpg,1938,1900,-38
43035.jpg,1938,1850,-88
43040.jpg,1938,1950,12
43045.jpg,1938,1930,-8
43050.jpg,1938,1980,42
43055.jpg,1938,1900,-38
43060.jpg,1938,1980,42
43065.jpg,1938,1950,12
43070.jpg,1938,1930,-8
43075.jpg,1938,1950,12
43080.jpg,1938,1950,12
43085.jpg,1938,1850,-88
43090.jpg,1938,1960,22
43095.jpg,1938,1890,-48
43100.jpg,1938,1970,32
43105.jpg,1938,1930,-8
43110.jpg,1938,1930,-8
43115.jpg,1938,1880,-58
43120.jpg,1938,1930,-8
43125.jpg,1938,1890,-48
43130.jpg,1938,1900,-38
43135.jpg,1938,1900,-38
43140.jpg,1938,1980,42
43145.jpg,1938,1900,-38
43150.jpg,1938,1890,-48
43155.jpg,1938,1950,12
43160.jpg,1938,1930,-8
43165.jpg,1938,1930,-8
43170.jpg,1938,1930,-8
43175.jpg,1938,1930,-8
43185.jpg,1938,1930,-8
43190.jpg,1938,1900,-38
43195.jpg,1938,1950,12
43200.jpg,1938,1950,12
43210.jpg,1939,1930,-9
43215.jpg,1939,1930,-9
43220.jpg,1939,1950,11
43225.jpg,1939,1850,-89
43235.jpg,1939,1920,-19
43245.jpg,1939,1990,51
43250.jpg,1939,1980,41
43255.jpg,1939,1980,41
43260.jpg,1939,1960,21
43270.jpg,1939,1925,-14
43275.jpg,1939,1925,-14
43280.jpg,1939,1850,-89
43285.jpg,1939,1950,11
43290.jpg,1939,1930,-9
43295.jpg,1939,1950,11
43300.jpg,1939,1950,11
43305.jpg,1939,1960,21
43310.jpg,1939,1930,-9
43315.jpg,1939,1930,-9
43320.jpg,1939,1950,11
43325.jpg,1939,1930,-9
43330.jpg,1939,1950,11
43335.jpg,1939,1960,21
43340.jpg,1939,1990,51
43345.jpg,1939,1850,-89
43350.jpg,1939,1960,21
43360.jpg,1939,1990,51
43365.jpg,1939,1850,-89
43370.jpg,1939,1900,-39
43375.jpg,1939,1900,-39
43380.jpg,1939,1960,21
43385.jpg,1939,1950,11
43390.jpg,1939,1980,41
43395.jpg,1939,1950,11
43400.jpg,1939,1990,51
43405.jpg,1939,2015,76
43410.jpg,1939,1950,11
43415.jpg,1939,1930,-9
43420.jpg,1939,1935,-4
43425.jpg,1939,1920,-19
43430.jpg,1939,1850,-89
43435.jpg,1939,1930,-9
43440.jpg,1939,1850,-89
43445.jpg,1939,1950,11
43450.jpg,1939,1960,21
43455.jpg,1939,1930,-9
43460.jpg,1939,1930,-9
43465.jpg,1939,1850,-89
43470.jpg,1940,1930,-10
43475.jpg,1940,1930,-10
43480.jpg,1940,1930,-10
43485.jpg,1940,1950,10
43490.jpg,1940,1930,-10
43495.jpg,1940,1930,-10
43500.jpg,1940,1960,20
43505.jpg,1940,2010,70
43510.jpg,1940,1950,10
43515.jpg,1940,1900,-40
43520.jpg,1940,1950,10
43525.jpg,1940,1850,-90
43530.jpg,1940,1950,10
43535.jpg,1940,1925,-15
43540.jpg,1940,1930,-10
43545.jpg,1940,1960,20
43550.jpg,1940,1900,-40
43555.jpg,1940,1960,20
43560.jpg,1940,1930,-10
43565.jpg,1940,1930,-10
43570.jpg,1940,1950,10
43575.jpg,1940,1950,10
43580.jpg,1940,1900,-40
43585.jpg,1940,1930,-10
43590.jpg,1940,1925,-15
43595.jpg,1940,1960,20
43600.jpg,1940,1950,10
43605.jpg,1940,1950,10
43610.jpg,1940,1890,-50
43615.jpg,1940,1900,-40
43620.jpg,1940,1950,10
43625.jpg,1940,1850,-90
43630.jpg,1940,1950,10
43635.jpg,1940,1964,24
43640.jpg,1940,1880,-60
43645.jpg,1940,1980,40
43650.jpg,1940,1950,10
43655.jpg,1940,1950,10
43660.jpg,1940,1980,40
43665.jpg,1940,1985,45
43670.jpg,1940,1950,10
43675.jpg,1940,1950,10
43680.jpg,1940,1930,-10
43685.jpg,1940,1960,20
43700.jpg,1940,1950,10
43705.jpg,1940,1950,10
43710.jpg,1940,1900,-40
43715.jpg,1940,1930,-10
43720.jpg,1941,1930,-11
43725.jpg,1941,1950,9
43730.jpg,1941,2010,69
43735.jpg,1941,1950,9
43740.jpg,1941,1950,9
43745.jpg,1941,1850,-91
43750.jpg,1941,1950,9
43755.jpg,1941,1890,-51
43760.jpg,1941,1890,-51
43765.jpg,1941,1850,-91
43770.jpg,1941,1950,9
43775.jpg,1941,1950,9
43780.jpg,1941,1950,9
43785.jpg,1941,1960,19
43790.jpg,1941,1930,-11
43795.jpg,1941,1990,49
43800.jpg,1941,1890,-51
43805.jpg,1941,1850,-91
43810.jpg,1941,1950,9
43815.jpg,1941,1960,19
43820.jpg,1941,1950,9
43825.jpg,1941,1950,9
43830.jpg,1941,1980,39
43835.jpg,1941,1960,19
43840.jpg,1941,2010,69
43845.jpg,1941,1930,-11
43850.jpg,1941,1960,19
43855.jpg,1941,1850,-91
43860.jpg,1941,1950,9
43865.jpg,1942,1930,-12
43870.jpg,1942,1930,-12
43875.jpg,1942,1960,18
43880.jpg,1942,1950,8
43885.jpg,1942,1980,38
43890.jpg,1942,1950,8
43895.jpg,1942,1925,-17
43900.jpg,1942,1890,-52
43905.jpg,1942,1900,-42
43910.jpg,1942,1960,18
43915.jpg,1942,1850,-92
43920.jpg,1942,1890,-52
43925.jpg,1942,1970,28
43930.jpg,1942,1950,8
43935.jpg,1942,1980,38
43940.jpg,1942,1930,-12
43945.jpg,1942,1960,18
43950.jpg,1942,1950,8
43955.jpg,1942,1850,-92
43960.jpg,1943,1930,-13
43965.jpg,1943,1970,27
43970.jpg,1943,1980,37
43975.jpg,1943,1950,7
43980.jpg,1943,1941,-2
43985.jpg,1943,1960,17
43990.jpg,1943,1960,17
43995.jpg,1943,1990,47
44000.jpg,1943,1950,7
44005.jpg,1943,1990,47
44010.jpg,1943,1980,37
44015.jpg,1943,1980,37
44020.jpg,1943,1930,-13
44025.jpg,1943,1970,27
44030.jpg,1944,1850,-94
44035.jpg,1944,1950,6
44040.jpg,1944,1970,26
44045.jpg,1944,1850,-94
44050.jpg,1944,1950,6
44055.jpg,1944,1950,6
44060.jpg,1945,1890,-55
44065.jpg,1945,1950,5
44075.jpg,1945,1970,25
44080.jpg,1945,1930,-15
44090.jpg,1945,1900,-45
44095.jpg,1945,1950,5
44100.jpg,1945,1960,15
44105.jpg,1945,1950,5
44110.jpg,1945,1950,5
44115.jpg,1946,1930,-16
44120.jpg,1946,1950,4
44125.jpg,1946,1970,24
44130.jpg,1946,1850,-96
44135.jpg,1946,1960,14
44140.jpg,1946,2010,64
44145.jpg,1946,1970,24
44150.jpg,1946,1950,4
44155.jpg,1946,1890,-56
44160.jpg,1946,1990,44
44165.jpg,1946,1960,14
44170.jpg,1946,1950,4
44175.jpg,1947,1950,3
44180.jpg,1947,1940,-7
44185.jpg,1947,1890,-57
44190.jpg,1947,1960,13
44195.jpg,1947,2010,63
44200.jpg,1947,1960,13
44205.jpg,1947,1970,23
44210.jpg,1947,1980,33
44215.jpg,1947,1930,-17
44220.jpg,1947,1950,3
44230.jpg,1947,1950,3
44240.jpg,1947,1950,3
44245.jpg,1947,1900,-47
44250.jpg,1947,1970,23
44255.jpg,1947,1970,23
44260.jpg,1947,1900,-47
44270.jpg,1947,1980,33
44275.jpg,1947,1900,-47
44280.jpg,1947,1950,3
44285.jpg,1948,1945,-3
44290.jpg,1948,2015,67
44295.jpg,1948,2010,62
44300.jpg,1948,1950,2
44305.jpg,1948,1960,12
44310.jpg,1948,2010,62
44315.jpg,1948,2010,62
44320.jpg,1948,1960,12
44325.jpg,1948,1950,2
44330.jpg,1948,1930,-18
44335.jpg,1948,1950,2
44340.jpg,1948,1950,2
44345.jpg,1948,1930,-18
44350.jpg,1948,1950,2
44355.jpg,1948,1950,2
44360.jpg,1948,1980,32
44365.jpg,1948,1950,2
44370.jpg,1948,1890,-58
44375.jpg,1948,1900,-48
44380.jpg,1948,1970,22
44385.jpg,1948,1980,32
44390.jpg,1948,1950,2
44395.jpg,1948,1950,2
44400.jpg,1949,1850,-99
44405.jpg,1949,1990,41
44410.jpg,1949,1900,-49
44415.jpg,1949,1980,31
44420.jpg,1949,2010,61
44425.jpg,1949,1950,1
44430.jpg,1949,1960,11
44435.jpg,1949,1960,11
44440.jpg,1949,1950,1
44445.jpg,1949,1980,31
44450.jpg,1949,1920,-29
44455.jpg,1949,1930,-19
44460.jpg,1949,1930,-19
44465.jpg,1949,1930,-19
44470.jpg,1949,1990,41
44475.jpg,1949,1950,1
44480.jpg,1949,1970,21
44485.jpg,1949,1970,21
44490.jpg,1949,1900,-49
44495.jpg,1949,1950,1
44500.jpg,1949,1950,1
44510.jpg,1949,1900,-49
44515.jpg,1949,1900,-49
44520.jpg,1949,2015,66
44525.jpg,1949,1920,-29
44530.jpg,1949,1960,11
44535.jpg,1949,1950,1
44540.jpg,1950,1950,0
44545.jpg,1950,1980,30
44550.jpg,1950,1950,0
44555.jpg,1950,1950,0
44560.jpg,1950,1980,30
44565.jpg,1950,1990,40
44570.jpg,1950,1960,10
44575.jpg,1950,1930,-20
44585.jpg,1950,1960,10
44590.jpg,1950,1930,-20
44595.jpg,1950,1960,10
44600.jpg,1950,1980,30
44605.jpg,1950,1960,10
44610.jpg,1950,1965,15
44615.jpg,1950,1970,20
44620.jpg,1950,1950,0
44625.jpg,1950,1850,-100
44630.jpg,1950,1850,-100
44635.jpg,1950,1950,0
44640.jpg,1950,1980,30
44645.jpg,1950,1950,0
44650.jpg,1950,1980,30
44655.jpg,1950,1950,0
44660.jpg,1950,1960,10
44665.jpg,1950,1950,0
44680.jpg,1950,1990,40
44685.jpg,1950,1950,0
44690.jpg,1950,1980,30
44695.jpg,1950,1890,-60
44700.jpg,1950,1970,20
44705.jpg,1951,1960,9
44710.jpg,1951,1930,-21
44720.jpg,1951,1980,29
44725.jpg,1951,1980,29
44730.jpg,1951,1970,19
44735.jpg,1951,1930,-21
44740.jpg,1951,1890,-61
44745.jpg,1951,1970,19
44750.jpg,1951,1950,-1
44755.jpg,1951,1960,9
44760.jpg,1951,1960,9
44765.jpg,1951,1930,-21
44770.jpg,1951,1350,-601
44775.jpg,1951,1960,9
44780.jpg,1951,1880,-71
44785.jpg,1951,1970,19
44790.jpg,1951,1980,29
44795.jpg,1951,1980,29
44800.jpg,1951,1950,-1
44810.jpg,1951,1850,-101
44815.jpg,1951,1900,-51
44820.jpg,1951,1960,9
44825.jpg,1951,2010,59
44830.jpg,1951,1980,29
44840.jpg,1951,1970,19
44845.jpg,1952,1950,-2
44850.jpg,1952,1960,8
44855.jpg,1952,1980,28
44860.jpg,1952,2010,58
44865.jpg,1952,2010,58
44870.jpg,1952,1970,18
44875.jpg,1952,1950,-2
44880.jpg,1952,1960,8
44885.jpg,1952,1970,18
44890.jpg,1952,1950,-2
44895.jpg,1952,1973,21
44900.jpg,1952,1960,8
44905.jpg,1952,1960,8
44910.jpg,1952,2010,58
44915.jpg,1952,1960,8
44920.jpg,1952,1990,38
44925.jpg,1952,1950,-2
44930.jpg,1952,1990,38
44940.jpg,1952,1950,-2
44945.jpg,1952,1960,8
44950.jpg,1952,2010,58
44955.jpg,1952,2010,58
44960.jpg,1953,1990,37
44965.jpg,1953,2015,62
44970.jpg,1953,1990,37
44980.jpg,1953,1930,-23
44985.jpg,1953,2010,57
44990.jpg,1953,1980,27
44995.jpg,1953,1980,27
45000.jpg,1953,2010,57
45005.jpg,1953,1930,-23
45010.jpg,1953,1890,-63
45015.jpg,1953,1960,7
45020.jpg,1953,1960,7
45025.jpg,1953,1900,-53
45030.jpg,1953,1950,-3
45035.jpg,1953,1960,7
45040.jpg,1953,1950,-3
45045.jpg,1953,1850,-103
45050.jpg,1953,1950,-3
45055.jpg,1953,1950,-3
45060.jpg,1953,1900,-53
45065.jpg,1953,1970,17
45070.jpg,1953,1980,27
45075.jpg,1953,2010,57
45080.jpg,1953,1985,32
45085.jpg,1953,1990,37
45090.jpg,1953,1890,-63
45095.jpg,1954,1960,6
45100.jpg,1954,1970,16
45105.jpg,1954,1960,6
45110.jpg,1954,1970,16
45115.jpg,1954,1990,36
45120.jpg,1954,1980,26
45125.jpg,1954,1990,36
45130.jpg,1954,1950,-4
45135.jpg,1954,1975,21
45140.jpg,1954,1975,21
45150.jpg,1954,1930,-24
45155.jpg,1954,1900,-54
45160.jpg,1954,1960,6
45165.jpg,1954,1900,-54
45170.jpg,1954,2010,56
45175.jpg,1954,1930,-24
45180.jpg,1954,1900,-54
45185.jpg,1954,1950,-4
45190.jpg,1954,1950,-4
45195.jpg,1954,1950,-4
45200.jpg,1954,1950,-4
45205.jpg,1954,1800,-154
45210.jpg,1954,1925,-29
45215.jpg,1954,1995,41
45220.jpg,1954,1850,-104
45225.jpg,1954,1950,-4
45230.jpg,1954,1970,16
45235.jpg,1955,1880,-75
45240.jpg,1955,1980,25
45245.jpg,1955,1970,15
45250.jpg,1955,1960,5
45255.jpg,1955,1960,5
45260.jpg,1955,1950,-5
45265.jpg,1955,1960,5
45275.jpg,1955,1970,15
45280.jpg,1955,2010,55
45285.jpg,1955,1950,-5
45290.jpg,1955,1975,20
45295.jpg,1955,1970,15
45300.jpg,1955,2019,64
45310.jpg,1955,1960,5
45315.jpg,1955,1980,25
45320.jpg,1955,1850,-105
45325.jpg,1955,1900,-55
45330.jpg,1955,1970,15
45335.jpg,1955,1950,-5
45345.jpg,1955,1980,25
45350.jpg,1955,1950,-5
45355.jpg,1955,1990,35
45360.jpg,1955,1890,-65
45365.jpg,1955,1960,5
45370.jpg,1955,1960,5
45375.jpg,1955,1850,-105
45385.jpg,1956,1970,14
45390.jpg,1956,1960,4
45395.jpg,1956,1950,-6
45400.jpg,1956,2010,54
45405.jpg,1956,1950,-6
45410.jpg,1956,1960,4
45415.jpg,1956,1950,-6
45420.jpg,1956,1960,4
45430.jpg,1956,1980,24
45435.jpg,1956,1890,-66
45440.jpg,1956,1970,14
45445.jpg,1956,1975,19
45450.jpg,1956,1980,24
45455.jpg,1956,1960,4
45460.jpg,1956,1960,4
45465.jpg,1956,1850,-106
45470.jpg,1956,1950,-6
45475.jpg,1956,1950,-6
45480.jpg,1956,1950,-6
45485.jpg,1956,1970,14
45490.jpg,1956,1930,-26
45495.jpg,1956,1890,-66
45500.jpg,1956,1990,34
45505.jpg,1956,2010,54
45510.jpg,1956,1990,34
45515.jpg,1956,1975,19
45520.jpg,1956,1950,-6
45530.jpg,1957,1950,-7
45535.jpg,1957,1950,-7
45540.jpg,1957,1980,23
45545.jpg,1957,2010,53
45550.jpg,1957,1980,23
45555.jpg,1957,1950,-7
45560.jpg,1957,2000,43
45565.jpg,1957,1970,13
45570.jpg,1957,1980,23
45575.jpg,1957,1925,-32
45585.jpg,1957,1910,-47
45590.jpg,1957,1970,13
45595.jpg,1957,1970,13
45605.jpg,1957,1970,13
45610.jpg,1957,1970,13
45615.jpg,1957,1985,28
45620.jpg,1957,1960,3
45630.jpg,1957,1880,-77
45635.jpg,1957,1950,-7
45640.jpg,1957,1950,-7
45645.jpg,1957,1850,-107
45650.jpg,1957,1980,23
45655.jpg,1957,1980,23
45660.jpg,1957,1960,3
45665.jpg,1957,1970,13
45675.jpg,1957,2010,53
45680.jpg,1957,1950,-7
45685.jpg,1957,1970,13
45695.jpg,1957,1950,-7
45700.jpg,1958,1900,-58
45705.jpg,1958,2010,52
45715.jpg,1958,1960,2
45720.jpg,1958,1980,22
45730.jpg,1958,1980,22
45735.jpg,1958,1995,37
45740.jpg,1958,1950,-8
45745.jpg,1958,1945,-13
45750.jpg,1958,1990,32
45755.jpg,1958,1890,-68
45760.jpg,1958,1960,2
45765.jpg,1958,1970,12
45770.jpg,1958,1964,6
45775.jpg,1958,1960,2
45780.jpg,1958,1960,2
45785.jpg,1958,1990,32
45790.jpg,1958,1970,12
45795.jpg,1958,2015,57
45800.jpg,1958,1960,2
45805.jpg,1958,1980,22
45810.jpg,1958,1350,-608
45815.jpg,1958,1990,32
45820.jpg,1958,1980,22
45825.jpg,1958,1970,12
45830.jpg,1958,1970,12
45835.jpg,1958,1900,-58
45840.jpg,1958,1970,12
45845.jpg,1958,1960,2
45850.jpg,1958,1960,2
45855.jpg,1959,1960,1
45860.jpg,1959,1850,-109
45870.jpg,1959,2010,51
45880.jpg,1959,1930,-29
45885.jpg,1959,1970,11
45890.jpg,1959,1930,-29
45895.jpg,1959,1950,-9
45900.jpg,1959,1970,11
45905.jpg,1959,1960,1
45910.jpg,1959,2010,51
45915.jpg,1959,1960,1
45925.jpg,1959,1950,-9
45930.jpg,1959,1980,21
45935.jpg,1959,1970,11
45940.jpg,1959,1990,31
45945.jpg,1959,2010,51
45950.jpg,1959,1995,36
45955.jpg,1959,2010,51
45960.jpg,1959,1980,21
45965.jpg,1959,1920,-39
45970.jpg,1959,1990,31
45975.jpg,1959,1960,1
45980.jpg,1959,1900,-59
45985.jpg,1959,1920,-39
45990.jpg,1960,1890,-70
45995.jpg,1960,1990,30
46000.jpg,1960,1980,20
46005.jpg,1960,1950,-10
46015.jpg,1960,1960,0
46025.jpg,1960,1970,10
46030.jpg,1960,1970,10
46035.jpg,1960,1960,0
46040.jpg,1960,1970,10
46045.jpg,1960,1970,10
46050.jpg,1960,1930,-30
46055.jpg,1960,1900,-60
46060.jpg,1960,1960,0
46065.jpg,1960,1950,-10
46070.jpg,1960,1964,4
46075.jpg,1960,1960,0
46080.jpg,1960,1960,0
46085.jpg,1960,1850,-110
46090.jpg,1960,1950,-10
46095.jpg,1960,1970,10
46100.jpg,1960,1980,20
46105.jpg,1960,1950,-10
46110.jpg,1960,1995,35
46115.jpg,1960,2010,50
46120.jpg,1960,1990,30
46130.jpg,1960,1850,-110
46135.jpg,1960,1970,10
46140.jpg,1960,1930,-30
46145.jpg,1960,1980,20
46150.jpg,1960,1960,0
46155.jpg,1961,1890,-71
46160.jpg,1961,1930,-31
46170.jpg,1961,2019,58
46180.jpg,1961,1960,-1
46185.jpg,1961,1980,19
46190.jpg,1961,1850,-111
46195.jpg,1961,2010,49
46200.jpg,1961,1970,9
46205.jpg,1961,1980,19
46210.jpg,1961,1970,9
46215.jpg,1961,1970,9
46220.jpg,1961,1980,19
46225.jpg,1961,1960,-1
46230.jpg,1961,1960,-1
46235.jpg,1961,1950,-11
46240.jpg,1961,2010,49
46245.jpg,1961,1960,-1
46250.jpg,1961,1950,-11
46255.jpg,1961,1980,19
46260.jpg,1961,1980,19
46265.jpg,1961,1960,-1
46270.jpg,1961,1930,-31
46275.jpg,1961,1930,-31
46280.jpg,1961,1890,-71
46285.jpg,1961,1950,-11
46290.jpg,1961,1990,29
46295.jpg,1961,1980,19
46305.jpg,1961,1950,-11
46310.jpg,1961,1960,-1
46315.jpg,1961,1970,9
46320.jpg,1962,1970,8
46330.jpg,1962,1900,-62
46335.jpg,1962,2010,48
46340.jpg,1962,1962,0
46345.jpg,1962,1980,18
46350.jpg,1962,1960,-2
46355.jpg,1962,1990,28
46360.jpg,1962,1970,8
46365.jpg,1962,1960,-2
46370.jpg,1962,1950,-12
46375.jpg,1962,1960,-2
46380.jpg,1962,1970,8
46385.jpg,1962,1960,-2
46390.jpg,1962,1960,-2
46395.jpg,1962,1950,-12
46400.jpg,1962,1960,-2
46405.jpg,1962,1930,-32
46410.jpg,1962,1960,-2
46415.jpg,1962,1890,-72
46420.jpg,1962,1950,-12
46425.jpg,1962,1960,-2
46430.jpg,1962,1950,-12
46435.jpg,1962,1850,-112
46440.jpg,1962,1995,33
46445.jpg,1962,1995,33
46450.jpg,1962,1970,8
46455.jpg,1962,1450,-512
46460.jpg,1962,1970,8
46465.jpg,1963,1960,-3
46470.jpg,1963,1960,-3
46475.jpg,1963,1970,7
46480.jpg,1963,1990,27
46490.jpg,1963,1960,-3
46495.jpg,1963,1990,27
46500.jpg,1963,1990,27
46505.jpg,1963,1990,27
46510.jpg,1963,1960,-3
46515.jpg,1963,1970,7
46520.jpg,1963,1960,-3
46525.jpg,1963,1980,17
46530.jpg,1963,1980,17
46535.jpg,1963,1960,-3
46540.jpg,1963,1890,-73
46545.jpg,1963,1960,-3
46550.jpg,1963,1960,-3
46555.jpg,1963,2010,47
46560.jpg,1963,1960,-3
46565.jpg,1963,1960,-3
46570.jpg,1963,1960,-3
46575.jpg,1963,1960,-3
46580.jpg,1963,1970,7
46585.jpg,1963,1970,7
46590.jpg,1963,1600,-363
46595.jpg,1963,1930,-33
46600.jpg,1963,1980,17
46605.jpg,1963,1980,17
46615.jpg,1963,1950,-13
46620.jpg,1963,1930,-33
46625.jpg,1963,1985,22
46630.jpg,1963,1930,-33
46635.jpg,1964,1970,6
46640.jpg,1964,2010,46
46645.jpg,1964,1960,-4
46650.jpg,1964,1980,16
46655.jpg,1964,1980,16
46660.jpg,1964,2010,46
46665.jpg,1964,1980,16
46670.jpg,1964,1970,6
46675.jpg,1964,1980,16
46680.jpg,1964,1970,6
46685.jpg,1964,1990,26
46690.jpg,1964,1970,6
46695.jpg,1964,1980,16
46700.jpg,1964,1960,-4
46705.jpg,1964,1990,26
46710.jpg,1964,1970,6
46715.jpg,1964,1960,-4
46720.jpg,1964,1960,-4
46725.jpg,1964,1970,6
46730.jpg,1964,1960,-4
46735.jpg,1964,1960,-4
46740.jpg,1964,1950,-14
46745.jpg,1964,1960,-4
46750.jpg,1964,1950,-14
46755.jpg,1964,1990,26
46760.jpg,1964,1895,-69
46765.jpg,1964,2010,46
46770.jpg,1964,1960,-4
46775.jpg,1964,1960,-4
46780.jpg,1964,1995,31
46785.jpg,1964,1995,31
46790.jpg,1964,1980,16
46795.jpg,1964,1970,6
46805.jpg,1964,1960,-4
46810.jpg,1964,1930,-34
46815.jpg,1964,1950,-14
46820.jpg,1965,1970,5
46825.jpg,1965,1960,-5
46830.jpg,1965,1980,15
46835.jpg,1965,1990,25
46840.jpg,1965,1990,25
46845.jpg,1965,1990,25
46850.jpg,1965,2010,45
46860.jpg,1965,1980,15
46865.jpg,1965,1950,-15
46870.jpg,1965,2017,52
46875.jpg,1965,1980,15
46885.jpg,1965,1970,5
46890.jpg,1965,2015,50
46895.jpg,1965,1960,-5
46900.jpg,1965,1970,5
46905.jpg,1965,1930,-35
46910.jpg,1965,1960,-5
46915.jpg,1965,1960,-5
46920.jpg,1965,1990,25
46930.jpg,1965,1950,-15
46935.jpg,1965,1970,5
46940.jpg,1965,1930,-35
46945.jpg,1965,1990,25
46950.jpg,1965,1990,25
46955.jpg,1965,2010,45
46960.jpg,1965,1990,25
46965.jpg,1965,1995,30
46970.jpg,1965,1970,5
46990.jpg,1965,1970,5
46995.jpg,1965,1920,-45
47000.jpg,1965,1960,-5
47005.jpg,1966,1960,-6
47010.jpg,1966,1970,4
47015.jpg,1966,1950,-16
47020.jpg,1966,1980,14
47025.jpg,1966,1950,-16
47030.jpg,1966,1960,-6
47035.jpg,1966,1960,-6
47040.jpg,1966,2000,34
47050.jpg,1966,1980,14
47055.jpg,1966,1960,-6
47060.jpg,1966,1970,4
47065.jpg,1966,1920,-46
47070.jpg,1966,1930,-36
47075.jpg,1966,1980,14
47080.jpg,1966,1970,4
47085.jpg,1966,1970,4
47090.jpg,1966,1970,4
47100.jpg,1966,1850,-116
47105.jpg,1966,1960,-6
47115.jpg,1966,1960,-6
47120.jpg,1966,1960,-6
47125.jpg,1966,1950,-16
47130.jpg,1966,1950,-16
47135.jpg,1966,1970,4
47140.jpg,1966,1950,-16
47145.jpg,1966,1850,-116
47150.jpg,1966,1980,14
47155.jpg,1966,1900,-66
47170.jpg,1966,2010,44
47175.jpg,1966,1995,29
47180.jpg,1966,1970,4
47185.jpg,1966,1995,29
47190.jpg,1966,1960,-6
47195.jpg,1966,1960,-6
47200.jpg,1966,1960,-6
47205.jpg,1966,1960,-6
47210.jpg,1966,1980,14
47215.jpg,1966,1965,-1
47220.jpg,1966,1961,-5
47225.jpg,1967,1970,3
47230.jpg,1967,1930,-37
47235.jpg,1967,1890,-77
47240.jpg,1967,1970,3
47245.jpg,1967,1950,-17
47255.jpg,1967,1990,23
47265.jpg,1967,2010,43
47270.jpg,1967,1980,13
47275.jpg,1967,1980,13
47280.jpg,1967,2010,43
47285.jpg,1967,1960,-7
47290.jpg,1967,1975,8
47295.jpg,1967,1930,-37
47300.jpg,1967,1900,-67
47305.jpg,1967,1880,-87
47310.jpg,1967,1960,-7
47315.jpg,1967,1960,-7
47320.jpg,1967,1970,3
47325.jpg,1967,1970,3
47330.jpg,1967,1960,-7
47335.jpg,1967,1960,-7
47340.jpg,1967,1995,28
47345.jpg,1967,1950,-17
47350.jpg,1967,1960,-7
47355.jpg,1967,1970,3
47360.jpg,1967,1900,-67
47365.jpg,1967,1950,-17
47370.jpg,1967,1890,-77
47375.jpg,1967,1890,-77
47380.jpg,1967,1975,8
47385.jpg,1967,1980,13
47395.jpg,1967,2010,43
47400.jpg,1967,1990,23
47405.jpg,1967,1960,-7
47410.jpg,1967,1990,23
47420.jpg,1967,1980,13
47425.jpg,1967,2010,43
47430.jpg,1967,1990,23
47435.jpg,1967,1975,8
47440.jpg,1967,1950,-17
47445.jpg,1967,1980,13
47450.jpg,1968,1960,-8
47455.jpg,1968,1970,2
47460.jpg,1968,1960,-8
47465.jpg,1968,2010,42
47470.jpg,1968,1960,-8
47475.jpg,1968,1970,2
47480.jpg,1968,1980,12
47485.jpg,1968,1970,2
47490.jpg,1968,1990,22
47495.jpg,1968,2015,47
47500.jpg,1968,1990,22
47505.jpg,1968,2010,42
47515.jpg,1968,1960,-8
47520.jpg,1968,1930,-38
47525.jpg,1968,1990,22
47530.jpg,1968,1970,2
47535.jpg,1968,1960,-8
47540.jpg,1968,1960,-8
47545.jpg,1968,1960,-8
47550.jpg,1968,1970,2
47555.jpg,1968,1960,-8
47560.jpg,1968,1950,-18
47565.jpg,1968,1980,12
47570.jpg,1968,1970,2
47575.jpg,1968,1850,-118
47580.jpg,1968,1970,2
47585.jpg,1968,1890,-78
47590.jpg,1968,2010,42
47595.jpg,1968,1975,7
47600.jpg,1968,2010,42
47610.jpg,1968,1995,27
47620.jpg,1968,1980,12
47625.jpg,1968,1930,-38
47630.jpg,1968,1995,27
47635.jpg,1968,1970,2
47640.jpg,1968,1970,2
47645.jpg,1968,1970,2
47650.jpg,1969,1930,-39
47655.jpg,1969,1960,-9
47660.jpg,1969,1980,11
47665.jpg,1969,1970,1
47670.jpg,1969,1980,11
47675.jpg,1969,1950,-19
47680.jpg,1969,1980,11
47685.jpg,1969,1960,-9
47690.jpg,1969,1960,-9
47695.jpg,1969,1950,-19
47700.jpg,1969,1990,21
47710.jpg,1969,1980,11
47715.jpg,1969,1900,-69
47720.jpg,1969,1970,1
47730.jpg,1969,1970,1
47735.jpg,1969,1975,6
47740.jpg,1969,1900,-69
47745.jpg,1969,1995,26
47750.jpg,1969,2010,41
47755.jpg,1969,1895,-74
47760.jpg,1969,1960,-9
47765.jpg,1969,2010,41
47770.jpg,1969,2010,41
47780.jpg,1969,1995,26
47785.jpg,1969,1990,21
47790.jpg,1969,1970,1
47795.jpg,1969,1960,-9
47800.jpg,1969,1970,1
47805.jpg,1969,1950,-19
47810.jpg,1969,1975,6
47815.jpg,1969,2010,41
47820.jpg,1969,1970,1
47825.jpg,1969,1975,6
47830.jpg,1969,1965,-4
47835.jpg,1970,1960,-10
47840.jpg,1970,1970,0
47845.jpg,1970,1960,-10
47850.jpg,1970,1990,20
47855.jpg,1970,1960,-10
47860.jpg,1970,2010,40
47865.jpg,1970,2010,40
47870.jpg,1970,1970,0
47875.jpg,1970,1975,5
47880.jpg,1970,2010,40
47890.jpg,1970,1970,0
47895.jpg,1970,1960,-10
47900.jpg,1970,1960,-10
47905.jpg,1970,1960,-10
47910.jpg,1970,1970,0
47915.jpg,1970,1990,20
47920.jpg,1970,1960,-10
47925.jpg,1970,1960,-10
47930.jpg,1970,2010,40
47935.jpg,1970,1960,-10
47940.jpg,1970,1960,-10
47945.jpg,1970,1750,-220
47950.jpg,1970,1980,10
47955.jpg,1970,1980,10
47960.jpg,1970,1970,0
47965.jpg,1970,1990,20
47970.jpg,1970,2010,40
47975.jpg,1970,1980,10
47980.jpg,1970,1880,-90
47985.jpg,1970,1965,-5
47990.jpg,1970,1990,20
47995.jpg,1970,1990,20
48000.jpg,1971,1970,-1
48005.jpg,1971,1980,9
48010.jpg,1971,1970,-1
48020.jpg,1971,1980,9
48025.jpg,1971,1980,9
48030.jpg,1971,2010,39
48035.jpg,1971,1960,-11
48040.jpg,1971,1950,-21
48045.jpg,1971,1970,-1
48050.jpg,1971,1990,19
48065.jpg,1971,1960,-11
48070.jpg,1971,1960,-11
48075.jpg,1971,1970,-1
48080.jpg,1971,1970,-1
48085.jpg,1971,1950,-21
48090.jpg,1971,1960,-11
48095.jpg,1971,1900,-71
48100.jpg,1971,1950,-21
48105.jpg,1971,2015,44
48110.jpg,1971,1995,24
48115.jpg,1971,1990,19
48120.jpg,1971,1980,9
48130.jpg,1971,1995,24
48135.jpg,1971,1985,14
48140.jpg,1971,2010,39
48145.jpg,1971,2010,39
48150.jpg,1971,1980,9
48155.jpg,1971,1880,-91
48160.jpg,1971,1970,-1
48170.jpg,1971,1970,-1
48175.jpg,1971,1970,-1
48180.jpg,1972,1970,-2
48185.jpg,1972,1960,-12
48190.jpg,1972,1970,-2
48195.jpg,1972,2000,28
48200.jpg,1972,1970,-2
48205.jpg,1972,1970,-2
48215.jpg,1972,1960,-12
48220.jpg,1972,1970,-2
48225.jpg,1972,1980,8
48230.jpg,1972,1990,18
48235.jpg,1972,1970,-2
48240.jpg,1972,1960,-12
48245.jpg,1972,1950,-22
48250.jpg,1972,1970,-2
48255.jpg,1972,1930,-42
48260.jpg,1972,1970,-2
48265.jpg,1972,1970,-2
48270.jpg,1972,1960,-12
48275.jpg,1972,1960,-12
48280.jpg,1972,1960,-12
48285.jpg,1972,1950,-22
48290.jpg,1972,1890,-82
48295.jpg,1972,1970,-2
48300.jpg,1972,1980,8
48305.jpg,1972,2010,38
48310.jpg,1972,2015,43
48320.jpg,1972,2010,38
48325.jpg,1972,1890,-82
48330.jpg,1972,2010,38
48335.jpg,1972,1930,-42
48340.jpg,1972,1970,-2
48345.jpg,1972,1960,-12
48350.jpg,1972,1980,8
48355.jpg,1972,1980,8
48360.jpg,1973,1960,-13
48365.jpg,1973,1980,7
48370.jpg,1973,1960,-13
48375.jpg,1973,1980,7
48380.jpg,1973,1980,7
48385.jpg,1973,1990,17
48390.jpg,1973,1980,7
48395.jpg,1973,1980,7
48400.jpg,1973,1980,7
48405.jpg,1973,1970,-3
48410.jpg,1973,1950,-23
48415.jpg,1973,2015,42
48420.jpg,1973,1985,12
48425.jpg,1973,1970,-3
48430.jpg,1973,1950,-23
48435.jpg,1973,1970,-3
48440.jpg,1973,1970,-3
48445.jpg,1973,1970,-3
48450.jpg,1973,1960,-13
48455.jpg,1973,1950,-23
48465.jpg,1973,1850,-123
48475.jpg,1973,1970,-3
48480.jpg,1973,1990,17
48490.jpg,1973,1985,12
48495.jpg,1973,1995,22
48500.jpg,1973,1900,-73
48505.jpg,1973,1960,-13
48510.jpg,1973,2010,37
48515.jpg,1973,1900,-73
48525.jpg,1973,1960,-13
48530.jpg,1974,1980,6
48535.jpg,1974,1970,-4
48540.jpg,1974,1960,-14
48545.jpg,1974,2010,36
48550.jpg,1974,1980,6
48555.jpg,1974,2010,36
48560.jpg,1974,1970,-4
48565.jpg,1974,1980,6
48570.jpg,1974,1995,21
48575.jpg,1974,1970,-4
48580.jpg,1974,1970,-4
48585.jpg,1974,1970,-4
48590.jpg,1974,1950,-24
48595.jpg,1974,1960,-14
48600.jpg,1974,1970,-4
48605.jpg,1974,1960,-14
48610.jpg,1974,1990,16
48615.jpg,1974,1960,-14
48620.jpg,1974,1930,-44
48625.jpg,1974,1930,-44
48630.jpg,1974,1980,6
48635.jpg,1974,1980,6
48640.jpg,1974,1800,-174
48650.jpg,1974,1970,-4
48670.jpg,1974,2010,36
48675.jpg,1974,2010,36
48680.jpg,1974,1990,16
48685.jpg,1974,1985,11
48690.jpg,1974,2010,36
48695.jpg,1974,1900,-74
48700.jpg,1974,1970,-4
48705.jpg,1974,1995,21
48710.jpg,1974,2010,36
48715.jpg,1974,1965,-9
48720.jpg,1974,1960,-14
48725.jpg,1974,1850,-124
48735.jpg,1975,1970,-5
48740.jpg,1975,1990,15
48745.jpg,1975,1970,-5
48750.jpg,1975,1960,-15
48755.jpg,1975,1970,-5
48760.jpg,1975,1990,15
48765.jpg,1975,1980,5
48770.jpg,1975,1980,5
48775.jpg,1975,1950,-25
48780.jpg,1975,1990,15
48785.jpg,1975,1970,-5
48790.jpg,1975,1960,-15
48795.jpg,1975,2010,35
48800.jpg,1975,1960,-15
48805.jpg,1975,1930,-45
48810.jpg,1975,2015,40
48815.jpg,1975,1960,-15
48820.jpg,1975,1960,-15
48825.jpg,1975,1950,-25
48830.jpg,1975,1960,-15
48835.jpg,1975,1990,15
48840.jpg,1975,1970,-5
48845.jpg,1975,1970,-5
48850.jpg,1975,2010,35
48855.jpg,1975,2015,40
48860.jpg,1975,2010,35
48865.jpg,1975,1995,20
48870.jpg,1975,1980,5
48875.jpg,1975,1995,20
48880.jpg,1975,2015,40
48885.jpg,1975,1970,-5
48890.jpg,1975,1980,5
48895.jpg,1975,1970,-5
48900.jpg,1976,1900,-76
48905.jpg,1976,1970,-6
48910.jpg,1976,1960,-16
48915.jpg,1976,1970,-6
48920.jpg,1976,1990,14
48925.jpg,1976,2010,34
48930.jpg,1976,1990,14
48940.jpg,1976,1970,-6
48945.jpg,1976,1970,-6
48950.jpg,1976,2010,34
48955.jpg,1976,1960,-16
48960.jpg,1976,1975,-1
48965.jpg,1976,1960,-16
48970.jpg,1976,1960,-16
48975.jpg,1976,1960,-16
48985.jpg,1976,1990,14
48990.jpg,1976,1930,-46
49000.jpg,1976,1500,-476
49020.jpg,1976,1960,-16
49030.jpg,1976,2010,34
49035.jpg,1976,2010,34
49040.jpg,1976,1980,4
49045.jpg,1976,1995,19
49050.jpg,1976,2010,34
49060.jpg,1976,1950,-26
49065.jpg,1976,1990,14
49070.jpg,1976,1970,-6
49075.jpg,1976,1450,-526
49080.jpg,1976,1970,-6
49085.jpg,1976,1970,-6
49090.jpg,1976,2015,39
49095.jpg,1977,1980,3
49100.jpg,1977,1900,-77
49105.jpg,1977,1960,-17
49110.jpg,1977,1980,3
49115.jpg,1977,1970,-7
49120.jpg,1977,1980,3
49125.jpg,1977,1980,3
49130.jpg,1977,1950,-27
49135.jpg,1977,1970,-7
49140.jpg,1977,1960,-17
49145.jpg,1977,1970,-7
49150.jpg,1977,1970,-7
49155.jpg,1977,1970,-7
49160.jpg,1977,1990,13
49165.jpg,1977,1960,-17
49170.jpg,1977,1950,-27
49175.jpg,1977,1890,-87
49180.jpg,1977,1960,-17
49185.jpg,1977,2010,33
49190.jpg,1977,1950,-27
49195.jpg,1977,1990,13
49205.jpg,1977,2015,38
49210.jpg,1977,1980,3
49215.jpg,1977,2000,23
49220.jpg,1977,1990,13
49225.jpg,1977,1984,7
49230.jpg,1977,1990,13
49235.jpg,1977,1950,-27
49240.jpg,1977,1970,-7
49250.jpg,1977,1950,-27
49255.jpg,1977,1950,-27
49260.jpg,1978,1990,12
49265.jpg,1978,2010,32
49270.jpg,1978,1960,-18
49280.jpg,1978,2010,32
49285.jpg,1978,1975,-3
49290.jpg,1978,1920,-58
49295.jpg,1978,2010,32
49305.jpg,1978,1975,-3
49310.jpg,1978,2010,32
49315.jpg,1978,1960,-18
49320.jpg,1978,1960,-18
49325.jpg,1978,1950,-28
49330.jpg,1978,1970,-8
49335.jpg,1978,1980,2
49340.jpg,1978,1895,-83
49345.jpg,1978,1970,-8
49350.jpg,1978,1970,-8
49355.jpg,1978,2010,32
49360.jpg,1978,2010,32
49365.jpg,1978,2010,32
49370.jpg,1978,1990,12
49375.jpg,1978,1995,17
49385.jpg,1978,2010,32
49390.jpg,1978,1970,-8
49395.jpg,1978,1960,-18
49400.jpg,1978,1970,-8
49405.jpg,1979,1960,-19
49410.jpg,1979,1980,1
49415.jpg,1979,1970,-9
49420.jpg,1979,1960,-19
49425.jpg,1979,1990,11
49430.jpg,1979,2010,31
49435.jpg,1979,1980,1
49440.jpg,1979,1970,-9
49445.jpg,1979,1970,-9
49450.jpg,1979,1850,-129
49455.jpg,1979,1970,-9
49460.jpg,1979,1960,-19
49465.jpg,1979,1950,-29
49470.jpg,1979,1950,-29
49475.jpg,1979,1970,-9
49480.jpg,1979,1900,-79
49485.jpg,1979,1950,-29
49490.jpg,1979,1900,-79
49495.jpg,1979,1985,6
49500.jpg,1979,2010,31
49505.jpg,1979,2010,31
49510.jpg,1979,1970,-9
49515.jpg,1979,2010,31
49525.jpg,1979,1990,11
49530.jpg,1979,1985,6
49535.jpg,1979,1990,11
49540.jpg,1979,1990,11
49545.jpg,1979,1960,-19
49550.jpg,1979,1985,6
49555.jpg,1979,2010,31
49560.jpg,1979,1960,-19
49565.jpg,1980,1970,-10
49570.jpg,1980,1890,-90
49585.jpg,1980,1930,-50
49590.jpg,1980,1980,0
49595.jpg,1980,1980,0
49600.jpg,1980,1960,-20
49605.jpg,1980,1930,-50
49610.jpg,1980,1995,15
49615.jpg,1980,1970,-10
49620.jpg,1980,1970,-10
49625.jpg,1980,1950,-30
49630.jpg,1980,1990,10
49635.jpg,1980,2010,30
49640.jpg,1980,1900,-80
49645.jpg,1980,2010,30
49650.jpg,1980,1990,10
49655.jpg,1980,1970,-10
49660.jpg,1980,2010,30
49665.jpg,1980,1990,10
49675.jpg,1980,2010,30
49680.jpg,1980,1960,-20
49685.jpg,1980,2010,30
49690.jpg,1980,1990,10
49695.jpg,1980,1970,-10
49700.jpg,1980,1970,-10
49705.jpg,1980,1980,0
49710.jpg,1981,2010,29
49715.jpg,1981,1980,-1
49720.jpg,1981,1970,-11
49725.jpg,1981,1970,-11
49735.jpg,1981,2010,29
49740.jpg,1981,1960,-21
49745.jpg,1981,1980,-1
49750.jpg,1981,1980,-1
49755.jpg,1981,1970,-11
49760.jpg,1981,1970,-11
49770.jpg,1981,1970,-11
49775.jpg,1981,1970,-11
49780.jpg,1981,1995,14
49785.jpg,1981,1950,-31
49790.jpg,1981,1990,9
49795.jpg,1981,1980,-1
49800.jpg,1981,1990,9
49805.jpg,1981,1995,14
49810.jpg,1981,1950,-31
49815.jpg,1981,1950,-31
49820.jpg,1981,1850,-131
49825.jpg,1981,1990,9
49830.jpg,1981,1980,-1
49835.jpg,1981,1960,-21
49840.jpg,1981,1890,-91
49845.jpg,1981,1930,-51
49850.jpg,1981,2015,34
49860.jpg,1981,1990,9
49865.jpg,1981,2010,29
49875.jpg,1981,1980,-1
49880.jpg,1981,1990,9
49885.jpg,1981,2010,29
49890.jpg,1981,1990,9
49895.jpg,1981,1975,-6
49900.jpg,1981,1450,-531
49905.jpg,1981,1970,-11
49910.jpg,1981,1950,-31
49915.jpg,1981,1970,-11
49920.jpg,1982,1900,-82
49925.jpg,1982,1880,-102
49930.jpg,1982,1980,-2
49935.jpg,1982,1950,-32
49940.jpg,1982,1970,-12
49945.jpg,1982,2000,18
49950.jpg,1982,2008,26
49955.jpg,1982,1980,-2
49960.jpg,1982,1980,-2
49965.jpg,1982,1970,-12
49975.jpg,1982,1980,-2
49980.jpg,1982,1950,-32
49985.jpg,1982,1985,3
49990.jpg,1982,1985,3
49995.jpg,1982,1960,-22
50000.jpg,1982,2000,18
50005.jpg,1982,1995,13
50010.jpg,1982,1970,-12
50015.jpg,1982,1980,-2
50020.jpg,1982,1980,-2
50025.jpg,1982,1975,-7
50030.jpg,1982,1975,-7
50035.jpg,1982,1960,-22
50040.jpg,1982,2010,28
50045.jpg,1982,1990,8
50050.jpg,1982,1950,-32
50055.jpg,1982,1980,-2
50060.jpg,1982,1970,-12
50065.jpg,1982,1950,-32
50070.jpg,1982,1960,-22
50075.jpg,1982,1960,-22
50080.jpg,1982,1850,-132
50095.jpg,1982,1900,-82
50100.jpg,1982,1550,-432
50105.jpg,1982,1930,-52
50110.jpg,1982,1890,-92
50115.jpg,1982,1995,13
50120.jpg,1982,1900,-82
50145.jpg,1982,1930,-52
50150.jpg,1982,1970,-12
50155.jpg,1982,1985,3
50160.jpg,1983,1880,-103
50165.jpg,1983,1980,-3
50170.jpg,1983,2023,40
50175.jpg,1983,1950,-33
50185.jpg,1983,1900,-83
50190.jpg,1983,1950,-33
50195.jpg,1983,1970,-13
50200.jpg,1983,1965,-18
50205.jpg,1983,2010,27
50210.jpg,1983,1985,2
50220.jpg,1983,1985,2
50225.jpg,1983,1970,-13
50230.jpg,1983,1970,-13
50235.jpg,1983,1980,-3
50240.jpg,1983,1970,-13
50245.jpg,1983,1970,-13
50250.jpg,1983,1970,-13
50255.jpg,1983,1975,-8
50260.jpg,1983,2010,27
50270.jpg,1983,1970,-13
50275.jpg,1983,1970,-13
50280.jpg,1983,1960,-23
50285.jpg,1983,1950,-33
50290.jpg,1983,1990,7
50295.jpg,1983,1970,-13
50300.jpg,1983,1960,-23
50305.jpg,1983,1960,-23
50310.jpg,1983,1930,-53
50315.jpg,1983,1850,-133
50320.jpg,1983,1970,-13
50325.jpg,1983,1900,-83
50330.jpg,1983,1970,-13
50335.jpg,1983,2010,27
50340.jpg,1983,1995,12
50345.jpg,1983,1985,2
50350.jpg,1983,1980,-3
50355.jpg,1983,1930,-53
50360.jpg,1983,1980,-3
50365.jpg,1983,1970,-13
50370.jpg,1983,1975,-8
50375.jpg,1983,1960,-23
50380.jpg,1983,1990,7
50385.jpg,1983,1980,-3
50390.jpg,1984,1980,-4
50395.jpg,1984,1970,-14
50400.jpg,1984,1950,-34
50405.jpg,1984,1980,-4
50410.jpg,1984,1950,-34
50415.jpg,1984,1950,-34
50420.jpg,1984,1990,6
50425.jpg,1984,1980,-4
50430.jpg,1984,1980,-4
50435.jpg,1984,1950,-34
50440.jpg,1984,1970,-14
50445.jpg,1984,1985,1
50450.jpg,1984,1990,6
50455.jpg,1984,1980,-4
50465.jpg,1984,1970,-14
50470.jpg,1984,1980,-4
50475.jpg,1984,1990,6
50480.jpg,1984,1970,-14
50485.jpg,1984,1970,-14
50490.jpg,1984,1960,-24
50495.jpg,1984,1200,-784
50500.jpg,1984,1950,-34
50505.jpg,1984,1930,-54
50515.jpg,1984,2015,31
50520.jpg,1984,1960,-24
50525.jpg,1984,1970,-14
50530.jpg,1984,1950,-34
50535.jpg,1984,1900,-84
50540.jpg,1984,1995,11
50545.jpg,1984,1980,-4
50550.jpg,1984,1990,6
50555.jpg,1984,2010,26
50560.jpg,1984,1970,-14
50565.jpg,1984,1980,-4
50570.jpg,1984,1970,-14
50575.jpg,1984,1900,-84
50580.jpg,1985,1880,-105
50585.jpg,1985,1970,-15
50595.jpg,1985,1980,-5
50600.jpg,1985,1990,5
50605.jpg,1985,1990,5
50610.jpg,1985,2010,25
50615.jpg,1985,1980,-5
50620.jpg,1985,2010,25
50630.jpg,1985,1985,0
50635.jpg,1985,1970,-15
50640.jpg,1985,1970,-15
50645.jpg,1985,1970,-15
50650.jpg,1985,1975,-10
50655.jpg,1985,1980,-5
50660.jpg,1985,2000,15
50665.jpg,1985,1970,-15
50670.jpg,1985,2010,25
50675.jpg,1985,2015,30
50680.jpg,1985,1970,-15
50685.jpg,1985,1960,-25
50690.jpg,1985,2010,25
50695.jpg,1985,1980,-5
50700.jpg,1985,1960,-25
50705.jpg,1985,1960,-25
50710.jpg,1985,1950,-35
50715.jpg,1985,1950,-35
50720.jpg,1985,1890,-95
50730.jpg,1985,1980,-5
50735.jpg,1985,2010,25
50740.jpg,1985,1980,-5
50745.jpg,1985,2010,25
50750.jpg,1985,1970,-15
50755.jpg,1985,1990,5
50760.jpg,1985,1990,5
50765.jpg,1985,1985,0
50770.jpg,1985,1970,-15
50775.jpg,1985,1965,-20
50780.jpg,1986,1980,-6
50785.jpg,1986,1980,-6
50790.jpg,1986,1950,-36
50795.jpg,1986,1980,-6
50800.jpg,1986,1990,4
50805.jpg,1986,1970,-16
50810.jpg,1986,1985,-1
50815.jpg,1986,1960,-26
50820.jpg,1986,1975,-11
50830.jpg,1986,1980,-6
50835.jpg,1986,1985,-1
50840.jpg,1986,1970,-16
50845.jpg,1986,1980,-6
50850.jpg,1986,1975,-11
50855.jpg,1986,2010,24
50860.jpg,1986,1970,-16
50865.jpg,1986,1890,-96
50870.jpg,1986,1960,-26
50885.jpg,1986,1980,-6
50890.jpg,1986,1950,-36
50895.jpg,1986,1970,-16
50900.jpg,1986,1900,-86
50905.jpg,1986,1960,-26
50910.jpg,1986,1995,9
50915.jpg,1986,1990,4
50920.jpg,1986,1950,-36
50925.jpg,1986,1850,-136
50930.jpg,1986,1970,-16
50935.jpg,1986,1960,-26
50940.jpg,1986,1890,-96
50945.jpg,1986,1990,4
50950.jpg,1986,1980,-6
50955.jpg,1986,2010,24
50960.jpg,1986,2000,14
50965.jpg,1986,1985,-1
50970.jpg,1986,1995,9
50975.jpg,1986,1960,-26
50980.jpg,1986,1900,-86
50985.jpg,1986,1900,-86
50990.jpg,1987,1880,-107
50995.jpg,1987,1930,-57
51000.jpg,1987,1980,-7
51010.jpg,1987,1950,-37
51015.jpg,1987,1980,-7
51020.jpg,1987,1980,-7
51025.jpg,1987,1970,-17
51030.jpg,1987,1950,-37
51035.jpg,1987,2010,23
51040.jpg,1987,1960,-27
51045.jpg,1987,1985,-2
51050.jpg,1987,1970,-17
51055.jpg,1987,1980,-7
51060.jpg,1987,1985,-2
51065.jpg,1987,2010,23
51070.jpg,1987,1970,-17
51075.jpg,1987,1985,-2
51080.jpg,1987,1985,-2
51085.jpg,1987,1965,-22
51090.jpg,1987,2010,23
51095.jpg,1987,1990,3
51100.jpg,1987,1960,-27
51105.jpg,1987,1950,-37
51110.jpg,1987,1960,-27
51115.jpg,1987,1990,3
51120.jpg,1987,1950,-37
51125.jpg,1987,1890,-97
51130.jpg,1987,1850,-137
51135.jpg,1987,1970,-17
51140.jpg,1987,2010,23
51145.jpg,1987,1995,8
51155.jpg,1987,1980,-7
51165.jpg,1987,1890,-97
51170.jpg,1987,1930,-57
51175.jpg,1987,2010,23
51180.jpg,1987,2010,23
51200.jpg,1988,1950,-38
51205.jpg,1988,1970,-18
51210.jpg,1988,1960,-28
51215.jpg,1988,1990,2
51220.jpg,1988,1970,-18
51225.jpg,1988,1950,-38
51240.jpg,1988,1970,-18
51245.jpg,1988,1980,-8
51250.jpg,1988,1970,-18
51255.jpg,1988,1985,-3
51260.jpg,1988,1975,-13
51265.jpg,1988,1960,-28
51270.jpg,1988,1970,-18
51275.jpg,1988,1980,-8
51280.jpg,1988,1975,-13
51285.jpg,1988,1975,-13
51290.jpg,1988,2010,22
51295.jpg,1988,1975,-13
51300.jpg,1988,1970,-18
51305.jpg,1988,1960,-28
51310.jpg,1988,1960,-28
51315.jpg,1988,1960,-28
51320.jpg,1988,1920,-68
51330.jpg,1988,1500,-488
51335.jpg,1988,1890,-98
51340.jpg,1988,1980,-8
51345.jpg,1988,1890,-98
51350.jpg,1988,1900,-88
51355.jpg,1988,1970,-18
51360.jpg,1988,2010,22
51365.jpg,1988,1950,-38
51370.jpg,1988,1990,2
51375.jpg,1988,1930,-58
51380.jpg,1988,2010,22
51385.jpg,1988,1950,-38
51390.jpg,1988,1980,-8
51395.jpg,1988,1990,2
51400.jpg,1988,2010,22
51405.jpg,1988,1970,-18
51410.jpg,1989,1970,-19
51415.jpg,1989,1980,-9
51420.jpg,1989,1990,1
51425.jpg,1989,1990,1
51430.jpg,1989,2010,21
51435.jpg,1989,1990,1
51440.jpg,1989,1960,-29
51445.jpg,1989,1950,-39
51455.jpg,1989,1970,-19
51460.jpg,1989,1970,-19
51470.jpg,1989,1985,-4
51475.jpg,1989,1985,-4
51480.jpg,1989,1980,-9
51485.jpg,1989,1970,-19
51490.jpg,1989,1980,-9
51495.jpg,1989,1970,-19
51500.jpg,1989,1970,-19
51505.jpg,1989,1985,-4
51510.jpg,1989,1970,-19
51515.jpg,1989,1970,-19
51520.jpg,1989,1980,-9
51525.jpg,1989,1890,-99
51530.jpg,1989,1950,-39
51535.jpg,1989,1965,-24
51540.jpg,1989,1990,1
51545.jpg,1989,1930,-59
51550.jpg,1989,1900,-89
51555.jpg,1989,2010,21
51560.jpg,1989,1990,1
51565.jpg,1989,1990,1
51575.jpg,1989,1995,6
51580.jpg,1989,1450,-539
51585.jpg,1989,1980,-9
51590.jpg,1989,1980,-9
51595.jpg,1989,1960,-29
51600.jpg,1989,1950,-39
51605.jpg,1990,1850,-140
51610.jpg,1990,1980,-10
51615.jpg,1990,1980,-10
51620.jpg,1990,2010,20
51625.jpg,1990,1950,-40
51630.jpg,1990,1990,0
51635.jpg,1990,1960,-30
51640.jpg,1990,1980,-10
51645.jpg,1990,2010,20
51650.jpg,1990,1990,0
51655.jpg,1990,1923,-67
51660.jpg,1990,1980,-10
51670.jpg,1990,1970,-20
51675.jpg,1990,1980,-10
51680.jpg,1990,1970,-20
51685.jpg,1990,1980,-10
51690.jpg,1990,1980,-10
51695.jpg,1990,1975,-15
51700.jpg,1990,1975,-15
51705.jpg,1990,2010,20
51710.jpg,1990,1970,-20
51715.jpg,1990,1930,-60
51720.jpg,1990,1980,-10
51725.jpg,1990,2010,20
51730.jpg,1990,2005,15
51735.jpg,1990,1960,-30
51740.jpg,1990,1930,-60
51745.jpg,1990,1900,-90
51755.jpg,1990,1960,-30
51760.jpg,1990,1930,-60
51765.jpg,1990,1900,-90
51770.jpg,1990,1950,-40
51775.jpg,1990,2010,20
51780.jpg,1990,1995,5
51785.jpg,1990,1930,-60
51795.jpg,1990,1960,-30
51805.jpg,1990,1975,-15
51810.jpg,1990,2010,20
51815.jpg,1990,1970,-20
51820.jpg,1990,1970,-20
51825.jpg,1990,1950,-40
51830.jpg,1990,1980,-10
51840.jpg,1991,1900,-91
51845.jpg,1991,1900,-91
51850.jpg,1991,2010,19
51860.jpg,1991,1995,4
51865.jpg,1991,1980,-11
51870.jpg,1991,1990,-1
51875.jpg,1991,1980,-11
51885.jpg,1991,1990,-1
51890.jpg,1991,1960,-31
51895.jpg,1991,1950,-41
51905.jpg,1991,1985,-6
51910.jpg,1991,1980,-11
51920.jpg,1991,1985,-6
51925.jpg,1991,1985,-6
51930.jpg,1991,1980,-11
51935.jpg,1991,1980,-11
51940.jpg,1991,1985,-6
51945.jpg,1991,1930,-61
51950.jpg,1991,1970,-21
51955.jpg,1991,1980,-11
51960.jpg,1991,1970,-21
51965.jpg,1991,1960,-31
51970.jpg,1991,2010,19
51975.jpg,1991,1960,-31
51980.jpg,1991,1930,-61
51985.jpg,1991,1920,-71
51990.jpg,1991,1980,-11
51995.jpg,1991,1970,-21
52000.jpg,1991,1960,-31
52015.jpg,1991,2010,19
52020.jpg,1991,1990,-1
52025.jpg,1991,1970,-21
52035.jpg,1991,1970,-21
52040.jpg,1991,1995,4
52045.jpg,1991,1980,-11
52060.jpg,1991,1850,-141
52065.jpg,1992,1995,3
52070.jpg,1992,1985,-7
52075.jpg,1992,1980,-12
52080.jpg,1992,1960,-32
52085.jpg,1992,2010,18
52090.jpg,1992,1990,-2
52095.jpg,1992,2010,18
52100.jpg,1992,1985,-7
52105.jpg,1992,1950,-42
52110.jpg,1992,2010,18
52115.jpg,1992,1970,-22
52120.jpg,1992,1975,-17
52125.jpg,1992,2010,18
52130.jpg,1992,1975,-17
52135.jpg,1992,1970,-22
52140.jpg,1992,1985,-7
52145.jpg,1992,1980,-12
52150.jpg,1992,1980,-12
52155.jpg,1992,1990,-2
52160.jpg,1992,1985,-7
52165.jpg,1992,1975,-17
52170.jpg,1992,1970,-22
52175.jpg,1992,1970,-22
52180.jpg,1992,1973,-19
52185.jpg,1992,1960,-32
52190.jpg,1992,2005,13
52195.jpg,1992,1950,-42
52200.jpg,1992,1990,-2
52205.jpg,1992,1950,-42
52210.jpg,1992,1950,-42
52215.jpg,1992,1930,-62
52220.jpg,1992,1975,-17
52225.jpg,1992,1900,-92
52230.jpg,1992,1900,-92
52235.jpg,1992,1900,-92
52240.jpg,1992,1990,-2
52245.jpg,1992,2010,18
52250.jpg,1992,2010,18
52260.jpg,1992,1900,-92
52270.jpg,1993,1970,-23
52275.jpg,1993,1980,-13
52280.jpg,1993,1950,-43
52285.jpg,1993,1980,-13
52290.jpg,1993,2010,17
52300.jpg,1993,1980,-13
52305.jpg,1993,1980,-13
52310.jpg,1993,1990,-3
52315.jpg,1993,1970,-23
52320.jpg,1993,1980,-13
52325.jpg,1993,1960,-33
52335.jpg,1993,1980,-13
52340.jpg,1993,1980,-13
52345.jpg,1993,1985,-8
52350.jpg,1993,1975,-18
52355.jpg,1993,1975,-18
52360.jpg,1993,1975,-18
52365.jpg,1993,1990,-3
52370.jpg,1993,1980,-13
52375.jpg,1993,1930,-63
52380.jpg,1993,1930,-63
52385.jpg,1993,2010,17
52390.jpg,1993,1990,-3
52395.jpg,1993,1960,-33
52400.jpg,1993,1960,-33
52405.jpg,1993,1930,-63
52410.jpg,1993,1900,-93
52415.jpg,1993,1970,-23
52420.jpg,1993,1950,-43
52425.jpg,1993,1900,-93
52430.jpg,1993,2010,17
52435.jpg,1993,1985,-8
52440.jpg,1993,2010,17
52445.jpg,1993,1990,-3
52450.jpg,1993,1850,-143
52455.jpg,1993,2010,17
52460.jpg,1993,1960,-33
52465.jpg,1993,1970,-23
52475.jpg,1994,2010,16
52480.jpg,1994,1950,-44
52485.jpg,1994,1980,-14
52490.jpg,1994,1980,-14
52495.jpg,1994,2010,16
52505.jpg,1994,1990,-4
52510.jpg,1994,1960,-34
52515.jpg,1994,1950,-44
52525.jpg,1994,1985,-9
52530.jpg,1994,1975,-19
52535.jpg,1994,1970,-24
52540.jpg,1994,1930,-64
52545.jpg,1994,2010,16
52550.jpg,1994,1970,-24
52555.jpg,1994,1985,-9
52560.jpg,1994,1890,-104
52570.jpg,1994,1960,-34
52575.jpg,1994,1980,-14
52580.jpg,1994,1850,-144
52585.jpg,1994,1980,-14
52590.jpg,1994,1990,-4
52595.jpg,1994,1900,-94
52600.jpg,1994,1930,-64
52605.jpg,1994,1500,-494
52610.jpg,1994,2010,16
52615.jpg,1994,1880,-114
52620.jpg,1994,2010,16
52625.jpg,1994,2010,16
52630.jpg,1994,1980,-14
52635.jpg,1994,1980,-14
52640.jpg,1994,1930,-64
52645.jpg,1994,1960,-34
52650.jpg,1995,1930,-65
52655.jpg,1995,1980,-15
52660.jpg,1995,2015,20
52665.jpg,1995,1990,-5
52670.jpg,1995,1990,-5
52675.jpg,1995,1980,-15
52680.jpg,1995,1960,-35
52685.jpg,1995,2010,15
52690.jpg,1995,1990,-5
52695.jpg,1995,2010,15
52700.jpg,1995,1980,-15
52705.jpg,1995,1922,-73
52710.jpg,1995,1980,-15
52715.jpg,1995,1980,-15
52720.jpg,1995,1970,-25
52725.jpg,1995,1970,-25
52730.jpg,1995,1960,-35
52735.jpg,1995,1960,-35
52740.jpg,1995,1975,-20
52745.jpg,1995,1980,-15
52750.jpg,1995,1990,-5
52755.jpg,1995,1950,-45
52760.jpg,1995,1960,-35
52765.jpg,1995,1960,-35
52770.jpg,1995,1965,-30
52775.jpg,1995,1980,-15
52785.jpg,1995,1970,-25
52790.jpg,1995,1900,-95
52795.jpg,1995,1990,-5
52800.jpg,1995,1970,-25
52805.jpg,1995,1995,0
52810.jpg,1995,2010,15
52815.jpg,1995,1960,-35
52820.jpg,1995,2010,15
52825.jpg,1995,1980,-15
52830.jpg,1995,1900,-95
52835.jpg,1995,1850,-145
52840.jpg,1995,1450,-545
52845.jpg,1996,1960,-36
52850.jpg,1996,1995,-1
52855.jpg,1996,1960,-36
52860.jpg,1996,1970,-26
52865.jpg,1996,1990,-6
52870.jpg,1996,2015,19
52875.jpg,1996,1980,-16
52880.jpg,1996,1960,-36
52885.jpg,1996,1970,-26
52890.jpg,1996,1960,-36
52895.jpg,1996,2010,14
52900.jpg,1996,2010,14
52905.jpg,1996,1980,-16
52910.jpg,1996,1930,-66
52915.jpg,1996,1900,-96
52920.jpg,1996,1990,-6
52925.jpg,1996,1990,-6
52935.jpg,1996,1990,-6
52940.jpg,1996,1960,-36
52945.jpg,1996,1850,-146
52950.jpg,1996,1960,-36
52955.jpg,1996,2015,19
52960.jpg,1996,1990,-6
52965.jpg,1996,2010,14
52970.jpg,1996,1980,-16
52980.jpg,1996,1990,-6
52985.jpg,1997,1880,-117
52990.jpg,1997,1970,-27
52995.jpg,1997,1900,-97
53000.jpg,1997,1960,-37
53005.jpg,1997,1950,-47
53010.jpg,1997,1960,-37
53015.jpg,1997,1850,-147
53020.jpg,1997,1960,-37
53025.jpg,1997,2002,5
53030.jpg,1997,2010,13
53035.jpg,1997,1980,-17
53040.jpg,1997,1990,-7
53045.jpg,1997,2010,13
53050.jpg,1997,2010,13
53055.jpg,1997,1990,-7
53060.jpg,1997,1975,-22
53065.jpg,1997,1975,-22
53070.jpg,1997,1980,-17
53075.jpg,1997,1970,-27
53080.jpg,1997,2010,13
53085.jpg,1997,1970,-27
53090.jpg,1997,1850,-147
53095.jpg,1997,1970,-27
53100.jpg,1997,1980,-17
53105.jpg,1997,1980,-17
53110.jpg,1997,2010,13
53115.jpg,1997,1960,-37
53120.jpg,1997,1990,-7
53125.jpg,1997,1960,-37
53130.jpg,1997,1960,-37
53135.jpg,1997,1990,-7
53140.jpg,1997,1900,-97
53145.jpg,1997,1980,-17
53150.jpg,1997,2015,18
53155.jpg,1997,1850,-147
53165.jpg,1997,1990,-7
53170.jpg,1997,1990,-7
53175.jpg,1997,2010,13
53180.jpg,1997,2010,13
53185.jpg,1997,2010,13
53190.jpg,1997,1990,-7
53195.jpg,1997,1590,-407
53200.jpg,1997,2010,13
53205.jpg,1997,1960,-37
53210.jpg,1997,1960,-37
53215.jpg,1997,1920,-77
53220.jpg,1997,1990,-7
53225.jpg,1997,2012,15
53230.jpg,1997,1970,-27
53235.jpg,1998,1890,-108
53240.jpg,1998,1960,-38
53245.jpg,1998,1950,-48
53250.jpg,1998,1990,-8
53255.jpg,1998,1950,-48
53260.jpg,1998,1950,-48
53265.jpg,1998,1960,-38
53270.jpg,1998,2010,12
53275.jpg,1998,1990,-8
53280.jpg,1998,1995,-3
53285.jpg,1998,1960,-38
53290.jpg,1998,1990,-8
53300.jpg,1998,1980,-18
53305.jpg,1998,1950,-48
53310.jpg,1998,2010,12
53315.jpg,1998,1985,-13
53325.jpg,1998,1980,-18
53330.jpg,1998,1985,-13
53335.jpg,1998,1980,-18
53340.jpg,1998,1975,-23
53345.jpg,1998,2010,12
53350.jpg,1998,1960,-38
53355.jpg,1998,1990,-8
53365.jpg,1998,1990,-8
53370.jpg,1998,1995,-3
53375.jpg,1998,1960,-38
53380.jpg,1998,1950,-48
53385.jpg,1998,1850,-148
53390.jpg,1998,1850,-148
53395.jpg,1998,1970,-28
53400.jpg,1998,1850,-148
53405.jpg,1998,1990,-8
53410.jpg,1998,1970,-28
53415.jpg,1998,1990,-8
53420.jpg,1998,1930,-68
53425.jpg,1998,1985,-13
53435.jpg,1998,1970,-28
53440.jpg,1998,1990,-8
53445.jpg,1998,2010,12
53450.jpg,1998,1960,-38
53455.jpg,1999,1880,-119
53460.jpg,1999,1970,-29
53465.jpg,1999,2010,11
53470.jpg,1999,1950,-49
53475.jpg,1999,1990,-9
53480.jpg,1999,2015,16
53485.jpg,1999,1950,-49
53490.jpg,1999,1950,-49
53495.jpg,1999,2000,1
53505.jpg,1999,1980,-19
53510.jpg,1999,1960,-39
53515.jpg,1999,1990,-9
53520.jpg,1999,2010,11
53525.jpg,1999,2010,11
53530.jpg,1999,2015,16
53535.jpg,1999,1960,-39
53540.jpg,1999,1960,-39
53545.jpg,1999,1985,-14
53550.jpg,1999,2010,11
53555.jpg,1999,1960,-39
53560.jpg,1999,1985,-14
53565.jpg,1999,1980,-19
53570.jpg,1999,1970,-29
53575.jpg,1999,2015,16
53580.jpg,1999,1960,-39
53585.jpg,1999,1950,-49
53590.jpg,1999,1970,-29
53595.jpg,1999,1980,-19
53600.jpg,1999,1990,-9
53605.jpg,1999,1990,-9
53610.jpg,1999,2010,11
53615.jpg,1999,1930,-69
53620.jpg,1999,1930,-69
53625.jpg,1999,1900,-99
53630.jpg,1999,1925,-74
53635.jpg,1999,1930,-69
53650.jpg,1999,1985,-14
53655.jpg,1999,1930,-69
53660.jpg,1999,1990,-9
53665.jpg,1999,2010,11
53670.jpg,1999,1990,-9
53675.jpg,1999,1990,-9
53680.jpg,1999,1990,-9
53685.jpg,1999,1920,-79
53690.jpg,2000,1990,-10
53700.jpg,2000,1990,-10
53705.jpg,2000,1980,-20
53710.jpg,2000,2010,10
53715.jpg,2000,1950,-50
53720.jpg,2000,1960,-40
53725.jpg,2000,1930,-70
53730.jpg,2000,1980,-20
53735.jpg,2000,1970,-30
53740.jpg,2000,1990,-10
53745.jpg,2000,1950,-50
53755.jpg,2000,1980,-20
53760.jpg,2000,1970,-30
53765.jpg,2000,1965,-35
53770.jpg,2000,1990,-10
53775.jpg,2000,1930,-70
53780.jpg,2000,1950,-50
53785.jpg,2000,1990,-10
53790.jpg,2000,1900,-100
53795.jpg,2000,1900,-100
53800.jpg,2000,1930,-70
53805.jpg,2000,1900,-100
53810.jpg,2000,1930,-70
53815.jpg,2000,1920,-80
53820.jpg,2000,1900,-100
53830.jpg,2000,1960,-40
53835.jpg,2000,2010,10
53840.jpg,2000,1970,-30
53845.jpg,2000,1980,-20
53850.jpg,2000,1850,-150
53855.jpg,2000,1900,-100
53860.jpg,2000,1980,-20
53865.jpg,2000,2010,10
53870.jpg,2000,1980,-20
53875.jpg,2000,1990,-10
53880.jpg,2000,1990,-10
53885.jpg,2000,2010,10
53890.jpg,2000,1995,-5
53895.jpg,2000,1980,-20
53905.jpg,2001,2010,9
53910.jpg,2001,1960,-41
53915.jpg,2001,1990,-11
53920.jpg,2001,2010,9
53925.jpg,2001,1990,-11
53930.jpg,2001,1980,-21
53935.jpg,2001,1980,-21
53940.jpg,2001,1950,-51
53945.jpg,2001,1950,-51
53950.jpg,2001,1950,-51
53955.jpg,2001,1980,-21
53960.jpg,2001,1980,-21
53965.jpg,2001,1960,-41
53970.jpg,2001,1990,-11
53975.jpg,2001,1990,-11
53980.jpg,2001,1980,-21
53985.jpg,2001,1960,-41
53990.jpg,2001,1970,-31
53995.jpg,2001,1890,-111
54000.jpg,2001,2010,9
54005.jpg,2001,1970,-31
54010.jpg,2001,1960,-41
54015.jpg,2001,1990,-11
54020.jpg,2001,1930,-71
54025.jpg,2001,1990,-11
54030.jpg,2001,2010,9
54035.jpg,2001,2010,9
54040.jpg,2001,1990,-11
54045.jpg,2001,1990,-11
54050.jpg,2001,1950,-51
54055.jpg,2001,1990,-11
54060.jpg,2001,1900,-101
54065.jpg,2001,1950,-51
54070.jpg,2001,2010,9
54075.jpg,2001,1990,-11
54085.jpg,2001,1990,-11
54090.jpg,2001,1990,-11
54095.jpg,2001,1990,-11
54100.jpg,2001,2010,9
54105.jpg,2001,1990,-11
54110.jpg,2001,2010,9
54120.jpg,2001,2010,9
54125.jpg,2001,2015,14
54130.jpg,2001,1970,-31
54135.jpg,2001,1970,-31
54140.jpg,2001,1990,-11
54145.jpg,2001,1960,-41
54150.jpg,2001,1980,-21
54155.jpg,2001,1950,-51
54160.jpg,2001,1980,-21
54165.jpg,2001,1995,-6
54170.jpg,2001,2015,14
54180.jpg,2002,1930,-72
54185.jpg,2002,2010,8
54190.jpg,2002,2010,8
54195.jpg,2002,1950,-52
54200.jpg,2002,1980,-22
54205.jpg,2002,1950,-52
54210.jpg,2002,1980,-22
54215.jpg,2002,2000,-2
54220.jpg,2002,1950,-52
54225.jpg,2002,1990,-12
54230.jpg,2002,2000,-2
54235.jpg,2002,2010,8
54240.jpg,2002,2010,8
54245.jpg,2002,1930,-72
54250.jpg,2002,1970,-32
54255.jpg,2002,1890,-112
54260.jpg,2002,2010,8
54265.jpg,2002,1990,-12
54270.jpg,2002,1990,-12
54275.jpg,2002,1950,-52
54280.jpg,2002,1960,-42
54285.jpg,2002,1990,-12
54290.jpg,2002,1960,-42
54295.jpg,2002,1960,-42
54300.jpg,2002,1950,-52
54305.jpg,2002,1960,-42
54310.jpg,2002,2010,8
54315.jpg,2002,2010,8
54320.jpg,2002,1850,-152
54330.jpg,2002,1850,-152
54335.jpg,2002,1980,-22
54340.jpg,2002,2015,13
54345.jpg,2002,1990,-12
54355.jpg,2002,1990,-12
54360.jpg,2002,1950,-52
54365.jpg,2002,1985,-17
54370.jpg,2002,1970,-32
54375.jpg,2002,1990,-12
54385.jpg,2002,1995,-7
54390.jpg,2002,1975,-27
54395.jpg,2002,1985,-17
54400.jpg,2002,1980,-22
54405.jpg,2003,1960,-43
54410.jpg,2003,2016,13
54415.jpg,2003,2010,7
54425.jpg,2003,1990,-13
54430.jpg,2003,2010,7
54435.jpg,2003,1980,-23
54440.jpg,2003,2010,7
54445.jpg,2003,2010,7
54450.jpg,2003,1990,-13
54460.jpg,2003,1950,-53
54465.jpg,2003,1990,-13
54470.jpg,2003,1950,-53
54475.jpg,2003,2016,13
54480.jpg,2003,1990,-13
54485.jpg,2003,1930,-73
54490.jpg,2003,2005,2
54495.jpg,2003,1960,-43
54500.jpg,2003,1990,-13
54505.jpg,2003,1990,-13
54510.jpg,2003,1950,-53
54515.jpg,2003,1960,-43
54520.jpg,2003,1850,-153
54525.jpg,2003,2015,12
54530.jpg,2003,1970,-33
54535.jpg,2003,1950,-53
54540.jpg,2003,1990,-13
54545.jpg,2003,1450,-553
54550.jpg,2003,2010,7
54555.jpg,2003,1600,-403
54560.jpg,2003,1970,-33
54565.jpg,2003,1970,-33
54570.jpg,2003,1995,-8
54575.jpg,2003,1980,-23
54580.jpg,2003,1975,-28
54585.jpg,2003,2010,7
54590.jpg,2003,1975,-28
54595.jpg,2003,1985,-18
54600.jpg,2003,1980,-23
54605.jpg,2004,2010,6
54610.jpg,2004,1980,-24
54620.jpg,2004,1930,-74
54625.jpg,2004,2010,6
54630.jpg,2004,1990,-14
54635.jpg,2004,1950,-54
54640.jpg,2004,2010,6
54645.jpg,2004,1995,-9
54650.jpg,2004,2010,6
54655.jpg,2004,1980,-24
54660.jpg,2004,2010,6
54665.jpg,2004,1990,-14
54670.jpg,2004,1995,-9
54675.jpg,2004,1990,-14
54680.jpg,2004,1930,-74
54685.jpg,2004,2010,6
54690.jpg,2004,1950,-54
54695.jpg,2004,1960,-44
54700.jpg,2004,1980,-24
54705.jpg,2004,1964,-40
54710.jpg,2004,1960,-44
54715.jpg,2004,1990,-14
54720.jpg,2004,1995,-9
54725.jpg,2004,2010,6
54730.jpg,2004,1990,-14
54735.jpg,2004,1985,-19
54740.jpg,2004,1970,-34
54745.jpg,2004,1920,-84
54750.jpg,2004,1900,-104
54760.jpg,2004,1990,-14
54770.jpg,2004,1960,-44
54775.jpg,2004,2010,6
54780.jpg,2004,1995,-9
54785.jpg,2004,1980,-24
54790.jpg,2004,1990,-14
54795.jpg,2004,1985,-19
54800.jpg,2004,1960,-44
54805.jpg,2004,1980,-24
54810.jpg,2004,1995,-9
54815.jpg,2004,2010,6
54820.jpg,2004,1990,-14
54825.jpg,2004,1970,-34
54830.jpg,2004,2010,6
54835.jpg,2004,1985,-19
54840.jpg,2004,2010,6
54845.jpg,2005,1850,-155
54850.jpg,2005,1960,-45
54855.jpg,2005,1980,-25
54860.jpg,2005,2000,-5
54865.jpg,2005,1960,-45
54870.jpg,2005,1990,-15
54885.jpg,2005,1980,-25
54890.jpg,2005,1980,-25
54895.jpg,2005,2015,10
54900.jpg,2005,1990,-15
54905.jpg,2005,2010,5
54910.jpg,2005,2010,5
54915.jpg,2005,1990,-15
54925.jpg,2005,1990,-15
54930.jpg,2005,2010,5
54935.jpg,2005,1900,-105
54940.jpg,2005,1970,-35
54955.jpg,2005,1980,-25
54960.jpg,2005,1990,-15
54965.jpg,2005,2010,5
54970.jpg,2005,1990,-15
54975.jpg,2005,1960,-45
54980.jpg,2005,2010,5
54985.jpg,2005,2010,5
54990.jpg,2005,1950,-55
54995.jpg,2005,1990,-15
55000.jpg,2005,1960,-45
55005.jpg,2005,2010,5
55010.jpg,2005,1960,-45
55015.jpg,2005,2010,5
55020.jpg,2005,1960,-45
55025.jpg,2005,1970,-35
55030.jpg,2005,2010,5
55035.jpg,2005,1950,-55
55040.jpg,2005,1995,-10
55045.jpg,2005,1990,-15
55050.jpg,2005,2010,5
55055.jpg,2005,1990,-15
55060.jpg,2005,2010,5
55065.jpg,2005,1970,-35
55070.jpg,2005,1900,-105
55075.jpg,2005,2010,5
55080.jpg,2005,2015,10
55085.jpg,2005,1985,-20
55090.jpg,2005,1990,-15
55095.jpg,2005,2010,5
55100.jpg,2005,1960,-45
55105.jpg,2005,1970,-35
55110.jpg,2005,1990,-15
55115.jpg,2005,1890,-115
55120.jpg,2005,1980,-25
55125.jpg,2005,1930,-75
55130.jpg,2005,2015,10
55135.jpg,2006,2015,9
55140.jpg,2006,2010,4
55145.jpg,2006,1970,-36
55155.jpg,2006,2010,4
55160.jpg,2006,1960,-46
55165.jpg,2006,1980,-26
55170.jpg,2006,2010,4
55175.jpg,2006,2015,9
55180.jpg,2006,1960,-46
55185.jpg,2006,1980,-26
55190.jpg,2006,2010,4
55195.jpg,2006,1990,-16
55200.jpg,2006,2010,4
55210.jpg,2006,1990,-16
55215.jpg,2006,1980,-26
55220.jpg,2006,1980,-26
55230.jpg,2006,2010,4
55235.jpg,2006,1990,-16
55240.jpg,2006,1980,-26
55245.jpg,2006,2010,4
55250.jpg,2006,2010,4
55255.jpg,2006,1990,-16
55265.jpg,2006,1900,-106
55270.jpg,2006,1950,-56
55275.jpg,2006,1950,-56
55280.jpg,2006,1990,-16
55285.jpg,2006,1970,-36
55290.jpg,2006,1990,-16
55295.jpg,2006,1969,-37
55300.jpg,2006,2010,4
55305.jpg,2006,1970,-36
55310.jpg,2006,1970,-36
55315.jpg,2006,1995,-11
55320.jpg,2006,1970,-36
55325.jpg,2006,1980,-26
55330.jpg,2006,1990,-16
55335.jpg,2007,1880,-127
55340.jpg,2007,2010,3
55345.jpg,2007,1960,-47
55355.jpg,2007,1950,-57
55360.jpg,2007,1950,-57
55365.jpg,2007,1980,-27
55370.jpg,2007,1950,-57
55380.jpg,2007,2010,3
55385.jpg,2007,1980,-27
55395.jpg,2007,1890,-117
55400.jpg,2007,2010,3
55405.jpg,2007,1980,-27
55410.jpg,2007,2010,3
55415.jpg,2007,1990,-17
55420.jpg,2007,1990,-17
55425.jpg,2007,1990,-17
55430.jpg,2007,1985,-22
55435.jpg,2007,1925,-82
55440.jpg,2007,2010,3
55445.jpg,2007,2015,8
55450.jpg,2007,1960,-47
55455.jpg,2007,1960,-47
55460.jpg,2007,1350,-657
55465.jpg,2007,1990,-17
55475.jpg,2007,1900,-107
55480.jpg,2007,1930,-77
55485.jpg,2007,1950,-57
55490.jpg,2007,1900,-107
55500.jpg,2007,1990,-17
55505.jpg,2007,1990,-17
55510.jpg,2007,2010,3
55515.jpg,2007,2010,3
55520.jpg,2007,1990,-17
55525.jpg,2007,1890,-117
55530.jpg,2007,2010,3
55535.jpg,2007,2010,3
55540.jpg,2007,1990,-17
55545.jpg,2007,2010,3
55550.jpg,2007,1960,-47
55555.jpg,2007,1970,-37
55560.jpg,2007,1985,-22
55565.jpg,2007,2010,3
55570.jpg,2007,2015,8
55575.jpg,2007,2015,8
55580.jpg,2007,2010,3
55585.jpg,2007,2010,3
55590.jpg,2007,1980,-27
55595.jpg,2007,1900,-107
55600.jpg,2007,1970,-37
55605.jpg,2007,1970,-37
55610.jpg,2008,1880,-128
55615.jpg,2008,1900,-108
55620.jpg,2008,2010,2
55625.jpg,2008,2008,0
55630.jpg,2008,2010,2
55635.jpg,2008,1990,-18
55640.jpg,2008,1950,-58
55645.jpg,2008,1950,-58
55650.jpg,2008,1900,-108
55655.jpg,2008,2010,2
55660.jpg,2008,2010,2
55670.jpg,2008,2010,2
55675.jpg,2008,1990,-18
55685.jpg,2008,2010,2
55690.jpg,2008,2015,7
55695.jpg,2008,2015,7
55705.jpg,2008,2010,2
55710.jpg,2008,1950,-58
55715.jpg,2008,1960,-48
55720.jpg,2008,1960,-48
55725.jpg,2008,1960,-48
55730.jpg,2008,2010,2
55735.jpg,2008,1600,-408
55740.jpg,2008,1960,-48
55745.jpg,2008,2010,2
55750.jpg,2008,1990,-18
55755.jpg,2008,1970,-38
55760.jpg,2008,2010,2
55765.jpg,2008,1980,-28
55770.jpg,2008,1890,-118
55775.jpg,2008,1970,-38
55780.jpg,2008,2015,7
55785.jpg,2008,2010,2
55795.jpg,2008,2015,7
55800.jpg,2008,1990,-18
55805.jpg,2008,1990,-18
55810.jpg,2008,2010,2
55815.jpg,2008,2010,2
55820.jpg,2008,1880,-128
55825.jpg,2008,1970,-38
55830.jpg,2008,1950,-58
55835.jpg,2009,1980,-29
55845.jpg,2009,2010,1
55850.jpg,2009,2010,1
55870.jpg,2009,1960,-49
55875.jpg,2009,2010,1
55880.jpg,2009,2010,1
55885.jpg,2009,1980,-29
55890.jpg,2009,2016,7
55895.jpg,2009,1950,-59
55900.jpg,2009,1980,-29
55905.jpg,2009,2000,-9
55910.jpg,2009,2010,1
55915.jpg,2009,2010,1
55920.jpg,2009,1350,-659
55925.jpg,2009,2010,1
55930.jpg,2009,1960,-49
55935.jpg,2009,1980,-29
55940.jpg,2009,2010,1
55945.jpg,2009,1850,-159
55950.jpg,2009,2005,-4
55955.jpg,2009,1990,-19
55960.jpg,2009,1960,-49
55965.jpg,2009,2010,1
55970.jpg,2009,1980,-29
55975.jpg,2009,1990,-19
55980.jpg,2009,1990,-19
55985.jpg,2009,1930,-79
55990.jpg,2009,1995,-14
55995.jpg,2009,1975,-34
56000.jpg,2009,1990,-19
56005.jpg,2009,1890,-119
56010.jpg,2009,1890,-119
56015.jpg,2009,2015,6
56020.jpg,2009,1995,-14
56025.jpg,2009,2010,1
56030.jpg,2009,2010,1
56035.jpg,2009,2010,1
56040.jpg,2009,2010,1
56050.jpg,2009,1990,-19
56055.jpg,2009,1970,-39
56060.jpg,2009,1950,-59
56065.jpg,2009,1970,-39
56070.jpg,2009,1985,-24
56075.jpg,2009,1990,-19
56080.jpg,2010,1970,-40
56085.jpg,2010,2010,0
56090.jpg,2010,2010,0
56095.jpg,2010,2010,0
56105.jpg,2010,2010,0
56110.jpg,2010,1950,-60
56115.jpg,2010,2010,0
56125.jpg,2010,2010,0
56130.jpg,2010,1960,-50
56135.jpg,2010,1980,-30
56140.jpg,2010,1950,-60
56145.jpg,2010,1960,-50
56150.jpg,2010,2010,0
56155.jpg,2010,1980,-30
56165.jpg,2010,1990,-20
56170.jpg,2010,1850,-160
56175.jpg,2010,2010,0
56180.jpg,2010,1980,-30
56185.jpg,2010,2010,0
56190.jpg,2010,1970,-40
56195.jpg,2010,2010,0
56200.jpg,2010,1990,-20
56205.jpg,2010,1990,-20
56210.jpg,2010,2005,-5
56215.jpg,2010,1990,-20
56220.jpg,2010,1960,-50
56225.jpg,2010,1990,-20
56230.jpg,2010,1950,-60
56235.jpg,2010,1930,-80
56240.jpg,2010,1990,-20
56245.jpg,2010,1990,-20
56250.jpg,2010,1995,-15
56255.jpg,2010,2010,0
56260.jpg,2010,2010,0
56265.jpg,2010,2015,5
56270.jpg,2010,2010,0
56275.jpg,2010,1980,-30
56280.jpg,2010,1880,-130
56285.jpg,2010,2010,0
56290.jpg,2010,2015,5
56295.jpg,2010,2010,0
56300.jpg,2010,1850,-160
56310.jpg,2010,2010,0
56315.jpg,2011,1980,-31
56320.jpg,2011,1990,-21
56325.jpg,2011,2015,4
56330.jpg,2011,1990,-21
56335.jpg,2011,1990,-21
56345.jpg,2011,1950,-61
56350.jpg,2011,1980,-31
56355.jpg,2011,1980,-31
56360.jpg,2011,2010,-1
56365.jpg,2011,1990,-21
56370.jpg,2011,1980,-31
56375.jpg,2011,2015,4
56380.jpg,2011,2010,-1
56385.jpg,2011,2016,5
56390.jpg,2011,1900,-111
56395.jpg,2011,2010,-1
56400.jpg,2011,1970,-41
56405.jpg,2011,1990,-21
56410.jpg,2011,2010,-1
56415.jpg,2011,1970,-41
56420.jpg,2011,1995,-16
56425.jpg,2011,1920,-91
56430.jpg,2011,2010,-1
56440.jpg,2011,1960,-51
56450.jpg,2011,2010,-1
56455.jpg,2011,1850,-161
56460.jpg,2011,1970,-41
56465.jpg,2011,1970,-41
56470.jpg,2011,1900,-111
56475.jpg,2011,1960,-51
56480.jpg,2011,1960,-51
56485.jpg,2011,2015,4
56495.jpg,2011,1990,-21
56500.jpg,2011,2010,-1
56505.jpg,2011,2010,-1
56510.jpg,2011,2010,-1
56515.jpg,2011,1950,-61
56520.jpg,2011,1970,-41
56525.jpg,2011,1980,-31
56545.jpg,2012,1960,-52
56550.jpg,2012,2010,-2
56555.jpg,2012,1990,-22
56560.jpg,2012,2010,-2
56565.jpg,2012,2015,3
56570.jpg,2012,1980,-32
56575.jpg,2012,1990,-22
56585.jpg,2012,2010,-2
56590.jpg,2012,2010,-2
56600.jpg,2012,1970,-42
56605.jpg,2012,2015,3
56610.jpg,2012,1990,-22
56615.jpg,2012,2010,-2
56620.jpg,2012,1850,-162
56625.jpg,2012,1960,-52
56630.jpg,2012,1990,-22
56635.jpg,2012,1990,-22
56640.jpg,2012,1950,-62
56645.jpg,2012,2010,-2
56650.jpg,2012,2010,-2
56655.jpg,2012,1450,-562
56660.jpg,2012,1900,-112
56665.jpg,2012,1900,-112
56670.jpg,2012,2015,3
56675.jpg,2012,2010,-2
56680.jpg,2012,2010,-2
56685.jpg,2012,1990,-22
56690.jpg,2012,1970,-42
56695.jpg,2012,1990,-22
56700.jpg,2012,2010,-2
56705.jpg,2012,1990,-22
56710.jpg,2012,1950,-62
56715.jpg,2012,1970,-42
56720.jpg,2013,1930,-83
56725.jpg,2013,2015,2
56730.jpg,2013,1980,-33
56735.jpg,2013,1995,-18
56740.jpg,2013,1920,-93
56745.jpg,2013,2010,-3
56750.jpg,2013,1980,-33
56755.jpg,2013,2015,2
56765.jpg,2013,1990,-23
56770.jpg,2013,1990,-23
56775.jpg,2013,1930,-83
56780.jpg,2013,1850,-163
56785.jpg,2013,2010,-3
56795.jpg,2013,1990,-23
56800.jpg,2013,1970,-43
56805.jpg,2013,1990,-23
56810.jpg,2013,1960,-53
56820.jpg,2013,1960,-53
56825.jpg,2013,1950,-63
56845.jpg,2013,2015,2
56850.jpg,2013,2015,2
56855.jpg,2013,2010,-3
56860.jpg,2013,2010,-3
56865.jpg,2013,1950,-63
56870.jpg,2013,2015,2
56875.jpg,2013,1980,-33
56880.jpg,2013,1990,-23
56885.jpg,2013,2010,-3
56890.jpg,2013,1990,-23
56895.jpg,2013,1890,-123
56900.jpg,2014,1990,-24
56905.jpg,2014,1850,-164
56910.jpg,2014,1950,-64
56915.jpg,2014,2015,1
56920.jpg,2014,1980,-34
56925.jpg,2014,2010,-4
56930.jpg,2014,2010,-4
56935.jpg,2014,1995,-19
56940.jpg,2014,1950,-64
56945.jpg,2014,1970,-44
56950.jpg,2014,1970,-44
56955.jpg,2014,1960,-54
56960.jpg,2014,1975,-39
56965.jpg,2014,1960,-54
56970.jpg,2014,1960,-54
56975.jpg,2014,1950,-64
56980.jpg,2014,1960,-54
56985.jpg,2014,2005,-9
56990.jpg,2014,2010,-4
56995.jpg,2014,2010,-4
57005.jpg,2014,2010,-4
57010.jpg,2014,1900,-114
57015.jpg,2014,2015,1
57020.jpg,2014,1990,-24
57025.jpg,2014,2010,-4
57030.jpg,2014,1960,-54
57035.jpg,2014,1990,-24
57040.jpg,2014,2025,11
57045.jpg,2014,1990,-24
57050.jpg,2014,1990,-24
57055.jpg,2014,1960,-54
57060.jpg,2014,2010,-4
57065.jpg,2014,1930,-84
57070.jpg,2014,1975,-39
57075.jpg,2015,1990,-25
57085.jpg,2015,1990,-25
57090.jpg,2015,1990,-25
57095.jpg,2015,1990,-25
57100.jpg,2015,1990,-25
57105.jpg,2015,1980,-35
57110.jpg,2015,1950,-65
57120.jpg,2015,2010,-5
57125.jpg,2015,1990,-25
57130.jpg,2015,2010,-5
57135.jpg,2015,1990,-25
57140.jpg,2015,2010,-5
57145.jpg,2015,2010,-5
57150.jpg,2015,2010,-5
57155.jpg,2015,2010,-5
57160.jpg,2015,2010,-5
57165.jpg,2015,2015,0
57170.jpg,2015,2010,-5
57175.jpg,2015,2010,-5
57180.jpg,2015,2015,0
57185.jpg,2015,2010,-5
57195.jpg,2015,1970,-45
57200.jpg,2015,1950,-65
57205.jpg,2015,1980,-35
57210.jpg,2015,2015,0
57215.jpg,2015,1970,-45
57220.jpg,2016,1950,-66
57225.jpg,2016,2010,-6
57230.jpg,2016,1980,-36
57235.jpg,2016,2010,-6
57240.jpg,2016,2010,-6
57250.jpg,2016,1950,-66
57255.jpg,2016,2010,-6
57270.jpg,2016,1960,-56
57275.jpg,2016,2010,-6
57280.jpg,2016,2010,-6
57285.jpg,2016,1990,-26
57290.jpg,2016,1980,-36
57295.jpg,2016,1985,-31
57300.jpg,2016,1995,-21
57305.jpg,2016,2010,-6
57310.jpg,2016,1890,-126
57315.jpg,2016,1960,-56
57320.jpg,2016,2015,-1
57325.jpg,2016,2010,-6
57330.jpg,2016,2015,-1
57335.jpg,2016,1900,-116
57340.jpg,2016,1985,-31
57345.jpg,2016,1980,-36
57350.jpg,2016,2010,-6
57355.jpg,2016,2010,-6
57360.jpg,2016,1975,-41
57365.jpg,2017,1990,-27
57370.jpg,2017,2010,-7
57375.jpg,2017,2010,-7
57385.jpg,2017,1990,-27
57390.jpg,2017,2010,-7
57395.jpg,2017,1990,-27
57400.jpg,2017,1960,-57
57415.jpg,2017,1990,-27
57420.jpg,2017,1960,-57
57425.jpg,2017,1960,-57
57430.jpg,2017,1970,-47
57435.jpg,2017,2010,-7
57440.jpg,2017,1900,-117
57450.jpg,2017,1990,-27
57455.jpg,2017,2010,-7
57470.jpg,2017,2015,-2
57475.jpg,2017,2010,-7
57480.jpg,2018,2010,-8
57485.jpg,2018,1970,-48
57490.jpg,2018,1990,-28
57495.jpg,2018,1990,-28
57500.jpg,2018,1970,-48
57505.jpg,2018,2010,-8
57510.jpg,2018,2018,0
57515.jpg,2018,1960,-58
57520.jpg,2018,2010,-8
57525.jpg,2018,2010,-8
57530.jpg,2018,1990,-28
57545.jpg,2018,1970,-48
57550.jpg,2018,2015,-3
57555.jpg,2018,1990,-28
57560.jpg,2018,1985,-33
57565.jpg,2018,1980,-38
57570.jpg,2018,2010,-8
57575.jpg,2018,1970,-48
57585.jpg,2019,1980,-39
57595.jpg,2019,2025,6
57600.jpg,2019,1960,-59
57605.jpg,2019,2010,-9
57610.jpg,2019,1990,-29
57615.jpg,2019,1950,-69
57620.jpg,2019,1965,-54
57625.jpg,2019,2010,-9
57630.jpg,2019,1890,-129
57635.jpg,2019,2010,-9
57640.jpg,2019,1960,-59
57645.jpg,2019,2025,6
57660.jpg,2019,1985,-34
57665.jpg,2019,2010,-9
57670.jpg,2020,1990,-30
57675.jpg,2020,1990,-30
57680.jpg,2020,1970,-50
57685.jpg,2020,2015,-5
57690.jpg,2020,1970,-50
57695.jpg,2020,1960,-60
57700.jpg,2020,1950,-70
57705.jpg,2020,2010,-10
57710.jpg,2020,1950,-70
57725.jpg,2020,2023,3
57730.jpg,2021,2000,-21
57735.jpg,2021,1980,-41
57740.jpg,2021,2015,-6
57745.jpg,2021,2010,-11
57750.jpg,2021,2010,-11
57755.jpg,2021,2010,-11
57760.jpg,2021,1970,-51
57765.jpg,2021,2010,-11
57770.jpg,2021,2023,2
57780.jpg,2021,2015,-6
57785.jpg,2021,1985,-36
57790.jpg,2021,2010,-11
57795.jpg,2021,2015,-6
57800.jpg,2021,2015,-6
57805.jpg,2022,1985,-37
57810.jpg,2022,2010,-12
57815.jpg,2022,2010,-12
57825.jpg,2022,1995,-27
57830.jpg,2022,2010,-12
57835.jpg,2022,1970,-52
57840.jpg,2022,1960,-62
57845.jpg,2022,2015,-7
57860.jpg,2022,2015,-7
57865.jpg,2022,1930,-92
57870.jpg,2022,1975,-47
57875.jpg,2023,1990,-33
57885.jpg,2023,2010,-13
57890.jpg,2023,2010,-13
57895.jpg,2023,2010,-13
57900.jpg,2023,1900,-123
57910.jpg,2023,2015,-8
57915.jpg,2023,1980,-43
57920.jpg,2023,1990,-33
57925.jpg,2024,1890,-134
57930.jpg,2024,2015,-9
