name,year,pred,diff
5.jpg,1008,1200,192
10.jpg,1016,1900,884
15.jpg,1022,1400,378
20.jpg,1028,1900,872
25.jpg,1036,1980,944
30.jpg,1048,1800,752
35.jpg,1051,1900,849
40.jpg,1061,1400,339
45.jpg,1063,1900,837
55.jpg,1070,1200,130
60.jpg,1076,1200,124
65.jpg,1080,1500,420
70.jpg,1090,1850,760
75.jpg,1093,1500,407
80.jpg,1097,1830,733
85.jpg,1100,1800,700
90.jpg,1100,1750,650
95.jpg,1107,1900,793
100.jpg,1110,1900,790
105.jpg,1114,1500,386
110.jpg,1116,1500,384
120.jpg,1120,1850,730
125.jpg,1122,1850,728
130.jpg,1125,1500,375
135.jpg,1128,1200,72
140.jpg,1129,1500,371
145.jpg,1130,1850,720
150.jpg,1131,1200,69
155.jpg,1134,1850,716
165.jpg,1138,1900,762
170.jpg,1140,1850,710
175.jpg,1144,1200,56
180.jpg,1146,1200,54
185.jpg,1147,1400,253
190.jpg,1149,1500,351
195.jpg,1150,1900,750
200.jpg,1152,1200,48
210.jpg,1160,1400,240
215.jpg,1165,1200,35
220.jpg,1168,1990,822
225.jpg,1170,1500,330
230.jpg,1170,1400,230
235.jpg,1172,100,-1072
240.jpg,1175,1500,325
245.jpg,1177,1500,323
255.jpg,1180,1850,670
260.jpg,1180,1200,20
265.jpg,1180,1850,670
275.jpg,1185,1200,15
280.jpg,1189,1890,701
285.jpg,1191,1200,9
290.jpg,1192,1850,658
295.jpg,1194,1400,206
300.jpg,1196,1500,304
305.jpg,1198,1400,202
310.jpg,1199,1800,601
315.jpg,1200,1850,650
320.jpg,1202,1200,-2
325.jpg,1204,1900,696
330.jpg,1208,1600,392
335.jpg,1211,1600,389
340.jpg,1212,1200,-12
345.jpg,1215,1600,385
350.jpg,1217,1200,-17
355.jpg,1220,1400,180
360.jpg,1221,1500,279
365.jpg,1222,1200,-22
370.jpg,1224,1200,-24
375.jpg,1226,1500,274
380.jpg,1227,1900,673
385.jpg,1229,1200,-29
390.jpg,1231,1400,169
395.jpg,1232,1900,668
405.jpg,1237,1300,63
410.jpg,1238,1200,-38
415.jpg,1240,1850,610
420.jpg,1242,1600,358
425.jpg,1245,1500,255
430.jpg,1247,1200,-47
435.jpg,1248,1200,-48
440.jpg,1250,1850,600
445.jpg,1250,1850,600
450.jpg,1252,1500,248
455.jpg,1255,1500,245
460.jpg,1259,1850,591
465.jpg,1260,1400,140
470.jpg,1263,1850,587
475.jpg,1264,1200,-64
485.jpg,1270,1200,-70
490.jpg,1270,1900,630
495.jpg,1270,1850,580
500.jpg,1271,1000,-271
505.jpg,1273,1450,177
510.jpg,1275,1900,625
515.jpg,1277,1000,-277
520.jpg,1278,1400,122
525.jpg,1279,1500,221
530.jpg,1280,1900,620
535.jpg,1285,1200,-85
540.jpg,1288,1850,562
545.jpg,1289,1500,211
550.jpg,1290,1200,-90
555.jpg,1291,1200,-91
560.jpg,1293,1900,607
565.jpg,1295,1400,105
570.jpg,1298,1850,552
575.jpg,1300,1500,200
580.jpg,1300,1850,550
585.jpg,1300,1500,200
590.jpg,1301,1500,199
595.jpg,1303,1200,-103
600.jpg,1305,1200,-105
605.jpg,1307,1800,493
610.jpg,1309,1850,541
615.jpg,1310,1400,90
620.jpg,1311,1200,-111
625.jpg,1313,1200,-113
630.jpg,1314,1900,586
635.jpg,1317,1850,533
640.jpg,1319,1200,-119
645.jpg,1320,1500,180
650.jpg,1322,1000,-322
655.jpg,1324,1400,76
660.jpg,1325,1500,175
665.jpg,1326,1500,174
670.jpg,1327,1890,563
675.jpg,1328,1450,122
680.jpg,1330,1850,520
685.jpg,1330,1500,170
690.jpg,1331,1900,569
695.jpg,1333,1850,517
700.jpg,1335,1850,515
705.jpg,1337,1400,63
710.jpg,1338,1500,162
715.jpg,1340,1400,60
720.jpg,1340,1600,260
725.jpg,1343,1900,557
730.jpg,1345,1450,105
735.jpg,1345,1500,155
740.jpg,1346,1850,504
745.jpg,1347,1400,53
750.jpg,1347,1500,153
755.jpg,1349,1900,551
760.jpg,1350,1900,550
765.jpg,1350,1500,150
775.jpg,1353,1500,147
780.jpg,1354,1900,546
785.jpg,1356,1400,44
790.jpg,1358,1500,142
795.jpg,1360,1500,140
800.jpg,1361,1500,139
805.jpg,1362,1400,38
810.jpg,1364,1950,586
815.jpg,1365,1500,135
825.jpg,1370,1900,530
830.jpg,1371,1400,29
835.jpg,1373,1990,617
840.jpg,1375,1800,425
845.jpg,1377,1500,123
850.jpg,1380,1990,610
855.jpg,1381,1400,19
860.jpg,1382,1500,118
865.jpg,1384,1420,36
870.jpg,1386,1900,514
875.jpg,1389,1990,601
880.jpg,1390,1800,410
885.jpg,1394,1500,106
890.jpg,1396,1990,594
895.jpg,1397,1500,103
900.jpg,1398,1900,502
905.jpg,1399,1400,1
910.jpg,1400,1500,100
915.jpg,1401,1500,99
920.jpg,1402,1500,98
925.jpg,1405,1500,95
930.jpg,1406,1500,94
935.jpg,1409,1300,-109
940.jpg,1410,1400,-10
945.jpg,1410,1400,-10
950.jpg,1411,1200,-211
955.jpg,1413,1900,487
960.jpg,1414,1980,566
965.jpg,1417,1400,-17
970.jpg,1419,1990,571
975.jpg,1420,1500,80
980.jpg,1420,1950,530
985.jpg,1422,1800,378
990.jpg,1424,1900,476
995.jpg,1425,1800,375
1000.jpg,1426,1500,74
1005.jpg,1428,1900,472
1010.jpg,1430,1800,370
1015.jpg,1431,1900,469
1025.jpg,1435,1400,-35
1030.jpg,1436,1900,464
1035.jpg,1438,1900,462
1040.jpg,1440,1500,60
1045.jpg,1441,1600,159
1050.jpg,1442,1850,408
1055.jpg,1444,1200,-244
1060.jpg,1446,1850,404
1065.jpg,1448,1400,-48
1070.jpg,1450,1500,50
1075.jpg,1450,1200,-250
1080.jpg,1451,1900,449
1085.jpg,1452,1900,448
1090.jpg,1453,1500,47
1095.jpg,1455,1900,445
1100.jpg,1457,1500,43
1105.jpg,1458,1200,-258
1110.jpg,1459,1200,-259
1115.jpg,1460,1400,-60
1120.jpg,1462,1900,438
1125.jpg,1462,1200,-262
1130.jpg,1464,1200,-264
1135.jpg,1465,1850,385
1140.jpg,1466,1450,-16
1145.jpg,1467,1800,333
1150.jpg,1468,1500,32
1155.jpg,1469,1900,431
1160.jpg,1470,1900,430
1165.jpg,1470,1400,-70
1170.jpg,1472,1500,28
1175.jpg,1473,1850,377
1180.jpg,1475,1200,-275
1185.jpg,1477,1500,23
1190.jpg,1477,1600,123
1195.jpg,1479,1900,421
1200.jpg,1480,1200,-280
1205.jpg,1482,1800,318
1210.jpg,1482,1300,-182
1215.jpg,1483,1900,417
1220.jpg,1485,1500,15
1225.jpg,1487,1500,13
1230.jpg,1487,1850,363
1235.jpg,1488,1600,112
1240.jpg,1489,1400,-89
1245.jpg,1490,1600,110
1250.jpg,1490,1900,410
1255.jpg,1491,1990,499
1260.jpg,1492,1600,108
1265.jpg,1493,1900,407
1270.jpg,1494,1900,406
1275.jpg,1495,1500,5
1280.jpg,1496,1900,404
1285.jpg,1497,1900,403
1290.jpg,1497,1900,403
1295.jpg,1498,1500,2
1300.jpg,1499,1400,-99
1305.jpg,1500,1850,350
1310.jpg,1500,1500,0
1315.jpg,1501,1900,399
1325.jpg,1503,1800,297
1330.jpg,1504,1500,-4
1335.jpg,1505,1800,295
1340.jpg,1506,1900,394
1345.jpg,1507,1500,-7
1350.jpg,1508,1500,-8
1355.jpg,1508,1600,92
1360.jpg,1509,1300,-209
1365.jpg,1510,1900,390
1370.jpg,1510,1900,390
1375.jpg,1511,1500,-11
1380.jpg,1512,1850,338
1385.jpg,1513,1500,-13
1390.jpg,1513,1900,387
1395.jpg,1515,1450,-65
1400.jpg,1515,1600,85
1405.jpg,1516,1800,284
1410.jpg,1517,1400,-117
1415.jpg,1518,1500,-18
1420.jpg,1518,1800,282
1425.jpg,1520,1900,380
1430.jpg,1521,1500,-21
1435.jpg,1521,1450,-71
1440.jpg,1522,1950,428
1445.jpg,1523,1950,427
1450.jpg,1524,1900,376
1455.jpg,1525,1900,375
1460.jpg,1526,1600,74
1465.jpg,1526,1900,374
1470.jpg,1527,1900,373
1475.jpg,1528,1800,272
1480.jpg,1528,1900,372
1485.jpg,1530,1500,-30
1490.jpg,1530,1900,370
1495.jpg,1530,1800,270
1500.jpg,1531,1850,319
1505.jpg,1531,1900,369
1510.jpg,1532,1500,-32
1515.jpg,1532,1900,368
1520.jpg,1533,1900,367
1525.jpg,1534,1900,366
1530.jpg,1535,1900,365
1535.jpg,1535,1900,365
1540.jpg,1536,1800,264
1545.jpg,1537,1850,313
1550.jpg,1537,1600,63
1555.jpg,1538,1900,362
1560.jpg,1539,1500,-39
1565.jpg,1540,1000,-540
1570.jpg,1540,1500,-40
1575.jpg,1540,1850,310
1580.jpg,1540,1500,-40
1590.jpg,1542,1800,258
1595.jpg,1543,1900,357
1600.jpg,1543,1600,57
1605.jpg,1544,1500,-44
1610.jpg,1545,1850,305
1615.jpg,1545,1500,-45
1620.jpg,1547,1500,-47
1625.jpg,1548,1800,252
1630.jpg,1549,1850,301
1635.jpg,1549,1500,-49
1640.jpg,1550,1850,300
1645.jpg,1550,1850,300
1650.jpg,1550,1900,350
1655.jpg,1550,1200,-350
1660.jpg,1551,1900,349
1665.jpg,1551,1500,-51
1670.jpg,1552,1800,248
1675.jpg,1553,1850,297
1680.jpg,1554,1900,346
1685.jpg,1554,1900,346
1690.jpg,1555,1850,295
1695.jpg,1556,1990,434
1700.jpg,1557,1900,343
1705.jpg,1558,1900,342
1710.jpg,1558,1600,42
1715.jpg,1559,1900,341
1720.jpg,1559,1900,341
1725.jpg,1560,1800,240
1730.jpg,1560,1600,40
1735.jpg,1560,1980,420
1740.jpg,1561,1900,339
1745.jpg,1561,1900,339
1750.jpg,1562,1920,358
1755.jpg,1563,1900,337
1760.jpg,1564,1800,236
1765.jpg,1565,1900,335
1770.jpg,1565,1900,335
1775.jpg,1565,1990,425
1780.jpg,1566,1850,284
1785.jpg,1567,1900,333
1790.jpg,1567,1900,333
1795.jpg,1568,1500,-68
1800.jpg,1568,1900,332
1805.jpg,1569,1500,-69
1810.jpg,1570,1900,330
1815.jpg,1570,1600,30
1820.jpg,1570,1500,-70
1825.jpg,1571,1900,329
1830.jpg,1572,1800,228
1835.jpg,1572,1648,76
1840.jpg,1573,1500,-73
1845.jpg,1573,1900,327
1850.jpg,1574,1800,226
1855.jpg,1574,1900,326
1860.jpg,1575,1850,275
1865.jpg,1575,1900,325
1870.jpg,1575,1800,225
1875.jpg,1576,1850,274
1880.jpg,1577,1900,323
1885.jpg,1578,1900,322
1890.jpg,1578,1900,322
1895.jpg,1579,1500,-79
1900.jpg,1579,1900,321
1905.jpg,1580,1700,120
1910.jpg,1580,1900,320
1915.jpg,1581,1600,19
1920.jpg,1581,1500,-81
1925.jpg,1582,1400,-182
1930.jpg,1582,1950,368
1935.jpg,1583,1500,-83
1940.jpg,1584,1500,-84
1945.jpg,1584,1900,316
1950.jpg,1585,1900,315
1955.jpg,1585,1500,-85
1960.jpg,1585,1850,265
1965.jpg,1586,1900,314
1970.jpg,1586,1900,314
1975.jpg,1587,1500,-87
1980.jpg,1588,1500,-88
1985.jpg,1588,1850,262
1990.jpg,1588,1800,212
1995.jpg,1588,1800,212
2000.jpg,1589,1850,261
2005.jpg,1590,1800,210
2010.jpg,1590,1900,310
2020.jpg,1591,1600,9
2025.jpg,1591,1900,309
2030.jpg,1592,1890,298
2035.jpg,1593,1900,307
2045.jpg,1595,1500,-95
2050.jpg,1595,1900,305
2055.jpg,1595,1500,-95
2060.jpg,1596,1900,304
2065.jpg,1596,1500,-96
2070.jpg,1597,1600,3
2075.jpg,1597,1850,253
2080.jpg,1598,1500,-98
2085.jpg,1598,1600,2
2090.jpg,1598,1930,332
2095.jpg,1600,1600,0
2100.jpg,1600,1850,250
2115.jpg,1602,1850,248
2125.jpg,1604,1850,246
2130.jpg,1604,1500,-104
2135.jpg,1604,1500,-104
2140.jpg,1605,1700,95
2145.jpg,1605,1850,245
2150.jpg,1606,1900,294
2155.jpg,1606,1600,-6
2160.jpg,1607,1660,53
2165.jpg,1607,1850,243
2170.jpg,1608,1600,-8
2175.jpg,1608,1850,242
2180.jpg,1609,1500,-109
2185.jpg,1610,1500,-110
2190.jpg,1610,1500,-110
2195.jpg,1610,1850,240
2200.jpg,1610,1850,240
2205.jpg,1611,1600,-11
2210.jpg,1611,1900,289
2215.jpg,1611,1850,239
2220.jpg,1612,1990,378
2225.jpg,1612,1500,-112
2230.jpg,1613,1500,-113
2235.jpg,1613,1850,237
2240.jpg,1614,1500,-114
2245.jpg,1614,1600,-14
2250.jpg,1614,1500,-114
2255.jpg,1615,1950,335
2260.jpg,1615,1400,-215
2265.jpg,1616,1900,284
2270.jpg,1616,1800,184
2275.jpg,1616,1900,284
2280.jpg,1616,1850,234
2285.jpg,1617,1900,283
2290.jpg,1617,1500,-117
2295.jpg,1617,1700,83
2300.jpg,1618,1800,182
2305.jpg,1618,1900,282
2310.jpg,1619,1500,-119
2315.jpg,1619,1850,231
2320.jpg,1619,1850,231
2325.jpg,1620,1900,280
2330.jpg,1620,1900,280
2335.jpg,1620,1900,280
2340.jpg,1621,1600,-21
2345.jpg,1621,1800,179
2350.jpg,1622,1600,-22
2360.jpg,1623,1850,227
2365.jpg,1624,1900,276
2370.jpg,1624,1500,-124
2375.jpg,1624,1900,276
2380.jpg,1625,1800,175
2385.jpg,1625,1800,175
2390.jpg,1625,1850,225
2395.jpg,1625,1900,275
2400.jpg,1626,1900,274
2405.jpg,1626,1900,274
2410.jpg,1627,1850,223
2415.jpg,1628,1900,272
2420.jpg,1628,1900,272
2425.jpg,1629,1900,271
2430.jpg,1629,1600,-29
2435.jpg,1630,1850,220
2440.jpg,1630,1850,220
2445.jpg,1630,1900,270
2450.jpg,1630,1800,170
2455.jpg,1631,1850,219
2460.jpg,1631,1900,269
2465.jpg,1631,1500,-131
2470.jpg,1632,1800,168
2475.jpg,1632,1900,268
2480.jpg,1632,1900,268
2485.jpg,1633,1850,217
2490.jpg,1633,1990,357
2495.jpg,1634,1900,266
2500.jpg,1634,1500,-134
2505.jpg,1634,1800,166
2510.jpg,1635,1500,-135
2515.jpg,1635,1750,115
2520.jpg,1635,1800,165
2525.jpg,1636,1850,214
2530.jpg,1636,1890,254
2535.jpg,1636,1800,164
2540.jpg,1637,1850,213
2545.jpg,1637,1600,-37
2550.jpg,1638,1500,-138
2555.jpg,1638,1850,212
2560.jpg,1638,1900,262
2565.jpg,1639,1750,111
2570.jpg,1639,1850,211
2575.jpg,1640,1850,210
2580.jpg,1640,1800,160
2585.jpg,1640,1850,210
2590.jpg,1641,1600,-41
2595.jpg,1641,1500,-141
2600.jpg,1641,1990,349
2605.jpg,1642,1400,-242
2610.jpg,1642,1800,158
2615.jpg,1643,1850,207
2620.jpg,1644,1600,-44
2625.jpg,1644,1800,156
2630.jpg,1644,1800,156
2635.jpg,1645,1900,255
2640.jpg,1645,1900,255
2645.jpg,1646,1600,-46
2650.jpg,1646,1900,254
2655.jpg,1646,1500,-146
2660.jpg,1648,1850,202
2665.jpg,1648,1850,202
2670.jpg,1648,1648,0
2675.jpg,1649,1800,151
2680.jpg,1650,1900,250
2685.jpg,1650,1800,150
2690.jpg,1650,1900,250
2695.jpg,1650,1900,250
2700.jpg,1651,1700,49
2705.jpg,1651,1890,239
2710.jpg,1652,1800,148
2715.jpg,1653,1850,197
2720.jpg,1653,1800,147
2725.jpg,1654,1850,196
2730.jpg,1654,1500,-154
2735.jpg,1655,1700,45
2745.jpg,1656,1850,194
2750.jpg,1656,1600,-56
2755.jpg,1656,1800,144
2760.jpg,1657,1850,193
2765.jpg,1657,1900,243
2770.jpg,1658,1900,242
2775.jpg,1658,1900,242
2780.jpg,1659,1900,241
2785.jpg,1659,1500,-159
2790.jpg,1660,1800,140
2795.jpg,1660,1900,240
2800.jpg,1660,1900,240
2805.jpg,1660,1900,240
2810.jpg,1660,1850,190
2815.jpg,1660,1900,240
2820.jpg,1660,1750,90
2825.jpg,1661,1900,239
2830.jpg,1661,1800,139
2835.jpg,1661,1900,239
2840.jpg,1661,1900,239
2845.jpg,1662,1920,258
2850.jpg,1663,1850,187
2855.jpg,1663,1800,137
2860.jpg,1664,1900,236
2865.jpg,1664,1750,86
2870.jpg,1664,1600,-64
2875.jpg,1665,1600,-65
2880.jpg,1665,1900,235
2885.jpg,1665,1850,185
2890.jpg,1665,1850,185
2895.jpg,1666,1900,234
2900.jpg,1666,1800,134
2905.jpg,1667,1850,183
2910.jpg,1667,1850,183
2915.jpg,1667,1700,33
2920.jpg,1668,1500,-168
2925.jpg,1669,1900,231
2930.jpg,1669,1900,231
2935.jpg,1670,1850,180
2940.jpg,1670,1850,180
2945.jpg,1670,1850,180
2950.jpg,1670,1600,-70
2955.jpg,1671,1850,179
2960.jpg,1671,1500,-171
2965.jpg,1671,1850,179
2970.jpg,1672,1850,178
2975.jpg,1672,1900,228
2980.jpg,1673,1900,227
2985.jpg,1673,1000,-673
2990.jpg,1674,1850,176
2995.jpg,1674,1850,176
3000.jpg,1674,1000,-674
3010.jpg,1675,1800,125
3020.jpg,1676,1850,174
3025.jpg,1676,1800,124
3030.jpg,1677,1980,303
3035.jpg,1677,1800,123
3040.jpg,1677,1500,-177
3045.jpg,1678,1900,222
3050.jpg,1678,1850,172
3055.jpg,1678,1500,-178
3060.jpg,1679,1900,221
3065.jpg,1679,1850,171
3075.jpg,1680,1850,170
3080.jpg,1680,1850,170
3085.jpg,1680,1800,120
3090.jpg,1680,1890,210
3095.jpg,1680,1800,120
3100.jpg,1680,1850,170
3105.jpg,1681,1750,69
3110.jpg,1681,1900,219
3115.jpg,1681,1600,-81
3120.jpg,1681,1990,309
3125.jpg,1682,1800,118
3130.jpg,1682,1900,218
3135.jpg,1682,1800,118
3140.jpg,1682,1600,-82
3145.jpg,1683,1900,217
3150.jpg,1683,1850,167
3155.jpg,1683,1900,217
3160.jpg,1683,1850,167
3165.jpg,1683,1850,167
3170.jpg,1684,1800,116
3175.jpg,1684,1600,-84
3180.jpg,1684,1800,116
3185.jpg,1684,1850,166
3190.jpg,1685,1850,165
3195.jpg,1685,1600,-85
3200.jpg,1685,1900,215
3205.jpg,1686,1900,214
3210.jpg,1686,1850,164
3215.jpg,1686,1950,264
3220.jpg,1686,1900,214
3225.jpg,1687,1800,113
3230.jpg,1687,1750,63
3235.jpg,1687,1850,163
3240.jpg,1688,1850,162
3245.jpg,1688,1800,112
3250.jpg,1689,1950,261
3255.jpg,1689,1850,161
3260.jpg,1689,1500,-189
3270.jpg,1690,1990,300
3275.jpg,1690,1850,160
3280.jpg,1690,1900,210
3285.jpg,1690,1900,210
3290.jpg,1690,1950,260
3295.jpg,1690,1900,210
3300.jpg,1690,1750,60
3305.jpg,1691,1850,159
3310.jpg,1691,1800,109
3315.jpg,1691,1800,109
3320.jpg,1692,1900,208
3325.jpg,1692,1950,258
3330.jpg,1693,1900,207
3335.jpg,1693,1900,207
3340.jpg,1694,1800,106
3345.jpg,1694,1900,206
3350.jpg,1694,1800,106
3355.jpg,1695,1850,155
3360.jpg,1695,1950,255
3365.jpg,1695,1850,155
3370.jpg,1695,1800,105
3375.jpg,1695,1600,-95
3385.jpg,1696,1850,154
3390.jpg,1696,1950,254
3395.jpg,1696,1900,204
3400.jpg,1696,1850,154
3405.jpg,1696,1500,-196
3410.jpg,1697,1800,103
3415.jpg,1697,1850,153
3420.jpg,1697,1900,203
3425.jpg,1697,1900,203
3430.jpg,1698,1850,152
3435.jpg,1698,1850,152
3440.jpg,1698,1800,102
3445.jpg,1699,1800,101
3450.jpg,1699,1500,-199
3455.jpg,1699,1900,201
3460.jpg,1700,1800,100
3465.jpg,1700,1900,200
3470.jpg,1700,1850,150
3475.jpg,1700,1850,150
3480.jpg,1700,1850,150
3485.jpg,1700,1900,200
3490.jpg,1700,1850,150
3495.jpg,1700,1800,100
3500.jpg,1700,1850,150
3505.jpg,1700,1850,150
3510.jpg,1700,1800,100
3520.jpg,1701,1900,199
3525.jpg,1701,1850,149
3535.jpg,1702,1900,198
3540.jpg,1702,1850,148
3545.jpg,1703,1735,32
3550.jpg,1704,1800,96
3555.jpg,1704,1850,146
3560.jpg,1704,1900,196
3565.jpg,1704,1900,196
3570.jpg,1704,1900,196
3575.jpg,1705,1850,145
3580.jpg,1705,1850,145
3585.jpg,1705,1850,145
3590.jpg,1705,1800,95
3595.jpg,1706,1800,94
3600.jpg,1706,1950,244
3605.jpg,1706,1600,-106
3610.jpg,1706,1900,194
3615.jpg,1707,1900,193
3620.jpg,1707,1800,93
3625.jpg,1707,1850,143
3630.jpg,1708,1850,142
3635.jpg,1708,1900,192
3640.jpg,1708,1800,92
3645.jpg,1708,1500,-208
3650.jpg,1709,1500,-209
3655.jpg,1709,1850,141
3660.jpg,1709,1850,141
3665.jpg,1709,1850,141
3670.jpg,1710,1850,140
3675.jpg,1710,1950,240
3680.jpg,1710,1850,140
3685.jpg,1710,1900,190
3690.jpg,1710,1800,90
3695.jpg,1710,1750,40
3700.jpg,1710,1850,140
3705.jpg,1710,1850,140
3710.jpg,1710,1500,-210
3715.jpg,1711,1900,189
3720.jpg,1711,1850,139
3725.jpg,1711,1800,89
3730.jpg,1711,1600,-111
3735.jpg,1711,1800,89
3740.jpg,1712,1850,138
3745.jpg,1712,1950,238
3750.jpg,1713,1600,-113
3755.jpg,1713,1850,137
3760.jpg,1713,1732,19
3765.jpg,1713,1800,87
3770.jpg,1714,1850,136
3775.jpg,1714,1850,136
3780.jpg,1714,1850,136
3785.jpg,1714,1900,186
3790.jpg,1715,1945,230
3795.jpg,1715,1950,235
3800.jpg,1715,1950,235
3805.jpg,1715,1000,-715
3810.jpg,1715,1890,175
3815.jpg,1715,1850,135
3820.jpg,1715,1950,235
3825.jpg,1715,1850,135
3830.jpg,1715,1850,135
3835.jpg,1716,1600,-116
3840.jpg,1716,1850,134
3845.jpg,1716,1850,134
3850.jpg,1716,1900,184
3855.jpg,1716,1800,84
3860.jpg,1716,1750,34
3865.jpg,1717,1900,183
3870.jpg,1717,1950,233
3875.jpg,1717,1900,183
3880.jpg,1718,1800,82
3885.jpg,1718,1600,-118
3890.jpg,1719,1600,-119
3895.jpg,1719,1850,131
3900.jpg,1719,1900,181
3905.jpg,1719,1850,131
3910.jpg,1720,1500,-220
3915.jpg,1720,1900,180
3920.jpg,1720,1850,130
3925.jpg,1720,1850,130
3930.jpg,1720,1950,230
3935.jpg,1720,1850,130
3940.jpg,1720,1850,130
3945.jpg,1720,1850,130
3950.jpg,1720,1850,130
3955.jpg,1720,1850,130
3960.jpg,1720,1900,180
3965.jpg,1720,1850,130
3970.jpg,1720,1500,-220
3975.jpg,1721,1900,179
3980.jpg,1721,1980,259
3985.jpg,1721,1900,179
3990.jpg,1721,1900,179
3995.jpg,1721,1500,-221
4000.jpg,1722,1900,178
4005.jpg,1722,1800,78
4010.jpg,1722,1850,128
4015.jpg,1722,1850,128
4020.jpg,1722,1800,78
4025.jpg,1723,1700,-23
4030.jpg,1723,1900,177
4035.jpg,1723,1850,127
4040.jpg,1723,1950,227
4045.jpg,1723,1500,-223
4050.jpg,1723,1500,-223
4055.jpg,1723,1930,207
4060.jpg,1724,1900,176
4065.jpg,1724,1950,226
4070.jpg,1724,1950,226
4075.jpg,1724,1850,126
4080.jpg,1724,1850,126
4085.jpg,1724,1600,-124
4090.jpg,1724,1850,126
4095.jpg,1724,1500,-224
4100.jpg,1725,1900,175
4105.jpg,1725,1890,165
4110.jpg,1725,1900,175
4115.jpg,1725,1700,-25
4120.jpg,1725,1900,175
4125.jpg,1725,1850,125
4130.jpg,1725,1900,175
4135.jpg,1725,1800,75
4140.jpg,1725,1750,25
4145.jpg,1725,1850,125
4150.jpg,1725,1600,-125
4155.jpg,1725,1900,175
4160.jpg,1726,1900,174
4165.jpg,1726,1850,124
4170.jpg,1726,1900,174
4175.jpg,1726,1850,124
4180.jpg,1726,1850,124
4185.jpg,1727,1800,73
4190.jpg,1727,1850,123
4195.jpg,1727,1900,173
4200.jpg,1727,1850,123
4205.jpg,1727,1600,-127
4210.jpg,1727,1850,123
4215.jpg,1728,1900,172
4220.jpg,1728,1900,172
4225.jpg,1728,1950,222
4230.jpg,1728,1900,172
4235.jpg,1728,1900,172
4240.jpg,1728,1950,222
4245.jpg,1728,1850,122
4250.jpg,1729,1750,21
4255.jpg,1729,1900,171
4260.jpg,1729,1850,121
4265.jpg,1729,1900,171
4270.jpg,1729,1900,171
4275.jpg,1730,1600,-130
4280.jpg,1730,1900,170
4285.jpg,1730,1850,120
4290.jpg,1730,1850,120
4295.jpg,1730,1900,170
4300.jpg,1730,1850,120
4305.jpg,1730,1900,170
4310.jpg,1730,1850,120
4315.jpg,1730,1850,120
4320.jpg,1730,1850,120
4325.jpg,1730,1850,120
4330.jpg,1730,1850,120
4335.jpg,1730,1850,120
4340.jpg,1730,1850,120
4345.jpg,1730,1850,120
4350.jpg,1730,1900,170
4355.jpg,1730,1950,220
4360.jpg,1730,1900,170
4365.jpg,1730,1950,220
4370.jpg,1731,1850,119
4375.jpg,1731,1800,69
4380.jpg,1731,1900,169
4385.jpg,1731,1850,119
4390.jpg,1732,1800,68
4395.jpg,1732,1850,118
4400.jpg,1732,1950,218
4405.jpg,1732,1850,118
4410.jpg,1732,1850,118
4415.jpg,1732,1800,68
4420.jpg,1732,1900,168
4425.jpg,1732,1000,-732
4430.jpg,1732,1900,168
4435.jpg,1733,1800,67
4440.jpg,1733,1850,117
4445.jpg,1733,1850,117
4450.jpg,1733,1600,-133
4455.jpg,1733,1850,117
4460.jpg,1733,1800,67
4465.jpg,1733,1900,167
4470.jpg,1733,1920,187
4475.jpg,1734,1750,16
4480.jpg,1734,1750,16
4485.jpg,1734,1800,66
4490.jpg,1734,1900,166
4495.jpg,1735,1850,115
4505.jpg,1735,1900,165
4510.jpg,1735,1900,165
4515.jpg,1735,1850,115
4520.jpg,1735,1850,115
4525.jpg,1735,1850,115
4530.jpg,1735,1850,115
4535.jpg,1735,1900,165
4545.jpg,1736,1880,144
4550.jpg,1736,1800,64
4555.jpg,1736,1850,114
4560.jpg,1736,1500,-236
4565.jpg,1736,1850,114
4570.jpg,1736,1880,144
4575.jpg,1737,1900,163
4580.jpg,1737,1900,163
4585.jpg,1737,1950,213
4590.jpg,1737,1950,213
4595.jpg,1737,1800,63
4600.jpg,1737,1900,163
4605.jpg,1738,1910,172
4610.jpg,1738,1850,112
4615.jpg,1738,1950,212
4620.jpg,1738,1850,112
4625.jpg,1738,1600,-138
4630.jpg,1738,1900,162
4635.jpg,1738,1800,62
4640.jpg,1739,1850,111
4645.jpg,1739,1900,161
4650.jpg,1739,1900,161
4655.jpg,1739,1500,-239
4660.jpg,1739,1900,161
4665.jpg,1740,1800,60
4670.jpg,1740,1850,110
4675.jpg,1740,1850,110
4680.jpg,1740,1800,60
4685.jpg,1740,1900,160
4690.jpg,1740,1850,110
4695.jpg,1740,1950,210
4700.jpg,1740,1850,110
4705.jpg,1740,1850,110
4710.jpg,1740,1850,110
4715.jpg,1740,1800,60
4720.jpg,1740,1900,160
4725.jpg,1740,1950,210
4730.jpg,1740,1900,160
4735.jpg,1740,1850,110
4740.jpg,1740,1800,60
4745.jpg,1740,1900,160
4750.jpg,1741,1900,159
4755.jpg,1741,1800,59
4760.jpg,1741,1950,209
4765.jpg,1741,1850,109
4770.jpg,1741,1800,59
4775.jpg,1741,2000,259
4780.jpg,1742,1000,-742
4785.jpg,1742,1850,108
4790.jpg,1742,1800,58
4795.jpg,1742,1750,8
4800.jpg,1742,1850,108
4805.jpg,1742,1850,108
4810.jpg,1742,1890,148
4815.jpg,1742,1950,208
4820.jpg,1743,1950,207
4825.jpg,1743,1700,-43
4835.jpg,1743,1850,107
4840.jpg,1743,1850,107
4845.jpg,1744,1800,56
4850.jpg,1744,1800,56
4855.jpg,1744,1850,106
4860.jpg,1744,1800,56
4865.jpg,1744,1800,56
4870.jpg,1745,1900,155
4875.jpg,1745,1850,105
4880.jpg,1745,1850,105
4885.jpg,1745,1800,55
4890.jpg,1745,1800,55
4895.jpg,1745,1800,55
4900.jpg,1745,1850,105
4905.jpg,1745,1900,155
4910.jpg,1746,1900,154
4915.jpg,1746,1700,-46
4920.jpg,1746,1800,54
4925.jpg,1746,1400,-346
4930.jpg,1747,1900,153
4935.jpg,1747,1850,103
4940.jpg,1747,1800,53
4945.jpg,1747,1850,103
4950.jpg,1747,1900,153
4955.jpg,1747,1900,153
4960.jpg,1747,1980,233
4965.jpg,1748,1950,202
4970.jpg,1748,1850,102
4975.jpg,1748,1900,152
4980.jpg,1748,1900,152
4985.jpg,1748,1900,152
4990.jpg,1749,1850,101
4995.jpg,1749,1850,101
5000.jpg,1749,1900,151
5005.jpg,1749,1950,201
5010.jpg,1749,1900,151
5015.jpg,1750,1800,50
5020.jpg,1750,1850,100
5025.jpg,1750,1850,100
5030.jpg,1750,1950,200
5035.jpg,1750,1950,200
5040.jpg,1750,1900,150
5045.jpg,1750,1850,100
5050.jpg,1750,1900,150
5060.jpg,1750,1800,50
5065.jpg,1750,1980,230
5070.jpg,1750,1850,100
5075.jpg,1750,1850,100
5080.jpg,1750,1850,100
5085.jpg,1750,1850,100
5090.jpg,1750,1900,150
5095.jpg,1750,1900,150
5100.jpg,1750,1900,150
5105.jpg,1750,1950,200
5110.jpg,1750,1900,150
5115.jpg,1750,1800,50
5120.jpg,1750,1800,50
5125.jpg,1750,1900,150
5130.jpg,1750,1800,50
5135.jpg,1750,1900,150
5140.jpg,1750,1900,150
5145.jpg,1750,1850,100
5150.jpg,1750,1850,100
5155.jpg,1750,1900,150
5160.jpg,1750,1850,100
5165.jpg,1750,1950,200
5170.jpg,1750,1800,50
5175.jpg,1750,1850,100
5180.jpg,1750,1950,200
5185.jpg,1750,1900,150
5190.jpg,1750,1900,150
5195.jpg,1751,1600,-151
5200.jpg,1751,1850,99
5205.jpg,1751,1950,199
5210.jpg,1751,1900,149
5215.jpg,1751,1950,199
5220.jpg,1751,1200,-551
5225.jpg,1752,1890,138
5230.jpg,1752,1850,98
5235.jpg,1752,1850,98
5240.jpg,1752,1900,148
5245.jpg,1752,1850,98
5250.jpg,1752,1900,148
5255.jpg,1752,1750,-2
5260.jpg,1752,1850,98
5265.jpg,1752,1900,148
5270.jpg,1752,1850,98
5275.jpg,1752,1700,-52
5285.jpg,1753,1900,147
5290.jpg,1753,1900,147
5295.jpg,1753,1850,97
5300.jpg,1753,1850,97
5305.jpg,1753,1950,197
5310.jpg,1753,1732,-21
5315.jpg,1753,1600,-153
5320.jpg,1753,1900,147
5325.jpg,1754,1900,146
5330.jpg,1754,1773,19
5335.jpg,1754,1850,96
5340.jpg,1754,1900,146
5345.jpg,1754,1850,96
5350.jpg,1754,1850,96
5355.jpg,1754,1800,46
5360.jpg,1754,1850,96
5365.jpg,1754,1900,146
5370.jpg,1755,1600,-155
5375.jpg,1755,1900,145
5380.jpg,1755,1850,95
5385.jpg,1755,1850,95
5390.jpg,1755,1850,95
5395.jpg,1755,1950,195
5400.jpg,1755,1800,45
5405.jpg,1755,1850,95
5410.jpg,1755,1900,145
5415.jpg,1756,1850,94
5420.jpg,1756,1900,144
5425.jpg,1756,1800,44
5430.jpg,1756,1900,144
5435.jpg,1756,1850,94
5440.jpg,1756,1800,44
5445.jpg,1756,1750,-6
5450.jpg,1756,1800,44
5455.jpg,1756,1600,-156
5460.jpg,1756,1850,94
5470.jpg,1757,1800,43
5475.jpg,1757,1850,93
5480.jpg,1757,1850,93
5485.jpg,1757,1900,143
5490.jpg,1757,1950,193
5495.jpg,1757,1900,143
5500.jpg,1758,1800,42
5505.jpg,1758,1890,132
5510.jpg,1758,1850,92
5515.jpg,1758,1900,142
5520.jpg,1758,1850,92
5525.jpg,1758,1950,192
5530.jpg,1758,1800,42
5535.jpg,1759,1800,41
5540.jpg,1759,1850,91
5545.jpg,1759,1950,191
5550.jpg,1759,1850,91
5555.jpg,1759,1900,141
5560.jpg,1759,1800,41
5565.jpg,1760,1900,140
5570.jpg,1760,1850,90
5575.jpg,1760,1850,90
5580.jpg,1760,1900,140
5585.jpg,1760,1200,-560
5590.jpg,1761,1900,139
5595.jpg,1761,1850,89
5600.jpg,1761,1900,139
5605.jpg,1761,1900,139
5610.jpg,1761,1900,139
5615.jpg,1761,1900,139
5620.jpg,1761,1450,-311
5625.jpg,1761,1600,-161
5630.jpg,1762,1900,138
5635.jpg,1762,1850,88
5640.jpg,1762,1950,188
5645.jpg,1762,1850,88
5650.jpg,1762,1750,-12
5655.jpg,1762,1850,88
5660.jpg,1762,1850,88
5665.jpg,1762,1850,88
5670.jpg,1763,1950,187
5675.jpg,1763,1850,87
5680.jpg,1763,1950,187
5685.jpg,1763,1850,87
5690.jpg,1763,1800,37
5695.jpg,1763,1850,87
5700.jpg,1763,1600,-163
5705.jpg,1763,1850,87
5710.jpg,1764,1850,86
5715.jpg,1764,1890,126
5720.jpg,1764,1850,86
5725.jpg,1764,1850,86
5730.jpg,1764,1900,136
5735.jpg,1764,1850,86
5740.jpg,1764,1890,126
5745.jpg,1764,1750,-14
5750.jpg,1764,1800,36
5755.jpg,1764,1700,-64
5765.jpg,1765,1850,85
5770.jpg,1765,1950,185
5775.jpg,1765,1950,185
5780.jpg,1765,1950,185
5785.jpg,1765,1900,135
5790.jpg,1765,1900,135
5795.jpg,1765,1850,85
5800.jpg,1765,1750,-15
5805.jpg,1765,1850,85
5810.jpg,1765,1900,135
5815.jpg,1765,1750,-15
5820.jpg,1765,1850,85
5825.jpg,1765,1800,35
5830.jpg,1765,1900,135
5835.jpg,1766,1800,34
5840.jpg,1766,1850,84
5845.jpg,1766,1850,84
5850.jpg,1766,1800,34
5855.jpg,1766,1900,134
5860.jpg,1766,1750,-16
5865.jpg,1766,1900,134
5870.jpg,1766,1850,84
5875.jpg,1767,1750,-17
5880.jpg,1767,1850,83
5885.jpg,1767,1880,113
5890.jpg,1767,1800,33
5895.jpg,1768,1850,82
5900.jpg,1768,1850,82
5905.jpg,1768,1850,82
5910.jpg,1768,1900,132
5915.jpg,1768,1930,162
5920.jpg,1768,1800,32
5925.jpg,1768,1900,132
5930.jpg,1768,1850,82
5935.jpg,1768,1900,132
5940.jpg,1768,1980,212
5945.jpg,1769,1850,81
5950.jpg,1769,1850,81
5955.jpg,1769,1850,81
5960.jpg,1769,1850,81
5965.jpg,1769,1850,81
5970.jpg,1769,1850,81
5975.jpg,1769,1850,81
5980.jpg,1769,1850,81
5985.jpg,1769,1900,131
5990.jpg,1769,1900,131
5995.jpg,1769,1800,31
6000.jpg,1770,1900,130
6005.jpg,1770,1850,80
6010.jpg,1770,1850,80
6015.jpg,1770,1900,130
6020.jpg,1770,1850,80
6025.jpg,1770,1850,80
6030.jpg,1770,1850,80
6035.jpg,1770,1800,30
6040.jpg,1770,1950,180
6045.jpg,1770,1850,80
6050.jpg,1770,1750,-20
6055.jpg,1770,1900,130
6060.jpg,1770,1950,180
6065.jpg,1770,1950,180
6070.jpg,1770,1950,180
6075.jpg,1770,1900,130
6080.jpg,1770,1900,130
6085.jpg,1770,1900,130
6090.jpg,1770,1850,80
6095.jpg,1770,1850,80
6100.jpg,1770,1800,30
6105.jpg,1770,1800,30
6115.jpg,1771,1850,79
6120.jpg,1771,1850,79
6125.jpg,1771,1850,79
6130.jpg,1771,1750,-21
6135.jpg,1771,1800,29
6140.jpg,1771,1800,29
6145.jpg,1771,1850,79
6150.jpg,1771,1900,129
6155.jpg,1771,1600,-171
6160.jpg,1771,1600,-171
6165.jpg,1771,1850,79
6170.jpg,1772,1850,78
6175.jpg,1772,1850,78
6180.jpg,1772,1500,-272
6185.jpg,1772,1800,28
6190.jpg,1772,1800,28
6195.jpg,1773,1850,77
6200.jpg,1773,1900,127
6205.jpg,1773,1850,77
6210.jpg,1773,1850,77
6215.jpg,1773,1850,77
6220.jpg,1773,1900,127
6225.jpg,1773,1900,127
6230.jpg,1773,1850,77
6235.jpg,1773,1900,127
6240.jpg,1774,1850,76
6245.jpg,1774,1850,76
6250.jpg,1774,1850,76
6255.jpg,1774,1850,76
6260.jpg,1774,1850,76
6265.jpg,1774,1850,76
6270.jpg,1774,1850,76
6275.jpg,1774,1800,26
6280.jpg,1774,1850,76
6285.jpg,1774,1800,26
6290.jpg,1774,1850,76
6295.jpg,1774,1850,76
6300.jpg,1774,1750,-24
6305.jpg,1775,1800,25
6310.jpg,1775,1900,125
6315.jpg,1775,1950,175
6320.jpg,1775,1850,75
6325.jpg,1775,1850,75
6330.jpg,1775,1850,75
6335.jpg,1775,1900,125
6350.jpg,1775,1850,75
6355.jpg,1775,1900,125
6360.jpg,1775,1900,125
6365.jpg,1775,1850,75
6370.jpg,1775,1850,75
6375.jpg,1775,1850,75
6380.jpg,1775,1900,125
6385.jpg,1775,1500,-275
6390.jpg,1775,1850,75
6395.jpg,1775,1900,125
6405.jpg,1776,1600,-176
6410.jpg,1776,1900,124
6415.jpg,1776,1900,124
6420.jpg,1776,1950,174
6425.jpg,1776,1800,24
6430.jpg,1776,1850,74
6435.jpg,1776,1900,124
6440.jpg,1776,1890,114
6445.jpg,1777,1850,73
6450.jpg,1777,1900,123
6455.jpg,1777,1850,73
6460.jpg,1777,1850,73
6465.jpg,1777,1900,123
6470.jpg,1777,1900,123
6475.jpg,1777,1900,123
6480.jpg,1777,2010,233
6485.jpg,1778,1900,122
6495.jpg,1778,1800,22
6500.jpg,1778,1800,22
6505.jpg,1778,1950,172
6510.jpg,1778,1850,72
6515.jpg,1779,1900,121
6520.jpg,1779,1800,21
6525.jpg,1779,1850,71
6530.jpg,1779,1850,71
6535.jpg,1779,1900,121
6540.jpg,1779,1850,71
6545.jpg,1779,1850,71
6550.jpg,1779,1800,21
6555.jpg,1780,1500,-280
6560.jpg,1780,1850,70
6565.jpg,1780,1850,70
6570.jpg,1780,1950,170
6575.jpg,1780,1950,170
6580.jpg,1780,1850,70
6585.jpg,1780,1850,70
6590.jpg,1780,1900,120
6595.jpg,1780,1950,170
6600.jpg,1780,1900,120
6605.jpg,1780,1850,70
6610.jpg,1780,1900,120
6615.jpg,1780,1950,170
6620.jpg,1780,1900,120
6625.jpg,1780,1800,20
6630.jpg,1780,1850,70
6635.jpg,1780,1850,70
6640.jpg,1780,1990,210
6645.jpg,1780,1850,70
6650.jpg,1780,1900,120
6655.jpg,1780,1890,110
6660.jpg,1780,1950,170
6665.jpg,1780,1850,70
6670.jpg,1781,1890,109
6675.jpg,1781,1700,-81
6680.jpg,1781,1750,-31
6685.jpg,1781,1900,119
6690.jpg,1781,1900,119
6695.jpg,1781,1900,119
6700.jpg,1781,1750,-31
6705.jpg,1781,1930,149
6710.jpg,1782,1900,118
6715.jpg,1782,1900,118
6720.jpg,1782,1900,118
6725.jpg,1782,1850,68
6730.jpg,1782,1850,68
6735.jpg,1782,1900,118
6740.jpg,1782,1850,68
6745.jpg,1782,1600,-182
6750.jpg,1782,1850,68
6755.jpg,1783,1800,17
6760.jpg,1783,1900,117
6765.jpg,1783,1900,117
6770.jpg,1783,1990,207
6775.jpg,1783,1850,67
6780.jpg,1783,1800,17
6785.jpg,1783,1950,167
6790.jpg,1783,1950,167
6795.jpg,1783,1850,67
6800.jpg,1783,1900,117
6805.jpg,1783,1800,17
6810.jpg,1784,1850,66
6815.jpg,1784,1500,-284
6820.jpg,1784,1800,16
6825.jpg,1784,1850,66
6830.jpg,1784,1800,16
6835.jpg,1784,1900,116
6840.jpg,1784,1800,16
6845.jpg,1784,1900,116
6850.jpg,1784,1600,-184
6855.jpg,1784,1800,16
6860.jpg,1785,1850,65
6865.jpg,1785,1900,115
6870.jpg,1785,1850,65
6875.jpg,1785,1850,65
6880.jpg,1785,1900,115
6885.jpg,1785,1900,115
6890.jpg,1785,1850,65
6895.jpg,1785,1900,115
6900.jpg,1785,1800,15
6905.jpg,1785,1900,115
6910.jpg,1785,1850,65
6915.jpg,1785,1750,-35
6920.jpg,1785,1850,65
6925.jpg,1785,1850,65
6930.jpg,1785,1200,-585
6935.jpg,1785,1950,165
6940.jpg,1785,1900,115
6945.jpg,1785,1900,115
6950.jpg,1786,1600,-186
6955.jpg,1786,1900,114
6960.jpg,1786,1900,114
6965.jpg,1786,1800,14
6970.jpg,1786,1800,14
6975.jpg,1786,1750,-36
6980.jpg,1786,1850,64
6985.jpg,1786,1890,104
6990.jpg,1786,1850,64
6995.jpg,1786,1900,114
7000.jpg,1786,1900,114
7005.jpg,1787,1600,-187
7010.jpg,1787,1800,13
7015.jpg,1787,1850,63
7020.jpg,1787,1900,113
7025.jpg,1787,1900,113
7030.jpg,1787,1800,13
7035.jpg,1787,1850,63
7040.jpg,1787,1900,113
7045.jpg,1787,1850,63
7050.jpg,1787,1950,163
7055.jpg,1787,1850,63
7060.jpg,1787,1900,113
7065.jpg,1787,1950,163
7070.jpg,1787,1850,63
7075.jpg,1787,1600,-187
7080.jpg,1787,1850,63
7085.jpg,1787,1850,63
7090.jpg,1788,1900,112
7095.jpg,1788,1900,112
7100.jpg,1788,1930,142
7105.jpg,1788,1850,62
7110.jpg,1788,1850,62
7115.jpg,1788,1850,62
7120.jpg,1788,1850,62
7125.jpg,1788,1800,12
7130.jpg,1788,1850,62
7135.jpg,1788,1850,62
7140.jpg,1788,1900,112
7145.jpg,1789,1850,61
7150.jpg,1789,1750,-39
7155.jpg,1789,1750,-39
7160.jpg,1789,1850,61
7165.jpg,1789,1850,61
7170.jpg,1789,1900,111
7175.jpg,1789,1950,161
7180.jpg,1789,1950,161
7185.jpg,1789,1850,61
7190.jpg,1789,1850,61
7195.jpg,1789,1850,61
7200.jpg,1790,1850,60
7205.jpg,1790,1850,60
7210.jpg,1790,1850,60
7215.jpg,1790,1800,10
7220.jpg,1790,1850,60
7225.jpg,1790,1950,160
7230.jpg,1790,1850,60
7235.jpg,1790,1850,60
7240.jpg,1790,1900,110
7245.jpg,1790,1850,60
7250.jpg,1790,1900,110
7255.jpg,1790,1900,110
7260.jpg,1790,1850,60
7265.jpg,1790,1890,100
7270.jpg,1790,1900,110
7275.jpg,1790,1850,60
7280.jpg,1790,1850,60
7285.jpg,1790,1850,60
7290.jpg,1790,1900,110
7295.jpg,1790,1850,60
7300.jpg,1790,1900,110
7305.jpg,1790,1850,60
7310.jpg,1790,1850,60
7315.jpg,1790,1850,60
7320.jpg,1790,1850,60
7325.jpg,1790,1850,60
7330.jpg,1790,1800,10
7335.jpg,1790,1900,110
7340.jpg,1790,1850,60
7345.jpg,1790,1850,60
7350.jpg,1790,1850,60
7355.jpg,1790,1850,60
7360.jpg,1790,1900,110
7365.jpg,1790,1900,110
7370.jpg,1790,1800,10
7375.jpg,1790,1850,60
7380.jpg,1790,1890,100
7385.jpg,1791,1900,109
7390.jpg,1791,1900,109
7395.jpg,1791,1750,-41
7400.jpg,1791,1800,9
7405.jpg,1791,1850,59
7410.jpg,1791,1800,9
7415.jpg,1791,1900,109
7420.jpg,1791,1850,59
7425.jpg,1791,1850,59
7430.jpg,1791,1800,9
7435.jpg,1791,1800,9
7440.jpg,1792,1900,108
7445.jpg,1792,1900,108
7450.jpg,1792,1800,8
7455.jpg,1792,1800,8
7460.jpg,1792,1850,58
7465.jpg,1792,1900,108
7470.jpg,1792,1850,58
7475.jpg,1792,1900,108
7480.jpg,1792,1850,58
7485.jpg,1792,1900,108
7490.jpg,1792,1850,58
7495.jpg,1792,1900,108
7500.jpg,1792,1850,58
7505.jpg,1792,1800,8
7510.jpg,1793,1800,7
7515.jpg,1793,1930,137
7520.jpg,1793,1900,107
7525.jpg,1793,1900,107
7530.jpg,1793,1800,7
7535.jpg,1793,1900,107
7540.jpg,1793,1850,57
7545.jpg,1793,1950,157
7550.jpg,1793,1850,57
7555.jpg,1793,1850,57
7560.jpg,1793,1850,57
7565.jpg,1793,1850,57
7570.jpg,1793,1850,57
7575.jpg,1793,1950,157
7580.jpg,1793,1850,57
7585.jpg,1793,1950,157
7590.jpg,1793,1800,7
7595.jpg,1794,1900,106
7600.jpg,1794,1850,56
7605.jpg,1794,1900,106
7610.jpg,1794,1850,56
7615.jpg,1794,1800,6
7620.jpg,1794,1850,56
7625.jpg,1794,1950,156
7630.jpg,1794,1850,56
7635.jpg,1794,1850,56
7640.jpg,1794,1850,56
7645.jpg,1794,1900,106
7650.jpg,1794,1850,56
7655.jpg,1795,1700,-95
7660.jpg,1795,1900,105
7665.jpg,1795,1900,105
7670.jpg,1795,1850,55
7675.jpg,1795,1850,55
7680.jpg,1795,1900,105
7685.jpg,1795,1850,55
7690.jpg,1795,1850,55
7695.jpg,1795,1850,55
7700.jpg,1795,1950,155
7705.jpg,1795,1850,55
7710.jpg,1795,1950,155
7715.jpg,1795,1850,55
7720.jpg,1795,1850,55
7725.jpg,1795,1900,105
7730.jpg,1795,1900,105
7735.jpg,1795,1850,55
7740.jpg,1795,1850,55
7745.jpg,1795,1900,105
7750.jpg,1795,1850,55
7755.jpg,1795,1850,55
7760.jpg,1795,1850,55
7765.jpg,1795,1900,105
7775.jpg,1796,1900,104
7780.jpg,1796,1850,54
7785.jpg,1796,1800,4
7790.jpg,1796,1850,54
7795.jpg,1796,1800,4
7800.jpg,1796,1850,54
7805.jpg,1796,1850,54
7810.jpg,1796,1850,54
7815.jpg,1796,1850,54
7820.jpg,1796,1850,54
7825.jpg,1796,1850,54
7830.jpg,1796,1850,54
7840.jpg,1796,1900,104
7845.jpg,1796,1850,54
7850.jpg,1796,1850,54
7855.jpg,1796,1850,54
7860.jpg,1796,1900,104
7865.jpg,1796,1900,104
7870.jpg,1796,1900,104
7875.jpg,1796,1800,4
7880.jpg,1797,1750,-47
7885.jpg,1797,1800,3
7890.jpg,1797,1850,53
7895.jpg,1797,1850,53
7900.jpg,1797,1900,103
7905.jpg,1797,1850,53
7915.jpg,1797,1850,53
7920.jpg,1797,1850,53
7925.jpg,1797,1850,53
7930.jpg,1797,1900,103
7935.jpg,1797,1950,153
7940.jpg,1797,1900,103
7945.jpg,1797,1600,-197
7950.jpg,1797,1900,103
7955.jpg,1798,1800,2
7960.jpg,1798,1900,102
7965.jpg,1798,1000,-798
7970.jpg,1798,1800,2
7975.jpg,1798,1900,102
7980.jpg,1798,1850,52
7985.jpg,1798,1850,52
7990.jpg,1798,1890,92
7995.jpg,1798,1500,-298
8000.jpg,1798,1850,52
8005.jpg,1798,1850,52
8010.jpg,1798,1950,152
8015.jpg,1798,1850,52
8020.jpg,1798,1850,52
8025.jpg,1798,1850,52
8030.jpg,1798,1900,102
8035.jpg,1798,1850,52
8040.jpg,1798,1950,152
8045.jpg,1798,1750,-48
8055.jpg,1798,1900,102
8060.jpg,1799,1900,101
8065.jpg,1799,1900,101
8070.jpg,1799,1900,101
8075.jpg,1799,1950,151
8080.jpg,1799,1950,151
8085.jpg,1799,1850,51
8090.jpg,1799,1850,51
8095.jpg,1799,1850,51
8100.jpg,1799,1850,51
8105.jpg,1799,1850,51
8110.jpg,1799,1900,101
8115.jpg,1800,1800,0
8120.jpg,1800,1900,100
8125.jpg,1800,1800,0
8130.jpg,1800,1800,0
8135.jpg,1800,1950,150
8140.jpg,1800,1850,50
8145.jpg,1800,1850,50
8150.jpg,1800,1850,50
8155.jpg,1800,1900,100
8160.jpg,1800,1950,150
8165.jpg,1800,1850,50
8170.jpg,1800,1800,0
8175.jpg,1800,1850,50
8180.jpg,1800,1900,100
8185.jpg,1800,1850,50
8190.jpg,1800,1850,50
8195.jpg,1800,1950,150
8200.jpg,1800,1950,150
8205.jpg,1800,1850,50
8210.jpg,1800,1900,100
8215.jpg,1800,1850,50
8220.jpg,1800,1850,50
8225.jpg,1800,1850,50
8230.jpg,1800,1850,50
8235.jpg,1800,1850,50
8240.jpg,1800,1900,100
8245.jpg,1800,1900,100
8250.jpg,1800,1850,50
8255.jpg,1800,1850,50
8260.jpg,1800,1850,50
8265.jpg,1800,1850,50
8270.jpg,1800,1850,50
8275.jpg,1800,1850,50
8280.jpg,1800,1900,100
8285.jpg,1800,1900,100
8295.jpg,1800,1950,150
8300.jpg,1801,1600,-201
8305.jpg,1801,1945,144
8310.jpg,1801,1900,99
8315.jpg,1801,1900,99
8320.jpg,1801,1950,149
8325.jpg,1801,1800,-1
8330.jpg,1801,1850,49
8335.jpg,1801,1850,49
8340.jpg,1801,1850,49
8345.jpg,1801,1850,49
8350.jpg,1801,1900,99
8355.jpg,1801,1850,49
8360.jpg,1801,1850,49
8365.jpg,1801,1900,99
8375.jpg,1802,1950,148
8380.jpg,1802,1900,98
8385.jpg,1802,1900,98
8390.jpg,1802,1900,98
8395.jpg,1802,1850,48
8400.jpg,1802,1900,98
8405.jpg,1802,1850,48
8410.jpg,1802,1800,-2
8415.jpg,1802,1843,41
8420.jpg,1802,1850,48
8425.jpg,1802,1900,98
8430.jpg,1802,1900,98
8435.jpg,1802,1850,48
8440.jpg,1803,1890,87
8445.jpg,1803,1850,47
8450.jpg,1803,1850,47
8455.jpg,1803,1850,47
8460.jpg,1803,1900,97
8465.jpg,1803,1850,47
8470.jpg,1803,1930,127
8475.jpg,1803,1900,97
8480.jpg,1803,1850,47
8485.jpg,1803,1850,47
8490.jpg,1803,1850,47
8495.jpg,1803,1920,117
8500.jpg,1803,1900,97
8505.jpg,1803,1850,47
8515.jpg,1804,1800,-4
8520.jpg,1804,1900,96
8525.jpg,1804,1800,-4
8530.jpg,1804,1900,96
8535.jpg,1804,1900,96
8540.jpg,1804,1900,96
8545.jpg,1804,1850,46
8550.jpg,1804,1850,46
8555.jpg,1804,1850,46
8560.jpg,1804,1900,96
8565.jpg,1804,1850,46
8570.jpg,1804,1900,96
8575.jpg,1804,1950,146
8580.jpg,1804,1850,46
8585.jpg,1805,1600,-205
8590.jpg,1805,1800,-5
8595.jpg,1805,1850,45
8600.jpg,1805,1900,95
8605.jpg,1805,1800,-5
8610.jpg,1805,1800,-5
8615.jpg,1805,1950,145
8620.jpg,1805,1850,45
8625.jpg,1805,1900,95
8630.jpg,1805,1200,-605
8635.jpg,1805,1850,45
8640.jpg,1805,1850,45
8645.jpg,1805,1850,45
8650.jpg,1805,1850,45
8655.jpg,1805,1890,85
8660.jpg,1805,1890,85
8665.jpg,1805,1850,45
8670.jpg,1805,1900,95
8675.jpg,1805,1850,45
8680.jpg,1805,1850,45
8685.jpg,1805,1950,145
8690.jpg,1805,1800,-5
8695.jpg,1806,1850,44
8700.jpg,1806,1700,-106
8705.jpg,1806,1800,-6
8710.jpg,1806,1850,44
8715.jpg,1806,1850,44
8720.jpg,1806,1900,94
8725.jpg,1806,1950,144
8730.jpg,1806,1850,44
8735.jpg,1806,1950,144
8740.jpg,1806,1950,144
8745.jpg,1806,1900,94
8750.jpg,1806,1900,94
8755.jpg,1806,1850,44
8765.jpg,1807,1600,-207
8770.jpg,1807,1850,43
8775.jpg,1807,1871,64
8780.jpg,1807,1900,93
8785.jpg,1807,1900,93
8790.jpg,1807,1800,-7
8795.jpg,1807,1850,43
8800.jpg,1807,1900,93
8805.jpg,1807,1850,43
8810.jpg,1807,1900,93
8815.jpg,1807,1850,43
8820.jpg,1807,1850,43
8825.jpg,1807,1850,43
8830.jpg,1807,1850,43
8835.jpg,1807,1600,-207
8840.jpg,1808,1920,112
8845.jpg,1808,1800,-8
8850.jpg,1808,1900,92
8855.jpg,1808,1850,42
8860.jpg,1808,1850,42
8865.jpg,1808,1950,142
8875.jpg,1808,1850,42
8880.jpg,1808,1850,42
8885.jpg,1808,1850,42
8890.jpg,1808,1850,42
8895.jpg,1808,1800,-8
8900.jpg,1808,1850,42
8905.jpg,1808,1900,92
8910.jpg,1809,1850,41
8915.jpg,1809,1850,41
8920.jpg,1809,1850,41
8925.jpg,1809,1850,41
8930.jpg,1809,1850,41
8935.jpg,1809,1950,141
8940.jpg,1809,1850,41
8945.jpg,1809,1950,141
8950.jpg,1809,1850,41
8955.jpg,1809,1900,91
8965.jpg,1809,1900,91
8970.jpg,1809,1900,91
8975.jpg,1810,1850,40
8980.jpg,1810,1900,90
8985.jpg,1810,1900,90
8995.jpg,1810,1850,40
9000.jpg,1810,1850,40
9005.jpg,1810,1850,40
9010.jpg,1810,1500,-310
9015.jpg,1810,1850,40
9020.jpg,1810,1900,90
9025.jpg,1810,1850,40
9030.jpg,1810,1850,40
9035.jpg,1810,1850,40
9040.jpg,1810,1900,90
9045.jpg,1810,1950,140
9050.jpg,1810,1850,40
9055.jpg,1810,1850,40
9060.jpg,1810,1890,80
9065.jpg,1810,1900,90
9070.jpg,1810,1900,90
9075.jpg,1810,1850,40
9080.jpg,1810,1950,140
9085.jpg,1810,1850,40
9090.jpg,1810,1850,40
9095.jpg,1810,1850,40
9100.jpg,1810,1950,140
9105.jpg,1810,1900,90
9110.jpg,1810,1950,140
9115.jpg,1810,1850,40
9120.jpg,1810,1950,140
9125.jpg,1810,1900,90
9130.jpg,1810,1900,90
9135.jpg,1810,1950,140
9140.jpg,1810,1920,110
9145.jpg,1810,1900,90
9150.jpg,1811,1600,-211
9160.jpg,1811,1800,-11
9165.jpg,1811,1800,-11
9170.jpg,1811,1850,39
9175.jpg,1811,1900,89
9180.jpg,1811,1850,39
9185.jpg,1811,1800,-11
9190.jpg,1811,1850,39
9195.jpg,1811,1800,-11
9200.jpg,1811,1800,-11
9205.jpg,1811,1850,39
9210.jpg,1812,1890,78
9215.jpg,1812,1850,38
9220.jpg,1812,1200,-612
9225.jpg,1812,1850,38
9230.jpg,1812,1850,38
9235.jpg,1812,1900,88
9240.jpg,1812,1850,38
9245.jpg,1812,1900,88
9250.jpg,1812,1900,88
9255.jpg,1812,1850,38
9260.jpg,1812,1950,138
9265.jpg,1812,1850,38
9270.jpg,1812,1900,88
9275.jpg,1812,1850,38
9280.jpg,1812,1850,38
9290.jpg,1812,1850,38
9295.jpg,1812,1900,88
9300.jpg,1812,1950,138
9305.jpg,1812,1850,38
9310.jpg,1813,1900,87
9315.jpg,1813,1850,37
9320.jpg,1813,1850,37
9325.jpg,1813,1500,-313
9330.jpg,1813,1850,37
9335.jpg,1813,1850,37
9340.jpg,1813,1850,37
9345.jpg,1813,1850,37
9350.jpg,1813,1850,37
9355.jpg,1813,1800,-13
9360.jpg,1813,1900,87
9365.jpg,1813,1900,87
9370.jpg,1813,1900,87
9375.jpg,1814,1600,-214
9390.jpg,1814,1900,86
9395.jpg,1814,1850,36
9400.jpg,1814,1800,-14
9405.jpg,1814,1800,-14
9410.jpg,1814,1850,36
9415.jpg,1814,1900,86
9420.jpg,1814,1850,36
9425.jpg,1814,1850,36
9430.jpg,1814,1800,-14
9435.jpg,1814,1850,36
9440.jpg,1814,1850,36
9445.jpg,1814,1850,36
9450.jpg,1814,1850,36
9455.jpg,1814,1850,36
9460.jpg,1814,1850,36
9465.jpg,1815,1850,35
9470.jpg,1815,1900,85
9475.jpg,1815,1850,35
9480.jpg,1815,1950,135
9485.jpg,1815,1850,35
9490.jpg,1815,1850,35
9495.jpg,1815,1900,85
9500.jpg,1815,1850,35
9505.jpg,1815,1980,165
9510.jpg,1815,1950,135
9515.jpg,1815,1850,35
9520.jpg,1815,1850,35
9525.jpg,1815,1850,35
9530.jpg,1815,1990,175
9535.jpg,1815,1850,35
9540.jpg,1815,1900,85
9545.jpg,1815,1850,35
9550.jpg,1815,1800,-15
9555.jpg,1815,1850,35
9560.jpg,1815,1850,35
9565.jpg,1815,1850,35
9570.jpg,1815,1950,135
9575.jpg,1815,1890,75
9580.jpg,1815,1900,85
9585.jpg,1815,1850,35
9590.jpg,1815,1850,35
9595.jpg,1816,1980,164
9600.jpg,1816,1600,-216
9605.jpg,1816,1890,74
9610.jpg,1816,1900,84
9615.jpg,1816,1850,34
9620.jpg,1816,1900,84
9625.jpg,1816,1800,-16
9630.jpg,1816,1850,34
9635.jpg,1816,1890,74
9640.jpg,1816,1900,84
9645.jpg,1816,1800,-16
9650.jpg,1816,1850,34
9655.jpg,1816,1850,34
9660.jpg,1816,1900,84
9665.jpg,1816,1850,34
9670.jpg,1816,1900,84
9675.jpg,1816,1850,34
9680.jpg,1816,1850,34
9685.jpg,1816,1850,34
9690.jpg,1816,1850,34
9695.jpg,1816,1850,34
9700.jpg,1816,1900,84
9705.jpg,1816,1800,-16
9710.jpg,1816,1800,-16
9715.jpg,1817,1800,-17
9720.jpg,1817,1750,-67
9725.jpg,1817,1850,33
9730.jpg,1817,1800,-17
9735.jpg,1817,1850,33
9740.jpg,1817,1950,133
9745.jpg,1817,1850,33
9750.jpg,1817,1980,163
9755.jpg,1817,1850,33
9760.jpg,1817,1850,33
9765.jpg,1817,1850,33
9770.jpg,1817,1850,33
9775.jpg,1817,1900,83
9780.jpg,1817,1900,83
9785.jpg,1817,1890,73
9790.jpg,1818,1850,32
9795.jpg,1818,1900,82
9800.jpg,1818,1850,32
9805.jpg,1818,1920,102
9810.jpg,1818,1850,32
9815.jpg,1818,1800,-18
9820.jpg,1818,1900,82
9825.jpg,1818,1900,82
9830.jpg,1818,1850,32
9835.jpg,1818,1850,32
9840.jpg,1818,1850,32
9845.jpg,1818,1900,82
9850.jpg,1818,1850,32
9855.jpg,1818,1850,32
9860.jpg,1818,1850,32
9865.jpg,1818,1850,32
9870.jpg,1818,1900,82
9875.jpg,1818,1850,32
9880.jpg,1818,1850,32
9885.jpg,1818,1970,152
9890.jpg,1818,1850,32
9895.jpg,1818,1850,32
9900.jpg,1818,1850,32
9905.jpg,1818,1850,32
9910.jpg,1819,1900,81
9915.jpg,1819,1950,131
9920.jpg,1819,1900,81
9925.jpg,1819,1900,81
9930.jpg,1819,1900,81
9935.jpg,1819,1950,131
9940.jpg,1819,1850,31
9945.jpg,1819,1850,31
9950.jpg,1819,1850,31
9955.jpg,1819,1850,31
9960.jpg,1819,1850,31
9965.jpg,1819,1850,31
9970.jpg,1819,1850,31
9975.jpg,1819,1900,81
9980.jpg,1819,1850,31
9985.jpg,1820,1900,80
9990.jpg,1820,1900,80
9995.jpg,1820,1900,80
10000.jpg,1820,1850,30
10005.jpg,1820,1800,-20
10010.jpg,1820,1900,80
10015.jpg,1820,1850,30
10020.jpg,1820,1800,-20
10025.jpg,1820,1800,-20
10030.jpg,1820,1950,130
10035.jpg,1820,1850,30
10040.jpg,1820,1950,130
10045.jpg,1820,1850,30
10050.jpg,1820,1890,70
10055.jpg,1820,1850,30
10060.jpg,1820,1850,30
10065.jpg,1820,1850,30
10070.jpg,1820,1850,30
10075.jpg,1820,1850,30
10080.jpg,1820,1850,30
10085.jpg,1820,1800,-20
10090.jpg,1820,1950,130
10095.jpg,1820,1850,30
10100.jpg,1820,1950,130
10105.jpg,1820,1850,30
10110.jpg,1820,1850,30
10115.jpg,1820,1900,80
10120.jpg,1820,1850,30
10125.jpg,1820,1850,30
10130.jpg,1820,1850,30
10135.jpg,1820,1850,30
10140.jpg,1820,1900,80
10145.jpg,1820,1900,80
10150.jpg,1820,1900,80
10155.jpg,1820,1850,30
10160.jpg,1820,1900,80
10165.jpg,1820,1950,130
10170.jpg,1820,1900,80
10175.jpg,1820,1900,80
10180.jpg,1820,1850,30
10185.jpg,1820,1900,80
10190.jpg,1820,1850,30
10195.jpg,1821,1800,-21
10200.jpg,1821,1900,79
10205.jpg,1821,1900,79
10210.jpg,1821,1990,169
10215.jpg,1821,1900,79
10220.jpg,1821,1850,29
10225.jpg,1821,1900,79
10230.jpg,1821,1890,69
10235.jpg,1821,1900,79
10240.jpg,1821,1950,129
10245.jpg,1821,1900,79
10250.jpg,1821,1890,69
10255.jpg,1821,1900,79
10260.jpg,1821,1850,29
10265.jpg,1821,1950,129
10270.jpg,1821,1900,79
10275.jpg,1821,1900,79
10280.jpg,1822,1900,78
10285.jpg,1822,1900,78
10290.jpg,1822,1800,-22
10295.jpg,1822,1850,28
10300.jpg,1822,1900,78
10305.jpg,1822,1850,28
10310.jpg,1822,1850,28
10315.jpg,1822,1850,28
10320.jpg,1822,1850,28
10325.jpg,1822,1950,128
10330.jpg,1822,1850,28
10335.jpg,1822,1900,78
10340.jpg,1822,1890,68
10345.jpg,1822,1900,78
10355.jpg,1822,1950,128
10360.jpg,1823,1850,27
10365.jpg,1823,1850,27
10370.jpg,1823,1850,27
10375.jpg,1823,1850,27
10385.jpg,1823,1850,27
10390.jpg,1823,1850,27
10395.jpg,1823,1850,27
10400.jpg,1823,1980,157
10405.jpg,1823,1850,27
10410.jpg,1823,1900,77
10415.jpg,1823,1900,77
10420.jpg,1823,1900,77
10425.jpg,1823,1900,77
10430.jpg,1823,1850,27
10435.jpg,1823,1850,27
10440.jpg,1823,1800,-23
10445.jpg,1823,1900,77
10450.jpg,1823,1800,-23
10455.jpg,1824,1850,26
10460.jpg,1824,1850,26
10465.jpg,1824,1850,26
10470.jpg,1824,1850,26
10475.jpg,1824,1400,-424
10480.jpg,1824,1990,166
10485.jpg,1824,1850,26
10490.jpg,1824,1800,-24
10495.jpg,1824,1850,26
10500.jpg,1824,1900,76
10505.jpg,1824,1950,126
10510.jpg,1824,1850,26
10515.jpg,1824,1950,126
10520.jpg,1824,1850,26
10525.jpg,1824,1950,126
10530.jpg,1824,1850,26
10535.jpg,1824,1850,26
10540.jpg,1824,1850,26
10545.jpg,1824,1900,76
10550.jpg,1825,1890,65
10555.jpg,1825,1850,25
10560.jpg,1825,1850,25
10565.jpg,1825,1900,75
10570.jpg,1825,1900,75
10575.jpg,1825,1900,75
10580.jpg,1825,1850,25
10585.jpg,1825,1900,75
10590.jpg,1825,1850,25
10595.jpg,1825,1850,25
10600.jpg,1825,1850,25
10605.jpg,1825,1850,25
10610.jpg,1825,1900,75
10615.jpg,1825,1850,25
10620.jpg,1825,1930,105
10625.jpg,1825,1950,125
10630.jpg,1825,1950,125
10635.jpg,1825,1920,95
10640.jpg,1825,1950,125
10645.jpg,1825,1850,25
10650.jpg,1825,1900,75
10655.jpg,1825,1850,25
10660.jpg,1825,1850,25
10665.jpg,1825,1850,25
10670.jpg,1825,1850,25
10675.jpg,1825,1850,25
10680.jpg,1825,1890,65
10685.jpg,1825,1950,125
10690.jpg,1825,1900,75
10695.jpg,1825,1900,75
10700.jpg,1825,1900,75
10705.jpg,1825,1850,25
10710.jpg,1825,1900,75
10715.jpg,1825,1850,25
10720.jpg,1825,1850,25
10725.jpg,1825,1850,25
10730.jpg,1826,1900,74
10735.jpg,1826,1850,24
10745.jpg,1826,1850,24
10750.jpg,1826,1920,94
10755.jpg,1826,1850,24
10760.jpg,1826,1850,24
10765.jpg,1826,1850,24
10770.jpg,1826,1850,24
10775.jpg,1826,1850,24
10780.jpg,1826,1850,24
10785.jpg,1826,1850,24
10790.jpg,1826,1900,74
10795.jpg,1826,1800,-26
10800.jpg,1826,1900,74
10805.jpg,1826,1800,-26
10810.jpg,1826,1900,74
10815.jpg,1826,1850,24
10820.jpg,1826,1850,24
10825.jpg,1826,1850,24
10830.jpg,1826,1900,74
10835.jpg,1827,1950,123
10840.jpg,1827,1850,23
10845.jpg,1827,1800,-27
10850.jpg,1827,1900,73
10855.jpg,1827,1850,23
10860.jpg,1827,1900,73
10865.jpg,1827,1850,23
10870.jpg,1827,1880,53
10875.jpg,1827,1900,73
10880.jpg,1827,1900,73
10885.jpg,1827,1900,73
10890.jpg,1827,1900,73
10895.jpg,1827,1850,23
10900.jpg,1827,1500,-327
10905.jpg,1827,1850,23
10910.jpg,1827,1850,23
10915.jpg,1827,1900,73
10920.jpg,1827,1850,23
10925.jpg,1827,1850,23
10930.jpg,1827,1900,73
10935.jpg,1827,1850,23
10940.jpg,1827,1900,73
10945.jpg,1828,1800,-28
10950.jpg,1828,1800,-28
10955.jpg,1828,1850,22
10960.jpg,1828,1800,-28
10965.jpg,1828,1900,72
10970.jpg,1828,1900,72
10975.jpg,1828,1880,52
10980.jpg,1828,1800,-28
10985.jpg,1828,1900,72
10990.jpg,1828,1850,22
10995.jpg,1828,1850,22
11000.jpg,1828,1900,72
11005.jpg,1828,1850,22
11010.jpg,1828,1900,72
11015.jpg,1828,1800,-28
11020.jpg,1828,1850,22
11025.jpg,1828,1850,22
11030.jpg,1828,1850,22
11035.jpg,1828,1850,22
11040.jpg,1828,1850,22
11045.jpg,1828,1900,72
11050.jpg,1828,1900,72
11055.jpg,1828,1800,-28
11060.jpg,1828,1900,72
11065.jpg,1829,1900,71
11070.jpg,1829,1850,21
11075.jpg,1829,1900,71
11080.jpg,1829,1890,61
11085.jpg,1829,1850,21
11090.jpg,1829,1900,71
11095.jpg,1829,1900,71
11100.jpg,1829,1900,71
11105.jpg,1829,1800,-29
11110.jpg,1829,1800,-29
11115.jpg,1829,1800,-29
11120.jpg,1829,1900,71
11125.jpg,1829,1850,21
11130.jpg,1829,1900,71
11135.jpg,1829,1850,21
11140.jpg,1829,1850,21
11145.jpg,1829,1850,21
11150.jpg,1829,1900,71
11155.jpg,1829,1930,101
11160.jpg,1829,1800,-29
11165.jpg,1829,1900,71
11170.jpg,1830,1600,-230
11175.jpg,1830,1900,70
11180.jpg,1830,1850,20
11185.jpg,1830,1900,70
11190.jpg,1830,1900,70
11195.jpg,1830,1900,70
11200.jpg,1830,1900,70
11205.jpg,1830,1800,-30
11210.jpg,1830,1920,90
11215.jpg,1830,1850,20
11220.jpg,1830,1850,20
11225.jpg,1830,1900,70
11230.jpg,1830,1850,20
11235.jpg,1830,1850,20
11240.jpg,1830,1850,20
11245.jpg,1830,1950,120
11250.jpg,1830,1850,20
11255.jpg,1830,1990,160
11260.jpg,1830,1850,20
11265.jpg,1830,1950,120
11270.jpg,1830,1900,70
11275.jpg,1830,1850,20
11280.jpg,1830,1900,70
11285.jpg,1830,1850,20
11290.jpg,1830,1850,20
11295.jpg,1830,1900,70
11300.jpg,1830,1850,20
11305.jpg,1830,1950,120
11310.jpg,1830,1850,20
11315.jpg,1830,1850,20
11320.jpg,1830,1900,70
11325.jpg,1830,1890,60
11330.jpg,1830,1900,70
11335.jpg,1830,1850,20
11340.jpg,1830,1950,120
11345.jpg,1830,1950,120
11350.jpg,1830,1950,120
11355.jpg,1830,1900,70
11360.jpg,1830,1850,20
11365.jpg,1830,1930,100
11370.jpg,1830,1850,20
11375.jpg,1830,1850,20
11380.jpg,1830,1850,20
11385.jpg,1830,1850,20
11390.jpg,1830,1900,70
11395.jpg,1830,1890,60
11400.jpg,1831,1850,19
11405.jpg,1831,1900,69
11410.jpg,1831,1900,69
11415.jpg,1831,1900,69
11420.jpg,1831,1900,69
11425.jpg,1831,1800,-31
11430.jpg,1831,1850,19
11435.jpg,1831,1900,69
11440.jpg,1831,1900,69
11445.jpg,1831,1850,19
11450.jpg,1831,1900,69
11455.jpg,1831,1900,69
11460.jpg,1831,1850,19
11465.jpg,1831,1850,19
11470.jpg,1831,1850,19
11475.jpg,1831,1950,119
11480.jpg,1831,1900,69
11485.jpg,1831,1850,19
11490.jpg,1832,1950,118
11495.jpg,1832,1950,118
11500.jpg,1832,1970,138
11505.jpg,1832,1850,18
11510.jpg,1832,1900,68
11515.jpg,1832,1800,-32
11525.jpg,1832,1900,68
11530.jpg,1832,1900,68
11535.jpg,1832,1900,68
11540.jpg,1832,1850,18
11545.jpg,1832,1950,118
11550.jpg,1832,1850,18
11555.jpg,1832,1850,18
11560.jpg,1832,1900,68
11565.jpg,1832,1850,18
11570.jpg,1832,1850,18
11575.jpg,1832,1900,68
11580.jpg,1832,1850,18
11585.jpg,1832,1900,68
11590.jpg,1832,1900,68
11595.jpg,1832,1850,18
11600.jpg,1832,1900,68
11605.jpg,1832,1900,68
11610.jpg,1832,1900,68
11615.jpg,1832,1850,18
11620.jpg,1832,1900,68
11625.jpg,1832,1900,68
11630.jpg,1832,1900,68
11635.jpg,1832,1900,68
11640.jpg,1832,1900,68
11645.jpg,1833,1900,67
11650.jpg,1833,1850,17
11655.jpg,1833,1900,67
11660.jpg,1833,1900,67
11665.jpg,1833,1900,67
11670.jpg,1833,1900,67
11675.jpg,1833,1800,-33
11680.jpg,1833,1800,-33
11685.jpg,1833,1850,17
11690.jpg,1833,1850,17
11695.jpg,1833,1850,17
11700.jpg,1833,1950,117
11705.jpg,1833,1950,117
11710.jpg,1833,1900,67
11715.jpg,1833,1850,17
11720.jpg,1833,1950,117
11725.jpg,1833,1850,17
11730.jpg,1833,1850,17
11735.jpg,1833,1900,67
11740.jpg,1833,1850,17
11745.jpg,1833,1900,67
11750.jpg,1833,1900,67
11755.jpg,1833,1900,67
11760.jpg,1833,1900,67
11765.jpg,1833,1800,-33
11770.jpg,1834,1900,66
11775.jpg,1834,1850,16
11780.jpg,1834,1900,66
11785.jpg,1834,1600,-234
11790.jpg,1834,1950,116
11795.jpg,1834,1900,66
11800.jpg,1834,1850,16
11805.jpg,1834,1800,-34
11810.jpg,1834,1900,66
11815.jpg,1834,1950,116
11820.jpg,1834,1800,-34
11825.jpg,1834,1850,16
11830.jpg,1834,1850,16
11835.jpg,1834,1890,56
11840.jpg,1834,1850,16
11845.jpg,1834,1950,116
11850.jpg,1834,1850,16
11855.jpg,1834,1900,66
11860.jpg,1834,1980,146
11865.jpg,1834,1850,16
11870.jpg,1834,1950,116
11875.jpg,1834,1850,16
11880.jpg,1834,1850,16
11885.jpg,1834,1850,16
11890.jpg,1834,1800,-34
11895.jpg,1834,1900,66
11900.jpg,1835,1850,15
11905.jpg,1835,1900,65
11910.jpg,1835,1970,135
11915.jpg,1835,1850,15
11920.jpg,1835,1850,15
11925.jpg,1835,1900,65
11930.jpg,1835,1890,55
11935.jpg,1835,1900,65
11940.jpg,1835,1950,115
11945.jpg,1835,1880,45
11950.jpg,1835,1800,-35
11955.jpg,1835,1900,65
11960.jpg,1835,1850,15
11965.jpg,1835,1950,115
11970.jpg,1835,1850,15
11980.jpg,1835,1900,65
11985.jpg,1835,1950,115
11990.jpg,1835,1900,65
11995.jpg,1835,1950,115
12000.jpg,1835,1900,65
12005.jpg,1835,1900,65
12010.jpg,1835,1850,15
12015.jpg,1835,1950,115
12020.jpg,1835,1900,65
12025.jpg,1835,1950,115
12030.jpg,1835,1850,15
12035.jpg,1835,1850,15
12040.jpg,1835,1850,15
12045.jpg,1835,1850,15
12050.jpg,1835,1950,115
12055.jpg,1835,1890,55
12060.jpg,1835,1900,65
12065.jpg,1835,1950,115
12070.jpg,1835,1850,15
12075.jpg,1835,1950,115
12080.jpg,1835,1850,15
12085.jpg,1835,1900,65
12090.jpg,1835,1850,15
12095.jpg,1835,1850,15
12100.jpg,1835,1850,15
12105.jpg,1835,1850,15
12110.jpg,1835,1200,-635
12115.jpg,1835,1890,55
12120.jpg,1835,1900,65
12125.jpg,1835,1900,65
12130.jpg,1836,1900,64
12135.jpg,1836,1950,114
12140.jpg,1836,1800,-36
12145.jpg,1836,1900,64
12150.jpg,1836,1900,64
12155.jpg,1836,1900,64
12160.jpg,1836,1900,64
12170.jpg,1836,1900,64
12175.jpg,1836,1850,14
12180.jpg,1836,1900,64
12185.jpg,1836,1850,14
12190.jpg,1836,1850,14
12195.jpg,1836,1950,114
12200.jpg,1836,1900,64
12205.jpg,1836,1890,54
12210.jpg,1836,1900,64
12215.jpg,1836,1850,14
12220.jpg,1836,1850,14
12225.jpg,1836,1890,54
12230.jpg,1836,1890,54
12235.jpg,1836,1900,64
12240.jpg,1836,1600,-236
12245.jpg,1836,1850,14
12250.jpg,1836,1850,14
12255.jpg,1836,1850,14
12260.jpg,1836,1850,14
12265.jpg,1836,1850,14
12270.jpg,1836,1850,14
12275.jpg,1836,1900,64
12280.jpg,1837,1850,13
12285.jpg,1837,1888,51
12290.jpg,1837,1890,53
12295.jpg,1837,1900,63
12300.jpg,1837,1900,63
12305.jpg,1837,1850,13
12310.jpg,1837,1890,53
12315.jpg,1837,1900,63
12320.jpg,1837,1950,113
12325.jpg,1837,1900,63
12330.jpg,1837,1900,63
12335.jpg,1837,1900,63
12340.jpg,1837,1850,13
12345.jpg,1837,1850,13
12350.jpg,1837,1950,113
12355.jpg,1837,1850,13
12360.jpg,1837,1900,63
12365.jpg,1837,1900,63
12370.jpg,1837,1850,13
12375.jpg,1837,1900,63
12380.jpg,1837,1900,63
12385.jpg,1837,1850,13
12390.jpg,1837,1850,13
12395.jpg,1837,1850,13
12400.jpg,1837,1900,63
12405.jpg,1837,1850,13
12410.jpg,1837,1850,13
12415.jpg,1837,1890,53
12420.jpg,1837,1850,13
12425.jpg,1837,1950,113
12430.jpg,1837,1850,13
12435.jpg,1837,1950,113
12440.jpg,1837,1900,63
12445.jpg,1837,1950,113
12450.jpg,1838,1890,52
12455.jpg,1838,1890,52
12460.jpg,1838,1400,-438
12465.jpg,1838,1850,12
12470.jpg,1838,1950,112
12475.jpg,1838,1920,82
12480.jpg,1838,1800,-38
12485.jpg,1838,1900,62
12490.jpg,1838,1900,62
12495.jpg,1838,1800,-38
12500.jpg,1838,1800,-38
12505.jpg,1838,1890,52
12510.jpg,1838,1950,112
12515.jpg,1838,1900,62
12520.jpg,1838,1950,112
12525.jpg,1838,1900,62
12530.jpg,1838,1900,62
12535.jpg,1838,1890,52
12540.jpg,1838,1850,12
12545.jpg,1838,1850,12
12550.jpg,1838,1900,62
12555.jpg,1838,1990,152
12560.jpg,1838,1850,12
12565.jpg,1838,1850,12
12570.jpg,1838,1890,52
12575.jpg,1838,1850,12
12580.jpg,1838,1950,112
12585.jpg,1838,1900,62
12590.jpg,1838,1850,12
12600.jpg,1838,1950,112
12605.jpg,1838,1900,62
12610.jpg,1838,1850,12
12615.jpg,1838,1800,-38
12620.jpg,1838,1850,12
12625.jpg,1839,1900,61
12630.jpg,1839,1900,61
12635.jpg,1839,1850,11
12640.jpg,1839,1930,91
12645.jpg,1839,1850,11
12650.jpg,1839,1900,61
12655.jpg,1839,1800,-39
12660.jpg,1839,1800,-39
12665.jpg,1839,1850,11
12670.jpg,1839,1850,11
12675.jpg,1839,1900,61
12680.jpg,1839,1850,11
12685.jpg,1839,1850,11
12690.jpg,1839,1980,141
12695.jpg,1839,1850,11
12700.jpg,1839,1900,61
12705.jpg,1839,1850,11
12710.jpg,1839,1900,61
12715.jpg,1839,1850,11
12720.jpg,1839,1850,11
12725.jpg,1839,1950,111
12730.jpg,1839,1850,11
12735.jpg,1839,1850,11
12740.jpg,1839,1850,11
12745.jpg,1839,1850,11
12750.jpg,1839,1900,61
12755.jpg,1839,1900,61
12760.jpg,1839,1850,11
12765.jpg,1839,1700,-139
12770.jpg,1839,1850,11
12775.jpg,1839,1800,-39
12780.jpg,1840,1800,-40
12785.jpg,1840,1950,110
12790.jpg,1840,1900,60
12795.jpg,1840,1900,60
12800.jpg,1840,1850,10
12805.jpg,1840,1900,60
12810.jpg,1840,1900,60
12815.jpg,1840,1850,10
12820.jpg,1840,1850,10
12825.jpg,1840,1850,10
12830.jpg,1840,1900,60
12835.jpg,1840,1850,10
12840.jpg,1840,1900,60
12845.jpg,1840,1850,10
12850.jpg,1840,1900,60
12860.jpg,1840,1850,10
12865.jpg,1840,1950,110
12870.jpg,1840,1950,110
12875.jpg,1840,1850,10
12880.jpg,1840,1850,10
12885.jpg,1840,1850,10
12890.jpg,1840,1850,10
12895.jpg,1840,1900,60
12900.jpg,1840,1850,10
12905.jpg,1840,1900,60
12910.jpg,1840,1950,110
12915.jpg,1840,1850,10
12920.jpg,1840,1850,10
12925.jpg,1840,1950,110
12930.jpg,1840,1900,60
12935.jpg,1840,1850,10
12940.jpg,1840,1900,60
12945.jpg,1840,1900,60
12950.jpg,1840,1850,10
12955.jpg,1840,1850,10
12960.jpg,1840,1850,10
12965.jpg,1840,1950,110
12970.jpg,1840,1850,10
12975.jpg,1840,1850,10
12980.jpg,1840,1950,110
12985.jpg,1840,1850,10
12990.jpg,1840,1850,10
12995.jpg,1840,1900,60
13005.jpg,1840,1850,10
13010.jpg,1840,1950,110
13015.jpg,1840,1900,60
13020.jpg,1840,1900,60
13025.jpg,1840,1900,60
13030.jpg,1841,1890,49
13035.jpg,1841,1900,59
13040.jpg,1841,1900,59
13045.jpg,1841,1850,9
13050.jpg,1841,1920,79
13055.jpg,1841,1900,59
13060.jpg,1841,1850,9
13065.jpg,1841,1800,-41
13070.jpg,1841,1850,9
13075.jpg,1841,1850,9
13080.jpg,1841,1850,9
13085.jpg,1841,1980,139
13090.jpg,1841,1900,59
13095.jpg,1841,1900,59
13100.jpg,1841,1850,9
13105.jpg,1841,1890,49
13110.jpg,1841,1850,9
13115.jpg,1841,1900,59
13120.jpg,1841,1990,149
13125.jpg,1841,1850,9
13130.jpg,1841,1900,59
13135.jpg,1841,1800,-41
13140.jpg,1841,1900,59
13145.jpg,1842,1800,-42
13150.jpg,1842,1900,58
13155.jpg,1842,1900,58
13160.jpg,1842,1900,58
13165.jpg,1842,1850,8
13170.jpg,1842,1900,58
13175.jpg,1842,1900,58
13180.jpg,1842,1900,58
13185.jpg,1842,1900,58
13190.jpg,1842,1850,8
13195.jpg,1842,1900,58
13200.jpg,1842,1890,48
13205.jpg,1842,1900,58
13210.jpg,1842,1900,58
13215.jpg,1842,1900,58
13220.jpg,1842,1850,8
13225.jpg,1842,1850,8
13230.jpg,1842,1900,58
13235.jpg,1842,1850,8
13240.jpg,1842,1900,58
13245.jpg,1842,1900,58
13250.jpg,1842,1850,8
13255.jpg,1842,1850,8
13260.jpg,1842,1850,8
13265.jpg,1842,1950,108
13270.jpg,1842,1850,8
13275.jpg,1842,1850,8
13280.jpg,1842,1500,-342
13285.jpg,1842,1850,8
13290.jpg,1842,1950,108
13295.jpg,1842,1900,58
13300.jpg,1843,1900,57
13305.jpg,1843,1850,7
13310.jpg,1843,1900,57
13315.jpg,1843,1900,57
13320.jpg,1843,1850,7
13325.jpg,1843,1900,57
13330.jpg,1843,1850,7
13335.jpg,1843,1900,57
13340.jpg,1843,1900,57
13345.jpg,1843,1900,57
13350.jpg,1843,1900,57
13355.jpg,1843,1850,7
13360.jpg,1843,1900,57
13365.jpg,1843,1900,57
13370.jpg,1843,1850,7
13380.jpg,1843,1850,7
13385.jpg,1843,1900,57
13390.jpg,1843,1900,57
13395.jpg,1843,1850,7
13400.jpg,1843,1920,77
13405.jpg,1843,1900,57
13410.jpg,1843,1880,37
13415.jpg,1843,1900,57
13420.jpg,1843,1900,57
13425.jpg,1843,1900,57
13430.jpg,1844,1880,36
13435.jpg,1844,1900,56
13440.jpg,1844,1900,56
13445.jpg,1844,1970,126
13450.jpg,1844,1800,-44
13455.jpg,1844,1850,6
13460.jpg,1844,1900,56
13465.jpg,1844,1850,6
13470.jpg,1844,1850,6
13475.jpg,1844,1890,46
13480.jpg,1844,1890,46
13485.jpg,1844,1900,56
13490.jpg,1844,1850,6
13495.jpg,1844,1850,6
13500.jpg,1844,1850,6
13505.jpg,1844,1890,46
13510.jpg,1844,1850,6
13515.jpg,1844,1890,46
13520.jpg,1844,1850,6
13525.jpg,1844,1900,56
13530.jpg,1844,1850,6
13535.jpg,1844,1950,106
13540.jpg,1844,1900,56
13545.jpg,1844,1900,56
13550.jpg,1844,1850,6
13555.jpg,1844,1900,56
13560.jpg,1844,1950,106
13565.jpg,1845,1600,-245
13570.jpg,1845,1890,45
13575.jpg,1845,1900,55
13580.jpg,1845,1850,5
13585.jpg,1845,1850,5
13590.jpg,1845,1900,55
13595.jpg,1845,1900,55
13600.jpg,1845,1900,55
13605.jpg,1845,1850,5
13610.jpg,1845,1900,55
13615.jpg,1845,1900,55
13620.jpg,1845,1900,55
13625.jpg,1845,1850,5
13630.jpg,1845,1850,5
13635.jpg,1845,1850,5
13640.jpg,1845,1900,55
13645.jpg,1845,1850,5
13650.jpg,1845,1850,5
13655.jpg,1845,1850,5
13660.jpg,1845,1900,55
13665.jpg,1845,1850,5
13670.jpg,1845,1990,145
13675.jpg,1845,1850,5
13680.jpg,1845,1950,105
13685.jpg,1845,1950,105
13690.jpg,1845,1850,5
13695.jpg,1845,1850,5
13700.jpg,1845,1890,45
13705.jpg,1845,1850,5
13710.jpg,1845,1900,55
13720.jpg,1845,1900,55
13725.jpg,1845,1900,55
13730.jpg,1845,1950,105
13735.jpg,1845,1900,55
13740.jpg,1845,1990,145
13745.jpg,1845,1900,55
13750.jpg,1845,1850,5
13755.jpg,1845,1850,5
13760.jpg,1845,1900,55
13765.jpg,1845,1850,5
13770.jpg,1845,1850,5
13775.jpg,1845,1890,45
13780.jpg,1845,1500,-345
13785.jpg,1845,1990,145
13790.jpg,1845,1850,5
13795.jpg,1845,1900,55
13800.jpg,1845,1900,55
13805.jpg,1846,1850,4
13810.jpg,1846,1900,54
13815.jpg,1846,1900,54
13820.jpg,1846,1890,44
13825.jpg,1846,1900,54
13830.jpg,1846,1850,4
13835.jpg,1846,1900,54
13840.jpg,1846,1950,104
13845.jpg,1846,1850,4
13850.jpg,1846,1900,54
13855.jpg,1846,1950,104
13860.jpg,1846,1850,4
13865.jpg,1846,1850,4
13870.jpg,1846,1950,104
13875.jpg,1846,1850,4
13880.jpg,1846,1900,54
13885.jpg,1846,1850,4
13890.jpg,1846,1850,4
13895.jpg,1846,1900,54
13900.jpg,1846,1850,4
13905.jpg,1846,1850,4
13910.jpg,1846,1850,4
13915.jpg,1846,1950,104
13920.jpg,1846,1950,104
13925.jpg,1846,1950,104
13930.jpg,1846,1950,104
13935.jpg,1846,1900,54
13940.jpg,1847,1900,53
13945.jpg,1847,1850,3
13950.jpg,1847,1900,53
13955.jpg,1847,1900,53
13960.jpg,1847,1900,53
13965.jpg,1847,1850,3
13970.jpg,1847,1900,53
13975.jpg,1847,1900,53
13980.jpg,1847,1900,53
13985.jpg,1847,1800,-47
13990.jpg,1847,1850,3
13995.jpg,1847,1850,3
14000.jpg,1847,1850,3
14005.jpg,1847,1850,3
14010.jpg,1847,1850,3
14015.jpg,1847,1900,53
14020.jpg,1847,1850,3
14030.jpg,1847,1900,53
14035.jpg,1847,1900,53
14040.jpg,1847,1900,53
14045.jpg,1847,1850,3
14050.jpg,1847,1850,3
14055.jpg,1847,1890,43
14060.jpg,1847,1950,103
14065.jpg,1847,1850,3
14070.jpg,1847,1850,3
14075.jpg,1847,1890,43
14080.jpg,1847,1900,53
14085.jpg,1847,1900,53
14090.jpg,1847,1850,3
14095.jpg,1847,1900,53
14100.jpg,1847,1950,103
14105.jpg,1847,1960,113
14110.jpg,1848,1900,52
14115.jpg,1848,1900,52
14120.jpg,1848,1900,52
14125.jpg,1848,1990,142
14130.jpg,1848,1850,2
14135.jpg,1848,1850,2
14140.jpg,1848,1900,52
14145.jpg,1848,1900,52
14150.jpg,1848,1800,-48
14155.jpg,1848,1900,52
14160.jpg,1848,1850,2
14165.jpg,1848,1850,2
14170.jpg,1848,1850,2
14175.jpg,1848,1890,42
14180.jpg,1848,1890,42
14185.jpg,1848,1900,52
14190.jpg,1848,1900,52
14195.jpg,1848,1900,52
14200.jpg,1848,1900,52
14205.jpg,1848,1900,52
14210.jpg,1848,1850,2
14215.jpg,1848,1890,42
14220.jpg,1848,1850,2
14225.jpg,1848,1890,42
14230.jpg,1848,1850,2
14235.jpg,1848,1890,42
14240.jpg,1848,1900,52
14245.jpg,1848,1900,52
14250.jpg,1848,1850,2
14255.jpg,1848,1850,2
14260.jpg,1848,1900,52
14265.jpg,1848,1900,52
14270.jpg,1848,1900,52
14275.jpg,1848,1900,52
14280.jpg,1848,1850,2
14285.jpg,1848,1890,42
14290.jpg,1848,1850,2
14295.jpg,1848,1850,2
14300.jpg,1848,1900,52
14305.jpg,1848,1850,2
14310.jpg,1848,1900,52
14315.jpg,1848,1900,52
14320.jpg,1848,1950,102
14325.jpg,1848,1850,2
14330.jpg,1848,1900,52
14335.jpg,1848,1850,2
14340.jpg,1849,1600,-249
14345.jpg,1849,1850,1
14350.jpg,1849,1850,1
14355.jpg,1849,1850,1
14360.jpg,1849,2000,151
14365.jpg,1849,1930,81
14370.jpg,1849,1850,1
14375.jpg,1849,1930,81
14380.jpg,1849,1900,51
14385.jpg,1849,1900,51
14390.jpg,1849,1900,51
14395.jpg,1849,1950,101
14400.jpg,1849,1850,1
14405.jpg,1849,1950,101
14410.jpg,1849,1950,101
14415.jpg,1849,1890,41
14420.jpg,1849,1910,61
14425.jpg,1849,1950,101
14430.jpg,1849,1850,1
14435.jpg,1849,1850,1
14440.jpg,1849,1850,1
14445.jpg,1849,1850,1
14450.jpg,1849,1850,1
14455.jpg,1849,1850,1
14460.jpg,1849,1850,1
14465.jpg,1849,1850,1
14470.jpg,1849,1850,1
14475.jpg,1849,1850,1
14480.jpg,1849,1890,41
14485.jpg,1849,1900,51
14490.jpg,1849,1800,-49
14495.jpg,1849,1850,1
14500.jpg,1849,1909,60
14505.jpg,1850,1600,-250
14510.jpg,1850,1850,0
14515.jpg,1850,1850,0
14520.jpg,1850,1900,50
14525.jpg,1850,1850,0
14530.jpg,1850,1950,100
14535.jpg,1850,1850,0
14540.jpg,1850,1900,50
14545.jpg,1850,1900,50
14550.jpg,1850,1850,0
14555.jpg,1850,1850,0
14560.jpg,1850,1900,50
14565.jpg,1850,1850,0
14570.jpg,1850,1850,0
14575.jpg,1850,1850,0
14580.jpg,1850,1930,80
14585.jpg,1850,1800,-50
14590.jpg,1850,1900,50
14600.jpg,1850,1800,-50
14605.jpg,1850,1890,40
14610.jpg,1850,1850,0
14615.jpg,1850,1950,100
14620.jpg,1850,1850,0
14625.jpg,1850,1850,0
14630.jpg,1850,1890,40
14635.jpg,1850,1850,0
14640.jpg,1850,1890,40
14645.jpg,1850,1900,50
14650.jpg,1850,1900,50
14655.jpg,1850,1850,0
14660.jpg,1850,1850,0
14665.jpg,1850,1900,50
14670.jpg,1850,1950,100
14675.jpg,1850,1850,0
14680.jpg,1850,1900,50
14685.jpg,1850,1920,70
14690.jpg,1850,1900,50
14695.jpg,1850,1890,40
14700.jpg,1850,1950,100
14705.jpg,1850,1850,0
14710.jpg,1850,1990,140
14715.jpg,1850,1850,0
14720.jpg,1850,1850,0
14725.jpg,1850,1850,0
14730.jpg,1850,1900,50
14735.jpg,1850,1850,0
14740.jpg,1850,1850,0
14745.jpg,1850,1900,50
14750.jpg,1850,1900,50
14755.jpg,1850,1900,50
14760.jpg,1850,1900,50
14765.jpg,1850,1900,50
14770.jpg,1850,1850,0
14775.jpg,1850,1930,80
14780.jpg,1850,1850,0
14785.jpg,1851,1900,49
14790.jpg,1851,1850,-1
14795.jpg,1851,1900,49
14800.jpg,1851,1900,49
14805.jpg,1851,1930,79
14810.jpg,1851,1900,49
14815.jpg,1851,1900,49
14820.jpg,1851,1890,39
14825.jpg,1851,1900,49
14830.jpg,1851,1900,49
14835.jpg,1851,1700,-151
14840.jpg,1851,1850,-1
14845.jpg,1851,1890,39
14850.jpg,1851,1950,99
14855.jpg,1851,1950,99
14860.jpg,1851,1900,49
14865.jpg,1851,1850,-1
14870.jpg,1851,1950,99
14880.jpg,1851,1600,-251
14885.jpg,1851,1850,-1
14890.jpg,1851,1850,-1
14895.jpg,1851,1800,-51
14900.jpg,1851,1850,-1
14905.jpg,1851,1900,49
14910.jpg,1851,1850,-1
14915.jpg,1851,1900,49
14920.jpg,1851,1850,-1
14925.jpg,1851,1900,49
14930.jpg,1851,1910,59
14935.jpg,1851,1850,-1
14940.jpg,1851,1830,-21
14945.jpg,1852,1900,48
14950.jpg,1852,1900,48
14955.jpg,1852,1900,48
14960.jpg,1852,1900,48
14965.jpg,1852,1850,-2
14970.jpg,1852,1890,38
14975.jpg,1852,1890,38
14980.jpg,1852,1800,-52
14985.jpg,1852,1900,48
14990.jpg,1852,1900,48
14995.jpg,1852,1900,48
15000.jpg,1852,1950,98
15005.jpg,1852,1900,48
15010.jpg,1852,1850,-2
15015.jpg,1852,1900,48
15020.jpg,1852,1850,-2
15025.jpg,1852,1890,38
15030.jpg,1852,1890,38
15035.jpg,1852,1850,-2
15040.jpg,1852,1890,38
15045.jpg,1852,1850,-2
15050.jpg,1852,1850,-2
15055.jpg,1852,1900,48
15060.jpg,1852,1900,48
15065.jpg,1852,1850,-2
15070.jpg,1852,1850,-2
15075.jpg,1852,1800,-52
15080.jpg,1852,1890,38
15085.jpg,1852,1950,98
15090.jpg,1852,1900,48
15095.jpg,1852,1850,-2
15100.jpg,1852,1850,-2
15105.jpg,1852,1850,-2
15110.jpg,1852,1900,48
15115.jpg,1852,1850,-2
15120.jpg,1852,1900,48
15125.jpg,1852,1850,-2
15130.jpg,1852,1900,48
15135.jpg,1853,1600,-253
15140.jpg,1853,1850,-3
15145.jpg,1853,1900,47
15150.jpg,1853,1900,47
15155.jpg,1853,1850,-3
15160.jpg,1853,1850,-3
15165.jpg,1853,1900,47
15170.jpg,1853,1900,47
15175.jpg,1853,1890,37
15180.jpg,1853,1900,47
15185.jpg,1853,1930,77
15190.jpg,1853,1800,-53
15195.jpg,1853,1900,47
15200.jpg,1853,1880,27
15205.jpg,1853,1900,47
15210.jpg,1853,1950,97
15215.jpg,1853,1900,47
15220.jpg,1853,1950,97
15225.jpg,1853,1850,-3
15230.jpg,1853,1850,-3
15235.jpg,1853,1850,-3
15240.jpg,1853,1900,47
15245.jpg,1853,1850,-3
15250.jpg,1853,1950,97
15255.jpg,1853,1850,-3
15260.jpg,1853,1950,97
15265.jpg,1853,1850,-3
15270.jpg,1853,1850,-3
15275.jpg,1853,1900,47
15280.jpg,1853,1950,97
15285.jpg,1853,1900,47
15290.jpg,1853,1850,-3
15295.jpg,1853,1950,97
15300.jpg,1853,1900,47
15305.jpg,1853,1850,-3
15310.jpg,1853,1950,97
15315.jpg,1853,1850,-3
15320.jpg,1853,1900,47
15325.jpg,1853,1850,-3
15330.jpg,1853,1800,-53
15335.jpg,1853,1900,47
15340.jpg,1853,1800,-53
15345.jpg,1853,1850,-3
15350.jpg,1853,1990,137
15355.jpg,1854,1900,46
15360.jpg,1854,1900,46
15365.jpg,1854,1850,-4
15370.jpg,1854,1850,-4
15375.jpg,1854,1890,36
15380.jpg,1854,1850,-4
15385.jpg,1854,1900,46
15390.jpg,1854,1900,46
15395.jpg,1854,1880,26
15400.jpg,1854,1800,-54
15405.jpg,1854,1850,-4
15410.jpg,1854,1890,36
15415.jpg,1854,1850,-4
15420.jpg,1854,1950,96
15425.jpg,1854,1850,-4
15430.jpg,1854,1900,46
15435.jpg,1854,1950,96
15440.jpg,1854,1850,-4
15445.jpg,1854,1900,46
15450.jpg,1855,1600,-255
15455.jpg,1855,1900,45
15460.jpg,1855,1920,65
15465.jpg,1855,1900,45
15470.jpg,1855,1900,45
15475.jpg,1855,1900,45
15480.jpg,1855,1900,45
15485.jpg,1855,1850,-5
15490.jpg,1855,1880,25
15495.jpg,1855,1900,45
15500.jpg,1855,1850,-5
15505.jpg,1855,1800,-55
15510.jpg,1855,1900,45
15515.jpg,1855,1900,45
15520.jpg,1855,1890,35
15525.jpg,1855,1900,45
15530.jpg,1855,1900,45
15535.jpg,1855,1850,-5
15540.jpg,1855,1890,35
15545.jpg,1855,1850,-5
15550.jpg,1855,1900,45
15555.jpg,1855,1850,-5
15560.jpg,1855,1850,-5
15565.jpg,1855,1900,45
15570.jpg,1855,1900,45
15575.jpg,1855,1900,45
15580.jpg,1855,1900,45
15585.jpg,1855,1920,65
15590.jpg,1855,1900,45
15595.jpg,1855,1850,-5
15600.jpg,1855,1850,-5
15605.jpg,1855,1950,95
15610.jpg,1855,1850,-5
15615.jpg,1855,1850,-5
15620.jpg,1855,1950,95
15625.jpg,1855,1900,45
15630.jpg,1855,1850,-5
15635.jpg,1855,1850,-5
15640.jpg,1855,1900,45
15645.jpg,1855,1900,45
15650.jpg,1855,1950,95
15655.jpg,1855,1850,-5
15660.jpg,1855,1900,45
15665.jpg,1855,1850,-5
15670.jpg,1855,1850,-5
15675.jpg,1855,1900,45
15680.jpg,1855,1980,125
15685.jpg,1855,1900,45
15690.jpg,1855,1900,45
15695.jpg,1855,1900,45
15705.jpg,1856,1600,-256
15710.jpg,1856,1900,44
15715.jpg,1856,1900,44
15720.jpg,1856,1900,44
15725.jpg,1856,1900,44
15730.jpg,1856,1900,44
15735.jpg,1856,1800,-56
15740.jpg,1856,1900,44
15745.jpg,1856,1900,44
15750.jpg,1856,1900,44
15755.jpg,1856,1850,-6
15760.jpg,1856,1850,-6
15765.jpg,1856,1900,44
15770.jpg,1856,1850,-6
15775.jpg,1856,1880,24
15780.jpg,1856,1950,94
15785.jpg,1856,1800,-56
15795.jpg,1856,1850,-6
15800.jpg,1856,1900,44
15805.jpg,1856,1950,94
15810.jpg,1856,1900,44
15815.jpg,1856,1900,44
15820.jpg,1856,1850,-6
15825.jpg,1856,1900,44
15830.jpg,1856,1900,44
15835.jpg,1856,1900,44
15840.jpg,1856,1900,44
15845.jpg,1856,1850,-6
15850.jpg,1856,1850,-6
15855.jpg,1856,1850,-6
15860.jpg,1856,1850,-6
15865.jpg,1856,1850,-6
15870.jpg,1856,1950,94
15875.jpg,1856,1950,94
15880.jpg,1856,1900,44
15885.jpg,1856,1850,-6
15890.jpg,1856,1850,-6
15895.jpg,1856,1900,44
15900.jpg,1856,1850,-6
15905.jpg,1856,1850,-6
15910.jpg,1856,1850,-6
15915.jpg,1856,1850,-6
15920.jpg,1856,1890,34
15930.jpg,1856,1950,94
15935.jpg,1856,1900,44
15940.jpg,1856,1850,-6
15945.jpg,1856,1850,-6
15950.jpg,1856,1850,-6
15955.jpg,1856,1900,44
15960.jpg,1856,1850,-6
15965.jpg,1856,1850,-6
15970.jpg,1856,1900,44
15975.jpg,1856,1850,-6
15980.jpg,1857,1600,-257
15985.jpg,1857,1850,-7
15990.jpg,1857,1990,133
15995.jpg,1857,1850,-7
16000.jpg,1857,1850,-7
16005.jpg,1857,1800,-57
16010.jpg,1857,1600,-257
16015.jpg,1857,1800,-57
16020.jpg,1857,1800,-57
16025.jpg,1857,1900,43
16030.jpg,1857,1900,43
16035.jpg,1857,1900,43
16040.jpg,1857,1950,93
16045.jpg,1857,1900,43
16050.jpg,1857,1900,43
16055.jpg,1857,1880,23
16060.jpg,1857,1850,-7
16065.jpg,1857,1850,-7
16070.jpg,1857,1850,-7
16075.jpg,1857,1950,93
16080.jpg,1857,1900,43
16085.jpg,1857,1850,-7
16090.jpg,1857,1900,43
16095.jpg,1857,1900,43
16100.jpg,1857,1850,-7
16105.jpg,1857,1850,-7
16110.jpg,1857,1950,93
16115.jpg,1857,1900,43
16120.jpg,1857,1850,-7
16125.jpg,1857,1900,43
16130.jpg,1857,1900,43
16135.jpg,1857,1900,43
16140.jpg,1857,1800,-57
16145.jpg,1857,1950,93
16150.jpg,1857,1850,-7
16155.jpg,1857,1850,-7
16160.jpg,1857,1850,-7
16165.jpg,1857,1850,-7
16170.jpg,1857,1890,33
16175.jpg,1857,1900,43
16180.jpg,1857,1900,43
16185.jpg,1857,1900,43
16190.jpg,1857,1850,-7
16195.jpg,1857,1900,43
16200.jpg,1857,1900,43
16205.jpg,1857,1900,43
16210.jpg,1857,1900,43
16215.jpg,1857,1900,43
16220.jpg,1857,1850,-7
16225.jpg,1857,1850,-7
16230.jpg,1857,1900,43
16235.jpg,1858,1890,32
16240.jpg,1858,1950,92
16245.jpg,1858,1850,-8
16250.jpg,1858,1900,42
16255.jpg,1858,1900,42
16260.jpg,1858,1850,-8
16265.jpg,1858,1850,-8
16270.jpg,1858,1890,32
16275.jpg,1858,1890,32
16280.jpg,1858,1900,42
16285.jpg,1858,1900,42
16290.jpg,1858,1900,42
16295.jpg,1858,1900,42
16300.jpg,1858,1900,42
16305.jpg,1858,1900,42
16310.jpg,1858,1900,42
16315.jpg,1858,1850,-8
16320.jpg,1858,1850,-8
16325.jpg,1858,1890,32
16330.jpg,1858,1950,92
16335.jpg,1858,1890,32
16340.jpg,1858,1850,-8
16345.jpg,1858,1920,62
16350.jpg,1858,1850,-8
16355.jpg,1858,1890,32
16360.jpg,1858,1900,42
16365.jpg,1858,1850,-8
16370.jpg,1858,1900,42
16375.jpg,1858,1890,32
16380.jpg,1858,1890,32
16385.jpg,1858,1950,92
16390.jpg,1858,1850,-8
16395.jpg,1858,1900,42
16400.jpg,1858,1850,-8
16405.jpg,1858,1950,92
16410.jpg,1858,1890,32
16415.jpg,1858,1900,42
16420.jpg,1858,1900,42
16425.jpg,1858,1850,-8
16430.jpg,1858,1900,42
16435.jpg,1858,1900,42
16440.jpg,1858,1850,-8
16445.jpg,1858,1850,-8
16450.jpg,1858,1850,-8
16455.jpg,1858,1900,42
16460.jpg,1858,1900,42
16465.jpg,1858,1890,32
16470.jpg,1858,1850,-8
16475.jpg,1858,1850,-8
16480.jpg,1858,1900,42
16485.jpg,1858,1900,42
16490.jpg,1859,1600,-259
16495.jpg,1859,1900,41
16505.jpg,1859,1850,-9
16510.jpg,1859,1850,-9
16515.jpg,1859,1900,41
16520.jpg,1859,1850,-9
16525.jpg,1859,1900,41
16530.jpg,1859,1900,41
16535.jpg,1859,1900,41
16540.jpg,1859,1900,41
16545.jpg,1859,1900,41
16550.jpg,1859,1850,-9
16555.jpg,1859,1900,41
16560.jpg,1859,1800,-59
16565.jpg,1859,1900,41
16570.jpg,1859,1880,21
16575.jpg,1859,1890,31
16580.jpg,1859,1890,31
16585.jpg,1859,1850,-9
16590.jpg,1859,1850,-9
16595.jpg,1859,1890,31
16600.jpg,1859,1850,-9
16605.jpg,1859,1900,41
16610.jpg,1859,1900,41
16615.jpg,1859,1900,41
16620.jpg,1859,1900,41
16625.jpg,1859,1950,91
16630.jpg,1859,1920,61
16635.jpg,1859,1850,-9
16640.jpg,1859,1850,-9
16645.jpg,1859,1850,-9
16650.jpg,1859,1850,-9
16655.jpg,1859,1890,31
16660.jpg,1859,1850,-9
16665.jpg,1859,1850,-9
16670.jpg,1859,1890,31
16675.jpg,1859,1850,-9
16680.jpg,1859,1850,-9
16685.jpg,1859,1900,41
16690.jpg,1859,1800,-59
16695.jpg,1859,1850,-9
16700.jpg,1859,1900,41
16705.jpg,1859,1950,91
16710.jpg,1859,1900,41
16715.jpg,1859,1880,21
16720.jpg,1859,1900,41
16725.jpg,1859,1900,41
16730.jpg,1859,1890,31
16735.jpg,1860,1900,40
16740.jpg,1860,1890,30
16745.jpg,1860,1850,-10
16750.jpg,1860,1850,-10
16755.jpg,1860,1900,40
16760.jpg,1860,1900,40
16765.jpg,1860,1900,40
16770.jpg,1860,1900,40
16775.jpg,1860,1900,40
16785.jpg,1860,1800,-60
16790.jpg,1860,1900,40
16795.jpg,1860,1850,-10
16800.jpg,1860,1850,-10
16805.jpg,1860,1900,40
16810.jpg,1860,1890,30
16815.jpg,1860,1900,40
16820.jpg,1860,1950,90
16825.jpg,1860,1950,90
16830.jpg,1860,1850,-10
16835.jpg,1860,1900,40
16840.jpg,1860,1890,30
16845.jpg,1860,1900,40
16850.jpg,1860,1900,40
16855.jpg,1860,1950,90
16860.jpg,1860,1900,40
16865.jpg,1860,1950,90
16870.jpg,1860,1850,-10
16875.jpg,1860,1850,-10
16880.jpg,1860,1850,-10
16885.jpg,1860,1850,-10
16890.jpg,1860,1850,-10
16895.jpg,1860,1900,40
16900.jpg,1860,1900,40
16905.jpg,1860,1900,40
16910.jpg,1860,1850,-10
16915.jpg,1860,1900,40
16920.jpg,1860,1850,-10
16925.jpg,1860,1900,40
16930.jpg,1860,1890,30
16935.jpg,1860,1850,-10
16940.jpg,1860,1850,-10
16945.jpg,1860,1900,40
16950.jpg,1860,1890,30
16955.jpg,1860,1850,-10
16960.jpg,1860,1850,-10
16965.jpg,1860,1900,40
16970.jpg,1860,1930,70
16975.jpg,1860,1800,-60
16980.jpg,1860,1900,40
16985.jpg,1860,1900,40
16990.jpg,1860,1800,-60
16995.jpg,1860,1850,-10
17000.jpg,1860,1850,-10
17005.jpg,1861,1900,39
17010.jpg,1861,1900,39
17015.jpg,1861,1890,29
17025.jpg,1861,1850,-11
17030.jpg,1861,1900,39
17035.jpg,1861,1900,39
17040.jpg,1861,1850,-11
17045.jpg,1861,1850,-11
17050.jpg,1861,1900,39
17055.jpg,1861,1850,-11
17060.jpg,1861,1900,39
17065.jpg,1861,1930,69
17070.jpg,1861,1850,-11
17075.jpg,1861,1850,-11
17080.jpg,1861,1890,29
17085.jpg,1861,1890,29
17090.jpg,1861,1850,-11
17095.jpg,1861,1850,-11
17100.jpg,1861,1900,39
17105.jpg,1861,1950,89
17110.jpg,1861,1850,-11
17115.jpg,1861,1900,39
17120.jpg,1861,1890,29
17125.jpg,1861,1850,-11
17130.jpg,1861,1850,-11
17135.jpg,1861,1400,-461
17140.jpg,1861,1850,-11
17145.jpg,1861,1850,-11
17150.jpg,1861,1850,-11
17155.jpg,1861,1900,39
17160.jpg,1861,1900,39
17165.jpg,1861,1900,39
17170.jpg,1861,1900,39
17175.jpg,1862,1890,28
17180.jpg,1862,1900,38
17185.jpg,1862,1850,-12
17190.jpg,1862,1850,-12
17195.jpg,1862,2000,138
17200.jpg,1862,1900,38
17205.jpg,1862,1900,38
17210.jpg,1862,1800,-62
17215.jpg,1862,1850,-12
17220.jpg,1862,1900,38
17225.jpg,1862,1850,-12
17230.jpg,1862,1890,28
17235.jpg,1862,1850,-12
17240.jpg,1862,1850,-12
17245.jpg,1862,1950,88
17250.jpg,1862,1900,38
17255.jpg,1862,1900,38
17260.jpg,1862,1850,-12
17265.jpg,1862,1850,-12
17270.jpg,1862,1900,38
17275.jpg,1862,1900,38
17280.jpg,1862,1890,28
17285.jpg,1862,1900,38
17290.jpg,1862,1900,38
17295.jpg,1862,1950,88
17300.jpg,1862,1900,38
17305.jpg,1862,1950,88
17310.jpg,1862,1950,88
17315.jpg,1862,1900,38
17320.jpg,1862,1900,38
17325.jpg,1863,1850,-13
17330.jpg,1863,1900,37
17340.jpg,1863,1900,37
17345.jpg,1863,1900,37
17350.jpg,1863,1900,37
17355.jpg,1863,1900,37
17365.jpg,1863,1900,37
17370.jpg,1863,1900,37
17375.jpg,1863,1850,-13
17380.jpg,1863,1900,37
17385.jpg,1863,1980,117
17390.jpg,1863,1890,27
17395.jpg,1863,1850,-13
17400.jpg,1863,1950,87
17405.jpg,1863,1900,37
17410.jpg,1863,1850,-13
17415.jpg,1863,1890,27
17420.jpg,1863,1900,37
17425.jpg,1863,1850,-13
17430.jpg,1863,1900,37
17435.jpg,1863,1950,87
17440.jpg,1863,1950,87
17445.jpg,1863,1850,-13
17450.jpg,1863,1900,37
17455.jpg,1863,1890,27
17460.jpg,1863,1890,27
17465.jpg,1863,1900,37
17470.jpg,1863,1850,-13
17475.jpg,1863,1850,-13
17480.jpg,1863,1900,37
17485.jpg,1864,1900,36
17490.jpg,1864,1900,36
17495.jpg,1864,1900,36
17500.jpg,1864,1900,36
17505.jpg,1864,1900,36
17510.jpg,1864,1850,-14
17515.jpg,1864,1900,36
17520.jpg,1864,1965,101
17525.jpg,1864,1500,-364
17530.jpg,1864,1900,36
17535.jpg,1864,1900,36
17540.jpg,1864,1800,-64
17545.jpg,1864,1850,-14
17550.jpg,1864,1900,36
17555.jpg,1864,1900,36
17560.jpg,1864,1900,36
17565.jpg,1864,1850,-14
17575.jpg,1864,1850,-14
17580.jpg,1864,1850,-14
17585.jpg,1864,1890,26
17590.jpg,1864,1980,116
17595.jpg,1864,1850,-14
17600.jpg,1864,1900,36
17605.jpg,1864,1900,36
17610.jpg,1864,1900,36
17615.jpg,1864,1900,36
17620.jpg,1864,1900,36
17625.jpg,1864,1850,-14
17630.jpg,1864,1900,36
17635.jpg,1864,1880,16
17640.jpg,1864,1900,36
17645.jpg,1864,1890,26
17650.jpg,1864,1900,36
17655.jpg,1864,1900,36
17660.jpg,1865,1879,14
17665.jpg,1865,1890,25
17670.jpg,1865,1900,35
17675.jpg,1865,1850,-15
17680.jpg,1865,1900,35
17690.jpg,1865,1900,35
17695.jpg,1865,1850,-15
17700.jpg,1865,1600,-265
17705.jpg,1865,1890,25
17710.jpg,1865,1850,-15
17715.jpg,1865,1900,35
17720.jpg,1865,1930,65
17725.jpg,1865,1900,35
17730.jpg,1865,1900,35
17735.jpg,1865,1800,-65
17745.jpg,1865,1800,-65
17750.jpg,1865,1850,-15
17755.jpg,1865,1850,-15
17760.jpg,1865,1900,35
17765.jpg,1865,1890,25
17770.jpg,1865,1850,-15
17775.jpg,1865,1900,35
17780.jpg,1865,1850,-15
17785.jpg,1865,1900,35
17790.jpg,1865,1950,85
17795.jpg,1865,1900,35
17800.jpg,1865,1950,85
17805.jpg,1865,1900,35
17810.jpg,1865,1850,-15
17815.jpg,1865,1900,35
17820.jpg,1865,1900,35
17825.jpg,1865,1850,-15
17830.jpg,1865,1900,35
17835.jpg,1865,1850,-15
17840.jpg,1865,1950,85
17845.jpg,1865,1850,-15
17850.jpg,1865,1900,35
17855.jpg,1865,1890,25
17860.jpg,1865,1900,35
17865.jpg,1865,1850,-15
17870.jpg,1865,1900,35
17875.jpg,1865,1890,25
17880.jpg,1865,1850,-15
17885.jpg,1865,1950,85
17890.jpg,1865,1900,35
17895.jpg,1865,1950,85
17900.jpg,1865,1900,35
17905.jpg,1865,1850,-15
17910.jpg,1865,1990,125
17915.jpg,1865,1900,35
17920.jpg,1865,1890,25
17930.jpg,1865,1900,35
17935.jpg,1866,1900,34
17940.jpg,1866,1850,-16
17945.jpg,1866,1950,84
17950.jpg,1866,1850,-16
17955.jpg,1866,1980,114
17960.jpg,1866,1900,34
17965.jpg,1866,1900,34
17970.jpg,1866,1900,34
17975.jpg,1866,1900,34
17980.jpg,1866,1900,34
17985.jpg,1866,1900,34
17990.jpg,1866,1850,-16
17995.jpg,1866,1880,14
18000.jpg,1866,1900,34
18005.jpg,1866,1850,-16
18010.jpg,1866,1900,34
18015.jpg,1866,1950,84
18020.jpg,1866,1900,34
18025.jpg,1866,1890,24
18030.jpg,1866,1900,34
18035.jpg,1866,1900,34
18040.jpg,1866,1900,34
18045.jpg,1866,1850,-16
18050.jpg,1866,1850,-16
18055.jpg,1866,1900,34
18060.jpg,1866,1850,-16
18065.jpg,1866,1850,-16
18070.jpg,1866,1850,-16
18075.jpg,1866,1900,34
18080.jpg,1866,1850,-16
18085.jpg,1866,1850,-16
18090.jpg,1866,1950,84
18095.jpg,1866,1850,-16
18100.jpg,1866,1920,54
18105.jpg,1866,1900,34
18110.jpg,1866,1900,34
18115.jpg,1866,1850,-16
18120.jpg,1866,1950,84
18125.jpg,1866,1900,34
18130.jpg,1866,1900,34
18135.jpg,1867,1900,33
18140.jpg,1867,1900,33
18145.jpg,1867,1900,33
18160.jpg,1867,1900,33
18165.jpg,1867,1850,-17
18170.jpg,1867,1850,-17
18175.jpg,1867,1900,33
18180.jpg,1867,1900,33
18185.jpg,1867,1800,-67
18190.jpg,1867,1930,63
18195.jpg,1867,1900,33
18200.jpg,1867,1900,33
18205.jpg,1867,1900,33
18210.jpg,1867,1900,33
18215.jpg,1867,1850,-17
18220.jpg,1867,1850,-17
18225.jpg,1867,1900,33
18230.jpg,1867,1900,33
18235.jpg,1867,1950,83
18240.jpg,1867,1850,-17
18245.jpg,1867,1890,23
18250.jpg,1867,1890,23
18255.jpg,1867,1920,53
18260.jpg,1867,1900,33
18265.jpg,1867,1890,23
18270.jpg,1867,1850,-17
18275.jpg,1867,1900,33
18280.jpg,1867,1900,33
18285.jpg,1867,1900,33
18290.jpg,1867,1890,23
18295.jpg,1867,1900,33
18300.jpg,1867,1850,-17
18305.jpg,1867,1900,33
18310.jpg,1867,1900,33
18315.jpg,1867,1850,-17
18320.jpg,1867,1850,-17
18325.jpg,1867,1850,-17
18330.jpg,1867,1890,23
18335.jpg,1867,1900,33
18340.jpg,1867,1900,33
18345.jpg,1867,1900,33
18350.jpg,1867,1200,-667
18355.jpg,1867,1850,-17
18360.jpg,1867,1900,33
18365.jpg,1868,1890,22
18370.jpg,1868,1850,-18
18380.jpg,1868,1890,22
18385.jpg,1868,1900,32
18390.jpg,1868,1850,-18
18395.jpg,1868,1900,32
18400.jpg,1868,1900,32
18405.jpg,1868,1900,32
18410.jpg,1868,1900,32
18415.jpg,1868,1900,32
18420.jpg,1868,1850,-18
18425.jpg,1868,1850,-18
18430.jpg,1868,1930,62
18450.jpg,1868,1850,-18
18455.jpg,1868,1850,-18
18460.jpg,1868,1890,22
18465.jpg,1868,1890,22
18470.jpg,1868,1890,22
18475.jpg,1868,1900,32
18480.jpg,1868,1850,-18
18485.jpg,1868,1890,22
18490.jpg,1868,1900,32
18495.jpg,1868,1900,32
18500.jpg,1868,1900,32
18505.jpg,1868,1890,22
18510.jpg,1868,1890,22
18515.jpg,1868,1850,-18
18520.jpg,1868,1900,32
18525.jpg,1868,1890,22
18530.jpg,1868,1850,-18
18535.jpg,1868,1890,22
18540.jpg,1868,1850,-18
18545.jpg,1868,1890,22
18550.jpg,1868,1890,22
18555.jpg,1868,1850,-18
18560.jpg,1868,1900,32
18565.jpg,1868,1900,32
18570.jpg,1868,1890,22
18575.jpg,1868,1890,22
18580.jpg,1868,1930,62
18585.jpg,1868,1980,112
18590.jpg,1868,1920,52
18595.jpg,1868,1900,32
18600.jpg,1868,1890,22
18605.jpg,1868,1900,32
18610.jpg,1868,1900,32
18615.jpg,1868,1850,-18
18620.jpg,1869,1850,-19
18625.jpg,1869,1868,-1
18630.jpg,1869,1900,31
18635.jpg,1869,1900,31
18640.jpg,1869,1900,31
18645.jpg,1869,1950,81
18650.jpg,1869,1850,-19
18655.jpg,1869,1800,-69
18660.jpg,1869,1850,-19
18665.jpg,1869,1900,31
18670.jpg,1869,1880,11
18675.jpg,1869,1900,31
18680.jpg,1869,1800,-69
18685.jpg,1869,1900,31
18690.jpg,1869,1850,-19
18695.jpg,1869,1890,21
18700.jpg,1869,1850,-19
18710.jpg,1869,1900,31
18715.jpg,1869,1850,-19
18720.jpg,1869,1890,21
18725.jpg,1869,1920,51
18730.jpg,1869,1850,-19
18735.jpg,1869,1890,21
18740.jpg,1869,1900,31
18745.jpg,1869,1900,31
18750.jpg,1869,1850,-19
18755.jpg,1869,1850,-19
18760.jpg,1869,1850,-19
18765.jpg,1869,1850,-19
18770.jpg,1869,1850,-19
18775.jpg,1869,1890,21
18780.jpg,1869,1900,31
18785.jpg,1869,1900,31
18790.jpg,1869,1900,31
18795.jpg,1869,1850,-19
18800.jpg,1869,1850,-19
18805.jpg,1869,1900,31
18810.jpg,1869,1900,31
18815.jpg,1869,1900,31
18820.jpg,1869,1950,81
18825.jpg,1869,1900,31
18830.jpg,1869,1900,31
18835.jpg,1869,1920,51
18840.jpg,1870,1600,-270
18845.jpg,1870,1850,-20
18850.jpg,1870,1900,30
18855.jpg,1870,1900,30
18860.jpg,1870,1900,30
18865.jpg,1870,1950,80
18870.jpg,1870,1900,30
18875.jpg,1870,1900,30
18880.jpg,1870,1900,30
18885.jpg,1870,1850,-20
18895.jpg,1870,1900,30
18900.jpg,1870,1900,30
18905.jpg,1870,1930,60
18910.jpg,1870,1950,80
18915.jpg,1870,1850,-20
18920.jpg,1870,1900,30
18925.jpg,1870,1880,10
18930.jpg,1870,1900,30
18935.jpg,1870,1850,-20
18940.jpg,1870,1890,20
18945.jpg,1870,1980,110
18950.jpg,1870,1900,30
18955.jpg,1870,1900,30
18960.jpg,1870,1850,-20
18965.jpg,1870,1900,30
18970.jpg,1870,1850,-20
18980.jpg,1870,1900,30
18985.jpg,1870,1890,20
18990.jpg,1870,1900,30
18995.jpg,1870,1900,30
19000.jpg,1870,1950,80
19005.jpg,1870,1850,-20
19010.jpg,1870,1850,-20
19015.jpg,1870,1900,30
19020.jpg,1870,1900,30
19025.jpg,1870,1850,-20
19030.jpg,1870,1900,30
19035.jpg,1870,1900,30
19040.jpg,1870,1950,80
19045.jpg,1870,1850,-20
19050.jpg,1870,1900,30
19055.jpg,1870,1900,30
19060.jpg,1870,1900,30
19065.jpg,1870,1950,80
19070.jpg,1870,1900,30
19075.jpg,1870,1900,30
19080.jpg,1870,1950,80
19085.jpg,1870,1880,10
19090.jpg,1870,1990,120
19100.jpg,1870,1900,30
19105.jpg,1870,1900,30
19110.jpg,1870,1920,50
19115.jpg,1870,1900,30
19120.jpg,1870,1900,30
19125.jpg,1870,1950,80
19130.jpg,1870,1900,30
19135.jpg,1870,1850,-20
19140.jpg,1870,1900,30
19145.jpg,1871,1600,-271
19150.jpg,1871,1900,29
19155.jpg,1871,1900,29
19160.jpg,1871,1850,-21
19165.jpg,1871,1850,-21
19170.jpg,1871,1905,34
19175.jpg,1871,1900,29
19180.jpg,1871,1900,29
19185.jpg,1871,1850,-21
19190.jpg,1871,1900,29
19195.jpg,1871,1900,29
19200.jpg,1871,1800,-71
19205.jpg,1871,1980,109
19210.jpg,1871,1900,29
19215.jpg,1871,1900,29
19220.jpg,1871,1900,29
19225.jpg,1871,1900,29
19230.jpg,1871,1850,-21
19235.jpg,1871,1880,9
19240.jpg,1871,1900,29
19245.jpg,1871,1850,-21
19250.jpg,1871,1900,29
19255.jpg,1871,1850,-21
19260.jpg,1871,1900,29
19265.jpg,1871,1850,-21
19270.jpg,1871,1900,29
19275.jpg,1871,1900,29
19280.jpg,1871,1900,29
19285.jpg,1871,1900,29
19290.jpg,1871,1850,-21
19295.jpg,1871,1850,-21
19300.jpg,1871,1850,-21
19305.jpg,1871,1950,79
19310.jpg,1871,1950,79
19315.jpg,1871,1890,19
19320.jpg,1871,1890,19
19325.jpg,1871,1900,29
19330.jpg,1871,1890,19
19335.jpg,1871,1890,19
19340.jpg,1871,1890,19
19345.jpg,1871,1850,-21
19350.jpg,1871,1850,-21
19355.jpg,1871,1890,19
19360.jpg,1871,1900,29
19365.jpg,1871,1850,-21
19370.jpg,1871,1900,29
19375.jpg,1871,1900,29
19380.jpg,1871,1890,19
19385.jpg,1871,1900,29
19390.jpg,1871,1850,-21
19395.jpg,1872,1800,-72
19400.jpg,1872,1900,28
19405.jpg,1872,1890,18
19410.jpg,1872,1850,-22
19415.jpg,1872,1900,28
19420.jpg,1872,1850,-22
19425.jpg,1872,1900,28
19430.jpg,1872,1900,28
19435.jpg,1872,1900,28
19440.jpg,1872,1890,18
19445.jpg,1872,1900,28
19450.jpg,1872,1900,28
19455.jpg,1872,1900,28
19460.jpg,1872,1900,28
19465.jpg,1872,1900,28
19470.jpg,1872,1890,18
19475.jpg,1872,1890,18
19480.jpg,1872,1900,28
19485.jpg,1872,1950,78
19490.jpg,1872,1880,8
19495.jpg,1872,1900,28
19500.jpg,1872,1900,28
19505.jpg,1872,1800,-72
19510.jpg,1872,1900,28
19515.jpg,1872,1800,-72
19520.jpg,1872,1950,78
19525.jpg,1872,1900,28
19530.jpg,1872,1890,18
19535.jpg,1872,1900,28
19540.jpg,1872,1950,78
19545.jpg,1872,1890,18
19550.jpg,1872,1850,-22
19555.jpg,1872,1850,-22
19560.jpg,1872,1890,18
19565.jpg,1872,1850,-22
19570.jpg,1872,1900,28
19575.jpg,1872,1900,28
19580.jpg,1872,1890,18
19585.jpg,1872,1850,-22
19590.jpg,1872,1890,18
19595.jpg,1872,1950,78
19600.jpg,1872,1850,-22
19605.jpg,1872,1890,18
19610.jpg,1872,1890,18
19615.jpg,1872,1900,28
19620.jpg,1872,1900,28
19625.jpg,1872,1950,78
19630.jpg,1872,1950,78
19635.jpg,1872,1880,8
19640.jpg,1872,1890,18
19645.jpg,1872,1900,28
19655.jpg,1873,1600,-273
19660.jpg,1873,1900,27
19665.jpg,1873,1900,27
19670.jpg,1873,1850,-23
19675.jpg,1873,1850,-23
19680.jpg,1873,1900,27
19685.jpg,1873,1900,27
19690.jpg,1873,1950,77
19695.jpg,1873,1900,27
19700.jpg,1873,1850,-23
19705.jpg,1873,1900,27
19710.jpg,1873,1900,27
19715.jpg,1873,1900,27
19720.jpg,1873,1900,27
19725.jpg,1873,1900,27
19730.jpg,1873,1930,57
19735.jpg,1873,1800,-73
19740.jpg,1873,1950,77
19745.jpg,1873,1950,77
19750.jpg,1873,1800,-73
19755.jpg,1873,1900,27
19760.jpg,1873,1850,-23
19765.jpg,1873,1900,27
19775.jpg,1873,1900,27
19780.jpg,1873,1850,-23
19785.jpg,1873,1850,-23
19790.jpg,1873,1900,27
19795.jpg,1873,1890,17
19800.jpg,1873,1850,-23
19805.jpg,1873,1850,-23
19810.jpg,1873,1890,17
19815.jpg,1873,1900,27
19820.jpg,1873,1900,27
19825.jpg,1873,1900,27
19830.jpg,1873,1890,17
19835.jpg,1873,1900,27
19840.jpg,1873,1850,-23
19845.jpg,1873,1950,77
19850.jpg,1873,1890,17
19855.jpg,1873,1850,-23
19860.jpg,1873,1890,17
19865.jpg,1873,1890,17
19870.jpg,1873,1890,17
19875.jpg,1873,1900,27
19880.jpg,1873,1900,27
19885.jpg,1873,1900,27
19890.jpg,1873,1900,27
19895.jpg,1873,1950,77
19900.jpg,1873,1890,17
19905.jpg,1873,1800,-73
19910.jpg,1873,1990,117
19915.jpg,1874,1890,16
19920.jpg,1874,1900,26
19925.jpg,1874,1900,26
19930.jpg,1874,1900,26
19935.jpg,1874,1900,26
19945.jpg,1874,1900,26
19950.jpg,1874,1850,-24
19955.jpg,1874,1900,26
19965.jpg,1874,1900,26
19970.jpg,1874,1849,-25
19975.jpg,1874,1900,26
19980.jpg,1874,1850,-24
19985.jpg,1874,1890,16
19990.jpg,1874,1950,76
19995.jpg,1874,1900,26
20000.jpg,1874,1960,86
20005.jpg,1874,1950,76
20010.jpg,1874,1900,26
20015.jpg,1874,1850,-24
20020.jpg,1874,1900,26
20025.jpg,1874,1900,26
20030.jpg,1874,1900,26
20035.jpg,1874,1930,56
20040.jpg,1874,1900,26
20045.jpg,1874,1900,26
20050.jpg,1874,1850,-24
20055.jpg,1874,1890,16
20060.jpg,1874,1890,16
20065.jpg,1874,1890,16
20070.jpg,1874,1900,26
20075.jpg,1874,1890,16
20080.jpg,1874,1900,26
20085.jpg,1874,1890,16
20090.jpg,1874,1850,-24
20095.jpg,1874,1900,26
20100.jpg,1874,1900,26
20110.jpg,1874,1890,16
20115.jpg,1874,1890,16
20120.jpg,1874,1900,26
20125.jpg,1874,1900,26
20130.jpg,1874,1750,-124
20135.jpg,1874,1900,26
20145.jpg,1874,1850,-24
20150.jpg,1874,1900,26
20155.jpg,1874,1890,16
20160.jpg,1874,1900,26
20165.jpg,1874,1890,16
20170.jpg,1874,1890,16
20175.jpg,1874,1850,-24
20180.jpg,1874,1900,26
20185.jpg,1874,1900,26
20190.jpg,1874,1920,46
20195.jpg,1874,1900,26
20205.jpg,1874,1850,-24
20210.jpg,1875,1900,25
20215.jpg,1875,1900,25
20220.jpg,1875,1900,25
20230.jpg,1875,1900,25
20235.jpg,1875,1800,-75
20240.jpg,1875,1950,75
20245.jpg,1875,1900,25
20250.jpg,1875,1900,25
20255.jpg,1875,1900,25
20260.jpg,1875,1900,25
20265.jpg,1875,1850,-25
20270.jpg,1875,1900,25
20275.jpg,1875,1900,25
20280.jpg,1875,1930,55
20285.jpg,1875,1900,25
20295.jpg,1875,1890,15
20300.jpg,1875,1850,-25
20305.jpg,1875,1800,-75
20310.jpg,1875,1800,-75
20315.jpg,1875,1900,25
20320.jpg,1875,1890,15
20325.jpg,1875,1900,25
20330.jpg,1875,1900,25
20335.jpg,1875,1890,15
20340.jpg,1875,1900,25
20345.jpg,1875,1890,15
20350.jpg,1875,1850,-25
20355.jpg,1875,1900,25
20360.jpg,1875,1890,15
20365.jpg,1875,1900,25
20370.jpg,1875,1890,15
20375.jpg,1875,1850,-25
20380.jpg,1875,1890,15
20385.jpg,1875,1850,-25
20390.jpg,1875,1890,15
20395.jpg,1875,1850,-25
20400.jpg,1875,1890,15
20405.jpg,1875,1850,-25
20410.jpg,1875,1900,25
20415.jpg,1875,1900,25
20420.jpg,1875,1890,15
20425.jpg,1875,1850,-25
20430.jpg,1875,1900,25
20435.jpg,1875,1200,-675
20440.jpg,1875,1900,25
20445.jpg,1875,1850,-25
20450.jpg,1875,1850,-25
20455.jpg,1875,1850,-25
20460.jpg,1875,1900,25
20465.jpg,1875,1850,-25
20470.jpg,1875,1850,-25
20480.jpg,1875,1900,25
20485.jpg,1875,1900,25
20490.jpg,1875,1900,25
20495.jpg,1875,1900,25
20500.jpg,1876,1600,-276
20505.jpg,1876,1920,44
20510.jpg,1876,1900,24
20515.jpg,1876,1850,-26
20520.jpg,1876,1900,24
20525.jpg,1876,1900,24
20530.jpg,1876,1850,-26
20540.jpg,1876,1950,74
20545.jpg,1876,1890,14
20550.jpg,1876,1850,-26
20555.jpg,1876,1850,-26
20560.jpg,1876,1900,24
20565.jpg,1876,1900,24
20570.jpg,1876,1800,-76
20575.jpg,1876,1900,24
20580.jpg,1876,1800,-76
20585.jpg,1876,1850,-26
20590.jpg,1876,1900,24
20595.jpg,1876,1900,24
20600.jpg,1876,1900,24
20605.jpg,1876,1850,-26
20610.jpg,1876,1900,24
20615.jpg,1876,1900,24
20620.jpg,1876,1950,74
20625.jpg,1876,1900,24
20630.jpg,1876,1920,44
20635.jpg,1876,1890,14
20640.jpg,1876,1950,74
20645.jpg,1876,1890,14
20650.jpg,1876,1890,14
20655.jpg,1876,1890,14
20660.jpg,1876,1890,14
20665.jpg,1876,1890,14
20670.jpg,1876,1900,24
20675.jpg,1876,1850,-26
20680.jpg,1876,1900,24
20685.jpg,1876,1890,14
20690.jpg,1876,1900,24
20695.jpg,1876,1890,14
20700.jpg,1876,1850,-26
20705.jpg,1876,1900,24
20715.jpg,1876,1900,24
20720.jpg,1876,1850,-26
20725.jpg,1876,1900,24
20730.jpg,1877,1900,23
20735.jpg,1877,1850,-27
20740.jpg,1877,1900,23
20745.jpg,1877,1850,-27
20750.jpg,1877,1930,53
20755.jpg,1877,1900,23
20760.jpg,1877,1920,43
20765.jpg,1877,1800,-77
20770.jpg,1877,1900,23
20775.jpg,1877,1930,53
20780.jpg,1877,1800,-77
20785.jpg,1877,1890,13
20790.jpg,1877,1800,-77
20795.jpg,1877,1880,3
20800.jpg,1877,1890,13
20805.jpg,1877,1900,23
20810.jpg,1877,1900,23
20815.jpg,1877,1900,23
20820.jpg,1877,1890,13
20830.jpg,1877,1890,13
20835.jpg,1877,1850,-27
20840.jpg,1877,1890,13
20845.jpg,1877,1900,23
20850.jpg,1877,1890,13
20855.jpg,1877,1850,-27
20860.jpg,1877,1950,73
20865.jpg,1877,1900,23
20870.jpg,1877,1900,23
20875.jpg,1877,1890,13
20880.jpg,1877,1850,-27
20885.jpg,1877,1890,13
20890.jpg,1877,1850,-27
20895.jpg,1877,1900,23
20900.jpg,1877,1900,23
20905.jpg,1877,1900,23
20910.jpg,1877,1890,13
20915.jpg,1877,1900,23
20925.jpg,1878,1900,22
20930.jpg,1878,1900,22
20935.jpg,1878,1900,22
20940.jpg,1878,1900,22
20945.jpg,1878,1970,92
20950.jpg,1878,1900,22
20955.jpg,1878,1900,22
20960.jpg,1878,1900,22
20965.jpg,1878,1990,112
20970.jpg,1878,1950,72
20975.jpg,1878,1900,22
20980.jpg,1878,1900,22
20985.jpg,1878,1850,-28
20990.jpg,1878,1900,22
20995.jpg,1878,1800,-78
21000.jpg,1878,1900,22
21005.jpg,1878,1890,12
21010.jpg,1878,1890,12
21015.jpg,1878,1900,22
21020.jpg,1878,1850,-28
21025.jpg,1878,1890,12
21030.jpg,1878,1900,22
21035.jpg,1878,1900,22
21040.jpg,1878,1900,22
21045.jpg,1878,1850,-28
21050.jpg,1878,1900,22
21055.jpg,1878,1850,-28
21060.jpg,1878,1950,72
21065.jpg,1878,1900,22
21070.jpg,1878,1900,22
21075.jpg,1878,1900,22
21080.jpg,1878,1900,22
21085.jpg,1878,1900,22
21090.jpg,1878,1950,72
21095.jpg,1878,1890,12
21100.jpg,1878,1900,22
21105.jpg,1878,1900,22
21110.jpg,1878,1900,22
21115.jpg,1878,1890,12
21120.jpg,1878,1900,22
21125.jpg,1878,2010,132
21130.jpg,1878,1900,22
21135.jpg,1878,1890,12
21140.jpg,1878,1890,12
21145.jpg,1878,1900,22
21150.jpg,1878,1900,22
21155.jpg,1878,1900,22
21160.jpg,1879,1970,91
21165.jpg,1879,1900,21
21170.jpg,1879,1900,21
21175.jpg,1879,1900,21
21180.jpg,1879,1900,21
21185.jpg,1879,1900,21
21190.jpg,1879,1890,11
21195.jpg,1879,1850,-29
21200.jpg,1879,1880,1
21205.jpg,1879,1900,21
21210.jpg,1879,1900,21
21215.jpg,1879,1850,-29
21220.jpg,1879,1800,-79
21225.jpg,1879,1850,-29
21230.jpg,1879,1800,-79
21235.jpg,1879,1900,21
21240.jpg,1879,1900,21
21245.jpg,1879,1850,-29
21250.jpg,1879,1850,-29
21255.jpg,1879,1890,11
21260.jpg,1879,1890,11
21265.jpg,1879,1890,11
21270.jpg,1879,1850,-29
21275.jpg,1879,1950,71
21280.jpg,1879,1850,-29
21285.jpg,1879,1900,21
21290.jpg,1879,1900,21
21295.jpg,1879,1850,-29
21300.jpg,1879,1890,11
21305.jpg,1879,1850,-29
21310.jpg,1879,1890,11
21315.jpg,1879,1890,11
21320.jpg,1879,1900,21
21325.jpg,1879,1900,21
21330.jpg,1879,1900,21
21335.jpg,1879,1890,11
21340.jpg,1879,1900,21
21350.jpg,1879,1900,21
21355.jpg,1879,1900,21
21360.jpg,1879,1900,21
21365.jpg,1879,1900,21
21370.jpg,1879,1900,21
21375.jpg,1880,1800,-80
21380.jpg,1880,1900,20
21385.jpg,1880,1900,20
21390.jpg,1880,1900,20
21395.jpg,1880,1900,20
21400.jpg,1880,1900,20
21405.jpg,1880,1900,20
21410.jpg,1880,1900,20
21415.jpg,1880,1900,20
21420.jpg,1880,1890,10
21425.jpg,1880,1900,20
21430.jpg,1880,1850,-30
21435.jpg,1880,1900,20
21440.jpg,1880,1900,20
21445.jpg,1880,1850,-30
21450.jpg,1880,1900,20
21455.jpg,1880,1890,10
21460.jpg,1880,1850,-30
21465.jpg,1880,1900,20
21470.jpg,1880,1850,-30
21475.jpg,1880,1850,-30
21480.jpg,1880,1900,20
21485.jpg,1880,1900,20
21490.jpg,1880,1800,-80
21495.jpg,1880,1800,-80
21500.jpg,1880,1850,-30
21505.jpg,1880,1900,20
21510.jpg,1880,1900,20
21515.jpg,1880,1890,10
21520.jpg,1880,1950,70
21530.jpg,1880,1950,70
21535.jpg,1880,1900,20
21540.jpg,1880,1900,20
21545.jpg,1880,1890,10
21550.jpg,1880,1900,20
21555.jpg,1880,1850,-30
21560.jpg,1880,1900,20
21565.jpg,1880,1850,-30
21570.jpg,1880,1850,-30
21575.jpg,1880,1950,70
21580.jpg,1880,1850,-30
21585.jpg,1880,1990,110
21590.jpg,1880,1950,70
21595.jpg,1880,1890,10
21600.jpg,1880,1950,70
21605.jpg,1880,1900,20
21610.jpg,1880,1900,20
21615.jpg,1880,1900,20
21620.jpg,1880,1890,10
21625.jpg,1880,1890,10
21630.jpg,1880,1900,20
21635.jpg,1880,1850,-30
21640.jpg,1880,1890,10
21645.jpg,1880,1900,20
21650.jpg,1880,1900,20
21655.jpg,1880,1900,20
21660.jpg,1880,1850,-30
21665.jpg,1880,1900,20
21670.jpg,1880,1890,10
21675.jpg,1880,1900,20
21680.jpg,1880,1900,20
21685.jpg,1880,1900,20
21690.jpg,1880,1900,20
21695.jpg,1880,1850,-30
21700.jpg,1880,1900,20
21705.jpg,1880,1850,-30
21710.jpg,1881,1900,19
21715.jpg,1881,1900,19
21720.jpg,1881,1950,69
21725.jpg,1881,1900,19
21730.jpg,1881,1900,19
21735.jpg,1881,1900,19
21740.jpg,1881,1900,19
21745.jpg,1881,1900,19
21750.jpg,1881,1900,19
21755.jpg,1881,1930,49
21760.jpg,1881,1900,19
21770.jpg,1881,1800,-81
21775.jpg,1881,1880,-1
21780.jpg,1881,1900,19
21785.jpg,1881,1900,19
21790.jpg,1881,1890,9
21795.jpg,1881,1890,9
21800.jpg,1881,1900,19
21805.jpg,1881,1800,-81
21810.jpg,1881,1900,19
21815.jpg,1881,1900,19
21820.jpg,1881,1850,-31
21825.jpg,1881,1890,9
21830.jpg,1881,1890,9
21835.jpg,1881,1890,9
21840.jpg,1881,1900,19
21845.jpg,1881,1950,69
21850.jpg,1881,1900,19
21855.jpg,1881,1900,19
21860.jpg,1881,1850,-31
21865.jpg,1881,1900,19
21870.jpg,1881,1900,19
21875.jpg,1881,1900,19
21880.jpg,1881,1890,9
21885.jpg,1881,1850,-31
21890.jpg,1881,1900,19
21895.jpg,1881,1900,19
21900.jpg,1881,1900,19
21905.jpg,1881,1900,19
21910.jpg,1881,1900,19
21915.jpg,1881,1850,-31
21920.jpg,1881,1890,9
21925.jpg,1881,1900,19
21930.jpg,1881,1850,-31
21940.jpg,1881,1900,19
21945.jpg,1882,1600,-282
21950.jpg,1882,1950,68
21955.jpg,1882,1900,18
21960.jpg,1882,1900,18
21965.jpg,1882,1920,38
21970.jpg,1882,1900,18
21975.jpg,1882,1900,18
21980.jpg,1882,1900,18
21985.jpg,1882,1900,18
21990.jpg,1882,1850,-32
21995.jpg,1882,1900,18
22000.jpg,1882,1850,-32
22005.jpg,1882,1900,18
22010.jpg,1882,1930,48
22015.jpg,1882,1900,18
22020.jpg,1882,1900,18
22025.jpg,1882,1900,18
22030.jpg,1882,1900,18
22035.jpg,1882,1900,18
22040.jpg,1882,1900,18
22045.jpg,1882,1890,8
22050.jpg,1882,1900,18
22055.jpg,1882,1890,8
22060.jpg,1882,1890,8
22065.jpg,1882,1850,-32
22070.jpg,1882,1900,18
22075.jpg,1882,1850,-32
22080.jpg,1882,1890,8
22085.jpg,1882,1900,18
22090.jpg,1882,1890,8
22095.jpg,1882,1850,-32
22100.jpg,1882,1900,18
22105.jpg,1882,1900,18
22110.jpg,1882,1850,-32
22115.jpg,1882,1900,18
22120.jpg,1882,1890,8
22125.jpg,1882,1890,8
22130.jpg,1882,1890,8
22135.jpg,1882,1890,8
22140.jpg,1882,1900,18
22145.jpg,1882,1900,18
22150.jpg,1882,1900,18
22155.jpg,1882,2005,123
22160.jpg,1882,1900,18
22165.jpg,1882,1920,38
22170.jpg,1882,1850,-32
22175.jpg,1882,1900,18
22180.jpg,1882,1900,18
22185.jpg,1882,1850,-32
22190.jpg,1882,1950,68
22195.jpg,1882,1850,-32
22200.jpg,1882,1900,18
22205.jpg,1882,1900,18
22210.jpg,1882,1890,8
22215.jpg,1883,1800,-83
22220.jpg,1883,1900,17
22225.jpg,1883,1900,17
22230.jpg,1883,1900,17
22235.jpg,1883,1890,7
22240.jpg,1883,1900,17
22245.jpg,1883,1900,17
22250.jpg,1883,1900,17
22255.jpg,1883,1900,17
22260.jpg,1883,1900,17
22265.jpg,1883,1900,17
22270.jpg,1883,1900,17
22275.jpg,1883,1900,17
22280.jpg,1883,1800,-83
22285.jpg,1883,1900,17
22290.jpg,1883,1800,-83
22295.jpg,1883,1900,17
22300.jpg,1883,1950,67
22305.jpg,1883,1850,-33
22310.jpg,1883,1900,17
22315.jpg,1883,1900,17
22320.jpg,1883,1900,17
22325.jpg,1883,1900,17
22330.jpg,1883,1890,7
22335.jpg,1883,1900,17
22340.jpg,1883,1900,17
22345.jpg,1883,1890,7
22350.jpg,1883,1850,-33
22355.jpg,1883,1900,17
22360.jpg,1883,1900,17
22365.jpg,1883,1900,17
22370.jpg,1883,1890,7
22375.jpg,1883,1900,17
22380.jpg,1883,1900,17
22385.jpg,1883,1950,67
22390.jpg,1883,1900,17
22395.jpg,1883,1900,17
22400.jpg,1883,1890,7
22405.jpg,1883,1890,7
22410.jpg,1883,1900,17
22415.jpg,1883,1890,7
22420.jpg,1883,1900,17
22425.jpg,1883,1890,7
22430.jpg,1883,1890,7
22435.jpg,1883,1900,17
22440.jpg,1883,1900,17
22445.jpg,1883,1890,7
22450.jpg,1883,1890,7
22455.jpg,1883,1890,7
22460.jpg,1883,1900,17
22465.jpg,1883,1900,17
22470.jpg,1883,1900,17
22475.jpg,1883,1900,17
22485.jpg,1883,1900,17
22490.jpg,1883,1950,67
22495.jpg,1883,1890,7
22500.jpg,1883,1990,107
22505.jpg,1883,1900,17
22510.jpg,1884,1900,16
22515.jpg,1884,1890,6
22520.jpg,1884,1900,16
22525.jpg,1884,1900,16
22530.jpg,1884,1850,-34
22535.jpg,1884,1900,16
22540.jpg,1884,1850,-34
22545.jpg,1884,1890,6
22550.jpg,1884,1900,16
22555.jpg,1884,1900,16
22560.jpg,1884,1900,16
22565.jpg,1884,1880,-4
22570.jpg,1884,1900,16
22575.jpg,1884,1900,16
22580.jpg,1884,1950,66
22585.jpg,1884,1890,6
22590.jpg,1884,1900,16
22595.jpg,1884,1850,-34
22600.jpg,1884,1890,6
22605.jpg,1884,1890,6
22610.jpg,1884,1890,6
22615.jpg,1884,1900,16
22620.jpg,1884,1900,16
22625.jpg,1884,1850,-34
22630.jpg,1884,1900,16
22635.jpg,1884,1900,16
22640.jpg,1884,1850,-34
22645.jpg,1884,1900,16
22650.jpg,1884,1900,16
22655.jpg,1884,1850,-34
22665.jpg,1884,1980,96
22670.jpg,1884,1890,6
22675.jpg,1884,1900,16
22680.jpg,1884,1990,106
22685.jpg,1884,1850,-34
22690.jpg,1884,1890,6
22695.jpg,1884,1900,16
22700.jpg,1884,1900,16
22705.jpg,1884,1900,16
22710.jpg,1884,1900,16
22715.jpg,1884,1900,16
22720.jpg,1884,1900,16
22730.jpg,1884,1850,-34
22735.jpg,1884,1900,16
22740.jpg,1884,1970,86
22745.jpg,1884,1890,6
22750.jpg,1884,1890,6
22755.jpg,1884,1890,6
22760.jpg,1884,1950,66
22765.jpg,1884,1850,-34
22770.jpg,1884,1900,16
22775.jpg,1884,1900,16
22780.jpg,1885,1905,20
22785.jpg,1885,1900,15
22790.jpg,1885,1900,15
22795.jpg,1885,1850,-35
22800.jpg,1885,1900,15
22805.jpg,1885,1900,15
22810.jpg,1885,1900,15
22815.jpg,1885,1900,15
22820.jpg,1885,1900,15
22825.jpg,1885,1900,15
22830.jpg,1885,1800,-85
22835.jpg,1885,1930,45
22840.jpg,1885,1900,15
22850.jpg,1885,1950,65
22855.jpg,1885,1900,15
22860.jpg,1885,1890,5
22865.jpg,1885,1900,15
22870.jpg,1885,1900,15
22875.jpg,1885,1890,5
22880.jpg,1885,1900,15
22885.jpg,1885,1900,15
22890.jpg,1885,1950,65
22895.jpg,1885,1890,5
22900.jpg,1885,1850,-35
22905.jpg,1885,1900,15
22910.jpg,1885,1800,-85
22915.jpg,1885,1900,15
22920.jpg,1885,1900,15
22925.jpg,1885,1890,5
22930.jpg,1885,1900,15
22935.jpg,1885,1850,-35
22940.jpg,1885,1900,15
22945.jpg,1885,1900,15
22950.jpg,1885,1900,15
22955.jpg,1885,1890,5
22960.jpg,1885,2010,125
22965.jpg,1885,1900,15
22970.jpg,1885,1890,5
22975.jpg,1885,1900,15
22980.jpg,1885,1900,15
22985.jpg,1885,1850,-35
22990.jpg,1885,1900,15
22995.jpg,1885,1890,5
23000.jpg,1885,1850,-35
23005.jpg,1885,1900,15
23015.jpg,1885,1850,-35
23020.jpg,1885,1890,5
23025.jpg,1885,1900,15
23030.jpg,1885,1900,15
23035.jpg,1885,1900,15
23040.jpg,1885,1900,15
23045.jpg,1885,1850,-35
23050.jpg,1885,1950,65
23055.jpg,1885,1950,65
23060.jpg,1885,1900,15
23065.jpg,1885,1900,15
23070.jpg,1885,1900,15
23075.jpg,1885,1980,95
23080.jpg,1885,1900,15
23085.jpg,1886,1900,14
23090.jpg,1886,1900,14
23095.jpg,1886,1900,14
23100.jpg,1886,1900,14
23105.jpg,1886,1920,34
23110.jpg,1886,1950,64
23115.jpg,1886,1950,64
23120.jpg,1886,1850,-36
23125.jpg,1886,1990,104
23130.jpg,1886,1990,104
23135.jpg,1886,1980,94
23140.jpg,1886,1990,104
23145.jpg,1886,1800,-86
23150.jpg,1886,1900,14
23155.jpg,1886,1880,-6
23160.jpg,1886,1900,14
23165.jpg,1886,1900,14
23170.jpg,1886,1900,14
23175.jpg,1886,1850,-36
23180.jpg,1886,1900,14
23185.jpg,1886,1900,14
23190.jpg,1886,1890,4
23195.jpg,1886,1900,14
23200.jpg,1886,1900,14
23205.jpg,1886,1890,4
23210.jpg,1886,1900,14
23215.jpg,1886,1890,4
23220.jpg,1886,1900,14
23225.jpg,1886,1900,14
23230.jpg,1886,1890,4
23235.jpg,1886,1900,14
23240.jpg,1886,1900,14
23245.jpg,1886,1890,4
23250.jpg,1886,1950,64
23255.jpg,1886,1850,-36
23260.jpg,1886,1900,14
23265.jpg,1886,1900,14
23275.jpg,1886,1900,14
23280.jpg,1886,1900,14
23285.jpg,1886,1900,14
23290.jpg,1886,1990,104
23295.jpg,1886,1900,14
23300.jpg,1886,1900,14
23305.jpg,1886,1850,-36
23310.jpg,1886,1900,14
23315.jpg,1886,1900,14
23320.jpg,1886,1900,14
23325.jpg,1886,1900,14
23330.jpg,1886,1900,14
23335.jpg,1886,1900,14
23340.jpg,1886,1900,14
23345.jpg,1886,1900,14
23350.jpg,1886,1900,14
23355.jpg,1886,1920,34
23365.jpg,1886,1990,104
23370.jpg,1886,1900,14
23375.jpg,1887,1930,43
23380.jpg,1887,1945,58
23385.jpg,1887,1850,-37
23390.jpg,1887,1900,13
23395.jpg,1887,1900,13
23400.jpg,1887,1900,13
23410.jpg,1887,1900,13
23415.jpg,1887,1900,13
23420.jpg,1887,1900,13
23425.jpg,1887,1900,13
23430.jpg,1887,1900,13
23440.jpg,1887,1930,43
23445.jpg,1887,1900,13
23450.jpg,1887,1900,13
23460.jpg,1887,1800,-87
23465.jpg,1887,1900,13
23470.jpg,1887,1900,13
23475.jpg,1887,1950,63
23480.jpg,1887,1890,3
23485.jpg,1887,1900,13
23490.jpg,1887,1850,-37
23495.jpg,1887,1900,13
23500.jpg,1887,1900,13
23505.jpg,1887,1900,13
23510.jpg,1887,1890,3
23515.jpg,1887,1900,13
23520.jpg,1887,1890,3
23525.jpg,1887,1980,93
23535.jpg,1887,1900,13
23540.jpg,1887,1900,13
23545.jpg,1887,1900,13
23550.jpg,1887,1850,-37
23555.jpg,1887,1950,63
23560.jpg,1887,1900,13
23565.jpg,1887,1890,3
23570.jpg,1887,1900,13
23575.jpg,1887,1900,13
23580.jpg,1887,1890,3
23585.jpg,1887,1900,13
23590.jpg,1887,1980,93
23595.jpg,1887,1890,3
23600.jpg,1887,1900,13
23605.jpg,1887,1900,13
23610.jpg,1887,1900,13
23615.jpg,1887,1900,13
23620.jpg,1887,1900,13
23625.jpg,1887,1900,13
23630.jpg,1887,1900,13
23635.jpg,1887,1900,13
23640.jpg,1887,1920,33
23645.jpg,1887,1890,3
23650.jpg,1887,1850,-37
23660.jpg,1887,1900,13
23665.jpg,1887,1890,3
23670.jpg,1887,1900,13
23675.jpg,1887,1900,13
23680.jpg,1887,1900,13
23690.jpg,1887,1900,13
23695.jpg,1887,1900,13
23700.jpg,1888,1600,-288
23705.jpg,1888,1900,12
23710.jpg,1888,1900,12
23715.jpg,1888,1900,12
23720.jpg,1888,1900,12
23725.jpg,1888,1900,12
23730.jpg,1888,1890,2
23735.jpg,1888,1900,12
23740.jpg,1888,1900,12
23745.jpg,1888,1850,-38
23750.jpg,1888,1900,12
23755.jpg,1888,1900,12
23760.jpg,1888,1900,12
23765.jpg,1888,1900,12
23770.jpg,1888,1900,12
23775.jpg,1888,1900,12
23790.jpg,1888,1900,12
23795.jpg,1888,1900,12
23800.jpg,1888,1890,2
23805.jpg,1888,1900,12
23810.jpg,1888,1900,12
23815.jpg,1888,1900,12
23820.jpg,1888,1900,12
23825.jpg,1888,1950,62
23830.jpg,1888,1890,2
23835.jpg,1888,1890,2
23840.jpg,1888,1900,12
23850.jpg,1888,1900,12
23855.jpg,1888,1900,12
23860.jpg,1888,1900,12
23865.jpg,1888,1850,-38
23870.jpg,1888,1850,-38
23875.jpg,1888,1900,12
23880.jpg,1888,1900,12
23885.jpg,1888,1900,12
23890.jpg,1888,1890,2
23895.jpg,1888,1900,12
23900.jpg,1888,1950,62
23905.jpg,1888,1890,2
23910.jpg,1888,1900,12
23915.jpg,1888,1900,12
23920.jpg,1888,1900,12
23925.jpg,1888,1900,12
23930.jpg,1888,1900,12
23935.jpg,1888,1850,-38
23940.jpg,1888,1890,2
23945.jpg,1888,1890,2
23950.jpg,1888,1900,12
23955.jpg,1888,1890,2
23960.jpg,1888,1900,12
23965.jpg,1888,1900,12
23970.jpg,1888,1900,12
23975.jpg,1888,1900,12
23980.jpg,1888,1900,12
23985.jpg,1888,1900,12
23990.jpg,1888,1880,-8
23995.jpg,1888,1492,-396
24000.jpg,1888,1900,12
24005.jpg,1888,1950,62
24010.jpg,1888,1900,12
24015.jpg,1888,1920,32
24020.jpg,1888,1900,12
24025.jpg,1888,1900,12
24030.jpg,1888,1900,12
24035.jpg,1888,1900,12
24040.jpg,1888,1920,32
24050.jpg,1889,1900,11
24055.jpg,1889,1850,-39
24060.jpg,1889,1900,11
24065.jpg,1889,1900,11
24070.jpg,1889,1850,-39
24075.jpg,1889,1900,11
24080.jpg,1889,1900,11
24085.jpg,1889,1900,11
24090.jpg,1889,1900,11
24095.jpg,1889,1890,1
24105.jpg,1889,1900,11
24110.jpg,1889,1900,11
24115.jpg,1889,1900,11
24120.jpg,1889,1850,-39
24125.jpg,1889,1900,11
24130.jpg,1889,1900,11
24135.jpg,1889,1800,-89
24140.jpg,1889,1900,11
24145.jpg,1889,1900,11
24150.jpg,1889,1900,11
24155.jpg,1889,1800,-89
24160.jpg,1889,1900,11
24165.jpg,1889,1900,11
24170.jpg,1889,1890,1
24175.jpg,1889,1900,11
24180.jpg,1889,1900,11
24185.jpg,1889,1900,11
24190.jpg,1889,1890,1
24195.jpg,1889,1900,11
24200.jpg,1889,1900,11
24205.jpg,1889,1900,11
24210.jpg,1889,1900,11
24215.jpg,1889,1900,11
24220.jpg,1889,1900,11
24225.jpg,1889,1850,-39
24230.jpg,1889,1900,11
24235.jpg,1889,1900,11
24240.jpg,1889,1890,1
24245.jpg,1889,1920,31
24250.jpg,1889,1900,11
24255.jpg,1889,1900,11
24260.jpg,1889,1900,11
24265.jpg,1889,1890,1
24270.jpg,1889,1900,11
24275.jpg,1889,1890,1
24280.jpg,1889,1900,11
24285.jpg,1889,1900,11
24290.jpg,1889,1890,1
24295.jpg,1889,1890,1
24300.jpg,1889,1890,1
24310.jpg,1889,1900,11
24315.jpg,1889,1900,11
24320.jpg,1889,1850,-39
24330.jpg,1889,1850,-39
24335.jpg,1889,1930,41
24340.jpg,1889,1950,61
24345.jpg,1889,1900,11
24350.jpg,1889,1900,11
24355.jpg,1889,1900,11
24360.jpg,1889,1900,11
24365.jpg,1889,1900,11
24370.jpg,1889,1900,11
24375.jpg,1889,1900,11
24380.jpg,1889,1900,11
24385.jpg,1889,1900,11
24390.jpg,1889,1900,11
24395.jpg,1890,1900,10
24400.jpg,1890,1900,10
24405.jpg,1890,1850,-40
24410.jpg,1890,1900,10
24415.jpg,1890,1900,10
24420.jpg,1890,1850,-40
24425.jpg,1890,1900,10
24430.jpg,1890,1900,10
24435.jpg,1890,1900,10
24440.jpg,1890,1900,10
24445.jpg,1890,1930,40
24450.jpg,1890,1890,0
24455.jpg,1890,1900,10
24460.jpg,1890,1900,10
24465.jpg,1890,1900,10
24470.jpg,1890,1900,10
24475.jpg,1890,1900,10
24480.jpg,1890,1900,10
24485.jpg,1890,1900,10
24490.jpg,1890,1930,40
24495.jpg,1890,1850,-40
24500.jpg,1890,1880,-10
24505.jpg,1890,1900,10
24510.jpg,1890,1900,10
24515.jpg,1890,1900,10
24520.jpg,1890,1800,-90
24525.jpg,1890,1950,60
24535.jpg,1890,1900,10
24540.jpg,1890,1890,0
24545.jpg,1890,1950,60
24550.jpg,1890,1900,10
24555.jpg,1890,1900,10
24560.jpg,1890,1900,10
24565.jpg,1890,1900,10
24570.jpg,1890,1850,-40
24575.jpg,1890,1900,10
24580.jpg,1890,1900,10
24585.jpg,1890,1900,10
24590.jpg,1890,1890,0
24595.jpg,1890,1900,10
24600.jpg,1890,1890,0
24605.jpg,1890,1890,0
24610.jpg,1890,1900,10
24615.jpg,1890,1890,0
24620.jpg,1890,1950,60
24625.jpg,1890,1900,10
24630.jpg,1890,1900,10
24635.jpg,1890,1890,0
24640.jpg,1890,1850,-40
24645.jpg,1890,1900,10
24650.jpg,1890,1900,10
24655.jpg,1890,1850,-40
24660.jpg,1890,1900,10
24665.jpg,1890,1900,10
24670.jpg,1890,1900,10
24675.jpg,1890,1900,10
24680.jpg,1890,1900,10
24685.jpg,1890,1900,10
24690.jpg,1890,1890,0
24695.jpg,1890,1900,10
24700.jpg,1890,1900,10
24705.jpg,1890,1900,10
24710.jpg,1890,1920,30
24715.jpg,1890,1900,10
24720.jpg,1890,1900,10
24725.jpg,1890,1850,-40
24730.jpg,1890,1950,60
24735.jpg,1890,1900,10
24740.jpg,1890,1900,10
24745.jpg,1890,1900,10
24750.jpg,1890,1880,-10
24755.jpg,1890,1900,10
24760.jpg,1890,1950,60
24765.jpg,1890,1950,60
24770.jpg,1890,1900,10
24775.jpg,1891,1800,-91
24780.jpg,1891,1900,9
24785.jpg,1891,1900,9
24790.jpg,1891,1900,9
24795.jpg,1891,1900,9
24800.jpg,1891,1900,9
24805.jpg,1891,1890,-1
24810.jpg,1891,1900,9
24815.jpg,1891,1980,89
24820.jpg,1891,1900,9
24825.jpg,1891,1900,9
24830.jpg,1891,1900,9
24835.jpg,1891,1900,9
24840.jpg,1891,1900,9
24845.jpg,1891,1900,9
24850.jpg,1891,1920,29
24855.jpg,1891,1990,99
24860.jpg,1891,1900,9
24865.jpg,1891,1800,-91
24870.jpg,1891,1900,9
24875.jpg,1891,1880,-11
24880.jpg,1891,1900,9
24885.jpg,1891,1900,9
24890.jpg,1891,1890,-1
24895.jpg,1891,1900,9
24900.jpg,1891,1900,9
24905.jpg,1891,1950,59
24910.jpg,1891,1900,9
24915.jpg,1891,1890,-1
24920.jpg,1891,1950,59
24925.jpg,1891,1890,-1
24930.jpg,1891,1950,59
24935.jpg,1891,1890,-1
24940.jpg,1891,1890,-1
24945.jpg,1891,1800,-91
24950.jpg,1891,1850,-41
24955.jpg,1891,1850,-41
24960.jpg,1891,1890,-1
24965.jpg,1891,1950,59
24970.jpg,1891,1900,9
24975.jpg,1891,1900,9
24980.jpg,1891,1900,9
24985.jpg,1891,1900,9
24990.jpg,1891,1890,-1
24995.jpg,1891,1900,9
25000.jpg,1891,1900,9
25005.jpg,1891,1900,9
25010.jpg,1891,1900,9
25015.jpg,1891,1900,9
25020.jpg,1891,1850,-41
25025.jpg,1891,1950,59
25030.jpg,1891,1900,9
25035.jpg,1891,1200,-691
25040.jpg,1891,1890,-1
25045.jpg,1891,1900,9
25050.jpg,1891,1900,9
25055.jpg,1891,1900,9
25060.jpg,1891,1900,9
25065.jpg,1891,1850,-41
25070.jpg,1891,1900,9
25075.jpg,1891,1890,-1
25080.jpg,1891,1900,9
25085.jpg,1891,1850,-41
25090.jpg,1891,1950,59
25095.jpg,1892,1900,8
25100.jpg,1892,1990,98
25105.jpg,1892,1990,98
25115.jpg,1892,1900,8
25120.jpg,1892,1900,8
25125.jpg,1892,1900,8
25130.jpg,1892,1850,-42
25135.jpg,1892,1850,-42
25140.jpg,1892,1900,8
25145.jpg,1892,1900,8
25150.jpg,1892,1920,28
25155.jpg,1892,1900,8
25160.jpg,1892,1980,88
25165.jpg,1892,1900,8
25170.jpg,1892,1900,8
25175.jpg,1892,1900,8
25180.jpg,1892,2010,118
25185.jpg,1892,1850,-42
25190.jpg,1892,1900,8
25195.jpg,1892,1900,8
25205.jpg,1892,1900,8
25210.jpg,1892,1900,8
25215.jpg,1892,1900,8
25220.jpg,1892,1900,8
25225.jpg,1892,1850,-42
25230.jpg,1892,1900,8
25235.jpg,1892,1890,-2
25240.jpg,1892,1890,-2
25245.jpg,1892,1900,8
25250.jpg,1892,1900,8
25255.jpg,1892,1900,8
25260.jpg,1892,1900,8
25265.jpg,1892,1890,-2
25270.jpg,1892,1900,8
25275.jpg,1892,1900,8
25280.jpg,1892,1900,8
25285.jpg,1892,1900,8
25290.jpg,1892,1890,-2
25295.jpg,1892,1900,8
25300.jpg,1892,1950,58
25305.jpg,1892,1920,28
25310.jpg,1892,1890,-2
25315.jpg,1892,1900,8
25320.jpg,1892,1890,-2
25325.jpg,1892,1890,-2
25330.jpg,1892,1900,8
25335.jpg,1892,1890,-2
25340.jpg,1892,1900,8
25345.jpg,1892,1900,8
25350.jpg,1892,1900,8
25355.jpg,1892,1890,-2
25360.jpg,1892,1990,98
25365.jpg,1892,1900,8
25370.jpg,1892,1900,8
25375.jpg,1892,1900,8
25380.jpg,1892,1900,8
25385.jpg,1892,1900,8
25390.jpg,1892,1900,8
25395.jpg,1892,1900,8
25400.jpg,1892,1950,58
25405.jpg,1892,1900,8
25410.jpg,1892,1900,8
25415.jpg,1892,1850,-42
25420.jpg,1892,1900,8
25425.jpg,1892,1900,8
25430.jpg,1892,1900,8
25435.jpg,1892,1900,8
25440.jpg,1892,1900,8
25445.jpg,1892,1900,8
25450.jpg,1892,1900,8
25455.jpg,1892,1900,8
25460.jpg,1892,1850,-42
25465.jpg,1893,1600,-293
25470.jpg,1893,1900,7
25475.jpg,1893,1900,7
25480.jpg,1893,1900,7
25490.jpg,1893,1920,27
25495.jpg,1893,1900,7
25500.jpg,1893,1900,7
25505.jpg,1893,1900,7
25510.jpg,1893,1900,7
25515.jpg,1893,1900,7
25520.jpg,1893,1900,7
25525.jpg,1893,1890,-3
25530.jpg,1893,1900,7
25535.jpg,1893,1900,7
25540.jpg,1893,1900,7
25545.jpg,1893,1900,7
25555.jpg,1893,1850,-43
25560.jpg,1893,1900,7
25565.jpg,1893,1850,-43
25570.jpg,1893,1950,57
25575.jpg,1893,1900,7
25580.jpg,1893,1920,27
25585.jpg,1893,1900,7
25590.jpg,1893,1900,7
25595.jpg,1893,1850,-43
25600.jpg,1893,1900,7
25605.jpg,1893,1900,7
25610.jpg,1893,1900,7
25615.jpg,1893,1900,7
25620.jpg,1893,1900,7
25625.jpg,1893,1900,7
25630.jpg,1893,1900,7
25635.jpg,1893,1900,7
25640.jpg,1893,1900,7
25645.jpg,1893,1900,7
25650.jpg,1893,1900,7
25655.jpg,1893,1900,7
25660.jpg,1893,1900,7
25665.jpg,1893,1900,7
25670.jpg,1893,1890,-3
25675.jpg,1893,1900,7
25680.jpg,1893,1900,7
25685.jpg,1893,1900,7
25690.jpg,1893,1900,7
25695.jpg,1893,1900,7
25700.jpg,1893,1900,7
25705.jpg,1893,1900,7
25710.jpg,1893,1900,7
25715.jpg,1893,1900,7
25720.jpg,1893,1900,7
25725.jpg,1893,1850,-43
25730.jpg,1893,1900,7
25740.jpg,1893,1890,-3
25745.jpg,1893,1900,7
25750.jpg,1893,1900,7
25755.jpg,1893,1890,-3
25760.jpg,1893,1900,7
25765.jpg,1893,1900,7
25770.jpg,1893,1900,7
25775.jpg,1893,1900,7
25780.jpg,1893,1850,-43
25785.jpg,1893,1900,7
25795.jpg,1893,1900,7
25800.jpg,1893,1900,7
25805.jpg,1894,1900,6
25810.jpg,1894,1900,6
25815.jpg,1894,1900,6
25820.jpg,1894,1900,6
25825.jpg,1894,1900,6
25830.jpg,1894,1900,6
25835.jpg,1894,1900,6
25840.jpg,1894,1891,-3
25845.jpg,1894,1900,6
25850.jpg,1894,1900,6
25855.jpg,1894,1900,6
25860.jpg,1894,1900,6
25865.jpg,1894,1900,6
25870.jpg,1894,1850,-44
25875.jpg,1894,1900,6
25880.jpg,1894,1950,56
25885.jpg,1894,1900,6
25890.jpg,1894,1960,66
25895.jpg,1894,1900,6
25900.jpg,1894,1900,6
25905.jpg,1894,1900,6
25910.jpg,1894,1900,6
25915.jpg,1894,1900,6
25920.jpg,1894,1890,-4
25925.jpg,1894,1890,-4
25930.jpg,1894,1900,6
25935.jpg,1894,1900,6
25940.jpg,1894,1900,6
25945.jpg,1894,1890,-4
25950.jpg,1894,1900,6
25955.jpg,1894,1900,6
25960.jpg,1894,1890,-4
25965.jpg,1894,1900,6
25970.jpg,1894,1950,56
25975.jpg,1894,1890,-4
25980.jpg,1894,1890,-4
25985.jpg,1894,1900,6
25990.jpg,1894,1900,6
25995.jpg,1894,1900,6
26000.jpg,1894,1900,6
26005.jpg,1894,1900,6
26010.jpg,1894,1900,6
26015.jpg,1894,1900,6
26020.jpg,1894,1900,6
26025.jpg,1894,1900,6
26030.jpg,1894,1890,-4
26035.jpg,1894,1900,6
26040.jpg,1894,1900,6
26045.jpg,1894,1850,-44
26050.jpg,1894,1890,-4
26055.jpg,1894,1900,6
26060.jpg,1894,1950,56
26065.jpg,1894,1900,6
26070.jpg,1894,1900,6
26075.jpg,1894,1900,6
26085.jpg,1894,1900,6
26090.jpg,1894,1900,6
26095.jpg,1894,1950,56
26100.jpg,1894,1900,6
26105.jpg,1894,1880,-14
26110.jpg,1894,1900,6
26115.jpg,1894,1900,6
26120.jpg,1894,1900,6
26125.jpg,1895,1900,5
26130.jpg,1895,1990,95
26135.jpg,1895,1900,5
26140.jpg,1895,1900,5
26145.jpg,1895,1900,5
26150.jpg,1895,1900,5
26155.jpg,1895,1850,-45
26160.jpg,1895,1900,5
26165.jpg,1895,1920,25
26170.jpg,1895,1900,5
26175.jpg,1895,1900,5
26180.jpg,1895,1930,35
26185.jpg,1895,1900,5
26190.jpg,1895,1900,5
26195.jpg,1895,1900,5
26200.jpg,1895,1900,5
26205.jpg,1895,1850,-45
26210.jpg,1895,1880,-15
26215.jpg,1895,1930,35
26220.jpg,1895,1900,5
26225.jpg,1895,1900,5
26230.jpg,1895,1900,5
26235.jpg,1895,1950,55
26240.jpg,1895,1900,5
26245.jpg,1895,1850,-45
26250.jpg,1895,1900,5
26255.jpg,1895,1900,5
26260.jpg,1895,1900,5
26265.jpg,1895,1850,-45
26270.jpg,1895,1890,-5
26275.jpg,1895,1900,5
26280.jpg,1895,1890,-5
26285.jpg,1895,1890,-5
26290.jpg,1895,1900,5
26295.jpg,1895,1920,25
26300.jpg,1895,1890,-5
26305.jpg,1895,1900,5
26310.jpg,1895,1900,5
26315.jpg,1895,1900,5
26320.jpg,1895,1890,-5
26325.jpg,1895,1890,-5
26330.jpg,1895,1900,5
26335.jpg,1895,1900,5
26340.jpg,1895,1900,5
26345.jpg,1895,1900,5
26350.jpg,1895,1890,-5
26355.jpg,1895,1900,5
26360.jpg,1895,1900,5
26365.jpg,1895,1890,-5
26370.jpg,1895,1900,5
26375.jpg,1895,1900,5
26380.jpg,1895,1900,5
26385.jpg,1895,1850,-45
26390.jpg,1895,1900,5
26395.jpg,1895,1900,5
26405.jpg,1895,1900,5
26410.jpg,1895,1900,5
26415.jpg,1895,1900,5
26420.jpg,1895,1900,5
26425.jpg,1895,1900,5
26430.jpg,1895,1900,5
26435.jpg,1895,1900,5
26440.jpg,1895,1850,-45
26445.jpg,1895,1900,5
26450.jpg,1895,1900,5
26455.jpg,1895,1900,5
26460.jpg,1895,1800,-95
26465.jpg,1895,1900,5
26470.jpg,1895,1900,5
26475.jpg,1895,1900,5
26480.jpg,1895,1850,-45
26485.jpg,1895,1850,-45
26490.jpg,1896,1900,4
26495.jpg,1896,1900,4
26500.jpg,1896,1900,4
26505.jpg,1896,1900,4
26510.jpg,1896,1950,54
26515.jpg,1896,1900,4
26520.jpg,1896,1890,-6
26525.jpg,1896,1900,4
26530.jpg,1896,1930,34
26535.jpg,1896,1950,54
26540.jpg,1896,1900,4
26545.jpg,1896,1850,-46
26550.jpg,1896,1900,4
26555.jpg,1896,1950,54
26560.jpg,1896,1850,-46
26565.jpg,1896,1900,4
26570.jpg,1896,1900,4
26575.jpg,1896,1920,24
26580.jpg,1896,1900,4
26585.jpg,1896,1900,4
26590.jpg,1896,1890,-6
26595.jpg,1896,1950,54
26600.jpg,1896,1900,4
26605.jpg,1896,1900,4
26610.jpg,1896,1900,4
26620.jpg,1896,1890,-6
26625.jpg,1896,1900,4
26630.jpg,1896,1900,4
26635.jpg,1896,1900,4
26640.jpg,1896,1900,4
26645.jpg,1896,1900,4
26650.jpg,1896,1890,-6
26655.jpg,1896,1900,4
26665.jpg,1896,1890,-6
26670.jpg,1896,1900,4
26675.jpg,1896,1900,4
26680.jpg,1896,1900,4
26685.jpg,1896,1900,4
26690.jpg,1896,1900,4
26695.jpg,1896,1900,4
26700.jpg,1896,1850,-46
26705.jpg,1896,1890,-6
26710.jpg,1896,1950,54
26715.jpg,1896,1890,-6
26720.jpg,1896,1850,-46
26725.jpg,1896,1900,4
26730.jpg,1896,1900,4
26735.jpg,1896,1900,4
26740.jpg,1896,1500,-396
26745.jpg,1896,1850,-46
26750.jpg,1896,1890,-6
26760.jpg,1896,1900,4
26765.jpg,1896,1900,4
26770.jpg,1896,1900,4
26775.jpg,1896,1920,24
26780.jpg,1896,1900,4
26785.jpg,1896,1900,4
26790.jpg,1896,1890,-6
26795.jpg,1896,1900,4
26800.jpg,1896,1990,94
26805.jpg,1896,1800,-96
26810.jpg,1896,1920,24
26815.jpg,1896,1900,4
26820.jpg,1896,1900,4
26825.jpg,1896,1890,-6
26830.jpg,1896,1900,4
26835.jpg,1896,1900,4
26840.jpg,1896,1950,54
26845.jpg,1897,1900,3
26850.jpg,1897,1900,3
26855.jpg,1897,1900,3
26860.jpg,1897,1900,3
26865.jpg,1897,1900,3
26870.jpg,1897,1900,3
26875.jpg,1897,1850,-47
26880.jpg,1897,1900,3
26885.jpg,1897,1900,3
26890.jpg,1897,1900,3
26895.jpg,1897,1900,3
26900.jpg,1897,1900,3
26910.jpg,1897,1850,-47
26915.jpg,1897,1900,3
26920.jpg,1897,1930,33
26925.jpg,1897,1900,3
26930.jpg,1897,1880,-17
26935.jpg,1897,1900,3
26940.jpg,1897,1900,3
26945.jpg,1897,1900,3
26950.jpg,1897,1900,3
26955.jpg,1897,1800,-97
26960.jpg,1897,1890,-7
26965.jpg,1897,1900,3
26970.jpg,1897,1850,-47
26975.jpg,1897,1950,53
26980.jpg,1897,1900,3
26985.jpg,1897,1900,3
26990.jpg,1897,1890,-7
26995.jpg,1897,1890,-7
27000.jpg,1897,1900,3
27005.jpg,1897,1900,3
27010.jpg,1897,1900,3
27015.jpg,1897,1900,3
27020.jpg,1897,1890,-7
27025.jpg,1897,1900,3
27030.jpg,1897,1900,3
27035.jpg,1897,1920,23
27040.jpg,1897,1900,3
27045.jpg,1897,1900,3
27050.jpg,1897,1950,53
27055.jpg,1897,1900,3
27060.jpg,1897,1900,3
27065.jpg,1897,1900,3
27070.jpg,1897,1950,53
27075.jpg,1897,1900,3
27080.jpg,1897,1900,3
27085.jpg,1897,1900,3
27090.jpg,1897,1900,3
27095.jpg,1897,1900,3
27100.jpg,1897,1900,3
27105.jpg,1897,1900,3
27110.jpg,1897,1900,3
27115.jpg,1897,1950,53
27120.jpg,1897,1883,-14
27125.jpg,1897,1900,3
27130.jpg,1897,1900,3
27135.jpg,1897,1900,3
27140.jpg,1897,1950,53
27145.jpg,1897,1890,-7
27150.jpg,1897,1900,3
27155.jpg,1898,1920,22
27160.jpg,1898,1900,2
27165.jpg,1898,1900,2
27170.jpg,1898,1900,2
27175.jpg,1898,1900,2
27180.jpg,1898,1900,2
27185.jpg,1898,1920,22
27190.jpg,1898,1900,2
27195.jpg,1898,1900,2
27200.jpg,1898,2000,102
27205.jpg,1898,1900,2
27210.jpg,1898,1900,2
27215.jpg,1898,1950,52
27220.jpg,1898,1900,2
27225.jpg,1898,1900,2
27230.jpg,1898,1900,2
27235.jpg,1898,1900,2
27240.jpg,1898,1900,2
27245.jpg,1898,1900,2
27255.jpg,1898,1850,-48
27260.jpg,1898,1800,-98
27265.jpg,1898,1900,2
27270.jpg,1898,1900,2
27275.jpg,1898,1900,2
27280.jpg,1898,1850,-48
27285.jpg,1898,1890,-8
27290.jpg,1898,1920,22
27295.jpg,1898,1890,-8
27300.jpg,1898,1850,-48
27305.jpg,1898,1950,52
27310.jpg,1898,1900,2
27315.jpg,1898,1890,-8
27320.jpg,1898,1900,2
27325.jpg,1898,1900,2
27330.jpg,1898,1900,2
27335.jpg,1898,1900,2
27340.jpg,1898,1900,2
27345.jpg,1898,1890,-8
27350.jpg,1898,1850,-48
27355.jpg,1898,1900,2
27360.jpg,1898,1950,52
27365.jpg,1898,1890,-8
27370.jpg,1898,1890,-8
27380.jpg,1898,1900,2
27385.jpg,1898,1850,-48
27390.jpg,1898,1990,92
27395.jpg,1898,1850,-48
27400.jpg,1898,1900,2
27405.jpg,1898,1900,2
27410.jpg,1898,1900,2
27415.jpg,1898,1900,2
27420.jpg,1898,1920,22
27425.jpg,1898,1890,-8
27430.jpg,1898,1850,-48
27435.jpg,1898,1900,2
27440.jpg,1898,1900,2
27445.jpg,1898,1900,2
27450.jpg,1898,1900,2
27455.jpg,1898,1960,62
27465.jpg,1898,1900,2
27470.jpg,1898,1900,2
27475.jpg,1898,1900,2
27480.jpg,1898,1900,2
27485.jpg,1898,1900,2
27490.jpg,1898,1900,2
27495.jpg,1898,1900,2
27500.jpg,1898,1900,2
27505.jpg,1898,1900,2
27510.jpg,1898,1900,2
27515.jpg,1898,1900,2
27520.jpg,1898,1890,-8
27525.jpg,1898,1900,2
27530.jpg,1898,1900,2
27540.jpg,1899,1900,1
27545.jpg,1899,1920,21
27550.jpg,1899,1900,1
27555.jpg,1899,1890,-9
27560.jpg,1899,1900,1
27565.jpg,1899,1900,1
27570.jpg,1899,1980,81
27575.jpg,1899,1950,51
27580.jpg,1899,1900,1
27585.jpg,1899,1900,1
27590.jpg,1899,1900,1
27595.jpg,1899,1850,-49
27600.jpg,1899,1890,-9
27605.jpg,1899,1900,1
27610.jpg,1899,1960,61
27615.jpg,1899,1900,1
27620.jpg,1899,1900,1
27625.jpg,1899,1850,-49
27630.jpg,1899,1950,51
27635.jpg,1899,1900,1
27640.jpg,1899,1900,1
27645.jpg,1899,1900,1
27650.jpg,1899,1900,1
27655.jpg,1899,1900,1
27660.jpg,1899,1890,-9
27665.jpg,1899,1890,-9
27670.jpg,1899,1900,1
27675.jpg,1899,1900,1
27680.jpg,1899,1200,-699
27685.jpg,1899,1900,1
27690.jpg,1899,1900,1
27695.jpg,1899,1900,1
27700.jpg,1899,1900,1
27705.jpg,1899,1890,-9
27715.jpg,1899,1900,1
27720.jpg,1899,1950,51
27725.jpg,1899,1890,-9
27730.jpg,1899,1950,51
27735.jpg,1899,1900,1
27740.jpg,1899,1900,1
27745.jpg,1899,1400,-499
27750.jpg,1899,1900,1
27755.jpg,1899,1900,1
27760.jpg,1899,1900,1
27765.jpg,1899,1900,1
27770.jpg,1899,1900,1
27775.jpg,1899,1850,-49
27780.jpg,1899,1990,91
27785.jpg,1899,1900,1
27790.jpg,1899,1850,-49
27795.jpg,1899,1900,1
27800.jpg,1899,1850,-49
27805.jpg,1899,1900,1
27810.jpg,1900,1600,-300
27815.jpg,1900,1900,0
27820.jpg,1900,1900,0
27825.jpg,1900,1900,0
27830.jpg,1900,1900,0
27835.jpg,1900,1950,50
27840.jpg,1900,1900,0
27845.jpg,1900,1900,0
27850.jpg,1900,1900,0
27855.jpg,1900,1850,-50
27860.jpg,1900,1890,-10
27865.jpg,1900,1900,0
27870.jpg,1900,1900,0
27875.jpg,1900,1900,0
27880.jpg,1900,1900,0
27885.jpg,1900,1900,0
27895.jpg,1900,1900,0
27900.jpg,1900,1900,0
27905.jpg,1900,1900,0
27910.jpg,1900,1850,-50
27915.jpg,1900,1900,0
27920.jpg,1900,1990,90
27925.jpg,1900,1930,30
27930.jpg,1900,1930,30
27935.jpg,1900,1900,0
27940.jpg,1900,1880,-20
27945.jpg,1900,1850,-50
27950.jpg,1900,1850,-50
27955.jpg,1900,1900,0
27960.jpg,1900,1850,-50
27965.jpg,1900,1950,50
27970.jpg,1900,1890,-10
27975.jpg,1900,1890,-10
27980.jpg,1900,1900,0
27985.jpg,1900,1900,0
27990.jpg,1900,1900,0
27995.jpg,1900,1900,0
28000.jpg,1900,1890,-10
28005.jpg,1900,1900,0
28010.jpg,1900,1900,0
28015.jpg,1900,1850,-50
28020.jpg,1900,1900,0
28025.jpg,1900,1900,0
28030.jpg,1900,1890,-10
28035.jpg,1900,1900,0
28040.jpg,1900,1890,-10
28045.jpg,1900,1900,0
28050.jpg,1900,1890,-10
28055.jpg,1900,1850,-50
28060.jpg,1900,1900,0
28065.jpg,1900,1900,0
28070.jpg,1900,1890,-10
28075.jpg,1900,1850,-50
28080.jpg,1900,1900,0
28085.jpg,1900,1900,0
28090.jpg,1900,1950,50
28095.jpg,1900,1800,-100
28100.jpg,1900,1920,20
28105.jpg,1900,1900,0
28110.jpg,1900,1900,0
28115.jpg,1900,1900,0
28120.jpg,1900,1850,-50
28125.jpg,1900,1900,0
28130.jpg,1900,1850,-50
28135.jpg,1900,1900,0
28140.jpg,1900,1900,0
28145.jpg,1900,1400,-500
28150.jpg,1900,1930,30
28155.jpg,1900,1850,-50
28160.jpg,1900,1950,50
28165.jpg,1900,1930,30
28170.jpg,1900,1900,0
28175.jpg,1900,1850,-50
28180.jpg,1901,1850,-51
28185.jpg,1901,1900,-1
28190.jpg,1901,1900,-1
28195.jpg,1901,1920,19
28200.jpg,1901,1930,29
28205.jpg,1901,1900,-1
28210.jpg,1901,1890,-11
28215.jpg,1901,1900,-1
28220.jpg,1901,1900,-1
28225.jpg,1901,1900,-1
28230.jpg,1901,1900,-1
28235.jpg,1901,1850,-51
28240.jpg,1901,1900,-1
28245.jpg,1901,1900,-1
28250.jpg,1901,1890,-11
28255.jpg,1901,1890,-11
28260.jpg,1901,1900,-1
28265.jpg,1901,1900,-1
28270.jpg,1901,1850,-51
28275.jpg,1901,1900,-1
28280.jpg,1901,1900,-1
28285.jpg,1901,1900,-1
28290.jpg,1901,1800,-101
28295.jpg,1901,1930,29
28300.jpg,1901,1800,-101
28305.jpg,1901,1930,29
28310.jpg,1901,1900,-1
28315.jpg,1901,1900,-1
28320.jpg,1901,1890,-11
28325.jpg,1901,1920,19
28330.jpg,1901,1900,-1
28335.jpg,1901,1900,-1
28340.jpg,1901,1900,-1
28345.jpg,1901,1900,-1
28350.jpg,1901,1950,49
28355.jpg,1901,1900,-1
28360.jpg,1901,1980,79
28365.jpg,1901,1900,-1
28370.jpg,1901,1850,-51
28375.jpg,1901,1890,-11
28380.jpg,1901,1900,-1
28385.jpg,1901,1900,-1
28390.jpg,1901,1900,-1
28395.jpg,1901,1900,-1
28400.jpg,1901,1850,-51
28405.jpg,1901,1950,49
28410.jpg,1901,1900,-1
28415.jpg,1901,1900,-1
28420.jpg,1901,1850,-51
28425.jpg,1901,1950,49
28430.jpg,1901,1890,-11
28435.jpg,1901,1890,-11
28440.jpg,1901,1900,-1
28445.jpg,1901,1950,49
28450.jpg,1901,1950,49
28455.jpg,1901,1900,-1
28460.jpg,1901,1900,-1
28465.jpg,1901,1900,-1
28470.jpg,1901,1900,-1
28475.jpg,1901,1900,-1
28480.jpg,1901,1950,49
28485.jpg,1901,1900,-1
28490.jpg,1901,1900,-1
28495.jpg,1901,1950,49
28500.jpg,1901,1900,-1
28505.jpg,1901,1900,-1
28510.jpg,1901,1850,-51
28515.jpg,1901,1900,-1
28520.jpg,1902,1850,-52
28525.jpg,1902,1920,18
28530.jpg,1902,1900,-2
28535.jpg,1902,1900,-2
28540.jpg,1902,1920,18
28545.jpg,1902,1950,48
28550.jpg,1902,1930,28
28555.jpg,1902,1900,-2
28560.jpg,1902,1900,-2
28575.jpg,1902,1920,18
28580.jpg,1902,1900,-2
28585.jpg,1902,1900,-2
28590.jpg,1902,1900,-2
28595.jpg,1902,1900,-2
28600.jpg,1902,1900,-2
28605.jpg,1902,1900,-2
28610.jpg,1902,1900,-2
28615.jpg,1902,1900,-2
28620.jpg,1902,1900,-2
28625.jpg,1902,1900,-2
28630.jpg,1902,1900,-2
28635.jpg,1902,1900,-2
28640.jpg,1902,1900,-2
28645.jpg,1902,1900,-2
28650.jpg,1902,1930,28
28655.jpg,1902,1800,-102
28660.jpg,1902,1900,-2
28665.jpg,1902,1900,-2
28670.jpg,1902,1900,-2
28675.jpg,1902,1900,-2
28680.jpg,1902,1900,-2
28685.jpg,1902,1890,-12
28690.jpg,1902,1900,-2
28695.jpg,1902,1950,48
28700.jpg,1902,1900,-2
28705.jpg,1902,1900,-2
28710.jpg,1902,1890,-12
28715.jpg,1902,1900,-2
28720.jpg,1902,1900,-2
28725.jpg,1902,1900,-2
28730.jpg,1902,1900,-2
28735.jpg,1902,1900,-2
28740.jpg,1902,1900,-2
28745.jpg,1902,1930,28
28750.jpg,1902,1890,-12
28755.jpg,1902,1900,-2
28760.jpg,1902,1930,28
28765.jpg,1902,1850,-52
28770.jpg,1902,1900,-2
28775.jpg,1902,1900,-2
28780.jpg,1902,1900,-2
28785.jpg,1902,1950,48
28790.jpg,1902,1900,-2
28795.jpg,1902,1950,48
28800.jpg,1902,1900,-2
28805.jpg,1902,1950,48
28810.jpg,1902,1890,-12
28815.jpg,1902,1900,-2
28820.jpg,1902,1890,-12
28825.jpg,1902,1900,-2
28830.jpg,1902,1900,-2
28835.jpg,1902,1900,-2
28840.jpg,1902,1900,-2
28845.jpg,1902,1900,-2
28850.jpg,1902,1900,-2
28855.jpg,1902,1890,-12
28860.jpg,1902,1900,-2
28865.jpg,1902,1900,-2
28870.jpg,1902,1920,18
28875.jpg,1902,1990,88
28880.jpg,1902,1900,-2
28885.jpg,1902,1850,-52
28890.jpg,1902,1970,68
28895.jpg,1902,1900,-2
28900.jpg,1902,1990,88
28905.jpg,1902,1900,-2
28910.jpg,1902,1900,-2
28915.jpg,1902,1900,-2
28920.jpg,1903,1600,-303
28925.jpg,1903,1900,-3
28930.jpg,1903,1900,-3
28935.jpg,1903,1900,-3
28940.jpg,1903,1920,17
28945.jpg,1903,1900,-3
28955.jpg,1903,1930,27
28960.jpg,1903,1900,-3
28965.jpg,1903,1900,-3
28970.jpg,1903,1900,-3
28975.jpg,1903,1900,-3
28980.jpg,1903,1900,-3
28985.jpg,1903,1900,-3
28990.jpg,1903,1900,-3
28995.jpg,1903,1980,77
29000.jpg,1903,1900,-3
29005.jpg,1903,1900,-3
29010.jpg,1903,1900,-3
29015.jpg,1903,1900,-3
29020.jpg,1903,1900,-3
29025.jpg,1903,1900,-3
29030.jpg,1903,1900,-3
29035.jpg,1903,1900,-3
29040.jpg,1903,1900,-3
29045.jpg,1903,1900,-3
29050.jpg,1903,1990,87
29055.jpg,1903,1900,-3
29060.jpg,1903,1900,-3
29065.jpg,1903,1900,-3
29070.jpg,1903,1905,2
29075.jpg,1903,1950,47
29080.jpg,1903,1990,87
29085.jpg,1903,1930,27
29090.jpg,1903,1900,-3
29095.jpg,1903,1900,-3
29100.jpg,1903,1950,47
29105.jpg,1903,1900,-3
29110.jpg,1903,1930,27
29115.jpg,1903,1900,-3
29120.jpg,1903,1890,-13
29125.jpg,1903,1900,-3
29130.jpg,1903,1900,-3
29135.jpg,1903,1890,-13
29140.jpg,1903,1900,-3
29145.jpg,1903,1950,47
29150.jpg,1903,1900,-3
29155.jpg,1903,1900,-3
29160.jpg,1903,1900,-3
29165.jpg,1903,1900,-3
29170.jpg,1903,1950,47
29175.jpg,1903,1890,-13
29180.jpg,1903,1950,47
29185.jpg,1903,1950,47
29190.jpg,1903,1900,-3
29195.jpg,1903,1900,-3
29200.jpg,1903,1900,-3
29205.jpg,1903,1920,17
29210.jpg,1903,1900,-3
29215.jpg,1903,1900,-3
29220.jpg,1903,1900,-3
29225.jpg,1903,1900,-3
29230.jpg,1903,1900,-3
29235.jpg,1903,1900,-3
29240.jpg,1903,1950,47
29245.jpg,1903,1950,47
29250.jpg,1903,1920,17
29255.jpg,1903,1900,-3
29260.jpg,1903,1900,-3
29265.jpg,1903,1950,47
29270.jpg,1903,1900,-3
29275.jpg,1903,1900,-3
29280.jpg,1903,1900,-3
29285.jpg,1903,1900,-3
29290.jpg,1903,1900,-3
29295.jpg,1903,1900,-3
29300.jpg,1903,1990,87
29305.jpg,1903,1900,-3
29310.jpg,1903,1850,-53
29315.jpg,1903,1950,47
29320.jpg,1903,1950,47
29325.jpg,1903,1900,-3
29330.jpg,1903,1900,-3
29335.jpg,1903,1900,-3
29340.jpg,1903,1900,-3
29345.jpg,1903,1900,-3
29350.jpg,1903,1920,17
29355.jpg,1903,1900,-3
29360.jpg,1903,1900,-3
29365.jpg,1903,1990,87
29370.jpg,1903,1950,47
29375.jpg,1903,1890,-13
29380.jpg,1904,1600,-304
29385.jpg,1904,1900,-4
29390.jpg,1904,1900,-4
29395.jpg,1904,1990,86
29400.jpg,1904,1950,46
29405.jpg,1904,1900,-4
29410.jpg,1904,1990,86
29415.jpg,1904,1950,46
29420.jpg,1904,1900,-4
29425.jpg,1904,1900,-4
29430.jpg,1904,1890,-14
29435.jpg,1904,1850,-54
29440.jpg,1904,1850,-54
29445.jpg,1904,1920,16
29450.jpg,1904,1900,-4
29455.jpg,1904,1900,-4
29460.jpg,1904,1900,-4
29465.jpg,1904,1950,46
29470.jpg,1904,1970,66
29475.jpg,1904,1900,-4
29480.jpg,1904,1990,86
29485.jpg,1904,1900,-4
29490.jpg,1904,1900,-4
29495.jpg,1904,1900,-4
29500.jpg,1904,1990,86
29505.jpg,1904,1900,-4
29510.jpg,1904,1900,-4
29515.jpg,1904,1900,-4
29520.jpg,1904,1900,-4
29525.jpg,1904,1900,-4
29530.jpg,1904,1900,-4
29535.jpg,1904,1900,-4
29540.jpg,1904,1900,-4
29550.jpg,1904,1900,-4
29555.jpg,1904,1950,46
29560.jpg,1904,1930,26
29565.jpg,1904,1900,-4
29570.jpg,1904,1800,-104
29575.jpg,1904,1930,26
29580.jpg,1904,1900,-4
29585.jpg,1904,1950,46
29590.jpg,1904,1900,-4
29595.jpg,1904,1900,-4
29600.jpg,1904,1900,-4
29605.jpg,1904,1900,-4
29610.jpg,1904,1900,-4
29615.jpg,1904,1900,-4
29620.jpg,1904,1900,-4
29625.jpg,1904,1900,-4
29630.jpg,1904,1900,-4
29635.jpg,1904,1900,-4
29640.jpg,1904,1850,-54
29645.jpg,1904,1900,-4
29650.jpg,1904,1900,-4
29655.jpg,1904,1900,-4
29660.jpg,1904,1920,16
29665.jpg,1904,1900,-4
29670.jpg,1904,1900,-4
29675.jpg,1904,1900,-4
29680.jpg,1904,1900,-4
29685.jpg,1904,1850,-54
29690.jpg,1904,1950,46
29695.jpg,1904,1920,16
29700.jpg,1904,1900,-4
29705.jpg,1904,1900,-4
29710.jpg,1904,1850,-54
29715.jpg,1904,1900,-4
29720.jpg,1904,1850,-54
29725.jpg,1904,1950,46
29730.jpg,1904,1900,-4
29735.jpg,1904,1850,-54
29740.jpg,1904,1950,46
29745.jpg,1904,1920,16
29750.jpg,1904,1900,-4
29755.jpg,1904,1850,-54
29760.jpg,1904,1920,16
29765.jpg,1904,1900,-4
29770.jpg,1904,1920,16
29775.jpg,1904,1980,76
29780.jpg,1904,1904,0
29790.jpg,1904,1900,-4
29795.jpg,1904,1900,-4
29800.jpg,1904,1900,-4
29805.jpg,1904,1900,-4
29810.jpg,1904,1900,-4
29815.jpg,1904,1900,-4
29820.jpg,1904,1900,-4
29825.jpg,1904,1900,-4
29830.jpg,1905,1850,-55
29835.jpg,1905,1980,75
29840.jpg,1905,1900,-5
29845.jpg,1905,1900,-5
29850.jpg,1905,1990,85
29855.jpg,1905,1920,15
29860.jpg,1905,1950,45
29865.jpg,1905,1900,-5
29870.jpg,1905,1900,-5
29875.jpg,1905,1950,45
29880.jpg,1905,1850,-55
29885.jpg,1905,1950,45
29890.jpg,1905,1900,-5
29895.jpg,1905,1900,-5
29900.jpg,1905,1900,-5
29905.jpg,1905,1900,-5
29910.jpg,1905,1920,15
29915.jpg,1905,1900,-5
29920.jpg,1905,1890,-15
29925.jpg,1905,1900,-5
29930.jpg,1905,1900,-5
29935.jpg,1905,1920,15
29940.jpg,1905,1850,-55
29945.jpg,1905,1900,-5
29950.jpg,1905,1890,-15
29960.jpg,1905,1900,-5
29965.jpg,1905,1900,-5
29970.jpg,1905,1900,-5
29975.jpg,1905,1900,-5
29980.jpg,1905,1900,-5
29985.jpg,1905,1900,-5
29990.jpg,1905,1888,-17
29995.jpg,1905,1900,-5
30000.jpg,1905,1850,-55
30005.jpg,1905,1900,-5
30015.jpg,1905,1880,-25
30020.jpg,1905,1950,45
30025.jpg,1905,1900,-5
30030.jpg,1905,1890,-15
30035.jpg,1905,1950,45
30040.jpg,1905,1980,75
30045.jpg,1905,1850,-55
30050.jpg,1905,1950,45
30055.jpg,1905,1950,45
30060.jpg,1905,1890,-15
30065.jpg,1905,1900,-5
30070.jpg,1905,1900,-5
30075.jpg,1905,1850,-55
30080.jpg,1905,1980,75
30085.jpg,1905,1950,45
30090.jpg,1905,1850,-55
30095.jpg,1905,1900,-5
30100.jpg,1905,1850,-55
30105.jpg,1905,1900,-5
30110.jpg,1905,1950,45
30115.jpg,1905,1900,-5
30120.jpg,1905,1900,-5
30125.jpg,1905,1900,-5
30130.jpg,1905,1900,-5
30135.jpg,1905,1900,-5
30140.jpg,1905,1900,-5
30145.jpg,1905,1900,-5
30155.jpg,1905,1900,-5
30160.jpg,1905,1950,45
30165.jpg,1905,1850,-55
30170.jpg,1905,1900,-5
30175.jpg,1905,1900,-5
30180.jpg,1905,1950,45
30185.jpg,1905,1900,-5
30190.jpg,1905,1890,-15
30195.jpg,1905,1850,-55
30200.jpg,1905,1900,-5
30205.jpg,1905,1920,15
30210.jpg,1905,1800,-105
30215.jpg,1905,1900,-5
30220.jpg,1905,1900,-5
30225.jpg,1905,1900,-5
30230.jpg,1905,1950,45
30235.jpg,1905,1900,-5
30240.jpg,1905,1900,-5
30245.jpg,1905,1900,-5
30250.jpg,1905,1900,-5
30255.jpg,1905,1900,-5
30260.jpg,1905,1900,-5
30265.jpg,1905,1850,-55
30270.jpg,1905,1950,45
30275.jpg,1905,1900,-5
30280.jpg,1905,1900,-5
30285.jpg,1905,1900,-5
30290.jpg,1905,1900,-5
30295.jpg,1906,1900,-6
30300.jpg,1906,1890,-16
30305.jpg,1906,1920,14
30310.jpg,1906,1900,-6
30315.jpg,1906,1900,-6
30320.jpg,1906,1950,44
30325.jpg,1906,1950,44
30330.jpg,1906,1900,-6
30335.jpg,1906,1900,-6
30340.jpg,1906,1900,-6
30345.jpg,1906,1900,-6
30350.jpg,1906,1950,44
30355.jpg,1906,1950,44
30360.jpg,1906,1900,-6
30365.jpg,1906,1900,-6
30370.jpg,1906,1900,-6
30375.jpg,1906,1920,14
30380.jpg,1906,1900,-6
30385.jpg,1906,1890,-16
30390.jpg,1906,1900,-6
30395.jpg,1906,1900,-6
30400.jpg,1906,1920,14
30405.jpg,1906,1900,-6
30410.jpg,1906,1900,-6
30415.jpg,1906,1900,-6
30420.jpg,1906,1950,44
30425.jpg,1906,1900,-6
30430.jpg,1906,1900,-6
30435.jpg,1906,1900,-6
30440.jpg,1906,1980,74
30445.jpg,1906,1900,-6
30450.jpg,1906,1890,-16
30455.jpg,1906,1850,-56
30460.jpg,1906,1900,-6
30465.jpg,1906,1900,-6
30470.jpg,1906,1850,-56
30475.jpg,1906,1900,-6
30480.jpg,1906,1920,14
30485.jpg,1906,1850,-56
30490.jpg,1906,1850,-56
30495.jpg,1906,1900,-6
30500.jpg,1906,1950,44
30505.jpg,1906,1950,44
30510.jpg,1906,1890,-16
30515.jpg,1906,1900,-6
30520.jpg,1906,1900,-6
30525.jpg,1906,1850,-56
30530.jpg,1906,1900,-6
30535.jpg,1906,1900,-6
30540.jpg,1906,1850,-56
30545.jpg,1906,1930,24
30550.jpg,1906,1850,-56
30555.jpg,1906,1900,-6
30560.jpg,1906,1900,-6
30565.jpg,1906,1850,-56
30570.jpg,1906,1900,-6
30575.jpg,1906,1900,-6
30580.jpg,1906,1900,-6
30585.jpg,1906,1900,-6
30590.jpg,1906,1950,44
30595.jpg,1906,1900,-6
30600.jpg,1906,1900,-6
30605.jpg,1906,1900,-6
30610.jpg,1906,1890,-16
30615.jpg,1906,1950,44
30620.jpg,1906,1890,-16
30625.jpg,1906,1900,-6
30630.jpg,1906,1900,-6
30635.jpg,1906,1950,44
30640.jpg,1906,1900,-6
30645.jpg,1906,1900,-6
30650.jpg,1906,1800,-106
30655.jpg,1906,1900,-6
30665.jpg,1906,1900,-6
30670.jpg,1906,1900,-6
30685.jpg,1906,1900,-6
30690.jpg,1906,1950,44
30695.jpg,1906,1900,-6
30700.jpg,1906,1920,14
30705.jpg,1906,1900,-6
30710.jpg,1906,1950,44
30715.jpg,1906,1980,74
30720.jpg,1906,1900,-6
30725.jpg,1906,1900,-6
30730.jpg,1906,1900,-6
30740.jpg,1906,1850,-56
30745.jpg,1906,1900,-6
30750.jpg,1906,1900,-6
30760.jpg,1907,1900,-7
30765.jpg,1907,1920,13
30770.jpg,1907,1900,-7
30780.jpg,1907,1950,43
30785.jpg,1907,1920,13
30790.jpg,1907,1990,83
30795.jpg,1907,1850,-57
30800.jpg,1907,1900,-7
30805.jpg,1907,1850,-57
30810.jpg,1907,1850,-57
30815.jpg,1907,1920,13
30820.jpg,1907,1900,-7
30825.jpg,1907,1900,-7
30830.jpg,1907,1900,-7
30835.jpg,1907,1900,-7
30840.jpg,1907,1900,-7
30845.jpg,1907,1920,13
30855.jpg,1907,1900,-7
30860.jpg,1907,1900,-7
30865.jpg,1907,1900,-7
30870.jpg,1907,1900,-7
30875.jpg,1907,1900,-7
30880.jpg,1907,1900,-7
30885.jpg,1907,1900,-7
30895.jpg,1907,1900,-7
30900.jpg,1907,1900,-7
30905.jpg,1907,1900,-7
30910.jpg,1907,1970,63
30915.jpg,1907,1990,83
30920.jpg,1907,1980,73
30925.jpg,1907,1950,43
30930.jpg,1907,1900,-7
30935.jpg,1907,1900,-7
30940.jpg,1907,1980,73
30945.jpg,1907,1900,-7
30950.jpg,1907,1880,-27
30955.jpg,1907,1800,-107
30960.jpg,1907,1890,-17
30965.jpg,1907,1920,13
30970.jpg,1907,1900,-7
30975.jpg,1907,1900,-7
30980.jpg,1907,1900,-7
30985.jpg,1907,1900,-7
30990.jpg,1907,1900,-7
30995.jpg,1907,1980,73
31000.jpg,1907,1900,-7
31005.jpg,1907,1850,-57
31010.jpg,1907,1950,43
31015.jpg,1907,1900,-7
31020.jpg,1907,1900,-7
31025.jpg,1907,1900,-7
31030.jpg,1907,1900,-7
31035.jpg,1907,1900,-7
31040.jpg,1907,1900,-7
31045.jpg,1907,1900,-7
31050.jpg,1907,1900,-7
31055.jpg,1907,1850,-57
31060.jpg,1907,1890,-17
31065.jpg,1907,1850,-57
31070.jpg,1907,1900,-7
31075.jpg,1907,1900,-7
31080.jpg,1907,1900,-7
31085.jpg,1907,1900,-7
31090.jpg,1907,1890,-17
31095.jpg,1907,1900,-7
31100.jpg,1907,1930,23
31105.jpg,1907,1850,-57
31110.jpg,1907,1900,-7
31115.jpg,1907,1900,-7
31120.jpg,1907,1890,-17
31125.jpg,1907,1900,-7
31130.jpg,1907,1900,-7
31135.jpg,1907,1890,-17
31140.jpg,1907,1970,63
31150.jpg,1907,1890,-17
31155.jpg,1907,1900,-7
31160.jpg,1907,1920,13
31165.jpg,1907,1950,43
31170.jpg,1907,1980,73
31175.jpg,1907,1900,-7
31180.jpg,1907,1950,43
31185.jpg,1907,1900,-7
31190.jpg,1907,1980,73
31195.jpg,1907,1900,-7
31200.jpg,1907,1950,43
31205.jpg,1907,1900,-7
31210.jpg,1907,1900,-7
31215.jpg,1907,1970,63
31220.jpg,1907,1900,-7
31225.jpg,1907,1900,-7
31230.jpg,1907,1900,-7
31235.jpg,1907,1900,-7
31240.jpg,1907,1900,-7
31245.jpg,1907,1900,-7
31250.jpg,1907,1900,-7
31255.jpg,1907,1890,-17
31260.jpg,1907,1930,23
31265.jpg,1907,1884,-23
31270.jpg,1907,1950,43
31275.jpg,1907,1890,-17
31280.jpg,1907,1900,-7
31285.jpg,1907,1950,43
31290.jpg,1907,1850,-57
31295.jpg,1907,1920,13
31300.jpg,1907,1960,53
31305.jpg,1907,1920,13
31310.jpg,1908,1600,-308
31315.jpg,1908,1900,-8
31320.jpg,1908,1930,22
31325.jpg,1908,1900,-8
31330.jpg,1908,1850,-58
31335.jpg,1908,1920,12
31345.jpg,1908,1930,22
31350.jpg,1908,1900,-8
31355.jpg,1908,1900,-8
31360.jpg,1908,1900,-8
31365.jpg,1908,1900,-8
31370.jpg,1908,1900,-8
31380.jpg,1908,1850,-58
31385.jpg,1908,1920,12
31390.jpg,1908,1900,-8
31395.jpg,1908,1900,-8
31400.jpg,1908,1900,-8
31405.jpg,1908,1900,-8
31410.jpg,1908,1900,-8
31415.jpg,1908,1900,-8
31420.jpg,1908,1890,-18
31425.jpg,1908,1920,12
31430.jpg,1908,1900,-8
31435.jpg,1908,1950,42
31440.jpg,1908,1900,-8
31445.jpg,1908,1900,-8
31450.jpg,1908,1900,-8
31455.jpg,1908,1900,-8
31460.jpg,1908,1900,-8
31465.jpg,1908,1900,-8
31470.jpg,1908,1950,42
31475.jpg,1908,1900,-8
31480.jpg,1908,1900,-8
31485.jpg,1908,1800,-108
31490.jpg,1908,1880,-28
31500.jpg,1908,1900,-8
31505.jpg,1908,1900,-8
31510.jpg,1908,1900,-8
31515.jpg,1908,1900,-8
31520.jpg,1908,1900,-8
31525.jpg,1908,1900,-8
31530.jpg,1908,1980,72
31535.jpg,1908,1950,42
31540.jpg,1908,1900,-8
31545.jpg,1908,1900,-8
31550.jpg,1908,1900,-8
31555.jpg,1908,1850,-58
31560.jpg,1908,1900,-8
31565.jpg,1908,1900,-8
31570.jpg,1908,1850,-58
31575.jpg,1908,1850,-58
31580.jpg,1908,1900,-8
31585.jpg,1908,1990,82
31590.jpg,1908,1980,72
31595.jpg,1908,1900,-8
31600.jpg,1908,1890,-18
31605.jpg,1908,1950,42
31610.jpg,1908,1900,-8
31620.jpg,1908,1950,42
31625.jpg,1908,1960,52
31630.jpg,1908,1900,-8
31635.jpg,1908,1900,-8
31640.jpg,1908,1900,-8
31645.jpg,1908,1950,42
31650.jpg,1908,1950,42
31655.jpg,1908,1900,-8
31660.jpg,1908,1950,42
31665.jpg,1908,1890,-18
31670.jpg,1908,1890,-18
31675.jpg,1908,1900,-8
31680.jpg,1908,1890,-18
31685.jpg,1908,1900,-8
31690.jpg,1908,1900,-8
31695.jpg,1908,1900,-8
31700.jpg,1908,1900,-8
31705.jpg,1908,1850,-58
31710.jpg,1908,1900,-8
31715.jpg,1908,1900,-8
31720.jpg,1908,1900,-8
31725.jpg,1908,1950,42
31730.jpg,1908,1900,-8
31735.jpg,1908,1950,42
31740.jpg,1908,1990,82
31745.jpg,1908,1900,-8
31750.jpg,1908,1950,42
31755.jpg,1908,1900,-8
31760.jpg,1908,1900,-8
31765.jpg,1909,1900,-9
31770.jpg,1909,1900,-9
31775.jpg,1909,1900,-9
31780.jpg,1909,1900,-9
31785.jpg,1909,1950,41
31790.jpg,1909,1990,81
31805.jpg,1909,1950,41
31815.jpg,1909,1900,-9
31820.jpg,1909,1950,41
31825.jpg,1909,1900,-9
31830.jpg,1909,1900,-9
31835.jpg,1909,1990,81
31840.jpg,1909,1900,-9
31845.jpg,1909,1900,-9
31850.jpg,1909,1900,-9
31855.jpg,1909,1900,-9
31860.jpg,1909,1900,-9
31865.jpg,1909,1905,-4
31870.jpg,1909,1900,-9
31875.jpg,1909,1900,-9
31880.jpg,1909,1905,-4
31885.jpg,1909,1900,-9
31890.jpg,1909,1900,-9
31895.jpg,1909,1900,-9
31900.jpg,1909,1900,-9
31905.jpg,1909,1900,-9
31910.jpg,1909,1900,-9
31915.jpg,1909,1990,81
31920.jpg,1909,1450,-459
31925.jpg,1909,1980,71
31930.jpg,1909,1890,-19
31935.jpg,1909,1900,-9
31940.jpg,1909,1900,-9
31945.jpg,1909,1900,-9
31950.jpg,1909,1930,21
31955.jpg,1909,1900,-9
31960.jpg,1909,1930,21
31970.jpg,1909,1890,-19
31975.jpg,1909,1900,-9
31980.jpg,1909,1900,-9
31985.jpg,1909,1890,-19
31990.jpg,1909,1900,-9
31995.jpg,1909,1950,41
32005.jpg,1909,1850,-59
32015.jpg,1909,1850,-59
32020.jpg,1909,1900,-9
32025.jpg,1909,1900,-9
32030.jpg,1909,1900,-9
32035.jpg,1909,1850,-59
32045.jpg,1909,1900,-9
32050.jpg,1909,1900,-9
32055.jpg,1909,1900,-9
32060.jpg,1909,1950,41
32065.jpg,1909,1900,-9
32070.jpg,1909,1900,-9
32075.jpg,1909,1920,11
32080.jpg,1909,1900,-9
32085.jpg,1909,1900,-9
32090.jpg,1909,1900,-9
32095.jpg,1909,1900,-9
32100.jpg,1909,1900,-9
32105.jpg,1909,1950,41
32110.jpg,1909,1980,71
32115.jpg,1909,1900,-9
32120.jpg,1909,1950,41
32125.jpg,1909,1920,11
32130.jpg,1909,1900,-9
32135.jpg,1909,1900,-9
32140.jpg,1909,1900,-9
32145.jpg,1909,1900,-9
32150.jpg,1909,1880,-29
32155.jpg,1909,1950,41
32160.jpg,1909,1900,-9
32165.jpg,1909,1900,-9
32170.jpg,1909,1900,-9
32175.jpg,1909,1900,-9
32180.jpg,1909,1920,11
32185.jpg,1909,1900,-9
32190.jpg,1909,1900,-9
32195.jpg,1909,1900,-9
32200.jpg,1909,1950,41
32205.jpg,1909,1920,11
32210.jpg,1909,1900,-9
32215.jpg,1909,1900,-9
32220.jpg,1909,1900,-9
32225.jpg,1909,1970,61
32230.jpg,1910,1600,-310
32235.jpg,1910,1900,-10
32240.jpg,1910,1900,-10
32245.jpg,1910,1920,10
32255.jpg,1910,1900,-10
32260.jpg,1910,1950,40
32265.jpg,1910,1980,70
32270.jpg,1910,1950,40
32275.jpg,1910,1950,40
32280.jpg,1910,1950,40
32285.jpg,1910,1850,-60
32290.jpg,1910,1900,-10
32295.jpg,1910,1900,-10
32300.jpg,1910,1900,-10
32305.jpg,1910,1900,-10
32310.jpg,1910,1900,-10
32315.jpg,1910,1900,-10
32320.jpg,1910,1900,-10
32325.jpg,1910,1900,-10
32330.jpg,1910,1900,-10
32335.jpg,1910,1900,-10
32340.jpg,1910,1900,-10
32345.jpg,1910,1900,-10
32350.jpg,1910,1900,-10
32355.jpg,1910,1900,-10
32360.jpg,1910,1900,-10
32365.jpg,1910,1950,40
32370.jpg,1910,1950,40
32375.jpg,1910,1900,-10
32380.jpg,1910,1850,-60
32385.jpg,1910,1980,70
32390.jpg,1910,1930,20
32395.jpg,1910,1950,40
32400.jpg,1910,1930,20
32405.jpg,1910,1900,-10
32410.jpg,1910,1930,20
32415.jpg,1910,1600,-310
32420.jpg,1910,1900,-10
32425.jpg,1910,1850,-60
32430.jpg,1910,1900,-10
32435.jpg,1910,1900,-10
32440.jpg,1910,1850,-60
32445.jpg,1910,1850,-60
32450.jpg,1910,1900,-10
32455.jpg,1910,1890,-20
32460.jpg,1910,1950,40
32465.jpg,1910,1900,-10
32470.jpg,1910,1850,-60
32475.jpg,1910,1950,40
32480.jpg,1910,1900,-10
32485.jpg,1910,1900,-10
32490.jpg,1910,1850,-60
32495.jpg,1910,1950,40
32500.jpg,1910,1920,10
32505.jpg,1910,1920,10
32510.jpg,1910,1990,80
32515.jpg,1910,1950,40
32520.jpg,1910,1900,-10
32525.jpg,1910,1900,-10
32530.jpg,1910,1900,-10
32535.jpg,1910,1950,40
32540.jpg,1910,1950,40
32545.jpg,1910,1920,10
32550.jpg,1910,1900,-10
32555.jpg,1910,1900,-10
32560.jpg,1910,1950,40
32565.jpg,1910,1850,-60
32570.jpg,1910,1900,-10
32575.jpg,1910,1890,-20
32580.jpg,1910,1900,-10
32585.jpg,1910,1920,10
32590.jpg,1910,1900,-10
32595.jpg,1910,1900,-10
32600.jpg,1910,1850,-60
32605.jpg,1910,1900,-10
32610.jpg,1910,1900,-10
32615.jpg,1910,1900,-10
32620.jpg,1910,1900,-10
32625.jpg,1910,1950,40
32630.jpg,1910,1900,-10
32635.jpg,1910,1920,10
32640.jpg,1910,1900,-10
32645.jpg,1910,1900,-10
32650.jpg,1910,1900,-10
32655.jpg,1910,1950,40
32660.jpg,1910,1900,-10
32665.jpg,1910,1900,-10
32675.jpg,1910,1900,-10
32680.jpg,1910,1900,-10
32685.jpg,1910,1950,40
32690.jpg,1910,1900,-10
32695.jpg,1910,1900,-10
32700.jpg,1910,1900,-10
32705.jpg,1910,1850,-60
32710.jpg,1910,1950,40
32715.jpg,1910,1950,40
32720.jpg,1910,1900,-10
32725.jpg,1910,1900,-10
32730.jpg,1910,1950,40
32735.jpg,1910,1850,-60
32740.jpg,1911,1500,-411
32745.jpg,1911,1900,-11
32750.jpg,1911,1920,9
32755.jpg,1911,1930,19
32760.jpg,1911,1920,9
32765.jpg,1911,1900,-11
32770.jpg,1911,1900,-11
32775.jpg,1911,1920,9
32780.jpg,1911,1950,39
32785.jpg,1911,1990,79
32790.jpg,1911,1900,-11
32795.jpg,1911,1917,6
32800.jpg,1911,1950,39
32805.jpg,1911,1850,-61
32810.jpg,1911,1890,-21
32815.jpg,1911,1900,-11
32820.jpg,1911,1950,39
32825.jpg,1911,1920,9
32830.jpg,1911,1900,-11
32835.jpg,1911,1920,9
32840.jpg,1911,1980,69
32845.jpg,1911,1600,-311
32850.jpg,1911,1920,9
32855.jpg,1911,1900,-11
32860.jpg,1911,1950,39
32865.jpg,1911,1900,-11
32870.jpg,1911,1900,-11
32875.jpg,1911,1900,-11
32885.jpg,1911,1900,-11
32890.jpg,1911,1950,39
32895.jpg,1911,1900,-11
32900.jpg,1911,1900,-11
32905.jpg,1911,1900,-11
32910.jpg,1911,1900,-11
32915.jpg,1911,1900,-11
32920.jpg,1911,1900,-11
32925.jpg,1911,1920,9
32930.jpg,1911,1900,-11
32935.jpg,1911,1970,59
32940.jpg,1911,1900,-11
32945.jpg,1911,1900,-11
32950.jpg,1911,2010,99
32955.jpg,1911,1900,-11
32960.jpg,1911,1900,-11
32965.jpg,1911,1930,19
32970.jpg,1911,1850,-61
32975.jpg,1911,1800,-111
32980.jpg,1911,1900,-11
32985.jpg,1911,1900,-11
32990.jpg,1911,1900,-11
32995.jpg,1911,1900,-11
33000.jpg,1911,1900,-11
33005.jpg,1911,1900,-11
33010.jpg,1911,1950,39
33015.jpg,1911,1900,-11
33020.jpg,1911,1950,39
33025.jpg,1911,1900,-11
33030.jpg,1911,1850,-61
33035.jpg,1911,1980,69
33040.jpg,1911,1950,39
33045.jpg,1911,1900,-11
33050.jpg,1911,1950,39
33055.jpg,1911,1900,-11
33060.jpg,1911,1900,-11
33065.jpg,1911,1850,-61
33070.jpg,1911,1950,39
33075.jpg,1911,1900,-11
33080.jpg,1911,1900,-11
33085.jpg,1911,1900,-11
33090.jpg,1911,1900,-11
33095.jpg,1911,1890,-21
33100.jpg,1911,1900,-11
33105.jpg,1911,1850,-61
33110.jpg,1911,1900,-11
33115.jpg,1911,1890,-21
33120.jpg,1911,1900,-11
33125.jpg,1911,1980,69
33130.jpg,1911,1950,39
33135.jpg,1911,1920,9
33140.jpg,1911,1900,-11
33145.jpg,1911,1900,-11
33150.jpg,1911,1600,-311
33155.jpg,1911,1970,59
33160.jpg,1911,1900,-11
33165.jpg,1911,1900,-11
33170.jpg,1911,1900,-11
33175.jpg,1911,1980,69
33180.jpg,1911,1950,39
33185.jpg,1911,1900,-11
33190.jpg,1911,1900,-11
33195.jpg,1911,1950,39
33200.jpg,1911,1900,-11
33205.jpg,1911,1900,-11
33210.jpg,1911,1900,-11
33215.jpg,1911,1900,-11
33220.jpg,1911,1900,-11
33225.jpg,1911,1950,39
33230.jpg,1911,1890,-21
33235.jpg,1911,1900,-11
33240.jpg,1911,1800,-111
33245.jpg,1911,1900,-11
33250.jpg,1911,1920,9
33255.jpg,1911,1890,-21
33260.jpg,1911,1900,-11
33265.jpg,1911,1900,-11
33270.jpg,1911,1900,-11
33275.jpg,1911,1900,-11
33280.jpg,1912,1920,8
33285.jpg,1912,1900,-12
33290.jpg,1912,1900,-12
33295.jpg,1912,1900,-12
33300.jpg,1912,1900,-12
33310.jpg,1912,1990,78
33315.jpg,1912,1980,68
33320.jpg,1912,1990,78
33325.jpg,1912,1900,-12
33330.jpg,1912,1950,38
33335.jpg,1912,1900,-12
33340.jpg,1912,1950,38
33345.jpg,1912,1950,38
33350.jpg,1912,1900,-12
33355.jpg,1912,1930,18
33360.jpg,1912,1900,-12
33365.jpg,1912,1900,-12
33375.jpg,1912,1900,-12
33380.jpg,1912,1930,18
33385.jpg,1912,1900,-12
33390.jpg,1912,1900,-12
33395.jpg,1912,1980,68
33400.jpg,1912,1920,8
33405.jpg,1912,1980,68
33410.jpg,1912,1850,-62
33415.jpg,1912,1900,-12
33420.jpg,1912,1900,-12
33425.jpg,1912,1900,-12
33430.jpg,1912,1920,8
33435.jpg,1912,1900,-12
33440.jpg,1912,1900,-12
33445.jpg,1912,1900,-12
33450.jpg,1912,1900,-12
33455.jpg,1912,1950,38
33460.jpg,1912,1900,-12
33465.jpg,1912,1900,-12
33470.jpg,1912,1900,-12
33475.jpg,1912,1900,-12
33480.jpg,1912,1930,18
33485.jpg,1912,1950,38
33490.jpg,1912,1900,-12
33495.jpg,1912,1900,-12
33500.jpg,1912,1900,-12
33505.jpg,1912,1800,-112
33510.jpg,1912,1950,38
33515.jpg,1912,1900,-12
33520.jpg,1912,1950,38
33525.jpg,1912,1900,-12
33530.jpg,1912,1850,-62
33535.jpg,1912,1920,8
33540.jpg,1912,1900,-12
33545.jpg,1912,1900,-12
33550.jpg,1912,1920,8
33555.jpg,1912,1900,-12
33560.jpg,1912,1890,-22
33565.jpg,1912,1950,38
33570.jpg,1912,1900,-12
33580.jpg,1912,1800,-112
33585.jpg,1912,1900,-12
33590.jpg,1912,1900,-12
33595.jpg,1912,1900,-12
33600.jpg,1912,1900,-12
33605.jpg,1912,1900,-12
33615.jpg,1912,1900,-12
33620.jpg,1912,1980,68
33625.jpg,1912,1900,-12
33630.jpg,1912,1950,38
33635.jpg,1912,1970,58
33640.jpg,1912,1850,-62
33645.jpg,1912,1950,38
33650.jpg,1912,1900,-12
33655.jpg,1912,1950,38
33660.jpg,1912,1900,-12
33665.jpg,1912,1900,-12
33670.jpg,1912,1950,38
33675.jpg,1912,1970,58
33680.jpg,1912,1900,-12
33685.jpg,1912,1950,38
33690.jpg,1912,1990,78
33695.jpg,1912,1900,-12
33700.jpg,1912,1900,-12
33705.jpg,1912,1900,-12
33710.jpg,1912,1900,-12
33715.jpg,1912,1900,-12
33720.jpg,1912,1900,-12
33725.jpg,1912,1900,-12
33735.jpg,1912,1880,-32
33740.jpg,1912,1900,-12
33745.jpg,1912,1980,68
33750.jpg,1912,1900,-12
33755.jpg,1912,1900,-12
33760.jpg,1912,1890,-22
33765.jpg,1913,1900,-13
33770.jpg,1913,1900,-13
33775.jpg,1913,1900,-13
33780.jpg,1913,1900,-13
33785.jpg,1913,1900,-13
33790.jpg,1913,1900,-13
33795.jpg,1913,1900,-13
33800.jpg,1913,1900,-13
33805.jpg,1913,1900,-13
33810.jpg,1913,1900,-13
33815.jpg,1913,1930,17
33820.jpg,1913,1930,17
33825.jpg,1913,1920,7
33830.jpg,1913,1920,7
33840.jpg,1913,1900,-13
33845.jpg,1913,1900,-13
33850.jpg,1913,1900,-13
33855.jpg,1913,1900,-13
33860.jpg,1913,1900,-13
33865.jpg,1913,1900,-13
33870.jpg,1913,1900,-13
33875.jpg,1913,1900,-13
33880.jpg,1913,1900,-13
33885.jpg,1913,1900,-13
33890.jpg,1913,1900,-13
33895.jpg,1913,1930,17
33900.jpg,1913,1905,-8
33905.jpg,1913,1900,-13
33910.jpg,1913,1900,-13
33915.jpg,1913,1900,-13
33920.jpg,1913,1900,-13
33925.jpg,1913,1950,37
33930.jpg,1913,1950,37
33935.jpg,1913,1920,7
33940.jpg,1913,1900,-13
33945.jpg,1913,1900,-13
33950.jpg,1913,1900,-13
33955.jpg,1913,1970,57
33960.jpg,1913,1900,-13
33965.jpg,1913,1900,-13
33970.jpg,1913,1900,-13
33975.jpg,1913,1900,-13
33980.jpg,1913,1950,37
33985.jpg,1913,1930,17
33990.jpg,1913,1900,-13
33995.jpg,1913,1900,-13
34000.jpg,1913,1900,-13
34005.jpg,1913,1950,37
34010.jpg,1913,1850,-63
34015.jpg,1913,1900,-13
34020.jpg,1913,1900,-13
34025.jpg,1913,1980,67
34030.jpg,1913,1900,-13
34035.jpg,1913,1900,-13
34040.jpg,1913,1900,-13
34045.jpg,1913,1920,7
34050.jpg,1913,1950,37
34055.jpg,1913,1900,-13
34060.jpg,1913,1900,-13
34065.jpg,1913,1900,-13
34070.jpg,1913,1900,-13
34080.jpg,1913,1950,37
34085.jpg,1913,1850,-63
34090.jpg,1913,1950,37
34095.jpg,1913,1900,-13
34100.jpg,1913,1900,-13
34105.jpg,1913,1900,-13
34110.jpg,1913,1900,-13
34115.jpg,1913,1920,7
34120.jpg,1913,1950,37
34125.jpg,1913,1950,37
34130.jpg,1913,1900,-13
34135.jpg,1913,1900,-13
34140.jpg,1913,1900,-13
34145.jpg,1913,1950,37
34150.jpg,1913,1890,-23
34155.jpg,1913,1950,37
34160.jpg,1913,1850,-63
34165.jpg,1913,1920,7
34170.jpg,1913,1900,-13
34175.jpg,1913,1890,-23
34180.jpg,1913,1900,-13
34185.jpg,1913,1880,-33
34190.jpg,1913,1920,7
34195.jpg,1913,1850,-63
34200.jpg,1913,1900,-13
34205.jpg,1913,1900,-13
34210.jpg,1913,1900,-13
34215.jpg,1913,1980,67
34220.jpg,1913,1900,-13
34225.jpg,1914,1920,6
34230.jpg,1914,1900,-14
34235.jpg,1914,1920,6
34240.jpg,1914,1900,-14
34245.jpg,1914,1980,66
34250.jpg,1914,1920,6
34260.jpg,1914,2010,96
34265.jpg,1914,1930,16
34270.jpg,1914,1920,6
34275.jpg,1914,1900,-14
34280.jpg,1914,1900,-14
34285.jpg,1914,1950,36
34290.jpg,1914,1900,-14
34295.jpg,1914,1920,6
34300.jpg,1914,1920,6
34305.jpg,1914,1920,6
34310.jpg,1914,1900,-14
34315.jpg,1914,1900,-14
34320.jpg,1914,1900,-14
34325.jpg,1914,1900,-14
34330.jpg,1914,1900,-14
34335.jpg,1914,1900,-14
34345.jpg,1914,1920,6
34350.jpg,1914,1900,-14
34360.jpg,1914,1900,-14
34365.jpg,1914,1900,-14
34370.jpg,1914,1900,-14
34375.jpg,1914,1920,6
34380.jpg,1914,1950,36
34385.jpg,1914,1850,-64
34390.jpg,1914,1945,31
34395.jpg,1914,1900,-14
34400.jpg,1914,1900,-14
34405.jpg,1914,1900,-14
34410.jpg,1914,1930,16
34415.jpg,1914,1900,-14
34420.jpg,1914,1990,76
34425.jpg,1914,1900,-14
34430.jpg,1914,1930,16
34435.jpg,1914,1920,6
34440.jpg,1914,1850,-64
34445.jpg,1914,1850,-64
34450.jpg,1914,1900,-14
34455.jpg,1914,1850,-64
34460.jpg,1914,1890,-24
34465.jpg,1914,1950,36
34470.jpg,1914,1950,36
34475.jpg,1914,1900,-14
34480.jpg,1914,1900,-14
34485.jpg,1914,1950,36
34490.jpg,1914,1900,-14
34495.jpg,1914,1850,-64
34500.jpg,1914,1890,-24
34505.jpg,1914,1900,-14
34515.jpg,1914,1850,-64
34520.jpg,1914,1900,-14
34525.jpg,1914,1890,-24
34530.jpg,1914,1900,-14
34535.jpg,1914,1900,-14
34540.jpg,1914,1930,16
34545.jpg,1914,1950,36
34550.jpg,1914,1900,-14
34555.jpg,1914,1850,-64
34560.jpg,1914,1950,36
34565.jpg,1914,1900,-14
34570.jpg,1914,1980,66
34575.jpg,1914,1900,-14
34580.jpg,1914,1920,6
34590.jpg,1914,1900,-14
34595.jpg,1914,1950,36
34600.jpg,1914,1900,-14
34605.jpg,1914,1900,-14
34610.jpg,1914,1900,-14
34615.jpg,1914,1900,-14
34620.jpg,1914,1800,-114
34625.jpg,1914,1900,-14
34630.jpg,1914,1900,-14
34635.jpg,1914,1900,-14
34640.jpg,1914,1900,-14
34645.jpg,1914,1900,-14
34650.jpg,1914,1900,-14
34655.jpg,1914,1900,-14
34660.jpg,1914,1950,36
34665.jpg,1914,1900,-14
34670.jpg,1914,1900,-14
34675.jpg,1914,1920,6
34680.jpg,1914,1920,6
34685.jpg,1914,1950,36
34690.jpg,1914,1900,-14
34695.jpg,1914,1850,-64
34700.jpg,1914,1900,-14
34705.jpg,1914,1900,-14
34710.jpg,1914,1900,-14
34715.jpg,1914,1900,-14
34720.jpg,1915,1850,-65
34725.jpg,1915,1900,-15
34730.jpg,1915,1900,-15
34735.jpg,1915,1920,5
34740.jpg,1915,1916,1
34750.jpg,1915,1950,35
34755.jpg,1915,1950,35
34765.jpg,1915,1890,-25
34770.jpg,1915,1920,5
34775.jpg,1915,1900,-15
34780.jpg,1915,1950,35
34785.jpg,1915,1900,-15
34790.jpg,1915,1920,5
34795.jpg,1915,1900,-15
34800.jpg,1915,1950,35
34805.jpg,1915,1900,-15
34810.jpg,1915,1950,35
34815.jpg,1915,1900,-15
34820.jpg,1915,1980,65
34825.jpg,1915,1900,-15
34830.jpg,1915,1900,-15
34835.jpg,1915,1900,-15
34840.jpg,1915,1920,5
34845.jpg,1915,1950,35
34850.jpg,1915,1900,-15
34855.jpg,1915,1890,-25
34860.jpg,1915,1950,35
34865.jpg,1915,1900,-15
34870.jpg,1915,1950,35
34875.jpg,1915,1920,5
34880.jpg,1915,1900,-15
34885.jpg,1915,1930,15
34890.jpg,1915,1800,-115
34895.jpg,1915,1900,-15
34900.jpg,1915,1930,15
34905.jpg,1915,1900,-15
34910.jpg,1915,1980,65
34915.jpg,1915,1900,-15
34920.jpg,1915,1900,-15
34925.jpg,1915,1900,-15
34930.jpg,1915,1950,35
34935.jpg,1915,1900,-15
34940.jpg,1915,1850,-65
34945.jpg,1915,1950,35
34950.jpg,1915,1950,35
34955.jpg,1915,1900,-15
34960.jpg,1915,1990,75
34965.jpg,1915,1990,75
34970.jpg,1915,1950,35
34975.jpg,1915,1900,-15
34980.jpg,1915,1900,-15
34985.jpg,1915,1890,-25
34990.jpg,1915,1950,35
34995.jpg,1915,1900,-15
35000.jpg,1915,1900,-15
35005.jpg,1915,1950,35
35010.jpg,1915,1950,35
35015.jpg,1915,1900,-15
35020.jpg,1915,1950,35
35025.jpg,1915,1900,-15
35030.jpg,1915,1900,-15
35035.jpg,1915,1890,-25
35040.jpg,1915,1900,-15
35045.jpg,1915,1920,5
35050.jpg,1915,1950,35
35055.jpg,1915,1900,-15
35060.jpg,1915,1950,35
35065.jpg,1915,1920,5
35070.jpg,1915,1900,-15
35075.jpg,1915,1920,5
35080.jpg,1915,1930,15
35085.jpg,1915,1900,-15
35090.jpg,1915,1930,15
35095.jpg,1915,1900,-15
35100.jpg,1915,1900,-15
35105.jpg,1915,1950,35
35110.jpg,1915,1920,5
35115.jpg,1915,1950,35
35120.jpg,1915,1900,-15
35125.jpg,1915,1900,-15
35130.jpg,1915,1920,5
35135.jpg,1915,1800,-115
35140.jpg,1915,1850,-65
35145.jpg,1915,1930,15
35150.jpg,1915,1950,35
35155.jpg,1915,1920,5
35160.jpg,1916,1900,-16
35165.jpg,1916,1950,34
35170.jpg,1916,1950,34
35175.jpg,1916,1990,74
35180.jpg,1916,1900,-16
35185.jpg,1916,1900,-16
35190.jpg,1916,1900,-16
35195.jpg,1916,1930,14
35200.jpg,1916,1900,-16
35205.jpg,1916,1900,-16
35210.jpg,1916,1920,4
35215.jpg,1916,1890,-26
35220.jpg,1916,1920,4
35225.jpg,1916,1900,-16
35230.jpg,1916,1900,-16
35235.jpg,1916,1900,-16
35240.jpg,1916,1900,-16
35245.jpg,1916,1900,-16
35250.jpg,1916,1900,-16
35255.jpg,1916,1950,34
35260.jpg,1916,1920,4
35265.jpg,1916,1900,-16
35270.jpg,1916,1900,-16
35275.jpg,1916,1900,-16
35280.jpg,1916,1900,-16
35285.jpg,1916,1900,-16
35290.jpg,1916,1900,-16
35295.jpg,1916,1900,-16
35300.jpg,1916,1900,-16
35305.jpg,1916,1900,-16
35310.jpg,1916,1850,-66
35315.jpg,1916,1900,-16
35320.jpg,1916,1950,34
35325.jpg,1916,1900,-16
35330.jpg,1916,1950,34
35335.jpg,1916,1850,-66
35340.jpg,1916,1950,34
35345.jpg,1916,1900,-16
35350.jpg,1916,1900,-16
35355.jpg,1916,1950,34
35360.jpg,1916,1900,-16
35365.jpg,1916,1950,34
35370.jpg,1916,1850,-66
35375.jpg,1916,1950,34
35380.jpg,1916,1950,34
35385.jpg,1916,1950,34
35390.jpg,1916,1950,34
35395.jpg,1916,1950,34
35400.jpg,1916,1950,34
35405.jpg,1916,1850,-66
35410.jpg,1916,1900,-16
35415.jpg,1916,1900,-16
35420.jpg,1916,1900,-16
35425.jpg,1916,1950,34
35430.jpg,1916,1980,64
35435.jpg,1916,1900,-16
35440.jpg,1916,1900,-16
35445.jpg,1916,1900,-16
35450.jpg,1916,1900,-16
35455.jpg,1916,1900,-16
35460.jpg,1916,1900,-16
35465.jpg,1916,1900,-16
35470.jpg,1916,1900,-16
35475.jpg,1916,1900,-16
35480.jpg,1916,1900,-16
35485.jpg,1916,1900,-16
35490.jpg,1916,1900,-16
35495.jpg,1916,1950,34
35500.jpg,1916,1930,14
35505.jpg,1916,1900,-16
35510.jpg,1916,1850,-66
35515.jpg,1916,1930,14
35520.jpg,1916,1900,-16
35525.jpg,1916,1900,-16
35530.jpg,1916,1900,-16
35535.jpg,1917,1900,-17
35540.jpg,1917,1920,3
35545.jpg,1917,1900,-17
35550.jpg,1917,1900,-17
35555.jpg,1917,1930,13
35560.jpg,1917,1930,13
35565.jpg,1917,1950,33
35570.jpg,1917,1950,33
35575.jpg,1917,1900,-17
35580.jpg,1917,1850,-67
35585.jpg,1917,1900,-17
35590.jpg,1917,1900,-17
35595.jpg,1917,1930,13
35600.jpg,1917,1900,-17
35605.jpg,1917,1900,-17
35610.jpg,1917,1900,-17
35615.jpg,1917,1920,3
35620.jpg,1917,1940,23
35625.jpg,1917,1900,-17
35630.jpg,1917,1900,-17
35635.jpg,1917,1900,-17
35640.jpg,1917,1900,-17
35645.jpg,1917,1900,-17
35650.jpg,1917,1950,33
35655.jpg,1917,1950,33
35660.jpg,1917,1950,33
35665.jpg,1917,1950,33
35670.jpg,1917,1980,63
35675.jpg,1917,1900,-17
35680.jpg,1917,1950,33
35685.jpg,1917,1900,-17
35690.jpg,1917,1950,33
35695.jpg,1917,1900,-17
35700.jpg,1917,1900,-17
35705.jpg,1917,1950,33
35710.jpg,1917,1900,-17
35715.jpg,1917,1900,-17
35720.jpg,1917,1950,33
35725.jpg,1917,1990,73
35730.jpg,1917,1950,33
35735.jpg,1917,1930,13
35740.jpg,1917,1990,73
35745.jpg,1917,1900,-17
35750.jpg,1917,1950,33
35755.jpg,1917,1950,33
35760.jpg,1917,1920,3
35765.jpg,1917,1990,73
35770.jpg,1917,1900,-17
35775.jpg,1917,1950,33
35780.jpg,1917,1900,-17
35785.jpg,1917,1990,73
35790.jpg,1917,1930,13
35795.jpg,1917,1900,-17
35800.jpg,1917,1950,33
35805.jpg,1917,1900,-17
35810.jpg,1917,1900,-17
35815.jpg,1917,1900,-17
35820.jpg,1917,1950,33
35825.jpg,1917,1900,-17
35830.jpg,1917,1950,33
35835.jpg,1917,1980,63
35840.jpg,1917,1890,-27
35845.jpg,1917,1950,33
35850.jpg,1917,1900,-17
35855.jpg,1917,1930,13
35860.jpg,1917,1900,-17
35865.jpg,1917,1920,3
35870.jpg,1917,1950,33
35875.jpg,1917,1900,-17
35880.jpg,1917,1917,0
35885.jpg,1917,1950,33
35890.jpg,1917,1900,-17
35895.jpg,1917,1950,33
35900.jpg,1917,1900,-17
35905.jpg,1917,1920,3
35910.jpg,1917,1900,-17
35915.jpg,1917,1900,-17
35920.jpg,1918,1950,32
35925.jpg,1918,1990,72
35930.jpg,1918,1900,-18
35935.jpg,1918,1980,62
35940.jpg,1918,1950,32
35945.jpg,1918,1920,2
35950.jpg,1918,1950,32
35955.jpg,1918,1950,32
35960.jpg,1918,1900,-18
35965.jpg,1918,1950,32
35970.jpg,1918,1950,32
35980.jpg,1918,1900,-18
35985.jpg,1918,1900,-18
35990.jpg,1918,1930,12
35995.jpg,1918,1900,-18
36000.jpg,1918,1900,-18
36005.jpg,1918,1950,32
36010.jpg,1918,1900,-18
36015.jpg,1918,1900,-18
36020.jpg,1918,1950,32
36025.jpg,1918,1920,2
36030.jpg,1918,1950,32
36035.jpg,1918,1950,32
36040.jpg,1918,1900,-18
36045.jpg,1918,1850,-68
36050.jpg,1918,1950,32
36055.jpg,1918,1850,-68
36060.jpg,1918,1950,32
36065.jpg,1918,1950,32
36070.jpg,1918,1900,-18
36075.jpg,1918,1900,-18
36080.jpg,1918,1960,42
36085.jpg,1918,1900,-18
36090.jpg,1918,1900,-18
36095.jpg,1918,1900,-18
36100.jpg,1918,1850,-68
36105.jpg,1918,1900,-18
36110.jpg,1918,1900,-18
36115.jpg,1919,1920,1
36120.jpg,1919,1950,31
36130.jpg,1919,1990,71
36140.jpg,1919,1920,1
36145.jpg,1919,1900,-19
36150.jpg,1919,1950,31
36155.jpg,1919,1950,31
36160.jpg,1919,1900,-19
36165.jpg,1919,1900,-19
36170.jpg,1919,1920,1
36175.jpg,1919,1990,71
36180.jpg,1919,1980,61
36190.jpg,1919,1970,51
36195.jpg,1919,1800,-119
36200.jpg,1919,1990,71
36205.jpg,1919,1980,61
36210.jpg,1919,1920,1
36215.jpg,1919,1890,-29
36225.jpg,1919,1900,-19
36230.jpg,1919,1950,31
36235.jpg,1919,1900,-19
36240.jpg,1919,1850,-69
36245.jpg,1919,1900,-19
36250.jpg,1919,1950,31
36255.jpg,1919,1850,-69
36260.jpg,1919,1950,31
36265.jpg,1919,1900,-19
36270.jpg,1919,1890,-29
36275.jpg,1919,1900,-19
36280.jpg,1919,1850,-69
36285.jpg,1919,1920,1
36290.jpg,1919,1990,71
36295.jpg,1919,1900,-19
36300.jpg,1919,1920,1
36305.jpg,1919,1900,-19
36310.jpg,1919,1900,-19
36315.jpg,1919,1850,-69
36320.jpg,1919,1950,31
36325.jpg,1919,1900,-19
36330.jpg,1919,1900,-19
36335.jpg,1919,1950,31
36340.jpg,1919,1900,-19
36345.jpg,1919,1950,31
36350.jpg,1920,1920,0
36355.jpg,1920,1900,-20
36360.jpg,1920,1900,-20
36365.jpg,1920,1990,70
36370.jpg,1920,1950,30
36375.jpg,1920,1920,0
36385.jpg,1920,1950,30
36390.jpg,1920,1920,0
36395.jpg,1920,1950,30
36400.jpg,1920,1850,-70
36405.jpg,1920,1900,-20
36410.jpg,1920,1950,30
36415.jpg,1920,1850,-70
36420.jpg,1920,1900,-20
36425.jpg,1920,1920,0
36430.jpg,1920,1930,10
36435.jpg,1920,1900,-20
36440.jpg,1920,1900,-20
36445.jpg,1920,1900,-20
36450.jpg,1920,1920,0
36455.jpg,1920,1900,-20
36460.jpg,1920,1930,10
36465.jpg,1920,1900,-20
36470.jpg,1920,1900,-20
36475.jpg,1920,1800,-120
36480.jpg,1920,1900,-20
36485.jpg,1920,1980,60
36490.jpg,1920,1900,-20
36495.jpg,1920,1900,-20
36500.jpg,1920,1950,30
36505.jpg,1920,1950,30
36510.jpg,1920,1890,-30
36515.jpg,1920,1900,-20
36520.jpg,1920,1890,-30
36525.jpg,1920,1900,-20
36530.jpg,1920,1900,-20
36535.jpg,1920,1900,-20
36540.jpg,1920,1900,-20
36545.jpg,1920,1900,-20
36550.jpg,1920,1900,-20
36555.jpg,1920,1900,-20
36560.jpg,1920,1950,30
36565.jpg,1920,1850,-70
36570.jpg,1920,1950,30
36575.jpg,1920,1950,30
36580.jpg,1920,1950,30
36585.jpg,1920,1900,-20
36590.jpg,1920,1900,-20
36595.jpg,1920,1890,-30
36600.jpg,1920,1980,60
36605.jpg,1920,1900,-20
36610.jpg,1920,1900,-20
36615.jpg,1920,1900,-20
36620.jpg,1920,1900,-20
36625.jpg,1920,1900,-20
36630.jpg,1920,1900,-20
36635.jpg,1920,1900,-20
36640.jpg,1920,1900,-20
36650.jpg,1920,1890,-30
36655.jpg,1920,1900,-20
36660.jpg,1920,1900,-20
36665.jpg,1920,1900,-20
36670.jpg,1920,1900,-20
36675.jpg,1920,1900,-20
36680.jpg,1920,1900,-20
36685.jpg,1920,1850,-70
36690.jpg,1921,1920,-1
36695.jpg,1921,1950,29
36700.jpg,1921,1920,-1
36705.jpg,1921,1920,-1
36710.jpg,1921,1900,-21
36715.jpg,1921,1920,-1
36720.jpg,1921,1980,59
36725.jpg,1921,1920,-1
36735.jpg,1921,1950,29
36740.jpg,1921,1920,-1
36745.jpg,1921,1950,29
36750.jpg,1921,1900,-21
36755.jpg,1921,1950,29
36760.jpg,1921,1900,-21
36765.jpg,1921,1900,-21
36770.jpg,1921,1920,-1
36775.jpg,1921,1900,-21
36780.jpg,1921,1950,29
36785.jpg,1921,1920,-1
36790.jpg,1921,1900,-21
36795.jpg,1921,1920,-1
36800.jpg,1921,1900,-21
36805.jpg,1921,1900,-21
36810.jpg,1921,1900,-21
36815.jpg,1921,1930,9
36820.jpg,1921,1900,-21
36830.jpg,1921,1950,29
36835.jpg,1921,1900,-21
36840.jpg,1921,1900,-21
36845.jpg,1921,1950,29
36850.jpg,1921,1900,-21
36855.jpg,1921,1900,-21
36860.jpg,1921,1950,29
36870.jpg,1921,1950,29
36875.jpg,1921,1920,-1
36880.jpg,1921,1950,29
36885.jpg,1921,1950,29
36890.jpg,1921,1900,-21
36895.jpg,1921,1950,29
36900.jpg,1921,1960,39
36905.jpg,1921,1900,-21
36910.jpg,1921,1900,-21
36920.jpg,1921,1999,78
36925.jpg,1921,1950,29
36930.jpg,1921,1900,-21
36935.jpg,1921,1900,-21
36940.jpg,1921,1950,29
36945.jpg,1921,1900,-21
36950.jpg,1921,1900,-21
36955.jpg,1921,1900,-21
36960.jpg,1921,1850,-71
36965.jpg,1921,1950,29
36970.jpg,1922,1930,8
36975.jpg,1922,1920,-2
36980.jpg,1922,1905,-17
36985.jpg,1922,1950,28
36990.jpg,1922,1920,-2
36995.jpg,1922,1960,38
37000.jpg,1922,1990,68
37005.jpg,1922,1950,28
37010.jpg,1922,1950,28
37015.jpg,1922,1990,68
37020.jpg,1922,1850,-72
37025.jpg,1922,1950,28
37030.jpg,1922,1950,28
37045.jpg,1922,1900,-22
37050.jpg,1922,1900,-22
37055.jpg,1922,1900,-22
37060.jpg,1922,1920,-2
37065.jpg,1922,1920,-2
37070.jpg,1922,1950,28
37075.jpg,1922,1900,-22
37080.jpg,1922,1900,-22
37085.jpg,1922,1850,-72
37090.jpg,1922,1900,-22
37095.jpg,1922,1920,-2
37100.jpg,1922,1900,-22
37105.jpg,1922,1900,-22
37110.jpg,1922,1930,8
37115.jpg,1922,1800,-122
37120.jpg,1922,1980,58
37125.jpg,1922,1900,-22
37130.jpg,1922,1900,-22
37135.jpg,1922,1900,-22
37140.jpg,1922,1990,68
37145.jpg,1922,1900,-22
37150.jpg,1922,1900,-22
37155.jpg,1922,1900,-22
37160.jpg,1922,1950,28
37165.jpg,1922,1930,8
37170.jpg,1922,1900,-22
37175.jpg,1922,1950,28
37180.jpg,1922,1850,-72
37185.jpg,1922,1950,28
37190.jpg,1922,1950,28
37195.jpg,1922,1850,-72
37200.jpg,1922,1950,28
37205.jpg,1922,1950,28
37210.jpg,1922,1900,-22
37215.jpg,1922,1900,-22
37220.jpg,1922,1900,-22
37225.jpg,1922,1980,58
37230.jpg,1922,1900,-22
37235.jpg,1922,1900,-22
37240.jpg,1922,1950,28
37245.jpg,1922,1950,28
37250.jpg,1922,1950,28
37255.jpg,1922,1980,58
37260.jpg,1922,1980,58
37270.jpg,1922,1930,8
37275.jpg,1922,1920,-2
37280.jpg,1922,1950,28
37285.jpg,1922,1970,48
37290.jpg,1922,1900,-22
37295.jpg,1922,1950,28
37300.jpg,1922,1900,-22
37305.jpg,1922,1900,-22
37310.jpg,1923,1945,22
37315.jpg,1923,1920,-3
37320.jpg,1923,1930,7
37330.jpg,1923,1900,-23
37335.jpg,1923,1950,27
37340.jpg,1923,2000,77
37345.jpg,1923,2010,87
37355.jpg,1923,1920,-3
37360.jpg,1923,1850,-73
37365.jpg,1923,1900,-23
37370.jpg,1923,1900,-23
37375.jpg,1923,1900,-23
37380.jpg,1923,1950,27
37385.jpg,1923,1920,-3
37390.jpg,1923,1900,-23
37395.jpg,1923,1900,-23
37400.jpg,1923,1900,-23
37405.jpg,1923,1900,-23
37410.jpg,1923,1900,-23
37415.jpg,1923,1930,7
37420.jpg,1923,1920,-3
37425.jpg,1923,1900,-23
37430.jpg,1923,1900,-23
37435.jpg,1923,1900,-23
37440.jpg,1923,1900,-23
37445.jpg,1923,1900,-23
37450.jpg,1923,1920,-3
37455.jpg,1923,1900,-23
37460.jpg,1923,1900,-23
37465.jpg,1923,1950,27
37470.jpg,1923,1900,-23
37475.jpg,1923,1950,27
37480.jpg,1923,1900,-23
37485.jpg,1923,1950,27
37490.jpg,1923,1900,-23
37495.jpg,1923,1980,57
37500.jpg,1923,1950,27
37505.jpg,1923,1980,57
37510.jpg,1923,1900,-23
37515.jpg,1923,1950,27
37520.jpg,1923,1900,-23
37525.jpg,1923,1850,-73
37530.jpg,1923,1900,-23
37535.jpg,1923,1950,27
37540.jpg,1923,1950,27
37545.jpg,1923,1950,27
37550.jpg,1923,1950,27
37555.jpg,1923,1950,27
37560.jpg,1923,1950,27
37565.jpg,1923,1850,-73
37570.jpg,1923,1900,-23
37575.jpg,1923,1920,-3
37580.jpg,1923,1900,-23
37585.jpg,1923,1920,-3
37590.jpg,1923,1900,-23
37595.jpg,1923,1990,67
37600.jpg,1923,1920,-3
37605.jpg,1923,1900,-23
37610.jpg,1923,1900,-23
37615.jpg,1923,1990,67
37620.jpg,1923,1990,67
37625.jpg,1923,1920,-3
37630.jpg,1923,1900,-23
37635.jpg,1923,1920,-3
37640.jpg,1923,1900,-23
37645.jpg,1923,1850,-73
37650.jpg,1923,1900,-23
37655.jpg,1923,1950,27
37660.jpg,1923,1900,-23
37665.jpg,1923,1900,-23
37670.jpg,1924,1900,-24
37675.jpg,1924,1930,6
37680.jpg,1924,1920,-4
37685.jpg,1924,1900,-24
37690.jpg,1924,1900,-24
37695.jpg,1924,1920,-4
37700.jpg,1924,1900,-24
37705.jpg,1924,2005,81
37710.jpg,1924,2000,76
37715.jpg,1924,1930,6
37720.jpg,1924,1980,56
37725.jpg,1924,1920,-4
37730.jpg,1924,1980,56
37735.jpg,1924,1900,-24
37740.jpg,1924,1920,-4
37745.jpg,1924,1900,-24
37750.jpg,1924,1920,-4
37755.jpg,1924,1950,26
37760.jpg,1924,1920,-4
37765.jpg,1924,1920,-4
37770.jpg,1924,1990,66
37775.jpg,1924,1920,-4
37780.jpg,1924,1900,-24
37785.jpg,1924,1850,-74
37790.jpg,1924,1920,-4
37795.jpg,1924,1920,-4
37805.jpg,1924,1905,-19
37810.jpg,1924,1900,-24
37815.jpg,1924,1920,-4
37820.jpg,1924,1850,-74
37825.jpg,1924,1920,-4
37830.jpg,1924,1900,-24
37835.jpg,1924,1900,-24
37845.jpg,1924,1980,56
37850.jpg,1924,1950,26
37855.jpg,1924,1930,6
37860.jpg,1924,1950,26
37865.jpg,1924,1850,-74
37870.jpg,1924,1900,-24
37875.jpg,1924,1950,26
37880.jpg,1924,1920,-4
37885.jpg,1924,1930,6
37890.jpg,1924,1930,6
37895.jpg,1924,1980,56
37900.jpg,1924,1950,26
37905.jpg,1924,1900,-24
37910.jpg,1924,1920,-4
37915.jpg,1924,1900,-24
37920.jpg,1924,1960,36
37925.jpg,1924,1950,26
37930.jpg,1924,1900,-24
37935.jpg,1924,1850,-74
37940.jpg,1924,1900,-24
37945.jpg,1924,1980,56
37950.jpg,1924,1900,-24
37955.jpg,1924,1980,56
37960.jpg,1924,1950,26
37965.jpg,1924,1990,66
37970.jpg,1924,1850,-74
37975.jpg,1924,1900,-24
37980.jpg,1924,1900,-24
37985.jpg,1924,1980,56
37990.jpg,1924,1950,26
37995.jpg,1924,1920,-4
38000.jpg,1924,1995,71
38005.jpg,1924,1950,26
38010.jpg,1924,1900,-24
38015.jpg,1924,1920,-4
38020.jpg,1924,1800,-124
38025.jpg,1924,1950,26
38030.jpg,1924,1900,-24
38035.jpg,1924,1930,6
38040.jpg,1924,1980,56
38045.jpg,1924,1920,-4
38050.jpg,1924,1900,-24
38055.jpg,1924,1900,-24
38060.jpg,1924,1800,-124
38065.jpg,1924,1900,-24
38070.jpg,1924,1900,-24
38075.jpg,1924,1950,26
38080.jpg,1925,1850,-75
38085.jpg,1925,1900,-25
38090.jpg,1925,1900,-25
38095.jpg,1925,1920,-5
38100.jpg,1925,1900,-25
38105.jpg,1925,1920,-5
38110.jpg,1925,1920,-5
38115.jpg,1925,1980,55
38120.jpg,1925,1950,25
38125.jpg,1925,1950,25
38130.jpg,1925,2010,85
38135.jpg,1925,1990,65
38140.jpg,1925,1900,-25
38145.jpg,1925,1920,-5
38150.jpg,1925,1950,25
38155.jpg,1925,1900,-25
38160.jpg,1925,1900,-25
38165.jpg,1925,1900,-25
38170.jpg,1925,1900,-25
38175.jpg,1925,1950,25
38180.jpg,1925,1950,25
38185.jpg,1925,1900,-25
38190.jpg,1925,1970,45
38195.jpg,1925,1950,25
38200.jpg,1925,1930,5
38205.jpg,1925,1900,-25
38210.jpg,1925,1900,-25
38215.jpg,1925,1900,-25
38220.jpg,1925,1920,-5
38225.jpg,1925,1900,-25
38230.jpg,1925,1900,-25
38235.jpg,1925,1920,-5
38245.jpg,1925,1930,5
38255.jpg,1925,1900,-25
38260.jpg,1925,1950,25
38265.jpg,1925,1900,-25
38270.jpg,1925,1850,-75
38275.jpg,1925,1930,5
38280.jpg,1925,1930,5
38285.jpg,1925,1950,25
38290.jpg,1925,1850,-75
38295.jpg,1925,1900,-25
38300.jpg,1925,1900,-25
38305.jpg,1925,1980,55
38310.jpg,1925,1890,-35
38315.jpg,1925,1950,25
38320.jpg,1925,1900,-25
38325.jpg,1925,1950,25
38330.jpg,1925,1950,25
38335.jpg,1925,1950,25
38340.jpg,1925,1900,-25
38345.jpg,1925,1950,25
38350.jpg,1925,1900,-25
38355.jpg,1925,1950,25
38360.jpg,1925,1950,25
38365.jpg,1925,1900,-25
38370.jpg,1925,1900,-25
38375.jpg,1925,1900,-25
38380.jpg,1925,1950,25
38385.jpg,1925,1950,25
38390.jpg,1925,1950,25
38395.jpg,1925,1950,25
38400.jpg,1925,1900,-25
38405.jpg,1925,1900,-25
38410.jpg,1925,1900,-25
38415.jpg,1925,1900,-25
38420.jpg,1925,1900,-25
38425.jpg,1925,1900,-25
38435.jpg,1925,1920,-5
38440.jpg,1925,1920,-5
38450.jpg,1925,1900,-25
38455.jpg,1925,1950,25
38460.jpg,1925,1990,65
38465.jpg,1925,1900,-25
38470.jpg,1925,1930,5
38475.jpg,1925,1900,-25
38480.jpg,1925,1900,-25
38490.jpg,1925,1800,-125
38495.jpg,1925,1950,25
38500.jpg,1925,1910,-15
38505.jpg,1925,1900,-25
38510.jpg,1925,1900,-25
38515.jpg,1926,1800,-126
38520.jpg,1926,1900,-26
38525.jpg,1926,1930,4
38530.jpg,1926,1900,-26
38535.jpg,1926,1950,24
38540.jpg,1926,1920,-6
38545.jpg,1926,1850,-76
38550.jpg,1926,1900,-26
38555.jpg,1926,1950,24
38560.jpg,1926,1920,-6
38565.jpg,1926,1900,-26
38570.jpg,1926,1920,-6
38575.jpg,1926,1990,64
38580.jpg,1926,1990,64
38585.jpg,1926,1980,54
38590.jpg,1926,1920,-6
38595.jpg,1926,1920,-6
38600.jpg,1926,1950,24
38605.jpg,1926,1980,54
38610.jpg,1926,1850,-76
38620.jpg,1926,1900,-26
38625.jpg,1926,1950,24
38630.jpg,1926,1950,24
38635.jpg,1926,1900,-26
38640.jpg,1926,1950,24
38645.jpg,1926,1950,24
38650.jpg,1926,1950,24
38655.jpg,1926,1930,4
38660.jpg,1926,1930,4
38665.jpg,1926,1900,-26
38670.jpg,1926,1920,-6
38675.jpg,1926,1920,-6
38680.jpg,1926,1900,-26
38685.jpg,1926,1920,-6
38690.jpg,1926,1900,-26
38695.jpg,1926,1920,-6
38700.jpg,1926,1920,-6
38705.jpg,1926,1900,-26
38710.jpg,1926,1900,-26
38715.jpg,1926,1950,24
38720.jpg,1926,1900,-26
38725.jpg,1926,1900,-26
38730.jpg,1926,1900,-26
38735.jpg,1926,1900,-26
38740.jpg,1926,1930,4
38745.jpg,1926,1950,24
38750.jpg,1926,1920,-6
38755.jpg,1926,1950,24
38760.jpg,1926,1950,24
38765.jpg,1926,1950,24
38770.jpg,1926,1900,-26
38775.jpg,1926,1800,-126
38780.jpg,1926,1920,-6
38785.jpg,1926,1950,24
38790.jpg,1926,1950,24
38795.jpg,1926,1920,-6
38800.jpg,1926,1900,-26
38805.jpg,1926,1850,-76
38810.jpg,1926,1950,24
38815.jpg,1926,1900,-26
38820.jpg,1926,1900,-26
38825.jpg,1926,1900,-26
38830.jpg,1926,1900,-26
38835.jpg,1926,1900,-26
38840.jpg,1926,1950,24
38845.jpg,1926,1950,24
38850.jpg,1926,1900,-26
38855.jpg,1926,1980,54
38860.jpg,1926,1990,64
38865.jpg,1926,1950,24
38870.jpg,1926,1950,24
38875.jpg,1926,1900,-26
38880.jpg,1926,1920,-6
38885.jpg,1926,1900,-26
38890.jpg,1926,1930,4
38895.jpg,1926,1950,24
38905.jpg,1926,1900,-26
38910.jpg,1926,1905,-21
38915.jpg,1926,1920,-6
38920.jpg,1926,1920,-6
38925.jpg,1926,1950,24
38930.jpg,1926,1900,-26
38935.jpg,1926,1900,-26
38940.jpg,1926,1900,-26
38945.jpg,1926,1920,-6
38950.jpg,1926,1900,-26
38955.jpg,1926,1980,54
38960.jpg,1926,1900,-26
38965.jpg,1926,1900,-26
38970.jpg,1926,1900,-26
38975.jpg,1926,1900,-26
38980.jpg,1926,1900,-26
38985.jpg,1926,1920,-6
38990.jpg,1926,1900,-26
38995.jpg,1927,1900,-27
39000.jpg,1927,1900,-27
39005.jpg,1927,1900,-27
39010.jpg,1927,1900,-27
39020.jpg,1927,1950,23
39025.jpg,1927,1930,3
39030.jpg,1927,1920,-7
39035.jpg,1927,1920,-7
39040.jpg,1927,1920,-7
39045.jpg,1927,1950,23
39050.jpg,1927,1920,-7
39055.jpg,1927,1920,-7
39060.jpg,1927,1930,3
39065.jpg,1927,1920,-7
39070.jpg,1927,1930,3
39075.jpg,1927,1930,3
39080.jpg,1927,1920,-7
39085.jpg,1927,1950,23
39090.jpg,1927,1980,53
39110.jpg,1927,1900,-27
39115.jpg,1927,1900,-27
39120.jpg,1927,1900,-27
39125.jpg,1927,1920,-7
39130.jpg,1927,1900,-27
39135.jpg,1927,1950,23
39140.jpg,1927,1920,-7
39145.jpg,1927,1950,23
39150.jpg,1927,1900,-27
39155.jpg,1927,1920,-7
39160.jpg,1927,1950,23
39165.jpg,1927,1900,-27
39170.jpg,1927,1900,-27
39175.jpg,1927,1920,-7
39180.jpg,1927,1900,-27
39185.jpg,1927,1900,-27
39190.jpg,1927,1900,-27
39195.jpg,1927,1920,-7
39200.jpg,1927,1905,-22
39205.jpg,1927,1920,-7
39210.jpg,1927,1920,-7
39215.jpg,1927,1900,-27
39220.jpg,1927,1900,-27
39225.jpg,1927,1900,-27
39230.jpg,1927,1900,-27
39235.jpg,1927,1900,-27
39240.jpg,1927,1920,-7
39245.jpg,1927,1920,-7
39250.jpg,1927,1900,-27
39255.jpg,1927,1900,-27
39260.jpg,1927,1950,23
39265.jpg,1927,1950,23
39270.jpg,1927,1960,33
39275.jpg,1927,1950,23
39280.jpg,1927,1900,-27
39285.jpg,1927,1950,23
39290.jpg,1927,1950,23
39295.jpg,1927,1950,23
39300.jpg,1927,1920,-7
39305.jpg,1927,1900,-27
39310.jpg,1927,1920,-7
39315.jpg,1927,1990,63
39320.jpg,1927,1850,-77
39325.jpg,1927,1970,43
39330.jpg,1927,1920,-7
39335.jpg,1927,1900,-27
39340.jpg,1927,1920,-7
39345.jpg,1927,1900,-27
39350.jpg,1927,1900,-27
39355.jpg,1927,1950,23
39360.jpg,1927,1950,23
39365.jpg,1927,1920,-7
39370.jpg,1927,1990,63
39375.jpg,1927,1900,-27
39380.jpg,1927,1900,-27
39385.jpg,1927,1900,-27
39390.jpg,1927,1930,3
39395.jpg,1927,1900,-27
39400.jpg,1927,1900,-27
39405.jpg,1927,1970,43
39410.jpg,1927,1960,33
39415.jpg,1927,1920,-7
39420.jpg,1927,1927,0
39425.jpg,1927,1920,-7
39430.jpg,1927,1900,-27
39435.jpg,1927,1900,-27
39440.jpg,1927,1920,-7
39445.jpg,1927,1900,-27
39450.jpg,1927,1900,-27
39455.jpg,1927,1920,-7
39460.jpg,1927,1960,33
39465.jpg,1927,1900,-27
39470.jpg,1927,1900,-27
39475.jpg,1927,1900,-27
39480.jpg,1927,1900,-27
39485.jpg,1927,1980,53
39490.jpg,1927,1900,-27
39495.jpg,1927,1900,-27
39500.jpg,1927,1920,-7
39505.jpg,1927,1900,-27
39510.jpg,1928,1920,-8
39515.jpg,1928,1920,-8
39520.jpg,1928,1920,-8
39525.jpg,1928,1920,-8
39530.jpg,1928,1920,-8
39535.jpg,1928,1920,-8
39540.jpg,1928,1920,-8
39545.jpg,1928,1900,-28
39550.jpg,1928,1920,-8
39555.jpg,1928,1920,-8
39560.jpg,1928,1920,-8
39565.jpg,1928,1920,-8
39570.jpg,1928,1920,-8
39575.jpg,1928,1990,62
39580.jpg,1928,1900,-28
39585.jpg,1928,1930,2
39590.jpg,1928,1900,-28
39595.jpg,1928,1900,-28
39600.jpg,1928,1920,-8
39605.jpg,1928,2010,82
39610.jpg,1928,1950,22
39615.jpg,1928,1990,62
39620.jpg,1928,1900,-28
39625.jpg,1928,1950,22
39630.jpg,1928,1920,-8
39635.jpg,1928,1900,-28
39640.jpg,1928,1900,-28
39645.jpg,1928,1950,22
39650.jpg,1928,1950,22
39655.jpg,1928,1920,-8
39660.jpg,1928,1920,-8
39665.jpg,1928,1900,-28
39670.jpg,1928,1920,-8
39675.jpg,1928,1900,-28
39680.jpg,1928,1900,-28
39685.jpg,1928,1930,2
39690.jpg,1928,1920,-8
39695.jpg,1928,1900,-28
39700.jpg,1928,1900,-28
39705.jpg,1928,1900,-28
39710.jpg,1928,1900,-28
39715.jpg,1928,1900,-28
39720.jpg,1928,1930,2
39725.jpg,1928,1900,-28
39730.jpg,1928,1920,-8
39735.jpg,1928,1900,-28
39740.jpg,1928,1980,52
39745.jpg,1928,1930,2
39750.jpg,1928,1960,32
39755.jpg,1928,1800,-128
39760.jpg,1928,1900,-28
39765.jpg,1928,1900,-28
39770.jpg,1928,1800,-128
39775.jpg,1928,1900,-28
39780.jpg,1928,1990,62
39785.jpg,1928,1920,-8
39790.jpg,1928,1900,-28
39795.jpg,1928,1950,22
39800.jpg,1928,1950,22
39805.jpg,1928,1900,-28
39810.jpg,1928,1950,22
39815.jpg,1928,1900,-28
39820.jpg,1928,1890,-38
39825.jpg,1928,1950,22
39830.jpg,1928,1950,22
39835.jpg,1928,1950,22
39840.jpg,1928,1890,-38
39845.jpg,1928,1950,22
39850.jpg,1928,1950,22
39855.jpg,1928,1900,-28
39860.jpg,1928,1950,22
39865.jpg,1928,1900,-28
39870.jpg,1928,1900,-28
39875.jpg,1928,1900,-28
39880.jpg,1928,1950,22
39885.jpg,1928,1920,-8
39890.jpg,1928,1900,-28
39895.jpg,1928,1920,-8
39900.jpg,1928,1990,62
39905.jpg,1928,1900,-28
39910.jpg,1928,1900,-28
39915.jpg,1928,1850,-78
39920.jpg,1928,1950,22
39925.jpg,1928,1950,22
39930.jpg,1928,1900,-28
39935.jpg,1928,1950,22
39940.jpg,1928,1920,-8
39945.jpg,1928,1920,-8
39950.jpg,1928,1950,22
39955.jpg,1928,1850,-78
39960.jpg,1928,1950,22
39965.jpg,1928,1900,-28
39970.jpg,1928,1900,-28
39975.jpg,1928,1900,-28
39980.jpg,1928,1930,2
39985.jpg,1928,1900,-28
39990.jpg,1928,1930,2
39995.jpg,1928,1920,-8
40000.jpg,1928,1900,-28
40010.jpg,1928,1980,52
40015.jpg,1928,1950,22
40020.jpg,1928,1900,-28
40025.jpg,1928,1900,-28
40030.jpg,1928,1900,-28
40035.jpg,1928,1920,-8
40040.jpg,1928,1900,-28
40045.jpg,1929,1920,-9
40050.jpg,1929,1920,-9
40055.jpg,1929,1920,-9
40060.jpg,1929,1920,-9
40065.jpg,1929,1920,-9
40070.jpg,1929,1900,-29
40075.jpg,1929,1920,-9
40080.jpg,1929,1920,-9
40095.jpg,1929,1900,-29
40105.jpg,1929,1920,-9
40110.jpg,1929,1900,-29
40115.jpg,1929,1950,21
40120.jpg,1929,1850,-79
40125.jpg,1929,1920,-9
40130.jpg,1929,1900,-29
40135.jpg,1929,1900,-29
40140.jpg,1929,1950,21
40145.jpg,1929,1900,-29
40150.jpg,1929,1920,-9
40155.jpg,1929,1900,-29
40160.jpg,1929,1980,51
40165.jpg,1929,1900,-29
40170.jpg,1929,1920,-9
40175.jpg,1929,1905,-24
40180.jpg,1929,1970,41
40185.jpg,1929,1900,-29
40190.jpg,1929,1900,-29
40195.jpg,1929,1900,-29
40200.jpg,1929,1900,-29
40205.jpg,1929,1900,-29
40210.jpg,1929,1900,-29
40215.jpg,1929,1900,-29
40220.jpg,1929,1900,-29
40225.jpg,1929,1920,-9
40230.jpg,1929,1850,-79
40235.jpg,1929,1900,-29
40240.jpg,1929,1930,1
40245.jpg,1929,1900,-29
40250.jpg,1929,1980,51
40255.jpg,1929,1950,21
40260.jpg,1929,1900,-29
40265.jpg,1929,1900,-29
40270.jpg,1929,1950,21
40275.jpg,1929,1930,1
40280.jpg,1929,1930,1
40285.jpg,1929,1930,1
40290.jpg,1929,1900,-29
40295.jpg,1929,1950,21
40305.jpg,1929,1950,21
40310.jpg,1929,1920,-9
40315.jpg,1929,1950,21
40320.jpg,1929,1950,21
40325.jpg,1929,1950,21
40330.jpg,1929,1950,21
40335.jpg,1929,1900,-29
40340.jpg,1929,1980,51
40345.jpg,1929,1950,21
40350.jpg,1929,1900,-29
40355.jpg,1929,1900,-29
40360.jpg,1929,1900,-29
40365.jpg,1929,1950,21
40370.jpg,1929,1930,1
40375.jpg,1929,1900,-29
40380.jpg,1929,1900,-29
40385.jpg,1929,1950,21
40390.jpg,1929,1950,21
40395.jpg,1929,1950,21
40400.jpg,1929,1900,-29
40405.jpg,1929,1900,-29
40410.jpg,1929,1920,-9
40415.jpg,1929,1900,-29
40420.jpg,1929,1920,-9
40425.jpg,1929,1850,-79
40430.jpg,1929,1900,-29
40435.jpg,1929,1920,-9
40440.jpg,1929,1900,-29
40450.jpg,1929,1900,-29
40455.jpg,1929,1920,-9
40460.jpg,1929,1920,-9
40465.jpg,1929,1920,-9
40470.jpg,1929,1930,1
40475.jpg,1929,1920,-9
40480.jpg,1929,1900,-29
40485.jpg,1929,1920,-9
40490.jpg,1929,1900,-29
40495.jpg,1929,1980,51
40500.jpg,1929,1920,-9
40505.jpg,1929,1960,31
40510.jpg,1929,1900,-29
40515.jpg,1929,1920,-9
40520.jpg,1929,1980,51
40525.jpg,1929,1900,-29
40530.jpg,1929,1930,1
40535.jpg,1929,1920,-9
40540.jpg,1930,1850,-80
40545.jpg,1930,2000,70
40550.jpg,1930,1980,50
40555.jpg,1930,1900,-30
40560.jpg,1930,1990,60
40565.jpg,1930,1960,30
40570.jpg,1930,1950,20
40575.jpg,1930,1950,20
40580.jpg,1930,1900,-30
40585.jpg,1930,1920,-10
40590.jpg,1930,1920,-10
40595.jpg,1930,1900,-30
40600.jpg,1930,1920,-10
40605.jpg,1930,1900,-30
40610.jpg,1930,1900,-30
40615.jpg,1930,1900,-30
40620.jpg,1930,1950,20
40625.jpg,1930,1900,-30
40630.jpg,1930,1930,0
40635.jpg,1930,1900,-30
40640.jpg,1930,1950,20
40645.jpg,1930,1900,-30
40650.jpg,1930,1930,0
40655.jpg,1930,1930,0
40660.jpg,1930,1800,-130
40665.jpg,1930,1930,0
40670.jpg,1930,1950,20
40675.jpg,1930,1850,-80
40680.jpg,1930,1890,-40
40685.jpg,1930,1950,20
40690.jpg,1930,1950,20
40695.jpg,1930,1950,20
40700.jpg,1930,1990,60
40705.jpg,1930,1970,40
40710.jpg,1930,1750,-180
40715.jpg,1930,1900,-30
40720.jpg,1930,1900,-30
40725.jpg,1930,1950,20
40730.jpg,1930,1900,-30
40735.jpg,1930,1900,-30
40740.jpg,1930,1890,-40
40745.jpg,1930,1900,-30
40750.jpg,1930,1900,-30
40755.jpg,1930,1950,20
40760.jpg,1930,1930,0
40765.jpg,1930,1900,-30
40770.jpg,1930,1900,-30
40775.jpg,1930,1900,-30
40780.jpg,1930,1900,-30
40785.jpg,1930,1950,20
40790.jpg,1930,1920,-10
40795.jpg,1930,1920,-10
40800.jpg,1930,1900,-30
40805.jpg,1930,1920,-10
40810.jpg,1930,1920,-10
40815.jpg,1930,1900,-30
40820.jpg,1930,1900,-30
40825.jpg,1930,1900,-30
40830.jpg,1930,1920,-10
40835.jpg,1930,1970,40
40840.jpg,1930,1900,-30
40845.jpg,1930,1930,0
40850.jpg,1930,1900,-30
40855.jpg,1930,1905,-25
40860.jpg,1930,1950,20
40865.jpg,1930,1950,20
40870.jpg,1930,1920,-10
40875.jpg,1930,1920,-10
40885.jpg,1930,1950,20
40890.jpg,1930,1950,20
40895.jpg,1930,1900,-30
40900.jpg,1930,1910,-20
40905.jpg,1930,1980,50
40910.jpg,1930,1980,50
40915.jpg,1930,1920,-10
40920.jpg,1930,1900,-30
40925.jpg,1930,1920,-10
40930.jpg,1930,1950,20
40935.jpg,1930,1950,20
40940.jpg,1930,1900,-30
40950.jpg,1930,1930,0
40960.jpg,1930,1930,0
40965.jpg,1931,1900,-31
40970.jpg,1931,1930,-1
40975.jpg,1931,1980,49
40980.jpg,1931,1900,-31
40985.jpg,1931,1921,-10
40990.jpg,1931,1920,-11
40995.jpg,1931,1930,-1
41000.jpg,1931,1900,-31
41005.jpg,1931,1920,-11
41010.jpg,1931,2000,69
41015.jpg,1931,1990,59
41020.jpg,1931,1930,-1
41025.jpg,1931,1990,59
41030.jpg,1931,2010,79
41035.jpg,1931,1950,19
41040.jpg,1931,1930,-1
41045.jpg,1931,1900,-31
41050.jpg,1931,1950,19
41055.jpg,1931,1920,-11
41060.jpg,1931,1970,39
41065.jpg,1931,1900,-31
41070.jpg,1931,1920,-11
41075.jpg,1931,1900,-31
41080.jpg,1931,1905,-26
41085.jpg,1931,1900,-31
41095.jpg,1931,1930,-1
41100.jpg,1931,1920,-11
41105.jpg,1931,1920,-11
41110.jpg,1931,1960,29
41115.jpg,1931,1920,-11
41120.jpg,1931,1950,19
41125.jpg,1931,1970,39
41130.jpg,1931,1950,19
41135.jpg,1931,1900,-31
41140.jpg,1931,1900,-31
41150.jpg,1931,1600,-331
41155.jpg,1931,1800,-131
41160.jpg,1931,1930,-1
41165.jpg,1931,1900,-31
41170.jpg,1931,1990,59
41175.jpg,1931,1900,-31
41180.jpg,1931,1950,19
41185.jpg,1931,1900,-31
41190.jpg,1931,1920,-11
41195.jpg,1931,1900,-31
41200.jpg,1931,1890,-41
41205.jpg,1931,1900,-31
41210.jpg,1931,1920,-11
41215.jpg,1931,1950,19
41220.jpg,1931,1850,-81
41225.jpg,1931,1900,-31
41230.jpg,1931,1920,-11
41235.jpg,1931,1990,59
41240.jpg,1931,1900,-31
41245.jpg,1931,1890,-41
41250.jpg,1931,1950,19
41255.jpg,1931,1920,-11
41260.jpg,1931,1950,19
41265.jpg,1931,1930,-1
41270.jpg,1931,1950,19
41275.jpg,1931,1930,-1
41280.jpg,1931,1900,-31
41285.jpg,1931,1900,-31
41290.jpg,1931,1930,-1
41295.jpg,1931,1970,39
41305.jpg,1931,1920,-11
41310.jpg,1932,1920,-12
41320.jpg,1932,1930,-2
41325.jpg,1932,1850,-82
41330.jpg,1932,1950,18
41340.jpg,1932,1920,-12
41345.jpg,1932,1920,-12
41350.jpg,1932,1900,-32
41355.jpg,1932,1950,18
41360.jpg,1932,1900,-32
41365.jpg,1932,1900,-32
41370.jpg,1932,1930,-2
41375.jpg,1932,1930,-2
41380.jpg,1932,1900,-32
41385.jpg,1932,1920,-12
41390.jpg,1932,1950,18
41395.jpg,1932,1970,38
41400.jpg,1932,1980,48
41405.jpg,1932,1930,-2
41410.jpg,1932,1930,-2
41415.jpg,1932,1932,0
41420.jpg,1932,1850,-82
41425.jpg,1932,1900,-32
41430.jpg,1932,1980,48
41435.jpg,1932,1900,-32
41440.jpg,1932,1850,-82
41445.jpg,1932,1920,-12
41450.jpg,1932,1950,18
41455.jpg,1932,1850,-82
41460.jpg,1932,1800,-132
41465.jpg,1932,1980,48
41470.jpg,1932,1980,48
41475.jpg,1932,1900,-32
41480.jpg,1932,1900,-32
41485.jpg,1932,1900,-32
41490.jpg,1932,1990,58
41495.jpg,1932,1920,-12
41500.jpg,1932,1900,-32
41505.jpg,1932,1900,-32
41510.jpg,1932,1930,-2
41515.jpg,1932,1930,-2
41520.jpg,1932,1900,-32
41525.jpg,1932,1900,-32
41530.jpg,1932,1950,18
41535.jpg,1932,1900,-32
41540.jpg,1932,1950,18
41545.jpg,1932,1950,18
41550.jpg,1932,1900,-32
41555.jpg,1932,1920,-12
41560.jpg,1932,1900,-32
41565.jpg,1932,1920,-12
41570.jpg,1933,1900,-33
41575.jpg,1933,1900,-33
41580.jpg,1933,1900,-33
41585.jpg,1933,1950,17
41590.jpg,1933,1990,57
41595.jpg,1933,1920,-13
41600.jpg,1933,1850,-83
41605.jpg,1933,1920,-13
41610.jpg,1933,1900,-33
41615.jpg,1933,1850,-83
41620.jpg,1933,1990,57
41625.jpg,1933,1950,17
41630.jpg,1933,1900,-33
41635.jpg,1933,1950,17
41640.jpg,1933,1900,-33
41645.jpg,1933,1850,-83
41650.jpg,1933,1900,-33
41655.jpg,1933,1850,-83
41660.jpg,1933,1930,-3
41665.jpg,1933,1920,-13
41670.jpg,1933,1950,17
41675.jpg,1933,1900,-33
41680.jpg,1933,1970,37
41685.jpg,1933,1890,-43
41690.jpg,1933,1930,-3
41695.jpg,1933,1900,-33
41700.jpg,1933,1920,-13
41705.jpg,1933,1930,-3
41710.jpg,1933,1900,-33
41715.jpg,1933,1900,-33
41720.jpg,1933,1900,-33
41725.jpg,1933,1930,-3
41730.jpg,1933,1900,-33
41745.jpg,1933,1850,-83
41750.jpg,1933,1930,-3
41755.jpg,1933,1980,47
41760.jpg,1933,1980,47
41765.jpg,1933,1900,-33
41770.jpg,1933,1800,-133
41775.jpg,1933,1950,17
41780.jpg,1933,1900,-33
41785.jpg,1933,1900,-33
41790.jpg,1933,1900,-33
41795.jpg,1933,1990,57
41800.jpg,1933,1990,57
41805.jpg,1933,1950,17
41810.jpg,1933,1930,-3
41815.jpg,1933,1900,-33
41820.jpg,1933,1920,-13
41825.jpg,1933,1900,-33
41830.jpg,1933,1930,-3
41835.jpg,1934,1600,-334
41840.jpg,1934,1920,-14
41845.jpg,1934,1950,16
41850.jpg,1934,1950,16
41855.jpg,1934,1990,56
41860.jpg,1934,2010,76
41865.jpg,1934,2010,76
41870.jpg,1934,1990,56
41875.jpg,1934,1920,-14
41880.jpg,1934,1950,16
41885.jpg,1934,1900,-34
41890.jpg,1934,1930,-4
41895.jpg,1934,1990,56
41900.jpg,1934,1900,-34
41905.jpg,1934,1900,-34
41910.jpg,1934,1950,16
41915.jpg,1934,1950,16
41920.jpg,1934,1980,46
41925.jpg,1934,1800,-134
41930.jpg,1934,1900,-34
41935.jpg,1934,1980,46
41940.jpg,1934,1990,56
41945.jpg,1934,1900,-34
41950.jpg,1934,1950,16
41955.jpg,1934,1900,-34
41960.jpg,1934,1900,-34
41965.jpg,1934,1950,16
41970.jpg,1934,1890,-44
41975.jpg,1934,1980,46
41980.jpg,1934,1950,16
41985.jpg,1934,1900,-34
41990.jpg,1934,1950,16
41995.jpg,1934,1950,16
42000.jpg,1934,1950,16
42005.jpg,1934,1850,-84
42010.jpg,1935,1950,15
42015.jpg,1935,1990,55
42020.jpg,1935,1930,-5
42025.jpg,1935,1930,-5
42035.jpg,1935,1990,55
42040.jpg,1935,1950,15
42045.jpg,1935,1920,-15
42050.jpg,1935,1920,-15
42060.jpg,1935,1920,-15
42065.jpg,1935,1930,-5
42070.jpg,1935,1920,-15
42075.jpg,1935,1930,-5
42080.jpg,1935,1960,25
42085.jpg,1935,1900,-35
42090.jpg,1935,1930,-5
42095.jpg,1935,1800,-135
42100.jpg,1935,1900,-35
42105.jpg,1935,1900,-35
42110.jpg,1935,1950,15
42115.jpg,1935,1900,-35
42120.jpg,1935,1950,15
42125.jpg,1935,1850,-85
42130.jpg,1935,1950,15
42135.jpg,1935,1960,25
42140.jpg,1935,1950,15
42145.jpg,1935,1850,-85
42150.jpg,1935,1850,-85
42155.jpg,1935,1850,-85
42160.jpg,1935,1950,15
42165.jpg,1935,1930,-5
42170.jpg,1935,1900,-35
42175.jpg,1935,1990,55
42180.jpg,1935,1980,45
42185.jpg,1935,1970,35
42190.jpg,1935,1950,15
42195.jpg,1935,1980,45
42200.jpg,1935,1980,45
42205.jpg,1935,1920,-15
42210.jpg,1935,1930,-5
42215.jpg,1935,1950,15
42220.jpg,1935,1950,15
42225.jpg,1935,1950,15
42230.jpg,1935,1930,-5
42235.jpg,1935,1920,-15
42240.jpg,1935,1930,-5
42250.jpg,1935,1950,15
42255.jpg,1935,1990,55
42260.jpg,1935,1980,45
42265.jpg,1935,1950,15
42270.jpg,1935,1900,-35
42275.jpg,1935,1900,-35
42280.jpg,1935,1990,55
42285.jpg,1935,1950,15
42290.jpg,1935,1950,15
42295.jpg,1936,1920,-16
42300.jpg,1936,1990,54
42305.jpg,1936,1930,-6
42310.jpg,1936,1990,54
42315.jpg,1936,1930,-6
42320.jpg,1936,1990,54
42325.jpg,1936,1950,14
42330.jpg,1936,2010,74
42335.jpg,1936,1990,54
42340.jpg,1936,1950,14
42345.jpg,1936,1930,-6
42350.jpg,1936,1950,14
42355.jpg,1936,1980,44
42360.jpg,1936,1950,14
42365.jpg,1936,1921,-15
42370.jpg,1936,1900,-36
42375.jpg,1936,1900,-36
42380.jpg,1936,1960,24
42385.jpg,1936,1920,-16
42390.jpg,1936,1930,-6
42395.jpg,1936,1940,4
42400.jpg,1936,1980,44
42405.jpg,1936,1800,-136
42410.jpg,1936,1980,44
42415.jpg,1936,1930,-6
42420.jpg,1936,1930,-6
42425.jpg,1936,1900,-36
42430.jpg,1936,1920,-16
42435.jpg,1936,1950,14
42440.jpg,1936,1980,44
42445.jpg,1936,1950,14
42450.jpg,1936,1950,14
42455.jpg,1936,1950,14
42460.jpg,1936,1930,-6
42465.jpg,1936,1950,14
42470.jpg,1936,1950,14
42475.jpg,1936,1920,-16
42480.jpg,1936,1600,-336
42485.jpg,1936,1900,-36
42490.jpg,1936,1950,14
42495.jpg,1936,1950,14
42500.jpg,1936,1950,14
42505.jpg,1936,1950,14
42510.jpg,1936,1950,14
42515.jpg,1936,1930,-6
42520.jpg,1936,1950,14
42525.jpg,1936,1950,14
42530.jpg,1936,1950,14
42535.jpg,1936,1960,24
42540.jpg,1936,1900,-36
42545.jpg,1936,1900,-36
42550.jpg,1936,1900,-36
42555.jpg,1936,1600,-336
42560.jpg,1936,1900,-36
42565.jpg,1936,1900,-36
42570.jpg,1936,1930,-6
42575.jpg,1936,1900,-36
42585.jpg,1936,1950,14
42595.jpg,1936,1950,14
42600.jpg,1936,1930,-6
42610.jpg,1937,1930,-7
42615.jpg,1937,1950,13
42620.jpg,1937,1930,-7
42625.jpg,1937,1900,-37
42630.jpg,1937,1920,-17
42635.jpg,1937,1930,-7
42640.jpg,1937,1950,13
42645.jpg,1937,1930,-7
42650.jpg,1937,1920,-17
42655.jpg,1937,1980,43
42660.jpg,1937,1900,-37
42665.jpg,1937,1900,-37
42670.jpg,1937,1900,-37
42675.jpg,1937,1900,-37
42680.jpg,1937,1930,-7
42685.jpg,1937,1950,13
42690.jpg,1937,1980,43
42695.jpg,1937,1900,-37
42700.jpg,1937,1950,13
42705.jpg,1937,1930,-7
42710.jpg,1937,1930,-7
42715.jpg,1937,1950,13
42720.jpg,1937,1900,-37
42725.jpg,1937,1900,-37
42730.jpg,1937,1950,13
42735.jpg,1937,1950,13
42740.jpg,1937,1933,-4
42745.jpg,1937,1900,-37
42750.jpg,1937,1980,43
42755.jpg,1937,1930,-7
42765.jpg,1937,1950,13
42770.jpg,1937,1990,53
42775.jpg,1937,1990,53
42780.jpg,1937,1950,13
42785.jpg,1937,1950,13
42790.jpg,1937,1900,-37
42795.jpg,1937,1950,13
42800.jpg,1937,1920,-17
42805.jpg,1937,1950,13
42810.jpg,1937,1850,-87
42815.jpg,1937,1900,-37
42820.jpg,1937,1970,33
42825.jpg,1937,1890,-47
42830.jpg,1937,1945,8
42835.jpg,1937,1950,13
42840.jpg,1937,1920,-17
42845.jpg,1937,1930,-7
42850.jpg,1937,1900,-37
42855.jpg,1937,1920,-17
42860.jpg,1937,1900,-37
42865.jpg,1937,1900,-37
42870.jpg,1937,1950,13
42875.jpg,1937,1950,13
42880.jpg,1937,1930,-7
42885.jpg,1937,1920,-17
42890.jpg,1937,1920,-17
42895.jpg,1937,1930,-7
42900.jpg,1937,1950,13
42905.jpg,1937,1960,23
42910.jpg,1937,1200,-737
42915.jpg,1938,1990,52
42920.jpg,1938,1945,7
42925.jpg,1938,1919,-19
42930.jpg,1938,1930,-8
42935.jpg,1938,1900,-38
42940.jpg,1938,1990,52
42945.jpg,1938,2000,62
42950.jpg,1938,1980,42
42955.jpg,1938,1990,52
42960.jpg,1938,1930,-8
42965.jpg,1938,1950,12
42970.jpg,1938,1900,-38
42975.jpg,1938,1900,-38
42980.jpg,1938,1920,-18
42985.jpg,1938,1900,-38
42990.jpg,1938,1950,12
42995.jpg,1938,1930,-8
43000.jpg,1938,1950,12
43005.jpg,1938,1950,12
43010.jpg,1938,1900,-38
43015.jpg,1938,1900,-38
43020.jpg,1938,1950,12
43025.jpg,1938,1900,-38
43030.jpg,1938,1930,-8
43035.jpg,1938,1930,-8
43040.jpg,1938,1930,-8
43045.jpg,1938,1930,-8
43050.jpg,1938,1980,42
43055.jpg,1938,1950,12
43060.jpg,1938,1980,42
43065.jpg,1938,1950,12
43070.jpg,1938,1930,-8
43075.jpg,1938,1950,12
43080.jpg,1938,1950,12
43085.jpg,1938,1950,12
43090.jpg,1938,1980,42
43095.jpg,1938,1850,-88
43100.jpg,1938,1970,32
43105.jpg,1938,1920,-18
43110.jpg,1938,1930,-8
43115.jpg,1938,1900,-38
43120.jpg,1938,1920,-18
43125.jpg,1938,1900,-38
43130.jpg,1938,1920,-18
43135.jpg,1938,1980,42
43140.jpg,1938,2000,62
43145.jpg,1938,1900,-38
43150.jpg,1938,1900,-38
43155.jpg,1938,1950,12
43160.jpg,1938,1950,12
43165.jpg,1938,1900,-38
43170.jpg,1938,1930,-8
43175.jpg,1938,1930,-8
43185.jpg,1938,1930,-8
43190.jpg,1938,1980,42
43195.jpg,1938,1930,-8
43200.jpg,1938,1950,12
43210.jpg,1939,1920,-19
43215.jpg,1939,1930,-9
43220.jpg,1939,1950,11
43225.jpg,1939,1850,-89
43235.jpg,1939,1920,-19
43245.jpg,1939,1990,51
43250.jpg,1939,1990,51
43255.jpg,1939,1990,51
43260.jpg,1939,1960,21
43270.jpg,1939,1900,-39
43275.jpg,1939,1900,-39
43280.jpg,1939,1850,-89
43285.jpg,1939,1950,11
43290.jpg,1939,1930,-9
43295.jpg,1939,1950,11
43300.jpg,1939,1950,11
43305.jpg,1939,1960,21
43310.jpg,1939,1930,-9
43315.jpg,1939,1930,-9
43320.jpg,1939,1930,-9
43325.jpg,1939,1920,-19
43330.jpg,1939,1950,11
43335.jpg,1939,1960,21
43340.jpg,1939,1980,41
43345.jpg,1939,1850,-89
43350.jpg,1939,1950,11
43360.jpg,1939,1980,41
43365.jpg,1939,1900,-39
43370.jpg,1939,1900,-39
43375.jpg,1939,1900,-39
43380.jpg,1939,1950,11
43385.jpg,1939,1950,11
43390.jpg,1939,1990,51
43395.jpg,1939,1950,11
43400.jpg,1939,1990,51
43405.jpg,1939,2010,71
43410.jpg,1939,1920,-19
43415.jpg,1939,1900,-39
43420.jpg,1939,1920,-19
43425.jpg,1939,1920,-19
43430.jpg,1939,1900,-39
43435.jpg,1939,1930,-9
43440.jpg,1939,1900,-39
43445.jpg,1939,1950,11
43450.jpg,1939,1950,11
43455.jpg,1939,1930,-9
43460.jpg,1939,1900,-39
43465.jpg,1939,1900,-39
43470.jpg,1940,1930,-10
43475.jpg,1940,1930,-10
43480.jpg,1940,1920,-20
43485.jpg,1940,1950,10
43490.jpg,1940,1920,-20
43495.jpg,1940,1950,10
43500.jpg,1940,1970,30
43505.jpg,1940,2010,70
43510.jpg,1940,1950,10
43515.jpg,1940,1950,10
43520.jpg,1940,1920,-20
43525.jpg,1940,1900,-40
43530.jpg,1940,1950,10
43535.jpg,1940,1900,-40
43540.jpg,1940,1930,-10
43545.jpg,1940,1960,20
43550.jpg,1940,1900,-40
43555.jpg,1940,1950,10
43560.jpg,1940,1900,-40
43565.jpg,1940,1930,-10
43570.jpg,1940,1900,-40
43575.jpg,1940,1930,-10
43580.jpg,1940,1900,-40
43585.jpg,1940,1930,-10
43590.jpg,1940,1920,-20
43595.jpg,1940,1990,50
43600.jpg,1940,1900,-40
43605.jpg,1940,1930,-10
43610.jpg,1940,1900,-40
43615.jpg,1940,1900,-40
43620.jpg,1940,1950,10
43625.jpg,1940,1900,-40
43630.jpg,1940,1930,-10
43635.jpg,1940,1980,40
43640.jpg,1940,1900,-40
43645.jpg,1940,1980,40
43650.jpg,1940,1900,-40
43655.jpg,1940,1950,10
43660.jpg,1940,1950,10
43665.jpg,1940,1980,40
43670.jpg,1940,1990,50
43675.jpg,1940,1950,10
43680.jpg,1940,1920,-20
43685.jpg,1940,1960,20
43700.jpg,1940,1900,-40
43705.jpg,1940,1980,40
43710.jpg,1940,1920,-20
43715.jpg,1940,1950,10
43720.jpg,1941,1930,-11
43725.jpg,1941,1950,9
43730.jpg,1941,2010,69
43735.jpg,1941,1950,9
43740.jpg,1941,1950,9
43745.jpg,1941,1890,-51
43750.jpg,1941,1920,-21
43755.jpg,1941,1900,-41
43760.jpg,1941,1900,-41
43765.jpg,1941,1850,-91
43770.jpg,1941,1950,9
43775.jpg,1941,1970,29
43780.jpg,1941,1950,9
43785.jpg,1941,1950,9
43790.jpg,1941,1930,-11
43795.jpg,1941,1980,39
43800.jpg,1941,1900,-41
43805.jpg,1941,1850,-91
43810.jpg,1941,1950,9
43815.jpg,1941,1950,9
43820.jpg,1941,1950,9
43825.jpg,1941,1950,9
43830.jpg,1941,1950,9
43835.jpg,1941,1980,39
43840.jpg,1941,1960,19
43845.jpg,1941,1990,49
43850.jpg,1941,1950,9
43855.jpg,1941,1900,-41
43860.jpg,1941,1920,-21
43865.jpg,1942,1930,-12
43870.jpg,1942,1920,-22
43875.jpg,1942,1960,18
43880.jpg,1942,1950,8
43885.jpg,1942,1980,38
43890.jpg,1942,1980,38
43895.jpg,1942,1900,-42
43900.jpg,1942,1900,-42
43905.jpg,1942,1900,-42
43910.jpg,1942,1930,-12
43915.jpg,1942,1850,-92
43920.jpg,1942,1900,-42
43925.jpg,1942,2000,58
43930.jpg,1942,1950,8
43935.jpg,1942,1950,8
43940.jpg,1942,1900,-42
43945.jpg,1942,1950,8
43950.jpg,1942,1950,8
43955.jpg,1942,1850,-92
43960.jpg,1943,1900,-43
43965.jpg,1943,1970,27
43970.jpg,1943,1980,37
43975.jpg,1943,1900,-43
43980.jpg,1943,1950,7
43985.jpg,1943,1990,47
43990.jpg,1943,1980,37
43995.jpg,1943,1980,37
44000.jpg,1943,1950,7
44005.jpg,1943,1950,7
44010.jpg,1943,1990,47
44015.jpg,1943,1970,27
44020.jpg,1943,1950,7
44025.jpg,1943,1980,37
44030.jpg,1944,1900,-44
44035.jpg,1944,1950,6
44040.jpg,1944,1970,26
44045.jpg,1944,1900,-44
44050.jpg,1944,1950,6
44055.jpg,1944,1950,6
44060.jpg,1945,1900,-45
44065.jpg,1945,1945,0
44075.jpg,1945,1980,35
44080.jpg,1945,1950,5
44090.jpg,1945,1900,-45
44095.jpg,1945,1950,5
44100.jpg,1945,1960,15
44105.jpg,1945,1920,-25
44110.jpg,1945,1900,-45
44115.jpg,1946,1920,-26
44120.jpg,1946,1950,4
44125.jpg,1946,1950,4
44130.jpg,1946,1950,4
44135.jpg,1946,1960,14
44140.jpg,1946,1990,44
44145.jpg,1946,1980,34
44150.jpg,1946,1950,4
44155.jpg,1946,1900,-46
44160.jpg,1946,1980,34
44165.jpg,1946,1950,4
44170.jpg,1946,1970,24
44175.jpg,1947,1930,-17
44180.jpg,1947,1945,-2
44185.jpg,1947,1900,-47
44190.jpg,1947,1990,43
44195.jpg,1947,2010,63
44200.jpg,1947,1970,23
44205.jpg,1947,1980,33
44210.jpg,1947,1990,43
44215.jpg,1947,1950,3
44220.jpg,1947,1930,-17
44230.jpg,1947,1900,-47
44240.jpg,1947,1950,3
44245.jpg,1947,1980,33
44250.jpg,1947,1970,23
44255.jpg,1947,1970,23
44260.jpg,1947,1900,-47
44270.jpg,1947,1980,33
44275.jpg,1947,1900,-47
44280.jpg,1947,1920,-27
44285.jpg,1948,1930,-18
44290.jpg,1948,1990,42
44295.jpg,1948,2010,62
44300.jpg,1948,1950,2
44305.jpg,1948,1950,2
44310.jpg,1948,1990,42
44315.jpg,1948,2010,62
44320.jpg,1948,1990,42
44325.jpg,1948,1950,2
44330.jpg,1948,1920,-28
44335.jpg,1948,1900,-48
44340.jpg,1948,1990,42
44345.jpg,1948,1970,22
44350.jpg,1948,1950,2
44355.jpg,1948,1950,2
44360.jpg,1948,1950,2
44365.jpg,1948,1980,32
44370.jpg,1948,1900,-48
44375.jpg,1948,1900,-48
44380.jpg,1948,1970,22
44385.jpg,1948,1960,12
44390.jpg,1948,1960,12
44395.jpg,1948,1950,2
44400.jpg,1949,1900,-49
44405.jpg,1949,2000,51
44410.jpg,1949,1900,-49
44415.jpg,1949,1980,31
44420.jpg,1949,1990,41
44425.jpg,1949,1950,1
44430.jpg,1949,1950,1
44435.jpg,1949,1960,11
44440.jpg,1949,1970,21
44445.jpg,1949,1980,31
44450.jpg,1949,1920,-29
44455.jpg,1949,1950,1
44460.jpg,1949,1920,-29
44465.jpg,1949,1930,-19
44470.jpg,1949,1990,41
44475.jpg,1949,1950,1
44480.jpg,1949,1950,1
44485.jpg,1949,1950,1
44490.jpg,1949,1980,31
44495.jpg,1949,1980,31
44500.jpg,1949,1950,1
44510.jpg,1949,1900,-49
44515.jpg,1949,1900,-49
44520.jpg,1949,2010,61
44525.jpg,1949,1920,-29
44530.jpg,1949,1930,-19
44535.jpg,1949,1980,31
44540.jpg,1950,1950,0
44545.jpg,1950,1990,40
44550.jpg,1950,1930,-20
44555.jpg,1950,1920,-30
44560.jpg,1950,1972,22
44565.jpg,1950,1990,40
44570.jpg,1950,1920,-30
44575.jpg,1950,1930,-20
44585.jpg,1950,1960,10
44590.jpg,1950,1930,-20
44595.jpg,1950,1970,20
44600.jpg,1950,1980,30
44605.jpg,1950,1960,10
44610.jpg,1950,1960,10
44615.jpg,1950,1970,20
44620.jpg,1950,1950,0
44625.jpg,1950,1900,-50
44630.jpg,1950,1900,-50
44635.jpg,1950,1900,-50
44640.jpg,1950,1980,30
44645.jpg,1950,1900,-50
44650.jpg,1950,1980,30
44655.jpg,1950,1950,0
44660.jpg,1950,1960,10
44665.jpg,1950,1950,0
44680.jpg,1950,1980,30
44685.jpg,1950,1950,0
44690.jpg,1950,1960,10
44695.jpg,1950,1900,-50
44700.jpg,1950,1970,20
44705.jpg,1951,1950,-1
44710.jpg,1951,1920,-31
44720.jpg,1951,1970,19
44725.jpg,1951,1990,39
44730.jpg,1951,1980,29
44735.jpg,1951,1930,-21
44740.jpg,1951,1900,-51
44745.jpg,1951,1980,29
44750.jpg,1951,1950,-1
44755.jpg,1951,1950,-1
44760.jpg,1951,1970,19
44765.jpg,1951,1900,-51
44770.jpg,1951,1800,-151
44775.jpg,1951,1950,-1
44780.jpg,1951,1900,-51
44785.jpg,1951,1970,19
44790.jpg,1951,1970,19
44795.jpg,1951,1970,19
44800.jpg,1951,1950,-1
44810.jpg,1951,1900,-51
44815.jpg,1951,1990,39
44820.jpg,1951,1950,-1
44825.jpg,1951,2010,59
44830.jpg,1951,1960,9
44840.jpg,1951,1970,19
44845.jpg,1952,1900,-52
44850.jpg,1952,1950,-2
44855.jpg,1952,1990,38
44860.jpg,1952,1990,38
44865.jpg,1952,2010,58
44870.jpg,1952,1980,28
44875.jpg,1952,1900,-52
44880.jpg,1952,1980,28
44885.jpg,1952,1980,28
44890.jpg,1952,1950,-2
44895.jpg,1952,2000,48
44900.jpg,1952,1960,8
44905.jpg,1952,1980,28
44910.jpg,1952,2010,58
44915.jpg,1952,2010,58
44920.jpg,1952,1980,28
44925.jpg,1952,1950,-2
44930.jpg,1952,1980,28
44940.jpg,1952,1920,-32
44945.jpg,1952,1920,-32
44950.jpg,1952,1980,28
44955.jpg,1952,1990,38
44960.jpg,1953,1920,-33
44965.jpg,1953,2014,61
44970.jpg,1953,1950,-3
44980.jpg,1953,1930,-23
44985.jpg,1953,2010,57
44990.jpg,1953,1920,-33
44995.jpg,1953,1980,27
45000.jpg,1953,2010,57
45005.jpg,1953,1950,-3
45010.jpg,1953,1900,-53
45015.jpg,1953,1950,-3
45020.jpg,1953,1970,17
45025.jpg,1953,1980,27
45030.jpg,1953,1950,-3
45035.jpg,1953,1950,-3
45040.jpg,1953,1930,-23
45045.jpg,1953,1850,-103
45050.jpg,1953,1950,-3
45055.jpg,1953,1950,-3
45060.jpg,1953,1900,-53
45065.jpg,1953,1980,27
45070.jpg,1953,1950,-3
45075.jpg,1953,2000,47
45080.jpg,1953,1990,37
45085.jpg,1953,1990,37
45090.jpg,1953,1895,-58
45095.jpg,1954,1970,16
45100.jpg,1954,1970,16
45105.jpg,1954,1980,26
45110.jpg,1954,1970,16
45115.jpg,1954,1990,36
45120.jpg,1954,1990,36
45125.jpg,1954,1970,16
45130.jpg,1954,1950,-4
45135.jpg,1954,1980,26
45140.jpg,1954,1980,26
45150.jpg,1954,1930,-24
45155.jpg,1954,1900,-54
45160.jpg,1954,1960,6
45165.jpg,1954,1950,-4
45170.jpg,1954,1980,26
45175.jpg,1954,1930,-24
45180.jpg,1954,1900,-54
45185.jpg,1954,1980,26
45190.jpg,1954,1950,-4
45195.jpg,1954,1950,-4
45200.jpg,1954,1950,-4
45205.jpg,1954,1920,-34
45210.jpg,1954,1920,-34
45215.jpg,1954,1990,36
45220.jpg,1954,1900,-54
45225.jpg,1954,1950,-4
45230.jpg,1954,1990,36
45235.jpg,1955,1600,-355
45240.jpg,1955,2000,45
45245.jpg,1955,1980,25
45250.jpg,1955,1930,-25
45255.jpg,1955,1950,-5
45260.jpg,1955,1950,-5
45265.jpg,1955,1980,25
45275.jpg,1955,1970,15
45280.jpg,1955,2010,55
45285.jpg,1955,1950,-5
45290.jpg,1955,1980,25
45295.jpg,1955,2010,55
45300.jpg,1955,2019,64
45310.jpg,1955,1960,5
45315.jpg,1955,1990,35
45320.jpg,1955,1900,-55
45325.jpg,1955,1920,-35
45330.jpg,1955,1970,15
45335.jpg,1955,1950,-5
45345.jpg,1955,1990,35
45350.jpg,1955,1950,-5
45355.jpg,1955,1990,35
45360.jpg,1955,1890,-65
45365.jpg,1955,1970,15
45370.jpg,1955,1900,-55
45375.jpg,1955,1900,-55
45385.jpg,1956,1970,14
45390.jpg,1956,1950,-6
45395.jpg,1956,1990,34
45400.jpg,1956,2010,54
45405.jpg,1956,1960,4
45410.jpg,1956,1950,-6
45415.jpg,1956,1990,34
45420.jpg,1956,1950,-6
45430.jpg,1956,1990,34
45435.jpg,1956,1900,-56
45440.jpg,1956,1970,14
45445.jpg,1956,1970,14
45450.jpg,1956,1980,24
45455.jpg,1956,1990,34
45460.jpg,1956,1930,-26
45465.jpg,1956,1990,34
45470.jpg,1956,1980,24
45475.jpg,1956,1950,-6
45480.jpg,1956,1950,-6
45485.jpg,1956,1950,-6
45490.jpg,1956,1920,-36
45495.jpg,1956,1900,-56
45500.jpg,1956,1990,34
45505.jpg,1956,1990,34
45510.jpg,1956,1990,34
45515.jpg,1956,1980,24
45520.jpg,1956,1900,-56
45530.jpg,1957,1900,-57
45535.jpg,1957,1980,23
45540.jpg,1957,1990,33
45545.jpg,1957,2010,53
45550.jpg,1957,1990,33
45555.jpg,1957,1950,-7
45560.jpg,1957,2005,48
45565.jpg,1957,1970,13
45570.jpg,1957,1980,23
45575.jpg,1957,1920,-37
45585.jpg,1957,1920,-37
45590.jpg,1957,1980,23
45595.jpg,1957,1980,23
45605.jpg,1957,2010,53
45610.jpg,1957,1920,-37
45615.jpg,1957,1980,23
45620.jpg,1957,1980,23
45630.jpg,1957,1900,-57
45635.jpg,1957,1950,-7
45640.jpg,1957,1950,-7
45645.jpg,1957,1980,23
45650.jpg,1957,1980,23
45655.jpg,1957,1950,-7
45660.jpg,1957,1960,3
45665.jpg,1957,1960,3
45675.jpg,1957,2010,53
45680.jpg,1957,1900,-57
45685.jpg,1957,1970,13
45695.jpg,1957,1980,23
45700.jpg,1958,1900,-58
45705.jpg,1958,1990,32
45715.jpg,1958,1970,12
45720.jpg,1958,1990,32
45730.jpg,1958,1970,12
45735.jpg,1958,2010,52
45740.jpg,1958,1920,-38
45745.jpg,1958,1960,2
45750.jpg,1958,1980,22
45755.jpg,1958,1890,-68
45760.jpg,1958,1970,12
45765.jpg,1958,1980,22
45770.jpg,1958,1930,-28
45775.jpg,1958,1960,2
45780.jpg,1958,1950,-8
45785.jpg,1958,1990,32
45790.jpg,1958,1970,12
45795.jpg,1958,2010,52
45800.jpg,1958,1950,-8
45805.jpg,1958,1950,-8
45810.jpg,1958,1500,-458
45815.jpg,1958,1990,32
45820.jpg,1958,1980,22
45825.jpg,1958,1990,32
45830.jpg,1958,1970,12
45835.jpg,1958,1900,-58
45840.jpg,1958,1950,-8
45845.jpg,1958,1960,2
45850.jpg,1958,1960,2
45855.jpg,1959,2000,41
45860.jpg,1959,1850,-109
45870.jpg,1959,2000,41
45880.jpg,1959,1900,-59
45885.jpg,1959,1990,31
45890.jpg,1959,1960,1
45895.jpg,1959,1950,-9
45900.jpg,1959,1950,-9
45905.jpg,1959,1950,-9
45910.jpg,1959,2010,51
45915.jpg,1959,2000,41
45925.jpg,1959,1950,-9
45930.jpg,1959,1970,11
45935.jpg,1959,1950,-9
45940.jpg,1959,1990,31
45945.jpg,1959,2010,51
45950.jpg,1959,1990,31
45955.jpg,1959,2000,41
45960.jpg,1959,2000,41
45965.jpg,1959,1900,-59
45970.jpg,1959,1990,31
45975.jpg,1959,1970,11
45980.jpg,1959,1950,-9
45985.jpg,1959,1900,-59
45990.jpg,1960,1900,-60
45995.jpg,1960,1990,30
46000.jpg,1960,1980,20
46005.jpg,1960,1950,-10
46015.jpg,1960,1970,10
46025.jpg,1960,2000,40
46030.jpg,1960,1960,0
46035.jpg,1960,1960,0
46040.jpg,1960,1960,0
46045.jpg,1960,1990,30
46050.jpg,1960,1930,-30
46055.jpg,1960,1900,-60
46060.jpg,1960,1960,0
46065.jpg,1960,1950,-10
46070.jpg,1960,1980,20
46075.jpg,1960,1990,30
46080.jpg,1960,1960,0
46085.jpg,1960,1800,-160
46090.jpg,1960,1950,-10
46095.jpg,1960,1980,20
46100.jpg,1960,1970,10
46105.jpg,1960,1950,-10
46110.jpg,1960,1990,30
46115.jpg,1960,2000,40
46120.jpg,1960,1990,30
46130.jpg,1960,1900,-60
46135.jpg,1960,1980,20
46140.jpg,1960,1900,-60
46145.jpg,1960,1950,-10
46150.jpg,1960,1970,10
46155.jpg,1961,1900,-61
46160.jpg,1961,1920,-41
46170.jpg,1961,2012,51
46180.jpg,1961,1990,29
46185.jpg,1961,1980,19
46190.jpg,1961,1890,-71
46195.jpg,1961,1990,29
46200.jpg,1961,1970,9
46205.jpg,1961,1960,-1
46210.jpg,1961,1980,19
46215.jpg,1961,1980,19
46220.jpg,1961,1980,19
46225.jpg,1961,1960,-1
46230.jpg,1961,1960,-1
46235.jpg,1961,1960,-1
46240.jpg,1961,2010,49
46245.jpg,1961,1985,24
46250.jpg,1961,1950,-11
46255.jpg,1961,1970,9
46260.jpg,1961,1950,-11
46265.jpg,1961,1980,19
46270.jpg,1961,1930,-31
46275.jpg,1961,1920,-41
46280.jpg,1961,1900,-61
46285.jpg,1961,1950,-11
46290.jpg,1961,2000,39
46295.jpg,1961,1990,29
46305.jpg,1961,1960,-1
46310.jpg,1961,1960,-1
46315.jpg,1961,1990,29
46320.jpg,1962,1980,18
46330.jpg,1962,1900,-62
46335.jpg,1962,2010,48
46340.jpg,1962,2000,38
46345.jpg,1962,1990,28
46350.jpg,1962,1960,-2
46355.jpg,1962,1990,28
46360.jpg,1962,1970,8
46365.jpg,1962,1960,-2
46370.jpg,1962,1950,-12
46375.jpg,1962,1960,-2
46380.jpg,1962,1980,18
46385.jpg,1962,1970,8
46390.jpg,1962,1960,-2
46395.jpg,1962,1930,-32
46400.jpg,1962,1960,-2
46405.jpg,1962,1900,-62
46410.jpg,1962,1980,18
46415.jpg,1962,1900,-62
46420.jpg,1962,1970,8
46425.jpg,1962,1980,18
46430.jpg,1962,1980,18
46435.jpg,1962,1900,-62
46440.jpg,1962,1990,28
46445.jpg,1962,1990,28
46450.jpg,1962,1950,-12
46455.jpg,1962,1995,33
46460.jpg,1962,1990,28
46465.jpg,1963,1950,-13
46470.jpg,1963,1970,7
46475.jpg,1963,1980,17
46480.jpg,1963,1980,17
46490.jpg,1963,2010,47
46495.jpg,1963,1950,-13
46500.jpg,1963,1930,-33
46505.jpg,1963,1990,27
46510.jpg,1963,1970,7
46515.jpg,1963,1990,27
46520.jpg,1963,1960,-3
46525.jpg,1963,1990,27
46530.jpg,1963,1980,17
46535.jpg,1963,1950,-13
46540.jpg,1963,1900,-63
46545.jpg,1963,1960,-3
46550.jpg,1963,1980,17
46555.jpg,1963,1990,27
46560.jpg,1963,1950,-13
46565.jpg,1963,1980,17
46570.jpg,1963,1980,17
46575.jpg,1963,1950,-13
46580.jpg,1963,1980,17
46585.jpg,1963,1980,17
46590.jpg,1963,1500,-463
46595.jpg,1963,1900,-63
46600.jpg,1963,1990,27
46605.jpg,1963,1990,27
46615.jpg,1963,1950,-13
46620.jpg,1963,1960,-3
46625.jpg,1963,1980,17
46630.jpg,1963,1930,-33
46635.jpg,1964,1970,6
46640.jpg,1964,1990,26
46645.jpg,1964,1970,6
46650.jpg,1964,1990,26
46655.jpg,1964,1980,16
46660.jpg,1964,2010,46
46665.jpg,1964,1980,16
46670.jpg,1964,1980,16
46675.jpg,1964,1980,16
46680.jpg,1964,1980,16
46685.jpg,1964,1990,26
46690.jpg,1964,1970,6
46695.jpg,1964,1980,16
46700.jpg,1964,1960,-4
46705.jpg,1964,1990,26
46710.jpg,1964,1970,6
46715.jpg,1964,1960,-4
46720.jpg,1964,1970,6
46725.jpg,1964,1970,6
46730.jpg,1964,1990,26
46735.jpg,1964,1980,16
46740.jpg,1964,1980,16
46745.jpg,1964,1960,-4
46750.jpg,1964,1950,-14
46755.jpg,1964,1970,6
46760.jpg,1964,1850,-114
46765.jpg,1964,1990,26
46770.jpg,1964,1950,-14
46775.jpg,1964,1920,-44
46780.jpg,1964,1990,26
46785.jpg,1964,1990,26
46790.jpg,1964,2010,46
46795.jpg,1964,1980,16
46805.jpg,1964,1970,6
46810.jpg,1964,1900,-64
46815.jpg,1964,1990,26
46820.jpg,1965,1970,5
46825.jpg,1965,2000,35
46830.jpg,1965,1990,25
46835.jpg,1965,1980,15
46840.jpg,1965,1990,25
46845.jpg,1965,1990,25
46850.jpg,1965,2010,45
46860.jpg,1965,1990,25
46865.jpg,1965,1950,-15
46870.jpg,1965,2017,52
46875.jpg,1965,1980,15
46885.jpg,1965,1970,5
46890.jpg,1965,2010,45
46895.jpg,1965,1960,-5
46900.jpg,1965,1970,5
46905.jpg,1965,1930,-35
46910.jpg,1965,1990,25
46915.jpg,1965,1960,-5
46920.jpg,1965,1930,-35
46930.jpg,1965,1900,-65
46935.jpg,1965,1970,5
46940.jpg,1965,1930,-35
46945.jpg,1965,1980,15
46950.jpg,1965,1990,25
46955.jpg,1965,1990,25
46960.jpg,1965,1990,25
46965.jpg,1965,1990,25
46970.jpg,1965,1970,5
46990.jpg,1965,1970,5
46995.jpg,1965,1900,-65
47000.jpg,1965,1960,-5
47005.jpg,1966,1970,4
47010.jpg,1966,1990,24
47015.jpg,1966,1990,24
47020.jpg,1966,1980,14
47025.jpg,1966,1990,24
47030.jpg,1966,1920,-46
47035.jpg,1966,1950,-16
47040.jpg,1966,2008,42
47050.jpg,1966,1980,14
47055.jpg,1966,1990,24
47060.jpg,1966,1970,4
47065.jpg,1966,1920,-46
47070.jpg,1966,1950,-16
47075.jpg,1966,1990,24
47080.jpg,1966,1970,4
47085.jpg,1966,1970,4
47090.jpg,1966,1990,24
47100.jpg,1966,1880,-86
47105.jpg,1966,1950,-16
47115.jpg,1966,1960,-6
47120.jpg,1966,1970,4
47125.jpg,1966,1980,14
47130.jpg,1966,1980,14
47135.jpg,1966,1990,24
47140.jpg,1966,1970,4
47145.jpg,1966,1900,-66
47150.jpg,1966,1980,14
47155.jpg,1966,1900,-66
47170.jpg,1966,2000,34
47175.jpg,1966,2000,34
47180.jpg,1966,1970,4
47185.jpg,1966,1990,24
47190.jpg,1966,1980,14
47195.jpg,1966,1970,4
47200.jpg,1966,1970,4
47205.jpg,1966,1970,4
47210.jpg,1966,1970,4
47215.jpg,1966,1980,14
47220.jpg,1966,1960,-6
47225.jpg,1967,1950,-17
47230.jpg,1967,1900,-67
47235.jpg,1967,1900,-67
47240.jpg,1967,1990,23
47245.jpg,1967,1920,-47
47255.jpg,1967,1950,-17
47265.jpg,1967,2000,33
47270.jpg,1967,1990,23
47275.jpg,1967,1990,23
47280.jpg,1967,1990,23
47285.jpg,1967,1960,-7
47290.jpg,1967,1980,13
47295.jpg,1967,1920,-47
47300.jpg,1967,1900,-67
47305.jpg,1967,1900,-67
47310.jpg,1967,1960,-7
47315.jpg,1967,1970,3
47320.jpg,1967,1980,13
47325.jpg,1967,1970,3
47330.jpg,1967,1960,-7
47335.jpg,1967,1950,-17
47340.jpg,1967,1990,23
47345.jpg,1967,1970,3
47350.jpg,1967,1980,13
47355.jpg,1967,1970,3
47360.jpg,1967,1900,-67
47365.jpg,1967,1900,-67
47370.jpg,1967,1900,-67
47375.jpg,1967,1920,-47
47380.jpg,1967,1980,13
47385.jpg,1967,2000,33
47395.jpg,1967,2000,33
47400.jpg,1967,1990,23
47405.jpg,1967,1980,13
47410.jpg,1967,1985,18
47420.jpg,1967,1990,23
47425.jpg,1967,2000,33
47430.jpg,1967,1980,13
47435.jpg,1967,1970,3
47440.jpg,1967,1950,-17
47445.jpg,1967,1990,23
47450.jpg,1968,1960,-8
47455.jpg,1968,1980,12
47460.jpg,1968,1970,2
47465.jpg,1968,1990,22
47470.jpg,1968,1980,12
47475.jpg,1968,1970,2
47480.jpg,1968,1990,22
47485.jpg,1968,1970,2
47490.jpg,1968,1920,-48
47495.jpg,1968,1990,22
47500.jpg,1968,1990,22
47505.jpg,1968,2010,42
47515.jpg,1968,1950,-18
47520.jpg,1968,1950,-18
47525.jpg,1968,1990,22
47530.jpg,1968,1970,2
47535.jpg,1968,1970,2
47540.jpg,1968,1980,12
47545.jpg,1968,1930,-38
47550.jpg,1968,1980,12
47555.jpg,1968,1930,-38
47560.jpg,1968,1960,-8
47565.jpg,1968,1980,12
47570.jpg,1968,1970,2
47575.jpg,1968,1850,-118
47580.jpg,1968,1990,22
47585.jpg,1968,1900,-68
47590.jpg,1968,2000,32
47595.jpg,1968,1980,12
47600.jpg,1968,1990,22
47610.jpg,1968,2000,32
47620.jpg,1968,1980,12
47625.jpg,1968,1930,-38
47630.jpg,1968,1990,22
47635.jpg,1968,1970,2
47640.jpg,1968,1980,12
47645.jpg,1968,1970,2
47650.jpg,1969,1900,-69
47655.jpg,1969,1960,-9
47660.jpg,1969,1970,1
47665.jpg,1969,1970,1
47670.jpg,1969,1990,21
47675.jpg,1969,1950,-19
47680.jpg,1969,1990,21
47685.jpg,1969,1950,-19
47690.jpg,1969,1990,21
47695.jpg,1969,1950,-19
47700.jpg,1969,1990,21
47710.jpg,1969,1950,-19
47715.jpg,1969,1900,-69
47720.jpg,1969,1970,1
47730.jpg,1969,1970,1
47735.jpg,1969,1980,11
47740.jpg,1969,1900,-69
47745.jpg,1969,1980,11
47750.jpg,1969,2010,41
47755.jpg,1969,1900,-69
47760.jpg,1969,1970,1
47765.jpg,1969,1990,21
47770.jpg,1969,1990,21
47780.jpg,1969,1990,21
47785.jpg,1969,2010,41
47790.jpg,1969,1970,1
47795.jpg,1969,1960,-9
47800.jpg,1969,1990,21
47805.jpg,1969,1950,-19
47810.jpg,1969,1980,11
47815.jpg,1969,2010,41
47820.jpg,1969,1980,11
47825.jpg,1969,1980,11
47830.jpg,1969,1970,1
47835.jpg,1970,1960,-10
47840.jpg,1970,1980,10
47845.jpg,1970,1990,20
47850.jpg,1970,1990,20
47855.jpg,1970,1960,-10
47860.jpg,1970,1990,20
47865.jpg,1970,2010,40
47870.jpg,1970,1980,10
47875.jpg,1970,1990,20
47880.jpg,1970,2010,40
47890.jpg,1970,1990,20
47895.jpg,1970,1950,-20
47900.jpg,1970,1970,0
47905.jpg,1970,1970,0
47910.jpg,1970,1980,10
47915.jpg,1970,2010,40
47920.jpg,1970,1960,-10
47925.jpg,1970,1950,-20
47930.jpg,1970,2010,40
47935.jpg,1970,1950,-20
47940.jpg,1970,1950,-20
47945.jpg,1970,1800,-170
47950.jpg,1970,1980,10
47955.jpg,1970,1980,10
47960.jpg,1970,1970,0
47965.jpg,1970,1990,20
47970.jpg,1970,1990,20
47975.jpg,1970,1990,20
47980.jpg,1970,1850,-120
47985.jpg,1970,1960,-10
47990.jpg,1970,2010,40
47995.jpg,1970,2000,30
48000.jpg,1971,1960,-11
48005.jpg,1971,1990,19
48010.jpg,1971,1970,-1
48020.jpg,1971,1980,9
48025.jpg,1971,1990,19
48030.jpg,1971,2000,29
48035.jpg,1971,1950,-21
48040.jpg,1971,1950,-21
48045.jpg,1971,1990,19
48050.jpg,1971,1950,-21
48065.jpg,1971,1970,-1
48070.jpg,1971,1970,-1
48075.jpg,1971,1970,-1
48080.jpg,1971,1970,-1
48085.jpg,1971,1990,19
48090.jpg,1971,1990,19
48095.jpg,1971,1900,-71
48100.jpg,1971,1980,9
48105.jpg,1971,1990,19
48110.jpg,1971,1980,9
48115.jpg,1971,1990,19
48120.jpg,1971,2000,29
48130.jpg,1971,1990,19
48135.jpg,1971,1990,19
48140.jpg,1971,1990,19
48145.jpg,1971,2000,29
48150.jpg,1971,2000,29
48155.jpg,1971,1960,-11
48160.jpg,1971,1970,-1
48170.jpg,1971,1970,-1
48175.jpg,1971,1970,-1
48180.jpg,1972,1970,-2
48185.jpg,1972,1970,-2
48190.jpg,1972,1970,-2
48195.jpg,1972,2000,28
48200.jpg,1972,1980,8
48205.jpg,1972,1990,18
48215.jpg,1972,1950,-22
48220.jpg,1972,1960,-12
48225.jpg,1972,2000,28
48230.jpg,1972,1970,-2
48235.jpg,1972,1970,-2
48240.jpg,1972,1930,-42
48245.jpg,1972,1990,18
48250.jpg,1972,1970,-2
48255.jpg,1972,1950,-22
48260.jpg,1972,1970,-2
48265.jpg,1972,1990,18
48270.jpg,1972,1960,-12
48275.jpg,1972,1980,8
48280.jpg,1972,1950,-22
48285.jpg,1972,1900,-72
48290.jpg,1972,1900,-72
48295.jpg,1972,1970,-2
48300.jpg,1972,1990,18
48305.jpg,1972,2010,38
48310.jpg,1972,2000,28
48320.jpg,1972,2000,28
48325.jpg,1972,1900,-72
48330.jpg,1972,1990,18
48335.jpg,1972,1930,-42
48340.jpg,1972,1970,-2
48345.jpg,1972,1950,-22
48350.jpg,1972,1930,-42
48355.jpg,1972,1990,18
48360.jpg,1973,1970,-3
48365.jpg,1973,1990,17
48370.jpg,1973,1960,-13
48375.jpg,1973,1980,7
48380.jpg,1973,2010,37
48385.jpg,1973,1990,17
48390.jpg,1973,1980,7
48395.jpg,1973,1980,7
48400.jpg,1973,1990,17
48405.jpg,1973,1980,7
48410.jpg,1973,1990,17
48415.jpg,1973,1990,17
48420.jpg,1973,1980,7
48425.jpg,1973,1990,17
48430.jpg,1973,1980,7
48435.jpg,1973,1970,-3
48440.jpg,1973,1970,-3
48445.jpg,1973,1990,17
48450.jpg,1973,1960,-13
48455.jpg,1973,1950,-23
48465.jpg,1973,1990,17
48475.jpg,1973,1980,7
48480.jpg,1973,1990,17
48490.jpg,1973,1990,17
48495.jpg,1973,1990,17
48500.jpg,1973,1900,-73
48505.jpg,1973,1950,-23
48510.jpg,1973,2000,27
48515.jpg,1973,1900,-73
48525.jpg,1973,1950,-23
48530.jpg,1974,1990,16
48535.jpg,1974,1980,6
48540.jpg,1974,2010,36
48545.jpg,1974,1990,16
48550.jpg,1974,1990,16
48555.jpg,1974,2000,26
48560.jpg,1974,1980,6
48565.jpg,1974,2000,26
48570.jpg,1974,1990,16
48575.jpg,1974,1980,6
48580.jpg,1974,1970,-4
48585.jpg,1974,1970,-4
48590.jpg,1974,1950,-24
48595.jpg,1974,1960,-14
48600.jpg,1974,1970,-4
48605.jpg,1974,1980,6
48610.jpg,1974,1990,16
48615.jpg,1974,1980,6
48620.jpg,1974,1930,-44
48625.jpg,1974,1900,-74
48630.jpg,1974,1980,6
48635.jpg,1974,1990,16
48640.jpg,1974,1900,-74
48650.jpg,1974,1980,6
48670.jpg,1974,2000,26
48675.jpg,1974,2000,26
48680.jpg,1974,2000,26
48685.jpg,1974,1990,16
48690.jpg,1974,2000,26
48695.jpg,1974,1990,16
48700.jpg,1974,2000,26
48705.jpg,1974,1930,-44
48710.jpg,1974,2010,36
48715.jpg,1974,1970,-4
48720.jpg,1974,1990,16
48725.jpg,1974,1850,-124
48735.jpg,1975,1990,15
48740.jpg,1975,1990,15
48745.jpg,1975,1900,-75
48750.jpg,1975,1970,-5
48755.jpg,1975,1970,-5
48760.jpg,1975,2000,25
48765.jpg,1975,1980,5
48770.jpg,1975,1990,15
48775.jpg,1975,1990,15
48780.jpg,1975,1990,15
48785.jpg,1975,1970,-5
48790.jpg,1975,1970,-5
48795.jpg,1975,2010,35
48800.jpg,1975,1930,-45
48805.jpg,1975,1950,-25
48810.jpg,1975,2010,35
48815.jpg,1975,1980,5
48820.jpg,1975,1960,-15
48825.jpg,1975,1950,-25
48830.jpg,1975,1960,-15
48835.jpg,1975,1990,15
48840.jpg,1975,1980,5
48845.jpg,1975,1980,5
48850.jpg,1975,1990,15
48855.jpg,1975,2010,35
48860.jpg,1975,2000,25
48865.jpg,1975,2010,35
48870.jpg,1975,1990,15
48875.jpg,1975,1990,15
48880.jpg,1975,2000,25
48885.jpg,1975,1960,-15
48890.jpg,1975,1990,15
48895.jpg,1975,1970,-5
48900.jpg,1976,1900,-76
48905.jpg,1976,1980,4
48910.jpg,1976,1970,-6
48915.jpg,1976,1950,-26
48920.jpg,1976,1960,-16
48925.jpg,1976,2010,34
48930.jpg,1976,1990,14
48940.jpg,1976,1970,-6
48945.jpg,1976,1970,-6
48950.jpg,1976,1995,19
48955.jpg,1976,1970,-6
48960.jpg,1976,1980,4
48965.jpg,1976,1970,-6
48970.jpg,1976,1970,-6
48975.jpg,1976,1950,-26
48985.jpg,1976,1990,14
48990.jpg,1976,1930,-46
49000.jpg,1976,1900,-76
49020.jpg,1976,1990,14
49030.jpg,1976,2000,24
49035.jpg,1976,1980,4
49040.jpg,1976,1980,4
49045.jpg,1976,1990,14
49050.jpg,1976,1990,14
49060.jpg,1976,1930,-46
49065.jpg,1976,1900,-76
49070.jpg,1976,1970,-6
49075.jpg,1976,1990,14
49080.jpg,1976,1970,-6
49085.jpg,1976,1970,-6
49090.jpg,1976,2010,34
49095.jpg,1977,1990,13
49100.jpg,1977,1900,-77
49105.jpg,1977,1960,-17
49110.jpg,1977,1980,3
49115.jpg,1977,1990,13
49120.jpg,1977,1980,3
49125.jpg,1977,1990,13
49130.jpg,1977,1950,-27
49135.jpg,1977,1990,13
49140.jpg,1977,1980,3
49145.jpg,1977,1970,-7
49150.jpg,1977,1970,-7
49155.jpg,1977,1980,3
49160.jpg,1977,2000,23
49165.jpg,1977,1960,-17
49170.jpg,1977,1900,-77
49175.jpg,1977,1900,-77
49180.jpg,1977,1960,-17
49185.jpg,1977,2010,33
49190.jpg,1977,1970,-7
49195.jpg,1977,1990,13
49205.jpg,1977,2000,23
49210.jpg,1977,1990,13
49215.jpg,1977,2000,23
49220.jpg,1977,1990,13
49225.jpg,1977,1984,7
49230.jpg,1977,1990,13
49235.jpg,1977,1950,-27
49240.jpg,1977,1980,3
49250.jpg,1977,1930,-47
49255.jpg,1977,1950,-27
49260.jpg,1978,1990,12
49265.jpg,1978,2000,22
49270.jpg,1978,1970,-8
49280.jpg,1978,1990,12
49285.jpg,1978,1980,2
49290.jpg,1978,1920,-58
49295.jpg,1978,1990,12
49305.jpg,1978,1980,2
49310.jpg,1978,2010,32
49315.jpg,1978,1980,2
49320.jpg,1978,1980,2
49325.jpg,1978,1970,-8
49330.jpg,1978,1980,2
49335.jpg,1978,1980,2
49340.jpg,1978,1900,-78
49345.jpg,1978,1970,-8
49350.jpg,1978,1990,12
49355.jpg,1978,1990,12
49360.jpg,1978,1990,12
49365.jpg,1978,2000,22
49370.jpg,1978,1900,-78
49375.jpg,1978,1990,12
49385.jpg,1978,2000,22
49390.jpg,1978,1980,2
49395.jpg,1978,1900,-78
49400.jpg,1978,1960,-18
49405.jpg,1979,1970,-9
49410.jpg,1979,1980,1
49415.jpg,1979,1970,-9
49420.jpg,1979,1980,1
49425.jpg,1979,2010,31
49430.jpg,1979,1990,11
49435.jpg,1979,1990,11
49440.jpg,1979,1980,1
49445.jpg,1979,1970,-9
49450.jpg,1979,1900,-79
49455.jpg,1979,1970,-9
49460.jpg,1979,1990,11
49465.jpg,1979,1900,-79
49470.jpg,1979,1930,-49
49475.jpg,1979,1980,1
49480.jpg,1979,1900,-79
49485.jpg,1979,1950,-29
49490.jpg,1979,1950,-29
49495.jpg,1979,1980,1
49500.jpg,1979,2000,21
49505.jpg,1979,2000,21
49510.jpg,1979,1980,1
49515.jpg,1979,2000,21
49525.jpg,1979,1980,1
49530.jpg,1979,1980,1
49535.jpg,1979,1990,11
49540.jpg,1979,1990,11
49545.jpg,1979,1950,-29
49550.jpg,1979,2010,31
49555.jpg,1979,2000,21
49560.jpg,1979,1970,-9
49565.jpg,1980,1980,0
49570.jpg,1980,1900,-80
49585.jpg,1980,1900,-80
49590.jpg,1980,1980,0
49595.jpg,1980,1980,0
49600.jpg,1980,1950,-30
49605.jpg,1980,1950,-30
49610.jpg,1980,1970,-10
49615.jpg,1980,1990,10
49620.jpg,1980,1960,-20
49625.jpg,1980,1950,-30
49630.jpg,1980,2000,20
49635.jpg,1980,2010,30
49640.jpg,1980,1900,-80
49645.jpg,1980,2010,30
49650.jpg,1980,1990,10
49655.jpg,1980,1980,0
49660.jpg,1980,2000,20
49665.jpg,1980,1990,10
49675.jpg,1980,1990,10
49680.jpg,1980,1920,-60
49685.jpg,1980,2000,20
49690.jpg,1980,1990,10
49695.jpg,1980,1990,10
49700.jpg,1980,1990,10
49705.jpg,1980,1990,10
49710.jpg,1981,1990,9
49715.jpg,1981,1980,-1
49720.jpg,1981,1990,9
49725.jpg,1981,1980,-1
49735.jpg,1981,2010,29
49740.jpg,1981,1970,-11
49745.jpg,1981,1980,-1
49750.jpg,1981,1990,9
49755.jpg,1981,1970,-11
49760.jpg,1981,1970,-11
49770.jpg,1981,1980,-1
49775.jpg,1981,1980,-1
49780.jpg,1981,2000,19
49785.jpg,1981,1960,-21
49790.jpg,1981,1990,9
49795.jpg,1981,1980,-1
49800.jpg,1981,1900,-81
49805.jpg,1981,1990,9
49810.jpg,1981,1950,-31
49815.jpg,1981,1985,4
49820.jpg,1981,1850,-131
49825.jpg,1981,1980,-1
49830.jpg,1981,1980,-1
49835.jpg,1981,1970,-11
49840.jpg,1981,1900,-81
49845.jpg,1981,1990,9
49850.jpg,1981,1990,9
49860.jpg,1981,1990,9
49865.jpg,1981,1980,-1
49875.jpg,1981,1980,-1
49880.jpg,1981,1990,9
49885.jpg,1981,2000,19
49890.jpg,1981,1980,-1
49895.jpg,1981,1980,-1
49900.jpg,1981,1900,-81
49905.jpg,1981,1970,-11
49910.jpg,1981,1990,9
49915.jpg,1981,1970,-11
49920.jpg,1982,1990,8
49925.jpg,1982,1900,-82
49930.jpg,1982,1990,8
49935.jpg,1982,1990,8
49940.jpg,1982,1970,-12
49945.jpg,1982,2000,18
49950.jpg,1982,2012,30
49955.jpg,1982,1960,-22
49960.jpg,1982,1980,-2
49965.jpg,1982,1980,-2
49975.jpg,1982,1990,8
49980.jpg,1982,1990,8
49985.jpg,1982,1990,8
49990.jpg,1982,1990,8
49995.jpg,1982,1960,-22
50000.jpg,1982,2000,18
50005.jpg,1982,1990,8
50010.jpg,1982,1980,-2
50015.jpg,1982,1980,-2
50020.jpg,1982,2000,18
50025.jpg,1982,1980,-2
50030.jpg,1982,2010,28
50035.jpg,1982,1980,-2
50040.jpg,1982,2010,28
50045.jpg,1982,1980,-2
50050.jpg,1982,1900,-82
50055.jpg,1982,1980,-2
50060.jpg,1982,1980,-2
50065.jpg,1982,1950,-32
50070.jpg,1982,1980,-2
50075.jpg,1982,1960,-22
50080.jpg,1982,1850,-132
50095.jpg,1982,1900,-82
50100.jpg,1982,1850,-132
50105.jpg,1982,1980,-2
50110.jpg,1982,1900,-82
50115.jpg,1982,2010,28
50120.jpg,1982,1990,8
50145.jpg,1982,1920,-62
50150.jpg,1982,1970,-12
50155.jpg,1982,1980,-2
50160.jpg,1983,1600,-383
50165.jpg,1983,1980,-3
50170.jpg,1983,2010,27
50175.jpg,1983,2010,27
50185.jpg,1983,1900,-83
50190.jpg,1983,1950,-33
50195.jpg,1983,2000,17
50200.jpg,1983,1960,-23
50205.jpg,1983,1990,7
50210.jpg,1983,1990,7
50220.jpg,1983,1990,7
50225.jpg,1983,1980,-3
50230.jpg,1983,1980,-3
50235.jpg,1983,1970,-13
50240.jpg,1983,1970,-13
50245.jpg,1983,1990,7
50250.jpg,1983,1980,-3
50255.jpg,1983,1970,-13
50260.jpg,1983,2010,27
50270.jpg,1983,1980,-3
50275.jpg,1983,1970,-13
50280.jpg,1983,1980,-3
50285.jpg,1983,1900,-83
50290.jpg,1983,1990,7
50295.jpg,1983,2000,17
50300.jpg,1983,1980,-3
50305.jpg,1983,1990,7
50310.jpg,1983,1900,-83
50315.jpg,1983,1900,-83
50320.jpg,1983,1990,7
50325.jpg,1983,1900,-83
50330.jpg,1983,1990,7
50335.jpg,1983,1990,7
50340.jpg,1983,1990,7
50345.jpg,1983,1990,7
50350.jpg,1983,1990,7
50355.jpg,1983,1900,-83
50360.jpg,1983,1990,7
50365.jpg,1983,1980,-3
50370.jpg,1983,1990,7
50375.jpg,1983,1970,-13
50380.jpg,1983,1970,-13
50385.jpg,1983,1950,-33
50390.jpg,1984,1990,6
50395.jpg,1984,1990,6
50400.jpg,1984,1950,-34
50405.jpg,1984,1980,-4
50410.jpg,1984,1990,6
50415.jpg,1984,1950,-34
50420.jpg,1984,1950,-34
50425.jpg,1984,2000,16
50430.jpg,1984,1950,-34
50435.jpg,1984,1950,-34
50440.jpg,1984,1970,-14
50445.jpg,1984,1980,-4
50450.jpg,1984,1990,6
50455.jpg,1984,2000,16
50465.jpg,1984,1980,-4
50470.jpg,1984,1980,-4
50475.jpg,1984,2000,16
50480.jpg,1984,1960,-24
50485.jpg,1984,1970,-14
50490.jpg,1984,1930,-54
50495.jpg,1984,1900,-84
50500.jpg,1984,1950,-34
50505.jpg,1984,1980,-4
50515.jpg,1984,2010,26
50520.jpg,1984,1920,-64
50525.jpg,1984,1970,-14
50530.jpg,1984,1920,-64
50535.jpg,1984,1900,-84
50540.jpg,1984,1990,6
50545.jpg,1984,1980,-4
50550.jpg,1984,2000,16
50555.jpg,1984,2010,26
50560.jpg,1984,1990,6
50565.jpg,1984,1990,6
50570.jpg,1984,1980,-4
50575.jpg,1984,1990,6
50580.jpg,1985,1600,-385
50585.jpg,1985,1980,-5
50595.jpg,1985,1990,5
50600.jpg,1985,1990,5
50605.jpg,1985,2010,25
50610.jpg,1985,2010,25
50615.jpg,1985,2010,25
50620.jpg,1985,2010,25
50630.jpg,1985,1990,5
50635.jpg,1985,1970,-15
50640.jpg,1985,1990,5
50645.jpg,1985,1960,-25
50650.jpg,1985,1990,5
50655.jpg,1985,2000,15
50660.jpg,1985,2000,15
50665.jpg,1985,1980,-5
50670.jpg,1985,2000,15
50675.jpg,1985,1990,5
50680.jpg,1985,1970,-15
50685.jpg,1985,1960,-25
50690.jpg,1985,2010,25
50695.jpg,1985,2000,15
50700.jpg,1985,1960,-25
50705.jpg,1985,1950,-35
50710.jpg,1985,1950,-35
50715.jpg,1985,1900,-85
50720.jpg,1985,1900,-85
50730.jpg,1985,1990,5
50735.jpg,1985,2000,15
50740.jpg,1985,2010,25
50745.jpg,1985,1990,5
50750.jpg,1985,1990,5
50755.jpg,1985,1990,5
50760.jpg,1985,1990,5
50765.jpg,1985,1990,5
50770.jpg,1985,1980,-5
50775.jpg,1985,1960,-25
50780.jpg,1986,2010,24
50785.jpg,1986,1980,-6
50790.jpg,1986,1950,-36
50795.jpg,1986,1980,-6
50800.jpg,1986,1980,-6
50805.jpg,1986,1990,4
50810.jpg,1986,1990,4
50815.jpg,1986,1960,-26
50820.jpg,1986,1980,-6
50830.jpg,1986,2000,14
50835.jpg,1986,1990,4
50840.jpg,1986,2010,24
50845.jpg,1986,1980,-6
50850.jpg,1986,1980,-6
50855.jpg,1986,2000,14
50860.jpg,1986,1980,-6
50865.jpg,1986,1900,-86
50870.jpg,1986,1970,-16
50885.jpg,1986,1980,-6
50890.jpg,1986,1980,-6
50895.jpg,1986,1980,-6
50900.jpg,1986,1900,-86
50905.jpg,1986,1960,-26
50910.jpg,1986,1990,4
50915.jpg,1986,1980,-6
50920.jpg,1986,1950,-36
50925.jpg,1986,1800,-186
50930.jpg,1986,1970,-16
50935.jpg,1986,1970,-16
50940.jpg,1986,1900,-86
50945.jpg,1986,1990,4
50950.jpg,1986,1990,4
50955.jpg,1986,2000,14
50960.jpg,1986,2000,14
50965.jpg,1986,1990,4
50970.jpg,1986,2010,24
50975.jpg,1986,1950,-36
50980.jpg,1986,1900,-86
50985.jpg,1986,1920,-66
50990.jpg,1987,1600,-387
50995.jpg,1987,1970,-17
51000.jpg,1987,1990,3
51010.jpg,1987,1950,-37
51015.jpg,1987,1990,3
51020.jpg,1987,1990,3
51025.jpg,1987,1970,-17
51030.jpg,1987,1950,-37
51035.jpg,1987,2010,23
51040.jpg,1987,1990,3
51045.jpg,1987,2000,13
51050.jpg,1987,1990,3
51055.jpg,1987,1970,-17
51060.jpg,1987,1980,-7
51065.jpg,1987,2010,23
51070.jpg,1987,1990,3
51075.jpg,1987,1980,-7
51080.jpg,1987,2000,13
51085.jpg,1987,1900,-87
51090.jpg,1987,1990,3
51095.jpg,1987,1980,-7
51100.jpg,1987,1900,-87
51105.jpg,1987,1950,-37
51110.jpg,1987,1980,-7
51115.jpg,1987,2010,23
51120.jpg,1987,1950,-37
51125.jpg,1987,1900,-87
51130.jpg,1987,1850,-137
51135.jpg,1987,1980,-7
51140.jpg,1987,2000,13
51145.jpg,1987,1980,-7
51155.jpg,1987,1990,3
51165.jpg,1987,1900,-87
51170.jpg,1987,1920,-67
51175.jpg,1987,2010,23
51180.jpg,1987,2010,23
51200.jpg,1988,1980,-8
51205.jpg,1988,1990,2
51210.jpg,1988,1990,2
51215.jpg,1988,2010,22
51220.jpg,1988,1980,-8
51225.jpg,1988,1990,2
51240.jpg,1988,1990,2
51245.jpg,1988,2000,12
51250.jpg,1988,1990,2
51255.jpg,1988,2000,12
51260.jpg,1988,1990,2
51265.jpg,1988,1980,-8
51270.jpg,1988,1990,2
51275.jpg,1988,2000,12
51280.jpg,1988,1970,-18
51285.jpg,1988,1980,-8
51290.jpg,1988,2000,12
51295.jpg,1988,1980,-8
51300.jpg,1988,1980,-8
51305.jpg,1988,1970,-18
51310.jpg,1988,1960,-28
51315.jpg,1988,1990,2
51320.jpg,1988,1920,-68
51330.jpg,1988,1900,-88
51335.jpg,1988,1900,-88
51340.jpg,1988,1990,2
51345.jpg,1988,1900,-88
51350.jpg,1988,1900,-88
51355.jpg,1988,1980,-8
51360.jpg,1988,2000,12
51365.jpg,1988,1990,2
51370.jpg,1988,1990,2
51375.jpg,1988,1990,2
51380.jpg,1988,1980,-8
51385.jpg,1988,1990,2
51390.jpg,1988,1980,-8
51395.jpg,1988,1990,2
51400.jpg,1988,1990,2
51405.jpg,1988,1990,2
51410.jpg,1989,2010,21
51415.jpg,1989,2010,21
51420.jpg,1989,1980,-9
51425.jpg,1989,1990,1
51430.jpg,1989,2000,11
51435.jpg,1989,1990,1
51440.jpg,1989,1960,-29
51445.jpg,1989,1990,1
51455.jpg,1989,1970,-19
51460.jpg,1989,1970,-19
51470.jpg,1989,2000,11
51475.jpg,1989,1990,1
51480.jpg,1989,1990,1
51485.jpg,1989,1980,-9
51490.jpg,1989,1990,1
51495.jpg,1989,2000,11
51500.jpg,1989,1970,-19
51505.jpg,1989,1990,1
51510.jpg,1989,1990,1
51515.jpg,1989,1990,1
51520.jpg,1989,1990,1
51525.jpg,1989,1900,-89
51530.jpg,1989,1980,-9
51535.jpg,1989,1990,1
51540.jpg,1989,1990,1
51545.jpg,1989,1930,-59
51550.jpg,1989,1900,-89
51555.jpg,1989,2000,11
51560.jpg,1989,1990,1
51565.jpg,1989,1990,1
51575.jpg,1989,1990,1
51580.jpg,1989,1500,-489
51585.jpg,1989,2000,11
51590.jpg,1989,2000,11
51595.jpg,1989,1980,-9
51600.jpg,1989,1970,-19
51605.jpg,1990,1900,-90
51610.jpg,1990,1990,0
51615.jpg,1990,1980,-10
51620.jpg,1990,2000,10
51625.jpg,1990,1950,-40
51630.jpg,1990,2010,20
51635.jpg,1990,1980,-10
51640.jpg,1990,1990,0
51645.jpg,1990,2000,10
51650.jpg,1990,2010,20
51655.jpg,1990,1990,0
51660.jpg,1990,2000,10
51670.jpg,1990,1990,0
51675.jpg,1990,2000,10
51680.jpg,1990,1990,0
51685.jpg,1990,2010,20
51690.jpg,1990,1990,0
51695.jpg,1990,1990,0
51700.jpg,1990,1980,-10
51705.jpg,1990,2000,10
51710.jpg,1990,1900,-90
51715.jpg,1990,1990,0
51720.jpg,1990,1990,0
51725.jpg,1990,2005,15
51730.jpg,1990,2000,10
51735.jpg,1990,1960,-30
51740.jpg,1990,1950,-40
51745.jpg,1990,1900,-90
51755.jpg,1990,2005,15
51760.jpg,1990,1900,-90
51765.jpg,1990,1900,-90
51770.jpg,1990,1900,-90
51775.jpg,1990,2010,20
51780.jpg,1990,2000,10
51785.jpg,1990,1900,-90
51795.jpg,1990,1950,-40
51805.jpg,1990,1980,-10
51810.jpg,1990,2010,20
51815.jpg,1990,1990,0
51820.jpg,1990,1980,-10
51825.jpg,1990,1950,-40
51830.jpg,1990,1980,-10
51840.jpg,1991,1900,-91
51845.jpg,1991,1990,-1
51850.jpg,1991,2000,9
51860.jpg,1991,1990,-1
51865.jpg,1991,1990,-1
51870.jpg,1991,1990,-1
51875.jpg,1991,1950,-41
51885.jpg,1991,2000,9
51890.jpg,1991,1970,-21
51895.jpg,1991,1950,-41
51905.jpg,1991,1990,-1
51910.jpg,1991,1980,-11
51920.jpg,1991,1990,-1
51925.jpg,1991,2010,19
51930.jpg,1991,1990,-1
51935.jpg,1991,1980,-11
51940.jpg,1991,1990,-1
51945.jpg,1991,1920,-71
51950.jpg,1991,1950,-41
51955.jpg,1991,1980,-11
51960.jpg,1991,1990,-1
51965.jpg,1991,1960,-31
51970.jpg,1991,1990,-1
51975.jpg,1991,1960,-31
51980.jpg,1991,1900,-91
51985.jpg,1991,1920,-71
51990.jpg,1991,2010,19
51995.jpg,1991,1970,-21
52000.jpg,1991,1960,-31
52015.jpg,1991,1980,-11
52020.jpg,1991,1990,-1
52025.jpg,1991,1990,-1
52035.jpg,1991,1980,-11
52040.jpg,1991,1990,-1
52045.jpg,1991,2000,9
52060.jpg,1991,1900,-91
52065.jpg,1992,1990,-2
52070.jpg,1992,1990,-2
52075.jpg,1992,1970,-22
52080.jpg,1992,1970,-22
52085.jpg,1992,2000,8
52090.jpg,1992,2010,18
52095.jpg,1992,1990,-2
52100.jpg,1992,1990,-2
52105.jpg,1992,1990,-2
52110.jpg,1992,2010,18
52115.jpg,1992,1970,-22
52120.jpg,1992,1990,-2
52125.jpg,1992,1990,-2
52130.jpg,1992,2000,8
52135.jpg,1992,1980,-12
52140.jpg,1992,2000,8
52145.jpg,1992,2000,8
52150.jpg,1992,1980,-12
52155.jpg,1992,1990,-2
52160.jpg,1992,2000,8
52165.jpg,1992,1990,-2
52170.jpg,1992,1980,-12
52175.jpg,1992,1970,-22
52180.jpg,1992,1970,-22
52185.jpg,1992,1990,-2
52190.jpg,1992,2000,8
52195.jpg,1992,2000,8
52200.jpg,1992,2000,8
52205.jpg,1992,1950,-42
52210.jpg,1992,1980,-12
52215.jpg,1992,1900,-92
52220.jpg,1992,1980,-12
52225.jpg,1992,1900,-92
52230.jpg,1992,1920,-72
52235.jpg,1992,1900,-92
52240.jpg,1992,1990,-2
52245.jpg,1992,1990,-2
52250.jpg,1992,1990,-2
52260.jpg,1992,1960,-32
52270.jpg,1993,1970,-23
52275.jpg,1993,1990,-3
52280.jpg,1993,1990,-3
52285.jpg,1993,1990,-3
52290.jpg,1993,2010,17
52300.jpg,1993,1950,-43
52305.jpg,1993,1990,-3
52310.jpg,1993,1990,-3
52315.jpg,1993,1980,-13
52320.jpg,1993,1990,-3
52325.jpg,1993,1980,-13
52335.jpg,1993,1990,-3
52340.jpg,1993,1990,-3
52345.jpg,1993,2010,17
52350.jpg,1993,2010,17
52355.jpg,1993,1990,-3
52360.jpg,1993,1980,-13
52365.jpg,1993,2000,7
52370.jpg,1993,1980,-13
52375.jpg,1993,1990,-3
52380.jpg,1993,1930,-63
52385.jpg,1993,2005,12
52390.jpg,1993,1980,-13
52395.jpg,1993,1980,-13
52400.jpg,1993,1950,-43
52405.jpg,1993,1960,-33
52410.jpg,1993,1900,-93
52415.jpg,1993,1990,-3
52420.jpg,1993,1980,-13
52425.jpg,1993,1900,-93
52430.jpg,1993,2010,17
52435.jpg,1993,1990,-3
52440.jpg,1993,1990,-3
52445.jpg,1993,1990,-3
52450.jpg,1993,1900,-93
52455.jpg,1993,2000,7
52460.jpg,1993,1970,-23
52465.jpg,1993,2010,17
52475.jpg,1994,1990,-4
52480.jpg,1994,1980,-14
52485.jpg,1994,2000,6
52490.jpg,1994,1980,-14
52495.jpg,1994,2000,6
52505.jpg,1994,1990,-4
52510.jpg,1994,1960,-34
52515.jpg,1994,1950,-44
52525.jpg,1994,2010,16
52530.jpg,1994,2000,6
52535.jpg,1994,2000,6
52540.jpg,1994,1930,-64
52545.jpg,1994,2000,6
52550.jpg,1994,2010,16
52555.jpg,1994,1980,-14
52560.jpg,1994,1930,-64
52570.jpg,1994,1950,-44
52575.jpg,1994,1990,-4
52580.jpg,1994,1900,-94
52585.jpg,1994,2000,6
52590.jpg,1994,1970,-24
52595.jpg,1994,1900,-94
52600.jpg,1994,1950,-44
52605.jpg,1994,1800,-194
52610.jpg,1994,1990,-4
52615.jpg,1994,1890,-104
52620.jpg,1994,2010,16
52625.jpg,1994,1990,-4
52630.jpg,1994,1990,-4
52635.jpg,1994,1990,-4
52640.jpg,1994,1930,-64
52645.jpg,1994,1920,-74
52650.jpg,1995,1950,-45
52655.jpg,1995,1950,-45
52660.jpg,1995,2010,15
52665.jpg,1995,1920,-75
52670.jpg,1995,2000,5
52675.jpg,1995,1970,-25
52680.jpg,1995,1990,-5
52685.jpg,1995,2000,5
52690.jpg,1995,1990,-5
52695.jpg,1995,2000,5
52700.jpg,1995,2000,5
52705.jpg,1995,1914,-81
52710.jpg,1995,2010,15
52715.jpg,1995,1980,-15
52720.jpg,1995,1990,-5
52725.jpg,1995,1990,-5
52730.jpg,1995,1980,-15
52735.jpg,1995,1980,-15
52740.jpg,1995,1980,-15
52745.jpg,1995,1970,-25
52750.jpg,1995,1990,-5
52755.jpg,1995,1990,-5
52760.jpg,1995,1990,-5
52765.jpg,1995,1980,-15
52770.jpg,1995,1990,-5
52775.jpg,1995,1990,-5
52785.jpg,1995,1980,-15
52790.jpg,1995,1950,-45
52795.jpg,1995,2010,15
52800.jpg,1995,1980,-15
52805.jpg,1995,1990,-5
52810.jpg,1995,2010,15
52815.jpg,1995,1990,-5
52820.jpg,1995,2000,5
52825.jpg,1995,2010,15
52830.jpg,1995,1900,-95
52835.jpg,1995,1000,-995
52840.jpg,1995,1850,-145
52845.jpg,1996,1970,-26
52850.jpg,1996,2000,4
52855.jpg,1996,1980,-16
52860.jpg,1996,1990,-6
52865.jpg,1996,2000,4
52870.jpg,1996,2010,14
52875.jpg,1996,1990,-6
52880.jpg,1996,1970,-26
52885.jpg,1996,2010,14
52890.jpg,1996,1970,-26
52895.jpg,1996,2000,4
52900.jpg,1996,2010,14
52905.jpg,1996,1990,-6
52910.jpg,1996,1990,-6
52915.jpg,1996,1900,-96
52920.jpg,1996,1990,-6
52925.jpg,1996,1980,-16
52935.jpg,1996,1990,-6
52940.jpg,1996,1960,-36
52945.jpg,1996,1920,-76
52950.jpg,1996,1980,-16
52955.jpg,1996,2010,14
52960.jpg,1996,1990,-6
52965.jpg,1996,1990,-6
52970.jpg,1996,1950,-46
52980.jpg,1996,1990,-6
52985.jpg,1997,1600,-397
52990.jpg,1997,1990,-7
52995.jpg,1997,1920,-77
53000.jpg,1997,1990,-7
53005.jpg,1997,1950,-47
53010.jpg,1997,1990,-7
53015.jpg,1997,1990,-7
53020.jpg,1997,1980,-17
53025.jpg,1997,2000,3
53030.jpg,1997,2010,13
53035.jpg,1997,1990,-7
53040.jpg,1997,1990,-7
53045.jpg,1997,1990,-7
53050.jpg,1997,2010,13
53055.jpg,1997,1990,-7
53060.jpg,1997,2010,13
53065.jpg,1997,1990,-7
53070.jpg,1997,2000,3
53075.jpg,1997,1990,-7
53080.jpg,1997,2000,3
53085.jpg,1997,1980,-17
53090.jpg,1997,1900,-97
53095.jpg,1997,2010,13
53100.jpg,1997,1990,-7
53105.jpg,1997,2000,3
53110.jpg,1997,2010,13
53115.jpg,1997,1980,-17
53120.jpg,1997,1980,-17
53125.jpg,1997,1960,-37
53130.jpg,1997,1950,-47
53135.jpg,1997,1990,-7
53140.jpg,1997,1900,-97
53145.jpg,1997,1990,-7
53150.jpg,1997,2010,13
53155.jpg,1997,1850,-147
53165.jpg,1997,1990,-7
53170.jpg,1997,2000,3
53175.jpg,1997,2000,3
53180.jpg,1997,2010,13
53185.jpg,1997,2000,3
53190.jpg,1997,1990,-7
53195.jpg,1997,1603,-394
53200.jpg,1997,1990,-7
53205.jpg,1997,1950,-47
53210.jpg,1997,1990,-7
53215.jpg,1997,1920,-77
53220.jpg,1997,2000,3
53225.jpg,1997,1990,-7
53230.jpg,1997,1980,-17
53235.jpg,1998,1900,-98
53240.jpg,1998,1980,-18
53245.jpg,1998,1950,-48
53250.jpg,1998,1990,-8
53255.jpg,1998,1950,-48
53260.jpg,1998,1990,-8
53265.jpg,1998,1960,-38
53270.jpg,1998,2000,2
53275.jpg,1998,2015,17
53280.jpg,1998,1990,-8
53285.jpg,1998,1990,-8
53290.jpg,1998,1980,-18
53300.jpg,1998,1980,-18
53305.jpg,1998,1990,-8
53310.jpg,1998,2000,2
53315.jpg,1998,2010,12
53325.jpg,1998,1980,-18
53330.jpg,1998,2000,2
53335.jpg,1998,1990,-8
53340.jpg,1998,2000,2
53345.jpg,1998,1990,-8
53350.jpg,1998,1900,-98
53355.jpg,1998,1990,-8
53365.jpg,1998,1990,-8
53370.jpg,1998,1990,-8
53375.jpg,1998,1980,-18
53380.jpg,1998,1900,-98
53385.jpg,1998,1850,-148
53390.jpg,1998,1850,-148
53395.jpg,1998,1980,-18
53400.jpg,1998,1850,-148
53405.jpg,1998,2000,2
53410.jpg,1998,1900,-98
53415.jpg,1998,1990,-8
53420.jpg,1998,1990,-8
53425.jpg,1998,2000,2
53435.jpg,1998,1970,-28
53440.jpg,1998,1990,-8
53445.jpg,1998,2010,12
53450.jpg,1998,1960,-38
53455.jpg,1999,1600,-399
53460.jpg,1999,1980,-19
53465.jpg,1999,2010,11
53470.jpg,1999,1950,-49
53475.jpg,1999,2000,1
53480.jpg,1999,2010,11
53485.jpg,1999,1990,-9
53490.jpg,1999,1950,-49
53495.jpg,1999,2000,1
53505.jpg,1999,1950,-49
53510.jpg,1999,1990,-9
53515.jpg,1999,1990,-9
53520.jpg,1999,2010,11
53525.jpg,1999,2010,11
53530.jpg,1999,2010,11
53535.jpg,1999,1980,-19
53540.jpg,1999,1990,-9
53545.jpg,1999,2000,1
53550.jpg,1999,2010,11
53555.jpg,1999,1980,-19
53560.jpg,1999,1990,-9
53565.jpg,1999,2010,11
53570.jpg,1999,1990,-9
53575.jpg,1999,2010,11
53580.jpg,1999,1980,-19
53585.jpg,1999,1950,-49
53590.jpg,1999,1970,-29
53595.jpg,1999,1980,-19
53600.jpg,1999,1990,-9
53605.jpg,1999,1990,-9
53610.jpg,1999,1990,-9
53615.jpg,1999,1930,-69
53620.jpg,1999,1920,-79
53625.jpg,1999,1900,-99
53630.jpg,1999,1900,-99
53635.jpg,1999,1900,-99
53650.jpg,1999,2000,1
53655.jpg,1999,1920,-79
53660.jpg,1999,1990,-9
53665.jpg,1999,1990,-9
53670.jpg,1999,1990,-9
53675.jpg,1999,1990,-9
53680.jpg,1999,2010,11
53685.jpg,1999,1950,-49
53690.jpg,2000,1990,-10
53700.jpg,2000,1990,-10
53705.jpg,2000,1980,-20
53710.jpg,2000,2000,0
53715.jpg,2000,1990,-10
53720.jpg,2000,2000,0
53725.jpg,2000,1930,-70
53730.jpg,2000,2000,0
53735.jpg,2000,1980,-20
53740.jpg,2000,2000,0
53745.jpg,2000,1920,-80
53755.jpg,2000,1990,-10
53760.jpg,2000,1970,-30
53765.jpg,2000,2000,0
53770.jpg,2000,1980,-20
53775.jpg,2000,1960,-40
53780.jpg,2000,1990,-10
53785.jpg,2000,1980,-20
53790.jpg,2000,1900,-100
53795.jpg,2000,1900,-100
53800.jpg,2000,1900,-100
53805.jpg,2000,1900,-100
53810.jpg,2000,1920,-80
53815.jpg,2000,1920,-80
53820.jpg,2000,1900,-100
53830.jpg,2000,1980,-20
53835.jpg,2000,1990,-10
53840.jpg,2000,1990,-10
53845.jpg,2000,1980,-20
53850.jpg,2000,1900,-100
53855.jpg,2000,1990,-10
53860.jpg,2000,1990,-10
53865.jpg,2000,1990,-10
53870.jpg,2000,1980,-20
53875.jpg,2000,2010,10
53880.jpg,2000,2000,0
53885.jpg,2000,2000,0
53890.jpg,2000,2000,0
53895.jpg,2000,1990,-10
53905.jpg,2001,2000,-1
53910.jpg,2001,2000,-1
53915.jpg,2001,2005,4
53920.jpg,2001,2000,-1
53925.jpg,2001,1990,-11
53930.jpg,2001,1950,-51
53935.jpg,2001,1990,-11
53940.jpg,2001,1920,-81
53945.jpg,2001,1920,-81
53950.jpg,2001,1990,-11
53955.jpg,2001,1990,-11
53960.jpg,2001,2000,-1
53965.jpg,2001,1950,-51
53970.jpg,2001,1990,-11
53975.jpg,2001,2010,9
53980.jpg,2001,1990,-11
53985.jpg,2001,1900,-101
53990.jpg,2001,1980,-21
53995.jpg,2001,1850,-151
54000.jpg,2001,2010,9
54005.jpg,2001,1980,-21
54010.jpg,2001,1920,-81
54015.jpg,2001,1990,-11
54020.jpg,2001,1990,-11
54025.jpg,2001,1990,-11
54030.jpg,2001,2010,9
54035.jpg,2001,2000,-1
54040.jpg,2001,2000,-1
54045.jpg,2001,1980,-21
54050.jpg,2001,1950,-51
54055.jpg,2001,1990,-11
54060.jpg,2001,1900,-101
54065.jpg,2001,1950,-51
54070.jpg,2001,1990,-11
54075.jpg,2001,2010,9
54085.jpg,2001,2010,9
54090.jpg,2001,1990,-11
54095.jpg,2001,1990,-11
54100.jpg,2001,2010,9
54105.jpg,2001,1990,-11
54110.jpg,2001,2010,9
54120.jpg,2001,1990,-11
54125.jpg,2001,2010,9
54130.jpg,2001,1970,-31
54135.jpg,2001,1990,-11
54140.jpg,2001,2010,9
54145.jpg,2001,1980,-21
54150.jpg,2001,2010,9
54155.jpg,2001,1950,-51
54160.jpg,2001,2000,-1
54165.jpg,2001,1990,-11
54170.jpg,2001,1990,-11
54180.jpg,2002,1950,-52
54185.jpg,2002,1990,-12
54190.jpg,2002,1980,-22
54195.jpg,2002,1920,-82
54200.jpg,2002,1990,-12
54205.jpg,2002,1990,-12
54210.jpg,2002,1990,-12
54215.jpg,2002,2000,-2
54220.jpg,2002,1920,-82
54225.jpg,2002,1990,-12
54230.jpg,2002,2000,-2
54235.jpg,2002,2000,-2
54240.jpg,2002,1990,-12
54245.jpg,2002,1900,-102
54250.jpg,2002,1970,-32
54255.jpg,2002,1900,-102
54260.jpg,2002,1990,-12
54265.jpg,2002,2010,8
54270.jpg,2002,2010,8
54275.jpg,2002,1950,-52
54280.jpg,2002,2000,-2
54285.jpg,2002,1990,-12
54290.jpg,2002,1990,-12
54295.jpg,2002,1960,-42
54300.jpg,2002,1990,-12
54305.jpg,2002,1960,-42
54310.jpg,2002,1990,-12
54315.jpg,2002,1990,-12
54320.jpg,2002,1850,-152
54330.jpg,2002,1990,-12
54335.jpg,2002,1980,-22
54340.jpg,2002,2010,8
54345.jpg,2002,1990,-12
54355.jpg,2002,2000,-2
54360.jpg,2002,1920,-82
54365.jpg,2002,2010,8
54370.jpg,2002,1990,-12
54375.jpg,2002,2010,8
54385.jpg,2002,1990,-12
54390.jpg,2002,2010,8
54395.jpg,2002,2010,8
54400.jpg,2002,1980,-22
54405.jpg,2003,1920,-83
54410.jpg,2003,2010,7
54415.jpg,2003,2010,7
54425.jpg,2003,1990,-13
54430.jpg,2003,2010,7
54435.jpg,2003,1980,-23
54440.jpg,2003,2010,7
54445.jpg,2003,2000,-3
54450.jpg,2003,1920,-83
54460.jpg,2003,1990,-13
54465.jpg,2003,2000,-3
54470.jpg,2003,1990,-13
54475.jpg,2003,2000,-3
54480.jpg,2003,1960,-43
54485.jpg,2003,1930,-73
54490.jpg,2003,2005,2
54495.jpg,2003,1950,-53
54500.jpg,2003,1990,-13
54505.jpg,2003,1990,-13
54510.jpg,2003,1960,-43
54515.jpg,2003,1980,-23
54520.jpg,2003,1800,-203
54525.jpg,2003,2000,-3
54530.jpg,2003,2000,-3
54535.jpg,2003,1920,-83
54540.jpg,2003,2000,-3
54545.jpg,2003,1900,-103
54550.jpg,2003,2010,7
54555.jpg,2003,1900,-103
54560.jpg,2003,1990,-13
54565.jpg,2003,1980,-23
54570.jpg,2003,1990,-13
54575.jpg,2003,1980,-23
54580.jpg,2003,1990,-13
54585.jpg,2003,2010,7
54590.jpg,2003,2010,7
54595.jpg,2003,1990,-13
54600.jpg,2003,1970,-33
54605.jpg,2004,2000,-4
54610.jpg,2004,1980,-24
54620.jpg,2004,1930,-74
54625.jpg,2004,2000,-4
54630.jpg,2004,1990,-14
54635.jpg,2004,1990,-14
54640.jpg,2004,1990,-14
54645.jpg,2004,1990,-14
54650.jpg,2004,2000,-4
54655.jpg,2004,1990,-14
54660.jpg,2004,2000,-4
54665.jpg,2004,1950,-54
54670.jpg,2004,2000,-4
54675.jpg,2004,1990,-14
54680.jpg,2004,1900,-104
54685.jpg,2004,2010,6
54690.jpg,2004,1950,-54
54695.jpg,2004,1980,-24
54700.jpg,2004,1970,-34
54705.jpg,2004,1990,-14
54710.jpg,2004,1990,-14
54715.jpg,2004,1990,-14
54720.jpg,2004,1990,-14
54725.jpg,2004,1990,-14
54730.jpg,2004,1980,-24
54735.jpg,2004,2010,6
54740.jpg,2004,2010,6
54745.jpg,2004,1920,-84
54750.jpg,2004,1920,-84
54760.jpg,2004,1990,-14
54770.jpg,2004,1980,-24
54775.jpg,2004,2000,-4
54780.jpg,2004,2000,-4
54785.jpg,2004,2010,6
54790.jpg,2004,1990,-14
54795.jpg,2004,2010,6
54800.jpg,2004,1990,-14
54805.jpg,2004,2000,-4
54810.jpg,2004,1990,-14
54815.jpg,2004,1990,-14
54820.jpg,2004,2000,-4
54825.jpg,2004,1990,-14
54830.jpg,2004,1990,-14
54835.jpg,2004,2010,6
54840.jpg,2004,1950,-54
54845.jpg,2005,1800,-205
54850.jpg,2005,1990,-15
54855.jpg,2005,1980,-25
54860.jpg,2005,2008,3
54865.jpg,2005,1920,-85
54870.jpg,2005,2010,5
54885.jpg,2005,1980,-25
54890.jpg,2005,1980,-25
54895.jpg,2005,2000,-5
54900.jpg,2005,1990,-15
54905.jpg,2005,2000,-5
54910.jpg,2005,2000,-5
54915.jpg,2005,1990,-15
54925.jpg,2005,1980,-25
54930.jpg,2005,2010,5
54935.jpg,2005,1900,-105
54940.jpg,2005,1970,-35
54955.jpg,2005,2000,-5
54960.jpg,2005,1990,-15
54965.jpg,2005,2005,0
54970.jpg,2005,2000,-5
54975.jpg,2005,1990,-15
54980.jpg,2005,2010,5
54985.jpg,2005,2010,5
54990.jpg,2005,1900,-105
54995.jpg,2005,1990,-15
55000.jpg,2005,1980,-25
55005.jpg,2005,2010,5
55010.jpg,2005,1980,-25
55015.jpg,2005,2010,5
55020.jpg,2005,1900,-105
55025.jpg,2005,1970,-35
55030.jpg,2005,2000,-5
55035.jpg,2005,1900,-105
55040.jpg,2005,2010,5
55045.jpg,2005,2000,-5
55050.jpg,2005,1990,-15
55055.jpg,2005,1990,-15
55060.jpg,2005,2000,-5
55065.jpg,2005,1990,-15
55070.jpg,2005,1980,-25
55075.jpg,2005,2010,5
55080.jpg,2005,2010,5
55085.jpg,2005,2010,5
55090.jpg,2005,1980,-25
55095.jpg,2005,1980,-25
55100.jpg,2005,1980,-25
55105.jpg,2005,1990,-15
55110.jpg,2005,1990,-15
55115.jpg,2005,1900,-105
55120.jpg,2005,2000,-5
55125.jpg,2005,1960,-45
55130.jpg,2005,2010,5
55135.jpg,2006,1990,-16
55140.jpg,2006,2010,4
55145.jpg,2006,1980,-26
55155.jpg,2006,2000,-6
55160.jpg,2006,1950,-56
55165.jpg,2006,1990,-16
55170.jpg,2006,2000,-6
55175.jpg,2006,1990,-16
55180.jpg,2006,1980,-26
55185.jpg,2006,1990,-16
55190.jpg,2006,2010,4
55195.jpg,2006,1990,-16
55200.jpg,2006,2000,-6
55210.jpg,2006,1950,-56
55215.jpg,2006,1980,-26
55220.jpg,2006,1990,-16
55230.jpg,2006,1990,-16
55235.jpg,2006,1990,-16
55240.jpg,2006,1990,-16
55245.jpg,2006,1990,-16
55250.jpg,2006,1980,-26
55255.jpg,2006,1990,-16
55265.jpg,2006,1990,-16
55270.jpg,2006,1990,-16
55275.jpg,2006,1950,-56
55280.jpg,2006,1990,-16
55285.jpg,2006,1970,-36
55290.jpg,2006,1990,-16
55295.jpg,2006,2006,0
55300.jpg,2006,1990,-16
55305.jpg,2006,1980,-26
55310.jpg,2006,1960,-46
55315.jpg,2006,1970,-36
55320.jpg,2006,1950,-56
55325.jpg,2006,2000,-6
55330.jpg,2006,1990,-16
55335.jpg,2007,1600,-407
55340.jpg,2007,2010,3
55345.jpg,2007,1990,-17
55355.jpg,2007,1950,-57
55360.jpg,2007,1990,-17
55365.jpg,2007,2010,3
55370.jpg,2007,1990,-17
55380.jpg,2007,2010,3
55385.jpg,2007,1990,-17
55395.jpg,2007,1900,-107
55400.jpg,2007,2010,3
55405.jpg,2007,1980,-27
55410.jpg,2007,2010,3
55415.jpg,2007,1990,-17
55420.jpg,2007,1990,-17
55425.jpg,2007,1990,-17
55430.jpg,2007,2000,-7
55435.jpg,2007,1920,-87
55440.jpg,2007,2010,3
55445.jpg,2007,2005,-2
55450.jpg,2007,1980,-27
55455.jpg,2007,1980,-27
55460.jpg,2007,1850,-157
55465.jpg,2007,1990,-17
55475.jpg,2007,1900,-107
55480.jpg,2007,1960,-47
55485.jpg,2007,1990,-17
55490.jpg,2007,1900,-107
55500.jpg,2007,1990,-17
55505.jpg,2007,1990,-17
55510.jpg,2007,2000,-7
55515.jpg,2007,2010,3
55520.jpg,2007,2000,-7
55525.jpg,2007,1900,-107
55530.jpg,2007,2010,3
55535.jpg,2007,2000,-7
55540.jpg,2007,1920,-87
55545.jpg,2007,2010,3
55550.jpg,2007,1950,-57
55555.jpg,2007,2000,-7
55560.jpg,2007,2010,3
55565.jpg,2007,2010,3
55570.jpg,2007,1980,-27
55575.jpg,2007,2010,3
55580.jpg,2007,2010,3
55585.jpg,2007,2010,3
55590.jpg,2007,1990,-17
55595.jpg,2007,1900,-107
55600.jpg,2007,1990,-17
55605.jpg,2007,1970,-37
55610.jpg,2008,1600,-408
55615.jpg,2008,1900,-108
55620.jpg,2008,2010,2
55625.jpg,2008,2008,0
55630.jpg,2008,2010,2
55635.jpg,2008,1950,-58
55640.jpg,2008,1990,-18
55645.jpg,2008,1990,-18
55650.jpg,2008,1920,-88
55655.jpg,2008,2010,2
55660.jpg,2008,2010,2
55670.jpg,2008,2010,2
55675.jpg,2008,2010,2
55685.jpg,2008,2010,2
55690.jpg,2008,2000,-8
55695.jpg,2008,2010,2
55705.jpg,2008,1990,-18
55710.jpg,2008,1950,-58
55715.jpg,2008,2010,2
55720.jpg,2008,1980,-28
55725.jpg,2008,1980,-28
55730.jpg,2008,2000,-8
55735.jpg,2008,1500,-508
55740.jpg,2008,1980,-28
55745.jpg,2008,1990,-18
55750.jpg,2008,1990,-18
55755.jpg,2008,2010,2
55760.jpg,2008,1990,-18
55765.jpg,2008,1990,-18
55770.jpg,2008,1900,-108
55775.jpg,2008,1980,-28
55780.jpg,2008,1990,-18
55785.jpg,2008,1990,-18
55795.jpg,2008,2010,2
55800.jpg,2008,1990,-18
55805.jpg,2008,1990,-18
55810.jpg,2008,2010,2
55815.jpg,2008,2010,2
55820.jpg,2008,1850,-158
55825.jpg,2008,1980,-28
55830.jpg,2008,1990,-18
55835.jpg,2009,1970,-39
55845.jpg,2009,2010,1
55850.jpg,2009,2000,-9
55870.jpg,2009,1903,-106
55875.jpg,2009,2010,1
55880.jpg,2009,2010,1
55885.jpg,2009,1990,-19
55890.jpg,2009,2008,-1
55895.jpg,2009,1990,-19
55900.jpg,2009,1980,-29
55905.jpg,2009,2000,-9
55910.jpg,2009,2010,1
55915.jpg,2009,2010,1
55920.jpg,2009,1990,-19
55925.jpg,2009,2000,-9
55930.jpg,2009,1950,-59
55935.jpg,2009,1990,-19
55940.jpg,2009,2010,1
55945.jpg,2009,1900,-109
55950.jpg,2009,2010,1
55955.jpg,2009,1980,-29
55960.jpg,2009,2000,-9
55965.jpg,2009,2010,1
55970.jpg,2009,1980,-29
55975.jpg,2009,1980,-29
55980.jpg,2009,2000,-9
55985.jpg,2009,1920,-89
55990.jpg,2009,2010,1
55995.jpg,2009,2000,-9
56000.jpg,2009,1990,-19
56005.jpg,2009,1900,-109
56010.jpg,2009,1900,-109
56015.jpg,2009,1990,-19
56020.jpg,2009,2000,-9
56025.jpg,2009,2000,-9
56030.jpg,2009,2010,1
56035.jpg,2009,2000,-9
56040.jpg,2009,2000,-9
56050.jpg,2009,1990,-19
56055.jpg,2009,1990,-19
56060.jpg,2009,1930,-79
56065.jpg,2009,1980,-29
56070.jpg,2009,2000,-9
56075.jpg,2009,1900,-109
56080.jpg,2010,1970,-40
56085.jpg,2010,2000,-10
56090.jpg,2010,2010,0
56095.jpg,2010,2000,-10
56105.jpg,2010,2000,-10
56110.jpg,2010,1990,-20
56115.jpg,2010,2000,-10
56125.jpg,2010,2010,0
56130.jpg,2010,1980,-30
56135.jpg,2010,1990,-20
56140.jpg,2010,1990,-20
56145.jpg,2010,1990,-20
56150.jpg,2010,1990,-20
56155.jpg,2010,1980,-30
56165.jpg,2010,1980,-30
56170.jpg,2010,1900,-110
56175.jpg,2010,1990,-20
56180.jpg,2010,1990,-20
56185.jpg,2010,2000,-10
56190.jpg,2010,1980,-30
56195.jpg,2010,2009,-1
56200.jpg,2010,2000,-10
56205.jpg,2010,1980,-30
56210.jpg,2010,1980,-30
56215.jpg,2010,2000,-10
56220.jpg,2010,1980,-30
56225.jpg,2010,1980,-30
56230.jpg,2010,1980,-30
56235.jpg,2010,1990,-20
56240.jpg,2010,1980,-30
56245.jpg,2010,2000,-10
56250.jpg,2010,2010,0
56255.jpg,2010,2010,0
56260.jpg,2010,2010,0
56265.jpg,2010,2010,0
56270.jpg,2010,2010,0
56275.jpg,2010,1980,-30
56280.jpg,2010,1980,-30
56285.jpg,2010,2010,0
56290.jpg,2010,2000,-10
56295.jpg,2010,1990,-20
56300.jpg,2010,1990,-20
56310.jpg,2010,2010,0
56315.jpg,2011,1980,-31
56320.jpg,2011,1990,-21
56325.jpg,2011,2010,-1
56330.jpg,2011,1990,-21
56335.jpg,2011,2000,-11
56345.jpg,2011,1950,-61
56350.jpg,2011,1990,-21
56355.jpg,2011,1970,-41
56360.jpg,2011,2010,-1
56365.jpg,2011,1990,-21
56370.jpg,2011,1980,-31
56375.jpg,2011,2010,-1
56380.jpg,2011,1980,-31
56385.jpg,2011,2010,-1
56390.jpg,2011,1900,-111
56395.jpg,2011,2010,-1
56400.jpg,2011,1990,-21
56405.jpg,2011,1950,-61
56410.jpg,2011,2010,-1
56415.jpg,2011,2010,-1
56420.jpg,2011,2000,-11
56425.jpg,2011,1920,-91
56430.jpg,2011,2010,-1
56440.jpg,2011,1980,-31
56450.jpg,2011,1990,-21
56455.jpg,2011,1850,-161
56460.jpg,2011,1970,-41
56465.jpg,2011,1990,-21
56470.jpg,2011,1900,-111
56475.jpg,2011,1960,-51
56480.jpg,2011,1970,-41
56485.jpg,2011,2010,-1
56495.jpg,2011,1990,-21
56500.jpg,2011,2010,-1
56505.jpg,2011,2010,-1
56510.jpg,2011,2010,-1
56515.jpg,2011,1930,-81
56520.jpg,2011,1990,-21
56525.jpg,2011,1990,-21
56545.jpg,2012,1950,-62
56550.jpg,2012,2010,-2
56555.jpg,2012,1990,-22
56560.jpg,2012,2000,-12
56565.jpg,2012,2010,-2
56570.jpg,2012,1990,-22
56575.jpg,2012,1990,-22
56585.jpg,2012,2000,-12
56590.jpg,2012,2010,-2
56600.jpg,2012,1980,-32
56605.jpg,2012,2010,-2
56610.jpg,2012,2010,-2
56615.jpg,2012,2000,-12
56620.jpg,2012,1900,-112
56625.jpg,2012,1960,-52
56630.jpg,2012,2000,-12
56635.jpg,2012,1980,-32
56640.jpg,2012,1980,-32
56645.jpg,2012,1990,-22
56650.jpg,2012,1990,-22
56655.jpg,2012,1990,-22
56660.jpg,2012,1900,-112
56665.jpg,2012,1900,-112
56670.jpg,2012,2010,-2
56675.jpg,2012,2010,-2
56680.jpg,2012,2000,-12
56685.jpg,2012,1990,-22
56690.jpg,2012,1990,-22
56695.jpg,2012,2010,-2
56700.jpg,2012,2010,-2
56705.jpg,2012,1990,-22
56710.jpg,2012,1960,-52
56715.jpg,2012,1900,-112
56720.jpg,2013,1990,-23
56725.jpg,2013,1990,-23
56730.jpg,2013,1990,-23
56735.jpg,2013,2000,-13
56740.jpg,2013,1990,-23
56745.jpg,2013,2010,-3
56750.jpg,2013,2010,-3
56755.jpg,2013,2010,-3
56765.jpg,2013,2010,-3
56770.jpg,2013,2010,-3
56775.jpg,2013,1920,-93
56780.jpg,2013,1990,-23
56785.jpg,2013,1990,-23
56795.jpg,2013,1990,-23
56800.jpg,2013,1980,-33
56805.jpg,2013,1990,-23
56810.jpg,2013,1990,-23
56820.jpg,2013,1960,-53
56825.jpg,2013,1950,-63
56845.jpg,2013,2010,-3
56850.jpg,2013,2000,-13
56855.jpg,2013,2010,-3
56860.jpg,2013,2010,-3
56865.jpg,2013,1980,-33
56870.jpg,2013,1990,-23
56875.jpg,2013,1990,-23
56880.jpg,2013,1990,-23
56885.jpg,2013,2010,-3
56890.jpg,2013,1990,-23
56895.jpg,2013,1990,-23
56900.jpg,2014,1970,-44
56905.jpg,2014,1900,-114
56910.jpg,2014,1900,-114
56915.jpg,2014,2010,-4
56920.jpg,2014,1990,-24
56925.jpg,2014,2010,-4
56930.jpg,2014,2000,-14
56935.jpg,2014,1980,-34
56940.jpg,2014,1920,-94
56945.jpg,2014,1970,-44
56950.jpg,2014,1980,-34
56955.jpg,2014,1960,-54
56960.jpg,2014,1990,-24
56965.jpg,2014,1990,-24
56970.jpg,2014,1990,-24
56975.jpg,2014,1950,-64
56980.jpg,2014,1960,-54
56985.jpg,2014,2000,-14
56990.jpg,2014,2010,-4
56995.jpg,2014,2010,-4
57005.jpg,2014,1990,-24
57010.jpg,2014,1900,-114
57015.jpg,2014,1990,-24
57020.jpg,2014,1990,-24
57025.jpg,2014,2000,-14
57030.jpg,2014,1980,-34
57035.jpg,2014,1990,-24
57040.jpg,2014,2010,-4
57045.jpg,2014,1990,-24
57050.jpg,2014,1990,-24
57055.jpg,2014,1990,-24
57060.jpg,2014,2010,-4
57065.jpg,2014,1990,-24
57070.jpg,2014,2000,-14
57075.jpg,2015,1990,-25
57085.jpg,2015,1990,-25
57090.jpg,2015,1990,-25
57095.jpg,2015,2010,-5
57100.jpg,2015,1990,-25
57105.jpg,2015,1990,-25
57110.jpg,2015,1990,-25
57120.jpg,2015,1990,-25
57125.jpg,2015,1990,-25
57130.jpg,2015,2010,-5
57135.jpg,2015,1990,-25
57140.jpg,2015,1980,-35
57145.jpg,2015,1980,-35
57150.jpg,2015,2010,-5
57155.jpg,2015,2000,-15
57160.jpg,2015,2010,-5
57165.jpg,2015,2010,-5
57170.jpg,2015,2010,-5
57175.jpg,2015,2010,-5
57180.jpg,2015,2010,-5
57185.jpg,2015,2000,-15
57195.jpg,2015,1990,-25
57200.jpg,2015,1900,-115
57205.jpg,2015,2010,-5
57210.jpg,2015,2000,-15
57215.jpg,2015,2010,-5
57220.jpg,2016,1900,-116
57225.jpg,2016,2010,-6
57230.jpg,2016,1990,-26
57235.jpg,2016,2010,-6
57240.jpg,2016,2010,-6
57250.jpg,2016,1990,-26
57255.jpg,2016,2010,-6
57270.jpg,2016,1900,-116
57275.jpg,2016,2010,-6
57280.jpg,2016,2010,-6
57285.jpg,2016,1990,-26
57290.jpg,2016,2000,-16
57295.jpg,2016,2010,-6
57300.jpg,2016,1990,-26
57305.jpg,2016,2010,-6
57310.jpg,2016,1850,-166
57315.jpg,2016,1950,-66
57320.jpg,2016,2010,-6
57325.jpg,2016,2000,-16
57330.jpg,2016,2000,-16
57335.jpg,2016,1980,-36
57340.jpg,2016,2000,-16
57345.jpg,2016,1970,-46
57350.jpg,2016,2010,-6
57355.jpg,2016,2010,-6
57360.jpg,2016,2010,-6
57365.jpg,2017,1990,-27
57370.jpg,2017,2010,-7
57375.jpg,2017,1990,-27
57385.jpg,2017,1990,-27
57390.jpg,2017,1980,-37
57395.jpg,2017,1990,-27
57400.jpg,2017,1980,-37
57415.jpg,2017,2010,-7
57420.jpg,2017,1980,-37
57425.jpg,2017,1980,-37
57430.jpg,2017,1990,-27
57435.jpg,2017,2010,-7
57440.jpg,2017,1890,-127
57450.jpg,2017,1990,-27
57455.jpg,2017,2010,-7
57470.jpg,2017,2010,-7
57475.jpg,2017,2010,-7
57480.jpg,2018,2010,-8
57485.jpg,2018,1990,-28
57490.jpg,2018,1950,-68
57495.jpg,2018,1990,-28
57500.jpg,2018,1990,-28
57505.jpg,2018,2000,-18
57510.jpg,2018,2008,-10
57515.jpg,2018,1990,-28
57520.jpg,2018,2000,-18
57525.jpg,2018,2000,-18
57530.jpg,2018,1980,-38
57545.jpg,2018,1990,-28
57550.jpg,2018,2010,-8
57555.jpg,2018,1990,-28
57560.jpg,2018,2010,-8
57565.jpg,2018,1990,-28
57570.jpg,2018,2010,-8
57575.jpg,2018,2000,-18
57585.jpg,2019,1980,-39
57595.jpg,2019,2010,-9
57600.jpg,2019,1980,-39
57605.jpg,2019,1990,-29
57610.jpg,2019,2010,-9
57615.jpg,2019,1990,-29
57620.jpg,2019,2010,-9
57625.jpg,2019,2000,-19
57630.jpg,2019,1890,-129
57635.jpg,2019,2010,-9
57640.jpg,2019,2015,-4
57645.jpg,2019,2010,-9
57660.jpg,2019,2000,-19
57665.jpg,2019,2010,-9
57670.jpg,2020,1990,-30
57675.jpg,2020,2010,-10
57680.jpg,2020,1990,-30
57685.jpg,2020,2010,-10
57690.jpg,2020,1990,-30
57695.jpg,2020,1980,-40
57700.jpg,2020,1960,-60
57705.jpg,2020,2010,-10
57710.jpg,2020,1900,-120
57725.jpg,2020,2010,-10
57730.jpg,2021,1990,-31
57735.jpg,2021,2010,-11
57740.jpg,2021,1990,-31
57745.jpg,2021,2010,-11
57750.jpg,2021,2010,-11
57755.jpg,2021,1990,-31
57760.jpg,2021,1990,-31
57765.jpg,2021,2010,-11
57770.jpg,2021,2010,-11
57780.jpg,2021,2010,-11
57785.jpg,2021,2000,-21
57790.jpg,2021,2000,-21
57795.jpg,2021,2010,-11
57800.jpg,2021,2010,-11
57805.jpg,2022,2010,-12
57810.jpg,2022,2010,-12
57815.jpg,2022,2010,-12
57825.jpg,2022,2000,-22
57830.jpg,2022,1980,-42
57835.jpg,2022,1990,-32
57840.jpg,2022,1980,-42
57845.jpg,2022,2010,-12
57860.jpg,2022,2010,-12
57865.jpg,2022,1980,-42
57870.jpg,2022,2010,-12
57875.jpg,2023,1914,-109
57885.jpg,2023,1990,-33
57890.jpg,2023,2010,-13
57895.jpg,2023,2000,-23
57900.jpg,2023,1900,-123
57910.jpg,2023,2010,-13
57915.jpg,2023,2010,-13
57920.jpg,2023,1980,-43
57925.jpg,2024,1900,-124
57930.jpg,2024,1990,-34
