name,year,pred,diff
5.jpg,1008,1200,192
10.jpg,1016,1500,484
15.jpg,1022,1200,178
20.jpg,1028,1950,922
25.jpg,1036,1960,924
30.jpg,1048,1850,802
35.jpg,1051,1850,799
40.jpg,1061,1200,139
45.jpg,1063,1600,537
55.jpg,1070,1200,130
60.jpg,1076,1200,124
65.jpg,1080,1200,120
70.jpg,1090,1850,760
75.jpg,1093,1850,757
80.jpg,1097,1850,753
85.jpg,1100,1500,400
90.jpg,1100,1850,750
95.jpg,1107,1850,743
100.jpg,1110,1850,740
105.jpg,1114,-1,-1115
110.jpg,1116,1500,384
120.jpg,1120,1850,730
125.jpg,1122,1850,728
130.jpg,1125,1500,375
135.jpg,1128,-1,-1129
140.jpg,1129,-1,-1130
145.jpg,1130,1850,720
150.jpg,1131,1800,669
155.jpg,1134,1850,716
165.jpg,1138,1850,712
170.jpg,1140,1200,60
175.jpg,1144,1200,56
180.jpg,1146,1200,54
185.jpg,1147,1433,286
190.jpg,1149,1200,51
195.jpg,1150,1850,700
200.jpg,1152,1850,698
210.jpg,1160,1200,40
215.jpg,1165,1200,35
220.jpg,1168,1850,682
225.jpg,1170,1850,680
230.jpg,1170,1200,30
235.jpg,1172,1500,328
240.jpg,1175,1200,25
245.jpg,1177,1200,23
255.jpg,1180,1200,20
260.jpg,1180,1200,20
265.jpg,1180,1850,670
275.jpg,1185,1200,15
280.jpg,1189,1850,661
285.jpg,1191,1200,9
290.jpg,1192,1850,658
295.jpg,1194,1850,656
300.jpg,1196,1880,684
305.jpg,1198,1350,152
310.jpg,1199,1850,651
315.jpg,1200,1850,650
320.jpg,1202,1200,-2
325.jpg,1204,1200,-4
330.jpg,1208,1600,392
335.jpg,1211,1850,639
340.jpg,1212,1300,88
345.jpg,1215,1600,385
350.jpg,1217,1200,-17
355.jpg,1220,1850,630
360.jpg,1221,-1,-1222
365.jpg,1222,1200,-22
370.jpg,1224,1200,-24
375.jpg,1226,1500,274
380.jpg,1227,1850,623
385.jpg,1229,1200,-29
390.jpg,1231,-1,-1232
395.jpg,1232,1200,-32
405.jpg,1237,1200,-37
410.jpg,1238,1200,-38
415.jpg,1240,1200,-40
420.jpg,1242,1850,608
425.jpg,1245,1200,-45
430.jpg,1247,1200,-47
435.jpg,1248,-1,-1249
440.jpg,1250,1200,-50
445.jpg,1250,1850,600
450.jpg,1252,1500,248
455.jpg,1255,1200,-55
460.jpg,1259,1850,591
465.jpg,1260,1200,-60
470.jpg,1263,1200,-63
475.jpg,1264,1200,-64
485.jpg,1270,1200,-70
490.jpg,1270,1850,580
495.jpg,1270,1200,-70
500.jpg,1271,1200,-71
505.jpg,1273,1500,227
510.jpg,1275,1200,-75
515.jpg,1277,-1,-1278
520.jpg,1278,1200,-78
525.jpg,1279,1500,221
530.jpg,1280,1850,570
535.jpg,1285,1200,-85
540.jpg,1288,1850,562
545.jpg,1289,1600,311
550.jpg,1290,-1,-1291
555.jpg,1291,1200,-91
560.jpg,1293,1950,657
565.jpg,1295,1200,-95
570.jpg,1298,1200,-98
575.jpg,1300,1200,-100
580.jpg,1300,1200,-100
585.jpg,1300,1850,550
590.jpg,1301,1500,199
595.jpg,1303,1200,-103
600.jpg,1305,1200,-105
605.jpg,1307,1850,543
610.jpg,1309,1850,541
615.jpg,1310,1500,190
620.jpg,1311,1200,-111
625.jpg,1313,1200,-113
630.jpg,1314,1850,536
635.jpg,1317,1200,-117
640.jpg,1319,-1,-1320
645.jpg,1320,1500,180
650.jpg,1322,-1,-1323
655.jpg,1324,1200,-124
660.jpg,1325,1200,-125
665.jpg,1326,1600,274
670.jpg,1327,-1,-1328
675.jpg,1328,1200,-128
680.jpg,1330,1850,520
685.jpg,1330,1200,-130
690.jpg,1331,1850,519
695.jpg,1333,1850,517
700.jpg,1335,1200,-135
705.jpg,1337,1500,163
710.jpg,1338,1200,-138
715.jpg,1340,1200,-140
720.jpg,1340,-1,-1341
725.jpg,1343,1850,507
730.jpg,1345,1200,-145
735.jpg,1345,1600,255
740.jpg,1346,1850,504
745.jpg,1347,1200,-147
750.jpg,1347,1500,153
755.jpg,1349,1850,501
760.jpg,1350,1950,600
765.jpg,1350,1300,-50
775.jpg,1353,1600,247
780.jpg,1354,1850,496
785.jpg,1356,-1,-1357
790.jpg,1358,1850,492
795.jpg,1360,1850,490
800.jpg,1361,-1,-1362
805.jpg,1362,1200,-162
810.jpg,1364,1950,586
815.jpg,1365,1850,485
825.jpg,1370,1950,580
830.jpg,1371,1500,129
835.jpg,1373,1860,487
840.jpg,1375,1600,225
845.jpg,1377,1500,123
850.jpg,1380,1950,570
855.jpg,1381,1200,-181
860.jpg,1382,1500,118
865.jpg,1384,1450,66
870.jpg,1386,1200,-186
875.jpg,1389,1850,461
880.jpg,1390,1200,-190
885.jpg,1394,1500,106
890.jpg,1396,1200,-196
895.jpg,1397,1200,-197
900.jpg,1398,1950,552
905.jpg,1399,1200,-199
910.jpg,1400,1200,-200
915.jpg,1401,1200,-201
920.jpg,1402,1850,448
925.jpg,1405,1200,-205
930.jpg,1406,1500,94
935.jpg,1409,1200,-209
940.jpg,1410,1200,-210
945.jpg,1410,1200,-210
950.jpg,1411,1200,-211
955.jpg,1413,1200,-213
960.jpg,1414,1950,536
965.jpg,1417,1200,-217
970.jpg,1419,-1,-1420
975.jpg,1420,1500,80
980.jpg,1420,1950,530
985.jpg,1422,1850,428
990.jpg,1424,-1,-1425
995.jpg,1425,1500,75
1000.jpg,1426,1600,174
1005.jpg,1428,1850,422
1010.jpg,1430,1850,420
1015.jpg,1431,-1,-1432
1025.jpg,1435,1200,-235
1030.jpg,1436,1850,414
1035.jpg,1438,1850,412
1040.jpg,1440,1850,410
1045.jpg,1441,1700,259
1050.jpg,1442,1850,408
1055.jpg,1444,1200,-244
1060.jpg,1446,1500,54
1065.jpg,1448,1850,402
1070.jpg,1450,1200,-250
1075.jpg,1450,1200,-250
1080.jpg,1451,1950,499
1085.jpg,1452,1850,398
1090.jpg,1453,1500,47
1095.jpg,1455,-1,-1456
1100.jpg,1457,1850,393
1105.jpg,1458,1500,42
1110.jpg,1459,1500,41
1115.jpg,1460,1200,-260
1120.jpg,1462,1850,388
1125.jpg,1462,1200,-262
1130.jpg,1464,1200,-264
1135.jpg,1465,1850,385
1140.jpg,1466,1200,-266
1145.jpg,1467,1850,383
1150.jpg,1468,-1,-1469
1155.jpg,1469,-1,-1470
1160.jpg,1470,-1,-1471
1165.jpg,1470,1200,-270
1170.jpg,1472,1600,128
1175.jpg,1473,1850,377
1180.jpg,1475,1200,-275
1185.jpg,1477,1150,-327
1190.jpg,1477,1850,373
1195.jpg,1479,1850,371
1200.jpg,1480,1200,-280
1205.jpg,1482,1850,368
1210.jpg,1482,1200,-282
1215.jpg,1483,1850,367
1220.jpg,1485,1200,-285
1225.jpg,1487,1850,363
1230.jpg,1487,1200,-287
1235.jpg,1488,1500,12
1240.jpg,1489,1200,-289
1245.jpg,1490,-1,-1491
1250.jpg,1490,1600,110
1255.jpg,1491,1495,4
1260.jpg,1492,1600,108
1265.jpg,1493,1850,357
1270.jpg,1494,1600,106
1275.jpg,1495,1500,5
1280.jpg,1496,1950,454
1285.jpg,1497,1850,353
1290.jpg,1497,-1,-1498
1295.jpg,1498,1500,2
1300.jpg,1499,1200,-299
1305.jpg,1500,-1,-1501
1310.jpg,1500,-1,-1501
1315.jpg,1501,1850,349
1325.jpg,1503,1850,347
1330.jpg,1504,1500,-4
1335.jpg,1505,1850,345
1340.jpg,1506,1850,344
1345.jpg,1507,1600,93
1350.jpg,1508,1200,-308
1355.jpg,1508,1600,92
1360.jpg,1509,1200,-309
1365.jpg,1510,1920,410
1370.jpg,1510,1850,340
1375.jpg,1511,1500,-11
1380.jpg,1512,1850,338
1385.jpg,1513,1200,-313
1390.jpg,1513,1850,337
1395.jpg,1515,1500,-15
1400.jpg,1515,1850,335
1405.jpg,1516,-1,-1517
1410.jpg,1517,1200,-317
1415.jpg,1518,1500,-18
1420.jpg,1518,1600,82
1425.jpg,1520,1850,330
1430.jpg,1521,1600,79
1435.jpg,1521,1500,-21
1440.jpg,1522,1960,438
1445.jpg,1523,1960,437
1450.jpg,1524,-1,-1525
1455.jpg,1525,-1,-1526
1460.jpg,1526,1600,74
1465.jpg,1526,1850,324
1470.jpg,1527,1850,323
1475.jpg,1528,1850,322
1480.jpg,1528,1950,422
1485.jpg,1530,1500,-30
1490.jpg,1530,1850,320
1495.jpg,1530,1850,320
1500.jpg,1531,1850,319
1505.jpg,1531,1850,319
1510.jpg,1532,1500,-32
1515.jpg,1532,1850,318
1520.jpg,1533,1600,67
1525.jpg,1534,1850,316
1530.jpg,1535,1850,315
1535.jpg,1535,1850,315
1540.jpg,1536,1600,64
1545.jpg,1537,1850,313
1550.jpg,1537,1600,63
1555.jpg,1538,1600,62
1560.jpg,1539,1200,-339
1565.jpg,1540,1200,-340
1570.jpg,1540,1200,-340
1575.jpg,1540,1850,310
1580.jpg,1540,1200,-340
1590.jpg,1542,1600,58
1595.jpg,1543,1850,307
1600.jpg,1543,1700,157
1605.jpg,1544,1500,-44
1610.jpg,1545,1850,305
1615.jpg,1545,-1,-1546
1620.jpg,1547,1610,63
1625.jpg,1548,1700,152
1630.jpg,1549,1850,301
1635.jpg,1549,-1,-1550
1640.jpg,1550,1850,300
1645.jpg,1550,1850,300
1650.jpg,1550,1850,300
1655.jpg,1550,1200,-350
1660.jpg,1551,1950,399
1665.jpg,1551,1200,-351
1670.jpg,1552,1850,298
1675.jpg,1553,1850,297
1680.jpg,1554,1850,296
1685.jpg,1554,1650,96
1690.jpg,1555,1850,295
1695.jpg,1556,1900,344
1700.jpg,1557,1850,293
1705.jpg,1558,1950,392
1710.jpg,1558,1616,58
1715.jpg,1559,1520,-39
1720.jpg,1559,1920,361
1725.jpg,1560,1850,290
1730.jpg,1560,-1,-1561
1735.jpg,1560,1950,390
1740.jpg,1561,1850,289
1745.jpg,1561,-1,-1562
1750.jpg,1562,1600,38
1755.jpg,1563,1850,287
1760.jpg,1564,-1,-1565
1765.jpg,1565,1850,285
1770.jpg,1565,-1,-1566
1775.jpg,1565,1200,-365
1780.jpg,1566,1850,284
1785.jpg,1567,1850,283
1790.jpg,1567,1850,283
1795.jpg,1568,1200,-368
1800.jpg,1568,1200,-368
1805.jpg,1569,-1,-1570
1810.jpg,1570,-1,-1571
1815.jpg,1570,1850,280
1820.jpg,1570,1500,-70
1825.jpg,1571,1850,279
1830.jpg,1572,-1,-1573
1835.jpg,1572,1639,67
1840.jpg,1573,1600,27
1845.jpg,1573,1920,347
1850.jpg,1574,1850,276
1855.jpg,1574,1850,276
1860.jpg,1575,-1,-1576
1865.jpg,1575,1850,275
1870.jpg,1575,-1,-1576
1875.jpg,1576,-1,-1577
1880.jpg,1577,1850,273
1885.jpg,1578,-1,-1579
1890.jpg,1578,1850,272
1895.jpg,1579,1200,-379
1900.jpg,1579,1850,271
1905.jpg,1580,1850,270
1910.jpg,1580,1600,20
1915.jpg,1581,1500,-81
1920.jpg,1581,-1,-1582
1925.jpg,1582,1200,-382
1930.jpg,1582,-1,-1583
1935.jpg,1583,1520,-63
1940.jpg,1584,1600,16
1945.jpg,1584,1850,266
1950.jpg,1585,1850,265
1955.jpg,1585,1200,-385
1960.jpg,1585,1850,265
1965.jpg,1586,1850,264
1970.jpg,1586,1850,264
1975.jpg,1587,-1,-1588
1980.jpg,1588,1850,262
1985.jpg,1588,1850,262
1990.jpg,1588,1600,12
1995.jpg,1588,1850,262
2000.jpg,1589,1850,261
2005.jpg,1590,1750,160
2010.jpg,1590,1850,260
2020.jpg,1591,1850,259
2025.jpg,1591,1850,259
2030.jpg,1592,1850,258
2035.jpg,1593,1500,-93
2045.jpg,1595,-1,-1596
2050.jpg,1595,1850,255
2055.jpg,1595,1500,-95
2060.jpg,1596,1850,254
2065.jpg,1596,1500,-96
2070.jpg,1597,1850,253
2075.jpg,1597,-1,-1598
2080.jpg,1598,1600,2
2085.jpg,1598,-1,-1599
2090.jpg,1598,1950,352
2095.jpg,1600,-1,-1601
2100.jpg,1600,1200,-400
2115.jpg,1602,1850,248
2125.jpg,1604,1850,246
2130.jpg,1604,1500,-104
2135.jpg,1604,1500,-104
2140.jpg,1605,1850,245
2145.jpg,1605,-1,-1606
2150.jpg,1606,1850,244
2155.jpg,1606,1600,-6
2160.jpg,1607,1606,-1
2165.jpg,1607,1850,243
2170.jpg,1608,1850,242
2175.jpg,1608,1850,242
2180.jpg,1609,1500,-109
2185.jpg,1610,1500,-110
2190.jpg,1610,1500,-110
2195.jpg,1610,1880,270
2200.jpg,1610,1850,240
2205.jpg,1611,1600,-11
2210.jpg,1611,1850,239
2215.jpg,1611,-1,-1612
2220.jpg,1612,1950,338
2225.jpg,1612,1200,-412
2230.jpg,1613,1200,-413
2235.jpg,1613,1850,237
2240.jpg,1614,1500,-114
2245.jpg,1614,1850,236
2250.jpg,1614,1200,-414
2255.jpg,1615,1950,335
2260.jpg,1615,1200,-415
2265.jpg,1616,1850,234
2270.jpg,1616,1850,234
2275.jpg,1616,1960,344
2280.jpg,1616,1850,234
2285.jpg,1617,1850,233
2290.jpg,1617,1200,-417
2295.jpg,1617,-1,-1618
2300.jpg,1618,1450,-168
2305.jpg,1618,1850,232
2310.jpg,1619,1550,-69
2315.jpg,1619,1850,231
2320.jpg,1619,1850,231
2325.jpg,1620,1600,-20
2330.jpg,1620,1850,230
2335.jpg,1620,1850,230
2340.jpg,1621,1600,-21
2345.jpg,1621,1850,229
2350.jpg,1622,-1,-1623
2360.jpg,1623,1600,-23
2365.jpg,1624,1850,226
2370.jpg,1624,1850,226
2375.jpg,1624,1850,226
2380.jpg,1625,1850,225
2385.jpg,1625,1850,225
2390.jpg,1625,1850,225
2395.jpg,1625,1850,225
2400.jpg,1626,1850,224
2405.jpg,1626,1850,224
2410.jpg,1627,-1,-1628
2415.jpg,1628,1850,222
2420.jpg,1628,1950,322
2425.jpg,1629,-1,-1630
2430.jpg,1629,1850,221
2435.jpg,1630,1850,220
2440.jpg,1630,1850,220
2445.jpg,1630,1850,220
2450.jpg,1630,1850,220
2455.jpg,1631,1850,219
2460.jpg,1631,1850,219
2465.jpg,1631,1200,-431
2470.jpg,1632,1850,218
2475.jpg,1632,1920,288
2480.jpg,1632,1850,218
2485.jpg,1633,1850,217
2490.jpg,1633,1200,-433
2495.jpg,1634,1850,216
2500.jpg,1634,1500,-134
2505.jpg,1634,-1,-1635
2510.jpg,1635,1500,-135
2515.jpg,1635,1750,115
2520.jpg,1635,1850,215
2525.jpg,1636,1850,214
2530.jpg,1636,1850,214
2535.jpg,1636,1200,-436
2540.jpg,1637,1850,213
2545.jpg,1637,1600,-37
2550.jpg,1638,1600,-38
2555.jpg,1638,1850,212
2560.jpg,1638,1850,212
2565.jpg,1639,1850,211
2570.jpg,1639,1850,211
2575.jpg,1640,1850,210
2580.jpg,1640,1850,210
2585.jpg,1640,1850,210
2590.jpg,1641,1600,-41
2595.jpg,1641,1600,-41
2600.jpg,1641,1950,309
2605.jpg,1642,1500,-142
2610.jpg,1642,-1,-1643
2615.jpg,1643,-1,-1644
2620.jpg,1644,1850,206
2625.jpg,1644,-1,-1645
2630.jpg,1644,1850,206
2635.jpg,1645,1850,205
2640.jpg,1645,1850,205
2645.jpg,1646,1880,234
2650.jpg,1646,1850,204
2655.jpg,1646,1500,-146
2660.jpg,1648,1850,202
2665.jpg,1648,1850,202
2670.jpg,1648,1638,-10
2675.jpg,1649,1850,201
2680.jpg,1650,1500,-150
2685.jpg,1650,1850,200
2690.jpg,1650,-1,-1651
2695.jpg,1650,1920,270
2700.jpg,1651,1850,199
2705.jpg,1651,1850,199
2710.jpg,1652,1850,198
2715.jpg,1653,1850,197
2720.jpg,1653,1600,-53
2725.jpg,1654,1850,196
2730.jpg,1654,1850,196
2735.jpg,1655,1850,195
2745.jpg,1656,1850,194
2750.jpg,1656,-1,-1657
2755.jpg,1656,-1,-1657
2760.jpg,1657,1850,193
2765.jpg,1657,1200,-457
2770.jpg,1658,1200,-458
2775.jpg,1658,1850,192
2780.jpg,1659,1200,-459
2785.jpg,1659,-1,-1660
2790.jpg,1660,1600,-60
2795.jpg,1660,1850,190
2800.jpg,1660,1850,190
2805.jpg,1660,-1,-1661
2810.jpg,1660,1850,190
2815.jpg,1660,1850,190
2820.jpg,1660,1750,90
2825.jpg,1661,1850,189
2830.jpg,1661,-1,-1662
2835.jpg,1661,1850,189
2840.jpg,1661,-1,-1662
2845.jpg,1662,-1,-1663
2850.jpg,1663,1850,187
2855.jpg,1663,-1,-1664
2860.jpg,1664,1850,186
2865.jpg,1664,1850,186
2870.jpg,1664,1600,-64
2875.jpg,1665,1850,185
2880.jpg,1665,1850,185
2885.jpg,1665,1900,235
2890.jpg,1665,1850,185
2895.jpg,1666,1850,184
2900.jpg,1666,1850,184
2905.jpg,1667,1850,183
2910.jpg,1667,1850,183
2915.jpg,1667,1850,183
2920.jpg,1668,1600,-68
2925.jpg,1669,1850,181
2930.jpg,1669,1850,181
2935.jpg,1670,1850,180
2940.jpg,1670,1850,180
2945.jpg,1670,1850,180
2950.jpg,1670,1850,180
2955.jpg,1671,1850,179
2960.jpg,1671,1500,-171
2965.jpg,1671,1850,179
2970.jpg,1672,1850,178
2975.jpg,1672,1850,178
2980.jpg,1673,1850,177
2985.jpg,1673,1600,-73
2990.jpg,1674,1850,176
2995.jpg,1674,1850,176
3000.jpg,1674,1200,-474
3010.jpg,1675,-1,-1676
3020.jpg,1676,1850,174
3025.jpg,1676,-1,-1677
3030.jpg,1677,1950,273
3035.jpg,1677,1200,-477
3040.jpg,1677,1850,173
3045.jpg,1678,1850,172
3050.jpg,1678,1850,172
3055.jpg,1678,1500,-178
3060.jpg,1679,1950,271
3065.jpg,1679,1850,171
3075.jpg,1680,1850,170
3080.jpg,1680,1850,170
3085.jpg,1680,1850,170
3090.jpg,1680,1850,170
3095.jpg,1680,1850,170
3100.jpg,1680,1850,170
3105.jpg,1681,1750,69
3110.jpg,1681,1850,169
3115.jpg,1681,1850,169
3120.jpg,1681,1200,-481
3125.jpg,1682,1850,168
3130.jpg,1682,1850,168
3135.jpg,1682,1850,168
3140.jpg,1682,1500,-182
3145.jpg,1683,1850,167
3150.jpg,1683,1850,167
3155.jpg,1683,1850,167
3160.jpg,1683,1200,-483
3165.jpg,1683,1850,167
3170.jpg,1684,1850,166
3175.jpg,1684,1650,-34
3180.jpg,1684,1500,-184
3185.jpg,1684,-1,-1685
3190.jpg,1685,1850,165
3195.jpg,1685,1850,165
3200.jpg,1685,1850,165
3205.jpg,1686,1850,164
3210.jpg,1686,1850,164
3215.jpg,1686,1950,264
3220.jpg,1686,1850,164
3225.jpg,1687,1850,163
3230.jpg,1687,-1,-1688
3235.jpg,1687,1850,163
3240.jpg,1688,1850,162
3245.jpg,1688,1850,162
3250.jpg,1689,1950,261
3255.jpg,1689,1850,161
3260.jpg,1689,1600,-89
3270.jpg,1690,1950,260
3275.jpg,1690,1850,160
3280.jpg,1690,1920,230
3285.jpg,1690,1850,160
3290.jpg,1690,1950,260
3295.jpg,1690,1850,160
3300.jpg,1690,-1,-1691
3305.jpg,1691,1850,159
3310.jpg,1691,1850,159
3315.jpg,1691,1850,159
3320.jpg,1692,1850,158
3325.jpg,1692,1830,138
3330.jpg,1693,1930,237
3335.jpg,1693,1850,157
3340.jpg,1694,1850,156
3345.jpg,1694,1920,226
3350.jpg,1694,-1,-1695
3355.jpg,1695,1850,155
3360.jpg,1695,1850,155
3365.jpg,1695,1850,155
3370.jpg,1695,1850,155
3375.jpg,1695,1600,-95
3385.jpg,1696,1850,154
3390.jpg,1696,1950,254
3395.jpg,1696,1850,154
3400.jpg,1696,1850,154
3405.jpg,1696,1850,154
3410.jpg,1697,1850,153
3415.jpg,1697,1850,153
3420.jpg,1697,1850,153
3425.jpg,1697,1850,153
3430.jpg,1698,1850,152
3435.jpg,1698,1850,152
3440.jpg,1698,1600,-98
3445.jpg,1699,1850,151
3450.jpg,1699,1600,-99
3455.jpg,1699,1850,151
3460.jpg,1700,1850,150
3465.jpg,1700,1850,150
3470.jpg,1700,1850,150
3475.jpg,1700,1850,150
3480.jpg,1700,1850,150
3485.jpg,1700,1850,150
3490.jpg,1700,1850,150
3495.jpg,1700,1600,-100
3500.jpg,1700,1850,150
3505.jpg,1700,1850,150
3510.jpg,1700,1600,-100
3520.jpg,1701,1850,149
3525.jpg,1701,1850,149
3535.jpg,1702,1850,148
3540.jpg,1702,1850,148
3545.jpg,1703,1850,147
3550.jpg,1704,1850,146
3555.jpg,1704,1850,146
3560.jpg,1704,1850,146
3565.jpg,1704,1950,246
3570.jpg,1704,1920,216
3575.jpg,1705,1850,145
3580.jpg,1705,1850,145
3585.jpg,1705,1850,145
3590.jpg,1705,1600,-105
3595.jpg,1706,1200,-506
3600.jpg,1706,1950,244
3605.jpg,1706,1850,144
3610.jpg,1706,1850,144
3615.jpg,1707,1850,143
3620.jpg,1707,1500,-207
3625.jpg,1707,1850,143
3630.jpg,1708,1850,142
3635.jpg,1708,1850,142
3640.jpg,1708,1850,142
3645.jpg,1708,1600,-108
3650.jpg,1709,1600,-109
3655.jpg,1709,-1,-1710
3660.jpg,1709,1850,141
3665.jpg,1709,1850,141
3670.jpg,1710,-1,-1711
3675.jpg,1710,1950,240
3680.jpg,1710,1900,190
3685.jpg,1710,1950,240
3690.jpg,1710,1850,140
3695.jpg,1710,1850,140
3700.jpg,1710,1850,140
3705.jpg,1710,1850,140
3710.jpg,1710,1550,-160
3715.jpg,1711,-1,-1712
3720.jpg,1711,1850,139
3725.jpg,1711,1850,139
3730.jpg,1711,1600,-111
3735.jpg,1711,1600,-111
3740.jpg,1712,1920,208
3745.jpg,1712,1950,238
3750.jpg,1713,1600,-113
3755.jpg,1713,1850,137
3760.jpg,1713,1790,77
3765.jpg,1713,1600,-113
3770.jpg,1714,1950,236
3775.jpg,1714,1850,136
3780.jpg,1714,1850,136
3785.jpg,1714,1850,136
3790.jpg,1715,-1,-1716
3795.jpg,1715,1950,235
3800.jpg,1715,1850,135
3805.jpg,1715,1200,-515
3810.jpg,1715,1850,135
3815.jpg,1715,1850,135
3820.jpg,1715,1950,235
3825.jpg,1715,1850,135
3830.jpg,1715,1850,135
3835.jpg,1716,1800,84
3840.jpg,1716,1850,134
3845.jpg,1716,1850,134
3850.jpg,1716,1900,184
3855.jpg,1716,-1,-1717
3860.jpg,1716,1850,134
3865.jpg,1717,1850,133
3870.jpg,1717,1850,133
3875.jpg,1717,1850,133
3880.jpg,1718,-1,-1719
3885.jpg,1718,1600,-118
3890.jpg,1719,1890,171
3895.jpg,1719,1850,131
3900.jpg,1719,1850,131
3905.jpg,1719,1850,131
3910.jpg,1720,1200,-520
3915.jpg,1720,1850,130
3920.jpg,1720,1850,130
3925.jpg,1720,1850,130
3930.jpg,1720,1950,230
3935.jpg,1720,1850,130
3940.jpg,1720,1850,130
3945.jpg,1720,1850,130
3950.jpg,1720,1850,130
3955.jpg,1720,1850,130
3960.jpg,1720,1900,180
3965.jpg,1720,1850,130
3970.jpg,1720,-1,-1721
3975.jpg,1721,1950,229
3980.jpg,1721,1950,229
3985.jpg,1721,1850,129
3990.jpg,1721,1850,129
3995.jpg,1721,1600,-121
4000.jpg,1722,1850,128
4005.jpg,1722,1850,128
4010.jpg,1722,1850,128
4015.jpg,1722,1850,128
4020.jpg,1722,1850,128
4025.jpg,1723,1880,157
4030.jpg,1723,1950,227
4035.jpg,1723,1850,127
4040.jpg,1723,1900,177
4045.jpg,1723,1850,127
4050.jpg,1723,1600,-123
4055.jpg,1723,1950,227
4060.jpg,1724,1850,126
4065.jpg,1724,-1,-1725
4070.jpg,1724,1950,226
4075.jpg,1724,1850,126
4080.jpg,1724,1920,196
4085.jpg,1724,1600,-124
4090.jpg,1724,1600,-124
4095.jpg,1724,1200,-524
4100.jpg,1725,1900,175
4105.jpg,1725,1850,125
4110.jpg,1725,1850,125
4115.jpg,1725,1850,125
4120.jpg,1725,1850,125
4125.jpg,1725,1920,195
4130.jpg,1725,1850,125
4135.jpg,1725,1750,25
4140.jpg,1725,1850,125
4145.jpg,1725,1850,125
4150.jpg,1725,1600,-125
4155.jpg,1725,1950,225
4160.jpg,1726,1850,124
4165.jpg,1726,1850,124
4170.jpg,1726,-1,-1727
4175.jpg,1726,1850,124
4180.jpg,1726,1850,124
4185.jpg,1727,1850,123
4190.jpg,1727,1850,123
4195.jpg,1727,1850,123
4200.jpg,1727,1850,123
4205.jpg,1727,1600,-127
4210.jpg,1727,1850,123
4215.jpg,1728,1950,222
4220.jpg,1728,1900,172
4225.jpg,1728,1850,122
4230.jpg,1728,1850,122
4235.jpg,1728,1950,222
4240.jpg,1728,1950,222
4245.jpg,1728,-1,-1729
4250.jpg,1729,1750,21
4255.jpg,1729,1950,221
4260.jpg,1729,1850,121
4265.jpg,1729,1850,121
4270.jpg,1729,1850,121
4275.jpg,1730,-1,-1731
4280.jpg,1730,1850,120
4285.jpg,1730,1850,120
4290.jpg,1730,1850,120
4295.jpg,1730,1850,120
4300.jpg,1730,1950,220
4305.jpg,1730,1850,120
4310.jpg,1730,1900,170
4315.jpg,1730,1850,120
4320.jpg,1730,1850,120
4325.jpg,1730,1850,120
4330.jpg,1730,-1,-1731
4335.jpg,1730,1850,120
4340.jpg,1730,1850,120
4345.jpg,1730,1850,120
4350.jpg,1730,1950,220
4355.jpg,1730,1950,220
4360.jpg,1730,1950,220
4365.jpg,1730,1930,200
4370.jpg,1731,1850,119
4375.jpg,1731,1850,119
4380.jpg,1731,-1,-1732
4385.jpg,1731,1850,119
4390.jpg,1732,1850,118
4395.jpg,1732,1850,118
4400.jpg,1732,-1,-1733
4405.jpg,1732,1850,118
4410.jpg,1732,1850,118
4415.jpg,1732,1850,118
4420.jpg,1732,1850,118
4425.jpg,1732,1200,-532
4430.jpg,1732,1850,118
4435.jpg,1733,1850,117
4440.jpg,1733,1850,117
4445.jpg,1733,1850,117
4450.jpg,1733,1850,117
4455.jpg,1733,1850,117
4460.jpg,1733,1850,117
4465.jpg,1733,1950,217
4470.jpg,1733,-1,-1734
4475.jpg,1734,1850,116
4480.jpg,1734,1850,116
4485.jpg,1734,1850,116
4490.jpg,1734,1950,216
4495.jpg,1735,1850,115
4505.jpg,1735,1900,165
4510.jpg,1735,1850,115
4515.jpg,1735,1850,115
4520.jpg,1735,1850,115
4525.jpg,1735,1850,115
4530.jpg,1735,-1,-1736
4535.jpg,1735,1890,155
4545.jpg,1736,1850,114
4550.jpg,1736,1850,114
4555.jpg,1736,1850,114
4560.jpg,1736,1850,114
4565.jpg,1736,1850,114
4570.jpg,1736,-1,-1737
4575.jpg,1737,1900,163
4580.jpg,1737,1850,113
4585.jpg,1737,-1,-1738
4590.jpg,1737,1950,213
4595.jpg,1737,-1,-1738
4600.jpg,1737,1600,-137
4605.jpg,1738,1850,112
4610.jpg,1738,1850,112
4615.jpg,1738,1920,182
4620.jpg,1738,-1,-1739
4625.jpg,1738,1850,112
4630.jpg,1738,1950,212
4635.jpg,1738,1850,112
4640.jpg,1739,1850,111
4645.jpg,1739,1850,111
4650.jpg,1739,1920,181
4655.jpg,1739,1850,111
4660.jpg,1739,1850,111
4665.jpg,1740,1850,110
4670.jpg,1740,-1,-1741
4675.jpg,1740,1850,110
4680.jpg,1740,1850,110
4685.jpg,1740,-1,-1741
4690.jpg,1740,1850,110
4695.jpg,1740,1950,210
4700.jpg,1740,1900,160
4705.jpg,1740,1950,210
4710.jpg,1740,1850,110
4715.jpg,1740,1850,110
4720.jpg,1740,1200,-540
4725.jpg,1740,1950,210
4730.jpg,1740,1950,210
4735.jpg,1740,1850,110
4740.jpg,1740,1850,110
4745.jpg,1740,1850,110
4750.jpg,1741,1890,149
4755.jpg,1741,1850,109
4760.jpg,1741,1950,209
4765.jpg,1741,1850,109
4770.jpg,1741,1750,9
4775.jpg,1741,1990,249
4780.jpg,1742,1200,-542
4785.jpg,1742,1850,108
4790.jpg,1742,1850,108
4795.jpg,1742,1850,108
4800.jpg,1742,1850,108
4805.jpg,1742,1850,108
4810.jpg,1742,-1,-1743
4815.jpg,1742,1950,208
4820.jpg,1743,1950,207
4825.jpg,1743,1850,107
4835.jpg,1743,1950,207
4840.jpg,1743,1850,107
4845.jpg,1744,1850,106
4850.jpg,1744,1850,106
4855.jpg,1744,1850,106
4860.jpg,1744,1850,106
4865.jpg,1744,-1,-1745
4870.jpg,1745,1920,175
4875.jpg,1745,1850,105
4880.jpg,1745,1850,105
4885.jpg,1745,-1,-1746
4890.jpg,1745,1850,105
4895.jpg,1745,1850,105
4900.jpg,1745,1850,105
4905.jpg,1745,1850,105
4910.jpg,1746,-1,-1747
4915.jpg,1746,1850,104
4920.jpg,1746,1850,104
4925.jpg,1746,1200,-546
4930.jpg,1747,1850,103
4935.jpg,1747,1850,103
4940.jpg,1747,1850,103
4945.jpg,1747,1950,203
4950.jpg,1747,1850,103
4955.jpg,1747,1850,103
4960.jpg,1747,1970,223
4965.jpg,1748,1950,202
4970.jpg,1748,1850,102
4975.jpg,1748,1850,102
4980.jpg,1748,1920,172
4985.jpg,1748,1850,102
4990.jpg,1749,1850,101
4995.jpg,1749,1850,101
5000.jpg,1749,1850,101
5005.jpg,1749,1950,201
5010.jpg,1749,1890,141
5015.jpg,1750,1850,100
5020.jpg,1750,1850,100
5025.jpg,1750,1850,100
5030.jpg,1750,1920,170
5035.jpg,1750,1950,200
5040.jpg,1750,1850,100
5045.jpg,1750,1850,100
5050.jpg,1750,1950,200
5060.jpg,1750,1850,100
5065.jpg,1750,1950,200
5070.jpg,1750,1850,100
5075.jpg,1750,1900,150
5080.jpg,1750,1850,100
5085.jpg,1750,1850,100
5090.jpg,1750,1850,100
5095.jpg,1750,1920,170
5100.jpg,1750,1950,200
5105.jpg,1750,1950,200
5110.jpg,1750,1850,100
5115.jpg,1750,1850,100
5120.jpg,1750,1850,100
5125.jpg,1750,1850,100
5130.jpg,1750,1850,100
5135.jpg,1750,1950,200
5140.jpg,1750,1850,100
5145.jpg,1750,1850,100
5150.jpg,1750,1850,100
5155.jpg,1750,1850,100
5160.jpg,1750,1850,100
5165.jpg,1750,1950,200
5170.jpg,1750,1850,100
5175.jpg,1750,1850,100
5180.jpg,1750,1950,200
5185.jpg,1750,1950,200
5190.jpg,1750,1850,100
5195.jpg,1751,1850,99
5200.jpg,1751,1850,99
5205.jpg,1751,1950,199
5210.jpg,1751,1900,149
5215.jpg,1751,1950,199
5220.jpg,1751,1200,-551
5225.jpg,1752,1850,98
5230.jpg,1752,1850,98
5235.jpg,1752,1850,98
5240.jpg,1752,1850,98
5245.jpg,1752,1850,98
5250.jpg,1752,1890,138
5255.jpg,1752,1850,98
5260.jpg,1752,-1,-1753
5265.jpg,1752,1900,148
5270.jpg,1752,1850,98
5275.jpg,1752,1850,98
5285.jpg,1753,1850,97
5290.jpg,1753,1900,147
5295.jpg,1753,1850,97
5300.jpg,1753,1850,97
5305.jpg,1753,1920,167
5310.jpg,1753,1732,-21
5315.jpg,1753,1750,-3
5320.jpg,1753,1920,167
5325.jpg,1754,1950,196
5330.jpg,1754,-1,-1755
5335.jpg,1754,1850,96
5340.jpg,1754,1850,96
5345.jpg,1754,1850,96
5350.jpg,1754,-1,-1755
5355.jpg,1754,1200,-554
5360.jpg,1754,1950,196
5365.jpg,1754,1850,96
5370.jpg,1755,-1,-1756
5375.jpg,1755,1850,95
5380.jpg,1755,1850,95
5385.jpg,1755,-1,-1756
5390.jpg,1755,1850,95
5395.jpg,1755,1950,195
5400.jpg,1755,1850,95
5405.jpg,1755,1850,95
5410.jpg,1755,1850,95
5415.jpg,1756,1850,94
5420.jpg,1756,1850,94
5425.jpg,1756,1850,94
5430.jpg,1756,1850,94
5435.jpg,1756,1850,94
5440.jpg,1756,1850,94
5445.jpg,1756,1850,94
5450.jpg,1756,1850,94
5455.jpg,1756,1600,-156
5460.jpg,1756,1850,94
5470.jpg,1757,1850,93
5475.jpg,1757,1850,93
5480.jpg,1757,-1,-1758
5485.jpg,1757,1930,173
5490.jpg,1757,1950,193
5495.jpg,1757,1920,163
5500.jpg,1758,1850,92
5505.jpg,1758,1850,92
5510.jpg,1758,1850,92
5515.jpg,1758,1850,92
5520.jpg,1758,1850,92
5525.jpg,1758,1950,192
5530.jpg,1758,1700,-58
5535.jpg,1759,1850,91
5540.jpg,1759,1850,91
5545.jpg,1759,1950,191
5550.jpg,1759,1850,91
5555.jpg,1759,1850,91
5560.jpg,1759,-1,-1760
5565.jpg,1760,1850,90
5570.jpg,1760,1850,90
5575.jpg,1760,1850,90
5580.jpg,1760,1850,90
5585.jpg,1760,-1,-1761
5590.jpg,1761,1850,89
5595.jpg,1761,1850,89
5600.jpg,1761,1850,89
5605.jpg,1761,1850,89
5610.jpg,1761,1920,159
5615.jpg,1761,1850,89
5620.jpg,1761,1850,89
5625.jpg,1761,1890,129
5630.jpg,1762,1850,88
5635.jpg,1762,1850,88
5640.jpg,1762,1950,188
5645.jpg,1762,1850,88
5650.jpg,1762,1850,88
5655.jpg,1762,1850,88
5660.jpg,1762,1850,88
5665.jpg,1762,-1,-1763
5670.jpg,1763,1950,187
5675.jpg,1763,1850,87
5680.jpg,1763,1950,187
5685.jpg,1763,1850,87
5690.jpg,1763,1850,87
5695.jpg,1763,1850,87
5700.jpg,1763,1600,-163
5705.jpg,1763,1850,87
5710.jpg,1764,1850,86
5715.jpg,1764,1850,86
5720.jpg,1764,1850,86
5725.jpg,1764,1850,86
5730.jpg,1764,1850,86
5735.jpg,1764,1850,86
5740.jpg,1764,1850,86
5745.jpg,1764,1850,86
5750.jpg,1764,1850,86
5755.jpg,1764,1850,86
5765.jpg,1765,1850,85
5770.jpg,1765,1950,185
5775.jpg,1765,1950,185
5780.jpg,1765,1950,185
5785.jpg,1765,1900,135
5790.jpg,1765,1850,85
5795.jpg,1765,-1,-1766
5800.jpg,1765,1850,85
5805.jpg,1765,1950,185
5810.jpg,1765,1950,185
5815.jpg,1765,1850,85
5820.jpg,1765,-1,-1766
5825.jpg,1765,1850,85
5830.jpg,1765,1950,185
5835.jpg,1766,1850,84
5840.jpg,1766,1850,84
5845.jpg,1766,1850,84
5850.jpg,1766,1600,-166
5855.jpg,1766,1850,84
5860.jpg,1766,1850,84
5865.jpg,1766,1920,154
5870.jpg,1766,1850,84
5875.jpg,1767,1850,83
5880.jpg,1767,1850,83
5885.jpg,1767,-1,-1768
5890.jpg,1767,1850,83
5895.jpg,1768,1850,82
5900.jpg,1768,1850,82
5905.jpg,1768,1850,82
5910.jpg,1768,1850,82
5915.jpg,1768,1850,82
5920.jpg,1768,1850,82
5925.jpg,1768,1850,82
5930.jpg,1768,1850,82
5935.jpg,1768,1850,82
5940.jpg,1768,-1,-1769
5945.jpg,1769,1850,81
5950.jpg,1769,1950,181
5955.jpg,1769,-1,-1770
5960.jpg,1769,1850,81
5965.jpg,1769,1850,81
5970.jpg,1769,1900,131
5975.jpg,1769,1850,81
5980.jpg,1769,1950,181
5985.jpg,1769,1950,181
5990.jpg,1769,1850,81
5995.jpg,1769,1200,-569
6000.jpg,1770,1850,80
6005.jpg,1770,1850,80
6010.jpg,1770,1950,180
6015.jpg,1770,1900,130
6020.jpg,1770,1850,80
6025.jpg,1770,-1,-1771
6030.jpg,1770,1850,80
6035.jpg,1770,1850,80
6040.jpg,1770,1950,180
6045.jpg,1770,1900,130
6050.jpg,1770,1850,80
6055.jpg,1770,1950,180
6060.jpg,1770,1950,180
6065.jpg,1770,1900,130
6070.jpg,1770,1950,180
6075.jpg,1770,1920,150
6080.jpg,1770,1950,180
6085.jpg,1770,1850,80
6090.jpg,1770,-1,-1771
6095.jpg,1770,1850,80
6100.jpg,1770,1850,80
6105.jpg,1770,1850,80
6115.jpg,1771,1850,79
6120.jpg,1771,1850,79
6125.jpg,1771,1850,79
6130.jpg,1771,1850,79
6135.jpg,1771,1850,79
6140.jpg,1771,-1,-1772
6145.jpg,1771,1850,79
6150.jpg,1771,1920,149
6155.jpg,1771,1600,-171
6160.jpg,1771,1850,79
6165.jpg,1771,1850,79
6170.jpg,1772,1850,78
6175.jpg,1772,1850,78
6180.jpg,1772,1850,78
6185.jpg,1772,1600,-172
6190.jpg,1772,1850,78
6195.jpg,1773,1850,77
6200.jpg,1773,1850,77
6205.jpg,1773,1850,77
6210.jpg,1773,1850,77
6215.jpg,1773,1850,77
6220.jpg,1773,1850,77
6225.jpg,1773,1920,147
6230.jpg,1773,1850,77
6235.jpg,1773,1850,77
6240.jpg,1774,1850,76
6245.jpg,1774,1850,76
6250.jpg,1774,1850,76
6255.jpg,1774,1850,76
6260.jpg,1774,1850,76
6265.jpg,1774,1850,76
6270.jpg,1774,1850,76
6275.jpg,1774,1850,76
6280.jpg,1774,1920,146
6285.jpg,1774,1850,76
6290.jpg,1774,1850,76
6295.jpg,1774,1850,76
6300.jpg,1774,1850,76
6305.jpg,1775,1850,75
6310.jpg,1775,1850,75
6315.jpg,1775,1950,175
6320.jpg,1775,1850,75
6325.jpg,1775,1850,75
6330.jpg,1775,1850,75
6335.jpg,1775,1900,125
6350.jpg,1775,-1,-1776
6355.jpg,1775,1920,145
6360.jpg,1775,-1,-1776
6365.jpg,1775,1850,75
6370.jpg,1775,1850,75
6375.jpg,1775,1850,75
6380.jpg,1775,-1,-1776
6385.jpg,1775,1500,-275
6390.jpg,1775,1850,75
6395.jpg,1775,1850,75
6405.jpg,1776,1850,74
6410.jpg,1776,1920,144
6415.jpg,1776,1850,74
6420.jpg,1776,1850,74
6425.jpg,1776,1850,74
6430.jpg,1776,1850,74
6435.jpg,1776,1950,174
6440.jpg,1776,1850,74
6445.jpg,1777,1850,73
6450.jpg,1777,1850,73
6455.jpg,1777,1920,143
6460.jpg,1777,1850,73
6465.jpg,1777,1850,73
6470.jpg,1777,1920,143
6475.jpg,1777,1200,-577
6480.jpg,1777,1960,183
6485.jpg,1778,1600,-178
6495.jpg,1778,-1,-1779
6500.jpg,1778,-1,-1779
6505.jpg,1778,1850,72
6510.jpg,1778,1850,72
6515.jpg,1779,1890,111
6520.jpg,1779,1600,-179
6525.jpg,1779,1850,71
6530.jpg,1779,1850,71
6535.jpg,1779,1850,71
6540.jpg,1779,1900,121
6545.jpg,1779,-1,-1780
6550.jpg,1779,1850,71
6555.jpg,1780,-1,-1781
6560.jpg,1780,1850,70
6565.jpg,1780,1850,70
6570.jpg,1780,1950,170
6575.jpg,1780,1950,170
6580.jpg,1780,1850,70
6585.jpg,1780,1850,70
6590.jpg,1780,1850,70
6595.jpg,1780,1950,170
6600.jpg,1780,1850,70
6605.jpg,1780,1850,70
6610.jpg,1780,1850,70
6615.jpg,1780,1900,120
6620.jpg,1780,1850,70
6625.jpg,1780,1900,120
6630.jpg,1780,1850,70
6635.jpg,1780,1920,140
6640.jpg,1780,1950,170
6645.jpg,1780,1850,70
6650.jpg,1780,1850,70
6655.jpg,1780,1850,70
6660.jpg,1780,1950,170
6665.jpg,1780,1850,70
6670.jpg,1781,1890,109
6675.jpg,1781,-1,-1782
6680.jpg,1781,1850,69
6685.jpg,1781,1850,69
6690.jpg,1781,1850,69
6695.jpg,1781,1850,69
6700.jpg,1781,1750,-31
6705.jpg,1781,-1,-1782
6710.jpg,1782,1850,68
6715.jpg,1782,1850,68
6720.jpg,1782,1850,68
6725.jpg,1782,1950,168
6730.jpg,1782,1850,68
6735.jpg,1782,1850,68
6740.jpg,1782,1950,168
6745.jpg,1782,1600,-182
6750.jpg,1782,1850,68
6755.jpg,1783,1850,67
6760.jpg,1783,1850,67
6765.jpg,1783,1950,167
6770.jpg,1783,1950,167
6775.jpg,1783,1850,67
6780.jpg,1783,1850,67
6785.jpg,1783,1950,167
6790.jpg,1783,1950,167
6795.jpg,1783,1920,137
6800.jpg,1783,1950,167
6805.jpg,1783,1850,67
6810.jpg,1784,1850,66
6815.jpg,1784,1200,-584
6820.jpg,1784,1850,66
6825.jpg,1784,1900,116
6830.jpg,1784,1850,66
6835.jpg,1784,-1,-1785
6840.jpg,1784,1850,66
6845.jpg,1784,1920,136
6850.jpg,1784,1600,-184
6855.jpg,1784,1850,66
6860.jpg,1785,-1,-1786
6865.jpg,1785,1850,65
6870.jpg,1785,1850,65
6875.jpg,1785,1850,65
6880.jpg,1785,1950,165
6885.jpg,1785,1850,65
6890.jpg,1785,1850,65
6895.jpg,1785,-1,-1786
6900.jpg,1785,1850,65
6905.jpg,1785,1950,165
6910.jpg,1785,-1,-1786
6915.jpg,1785,1850,65
6920.jpg,1785,1950,165
6925.jpg,1785,1850,65
6930.jpg,1785,1200,-585
6935.jpg,1785,1950,165
6940.jpg,1785,1930,145
6945.jpg,1785,1850,65
6950.jpg,1786,1850,64
6955.jpg,1786,1850,64
6960.jpg,1786,1850,64
6965.jpg,1786,1850,64
6970.jpg,1786,1850,64
6975.jpg,1786,1850,64
6980.jpg,1786,1850,64
6985.jpg,1786,1850,64
6990.jpg,1786,1850,64
6995.jpg,1786,1850,64
7000.jpg,1786,1920,134
7005.jpg,1787,1850,63
7010.jpg,1787,1850,63
7015.jpg,1787,1850,63
7020.jpg,1787,1930,143
7025.jpg,1787,1850,63
7030.jpg,1787,1850,63
7035.jpg,1787,1850,63
7040.jpg,1787,1900,113
7045.jpg,1787,1850,63
7050.jpg,1787,1950,163
7055.jpg,1787,1850,63
7060.jpg,1787,1900,113
7065.jpg,1787,1950,163
7070.jpg,1787,1850,63
7075.jpg,1787,1500,-287
7080.jpg,1787,1850,63
7085.jpg,1787,1850,63
7090.jpg,1788,1850,62
7095.jpg,1788,1850,62
7100.jpg,1788,1850,62
7105.jpg,1788,1850,62
7110.jpg,1788,1950,162
7115.jpg,1788,-1,-1789
7120.jpg,1788,1850,62
7125.jpg,1788,1850,62
7130.jpg,1788,-1,-1789
7135.jpg,1788,1850,62
7140.jpg,1788,1850,62
7145.jpg,1789,-1,-1790
7150.jpg,1789,1850,61
7155.jpg,1789,1850,61
7160.jpg,1789,1850,61
7165.jpg,1789,1850,61
7170.jpg,1789,1920,131
7175.jpg,1789,1950,161
7180.jpg,1789,-1,-1790
7185.jpg,1789,1850,61
7190.jpg,1789,1850,61
7195.jpg,1789,1850,61
7200.jpg,1790,1850,60
7205.jpg,1790,1850,60
7210.jpg,1790,1850,60
7215.jpg,1790,1850,60
7220.jpg,1790,-1,-1791
7225.jpg,1790,1920,130
7230.jpg,1790,1920,130
7235.jpg,1790,1950,160
7240.jpg,1790,1850,60
7245.jpg,1790,1850,60
7250.jpg,1790,1850,60
7255.jpg,1790,1950,160
7260.jpg,1790,-1,-1791
7265.jpg,1790,1850,60
7270.jpg,1790,1850,60
7275.jpg,1790,1850,60
7280.jpg,1790,1850,60
7285.jpg,1790,1850,60
7290.jpg,1790,1950,160
7295.jpg,1790,1850,60
7300.jpg,1790,1850,60
7305.jpg,1790,1850,60
7310.jpg,1790,1850,60
7315.jpg,1790,1950,160
7320.jpg,1790,1850,60
7325.jpg,1790,1850,60
7330.jpg,1790,1850,60
7335.jpg,1790,1850,60
7340.jpg,1790,1850,60
7345.jpg,1790,1900,110
7350.jpg,1790,1850,60
7355.jpg,1790,1950,160
7360.jpg,1790,1850,60
7365.jpg,1790,1850,60
7370.jpg,1790,1850,60
7375.jpg,1790,1920,130
7380.jpg,1790,1850,60
7385.jpg,1791,1900,109
7390.jpg,1791,1200,-591
7395.jpg,1791,1850,59
7400.jpg,1791,1850,59
7405.jpg,1791,1850,59
7410.jpg,1791,1850,59
7415.jpg,1791,1920,129
7420.jpg,1791,1850,59
7425.jpg,1791,1850,59
7430.jpg,1791,1850,59
7435.jpg,1791,1950,159
7440.jpg,1792,-1,-1793
7445.jpg,1792,1950,158
7450.jpg,1792,1850,58
7455.jpg,1792,1850,58
7460.jpg,1792,1850,58
7465.jpg,1792,1850,58
7470.jpg,1792,1850,58
7475.jpg,1792,1950,158
7480.jpg,1792,1890,98
7485.jpg,1792,1850,58
7490.jpg,1792,1850,58
7495.jpg,1792,1850,58
7500.jpg,1792,1850,58
7505.jpg,1792,1850,58
7510.jpg,1793,1850,57
7515.jpg,1793,1989,196
7520.jpg,1793,1850,57
7525.jpg,1793,1850,57
7530.jpg,1793,1850,57
7535.jpg,1793,1950,157
7540.jpg,1793,1850,57
7545.jpg,1793,1950,157
7550.jpg,1793,1850,57
7555.jpg,1793,1850,57
7560.jpg,1793,1900,107
7565.jpg,1793,1850,57
7570.jpg,1793,1850,57
7575.jpg,1793,1950,157
7580.jpg,1793,1850,57
7585.jpg,1793,1950,157
7590.jpg,1793,1850,57
7595.jpg,1794,19,-1775
7600.jpg,1794,1850,56
7605.jpg,1794,1950,156
7610.jpg,1794,1850,56
7615.jpg,1794,1850,56
7620.jpg,1794,1890,96
7625.jpg,1794,1950,156
7630.jpg,1794,1850,56
7635.jpg,1794,1850,56
7640.jpg,1794,1850,56
7645.jpg,1794,1850,56
7650.jpg,1794,1850,56
7655.jpg,1795,1850,55
7660.jpg,1795,1850,55
7665.jpg,1795,1920,125
7670.jpg,1795,-1,-1796
7675.jpg,1795,1920,125
7680.jpg,1795,1950,155
7685.jpg,1795,-1,-1796
7690.jpg,1795,1850,55
7695.jpg,1795,1850,55
7700.jpg,1795,1960,165
7705.jpg,1795,1850,55
7710.jpg,1795,1950,155
7715.jpg,1795,1850,55
7720.jpg,1795,1850,55
7725.jpg,1795,1850,55
7730.jpg,1795,1850,55
7735.jpg,1795,1850,55
7740.jpg,1795,1850,55
7745.jpg,1795,1890,95
7750.jpg,1795,1850,55
7755.jpg,1795,1850,55
7760.jpg,1795,1900,105
7765.jpg,1795,1950,155
7775.jpg,1796,1850,54
7780.jpg,1796,-1,-1797
7785.jpg,1796,-1,-1797
7790.jpg,1796,1850,54
7795.jpg,1796,1850,54
7800.jpg,1796,1850,54
7805.jpg,1796,1850,54
7810.jpg,1796,1850,54
7815.jpg,1796,1850,54
7820.jpg,1796,-1,-1797
7825.jpg,1796,1850,54
7830.jpg,1796,1850,54
7840.jpg,1796,1950,154
7845.jpg,1796,1850,54
7850.jpg,1796,1850,54
7855.jpg,1796,1850,54
7860.jpg,1796,1850,54
7865.jpg,1796,-1,-1797
7870.jpg,1796,1850,54
7875.jpg,1796,1500,-296
7880.jpg,1797,1850,53
7885.jpg,1797,1850,53
7890.jpg,1797,1850,53
7895.jpg,1797,1850,53
7900.jpg,1797,1850,53
7905.jpg,1797,1850,53
7915.jpg,1797,1950,153
7920.jpg,1797,1850,53
7925.jpg,1797,1850,53
7930.jpg,1797,1850,53
7935.jpg,1797,-1,-1798
7940.jpg,1797,1850,53
7945.jpg,1797,1600,-197
7950.jpg,1797,-1,-1798
7955.jpg,1798,1850,52
7960.jpg,1798,1920,122
7965.jpg,1798,-1,-1799
7970.jpg,1798,1850,52
7975.jpg,1798,1850,52
7980.jpg,1798,1850,52
7985.jpg,1798,1850,52
7990.jpg,1798,1890,92
7995.jpg,1798,1200,-598
8000.jpg,1798,-1,-1799
8005.jpg,1798,1950,152
8010.jpg,1798,1950,152
8015.jpg,1798,1850,52
8020.jpg,1798,1920,122
8025.jpg,1798,1850,52
8030.jpg,1798,1950,152
8035.jpg,1798,1950,152
8040.jpg,1798,1950,152
8045.jpg,1798,1850,52
8055.jpg,1798,1850,52
8060.jpg,1799,1920,121
8065.jpg,1799,1950,151
8070.jpg,1799,1850,51
8075.jpg,1799,1950,151
8080.jpg,1799,1920,121
8085.jpg,1799,1850,51
8090.jpg,1799,-1,-1800
8095.jpg,1799,1850,51
8100.jpg,1799,1850,51
8105.jpg,1799,1850,51
8110.jpg,1799,1850,51
8115.jpg,1800,1850,50
8120.jpg,1800,1950,150
8125.jpg,1800,1850,50
8130.jpg,1800,1850,50
8135.jpg,1800,1950,150
8140.jpg,1800,1850,50
8145.jpg,1800,1850,50
8150.jpg,1800,1850,50
8155.jpg,1800,1950,150
8160.jpg,1800,1950,150
8165.jpg,1800,1850,50
8170.jpg,1800,1850,50
8175.jpg,1800,1850,50
8180.jpg,1800,1850,50
8185.jpg,1800,1950,150
8190.jpg,1800,1850,50
8195.jpg,1800,1950,150
8200.jpg,1800,1950,150
8205.jpg,1800,1850,50
8210.jpg,1800,1950,150
8215.jpg,1800,1850,50
8220.jpg,1800,1850,50
8225.jpg,1800,1850,50
8230.jpg,1800,1850,50
8235.jpg,1800,1850,50
8240.jpg,1800,-1,-1801
8245.jpg,1800,1850,50
8250.jpg,1800,1900,100
8255.jpg,1800,1950,150
8260.jpg,1800,1850,50
8265.jpg,1800,1850,50
8270.jpg,1800,1850,50
8275.jpg,1800,1850,50
8280.jpg,1800,1920,120
8285.jpg,1800,1920,120
8295.jpg,1800,1950,150
8300.jpg,1801,1800,-1
8305.jpg,1801,-1,-1802
8310.jpg,1801,1850,49
8315.jpg,1801,-1,-1802
8320.jpg,1801,1950,149
8325.jpg,1801,1850,49
8330.jpg,1801,1850,49
8335.jpg,1801,1850,49
8340.jpg,1801,1850,49
8345.jpg,1801,1850,49
8350.jpg,1801,1850,49
8355.jpg,1801,1850,49
8360.jpg,1801,1850,49
8365.jpg,1801,1850,49
8375.jpg,1802,1950,148
8380.jpg,1802,1850,48
8385.jpg,1802,1950,148
8390.jpg,1802,1850,48
8395.jpg,1802,1850,48
8400.jpg,1802,1850,48
8405.jpg,1802,1850,48
8410.jpg,1802,1850,48
8415.jpg,1802,1843,41
8420.jpg,1802,1920,118
8425.jpg,1802,1850,48
8430.jpg,1802,1850,48
8435.jpg,1802,-1,-1803
8440.jpg,1803,1850,47
8445.jpg,1803,1850,47
8450.jpg,1803,1850,47
8455.jpg,1803,1900,97
8460.jpg,1803,1850,47
8465.jpg,1803,1850,47
8470.jpg,1803,-1,-1804
8475.jpg,1803,1950,147
8480.jpg,1803,1850,47
8485.jpg,1803,1850,47
8490.jpg,1803,1850,47
8495.jpg,1803,1930,127
8500.jpg,1803,1850,47
8505.jpg,1803,1850,47
8515.jpg,1804,1200,-604
8520.jpg,1804,1850,46
8525.jpg,1804,1850,46
8530.jpg,1804,1850,46
8535.jpg,1804,1920,116
8540.jpg,1804,-1,-1805
8545.jpg,1804,1900,96
8550.jpg,1804,1850,46
8555.jpg,1804,1900,96
8560.jpg,1804,1850,46
8565.jpg,1804,1850,46
8570.jpg,1804,1850,46
8575.jpg,1804,1950,146
8580.jpg,1804,1850,46
8585.jpg,1805,1850,45
8590.jpg,1805,1200,-605
8595.jpg,1805,-1,-1806
8600.jpg,1805,-1,-1806
8605.jpg,1805,-1,-1806
8610.jpg,1805,1850,45
8615.jpg,1805,1950,145
8620.jpg,1805,1850,45
8625.jpg,1805,1920,115
8630.jpg,1805,1200,-605
8635.jpg,1805,1890,85
8640.jpg,1805,1950,145
8645.jpg,1805,1850,45
8650.jpg,1805,1850,45
8655.jpg,1805,1890,85
8660.jpg,1805,1890,85
8665.jpg,1805,1850,45
8670.jpg,1805,1850,45
8675.jpg,1805,1850,45
8680.jpg,1805,1850,45
8685.jpg,1805,1950,145
8690.jpg,1805,1850,45
8695.jpg,1806,1850,44
8700.jpg,1806,1850,44
8705.jpg,1806,1850,44
8710.jpg,1806,1850,44
8715.jpg,1806,1850,44
8720.jpg,1806,1950,144
8725.jpg,1806,1950,144
8730.jpg,1806,1850,44
8735.jpg,1806,1950,144
8740.jpg,1806,1950,144
8745.jpg,1806,1920,114
8750.jpg,1806,1950,144
8755.jpg,1806,1850,44
8765.jpg,1807,1850,43
8770.jpg,1807,1850,43
8775.jpg,1807,1870,63
8780.jpg,1807,1920,113
8785.jpg,1807,1930,123
8790.jpg,1807,1850,43
8795.jpg,1807,1950,143
8800.jpg,1807,1850,43
8805.jpg,1807,1900,93
8810.jpg,1807,1900,93
8815.jpg,1807,1850,43
8820.jpg,1807,1850,43
8825.jpg,1807,1850,43
8830.jpg,1807,-1,-1808
8835.jpg,1807,-1,-1808
8840.jpg,1808,1920,112
8845.jpg,1808,1850,42
8850.jpg,1808,1850,42
8855.jpg,1808,1850,42
8860.jpg,1808,1850,42
8865.jpg,1808,1950,142
8875.jpg,1808,1850,42
8880.jpg,1808,1850,42
8885.jpg,1808,1850,42
8890.jpg,1808,1850,42
8895.jpg,1808,1850,42
8900.jpg,1808,1850,42
8905.jpg,1808,1850,42
8910.jpg,1809,1850,41
8915.jpg,1809,1850,41
8920.jpg,1809,1850,41
8925.jpg,1809,1900,91
8930.jpg,1809,1850,41
8935.jpg,1809,1950,141
8940.jpg,1809,1850,41
8945.jpg,1809,-1,-1810
8950.jpg,1809,1850,41
8955.jpg,1809,1850,41
8965.jpg,1809,1850,41
8970.jpg,1809,1850,41
8975.jpg,1810,-1,-1811
8980.jpg,1810,1950,140
8985.jpg,1810,-1,-1811
8995.jpg,1810,1850,40
9000.jpg,1810,1850,40
9005.jpg,1810,1850,40
9010.jpg,1810,1500,-310
9015.jpg,1810,1850,40
9020.jpg,1810,1900,90
9025.jpg,1810,1850,40
9030.jpg,1810,1850,40
9035.jpg,1810,1950,140
9040.jpg,1810,1950,140
9045.jpg,1810,1950,140
9050.jpg,1810,1850,40
9055.jpg,1810,1850,40
9060.jpg,1810,1880,70
9065.jpg,1810,1850,40
9070.jpg,1810,1950,140
9075.jpg,1810,1850,40
9080.jpg,1810,1950,140
9085.jpg,1810,1950,140
9090.jpg,1810,1850,40
9095.jpg,1810,1850,40
9100.jpg,1810,1950,140
9105.jpg,1810,1920,110
9110.jpg,1810,1950,140
9115.jpg,1810,1850,40
9120.jpg,1810,1950,140
9125.jpg,1810,1850,40
9130.jpg,1810,1950,140
9135.jpg,1810,-1,-1811
9140.jpg,1810,-1,-1811
9145.jpg,1810,1850,40
9150.jpg,1811,1800,-11
9160.jpg,1811,1850,39
9165.jpg,1811,-1,-1812
9170.jpg,1811,1850,39
9175.jpg,1811,-1,-1812
9180.jpg,1811,1880,69
9185.jpg,1811,1850,39
9190.jpg,1811,1850,39
9195.jpg,1811,1200,-611
9200.jpg,1811,1850,39
9205.jpg,1811,1850,39
9210.jpg,1812,-1,-1813
9215.jpg,1812,1200,-612
9220.jpg,1812,1500,-312
9225.jpg,1812,1850,38
9230.jpg,1812,1850,38
9235.jpg,1812,1850,38
9240.jpg,1812,1850,38
9245.jpg,1812,1950,138
9250.jpg,1812,1920,108
9255.jpg,1812,1900,88
9260.jpg,1812,1950,138
9265.jpg,1812,1850,38
9270.jpg,1812,1950,138
9275.jpg,1812,1850,38
9280.jpg,1812,1850,38
9290.jpg,1812,1850,38
9295.jpg,1812,1850,38
9300.jpg,1812,1970,158
9305.jpg,1812,1850,38
9310.jpg,1813,1850,37
9315.jpg,1813,1880,67
9320.jpg,1813,1850,37
9325.jpg,1813,1220,-593
9330.jpg,1813,1850,37
9335.jpg,1813,1850,37
9340.jpg,1813,1850,37
9345.jpg,1813,1850,37
9350.jpg,1813,1850,37
9355.jpg,1813,-1,-1814
9360.jpg,1813,1920,107
9365.jpg,1813,-1,-1814
9370.jpg,1813,1920,107
9375.jpg,1814,1850,36
9390.jpg,1814,1850,36
9395.jpg,1814,1850,36
9400.jpg,1814,1850,36
9405.jpg,1814,1850,36
9410.jpg,1814,1850,36
9415.jpg,1814,1950,136
9420.jpg,1814,1850,36
9425.jpg,1814,1850,36
9430.jpg,1814,1200,-614
9435.jpg,1814,1850,36
9440.jpg,1814,1950,136
9445.jpg,1814,1850,36
9450.jpg,1814,1850,36
9455.jpg,1814,1850,36
9460.jpg,1814,1850,36
9465.jpg,1815,-1,-1816
9470.jpg,1815,1890,75
9475.jpg,1815,1850,35
9480.jpg,1815,1850,35
9485.jpg,1815,1870,55
9490.jpg,1815,1850,35
9495.jpg,1815,1920,105
9500.jpg,1815,1850,35
9505.jpg,1815,1850,35
9510.jpg,1815,1950,135
9515.jpg,1815,1920,105
9520.jpg,1815,1850,35
9525.jpg,1815,1850,35
9530.jpg,1815,1950,135
9535.jpg,1815,1850,35
9540.jpg,1815,1950,135
9545.jpg,1815,1850,35
9550.jpg,1815,1850,35
9555.jpg,1815,1850,35
9560.jpg,1815,1850,35
9565.jpg,1815,-1,-1816
9570.jpg,1815,1950,135
9575.jpg,1815,1850,35
9580.jpg,1815,1600,-215
9585.jpg,1815,1850,35
9590.jpg,1815,1850,35
9595.jpg,1816,1960,144
9600.jpg,1816,1850,34
9605.jpg,1816,1850,34
9610.jpg,1816,1850,34
9615.jpg,1816,1850,34
9620.jpg,1816,1890,74
9625.jpg,1816,1800,-16
9630.jpg,1816,1890,74
9635.jpg,1816,1850,34
9640.jpg,1816,1950,134
9645.jpg,1816,1850,34
9650.jpg,1816,1850,34
9655.jpg,1816,1850,34
9660.jpg,1816,-1,-1817
9665.jpg,1816,1920,104
9670.jpg,1816,1850,34
9675.jpg,1816,1850,34
9680.jpg,1816,1850,34
9685.jpg,1816,-1,-1817
9690.jpg,1816,1850,34
9695.jpg,1816,1890,74
9700.jpg,1816,1850,34
9705.jpg,1816,1600,-216
9710.jpg,1816,1800,-16
9715.jpg,1817,-1,-1818
9720.jpg,1817,1850,33
9725.jpg,1817,1850,33
9730.jpg,1817,1850,33
9735.jpg,1817,1850,33
9740.jpg,1817,1950,133
9745.jpg,1817,1850,33
9750.jpg,1817,1950,133
9755.jpg,1817,1850,33
9760.jpg,1817,1850,33
9765.jpg,1817,1850,33
9770.jpg,1817,1850,33
9775.jpg,1817,1920,103
9780.jpg,1817,1900,83
9785.jpg,1817,-1,-1818
9790.jpg,1818,1850,32
9795.jpg,1818,1930,112
9800.jpg,1818,1850,32
9805.jpg,1818,1920,102
9810.jpg,1818,1850,32
9815.jpg,1818,1850,32
9820.jpg,1818,1850,32
9825.jpg,1818,1950,132
9830.jpg,1818,1920,102
9835.jpg,1818,1850,32
9840.jpg,1818,1950,132
9845.jpg,1818,1950,132
9850.jpg,1818,-1,-1819
9855.jpg,1818,1850,32
9860.jpg,1818,1850,32
9865.jpg,1818,1890,72
9870.jpg,1818,1920,102
9875.jpg,1818,1850,32
9880.jpg,1818,1850,32
9885.jpg,1818,1960,142
9890.jpg,1818,1850,32
9895.jpg,1818,1850,32
9900.jpg,1818,-1,-1819
9905.jpg,1818,1850,32
9910.jpg,1819,1850,31
9915.jpg,1819,1950,131
9920.jpg,1819,1850,31
9925.jpg,1819,-1,-1820
9930.jpg,1819,1920,101
9935.jpg,1819,1950,131
9940.jpg,1819,1850,31
9945.jpg,1819,1880,61
9950.jpg,1819,1850,31
9955.jpg,1819,1850,31
9960.jpg,1819,1850,31
9965.jpg,1819,-1,-1820
9970.jpg,1819,1920,101
9975.jpg,1819,1890,71
9980.jpg,1819,1850,31
9985.jpg,1820,1850,30
9990.jpg,1820,1850,30
9995.jpg,1820,1850,30
10000.jpg,1820,1850,30
10005.jpg,1820,1850,30
10010.jpg,1820,-1,-1821
10015.jpg,1820,1850,30
10020.jpg,1820,1200,-620
10025.jpg,1820,1850,30
10030.jpg,1820,1950,130
10035.jpg,1820,1950,130
10040.jpg,1820,1950,130
10045.jpg,1820,1850,30
10050.jpg,1820,-1,-1821
10055.jpg,1820,1850,30
10060.jpg,1820,1850,30
10065.jpg,1820,1850,30
10070.jpg,1820,1850,30
10075.jpg,1820,1950,130
10080.jpg,1820,1950,130
10085.jpg,1820,1850,30
10090.jpg,1820,1950,130
10095.jpg,1820,-1,-1821
10100.jpg,1820,1950,130
10105.jpg,1820,1850,30
10110.jpg,1820,1850,30
10115.jpg,1820,1950,130
10120.jpg,1820,1850,30
10125.jpg,1820,1870,50
10130.jpg,1820,1850,30
10135.jpg,1820,1850,30
10140.jpg,1820,1890,70
10145.jpg,1820,1920,100
10150.jpg,1820,1850,30
10155.jpg,1820,1850,30
10160.jpg,1820,1850,30
10165.jpg,1820,1950,130
10170.jpg,1820,1950,130
10175.jpg,1820,-1,-1821
10180.jpg,1820,1850,30
10185.jpg,1820,1900,80
10190.jpg,1820,1850,30
10195.jpg,1821,1850,29
10200.jpg,1821,1920,99
10205.jpg,1821,1850,29
10210.jpg,1821,1950,129
10215.jpg,1821,1920,99
10220.jpg,1821,1850,29
10225.jpg,1821,1920,99
10230.jpg,1821,-1,-1822
10235.jpg,1821,1850,29
10240.jpg,1821,1950,129
10245.jpg,1821,1950,129
10250.jpg,1821,1850,29
10255.jpg,1821,1890,69
10260.jpg,1821,1950,129
10265.jpg,1821,1950,129
10270.jpg,1821,1890,69
10275.jpg,1821,1850,29
10280.jpg,1822,1920,98
10285.jpg,1822,1850,28
10290.jpg,1822,1850,28
10295.jpg,1822,1850,28
10300.jpg,1822,1850,28
10305.jpg,1822,1850,28
10310.jpg,1822,1850,28
10315.jpg,1822,1900,78
10320.jpg,1822,1900,78
10325.jpg,1822,1950,128
10330.jpg,1822,1900,78
10335.jpg,1822,1850,28
10340.jpg,1822,-1,-1823
10345.jpg,1822,1900,78
10355.jpg,1822,1850,28
10360.jpg,1823,1950,127
10365.jpg,1823,1850,27
10370.jpg,1823,1850,27
10375.jpg,1823,1850,27
10385.jpg,1823,1850,27
10390.jpg,1823,1880,57
10395.jpg,1823,1850,27
10400.jpg,1823,1950,127
10405.jpg,1823,-1,-1824
10410.jpg,1823,1850,27
10415.jpg,1823,1850,27
10420.jpg,1823,1920,97
10425.jpg,1823,1850,27
10430.jpg,1823,1850,27
10435.jpg,1823,1850,27
10440.jpg,1823,1850,27
10445.jpg,1823,1920,97
10450.jpg,1823,1200,-623
10455.jpg,1824,1850,26
10460.jpg,1824,1850,26
10465.jpg,1824,1850,26
10470.jpg,1824,1850,26
10475.jpg,1824,1200,-624
10480.jpg,1824,1850,26
10485.jpg,1824,1850,26
10490.jpg,1824,1500,-324
10495.jpg,1824,1850,26
10500.jpg,1824,1920,96
10505.jpg,1824,1950,126
10510.jpg,1824,1900,76
10515.jpg,1824,1950,126
10520.jpg,1824,1850,26
10525.jpg,1824,1950,126
10530.jpg,1824,1950,126
10535.jpg,1824,1850,26
10540.jpg,1824,1850,26
10545.jpg,1824,1850,26
10550.jpg,1825,1850,25
10555.jpg,1825,1850,25
10560.jpg,1825,1850,25
10565.jpg,1825,1850,25
10570.jpg,1825,1950,125
10575.jpg,1825,1850,25
10580.jpg,1825,1863,38
10585.jpg,1825,-1,-1826
10590.jpg,1825,1850,25
10595.jpg,1825,1850,25
10600.jpg,1825,1850,25
10605.jpg,1825,1890,65
10610.jpg,1825,1850,25
10615.jpg,1825,1850,25
10620.jpg,1825,1850,25
10625.jpg,1825,1950,125
10630.jpg,1825,1950,125
10635.jpg,1825,1950,125
10640.jpg,1825,1950,125
10645.jpg,1825,1850,25
10650.jpg,1825,1920,95
10655.jpg,1825,1850,25
10660.jpg,1825,1900,75
10665.jpg,1825,1850,25
10670.jpg,1825,1850,25
10675.jpg,1825,1850,25
10680.jpg,1825,1850,25
10685.jpg,1825,1950,125
10690.jpg,1825,1850,25
10695.jpg,1825,1850,25
10700.jpg,1825,1920,95
10705.jpg,1825,1850,25
10710.jpg,1825,1850,25
10715.jpg,1825,1850,25
10720.jpg,1825,1850,25
10725.jpg,1825,1920,95
10730.jpg,1826,-1,-1827
10735.jpg,1826,1850,24
10745.jpg,1826,1850,24
10750.jpg,1826,-1,-1827
10755.jpg,1826,1850,24
10760.jpg,1826,1850,24
10765.jpg,1826,1850,24
10770.jpg,1826,1890,64
10775.jpg,1826,1950,124
10780.jpg,1826,1850,24
10785.jpg,1826,-1,-1827
10790.jpg,1826,1900,74
10795.jpg,1826,1850,24
10800.jpg,1826,1890,64
10805.jpg,1826,-1,-1827
10810.jpg,1826,1850,24
10815.jpg,1826,1850,24
10820.jpg,1826,1850,24
10825.jpg,1826,1850,24
10830.jpg,1826,1900,74
10835.jpg,1827,1950,123
10840.jpg,1827,1850,23
10845.jpg,1827,-1,-1828
10850.jpg,1827,1900,73
10855.jpg,1827,1850,23
10860.jpg,1827,1900,73
10865.jpg,1827,1850,23
10870.jpg,1827,1850,23
10875.jpg,1827,1850,23
10880.jpg,1827,1920,93
10885.jpg,1827,1920,93
10890.jpg,1827,1850,23
10895.jpg,1827,-1,-1828
10900.jpg,1827,1850,23
10905.jpg,1827,1850,23
10910.jpg,1827,1850,23
10915.jpg,1827,1890,63
10920.jpg,1827,1850,23
10925.jpg,1827,1850,23
10930.jpg,1827,1920,93
10935.jpg,1827,1850,23
10940.jpg,1827,1950,123
10945.jpg,1828,-1,-1829
10950.jpg,1828,1600,-228
10955.jpg,1828,1850,22
10960.jpg,1828,1850,22
10965.jpg,1828,1850,22
10970.jpg,1828,1850,22
10975.jpg,1828,-1,-1829
10980.jpg,1828,1850,22
10985.jpg,1828,-1,-1829
10990.jpg,1828,1850,22
10995.jpg,1828,1850,22
11000.jpg,1828,-1,-1829
11005.jpg,1828,1950,122
11010.jpg,1828,1850,22
11015.jpg,1828,1850,22
11020.jpg,1828,1850,22
11025.jpg,1828,1850,22
11030.jpg,1828,1850,22
11035.jpg,1828,1850,22
11040.jpg,1828,1850,22
11045.jpg,1828,1900,72
11050.jpg,1828,1850,22
11055.jpg,1828,1850,22
11060.jpg,1828,-1,-1829
11065.jpg,1829,1850,21
11070.jpg,1829,1850,21
11075.jpg,1829,1920,91
11080.jpg,1829,1850,21
11085.jpg,1829,1850,21
11090.jpg,1829,1950,121
11095.jpg,1829,-1,-1830
11100.jpg,1829,1850,21
11105.jpg,1829,1850,21
11110.jpg,1829,1850,21
11115.jpg,1829,1850,21
11120.jpg,1829,1900,71
11125.jpg,1829,-1,-1830
11130.jpg,1829,1850,21
11135.jpg,1829,1850,21
11140.jpg,1829,1850,21
11145.jpg,1829,1850,21
11150.jpg,1829,1850,21
11155.jpg,1829,-1,-1830
11160.jpg,1829,1850,21
11165.jpg,1829,1920,91
11170.jpg,1830,1850,20
11175.jpg,1830,1900,70
11180.jpg,1830,1850,20
11185.jpg,1830,-1,-1831
11190.jpg,1830,1850,20
11195.jpg,1830,1850,20
11200.jpg,1830,1900,70
11205.jpg,1830,1850,20
11210.jpg,1830,1950,120
11215.jpg,1830,1850,20
11220.jpg,1830,1850,20
11225.jpg,1830,1850,20
11230.jpg,1830,1850,20
11235.jpg,1830,1920,90
11240.jpg,1830,1850,20
11245.jpg,1830,1950,120
11250.jpg,1830,1950,120
11255.jpg,1830,1950,120
11260.jpg,1830,1950,120
11265.jpg,1830,1950,120
11270.jpg,1830,1850,20
11275.jpg,1830,1850,20
11280.jpg,1830,1900,70
11285.jpg,1830,1920,90
11290.jpg,1830,1850,20
11295.jpg,1830,1950,120
11300.jpg,1830,-1,-1831
11305.jpg,1830,1970,140
11310.jpg,1830,1850,20
11315.jpg,1830,1920,90
11320.jpg,1830,1850,20
11325.jpg,1830,1880,50
11330.jpg,1830,1900,70
11335.jpg,1830,1850,20
11340.jpg,1830,1950,120
11345.jpg,1830,1950,120
11350.jpg,1830,1950,120
11355.jpg,1830,1850,20
11360.jpg,1830,1850,20
11365.jpg,1830,1880,50
11370.jpg,1830,1900,70
11375.jpg,1830,1850,20
11380.jpg,1830,1850,20
11385.jpg,1830,1850,20
11390.jpg,1830,1920,90
11395.jpg,1830,1850,20
11400.jpg,1831,1850,19
11405.jpg,1831,1950,119
11410.jpg,1831,1850,19
11415.jpg,1831,-1,-1832
11420.jpg,1831,1850,19
11425.jpg,1831,1850,19
11430.jpg,1831,-1,-1832
11435.jpg,1831,-1,-1832
11440.jpg,1831,-1,-1832
11445.jpg,1831,1850,19
11450.jpg,1831,1950,119
11455.jpg,1831,-1,-1832
11460.jpg,1831,1900,69
11465.jpg,1831,1920,89
11470.jpg,1831,1850,19
11475.jpg,1831,1950,119
11480.jpg,1831,1890,59
11485.jpg,1831,1950,119
11490.jpg,1832,1950,118
11495.jpg,1832,1950,118
11500.jpg,1832,1000,-832
11505.jpg,1832,1850,18
11510.jpg,1832,1920,88
11515.jpg,1832,1850,18
11525.jpg,1832,1850,18
11530.jpg,1832,-1,-1833
11535.jpg,1832,1920,88
11540.jpg,1832,1850,18
11545.jpg,1832,1950,118
11550.jpg,1832,1850,18
11555.jpg,1832,1850,18
11560.jpg,1832,1920,88
11565.jpg,1832,1850,18
11570.jpg,1832,1890,58
11575.jpg,1832,1850,18
11580.jpg,1832,1900,68
11585.jpg,1832,1950,118
11590.jpg,1832,1850,18
11595.jpg,1832,1850,18
11600.jpg,1832,1850,18
11605.jpg,1832,1950,118
11610.jpg,1832,1920,88
11615.jpg,1832,1850,18
11620.jpg,1832,1850,18
11625.jpg,1832,1850,18
11630.jpg,1832,1920,88
11635.jpg,1832,1920,88
11640.jpg,1832,1850,18
11645.jpg,1833,1850,17
11650.jpg,1833,1850,17
11655.jpg,1833,1850,17
11660.jpg,1833,1850,17
11665.jpg,1833,1850,17
11670.jpg,1833,1920,87
11675.jpg,1833,-1,-1834
11680.jpg,1833,1850,17
11685.jpg,1833,1850,17
11690.jpg,1833,1850,17
11695.jpg,1833,-1,-1834
11700.jpg,1833,1950,117
11705.jpg,1833,1950,117
11710.jpg,1833,1920,87
11715.jpg,1833,1850,17
11720.jpg,1833,1950,117
11725.jpg,1833,1850,17
11730.jpg,1833,1850,17
11735.jpg,1833,1850,17
11740.jpg,1833,1850,17
11745.jpg,1833,1900,67
11750.jpg,1833,1890,57
11755.jpg,1833,1850,17
11760.jpg,1833,1900,67
11765.jpg,1833,1850,17
11770.jpg,1834,-1,-1835
11775.jpg,1834,1850,16
11780.jpg,1834,-1,-1835
11785.jpg,1834,1600,-234
11790.jpg,1834,1950,116
11795.jpg,1834,1850,16
11800.jpg,1834,1850,16
11805.jpg,1834,1850,16
11810.jpg,1834,1920,86
11815.jpg,1834,1850,16
11820.jpg,1834,1850,16
11825.jpg,1834,1850,16
11830.jpg,1834,1880,46
11835.jpg,1834,1890,56
11840.jpg,1834,1850,16
11845.jpg,1834,1850,16
11850.jpg,1834,1850,16
11855.jpg,1834,1850,16
11860.jpg,1834,1950,116
11865.jpg,1834,1850,16
11870.jpg,1834,1950,116
11875.jpg,1834,1850,16
11880.jpg,1834,1850,16
11885.jpg,1834,1850,16
11890.jpg,1834,1840,6
11895.jpg,1834,1850,16
11900.jpg,1835,-1,-1836
11905.jpg,1835,1850,15
11910.jpg,1835,1960,125
11915.jpg,1835,1850,15
11920.jpg,1835,1850,15
11925.jpg,1835,1950,115
11930.jpg,1835,-1,-1836
11935.jpg,1835,1850,15
11940.jpg,1835,1950,115
11945.jpg,1835,1850,15
11950.jpg,1835,1850,15
11955.jpg,1835,1950,115
11960.jpg,1835,1850,15
11965.jpg,1835,1950,115
11970.jpg,1835,1850,15
11980.jpg,1835,-1,-1836
11985.jpg,1835,1950,115
11990.jpg,1835,1900,65
11995.jpg,1835,1950,115
12000.jpg,1835,1920,85
12005.jpg,1835,-1,-1836
12010.jpg,1835,1850,15
12015.jpg,1835,1850,15
12020.jpg,1835,1920,85
12025.jpg,1835,1950,115
12030.jpg,1835,1900,65
12035.jpg,1835,1850,15
12040.jpg,1835,1850,15
12045.jpg,1835,1850,15
12050.jpg,1835,1950,115
12055.jpg,1835,-1,-1836
12060.jpg,1835,1850,15
12065.jpg,1835,1950,115
12070.jpg,1835,1850,15
12075.jpg,1835,1950,115
12080.jpg,1835,-1,-1836
12085.jpg,1835,1850,15
12090.jpg,1835,1850,15
12095.jpg,1835,1850,15
12100.jpg,1835,1850,15
12105.jpg,1835,1850,15
12110.jpg,1835,1200,-635
12115.jpg,1835,-1,-1836
12120.jpg,1835,1900,65
12125.jpg,1835,1950,115
12130.jpg,1836,-1,-1837
12135.jpg,1836,1930,94
12140.jpg,1836,1850,14
12145.jpg,1836,1920,84
12150.jpg,1836,1920,84
12155.jpg,1836,1850,14
12160.jpg,1836,1900,64
12170.jpg,1836,1850,14
12175.jpg,1836,1850,14
12180.jpg,1836,1850,14
12185.jpg,1836,1850,14
12190.jpg,1836,1850,14
12195.jpg,1836,1950,114
12200.jpg,1836,1900,64
12205.jpg,1836,-1,-1837
12210.jpg,1836,1850,14
12215.jpg,1836,1850,14
12220.jpg,1836,1890,54
12225.jpg,1836,1890,54
12230.jpg,1836,1850,14
12235.jpg,1836,1950,114
12240.jpg,1836,1850,14
12245.jpg,1836,1850,14
12250.jpg,1836,1900,64
12255.jpg,1836,1850,14
12260.jpg,1836,1850,14
12265.jpg,1836,1850,14
12270.jpg,1836,1850,14
12275.jpg,1836,1850,14
12280.jpg,1837,-1,-1838
12285.jpg,1837,-1,-1838
12290.jpg,1837,1850,13
12295.jpg,1837,1850,13
12300.jpg,1837,1850,13
12305.jpg,1837,1850,13
12310.jpg,1837,1880,43
12315.jpg,1837,1850,13
12320.jpg,1837,1960,123
12325.jpg,1837,-1,-1838
12330.jpg,1837,1920,83
12335.jpg,1837,1850,13
12340.jpg,1837,1850,13
12345.jpg,1837,-1,-1838
12350.jpg,1837,1950,113
12355.jpg,1837,1850,13
12360.jpg,1837,1950,113
12365.jpg,1837,1950,113
12370.jpg,1837,1900,63
12375.jpg,1837,1850,13
12380.jpg,1837,1890,53
12385.jpg,1837,1850,13
12390.jpg,1837,1890,53
12395.jpg,1837,-1,-1838
12400.jpg,1837,1920,83
12405.jpg,1837,1850,13
12410.jpg,1837,1950,113
12415.jpg,1837,1890,53
12420.jpg,1837,1850,13
12425.jpg,1837,1950,113
12430.jpg,1837,1850,13
12435.jpg,1837,1950,113
12440.jpg,1837,1950,113
12445.jpg,1837,1850,13
12450.jpg,1838,1850,12
12455.jpg,1838,-1,-1839
12460.jpg,1838,1200,-638
12465.jpg,1838,1850,12
12470.jpg,1838,1950,112
12475.jpg,1838,-1,-1839
12480.jpg,1838,1850,12
12485.jpg,1838,1850,12
12490.jpg,1838,-1,-1839
12495.jpg,1838,1850,12
12500.jpg,1838,1850,12
12505.jpg,1838,1850,12
12510.jpg,1838,1950,112
12515.jpg,1838,-1,-1839
12520.jpg,1838,1950,112
12525.jpg,1838,1920,82
12530.jpg,1838,1890,52
12535.jpg,1838,1890,52
12540.jpg,1838,1920,82
12545.jpg,1838,1920,82
12550.jpg,1838,-1,-1839
12555.jpg,1838,1920,82
12560.jpg,1838,1850,12
12565.jpg,1838,1950,112
12570.jpg,1838,1850,12
12575.jpg,1838,1850,12
12580.jpg,1838,1950,112
12585.jpg,1838,-1,-1839
12590.jpg,1838,1850,12
12600.jpg,1838,1950,112
12605.jpg,1838,1920,82
12610.jpg,1838,1850,12
12615.jpg,1838,1850,12
12620.jpg,1838,1850,12
12625.jpg,1839,1950,111
12630.jpg,1839,1850,11
12635.jpg,1839,1850,11
12640.jpg,1839,1950,111
12645.jpg,1839,1880,41
12650.jpg,1839,1850,11
12655.jpg,1839,1850,11
12660.jpg,1839,1850,11
12665.jpg,1839,1850,11
12670.jpg,1839,1850,11
12675.jpg,1839,1900,61
12680.jpg,1839,1850,11
12685.jpg,1839,-1,-1840
12690.jpg,1839,1950,111
12695.jpg,1839,1850,11
12700.jpg,1839,1850,11
12705.jpg,1839,1850,11
12710.jpg,1839,-1,-1840
12715.jpg,1839,1850,11
12720.jpg,1839,-1,-1840
12725.jpg,1839,-1,-1840
12730.jpg,1839,-1,-1840
12735.jpg,1839,1850,11
12740.jpg,1839,1850,11
12745.jpg,1839,1850,11
12750.jpg,1839,1850,11
12755.jpg,1839,1950,111
12760.jpg,1839,1850,11
12765.jpg,1839,1850,11
12770.jpg,1839,1850,11
12775.jpg,1839,1850,11
12780.jpg,1840,1850,10
12785.jpg,1840,1950,110
12790.jpg,1840,1850,10
12795.jpg,1840,1900,60
12800.jpg,1840,1850,10
12805.jpg,1840,1850,10
12810.jpg,1840,1900,60
12815.jpg,1840,1850,10
12820.jpg,1840,1850,10
12825.jpg,1840,1850,10
12830.jpg,1840,1850,10
12835.jpg,1840,1850,10
12840.jpg,1840,1850,10
12845.jpg,1840,1950,110
12850.jpg,1840,1920,80
12860.jpg,1840,1850,10
12865.jpg,1840,1920,80
12870.jpg,1840,1950,110
12875.jpg,1840,1850,10
12880.jpg,1840,1850,10
12885.jpg,1840,1850,10
12890.jpg,1840,1950,110
12895.jpg,1840,1950,110
12900.jpg,1840,1850,10
12905.jpg,1840,-1,-1841
12910.jpg,1840,1950,110
12915.jpg,1840,1850,10
12920.jpg,1840,1890,50
12925.jpg,1840,1950,110
12930.jpg,1840,1890,50
12935.jpg,1840,1900,60
12940.jpg,1840,-1,-1841
12945.jpg,1840,1950,110
12950.jpg,1840,1850,10
12955.jpg,1840,1900,60
12960.jpg,1840,1850,10
12965.jpg,1840,1850,10
12970.jpg,1840,1850,10
12975.jpg,1840,1850,10
12980.jpg,1840,1950,110
12985.jpg,1840,-1,-1841
12990.jpg,1840,1850,10
12995.jpg,1840,1920,80
13005.jpg,1840,-1,-1841
13010.jpg,1840,1950,110
13015.jpg,1840,1850,10
13020.jpg,1840,1920,80
13025.jpg,1840,1850,10
13030.jpg,1841,1850,9
13035.jpg,1841,1850,9
13040.jpg,1841,1920,79
13045.jpg,1841,1850,9
13050.jpg,1841,1900,59
13055.jpg,1841,1850,9
13060.jpg,1841,1850,9
13065.jpg,1841,1850,9
13070.jpg,1841,1850,9
13075.jpg,1841,-1,-1842
13080.jpg,1841,1920,79
13085.jpg,1841,1970,129
13090.jpg,1841,1920,79
13095.jpg,1841,1950,109
13100.jpg,1841,1850,9
13105.jpg,1841,1880,39
13110.jpg,1841,1850,9
13115.jpg,1841,1950,109
13120.jpg,1841,1970,129
13125.jpg,1841,1900,59
13130.jpg,1841,1600,-241
13135.jpg,1841,1850,9
13140.jpg,1841,1900,59
13145.jpg,1842,-1,-1843
13150.jpg,1842,1920,78
13155.jpg,1842,-1,-1843
13160.jpg,1842,1850,8
13165.jpg,1842,1850,8
13170.jpg,1842,-1,-1843
13175.jpg,1842,1200,-642
13180.jpg,1842,1850,8
13185.jpg,1842,1950,108
13190.jpg,1842,1850,8
13195.jpg,1842,1850,8
13200.jpg,1842,1850,8
13205.jpg,1842,1950,108
13210.jpg,1842,1950,108
13215.jpg,1842,1920,78
13220.jpg,1842,1850,8
13225.jpg,1842,1850,8
13230.jpg,1842,1950,108
13235.jpg,1842,1850,8
13240.jpg,1842,1850,8
13245.jpg,1842,1950,108
13250.jpg,1842,1880,38
13255.jpg,1842,1850,8
13260.jpg,1842,-1,-1843
13265.jpg,1842,1950,108
13270.jpg,1842,1920,78
13275.jpg,1842,1950,108
13280.jpg,1842,1200,-642
13285.jpg,1842,1850,8
13290.jpg,1842,1950,108
13295.jpg,1842,1920,78
13300.jpg,1843,1850,7
13305.jpg,1843,-1,-1844
13310.jpg,1843,1850,7
13315.jpg,1843,1950,107
13320.jpg,1843,1850,7
13325.jpg,1843,1890,47
13330.jpg,1843,1850,7
13335.jpg,1843,1920,77
13340.jpg,1843,1850,7
13345.jpg,1843,1950,107
13350.jpg,1843,1900,57
13355.jpg,1843,1890,47
13360.jpg,1843,1920,77
13365.jpg,1843,1900,57
13370.jpg,1843,1880,37
13380.jpg,1843,1850,7
13385.jpg,1843,1920,77
13390.jpg,1843,1850,7
13395.jpg,1843,1850,7
13400.jpg,1843,1890,47
13405.jpg,1843,1900,57
13410.jpg,1843,1848,5
13415.jpg,1843,1850,7
13420.jpg,1843,1920,77
13425.jpg,1843,1920,77
13430.jpg,1844,-1,-1845
13435.jpg,1844,1850,6
13440.jpg,1844,1850,6
13445.jpg,1844,1960,116
13450.jpg,1844,1850,6
13455.jpg,1844,1850,6
13460.jpg,1844,1890,46
13465.jpg,1844,-1,-1845
13470.jpg,1844,1850,6
13475.jpg,1844,1900,56
13480.jpg,1844,1920,76
13485.jpg,1844,1900,56
13490.jpg,1844,1850,6
13495.jpg,1844,1850,6
13500.jpg,1844,1850,6
13505.jpg,1844,1900,56
13510.jpg,1844,1850,6
13515.jpg,1844,1850,6
13520.jpg,1844,1850,6
13525.jpg,1844,1850,6
13530.jpg,1844,1850,6
13535.jpg,1844,1920,76
13540.jpg,1844,1850,6
13545.jpg,1844,1920,76
13550.jpg,1844,1850,6
13555.jpg,1844,1890,46
13560.jpg,1844,1950,106
13565.jpg,1845,1800,-45
13570.jpg,1845,1850,5
13575.jpg,1845,1890,45
13580.jpg,1845,1850,5
13585.jpg,1845,1850,5
13590.jpg,1845,1850,5
13595.jpg,1845,1900,55
13600.jpg,1845,1900,55
13605.jpg,1845,1850,5
13610.jpg,1845,1850,5
13615.jpg,1845,1850,5
13620.jpg,1845,1900,55
13625.jpg,1845,1850,5
13630.jpg,1845,1850,5
13635.jpg,1845,1850,5
13640.jpg,1845,1920,75
13645.jpg,1845,1850,5
13650.jpg,1845,1890,45
13655.jpg,1845,1920,75
13660.jpg,1845,1900,55
13665.jpg,1845,1900,55
13670.jpg,1845,1990,145
13675.jpg,1845,1850,5
13680.jpg,1845,1950,105
13685.jpg,1845,-1,-1846
13690.jpg,1845,1850,5
13695.jpg,1845,1920,75
13700.jpg,1845,1890,45
13705.jpg,1845,1850,5
13710.jpg,1845,1900,55
13720.jpg,1845,1930,85
13725.jpg,1845,1920,75
13730.jpg,1845,1900,55
13735.jpg,1845,1850,5
13740.jpg,1845,1950,105
13745.jpg,1845,-1,-1846
13750.jpg,1845,1850,5
13755.jpg,1845,1850,5
13760.jpg,1845,1920,75
13765.jpg,1845,1950,105
13770.jpg,1845,1850,5
13775.jpg,1845,-1,-1846
13780.jpg,1845,-1,-1846
13785.jpg,1845,1950,105
13790.jpg,1845,1850,5
13795.jpg,1845,1920,75
13800.jpg,1845,1930,85
13805.jpg,1846,1850,4
13810.jpg,1846,1870,24
13815.jpg,1846,-1,-1847
13820.jpg,1846,1850,4
13825.jpg,1846,1850,4
13830.jpg,1846,1850,4
13835.jpg,1846,1850,4
13840.jpg,1846,1950,104
13845.jpg,1846,1850,4
13850.jpg,1846,1900,54
13855.jpg,1846,1950,104
13860.jpg,1846,1850,4
13865.jpg,1846,1850,4
13870.jpg,1846,1920,74
13875.jpg,1846,1890,44
13880.jpg,1846,1900,54
13885.jpg,1846,1850,4
13890.jpg,1846,1850,4
13895.jpg,1846,1950,104
13900.jpg,1846,1900,54
13905.jpg,1846,1850,4
13910.jpg,1846,1850,4
13915.jpg,1846,1950,104
13920.jpg,1846,1950,104
13925.jpg,1846,-1,-1847
13930.jpg,1846,1950,104
13935.jpg,1846,1850,4
13940.jpg,1847,1900,53
13945.jpg,1847,1850,3
13950.jpg,1847,1950,103
13955.jpg,1847,1850,3
13960.jpg,1847,1950,103
13965.jpg,1847,1850,3
13970.jpg,1847,1930,83
13975.jpg,1847,1850,3
13980.jpg,1847,1950,103
13985.jpg,1847,1850,3
13990.jpg,1847,1850,3
13995.jpg,1847,1850,3
14000.jpg,1847,1850,3
14005.jpg,1847,1920,73
14010.jpg,1847,1850,3
14015.jpg,1847,1890,43
14020.jpg,1847,1850,3
14030.jpg,1847,1900,53
14035.jpg,1847,1850,3
14040.jpg,1847,1890,43
14045.jpg,1847,1850,3
14050.jpg,1847,1900,53
14055.jpg,1847,1920,73
14060.jpg,1847,1850,3
14065.jpg,1847,1850,3
14070.jpg,1847,1850,3
14075.jpg,1847,1880,33
14080.jpg,1847,1900,53
14085.jpg,1847,1920,73
14090.jpg,1847,1880,33
14095.jpg,1847,1900,53
14100.jpg,1847,1950,103
14105.jpg,1847,1960,113
14110.jpg,1848,1890,42
14115.jpg,1848,1950,102
14120.jpg,1848,1920,72
14125.jpg,1848,1960,112
14130.jpg,1848,1850,2
14135.jpg,1848,1850,2
14140.jpg,1848,-1,-1849
14145.jpg,1848,1850,2
14150.jpg,1848,1850,2
14155.jpg,1848,1850,2
14160.jpg,1848,1850,2
14165.jpg,1848,1850,2
14170.jpg,1848,1900,52
14175.jpg,1848,1890,42
14180.jpg,1848,1890,42
14185.jpg,1848,1850,2
14190.jpg,1848,1950,102
14195.jpg,1848,1890,42
14200.jpg,1848,1900,52
14205.jpg,1848,1890,42
14210.jpg,1848,1850,2
14215.jpg,1848,1890,42
14220.jpg,1848,1850,2
14225.jpg,1848,-1,-1849
14230.jpg,1848,1950,102
14235.jpg,1848,1900,52
14240.jpg,1848,1900,52
14245.jpg,1848,1850,2
14250.jpg,1848,1900,52
14255.jpg,1848,1850,2
14260.jpg,1848,1920,72
14265.jpg,1848,1900,52
14270.jpg,1848,1950,102
14275.jpg,1848,1890,42
14280.jpg,1848,1850,2
14285.jpg,1848,1890,42
14290.jpg,1848,-1,-1849
14295.jpg,1848,1890,42
14300.jpg,1848,-1,-1849
14305.jpg,1848,1920,72
14310.jpg,1848,1920,72
14315.jpg,1848,1950,102
14320.jpg,1848,1850,2
14325.jpg,1848,1850,2
14330.jpg,1848,1920,72
14335.jpg,1848,1920,72
14340.jpg,1849,1850,1
14345.jpg,1849,1850,1
14350.jpg,1849,1850,1
14355.jpg,1849,1850,1
14360.jpg,1849,1980,131
14365.jpg,1849,1950,101
14370.jpg,1849,1850,1
14375.jpg,1849,1930,81
14380.jpg,1849,1850,1
14385.jpg,1849,1850,1
14390.jpg,1849,1850,1
14395.jpg,1849,1950,101
14400.jpg,1849,1850,1
14405.jpg,1849,1950,101
14410.jpg,1849,1950,101
14415.jpg,1849,1900,51
14420.jpg,1849,1830,-19
14425.jpg,1849,1920,71
14430.jpg,1849,1950,101
14435.jpg,1849,1850,1
14440.jpg,1849,1850,1
14445.jpg,1849,1850,1
14450.jpg,1849,1850,1
14455.jpg,1849,1950,101
14460.jpg,1849,1900,51
14465.jpg,1849,1850,1
14470.jpg,1849,1920,71
14475.jpg,1849,1850,1
14480.jpg,1849,1900,51
14485.jpg,1849,1920,71
14490.jpg,1849,1630,-219
14495.jpg,1849,1850,1
14500.jpg,1849,1890,41
14505.jpg,1850,1850,0
14510.jpg,1850,1850,0
14515.jpg,1850,1850,0
14520.jpg,1850,1850,0
14525.jpg,1850,1850,0
14530.jpg,1850,1950,100
14535.jpg,1850,1850,0
14540.jpg,1850,1950,100
14545.jpg,1850,-1,-1851
14550.jpg,1850,1950,100
14555.jpg,1850,1850,0
14560.jpg,1850,1920,70
14565.jpg,1850,1850,0
14570.jpg,1850,1850,0
14575.jpg,1850,1850,0
14580.jpg,1850,1950,100
14585.jpg,1850,1850,0
14590.jpg,1850,1850,0
14600.jpg,1850,1850,0
14605.jpg,1850,1870,20
14610.jpg,1850,1850,0
14615.jpg,1850,1950,100
14620.jpg,1850,1850,0
14625.jpg,1850,1900,50
14630.jpg,1850,1890,40
14635.jpg,1850,1850,0
14640.jpg,1850,1920,70
14645.jpg,1850,1900,50
14650.jpg,1850,1950,100
14655.jpg,1850,-1,-1851
14660.jpg,1850,1850,0
14665.jpg,1850,1850,0
14670.jpg,1850,1850,0
14675.jpg,1850,1850,0
14680.jpg,1850,1920,70
14685.jpg,1850,1950,100
14690.jpg,1850,1850,0
14695.jpg,1850,1850,0
14700.jpg,1850,1950,100
14705.jpg,1850,-1,-1851
14710.jpg,1850,1920,70
14715.jpg,1850,1850,0
14720.jpg,1850,1850,0
14725.jpg,1850,-1,-1851
14730.jpg,1850,1930,80
14735.jpg,1850,1950,100
14740.jpg,1850,-1,-1851
14745.jpg,1850,1900,50
14750.jpg,1850,1850,0
14755.jpg,1850,1950,100
14760.jpg,1850,1850,0
14765.jpg,1850,1920,70
14770.jpg,1850,1850,0
14775.jpg,1850,1930,80
14780.jpg,1850,1850,0
14785.jpg,1851,1850,-1
14790.jpg,1851,1850,-1
14795.jpg,1851,1950,99
14800.jpg,1851,1850,-1
14805.jpg,1851,1950,99
14810.jpg,1851,-1,-1852
14815.jpg,1851,1850,-1
14820.jpg,1851,1890,39
14825.jpg,1851,1900,49
14830.jpg,1851,1880,29
14835.jpg,1851,1850,-1
14840.jpg,1851,1850,-1
14845.jpg,1851,1900,49
14850.jpg,1851,1950,99
14855.jpg,1851,1950,99
14860.jpg,1851,1900,49
14865.jpg,1851,1850,-1
14870.jpg,1851,1920,69
14880.jpg,1851,1850,-1
14885.jpg,1851,1850,-1
14890.jpg,1851,1850,-1
14895.jpg,1851,1850,-1
14900.jpg,1851,1850,-1
14905.jpg,1851,1900,49
14910.jpg,1851,1850,-1
14915.jpg,1851,1900,49
14920.jpg,1851,1850,-1
14925.jpg,1851,1880,29
14930.jpg,1851,-1,-1852
14935.jpg,1851,1850,-1
14940.jpg,1851,1830,-21
14945.jpg,1852,1850,-2
14950.jpg,1852,-1,-1853
14955.jpg,1852,1850,-2
14960.jpg,1852,1920,68
14965.jpg,1852,1850,-2
14970.jpg,1852,1850,-2
14975.jpg,1852,1850,-2
14980.jpg,1852,1850,-2
14985.jpg,1852,1850,-2
14990.jpg,1852,1850,-2
14995.jpg,1852,1920,68
15000.jpg,1852,1950,98
15005.jpg,1852,1900,48
15010.jpg,1852,1950,98
15015.jpg,1852,1850,-2
15020.jpg,1852,1850,-2
15025.jpg,1852,1890,38
15030.jpg,1852,1850,-2
15035.jpg,1852,1850,-2
15040.jpg,1852,1900,48
15045.jpg,1852,1850,-2
15050.jpg,1852,1850,-2
15055.jpg,1852,1850,-2
15060.jpg,1852,1920,68
15065.jpg,1852,1900,48
15070.jpg,1852,1880,28
15075.jpg,1852,1850,-2
15080.jpg,1852,1900,48
15085.jpg,1852,1920,68
15090.jpg,1852,1900,48
15095.jpg,1852,1890,38
15100.jpg,1852,1850,-2
15105.jpg,1852,1850,-2
15110.jpg,1852,-1,-1853
15115.jpg,1852,1850,-2
15120.jpg,1852,1920,68
15125.jpg,1852,1850,-2
15130.jpg,1852,1900,48
15135.jpg,1853,1850,-3
15140.jpg,1853,1850,-3
15145.jpg,1853,1950,97
15150.jpg,1853,1890,37
15155.jpg,1853,1850,-3
15160.jpg,1853,1850,-3
15165.jpg,1853,1950,97
15170.jpg,1853,1850,-3
15175.jpg,1853,1850,-3
15180.jpg,1853,1850,-3
15185.jpg,1853,1850,-3
15190.jpg,1853,-1,-1854
15195.jpg,1853,-1,-1854
15200.jpg,1853,-1,-1854
15205.jpg,1853,1850,-3
15210.jpg,1853,1950,97
15215.jpg,1853,1850,-3
15220.jpg,1853,1950,97
15225.jpg,1853,1850,-3
15230.jpg,1853,1920,67
15235.jpg,1853,1850,-3
15240.jpg,1853,1890,37
15245.jpg,1853,1920,67
15250.jpg,1853,1950,97
15255.jpg,1853,1850,-3
15260.jpg,1853,1950,97
15265.jpg,1853,1850,-3
15270.jpg,1853,1880,27
15275.jpg,1853,1950,97
15280.jpg,1853,1950,97
15285.jpg,1853,1920,67
15290.jpg,1853,1850,-3
15295.jpg,1853,1950,97
15300.jpg,1853,1920,67
15305.jpg,1853,1850,-3
15310.jpg,1853,1950,97
15315.jpg,1853,1900,47
15320.jpg,1853,1920,67
15325.jpg,1853,1850,-3
15330.jpg,1853,1850,-3
15335.jpg,1853,1850,-3
15340.jpg,1853,1850,-3
15345.jpg,1853,1850,-3
15350.jpg,1853,-1,-1854
15355.jpg,1854,1900,46
15360.jpg,1854,1950,96
15365.jpg,1854,1850,-4
15370.jpg,1854,1880,26
15375.jpg,1854,-1,-1855
15380.jpg,1854,1850,-4
15385.jpg,1854,1200,-654
15390.jpg,1854,1850,-4
15395.jpg,1854,-1,-1855
15400.jpg,1854,1850,-4
15405.jpg,1854,1850,-4
15410.jpg,1854,1850,-4
15415.jpg,1854,1850,-4
15420.jpg,1854,1950,96
15425.jpg,1854,1850,-4
15430.jpg,1854,1890,36
15435.jpg,1854,1950,96
15440.jpg,1854,1850,-4
15445.jpg,1854,1890,36
15450.jpg,1855,1850,-5
15455.jpg,1855,1920,65
15460.jpg,1855,1930,75
15465.jpg,1855,1850,-5
15470.jpg,1855,-1,-1856
15475.jpg,1855,1950,95
15480.jpg,1855,1950,95
15485.jpg,1855,1950,95
15490.jpg,1855,-1,-1856
15495.jpg,1855,1950,95
15500.jpg,1855,1850,-5
15505.jpg,1855,1850,-5
15510.jpg,1855,-1,-1856
15515.jpg,1855,-1,-1856
15520.jpg,1855,1890,35
15525.jpg,1855,1900,45
15530.jpg,1855,1920,65
15535.jpg,1855,1850,-5
15540.jpg,1855,1890,35
15545.jpg,1855,1850,-5
15550.jpg,1855,1900,45
15555.jpg,1855,1890,35
15560.jpg,1855,1850,-5
15565.jpg,1855,1900,45
15570.jpg,1855,1950,95
15575.jpg,1855,1850,-5
15580.jpg,1855,1950,95
15585.jpg,1855,1930,75
15590.jpg,1855,1950,95
15595.jpg,1855,1850,-5
15600.jpg,1855,1890,35
15605.jpg,1855,1950,95
15610.jpg,1855,1850,-5
15615.jpg,1855,1850,-5
15620.jpg,1855,1950,95
15625.jpg,1855,1950,95
15630.jpg,1855,1850,-5
15635.jpg,1855,1850,-5
15640.jpg,1855,-1,-1856
15645.jpg,1855,1900,45
15650.jpg,1855,1950,95
15655.jpg,1855,1850,-5
15660.jpg,1855,1890,35
15665.jpg,1855,1890,35
15670.jpg,1855,1850,-5
15675.jpg,1855,1890,35
15680.jpg,1855,1950,95
15685.jpg,1855,1900,45
15690.jpg,1855,1920,65
15695.jpg,1855,-1,-1856
15705.jpg,1856,1800,-56
15710.jpg,1856,1850,-6
15715.jpg,1856,1920,64
15720.jpg,1856,1950,94
15725.jpg,1856,1920,64
15730.jpg,1856,1890,34
15735.jpg,1856,1850,-6
15740.jpg,1856,1850,-6
15745.jpg,1856,1850,-6
15750.jpg,1856,1200,-656
15755.jpg,1856,1850,-6
15760.jpg,1856,-1,-1857
15765.jpg,1856,1850,-6
15770.jpg,1856,1850,-6
15775.jpg,1856,1850,-6
15780.jpg,1856,1850,-6
15785.jpg,1856,1850,-6
15795.jpg,1856,1850,-6
15800.jpg,1856,1950,94
15805.jpg,1856,1850,-6
15810.jpg,1856,1890,34
15815.jpg,1856,1850,-6
15820.jpg,1856,1850,-6
15825.jpg,1856,1890,34
15830.jpg,1856,1950,94
15835.jpg,1856,1850,-6
15840.jpg,1856,1850,-6
15845.jpg,1856,1920,64
15850.jpg,1856,1850,-6
15855.jpg,1856,1850,-6
15860.jpg,1856,1900,44
15865.jpg,1856,1850,-6
15870.jpg,1856,1850,-6
15875.jpg,1856,1920,64
15880.jpg,1856,1920,64
15885.jpg,1856,1870,14
15890.jpg,1856,1850,-6
15895.jpg,1856,1920,64
15900.jpg,1856,1950,94
15905.jpg,1856,1850,-6
15910.jpg,1856,1950,94
15915.jpg,1856,1850,-6
15920.jpg,1856,1850,-6
15930.jpg,1856,1950,94
15935.jpg,1856,1920,64
15940.jpg,1856,1850,-6
15945.jpg,1856,1850,-6
15950.jpg,1856,1890,34
15955.jpg,1856,1900,44
15960.jpg,1856,1850,-6
15965.jpg,1856,-1,-1857
15970.jpg,1856,1950,94
15975.jpg,1856,1850,-6
15980.jpg,1857,1850,-7
15985.jpg,1857,1850,-7
15990.jpg,1857,1960,103
15995.jpg,1857,1850,-7
16000.jpg,1857,1890,33
16005.jpg,1857,1850,-7
16010.jpg,1857,1600,-257
16015.jpg,1857,1850,-7
16020.jpg,1857,-1,-1858
16025.jpg,1857,1950,93
16030.jpg,1857,1950,93
16035.jpg,1857,1850,-7
16040.jpg,1857,1950,93
16045.jpg,1857,-1,-1858
16050.jpg,1857,1850,-7
16055.jpg,1857,1850,-7
16060.jpg,1857,1850,-7
16065.jpg,1857,1850,-7
16070.jpg,1857,-1,-1858
16075.jpg,1857,1950,93
16080.jpg,1857,1920,63
16085.jpg,1857,1900,43
16090.jpg,1857,1900,43
16095.jpg,1857,1900,43
16100.jpg,1857,1850,-7
16105.jpg,1857,1850,-7
16110.jpg,1857,1950,93
16115.jpg,1857,1920,63
16120.jpg,1857,-1,-1858
16125.jpg,1857,1920,63
16130.jpg,1857,1950,93
16135.jpg,1857,1900,43
16140.jpg,1857,1850,-7
16145.jpg,1857,1950,93
16150.jpg,1857,1890,33
16155.jpg,1857,-1,-1858
16160.jpg,1857,1850,-7
16165.jpg,1857,-1,-1858
16170.jpg,1857,1890,33
16175.jpg,1857,1950,93
16180.jpg,1857,1900,43
16185.jpg,1857,1950,93
16190.jpg,1857,1850,-7
16195.jpg,1857,1900,43
16200.jpg,1857,1850,-7
16205.jpg,1857,1950,93
16210.jpg,1857,1850,-7
16215.jpg,1857,1950,93
16220.jpg,1857,1900,43
16225.jpg,1857,-1,-1858
16230.jpg,1857,1920,63
16235.jpg,1858,1890,32
16240.jpg,1858,1950,92
16245.jpg,1858,1850,-8
16250.jpg,1858,1890,32
16255.jpg,1858,1890,32
16260.jpg,1858,1850,-8
16265.jpg,1858,1850,-8
16270.jpg,1858,1850,-8
16275.jpg,1858,1850,-8
16280.jpg,1858,1920,62
16285.jpg,1858,-1,-1859
16290.jpg,1858,-1,-1859
16295.jpg,1858,-1,-1859
16300.jpg,1858,1870,12
16305.jpg,1858,-1,-1859
16310.jpg,1858,-1,-1859
16315.jpg,1858,1850,-8
16320.jpg,1858,1850,-8
16325.jpg,1858,1920,62
16330.jpg,1858,1950,92
16335.jpg,1858,1880,22
16340.jpg,1858,1850,-8
16345.jpg,1858,1920,62
16350.jpg,1858,1850,-8
16355.jpg,1858,1890,32
16360.jpg,1858,1890,32
16365.jpg,1858,1920,62
16370.jpg,1858,1850,-8
16375.jpg,1858,1890,32
16380.jpg,1858,1890,32
16385.jpg,1858,1920,62
16390.jpg,1858,-1,-1859
16395.jpg,1858,1850,-8
16400.jpg,1858,1850,-8
16405.jpg,1858,1950,92
16410.jpg,1858,1850,-8
16415.jpg,1858,1890,32
16420.jpg,1858,1850,-8
16425.jpg,1858,1900,42
16430.jpg,1858,1950,92
16435.jpg,1858,1950,92
16440.jpg,1858,1850,-8
16445.jpg,1858,1850,-8
16450.jpg,1858,1850,-8
16455.jpg,1858,1890,32
16460.jpg,1858,1850,-8
16465.jpg,1858,-1,-1859
16470.jpg,1858,1850,-8
16475.jpg,1858,1850,-8
16480.jpg,1858,1950,92
16485.jpg,1858,1920,62
16490.jpg,1859,1800,-59
16495.jpg,1859,1890,31
16505.jpg,1859,1859,0
16510.jpg,1859,1850,-9
16515.jpg,1859,1850,-9
16520.jpg,1859,-1,-1860
16525.jpg,1859,1850,-9
16530.jpg,1859,1850,-9
16535.jpg,1859,1920,61
16540.jpg,1859,1850,-9
16545.jpg,1859,1950,91
16550.jpg,1859,1850,-9
16555.jpg,1859,-1,-1860
16560.jpg,1859,1850,-9
16565.jpg,1859,1850,-9
16570.jpg,1859,1850,-9
16575.jpg,1859,1890,31
16580.jpg,1859,1880,21
16585.jpg,1859,1850,-9
16590.jpg,1859,1850,-9
16595.jpg,1859,1890,31
16600.jpg,1859,1950,91
16605.jpg,1859,1900,41
16610.jpg,1859,1900,41
16615.jpg,1859,1900,41
16620.jpg,1859,1850,-9
16625.jpg,1859,1950,91
16630.jpg,1859,1920,61
16635.jpg,1859,1890,31
16640.jpg,1859,1850,-9
16645.jpg,1859,1850,-9
16650.jpg,1859,1890,31
16655.jpg,1859,1890,31
16660.jpg,1859,1850,-9
16665.jpg,1859,1950,91
16670.jpg,1859,1880,21
16675.jpg,1859,1850,-9
16680.jpg,1859,1850,-9
16685.jpg,1859,1890,31
16690.jpg,1859,1850,-9
16695.jpg,1859,1850,-9
16700.jpg,1859,1920,61
16705.jpg,1859,1920,61
16710.jpg,1859,1850,-9
16715.jpg,1859,-1,-1860
16720.jpg,1859,1890,31
16725.jpg,1859,1890,31
16730.jpg,1859,1850,-9
16735.jpg,1860,1850,-10
16740.jpg,1860,1850,-10
16745.jpg,1860,1850,-10
16750.jpg,1860,1950,90
16755.jpg,1860,1850,-10
16760.jpg,1860,1900,40
16765.jpg,1860,-1,-1861
16770.jpg,1860,1850,-10
16775.jpg,1860,1850,-10
16785.jpg,1860,1850,-10
16790.jpg,1860,-1,-1861
16795.jpg,1860,1850,-10
16800.jpg,1860,1880,20
16805.jpg,1860,1900,40
16810.jpg,1860,1890,30
16815.jpg,1860,1950,90
16820.jpg,1860,1950,90
16825.jpg,1860,1950,90
16830.jpg,1860,1900,40
16835.jpg,1860,1920,60
16840.jpg,1860,1850,-10
16845.jpg,1860,1920,60
16850.jpg,1860,1900,40
16855.jpg,1860,1950,90
16860.jpg,1860,1850,-10
16865.jpg,1860,1950,90
16870.jpg,1860,1850,-10
16875.jpg,1860,1850,-10
16880.jpg,1860,1950,90
16885.jpg,1860,1850,-10
16890.jpg,1860,1850,-10
16895.jpg,1860,1950,90
16900.jpg,1860,1920,60
16905.jpg,1860,1950,90
16910.jpg,1860,1850,-10
16915.jpg,1860,1950,90
16920.jpg,1860,1850,-10
16925.jpg,1860,1900,40
16930.jpg,1860,1890,30
16935.jpg,1860,1890,30
16940.jpg,1860,1890,30
16945.jpg,1860,1920,60
16950.jpg,1860,1850,-10
16955.jpg,1860,1850,-10
16960.jpg,1860,1850,-10
16965.jpg,1860,1850,-10
16970.jpg,1860,1920,60
16975.jpg,1860,1850,-10
16980.jpg,1860,-1,-1861
16985.jpg,1860,1900,40
16990.jpg,1860,-1,-1861
16995.jpg,1860,-1,-1861
17000.jpg,1860,1850,-10
17005.jpg,1861,1900,39
17010.jpg,1861,1900,39
17015.jpg,1861,-1,-1862
17025.jpg,1861,1850,-11
17030.jpg,1861,1850,-11
17035.jpg,1861,-1,-1862
17040.jpg,1861,1850,-11
17045.jpg,1861,1850,-11
17050.jpg,1861,1850,-11
17055.jpg,1861,1850,-11
17060.jpg,1861,1950,89
17065.jpg,1861,1850,-11
17070.jpg,1861,1850,-11
17075.jpg,1861,1850,-11
17080.jpg,1861,1890,29
17085.jpg,1861,1850,-11
17090.jpg,1861,1850,-11
17095.jpg,1861,1890,29
17100.jpg,1861,1900,39
17105.jpg,1861,1950,89
17110.jpg,1861,1880,19
17115.jpg,1861,1850,-11
17120.jpg,1861,1890,29
17125.jpg,1861,1850,-11
17130.jpg,1861,1850,-11
17135.jpg,1861,1200,-661
17140.jpg,1861,1850,-11
17145.jpg,1861,1850,-11
17150.jpg,1861,1850,-11
17155.jpg,1861,-1,-1862
17160.jpg,1861,1900,39
17165.jpg,1861,1900,39
17170.jpg,1861,1900,39
17175.jpg,1862,1850,-12
17180.jpg,1862,1850,-12
17185.jpg,1862,1865,3
17190.jpg,1862,1850,-12
17195.jpg,1862,2010,148
17200.jpg,1862,1850,-12
17205.jpg,1862,-1,-1863
17210.jpg,1862,1850,-12
17215.jpg,1862,1850,-12
17220.jpg,1862,1850,-12
17225.jpg,1862,1850,-12
17230.jpg,1862,1890,28
17235.jpg,1862,1870,8
17240.jpg,1862,1850,-12
17245.jpg,1862,1950,88
17250.jpg,1862,1920,58
17255.jpg,1862,1850,-12
17260.jpg,1862,1850,-12
17265.jpg,1862,1850,-12
17270.jpg,1862,1900,38
17275.jpg,1862,1950,88
17280.jpg,1862,1880,18
17285.jpg,1862,1950,88
17290.jpg,1862,-1,-1863
17295.jpg,1862,1950,88
17300.jpg,1862,1890,28
17305.jpg,1862,-1,-1863
17310.jpg,1862,1950,88
17315.jpg,1862,1950,88
17320.jpg,1862,1900,38
17325.jpg,1863,1850,-13
17330.jpg,1863,1850,-13
17340.jpg,1863,1950,87
17345.jpg,1863,1850,-13
17350.jpg,1863,1850,-13
17355.jpg,1863,1850,-13
17365.jpg,1863,1850,-13
17370.jpg,1863,1950,87
17375.jpg,1863,1850,-13
17380.jpg,1863,1850,-13
17385.jpg,1863,1950,87
17390.jpg,1863,1850,-13
17395.jpg,1863,1850,-13
17400.jpg,1863,1950,87
17405.jpg,1863,1900,37
17410.jpg,1863,1880,17
17415.jpg,1863,1880,17
17420.jpg,1863,1920,57
17425.jpg,1863,1850,-13
17430.jpg,1863,1900,37
17435.jpg,1863,1950,87
17440.jpg,1863,1950,87
17445.jpg,1863,1850,-13
17450.jpg,1863,1890,27
17455.jpg,1863,-1,-1864
17460.jpg,1863,1850,-13
17465.jpg,1863,1890,27
17470.jpg,1863,1850,-13
17475.jpg,1863,-1,-1864
17480.jpg,1863,1850,-13
17485.jpg,1864,1920,56
17490.jpg,1864,1850,-14
17495.jpg,1864,1920,56
17500.jpg,1864,1950,86
17505.jpg,1864,1920,56
17510.jpg,1864,1890,26
17515.jpg,1864,1920,56
17520.jpg,1864,1850,-14
17525.jpg,1864,1850,-14
17530.jpg,1864,1950,86
17535.jpg,1864,1950,86
17540.jpg,1864,1850,-14
17545.jpg,1864,-1,-1865
17550.jpg,1864,-1,-1865
17555.jpg,1864,1900,36
17560.jpg,1864,1900,36
17565.jpg,1864,1850,-14
17575.jpg,1864,1890,26
17580.jpg,1864,1850,-14
17585.jpg,1864,1890,26
17590.jpg,1864,1960,96
17595.jpg,1864,1850,-14
17600.jpg,1864,1500,-364
17605.jpg,1864,1900,36
17610.jpg,1864,1950,86
17615.jpg,1864,1850,-14
17620.jpg,1864,1850,-14
17625.jpg,1864,-1,-1865
17630.jpg,1864,-1,-1865
17635.jpg,1864,1850,-14
17640.jpg,1864,-1,-1865
17645.jpg,1864,1890,26
17650.jpg,1864,1850,-14
17655.jpg,1864,1890,26
17660.jpg,1865,1879,14
17665.jpg,1865,1850,-15
17670.jpg,1865,1950,85
17675.jpg,1865,1850,-15
17680.jpg,1865,1920,55
17690.jpg,1865,1920,55
17695.jpg,1865,1850,-15
17700.jpg,1865,1500,-365
17705.jpg,1865,-1,-1866
17710.jpg,1865,1850,-15
17715.jpg,1865,1890,25
17720.jpg,1865,1950,85
17725.jpg,1865,1850,-15
17730.jpg,1865,1850,-15
17735.jpg,1865,1850,-15
17745.jpg,1865,1850,-15
17750.jpg,1865,1890,25
17755.jpg,1865,1850,-15
17760.jpg,1865,1950,85
17765.jpg,1865,1850,-15
17770.jpg,1865,1950,85
17775.jpg,1865,1890,25
17780.jpg,1865,1950,85
17785.jpg,1865,1850,-15
17790.jpg,1865,1950,85
17795.jpg,1865,1900,35
17800.jpg,1865,1950,85
17805.jpg,1865,1900,35
17810.jpg,1865,1850,-15
17815.jpg,1865,1900,35
17820.jpg,1865,1920,55
17825.jpg,1865,1850,-15
17830.jpg,1865,1890,25
17835.jpg,1865,-1,-1866
17840.jpg,1865,1920,55
17845.jpg,1865,1890,25
17850.jpg,1865,1850,-15
17855.jpg,1865,1890,25
17860.jpg,1865,1890,25
17865.jpg,1865,1850,-15
17870.jpg,1865,1890,25
17875.jpg,1865,1850,-15
17880.jpg,1865,1850,-15
17885.jpg,1865,1950,85
17890.jpg,1865,1850,-15
17895.jpg,1865,1950,85
17900.jpg,1865,1850,-15
17905.jpg,1865,1850,-15
17910.jpg,1865,1850,-15
17915.jpg,1865,1890,25
17920.jpg,1865,-1,-1866
17930.jpg,1865,1850,-15
17935.jpg,1866,1850,-16
17940.jpg,1866,1900,34
17945.jpg,1866,1930,64
17950.jpg,1866,1850,-16
17955.jpg,1866,1960,94
17960.jpg,1866,1850,-16
17965.jpg,1866,1850,-16
17970.jpg,1866,1850,-16
17975.jpg,1866,1850,-16
17980.jpg,1866,1850,-16
17985.jpg,1866,1850,-16
17990.jpg,1866,1850,-16
17995.jpg,1866,1850,-16
18000.jpg,1866,1850,-16
18005.jpg,1866,1880,14
18010.jpg,1866,1900,34
18015.jpg,1866,1950,84
18020.jpg,1866,1920,54
18025.jpg,1866,1890,24
18030.jpg,1866,1850,-16
18035.jpg,1866,1900,34
18040.jpg,1866,1920,54
18045.jpg,1866,1920,54
18050.jpg,1866,1850,-16
18055.jpg,1866,1900,34
18060.jpg,1866,1850,-16
18065.jpg,1866,1850,-16
18070.jpg,1866,1850,-16
18075.jpg,1866,1850,-16
18080.jpg,1866,1850,-16
18085.jpg,1866,1850,-16
18090.jpg,1866,1950,84
18095.jpg,1866,1850,-16
18100.jpg,1866,1920,54
18105.jpg,1866,1920,54
18110.jpg,1866,1890,24
18115.jpg,1866,1950,84
18120.jpg,1866,1950,84
18125.jpg,1866,1850,-16
18130.jpg,1866,1920,54
18135.jpg,1867,1850,-17
18140.jpg,1867,-1,-1868
18145.jpg,1867,1950,83
18160.jpg,1867,1850,-17
18165.jpg,1867,1850,-17
18170.jpg,1867,1850,-17
18175.jpg,1867,1920,53
18180.jpg,1867,1950,83
18185.jpg,1867,1850,-17
18190.jpg,1867,1950,83
18195.jpg,1867,1950,83
18200.jpg,1867,1850,-17
18205.jpg,1867,1850,-17
18210.jpg,1867,1850,-17
18215.jpg,1867,1850,-17
18220.jpg,1867,1950,83
18225.jpg,1867,1920,53
18230.jpg,1867,1970,103
18235.jpg,1867,1950,83
18240.jpg,1867,1850,-17
18245.jpg,1867,1890,23
18250.jpg,1867,1890,23
18255.jpg,1867,-1,-1868
18260.jpg,1867,1850,-17
18265.jpg,1867,1880,13
18270.jpg,1867,1850,-17
18275.jpg,1867,1850,-17
18280.jpg,1867,1920,53
18285.jpg,1867,1850,-17
18290.jpg,1867,1880,13
18295.jpg,1867,1850,-17
18300.jpg,1867,1850,-17
18305.jpg,1867,1920,53
18310.jpg,1867,1850,-17
18315.jpg,1867,1850,-17
18320.jpg,1867,1850,-17
18325.jpg,1867,1850,-17
18330.jpg,1867,1880,13
18335.jpg,1867,1900,33
18340.jpg,1867,1850,-17
18345.jpg,1867,1920,53
18350.jpg,1867,1200,-667
18355.jpg,1867,1850,-17
18360.jpg,1867,1850,-17
18365.jpg,1868,-1,-1869
18370.jpg,1868,1850,-18
18380.jpg,1868,1850,-18
18385.jpg,1868,1890,22
18390.jpg,1868,1850,-18
18395.jpg,1868,1920,52
18400.jpg,1868,1950,82
18405.jpg,1868,1850,-18
18410.jpg,1868,1850,-18
18415.jpg,1868,1850,-18
18420.jpg,1868,1850,-18
18425.jpg,1868,1850,-18
18430.jpg,1868,1960,92
18450.jpg,1868,1850,-18
18455.jpg,1868,1850,-18
18460.jpg,1868,1900,32
18465.jpg,1868,1890,22
18470.jpg,1868,1880,12
18475.jpg,1868,1850,-18
18480.jpg,1868,1880,12
18485.jpg,1868,1880,12
18490.jpg,1868,1950,82
18495.jpg,1868,1920,52
18500.jpg,1868,1850,-18
18505.jpg,1868,1880,12
18510.jpg,1868,1890,22
18515.jpg,1868,1850,-18
18520.jpg,1868,1850,-18
18525.jpg,1868,1880,12
18530.jpg,1868,1850,-18
18535.jpg,1868,1890,22
18540.jpg,1868,1890,22
18545.jpg,1868,1890,22
18550.jpg,1868,1890,22
18555.jpg,1868,1850,-18
18560.jpg,1868,1950,82
18565.jpg,1868,1890,22
18570.jpg,1868,1890,22
18575.jpg,1868,1890,22
18580.jpg,1868,1950,82
18585.jpg,1868,1960,92
18590.jpg,1868,-1,-1869
18595.jpg,1868,1850,-18
18600.jpg,1868,1850,-18
18605.jpg,1868,1850,-18
18610.jpg,1868,1850,-18
18615.jpg,1868,1890,22
18620.jpg,1869,1850,-19
18625.jpg,1869,1868,-1
18630.jpg,1869,1850,-19
18635.jpg,1869,1850,-19
18640.jpg,1869,1890,21
18645.jpg,1869,1900,31
18650.jpg,1869,1850,-19
18655.jpg,1869,-1,-1870
18660.jpg,1869,1850,-19
18665.jpg,1869,1950,81
18670.jpg,1869,1850,-19
18675.jpg,1869,1950,81
18680.jpg,1869,1850,-19
18685.jpg,1869,1920,51
18690.jpg,1869,1850,-19
18695.jpg,1869,1850,-19
18700.jpg,1869,1880,11
18710.jpg,1869,1900,31
18715.jpg,1869,1900,31
18720.jpg,1869,1890,21
18725.jpg,1869,-1,-1870
18730.jpg,1869,1890,21
18735.jpg,1869,1890,21
18740.jpg,1869,1900,31
18745.jpg,1869,1850,-19
18750.jpg,1869,1850,-19
18755.jpg,1869,1890,21
18760.jpg,1869,1880,11
18765.jpg,1869,1850,-19
18770.jpg,1869,1850,-19
18775.jpg,1869,1890,21
18780.jpg,1869,1950,81
18785.jpg,1869,1890,21
18790.jpg,1869,1890,21
18795.jpg,1869,1850,-19
18800.jpg,1869,1850,-19
18805.jpg,1869,-1,-1870
18810.jpg,1869,-1,-1870
18815.jpg,1869,1890,21
18820.jpg,1869,-1,-1870
18825.jpg,1869,1890,21
18830.jpg,1869,1920,51
18835.jpg,1869,1920,51
18840.jpg,1870,1850,-20
18845.jpg,1870,1850,-20
18850.jpg,1870,1890,20
18855.jpg,1870,1850,-20
18860.jpg,1870,1890,20
18865.jpg,1870,1950,80
18870.jpg,1870,1920,50
18875.jpg,1870,1920,50
18880.jpg,1870,1950,80
18885.jpg,1870,1850,-20
18895.jpg,1870,1850,-20
18900.jpg,1870,1850,-20
18905.jpg,1870,1950,80
18910.jpg,1870,1950,80
18915.jpg,1870,1850,-20
18920.jpg,1870,1850,-20
18925.jpg,1870,1850,-20
18930.jpg,1870,-1,-1871
18935.jpg,1870,1920,50
18940.jpg,1870,1890,20
18945.jpg,1870,1960,90
18950.jpg,1870,-1,-1871
18955.jpg,1870,1900,30
18960.jpg,1870,1920,50
18965.jpg,1870,1950,80
18970.jpg,1870,1880,10
18980.jpg,1870,1900,30
18985.jpg,1870,1890,20
18990.jpg,1870,1920,50
18995.jpg,1870,1890,20
19000.jpg,1870,1950,80
19005.jpg,1870,1850,-20
19010.jpg,1870,1850,-20
19015.jpg,1870,1920,50
19020.jpg,1870,1850,-20
19025.jpg,1870,1850,-20
19030.jpg,1870,1920,50
19035.jpg,1870,1890,20
19040.jpg,1870,1950,80
19045.jpg,1870,1850,-20
19050.jpg,1870,1900,30
19055.jpg,1870,1890,20
19060.jpg,1870,1890,20
19065.jpg,1870,1920,50
19070.jpg,1870,1900,30
19075.jpg,1870,1900,30
19080.jpg,1870,1950,80
19085.jpg,1870,1850,-20
19090.jpg,1870,1970,100
19100.jpg,1870,1920,50
19105.jpg,1870,1900,30
19110.jpg,1870,1950,80
19115.jpg,1870,1920,50
19120.jpg,1870,1900,30
19125.jpg,1870,1950,80
19130.jpg,1870,1850,-20
19135.jpg,1870,1850,-20
19140.jpg,1870,1850,-20
19145.jpg,1871,1800,-71
19150.jpg,1871,1850,-21
19155.jpg,1871,1900,29
19160.jpg,1871,1850,-21
19165.jpg,1871,1920,49
19170.jpg,1871,1894,23
19175.jpg,1871,1920,49
19180.jpg,1871,1900,29
19185.jpg,1871,1850,-21
19190.jpg,1871,1850,-21
19195.jpg,1871,-1,-1872
19200.jpg,1871,1950,79
19205.jpg,1871,1960,89
19210.jpg,1871,1850,-21
19215.jpg,1871,1850,-21
19220.jpg,1871,1850,-21
19225.jpg,1871,1850,-21
19230.jpg,1871,1850,-21
19235.jpg,1871,-1,-1872
19240.jpg,1871,1850,-21
19245.jpg,1871,1880,9
19250.jpg,1871,1890,19
19255.jpg,1871,1890,19
19260.jpg,1871,1850,-21
19265.jpg,1871,1850,-21
19270.jpg,1871,1950,79
19275.jpg,1871,1890,19
19280.jpg,1871,1920,49
19285.jpg,1871,1850,-21
19290.jpg,1871,1850,-21
19295.jpg,1871,1850,-21
19300.jpg,1871,1920,49
19305.jpg,1871,1950,79
19310.jpg,1871,1950,79
19315.jpg,1871,1850,-21
19320.jpg,1871,1890,19
19325.jpg,1871,1850,-21
19330.jpg,1871,1890,19
19335.jpg,1871,1890,19
19340.jpg,1871,1890,19
19345.jpg,1871,1870,-1
19350.jpg,1871,1850,-21
19355.jpg,1871,1890,19
19360.jpg,1871,1920,49
19365.jpg,1871,1850,-21
19370.jpg,1871,1880,9
19375.jpg,1871,1850,-21
19380.jpg,1871,1890,19
19385.jpg,1871,1890,19
19390.jpg,1871,1850,-21
19395.jpg,1872,1850,-22
19400.jpg,1872,1920,48
19405.jpg,1872,1850,-22
19410.jpg,1872,1850,-22
19415.jpg,1872,1850,-22
19420.jpg,1872,1850,-22
19425.jpg,1872,1950,78
19430.jpg,1872,-1,-1873
19435.jpg,1872,1850,-22
19440.jpg,1872,1880,8
19445.jpg,1872,-1,-1873
19450.jpg,1872,1850,-22
19455.jpg,1872,-1,-1873
19460.jpg,1872,-1,-1873
19465.jpg,1872,-1,-1873
19470.jpg,1872,1850,-22
19475.jpg,1872,1850,-22
19480.jpg,1872,1850,-22
19485.jpg,1872,1950,78
19490.jpg,1872,-1,-1873
19495.jpg,1872,1850,-22
19500.jpg,1872,-1,-1873
19505.jpg,1872,1850,-22
19510.jpg,1872,-1,-1873
19515.jpg,1872,1850,-22
19520.jpg,1872,1950,78
19525.jpg,1872,1850,-22
19530.jpg,1872,1890,18
19535.jpg,1872,1850,-22
19540.jpg,1872,1950,78
19545.jpg,1872,1890,18
19550.jpg,1872,1890,18
19555.jpg,1872,1850,-22
19560.jpg,1872,1890,18
19565.jpg,1872,1850,-22
19570.jpg,1872,1890,18
19575.jpg,1872,1850,-22
19580.jpg,1872,1890,18
19585.jpg,1872,1850,-22
19590.jpg,1872,1850,-22
19595.jpg,1872,1950,78
19600.jpg,1872,1850,-22
19605.jpg,1872,1850,-22
19610.jpg,1872,1880,8
19615.jpg,1872,1900,28
19620.jpg,1872,1850,-22
19625.jpg,1872,1920,48
19630.jpg,1872,1950,78
19635.jpg,1872,1850,-22
19640.jpg,1872,1850,-22
19645.jpg,1872,1850,-22
19655.jpg,1873,1800,-73
19660.jpg,1873,1850,-23
19665.jpg,1873,1930,57
19670.jpg,1873,1850,-23
19675.jpg,1873,1850,-23
19680.jpg,1873,1850,-23
19685.jpg,1873,1850,-23
19690.jpg,1873,1990,117
19695.jpg,1873,1920,47
19700.jpg,1873,1850,-23
19705.jpg,1873,1920,47
19710.jpg,1873,1850,-23
19715.jpg,1873,1850,-23
19720.jpg,1873,1900,27
19725.jpg,1873,1950,77
19730.jpg,1873,1950,77
19735.jpg,1873,1850,-23
19740.jpg,1873,1950,77
19745.jpg,1873,1850,-23
19750.jpg,1873,1850,-23
19755.jpg,1873,1850,-23
19760.jpg,1873,1850,-23
19765.jpg,1873,-1,-1874
19775.jpg,1873,1850,-23
19780.jpg,1873,1850,-23
19785.jpg,1873,1900,27
19790.jpg,1873,1950,77
19795.jpg,1873,1890,17
19800.jpg,1873,1850,-23
19805.jpg,1873,1850,-23
19810.jpg,1873,1880,7
19815.jpg,1873,1890,17
19820.jpg,1873,1890,17
19825.jpg,1873,1900,27
19830.jpg,1873,1890,17
19835.jpg,1873,1920,47
19840.jpg,1873,1850,-23
19845.jpg,1873,1950,77
19850.jpg,1873,1890,17
19855.jpg,1873,1890,17
19860.jpg,1873,1880,7
19865.jpg,1873,1880,7
19870.jpg,1873,1890,17
19875.jpg,1873,1950,77
19880.jpg,1873,1890,17
19885.jpg,1873,1900,27
19890.jpg,1873,1890,17
19895.jpg,1873,1950,77
19900.jpg,1873,1890,17
19905.jpg,1873,-1,-1874
19910.jpg,1873,1990,117
19915.jpg,1874,-1,-1875
19920.jpg,1874,1900,26
19925.jpg,1874,1850,-24
19930.jpg,1874,1850,-24
19935.jpg,1874,1890,16
19945.jpg,1874,1850,-24
19950.jpg,1874,1850,-24
19955.jpg,1874,1900,26
19965.jpg,1874,1850,-24
19970.jpg,1874,1869,-5
19975.jpg,1874,1850,-24
19980.jpg,1874,1890,16
19985.jpg,1874,1850,-24
19990.jpg,1874,1930,56
19995.jpg,1874,1850,-24
20000.jpg,1874,1950,76
20005.jpg,1874,1950,76
20010.jpg,1874,1950,76
20015.jpg,1874,1850,-24
20020.jpg,1874,-1,-1875
20025.jpg,1874,1850,-24
20030.jpg,1874,-1,-1875
20035.jpg,1874,1950,76
20040.jpg,1874,1850,-24
20045.jpg,1874,1850,-24
20050.jpg,1874,1850,-24
20055.jpg,1874,1890,16
20060.jpg,1874,1890,16
20065.jpg,1874,1880,6
20070.jpg,1874,1890,16
20075.jpg,1874,1890,16
20080.jpg,1874,1850,-24
20085.jpg,1874,1880,6
20090.jpg,1874,1850,-24
20095.jpg,1874,1950,76
20100.jpg,1874,1850,-24
20110.jpg,1874,1890,16
20115.jpg,1874,1890,16
20120.jpg,1874,1890,16
20125.jpg,1874,1850,-24
20130.jpg,1874,1850,-24
20135.jpg,1874,1850,-24
20145.jpg,1874,1850,-24
20150.jpg,1874,1920,46
20155.jpg,1874,1850,-24
20160.jpg,1874,1850,-24
20165.jpg,1874,1890,16
20170.jpg,1874,1890,16
20175.jpg,1874,-1,-1875
20180.jpg,1874,1850,-24
20185.jpg,1874,1850,-24
20190.jpg,1874,1850,-24
20195.jpg,1874,1850,-24
20205.jpg,1874,-1,-1875
20210.jpg,1875,1850,-25
20215.jpg,1875,1850,-25
20220.jpg,1875,1850,-25
20230.jpg,1875,1850,-25
20235.jpg,1875,1850,-25
20240.jpg,1875,1950,75
20245.jpg,1875,1850,-25
20250.jpg,1875,1920,45
20255.jpg,1875,1920,45
20260.jpg,1875,-1,-1876
20265.jpg,1875,1850,-25
20270.jpg,1875,1900,25
20275.jpg,1875,1950,75
20280.jpg,1875,-1,-1876
20285.jpg,1875,-1,-1876
20295.jpg,1875,1850,-25
20300.jpg,1875,-1,-1876
20305.jpg,1875,1850,-25
20310.jpg,1875,1850,-25
20315.jpg,1875,1850,-25
20320.jpg,1875,1890,15
20325.jpg,1875,1920,45
20330.jpg,1875,1900,25
20335.jpg,1875,1890,15
20340.jpg,1875,1950,75
20345.jpg,1875,1920,45
20350.jpg,1875,1900,25
20355.jpg,1875,1920,45
20360.jpg,1875,1890,15
20365.jpg,1875,1890,15
20370.jpg,1875,1890,15
20375.jpg,1875,1850,-25
20380.jpg,1875,1890,15
20385.jpg,1875,1950,75
20390.jpg,1875,1890,15
20395.jpg,1875,1850,-25
20400.jpg,1875,1890,15
20405.jpg,1875,1850,-25
20410.jpg,1875,1950,75
20415.jpg,1875,1850,-25
20420.jpg,1875,1890,15
20425.jpg,1875,1850,-25
20430.jpg,1875,1950,75
20435.jpg,1875,1200,-675
20440.jpg,1875,1900,25
20445.jpg,1875,1870,-5
20450.jpg,1875,1890,15
20455.jpg,1875,1850,-25
20460.jpg,1875,1920,45
20465.jpg,1875,1850,-25
20470.jpg,1875,1850,-25
20480.jpg,1875,1850,-25
20485.jpg,1875,1890,15
20490.jpg,1875,1850,-25
20495.jpg,1875,1880,5
20500.jpg,1876,1700,-176
20505.jpg,1876,1950,74
20510.jpg,1876,1850,-26
20515.jpg,1876,1850,-26
20520.jpg,1876,1950,74
20525.jpg,1876,1850,-26
20530.jpg,1876,1850,-26
20540.jpg,1876,1980,104
20545.jpg,1876,1850,-26
20550.jpg,1876,1850,-26
20555.jpg,1876,1950,74
20560.jpg,1876,1850,-26
20565.jpg,1876,1850,-26
20570.jpg,1876,1850,-26
20575.jpg,1876,-1,-1877
20580.jpg,1876,1850,-26
20585.jpg,1876,1850,-26
20590.jpg,1876,1850,-26
20595.jpg,1876,1900,24
20600.jpg,1876,1890,14
20605.jpg,1876,1890,14
20610.jpg,1876,1900,24
20615.jpg,1876,1890,14
20620.jpg,1876,1950,74
20625.jpg,1876,1950,74
20630.jpg,1876,1850,-26
20635.jpg,1876,1890,14
20640.jpg,1876,1950,74
20645.jpg,1876,1890,14
20650.jpg,1876,1850,-26
20655.jpg,1876,1890,14
20660.jpg,1876,-1,-1877
20665.jpg,1876,1890,14
20670.jpg,1876,1890,14
20675.jpg,1876,1850,-26
20680.jpg,1876,1850,-26
20685.jpg,1876,1890,14
20690.jpg,1876,1850,-26
20695.jpg,1876,1920,44
20700.jpg,1876,-1,-1877
20705.jpg,1876,1890,14
20715.jpg,1876,1920,44
20720.jpg,1876,1850,-26
20725.jpg,1876,1890,14
20730.jpg,1877,1880,3
20735.jpg,1877,1850,-27
20740.jpg,1877,1890,13
20745.jpg,1877,1850,-27
20750.jpg,1877,1940,63
20755.jpg,1877,1900,23
20760.jpg,1877,1920,43
20765.jpg,1877,1850,-27
20770.jpg,1877,1950,73
20775.jpg,1877,1900,23
20780.jpg,1877,-1,-1878
20785.jpg,1877,1850,-27
20790.jpg,1877,1850,-27
20795.jpg,1877,1850,-27
20800.jpg,1877,1850,-27
20805.jpg,1877,1950,73
20810.jpg,1877,1920,43
20815.jpg,1877,1920,43
20820.jpg,1877,1890,13
20830.jpg,1877,1900,23
20835.jpg,1877,1850,-27
20840.jpg,1877,1890,13
20845.jpg,1877,1900,23
20850.jpg,1877,1890,13
20855.jpg,1877,1920,43
20860.jpg,1877,1900,23
20865.jpg,1877,1920,43
20870.jpg,1877,1900,23
20875.jpg,1877,-1,-1878
20880.jpg,1877,1850,-27
20885.jpg,1877,1890,13
20890.jpg,1877,1850,-27
20895.jpg,1877,1850,-27
20900.jpg,1877,1890,13
20905.jpg,1877,1890,13
20910.jpg,1877,1890,13
20915.jpg,1877,1890,13
20925.jpg,1878,1890,12
20930.jpg,1878,-1,-1879
20935.jpg,1878,1890,12
20940.jpg,1878,1900,22
20945.jpg,1878,1950,72
20950.jpg,1878,1850,-28
20955.jpg,1878,1900,22
20960.jpg,1878,1850,-28
20965.jpg,1878,1960,82
20970.jpg,1878,1950,72
20975.jpg,1878,1900,22
20980.jpg,1878,1850,-28
20985.jpg,1878,1850,-28
20990.jpg,1878,1850,-28
20995.jpg,1878,1850,-28
21000.jpg,1878,1890,12
21005.jpg,1878,1890,12
21010.jpg,1878,1890,12
21015.jpg,1878,1950,72
21020.jpg,1878,1850,-28
21025.jpg,1878,1890,12
21030.jpg,1878,1900,22
21035.jpg,1878,1900,22
21040.jpg,1878,1920,42
21045.jpg,1878,1850,-28
21050.jpg,1878,1890,12
21055.jpg,1878,1850,-28
21060.jpg,1878,1850,-28
21065.jpg,1878,1920,42
21070.jpg,1878,1950,72
21075.jpg,1878,1880,2
21080.jpg,1878,1890,12
21085.jpg,1878,1890,12
21090.jpg,1878,1920,42
21095.jpg,1878,1890,12
21100.jpg,1878,1890,12
21105.jpg,1878,1900,22
21110.jpg,1878,-1,-1879
21115.jpg,1878,-1,-1879
21120.jpg,1878,1920,42
21125.jpg,1878,2010,132
21130.jpg,1878,1920,42
21135.jpg,1878,1900,22
21140.jpg,1878,1850,-28
21145.jpg,1878,1890,12
21150.jpg,1878,1890,12
21155.jpg,1878,1920,42
21160.jpg,1879,1960,81
21165.jpg,1879,1890,11
21170.jpg,1879,1850,-29
21175.jpg,1879,1900,21
21180.jpg,1879,1850,-29
21185.jpg,1879,1920,41
21190.jpg,1879,1890,11
21195.jpg,1879,1850,-29
21200.jpg,1879,-1,-1880
21205.jpg,1879,-1,-1880
21210.jpg,1879,1900,21
21215.jpg,1879,1850,-29
21220.jpg,1879,1850,-29
21225.jpg,1879,1850,-29
21230.jpg,1879,1850,-29
21235.jpg,1879,1850,-29
21240.jpg,1879,1850,-29
21245.jpg,1879,1890,11
21250.jpg,1879,1850,-29
21255.jpg,1879,1890,11
21260.jpg,1879,1890,11
21265.jpg,1879,1880,1
21270.jpg,1879,1850,-29
21275.jpg,1879,1900,21
21280.jpg,1879,1890,11
21285.jpg,1879,1850,-29
21290.jpg,1879,1890,11
21295.jpg,1879,1890,11
21300.jpg,1879,1890,11
21305.jpg,1879,1880,1
21310.jpg,1879,1880,1
21315.jpg,1879,1890,11
21320.jpg,1879,1920,41
21325.jpg,1879,1890,11
21330.jpg,1879,1950,71
21335.jpg,1879,1850,-29
21340.jpg,1879,1950,71
21350.jpg,1879,1890,11
21355.jpg,1879,1950,71
21360.jpg,1879,1950,71
21365.jpg,1879,1920,41
21370.jpg,1879,-1,-1880
21375.jpg,1880,1850,-30
21380.jpg,1880,1900,20
21385.jpg,1880,1950,70
21390.jpg,1880,1850,-30
21395.jpg,1880,1900,20
21400.jpg,1880,1900,20
21405.jpg,1880,1850,-30
21410.jpg,1880,1950,70
21415.jpg,1880,1900,20
21420.jpg,1880,1890,10
21425.jpg,1880,1890,10
21430.jpg,1880,1850,-30
21435.jpg,1880,1890,10
21440.jpg,1880,1890,10
21445.jpg,1880,1850,-30
21450.jpg,1880,1850,-30
21455.jpg,1880,1850,-30
21460.jpg,1880,1850,-30
21465.jpg,1880,1850,-30
21470.jpg,1880,1850,-30
21475.jpg,1880,1950,70
21480.jpg,1880,1950,70
21485.jpg,1880,1850,-30
21490.jpg,1880,1850,-30
21495.jpg,1880,1850,-30
21500.jpg,1880,1850,-30
21505.jpg,1880,1950,70
21510.jpg,1880,1920,40
21515.jpg,1880,1880,0
21520.jpg,1880,1950,70
21530.jpg,1880,1950,70
21535.jpg,1880,1900,20
21540.jpg,1880,1900,20
21545.jpg,1880,1900,20
21550.jpg,1880,1900,20
21555.jpg,1880,1850,-30
21560.jpg,1880,1950,70
21565.jpg,1880,1850,-30
21570.jpg,1880,1850,-30
21575.jpg,1880,1950,70
21580.jpg,1880,1850,-30
21585.jpg,1880,1920,40
21590.jpg,1880,1950,70
21595.jpg,1880,1890,10
21600.jpg,1880,1950,70
21605.jpg,1880,1920,40
21610.jpg,1880,1890,10
21615.jpg,1880,1890,10
21620.jpg,1880,-1,-1881
21625.jpg,1880,1880,0
21630.jpg,1880,1890,10
21635.jpg,1880,1850,-30
21640.jpg,1880,1880,0
21645.jpg,1880,1950,70
21650.jpg,1880,-1,-1881
21655.jpg,1880,1900,20
21660.jpg,1880,1850,-30
21665.jpg,1880,-1,-1881
21670.jpg,1880,-1,-1881
21675.jpg,1880,1900,20
21680.jpg,1880,1900,20
21685.jpg,1880,1850,-30
21690.jpg,1880,1900,20
21695.jpg,1880,1850,-30
21700.jpg,1880,1920,40
21705.jpg,1880,1850,-30
21710.jpg,1881,1920,39
21715.jpg,1881,1900,19
21720.jpg,1881,1950,69
21725.jpg,1881,1850,-31
21730.jpg,1881,1850,-31
21735.jpg,1881,1960,79
21740.jpg,1881,1890,9
21745.jpg,1881,1920,39
21750.jpg,1881,-1,-1882
21755.jpg,1881,1950,69
21760.jpg,1881,1850,-31
21770.jpg,1881,1850,-31
21775.jpg,1881,1850,-31
21780.jpg,1881,-1,-1882
21785.jpg,1881,1920,39
21790.jpg,1881,1890,9
21795.jpg,1881,1850,-31
21800.jpg,1881,1890,9
21805.jpg,1881,-1,-1882
21810.jpg,1881,1920,39
21815.jpg,1881,1890,9
21820.jpg,1881,1850,-31
21825.jpg,1881,1890,9
21830.jpg,1881,1890,9
21835.jpg,1881,1890,9
21840.jpg,1881,1920,39
21845.jpg,1881,1950,69
21850.jpg,1881,1850,-31
21855.jpg,1881,1900,19
21860.jpg,1881,1850,-31
21865.jpg,1881,1890,9
21870.jpg,1881,1950,69
21875.jpg,1881,1890,9
21880.jpg,1881,1890,9
21885.jpg,1881,1850,-31
21890.jpg,1881,1850,-31
21895.jpg,1881,1890,9
21900.jpg,1881,1890,9
21905.jpg,1881,1950,69
21910.jpg,1881,1890,9
21915.jpg,1881,1850,-31
21920.jpg,1881,1890,9
21925.jpg,1881,1950,69
21930.jpg,1881,1850,-31
21940.jpg,1881,1850,-31
21945.jpg,1882,1850,-32
21950.jpg,1882,1920,38
21955.jpg,1882,1890,8
21960.jpg,1882,1890,8
21965.jpg,1882,1920,38
21970.jpg,1882,1920,38
21975.jpg,1882,1890,8
21980.jpg,1882,1920,38
21985.jpg,1882,1950,68
21990.jpg,1882,1850,-32
21995.jpg,1882,-1,-1883
22000.jpg,1882,1850,-32
22005.jpg,1882,1850,-32
22010.jpg,1882,-1,-1883
22015.jpg,1882,1950,68
22020.jpg,1882,1850,-32
22025.jpg,1882,1900,18
22030.jpg,1882,1850,-32
22035.jpg,1882,1850,-32
22040.jpg,1882,1890,8
22045.jpg,1882,1890,8
22050.jpg,1882,1920,38
22055.jpg,1882,1890,8
22060.jpg,1882,1880,-2
22065.jpg,1882,1850,-32
22070.jpg,1882,1950,68
22075.jpg,1882,1850,-32
22080.jpg,1882,1890,8
22085.jpg,1882,1890,8
22090.jpg,1882,1880,-2
22095.jpg,1882,1920,38
22100.jpg,1882,1900,18
22105.jpg,1882,1890,8
22110.jpg,1882,1850,-32
22115.jpg,1882,1890,8
22120.jpg,1882,1880,-2
22125.jpg,1882,1880,-2
22130.jpg,1882,1890,8
22135.jpg,1882,1880,-2
22140.jpg,1882,1920,38
22145.jpg,1882,1950,68
22150.jpg,1882,1920,38
22155.jpg,1882,2000,118
22160.jpg,1882,1890,8
22165.jpg,1882,-1,-1883
22170.jpg,1882,-1,-1883
22175.jpg,1882,1850,-32
22180.jpg,1882,-1,-1883
22185.jpg,1882,1850,-32
22190.jpg,1882,1950,68
22195.jpg,1882,1850,-32
22200.jpg,1882,1900,18
22205.jpg,1882,1890,8
22210.jpg,1882,1880,-2
22215.jpg,1883,1850,-33
22220.jpg,1883,1900,17
22225.jpg,1883,1900,17
22230.jpg,1883,1890,7
22235.jpg,1883,1850,-33
22240.jpg,1883,1850,-33
22245.jpg,1883,1890,7
22250.jpg,1883,1890,7
22255.jpg,1883,1900,17
22260.jpg,1883,1890,7
22265.jpg,1883,1920,37
22270.jpg,1883,1920,37
22275.jpg,1883,1850,-33
22280.jpg,1883,1850,-33
22285.jpg,1883,1950,67
22290.jpg,1883,1850,-33
22295.jpg,1883,1850,-33
22300.jpg,1883,1850,-33
22305.jpg,1883,1850,-33
22310.jpg,1883,1850,-33
22315.jpg,1883,-1,-1884
22320.jpg,1883,1900,17
22325.jpg,1883,1890,7
22330.jpg,1883,1880,-3
22335.jpg,1883,1890,7
22340.jpg,1883,1950,67
22345.jpg,1883,1890,7
22350.jpg,1883,-1,-1884
22355.jpg,1883,1920,37
22360.jpg,1883,1890,7
22365.jpg,1883,1850,-33
22370.jpg,1883,1890,7
22375.jpg,1883,1890,7
22380.jpg,1883,1890,7
22385.jpg,1883,1920,37
22390.jpg,1883,1920,37
22395.jpg,1883,1920,37
22400.jpg,1883,1890,7
22405.jpg,1883,1890,7
22410.jpg,1883,1890,7
22415.jpg,1883,1850,-33
22420.jpg,1883,1850,-33
22425.jpg,1883,1890,7
22430.jpg,1883,1880,-3
22435.jpg,1883,1890,7
22440.jpg,1883,1850,-33
22445.jpg,1883,1850,-33
22450.jpg,1883,1900,17
22455.jpg,1883,1850,-33
22460.jpg,1883,1920,37
22465.jpg,1883,1890,7
22470.jpg,1883,1890,7
22475.jpg,1883,1900,17
22485.jpg,1883,1900,17
22490.jpg,1883,1920,37
22495.jpg,1883,-1,-1884
22500.jpg,1883,1950,67
22505.jpg,1883,1890,7
22510.jpg,1884,1850,-34
22515.jpg,1884,-1,-1885
22520.jpg,1884,1920,36
22525.jpg,1884,1900,16
22530.jpg,1884,1850,-34
22535.jpg,1884,1950,66
22540.jpg,1884,1880,-4
22545.jpg,1884,1890,6
22550.jpg,1884,1900,16
22555.jpg,1884,1950,66
22560.jpg,1884,1950,66
22565.jpg,1884,1850,-34
22570.jpg,1884,1850,-34
22575.jpg,1884,-1,-1885
22580.jpg,1884,1950,66
22585.jpg,1884,1920,36
22590.jpg,1884,1900,16
22595.jpg,1884,1850,-34
22600.jpg,1884,1890,6
22605.jpg,1884,1890,6
22610.jpg,1884,1890,6
22615.jpg,1884,1890,6
22620.jpg,1884,1890,6
22625.jpg,1884,1850,-34
22630.jpg,1884,1890,6
22635.jpg,1884,1890,6
22640.jpg,1884,1890,6
22645.jpg,1884,1900,16
22650.jpg,1884,1900,16
22655.jpg,1884,1850,-34
22665.jpg,1884,1920,36
22670.jpg,1884,1850,-34
22675.jpg,1884,1890,6
22680.jpg,1884,1920,36
22685.jpg,1884,1850,-34
22690.jpg,1884,1890,6
22695.jpg,1884,1900,16
22700.jpg,1884,1900,16
22705.jpg,1884,1890,6
22710.jpg,1884,1950,66
22715.jpg,1884,1900,16
22720.jpg,1884,1850,-34
22730.jpg,1884,1850,-34
22735.jpg,1884,1850,-34
22740.jpg,1884,1960,76
22745.jpg,1884,1890,6
22750.jpg,1884,1850,-34
22755.jpg,1884,1850,-34
22760.jpg,1884,1950,66
22765.jpg,1884,1900,16
22770.jpg,1884,1890,6
22775.jpg,1884,1890,6
22780.jpg,1885,-1,-1886
22785.jpg,1885,1920,35
22790.jpg,1885,1920,35
22795.jpg,1885,1850,-35
22800.jpg,1885,1850,-35
22805.jpg,1885,-1,-1886
22810.jpg,1885,1900,15
22815.jpg,1885,1920,35
22820.jpg,1885,1890,5
22825.jpg,1885,1960,75
22830.jpg,1885,1950,65
22835.jpg,1885,1960,75
22840.jpg,1885,1950,65
22850.jpg,1885,1950,65
22855.jpg,1885,1900,15
22860.jpg,1885,1900,15
22865.jpg,1885,1920,35
22870.jpg,1885,1900,15
22875.jpg,1885,1890,5
22880.jpg,1885,1900,15
22885.jpg,1885,1920,35
22890.jpg,1885,1950,65
22895.jpg,1885,1890,5
22900.jpg,1885,1920,35
22905.jpg,1885,1900,15
22910.jpg,1885,1850,-35
22915.jpg,1885,1900,15
22920.jpg,1885,1880,-5
22925.jpg,1885,1890,5
22930.jpg,1885,1900,15
22935.jpg,1885,1850,-35
22940.jpg,1885,1900,15
22945.jpg,1885,1890,5
22950.jpg,1885,1920,35
22955.jpg,1885,1890,5
22960.jpg,1885,1980,95
22965.jpg,1885,1900,15
22970.jpg,1885,1900,15
22975.jpg,1885,1890,5
22980.jpg,1885,1950,65
22985.jpg,1885,1850,-35
22990.jpg,1885,1950,65
22995.jpg,1885,1880,-5
23000.jpg,1885,1850,-35
23005.jpg,1885,1900,15
23015.jpg,1885,1850,-35
23020.jpg,1885,1900,15
23025.jpg,1885,1850,-35
23030.jpg,1885,1900,15
23035.jpg,1885,1900,15
23040.jpg,1885,1890,5
23045.jpg,1885,1850,-35
23050.jpg,1885,1950,65
23055.jpg,1885,1950,65
23060.jpg,1885,1900,15
23065.jpg,1885,1900,15
23070.jpg,1885,1850,-35
23075.jpg,1885,1950,65
23080.jpg,1885,1920,35
23085.jpg,1886,1950,64
23090.jpg,1886,1890,4
23095.jpg,1886,1920,34
23100.jpg,1886,1890,4
23105.jpg,1886,1960,74
23110.jpg,1886,1600,-286
23115.jpg,1886,1920,34
23120.jpg,1886,1850,-36
23125.jpg,1886,1920,34
23130.jpg,1886,1960,74
23135.jpg,1886,1960,74
23140.jpg,1886,1970,84
23145.jpg,1886,1850,-36
23150.jpg,1886,1850,-36
23155.jpg,1886,1850,-36
23160.jpg,1886,-1,-1887
23165.jpg,1886,1920,34
23170.jpg,1886,1890,4
23175.jpg,1886,1950,64
23180.jpg,1886,1890,4
23185.jpg,1886,-1,-1887
23190.jpg,1886,1880,-6
23195.jpg,1886,1900,14
23200.jpg,1886,1900,14
23205.jpg,1886,1890,4
23210.jpg,1886,1920,34
23215.jpg,1886,1880,-6
23220.jpg,1886,1880,-6
23225.jpg,1886,1890,4
23230.jpg,1886,1880,-6
23235.jpg,1886,1890,4
23240.jpg,1886,1900,14
23245.jpg,1886,-1,-1887
23250.jpg,1886,1920,34
23255.jpg,1886,1850,-36
23260.jpg,1886,1920,34
23265.jpg,1886,1920,34
23275.jpg,1886,1950,64
23280.jpg,1886,1920,34
23285.jpg,1886,1890,4
23290.jpg,1886,1960,74
23295.jpg,1886,1890,4
23300.jpg,1886,1900,14
23305.jpg,1886,1850,-36
23310.jpg,1886,1850,-36
23315.jpg,1886,1900,14
23320.jpg,1886,1890,4
23325.jpg,1886,1950,64
23330.jpg,1886,-1,-1887
23335.jpg,1886,-1,-1887
23340.jpg,1886,1920,34
23345.jpg,1886,1890,4
23350.jpg,1886,1850,-36
23355.jpg,1886,-1,-1887
23365.jpg,1886,1950,64
23370.jpg,1886,1890,4
23375.jpg,1887,-1,-1888
23380.jpg,1887,1930,43
23385.jpg,1887,1950,63
23390.jpg,1887,1920,33
23395.jpg,1887,1890,3
23400.jpg,1887,1920,33
23410.jpg,1887,1900,13
23415.jpg,1887,1850,-37
23420.jpg,1887,1890,3
23425.jpg,1887,1920,33
23430.jpg,1887,1920,33
23440.jpg,1887,1950,63
23445.jpg,1887,1900,13
23450.jpg,1887,1850,-37
23460.jpg,1887,1850,-37
23465.jpg,1887,1850,-37
23470.jpg,1887,1920,33
23475.jpg,1887,1950,63
23480.jpg,1887,1880,-7
23485.jpg,1887,1890,3
23490.jpg,1887,1850,-37
23495.jpg,1887,1890,3
23500.jpg,1887,1920,33
23505.jpg,1887,1900,13
23510.jpg,1887,1890,3
23515.jpg,1887,1900,13
23520.jpg,1887,1890,3
23525.jpg,1887,1920,33
23535.jpg,1887,1900,13
23540.jpg,1887,1890,3
23545.jpg,1887,1900,13
23550.jpg,1887,1850,-37
23555.jpg,1887,1950,63
23560.jpg,1887,1900,13
23565.jpg,1887,1890,3
23570.jpg,1887,1850,-37
23575.jpg,1887,1900,13
23580.jpg,1887,1890,3
23585.jpg,1887,1900,13
23590.jpg,1887,1980,93
23595.jpg,1887,1890,3
23600.jpg,1887,1850,-37
23605.jpg,1887,1900,13
23610.jpg,1887,1850,-37
23615.jpg,1887,1920,33
23620.jpg,1887,1920,33
23625.jpg,1887,1850,-37
23630.jpg,1887,1900,13
23635.jpg,1887,1920,33
23640.jpg,1887,-1,-1888
23645.jpg,1887,1890,3
23650.jpg,1887,1850,-37
23660.jpg,1887,1900,13
23665.jpg,1887,1900,13
23670.jpg,1887,1850,-37
23675.jpg,1887,1900,13
23680.jpg,1887,1950,63
23690.jpg,1887,1890,3
23695.jpg,1887,1900,13
23700.jpg,1888,1800,-88
23705.jpg,1888,1920,32
23710.jpg,1888,-1,-1889
23715.jpg,1888,1850,-38
23720.jpg,1888,1950,62
23725.jpg,1888,1850,-38
23730.jpg,1888,1890,2
23735.jpg,1888,1920,32
23740.jpg,1888,1920,32
23745.jpg,1888,1850,-38
23750.jpg,1888,1973,85
23755.jpg,1888,1920,32
23760.jpg,1888,1850,-38
23765.jpg,1888,1850,-38
23770.jpg,1888,1980,92
23775.jpg,1888,-1,-1889
23790.jpg,1888,1890,2
23795.jpg,1888,1920,32
23800.jpg,1888,1880,-8
23805.jpg,1888,1890,2
23810.jpg,1888,1950,62
23815.jpg,1888,-1,-1889
23820.jpg,1888,1850,-38
23825.jpg,1888,1950,62
23830.jpg,1888,1850,-38
23835.jpg,1888,1890,2
23840.jpg,1888,1890,2
23850.jpg,1888,1900,12
23855.jpg,1888,1850,-38
23860.jpg,1888,1890,2
23865.jpg,1888,1850,-38
23870.jpg,1888,1850,-38
23875.jpg,1888,1900,12
23880.jpg,1888,1900,12
23885.jpg,1888,1900,12
23890.jpg,1888,1870,-18
23895.jpg,1888,1900,12
23900.jpg,1888,1900,12
23905.jpg,1888,1890,2
23910.jpg,1888,1920,32
23915.jpg,1888,1920,32
23920.jpg,1888,1920,32
23925.jpg,1888,1890,2
23930.jpg,1888,1890,2
23935.jpg,1888,1950,62
23940.jpg,1888,1850,-38
23945.jpg,1888,1890,2
23950.jpg,1888,1900,12
23955.jpg,1888,1890,2
23960.jpg,1888,1920,32
23965.jpg,1888,1850,-38
23970.jpg,1888,1850,-38
23975.jpg,1888,1890,2
23980.jpg,1888,1850,-38
23985.jpg,1888,1920,32
23990.jpg,1888,1888,0
23995.jpg,1888,1500,-388
24000.jpg,1888,1900,12
24005.jpg,1888,1900,12
24010.jpg,1888,1920,32
24015.jpg,1888,1950,62
24020.jpg,1888,1920,32
24025.jpg,1888,1890,2
24030.jpg,1888,1890,2
24035.jpg,1888,1850,-38
24040.jpg,1888,1950,62
24050.jpg,1889,1920,31
24055.jpg,1889,1850,-39
24060.jpg,1889,1850,-39
24065.jpg,1889,1920,31
24070.jpg,1889,1850,-39
24075.jpg,1889,1850,-39
24080.jpg,1889,1900,11
24085.jpg,1889,1920,31
24090.jpg,1889,1890,1
24095.jpg,1889,1890,1
24105.jpg,1889,1920,31
24110.jpg,1889,1890,1
24115.jpg,1889,1950,61
24120.jpg,1889,1850,-39
24125.jpg,1889,1930,41
24130.jpg,1889,1850,-39
24135.jpg,1889,1850,-39
24140.jpg,1889,-1,-1890
24145.jpg,1889,-1,-1890
24150.jpg,1889,1900,11
24155.jpg,1889,1850,-39
24160.jpg,1889,1900,11
24165.jpg,1889,1900,11
24170.jpg,1889,1890,1
24175.jpg,1889,1850,-39
24180.jpg,1889,1900,11
24185.jpg,1889,1900,11
24190.jpg,1889,1890,1
24195.jpg,1889,1890,1
24200.jpg,1889,1950,61
24205.jpg,1889,1920,31
24210.jpg,1889,1890,1
24215.jpg,1889,1890,1
24220.jpg,1889,1890,1
24225.jpg,1889,1850,-39
24230.jpg,1889,1890,1
24235.jpg,1889,1850,-39
24240.jpg,1889,1890,1
24245.jpg,1889,1920,31
24250.jpg,1889,1890,1
24255.jpg,1889,1890,1
24260.jpg,1889,1900,11
24265.jpg,1889,1900,11
24270.jpg,1889,1890,1
24275.jpg,1889,1890,1
24280.jpg,1889,1900,11
24285.jpg,1889,1900,11
24290.jpg,1889,1890,1
24295.jpg,1889,1890,1
24300.jpg,1889,1900,11
24310.jpg,1889,1850,-39
24315.jpg,1889,1850,-39
24320.jpg,1889,1850,-39
24330.jpg,1889,1850,-39
24335.jpg,1889,1950,61
24340.jpg,1889,1950,61
24345.jpg,1889,1900,11
24350.jpg,1889,1850,-39
24355.jpg,1889,1890,1
24360.jpg,1889,1950,61
24365.jpg,1889,1890,1
24370.jpg,1889,1900,11
24375.jpg,1889,1850,-39
24380.jpg,1889,1920,31
24385.jpg,1889,1890,1
24390.jpg,1889,1890,1
24395.jpg,1890,1850,-40
24400.jpg,1890,1890,0
24405.jpg,1890,1950,60
24410.jpg,1890,-1,-1891
24415.jpg,1890,1920,30
24420.jpg,1890,1850,-40
24425.jpg,1890,-1,-1891
24430.jpg,1890,1900,10
24435.jpg,1890,1890,0
24440.jpg,1890,1920,30
24445.jpg,1890,1940,50
24450.jpg,1890,1890,0
24455.jpg,1890,1890,0
24460.jpg,1890,1920,30
24465.jpg,1890,1920,30
24470.jpg,1890,1950,60
24475.jpg,1890,1850,-40
24480.jpg,1890,1900,10
24485.jpg,1890,1950,60
24490.jpg,1890,1950,60
24495.jpg,1890,1850,-40
24500.jpg,1890,1850,-40
24505.jpg,1890,1850,-40
24510.jpg,1890,-1,-1891
24515.jpg,1890,-1,-1891
24520.jpg,1890,1850,-40
24525.jpg,1890,1950,60
24535.jpg,1890,1900,10
24540.jpg,1890,1890,0
24545.jpg,1890,1950,60
24550.jpg,1890,1890,0
24555.jpg,1890,1950,60
24560.jpg,1890,1890,0
24565.jpg,1890,1900,10
24570.jpg,1890,1890,0
24575.jpg,1890,1850,-40
24580.jpg,1890,1890,0
24585.jpg,1890,1890,0
24590.jpg,1890,1890,0
24595.jpg,1890,1900,10
24600.jpg,1890,1890,0
24605.jpg,1890,1890,0
24610.jpg,1890,1920,30
24615.jpg,1890,1920,30
24620.jpg,1890,1960,70
24625.jpg,1890,-1,-1891
24630.jpg,1890,1900,10
24635.jpg,1890,1890,0
24640.jpg,1890,1850,-40
24645.jpg,1890,1900,10
24650.jpg,1890,1890,0
24655.jpg,1890,1850,-40
24660.jpg,1890,-1,-1891
24665.jpg,1890,1900,10
24670.jpg,1890,1900,10
24675.jpg,1890,1890,0
24680.jpg,1890,1890,0
24685.jpg,1890,1900,10
24690.jpg,1890,1920,30
24695.jpg,1890,1900,10
24700.jpg,1890,1900,10
24705.jpg,1890,1850,-40
24710.jpg,1890,1920,30
24715.jpg,1890,1890,0
24720.jpg,1890,1900,10
24725.jpg,1890,1850,-40
24730.jpg,1890,1950,60
24735.jpg,1890,1890,0
24740.jpg,1890,1920,30
24745.jpg,1890,1850,-40
24750.jpg,1890,1950,60
24755.jpg,1890,1920,30
24760.jpg,1890,1900,10
24765.jpg,1890,1950,60
24770.jpg,1890,1920,30
24775.jpg,1891,1850,-41
24780.jpg,1891,1920,29
24785.jpg,1891,1890,-1
24790.jpg,1891,1890,-1
24795.jpg,1891,1900,9
24800.jpg,1891,1920,29
24805.jpg,1891,1890,-1
24810.jpg,1891,1890,-1
24815.jpg,1891,1950,59
24820.jpg,1891,1900,9
24825.jpg,1891,1890,-1
24830.jpg,1891,1920,29
24835.jpg,1891,1950,59
24840.jpg,1891,1920,29
24845.jpg,1891,1920,29
24850.jpg,1891,1960,69
24855.jpg,1891,1960,69
24860.jpg,1891,-1,-1892
24865.jpg,1891,1850,-41
24870.jpg,1891,1870,-21
24875.jpg,1891,1850,-41
24880.jpg,1891,1920,29
24885.jpg,1891,1890,-1
24890.jpg,1891,1890,-1
24895.jpg,1891,1900,9
24900.jpg,1891,1890,-1
24905.jpg,1891,1950,59
24910.jpg,1891,1900,9
24915.jpg,1891,1880,-11
24920.jpg,1891,1950,59
24925.jpg,1891,1890,-1
24930.jpg,1891,1950,59
24935.jpg,1891,1900,9
24940.jpg,1891,1890,-1
24945.jpg,1891,1200,-691
24950.jpg,1891,1920,29
24955.jpg,1891,1920,29
24960.jpg,1891,1890,-1
24965.jpg,1891,1950,59
24970.jpg,1891,1890,-1
24975.jpg,1891,1890,-1
24980.jpg,1891,1900,9
24985.jpg,1891,1880,-11
24990.jpg,1891,1890,-1
24995.jpg,1891,1890,-1
25000.jpg,1891,1890,-1
25005.jpg,1891,1890,-1
25010.jpg,1891,1890,-1
25015.jpg,1891,1900,9
25020.jpg,1891,1850,-41
25025.jpg,1891,1950,59
25030.jpg,1891,1910,19
25035.jpg,1891,1200,-691
25040.jpg,1891,1890,-1
25045.jpg,1891,1920,29
25050.jpg,1891,1920,29
25055.jpg,1891,1900,9
25060.jpg,1891,1920,29
25065.jpg,1891,1950,59
25070.jpg,1891,1900,9
25075.jpg,1891,1890,-1
25080.jpg,1891,1900,9
25085.jpg,1891,1850,-41
25090.jpg,1891,1950,59
25095.jpg,1892,1900,8
25100.jpg,1892,1990,98
25105.jpg,1892,1960,68
25115.jpg,1892,1920,28
25120.jpg,1892,1850,-42
25125.jpg,1892,1950,58
25130.jpg,1892,1850,-42
25135.jpg,1892,1900,8
25140.jpg,1892,1850,-42
25145.jpg,1892,-1,-1893
25150.jpg,1892,1900,8
25155.jpg,1892,1900,8
25160.jpg,1892,1960,68
25165.jpg,1892,1950,58
25170.jpg,1892,1920,28
25175.jpg,1892,1977,85
25180.jpg,1892,1970,78
25185.jpg,1892,1850,-42
25190.jpg,1892,1950,58
25195.jpg,1892,1850,-42
25205.jpg,1892,1850,-42
25210.jpg,1892,188,-1704
25215.jpg,1892,1900,8
25220.jpg,1892,1900,8
25225.jpg,1892,1850,-42
25230.jpg,1892,1920,28
25235.jpg,1892,1900,8
25240.jpg,1892,1890,-2
25245.jpg,1892,1890,-2
25250.jpg,1892,1920,28
25255.jpg,1892,1950,58
25260.jpg,1892,1890,-2
25265.jpg,1892,1890,-2
25270.jpg,1892,1900,8
25275.jpg,1892,1920,28
25280.jpg,1892,1900,8
25285.jpg,1892,1890,-2
25290.jpg,1892,1890,-2
25295.jpg,1892,1890,-2
25300.jpg,1892,1920,28
25305.jpg,1892,1970,78
25310.jpg,1892,1890,-2
25315.jpg,1892,1900,8
25320.jpg,1892,1890,-2
25325.jpg,1892,1850,-42
25330.jpg,1892,-1,-1893
25335.jpg,1892,1890,-2
25340.jpg,1892,1850,-42
25345.jpg,1892,1850,-42
25350.jpg,1892,1890,-2
25355.jpg,1892,1850,-42
25360.jpg,1892,1900,8
25365.jpg,1892,-1,-1893
25370.jpg,1892,1850,-42
25375.jpg,1892,1890,-2
25380.jpg,1892,1900,8
25385.jpg,1892,1890,-2
25390.jpg,1892,-1,-1893
25395.jpg,1892,1920,28
25400.jpg,1892,1950,58
25405.jpg,1892,1920,28
25410.jpg,1892,1850,-42
25415.jpg,1892,1850,-42
25420.jpg,1892,1900,8
25425.jpg,1892,1920,28
25430.jpg,1892,1850,-42
25435.jpg,1892,-1,-1893
25440.jpg,1892,1920,28
25445.jpg,1892,1850,-42
25450.jpg,1892,1920,28
25455.jpg,1892,1900,8
25460.jpg,1892,1850,-42
25465.jpg,1893,1800,-93
25470.jpg,1893,1900,7
25475.jpg,1893,1900,7
25480.jpg,1893,1920,27
25490.jpg,1893,1920,27
25495.jpg,1893,1890,-3
25500.jpg,1893,1890,-3
25505.jpg,1893,1920,27
25510.jpg,1893,1920,27
25515.jpg,1893,-1,-1894
25520.jpg,1893,-1,-1894
25525.jpg,1893,1850,-43
25530.jpg,1893,1920,27
25535.jpg,1893,1920,27
25540.jpg,1893,-1,-1894
25545.jpg,1893,1850,-43
25555.jpg,1893,-1,-1894
25560.jpg,1893,-1,-1894
25565.jpg,1893,1850,-43
25570.jpg,1893,1950,57
25575.jpg,1893,1890,-3
25580.jpg,1893,1920,27
25585.jpg,1893,1900,7
25590.jpg,1893,1920,27
25595.jpg,1893,1900,7
25600.jpg,1893,1900,7
25605.jpg,1893,1920,27
25610.jpg,1893,1890,-3
25615.jpg,1893,1900,7
25620.jpg,1893,1890,-3
25625.jpg,1893,1890,-3
25630.jpg,1893,1900,7
25635.jpg,1893,1900,7
25640.jpg,1893,1920,27
25645.jpg,1893,1890,-3
25650.jpg,1893,1920,27
25655.jpg,1893,1890,-3
25660.jpg,1893,1890,-3
25665.jpg,1893,1900,7
25670.jpg,1893,1900,7
25675.jpg,1893,1890,-3
25680.jpg,1893,1850,-43
25685.jpg,1893,1850,-43
25690.jpg,1893,1920,27
25695.jpg,1893,1900,7
25700.jpg,1893,1900,7
25705.jpg,1893,1850,-43
25710.jpg,1893,1950,57
25715.jpg,1893,1890,-3
25720.jpg,1893,1900,7
25725.jpg,1893,1920,27
25730.jpg,1893,1890,-3
25740.jpg,1893,1890,-3
25745.jpg,1893,1920,27
25750.jpg,1893,1900,7
25755.jpg,1893,1890,-3
25760.jpg,1893,1900,7
25765.jpg,1893,1920,27
25770.jpg,1893,1920,27
25775.jpg,1893,1900,7
25780.jpg,1893,-1,-1894
25785.jpg,1893,1920,27
25795.jpg,1893,-1,-1894
25800.jpg,1893,1900,7
25805.jpg,1894,1850,-44
25810.jpg,1894,1920,26
25815.jpg,1894,1920,26
25820.jpg,1894,1900,6
25825.jpg,1894,1920,26
25830.jpg,1894,1890,-4
25835.jpg,1894,1850,-44
25840.jpg,1894,-1,-1895
25845.jpg,1894,1900,6
25850.jpg,1894,1920,26
25855.jpg,1894,1850,-44
25860.jpg,1894,1920,26
25865.jpg,1894,1920,26
25870.jpg,1894,1850,-44
25875.jpg,1894,-1,-1895
25880.jpg,1894,1900,6
25885.jpg,1894,1950,56
25890.jpg,1894,1950,56
25895.jpg,1894,1850,-44
25900.jpg,1894,1850,-44
25905.jpg,1894,1890,-4
25910.jpg,1894,1950,56
25915.jpg,1894,1900,6
25920.jpg,1894,1890,-4
25925.jpg,1894,1900,6
25930.jpg,1894,1900,6
25935.jpg,1894,1890,-4
25940.jpg,1894,1900,6
25945.jpg,1894,1890,-4
25950.jpg,1894,1920,26
25955.jpg,1894,1900,6
25960.jpg,1894,1890,-4
25965.jpg,1894,1890,-4
25970.jpg,1894,1950,56
25975.jpg,1894,1890,-4
25980.jpg,1894,1890,-4
25985.jpg,1894,1900,6
25990.jpg,1894,1920,26
25995.jpg,1894,1900,6
26000.jpg,1894,1890,-4
26005.jpg,1894,1900,6
26010.jpg,1894,1890,-4
26015.jpg,1894,1890,-4
26020.jpg,1894,1950,56
26025.jpg,1894,1890,-4
26030.jpg,1894,1900,6
26035.jpg,1894,1900,6
26040.jpg,1894,1950,56
26045.jpg,1894,1900,6
26050.jpg,1894,1890,-4
26055.jpg,1894,1900,6
26060.jpg,1894,1920,26
26065.jpg,1894,1900,6
26070.jpg,1894,1920,26
26075.jpg,1894,1850,-44
26085.jpg,1894,1890,-4
26090.jpg,1894,1920,26
26095.jpg,1894,1500,-394
26100.jpg,1894,1920,26
26105.jpg,1894,-1,-1895
26110.jpg,1894,1850,-44
26115.jpg,1894,1850,-44
26120.jpg,1894,1920,26
26125.jpg,1895,1850,-45
26130.jpg,1895,1960,65
26135.jpg,1895,1890,-5
26140.jpg,1895,1890,-5
26145.jpg,1895,1900,5
26150.jpg,1895,1900,5
26155.jpg,1895,1950,55
26160.jpg,1895,1900,5
26165.jpg,1895,1920,25
26170.jpg,1895,1900,5
26175.jpg,1895,-1,-1896
26180.jpg,1895,1960,65
26185.jpg,1895,1920,25
26190.jpg,1895,1900,5
26195.jpg,1895,1950,55
26200.jpg,1895,1950,55
26205.jpg,1895,1850,-45
26210.jpg,1895,1850,-45
26215.jpg,1895,1850,-45
26220.jpg,1895,1900,5
26225.jpg,1895,1910,15
26230.jpg,1895,1890,-5
26235.jpg,1895,1920,25
26240.jpg,1895,1950,55
26245.jpg,1895,1850,-45
26250.jpg,1895,-1,-1896
26255.jpg,1895,1900,5
26260.jpg,1895,1890,-5
26265.jpg,1895,1890,-5
26270.jpg,1895,1880,-15
26275.jpg,1895,1890,-5
26280.jpg,1895,1890,-5
26285.jpg,1895,1890,-5
26290.jpg,1895,1900,5
26295.jpg,1895,1850,-45
26300.jpg,1895,1890,-5
26305.jpg,1895,1900,5
26310.jpg,1895,1900,5
26315.jpg,1895,1890,-5
26320.jpg,1895,1890,-5
26325.jpg,1895,1890,-5
26330.jpg,1895,1900,5
26335.jpg,1895,1900,5
26340.jpg,1895,1920,25
26345.jpg,1895,1850,-45
26350.jpg,1895,1890,-5
26355.jpg,1895,1920,25
26360.jpg,1895,1920,25
26365.jpg,1895,1890,-5
26370.jpg,1895,1900,5
26375.jpg,1895,1890,-5
26380.jpg,1895,1920,25
26385.jpg,1895,1850,-45
26390.jpg,1895,1850,-45
26395.jpg,1895,1900,5
26405.jpg,1895,1900,5
26410.jpg,1895,1890,-5
26415.jpg,1895,1900,5
26420.jpg,1895,1920,25
26425.jpg,1895,1900,5
26430.jpg,1895,1890,-5
26435.jpg,1895,1850,-45
26440.jpg,1895,1850,-45
26445.jpg,1895,1920,25
26450.jpg,1895,1920,25
26455.jpg,1895,1920,25
26460.jpg,1895,1850,-45
26465.jpg,1895,1890,-5
26470.jpg,1895,1890,-5
26475.jpg,1895,1850,-45
26480.jpg,1895,1850,-45
26485.jpg,1895,1500,-395
26490.jpg,1896,1850,-46
26495.jpg,1896,1920,24
26500.jpg,1896,1920,24
26505.jpg,1896,1890,-6
26510.jpg,1896,1960,64
26515.jpg,1896,1890,-6
26520.jpg,1896,1920,24
26525.jpg,1896,1890,-6
26530.jpg,1896,1950,54
26535.jpg,1896,1950,54
26540.jpg,1896,1850,-46
26545.jpg,1896,1850,-46
26550.jpg,1896,1950,54
26555.jpg,1896,1950,54
26560.jpg,1896,1850,-46
26565.jpg,1896,-1,-1897
26570.jpg,1896,1850,-46
26575.jpg,1896,1850,-46
26580.jpg,1896,1900,4
26585.jpg,1896,1850,-46
26590.jpg,1896,1890,-6
26595.jpg,1896,1920,24
26600.jpg,1896,1920,24
26605.jpg,1896,1890,-6
26610.jpg,1896,1920,24
26620.jpg,1896,1890,-6
26625.jpg,1896,1920,24
26630.jpg,1896,1900,4
26635.jpg,1896,1920,24
26640.jpg,1896,-1,-1897
26645.jpg,1896,1900,4
26650.jpg,1896,1890,-6
26655.jpg,1896,1920,24
26665.jpg,1896,1890,-6
26670.jpg,1896,1900,4
26675.jpg,1896,1850,-46
26680.jpg,1896,1920,24
26685.jpg,1896,1890,-6
26690.jpg,1896,1920,24
26695.jpg,1896,1900,4
26700.jpg,1896,1890,-6
26705.jpg,1896,1890,-6
26710.jpg,1896,1900,4
26715.jpg,1896,1890,-6
26720.jpg,1896,1850,-46
26725.jpg,1896,1900,4
26730.jpg,1896,1900,4
26735.jpg,1896,1850,-46
26740.jpg,1896,1500,-396
26745.jpg,1896,1920,24
26750.jpg,1896,-1,-1897
26760.jpg,1896,1920,24
26765.jpg,1896,1920,24
26770.jpg,1896,1920,24
26775.jpg,1896,1920,24
26780.jpg,1896,1920,24
26785.jpg,1896,1850,-46
26790.jpg,1896,1850,-46
26795.jpg,1896,-1,-1897
26800.jpg,1896,1960,64
26805.jpg,1896,1200,-696
26810.jpg,1896,1920,24
26815.jpg,1896,1850,-46
26820.jpg,1896,1850,-46
26825.jpg,1896,-1,-1897
26830.jpg,1896,1880,-16
26835.jpg,1896,1920,24
26840.jpg,1896,1960,64
26845.jpg,1897,1920,23
26850.jpg,1897,1850,-47
26855.jpg,1897,1900,3
26860.jpg,1897,1950,53
26865.jpg,1897,1920,23
26870.jpg,1897,1900,3
26875.jpg,1897,1890,-7
26880.jpg,1897,1850,-47
26885.jpg,1897,1890,-7
26890.jpg,1897,1850,-47
26895.jpg,1897,1900,3
26900.jpg,1897,1900,3
26910.jpg,1897,1850,-47
26915.jpg,1897,1900,3
26920.jpg,1897,-1,-1898
26925.jpg,1897,1950,53
26930.jpg,1897,1850,-47
26935.jpg,1897,1890,-7
26940.jpg,1897,1920,23
26945.jpg,1897,1920,23
26950.jpg,1897,1900,3
26955.jpg,1897,1850,-47
26960.jpg,1897,1890,-7
26965.jpg,1897,1890,-7
26970.jpg,1897,1850,-47
26975.jpg,1897,1920,23
26980.jpg,1897,1900,3
26985.jpg,1897,1900,3
26990.jpg,1897,1890,-7
26995.jpg,1897,1890,-7
27000.jpg,1897,1920,23
27005.jpg,1897,1900,3
27010.jpg,1897,1890,-7
27015.jpg,1897,1900,3
27020.jpg,1897,1900,3
27025.jpg,1897,1850,-47
27030.jpg,1897,1900,3
27035.jpg,1897,1920,23
27040.jpg,1897,1900,3
27045.jpg,1897,1900,3
27050.jpg,1897,1950,53
27055.jpg,1897,1900,3
27060.jpg,1897,1950,53
27065.jpg,1897,1900,3
27070.jpg,1897,1950,53
27075.jpg,1897,-1,-1898
27080.jpg,1897,-1,-1898
27085.jpg,1897,1850,-47
27090.jpg,1897,1900,3
27095.jpg,1897,1890,-7
27100.jpg,1897,1900,3
27105.jpg,1897,1900,3
27110.jpg,1897,1200,-697
27115.jpg,1897,1950,53
27120.jpg,1897,1825,-72
27125.jpg,1897,1890,-7
27130.jpg,1897,1960,63
27135.jpg,1897,1900,3
27140.jpg,1897,1950,53
27145.jpg,1897,1890,-7
27150.jpg,1897,1850,-47
27155.jpg,1898,-1,-1899
27160.jpg,1898,1900,2
27165.jpg,1898,1920,22
27170.jpg,1898,1880,-18
27175.jpg,1898,1920,22
27180.jpg,1898,1890,-8
27185.jpg,1898,1920,22
27190.jpg,1898,1900,2
27195.jpg,1898,1920,22
27200.jpg,1898,1980,82
27205.jpg,1898,1920,22
27210.jpg,1898,1890,-8
27215.jpg,1898,1920,22
27220.jpg,1898,-1,-1899
27225.jpg,1898,1920,22
27230.jpg,1898,1920,22
27235.jpg,1898,1950,52
27240.jpg,1898,1950,52
27245.jpg,1898,1950,52
27255.jpg,1898,1850,-48
27260.jpg,1898,1850,-48
27265.jpg,1898,1890,-8
27270.jpg,1898,1890,-8
27275.jpg,1898,1890,-8
27280.jpg,1898,1850,-48
27285.jpg,1898,1890,-8
27290.jpg,1898,1950,52
27295.jpg,1898,1900,2
27300.jpg,1898,1850,-48
27305.jpg,1898,1950,52
27310.jpg,1898,1850,-48
27315.jpg,1898,1900,2
27320.jpg,1898,1900,2
27325.jpg,1898,1900,2
27330.jpg,1898,-1,-1899
27335.jpg,1898,1900,2
27340.jpg,1898,1900,2
27345.jpg,1898,1890,-8
27350.jpg,1898,1850,-48
27355.jpg,1898,1900,2
27360.jpg,1898,1950,52
27365.jpg,1898,1890,-8
27370.jpg,1898,1890,-8
27380.jpg,1898,1900,2
27385.jpg,1898,1850,-48
27390.jpg,1898,1950,52
27395.jpg,1898,1850,-48
27400.jpg,1898,1920,22
27405.jpg,1898,1920,22
27410.jpg,1898,1900,2
27415.jpg,1898,1850,-48
27420.jpg,1898,-1,-1899
27425.jpg,1898,1890,-8
27430.jpg,1898,1850,-48
27435.jpg,1898,1850,-48
27440.jpg,1898,1900,2
27445.jpg,1898,1920,22
27450.jpg,1898,1920,22
27455.jpg,1898,1960,62
27465.jpg,1898,1950,52
27470.jpg,1898,1900,2
27475.jpg,1898,1920,22
27480.jpg,1898,1920,22
27485.jpg,1898,1900,2
27490.jpg,1898,1890,-8
27495.jpg,1898,1850,-48
27500.jpg,1898,1920,22
27505.jpg,1898,1900,2
27510.jpg,1898,1890,-8
27515.jpg,1898,1850,-48
27520.jpg,1898,1850,-48
27525.jpg,1898,1920,22
27530.jpg,1898,1920,22
27540.jpg,1899,1850,-49
27545.jpg,1899,1950,51
27550.jpg,1899,1950,51
27555.jpg,1899,1890,-9
27560.jpg,1899,1900,1
27565.jpg,1899,1890,-9
27570.jpg,1899,1200,-699
27575.jpg,1899,1950,51
27580.jpg,1899,1890,-9
27585.jpg,1899,1920,21
27590.jpg,1899,1850,-49
27595.jpg,1899,1850,-49
27600.jpg,1899,1920,21
27605.jpg,1899,1930,31
27610.jpg,1899,1990,91
27615.jpg,1899,1850,-49
27620.jpg,1899,1850,-49
27625.jpg,1899,1850,-49
27630.jpg,1899,1920,21
27635.jpg,1899,1890,-9
27640.jpg,1899,1900,1
27645.jpg,1899,1850,-49
27650.jpg,1899,1900,1
27655.jpg,1899,1900,1
27660.jpg,1899,1890,-9
27665.jpg,1899,1890,-9
27670.jpg,1899,1920,21
27675.jpg,1899,1850,-49
27680.jpg,1899,1200,-699
27685.jpg,1899,1900,1
27690.jpg,1899,1950,51
27695.jpg,1899,1900,1
27700.jpg,1899,1890,-9
27705.jpg,1899,-1,-1900
27715.jpg,1899,1900,1
27720.jpg,1899,1910,11
27725.jpg,1899,1900,1
27730.jpg,1899,1950,51
27735.jpg,1899,1920,21
27740.jpg,1899,1909,10
27745.jpg,1899,1200,-699
27750.jpg,1899,1900,1
27755.jpg,1899,1920,21
27760.jpg,1899,-1,-1900
27765.jpg,1899,1950,51
27770.jpg,1899,1850,-49
27775.jpg,1899,1850,-49
27780.jpg,1899,1950,51
27785.jpg,1899,1920,21
27790.jpg,1899,1850,-49
27795.jpg,1899,1900,1
27800.jpg,1899,1850,-49
27805.jpg,1899,1900,1
27810.jpg,1900,1850,-50
27815.jpg,1900,1900,0
27820.jpg,1900,1850,-50
27825.jpg,1900,1890,-10
27830.jpg,1900,1900,0
27835.jpg,1900,1950,50
27840.jpg,1900,1920,20
27845.jpg,1900,1890,-10
27850.jpg,1900,1850,-50
27855.jpg,1900,1850,-50
27860.jpg,1900,-1,-1901
27865.jpg,1900,1890,-10
27870.jpg,1900,1890,-10
27875.jpg,1900,1890,-10
27880.jpg,1900,1850,-50
27885.jpg,1900,1850,-50
27895.jpg,1900,1850,-50
27900.jpg,1900,1900,0
27905.jpg,1900,1890,-10
27910.jpg,1900,1850,-50
27915.jpg,1900,1920,20
27920.jpg,1900,1960,60
27925.jpg,1900,1950,50
27930.jpg,1900,1950,50
27935.jpg,1900,1950,50
27940.jpg,1900,1850,-50
27945.jpg,1900,1850,-50
27950.jpg,1900,1850,-50
27955.jpg,1900,1920,20
27960.jpg,1900,1890,-10
27965.jpg,1900,1960,60
27970.jpg,1900,1880,-20
27975.jpg,1900,1890,-10
27980.jpg,1900,1890,-10
27985.jpg,1900,1900,0
27990.jpg,1900,1850,-50
27995.jpg,1900,1900,0
28000.jpg,1900,1890,-10
28005.jpg,1900,1890,-10
28010.jpg,1900,1890,-10
28015.jpg,1900,1850,-50
28020.jpg,1900,1920,20
28025.jpg,1900,1890,-10
28030.jpg,1900,1890,-10
28035.jpg,1900,1890,-10
28040.jpg,1900,1900,0
28045.jpg,1900,1900,0
28050.jpg,1900,1890,-10
28055.jpg,1900,1850,-50
28060.jpg,1900,1920,20
28065.jpg,1900,1890,-10
28070.jpg,1900,1890,-10
28075.jpg,1900,1880,-20
28080.jpg,1900,1920,20
28085.jpg,1900,1850,-50
28090.jpg,1900,1930,30
28095.jpg,1900,1850,-50
28100.jpg,1900,1920,20
28105.jpg,1900,1920,20
28110.jpg,1900,1900,0
28115.jpg,1900,1890,-10
28120.jpg,1900,1850,-50
28125.jpg,1900,-1,-1901
28130.jpg,1900,1850,-50
28135.jpg,1900,1920,20
28140.jpg,1900,1890,-10
28145.jpg,1900,1200,-700
28150.jpg,1900,1950,50
28155.jpg,1900,1920,20
28160.jpg,1900,1950,50
28165.jpg,1900,1930,30
28170.jpg,1900,1900,0
28175.jpg,1900,1850,-50
28180.jpg,1901,-1,-1902
28185.jpg,1901,1920,19
28190.jpg,1901,1850,-51
28195.jpg,1901,-1,-1902
28200.jpg,1901,-1,-1902
28205.jpg,1901,1850,-51
28210.jpg,1901,1890,-11
28215.jpg,1901,1920,19
28220.jpg,1901,1920,19
28225.jpg,1901,1890,-11
28230.jpg,1901,1920,19
28235.jpg,1901,1900,-1
28240.jpg,1901,1900,-1
28245.jpg,1901,1920,19
28250.jpg,1901,1850,-51
28255.jpg,1901,-1,-1902
28260.jpg,1901,1920,19
28265.jpg,1901,1920,19
28270.jpg,1901,1850,-51
28275.jpg,1901,1850,-51
28280.jpg,1901,1920,19
28285.jpg,1901,1950,49
28290.jpg,1901,1850,-51
28295.jpg,1901,1950,49
28300.jpg,1901,1850,-51
28305.jpg,1901,-1,-1902
28310.jpg,1901,-1,-1902
28315.jpg,1901,1920,19
28320.jpg,1901,1890,-11
28325.jpg,1901,1920,19
28330.jpg,1901,1900,-1
28335.jpg,1901,1920,19
28340.jpg,1901,-1,-1902
28345.jpg,1901,1890,-11
28350.jpg,1901,1950,49
28355.jpg,1901,1900,-1
28360.jpg,1901,1970,69
28365.jpg,1901,1890,-11
28370.jpg,1901,1850,-51
28375.jpg,1901,1890,-11
28380.jpg,1901,1900,-1
28385.jpg,1901,1900,-1
28390.jpg,1901,1900,-1
28395.jpg,1901,1900,-1
28400.jpg,1901,1850,-51
28405.jpg,1901,1950,49
28410.jpg,1901,1950,49
28415.jpg,1901,1890,-11
28420.jpg,1901,1900,-1
28425.jpg,1901,1950,49
28430.jpg,1901,1890,-11
28435.jpg,1901,1890,-11
28440.jpg,1901,1890,-11
28445.jpg,1901,1930,29
28450.jpg,1901,1900,-1
28455.jpg,1901,1850,-51
28460.jpg,1901,1920,19
28465.jpg,1901,1890,-11
28470.jpg,1901,1900,-1
28475.jpg,1901,1920,19
28480.jpg,1901,1950,49
28485.jpg,1901,1920,19
28490.jpg,1901,1920,19
28495.jpg,1901,1950,49
28500.jpg,1901,1920,19
28505.jpg,1901,1920,19
28510.jpg,1901,1850,-51
28515.jpg,1901,1850,-51
28520.jpg,1902,1850,-52
28525.jpg,1902,-1,-1903
28530.jpg,1902,1850,-52
28535.jpg,1902,1920,18
28540.jpg,1902,-1,-1903
28545.jpg,1902,1960,58
28550.jpg,1902,1950,48
28555.jpg,1902,1920,18
28560.jpg,1902,1950,48
28575.jpg,1902,1930,28
28580.jpg,1902,1920,18
28585.jpg,1902,1900,-2
28590.jpg,1902,1920,18
28595.jpg,1902,1890,-12
28600.jpg,1902,1920,18
28605.jpg,1902,1920,18
28610.jpg,1902,1920,18
28615.jpg,1902,1920,18
28620.jpg,1902,1850,-52
28625.jpg,1902,1950,48
28630.jpg,1902,1920,18
28635.jpg,1902,1950,48
28640.jpg,1902,1920,18
28645.jpg,1902,1930,28
28650.jpg,1902,1850,-52
28655.jpg,1902,1850,-52
28660.jpg,1902,1950,48
28665.jpg,1902,1850,-52
28670.jpg,1902,1850,-52
28675.jpg,1902,1850,-52
28680.jpg,1902,1600,-302
28685.jpg,1902,1890,-12
28690.jpg,1902,1890,-12
28695.jpg,1902,1900,-2
28700.jpg,1902,1900,-2
28705.jpg,1902,1890,-12
28710.jpg,1902,1880,-22
28715.jpg,1902,1900,-2
28720.jpg,1902,1890,-12
28725.jpg,1902,1900,-2
28730.jpg,1902,1850,-52
28735.jpg,1902,1920,18
28740.jpg,1902,1900,-2
28745.jpg,1902,1930,28
28750.jpg,1902,1890,-12
28755.jpg,1902,1890,-12
28760.jpg,1902,1930,28
28765.jpg,1902,1950,48
28770.jpg,1902,1890,-12
28775.jpg,1902,1900,-2
28780.jpg,1902,1900,-2
28785.jpg,1902,1950,48
28790.jpg,1902,1920,18
28795.jpg,1902,1920,18
28800.jpg,1902,1900,-2
28805.jpg,1902,1950,48
28810.jpg,1902,1880,-22
28815.jpg,1902,1920,18
28820.jpg,1902,1900,-2
28825.jpg,1902,1890,-12
28830.jpg,1902,1900,-2
28835.jpg,1902,1890,-12
28840.jpg,1902,1850,-52
28845.jpg,1902,1950,48
28850.jpg,1902,1890,-12
28855.jpg,1902,-1,-1903
28860.jpg,1902,1900,-2
28865.jpg,1902,1890,-12
28870.jpg,1902,1950,48
28875.jpg,1902,1850,-52
28880.jpg,1902,1850,-52
28885.jpg,1902,1850,-52
28890.jpg,1902,1920,18
28895.jpg,1902,1900,-2
28900.jpg,1902,1980,78
28905.jpg,1902,1890,-12
28910.jpg,1902,1920,18
28915.jpg,1902,1920,18
28920.jpg,1903,1800,-103
28925.jpg,1903,1900,-3
28930.jpg,1903,1920,17
28935.jpg,1903,1920,17
28940.jpg,1903,1920,17
28945.jpg,1903,1920,17
28955.jpg,1903,-1,-1904
28960.jpg,1903,1850,-53
28965.jpg,1903,1890,-13
28970.jpg,1903,1900,-3
28975.jpg,1903,1900,-3
28980.jpg,1903,1900,-3
28985.jpg,1903,1920,17
28990.jpg,1903,-1,-1904
28995.jpg,1903,1960,57
29000.jpg,1903,1920,17
29005.jpg,1903,1920,17
29010.jpg,1903,1920,17
29015.jpg,1903,1850,-53
29020.jpg,1903,1890,-13
29025.jpg,1903,1900,-3
29030.jpg,1903,1920,17
29035.jpg,1903,1920,17
29040.jpg,1903,1920,17
29045.jpg,1903,1900,-3
29050.jpg,1903,2010,107
29055.jpg,1903,1950,47
29060.jpg,1903,1920,17
29065.jpg,1903,1920,17
29070.jpg,1903,1900,-3
29075.jpg,1903,1950,47
29080.jpg,1903,1960,57
29085.jpg,1903,1950,47
29090.jpg,1903,1850,-53
29095.jpg,1903,1850,-53
29100.jpg,1903,1960,57
29105.jpg,1903,1850,-53
29110.jpg,1903,-1,-1904
29115.jpg,1903,1850,-53
29120.jpg,1903,1920,17
29125.jpg,1903,1890,-13
29130.jpg,1903,-1,-1904
29135.jpg,1903,1890,-13
29140.jpg,1903,1920,17
29145.jpg,1903,1920,17
29150.jpg,1903,1900,-3
29155.jpg,1903,-1,-1904
29160.jpg,1903,1890,-13
29165.jpg,1903,1900,-3
29170.jpg,1903,1920,17
29175.jpg,1903,1890,-13
29180.jpg,1903,1920,17
29185.jpg,1903,1950,47
29190.jpg,1903,1890,-13
29195.jpg,1903,1900,-3
29200.jpg,1903,1900,-3
29205.jpg,1903,1930,27
29210.jpg,1903,1850,-53
29215.jpg,1903,1920,17
29220.jpg,1903,1920,17
29225.jpg,1903,1890,-13
29230.jpg,1903,1900,-3
29235.jpg,1903,1890,-13
29240.jpg,1903,1850,-53
29245.jpg,1903,1950,47
29250.jpg,1903,1900,-3
29255.jpg,1903,1900,-3
29260.jpg,1903,1920,17
29265.jpg,1903,1850,-53
29270.jpg,1903,1890,-13
29275.jpg,1903,1850,-53
29280.jpg,1903,1890,-13
29285.jpg,1903,1920,17
29290.jpg,1903,1850,-53
29295.jpg,1903,1900,-3
29300.jpg,1903,1960,57
29305.jpg,1903,-1,-1904
29310.jpg,1903,1850,-53
29315.jpg,1903,1950,47
29320.jpg,1903,1920,17
29325.jpg,1903,1850,-53
29330.jpg,1903,1920,17
29335.jpg,1903,1900,-3
29340.jpg,1903,1850,-53
29345.jpg,1903,1920,17
29350.jpg,1903,1950,47
29355.jpg,1903,1920,17
29360.jpg,1903,1920,17
29365.jpg,1903,1960,57
29370.jpg,1903,1900,-3
29375.jpg,1903,1850,-53
29380.jpg,1904,1850,-54
29385.jpg,1904,-1,-1905
29390.jpg,1904,1880,-24
29395.jpg,1904,1990,86
29400.jpg,1904,1850,-54
29405.jpg,1904,-1,-1905
29410.jpg,1904,1960,56
29415.jpg,1904,1950,46
29420.jpg,1904,1900,-4
29425.jpg,1904,1920,16
29430.jpg,1904,1850,-54
29435.jpg,1904,1850,-54
29440.jpg,1904,1850,-54
29445.jpg,1904,1920,16
29450.jpg,1904,1920,16
29455.jpg,1904,1920,16
29460.jpg,1904,1200,-704
29465.jpg,1904,1950,46
29470.jpg,1904,1960,56
29475.jpg,1904,1920,16
29480.jpg,1904,2010,106
29485.jpg,1904,1920,16
29490.jpg,1904,1920,16
29495.jpg,1904,1890,-14
29500.jpg,1904,1980,76
29505.jpg,1904,1850,-54
29510.jpg,1904,1890,-14
29515.jpg,1904,1920,16
29520.jpg,1904,1900,-4
29525.jpg,1904,1920,16
29530.jpg,1904,1920,16
29535.jpg,1904,1930,26
29540.jpg,1904,1920,16
29550.jpg,1904,1850,-54
29555.jpg,1904,1950,46
29560.jpg,1904,1950,46
29565.jpg,1904,-1,-1905
29570.jpg,1904,1850,-54
29575.jpg,1904,-1,-1905
29580.jpg,1904,1850,-54
29585.jpg,1904,1950,46
29590.jpg,1904,1900,-4
29595.jpg,1904,1890,-14
29600.jpg,1904,1900,-4
29605.jpg,1904,1950,46
29610.jpg,1904,1900,-4
29615.jpg,1904,1950,46
29620.jpg,1904,1900,-4
29625.jpg,1904,1890,-14
29630.jpg,1904,1890,-14
29635.jpg,1904,1850,-54
29640.jpg,1904,1850,-54
29645.jpg,1904,1950,46
29650.jpg,1904,1900,-4
29655.jpg,1904,1900,-4
29660.jpg,1904,1920,16
29665.jpg,1904,1950,46
29670.jpg,1904,1920,16
29675.jpg,1904,1900,-4
29680.jpg,1904,1890,-14
29685.jpg,1904,1900,-4
29690.jpg,1904,1920,16
29695.jpg,1904,-1,-1905
29700.jpg,1904,1920,16
29705.jpg,1904,-1,-1905
29710.jpg,1904,1850,-54
29715.jpg,1904,1920,16
29720.jpg,1904,1850,-54
29725.jpg,1904,1950,46
29730.jpg,1904,1900,-4
29735.jpg,1904,-1,-1905
29740.jpg,1904,1950,46
29745.jpg,1904,1920,16
29750.jpg,1904,1900,-4
29755.jpg,1904,1880,-24
29760.jpg,1904,1920,16
29765.jpg,1904,1850,-54
29770.jpg,1904,1920,16
29775.jpg,1904,1960,56
29780.jpg,1904,1904,0
29790.jpg,1904,1850,-54
29795.jpg,1904,1920,16
29800.jpg,1904,1920,16
29805.jpg,1904,1850,-54
29810.jpg,1904,1850,-54
29815.jpg,1904,1850,-54
29820.jpg,1904,1920,16
29825.jpg,1904,-1,-1905
29830.jpg,1905,1920,15
29835.jpg,1905,1950,45
29840.jpg,1905,1850,-55
29845.jpg,1905,1920,15
29850.jpg,1905,1960,55
29855.jpg,1905,1920,15
29860.jpg,1905,1980,75
29865.jpg,1905,1920,15
29870.jpg,1905,1900,-5
29875.jpg,1905,1950,45
29880.jpg,1905,1850,-55
29885.jpg,1905,1950,45
29890.jpg,1905,1950,45
29895.jpg,1905,1890,-15
29900.jpg,1905,1920,15
29905.jpg,1905,1920,15
29910.jpg,1905,1920,15
29915.jpg,1905,1900,-5
29920.jpg,1905,1850,-55
29925.jpg,1905,1920,15
29930.jpg,1905,1850,-55
29935.jpg,1905,1920,15
29940.jpg,1905,1850,-55
29945.jpg,1905,1920,15
29950.jpg,1905,1890,-15
29960.jpg,1905,1950,45
29965.jpg,1905,1890,-15
29970.jpg,1905,1920,15
29975.jpg,1905,1920,15
29980.jpg,1905,1920,15
29985.jpg,1905,1950,45
29990.jpg,1905,1881,-24
29995.jpg,1905,1850,-55
30000.jpg,1905,1850,-55
30005.jpg,1905,1950,45
30015.jpg,1905,-1,-1906
30020.jpg,1905,1950,45
30025.jpg,1905,1900,-5
30030.jpg,1905,1880,-25
30035.jpg,1905,1920,15
30040.jpg,1905,1960,55
30045.jpg,1905,1850,-55
30050.jpg,1905,1950,45
30055.jpg,1905,1950,45
30060.jpg,1905,1890,-15
30065.jpg,1905,1920,15
30070.jpg,1905,1920,15
30075.jpg,1905,1850,-55
30080.jpg,1905,1920,15
30085.jpg,1905,1950,45
30090.jpg,1905,1890,-15
30095.jpg,1905,1890,-15
30100.jpg,1905,1850,-55
30105.jpg,1905,1900,-5
30110.jpg,1905,1950,45
30115.jpg,1905,-1,-1906
30120.jpg,1905,1850,-55
30125.jpg,1905,1900,-5
30130.jpg,1905,1950,45
30135.jpg,1905,1920,15
30140.jpg,1905,1920,15
30145.jpg,1905,1890,-15
30155.jpg,1905,1890,-15
30160.jpg,1905,1950,45
30165.jpg,1905,1850,-55
30170.jpg,1905,1900,-5
30175.jpg,1905,1900,-5
30180.jpg,1905,1960,55
30185.jpg,1905,1920,15
30190.jpg,1905,1900,-5
30195.jpg,1905,1850,-55
30200.jpg,1905,1900,-5
30205.jpg,1905,1950,45
30210.jpg,1905,1880,-25
30215.jpg,1905,1900,-5
30220.jpg,1905,1850,-55
30225.jpg,1905,1890,-15
30230.jpg,1905,1950,45
30235.jpg,1905,1900,-5
30240.jpg,1905,1920,15
30245.jpg,1905,1900,-5
30250.jpg,1905,1850,-55
30255.jpg,1905,1920,15
30260.jpg,1905,1920,15
30265.jpg,1905,1950,45
30270.jpg,1905,1950,45
30275.jpg,1905,1920,15
30280.jpg,1905,1920,15
30285.jpg,1905,1920,15
30290.jpg,1905,1920,15
30295.jpg,1906,1850,-56
30300.jpg,1906,1890,-16
30305.jpg,1906,1920,14
30310.jpg,1906,1920,14
30315.jpg,1906,1920,14
30320.jpg,1906,1960,54
30325.jpg,1906,1950,44
30330.jpg,1906,1900,-6
30335.jpg,1906,1950,44
30340.jpg,1906,1920,14
30345.jpg,1906,1890,-16
30350.jpg,1906,1950,44
30355.jpg,1906,1850,-56
30360.jpg,1906,1920,14
30365.jpg,1906,1920,14
30370.jpg,1906,1920,14
30375.jpg,1906,1920,14
30380.jpg,1906,1920,14
30385.jpg,1906,1850,-56
30390.jpg,1906,1920,14
30395.jpg,1906,1920,14
30400.jpg,1906,1920,14
30405.jpg,1906,-1,-1907
30410.jpg,1906,1900,-6
30415.jpg,1906,1950,44
30420.jpg,1906,1950,44
30425.jpg,1906,1920,14
30430.jpg,1906,1900,-6
30435.jpg,1906,1920,14
30440.jpg,1906,1990,84
30445.jpg,1906,1850,-56
30450.jpg,1906,1850,-56
30455.jpg,1906,-1,-1907
30460.jpg,1906,1850,-56
30465.jpg,1906,1850,-56
30470.jpg,1906,1880,-26
30475.jpg,1906,1920,14
30480.jpg,1906,1920,14
30485.jpg,1906,1900,-6
30490.jpg,1906,1890,-16
30495.jpg,1906,1900,-6
30500.jpg,1906,1950,44
30505.jpg,1906,1950,44
30510.jpg,1906,1880,-26
30515.jpg,1906,1920,14
30520.jpg,1906,1900,-6
30525.jpg,1906,1900,-6
30530.jpg,1906,1900,-6
30535.jpg,1906,1900,-6
30540.jpg,1906,-1,-1907
30545.jpg,1906,1930,24
30550.jpg,1906,1900,-6
30555.jpg,1906,1920,14
30560.jpg,1906,1850,-56
30565.jpg,1906,1850,-56
30570.jpg,1906,1920,14
30575.jpg,1906,1950,44
30580.jpg,1906,1950,44
30585.jpg,1906,1890,-16
30590.jpg,1906,1950,44
30595.jpg,1906,1920,14
30600.jpg,1906,1900,-6
30605.jpg,1906,1890,-16
30610.jpg,1906,1900,-6
30615.jpg,1906,1920,14
30620.jpg,1906,1900,-6
30625.jpg,1906,1890,-16
30630.jpg,1906,1890,-16
30635.jpg,1906,1950,44
30640.jpg,1906,1900,-6
30645.jpg,1906,1850,-56
30650.jpg,1906,1850,-56
30655.jpg,1906,1850,-56
30665.jpg,1906,1920,14
30670.jpg,1906,1920,14
30685.jpg,1906,1850,-56
30690.jpg,1906,1950,44
30695.jpg,1906,1920,14
30700.jpg,1906,1920,14
30705.jpg,1906,1900,-6
30710.jpg,1906,1950,44
30715.jpg,1906,1970,64
30720.jpg,1906,1920,14
30725.jpg,1906,1920,14
30730.jpg,1906,1920,14
30740.jpg,1906,1890,-16
30745.jpg,1906,1890,-16
30750.jpg,1906,1900,-6
30760.jpg,1907,1850,-57
30765.jpg,1907,1920,13
30770.jpg,1907,1850,-57
30780.jpg,1907,-1,-1908
30785.jpg,1907,-1,-1908
30790.jpg,1907,1960,53
30795.jpg,1907,1850,-57
30800.jpg,1907,1920,13
30805.jpg,1907,1850,-57
30810.jpg,1907,1850,-57
30815.jpg,1907,1950,43
30820.jpg,1907,1920,13
30825.jpg,1907,1920,13
30830.jpg,1907,1920,13
30835.jpg,1907,1920,13
30840.jpg,1907,1920,13
30845.jpg,1907,20,-1887
30855.jpg,1907,1920,13
30860.jpg,1907,1920,13
30865.jpg,1907,1920,13
30870.jpg,1907,1920,13
30875.jpg,1907,1920,13
30880.jpg,1907,1920,13
30885.jpg,1907,1920,13
30895.jpg,1907,1950,43
30900.jpg,1907,-1,-1908
30905.jpg,1907,-1,-1908
30910.jpg,1907,1960,53
30915.jpg,1907,1920,13
30920.jpg,1907,1960,53
30925.jpg,1907,1950,43
30930.jpg,1907,1850,-57
30935.jpg,1907,1960,53
30940.jpg,1907,1960,53
30945.jpg,1907,1930,23
30950.jpg,1907,1850,-57
30955.jpg,1907,1850,-57
30960.jpg,1907,1890,-17
30965.jpg,1907,-1,-1908
30970.jpg,1907,1920,13
30975.jpg,1907,1850,-57
30980.jpg,1907,1920,13
30985.jpg,1907,1920,13
30990.jpg,1907,1950,43
30995.jpg,1907,1950,43
31000.jpg,1907,1850,-57
31005.jpg,1907,1880,-27
31010.jpg,1907,1950,43
31015.jpg,1907,1900,-7
31020.jpg,1907,1900,-7
31025.jpg,1907,1850,-57
31030.jpg,1907,1950,43
31035.jpg,1907,1920,13
31040.jpg,1907,1850,-57
31045.jpg,1907,1920,13
31050.jpg,1907,1900,-7
31055.jpg,1907,1850,-57
31060.jpg,1907,1890,-17
31065.jpg,1907,1890,-17
31070.jpg,1907,1900,-7
31075.jpg,1907,1900,-7
31080.jpg,1907,1920,13
31085.jpg,1907,1920,13
31090.jpg,1907,1890,-17
31095.jpg,1907,1890,-17
31100.jpg,1907,1950,43
31105.jpg,1907,1890,-17
31110.jpg,1907,1950,43
31115.jpg,1907,1890,-17
31120.jpg,1907,1850,-57
31125.jpg,1907,1850,-57
31130.jpg,1907,1920,13
31135.jpg,1907,-1,-1908
31140.jpg,1907,1960,53
31150.jpg,1907,1890,-17
31155.jpg,1907,1930,23
31160.jpg,1907,1950,43
31165.jpg,1907,1950,43
31170.jpg,1907,1960,53
31175.jpg,1907,1950,43
31180.jpg,1907,1950,43
31185.jpg,1907,1920,13
31190.jpg,1907,1960,53
31195.jpg,1907,1950,43
31200.jpg,1907,1960,53
31205.jpg,1907,-1,-1908
31210.jpg,1907,1850,-57
31215.jpg,1907,1950,43
31220.jpg,1907,1900,-7
31225.jpg,1907,1950,43
31230.jpg,1907,1960,53
31235.jpg,1907,1850,-57
31240.jpg,1907,1900,-7
31245.jpg,1907,1850,-57
31250.jpg,1907,1920,13
31255.jpg,1907,1850,-57
31260.jpg,1907,1950,43
31265.jpg,1907,1848,-59
31270.jpg,1907,1850,-57
31275.jpg,1907,1890,-17
31280.jpg,1907,1850,-57
31285.jpg,1907,1950,43
31290.jpg,1907,1850,-57
31295.jpg,1907,1960,53
31300.jpg,1907,1950,43
31305.jpg,1907,1920,13
31310.jpg,1908,1850,-58
31315.jpg,1908,1920,12
31320.jpg,1908,1930,22
31325.jpg,1908,1850,-58
31330.jpg,1908,1850,-58
31335.jpg,1908,-1,-1909
31345.jpg,1908,1950,42
31350.jpg,1908,1920,12
31355.jpg,1908,1920,12
31360.jpg,1908,1950,42
31365.jpg,1908,1890,-18
31370.jpg,1908,1920,12
31380.jpg,1908,1850,-58
31385.jpg,1908,1950,42
31390.jpg,1908,1920,12
31395.jpg,1908,1900,-8
31400.jpg,1908,-1,-1909
31405.jpg,1908,1950,42
31410.jpg,1908,1890,-18
31415.jpg,1908,1920,12
31420.jpg,1908,1850,-58
31425.jpg,1908,1950,42
31430.jpg,1908,1890,-18
31435.jpg,1908,1950,42
31440.jpg,1908,1920,12
31445.jpg,1908,1900,-8
31450.jpg,1908,1920,12
31455.jpg,1908,1920,12
31460.jpg,1908,1920,12
31465.jpg,1908,1950,42
31470.jpg,1908,1950,42
31475.jpg,1908,1950,42
31480.jpg,1908,1850,-58
31485.jpg,1908,1850,-58
31490.jpg,1908,-1,-1909
31500.jpg,1908,1950,42
31505.jpg,1908,1920,12
31510.jpg,1908,1900,-8
31515.jpg,1908,1890,-18
31520.jpg,1908,1920,12
31525.jpg,1908,1900,-8
31530.jpg,1908,1960,52
31535.jpg,1908,1950,42
31540.jpg,1908,1900,-8
31545.jpg,1908,1920,12
31550.jpg,1908,1900,-8
31555.jpg,1908,1900,-8
31560.jpg,1908,1920,12
31565.jpg,1908,1850,-58
31570.jpg,1908,-1,-1909
31575.jpg,1908,1850,-58
31580.jpg,1908,1920,12
31585.jpg,1908,1920,12
31590.jpg,1908,1920,12
31595.jpg,1908,1900,-8
31600.jpg,1908,1900,-8
31605.jpg,1908,1850,-58
31610.jpg,1908,1850,-58
31620.jpg,1908,1950,42
31625.jpg,1908,1950,42
31630.jpg,1908,1900,-8
31635.jpg,1908,1920,12
31640.jpg,1908,1950,42
31645.jpg,1908,1950,42
31650.jpg,1908,1950,42
31655.jpg,1908,1900,-8
31660.jpg,1908,1950,42
31665.jpg,1908,1850,-58
31670.jpg,1908,1890,-18
31675.jpg,1908,-1,-1909
31680.jpg,1908,1850,-58
31685.jpg,1908,1900,-8
31690.jpg,1908,1920,12
31695.jpg,1908,1920,12
31700.jpg,1908,1900,-8
31705.jpg,1908,1850,-58
31710.jpg,1908,1890,-18
31715.jpg,1908,1900,-8
31720.jpg,1908,1950,42
31725.jpg,1908,1950,42
31730.jpg,1908,1920,12
31735.jpg,1908,1950,42
31740.jpg,1908,1880,-28
31745.jpg,1908,1950,42
31750.jpg,1908,1950,42
31755.jpg,1908,1920,12
31760.jpg,1908,1920,12
31765.jpg,1909,-1,-1910
31770.jpg,1909,1920,11
31775.jpg,1909,1920,11
31780.jpg,1909,1920,11
31785.jpg,1909,1960,51
31790.jpg,1909,1990,81
31805.jpg,1909,1950,41
31815.jpg,1909,1900,-9
31820.jpg,1909,1950,41
31825.jpg,1909,1920,11
31830.jpg,1909,1850,-59
31835.jpg,1909,1950,41
31840.jpg,1909,1900,-9
31845.jpg,1909,1920,11
31850.jpg,1909,1900,-9
31855.jpg,1909,1920,11
31860.jpg,1909,1850,-59
31865.jpg,1909,1920,11
31870.jpg,1909,1920,11
31875.jpg,1909,1890,-19
31880.jpg,1909,1910,1
31885.jpg,1909,1920,11
31890.jpg,1909,1920,11
31895.jpg,1909,1920,11
31900.jpg,1909,1920,11
31905.jpg,1909,1920,11
31910.jpg,1909,1920,11
31915.jpg,1909,1950,41
31920.jpg,1909,-1,-1910
31925.jpg,1909,1950,41
31930.jpg,1909,1890,-19
31935.jpg,1909,1950,41
31940.jpg,1909,1920,11
31945.jpg,1909,1920,11
31950.jpg,1909,1950,41
31955.jpg,1909,-1,-1910
31960.jpg,1909,1950,41
31970.jpg,1909,1850,-59
31975.jpg,1909,1900,-9
31980.jpg,1909,1920,11
31985.jpg,1909,1890,-19
31990.jpg,1909,-1,-1910
31995.jpg,1909,1950,41
32005.jpg,1909,1850,-59
32015.jpg,1909,1850,-59
32020.jpg,1909,1920,11
32025.jpg,1909,1920,11
32030.jpg,1909,1920,11
32035.jpg,1909,1850,-59
32045.jpg,1909,1900,-9
32050.jpg,1909,1890,-19
32055.jpg,1909,1920,11
32060.jpg,1909,1950,41
32065.jpg,1909,1920,11
32070.jpg,1909,1920,11
32075.jpg,1909,-1,-1910
32080.jpg,1909,1850,-59
32085.jpg,1909,1920,11
32090.jpg,1909,1920,11
32095.jpg,1909,1900,-9
32100.jpg,1909,1920,11
32105.jpg,1909,1950,41
32110.jpg,1909,1950,41
32115.jpg,1909,1920,11
32120.jpg,1909,1950,41
32125.jpg,1909,1920,11
32130.jpg,1909,1950,41
32135.jpg,1909,1900,-9
32140.jpg,1909,1920,11
32145.jpg,1909,1890,-19
32150.jpg,1909,1850,-59
32155.jpg,1909,1950,41
32160.jpg,1909,1920,11
32165.jpg,1909,1920,11
32170.jpg,1909,1920,11
32175.jpg,1909,1920,11
32180.jpg,1909,1920,11
32185.jpg,1909,-1,-1910
32190.jpg,1909,1850,-59
32195.jpg,1909,1920,11
32200.jpg,1909,1920,11
32205.jpg,1909,1920,11
32210.jpg,1909,-1,-1910
32215.jpg,1909,1920,11
32220.jpg,1909,1890,-19
32225.jpg,1909,1950,41
32230.jpg,1910,1850,-60
32235.jpg,1910,1880,-30
32240.jpg,1910,1920,10
32245.jpg,1910,1950,40
32255.jpg,1910,1900,-10
32260.jpg,1910,1950,40
32265.jpg,1910,1960,50
32270.jpg,1910,1960,50
32275.jpg,1910,1960,50
32280.jpg,1910,1920,10
32285.jpg,1910,1850,-60
32290.jpg,1910,1900,-10
32295.jpg,1910,1900,-10
32300.jpg,1910,1850,-60
32305.jpg,1910,1850,-60
32310.jpg,1910,1890,-20
32315.jpg,1910,1920,10
32320.jpg,1910,1890,-20
32325.jpg,1910,1900,-10
32330.jpg,1910,20,-1890
32335.jpg,1910,1900,-10
32340.jpg,1910,1850,-60
32345.jpg,1910,1900,-10
32350.jpg,1910,1850,-60
32355.jpg,1910,1920,10
32360.jpg,1910,1920,10
32365.jpg,1910,1950,40
32370.jpg,1910,1950,40
32375.jpg,1910,-1,-1911
32380.jpg,1910,1850,-60
32385.jpg,1910,1970,60
32390.jpg,1910,1950,40
32395.jpg,1910,1950,40
32400.jpg,1910,1930,20
32405.jpg,1910,1850,-60
32410.jpg,1910,-1,-1911
32415.jpg,1910,1850,-60
32420.jpg,1910,1850,-60
32425.jpg,1910,1850,-60
32430.jpg,1910,1900,-10
32435.jpg,1910,1890,-20
32440.jpg,1910,1920,10
32445.jpg,1910,1850,-60
32450.jpg,1910,1920,10
32455.jpg,1910,1850,-60
32460.jpg,1910,1920,10
32465.jpg,1910,1920,10
32470.jpg,1910,1900,-10
32475.jpg,1910,1950,40
32480.jpg,1910,1920,10
32485.jpg,1910,1920,10
32490.jpg,1910,1890,-20
32495.jpg,1910,1920,10
32500.jpg,1910,-1,-1911
32505.jpg,1910,1920,10
32510.jpg,1910,1980,70
32515.jpg,1910,1900,-10
32520.jpg,1910,1920,10
32525.jpg,1910,1890,-20
32530.jpg,1910,1900,-10
32535.jpg,1910,1950,40
32540.jpg,1910,1920,10
32545.jpg,1910,1920,10
32550.jpg,1910,1900,-10
32555.jpg,1910,1920,10
32560.jpg,1910,1950,40
32565.jpg,1910,1900,-10
32570.jpg,1910,1890,-20
32575.jpg,1910,1890,-20
32580.jpg,1910,-1,-1911
32585.jpg,1910,1920,10
32590.jpg,1910,1900,-10
32595.jpg,1910,1850,-60
32600.jpg,1910,-1,-1911
32605.jpg,1910,1850,-60
32610.jpg,1910,1950,40
32615.jpg,1910,1950,40
32620.jpg,1910,1920,10
32625.jpg,1910,1950,40
32630.jpg,1910,1920,10
32635.jpg,1910,1920,10
32640.jpg,1910,1920,10
32645.jpg,1910,1920,10
32650.jpg,1910,1850,-60
32655.jpg,1910,1950,40
32660.jpg,1910,1920,10
32665.jpg,1910,1900,-10
32675.jpg,1910,1920,10
32680.jpg,1910,1850,-60
32685.jpg,1910,1920,10
32690.jpg,1910,1920,10
32695.jpg,1910,1920,10
32700.jpg,1910,1920,10
32705.jpg,1910,1850,-60
32710.jpg,1910,1920,10
32715.jpg,1910,1950,40
32720.jpg,1910,1920,10
32725.jpg,1910,1900,-10
32730.jpg,1910,1950,40
32735.jpg,1910,1850,-60
32740.jpg,1911,1850,-61
32745.jpg,1911,1920,9
32750.jpg,1911,-1,-1912
32755.jpg,1911,1930,19
32760.jpg,1911,-1,-1912
32765.jpg,1911,1890,-21
32770.jpg,1911,1890,-21
32775.jpg,1911,1920,9
32780.jpg,1911,-1,-1912
32785.jpg,1911,1960,49
32790.jpg,1911,1850,-61
32795.jpg,1911,1912,1
32800.jpg,1911,1950,39
32805.jpg,1911,1850,-61
32810.jpg,1911,1920,9
32815.jpg,1911,1900,-11
32820.jpg,1911,1950,39
32825.jpg,1911,1920,9
32830.jpg,1911,1950,39
32835.jpg,1911,1900,-11
32840.jpg,1911,1960,49
32845.jpg,1911,1850,-61
32850.jpg,1911,1920,9
32855.jpg,1911,1920,9
32860.jpg,1911,1950,39
32865.jpg,1911,1920,9
32870.jpg,1911,1920,9
32875.jpg,1911,1920,9
32885.jpg,1911,1850,-61
32890.jpg,1911,1900,-11
32895.jpg,1911,1920,9
32900.jpg,1911,1920,9
32905.jpg,1911,1920,9
32910.jpg,1911,1950,39
32915.jpg,1911,1920,9
32920.jpg,1911,-1,-1912
32925.jpg,1911,1920,9
32930.jpg,1911,1920,9
32935.jpg,1911,1960,49
32940.jpg,1911,1920,9
32945.jpg,1911,1920,9
32950.jpg,1911,2010,99
32955.jpg,1911,1930,19
32960.jpg,1911,1950,39
32965.jpg,1911,1960,49
32970.jpg,1911,1850,-61
32975.jpg,1911,1850,-61
32980.jpg,1911,1890,-21
32985.jpg,1911,1910,-1
32990.jpg,1911,1850,-61
32995.jpg,1911,1900,-11
33000.jpg,1911,1920,9
33005.jpg,1911,1950,39
33010.jpg,1911,1920,9
33015.jpg,1911,1900,-11
33020.jpg,1911,1920,9
33025.jpg,1911,1850,-61
33030.jpg,1911,1890,-21
33035.jpg,1911,1970,59
33040.jpg,1911,1920,9
33045.jpg,1911,1850,-61
33050.jpg,1911,1950,39
33055.jpg,1911,1920,9
33060.jpg,1911,1920,9
33065.jpg,1911,1900,-11
33070.jpg,1911,1920,9
33075.jpg,1911,1900,-11
33080.jpg,1911,1920,9
33085.jpg,1911,1890,-21
33090.jpg,1911,1900,-11
33095.jpg,1911,1890,-21
33100.jpg,1911,-1,-1912
33105.jpg,1911,1850,-61
33110.jpg,1911,1950,39
33115.jpg,1911,1850,-61
33120.jpg,1911,1920,9
33125.jpg,1911,1990,79
33130.jpg,1911,1950,39
33135.jpg,1911,1920,9
33140.jpg,1911,1850,-61
33145.jpg,1911,1850,-61
33150.jpg,1911,1600,-311
33155.jpg,1911,1960,49
33160.jpg,1911,1950,39
33165.jpg,1911,1920,9
33170.jpg,1911,1920,9
33175.jpg,1911,1960,49
33180.jpg,1911,1950,39
33185.jpg,1911,1900,-11
33190.jpg,1911,1920,9
33195.jpg,1911,2010,99
33200.jpg,1911,1920,9
33205.jpg,1911,1890,-21
33210.jpg,1911,1850,-61
33215.jpg,1911,1950,39
33220.jpg,1911,-1,-1912
33225.jpg,1911,1950,39
33230.jpg,1911,1890,-21
33235.jpg,1911,1850,-61
33240.jpg,1911,1850,-61
33245.jpg,1911,1920,9
33250.jpg,1911,1920,9
33255.jpg,1911,1850,-61
33260.jpg,1911,1920,9
33265.jpg,1911,1850,-61
33270.jpg,1911,1890,-21
33275.jpg,1911,1920,9
33280.jpg,1912,1920,8
33285.jpg,1912,1920,8
33290.jpg,1912,-1,-1913
33295.jpg,1912,1920,8
33300.jpg,1912,1890,-22
33310.jpg,1912,1960,48
33315.jpg,1912,1960,48
33320.jpg,1912,1980,68
33325.jpg,1912,1930,18
33330.jpg,1912,1950,38
33335.jpg,1912,1950,38
33340.jpg,1912,-1,-1913
33345.jpg,1912,1950,38
33350.jpg,1912,1850,-62
33355.jpg,1912,1920,8
33360.jpg,1912,1950,38
33365.jpg,1912,1920,8
33375.jpg,1912,1920,8
33380.jpg,1912,1920,8
33385.jpg,1912,1900,-12
33390.jpg,1912,1920,8
33395.jpg,1912,1960,48
33400.jpg,1912,-1,-1913
33405.jpg,1912,1960,48
33410.jpg,1912,1950,38
33415.jpg,1912,1920,8
33420.jpg,1912,-1,-1913
33425.jpg,1912,1920,8
33430.jpg,1912,1920,8
33435.jpg,1912,1920,8
33440.jpg,1912,1950,38
33445.jpg,1912,1920,8
33450.jpg,1912,1920,8
33455.jpg,1912,1950,38
33460.jpg,1912,1920,8
33465.jpg,1912,1900,-12
33470.jpg,1912,1920,8
33475.jpg,1912,1890,-22
33480.jpg,1912,1950,38
33485.jpg,1912,1960,48
33490.jpg,1912,-1,-1913
33495.jpg,1912,1950,38
33500.jpg,1912,1950,38
33505.jpg,1912,1850,-62
33510.jpg,1912,1950,38
33515.jpg,1912,1950,38
33520.jpg,1912,1920,8
33525.jpg,1912,1950,38
33530.jpg,1912,1950,38
33535.jpg,1912,1900,-12
33540.jpg,1912,1920,8
33545.jpg,1912,1920,8
33550.jpg,1912,1920,8
33555.jpg,1912,1900,-12
33560.jpg,1912,1850,-62
33565.jpg,1912,1900,-12
33570.jpg,1912,1900,-12
33580.jpg,1912,1850,-62
33585.jpg,1912,1890,-22
33590.jpg,1912,1900,-12
33595.jpg,1912,1900,-12
33600.jpg,1912,1900,-12
33605.jpg,1912,1920,8
33615.jpg,1912,1950,38
33620.jpg,1912,1950,38
33625.jpg,1912,1920,8
33630.jpg,1912,1950,38
33635.jpg,1912,1950,38
33640.jpg,1912,1900,-12
33645.jpg,1912,1900,-12
33650.jpg,1912,1900,-12
33655.jpg,1912,1920,8
33660.jpg,1912,1890,-22
33665.jpg,1912,-1,-1913
33670.jpg,1912,1950,38
33675.jpg,1912,1960,48
33680.jpg,1912,1850,-62
33685.jpg,1912,1950,38
33690.jpg,1912,1960,48
33695.jpg,1912,-1,-1913
33700.jpg,1912,1950,38
33705.jpg,1912,1920,8
33710.jpg,1912,1920,8
33715.jpg,1912,1920,8
33720.jpg,1912,1900,-12
33725.jpg,1912,1920,8
33735.jpg,1912,1850,-62
33740.jpg,1912,1920,8
33745.jpg,1912,1950,38
33750.jpg,1912,1920,8
33755.jpg,1912,1920,8
33760.jpg,1912,1850,-62
33765.jpg,1913,1920,7
33770.jpg,1913,1850,-63
33775.jpg,1913,-1,-1914
33780.jpg,1913,1920,7
33785.jpg,1913,1920,7
33790.jpg,1913,1920,7
33795.jpg,1913,1920,7
33800.jpg,1913,1900,-13
33805.jpg,1913,1900,-13
33810.jpg,1913,1920,7
33815.jpg,1913,-1,-1914
33820.jpg,1913,1930,17
33825.jpg,1913,-1,-1914
33830.jpg,1913,-1,-1914
33840.jpg,1913,1920,7
33845.jpg,1913,1920,7
33850.jpg,1913,1920,7
33855.jpg,1913,1930,17
33860.jpg,1913,1900,-13
33865.jpg,1913,1920,7
33870.jpg,1913,1850,-63
33875.jpg,1913,1950,37
33880.jpg,1913,1920,7
33885.jpg,1913,1920,7
33890.jpg,1913,1920,7
33895.jpg,1913,1950,37
33900.jpg,1913,1920,7
33905.jpg,1913,1890,-23
33910.jpg,1913,1920,7
33915.jpg,1913,1920,7
33920.jpg,1913,-1,-1914
33925.jpg,1913,1950,37
33930.jpg,1913,1950,37
33935.jpg,1913,1920,7
33940.jpg,1913,1920,7
33945.jpg,1913,1920,7
33950.jpg,1913,1850,-63
33955.jpg,1913,1950,37
33960.jpg,1913,1850,-63
33965.jpg,1913,1920,7
33970.jpg,1913,1950,37
33975.jpg,1913,1920,7
33980.jpg,1913,1960,47
33985.jpg,1913,1960,47
33990.jpg,1913,1950,37
33995.jpg,1913,-1,-1914
34000.jpg,1913,1900,-13
34005.jpg,1913,1950,37
34010.jpg,1913,1850,-63
34015.jpg,1913,1950,37
34020.jpg,1913,1950,37
34025.jpg,1913,1950,37
34030.jpg,1913,1920,7
34035.jpg,1913,1950,37
34040.jpg,1913,1920,7
34045.jpg,1913,1920,7
34050.jpg,1913,1950,37
34055.jpg,1913,1920,7
34060.jpg,1913,1950,37
34065.jpg,1913,1900,-13
34070.jpg,1913,1900,-13
34080.jpg,1913,1950,37
34085.jpg,1913,1890,-23
34090.jpg,1913,1950,37
34095.jpg,1913,1920,7
34100.jpg,1913,1900,-13
34105.jpg,1913,1920,7
34110.jpg,1913,1900,-13
34115.jpg,1913,1900,-13
34120.jpg,1913,1950,37
34125.jpg,1913,1950,37
34130.jpg,1913,-1,-1914
34135.jpg,1913,-1,-1914
34140.jpg,1913,1920,7
34145.jpg,1913,1950,37
34150.jpg,1913,1890,-23
34155.jpg,1913,1920,7
34160.jpg,1913,1850,-63
34165.jpg,1913,1920,7
34170.jpg,1913,1920,7
34175.jpg,1913,1890,-23
34180.jpg,1913,-1,-1914
34185.jpg,1913,-1,-1914
34190.jpg,1913,1950,37
34195.jpg,1913,1850,-63
34200.jpg,1913,1850,-63
34205.jpg,1913,1920,7
34210.jpg,1913,1900,-13
34215.jpg,1913,1950,37
34220.jpg,1913,1920,7
34225.jpg,1914,1920,6
34230.jpg,1914,-1,-1915
34235.jpg,1914,1920,6
34240.jpg,1914,1920,6
34245.jpg,1914,1960,46
34250.jpg,1914,1950,36
34260.jpg,1914,1990,76
34265.jpg,1914,-1,-1915
34270.jpg,1914,-1,-1915
34275.jpg,1914,1920,6
34280.jpg,1914,1850,-64
34285.jpg,1914,1950,36
34290.jpg,1914,1900,-14
34295.jpg,1914,1920,6
34300.jpg,1914,1920,6
34305.jpg,1914,1850,-64
34310.jpg,1914,1950,36
34315.jpg,1914,1900,-14
34320.jpg,1914,1900,-14
34325.jpg,1914,1920,6
34330.jpg,1914,1920,6
34335.jpg,1914,1920,6
34345.jpg,1914,1920,6
34350.jpg,1914,1850,-64
34360.jpg,1914,1920,6
34365.jpg,1914,1920,6
34370.jpg,1914,1930,16
34375.jpg,1914,1850,-64
34380.jpg,1914,1950,36
34385.jpg,1914,1950,36
34390.jpg,1914,-1,-1915
34395.jpg,1914,1920,6
34400.jpg,1914,1850,-64
34405.jpg,1914,1920,6
34410.jpg,1914,1900,-14
34415.jpg,1914,1950,36
34420.jpg,1914,1930,16
34425.jpg,1914,1850,-64
34430.jpg,1914,-1,-1915
34435.jpg,1914,1920,6
34440.jpg,1914,1850,-64
34445.jpg,1914,1900,-14
34450.jpg,1914,1900,-14
34455.jpg,1914,1850,-64
34460.jpg,1914,1900,-14
34465.jpg,1914,1950,36
34470.jpg,1914,1950,36
34475.jpg,1914,1900,-14
34480.jpg,1914,1920,6
34485.jpg,1914,1920,6
34490.jpg,1914,1920,6
34495.jpg,1914,1850,-64
34500.jpg,1914,1850,-64
34505.jpg,1914,1950,36
34515.jpg,1914,1850,-64
34520.jpg,1914,1900,-14
34525.jpg,1914,1850,-64
34530.jpg,1914,1850,-64
34535.jpg,1914,1850,-64
34540.jpg,1914,1920,6
34545.jpg,1914,1920,6
34550.jpg,1914,1920,6
34555.jpg,1914,1850,-64
34560.jpg,1914,1950,36
34565.jpg,1914,-1,-1915
34570.jpg,1914,1950,36
34575.jpg,1914,1920,6
34580.jpg,1914,1930,16
34590.jpg,1914,1920,6
34595.jpg,1914,1950,36
34600.jpg,1914,-1,-1915
34605.jpg,1914,1850,-64
34610.jpg,1914,1900,-14
34615.jpg,1914,1920,6
34620.jpg,1914,1850,-64
34625.jpg,1914,1920,6
34630.jpg,1914,1950,36
34635.jpg,1914,1850,-64
34640.jpg,1914,1850,-64
34645.jpg,1914,1920,6
34650.jpg,1914,1920,6
34655.jpg,1914,1920,6
34660.jpg,1914,1950,36
34665.jpg,1914,1950,36
34670.jpg,1914,1900,-14
34675.jpg,1914,1920,6
34680.jpg,1914,1900,-14
34685.jpg,1914,-1,-1915
34690.jpg,1914,1920,6
34695.jpg,1914,-1,-1915
34700.jpg,1914,1920,6
34705.jpg,1914,1920,6
34710.jpg,1914,1920,6
34715.jpg,1914,-1,-1915
34720.jpg,1915,1850,-65
34725.jpg,1915,1920,5
34730.jpg,1915,-1,-1916
34735.jpg,1915,1920,5
34740.jpg,1915,-1,-1916
34750.jpg,1915,1920,5
34755.jpg,1915,1960,45
34765.jpg,1915,-1,-1916
34770.jpg,1915,1920,5
34775.jpg,1915,1850,-65
34780.jpg,1915,1950,35
34785.jpg,1915,1920,5
34790.jpg,1915,1920,5
34795.jpg,1915,1950,35
34800.jpg,1915,1950,35
34805.jpg,1915,1900,-15
34810.jpg,1915,1950,35
34815.jpg,1915,1920,5
34820.jpg,1915,1960,45
34825.jpg,1915,1920,5
34830.jpg,1915,1850,-65
34835.jpg,1915,1920,5
34840.jpg,1915,1950,35
34845.jpg,1915,1950,35
34850.jpg,1915,1900,-15
34855.jpg,1915,1920,5
34860.jpg,1915,1950,35
34865.jpg,1915,1920,5
34870.jpg,1915,1950,35
34875.jpg,1915,1920,5
34880.jpg,1915,1920,5
34885.jpg,1915,1950,35
34890.jpg,1915,1850,-65
34895.jpg,1915,1900,-15
34900.jpg,1915,1930,15
34905.jpg,1915,-1,-1916
34910.jpg,1915,1960,45
34915.jpg,1915,1920,5
34920.jpg,1915,1900,-15
34925.jpg,1915,1850,-65
34930.jpg,1915,1950,35
34935.jpg,1915,1850,-65
34940.jpg,1915,1920,5
34945.jpg,1915,1950,35
34950.jpg,1915,1950,35
34955.jpg,1915,1950,35
34960.jpg,1915,1950,35
34965.jpg,1915,1990,75
34970.jpg,1915,1950,35
34975.jpg,1915,1920,5
34980.jpg,1915,1900,-15
34985.jpg,1915,1890,-25
34990.jpg,1915,1950,35
34995.jpg,1915,1920,5
35000.jpg,1915,1920,5
35005.jpg,1915,1950,35
35010.jpg,1915,1950,35
35015.jpg,1915,1920,5
35020.jpg,1915,1950,35
35025.jpg,1915,1890,-25
35030.jpg,1915,1920,5
35035.jpg,1915,1920,5
35040.jpg,1915,1850,-65
35045.jpg,1915,1920,5
35050.jpg,1915,1950,35
35055.jpg,1915,-1,-1916
35060.jpg,1915,1950,35
35065.jpg,1915,1920,5
35070.jpg,1915,-1,-1916
35075.jpg,1915,1920,5
35080.jpg,1915,1930,15
35085.jpg,1915,1900,-15
35090.jpg,1915,-1,-1916
35095.jpg,1915,1920,5
35100.jpg,1915,1920,5
35105.jpg,1915,1950,35
35110.jpg,1915,1920,5
35115.jpg,1915,1960,45
35120.jpg,1915,1920,5
35125.jpg,1915,1850,-65
35130.jpg,1915,-1,-1916
35135.jpg,1915,1850,-65
35140.jpg,1915,1850,-65
35145.jpg,1915,1930,15
35150.jpg,1915,1960,45
35155.jpg,1915,1920,5
35160.jpg,1916,1920,4
35165.jpg,1916,1950,34
35170.jpg,1916,1950,34
35175.jpg,1916,1990,74
35180.jpg,1916,-1,-1917
35185.jpg,1916,1920,4
35190.jpg,1916,1920,4
35195.jpg,1916,1950,34
35200.jpg,1916,1920,4
35205.jpg,1916,1920,4
35210.jpg,1916,1920,4
35215.jpg,1916,1850,-66
35220.jpg,1916,1950,34
35225.jpg,1916,1920,4
35230.jpg,1916,1920,4
35235.jpg,1916,1920,4
35240.jpg,1916,1920,4
35245.jpg,1916,1890,-26
35250.jpg,1916,1920,4
35255.jpg,1916,1960,44
35260.jpg,1916,-1,-1917
35265.jpg,1916,1950,34
35270.jpg,1916,1920,4
35275.jpg,1916,1920,4
35280.jpg,1916,1920,4
35285.jpg,1916,1920,4
35290.jpg,1916,1850,-66
35295.jpg,1916,1850,-66
35300.jpg,1916,1950,34
35305.jpg,1916,1920,4
35310.jpg,1916,1850,-66
35315.jpg,1916,-1,-1917
35320.jpg,1916,1950,34
35325.jpg,1916,1920,4
35330.jpg,1916,1850,-66
35335.jpg,1916,1850,-66
35340.jpg,1916,1920,4
35345.jpg,1916,1950,34
35350.jpg,1916,1920,4
35355.jpg,1916,1950,34
35360.jpg,1916,1920,4
35365.jpg,1916,1950,34
35370.jpg,1916,1890,-26
35375.jpg,1916,1920,4
35380.jpg,1916,1900,-16
35385.jpg,1916,1950,34
35390.jpg,1916,1950,34
35395.jpg,1916,1950,34
35400.jpg,1916,1920,4
35405.jpg,1916,1920,4
35410.jpg,1916,1950,34
35415.jpg,1916,1900,-16
35420.jpg,1916,1850,-66
35425.jpg,1916,1950,34
35430.jpg,1916,1950,34
35435.jpg,1916,-1,-1917
35440.jpg,1916,1930,14
35445.jpg,1916,1950,34
35450.jpg,1916,-1,-1917
35455.jpg,1916,1920,4
35460.jpg,1916,1920,4
35465.jpg,1916,1920,4
35470.jpg,1916,1930,14
35475.jpg,1916,1900,-16
35480.jpg,1916,1950,34
35485.jpg,1916,1850,-66
35490.jpg,1916,1920,4
35495.jpg,1916,1960,44
35500.jpg,1916,1930,14
35505.jpg,1916,1850,-66
35510.jpg,1916,1850,-66
35515.jpg,1916,1920,4
35520.jpg,1916,1920,4
35525.jpg,1916,1900,-16
35530.jpg,1916,1950,34
35535.jpg,1917,1850,-67
35540.jpg,1917,1920,3
35545.jpg,1917,-1,-1918
35550.jpg,1917,1920,3
35555.jpg,1917,-1,-1918
35560.jpg,1917,-1,-1918
35565.jpg,1917,1960,43
35570.jpg,1917,1950,33
35575.jpg,1917,1920,3
35580.jpg,1917,1850,-67
35585.jpg,1917,1900,-17
35590.jpg,1917,1920,3
35595.jpg,1917,-1,-1918
35600.jpg,1917,1920,3
35605.jpg,1917,1920,3
35610.jpg,1917,1920,3
35615.jpg,1917,1920,3
35620.jpg,1917,-1,-1918
35625.jpg,1917,1900,-17
35630.jpg,1917,1920,3
35635.jpg,1917,1920,3
35640.jpg,1917,1920,3
35645.jpg,1917,1950,33
35650.jpg,1917,1950,33
35655.jpg,1917,1950,33
35660.jpg,1917,1960,43
35665.jpg,1917,1950,33
35670.jpg,1917,1960,43
35675.jpg,1917,1920,3
35680.jpg,1917,1950,33
35685.jpg,1917,1850,-67
35690.jpg,1917,1950,33
35695.jpg,1917,1920,3
35700.jpg,1917,1850,-67
35705.jpg,1917,1960,43
35710.jpg,1917,1920,3
35715.jpg,1917,1930,13
35720.jpg,1917,1950,33
35725.jpg,1917,1980,63
35730.jpg,1917,1950,33
35735.jpg,1917,1950,33
35740.jpg,1917,1950,33
35745.jpg,1917,1950,33
35750.jpg,1917,1900,-17
35755.jpg,1917,1950,33
35760.jpg,1917,1950,33
35765.jpg,1917,1950,33
35770.jpg,1917,1920,3
35775.jpg,1917,1950,33
35780.jpg,1917,1920,3
35785.jpg,1917,1970,53
35790.jpg,1917,1920,3
35795.jpg,1917,1920,3
35800.jpg,1917,1950,33
35805.jpg,1917,1950,33
35810.jpg,1917,1920,3
35815.jpg,1917,1920,3
35820.jpg,1917,1950,33
35825.jpg,1917,1920,3
35830.jpg,1917,1950,33
35835.jpg,1917,1950,33
35840.jpg,1917,1890,-27
35845.jpg,1917,1950,33
35850.jpg,1917,-1,-1918
35855.jpg,1917,1920,3
35860.jpg,1917,1920,3
35865.jpg,1917,1950,33
35870.jpg,1917,1950,33
35875.jpg,1917,-1,-1918
35880.jpg,1917,1917,0
35885.jpg,1917,1950,33
35890.jpg,1917,1900,-17
35895.jpg,1917,1920,3
35900.jpg,1917,1950,33
35905.jpg,1917,1920,3
35910.jpg,1917,1920,3
35915.jpg,1917,-1,-1918
35920.jpg,1918,1950,32
35925.jpg,1918,1980,62
35930.jpg,1918,1890,-28
35935.jpg,1918,1960,42
35940.jpg,1918,1950,32
35945.jpg,1918,-1,-1919
35950.jpg,1918,1950,32
35955.jpg,1918,1950,32
35960.jpg,1918,1920,2
35965.jpg,1918,1960,42
35970.jpg,1918,1920,2
35980.jpg,1918,1920,2
35985.jpg,1918,1950,32
35990.jpg,1918,1930,12
35995.jpg,1918,1950,32
36000.jpg,1918,1920,2
36005.jpg,1918,1920,2
36010.jpg,1918,1850,-68
36015.jpg,1918,1850,-68
36020.jpg,1918,1950,32
36025.jpg,1918,1920,2
36030.jpg,1918,1950,32
36035.jpg,1918,1950,32
36040.jpg,1918,1920,2
36045.jpg,1918,1850,-68
36050.jpg,1918,1920,2
36055.jpg,1918,1850,-68
36060.jpg,1918,1950,32
36065.jpg,1918,1950,32
36070.jpg,1918,1920,2
36075.jpg,1918,1850,-68
36080.jpg,1918,1960,42
36085.jpg,1918,1850,-68
36090.jpg,1918,1920,2
36095.jpg,1918,1920,2
36100.jpg,1918,1850,-68
36105.jpg,1918,1920,2
36110.jpg,1918,1920,2
36115.jpg,1919,1920,1
36120.jpg,1919,1950,31
36130.jpg,1919,1990,71
36140.jpg,1919,1920,1
36145.jpg,1919,1920,1
36150.jpg,1919,1950,31
36155.jpg,1919,1950,31
36160.jpg,1919,1920,1
36165.jpg,1919,1930,11
36170.jpg,1919,1920,1
36175.jpg,1919,-1,-1920
36180.jpg,1919,1950,31
36190.jpg,1919,1950,31
36195.jpg,1919,1850,-69
36200.jpg,1919,1950,31
36205.jpg,1919,1960,41
36210.jpg,1919,1920,1
36215.jpg,1919,1920,1
36225.jpg,1919,1920,1
36230.jpg,1919,1920,1
36235.jpg,1919,1900,-19
36240.jpg,1919,1920,1
36245.jpg,1919,1950,31
36250.jpg,1919,1950,31
36255.jpg,1919,1920,1
36260.jpg,1919,1850,-69
36265.jpg,1919,1900,-19
36270.jpg,1919,1890,-29
36275.jpg,1919,1930,11
36280.jpg,1919,1850,-69
36285.jpg,1919,1930,11
36290.jpg,1919,1950,31
36295.jpg,1919,1920,1
36300.jpg,1919,1920,1
36305.jpg,1919,1920,1
36310.jpg,1919,1920,1
36315.jpg,1919,1850,-69
36320.jpg,1919,1950,31
36325.jpg,1919,1920,1
36330.jpg,1919,1920,1
36335.jpg,1919,1950,31
36340.jpg,1919,1950,31
36345.jpg,1919,1950,31
36350.jpg,1920,1930,10
36355.jpg,1920,1920,0
36360.jpg,1920,1920,0
36365.jpg,1920,1960,40
36370.jpg,1920,1950,30
36375.jpg,1920,-1,-1921
36385.jpg,1920,1960,40
36390.jpg,1920,-1,-1921
36395.jpg,1920,1950,30
36400.jpg,1920,1850,-70
36405.jpg,1920,1920,0
36410.jpg,1920,1950,30
36415.jpg,1920,1850,-70
36420.jpg,1920,1920,0
36425.jpg,1920,1960,40
36430.jpg,1920,1850,-70
36435.jpg,1920,1920,0
36440.jpg,1920,1850,-70
36445.jpg,1920,1890,-30
36450.jpg,1920,1950,30
36455.jpg,1920,1200,-720
36460.jpg,1920,1850,-70
36465.jpg,1920,1950,30
36470.jpg,1920,1950,30
36475.jpg,1920,1850,-70
36480.jpg,1920,1890,-30
36485.jpg,1920,1920,0
36490.jpg,1920,1950,30
36495.jpg,1920,1900,-20
36500.jpg,1920,1950,30
36505.jpg,1920,1950,30
36510.jpg,1920,1890,-30
36515.jpg,1920,1950,30
36520.jpg,1920,1890,-30
36525.jpg,1920,1890,-30
36530.jpg,1920,1950,30
36535.jpg,1920,1920,0
36540.jpg,1920,1920,0
36545.jpg,1920,1950,30
36550.jpg,1920,1850,-70
36555.jpg,1920,-1,-1921
36560.jpg,1920,1920,0
36565.jpg,1920,1850,-70
36570.jpg,1920,1920,0
36575.jpg,1920,1950,30
36580.jpg,1920,1950,30
36585.jpg,1920,1920,0
36590.jpg,1920,-1,-1921
36595.jpg,1920,-1,-1921
36600.jpg,1920,1950,30
36605.jpg,1920,1890,-30
36610.jpg,1920,1920,0
36615.jpg,1920,1900,-20
36620.jpg,1920,1920,0
36625.jpg,1920,1920,0
36630.jpg,1920,1920,0
36635.jpg,1920,1920,0
36640.jpg,1920,1950,30
36650.jpg,1920,1920,0
36655.jpg,1920,1950,30
36660.jpg,1920,1850,-70
36665.jpg,1920,1950,30
36670.jpg,1920,1850,-70
36675.jpg,1920,1950,30
36680.jpg,1920,1920,0
36685.jpg,1920,1850,-70
36690.jpg,1921,1920,-1
36695.jpg,1921,1950,29
36700.jpg,1921,1950,29
36705.jpg,1921,1930,9
36710.jpg,1921,1920,-1
36715.jpg,1921,1920,-1
36720.jpg,1921,1960,39
36725.jpg,1921,-1,-1922
36735.jpg,1921,1960,39
36740.jpg,1921,1920,-1
36745.jpg,1921,1920,-1
36750.jpg,1921,-1,-1922
36755.jpg,1921,1920,-1
36760.jpg,1921,1850,-71
36765.jpg,1921,1920,-1
36770.jpg,1921,1950,29
36775.jpg,1921,1920,-1
36780.jpg,1921,1930,9
36785.jpg,1921,1950,29
36790.jpg,1921,1920,-1
36795.jpg,1921,1920,-1
36800.jpg,1921,1950,29
36805.jpg,1921,1920,-1
36810.jpg,1921,1950,29
36815.jpg,1921,1950,29
36820.jpg,1921,1850,-71
36830.jpg,1921,1950,29
36835.jpg,1921,1920,-1
36840.jpg,1921,1920,-1
36845.jpg,1921,1950,29
36850.jpg,1921,1920,-1
36855.jpg,1921,1900,-21
36860.jpg,1921,1950,29
36870.jpg,1921,1950,29
36875.jpg,1921,1950,29
36880.jpg,1921,1950,29
36885.jpg,1921,1950,29
36890.jpg,1921,1920,-1
36895.jpg,1921,1950,29
36900.jpg,1921,1960,39
36905.jpg,1921,1930,9
36910.jpg,1921,1850,-71
36920.jpg,1921,1900,-21
36925.jpg,1921,1930,9
36930.jpg,1921,1920,-1
36935.jpg,1921,1920,-1
36940.jpg,1921,1950,29
36945.jpg,1921,1920,-1
36950.jpg,1921,1920,-1
36955.jpg,1921,1920,-1
36960.jpg,1921,1850,-71
36965.jpg,1921,1950,29
36970.jpg,1922,-1,-1923
36975.jpg,1922,1890,-32
36980.jpg,1922,1920,-2
36985.jpg,1922,1930,8
36990.jpg,1922,1920,-2
36995.jpg,1922,1960,38
37000.jpg,1922,1960,38
37005.jpg,1922,1950,28
37010.jpg,1922,1921,-1
37015.jpg,1922,1990,68
37020.jpg,1922,1850,-72
37025.jpg,1922,1950,28
37030.jpg,1922,1950,28
37045.jpg,1922,1920,-2
37050.jpg,1922,1950,28
37055.jpg,1922,1890,-32
37060.jpg,1922,1930,8
37065.jpg,1922,1920,-2
37070.jpg,1922,1950,28
37075.jpg,1922,1920,-2
37080.jpg,1922,1950,28
37085.jpg,1922,1850,-72
37090.jpg,1922,1920,-2
37095.jpg,1922,1920,-2
37100.jpg,1922,1950,28
37105.jpg,1922,1850,-72
37110.jpg,1922,1850,-72
37115.jpg,1922,1850,-72
37120.jpg,1922,1950,28
37125.jpg,1922,1920,-2
37130.jpg,1922,1920,-2
37135.jpg,1922,1890,-32
37140.jpg,1922,1920,-2
37145.jpg,1922,1900,-22
37150.jpg,1922,1950,28
37155.jpg,1922,1900,-22
37160.jpg,1922,1920,-2
37165.jpg,1922,1920,-2
37170.jpg,1922,1920,-2
37175.jpg,1922,1950,28
37180.jpg,1922,1850,-72
37185.jpg,1922,1920,-2
37190.jpg,1922,1920,-2
37195.jpg,1922,1850,-72
37200.jpg,1922,1950,28
37205.jpg,1922,1950,28
37210.jpg,1922,1920,-2
37215.jpg,1922,1920,-2
37220.jpg,1922,1950,28
37225.jpg,1922,1960,38
37230.jpg,1922,-1,-1923
37235.jpg,1922,1920,-2
37240.jpg,1922,1900,-22
37245.jpg,1922,1950,28
37250.jpg,1922,1950,28
37255.jpg,1922,1960,38
37260.jpg,1922,1950,28
37270.jpg,1922,1920,-2
37275.jpg,1922,1920,-2
37280.jpg,1922,1950,28
37285.jpg,1922,1960,38
37290.jpg,1922,1920,-2
37295.jpg,1922,1970,48
37300.jpg,1922,1950,28
37305.jpg,1922,1920,-2
37310.jpg,1923,1930,7
37315.jpg,1923,1930,7
37320.jpg,1923,1950,27
37330.jpg,1923,1960,37
37335.jpg,1923,-1,-1924
37340.jpg,1923,2010,87
37345.jpg,1923,2010,87
37355.jpg,1923,1920,-3
37360.jpg,1923,1850,-73
37365.jpg,1923,-1,-1924
37370.jpg,1923,1920,-3
37375.jpg,1923,1920,-3
37380.jpg,1923,1950,27
37385.jpg,1923,1950,27
37390.jpg,1923,1920,-3
37395.jpg,1923,1950,27
37400.jpg,1923,1900,-23
37405.jpg,1923,1920,-3
37410.jpg,1923,1920,-3
37415.jpg,1923,-1,-1924
37420.jpg,1923,1920,-3
37425.jpg,1923,1960,37
37430.jpg,1923,1920,-3
37435.jpg,1923,1930,7
37440.jpg,1923,1920,-3
37445.jpg,1923,1930,7
37450.jpg,1923,1920,-3
37455.jpg,1923,1920,-3
37460.jpg,1923,1950,27
37465.jpg,1923,1960,37
37470.jpg,1923,1950,27
37475.jpg,1923,1950,27
37480.jpg,1923,1920,-3
37485.jpg,1923,1900,-23
37490.jpg,1923,1850,-73
37495.jpg,1923,1960,37
37500.jpg,1923,1950,27
37505.jpg,1923,1950,27
37510.jpg,1923,1900,-23
37515.jpg,1923,1950,27
37520.jpg,1923,1850,-73
37525.jpg,1923,1850,-73
37530.jpg,1923,1920,-3
37535.jpg,1923,1920,-3
37540.jpg,1923,1920,-3
37545.jpg,1923,1950,27
37550.jpg,1923,1920,-3
37555.jpg,1923,1920,-3
37560.jpg,1923,1950,27
37565.jpg,1923,1850,-73
37570.jpg,1923,1900,-23
37575.jpg,1923,1920,-3
37580.jpg,1923,1920,-3
37585.jpg,1923,1930,7
37590.jpg,1923,1920,-3
37595.jpg,1923,1950,27
37600.jpg,1923,1920,-3
37605.jpg,1923,1920,-3
37610.jpg,1923,1850,-73
37615.jpg,1923,1930,7
37620.jpg,1923,1990,67
37625.jpg,1923,1950,27
37630.jpg,1923,1890,-33
37635.jpg,1923,1920,-3
37640.jpg,1923,1950,27
37645.jpg,1923,1850,-73
37650.jpg,1923,1920,-3
37655.jpg,1923,1950,27
37660.jpg,1923,1920,-3
37665.jpg,1923,1920,-3
37670.jpg,1924,1920,-4
37675.jpg,1924,1930,6
37680.jpg,1924,1920,-4
37685.jpg,1924,1920,-4
37690.jpg,1924,1920,-4
37695.jpg,1924,20,-1904
37700.jpg,1924,1920,-4
37705.jpg,1924,1960,36
37710.jpg,1924,1990,66
37715.jpg,1924,-1,-1925
37720.jpg,1924,1960,36
37725.jpg,1924,1950,26
37730.jpg,1924,1960,36
37735.jpg,1924,1920,-4
37740.jpg,1924,1950,26
37745.jpg,1924,1920,-4
37750.jpg,1924,1920,-4
37755.jpg,1924,1950,26
37760.jpg,1924,1920,-4
37765.jpg,1924,1920,-4
37770.jpg,1924,1950,26
37775.jpg,1924,1950,26
37780.jpg,1924,1920,-4
37785.jpg,1924,1920,-4
37790.jpg,1924,1950,26
37795.jpg,1924,1920,-4
37805.jpg,1924,1920,-4
37810.jpg,1924,-1,-1925
37815.jpg,1924,1920,-4
37820.jpg,1924,1850,-74
37825.jpg,1924,1920,-4
37830.jpg,1924,1920,-4
37835.jpg,1924,1920,-4
37845.jpg,1924,1950,26
37850.jpg,1924,1930,6
37855.jpg,1924,-1,-1925
37860.jpg,1924,1960,36
37865.jpg,1924,1850,-74
37870.jpg,1924,1920,-4
37875.jpg,1924,1950,26
37880.jpg,1924,1950,26
37885.jpg,1924,1850,-74
37890.jpg,1924,1950,26
37895.jpg,1924,1950,26
37900.jpg,1924,1920,-4
37905.jpg,1924,1850,-74
37910.jpg,1924,1920,-4
37915.jpg,1924,1920,-4
37920.jpg,1924,1960,36
37925.jpg,1924,1920,-4
37930.jpg,1924,1900,-24
37935.jpg,1924,1850,-74
37940.jpg,1924,1920,-4
37945.jpg,1924,1970,46
37950.jpg,1924,1920,-4
37955.jpg,1924,1960,36
37960.jpg,1924,1960,36
37965.jpg,1924,1960,36
37970.jpg,1924,-1,-1925
37975.jpg,1924,1920,-4
37980.jpg,1924,-1,-1925
37985.jpg,1924,1950,26
37990.jpg,1924,1960,36
37995.jpg,1924,1950,26
38000.jpg,1924,1882,-42
38005.jpg,1924,1950,26
38010.jpg,1924,1920,-4
38015.jpg,1924,1920,-4
38020.jpg,1924,1200,-724
38025.jpg,1924,1950,26
38030.jpg,1924,1920,-4
38035.jpg,1924,1930,6
38040.jpg,1924,1930,6
38045.jpg,1924,1930,6
38050.jpg,1924,1920,-4
38055.jpg,1924,1920,-4
38060.jpg,1924,1850,-74
38065.jpg,1924,1920,-4
38070.jpg,1924,1920,-4
38075.jpg,1924,1950,26
38080.jpg,1925,1850,-75
38085.jpg,1925,1920,-5
38090.jpg,1925,1950,25
38095.jpg,1925,1920,-5
38100.jpg,1925,1930,5
38105.jpg,1925,1920,-5
38110.jpg,1925,1920,-5
38115.jpg,1925,1970,45
38120.jpg,1925,1960,35
38125.jpg,1925,1960,35
38130.jpg,1925,-1,-1926
38135.jpg,1925,1990,65
38140.jpg,1925,1850,-75
38145.jpg,1925,-1,-1926
38150.jpg,1925,1920,-5
38155.jpg,1925,1920,-5
38160.jpg,1925,1920,-5
38165.jpg,1925,1920,-5
38170.jpg,1925,1920,-5
38175.jpg,1925,1950,25
38180.jpg,1925,1950,25
38185.jpg,1925,1920,-5
38190.jpg,1925,1960,35
38195.jpg,1925,1950,25
38200.jpg,1925,1950,25
38205.jpg,1925,1950,25
38210.jpg,1925,1920,-5
38215.jpg,1925,1920,-5
38220.jpg,1925,1930,5
38225.jpg,1925,1920,-5
38230.jpg,1925,1920,-5
38235.jpg,1925,1950,25
38245.jpg,1925,1930,5
38255.jpg,1925,1950,25
38260.jpg,1925,1960,35
38265.jpg,1925,1920,-5
38270.jpg,1925,1850,-75
38275.jpg,1925,-1,-1926
38280.jpg,1925,1950,25
38285.jpg,1925,1950,25
38290.jpg,1925,1850,-75
38295.jpg,1925,1920,-5
38300.jpg,1925,1920,-5
38305.jpg,1925,1960,35
38310.jpg,1925,1920,-5
38315.jpg,1925,1850,-75
38320.jpg,1925,1920,-5
38325.jpg,1925,1950,25
38330.jpg,1925,1950,25
38335.jpg,1925,1920,-5
38340.jpg,1925,1920,-5
38345.jpg,1925,1950,25
38350.jpg,1925,1920,-5
38355.jpg,1925,1920,-5
38360.jpg,1925,1970,45
38365.jpg,1925,1950,25
38370.jpg,1925,1920,-5
38375.jpg,1925,1920,-5
38380.jpg,1925,1950,25
38385.jpg,1925,1950,25
38390.jpg,1925,1950,25
38395.jpg,1925,1900,-25
38400.jpg,1925,1850,-75
38405.jpg,1925,1920,-5
38410.jpg,1925,1920,-5
38415.jpg,1925,1920,-5
38420.jpg,1925,1920,-5
38425.jpg,1925,1920,-5
38435.jpg,1925,1920,-5
38440.jpg,1925,1920,-5
38450.jpg,1925,1920,-5
38455.jpg,1925,1960,35
38460.jpg,1925,1920,-5
38465.jpg,1925,1920,-5
38470.jpg,1925,1950,25
38475.jpg,1925,1850,-75
38480.jpg,1925,1920,-5
38490.jpg,1925,1848,-77
38495.jpg,1925,1920,-5
38500.jpg,1925,1850,-75
38505.jpg,1925,1950,25
38510.jpg,1925,1920,-5
38515.jpg,1926,1850,-76
38520.jpg,1926,1920,-6
38525.jpg,1926,1920,-6
38530.jpg,1926,1920,-6
38535.jpg,1926,1950,24
38540.jpg,1926,1920,-6
38545.jpg,1926,1900,-26
38550.jpg,1926,1920,-6
38555.jpg,1926,1950,24
38560.jpg,1926,1920,-6
38565.jpg,1926,1850,-76
38570.jpg,1926,1930,4
38575.jpg,1926,1980,54
38580.jpg,1926,1960,34
38585.jpg,1926,1960,34
38590.jpg,1926,1950,24
38595.jpg,1926,1950,24
38600.jpg,1926,1950,24
38605.jpg,1926,1960,34
38610.jpg,1926,1850,-76
38620.jpg,1926,1920,-6
38625.jpg,1926,1950,24
38630.jpg,1926,1950,24
38635.jpg,1926,1950,24
38640.jpg,1926,1950,24
38645.jpg,1926,1950,24
38650.jpg,1926,1950,24
38655.jpg,1926,1950,24
38660.jpg,1926,1930,4
38665.jpg,1926,1950,24
38670.jpg,1926,1920,-6
38675.jpg,1926,1950,24
38680.jpg,1926,1920,-6
38685.jpg,1926,1930,4
38690.jpg,1926,-1,-1927
38695.jpg,1926,-1,-1927
38700.jpg,1926,1930,4
38705.jpg,1926,1850,-76
38710.jpg,1926,1920,-6
38715.jpg,1926,1950,24
38720.jpg,1926,1920,-6
38725.jpg,1926,1950,24
38730.jpg,1926,1920,-6
38735.jpg,1926,1950,24
38740.jpg,1926,1950,24
38745.jpg,1926,1950,24
38750.jpg,1926,1920,-6
38755.jpg,1926,1920,-6
38760.jpg,1926,1950,24
38765.jpg,1926,1920,-6
38770.jpg,1926,-1,-1927
38775.jpg,1926,1850,-76
38780.jpg,1926,1920,-6
38785.jpg,1926,1950,24
38790.jpg,1926,1920,-6
38795.jpg,1926,1920,-6
38800.jpg,1926,1920,-6
38805.jpg,1926,1850,-76
38810.jpg,1926,1950,24
38815.jpg,1926,1850,-76
38820.jpg,1926,1920,-6
38825.jpg,1926,1920,-6
38830.jpg,1926,1850,-76
38835.jpg,1926,1850,-76
38840.jpg,1926,1950,24
38845.jpg,1926,1950,24
38850.jpg,1926,1900,-26
38855.jpg,1926,1950,24
38860.jpg,1926,1950,24
38865.jpg,1926,1920,-6
38870.jpg,1926,1950,24
38875.jpg,1926,1920,-6
38880.jpg,1926,1920,-6
38885.jpg,1926,1850,-76
38890.jpg,1926,1930,4
38895.jpg,1926,1920,-6
38905.jpg,1926,1920,-6
38910.jpg,1926,1920,-6
38915.jpg,1926,1920,-6
38920.jpg,1926,1960,34
38925.jpg,1926,1920,-6
38930.jpg,1926,1920,-6
38935.jpg,1926,20,-1906
38940.jpg,1926,-1,-1927
38945.jpg,1926,1920,-6
38950.jpg,1926,1930,4
38955.jpg,1926,1950,24
38960.jpg,1926,1850,-76
38965.jpg,1926,1920,-6
38970.jpg,1926,1920,-6
38975.jpg,1926,1920,-6
38980.jpg,1926,1990,64
38985.jpg,1926,1920,-6
38990.jpg,1926,1930,4
38995.jpg,1927,1920,-7
39000.jpg,1927,1920,-7
39005.jpg,1927,1850,-77
39010.jpg,1927,1900,-27
39020.jpg,1927,1950,23
39025.jpg,1927,1920,-7
39030.jpg,1927,1920,-7
39035.jpg,1927,1920,-7
39040.jpg,1927,1920,-7
39045.jpg,1927,1950,23
39050.jpg,1927,1920,-7
39055.jpg,1927,1920,-7
39060.jpg,1927,1920,-7
39065.jpg,1927,1920,-7
39070.jpg,1927,1920,-7
39075.jpg,1927,-1,-1928
39080.jpg,1927,1920,-7
39085.jpg,1927,1990,63
39090.jpg,1927,1960,33
39110.jpg,1927,1950,23
39115.jpg,1927,-1,-1928
39120.jpg,1927,1920,-7
39125.jpg,1927,1950,23
39130.jpg,1927,1950,23
39135.jpg,1927,1950,23
39140.jpg,1927,1950,23
39145.jpg,1927,1950,23
39150.jpg,1927,1920,-7
39155.jpg,1927,1950,23
39160.jpg,1927,1950,23
39165.jpg,1927,1950,23
39170.jpg,1927,1920,-7
39175.jpg,1927,1930,3
39180.jpg,1927,1960,33
39185.jpg,1927,1920,-7
39190.jpg,1927,1920,-7
39195.jpg,1927,1920,-7
39200.jpg,1927,1920,-7
39205.jpg,1927,1930,3
39210.jpg,1927,1960,33
39215.jpg,1927,1920,-7
39220.jpg,1927,1960,33
39225.jpg,1927,1920,-7
39230.jpg,1927,1920,-7
39235.jpg,1927,1930,3
39240.jpg,1927,1950,23
39245.jpg,1927,1920,-7
39250.jpg,1927,-1,-1928
39255.jpg,1927,1850,-77
39260.jpg,1927,1950,23
39265.jpg,1927,1930,3
39270.jpg,1927,1930,3
39275.jpg,1927,1920,-7
39280.jpg,1927,1900,-27
39285.jpg,1927,1920,-7
39290.jpg,1927,1970,43
39295.jpg,1927,1950,23
39300.jpg,1927,1920,-7
39305.jpg,1927,1920,-7
39310.jpg,1927,1920,-7
39315.jpg,1927,1950,23
39320.jpg,1927,1850,-77
39325.jpg,1927,1960,33
39330.jpg,1927,1920,-7
39335.jpg,1927,1920,-7
39340.jpg,1927,1920,-7
39345.jpg,1927,1920,-7
39350.jpg,1927,1920,-7
39355.jpg,1927,1950,23
39360.jpg,1927,1950,23
39365.jpg,1927,1960,33
39370.jpg,1927,1970,43
39375.jpg,1927,1900,-27
39380.jpg,1927,1900,-27
39385.jpg,1927,1920,-7
39390.jpg,1927,1850,-77
39395.jpg,1927,1000,-927
39400.jpg,1927,1920,-7
39405.jpg,1927,1930,3
39410.jpg,1927,1960,33
39415.jpg,1927,1930,3
39420.jpg,1927,1927,0
39425.jpg,1927,1950,23
39430.jpg,1927,1920,-7
39435.jpg,1927,1920,-7
39440.jpg,1927,1920,-7
39445.jpg,1927,1920,-7
39450.jpg,1927,1890,-37
39455.jpg,1927,1950,23
39460.jpg,1927,1960,33
39465.jpg,1927,1890,-37
39470.jpg,1927,1200,-727
39475.jpg,1927,1920,-7
39480.jpg,1927,1920,-7
39485.jpg,1927,1950,23
39490.jpg,1927,1970,43
39495.jpg,1927,1950,23
39500.jpg,1927,-1,-1928
39505.jpg,1927,1950,23
39510.jpg,1928,1920,-8
39515.jpg,1928,-1,-1929
39520.jpg,1928,1920,-8
39525.jpg,1928,1920,-8
39530.jpg,1928,1950,22
39535.jpg,1928,1920,-8
39540.jpg,1928,1920,-8
39545.jpg,1928,1920,-8
39550.jpg,1928,1920,-8
39555.jpg,1928,1920,-8
39560.jpg,1928,1920,-8
39565.jpg,1928,1930,2
39570.jpg,1928,1920,-8
39575.jpg,1928,1990,62
39580.jpg,1928,1920,-8
39585.jpg,1928,-1,-1929
39590.jpg,1928,1920,-8
39595.jpg,1928,1920,-8
39600.jpg,1928,1950,22
39605.jpg,1928,2010,82
39610.jpg,1928,1950,22
39615.jpg,1928,1980,52
39620.jpg,1928,1920,-8
39625.jpg,1928,1950,22
39630.jpg,1928,1920,-8
39635.jpg,1928,1950,22
39640.jpg,1928,1950,22
39645.jpg,1928,1950,22
39650.jpg,1928,1920,-8
39655.jpg,1928,1920,-8
39660.jpg,1928,1950,22
39665.jpg,1928,1930,2
39670.jpg,1928,1920,-8
39675.jpg,1928,1920,-8
39680.jpg,1928,1920,-8
39685.jpg,1928,1920,-8
39690.jpg,1928,1960,32
39695.jpg,1928,1920,-8
39700.jpg,1928,1930,2
39705.jpg,1928,1900,-28
39710.jpg,1928,-1,-1929
39715.jpg,1928,1930,2
39720.jpg,1928,1930,2
39725.jpg,1928,1850,-78
39730.jpg,1928,1950,22
39735.jpg,1928,1920,-8
39740.jpg,1928,1950,22
39745.jpg,1928,1950,22
39750.jpg,1928,1960,32
39755.jpg,1928,1850,-78
39760.jpg,1928,1950,22
39765.jpg,1928,-1,-1929
39770.jpg,1928,1850,-78
39775.jpg,1928,1920,-8
39780.jpg,1928,1950,22
39785.jpg,1928,1920,-8
39790.jpg,1928,1900,-28
39795.jpg,1928,1950,22
39800.jpg,1928,1920,-8
39805.jpg,1928,-1,-1929
39810.jpg,1928,1950,22
39815.jpg,1928,1920,-8
39820.jpg,1928,1850,-78
39825.jpg,1928,1950,22
39830.jpg,1928,1920,-8
39835.jpg,1928,1950,22
39840.jpg,1928,1890,-38
39845.jpg,1928,1950,22
39850.jpg,1928,1950,22
39855.jpg,1928,1920,-8
39860.jpg,1928,1920,-8
39865.jpg,1928,1890,-38
39870.jpg,1928,-1,-1929
39875.jpg,1928,1920,-8
39880.jpg,1928,1950,22
39885.jpg,1928,1900,-28
39890.jpg,1928,1890,-38
39895.jpg,1928,1920,-8
39900.jpg,1928,1990,62
39905.jpg,1928,1920,-8
39910.jpg,1928,1930,2
39915.jpg,1928,1850,-78
39920.jpg,1928,1950,22
39925.jpg,1928,1850,-78
39930.jpg,1928,1850,-78
39935.jpg,1928,1950,22
39940.jpg,1928,1950,22
39945.jpg,1928,1920,-8
39950.jpg,1928,1950,22
39955.jpg,1928,1850,-78
39960.jpg,1928,1950,22
39965.jpg,1928,1920,-8
39970.jpg,1928,1890,-38
39975.jpg,1928,1900,-28
39980.jpg,1928,1950,22
39985.jpg,1928,1920,-8
39990.jpg,1928,1930,2
39995.jpg,1928,1930,2
40000.jpg,1928,1920,-8
40010.jpg,1928,1960,32
40015.jpg,1928,1950,22
40020.jpg,1928,1920,-8
40025.jpg,1928,1950,22
40030.jpg,1928,1920,-8
40035.jpg,1928,1920,-8
40040.jpg,1928,1920,-8
40045.jpg,1929,1920,-9
40050.jpg,1929,1930,1
40055.jpg,1929,1930,1
40060.jpg,1929,1920,-9
40065.jpg,1929,1920,-9
40070.jpg,1929,1920,-9
40075.jpg,1929,1920,-9
40080.jpg,1929,1930,1
40095.jpg,1929,1920,-9
40105.jpg,1929,1920,-9
40110.jpg,1929,1950,21
40115.jpg,1929,1950,21
40120.jpg,1929,1850,-79
40125.jpg,1929,1920,-9
40130.jpg,1929,1920,-9
40135.jpg,1929,1920,-9
40140.jpg,1929,1950,21
40145.jpg,1929,1930,1
40150.jpg,1929,1920,-9
40155.jpg,1929,1950,21
40160.jpg,1929,1960,31
40165.jpg,1929,1920,-9
40170.jpg,1929,1930,1
40175.jpg,1929,1930,1
40180.jpg,1929,1930,1
40185.jpg,1929,1930,1
40190.jpg,1929,1850,-79
40195.jpg,1929,1930,1
40200.jpg,1929,1920,-9
40205.jpg,1929,1900,-29
40210.jpg,1929,1930,1
40215.jpg,1929,1920,-9
40220.jpg,1929,1920,-9
40225.jpg,1929,1930,1
40230.jpg,1929,1850,-79
40235.jpg,1929,1950,21
40240.jpg,1929,1950,21
40245.jpg,1929,1920,-9
40250.jpg,1929,1960,31
40255.jpg,1929,1950,21
40260.jpg,1929,1920,-9
40265.jpg,1929,1950,21
40270.jpg,1929,1960,31
40275.jpg,1929,1950,21
40280.jpg,1929,1930,1
40285.jpg,1929,-1,-1930
40290.jpg,1929,1850,-79
40295.jpg,1929,1850,-79
40305.jpg,1929,1920,-9
40310.jpg,1929,1930,1
40315.jpg,1929,1920,-9
40320.jpg,1929,1950,21
40325.jpg,1929,1950,21
40330.jpg,1929,1950,21
40335.jpg,1929,1950,21
40340.jpg,1929,1950,21
40345.jpg,1929,1950,21
40350.jpg,1929,1890,-39
40355.jpg,1929,1920,-9
40360.jpg,1929,1890,-39
40365.jpg,1929,1950,21
40370.jpg,1929,-1,-1930
40375.jpg,1929,1920,-9
40380.jpg,1929,1850,-79
40385.jpg,1929,1950,21
40390.jpg,1929,1950,21
40395.jpg,1929,1950,21
40400.jpg,1929,1920,-9
40405.jpg,1929,1920,-9
40410.jpg,1929,1930,1
40415.jpg,1929,1920,-9
40420.jpg,1929,1930,1
40425.jpg,1929,1900,-29
40430.jpg,1929,1890,-39
40435.jpg,1929,20,-1909
40440.jpg,1929,1920,-9
40450.jpg,1929,1920,-9
40455.jpg,1929,1950,21
40460.jpg,1929,1950,21
40465.jpg,1929,1920,-9
40470.jpg,1929,1930,1
40475.jpg,1929,1920,-9
40480.jpg,1929,1950,21
40485.jpg,1929,1920,-9
40490.jpg,1929,1850,-79
40495.jpg,1929,1970,41
40500.jpg,1929,1920,-9
40505.jpg,1929,1960,31
40510.jpg,1929,1920,-9
40515.jpg,1929,1930,1
40520.jpg,1929,1960,31
40525.jpg,1929,1850,-79
40530.jpg,1929,1950,21
40535.jpg,1929,1920,-9
40540.jpg,1930,1850,-80
40545.jpg,1930,1990,60
40550.jpg,1930,1960,30
40555.jpg,1930,1930,0
40560.jpg,1930,1990,60
40565.jpg,1930,1960,30
40570.jpg,1930,1950,20
40575.jpg,1930,1950,20
40580.jpg,1930,1920,-10
40585.jpg,1930,1930,0
40590.jpg,1930,1950,20
40595.jpg,1930,1920,-10
40600.jpg,1930,1920,-10
40605.jpg,1930,1920,-10
40610.jpg,1930,1920,-10
40615.jpg,1930,1850,-80
40620.jpg,1930,1920,-10
40625.jpg,1930,1920,-10
40630.jpg,1930,1950,20
40635.jpg,1930,1950,20
40640.jpg,1930,1950,20
40645.jpg,1930,1950,20
40650.jpg,1930,1930,0
40655.jpg,1930,1950,20
40660.jpg,1930,1200,-730
40665.jpg,1930,1950,20
40670.jpg,1930,2010,80
40675.jpg,1930,1850,-80
40680.jpg,1930,1850,-80
40685.jpg,1930,1950,20
40690.jpg,1930,1950,20
40695.jpg,1930,1950,20
40700.jpg,1930,1950,20
40705.jpg,1930,1960,30
40710.jpg,1930,1800,-130
40715.jpg,1930,1920,-10
40720.jpg,1930,1920,-10
40725.jpg,1930,1920,-10
40730.jpg,1930,1850,-80
40735.jpg,1930,1850,-80
40740.jpg,1930,1850,-80
40745.jpg,1930,1920,-10
40750.jpg,1930,1850,-80
40755.jpg,1930,1950,20
40760.jpg,1930,1930,0
40765.jpg,1930,1920,-10
40770.jpg,1930,1920,-10
40775.jpg,1930,1920,-10
40780.jpg,1930,1950,20
40785.jpg,1930,1950,20
40790.jpg,1930,1950,20
40795.jpg,1930,1930,0
40800.jpg,1930,1890,-40
40805.jpg,1930,1900,-30
40810.jpg,1930,1920,-10
40815.jpg,1930,1920,-10
40820.jpg,1930,1920,-10
40825.jpg,1930,1920,-10
40830.jpg,1930,1930,0
40835.jpg,1930,1960,30
40840.jpg,1930,1920,-10
40845.jpg,1930,1930,0
40850.jpg,1930,1930,0
40855.jpg,1930,1920,-10
40860.jpg,1930,1920,-10
40865.jpg,1930,1950,20
40870.jpg,1930,1920,-10
40875.jpg,1930,1920,-10
40885.jpg,1930,1950,20
40890.jpg,1930,1950,20
40895.jpg,1930,1920,-10
40900.jpg,1930,1490,-440
40905.jpg,1930,1920,-10
40910.jpg,1930,1960,30
40915.jpg,1930,1920,-10
40920.jpg,1930,1920,-10
40925.jpg,1930,1930,0
40930.jpg,1930,1920,-10
40935.jpg,1930,1950,20
40940.jpg,1930,1920,-10
40950.jpg,1930,1944,14
40960.jpg,1930,1950,20
40965.jpg,1931,1950,19
40970.jpg,1931,1950,19
40975.jpg,1931,1960,29
40980.jpg,1931,1950,19
40985.jpg,1931,1921,-10
40990.jpg,1931,1930,-1
40995.jpg,1931,1930,-1
41000.jpg,1931,1930,-1
41005.jpg,1931,1920,-11
41010.jpg,1931,2014,83
41015.jpg,1931,1960,29
41020.jpg,1931,-1,-1932
41025.jpg,1931,1990,59
41030.jpg,1931,1990,59
41035.jpg,1931,1950,19
41040.jpg,1931,1930,-1
41045.jpg,1931,1950,19
41050.jpg,1931,1950,19
41055.jpg,1931,1950,19
41060.jpg,1931,1950,19
41065.jpg,1931,1920,-11
41070.jpg,1931,1930,-1
41075.jpg,1931,1920,-11
41080.jpg,1931,1930,-1
41085.jpg,1931,1930,-1
41095.jpg,1931,1930,-1
41100.jpg,1931,1920,-11
41105.jpg,1931,1930,-1
41110.jpg,1931,1950,19
41115.jpg,1931,1920,-11
41120.jpg,1931,1950,19
41125.jpg,1931,1960,29
41130.jpg,1931,1960,29
41135.jpg,1931,1920,-11
41140.jpg,1931,1920,-11
41150.jpg,1931,1950,19
41155.jpg,1931,1850,-81
41160.jpg,1931,1950,19
41165.jpg,1931,1900,-31
41170.jpg,1931,1990,59
41175.jpg,1931,1850,-81
41180.jpg,1931,1900,-31
41185.jpg,1931,1920,-11
41190.jpg,1931,1920,-11
41195.jpg,1931,1900,-31
41200.jpg,1931,1920,-11
41205.jpg,1931,1900,-31
41210.jpg,1931,-1,-1932
41215.jpg,1931,1900,-31
41220.jpg,1931,1890,-41
41225.jpg,1931,1850,-81
41230.jpg,1931,1920,-11
41235.jpg,1931,1990,59
41240.jpg,1931,1890,-41
41245.jpg,1931,-1,-1932
41250.jpg,1931,1950,19
41255.jpg,1931,1930,-1
41260.jpg,1931,1950,19
41265.jpg,1931,1930,-1
41270.jpg,1931,1950,19
41275.jpg,1931,1930,-1
41280.jpg,1931,1920,-11
41285.jpg,1931,1850,-81
41290.jpg,1931,1950,19
41295.jpg,1931,-1,-1932
41305.jpg,1931,1950,19
41310.jpg,1932,1920,-12
41320.jpg,1932,1930,-2
41325.jpg,1932,1850,-82
41330.jpg,1932,-1,-1933
41340.jpg,1932,1990,58
41345.jpg,1932,1920,-12
41350.jpg,1932,1900,-32
41355.jpg,1932,1950,18
41360.jpg,1932,1950,18
41365.jpg,1932,1920,-12
41370.jpg,1932,1930,-2
41375.jpg,1932,1950,18
41380.jpg,1932,1930,-2
41385.jpg,1932,1900,-32
41390.jpg,1932,1950,18
41395.jpg,1932,1950,18
41400.jpg,1932,1950,18
41405.jpg,1932,1950,18
41410.jpg,1932,1920,-12
41415.jpg,1932,1932,0
41420.jpg,1932,1850,-82
41425.jpg,1932,-1,-1933
41430.jpg,1932,1950,18
41435.jpg,1932,1950,18
41440.jpg,1932,1920,-12
41445.jpg,1932,1920,-12
41450.jpg,1932,1950,18
41455.jpg,1932,1850,-82
41460.jpg,1932,1850,-82
41465.jpg,1932,1960,28
41470.jpg,1932,1950,18
41475.jpg,1932,1920,-12
41480.jpg,1932,1920,-12
41485.jpg,1932,1920,-12
41490.jpg,1932,1950,18
41495.jpg,1932,1920,-12
41500.jpg,1932,1960,28
41505.jpg,1932,1950,18
41510.jpg,1932,1950,18
41515.jpg,1932,1930,-2
41520.jpg,1932,1920,-12
41525.jpg,1932,1920,-12
41530.jpg,1932,1920,-12
41535.jpg,1932,1920,-12
41540.jpg,1932,1850,-82
41545.jpg,1932,1950,18
41550.jpg,1932,1960,28
41555.jpg,1932,1930,-2
41560.jpg,1932,1890,-42
41565.jpg,1932,1930,-2
41570.jpg,1933,1950,17
41575.jpg,1933,1900,-33
41580.jpg,1933,1850,-83
41585.jpg,1933,1950,17
41590.jpg,1933,1960,27
41595.jpg,1933,1950,17
41600.jpg,1933,1850,-83
41605.jpg,1933,1920,-13
41610.jpg,1933,1930,-3
41615.jpg,1933,1800,-133
41620.jpg,1933,1960,27
41625.jpg,1933,1950,17
41630.jpg,1933,1850,-83
41635.jpg,1933,1930,-3
41640.jpg,1933,1850,-83
41645.jpg,1933,-1,-1934
41650.jpg,1933,1920,-13
41655.jpg,1933,1850,-83
41660.jpg,1933,1930,-3
41665.jpg,1933,-1,-1934
41670.jpg,1933,1950,17
41675.jpg,1933,1920,-13
41680.jpg,1933,1960,27
41685.jpg,1933,1850,-83
41690.jpg,1933,1930,-3
41695.jpg,1933,1950,17
41700.jpg,1933,1920,-13
41705.jpg,1933,1930,-3
41710.jpg,1933,1920,-13
41715.jpg,1933,1850,-83
41720.jpg,1933,1850,-83
41725.jpg,1933,-1,-1934
41730.jpg,1933,1900,-33
41745.jpg,1933,1850,-83
41750.jpg,1933,-1,-1934
41755.jpg,1933,1950,17
41760.jpg,1933,1950,17
41765.jpg,1933,1920,-13
41770.jpg,1933,-1,-1934
41775.jpg,1933,1950,17
41780.jpg,1933,1850,-83
41785.jpg,1933,1850,-83
41790.jpg,1933,1950,17
41795.jpg,1933,1960,27
41800.jpg,1933,1920,-13
41805.jpg,1933,1950,17
41810.jpg,1933,1950,17
41815.jpg,1933,1920,-13
41820.jpg,1933,-1,-1934
41825.jpg,1933,1950,17
41830.jpg,1933,1930,-3
41835.jpg,1934,1850,-84
41840.jpg,1934,1930,-4
41845.jpg,1934,1960,26
41850.jpg,1934,1950,16
41855.jpg,1934,1960,26
41860.jpg,1934,1960,26
41865.jpg,1934,1990,56
41870.jpg,1934,2010,76
41875.jpg,1934,-1,-1935
41880.jpg,1934,1950,16
41885.jpg,1934,1900,-34
41890.jpg,1934,1950,16
41895.jpg,1934,1960,26
41900.jpg,1934,1930,-4
41905.jpg,1934,1850,-84
41910.jpg,1934,1950,16
41915.jpg,1934,-1,-1935
41920.jpg,1934,1950,16
41925.jpg,1934,1850,-84
41930.jpg,1934,-1,-1935
41935.jpg,1934,1980,46
41940.jpg,1934,1920,-14
41945.jpg,1934,1850,-84
41950.jpg,1934,1950,16
41955.jpg,1934,1920,-14
41960.jpg,1934,1950,16
41965.jpg,1934,1950,16
41970.jpg,1934,1850,-84
41975.jpg,1934,1990,56
41980.jpg,1934,1950,16
41985.jpg,1934,1920,-14
41990.jpg,1934,1950,16
41995.jpg,1934,1950,16
42000.jpg,1934,1950,16
42005.jpg,1934,1850,-84
42010.jpg,1935,1950,15
42015.jpg,1935,1920,-15
42020.jpg,1935,1930,-5
42025.jpg,1935,1000,-935
42035.jpg,1935,1960,25
42040.jpg,1935,1950,15
42045.jpg,1935,1960,25
42050.jpg,1935,1920,-15
42060.jpg,1935,1950,15
42065.jpg,1935,1950,15
42070.jpg,1935,1950,15
42075.jpg,1935,1930,-5
42080.jpg,1935,1930,-5
42085.jpg,1935,1850,-85
42090.jpg,1935,-1,-1936
42095.jpg,1935,1850,-85
42100.jpg,1935,1950,15
42105.jpg,1935,-1,-1936
42110.jpg,1935,1950,15
42115.jpg,1935,1850,-85
42120.jpg,1935,1950,15
42125.jpg,1935,1850,-85
42130.jpg,1935,1950,15
42135.jpg,1935,1960,25
42140.jpg,1935,1950,15
42145.jpg,1935,1850,-85
42150.jpg,1935,-1,-1936
42155.jpg,1935,-1,-1936
42160.jpg,1935,1920,-15
42165.jpg,1935,1850,-85
42170.jpg,1935,1920,-15
42175.jpg,1935,1970,35
42180.jpg,1935,1920,-15
42185.jpg,1935,1970,35
42190.jpg,1935,1950,15
42195.jpg,1935,1950,15
42200.jpg,1935,1950,15
42205.jpg,1935,1920,-15
42210.jpg,1935,1950,15
42215.jpg,1935,1950,15
42220.jpg,1935,1950,15
42225.jpg,1935,1950,15
42230.jpg,1935,-1,-1936
42235.jpg,1935,-1,-1936
42240.jpg,1935,1930,-5
42250.jpg,1935,1950,15
42255.jpg,1935,1970,35
42260.jpg,1935,1950,15
42265.jpg,1935,1920,-15
42270.jpg,1935,1950,15
42275.jpg,1935,1950,15
42280.jpg,1935,1950,15
42285.jpg,1935,1950,15
42290.jpg,1935,1950,15
42295.jpg,1936,1920,-16
42300.jpg,1936,1950,14
42305.jpg,1936,1930,-6
42310.jpg,1936,1950,14
42315.jpg,1936,-1,-1937
42320.jpg,1936,1990,54
42325.jpg,1936,1960,24
42330.jpg,1936,2010,74
42335.jpg,1936,1960,24
42340.jpg,1936,1950,14
42345.jpg,1936,1950,14
42350.jpg,1936,1950,14
42355.jpg,1936,1950,14
42360.jpg,1936,1960,24
42365.jpg,1936,1921,-15
42370.jpg,1936,1920,-16
42375.jpg,1936,1850,-86
42380.jpg,1936,1960,24
42385.jpg,1936,-1,-1937
42390.jpg,1936,-1,-1937
42395.jpg,1936,-1,-1937
42400.jpg,1936,1950,14
42405.jpg,1936,1850,-86
42410.jpg,1936,1960,24
42415.jpg,1936,1950,14
42420.jpg,1936,1930,-6
42425.jpg,1936,1850,-86
42430.jpg,1936,1900,-36
42435.jpg,1936,1970,34
42440.jpg,1936,1950,14
42445.jpg,1936,1950,14
42450.jpg,1936,1950,14
42455.jpg,1936,1950,14
42460.jpg,1936,1930,-6
42465.jpg,1936,1930,-6
42470.jpg,1936,1950,14
42475.jpg,1936,1920,-16
42480.jpg,1936,1920,-16
42485.jpg,1936,1950,14
42490.jpg,1936,1950,14
42495.jpg,1936,1950,14
42500.jpg,1936,1950,14
42505.jpg,1936,1950,14
42510.jpg,1936,1970,34
42515.jpg,1936,1950,14
42520.jpg,1936,1950,14
42525.jpg,1936,1930,-6
42530.jpg,1936,1980,44
42535.jpg,1936,1960,24
42540.jpg,1936,1850,-86
42545.jpg,1936,1850,-86
42550.jpg,1936,1950,14
42555.jpg,1936,1600,-336
42560.jpg,1936,1950,14
42565.jpg,1936,1850,-86
42570.jpg,1936,1930,-6
42575.jpg,1936,1920,-16
42585.jpg,1936,1960,24
42595.jpg,1936,1950,14
42600.jpg,1936,1930,-6
42610.jpg,1937,1936,-1
42615.jpg,1937,-1,-1938
42620.jpg,1937,1930,-7
42625.jpg,1937,1920,-17
42630.jpg,1937,1960,23
42635.jpg,1937,1950,13
42640.jpg,1937,1960,23
42645.jpg,1937,1960,23
42650.jpg,1937,-1,-1938
42655.jpg,1937,1960,23
42660.jpg,1937,1920,-17
42665.jpg,1937,1950,13
42670.jpg,1937,-1,-1938
42675.jpg,1937,1950,13
42680.jpg,1937,1960,23
42685.jpg,1937,1950,13
42690.jpg,1937,1950,13
42695.jpg,1937,1950,13
42700.jpg,1937,1950,13
42705.jpg,1937,1930,-7
42710.jpg,1937,-1,-1938
42715.jpg,1937,1960,23
42720.jpg,1937,1950,13
42725.jpg,1937,1950,13
42730.jpg,1937,1950,13
42735.jpg,1937,1950,13
42740.jpg,1937,1937,0
42745.jpg,1937,1930,-7
42750.jpg,1937,1960,23
42755.jpg,1937,1900,-37
42765.jpg,1937,1850,-87
42770.jpg,1937,1960,23
42775.jpg,1937,1920,-17
42780.jpg,1937,1920,-17
42785.jpg,1937,1950,13
42790.jpg,1937,-1,-1938
42795.jpg,1937,1950,13
42800.jpg,1937,1850,-87
42805.jpg,1937,1950,13
42810.jpg,1937,-1,-1938
42815.jpg,1937,1920,-17
42820.jpg,1937,1970,33
42825.jpg,1937,-1,-1938
42830.jpg,1937,-1,-1938
42835.jpg,1937,1950,13
42840.jpg,1937,1950,13
42845.jpg,1937,1850,-87
42850.jpg,1937,1950,13
42855.jpg,1937,1930,-7
42860.jpg,1937,-1,-1938
42865.jpg,1937,1960,23
42870.jpg,1937,1950,13
42875.jpg,1937,1960,23
42880.jpg,1937,1850,-87
42885.jpg,1937,1950,13
42890.jpg,1937,1930,-7
42895.jpg,1937,1950,13
42900.jpg,1937,1950,13
42905.jpg,1937,1950,13
42910.jpg,1937,1500,-437
42915.jpg,1938,1930,-8
42920.jpg,1938,1930,-8
42925.jpg,1938,1919,-19
42930.jpg,1938,1930,-8
42935.jpg,1938,1920,-18
42940.jpg,1938,1960,22
42945.jpg,1938,1990,52
42950.jpg,1938,1980,42
42955.jpg,1938,1960,22
42960.jpg,1938,1950,12
42965.jpg,1938,1950,12
42970.jpg,1938,1920,-18
42975.jpg,1938,-1,-1939
42980.jpg,1938,1920,-18
42985.jpg,1938,1850,-88
42990.jpg,1938,1950,12
42995.jpg,1938,-1,-1939
43000.jpg,1938,1950,12
43005.jpg,1938,1950,12
43010.jpg,1938,1900,-38
43015.jpg,1938,1950,12
43020.jpg,1938,1850,-88
43025.jpg,1938,1930,-8
43030.jpg,1938,1950,12
43035.jpg,1938,1950,12
43040.jpg,1938,1950,12
43045.jpg,1938,1930,-8
43050.jpg,1938,1970,32
43055.jpg,1938,1950,12
43060.jpg,1938,1960,22
43065.jpg,1938,1950,12
43070.jpg,1938,1980,42
43075.jpg,1938,1950,12
43080.jpg,1938,1950,12
43085.jpg,1938,1850,-88
43090.jpg,1938,1960,22
43095.jpg,1938,1920,-18
43100.jpg,1938,1960,22
43105.jpg,1938,1950,12
43110.jpg,1938,1930,-8
43115.jpg,1938,1848,-90
43120.jpg,1938,1920,-18
43125.jpg,1938,1900,-38
43130.jpg,1938,1920,-18
43135.jpg,1938,1950,12
43140.jpg,1938,1970,32
43145.jpg,1938,-1,-1939
43150.jpg,1938,-1,-1939
43155.jpg,1938,1960,22
43160.jpg,1938,1950,12
43165.jpg,1938,1950,12
43170.jpg,1938,1930,-8
43175.jpg,1938,1960,22
43185.jpg,1938,-1,-1939
43190.jpg,1938,1970,32
43195.jpg,1938,1950,12
43200.jpg,1938,1950,12
43210.jpg,1939,1936,-3
43215.jpg,1939,1930,-9
43220.jpg,1939,1950,11
43225.jpg,1939,1850,-89
43235.jpg,1939,1920,-19
43245.jpg,1939,1990,51
43250.jpg,1939,1970,31
43255.jpg,1939,1990,51
43260.jpg,1939,1960,21
43270.jpg,1939,1920,-19
43275.jpg,1939,1920,-19
43280.jpg,1939,1850,-89
43285.jpg,1939,1950,11
43290.jpg,1939,1950,11
43295.jpg,1939,1950,11
43300.jpg,1939,1950,11
43305.jpg,1939,1960,21
43310.jpg,1939,1950,11
43315.jpg,1939,1930,-9
43320.jpg,1939,1950,11
43325.jpg,1939,1920,-19
43330.jpg,1939,1990,51
43335.jpg,1939,1960,21
43340.jpg,1939,1950,11
43345.jpg,1939,1950,11
43350.jpg,1939,1950,11
43360.jpg,1939,1920,-19
43365.jpg,1939,1850,-89
43370.jpg,1939,1920,-19
43375.jpg,1939,1900,-39
43380.jpg,1939,1960,21
43385.jpg,1939,1950,11
43390.jpg,1939,1960,21
43395.jpg,1939,1950,11
43400.jpg,1939,1970,31
43405.jpg,1939,2010,71
43410.jpg,1939,1950,11
43415.jpg,1939,1950,11
43420.jpg,1939,1950,11
43425.jpg,1939,1900,-39
43430.jpg,1939,1850,-89
43435.jpg,1939,1920,-19
43440.jpg,1939,1950,11
43445.jpg,1939,1950,11
43450.jpg,1939,1960,21
43455.jpg,1939,-1,-1940
43460.jpg,1939,1850,-89
43465.jpg,1939,1850,-89
43470.jpg,1940,1950,10
43475.jpg,1940,1930,-10
43480.jpg,1940,-1,-1941
43485.jpg,1940,1920,-20
43490.jpg,1940,1950,10
43495.jpg,1940,-1,-1941
43500.jpg,1940,1950,10
43505.jpg,1940,2010,70
43510.jpg,1940,1950,10
43515.jpg,1940,1970,30
43520.jpg,1940,1950,10
43525.jpg,1940,1850,-90
43530.jpg,1940,1950,10
43535.jpg,1940,1850,-90
43540.jpg,1940,-1,-1941
43545.jpg,1940,1960,20
43550.jpg,1940,1920,-20
43555.jpg,1940,1960,20
43560.jpg,1940,20,-1920
43565.jpg,1940,1950,10
43570.jpg,1940,1950,10
43575.jpg,1940,1950,10
43580.jpg,1940,1920,-20
43585.jpg,1940,1930,-10
43590.jpg,1940,1930,-10
43595.jpg,1940,1970,30
43600.jpg,1940,1950,10
43605.jpg,1940,1930,-10
43610.jpg,1940,1920,-20
43615.jpg,1940,1850,-90
43620.jpg,1940,1950,10
43625.jpg,1940,1850,-90
43630.jpg,1940,1950,10
43635.jpg,1940,1990,50
43640.jpg,1940,1850,-90
43645.jpg,1940,1970,30
43650.jpg,1940,1950,10
43655.jpg,1940,1950,10
43660.jpg,1940,1950,10
43665.jpg,1940,1960,20
43670.jpg,1940,1950,10
43675.jpg,1940,1950,10
43680.jpg,1940,1930,-10
43685.jpg,1940,1950,10
43700.jpg,1940,1950,10
43705.jpg,1940,1950,10
43710.jpg,1940,1920,-20
43715.jpg,1940,1950,10
43720.jpg,1941,1950,9
43725.jpg,1941,1950,9
43730.jpg,1941,1970,29
43735.jpg,1941,1950,9
43740.jpg,1941,1950,9
43745.jpg,1941,1850,-91
43750.jpg,1941,1950,9
43755.jpg,1941,1850,-91
43760.jpg,1941,1920,-21
43765.jpg,1941,1850,-91
43770.jpg,1941,1950,9
43775.jpg,1941,1960,19
43780.jpg,1941,1950,9
43785.jpg,1941,1950,9
43790.jpg,1941,1950,9
43795.jpg,1941,1990,49
43800.jpg,1941,1900,-41
43805.jpg,1941,1850,-91
43810.jpg,1941,1950,9
43815.jpg,1941,1960,19
43820.jpg,1941,1950,9
43825.jpg,1941,1950,9
43830.jpg,1941,1960,19
43835.jpg,1941,1960,19
43840.jpg,1941,2010,69
43845.jpg,1941,1930,-11
43850.jpg,1941,1960,19
43855.jpg,1941,1850,-91
43860.jpg,1941,1950,9
43865.jpg,1942,1930,-12
43870.jpg,1942,1950,8
43875.jpg,1942,1960,18
43880.jpg,1942,1950,8
43885.jpg,1942,1960,18
43890.jpg,1942,1950,8
43895.jpg,1942,-1,-1943
43900.jpg,1942,1900,-42
43905.jpg,1942,1950,8
43910.jpg,1942,1960,18
43915.jpg,1942,1850,-92
43920.jpg,1942,1950,8
43925.jpg,1942,1970,28
43930.jpg,1942,1950,8
43935.jpg,1942,1950,8
43940.jpg,1942,1950,8
43945.jpg,1942,1960,18
43950.jpg,1942,1950,8
43955.jpg,1942,1850,-92
43960.jpg,1943,1950,7
43965.jpg,1943,1960,17
43970.jpg,1943,1950,7
43975.jpg,1943,1950,7
43980.jpg,1943,1941,-2
43985.jpg,1943,1960,17
43990.jpg,1943,1960,17
43995.jpg,1943,1950,7
44000.jpg,1943,1950,7
44005.jpg,1943,1960,17
44010.jpg,1943,1960,17
44015.jpg,1943,1950,7
44020.jpg,1943,-1,-1944
44025.jpg,1943,1960,17
44030.jpg,1944,1900,-44
44035.jpg,1944,1950,6
44040.jpg,1944,1960,16
44045.jpg,1944,1930,-14
44050.jpg,1944,1950,6
44055.jpg,1944,1950,6
44060.jpg,1945,1850,-95
44065.jpg,1945,1930,-15
44075.jpg,1945,1960,15
44080.jpg,1945,1930,-15
44090.jpg,1945,1950,5
44095.jpg,1945,1950,5
44100.jpg,1945,1990,45
44105.jpg,1945,1950,5
44110.jpg,1945,1950,5
44115.jpg,1946,1930,-16
44120.jpg,1946,1960,14
44125.jpg,1946,1960,14
44130.jpg,1946,1950,4
44135.jpg,1946,1960,14
44140.jpg,1946,1990,44
44145.jpg,1946,1950,4
44150.jpg,1946,1950,4
44155.jpg,1946,1850,-96
44160.jpg,1946,1950,4
44165.jpg,1946,1950,4
44170.jpg,1946,1950,4
44175.jpg,1947,1930,-17
44180.jpg,1947,1930,-17
44185.jpg,1947,1850,-97
44190.jpg,1947,1990,43
44195.jpg,1947,1990,43
44200.jpg,1947,1960,13
44205.jpg,1947,1960,13
44210.jpg,1947,1990,43
44215.jpg,1947,1920,-27
44220.jpg,1947,1950,3
44230.jpg,1947,1950,3
44240.jpg,1947,1950,3
44245.jpg,1947,1920,-27
44250.jpg,1947,1950,3
44255.jpg,1947,1970,23
44260.jpg,1947,1920,-27
44270.jpg,1947,1950,3
44275.jpg,1947,1950,3
44280.jpg,1947,1950,3
44285.jpg,1948,1930,-18
44290.jpg,1948,2010,62
44295.jpg,1948,1990,42
44300.jpg,1948,1950,2
44305.jpg,1948,1960,12
44310.jpg,1948,1960,12
44315.jpg,1948,2010,62
44320.jpg,1948,1960,12
44325.jpg,1948,1950,2
44330.jpg,1948,1960,12
44335.jpg,1948,1950,2
44340.jpg,1948,1960,12
44345.jpg,1948,1850,-98
44350.jpg,1948,1950,2
44355.jpg,1948,1950,2
44360.jpg,1948,1970,22
44365.jpg,1948,1950,2
44370.jpg,1948,1920,-28
44375.jpg,1948,1920,-28
44380.jpg,1948,1960,12
44385.jpg,1948,2000,52
44390.jpg,1948,20,-1928
44395.jpg,1948,1950,2
44400.jpg,1949,1850,-99
44405.jpg,1949,1970,21
44410.jpg,1949,1960,11
44415.jpg,1949,1960,11
44420.jpg,1949,-1,-1950
44425.jpg,1949,1950,1
44430.jpg,1949,1960,11
44435.jpg,1949,-1,-1950
44440.jpg,1949,1960,11
44445.jpg,1949,1980,31
44450.jpg,1949,1920,-29
44455.jpg,1949,1950,1
44460.jpg,1949,1930,-19
44465.jpg,1949,1950,1
44470.jpg,1949,1990,41
44475.jpg,1949,1950,1
44480.jpg,1949,1950,1
44485.jpg,1949,1950,1
44490.jpg,1949,1950,1
44495.jpg,1949,1950,1
44500.jpg,1949,1950,1
44510.jpg,1949,-1,-1950
44515.jpg,1949,1920,-29
44520.jpg,1949,2010,61
44525.jpg,1949,1920,-29
44530.jpg,1949,1950,1
44535.jpg,1949,1960,11
44540.jpg,1950,1960,10
44545.jpg,1950,1990,40
44550.jpg,1950,1930,-20
44555.jpg,1950,1960,10
44560.jpg,1950,1960,10
44565.jpg,1950,1960,10
44570.jpg,1950,1960,10
44575.jpg,1950,-1,-1951
44585.jpg,1950,1990,40
44590.jpg,1950,-1,-1951
44595.jpg,1950,1960,10
44600.jpg,1950,1970,20
44605.jpg,1950,1960,10
44610.jpg,1950,1960,10
44615.jpg,1950,1950,0
44620.jpg,1950,1960,10
44625.jpg,1950,1850,-100
44630.jpg,1950,1900,-50
44635.jpg,1950,1950,0
44640.jpg,1950,1950,0
44645.jpg,1950,1920,-30
44650.jpg,1950,1950,0
44655.jpg,1950,1950,0
44660.jpg,1950,1960,10
44665.jpg,1950,1950,0
44680.jpg,1950,1960,10
44685.jpg,1950,1950,0
44690.jpg,1950,1960,10
44695.jpg,1950,1900,-50
44700.jpg,1950,1960,10
44705.jpg,1951,1960,9
44710.jpg,1951,1930,-21
44720.jpg,1951,1960,9
44725.jpg,1951,1980,29
44730.jpg,1951,1980,29
44735.jpg,1951,1930,-21
44740.jpg,1951,1850,-101
44745.jpg,1951,1970,19
44750.jpg,1951,1950,-1
44755.jpg,1951,1960,9
44760.jpg,1951,1960,9
44765.jpg,1951,1930,-21
44770.jpg,1951,1200,-751
44775.jpg,1951,1960,9
44780.jpg,1951,1850,-101
44785.jpg,1951,1960,9
44790.jpg,1951,1970,19
44795.jpg,1951,1960,9
44800.jpg,1951,1950,-1
44810.jpg,1951,-1,-1952
44815.jpg,1951,1950,-1
44820.jpg,1951,1960,9
44825.jpg,1951,2010,59
44830.jpg,1951,1990,39
44840.jpg,1951,1960,9
44845.jpg,1952,1950,-2
44850.jpg,1952,1960,8
44855.jpg,1952,1980,28
44860.jpg,1952,1960,8
44865.jpg,1952,2010,58
44870.jpg,1952,1990,38
44875.jpg,1952,1950,-2
44880.jpg,1952,1960,8
44885.jpg,1952,1960,8
44890.jpg,1952,1950,-2
44895.jpg,1952,1960,8
44900.jpg,1952,1950,-2
44905.jpg,1952,1950,-2
44910.jpg,1952,2010,58
44915.jpg,1952,1950,-2
44920.jpg,1952,1970,18
44925.jpg,1952,1950,-2
44930.jpg,1952,1980,28
44940.jpg,1952,-1,-1953
44945.jpg,1952,1950,-2
44950.jpg,1952,1970,18
44955.jpg,1952,1990,38
44960.jpg,1953,1950,-3
44965.jpg,1953,1960,7
44970.jpg,1953,1990,37
44980.jpg,1953,1930,-23
44985.jpg,1953,2010,57
44990.jpg,1953,1990,37
44995.jpg,1953,1960,7
45000.jpg,1953,-1,-1954
45005.jpg,1953,1950,-3
45010.jpg,1953,1850,-103
45015.jpg,1953,1960,7
45020.jpg,1953,1960,7
45025.jpg,1953,1950,-3
45030.jpg,1953,1950,-3
45035.jpg,1953,1960,7
45040.jpg,1953,1950,-3
45045.jpg,1953,1850,-103
45050.jpg,1953,1950,-3
45055.jpg,1953,1950,-3
45060.jpg,1953,1930,-23
45065.jpg,1953,1960,7
45070.jpg,1953,1960,7
45075.jpg,1953,1960,7
45080.jpg,1953,1950,-3
45085.jpg,1953,1950,-3
45090.jpg,1953,1850,-103
45095.jpg,1954,1950,-4
45100.jpg,1954,1960,6
45105.jpg,1954,1960,6
45110.jpg,1954,1960,6
45115.jpg,1954,1990,36
45120.jpg,1954,1970,16
45125.jpg,1954,-1,-1955
45130.jpg,1954,1960,6
45135.jpg,1954,1960,6
45140.jpg,1954,1960,6
45150.jpg,1954,1950,-4
45155.jpg,1954,1950,-4
45160.jpg,1954,1960,6
45165.jpg,1954,1950,-4
45170.jpg,1954,1964,10
45175.jpg,1954,1920,-34
45180.jpg,1954,1920,-34
45185.jpg,1954,1950,-4
45190.jpg,1954,1950,-4
45195.jpg,1954,-1,-1955
45200.jpg,1954,-1,-1955
45205.jpg,1954,1850,-104
45210.jpg,1954,1920,-34
45215.jpg,1954,1980,26
45220.jpg,1954,1850,-104
45225.jpg,1954,1950,-4
45230.jpg,1954,1960,6
45235.jpg,1955,1800,-155
45240.jpg,1955,1990,35
45245.jpg,1955,1960,5
45250.jpg,1955,1930,-25
45255.jpg,1955,1960,5
45260.jpg,1955,1950,-5
45265.jpg,1955,2010,55
45275.jpg,1955,1960,5
45280.jpg,1955,1990,35
45285.jpg,1955,1950,-5
45290.jpg,1955,1960,5
45295.jpg,1955,1960,5
45300.jpg,1955,-1,-1956
45310.jpg,1955,1960,5
45315.jpg,1955,2010,55
45320.jpg,1955,1850,-105
45325.jpg,1955,1920,-35
45330.jpg,1955,1960,5
45335.jpg,1955,1960,5
45345.jpg,1955,1970,15
45350.jpg,1955,1950,-5
45355.jpg,1955,1990,35
45360.jpg,1955,1850,-105
45365.jpg,1955,1970,15
45370.jpg,1955,1950,-5
45375.jpg,1955,1850,-105
45385.jpg,1956,1960,4
45390.jpg,1956,1960,4
45395.jpg,1956,1960,4
45400.jpg,1956,1990,34
45405.jpg,1956,-1,-1957
45410.jpg,1956,1960,4
45415.jpg,1956,1950,-6
45420.jpg,1956,1960,4
45430.jpg,1956,1980,24
45435.jpg,1956,1850,-106
45440.jpg,1956,1960,4
45445.jpg,1956,1960,4
45450.jpg,1956,1970,14
45455.jpg,1956,1970,14
45460.jpg,1956,1960,4
45465.jpg,1956,1980,24
45470.jpg,1956,1950,-6
45475.jpg,1956,1950,-6
45480.jpg,1956,1950,-6
45485.jpg,1956,1960,4
45490.jpg,1956,1950,-6
45495.jpg,1956,1850,-106
45500.jpg,1956,1970,14
45505.jpg,1956,1990,34
45510.jpg,1956,1980,24
45515.jpg,1956,1960,4
45520.jpg,1956,1950,-6
45530.jpg,1957,1950,-7
45535.jpg,1957,1960,3
45540.jpg,1957,2010,53
45545.jpg,1957,2010,53
45550.jpg,1957,1990,33
45555.jpg,1957,1950,-7
45560.jpg,1957,1965,8
45565.jpg,1957,1960,3
45570.jpg,1957,1960,3
45575.jpg,1957,1920,-37
45585.jpg,1957,20,-1937
45590.jpg,1957,1970,13
45595.jpg,1957,1960,3
45605.jpg,1957,1960,3
45610.jpg,1957,1960,3
45615.jpg,1957,1970,13
45620.jpg,1957,1960,3
45630.jpg,1957,1850,-107
45635.jpg,1957,1960,3
45640.jpg,1957,1950,-7
45645.jpg,1957,1850,-107
45650.jpg,1957,1960,3
45655.jpg,1957,1950,-7
45660.jpg,1957,1960,3
45665.jpg,1957,1950,-7
45675.jpg,1957,1990,33
45680.jpg,1957,1950,-7
45685.jpg,1957,1960,3
45695.jpg,1957,1960,3
45700.jpg,1958,1920,-38
45705.jpg,1958,-1,-1959
45715.jpg,1958,1990,32
45720.jpg,1958,1970,12
45730.jpg,1958,1960,2
45735.jpg,1958,1990,32
45740.jpg,1958,-1,-1959
45745.jpg,1958,-1,-1959
45750.jpg,1958,1960,2
45755.jpg,1958,1850,-108
45760.jpg,1958,1960,2
45765.jpg,1958,1960,2
45770.jpg,1958,1960,2
45775.jpg,1958,1960,2
45780.jpg,1958,1960,2
45785.jpg,1958,1960,2
45790.jpg,1958,1960,2
45795.jpg,1958,1960,2
45800.jpg,1958,1960,2
45805.jpg,1958,1960,2
45810.jpg,1958,1850,-108
45815.jpg,1958,1960,2
45820.jpg,1958,-1,-1959
45825.jpg,1958,1970,12
45830.jpg,1958,1960,2
45835.jpg,1958,1930,-28
45840.jpg,1958,1960,2
45845.jpg,1958,1960,2
45850.jpg,1958,1960,2
45855.jpg,1959,1960,1
45860.jpg,1959,1850,-109
45870.jpg,1959,2010,51
45880.jpg,1959,1950,-9
45885.jpg,1959,1970,11
45890.jpg,1959,1930,-29
45895.jpg,1959,1950,-9
45900.jpg,1959,1960,1
45905.jpg,1959,1950,-9
45910.jpg,1959,2010,51
45915.jpg,1959,1960,1
45925.jpg,1959,1950,-9
45930.jpg,1959,1960,1
45935.jpg,1959,1970,11
45940.jpg,1959,1980,21
45945.jpg,1959,2010,51
45950.jpg,1959,1990,31
45955.jpg,1959,2010,51
45960.jpg,1959,1960,1
45965.jpg,1959,1950,-9
45970.jpg,1959,1980,21
45975.jpg,1959,1960,1
45980.jpg,1959,1950,-9
45985.jpg,1959,1850,-109
45990.jpg,1960,1920,-40
45995.jpg,1960,1950,-10
46000.jpg,1960,1960,0
46005.jpg,1960,2010,50
46015.jpg,1960,1960,0
46025.jpg,1960,1960,0
46030.jpg,1960,1960,0
46035.jpg,1960,1960,0
46040.jpg,1960,1960,0
46045.jpg,1960,1960,0
46050.jpg,1960,1950,-10
46055.jpg,1960,1950,-10
46060.jpg,1960,1950,-10
46065.jpg,1960,1950,-10
46070.jpg,1960,1964,4
46075.jpg,1960,1960,0
46080.jpg,1960,1960,0
46085.jpg,1960,1850,-110
46090.jpg,1960,1960,0
46095.jpg,1960,1960,0
46100.jpg,1960,1960,0
46105.jpg,1960,1950,-10
46110.jpg,1960,1980,20
46115.jpg,1960,2010,50
46120.jpg,1960,1990,30
46130.jpg,1960,1850,-110
46135.jpg,1960,1960,0
46140.jpg,1960,1930,-30
46145.jpg,1960,1960,0
46150.jpg,1960,1960,0
46155.jpg,1961,1890,-71
46160.jpg,1961,1960,-1
46170.jpg,1961,2010,49
46180.jpg,1961,1960,-1
46185.jpg,1961,-1,-1962
46190.jpg,1961,1850,-111
46195.jpg,1961,1960,-1
46200.jpg,1961,1960,-1
46205.jpg,1961,1960,-1
46210.jpg,1961,1960,-1
46215.jpg,1961,1960,-1
46220.jpg,1961,1970,9
46225.jpg,1961,1960,-1
46230.jpg,1961,1960,-1
46235.jpg,1961,1960,-1
46240.jpg,1961,2010,49
46245.jpg,1961,1960,-1
46250.jpg,1961,1950,-11
46255.jpg,1961,1970,9
46260.jpg,1961,1950,-11
46265.jpg,1961,1960,-1
46270.jpg,1961,1930,-31
46275.jpg,1961,1920,-41
46280.jpg,1961,1850,-111
46285.jpg,1961,1960,-1
46290.jpg,1961,1990,29
46295.jpg,1961,1980,19
46305.jpg,1961,1950,-11
46310.jpg,1961,1957,-4
46315.jpg,1961,1960,-1
46320.jpg,1962,1970,8
46330.jpg,1962,1920,-42
46335.jpg,1962,1990,28
46340.jpg,1962,1962,0
46345.jpg,1962,1980,18
46350.jpg,1962,1960,-2
46355.jpg,1962,1960,-2
46360.jpg,1962,1990,28
46365.jpg,1962,1960,-2
46370.jpg,1962,1950,-12
46375.jpg,1962,1960,-2
46380.jpg,1962,1960,-2
46385.jpg,1962,1960,-2
46390.jpg,1962,1960,-2
46395.jpg,1962,1950,-12
46400.jpg,1962,1960,-2
46405.jpg,1962,1950,-12
46410.jpg,1962,1960,-2
46415.jpg,1962,-1,-1963
46420.jpg,1962,1950,-12
46425.jpg,1962,1960,-2
46430.jpg,1962,1960,-2
46435.jpg,1962,1850,-112
46440.jpg,1962,1990,28
46445.jpg,1962,1980,18
46450.jpg,1962,1960,-2
46455.jpg,1962,1850,-112
46460.jpg,1962,1960,-2
46465.jpg,1963,1930,-33
46470.jpg,1963,1960,-3
46475.jpg,1963,-1,-1964
46480.jpg,1963,1960,-3
46490.jpg,1963,1990,27
46495.jpg,1963,-1,-1964
46500.jpg,1963,1960,-3
46505.jpg,1963,1980,17
46510.jpg,1963,1960,-3
46515.jpg,1963,1990,27
46520.jpg,1963,1960,-3
46525.jpg,1963,1980,17
46530.jpg,1963,1960,-3
46535.jpg,1963,1960,-3
46540.jpg,1963,1850,-113
46545.jpg,1963,1950,-13
46550.jpg,1963,1960,-3
46555.jpg,1963,1960,-3
46560.jpg,1963,1960,-3
46565.jpg,1963,1960,-3
46570.jpg,1963,1960,-3
46575.jpg,1963,1950,-13
46580.jpg,1963,1960,-3
46585.jpg,1963,1960,-3
46590.jpg,1963,1850,-113
46595.jpg,1963,1920,-43
46600.jpg,1963,-1,-1964
46605.jpg,1963,1990,27
46615.jpg,1963,1930,-33
46620.jpg,1963,1960,-3
46625.jpg,1963,1970,7
46630.jpg,1963,1950,-13
46635.jpg,1964,1960,-4
46640.jpg,1964,1960,-4
46645.jpg,1964,1960,-4
46650.jpg,1964,1960,-4
46655.jpg,1964,1960,-4
46660.jpg,1964,1990,26
46665.jpg,1964,1960,-4
46670.jpg,1964,1960,-4
46675.jpg,1964,-1,-1965
46680.jpg,1964,1990,26
46685.jpg,1964,1990,26
46690.jpg,1964,1970,6
46695.jpg,1964,1980,16
46700.jpg,1964,1960,-4
46705.jpg,1964,1990,26
46710.jpg,1964,1960,-4
46715.jpg,1964,1960,-4
46720.jpg,1964,1960,-4
46725.jpg,1964,1960,-4
46730.jpg,1964,1960,-4
46735.jpg,1964,1960,-4
46740.jpg,1964,1931,-33
46745.jpg,1964,1900,-64
46750.jpg,1964,1950,-14
46755.jpg,1964,1970,6
46760.jpg,1964,1850,-114
46765.jpg,1964,1960,-4
46770.jpg,1964,1950,-14
46775.jpg,1964,1920,-44
46780.jpg,1964,1980,16
46785.jpg,1964,1980,16
46790.jpg,1964,1980,16
46795.jpg,1964,1970,6
46805.jpg,1964,1960,-4
46810.jpg,1964,1960,-4
46815.jpg,1964,1950,-14
46820.jpg,1965,1960,-5
46825.jpg,1965,1960,-5
46830.jpg,1965,1960,-5
46835.jpg,1965,1980,15
46840.jpg,1965,1990,25
46845.jpg,1965,1960,-5
46850.jpg,1965,1990,25
46860.jpg,1965,1960,-5
46865.jpg,1965,1960,-5
46870.jpg,1965,2017,52
46875.jpg,1965,1960,-5
46885.jpg,1965,1960,-5
46890.jpg,1965,2010,45
46895.jpg,1965,1960,-5
46900.jpg,1965,1970,5
46905.jpg,1965,1930,-35
46910.jpg,1965,1960,-5
46915.jpg,1965,1960,-5
46920.jpg,1965,-1,-1966
46930.jpg,1965,1950,-15
46935.jpg,1965,1960,-5
46940.jpg,1965,1950,-15
46945.jpg,1965,1990,25
46950.jpg,1965,1990,25
46955.jpg,1965,1990,25
46960.jpg,1965,1990,25
46965.jpg,1965,1990,25
46970.jpg,1965,1960,-5
46990.jpg,1965,1970,5
46995.jpg,1965,1920,-45
47000.jpg,1965,1960,-5
47005.jpg,1966,1960,-6
47010.jpg,1966,1960,-6
47015.jpg,1966,1960,-6
47020.jpg,1966,1960,-6
47025.jpg,1966,1990,24
47030.jpg,1966,1960,-6
47035.jpg,1966,1960,-6
47040.jpg,1966,2010,44
47050.jpg,1966,1970,4
47055.jpg,1966,1960,-6
47060.jpg,1966,1970,4
47065.jpg,1966,1920,-46
47070.jpg,1966,1960,-6
47075.jpg,1966,1960,-6
47080.jpg,1966,1960,-6
47085.jpg,1966,1960,-6
47090.jpg,1966,1960,-6
47100.jpg,1966,1920,-46
47105.jpg,1966,1960,-6
47115.jpg,1966,1950,-16
47120.jpg,1966,1960,-6
47125.jpg,1966,1950,-16
47130.jpg,1966,1950,-16
47135.jpg,1966,1960,-6
47140.jpg,1966,1960,-6
47145.jpg,1966,1920,-46
47150.jpg,1966,1960,-6
47155.jpg,1966,1920,-46
47170.jpg,1966,1990,24
47175.jpg,1966,1990,24
47180.jpg,1966,1960,-6
47185.jpg,1966,1960,-6
47190.jpg,1966,1960,-6
47195.jpg,1966,1960,-6
47200.jpg,1966,1970,4
47205.jpg,1966,1960,-6
47210.jpg,1966,1960,-6
47215.jpg,1966,1970,4
47220.jpg,1966,1960,-6
47225.jpg,1967,1960,-7
47230.jpg,1967,1930,-37
47235.jpg,1967,1890,-77
47240.jpg,1967,1960,-7
47245.jpg,1967,1950,-17
47255.jpg,1967,1960,-7
47265.jpg,1967,2010,43
47270.jpg,1967,1970,3
47275.jpg,1967,1990,23
47280.jpg,1967,1990,23
47285.jpg,1967,1960,-7
47290.jpg,1967,1960,-7
47295.jpg,1967,1930,-37
47300.jpg,1967,1900,-67
47305.jpg,1967,1850,-117
47310.jpg,1967,1960,-7
47315.jpg,1967,1960,-7
47320.jpg,1967,1960,-7
47325.jpg,1967,1960,-7
47330.jpg,1967,1960,-7
47335.jpg,1967,1960,-7
47340.jpg,1967,1990,23
47345.jpg,1967,1970,3
47350.jpg,1967,1960,-7
47355.jpg,1967,1960,-7
47360.jpg,1967,1900,-67
47365.jpg,1967,1920,-47
47370.jpg,1967,1850,-117
47375.jpg,1967,1920,-47
47380.jpg,1967,1960,-7
47385.jpg,1967,1980,13
47395.jpg,1967,1980,13
47400.jpg,1967,1980,13
47405.jpg,1967,1950,-17
47410.jpg,1967,2010,43
47420.jpg,1967,1960,-7
47425.jpg,1967,1990,23
47430.jpg,1967,1990,23
47435.jpg,1967,1960,-7
47440.jpg,1967,-1,-1968
47445.jpg,1967,1980,13
47450.jpg,1968,1960,-8
47455.jpg,1968,1960,-8
47460.jpg,1968,1960,-8
47465.jpg,1968,1980,12
47470.jpg,1968,1960,-8
47475.jpg,1968,1960,-8
47480.jpg,1968,2010,42
47485.jpg,1968,1960,-8
47490.jpg,1968,2010,42
47495.jpg,1968,2010,42
47500.jpg,1968,1990,22
47505.jpg,1968,1990,22
47515.jpg,1968,1960,-8
47520.jpg,1968,1950,-18
47525.jpg,1968,1980,12
47530.jpg,1968,1960,-8
47535.jpg,1968,1960,-8
47540.jpg,1968,1960,-8
47545.jpg,1968,1960,-8
47550.jpg,1968,1960,-8
47555.jpg,1968,1960,-8
47560.jpg,1968,1960,-8
47565.jpg,1968,1950,-18
47570.jpg,1968,1960,-8
47575.jpg,1968,1850,-118
47580.jpg,1968,1960,-8
47585.jpg,1968,1890,-78
47590.jpg,1968,-1,-1969
47595.jpg,1968,1970,2
47600.jpg,1968,2010,42
47610.jpg,1968,1990,22
47620.jpg,1968,1970,2
47625.jpg,1968,1930,-38
47630.jpg,1968,1980,12
47635.jpg,1968,1960,-8
47640.jpg,1968,1960,-8
47645.jpg,1968,1970,2
47650.jpg,1969,1960,-9
47655.jpg,1969,1960,-9
47660.jpg,1969,1950,-19
47665.jpg,1969,1960,-9
47670.jpg,1969,1960,-9
47675.jpg,1969,-1,-1970
47680.jpg,1969,1960,-9
47685.jpg,1969,1960,-9
47690.jpg,1969,2010,41
47695.jpg,1969,1950,-19
47700.jpg,1969,-1,-1970
47710.jpg,1969,1960,-9
47715.jpg,1969,1920,-49
47720.jpg,1969,1970,1
47730.jpg,1969,1960,-9
47735.jpg,1969,1970,1
47740.jpg,1969,1950,-19
47745.jpg,1969,1960,-9
47750.jpg,1969,2010,41
47755.jpg,1969,1920,-49
47760.jpg,1969,1960,-9
47765.jpg,1969,1990,21
47770.jpg,1969,1990,21
47780.jpg,1969,1990,21
47785.jpg,1969,1990,21
47790.jpg,1969,1960,-9
47795.jpg,1969,1960,-9
47800.jpg,1969,1970,1
47805.jpg,1969,1950,-19
47810.jpg,1969,1960,-9
47815.jpg,1969,2010,41
47820.jpg,1969,1960,-9
47825.jpg,1969,1960,-9
47830.jpg,1969,1970,1
47835.jpg,1970,1960,-10
47840.jpg,1970,1970,0
47845.jpg,1970,1960,-10
47850.jpg,1970,1990,20
47855.jpg,1970,1960,-10
47860.jpg,1970,2010,40
47865.jpg,1970,1990,20
47870.jpg,1970,1960,-10
47875.jpg,1970,1990,20
47880.jpg,1970,2010,40
47890.jpg,1970,1960,-10
47895.jpg,1970,1960,-10
47900.jpg,1970,1960,-10
47905.jpg,1970,1960,-10
47910.jpg,1970,1970,0
47915.jpg,1970,1990,20
47920.jpg,1970,1960,-10
47925.jpg,1970,1960,-10
47930.jpg,1970,1980,10
47935.jpg,1970,1960,-10
47940.jpg,1970,1960,-10
47945.jpg,1970,1850,-120
47950.jpg,1970,1960,-10
47955.jpg,1970,1980,10
47960.jpg,1970,1960,-10
47965.jpg,1970,1980,10
47970.jpg,1970,2010,40
47975.jpg,1970,1950,-20
47980.jpg,1970,1850,-120
47985.jpg,1970,1630,-340
47990.jpg,1970,1990,20
47995.jpg,1970,1970,0
48000.jpg,1971,1970,-1
48005.jpg,1971,1970,-1
48010.jpg,1971,1960,-11
48020.jpg,1971,1960,-11
48025.jpg,1971,1990,19
48030.jpg,1971,2010,39
48035.jpg,1971,1960,-11
48040.jpg,1971,1990,19
48045.jpg,1971,1990,19
48050.jpg,1971,1960,-11
48065.jpg,1971,1960,-11
48070.jpg,1971,1960,-11
48075.jpg,1971,1960,-11
48080.jpg,1971,1990,19
48085.jpg,1971,1960,-11
48090.jpg,1971,1960,-11
48095.jpg,1971,1950,-21
48100.jpg,1971,1950,-21
48105.jpg,1971,2010,39
48110.jpg,1971,1980,9
48115.jpg,1971,1980,9
48120.jpg,1971,1970,-1
48130.jpg,1971,1990,19
48135.jpg,1971,1970,-1
48140.jpg,1971,1990,19
48145.jpg,1971,1990,19
48150.jpg,1971,1980,9
48155.jpg,1971,1960,-11
48160.jpg,1971,1960,-11
48170.jpg,1971,1960,-11
48175.jpg,1971,1960,-11
48180.jpg,1972,1970,-2
48185.jpg,1972,1960,-12
48190.jpg,1972,1960,-12
48195.jpg,1972,2005,33
48200.jpg,1972,1970,-2
48205.jpg,1972,1990,18
48215.jpg,1972,1960,-12
48220.jpg,1972,1970,-2
48225.jpg,1972,1990,18
48230.jpg,1972,1990,18
48235.jpg,1972,1990,18
48240.jpg,1972,-1,-1973
48245.jpg,1972,1990,18
48250.jpg,1972,1970,-2
48255.jpg,1972,1950,-22
48260.jpg,1972,1960,-12
48265.jpg,1972,1970,-2
48270.jpg,1972,1950,-22
48275.jpg,1972,1950,-22
48280.jpg,1972,1960,-12
48285.jpg,1972,1920,-52
48290.jpg,1972,-1,-1973
48295.jpg,1972,1970,-2
48300.jpg,1972,1960,-12
48305.jpg,1972,1980,8
48310.jpg,1972,2010,38
48320.jpg,1972,1960,-12
48325.jpg,1972,1850,-122
48330.jpg,1972,1980,8
48335.jpg,1972,-1,-1973
48340.jpg,1972,1960,-12
48345.jpg,1972,1960,-12
48350.jpg,1972,1960,-12
48355.jpg,1972,1960,-12
48360.jpg,1973,1960,-13
48365.jpg,1973,1990,17
48370.jpg,1973,1960,-13
48375.jpg,1973,1960,-13
48380.jpg,1973,1960,-13
48385.jpg,1973,1990,17
48390.jpg,1973,1990,17
48395.jpg,1973,1960,-13
48400.jpg,1973,1990,17
48405.jpg,1973,1970,-3
48410.jpg,1973,1960,-13
48415.jpg,1973,2010,37
48420.jpg,1973,1980,7
48425.jpg,1973,1970,-3
48430.jpg,1973,1960,-13
48435.jpg,1973,1960,-13
48440.jpg,1973,1970,-3
48445.jpg,1973,1970,-3
48450.jpg,1973,1950,-23
48455.jpg,1973,1960,-13
48465.jpg,1973,1990,17
48475.jpg,1973,1960,-13
48480.jpg,1973,1960,-13
48490.jpg,1973,1980,7
48495.jpg,1973,1980,7
48500.jpg,1973,1900,-73
48505.jpg,1973,1960,-13
48510.jpg,1973,1990,17
48515.jpg,1973,1950,-23
48525.jpg,1973,1960,-13
48530.jpg,1974,1960,-14
48535.jpg,1974,1960,-14
48540.jpg,1974,1990,16
48545.jpg,1974,1990,16
48550.jpg,1974,1980,6
48555.jpg,1974,2010,36
48560.jpg,1974,2010,36
48565.jpg,1974,1960,-14
48570.jpg,1974,1990,16
48575.jpg,1974,1980,6
48580.jpg,1974,1960,-14
48585.jpg,1974,1960,-14
48590.jpg,1974,-1,-1975
48595.jpg,1974,1960,-14
48600.jpg,1974,1960,-14
48605.jpg,1974,1950,-24
48610.jpg,1974,2010,36
48615.jpg,1974,1960,-14
48620.jpg,1974,1950,-24
48625.jpg,1974,1850,-124
48630.jpg,1974,1970,-4
48635.jpg,1974,1970,-4
48640.jpg,1974,1500,-474
48650.jpg,1974,1970,-4
48670.jpg,1974,2005,31
48675.jpg,1974,1990,16
48680.jpg,1974,1990,16
48685.jpg,1974,1980,6
48690.jpg,1974,1990,16
48695.jpg,1974,1900,-74
48700.jpg,1974,1960,-14
48705.jpg,1974,1930,-44
48710.jpg,1974,1980,6
48715.jpg,1974,1960,-14
48720.jpg,1974,1960,-14
48725.jpg,1974,-1,-1975
48735.jpg,1975,1970,-5
48740.jpg,1975,1960,-15
48745.jpg,1975,1975,0
48750.jpg,1975,1960,-15
48755.jpg,1975,1960,-15
48760.jpg,1975,1990,15
48765.jpg,1975,1980,5
48770.jpg,1975,1960,-15
48775.jpg,1975,1960,-15
48780.jpg,1975,-1,-1976
48785.jpg,1975,1960,-15
48790.jpg,1975,1960,-15
48795.jpg,1975,2010,35
48800.jpg,1975,1960,-15
48805.jpg,1975,1950,-25
48810.jpg,1975,2010,35
48815.jpg,1975,1960,-15
48820.jpg,1975,1960,-15
48825.jpg,1975,1950,-25
48830.jpg,1975,1960,-15
48835.jpg,1975,1960,-15
48840.jpg,1975,1960,-15
48845.jpg,1975,1950,-25
48850.jpg,1975,2005,30
48855.jpg,1975,2010,35
48860.jpg,1975,2010,35
48865.jpg,1975,1990,15
48870.jpg,1975,1990,15
48875.jpg,1975,1980,5
48880.jpg,1975,2010,35
48885.jpg,1975,1960,-15
48890.jpg,1975,1990,15
48895.jpg,1975,1980,5
48900.jpg,1976,1920,-56
48905.jpg,1976,1990,14
48910.jpg,1976,1960,-16
48915.jpg,1976,-1,-1977
48920.jpg,1976,1999,23
48925.jpg,1976,2010,34
48930.jpg,1976,1960,-16
48940.jpg,1976,1970,-6
48945.jpg,1976,2000,24
48950.jpg,1976,2010,34
48955.jpg,1976,1960,-16
48960.jpg,1976,1970,-6
48965.jpg,1976,1960,-16
48970.jpg,1976,1950,-26
48975.jpg,1976,1960,-16
48985.jpg,1976,1990,14
48990.jpg,1976,1950,-26
49000.jpg,1976,1600,-376
49020.jpg,1976,1960,-16
49030.jpg,1976,1990,14
49035.jpg,1976,1980,4
49040.jpg,1976,1970,-6
49045.jpg,1976,1990,14
49050.jpg,1976,1990,14
49060.jpg,1976,1950,-26
49065.jpg,1976,1950,-26
49070.jpg,1976,1970,-6
49075.jpg,1976,1200,-776
49080.jpg,1976,1970,-6
49085.jpg,1976,1960,-16
49090.jpg,1976,2010,34
49095.jpg,1977,1970,-7
49100.jpg,1977,1900,-77
49105.jpg,1977,1960,-17
49110.jpg,1977,1960,-17
49115.jpg,1977,1990,13
49120.jpg,1977,1990,13
49125.jpg,1977,1970,-7
49130.jpg,1977,1960,-17
49135.jpg,1977,1960,-17
49140.jpg,1977,1960,-17
49145.jpg,1977,1970,-7
49150.jpg,1977,1960,-17
49155.jpg,1977,1970,-7
49160.jpg,1977,1990,13
49165.jpg,1977,1960,-17
49170.jpg,1977,1950,-27
49175.jpg,1977,1850,-127
49180.jpg,1977,1960,-17
49185.jpg,1977,2010,33
49190.jpg,1977,1990,13
49195.jpg,1977,1990,13
49205.jpg,1977,2010,33
49210.jpg,1977,1980,3
49215.jpg,1977,1990,13
49220.jpg,1977,1990,13
49225.jpg,1977,1982,5
49230.jpg,1977,-1,-1978
49235.jpg,1977,1960,-17
49240.jpg,1977,1970,-7
49250.jpg,1977,1950,-27
49255.jpg,1977,1960,-17
49260.jpg,1978,1960,-18
49265.jpg,1978,2010,32
49270.jpg,1978,1960,-18
49280.jpg,1978,1990,12
49285.jpg,1978,1990,12
49290.jpg,1978,1920,-58
49295.jpg,1978,2010,32
49305.jpg,1978,1960,-18
49310.jpg,1978,2010,32
49315.jpg,1978,1960,-18
49320.jpg,1978,1960,-18
49325.jpg,1978,1960,-18
49330.jpg,1978,2010,32
49335.jpg,1978,1960,-18
49340.jpg,1978,1890,-88
49345.jpg,1978,1960,-18
49350.jpg,1978,1960,-18
49355.jpg,1978,1990,12
49360.jpg,1978,1990,12
49365.jpg,1978,2010,32
49370.jpg,1978,1920,-58
49375.jpg,1978,1990,12
49385.jpg,1978,1990,12
49390.jpg,1978,1960,-18
49395.jpg,1978,1960,-18
49400.jpg,1978,1960,-18
49405.jpg,1979,1960,-19
49410.jpg,1979,1960,-19
49415.jpg,1979,1990,11
49420.jpg,1979,1960,-19
49425.jpg,1979,1990,11
49430.jpg,1979,1990,11
49435.jpg,1979,1960,-19
49440.jpg,1979,1960,-19
49445.jpg,1979,1970,-9
49450.jpg,1979,1920,-59
49455.jpg,1979,1960,-19
49460.jpg,1979,2010,31
49465.jpg,1979,1850,-129
49470.jpg,1979,1950,-29
49475.jpg,1979,1960,-19
49480.jpg,1979,1900,-79
49485.jpg,1979,1950,-29
49490.jpg,1979,1950,-29
49495.jpg,1979,1950,-29
49500.jpg,1979,2010,31
49505.jpg,1979,1990,11
49510.jpg,1979,1970,-9
49515.jpg,1979,1990,11
49525.jpg,1979,1990,11
49530.jpg,1979,1970,-9
49535.jpg,1979,1980,1
49540.jpg,1979,1980,1
49545.jpg,1979,1960,-19
49550.jpg,1979,1990,11
49555.jpg,1979,1990,11
49560.jpg,1979,1960,-19
49565.jpg,1980,1970,-10
49570.jpg,1980,1920,-60
49585.jpg,1980,1950,-30
49590.jpg,1980,1990,10
49595.jpg,1980,1960,-20
49600.jpg,1980,1960,-20
49605.jpg,1980,1950,-30
49610.jpg,1980,1960,-20
49615.jpg,1980,1990,10
49620.jpg,1980,1960,-20
49625.jpg,1980,1950,-30
49630.jpg,1980,1980,0
49635.jpg,1980,1990,10
49640.jpg,1980,1900,-80
49645.jpg,1980,1990,10
49650.jpg,1980,1960,-20
49655.jpg,1980,1960,-20
49660.jpg,1980,2010,30
49665.jpg,1980,1980,0
49675.jpg,1980,1990,10
49680.jpg,1980,1950,-30
49685.jpg,1980,2010,30
49690.jpg,1980,1960,-20
49695.jpg,1980,1970,-10
49700.jpg,1980,1950,-30
49705.jpg,1980,1980,0
49710.jpg,1981,1990,9
49715.jpg,1981,1970,-11
49720.jpg,1981,1990,9
49725.jpg,1981,1970,-11
49735.jpg,1981,1990,9
49740.jpg,1981,1960,-21
49745.jpg,1981,1980,-1
49750.jpg,1981,1990,9
49755.jpg,1981,1970,-11
49760.jpg,1981,1970,-11
49770.jpg,1981,1970,-11
49775.jpg,1981,1960,-21
49780.jpg,1981,1990,9
49785.jpg,1981,1950,-31
49790.jpg,1981,1960,-21
49795.jpg,1981,1960,-21
49800.jpg,1981,1970,-11
49805.jpg,1981,1980,-1
49810.jpg,1981,1950,-31
49815.jpg,1981,1960,-21
49820.jpg,1981,-1,-1982
49825.jpg,1981,1980,-1
49830.jpg,1981,1970,-11
49835.jpg,1981,1964,-17
49840.jpg,1981,1900,-81
49845.jpg,1981,1960,-21
49850.jpg,1981,1990,9
49860.jpg,1981,1960,-21
49865.jpg,1981,2010,29
49875.jpg,1981,1990,9
49880.jpg,1981,1990,9
49885.jpg,1981,2005,24
49890.jpg,1981,1980,-1
49895.jpg,1981,1970,-11
49900.jpg,1981,1850,-131
49905.jpg,1981,1960,-21
49910.jpg,1981,1990,9
49915.jpg,1981,1970,-11
49920.jpg,1982,1920,-62
49925.jpg,1982,1200,-782
49930.jpg,1982,1990,8
49935.jpg,1982,1960,-22
49940.jpg,1982,1960,-22
49945.jpg,1982,2005,23
49950.jpg,1982,2010,28
49955.jpg,1982,1960,-22
49960.jpg,1982,1970,-12
49965.jpg,1982,1990,8
49975.jpg,1982,1990,8
49980.jpg,1982,1960,-22
49985.jpg,1982,1980,-2
49990.jpg,1982,1980,-2
49995.jpg,1982,1960,-22
50000.jpg,1982,1990,8
50005.jpg,1982,1970,-12
50010.jpg,1982,1970,-12
50015.jpg,1982,1970,-12
50020.jpg,1982,1980,-2
50025.jpg,1982,1970,-12
50030.jpg,1982,1980,-2
50035.jpg,1982,1960,-22
50040.jpg,1982,2010,28
50045.jpg,1982,1970,-12
50050.jpg,1982,1950,-32
50055.jpg,1982,1970,-12
50060.jpg,1982,1970,-12
50065.jpg,1982,1950,-32
50070.jpg,1982,1950,-32
50075.jpg,1982,1960,-22
50080.jpg,1982,1850,-132
50095.jpg,1982,1920,-62
50100.jpg,1982,1850,-132
50105.jpg,1982,1960,-22
50110.jpg,1982,1890,-92
50115.jpg,1982,1990,8
50120.jpg,1982,1920,-62
50145.jpg,1982,1920,-62
50150.jpg,1982,1970,-12
50155.jpg,1982,1967,-15
50160.jpg,1983,1800,-183
50165.jpg,1983,1970,-13
50170.jpg,1983,2015,32
50175.jpg,1983,1990,7
50185.jpg,1983,-1,-1984
50190.jpg,1983,1960,-23
50195.jpg,1983,1960,-23
50200.jpg,1983,1960,-23
50205.jpg,1983,1990,7
50210.jpg,1983,1970,-13
50220.jpg,1983,1970,-13
50225.jpg,1983,1970,-13
50230.jpg,1983,1980,-3
50235.jpg,1983,1970,-13
50240.jpg,1983,1960,-23
50245.jpg,1983,1970,-13
50250.jpg,1983,1970,-13
50255.jpg,1983,1970,-13
50260.jpg,1983,1980,-3
50270.jpg,1983,1970,-13
50275.jpg,1983,1960,-23
50280.jpg,1983,1990,7
50285.jpg,1983,1850,-133
50290.jpg,1983,1960,-23
50295.jpg,1983,1970,-13
50300.jpg,1983,1960,-23
50305.jpg,1983,1970,-13
50310.jpg,1983,20,-1963
50315.jpg,1983,1850,-133
50320.jpg,1983,1960,-23
50325.jpg,1983,1920,-63
50330.jpg,1983,1960,-23
50335.jpg,1983,1990,7
50340.jpg,1983,1990,7
50345.jpg,1983,1980,-3
50350.jpg,1983,1970,-13
50355.jpg,1983,1920,-63
50360.jpg,1983,1970,-13
50365.jpg,1983,1960,-23
50370.jpg,1983,1970,-13
50375.jpg,1983,1960,-23
50380.jpg,1983,2010,27
50385.jpg,1983,2010,27
50390.jpg,1984,1980,-4
50395.jpg,1984,1960,-24
50400.jpg,1984,1960,-24
50405.jpg,1984,1960,-24
50410.jpg,1984,1960,-24
50415.jpg,1984,1960,-24
50420.jpg,1984,1960,-24
50425.jpg,1984,1990,6
50430.jpg,1984,1960,-24
50435.jpg,1984,1960,-24
50440.jpg,1984,1970,-14
50445.jpg,1984,1980,-4
50450.jpg,1984,1980,-4
50455.jpg,1984,1980,-4
50465.jpg,1984,1960,-24
50470.jpg,1984,1970,-14
50475.jpg,1984,1970,-14
50480.jpg,1984,1960,-24
50485.jpg,1984,1970,-14
50490.jpg,1984,1960,-24
50495.jpg,1984,1200,-784
50500.jpg,1984,1920,-64
50505.jpg,1984,1960,-24
50515.jpg,1984,2015,31
50520.jpg,1984,1960,-24
50525.jpg,1984,2010,26
50530.jpg,1984,1950,-34
50535.jpg,1984,1950,-34
50540.jpg,1984,1990,6
50545.jpg,1984,1980,-4
50550.jpg,1984,1990,6
50555.jpg,1984,1990,6
50560.jpg,1984,1960,-24
50565.jpg,1984,1960,-24
50570.jpg,1984,1970,-14
50575.jpg,1984,1990,6
50580.jpg,1985,1850,-135
50585.jpg,1985,1990,5
50595.jpg,1985,1990,5
50600.jpg,1985,1960,-25
50605.jpg,1985,1960,-25
50610.jpg,1985,2010,25
50615.jpg,1985,1990,5
50620.jpg,1985,1980,-5
50630.jpg,1985,1980,-5
50635.jpg,1985,1970,-15
50640.jpg,1985,1970,-15
50645.jpg,1985,1960,-25
50650.jpg,1985,1970,-15
50655.jpg,1985,1980,-5
50660.jpg,1985,2010,25
50665.jpg,1985,1970,-15
50670.jpg,1985,1990,5
50675.jpg,1985,2015,30
50680.jpg,1985,1960,-25
50685.jpg,1985,1960,-25
50690.jpg,1985,2010,25
50695.jpg,1985,1960,-25
50700.jpg,1985,1960,-25
50705.jpg,1985,1950,-35
50710.jpg,1985,1950,-35
50715.jpg,1985,1960,-25
50720.jpg,1985,1850,-135
50730.jpg,1985,1980,-5
50735.jpg,1985,2010,25
50740.jpg,1985,1980,-5
50745.jpg,1985,2010,25
50750.jpg,1985,1970,-15
50755.jpg,1985,1960,-25
50760.jpg,1985,1990,5
50765.jpg,1985,1980,-5
50770.jpg,1985,1960,-25
50775.jpg,1985,1988,3
50780.jpg,1986,1980,-6
50785.jpg,1986,1970,-16
50790.jpg,1986,1950,-36
50795.jpg,1986,1990,4
50800.jpg,1986,1990,4
50805.jpg,1986,1970,-16
50810.jpg,1986,1970,-16
50815.jpg,1986,1960,-26
50820.jpg,1986,1970,-16
50830.jpg,1986,1980,-6
50835.jpg,1986,1980,-6
50840.jpg,1986,1970,-16
50845.jpg,1986,1970,-16
50850.jpg,1986,1970,-16
50855.jpg,1986,1980,-6
50860.jpg,1986,1960,-26
50865.jpg,1986,1890,-96
50870.jpg,1986,1960,-26
50885.jpg,1986,1970,-16
50890.jpg,1986,1960,-26
50895.jpg,1986,1970,-16
50900.jpg,1986,1950,-36
50905.jpg,1986,1960,-26
50910.jpg,1986,1980,-6
50915.jpg,1986,1970,-16
50920.jpg,1986,1950,-36
50925.jpg,1986,1850,-136
50930.jpg,1986,1960,-26
50935.jpg,1986,1960,-26
50940.jpg,1986,-1,-1987
50945.jpg,1986,1980,-6
50950.jpg,1986,1950,-36
50955.jpg,1986,2010,24
50960.jpg,1986,1990,4
50965.jpg,1986,1980,-6
50970.jpg,1986,1990,4
50975.jpg,1986,1960,-26
50980.jpg,1986,1900,-86
50985.jpg,1986,1920,-66
50990.jpg,1987,1850,-137
50995.jpg,1987,1960,-27
51000.jpg,1987,1990,3
51010.jpg,1987,1950,-37
51015.jpg,1987,1990,3
51020.jpg,1987,1970,-17
51025.jpg,1987,1960,-27
51030.jpg,1987,1960,-27
51035.jpg,1987,2010,23
51040.jpg,1987,1960,-27
51045.jpg,1987,1970,-17
51050.jpg,1987,1970,-17
51055.jpg,1987,1980,-7
51060.jpg,1987,1980,-7
51065.jpg,1987,2010,23
51070.jpg,1987,1970,-17
51075.jpg,1987,1970,-17
51080.jpg,1987,1980,-7
51085.jpg,1987,1930,-57
51090.jpg,1987,1990,3
51095.jpg,1987,1960,-27
51100.jpg,1987,1960,-27
51105.jpg,1987,1950,-37
51110.jpg,1987,2010,23
51115.jpg,1987,2010,23
51120.jpg,1987,1950,-37
51125.jpg,1987,1920,-67
51130.jpg,1987,1850,-137
51135.jpg,1987,1960,-27
51140.jpg,1987,2010,23
51145.jpg,1987,1980,-7
51155.jpg,1987,1970,-17
51165.jpg,1987,1850,-137
51170.jpg,1987,1920,-67
51175.jpg,1987,2010,23
51180.jpg,1987,2010,23
51200.jpg,1988,1960,-28
51205.jpg,1988,1990,2
51210.jpg,1988,1960,-28
51215.jpg,1988,1990,2
51220.jpg,1988,1970,-18
51225.jpg,1988,-1,-1989
51240.jpg,1988,1960,-28
51245.jpg,1988,1990,2
51250.jpg,1988,1960,-28
51255.jpg,1988,1980,-8
51260.jpg,1988,1970,-18
51265.jpg,1988,1960,-28
51270.jpg,1988,1970,-18
51275.jpg,1988,1960,-28
51280.jpg,1988,1980,-8
51285.jpg,1988,1980,-8
51290.jpg,1988,2010,22
51295.jpg,1988,1970,-18
51300.jpg,1988,1960,-28
51305.jpg,1988,1960,-28
51310.jpg,1988,1960,-28
51315.jpg,1988,1960,-28
51320.jpg,1988,1920,-68
51330.jpg,1988,1950,-38
51335.jpg,1988,1890,-98
51340.jpg,1988,1970,-18
51345.jpg,1988,1890,-98
51350.jpg,1988,1900,-88
51355.jpg,1988,1960,-28
51360.jpg,1988,1960,-28
51365.jpg,1988,1960,-28
51370.jpg,1988,1990,2
51375.jpg,1988,1950,-38
51380.jpg,1988,1990,2
51385.jpg,1988,1990,2
51390.jpg,1988,1960,-28
51395.jpg,1988,1960,-28
51400.jpg,1988,1960,-28
51405.jpg,1988,1970,-18
51410.jpg,1989,1960,-29
51415.jpg,1989,1980,-9
51420.jpg,1989,1960,-29
51425.jpg,1989,2010,21
51430.jpg,1989,2010,21
51435.jpg,1989,1980,-9
51440.jpg,1989,1960,-29
51445.jpg,1989,1960,-29
51455.jpg,1989,-1,-1990
51460.jpg,1989,1960,-29
51470.jpg,1989,1980,-9
51475.jpg,1989,1960,-29
51480.jpg,1989,1980,-9
51485.jpg,1989,1960,-29
51490.jpg,1989,1980,-9
51495.jpg,1989,1960,-29
51500.jpg,1989,1970,-19
51505.jpg,1989,1980,-9
51510.jpg,1989,1970,-19
51515.jpg,1989,1960,-29
51520.jpg,1989,1980,-9
51525.jpg,1989,1920,-69
51530.jpg,1989,1950,-39
51535.jpg,1989,1964,-25
51540.jpg,1989,1990,1
51545.jpg,1989,-1,-1990
51550.jpg,1989,1920,-69
51555.jpg,1989,1990,1
51560.jpg,1989,1960,-29
51565.jpg,1989,1960,-29
51575.jpg,1989,1990,1
51580.jpg,1989,-1,-1990
51585.jpg,1989,1980,-9
51590.jpg,1989,1970,-19
51595.jpg,1989,1960,-29
51600.jpg,1989,1960,-29
51605.jpg,1990,1900,-90
51610.jpg,1990,1960,-30
51615.jpg,1990,1990,0
51620.jpg,1990,1990,0
51625.jpg,1990,1960,-30
51630.jpg,1990,1990,0
51635.jpg,1990,1960,-30
51640.jpg,1990,1980,-10
51645.jpg,1990,1990,0
51650.jpg,1990,1990,0
51655.jpg,1990,1997,7
51660.jpg,1990,1960,-30
51670.jpg,1990,1930,-60
51675.jpg,1990,1960,-30
51680.jpg,1990,1970,-20
51685.jpg,1990,1980,-10
51690.jpg,1990,1980,-10
51695.jpg,1990,1980,-10
51700.jpg,1990,1970,-20
51705.jpg,1990,1980,-10
51710.jpg,1990,1960,-30
51715.jpg,1990,1960,-30
51720.jpg,1990,1960,-30
51725.jpg,1990,2000,10
51730.jpg,1990,-1,-1991
51735.jpg,1990,1980,-10
51740.jpg,1990,1960,-30
51745.jpg,1990,-1,-1991
51755.jpg,1990,1950,-40
51760.jpg,1990,1920,-70
51765.jpg,1990,1920,-70
51770.jpg,1990,1920,-70
51775.jpg,1990,2010,20
51780.jpg,1990,1990,0
51785.jpg,1990,1960,-30
51795.jpg,1990,2010,20
51805.jpg,1990,1970,-20
51810.jpg,1990,1970,-20
51815.jpg,1990,1970,-20
51820.jpg,1990,1960,-30
51825.jpg,1990,1950,-40
51830.jpg,1990,1960,-30
51840.jpg,1991,1920,-71
51845.jpg,1991,1950,-41
51850.jpg,1991,1990,-1
51860.jpg,1991,2010,19
51865.jpg,1991,1990,-1
51870.jpg,1991,1990,-1
51875.jpg,1991,1960,-31
51885.jpg,1991,1960,-31
51890.jpg,1991,1990,-1
51895.jpg,1991,1960,-31
51905.jpg,1991,1970,-21
51910.jpg,1991,1970,-21
51920.jpg,1991,1980,-11
51925.jpg,1991,1980,-11
51930.jpg,1991,1970,-21
51935.jpg,1991,1970,-21
51940.jpg,1991,1980,-11
51945.jpg,1991,-1,-1992
51950.jpg,1991,1960,-31
51955.jpg,1991,1970,-21
51960.jpg,1991,1960,-31
51965.jpg,1991,1960,-31
51970.jpg,1991,2010,19
51975.jpg,1991,1960,-31
51980.jpg,1991,1850,-141
51985.jpg,1991,1920,-71
51990.jpg,1991,1980,-11
51995.jpg,1991,1970,-21
52000.jpg,1991,1950,-41
52015.jpg,1991,1970,-21
52020.jpg,1991,1970,-21
52025.jpg,1991,1960,-31
52035.jpg,1991,1960,-31
52040.jpg,1991,1980,-11
52045.jpg,1991,1960,-31
52060.jpg,1991,1983,-8
52065.jpg,1992,1970,-22
52070.jpg,1992,1990,-2
52075.jpg,1992,1960,-32
52080.jpg,1992,1960,-32
52085.jpg,1992,1990,-2
52090.jpg,1992,1990,-2
52095.jpg,1992,1990,-2
52100.jpg,1992,1990,-2
52105.jpg,1992,1960,-32
52110.jpg,1992,2010,18
52115.jpg,1992,1960,-32
52120.jpg,1992,1970,-22
52125.jpg,1992,1980,-12
52130.jpg,1992,1970,-22
52135.jpg,1992,1930,-62
52140.jpg,1992,1980,-12
52145.jpg,1992,1970,-22
52150.jpg,1992,1990,-2
52155.jpg,1992,1970,-22
52160.jpg,1992,1980,-12
52165.jpg,1992,1970,-22
52170.jpg,1992,1970,-22
52175.jpg,1992,1960,-32
52180.jpg,1992,1980,-12
52185.jpg,1992,1960,-32
52190.jpg,1992,2010,18
52195.jpg,1992,1964,-28
52200.jpg,1992,2010,18
52205.jpg,1992,1960,-32
52210.jpg,1992,1950,-42
52215.jpg,1992,1930,-62
52220.jpg,1992,1970,-22
52225.jpg,1992,1920,-72
52230.jpg,1992,1920,-72
52235.jpg,1992,1920,-72
52240.jpg,1992,1980,-12
52245.jpg,1992,1990,-2
52250.jpg,1992,1990,-2
52260.jpg,1992,1960,-32
52270.jpg,1993,1970,-23
52275.jpg,1993,1960,-33
52280.jpg,1993,1960,-33
52285.jpg,1993,1980,-13
52290.jpg,1993,1980,-13
52300.jpg,1993,1960,-33
52305.jpg,1993,1960,-33
52310.jpg,1993,1990,-3
52315.jpg,1993,1970,-23
52320.jpg,1993,1990,-3
52325.jpg,1993,1960,-33
52335.jpg,1993,1980,-13
52340.jpg,1993,1970,-23
52345.jpg,1993,1970,-23
52350.jpg,1993,1970,-23
52355.jpg,1993,1970,-23
52360.jpg,1993,1960,-33
52365.jpg,1993,1980,-13
52370.jpg,1993,1970,-23
52375.jpg,1993,1950,-43
52380.jpg,1993,1950,-43
52385.jpg,1993,1990,-3
52390.jpg,1993,1990,-3
52395.jpg,1993,1960,-33
52400.jpg,1993,1960,-33
52405.jpg,1993,1960,-33
52410.jpg,1993,1950,-43
52415.jpg,1993,1960,-33
52420.jpg,1993,1950,-43
52425.jpg,1993,1920,-73
52430.jpg,1993,1980,-13
52435.jpg,1993,1990,-3
52440.jpg,1993,1960,-33
52445.jpg,1993,1980,-13
52450.jpg,1993,1850,-143
52455.jpg,1993,1980,-13
52460.jpg,1993,1960,-33
52465.jpg,1993,1970,-23
52475.jpg,1994,2010,16
52480.jpg,1994,1960,-34
52485.jpg,1994,1990,-4
52490.jpg,1994,1970,-24
52495.jpg,1994,2010,16
52505.jpg,1994,1970,-24
52510.jpg,1994,1960,-34
52515.jpg,1994,1970,-24
52525.jpg,1994,1980,-14
52530.jpg,1994,1970,-24
52535.jpg,1994,1960,-34
52540.jpg,1994,1930,-64
52545.jpg,1994,1990,-4
52550.jpg,1994,1960,-34
52555.jpg,1994,1980,-14
52560.jpg,1994,1850,-144
52570.jpg,1994,1960,-34
52575.jpg,1994,1980,-14
52580.jpg,1994,1850,-144
52585.jpg,1994,2010,16
52590.jpg,1994,1990,-4
52595.jpg,1994,1920,-74
52600.jpg,1994,1930,-64
52605.jpg,1994,1850,-144
52610.jpg,1994,1960,-34
52615.jpg,1994,1850,-144
52620.jpg,1994,2010,16
52625.jpg,1994,1990,-4
52630.jpg,1994,1960,-34
52635.jpg,1994,1960,-34
52640.jpg,1994,1970,-24
52645.jpg,1994,1960,-34
52650.jpg,1995,1960,-35
52655.jpg,1995,1970,-25
52660.jpg,1995,2010,15
52665.jpg,1995,1930,-65
52670.jpg,1995,1990,-5
52675.jpg,1995,1960,-35
52680.jpg,1995,1960,-35
52685.jpg,1995,2010,15
52690.jpg,1995,2010,15
52695.jpg,1995,2010,15
52700.jpg,1995,1970,-25
52705.jpg,1995,1914,-81
52710.jpg,1995,1980,-15
52715.jpg,1995,1970,-25
52720.jpg,1995,1970,-25
52725.jpg,1995,1960,-35
52730.jpg,1995,1950,-45
52735.jpg,1995,1960,-35
52740.jpg,1995,1970,-25
52745.jpg,1995,1970,-25
52750.jpg,1995,1970,-25
52755.jpg,1995,1960,-35
52760.jpg,1995,1990,-5
52765.jpg,1995,1960,-35
52770.jpg,1995,2010,15
52775.jpg,1995,1970,-25
52785.jpg,1995,1960,-35
52790.jpg,1995,1920,-75
52795.jpg,1995,1960,-35
52800.jpg,1995,1900,-95
52805.jpg,1995,2010,15
52810.jpg,1995,2010,15
52815.jpg,1995,1950,-45
52820.jpg,1995,1980,-15
52825.jpg,1995,1970,-25
52830.jpg,1995,-1,-1996
52835.jpg,1995,1500,-495
52840.jpg,1995,1850,-145
52845.jpg,1996,1960,-36
52850.jpg,1996,1980,-16
52855.jpg,1996,1970,-26
52860.jpg,1996,-1,-1997
52865.jpg,1996,2010,14
52870.jpg,1996,1980,-16
52875.jpg,1996,1960,-36
52880.jpg,1996,1960,-36
52885.jpg,1996,1990,-6
52890.jpg,1996,1960,-36
52895.jpg,1996,1980,-16
52900.jpg,1996,2010,14
52905.jpg,1996,2018,22
52910.jpg,1996,-1,-1997
52915.jpg,1996,1964,-32
52920.jpg,1996,1980,-16
52925.jpg,1996,1970,-26
52935.jpg,1996,1980,-16
52940.jpg,1996,1960,-36
52945.jpg,1996,-1,-1997
52950.jpg,1996,1960,-36
52955.jpg,1996,2010,14
52960.jpg,1996,1990,-6
52965.jpg,1996,1990,-6
52970.jpg,1996,1960,-36
52980.jpg,1996,1960,-36
52985.jpg,1997,1850,-147
52990.jpg,1997,1960,-37
52995.jpg,1997,1920,-77
53000.jpg,1997,1960,-37
53005.jpg,1997,1950,-47
53010.jpg,1997,1990,-7
53015.jpg,1997,2010,13
53020.jpg,1997,1960,-37
53025.jpg,1997,2002,5
53030.jpg,1997,2010,13
53035.jpg,1997,2010,13
53040.jpg,1997,1990,-7
53045.jpg,1997,2010,13
53050.jpg,1997,1990,-7
53055.jpg,1997,1970,-27
53060.jpg,1997,1980,-17
53065.jpg,1997,1970,-27
53070.jpg,1997,1980,-17
53075.jpg,1997,1960,-37
53080.jpg,1997,1960,-37
53085.jpg,1997,1960,-37
53090.jpg,1997,1850,-147
53095.jpg,1997,1960,-37
53100.jpg,1997,1990,-7
53105.jpg,1997,1960,-37
53110.jpg,1997,2010,13
53115.jpg,1997,1960,-37
53120.jpg,1997,2010,13
53125.jpg,1997,1960,-37
53130.jpg,1997,1960,-37
53135.jpg,1997,1960,-37
53140.jpg,1997,1950,-47
53145.jpg,1997,1960,-37
53150.jpg,1997,2015,18
53155.jpg,1997,1850,-147
53165.jpg,1997,1990,-7
53170.jpg,1997,1970,-27
53175.jpg,1997,1990,-7
53180.jpg,1997,1980,-17
53185.jpg,1997,1990,-7
53190.jpg,1997,1990,-7
53195.jpg,1997,1500,-497
53200.jpg,1997,1990,-7
53205.jpg,1997,-1,-1998
53210.jpg,1997,1960,-37
53215.jpg,1997,1950,-47
53220.jpg,1997,2010,13
53225.jpg,1997,2010,13
53230.jpg,1997,1990,-7
53235.jpg,1998,1900,-98
53240.jpg,1998,1960,-38
53245.jpg,1998,1960,-38
53250.jpg,1998,1990,-8
53255.jpg,1998,-1,-1999
53260.jpg,1998,1990,-8
53265.jpg,1998,-1,-1999
53270.jpg,1998,2010,12
53275.jpg,1998,1990,-8
53280.jpg,1998,1990,-8
53285.jpg,1998,1990,-8
53290.jpg,1998,1990,-8
53300.jpg,1998,1990,-8
53305.jpg,1998,1960,-38
53310.jpg,1998,1980,-18
53315.jpg,1998,1970,-28
53325.jpg,1998,1980,-18
53330.jpg,1998,1980,-18
53335.jpg,1998,1970,-28
53340.jpg,1998,1970,-28
53345.jpg,1998,1990,-8
53350.jpg,1998,1960,-38
53355.jpg,1998,1980,-18
53365.jpg,1998,1990,-8
53370.jpg,1998,2010,12
53375.jpg,1998,1990,-8
53380.jpg,1998,1950,-48
53385.jpg,1998,1850,-148
53390.jpg,1998,1850,-148
53395.jpg,1998,1970,-28
53400.jpg,1998,1920,-78
53405.jpg,1998,1950,-48
53410.jpg,1998,1960,-38
53415.jpg,1998,1990,-8
53420.jpg,1998,1950,-48
53425.jpg,1998,1970,-28
53435.jpg,1998,-1,-1999
53440.jpg,1998,1950,-48
53445.jpg,1998,2010,12
53450.jpg,1998,1950,-48
53455.jpg,1999,1800,-199
53460.jpg,1999,1970,-29
53465.jpg,1999,1990,-9
53470.jpg,1999,1950,-49
53475.jpg,1999,1990,-9
53480.jpg,1999,1990,-9
53485.jpg,1999,1990,-9
53490.jpg,1999,1960,-39
53495.jpg,1999,2010,11
53505.jpg,1999,1960,-39
53510.jpg,1999,1960,-39
53515.jpg,1999,1980,-19
53520.jpg,1999,2010,11
53525.jpg,1999,2010,11
53530.jpg,1999,2010,11
53535.jpg,1999,1960,-39
53540.jpg,1999,1960,-39
53545.jpg,1999,1980,-19
53550.jpg,1999,2010,11
53555.jpg,1999,1960,-39
53560.jpg,1999,-1,-2000
53565.jpg,1999,1970,-29
53570.jpg,1999,1970,-29
53575.jpg,1999,2010,11
53580.jpg,1999,1960,-39
53585.jpg,1999,1950,-49
53590.jpg,1999,1960,-39
53595.jpg,1999,1960,-39
53600.jpg,1999,1980,-19
53605.jpg,1999,1960,-39
53610.jpg,1999,1960,-39
53615.jpg,1999,1950,-49
53620.jpg,1999,1950,-49
53625.jpg,1999,1920,-79
53630.jpg,1999,1950,-49
53635.jpg,1999,1950,-49
53650.jpg,1999,1980,-19
53655.jpg,1999,1930,-69
53660.jpg,1999,1980,-19
53665.jpg,1999,1990,-9
53670.jpg,1999,1960,-39
53675.jpg,1999,1960,-39
53680.jpg,1999,1990,-9
53685.jpg,1999,1920,-79
53690.jpg,2000,1960,-40
53700.jpg,2000,1990,-10
53705.jpg,2000,1990,-10
53710.jpg,2000,2010,10
53715.jpg,2000,1990,-10
53720.jpg,2000,1962,-38
53725.jpg,2000,1950,-50
53730.jpg,2000,1990,-10
53735.jpg,2000,1990,-10
53740.jpg,2000,1990,-10
53745.jpg,2000,1950,-50
53755.jpg,2000,1970,-30
53760.jpg,2000,1960,-40
53765.jpg,2000,2010,10
53770.jpg,2000,2010,10
53775.jpg,2000,1950,-50
53780.jpg,2000,1960,-40
53785.jpg,2000,1950,-50
53790.jpg,2000,1960,-40
53795.jpg,2000,1960,-40
53800.jpg,2000,1964,-36
53805.jpg,2000,1960,-40
53810.jpg,2000,1950,-50
53815.jpg,2000,1960,-40
53820.jpg,2000,1950,-50
53830.jpg,2000,1958,-42
53835.jpg,2000,1960,-40
53840.jpg,2000,1960,-40
53845.jpg,2000,1960,-40
53850.jpg,2000,1850,-150
53855.jpg,2000,1950,-50
53860.jpg,2000,1960,-40
53865.jpg,2000,1990,-10
53870.jpg,2000,1990,-10
53875.jpg,2000,1970,-30
53880.jpg,2000,1960,-40
53885.jpg,2000,1990,-10
53890.jpg,2000,2010,10
53895.jpg,2000,1990,-10
53905.jpg,2001,1980,-21
53910.jpg,2001,1990,-11
53915.jpg,2001,-1,-2002
53920.jpg,2001,1990,-11
53925.jpg,2001,2010,9
53930.jpg,2001,1990,-11
53935.jpg,2001,1960,-41
53940.jpg,2001,1960,-41
53945.jpg,2001,1950,-51
53950.jpg,2001,1990,-11
53955.jpg,2001,1990,-11
53960.jpg,2001,1970,-31
53965.jpg,2001,1960,-41
53970.jpg,2001,2010,9
53975.jpg,2001,1990,-11
53980.jpg,2001,1960,-41
53985.jpg,2001,1950,-51
53990.jpg,2001,1960,-41
53995.jpg,2001,1850,-151
54000.jpg,2001,2010,9
54005.jpg,2001,1960,-41
54010.jpg,2001,1960,-41
54015.jpg,2001,1980,-21
54020.jpg,2001,1960,-41
54025.jpg,2001,1930,-71
54030.jpg,2001,2010,9
54035.jpg,2001,2010,9
54040.jpg,2001,2010,9
54045.jpg,2001,1990,-11
54050.jpg,2001,1850,-151
54055.jpg,2001,1960,-41
54060.jpg,2001,1960,-41
54065.jpg,2001,1950,-51
54070.jpg,2001,2010,9
54075.jpg,2001,2010,9
54085.jpg,2001,2010,9
54090.jpg,2001,1980,-21
54095.jpg,2001,1990,-11
54100.jpg,2001,1980,-21
54105.jpg,2001,1990,-11
54110.jpg,2001,1980,-21
54120.jpg,2001,1990,-11
54125.jpg,2001,2010,9
54130.jpg,2001,-1,-2002
54135.jpg,2001,1970,-31
54140.jpg,2001,1990,-11
54145.jpg,2001,1960,-41
54150.jpg,2001,1980,-21
54155.jpg,2001,1950,-51
54160.jpg,2001,1980,-21
54165.jpg,2001,1980,-21
54170.jpg,2001,2010,9
54180.jpg,2002,1960,-42
54185.jpg,2002,1990,-12
54190.jpg,2002,1990,-12
54195.jpg,2002,-1,-2003
54200.jpg,2002,1990,-12
54205.jpg,2002,1960,-42
54210.jpg,2002,1990,-12
54215.jpg,2002,1990,-12
54220.jpg,2002,1960,-42
54225.jpg,2002,1950,-52
54230.jpg,2002,2000,-2
54235.jpg,2002,2010,8
54240.jpg,2002,1960,-42
54245.jpg,2002,-1,-2003
54250.jpg,2002,1970,-32
54255.jpg,2002,1850,-152
54260.jpg,2002,1990,-12
54265.jpg,2002,2010,8
54270.jpg,2002,2010,8
54275.jpg,2002,1950,-52
54280.jpg,2002,2010,8
54285.jpg,2002,2010,8
54290.jpg,2002,1960,-42
54295.jpg,2002,1980,-22
54300.jpg,2002,1950,-52
54305.jpg,2002,1960,-42
54310.jpg,2002,1990,-12
54315.jpg,2002,1960,-42
54320.jpg,2002,-1,-2003
54330.jpg,2002,1920,-82
54335.jpg,2002,1960,-42
54340.jpg,2002,1980,-22
54345.jpg,2002,1960,-42
54355.jpg,2002,1990,-12
54360.jpg,2002,1950,-52
54365.jpg,2002,1960,-42
54370.jpg,2002,1960,-42
54375.jpg,2002,2010,8
54385.jpg,2002,1980,-22
54390.jpg,2002,2010,8
54395.jpg,2002,1970,-32
54400.jpg,2002,1960,-42
54405.jpg,2003,1950,-53
54410.jpg,2003,2010,7
54415.jpg,2003,2010,7
54425.jpg,2003,1960,-43
54430.jpg,2003,2010,7
54435.jpg,2003,1980,-23
54440.jpg,2003,2010,7
54445.jpg,2003,2010,7
54450.jpg,2003,1990,-13
54460.jpg,2003,1990,-13
54465.jpg,2003,2010,7
54470.jpg,2003,2010,7
54475.jpg,2003,2003,0
54480.jpg,2003,2013,10
54485.jpg,2003,1950,-53
54490.jpg,2003,2007,4
54495.jpg,2003,1960,-43
54500.jpg,2003,1990,-13
54505.jpg,2003,1990,-13
54510.jpg,2003,1950,-53
54515.jpg,2003,1950,-53
54520.jpg,2003,1850,-153
54525.jpg,2003,2010,7
54530.jpg,2003,1960,-43
54535.jpg,2003,1950,-53
54540.jpg,2003,1980,-23
54545.jpg,2003,1850,-153
54550.jpg,2003,2010,7
54555.jpg,2003,-1,-2004
54560.jpg,2003,1960,-43
54565.jpg,2003,1970,-33
54570.jpg,2003,1990,-13
54575.jpg,2003,1990,-13
54580.jpg,2003,1960,-43
54585.jpg,2003,1980,-23
54590.jpg,2003,1960,-43
54595.jpg,2003,1970,-33
54600.jpg,2003,1960,-43
54605.jpg,2004,2010,6
54610.jpg,2004,1960,-44
54620.jpg,2004,1950,-54
54625.jpg,2004,1990,-14
54630.jpg,2004,1990,-14
54635.jpg,2004,1990,-14
54640.jpg,2004,1990,-14
54645.jpg,2004,2010,6
54650.jpg,2004,1960,-44
54655.jpg,2004,1960,-44
54660.jpg,2004,2010,6
54665.jpg,2004,1990,-14
54670.jpg,2004,1990,-14
54675.jpg,2004,2010,6
54680.jpg,2004,1950,-54
54685.jpg,2004,2010,6
54690.jpg,2004,-1,-2005
54695.jpg,2004,1950,-54
54700.jpg,2004,2010,6
54705.jpg,2004,2010,6
54710.jpg,2004,1960,-44
54715.jpg,2004,1990,-14
54720.jpg,2004,1990,-14
54725.jpg,2004,2010,6
54730.jpg,2004,1980,-24
54735.jpg,2004,1980,-24
54740.jpg,2004,2010,6
54745.jpg,2004,1920,-84
54750.jpg,2004,1920,-84
54760.jpg,2004,1990,-14
54770.jpg,2004,1960,-44
54775.jpg,2004,1980,-24
54780.jpg,2004,1980,-24
54785.jpg,2004,1980,-24
54790.jpg,2004,1980,-24
54795.jpg,2004,1970,-34
54800.jpg,2004,1990,-14
54805.jpg,2004,1970,-34
54810.jpg,2004,1980,-24
54815.jpg,2004,2010,6
54820.jpg,2004,1990,-14
54825.jpg,2004,1960,-44
54830.jpg,2004,2010,6
54835.jpg,2004,1980,-24
54840.jpg,2004,2010,6
54845.jpg,2005,1850,-155
54850.jpg,2005,1960,-45
54855.jpg,2005,1980,-25
54860.jpg,2005,1990,-15
54865.jpg,2005,1920,-85
54870.jpg,2005,1990,-15
54885.jpg,2005,1980,-25
54890.jpg,2005,1960,-45
54895.jpg,2005,2010,5
54900.jpg,2005,1990,-15
54905.jpg,2005,2010,5
54910.jpg,2005,1990,-15
54915.jpg,2005,1990,-15
54925.jpg,2005,1960,-45
54930.jpg,2005,2010,5
54935.jpg,2005,1930,-75
54940.jpg,2005,1960,-45
54955.jpg,2005,1970,-35
54960.jpg,2005,1990,-15
54965.jpg,2005,1990,-15
54970.jpg,2005,2010,5
54975.jpg,2005,2010,5
54980.jpg,2005,2010,5
54985.jpg,2005,1990,-15
54990.jpg,2005,1920,-85
54995.jpg,2005,1920,-85
55000.jpg,2005,1960,-45
55005.jpg,2005,2010,5
55010.jpg,2005,1960,-45
55015.jpg,2005,2010,5
55020.jpg,2005,1960,-45
55025.jpg,2005,2010,5
55030.jpg,2005,1980,-25
55035.jpg,2005,1920,-85
55040.jpg,2005,-1,-2006
55045.jpg,2005,1990,-15
55050.jpg,2005,1990,-15
55055.jpg,2005,1990,-15
55060.jpg,2005,1980,-25
55065.jpg,2005,2010,5
55070.jpg,2005,2010,5
55075.jpg,2005,2010,5
55080.jpg,2005,2015,10
55085.jpg,2005,1970,-35
55090.jpg,2005,1970,-35
55095.jpg,2005,1990,-15
55100.jpg,2005,1970,-35
55105.jpg,2005,1960,-45
55110.jpg,2005,1960,-45
55115.jpg,2005,1920,-85
55120.jpg,2005,1980,-25
55125.jpg,2005,1960,-45
55130.jpg,2005,2010,5
55135.jpg,2006,1990,-16
55140.jpg,2006,2010,4
55145.jpg,2006,1960,-46
55155.jpg,2006,1990,-16
55160.jpg,2006,1960,-46
55165.jpg,2006,1980,-26
55170.jpg,2006,2010,4
55175.jpg,2006,1980,-26
55180.jpg,2006,1970,-36
55185.jpg,2006,1960,-46
55190.jpg,2006,1990,-16
55195.jpg,2006,1960,-46
55200.jpg,2006,2008,2
55210.jpg,2006,1960,-46
55215.jpg,2006,1980,-26
55220.jpg,2006,1980,-26
55230.jpg,2006,1990,-16
55235.jpg,2006,1990,-16
55240.jpg,2006,2010,4
55245.jpg,2006,2010,4
55250.jpg,2006,1960,-46
55255.jpg,2006,1970,-36
55265.jpg,2006,1920,-86
55270.jpg,2006,1950,-56
55275.jpg,2006,1950,-56
55280.jpg,2006,1950,-56
55285.jpg,2006,1960,-46
55290.jpg,2006,1960,-46
55295.jpg,2006,1967,-39
55300.jpg,2006,1990,-16
55305.jpg,2006,1970,-36
55310.jpg,2006,1990,-16
55315.jpg,2006,1990,-16
55320.jpg,2006,1960,-46
55325.jpg,2006,1960,-46
55330.jpg,2006,1970,-36
55335.jpg,2007,1800,-207
55340.jpg,2007,2010,3
55345.jpg,2007,1960,-47
55355.jpg,2007,1990,-17
55360.jpg,2007,1990,-17
55365.jpg,2007,1990,-17
55370.jpg,2007,1990,-17
55380.jpg,2007,2010,3
55385.jpg,2007,1990,-17
55395.jpg,2007,1950,-57
55400.jpg,2007,2010,3
55405.jpg,2007,1960,-47
55410.jpg,2007,2010,3
55415.jpg,2007,1990,-17
55420.jpg,2007,1990,-17
55425.jpg,2007,2010,3
55430.jpg,2007,1970,-37
55435.jpg,2007,1950,-57
55440.jpg,2007,2010,3
55445.jpg,2007,-1,-2008
55450.jpg,2007,1960,-47
55455.jpg,2007,1990,-17
55460.jpg,2007,1850,-157
55465.jpg,2007,1990,-17
55475.jpg,2007,1930,-77
55480.jpg,2007,1950,-57
55485.jpg,2007,1950,-57
55490.jpg,2007,1930,-77
55500.jpg,2007,1960,-47
55505.jpg,2007,1980,-27
55510.jpg,2007,1980,-27
55515.jpg,2007,2010,3
55520.jpg,2007,1990,-17
55525.jpg,2007,1890,-117
55530.jpg,2007,2010,3
55535.jpg,2007,2010,3
55540.jpg,2007,1980,-27
55545.jpg,2007,2010,3
55550.jpg,2007,1960,-47
55555.jpg,2007,1990,-17
55560.jpg,2007,1990,-17
55565.jpg,2007,1990,-17
55570.jpg,2007,1970,-37
55575.jpg,2007,2010,3
55580.jpg,2007,2010,3
55585.jpg,2007,2010,3
55590.jpg,2007,1960,-47
55595.jpg,2007,-1,-2008
55600.jpg,2007,1960,-47
55605.jpg,2007,1960,-47
55610.jpg,2008,1800,-208
55615.jpg,2008,1950,-58
55620.jpg,2008,2010,2
55625.jpg,2008,2008,0
55630.jpg,2008,2010,2
55635.jpg,2008,1990,-18
55640.jpg,2008,1980,-28
55645.jpg,2008,2010,2
55650.jpg,2008,1930,-78
55655.jpg,2008,1960,-48
55660.jpg,2008,1960,-48
55670.jpg,2008,2010,2
55675.jpg,2008,1990,-18
55685.jpg,2008,1960,-48
55690.jpg,2008,2010,2
55695.jpg,2008,1970,-38
55705.jpg,2008,2010,2
55710.jpg,2008,1950,-58
55715.jpg,2008,1990,-18
55720.jpg,2008,1960,-48
55725.jpg,2008,1960,-48
55730.jpg,2008,2010,2
55735.jpg,2008,1500,-508
55740.jpg,2008,1960,-48
55745.jpg,2008,2010,2
55750.jpg,2008,1980,-28
55755.jpg,2008,1960,-48
55760.jpg,2008,1970,-38
55765.jpg,2008,1970,-38
55770.jpg,2008,1850,-158
55775.jpg,2008,1960,-48
55780.jpg,2008,2010,2
55785.jpg,2008,1950,-58
55795.jpg,2008,2010,2
55800.jpg,2008,1990,-18
55805.jpg,2008,1990,-18
55810.jpg,2008,1960,-48
55815.jpg,2008,2010,2
55820.jpg,2008,1850,-158
55825.jpg,2008,1970,-38
55830.jpg,2008,-1,-2009
55835.jpg,2009,1950,-59
55845.jpg,2009,2010,1
55850.jpg,2009,2010,1
55870.jpg,2009,1950,-59
55875.jpg,2009,2010,1
55880.jpg,2009,-1,-2010
55885.jpg,2009,1960,-49
55890.jpg,2009,2010,1
55895.jpg,2009,1950,-59
55900.jpg,2009,1970,-39
55905.jpg,2009,2010,1
55910.jpg,2009,2010,1
55915.jpg,2009,2010,1
55920.jpg,2009,-1,-2010
55925.jpg,2009,1990,-19
55930.jpg,2009,1960,-49
55935.jpg,2009,1970,-39
55940.jpg,2009,1990,-19
55945.jpg,2009,1900,-109
55950.jpg,2009,-1,-2010
55955.jpg,2009,2010,1
55960.jpg,2009,2010,1
55965.jpg,2009,2010,1
55970.jpg,2009,1964,-45
55975.jpg,2009,2010,1
55980.jpg,2009,1980,-29
55985.jpg,2009,1950,-59
55990.jpg,2009,1980,-29
55995.jpg,2009,1980,-29
56000.jpg,2009,-1,-2010
56005.jpg,2009,1850,-159
56010.jpg,2009,1850,-159
56015.jpg,2009,2015,6
56020.jpg,2009,2010,1
56025.jpg,2009,2010,1
56030.jpg,2009,2010,1
56035.jpg,2009,1980,-29
56040.jpg,2009,1990,-19
56050.jpg,2009,1980,-29
56055.jpg,2009,1960,-49
56060.jpg,2009,1950,-59
56065.jpg,2009,1960,-49
56070.jpg,2009,1970,-39
56075.jpg,2009,-1,-2010
56080.jpg,2010,1970,-40
56085.jpg,2010,1980,-30
56090.jpg,2010,2010,0
56095.jpg,2010,1990,-20
56105.jpg,2010,2010,0
56110.jpg,2010,1990,-20
56115.jpg,2010,2010,0
56125.jpg,2010,2010,0
56130.jpg,2010,1960,-50
56135.jpg,2010,1970,-40
56140.jpg,2010,1960,-50
56145.jpg,2010,1990,-20
56150.jpg,2010,1990,-20
56155.jpg,2010,1960,-50
56165.jpg,2010,-1,-2011
56170.jpg,2010,1850,-160
56175.jpg,2010,2010,0
56180.jpg,2010,1960,-50
56185.jpg,2010,2010,0
56190.jpg,2010,1960,-50
56195.jpg,2010,2010,0
56200.jpg,2010,-1,-2011
56205.jpg,2010,2010,0
56210.jpg,2010,2010,0
56215.jpg,2010,2010,0
56220.jpg,2010,1964,-46
56225.jpg,2010,1970,-40
56230.jpg,2010,1950,-60
56235.jpg,2010,1950,-60
56240.jpg,2010,1980,-30
56245.jpg,2010,1980,-30
56250.jpg,2010,1980,-30
56255.jpg,2010,1990,-20
56260.jpg,2010,2010,0
56265.jpg,2010,2010,0
56270.jpg,2010,2020,10
56275.jpg,2010,1960,-50
56280.jpg,2010,-1,-2011
56285.jpg,2010,2010,0
56290.jpg,2010,2010,0
56295.jpg,2010,1990,-20
56300.jpg,2010,1980,-30
56310.jpg,2010,2015,5
56315.jpg,2011,1960,-51
56320.jpg,2011,1960,-51
56325.jpg,2011,2010,-1
56330.jpg,2011,1960,-51
56335.jpg,2011,1960,-51
56345.jpg,2011,1960,-51
56350.jpg,2011,2010,-1
56355.jpg,2011,1990,-21
56360.jpg,2011,2010,-1
56365.jpg,2011,1980,-31
56370.jpg,2011,1990,-21
56375.jpg,2011,2015,4
56380.jpg,2011,1960,-51
56385.jpg,2011,2010,-1
56390.jpg,2011,1950,-61
56395.jpg,2011,1960,-51
56400.jpg,2011,2010,-1
56405.jpg,2011,1950,-61
56410.jpg,2011,2010,-1
56415.jpg,2011,2010,-1
56420.jpg,2011,1970,-41
56425.jpg,2011,1930,-81
56430.jpg,2011,2010,-1
56440.jpg,2011,1960,-51
56450.jpg,2011,1960,-51
56455.jpg,2011,1850,-161
56460.jpg,2011,1960,-51
56465.jpg,2011,1950,-61
56470.jpg,2011,1920,-91
56475.jpg,2011,1960,-51
56480.jpg,2011,1960,-51
56485.jpg,2011,2010,-1
56495.jpg,2011,1990,-21
56500.jpg,2011,1990,-21
56505.jpg,2011,1990,-21
56510.jpg,2011,2010,-1
56515.jpg,2011,1950,-61
56520.jpg,2011,1960,-51
56525.jpg,2011,1970,-41
56545.jpg,2012,1960,-52
56550.jpg,2012,2010,-2
56555.jpg,2012,1960,-52
56560.jpg,2012,2010,-2
56565.jpg,2012,2010,-2
56570.jpg,2012,-1,-2013
56575.jpg,2012,2010,-2
56585.jpg,2012,1990,-22
56590.jpg,2012,2010,-2
56600.jpg,2012,1990,-22
56605.jpg,2012,2010,-2
56610.jpg,2012,1970,-42
56615.jpg,2012,2010,-2
56620.jpg,2012,1850,-162
56625.jpg,2012,1960,-52
56630.jpg,2012,2010,-2
56635.jpg,2012,2010,-2
56640.jpg,2012,1950,-62
56645.jpg,2012,1980,-32
56650.jpg,2012,2010,-2
56655.jpg,2012,1980,-32
56660.jpg,2012,1950,-62
56665.jpg,2012,-1,-2013
56670.jpg,2012,2015,3
56675.jpg,2012,2010,-2
56680.jpg,2012,1990,-22
56685.jpg,2012,1990,-22
56690.jpg,2012,1960,-52
56695.jpg,2012,1990,-22
56700.jpg,2012,2010,-2
56705.jpg,2012,1960,-52
56710.jpg,2012,1960,-52
56715.jpg,2012,1900,-112
56720.jpg,2013,1930,-83
56725.jpg,2013,2015,2
56730.jpg,2013,1960,-53
56735.jpg,2013,1960,-53
56740.jpg,2013,-1,-2014
56745.jpg,2013,2010,-3
56750.jpg,2013,1990,-23
56755.jpg,2013,2010,-3
56765.jpg,2013,2010,-3
56770.jpg,2013,1990,-23
56775.jpg,2013,1960,-53
56780.jpg,2013,1950,-63
56785.jpg,2013,1980,-33
56795.jpg,2013,1970,-43
56800.jpg,2013,1970,-43
56805.jpg,2013,1950,-63
56810.jpg,2013,2010,-3
56820.jpg,2013,1960,-53
56825.jpg,2013,-1,-2014
56845.jpg,2013,2010,-3
56850.jpg,2013,2010,-3
56855.jpg,2013,2010,-3
56860.jpg,2013,2010,-3
56865.jpg,2013,1950,-63
56870.jpg,2013,2015,2
56875.jpg,2013,1990,-23
56880.jpg,2013,1980,-33
56885.jpg,2013,2010,-3
56890.jpg,2013,1970,-43
56895.jpg,2013,1950,-63
56900.jpg,2014,1984,-30
56905.jpg,2014,1850,-164
56910.jpg,2014,1950,-64
56915.jpg,2014,2010,-4
56920.jpg,2014,1990,-24
56925.jpg,2014,2014,0
56930.jpg,2014,2010,-4
56935.jpg,2014,2010,-4
56940.jpg,2014,1960,-54
56945.jpg,2014,1970,-44
56950.jpg,2014,1960,-54
56955.jpg,2014,1960,-54
56960.jpg,2014,1970,-44
56965.jpg,2014,1960,-54
56970.jpg,2014,1960,-54
56975.jpg,2014,1950,-64
56980.jpg,2014,1960,-54
56985.jpg,2014,2010,-4
56990.jpg,2014,1990,-24
56995.jpg,2014,2010,-4
57005.jpg,2014,1980,-34
57010.jpg,2014,1964,-50
57015.jpg,2014,-1,-2015
57020.jpg,2014,1990,-24
57025.jpg,2014,1990,-24
57030.jpg,2014,1960,-54
57035.jpg,2014,1990,-24
57040.jpg,2014,2015,1
57045.jpg,2014,1900,-114
57050.jpg,2014,1960,-54
57055.jpg,2014,2010,-4
57060.jpg,2014,1980,-34
57065.jpg,2014,1950,-64
57070.jpg,2014,1970,-44
57075.jpg,2015,1960,-55
57085.jpg,2015,1960,-55
57090.jpg,2015,1960,-55
57095.jpg,2015,1990,-25
57100.jpg,2015,1980,-35
57105.jpg,2015,1990,-25
57110.jpg,2015,1990,-25
57120.jpg,2015,1990,-25
57125.jpg,2015,1990,-25
57130.jpg,2015,2010,-5
57135.jpg,2015,1960,-55
57140.jpg,2015,2010,-5
57145.jpg,2015,2010,-5
57150.jpg,2015,1980,-35
57155.jpg,2015,2010,-5
57160.jpg,2015,1960,-55
57165.jpg,2015,2010,-5
57170.jpg,2015,1990,-25
57175.jpg,2015,1980,-35
57180.jpg,2015,2010,-5
57185.jpg,2015,2010,-5
57195.jpg,2015,1960,-55
57200.jpg,2015,1950,-65
57205.jpg,2015,-1,-2016
57210.jpg,2015,2010,-5
57215.jpg,2015,1970,-45
57220.jpg,2016,1920,-96
57225.jpg,2016,2010,-6
57230.jpg,2016,1970,-46
57235.jpg,2016,2010,-6
57240.jpg,2016,2010,-6
57250.jpg,2016,1960,-56
57255.jpg,2016,1990,-26
57270.jpg,2016,1850,-166
57275.jpg,2016,2010,-6
57280.jpg,2016,2010,-6
57285.jpg,2016,2010,-6
57290.jpg,2016,2010,-6
57295.jpg,2016,1990,-26
57300.jpg,2016,-1,-2017
57305.jpg,2016,2010,-6
57310.jpg,2016,1850,-166
57315.jpg,2016,2010,-6
57320.jpg,2016,2010,-6
57325.jpg,2016,1990,-26
57330.jpg,2016,2010,-6
57335.jpg,2016,1950,-66
57340.jpg,2016,2010,-6
57345.jpg,2016,1960,-56
57350.jpg,2016,2010,-6
57355.jpg,2016,2010,-6
57360.jpg,2016,2010,-6
57365.jpg,2017,1960,-57
57370.jpg,2017,2010,-7
57375.jpg,2017,2010,-7
57385.jpg,2017,2017,0
57390.jpg,2017,2010,-7
57395.jpg,2017,1990,-27
57400.jpg,2017,1960,-57
57415.jpg,2017,2010,-7
57420.jpg,2017,1990,-27
57425.jpg,2017,2010,-7
57430.jpg,2017,1960,-57
57435.jpg,2017,2010,-7
57440.jpg,2017,1950,-67
57450.jpg,2017,1960,-57
57455.jpg,2017,2010,-7
57470.jpg,2017,2010,-7
57475.jpg,2017,2010,-7
57480.jpg,2018,2010,-8
57485.jpg,2018,1990,-28
57490.jpg,2018,1990,-28
57495.jpg,2018,1990,-28
57500.jpg,2018,1970,-48
57505.jpg,2018,2010,-8
57510.jpg,2018,2012,-6
57515.jpg,2018,1960,-58
57520.jpg,2018,2010,-8
57525.jpg,2018,2010,-8
57530.jpg,2018,2010,-8
57545.jpg,2018,1960,-58
57550.jpg,2018,2010,-8
57555.jpg,2018,1950,-68
57560.jpg,2018,1970,-48
57565.jpg,2018,1980,-38
57570.jpg,2018,2010,-8
57575.jpg,2018,1970,-48
57585.jpg,2019,1980,-39
57595.jpg,2019,2015,-4
57600.jpg,2019,1960,-59
57605.jpg,2019,2010,-9
57610.jpg,2019,2010,-9
57615.jpg,2019,1960,-59
57620.jpg,2019,1964,-55
57625.jpg,2019,2010,-9
57630.jpg,2019,1850,-169
57635.jpg,2019,2010,-9
57640.jpg,2019,2010,-9
57645.jpg,2019,2015,-4
57660.jpg,2019,1970,-49
57665.jpg,2019,2010,-9
57670.jpg,2020,1970,-50
57675.jpg,2020,2010,-10
57680.jpg,2020,1960,-60
57685.jpg,2020,2010,-10
57690.jpg,2020,1960,-60
57695.jpg,2020,2010,-10
57700.jpg,2020,1950,-70
57705.jpg,2020,2010,-10
57710.jpg,2020,1950,-70
57725.jpg,2020,2015,-5
57730.jpg,2021,1980,-41
57735.jpg,2021,1990,-31
57740.jpg,2021,2010,-11
57745.jpg,2021,2010,-11
57750.jpg,2021,2010,-11
57755.jpg,2021,1990,-31
57760.jpg,2021,1960,-61
57765.jpg,2021,2010,-11
57770.jpg,2021,-1,-2022
57780.jpg,2021,2015,-6
57785.jpg,2021,1980,-41
57790.jpg,2021,2010,-11
57795.jpg,2021,2010,-11
57800.jpg,2021,2015,-6
57805.jpg,2022,1970,-52
57810.jpg,2022,2010,-12
57815.jpg,2022,2010,-12
57825.jpg,2022,1964,-58
57830.jpg,2022,2010,-12
57835.jpg,2022,1960,-62
57840.jpg,2022,1960,-62
57845.jpg,2022,2015,-7
57860.jpg,2022,2015,-7
57865.jpg,2022,1930,-92
57870.jpg,2022,2010,-12
57875.jpg,2023,1990,-33
57885.jpg,2023,2010,-13
57890.jpg,2023,2010,-13
57895.jpg,2023,2010,-13
57900.jpg,2023,1964,-59
57910.jpg,2023,2010,-13
57915.jpg,2023,2010,-13
57920.jpg,2023,1960,-63
57925.jpg,2024,1850,-174
57930.jpg,2024,2010,-14
