name,year,pred,diff
5.jpg,1008,1800,792
10.jpg,1016,1900,884
15.jpg,1022,1900,878
20.jpg,1028,1950,922
25.jpg,1036,1980,944
30.jpg,1048,1900,852
35.jpg,1051,1900,849
40.jpg,1061,1900,839
45.jpg,1063,1900,837
55.jpg,1070,1500,430
60.jpg,1076,1500,424
65.jpg,1080,1500,420
70.jpg,1090,1900,810
75.jpg,1093,1900,807
80.jpg,1097,1850,753
85.jpg,1100,1900,800
90.jpg,1100,1900,800
95.jpg,1107,1900,793
100.jpg,1110,1800,690
105.jpg,1114,1900,786
110.jpg,1116,1800,684
120.jpg,1120,1850,730
125.jpg,1122,1900,778
130.jpg,1125,1900,775
135.jpg,1128,1200,72
140.jpg,1129,1800,671
145.jpg,1130,1850,720
150.jpg,1131,1900,769
155.jpg,1134,1800,666
165.jpg,1138,1900,762
170.jpg,1140,1900,760
175.jpg,1144,1800,656
180.jpg,1146,1800,654
185.jpg,1147,1900,753
190.jpg,1149,1800,651
195.jpg,1150,1900,750
200.jpg,1152,1900,748
210.jpg,1160,1900,740
215.jpg,1165,1800,635
220.jpg,1168,1900,732
225.jpg,1170,1900,730
230.jpg,1170,1800,630
235.jpg,1172,1900,728
240.jpg,1175,1800,625
245.jpg,1177,1500,323
255.jpg,1180,1500,320
260.jpg,1180,1200,20
265.jpg,1180,1850,670
275.jpg,1185,1500,315
280.jpg,1189,1900,711
285.jpg,1191,1500,309
290.jpg,1192,1850,658
295.jpg,1194,1800,606
300.jpg,1196,1900,704
305.jpg,1198,1500,302
310.jpg,1199,1900,701
315.jpg,1200,1850,650
320.jpg,1202,1800,598
325.jpg,1204,1900,696
330.jpg,1208,1900,692
335.jpg,1211,1800,589
340.jpg,1212,1500,288
345.jpg,1215,1800,585
350.jpg,1217,1500,283
355.jpg,1220,1800,580
360.jpg,1221,1500,279
365.jpg,1222,1500,278
370.jpg,1224,1200,-24
375.jpg,1226,1500,274
380.jpg,1227,1900,673
385.jpg,1229,1800,571
390.jpg,1231,1850,619
395.jpg,1232,1900,668
405.jpg,1237,1800,563
410.jpg,1238,1800,562
415.jpg,1240,1800,560
420.jpg,1242,1900,658
425.jpg,1245,1800,555
430.jpg,1247,1500,253
435.jpg,1248,1200,-48
440.jpg,1250,1850,600
445.jpg,1250,1900,650
450.jpg,1252,1900,648
455.jpg,1255,1900,645
460.jpg,1259,1900,641
465.jpg,1260,1800,540
470.jpg,1263,1800,537
475.jpg,1264,1500,236
485.jpg,1270,1800,530
490.jpg,1270,1900,630
495.jpg,1270,1850,580
500.jpg,1271,1500,229
505.jpg,1273,1800,527
510.jpg,1275,1900,625
515.jpg,1277,1900,623
520.jpg,1278,1500,222
525.jpg,1279,1800,521
530.jpg,1280,1900,620
535.jpg,1285,1200,-85
540.jpg,1288,1900,612
545.jpg,1289,1900,611
550.jpg,1290,1800,510
555.jpg,1291,1900,609
560.jpg,1293,1950,657
565.jpg,1295,1800,505
570.jpg,1298,1900,602
575.jpg,1300,1800,500
580.jpg,1300,1850,550
585.jpg,1300,1800,500
590.jpg,1301,1800,499
595.jpg,1303,1500,197
600.jpg,1305,1800,495
605.jpg,1307,1900,593
610.jpg,1309,1900,591
615.jpg,1310,1800,490
620.jpg,1311,1500,189
625.jpg,1313,1500,187
630.jpg,1314,1900,586
635.jpg,1317,1800,483
640.jpg,1319,1800,481
645.jpg,1320,1800,480
650.jpg,1322,1900,578
655.jpg,1324,1500,176
660.jpg,1325,1200,-125
665.jpg,1326,1900,574
670.jpg,1327,1850,523
675.jpg,1328,1500,172
680.jpg,1330,1800,470
685.jpg,1330,1500,170
690.jpg,1331,1900,569
695.jpg,1333,1850,517
700.jpg,1335,1800,465
705.jpg,1337,1900,563
710.jpg,1338,1800,462
715.jpg,1340,1800,460
720.jpg,1340,1800,460
725.jpg,1343,1900,557
730.jpg,1345,1800,455
735.jpg,1345,1800,455
740.jpg,1346,1900,554
745.jpg,1347,1800,453
750.jpg,1347,1800,453
755.jpg,1349,1900,551
760.jpg,1350,1900,550
765.jpg,1350,1500,150
775.jpg,1353,1800,447
780.jpg,1354,1900,546
785.jpg,1356,1500,144
790.jpg,1358,1900,542
795.jpg,1360,1800,440
800.jpg,1361,1800,439
805.jpg,1362,1500,138
810.jpg,1364,1950,586
815.jpg,1365,1800,435
825.jpg,1370,1900,530
830.jpg,1371,1500,129
835.jpg,1373,1900,527
840.jpg,1375,1900,525
845.jpg,1377,1800,423
850.jpg,1380,2009,629
855.jpg,1381,1800,419
860.jpg,1382,1800,418
865.jpg,1384,1900,516
870.jpg,1386,1900,514
875.jpg,1389,1900,511
880.jpg,1390,1900,510
885.jpg,1394,1900,506
890.jpg,1396,1900,504
895.jpg,1397,1900,503
900.jpg,1398,1900,502
905.jpg,1399,1500,101
910.jpg,1400,1500,100
915.jpg,1401,1900,499
920.jpg,1402,1900,498
925.jpg,1405,1800,395
930.jpg,1406,1800,394
935.jpg,1409,1850,441
940.jpg,1410,1500,90
945.jpg,1410,1800,390
950.jpg,1411,1500,89
955.jpg,1413,1500,87
960.jpg,1414,1900,486
965.jpg,1417,1800,383
970.jpg,1419,1900,481
975.jpg,1420,1800,380
980.jpg,1420,1900,480
985.jpg,1422,1900,478
990.jpg,1424,1900,476
995.jpg,1425,1800,375
1000.jpg,1426,1800,374
1005.jpg,1428,1900,472
1010.jpg,1430,1900,470
1015.jpg,1431,1900,469
1025.jpg,1435,1800,365
1030.jpg,1436,1900,464
1035.jpg,1438,1900,462
1040.jpg,1440,1900,460
1045.jpg,1441,1600,159
1050.jpg,1442,1900,458
1055.jpg,1444,1900,456
1060.jpg,1446,1800,354
1065.jpg,1448,1800,352
1070.jpg,1450,1800,350
1075.jpg,1450,1500,50
1080.jpg,1451,1900,449
1085.jpg,1452,1900,448
1090.jpg,1453,1500,47
1095.jpg,1455,1900,445
1100.jpg,1457,1900,443
1105.jpg,1458,1500,42
1110.jpg,1459,1500,41
1115.jpg,1460,1800,340
1120.jpg,1462,1900,438
1125.jpg,1462,1200,-262
1130.jpg,1464,1800,336
1135.jpg,1465,1900,435
1140.jpg,1466,1500,34
1145.jpg,1467,1900,433
1150.jpg,1468,1800,332
1155.jpg,1469,1900,431
1160.jpg,1470,1900,430
1165.jpg,1470,1500,30
1170.jpg,1472,1800,328
1175.jpg,1473,1850,377
1180.jpg,1475,1500,25
1185.jpg,1477,1500,23
1190.jpg,1477,1800,323
1195.jpg,1479,1800,321
1200.jpg,1480,1800,320
1205.jpg,1482,1800,318
1210.jpg,1482,1850,368
1215.jpg,1483,1900,417
1220.jpg,1485,1500,15
1225.jpg,1487,1900,413
1230.jpg,1487,1800,313
1235.jpg,1488,1500,12
1240.jpg,1489,1850,361
1245.jpg,1490,1600,110
1250.jpg,1490,1900,410
1255.jpg,1491,1900,409
1260.jpg,1492,1500,8
1265.jpg,1493,1900,407
1270.jpg,1494,1900,406
1275.jpg,1495,1500,5
1280.jpg,1496,1900,404
1285.jpg,1497,1950,453
1290.jpg,1497,1800,303
1295.jpg,1498,1900,402
1300.jpg,1499,1200,-299
1305.jpg,1500,1850,350
1310.jpg,1500,1800,300
1315.jpg,1501,1900,399
1325.jpg,1503,1800,297
1330.jpg,1504,1800,296
1335.jpg,1505,1850,345
1340.jpg,1506,1900,394
1345.jpg,1507,1800,293
1350.jpg,1508,1500,-8
1355.jpg,1508,1800,292
1360.jpg,1509,1800,291
1365.jpg,1510,1950,440
1370.jpg,1510,1900,390
1375.jpg,1511,1500,-11
1380.jpg,1512,1900,388
1385.jpg,1513,1800,287
1390.jpg,1513,1900,387
1395.jpg,1515,1800,285
1400.jpg,1515,1900,385
1405.jpg,1516,1900,384
1410.jpg,1517,1500,-17
1415.jpg,1518,1900,382
1420.jpg,1518,1900,382
1425.jpg,1520,1900,380
1430.jpg,1521,1800,279
1435.jpg,1521,1800,279
1440.jpg,1522,1980,458
1445.jpg,1523,1980,457
1450.jpg,1524,1900,376
1455.jpg,1525,1900,375
1460.jpg,1526,1800,274
1465.jpg,1526,1900,374
1470.jpg,1527,1900,373
1475.jpg,1528,1800,272
1480.jpg,1528,1950,422
1485.jpg,1530,1800,270
1490.jpg,1530,1850,320
1495.jpg,1530,1900,370
1500.jpg,1531,1800,269
1505.jpg,1531,1900,369
1510.jpg,1532,1900,368
1515.jpg,1532,1900,368
1520.jpg,1533,1900,367
1525.jpg,1534,1950,416
1530.jpg,1535,1900,365
1535.jpg,1535,1900,365
1540.jpg,1536,1900,364
1545.jpg,1537,1800,263
1550.jpg,1537,1800,263
1555.jpg,1538,1900,362
1560.jpg,1539,1900,361
1565.jpg,1540,1200,-340
1570.jpg,1540,1800,260
1575.jpg,1540,1900,360
1580.jpg,1540,1800,260
1590.jpg,1542,1800,258
1595.jpg,1543,1900,357
1600.jpg,1543,1800,257
1605.jpg,1544,1800,256
1610.jpg,1545,1900,355
1615.jpg,1545,1894,349
1620.jpg,1547,1800,253
1625.jpg,1548,1800,252
1630.jpg,1549,1900,351
1635.jpg,1549,1600,51
1640.jpg,1550,1800,250
1645.jpg,1550,1900,350
1650.jpg,1550,1900,350
1655.jpg,1550,1500,-50
1660.jpg,1551,1950,399
1665.jpg,1551,1900,349
1670.jpg,1552,1900,348
1675.jpg,1553,1900,347
1680.jpg,1554,1900,346
1685.jpg,1554,1600,46
1690.jpg,1555,1900,345
1695.jpg,1556,1900,344
1700.jpg,1557,1950,393
1705.jpg,1558,1950,392
1710.jpg,1558,1600,42
1715.jpg,1559,1500,-59
1720.jpg,1559,1950,391
1725.jpg,1560,1800,240
1730.jpg,1560,1800,240
1735.jpg,1560,1950,390
1740.jpg,1561,1950,389
1745.jpg,1561,1900,339
1750.jpg,1562,1920,358
1755.jpg,1563,1900,337
1760.jpg,1564,1850,286
1765.jpg,1565,1900,335
1770.jpg,1565,1900,335
1775.jpg,1565,1900,335
1780.jpg,1566,1800,234
1785.jpg,1567,1900,333
1790.jpg,1567,1900,333
1795.jpg,1568,1800,232
1800.jpg,1568,1800,232
1805.jpg,1569,1800,231
1810.jpg,1570,1900,330
1815.jpg,1570,1900,330
1820.jpg,1570,1800,230
1825.jpg,1571,1900,329
1830.jpg,1572,1900,328
1835.jpg,1572,1650,78
1840.jpg,1573,1800,227
1845.jpg,1573,1950,377
1850.jpg,1574,1900,326
1855.jpg,1574,1900,326
1860.jpg,1575,1850,275
1865.jpg,1575,1900,325
1870.jpg,1575,1800,225
1875.jpg,1576,1900,324
1880.jpg,1577,1900,323
1885.jpg,1578,1900,322
1890.jpg,1578,1900,322
1895.jpg,1579,1800,221
1900.jpg,1579,1900,321
1905.jpg,1580,1800,220
1910.jpg,1580,1900,320
1915.jpg,1581,1800,219
1920.jpg,1581,1500,-81
1925.jpg,1582,1500,-82
1930.jpg,1582,1950,368
1935.jpg,1583,1500,-83
1940.jpg,1584,1800,216
1945.jpg,1584,1900,316
1950.jpg,1585,1900,315
1955.jpg,1585,1900,315
1960.jpg,1585,1950,365
1965.jpg,1586,1900,314
1970.jpg,1586,1900,314
1975.jpg,1587,1900,313
1980.jpg,1588,1900,312
1985.jpg,1588,1850,262
1990.jpg,1588,1800,212
1995.jpg,1588,1800,212
2000.jpg,1589,1900,311
2005.jpg,1590,1800,210
2010.jpg,1590,1900,310
2020.jpg,1591,1900,309
2025.jpg,1591,1900,309
2030.jpg,1592,1900,308
2035.jpg,1593,1900,307
2045.jpg,1595,1800,205
2050.jpg,1595,1900,305
2055.jpg,1595,1800,205
2060.jpg,1596,1800,204
2065.jpg,1596,1500,-96
2070.jpg,1597,1900,303
2075.jpg,1597,1800,203
2080.jpg,1598,1800,202
2085.jpg,1598,1800,202
2090.jpg,1598,1950,352
2095.jpg,1600,1800,200
2100.jpg,1600,1850,250
2115.jpg,1602,1900,298
2125.jpg,1604,1850,246
2130.jpg,1604,1900,296
2135.jpg,1604,1900,296
2140.jpg,1605,1800,195
2145.jpg,1605,1800,195
2150.jpg,1606,1900,294
2155.jpg,1606,1800,194
2160.jpg,1607,1606,-1
2165.jpg,1607,1900,293
2170.jpg,1608,1800,192
2175.jpg,1608,1850,242
2180.jpg,1609,1800,191
2185.jpg,1610,1850,240
2190.jpg,1610,1800,190
2195.jpg,1610,1880,270
2200.jpg,1610,1900,290
2205.jpg,1611,1800,189
2210.jpg,1611,1900,289
2215.jpg,1611,1800,189
2220.jpg,1612,1980,368
2225.jpg,1612,1900,288
2230.jpg,1613,1500,-113
2235.jpg,1613,1800,187
2240.jpg,1614,1800,186
2245.jpg,1614,1800,186
2250.jpg,1614,1900,286
2255.jpg,1615,1950,335
2260.jpg,1615,1800,185
2265.jpg,1616,1900,284
2270.jpg,1616,1900,284
2275.jpg,1616,1980,364
2280.jpg,1616,1900,284
2285.jpg,1617,1900,283
2290.jpg,1617,1800,183
2295.jpg,1617,1800,183
2300.jpg,1618,1900,282
2305.jpg,1618,1900,282
2310.jpg,1619,1800,181
2315.jpg,1619,1800,181
2320.jpg,1619,1900,281
2325.jpg,1620,1800,180
2330.jpg,1620,1900,280
2335.jpg,1620,1800,180
2340.jpg,1621,1800,179
2345.jpg,1621,1800,179
2350.jpg,1622,1800,178
2360.jpg,1623,1850,227
2365.jpg,1624,1900,276
2370.jpg,1624,1800,176
2375.jpg,1624,1900,276
2380.jpg,1625,1850,225
2385.jpg,1625,1850,225
2390.jpg,1625,1900,275
2395.jpg,1625,1900,275
2400.jpg,1626,1900,274
2405.jpg,1626,1900,274
2410.jpg,1627,1850,223
2415.jpg,1628,1900,272
2420.jpg,1628,1900,272
2425.jpg,1629,1900,271
2430.jpg,1629,1800,171
2435.jpg,1630,1850,220
2440.jpg,1630,1850,220
2445.jpg,1630,1900,270
2450.jpg,1630,1900,270
2455.jpg,1631,1800,169
2460.jpg,1631,1900,269
2465.jpg,1631,1500,-131
2470.jpg,1632,1800,168
2475.jpg,1632,1900,268
2480.jpg,1632,1900,268
2485.jpg,1633,1900,267
2490.jpg,1633,1900,267
2495.jpg,1634,1900,266
2500.jpg,1634,1800,166
2505.jpg,1634,1900,266
2510.jpg,1635,1800,165
2515.jpg,1635,1800,165
2520.jpg,1635,1900,265
2525.jpg,1636,1800,164
2530.jpg,1636,1900,264
2535.jpg,1636,1850,214
2540.jpg,1637,1900,263
2545.jpg,1637,1900,263
2550.jpg,1638,1800,162
2555.jpg,1638,1850,212
2560.jpg,1638,1900,262
2565.jpg,1639,1800,161
2570.jpg,1639,1800,161
2575.jpg,1640,1950,310
2580.jpg,1640,1800,160
2585.jpg,1640,1900,260
2590.jpg,1641,1800,159
2595.jpg,1641,1800,159
2600.jpg,1641,1980,339
2605.jpg,1642,1800,158
2610.jpg,1642,1800,158
2615.jpg,1643,1800,157
2620.jpg,1644,1900,256
2625.jpg,1644,1800,156
2630.jpg,1644,1900,256
2635.jpg,1645,1950,305
2640.jpg,1645,1900,255
2645.jpg,1646,1800,154
2650.jpg,1646,1900,254
2655.jpg,1646,1900,254
2660.jpg,1648,1900,252
2665.jpg,1648,1900,252
2670.jpg,1648,1650,2
2675.jpg,1649,1900,251
2680.jpg,1650,1900,250
2685.jpg,1650,1800,150
2690.jpg,1650,1900,250
2695.jpg,1650,1900,250
2700.jpg,1651,1800,149
2705.jpg,1651,1800,149
2710.jpg,1652,1800,148
2715.jpg,1653,1850,197
2720.jpg,1653,1900,247
2725.jpg,1654,1900,246
2730.jpg,1654,1800,146
2735.jpg,1655,1900,245
2745.jpg,1656,1900,244
2750.jpg,1656,1800,144
2755.jpg,1656,1800,144
2760.jpg,1657,1800,143
2765.jpg,1657,1900,243
2770.jpg,1658,1900,242
2775.jpg,1658,1950,292
2780.jpg,1659,1900,241
2785.jpg,1659,1800,141
2790.jpg,1660,1800,140
2795.jpg,1660,1900,240
2800.jpg,1660,1900,240
2805.jpg,1660,1900,240
2810.jpg,1660,1800,140
2815.jpg,1660,1900,240
2820.jpg,1660,1850,190
2825.jpg,1661,1900,239
2830.jpg,1661,1900,239
2835.jpg,1661,1900,239
2840.jpg,1661,1900,239
2845.jpg,1662,1920,258
2850.jpg,1663,1900,237
2855.jpg,1663,1900,237
2860.jpg,1664,1800,136
2865.jpg,1664,1800,136
2870.jpg,1664,1900,236
2875.jpg,1665,1800,135
2880.jpg,1665,1900,235
2885.jpg,1665,1900,235
2890.jpg,1665,1800,135
2895.jpg,1666,1900,234
2900.jpg,1666,1950,284
2905.jpg,1667,1900,233
2910.jpg,1667,1800,133
2915.jpg,1667,1800,133
2920.jpg,1668,1800,132
2925.jpg,1669,1900,231
2930.jpg,1669,1900,231
2935.jpg,1670,1850,180
2940.jpg,1670,1800,130
2945.jpg,1670,1850,180
2950.jpg,1670,1800,130
2955.jpg,1671,1850,179
2960.jpg,1671,1800,129
2965.jpg,1671,1800,129
2970.jpg,1672,1900,228
2975.jpg,1672,1900,228
2980.jpg,1673,1900,227
2985.jpg,1673,1900,227
2990.jpg,1674,1850,176
2995.jpg,1674,1900,226
3000.jpg,1674,1500,-174
3010.jpg,1675,1800,125
3020.jpg,1676,1850,174
3025.jpg,1676,1800,124
3030.jpg,1677,1970,293
3035.jpg,1677,1800,123
3040.jpg,1677,1800,123
3045.jpg,1678,1900,222
3050.jpg,1678,1800,122
3055.jpg,1678,1800,122
3060.jpg,1679,1950,271
3065.jpg,1679,1900,221
3075.jpg,1680,1900,220
3080.jpg,1680,1900,220
3085.jpg,1680,1800,120
3090.jpg,1680,1900,220
3095.jpg,1680,1900,220
3100.jpg,1680,1850,170
3105.jpg,1681,1800,119
3110.jpg,1681,1950,269
3115.jpg,1681,1900,219
3120.jpg,1681,1900,219
3125.jpg,1682,1800,118
3130.jpg,1682,1900,218
3135.jpg,1682,1900,218
3140.jpg,1682,1500,-182
3145.jpg,1683,1950,267
3150.jpg,1683,1850,167
3155.jpg,1683,1900,217
3160.jpg,1683,1900,217
3165.jpg,1683,1800,117
3170.jpg,1684,1850,166
3175.jpg,1684,1800,116
3180.jpg,1684,1900,216
3185.jpg,1684,1800,116
3190.jpg,1685,1900,215
3195.jpg,1685,1800,115
3200.jpg,1685,1900,215
3205.jpg,1686,1900,214
3210.jpg,1686,1850,164
3215.jpg,1686,1950,264
3220.jpg,1686,1900,214
3225.jpg,1687,1900,213
3230.jpg,1687,1850,163
3235.jpg,1687,1900,213
3240.jpg,1688,1900,212
3245.jpg,1688,1800,112
3250.jpg,1689,1950,261
3255.jpg,1689,1800,111
3260.jpg,1689,1900,211
3270.jpg,1690,1900,210
3275.jpg,1690,1850,160
3280.jpg,1690,1950,260
3285.jpg,1690,1900,210
3290.jpg,1690,1950,260
3295.jpg,1690,1900,210
3300.jpg,1690,1800,110
3305.jpg,1691,1850,159
3310.jpg,1691,1900,209
3315.jpg,1691,1800,109
3320.jpg,1692,1900,208
3325.jpg,1692,1960,268
3330.jpg,1693,1950,257
3335.jpg,1693,1900,207
3340.jpg,1694,1850,156
3345.jpg,1694,1950,256
3350.jpg,1694,1900,206
3355.jpg,1695,1850,155
3360.jpg,1695,1900,205
3365.jpg,1695,1900,205
3370.jpg,1695,1800,105
3375.jpg,1695,1800,105
3385.jpg,1696,1900,204
3390.jpg,1696,1950,254
3395.jpg,1696,1900,204
3400.jpg,1696,1800,104
3405.jpg,1696,1800,104
3410.jpg,1697,1850,153
3415.jpg,1697,1850,153
3420.jpg,1697,1900,203
3425.jpg,1697,1900,203
3430.jpg,1698,1900,202
3435.jpg,1698,1890,192
3440.jpg,1698,1900,202
3445.jpg,1699,1800,101
3450.jpg,1699,1800,101
3455.jpg,1699,1900,201
3460.jpg,1700,1800,100
3465.jpg,1700,1900,200
3470.jpg,1700,1900,200
3475.jpg,1700,1850,150
3480.jpg,1700,1900,200
3485.jpg,1700,1900,200
3490.jpg,1700,1850,150
3495.jpg,1700,1800,100
3500.jpg,1700,1850,150
3505.jpg,1700,1850,150
3510.jpg,1700,1800,100
3520.jpg,1701,1900,199
3525.jpg,1701,1800,99
3535.jpg,1702,1900,198
3540.jpg,1702,1800,98
3545.jpg,1703,1900,197
3550.jpg,1704,1800,96
3555.jpg,1704,1900,196
3560.jpg,1704,1900,196
3565.jpg,1704,1950,246
3570.jpg,1704,1900,196
3575.jpg,1705,1850,145
3580.jpg,1705,1850,145
3585.jpg,1705,1850,145
3590.jpg,1705,1800,95
3595.jpg,1706,1800,94
3600.jpg,1706,1900,194
3605.jpg,1706,1800,94
3610.jpg,1706,1900,194
3615.jpg,1707,1900,193
3620.jpg,1707,1900,193
3625.jpg,1707,1900,193
3630.jpg,1708,1900,192
3635.jpg,1708,1900,192
3640.jpg,1708,1850,142
3645.jpg,1708,1800,92
3650.jpg,1709,1800,91
3655.jpg,1709,1900,191
3660.jpg,1709,1900,191
3665.jpg,1709,1850,141
3670.jpg,1710,1850,140
3675.jpg,1710,1950,240
3680.jpg,1710,1900,190
3685.jpg,1710,1950,240
3690.jpg,1710,1800,90
3695.jpg,1710,1800,90
3700.jpg,1710,1900,190
3705.jpg,1710,1900,190
3710.jpg,1710,1800,90
3715.jpg,1711,1900,189
3720.jpg,1711,1850,139
3725.jpg,1711,1850,139
3730.jpg,1711,1800,89
3735.jpg,1711,1800,89
3740.jpg,1712,1900,188
3745.jpg,1712,1950,238
3750.jpg,1713,1500,-213
3755.jpg,1713,1900,187
3760.jpg,1713,1800,87
3765.jpg,1713,1800,87
3770.jpg,1714,1900,186
3775.jpg,1714,1850,136
3780.jpg,1714,1850,136
3785.jpg,1714,1900,186
3790.jpg,1715,1900,185
3795.jpg,1715,1950,235
3800.jpg,1715,1900,185
3805.jpg,1715,1900,185
3810.jpg,1715,1900,185
3815.jpg,1715,1850,135
3820.jpg,1715,1950,235
3825.jpg,1715,1850,135
3830.jpg,1715,1800,85
3835.jpg,1716,1800,84
3840.jpg,1716,1850,134
3845.jpg,1716,1900,184
3850.jpg,1716,1900,184
3855.jpg,1716,1850,134
3860.jpg,1716,1800,84
3865.jpg,1717,1900,183
3870.jpg,1717,1850,133
3875.jpg,1717,1900,183
3880.jpg,1718,1800,82
3885.jpg,1718,1800,82
3890.jpg,1719,1900,181
3895.jpg,1719,1950,231
3900.jpg,1719,1900,181
3905.jpg,1719,1950,231
3910.jpg,1720,1900,180
3915.jpg,1720,1900,180
3920.jpg,1720,1900,180
3925.jpg,1720,1900,180
3930.jpg,1720,1970,250
3935.jpg,1720,1850,130
3940.jpg,1720,1950,230
3945.jpg,1720,1900,180
3950.jpg,1720,1850,130
3955.jpg,1720,1850,130
3960.jpg,1720,1950,230
3965.jpg,1720,1850,130
3970.jpg,1720,1800,80
3975.jpg,1721,1900,179
3980.jpg,1721,1950,229
3985.jpg,1721,1900,179
3990.jpg,1721,1900,179
3995.jpg,1721,1800,79
4000.jpg,1722,1900,178
4005.jpg,1722,1800,78
4010.jpg,1722,1900,178
4015.jpg,1722,1900,178
4020.jpg,1722,1800,78
4025.jpg,1723,1800,77
4030.jpg,1723,1950,227
4035.jpg,1723,1900,177
4040.jpg,1723,1950,227
4045.jpg,1723,1800,77
4050.jpg,1723,1800,77
4055.jpg,1723,1950,227
4060.jpg,1724,1900,176
4065.jpg,1724,1950,226
4070.jpg,1724,1950,226
4075.jpg,1724,1850,126
4080.jpg,1724,1900,176
4085.jpg,1724,1800,76
4090.jpg,1724,1800,76
4095.jpg,1724,1900,176
4100.jpg,1725,1900,175
4105.jpg,1725,1900,175
4110.jpg,1725,1900,175
4115.jpg,1725,1800,75
4120.jpg,1725,1900,175
4125.jpg,1725,1950,225
4130.jpg,1725,1900,175
4135.jpg,1725,1800,75
4140.jpg,1725,1800,75
4145.jpg,1725,1850,125
4150.jpg,1725,1800,75
4155.jpg,1725,1900,175
4160.jpg,1726,1900,174
4165.jpg,1726,1900,174
4170.jpg,1726,1800,74
4175.jpg,1726,1900,174
4180.jpg,1726,1900,174
4185.jpg,1727,1850,123
4190.jpg,1727,1900,173
4195.jpg,1727,1900,173
4200.jpg,1727,1850,123
4205.jpg,1727,1900,173
4210.jpg,1727,1850,123
4215.jpg,1728,1900,172
4220.jpg,1728,1900,172
4225.jpg,1728,1900,172
4230.jpg,1728,1900,172
4235.jpg,1728,1950,222
4240.jpg,1728,1950,222
4245.jpg,1728,1850,122
4250.jpg,1729,1800,71
4255.jpg,1729,1900,171
4260.jpg,1729,1850,121
4265.jpg,1729,1900,171
4270.jpg,1729,1900,171
4275.jpg,1730,1800,70
4280.jpg,1730,1900,170
4285.jpg,1730,1900,170
4290.jpg,1730,1850,120
4295.jpg,1730,1950,220
4300.jpg,1730,1950,220
4305.jpg,1730,1900,170
4310.jpg,1730,1900,170
4315.jpg,1730,1900,170
4320.jpg,1730,1800,70
4325.jpg,1730,1900,170
4330.jpg,1730,1900,170
4335.jpg,1730,1800,70
4340.jpg,1730,1800,70
4345.jpg,1730,1850,120
4350.jpg,1730,1900,170
4355.jpg,1730,1950,220
4360.jpg,1730,1950,220
4365.jpg,1730,1950,220
4370.jpg,1731,1900,169
4375.jpg,1731,1800,69
4380.jpg,1731,1900,169
4385.jpg,1731,1900,169
4390.jpg,1732,1900,168
4395.jpg,1732,1900,168
4400.jpg,1732,1950,218
4405.jpg,1732,1850,118
4410.jpg,1732,1900,168
4415.jpg,1732,1800,68
4420.jpg,1732,1900,168
4425.jpg,1732,1500,-232
4430.jpg,1732,1800,68
4435.jpg,1733,1800,67
4440.jpg,1733,1850,117
4445.jpg,1733,1900,167
4450.jpg,1733,1800,67
4455.jpg,1733,1900,167
4460.jpg,1733,1800,67
4465.jpg,1733,1950,217
4470.jpg,1733,1900,167
4475.jpg,1734,1850,116
4480.jpg,1734,1900,166
4485.jpg,1734,1900,166
4490.jpg,1734,1900,166
4495.jpg,1735,1900,165
4505.jpg,1735,1950,215
4510.jpg,1735,1900,165
4515.jpg,1735,1850,115
4520.jpg,1735,1850,115
4525.jpg,1735,1850,115
4530.jpg,1735,1850,115
4535.jpg,1735,1950,215
4545.jpg,1736,1850,114
4550.jpg,1736,1850,114
4555.jpg,1736,1900,164
4560.jpg,1736,1800,64
4565.jpg,1736,1800,64
4570.jpg,1736,1800,64
4575.jpg,1737,1900,163
4580.jpg,1737,1900,163
4585.jpg,1737,1950,213
4590.jpg,1737,1950,213
4595.jpg,1737,1800,63
4600.jpg,1737,1900,163
4605.jpg,1738,1950,212
4610.jpg,1738,1850,112
4615.jpg,1738,1950,212
4620.jpg,1738,1850,112
4625.jpg,1738,1900,162
4630.jpg,1738,1950,212
4635.jpg,1738,1800,62
4640.jpg,1739,1800,61
4645.jpg,1739,1900,161
4650.jpg,1739,1950,211
4655.jpg,1739,1800,61
4660.jpg,1739,1900,161
4665.jpg,1740,1900,160
4670.jpg,1740,1850,110
4675.jpg,1740,1900,160
4680.jpg,1740,1800,60
4685.jpg,1740,1900,160
4690.jpg,1740,1850,110
4695.jpg,1740,1950,210
4700.jpg,1740,1900,160
4705.jpg,1740,1950,210
4710.jpg,1740,1800,60
4715.jpg,1740,1800,60
4720.jpg,1740,1900,160
4725.jpg,1740,1950,210
4730.jpg,1740,1950,210
4735.jpg,1740,1850,110
4740.jpg,1740,1900,160
4745.jpg,1740,1900,160
4750.jpg,1741,1900,159
4755.jpg,1741,1850,109
4760.jpg,1741,1950,209
4765.jpg,1741,1900,159
4770.jpg,1741,1800,59
4775.jpg,1741,2010,269
4780.jpg,1742,1900,158
4785.jpg,1742,1900,158
4790.jpg,1742,1850,108
4795.jpg,1742,1800,58
4800.jpg,1742,1900,158
4805.jpg,1742,1900,158
4810.jpg,1742,1900,158
4815.jpg,1742,1950,208
4820.jpg,1743,1950,207
4825.jpg,1743,1800,57
4835.jpg,1743,1950,207
4840.jpg,1743,1850,107
4845.jpg,1744,1800,56
4850.jpg,1744,1850,106
4855.jpg,1744,1850,106
4860.jpg,1744,1900,156
4865.jpg,1744,1800,56
4870.jpg,1745,1950,205
4875.jpg,1745,1850,105
4880.jpg,1745,1850,105
4885.jpg,1745,1900,155
4890.jpg,1745,1800,55
4895.jpg,1745,1900,155
4900.jpg,1745,1800,55
4905.jpg,1745,1900,155
4910.jpg,1746,1950,204
4915.jpg,1746,1800,54
4920.jpg,1746,1800,54
4925.jpg,1746,1500,-246
4930.jpg,1747,1900,153
4935.jpg,1747,1900,153
4940.jpg,1747,1800,53
4945.jpg,1747,1900,153
4950.jpg,1747,1900,153
4955.jpg,1747,1950,203
4960.jpg,1747,1970,223
4965.jpg,1748,1950,202
4970.jpg,1748,1850,102
4975.jpg,1748,1950,202
4980.jpg,1748,1950,202
4985.jpg,1748,1900,152
4990.jpg,1749,1900,151
4995.jpg,1749,1900,151
5000.jpg,1749,1900,151
5005.jpg,1749,1950,201
5010.jpg,1749,1900,151
5015.jpg,1750,1900,150
5020.jpg,1750,1900,150
5025.jpg,1750,1900,150
5030.jpg,1750,1950,200
5035.jpg,1750,1950,200
5040.jpg,1750,1900,150
5045.jpg,1750,1850,100
5050.jpg,1750,1950,200
5060.jpg,1750,1800,50
5065.jpg,1750,1950,200
5070.jpg,1750,1800,50
5075.jpg,1750,1900,150
5080.jpg,1750,1800,50
5085.jpg,1750,1950,200
5090.jpg,1750,1900,150
5095.jpg,1750,1950,200
5100.jpg,1750,1950,200
5105.jpg,1750,1950,200
5110.jpg,1750,1900,150
5115.jpg,1750,1850,100
5120.jpg,1750,1800,50
5125.jpg,1750,1850,100
5130.jpg,1750,1850,100
5135.jpg,1750,1950,200
5140.jpg,1750,1900,150
5145.jpg,1750,1850,100
5150.jpg,1750,1900,150
5155.jpg,1750,1950,200
5160.jpg,1750,1900,150
5165.jpg,1750,1950,200
5170.jpg,1750,1850,100
5175.jpg,1750,1850,100
5180.jpg,1750,1950,200
5185.jpg,1750,1950,200
5190.jpg,1750,1900,150
5195.jpg,1751,1800,49
5200.jpg,1751,1850,99
5205.jpg,1751,1950,199
5210.jpg,1751,1950,199
5215.jpg,1751,1950,199
5220.jpg,1751,1500,-251
5225.jpg,1752,1800,48
5230.jpg,1752,1850,98
5235.jpg,1752,1850,98
5240.jpg,1752,1900,148
5245.jpg,1752,1900,148
5250.jpg,1752,1900,148
5255.jpg,1752,1800,48
5260.jpg,1752,1800,48
5265.jpg,1752,1900,148
5270.jpg,1752,1900,148
5275.jpg,1752,1800,48
5285.jpg,1753,1950,197
5290.jpg,1753,1950,197
5295.jpg,1753,1850,97
5300.jpg,1753,1950,197
5305.jpg,1753,1950,197
5310.jpg,1753,1776,23
5315.jpg,1753,1800,47
5320.jpg,1753,1950,197
5325.jpg,1754,1950,196
5330.jpg,1754,1734,-20
5335.jpg,1754,1800,46
5340.jpg,1754,1900,146
5345.jpg,1754,1900,146
5350.jpg,1754,1850,96
5355.jpg,1754,1900,146
5360.jpg,1754,1900,146
5365.jpg,1754,1900,146
5370.jpg,1755,1700,-55
5375.jpg,1755,1900,145
5380.jpg,1755,1900,145
5385.jpg,1755,1850,95
5390.jpg,1755,1900,145
5395.jpg,1755,1950,195
5400.jpg,1755,1800,45
5405.jpg,1755,1900,145
5410.jpg,1755,1800,45
5415.jpg,1756,1850,94
5420.jpg,1756,1900,144
5425.jpg,1756,1850,94
5430.jpg,1756,1900,144
5435.jpg,1756,1850,94
5440.jpg,1756,1850,94
5445.jpg,1756,1800,44
5450.jpg,1756,1900,144
5455.jpg,1756,1800,44
5460.jpg,1756,1900,144
5470.jpg,1757,1800,43
5475.jpg,1757,1900,143
5480.jpg,1757,1900,143
5485.jpg,1757,1900,143
5490.jpg,1757,1950,193
5495.jpg,1757,1900,143
5500.jpg,1758,1800,42
5505.jpg,1758,1900,142
5510.jpg,1758,1850,92
5515.jpg,1758,1950,192
5520.jpg,1758,1900,142
5525.jpg,1758,1950,192
5530.jpg,1758,1800,42
5535.jpg,1759,1900,141
5540.jpg,1759,1900,141
5545.jpg,1759,1950,191
5550.jpg,1759,1850,91
5555.jpg,1759,1900,141
5560.jpg,1759,1900,141
5565.jpg,1760,1900,140
5570.jpg,1760,1850,90
5575.jpg,1760,1900,140
5580.jpg,1760,1900,140
5585.jpg,1760,1200,-560
5590.jpg,1761,1900,139
5595.jpg,1761,1900,139
5600.jpg,1761,1950,189
5605.jpg,1761,1900,139
5610.jpg,1761,1900,139
5615.jpg,1761,1900,139
5620.jpg,1761,1900,139
5625.jpg,1761,1800,39
5630.jpg,1762,1900,138
5635.jpg,1762,1850,88
5640.jpg,1762,1950,188
5645.jpg,1762,1950,188
5650.jpg,1762,1800,38
5655.jpg,1762,1900,138
5660.jpg,1762,1900,138
5665.jpg,1762,1850,88
5670.jpg,1763,1950,187
5675.jpg,1763,1900,137
5680.jpg,1763,1950,187
5685.jpg,1763,1850,87
5690.jpg,1763,1850,87
5695.jpg,1763,1950,187
5700.jpg,1763,1600,-163
5705.jpg,1763,1900,137
5710.jpg,1764,1800,36
5715.jpg,1764,1900,136
5720.jpg,1764,1900,136
5725.jpg,1764,1900,136
5730.jpg,1764,1900,136
5735.jpg,1764,1900,136
5740.jpg,1764,1850,86
5745.jpg,1764,1800,36
5750.jpg,1764,1800,36
5755.jpg,1764,1800,36
5765.jpg,1765,1900,135
5770.jpg,1765,1950,185
5775.jpg,1765,1950,185
5780.jpg,1765,1950,185
5785.jpg,1765,1900,135
5790.jpg,1765,1950,185
5795.jpg,1765,1850,85
5800.jpg,1765,1800,35
5805.jpg,1765,1950,185
5810.jpg,1765,1950,185
5815.jpg,1765,1800,35
5820.jpg,1765,1850,85
5825.jpg,1765,1800,35
5830.jpg,1765,1950,185
5835.jpg,1766,1900,134
5840.jpg,1766,1900,134
5845.jpg,1766,1850,84
5850.jpg,1766,1800,34
5855.jpg,1766,1960,194
5860.jpg,1766,1800,34
5865.jpg,1766,1950,184
5870.jpg,1766,1850,84
5875.jpg,1767,1800,33
5880.jpg,1767,1900,133
5885.jpg,1767,1850,83
5890.jpg,1767,1800,33
5895.jpg,1768,1900,132
5900.jpg,1768,1850,82
5905.jpg,1768,1850,82
5910.jpg,1768,1900,132
5915.jpg,1768,1900,132
5920.jpg,1768,1850,82
5925.jpg,1768,1900,132
5930.jpg,1768,1800,32
5935.jpg,1768,1950,182
5940.jpg,1768,1900,132
5945.jpg,1769,1900,131
5950.jpg,1769,1850,81
5955.jpg,1769,1850,81
5960.jpg,1769,1800,31
5965.jpg,1769,1900,131
5970.jpg,1769,1950,181
5975.jpg,1769,1900,131
5980.jpg,1769,1950,181
5985.jpg,1769,1950,181
5990.jpg,1769,1900,131
5995.jpg,1769,1900,131
6000.jpg,1770,1900,130
6005.jpg,1770,1850,80
6010.jpg,1770,1950,180
6015.jpg,1770,1950,180
6020.jpg,1770,1800,30
6025.jpg,1770,1850,80
6030.jpg,1770,1850,80
6035.jpg,1770,1900,130
6040.jpg,1770,1950,180
6045.jpg,1770,1950,180
6050.jpg,1770,1800,30
6055.jpg,1770,1950,180
6060.jpg,1770,1950,180
6065.jpg,1770,1900,130
6070.jpg,1770,1950,180
6075.jpg,1770,1900,130
6080.jpg,1770,1950,180
6085.jpg,1770,1950,180
6090.jpg,1770,1850,80
6095.jpg,1770,1850,80
6100.jpg,1770,1800,30
6105.jpg,1770,1900,130
6115.jpg,1771,1850,79
6120.jpg,1771,1900,129
6125.jpg,1771,1850,79
6130.jpg,1771,1800,29
6135.jpg,1771,1850,79
6140.jpg,1771,1900,129
6145.jpg,1771,1850,79
6150.jpg,1771,1950,179
6155.jpg,1771,1800,29
6160.jpg,1771,1900,129
6165.jpg,1771,1800,29
6170.jpg,1772,1950,178
6175.jpg,1772,1850,78
6180.jpg,1772,1800,28
6185.jpg,1772,1800,28
6190.jpg,1772,1900,128
6195.jpg,1773,1900,127
6200.jpg,1773,1950,177
6205.jpg,1773,1850,77
6210.jpg,1773,1850,77
6215.jpg,1773,1850,77
6220.jpg,1773,1900,127
6225.jpg,1773,1950,177
6230.jpg,1773,1800,27
6235.jpg,1773,1900,127
6240.jpg,1774,1850,76
6245.jpg,1774,1800,26
6250.jpg,1774,1800,26
6255.jpg,1774,1850,76
6260.jpg,1774,1850,76
6265.jpg,1774,1850,76
6270.jpg,1774,1850,76
6275.jpg,1774,1800,26
6280.jpg,1774,1950,176
6285.jpg,1774,1800,26
6290.jpg,1774,1900,126
6295.jpg,1774,1900,126
6300.jpg,1774,1950,176
6305.jpg,1775,1800,25
6310.jpg,1775,1950,175
6315.jpg,1775,1950,175
6320.jpg,1775,1950,175
6325.jpg,1775,1850,75
6330.jpg,1775,1900,125
6335.jpg,1775,1900,125
6350.jpg,1775,1950,175
6355.jpg,1775,1900,125
6360.jpg,1775,1900,125
6365.jpg,1775,1900,125
6370.jpg,1775,1900,125
6375.jpg,1775,1900,125
6380.jpg,1775,1900,125
6385.jpg,1775,1800,25
6390.jpg,1775,1900,125
6395.jpg,1775,1800,25
6405.jpg,1776,1800,24
6410.jpg,1776,1900,124
6415.jpg,1776,1900,124
6420.jpg,1776,1950,174
6425.jpg,1776,1850,74
6430.jpg,1776,1900,124
6435.jpg,1776,1900,124
6440.jpg,1776,1900,124
6445.jpg,1777,1900,123
6450.jpg,1777,1900,123
6455.jpg,1777,1900,123
6460.jpg,1777,1900,123
6465.jpg,1777,1950,173
6470.jpg,1777,1950,173
6475.jpg,1777,1800,23
6480.jpg,1777,2010,233
6485.jpg,1778,1900,122
6495.jpg,1778,1850,72
6500.jpg,1778,1800,22
6505.jpg,1778,1950,172
6510.jpg,1778,1900,122
6515.jpg,1779,1900,121
6520.jpg,1779,1800,21
6525.jpg,1779,1900,121
6530.jpg,1779,1900,121
6535.jpg,1779,1900,121
6540.jpg,1779,1900,121
6545.jpg,1779,1850,71
6550.jpg,1779,1800,21
6555.jpg,1780,1800,20
6560.jpg,1780,1800,20
6565.jpg,1780,1850,70
6570.jpg,1780,1950,170
6575.jpg,1780,1950,170
6580.jpg,1780,1850,70
6585.jpg,1780,1850,70
6590.jpg,1780,1900,120
6595.jpg,1780,1950,170
6600.jpg,1780,1900,120
6605.jpg,1780,1900,120
6610.jpg,1780,1950,170
6615.jpg,1780,1950,170
6620.jpg,1780,1900,120
6625.jpg,1780,1950,170
6630.jpg,1780,1900,120
6635.jpg,1780,1850,70
6640.jpg,1780,1950,170
6645.jpg,1780,1900,120
6650.jpg,1780,1950,170
6655.jpg,1780,1900,120
6660.jpg,1780,1950,170
6665.jpg,1780,1900,120
6670.jpg,1781,1900,119
6675.jpg,1781,1800,19
6680.jpg,1781,1800,19
6685.jpg,1781,1900,119
6690.jpg,1781,1900,119
6695.jpg,1781,1850,69
6700.jpg,1781,1800,19
6705.jpg,1781,1950,169
6710.jpg,1782,1900,118
6715.jpg,1782,1900,118
6720.jpg,1782,1900,118
6725.jpg,1782,1900,118
6730.jpg,1782,1850,68
6735.jpg,1782,1900,118
6740.jpg,1782,1950,168
6745.jpg,1782,1900,118
6750.jpg,1782,1800,18
6755.jpg,1783,1800,17
6760.jpg,1783,1900,117
6765.jpg,1783,1900,117
6770.jpg,1783,1950,167
6775.jpg,1783,1900,117
6780.jpg,1783,1850,67
6785.jpg,1783,1950,167
6790.jpg,1783,1950,167
6795.jpg,1783,1900,117
6800.jpg,1783,1950,167
6805.jpg,1783,1800,17
6810.jpg,1784,1900,116
6815.jpg,1784,1900,116
6820.jpg,1784,1850,66
6825.jpg,1784,1900,116
6830.jpg,1784,1850,66
6835.jpg,1784,1950,166
6840.jpg,1784,1800,16
6845.jpg,1784,1900,116
6850.jpg,1784,1800,16
6855.jpg,1784,1800,16
6860.jpg,1785,1900,115
6865.jpg,1785,1900,115
6870.jpg,1785,1950,165
6875.jpg,1785,1800,15
6880.jpg,1785,1900,115
6885.jpg,1785,1950,165
6890.jpg,1785,1900,115
6895.jpg,1785,1950,165
6900.jpg,1785,1900,115
6905.jpg,1785,1950,165
6910.jpg,1785,1850,65
6915.jpg,1785,1800,15
6920.jpg,1785,1900,115
6925.jpg,1785,1900,115
6930.jpg,1785,1500,-285
6935.jpg,1785,1950,165
6940.jpg,1785,1900,115
6945.jpg,1785,1900,115
6950.jpg,1786,1900,114
6955.jpg,1786,1900,114
6960.jpg,1786,1900,114
6965.jpg,1786,1800,14
6970.jpg,1786,1850,64
6975.jpg,1786,1850,64
6980.jpg,1786,1800,14
6985.jpg,1786,1900,114
6990.jpg,1786,1900,114
6995.jpg,1786,1950,164
7000.jpg,1786,1900,114
7005.jpg,1787,1800,13
7010.jpg,1787,1800,13
7015.jpg,1787,1800,13
7020.jpg,1787,1950,163
7025.jpg,1787,1950,163
7030.jpg,1787,1850,63
7035.jpg,1787,1850,63
7040.jpg,1787,1900,113
7045.jpg,1787,1890,103
7050.jpg,1787,1950,163
7055.jpg,1787,1850,63
7060.jpg,1787,1950,163
7065.jpg,1787,1950,163
7070.jpg,1787,1850,63
7075.jpg,1787,1800,13
7080.jpg,1787,1900,113
7085.jpg,1787,1850,63
7090.jpg,1788,1900,112
7095.jpg,1788,1900,112
7100.jpg,1788,1900,112
7105.jpg,1788,1850,62
7110.jpg,1788,1950,162
7115.jpg,1788,1850,62
7120.jpg,1788,1900,112
7125.jpg,1788,1850,62
7130.jpg,1788,1900,112
7135.jpg,1788,1800,12
7140.jpg,1788,1900,112
7145.jpg,1789,1850,61
7150.jpg,1789,1800,11
7155.jpg,1789,1800,11
7160.jpg,1789,1850,61
7165.jpg,1789,1850,61
7170.jpg,1789,1900,111
7175.jpg,1789,1950,161
7180.jpg,1789,1950,161
7185.jpg,1789,1900,111
7190.jpg,1789,1800,11
7195.jpg,1789,1850,61
7200.jpg,1790,1850,60
7205.jpg,1790,1900,110
7210.jpg,1790,1900,110
7215.jpg,1790,1850,60
7220.jpg,1790,1850,60
7225.jpg,1790,1900,110
7230.jpg,1790,1900,110
7235.jpg,1790,1950,160
7240.jpg,1790,1950,160
7245.jpg,1790,1900,110
7250.jpg,1790,1900,110
7255.jpg,1790,1950,160
7260.jpg,1790,1900,110
7265.jpg,1790,1900,110
7270.jpg,1790,1950,160
7275.jpg,1790,1850,60
7280.jpg,1790,1850,60
7285.jpg,1790,1850,60
7290.jpg,1790,1950,160
7295.jpg,1790,1950,160
7300.jpg,1790,1900,110
7305.jpg,1790,1850,60
7310.jpg,1790,1850,60
7315.jpg,1790,1950,160
7320.jpg,1790,1950,160
7325.jpg,1790,1900,110
7330.jpg,1790,1800,10
7335.jpg,1790,1950,160
7340.jpg,1790,1850,60
7345.jpg,1790,1900,110
7350.jpg,1790,1950,160
7355.jpg,1790,1950,160
7360.jpg,1790,1950,160
7365.jpg,1790,1950,160
7370.jpg,1790,1800,10
7375.jpg,1790,1900,110
7380.jpg,1790,1900,110
7385.jpg,1791,1900,109
7390.jpg,1791,1900,109
7395.jpg,1791,1800,9
7400.jpg,1791,1900,109
7405.jpg,1791,1900,109
7410.jpg,1791,1900,109
7415.jpg,1791,1950,159
7420.jpg,1791,1850,59
7425.jpg,1791,1850,59
7430.jpg,1791,1900,109
7435.jpg,1791,1950,159
7440.jpg,1792,1900,108
7445.jpg,1792,1950,158
7450.jpg,1792,1850,58
7455.jpg,1792,1900,108
7460.jpg,1792,1850,58
7465.jpg,1792,1900,108
7470.jpg,1792,1900,108
7475.jpg,1792,1950,158
7480.jpg,1792,1900,108
7485.jpg,1792,1950,158
7490.jpg,1792,1900,108
7495.jpg,1792,1900,108
7500.jpg,1792,1950,158
7505.jpg,1792,1800,8
7510.jpg,1793,1900,107
7515.jpg,1793,1980,187
7520.jpg,1793,1950,157
7525.jpg,1793,1900,107
7530.jpg,1793,1800,7
7535.jpg,1793,1980,187
7540.jpg,1793,1900,107
7545.jpg,1793,1950,157
7550.jpg,1793,1850,57
7555.jpg,1793,1900,107
7560.jpg,1793,1850,57
7565.jpg,1793,1900,107
7570.jpg,1793,1900,107
7575.jpg,1793,1950,157
7580.jpg,1793,1850,57
7585.jpg,1793,1950,157
7590.jpg,1793,1950,157
7595.jpg,1794,1920,126
7600.jpg,1794,1900,106
7605.jpg,1794,1980,186
7610.jpg,1794,1850,56
7615.jpg,1794,1850,56
7620.jpg,1794,1900,106
7625.jpg,1794,1950,156
7630.jpg,1794,1850,56
7635.jpg,1794,1950,156
7640.jpg,1794,1850,56
7645.jpg,1794,1900,106
7650.jpg,1794,1900,106
7655.jpg,1795,1800,5
7660.jpg,1795,1900,105
7665.jpg,1795,1900,105
7670.jpg,1795,1900,105
7675.jpg,1795,1900,105
7680.jpg,1795,1950,155
7685.jpg,1795,1900,105
7690.jpg,1795,1850,55
7695.jpg,1795,1850,55
7700.jpg,1795,1950,155
7705.jpg,1795,1850,55
7710.jpg,1795,1950,155
7715.jpg,1795,1900,105
7720.jpg,1795,1900,105
7725.jpg,1795,1950,155
7730.jpg,1795,1950,155
7735.jpg,1795,1900,105
7740.jpg,1795,1850,55
7745.jpg,1795,1900,105
7750.jpg,1795,1900,105
7755.jpg,1795,1900,105
7760.jpg,1795,1850,55
7765.jpg,1795,1950,155
7775.jpg,1796,1900,104
7780.jpg,1796,1850,54
7785.jpg,1796,1900,104
7790.jpg,1796,1850,54
7795.jpg,1796,1900,104
7800.jpg,1796,1900,104
7805.jpg,1796,1950,154
7810.jpg,1796,1900,104
7815.jpg,1796,1950,154
7820.jpg,1796,1850,54
7825.jpg,1796,1900,104
7830.jpg,1796,1900,104
7840.jpg,1796,1950,154
7845.jpg,1796,1900,104
7850.jpg,1796,1850,54
7855.jpg,1796,1900,104
7860.jpg,1796,1900,104
7865.jpg,1796,1900,104
7870.jpg,1796,1900,104
7875.jpg,1796,1800,4
7880.jpg,1797,1800,3
7885.jpg,1797,1800,3
7890.jpg,1797,1850,53
7895.jpg,1797,1850,53
7900.jpg,1797,1900,103
7905.jpg,1797,1850,53
7915.jpg,1797,1950,153
7920.jpg,1797,1900,103
7925.jpg,1797,1850,53
7930.jpg,1797,1950,153
7935.jpg,1797,1950,153
7940.jpg,1797,1800,3
7945.jpg,1797,1900,103
7950.jpg,1797,1900,103
7955.jpg,1798,1800,2
7960.jpg,1798,1900,102
7965.jpg,1798,1000,-798
7970.jpg,1798,1800,2
7975.jpg,1798,1900,102
7980.jpg,1798,1850,52
7985.jpg,1798,1900,102
7990.jpg,1798,1900,102
7995.jpg,1798,1800,2
8000.jpg,1798,1880,82
8005.jpg,1798,1950,152
8010.jpg,1798,1950,152
8015.jpg,1798,1850,52
8020.jpg,1798,1900,102
8025.jpg,1798,1900,102
8030.jpg,1798,1950,152
8035.jpg,1798,1900,102
8040.jpg,1798,1950,152
8045.jpg,1798,1800,2
8055.jpg,1798,1900,102
8060.jpg,1799,1950,151
8065.jpg,1799,1950,151
8070.jpg,1799,1900,101
8075.jpg,1799,1950,151
8080.jpg,1799,1950,151
8085.jpg,1799,1900,101
8090.jpg,1799,1850,51
8095.jpg,1799,1900,101
8100.jpg,1799,1850,51
8105.jpg,1799,1850,51
8110.jpg,1799,1900,101
8115.jpg,1800,1800,0
8120.jpg,1800,1900,100
8125.jpg,1800,1800,0
8130.jpg,1800,1800,0
8135.jpg,1800,1950,150
8140.jpg,1800,1850,50
8145.jpg,1800,1850,50
8150.jpg,1800,1800,0
8155.jpg,1800,1950,150
8160.jpg,1800,1950,150
8165.jpg,1800,1850,50
8170.jpg,1800,1850,50
8175.jpg,1800,1800,0
8180.jpg,1800,1900,100
8185.jpg,1800,1950,150
8190.jpg,1800,1850,50
8195.jpg,1800,1950,150
8200.jpg,1800,1970,170
8205.jpg,1800,1850,50
8210.jpg,1800,1950,150
8215.jpg,1800,1900,100
8220.jpg,1800,1850,50
8225.jpg,1800,1850,50
8230.jpg,1800,1850,50
8235.jpg,1800,1900,100
8240.jpg,1800,1950,150
8245.jpg,1800,1900,100
8250.jpg,1800,1900,100
8255.jpg,1800,1950,150
8260.jpg,1800,1850,50
8265.jpg,1800,1850,50
8270.jpg,1800,1850,50
8275.jpg,1800,1850,50
8280.jpg,1800,1950,150
8285.jpg,1800,1950,150
8295.jpg,1800,1950,150
8300.jpg,1801,1800,-1
8305.jpg,1801,1940,139
8310.jpg,1801,1900,99
8315.jpg,1801,1900,99
8320.jpg,1801,1950,149
8325.jpg,1801,1850,49
8330.jpg,1801,1900,99
8335.jpg,1801,1900,99
8340.jpg,1801,1850,49
8345.jpg,1801,1850,49
8350.jpg,1801,1900,99
8355.jpg,1801,1850,49
8360.jpg,1801,1900,99
8365.jpg,1801,1900,99
8375.jpg,1802,1950,148
8380.jpg,1802,1900,98
8385.jpg,1802,1900,98
8390.jpg,1802,1950,148
8395.jpg,1802,1850,48
8400.jpg,1802,1900,98
8405.jpg,1802,1900,98
8410.jpg,1802,1800,-2
8415.jpg,1802,1880,78
8420.jpg,1802,1950,148
8425.jpg,1802,1900,98
8430.jpg,1802,1900,98
8435.jpg,1802,1800,-2
8440.jpg,1803,1900,97
8445.jpg,1803,1850,47
8450.jpg,1803,1850,47
8455.jpg,1803,1900,97
8460.jpg,1803,1900,97
8465.jpg,1803,1900,97
8470.jpg,1803,1950,147
8475.jpg,1803,1950,147
8480.jpg,1803,1850,47
8485.jpg,1803,1850,47
8490.jpg,1803,1850,47
8495.jpg,1803,1900,97
8500.jpg,1803,1900,97
8505.jpg,1803,1850,47
8515.jpg,1804,1900,96
8520.jpg,1804,1900,96
8525.jpg,1804,1900,96
8530.jpg,1804,1900,96
8535.jpg,1804,1950,146
8540.jpg,1804,1900,96
8545.jpg,1804,1900,96
8550.jpg,1804,1850,46
8555.jpg,1804,1950,146
8560.jpg,1804,1900,96
8565.jpg,1804,1800,-4
8570.jpg,1804,1900,96
8575.jpg,1804,1950,146
8580.jpg,1804,1850,46
8585.jpg,1805,1800,-5
8590.jpg,1805,1900,95
8595.jpg,1805,1800,-5
8600.jpg,1805,1950,145
8605.jpg,1805,1900,95
8610.jpg,1805,1900,95
8615.jpg,1805,1950,145
8620.jpg,1805,1850,45
8625.jpg,1805,1950,145
8630.jpg,1805,1800,-5
8635.jpg,1805,1900,95
8640.jpg,1805,1900,95
8645.jpg,1805,1850,45
8650.jpg,1805,1890,85
8655.jpg,1805,1900,95
8660.jpg,1805,1900,95
8665.jpg,1805,1850,45
8670.jpg,1805,1900,95
8675.jpg,1805,1900,95
8680.jpg,1805,1900,95
8685.jpg,1805,1950,145
8690.jpg,1805,1900,95
8695.jpg,1806,1850,44
8700.jpg,1806,1800,-6
8705.jpg,1806,1900,94
8710.jpg,1806,1900,94
8715.jpg,1806,1850,44
8720.jpg,1806,1950,144
8725.jpg,1806,1950,144
8730.jpg,1806,1850,44
8735.jpg,1806,1950,144
8740.jpg,1806,1950,144
8745.jpg,1806,1950,144
8750.jpg,1806,1950,144
8755.jpg,1806,1850,44
8765.jpg,1807,1800,-7
8770.jpg,1807,1850,43
8775.jpg,1807,1877,70
8780.jpg,1807,1950,143
8785.jpg,1807,1950,143
8790.jpg,1807,1850,43
8795.jpg,1807,1950,143
8800.jpg,1807,1900,93
8805.jpg,1807,1950,143
8810.jpg,1807,1950,143
8815.jpg,1807,1850,43
8820.jpg,1807,1900,93
8825.jpg,1807,1850,43
8830.jpg,1807,1900,93
8835.jpg,1807,1900,93
8840.jpg,1808,1920,112
8845.jpg,1808,1800,-8
8850.jpg,1808,1900,92
8855.jpg,1808,1850,42
8860.jpg,1808,1900,92
8865.jpg,1808,1950,142
8875.jpg,1808,1850,42
8880.jpg,1808,1850,42
8885.jpg,1808,1850,42
8890.jpg,1808,1900,92
8895.jpg,1808,1850,42
8900.jpg,1808,1900,92
8905.jpg,1808,1950,142
8910.jpg,1809,1800,-9
8915.jpg,1809,1900,91
8920.jpg,1809,1900,91
8925.jpg,1809,1900,91
8930.jpg,1809,1900,91
8935.jpg,1809,1950,141
8940.jpg,1809,1850,41
8945.jpg,1809,1950,141
8950.jpg,1809,1850,41
8955.jpg,1809,1900,91
8965.jpg,1809,1900,91
8970.jpg,1809,1900,91
8975.jpg,1810,1900,90
8980.jpg,1810,1950,140
8985.jpg,1810,1950,140
8995.jpg,1810,1850,40
9000.jpg,1810,1900,90
9005.jpg,1810,1850,40
9010.jpg,1810,1850,40
9015.jpg,1810,1900,90
9020.jpg,1810,1950,140
9025.jpg,1810,1950,140
9030.jpg,1810,1900,90
9035.jpg,1810,1950,140
9040.jpg,1810,1950,140
9045.jpg,1810,1950,140
9050.jpg,1810,1900,90
9055.jpg,1810,1900,90
9060.jpg,1810,1900,90
9065.jpg,1810,1900,90
9070.jpg,1810,1950,140
9075.jpg,1810,1900,90
9080.jpg,1810,1950,140
9085.jpg,1810,1900,90
9090.jpg,1810,1850,40
9095.jpg,1810,1850,40
9100.jpg,1810,1950,140
9105.jpg,1810,1950,140
9110.jpg,1810,1950,140
9115.jpg,1810,1850,40
9120.jpg,1810,1950,140
9125.jpg,1810,1900,90
9130.jpg,1810,1950,140
9135.jpg,1810,1950,140
9140.jpg,1810,1920,110
9145.jpg,1810,1950,140
9150.jpg,1811,1800,-11
9160.jpg,1811,1900,89
9165.jpg,1811,1850,39
9170.jpg,1811,1850,39
9175.jpg,1811,1950,139
9180.jpg,1811,1900,89
9185.jpg,1811,1850,39
9190.jpg,1811,1900,89
9195.jpg,1811,1850,39
9200.jpg,1811,1800,-11
9205.jpg,1811,1850,39
9210.jpg,1812,1890,78
9215.jpg,1812,1900,88
9220.jpg,1812,1900,88
9225.jpg,1812,1850,38
9230.jpg,1812,1900,88
9235.jpg,1812,1950,138
9240.jpg,1812,1850,38
9245.jpg,1812,1950,138
9250.jpg,1812,1950,138
9255.jpg,1812,1900,88
9260.jpg,1812,1950,138
9265.jpg,1812,1900,88
9270.jpg,1812,1950,138
9275.jpg,1812,1900,88
9280.jpg,1812,1900,88
9290.jpg,1812,1900,88
9295.jpg,1812,1900,88
9300.jpg,1812,1980,168
9305.jpg,1812,1900,88
9310.jpg,1813,1900,87
9315.jpg,1813,1900,87
9320.jpg,1813,1950,137
9325.jpg,1813,1850,37
9330.jpg,1813,1850,37
9335.jpg,1813,1900,87
9340.jpg,1813,1900,87
9345.jpg,1813,1850,37
9350.jpg,1813,1950,137
9355.jpg,1813,1800,-13
9360.jpg,1813,1950,137
9365.jpg,1813,1950,137
9370.jpg,1813,1950,137
9375.jpg,1814,1800,-14
9390.jpg,1814,1900,86
9395.jpg,1814,1900,86
9400.jpg,1814,1900,86
9405.jpg,1814,1850,36
9410.jpg,1814,1950,136
9415.jpg,1814,1950,136
9420.jpg,1814,1950,136
9425.jpg,1814,1900,86
9430.jpg,1814,1800,-14
9435.jpg,1814,1900,86
9440.jpg,1814,1900,86
9445.jpg,1814,1950,136
9450.jpg,1814,1900,86
9455.jpg,1814,1900,86
9460.jpg,1814,1900,86
9465.jpg,1815,1850,35
9470.jpg,1815,1900,85
9475.jpg,1815,1850,35
9480.jpg,1815,1950,135
9485.jpg,1815,1850,35
9490.jpg,1815,1900,85
9495.jpg,1815,1950,135
9500.jpg,1815,1850,35
9505.jpg,1815,1950,135
9510.jpg,1815,1950,135
9515.jpg,1815,1900,85
9520.jpg,1815,1900,85
9525.jpg,1815,1850,35
9530.jpg,1815,1950,135
9535.jpg,1815,1850,35
9540.jpg,1815,1950,135
9545.jpg,1815,1900,85
9550.jpg,1815,1800,-15
9555.jpg,1815,1850,35
9560.jpg,1815,1850,35
9565.jpg,1815,1900,85
9570.jpg,1815,1950,135
9575.jpg,1815,1850,35
9580.jpg,1815,1800,-15
9585.jpg,1815,1900,85
9590.jpg,1815,1900,85
9595.jpg,1816,1970,154
9600.jpg,1816,1800,-16
9605.jpg,1816,1900,84
9610.jpg,1816,1900,84
9615.jpg,1816,1850,34
9620.jpg,1816,1900,84
9625.jpg,1816,1900,84
9630.jpg,1816,1900,84
9635.jpg,1816,1900,84
9640.jpg,1816,1950,134
9645.jpg,1816,1800,-16
9650.jpg,1816,1950,134
9655.jpg,1816,1850,34
9660.jpg,1816,1900,84
9665.jpg,1816,1900,84
9670.jpg,1816,1900,84
9675.jpg,1816,1850,34
9680.jpg,1816,1900,84
9685.jpg,1816,1900,84
9690.jpg,1816,1900,84
9695.jpg,1816,1900,84
9700.jpg,1816,1900,84
9705.jpg,1816,1900,84
9710.jpg,1816,1800,-16
9715.jpg,1817,1800,-17
9720.jpg,1817,1800,-17
9725.jpg,1817,1900,83
9730.jpg,1817,1900,83
9735.jpg,1817,1900,83
9740.jpg,1817,1950,133
9745.jpg,1817,1900,83
9750.jpg,1817,1950,133
9755.jpg,1817,1900,83
9760.jpg,1817,1850,33
9765.jpg,1817,1900,83
9770.jpg,1817,1890,73
9775.jpg,1817,1950,133
9780.jpg,1817,1900,83
9785.jpg,1817,1900,83
9790.jpg,1818,1800,-18
9795.jpg,1818,1950,132
9800.jpg,1818,1900,82
9805.jpg,1818,1950,132
9810.jpg,1818,1900,82
9815.jpg,1818,1800,-18
9820.jpg,1818,1950,132
9825.jpg,1818,1950,132
9830.jpg,1818,1850,32
9835.jpg,1818,1850,32
9840.jpg,1818,1950,132
9845.jpg,1818,1900,82
9850.jpg,1818,1900,82
9855.jpg,1818,1850,32
9860.jpg,1818,1950,132
9865.jpg,1818,1900,82
9870.jpg,1818,1950,132
9875.jpg,1818,1850,32
9880.jpg,1818,1900,82
9885.jpg,1818,1960,142
9890.jpg,1818,1900,82
9895.jpg,1818,1900,82
9900.jpg,1818,1850,32
9905.jpg,1818,1900,82
9910.jpg,1819,1900,81
9915.jpg,1819,1950,131
9920.jpg,1819,1900,81
9925.jpg,1819,1900,81
9930.jpg,1819,1950,131
9935.jpg,1819,1950,131
9940.jpg,1819,1950,131
9945.jpg,1819,1890,71
9950.jpg,1819,1850,31
9955.jpg,1819,1900,81
9960.jpg,1819,1850,31
9965.jpg,1819,1850,31
9970.jpg,1819,1900,81
9975.jpg,1819,1900,81
9980.jpg,1819,1900,81
9985.jpg,1820,1900,80
9990.jpg,1820,1900,80
9995.jpg,1820,1900,80
10000.jpg,1820,1850,30
10005.jpg,1820,1800,-20
10010.jpg,1820,1900,80
10015.jpg,1820,1900,80
10020.jpg,1820,1800,-20
10025.jpg,1820,1800,-20
10030.jpg,1820,1950,130
10035.jpg,1820,1950,130
10040.jpg,1820,1950,130
10045.jpg,1820,1850,30
10050.jpg,1820,1900,80
10055.jpg,1820,1850,30
10060.jpg,1820,1900,80
10065.jpg,1820,1900,80
10070.jpg,1820,1850,30
10075.jpg,1820,1950,130
10080.jpg,1820,1900,80
10085.jpg,1820,1800,-20
10090.jpg,1820,1950,130
10095.jpg,1820,1850,30
10100.jpg,1820,1950,130
10105.jpg,1820,1850,30
10110.jpg,1820,1900,80
10115.jpg,1820,1950,130
10120.jpg,1820,1900,80
10125.jpg,1820,1900,80
10130.jpg,1820,1900,80
10135.jpg,1820,1850,30
10140.jpg,1820,1900,80
10145.jpg,1820,1950,130
10150.jpg,1820,1900,80
10155.jpg,1820,1950,130
10160.jpg,1820,1950,130
10165.jpg,1820,1950,130
10170.jpg,1820,1950,130
10175.jpg,1820,1900,80
10180.jpg,1820,1850,30
10185.jpg,1820,1900,80
10190.jpg,1820,1850,30
10195.jpg,1821,1900,79
10200.jpg,1821,1950,129
10205.jpg,1821,1900,79
10210.jpg,1821,1980,159
10215.jpg,1821,1900,79
10220.jpg,1821,1900,79
10225.jpg,1821,1900,79
10230.jpg,1821,1900,79
10235.jpg,1821,1950,129
10240.jpg,1821,1950,129
10245.jpg,1821,1950,129
10250.jpg,1821,1900,79
10255.jpg,1821,1900,79
10260.jpg,1821,1950,129
10265.jpg,1821,1950,129
10270.jpg,1821,1900,79
10275.jpg,1821,1900,79
10280.jpg,1822,1900,78
10285.jpg,1822,1900,78
10290.jpg,1822,1900,78
10295.jpg,1822,1850,28
10300.jpg,1822,1900,78
10305.jpg,1822,1900,78
10310.jpg,1822,1900,78
10315.jpg,1822,1900,78
10320.jpg,1822,1900,78
10325.jpg,1822,1950,128
10330.jpg,1822,1900,78
10335.jpg,1822,1950,128
10340.jpg,1822,1900,78
10345.jpg,1822,1950,128
10355.jpg,1822,1950,128
10360.jpg,1823,1900,77
10365.jpg,1823,1900,77
10370.jpg,1823,1900,77
10375.jpg,1823,1900,77
10385.jpg,1823,1850,27
10390.jpg,1823,1950,127
10395.jpg,1823,1850,27
10400.jpg,1823,1950,127
10405.jpg,1823,1900,77
10410.jpg,1823,1900,77
10415.jpg,1823,1900,77
10420.jpg,1823,1950,127
10425.jpg,1823,1900,77
10430.jpg,1823,1850,27
10435.jpg,1823,1950,127
10440.jpg,1823,1800,-23
10445.jpg,1823,1950,127
10450.jpg,1823,1800,-23
10455.jpg,1824,1900,76
10460.jpg,1824,1850,26
10465.jpg,1824,1900,76
10470.jpg,1824,1900,76
10475.jpg,1824,1900,76
10480.jpg,1824,1900,76
10485.jpg,1824,1850,26
10490.jpg,1824,1850,26
10495.jpg,1824,1850,26
10500.jpg,1824,1950,126
10505.jpg,1824,1980,156
10510.jpg,1824,1900,76
10515.jpg,1824,1950,126
10520.jpg,1824,1850,26
10525.jpg,1824,1950,126
10530.jpg,1824,1950,126
10535.jpg,1824,1900,76
10540.jpg,1824,1850,26
10545.jpg,1824,1900,76
10550.jpg,1825,1900,75
10555.jpg,1825,1900,75
10560.jpg,1825,1900,75
10565.jpg,1825,1900,75
10570.jpg,1825,1950,125
10575.jpg,1825,1900,75
10580.jpg,1825,1850,25
10585.jpg,1825,1900,75
10590.jpg,1825,1950,125
10595.jpg,1825,1950,125
10600.jpg,1825,1900,75
10605.jpg,1825,1900,75
10610.jpg,1825,1900,75
10615.jpg,1825,1900,75
10620.jpg,1825,1900,75
10625.jpg,1825,1950,125
10630.jpg,1825,1950,125
10635.jpg,1825,1950,125
10640.jpg,1825,1950,125
10645.jpg,1825,1900,75
10650.jpg,1825,1950,125
10655.jpg,1825,1900,75
10660.jpg,1825,1900,75
10665.jpg,1825,1850,25
10670.jpg,1825,1850,25
10675.jpg,1825,1900,75
10680.jpg,1825,1900,75
10685.jpg,1825,1950,125
10690.jpg,1825,1900,75
10695.jpg,1825,1950,125
10700.jpg,1825,1900,75
10705.jpg,1825,1900,75
10710.jpg,1825,1950,125
10715.jpg,1825,1900,75
10720.jpg,1825,1850,25
10725.jpg,1825,1900,75
10730.jpg,1826,1900,74
10735.jpg,1826,1850,24
10745.jpg,1826,1900,74
10750.jpg,1826,1900,74
10755.jpg,1826,1900,74
10760.jpg,1826,1850,24
10765.jpg,1826,1850,24
10770.jpg,1826,1900,74
10775.jpg,1826,1950,124
10780.jpg,1826,1900,74
10785.jpg,1826,1850,24
10790.jpg,1826,1950,124
10795.jpg,1826,1800,-26
10800.jpg,1826,1900,74
10805.jpg,1826,1850,24
10810.jpg,1826,1900,74
10815.jpg,1826,1900,74
10820.jpg,1826,1850,24
10825.jpg,1826,1900,74
10830.jpg,1826,1900,74
10835.jpg,1827,1950,123
10840.jpg,1827,1900,73
10845.jpg,1827,1800,-27
10850.jpg,1827,1950,123
10855.jpg,1827,1900,73
10860.jpg,1827,1900,73
10865.jpg,1827,1900,73
10870.jpg,1827,1850,23
10875.jpg,1827,1950,123
10880.jpg,1827,1950,123
10885.jpg,1827,1900,73
10890.jpg,1827,1950,123
10895.jpg,1827,1850,23
10900.jpg,1827,1850,23
10905.jpg,1827,1900,73
10910.jpg,1827,1850,23
10915.jpg,1827,1900,73
10920.jpg,1827,1900,73
10925.jpg,1827,1900,73
10930.jpg,1827,1900,73
10935.jpg,1827,1850,23
10940.jpg,1827,1950,123
10945.jpg,1828,1850,22
10950.jpg,1828,1800,-28
10955.jpg,1828,1850,22
10960.jpg,1828,1850,22
10965.jpg,1828,1900,72
10970.jpg,1828,1900,72
10975.jpg,1828,1900,72
10980.jpg,1828,1850,22
10985.jpg,1828,1900,72
10990.jpg,1828,1900,72
10995.jpg,1828,1900,72
11000.jpg,1828,1900,72
11005.jpg,1828,1950,122
11010.jpg,1828,1950,122
11015.jpg,1828,1800,-28
11020.jpg,1828,1900,72
11025.jpg,1828,1900,72
11030.jpg,1828,1900,72
11035.jpg,1828,1900,72
11040.jpg,1828,1850,22
11045.jpg,1828,1900,72
11050.jpg,1828,1900,72
11055.jpg,1828,1900,72
11060.jpg,1828,1900,72
11065.jpg,1829,1900,71
11070.jpg,1829,1800,-29
11075.jpg,1829,1950,121
11080.jpg,1829,1900,71
11085.jpg,1829,1900,71
11090.jpg,1829,1950,121
11095.jpg,1829,1900,71
11100.jpg,1829,1800,-29
11105.jpg,1829,1850,21
11110.jpg,1829,1900,71
11115.jpg,1829,1800,-29
11120.jpg,1829,1950,121
11125.jpg,1829,1850,21
11130.jpg,1829,1900,71
11135.jpg,1829,1890,61
11140.jpg,1829,1850,21
11145.jpg,1829,1900,71
11150.jpg,1829,1900,71
11155.jpg,1829,1950,121
11160.jpg,1829,1950,121
11165.jpg,1829,1950,121
11170.jpg,1830,1800,-30
11175.jpg,1830,1900,70
11180.jpg,1830,1850,20
11185.jpg,1830,1900,70
11190.jpg,1830,1900,70
11195.jpg,1830,1900,70
11200.jpg,1830,1950,120
11205.jpg,1830,1800,-30
11210.jpg,1830,1950,120
11215.jpg,1830,1900,70
11220.jpg,1830,1850,20
11225.jpg,1830,1900,70
11230.jpg,1830,1900,70
11235.jpg,1830,1900,70
11240.jpg,1830,1850,20
11245.jpg,1830,1950,120
11250.jpg,1830,1950,120
11255.jpg,1830,1950,120
11260.jpg,1830,1950,120
11265.jpg,1830,1950,120
11270.jpg,1830,1900,70
11275.jpg,1830,1890,60
11280.jpg,1830,1900,70
11285.jpg,1830,1900,70
11290.jpg,1830,1850,20
11295.jpg,1830,1950,120
11300.jpg,1830,1850,20
11305.jpg,1830,1950,120
11310.jpg,1830,1900,70
11315.jpg,1830,1950,120
11320.jpg,1830,1900,70
11325.jpg,1830,1900,70
11330.jpg,1830,1950,120
11335.jpg,1830,1850,20
11340.jpg,1830,1950,120
11345.jpg,1830,1950,120
11350.jpg,1830,1950,120
11355.jpg,1830,1950,120
11360.jpg,1830,1900,70
11365.jpg,1830,1900,70
11370.jpg,1830,1950,120
11375.jpg,1830,1900,70
11380.jpg,1830,1900,70
11385.jpg,1830,1900,70
11390.jpg,1830,1950,120
11395.jpg,1830,1900,70
11400.jpg,1831,1850,19
11405.jpg,1831,1900,69
11410.jpg,1831,1900,69
11415.jpg,1831,1900,69
11420.jpg,1831,1900,69
11425.jpg,1831,1850,19
11430.jpg,1831,1900,69
11435.jpg,1831,1900,69
11440.jpg,1831,1900,69
11445.jpg,1831,1900,69
11450.jpg,1831,1950,119
11455.jpg,1831,1900,69
11460.jpg,1831,1900,69
11465.jpg,1831,1950,119
11470.jpg,1831,1900,69
11475.jpg,1831,1950,119
11480.jpg,1831,1900,69
11485.jpg,1831,1950,119
11490.jpg,1832,1950,118
11495.jpg,1832,1950,118
11500.jpg,1832,1900,68
11505.jpg,1832,1850,18
11510.jpg,1832,1950,118
11515.jpg,1832,1900,68
11525.jpg,1832,1900,68
11530.jpg,1832,1950,118
11535.jpg,1832,1950,118
11540.jpg,1832,1850,18
11545.jpg,1832,1950,118
11550.jpg,1832,1850,18
11555.jpg,1832,1850,18
11560.jpg,1832,1920,88
11565.jpg,1832,1900,68
11570.jpg,1832,1900,68
11575.jpg,1832,1950,118
11580.jpg,1832,1900,68
11585.jpg,1832,1950,118
11590.jpg,1832,1900,68
11595.jpg,1832,1900,68
11600.jpg,1832,1900,68
11605.jpg,1832,1950,118
11610.jpg,1832,1950,118
11615.jpg,1832,1900,68
11620.jpg,1832,1900,68
11625.jpg,1832,1950,118
11630.jpg,1832,1900,68
11635.jpg,1832,1950,118
11640.jpg,1832,1900,68
11645.jpg,1833,1900,67
11650.jpg,1833,1900,67
11655.jpg,1833,1950,117
11660.jpg,1833,1900,67
11665.jpg,1833,1950,117
11670.jpg,1833,1900,67
11675.jpg,1833,1850,17
11680.jpg,1833,1900,67
11685.jpg,1833,1900,67
11690.jpg,1833,1900,67
11695.jpg,1833,1900,67
11700.jpg,1833,1950,117
11705.jpg,1833,1950,117
11710.jpg,1833,1950,117
11715.jpg,1833,1850,17
11720.jpg,1833,1950,117
11725.jpg,1833,1900,67
11730.jpg,1833,1900,67
11735.jpg,1833,1900,67
11740.jpg,1833,1850,17
11745.jpg,1833,1900,67
11750.jpg,1833,1900,67
11755.jpg,1833,1900,67
11760.jpg,1833,1950,117
11765.jpg,1833,1800,-33
11770.jpg,1834,1800,-34
11775.jpg,1834,1800,-34
11780.jpg,1834,1900,66
11785.jpg,1834,1900,66
11790.jpg,1834,1950,116
11795.jpg,1834,1900,66
11800.jpg,1834,1850,16
11805.jpg,1834,1900,66
11810.jpg,1834,1950,116
11815.jpg,1834,1950,116
11820.jpg,1834,1850,16
11825.jpg,1834,1850,16
11830.jpg,1834,1900,66
11835.jpg,1834,1900,66
11840.jpg,1834,1900,66
11845.jpg,1834,1950,116
11850.jpg,1834,1850,16
11855.jpg,1834,1950,116
11860.jpg,1834,1980,146
11865.jpg,1834,1850,16
11870.jpg,1834,1970,136
11875.jpg,1834,1900,66
11880.jpg,1834,1850,16
11885.jpg,1834,1950,116
11890.jpg,1834,1900,66
11895.jpg,1834,1900,66
11900.jpg,1835,1850,15
11905.jpg,1835,1950,115
11910.jpg,1835,1970,135
11915.jpg,1835,1850,15
11920.jpg,1835,1900,65
11925.jpg,1835,1900,65
11930.jpg,1835,1900,65
11935.jpg,1835,1900,65
11940.jpg,1835,1950,115
11945.jpg,1835,1900,65
11950.jpg,1835,1800,-35
11955.jpg,1835,1950,115
11960.jpg,1835,1950,115
11965.jpg,1835,1950,115
11970.jpg,1835,1850,15
11980.jpg,1835,1900,65
11985.jpg,1835,1950,115
11990.jpg,1835,1900,65
11995.jpg,1835,1950,115
12000.jpg,1835,1900,65
12005.jpg,1835,1950,115
12010.jpg,1835,1850,15
12015.jpg,1835,1950,115
12020.jpg,1835,1950,115
12025.jpg,1835,1950,115
12030.jpg,1835,1900,65
12035.jpg,1835,1900,65
12040.jpg,1835,1900,65
12045.jpg,1835,1950,115
12050.jpg,1835,1950,115
12055.jpg,1835,1900,65
12060.jpg,1835,1900,65
12065.jpg,1835,1950,115
12070.jpg,1835,1950,115
12075.jpg,1835,1950,115
12080.jpg,1835,1900,65
12085.jpg,1835,1950,115
12090.jpg,1835,1900,65
12095.jpg,1835,1900,65
12100.jpg,1835,1900,65
12105.jpg,1835,1850,15
12110.jpg,1835,1850,15
12115.jpg,1835,1900,65
12120.jpg,1835,1950,115
12125.jpg,1835,1950,115
12130.jpg,1836,1900,64
12135.jpg,1836,1950,114
12140.jpg,1836,1800,-36
12145.jpg,1836,1950,114
12150.jpg,1836,1950,114
12155.jpg,1836,1900,64
12160.jpg,1836,1900,64
12170.jpg,1836,1900,64
12175.jpg,1836,1850,14
12180.jpg,1836,1950,114
12185.jpg,1836,1850,14
12190.jpg,1836,1900,64
12195.jpg,1836,1950,114
12200.jpg,1836,1900,64
12205.jpg,1836,1900,64
12210.jpg,1836,1950,114
12215.jpg,1836,1900,64
12220.jpg,1836,1900,64
12225.jpg,1836,1900,64
12230.jpg,1836,1900,64
12235.jpg,1836,1900,64
12240.jpg,1836,1900,64
12245.jpg,1836,1850,14
12250.jpg,1836,1950,114
12255.jpg,1836,1900,64
12260.jpg,1836,1850,14
12265.jpg,1836,1950,114
12270.jpg,1836,1850,14
12275.jpg,1836,1900,64
12280.jpg,1837,1800,-37
12285.jpg,1837,1896,59
12290.jpg,1837,1900,63
12295.jpg,1837,1900,63
12300.jpg,1837,1900,63
12305.jpg,1837,1900,63
12310.jpg,1837,1900,63
12315.jpg,1837,1900,63
12320.jpg,1837,1980,143
12325.jpg,1837,1900,63
12330.jpg,1837,1950,113
12335.jpg,1837,1900,63
12340.jpg,1837,1850,13
12345.jpg,1837,1850,13
12350.jpg,1837,1950,113
12355.jpg,1837,1900,63
12360.jpg,1837,1950,113
12365.jpg,1837,1950,113
12370.jpg,1837,1900,63
12375.jpg,1837,1950,113
12380.jpg,1837,1900,63
12385.jpg,1837,1900,63
12390.jpg,1837,1900,63
12395.jpg,1837,1900,63
12400.jpg,1837,1920,83
12405.jpg,1837,1850,13
12410.jpg,1837,1950,113
12415.jpg,1837,1900,63
12420.jpg,1837,1850,13
12425.jpg,1837,1950,113
12430.jpg,1837,1900,63
12435.jpg,1837,1950,113
12440.jpg,1837,1900,63
12445.jpg,1837,1950,113
12450.jpg,1838,1900,62
12455.jpg,1838,1900,62
12460.jpg,1838,1800,-38
12465.jpg,1838,1900,62
12470.jpg,1838,1950,112
12475.jpg,1838,1900,62
12480.jpg,1838,1900,62
12485.jpg,1838,1900,62
12490.jpg,1838,1900,62
12495.jpg,1838,1900,62
12500.jpg,1838,1850,12
12505.jpg,1838,1900,62
12510.jpg,1838,1950,112
12515.jpg,1838,1950,112
12520.jpg,1838,1950,112
12525.jpg,1838,1900,62
12530.jpg,1838,1900,62
12535.jpg,1838,1900,62
12540.jpg,1838,1900,62
12545.jpg,1838,1900,62
12550.jpg,1838,1920,82
12555.jpg,1838,1950,112
12560.jpg,1838,1900,62
12565.jpg,1838,1950,112
12570.jpg,1838,1890,52
12575.jpg,1838,1850,12
12580.jpg,1838,1950,112
12585.jpg,1838,1950,112
12590.jpg,1838,1850,12
12600.jpg,1838,1970,132
12605.jpg,1838,1950,112
12610.jpg,1838,1900,62
12615.jpg,1838,1800,-38
12620.jpg,1838,1850,12
12625.jpg,1839,1950,111
12630.jpg,1839,1900,61
12635.jpg,1839,1900,61
12640.jpg,1839,1950,111
12645.jpg,1839,1900,61
12650.jpg,1839,1900,61
12655.jpg,1839,1850,11
12660.jpg,1839,1900,61
12665.jpg,1839,1900,61
12670.jpg,1839,1850,11
12675.jpg,1839,1900,61
12680.jpg,1839,1850,11
12685.jpg,1839,1900,61
12690.jpg,1839,1970,131
12695.jpg,1839,1900,61
12700.jpg,1839,1950,111
12705.jpg,1839,1950,111
12710.jpg,1839,1920,81
12715.jpg,1839,1850,11
12720.jpg,1839,1850,11
12725.jpg,1839,1950,111
12730.jpg,1839,1850,11
12735.jpg,1839,1900,61
12740.jpg,1839,1850,11
12745.jpg,1839,1900,61
12750.jpg,1839,1950,111
12755.jpg,1839,1950,111
12760.jpg,1839,1850,11
12765.jpg,1839,1800,-39
12770.jpg,1839,1900,61
12775.jpg,1839,1900,61
12780.jpg,1840,1900,60
12785.jpg,1840,1950,110
12790.jpg,1840,1900,60
12795.jpg,1840,1900,60
12800.jpg,1840,1850,10
12805.jpg,1840,1900,60
12810.jpg,1840,1950,110
12815.jpg,1840,1900,60
12820.jpg,1840,1850,10
12825.jpg,1840,1850,10
12830.jpg,1840,1900,60
12835.jpg,1840,1900,60
12840.jpg,1840,1900,60
12845.jpg,1840,1950,110
12850.jpg,1840,1950,110
12860.jpg,1840,1900,60
12865.jpg,1840,1950,110
12870.jpg,1840,1950,110
12875.jpg,1840,1850,10
12880.jpg,1840,1850,10
12885.jpg,1840,1850,10
12890.jpg,1840,1950,110
12895.jpg,1840,1950,110
12900.jpg,1840,1850,10
12905.jpg,1840,1950,110
12910.jpg,1840,1950,110
12915.jpg,1840,1850,10
12920.jpg,1840,1900,60
12925.jpg,1840,1950,110
12930.jpg,1840,1900,60
12935.jpg,1840,1900,60
12940.jpg,1840,1950,110
12945.jpg,1840,1950,110
12950.jpg,1840,1900,60
12955.jpg,1840,1900,60
12960.jpg,1840,1900,60
12965.jpg,1840,1950,110
12970.jpg,1840,1850,10
12975.jpg,1840,1900,60
12980.jpg,1840,1950,110
12985.jpg,1840,1900,60
12990.jpg,1840,1850,10
12995.jpg,1840,1900,60
13005.jpg,1840,1950,110
13010.jpg,1840,1950,110
13015.jpg,1840,1950,110
13020.jpg,1840,1950,110
13025.jpg,1840,1900,60
13030.jpg,1841,1900,59
13035.jpg,1841,1850,9
13040.jpg,1841,1950,109
13045.jpg,1841,1900,59
13050.jpg,1841,1950,109
13055.jpg,1841,1900,59
13060.jpg,1841,1900,59
13065.jpg,1841,1900,59
13070.jpg,1841,1900,59
13075.jpg,1841,1850,9
13080.jpg,1841,1950,109
13085.jpg,1841,1970,129
13090.jpg,1841,1920,79
13095.jpg,1841,1950,109
13100.jpg,1841,1850,9
13105.jpg,1841,1900,59
13110.jpg,1841,1850,9
13115.jpg,1841,1950,109
13120.jpg,1841,2010,169
13125.jpg,1841,1900,59
13130.jpg,1841,1900,59
13135.jpg,1841,1900,59
13140.jpg,1841,1900,59
13145.jpg,1842,1800,-42
13150.jpg,1842,1950,108
13155.jpg,1842,1900,58
13160.jpg,1842,1900,58
13165.jpg,1842,1800,-42
13170.jpg,1842,1950,108
13175.jpg,1842,1900,58
13180.jpg,1842,1950,108
13185.jpg,1842,1900,58
13190.jpg,1842,1850,8
13195.jpg,1842,1900,58
13200.jpg,1842,1900,58
13205.jpg,1842,1950,108
13210.jpg,1842,1950,108
13215.jpg,1842,1900,58
13220.jpg,1842,1900,58
13225.jpg,1842,1900,58
13230.jpg,1842,1950,108
13235.jpg,1842,1900,58
13240.jpg,1842,1950,108
13245.jpg,1842,1950,108
13250.jpg,1842,1900,58
13255.jpg,1842,1850,8
13260.jpg,1842,1850,8
13265.jpg,1842,1950,108
13270.jpg,1842,1900,58
13275.jpg,1842,1900,58
13280.jpg,1842,1500,-342
13285.jpg,1842,1900,58
13290.jpg,1842,1950,108
13295.jpg,1842,1950,108
13300.jpg,1843,1900,57
13305.jpg,1843,1900,57
13310.jpg,1843,1900,57
13315.jpg,1843,1900,57
13320.jpg,1843,1850,7
13325.jpg,1843,1900,57
13330.jpg,1843,1900,57
13335.jpg,1843,1950,107
13340.jpg,1843,1900,57
13345.jpg,1843,1950,107
13350.jpg,1843,1950,107
13355.jpg,1843,1900,57
13360.jpg,1843,1950,107
13365.jpg,1843,1950,107
13370.jpg,1843,1900,57
13380.jpg,1843,1850,7
13385.jpg,1843,1950,107
13390.jpg,1843,1950,107
13395.jpg,1843,1850,7
13400.jpg,1843,1920,77
13405.jpg,1843,1900,57
13410.jpg,1843,1750,-93
13415.jpg,1843,1900,57
13420.jpg,1843,1950,107
13425.jpg,1843,1950,107
13430.jpg,1844,1900,56
13435.jpg,1844,1950,106
13440.jpg,1844,1900,56
13445.jpg,1844,1970,126
13450.jpg,1844,1900,56
13455.jpg,1844,1900,56
13460.jpg,1844,1950,106
13465.jpg,1844,1850,6
13470.jpg,1844,1850,6
13475.jpg,1844,1900,56
13480.jpg,1844,1900,56
13485.jpg,1844,1900,56
13490.jpg,1844,1850,6
13495.jpg,1844,1950,106
13500.jpg,1844,1850,6
13505.jpg,1844,1900,56
13510.jpg,1844,1900,56
13515.jpg,1844,1900,56
13520.jpg,1844,1850,6
13525.jpg,1844,1900,56
13530.jpg,1844,1900,56
13535.jpg,1844,1950,106
13540.jpg,1844,1900,56
13545.jpg,1844,1950,106
13550.jpg,1844,1850,6
13555.jpg,1844,1900,56
13560.jpg,1844,1950,106
13565.jpg,1845,1800,-45
13570.jpg,1845,1900,55
13575.jpg,1845,1900,55
13580.jpg,1845,1900,55
13585.jpg,1845,1900,55
13590.jpg,1845,1900,55
13595.jpg,1845,1900,55
13600.jpg,1845,1900,55
13605.jpg,1845,1900,55
13610.jpg,1845,1850,5
13615.jpg,1845,1900,55
13620.jpg,1845,1900,55
13625.jpg,1845,1850,5
13630.jpg,1845,1850,5
13635.jpg,1845,1850,5
13640.jpg,1845,1950,105
13645.jpg,1845,1900,55
13650.jpg,1845,1900,55
13655.jpg,1845,1900,55
13660.jpg,1845,1950,105
13665.jpg,1845,1950,105
13670.jpg,1845,1980,135
13675.jpg,1845,1850,5
13680.jpg,1845,1950,105
13685.jpg,1845,1950,105
13690.jpg,1845,1850,5
13695.jpg,1845,1900,55
13700.jpg,1845,1900,55
13705.jpg,1845,1900,55
13710.jpg,1845,1900,55
13720.jpg,1845,1950,105
13725.jpg,1845,1950,105
13730.jpg,1845,1950,105
13735.jpg,1845,1900,55
13740.jpg,1845,1950,105
13745.jpg,1845,1950,105
13750.jpg,1845,1850,5
13755.jpg,1845,1850,5
13760.jpg,1845,1950,105
13765.jpg,1845,1900,55
13770.jpg,1845,1900,55
13775.jpg,1845,1900,55
13780.jpg,1845,1900,55
13785.jpg,1845,1970,125
13790.jpg,1845,1900,55
13795.jpg,1845,1970,125
13800.jpg,1845,1900,55
13805.jpg,1846,1850,4
13810.jpg,1846,1900,54
13815.jpg,1846,1900,54
13820.jpg,1846,1900,54
13825.jpg,1846,1900,54
13830.jpg,1846,1850,4
13835.jpg,1846,1900,54
13840.jpg,1846,1950,104
13845.jpg,1846,1900,54
13850.jpg,1846,1950,104
13855.jpg,1846,1950,104
13860.jpg,1846,1900,54
13865.jpg,1846,1900,54
13870.jpg,1846,1950,104
13875.jpg,1846,1900,54
13880.jpg,1846,1950,104
13885.jpg,1846,1950,104
13890.jpg,1846,1850,4
13895.jpg,1846,1950,104
13900.jpg,1846,1900,54
13905.jpg,1846,1800,-46
13910.jpg,1846,1850,4
13915.jpg,1846,1950,104
13920.jpg,1846,1950,104
13925.jpg,1846,1950,104
13930.jpg,1846,1950,104
13935.jpg,1846,1900,54
13940.jpg,1847,1900,53
13945.jpg,1847,1850,3
13950.jpg,1847,1950,103
13955.jpg,1847,1850,3
13960.jpg,1847,1900,53
13965.jpg,1847,1900,53
13970.jpg,1847,1950,103
13975.jpg,1847,1950,103
13980.jpg,1847,1900,53
13985.jpg,1847,1900,53
13990.jpg,1847,1950,103
13995.jpg,1847,1900,53
14000.jpg,1847,1900,53
14005.jpg,1847,1950,103
14010.jpg,1847,1850,3
14015.jpg,1847,1900,53
14020.jpg,1847,1900,53
14030.jpg,1847,1900,53
14035.jpg,1847,1950,103
14040.jpg,1847,1900,53
14045.jpg,1847,1950,103
14050.jpg,1847,1950,103
14055.jpg,1847,1900,53
14060.jpg,1847,1950,103
14065.jpg,1847,1900,53
14070.jpg,1847,1900,53
14075.jpg,1847,1900,53
14080.jpg,1847,1900,53
14085.jpg,1847,1950,103
14090.jpg,1847,1900,53
14095.jpg,1847,1900,53
14100.jpg,1847,1950,103
14105.jpg,1847,1970,123
14110.jpg,1848,1900,52
14115.jpg,1848,1950,102
14120.jpg,1848,1950,102
14125.jpg,1848,1980,132
14130.jpg,1848,1800,-48
14135.jpg,1848,1900,52
14140.jpg,1848,1900,52
14145.jpg,1848,1900,52
14150.jpg,1848,1850,2
14155.jpg,1848,1900,52
14160.jpg,1848,1900,52
14165.jpg,1848,1850,2
14170.jpg,1848,1950,102
14175.jpg,1848,1900,52
14180.jpg,1848,1900,52
14185.jpg,1848,1900,52
14190.jpg,1848,1950,102
14195.jpg,1848,1900,52
14200.jpg,1848,1900,52
14205.jpg,1848,1900,52
14210.jpg,1848,1900,52
14215.jpg,1848,1900,52
14220.jpg,1848,1900,52
14225.jpg,1848,1890,42
14230.jpg,1848,1900,52
14235.jpg,1848,1900,52
14240.jpg,1848,1900,52
14245.jpg,1848,1900,52
14250.jpg,1848,1900,52
14255.jpg,1848,1900,52
14260.jpg,1848,1950,102
14265.jpg,1848,1900,52
14270.jpg,1848,1950,102
14275.jpg,1848,1900,52
14280.jpg,1848,1850,2
14285.jpg,1848,1900,52
14290.jpg,1848,1850,2
14295.jpg,1848,1900,52
14300.jpg,1848,1950,102
14305.jpg,1848,1900,52
14310.jpg,1848,1950,102
14315.jpg,1848,1950,102
14320.jpg,1848,1900,52
14325.jpg,1848,1890,42
14330.jpg,1848,1950,102
14335.jpg,1848,1950,102
14340.jpg,1849,1800,-49
14345.jpg,1849,1900,51
14350.jpg,1849,1850,1
14355.jpg,1849,1900,51
14360.jpg,1849,2010,161
14365.jpg,1849,1950,101
14370.jpg,1849,1850,1
14375.jpg,1849,1900,51
14380.jpg,1849,1900,51
14385.jpg,1849,1900,51
14390.jpg,1849,1900,51
14395.jpg,1849,1950,101
14400.jpg,1849,1900,51
14405.jpg,1849,1970,121
14410.jpg,1849,1950,101
14415.jpg,1849,1900,51
14420.jpg,1849,1900,51
14425.jpg,1849,1950,101
14430.jpg,1849,1900,51
14435.jpg,1849,1900,51
14440.jpg,1849,1950,101
14445.jpg,1849,1950,101
14450.jpg,1849,1900,51
14455.jpg,1849,1950,101
14460.jpg,1849,1900,51
14465.jpg,1849,1850,1
14470.jpg,1849,1900,51
14475.jpg,1849,1850,1
14480.jpg,1849,1900,51
14485.jpg,1849,1950,101
14490.jpg,1849,1800,-49
14495.jpg,1849,1950,101
14500.jpg,1849,1909,60
14505.jpg,1850,1800,-50
14510.jpg,1850,1850,0
14515.jpg,1850,1950,100
14520.jpg,1850,1900,50
14525.jpg,1850,1850,0
14530.jpg,1850,1950,100
14535.jpg,1850,1900,50
14540.jpg,1850,1950,100
14545.jpg,1850,1900,50
14550.jpg,1850,1950,100
14555.jpg,1850,1900,50
14560.jpg,1850,1900,50
14565.jpg,1850,1900,50
14570.jpg,1850,1900,50
14575.jpg,1850,1850,0
14580.jpg,1850,1950,100
14585.jpg,1850,1850,0
14590.jpg,1850,1950,100
14600.jpg,1850,1850,0
14605.jpg,1850,1900,50
14610.jpg,1850,1850,0
14615.jpg,1850,1980,130
14620.jpg,1850,1850,0
14625.jpg,1850,1950,100
14630.jpg,1850,1900,50
14635.jpg,1850,1850,0
14640.jpg,1850,1900,50
14645.jpg,1850,1900,50
14650.jpg,1850,1950,100
14655.jpg,1850,1850,0
14660.jpg,1850,1900,50
14665.jpg,1850,1920,70
14670.jpg,1850,1950,100
14675.jpg,1850,1850,0
14680.jpg,1850,1950,100
14685.jpg,1850,1950,100
14690.jpg,1850,1900,50
14695.jpg,1850,1900,50
14700.jpg,1850,1950,100
14705.jpg,1850,1850,0
14710.jpg,1850,1950,100
14715.jpg,1850,1850,0
14720.jpg,1850,1900,50
14725.jpg,1850,1900,50
14730.jpg,1850,1950,100
14735.jpg,1850,1900,50
14740.jpg,1850,1900,50
14745.jpg,1850,1900,50
14750.jpg,1850,1900,50
14755.jpg,1850,1950,100
14760.jpg,1850,1950,100
14765.jpg,1850,1950,100
14770.jpg,1850,1900,50
14775.jpg,1850,1950,100
14780.jpg,1850,1850,0
14785.jpg,1851,1900,49
14790.jpg,1851,1900,49
14795.jpg,1851,1950,99
14800.jpg,1851,1900,49
14805.jpg,1851,1950,99
14810.jpg,1851,1900,49
14815.jpg,1851,1900,49
14820.jpg,1851,1900,49
14825.jpg,1851,1900,49
14830.jpg,1851,1900,49
14835.jpg,1851,1800,-51
14840.jpg,1851,1900,49
14845.jpg,1851,1900,49
14850.jpg,1851,1950,99
14855.jpg,1851,1950,99
14860.jpg,1851,1900,49
14865.jpg,1851,1950,99
14870.jpg,1851,1950,99
14880.jpg,1851,1800,-51
14885.jpg,1851,1900,49
14890.jpg,1851,1900,49
14895.jpg,1851,1850,-1
14900.jpg,1851,1850,-1
14905.jpg,1851,1900,49
14910.jpg,1851,1800,-51
14915.jpg,1851,1900,49
14920.jpg,1851,1850,-1
14925.jpg,1851,1900,49
14930.jpg,1851,1900,49
14935.jpg,1851,1950,99
14940.jpg,1851,1830,-21
14945.jpg,1852,1900,48
14950.jpg,1852,1900,48
14955.jpg,1852,1900,48
14960.jpg,1852,1920,68
14965.jpg,1852,1900,48
14970.jpg,1852,1900,48
14975.jpg,1852,1900,48
14980.jpg,1852,1900,48
14985.jpg,1852,1900,48
14990.jpg,1852,1950,98
14995.jpg,1852,1950,98
15000.jpg,1852,1950,98
15005.jpg,1852,1900,48
15010.jpg,1852,1950,98
15015.jpg,1852,1900,48
15020.jpg,1852,1900,48
15025.jpg,1852,1900,48
15030.jpg,1852,1890,38
15035.jpg,1852,1950,98
15040.jpg,1852,1900,48
15045.jpg,1852,1850,-2
15050.jpg,1852,1900,48
15055.jpg,1852,1900,48
15060.jpg,1852,1900,48
15065.jpg,1852,1950,98
15070.jpg,1852,1900,48
15075.jpg,1852,1800,-52
15080.jpg,1852,1900,48
15085.jpg,1852,1950,98
15090.jpg,1852,1950,98
15095.jpg,1852,1950,98
15100.jpg,1852,1900,48
15105.jpg,1852,1900,48
15110.jpg,1852,1900,48
15115.jpg,1852,1850,-2
15120.jpg,1852,1900,48
15125.jpg,1852,1900,48
15130.jpg,1852,1900,48
15135.jpg,1853,1800,-53
15140.jpg,1853,1900,47
15145.jpg,1853,1950,97
15150.jpg,1853,1900,47
15155.jpg,1853,1900,47
15160.jpg,1853,1850,-3
15165.jpg,1853,1970,117
15170.jpg,1853,1900,47
15175.jpg,1853,1900,47
15180.jpg,1853,1900,47
15185.jpg,1853,1900,47
15190.jpg,1853,1900,47
15195.jpg,1853,1900,47
15200.jpg,1853,1900,47
15205.jpg,1853,1900,47
15210.jpg,1853,1950,97
15215.jpg,1853,1950,97
15220.jpg,1853,1950,97
15225.jpg,1853,1850,-3
15230.jpg,1853,1950,97
15235.jpg,1853,1850,-3
15240.jpg,1853,1900,47
15245.jpg,1853,1950,97
15250.jpg,1853,1950,97
15255.jpg,1853,1900,47
15260.jpg,1853,1950,97
15265.jpg,1853,1850,-3
15270.jpg,1853,1900,47
15275.jpg,1853,1950,97
15280.jpg,1853,1950,97
15285.jpg,1853,1950,97
15290.jpg,1853,1900,47
15295.jpg,1853,1950,97
15300.jpg,1853,1900,47
15305.jpg,1853,1850,-3
15310.jpg,1853,1950,97
15315.jpg,1853,1950,97
15320.jpg,1853,1900,47
15325.jpg,1853,1900,47
15330.jpg,1853,1900,47
15335.jpg,1853,1900,47
15340.jpg,1853,1800,-53
15345.jpg,1853,1800,-53
15350.jpg,1853,1950,97
15355.jpg,1854,1900,46
15360.jpg,1854,1950,96
15365.jpg,1854,1850,-4
15370.jpg,1854,1900,46
15375.jpg,1854,1900,46
15380.jpg,1854,1900,46
15385.jpg,1854,1900,46
15390.jpg,1854,1900,46
15395.jpg,1854,1850,-4
15400.jpg,1854,1900,46
15405.jpg,1854,1850,-4
15410.jpg,1854,1900,46
15415.jpg,1854,1900,46
15420.jpg,1854,1950,96
15425.jpg,1854,1850,-4
15430.jpg,1854,1900,46
15435.jpg,1854,1980,126
15440.jpg,1854,1950,96
15445.jpg,1854,1900,46
15450.jpg,1855,1800,-55
15455.jpg,1855,1900,45
15460.jpg,1855,1950,95
15465.jpg,1855,1900,45
15470.jpg,1855,1900,45
15475.jpg,1855,1900,45
15480.jpg,1855,1900,45
15485.jpg,1855,1900,45
15490.jpg,1855,1850,-5
15495.jpg,1855,1950,95
15500.jpg,1855,1900,45
15505.jpg,1855,1850,-5
15510.jpg,1855,1900,45
15515.jpg,1855,1900,45
15520.jpg,1855,1900,45
15525.jpg,1855,1900,45
15530.jpg,1855,1950,95
15535.jpg,1855,1850,-5
15540.jpg,1855,1900,45
15545.jpg,1855,1900,45
15550.jpg,1855,1900,45
15555.jpg,1855,1900,45
15560.jpg,1855,1850,-5
15565.jpg,1855,1900,45
15570.jpg,1855,1950,95
15575.jpg,1855,1900,45
15580.jpg,1855,1950,95
15585.jpg,1855,1980,125
15590.jpg,1855,1950,95
15595.jpg,1855,1850,-5
15600.jpg,1855,1900,45
15605.jpg,1855,1950,95
15610.jpg,1855,1950,95
15615.jpg,1855,1900,45
15620.jpg,1855,1950,95
15625.jpg,1855,1900,45
15630.jpg,1855,1900,45
15635.jpg,1855,1850,-5
15640.jpg,1855,1900,45
15645.jpg,1855,1900,45
15650.jpg,1855,1950,95
15655.jpg,1855,1900,45
15660.jpg,1855,1900,45
15665.jpg,1855,1900,45
15670.jpg,1855,1900,45
15675.jpg,1855,1900,45
15680.jpg,1855,1980,125
15685.jpg,1855,1900,45
15690.jpg,1855,1900,45
15695.jpg,1855,1900,45
15705.jpg,1856,1800,-56
15710.jpg,1856,1950,94
15715.jpg,1856,1900,44
15720.jpg,1856,1900,44
15725.jpg,1856,1900,44
15730.jpg,1856,1900,44
15735.jpg,1856,1800,-56
15740.jpg,1856,1900,44
15745.jpg,1856,1900,44
15750.jpg,1856,1900,44
15755.jpg,1856,1800,-56
15760.jpg,1856,1850,-6
15765.jpg,1856,1800,-56
15770.jpg,1856,1900,44
15775.jpg,1856,1900,44
15780.jpg,1856,1950,94
15785.jpg,1856,1850,-6
15795.jpg,1856,1850,-6
15800.jpg,1856,1950,94
15805.jpg,1856,1950,94
15810.jpg,1856,1900,44
15815.jpg,1856,1900,44
15820.jpg,1856,1900,44
15825.jpg,1856,1950,94
15830.jpg,1856,1950,94
15835.jpg,1856,1900,44
15840.jpg,1856,1950,94
15845.jpg,1856,1950,94
15850.jpg,1856,1900,44
15855.jpg,1856,1850,-6
15860.jpg,1856,1950,94
15865.jpg,1856,1850,-6
15870.jpg,1856,1950,94
15875.jpg,1856,1950,94
15880.jpg,1856,1900,44
15885.jpg,1856,1890,34
15890.jpg,1856,1850,-6
15895.jpg,1856,1950,94
15900.jpg,1856,1950,94
15905.jpg,1856,1850,-6
15910.jpg,1856,1900,44
15915.jpg,1856,1900,44
15920.jpg,1856,1900,44
15930.jpg,1856,1950,94
15935.jpg,1856,1950,94
15940.jpg,1856,1900,44
15945.jpg,1856,1900,44
15950.jpg,1856,1900,44
15955.jpg,1856,1900,44
15960.jpg,1856,1850,-6
15965.jpg,1856,1850,-6
15970.jpg,1856,1950,94
15975.jpg,1856,1850,-6
15980.jpg,1857,1800,-57
15985.jpg,1857,1900,43
15990.jpg,1857,1980,123
15995.jpg,1857,1900,43
16000.jpg,1857,1900,43
16005.jpg,1857,1900,43
16010.jpg,1857,1900,43
16015.jpg,1857,1800,-57
16020.jpg,1857,1900,43
16025.jpg,1857,1950,93
16030.jpg,1857,1950,93
16035.jpg,1857,1900,43
16040.jpg,1857,1950,93
16045.jpg,1857,1900,43
16050.jpg,1857,1900,43
16055.jpg,1857,1850,-7
16060.jpg,1857,1900,43
16065.jpg,1857,1850,-7
16070.jpg,1857,1900,43
16075.jpg,1857,1950,93
16080.jpg,1857,1950,93
16085.jpg,1857,1900,43
16090.jpg,1857,1900,43
16095.jpg,1857,1950,93
16100.jpg,1857,1850,-7
16105.jpg,1857,1900,43
16110.jpg,1857,1950,93
16115.jpg,1857,1950,93
16120.jpg,1857,1850,-7
16125.jpg,1857,1950,93
16130.jpg,1857,1950,93
16135.jpg,1857,1900,43
16140.jpg,1857,1800,-57
16145.jpg,1857,1950,93
16150.jpg,1857,1900,43
16155.jpg,1857,1900,43
16160.jpg,1857,1900,43
16165.jpg,1857,1950,93
16170.jpg,1857,1900,43
16175.jpg,1857,1950,93
16180.jpg,1857,1950,93
16185.jpg,1857,1950,93
16190.jpg,1857,1900,43
16195.jpg,1857,1950,93
16200.jpg,1857,1900,43
16205.jpg,1857,1950,93
16210.jpg,1857,1900,43
16215.jpg,1857,1950,93
16220.jpg,1857,1900,43
16225.jpg,1857,1800,-57
16230.jpg,1857,1950,93
16235.jpg,1858,1900,42
16240.jpg,1858,1950,92
16245.jpg,1858,1900,42
16250.jpg,1858,1900,42
16255.jpg,1858,1900,42
16260.jpg,1858,1900,42
16265.jpg,1858,1900,42
16270.jpg,1858,1900,42
16275.jpg,1858,1900,42
16280.jpg,1858,1900,42
16285.jpg,1858,1900,42
16290.jpg,1858,1900,42
16295.jpg,1858,1950,92
16300.jpg,1858,1850,-8
16305.jpg,1858,1900,42
16310.jpg,1858,1850,-8
16315.jpg,1858,1900,42
16320.jpg,1858,1850,-8
16325.jpg,1858,1900,42
16330.jpg,1858,1950,92
16335.jpg,1858,1890,32
16340.jpg,1858,1850,-8
16345.jpg,1858,1920,62
16350.jpg,1858,1900,42
16355.jpg,1858,1890,32
16360.jpg,1858,1900,42
16365.jpg,1858,1950,92
16370.jpg,1858,1900,42
16375.jpg,1858,1900,42
16380.jpg,1858,1900,42
16385.jpg,1858,1950,92
16390.jpg,1858,1900,42
16395.jpg,1858,1900,42
16400.jpg,1858,1900,42
16405.jpg,1858,1950,92
16410.jpg,1858,1900,42
16415.jpg,1858,1900,42
16420.jpg,1858,1950,92
16425.jpg,1858,1900,42
16430.jpg,1858,1950,92
16435.jpg,1858,1950,92
16440.jpg,1858,1850,-8
16445.jpg,1858,1950,92
16450.jpg,1858,1850,-8
16455.jpg,1858,1900,42
16460.jpg,1858,1900,42
16465.jpg,1858,1800,-58
16470.jpg,1858,1900,42
16475.jpg,1858,1800,-58
16480.jpg,1858,1950,92
16485.jpg,1858,1950,92
16490.jpg,1859,1800,-59
16495.jpg,1859,1900,41
16505.jpg,1859,1900,41
16510.jpg,1859,1900,41
16515.jpg,1859,1900,41
16520.jpg,1859,1800,-59
16525.jpg,1859,1950,91
16530.jpg,1859,1950,91
16535.jpg,1859,1900,41
16540.jpg,1859,1950,91
16545.jpg,1859,1900,41
16550.jpg,1859,1850,-9
16555.jpg,1859,1900,41
16560.jpg,1859,1900,41
16565.jpg,1859,1900,41
16570.jpg,1859,1850,-9
16575.jpg,1859,1890,31
16580.jpg,1859,1900,41
16585.jpg,1859,1850,-9
16590.jpg,1859,1900,41
16595.jpg,1859,1900,41
16600.jpg,1859,1900,41
16605.jpg,1859,1900,41
16610.jpg,1859,1950,91
16615.jpg,1859,1900,41
16620.jpg,1859,1900,41
16625.jpg,1859,1950,91
16630.jpg,1859,1950,91
16635.jpg,1859,1900,41
16640.jpg,1859,1850,-9
16645.jpg,1859,1890,31
16650.jpg,1859,1900,41
16655.jpg,1859,1900,41
16660.jpg,1859,1900,41
16665.jpg,1859,1950,91
16670.jpg,1859,1900,41
16675.jpg,1859,1900,41
16680.jpg,1859,1850,-9
16685.jpg,1859,1900,41
16690.jpg,1859,1850,-9
16695.jpg,1859,1850,-9
16700.jpg,1859,1950,91
16705.jpg,1859,1950,91
16710.jpg,1859,1900,41
16715.jpg,1859,1800,-59
16720.jpg,1859,1900,41
16725.jpg,1859,1900,41
16730.jpg,1859,1900,41
16735.jpg,1860,1900,40
16740.jpg,1860,1900,40
16745.jpg,1860,1850,-10
16750.jpg,1860,1900,40
16755.jpg,1860,1950,90
16760.jpg,1860,1950,90
16765.jpg,1860,1900,40
16770.jpg,1860,1900,40
16775.jpg,1860,1950,90
16785.jpg,1860,1800,-60
16790.jpg,1860,1900,40
16795.jpg,1860,1850,-10
16800.jpg,1860,1900,40
16805.jpg,1860,1950,90
16810.jpg,1860,1900,40
16815.jpg,1860,1950,90
16820.jpg,1860,1950,90
16825.jpg,1860,1950,90
16830.jpg,1860,1900,40
16835.jpg,1860,1950,90
16840.jpg,1860,1850,-10
16845.jpg,1860,1950,90
16850.jpg,1860,1950,90
16855.jpg,1860,1950,90
16860.jpg,1860,1900,40
16865.jpg,1860,1950,90
16870.jpg,1860,1900,40
16875.jpg,1860,1900,40
16880.jpg,1860,1900,40
16885.jpg,1860,1900,40
16890.jpg,1860,1850,-10
16895.jpg,1860,1950,90
16900.jpg,1860,1950,90
16905.jpg,1860,1950,90
16910.jpg,1860,1950,90
16915.jpg,1860,1900,40
16920.jpg,1860,1850,-10
16925.jpg,1860,1900,40
16930.jpg,1860,1890,30
16935.jpg,1860,1900,40
16940.jpg,1860,1900,40
16945.jpg,1860,1950,90
16950.jpg,1860,1900,40
16955.jpg,1860,1900,40
16960.jpg,1860,1850,-10
16965.jpg,1860,1900,40
16970.jpg,1860,1950,90
16975.jpg,1860,1800,-60
16980.jpg,1860,1900,40
16985.jpg,1860,1900,40
16990.jpg,1860,1900,40
16995.jpg,1860,1900,40
17000.jpg,1860,1900,40
17005.jpg,1861,1900,39
17010.jpg,1861,1950,89
17015.jpg,1861,1900,39
17025.jpg,1861,1900,39
17030.jpg,1861,1900,39
17035.jpg,1861,1900,39
17040.jpg,1861,1900,39
17045.jpg,1861,1900,39
17050.jpg,1861,1950,89
17055.jpg,1861,1850,-11
17060.jpg,1861,1950,89
17065.jpg,1861,1900,39
17070.jpg,1861,1850,-11
17075.jpg,1861,1900,39
17080.jpg,1861,1900,39
17085.jpg,1861,1900,39
17090.jpg,1861,1900,39
17095.jpg,1861,1900,39
17100.jpg,1861,1900,39
17105.jpg,1861,1950,89
17110.jpg,1861,1900,39
17115.jpg,1861,1900,39
17120.jpg,1861,1900,39
17125.jpg,1861,1850,-11
17130.jpg,1861,1900,39
17135.jpg,1861,1800,-61
17140.jpg,1861,1900,39
17145.jpg,1861,1900,39
17150.jpg,1861,1900,39
17155.jpg,1861,1900,39
17160.jpg,1861,1950,89
17165.jpg,1861,1900,39
17170.jpg,1861,1950,89
17175.jpg,1862,1890,28
17180.jpg,1862,1900,38
17185.jpg,1862,1850,-12
17190.jpg,1862,1900,38
17195.jpg,1862,2010,148
17200.jpg,1862,1900,38
17205.jpg,1862,1950,88
17210.jpg,1862,1900,38
17215.jpg,1862,1900,38
17220.jpg,1862,1900,38
17225.jpg,1862,1850,-12
17230.jpg,1862,1900,38
17235.jpg,1862,1900,38
17240.jpg,1862,1900,38
17245.jpg,1862,1950,88
17250.jpg,1862,1950,88
17255.jpg,1862,1900,38
17260.jpg,1862,1900,38
17265.jpg,1862,1850,-12
17270.jpg,1862,1950,88
17275.jpg,1862,1950,88
17280.jpg,1862,1890,28
17285.jpg,1862,1950,88
17290.jpg,1862,1900,38
17295.jpg,1862,1950,88
17300.jpg,1862,1900,38
17305.jpg,1862,1950,88
17310.jpg,1862,1950,88
17315.jpg,1862,1950,88
17320.jpg,1862,1900,38
17325.jpg,1863,1900,37
17330.jpg,1863,1900,37
17340.jpg,1863,1950,87
17345.jpg,1863,1950,87
17350.jpg,1863,1900,37
17355.jpg,1863,1900,37
17365.jpg,1863,1950,87
17370.jpg,1863,1950,87
17375.jpg,1863,1850,-13
17380.jpg,1863,1900,37
17385.jpg,1863,1950,87
17390.jpg,1863,1900,37
17395.jpg,1863,1900,37
17400.jpg,1863,1950,87
17405.jpg,1863,1900,37
17410.jpg,1863,1900,37
17415.jpg,1863,1950,87
17420.jpg,1863,1900,37
17425.jpg,1863,1900,37
17430.jpg,1863,1900,37
17435.jpg,1863,1970,107
17440.jpg,1863,1950,87
17445.jpg,1863,1900,37
17450.jpg,1863,1900,37
17455.jpg,1863,1900,37
17460.jpg,1863,1900,37
17465.jpg,1863,1900,37
17470.jpg,1863,1900,37
17475.jpg,1863,1850,-13
17480.jpg,1863,1950,87
17485.jpg,1864,1900,36
17490.jpg,1864,1900,36
17495.jpg,1864,1950,86
17500.jpg,1864,1950,86
17505.jpg,1864,1900,36
17510.jpg,1864,1900,36
17515.jpg,1864,1900,36
17520.jpg,1864,1900,36
17525.jpg,1864,1850,-14
17530.jpg,1864,1950,86
17535.jpg,1864,1950,86
17540.jpg,1864,1900,36
17545.jpg,1864,1850,-14
17550.jpg,1864,1900,36
17555.jpg,1864,1900,36
17560.jpg,1864,1950,86
17565.jpg,1864,1900,36
17575.jpg,1864,1900,36
17580.jpg,1864,1950,86
17585.jpg,1864,1900,36
17590.jpg,1864,1980,116
17595.jpg,1864,1850,-14
17600.jpg,1864,1900,36
17605.jpg,1864,1950,86
17610.jpg,1864,1950,86
17615.jpg,1864,1900,36
17620.jpg,1864,1950,86
17625.jpg,1864,1900,36
17630.jpg,1864,1900,36
17635.jpg,1864,1900,36
17640.jpg,1864,1950,86
17645.jpg,1864,1900,36
17650.jpg,1864,1900,36
17655.jpg,1864,1950,86
17660.jpg,1865,1879,14
17665.jpg,1865,1900,35
17670.jpg,1865,1900,35
17675.jpg,1865,1900,35
17680.jpg,1865,1900,35
17690.jpg,1865,1900,35
17695.jpg,1865,1900,35
17700.jpg,1865,1900,35
17705.jpg,1865,1900,35
17710.jpg,1865,1900,35
17715.jpg,1865,1900,35
17720.jpg,1865,1990,125
17725.jpg,1865,1900,35
17730.jpg,1865,1900,35
17735.jpg,1865,1900,35
17745.jpg,1865,1900,35
17750.jpg,1865,1900,35
17755.jpg,1865,1900,35
17760.jpg,1865,1950,85
17765.jpg,1865,1900,35
17770.jpg,1865,1950,85
17775.jpg,1865,1900,35
17780.jpg,1865,1900,35
17785.jpg,1865,1900,35
17790.jpg,1865,1950,85
17795.jpg,1865,1900,35
17800.jpg,1865,1950,85
17805.jpg,1865,1900,35
17810.jpg,1865,1900,35
17815.jpg,1865,1900,35
17820.jpg,1865,1950,85
17825.jpg,1865,1900,35
17830.jpg,1865,1900,35
17835.jpg,1865,1850,-15
17840.jpg,1865,1950,85
17845.jpg,1865,1900,35
17850.jpg,1865,1900,35
17855.jpg,1865,1900,35
17860.jpg,1865,1900,35
17865.jpg,1865,1850,-15
17870.jpg,1865,1900,35
17875.jpg,1865,1900,35
17880.jpg,1865,1850,-15
17885.jpg,1865,1950,85
17890.jpg,1865,1900,35
17895.jpg,1865,1950,85
17900.jpg,1865,1900,35
17905.jpg,1865,1900,35
17910.jpg,1865,1980,115
17915.jpg,1865,1900,35
17920.jpg,1865,1900,35
17930.jpg,1865,1900,35
17935.jpg,1866,1900,34
17940.jpg,1866,1900,34
17945.jpg,1866,1950,84
17950.jpg,1866,1900,34
17955.jpg,1866,1970,104
17960.jpg,1866,1900,34
17965.jpg,1866,1950,84
17970.jpg,1866,1900,34
17975.jpg,1866,1900,34
17980.jpg,1866,1900,34
17985.jpg,1866,1900,34
17990.jpg,1866,1900,34
17995.jpg,1866,1900,34
18000.jpg,1866,1900,34
18005.jpg,1866,1850,-16
18010.jpg,1866,1900,34
18015.jpg,1866,1950,84
18020.jpg,1866,1950,84
18025.jpg,1866,1900,34
18030.jpg,1866,1900,34
18035.jpg,1866,1950,84
18040.jpg,1866,1950,84
18045.jpg,1866,1900,34
18050.jpg,1866,1850,-16
18055.jpg,1866,1950,84
18060.jpg,1866,1900,34
18065.jpg,1866,1850,-16
18070.jpg,1866,1900,34
18075.jpg,1866,1900,34
18080.jpg,1866,1850,-16
18085.jpg,1866,1850,-16
18090.jpg,1866,1950,84
18095.jpg,1866,1900,34
18100.jpg,1866,1920,54
18105.jpg,1866,1950,84
18110.jpg,1866,1900,34
18115.jpg,1866,1950,84
18120.jpg,1866,1950,84
18125.jpg,1866,1900,34
18130.jpg,1866,1920,54
18135.jpg,1867,1900,33
18140.jpg,1867,1900,33
18145.jpg,1867,1950,83
18160.jpg,1867,1900,33
18165.jpg,1867,1900,33
18170.jpg,1867,1850,-17
18175.jpg,1867,1950,83
18180.jpg,1867,1950,83
18185.jpg,1867,1900,33
18190.jpg,1867,1950,83
18195.jpg,1867,1950,83
18200.jpg,1867,1900,33
18205.jpg,1867,1900,33
18210.jpg,1867,1900,33
18215.jpg,1867,1900,33
18220.jpg,1867,1950,83
18225.jpg,1867,1950,83
18230.jpg,1867,1950,83
18235.jpg,1867,1950,83
18240.jpg,1867,1900,33
18245.jpg,1867,1900,33
18250.jpg,1867,1900,33
18255.jpg,1867,1950,83
18260.jpg,1867,1900,33
18265.jpg,1867,1900,33
18270.jpg,1867,1850,-17
18275.jpg,1867,1900,33
18280.jpg,1867,1900,33
18285.jpg,1867,1900,33
18290.jpg,1867,1900,33
18295.jpg,1867,1950,83
18300.jpg,1867,1900,33
18305.jpg,1867,1900,33
18310.jpg,1867,1900,33
18315.jpg,1867,1900,33
18320.jpg,1867,1900,33
18325.jpg,1867,1900,33
18330.jpg,1867,1890,23
18335.jpg,1867,1950,83
18340.jpg,1867,1900,33
18345.jpg,1867,1950,83
18350.jpg,1867,1200,-667
18355.jpg,1867,1900,33
18360.jpg,1867,1950,83
18365.jpg,1868,1900,32
18370.jpg,1868,1850,-18
18380.jpg,1868,1900,32
18385.jpg,1868,1900,32
18390.jpg,1868,1850,-18
18395.jpg,1868,1950,82
18400.jpg,1868,1900,32
18405.jpg,1868,1950,82
18410.jpg,1868,1900,32
18415.jpg,1868,1900,32
18420.jpg,1868,1900,32
18425.jpg,1868,1850,-18
18430.jpg,1868,1980,112
18450.jpg,1868,1850,-18
18455.jpg,1868,1850,-18
18460.jpg,1868,1900,32
18465.jpg,1868,1900,32
18470.jpg,1868,1900,32
18475.jpg,1868,1920,52
18480.jpg,1868,1890,22
18485.jpg,1868,1900,32
18490.jpg,1868,1950,82
18495.jpg,1868,1950,82
18500.jpg,1868,1900,32
18505.jpg,1868,1900,32
18510.jpg,1868,1900,32
18515.jpg,1868,1850,-18
18520.jpg,1868,1950,82
18525.jpg,1868,1890,22
18530.jpg,1868,1900,32
18535.jpg,1868,1900,32
18540.jpg,1868,1900,32
18545.jpg,1868,1900,32
18550.jpg,1868,1900,32
18555.jpg,1868,1850,-18
18560.jpg,1868,1950,82
18565.jpg,1868,1900,32
18570.jpg,1868,1900,32
18575.jpg,1868,1900,32
18580.jpg,1868,1960,92
18585.jpg,1868,1970,102
18590.jpg,1868,1920,52
18595.jpg,1868,1900,32
18600.jpg,1868,1850,-18
18605.jpg,1868,1900,32
18610.jpg,1868,1950,82
18615.jpg,1868,1900,32
18620.jpg,1869,1800,-69
18625.jpg,1869,1868,-1
18630.jpg,1869,1900,31
18635.jpg,1869,1900,31
18640.jpg,1869,1900,31
18645.jpg,1869,1950,81
18650.jpg,1869,1850,-19
18655.jpg,1869,1850,-19
18660.jpg,1869,1850,-19
18665.jpg,1869,1900,31
18670.jpg,1869,1900,31
18675.jpg,1869,1900,31
18680.jpg,1869,1850,-19
18685.jpg,1869,1950,81
18690.jpg,1869,1850,-19
18695.jpg,1869,1900,31
18700.jpg,1869,1900,31
18710.jpg,1869,1900,31
18715.jpg,1869,1900,31
18720.jpg,1869,1900,31
18725.jpg,1869,1920,51
18730.jpg,1869,1900,31
18735.jpg,1869,1900,31
18740.jpg,1869,1950,81
18745.jpg,1869,1900,31
18750.jpg,1869,1900,31
18755.jpg,1869,1900,31
18760.jpg,1869,1890,21
18765.jpg,1869,1900,31
18770.jpg,1869,1900,31
18775.jpg,1869,1900,31
18780.jpg,1869,1950,81
18785.jpg,1869,1900,31
18790.jpg,1869,1900,31
18795.jpg,1869,1850,-19
18800.jpg,1869,1900,31
18805.jpg,1869,1900,31
18810.jpg,1869,1900,31
18815.jpg,1869,1900,31
18820.jpg,1869,1950,81
18825.jpg,1869,1900,31
18830.jpg,1869,1950,81
18835.jpg,1869,1950,81
18840.jpg,1870,1800,-70
18845.jpg,1870,1900,30
18850.jpg,1870,1900,30
18855.jpg,1870,1900,30
18860.jpg,1870,1900,30
18865.jpg,1870,1950,80
18870.jpg,1870,1950,80
18875.jpg,1870,1900,30
18880.jpg,1870,1950,80
18885.jpg,1870,1850,-20
18895.jpg,1870,1900,30
18900.jpg,1870,1900,30
18905.jpg,1870,1950,80
18910.jpg,1870,1950,80
18915.jpg,1870,1900,30
18920.jpg,1870,1900,30
18925.jpg,1870,1850,-20
18930.jpg,1870,1900,30
18935.jpg,1870,1900,30
18940.jpg,1870,1900,30
18945.jpg,1870,1970,100
18950.jpg,1870,1950,80
18955.jpg,1870,1900,30
18960.jpg,1870,1950,80
18965.jpg,1870,1950,80
18970.jpg,1870,1880,10
18980.jpg,1870,1900,30
18985.jpg,1870,1900,30
18990.jpg,1870,1900,30
18995.jpg,1870,1900,30
19000.jpg,1870,1950,80
19005.jpg,1870,1880,10
19010.jpg,1870,1850,-20
19015.jpg,1870,1900,30
19020.jpg,1870,1900,30
19025.jpg,1870,1900,30
19030.jpg,1870,1950,80
19035.jpg,1870,1900,30
19040.jpg,1870,1950,80
19045.jpg,1870,1900,30
19050.jpg,1870,1950,80
19055.jpg,1870,1900,30
19060.jpg,1870,1900,30
19065.jpg,1870,1950,80
19070.jpg,1870,1900,30
19075.jpg,1870,1900,30
19080.jpg,1870,1950,80
19085.jpg,1870,1880,10
19090.jpg,1870,1950,80
19100.jpg,1870,1950,80
19105.jpg,1870,1900,30
19110.jpg,1870,1950,80
19115.jpg,1870,1950,80
19120.jpg,1870,1950,80
19125.jpg,1870,1950,80
19130.jpg,1870,1950,80
19135.jpg,1870,1900,30
19140.jpg,1870,1900,30
19145.jpg,1871,1700,-171
19150.jpg,1871,1900,29
19155.jpg,1871,1950,79
19160.jpg,1871,1850,-21
19165.jpg,1871,1950,79
19170.jpg,1871,1900,29
19175.jpg,1871,1950,79
19180.jpg,1871,1900,29
19185.jpg,1871,1890,19
19190.jpg,1871,1900,29
19195.jpg,1871,1900,29
19200.jpg,1871,1900,29
19205.jpg,1871,1980,109
19210.jpg,1871,1950,79
19215.jpg,1871,1950,79
19220.jpg,1871,1900,29
19225.jpg,1871,1900,29
19230.jpg,1871,1900,29
19235.jpg,1871,1850,-21
19240.jpg,1871,1900,29
19245.jpg,1871,1890,19
19250.jpg,1871,1900,29
19255.jpg,1871,1900,29
19260.jpg,1871,1900,29
19265.jpg,1871,1850,-21
19270.jpg,1871,1950,79
19275.jpg,1871,1900,29
19280.jpg,1871,1900,29
19285.jpg,1871,1950,79
19290.jpg,1871,1950,79
19295.jpg,1871,1900,29
19300.jpg,1871,1950,79
19305.jpg,1871,1950,79
19310.jpg,1871,1950,79
19315.jpg,1871,1900,29
19320.jpg,1871,1900,29
19325.jpg,1871,1900,29
19330.jpg,1871,1900,29
19335.jpg,1871,1900,29
19340.jpg,1871,1900,29
19345.jpg,1871,1890,19
19350.jpg,1871,1900,29
19355.jpg,1871,1900,29
19360.jpg,1871,1950,79
19365.jpg,1871,1900,29
19370.jpg,1871,1900,29
19375.jpg,1871,1900,29
19380.jpg,1871,1900,29
19385.jpg,1871,1900,29
19390.jpg,1871,1890,19
19395.jpg,1872,1800,-72
19400.jpg,1872,1950,78
19405.jpg,1872,1900,28
19410.jpg,1872,1900,28
19415.jpg,1872,1900,28
19420.jpg,1872,1850,-22
19425.jpg,1872,1950,78
19430.jpg,1872,1950,78
19435.jpg,1872,1900,28
19440.jpg,1872,1900,28
19445.jpg,1872,1950,78
19450.jpg,1872,1900,28
19455.jpg,1872,1900,28
19460.jpg,1872,1900,28
19465.jpg,1872,1900,28
19470.jpg,1872,1900,28
19475.jpg,1872,1900,28
19480.jpg,1872,1900,28
19485.jpg,1872,1950,78
19490.jpg,1872,1900,28
19495.jpg,1872,1900,28
19500.jpg,1872,1900,28
19505.jpg,1872,1900,28
19510.jpg,1872,1900,28
19515.jpg,1872,1850,-22
19520.jpg,1872,1950,78
19525.jpg,1872,1950,78
19530.jpg,1872,1900,28
19535.jpg,1872,1900,28
19540.jpg,1872,1950,78
19545.jpg,1872,1900,28
19550.jpg,1872,1890,18
19555.jpg,1872,1850,-22
19560.jpg,1872,1900,28
19565.jpg,1872,1850,-22
19570.jpg,1872,1900,28
19575.jpg,1872,1900,28
19580.jpg,1872,1900,28
19585.jpg,1872,1800,-72
19590.jpg,1872,1900,28
19595.jpg,1872,1950,78
19600.jpg,1872,1850,-22
19605.jpg,1872,1900,28
19610.jpg,1872,1900,28
19615.jpg,1872,1900,28
19620.jpg,1872,1900,28
19625.jpg,1872,1950,78
19630.jpg,1872,1950,78
19635.jpg,1872,1900,28
19640.jpg,1872,1800,-72
19645.jpg,1872,1900,28
19655.jpg,1873,1800,-73
19660.jpg,1873,1900,27
19665.jpg,1873,1950,77
19670.jpg,1873,1900,27
19675.jpg,1873,1850,-23
19680.jpg,1873,1900,27
19685.jpg,1873,1900,27
19690.jpg,1873,1990,117
19695.jpg,1873,1900,27
19700.jpg,1873,1850,-23
19705.jpg,1873,1920,47
19710.jpg,1873,1900,27
19715.jpg,1873,1900,27
19720.jpg,1873,1950,77
19725.jpg,1873,1900,27
19730.jpg,1873,1950,77
19735.jpg,1873,1900,27
19740.jpg,1873,1970,97
19745.jpg,1873,1950,77
19750.jpg,1873,1850,-23
19755.jpg,1873,1900,27
19760.jpg,1873,1900,27
19765.jpg,1873,1950,77
19775.jpg,1873,1900,27
19780.jpg,1873,1850,-23
19785.jpg,1873,1900,27
19790.jpg,1873,1950,77
19795.jpg,1873,1900,27
19800.jpg,1873,1900,27
19805.jpg,1873,1850,-23
19810.jpg,1873,1900,27
19815.jpg,1873,1900,27
19820.jpg,1873,1900,27
19825.jpg,1873,1900,27
19830.jpg,1873,1900,27
19835.jpg,1873,1950,77
19840.jpg,1873,1900,27
19845.jpg,1873,1950,77
19850.jpg,1873,1900,27
19855.jpg,1873,1900,27
19860.jpg,1873,1900,27
19865.jpg,1873,1900,27
19870.jpg,1873,1900,27
19875.jpg,1873,1900,27
19880.jpg,1873,1900,27
19885.jpg,1873,1900,27
19890.jpg,1873,1900,27
19895.jpg,1873,1950,77
19900.jpg,1873,1900,27
19905.jpg,1873,1900,27
19910.jpg,1873,1990,117
19915.jpg,1874,1900,26
19920.jpg,1874,1900,26
19925.jpg,1874,1900,26
19930.jpg,1874,1900,26
19935.jpg,1874,1900,26
19945.jpg,1874,1900,26
19950.jpg,1874,1900,26
19955.jpg,1874,1900,26
19965.jpg,1874,1900,26
19970.jpg,1874,1900,26
19975.jpg,1874,1850,-24
19980.jpg,1874,1900,26
19985.jpg,1874,1900,26
19990.jpg,1874,1960,86
19995.jpg,1874,1950,76
20000.jpg,1874,1950,76
20005.jpg,1874,1950,76
20010.jpg,1874,1950,76
20015.jpg,1874,1850,-24
20020.jpg,1874,1850,-24
20025.jpg,1874,1900,26
20030.jpg,1874,1900,26
20035.jpg,1874,1950,76
20040.jpg,1874,1850,-24
20045.jpg,1874,1900,26
20050.jpg,1874,1900,26
20055.jpg,1874,1900,26
20060.jpg,1874,1900,26
20065.jpg,1874,1900,26
20070.jpg,1874,1900,26
20075.jpg,1874,1900,26
20080.jpg,1874,1900,26
20085.jpg,1874,1900,26
20090.jpg,1874,1850,-24
20095.jpg,1874,1950,76
20100.jpg,1874,1900,26
20110.jpg,1874,1900,26
20115.jpg,1874,1890,16
20120.jpg,1874,1900,26
20125.jpg,1874,1900,26
20130.jpg,1874,1800,-74
20135.jpg,1874,1900,26
20145.jpg,1874,1850,-24
20150.jpg,1874,1900,26
20155.jpg,1874,1900,26
20160.jpg,1874,1920,46
20165.jpg,1874,1900,26
20170.jpg,1874,1900,26
20175.jpg,1874,1900,26
20180.jpg,1874,1900,26
20185.jpg,1874,1900,26
20190.jpg,1874,1900,26
20195.jpg,1874,1900,26
20205.jpg,1874,1800,-74
20210.jpg,1875,1900,25
20215.jpg,1875,1900,25
20220.jpg,1875,1900,25
20230.jpg,1875,1900,25
20235.jpg,1875,1900,25
20240.jpg,1875,1950,75
20245.jpg,1875,1900,25
20250.jpg,1875,1950,75
20255.jpg,1875,1900,25
20260.jpg,1875,1900,25
20265.jpg,1875,1800,-75
20270.jpg,1875,1900,25
20275.jpg,1875,1900,25
20280.jpg,1875,1920,45
20285.jpg,1875,1850,-25
20295.jpg,1875,1850,-25
20300.jpg,1875,1900,25
20305.jpg,1875,1800,-75
20310.jpg,1875,1850,-25
20315.jpg,1875,1900,25
20320.jpg,1875,1900,25
20325.jpg,1875,1950,75
20330.jpg,1875,1900,25
20335.jpg,1875,1900,25
20340.jpg,1875,1950,75
20345.jpg,1875,1950,75
20350.jpg,1875,1900,25
20355.jpg,1875,1950,75
20360.jpg,1875,1890,15
20365.jpg,1875,1900,25
20370.jpg,1875,1900,25
20375.jpg,1875,1850,-25
20380.jpg,1875,1900,25
20385.jpg,1875,1950,75
20390.jpg,1875,1900,25
20395.jpg,1875,1900,25
20400.jpg,1875,1900,25
20405.jpg,1875,1950,75
20410.jpg,1875,1950,75
20415.jpg,1875,1900,25
20420.jpg,1875,1900,25
20425.jpg,1875,1850,-25
20430.jpg,1875,1950,75
20435.jpg,1875,1900,25
20440.jpg,1875,1900,25
20445.jpg,1875,1890,15
20450.jpg,1875,1900,25
20455.jpg,1875,1850,-25
20460.jpg,1875,1950,75
20465.jpg,1875,1900,25
20470.jpg,1875,1850,-25
20480.jpg,1875,1900,25
20485.jpg,1875,1900,25
20490.jpg,1875,1900,25
20495.jpg,1875,1900,25
20500.jpg,1876,1800,-76
20505.jpg,1876,1950,74
20510.jpg,1876,1950,74
20515.jpg,1876,1900,24
20520.jpg,1876,1950,74
20525.jpg,1876,1950,74
20530.jpg,1876,1900,24
20540.jpg,1876,1980,104
20545.jpg,1876,1900,24
20550.jpg,1876,1850,-26
20555.jpg,1876,1900,24
20560.jpg,1876,1900,24
20565.jpg,1876,1900,24
20570.jpg,1876,1850,-26
20575.jpg,1876,1900,24
20580.jpg,1876,1800,-76
20585.jpg,1876,1900,24
20590.jpg,1876,1900,24
20595.jpg,1876,1900,24
20600.jpg,1876,1900,24
20605.jpg,1876,1900,24
20610.jpg,1876,1950,74
20615.jpg,1876,1900,24
20620.jpg,1876,1950,74
20625.jpg,1876,1950,74
20630.jpg,1876,1950,74
20635.jpg,1876,1900,24
20640.jpg,1876,1970,94
20645.jpg,1876,1900,24
20650.jpg,1876,1900,24
20655.jpg,1876,1900,24
20660.jpg,1876,1900,24
20665.jpg,1876,1900,24
20670.jpg,1876,1900,24
20675.jpg,1876,1900,24
20680.jpg,1876,1850,-26
20685.jpg,1876,1900,24
20690.jpg,1876,1900,24
20695.jpg,1876,1900,24
20700.jpg,1876,1900,24
20705.jpg,1876,1900,24
20715.jpg,1876,1950,74
20720.jpg,1876,1850,-26
20725.jpg,1876,1900,24
20730.jpg,1877,1900,23
20735.jpg,1877,1890,13
20740.jpg,1877,1900,23
20745.jpg,1877,1900,23
20750.jpg,1877,1900,23
20755.jpg,1877,1900,23
20760.jpg,1877,1950,73
20765.jpg,1877,1900,23
20770.jpg,1877,1950,73
20775.jpg,1877,1900,23
20780.jpg,1877,1900,23
20785.jpg,1877,1900,23
20790.jpg,1877,1900,23
20795.jpg,1877,1850,-27
20800.jpg,1877,1900,23
20805.jpg,1877,1950,73
20810.jpg,1877,1950,73
20815.jpg,1877,1950,73
20820.jpg,1877,1900,23
20830.jpg,1877,1900,23
20835.jpg,1877,1900,23
20840.jpg,1877,1900,23
20845.jpg,1877,1950,73
20850.jpg,1877,1900,23
20855.jpg,1877,1950,73
20860.jpg,1877,1950,73
20865.jpg,1877,1900,23
20870.jpg,1877,1900,23
20875.jpg,1877,1890,13
20880.jpg,1877,1950,73
20885.jpg,1877,1900,23
20890.jpg,1877,1850,-27
20895.jpg,1877,1900,23
20900.jpg,1877,1900,23
20905.jpg,1877,1900,23
20910.jpg,1877,1900,23
20915.jpg,1877,1900,23
20925.jpg,1878,1900,22
20930.jpg,1878,1950,72
20935.jpg,1878,1900,22
20940.jpg,1878,1950,72
20945.jpg,1878,1960,82
20950.jpg,1878,1900,22
20955.jpg,1878,1900,22
20960.jpg,1878,1950,72
20965.jpg,1878,1970,92
20970.jpg,1878,1950,72
20975.jpg,1878,1900,22
20980.jpg,1878,1850,-28
20985.jpg,1878,1900,22
20990.jpg,1878,1900,22
20995.jpg,1878,1800,-78
21000.jpg,1878,1900,22
21005.jpg,1878,1900,22
21010.jpg,1878,1900,22
21015.jpg,1878,1950,72
21020.jpg,1878,1900,22
21025.jpg,1878,1900,22
21030.jpg,1878,1900,22
21035.jpg,1878,1900,22
21040.jpg,1878,1900,22
21045.jpg,1878,1900,22
21050.jpg,1878,1950,72
21055.jpg,1878,1900,22
21060.jpg,1878,1950,72
21065.jpg,1878,1950,72
21070.jpg,1878,1950,72
21075.jpg,1878,1900,22
21080.jpg,1878,1900,22
21085.jpg,1878,1900,22
21090.jpg,1878,1950,72
21095.jpg,1878,1900,22
21100.jpg,1878,1900,22
21105.jpg,1878,1900,22
21110.jpg,1878,1900,22
21115.jpg,1878,1900,22
21120.jpg,1878,1950,72
21125.jpg,1878,2010,132
21130.jpg,1878,1920,42
21135.jpg,1878,1900,22
21140.jpg,1878,1900,22
21145.jpg,1878,1900,22
21150.jpg,1878,1900,22
21155.jpg,1878,1950,72
21160.jpg,1879,1970,91
21165.jpg,1879,1900,21
21170.jpg,1879,1900,21
21175.jpg,1879,1950,71
21180.jpg,1879,1900,21
21185.jpg,1879,1950,71
21190.jpg,1879,1900,21
21195.jpg,1879,1900,21
21200.jpg,1879,1900,21
21205.jpg,1879,1950,71
21210.jpg,1879,1900,21
21215.jpg,1879,1900,21
21220.jpg,1879,1800,-79
21225.jpg,1879,1950,71
21230.jpg,1879,1850,-29
21235.jpg,1879,1900,21
21240.jpg,1879,1900,21
21245.jpg,1879,1900,21
21250.jpg,1879,1900,21
21255.jpg,1879,1900,21
21260.jpg,1879,1900,21
21265.jpg,1879,1900,21
21270.jpg,1879,1900,21
21275.jpg,1879,1950,71
21280.jpg,1879,1900,21
21285.jpg,1879,1900,21
21290.jpg,1879,1900,21
21295.jpg,1879,1900,21
21300.jpg,1879,1900,21
21305.jpg,1879,1900,21
21310.jpg,1879,1900,21
21315.jpg,1879,1900,21
21320.jpg,1879,1900,21
21325.jpg,1879,1900,21
21330.jpg,1879,1950,71
21335.jpg,1879,1900,21
21340.jpg,1879,1900,21
21350.jpg,1879,1900,21
21355.jpg,1879,1950,71
21360.jpg,1879,1950,71
21365.jpg,1879,1950,71
21370.jpg,1879,1900,21
21375.jpg,1880,1850,-30
21380.jpg,1880,1900,20
21385.jpg,1880,1950,70
21390.jpg,1880,1900,20
21395.jpg,1880,1900,20
21400.jpg,1880,1900,20
21405.jpg,1880,1900,20
21410.jpg,1880,1950,70
21415.jpg,1880,1900,20
21420.jpg,1880,1900,20
21425.jpg,1880,1900,20
21430.jpg,1880,1900,20
21435.jpg,1880,1900,20
21440.jpg,1880,1900,20
21445.jpg,1880,1900,20
21450.jpg,1880,1900,20
21455.jpg,1880,1900,20
21460.jpg,1880,1900,20
21465.jpg,1880,1950,70
21470.jpg,1880,1850,-30
21475.jpg,1880,1900,20
21480.jpg,1880,1900,20
21485.jpg,1880,1950,70
21490.jpg,1880,1900,20
21495.jpg,1880,1850,-30
21500.jpg,1880,1900,20
21505.jpg,1880,1950,70
21510.jpg,1880,1900,20
21515.jpg,1880,1890,10
21520.jpg,1880,1950,70
21530.jpg,1880,1950,70
21535.jpg,1880,1900,20
21540.jpg,1880,1900,20
21545.jpg,1880,1900,20
21550.jpg,1880,1950,70
21555.jpg,1880,1850,-30
21560.jpg,1880,1950,70
21565.jpg,1880,1950,70
21570.jpg,1880,1850,-30
21575.jpg,1880,1950,70
21580.jpg,1880,1850,-30
21585.jpg,1880,1950,70
21590.jpg,1880,1950,70
21595.jpg,1880,1900,20
21600.jpg,1880,1900,20
21605.jpg,1880,1950,70
21610.jpg,1880,1900,20
21615.jpg,1880,1900,20
21620.jpg,1880,1900,20
21625.jpg,1880,1900,20
21630.jpg,1880,1900,20
21635.jpg,1880,1950,70
21640.jpg,1880,1890,10
21645.jpg,1880,1950,70
21650.jpg,1880,1950,70
21655.jpg,1880,1900,20
21660.jpg,1880,1900,20
21665.jpg,1880,1900,20
21670.jpg,1880,1900,20
21675.jpg,1880,1900,20
21680.jpg,1880,1900,20
21685.jpg,1880,1900,20
21690.jpg,1880,1900,20
21695.jpg,1880,1900,20
21700.jpg,1880,1900,20
21705.jpg,1880,1850,-30
21710.jpg,1881,1900,19
21715.jpg,1881,1900,19
21720.jpg,1881,1950,69
21725.jpg,1881,1900,19
21730.jpg,1881,1900,19
21735.jpg,1881,1950,69
21740.jpg,1881,1900,19
21745.jpg,1881,1950,69
21750.jpg,1881,1900,19
21755.jpg,1881,1950,69
21760.jpg,1881,1900,19
21770.jpg,1881,1900,19
21775.jpg,1881,1900,19
21780.jpg,1881,1900,19
21785.jpg,1881,1950,69
21790.jpg,1881,1900,19
21795.jpg,1881,1890,9
21800.jpg,1881,1900,19
21805.jpg,1881,1850,-31
21810.jpg,1881,1950,69
21815.jpg,1881,1900,19
21820.jpg,1881,1900,19
21825.jpg,1881,1900,19
21830.jpg,1881,1900,19
21835.jpg,1881,1900,19
21840.jpg,1881,1900,19
21845.jpg,1881,1950,69
21850.jpg,1881,1900,19
21855.jpg,1881,1900,19
21860.jpg,1881,1850,-31
21865.jpg,1881,1900,19
21870.jpg,1881,1950,69
21875.jpg,1881,1900,19
21880.jpg,1881,1900,19
21885.jpg,1881,1850,-31
21890.jpg,1881,1950,69
21895.jpg,1881,1900,19
21900.jpg,1881,1900,19
21905.jpg,1881,1950,69
21910.jpg,1881,1900,19
21915.jpg,1881,1850,-31
21920.jpg,1881,1900,19
21925.jpg,1881,1950,69
21930.jpg,1881,1900,19
21940.jpg,1881,1950,69
21945.jpg,1882,1800,-82
21950.jpg,1882,1950,68
21955.jpg,1882,1900,18
21960.jpg,1882,1900,18
21965.jpg,1882,1950,68
21970.jpg,1882,1950,68
21975.jpg,1882,1900,18
21980.jpg,1882,1950,68
21985.jpg,1882,1950,68
21990.jpg,1882,1900,18
21995.jpg,1882,1900,18
22000.jpg,1882,1900,18
22005.jpg,1882,1950,68
22010.jpg,1882,1950,68
22015.jpg,1882,1950,68
22020.jpg,1882,1900,18
22025.jpg,1882,1900,18
22030.jpg,1882,1900,18
22035.jpg,1882,1950,68
22040.jpg,1882,1900,18
22045.jpg,1882,1900,18
22050.jpg,1882,1950,68
22055.jpg,1882,1900,18
22060.jpg,1882,1900,18
22065.jpg,1882,1950,68
22070.jpg,1882,1950,68
22075.jpg,1882,1900,18
22080.jpg,1882,1890,8
22085.jpg,1882,1900,18
22090.jpg,1882,1900,18
22095.jpg,1882,1900,18
22100.jpg,1882,1900,18
22105.jpg,1882,1900,18
22110.jpg,1882,1900,18
22115.jpg,1882,1900,18
22120.jpg,1882,1900,18
22125.jpg,1882,1900,18
22130.jpg,1882,1900,18
22135.jpg,1882,1890,8
22140.jpg,1882,1900,18
22145.jpg,1882,1950,68
22150.jpg,1882,1900,18
22155.jpg,1882,2010,128
22160.jpg,1882,1900,18
22165.jpg,1882,1900,18
22170.jpg,1882,1900,18
22175.jpg,1882,1900,18
22180.jpg,1882,1900,18
22185.jpg,1882,1900,18
22190.jpg,1882,1950,68
22195.jpg,1882,1900,18
22200.jpg,1882,1900,18
22205.jpg,1882,1900,18
22210.jpg,1882,1890,8
22215.jpg,1883,1800,-83
22220.jpg,1883,1900,17
22225.jpg,1883,1900,17
22230.jpg,1883,1900,17
22235.jpg,1883,1900,17
22240.jpg,1883,1900,17
22245.jpg,1883,1900,17
22250.jpg,1883,1900,17
22255.jpg,1883,1900,17
22260.jpg,1883,1900,17
22265.jpg,1883,1900,17
22270.jpg,1883,1950,67
22275.jpg,1883,1900,17
22280.jpg,1883,1900,17
22285.jpg,1883,1900,17
22290.jpg,1883,1800,-83
22295.jpg,1883,1900,17
22300.jpg,1883,1900,17
22305.jpg,1883,1900,17
22310.jpg,1883,1900,17
22315.jpg,1883,1900,17
22320.jpg,1883,1950,67
22325.jpg,1883,1900,17
22330.jpg,1883,1900,17
22335.jpg,1883,1900,17
22340.jpg,1883,1950,67
22345.jpg,1883,1900,17
22350.jpg,1883,1890,7
22355.jpg,1883,1900,17
22360.jpg,1883,1900,17
22365.jpg,1883,1900,17
22370.jpg,1883,1900,17
22375.jpg,1883,1900,17
22380.jpg,1883,1900,17
22385.jpg,1883,1950,67
22390.jpg,1883,1920,37
22395.jpg,1883,1950,67
22400.jpg,1883,1900,17
22405.jpg,1883,1900,17
22410.jpg,1883,1900,17
22415.jpg,1883,1900,17
22420.jpg,1883,1900,17
22425.jpg,1883,1900,17
22430.jpg,1883,1900,17
22435.jpg,1883,1900,17
22440.jpg,1883,1900,17
22445.jpg,1883,1900,17
22450.jpg,1883,1900,17
22455.jpg,1883,1900,17
22460.jpg,1883,1900,17
22465.jpg,1883,1900,17
22470.jpg,1883,1900,17
22475.jpg,1883,1900,17
22485.jpg,1883,1900,17
22490.jpg,1883,1950,67
22495.jpg,1883,1900,17
22500.jpg,1883,1990,107
22505.jpg,1883,1900,17
22510.jpg,1884,1900,16
22515.jpg,1884,1900,16
22520.jpg,1884,1950,66
22525.jpg,1884,1900,16
22530.jpg,1884,1900,16
22535.jpg,1884,1950,66
22540.jpg,1884,1890,6
22545.jpg,1884,1890,6
22550.jpg,1884,1900,16
22555.jpg,1884,1950,66
22560.jpg,1884,1950,66
22565.jpg,1884,1850,-34
22570.jpg,1884,1900,16
22575.jpg,1884,1900,16
22580.jpg,1884,1950,66
22585.jpg,1884,1900,16
22590.jpg,1884,1900,16
22595.jpg,1884,1850,-34
22600.jpg,1884,1900,16
22605.jpg,1884,1900,16
22610.jpg,1884,1900,16
22615.jpg,1884,1900,16
22620.jpg,1884,1900,16
22625.jpg,1884,1900,16
22630.jpg,1884,1900,16
22635.jpg,1884,1900,16
22640.jpg,1884,1900,16
22645.jpg,1884,1950,66
22650.jpg,1884,1900,16
22655.jpg,1884,1950,66
22665.jpg,1884,1970,86
22670.jpg,1884,1900,16
22675.jpg,1884,1900,16
22680.jpg,1884,1980,96
22685.jpg,1884,1900,16
22690.jpg,1884,1900,16
22695.jpg,1884,1900,16
22700.jpg,1884,1950,66
22705.jpg,1884,1900,16
22710.jpg,1884,1950,66
22715.jpg,1884,1900,16
22720.jpg,1884,1900,16
22730.jpg,1884,1900,16
22735.jpg,1884,1850,-34
22740.jpg,1884,1970,86
22745.jpg,1884,1900,16
22750.jpg,1884,1900,16
22755.jpg,1884,1900,16
22760.jpg,1884,1900,16
22765.jpg,1884,1900,16
22770.jpg,1884,1900,16
22775.jpg,1884,1900,16
22780.jpg,1885,1900,15
22785.jpg,1885,1920,35
22790.jpg,1885,1900,15
22795.jpg,1885,1850,-35
22800.jpg,1885,1900,15
22805.jpg,1885,1900,15
22810.jpg,1885,1900,15
22815.jpg,1885,1950,65
22820.jpg,1885,1900,15
22825.jpg,1885,1960,75
22830.jpg,1885,1900,15
22835.jpg,1885,1960,75
22840.jpg,1885,1900,15
22850.jpg,1885,1950,65
22855.jpg,1885,1950,65
22860.jpg,1885,1900,15
22865.jpg,1885,1900,15
22870.jpg,1885,1950,65
22875.jpg,1885,1900,15
22880.jpg,1885,1900,15
22885.jpg,1885,1950,65
22890.jpg,1885,1950,65
22895.jpg,1885,1900,15
22900.jpg,1885,1900,15
22905.jpg,1885,1950,65
22910.jpg,1885,1850,-35
22915.jpg,1885,1900,15
22920.jpg,1885,1900,15
22925.jpg,1885,1890,5
22930.jpg,1885,1900,15
22935.jpg,1885,1900,15
22940.jpg,1885,1900,15
22945.jpg,1885,1900,15
22950.jpg,1885,1950,65
22955.jpg,1885,1900,15
22960.jpg,1885,2010,125
22965.jpg,1885,1900,15
22970.jpg,1885,1900,15
22975.jpg,1885,1900,15
22980.jpg,1885,1950,65
22985.jpg,1885,1850,-35
22990.jpg,1885,1900,15
22995.jpg,1885,1900,15
23000.jpg,1885,1850,-35
23005.jpg,1885,1900,15
23015.jpg,1885,1850,-35
23020.jpg,1885,1900,15
23025.jpg,1885,1900,15
23030.jpg,1885,1900,15
23035.jpg,1885,1900,15
23040.jpg,1885,1900,15
23045.jpg,1885,1900,15
23050.jpg,1885,1950,65
23055.jpg,1885,1950,65
23060.jpg,1885,1900,15
23065.jpg,1885,1900,15
23070.jpg,1885,1900,15
23075.jpg,1885,1900,15
23080.jpg,1885,1950,65
23085.jpg,1886,1950,64
23090.jpg,1886,1900,14
23095.jpg,1886,1950,64
23100.jpg,1886,1900,14
23105.jpg,1886,1960,74
23110.jpg,1886,1950,64
23115.jpg,1886,1950,64
23120.jpg,1886,1850,-36
23125.jpg,1886,1900,14
23130.jpg,1886,1980,94
23135.jpg,1886,2010,124
23140.jpg,1886,2010,124
23145.jpg,1886,1900,14
23150.jpg,1886,1900,14
23155.jpg,1886,1900,14
23160.jpg,1886,1900,14
23165.jpg,1886,1950,64
23170.jpg,1886,1900,14
23175.jpg,1886,1950,64
23180.jpg,1886,1900,14
23185.jpg,1886,1950,64
23190.jpg,1886,1890,4
23195.jpg,1886,1900,14
23200.jpg,1886,1950,64
23205.jpg,1886,1900,14
23210.jpg,1886,1900,14
23215.jpg,1886,1900,14
23220.jpg,1886,1900,14
23225.jpg,1886,1900,14
23230.jpg,1886,1900,14
23235.jpg,1886,1900,14
23240.jpg,1886,1900,14
23245.jpg,1886,1900,14
23250.jpg,1886,1950,64
23255.jpg,1886,1900,14
23260.jpg,1886,1900,14
23265.jpg,1886,1900,14
23275.jpg,1886,1950,64
23280.jpg,1886,1950,64
23285.jpg,1886,1900,14
23290.jpg,1886,1980,94
23295.jpg,1886,1900,14
23300.jpg,1886,1900,14
23305.jpg,1886,1900,14
23310.jpg,1886,1900,14
23315.jpg,1886,1900,14
23320.jpg,1886,1900,14
23325.jpg,1886,1950,64
23330.jpg,1886,1900,14
23335.jpg,1886,1900,14
23340.jpg,1886,1950,64
23345.jpg,1886,1900,14
23350.jpg,1886,1900,14
23355.jpg,1886,1920,34
23365.jpg,1886,1900,14
23370.jpg,1886,1900,14
23375.jpg,1887,1950,63
23380.jpg,1887,1950,63
23385.jpg,1887,1900,13
23390.jpg,1887,1900,13
23395.jpg,1887,1900,13
23400.jpg,1887,1950,63
23410.jpg,1887,1900,13
23415.jpg,1887,1900,13
23420.jpg,1887,1900,13
23425.jpg,1887,1900,13
23430.jpg,1887,1950,63
23440.jpg,1887,1950,63
23445.jpg,1887,1900,13
23450.jpg,1887,1800,-87
23460.jpg,1887,1850,-37
23465.jpg,1887,1950,63
23470.jpg,1887,1950,63
23475.jpg,1887,1950,63
23480.jpg,1887,1900,13
23485.jpg,1887,1900,13
23490.jpg,1887,1900,13
23495.jpg,1887,1900,13
23500.jpg,1887,1950,63
23505.jpg,1887,1900,13
23510.jpg,1887,1900,13
23515.jpg,1887,1900,13
23520.jpg,1887,1900,13
23525.jpg,1887,1950,63
23535.jpg,1887,1900,13
23540.jpg,1887,1900,13
23545.jpg,1887,1920,33
23550.jpg,1887,1900,13
23555.jpg,1887,1950,63
23560.jpg,1887,1950,63
23565.jpg,1887,1900,13
23570.jpg,1887,1900,13
23575.jpg,1887,1920,33
23580.jpg,1887,1900,13
23585.jpg,1887,1900,13
23590.jpg,1887,2000,113
23595.jpg,1887,1900,13
23600.jpg,1887,1900,13
23605.jpg,1887,1900,13
23610.jpg,1887,1900,13
23615.jpg,1887,1900,13
23620.jpg,1887,1900,13
23625.jpg,1887,1900,13
23630.jpg,1887,1900,13
23635.jpg,1887,1920,33
23640.jpg,1887,1950,63
23645.jpg,1887,1900,13
23650.jpg,1887,1800,-87
23660.jpg,1887,1900,13
23665.jpg,1887,1900,13
23670.jpg,1887,1900,13
23675.jpg,1887,1900,13
23680.jpg,1887,1950,63
23690.jpg,1887,1900,13
23695.jpg,1887,1900,13
23700.jpg,1888,1800,-88
23705.jpg,1888,1950,62
23710.jpg,1888,1920,32
23715.jpg,1888,1950,62
23720.jpg,1888,1950,62
23725.jpg,1888,1900,12
23730.jpg,1888,1900,12
23735.jpg,1888,1900,12
23740.jpg,1888,1950,62
23745.jpg,1888,1900,12
23750.jpg,1888,1900,12
23755.jpg,1888,1920,32
23760.jpg,1888,1900,12
23765.jpg,1888,1850,-38
23770.jpg,1888,1990,102
23775.jpg,1888,1950,62
23790.jpg,1888,1900,12
23795.jpg,1888,1900,12
23800.jpg,1888,1890,2
23805.jpg,1888,1900,12
23810.jpg,1888,1950,62
23815.jpg,1888,1900,12
23820.jpg,1888,1950,62
23825.jpg,1888,1950,62
23830.jpg,1888,1900,12
23835.jpg,1888,1900,12
23840.jpg,1888,1900,12
23850.jpg,1888,1900,12
23855.jpg,1888,1900,12
23860.jpg,1888,1900,12
23865.jpg,1888,1850,-38
23870.jpg,1888,1850,-38
23875.jpg,1888,1900,12
23880.jpg,1888,1950,62
23885.jpg,1888,1900,12
23890.jpg,1888,1900,12
23895.jpg,1888,1900,12
23900.jpg,1888,1950,62
23905.jpg,1888,1900,12
23910.jpg,1888,1900,12
23915.jpg,1888,1950,62
23920.jpg,1888,1900,12
23925.jpg,1888,1900,12
23930.jpg,1888,1900,12
23935.jpg,1888,1950,62
23940.jpg,1888,1890,2
23945.jpg,1888,1900,12
23950.jpg,1888,1900,12
23955.jpg,1888,1900,12
23960.jpg,1888,1950,62
23965.jpg,1888,1900,12
23970.jpg,1888,1900,12
23975.jpg,1888,1900,12
23980.jpg,1888,1900,12
23985.jpg,1888,1920,32
23990.jpg,1888,1800,-88
23995.jpg,1888,1900,12
24000.jpg,1888,1900,12
24005.jpg,1888,1950,62
24010.jpg,1888,1950,62
24015.jpg,1888,1950,62
24020.jpg,1888,1950,62
24025.jpg,1888,1900,12
24030.jpg,1888,1900,12
24035.jpg,1888,1900,12
24040.jpg,1888,1950,62
24050.jpg,1889,1900,11
24055.jpg,1889,1900,11
24060.jpg,1889,1900,11
24065.jpg,1889,1900,11
24070.jpg,1889,1900,11
24075.jpg,1889,1950,61
24080.jpg,1889,1900,11
24085.jpg,1889,1900,11
24090.jpg,1889,1900,11
24095.jpg,1889,1900,11
24105.jpg,1889,1900,11
24110.jpg,1889,1900,11
24115.jpg,1889,1950,61
24120.jpg,1889,1900,11
24125.jpg,1889,1900,11
24130.jpg,1889,1900,11
24135.jpg,1889,1900,11
24140.jpg,1889,1900,11
24145.jpg,1889,1900,11
24150.jpg,1889,1900,11
24155.jpg,1889,1900,11
24160.jpg,1889,1900,11
24165.jpg,1889,1900,11
24170.jpg,1889,1900,11
24175.jpg,1889,1900,11
24180.jpg,1889,1900,11
24185.jpg,1889,1900,11
24190.jpg,1889,1900,11
24195.jpg,1889,1900,11
24200.jpg,1889,1900,11
24205.jpg,1889,1950,61
24210.jpg,1889,1900,11
24215.jpg,1889,1900,11
24220.jpg,1889,1900,11
24225.jpg,1889,1890,1
24230.jpg,1889,1900,11
24235.jpg,1889,1900,11
24240.jpg,1889,1900,11
24245.jpg,1889,1950,61
24250.jpg,1889,1900,11
24255.jpg,1889,1900,11
24260.jpg,1889,1950,61
24265.jpg,1889,1900,11
24270.jpg,1889,1900,11
24275.jpg,1889,1900,11
24280.jpg,1889,1900,11
24285.jpg,1889,1950,61
24290.jpg,1889,1900,11
24295.jpg,1889,1900,11
24300.jpg,1889,1900,11
24310.jpg,1889,1900,11
24315.jpg,1889,1900,11
24320.jpg,1889,1900,11
24330.jpg,1889,1900,11
24335.jpg,1889,1950,61
24340.jpg,1889,1950,61
24345.jpg,1889,1900,11
24350.jpg,1889,1900,11
24355.jpg,1889,1900,11
24360.jpg,1889,1950,61
24365.jpg,1889,1900,11
24370.jpg,1889,1900,11
24375.jpg,1889,1900,11
24380.jpg,1889,1950,61
24385.jpg,1889,1900,11
24390.jpg,1889,1900,11
24395.jpg,1890,1800,-90
24400.jpg,1890,1900,10
24405.jpg,1890,1900,10
24410.jpg,1890,1900,10
24415.jpg,1890,1900,10
24420.jpg,1890,1900,10
24425.jpg,1890,1900,10
24430.jpg,1890,1900,10
24435.jpg,1890,1900,10
24440.jpg,1890,1950,60
24445.jpg,1890,1950,60
24450.jpg,1890,1900,10
24455.jpg,1890,1900,10
24460.jpg,1890,1900,10
24465.jpg,1890,1950,60
24470.jpg,1890,1950,60
24475.jpg,1890,1900,10
24480.jpg,1890,1900,10
24485.jpg,1890,1950,60
24490.jpg,1890,1950,60
24495.jpg,1890,1850,-40
24500.jpg,1890,1900,10
24505.jpg,1890,1900,10
24510.jpg,1890,1900,10
24515.jpg,1890,1900,10
24520.jpg,1890,1900,10
24525.jpg,1890,1950,60
24535.jpg,1890,1900,10
24540.jpg,1890,1900,10
24545.jpg,1890,1950,60
24550.jpg,1890,1900,10
24555.jpg,1890,1950,60
24560.jpg,1890,1900,10
24565.jpg,1890,1900,10
24570.jpg,1890,1890,0
24575.jpg,1890,1900,10
24580.jpg,1890,1900,10
24585.jpg,1890,1900,10
24590.jpg,1890,1900,10
24595.jpg,1890,1900,10
24600.jpg,1890,1900,10
24605.jpg,1890,1900,10
24610.jpg,1890,1950,60
24615.jpg,1890,1950,60
24620.jpg,1890,1980,90
24625.jpg,1890,1900,10
24630.jpg,1890,1900,10
24635.jpg,1890,1900,10
24640.jpg,1890,1900,10
24645.jpg,1890,1900,10
24650.jpg,1890,1900,10
24655.jpg,1890,1900,10
24660.jpg,1890,1900,10
24665.jpg,1890,1900,10
24670.jpg,1890,1950,60
24675.jpg,1890,1900,10
24680.jpg,1890,1900,10
24685.jpg,1890,1900,10
24690.jpg,1890,1900,10
24695.jpg,1890,1900,10
24700.jpg,1890,1920,30
24705.jpg,1890,1970,80
24710.jpg,1890,1950,60
24715.jpg,1890,1900,10
24720.jpg,1890,1900,10
24725.jpg,1890,1850,-40
24730.jpg,1890,1950,60
24735.jpg,1890,1900,10
24740.jpg,1890,1950,60
24745.jpg,1890,1900,10
24750.jpg,1890,1900,10
24755.jpg,1890,1900,10
24760.jpg,1890,1950,60
24765.jpg,1890,1990,100
24770.jpg,1890,1900,10
24775.jpg,1891,1800,-91
24780.jpg,1891,1950,59
24785.jpg,1891,1900,9
24790.jpg,1891,1900,9
24795.jpg,1891,1900,9
24800.jpg,1891,1950,59
24805.jpg,1891,1900,9
24810.jpg,1891,1900,9
24815.jpg,1891,1950,59
24820.jpg,1891,1900,9
24825.jpg,1891,1900,9
24830.jpg,1891,1900,9
24835.jpg,1891,1950,59
24840.jpg,1891,1950,59
24845.jpg,1891,1950,59
24850.jpg,1891,1980,89
24855.jpg,1891,1980,89
24860.jpg,1891,1900,9
24865.jpg,1891,1900,9
24870.jpg,1891,1900,9
24875.jpg,1891,1850,-41
24880.jpg,1891,1900,9
24885.jpg,1891,1900,9
24890.jpg,1891,1890,-1
24895.jpg,1891,1900,9
24900.jpg,1891,1900,9
24905.jpg,1891,1950,59
24910.jpg,1891,1900,9
24915.jpg,1891,1900,9
24920.jpg,1891,1950,59
24925.jpg,1891,1900,9
24930.jpg,1891,1950,59
24935.jpg,1891,1900,9
24940.jpg,1891,1900,9
24945.jpg,1891,1900,9
24950.jpg,1891,1900,9
24955.jpg,1891,1950,59
24960.jpg,1891,1900,9
24965.jpg,1891,1950,59
24970.jpg,1891,1900,9
24975.jpg,1891,1900,9
24980.jpg,1891,1900,9
24985.jpg,1891,1900,9
24990.jpg,1891,1900,9
24995.jpg,1891,1900,9
25000.jpg,1891,1900,9
25005.jpg,1891,1900,9
25010.jpg,1891,1900,9
25015.jpg,1891,1900,9
25020.jpg,1891,1900,9
25025.jpg,1891,1900,9
25030.jpg,1891,1900,9
25035.jpg,1891,1500,-391
25040.jpg,1891,1900,9
25045.jpg,1891,1950,59
25050.jpg,1891,1920,29
25055.jpg,1891,1900,9
25060.jpg,1891,1950,59
25065.jpg,1891,1900,9
25070.jpg,1891,1900,9
25075.jpg,1891,1900,9
25080.jpg,1891,1900,9
25085.jpg,1891,1900,9
25090.jpg,1891,1950,59
25095.jpg,1892,1900,8
25100.jpg,1892,2010,118
25105.jpg,1892,1980,88
25115.jpg,1892,1900,8
25120.jpg,1892,1950,58
25125.jpg,1892,1950,58
25130.jpg,1892,1900,8
25135.jpg,1892,1900,8
25140.jpg,1892,1900,8
25145.jpg,1892,1900,8
25150.jpg,1892,1950,58
25155.jpg,1892,1920,28
25160.jpg,1892,1970,78
25165.jpg,1892,1980,88
25170.jpg,1892,1920,28
25175.jpg,1892,1977,85
25180.jpg,1892,2010,118
25185.jpg,1892,1900,8
25190.jpg,1892,1950,58
25195.jpg,1892,1900,8
25205.jpg,1892,1900,8
25210.jpg,1892,1900,8
25215.jpg,1892,1900,8
25220.jpg,1892,1900,8
25225.jpg,1892,1850,-42
25230.jpg,1892,1950,58
25235.jpg,1892,1900,8
25240.jpg,1892,1900,8
25245.jpg,1892,1900,8
25250.jpg,1892,1900,8
25255.jpg,1892,1950,58
25260.jpg,1892,1900,8
25265.jpg,1892,1900,8
25270.jpg,1892,1900,8
25275.jpg,1892,1950,58
25280.jpg,1892,1950,58
25285.jpg,1892,1900,8
25290.jpg,1892,1900,8
25295.jpg,1892,1900,8
25300.jpg,1892,1950,58
25305.jpg,1892,1970,78
25310.jpg,1892,1900,8
25315.jpg,1892,1900,8
25320.jpg,1892,1900,8
25325.jpg,1892,1900,8
25330.jpg,1892,1950,58
25335.jpg,1892,1900,8
25340.jpg,1892,1900,8
25345.jpg,1892,1900,8
25350.jpg,1892,1900,8
25355.jpg,1892,1900,8
25360.jpg,1892,1900,8
25365.jpg,1892,1900,8
25370.jpg,1892,1900,8
25375.jpg,1892,1900,8
25380.jpg,1892,1900,8
25385.jpg,1892,1900,8
25390.jpg,1892,1900,8
25395.jpg,1892,1950,58
25400.jpg,1892,1950,58
25405.jpg,1892,1900,8
25410.jpg,1892,1900,8
25415.jpg,1892,1900,8
25420.jpg,1892,1950,58
25425.jpg,1892,1900,8
25430.jpg,1892,1850,-42
25435.jpg,1892,1900,8
25440.jpg,1892,1950,58
25445.jpg,1892,1900,8
25450.jpg,1892,1900,8
25455.jpg,1892,1900,8
25460.jpg,1892,1850,-42
25465.jpg,1893,1800,-93
25470.jpg,1893,1900,7
25475.jpg,1893,1900,7
25480.jpg,1893,1950,57
25490.jpg,1893,1950,57
25495.jpg,1893,1900,7
25500.jpg,1893,1900,7
25505.jpg,1893,1920,27
25510.jpg,1893,1920,27
25515.jpg,1893,1900,7
25520.jpg,1893,1900,7
25525.jpg,1893,1900,7
25530.jpg,1893,1950,57
25535.jpg,1893,1950,57
25540.jpg,1893,1900,7
25545.jpg,1893,1900,7
25555.jpg,1893,1900,7
25560.jpg,1893,1900,7
25565.jpg,1893,1900,7
25570.jpg,1893,1950,57
25575.jpg,1893,1900,7
25580.jpg,1893,1950,57
25585.jpg,1893,1900,7
25590.jpg,1893,1900,7
25595.jpg,1893,1950,57
25600.jpg,1893,1900,7
25605.jpg,1893,1950,57
25610.jpg,1893,1900,7
25615.jpg,1893,1900,7
25620.jpg,1893,1900,7
25625.jpg,1893,1900,7
25630.jpg,1893,1900,7
25635.jpg,1893,1900,7
25640.jpg,1893,1950,57
25645.jpg,1893,1900,7
25650.jpg,1893,1950,57
25655.jpg,1893,1900,7
25660.jpg,1893,1900,7
25665.jpg,1893,1900,7
25670.jpg,1893,1900,7
25675.jpg,1893,1900,7
25680.jpg,1893,1850,-43
25685.jpg,1893,1900,7
25690.jpg,1893,1900,7
25695.jpg,1893,1900,7
25700.jpg,1893,1900,7
25705.jpg,1893,1950,57
25710.jpg,1893,1950,57
25715.jpg,1893,1900,7
25720.jpg,1893,1950,57
25725.jpg,1893,1950,57
25730.jpg,1893,1900,7
25740.jpg,1893,1900,7
25745.jpg,1893,1950,57
25750.jpg,1893,1900,7
25755.jpg,1893,1900,7
25760.jpg,1893,1900,7
25765.jpg,1893,1920,27
25770.jpg,1893,1920,27
25775.jpg,1893,1900,7
25780.jpg,1893,1900,7
25785.jpg,1893,1920,27
25795.jpg,1893,1900,7
25800.jpg,1893,1900,7
25805.jpg,1894,1900,6
25810.jpg,1894,1900,6
25815.jpg,1894,1950,56
25820.jpg,1894,1900,6
25825.jpg,1894,1900,6
25830.jpg,1894,1900,6
25835.jpg,1894,1900,6
25840.jpg,1894,1891,-3
25845.jpg,1894,1920,26
25850.jpg,1894,1900,6
25855.jpg,1894,1900,6
25860.jpg,1894,1900,6
25865.jpg,1894,1950,56
25870.jpg,1894,1850,-44
25875.jpg,1894,1900,6
25880.jpg,1894,1950,56
25885.jpg,1894,1900,6
25890.jpg,1894,1950,56
25895.jpg,1894,1900,6
25900.jpg,1894,1900,6
25905.jpg,1894,1900,6
25910.jpg,1894,1950,56
25915.jpg,1894,1920,26
25920.jpg,1894,1900,6
25925.jpg,1894,1900,6
25930.jpg,1894,1950,56
25935.jpg,1894,1900,6
25940.jpg,1894,1900,6
25945.jpg,1894,1900,6
25950.jpg,1894,1950,56
25955.jpg,1894,1900,6
25960.jpg,1894,1900,6
25965.jpg,1894,1900,6
25970.jpg,1894,1950,56
25975.jpg,1894,1900,6
25980.jpg,1894,1900,6
25985.jpg,1894,1950,56
25990.jpg,1894,1950,56
25995.jpg,1894,1900,6
26000.jpg,1894,1900,6
26005.jpg,1894,1900,6
26010.jpg,1894,1900,6
26015.jpg,1894,1900,6
26020.jpg,1894,1950,56
26025.jpg,1894,1900,6
26030.jpg,1894,1900,6
26035.jpg,1894,1900,6
26040.jpg,1894,1950,56
26045.jpg,1894,1900,6
26050.jpg,1894,1900,6
26055.jpg,1894,1900,6
26060.jpg,1894,1950,56
26065.jpg,1894,1900,6
26070.jpg,1894,1900,6
26075.jpg,1894,1900,6
26085.jpg,1894,1900,6
26090.jpg,1894,1920,26
26095.jpg,1894,1950,56
26100.jpg,1894,1900,6
26105.jpg,1894,1800,-94
26110.jpg,1894,1900,6
26115.jpg,1894,1900,6
26120.jpg,1894,1900,6
26125.jpg,1895,1900,5
26130.jpg,1895,2010,115
26135.jpg,1895,1900,5
26140.jpg,1895,1900,5
26145.jpg,1895,1950,55
26150.jpg,1895,1900,5
26155.jpg,1895,1950,55
26160.jpg,1895,1900,5
26165.jpg,1895,1900,5
26170.jpg,1895,1900,5
26175.jpg,1895,1950,55
26180.jpg,1895,1960,65
26185.jpg,1895,1950,55
26190.jpg,1895,1900,5
26195.jpg,1895,1900,5
26200.jpg,1895,1950,55
26205.jpg,1895,1850,-45
26210.jpg,1895,1900,5
26215.jpg,1895,1900,5
26220.jpg,1895,1900,5
26225.jpg,1895,1950,55
26230.jpg,1895,1900,5
26235.jpg,1895,1950,55
26240.jpg,1895,1950,55
26245.jpg,1895,1800,-95
26250.jpg,1895,1900,5
26255.jpg,1895,1950,55
26260.jpg,1895,1900,5
26265.jpg,1895,1900,5
26270.jpg,1895,1900,5
26275.jpg,1895,1900,5
26280.jpg,1895,1900,5
26285.jpg,1895,1900,5
26290.jpg,1895,1900,5
26295.jpg,1895,1950,55
26300.jpg,1895,1900,5
26305.jpg,1895,1900,5
26310.jpg,1895,1900,5
26315.jpg,1895,1900,5
26320.jpg,1895,1900,5
26325.jpg,1895,1900,5
26330.jpg,1895,1900,5
26335.jpg,1895,1900,5
26340.jpg,1895,1950,55
26345.jpg,1895,1900,5
26350.jpg,1895,1900,5
26355.jpg,1895,1950,55
26360.jpg,1895,1950,55
26365.jpg,1895,1900,5
26370.jpg,1895,1900,5
26375.jpg,1895,1900,5
26380.jpg,1895,1950,55
26385.jpg,1895,1900,5
26390.jpg,1895,1900,5
26395.jpg,1895,1900,5
26405.jpg,1895,1900,5
26410.jpg,1895,1900,5
26415.jpg,1895,1900,5
26420.jpg,1895,1950,55
26425.jpg,1895,1900,5
26430.jpg,1895,1900,5
26435.jpg,1895,1900,5
26440.jpg,1895,1900,5
26445.jpg,1895,1900,5
26450.jpg,1895,1950,55
26455.jpg,1895,1950,55
26460.jpg,1895,1800,-95
26465.jpg,1895,1900,5
26470.jpg,1895,1900,5
26475.jpg,1895,1900,5
26480.jpg,1895,1800,-95
26485.jpg,1895,1800,-95
26490.jpg,1896,1900,4
26495.jpg,1896,1950,54
26500.jpg,1896,1900,4
26505.jpg,1896,1900,4
26510.jpg,1896,1960,64
26515.jpg,1896,1900,4
26520.jpg,1896,1900,4
26525.jpg,1896,1900,4
26530.jpg,1896,1950,54
26535.jpg,1896,1950,54
26540.jpg,1896,1900,4
26545.jpg,1896,1850,-46
26550.jpg,1896,1950,54
26555.jpg,1896,1950,54
26560.jpg,1896,1850,-46
26565.jpg,1896,1950,54
26570.jpg,1896,1950,54
26575.jpg,1896,1900,4
26580.jpg,1896,1900,4
26585.jpg,1896,1900,4
26590.jpg,1896,1900,4
26595.jpg,1896,1950,54
26600.jpg,1896,1920,24
26605.jpg,1896,1900,4
26610.jpg,1896,1950,54
26620.jpg,1896,1900,4
26625.jpg,1896,1950,54
26630.jpg,1896,1900,4
26635.jpg,1896,1950,54
26640.jpg,1896,1900,4
26645.jpg,1896,1900,4
26650.jpg,1896,1900,4
26655.jpg,1896,1900,4
26665.jpg,1896,1900,4
26670.jpg,1896,1950,54
26675.jpg,1896,1900,4
26680.jpg,1896,1950,54
26685.jpg,1896,1900,4
26690.jpg,1896,1950,54
26695.jpg,1896,1900,4
26700.jpg,1896,1900,4
26705.jpg,1896,1900,4
26710.jpg,1896,1950,54
26715.jpg,1896,1900,4
26720.jpg,1896,1900,4
26725.jpg,1896,1950,54
26730.jpg,1896,1900,4
26735.jpg,1896,1950,54
26740.jpg,1896,1800,-96
26745.jpg,1896,1950,54
26750.jpg,1896,1890,-6
26760.jpg,1896,1950,54
26765.jpg,1896,1900,4
26770.jpg,1896,1920,24
26775.jpg,1896,1920,24
26780.jpg,1896,1900,4
26785.jpg,1896,1950,54
26790.jpg,1896,1900,4
26795.jpg,1896,1900,4
26800.jpg,1896,1980,84
26805.jpg,1896,1800,-96
26810.jpg,1896,1950,54
26815.jpg,1896,1900,4
26820.jpg,1896,1900,4
26825.jpg,1896,1900,4
26830.jpg,1896,1900,4
26835.jpg,1896,1920,24
26840.jpg,1896,1950,54
26845.jpg,1897,1950,53
26850.jpg,1897,1900,3
26855.jpg,1897,1900,3
26860.jpg,1897,1950,53
26865.jpg,1897,1900,3
26870.jpg,1897,1900,3
26875.jpg,1897,1900,3
26880.jpg,1897,1900,3
26885.jpg,1897,1900,3
26890.jpg,1897,1900,3
26895.jpg,1897,1900,3
26900.jpg,1897,1900,3
26910.jpg,1897,1850,-47
26915.jpg,1897,1900,3
26920.jpg,1897,1950,53
26925.jpg,1897,1900,3
26930.jpg,1897,1850,-47
26935.jpg,1897,1900,3
26940.jpg,1897,1950,53
26945.jpg,1897,1900,3
26950.jpg,1897,1900,3
26955.jpg,1897,1850,-47
26960.jpg,1897,1900,3
26965.jpg,1897,1900,3
26970.jpg,1897,1900,3
26975.jpg,1897,1950,53
26980.jpg,1897,1900,3
26985.jpg,1897,1900,3
26990.jpg,1897,1900,3
26995.jpg,1897,1900,3
27000.jpg,1897,1900,3
27005.jpg,1897,1900,3
27010.jpg,1897,1900,3
27015.jpg,1897,1900,3
27020.jpg,1897,1900,3
27025.jpg,1897,1900,3
27030.jpg,1897,1900,3
27035.jpg,1897,1950,53
27040.jpg,1897,1900,3
27045.jpg,1897,1900,3
27050.jpg,1897,1950,53
27055.jpg,1897,1900,3
27060.jpg,1897,1950,53
27065.jpg,1897,1950,53
27070.jpg,1897,1950,53
27075.jpg,1897,1900,3
27080.jpg,1897,1900,3
27085.jpg,1897,1900,3
27090.jpg,1897,1900,3
27095.jpg,1897,1900,3
27100.jpg,1897,1900,3
27105.jpg,1897,1900,3
27110.jpg,1897,1900,3
27115.jpg,1897,1950,53
27120.jpg,1897,1800,-97
27125.jpg,1897,1900,3
27130.jpg,1897,1980,83
27135.jpg,1897,1900,3
27140.jpg,1897,1950,53
27145.jpg,1897,1900,3
27150.jpg,1897,1900,3
27155.jpg,1898,1900,2
27160.jpg,1898,1900,2
27165.jpg,1898,1950,52
27170.jpg,1898,1900,2
27175.jpg,1898,1950,52
27180.jpg,1898,1900,2
27185.jpg,1898,1950,52
27190.jpg,1898,1900,2
27195.jpg,1898,1950,52
27200.jpg,1898,2010,112
27205.jpg,1898,1920,22
27210.jpg,1898,1900,2
27215.jpg,1898,1950,52
27220.jpg,1898,1950,52
27225.jpg,1898,1950,52
27230.jpg,1898,1950,52
27235.jpg,1898,1950,52
27240.jpg,1898,1950,52
27245.jpg,1898,1950,52
27255.jpg,1898,1900,2
27260.jpg,1898,1800,-98
27265.jpg,1898,1900,2
27270.jpg,1898,1900,2
27275.jpg,1898,1900,2
27280.jpg,1898,1900,2
27285.jpg,1898,1900,2
27290.jpg,1898,1950,52
27295.jpg,1898,1900,2
27300.jpg,1898,1850,-48
27305.jpg,1898,1950,52
27310.jpg,1898,1900,2
27315.jpg,1898,1900,2
27320.jpg,1898,1900,2
27325.jpg,1898,1950,52
27330.jpg,1898,1900,2
27335.jpg,1898,1900,2
27340.jpg,1898,1900,2
27345.jpg,1898,1900,2
27350.jpg,1898,1900,2
27355.jpg,1898,1900,2
27360.jpg,1898,1950,52
27365.jpg,1898,1900,2
27370.jpg,1898,1900,2
27380.jpg,1898,1900,2
27385.jpg,1898,1900,2
27390.jpg,1898,1950,52
27395.jpg,1898,1900,2
27400.jpg,1898,1950,52
27405.jpg,1898,1950,52
27410.jpg,1898,1900,2
27415.jpg,1898,1900,2
27420.jpg,1898,1920,22
27425.jpg,1898,1900,2
27430.jpg,1898,1900,2
27435.jpg,1898,1900,2
27440.jpg,1898,1900,2
27445.jpg,1898,1920,22
27450.jpg,1898,1950,52
27455.jpg,1898,1960,62
27465.jpg,1898,1900,2
27470.jpg,1898,1900,2
27475.jpg,1898,1920,22
27480.jpg,1898,1900,2
27485.jpg,1898,1900,2
27490.jpg,1898,1900,2
27495.jpg,1898,1900,2
27500.jpg,1898,1920,22
27505.jpg,1898,1900,2
27510.jpg,1898,1900,2
27515.jpg,1898,1900,2
27520.jpg,1898,1900,2
27525.jpg,1898,1950,52
27530.jpg,1898,1950,52
27540.jpg,1899,1900,1
27545.jpg,1899,1950,51
27550.jpg,1899,1950,51
27555.jpg,1899,1900,1
27560.jpg,1899,1900,1
27565.jpg,1899,1900,1
27570.jpg,1899,1970,71
27575.jpg,1899,1950,51
27580.jpg,1899,1950,51
27585.jpg,1899,1950,51
27590.jpg,1899,1950,51
27595.jpg,1899,1900,1
27600.jpg,1899,1900,1
27605.jpg,1899,1900,1
27610.jpg,1899,1990,91
27615.jpg,1899,1850,-49
27620.jpg,1899,1900,1
27625.jpg,1899,1900,1
27630.jpg,1899,1950,51
27635.jpg,1899,1900,1
27640.jpg,1899,1900,1
27645.jpg,1899,1900,1
27650.jpg,1899,1950,51
27655.jpg,1899,1900,1
27660.jpg,1899,1900,1
27665.jpg,1899,1900,1
27670.jpg,1899,1950,51
27675.jpg,1899,1900,1
27680.jpg,1899,1200,-699
27685.jpg,1899,1900,1
27690.jpg,1899,1950,51
27695.jpg,1899,1950,51
27700.jpg,1899,1900,1
27705.jpg,1899,1900,1
27715.jpg,1899,1900,1
27720.jpg,1899,1950,51
27725.jpg,1899,1900,1
27730.jpg,1899,1980,81
27735.jpg,1899,1950,51
27740.jpg,1899,1950,51
27745.jpg,1899,1900,1
27750.jpg,1899,1900,1
27755.jpg,1899,1920,21
27760.jpg,1899,1900,1
27765.jpg,1899,1950,51
27770.jpg,1899,1900,1
27775.jpg,1899,1900,1
27780.jpg,1899,1950,51
27785.jpg,1899,1950,51
27790.jpg,1899,1900,1
27795.jpg,1899,1950,51
27800.jpg,1899,1900,1
27805.jpg,1899,1900,1
27810.jpg,1900,1900,0
27815.jpg,1900,1900,0
27820.jpg,1900,1900,0
27825.jpg,1900,1900,0
27830.jpg,1900,1900,0
27835.jpg,1900,1980,80
27840.jpg,1900,1920,20
27845.jpg,1900,1900,0
27850.jpg,1900,1900,0
27855.jpg,1900,1900,0
27860.jpg,1900,1900,0
27865.jpg,1900,1900,0
27870.jpg,1900,1900,0
27875.jpg,1900,1920,20
27880.jpg,1900,1900,0
27885.jpg,1900,1900,0
27895.jpg,1900,1900,0
27900.jpg,1900,1900,0
27905.jpg,1900,1900,0
27910.jpg,1900,1850,-50
27915.jpg,1900,1950,50
27920.jpg,1900,1990,90
27925.jpg,1900,1950,50
27930.jpg,1900,1950,50
27935.jpg,1900,1950,50
27940.jpg,1900,1850,-50
27945.jpg,1900,1900,0
27950.jpg,1900,1900,0
27955.jpg,1900,1900,0
27960.jpg,1900,1900,0
27965.jpg,1900,1950,50
27970.jpg,1900,1900,0
27975.jpg,1900,1900,0
27980.jpg,1900,1900,0
27985.jpg,1900,1900,0
27990.jpg,1900,1950,50
27995.jpg,1900,1900,0
28000.jpg,1900,1900,0
28005.jpg,1900,1900,0
28010.jpg,1900,1900,0
28015.jpg,1900,1850,-50
28020.jpg,1900,1950,50
28025.jpg,1900,1900,0
28030.jpg,1900,1900,0
28035.jpg,1900,1900,0
28040.jpg,1900,1900,0
28045.jpg,1900,1920,20
28050.jpg,1900,1900,0
28055.jpg,1900,1900,0
28060.jpg,1900,1950,50
28065.jpg,1900,1950,50
28070.jpg,1900,1900,0
28075.jpg,1900,1900,0
28080.jpg,1900,1900,0
28085.jpg,1900,1900,0
28090.jpg,1900,1950,50
28095.jpg,1900,1800,-100
28100.jpg,1900,1920,20
28105.jpg,1900,1900,0
28110.jpg,1900,1900,0
28115.jpg,1900,1900,0
28120.jpg,1900,1900,0
28125.jpg,1900,1900,0
28130.jpg,1900,1900,0
28135.jpg,1900,1950,50
28140.jpg,1900,1900,0
28145.jpg,1900,1500,-400
28150.jpg,1900,1950,50
28155.jpg,1900,1950,50
28160.jpg,1900,1950,50
28165.jpg,1900,1950,50
28170.jpg,1900,1900,0
28175.jpg,1900,1900,0
28180.jpg,1901,1900,-1
28185.jpg,1901,1950,49
28190.jpg,1901,1900,-1
28195.jpg,1901,1920,19
28200.jpg,1901,1950,49
28205.jpg,1901,1900,-1
28210.jpg,1901,1900,-1
28215.jpg,1901,1900,-1
28220.jpg,1901,1950,49
28225.jpg,1901,1900,-1
28230.jpg,1901,1950,49
28235.jpg,1901,1900,-1
28240.jpg,1901,1900,-1
28245.jpg,1901,1920,19
28250.jpg,1901,1900,-1
28255.jpg,1901,1900,-1
28260.jpg,1901,1950,49
28265.jpg,1901,1920,19
28270.jpg,1901,1900,-1
28275.jpg,1901,1950,49
28280.jpg,1901,1950,49
28285.jpg,1901,1950,49
28290.jpg,1901,1900,-1
28295.jpg,1901,1950,49
28300.jpg,1901,1900,-1
28305.jpg,1901,1950,49
28310.jpg,1901,1900,-1
28315.jpg,1901,1900,-1
28320.jpg,1901,1890,-11
28325.jpg,1901,1920,19
28330.jpg,1901,1900,-1
28335.jpg,1901,1920,19
28340.jpg,1901,1900,-1
28345.jpg,1901,1900,-1
28350.jpg,1901,1950,49
28355.jpg,1901,1900,-1
28360.jpg,1901,1970,69
28365.jpg,1901,1900,-1
28370.jpg,1901,1850,-51
28375.jpg,1901,1900,-1
28380.jpg,1901,1900,-1
28385.jpg,1901,1920,19
28390.jpg,1901,1900,-1
28395.jpg,1901,1900,-1
28400.jpg,1901,1890,-11
28405.jpg,1901,1950,49
28410.jpg,1901,1950,49
28415.jpg,1901,1900,-1
28420.jpg,1901,1900,-1
28425.jpg,1901,1970,69
28430.jpg,1901,1900,-1
28435.jpg,1901,1900,-1
28440.jpg,1901,1900,-1
28445.jpg,1901,1950,49
28450.jpg,1901,1950,49
28455.jpg,1901,1900,-1
28460.jpg,1901,1920,19
28465.jpg,1901,1900,-1
28470.jpg,1901,1900,-1
28475.jpg,1901,1920,19
28480.jpg,1901,1950,49
28485.jpg,1901,1900,-1
28490.jpg,1901,1950,49
28495.jpg,1901,1970,69
28500.jpg,1901,1900,-1
28505.jpg,1901,1950,49
28510.jpg,1901,1900,-1
28515.jpg,1901,1950,49
28520.jpg,1902,1900,-2
28525.jpg,1902,1900,-2
28530.jpg,1902,1900,-2
28535.jpg,1902,1920,18
28540.jpg,1902,1950,48
28545.jpg,1902,1950,48
28550.jpg,1902,1950,48
28555.jpg,1902,1900,-2
28560.jpg,1902,1950,48
28575.jpg,1902,1950,48
28580.jpg,1902,1920,18
28585.jpg,1902,1900,-2
28590.jpg,1902,1900,-2
28595.jpg,1902,1900,-2
28600.jpg,1902,1900,-2
28605.jpg,1902,1920,18
28610.jpg,1902,1950,48
28615.jpg,1902,1900,-2
28620.jpg,1902,1950,48
28625.jpg,1902,1950,48
28630.jpg,1902,1950,48
28635.jpg,1902,1950,48
28640.jpg,1902,1950,48
28645.jpg,1902,1900,-2
28650.jpg,1902,1950,48
28655.jpg,1902,1800,-102
28660.jpg,1902,1950,48
28665.jpg,1902,1900,-2
28670.jpg,1902,1900,-2
28675.jpg,1902,1900,-2
28680.jpg,1902,1900,-2
28685.jpg,1902,1900,-2
28690.jpg,1902,1900,-2
28695.jpg,1902,1950,48
28700.jpg,1902,1950,48
28705.jpg,1902,1900,-2
28710.jpg,1902,1890,-12
28715.jpg,1902,1900,-2
28720.jpg,1902,1900,-2
28725.jpg,1902,1900,-2
28730.jpg,1902,1900,-2
28735.jpg,1902,1950,48
28740.jpg,1902,1900,-2
28745.jpg,1902,1950,48
28750.jpg,1902,1900,-2
28755.jpg,1902,1900,-2
28760.jpg,1902,1950,48
28765.jpg,1902,1950,48
28770.jpg,1902,1900,-2
28775.jpg,1902,1900,-2
28780.jpg,1902,1900,-2
28785.jpg,1902,1950,48
28790.jpg,1902,1950,48
28795.jpg,1902,1950,48
28800.jpg,1902,1900,-2
28805.jpg,1902,1950,48
28810.jpg,1902,1900,-2
28815.jpg,1902,1950,48
28820.jpg,1902,1900,-2
28825.jpg,1902,1900,-2
28830.jpg,1902,1950,48
28835.jpg,1902,1900,-2
28840.jpg,1902,1900,-2
28845.jpg,1902,1900,-2
28850.jpg,1902,1900,-2
28855.jpg,1902,1900,-2
28860.jpg,1902,1900,-2
28865.jpg,1902,1900,-2
28870.jpg,1902,1950,48
28875.jpg,1902,1900,-2
28880.jpg,1902,1950,48
28885.jpg,1902,1900,-2
28890.jpg,1902,1970,68
28895.jpg,1902,1900,-2
28900.jpg,1902,1980,78
28905.jpg,1902,1950,48
28910.jpg,1902,1920,18
28915.jpg,1902,1950,48
28920.jpg,1903,1800,-103
28925.jpg,1903,1900,-3
28930.jpg,1903,1900,-3
28935.jpg,1903,1900,-3
28940.jpg,1903,1920,17
28945.jpg,1903,1920,17
28955.jpg,1903,1950,47
28960.jpg,1903,1900,-3
28965.jpg,1903,1900,-3
28970.jpg,1903,1900,-3
28975.jpg,1903,1900,-3
28980.jpg,1903,1900,-3
28985.jpg,1903,1920,17
28990.jpg,1903,1920,17
28995.jpg,1903,1990,87
29000.jpg,1903,1950,47
29005.jpg,1903,1900,-3
29010.jpg,1903,1950,47
29015.jpg,1903,1920,17
29020.jpg,1903,1900,-3
29025.jpg,1903,1950,47
29030.jpg,1903,1950,47
29035.jpg,1903,1950,47
29040.jpg,1903,1950,47
29045.jpg,1903,1900,-3
29050.jpg,1903,1970,67
29055.jpg,1903,1950,47
29060.jpg,1903,1900,-3
29065.jpg,1903,1950,47
29070.jpg,1903,1960,57
29075.jpg,1903,1950,47
29080.jpg,1903,1980,77
29085.jpg,1903,1950,47
29090.jpg,1903,1900,-3
29095.jpg,1903,1900,-3
29100.jpg,1903,1970,67
29105.jpg,1903,1900,-3
29110.jpg,1903,1900,-3
29115.jpg,1903,1900,-3
29120.jpg,1903,1900,-3
29125.jpg,1903,1900,-3
29130.jpg,1903,1900,-3
29135.jpg,1903,1900,-3
29140.jpg,1903,1950,47
29145.jpg,1903,1950,47
29150.jpg,1903,1950,47
29155.jpg,1903,1900,-3
29160.jpg,1903,1900,-3
29165.jpg,1903,1900,-3
29170.jpg,1903,1950,47
29175.jpg,1903,1900,-3
29180.jpg,1903,1950,47
29185.jpg,1903,1950,47
29190.jpg,1903,1900,-3
29195.jpg,1903,1900,-3
29200.jpg,1903,1900,-3
29205.jpg,1903,1950,47
29210.jpg,1903,1900,-3
29215.jpg,1903,1950,47
29220.jpg,1903,1950,47
29225.jpg,1903,1900,-3
29230.jpg,1903,1900,-3
29235.jpg,1903,1900,-3
29240.jpg,1903,1950,47
29245.jpg,1903,1950,47
29250.jpg,1903,1920,17
29255.jpg,1903,1900,-3
29260.jpg,1903,1950,47
29265.jpg,1903,1950,47
29270.jpg,1903,1900,-3
29275.jpg,1903,1900,-3
29280.jpg,1903,1900,-3
29285.jpg,1903,1900,-3
29290.jpg,1903,1900,-3
29295.jpg,1903,1900,-3
29300.jpg,1903,1980,77
29305.jpg,1903,1900,-3
29310.jpg,1903,1890,-13
29315.jpg,1903,1950,47
29320.jpg,1903,1950,47
29325.jpg,1903,1900,-3
29330.jpg,1903,1920,17
29335.jpg,1903,1900,-3
29340.jpg,1903,1900,-3
29345.jpg,1903,1920,17
29350.jpg,1903,1950,47
29355.jpg,1903,1950,47
29360.jpg,1903,1900,-3
29365.jpg,1903,1980,77
29370.jpg,1903,1950,47
29375.jpg,1903,1900,-3
29380.jpg,1904,1800,-104
29385.jpg,1904,1920,16
29390.jpg,1904,1900,-4
29395.jpg,1904,1990,86
29400.jpg,1904,1900,-4
29405.jpg,1904,1900,-4
29410.jpg,1904,1990,86
29415.jpg,1904,1950,46
29420.jpg,1904,1950,46
29425.jpg,1904,1900,-4
29430.jpg,1904,1900,-4
29435.jpg,1904,1900,-4
29440.jpg,1904,1900,-4
29445.jpg,1904,1920,16
29450.jpg,1904,1950,46
29455.jpg,1904,1920,16
29460.jpg,1904,1900,-4
29465.jpg,1904,1950,46
29470.jpg,1904,1990,86
29475.jpg,1904,1900,-4
29480.jpg,1904,2010,106
29485.jpg,1904,1920,16
29490.jpg,1904,1920,16
29495.jpg,1904,1900,-4
29500.jpg,1904,1990,86
29505.jpg,1904,1900,-4
29510.jpg,1904,1900,-4
29515.jpg,1904,1950,46
29520.jpg,1904,1900,-4
29525.jpg,1904,1900,-4
29530.jpg,1904,1900,-4
29535.jpg,1904,1950,46
29540.jpg,1904,1900,-4
29550.jpg,1904,1900,-4
29555.jpg,1904,1950,46
29560.jpg,1904,1950,46
29565.jpg,1904,1900,-4
29570.jpg,1904,1800,-104
29575.jpg,1904,1950,46
29580.jpg,1904,1900,-4
29585.jpg,1904,1950,46
29590.jpg,1904,1950,46
29595.jpg,1904,1900,-4
29600.jpg,1904,1900,-4
29605.jpg,1904,1900,-4
29610.jpg,1904,1900,-4
29615.jpg,1904,1950,46
29620.jpg,1904,1900,-4
29625.jpg,1904,1920,16
29630.jpg,1904,1900,-4
29635.jpg,1904,1900,-4
29640.jpg,1904,1900,-4
29645.jpg,1904,1900,-4
29650.jpg,1904,1900,-4
29655.jpg,1904,1920,16
29660.jpg,1904,1920,16
29665.jpg,1904,1950,46
29670.jpg,1904,1900,-4
29675.jpg,1904,1900,-4
29680.jpg,1904,1900,-4
29685.jpg,1904,1900,-4
29690.jpg,1904,1950,46
29695.jpg,1904,1900,-4
29700.jpg,1904,1950,46
29705.jpg,1904,1900,-4
29710.jpg,1904,1900,-4
29715.jpg,1904,1900,-4
29720.jpg,1904,1900,-4
29725.jpg,1904,1950,46
29730.jpg,1904,1900,-4
29735.jpg,1904,1900,-4
29740.jpg,1904,1950,46
29745.jpg,1904,1950,46
29750.jpg,1904,1900,-4
29755.jpg,1904,1900,-4
29760.jpg,1904,1950,46
29765.jpg,1904,1950,46
29770.jpg,1904,1950,46
29775.jpg,1904,1980,76
29780.jpg,1904,1904,0
29790.jpg,1904,1900,-4
29795.jpg,1904,1900,-4
29800.jpg,1904,1950,46
29805.jpg,1904,1980,76
29810.jpg,1904,1900,-4
29815.jpg,1904,1900,-4
29820.jpg,1904,1920,16
29825.jpg,1904,1942,38
29830.jpg,1905,1900,-5
29835.jpg,1905,1970,65
29840.jpg,1905,1900,-5
29845.jpg,1905,1920,15
29850.jpg,1905,2010,105
29855.jpg,1905,1950,45
29860.jpg,1905,1980,75
29865.jpg,1905,1950,45
29870.jpg,1905,1900,-5
29875.jpg,1905,1950,45
29880.jpg,1905,1900,-5
29885.jpg,1905,1950,45
29890.jpg,1905,1950,45
29895.jpg,1905,1900,-5
29900.jpg,1905,1920,15
29905.jpg,1905,1950,45
29910.jpg,1905,1950,45
29915.jpg,1905,1900,-5
29920.jpg,1905,1900,-5
29925.jpg,1905,1950,45
29930.jpg,1905,1900,-5
29935.jpg,1905,1950,45
29940.jpg,1905,1900,-5
29945.jpg,1905,1920,15
29950.jpg,1905,1900,-5
29960.jpg,1905,1950,45
29965.jpg,1905,1900,-5
29970.jpg,1905,1950,45
29975.jpg,1905,1920,15
29980.jpg,1905,1950,45
29985.jpg,1905,1950,45
29990.jpg,1905,1881,-24
29995.jpg,1905,1900,-5
30000.jpg,1905,1900,-5
30005.jpg,1905,1900,-5
30015.jpg,1905,1850,-55
30020.jpg,1905,1950,45
30025.jpg,1905,1900,-5
30030.jpg,1905,1900,-5
30035.jpg,1905,1950,45
30040.jpg,1905,1970,65
30045.jpg,1905,1850,-55
30050.jpg,1905,1950,45
30055.jpg,1905,1950,45
30060.jpg,1905,1900,-5
30065.jpg,1905,1900,-5
30070.jpg,1905,1900,-5
30075.jpg,1905,1900,-5
30080.jpg,1905,1950,45
30085.jpg,1905,1960,55
30090.jpg,1905,1900,-5
30095.jpg,1905,1900,-5
30100.jpg,1905,1900,-5
30105.jpg,1905,1900,-5
30110.jpg,1905,1950,45
30115.jpg,1905,1900,-5
30120.jpg,1905,1900,-5
30125.jpg,1905,1900,-5
30130.jpg,1905,1950,45
30135.jpg,1905,1900,-5
30140.jpg,1905,1920,15
30145.jpg,1905,1900,-5
30155.jpg,1905,1900,-5
30160.jpg,1905,1950,45
30165.jpg,1905,1850,-55
30170.jpg,1905,1950,45
30175.jpg,1905,1950,45
30180.jpg,1905,1970,65
30185.jpg,1905,1950,45
30190.jpg,1905,1900,-5
30195.jpg,1905,1900,-5
30200.jpg,1905,1900,-5
30205.jpg,1905,1950,45
30210.jpg,1905,1800,-105
30215.jpg,1905,1950,45
30220.jpg,1905,1950,45
30225.jpg,1905,1900,-5
30230.jpg,1905,1950,45
30235.jpg,1905,1900,-5
30240.jpg,1905,1950,45
30245.jpg,1905,1900,-5
30250.jpg,1905,1950,45
30255.jpg,1905,1920,15
30260.jpg,1905,1900,-5
30265.jpg,1905,1900,-5
30270.jpg,1905,1950,45
30275.jpg,1905,1950,45
30280.jpg,1905,1950,45
30285.jpg,1905,1950,45
30290.jpg,1905,1950,45
30295.jpg,1906,1850,-56
30300.jpg,1906,1900,-6
30305.jpg,1906,1920,14
30310.jpg,1906,1920,14
30315.jpg,1906,1920,14
30320.jpg,1906,1950,44
30325.jpg,1906,1980,74
30330.jpg,1906,1900,-6
30335.jpg,1906,1950,44
30340.jpg,1906,1950,44
30345.jpg,1906,1900,-6
30350.jpg,1906,1950,44
30355.jpg,1906,1970,64
30360.jpg,1906,1920,14
30365.jpg,1906,1920,14
30370.jpg,1906,1950,44
30375.jpg,1906,1950,44
30380.jpg,1906,1900,-6
30385.jpg,1906,1900,-6
30390.jpg,1906,1900,-6
30395.jpg,1906,1900,-6
30400.jpg,1906,1950,44
30405.jpg,1906,1900,-6
30410.jpg,1906,1900,-6
30415.jpg,1906,1950,44
30420.jpg,1906,1950,44
30425.jpg,1906,1950,44
30430.jpg,1906,1950,44
30435.jpg,1906,1950,44
30440.jpg,1906,1990,84
30445.jpg,1906,1900,-6
30450.jpg,1906,1900,-6
30455.jpg,1906,1900,-6
30460.jpg,1906,1900,-6
30465.jpg,1906,1900,-6
30470.jpg,1906,1850,-56
30475.jpg,1906,1950,44
30480.jpg,1906,1950,44
30485.jpg,1906,1950,44
30490.jpg,1906,1900,-6
30495.jpg,1906,1900,-6
30500.jpg,1906,1950,44
30505.jpg,1906,1950,44
30510.jpg,1906,1900,-6
30515.jpg,1906,1950,44
30520.jpg,1906,1950,44
30525.jpg,1906,1900,-6
30530.jpg,1906,1900,-6
30535.jpg,1906,1900,-6
30540.jpg,1906,1900,-6
30545.jpg,1906,1950,44
30550.jpg,1906,1950,44
30555.jpg,1906,1900,-6
30560.jpg,1906,1900,-6
30565.jpg,1906,1900,-6
30570.jpg,1906,1950,44
30575.jpg,1906,1950,44
30580.jpg,1906,1950,44
30585.jpg,1906,1900,-6
30590.jpg,1906,1950,44
30595.jpg,1906,1950,44
30600.jpg,1906,1900,-6
30605.jpg,1906,1900,-6
30610.jpg,1906,1900,-6
30615.jpg,1906,1950,44
30620.jpg,1906,1900,-6
30625.jpg,1906,1900,-6
30630.jpg,1906,1900,-6
30635.jpg,1906,1950,44
30640.jpg,1906,1900,-6
30645.jpg,1906,1900,-6
30650.jpg,1906,1900,-6
30655.jpg,1906,1900,-6
30665.jpg,1906,1900,-6
30670.jpg,1906,1900,-6
30685.jpg,1906,1900,-6
30690.jpg,1906,1950,44
30695.jpg,1906,1950,44
30700.jpg,1906,1950,44
30705.jpg,1906,1900,-6
30710.jpg,1906,1950,44
30715.jpg,1906,1970,64
30720.jpg,1906,1950,44
30725.jpg,1906,1950,44
30730.jpg,1906,1950,44
30740.jpg,1906,1900,-6
30745.jpg,1906,1900,-6
30750.jpg,1906,1900,-6
30760.jpg,1907,1900,-7
30765.jpg,1907,1950,43
30770.jpg,1907,1900,-7
30780.jpg,1907,1950,43
30785.jpg,1907,1950,43
30790.jpg,1907,1990,83
30795.jpg,1907,1850,-57
30800.jpg,1907,1900,-7
30805.jpg,1907,1850,-57
30810.jpg,1907,1900,-7
30815.jpg,1907,1950,43
30820.jpg,1907,1950,43
30825.jpg,1907,1950,43
30830.jpg,1907,1920,13
30835.jpg,1907,1920,13
30840.jpg,1907,1920,13
30845.jpg,1907,1950,43
30855.jpg,1907,1950,43
30860.jpg,1907,1950,43
30865.jpg,1907,1950,43
30870.jpg,1907,1950,43
30875.jpg,1907,1950,43
30880.jpg,1907,1950,43
30885.jpg,1907,1900,-7
30895.jpg,1907,1950,43
30900.jpg,1907,1900,-7
30905.jpg,1907,1920,13
30910.jpg,1907,1970,63
30915.jpg,1907,1950,43
30920.jpg,1907,1970,63
30925.jpg,1907,1950,43
30930.jpg,1907,1900,-7
30935.jpg,1907,1950,43
30940.jpg,1907,1990,83
30945.jpg,1907,1970,63
30950.jpg,1907,1900,-7
30955.jpg,1907,1900,-7
30960.jpg,1907,1900,-7
30965.jpg,1907,1920,13
30970.jpg,1907,1950,43
30975.jpg,1907,1900,-7
30980.jpg,1907,1950,43
30985.jpg,1907,1950,43
30990.jpg,1907,1950,43
30995.jpg,1907,1950,43
31000.jpg,1907,1900,-7
31005.jpg,1907,1890,-17
31010.jpg,1907,1950,43
31015.jpg,1907,1950,43
31020.jpg,1907,1900,-7
31025.jpg,1907,1900,-7
31030.jpg,1907,1950,43
31035.jpg,1907,1950,43
31040.jpg,1907,1900,-7
31045.jpg,1907,1950,43
31050.jpg,1907,1900,-7
31055.jpg,1907,1850,-57
31060.jpg,1907,1900,-7
31065.jpg,1907,1900,-7
31070.jpg,1907,1900,-7
31075.jpg,1907,1950,43
31080.jpg,1907,1950,43
31085.jpg,1907,1950,43
31090.jpg,1907,1900,-7
31095.jpg,1907,1900,-7
31100.jpg,1907,1950,43
31105.jpg,1907,1900,-7
31110.jpg,1907,1950,43
31115.jpg,1907,1900,-7
31120.jpg,1907,1900,-7
31125.jpg,1907,1900,-7
31130.jpg,1907,1950,43
31135.jpg,1907,1900,-7
31140.jpg,1907,1970,63
31150.jpg,1907,1900,-7
31155.jpg,1907,1950,43
31160.jpg,1907,1950,43
31165.jpg,1907,1950,43
31170.jpg,1907,1950,43
31175.jpg,1907,1950,43
31180.jpg,1907,1950,43
31185.jpg,1907,1950,43
31190.jpg,1907,1980,73
31195.jpg,1907,1950,43
31200.jpg,1907,1960,53
31205.jpg,1907,1950,43
31210.jpg,1907,1900,-7
31215.jpg,1907,1960,53
31220.jpg,1907,1900,-7
31225.jpg,1907,1950,43
31230.jpg,1907,1950,43
31235.jpg,1907,1900,-7
31240.jpg,1907,1900,-7
31245.jpg,1907,1900,-7
31250.jpg,1907,1950,43
31255.jpg,1907,1900,-7
31260.jpg,1907,1950,43
31265.jpg,1907,1900,-7
31270.jpg,1907,1950,43
31275.jpg,1907,1900,-7
31280.jpg,1907,1900,-7
31285.jpg,1907,1950,43
31290.jpg,1907,1900,-7
31295.jpg,1907,1960,53
31300.jpg,1907,1980,73
31305.jpg,1907,1950,43
31310.jpg,1908,1800,-108
31315.jpg,1908,1950,42
31320.jpg,1908,1950,42
31325.jpg,1908,1920,12
31330.jpg,1908,1900,-8
31335.jpg,1908,1950,42
31345.jpg,1908,1950,42
31350.jpg,1908,1950,42
31355.jpg,1908,1950,42
31360.jpg,1908,1950,42
31365.jpg,1908,1900,-8
31370.jpg,1908,1950,42
31380.jpg,1908,1900,-8
31385.jpg,1908,1950,42
31390.jpg,1908,1900,-8
31395.jpg,1908,1920,12
31400.jpg,1908,1920,12
31405.jpg,1908,1950,42
31410.jpg,1908,1900,-8
31415.jpg,1908,1950,42
31420.jpg,1908,1900,-8
31425.jpg,1908,1950,42
31430.jpg,1908,1900,-8
31435.jpg,1908,1970,62
31440.jpg,1908,1900,-8
31445.jpg,1908,1900,-8
31450.jpg,1908,1950,42
31455.jpg,1908,1950,42
31460.jpg,1908,1900,-8
31465.jpg,1908,1950,42
31470.jpg,1908,1950,42
31475.jpg,1908,1900,-8
31480.jpg,1908,1900,-8
31485.jpg,1908,1850,-58
31490.jpg,1908,1800,-108
31500.jpg,1908,1950,42
31505.jpg,1908,1920,12
31510.jpg,1908,1900,-8
31515.jpg,1908,1900,-8
31520.jpg,1908,1950,42
31525.jpg,1908,1900,-8
31530.jpg,1908,1970,62
31535.jpg,1908,1950,42
31540.jpg,1908,1900,-8
31545.jpg,1908,1920,12
31550.jpg,1908,1900,-8
31555.jpg,1908,1900,-8
31560.jpg,1908,1950,42
31565.jpg,1908,1900,-8
31570.jpg,1908,1850,-58
31575.jpg,1908,1900,-8
31580.jpg,1908,1950,42
31585.jpg,1908,1950,42
31590.jpg,1908,1950,42
31595.jpg,1908,1900,-8
31600.jpg,1908,1900,-8
31605.jpg,1908,1970,62
31610.jpg,1908,1950,42
31620.jpg,1908,1950,42
31625.jpg,1908,1960,52
31630.jpg,1908,1950,42
31635.jpg,1908,1950,42
31640.jpg,1908,1950,42
31645.jpg,1908,1950,42
31650.jpg,1908,1950,42
31655.jpg,1908,1900,-8
31660.jpg,1908,1980,72
31665.jpg,1908,1900,-8
31670.jpg,1908,1900,-8
31675.jpg,1908,1900,-8
31680.jpg,1908,1900,-8
31685.jpg,1908,1900,-8
31690.jpg,1908,1950,42
31695.jpg,1908,1920,12
31700.jpg,1908,1900,-8
31705.jpg,1908,1850,-58
31710.jpg,1908,1900,-8
31715.jpg,1908,1950,42
31720.jpg,1908,1950,42
31725.jpg,1908,1950,42
31730.jpg,1908,1920,12
31735.jpg,1908,1950,42
31740.jpg,1908,1900,-8
31745.jpg,1908,1950,42
31750.jpg,1908,1950,42
31755.jpg,1908,1950,42
31760.jpg,1908,1950,42
31765.jpg,1909,1900,-9
31770.jpg,1909,1920,11
31775.jpg,1909,1900,-9
31780.jpg,1909,1900,-9
31785.jpg,1909,1950,41
31790.jpg,1909,1990,81
31805.jpg,1909,1970,61
31815.jpg,1909,1950,41
31820.jpg,1909,1950,41
31825.jpg,1909,1950,41
31830.jpg,1909,1900,-9
31835.jpg,1909,1950,41
31840.jpg,1909,1900,-9
31845.jpg,1909,1950,41
31850.jpg,1909,1900,-9
31855.jpg,1909,1950,41
31860.jpg,1909,1900,-9
31865.jpg,1909,1920,11
31870.jpg,1909,1950,41
31875.jpg,1909,1920,11
31880.jpg,1909,1920,11
31885.jpg,1909,1930,21
31890.jpg,1909,1920,11
31895.jpg,1909,1950,41
31900.jpg,1909,1920,11
31905.jpg,1909,1950,41
31910.jpg,1909,1920,11
31915.jpg,1909,1950,41
31920.jpg,1909,1900,-9
31925.jpg,1909,1980,71
31930.jpg,1909,1900,-9
31935.jpg,1909,1950,41
31940.jpg,1909,1950,41
31945.jpg,1909,1950,41
31950.jpg,1909,1950,41
31955.jpg,1909,1920,11
31960.jpg,1909,1950,41
31970.jpg,1909,1900,-9
31975.jpg,1909,1920,11
31980.jpg,1909,1920,11
31985.jpg,1909,1900,-9
31990.jpg,1909,1900,-9
31995.jpg,1909,1950,41
32005.jpg,1909,1850,-59
32015.jpg,1909,1900,-9
32020.jpg,1909,1900,-9
32025.jpg,1909,1900,-9
32030.jpg,1909,1900,-9
32035.jpg,1909,1950,41
32045.jpg,1909,1900,-9
32050.jpg,1909,1900,-9
32055.jpg,1909,1950,41
32060.jpg,1909,1950,41
32065.jpg,1909,1950,41
32070.jpg,1909,1950,41
32075.jpg,1909,1920,11
32080.jpg,1909,1900,-9
32085.jpg,1909,1920,11
32090.jpg,1909,1950,41
32095.jpg,1909,1900,-9
32100.jpg,1909,1920,11
32105.jpg,1909,1950,41
32110.jpg,1909,1950,41
32115.jpg,1909,1920,11
32120.jpg,1909,1950,41
32125.jpg,1909,1950,41
32130.jpg,1909,1950,41
32135.jpg,1909,1950,41
32140.jpg,1909,1900,-9
32145.jpg,1909,1950,41
32150.jpg,1909,1850,-59
32155.jpg,1909,1950,41
32160.jpg,1909,1900,-9
32165.jpg,1909,1950,41
32170.jpg,1909,1950,41
32175.jpg,1909,1950,41
32180.jpg,1909,1950,41
32185.jpg,1909,1900,-9
32190.jpg,1909,1900,-9
32195.jpg,1909,1900,-9
32200.jpg,1909,1950,41
32205.jpg,1909,1950,41
32210.jpg,1909,1900,-9
32215.jpg,1909,1920,11
32220.jpg,1909,1900,-9
32225.jpg,1909,1950,41
32230.jpg,1910,1800,-110
32235.jpg,1910,1900,-10
32240.jpg,1910,1920,10
32245.jpg,1910,1900,-10
32255.jpg,1910,1900,-10
32260.jpg,1910,1950,40
32265.jpg,1910,1980,70
32270.jpg,1910,1950,40
32275.jpg,1910,1980,70
32280.jpg,1910,1950,40
32285.jpg,1910,1900,-10
32290.jpg,1910,1950,40
32295.jpg,1910,1950,40
32300.jpg,1910,1900,-10
32305.jpg,1910,1950,40
32310.jpg,1910,1900,-10
32315.jpg,1910,1950,40
32320.jpg,1910,1900,-10
32325.jpg,1910,1920,10
32330.jpg,1910,1920,10
32335.jpg,1910,1920,10
32340.jpg,1910,1900,-10
32345.jpg,1910,1900,-10
32350.jpg,1910,1900,-10
32355.jpg,1910,1900,-10
32360.jpg,1910,1950,40
32365.jpg,1910,1950,40
32370.jpg,1910,1970,60
32375.jpg,1910,1950,40
32380.jpg,1910,1900,-10
32385.jpg,1910,1980,70
32390.jpg,1910,1950,40
32395.jpg,1910,1950,40
32400.jpg,1910,1950,40
32405.jpg,1910,1900,-10
32410.jpg,1910,1920,10
32415.jpg,1910,1900,-10
32420.jpg,1910,1900,-10
32425.jpg,1910,1850,-60
32430.jpg,1910,1900,-10
32435.jpg,1910,1900,-10
32440.jpg,1910,1950,40
32445.jpg,1910,1900,-10
32450.jpg,1910,1900,-10
32455.jpg,1910,1900,-10
32460.jpg,1910,1950,40
32465.jpg,1910,1920,10
32470.jpg,1910,1950,40
32475.jpg,1910,1950,40
32480.jpg,1910,1950,40
32485.jpg,1910,1950,40
32490.jpg,1910,1900,-10
32495.jpg,1910,1950,40
32500.jpg,1910,1900,-10
32505.jpg,1910,1950,40
32510.jpg,1910,1970,60
32515.jpg,1910,1950,40
32520.jpg,1910,1900,-10
32525.jpg,1910,1900,-10
32530.jpg,1910,1900,-10
32535.jpg,1910,1950,40
32540.jpg,1910,1950,40
32545.jpg,1910,1950,40
32550.jpg,1910,1900,-10
32555.jpg,1910,1950,40
32560.jpg,1910,1980,70
32565.jpg,1910,1900,-10
32570.jpg,1910,1900,-10
32575.jpg,1910,1900,-10
32580.jpg,1910,1950,40
32585.jpg,1910,1950,40
32590.jpg,1910,1900,-10
32595.jpg,1910,1900,-10
32600.jpg,1910,1900,-10
32605.jpg,1910,1950,40
32610.jpg,1910,1950,40
32615.jpg,1910,1950,40
32620.jpg,1910,1950,40
32625.jpg,1910,1950,40
32630.jpg,1910,1950,40
32635.jpg,1910,1950,40
32640.jpg,1910,1950,40
32645.jpg,1910,1950,40
32650.jpg,1910,1900,-10
32655.jpg,1910,1950,40
32660.jpg,1910,1950,40
32665.jpg,1910,1900,-10
32675.jpg,1910,1900,-10
32680.jpg,1910,1900,-10
32685.jpg,1910,1950,40
32690.jpg,1910,1900,-10
32695.jpg,1910,1950,40
32700.jpg,1910,1950,40
32705.jpg,1910,1850,-60
32710.jpg,1910,1950,40
32715.jpg,1910,1950,40
32720.jpg,1910,1950,40
32725.jpg,1910,1920,10
32730.jpg,1910,1970,60
32735.jpg,1910,1850,-60
32740.jpg,1911,1900,-11
32745.jpg,1911,1950,39
32750.jpg,1911,1920,9
32755.jpg,1911,1930,19
32760.jpg,1911,1920,9
32765.jpg,1911,1900,-11
32770.jpg,1911,1900,-11
32775.jpg,1911,1950,39
32780.jpg,1911,1990,79
32785.jpg,1911,1990,79
32790.jpg,1911,1900,-11
32795.jpg,1911,1917,6
32800.jpg,1911,1950,39
32805.jpg,1911,1900,-11
32810.jpg,1911,1950,39
32815.jpg,1911,1900,-11
32820.jpg,1911,1950,39
32825.jpg,1911,1950,39
32830.jpg,1911,1950,39
32835.jpg,1911,1920,9
32840.jpg,1911,1970,59
32845.jpg,1911,1900,-11
32850.jpg,1911,1920,9
32855.jpg,1911,1950,39
32860.jpg,1911,1950,39
32865.jpg,1911,1950,39
32870.jpg,1911,1950,39
32875.jpg,1911,1920,9
32885.jpg,1911,1900,-11
32890.jpg,1911,1950,39
32895.jpg,1911,1950,39
32900.jpg,1911,1900,-11
32905.jpg,1911,1950,39
32910.jpg,1911,1950,39
32915.jpg,1911,1950,39
32920.jpg,1911,1900,-11
32925.jpg,1911,1920,9
32930.jpg,1911,1920,9
32935.jpg,1911,1970,59
32940.jpg,1911,1950,39
32945.jpg,1911,1950,39
32950.jpg,1911,2010,99
32955.jpg,1911,1930,19
32960.jpg,1911,1950,39
32965.jpg,1911,1950,39
32970.jpg,1911,1900,-11
32975.jpg,1911,1900,-11
32980.jpg,1911,1900,-11
32985.jpg,1911,1920,9
32990.jpg,1911,1950,39
32995.jpg,1911,1900,-11
33000.jpg,1911,1970,59
33005.jpg,1911,1900,-11
33010.jpg,1911,1950,39
33015.jpg,1911,1900,-11
33020.jpg,1911,1950,39
33025.jpg,1911,1900,-11
33030.jpg,1911,1900,-11
33035.jpg,1911,1970,59
33040.jpg,1911,1950,39
33045.jpg,1911,1900,-11
33050.jpg,1911,1970,59
33055.jpg,1911,1950,39
33060.jpg,1911,1950,39
33065.jpg,1911,1950,39
33070.jpg,1911,1950,39
33075.jpg,1911,1900,-11
33080.jpg,1911,1920,9
33085.jpg,1911,1900,-11
33090.jpg,1911,1900,-11
33095.jpg,1911,1900,-11
33100.jpg,1911,1900,-11
33105.jpg,1911,1890,-21
33110.jpg,1911,1950,39
33115.jpg,1911,1900,-11
33120.jpg,1911,1900,-11
33125.jpg,1911,1970,59
33130.jpg,1911,1950,39
33135.jpg,1911,1950,39
33140.jpg,1911,1900,-11
33145.jpg,1911,1900,-11
33150.jpg,1911,1900,-11
33155.jpg,1911,1970,59
33160.jpg,1911,1950,39
33165.jpg,1911,1900,-11
33170.jpg,1911,1950,39
33175.jpg,1911,1970,59
33180.jpg,1911,1950,39
33185.jpg,1911,1900,-11
33190.jpg,1911,1950,39
33195.jpg,1911,1980,69
33200.jpg,1911,1950,39
33205.jpg,1911,1900,-11
33210.jpg,1911,1900,-11
33215.jpg,1911,1950,39
33220.jpg,1911,1920,9
33225.jpg,1911,1950,39
33230.jpg,1911,1900,-11
33235.jpg,1911,1900,-11
33240.jpg,1911,1900,-11
33245.jpg,1911,1920,9
33250.jpg,1911,1950,39
33255.jpg,1911,1900,-11
33260.jpg,1911,1950,39
33265.jpg,1911,1950,39
33270.jpg,1911,1900,-11
33275.jpg,1911,1900,-11
33280.jpg,1912,1920,8
33285.jpg,1912,1920,8
33290.jpg,1912,1900,-12
33295.jpg,1912,1900,-12
33300.jpg,1912,1920,8
33310.jpg,1912,1980,68
33315.jpg,1912,1980,68
33320.jpg,1912,1980,68
33325.jpg,1912,1900,-12
33330.jpg,1912,1950,38
33335.jpg,1912,1950,38
33340.jpg,1912,1950,38
33345.jpg,1912,1950,38
33350.jpg,1912,1950,38
33355.jpg,1912,1950,38
33360.jpg,1912,1950,38
33365.jpg,1912,1900,-12
33375.jpg,1912,1950,38
33380.jpg,1912,1950,38
33385.jpg,1912,1950,38
33390.jpg,1912,1920,8
33395.jpg,1912,1980,68
33400.jpg,1912,1920,8
33405.jpg,1912,1980,68
33410.jpg,1912,1950,38
33415.jpg,1912,1950,38
33420.jpg,1912,1900,-12
33425.jpg,1912,1950,38
33430.jpg,1912,1950,38
33435.jpg,1912,1900,-12
33440.jpg,1912,1950,38
33445.jpg,1912,1950,38
33450.jpg,1912,1950,38
33455.jpg,1912,1950,38
33460.jpg,1912,1950,38
33465.jpg,1912,1900,-12
33470.jpg,1912,1950,38
33475.jpg,1912,1900,-12
33480.jpg,1912,1950,38
33485.jpg,1912,1980,68
33490.jpg,1912,1900,-12
33495.jpg,1912,1950,38
33500.jpg,1912,1900,-12
33505.jpg,1912,1850,-62
33510.jpg,1912,1950,38
33515.jpg,1912,1950,38
33520.jpg,1912,1950,38
33525.jpg,1912,1950,38
33530.jpg,1912,1950,38
33535.jpg,1912,1900,-12
33540.jpg,1912,1900,-12
33545.jpg,1912,1950,38
33550.jpg,1912,1920,8
33555.jpg,1912,1900,-12
33560.jpg,1912,1900,-12
33565.jpg,1912,1950,38
33570.jpg,1912,1900,-12
33580.jpg,1912,1850,-62
33585.jpg,1912,1900,-12
33590.jpg,1912,1900,-12
33595.jpg,1912,1950,38
33600.jpg,1912,1900,-12
33605.jpg,1912,1900,-12
33615.jpg,1912,1950,38
33620.jpg,1912,1970,58
33625.jpg,1912,1950,38
33630.jpg,1912,1950,38
33635.jpg,1912,1960,48
33640.jpg,1912,1900,-12
33645.jpg,1912,1950,38
33650.jpg,1912,1900,-12
33655.jpg,1912,1920,8
33660.jpg,1912,1900,-12
33665.jpg,1912,1900,-12
33670.jpg,1912,1950,38
33675.jpg,1912,1970,58
33680.jpg,1912,1900,-12
33685.jpg,1912,1950,38
33690.jpg,1912,1970,58
33695.jpg,1912,1960,48
33700.jpg,1912,1950,38
33705.jpg,1912,1950,38
33710.jpg,1912,1920,8
33715.jpg,1912,1950,38
33720.jpg,1912,1900,-12
33725.jpg,1912,1950,38
33735.jpg,1912,1900,-12
33740.jpg,1912,1950,38
33745.jpg,1912,1980,68
33750.jpg,1912,1900,-12
33755.jpg,1912,1950,38
33760.jpg,1912,1900,-12
33765.jpg,1913,1950,37
33770.jpg,1913,1900,-13
33775.jpg,1913,1900,-13
33780.jpg,1913,1920,7
33785.jpg,1913,1950,37
33790.jpg,1913,1950,37
33795.jpg,1913,1900,-13
33800.jpg,1913,1900,-13
33805.jpg,1913,1900,-13
33810.jpg,1913,1950,37
33815.jpg,1913,1950,37
33820.jpg,1913,1950,37
33825.jpg,1913,1950,37
33830.jpg,1913,1930,17
33840.jpg,1913,1950,37
33845.jpg,1913,1950,37
33850.jpg,1913,1900,-13
33855.jpg,1913,1950,37
33860.jpg,1913,1900,-13
33865.jpg,1913,1950,37
33870.jpg,1913,1900,-13
33875.jpg,1913,1920,7
33880.jpg,1913,1920,7
33885.jpg,1913,1920,7
33890.jpg,1913,1920,7
33895.jpg,1913,1950,37
33900.jpg,1913,1920,7
33905.jpg,1913,1900,-13
33910.jpg,1913,1900,-13
33915.jpg,1913,1950,37
33920.jpg,1913,1920,7
33925.jpg,1913,1950,37
33930.jpg,1913,1950,37
33935.jpg,1913,1900,-13
33940.jpg,1913,1950,37
33945.jpg,1913,1950,37
33950.jpg,1913,1950,37
33955.jpg,1913,1950,37
33960.jpg,1913,1900,-13
33965.jpg,1913,1950,37
33970.jpg,1913,1950,37
33975.jpg,1913,1920,7
33980.jpg,1913,1950,37
33985.jpg,1913,1950,37
33990.jpg,1913,1900,-13
33995.jpg,1913,1950,37
34000.jpg,1913,1900,-13
34005.jpg,1913,1950,37
34010.jpg,1913,1900,-13
34015.jpg,1913,1950,37
34020.jpg,1913,1950,37
34025.jpg,1913,1950,37
34030.jpg,1913,1950,37
34035.jpg,1913,1950,37
34040.jpg,1913,1950,37
34045.jpg,1913,1950,37
34050.jpg,1913,1950,37
34055.jpg,1913,1950,37
34060.jpg,1913,1950,37
34065.jpg,1913,1900,-13
34070.jpg,1913,1900,-13
34080.jpg,1913,1950,37
34085.jpg,1913,1900,-13
34090.jpg,1913,1950,37
34095.jpg,1913,1950,37
34100.jpg,1913,1900,-13
34105.jpg,1913,1900,-13
34110.jpg,1913,1900,-13
34115.jpg,1913,1920,7
34120.jpg,1913,1950,37
34125.jpg,1913,1950,37
34130.jpg,1913,1900,-13
34135.jpg,1913,1920,7
34140.jpg,1913,1950,37
34145.jpg,1913,1950,37
34150.jpg,1913,1900,-13
34155.jpg,1913,1950,37
34160.jpg,1913,1950,37
34165.jpg,1913,1920,7
34170.jpg,1913,1920,7
34175.jpg,1913,1900,-13
34180.jpg,1913,1900,-13
34185.jpg,1913,1900,-13
34190.jpg,1913,1950,37
34195.jpg,1913,1900,-13
34200.jpg,1913,1950,37
34205.jpg,1913,1920,7
34210.jpg,1913,1900,-13
34215.jpg,1913,1950,37
34220.jpg,1913,1950,37
34225.jpg,1914,1950,36
34230.jpg,1914,1920,6
34235.jpg,1914,1920,6
34240.jpg,1914,1900,-14
34245.jpg,1914,1970,56
34250.jpg,1914,1950,36
34260.jpg,1914,2010,96
34265.jpg,1914,1950,36
34270.jpg,1914,1930,16
34275.jpg,1914,1950,36
34280.jpg,1914,1900,-14
34285.jpg,1914,1950,36
34290.jpg,1914,1950,36
34295.jpg,1914,1950,36
34300.jpg,1914,1950,36
34305.jpg,1914,1920,6
34310.jpg,1914,1950,36
34315.jpg,1914,1950,36
34320.jpg,1914,1900,-14
34325.jpg,1914,1900,-14
34330.jpg,1914,1950,36
34335.jpg,1914,1950,36
34345.jpg,1914,1950,36
34350.jpg,1914,1900,-14
34360.jpg,1914,1950,36
34365.jpg,1914,1950,36
34370.jpg,1914,1950,36
34375.jpg,1914,1950,36
34380.jpg,1914,1950,36
34385.jpg,1914,1950,36
34390.jpg,1914,1950,36
34395.jpg,1914,1900,-14
34400.jpg,1914,1950,36
34405.jpg,1914,1950,36
34410.jpg,1914,1950,36
34415.jpg,1914,1900,-14
34420.jpg,1914,1950,36
34425.jpg,1914,1900,-14
34430.jpg,1914,1950,36
34435.jpg,1914,1920,6
34440.jpg,1914,1950,36
34445.jpg,1914,1900,-14
34450.jpg,1914,1950,36
34455.jpg,1914,1900,-14
34460.jpg,1914,1900,-14
34465.jpg,1914,1950,36
34470.jpg,1914,1950,36
34475.jpg,1914,1900,-14
34480.jpg,1914,1950,36
34485.jpg,1914,1950,36
34490.jpg,1914,1950,36
34495.jpg,1914,1900,-14
34500.jpg,1914,1900,-14
34505.jpg,1914,1980,66
34515.jpg,1914,1900,-14
34520.jpg,1914,1900,-14
34525.jpg,1914,1900,-14
34530.jpg,1914,1900,-14
34535.jpg,1914,1900,-14
34540.jpg,1914,1950,36
34545.jpg,1914,1950,36
34550.jpg,1914,1950,36
34555.jpg,1914,1900,-14
34560.jpg,1914,1950,36
34565.jpg,1914,1920,6
34570.jpg,1914,1950,36
34575.jpg,1914,1950,36
34580.jpg,1914,1950,36
34590.jpg,1914,1950,36
34595.jpg,1914,1950,36
34600.jpg,1914,1900,-14
34605.jpg,1914,1900,-14
34610.jpg,1914,1900,-14
34615.jpg,1914,1950,36
34620.jpg,1914,1900,-14
34625.jpg,1914,1950,36
34630.jpg,1914,1900,-14
34635.jpg,1914,1900,-14
34640.jpg,1914,1900,-14
34645.jpg,1914,1920,6
34650.jpg,1914,1950,36
34655.jpg,1914,1950,36
34660.jpg,1914,1970,56
34665.jpg,1914,1950,36
34670.jpg,1914,1900,-14
34675.jpg,1914,1950,36
34680.jpg,1914,1920,6
34685.jpg,1914,1950,36
34690.jpg,1914,1950,36
34695.jpg,1914,1900,-14
34700.jpg,1914,1950,36
34705.jpg,1914,1950,36
34710.jpg,1914,1950,36
34715.jpg,1914,1900,-14
34720.jpg,1915,1900,-15
34725.jpg,1915,1950,35
34730.jpg,1915,1920,5
34735.jpg,1915,1920,5
34740.jpg,1915,1916,1
34750.jpg,1915,1980,65
34755.jpg,1915,1960,45
34765.jpg,1915,1900,-15
34770.jpg,1915,1950,35
34775.jpg,1915,1900,-15
34780.jpg,1915,1950,35
34785.jpg,1915,1950,35
34790.jpg,1915,1950,35
34795.jpg,1915,1950,35
34800.jpg,1915,1950,35
34805.jpg,1915,1900,-15
34810.jpg,1915,1960,45
34815.jpg,1915,1950,35
34820.jpg,1915,1980,65
34825.jpg,1915,1950,35
34830.jpg,1915,1900,-15
34835.jpg,1915,1950,35
34840.jpg,1915,1950,35
34845.jpg,1915,1950,35
34850.jpg,1915,1950,35
34855.jpg,1915,1900,-15
34860.jpg,1915,1950,35
34865.jpg,1915,1920,5
34870.jpg,1915,1950,35
34875.jpg,1915,1950,35
34880.jpg,1915,1900,-15
34885.jpg,1915,1950,35
34890.jpg,1915,1900,-15
34895.jpg,1915,1950,35
34900.jpg,1915,1950,35
34905.jpg,1915,1900,-15
34910.jpg,1915,1970,55
34915.jpg,1915,1920,5
34920.jpg,1915,1950,35
34925.jpg,1915,1900,-15
34930.jpg,1915,1950,35
34935.jpg,1915,1900,-15
34940.jpg,1915,1900,-15
34945.jpg,1915,1950,35
34950.jpg,1915,1950,35
34955.jpg,1915,1950,35
34960.jpg,1915,1950,35
34965.jpg,1915,1980,65
34970.jpg,1915,1950,35
34975.jpg,1915,1950,35
34980.jpg,1915,1900,-15
34985.jpg,1915,1900,-15
34990.jpg,1915,1950,35
34995.jpg,1915,1900,-15
35000.jpg,1915,1900,-15
35005.jpg,1915,1950,35
35010.jpg,1915,1950,35
35015.jpg,1915,1950,35
35020.jpg,1915,1950,35
35025.jpg,1915,1900,-15
35030.jpg,1915,1900,-15
35035.jpg,1915,1900,-15
35040.jpg,1915,1950,35
35045.jpg,1915,1950,35
35050.jpg,1915,1970,55
35055.jpg,1915,1950,35
35060.jpg,1915,1950,35
35065.jpg,1915,1950,35
35070.jpg,1915,1900,-15
35075.jpg,1915,1950,35
35080.jpg,1915,1950,35
35085.jpg,1915,1950,35
35090.jpg,1915,1950,35
35095.jpg,1915,1950,35
35100.jpg,1915,1950,35
35105.jpg,1915,1950,35
35110.jpg,1915,1950,35
35115.jpg,1915,1950,35
35120.jpg,1915,1900,-15
35125.jpg,1915,1900,-15
35130.jpg,1915,1920,5
35135.jpg,1915,1900,-15
35140.jpg,1915,1900,-15
35145.jpg,1915,1950,35
35150.jpg,1915,1950,35
35155.jpg,1915,1950,35
35160.jpg,1916,1920,4
35165.jpg,1916,1950,34
35170.jpg,1916,1950,34
35175.jpg,1916,2010,94
35180.jpg,1916,1900,-16
35185.jpg,1916,1920,4
35190.jpg,1916,1950,34
35195.jpg,1916,1960,44
35200.jpg,1916,1950,34
35205.jpg,1916,1950,34
35210.jpg,1916,1950,34
35215.jpg,1916,1900,-16
35220.jpg,1916,1950,34
35225.jpg,1916,1920,4
35230.jpg,1916,1950,34
35235.jpg,1916,1920,4
35240.jpg,1916,1950,34
35245.jpg,1916,1920,4
35250.jpg,1916,1900,-16
35255.jpg,1916,1980,64
35260.jpg,1916,1950,34
35265.jpg,1916,1950,34
35270.jpg,1916,1900,-16
35275.jpg,1916,1900,-16
35280.jpg,1916,1950,34
35285.jpg,1916,1900,-16
35290.jpg,1916,1900,-16
35295.jpg,1916,1900,-16
35300.jpg,1916,1950,34
35305.jpg,1916,1970,54
35310.jpg,1916,1900,-16
35315.jpg,1916,1950,34
35320.jpg,1916,1950,34
35325.jpg,1916,1920,4
35330.jpg,1916,1950,34
35335.jpg,1916,1900,-16
35340.jpg,1916,1950,34
35345.jpg,1916,1950,34
35350.jpg,1916,1950,34
35355.jpg,1916,1950,34
35360.jpg,1916,1950,34
35365.jpg,1916,1950,34
35370.jpg,1916,1900,-16
35375.jpg,1916,1950,34
35380.jpg,1916,1900,-16
35385.jpg,1916,1950,34
35390.jpg,1916,1950,34
35395.jpg,1916,1950,34
35400.jpg,1916,1950,34
35405.jpg,1916,1900,-16
35410.jpg,1916,1950,34
35415.jpg,1916,1900,-16
35420.jpg,1916,1900,-16
35425.jpg,1916,1950,34
35430.jpg,1916,1950,34
35435.jpg,1916,1900,-16
35440.jpg,1916,1900,-16
35445.jpg,1916,1950,34
35450.jpg,1916,1950,34
35455.jpg,1916,1900,-16
35460.jpg,1916,1950,34
35465.jpg,1916,1950,34
35470.jpg,1916,1950,34
35475.jpg,1916,1900,-16
35480.jpg,1916,1950,34
35485.jpg,1916,1900,-16
35490.jpg,1916,1950,34
35495.jpg,1916,1950,34
35500.jpg,1916,1950,34
35505.jpg,1916,1900,-16
35510.jpg,1916,1850,-66
35515.jpg,1916,1950,34
35520.jpg,1916,1950,34
35525.jpg,1916,1920,4
35530.jpg,1916,1950,34
35535.jpg,1917,1900,-17
35540.jpg,1917,1950,33
35545.jpg,1917,1900,-17
35550.jpg,1917,1920,3
35555.jpg,1917,1920,3
35560.jpg,1917,1950,33
35565.jpg,1917,1990,73
35570.jpg,1917,1950,33
35575.jpg,1917,1950,33
35580.jpg,1917,1900,-17
35585.jpg,1917,1950,33
35590.jpg,1917,1950,33
35595.jpg,1917,1950,33
35600.jpg,1917,1950,33
35605.jpg,1917,1920,3
35610.jpg,1917,1950,33
35615.jpg,1917,1950,33
35620.jpg,1917,1940,23
35625.jpg,1917,1900,-17
35630.jpg,1917,1950,33
35635.jpg,1917,1950,33
35640.jpg,1917,1900,-17
35645.jpg,1917,1950,33
35650.jpg,1917,1950,33
35655.jpg,1917,1950,33
35660.jpg,1917,1960,43
35665.jpg,1917,1970,53
35670.jpg,1917,1970,53
35675.jpg,1917,1950,33
35680.jpg,1917,1950,33
35685.jpg,1917,1850,-67
35690.jpg,1917,1950,33
35695.jpg,1917,1950,33
35700.jpg,1917,1900,-17
35705.jpg,1917,1970,53
35710.jpg,1917,1950,33
35715.jpg,1917,1950,33
35720.jpg,1917,1950,33
35725.jpg,1917,2010,93
35730.jpg,1917,1980,63
35735.jpg,1917,1950,33
35740.jpg,1917,1980,63
35745.jpg,1917,1950,33
35750.jpg,1917,1950,33
35755.jpg,1917,1950,33
35760.jpg,1917,1950,33
35765.jpg,1917,1950,33
35770.jpg,1917,1950,33
35775.jpg,1917,1950,33
35780.jpg,1917,1950,33
35785.jpg,1917,1980,63
35790.jpg,1917,1950,33
35795.jpg,1917,1920,3
35800.jpg,1917,1950,33
35805.jpg,1917,1950,33
35810.jpg,1917,1950,33
35815.jpg,1917,1920,3
35820.jpg,1917,1950,33
35825.jpg,1917,1950,33
35830.jpg,1917,1950,33
35835.jpg,1917,1950,33
35840.jpg,1917,1900,-17
35845.jpg,1917,1950,33
35850.jpg,1917,1900,-17
35855.jpg,1917,1970,53
35860.jpg,1917,1900,-17
35865.jpg,1917,1950,33
35870.jpg,1917,1950,33
35875.jpg,1917,1900,-17
35880.jpg,1917,1971,54
35885.jpg,1917,1950,33
35890.jpg,1917,1900,-17
35895.jpg,1917,1950,33
35900.jpg,1917,1950,33
35905.jpg,1917,1920,3
35910.jpg,1917,1900,-17
35915.jpg,1917,1950,33
35920.jpg,1918,1950,32
35925.jpg,1918,1980,62
35930.jpg,1918,1900,-18
35935.jpg,1918,1990,72
35940.jpg,1918,1950,32
35945.jpg,1918,1950,32
35950.jpg,1918,1950,32
35955.jpg,1918,1950,32
35960.jpg,1918,1920,2
35965.jpg,1918,1960,42
35970.jpg,1918,1950,32
35980.jpg,1918,1950,32
35985.jpg,1918,1950,32
35990.jpg,1918,1950,32
35995.jpg,1918,1900,-18
36000.jpg,1918,1900,-18
36005.jpg,1918,1950,32
36010.jpg,1918,1900,-18
36015.jpg,1918,1920,2
36020.jpg,1918,1950,32
36025.jpg,1918,1950,32
36030.jpg,1918,1950,32
36035.jpg,1918,1950,32
36040.jpg,1918,1950,32
36045.jpg,1918,1900,-18
36050.jpg,1918,1950,32
36055.jpg,1918,1850,-68
36060.jpg,1918,1950,32
36065.jpg,1918,1950,32
36070.jpg,1918,1920,2
36075.jpg,1918,1900,-18
36080.jpg,1918,1970,52
36085.jpg,1918,1900,-18
36090.jpg,1918,1920,2
36095.jpg,1918,1920,2
36100.jpg,1918,1900,-18
36105.jpg,1918,1950,32
36110.jpg,1918,1950,32
36115.jpg,1919,1920,1
36120.jpg,1919,1950,31
36130.jpg,1919,1990,71
36140.jpg,1919,1950,31
36145.jpg,1919,1950,31
36150.jpg,1919,1950,31
36155.jpg,1919,1950,31
36160.jpg,1919,1950,31
36165.jpg,1919,1950,31
36170.jpg,1919,1950,31
36175.jpg,1919,1950,31
36180.jpg,1919,1970,51
36190.jpg,1919,1960,41
36195.jpg,1919,1900,-19
36200.jpg,1919,1980,61
36205.jpg,1919,1990,71
36210.jpg,1919,1950,31
36215.jpg,1919,1950,31
36225.jpg,1919,1950,31
36230.jpg,1919,1950,31
36235.jpg,1919,1950,31
36240.jpg,1919,1950,31
36245.jpg,1919,1950,31
36250.jpg,1919,1970,51
36255.jpg,1919,1850,-69
36260.jpg,1919,1950,31
36265.jpg,1919,1950,31
36270.jpg,1919,1900,-19
36275.jpg,1919,1900,-19
36280.jpg,1919,1850,-69
36285.jpg,1919,1950,31
36290.jpg,1919,1990,71
36295.jpg,1919,1950,31
36300.jpg,1919,1920,1
36305.jpg,1919,1900,-19
36310.jpg,1919,1950,31
36315.jpg,1919,1850,-69
36320.jpg,1919,1950,31
36325.jpg,1919,1920,1
36330.jpg,1919,1950,31
36335.jpg,1919,1950,31
36340.jpg,1919,1950,31
36345.jpg,1919,1950,31
36350.jpg,1920,1950,30
36355.jpg,1920,1900,-20
36360.jpg,1920,1920,0
36365.jpg,1920,1950,30
36370.jpg,1920,1950,30
36375.jpg,1920,1950,30
36385.jpg,1920,1980,60
36390.jpg,1920,1950,30
36395.jpg,1920,1950,30
36400.jpg,1920,1900,-20
36405.jpg,1920,1950,30
36410.jpg,1920,1960,40
36415.jpg,1920,1850,-70
36420.jpg,1920,1950,30
36425.jpg,1920,1960,40
36430.jpg,1920,1930,10
36435.jpg,1920,1950,30
36440.jpg,1920,1900,-20
36445.jpg,1920,1900,-20
36450.jpg,1920,1950,30
36455.jpg,1920,1900,-20
36460.jpg,1920,1950,30
36465.jpg,1920,1900,-20
36470.jpg,1920,1900,-20
36475.jpg,1920,1900,-20
36480.jpg,1920,1900,-20
36485.jpg,1920,1950,30
36490.jpg,1920,1950,30
36495.jpg,1920,1950,30
36500.jpg,1920,1950,30
36505.jpg,1920,1950,30
36510.jpg,1920,1900,-20
36515.jpg,1920,1950,30
36520.jpg,1920,1900,-20
36525.jpg,1920,1900,-20
36530.jpg,1920,1950,30
36535.jpg,1920,1900,-20
36540.jpg,1920,1950,30
36545.jpg,1920,1950,30
36550.jpg,1920,1900,-20
36555.jpg,1920,1900,-20
36560.jpg,1920,1950,30
36565.jpg,1920,1850,-70
36570.jpg,1920,1950,30
36575.jpg,1920,1950,30
36580.jpg,1920,1950,30
36585.jpg,1920,1950,30
36590.jpg,1920,1900,-20
36595.jpg,1920,1900,-20
36600.jpg,1920,1950,30
36605.jpg,1920,1900,-20
36610.jpg,1920,1950,30
36615.jpg,1920,1950,30
36620.jpg,1920,1900,-20
36625.jpg,1920,1950,30
36630.jpg,1920,1950,30
36635.jpg,1920,1900,-20
36640.jpg,1920,1950,30
36650.jpg,1920,1900,-20
36655.jpg,1920,1950,30
36660.jpg,1920,1900,-20
36665.jpg,1920,1950,30
36670.jpg,1920,1900,-20
36675.jpg,1920,1950,30
36680.jpg,1920,1950,30
36685.jpg,1920,1900,-20
36690.jpg,1921,1920,-1
36695.jpg,1921,1950,29
36700.jpg,1921,1960,39
36705.jpg,1921,1950,29
36710.jpg,1921,1950,29
36715.jpg,1921,1920,-1
36720.jpg,1921,1980,59
36725.jpg,1921,1920,-1
36735.jpg,1921,1950,29
36740.jpg,1921,1900,-21
36745.jpg,1921,1950,29
36750.jpg,1921,1950,29
36755.jpg,1921,1950,29
36760.jpg,1921,1900,-21
36765.jpg,1921,1950,29
36770.jpg,1921,1950,29
36775.jpg,1921,1950,29
36780.jpg,1921,1950,29
36785.jpg,1921,1950,29
36790.jpg,1921,1950,29
36795.jpg,1921,1920,-1
36800.jpg,1921,1900,-21
36805.jpg,1921,1900,-21
36810.jpg,1921,1950,29
36815.jpg,1921,1950,29
36820.jpg,1921,1900,-21
36830.jpg,1921,1950,29
36835.jpg,1921,1950,29
36840.jpg,1921,1900,-21
36845.jpg,1921,1950,29
36850.jpg,1921,1950,29
36855.jpg,1921,1950,29
36860.jpg,1921,1950,29
36870.jpg,1921,1960,39
36875.jpg,1921,1950,29
36880.jpg,1921,1950,29
36885.jpg,1921,1950,29
36890.jpg,1921,1950,29
36895.jpg,1921,1960,39
36900.jpg,1921,1950,29
36905.jpg,1921,1930,9
36910.jpg,1921,1900,-21
36920.jpg,1921,1919,-2
36925.jpg,1921,1950,29
36930.jpg,1921,1950,29
36935.jpg,1921,1950,29
36940.jpg,1921,1950,29
36945.jpg,1921,1950,29
36950.jpg,1921,1950,29
36955.jpg,1921,1920,-1
36960.jpg,1921,1900,-21
36965.jpg,1921,1950,29
36970.jpg,1922,1950,28
36975.jpg,1922,1900,-22
36980.jpg,1922,1920,-2
36985.jpg,1922,1950,28
36990.jpg,1922,1920,-2
36995.jpg,1922,1960,38
37000.jpg,1922,2010,88
37005.jpg,1922,1980,58
37010.jpg,1922,1950,28
37015.jpg,1922,2010,88
37020.jpg,1922,1850,-72
37025.jpg,1922,1950,28
37030.jpg,1922,1950,28
37045.jpg,1922,1950,28
37050.jpg,1922,1950,28
37055.jpg,1922,1900,-22
37060.jpg,1922,1950,28
37065.jpg,1922,1920,-2
37070.jpg,1922,1950,28
37075.jpg,1922,1950,28
37080.jpg,1922,1950,28
37085.jpg,1922,1900,-22
37090.jpg,1922,1950,28
37095.jpg,1922,1950,28
37100.jpg,1922,1950,28
37105.jpg,1922,1900,-22
37110.jpg,1922,1900,-22
37115.jpg,1922,1850,-72
37120.jpg,1922,1950,28
37125.jpg,1922,1950,28
37130.jpg,1922,1950,28
37135.jpg,1922,1900,-22
37140.jpg,1922,1980,58
37145.jpg,1922,1900,-22
37150.jpg,1922,1950,28
37155.jpg,1922,1950,28
37160.jpg,1922,1950,28
37165.jpg,1922,1950,28
37170.jpg,1922,1950,28
37175.jpg,1922,1950,28
37180.jpg,1922,1900,-22
37185.jpg,1922,1950,28
37190.jpg,1922,1950,28
37195.jpg,1922,1850,-72
37200.jpg,1922,1950,28
37205.jpg,1922,1970,48
37210.jpg,1922,1950,28
37215.jpg,1922,1950,28
37220.jpg,1922,1950,28
37225.jpg,1922,1950,28
37230.jpg,1922,1920,-2
37235.jpg,1922,1950,28
37240.jpg,1922,1950,28
37245.jpg,1922,1950,28
37250.jpg,1922,1950,28
37255.jpg,1922,1980,58
37260.jpg,1922,1980,58
37270.jpg,1922,1920,-2
37275.jpg,1922,1950,28
37280.jpg,1922,1950,28
37285.jpg,1922,1970,48
37290.jpg,1922,1950,28
37295.jpg,1922,1970,48
37300.jpg,1922,1950,28
37305.jpg,1922,1920,-2
37310.jpg,1923,1950,27
37315.jpg,1923,1920,-3
37320.jpg,1923,1950,27
37330.jpg,1923,1990,67
37335.jpg,1923,1950,27
37340.jpg,1923,2010,87
37345.jpg,1923,2010,87
37355.jpg,1923,1950,27
37360.jpg,1923,1900,-23
37365.jpg,1923,1950,27
37370.jpg,1923,1950,27
37375.jpg,1923,1950,27
37380.jpg,1923,1950,27
37385.jpg,1923,1950,27
37390.jpg,1923,1900,-23
37395.jpg,1923,1950,27
37400.jpg,1923,1900,-23
37405.jpg,1923,1920,-3
37410.jpg,1923,1950,27
37415.jpg,1923,1930,7
37420.jpg,1923,1950,27
37425.jpg,1923,1980,57
37430.jpg,1923,1920,-3
37435.jpg,1923,1920,-3
37440.jpg,1923,1900,-23
37445.jpg,1923,1950,27
37450.jpg,1923,1950,27
37455.jpg,1923,1920,-3
37460.jpg,1923,1950,27
37465.jpg,1923,1950,27
37470.jpg,1923,1950,27
37475.jpg,1923,1950,27
37480.jpg,1923,1950,27
37485.jpg,1923,1950,27
37490.jpg,1923,1950,27
37495.jpg,1923,1980,57
37500.jpg,1923,1950,27
37505.jpg,1923,1980,57
37510.jpg,1923,1900,-23
37515.jpg,1923,1950,27
37520.jpg,1923,1900,-23
37525.jpg,1923,1900,-23
37530.jpg,1923,1950,27
37535.jpg,1923,1950,27
37540.jpg,1923,1950,27
37545.jpg,1923,1950,27
37550.jpg,1923,1950,27
37555.jpg,1923,1950,27
37560.jpg,1923,1950,27
37565.jpg,1923,1900,-23
37570.jpg,1923,1900,-23
37575.jpg,1923,1950,27
37580.jpg,1923,1950,27
37585.jpg,1923,1960,37
37590.jpg,1923,1920,-3
37595.jpg,1923,1900,-23
37600.jpg,1923,1950,27
37605.jpg,1923,1920,-3
37610.jpg,1923,1950,27
37615.jpg,1923,1900,-23
37620.jpg,1923,2010,87
37625.jpg,1923,1950,27
37630.jpg,1923,1900,-23
37635.jpg,1923,1950,27
37640.jpg,1923,1950,27
37645.jpg,1923,1900,-23
37650.jpg,1923,1950,27
37655.jpg,1923,1950,27
37660.jpg,1923,1900,-23
37665.jpg,1923,1950,27
37670.jpg,1924,1920,-4
37675.jpg,1924,1920,-4
37680.jpg,1924,1950,26
37685.jpg,1924,1920,-4
37690.jpg,1924,1900,-24
37695.jpg,1924,1920,-4
37700.jpg,1924,1920,-4
37705.jpg,1924,1990,66
37710.jpg,1924,2010,86
37715.jpg,1924,1950,26
37720.jpg,1924,1950,26
37725.jpg,1924,1950,26
37730.jpg,1924,1970,46
37735.jpg,1924,1920,-4
37740.jpg,1924,1950,26
37745.jpg,1924,1900,-24
37750.jpg,1924,1950,26
37755.jpg,1924,1950,26
37760.jpg,1924,1950,26
37765.jpg,1924,1950,26
37770.jpg,1924,1970,46
37775.jpg,1924,1950,26
37780.jpg,1924,1950,26
37785.jpg,1924,1900,-24
37790.jpg,1924,1950,26
37795.jpg,1924,1950,26
37805.jpg,1924,1950,26
37810.jpg,1924,1920,-4
37815.jpg,1924,1960,36
37820.jpg,1924,1900,-24
37825.jpg,1924,1920,-4
37830.jpg,1924,1900,-24
37835.jpg,1924,1920,-4
37845.jpg,1924,1960,36
37850.jpg,1924,1950,26
37855.jpg,1924,1950,26
37860.jpg,1924,1950,26
37865.jpg,1924,1900,-24
37870.jpg,1924,1950,26
37875.jpg,1924,1950,26
37880.jpg,1924,1950,26
37885.jpg,1924,1950,26
37890.jpg,1924,1960,36
37895.jpg,1924,1950,26
37900.jpg,1924,1950,26
37905.jpg,1924,1950,26
37910.jpg,1924,1920,-4
37915.jpg,1924,1950,26
37920.jpg,1924,1960,36
37925.jpg,1924,1950,26
37930.jpg,1924,1900,-24
37935.jpg,1924,1950,26
37940.jpg,1924,1900,-24
37945.jpg,1924,1990,66
37950.jpg,1924,1900,-24
37955.jpg,1924,1980,56
37960.jpg,1924,1960,36
37965.jpg,1924,1980,56
37970.jpg,1924,1900,-24
37975.jpg,1924,1900,-24
37980.jpg,1924,1920,-4
37985.jpg,1924,1980,56
37990.jpg,1924,1950,26
37995.jpg,1924,1950,26
38000.jpg,1924,1920,-4
38005.jpg,1924,1950,26
38010.jpg,1924,1950,26
38015.jpg,1924,1920,-4
38020.jpg,1924,1800,-124
38025.jpg,1924,1950,26
38030.jpg,1924,1950,26
38035.jpg,1924,1950,26
38040.jpg,1924,1920,-4
38045.jpg,1924,1950,26
38050.jpg,1924,1950,26
38055.jpg,1924,1920,-4
38060.jpg,1924,1850,-74
38065.jpg,1924,1920,-4
38070.jpg,1924,1950,26
38075.jpg,1924,1950,26
38080.jpg,1925,1900,-25
38085.jpg,1925,1920,-5
38090.jpg,1925,1950,25
38095.jpg,1925,1920,-5
38100.jpg,1925,1900,-25
38105.jpg,1925,1920,-5
38110.jpg,1925,1950,25
38115.jpg,1925,1980,55
38120.jpg,1925,1960,35
38125.jpg,1925,1990,65
38130.jpg,1925,2010,85
38135.jpg,1925,1990,65
38140.jpg,1925,1920,-5
38145.jpg,1925,1920,-5
38150.jpg,1925,1950,25
38155.jpg,1925,1950,25
38160.jpg,1925,1900,-25
38165.jpg,1925,1950,25
38170.jpg,1925,1900,-25
38175.jpg,1925,1950,25
38180.jpg,1925,1970,45
38185.jpg,1925,1950,25
38190.jpg,1925,1970,45
38195.jpg,1925,1950,25
38200.jpg,1925,1950,25
38205.jpg,1925,1950,25
38210.jpg,1925,1950,25
38215.jpg,1925,1950,25
38220.jpg,1925,1950,25
38225.jpg,1925,1920,-5
38230.jpg,1925,1950,25
38235.jpg,1925,1950,25
38245.jpg,1925,1950,25
38255.jpg,1925,1950,25
38260.jpg,1925,1980,55
38265.jpg,1925,1950,25
38270.jpg,1925,1850,-75
38275.jpg,1925,1950,25
38280.jpg,1925,1950,25
38285.jpg,1925,1950,25
38290.jpg,1925,1850,-75
38295.jpg,1925,1900,-25
38300.jpg,1925,1920,-5
38305.jpg,1925,1970,45
38310.jpg,1925,1900,-25
38315.jpg,1925,1950,25
38320.jpg,1925,1950,25
38325.jpg,1925,1950,25
38330.jpg,1925,1950,25
38335.jpg,1925,1950,25
38340.jpg,1925,1920,-5
38345.jpg,1925,1950,25
38350.jpg,1925,1950,25
38355.jpg,1925,1950,25
38360.jpg,1925,1950,25
38365.jpg,1925,1950,25
38370.jpg,1925,1950,25
38375.jpg,1925,1920,-5
38380.jpg,1925,1950,25
38385.jpg,1925,1950,25
38390.jpg,1925,1950,25
38395.jpg,1925,1950,25
38400.jpg,1925,1900,-25
38405.jpg,1925,1950,25
38410.jpg,1925,1950,25
38415.jpg,1925,1950,25
38420.jpg,1925,1900,-25
38425.jpg,1925,1900,-25
38435.jpg,1925,1950,25
38440.jpg,1925,1920,-5
38450.jpg,1925,1950,25
38455.jpg,1925,1970,45
38460.jpg,1925,1950,25
38465.jpg,1925,1920,-5
38470.jpg,1925,1950,25
38475.jpg,1925,1950,25
38480.jpg,1925,1900,-25
38490.jpg,1925,1900,-25
38495.jpg,1925,1950,25
38500.jpg,1925,1900,-25
38505.jpg,1925,1950,25
38510.jpg,1925,1950,25
38515.jpg,1926,1850,-76
38520.jpg,1926,1900,-26
38525.jpg,1926,1920,-6
38530.jpg,1926,1920,-6
38535.jpg,1926,1950,24
38540.jpg,1926,1920,-6
38545.jpg,1926,1900,-26
38550.jpg,1926,1920,-6
38555.jpg,1926,1980,54
38560.jpg,1926,1950,24
38565.jpg,1926,1900,-26
38570.jpg,1926,1920,-6
38575.jpg,1926,1980,54
38580.jpg,1926,1990,64
38585.jpg,1926,1970,44
38590.jpg,1926,1970,44
38595.jpg,1926,1950,24
38600.jpg,1926,1950,24
38605.jpg,1926,1970,44
38610.jpg,1926,1900,-26
38620.jpg,1926,1950,24
38625.jpg,1926,1950,24
38630.jpg,1926,1950,24
38635.jpg,1926,1950,24
38640.jpg,1926,1950,24
38645.jpg,1926,1950,24
38650.jpg,1926,1950,24
38655.jpg,1926,1950,24
38660.jpg,1926,1950,24
38665.jpg,1926,1950,24
38670.jpg,1926,1950,24
38675.jpg,1926,1950,24
38680.jpg,1926,1920,-6
38685.jpg,1926,1950,24
38690.jpg,1926,1950,24
38695.jpg,1926,1920,-6
38700.jpg,1926,1950,24
38705.jpg,1926,1900,-26
38710.jpg,1926,1920,-6
38715.jpg,1926,1950,24
38720.jpg,1926,1950,24
38725.jpg,1926,1950,24
38730.jpg,1926,1900,-26
38735.jpg,1926,1950,24
38740.jpg,1926,1950,24
38745.jpg,1926,1950,24
38750.jpg,1926,1950,24
38755.jpg,1926,1950,24
38760.jpg,1926,1950,24
38765.jpg,1926,1950,24
38770.jpg,1926,1920,-6
38775.jpg,1926,1800,-126
38780.jpg,1926,1920,-6
38785.jpg,1926,1950,24
38790.jpg,1926,1920,-6
38795.jpg,1926,1950,24
38800.jpg,1926,1950,24
38805.jpg,1926,1850,-76
38810.jpg,1926,1950,24
38815.jpg,1926,1900,-26
38820.jpg,1926,1950,24
38825.jpg,1926,1950,24
38830.jpg,1926,1900,-26
38835.jpg,1926,1950,24
38840.jpg,1926,1950,24
38845.jpg,1926,1950,24
38850.jpg,1926,1900,-26
38855.jpg,1926,1970,44
38860.jpg,1926,1950,24
38865.jpg,1926,1950,24
38870.jpg,1926,1950,24
38875.jpg,1926,1950,24
38880.jpg,1926,1920,-6
38885.jpg,1926,1900,-26
38890.jpg,1926,1950,24
38895.jpg,1926,1950,24
38905.jpg,1926,1920,-6
38910.jpg,1926,1920,-6
38915.jpg,1926,1950,24
38920.jpg,1926,1950,24
38925.jpg,1926,1950,24
38930.jpg,1926,1950,24
38935.jpg,1926,1950,24
38940.jpg,1926,1920,-6
38945.jpg,1926,1920,-6
38950.jpg,1926,1950,24
38955.jpg,1926,1980,54
38960.jpg,1926,1900,-26
38965.jpg,1926,1920,-6
38970.jpg,1926,1920,-6
38975.jpg,1926,1950,24
38980.jpg,1926,1980,54
38985.jpg,1926,1920,-6
38990.jpg,1926,1950,24
38995.jpg,1927,1920,-7
39000.jpg,1927,1920,-7
39005.jpg,1927,1950,23
39010.jpg,1927,1950,23
39020.jpg,1927,1950,23
39025.jpg,1927,1950,23
39030.jpg,1927,1920,-7
39035.jpg,1927,1920,-7
39040.jpg,1927,1920,-7
39045.jpg,1927,1950,23
39050.jpg,1927,1920,-7
39055.jpg,1927,1920,-7
39060.jpg,1927,1920,-7
39065.jpg,1927,1950,23
39070.jpg,1927,1950,23
39075.jpg,1927,1920,-7
39080.jpg,1927,1950,23
39085.jpg,1927,1990,63
39090.jpg,1927,1970,43
39110.jpg,1927,1950,23
39115.jpg,1927,1950,23
39120.jpg,1927,1920,-7
39125.jpg,1927,1950,23
39130.jpg,1927,1950,23
39135.jpg,1927,1950,23
39140.jpg,1927,1950,23
39145.jpg,1927,1950,23
39150.jpg,1927,1950,23
39155.jpg,1927,1950,23
39160.jpg,1927,1950,23
39165.jpg,1927,1950,23
39170.jpg,1927,1900,-27
39175.jpg,1927,1950,23
39180.jpg,1927,1960,33
39185.jpg,1927,1920,-7
39190.jpg,1927,1950,23
39195.jpg,1927,1950,23
39200.jpg,1927,1920,-7
39205.jpg,1927,1950,23
39210.jpg,1927,1960,33
39215.jpg,1927,1950,23
39220.jpg,1927,1950,23
39225.jpg,1927,1920,-7
39230.jpg,1927,1920,-7
39235.jpg,1927,1950,23
39240.jpg,1927,1950,23
39245.jpg,1927,1920,-7
39250.jpg,1927,1900,-27
39255.jpg,1927,1900,-27
39260.jpg,1927,1950,23
39265.jpg,1927,1950,23
39270.jpg,1927,1970,43
39275.jpg,1927,1970,43
39280.jpg,1927,1950,23
39285.jpg,1927,1950,23
39290.jpg,1927,1970,43
39295.jpg,1927,1950,23
39300.jpg,1927,1920,-7
39305.jpg,1927,1950,23
39310.jpg,1927,1920,-7
39315.jpg,1927,1970,43
39320.jpg,1927,1950,23
39325.jpg,1927,1970,43
39330.jpg,1927,1950,23
39335.jpg,1927,1950,23
39340.jpg,1927,1920,-7
39345.jpg,1927,1920,-7
39350.jpg,1927,1950,23
39355.jpg,1927,1950,23
39360.jpg,1927,1950,23
39365.jpg,1927,1950,23
39370.jpg,1927,2010,83
39375.jpg,1927,1900,-27
39380.jpg,1927,1950,23
39385.jpg,1927,1950,23
39390.jpg,1927,1950,23
39395.jpg,1927,1900,-27
39400.jpg,1927,1920,-7
39405.jpg,1927,1970,43
39410.jpg,1927,1970,43
39415.jpg,1927,1950,23
39420.jpg,1927,1927,0
39425.jpg,1927,1950,23
39430.jpg,1927,1920,-7
39435.jpg,1927,1950,23
39440.jpg,1927,1950,23
39445.jpg,1927,1900,-27
39450.jpg,1927,1900,-27
39455.jpg,1927,1950,23
39460.jpg,1927,1960,33
39465.jpg,1927,1900,-27
39470.jpg,1927,1800,-127
39475.jpg,1927,1950,23
39480.jpg,1927,1950,23
39485.jpg,1927,1980,53
39490.jpg,1927,1900,-27
39495.jpg,1927,1950,23
39500.jpg,1927,1920,-7
39505.jpg,1927,1950,23
39510.jpg,1928,1950,22
39515.jpg,1928,1920,-8
39520.jpg,1928,1950,22
39525.jpg,1928,1920,-8
39530.jpg,1928,1950,22
39535.jpg,1928,1920,-8
39540.jpg,1928,1920,-8
39545.jpg,1928,1920,-8
39550.jpg,1928,1950,22
39555.jpg,1928,1950,22
39560.jpg,1928,1920,-8
39565.jpg,1928,1920,-8
39570.jpg,1928,1920,-8
39575.jpg,1928,1980,52
39580.jpg,1928,1950,22
39585.jpg,1928,1950,22
39590.jpg,1928,1920,-8
39595.jpg,1928,1900,-28
39600.jpg,1928,1950,22
39605.jpg,1928,2010,82
39610.jpg,1928,1970,42
39615.jpg,1928,1980,52
39620.jpg,1928,1950,22
39625.jpg,1928,1950,22
39630.jpg,1928,1950,22
39635.jpg,1928,1950,22
39640.jpg,1928,1950,22
39645.jpg,1928,1950,22
39650.jpg,1928,1950,22
39655.jpg,1928,1950,22
39660.jpg,1928,1950,22
39665.jpg,1928,1950,22
39670.jpg,1928,1920,-8
39675.jpg,1928,1920,-8
39680.jpg,1928,1950,22
39685.jpg,1928,1950,22
39690.jpg,1928,1960,32
39695.jpg,1928,1950,22
39700.jpg,1928,1920,-8
39705.jpg,1928,1950,22
39710.jpg,1928,1920,-8
39715.jpg,1928,1950,22
39720.jpg,1928,1950,22
39725.jpg,1928,1900,-28
39730.jpg,1928,1950,22
39735.jpg,1928,1950,22
39740.jpg,1928,1980,52
39745.jpg,1928,1950,22
39750.jpg,1928,1980,52
39755.jpg,1928,1900,-28
39760.jpg,1928,1900,-28
39765.jpg,1928,1900,-28
39770.jpg,1928,1850,-78
39775.jpg,1928,1950,22
39780.jpg,1928,1950,22
39785.jpg,1928,1920,-8
39790.jpg,1928,1900,-28
39795.jpg,1928,1950,22
39800.jpg,1928,1950,22
39805.jpg,1928,1900,-28
39810.jpg,1928,1950,22
39815.jpg,1928,1900,-28
39820.jpg,1928,1900,-28
39825.jpg,1928,1950,22
39830.jpg,1928,1950,22
39835.jpg,1928,1950,22
39840.jpg,1928,1900,-28
39845.jpg,1928,1950,22
39850.jpg,1928,1950,22
39855.jpg,1928,1900,-28
39860.jpg,1928,1950,22
39865.jpg,1928,1900,-28
39870.jpg,1928,1900,-28
39875.jpg,1928,1900,-28
39880.jpg,1928,1950,22
39885.jpg,1928,1900,-28
39890.jpg,1928,1900,-28
39895.jpg,1928,1950,22
39900.jpg,1928,1990,62
39905.jpg,1928,1900,-28
39910.jpg,1928,1950,22
39915.jpg,1928,1900,-28
39920.jpg,1928,1950,22
39925.jpg,1928,1970,42
39930.jpg,1928,1900,-28
39935.jpg,1928,1950,22
39940.jpg,1928,1950,22
39945.jpg,1928,1950,22
39950.jpg,1928,1950,22
39955.jpg,1928,1900,-28
39960.jpg,1928,1950,22
39965.jpg,1928,1950,22
39970.jpg,1928,1900,-28
39975.jpg,1928,1900,-28
39980.jpg,1928,1950,22
39985.jpg,1928,1900,-28
39990.jpg,1928,1920,-8
39995.jpg,1928,1950,22
40000.jpg,1928,1950,22
40010.jpg,1928,1970,42
40015.jpg,1928,1970,42
40020.jpg,1928,1920,-8
40025.jpg,1928,1950,22
40030.jpg,1928,1920,-8
40035.jpg,1928,1920,-8
40040.jpg,1928,1950,22
40045.jpg,1929,1950,21
40050.jpg,1929,1920,-9
40055.jpg,1929,1930,1
40060.jpg,1929,1950,21
40065.jpg,1929,1920,-9
40070.jpg,1929,1920,-9
40075.jpg,1929,1920,-9
40080.jpg,1929,1950,21
40095.jpg,1929,1950,21
40105.jpg,1929,1950,21
40110.jpg,1929,1950,21
40115.jpg,1929,1950,21
40120.jpg,1929,1900,-29
40125.jpg,1929,1950,21
40130.jpg,1929,1950,21
40135.jpg,1929,1920,-9
40140.jpg,1929,1960,31
40145.jpg,1929,1920,-9
40150.jpg,1929,1950,21
40155.jpg,1929,1950,21
40160.jpg,1929,1970,41
40165.jpg,1929,1950,21
40170.jpg,1929,1950,21
40175.jpg,1929,1950,21
40180.jpg,1929,1960,31
40185.jpg,1929,1950,21
40190.jpg,1929,1900,-29
40195.jpg,1929,1950,21
40200.jpg,1929,1950,21
40205.jpg,1929,1920,-9
40210.jpg,1929,1950,21
40215.jpg,1929,1950,21
40220.jpg,1929,1950,21
40225.jpg,1929,1920,-9
40230.jpg,1929,1900,-29
40235.jpg,1929,1950,21
40240.jpg,1929,1980,51
40245.jpg,1929,1950,21
40250.jpg,1929,1960,31
40255.jpg,1929,1950,21
40260.jpg,1929,1950,21
40265.jpg,1929,1950,21
40270.jpg,1929,1980,51
40275.jpg,1929,1950,21
40280.jpg,1929,1950,21
40285.jpg,1929,1950,21
40290.jpg,1929,1900,-29
40295.jpg,1929,1950,21
40305.jpg,1929,1950,21
40310.jpg,1929,1950,21
40315.jpg,1929,1950,21
40320.jpg,1929,1950,21
40325.jpg,1929,1950,21
40330.jpg,1929,1950,21
40335.jpg,1929,1900,-29
40340.jpg,1929,1950,21
40345.jpg,1929,1950,21
40350.jpg,1929,1900,-29
40355.jpg,1929,1950,21
40360.jpg,1929,1950,21
40365.jpg,1929,1950,21
40370.jpg,1929,1950,21
40375.jpg,1929,1920,-9
40380.jpg,1929,1900,-29
40385.jpg,1929,1950,21
40390.jpg,1929,1950,21
40395.jpg,1929,1950,21
40400.jpg,1929,1900,-29
40405.jpg,1929,1900,-29
40410.jpg,1929,1920,-9
40415.jpg,1929,1950,21
40420.jpg,1929,1920,-9
40425.jpg,1929,1900,-29
40430.jpg,1929,1900,-29
40435.jpg,1929,1950,21
40440.jpg,1929,1920,-9
40450.jpg,1929,1950,21
40455.jpg,1929,1950,21
40460.jpg,1929,1950,21
40465.jpg,1929,1920,-9
40470.jpg,1929,1930,1
40475.jpg,1929,1950,21
40480.jpg,1929,1950,21
40485.jpg,1929,1950,21
40490.jpg,1929,1950,21
40495.jpg,1929,1970,41
40500.jpg,1929,1950,21
40505.jpg,1929,1970,41
40510.jpg,1929,1950,21
40515.jpg,1929,1950,21
40520.jpg,1929,1950,21
40525.jpg,1929,1900,-29
40530.jpg,1929,1950,21
40535.jpg,1929,1950,21
40540.jpg,1930,1900,-30
40545.jpg,1930,1990,60
40550.jpg,1930,1970,40
40555.jpg,1930,1950,20
40560.jpg,1930,1990,60
40565.jpg,1930,1990,60
40570.jpg,1930,1950,20
40575.jpg,1930,1950,20
40580.jpg,1930,1900,-30
40585.jpg,1930,1950,20
40590.jpg,1930,1950,20
40595.jpg,1930,1950,20
40600.jpg,1930,1950,20
40605.jpg,1930,1950,20
40610.jpg,1930,1900,-30
40615.jpg,1930,1950,20
40620.jpg,1930,1950,20
40625.jpg,1930,1950,20
40630.jpg,1930,1950,20
40635.jpg,1930,1950,20
40640.jpg,1930,1950,20
40645.jpg,1930,1950,20
40650.jpg,1930,1950,20
40655.jpg,1930,1950,20
40660.jpg,1930,1900,-30
40665.jpg,1930,1950,20
40670.jpg,1930,1980,50
40675.jpg,1930,1900,-30
40680.jpg,1930,1900,-30
40685.jpg,1930,1950,20
40690.jpg,1930,1950,20
40695.jpg,1930,1950,20
40700.jpg,1930,1950,20
40705.jpg,1930,1970,40
40710.jpg,1930,1800,-130
40715.jpg,1930,1950,20
40720.jpg,1930,1950,20
40725.jpg,1930,1950,20
40730.jpg,1930,1950,20
40735.jpg,1930,1900,-30
40740.jpg,1930,1900,-30
40745.jpg,1930,1950,20
40750.jpg,1930,1900,-30
40755.jpg,1930,1950,20
40760.jpg,1930,1950,20
40765.jpg,1930,1950,20
40770.jpg,1930,1920,-10
40775.jpg,1930,1950,20
40780.jpg,1930,1980,50
40785.jpg,1930,1950,20
40790.jpg,1930,1950,20
40795.jpg,1930,1920,-10
40800.jpg,1930,1900,-30
40805.jpg,1930,1920,-10
40810.jpg,1930,1920,-10
40815.jpg,1930,1920,-10
40820.jpg,1930,1950,20
40825.jpg,1930,1920,-10
40830.jpg,1930,1950,20
40835.jpg,1930,1970,40
40840.jpg,1930,1900,-30
40845.jpg,1930,1960,30
40850.jpg,1930,1960,30
40855.jpg,1930,1920,-10
40860.jpg,1930,1950,20
40865.jpg,1930,1950,20
40870.jpg,1930,1920,-10
40875.jpg,1930,1950,20
40885.jpg,1930,1950,20
40890.jpg,1930,1950,20
40895.jpg,1930,1950,20
40900.jpg,1930,1960,30
40905.jpg,1930,1970,40
40910.jpg,1930,1950,20
40915.jpg,1930,1920,-10
40920.jpg,1930,1950,20
40925.jpg,1930,1950,20
40930.jpg,1930,1950,20
40935.jpg,1930,1950,20
40940.jpg,1930,1950,20
40950.jpg,1930,1945,15
40960.jpg,1930,1950,20
40965.jpg,1931,1950,19
40970.jpg,1931,1950,19
40975.jpg,1931,1960,29
40980.jpg,1931,1950,19
40985.jpg,1931,1921,-10
40990.jpg,1931,1920,-11
40995.jpg,1931,1950,19
41000.jpg,1931,1920,-11
41005.jpg,1931,1950,19
41010.jpg,1931,2010,79
41015.jpg,1931,1990,59
41020.jpg,1931,1920,-11
41025.jpg,1931,1990,59
41030.jpg,1931,1990,59
41035.jpg,1931,1950,19
41040.jpg,1931,1950,19
41045.jpg,1931,1950,19
41050.jpg,1931,1950,19
41055.jpg,1931,1950,19
41060.jpg,1931,1970,39
41065.jpg,1931,1950,19
41070.jpg,1931,1950,19
41075.jpg,1931,1950,19
41080.jpg,1931,1950,19
41085.jpg,1931,1950,19
41095.jpg,1931,1950,19
41100.jpg,1931,1920,-11
41105.jpg,1931,1950,19
41110.jpg,1931,1960,29
41115.jpg,1931,1950,19
41120.jpg,1931,1950,19
41125.jpg,1931,1970,39
41130.jpg,1931,1980,49
41135.jpg,1931,1950,19
41140.jpg,1931,1950,19
41150.jpg,1931,1950,19
41155.jpg,1931,1900,-31
41160.jpg,1931,1950,19
41165.jpg,1931,1950,19
41170.jpg,1931,1900,-31
41175.jpg,1931,1900,-31
41180.jpg,1931,1900,-31
41185.jpg,1931,1950,19
41190.jpg,1931,1950,19
41195.jpg,1931,1900,-31
41200.jpg,1931,1900,-31
41205.jpg,1931,1900,-31
41210.jpg,1931,1900,-31
41215.jpg,1931,1950,19
41220.jpg,1931,1900,-31
41225.jpg,1931,1900,-31
41230.jpg,1931,1920,-11
41235.jpg,1931,2010,79
41240.jpg,1931,1900,-31
41245.jpg,1931,1900,-31
41250.jpg,1931,1950,19
41255.jpg,1931,1920,-11
41260.jpg,1931,1950,19
41265.jpg,1931,1950,19
41270.jpg,1931,1950,19
41275.jpg,1931,1920,-11
41280.jpg,1931,1920,-11
41285.jpg,1931,1950,19
41290.jpg,1931,1960,29
41295.jpg,1931,1950,19
41305.jpg,1931,1950,19
41310.jpg,1932,1950,18
41320.jpg,1932,1930,-2
41325.jpg,1932,1900,-32
41330.jpg,1932,1950,18
41340.jpg,1932,1960,28
41345.jpg,1932,1920,-12
41350.jpg,1932,1900,-32
41355.jpg,1932,1950,18
41360.jpg,1932,1950,18
41365.jpg,1932,1950,18
41370.jpg,1932,1960,28
41375.jpg,1932,1950,18
41380.jpg,1932,1930,-2
41385.jpg,1932,1920,-12
41390.jpg,1932,1950,18
41395.jpg,1932,1950,18
41400.jpg,1932,1990,58
41405.jpg,1932,1950,18
41410.jpg,1932,1950,18
41415.jpg,1932,1932,0
41420.jpg,1932,1900,-32
41425.jpg,1932,1950,18
41430.jpg,1932,1970,38
41435.jpg,1932,1950,18
41440.jpg,1932,1900,-32
41445.jpg,1932,1950,18
41450.jpg,1932,1950,18
41455.jpg,1932,1850,-82
41460.jpg,1932,1900,-32
41465.jpg,1932,1950,18
41470.jpg,1932,1950,18
41475.jpg,1932,1900,-32
41480.jpg,1932,1950,18
41485.jpg,1932,1900,-32
41490.jpg,1932,1900,-32
41495.jpg,1932,1920,-12
41500.jpg,1932,1960,28
41505.jpg,1932,1950,18
41510.jpg,1932,1950,18
41515.jpg,1932,1950,18
41520.jpg,1932,1950,18
41525.jpg,1932,1950,18
41530.jpg,1932,1950,18
41535.jpg,1932,1950,18
41540.jpg,1932,1980,48
41545.jpg,1932,1950,18
41550.jpg,1932,1950,18
41555.jpg,1932,1930,-2
41560.jpg,1932,1900,-32
41565.jpg,1932,1950,18
41570.jpg,1933,1980,47
41575.jpg,1933,1950,17
41580.jpg,1933,1900,-33
41585.jpg,1933,1980,47
41590.jpg,1933,1990,57
41595.jpg,1933,1950,17
41600.jpg,1933,1900,-33
41605.jpg,1933,1960,27
41610.jpg,1933,1960,27
41615.jpg,1933,1900,-33
41620.jpg,1933,2000,67
41625.jpg,1933,1950,17
41630.jpg,1933,1900,-33
41635.jpg,1933,1950,17
41640.jpg,1933,1950,17
41645.jpg,1933,1950,17
41650.jpg,1933,1950,17
41655.jpg,1933,1900,-33
41660.jpg,1933,1950,17
41665.jpg,1933,1920,-13
41670.jpg,1933,1950,17
41675.jpg,1933,1950,17
41680.jpg,1933,1980,47
41685.jpg,1933,1900,-33
41690.jpg,1933,1950,17
41695.jpg,1933,1950,17
41700.jpg,1933,1950,17
41705.jpg,1933,1950,17
41710.jpg,1933,1950,17
41715.jpg,1933,1900,-33
41720.jpg,1933,1950,17
41725.jpg,1933,1900,-33
41730.jpg,1933,1950,17
41745.jpg,1933,1900,-33
41750.jpg,1933,1930,-3
41755.jpg,1933,1950,17
41760.jpg,1933,1970,37
41765.jpg,1933,1950,17
41770.jpg,1933,1900,-33
41775.jpg,1933,1970,37
41780.jpg,1933,1900,-33
41785.jpg,1933,1900,-33
41790.jpg,1933,1950,17
41795.jpg,1933,2010,77
41800.jpg,1933,1980,47
41805.jpg,1933,1950,17
41810.jpg,1933,1950,17
41815.jpg,1933,1950,17
41820.jpg,1933,1920,-13
41825.jpg,1933,1900,-33
41830.jpg,1933,1950,17
41835.jpg,1934,1900,-34
41840.jpg,1934,1950,16
41845.jpg,1934,1980,46
41850.jpg,1934,1950,16
41855.jpg,1934,1980,46
41860.jpg,1934,2010,76
41865.jpg,1934,2010,76
41870.jpg,1934,2010,76
41875.jpg,1934,1950,16
41880.jpg,1934,1970,36
41885.jpg,1934,1950,16
41890.jpg,1934,1950,16
41895.jpg,1934,1980,46
41900.jpg,1934,1920,-14
41905.jpg,1934,1900,-34
41910.jpg,1934,1950,16
41915.jpg,1934,1950,16
41920.jpg,1934,1980,46
41925.jpg,1934,1900,-34
41930.jpg,1934,1950,16
41935.jpg,1934,1980,46
41940.jpg,1934,1950,16
41945.jpg,1934,1900,-34
41950.jpg,1934,1950,16
41955.jpg,1934,1950,16
41960.jpg,1934,1900,-34
41965.jpg,1934,1950,16
41970.jpg,1934,1900,-34
41975.jpg,1934,1970,36
41980.jpg,1934,1970,36
41985.jpg,1934,1950,16
41990.jpg,1934,1950,16
41995.jpg,1934,1970,36
42000.jpg,1934,1950,16
42005.jpg,1934,1900,-34
42010.jpg,1935,1950,15
42015.jpg,1935,1990,55
42020.jpg,1935,1950,15
42025.jpg,1935,1900,-35
42035.jpg,1935,1990,55
42040.jpg,1935,1990,55
42045.jpg,1935,1960,25
42050.jpg,1935,1950,15
42060.jpg,1935,1950,15
42065.jpg,1935,1990,55
42070.jpg,1935,1950,15
42075.jpg,1935,1950,15
42080.jpg,1935,1960,25
42085.jpg,1935,1900,-35
42090.jpg,1935,1940,5
42095.jpg,1935,1900,-35
42100.jpg,1935,1900,-35
42105.jpg,1935,1950,15
42110.jpg,1935,1950,15
42115.jpg,1935,1850,-85
42120.jpg,1935,1950,15
42125.jpg,1935,1900,-35
42130.jpg,1935,1950,15
42135.jpg,1935,1960,25
42140.jpg,1935,1950,15
42145.jpg,1935,1900,-35
42150.jpg,1935,1850,-85
42155.jpg,1935,1850,-85
42160.jpg,1935,1950,15
42165.jpg,1935,1950,15
42170.jpg,1935,1900,-35
42175.jpg,1935,2010,75
42180.jpg,1935,1970,35
42185.jpg,1935,1970,35
42190.jpg,1935,1950,15
42195.jpg,1935,1980,45
42200.jpg,1935,1970,35
42205.jpg,1935,1920,-15
42210.jpg,1935,1950,15
42215.jpg,1935,1950,15
42220.jpg,1935,1950,15
42225.jpg,1935,1950,15
42230.jpg,1935,1950,15
42235.jpg,1935,1920,-15
42240.jpg,1935,1950,15
42250.jpg,1935,1950,15
42255.jpg,1935,1980,45
42260.jpg,1935,1980,45
42265.jpg,1935,1950,15
42270.jpg,1935,1900,-35
42275.jpg,1935,1950,15
42280.jpg,1935,1970,35
42285.jpg,1935,1950,15
42290.jpg,1935,1950,15
42295.jpg,1936,1950,14
42300.jpg,1936,1990,54
42305.jpg,1936,1950,14
42310.jpg,1936,1980,44
42315.jpg,1936,1950,14
42320.jpg,1936,2010,74
42325.jpg,1936,1970,34
42330.jpg,1936,2010,74
42335.jpg,1936,2010,74
42340.jpg,1936,1950,14
42345.jpg,1936,1950,14
42350.jpg,1936,1950,14
42355.jpg,1936,1970,34
42360.jpg,1936,1970,34
42365.jpg,1936,1921,-15
42370.jpg,1936,1950,14
42375.jpg,1936,1900,-36
42380.jpg,1936,1970,34
42385.jpg,1936,1930,-6
42390.jpg,1936,1960,24
42395.jpg,1936,1940,4
42400.jpg,1936,1950,14
42405.jpg,1936,1950,14
42410.jpg,1936,1980,44
42415.jpg,1936,1950,14
42420.jpg,1936,1900,-36
42425.jpg,1936,1900,-36
42430.jpg,1936,1900,-36
42435.jpg,1936,1970,34
42440.jpg,1936,1950,14
42445.jpg,1936,1950,14
42450.jpg,1936,1950,14
42455.jpg,1936,1970,34
42460.jpg,1936,1950,14
42465.jpg,1936,1950,14
42470.jpg,1936,1960,24
42475.jpg,1936,1950,14
42480.jpg,1936,1900,-36
42485.jpg,1936,1900,-36
42490.jpg,1936,1950,14
42495.jpg,1936,1980,44
42500.jpg,1936,1950,14
42505.jpg,1936,1950,14
42510.jpg,1936,1970,34
42515.jpg,1936,1950,14
42520.jpg,1936,1980,44
42525.jpg,1936,1950,14
42530.jpg,1936,1980,44
42535.jpg,1936,1970,34
42540.jpg,1936,1900,-36
42545.jpg,1936,1950,14
42550.jpg,1936,1950,14
42555.jpg,1936,1900,-36
42560.jpg,1936,1950,14
42565.jpg,1936,1900,-36
42570.jpg,1936,1950,14
42575.jpg,1936,1950,14
42585.jpg,1936,1970,34
42595.jpg,1936,1960,24
42600.jpg,1936,1950,14
42610.jpg,1937,1920,-17
42615.jpg,1937,1950,13
42620.jpg,1937,1930,-7
42625.jpg,1937,1950,13
42630.jpg,1937,1950,13
42635.jpg,1937,1950,13
42640.jpg,1937,1990,53
42645.jpg,1937,1990,53
42650.jpg,1937,1960,23
42655.jpg,1937,1990,53
42660.jpg,1937,1950,13
42665.jpg,1937,1950,13
42670.jpg,1937,1900,-37
42675.jpg,1937,1950,13
42680.jpg,1937,1960,23
42685.jpg,1937,1950,13
42690.jpg,1937,1970,33
42695.jpg,1937,1950,13
42700.jpg,1937,1950,13
42705.jpg,1937,1950,13
42710.jpg,1937,1960,23
42715.jpg,1937,1990,53
42720.jpg,1937,1950,13
42725.jpg,1937,1950,13
42730.jpg,1937,1950,13
42735.jpg,1937,1950,13
42740.jpg,1937,1937,0
42745.jpg,1937,1950,13
42750.jpg,1937,1980,43
42755.jpg,1937,1950,13
42765.jpg,1937,1950,13
42770.jpg,1937,1980,43
42775.jpg,1937,1980,43
42780.jpg,1937,1950,13
42785.jpg,1937,1960,23
42790.jpg,1937,1900,-37
42795.jpg,1937,1950,13
42800.jpg,1937,1920,-17
42805.jpg,1937,1950,13
42810.jpg,1937,1900,-37
42815.jpg,1937,1950,13
42820.jpg,1937,1974,37
42825.jpg,1937,1900,-37
42830.jpg,1937,1950,13
42835.jpg,1937,1950,13
42840.jpg,1937,1950,13
42845.jpg,1937,1950,13
42850.jpg,1937,1900,-37
42855.jpg,1937,1920,-17
42860.jpg,1937,1900,-37
42865.jpg,1937,1950,13
42870.jpg,1937,1950,13
42875.jpg,1937,1980,43
42880.jpg,1937,1950,13
42885.jpg,1937,1960,23
42890.jpg,1937,1950,13
42895.jpg,1937,1950,13
42900.jpg,1937,1960,23
42905.jpg,1937,1950,13
42910.jpg,1937,1500,-437
42915.jpg,1938,1950,12
42920.jpg,1938,1950,12
42925.jpg,1938,1919,-19
42930.jpg,1938,1950,12
42935.jpg,1938,1920,-18
42940.jpg,1938,1990,52
42945.jpg,1938,2010,72
42950.jpg,1938,1990,52
42955.jpg,1938,1980,42
42960.jpg,1938,1950,12
42965.jpg,1938,1950,12
42970.jpg,1938,1950,12
42975.jpg,1938,1950,12
42980.jpg,1938,1950,12
42985.jpg,1938,1900,-38
42990.jpg,1938,1950,12
42995.jpg,1938,1950,12
43000.jpg,1938,1950,12
43005.jpg,1938,1950,12
43010.jpg,1938,1900,-38
43015.jpg,1938,1950,12
43020.jpg,1938,1950,12
43025.jpg,1938,1950,12
43030.jpg,1938,1950,12
43035.jpg,1938,1950,12
43040.jpg,1938,1950,12
43045.jpg,1938,1950,12
43050.jpg,1938,1970,32
43055.jpg,1938,1950,12
43060.jpg,1938,1980,42
43065.jpg,1938,1950,12
43070.jpg,1938,1970,32
43075.jpg,1938,1950,12
43080.jpg,1938,1970,32
43085.jpg,1938,1970,32
43090.jpg,1938,1970,32
43095.jpg,1938,1900,-38
43100.jpg,1938,1970,32
43105.jpg,1938,1950,12
43110.jpg,1938,1950,12
43115.jpg,1938,1930,-8
43120.jpg,1938,1950,12
43125.jpg,1938,1900,-38
43130.jpg,1938,1950,12
43135.jpg,1938,1950,12
43140.jpg,1938,1980,42
43145.jpg,1938,1900,-38
43150.jpg,1938,1900,-38
43155.jpg,1938,1970,32
43160.jpg,1938,1950,12
43165.jpg,1938,1900,-38
43170.jpg,1938,1950,12
43175.jpg,1938,1950,12
43185.jpg,1938,1950,12
43190.jpg,1938,1970,32
43195.jpg,1938,1950,12
43200.jpg,1938,1950,12
43210.jpg,1939,1920,-19
43215.jpg,1939,1950,11
43220.jpg,1939,1950,11
43225.jpg,1939,1900,-39
43235.jpg,1939,1970,31
43245.jpg,1939,1990,51
43250.jpg,1939,1980,41
43255.jpg,1939,1990,51
43260.jpg,1939,1960,21
43270.jpg,1939,1950,11
43275.jpg,1939,1950,11
43280.jpg,1939,1900,-39
43285.jpg,1939,1950,11
43290.jpg,1939,1950,11
43295.jpg,1939,1950,11
43300.jpg,1939,1950,11
43305.jpg,1939,1960,21
43310.jpg,1939,1950,11
43315.jpg,1939,1950,11
43320.jpg,1939,1950,11
43325.jpg,1939,1950,11
43330.jpg,1939,1980,41
43335.jpg,1939,1950,11
43340.jpg,1939,1900,-39
43345.jpg,1939,1900,-39
43350.jpg,1939,1990,51
43360.jpg,1939,1970,31
43365.jpg,1939,1900,-39
43370.jpg,1939,1920,-19
43375.jpg,1939,1900,-39
43380.jpg,1939,1950,11
43385.jpg,1939,1960,21
43390.jpg,1939,1970,31
43395.jpg,1939,1970,31
43400.jpg,1939,1980,41
43405.jpg,1939,2010,71
43410.jpg,1939,1950,11
43415.jpg,1939,1950,11
43420.jpg,1939,1972,33
43425.jpg,1939,1950,11
43430.jpg,1939,1900,-39
43435.jpg,1939,1950,11
43440.jpg,1939,1950,11
43445.jpg,1939,1970,31
43450.jpg,1939,1960,21
43455.jpg,1939,1950,11
43460.jpg,1939,1950,11
43465.jpg,1939,1950,11
43470.jpg,1940,1950,10
43475.jpg,1940,1950,10
43480.jpg,1940,1970,30
43485.jpg,1940,1950,10
43490.jpg,1940,1950,10
43495.jpg,1940,1950,10
43500.jpg,1940,1960,20
43505.jpg,1940,2010,70
43510.jpg,1940,1950,10
43515.jpg,1940,1970,30
43520.jpg,1940,1950,10
43525.jpg,1940,1900,-40
43530.jpg,1940,1950,10
43535.jpg,1940,1900,-40
43540.jpg,1940,1950,10
43545.jpg,1940,1960,20
43550.jpg,1940,1950,10
43555.jpg,1940,1950,10
43560.jpg,1940,1950,10
43565.jpg,1940,1950,10
43570.jpg,1940,1950,10
43575.jpg,1940,1950,10
43580.jpg,1940,1950,10
43585.jpg,1940,1950,10
43590.jpg,1940,1950,10
43595.jpg,1940,1980,40
43600.jpg,1940,1950,10
43605.jpg,1940,1950,10
43610.jpg,1940,1900,-40
43615.jpg,1940,1950,10
43620.jpg,1940,1950,10
43625.jpg,1940,1950,10
43630.jpg,1940,1950,10
43635.jpg,1940,1990,50
43640.jpg,1940,1900,-40
43645.jpg,1940,1970,30
43650.jpg,1940,1950,10
43655.jpg,1940,1950,10
43660.jpg,1940,1950,10
43665.jpg,1940,1950,10
43670.jpg,1940,1970,30
43675.jpg,1940,1950,10
43680.jpg,1940,1950,10
43685.jpg,1940,1960,20
43700.jpg,1940,1950,10
43705.jpg,1940,1970,30
43710.jpg,1940,1950,10
43715.jpg,1940,1960,20
43720.jpg,1941,1950,9
43725.jpg,1941,1950,9
43730.jpg,1941,2010,69
43735.jpg,1941,1950,9
43740.jpg,1941,1950,9
43745.jpg,1941,1900,-41
43750.jpg,1941,1950,9
43755.jpg,1941,1900,-41
43760.jpg,1941,1950,9
43765.jpg,1941,1850,-91
43770.jpg,1941,1950,9
43775.jpg,1941,1960,19
43780.jpg,1941,1970,29
43785.jpg,1941,1970,29
43790.jpg,1941,1950,9
43795.jpg,1941,1990,49
43800.jpg,1941,1900,-41
43805.jpg,1941,1900,-41
43810.jpg,1941,1950,9
43815.jpg,1941,1960,19
43820.jpg,1941,1950,9
43825.jpg,1941,1950,9
43830.jpg,1941,1970,29
43835.jpg,1941,1960,19
43840.jpg,1941,2010,69
43845.jpg,1941,1960,19
43850.jpg,1941,1970,29
43855.jpg,1941,1900,-41
43860.jpg,1941,1950,9
43865.jpg,1942,1950,8
43870.jpg,1942,1960,18
43875.jpg,1942,1960,18
43880.jpg,1942,1950,8
43885.jpg,1942,1980,38
43890.jpg,1942,1970,28
43895.jpg,1942,1950,8
43900.jpg,1942,1900,-42
43905.jpg,1942,1950,8
43910.jpg,1942,1950,8
43915.jpg,1942,1900,-42
43920.jpg,1942,1950,8
43925.jpg,1942,1980,38
43930.jpg,1942,1950,8
43935.jpg,1942,1950,8
43940.jpg,1942,1950,8
43945.jpg,1942,1950,8
43950.jpg,1942,1950,8
43955.jpg,1942,1900,-42
43960.jpg,1943,1950,7
43965.jpg,1943,1980,37
43970.jpg,1943,1950,7
43975.jpg,1943,1950,7
43980.jpg,1943,1960,17
43985.jpg,1943,1950,7
43990.jpg,1943,1970,27
43995.jpg,1943,1950,7
44000.jpg,1943,1970,27
44005.jpg,1943,1960,17
44010.jpg,1943,2010,67
44015.jpg,1943,1960,17
44020.jpg,1943,1950,7
44025.jpg,1943,1980,37
44030.jpg,1944,1900,-44
44035.jpg,1944,1980,36
44040.jpg,1944,1980,36
44045.jpg,1944,1900,-44
44050.jpg,1944,1950,6
44055.jpg,1944,1950,6
44060.jpg,1945,1950,5
44065.jpg,1945,1950,5
44075.jpg,1945,1970,25
44080.jpg,1945,1950,5
44090.jpg,1945,1900,-45
44095.jpg,1945,1950,5
44100.jpg,1945,1990,45
44105.jpg,1945,1950,5
44110.jpg,1945,1950,5
44115.jpg,1946,1950,4
44120.jpg,1946,1990,44
44125.jpg,1946,1980,34
44130.jpg,1946,1970,24
44135.jpg,1946,1960,14
44140.jpg,1946,2010,64
44145.jpg,1946,1970,24
44150.jpg,1946,1950,4
44155.jpg,1946,1900,-46
44160.jpg,1946,1900,-46
44165.jpg,1946,1960,14
44170.jpg,1946,1970,24
44175.jpg,1947,1950,3
44180.jpg,1947,1930,-17
44185.jpg,1947,1900,-47
44190.jpg,1947,1990,43
44195.jpg,1947,2010,63
44200.jpg,1947,1970,23
44205.jpg,1947,1970,23
44210.jpg,1947,1990,43
44215.jpg,1947,1950,3
44220.jpg,1947,1950,3
44230.jpg,1947,1950,3
44240.jpg,1947,1970,23
44245.jpg,1947,1970,23
44250.jpg,1947,1970,23
44255.jpg,1947,1970,23
44260.jpg,1947,1950,3
44270.jpg,1947,1970,23
44275.jpg,1947,1950,3
44280.jpg,1947,1950,3
44285.jpg,1948,1950,2
44290.jpg,1948,2010,62
44295.jpg,1948,2010,62
44300.jpg,1948,1980,32
44305.jpg,1948,1990,42
44310.jpg,1948,1990,42
44315.jpg,1948,2010,62
44320.jpg,1948,1990,42
44325.jpg,1948,1950,2
44330.jpg,1948,1950,2
44335.jpg,1948,1900,-48
44340.jpg,1948,1980,32
44345.jpg,1948,1970,22
44350.jpg,1948,1950,2
44355.jpg,1948,1960,12
44360.jpg,1948,1960,12
44365.jpg,1948,1970,22
44370.jpg,1948,1950,2
44375.jpg,1948,1950,2
44380.jpg,1948,1970,22
44385.jpg,1948,2010,62
44390.jpg,1948,1960,12
44395.jpg,1948,1950,2
44400.jpg,1949,1900,-49
44405.jpg,1949,2010,61
44410.jpg,1949,1950,1
44415.jpg,1949,1980,31
44420.jpg,1949,1980,31
44425.jpg,1949,1950,1
44430.jpg,1949,1960,11
44435.jpg,1949,1960,11
44440.jpg,1949,1960,11
44445.jpg,1949,1990,41
44450.jpg,1949,1950,1
44455.jpg,1949,1960,11
44460.jpg,1949,1950,1
44465.jpg,1949,1950,1
44470.jpg,1949,1990,41
44475.jpg,1949,1950,1
44480.jpg,1949,1960,11
44485.jpg,1949,1950,1
44490.jpg,1949,1950,1
44495.jpg,1949,1950,1
44500.jpg,1949,1950,1
44510.jpg,1949,1900,-49
44515.jpg,1949,1920,-29
44520.jpg,1949,2010,61
44525.jpg,1949,1950,1
44530.jpg,1949,1950,1
44535.jpg,1949,1970,21
44540.jpg,1950,1970,20
44545.jpg,1950,1980,30
44550.jpg,1950,1950,0
44555.jpg,1950,1980,30
44560.jpg,1950,1960,10
44565.jpg,1950,1950,0
44570.jpg,1950,1960,10
44575.jpg,1950,1950,0
44585.jpg,1950,2010,60
44590.jpg,1950,1950,0
44595.jpg,1950,1990,40
44600.jpg,1950,1980,30
44605.jpg,1950,1970,20
44610.jpg,1950,1960,10
44615.jpg,1950,1979,29
44620.jpg,1950,1970,20
44625.jpg,1950,1900,-50
44630.jpg,1950,1970,20
44635.jpg,1950,1900,-50
44640.jpg,1950,1970,20
44645.jpg,1950,1950,0
44650.jpg,1950,1970,20
44655.jpg,1950,1950,0
44660.jpg,1950,1960,10
44665.jpg,1950,1950,0
44680.jpg,1950,1970,20
44685.jpg,1950,1960,10
44690.jpg,1950,1960,10
44695.jpg,1950,1920,-30
44700.jpg,1950,1970,20
44705.jpg,1951,1960,9
44710.jpg,1951,1950,-1
44720.jpg,1951,1980,29
44725.jpg,1951,2010,59
44730.jpg,1951,1980,29
44735.jpg,1951,1960,9
44740.jpg,1951,1900,-51
44745.jpg,1951,1970,19
44750.jpg,1951,1950,-1
44755.jpg,1951,1950,-1
44760.jpg,1951,1970,19
44765.jpg,1951,1950,-1
44770.jpg,1951,1900,-51
44775.jpg,1951,1980,29
44780.jpg,1951,1900,-51
44785.jpg,1951,1970,19
44790.jpg,1951,1970,19
44795.jpg,1951,1960,9
44800.jpg,1951,1950,-1
44810.jpg,1951,1980,29
44815.jpg,1951,1950,-1
44820.jpg,1951,1960,9
44825.jpg,1951,2010,59
44830.jpg,1951,1980,29
44840.jpg,1951,1970,19
44845.jpg,1952,1950,-2
44850.jpg,1952,1990,38
44855.jpg,1952,2010,58
44860.jpg,1952,1990,38
44865.jpg,1952,2010,58
44870.jpg,1952,1990,38
44875.jpg,1952,1950,-2
44880.jpg,1952,1970,18
44885.jpg,1952,1980,28
44890.jpg,1952,1980,28
44895.jpg,1952,1970,18
44900.jpg,1952,1980,28
44905.jpg,1952,1970,18
44910.jpg,1952,2010,58
44915.jpg,1952,1970,18
44920.jpg,1952,1980,28
44925.jpg,1952,1950,-2
44930.jpg,1952,1990,38
44940.jpg,1952,1980,28
44945.jpg,1952,1970,18
44950.jpg,1952,1970,18
44955.jpg,1952,1990,38
44960.jpg,1953,1950,-3
44965.jpg,1953,2014,61
44970.jpg,1953,1990,37
44980.jpg,1953,1950,-3
44985.jpg,1953,2010,57
44990.jpg,1953,2010,57
44995.jpg,1953,1970,17
45000.jpg,1953,2010,57
45005.jpg,1953,1950,-3
45010.jpg,1953,1950,-3
45015.jpg,1953,1960,7
45020.jpg,1953,1970,17
45025.jpg,1953,1970,17
45030.jpg,1953,1950,-3
45035.jpg,1953,1950,-3
45040.jpg,1953,1950,-3
45045.jpg,1953,1900,-53
45050.jpg,1953,1980,27
45055.jpg,1953,1960,7
45060.jpg,1953,1950,-3
45065.jpg,1953,1970,17
45070.jpg,1953,1970,17
45075.jpg,1953,2010,57
45080.jpg,1953,1950,-3
45085.jpg,1953,2010,57
45090.jpg,1953,1900,-53
45095.jpg,1954,1970,16
45100.jpg,1954,1970,16
45105.jpg,1954,1990,36
45110.jpg,1954,1970,16
45115.jpg,1954,2010,56
45120.jpg,1954,1990,36
45125.jpg,1954,1970,16
45130.jpg,1954,1950,-4
45135.jpg,1954,1970,16
45140.jpg,1954,1970,16
45150.jpg,1954,1950,-4
45155.jpg,1954,1970,16
45160.jpg,1954,1970,16
45165.jpg,1954,1950,-4
45170.jpg,1954,1990,36
45175.jpg,1954,1950,-4
45180.jpg,1954,1900,-54
45185.jpg,1954,1970,16
45190.jpg,1954,1960,6
45195.jpg,1954,1950,-4
45200.jpg,1954,1950,-4
45205.jpg,1954,1900,-54
45210.jpg,1954,1950,-4
45215.jpg,1954,1980,26
45220.jpg,1954,1900,-54
45225.jpg,1954,1950,-4
45230.jpg,1954,1970,16
45235.jpg,1955,1800,-155
45240.jpg,1955,2010,55
45245.jpg,1955,2010,55
45250.jpg,1955,1960,5
45255.jpg,1955,1950,-5
45260.jpg,1955,1950,-5
45265.jpg,1955,1990,35
45275.jpg,1955,1970,15
45280.jpg,1955,1990,35
45285.jpg,1955,1950,-5
45290.jpg,1955,1970,15
45295.jpg,1955,1970,15
45300.jpg,1955,2019,64
45310.jpg,1955,1980,25
45315.jpg,1955,2010,55
45320.jpg,1955,1900,-55
45325.jpg,1955,1950,-5
45330.jpg,1955,1970,15
45335.jpg,1955,1960,5
45345.jpg,1955,1980,25
45350.jpg,1955,1950,-5
45355.jpg,1955,2010,55
45360.jpg,1955,1900,-55
45365.jpg,1955,1970,15
45370.jpg,1955,1950,-5
45375.jpg,1955,1900,-55
45385.jpg,1956,1970,14
45390.jpg,1956,1960,4
45395.jpg,1956,2010,54
45400.jpg,1956,2010,54
45405.jpg,1956,1960,4
45410.jpg,1956,1960,4
45415.jpg,1956,1990,34
45420.jpg,1956,1970,14
45430.jpg,1956,1990,34
45435.jpg,1956,1900,-56
45440.jpg,1956,1970,14
45445.jpg,1956,1970,14
45450.jpg,1956,1980,24
45455.jpg,1956,1980,24
45460.jpg,1956,1970,14
45465.jpg,1956,1900,-56
45470.jpg,1956,1970,14
45475.jpg,1956,1960,4
45480.jpg,1956,1970,14
45485.jpg,1956,1960,4
45490.jpg,1956,1950,-6
45495.jpg,1956,1900,-56
45500.jpg,1956,2010,54
45505.jpg,1956,2000,44
45510.jpg,1956,1990,34
45515.jpg,1956,1970,14
45520.jpg,1956,1950,-6
45530.jpg,1957,1950,-7
45535.jpg,1957,1980,23
45540.jpg,1957,2010,53
45545.jpg,1957,2010,53
45550.jpg,1957,1990,33
45555.jpg,1957,1990,33
45560.jpg,1957,2005,48
45565.jpg,1957,1970,13
45570.jpg,1957,1980,23
45575.jpg,1957,1950,-7
45585.jpg,1957,1950,-7
45590.jpg,1957,1970,13
45595.jpg,1957,1970,13
45605.jpg,1957,1970,13
45610.jpg,1957,1970,13
45615.jpg,1957,1980,23
45620.jpg,1957,2010,53
45630.jpg,1957,1900,-57
45635.jpg,1957,1970,13
45640.jpg,1957,1960,3
45645.jpg,1957,1900,-57
45650.jpg,1957,1970,13
45655.jpg,1957,1970,13
45660.jpg,1957,1970,13
45665.jpg,1957,1960,3
45675.jpg,1957,2010,53
45680.jpg,1957,1950,-7
45685.jpg,1957,1970,13
45695.jpg,1957,2010,53
45700.jpg,1958,1900,-58
45705.jpg,1958,1990,32
45715.jpg,1958,1990,32
45720.jpg,1958,1990,32
45730.jpg,1958,1980,22
45735.jpg,1958,2010,52
45740.jpg,1958,1950,-8
45745.jpg,1958,1950,-8
45750.jpg,1958,1980,22
45755.jpg,1958,1900,-58
45760.jpg,1958,1970,12
45765.jpg,1958,1970,12
45770.jpg,1958,1970,12
45775.jpg,1958,1990,32
45780.jpg,1958,1950,-8
45785.jpg,1958,1990,32
45790.jpg,1958,1970,12
45795.jpg,1958,1970,12
45800.jpg,1958,1970,12
45805.jpg,1958,1960,2
45810.jpg,1958,1800,-158
45815.jpg,1958,2010,52
45820.jpg,1958,1980,22
45825.jpg,1958,1980,22
45830.jpg,1958,1970,12
45835.jpg,1958,1950,-8
45840.jpg,1958,1970,12
45845.jpg,1958,1960,2
45850.jpg,1958,1960,2
45855.jpg,1959,1970,11
45860.jpg,1959,1950,-9
45870.jpg,1959,2010,51
45880.jpg,1959,1950,-9
45885.jpg,1959,1980,21
45890.jpg,1959,1960,1
45895.jpg,1959,1950,-9
45900.jpg,1959,1970,11
45905.jpg,1959,1970,11
45910.jpg,1959,2010,51
45915.jpg,1959,1990,31
45925.jpg,1959,1950,-9
45930.jpg,1959,1970,11
45935.jpg,1959,1970,11
45940.jpg,1959,1990,31
45945.jpg,1959,2010,51
45950.jpg,1959,2000,41
45955.jpg,1959,1970,11
45960.jpg,1959,1980,21
45965.jpg,1959,1900,-59
45970.jpg,1959,1980,21
45975.jpg,1959,1960,1
45980.jpg,1959,1950,-9
45985.jpg,1959,1900,-59
45990.jpg,1960,1900,-60
45995.jpg,1960,1990,30
46000.jpg,1960,1970,10
46005.jpg,1960,1990,30
46015.jpg,1960,1960,0
46025.jpg,1960,1970,10
46030.jpg,1960,1970,10
46035.jpg,1960,1970,10
46040.jpg,1960,1960,0
46045.jpg,1960,1980,20
46050.jpg,1960,1950,-10
46055.jpg,1960,1950,-10
46060.jpg,1960,1950,-10
46065.jpg,1960,1970,10
46070.jpg,1960,1970,10
46075.jpg,1960,2010,50
46080.jpg,1960,1980,20
46085.jpg,1960,1850,-110
46090.jpg,1960,1970,10
46095.jpg,1960,1970,10
46100.jpg,1960,1970,10
46105.jpg,1960,1960,0
46110.jpg,1960,1980,20
46115.jpg,1960,2010,50
46120.jpg,1960,2000,40
46130.jpg,1960,1970,10
46135.jpg,1960,1970,10
46140.jpg,1960,1900,-60
46145.jpg,1960,1960,0
46150.jpg,1960,1970,10
46155.jpg,1961,1900,-61
46160.jpg,1961,1950,-11
46170.jpg,1961,2010,49
46180.jpg,1961,1970,9
46185.jpg,1961,1980,19
46190.jpg,1961,1900,-61
46195.jpg,1961,2010,49
46200.jpg,1961,1970,9
46205.jpg,1961,1970,9
46210.jpg,1961,1970,9
46215.jpg,1961,1980,19
46220.jpg,1961,1980,19
46225.jpg,1961,1970,9
46230.jpg,1961,1970,9
46235.jpg,1961,1960,-1
46240.jpg,1961,2010,49
46245.jpg,1961,1970,9
46250.jpg,1961,1950,-11
46255.jpg,1961,1970,9
46260.jpg,1961,1970,9
46265.jpg,1961,1950,-11
46270.jpg,1961,1950,-11
46275.jpg,1961,1920,-41
46280.jpg,1961,1950,-11
46285.jpg,1961,1980,19
46290.jpg,1961,2010,49
46295.jpg,1961,1980,19
46305.jpg,1961,1960,-1
46310.jpg,1961,1960,-1
46315.jpg,1961,1970,9
46320.jpg,1962,1970,8
46330.jpg,1962,1950,-12
46335.jpg,1962,2010,48
46340.jpg,1962,1959,-3
46345.jpg,1962,1990,28
46350.jpg,1962,1970,8
46355.jpg,1962,2010,48
46360.jpg,1962,1990,28
46365.jpg,1962,1960,-2
46370.jpg,1962,1950,-12
46375.jpg,1962,1970,8
46380.jpg,1962,1970,8
46385.jpg,1962,1970,8
46390.jpg,1962,1970,8
46395.jpg,1962,1950,-12
46400.jpg,1962,1980,18
46405.jpg,1962,1900,-62
46410.jpg,1962,1990,28
46415.jpg,1962,1900,-62
46420.jpg,1962,1970,8
46425.jpg,1962,1960,-2
46430.jpg,1962,1970,8
46435.jpg,1962,1900,-62
46440.jpg,1962,1980,18
46445.jpg,1962,2010,48
46450.jpg,1962,1970,8
46455.jpg,1962,1900,-62
46460.jpg,1962,1970,8
46465.jpg,1963,1950,-13
46470.jpg,1963,1970,7
46475.jpg,1963,1970,7
46480.jpg,1963,1970,7
46490.jpg,1963,2010,47
46495.jpg,1963,1990,27
46500.jpg,1963,1990,27
46505.jpg,1963,2010,47
46510.jpg,1963,1960,-3
46515.jpg,1963,1990,27
46520.jpg,1963,1960,-3
46525.jpg,1963,2010,47
46530.jpg,1963,1990,27
46535.jpg,1963,1960,-3
46540.jpg,1963,1900,-63
46545.jpg,1963,1950,-13
46550.jpg,1963,1970,7
46555.jpg,1963,1970,7
46560.jpg,1963,1950,-13
46565.jpg,1963,1990,27
46570.jpg,1963,1990,27
46575.jpg,1963,1960,-3
46580.jpg,1963,1970,7
46585.jpg,1963,1970,7
46590.jpg,1963,1900,-63
46595.jpg,1963,1950,-13
46600.jpg,1963,1970,7
46605.jpg,1963,2010,47
46615.jpg,1963,1950,-13
46620.jpg,1963,1960,-3
46625.jpg,1963,1980,17
46630.jpg,1963,1950,-13
46635.jpg,1964,1970,6
46640.jpg,1964,1990,26
46645.jpg,1964,1960,-4
46650.jpg,1964,1990,26
46655.jpg,1964,1980,16
46660.jpg,1964,1990,26
46665.jpg,1964,2010,46
46670.jpg,1964,1970,6
46675.jpg,1964,1990,26
46680.jpg,1964,1990,26
46685.jpg,1964,2010,46
46690.jpg,1964,1970,6
46695.jpg,1964,1970,6
46700.jpg,1964,1970,6
46705.jpg,1964,1980,16
46710.jpg,1964,1970,6
46715.jpg,1964,1960,-4
46720.jpg,1964,1970,6
46725.jpg,1964,1970,6
46730.jpg,1964,1990,26
46735.jpg,1964,1990,26
46740.jpg,1964,1964,0
46745.jpg,1964,1950,-14
46750.jpg,1964,1970,6
46755.jpg,1964,1970,6
46760.jpg,1964,1900,-64
46765.jpg,1964,1970,6
46770.jpg,1964,1950,-14
46775.jpg,1964,1950,-14
46780.jpg,1964,1980,16
46785.jpg,1964,1980,16
46790.jpg,1964,1980,16
46795.jpg,1964,1980,16
46805.jpg,1964,1970,6
46810.jpg,1964,1950,-14
46815.jpg,1964,1990,26
46820.jpg,1965,1970,5
46825.jpg,1965,1990,25
46830.jpg,1965,1970,5
46835.jpg,1965,1980,15
46840.jpg,1965,1990,25
46845.jpg,1965,2010,45
46850.jpg,1965,2010,45
46860.jpg,1965,1980,15
46865.jpg,1965,1990,25
46870.jpg,1965,2017,52
46875.jpg,1965,1980,15
46885.jpg,1965,1970,5
46890.jpg,1965,2010,45
46895.jpg,1965,1960,-5
46900.jpg,1965,1970,5
46905.jpg,1965,1950,-15
46910.jpg,1965,1990,25
46915.jpg,1965,1980,15
46920.jpg,1965,2010,45
46930.jpg,1965,1900,-65
46935.jpg,1965,1970,5
46940.jpg,1965,1950,-15
46945.jpg,1965,1990,25
46950.jpg,1965,1990,25
46955.jpg,1965,2010,45
46960.jpg,1965,2010,45
46965.jpg,1965,2010,45
46970.jpg,1965,1970,5
46990.jpg,1965,1970,5
46995.jpg,1965,1950,-15
47000.jpg,1965,1960,-5
47005.jpg,1966,1970,4
47010.jpg,1966,1970,4
47015.jpg,1966,2010,44
47020.jpg,1966,1970,4
47025.jpg,1966,1990,24
47030.jpg,1966,1960,-6
47035.jpg,1966,1990,24
47040.jpg,1966,2010,44
47050.jpg,1966,1980,14
47055.jpg,1966,1990,24
47060.jpg,1966,1970,4
47065.jpg,1966,1920,-46
47070.jpg,1966,1950,-16
47075.jpg,1966,1970,4
47080.jpg,1966,1970,4
47085.jpg,1966,1970,4
47090.jpg,1966,1970,4
47100.jpg,1966,1900,-66
47105.jpg,1966,1970,4
47115.jpg,1966,1950,-16
47120.jpg,1966,1970,4
47125.jpg,1966,1970,4
47130.jpg,1966,1980,14
47135.jpg,1966,1970,4
47140.jpg,1966,1970,4
47145.jpg,1966,1900,-66
47150.jpg,1966,1970,4
47155.jpg,1966,1900,-66
47170.jpg,1966,1990,24
47175.jpg,1966,2000,34
47180.jpg,1966,1970,4
47185.jpg,1966,1970,4
47190.jpg,1966,1970,4
47195.jpg,1966,1970,4
47200.jpg,1966,1970,4
47205.jpg,1966,1970,4
47210.jpg,1966,1970,4
47215.jpg,1966,1960,-6
47220.jpg,1966,1960,-6
47225.jpg,1967,1980,13
47230.jpg,1967,1950,-17
47235.jpg,1967,1900,-67
47240.jpg,1967,1980,13
47245.jpg,1967,1950,-17
47255.jpg,1967,2010,43
47265.jpg,1967,2010,43
47270.jpg,1967,1990,23
47275.jpg,1967,1990,23
47280.jpg,1967,2010,43
47285.jpg,1967,1960,-7
47290.jpg,1967,1980,13
47295.jpg,1967,1950,-17
47300.jpg,1967,1900,-67
47305.jpg,1967,1900,-67
47310.jpg,1967,1970,3
47315.jpg,1967,1970,3
47320.jpg,1967,1970,3
47325.jpg,1967,1970,3
47330.jpg,1967,1980,13
47335.jpg,1967,1970,3
47340.jpg,1967,2010,43
47345.jpg,1967,1970,3
47350.jpg,1967,1960,-7
47355.jpg,1967,1970,3
47360.jpg,1967,1900,-67
47365.jpg,1967,1950,-17
47370.jpg,1967,1900,-67
47375.jpg,1967,1920,-47
47380.jpg,1967,1970,3
47385.jpg,1967,2010,43
47395.jpg,1967,2000,33
47400.jpg,1967,2010,43
47405.jpg,1967,1970,3
47410.jpg,1967,1990,23
47420.jpg,1967,1980,13
47425.jpg,1967,1990,23
47430.jpg,1967,1970,3
47435.jpg,1967,1970,3
47440.jpg,1967,1970,3
47445.jpg,1967,1980,13
47450.jpg,1968,1970,2
47455.jpg,1968,1970,2
47460.jpg,1968,1970,2
47465.jpg,1968,1990,22
47470.jpg,1968,1970,2
47475.jpg,1968,1970,2
47480.jpg,1968,2010,42
47485.jpg,1968,1970,2
47490.jpg,1968,1990,22
47495.jpg,1968,2010,42
47500.jpg,1968,2010,42
47505.jpg,1968,1990,22
47515.jpg,1968,1980,12
47520.jpg,1968,1980,12
47525.jpg,1968,1970,2
47530.jpg,1968,1970,2
47535.jpg,1968,1970,2
47540.jpg,1968,1970,2
47545.jpg,1968,1960,-8
47550.jpg,1968,1970,2
47555.jpg,1968,1950,-18
47560.jpg,1968,1990,22
47565.jpg,1968,1970,2
47570.jpg,1968,1970,2
47575.jpg,1968,1900,-68
47580.jpg,1968,1970,2
47585.jpg,1968,1900,-68
47590.jpg,1968,2000,32
47595.jpg,1968,1980,12
47600.jpg,1968,2010,42
47610.jpg,1968,2000,32
47620.jpg,1968,1980,12
47625.jpg,1968,1950,-18
47630.jpg,1968,1980,12
47635.jpg,1968,1970,2
47640.jpg,1968,1970,2
47645.jpg,1968,1970,2
47650.jpg,1969,1970,1
47655.jpg,1969,1970,1
47660.jpg,1969,1950,-19
47665.jpg,1969,1960,-9
47670.jpg,1969,1990,21
47675.jpg,1969,1950,-19
47680.jpg,1969,1980,11
47685.jpg,1969,1990,21
47690.jpg,1969,2010,41
47695.jpg,1969,1980,11
47700.jpg,1969,2010,41
47710.jpg,1969,1980,11
47715.jpg,1969,1950,-19
47720.jpg,1969,1970,1
47730.jpg,1969,1970,1
47735.jpg,1969,1980,11
47740.jpg,1969,1950,-19
47745.jpg,1969,1990,21
47750.jpg,1969,2010,41
47755.jpg,1969,1900,-69
47760.jpg,1969,1970,1
47765.jpg,1969,2010,41
47770.jpg,1969,2010,41
47780.jpg,1969,2000,31
47785.jpg,1969,2010,41
47790.jpg,1969,1970,1
47795.jpg,1969,1970,1
47800.jpg,1969,1970,1
47805.jpg,1969,1950,-19
47810.jpg,1969,1970,1
47815.jpg,1969,2010,41
47820.jpg,1969,1970,1
47825.jpg,1969,1970,1
47830.jpg,1969,1970,1
47835.jpg,1970,1970,0
47840.jpg,1970,1970,0
47845.jpg,1970,1990,20
47850.jpg,1970,1990,20
47855.jpg,1970,1960,-10
47860.jpg,1970,2010,40
47865.jpg,1970,2010,40
47870.jpg,1970,1970,0
47875.jpg,1970,1990,20
47880.jpg,1970,2010,40
47890.jpg,1970,1970,0
47895.jpg,1970,1950,-20
47900.jpg,1970,1970,0
47905.jpg,1970,1970,0
47910.jpg,1970,1970,0
47915.jpg,1970,1970,0
47920.jpg,1970,1970,0
47925.jpg,1970,1970,0
47930.jpg,1970,1990,20
47935.jpg,1970,1960,-10
47940.jpg,1970,1970,0
47945.jpg,1970,1800,-170
47950.jpg,1970,1960,-10
47955.jpg,1970,1980,10
47960.jpg,1970,1970,0
47965.jpg,1970,1990,20
47970.jpg,1970,2010,40
47975.jpg,1970,1980,10
47980.jpg,1970,1800,-170
47985.jpg,1970,1960,-10
47990.jpg,1970,2010,40
47995.jpg,1970,1980,10
48000.jpg,1971,1970,-1
48005.jpg,1971,1980,9
48010.jpg,1971,1970,-1
48020.jpg,1971,1980,9
48025.jpg,1971,1990,19
48030.jpg,1971,2010,39
48035.jpg,1971,1960,-11
48040.jpg,1971,1950,-21
48045.jpg,1971,1990,19
48050.jpg,1971,1990,19
48065.jpg,1971,1970,-1
48070.jpg,1971,1970,-1
48075.jpg,1971,1970,-1
48080.jpg,1971,1970,-1
48085.jpg,1971,2010,39
48090.jpg,1971,1970,-1
48095.jpg,1971,1900,-71
48100.jpg,1971,1970,-1
48105.jpg,1971,2010,39
48110.jpg,1971,1980,9
48115.jpg,1971,1990,19
48120.jpg,1971,1990,19
48130.jpg,1971,2000,29
48135.jpg,1971,1980,9
48140.jpg,1971,1990,19
48145.jpg,1971,2010,39
48150.jpg,1971,1990,19
48155.jpg,1971,1950,-21
48160.jpg,1971,1970,-1
48170.jpg,1971,1970,-1
48175.jpg,1971,1970,-1
48180.jpg,1972,1970,-2
48185.jpg,1972,1970,-2
48190.jpg,1972,1970,-2
48195.jpg,1972,2010,38
48200.jpg,1972,1980,8
48205.jpg,1972,1990,18
48215.jpg,1972,1950,-22
48220.jpg,1972,1990,18
48225.jpg,1972,2010,38
48230.jpg,1972,1970,-2
48235.jpg,1972,2010,38
48240.jpg,1972,1960,-12
48245.jpg,1972,2010,38
48250.jpg,1972,1970,-2
48255.jpg,1972,1960,-12
48260.jpg,1972,1970,-2
48265.jpg,1972,1970,-2
48270.jpg,1972,1970,-2
48275.jpg,1972,1990,18
48280.jpg,1972,1960,-12
48285.jpg,1972,1950,-22
48290.jpg,1972,1900,-72
48295.jpg,1972,1970,-2
48300.jpg,1972,1990,18
48305.jpg,1972,2010,38
48310.jpg,1972,2010,38
48320.jpg,1972,2010,38
48325.jpg,1972,1900,-72
48330.jpg,1972,1980,8
48335.jpg,1972,1900,-72
48340.jpg,1972,1970,-2
48345.jpg,1972,1960,-12
48350.jpg,1972,1960,-12
48355.jpg,1972,1970,-2
48360.jpg,1973,1970,-3
48365.jpg,1973,1990,17
48370.jpg,1973,1960,-13
48375.jpg,1973,1970,-3
48380.jpg,1973,1980,7
48385.jpg,1973,1990,17
48390.jpg,1973,1980,7
48395.jpg,1973,1970,-3
48400.jpg,1973,2010,37
48405.jpg,1973,1970,-3
48410.jpg,1973,1990,17
48415.jpg,1973,2010,37
48420.jpg,1973,1980,7
48425.jpg,1973,1970,-3
48430.jpg,1973,1970,-3
48435.jpg,1973,1970,-3
48440.jpg,1973,1970,-3
48445.jpg,1973,1980,7
48450.jpg,1973,1990,17
48455.jpg,1973,1990,17
48465.jpg,1973,1990,17
48475.jpg,1973,1970,-3
48480.jpg,1973,1980,7
48490.jpg,1973,1990,17
48495.jpg,1973,1980,7
48500.jpg,1973,1900,-73
48505.jpg,1973,1980,7
48510.jpg,1973,2010,37
48515.jpg,1973,1980,7
48525.jpg,1973,1960,-13
48530.jpg,1974,1970,-4
48535.jpg,1974,1970,-4
48540.jpg,1974,2010,36
48545.jpg,1974,1990,16
48550.jpg,1974,1990,16
48555.jpg,1974,2010,36
48560.jpg,1974,2010,36
48565.jpg,1974,1980,6
48570.jpg,1974,2010,36
48575.jpg,1974,1980,6
48580.jpg,1974,1970,-4
48585.jpg,1974,1980,6
48590.jpg,1974,1950,-24
48595.jpg,1974,1960,-14
48600.jpg,1974,1970,-4
48605.jpg,1974,1980,6
48610.jpg,1974,2010,36
48615.jpg,1974,1990,16
48620.jpg,1974,1950,-24
48625.jpg,1974,1900,-74
48630.jpg,1974,1990,16
48635.jpg,1974,1980,6
48640.jpg,1974,1900,-74
48650.jpg,1974,1990,16
48670.jpg,1974,2000,26
48675.jpg,1974,2000,26
48680.jpg,1974,2010,36
48685.jpg,1974,1990,16
48690.jpg,1974,2010,36
48695.jpg,1974,1900,-74
48700.jpg,1974,1970,-4
48705.jpg,1974,2010,36
48710.jpg,1974,2010,36
48715.jpg,1974,1970,-4
48720.jpg,1974,1970,-4
48725.jpg,1974,1900,-74
48735.jpg,1975,1980,5
48740.jpg,1975,1980,5
48745.jpg,1975,1990,15
48750.jpg,1975,1990,15
48755.jpg,1975,1960,-15
48760.jpg,1975,2000,25
48765.jpg,1975,1980,5
48770.jpg,1975,1990,15
48775.jpg,1975,1990,15
48780.jpg,1975,1990,15
48785.jpg,1975,1980,5
48790.jpg,1975,1970,-5
48795.jpg,1975,1970,-5
48800.jpg,1975,1960,-15
48805.jpg,1975,1960,-15
48810.jpg,1975,2010,35
48815.jpg,1975,1980,5
48820.jpg,1975,1970,-5
48825.jpg,1975,1950,-25
48830.jpg,1975,1960,-15
48835.jpg,1975,1970,-5
48840.jpg,1975,1970,-5
48845.jpg,1975,1980,5
48850.jpg,1975,2005,30
48855.jpg,1975,2010,35
48860.jpg,1975,2010,35
48865.jpg,1975,1990,15
48870.jpg,1975,1990,15
48875.jpg,1975,1990,15
48880.jpg,1975,2010,35
48885.jpg,1975,1970,-5
48890.jpg,1975,1990,15
48895.jpg,1975,1970,-5
48900.jpg,1976,1950,-26
48905.jpg,1976,1990,14
48910.jpg,1976,1970,-6
48915.jpg,1976,1970,-6
48920.jpg,1976,2010,34
48925.jpg,1976,2010,34
48930.jpg,1976,1990,14
48940.jpg,1976,1980,4
48945.jpg,1976,2010,34
48950.jpg,1976,2010,34
48955.jpg,1976,1970,-6
48960.jpg,1976,1970,-6
48965.jpg,1976,1970,-6
48970.jpg,1976,1970,-6
48975.jpg,1976,1980,4
48985.jpg,1976,1990,14
48990.jpg,1976,1900,-76
49000.jpg,1976,1850,-126
49020.jpg,1976,1970,-6
49030.jpg,1976,2000,24
49035.jpg,1976,1990,14
49040.jpg,1976,1980,4
49045.jpg,1976,2010,34
49050.jpg,1976,1980,4
49060.jpg,1976,1950,-26
49065.jpg,1976,1990,14
49070.jpg,1976,1970,-6
49075.jpg,1976,1900,-76
49080.jpg,1976,1970,-6
49085.jpg,1976,1970,-6
49090.jpg,1976,1980,4
49095.jpg,1977,1970,-7
49100.jpg,1977,1950,-27
49105.jpg,1977,1970,-7
49110.jpg,1977,2010,33
49115.jpg,1977,1990,13
49120.jpg,1977,1990,13
49125.jpg,1977,1990,13
49130.jpg,1977,1950,-27
49135.jpg,1977,1970,-7
49140.jpg,1977,1980,3
49145.jpg,1977,1970,-7
49150.jpg,1977,1970,-7
49155.jpg,1977,1980,3
49160.jpg,1977,1990,13
49165.jpg,1977,1970,-7
49170.jpg,1977,1950,-27
49175.jpg,1977,1900,-77
49180.jpg,1977,1960,-17
49185.jpg,1977,2010,33
49190.jpg,1977,1990,13
49195.jpg,1977,1990,13
49205.jpg,1977,2010,33
49210.jpg,1977,1980,3
49215.jpg,1977,2005,28
49220.jpg,1977,2000,23
49225.jpg,1977,1965,-12
49230.jpg,1977,1990,13
49235.jpg,1977,1980,3
49240.jpg,1977,1970,-7
49250.jpg,1977,1990,13
49255.jpg,1977,1970,-7
49260.jpg,1978,1980,2
49265.jpg,1978,2010,32
49270.jpg,1978,1970,-8
49280.jpg,1978,2010,32
49285.jpg,1978,1980,2
49290.jpg,1978,1920,-58
49295.jpg,1978,2010,32
49305.jpg,1978,1970,-8
49310.jpg,1978,2010,32
49315.jpg,1978,1970,-8
49320.jpg,1978,1990,12
49325.jpg,1978,1970,-8
49330.jpg,1978,2010,32
49335.jpg,1978,1990,12
49340.jpg,1978,1920,-58
49345.jpg,1978,1970,-8
49350.jpg,1978,1970,-8
49355.jpg,1978,2010,32
49360.jpg,1978,1990,12
49365.jpg,1978,2010,32
49370.jpg,1978,1980,2
49375.jpg,1978,2010,32
49385.jpg,1978,2010,32
49390.jpg,1978,1970,-8
49395.jpg,1978,1900,-78
49400.jpg,1978,1970,-8
49405.jpg,1979,1970,-9
49410.jpg,1979,1970,-9
49415.jpg,1979,1990,11
49420.jpg,1979,1990,11
49425.jpg,1979,2010,31
49430.jpg,1979,2010,31
49435.jpg,1979,1990,11
49440.jpg,1979,1970,-9
49445.jpg,1979,1970,-9
49450.jpg,1979,1950,-29
49455.jpg,1979,1970,-9
49460.jpg,1979,2010,31
49465.jpg,1979,1900,-79
49470.jpg,1979,1950,-29
49475.jpg,1979,1970,-9
49480.jpg,1979,1900,-79
49485.jpg,1979,1960,-19
49490.jpg,1979,1950,-29
49495.jpg,1979,1950,-29
49500.jpg,1979,2010,31
49505.jpg,1979,2010,31
49510.jpg,1979,1970,-9
49515.jpg,1979,2010,31
49525.jpg,1979,1980,1
49530.jpg,1979,1980,1
49535.jpg,1979,1980,1
49540.jpg,1979,1980,1
49545.jpg,1979,1970,-9
49550.jpg,1979,2010,31
49555.jpg,1979,2010,31
49560.jpg,1979,1970,-9
49565.jpg,1980,1980,0
49570.jpg,1980,1900,-80
49585.jpg,1980,1950,-30
49590.jpg,1980,2010,30
49595.jpg,1980,1970,-10
49600.jpg,1980,1970,-10
49605.jpg,1980,1980,0
49610.jpg,1980,1970,-10
49615.jpg,1980,2010,30
49620.jpg,1980,1970,-10
49625.jpg,1980,1980,0
49630.jpg,1980,2010,30
49635.jpg,1980,1980,0
49640.jpg,1980,1900,-80
49645.jpg,1980,1990,10
49650.jpg,1980,1970,-10
49655.jpg,1980,1970,-10
49660.jpg,1980,2010,30
49665.jpg,1980,1990,10
49675.jpg,1980,2005,25
49680.jpg,1980,1950,-30
49685.jpg,1980,2010,30
49690.jpg,1980,1980,0
49695.jpg,1980,1970,-10
49700.jpg,1980,1970,-10
49705.jpg,1980,2010,30
49710.jpg,1981,2010,29
49715.jpg,1981,1970,-11
49720.jpg,1981,1990,9
49725.jpg,1981,1970,-11
49735.jpg,1981,1990,9
49740.jpg,1981,1970,-11
49745.jpg,1981,1970,-11
49750.jpg,1981,1990,9
49755.jpg,1981,1970,-11
49760.jpg,1981,1980,-1
49770.jpg,1981,1970,-11
49775.jpg,1981,1970,-11
49780.jpg,1981,2000,19
49785.jpg,1981,1950,-31
49790.jpg,1981,1970,-11
49795.jpg,1981,1980,-1
49800.jpg,1981,1970,-11
49805.jpg,1981,2010,29
49810.jpg,1981,1990,9
49815.jpg,1981,1990,9
49820.jpg,1981,1900,-81
49825.jpg,1981,1980,-1
49830.jpg,1981,1970,-11
49835.jpg,1981,1950,-31
49840.jpg,1981,1920,-61
49845.jpg,1981,1970,-11
49850.jpg,1981,2010,29
49860.jpg,1981,2010,29
49865.jpg,1981,1980,-1
49875.jpg,1981,2005,24
49880.jpg,1981,2005,24
49885.jpg,1981,2005,24
49890.jpg,1981,1980,-1
49895.jpg,1981,1970,-11
49900.jpg,1981,1900,-81
49905.jpg,1981,1970,-11
49910.jpg,1981,2010,29
49915.jpg,1981,1970,-11
49920.jpg,1982,1970,-12
49925.jpg,1982,1900,-82
49930.jpg,1982,2010,28
49935.jpg,1982,1990,8
49940.jpg,1982,1970,-12
49945.jpg,1982,2010,28
49950.jpg,1982,2012,30
49955.jpg,1982,1980,-2
49960.jpg,1982,1970,-12
49965.jpg,1982,1990,8
49975.jpg,1982,2010,28
49980.jpg,1982,2010,28
49985.jpg,1982,1970,-12
49990.jpg,1982,1980,-2
49995.jpg,1982,1970,-12
50000.jpg,1982,2010,28
50005.jpg,1982,1980,-2
50010.jpg,1982,1970,-12
50015.jpg,1982,1970,-12
50020.jpg,1982,1980,-2
50025.jpg,1982,1970,-12
50030.jpg,1982,1980,-2
50035.jpg,1982,1970,-12
50040.jpg,1982,2010,28
50045.jpg,1982,1970,-12
50050.jpg,1982,1970,-12
50055.jpg,1982,1970,-12
50060.jpg,1982,1970,-12
50065.jpg,1982,1950,-32
50070.jpg,1982,1980,-2
50075.jpg,1982,1980,-2
50080.jpg,1982,1850,-132
50095.jpg,1982,1950,-32
50100.jpg,1982,1800,-182
50105.jpg,1982,1970,-12
50110.jpg,1982,1900,-82
50115.jpg,1982,2010,28
50120.jpg,1982,1950,-32
50145.jpg,1982,1960,-22
50150.jpg,1982,1970,-12
50155.jpg,1982,1962,-20
50160.jpg,1983,1800,-183
50165.jpg,1983,1980,-3
50170.jpg,1983,2010,27
50175.jpg,1983,2010,27
50185.jpg,1983,1950,-33
50190.jpg,1983,1990,7
50195.jpg,1983,2010,27
50200.jpg,1983,1960,-23
50205.jpg,1983,2010,27
50210.jpg,1983,1970,-13
50220.jpg,1983,1980,-3
50225.jpg,1983,1970,-13
50230.jpg,1983,1980,-3
50235.jpg,1983,1970,-13
50240.jpg,1983,1970,-13
50245.jpg,1983,1970,-13
50250.jpg,1983,1970,-13
50255.jpg,1983,1970,-13
50260.jpg,1983,1970,-13
50270.jpg,1983,1970,-13
50275.jpg,1983,1970,-13
50280.jpg,1983,1990,7
50285.jpg,1983,1900,-83
50290.jpg,1983,2010,27
50295.jpg,1983,1980,-3
50300.jpg,1983,1980,-3
50305.jpg,1983,1970,-13
50310.jpg,1983,1950,-33
50315.jpg,1983,1850,-133
50320.jpg,1983,1980,-3
50325.jpg,1983,1950,-33
50330.jpg,1983,1980,-3
50335.jpg,1983,1990,7
50340.jpg,1983,2010,27
50345.jpg,1983,1980,-3
50350.jpg,1983,1980,-3
50355.jpg,1983,1950,-33
50360.jpg,1983,1990,7
50365.jpg,1983,1970,-13
50370.jpg,1983,1970,-13
50375.jpg,1983,1970,-13
50380.jpg,1983,2010,27
50385.jpg,1983,1960,-23
50390.jpg,1984,1990,6
50395.jpg,1984,2010,26
50400.jpg,1984,1990,6
50405.jpg,1984,1980,-4
50410.jpg,1984,1990,6
50415.jpg,1984,1990,6
50420.jpg,1984,2010,26
50425.jpg,1984,1990,6
50430.jpg,1984,1990,6
50435.jpg,1984,1970,-14
50440.jpg,1984,1970,-14
50445.jpg,1984,1980,-4
50450.jpg,1984,1970,-14
50455.jpg,1984,1980,-4
50465.jpg,1984,1980,-4
50470.jpg,1984,1970,-14
50475.jpg,1984,2010,26
50480.jpg,1984,1970,-14
50485.jpg,1984,1970,-14
50490.jpg,1984,1980,-4
50495.jpg,1984,1900,-84
50500.jpg,1984,1950,-34
50505.jpg,1984,1950,-34
50515.jpg,1984,2010,26
50520.jpg,1984,1970,-14
50525.jpg,1984,1970,-14
50530.jpg,1984,1950,-34
50535.jpg,1984,1970,-14
50540.jpg,1984,1990,6
50545.jpg,1984,1980,-4
50550.jpg,1984,2000,16
50555.jpg,1984,1990,6
50560.jpg,1984,1970,-14
50565.jpg,1984,1980,-4
50570.jpg,1984,1970,-14
50575.jpg,1984,2010,26
50580.jpg,1985,1800,-185
50585.jpg,1985,1990,5
50595.jpg,1985,2010,25
50600.jpg,1985,1950,-35
50605.jpg,1985,2010,25
50610.jpg,1985,2010,25
50615.jpg,1985,2010,25
50620.jpg,1985,1980,-5
50630.jpg,1985,1980,-5
50635.jpg,1985,1970,-15
50640.jpg,1985,1970,-15
50645.jpg,1985,1960,-25
50650.jpg,1985,1980,-5
50655.jpg,1985,2010,25
50660.jpg,1985,1980,-5
50665.jpg,1985,1970,-15
50670.jpg,1985,2010,25
50675.jpg,1985,1985,0
50680.jpg,1985,1960,-25
50685.jpg,1985,1970,-15
50690.jpg,1985,2010,25
50695.jpg,1985,2010,25
50700.jpg,1985,1950,-35
50705.jpg,1985,1960,-25
50710.jpg,1985,1950,-35
50715.jpg,1985,1950,-35
50720.jpg,1985,1900,-85
50730.jpg,1985,1990,5
50735.jpg,1985,2010,25
50740.jpg,1985,1990,5
50745.jpg,1985,2010,25
50750.jpg,1985,1970,-15
50755.jpg,1985,1990,5
50760.jpg,1985,1980,-5
50765.jpg,1985,1980,-5
50770.jpg,1985,1980,-5
50775.jpg,1985,1960,-25
50780.jpg,1986,1990,4
50785.jpg,1986,1970,-16
50790.jpg,1986,1970,-16
50795.jpg,1986,1980,-6
50800.jpg,1986,1960,-26
50805.jpg,1986,1980,-6
50810.jpg,1986,1980,-6
50815.jpg,1986,1970,-16
50820.jpg,1986,1970,-16
50830.jpg,1986,1980,-6
50835.jpg,1986,1980,-6
50840.jpg,1986,1970,-16
50845.jpg,1986,1980,-6
50850.jpg,1986,1970,-16
50855.jpg,1986,1980,-6
50860.jpg,1986,1970,-16
50865.jpg,1986,1900,-86
50870.jpg,1986,1970,-16
50885.jpg,1986,1980,-6
50890.jpg,1986,1970,-16
50895.jpg,1986,1980,-6
50900.jpg,1986,1950,-36
50905.jpg,1986,1990,4
50910.jpg,1986,1970,-16
50915.jpg,1986,1970,-16
50920.jpg,1986,1950,-36
50925.jpg,1986,1900,-86
50930.jpg,1986,1980,-6
50935.jpg,1986,1970,-16
50940.jpg,1986,1920,-66
50945.jpg,1986,2010,24
50950.jpg,1986,1980,-6
50955.jpg,1986,2010,24
50960.jpg,1986,2000,14
50965.jpg,1986,1990,4
50970.jpg,1986,2010,24
50975.jpg,1986,1960,-26
50980.jpg,1986,1920,-66
50985.jpg,1986,1900,-86
50990.jpg,1987,1800,-187
50995.jpg,1987,1970,-17
51000.jpg,1987,1990,3
51010.jpg,1987,1950,-37
51015.jpg,1987,2010,23
51020.jpg,1987,1970,-17
51025.jpg,1987,1970,-17
51030.jpg,1987,1990,3
51035.jpg,1987,2010,23
51040.jpg,1987,1980,-7
51045.jpg,1987,1980,-7
51050.jpg,1987,1970,-17
51055.jpg,1987,1970,-17
51060.jpg,1987,1970,-17
51065.jpg,1987,2010,23
51070.jpg,1987,1970,-17
51075.jpg,1987,1980,-7
51080.jpg,1987,1980,-7
51085.jpg,1987,1970,-17
51090.jpg,1987,2010,23
51095.jpg,1987,1980,-7
51100.jpg,1987,1970,-17
51105.jpg,1987,1980,-7
51110.jpg,1987,2010,23
51115.jpg,1987,2010,23
51120.jpg,1987,1950,-37
51125.jpg,1987,1900,-87
51130.jpg,1987,1900,-87
51135.jpg,1987,1970,-17
51140.jpg,1987,2010,23
51145.jpg,1987,1990,3
51155.jpg,1987,1980,-7
51165.jpg,1987,1900,-87
51170.jpg,1987,1920,-67
51175.jpg,1987,2010,23
51180.jpg,1987,2010,23
51200.jpg,1988,1950,-38
51205.jpg,1988,1990,2
51210.jpg,1988,1970,-18
51215.jpg,1988,2010,22
51220.jpg,1988,1980,-8
51225.jpg,1988,1990,2
51240.jpg,1988,2010,22
51245.jpg,1988,2010,22
51250.jpg,1988,1980,-8
51255.jpg,1988,1980,-8
51260.jpg,1988,1970,-18
51265.jpg,1988,1970,-18
51270.jpg,1988,1980,-8
51275.jpg,1988,1970,-18
51280.jpg,1988,1980,-8
51285.jpg,1988,1980,-8
51290.jpg,1988,1970,-18
51295.jpg,1988,1970,-18
51300.jpg,1988,1980,-8
51305.jpg,1988,1960,-28
51310.jpg,1988,1980,-8
51315.jpg,1988,2010,22
51320.jpg,1988,1900,-88
51330.jpg,1988,1950,-38
51335.jpg,1988,1900,-88
51340.jpg,1988,1980,-8
51345.jpg,1988,1900,-88
51350.jpg,1988,1900,-88
51355.jpg,1988,1980,-8
51360.jpg,1988,1990,2
51365.jpg,1988,1980,-8
51370.jpg,1988,1990,2
51375.jpg,1988,1980,-8
51380.jpg,1988,1980,-8
51385.jpg,1988,2010,22
51390.jpg,1988,1980,-8
51395.jpg,1988,1990,2
51400.jpg,1988,1980,-8
51405.jpg,1988,1970,-18
51410.jpg,1989,1970,-19
51415.jpg,1989,2010,21
51420.jpg,1989,1970,-19
51425.jpg,1989,2010,21
51430.jpg,1989,2010,21
51435.jpg,1989,1990,1
51440.jpg,1989,1970,-19
51445.jpg,1989,1990,1
51455.jpg,1989,1970,-19
51460.jpg,1989,1980,-9
51470.jpg,1989,1980,-9
51475.jpg,1989,2010,21
51480.jpg,1989,1980,-9
51485.jpg,1989,1970,-19
51490.jpg,1989,2000,11
51495.jpg,1989,1970,-19
51500.jpg,1989,1970,-19
51505.jpg,1989,1970,-19
51510.jpg,1989,1980,-9
51515.jpg,1989,1980,-9
51520.jpg,1989,1970,-19
51525.jpg,1989,1900,-89
51530.jpg,1989,1980,-9
51535.jpg,1989,1980,-9
51540.jpg,1989,1990,1
51545.jpg,1989,1950,-39
51550.jpg,1989,1950,-39
51555.jpg,1989,2010,21
51560.jpg,1989,1960,-29
51565.jpg,1989,1980,-9
51575.jpg,1989,1980,-9
51580.jpg,1989,1800,-189
51585.jpg,1989,1980,-9
51590.jpg,1989,1970,-19
51595.jpg,1989,1970,-19
51600.jpg,1989,1980,-9
51605.jpg,1990,1900,-90
51610.jpg,1990,1980,-10
51615.jpg,1990,1990,0
51620.jpg,1990,2010,20
51625.jpg,1990,1950,-40
51630.jpg,1990,2010,20
51635.jpg,1990,1990,0
51640.jpg,1990,1980,-10
51645.jpg,1990,2010,20
51650.jpg,1990,1990,0
51655.jpg,1990,1990,0
51660.jpg,1990,2010,20
51670.jpg,1990,1980,-10
51675.jpg,1990,1980,-10
51680.jpg,1990,1970,-20
51685.jpg,1990,1980,-10
51690.jpg,1990,1980,-10
51695.jpg,1990,1970,-20
51700.jpg,1990,1970,-20
51705.jpg,1990,1980,-10
51710.jpg,1990,1970,-20
51715.jpg,1990,1970,-20
51720.jpg,1990,1980,-10
51725.jpg,1990,2010,20
51730.jpg,1990,2010,20
51735.jpg,1990,1990,0
51740.jpg,1990,1900,-90
51745.jpg,1990,1950,-40
51755.jpg,1990,1990,0
51760.jpg,1990,1950,-40
51765.jpg,1990,1900,-90
51770.jpg,1990,1900,-90
51775.jpg,1990,2010,20
51780.jpg,1990,2010,20
51785.jpg,1990,1970,-20
51795.jpg,1990,2015,25
51805.jpg,1990,1970,-20
51810.jpg,1990,2010,20
51815.jpg,1990,1970,-20
51820.jpg,1990,1970,-20
51825.jpg,1990,1950,-40
51830.jpg,1990,1980,-10
51840.jpg,1991,1950,-41
51845.jpg,1991,1980,-11
51850.jpg,1991,2010,19
51860.jpg,1991,2010,19
51865.jpg,1991,1990,-1
51870.jpg,1991,1990,-1
51875.jpg,1991,1980,-11
51885.jpg,1991,1970,-21
51890.jpg,1991,2010,19
51895.jpg,1991,1980,-11
51905.jpg,1991,1980,-11
51910.jpg,1991,1970,-21
51920.jpg,1991,1980,-11
51925.jpg,1991,2010,19
51930.jpg,1991,1980,-11
51935.jpg,1991,1970,-21
51940.jpg,1991,1980,-11
51945.jpg,1991,1960,-31
51950.jpg,1991,1970,-21
51955.jpg,1991,1990,-1
51960.jpg,1991,1980,-11
51965.jpg,1991,1960,-31
51970.jpg,1991,2010,19
51975.jpg,1991,1980,-11
51980.jpg,1991,1900,-91
51985.jpg,1991,1950,-41
51990.jpg,1991,2010,19
51995.jpg,1991,1970,-21
52000.jpg,1991,1970,-21
52015.jpg,1991,1980,-11
52020.jpg,1991,1980,-11
52025.jpg,1991,1980,-11
52035.jpg,1991,1970,-21
52040.jpg,1991,2010,19
52045.jpg,1991,1990,-1
52060.jpg,1991,1900,-91
52065.jpg,1992,1970,-22
52070.jpg,1992,2010,18
52075.jpg,1992,1990,-2
52080.jpg,1992,1970,-22
52085.jpg,1992,1990,-2
52090.jpg,1992,2010,18
52095.jpg,1992,1990,-2
52100.jpg,1992,1990,-2
52105.jpg,1992,1990,-2
52110.jpg,1992,2010,18
52115.jpg,1992,1970,-22
52120.jpg,1992,1980,-12
52125.jpg,1992,2010,18
52130.jpg,1992,1980,-12
52135.jpg,1992,1970,-22
52140.jpg,1992,1980,-12
52145.jpg,1992,1970,-22
52150.jpg,1992,1980,-12
52155.jpg,1992,1980,-12
52160.jpg,1992,1980,-12
52165.jpg,1992,1970,-22
52170.jpg,1992,1970,-22
52175.jpg,1992,1970,-22
52180.jpg,1992,1970,-22
52185.jpg,1992,1980,-12
52190.jpg,1992,2010,18
52195.jpg,1992,1990,-2
52200.jpg,1992,2010,18
52205.jpg,1992,1980,-12
52210.jpg,1992,1970,-22
52215.jpg,1992,1920,-72
52220.jpg,1992,1970,-22
52225.jpg,1992,1950,-42
52230.jpg,1992,1950,-42
52235.jpg,1992,1920,-72
52240.jpg,1992,1980,-12
52245.jpg,1992,2000,8
52250.jpg,1992,2010,18
52260.jpg,1992,1980,-12
52270.jpg,1993,1970,-23
52275.jpg,1993,2010,17
52280.jpg,1993,2010,17
52285.jpg,1993,1990,-3
52290.jpg,1993,2010,17
52300.jpg,1993,1990,-3
52305.jpg,1993,1970,-23
52310.jpg,1993,1990,-3
52315.jpg,1993,1990,-3
52320.jpg,1993,2010,17
52325.jpg,1993,1970,-23
52335.jpg,1993,2010,17
52340.jpg,1993,1990,-3
52345.jpg,1993,1980,-13
52350.jpg,1993,2010,17
52355.jpg,1993,1970,-23
52360.jpg,1993,1970,-23
52365.jpg,1993,1980,-13
52370.jpg,1993,1970,-23
52375.jpg,1993,1980,-13
52380.jpg,1993,1950,-43
52385.jpg,1993,1990,-3
52390.jpg,1993,2010,17
52395.jpg,1993,1990,-3
52400.jpg,1993,1980,-13
52405.jpg,1993,1960,-33
52410.jpg,1993,1950,-43
52415.jpg,1993,1970,-23
52420.jpg,1993,1980,-13
52425.jpg,1993,1920,-73
52430.jpg,1993,2010,17
52435.jpg,1993,2000,7
52440.jpg,1993,1980,-13
52445.jpg,1993,1980,-13
52450.jpg,1993,1900,-93
52455.jpg,1993,2010,17
52460.jpg,1993,1970,-23
52465.jpg,1993,1970,-23
52475.jpg,1994,2010,16
52480.jpg,1994,1980,-14
52485.jpg,1994,1980,-14
52490.jpg,1994,1990,-4
52495.jpg,1994,2010,16
52505.jpg,1994,1970,-24
52510.jpg,1994,1970,-24
52515.jpg,1994,1980,-14
52525.jpg,1994,2010,16
52530.jpg,1994,1980,-14
52535.jpg,1994,1980,-14
52540.jpg,1994,1960,-34
52545.jpg,1994,2010,16
52550.jpg,1994,2010,16
52555.jpg,1994,1980,-14
52560.jpg,1994,1950,-44
52570.jpg,1994,1960,-34
52575.jpg,1994,1980,-14
52580.jpg,1994,1980,-14
52585.jpg,1994,2010,16
52590.jpg,1994,1970,-24
52595.jpg,1994,1920,-74
52600.jpg,1994,1950,-44
52605.jpg,1994,1800,-194
52610.jpg,1994,2010,16
52615.jpg,1994,1900,-94
52620.jpg,1994,2010,16
52625.jpg,1994,2000,6
52630.jpg,1994,2010,16
52635.jpg,1994,2010,16
52640.jpg,1994,1970,-24
52645.jpg,1994,1950,-44
52650.jpg,1995,1990,-5
52655.jpg,1995,1990,-5
52660.jpg,1995,2010,15
52665.jpg,1995,1990,-5
52670.jpg,1995,2000,5
52675.jpg,1995,1970,-25
52680.jpg,1995,1980,-15
52685.jpg,1995,2010,15
52690.jpg,1995,2010,15
52695.jpg,1995,2010,15
52700.jpg,1995,2010,15
52705.jpg,1995,1990,-5
52710.jpg,1995,2010,15
52715.jpg,1995,1970,-25
52720.jpg,1995,1970,-25
52725.jpg,1995,1980,-15
52730.jpg,1995,1990,-5
52735.jpg,1995,1970,-25
52740.jpg,1995,1980,-15
52745.jpg,1995,1970,-25
52750.jpg,1995,1970,-25
52755.jpg,1995,1990,-5
52760.jpg,1995,2010,15
52765.jpg,1995,1990,-5
52770.jpg,1995,2010,15
52775.jpg,1995,1980,-15
52785.jpg,1995,1970,-25
52790.jpg,1995,1950,-45
52795.jpg,1995,2010,15
52800.jpg,1995,1900,-95
52805.jpg,1995,2010,15
52810.jpg,1995,2010,15
52815.jpg,1995,1960,-35
52820.jpg,1995,1980,-15
52825.jpg,1995,2010,15
52830.jpg,1995,1950,-45
52835.jpg,1995,1900,-95
52840.jpg,1995,1800,-195
52845.jpg,1996,1970,-26
52850.jpg,1996,2010,14
52855.jpg,1996,1980,-16
52860.jpg,1996,1970,-26
52865.jpg,1996,2010,14
52870.jpg,1996,2010,14
52875.jpg,1996,1980,-16
52880.jpg,1996,1970,-26
52885.jpg,1996,2010,14
52890.jpg,1996,1970,-26
52895.jpg,1996,1990,-6
52900.jpg,1996,2010,14
52905.jpg,1996,2010,14
52910.jpg,1996,1990,-6
52915.jpg,1996,1950,-46
52920.jpg,1996,2010,14
52925.jpg,1996,2010,14
52935.jpg,1996,1980,-16
52940.jpg,1996,1960,-36
52945.jpg,1996,1900,-96
52950.jpg,1996,1970,-26
52955.jpg,1996,2010,14
52960.jpg,1996,2010,14
52965.jpg,1996,2010,14
52970.jpg,1996,1960,-36
52980.jpg,1996,1980,-16
52985.jpg,1997,1900,-97
52990.jpg,1997,1970,-27
52995.jpg,1997,1900,-97
53000.jpg,1997,1990,-7
53005.jpg,1997,1950,-47
53010.jpg,1997,1990,-7
53015.jpg,1997,2010,13
53020.jpg,1997,1970,-27
53025.jpg,1997,2010,13
53030.jpg,1997,2010,13
53035.jpg,1997,2010,13
53040.jpg,1997,2010,13
53045.jpg,1997,2010,13
53050.jpg,1997,2010,13
53055.jpg,1997,1970,-27
53060.jpg,1997,1980,-17
53065.jpg,1997,1970,-27
53070.jpg,1997,1980,-17
53075.jpg,1997,1970,-27
53080.jpg,1997,1970,-27
53085.jpg,1997,1970,-27
53090.jpg,1997,1950,-47
53095.jpg,1997,1970,-27
53100.jpg,1997,1980,-17
53105.jpg,1997,2010,13
53110.jpg,1997,2010,13
53115.jpg,1997,1990,-7
53120.jpg,1997,1990,-7
53125.jpg,1997,1970,-27
53130.jpg,1997,1950,-47
53135.jpg,1997,1980,-17
53140.jpg,1997,1950,-47
53145.jpg,1997,1980,-17
53150.jpg,1997,2010,13
53155.jpg,1997,1800,-197
53165.jpg,1997,2010,13
53170.jpg,1997,1980,-17
53175.jpg,1997,2010,13
53180.jpg,1997,2010,13
53185.jpg,1997,2010,13
53190.jpg,1997,1990,-7
53195.jpg,1997,1600,-397
53200.jpg,1997,2010,13
53205.jpg,1997,1950,-47
53210.jpg,1997,1970,-27
53215.jpg,1997,1950,-47
53220.jpg,1997,2010,13
53225.jpg,1997,2010,13
53230.jpg,1997,2010,13
53235.jpg,1998,1900,-98
53240.jpg,1998,1990,-8
53245.jpg,1998,1970,-28
53250.jpg,1998,2010,12
53255.jpg,1998,1950,-48
53260.jpg,1998,2010,12
53265.jpg,1998,1950,-48
53270.jpg,1998,2010,12
53275.jpg,1998,2010,12
53280.jpg,1998,2010,12
53285.jpg,1998,2010,12
53290.jpg,1998,2000,2
53300.jpg,1998,1990,-8
53305.jpg,1998,1970,-28
53310.jpg,1998,1980,-18
53315.jpg,1998,2010,12
53325.jpg,1998,2010,12
53330.jpg,1998,2010,12
53335.jpg,1998,1980,-18
53340.jpg,1998,1980,-18
53345.jpg,1998,1990,-8
53350.jpg,1998,1970,-28
53355.jpg,1998,1990,-8
53365.jpg,1998,2010,12
53370.jpg,1998,2010,12
53375.jpg,1998,1990,-8
53380.jpg,1998,1950,-48
53385.jpg,1998,1850,-148
53390.jpg,1998,1850,-148
53395.jpg,1998,1970,-28
53400.jpg,1998,1900,-98
53405.jpg,1998,2010,12
53410.jpg,1998,1980,-18
53415.jpg,1998,2010,12
53420.jpg,1998,1970,-28
53425.jpg,1998,2010,12
53435.jpg,1998,1970,-28
53440.jpg,1998,1980,-18
53445.jpg,1998,2010,12
53450.jpg,1998,1960,-38
53455.jpg,1999,1800,-199
53460.jpg,1999,1980,-19
53465.jpg,1999,2010,11
53470.jpg,1999,1990,-9
53475.jpg,1999,2010,11
53480.jpg,1999,2010,11
53485.jpg,1999,2010,11
53490.jpg,1999,1990,-9
53495.jpg,1999,2010,11
53505.jpg,1999,1990,-9
53510.jpg,1999,1990,-9
53515.jpg,1999,2010,11
53520.jpg,1999,2010,11
53525.jpg,1999,2010,11
53530.jpg,1999,2010,11
53535.jpg,1999,1970,-29
53540.jpg,1999,1960,-39
53545.jpg,1999,1980,-19
53550.jpg,1999,2010,11
53555.jpg,1999,1970,-29
53560.jpg,1999,1980,-19
53565.jpg,1999,1970,-29
53570.jpg,1999,1980,-19
53575.jpg,1999,2010,11
53580.jpg,1999,1980,-19
53585.jpg,1999,1980,-19
53590.jpg,1999,1970,-29
53595.jpg,1999,1980,-19
53600.jpg,1999,1980,-19
53605.jpg,1999,1980,-19
53610.jpg,1999,1970,-29
53615.jpg,1999,1950,-49
53620.jpg,1999,1950,-49
53625.jpg,1999,1950,-49
53630.jpg,1999,1950,-49
53635.jpg,1999,1950,-49
53650.jpg,1999,1970,-29
53655.jpg,1999,1950,-49
53660.jpg,1999,2010,11
53665.jpg,1999,1990,-9
53670.jpg,1999,1980,-19
53675.jpg,1999,1980,-19
53680.jpg,1999,1970,-29
53685.jpg,1999,1950,-49
53690.jpg,2000,1990,-10
53700.jpg,2000,1990,-10
53705.jpg,2000,1990,-10
53710.jpg,2000,2010,10
53715.jpg,2000,2010,10
53720.jpg,2000,2010,10
53725.jpg,2000,1950,-50
53730.jpg,2000,1990,-10
53735.jpg,2000,2010,10
53740.jpg,2000,2010,10
53745.jpg,2000,1950,-50
53755.jpg,2000,1980,-20
53760.jpg,2000,1970,-30
53765.jpg,2000,2010,10
53770.jpg,2000,2010,10
53775.jpg,2000,1970,-30
53780.jpg,2000,1990,-10
53785.jpg,2000,1950,-50
53790.jpg,2000,1950,-50
53795.jpg,2000,1950,-50
53800.jpg,2000,1950,-50
53805.jpg,2000,1950,-50
53810.jpg,2000,1950,-50
53815.jpg,2000,1950,-50
53820.jpg,2000,1950,-50
53830.jpg,2000,1958,-42
53835.jpg,2000,1990,-10
53840.jpg,2000,1970,-30
53845.jpg,2000,2010,10
53850.jpg,2000,1900,-100
53855.jpg,2000,2010,10
53860.jpg,2000,1980,-20
53865.jpg,2000,2005,5
53870.jpg,2000,1990,-10
53875.jpg,2000,1980,-20
53880.jpg,2000,2010,10
53885.jpg,2000,2010,10
53890.jpg,2000,2010,10
53895.jpg,2000,2010,10
53905.jpg,2001,1980,-21
53910.jpg,2001,2010,9
53915.jpg,2001,2010,9
53920.jpg,2001,2010,9
53925.jpg,2001,2010,9
53930.jpg,2001,1980,-21
53935.jpg,2001,1980,-21
53940.jpg,2001,1990,-11
53945.jpg,2001,1950,-51
53950.jpg,2001,1990,-11
53955.jpg,2001,1990,-11
53960.jpg,2001,1970,-31
53965.jpg,2001,1950,-51
53970.jpg,2001,2010,9
53975.jpg,2001,2010,9
53980.jpg,2001,1980,-21
53985.jpg,2001,1950,-51
53990.jpg,2001,1970,-31
53995.jpg,2001,1900,-101
54000.jpg,2001,2010,9
54005.jpg,2001,1970,-31
54010.jpg,2001,1950,-51
54015.jpg,2001,1990,-11
54020.jpg,2001,1980,-21
54025.jpg,2001,1960,-41
54030.jpg,2001,2010,9
54035.jpg,2001,1980,-21
54040.jpg,2001,2010,9
54045.jpg,2001,2010,9
54050.jpg,2001,1980,-21
54055.jpg,2001,1970,-31
54060.jpg,2001,1950,-51
54065.jpg,2001,1950,-51
54070.jpg,2001,2010,9
54075.jpg,2001,2010,9
54085.jpg,2001,2010,9
54090.jpg,2001,1990,-11
54095.jpg,2001,2010,9
54100.jpg,2001,2010,9
54105.jpg,2001,2010,9
54110.jpg,2001,2010,9
54120.jpg,2001,1990,-11
54125.jpg,2001,2010,9
54130.jpg,2001,1980,-21
54135.jpg,2001,1970,-31
54140.jpg,2001,1980,-21
54145.jpg,2001,1970,-31
54150.jpg,2001,2010,9
54155.jpg,2001,1950,-51
54160.jpg,2001,1980,-21
54165.jpg,2001,1990,-11
54170.jpg,2001,2010,9
54180.jpg,2002,1960,-42
54185.jpg,2002,2010,8
54190.jpg,2002,2000,-2
54195.jpg,2002,1950,-52
54200.jpg,2002,1990,-12
54205.jpg,2002,1990,-12
54210.jpg,2002,2010,8
54215.jpg,2002,2005,3
54220.jpg,2002,1950,-52
54225.jpg,2002,1990,-12
54230.jpg,2002,2010,8
54235.jpg,2002,2010,8
54240.jpg,2002,1990,-12
54245.jpg,2002,2010,8
54250.jpg,2002,1970,-32
54255.jpg,2002,1900,-102
54260.jpg,2002,2010,8
54265.jpg,2002,2010,8
54270.jpg,2002,1980,-22
54275.jpg,2002,1980,-22
54280.jpg,2002,2010,8
54285.jpg,2002,2010,8
54290.jpg,2002,2010,8
54295.jpg,2002,1980,-22
54300.jpg,2002,1980,-22
54305.jpg,2002,1960,-42
54310.jpg,2002,2010,8
54315.jpg,2002,2010,8
54320.jpg,2002,1900,-102
54330.jpg,2002,1980,-22
54335.jpg,2002,1970,-32
54340.jpg,2002,2010,8
54345.jpg,2002,1980,-22
54355.jpg,2002,1990,-12
54360.jpg,2002,1950,-52
54365.jpg,2002,1980,-22
54370.jpg,2002,1970,-32
54375.jpg,2002,2010,8
54385.jpg,2002,1990,-12
54390.jpg,2002,1970,-32
54395.jpg,2002,2010,8
54400.jpg,2002,1970,-32
54405.jpg,2003,1980,-23
54410.jpg,2003,2010,7
54415.jpg,2003,2010,7
54425.jpg,2003,1980,-23
54430.jpg,2003,2010,7
54435.jpg,2003,1990,-13
54440.jpg,2003,2010,7
54445.jpg,2003,2010,7
54450.jpg,2003,1990,-13
54460.jpg,2003,1990,-13
54465.jpg,2003,2010,7
54470.jpg,2003,2010,7
54475.jpg,2003,2010,7
54480.jpg,2003,2010,7
54485.jpg,2003,1970,-33
54490.jpg,2003,2010,7
54495.jpg,2003,1970,-33
54500.jpg,2003,2010,7
54505.jpg,2003,2010,7
54510.jpg,2003,1970,-33
54515.jpg,2003,1990,-13
54520.jpg,2003,1900,-103
54525.jpg,2003,2010,7
54530.jpg,2003,1970,-33
54535.jpg,2003,1950,-53
54540.jpg,2003,1980,-23
54545.jpg,2003,1900,-103
54550.jpg,2003,2010,7
54555.jpg,2003,1950,-53
54560.jpg,2003,2010,7
54565.jpg,2003,1970,-33
54570.jpg,2003,1990,-13
54575.jpg,2003,1980,-23
54580.jpg,2003,1970,-33
54585.jpg,2003,2010,7
54590.jpg,2003,1980,-23
54595.jpg,2003,1980,-23
54600.jpg,2003,1970,-33
54605.jpg,2004,2010,6
54610.jpg,2004,1980,-24
54620.jpg,2004,1970,-34
54625.jpg,2004,2000,-4
54630.jpg,2004,2010,6
54635.jpg,2004,2010,6
54640.jpg,2004,2010,6
54645.jpg,2004,2010,6
54650.jpg,2004,1990,-14
54655.jpg,2004,1970,-34
54660.jpg,2004,2010,6
54665.jpg,2004,2010,6
54670.jpg,2004,1990,-14
54675.jpg,2004,2010,6
54680.jpg,2004,1950,-54
54685.jpg,2004,2010,6
54690.jpg,2004,1950,-54
54695.jpg,2004,1970,-34
54700.jpg,2004,2010,6
54705.jpg,2004,1990,-14
54710.jpg,2004,1990,-14
54715.jpg,2004,2010,6
54720.jpg,2004,2010,6
54725.jpg,2004,2010,6
54730.jpg,2004,1990,-14
54735.jpg,2004,1980,-24
54740.jpg,2004,1970,-34
54745.jpg,2004,1920,-84
54750.jpg,2004,1950,-54
54760.jpg,2004,1980,-24
54770.jpg,2004,1960,-44
54775.jpg,2004,2010,6
54780.jpg,2004,1990,-14
54785.jpg,2004,1980,-24
54790.jpg,2004,2010,6
54795.jpg,2004,2010,6
54800.jpg,2004,2010,6
54805.jpg,2004,1970,-34
54810.jpg,2004,1980,-24
54815.jpg,2004,2010,6
54820.jpg,2004,2010,6
54825.jpg,2004,1970,-34
54830.jpg,2004,2010,6
54835.jpg,2004,2010,6
54840.jpg,2004,2010,6
54845.jpg,2005,1800,-205
54850.jpg,2005,1960,-45
54855.jpg,2005,1980,-25
54860.jpg,2005,2010,5
54865.jpg,2005,1950,-55
54870.jpg,2005,2010,5
54885.jpg,2005,1990,-15
54890.jpg,2005,1990,-15
54895.jpg,2005,2010,5
54900.jpg,2005,2010,5
54905.jpg,2005,2010,5
54910.jpg,2005,2010,5
54915.jpg,2005,1990,-15
54925.jpg,2005,1980,-25
54930.jpg,2005,2010,5
54935.jpg,2005,1950,-55
54940.jpg,2005,1980,-25
54955.jpg,2005,1980,-25
54960.jpg,2005,2010,5
54965.jpg,2005,2005,0
54970.jpg,2005,2010,5
54975.jpg,2005,2010,5
54980.jpg,2005,2010,5
54985.jpg,2005,2010,5
54990.jpg,2005,1950,-55
54995.jpg,2005,1900,-105
55000.jpg,2005,1970,-35
55005.jpg,2005,2010,5
55010.jpg,2005,1970,-35
55015.jpg,2005,2010,5
55020.jpg,2005,1900,-105
55025.jpg,2005,2010,5
55030.jpg,2005,2010,5
55035.jpg,2005,1990,-15
55040.jpg,2005,1970,-35
55045.jpg,2005,2010,5
55050.jpg,2005,1990,-15
55055.jpg,2005,2010,5
55060.jpg,2005,2010,5
55065.jpg,2005,2010,5
55070.jpg,2005,1990,-15
55075.jpg,2005,2010,5
55080.jpg,2005,2010,5
55085.jpg,2005,1980,-25
55090.jpg,2005,2010,5
55095.jpg,2005,2010,5
55100.jpg,2005,1970,-35
55105.jpg,2005,1970,-35
55110.jpg,2005,1970,-35
55115.jpg,2005,1900,-105
55120.jpg,2005,2010,5
55125.jpg,2005,1970,-35
55130.jpg,2005,2010,5
55135.jpg,2006,1980,-26
55140.jpg,2006,2010,4
55145.jpg,2006,1960,-46
55155.jpg,2006,2010,4
55160.jpg,2006,1990,-16
55165.jpg,2006,2010,4
55170.jpg,2006,2010,4
55175.jpg,2006,1980,-26
55180.jpg,2006,1970,-36
55185.jpg,2006,1970,-36
55190.jpg,2006,2010,4
55195.jpg,2006,2010,4
55200.jpg,2006,2010,4
55210.jpg,2006,1950,-56
55215.jpg,2006,1980,-26
55220.jpg,2006,1990,-16
55230.jpg,2006,2010,4
55235.jpg,2006,2010,4
55240.jpg,2006,2010,4
55245.jpg,2006,2010,4
55250.jpg,2006,1990,-16
55255.jpg,2006,1990,-16
55265.jpg,2006,1950,-56
55270.jpg,2006,1980,-26
55275.jpg,2006,1960,-46
55280.jpg,2006,1990,-16
55285.jpg,2006,1970,-36
55290.jpg,2006,1980,-26
55295.jpg,2006,2000,-6
55300.jpg,2006,2010,4
55305.jpg,2006,1970,-36
55310.jpg,2006,1980,-26
55315.jpg,2006,1990,-16
55320.jpg,2006,1980,-26
55325.jpg,2006,2010,4
55330.jpg,2006,1970,-36
55335.jpg,2007,1800,-207
55340.jpg,2007,2010,3
55345.jpg,2007,1980,-27
55355.jpg,2007,1990,-17
55360.jpg,2007,2010,3
55365.jpg,2007,1990,-17
55370.jpg,2007,1990,-17
55380.jpg,2007,2010,3
55385.jpg,2007,1990,-17
55395.jpg,2007,1950,-57
55400.jpg,2007,2010,3
55405.jpg,2007,1970,-37
55410.jpg,2007,2010,3
55415.jpg,2007,1990,-17
55420.jpg,2007,1990,-17
55425.jpg,2007,2010,3
55430.jpg,2007,1980,-27
55435.jpg,2007,1950,-57
55440.jpg,2007,2010,3
55445.jpg,2007,2010,3
55450.jpg,2007,1980,-27
55455.jpg,2007,1970,-37
55460.jpg,2007,1800,-207
55465.jpg,2007,1980,-27
55475.jpg,2007,1900,-107
55480.jpg,2007,1960,-47
55485.jpg,2007,1980,-27
55490.jpg,2007,1950,-57
55500.jpg,2007,1980,-27
55505.jpg,2007,1980,-27
55510.jpg,2007,2010,3
55515.jpg,2007,2010,3
55520.jpg,2007,2010,3
55525.jpg,2007,1900,-107
55530.jpg,2007,2010,3
55535.jpg,2007,2010,3
55540.jpg,2007,1980,-27
55545.jpg,2007,2010,3
55550.jpg,2007,1970,-37
55555.jpg,2007,2010,3
55560.jpg,2007,1980,-27
55565.jpg,2007,2010,3
55570.jpg,2007,1970,-37
55575.jpg,2007,2010,3
55580.jpg,2007,2010,3
55585.jpg,2007,2010,3
55590.jpg,2007,1970,-37
55595.jpg,2007,1900,-107
55600.jpg,2007,1970,-37
55605.jpg,2007,1960,-47
55610.jpg,2008,1800,-208
55615.jpg,2008,1900,-108
55620.jpg,2008,2010,2
55625.jpg,2008,2010,2
55630.jpg,2008,2010,2
55635.jpg,2008,1990,-18
55640.jpg,2008,1990,-18
55645.jpg,2008,2010,2
55650.jpg,2008,1950,-58
55655.jpg,2008,1990,-18
55660.jpg,2008,2010,2
55670.jpg,2008,2010,2
55675.jpg,2008,1990,-18
55685.jpg,2008,1980,-28
55690.jpg,2008,2010,2
55695.jpg,2008,1970,-38
55705.jpg,2008,2010,2
55710.jpg,2008,1950,-58
55715.jpg,2008,2010,2
55720.jpg,2008,1980,-28
55725.jpg,2008,1970,-38
55730.jpg,2008,2010,2
55735.jpg,2008,1900,-108
55740.jpg,2008,1980,-28
55745.jpg,2008,2010,2
55750.jpg,2008,1980,-28
55755.jpg,2008,2010,2
55760.jpg,2008,1970,-38
55765.jpg,2008,1980,-28
55770.jpg,2008,1900,-108
55775.jpg,2008,1970,-38
55780.jpg,2008,2010,2
55785.jpg,2008,2010,2
55795.jpg,2008,2010,2
55800.jpg,2008,2010,2
55805.jpg,2008,2010,2
55810.jpg,2008,2010,2
55815.jpg,2008,2010,2
55820.jpg,2008,1900,-108
55825.jpg,2008,1970,-38
55830.jpg,2008,1990,-18
55835.jpg,2009,1970,-39
55845.jpg,2009,2010,1
55850.jpg,2009,2010,1
55870.jpg,2009,1903,-106
55875.jpg,2009,2010,1
55880.jpg,2009,2010,1
55885.jpg,2009,1970,-39
55890.jpg,2009,2010,1
55895.jpg,2009,1990,-19
55900.jpg,2009,1980,-29
55905.jpg,2009,2010,1
55910.jpg,2009,2010,1
55915.jpg,2009,2010,1
55920.jpg,2009,1900,-109
55925.jpg,2009,1950,-59
55930.jpg,2009,1960,-49
55935.jpg,2009,1980,-29
55940.jpg,2009,2010,1
55945.jpg,2009,1990,-19
55950.jpg,2009,2010,1
55955.jpg,2009,2010,1
55960.jpg,2009,2010,1
55965.jpg,2009,1990,-19
55970.jpg,2009,1990,-19
55975.jpg,2009,1990,-19
55980.jpg,2009,1980,-29
55985.jpg,2009,1950,-59
55990.jpg,2009,2010,1
55995.jpg,2009,1980,-29
56000.jpg,2009,2010,1
56005.jpg,2009,1900,-109
56010.jpg,2009,1900,-109
56015.jpg,2009,2010,1
56020.jpg,2009,2010,1
56025.jpg,2009,2010,1
56030.jpg,2009,2010,1
56035.jpg,2009,2010,1
56040.jpg,2009,2010,1
56050.jpg,2009,2010,1
56055.jpg,2009,1980,-29
56060.jpg,2009,1950,-59
56065.jpg,2009,1970,-39
56070.jpg,2009,1970,-39
56075.jpg,2009,1900,-109
56080.jpg,2010,1970,-40
56085.jpg,2010,2010,0
56090.jpg,2010,2010,0
56095.jpg,2010,2010,0
56105.jpg,2010,2010,0
56110.jpg,2010,2010,0
56115.jpg,2010,2010,0
56125.jpg,2010,2010,0
56130.jpg,2010,1970,-40
56135.jpg,2010,1990,-20
56140.jpg,2010,1960,-50
56145.jpg,2010,2010,0
56150.jpg,2010,1990,-20
56155.jpg,2010,1990,-20
56165.jpg,2010,1980,-30
56170.jpg,2010,1900,-110
56175.jpg,2010,2010,0
56180.jpg,2010,1980,-30
56185.jpg,2010,2010,0
56190.jpg,2010,1980,-30
56195.jpg,2010,2010,0
56200.jpg,2010,2010,0
56205.jpg,2010,2010,0
56210.jpg,2010,2010,0
56215.jpg,2010,2010,0
56220.jpg,2010,1990,-20
56225.jpg,2010,2010,0
56230.jpg,2010,1970,-40
56235.jpg,2010,1950,-60
56240.jpg,2010,1980,-30
56245.jpg,2010,2010,0
56250.jpg,2010,2010,0
56255.jpg,2010,2010,0
56260.jpg,2010,2010,0
56265.jpg,2010,2010,0
56270.jpg,2010,2010,0
56275.jpg,2010,1980,-30
56280.jpg,2010,1960,-50
56285.jpg,2010,2010,0
56290.jpg,2010,2010,0
56295.jpg,2010,1990,-20
56300.jpg,2010,1980,-30
56310.jpg,2010,2010,0
56315.jpg,2011,1980,-31
56320.jpg,2011,1970,-41
56325.jpg,2011,2010,-1
56330.jpg,2011,1990,-21
56335.jpg,2011,1970,-41
56345.jpg,2011,1950,-61
56350.jpg,2011,2010,-1
56355.jpg,2011,2010,-1
56360.jpg,2011,2010,-1
56365.jpg,2011,2010,-1
56370.jpg,2011,1990,-21
56375.jpg,2011,2010,-1
56380.jpg,2011,1960,-51
56385.jpg,2011,2010,-1
56390.jpg,2011,1900,-111
56395.jpg,2011,2010,-1
56400.jpg,2011,2010,-1
56405.jpg,2011,1970,-41
56410.jpg,2011,2010,-1
56415.jpg,2011,2010,-1
56420.jpg,2011,2010,-1
56425.jpg,2011,1950,-61
56430.jpg,2011,2010,-1
56440.jpg,2011,2010,-1
56450.jpg,2011,2010,-1
56455.jpg,2011,1850,-161
56460.jpg,2011,1970,-41
56465.jpg,2011,1990,-21
56470.jpg,2011,1950,-61
56475.jpg,2011,1960,-51
56480.jpg,2011,1970,-41
56485.jpg,2011,2010,-1
56495.jpg,2011,2010,-1
56500.jpg,2011,2010,-1
56505.jpg,2011,2010,-1
56510.jpg,2011,2010,-1
56515.jpg,2011,1930,-81
56520.jpg,2011,1970,-41
56525.jpg,2011,1970,-41
56545.jpg,2012,1960,-52
56550.jpg,2012,2010,-2
56555.jpg,2012,1960,-52
56560.jpg,2012,2010,-2
56565.jpg,2012,2010,-2
56570.jpg,2012,2010,-2
56575.jpg,2012,2010,-2
56585.jpg,2012,2010,-2
56590.jpg,2012,2010,-2
56600.jpg,2012,1990,-22
56605.jpg,2012,2010,-2
56610.jpg,2012,2010,-2
56615.jpg,2012,1980,-32
56620.jpg,2012,1900,-112
56625.jpg,2012,1980,-32
56630.jpg,2012,2010,-2
56635.jpg,2012,1990,-22
56640.jpg,2012,1990,-22
56645.jpg,2012,2010,-2
56650.jpg,2012,2010,-2
56655.jpg,2012,2010,-2
56660.jpg,2012,1950,-62
56665.jpg,2012,1900,-112
56670.jpg,2012,2010,-2
56675.jpg,2012,2010,-2
56680.jpg,2012,2000,-12
56685.jpg,2012,1980,-32
56690.jpg,2012,1980,-32
56695.jpg,2012,2010,-2
56700.jpg,2012,1970,-42
56705.jpg,2012,2010,-2
56710.jpg,2012,1970,-42
56715.jpg,2012,1900,-112
56720.jpg,2013,1950,-63
56725.jpg,2013,2010,-3
56730.jpg,2013,1990,-23
56735.jpg,2013,1970,-43
56740.jpg,2013,1990,-23
56745.jpg,2013,2010,-3
56750.jpg,2013,2010,-3
56755.jpg,2013,2010,-3
56765.jpg,2013,2010,-3
56770.jpg,2013,2010,-3
56775.jpg,2013,1960,-53
56780.jpg,2013,2010,-3
56785.jpg,2013,2010,-3
56795.jpg,2013,1980,-33
56800.jpg,2013,1980,-33
56805.jpg,2013,1980,-33
56810.jpg,2013,2010,-3
56820.jpg,2013,1990,-23
56825.jpg,2013,1900,-113
56845.jpg,2013,2010,-3
56850.jpg,2013,2010,-3
56855.jpg,2013,2010,-3
56860.jpg,2013,2010,-3
56865.jpg,2013,1990,-23
56870.jpg,2013,2010,-3
56875.jpg,2013,2010,-3
56880.jpg,2013,1990,-23
56885.jpg,2013,2010,-3
56890.jpg,2013,1970,-43
56895.jpg,2013,1900,-113
56900.jpg,2014,1970,-44
56905.jpg,2014,1900,-114
56910.jpg,2014,1990,-24
56915.jpg,2014,2010,-4
56920.jpg,2014,1990,-24
56925.jpg,2014,2010,-4
56930.jpg,2014,2010,-4
56935.jpg,2014,2010,-4
56940.jpg,2014,2010,-4
56945.jpg,2014,1970,-44
56950.jpg,2014,1970,-44
56955.jpg,2014,1970,-44
56960.jpg,2014,1980,-34
56965.jpg,2014,2010,-4
56970.jpg,2014,1980,-34
56975.jpg,2014,1950,-64
56980.jpg,2014,1980,-34
56985.jpg,2014,2010,-4
56990.jpg,2014,2010,-4
56995.jpg,2014,2010,-4
57005.jpg,2014,1980,-34
57010.jpg,2014,1950,-64
57015.jpg,2014,2010,-4
57020.jpg,2014,2010,-4
57025.jpg,2014,2010,-4
57030.jpg,2014,1970,-44
57035.jpg,2014,2010,-4
57040.jpg,2014,2010,-4
57045.jpg,2014,1990,-24
57050.jpg,2014,2010,-4
57055.jpg,2014,2010,-4
57060.jpg,2014,2010,-4
57065.jpg,2014,1980,-34
57070.jpg,2014,2010,-4
57075.jpg,2015,1980,-35
57085.jpg,2015,1990,-25
57090.jpg,2015,2010,-5
57095.jpg,2015,2010,-5
57100.jpg,2015,2010,-5
57105.jpg,2015,1990,-25
57110.jpg,2015,2010,-5
57120.jpg,2015,2010,-5
57125.jpg,2015,1990,-25
57130.jpg,2015,2010,-5
57135.jpg,2015,2010,-5
57140.jpg,2015,2010,-5
57145.jpg,2015,1990,-25
57150.jpg,2015,2010,-5
57155.jpg,2015,2010,-5
57160.jpg,2015,1970,-45
57165.jpg,2015,2010,-5
57170.jpg,2015,2010,-5
57175.jpg,2015,2010,-5
57180.jpg,2015,2010,-5
57185.jpg,2015,2010,-5
57195.jpg,2015,1970,-45
57200.jpg,2015,1950,-65
57205.jpg,2015,2010,-5
57210.jpg,2015,1980,-35
57215.jpg,2015,1970,-45
57220.jpg,2016,1950,-66
57225.jpg,2016,2010,-6
57230.jpg,2016,2010,-6
57235.jpg,2016,2010,-6
57240.jpg,2016,2010,-6
57250.jpg,2016,1980,-36
57255.jpg,2016,2010,-6
57270.jpg,2016,1900,-116
57275.jpg,2016,2010,-6
57280.jpg,2016,2010,-6
57285.jpg,2016,2010,-6
57290.jpg,2016,1990,-26
57295.jpg,2016,1970,-46
57300.jpg,2016,2010,-6
57305.jpg,2016,2010,-6
57310.jpg,2016,1900,-116
57315.jpg,2016,1970,-46
57320.jpg,2016,2010,-6
57325.jpg,2016,2010,-6
57330.jpg,2016,2010,-6
57335.jpg,2016,1950,-66
57340.jpg,2016,1980,-36
57345.jpg,2016,1960,-56
57350.jpg,2016,2010,-6
57355.jpg,2016,2010,-6
57360.jpg,2016,2010,-6
57365.jpg,2017,1980,-37
57370.jpg,2017,2010,-7
57375.jpg,2017,2010,-7
57385.jpg,2017,2010,-7
57390.jpg,2017,2010,-7
57395.jpg,2017,2010,-7
57400.jpg,2017,1980,-37
57415.jpg,2017,1980,-37
57420.jpg,2017,1990,-27
57425.jpg,2017,1990,-27
57430.jpg,2017,1980,-37
57435.jpg,2017,2010,-7
57440.jpg,2017,1900,-117
57450.jpg,2017,1970,-47
57455.jpg,2017,2010,-7
57470.jpg,2017,2010,-7
57475.jpg,2017,2010,-7
57480.jpg,2018,2010,-8
57485.jpg,2018,2010,-8
57490.jpg,2018,1990,-28
57495.jpg,2018,1990,-28
57500.jpg,2018,1980,-38
57505.jpg,2018,2010,-8
57510.jpg,2018,2010,-8
57515.jpg,2018,1970,-48
57520.jpg,2018,2010,-8
57525.jpg,2018,1990,-28
57530.jpg,2018,2010,-8
57545.jpg,2018,1970,-48
57550.jpg,2018,2010,-8
57555.jpg,2018,2010,-8
57560.jpg,2018,1970,-48
57565.jpg,2018,1970,-48
57570.jpg,2018,2010,-8
57575.jpg,2018,2010,-8
57585.jpg,2019,1980,-39
57595.jpg,2019,2010,-9
57600.jpg,2019,1970,-49
57605.jpg,2019,2010,-9
57610.jpg,2019,2010,-9
57615.jpg,2019,1970,-49
57620.jpg,2019,2010,-9
57625.jpg,2019,2010,-9
57630.jpg,2019,1900,-119
57635.jpg,2019,2010,-9
57640.jpg,2019,2015,-4
57645.jpg,2019,2010,-9
57660.jpg,2019,1980,-39
57665.jpg,2019,2010,-9
57670.jpg,2020,1990,-30
57675.jpg,2020,2010,-10
57680.jpg,2020,1970,-50
57685.jpg,2020,2010,-10
57690.jpg,2020,1980,-40
57695.jpg,2020,2010,-10
57700.jpg,2020,1980,-40
57705.jpg,2020,2010,-10
57710.jpg,2020,1950,-70
57725.jpg,2020,2010,-10
57730.jpg,2021,1980,-41
57735.jpg,2021,2010,-11
57740.jpg,2021,2010,-11
57745.jpg,2021,2010,-11
57750.jpg,2021,2010,-11
57755.jpg,2021,1990,-31
57760.jpg,2021,1980,-41
57765.jpg,2021,2010,-11
57770.jpg,2021,2010,-11
57780.jpg,2021,2010,-11
57785.jpg,2021,1980,-41
57790.jpg,2021,2010,-11
57795.jpg,2021,2010,-11
57800.jpg,2021,2010,-11
57805.jpg,2022,2010,-12
57810.jpg,2022,2010,-12
57815.jpg,2022,1970,-52
57825.jpg,2022,1964,-58
57830.jpg,2022,2010,-12
57835.jpg,2022,2010,-12
57840.jpg,2022,1980,-42
57845.jpg,2022,2010,-12
57860.jpg,2022,2010,-12
57865.jpg,2022,1980,-42
57870.jpg,2022,2010,-12
57875.jpg,2023,1960,-63
57885.jpg,2023,1970,-53
57890.jpg,2023,2010,-13
57895.jpg,2023,2010,-13
57900.jpg,2023,1950,-73
57910.jpg,2023,2010,-13
57915.jpg,2023,1980,-43
57920.jpg,2023,2010,-13
57925.jpg,2024,1900,-124
57930.jpg,2024,2010,-14
