name,year,pred,diff
5.jpg,1008,1100,92
10.jpg,1016,1950,934
15.jpg,1022,1150,128
20.jpg,1028,1490,462
25.jpg,1036,1980,944
30.jpg,1048,500,-548
35.jpg,1051,1050,-1
40.jpg,1061,1900,839
45.jpg,1063,1603,540
55.jpg,1070,1300,230
60.jpg,1076,1400,324
65.jpg,1080,1400,320
70.jpg,1090,1200,110
75.jpg,1093,1480,387
80.jpg,1097,1860,763
85.jpg,1100,2000,900
90.jpg,1100,19,-1081
95.jpg,1107,1650,543
100.jpg,1110,1843,733
105.jpg,1114,1200,86
110.jpg,1116,1525,409
120.jpg,1120,1100,-20
125.jpg,1122,1875,753
130.jpg,1125,1200,75
135.jpg,1128,1200,72
140.jpg,1129,1480,351
145.jpg,1130,1200,70
150.jpg,1131,1200,69
155.jpg,1134,1750,616
165.jpg,1138,1895,757
170.jpg,1140,1850,710
175.jpg,1144,1400,256
180.jpg,1146,1300,154
185.jpg,1147,1380,233
190.jpg,1149,1650,501
195.jpg,1150,1650,500
200.jpg,1152,1000,-152
210.jpg,1160,1100,-60
215.jpg,1165,1300,135
220.jpg,1168,1880,712
225.jpg,1170,1200,30
230.jpg,1170,1400,230
235.jpg,1172,70,-1102
240.jpg,1175,1885,710
245.jpg,1177,1200,23
255.jpg,1180,1200,20
260.jpg,1180,1250,70
265.jpg,1180,1850,670
275.jpg,1185,1400,215
280.jpg,1189,1750,561
285.jpg,1191,1300,109
290.jpg,1192,1250,58
295.jpg,1194,1200,6
300.jpg,1196,1250,54
305.jpg,1198,1300,102
310.jpg,1199,1400,201
315.jpg,1200,1890,690
320.jpg,1202,1150,-52
325.jpg,1204,1600,396
330.jpg,1208,1500,292
335.jpg,1211,1650,439
340.jpg,1212,1300,88
345.jpg,1215,1650,435
350.jpg,1217,1200,-17
355.jpg,1220,1400,180
360.jpg,1221,1100,-121
365.jpg,1222,1200,-22
370.jpg,1224,1100,-124
375.jpg,1226,1280,54
380.jpg,1227,1895,668
385.jpg,1229,1300,71
390.jpg,1231,1350,119
395.jpg,1232,1200,-32
405.jpg,1237,1350,113
410.jpg,1238,1250,12
415.jpg,1240,1400,160
420.jpg,1242,1450,208
425.jpg,1245,1100,-145
430.jpg,1247,1400,153
435.jpg,1248,1300,52
440.jpg,1250,1400,150
445.jpg,1250,1200,-50
450.jpg,1252,1900,648
455.jpg,1255,1400,145
460.jpg,1259,1600,341
465.jpg,1260,1300,40
470.jpg,1263,1300,37
475.jpg,1264,1300,36
485.jpg,1270,1483,213
490.jpg,1270,1450,180
495.jpg,1270,1300,30
500.jpg,1271,1450,179
505.jpg,1273,1500,227
510.jpg,1275,1200,-75
515.jpg,1277,14,-1263
520.jpg,1278,1100,-178
525.jpg,1279,1350,71
530.jpg,1280,1400,120
535.jpg,1285,1300,15
540.jpg,1288,1500,212
545.jpg,1289,1500,211
550.jpg,1290,1300,10
555.jpg,1291,1150,-141
560.jpg,1293,1880,587
565.jpg,1295,1500,205
570.jpg,1298,1450,152
575.jpg,1300,1200,-100
580.jpg,1300,1400,100
585.jpg,1300,1500,200
590.jpg,1301,1500,199
595.jpg,1303,1300,-3
600.jpg,1305,1300,-5
605.jpg,1307,1875,568
610.jpg,1309,1850,541
615.jpg,1310,1300,-10
620.jpg,1311,1100,-211
625.jpg,1313,12,-1301
630.jpg,1314,1300,-14
635.jpg,1317,1300,-17
640.jpg,1319,1100,-219
645.jpg,1320,1550,230
650.jpg,1322,1250,-72
655.jpg,1324,1300,-24
660.jpg,1325,1520,195
665.jpg,1326,1300,-26
670.jpg,1327,1750,423
675.jpg,1328,1450,122
680.jpg,1330,1450,120
685.jpg,1330,1285,-45
690.jpg,1331,1750,419
695.jpg,1333,1200,-133
700.jpg,1335,1200,-135
705.jpg,1337,1525,188
710.jpg,1338,1200,-138
715.jpg,1340,1300,-40
720.jpg,1340,1500,160
725.jpg,1343,1500,157
730.jpg,1345,1200,-145
735.jpg,1345,1480,135
740.jpg,1346,1880,534
745.jpg,1347,1400,53
750.jpg,1347,1500,153
755.jpg,1349,1870,521
760.jpg,1350,1750,400
765.jpg,1350,1250,-100
775.jpg,1353,1850,497
780.jpg,1354,10,-1344
785.jpg,1356,1200,-156
790.jpg,1358,1890,532
795.jpg,1360,1400,40
800.jpg,1361,1150,-211
805.jpg,1362,1300,-62
810.jpg,1364,2000,636
815.jpg,1365,1530,165
825.jpg,1370,1800,430
830.jpg,1371,1100,-271
835.jpg,1373,1850,477
840.jpg,1375,1650,275
845.jpg,1377,1250,-127
850.jpg,1380,1980,600
855.jpg,1381,1300,-81
860.jpg,1382,1400,18
865.jpg,1384,1500,116
870.jpg,1386,1500,114
875.jpg,1389,1800,411
880.jpg,1390,1300,-90
885.jpg,1394,1490,96
890.jpg,1396,1500,104
895.jpg,1397,1375,-22
900.jpg,1398,1600,202
905.jpg,1399,1100,-299
910.jpg,1400,1350,-50
915.jpg,1401,1300,-101
920.jpg,1402,1500,98
925.jpg,1405,1400,-5
930.jpg,1406,1350,-56
935.jpg,1409,1400,-9
940.jpg,1410,1300,-110
945.jpg,1410,1200,-210
950.jpg,1411,1350,-61
955.jpg,1413,1300,-113
960.jpg,1414,1900,486
965.jpg,1417,1400,-17
970.jpg,1419,21,-1398
975.jpg,1420,1400,-20
980.jpg,1420,2003,583
985.jpg,1422,1500,78
990.jpg,1424,1350,-74
995.jpg,1425,1200,-225
1000.jpg,1426,1450,24
1005.jpg,1428,1895,467
1010.jpg,1430,1600,170
1015.jpg,1431,14,-1417
1025.jpg,1435,1880,445
1030.jpg,1436,600,-836
1035.jpg,1438,1820,382
1040.jpg,1440,1200,-240
1045.jpg,1441,1850,409
1050.jpg,1442,1890,448
1055.jpg,1444,1500,56
1060.jpg,1446,1880,434
1065.jpg,1448,1750,302
1070.jpg,1450,1400,-50
1075.jpg,1450,1150,-300
1080.jpg,1451,2000,549
1085.jpg,1452,1650,198
1090.jpg,1453,1520,67
1095.jpg,1455,1450,-5
1100.jpg,1457,1500,43
1105.jpg,1458,537,-921
1110.jpg,1459,1450,-9
1115.jpg,1460,1450,-10
1120.jpg,1462,1920,458
1125.jpg,1462,1400,-62
1130.jpg,1464,1300,-164
1135.jpg,1465,1910,445
1140.jpg,1466,1470,4
1145.jpg,1467,1895,428
1150.jpg,1468,1500,32
1155.jpg,1469,14,-1455
1160.jpg,1470,1900,430
1165.jpg,1470,1400,-70
1170.jpg,1472,1650,178
1175.jpg,1473,1880,407
1180.jpg,1475,1050,-425
1185.jpg,1477,1600,123
1190.jpg,1477,1500,23
1195.jpg,1479,1490,11
1200.jpg,1480,1400,-80
1205.jpg,1482,1600,118
1210.jpg,1482,1300,-182
1215.jpg,1483,16,-1467
1220.jpg,1485,1500,15
1225.jpg,1487,1650,163
1230.jpg,1487,1300,-187
1235.jpg,1488,19,-1469
1240.jpg,1489,1350,-139
1245.jpg,1490,1570,80
1250.jpg,1490,1490,0
1255.jpg,1491,1480,-11
1260.jpg,1492,1525,33
1265.jpg,1493,1500,7
1270.jpg,1494,1400,-94
1275.jpg,1495,1380,-115
1280.jpg,1496,1850,354
1285.jpg,1497,20,-1477
1290.jpg,1497,1470,-27
1295.jpg,1498,1500,2
1300.jpg,1499,1300,-199
1305.jpg,1500,1850,350
1310.jpg,1500,1500,0
1315.jpg,1501,1500,-1
1325.jpg,1503,1750,247
1330.jpg,1504,1350,-154
1335.jpg,1505,1820,315
1340.jpg,1506,1500,-6
1345.jpg,1507,1500,-7
1350.jpg,1508,1200,-308
1355.jpg,1508,1650,142
1360.jpg,1509,1280,-229
1365.jpg,1510,1620,110
1370.jpg,1510,1800,290
1375.jpg,1511,1550,39
1380.jpg,1512,1200,-312
1385.jpg,1513,1400,-113
1390.jpg,1513,1500,-13
1395.jpg,1515,1475,-40
1400.jpg,1515,1700,185
1405.jpg,1516,1600,84
1410.jpg,1517,1380,-137
1415.jpg,1518,1300,-218
1420.jpg,1518,1580,62
1425.jpg,1520,1500,-20
1430.jpg,1521,1500,-21
1435.jpg,1521,1200,-321
1440.jpg,1522,2010,488
1445.jpg,1523,1850,327
1450.jpg,1524,1750,226
1455.jpg,1525,1500,-25
1460.jpg,1526,1700,174
1465.jpg,1526,1520,-6
1470.jpg,1527,2020,493
1475.jpg,1528,1780,252
1480.jpg,1528,1820,292
1485.jpg,1530,1480,-50
1490.jpg,1530,1580,50
1495.jpg,1530,1490,-40
1500.jpg,1531,1850,319
1505.jpg,1531,1500,-31
1510.jpg,1532,1580,48
1515.jpg,1532,1750,218
1520.jpg,1533,1980,447
1525.jpg,1534,1880,346
1530.jpg,1535,1890,355
1535.jpg,1535,1880,345
1540.jpg,1536,1200,-336
1545.jpg,1537,1500,-37
1550.jpg,1537,1480,-57
1555.jpg,1538,1480,-58
1560.jpg,1539,1500,-39
1565.jpg,1540,1400,-140
1570.jpg,1540,1480,-60
1575.jpg,1540,1400,-140
1580.jpg,1540,1200,-340
1590.jpg,1542,1650,108
1595.jpg,1543,1650,107
1600.jpg,1543,1650,107
1605.jpg,1544,1500,-44
1610.jpg,1545,1780,235
1615.jpg,1545,1900,355
1620.jpg,1547,1520,-27
1625.jpg,1548,1580,32
1630.jpg,1549,1600,51
1635.jpg,1549,1650,101
1640.jpg,1550,1500,-50
1645.jpg,1550,1750,200
1650.jpg,1550,1400,-150
1655.jpg,1550,1000,-550
1660.jpg,1551,1890,339
1665.jpg,1551,1500,-51
1670.jpg,1552,1550,-2
1675.jpg,1553,1500,-53
1680.jpg,1554,1780,226
1685.jpg,1554,1640,86
1690.jpg,1555,1480,-75
1695.jpg,1556,2000,444
1700.jpg,1557,1850,293
1705.jpg,1558,1930,372
1710.jpg,1558,1616,58
1715.jpg,1559,1550,-9
1720.jpg,1559,1650,91
1725.jpg,1560,1790,230
1730.jpg,1560,1700,140
1735.jpg,1560,16,-1544
1740.jpg,1561,1500,-61
1745.jpg,1561,1600,39
1750.jpg,1562,1650,88
1755.jpg,1563,1820,257
1760.jpg,1564,1850,286
1765.jpg,1565,1820,255
1770.jpg,1565,1750,185
1775.jpg,1565,15,-1550
1780.jpg,1566,1650,84
1785.jpg,1567,1890,323
1790.jpg,1567,1500,-67
1795.jpg,1568,1350,-218
1800.jpg,1568,1500,-68
1805.jpg,1569,1650,81
1810.jpg,1570,1750,180
1815.jpg,1570,1650,80
1820.jpg,1570,1300,-270
1825.jpg,1571,1780,209
1830.jpg,1572,1680,108
1835.jpg,1572,1650,78
1840.jpg,1573,1500,-73
1845.jpg,1573,1925,352
1850.jpg,1574,1750,176
1855.jpg,1574,1790,216
1860.jpg,1575,1850,275
1865.jpg,1575,1650,75
1870.jpg,1575,1500,-75
1875.jpg,1576,1790,214
1880.jpg,1577,1500,-77
1885.jpg,1578,1650,72
1890.jpg,1578,1750,172
1895.jpg,1579,1700,121
1900.jpg,1579,1760,181
1905.jpg,1580,1680,100
1910.jpg,1580,1780,200
1915.jpg,1581,1400,-181
1920.jpg,1581,1500,-81
1925.jpg,1582,1300,-282
1930.jpg,1582,1920,338
1935.jpg,1583,1500,-83
1940.jpg,1584,1580,-4
1945.jpg,1584,1945,361
1950.jpg,1585,1750,165
1955.jpg,1585,1100,-485
1960.jpg,1585,1900,315
1965.jpg,1586,1600,14
1970.jpg,1586,1910,324
1975.jpg,1587,1470,-117
1980.jpg,1588,1750,162
1985.jpg,1588,1875,287
1990.jpg,1588,1650,62
1995.jpg,1588,1500,-88
2000.jpg,1589,1780,191
2005.jpg,1590,1750,160
2010.jpg,1590,1750,160
2020.jpg,1591,1750,159
2025.jpg,1591,1650,59
2030.jpg,1592,1880,288
2035.jpg,1593,1500,-93
2045.jpg,1595,1350,-245
2050.jpg,1595,1890,295
2055.jpg,1595,1870,275
2060.jpg,1596,1485,-111
2065.jpg,1596,1500,-96
2070.jpg,1597,1650,53
2075.jpg,1597,1700,103
2080.jpg,1598,1450,-148
2085.jpg,1598,1650,52
2090.jpg,1598,1870,272
2095.jpg,1600,1590,-10
2100.jpg,1600,1300,-300
2115.jpg,1602,1650,48
2125.jpg,1604,1880,276
2130.jpg,1604,1480,-124
2135.jpg,1604,1480,-124
2140.jpg,1605,1750,145
2145.jpg,1605,1600,-5
2150.jpg,1606,1910,304
2155.jpg,1606,1650,44
2160.jpg,1607,1870,263
2165.jpg,1607,1750,143
2170.jpg,1608,1650,42
2175.jpg,1608,1750,142
2180.jpg,1609,1500,-109
2185.jpg,1610,1450,-160
2190.jpg,1610,1500,-110
2195.jpg,1610,1650,40
2200.jpg,1610,1780,170
2205.jpg,1611,1750,139
2210.jpg,1611,1750,139
2215.jpg,1611,1600,-11
2220.jpg,1612,2015,403
2225.jpg,1612,1300,-312
2230.jpg,1613,1500,-113
2235.jpg,1613,1675,62
2240.jpg,1614,1600,-14
2245.jpg,1614,1750,136
2250.jpg,1614,1500,-114
2255.jpg,1615,1930,315
2260.jpg,1615,1200,-415
2265.jpg,1616,1900,284
2270.jpg,1616,1680,64
2275.jpg,1616,1920,304
2280.jpg,1616,1500,-116
2285.jpg,1617,1300,-317
2290.jpg,1617,1300,-317
2295.jpg,1617,1700,83
2300.jpg,1618,1500,-118
2305.jpg,1618,1720,102
2310.jpg,1619,1520,-99
2315.jpg,1619,1650,31
2320.jpg,1619,1880,261
2325.jpg,1620,1600,-20
2330.jpg,1620,1600,-20
2335.jpg,1620,1600,-20
2340.jpg,1621,1630,9
2345.jpg,1621,1450,-171
2350.jpg,1622,1700,78
2360.jpg,1623,1480,-143
2365.jpg,1624,1780,156
2370.jpg,1624,1650,26
2375.jpg,1624,1750,126
2380.jpg,1625,1580,-45
2385.jpg,1625,1750,125
2390.jpg,1625,1820,195
2395.jpg,1625,1780,155
2400.jpg,1626,1800,174
2405.jpg,1626,1925,299
2410.jpg,1627,1790,163
2415.jpg,1628,21,-1607
2420.jpg,1628,1790,162
2425.jpg,1629,1880,251
2430.jpg,1629,1500,-129
2435.jpg,1630,1750,120
2440.jpg,1630,1650,20
2445.jpg,1630,1600,-30
2450.jpg,1630,1600,-30
2455.jpg,1631,1750,119
2460.jpg,1631,1890,259
2465.jpg,1631,1100,-531
2470.jpg,1632,1850,218
2475.jpg,1632,1910,278
2480.jpg,1632,2000,368
2485.jpg,1633,1870,237
2490.jpg,1633,1350,-283
2495.jpg,1634,1895,261
2500.jpg,1634,1600,-34
2505.jpg,1634,1870,236
2510.jpg,1635,1500,-135
2515.jpg,1635,1780,145
2520.jpg,1635,1650,15
2525.jpg,1636,1780,144
2530.jpg,1636,1690,54
2535.jpg,1636,1500,-136
2540.jpg,1637,1900,263
2545.jpg,1637,20,-1617
2550.jpg,1638,1600,-38
2555.jpg,1638,1880,242
2560.jpg,1638,1550,-88
2565.jpg,1639,1700,61
2570.jpg,1639,1650,11
2575.jpg,1640,1780,140
2580.jpg,1640,1920,280
2585.jpg,1640,1790,150
2590.jpg,1641,1580,-61
2595.jpg,1641,1400,-241
2600.jpg,1641,1980,339
2605.jpg,1642,1850,208
2610.jpg,1642,1800,158
2615.jpg,1643,1500,-143
2620.jpg,1644,1850,206
2625.jpg,1644,1850,206
2630.jpg,1644,1750,106
2635.jpg,1645,1800,155
2640.jpg,1645,1900,255
2645.jpg,1646,1750,104
2650.jpg,1646,1300,-346
2655.jpg,1646,1600,-46
2660.jpg,1648,1780,132
2665.jpg,1648,1880,232
2670.jpg,1648,1638,-10
2675.jpg,1649,1775,126
2680.jpg,1650,1600,-50
2685.jpg,1650,1650,0
2690.jpg,1650,1600,-50
2695.jpg,1650,1800,150
2700.jpg,1651,1650,-1
2705.jpg,1651,1850,199
2710.jpg,1652,1650,-2
2715.jpg,1653,1890,237
2720.jpg,1653,1600,-53
2725.jpg,1654,1790,136
2730.jpg,1654,1250,-404
2735.jpg,1655,1700,45
2745.jpg,1656,1700,44
2750.jpg,1656,1700,44
2755.jpg,1656,1850,194
2760.jpg,1657,1650,-7
2765.jpg,1657,1300,-357
2770.jpg,1658,1300,-358
2775.jpg,1658,1750,92
2780.jpg,1659,1300,-359
2785.jpg,1659,1750,91
2790.jpg,1660,1750,90
2795.jpg,1660,1780,120
2800.jpg,1660,1750,90
2805.jpg,1660,1650,-10
2810.jpg,1660,1670,10
2815.jpg,1660,1780,120
2820.jpg,1660,1750,90
2825.jpg,1661,1910,249
2830.jpg,1661,1650,-11
2835.jpg,1661,1870,209
2840.jpg,1661,1985,324
2845.jpg,1662,1910,248
2850.jpg,1663,1700,37
2855.jpg,1663,1590,-73
2860.jpg,1664,1600,-64
2865.jpg,1664,1850,186
2870.jpg,1664,1750,86
2875.jpg,1665,1850,185
2880.jpg,1665,1500,-165
2885.jpg,1665,1775,110
2890.jpg,1665,1500,-165
2895.jpg,1666,1650,-16
2900.jpg,1666,1870,204
2905.jpg,1667,1780,113
2910.jpg,1667,1750,83
2915.jpg,1667,1650,-17
2920.jpg,1668,1650,-18
2925.jpg,1669,1820,151
2930.jpg,1669,1880,211
2935.jpg,1670,1890,220
2940.jpg,1670,1700,30
2945.jpg,1670,1750,80
2950.jpg,1670,1580,-90
2955.jpg,1671,1880,209
2960.jpg,1671,1400,-271
2965.jpg,1671,1600,-71
2970.jpg,1672,1750,78
2975.jpg,1672,1920,248
2980.jpg,1673,1650,-23
2985.jpg,1673,1700,27
2990.jpg,1674,1780,106
2995.jpg,1674,1750,76
3000.jpg,1674,1200,-474
3010.jpg,1675,1600,-75
3020.jpg,1676,1890,214
3025.jpg,1676,1780,104
3030.jpg,1677,1990,313
3035.jpg,1677,1200,-477
3040.jpg,1677,1650,-27
3045.jpg,1678,1650,-28
3050.jpg,1678,1650,-28
3055.jpg,1678,1400,-278
3060.jpg,1679,1750,71
3065.jpg,1679,1850,171
3075.jpg,1680,1850,170
3080.jpg,1680,1780,100
3085.jpg,1680,1690,10
3090.jpg,1680,1790,110
3095.jpg,1680,1790,110
3100.jpg,1680,1750,70
3105.jpg,1681,1750,69
3110.jpg,1681,1650,-31
3115.jpg,1681,1775,94
3120.jpg,1681,-1,-1682
3125.jpg,1682,1820,138
3130.jpg,1682,1690,8
3135.jpg,1682,1830,148
3140.jpg,1682,1500,-182
3145.jpg,1683,1750,67
3150.jpg,1683,1775,92
3155.jpg,1683,1650,-33
3160.jpg,1683,1200,-483
3165.jpg,1683,1890,207
3170.jpg,1684,1720,36
3175.jpg,1684,1680,-4
3180.jpg,1684,1400,-284
3185.jpg,1684,1780,96
3190.jpg,1685,1820,135
3195.jpg,1685,1750,65
3200.jpg,1685,1500,-185
3205.jpg,1686,1750,64
3210.jpg,1686,1820,134
3215.jpg,1686,1970,284
3220.jpg,1686,1920,234
3225.jpg,1687,20,-1667
3230.jpg,1687,1750,63
3235.jpg,1687,1920,233
3240.jpg,1688,1750,62
3245.jpg,1688,1650,-38
3250.jpg,1689,1880,191
3255.jpg,1689,1850,161
3260.jpg,1689,1500,-189
3270.jpg,1690,1200,-490
3275.jpg,1690,1880,190
3280.jpg,1690,1930,240
3285.jpg,1690,1850,160
3290.jpg,1690,1880,190
3295.jpg,1690,1880,190
3300.jpg,1690,1850,160
3305.jpg,1691,1750,59
3310.jpg,1691,1650,-41
3315.jpg,1691,1750,59
3320.jpg,1692,1650,-42
3325.jpg,1692,1950,258
3330.jpg,1693,1890,197
3335.jpg,1693,1890,197
3340.jpg,1694,1790,96
3345.jpg,1694,1880,186
3350.jpg,1694,1650,-44
3355.jpg,1695,1900,205
3360.jpg,1695,1750,55
3365.jpg,1695,1860,165
3370.jpg,1695,1920,225
3375.jpg,1695,1600,-95
3385.jpg,1696,1750,54
3390.jpg,1696,1980,284
3395.jpg,1696,1780,84
3400.jpg,1696,1750,54
3405.jpg,1696,1650,-46
3410.jpg,1697,1750,53
3415.jpg,1697,1900,203
3420.jpg,1697,1950,253
3425.jpg,1697,1550,-147
3430.jpg,1698,1750,52
3435.jpg,1698,1800,102
3440.jpg,1698,1500,-198
3445.jpg,1699,1750,51
3450.jpg,1699,1700,1
3455.jpg,1699,1950,251
3460.jpg,1700,1750,50
3465.jpg,1700,1900,200
3470.jpg,1700,1750,50
3475.jpg,1700,1780,80
3480.jpg,1700,1750,50
3485.jpg,1700,1750,50
3490.jpg,1700,1750,50
3495.jpg,1700,1650,-50
3500.jpg,1700,1780,80
3505.jpg,1700,1750,50
3510.jpg,1700,1650,-50
3520.jpg,1701,1890,189
3525.jpg,1701,1790,89
3535.jpg,1702,1850,148
3540.jpg,1702,1750,48
3545.jpg,1703,1863,160
3550.jpg,1704,1850,146
3555.jpg,1704,1790,86
3560.jpg,1704,1760,56
3565.jpg,1704,1940,236
3570.jpg,1704,1875,171
3575.jpg,1705,1400,-305
3580.jpg,1705,1790,85
3585.jpg,1705,1800,95
3590.jpg,1705,1750,45
3595.jpg,1706,1750,44
3600.jpg,1706,1910,204
3605.jpg,1706,1750,44
3610.jpg,1706,20,-1686
3615.jpg,1707,1880,173
3620.jpg,1707,1650,-57
3625.jpg,1707,1790,83
3630.jpg,1708,1780,72
3635.jpg,1708,1670,-38
3640.jpg,1708,1780,72
3645.jpg,1708,1650,-58
3650.jpg,1709,1300,-409
3655.jpg,1709,1890,181
3660.jpg,1709,1750,41
3665.jpg,1709,1750,41
3670.jpg,1710,1750,40
3675.jpg,1710,1980,270
3680.jpg,1710,1780,70
3685.jpg,1710,1780,70
3690.jpg,1710,1890,180
3695.jpg,1710,1750,40
3700.jpg,1710,1890,180
3705.jpg,1710,1850,140
3710.jpg,1710,1650,-60
3715.jpg,1711,1900,189
3720.jpg,1711,1725,14
3725.jpg,1711,1750,39
3730.jpg,1711,1670,-41
3735.jpg,1711,1650,-61
3740.jpg,1712,1880,168
3745.jpg,1712,1900,188
3750.jpg,1713,1700,-13
3755.jpg,1713,1780,67
3760.jpg,1713,1780,67
3765.jpg,1713,1650,-63
3770.jpg,1714,1780,66
3775.jpg,1714,1750,36
3780.jpg,1714,1870,156
3785.jpg,1714,1600,-114
3790.jpg,1715,1300,-415
3795.jpg,1715,1880,165
3800.jpg,1715,1945,230
3805.jpg,1715,1200,-515
3810.jpg,1715,1870,155
3815.jpg,1715,1750,35
3820.jpg,1715,1910,195
3825.jpg,1715,1750,35
3830.jpg,1715,1650,-65
3835.jpg,1716,-1,-1717
3840.jpg,1716,1880,164
3845.jpg,1716,1880,164
3850.jpg,1716,1890,174
3855.jpg,1716,1870,154
3860.jpg,1716,1750,34
3865.jpg,1717,1900,183
3870.jpg,1717,1890,173
3875.jpg,1717,1750,33
3880.jpg,1718,1780,62
3885.jpg,1718,1700,-18
3890.jpg,1719,1750,31
3895.jpg,1719,1780,61
3900.jpg,1719,1650,-69
3905.jpg,1719,1850,131
3910.jpg,1720,1400,-320
3915.jpg,1720,1750,30
3920.jpg,1720,1880,160
3925.jpg,1720,1750,30
3930.jpg,1720,20,-1700
3935.jpg,1720,1800,80
3940.jpg,1720,1870,150
3945.jpg,1720,1850,130
3950.jpg,1720,1750,30
3955.jpg,1720,1820,100
3960.jpg,1720,1820,100
3965.jpg,1720,1750,30
3970.jpg,1720,1500,-220
3975.jpg,1721,1950,229
3980.jpg,1721,1850,129
3985.jpg,1721,1750,29
3990.jpg,1721,1680,-41
3995.jpg,1721,1580,-141
4000.jpg,1722,1725,3
4005.jpg,1722,1820,98
4010.jpg,1722,1750,28
4015.jpg,1722,1920,198
4020.jpg,1722,1750,28
4025.jpg,1723,1650,-73
4030.jpg,1723,1790,67
4035.jpg,1723,1920,197
4040.jpg,1723,1850,127
4045.jpg,1723,1720,-3
4050.jpg,1723,1650,-73
4055.jpg,1723,-1,-1724
4060.jpg,1724,1980,256
4065.jpg,1724,1920,196
4070.jpg,1724,1900,176
4075.jpg,1724,1780,56
4080.jpg,1724,1790,66
4085.jpg,1724,1650,-74
4090.jpg,1724,1780,56
4095.jpg,1724,1300,-424
4100.jpg,1725,1880,155
4105.jpg,1725,1820,95
4110.jpg,1725,1895,170
4115.jpg,1725,1750,25
4120.jpg,1725,1910,185
4125.jpg,1725,19,-1706
4130.jpg,1725,1890,165
4135.jpg,1725,1720,-5
4140.jpg,1725,1875,150
4145.jpg,1725,1820,95
4150.jpg,1725,1750,25
4155.jpg,1725,1850,125
4160.jpg,1726,1920,194
4165.jpg,1726,1790,64
4170.jpg,1726,1900,174
4175.jpg,1726,1890,164
4180.jpg,1726,1200,-526
4185.jpg,1727,1750,23
4190.jpg,1727,1680,-47
4195.jpg,1727,1750,23
4200.jpg,1727,1780,53
4205.jpg,1727,1680,-47
4210.jpg,1727,1790,63
4215.jpg,1728,1750,22
4220.jpg,1728,1920,192
4225.jpg,1728,1700,-28
4230.jpg,1728,1900,172
4235.jpg,1728,1975,247
4240.jpg,1728,1980,252
4245.jpg,1728,1400,-328
4250.jpg,1729,1780,51
4255.jpg,1729,1890,161
4260.jpg,1729,1775,46
4265.jpg,1729,1780,51
4270.jpg,1729,1650,-79
4275.jpg,1730,1850,120
4280.jpg,1730,1920,190
4285.jpg,1730,1750,20
4290.jpg,1730,1800,70
4295.jpg,1730,1870,140
4300.jpg,1730,1890,160
4305.jpg,1730,1780,50
4310.jpg,1730,1880,150
4315.jpg,1730,1890,160
4320.jpg,1730,1820,90
4325.jpg,1730,1790,60
4330.jpg,1730,1940,210
4335.jpg,1730,1780,50
4340.jpg,1730,1750,20
4345.jpg,1730,1750,20
4350.jpg,1730,1790,60
4355.jpg,1730,2010,280
4360.jpg,1730,1840,110
4365.jpg,1730,1900,170
4370.jpg,1731,1850,119
4375.jpg,1731,1800,69
4380.jpg,1731,1790,59
4385.jpg,1731,1690,-41
4390.jpg,1732,1700,-32
4395.jpg,1732,1775,43
4400.jpg,1732,1950,218
4405.jpg,1732,1750,18
4410.jpg,1732,1775,43
4415.jpg,1732,1750,18
4420.jpg,1732,1650,-82
4425.jpg,1732,500,-1232
4430.jpg,1732,1500,-232
4435.jpg,1733,1780,47
4440.jpg,1733,1780,47
4445.jpg,1733,1750,17
4450.jpg,1733,1650,-83
4455.jpg,1733,1790,57
4460.jpg,1733,1700,-33
4465.jpg,1733,1920,187
4470.jpg,1733,500,-1233
4475.jpg,1734,1750,16
4480.jpg,1734,1650,-84
4485.jpg,1734,1850,116
4490.jpg,1734,1910,176
4495.jpg,1735,1800,65
4505.jpg,1735,1880,145
4510.jpg,1735,1870,135
4515.jpg,1735,1780,45
4520.jpg,1735,1725,-10
4525.jpg,1735,20,-1715
4530.jpg,1735,1795,60
4535.jpg,1735,1928,193
4545.jpg,1736,1850,114
4550.jpg,1736,19,-1717
4555.jpg,1736,1750,14
4560.jpg,1736,1910,174
4565.jpg,1736,1650,-86
4570.jpg,1736,1800,64
4575.jpg,1737,1790,53
4580.jpg,1737,1880,143
4585.jpg,1737,1820,83
4590.jpg,1737,1920,183
4595.jpg,1737,1675,-62
4600.jpg,1737,1650,-87
4605.jpg,1738,1750,12
4610.jpg,1738,1650,-88
4615.jpg,1738,1900,162
4620.jpg,1738,1780,42
4625.jpg,1738,1750,12
4630.jpg,1738,1850,112
4635.jpg,1738,1650,-88
4640.jpg,1739,1720,-19
4645.jpg,1739,1880,141
4650.jpg,1739,1850,111
4655.jpg,1739,1650,-89
4660.jpg,1739,1900,161
4665.jpg,1740,1750,10
4670.jpg,1740,1850,110
4675.jpg,1740,1880,140
4680.jpg,1740,1750,10
4685.jpg,1740,1750,10
4690.jpg,1740,1895,155
4695.jpg,1740,1890,150
4700.jpg,1740,1820,80
4705.jpg,1740,1750,10
4710.jpg,1740,1780,40
4715.jpg,1740,1890,150
4720.jpg,1740,1450,-290
4725.jpg,1740,1750,10
4730.jpg,1740,1820,80
4735.jpg,1740,1820,80
4740.jpg,1740,1500,-240
4745.jpg,1740,1920,180
4750.jpg,1741,1885,144
4755.jpg,1741,1800,59
4760.jpg,1741,1900,159
4765.jpg,1741,1880,139
4770.jpg,1741,1700,-41
4775.jpg,1741,1995,254
4780.jpg,1742,1350,-392
4785.jpg,1742,1750,8
4790.jpg,1742,1760,18
4795.jpg,1742,1790,48
4800.jpg,1742,1820,78
4805.jpg,1742,1920,178
4810.jpg,1742,1500,-242
4815.jpg,1742,1750,8
4820.jpg,1743,1960,217
4825.jpg,1743,1750,7
4835.jpg,1743,1750,7
4840.jpg,1743,1750,7
4845.jpg,1744,1550,-194
4850.jpg,1744,1680,-64
4855.jpg,1744,1780,36
4860.jpg,1744,1750,6
4865.jpg,1744,1500,-244
4870.jpg,1745,1910,165
4875.jpg,1745,1800,55
4880.jpg,1745,1750,5
4885.jpg,1745,1400,-345
4890.jpg,1745,1780,35
4895.jpg,1745,1800,55
4900.jpg,1745,1650,-95
4905.jpg,1745,1850,105
4910.jpg,1746,1910,164
4915.jpg,1746,1650,-96
4920.jpg,1746,1780,34
4925.jpg,1746,1400,-346
4930.jpg,1747,1783,36
4935.jpg,1747,1880,133
4940.jpg,1747,1750,3
4945.jpg,1747,1890,143
4950.jpg,1747,1750,3
4955.jpg,1747,1750,3
4960.jpg,1747,1920,173
4965.jpg,1748,-1,-1749
4970.jpg,1748,1780,32
4975.jpg,1748,1750,2
4980.jpg,1748,1920,172
4985.jpg,1748,1750,2
4990.jpg,1749,1800,51
4995.jpg,1749,1880,131
5000.jpg,1749,1900,151
5005.jpg,1749,0,-1749
5010.jpg,1749,1880,131
5015.jpg,1750,1800,50
5020.jpg,1750,1750,0
5025.jpg,1750,1800,50
5030.jpg,1750,1920,170
5035.jpg,1750,1880,130
5040.jpg,1750,1790,40
5045.jpg,1750,1875,125
5050.jpg,1750,1770,20
5060.jpg,1750,1700,-50
5065.jpg,1750,1890,140
5070.jpg,1750,1780,30
5075.jpg,1750,1790,40
5080.jpg,1750,1775,25
5085.jpg,1750,1850,100
5090.jpg,1750,1880,130
5095.jpg,1750,1850,100
5100.jpg,1750,1900,150
5105.jpg,1750,1780,30
5110.jpg,1750,1790,40
5115.jpg,1750,1780,30
5120.jpg,1750,1800,50
5125.jpg,1750,1680,-70
5130.jpg,1750,1780,30
5135.jpg,1750,1900,150
5140.jpg,1750,1880,130
5145.jpg,1750,1750,0
5150.jpg,1750,1770,20
5155.jpg,1750,1680,-70
5160.jpg,1750,1900,150
5165.jpg,1750,1900,150
5170.jpg,1750,1790,40
5175.jpg,1750,1750,0
5180.jpg,1750,1870,120
5185.jpg,1750,-1,-1751
5190.jpg,1750,1885,135
5195.jpg,1751,1850,99
5200.jpg,1751,1800,49
5205.jpg,1751,1780,29
5210.jpg,1751,1880,129
5215.jpg,1751,1920,169
5220.jpg,1751,1500,-251
5225.jpg,1752,1880,128
5230.jpg,1752,1850,98
5235.jpg,1752,1790,38
5240.jpg,1752,1920,168
5245.jpg,1752,1780,28
5250.jpg,1752,1880,128
5255.jpg,1752,1750,-2
5260.jpg,1752,1780,28
5265.jpg,1752,1750,-2
5270.jpg,1752,1650,-102
5275.jpg,1752,1750,-2
5285.jpg,1753,1820,67
5290.jpg,1753,1750,-3
5295.jpg,1753,1790,37
5300.jpg,1753,1890,137
5305.jpg,1753,1950,197
5310.jpg,1753,1894,141
5315.jpg,1753,1670,-83
5320.jpg,1753,1850,97
5325.jpg,1754,1890,136
5330.jpg,1754,1900,146
5335.jpg,1754,1775,21
5340.jpg,1754,20,-1734
5345.jpg,1754,1790,36
5350.jpg,1754,1800,46
5355.jpg,1754,1500,-254
5360.jpg,1754,1850,96
5365.jpg,1754,1790,36
5370.jpg,1755,1650,-105
5375.jpg,1755,1780,25
5380.jpg,1755,1820,65
5385.jpg,1755,1880,125
5390.jpg,1755,1776,21
5395.jpg,1755,1880,125
5400.jpg,1755,1775,20
5405.jpg,1755,1800,45
5410.jpg,1755,1690,-65
5415.jpg,1756,1750,-6
5420.jpg,1756,1700,-56
5425.jpg,1756,19,-1737
5430.jpg,1756,1725,-31
5435.jpg,1756,1750,-6
5440.jpg,1756,1750,-6
5445.jpg,1756,1750,-6
5450.jpg,1756,1875,119
5455.jpg,1756,1650,-106
5460.jpg,1756,19,-1737
5470.jpg,1757,1780,23
5475.jpg,1757,1780,23
5480.jpg,1757,1780,23
5485.jpg,1757,1880,123
5490.jpg,1757,1900,143
5495.jpg,1757,1880,123
5500.jpg,1758,1650,-108
5505.jpg,1758,1790,32
5510.jpg,1758,1750,-8
5515.jpg,1758,1995,237
5520.jpg,1758,1780,22
5525.jpg,1758,1910,152
5530.jpg,1758,1775,17
5535.jpg,1759,1750,-9
5540.jpg,1759,1800,41
5545.jpg,1759,1750,-9
5550.jpg,1759,1820,61
5555.jpg,1759,1780,21
5560.jpg,1759,1750,-9
5565.jpg,1760,1750,-10
5570.jpg,1760,1800,40
5575.jpg,1760,1885,125
5580.jpg,1760,1890,130
5585.jpg,1760,1200,-560
5590.jpg,1761,1780,19
5595.jpg,1761,1750,-11
5600.jpg,1761,1880,119
5605.jpg,1761,1750,-11
5610.jpg,1761,1880,119
5615.jpg,1761,1850,89
5620.jpg,1761,1850,89
5625.jpg,1761,19,-1742
5630.jpg,1762,1890,128
5635.jpg,1762,1894,132
5640.jpg,1762,1950,188
5645.jpg,1762,1790,28
5650.jpg,1762,1780,18
5655.jpg,1762,1750,-12
5660.jpg,1762,1750,-12
5665.jpg,1762,1875,113
5670.jpg,1763,1880,117
5675.jpg,1763,1780,17
5680.jpg,1763,1920,157
5685.jpg,1763,1840,77
5690.jpg,1763,1750,-13
5695.jpg,1763,1910,147
5700.jpg,1763,1600,-163
5705.jpg,1763,1820,57
5710.jpg,1764,1650,-114
5715.jpg,1764,1800,36
5720.jpg,1764,1790,26
5725.jpg,1764,1780,16
5730.jpg,1764,1790,26
5735.jpg,1764,1820,56
5740.jpg,1764,1650,-114
5745.jpg,1764,1750,-14
5750.jpg,1764,1200,-564
5755.jpg,1764,1750,-14
5765.jpg,1765,1750,-15
5770.jpg,1765,1920,155
5775.jpg,1765,1890,125
5780.jpg,1765,1920,155
5785.jpg,1765,1890,125
5790.jpg,1765,1880,115
5795.jpg,1765,1800,35
5800.jpg,1765,1800,35
5805.jpg,1765,1920,155
5810.jpg,1765,1910,145
5815.jpg,1765,1790,25
5820.jpg,1765,1780,15
5825.jpg,1765,1750,-15
5830.jpg,1765,1750,-15
5835.jpg,1766,1980,214
5840.jpg,1766,1880,114
5845.jpg,1766,1750,-16
5850.jpg,1766,1500,-266
5855.jpg,1766,1580,-186
5860.jpg,1766,19,-1747
5865.jpg,1766,1880,114
5870.jpg,1766,1820,54
5875.jpg,1767,1780,13
5880.jpg,1767,1920,153
5885.jpg,1767,1880,113
5890.jpg,1767,1770,3
5895.jpg,1768,1850,82
5900.jpg,1768,1780,12
5905.jpg,1768,1750,-18
5910.jpg,1768,1880,112
5915.jpg,1768,1930,162
5920.jpg,1768,1650,-118
5925.jpg,1768,1650,-118
5930.jpg,1768,1725,-43
5935.jpg,1768,1820,52
5940.jpg,1768,17,-1751
5945.jpg,1769,1900,131
5950.jpg,1769,1780,11
5955.jpg,1769,1750,-19
5960.jpg,1769,1725,-44
5965.jpg,1769,1750,-19
5970.jpg,1769,1750,-19
5975.jpg,1769,1790,21
5980.jpg,1769,1890,121
5985.jpg,1769,2000,231
5990.jpg,1769,1750,-19
5995.jpg,1769,1200,-569
6000.jpg,1770,1875,105
6005.jpg,1770,1780,10
6010.jpg,1770,1750,-20
6015.jpg,1770,1930,160
6020.jpg,1770,1750,-20
6025.jpg,1770,1750,-20
6030.jpg,1770,1780,10
6035.jpg,1770,1780,10
6040.jpg,1770,1900,130
6045.jpg,1770,1885,115
6050.jpg,1770,1800,30
6055.jpg,1770,1890,120
6060.jpg,1770,20,-1750
6065.jpg,1770,1925,155
6070.jpg,1770,1990,220
6075.jpg,1770,1880,110
6080.jpg,1770,1800,30
6085.jpg,1770,1930,160
6090.jpg,1770,1900,130
6095.jpg,1770,1750,-20
6100.jpg,1770,1570,-200
6105.jpg,1770,1650,-120
6115.jpg,1771,1870,99
6120.jpg,1771,1850,79
6125.jpg,1771,1750,-21
6130.jpg,1771,1790,19
6135.jpg,1771,1680,-91
6140.jpg,1771,1490,-281
6145.jpg,1771,1790,19
6150.jpg,1771,1920,149
6155.jpg,1771,1650,-121
6160.jpg,1771,1930,159
6165.jpg,1771,1750,-21
6170.jpg,1772,1850,78
6175.jpg,1772,1750,-22
6180.jpg,1772,1650,-122
6185.jpg,1772,1650,-122
6190.jpg,1772,1700,-72
6195.jpg,1773,1820,47
6200.jpg,1773,1910,137
6205.jpg,1773,1780,7
6210.jpg,1773,1850,77
6215.jpg,1773,1780,7
6220.jpg,1773,1920,147
6225.jpg,1773,1780,7
6230.jpg,1773,1750,-23
6235.jpg,1773,1900,127
6240.jpg,1774,1850,76
6245.jpg,1774,1780,6
6250.jpg,1774,1790,16
6255.jpg,1774,1750,-24
6260.jpg,1774,1790,16
6265.jpg,1774,1750,-24
6270.jpg,1774,1750,-24
6275.jpg,1774,1750,-24
6280.jpg,1774,1890,116
6285.jpg,1774,1550,-224
6290.jpg,1774,1900,126
6295.jpg,1774,1850,76
6300.jpg,1774,1760,-14
6305.jpg,1775,1750,-25
6310.jpg,1775,1750,-25
6315.jpg,1775,1900,125
6320.jpg,1775,1780,5
6325.jpg,1775,1820,45
6330.jpg,1775,19,-1756
6335.jpg,1775,1880,105
6350.jpg,1775,1930,155
6355.jpg,1775,1750,-25
6360.jpg,1775,1890,115
6365.jpg,1775,1780,5
6370.jpg,1775,1850,75
6375.jpg,1775,1780,5
6380.jpg,1775,1750,-25
6385.jpg,1775,1650,-125
6390.jpg,1775,1880,105
6395.jpg,1775,1680,-95
6405.jpg,1776,1720,-56
6410.jpg,1776,1910,134
6415.jpg,1776,21,-1755
6420.jpg,1776,1700,-76
6425.jpg,1776,1780,4
6430.jpg,1776,1880,104
6435.jpg,1776,1920,144
6440.jpg,1776,1780,4
6445.jpg,1777,1780,3
6450.jpg,1777,1920,143
6455.jpg,1777,1890,113
6460.jpg,1777,1770,-7
6465.jpg,1777,1920,143
6470.jpg,1777,1870,93
6475.jpg,1777,1200,-577
6480.jpg,1777,2000,223
6485.jpg,1778,1750,-28
6495.jpg,1778,1790,12
6500.jpg,1778,19,-1759
6505.jpg,1778,1820,42
6510.jpg,1778,1850,72
6515.jpg,1779,20,-1759
6520.jpg,1779,1820,41
6525.jpg,1779,1925,146
6530.jpg,1779,1790,11
6535.jpg,1779,1790,11
6540.jpg,1779,1790,11
6545.jpg,1779,1780,1
6550.jpg,1779,1790,11
6555.jpg,1780,1850,70
6560.jpg,1780,1800,20
6565.jpg,1780,1820,40
6570.jpg,1780,1920,140
6575.jpg,1780,1870,90
6580.jpg,1780,1880,100
6585.jpg,1780,1880,100
6590.jpg,1780,1900,120
6595.jpg,1780,1900,120
6600.jpg,1780,1790,10
6605.jpg,1780,1930,150
6610.jpg,1780,1900,120
6615.jpg,1780,1890,110
6620.jpg,1780,1750,-30
6625.jpg,1780,1750,-30
6630.jpg,1780,1750,-30
6635.jpg,1780,1890,110
6640.jpg,1780,1780,0
6645.jpg,1780,1750,-30
6650.jpg,1780,1880,100
6655.jpg,1780,1850,70
6660.jpg,1780,1930,150
6665.jpg,1780,1750,-30
6670.jpg,1781,1870,89
6675.jpg,1781,50,-1731
6680.jpg,1781,1750,-31
6685.jpg,1781,1790,9
6690.jpg,1781,1650,-131
6695.jpg,1781,1870,89
6700.jpg,1781,200,-1581
6705.jpg,1781,1950,169
6710.jpg,1782,1900,118
6715.jpg,1782,1890,108
6720.jpg,1782,1750,-32
6725.jpg,1782,1880,98
6730.jpg,1782,1825,43
6735.jpg,1782,1750,-32
6740.jpg,1782,1890,108
6745.jpg,1782,1600,-182
6750.jpg,1782,1780,-2
6755.jpg,1783,1470,-313
6760.jpg,1783,1690,-93
6765.jpg,1783,1850,67
6770.jpg,1783,2000,217
6775.jpg,1783,1890,107
6780.jpg,1783,1750,-33
6785.jpg,1783,-1,-1784
6790.jpg,1783,1750,-33
6795.jpg,1783,1820,37
6800.jpg,1783,1850,67
6805.jpg,1783,1820,37
6810.jpg,1784,1930,146
6815.jpg,1784,1500,-284
6820.jpg,1784,1790,6
6825.jpg,1784,20,-1764
6830.jpg,1784,1800,16
6835.jpg,1784,1930,146
6840.jpg,1784,1850,66
6845.jpg,1784,1930,146
6850.jpg,1784,1520,-264
6855.jpg,1784,18,-1766
6860.jpg,1785,1800,15
6865.jpg,1785,1820,35
6870.jpg,1785,1800,15
6875.jpg,1785,1800,15
6880.jpg,1785,20,-1765
6885.jpg,1785,1830,45
6890.jpg,1785,1850,65
6895.jpg,1785,1750,-35
6900.jpg,1785,1820,35
6905.jpg,1785,1830,45
6910.jpg,1785,1750,-35
6915.jpg,1785,1780,-5
6920.jpg,1785,1950,165
6925.jpg,1785,1900,115
6930.jpg,1785,-1,-1786
6935.jpg,1785,1900,115
6940.jpg,1785,1800,15
6945.jpg,1785,1650,-135
6950.jpg,1786,1650,-136
6955.jpg,1786,1820,34
6960.jpg,1786,1820,34
6965.jpg,1786,1450,-336
6970.jpg,1786,1800,14
6975.jpg,1786,1800,14
6980.jpg,1786,1780,-6
6985.jpg,1786,1780,-6
6990.jpg,1786,1780,-6
6995.jpg,1786,1890,104
7000.jpg,1786,1900,114
7005.jpg,1787,1750,-37
7010.jpg,1787,1690,-97
7015.jpg,1787,1880,93
7020.jpg,1787,1900,113
7025.jpg,1787,21,-1766
7030.jpg,1787,1750,-37
7035.jpg,1787,1750,-37
7040.jpg,1787,1930,143
7045.jpg,1787,1820,33
7050.jpg,1787,1750,-37
7055.jpg,1787,1900,113
7060.jpg,1787,1920,133
7065.jpg,1787,1850,63
7070.jpg,1787,1850,63
7075.jpg,1787,1600,-187
7080.jpg,1787,1790,3
7085.jpg,1787,1850,63
7090.jpg,1788,1820,32
7095.jpg,1788,1780,-8
7100.jpg,1788,1870,82
7105.jpg,1788,19,-1769
7110.jpg,1788,1880,92
7115.jpg,1788,1880,92
7120.jpg,1788,1750,-38
7125.jpg,1788,1820,32
7130.jpg,1788,1800,12
7135.jpg,1788,1750,-38
7140.jpg,1788,1790,2
7145.jpg,1789,1850,61
7150.jpg,1789,1750,-39
7155.jpg,1789,1890,101
7160.jpg,1789,1890,101
7165.jpg,1789,1890,101
7170.jpg,1789,1820,31
7175.jpg,1789,1790,1
7180.jpg,1789,1950,161
7185.jpg,1789,1820,31
7190.jpg,1789,1650,-139
7195.jpg,1789,1750,-39
7200.jpg,1790,1775,-15
7205.jpg,1790,1820,30
7210.jpg,1790,1800,10
7215.jpg,1790,1950,160
7220.jpg,1790,1875,85
7225.jpg,1790,1850,60
7230.jpg,1790,1920,130
7235.jpg,1790,1850,60
7240.jpg,1790,1790,0
7245.jpg,1790,20,-1770
7250.jpg,1790,1780,-10
7255.jpg,1790,1925,135
7260.jpg,1790,1890,100
7265.jpg,1790,1850,60
7270.jpg,1790,1650,-140
7275.jpg,1790,1800,10
7280.jpg,1790,1775,-15
7285.jpg,1790,1750,-40
7290.jpg,1790,1920,130
7295.jpg,1790,1790,0
7300.jpg,1790,1870,80
7305.jpg,1790,1790,0
7310.jpg,1790,1790,0
7315.jpg,1790,1780,-10
7320.jpg,1790,1930,140
7325.jpg,1790,1790,0
7330.jpg,1790,1750,-40
7335.jpg,1790,1910,120
7340.jpg,1790,1790,0
7345.jpg,1790,1895,105
7350.jpg,1790,1890,100
7355.jpg,1790,1860,70
7360.jpg,1790,1820,30
7365.jpg,1790,1880,90
7370.jpg,1790,1750,-40
7375.jpg,1790,1900,110
7380.jpg,1790,1650,-140
7385.jpg,1791,1890,99
7390.jpg,1791,1400,-391
7395.jpg,1791,1800,9
7400.jpg,1791,1200,-591
7405.jpg,1791,1900,109
7410.jpg,1791,1750,-41
7415.jpg,1791,1930,139
7420.jpg,1791,1775,-16
7425.jpg,1791,1820,29
7430.jpg,1791,1780,-11
7435.jpg,1791,1800,9
7440.jpg,1792,1895,103
7445.jpg,1792,1920,128
7450.jpg,1792,1780,-12
7455.jpg,1792,1850,58
7460.jpg,1792,1800,8
7465.jpg,1792,1770,-22
7470.jpg,1792,1780,-12
7475.jpg,1792,1980,188
7480.jpg,1792,1775,-17
7485.jpg,1792,1775,-17
7490.jpg,1792,1870,78
7495.jpg,1792,1700,-92
7500.jpg,1792,1945,153
7505.jpg,1792,1860,68
7510.jpg,1793,1750,-43
7515.jpg,1793,1986,193
7520.jpg,1793,1880,87
7525.jpg,1793,1790,-3
7530.jpg,1793,1200,-593
7535.jpg,1793,1950,157
7540.jpg,1793,1790,-3
7545.jpg,1793,1910,117
7550.jpg,1793,1780,-13
7555.jpg,1793,1780,-13
7560.jpg,1793,1800,7
7565.jpg,1793,1880,87
7570.jpg,1793,1790,-3
7575.jpg,1793,1950,157
7580.jpg,1793,1750,-43
7585.jpg,1793,1900,107
7590.jpg,1793,1800,7
7595.jpg,1794,1900,106
7600.jpg,1794,1900,106
7605.jpg,1794,1950,156
7610.jpg,1794,1800,6
7615.jpg,1794,1880,86
7620.jpg,1794,1800,6
7625.jpg,1794,1880,86
7630.jpg,1794,1750,-44
7635.jpg,1794,1750,-44
7640.jpg,1794,1820,26
7645.jpg,1794,1900,106
7650.jpg,1794,1870,76
7655.jpg,1795,1850,55
7660.jpg,1795,1880,85
7665.jpg,1795,1910,115
7670.jpg,1795,1910,115
7675.jpg,1795,1830,35
7680.jpg,1795,1800,5
7685.jpg,1795,1780,-15
7690.jpg,1795,1790,-5
7695.jpg,1795,1880,85
7700.jpg,1795,1890,95
7705.jpg,1795,1790,-5
7710.jpg,1795,1950,155
7715.jpg,1795,1820,25
7720.jpg,1795,1800,5
7725.jpg,1795,1925,130
7730.jpg,1795,1900,105
7735.jpg,1795,1800,5
7740.jpg,1795,1880,85
7745.jpg,1795,1890,95
7750.jpg,1795,1750,-45
7755.jpg,1795,1750,-45
7760.jpg,1795,1775,-20
7765.jpg,1795,1900,105
7775.jpg,1796,1820,24
7780.jpg,1796,1780,-16
7785.jpg,1796,1850,54
7790.jpg,1796,1850,54
7795.jpg,1796,1780,-16
7800.jpg,1796,1820,24
7805.jpg,1796,1780,-16
7810.jpg,1796,1780,-16
7815.jpg,1796,1890,94
7820.jpg,1796,1750,-46
7825.jpg,1796,1830,34
7830.jpg,1796,1890,94
7840.jpg,1796,1880,84
7845.jpg,1796,1780,-16
7850.jpg,1796,1790,-6
7855.jpg,1796,1775,-21
7860.jpg,1796,1725,-71
7865.jpg,1796,1780,-16
7870.jpg,1796,1700,-96
7875.jpg,1796,1500,-296
7880.jpg,1797,1750,-47
7885.jpg,1797,1500,-297
7890.jpg,1797,1790,-7
7895.jpg,1797,1885,88
7900.jpg,1797,1900,103
7905.jpg,1797,1780,-17
7915.jpg,1797,1890,93
7920.jpg,1797,1850,53
7925.jpg,1797,1895,98
7930.jpg,1797,1880,83
7935.jpg,1797,1930,133
7940.jpg,1797,1850,53
7945.jpg,1797,1750,-47
7950.jpg,1797,1780,-17
7955.jpg,1798,1850,52
7960.jpg,1798,1820,22
7965.jpg,1798,1550,-248
7970.jpg,1798,1750,-48
7975.jpg,1798,1880,82
7980.jpg,1798,1750,-48
7985.jpg,1798,1850,52
7990.jpg,1798,1915,117
7995.jpg,1798,1450,-348
8000.jpg,1798,1870,72
8005.jpg,1798,1750,-48
8010.jpg,1798,1880,82
8015.jpg,1798,1930,132
8020.jpg,1798,1850,52
8025.jpg,1798,1850,52
8030.jpg,1798,2010,212
8035.jpg,1798,1780,-18
8040.jpg,1798,1960,162
8045.jpg,1798,1920,122
8055.jpg,1798,1890,92
8060.jpg,1799,1980,181
8065.jpg,1799,1890,91
8070.jpg,1799,1750,-49
8075.jpg,1799,1850,51
8080.jpg,1799,1890,91
8085.jpg,1799,1820,21
8090.jpg,1799,1750,-49
8095.jpg,1799,1780,-19
8100.jpg,1799,1870,71
8105.jpg,1799,1790,-9
8110.jpg,1799,1200,-599
8115.jpg,1800,1850,50
8120.jpg,1800,1850,50
8125.jpg,1800,1780,-20
8130.jpg,1800,1750,-50
8135.jpg,1800,1790,-10
8140.jpg,1800,1910,110
8145.jpg,1800,1900,100
8150.jpg,1800,1950,150
8155.jpg,1800,1820,20
8160.jpg,1800,1890,90
8165.jpg,1800,1780,-20
8170.jpg,1800,1790,-10
8175.jpg,1800,1750,-50
8180.jpg,1800,1820,20
8185.jpg,1800,1820,20
8190.jpg,1800,1790,-10
8195.jpg,1800,1890,90
8200.jpg,1800,1950,150
8205.jpg,1800,1700,-100
8210.jpg,1800,1880,80
8215.jpg,1800,1880,80
8220.jpg,1800,1875,75
8225.jpg,1800,1820,20
8230.jpg,1800,1790,-10
8235.jpg,1800,1750,-50
8240.jpg,1800,1890,90
8245.jpg,1800,1850,50
8250.jpg,1800,1950,150
8255.jpg,1800,1920,120
8260.jpg,1800,1790,-10
8265.jpg,1800,1800,0
8270.jpg,1800,1780,-20
8275.jpg,1800,1775,-25
8280.jpg,1800,1920,120
8285.jpg,1800,1905,105
8295.jpg,1800,1930,130
8300.jpg,1801,1800,-1
8305.jpg,1801,1942,141
8310.jpg,1801,1820,19
8315.jpg,1801,1875,74
8320.jpg,1801,1920,119
8325.jpg,1801,1850,49
8330.jpg,1801,1920,119
8335.jpg,1801,1780,-21
8340.jpg,1801,1790,-11
8345.jpg,1801,1820,19
8350.jpg,1801,1820,19
8355.jpg,1801,1850,49
8360.jpg,1801,1895,94
8365.jpg,1801,1780,-21
8375.jpg,1802,1850,48
8380.jpg,1802,1890,88
8385.jpg,1802,1800,-2
8390.jpg,1802,1890,88
8395.jpg,1802,1780,-22
8400.jpg,1802,1800,-2
8405.jpg,1802,1900,98
8410.jpg,1802,1780,-22
8415.jpg,1802,1870,68
8420.jpg,1802,1750,-52
8425.jpg,1802,1870,68
8430.jpg,1802,1750,-52
8435.jpg,1802,1725,-77
8440.jpg,1803,1910,107
8445.jpg,1803,1785,-18
8450.jpg,1803,1795,-8
8455.jpg,1803,1790,-13
8460.jpg,1803,1790,-13
8465.jpg,1803,1830,27
8470.jpg,1803,1900,97
8475.jpg,1803,1890,87
8480.jpg,1803,1830,27
8485.jpg,1803,1790,-13
8490.jpg,1803,1870,67
8495.jpg,1803,1870,67
8500.jpg,1803,1820,17
8505.jpg,1803,1830,27
8515.jpg,1804,1800,-4
8520.jpg,1804,1750,-54
8525.jpg,1804,1880,76
8530.jpg,1804,21,-1783
8535.jpg,1804,1905,101
8540.jpg,1804,1780,-24
8545.jpg,1804,1910,106
8550.jpg,1804,1780,-24
8555.jpg,1804,1910,106
8560.jpg,1804,1870,66
8565.jpg,1804,1880,76
8570.jpg,1804,1750,-54
8575.jpg,1804,1880,76
8580.jpg,1804,1850,46
8585.jpg,1805,1650,-155
8590.jpg,1805,1750,-55
8595.jpg,1805,1850,45
8600.jpg,1805,1820,15
8605.jpg,1805,1850,45
8610.jpg,1805,1870,65
8615.jpg,1805,1910,105
8620.jpg,1805,1780,-25
8625.jpg,1805,1880,75
8630.jpg,1805,1400,-405
8635.jpg,1805,1890,85
8640.jpg,1805,1750,-55
8645.jpg,1805,1905,100
8650.jpg,1805,1880,75
8655.jpg,1805,1880,75
8660.jpg,1805,1875,70
8665.jpg,1805,1750,-55
8670.jpg,1805,1780,-25
8675.jpg,1805,1920,115
8680.jpg,1805,1930,125
8685.jpg,1805,1880,75
8690.jpg,1805,1850,45
8695.jpg,1806,1790,-16
8700.jpg,1806,1850,44
8705.jpg,1806,1890,84
8710.jpg,1806,1880,74
8715.jpg,1806,1820,14
8720.jpg,1806,1890,84
8725.jpg,1806,1820,14
8730.jpg,1806,1920,114
8735.jpg,1806,1780,-26
8740.jpg,1806,1750,-56
8745.jpg,1806,1750,-56
8750.jpg,1806,1980,174
8755.jpg,1806,1750,-56
8765.jpg,1807,1850,43
8770.jpg,1807,1780,-27
8775.jpg,1807,1790,-17
8780.jpg,1807,1880,73
8785.jpg,1807,1900,93
8790.jpg,1807,1900,93
8795.jpg,1807,1955,148
8800.jpg,1807,1820,13
8805.jpg,1807,1900,93
8810.jpg,1807,1880,73
8815.jpg,1807,1830,23
8820.jpg,1807,1790,-17
8825.jpg,1807,1800,-7
8830.jpg,1807,1750,-57
8835.jpg,1807,1650,-157
8840.jpg,1808,1809,1
8845.jpg,1808,1850,42
8850.jpg,1808,1900,92
8855.jpg,1808,1750,-58
8860.jpg,1808,1905,97
8865.jpg,1808,1900,92
8875.jpg,1808,1790,-18
8880.jpg,1808,1940,132
8885.jpg,1808,1790,-18
8890.jpg,1808,1780,-28
8895.jpg,1808,1780,-28
8900.jpg,1808,1850,42
8905.jpg,1808,1750,-58
8910.jpg,1809,1875,66
8915.jpg,1809,1890,81
8920.jpg,1809,1900,91
8925.jpg,1809,1880,71
8930.jpg,1809,1800,-9
8935.jpg,1809,1600,-209
8940.jpg,1809,1850,41
8945.jpg,1809,1950,141
8950.jpg,1809,1830,21
8955.jpg,1809,1790,-19
8965.jpg,1809,1930,121
8970.jpg,1809,1850,41
8975.jpg,1810,1890,80
8980.jpg,1810,1935,125
8985.jpg,1810,1890,80
8995.jpg,1810,1920,110
9000.jpg,1810,1940,130
9005.jpg,1810,1920,110
9010.jpg,1810,1850,40
9015.jpg,1810,1975,165
9020.jpg,1810,1890,80
9025.jpg,1810,1790,-20
9030.jpg,1810,1920,110
9035.jpg,1810,1900,90
9040.jpg,1810,1920,110
9045.jpg,1810,1900,90
9050.jpg,1810,1920,110
9055.jpg,1810,1780,-30
9060.jpg,1810,1880,70
9065.jpg,1810,1890,80
9070.jpg,1810,1890,80
9075.jpg,1810,1920,110
9080.jpg,1810,1980,170
9085.jpg,1810,1890,80
9090.jpg,1810,1800,-10
9095.jpg,1810,1790,-20
9100.jpg,1810,1750,-60
9105.jpg,1810,1940,130
9110.jpg,1810,1905,95
9115.jpg,1810,1780,-30
9120.jpg,1810,1970,160
9125.jpg,1810,1920,110
9130.jpg,1810,1895,85
9135.jpg,1810,1920,110
9140.jpg,1810,1910,100
9145.jpg,1810,1880,70
9150.jpg,1811,1900,89
9160.jpg,1811,1895,84
9165.jpg,1811,1790,-21
9170.jpg,1811,1800,-11
9175.jpg,1811,20,-1791
9180.jpg,1811,1870,59
9185.jpg,1811,1800,-11
9190.jpg,1811,1790,-21
9195.jpg,1811,1850,39
9200.jpg,1811,1780,-31
9205.jpg,1811,1780,-31
9210.jpg,1812,1790,-22
9215.jpg,1812,1350,-462
9220.jpg,1812,1200,-612
9225.jpg,1812,1850,38
9230.jpg,1812,1850,38
9235.jpg,1812,1750,-62
9240.jpg,1812,1790,-22
9245.jpg,1812,1870,58
9250.jpg,1812,1870,58
9255.jpg,1812,1800,-12
9260.jpg,1812,1910,98
9265.jpg,1812,1780,-32
9270.jpg,1812,1850,38
9275.jpg,1812,1750,-62
9280.jpg,1812,1790,-22
9290.jpg,1812,1750,-62
9295.jpg,1812,1720,-92
9300.jpg,1812,1930,118
9305.jpg,1812,1880,68
9310.jpg,1813,1900,87
9315.jpg,1813,1850,37
9320.jpg,1813,1725,-88
9325.jpg,1813,1450,-363
9330.jpg,1813,1820,7
9335.jpg,1813,1800,-13
9340.jpg,1813,1750,-63
9345.jpg,1813,1820,7
9350.jpg,1813,1850,37
9355.jpg,1813,190,-1623
9360.jpg,1813,1925,112
9365.jpg,1813,1915,102
9370.jpg,1813,1880,67
9375.jpg,1814,1750,-64
9390.jpg,1814,1790,-24
9395.jpg,1814,1780,-34
9400.jpg,1814,1890,76
9405.jpg,1814,1790,-24
9410.jpg,1814,1985,171
9415.jpg,1814,1880,66
9420.jpg,1814,1820,6
9425.jpg,1814,1790,-24
9430.jpg,1814,1650,-164
9435.jpg,1814,1925,111
9440.jpg,1814,1850,36
9445.jpg,1814,1780,-34
9450.jpg,1814,1780,-34
9455.jpg,1814,1750,-64
9460.jpg,1814,1790,-24
9465.jpg,1815,1900,85
9470.jpg,1815,1880,65
9475.jpg,1815,1750,-65
9480.jpg,1815,1900,85
9485.jpg,1815,1880,65
9490.jpg,1815,1750,-65
9495.jpg,1815,1910,95
9500.jpg,1815,1750,-65
9505.jpg,1815,1930,115
9510.jpg,1815,1960,145
9515.jpg,1815,1900,85
9520.jpg,1815,1790,-25
9525.jpg,1815,1830,15
9530.jpg,1815,1780,-35
9535.jpg,1815,1875,60
9540.jpg,1815,1950,135
9545.jpg,1815,1820,5
9550.jpg,1815,1750,-65
9555.jpg,1815,1790,-25
9560.jpg,1815,1770,-45
9565.jpg,1815,1790,-25
9570.jpg,1815,1890,75
9575.jpg,1815,1895,80
9580.jpg,1815,1650,-165
9585.jpg,1815,1850,35
9590.jpg,1815,1900,85
9595.jpg,1816,1500,-316
9600.jpg,1816,1800,-16
9605.jpg,1816,1820,4
9610.jpg,1816,1820,4
9615.jpg,1816,1830,14
9620.jpg,1816,1900,84
9625.jpg,1816,1780,-36
9630.jpg,1816,1810,-6
9635.jpg,1816,1830,14
9640.jpg,1816,1820,4
9645.jpg,1816,1750,-66
9650.jpg,1816,1750,-66
9655.jpg,1816,19,-1797
9660.jpg,1816,1910,94
9665.jpg,1816,1790,-26
9670.jpg,1816,1880,64
9675.jpg,1816,20,-1796
9680.jpg,1816,1820,4
9685.jpg,1816,1870,54
9690.jpg,1816,1885,69
9695.jpg,1816,1870,54
9700.jpg,1816,1870,54
9705.jpg,1816,1850,34
9710.jpg,1816,1790,-26
9715.jpg,1817,1750,-67
9720.jpg,1817,1870,53
9725.jpg,1817,1780,-37
9730.jpg,1817,1875,58
9735.jpg,1817,1930,113
9740.jpg,1817,1900,83
9745.jpg,1817,1790,-27
9750.jpg,1817,1880,63
9755.jpg,1817,1780,-37
9760.jpg,1817,1820,3
9765.jpg,1817,1820,3
9770.jpg,1817,1880,63
9775.jpg,1817,20,-1797
9780.jpg,1817,1910,93
9785.jpg,1817,1870,53
9790.jpg,1818,1750,-68
9795.jpg,1818,1890,72
9800.jpg,1818,1850,32
9805.jpg,1818,1895,77
9810.jpg,1818,1790,-28
9815.jpg,1818,1850,32
9820.jpg,1818,1920,102
9825.jpg,1818,1780,-38
9830.jpg,1818,1890,72
9835.jpg,1818,1930,112
9840.jpg,1818,1880,62
9845.jpg,1818,1920,102
9850.jpg,1818,1870,52
9855.jpg,1818,1820,2
9860.jpg,1818,1910,92
9865.jpg,1818,1820,2
9870.jpg,1818,1800,-18
9875.jpg,1818,1780,-38
9880.jpg,1818,1890,72
9885.jpg,1818,1950,132
9890.jpg,1818,1800,-18
9895.jpg,1818,1790,-28
9900.jpg,1818,1840,22
9905.jpg,1818,1820,2
9910.jpg,1819,19,-1800
9915.jpg,1819,1880,61
9920.jpg,1819,1800,-19
9925.jpg,1819,1920,101
9930.jpg,1819,1915,96
9935.jpg,1819,1920,101
9940.jpg,1819,1870,51
9945.jpg,1819,1820,1
9950.jpg,1819,1880,61
9955.jpg,1819,1830,11
9960.jpg,1819,1790,-29
9965.jpg,1819,1880,61
9970.jpg,1819,1920,101
9975.jpg,1819,1900,81
9980.jpg,1819,1790,-29
9985.jpg,1820,1870,50
9990.jpg,1820,1870,50
9995.jpg,1820,1930,110
10000.jpg,1820,1750,-70
10005.jpg,1820,1850,30
10010.jpg,1820,1920,100
10015.jpg,1820,1500,-320
10020.jpg,1820,1300,-520
10025.jpg,1820,1750,-70
10030.jpg,1820,1905,85
10035.jpg,1820,1985,165
10040.jpg,1820,1920,100
10045.jpg,1820,1820,0
10050.jpg,1820,1780,-40
10055.jpg,1820,1850,30
10060.jpg,1820,1850,30
10065.jpg,1820,1800,-20
10070.jpg,1820,1780,-40
10075.jpg,1820,1920,100
10080.jpg,1820,1920,100
10085.jpg,1820,1870,50
10090.jpg,1820,1920,100
10095.jpg,1820,1920,100
10100.jpg,1820,1790,-30
10105.jpg,1820,1920,100
10110.jpg,1820,1900,80
10115.jpg,1820,1910,90
10120.jpg,1820,1900,80
10125.jpg,1820,1880,60
10130.jpg,1820,1780,-40
10135.jpg,1820,1870,50
10140.jpg,1820,1880,60
10145.jpg,1820,1950,130
10150.jpg,1820,1750,-70
10155.jpg,1820,1800,-20
10160.jpg,1820,1780,-40
10165.jpg,1820,1750,-70
10170.jpg,1820,1935,115
10175.jpg,1820,1850,30
10180.jpg,1820,1880,60
10185.jpg,1820,1920,100
10190.jpg,1820,20,-1800
10195.jpg,1821,1450,-371
10200.jpg,1821,1900,79
10205.jpg,1821,1750,-71
10210.jpg,1821,1910,89
10215.jpg,1821,1880,59
10220.jpg,1821,1880,59
10225.jpg,1821,1895,74
10230.jpg,1821,1795,-26
10235.jpg,1821,1880,59
10240.jpg,1821,1920,99
10245.jpg,1821,1890,69
10250.jpg,1821,1820,-1
10255.jpg,1821,1880,59
10260.jpg,1821,1780,-41
10265.jpg,1821,1890,69
10270.jpg,1821,1750,-71
10275.jpg,1821,1790,-31
10280.jpg,1822,1820,-2
10285.jpg,1822,1850,28
10290.jpg,1822,1850,28
10295.jpg,1822,1890,68
10300.jpg,1822,1980,158
10305.jpg,1822,1840,18
10310.jpg,1822,1800,-22
10315.jpg,1822,1880,58
10320.jpg,1822,1870,48
10325.jpg,1822,1910,88
10330.jpg,1822,1890,68
10335.jpg,1822,1790,-32
10340.jpg,1822,1890,68
10345.jpg,1822,1890,68
10355.jpg,1822,1800,-22
10360.jpg,1823,1800,-23
10365.jpg,1823,1800,-23
10370.jpg,1823,1820,-3
10375.jpg,1823,1750,-73
10385.jpg,1823,1880,57
10390.jpg,1823,1880,57
10395.jpg,1823,1880,57
10400.jpg,1823,1980,157
10405.jpg,1823,1820,-3
10410.jpg,1823,1850,27
10415.jpg,1823,1870,47
10420.jpg,1823,1900,77
10425.jpg,1823,1750,-73
10430.jpg,1823,1880,57
10435.jpg,1823,1900,77
10440.jpg,1823,1850,27
10445.jpg,1823,2020,197
10450.jpg,1823,1400,-423
10455.jpg,1824,1820,-4
10460.jpg,1824,1750,-74
10465.jpg,1824,1750,-74
10470.jpg,1824,1880,56
10475.jpg,1824,1500,-324
10480.jpg,1824,1980,156
10485.jpg,1824,1850,26
10490.jpg,1824,1850,26
10495.jpg,1824,1780,-44
10500.jpg,1824,1890,66
10505.jpg,1824,1900,76
10510.jpg,1824,1870,46
10515.jpg,1824,1895,71
10520.jpg,1824,1840,16
10525.jpg,1824,2020,196
10530.jpg,1824,1830,6
10535.jpg,1824,19,-1805
10540.jpg,1824,1790,-34
10545.jpg,1824,19,-1805
10550.jpg,1825,1780,-45
10555.jpg,1825,1870,45
10560.jpg,1825,1820,-5
10565.jpg,1825,1880,55
10570.jpg,1825,1880,55
10575.jpg,1825,1910,85
10580.jpg,1825,1863,38
10585.jpg,1825,1880,55
10590.jpg,1825,1820,-5
10595.jpg,1825,1780,-45
10600.jpg,1825,1780,-45
10605.jpg,1825,1890,65
10610.jpg,1825,1920,95
10615.jpg,1825,1870,45
10620.jpg,1825,1900,75
10625.jpg,1825,1960,135
10630.jpg,1825,1750,-75
10635.jpg,1825,1980,155
10640.jpg,1825,1960,135
10645.jpg,1825,18,-1807
10650.jpg,1825,1800,-25
10655.jpg,1825,1890,65
10660.jpg,1825,19,-1806
10665.jpg,1825,1790,-35
10670.jpg,1825,1880,55
10675.jpg,1825,1800,-25
10680.jpg,1825,1820,-5
10685.jpg,1825,1930,105
10690.jpg,1825,20,-1805
10695.jpg,1825,1880,55
10700.jpg,1825,1880,55
10705.jpg,1825,1880,55
10710.jpg,1825,1850,25
10715.jpg,1825,1875,50
10720.jpg,1825,1850,25
10725.jpg,1825,1920,95
10730.jpg,1826,1890,64
10735.jpg,1826,1750,-76
10745.jpg,1826,1820,-6
10750.jpg,1826,1910,84
10755.jpg,1826,1880,54
10760.jpg,1826,1780,-46
10765.jpg,1826,18,-1808
10770.jpg,1826,1850,24
10775.jpg,1826,1850,24
10780.jpg,1826,1895,69
10785.jpg,1826,1800,-26
10790.jpg,1826,1920,94
10795.jpg,1826,1790,-36
10800.jpg,1826,1890,64
10805.jpg,1826,1780,-46
10810.jpg,1826,1850,24
10815.jpg,1826,1800,-26
10820.jpg,1826,1780,-46
10825.jpg,1826,1850,24
10830.jpg,1826,1915,89
10835.jpg,1827,1900,73
10840.jpg,1827,1820,-7
10845.jpg,1827,1800,-27
10850.jpg,1827,1930,103
10855.jpg,1827,1890,63
10860.jpg,1827,1890,63
10865.jpg,1827,1890,63
10870.jpg,1827,1850,23
10875.jpg,1827,1850,23
10880.jpg,1827,1870,43
10885.jpg,1827,1890,63
10890.jpg,1827,1920,93
10895.jpg,1827,1790,-37
10900.jpg,1827,1570,-257
10905.jpg,1827,1780,-47
10910.jpg,1827,1875,48
10915.jpg,1827,1790,-37
10920.jpg,1827,1750,-77
10925.jpg,1827,1850,23
10930.jpg,1827,1915,88
10935.jpg,1827,1750,-77
10940.jpg,1827,1850,23
10945.jpg,1828,1780,-48
10950.jpg,1828,1850,22
10955.jpg,1828,1750,-78
10960.jpg,1828,1820,-8
10965.jpg,1828,1820,-8
10970.jpg,1828,1850,22
10975.jpg,1828,1890,62
10980.jpg,1828,1920,92
10985.jpg,1828,1850,22
10990.jpg,1828,1920,92
10995.jpg,1828,1940,112
11000.jpg,1828,1800,-28
11005.jpg,1828,1950,122
11010.jpg,1828,1800,-28
11015.jpg,1828,1790,-38
11020.jpg,1828,1775,-53
11025.jpg,1828,1780,-48
11030.jpg,1828,1850,22
11035.jpg,1828,1790,-38
11040.jpg,1828,1820,-8
11045.jpg,1828,1895,67
11050.jpg,1828,1800,-28
11055.jpg,1828,1500,-328
11060.jpg,1828,1910,82
11065.jpg,1829,1920,91
11070.jpg,1829,1870,41
11075.jpg,1829,1910,81
11080.jpg,1829,1780,-49
11085.jpg,1829,1815,-14
11090.jpg,1829,1875,46
11095.jpg,1829,1900,71
11100.jpg,1829,1880,51
11105.jpg,1829,1850,21
11110.jpg,1829,1780,-49
11115.jpg,1829,1850,21
11120.jpg,1829,1880,51
11125.jpg,1829,1790,-39
11130.jpg,1829,1880,51
11135.jpg,1829,1860,31
11140.jpg,1829,1850,21
11145.jpg,1829,1780,-49
11150.jpg,1829,1780,-49
11155.jpg,1829,1955,126
11160.jpg,1829,1850,21
11165.jpg,1829,1920,91
11170.jpg,1830,1750,-80
11175.jpg,1830,1890,60
11180.jpg,1830,1800,-30
11185.jpg,1830,1880,50
11190.jpg,1830,1780,-50
11195.jpg,1830,1500,-330
11200.jpg,1830,1900,70
11205.jpg,1830,1895,65
11210.jpg,1830,1925,95
11215.jpg,1830,1750,-80
11220.jpg,1830,1750,-80
11225.jpg,1830,1870,40
11230.jpg,1830,1920,90
11235.jpg,1830,1875,45
11240.jpg,1830,1775,-55
11245.jpg,1830,1930,100
11250.jpg,1830,1905,75
11255.jpg,1830,1950,120
11260.jpg,1830,1870,40
11265.jpg,1830,1850,20
11270.jpg,1830,1880,50
11275.jpg,1830,1840,10
11280.jpg,1830,1920,90
11285.jpg,1830,1880,50
11290.jpg,1830,1780,-50
11295.jpg,1830,1890,60
11300.jpg,1830,1830,0
11305.jpg,1830,1970,140
11310.jpg,1830,1900,70
11315.jpg,1830,1880,50
11320.jpg,1830,1780,-50
11325.jpg,1830,1875,45
11330.jpg,1830,1960,130
11335.jpg,1830,1850,20
11340.jpg,1830,1950,120
11345.jpg,1830,1950,120
11350.jpg,1830,1920,90
11355.jpg,1830,1910,80
11360.jpg,1830,1880,50
11365.jpg,1830,1780,-50
11370.jpg,1830,1890,60
11375.jpg,1830,1750,-80
11380.jpg,1830,1850,20
11385.jpg,1830,1830,0
11390.jpg,1830,1930,100
11395.jpg,1830,1800,-30
11400.jpg,1831,1790,-41
11405.jpg,1831,1890,59
11410.jpg,1831,1750,-81
11415.jpg,1831,1885,54
11420.jpg,1831,1150,-681
11425.jpg,1831,1875,44
11430.jpg,1831,1870,39
11435.jpg,1831,1920,89
11440.jpg,1831,1880,49
11445.jpg,1831,1820,-11
11450.jpg,1831,20,-1811
11455.jpg,1831,1820,-11
11460.jpg,1831,1800,-31
11465.jpg,1831,1920,89
11470.jpg,1831,1800,-31
11475.jpg,1831,1920,89
11480.jpg,1831,1790,-41
11485.jpg,1831,1920,89
11490.jpg,1832,1870,38
11495.jpg,1832,1750,-82
11500.jpg,1832,19,-1813
11505.jpg,1832,1820,-12
11510.jpg,1832,1820,-12
11515.jpg,1832,1910,78
11525.jpg,1832,1850,18
11530.jpg,1832,1890,58
11535.jpg,1832,1930,98
11540.jpg,1832,1820,-12
11545.jpg,1832,1910,78
11550.jpg,1832,1880,48
11555.jpg,1832,1800,-32
11560.jpg,1832,1890,58
11565.jpg,1832,1850,18
11570.jpg,1832,1780,-52
11575.jpg,1832,1780,-52
11580.jpg,1832,1900,68
11585.jpg,1832,1875,43
11590.jpg,1832,1800,-32
11595.jpg,1832,1840,8
11600.jpg,1832,1790,-42
11605.jpg,1832,1780,-52
11610.jpg,1832,1935,103
11615.jpg,1832,1900,68
11620.jpg,1832,1650,-182
11625.jpg,1832,1880,48
11630.jpg,1832,1910,78
11635.jpg,1832,1970,138
11640.jpg,1832,1905,73
11645.jpg,1833,20,-1813
11650.jpg,1833,1850,17
11655.jpg,1833,1900,67
11660.jpg,1833,1790,-43
11665.jpg,1833,1780,-53
11670.jpg,1833,1800,-33
11675.jpg,1833,1880,47
11680.jpg,1833,1890,57
11685.jpg,1833,1880,47
11690.jpg,1833,1880,47
11695.jpg,1833,1870,37
11700.jpg,1833,1780,-53
11705.jpg,1833,1880,47
11710.jpg,1833,1980,147
11715.jpg,1833,1870,37
11720.jpg,1833,1900,67
11725.jpg,1833,1920,87
11730.jpg,1833,1800,-33
11735.jpg,1833,1820,-13
11740.jpg,1833,1900,67
11745.jpg,1833,1930,97
11750.jpg,1833,1870,37
11755.jpg,1833,1780,-53
11760.jpg,1833,1930,97
11765.jpg,1833,1850,17
11770.jpg,1834,1850,16
11775.jpg,1834,1780,-54
11780.jpg,1834,1790,-44
11785.jpg,1834,1650,-184
11790.jpg,1834,1965,131
11795.jpg,1834,1700,-134
11800.jpg,1834,1780,-54
11805.jpg,1834,1780,-54
11810.jpg,1834,1915,81
11815.jpg,1834,1900,66
11820.jpg,1834,1850,16
11825.jpg,1834,1790,-44
11830.jpg,1834,1920,86
11835.jpg,1834,1875,41
11840.jpg,1834,1880,46
11845.jpg,1834,1900,66
11850.jpg,1834,1780,-54
11855.jpg,1834,1875,41
11860.jpg,1834,1800,-34
11865.jpg,1834,1870,36
11870.jpg,1834,1950,116
11875.jpg,1834,1890,56
11880.jpg,1834,1840,6
11885.jpg,1834,1790,-44
11890.jpg,1834,1750,-84
11895.jpg,1834,1820,-14
11900.jpg,1835,1790,-45
11905.jpg,1835,1850,15
11910.jpg,1835,1890,55
11915.jpg,1835,1870,35
11920.jpg,1835,1850,15
11925.jpg,1835,1900,65
11930.jpg,1835,1895,60
11935.jpg,1835,1920,85
11940.jpg,1835,1930,95
11945.jpg,1835,1850,15
11950.jpg,1835,1850,15
11955.jpg,1835,1750,-85
11960.jpg,1835,1880,45
11965.jpg,1835,2000,165
11970.jpg,1835,1880,45
11980.jpg,1835,1890,55
11985.jpg,1835,1890,55
11990.jpg,1835,1880,45
11995.jpg,1835,1970,135
12000.jpg,1835,1870,35
12005.jpg,1835,1890,55
12010.jpg,1835,1850,15
12015.jpg,1835,1890,55
12020.jpg,1835,1870,35
12025.jpg,1835,1895,60
12030.jpg,1835,1880,45
12035.jpg,1835,1850,15
12040.jpg,1835,1750,-85
12045.jpg,1835,1850,15
12050.jpg,1835,1750,-85
12055.jpg,1835,1895,60
12060.jpg,1835,1780,-55
12065.jpg,1835,1930,95
12070.jpg,1835,1800,-35
12075.jpg,1835,20,-1815
12080.jpg,1835,1900,65
12085.jpg,1835,1940,105
12090.jpg,1835,1800,-35
12095.jpg,1835,1850,15
12100.jpg,1835,1950,115
12105.jpg,1835,1850,15
12110.jpg,1835,1400,-435
12115.jpg,1835,1840,5
12120.jpg,1835,1830,-5
12125.jpg,1835,1895,60
12130.jpg,1836,1820,-16
12135.jpg,1836,1925,89
12140.jpg,1836,1800,-36
12145.jpg,1836,1890,54
12150.jpg,1836,1850,14
12155.jpg,1836,1780,-56
12160.jpg,1836,1870,34
12170.jpg,1836,1850,14
12175.jpg,1836,1790,-46
12180.jpg,1836,1900,64
12185.jpg,1836,1790,-46
12190.jpg,1836,1850,14
12195.jpg,1836,1910,74
12200.jpg,1836,1900,64
12205.jpg,1836,1880,44
12210.jpg,1836,1900,64
12215.jpg,1836,1880,44
12220.jpg,1836,1910,74
12225.jpg,1836,1890,54
12230.jpg,1836,1750,-86
12235.jpg,1836,1895,59
12240.jpg,1836,1800,-36
12245.jpg,1836,1850,14
12250.jpg,1836,1875,39
12255.jpg,1836,1830,-6
12260.jpg,1836,1820,-16
12265.jpg,1836,1895,59
12270.jpg,1836,1780,-56
12275.jpg,1836,1750,-86
12280.jpg,1837,1850,13
12285.jpg,1837,1650,-187
12290.jpg,1837,1780,-57
12295.jpg,1837,1850,13
12300.jpg,1837,1910,73
12305.jpg,1837,1790,-47
12310.jpg,1837,1880,43
12315.jpg,1837,1800,-37
12320.jpg,1837,1950,113
12325.jpg,1837,1880,43
12330.jpg,1837,1980,143
12335.jpg,1837,1800,-37
12340.jpg,1837,1830,-7
12345.jpg,1837,1750,-87
12350.jpg,1837,1900,63
12355.jpg,1837,1880,43
12360.jpg,1837,1780,-57
12365.jpg,1837,1895,58
12370.jpg,1837,1910,73
12375.jpg,1837,1850,13
12380.jpg,1837,1905,68
12385.jpg,1837,1920,83
12390.jpg,1837,1910,73
12395.jpg,1837,1820,-17
12400.jpg,1837,1895,58
12405.jpg,1837,1850,13
12410.jpg,1837,1950,113
12415.jpg,1837,1870,33
12420.jpg,1837,1750,-87
12425.jpg,1837,1925,88
12430.jpg,1837,1920,83
12435.jpg,1837,1910,73
12440.jpg,1837,1900,63
12445.jpg,1837,1870,33
12450.jpg,1838,1920,82
12455.jpg,1838,1875,37
12460.jpg,1838,1400,-438
12465.jpg,1838,1750,-88
12470.jpg,1838,1900,62
12475.jpg,1838,20,-1818
12480.jpg,1838,1820,-18
12485.jpg,1838,1850,12
12490.jpg,1838,1890,52
12495.jpg,1838,1880,42
12500.jpg,1838,1875,37
12505.jpg,1838,1925,87
12510.jpg,1838,1875,37
12515.jpg,1838,20,-1818
12520.jpg,1838,1750,-88
12525.jpg,1838,1870,32
12530.jpg,1838,1905,67
12535.jpg,1838,1890,52
12540.jpg,1838,1885,47
12545.jpg,1838,1890,52
12550.jpg,1838,1900,62
12555.jpg,1838,1960,122
12560.jpg,1838,1885,47
12565.jpg,1838,1750,-88
12570.jpg,1838,1790,-48
12575.jpg,1838,1920,82
12580.jpg,1838,1950,112
12585.jpg,1838,1820,-18
12590.jpg,1838,1840,2
12600.jpg,1838,1980,142
12605.jpg,1838,2003,165
12610.jpg,1838,1850,12
12615.jpg,1838,1750,-88
12620.jpg,1838,1750,-88
12625.jpg,1839,1980,141
12630.jpg,1839,1780,-59
12635.jpg,1839,1850,11
12640.jpg,1839,1920,81
12645.jpg,1839,1880,41
12650.jpg,1839,1890,51
12655.jpg,1839,1850,11
12660.jpg,1839,1850,11
12665.jpg,1839,1980,141
12670.jpg,1839,1820,-19
12675.jpg,1839,1880,41
12680.jpg,1839,1750,-89
12685.jpg,1839,1775,-64
12690.jpg,1839,1980,141
12695.jpg,1839,1905,66
12700.jpg,1839,1875,36
12705.jpg,1839,1910,71
12710.jpg,1839,1880,41
12715.jpg,1839,1850,11
12720.jpg,1839,1750,-89
12725.jpg,1839,-1,-1840
12730.jpg,1839,1880,41
12735.jpg,1839,1780,-59
12740.jpg,1839,1780,-59
12745.jpg,1839,1850,11
12750.jpg,1839,1880,41
12755.jpg,1839,1950,111
12760.jpg,1839,1790,-49
12765.jpg,1839,1650,-189
12770.jpg,1839,1950,111
12775.jpg,1839,1820,-19
12780.jpg,1840,1920,80
12785.jpg,1840,1950,110
12790.jpg,1840,1890,50
12795.jpg,1840,1920,80
12800.jpg,1840,1870,30
12805.jpg,1840,1850,10
12810.jpg,1840,1780,-60
12815.jpg,1840,1790,-50
12820.jpg,1840,1780,-60
12825.jpg,1840,1850,10
12830.jpg,1840,1900,60
12835.jpg,1840,1880,40
12840.jpg,1840,1870,30
12845.jpg,1840,20,-1820
12850.jpg,1840,1790,-50
12860.jpg,1840,1845,5
12865.jpg,1840,1935,95
12870.jpg,1840,1890,50
12875.jpg,1840,1925,85
12880.jpg,1840,1820,-20
12885.jpg,1840,1750,-90
12890.jpg,1840,1820,-20
12895.jpg,1840,1900,60
12900.jpg,1840,1900,60
12905.jpg,1840,21,-1819
12910.jpg,1840,1910,70
12915.jpg,1840,1870,30
12920.jpg,1840,1875,35
12925.jpg,1840,1905,65
12930.jpg,1840,1895,55
12935.jpg,1840,1905,65
12940.jpg,1840,1900,60
12945.jpg,1840,1910,70
12950.jpg,1840,20,-1820
12955.jpg,1840,1895,55
12960.jpg,1840,1820,-20
12965.jpg,1840,1790,-50
12970.jpg,1840,1800,-40
12975.jpg,1840,1750,-90
12980.jpg,1840,1950,110
12985.jpg,1840,1880,40
12990.jpg,1840,1820,-20
12995.jpg,1840,1880,40
13005.jpg,1840,1895,55
13010.jpg,1840,1905,65
13015.jpg,1840,1910,70
13020.jpg,1840,1900,60
13025.jpg,1840,1870,30
13030.jpg,1841,1780,-61
13035.jpg,1841,1750,-91
13040.jpg,1841,1850,9
13045.jpg,1841,1880,39
13050.jpg,1841,1780,-61
13055.jpg,1841,1875,34
13060.jpg,1841,1700,-141
13065.jpg,1841,1850,9
13070.jpg,1841,1850,9
13075.jpg,1841,1820,-21
13080.jpg,1841,1930,89
13085.jpg,1841,1980,139
13090.jpg,1841,1910,69
13095.jpg,1841,20,-1821
13100.jpg,1841,1920,79
13105.jpg,1841,1920,79
13110.jpg,1841,1830,-11
13115.jpg,1841,1890,49
13120.jpg,1841,2000,159
13125.jpg,1841,1890,49
13130.jpg,1841,1500,-341
13135.jpg,1841,1600,-241
13140.jpg,1841,1870,29
13145.jpg,1842,1750,-92
13150.jpg,1842,1750,-92
13155.jpg,1842,1900,58
13160.jpg,1842,1780,-62
13165.jpg,1842,1850,8
13170.jpg,1842,1850,8
13175.jpg,1842,1880,38
13180.jpg,1842,1900,58
13185.jpg,1842,1890,48
13190.jpg,1842,1850,8
13195.jpg,1842,1780,-62
13200.jpg,1842,20,-1822
13205.jpg,1842,1780,-62
13210.jpg,1842,1980,138
13215.jpg,1842,1780,-62
13220.jpg,1842,1780,-62
13225.jpg,1842,1850,8
13230.jpg,1842,1880,38
13235.jpg,1842,1880,38
13240.jpg,1842,1750,-92
13245.jpg,1842,1920,78
13250.jpg,1842,1880,38
13255.jpg,1842,1880,38
13260.jpg,1842,1930,88
13265.jpg,1842,1780,-62
13270.jpg,1842,1870,28
13275.jpg,1842,1780,-62
13280.jpg,1842,1300,-542
13285.jpg,1842,1870,28
13290.jpg,1842,1910,68
13295.jpg,1842,1890,48
13300.jpg,1843,1820,-23
13305.jpg,1843,1880,37
13310.jpg,1843,1820,-23
13315.jpg,1843,1870,27
13320.jpg,1843,1790,-53
13325.jpg,1843,1900,57
13330.jpg,1843,1890,47
13335.jpg,1843,1900,57
13340.jpg,1843,1790,-53
13345.jpg,1843,1930,87
13350.jpg,1843,1880,37
13355.jpg,1843,1885,42
13360.jpg,1843,1890,47
13365.jpg,1843,1820,-23
13370.jpg,1843,1895,52
13380.jpg,1843,1790,-53
13385.jpg,1843,1890,47
13390.jpg,1843,1930,87
13395.jpg,1843,1850,7
13400.jpg,1843,1900,57
13405.jpg,1843,1890,47
13410.jpg,1843,1850,7
13415.jpg,1843,1890,47
13420.jpg,1843,1930,87
13425.jpg,1843,1910,67
13430.jpg,1844,1850,6
13435.jpg,1844,1750,-94
13440.jpg,1844,1880,36
13445.jpg,1844,1960,116
13450.jpg,1844,1870,26
13455.jpg,1844,1820,-24
13460.jpg,1844,1880,36
13465.jpg,1844,1820,-24
13470.jpg,1844,1870,26
13475.jpg,1844,1870,26
13480.jpg,1844,1820,-24
13485.jpg,1844,1890,46
13490.jpg,1844,1820,-24
13495.jpg,1844,1982,138
13500.jpg,1844,1850,6
13505.jpg,1844,1890,46
13510.jpg,1844,1820,-24
13515.jpg,1844,1800,-44
13520.jpg,1844,1800,-44
13525.jpg,1844,1820,-24
13530.jpg,1844,1850,6
13535.jpg,1844,1900,56
13540.jpg,1844,1850,6
13545.jpg,1844,1880,36
13550.jpg,1844,1750,-94
13555.jpg,1844,1880,36
13560.jpg,1844,1910,66
13565.jpg,1845,1750,-95
13570.jpg,1845,1800,-45
13575.jpg,1845,1910,65
13580.jpg,1845,1880,35
13585.jpg,1845,1650,-195
13590.jpg,1845,1890,45
13595.jpg,1845,1890,45
13600.jpg,1845,1900,55
13605.jpg,1845,1780,-65
13610.jpg,1845,1900,55
13615.jpg,1845,1880,35
13620.jpg,1845,1880,35
13625.jpg,1845,1880,35
13630.jpg,1845,1900,55
13635.jpg,1845,1850,5
13640.jpg,1845,1890,45
13645.jpg,1845,1790,-55
13650.jpg,1845,1900,55
13655.jpg,1845,1900,55
13660.jpg,1845,1880,35
13665.jpg,1845,1920,75
13670.jpg,1845,2005,160
13675.jpg,1845,1800,-45
13680.jpg,1845,1880,35
13685.jpg,1845,-1,-1846
13690.jpg,1845,1780,-65
13695.jpg,1845,1850,5
13700.jpg,1845,1885,40
13705.jpg,1845,1880,35
13710.jpg,1845,1900,55
13720.jpg,1845,1920,75
13725.jpg,1845,1880,35
13730.jpg,1845,1890,45
13735.jpg,1845,1910,65
13740.jpg,1845,1800,-45
13745.jpg,1845,1750,-95
13750.jpg,1845,1925,80
13755.jpg,1845,1780,-65
13760.jpg,1845,1920,75
13765.jpg,1845,1920,75
13770.jpg,1845,1925,80
13775.jpg,1845,1880,35
13780.jpg,1845,1600,-245
13785.jpg,1845,1905,60
13790.jpg,1845,1820,-25
13795.jpg,1845,1930,85
13800.jpg,1845,1900,55
13805.jpg,1846,1870,24
13810.jpg,1846,19,-1827
13815.jpg,1846,1890,44
13820.jpg,1846,1880,34
13825.jpg,1846,1780,-66
13830.jpg,1846,1790,-56
13835.jpg,1846,1880,34
13840.jpg,1846,1930,84
13845.jpg,1846,1820,-26
13850.jpg,1846,1870,24
13855.jpg,1846,1910,64
13860.jpg,1846,19,-1827
13865.jpg,1846,1900,54
13870.jpg,1846,1910,64
13875.jpg,1846,1880,34
13880.jpg,1846,1870,24
13885.jpg,1846,1850,4
13890.jpg,1846,1750,-96
13895.jpg,1846,1870,24
13900.jpg,1846,1900,54
13905.jpg,1846,1750,-96
13910.jpg,1846,1850,4
13915.jpg,1846,1750,-96
13920.jpg,1846,19,-1827
13925.jpg,1846,1950,104
13930.jpg,1846,1930,84
13935.jpg,1846,1890,44
13940.jpg,1847,1905,58
13945.jpg,1847,1850,3
13950.jpg,1847,1890,43
13955.jpg,1847,1880,33
13960.jpg,1847,1925,78
13965.jpg,1847,1890,43
13970.jpg,1847,1850,3
13975.jpg,1847,1870,23
13980.jpg,1847,1850,3
13985.jpg,1847,1870,23
13990.jpg,1847,1850,3
13995.jpg,1847,1920,73
14000.jpg,1847,1925,78
14005.jpg,1847,1820,-27
14010.jpg,1847,18,-1829
14015.jpg,1847,1900,53
14020.jpg,1847,1790,-57
14030.jpg,1847,1865,18
14035.jpg,1847,1970,123
14040.jpg,1847,1890,43
14045.jpg,1847,1890,43
14050.jpg,1847,1870,23
14055.jpg,1847,1930,83
14060.jpg,1847,1870,23
14065.jpg,1847,1880,33
14070.jpg,1847,1910,63
14075.jpg,1847,1875,28
14080.jpg,1847,1850,3
14085.jpg,1847,1900,53
14090.jpg,1847,19,-1828
14095.jpg,1847,1820,-27
14100.jpg,1847,1935,88
14105.jpg,1847,1975,128
14110.jpg,1848,1880,32
14115.jpg,1848,2000,152
14120.jpg,1848,1880,32
14125.jpg,1848,2005,157
14130.jpg,1848,1400,-448
14135.jpg,1848,1850,2
14140.jpg,1848,1050,-798
14145.jpg,1848,1920,72
14150.jpg,1848,1890,42
14155.jpg,1848,1870,22
14160.jpg,1848,1850,2
14165.jpg,1848,1850,2
14170.jpg,1848,1900,52
14175.jpg,1848,1880,32
14180.jpg,1848,1850,2
14185.jpg,1848,1880,32
14190.jpg,1848,1890,42
14195.jpg,1848,1875,27
14200.jpg,1848,1890,42
14205.jpg,1848,1870,22
14210.jpg,1848,1890,42
14215.jpg,1848,1885,37
14220.jpg,1848,1880,32
14225.jpg,1848,1850,2
14230.jpg,1848,1800,-48
14235.jpg,1848,1880,32
14240.jpg,1848,1870,22
14245.jpg,1848,1925,77
14250.jpg,1848,1780,-68
14255.jpg,1848,1790,-58
14260.jpg,1848,20,-1828
14265.jpg,1848,1920,72
14270.jpg,1848,1850,2
14275.jpg,1848,1895,47
14280.jpg,1848,1850,2
14285.jpg,1848,1900,52
14290.jpg,1848,1820,-28
14295.jpg,1848,1890,42
14300.jpg,1848,1895,47
14305.jpg,1848,1880,32
14310.jpg,1848,1875,27
14315.jpg,1848,1890,42
14320.jpg,1848,1895,47
14325.jpg,1848,1850,2
14330.jpg,1848,1880,32
14335.jpg,1848,1850,2
14340.jpg,1849,1800,-49
14345.jpg,1849,1920,71
14350.jpg,1849,20,-1829
14355.jpg,1849,1780,-69
14360.jpg,1849,2018,169
14365.jpg,1849,1910,61
14370.jpg,1849,1850,1
14375.jpg,1849,1890,41
14380.jpg,1849,1885,36
14385.jpg,1849,1860,11
14390.jpg,1849,1870,21
14395.jpg,1849,1935,86
14400.jpg,1849,1870,21
14405.jpg,1849,1880,31
14410.jpg,1849,1880,31
14415.jpg,1849,1890,41
14420.jpg,1849,1750,-99
14425.jpg,1849,1890,41
14430.jpg,1849,1890,41
14435.jpg,1849,1850,1
14440.jpg,1849,1790,-59
14445.jpg,1849,1905,56
14450.jpg,1849,1820,-29
14455.jpg,1849,1880,31
14460.jpg,1849,1880,31
14465.jpg,1849,1800,-49
14470.jpg,1849,1850,1
14475.jpg,1849,1780,-69
14480.jpg,1849,1910,61
14485.jpg,1849,1880,31
14490.jpg,1849,1640,-209
14495.jpg,1849,1900,51
14500.jpg,1849,1905,56
14505.jpg,1850,1850,0
14510.jpg,1850,1850,0
14515.jpg,1850,1850,0
14520.jpg,1850,1850,0
14525.jpg,1850,1880,30
14530.jpg,1850,1950,100
14535.jpg,1850,1900,50
14540.jpg,1850,1850,0
14545.jpg,1850,1800,-50
14550.jpg,1850,1950,100
14555.jpg,1850,1880,30
14560.jpg,1850,1895,45
14565.jpg,1850,1800,-50
14570.jpg,1850,1750,-100
14575.jpg,1850,1875,25
14580.jpg,1850,1930,80
14585.jpg,1850,1880,30
14590.jpg,1850,1850,0
14600.jpg,1850,1850,0
14605.jpg,1850,1860,10
14610.jpg,1850,1820,-30
14615.jpg,1850,1850,0
14620.jpg,1850,1950,100
14625.jpg,1850,1780,-70
14630.jpg,1850,1880,30
14635.jpg,1850,1820,-30
14640.jpg,1850,1890,40
14645.jpg,1850,1880,30
14650.jpg,1850,1965,115
14655.jpg,1850,1850,0
14660.jpg,1850,1890,40
14665.jpg,1850,1920,70
14670.jpg,1850,1850,0
14675.jpg,1850,1820,-30
14680.jpg,1850,1890,40
14685.jpg,1850,1875,25
14690.jpg,1850,1780,-70
14695.jpg,1850,1820,-30
14700.jpg,1850,1920,70
14705.jpg,1850,1930,80
14710.jpg,1850,1880,30
14715.jpg,1850,1925,75
14720.jpg,1850,20,-1830
14725.jpg,1850,1930,80
14730.jpg,1850,1930,80
14735.jpg,1850,1870,20
14740.jpg,1850,1920,70
14745.jpg,1850,1900,50
14750.jpg,1850,1900,50
14755.jpg,1850,1850,0
14760.jpg,1850,1880,30
14765.jpg,1850,1900,50
14770.jpg,1850,1880,30
14775.jpg,1850,1900,50
14780.jpg,1850,1850,0
14785.jpg,1851,1790,-61
14790.jpg,1851,1350,-501
14795.jpg,1851,1935,84
14800.jpg,1851,1900,49
14805.jpg,1851,1980,129
14810.jpg,1851,1880,29
14815.jpg,1851,1900,49
14820.jpg,1851,1860,9
14825.jpg,1851,1920,69
14830.jpg,1851,1900,49
14835.jpg,1851,1890,39
14840.jpg,1851,1830,-21
14845.jpg,1851,1880,29
14850.jpg,1851,1920,69
14855.jpg,1851,1900,49
14860.jpg,1851,1920,69
14865.jpg,1851,1820,-31
14870.jpg,1851,1925,74
14880.jpg,1851,1650,-201
14885.jpg,1851,1870,19
14890.jpg,1851,1905,54
14895.jpg,1851,1750,-101
14900.jpg,1851,1880,29
14905.jpg,1851,1900,49
14910.jpg,1851,1750,-101
14915.jpg,1851,1890,39
14920.jpg,1851,1820,-31
14925.jpg,1851,1880,29
14930.jpg,1851,1870,19
14935.jpg,1851,1870,19
14940.jpg,1851,1830,-21
14945.jpg,1852,1875,23
14950.jpg,1852,1870,18
14955.jpg,1852,1870,18
14960.jpg,1852,1910,58
14965.jpg,1852,1820,-32
14970.jpg,1852,1885,33
14975.jpg,1852,1880,28
14980.jpg,1852,1860,8
14985.jpg,1852,1890,38
14990.jpg,1852,1905,53
14995.jpg,1852,1880,28
15000.jpg,1852,1870,18
15005.jpg,1852,1880,28
15010.jpg,1852,1880,28
15015.jpg,1852,1895,43
15020.jpg,1852,1830,-22
15025.jpg,1852,1870,18
15030.jpg,1852,1860,8
15035.jpg,1852,1870,18
15040.jpg,1852,1890,38
15045.jpg,1852,1820,-32
15050.jpg,1852,1850,-2
15055.jpg,1852,1780,-72
15060.jpg,1852,1750,-102
15065.jpg,1852,1925,73
15070.jpg,1852,1880,28
15075.jpg,1852,1830,-22
15080.jpg,1852,1890,38
15085.jpg,1852,1900,48
15090.jpg,1852,1890,38
15095.jpg,1852,1880,28
15100.jpg,1852,1920,68
15105.jpg,1852,1910,58
15110.jpg,1852,1900,48
15115.jpg,1852,1890,38
15120.jpg,1852,1910,58
15125.jpg,1852,1885,33
15130.jpg,1852,1900,48
15135.jpg,1853,1850,-3
15140.jpg,1853,1880,27
15145.jpg,1853,1900,47
15150.jpg,1853,1905,52
15155.jpg,1853,1880,27
15160.jpg,1853,1780,-73
15165.jpg,1853,1890,37
15170.jpg,1853,1780,-73
15175.jpg,1853,1800,-53
15180.jpg,1853,1885,32
15185.jpg,1853,1850,-3
15190.jpg,1853,1850,-3
15195.jpg,1853,1870,17
15200.jpg,1853,1870,17
15205.jpg,1853,2023,170
15210.jpg,1853,1880,27
15215.jpg,1853,1920,67
15220.jpg,1853,1895,42
15225.jpg,1853,1840,-13
15230.jpg,1853,1880,27
15235.jpg,1853,1870,17
15240.jpg,1853,1880,27
15245.jpg,1853,1930,77
15250.jpg,1853,2010,157
15255.jpg,1853,1870,17
15260.jpg,1853,1830,-23
15265.jpg,1853,1780,-73
15270.jpg,1853,1890,37
15275.jpg,1853,1920,67
15280.jpg,1853,1890,37
15285.jpg,1853,1895,42
15290.jpg,1853,1880,27
15295.jpg,1853,1890,37
15300.jpg,1853,1905,52
15305.jpg,1853,1900,47
15310.jpg,1853,1950,97
15315.jpg,1853,1900,47
15320.jpg,1853,1900,47
15325.jpg,1853,1780,-73
15330.jpg,1853,1400,-453
15335.jpg,1853,1920,67
15340.jpg,1853,1850,-3
15345.jpg,1853,1750,-103
15350.jpg,1853,2000,147
15355.jpg,1854,1890,36
15360.jpg,1854,1975,121
15365.jpg,1854,1800,-54
15370.jpg,1854,1890,36
15375.jpg,1854,1780,-74
15380.jpg,1854,1880,26
15385.jpg,1854,1750,-104
15390.jpg,1854,1900,46
15395.jpg,1854,1880,26
15400.jpg,1854,1890,36
15405.jpg,1854,1920,66
15410.jpg,1854,1850,-4
15415.jpg,1854,1900,46
15420.jpg,1854,1920,66
15425.jpg,1854,1880,26
15430.jpg,1854,1900,46
15435.jpg,1854,-1,-1855
15440.jpg,1854,1880,26
15445.jpg,1854,1880,26
15450.jpg,1855,1800,-55
15455.jpg,1855,1895,40
15460.jpg,1855,1920,65
15465.jpg,1855,1780,-75
15470.jpg,1855,1880,25
15475.jpg,1855,1875,20
15480.jpg,1855,1920,65
15485.jpg,1855,1850,-5
15490.jpg,1855,1850,-5
15495.jpg,1855,2000,145
15500.jpg,1855,1850,-5
15505.jpg,1855,1880,25
15510.jpg,1855,1870,15
15515.jpg,1855,1890,35
15520.jpg,1855,1880,25
15525.jpg,1855,1920,65
15530.jpg,1855,1895,40
15535.jpg,1855,1850,-5
15540.jpg,1855,1880,25
15545.jpg,1855,1790,-65
15550.jpg,1855,1875,20
15555.jpg,1855,1870,15
15560.jpg,1855,1850,-5
15565.jpg,1855,1880,25
15570.jpg,1855,1880,25
15575.jpg,1855,1880,25
15580.jpg,1855,1880,25
15585.jpg,1855,1900,45
15590.jpg,1855,1890,35
15595.jpg,1855,1840,-15
15600.jpg,1855,1880,25
15605.jpg,1855,1920,65
15610.jpg,1855,1980,125
15615.jpg,1855,1880,25
15620.jpg,1855,1935,80
15625.jpg,1855,1880,25
15630.jpg,1855,1880,25
15635.jpg,1855,1870,15
15640.jpg,1855,1900,45
15645.jpg,1855,1900,45
15650.jpg,1855,1925,70
15655.jpg,1855,1880,25
15660.jpg,1855,1880,25
15665.jpg,1855,1880,25
15670.jpg,1855,1880,25
15675.jpg,1855,1870,15
15680.jpg,1855,1890,35
15685.jpg,1855,1880,25
15690.jpg,1855,1780,-75
15695.jpg,1855,1890,35
15705.jpg,1856,1750,-106
15710.jpg,1856,1880,24
15715.jpg,1856,1850,-6
15720.jpg,1856,1920,64
15725.jpg,1856,1920,64
15730.jpg,1856,1900,44
15735.jpg,1856,1920,64
15740.jpg,1856,1890,34
15745.jpg,1856,18,-1838
15750.jpg,1856,1870,14
15755.jpg,1856,1820,-36
15760.jpg,1856,1750,-106
15765.jpg,1856,1860,4
15770.jpg,1856,1910,54
15775.jpg,1856,1890,34
15780.jpg,1856,1880,24
15785.jpg,1856,1880,24
15795.jpg,1856,1840,-16
15800.jpg,1856,1915,59
15805.jpg,1856,1850,-6
15810.jpg,1856,1910,54
15815.jpg,1856,1850,-6
15820.jpg,1856,1850,-6
15825.jpg,1856,1925,69
15830.jpg,1856,1920,64
15835.jpg,1856,1870,14
15840.jpg,1856,1920,64
15845.jpg,1856,1875,19
15850.jpg,1856,1780,-76
15855.jpg,1856,1580,-276
15860.jpg,1856,1800,-56
15865.jpg,1856,1880,24
15870.jpg,1856,1880,24
15875.jpg,1856,1910,54
15880.jpg,1856,1800,-56
15885.jpg,1856,1870,14
15890.jpg,1856,1850,-6
15895.jpg,1856,1790,-66
15900.jpg,1856,1920,64
15905.jpg,1856,1885,29
15910.jpg,1856,1750,-106
15915.jpg,1856,1750,-106
15920.jpg,1856,1820,-36
15930.jpg,1856,1910,54
15935.jpg,1856,1895,39
15940.jpg,1856,1910,54
15945.jpg,1856,1870,14
15950.jpg,1856,1900,44
15955.jpg,1856,1880,24
15960.jpg,1856,1850,-6
15965.jpg,1856,1820,-36
15970.jpg,1856,1920,64
15975.jpg,1856,1820,-36
15980.jpg,1857,1700,-157
15985.jpg,1857,1890,33
15990.jpg,1857,21,-1836
15995.jpg,1857,1790,-67
16000.jpg,1857,1880,23
16005.jpg,1857,1870,13
16010.jpg,1857,1750,-107
16015.jpg,1857,1400,-457
16020.jpg,1857,1300,-557
16025.jpg,1857,1850,-7
16030.jpg,1857,1780,-77
16035.jpg,1857,1950,93
16040.jpg,1857,1890,33
16045.jpg,1857,1920,63
16050.jpg,1857,1850,-7
16055.jpg,1857,2010,153
16060.jpg,1857,1870,13
16065.jpg,1857,1880,23
16070.jpg,1857,1880,23
16075.jpg,1857,1900,43
16080.jpg,1857,1820,-37
16085.jpg,1857,1895,38
16090.jpg,1857,1870,13
16095.jpg,1857,1820,-37
16100.jpg,1857,1880,23
16105.jpg,1857,1920,63
16110.jpg,1857,1890,33
16115.jpg,1857,1900,43
16120.jpg,1857,1915,58
16125.jpg,1857,1930,73
16130.jpg,1857,1890,33
16135.jpg,1857,1880,23
16140.jpg,1857,1850,-7
16145.jpg,1857,1925,68
16150.jpg,1857,1880,23
16155.jpg,1857,20,-1837
16160.jpg,1857,1890,33
16165.jpg,1857,1890,33
16170.jpg,1857,1875,18
16175.jpg,1857,1790,-67
16180.jpg,1857,1885,28
16185.jpg,1857,1960,103
16190.jpg,1857,1800,-57
16195.jpg,1857,1800,-57
16200.jpg,1857,1870,13
16205.jpg,1857,1870,13
16210.jpg,1857,1870,13
16215.jpg,1857,1880,23
16220.jpg,1857,1790,-67
16225.jpg,1857,1850,-7
16230.jpg,1857,1890,33
16235.jpg,1858,1850,-8
16240.jpg,1858,1925,67
16245.jpg,1858,19,-1839
16250.jpg,1858,1880,22
16255.jpg,1858,20,-1838
16260.jpg,1858,1880,22
16265.jpg,1858,1870,12
16270.jpg,1858,1850,-8
16275.jpg,1858,1790,-68
16280.jpg,1858,1910,52
16285.jpg,1858,1900,42
16290.jpg,1858,1850,-8
16295.jpg,1858,1930,72
16300.jpg,1858,1850,-8
16305.jpg,1858,1900,42
16310.jpg,1858,1870,12
16315.jpg,1858,1850,-8
16320.jpg,1858,1840,-18
16325.jpg,1858,1895,37
16330.jpg,1858,1950,92
16335.jpg,1858,1900,42
16340.jpg,1858,1800,-58
16345.jpg,1858,1930,72
16350.jpg,1858,1750,-108
16355.jpg,1858,1870,12
16360.jpg,1858,1870,12
16365.jpg,1858,1895,37
16370.jpg,1858,20,-1838
16375.jpg,1858,1890,32
16380.jpg,1858,1890,32
16385.jpg,1858,1890,32
16390.jpg,1858,1780,-78
16395.jpg,1858,1930,72
16400.jpg,1858,1925,67
16405.jpg,1858,1895,37
16410.jpg,1858,1840,-18
16415.jpg,1858,1890,32
16420.jpg,1858,1850,-8
16425.jpg,1858,1890,32
16430.jpg,1858,1820,-38
16435.jpg,1858,1920,62
16440.jpg,1858,1850,-8
16445.jpg,1858,1780,-78
16450.jpg,1858,1880,22
16455.jpg,1858,1850,-8
16460.jpg,1858,1880,22
16465.jpg,1858,1490,-368
16470.jpg,1858,1880,22
16475.jpg,1858,1750,-108
16480.jpg,1858,1950,92
16485.jpg,1858,1900,42
16490.jpg,1859,1650,-209
16495.jpg,1859,1880,21
16505.jpg,1859,1850,-9
16510.jpg,1859,1880,21
16515.jpg,1859,1880,21
16520.jpg,1859,1870,11
16525.jpg,1859,1880,21
16530.jpg,1859,1790,-69
16535.jpg,1859,1850,-9
16540.jpg,1859,1825,-34
16545.jpg,1859,1890,31
16550.jpg,1859,1850,-9
16555.jpg,1859,1850,-9
16560.jpg,1859,1850,-9
16565.jpg,1859,1850,-9
16570.jpg,1859,1870,11
16575.jpg,1859,1880,21
16580.jpg,1859,1880,21
16585.jpg,1859,1750,-109
16590.jpg,1859,1820,-39
16595.jpg,1859,1880,21
16600.jpg,1859,1880,21
16605.jpg,1859,1920,61
16610.jpg,1859,1870,11
16615.jpg,1859,1875,16
16620.jpg,1859,1870,11
16625.jpg,1859,1960,101
16630.jpg,1859,1925,66
16635.jpg,1859,1900,41
16640.jpg,1859,1820,-39
16645.jpg,1859,1850,-9
16650.jpg,1859,1780,-79
16655.jpg,1859,1895,36
16660.jpg,1859,1920,61
16665.jpg,1859,1890,31
16670.jpg,1859,1875,16
16675.jpg,1859,1920,61
16680.jpg,1859,1900,41
16685.jpg,1859,1890,31
16690.jpg,1859,1977,118
16695.jpg,1859,1920,61
16700.jpg,1859,1880,21
16705.jpg,1859,1870,11
16710.jpg,1859,1790,-69
16715.jpg,1859,1920,61
16720.jpg,1859,1895,36
16725.jpg,1859,1880,21
16730.jpg,1859,1890,31
16735.jpg,1860,1850,-10
16740.jpg,1860,1885,25
16745.jpg,1860,1790,-70
16750.jpg,1860,1880,20
16755.jpg,1860,1900,40
16760.jpg,1860,1880,20
16765.jpg,1860,1900,40
16770.jpg,1860,1875,15
16775.jpg,1860,1890,30
16785.jpg,1860,1850,-10
16790.jpg,1860,1895,35
16795.jpg,1860,1720,-140
16800.jpg,1860,1880,20
16805.jpg,1860,1890,30
16810.jpg,1860,1880,20
16815.jpg,1860,1920,60
16820.jpg,1860,1900,40
16825.jpg,1860,1880,20
16830.jpg,1860,1910,50
16835.jpg,1860,1915,55
16840.jpg,1860,1790,-70
16845.jpg,1860,1890,30
16850.jpg,1860,1880,20
16855.jpg,1860,1910,50
16860.jpg,1860,1750,-110
16865.jpg,1860,1920,60
16870.jpg,1860,1800,-60
16875.jpg,1860,1920,60
16880.jpg,1860,1780,-80
16885.jpg,1860,1850,-10
16890.jpg,1860,1800,-60
16895.jpg,1860,1890,30
16900.jpg,1860,1870,10
16905.jpg,1860,1910,50
16910.jpg,1860,1880,20
16915.jpg,1860,1900,40
16920.jpg,1860,1300,-560
16925.jpg,1860,1910,50
16930.jpg,1860,1880,20
16935.jpg,1860,1900,40
16940.jpg,1860,1860,0
16945.jpg,1860,1920,60
16950.jpg,1860,1870,10
16955.jpg,1860,1880,20
16960.jpg,1860,1870,10
16965.jpg,1860,1900,40
16970.jpg,1860,1880,20
16975.jpg,1860,1850,-10
16980.jpg,1860,1880,20
16985.jpg,1860,1880,20
16990.jpg,1860,19,-1841
16995.jpg,1860,1850,-10
17000.jpg,1860,1890,30
17005.jpg,1861,1900,39
17010.jpg,1861,1880,19
17015.jpg,1861,1890,29
17025.jpg,1861,1900,39
17030.jpg,1861,1880,19
17035.jpg,1861,-1,-1862
17040.jpg,1861,1780,-81
17045.jpg,1861,1750,-111
17050.jpg,1861,1875,14
17055.jpg,1861,1870,9
17060.jpg,1861,1875,14
17065.jpg,1861,1980,119
17070.jpg,1861,1920,59
17075.jpg,1861,1915,54
17080.jpg,1861,1870,9
17085.jpg,1861,1880,19
17090.jpg,1861,1820,-41
17095.jpg,1861,1875,14
17100.jpg,1861,1880,19
17105.jpg,1861,1890,29
17110.jpg,1861,1880,19
17115.jpg,1861,1850,-11
17120.jpg,1861,1790,-71
17125.jpg,1861,1820,-41
17130.jpg,1861,1875,14
17135.jpg,1861,1250,-611
17140.jpg,1861,1880,19
17145.jpg,1861,1870,9
17150.jpg,1861,1780,-81
17155.jpg,1861,1910,49
17160.jpg,1861,1880,19
17165.jpg,1861,1880,19
17170.jpg,1861,1920,59
17175.jpg,1862,1780,-82
17180.jpg,1862,1890,28
17185.jpg,1862,1865,3
17190.jpg,1862,1890,28
17195.jpg,1862,2010,148
17200.jpg,1862,1850,-12
17205.jpg,1862,1920,58
17210.jpg,1862,1885,23
17215.jpg,1862,1850,-12
17220.jpg,1862,1850,-12
17225.jpg,1862,1780,-82
17230.jpg,1862,1875,13
17235.jpg,1862,1880,18
17240.jpg,1862,1840,-22
17245.jpg,1862,1900,38
17250.jpg,1862,1930,68
17255.jpg,1862,1950,88
17260.jpg,1862,1920,58
17265.jpg,1862,1780,-82
17270.jpg,1862,1930,68
17275.jpg,1862,1920,58
17280.jpg,1862,1880,18
17285.jpg,1862,20,-1842
17290.jpg,1862,1880,18
17295.jpg,1862,1930,68
17300.jpg,1862,1880,18
17305.jpg,1862,1890,28
17310.jpg,1862,1910,48
17315.jpg,1862,1880,18
17320.jpg,1862,1890,28
17325.jpg,1863,1780,-83
17330.jpg,1863,1850,-13
17340.jpg,1863,1920,57
17345.jpg,1863,1900,37
17350.jpg,1863,1790,-73
17355.jpg,1863,20,-1843
17365.jpg,1863,1890,27
17370.jpg,1863,1920,57
17375.jpg,1863,1850,-13
17380.jpg,1863,1890,27
17385.jpg,1863,1890,27
17390.jpg,1863,1910,47
17395.jpg,1863,1850,-13
17400.jpg,1863,1880,17
17405.jpg,1863,1895,32
17410.jpg,1863,1880,17
17415.jpg,1863,1880,17
17420.jpg,1863,1870,7
17425.jpg,1863,1950,87
17430.jpg,1863,1880,17
17435.jpg,1863,1950,87
17440.jpg,1863,1870,7
17445.jpg,1863,1850,-13
17450.jpg,1863,1900,37
17455.jpg,1863,1895,32
17460.jpg,1863,1880,17
17465.jpg,1863,1910,47
17470.jpg,1863,1880,17
17475.jpg,1863,1860,-3
17480.jpg,1863,1880,17
17485.jpg,1864,1900,36
17490.jpg,1864,1650,-214
17495.jpg,1864,1790,-74
17500.jpg,1864,1950,86
17505.jpg,1864,1890,26
17510.jpg,1864,1920,56
17515.jpg,1864,1790,-74
17520.jpg,1864,1965,101
17525.jpg,1864,1850,-14
17530.jpg,1864,1880,16
17535.jpg,1864,1980,116
17540.jpg,1864,1880,16
17545.jpg,1864,1870,6
17550.jpg,1864,1500,-364
17555.jpg,1864,1880,16
17560.jpg,1864,1885,21
17565.jpg,1864,1830,-34
17575.jpg,1864,1880,16
17580.jpg,1864,1850,-14
17585.jpg,1864,1880,16
17590.jpg,1864,1965,101
17595.jpg,1864,1880,16
17600.jpg,1864,1600,-264
17605.jpg,1864,1910,46
17610.jpg,1864,1900,36
17615.jpg,1864,1880,16
17620.jpg,1864,1750,-114
17625.jpg,1864,1890,26
17630.jpg,1864,1880,16
17635.jpg,1864,1850,-14
17640.jpg,1864,1820,-44
17645.jpg,1864,1880,16
17650.jpg,1864,20,-1844
17655.jpg,1864,1905,41
17660.jpg,1865,1850,-15
17665.jpg,1865,1780,-85
17670.jpg,1865,1920,55
17675.jpg,1865,1830,-35
17680.jpg,1865,1880,15
17690.jpg,1865,1910,45
17695.jpg,1865,1790,-75
17700.jpg,1865,1860,-5
17705.jpg,1865,1800,-65
17710.jpg,1865,1875,10
17715.jpg,1865,1880,15
17720.jpg,1865,1910,45
17725.jpg,1865,1850,-15
17730.jpg,1865,1850,-15
17735.jpg,1865,1790,-75
17745.jpg,1865,1880,15
17750.jpg,1865,1850,-15
17755.jpg,1865,1800,-65
17760.jpg,1865,1910,45
17765.jpg,1865,1900,35
17770.jpg,1865,1820,-45
17775.jpg,1865,1885,20
17780.jpg,1865,1880,15
17785.jpg,1865,1930,65
17790.jpg,1865,1980,115
17795.jpg,1865,1925,60
17800.jpg,1865,1900,35
17805.jpg,1865,1880,15
17810.jpg,1865,1890,25
17815.jpg,1865,1880,15
17820.jpg,1865,1880,15
17825.jpg,1865,1870,5
17830.jpg,1865,1875,10
17835.jpg,1865,1820,-45
17840.jpg,1865,1890,25
17845.jpg,1865,1885,20
17850.jpg,1865,1870,5
17855.jpg,1865,1880,15
17860.jpg,1865,1880,15
17865.jpg,1865,1870,5
17870.jpg,1865,1885,20
17875.jpg,1865,1870,5
17880.jpg,1865,1775,-90
17885.jpg,1865,1930,65
17890.jpg,1865,20,-1845
17895.jpg,1865,2015,150
17900.jpg,1865,1850,-15
17905.jpg,1865,1850,-15
17910.jpg,1865,-1,-1866
17915.jpg,1865,1920,55
17920.jpg,1865,1895,30
17930.jpg,1865,1885,20
17935.jpg,1866,1830,-36
17940.jpg,1866,1875,9
17945.jpg,1866,1880,14
17950.jpg,1866,1900,34
17955.jpg,1866,1980,114
17960.jpg,1866,18,-1848
17965.jpg,1866,1890,24
17970.jpg,1866,1750,-116
17975.jpg,1866,1880,14
17980.jpg,1866,1780,-86
17985.jpg,1866,1820,-46
17990.jpg,1866,1880,14
17995.jpg,1866,1850,-16
18000.jpg,1866,1880,14
18005.jpg,1866,1825,-41
18010.jpg,1866,1920,54
18015.jpg,1866,1945,79
18020.jpg,1866,1870,4
18025.jpg,1866,1880,14
18030.jpg,1866,1790,-76
18035.jpg,1866,1880,14
18040.jpg,1866,1920,54
18045.jpg,1866,1880,14
18050.jpg,1866,1650,-216
18055.jpg,1866,20,-1846
18060.jpg,1866,1880,14
18065.jpg,1866,1780,-86
18070.jpg,1866,1890,24
18075.jpg,1866,1780,-86
18080.jpg,1866,1840,-26
18085.jpg,1866,1850,-16
18090.jpg,1866,1960,94
18095.jpg,1866,1880,14
18100.jpg,1866,1925,59
18105.jpg,1866,1915,49
18110.jpg,1866,20,-1846
18115.jpg,1866,1920,54
18120.jpg,1866,1890,24
18125.jpg,1866,1880,14
18130.jpg,1866,1920,54
18135.jpg,1867,1890,23
18140.jpg,1867,1905,38
18145.jpg,1867,1890,23
18160.jpg,1867,1890,23
18165.jpg,1867,1910,43
18170.jpg,1867,1850,-17
18175.jpg,1867,1920,53
18180.jpg,1867,2000,133
18185.jpg,1867,1850,-17
18190.jpg,1867,1880,13
18195.jpg,1867,1850,-17
18200.jpg,1867,1850,-17
18205.jpg,1867,1850,-17
18210.jpg,1867,1920,53
18215.jpg,1867,1870,3
18220.jpg,1867,1870,3
18225.jpg,1867,1910,43
18230.jpg,1867,1980,113
18235.jpg,1867,1900,33
18240.jpg,1867,1780,-87
18245.jpg,1867,1870,3
18250.jpg,1867,1880,13
18255.jpg,1867,1900,33
18260.jpg,1867,1780,-87
18265.jpg,1867,1880,13
18270.jpg,1867,1870,3
18275.jpg,1867,1880,13
18280.jpg,1867,1880,13
18285.jpg,1867,1875,8
18290.jpg,1867,1880,13
18295.jpg,1867,1890,23
18300.jpg,1867,1880,13
18305.jpg,1867,1850,-17
18310.jpg,1867,1890,23
18315.jpg,1867,1820,-47
18320.jpg,1867,1870,3
18325.jpg,1867,1870,3
18330.jpg,1867,1880,13
18335.jpg,1867,1910,43
18340.jpg,1867,1900,33
18345.jpg,1867,1910,43
18350.jpg,1867,1400,-467
18355.jpg,1867,1920,53
18360.jpg,1867,1910,43
18365.jpg,1868,1850,-18
18370.jpg,1868,1880,12
18380.jpg,1868,1880,12
18385.jpg,1868,1875,7
18390.jpg,1868,1850,-18
18395.jpg,1868,1900,32
18400.jpg,1868,1800,-68
18405.jpg,1868,1850,-18
18410.jpg,1868,1880,12
18415.jpg,1868,19,-1849
18420.jpg,1868,1920,52
18425.jpg,1868,1850,-18
18430.jpg,1868,1890,22
18450.jpg,1868,1875,7
18455.jpg,1868,1800,-68
18460.jpg,1868,1870,2
18465.jpg,1868,1880,12
18470.jpg,1868,1870,2
18475.jpg,1868,1890,22
18480.jpg,1868,1880,12
18485.jpg,1868,1880,12
18490.jpg,1868,1910,42
18495.jpg,1868,1890,22
18500.jpg,1868,1900,32
18505.jpg,1868,1880,12
18510.jpg,1868,1880,12
18515.jpg,1868,1775,-93
18520.jpg,1868,1850,-18
18525.jpg,1868,1880,12
18530.jpg,1868,1850,-18
18535.jpg,1868,1880,12
18540.jpg,1868,1870,2
18545.jpg,1868,1885,17
18550.jpg,1868,1880,12
18555.jpg,1868,1850,-18
18560.jpg,1868,1880,12
18565.jpg,1868,1900,32
18570.jpg,1868,1875,7
18575.jpg,1868,1880,12
18580.jpg,1868,1920,52
18585.jpg,1868,1980,112
18590.jpg,1868,1925,57
18595.jpg,1868,1850,-18
18600.jpg,1868,1880,12
18605.jpg,1868,1880,12
18610.jpg,1868,1890,22
18615.jpg,1868,1910,42
18620.jpg,1869,1850,-19
18625.jpg,1869,1868,-1
18630.jpg,1869,1890,21
18635.jpg,1869,1880,11
18640.jpg,1869,1900,31
18645.jpg,1869,1900,31
18650.jpg,1869,1850,-19
18655.jpg,1869,1850,-19
18660.jpg,1869,1850,-19
18665.jpg,1869,1850,-19
18670.jpg,1869,1875,6
18675.jpg,1869,1850,-19
18680.jpg,1869,1880,11
18685.jpg,1869,1900,31
18690.jpg,1869,1885,16
18695.jpg,1869,1870,1
18700.jpg,1869,1875,6
18710.jpg,1869,1890,21
18715.jpg,1869,1880,11
18720.jpg,1869,1880,11
18725.jpg,1869,1910,41
18730.jpg,1869,1875,6
18735.jpg,1869,1920,51
18740.jpg,1869,1900,31
18745.jpg,1869,1890,21
18750.jpg,1869,1875,6
18755.jpg,1869,1850,-19
18760.jpg,1869,1880,11
18765.jpg,1869,1750,-119
18770.jpg,1869,1870,1
18775.jpg,1869,1885,16
18780.jpg,1869,1890,21
18785.jpg,1869,1875,6
18790.jpg,1869,1895,26
18795.jpg,1869,1850,-19
18800.jpg,1869,1880,11
18805.jpg,1869,1920,51
18810.jpg,1869,1880,11
18815.jpg,1869,1880,11
18820.jpg,1869,1920,51
18825.jpg,1869,1910,41
18830.jpg,1869,1920,51
18835.jpg,1869,1920,51
18840.jpg,1870,1800,-70
18845.jpg,1870,20,-1850
18850.jpg,1870,1880,10
18855.jpg,1870,1920,50
18860.jpg,1870,1895,25
18865.jpg,1870,1880,10
18870.jpg,1870,1850,-20
18875.jpg,1870,1960,90
18880.jpg,1870,1920,50
18885.jpg,1870,1750,-120
18895.jpg,1870,1875,5
18900.jpg,1870,1850,-20
18905.jpg,1870,1850,-20
18910.jpg,1870,1880,10
18915.jpg,1870,1890,20
18920.jpg,1870,1880,10
18925.jpg,1870,1870,0
18930.jpg,1870,1900,30
18935.jpg,1870,1920,50
18940.jpg,1870,1890,20
18945.jpg,1870,1960,90
18950.jpg,1870,1850,-20
18955.jpg,1870,1895,25
18960.jpg,1870,1905,35
18965.jpg,1870,1940,70
18970.jpg,1870,1870,0
18980.jpg,1870,1900,30
18985.jpg,1870,1890,20
18990.jpg,1870,1890,20
18995.jpg,1870,1880,10
19000.jpg,1870,1950,80
19005.jpg,1870,1870,0
19010.jpg,1870,1875,5
19015.jpg,1870,1930,60
19020.jpg,1870,1485,-385
19025.jpg,1870,1905,35
19030.jpg,1870,2020,150
19035.jpg,1870,1870,0
19040.jpg,1870,1775,-95
19045.jpg,1870,1880,10
19050.jpg,1870,1850,-20
19055.jpg,1870,1890,20
19060.jpg,1870,1880,10
19065.jpg,1870,1905,35
19070.jpg,1870,1920,50
19075.jpg,1870,1890,20
19080.jpg,1870,1920,50
19085.jpg,1870,1850,-20
19090.jpg,1870,2000,130
19100.jpg,1870,1980,110
19105.jpg,1870,1900,30
19110.jpg,1870,1930,60
19115.jpg,1870,1820,-50
19120.jpg,1870,1890,20
19125.jpg,1870,1910,40
19130.jpg,1870,1870,0
19135.jpg,1870,1985,115
19140.jpg,1870,1900,30
19145.jpg,1871,1850,-21
19150.jpg,1871,1820,-51
19155.jpg,1871,1880,9
19160.jpg,1871,1880,9
19165.jpg,1871,1890,19
19170.jpg,1871,1890,19
19175.jpg,1871,1910,39
19180.jpg,1871,1870,-1
19185.jpg,1871,1920,49
19190.jpg,1871,1850,-21
19195.jpg,1871,1850,-21
19200.jpg,1871,1900,29
19205.jpg,1871,1950,79
19210.jpg,1871,1900,29
19215.jpg,1871,1900,29
19220.jpg,1871,2000,129
19225.jpg,1871,1900,29
19230.jpg,1871,2000,129
19235.jpg,1871,1875,4
19240.jpg,1871,1900,29
19245.jpg,1871,1885,14
19250.jpg,1871,1880,9
19255.jpg,1871,1895,24
19260.jpg,1871,1930,59
19265.jpg,1871,1870,-1
19270.jpg,1871,1880,9
19275.jpg,1871,1890,19
19280.jpg,1871,1850,-21
19285.jpg,1871,1880,9
19290.jpg,1871,1820,-51
19295.jpg,1871,1890,19
19300.jpg,1871,1885,14
19305.jpg,1871,1880,9
19310.jpg,1871,1920,49
19315.jpg,1871,1850,-21
19320.jpg,1871,1875,4
19325.jpg,1871,1910,39
19330.jpg,1871,1875,4
19335.jpg,1871,1880,9
19340.jpg,1871,1890,19
19345.jpg,1871,1875,4
19350.jpg,1871,1875,4
19355.jpg,1871,1890,19
19360.jpg,1871,1900,29
19365.jpg,1871,1900,29
19370.jpg,1871,1870,-1
19375.jpg,1871,1780,-91
19380.jpg,1871,1920,49
19385.jpg,1871,1895,24
19390.jpg,1871,1875,4
19395.jpg,1872,1850,-22
19400.jpg,1872,1905,33
19405.jpg,1872,1890,18
19410.jpg,1872,1900,28
19415.jpg,1872,1870,-2
19420.jpg,1872,1880,8
19425.jpg,1872,1880,8
19430.jpg,1872,1900,28
19435.jpg,1872,1870,-2
19440.jpg,1872,1880,8
19445.jpg,1872,1915,43
19450.jpg,1872,1920,48
19455.jpg,1872,1890,18
19460.jpg,1872,1890,18
19465.jpg,1872,1875,3
19470.jpg,1872,1780,-92
19475.jpg,1872,1910,38
19480.jpg,1872,1850,-22
19485.jpg,1872,1800,-72
19490.jpg,1872,1850,-22
19495.jpg,1872,1850,-22
19500.jpg,1872,1890,18
19505.jpg,1872,1850,-22
19510.jpg,1872,1910,38
19515.jpg,1872,1850,-22
19520.jpg,1872,1880,8
19525.jpg,1872,1890,18
19530.jpg,1872,1880,8
19535.jpg,1872,1870,-2
19540.jpg,1872,1950,78
19545.jpg,1872,1895,23
19550.jpg,1872,1880,8
19555.jpg,1872,1840,-32
19560.jpg,1872,1880,8
19565.jpg,1872,1750,-122
19570.jpg,1872,1890,18
19575.jpg,1872,1820,-52
19580.jpg,1872,1890,18
19585.jpg,1872,1600,-272
19590.jpg,1872,1890,18
19595.jpg,1872,1925,53
19600.jpg,1872,1870,-2
19605.jpg,1872,1870,-2
19610.jpg,1872,1870,-2
19615.jpg,1872,1875,3
19620.jpg,1872,1890,18
19625.jpg,1872,1885,13
19630.jpg,1872,1920,48
19635.jpg,1872,1850,-22
19640.jpg,1872,1880,8
19645.jpg,1872,1880,8
19655.jpg,1873,1750,-123
19660.jpg,1873,1920,47
19665.jpg,1873,1900,27
19670.jpg,1873,1870,-3
19675.jpg,1873,1850,-23
19680.jpg,1873,1850,-23
19685.jpg,1873,1920,47
19690.jpg,1873,2023,150
19695.jpg,1873,1890,17
19700.jpg,1873,1870,-3
19705.jpg,1873,1890,17
19710.jpg,1873,1920,47
19715.jpg,1873,1880,7
19720.jpg,1873,1850,-23
19725.jpg,1873,1850,-23
19730.jpg,1873,1870,-3
19735.jpg,1873,1870,-3
19740.jpg,1873,2015,142
19745.jpg,1873,1880,7
19750.jpg,1873,1870,-3
19755.jpg,1873,1880,7
19760.jpg,1873,1880,7
19765.jpg,1873,1900,27
19775.jpg,1873,1490,-383
19780.jpg,1873,1870,-3
19785.jpg,1873,1880,7
19790.jpg,1873,1880,7
19795.jpg,1873,1870,-3
19800.jpg,1873,1920,47
19805.jpg,1873,1910,37
19810.jpg,1873,1870,-3
19815.jpg,1873,1880,7
19820.jpg,1873,1880,7
19825.jpg,1873,1900,27
19830.jpg,1873,1900,27
19835.jpg,1873,1880,7
19840.jpg,1873,1880,7
19845.jpg,1873,-1,-1874
19850.jpg,1873,1875,2
19855.jpg,1873,1880,7
19860.jpg,1873,1910,37
19865.jpg,1873,1880,7
19870.jpg,1873,1870,-3
19875.jpg,1873,1930,57
19880.jpg,1873,1880,7
19885.jpg,1873,1890,17
19890.jpg,1873,1880,7
19895.jpg,1873,1950,77
19900.jpg,1873,1875,2
19905.jpg,1873,1750,-123
19910.jpg,1873,2015,142
19915.jpg,1874,1870,-4
19920.jpg,1874,1880,6
19925.jpg,1874,1920,46
19930.jpg,1874,1900,26
19935.jpg,1874,1880,6
19945.jpg,1874,1880,6
19950.jpg,1874,1915,41
19955.jpg,1874,1880,6
19965.jpg,1874,1890,16
19970.jpg,1874,1850,-24
19975.jpg,1874,1880,6
19980.jpg,1874,1890,16
19985.jpg,1874,1920,46
19990.jpg,1874,1950,76
19995.jpg,1874,1870,-4
20000.jpg,1874,1980,106
20005.jpg,1874,20,-1854
20010.jpg,1874,1920,46
20015.jpg,1874,1860,-14
20020.jpg,1874,1880,6
20025.jpg,1874,1890,16
20030.jpg,1874,1895,21
20035.jpg,1874,1950,76
20040.jpg,1874,1850,-24
20045.jpg,1874,1920,46
20050.jpg,1874,1890,16
20055.jpg,1874,1880,6
20060.jpg,1874,1890,16
20065.jpg,1874,1885,11
20070.jpg,1874,1890,16
20075.jpg,1874,1875,1
20080.jpg,1874,1780,-94
20085.jpg,1874,1875,1
20090.jpg,1874,1790,-84
20095.jpg,1874,1750,-124
20100.jpg,1874,1880,6
20110.jpg,1874,1880,6
20115.jpg,1874,1875,1
20120.jpg,1874,1900,26
20125.jpg,1874,1890,16
20130.jpg,1874,1750,-124
20135.jpg,1874,1880,6
20145.jpg,1874,1850,-24
20150.jpg,1874,1890,16
20155.jpg,1874,1880,6
20160.jpg,1874,1900,26
20165.jpg,1874,1870,-4
20170.jpg,1874,1880,6
20175.jpg,1874,1650,-224
20180.jpg,1874,20,-1854
20185.jpg,1874,1920,46
20190.jpg,1874,1500,-374
20195.jpg,1874,1890,16
20205.jpg,1874,1850,-24
20210.jpg,1875,1895,20
20215.jpg,1875,1850,-25
20220.jpg,1875,1895,20
20230.jpg,1875,1880,5
20235.jpg,1875,1750,-125
20240.jpg,1875,1900,25
20245.jpg,1875,1850,-25
20250.jpg,1875,1880,5
20255.jpg,1875,1870,-5
20260.jpg,1875,1820,-55
20265.jpg,1875,1885,10
20270.jpg,1875,1890,15
20275.jpg,1875,1900,25
20280.jpg,1875,1915,40
20285.jpg,1875,1890,15
20295.jpg,1875,1850,-25
20300.jpg,1875,1850,-25
20305.jpg,1875,1850,-25
20310.jpg,1875,1850,-25
20315.jpg,1875,1880,5
20320.jpg,1875,1880,5
20325.jpg,1875,1900,25
20330.jpg,1875,1880,5
20335.jpg,1875,1880,5
20340.jpg,1875,1900,25
20345.jpg,1875,1890,15
20350.jpg,1875,1895,20
20355.jpg,1875,1895,20
20360.jpg,1875,1895,20
20365.jpg,1875,1880,5
20370.jpg,1875,1850,-25
20375.jpg,1875,1880,5
20380.jpg,1875,1880,5
20385.jpg,1875,1850,-25
20390.jpg,1875,1870,-5
20395.jpg,1875,1870,-5
20400.jpg,1875,1890,15
20405.jpg,1875,1910,35
20410.jpg,1875,1925,50
20415.jpg,1875,1850,-25
20420.jpg,1875,1875,0
20425.jpg,1875,1880,5
20430.jpg,1875,1925,50
20435.jpg,1875,1200,-675
20440.jpg,1875,1935,60
20445.jpg,1875,1880,5
20450.jpg,1875,1880,5
20455.jpg,1875,1910,35
20460.jpg,1875,1900,25
20465.jpg,1875,1890,15
20470.jpg,1875,1780,-95
20480.jpg,1875,1920,45
20485.jpg,1875,1925,50
20490.jpg,1875,1800,-75
20495.jpg,1875,1880,5
20500.jpg,1876,1750,-126
20505.jpg,1876,1890,14
20510.jpg,1876,1890,14
20515.jpg,1876,1870,-6
20520.jpg,1876,1900,24
20525.jpg,1876,1920,44
20530.jpg,1876,1880,4
20540.jpg,1876,1890,14
20545.jpg,1876,1880,4
20550.jpg,1876,1850,-26
20555.jpg,1876,1850,-26
20560.jpg,1876,1600,-276
20565.jpg,1876,1850,-26
20570.jpg,1876,1950,74
20575.jpg,1876,1850,-26
20580.jpg,1876,1880,4
20585.jpg,1876,1880,4
20590.jpg,1876,1880,4
20595.jpg,1876,1890,14
20600.jpg,1876,1850,-26
20605.jpg,1876,1870,-6
20610.jpg,1876,1920,44
20615.jpg,1876,1880,4
20620.jpg,1876,1900,24
20625.jpg,1876,1920,44
20630.jpg,1876,1950,74
20635.jpg,1876,1890,14
20640.jpg,1876,1955,79
20645.jpg,1876,1870,-6
20650.jpg,1876,1880,4
20655.jpg,1876,1880,4
20660.jpg,1876,1870,-6
20665.jpg,1876,1880,4
20670.jpg,1876,1895,19
20675.jpg,1876,1780,-96
20680.jpg,1876,1850,-26
20685.jpg,1876,1870,-6
20690.jpg,1876,1870,-6
20695.jpg,1876,1850,-26
20700.jpg,1876,1750,-126
20705.jpg,1876,1890,14
20715.jpg,1876,1880,4
20720.jpg,1876,1850,-26
20725.jpg,1876,1870,-6
20730.jpg,1877,1870,-7
20735.jpg,1877,1880,3
20740.jpg,1877,1895,18
20745.jpg,1877,1890,13
20750.jpg,1877,1945,68
20755.jpg,1877,20,-1857
20760.jpg,1877,2010,133
20765.jpg,1877,1870,-7
20770.jpg,1877,1930,53
20775.jpg,1877,1850,-27
20780.jpg,1877,1850,-27
20785.jpg,1877,1910,33
20790.jpg,1877,1850,-27
20795.jpg,1877,1900,23
20800.jpg,1877,1880,3
20805.jpg,1877,1880,3
20810.jpg,1877,1890,13
20815.jpg,1877,1750,-127
20820.jpg,1877,1910,33
20830.jpg,1877,1870,-7
20835.jpg,1877,1890,13
20840.jpg,1877,1870,-7
20845.jpg,1877,1875,-2
20850.jpg,1877,1900,23
20855.jpg,1877,1920,43
20860.jpg,1877,1930,53
20865.jpg,1877,1900,23
20870.jpg,1877,1890,13
20875.jpg,1877,1880,3
20880.jpg,1877,1895,18
20885.jpg,1877,1880,3
20890.jpg,1877,1780,-97
20895.jpg,1877,1800,-77
20900.jpg,1877,1885,8
20905.jpg,1877,1880,3
20910.jpg,1877,1880,3
20915.jpg,1877,1890,13
20925.jpg,1878,1750,-128
20930.jpg,1878,20,-1858
20935.jpg,1878,1875,-3
20940.jpg,1878,1920,42
20945.jpg,1878,1880,2
20950.jpg,1878,1910,32
20955.jpg,1878,1875,-3
20960.jpg,1878,1750,-128
20965.jpg,1878,1980,102
20970.jpg,1878,1850,-28
20975.jpg,1878,1870,-8
20980.jpg,1878,1900,22
20985.jpg,1878,1870,-8
20990.jpg,1878,1930,52
20995.jpg,1878,1850,-28
21000.jpg,1878,1890,12
21005.jpg,1878,1900,22
21010.jpg,1878,1890,12
21015.jpg,1878,1880,2
21020.jpg,1878,1825,-53
21025.jpg,1878,1890,12
21030.jpg,1878,1895,17
21035.jpg,1878,1790,-88
21040.jpg,1878,1890,12
21045.jpg,1878,1790,-88
21050.jpg,1878,1890,12
21055.jpg,1878,1890,12
21060.jpg,1878,1930,52
21065.jpg,1878,1890,12
21070.jpg,1878,1980,102
21075.jpg,1878,1900,22
21080.jpg,1878,1885,7
21085.jpg,1878,1880,2
21090.jpg,1878,1920,42
21095.jpg,1878,1885,7
21100.jpg,1878,1910,32
21105.jpg,1878,1890,12
21110.jpg,1878,1885,7
21115.jpg,1878,1870,-8
21120.jpg,1878,1900,22
21125.jpg,1878,2017,139
21130.jpg,1878,1925,47
21135.jpg,1878,1910,32
21140.jpg,1878,1880,2
21145.jpg,1878,1920,42
21150.jpg,1878,1750,-128
21155.jpg,1878,1900,22
21160.jpg,1879,1950,71
21165.jpg,1879,1875,-4
21170.jpg,1879,1870,-9
21175.jpg,1879,1905,26
21180.jpg,1879,1880,1
21185.jpg,1879,1900,21
21190.jpg,1879,1885,6
21195.jpg,1879,1875,-4
21200.jpg,1879,1875,-4
21205.jpg,1879,1915,36
21210.jpg,1879,1910,31
21215.jpg,1879,1880,1
21220.jpg,1879,1850,-29
21225.jpg,1879,1875,-4
21230.jpg,1879,1850,-29
21235.jpg,1879,1920,41
21240.jpg,1879,1890,11
21245.jpg,1879,1880,1
21250.jpg,1879,1880,1
21255.jpg,1879,1880,1
21260.jpg,1879,1880,1
21265.jpg,1879,1880,1
21270.jpg,1879,1900,21
21275.jpg,1879,1915,36
21280.jpg,1879,1895,16
21285.jpg,1879,1935,56
21290.jpg,1879,1880,1
21295.jpg,1879,1880,1
21300.jpg,1879,1880,1
21305.jpg,1879,1900,21
21310.jpg,1879,1865,-14
21315.jpg,1879,1890,11
21320.jpg,1879,1905,26
21325.jpg,1879,1890,11
21330.jpg,1879,1870,-9
21335.jpg,1879,1790,-89
21340.jpg,1879,1920,41
21350.jpg,1879,1880,1
21355.jpg,1879,16,-1863
21360.jpg,1879,1920,41
21365.jpg,1879,1890,11
21370.jpg,1879,1880,1
21375.jpg,1880,1750,-130
21380.jpg,1880,1900,20
21385.jpg,1880,1920,40
21390.jpg,1880,1780,-100
21395.jpg,1880,1895,15
21400.jpg,1880,1890,10
21405.jpg,1880,1900,20
21410.jpg,1880,1880,0
21415.jpg,1880,1915,35
21420.jpg,1880,1850,-30
21425.jpg,1880,1880,0
21430.jpg,1880,1920,40
21435.jpg,1880,1885,5
21440.jpg,1880,1870,-10
21445.jpg,1880,1880,0
21450.jpg,1880,1790,-90
21455.jpg,1880,1850,-30
21460.jpg,1880,1880,0
21465.jpg,1880,1860,-20
21470.jpg,1880,1850,-30
21475.jpg,1880,1850,-30
21480.jpg,1880,1920,40
21485.jpg,1880,1975,95
21490.jpg,1880,1875,-5
21495.jpg,1880,1880,0
21500.jpg,1880,1830,-50
21505.jpg,1880,1900,20
21510.jpg,1880,1900,20
21515.jpg,1880,1850,-30
21520.jpg,1880,1880,0
21530.jpg,1880,1880,0
21535.jpg,1880,1890,10
21540.jpg,1880,1880,0
21545.jpg,1880,1895,15
21550.jpg,1880,1890,10
21555.jpg,1880,1880,0
21560.jpg,1880,1920,40
21565.jpg,1880,1940,60
21570.jpg,1880,1900,20
21575.jpg,1880,1950,70
21580.jpg,1880,1880,0
21585.jpg,1880,1880,0
21590.jpg,1880,1960,80
21595.jpg,1880,1880,0
21600.jpg,1880,1880,0
21605.jpg,1880,1885,5
21610.jpg,1880,1890,10
21615.jpg,1880,1885,5
21620.jpg,1880,1900,20
21625.jpg,1880,1880,0
21630.jpg,1880,1880,0
21635.jpg,1880,1880,0
21640.jpg,1880,1890,10
21645.jpg,1880,1980,100
21650.jpg,1880,1880,0
21655.jpg,1880,1890,10
21660.jpg,1880,1850,-30
21665.jpg,1880,1590,-290
21670.jpg,1880,1880,0
21675.jpg,1880,1860,-20
21680.jpg,1880,1880,0
21685.jpg,1880,1700,-180
21690.jpg,1880,1890,10
21695.jpg,1880,1920,40
21700.jpg,1880,1900,20
21705.jpg,1880,1750,-130
21710.jpg,1881,1895,14
21715.jpg,1881,1800,-81
21720.jpg,1881,1950,69
21725.jpg,1881,1880,-1
21730.jpg,1881,1880,-1
21735.jpg,1881,1900,19
21740.jpg,1881,1910,29
21745.jpg,1881,1890,9
21750.jpg,1881,1895,14
21755.jpg,1881,1920,39
21760.jpg,1881,1850,-31
21770.jpg,1881,1870,-11
21775.jpg,1881,1890,9
21780.jpg,1881,1890,9
21785.jpg,1881,1890,9
21790.jpg,1881,1885,4
21795.jpg,1881,1890,9
21800.jpg,1881,1890,9
21805.jpg,1881,1870,-11
21810.jpg,1881,1890,9
21815.jpg,1881,1880,-1
21820.jpg,1881,1790,-91
21825.jpg,1881,1895,14
21830.jpg,1881,1860,-21
21835.jpg,1881,1880,-1
21840.jpg,1881,1870,-11
21845.jpg,1881,1920,39
21850.jpg,1881,1880,-1
21855.jpg,1881,1890,9
21860.jpg,1881,1880,-1
21865.jpg,1881,1880,-1
21870.jpg,1881,1900,19
21875.jpg,1881,1880,-1
21880.jpg,1881,1835,-46
21885.jpg,1881,20,-1861
21890.jpg,1881,1920,39
21895.jpg,1881,1885,4
21900.jpg,1881,1875,-6
21905.jpg,1881,1880,-1
21910.jpg,1881,1880,-1
21915.jpg,1881,1680,-201
21920.jpg,1881,1875,-6
21925.jpg,1881,1945,64
21930.jpg,1881,1750,-131
21940.jpg,1881,1920,39
21945.jpg,1882,1850,-32
21950.jpg,1882,1925,43
21955.jpg,1882,1910,28
21960.jpg,1882,1880,-2
21965.jpg,1882,1915,33
21970.jpg,1882,1890,8
21975.jpg,1882,1885,3
21980.jpg,1882,1900,18
21985.jpg,1882,1880,-2
21990.jpg,1882,1895,13
21995.jpg,1882,1900,18
22000.jpg,1882,1820,-62
22005.jpg,1882,1860,-22
22010.jpg,1882,1850,-32
22015.jpg,1882,1945,63
22020.jpg,1882,1890,8
22025.jpg,1882,1895,13
22030.jpg,1882,1875,-7
22035.jpg,1882,1890,8
22040.jpg,1882,1890,8
22045.jpg,1882,1880,-2
22050.jpg,1882,1890,8
22055.jpg,1882,1880,-2
22060.jpg,1882,1870,-12
22065.jpg,1882,1830,-52
22070.jpg,1882,1890,8
22075.jpg,1882,1850,-32
22080.jpg,1882,1900,18
22085.jpg,1882,1880,-2
22090.jpg,1882,1880,-2
22095.jpg,1882,1890,8
22100.jpg,1882,1920,38
22105.jpg,1882,1895,13
22110.jpg,1882,1930,48
22115.jpg,1882,1880,-2
22120.jpg,1882,1930,48
22125.jpg,1882,1895,13
22130.jpg,1882,1890,8
22135.jpg,1882,1885,3
22140.jpg,1882,1800,-82
22145.jpg,1882,1970,88
22150.jpg,1882,1920,38
22155.jpg,1882,1975,93
22160.jpg,1882,1880,-2
22165.jpg,1882,20,-1862
22170.jpg,1882,1850,-32
22175.jpg,1882,1900,18
22180.jpg,1882,1900,18
22185.jpg,1882,1870,-12
22190.jpg,1882,1890,8
22195.jpg,1882,1850,-32
22200.jpg,1882,1900,18
22205.jpg,1882,1880,-2
22210.jpg,1882,1885,3
22215.jpg,1883,1800,-83
22220.jpg,1883,1900,17
22225.jpg,1883,1910,27
22230.jpg,1883,1890,7
22235.jpg,1883,1880,-3
22240.jpg,1883,1880,-3
22245.jpg,1883,1885,2
22250.jpg,1883,1875,-8
22255.jpg,1883,1820,-63
22260.jpg,1883,1880,-3
22265.jpg,1883,1925,42
22270.jpg,1883,1920,37
22275.jpg,1883,1920,37
22280.jpg,1883,1650,-233
22285.jpg,1883,1890,7
22290.jpg,1883,1820,-63
22295.jpg,1883,1850,-33
22300.jpg,1883,1880,-3
22305.jpg,1883,1850,-33
22310.jpg,1883,1920,37
22315.jpg,1883,1880,-3
22320.jpg,1883,1880,-3
22325.jpg,1883,1900,17
22330.jpg,1883,1880,-3
22335.jpg,1883,1905,22
22340.jpg,1883,1880,-3
22345.jpg,1883,1880,-3
22350.jpg,1883,1890,7
22355.jpg,1883,1905,22
22360.jpg,1883,1880,-3
22365.jpg,1883,20,-1863
22370.jpg,1883,1895,12
22375.jpg,1883,1875,-8
22380.jpg,1883,1880,-3
22385.jpg,1883,1925,42
22390.jpg,1883,1915,32
22395.jpg,1883,1920,37
22400.jpg,1883,1890,7
22405.jpg,1883,1890,7
22410.jpg,1883,1895,12
22415.jpg,1883,1875,-8
22420.jpg,1883,1870,-13
22425.jpg,1883,1880,-3
22430.jpg,1883,1885,2
22435.jpg,1883,1880,-3
22440.jpg,1883,1900,17
22445.jpg,1883,1880,-3
22450.jpg,1883,1880,-3
22455.jpg,1883,1885,2
22460.jpg,1883,1900,17
22465.jpg,1883,1910,27
22470.jpg,1883,19,-1864
22475.jpg,1883,1890,7
22485.jpg,1883,1900,17
22490.jpg,1883,1945,62
22495.jpg,1883,1875,-8
22500.jpg,1883,1920,37
22505.jpg,1883,1870,-13
22510.jpg,1884,1880,-4
22515.jpg,1884,1780,-104
22520.jpg,1884,1930,46
22525.jpg,1884,1890,6
22530.jpg,1884,1900,16
22535.jpg,1884,1880,-4
22540.jpg,1884,1870,-14
22545.jpg,1884,1880,-4
22550.jpg,1884,1920,36
22555.jpg,1884,1915,31
22560.jpg,1884,1900,16
22565.jpg,1884,1880,-4
22570.jpg,1884,1850,-34
22575.jpg,1884,1915,31
22580.jpg,1884,1950,66
22585.jpg,1884,1880,-4
22590.jpg,1884,1895,11
22595.jpg,1884,1850,-34
22600.jpg,1884,1880,-4
22605.jpg,1884,20,-1864
22610.jpg,1884,1900,16
22615.jpg,1884,1880,-4
22620.jpg,1884,1905,21
22625.jpg,1884,1875,-9
22630.jpg,1884,1870,-14
22635.jpg,1884,1890,6
22640.jpg,1884,1870,-14
22645.jpg,1884,1880,-4
22650.jpg,1884,1880,-4
22655.jpg,1884,1925,41
22665.jpg,1884,1950,66
22670.jpg,1884,1870,-14
22675.jpg,1884,1900,16
22680.jpg,1884,1980,96
22685.jpg,1884,1880,-4
22690.jpg,1884,1870,-14
22695.jpg,1884,1880,-4
22700.jpg,1884,1900,16
22705.jpg,1884,1870,-14
22710.jpg,1884,1925,41
22715.jpg,1884,1880,-4
22720.jpg,1884,1895,11
22730.jpg,1884,1880,-4
22735.jpg,1884,1885,1
22740.jpg,1884,2020,136
22745.jpg,1884,1890,6
22750.jpg,1884,1910,26
22755.jpg,1884,1750,-134
22760.jpg,1884,1870,-14
22765.jpg,1884,1880,-4
22770.jpg,1884,1880,-4
22775.jpg,1884,1900,16
22780.jpg,1885,1895,10
22785.jpg,1885,1890,5
22790.jpg,1885,1875,-10
22795.jpg,1885,1750,-135
22800.jpg,1885,1870,-15
22805.jpg,1885,1880,-5
22810.jpg,1885,1890,5
22815.jpg,1885,1875,-10
22820.jpg,1885,1900,15
22825.jpg,1885,1950,65
22830.jpg,1885,1985,100
22835.jpg,1885,1980,95
22840.jpg,1885,1850,-35
22850.jpg,1885,1900,15
22855.jpg,1885,1980,95
22860.jpg,1885,1880,-5
22865.jpg,1885,1890,5
22870.jpg,1885,1890,5
22875.jpg,1885,1900,15
22880.jpg,1885,1880,-5
22885.jpg,1885,1880,-5
22890.jpg,1885,1955,70
22895.jpg,1885,1890,5
22900.jpg,1885,1900,15
22905.jpg,1885,1895,10
22910.jpg,1885,1850,-35
22915.jpg,1885,1880,-5
22920.jpg,1885,1900,15
22925.jpg,1885,1890,5
22930.jpg,1885,1890,5
22935.jpg,1885,1870,-15
22940.jpg,1885,1885,0
22945.jpg,1885,1880,-5
22950.jpg,1885,1910,25
22955.jpg,1885,1880,-5
22960.jpg,1885,1950,65
22965.jpg,1885,1900,15
22970.jpg,1885,1880,-5
22975.jpg,1885,1850,-35
22980.jpg,1885,1900,15
22985.jpg,1885,1780,-105
22990.jpg,1885,1890,5
22995.jpg,1885,1895,10
23000.jpg,1885,1850,-35
23005.jpg,1885,1895,10
23015.jpg,1885,1820,-65
23020.jpg,1885,1880,-5
23025.jpg,1885,1870,-15
23030.jpg,1885,20,-1865
23035.jpg,1885,1910,25
23040.jpg,1885,1865,-20
23045.jpg,1885,1780,-105
23050.jpg,1885,1930,45
23055.jpg,1885,1860,-25
23060.jpg,1885,1890,5
23065.jpg,1885,1895,10
23070.jpg,1885,1880,-5
23075.jpg,1885,-1,-1886
23080.jpg,1885,1880,-5
23085.jpg,1886,1920,34
23090.jpg,1886,1880,-6
23095.jpg,1886,1880,-6
23100.jpg,1886,1880,-6
23105.jpg,1886,1880,-6
23110.jpg,1886,1200,-686
23115.jpg,1886,1910,24
23120.jpg,1886,1890,4
23125.jpg,1886,2000,114
23130.jpg,1886,1980,94
23135.jpg,1886,2020,134
23140.jpg,1886,2000,114
23145.jpg,1886,1850,-36
23150.jpg,1886,1900,14
23155.jpg,1886,1850,-36
23160.jpg,1886,1890,4
23165.jpg,1886,1870,-16
23170.jpg,1886,1880,-6
23175.jpg,1886,1950,64
23180.jpg,1886,1890,4
23185.jpg,1886,1955,69
23190.jpg,1886,1875,-11
23195.jpg,1886,1880,-6
23200.jpg,1886,1920,34
23205.jpg,1886,1880,-6
23210.jpg,1886,1890,4
23215.jpg,1886,1890,4
23220.jpg,1886,1890,4
23225.jpg,1886,1880,-6
23230.jpg,1886,1910,24
23235.jpg,1886,1880,-6
23240.jpg,1886,1900,14
23245.jpg,1886,1875,-11
23250.jpg,1886,1900,14
23255.jpg,1886,1900,14
23260.jpg,1886,1905,19
23265.jpg,1886,1915,29
23275.jpg,1886,1895,9
23280.jpg,1886,1890,4
23285.jpg,1886,1890,4
23290.jpg,1886,2010,124
23295.jpg,1886,1900,14
23300.jpg,1886,1900,14
23305.jpg,1886,1850,-36
23310.jpg,1886,1850,-36
23315.jpg,1886,1875,-11
23320.jpg,1886,1890,4
23325.jpg,1886,1910,24
23330.jpg,1886,1880,-6
23335.jpg,1886,1880,-6
23340.jpg,1886,1925,39
23345.jpg,1886,1860,-26
23350.jpg,1886,1895,9
23355.jpg,1886,1890,4
23365.jpg,1886,20,-1866
23370.jpg,1886,1895,9
23375.jpg,1887,1950,63
23380.jpg,1887,1940,53
23385.jpg,1887,1900,13
23390.jpg,1887,1880,-7
23395.jpg,1887,1890,3
23400.jpg,1887,1890,3
23410.jpg,1887,1870,-17
23415.jpg,1887,1870,-17
23420.jpg,1887,20,-1867
23425.jpg,1887,1900,13
23430.jpg,1887,1880,-7
23440.jpg,1887,1860,-27
23445.jpg,1887,1920,33
23450.jpg,1887,1800,-87
23460.jpg,1887,1890,3
23465.jpg,1887,1870,-17
23470.jpg,1887,1900,13
23475.jpg,1887,1900,13
23480.jpg,1887,1875,-12
23485.jpg,1887,1890,3
23490.jpg,1887,1880,-7
23495.jpg,1887,1895,8
23500.jpg,1887,1895,8
23505.jpg,1887,1880,-7
23510.jpg,1887,1880,-7
23515.jpg,1887,1905,18
23520.jpg,1887,1880,-7
23525.jpg,1887,1895,8
23535.jpg,1887,1890,3
23540.jpg,1887,1880,-7
23545.jpg,1887,1890,3
23550.jpg,1887,1880,-7
23555.jpg,1887,1920,33
23560.jpg,1887,1920,33
23565.jpg,1887,1880,-7
23570.jpg,1887,1880,-7
23575.jpg,1887,1895,8
23580.jpg,1887,1880,-7
23585.jpg,1887,1885,-2
23590.jpg,1887,2000,113
23595.jpg,1887,1900,13
23600.jpg,1887,1900,13
23605.jpg,1887,1890,3
23610.jpg,1887,1900,13
23615.jpg,1887,1910,23
23620.jpg,1887,1880,-7
23625.jpg,1887,1890,3
23630.jpg,1887,1880,-7
23635.jpg,1887,1890,3
23640.jpg,1887,1930,43
23645.jpg,1887,1880,-7
23650.jpg,1887,1885,-2
23660.jpg,1887,1885,-2
23665.jpg,1887,1890,3
23670.jpg,1887,1870,-17
23675.jpg,1887,1905,18
23680.jpg,1887,1950,63
23690.jpg,1887,1880,-7
23695.jpg,1887,1880,-7
23700.jpg,1888,1650,-238
23705.jpg,1888,1910,22
23710.jpg,1888,1925,37
23715.jpg,1888,1850,-38
23720.jpg,1888,1960,72
23725.jpg,1888,1870,-18
23730.jpg,1888,1905,17
23735.jpg,1888,1920,32
23740.jpg,1888,1885,-3
23745.jpg,1888,1880,-8
23750.jpg,1888,1890,2
23755.jpg,1888,1900,12
23760.jpg,1888,1860,-28
23765.jpg,1888,1880,-8
23770.jpg,1888,1890,2
23775.jpg,1888,1890,2
23790.jpg,1888,1880,-8
23795.jpg,1888,1890,2
23800.jpg,1888,1880,-8
23805.jpg,1888,1880,-8
23810.jpg,1888,1820,-68
23815.jpg,1888,1890,2
23820.jpg,1888,1870,-18
23825.jpg,1888,1890,2
23830.jpg,1888,1910,22
23835.jpg,1888,1870,-18
23840.jpg,1888,1890,2
23850.jpg,1888,1905,17
23855.jpg,1888,1890,2
23860.jpg,1888,1900,12
23865.jpg,1888,1880,-8
23870.jpg,1888,1830,-58
23875.jpg,1888,1900,12
23880.jpg,1888,1900,12
23885.jpg,1888,1870,-18
23890.jpg,1888,1880,-8
23895.jpg,1888,1880,-8
23900.jpg,1888,1880,-8
23905.jpg,1888,1870,-18
23910.jpg,1888,20,-1868
23915.jpg,1888,1890,2
23920.jpg,1888,1870,-18
23925.jpg,1888,1880,-8
23930.jpg,1888,1870,-18
23935.jpg,1888,1950,62
23940.jpg,1888,1880,-8
23945.jpg,1888,1880,-8
23950.jpg,1888,1900,12
23955.jpg,1888,1880,-8
23960.jpg,1888,1880,-8
23965.jpg,1888,1790,-98
23970.jpg,1888,1820,-68
23975.jpg,1888,1890,2
23980.jpg,1888,1885,-3
23985.jpg,1888,1910,22
23990.jpg,1888,1875,-13
23995.jpg,1888,1880,-8
24000.jpg,1888,1880,-8
24005.jpg,1888,1895,7
24010.jpg,1888,2010,122
24015.jpg,1888,1920,32
24020.jpg,1888,1890,2
24025.jpg,1888,1905,17
24030.jpg,1888,1895,7
24035.jpg,1888,16,-1872
24040.jpg,1888,1995,107
24050.jpg,1889,1910,21
24055.jpg,1889,1850,-39
24060.jpg,1889,1910,21
24065.jpg,1889,1890,1
24070.jpg,1889,1880,-9
24075.jpg,1889,1920,31
24080.jpg,1889,1880,-9
24085.jpg,1889,1880,-9
24090.jpg,1889,1880,-9
24095.jpg,1889,1880,-9
24105.jpg,1889,1880,-9
24110.jpg,1889,1890,1
24115.jpg,1889,1900,11
24120.jpg,1889,1890,1
24125.jpg,1889,1890,1
24130.jpg,1889,1900,11
24135.jpg,1889,1850,-39
24140.jpg,1889,1930,41
24145.jpg,1889,1870,-19
24150.jpg,1889,1950,61
24155.jpg,1889,1890,1
24160.jpg,1889,1910,21
24165.jpg,1889,1880,-9
24170.jpg,1889,1905,16
24175.jpg,1889,1850,-39
24180.jpg,1889,1880,-9
24185.jpg,1889,1850,-39
24190.jpg,1889,1880,-9
24195.jpg,1889,1900,11
24200.jpg,1889,1910,21
24205.jpg,1889,1900,11
24210.jpg,1889,1880,-9
24215.jpg,1889,1900,11
24220.jpg,1889,1885,-4
24225.jpg,1889,1900,11
24230.jpg,1889,1880,-9
24235.jpg,1889,1895,6
24240.jpg,1889,1890,1
24245.jpg,1889,1920,31
24250.jpg,1889,1880,-9
24255.jpg,1889,1880,-9
24260.jpg,1889,1880,-9
24265.jpg,1889,1890,1
24270.jpg,1889,1880,-9
24275.jpg,1889,1880,-9
24280.jpg,1889,1900,11
24285.jpg,1889,1880,-9
24290.jpg,1889,1890,1
24295.jpg,1889,1880,-9
24300.jpg,1889,1890,1
24310.jpg,1889,1890,1
24315.jpg,1889,1850,-39
24320.jpg,1889,1880,-9
24330.jpg,1889,1920,31
24335.jpg,1889,1980,91
24340.jpg,1889,1890,1
24345.jpg,1889,1880,-9
24350.jpg,1889,1880,-9
24355.jpg,1889,1875,-14
24360.jpg,1889,2000,111
24365.jpg,1889,1875,-14
24370.jpg,1889,1890,1
24375.jpg,1889,1890,1
24380.jpg,1889,1900,11
24385.jpg,1889,1885,-4
24390.jpg,1889,1880,-9
24395.jpg,1890,1750,-140
24400.jpg,1890,1880,-10
24405.jpg,1890,1925,35
24410.jpg,1890,1800,-90
24415.jpg,1890,1910,20
24420.jpg,1890,1790,-100
24425.jpg,1890,1890,0
24430.jpg,1890,1890,0
24435.jpg,1890,1900,10
24440.jpg,1890,1885,-5
24445.jpg,1890,1945,55
24450.jpg,1890,1880,-10
24455.jpg,1890,1880,-10
24460.jpg,1890,1890,0
24465.jpg,1890,1915,25
24470.jpg,1890,1920,30
24475.jpg,1890,1880,-10
24480.jpg,1890,1890,0
24485.jpg,1890,1890,0
24490.jpg,1890,1930,40
24495.jpg,1890,1850,-40
24500.jpg,1890,1850,-40
24505.jpg,1890,1890,0
24510.jpg,1890,20,-1870
24515.jpg,1890,20,-1870
24520.jpg,1890,20,-1870
24525.jpg,1890,1920,30
24535.jpg,1890,1900,10
24540.jpg,1890,1890,0
24545.jpg,1890,1900,10
24550.jpg,1890,1890,0
24555.jpg,1890,1895,5
24560.jpg,1890,1890,0
24565.jpg,1890,1890,0
24570.jpg,1890,1880,-10
24575.jpg,1890,1880,-10
24580.jpg,1890,1920,30
24585.jpg,1890,1880,-10
24590.jpg,1890,1905,15
24595.jpg,1890,20,-1870
24600.jpg,1890,1885,-5
24605.jpg,1890,1890,0
24610.jpg,1890,1880,-10
24615.jpg,1890,1910,20
24620.jpg,1890,1880,-10
24625.jpg,1890,1885,-5
24630.jpg,1890,1885,-5
24635.jpg,1890,1905,15
24640.jpg,1890,1870,-20
24645.jpg,1890,1880,-10
24650.jpg,1890,1890,0
24655.jpg,1890,1880,-10
24660.jpg,1890,1900,10
24665.jpg,1890,1880,-10
24670.jpg,1890,1900,10
24675.jpg,1890,1890,0
24680.jpg,1890,1920,30
24685.jpg,1890,1900,10
24690.jpg,1890,1895,5
24695.jpg,1890,1880,-10
24700.jpg,1890,1890,0
24705.jpg,1890,2015,125
24710.jpg,1890,1925,35
24715.jpg,1890,1880,-10
24720.jpg,1890,1880,-10
24725.jpg,1890,1850,-40
24730.jpg,1890,1950,60
24735.jpg,1890,1910,20
24740.jpg,1890,1915,25
24745.jpg,1890,1580,-310
24750.jpg,1890,2010,120
24755.jpg,1890,1895,5
24760.jpg,1890,1880,-10
24765.jpg,1890,1920,30
24770.jpg,1890,1910,20
24775.jpg,1891,20,-1871
24780.jpg,1891,1915,24
24785.jpg,1891,1870,-21
24790.jpg,1891,1915,24
24795.jpg,1891,1880,-11
24800.jpg,1891,1935,44
24805.jpg,1891,1910,19
24810.jpg,1891,1925,34
24815.jpg,1891,1850,-41
24820.jpg,1891,1890,-1
24825.jpg,1891,1910,19
24830.jpg,1891,1905,14
24835.jpg,1891,1880,-11
24840.jpg,1891,1870,-21
24845.jpg,1891,1915,24
24850.jpg,1891,1980,89
24855.jpg,1891,2015,124
24860.jpg,1891,1890,-1
24865.jpg,1891,1870,-21
24870.jpg,1891,1980,89
24875.jpg,1891,1870,-21
24880.jpg,1891,1900,9
24885.jpg,1891,1890,-1
24890.jpg,1891,1880,-11
24895.jpg,1891,1880,-11
24900.jpg,1891,1890,-1
24905.jpg,1891,1880,-11
24910.jpg,1891,1890,-1
24915.jpg,1891,1910,19
24920.jpg,1891,1880,-11
24925.jpg,1891,1860,-31
24930.jpg,1891,1935,44
24935.jpg,1891,1880,-11
24940.jpg,1891,1895,4
24945.jpg,1891,19,-1872
24950.jpg,1891,1870,-21
24955.jpg,1891,1870,-21
24960.jpg,1891,1900,9
24965.jpg,1891,1890,-1
24970.jpg,1891,1905,14
24975.jpg,1891,1890,-1
24980.jpg,1891,1880,-11
24985.jpg,1891,1910,19
24990.jpg,1891,1880,-11
24995.jpg,1891,1880,-11
25000.jpg,1891,1905,14
25005.jpg,1891,1880,-11
25010.jpg,1891,1890,-1
25015.jpg,1891,1880,-11
25020.jpg,1891,1880,-11
25025.jpg,1891,1950,59
25030.jpg,1891,1900,9
25035.jpg,1891,1100,-791
25040.jpg,1891,1880,-11
25045.jpg,1891,1900,9
25050.jpg,1891,1900,9
25055.jpg,1891,1930,39
25060.jpg,1891,1880,-11
25065.jpg,1891,1850,-41
25070.jpg,1891,1880,-11
25075.jpg,1891,1890,-1
25080.jpg,1891,1890,-1
25085.jpg,1891,1890,-1
25090.jpg,1891,1920,29
25095.jpg,1892,1905,13
25100.jpg,1892,2005,113
25105.jpg,1892,1980,88
25115.jpg,1892,1875,-17
25120.jpg,1892,1890,-2
25125.jpg,1892,1880,-12
25130.jpg,1892,20,-1872
25135.jpg,1892,2000,108
25140.jpg,1892,1905,13
25145.jpg,1892,1890,-2
25150.jpg,1892,1928,36
25155.jpg,1892,1895,3
25160.jpg,1892,2000,108
25165.jpg,1892,1900,8
25170.jpg,1892,1915,23
25175.jpg,1892,1915,23
25180.jpg,1892,2015,123
25185.jpg,1892,1880,-12
25190.jpg,1892,1880,-12
25195.jpg,1892,1920,28
25205.jpg,1892,1880,-12
25210.jpg,1892,1890,-2
25215.jpg,1892,1880,-12
25220.jpg,1892,1890,-2
25225.jpg,1892,1770,-122
25230.jpg,1892,1870,-22
25235.jpg,1892,1895,3
25240.jpg,1892,1880,-12
25245.jpg,1892,1880,-12
25250.jpg,1892,1880,-12
25255.jpg,1892,1900,8
25260.jpg,1892,1890,-2
25265.jpg,1892,1885,-7
25270.jpg,1892,1880,-12
25275.jpg,1892,1880,-12
25280.jpg,1892,1875,-17
25285.jpg,1892,1910,18
25290.jpg,1892,1880,-12
25295.jpg,1892,1880,-12
25300.jpg,1892,1905,13
25305.jpg,1892,1970,78
25310.jpg,1892,1890,-2
25315.jpg,1892,1895,3
25320.jpg,1892,1890,-2
25325.jpg,1892,1900,8
25330.jpg,1892,1920,28
25335.jpg,1892,1880,-12
25340.jpg,1892,19,-1873
25345.jpg,1892,1920,28
25350.jpg,1892,1895,3
25355.jpg,1892,1890,-2
25360.jpg,1892,1900,8
25365.jpg,1892,1890,-2
25370.jpg,1892,1895,3
25375.jpg,1892,1875,-17
25380.jpg,1892,1880,-12
25385.jpg,1892,1905,13
25390.jpg,1892,1900,8
25395.jpg,1892,1930,38
25400.jpg,1892,1930,38
25405.jpg,1892,1910,18
25410.jpg,1892,1890,-2
25415.jpg,1892,1920,28
25420.jpg,1892,1900,8
25425.jpg,1892,1880,-12
25430.jpg,1892,1880,-12
25435.jpg,1892,1895,3
25440.jpg,1892,1890,-2
25445.jpg,1892,1880,-12
25450.jpg,1892,1890,-2
25455.jpg,1892,1885,-7
25460.jpg,1892,1880,-12
25465.jpg,1893,1650,-243
25470.jpg,1893,1865,-28
25475.jpg,1893,1895,2
25480.jpg,1893,1800,-93
25490.jpg,1893,1930,37
25495.jpg,1893,1880,-13
25500.jpg,1893,1870,-23
25505.jpg,1893,1895,2
25510.jpg,1893,1935,42
25515.jpg,1893,1880,-13
25520.jpg,1893,1890,-3
25525.jpg,1893,1880,-13
25530.jpg,1893,1915,22
25535.jpg,1893,1925,32
25540.jpg,1893,1910,17
25545.jpg,1893,1900,7
25555.jpg,1893,1870,-23
25560.jpg,1893,1890,-3
25565.jpg,1893,1880,-13
25570.jpg,1893,1940,47
25575.jpg,1893,1890,-3
25580.jpg,1893,1910,17
25585.jpg,1893,1885,-8
25590.jpg,1893,1920,27
25595.jpg,1893,1880,-13
25600.jpg,1893,1890,-3
25605.jpg,1893,1880,-13
25610.jpg,1893,1900,7
25615.jpg,1893,1890,-3
25620.jpg,1893,1910,17
25625.jpg,1893,1885,-8
25630.jpg,1893,1905,12
25635.jpg,1893,1895,2
25640.jpg,1893,1915,22
25645.jpg,1893,1890,-3
25650.jpg,1893,1880,-13
25655.jpg,1893,1905,12
25660.jpg,1893,1870,-23
25665.jpg,1893,1890,-3
25670.jpg,1893,1880,-13
25675.jpg,1893,1890,-3
25680.jpg,1893,1590,-303
25685.jpg,1893,1820,-73
25690.jpg,1893,1905,12
25695.jpg,1893,1895,2
25700.jpg,1893,1870,-23
25705.jpg,1893,1910,17
25710.jpg,1893,1900,7
25715.jpg,1893,1850,-43
25720.jpg,1893,1930,37
25725.jpg,1893,1895,2
25730.jpg,1893,1880,-13
25740.jpg,1893,1885,-8
25745.jpg,1893,1890,-3
25750.jpg,1893,1905,12
25755.jpg,1893,1885,-8
25760.jpg,1893,1870,-23
25765.jpg,1893,1935,42
25770.jpg,1893,1925,32
25775.jpg,1893,1900,7
25780.jpg,1893,1895,2
25785.jpg,1893,1900,7
25795.jpg,1893,1880,-13
25800.jpg,1893,1880,-13
25805.jpg,1894,1870,-24
25810.jpg,1894,1900,6
25815.jpg,1894,1895,1
25820.jpg,1894,1910,16
25825.jpg,1894,1880,-14
25830.jpg,1894,1880,-14
25835.jpg,1894,1880,-14
25840.jpg,1894,1890,-4
25845.jpg,1894,1895,1
25850.jpg,1894,1920,26
25855.jpg,1894,1890,-4
25860.jpg,1894,1890,-4
25865.jpg,1894,1850,-44
25870.jpg,1894,1875,-19
25875.jpg,1894,1880,-14
25880.jpg,1894,1980,86
25885.jpg,1894,1850,-44
25890.jpg,1894,1890,-4
25895.jpg,1894,1930,36
25900.jpg,1894,1890,-4
25905.jpg,1894,1875,-19
25910.jpg,1894,1920,26
25915.jpg,1894,1870,-24
25920.jpg,1894,1880,-14
25925.jpg,1894,1890,-4
25930.jpg,1894,1920,26
25935.jpg,1894,1880,-14
25940.jpg,1894,1890,-4
25945.jpg,1894,1875,-19
25950.jpg,1894,1880,-14
25955.jpg,1894,1890,-4
25960.jpg,1894,1870,-24
25965.jpg,1894,1900,6
25970.jpg,1894,1920,26
25975.jpg,1894,1890,-4
25980.jpg,1894,1880,-14
25985.jpg,1894,1910,16
25990.jpg,1894,1895,1
25995.jpg,1894,1880,-14
26000.jpg,1894,1910,16
26005.jpg,1894,1895,1
26010.jpg,1894,1890,-4
26015.jpg,1894,1910,16
26020.jpg,1894,1970,76
26025.jpg,1894,1900,6
26030.jpg,1894,1870,-24
26035.jpg,1894,1880,-14
26040.jpg,1894,1890,-4
26045.jpg,1894,1875,-19
26050.jpg,1894,1850,-44
26055.jpg,1894,1880,-14
26060.jpg,1894,1925,31
26065.jpg,1894,1890,-4
26070.jpg,1894,1920,26
26075.jpg,1894,1870,-24
26085.jpg,1894,1880,-14
26090.jpg,1894,1900,6
26095.jpg,1894,200,-1694
26100.jpg,1894,1915,21
26105.jpg,1894,1880,-14
26110.jpg,1894,1910,16
26115.jpg,1894,1920,26
26120.jpg,1894,1915,21
26125.jpg,1895,20,-1875
26130.jpg,1895,2010,115
26135.jpg,1895,1880,-15
26140.jpg,1895,1910,15
26145.jpg,1895,1910,15
26150.jpg,1895,1870,-25
26155.jpg,1895,1910,15
26160.jpg,1895,2000,105
26165.jpg,1895,1900,5
26170.jpg,1895,1900,5
26175.jpg,1895,1920,25
26180.jpg,1895,2000,105
26185.jpg,1895,1900,5
26190.jpg,1895,1890,-5
26195.jpg,1895,1930,35
26200.jpg,1895,1890,-5
26205.jpg,1895,1850,-45
26210.jpg,1895,1850,-45
26215.jpg,1895,1850,-45
26220.jpg,1895,1895,0
26225.jpg,1895,1895,0
26230.jpg,1895,1890,-5
26235.jpg,1895,1920,25
26240.jpg,1895,1870,-25
26245.jpg,1895,1650,-245
26250.jpg,1895,1905,10
26255.jpg,1895,1900,5
26260.jpg,1895,1905,10
26265.jpg,1895,1910,15
26270.jpg,1895,1880,-15
26275.jpg,1895,1875,-20
26280.jpg,1895,1890,-5
26285.jpg,1895,1875,-20
26290.jpg,1895,1880,-15
26295.jpg,1895,1880,-15
26300.jpg,1895,1880,-15
26305.jpg,1895,1890,-5
26310.jpg,1895,1880,-15
26315.jpg,1895,1880,-15
26320.jpg,1895,1875,-20
26325.jpg,1895,1900,5
26330.jpg,1895,1890,-5
26335.jpg,1895,1880,-15
26340.jpg,1895,1880,-15
26345.jpg,1895,10000,8105
26350.jpg,1895,1900,5
26355.jpg,1895,1900,5
26360.jpg,1895,1885,-10
26365.jpg,1895,1895,0
26370.jpg,1895,1890,-5
26375.jpg,1895,1890,-5
26380.jpg,1895,1890,-5
26385.jpg,1895,1850,-45
26390.jpg,1895,1880,-15
26395.jpg,1895,1890,-5
26405.jpg,1895,1910,15
26410.jpg,1895,1880,-15
26415.jpg,1895,1880,-15
26420.jpg,1895,2020,125
26425.jpg,1895,1890,-5
26430.jpg,1895,1900,5
26435.jpg,1895,1900,5
26440.jpg,1895,1900,5
26445.jpg,1895,1900,5
26450.jpg,1895,1910,15
26455.jpg,1895,1900,5
26460.jpg,1895,1870,-25
26465.jpg,1895,1890,-5
26470.jpg,1895,1895,0
26475.jpg,1895,1895,0
26480.jpg,1895,1900,5
26485.jpg,1895,1880,-15
26490.jpg,1896,1895,-1
26495.jpg,1896,1910,14
26500.jpg,1896,1890,-6
26505.jpg,1896,1890,-6
26510.jpg,1896,1905,9
26515.jpg,1896,1910,14
26520.jpg,1896,1890,-6
26525.jpg,1896,1910,14
26530.jpg,1896,1930,34
26535.jpg,1896,1890,-6
26540.jpg,1896,1880,-16
26545.jpg,1896,1900,4
26550.jpg,1896,1980,84
26555.jpg,1896,2015,119
26560.jpg,1896,1860,-36
26565.jpg,1896,1925,29
26570.jpg,1896,1950,54
26575.jpg,1896,1920,24
26580.jpg,1896,1880,-16
26585.jpg,1896,1850,-46
26590.jpg,1896,1890,-6
26595.jpg,1896,1900,4
26600.jpg,1896,1915,19
26605.jpg,1896,1880,-16
26610.jpg,1896,1900,4
26620.jpg,1896,1880,-16
26625.jpg,1896,1875,-21
26630.jpg,1896,1900,4
26635.jpg,1896,1905,9
26640.jpg,1896,1890,-6
26645.jpg,1896,1890,-6
26650.jpg,1896,1900,4
26655.jpg,1896,1915,19
26665.jpg,1896,1880,-16
26670.jpg,1896,1900,4
26675.jpg,1896,1900,4
26680.jpg,1896,1890,-6
26685.jpg,1896,1900,4
26690.jpg,1896,1920,24
26695.jpg,1896,1905,9
26700.jpg,1896,1880,-16
26705.jpg,1896,1905,9
26710.jpg,1896,1880,-16
26715.jpg,1896,1905,9
26720.jpg,1896,1920,24
26725.jpg,1896,1920,24
26730.jpg,1896,1900,4
26735.jpg,1896,1890,-6
26740.jpg,1896,1850,-46
26745.jpg,1896,1895,-1
26750.jpg,1896,1850,-46
26760.jpg,1896,1780,-116
26765.jpg,1896,1885,-11
26770.jpg,1896,1910,14
26775.jpg,1896,1930,34
26780.jpg,1896,1890,-6
26785.jpg,1896,1900,4
26790.jpg,1896,19,-1877
26795.jpg,1896,1892,-4
26800.jpg,1896,2000,104
26805.jpg,1896,1850,-46
26810.jpg,1896,1880,-16
26815.jpg,1896,1870,-26
26820.jpg,1896,1880,-16
26825.jpg,1896,1910,14
26830.jpg,1896,1900,4
26835.jpg,1896,1920,24
26840.jpg,1896,1980,84
26845.jpg,1897,1880,-17
26850.jpg,1897,1880,-17
26855.jpg,1897,1900,3
26860.jpg,1897,1900,3
26865.jpg,1897,1895,-2
26870.jpg,1897,1880,-17
26875.jpg,1897,1875,-22
26880.jpg,1897,20,-1877
26885.jpg,1897,1915,18
26890.jpg,1897,1850,-47
26895.jpg,1897,1915,18
26900.jpg,1897,1890,-7
26910.jpg,1897,1850,-47
26915.jpg,1897,1890,-7
26920.jpg,1897,1920,23
26925.jpg,1897,2005,108
26930.jpg,1897,1920,23
26935.jpg,1897,1880,-17
26940.jpg,1897,1880,-17
26945.jpg,1897,1880,-17
26950.jpg,1897,1895,-2
26955.jpg,1897,1650,-247
26960.jpg,1897,1880,-17
26965.jpg,1897,1925,28
26970.jpg,1897,1780,-117
26975.jpg,1897,1925,28
26980.jpg,1897,1880,-17
26985.jpg,1897,1880,-17
26990.jpg,1897,1900,3
26995.jpg,1897,1900,3
27000.jpg,1897,1905,8
27005.jpg,1897,1895,-2
27010.jpg,1897,1895,-2
27015.jpg,1897,1925,28
27020.jpg,1897,1900,3
27025.jpg,1897,1895,-2
27030.jpg,1897,1880,-17
27035.jpg,1897,1875,-22
27040.jpg,1897,1890,-7
27045.jpg,1897,1900,3
27050.jpg,1897,1920,23
27055.jpg,1897,1880,-17
27060.jpg,1897,1900,3
27065.jpg,1897,1890,-7
27070.jpg,1897,1920,23
27075.jpg,1897,1920,23
27080.jpg,1897,1890,-7
27085.jpg,1897,19,-1878
27090.jpg,1897,1915,18
27095.jpg,1897,1880,-17
27100.jpg,1897,1890,-7
27105.jpg,1897,1880,-17
27110.jpg,1897,1920,23
27115.jpg,1897,1850,-47
27120.jpg,1897,1780,-117
27125.jpg,1897,1890,-7
27130.jpg,1897,2010,113
27135.jpg,1897,1895,-2
27140.jpg,1897,1950,53
27145.jpg,1897,1890,-7
27150.jpg,1897,1830,-67
27155.jpg,1898,1920,22
27160.jpg,1898,1930,32
27165.jpg,1898,1895,-3
27170.jpg,1898,1870,-28
27175.jpg,1898,1910,12
27180.jpg,1898,1890,-8
27185.jpg,1898,1910,12
27190.jpg,1898,1900,2
27195.jpg,1898,2000,102
27200.jpg,1898,1980,82
27205.jpg,1898,1910,12
27210.jpg,1898,1885,-13
27215.jpg,1898,1920,22
27220.jpg,1898,1955,57
27225.jpg,1898,1880,-18
27230.jpg,1898,1920,22
27235.jpg,1898,1890,-8
27240.jpg,1898,1850,-48
27245.jpg,1898,1995,97
27255.jpg,1898,1910,12
27260.jpg,1898,1895,-3
27265.jpg,1898,1880,-18
27270.jpg,1898,1905,7
27275.jpg,1898,1860,-38
27280.jpg,1898,1850,-48
27285.jpg,1898,1880,-18
27290.jpg,1898,1880,-18
27295.jpg,1898,1890,-8
27300.jpg,1898,1920,22
27305.jpg,1898,1940,42
27310.jpg,1898,1925,27
27315.jpg,1898,1870,-28
27320.jpg,1898,1900,2
27325.jpg,1898,20,-1878
27330.jpg,1898,1895,-3
27335.jpg,1898,1900,2
27340.jpg,1898,1900,2
27345.jpg,1898,1910,12
27350.jpg,1898,1820,-78
27355.jpg,1898,1890,-8
27360.jpg,1898,1900,2
27365.jpg,1898,1880,-18
27370.jpg,1898,1870,-28
27380.jpg,1898,1900,2
27385.jpg,1898,1880,-18
27390.jpg,1898,1980,82
27395.jpg,1898,1950,52
27400.jpg,1898,1915,17
27405.jpg,1898,1880,-18
27410.jpg,1898,1900,2
27415.jpg,1898,1750,-148
27420.jpg,1898,1920,22
27425.jpg,1898,1880,-18
27430.jpg,1898,1870,-28
27435.jpg,1898,1900,2
27440.jpg,1898,1915,17
27445.jpg,1898,1890,-8
27450.jpg,1898,1915,17
27455.jpg,1898,1955,57
27465.jpg,1898,1910,12
27470.jpg,1898,1900,2
27475.jpg,1898,1915,17
27480.jpg,1898,1905,7
27485.jpg,1898,1920,22
27490.jpg,1898,1900,2
27495.jpg,1898,1885,-13
27500.jpg,1898,1905,7
27505.jpg,1898,1890,-8
27510.jpg,1898,1905,7
27515.jpg,1898,1900,2
27520.jpg,1898,1910,12
27525.jpg,1898,1910,12
27530.jpg,1898,1880,-18
27540.jpg,1899,20,-1879
27545.jpg,1899,1890,-9
27550.jpg,1899,1930,31
27555.jpg,1899,1880,-19
27560.jpg,1899,1890,-9
27565.jpg,1899,1875,-24
27570.jpg,1899,1900,1
27575.jpg,1899,1850,-49
27580.jpg,1899,20,-1879
27585.jpg,1899,1915,16
27590.jpg,1899,1870,-29
27595.jpg,1899,1880,-19
27600.jpg,1899,1900,1
27605.jpg,1899,1900,1
27610.jpg,1899,1980,81
27615.jpg,1899,1920,21
27620.jpg,1899,1980,81
27625.jpg,1899,1850,-49
27630.jpg,1899,1920,21
27635.jpg,1899,1885,-14
27640.jpg,1899,1895,-4
27645.jpg,1899,1920,21
27650.jpg,1899,1870,-29
27655.jpg,1899,1900,1
27660.jpg,1899,1890,-9
27665.jpg,1899,1880,-19
27670.jpg,1899,1900,1
27675.jpg,1899,1890,-9
27680.jpg,1899,1870,-29
27685.jpg,1899,1920,21
27690.jpg,1899,1920,21
27695.jpg,1899,1890,-9
27700.jpg,1899,1890,-9
27705.jpg,1899,1880,-19
27715.jpg,1899,1915,16
27720.jpg,1899,1890,-9
27725.jpg,1899,1890,-9
27730.jpg,1899,1930,31
27735.jpg,1899,1890,-9
27740.jpg,1899,1850,-49
27745.jpg,1899,1850,-49
27750.jpg,1899,1900,1
27755.jpg,1899,1925,26
27760.jpg,1899,1905,6
27765.jpg,1899,1880,-19
27770.jpg,1899,1900,1
27775.jpg,1899,1890,-9
27780.jpg,1899,1980,81
27785.jpg,1899,1875,-24
27790.jpg,1899,1890,-9
27795.jpg,1899,1930,31
27800.jpg,1899,20,-1879
27805.jpg,1899,1880,-19
27810.jpg,1900,1750,-150
27815.jpg,1900,1880,-20
27820.jpg,1900,1910,10
27825.jpg,1900,1870,-30
27830.jpg,1900,1880,-20
27835.jpg,1900,1900,0
27840.jpg,1900,1870,-30
27845.jpg,1900,20,-1880
27850.jpg,1900,1910,10
27855.jpg,1900,1850,-50
27860.jpg,1900,1880,-20
27865.jpg,1900,1870,-30
27870.jpg,1900,1880,-20
27875.jpg,1900,1920,20
27880.jpg,1900,1930,30
27885.jpg,1900,1895,-5
27895.jpg,1900,1870,-30
27900.jpg,1900,1890,-10
27905.jpg,1900,1900,0
27910.jpg,1900,1875,-25
27915.jpg,1900,1890,-10
27920.jpg,1900,1980,80
27925.jpg,1900,1920,20
27930.jpg,1900,1985,85
27935.jpg,1900,1950,50
27940.jpg,1900,1890,-10
27945.jpg,1900,2000,100
27950.jpg,1900,1850,-50
27955.jpg,1900,1900,0
27960.jpg,1900,1890,-10
27965.jpg,1900,1980,80
27970.jpg,1900,1880,-20
27975.jpg,1900,1880,-20
27980.jpg,1900,1885,-15
27985.jpg,1900,1920,20
27990.jpg,1900,1850,-50
27995.jpg,1900,1925,25
28000.jpg,1900,1800,-100
28005.jpg,1900,1890,-10
28010.jpg,1900,1880,-20
28015.jpg,1900,1800,-100
28020.jpg,1900,1880,-20
28025.jpg,1900,1880,-20
28030.jpg,1900,1880,-20
28035.jpg,1900,1880,-20
28040.jpg,1900,1870,-30
28045.jpg,1900,1920,20
28050.jpg,1900,1880,-20
28055.jpg,1900,1820,-80
28060.jpg,1900,1920,20
28065.jpg,1900,1910,10
28070.jpg,1900,1890,-10
28075.jpg,1900,1870,-30
28080.jpg,1900,1905,5
28085.jpg,1900,1920,20
28090.jpg,1900,1880,-20
28095.jpg,1900,1750,-150
28100.jpg,1900,1925,25
28105.jpg,1900,1890,-10
28110.jpg,1900,1890,-10
28115.jpg,1900,1880,-20
28120.jpg,1900,1300,-600
28125.jpg,1900,1880,-20
28130.jpg,1900,20,-1880
28135.jpg,1900,1890,-10
28140.jpg,1900,1880,-20
28145.jpg,1900,1400,-500
28150.jpg,1900,1950,50
28155.jpg,1900,1910,10
28160.jpg,1900,1950,50
28165.jpg,1900,1930,30
28170.jpg,1900,1875,-25
28175.jpg,1900,1920,20
28180.jpg,1901,1750,-151
28185.jpg,1901,1920,19
28190.jpg,1901,1780,-121
28195.jpg,1901,1910,9
28200.jpg,1901,1950,49
28205.jpg,1901,1850,-51
28210.jpg,1901,1890,-11
28215.jpg,1901,1895,-6
28220.jpg,1901,1890,-11
28225.jpg,1901,1880,-21
28230.jpg,1901,1920,19
28235.jpg,1901,1910,9
28240.jpg,1901,1910,9
28245.jpg,1901,1900,-1
28250.jpg,1901,1880,-21
28255.jpg,1901,1910,9
28260.jpg,1901,1910,9
28265.jpg,1901,1915,14
28270.jpg,1901,1900,-1
28275.jpg,1901,1890,-11
28280.jpg,1901,1900,-1
28285.jpg,1901,1950,49
28290.jpg,1901,1850,-51
28295.jpg,1901,1890,-11
28300.jpg,1901,1850,-51
28305.jpg,1901,1990,89
28310.jpg,1901,1900,-1
28315.jpg,1901,1920,19
28320.jpg,1901,1900,-1
28325.jpg,1901,1920,19
28330.jpg,1901,1895,-6
28335.jpg,1901,1890,-11
28340.jpg,1901,1900,-1
28345.jpg,1901,1890,-11
28350.jpg,1901,1890,-11
28355.jpg,1901,1910,9
28360.jpg,1901,1980,79
28365.jpg,1901,1870,-31
28370.jpg,1901,1880,-21
28375.jpg,1901,1870,-31
28380.jpg,1901,1890,-11
28385.jpg,1901,1915,14
28390.jpg,1901,1890,-11
28395.jpg,1901,1890,-11
28400.jpg,1901,1880,-21
28405.jpg,1901,1890,-11
28410.jpg,1901,1950,49
28415.jpg,1901,1910,9
28420.jpg,1901,1870,-31
28425.jpg,1901,2010,109
28430.jpg,1901,1870,-31
28435.jpg,1901,1905,4
28440.jpg,1901,1900,-1
28445.jpg,1901,1925,24
28450.jpg,1901,1880,-21
28455.jpg,1901,1880,-21
28460.jpg,1901,1925,24
28465.jpg,1901,20,-1881
28470.jpg,1901,1930,29
28475.jpg,1901,1870,-31
28480.jpg,1901,1930,29
28485.jpg,1901,1890,-11
28490.jpg,1901,1890,-11
28495.jpg,1901,1910,9
28500.jpg,1901,1900,-1
28505.jpg,1901,1925,24
28510.jpg,1901,1900,-1
28515.jpg,1901,1880,-21
28520.jpg,1902,1850,-52
28525.jpg,1902,1890,-12
28530.jpg,1902,1920,18
28535.jpg,1902,1910,8
28540.jpg,1902,1930,28
28545.jpg,1902,1955,53
28550.jpg,1902,1950,48
28555.jpg,1902,1880,-22
28560.jpg,1902,1940,38
28575.jpg,1902,1925,23
28580.jpg,1902,1910,8
28585.jpg,1902,1890,-12
28590.jpg,1902,1850,-52
28595.jpg,1902,1915,13
28600.jpg,1902,1920,18
28605.jpg,1902,1900,-2
28610.jpg,1902,1890,-12
28615.jpg,1902,1910,8
28620.jpg,1902,1890,-12
28625.jpg,1902,1925,23
28630.jpg,1902,1930,28
28635.jpg,1902,1910,8
28640.jpg,1902,20,-1882
28645.jpg,1902,1850,-52
28650.jpg,1902,1850,-52
28655.jpg,1902,1400,-502
28660.jpg,1902,1880,-22
28665.jpg,1902,1880,-22
28670.jpg,1902,2010,108
28675.jpg,1902,1910,8
28680.jpg,1902,1400,-502
28685.jpg,1902,1900,-2
28690.jpg,1902,1900,-2
28695.jpg,1902,1895,-7
28700.jpg,1902,1870,-32
28705.jpg,1902,1880,-22
28710.jpg,1902,1910,8
28715.jpg,1902,1900,-2
28720.jpg,1902,1895,-7
28725.jpg,1902,1915,13
28730.jpg,1902,1910,8
28735.jpg,1902,1925,23
28740.jpg,1902,1895,-7
28745.jpg,1902,1925,23
28750.jpg,1902,1880,-22
28755.jpg,1902,1800,-102
28760.jpg,1902,1905,3
28765.jpg,1902,1920,18
28770.jpg,1902,1910,8
28775.jpg,1902,1880,-22
28780.jpg,1902,1905,3
28785.jpg,1902,1880,-22
28790.jpg,1902,1895,-7
28795.jpg,1902,1915,13
28800.jpg,1902,1895,-7
28805.jpg,1902,1950,48
28810.jpg,1902,1875,-27
28815.jpg,1902,1890,-12
28820.jpg,1902,1880,-22
28825.jpg,1902,1900,-2
28830.jpg,1902,1885,-17
28835.jpg,1902,1910,8
28840.jpg,1902,1980,78
28845.jpg,1902,1930,28
28850.jpg,1902,1930,28
28855.jpg,1902,1870,-32
28860.jpg,1902,1915,13
28865.jpg,1902,20,-1882
28870.jpg,1902,1935,33
28875.jpg,1902,1880,-22
28880.jpg,1902,1880,-22
28885.jpg,1902,1950,48
28890.jpg,1902,1915,13
28895.jpg,1902,1925,23
28900.jpg,1902,1820,-82
28905.jpg,1902,20,-1882
28910.jpg,1902,1895,-7
28915.jpg,1902,1890,-12
28920.jpg,1903,1850,-53
28925.jpg,1903,1890,-13
28930.jpg,1903,1900,-3
28935.jpg,1903,1750,-153
28940.jpg,1903,1935,32
28945.jpg,1903,1900,-3
28955.jpg,1903,1925,22
28960.jpg,1903,1910,7
28965.jpg,1903,1890,-13
28970.jpg,1903,1910,7
28975.jpg,1903,1890,-13
28980.jpg,1903,1895,-8
28985.jpg,1903,1890,-13
28990.jpg,1903,1925,22
28995.jpg,1903,1975,72
29000.jpg,1903,1920,17
29005.jpg,1903,1920,17
29010.jpg,1903,1895,-8
29015.jpg,1903,1880,-23
29020.jpg,1903,1870,-33
29025.jpg,1903,1890,-13
29030.jpg,1903,1910,7
29035.jpg,1903,1910,7
29040.jpg,1903,1905,2
29045.jpg,1903,1920,17
29050.jpg,1903,2015,112
29055.jpg,1903,1915,12
29060.jpg,1903,1880,-23
29065.jpg,1903,1890,-13
29070.jpg,1903,1920,17
29075.jpg,1903,1980,77
29080.jpg,1903,2000,97
29085.jpg,1903,1910,7
29090.jpg,1903,1900,-3
29095.jpg,1903,1850,-53
29100.jpg,1903,1850,-53
29105.jpg,1903,1890,-13
29110.jpg,1903,1940,37
29115.jpg,1903,1980,77
29120.jpg,1903,1900,-3
29125.jpg,1903,1880,-23
29130.jpg,1903,1870,-33
29135.jpg,1903,1880,-23
29140.jpg,1903,1985,82
29145.jpg,1903,1895,-8
29150.jpg,1903,1900,-3
29155.jpg,1903,1890,-13
29160.jpg,1903,1900,-3
29165.jpg,1903,1880,-23
29170.jpg,1903,1910,7
29175.jpg,1903,1880,-23
29180.jpg,1903,1895,-8
29185.jpg,1903,1920,17
29190.jpg,1903,1910,7
29195.jpg,1903,1870,-33
29200.jpg,1903,1880,-23
29205.jpg,1903,1930,27
29210.jpg,1903,1920,17
29215.jpg,1903,1900,-3
29220.jpg,1903,1915,12
29225.jpg,1903,1890,-13
29230.jpg,1903,1885,-18
29235.jpg,1903,1890,-13
29240.jpg,1903,1920,17
29245.jpg,1903,1920,17
29250.jpg,1903,1958,55
29255.jpg,1903,1900,-3
29260.jpg,1903,1915,12
29265.jpg,1903,1920,17
29270.jpg,1903,1880,-23
29275.jpg,1903,1900,-3
29280.jpg,1903,1900,-3
29285.jpg,1903,1880,-23
29290.jpg,1903,1900,-3
29295.jpg,1903,19,-1884
29300.jpg,1903,21,-1882
29305.jpg,1903,1890,-13
29310.jpg,1903,1840,-63
29315.jpg,1903,1960,57
29320.jpg,1903,1880,-23
29325.jpg,1903,1930,27
29330.jpg,1903,1890,-13
29335.jpg,1903,1900,-3
29340.jpg,1903,1915,12
29345.jpg,1903,1895,-8
29350.jpg,1903,1920,17
29355.jpg,1903,1905,2
29360.jpg,1903,1890,-13
29365.jpg,1903,1990,87
29370.jpg,1903,20,-1883
29375.jpg,1903,1850,-53
29380.jpg,1904,1780,-124
29385.jpg,1904,1900,-4
29390.jpg,1904,1890,-14
29395.jpg,1904,2015,111
29400.jpg,1904,1915,11
29405.jpg,1904,1920,16
29410.jpg,1904,2015,111
29415.jpg,1904,1900,-4
29420.jpg,1904,1920,16
29425.jpg,1904,1930,26
29430.jpg,1904,1880,-24
29435.jpg,1904,1925,21
29440.jpg,1904,1900,-4
29445.jpg,1904,20,-1884
29450.jpg,1904,1915,11
29455.jpg,1904,1900,-4
29460.jpg,1904,1850,-54
29465.jpg,1904,2000,96
29470.jpg,1904,1980,76
29475.jpg,1904,1910,6
29480.jpg,1904,2015,111
29485.jpg,1904,1910,6
29490.jpg,1904,1905,1
29495.jpg,1904,1880,-24
29500.jpg,1904,1980,76
29505.jpg,1904,1880,-24
29510.jpg,1904,1910,6
29515.jpg,1904,1920,16
29520.jpg,1904,1885,-19
29525.jpg,1904,1905,1
29530.jpg,1904,1900,-4
29535.jpg,1904,1890,-14
29540.jpg,1904,20,-1884
29550.jpg,1904,1850,-54
29555.jpg,1904,1950,46
29560.jpg,1904,1890,-14
29565.jpg,1904,1895,-9
29570.jpg,1904,1850,-54
29575.jpg,1904,1950,46
29580.jpg,1904,1980,76
29585.jpg,1904,1900,-4
29590.jpg,1904,1880,-24
29595.jpg,1904,20,-1884
29600.jpg,1904,1900,-4
29605.jpg,1904,1890,-14
29610.jpg,1904,1890,-14
29615.jpg,1904,1915,11
29620.jpg,1904,1905,1
29625.jpg,1904,1880,-24
29630.jpg,1904,1910,6
29635.jpg,1904,1880,-24
29640.jpg,1904,1840,-64
29645.jpg,1904,1880,-24
29650.jpg,1904,1890,-14
29655.jpg,1904,1915,11
29660.jpg,1904,1925,21
29665.jpg,1904,1958,54
29670.jpg,1904,1900,-4
29675.jpg,1904,1980,76
29680.jpg,1904,20,-1884
29685.jpg,1904,1880,-24
29690.jpg,1904,1900,-4
29695.jpg,1904,1920,16
29700.jpg,1904,1930,26
29705.jpg,1904,1890,-14
29710.jpg,1904,1890,-14
29715.jpg,1904,1930,26
29720.jpg,1904,1880,-24
29725.jpg,1904,1950,46
29730.jpg,1904,1890,-14
29735.jpg,1904,1900,-4
29740.jpg,1904,1925,21
29745.jpg,1904,1880,-24
29750.jpg,1904,1905,1
29755.jpg,1904,1870,-34
29760.jpg,1904,1890,-14
29765.jpg,1904,1910,6
29770.jpg,1904,1900,-4
29775.jpg,1904,1950,46
29780.jpg,1904,1904,0
29790.jpg,1904,1880,-24
29795.jpg,1904,1890,-14
29800.jpg,1904,1900,-4
29805.jpg,1904,1950,46
29810.jpg,1904,1920,16
29815.jpg,1904,1850,-54
29820.jpg,1904,1915,11
29825.jpg,1904,1920,16
29830.jpg,1905,1890,-15
29835.jpg,1905,1950,45
29840.jpg,1905,1890,-15
29845.jpg,1905,2000,95
29850.jpg,1905,1990,85
29855.jpg,1905,1890,-15
29860.jpg,1905,1980,75
29865.jpg,1905,1895,-10
29870.jpg,1905,1880,-25
29875.jpg,1905,1930,25
29880.jpg,1905,1900,-5
29885.jpg,1905,1910,5
29890.jpg,1905,1950,45
29895.jpg,1905,1900,-5
29900.jpg,1905,1920,15
29905.jpg,1905,1890,-15
29910.jpg,1905,1900,-5
29915.jpg,1905,1880,-25
29920.jpg,1905,1850,-55
29925.jpg,1905,1920,15
29930.jpg,1905,1880,-25
29935.jpg,1905,1900,-5
29940.jpg,1905,1870,-35
29945.jpg,1905,1920,15
29950.jpg,1905,1870,-35
29960.jpg,1905,1890,-15
29965.jpg,1905,1880,-25
29970.jpg,1905,1910,5
29975.jpg,1905,1915,10
29980.jpg,1905,1925,20
29985.jpg,1905,1965,60
29990.jpg,1905,1900,-5
29995.jpg,1905,1890,-15
30000.jpg,1905,1875,-30
30005.jpg,1905,1925,20
30015.jpg,1905,1890,-15
30020.jpg,1905,1960,55
30025.jpg,1905,1910,5
30030.jpg,1905,1885,-20
30035.jpg,1905,1910,5
30040.jpg,1905,1960,55
30045.jpg,1905,1580,-325
30050.jpg,1905,1980,75
30055.jpg,1905,1950,45
30060.jpg,1905,1890,-15
30065.jpg,1905,1900,-5
30070.jpg,1905,1905,0
30075.jpg,1905,1910,5
30080.jpg,1905,1910,5
30085.jpg,1905,1950,45
30090.jpg,1905,1900,-5
30095.jpg,1905,1880,-25
30100.jpg,1905,1830,-75
30105.jpg,1905,1885,-20
30110.jpg,1905,1955,50
30115.jpg,1905,1870,-35
30120.jpg,1905,1890,-15
30125.jpg,1905,1890,-15
30130.jpg,1905,1920,15
30135.jpg,1905,1900,-5
30140.jpg,1905,1925,20
30145.jpg,1905,1880,-25
30155.jpg,1905,1870,-35
30160.jpg,1905,1950,45
30165.jpg,1905,1840,-65
30170.jpg,1905,1880,-25
30175.jpg,1905,1915,10
30180.jpg,1905,2010,105
30185.jpg,1905,1925,20
30190.jpg,1905,1890,-15
30195.jpg,1905,1820,-85
30200.jpg,1905,1900,-5
30205.jpg,1905,1870,-35
30210.jpg,1905,1682,-223
30215.jpg,1905,1900,-5
30220.jpg,1905,1900,-5
30225.jpg,1905,1880,-25
30230.jpg,1905,1980,75
30235.jpg,1905,1870,-35
30240.jpg,1905,1895,-10
30245.jpg,1905,1890,-15
30250.jpg,1905,1880,-25
30255.jpg,1905,1895,-10
30260.jpg,1905,1885,-20
30265.jpg,1905,1750,-155
30270.jpg,1905,2000,95
30275.jpg,1905,1880,-25
30280.jpg,1905,1980,75
30285.jpg,1905,1880,-25
30290.jpg,1905,1900,-5
30295.jpg,1906,1900,-6
30300.jpg,1906,1890,-16
30305.jpg,1906,1935,29
30310.jpg,1906,1925,19
30315.jpg,1906,20,-1886
30320.jpg,1906,1980,74
30325.jpg,1906,1980,74
30330.jpg,1906,1890,-16
30335.jpg,1906,1900,-6
30340.jpg,1906,1920,14
30345.jpg,1906,1860,-46
30350.jpg,1906,1950,44
30355.jpg,1906,1850,-56
30360.jpg,1906,1910,4
30365.jpg,1906,1925,19
30370.jpg,1906,1900,-6
30375.jpg,1906,1925,19
30380.jpg,1906,1925,19
30385.jpg,1906,1895,-11
30390.jpg,1906,1920,14
30395.jpg,1906,1920,14
30400.jpg,1906,1925,19
30405.jpg,1906,1890,-16
30410.jpg,1906,1880,-26
30415.jpg,1906,1890,-16
30420.jpg,1906,1895,-11
30425.jpg,1906,1920,14
30430.jpg,1906,1920,14
30435.jpg,1906,1900,-6
30440.jpg,1906,2010,104
30445.jpg,1906,1870,-36
30450.jpg,1906,1870,-36
30455.jpg,1906,1920,14
30460.jpg,1906,1895,-11
30465.jpg,1906,1850,-56
30470.jpg,1906,1895,-11
30475.jpg,1906,1880,-26
30480.jpg,1906,1925,19
30485.jpg,1906,1880,-26
30490.jpg,1906,1780,-126
30495.jpg,1906,1900,-6
30500.jpg,1906,1950,44
30505.jpg,1906,1910,4
30510.jpg,1906,19,-1887
30515.jpg,1906,1915,9
30520.jpg,1906,1895,-11
30525.jpg,1906,1890,-16
30530.jpg,1906,1900,-6
30535.jpg,1906,1890,-16
30540.jpg,1906,1840,-66
30545.jpg,1906,1910,4
30550.jpg,1906,1890,-16
30555.jpg,1906,1915,9
30560.jpg,1906,1880,-26
30565.jpg,1906,1890,-16
30570.jpg,1906,1925,19
30575.jpg,1906,1930,24
30580.jpg,1906,1930,24
30585.jpg,1906,1925,19
30590.jpg,1906,1895,-11
30595.jpg,1906,1920,14
30600.jpg,1906,1880,-26
30605.jpg,1906,1890,-16
30610.jpg,1906,1880,-26
30615.jpg,1906,1920,14
30620.jpg,1906,1885,-21
30625.jpg,1906,1910,4
30630.jpg,1906,1915,9
30635.jpg,1906,1900,-6
30640.jpg,1906,1910,4
30645.jpg,1906,1850,-56
30650.jpg,1906,1830,-76
30655.jpg,1906,1880,-26
30665.jpg,1906,1910,4
30670.jpg,1906,1890,-16
30685.jpg,1906,1890,-16
30690.jpg,1906,1920,14
30695.jpg,1906,1920,14
30700.jpg,1906,1905,-1
30705.jpg,1906,1915,9
30710.jpg,1906,1950,44
30715.jpg,1906,1975,69
30720.jpg,1906,1920,14
30725.jpg,1906,1900,-6
30730.jpg,1906,20,-1886
30740.jpg,1906,1900,-6
30745.jpg,1906,1880,-26
30750.jpg,1906,1880,-26
30760.jpg,1907,1900,-7
30765.jpg,1907,1920,13
30770.jpg,1907,1915,8
30780.jpg,1907,1980,73
30785.jpg,1907,1918,11
30790.jpg,1907,2010,103
30795.jpg,1907,1880,-27
30800.jpg,1907,1925,18
30805.jpg,1907,1895,-12
30810.jpg,1907,1850,-57
30815.jpg,1907,1920,13
30820.jpg,1907,1925,18
30825.jpg,1907,1915,8
30830.jpg,1907,1915,8
30835.jpg,1907,1910,3
30840.jpg,1907,1890,-17
30845.jpg,1907,1925,18
30855.jpg,1907,20,-1887
30860.jpg,1907,1910,3
30865.jpg,1907,1910,3
30870.jpg,1907,1920,13
30875.jpg,1907,1880,-27
30880.jpg,1907,1925,18
30885.jpg,1907,1910,3
30895.jpg,1907,1925,18
30900.jpg,1907,1880,-27
30905.jpg,1907,1880,-27
30910.jpg,1907,1990,83
30915.jpg,1907,2018,111
30920.jpg,1907,1960,53
30925.jpg,1907,1950,43
30930.jpg,1907,1850,-57
30935.jpg,1907,1870,-37
30940.jpg,1907,2015,108
30945.jpg,1907,1900,-7
30950.jpg,1907,1875,-32
30955.jpg,1907,1880,-27
30960.jpg,1907,1875,-32
30965.jpg,1907,1920,13
30970.jpg,1907,1900,-7
30975.jpg,1907,1880,-27
30980.jpg,1907,1890,-17
30985.jpg,1907,1910,3
30990.jpg,1907,1920,13
30995.jpg,1907,1890,-17
31000.jpg,1907,1880,-27
31005.jpg,1907,1900,-7
31010.jpg,1907,1900,-7
31015.jpg,1907,1920,13
31020.jpg,1907,1890,-17
31025.jpg,1907,1880,-27
31030.jpg,1907,1960,53
31035.jpg,1907,1780,-127
31040.jpg,1907,1890,-17
31045.jpg,1907,1900,-7
31050.jpg,1907,1910,3
31055.jpg,1907,1830,-77
31060.jpg,1907,1830,-77
31065.jpg,1907,1890,-17
31070.jpg,1907,1900,-7
31075.jpg,1907,1885,-22
31080.jpg,1907,1928,21
31085.jpg,1907,1925,18
31090.jpg,1907,1875,-32
31095.jpg,1907,1895,-12
31100.jpg,1907,1900,-7
31105.jpg,1907,1900,-7
31110.jpg,1907,1940,33
31115.jpg,1907,1900,-7
31120.jpg,1907,1880,-27
31125.jpg,1907,1895,-12
31130.jpg,1907,1920,13
31135.jpg,1907,1850,-57
31140.jpg,1907,1985,78
31150.jpg,1907,1890,-17
31155.jpg,1907,1910,3
31160.jpg,1907,1950,43
31165.jpg,1907,1880,-27
31170.jpg,1907,1980,73
31175.jpg,1907,1890,-17
31180.jpg,1907,1945,38
31185.jpg,1907,1915,8
31190.jpg,1907,1980,73
31195.jpg,1907,1900,-7
31200.jpg,1907,2000,93
31205.jpg,1907,1890,-17
31210.jpg,1907,1880,-27
31215.jpg,1907,1925,18
31220.jpg,1907,1905,-2
31225.jpg,1907,1890,-17
31230.jpg,1907,1870,-37
31235.jpg,1907,1930,23
31240.jpg,1907,1900,-7
31245.jpg,1907,1890,-17
31250.jpg,1907,1910,3
31255.jpg,1907,1900,-7
31260.jpg,1907,1925,18
31265.jpg,1907,19,-1888
31270.jpg,1907,1930,23
31275.jpg,1907,1920,13
31280.jpg,1907,1890,-17
31285.jpg,1907,1950,43
31290.jpg,1907,1890,-17
31295.jpg,1907,1945,38
31300.jpg,1907,1935,28
31305.jpg,1907,1925,18
31310.jpg,1908,1790,-118
31315.jpg,1908,1910,2
31320.jpg,1908,1935,27
31325.jpg,1908,1895,-13
31330.jpg,1908,1930,22
31335.jpg,1908,1925,17
31345.jpg,1908,1980,72
31350.jpg,1908,1915,7
31355.jpg,1908,1930,22
31360.jpg,1908,1920,12
31365.jpg,1908,1900,-8
31370.jpg,1908,1895,-13
31380.jpg,1908,1930,22
31385.jpg,1908,1910,2
31390.jpg,1908,1920,12
31395.jpg,1908,1910,2
31400.jpg,1908,1915,7
31405.jpg,1908,1925,17
31410.jpg,1908,1910,2
31415.jpg,1908,1915,7
31420.jpg,1908,1890,-18
31425.jpg,1908,1930,22
31430.jpg,1908,1915,7
31435.jpg,1908,1930,22
31440.jpg,1908,20,-1888
31445.jpg,1908,1895,-13
31450.jpg,1908,1920,12
31455.jpg,1908,1925,17
31460.jpg,1908,1900,-8
31465.jpg,1908,1910,2
31470.jpg,1908,1890,-18
31475.jpg,1908,1900,-8
31480.jpg,1908,1820,-88
31485.jpg,1908,1880,-28
31490.jpg,1908,1850,-58
31500.jpg,1908,1930,22
31505.jpg,1908,1880,-28
31510.jpg,1908,1880,-28
31515.jpg,1908,1880,-28
31520.jpg,1908,1915,7
31525.jpg,1908,1900,-8
31530.jpg,1908,1880,-28
31535.jpg,1908,1915,7
31540.jpg,1908,1890,-18
31545.jpg,1908,1905,-3
31550.jpg,1908,1900,-8
31555.jpg,1908,1890,-18
31560.jpg,1908,1890,-18
31565.jpg,1908,1750,-158
31570.jpg,1908,1780,-128
31575.jpg,1908,1750,-158
31580.jpg,1908,1918,10
31585.jpg,1908,1905,-3
31590.jpg,1908,1925,17
31595.jpg,1908,1895,-13
31600.jpg,1908,1910,2
31605.jpg,1908,1870,-38
31610.jpg,1908,1890,-18
31620.jpg,1908,1915,7
31625.jpg,1908,1880,-28
31630.jpg,1908,1880,-28
31635.jpg,1908,1925,17
31640.jpg,1908,1915,7
31645.jpg,1908,1900,-8
31650.jpg,1908,1920,12
31655.jpg,1908,1920,12
31660.jpg,1908,1935,27
31665.jpg,1908,1910,2
31670.jpg,1908,1890,-18
31675.jpg,1908,1910,2
31680.jpg,1908,1780,-128
31685.jpg,1908,1925,17
31690.jpg,1908,1925,17
31695.jpg,1908,1900,-8
31700.jpg,1908,1895,-13
31705.jpg,1908,1890,-18
31710.jpg,1908,1910,2
31715.jpg,1908,1895,-13
31720.jpg,1908,1930,22
31725.jpg,1908,1915,7
31730.jpg,1908,1920,12
31735.jpg,1908,1980,72
31740.jpg,1908,2010,102
31745.jpg,1908,1890,-18
31750.jpg,1908,1960,52
31755.jpg,1908,1890,-18
31760.jpg,1908,1900,-8
31765.jpg,1909,1900,-9
31770.jpg,1909,1930,21
31775.jpg,1909,1905,-4
31780.jpg,1909,1780,-129
31785.jpg,1909,2023,114
31790.jpg,1909,1995,86
31805.jpg,1909,1980,71
31815.jpg,1909,1890,-19
31820.jpg,1909,-1,-1910
31825.jpg,1909,1880,-29
31830.jpg,1909,1895,-14
31835.jpg,1909,2000,91
31840.jpg,1909,1906,-3
31845.jpg,1909,1905,-4
31850.jpg,1909,1890,-19
31855.jpg,1909,1925,16
31860.jpg,1909,1880,-29
31865.jpg,1909,1925,16
31870.jpg,1909,1925,16
31875.jpg,1909,1880,-29
31880.jpg,1909,1910,1
31885.jpg,1909,1880,-29
31890.jpg,1909,1890,-19
31895.jpg,1909,1900,-9
31900.jpg,1909,1908,-1
31905.jpg,1909,1890,-19
31910.jpg,1909,1920,11
31915.jpg,1909,1950,41
31920.jpg,1909,1950,41
31925.jpg,1909,1980,71
31930.jpg,1909,1820,-89
31935.jpg,1909,1925,16
31940.jpg,1909,1880,-29
31945.jpg,1909,1895,-14
31950.jpg,1909,1890,-19
31955.jpg,1909,1905,-4
31960.jpg,1909,1900,-9
31970.jpg,1909,1880,-29
31975.jpg,1909,1910,1
31980.jpg,1909,1900,-9
31985.jpg,1909,1880,-29
31990.jpg,1909,1880,-29
31995.jpg,1909,1925,16
32005.jpg,1909,1880,-29
32015.jpg,1909,1880,-29
32020.jpg,1909,1895,-14
32025.jpg,1909,1890,-19
32030.jpg,1909,1915,6
32035.jpg,1909,1890,-19
32045.jpg,1909,1880,-29
32050.jpg,1909,1895,-14
32055.jpg,1909,1910,1
32060.jpg,1909,2000,91
32065.jpg,1909,1910,1
32070.jpg,1909,1880,-29
32075.jpg,1909,1850,-59
32080.jpg,1909,1885,-24
32085.jpg,1909,1915,6
32090.jpg,1909,1915,6
32095.jpg,1909,1910,1
32100.jpg,1909,1925,16
32105.jpg,1909,1970,61
32110.jpg,1909,1880,-29
32115.jpg,1909,1905,-4
32120.jpg,1909,1925,16
32125.jpg,1909,1910,1
32130.jpg,1909,1920,11
32135.jpg,1909,1880,-29
32140.jpg,1909,1880,-29
32145.jpg,1909,1890,-19
32150.jpg,1909,1920,11
32155.jpg,1909,1920,11
32160.jpg,1909,1870,-39
32165.jpg,1909,1900,-9
32170.jpg,1909,1900,-9
32175.jpg,1909,1900,-9
32180.jpg,1909,1915,6
32185.jpg,1909,1880,-29
32190.jpg,1909,1900,-9
32195.jpg,1909,1895,-14
32200.jpg,1909,1925,16
32205.jpg,1909,1985,76
32210.jpg,1909,1890,-19
32215.jpg,1909,1890,-19
32220.jpg,1909,1880,-29
32225.jpg,1909,2000,91
32230.jpg,1910,1750,-160
32235.jpg,1910,1900,-10
32240.jpg,1910,1910,0
32245.jpg,1910,1950,40
32255.jpg,1910,20,-1890
32260.jpg,1910,1925,15
32265.jpg,1910,21,-1889
32270.jpg,1910,1990,80
32275.jpg,1910,1985,75
32280.jpg,1910,1935,25
32285.jpg,1910,1880,-30
32290.jpg,1910,1920,10
32295.jpg,1910,1920,10
32300.jpg,1910,1925,15
32305.jpg,1910,1880,-30
32310.jpg,1910,1920,10
32315.jpg,1910,1920,10
32320.jpg,1910,1905,-5
32325.jpg,1910,1920,10
32330.jpg,1910,1920,10
32335.jpg,1910,1925,15
32340.jpg,1910,1850,-60
32345.jpg,1910,1875,-35
32350.jpg,1910,1850,-60
32355.jpg,1910,1930,20
32360.jpg,1910,1910,0
32365.jpg,1910,1920,10
32370.jpg,1910,1980,70
32375.jpg,1910,1880,-30
32380.jpg,1910,1870,-40
32385.jpg,1910,21,-1889
32390.jpg,1910,1900,-10
32395.jpg,1910,1890,-20
32400.jpg,1910,1200,-710
32405.jpg,1910,1500,-410
32410.jpg,1910,1935,25
32415.jpg,1910,1910,0
32420.jpg,1910,1965,55
32425.jpg,1910,1880,-30
32430.jpg,1910,1880,-30
32435.jpg,1910,1890,-20
32440.jpg,1910,20,-1890
32445.jpg,1910,1920,10
32450.jpg,1910,1890,-20
32455.jpg,1910,1840,-70
32460.jpg,1910,1915,5
32465.jpg,1910,1910,0
32470.jpg,1910,1880,-30
32475.jpg,1910,1905,-5
32480.jpg,1910,1880,-30
32485.jpg,1910,1925,15
32490.jpg,1910,1850,-60
32495.jpg,1910,1850,-60
32500.jpg,1910,1920,10
32505.jpg,1910,2000,90
32510.jpg,1910,1940,30
32515.jpg,1910,1980,70
32520.jpg,1910,1915,5
32525.jpg,1910,1835,-75
32530.jpg,1910,1880,-30
32535.jpg,1910,1920,10
32540.jpg,1910,1920,10
32545.jpg,1910,1910,0
32550.jpg,1910,1890,-20
32555.jpg,1910,1920,10
32560.jpg,1910,1920,10
32565.jpg,1910,1890,-20
32570.jpg,1910,1890,-20
32575.jpg,1910,1900,-10
32580.jpg,1910,1925,15
32585.jpg,1910,1930,20
32590.jpg,1910,1900,-10
32595.jpg,1910,1890,-20
32600.jpg,1910,1350,-560
32605.jpg,1910,1400,-510
32610.jpg,1910,1920,10
32615.jpg,1910,1920,10
32620.jpg,1910,1935,25
32625.jpg,1910,1750,-160
32630.jpg,1910,1895,-15
32635.jpg,1910,1930,20
32640.jpg,1910,1900,-10
32645.jpg,1910,1915,5
32650.jpg,1910,1850,-60
32655.jpg,1910,1950,40
32660.jpg,1910,1910,0
32665.jpg,1910,1905,-5
32675.jpg,1910,1890,-20
32680.jpg,1910,1890,-20
32685.jpg,1910,1910,0
32690.jpg,1910,1880,-30
32695.jpg,1910,1880,-30
32700.jpg,1910,1930,20
32705.jpg,1910,1850,-60
32710.jpg,1910,1920,10
32715.jpg,1910,1920,10
32720.jpg,1910,1880,-30
32725.jpg,1910,1895,-15
32730.jpg,1910,1950,40
32735.jpg,1910,1850,-60
32740.jpg,1911,1500,-411
32745.jpg,1911,1980,69
32750.jpg,1911,1905,-6
32755.jpg,1911,1935,24
32760.jpg,1911,1920,9
32765.jpg,1911,1910,-1
32770.jpg,1911,1905,-6
32775.jpg,1911,1930,19
32780.jpg,1911,2000,89
32785.jpg,1911,1975,64
32790.jpg,1911,1920,9
32795.jpg,1911,1850,-61
32800.jpg,1911,2000,89
32805.jpg,1911,1920,9
32810.jpg,1911,1780,-131
32815.jpg,1911,1850,-61
32820.jpg,1911,1910,-1
32825.jpg,1911,1910,-1
32830.jpg,1911,1900,-11
32835.jpg,1911,1900,-11
32840.jpg,1911,2015,104
32845.jpg,1911,1500,-411
32850.jpg,1911,1925,14
32855.jpg,1911,1920,9
32860.jpg,1911,1920,9
32865.jpg,1911,1915,4
32870.jpg,1911,1915,4
32875.jpg,1911,1910,-1
32885.jpg,1911,1920,9
32890.jpg,1911,1895,-16
32895.jpg,1911,1900,-11
32900.jpg,1911,1900,-11
32905.jpg,1911,1915,4
32910.jpg,1911,1850,-61
32915.jpg,1911,1880,-31
32920.jpg,1911,1915,4
32925.jpg,1911,1925,14
32930.jpg,1911,1930,19
32935.jpg,1911,1965,54
32940.jpg,1911,1890,-21
32945.jpg,1911,1920,9
32950.jpg,1911,2010,99
32955.jpg,1911,1890,-21
32960.jpg,1911,1950,39
32965.jpg,1911,1935,24
32970.jpg,1911,1850,-61
32975.jpg,1911,1890,-21
32980.jpg,1911,1885,-26
32985.jpg,1911,1895,-16
32990.jpg,1911,1900,-11
32995.jpg,1911,1895,-16
33000.jpg,1911,1910,-1
33005.jpg,1911,-1,-1912
33010.jpg,1911,1915,4
33015.jpg,1911,1890,-21
33020.jpg,1911,1930,19
33025.jpg,1911,1880,-31
33030.jpg,1911,1905,-6
33035.jpg,1911,1950,39
33040.jpg,1911,1885,-26
33045.jpg,1911,1905,-6
33050.jpg,1911,1960,49
33055.jpg,1911,1925,14
33060.jpg,1911,1915,4
33065.jpg,1911,1880,-31
33070.jpg,1911,1890,-21
33075.jpg,1911,1915,4
33080.jpg,1911,1925,14
33085.jpg,1911,1900,-11
33090.jpg,1911,1890,-21
33095.jpg,1911,1890,-21
33100.jpg,1911,1920,9
33105.jpg,1911,1820,-91
33110.jpg,1911,1910,-1
33115.jpg,1911,1895,-16
33120.jpg,1911,1900,-11
33125.jpg,1911,1910,-1
33130.jpg,1911,1880,-31
33135.jpg,1911,1890,-21
33140.jpg,1911,1925,14
33145.jpg,1911,1880,-31
33150.jpg,1911,1550,-361
33155.jpg,1911,1960,49
33160.jpg,1911,1925,14
33165.jpg,1911,1910,-1
33170.jpg,1911,1925,14
33175.jpg,1911,1955,44
33180.jpg,1911,1925,14
33185.jpg,1911,1890,-21
33190.jpg,1911,1895,-16
33195.jpg,1911,1980,69
33200.jpg,1911,1920,9
33205.jpg,1911,1900,-11
33210.jpg,1911,1790,-121
33215.jpg,1911,1880,-31
33220.jpg,1911,1915,4
33225.jpg,1911,1900,-11
33230.jpg,1911,1875,-36
33235.jpg,1911,1920,9
33240.jpg,1911,1750,-161
33245.jpg,1911,1925,14
33250.jpg,1911,1920,9
33255.jpg,1911,1780,-131
33260.jpg,1911,1910,-1
33265.jpg,1911,1910,-1
33270.jpg,1911,1900,-11
33275.jpg,1911,1890,-21
33280.jpg,1912,1910,-2
33285.jpg,1912,1890,-22
33290.jpg,1912,1900,-12
33295.jpg,1912,1900,-12
33300.jpg,1912,1885,-27
33310.jpg,1912,1990,78
33315.jpg,1912,1985,73
33320.jpg,1912,1980,68
33325.jpg,1912,1915,3
33330.jpg,1912,1980,68
33335.jpg,1912,1880,-32
33340.jpg,1912,1920,8
33345.jpg,1912,1980,68
33350.jpg,1912,1890,-22
33355.jpg,1912,1930,18
33360.jpg,1912,1920,8
33365.jpg,1912,1890,-22
33375.jpg,1912,1930,18
33380.jpg,1912,1910,-2
33385.jpg,1912,21,-1891
33390.jpg,1912,1920,8
33395.jpg,1912,1980,68
33400.jpg,1912,1925,13
33405.jpg,1912,1985,73
33410.jpg,1912,1900,-12
33415.jpg,1912,1915,3
33420.jpg,1912,1910,-2
33425.jpg,1912,1850,-62
33430.jpg,1912,1890,-22
33435.jpg,1912,1925,13
33440.jpg,1912,1920,8
33445.jpg,1912,1890,-22
33450.jpg,1912,1900,-12
33455.jpg,1912,1900,-12
33460.jpg,1912,20,-1892
33465.jpg,1912,1880,-32
33470.jpg,1912,1880,-32
33475.jpg,1912,1880,-32
33480.jpg,1912,1985,73
33485.jpg,1912,2000,88
33490.jpg,1912,1895,-17
33495.jpg,1912,2000,88
33500.jpg,1912,1980,68
33505.jpg,1912,1850,-62
33510.jpg,1912,1960,48
33515.jpg,1912,1920,8
33520.jpg,1912,1915,3
33525.jpg,1912,1910,-2
33530.jpg,1912,1900,-12
33535.jpg,1912,1920,8
33540.jpg,1912,1870,-42
33545.jpg,1912,1915,3
33550.jpg,1912,1920,8
33555.jpg,1912,1880,-32
33560.jpg,1912,1890,-22
33565.jpg,1912,1935,23
33570.jpg,1912,1925,13
33580.jpg,1912,1790,-122
33585.jpg,1912,1940,28
33590.jpg,1912,1880,-32
33595.jpg,1912,1905,-7
33600.jpg,1912,1910,-2
33605.jpg,1912,1910,-2
33615.jpg,1912,1925,13
33620.jpg,1912,1925,13
33625.jpg,1912,1880,-32
33630.jpg,1912,1880,-32
33635.jpg,1912,1915,3
33640.jpg,1912,1910,-2
33645.jpg,1912,1910,-2
33650.jpg,1912,1895,-17
33655.jpg,1912,1915,3
33660.jpg,1912,1900,-12
33665.jpg,1912,1870,-42
33670.jpg,1912,1895,-17
33675.jpg,1912,1990,78
33680.jpg,1912,1880,-32
33685.jpg,1912,1950,38
33690.jpg,1912,1970,58
33695.jpg,1912,1920,8
33700.jpg,1912,1910,-2
33705.jpg,1912,1895,-17
33710.jpg,1912,1920,8
33715.jpg,1912,1930,18
33720.jpg,1912,1880,-32
33725.jpg,1912,1925,13
33735.jpg,1912,1880,-32
33740.jpg,1912,1880,-32
33745.jpg,1912,1870,-42
33750.jpg,1912,1900,-12
33755.jpg,1912,1910,-2
33760.jpg,1912,1850,-62
33765.jpg,1913,1980,67
33770.jpg,1913,20,-1893
33775.jpg,1913,1880,-33
33780.jpg,1913,1915,2
33785.jpg,1913,1900,-13
33790.jpg,1913,1885,-28
33795.jpg,1913,1910,-3
33800.jpg,1913,1790,-123
33805.jpg,1913,20,-1893
33810.jpg,1913,1925,12
33815.jpg,1913,1960,47
33820.jpg,1913,1982,69
33825.jpg,1913,1920,7
33830.jpg,1913,1910,-3
33840.jpg,1913,1915,2
33845.jpg,1913,1925,12
33850.jpg,1913,20,-1893
33855.jpg,1913,1920,7
33860.jpg,1913,1910,-3
33865.jpg,1913,1870,-43
33870.jpg,1913,1920,7
33875.jpg,1913,1925,12
33880.jpg,1913,1925,12
33885.jpg,1913,1915,2
33890.jpg,1913,20,-1893
33895.jpg,1913,1970,57
33900.jpg,1913,1910,-3
33905.jpg,1913,1910,-3
33910.jpg,1913,1875,-38
33915.jpg,1913,1920,7
33920.jpg,1913,1915,2
33925.jpg,1913,1930,17
33930.jpg,1913,1915,2
33935.jpg,1913,1900,-13
33940.jpg,1913,1920,7
33945.jpg,1913,1915,2
33950.jpg,1913,1910,-3
33955.jpg,1913,2000,87
33960.jpg,1913,1910,-3
33965.jpg,1913,1930,17
33970.jpg,1913,1925,12
33975.jpg,1913,1915,2
33980.jpg,1913,1955,42
33985.jpg,1913,1958,45
33990.jpg,1913,1850,-63
33995.jpg,1913,1890,-23
34000.jpg,1913,20,-1893
34005.jpg,1913,1970,57
34010.jpg,1913,1980,67
34015.jpg,1913,1950,37
34020.jpg,1913,1870,-43
34025.jpg,1913,1900,-13
34030.jpg,1913,2000,87
34035.jpg,1913,1915,2
34040.jpg,1913,1910,-3
34045.jpg,1913,1890,-23
34050.jpg,1913,1925,12
34055.jpg,1913,1930,17
34060.jpg,1913,1950,37
34065.jpg,1913,1910,-3
34070.jpg,1913,1890,-23
34080.jpg,1913,1880,-33
34085.jpg,1913,1870,-43
34090.jpg,1913,1920,7
34095.jpg,1913,1980,67
34100.jpg,1913,1925,12
34105.jpg,1913,1890,-23
34110.jpg,1913,1890,-23
34115.jpg,1913,1890,-23
34120.jpg,1913,1950,37
34125.jpg,1913,1930,17
34130.jpg,1913,1910,-3
34135.jpg,1913,1925,12
34140.jpg,1913,1910,-3
34145.jpg,1913,1925,12
34150.jpg,1913,1880,-33
34155.jpg,1913,1895,-18
34160.jpg,1913,1880,-33
34165.jpg,1913,1920,7
34170.jpg,1913,1905,-8
34175.jpg,1913,1880,-33
34180.jpg,1913,1650,-263
34185.jpg,1913,1450,-463
34190.jpg,1913,2000,87
34195.jpg,1913,1820,-93
34200.jpg,1913,1880,-33
34205.jpg,1913,1890,-23
34210.jpg,1913,1900,-13
34215.jpg,1913,1935,22
34220.jpg,1913,1980,67
34225.jpg,1914,1910,-4
34230.jpg,1914,1900,-14
34235.jpg,1914,1935,21
34240.jpg,1914,1910,-4
34245.jpg,1914,1970,56
34250.jpg,1914,1925,11
34260.jpg,1914,2020,106
34265.jpg,1914,1925,11
34270.jpg,1914,1905,-9
34275.jpg,1914,1925,11
34280.jpg,1914,1780,-134
34285.jpg,1914,1890,-24
34290.jpg,1914,1910,-4
34295.jpg,1914,1915,1
34300.jpg,1914,1915,1
34305.jpg,1914,1920,6
34310.jpg,1914,1910,-4
34315.jpg,1914,1920,6
34320.jpg,1914,1920,6
34325.jpg,1914,1920,6
34330.jpg,1914,1920,6
34335.jpg,1914,1925,11
34345.jpg,1914,1900,-14
34350.jpg,1914,1930,16
34360.jpg,1914,1880,-34
34365.jpg,1914,1925,11
34370.jpg,1914,1930,16
34375.jpg,1914,1880,-34
34380.jpg,1914,1950,36
34385.jpg,1914,20,-1894
34390.jpg,1914,1920,6
34395.jpg,1914,1920,6
34400.jpg,1914,1890,-24
34405.jpg,1914,1900,-14
34410.jpg,1914,1985,71
34415.jpg,1914,1900,-14
34420.jpg,1914,1985,71
34425.jpg,1914,40,-1874
34430.jpg,1914,1930,16
34435.jpg,1914,1925,11
34440.jpg,1914,1920,6
34445.jpg,1914,1870,-44
34450.jpg,1914,1880,-34
34455.jpg,1914,1850,-64
34460.jpg,1914,1880,-34
34465.jpg,1914,1925,11
34470.jpg,1914,1980,66
34475.jpg,1914,19,-1895
34480.jpg,1914,1910,-4
34485.jpg,1914,1950,36
34490.jpg,1914,1925,11
34495.jpg,1914,1920,6
34500.jpg,1914,1900,-14
34505.jpg,1914,1980,66
34515.jpg,1914,1780,-134
34520.jpg,1914,1895,-19
34525.jpg,1914,1790,-124
34530.jpg,1914,1900,-14
34535.jpg,1914,1780,-134
34540.jpg,1914,1915,1
34545.jpg,1914,1928,14
34550.jpg,1914,1900,-14
34555.jpg,1914,1895,-19
34560.jpg,1914,1905,-9
34565.jpg,1914,1920,6
34570.jpg,1914,1890,-24
34575.jpg,1914,20,-1894
34580.jpg,1914,1975,61
34590.jpg,1914,1920,6
34595.jpg,1914,1955,41
34600.jpg,1914,1900,-14
34605.jpg,1914,1870,-44
34610.jpg,1914,1880,-34
34615.jpg,1914,1910,-4
34620.jpg,1914,1750,-164
34625.jpg,1914,1910,-4
34630.jpg,1914,1930,16
34635.jpg,1914,1870,-44
34640.jpg,1914,1930,16
34645.jpg,1914,1920,6
34650.jpg,1914,1890,-24
34655.jpg,1914,1915,1
34660.jpg,1914,1925,11
34665.jpg,1914,1910,-4
34670.jpg,1914,1900,-14
34675.jpg,1914,1915,1
34680.jpg,1914,1900,-14
34685.jpg,1914,1920,6
34690.jpg,1914,1890,-24
34695.jpg,1914,1890,-24
34700.jpg,1914,1900,-14
34705.jpg,1914,1950,36
34710.jpg,1914,1925,11
34715.jpg,1914,1870,-44
34720.jpg,1915,1820,-95
34725.jpg,1915,2000,85
34730.jpg,1915,1925,10
34735.jpg,1915,1930,15
34740.jpg,1915,1916,1
34750.jpg,1915,2000,85
34755.jpg,1915,1965,50
34765.jpg,1915,20,-1895
34770.jpg,1915,1930,15
34775.jpg,1915,1900,-15
34780.jpg,1915,1950,35
34785.jpg,1915,1920,5
34790.jpg,1915,1925,10
34795.jpg,1915,1925,10
34800.jpg,1915,1940,25
34805.jpg,1915,1910,-5
34810.jpg,1915,1920,5
34815.jpg,1915,1935,20
34820.jpg,1915,1970,55
34825.jpg,1915,1925,10
34830.jpg,1915,19,-1896
34835.jpg,1915,1915,0
34840.jpg,1915,1850,-65
34845.jpg,1915,1935,20
34850.jpg,1915,1925,10
34855.jpg,1915,1925,10
34860.jpg,1915,1930,15
34865.jpg,1915,1895,-20
34870.jpg,1915,1930,15
34875.jpg,1915,1950,35
34880.jpg,1915,1870,-45
34885.jpg,1915,1985,70
34890.jpg,1915,1500,-415
34895.jpg,1915,1890,-25
34900.jpg,1915,21,-1894
34905.jpg,1915,20,-1895
34910.jpg,1915,1950,35
34915.jpg,1915,1880,-35
34920.jpg,1915,1900,-15
34925.jpg,1915,1885,-30
34930.jpg,1915,1970,55
34935.jpg,1915,1915,0
34940.jpg,1915,1890,-25
34945.jpg,1915,1880,-35
34950.jpg,1915,1900,-15
34955.jpg,1915,1910,-5
34960.jpg,1915,1985,70
34965.jpg,1915,1980,65
34970.jpg,1915,1890,-25
34975.jpg,1915,1890,-25
34980.jpg,1915,1905,-10
34985.jpg,1915,20,-1895
34990.jpg,1915,1910,-5
34995.jpg,1915,1880,-35
35000.jpg,1915,1830,-85
35005.jpg,1915,1925,10
35010.jpg,1915,1980,65
35015.jpg,1915,1915,0
35020.jpg,1915,1915,0
35025.jpg,1915,1920,5
35030.jpg,1915,1915,0
35035.jpg,1915,1920,5
35040.jpg,1915,1870,-45
35045.jpg,1915,1920,5
35050.jpg,1915,2020,105
35055.jpg,1915,1910,-5
35060.jpg,1915,1910,-5
35065.jpg,1915,1920,5
35070.jpg,1915,1850,-65
35075.jpg,1915,1920,5
35080.jpg,1915,1935,20
35085.jpg,1915,1925,10
35090.jpg,1915,1920,5
35095.jpg,1915,2010,95
35100.jpg,1915,1900,-15
35105.jpg,1915,1935,20
35110.jpg,1915,1910,-5
35115.jpg,1915,1985,70
35120.jpg,1915,1920,5
35125.jpg,1915,1900,-15
35130.jpg,1915,1925,10
35135.jpg,1915,1850,-65
35140.jpg,1915,1900,-15
35145.jpg,1915,1975,60
35150.jpg,1915,1960,45
35155.jpg,1915,1920,5
35160.jpg,1916,1930,14
35165.jpg,1916,1960,44
35170.jpg,1916,1970,54
35175.jpg,1916,2000,84
35180.jpg,1916,1880,-36
35185.jpg,1916,1890,-26
35190.jpg,1916,1820,-96
35195.jpg,1916,1925,9
35200.jpg,1916,1880,-36
35205.jpg,1916,1925,9
35210.jpg,1916,1850,-66
35215.jpg,1916,1900,-16
35220.jpg,1916,1920,4
35225.jpg,1916,1930,14
35230.jpg,1916,1920,4
35235.jpg,1916,1900,-16
35240.jpg,1916,1920,4
35245.jpg,1916,1925,9
35250.jpg,1916,1915,-1
35255.jpg,1916,2020,104
35260.jpg,1916,1900,-16
35265.jpg,1916,1925,9
35270.jpg,1916,1925,9
35275.jpg,1916,1880,-36
35280.jpg,1916,1910,-6
35285.jpg,1916,1910,-6
35290.jpg,1916,1890,-26
35295.jpg,1916,1850,-66
35300.jpg,1916,1890,-26
35305.jpg,1916,1980,64
35310.jpg,1916,1870,-46
35315.jpg,1916,1850,-66
35320.jpg,1916,1950,34
35325.jpg,1916,1910,-6
35330.jpg,1916,1880,-36
35335.jpg,1916,1820,-96
35340.jpg,1916,1915,-1
35345.jpg,1916,1925,9
35350.jpg,1916,1920,4
35355.jpg,1916,1880,-36
35360.jpg,1916,1920,4
35365.jpg,1916,1910,-6
35370.jpg,1916,1870,-46
35375.jpg,1916,1880,-36
35380.jpg,1916,1915,-1
35385.jpg,1916,1910,-6
35390.jpg,1916,1940,24
35395.jpg,1916,1950,34
35400.jpg,1916,1915,-1
35405.jpg,1916,1880,-36
35410.jpg,1916,1950,34
35415.jpg,1916,1900,-16
35420.jpg,1916,1780,-136
35425.jpg,1916,1925,9
35430.jpg,1916,1925,9
35435.jpg,1916,1790,-126
35440.jpg,1916,20,-1896
35445.jpg,1916,1950,34
35450.jpg,1916,1925,9
35455.jpg,1916,1880,-36
35460.jpg,1916,1915,-1
35465.jpg,1916,1920,4
35470.jpg,1916,1900,-16
35475.jpg,1916,1895,-21
35480.jpg,1916,1920,4
35485.jpg,1916,1590,-326
35490.jpg,1916,1890,-26
35495.jpg,1916,1950,34
35500.jpg,1916,1920,4
35505.jpg,1916,1895,-21
35510.jpg,1916,1850,-66
35515.jpg,1916,1880,-36
35520.jpg,1916,1915,-1
35525.jpg,1916,1900,-16
35530.jpg,1916,1900,-16
35535.jpg,1917,1900,-17
35540.jpg,1917,1925,8
35545.jpg,1917,1915,-2
35550.jpg,1917,1910,-7
35555.jpg,1917,1925,8
35560.jpg,1917,20,-1897
35565.jpg,1917,1980,63
35570.jpg,1917,1920,3
35575.jpg,1917,1910,-7
35580.jpg,1917,1925,8
35585.jpg,1917,1870,-47
35590.jpg,1917,1925,8
35595.jpg,1917,1925,8
35600.jpg,1917,1910,-7
35605.jpg,1917,1925,8
35610.jpg,1917,1930,13
35615.jpg,1917,1890,-27
35620.jpg,1917,1945,28
35625.jpg,1917,1885,-32
35630.jpg,1917,1925,8
35635.jpg,1917,1920,3
35640.jpg,1917,1895,-22
35645.jpg,1917,1925,8
35650.jpg,1917,1920,3
35655.jpg,1917,1880,-37
35660.jpg,1917,1980,63
35665.jpg,1917,1980,63
35670.jpg,1917,1980,63
35675.jpg,1917,1900,-17
35680.jpg,1917,1950,33
35685.jpg,1917,1850,-67
35690.jpg,1917,1960,43
35695.jpg,1917,1910,-7
35700.jpg,1917,1925,8
35705.jpg,1917,1905,-12
35710.jpg,1917,1910,-7
35715.jpg,1917,1925,8
35720.jpg,1917,1965,48
35725.jpg,1917,2010,93
35730.jpg,1917,1980,63
35735.jpg,1917,20,-1897
35740.jpg,1917,1600,-317
35745.jpg,1917,1970,53
35750.jpg,1917,1920,3
35755.jpg,1917,1935,18
35760.jpg,1917,1918,1
35765.jpg,1917,1820,-97
35770.jpg,1917,1930,13
35775.jpg,1917,1920,3
35780.jpg,1917,1920,3
35785.jpg,1917,1980,63
35790.jpg,1917,1980,63
35795.jpg,1917,1870,-47
35800.jpg,1917,1925,8
35805.jpg,1917,1970,53
35810.jpg,1917,1915,-2
35815.jpg,1917,1915,-2
35820.jpg,1917,1930,13
35825.jpg,1917,1890,-27
35830.jpg,1917,1920,3
35835.jpg,1917,1925,8
35840.jpg,1917,1915,-2
35845.jpg,1917,1915,-2
35850.jpg,1917,1935,18
35855.jpg,1917,1930,13
35860.jpg,1917,1900,-17
35865.jpg,1917,1950,33
35870.jpg,1917,1940,23
35875.jpg,1917,1850,-67
35880.jpg,1917,1895,-22
35885.jpg,1917,1920,3
35890.jpg,1917,1900,-17
35895.jpg,1917,1890,-27
35900.jpg,1917,1890,-27
35905.jpg,1917,1925,8
35910.jpg,1917,1920,3
35915.jpg,1917,1925,8
35920.jpg,1918,1925,7
35925.jpg,1918,2000,82
35930.jpg,1918,1920,2
35935.jpg,1918,2000,82
35940.jpg,1918,1980,62
35945.jpg,1918,1930,12
35950.jpg,1918,1950,32
35955.jpg,1918,1950,32
35960.jpg,1918,1900,-18
35965.jpg,1918,1950,32
35970.jpg,1918,1930,12
35980.jpg,1918,1920,2
35985.jpg,1918,1920,2
35990.jpg,1918,2000,82
35995.jpg,1918,1950,32
36000.jpg,1918,1880,-38
36005.jpg,1918,1920,2
36010.jpg,1918,1925,7
36015.jpg,1918,1925,7
36020.jpg,1918,1915,-3
36025.jpg,1918,1900,-18
36030.jpg,1918,1930,12
36035.jpg,1918,1940,22
36040.jpg,1918,1910,-8
36045.jpg,1918,1900,-18
36050.jpg,1918,1900,-18
36055.jpg,1918,1850,-68
36060.jpg,1918,1970,52
36065.jpg,1918,1920,2
36070.jpg,1918,1910,-8
36075.jpg,1918,1900,-18
36080.jpg,1918,1910,-8
36085.jpg,1918,1880,-38
36090.jpg,1918,1925,7
36095.jpg,1918,1930,12
36100.jpg,1918,1930,12
36105.jpg,1918,1920,2
36110.jpg,1918,1900,-18
36115.jpg,1919,1920,1
36120.jpg,1919,1935,16
36130.jpg,1919,2010,91
36140.jpg,1919,1925,6
36145.jpg,1919,1920,1
36150.jpg,1919,1960,41
36155.jpg,1919,1970,51
36160.jpg,1919,1925,6
36165.jpg,1919,20,-1899
36170.jpg,1919,1850,-69
36175.jpg,1919,1950,31
36180.jpg,1919,1970,51
36190.jpg,1919,1960,41
36195.jpg,1919,1850,-69
36200.jpg,1919,2010,91
36205.jpg,1919,2010,91
36210.jpg,1919,1920,1
36215.jpg,1919,1920,1
36225.jpg,1919,1925,6
36230.jpg,1919,1890,-29
36235.jpg,1919,1910,-9
36240.jpg,1919,1920,1
36245.jpg,1919,1910,-9
36250.jpg,1919,1930,11
36255.jpg,1919,1870,-49
36260.jpg,1919,2000,81
36265.jpg,1919,1890,-29
36270.jpg,1919,1895,-24
36275.jpg,1919,1930,11
36280.jpg,1919,1780,-139
36285.jpg,1919,1910,-9
36290.jpg,1919,2000,81
36295.jpg,1919,1915,-4
36300.jpg,1919,1925,6
36305.jpg,1919,1910,-9
36310.jpg,1919,1900,-19
36315.jpg,1919,1850,-69
36320.jpg,1919,2000,81
36325.jpg,1919,1925,6
36330.jpg,1919,1930,11
36335.jpg,1919,1935,16
36340.jpg,1919,1920,1
36345.jpg,1919,1925,6
36350.jpg,1920,1950,30
36355.jpg,1920,1920,0
36360.jpg,1920,1925,5
36365.jpg,1920,1975,55
36370.jpg,1920,1980,60
36375.jpg,1920,1930,10
36385.jpg,1920,1950,30
36390.jpg,1920,1890,-30
36395.jpg,1920,1955,35
36400.jpg,1920,1880,-40
36405.jpg,1920,1915,-5
36410.jpg,1920,1950,30
36415.jpg,1920,1880,-40
36420.jpg,1920,20,-1900
36425.jpg,1920,2005,85
36430.jpg,1920,1890,-30
36435.jpg,1920,1900,-20
36440.jpg,1920,1920,0
36445.jpg,1920,1880,-40
36450.jpg,1920,1950,30
36455.jpg,1920,1750,-170
36460.jpg,1920,1900,-20
36465.jpg,1920,1910,-10
36470.jpg,1920,1880,-40
36475.jpg,1920,1880,-40
36480.jpg,1920,1905,-15
36485.jpg,1920,1915,-5
36490.jpg,1920,1990,70
36495.jpg,1920,1930,10
36500.jpg,1920,1910,-10
36505.jpg,1920,1920,0
36510.jpg,1920,1880,-40
36515.jpg,1920,1900,-20
36520.jpg,1920,1880,-40
36525.jpg,1920,1880,-40
36530.jpg,1920,1925,5
36535.jpg,1920,1900,-20
36540.jpg,1920,1915,-5
36545.jpg,1920,1950,30
36550.jpg,1920,1910,-10
36555.jpg,1920,1780,-140
36560.jpg,1920,1915,-5
36565.jpg,1920,1850,-70
36570.jpg,1920,1925,5
36575.jpg,1920,1900,-20
36580.jpg,1920,1960,40
36585.jpg,1920,1920,0
36590.jpg,1920,1900,-20
36595.jpg,1920,1830,-90
36600.jpg,1920,1980,60
36605.jpg,1920,1875,-45
36610.jpg,1920,1925,5
36615.jpg,1920,1650,-270
36620.jpg,1920,1920,0
36625.jpg,1920,1980,60
36630.jpg,1920,1925,5
36635.jpg,1920,1910,-10
36640.jpg,1920,1880,-40
36650.jpg,1920,1950,30
36655.jpg,1920,1910,-10
36660.jpg,1920,1910,-10
36665.jpg,1920,1940,20
36670.jpg,1920,1900,-20
36675.jpg,1920,1920,0
36680.jpg,1920,1895,-25
36685.jpg,1920,1850,-70
36690.jpg,1921,1930,9
36695.jpg,1921,1955,34
36700.jpg,1921,1970,49
36705.jpg,1921,1975,54
36710.jpg,1921,1925,4
36715.jpg,1921,1920,-1
36720.jpg,1921,2000,79
36725.jpg,1921,1920,-1
36735.jpg,1921,2000,79
36740.jpg,1921,1920,-1
36745.jpg,1921,1925,4
36750.jpg,1921,1925,4
36755.jpg,1921,1920,-1
36760.jpg,1921,1850,-71
36765.jpg,1921,1925,4
36770.jpg,1921,1950,29
36775.jpg,1921,1930,9
36780.jpg,1921,1925,4
36785.jpg,1921,1925,4
36790.jpg,1921,1920,-1
36795.jpg,1921,1920,-1
36800.jpg,1921,1900,-21
36805.jpg,1921,1890,-31
36810.jpg,1921,1890,-31
36815.jpg,1921,2000,79
36820.jpg,1921,1930,9
36830.jpg,1921,1940,19
36835.jpg,1921,1910,-11
36840.jpg,1921,1925,4
36845.jpg,1921,1955,34
36850.jpg,1921,1920,-1
36855.jpg,1921,1880,-41
36860.jpg,1921,1925,4
36870.jpg,1921,1950,29
36875.jpg,1921,1920,-1
36880.jpg,1921,1750,-171
36885.jpg,1921,1920,-1
36890.jpg,1921,1870,-51
36895.jpg,1921,1960,39
36900.jpg,1921,2020,99
36905.jpg,1921,1925,4
36910.jpg,1921,1920,-1
36920.jpg,1921,1925,4
36925.jpg,1921,1970,49
36930.jpg,1921,1890,-31
36935.jpg,1921,1920,-1
36940.jpg,1921,1880,-41
36945.jpg,1921,1925,4
36950.jpg,1921,1910,-11
36955.jpg,1921,1900,-21
36960.jpg,1921,1850,-71
36965.jpg,1921,1940,19
36970.jpg,1922,1880,-42
36975.jpg,1922,1875,-47
36980.jpg,1922,1905,-17
36985.jpg,1922,1930,8
36990.jpg,1922,1930,8
36995.jpg,1922,2000,78
37000.jpg,1922,1980,58
37005.jpg,1922,1980,58
37010.jpg,1922,1921,-1
37015.jpg,1922,1980,58
37020.jpg,1922,1880,-42
37025.jpg,1922,1920,-2
37030.jpg,1922,1950,28
37045.jpg,1922,1910,-12
37050.jpg,1922,1900,-22
37055.jpg,1922,1890,-32
37060.jpg,1922,1920,-2
37065.jpg,1922,1920,-2
37070.jpg,1922,1930,8
37075.jpg,1922,1920,-2
37080.jpg,1922,1950,28
37085.jpg,1922,1820,-102
37090.jpg,1922,1925,3
37095.jpg,1922,1925,3
37100.jpg,1922,1880,-42
37105.jpg,1922,1920,-2
37110.jpg,1922,1870,-52
37115.jpg,1922,1850,-72
37120.jpg,1922,1930,8
37125.jpg,1922,1915,-7
37130.jpg,1922,1950,28
37135.jpg,1922,1900,-22
37140.jpg,1922,21,-1901
37145.jpg,1922,1880,-42
37150.jpg,1922,1880,-42
37155.jpg,1922,1925,3
37160.jpg,1922,1920,-2
37165.jpg,1922,1925,3
37170.jpg,1922,1950,28
37175.jpg,1922,1900,-22
37180.jpg,1922,1830,-92
37185.jpg,1922,1890,-32
37190.jpg,1922,1915,-7
37195.jpg,1922,1920,-2
37200.jpg,1922,1920,-2
37205.jpg,1922,1990,68
37210.jpg,1922,1935,13
37215.jpg,1922,2000,78
37220.jpg,1922,1910,-12
37225.jpg,1922,1980,58
37230.jpg,1922,1880,-42
37235.jpg,1922,1910,-12
37240.jpg,1922,1920,-2
37245.jpg,1922,1993,71
37250.jpg,1922,1890,-32
37255.jpg,1922,2015,93
37260.jpg,1922,1890,-32
37270.jpg,1922,1930,8
37275.jpg,1922,1925,3
37280.jpg,1922,2000,78
37285.jpg,1922,1975,53
37290.jpg,1922,1870,-52
37295.jpg,1922,1880,-42
37300.jpg,1922,1850,-72
37305.jpg,1922,1925,3
37310.jpg,1923,1930,7
37315.jpg,1923,1925,2
37320.jpg,1923,1930,7
37330.jpg,1923,2000,77
37335.jpg,1923,1950,27
37340.jpg,1923,1995,72
37345.jpg,1923,2010,87
37355.jpg,1923,1900,-23
37360.jpg,1923,1910,-13
37365.jpg,1923,1935,12
37370.jpg,1923,1920,-3
37375.jpg,1923,1920,-3
37380.jpg,1923,1935,12
37385.jpg,1923,1950,27
37390.jpg,1923,1925,2
37395.jpg,1923,1935,12
37400.jpg,1923,1930,7
37405.jpg,1923,1925,2
37410.jpg,1923,1925,2
37415.jpg,1923,1925,2
37420.jpg,1923,1935,12
37425.jpg,1923,2015,92
37430.jpg,1923,1890,-33
37435.jpg,1923,1910,-13
37440.jpg,1923,1920,-3
37445.jpg,1923,1910,-13
37450.jpg,1923,1930,7
37455.jpg,1923,1930,7
37460.jpg,1923,1980,57
37465.jpg,1923,1935,12
37470.jpg,1923,1890,-33
37475.jpg,1923,1920,-3
37480.jpg,1923,1925,2
37485.jpg,1923,1850,-73
37490.jpg,1923,1935,12
37495.jpg,1923,1950,27
37500.jpg,1923,1950,27
37505.jpg,1923,1900,-23
37510.jpg,1923,1915,-8
37515.jpg,1923,1935,12
37520.jpg,1923,1920,-3
37525.jpg,1923,1850,-73
37530.jpg,1923,1925,2
37535.jpg,1923,1925,2
37540.jpg,1923,1940,17
37545.jpg,1923,1925,2
37550.jpg,1923,1925,2
37555.jpg,1923,1950,27
37560.jpg,1923,1950,27
37565.jpg,1923,1890,-33
37570.jpg,1923,1915,-8
37575.jpg,1923,1910,-13
37580.jpg,1923,1870,-53
37585.jpg,1923,1750,-173
37590.jpg,1923,1915,-8
37595.jpg,1923,1700,-223
37600.jpg,1923,1950,27
37605.jpg,1923,1870,-53
37610.jpg,1923,1890,-33
37615.jpg,1923,1875,-48
37620.jpg,1923,2010,87
37625.jpg,1923,1940,17
37630.jpg,1923,1925,2
37635.jpg,1923,1950,27
37640.jpg,1923,2000,77
37645.jpg,1923,1875,-48
37650.jpg,1923,1950,27
37655.jpg,1923,1960,37
37660.jpg,1923,1895,-28
37665.jpg,1923,1930,7
37670.jpg,1924,1925,1
37675.jpg,1924,2000,76
37680.jpg,1924,1925,1
37685.jpg,1924,1895,-29
37690.jpg,1924,1870,-54
37695.jpg,1924,1935,11
37700.jpg,1924,1900,-24
37705.jpg,1924,2000,76
37710.jpg,1924,2020,96
37715.jpg,1924,1950,26
37720.jpg,1924,1970,46
37725.jpg,1924,21,-1903
37730.jpg,1924,1980,56
37735.jpg,1924,1925,1
37740.jpg,1924,1930,6
37745.jpg,1924,1930,6
37750.jpg,1924,1925,1
37755.jpg,1924,1925,1
37760.jpg,1924,1910,-14
37765.jpg,1924,1910,-14
37770.jpg,1924,20,-1904
37775.jpg,1924,1920,-4
37780.jpg,1924,20,-1904
37785.jpg,1924,1900,-24
37790.jpg,1924,1950,26
37795.jpg,1924,1920,-4
37805.jpg,1924,1930,6
37810.jpg,1924,1935,11
37815.jpg,1924,1920,-4
37820.jpg,1924,1850,-74
37825.jpg,1924,1920,-4
37830.jpg,1924,1880,-44
37835.jpg,1924,20,-1904
37845.jpg,1924,2005,81
37850.jpg,1924,1930,6
37855.jpg,1924,1880,-44
37860.jpg,1924,1850,-74
37865.jpg,1924,2000,76
37870.jpg,1924,1915,-9
37875.jpg,1924,2010,86
37880.jpg,1924,1925,1
37885.jpg,1924,1980,56
37890.jpg,1924,1950,26
37895.jpg,1924,1930,6
37900.jpg,1924,1935,11
37905.jpg,1924,1850,-74
37910.jpg,1924,1935,11
37915.jpg,1924,2000,76
37920.jpg,1924,1980,56
37925.jpg,1924,1910,-14
37930.jpg,1924,1915,-9
37935.jpg,1924,1780,-144
37940.jpg,1924,1925,1
37945.jpg,1924,1960,36
37950.jpg,1924,1750,-174
37955.jpg,1924,2000,76
37960.jpg,1924,2000,76
37965.jpg,1924,1960,36
37970.jpg,1924,1920,-4
37975.jpg,1924,1895,-29
37980.jpg,1924,1900,-24
37985.jpg,1924,2015,91
37990.jpg,1924,1955,31
37995.jpg,1924,1930,6
38000.jpg,1924,1914,-10
38005.jpg,1924,1880,-44
38010.jpg,1924,1920,-4
38015.jpg,1924,1920,-4
38020.jpg,1924,1750,-174
38025.jpg,1924,1930,6
38030.jpg,1924,1920,-4
38035.jpg,1924,1890,-34
38040.jpg,1924,1895,-29
38045.jpg,1924,1930,6
38050.jpg,1924,2015,91
38055.jpg,1924,1925,1
38060.jpg,1924,1880,-44
38065.jpg,1924,1930,6
38070.jpg,1924,1920,-4
38075.jpg,1924,1940,16
38080.jpg,1925,1900,-25
38085.jpg,1925,1900,-25
38090.jpg,1925,1950,25
38095.jpg,1925,1935,10
38100.jpg,1925,1930,5
38105.jpg,1925,1930,5
38110.jpg,1925,1935,10
38115.jpg,1925,1980,55
38120.jpg,1925,2020,95
38125.jpg,1925,1980,55
38130.jpg,1925,2020,95
38135.jpg,1925,2000,75
38140.jpg,1925,1900,-25
38145.jpg,1925,1935,10
38150.jpg,1925,1925,0
38155.jpg,1925,1820,-105
38160.jpg,1925,1870,-55
38165.jpg,1925,1910,-15
38170.jpg,1925,1910,-15
38175.jpg,1925,1850,-75
38180.jpg,1925,1980,55
38185.jpg,1925,1930,5
38190.jpg,1925,1950,25
38195.jpg,1925,1910,-15
38200.jpg,1925,1920,-5
38205.jpg,1925,1930,5
38210.jpg,1925,1910,-15
38215.jpg,1925,1890,-35
38220.jpg,1925,1940,15
38225.jpg,1925,1925,0
38230.jpg,1925,1910,-15
38235.jpg,1925,1950,25
38245.jpg,1925,1935,10
38255.jpg,1925,1980,55
38260.jpg,1925,1975,50
38265.jpg,1925,1925,0
38270.jpg,1925,1930,5
38275.jpg,1925,1955,30
38280.jpg,1925,20,-1905
38285.jpg,1925,2000,75
38290.jpg,1925,1850,-75
38295.jpg,1925,1925,0
38300.jpg,1925,1880,-45
38305.jpg,1925,1930,5
38310.jpg,1925,1900,-25
38315.jpg,1925,20,-1905
38320.jpg,1925,1915,-10
38325.jpg,1925,1930,5
38330.jpg,1925,1945,20
38335.jpg,1925,1920,-5
38340.jpg,1925,1930,5
38345.jpg,1925,1910,-15
38350.jpg,1925,1950,25
38355.jpg,1925,1940,15
38360.jpg,1925,1915,-10
38365.jpg,1925,1920,-5
38370.jpg,1925,1920,-5
38375.jpg,1925,1925,0
38380.jpg,1925,1920,-5
38385.jpg,1925,1955,30
38390.jpg,1925,1915,-10
38395.jpg,1925,1930,5
38400.jpg,1925,1400,-525
38405.jpg,1925,1935,10
38410.jpg,1925,1895,-30
38415.jpg,1925,1940,15
38420.jpg,1925,1890,-35
38425.jpg,1925,1910,-15
38435.jpg,1925,1950,25
38440.jpg,1925,1925,0
38450.jpg,1925,1915,-10
38455.jpg,1925,1980,55
38460.jpg,1925,1980,55
38465.jpg,1925,1935,10
38470.jpg,1925,1935,10
38475.jpg,1925,1910,-15
38480.jpg,1925,1890,-35
38490.jpg,1925,1850,-75
38495.jpg,1925,1920,-5
38500.jpg,1925,1914,-11
38505.jpg,1925,1920,-5
38510.jpg,1925,1915,-10
38515.jpg,1926,1900,-26
38520.jpg,1926,1880,-46
38525.jpg,1926,1925,-1
38530.jpg,1926,1920,-6
38535.jpg,1926,1925,-1
38540.jpg,1926,1930,4
38545.jpg,1926,1890,-36
38550.jpg,1926,1920,-6
38555.jpg,1926,1935,9
38560.jpg,1926,1920,-6
38565.jpg,1926,1880,-46
38570.jpg,1926,1930,4
38575.jpg,1926,1975,49
38580.jpg,1926,1980,54
38585.jpg,1926,1960,34
38590.jpg,1926,1980,54
38595.jpg,1926,2020,94
38600.jpg,1926,1900,-26
38605.jpg,1926,2020,94
38610.jpg,1926,1920,-6
38620.jpg,1926,1925,-1
38625.jpg,1926,1955,29
38630.jpg,1926,1950,24
38635.jpg,1926,1930,4
38640.jpg,1926,1985,59
38645.jpg,1926,1960,34
38650.jpg,1926,1950,24
38655.jpg,1926,1950,24
38660.jpg,1926,1930,4
38665.jpg,1926,1960,34
38670.jpg,1926,1930,4
38675.jpg,1926,1950,24
38680.jpg,1926,1925,-1
38685.jpg,1926,1925,-1
38690.jpg,1926,1910,-16
38695.jpg,1926,1930,4
38700.jpg,1926,1890,-36
38705.jpg,1926,1790,-136
38710.jpg,1926,1900,-26
38715.jpg,1926,1910,-16
38720.jpg,1926,1915,-11
38725.jpg,1926,1920,-6
38730.jpg,1926,1895,-31
38735.jpg,1926,21,-1905
38740.jpg,1926,2010,84
38745.jpg,1926,1915,-11
38750.jpg,1926,1925,-1
38755.jpg,1926,1930,4
38760.jpg,1926,1950,24
38765.jpg,1926,1950,24
38770.jpg,1926,1910,-16
38775.jpg,1926,1750,-176
38780.jpg,1926,1935,9
38785.jpg,1926,1890,-36
38790.jpg,1926,1925,-1
38795.jpg,1926,1925,-1
38800.jpg,1926,1920,-6
38805.jpg,1926,1910,-16
38810.jpg,1926,1915,-11
38815.jpg,1926,20,-1906
38820.jpg,1926,1920,-6
38825.jpg,1926,1905,-21
38830.jpg,1926,1905,-21
38835.jpg,1926,1890,-36
38840.jpg,1926,1920,-6
38845.jpg,1926,1950,24
38850.jpg,1926,1930,4
38855.jpg,1926,1950,24
38860.jpg,1926,1960,34
38865.jpg,1926,1935,9
38870.jpg,1926,1930,4
38875.jpg,1926,1920,-6
38880.jpg,1926,1930,4
38885.jpg,1926,1790,-136
38890.jpg,1926,1920,-6
38895.jpg,1926,1950,24
38905.jpg,1926,1890,-36
38910.jpg,1926,1905,-21
38915.jpg,1926,2010,84
38920.jpg,1926,1930,4
38925.jpg,1926,1920,-6
38930.jpg,1926,1950,24
38935.jpg,1926,1890,-36
38940.jpg,1926,1920,-6
38945.jpg,1926,1925,-1
38950.jpg,1926,1910,-16
38955.jpg,1926,2020,94
38960.jpg,1926,1750,-176
38965.jpg,1926,1900,-26
38970.jpg,1926,1925,-1
38975.jpg,1926,1920,-6
38980.jpg,1926,2000,74
38985.jpg,1926,1935,9
38990.jpg,1926,1950,24
38995.jpg,1927,1880,-47
39000.jpg,1927,1920,-7
39005.jpg,1927,1900,-27
39010.jpg,1927,2000,73
39020.jpg,1927,2023,96
39025.jpg,1927,1915,-12
39030.jpg,1927,1910,-17
39035.jpg,1927,1925,-2
39040.jpg,1927,1945,18
39045.jpg,1927,1920,-7
39050.jpg,1927,1925,-2
39055.jpg,1927,1930,3
39060.jpg,1927,1925,-2
39065.jpg,1927,1920,-7
39070.jpg,1927,1935,8
39075.jpg,1927,1930,3
39080.jpg,1927,1935,8
39085.jpg,1927,1980,53
39090.jpg,1927,2010,83
39110.jpg,1927,2000,73
39115.jpg,1927,1910,-17
39120.jpg,1927,1925,-2
39125.jpg,1927,1890,-37
39130.jpg,1927,1900,-27
39135.jpg,1927,1935,8
39140.jpg,1927,1890,-37
39145.jpg,1927,1960,33
39150.jpg,1927,1920,-7
39155.jpg,1927,1930,3
39160.jpg,1927,1915,-12
39165.jpg,1927,1935,8
39170.jpg,1927,1900,-27
39175.jpg,1927,1960,33
39180.jpg,1927,1895,-32
39185.jpg,1927,1930,3
39190.jpg,1927,1925,-2
39195.jpg,1927,1940,13
39200.jpg,1927,1930,3
39205.jpg,1927,1930,3
39210.jpg,1927,2000,73
39215.jpg,1927,1925,-2
39220.jpg,1927,2000,73
39225.jpg,1927,1900,-27
39230.jpg,1927,1895,-32
39235.jpg,1927,1900,-27
39240.jpg,1927,1920,-7
39245.jpg,1927,1950,23
39250.jpg,1927,1910,-17
39255.jpg,1927,1910,-17
39260.jpg,1927,1960,33
39265.jpg,1927,1920,-7
39270.jpg,1927,1930,3
39275.jpg,1927,1920,-7
39280.jpg,1927,1905,-22
39285.jpg,1927,1940,13
39290.jpg,1927,1980,53
39295.jpg,1927,1950,23
39300.jpg,1927,1930,3
39305.jpg,1927,1940,13
39310.jpg,1927,1920,-7
39315.jpg,1927,1980,53
39320.jpg,1927,1800,-127
39325.jpg,1927,1950,23
39330.jpg,1927,1930,3
39335.jpg,1927,1925,-2
39340.jpg,1927,1925,-2
39345.jpg,1927,1915,-12
39350.jpg,1927,1920,-7
39355.jpg,1927,1950,23
39360.jpg,1927,1935,8
39365.jpg,1927,1930,3
39370.jpg,1927,2000,73
39375.jpg,1927,1850,-77
39380.jpg,1927,1930,3
39385.jpg,1927,1920,-7
39390.jpg,1927,1980,53
39395.jpg,1927,1800,-127
39400.jpg,1927,1920,-7
39405.jpg,1927,1950,23
39410.jpg,1927,1965,38
39415.jpg,1927,1900,-27
39420.jpg,1927,1930,3
39425.jpg,1927,1925,-2
39430.jpg,1927,1935,8
39435.jpg,1927,1900,-27
39440.jpg,1927,1925,-2
39445.jpg,1927,1930,3
39450.jpg,1927,1880,-47
39455.jpg,1927,1880,-47
39460.jpg,1927,1950,23
39465.jpg,1927,1905,-22
39470.jpg,1927,1600,-327
39475.jpg,1927,1925,-2
39480.jpg,1927,1910,-17
39485.jpg,1927,2000,73
39490.jpg,1927,1850,-77
39495.jpg,1927,1920,-7
39500.jpg,1927,1925,-2
39505.jpg,1927,1880,-47
39510.jpg,1928,1915,-13
39515.jpg,1928,1925,-3
39520.jpg,1928,1925,-3
39525.jpg,1928,1925,-3
39530.jpg,1928,1930,2
39535.jpg,1928,1930,2
39540.jpg,1928,1920,-8
39545.jpg,1928,1920,-8
39550.jpg,1928,1925,-3
39555.jpg,1928,1925,-3
39560.jpg,1928,1925,-3
39565.jpg,1928,1930,2
39570.jpg,1928,1890,-38
39575.jpg,1928,2010,82
39580.jpg,1928,1925,-3
39585.jpg,1928,1950,22
39590.jpg,1928,1910,-18
39595.jpg,1928,1920,-8
39600.jpg,1928,2010,82
39605.jpg,1928,2018,90
39610.jpg,1928,1995,67
39615.jpg,1928,2010,82
39620.jpg,1928,1820,-108
39625.jpg,1928,1880,-48
39630.jpg,1928,1930,2
39635.jpg,1928,1950,22
39640.jpg,1928,1890,-38
39645.jpg,1928,1930,2
39650.jpg,1928,1920,-8
39655.jpg,1928,1910,-18
39660.jpg,1928,1920,-8
39665.jpg,1928,1920,-8
39670.jpg,1928,1925,-3
39675.jpg,1928,1925,-3
39680.jpg,1928,1925,-3
39685.jpg,1928,1930,2
39690.jpg,1928,1925,-3
39695.jpg,1928,1935,7
39700.jpg,1928,1925,-3
39705.jpg,1928,1910,-18
39710.jpg,1928,1925,-3
39715.jpg,1928,1900,-28
39720.jpg,1928,1935,7
39725.jpg,1928,1935,7
39730.jpg,1928,1955,27
39735.jpg,1928,1920,-8
39740.jpg,1928,2000,72
39745.jpg,1928,2000,72
39750.jpg,1928,1920,-8
39755.jpg,1928,1900,-28
39760.jpg,1928,1850,-78
39765.jpg,1928,1963,35
39770.jpg,1928,1780,-148
39775.jpg,1928,1925,-3
39780.jpg,1928,1880,-48
39785.jpg,1928,1920,-8
39790.jpg,1928,1910,-18
39795.jpg,1928,1930,2
39800.jpg,1928,1930,2
39805.jpg,1928,1930,2
39810.jpg,1928,1975,47
39815.jpg,1928,1925,-3
39820.jpg,1928,1880,-48
39825.jpg,1928,1925,-3
39830.jpg,1928,1950,22
39835.jpg,1928,1925,-3
39840.jpg,1928,1780,-148
39845.jpg,1928,1890,-38
39850.jpg,1928,1950,22
39855.jpg,1928,1920,-8
39860.jpg,1928,1925,-3
39865.jpg,1928,1850,-78
39870.jpg,1928,1920,-8
39875.jpg,1928,1925,-3
39880.jpg,1928,1930,2
39885.jpg,1928,1910,-18
39890.jpg,1928,1910,-18
39895.jpg,1928,1920,-8
39900.jpg,1928,2000,72
39905.jpg,1928,1880,-48
39910.jpg,1928,1930,2
39915.jpg,1928,1870,-58
39920.jpg,1928,1950,22
39925.jpg,1928,1910,-18
39930.jpg,1928,1890,-38
39935.jpg,1928,1930,2
39940.jpg,1928,1925,-3
39945.jpg,1928,1925,-3
39950.jpg,1928,1980,52
39955.jpg,1928,1890,-38
39960.jpg,1928,1895,-33
39965.jpg,1928,1930,2
39970.jpg,1928,1935,7
39975.jpg,1928,1910,-18
39980.jpg,1928,1890,-38
39985.jpg,1928,1920,-8
39990.jpg,1928,1930,2
39995.jpg,1928,1925,-3
40000.jpg,1928,1925,-3
40010.jpg,1928,1980,52
40015.jpg,1928,1930,2
40020.jpg,1928,1915,-13
40025.jpg,1928,1930,2
40030.jpg,1928,1920,-8
40035.jpg,1928,1910,-18
40040.jpg,1928,1940,12
40045.jpg,1929,1900,-29
40050.jpg,1929,1930,1
40055.jpg,1929,1935,6
40060.jpg,1929,1930,1
40065.jpg,1929,1920,-9
40070.jpg,1929,1930,1
40075.jpg,1929,1930,1
40080.jpg,1929,1920,-9
40095.jpg,1929,1955,26
40105.jpg,1929,1870,-59
40110.jpg,1929,1930,1
40115.jpg,1929,1935,6
40120.jpg,1929,1890,-39
40125.jpg,1929,1950,21
40130.jpg,1929,1925,-4
40135.jpg,1929,1880,-49
40140.jpg,1929,1980,51
40145.jpg,1929,1930,1
40150.jpg,1929,1930,1
40155.jpg,1929,1920,-9
40160.jpg,1929,1965,36
40165.jpg,1929,1925,-4
40170.jpg,1929,1935,6
40175.jpg,1929,1935,6
40180.jpg,1929,1935,6
40185.jpg,1929,1925,-4
40190.jpg,1929,1890,-39
40195.jpg,1929,1960,31
40200.jpg,1929,1930,1
40205.jpg,1929,1920,-9
40210.jpg,1929,1935,6
40215.jpg,1929,20,-1909
40220.jpg,1929,1910,-19
40225.jpg,1929,1925,-4
40230.jpg,1929,1880,-49
40235.jpg,1929,1910,-19
40240.jpg,1929,1895,-34
40245.jpg,1929,1910,-19
40250.jpg,1929,1950,21
40255.jpg,1929,1950,21
40260.jpg,1929,1890,-39
40265.jpg,1929,1990,61
40270.jpg,1929,1950,21
40275.jpg,1929,1950,21
40280.jpg,1929,1900,-29
40285.jpg,1929,1950,21
40290.jpg,1929,1880,-49
40295.jpg,1929,1870,-59
40305.jpg,1929,1950,21
40310.jpg,1929,1925,-4
40315.jpg,1929,1920,-9
40320.jpg,1929,1950,21
40325.jpg,1929,1910,-19
40330.jpg,1929,2015,86
40335.jpg,1929,1800,-129
40340.jpg,1929,1880,-49
40345.jpg,1929,1900,-29
40350.jpg,1929,1500,-429
40355.jpg,1929,1920,-9
40360.jpg,1929,1925,-4
40365.jpg,1929,1925,-4
40370.jpg,1929,1920,-9
40375.jpg,1929,1915,-14
40380.jpg,1929,1900,-29
40385.jpg,1929,1930,1
40390.jpg,1929,1930,1
40395.jpg,1929,1900,-29
40400.jpg,1929,1920,-9
40405.jpg,1929,1895,-34
40410.jpg,1929,1890,-39
40415.jpg,1929,1930,1
40420.jpg,1929,1910,-19
40425.jpg,1929,1880,-49
40430.jpg,1929,1905,-24
40435.jpg,1929,1935,6
40440.jpg,1929,1900,-29
40450.jpg,1929,1915,-14
40455.jpg,1929,1950,21
40460.jpg,1929,1990,61
40465.jpg,1929,1920,-9
40470.jpg,1929,1925,-4
40475.jpg,1929,1935,6
40480.jpg,1929,1930,1
40485.jpg,1929,1930,1
40490.jpg,1929,1930,1
40495.jpg,1929,1980,51
40500.jpg,1929,1930,1
40505.jpg,1929,1980,51
40510.jpg,1929,1915,-14
40515.jpg,1929,1925,-4
40520.jpg,1929,1925,-4
40525.jpg,1929,1880,-49
40530.jpg,1929,1925,-4
40535.jpg,1929,1920,-9
40540.jpg,1930,19,-1911
40545.jpg,1930,2000,70
40550.jpg,1930,1950,20
40555.jpg,1930,1930,0
40560.jpg,1930,2020,90
40565.jpg,1930,1995,65
40570.jpg,1930,1955,25
40575.jpg,1930,1920,-10
40580.jpg,1930,1930,0
40585.jpg,1930,1930,0
40590.jpg,1930,1870,-60
40595.jpg,1930,1920,-10
40600.jpg,1930,1910,-20
40605.jpg,1930,1950,20
40610.jpg,1930,1850,-80
40615.jpg,1930,1915,-15
40620.jpg,1930,1900,-30
40625.jpg,1930,1940,10
40630.jpg,1930,1925,-5
40635.jpg,1930,1910,-20
40640.jpg,1930,1930,0
40645.jpg,1930,2000,70
40650.jpg,1930,20,-1910
40655.jpg,1930,1920,-10
40660.jpg,1930,1780,-150
40665.jpg,1930,1900,-30
40670.jpg,1930,1980,50
40675.jpg,1930,1880,-50
40680.jpg,1930,1800,-130
40685.jpg,1930,1935,5
40690.jpg,1930,1930,0
40695.jpg,1930,1920,-10
40700.jpg,1930,1900,-30
40705.jpg,1930,1955,25
40710.jpg,1930,1790,-140
40715.jpg,1930,1915,-15
40720.jpg,1930,1990,60
40725.jpg,1930,1960,30
40730.jpg,1930,1895,-35
40735.jpg,1930,1980,50
40740.jpg,1930,1900,-30
40745.jpg,1930,1925,-5
40750.jpg,1930,1930,0
40755.jpg,1930,1935,5
40760.jpg,1930,1950,20
40765.jpg,1930,1900,-30
40770.jpg,1930,1890,-40
40775.jpg,1930,1895,-35
40780.jpg,1930,1980,50
40785.jpg,1930,1950,20
40790.jpg,1930,1935,5
40795.jpg,1930,1925,-5
40800.jpg,1930,1895,-35
40805.jpg,1930,1925,-5
40810.jpg,1930,1925,-5
40815.jpg,1930,1910,-20
40820.jpg,1930,1935,5
40825.jpg,1930,1915,-15
40830.jpg,1930,1960,30
40835.jpg,1930,1950,20
40840.jpg,1930,1870,-60
40845.jpg,1930,1950,20
40850.jpg,1930,1930,0
40855.jpg,1930,1925,-5
40860.jpg,1930,1920,-10
40865.jpg,1930,1880,-50
40870.jpg,1930,1920,-10
40875.jpg,1930,1925,-5
40885.jpg,1930,1960,30
40890.jpg,1930,1930,0
40895.jpg,1930,1850,-80
40900.jpg,1930,1985,55
40905.jpg,1930,1900,-30
40910.jpg,1930,1925,-5
40915.jpg,1930,1925,-5
40920.jpg,1930,1920,-10
40925.jpg,1930,1950,20
40930.jpg,1930,1930,0
40935.jpg,1930,1950,20
40940.jpg,1930,1915,-15
40950.jpg,1930,1925,-5
40960.jpg,1930,1935,5
40965.jpg,1931,1975,44
40970.jpg,1931,1950,19
40975.jpg,1931,1935,4
40980.jpg,1931,1920,-11
40985.jpg,1931,1921,-10
40990.jpg,1931,1930,-1
40995.jpg,1931,1935,4
41000.jpg,1931,1925,-6
41005.jpg,1931,1930,-1
41010.jpg,1931,1980,49
41015.jpg,1931,1980,49
41020.jpg,1931,1930,-1
41025.jpg,1931,1980,49
41030.jpg,1931,1985,54
41035.jpg,1931,1930,-1
41040.jpg,1931,1935,4
41045.jpg,1931,1950,19
41050.jpg,1931,1940,9
41055.jpg,1931,1955,24
41060.jpg,1931,1955,24
41065.jpg,1931,1910,-21
41070.jpg,1931,1935,4
41075.jpg,1931,1945,14
41080.jpg,1931,1935,4
41085.jpg,1931,1925,-6
41095.jpg,1931,1935,4
41100.jpg,1931,1925,-6
41105.jpg,1931,1930,-1
41110.jpg,1931,1940,9
41115.jpg,1931,1895,-36
41120.jpg,1931,1930,-1
41125.jpg,1931,1925,-6
41130.jpg,1931,1980,49
41135.jpg,1931,1925,-6
41140.jpg,1931,1890,-41
41150.jpg,1931,1400,-531
41155.jpg,1931,1650,-281
41160.jpg,1931,1965,34
41165.jpg,1931,1890,-41
41170.jpg,1931,1900,-31
41175.jpg,1931,1880,-51
41180.jpg,1931,2000,69
41185.jpg,1931,1925,-6
41190.jpg,1931,1925,-6
41195.jpg,1931,1910,-21
41200.jpg,1931,1905,-26
41205.jpg,1931,1915,-16
41210.jpg,1931,1900,-31
41215.jpg,1931,1895,-36
41220.jpg,1931,1870,-61
41225.jpg,1931,1750,-181
41230.jpg,1931,1930,-1
41235.jpg,1931,21,-1910
41240.jpg,1931,1920,-11
41245.jpg,1931,1870,-61
41250.jpg,1931,1895,-36
41255.jpg,1931,1950,19
41260.jpg,1931,1910,-21
41265.jpg,1931,1935,4
41270.jpg,1931,1890,-41
41275.jpg,1931,1935,4
41280.jpg,1931,1920,-11
41285.jpg,1931,1930,-1
41290.jpg,1931,1950,19
41295.jpg,1931,21,-1910
41305.jpg,1931,1925,-6
41310.jpg,1932,1940,8
41320.jpg,1932,1932,0
41325.jpg,1932,1790,-142
41330.jpg,1932,1950,18
41340.jpg,1932,2000,68
41345.jpg,1932,1920,-12
41350.jpg,1932,1910,-22
41355.jpg,1932,1940,8
41360.jpg,1932,1950,18
41365.jpg,1932,1925,-7
41370.jpg,1932,1931,-1
41375.jpg,1932,1960,28
41380.jpg,1932,1925,-7
41385.jpg,1932,1930,-2
41390.jpg,1932,1920,-12
41395.jpg,1932,2000,68
41400.jpg,1932,1980,48
41405.jpg,1932,1895,-37
41410.jpg,1932,1920,-12
41415.jpg,1932,1932,0
41420.jpg,1932,1850,-82
41425.jpg,1932,1850,-82
41430.jpg,1932,1880,-52
41435.jpg,1932,1850,-82
41440.jpg,1932,1780,-152
41445.jpg,1932,1950,18
41450.jpg,1932,1900,-32
41455.jpg,1932,1750,-182
41460.jpg,1932,1820,-112
41465.jpg,1932,2005,73
41470.jpg,1932,1985,53
41475.jpg,1932,1900,-32
41480.jpg,1932,1935,3
41485.jpg,1932,1900,-32
41490.jpg,1932,1950,18
41495.jpg,1932,1850,-82
41500.jpg,1932,2000,68
41505.jpg,1932,1880,-52
41510.jpg,1932,1935,3
41515.jpg,1932,1895,-37
41520.jpg,1932,1950,18
41525.jpg,1932,1920,-12
41530.jpg,1932,1930,-2
41535.jpg,1932,1935,3
41540.jpg,1932,2015,83
41545.jpg,1932,1950,18
41550.jpg,1932,1995,63
41555.jpg,1932,1920,-12
41560.jpg,1932,20,-1912
41565.jpg,1932,1925,-7
41570.jpg,1933,2015,82
41575.jpg,1933,1925,-8
41580.jpg,1933,1750,-183
41585.jpg,1933,2000,67
41590.jpg,1933,1985,52
41595.jpg,1933,1935,2
41600.jpg,1933,1920,-13
41605.jpg,1933,1930,-3
41610.jpg,1933,1980,47
41615.jpg,1933,1880,-53
41620.jpg,1933,2015,82
41625.jpg,1933,1970,37
41630.jpg,1933,1930,-3
41635.jpg,1933,1915,-18
41640.jpg,1933,1750,-183
41645.jpg,1933,1930,-3
41650.jpg,1933,1915,-18
41655.jpg,1933,1900,-33
41660.jpg,1933,1935,2
41665.jpg,1933,1930,-3
41670.jpg,1933,1940,7
41675.jpg,1933,1920,-13
41680.jpg,1933,1930,-3
41685.jpg,1933,19,-1914
41690.jpg,1933,1930,-3
41695.jpg,1933,1910,-23
41700.jpg,1933,1925,-8
41705.jpg,1933,1930,-3
41710.jpg,1933,1920,-13
41715.jpg,1933,1820,-113
41720.jpg,1933,1875,-58
41725.jpg,1933,1940,7
41730.jpg,1933,1940,7
41745.jpg,1933,1870,-63
41750.jpg,1933,1955,22
41755.jpg,1933,2020,87
41760.jpg,1933,2000,67
41765.jpg,1933,1880,-53
41770.jpg,1933,1870,-63
41775.jpg,1933,1850,-83
41780.jpg,1933,1750,-183
41785.jpg,1933,1850,-83
41790.jpg,1933,1890,-43
41795.jpg,1933,2015,82
41800.jpg,1933,1900,-33
41805.jpg,1933,1970,37
41810.jpg,1933,1950,17
41815.jpg,1933,1920,-13
41820.jpg,1933,1930,-3
41825.jpg,1933,1880,-53
41830.jpg,1933,1925,-8
41835.jpg,1934,1850,-84
41840.jpg,1934,1950,16
41845.jpg,1934,2000,66
41850.jpg,1934,1985,51
41855.jpg,1934,1960,26
41860.jpg,1934,2000,66
41865.jpg,1934,2000,66
41870.jpg,1934,2000,66
41875.jpg,1934,1925,-9
41880.jpg,1934,1850,-84
41885.jpg,1934,1905,-29
41890.jpg,1934,1935,1
41895.jpg,1934,2020,86
41900.jpg,1934,1900,-34
41905.jpg,1934,1870,-64
41910.jpg,1934,1930,-4
41915.jpg,1934,1950,16
41920.jpg,1934,2015,81
41925.jpg,1934,1600,-334
41930.jpg,1934,1875,-59
41935.jpg,1934,1880,-54
41940.jpg,1934,1925,-9
41945.jpg,1934,1900,-34
41950.jpg,1934,1950,16
41955.jpg,1934,1900,-34
41960.jpg,1934,1925,-9
41965.jpg,1934,1880,-54
41970.jpg,1934,1800,-134
41975.jpg,1934,2003,69
41980.jpg,1934,1875,-59
41985.jpg,1934,1925,-9
41990.jpg,1934,1950,16
41995.jpg,1934,1880,-54
42000.jpg,1934,1890,-44
42005.jpg,1934,1850,-84
42010.jpg,1935,1880,-55
42015.jpg,1935,1890,-45
42020.jpg,1935,1935,0
42025.jpg,1935,1,-1934
42035.jpg,1935,2020,85
42040.jpg,1935,1980,45
42045.jpg,1935,2000,65
42050.jpg,1935,1935,0
42060.jpg,1935,1950,15
42065.jpg,1935,1925,-10
42070.jpg,1935,1945,10
42075.jpg,1935,1935,0
42080.jpg,1935,1950,15
42085.jpg,1935,1870,-65
42090.jpg,1935,1935,0
42095.jpg,1935,1870,-65
42100.jpg,1935,20,-1915
42105.jpg,1935,1905,-30
42110.jpg,1935,1930,-5
42115.jpg,1935,1885,-50
42120.jpg,1935,21,-1914
42125.jpg,1935,1920,-15
42130.jpg,1935,1930,-5
42135.jpg,1935,1960,25
42140.jpg,1935,1890,-45
42145.jpg,1935,1650,-285
42150.jpg,1935,1920,-15
42155.jpg,1935,1850,-85
42160.jpg,1935,1880,-55
42165.jpg,1935,1920,-15
42170.jpg,1935,1890,-45
42175.jpg,1935,2005,70
42180.jpg,1935,1980,45
42185.jpg,1935,1960,25
42190.jpg,1935,1920,-15
42195.jpg,1935,1950,15
42200.jpg,1935,1960,25
42205.jpg,1935,1925,-10
42210.jpg,1935,1935,0
42215.jpg,1935,1880,-55
42220.jpg,1935,1950,15
42225.jpg,1935,1950,15
42230.jpg,1935,1880,-55
42235.jpg,1935,1948,13
42240.jpg,1935,1935,0
42250.jpg,1935,1960,25
42255.jpg,1935,1990,55
42260.jpg,1935,1890,-45
42265.jpg,1935,1910,-25
42270.jpg,1935,1950,15
42275.jpg,1935,1980,45
42280.jpg,1935,1900,-35
42285.jpg,1935,1955,20
42290.jpg,1935,20,-1915
42295.jpg,1936,1930,-6
42300.jpg,1936,1900,-36
42305.jpg,1936,1940,4
42310.jpg,1936,1880,-56
42315.jpg,1936,1950,14
42320.jpg,1936,2010,74
42325.jpg,1936,1950,14
42330.jpg,1936,1980,44
42335.jpg,1936,1980,44
42340.jpg,1936,1950,14
42345.jpg,1936,1955,19
42350.jpg,1936,1970,34
42355.jpg,1936,1950,14
42360.jpg,1936,1980,44
42365.jpg,1936,1921,-15
42370.jpg,1936,1990,54
42375.jpg,1936,1850,-86
42380.jpg,1936,1960,24
42385.jpg,1936,1925,-11
42390.jpg,1936,2010,74
42395.jpg,1936,1945,9
42400.jpg,1936,1970,34
42405.jpg,1936,1800,-136
42410.jpg,1936,20,-1916
42415.jpg,1936,1900,-36
42420.jpg,1936,1960,24
42425.jpg,1936,1850,-86
42430.jpg,1936,1910,-26
42435.jpg,1936,1880,-56
42440.jpg,1936,1950,14
42445.jpg,1936,1920,-16
42450.jpg,1936,1915,-21
42455.jpg,1936,1950,14
42460.jpg,1936,1930,-6
42465.jpg,1936,1955,19
42470.jpg,1936,1955,19
42475.jpg,1936,1890,-46
42480.jpg,1936,1650,-286
42485.jpg,1936,1935,-1
42490.jpg,1936,1950,14
42495.jpg,1936,20,-1916
42500.jpg,1936,1950,14
42505.jpg,1936,1880,-56
42510.jpg,1936,1930,-6
42515.jpg,1936,1935,-1
42520.jpg,1936,1920,-16
42525.jpg,1936,1925,-11
42530.jpg,1936,1950,14
42535.jpg,1936,1960,24
42540.jpg,1936,1820,-116
42545.jpg,1936,20,-1916
42550.jpg,1936,1950,14
42555.jpg,1936,1880,-56
42560.jpg,1936,1920,-16
42565.jpg,1936,1850,-86
42570.jpg,1936,1930,-6
42575.jpg,1936,1920,-16
42585.jpg,1936,2000,64
42595.jpg,1936,1950,14
42600.jpg,1936,1975,39
42610.jpg,1937,1930,-7
42615.jpg,1937,1935,-2
42620.jpg,1937,1930,-7
42625.jpg,1937,1880,-57
42630.jpg,1937,1970,33
42635.jpg,1937,1935,-2
42640.jpg,1937,1980,43
42645.jpg,1937,-1,-1938
42650.jpg,1937,1935,-2
42655.jpg,1937,1990,53
42660.jpg,1937,1895,-42
42665.jpg,1937,1935,-2
42670.jpg,1937,1890,-47
42675.jpg,1937,1900,-37
42680.jpg,1937,1980,43
42685.jpg,1937,1965,28
42690.jpg,1937,1960,23
42695.jpg,1937,1980,43
42700.jpg,1937,1920,-17
42705.jpg,1937,1935,-2
42710.jpg,1937,1975,38
42715.jpg,1937,-1,-1938
42720.jpg,1937,1890,-47
42725.jpg,1937,1930,-7
42730.jpg,1937,1960,23
42735.jpg,1937,1930,-7
42740.jpg,1937,1937,0
42745.jpg,1937,1930,-7
42750.jpg,1937,1970,33
42755.jpg,1937,2000,63
42765.jpg,1937,1920,-17
42770.jpg,1937,1980,43
42775.jpg,1937,1920,-17
42780.jpg,1937,1925,-12
42785.jpg,1937,1950,13
42790.jpg,1937,1880,-57
42795.jpg,1937,1950,13
42800.jpg,1937,1870,-67
42805.jpg,1937,1950,13
42810.jpg,1937,1790,-147
42815.jpg,1937,1920,-17
42820.jpg,1937,1995,58
42825.jpg,1937,1895,-42
42830.jpg,1937,1930,-7
42835.jpg,1937,1925,-12
42840.jpg,1937,1950,13
42845.jpg,1937,1930,-7
42850.jpg,1937,1920,-17
42855.jpg,1937,1930,-7
42860.jpg,1937,1880,-57
42865.jpg,1937,1975,38
42870.jpg,1937,1950,13
42875.jpg,1937,1975,38
42880.jpg,1937,1925,-12
42885.jpg,1937,1950,13
42890.jpg,1937,1920,-17
42895.jpg,1937,1920,-17
42900.jpg,1937,1960,23
42905.jpg,1937,1935,-2
42910.jpg,1937,1400,-537
42915.jpg,1938,1955,17
42920.jpg,1938,1930,-8
42925.jpg,1938,1919,-19
42930.jpg,1938,1935,-3
42935.jpg,1938,1920,-18
42940.jpg,1938,2010,72
42945.jpg,1938,2020,82
42950.jpg,1938,2000,62
42955.jpg,1938,1980,42
42960.jpg,1938,1935,-3
42965.jpg,1938,1950,12
42970.jpg,1938,1880,-58
42975.jpg,1938,1920,-18
42980.jpg,1938,1910,-28
42985.jpg,1938,1905,-33
42990.jpg,1938,1985,47
42995.jpg,1938,1930,-8
43000.jpg,1938,1960,22
43005.jpg,1938,2015,77
43010.jpg,1938,1890,-48
43015.jpg,1938,1920,-18
43020.jpg,1938,1900,-38
43025.jpg,1938,1960,22
43030.jpg,1938,1890,-48
43035.jpg,1938,1870,-68
43040.jpg,1938,1935,-3
43045.jpg,1938,1950,12
43050.jpg,1938,1925,-13
43055.jpg,1938,1915,-23
43060.jpg,1938,1960,22
43065.jpg,1938,1970,32
43070.jpg,1938,1950,12
43075.jpg,1938,1905,-33
43080.jpg,1938,1960,22
43085.jpg,1938,1880,-58
43090.jpg,1938,1960,22
43095.jpg,1938,19,-1919
43100.jpg,1938,1970,32
43105.jpg,1938,1950,12
43110.jpg,1938,1935,-3
43115.jpg,1938,1930,-8
43120.jpg,1938,1900,-38
43125.jpg,1938,1870,-68
43130.jpg,1938,1900,-38
43135.jpg,1938,1910,-28
43140.jpg,1938,2015,77
43145.jpg,1938,1920,-18
43150.jpg,1938,1890,-48
43155.jpg,1938,1955,17
43160.jpg,1938,1930,-8
43165.jpg,1938,1930,-8
43170.jpg,1938,1930,-8
43175.jpg,1938,1975,37
43185.jpg,1938,1930,-8
43190.jpg,1938,1880,-58
43195.jpg,1938,1930,-8
43200.jpg,1938,2010,72
43210.jpg,1939,1920,-19
43215.jpg,1939,1930,-9
43220.jpg,1939,1950,11
43225.jpg,1939,1890,-49
43235.jpg,1939,1905,-34
43245.jpg,1939,1980,41
43250.jpg,1939,1980,41
43255.jpg,1939,1990,51
43260.jpg,1939,1960,21
43270.jpg,1939,1900,-39
43275.jpg,1939,1928,-11
43280.jpg,1939,1750,-189
43285.jpg,1939,1925,-14
43290.jpg,1939,1950,11
43295.jpg,1939,1940,1
43300.jpg,1939,1955,16
43305.jpg,1939,1965,26
43310.jpg,1939,1950,11
43315.jpg,1939,1880,-59
43320.jpg,1939,1950,11
43325.jpg,1939,1940,1
43330.jpg,1939,-1,-1940
43335.jpg,1939,2000,61
43340.jpg,1939,2000,61
43345.jpg,1939,1870,-69
43350.jpg,1939,1970,31
43360.jpg,1939,2010,71
43365.jpg,1939,1930,-9
43370.jpg,1939,1900,-39
43375.jpg,1939,1500,-439
43380.jpg,1939,1960,21
43385.jpg,1939,1950,11
43390.jpg,1939,1950,11
43395.jpg,1939,1955,16
43400.jpg,1939,2000,61
43405.jpg,1939,-1,-1940
43410.jpg,1939,1925,-14
43415.jpg,1939,1935,-4
43420.jpg,1939,1920,-19
43425.jpg,1939,1950,11
43430.jpg,1939,1850,-89
43435.jpg,1939,1915,-24
43440.jpg,1939,20,-1919
43445.jpg,1939,21,-1918
43450.jpg,1939,1950,11
43455.jpg,1939,1950,11
43460.jpg,1939,1920,-19
43465.jpg,1939,1910,-29
43470.jpg,1940,1990,50
43475.jpg,1940,1928,-12
43480.jpg,1940,1935,-5
43485.jpg,1940,1935,-5
43490.jpg,1940,1950,10
43495.jpg,1940,1960,20
43500.jpg,1940,1950,10
43505.jpg,1940,2015,75
43510.jpg,1940,1950,10
43515.jpg,1940,1910,-30
43520.jpg,1940,1925,-15
43525.jpg,1940,1895,-45
43530.jpg,1940,1950,10
43535.jpg,1940,1920,-20
43540.jpg,1940,1930,-10
43545.jpg,1940,1965,25
43550.jpg,1940,1920,-20
43555.jpg,1940,1960,20
43560.jpg,1940,1950,10
43565.jpg,1940,1930,-10
43570.jpg,1940,1950,10
43575.jpg,1940,1975,35
43580.jpg,1940,1850,-90
43585.jpg,1940,1960,20
43590.jpg,1940,1935,-5
43595.jpg,1940,1980,40
43600.jpg,1940,1930,-10
43605.jpg,1940,1925,-15
43610.jpg,1940,1900,-40
43615.jpg,1940,1895,-45
43620.jpg,1940,1950,10
43625.jpg,1940,1880,-60
43630.jpg,1940,1890,-50
43635.jpg,1940,1930,-10
43640.jpg,1940,1850,-90
43645.jpg,1940,1950,10
43650.jpg,1940,1890,-50
43655.jpg,1940,1950,10
43660.jpg,1940,1955,15
43665.jpg,1940,1955,15
43670.jpg,1940,1990,50
43675.jpg,1940,1955,15
43680.jpg,1940,1940,0
43685.jpg,1940,2000,60
43700.jpg,1940,1920,-20
43705.jpg,1940,1930,-10
43710.jpg,1940,1910,-30
43715.jpg,1940,1950,10
43720.jpg,1941,1960,19
43725.jpg,1941,1950,9
43730.jpg,1941,2019,78
43735.jpg,1941,2015,74
43740.jpg,1941,1980,39
43745.jpg,1941,1790,-151
43750.jpg,1941,1950,9
43755.jpg,1941,1870,-71
43760.jpg,1941,1925,-16
43765.jpg,1941,1750,-191
43770.jpg,1941,1950,9
43775.jpg,1941,1930,-11
43780.jpg,1941,1950,9
43785.jpg,1941,1980,39
43790.jpg,1941,1950,9
43795.jpg,1941,1900,-41
43800.jpg,1941,1910,-31
43805.jpg,1941,1875,-66
43810.jpg,1941,1970,29
43815.jpg,1941,1950,9
43820.jpg,1941,1950,9
43825.jpg,1941,1900,-41
43830.jpg,1941,1955,14
43835.jpg,1941,1995,54
43840.jpg,1941,2011,70
43845.jpg,1941,1935,-6
43850.jpg,1941,2000,59
43855.jpg,1941,1850,-91
43860.jpg,1941,1930,-11
43865.jpg,1942,1925,-17
43870.jpg,1942,1965,23
43875.jpg,1942,1960,18
43880.jpg,1942,1945,3
43885.jpg,1942,2010,68
43890.jpg,1942,1955,13
43895.jpg,1942,1925,-17
43900.jpg,1942,1880,-62
43905.jpg,1942,1910,-32
43910.jpg,1942,1980,38
43915.jpg,1942,1930,-12
43920.jpg,1942,1900,-42
43925.jpg,1942,2010,68
43930.jpg,1942,1950,8
43935.jpg,1942,1900,-42
43940.jpg,1942,1920,-22
43945.jpg,1942,2000,58
43950.jpg,1942,1920,-22
43955.jpg,1942,1880,-62
43960.jpg,1943,1880,-63
43965.jpg,1943,1960,17
43970.jpg,1943,1880,-63
43975.jpg,1943,1940,-3
43980.jpg,1943,1943,0
43985.jpg,1943,1980,37
43990.jpg,1943,2010,67
43995.jpg,1943,1867,-76
44000.jpg,1943,1950,7
44005.jpg,1943,1990,47
44010.jpg,1943,2015,72
44015.jpg,1943,1980,37
44020.jpg,1943,1955,12
44025.jpg,1943,1970,27
44030.jpg,1944,1980,36
44035.jpg,1944,2000,56
44040.jpg,1944,1980,36
44045.jpg,1944,1910,-34
44050.jpg,1944,1900,-44
44055.jpg,1944,2000,56
44060.jpg,1945,1910,-35
44065.jpg,1945,1930,-15
44075.jpg,1945,1960,15
44080.jpg,1945,1930,-15
44090.jpg,1945,1850,-95
44095.jpg,1945,1950,5
44100.jpg,1945,1980,35
44105.jpg,1945,1950,5
44110.jpg,1945,1962,17
44115.jpg,1946,1870,-76
44120.jpg,1946,1985,39
44125.jpg,1946,2005,59
44130.jpg,1946,-1,-1947
44135.jpg,1946,1935,-11
44140.jpg,1946,1980,34
44145.jpg,1946,1950,4
44150.jpg,1946,1910,-36
44155.jpg,1946,1890,-56
44160.jpg,1946,1920,-26
44165.jpg,1946,1950,4
44170.jpg,1946,1960,14
44175.jpg,1947,1940,-7
44180.jpg,1947,1938,-9
44185.jpg,1947,1850,-97
44190.jpg,1947,1995,48
44195.jpg,1947,1980,33
44200.jpg,1947,1965,18
44205.jpg,1947,1980,33
44210.jpg,1947,1980,33
44215.jpg,1947,1965,18
44220.jpg,1947,1935,-12
44230.jpg,1947,1950,3
44240.jpg,1947,1950,3
44245.jpg,1947,1900,-47
44250.jpg,1947,1950,3
44255.jpg,1947,2015,68
44260.jpg,1947,1890,-57
44270.jpg,1947,1950,3
44275.jpg,1947,1920,-27
44280.jpg,1947,1950,3
44285.jpg,1948,1935,-13
44290.jpg,1948,2000,52
44295.jpg,1948,2000,52
44300.jpg,1948,1980,32
44305.jpg,1948,1980,32
44310.jpg,1948,2020,72
44315.jpg,1948,21,-1927
44320.jpg,1948,1985,37
44325.jpg,1948,1950,2
44330.jpg,1948,1950,2
44335.jpg,1948,1970,22
44340.jpg,1948,2010,62
44345.jpg,1948,1950,2
44350.jpg,1948,1950,2
44355.jpg,1948,1950,2
44360.jpg,1948,1955,7
44365.jpg,1948,1980,32
44370.jpg,1948,1895,-53
44375.jpg,1948,1880,-68
44380.jpg,1948,1960,12
44385.jpg,1948,2010,62
44390.jpg,1948,1950,2
44395.jpg,1948,1920,-28
44400.jpg,1949,20,-1929
44405.jpg,1949,2005,56
44410.jpg,1949,1980,31
44415.jpg,1949,2000,51
44420.jpg,1949,2010,61
44425.jpg,1949,2010,61
44430.jpg,1949,1960,11
44435.jpg,1949,1975,26
44440.jpg,1949,1970,21
44445.jpg,1949,1990,41
44450.jpg,1949,20,-1929
44455.jpg,1949,1930,-19
44460.jpg,1949,1960,11
44465.jpg,1949,1910,-39
44470.jpg,1949,21,-1928
44475.jpg,1949,1950,1
44480.jpg,1949,1950,1
44485.jpg,1949,1955,6
44490.jpg,1949,2000,51
44495.jpg,1949,1975,26
44500.jpg,1949,1950,1
44510.jpg,1949,1920,-29
44515.jpg,1949,1920,-29
44520.jpg,1949,2000,51
44525.jpg,1949,1880,-69
44530.jpg,1949,1935,-14
44535.jpg,1949,1950,1
44540.jpg,1950,1970,20
44545.jpg,1950,1972,22
44550.jpg,1950,1935,-15
44555.jpg,1950,1985,35
44560.jpg,1950,1980,30
44565.jpg,1950,1982,32
44570.jpg,1950,1975,25
44575.jpg,1950,1890,-60
44585.jpg,1950,1980,30
44590.jpg,1950,1980,30
44595.jpg,1950,2000,50
44600.jpg,1950,1970,20
44605.jpg,1950,1930,-20
44610.jpg,1950,1955,5
44615.jpg,1950,1980,30
44620.jpg,1950,1950,0
44625.jpg,1950,1870,-80
44630.jpg,1950,1950,0
44635.jpg,1950,1900,-50
44640.jpg,1950,1950,0
44645.jpg,1950,1950,0
44650.jpg,1950,1950,0
44655.jpg,1950,1980,30
44660.jpg,1950,1950,0
44665.jpg,1950,1880,-70
44680.jpg,1950,1980,30
44685.jpg,1950,1930,-20
44690.jpg,1950,1950,0
44695.jpg,1950,1925,-25
44700.jpg,1950,1960,10
44705.jpg,1951,2005,54
44710.jpg,1951,1930,-21
44720.jpg,1951,1950,-1
44725.jpg,1951,2020,69
44730.jpg,1951,2000,49
44735.jpg,1951,1910,-41
44740.jpg,1951,1920,-31
44745.jpg,1951,1965,14
44750.jpg,1951,1970,19
44755.jpg,1951,1950,-1
44760.jpg,1951,1955,4
44765.jpg,1951,1900,-51
44770.jpg,1951,1850,-101
44775.jpg,1951,1890,-61
44780.jpg,1951,1890,-61
44785.jpg,1951,1950,-1
44790.jpg,1951,1950,-1
44795.jpg,1951,1950,-1
44800.jpg,1951,1790,-161
44810.jpg,1951,1875,-76
44815.jpg,1951,1950,-1
44820.jpg,1951,1950,-1
44825.jpg,1951,21,-1930
44830.jpg,1951,2013,62
44840.jpg,1951,1960,9
44845.jpg,1952,1950,-2
44850.jpg,1952,2020,68
44855.jpg,1952,1990,38
44860.jpg,1952,2020,68
44865.jpg,1952,2015,63
44870.jpg,1952,1975,23
44875.jpg,1952,1960,8
44880.jpg,1952,1960,8
44885.jpg,1952,1965,13
44890.jpg,1952,1920,-32
44895.jpg,1952,1945,-7
44900.jpg,1952,1950,-2
44905.jpg,1952,1980,28
44910.jpg,1952,2015,63
44915.jpg,1952,1950,-2
44920.jpg,1952,1950,-2
44925.jpg,1952,1950,-2
44930.jpg,1952,1980,28
44940.jpg,1952,1960,8
44945.jpg,1952,1960,8
44950.jpg,1952,1970,18
44955.jpg,1952,2010,58
44960.jpg,1953,1910,-43
44965.jpg,1953,2000,47
44970.jpg,1953,2005,52
44980.jpg,1953,1950,-3
44985.jpg,1953,2015,62
44990.jpg,1953,2015,62
44995.jpg,1953,1985,32
45000.jpg,1953,2000,47
45005.jpg,1953,1960,7
45010.jpg,1953,1850,-103
45015.jpg,1953,1980,27
45020.jpg,1953,1960,7
45025.jpg,1953,1930,-23
45030.jpg,1953,21,-1932
45035.jpg,1953,21,-1932
45040.jpg,1953,1920,-33
45045.jpg,1953,1870,-83
45050.jpg,1953,1980,27
45055.jpg,1953,1955,2
45060.jpg,1953,1960,7
45065.jpg,1953,1980,27
45070.jpg,1953,1960,7
45075.jpg,1953,2015,62
45080.jpg,1953,-1,-1954
45085.jpg,1953,2000,47
45090.jpg,1953,1900,-53
45095.jpg,1954,1950,-4
45100.jpg,1954,2010,56
45105.jpg,1954,1980,26
45110.jpg,1954,1955,1
45115.jpg,1954,21,-1933
45120.jpg,1954,1980,26
45125.jpg,1954,2000,46
45130.jpg,1954,1985,31
45135.jpg,1954,1980,26
45140.jpg,1954,1975,21
45150.jpg,1954,1950,-4
45155.jpg,1954,1950,-4
45160.jpg,1954,1980,26
45165.jpg,1954,1890,-64
45170.jpg,1954,2005,51
45175.jpg,1954,1920,-34
45180.jpg,1954,1895,-59
45185.jpg,1954,-1,-1955
45190.jpg,1954,1950,-4
45195.jpg,1954,1950,-4
45200.jpg,1954,1960,6
45205.jpg,1954,1770,-184
45210.jpg,1954,1920,-34
45215.jpg,1954,2000,46
45220.jpg,1954,1750,-204
45225.jpg,1954,1980,26
45230.jpg,1954,2000,46
45235.jpg,1955,1800,-155
45240.jpg,1955,1980,25
45245.jpg,1955,1980,25
45250.jpg,1955,1980,25
45255.jpg,1955,1980,25
45260.jpg,1955,1980,25
45265.jpg,1955,1900,-55
45275.jpg,1955,1980,25
45280.jpg,1955,1995,40
45285.jpg,1955,1980,25
45290.jpg,1955,1980,25
45295.jpg,1955,2000,45
45300.jpg,1955,0,-1955
45310.jpg,1955,1970,15
45315.jpg,1955,2015,60
45320.jpg,1955,1770,-185
45325.jpg,1955,1930,-25
45330.jpg,1955,1962,7
45335.jpg,1955,1958,3
45345.jpg,1955,2000,45
45350.jpg,1955,1950,-5
45355.jpg,1955,2020,65
45360.jpg,1955,1790,-165
45365.jpg,1955,2000,45
45370.jpg,1955,1955,0
45375.jpg,1955,2015,60
45385.jpg,1956,1995,39
45390.jpg,1956,1965,9
45395.jpg,1956,1975,19
45400.jpg,1956,1995,39
45405.jpg,1956,1965,9
45410.jpg,1956,2000,44
45415.jpg,1956,2020,64
45420.jpg,1956,1950,-6
45430.jpg,1956,2015,59
45435.jpg,1956,1880,-76
45440.jpg,1956,1965,9
45445.jpg,1956,1960,4
45450.jpg,1956,1980,24
45455.jpg,1956,1980,24
45460.jpg,1956,1975,19
45465.jpg,1956,1880,-76
45470.jpg,1956,1950,-6
45475.jpg,1956,1960,4
45480.jpg,1956,1950,-6
45485.jpg,1956,1970,14
45490.jpg,1956,1950,-6
45495.jpg,1956,1830,-126
45500.jpg,1956,1995,39
45505.jpg,1956,21,-1935
45510.jpg,1956,1980,24
45515.jpg,1956,2015,59
45520.jpg,1956,1450,-506
45530.jpg,1957,1930,-27
45535.jpg,1957,1980,23
45540.jpg,1957,1980,23
45545.jpg,1957,2020,63
45550.jpg,1957,2010,53
45555.jpg,1957,2020,63
45560.jpg,1957,21,-1936
45565.jpg,1957,1980,23
45570.jpg,1957,1985,28
45575.jpg,1957,1920,-37
45585.jpg,1957,1930,-27
45590.jpg,1957,1980,23
45595.jpg,1957,1985,28
45605.jpg,1957,2000,43
45610.jpg,1957,2000,43
45615.jpg,1957,1980,23
45620.jpg,1957,1980,23
45630.jpg,1957,1850,-107
45635.jpg,1957,2015,58
45640.jpg,1957,1950,-7
45645.jpg,1957,1920,-37
45650.jpg,1957,1950,-7
45655.jpg,1957,1950,-7
45660.jpg,1957,1960,3
45665.jpg,1957,1870,-87
45675.jpg,1957,2010,53
45680.jpg,1957,1920,-37
45685.jpg,1957,1960,3
45695.jpg,1957,2010,53
45700.jpg,1958,1850,-108
45705.jpg,1958,2020,62
45715.jpg,1958,1965,7
45720.jpg,1958,1980,22
45730.jpg,1958,1975,17
45735.jpg,1958,2000,42
45740.jpg,1958,2000,42
45745.jpg,1958,1950,-8
45750.jpg,1958,1980,22
45755.jpg,1958,1930,-28
45760.jpg,1958,1980,22
45765.jpg,1958,1960,2
45770.jpg,1958,1985,27
45775.jpg,1958,1985,27
45780.jpg,1958,2010,52
45785.jpg,1958,1980,22
45790.jpg,1958,1960,2
45795.jpg,1958,2000,42
45800.jpg,1958,1920,-38
45805.jpg,1958,1950,-8
45810.jpg,1958,1300,-658
45815.jpg,1958,1990,32
45820.jpg,1958,2010,52
45825.jpg,1958,1985,27
45830.jpg,1958,2015,57
45835.jpg,1958,1895,-63
45840.jpg,1958,1960,2
45845.jpg,1958,1960,2
45850.jpg,1958,1950,-8
45855.jpg,1959,2015,56
45860.jpg,1959,1900,-59
45870.jpg,1959,2000,41
45880.jpg,1959,1920,-39
45885.jpg,1959,1980,21
45890.jpg,1959,1950,-9
45895.jpg,1959,1950,-9
45900.jpg,1959,1950,-9
45905.jpg,1959,1950,-9
45910.jpg,1959,21,-1938
45915.jpg,1959,1980,21
45925.jpg,1959,1950,-9
45930.jpg,1959,1958,-1
45935.jpg,1959,1965,6
45940.jpg,1959,21,-1938
45945.jpg,1959,2020,61
45950.jpg,1959,2005,46
45955.jpg,1959,1970,11
45960.jpg,1959,1980,21
45965.jpg,1959,1930,-29
45970.jpg,1959,1910,-49
45975.jpg,1959,1950,-9
45980.jpg,1959,1820,-139
45985.jpg,1959,1880,-79
45990.jpg,1960,1900,-60
45995.jpg,1960,0,-1960
46000.jpg,1960,1975,15
46005.jpg,1960,2000,40
46015.jpg,1960,1950,-10
46025.jpg,1960,2000,40
46030.jpg,1960,2000,40
46035.jpg,1960,1950,-10
46040.jpg,1960,1960,0
46045.jpg,1960,1980,20
46050.jpg,1960,1920,-40
46055.jpg,1960,2015,55
46060.jpg,1960,1950,-10
46065.jpg,1960,1960,0
46070.jpg,1960,1890,-70
46075.jpg,1960,-1,-1961
46080.jpg,1960,2000,40
46085.jpg,1960,1850,-110
46090.jpg,1960,1955,-5
46095.jpg,1960,1955,-5
46100.jpg,1960,1955,-5
46105.jpg,1960,1960,0
46110.jpg,1960,1995,35
46115.jpg,1960,2015,55
46120.jpg,1960,2010,50
46130.jpg,1960,1880,-80
46135.jpg,1960,1950,-10
46140.jpg,1960,1950,-10
46145.jpg,1960,1960,0
46150.jpg,1960,1960,0
46155.jpg,1961,1890,-71
46160.jpg,1961,1950,-11
46170.jpg,1961,2015,54
46180.jpg,1961,1980,19
46185.jpg,1961,1985,24
46190.jpg,1961,1890,-71
46195.jpg,1961,2000,39
46200.jpg,1961,21,-1940
46205.jpg,1961,1980,19
46210.jpg,1961,1980,19
46215.jpg,1961,1960,-1
46220.jpg,1961,1980,19
46225.jpg,1961,1965,4
46230.jpg,1961,1980,19
46235.jpg,1961,1950,-11
46240.jpg,1961,2020,59
46245.jpg,1961,21,-1940
46250.jpg,1961,2000,39
46255.jpg,1961,1950,-11
46260.jpg,1961,1955,-6
46265.jpg,1961,2020,59
46270.jpg,1961,1880,-81
46275.jpg,1961,1955,-6
46280.jpg,1961,1780,-181
46285.jpg,1961,2000,39
46290.jpg,1961,2000,39
46295.jpg,1961,1965,4
46305.jpg,1961,1970,9
46310.jpg,1961,1960,-1
46315.jpg,1961,2000,39
46320.jpg,1962,1960,-2
46330.jpg,1962,1910,-52
46335.jpg,1962,2003,41
46340.jpg,1962,1960,-2
46345.jpg,1962,21,-1941
46350.jpg,1962,1995,33
46355.jpg,1962,1995,33
46360.jpg,1962,2010,48
46365.jpg,1962,1975,13
46370.jpg,1962,1960,-2
46375.jpg,1962,1960,-2
46380.jpg,1962,2000,38
46385.jpg,1962,1955,-7
46390.jpg,1962,1960,-2
46395.jpg,1962,1930,-32
46400.jpg,1962,2015,53
46405.jpg,1962,1880,-82
46410.jpg,1962,2005,43
46415.jpg,1962,1930,-32
46420.jpg,1962,2020,58
46425.jpg,1962,1990,28
46430.jpg,1962,1950,-12
46435.jpg,1962,1800,-162
46440.jpg,1962,1980,18
46445.jpg,1962,1985,23
46450.jpg,1962,1950,-12
46455.jpg,1962,2000,38
46460.jpg,1962,1970,8
46465.jpg,1963,1950,-13
46470.jpg,1963,1970,7
46475.jpg,1963,1965,2
46480.jpg,1963,2000,37
46490.jpg,1963,1980,17
46495.jpg,1963,2022,59
46500.jpg,1963,1965,2
46505.jpg,1963,1980,17
46510.jpg,1963,1960,-3
46515.jpg,1963,2000,37
46520.jpg,1963,1984,21
46525.jpg,1963,2000,37
46530.jpg,1963,2010,47
46535.jpg,1963,1965,2
46540.jpg,1963,1930,-33
46545.jpg,1963,1960,-3
46550.jpg,1963,1950,-13
46555.jpg,1963,2015,52
46560.jpg,1963,2000,37
46565.jpg,1963,2000,37
46570.jpg,1963,2015,52
46575.jpg,1963,1950,-13
46580.jpg,1963,1975,12
46585.jpg,1963,1980,17
46590.jpg,1963,1500,-463
46595.jpg,1963,1980,17
46600.jpg,1963,1982,19
46605.jpg,1963,2000,37
46615.jpg,1963,1980,17
46620.jpg,1963,1955,-8
46625.jpg,1963,1980,17
46630.jpg,1963,1950,-13
46635.jpg,1964,1965,1
46640.jpg,1964,2012,48
46645.jpg,1964,1960,-4
46650.jpg,1964,1980,16
46655.jpg,1964,1980,16
46660.jpg,1964,2000,36
46665.jpg,1964,1975,11
46670.jpg,1964,1975,11
46675.jpg,1964,2000,36
46680.jpg,1964,2015,51
46685.jpg,1964,2010,46
46690.jpg,1964,2000,36
46695.jpg,1964,2000,36
46700.jpg,1964,1965,1
46705.jpg,1964,2000,36
46710.jpg,1964,1975,11
46715.jpg,1964,1960,-4
46720.jpg,1964,1970,6
46725.jpg,1964,1980,16
46730.jpg,1964,21,-1943
46735.jpg,1964,1970,6
46740.jpg,1964,1950,-14
46745.jpg,1964,2000,36
46750.jpg,1964,1980,16
46755.jpg,1964,1950,-14
46760.jpg,1964,1800,-164
46765.jpg,1964,2015,51
46770.jpg,1964,1920,-44
46775.jpg,1964,21,-1943
46780.jpg,1964,2003,39
46785.jpg,1964,1950,-14
46790.jpg,1964,2007,43
46795.jpg,1964,1970,6
46805.jpg,1964,1965,1
46810.jpg,1964,1960,-4
46815.jpg,1964,-1,-1965
46820.jpg,1965,2000,35
46825.jpg,1965,1955,-10
46830.jpg,1965,2010,45
46835.jpg,1965,2000,35
46840.jpg,1965,-1,-1966
46845.jpg,1965,21,-1944
46850.jpg,1965,2015,50
46860.jpg,1965,1975,10
46865.jpg,1965,1950,-15
46870.jpg,1965,2000,35
46875.jpg,1965,2000,35
46885.jpg,1965,1955,-10
46890.jpg,1965,2000,35
46895.jpg,1965,1960,-5
46900.jpg,1965,1970,5
46905.jpg,1965,1940,-25
46910.jpg,1965,21,-1944
46915.jpg,1965,1950,-15
46920.jpg,1965,2000,35
46930.jpg,1965,1980,15
46935.jpg,1965,1960,-5
46940.jpg,1965,1940,-25
46945.jpg,1965,2023,58
46950.jpg,1965,2000,35
46955.jpg,1965,1995,30
46960.jpg,1965,2020,55
46965.jpg,1965,2000,35
46970.jpg,1965,1980,15
46990.jpg,1965,1960,-5
46995.jpg,1965,1900,-65
47000.jpg,1965,2023,58
47005.jpg,1966,1980,14
47010.jpg,1966,1980,14
47015.jpg,1966,2000,34
47020.jpg,1966,1960,-6
47025.jpg,1966,1995,29
47030.jpg,1966,2020,54
47035.jpg,1966,2000,34
47040.jpg,1966,1998,32
47050.jpg,1966,2000,34
47055.jpg,1966,2005,39
47060.jpg,1966,2020,54
47065.jpg,1966,1890,-76
47070.jpg,1966,1920,-46
47075.jpg,1966,1980,14
47080.jpg,1966,1965,-1
47085.jpg,1966,1965,-1
47090.jpg,1966,1965,-1
47100.jpg,1966,1850,-116
47105.jpg,1966,1960,-6
47115.jpg,1966,2022,56
47120.jpg,1966,1960,-6
47125.jpg,1966,1915,-51
47130.jpg,1966,1920,-46
47135.jpg,1966,2010,44
47140.jpg,1966,1970,4
47145.jpg,1966,1920,-46
47150.jpg,1966,1970,4
47155.jpg,1966,2000,34
47170.jpg,1966,2000,34
47175.jpg,1966,2000,34
47180.jpg,1966,1980,14
47185.jpg,1966,1960,-6
47190.jpg,1966,1975,9
47195.jpg,1966,1960,-6
47200.jpg,1966,1980,14
47205.jpg,1966,1965,-1
47210.jpg,1966,1960,-6
47215.jpg,1966,1965,-1
47220.jpg,1966,2000,34
47225.jpg,1967,1980,13
47230.jpg,1967,1980,13
47235.jpg,1967,1880,-87
47240.jpg,1967,21,-1946
47245.jpg,1967,2015,48
47255.jpg,1967,2000,33
47265.jpg,1967,2020,53
47270.jpg,1967,1995,28
47275.jpg,1967,2020,53
47280.jpg,1967,2000,33
47285.jpg,1967,1973,6
47290.jpg,1967,1970,3
47295.jpg,1967,1930,-37
47300.jpg,1967,1880,-87
47305.jpg,1967,1780,-187
47310.jpg,1967,1965,-2
47315.jpg,1967,1960,-7
47320.jpg,1967,1960,-7
47325.jpg,1967,1960,-7
47330.jpg,1967,1995,28
47335.jpg,1967,2015,48
47340.jpg,1967,2000,33
47345.jpg,1967,1950,-17
47350.jpg,1967,1950,-17
47355.jpg,1967,1960,-7
47360.jpg,1967,1920,-47
47365.jpg,1967,1980,13
47370.jpg,1967,1850,-117
47375.jpg,1967,1890,-77
47380.jpg,1967,1985,18
47385.jpg,1967,1975,8
47395.jpg,1967,1980,13
47400.jpg,1967,2000,33
47405.jpg,1967,2010,43
47410.jpg,1967,2015,48
47420.jpg,1967,1995,28
47425.jpg,1967,2020,53
47430.jpg,1967,1980,13
47435.jpg,1967,1980,13
47440.jpg,1967,1960,-7
47445.jpg,1967,2000,33
47450.jpg,1968,1960,-8
47455.jpg,1968,2000,32
47460.jpg,1968,1960,-8
47465.jpg,1968,21,-1947
47470.jpg,1968,1970,2
47475.jpg,1968,1960,-8
47480.jpg,1968,2020,52
47485.jpg,1968,1960,-8
47490.jpg,1968,2000,32
47495.jpg,1968,1990,22
47500.jpg,1968,21,-1947
47505.jpg,1968,2000,32
47515.jpg,1968,21,-1947
47520.jpg,1968,20,-1948
47525.jpg,1968,2000,32
47530.jpg,1968,1965,-3
47535.jpg,1968,1960,-8
47540.jpg,1968,1960,-8
47545.jpg,1968,1960,-8
47550.jpg,1968,1980,12
47555.jpg,1968,1995,27
47560.jpg,1968,2000,32
47565.jpg,1968,1950,-18
47570.jpg,1968,1960,-8
47575.jpg,1968,1880,-88
47580.jpg,1968,2000,32
47585.jpg,1968,1910,-58
47590.jpg,1968,2000,32
47595.jpg,1968,1985,17
47600.jpg,1968,1995,27
47610.jpg,1968,2005,37
47620.jpg,1968,21,-1947
47625.jpg,1968,1955,-13
47630.jpg,1968,2010,42
47635.jpg,1968,1960,-8
47640.jpg,1968,1975,7
47645.jpg,1968,1965,-3
47650.jpg,1969,1950,-19
47655.jpg,1969,1970,1
47660.jpg,1969,1950,-19
47665.jpg,1969,1960,-9
47670.jpg,1969,2010,41
47675.jpg,1969,1960,-9
47680.jpg,1969,1995,26
47685.jpg,1969,2000,31
47690.jpg,1969,2000,31
47695.jpg,1969,1980,11
47700.jpg,1969,2000,31
47710.jpg,1969,1960,-9
47715.jpg,1969,1910,-59
47720.jpg,1969,1975,6
47730.jpg,1969,1960,-9
47735.jpg,1969,2020,51
47740.jpg,1969,1990,21
47745.jpg,1969,2015,46
47750.jpg,1969,2015,46
47755.jpg,1969,1920,-49
47760.jpg,1969,1980,11
47765.jpg,1969,1995,26
47770.jpg,1969,2010,41
47780.jpg,1969,1980,11
47785.jpg,1969,2000,31
47790.jpg,1969,1970,1
47795.jpg,1969,1950,-19
47800.jpg,1969,1980,11
47805.jpg,1969,1950,-19
47810.jpg,1969,1970,1
47815.jpg,1969,2000,31
47820.jpg,1969,21,-1948
47825.jpg,1969,1975,6
47830.jpg,1969,1975,6
47835.jpg,1970,1975,5
47840.jpg,1970,1990,20
47845.jpg,1970,1980,10
47850.jpg,1970,2005,35
47855.jpg,1970,1960,-10
47860.jpg,1970,2000,30
47865.jpg,1970,2000,30
47870.jpg,1970,1960,-10
47875.jpg,1970,1985,15
47880.jpg,1970,2010,40
47890.jpg,1970,1995,25
47895.jpg,1970,1965,-5
47900.jpg,1970,1980,10
47905.jpg,1970,1960,-10
47910.jpg,1970,1965,-5
47915.jpg,1970,2015,45
47920.jpg,1970,1975,5
47925.jpg,1970,1970,0
47930.jpg,1970,2000,30
47935.jpg,1970,1950,-20
47940.jpg,1970,1965,-5
47945.jpg,1970,1750,-220
47950.jpg,1970,1980,10
47955.jpg,1970,2000,30
47960.jpg,1970,1960,-10
47965.jpg,1970,21,-1949
47970.jpg,1970,1980,10
47975.jpg,1970,1955,-15
47980.jpg,1970,1870,-100
47985.jpg,1970,2005,35
47990.jpg,1970,2010,40
47995.jpg,1970,21,-1949
48000.jpg,1971,1960,-11
48005.jpg,1971,1980,9
48010.jpg,1971,1955,-16
48020.jpg,1971,2015,44
48025.jpg,1971,1980,9
48030.jpg,1971,2015,44
48035.jpg,1971,1990,19
48040.jpg,1971,2010,39
48045.jpg,1971,1995,24
48050.jpg,1971,2000,29
48065.jpg,1971,1985,14
48070.jpg,1971,1960,-11
48075.jpg,1971,1995,24
48080.jpg,1971,1970,-1
48085.jpg,1971,1980,9
48090.jpg,1971,21,-1950
48095.jpg,1971,1880,-91
48100.jpg,1971,2020,49
48105.jpg,1971,2015,44
48110.jpg,1971,2015,44
48115.jpg,1971,1980,9
48120.jpg,1971,1980,9
48130.jpg,1971,1980,9
48135.jpg,1971,1995,24
48140.jpg,1971,2000,29
48145.jpg,1971,1995,24
48150.jpg,1971,1970,-1
48155.jpg,1971,2000,29
48160.jpg,1971,1950,-21
48170.jpg,1971,1960,-11
48175.jpg,1971,1960,-11
48180.jpg,1972,1970,-2
48185.jpg,1972,1955,-17
48190.jpg,1972,1970,-2
48195.jpg,1972,1975,3
48200.jpg,1972,1980,8
48205.jpg,1972,1965,-7
48215.jpg,1972,1950,-22
48220.jpg,1972,1985,13
48225.jpg,1972,1985,13
48230.jpg,1972,1980,8
48235.jpg,1972,2005,33
48240.jpg,1972,2000,28
48245.jpg,1972,-1,-1973
48250.jpg,1972,1960,-12
48255.jpg,1972,20,-1952
48260.jpg,1972,1960,-12
48265.jpg,1972,1980,8
48270.jpg,1972,21,-1951
48275.jpg,1972,1880,-92
48280.jpg,1972,1950,-22
48285.jpg,1972,2010,38
48290.jpg,1972,1890,-82
48295.jpg,1972,1965,-7
48300.jpg,1972,1995,23
48305.jpg,1972,21,-1951
48310.jpg,1972,2010,38
48320.jpg,1972,2010,38
48325.jpg,1972,1965,-7
48330.jpg,1972,1980,8
48335.jpg,1972,1850,-122
48340.jpg,1972,2000,28
48345.jpg,1972,2020,48
48350.jpg,1972,1985,13
48355.jpg,1972,1980,8
48360.jpg,1973,1960,-13
48365.jpg,1973,2000,27
48370.jpg,1973,2000,27
48375.jpg,1973,2000,27
48380.jpg,1973,1970,-3
48385.jpg,1973,2010,37
48390.jpg,1973,21,-1952
48395.jpg,1973,1980,7
48400.jpg,1973,21,-1952
48405.jpg,1973,1990,17
48410.jpg,1973,21,-1952
48415.jpg,1973,2018,45
48420.jpg,1973,2000,27
48425.jpg,1973,1980,7
48430.jpg,1973,1980,7
48435.jpg,1973,1960,-13
48440.jpg,1973,1970,-3
48445.jpg,1973,1980,7
48450.jpg,1973,1960,-13
48455.jpg,1973,2010,37
48465.jpg,1973,-1,-1974
48475.jpg,1973,1985,12
48480.jpg,1973,2000,27
48490.jpg,1973,21,-1952
48495.jpg,1973,1980,7
48500.jpg,1973,1880,-93
48505.jpg,1973,2000,27
48510.jpg,1973,1980,7
48515.jpg,1973,1950,-23
48525.jpg,1973,1955,-18
48530.jpg,1974,2000,26
48535.jpg,1974,2020,46
48540.jpg,1974,2010,36
48545.jpg,1974,1985,11
48550.jpg,1974,2010,36
48555.jpg,1974,2000,26
48560.jpg,1974,2010,36
48565.jpg,1974,2010,36
48570.jpg,1974,2015,41
48575.jpg,1974,2010,36
48580.jpg,1974,2000,26
48585.jpg,1974,1980,6
48590.jpg,1974,2000,26
48595.jpg,1974,1950,-24
48600.jpg,1974,1965,-9
48605.jpg,1974,1980,6
48610.jpg,1974,1980,6
48615.jpg,1974,2000,26
48620.jpg,1974,1950,-24
48625.jpg,1974,1980,6
48630.jpg,1974,2000,26
48635.jpg,1974,2015,41
48640.jpg,1974,1880,-94
48650.jpg,1974,1960,-14
48670.jpg,1974,2000,26
48675.jpg,1974,2000,26
48680.jpg,1974,2010,36
48685.jpg,1974,1985,11
48690.jpg,1974,2000,26
48695.jpg,1974,1600,-374
48700.jpg,1974,2000,26
48705.jpg,1974,2015,41
48710.jpg,1974,2010,36
48715.jpg,1974,1980,6
48720.jpg,1974,2005,31
48725.jpg,1974,1880,-94
48735.jpg,1975,2000,25
48740.jpg,1975,1990,15
48745.jpg,1975,1983,8
48750.jpg,1975,1960,-15
48755.jpg,1975,2000,25
48760.jpg,1975,1975,0
48765.jpg,1975,21,-1954
48770.jpg,1975,1985,10
48775.jpg,1975,20,-1955
48780.jpg,1975,2000,25
48785.jpg,1975,1980,5
48790.jpg,1975,2020,45
48795.jpg,1975,2020,45
48800.jpg,1975,1965,-10
48805.jpg,1975,1980,5
48810.jpg,1975,2015,40
48815.jpg,1975,2020,45
48820.jpg,1975,2020,45
48825.jpg,1975,1850,-125
48830.jpg,1975,1958,-17
48835.jpg,1975,2000,25
48840.jpg,1975,2000,25
48845.jpg,1975,2023,48
48850.jpg,1975,2010,35
48855.jpg,1975,2015,40
48860.jpg,1975,1985,10
48865.jpg,1975,2000,25
48870.jpg,1975,2000,25
48875.jpg,1975,1985,10
48880.jpg,1975,1990,15
48885.jpg,1975,1975,0
48890.jpg,1975,21,-1954
48895.jpg,1975,1890,-85
48900.jpg,1976,1980,4
48905.jpg,1976,2000,24
48910.jpg,1976,1970,-6
48915.jpg,1976,1950,-26
48920.jpg,1976,1975,-1
48925.jpg,1976,1995,19
48930.jpg,1976,2010,34
48940.jpg,1976,2020,44
48945.jpg,1976,2000,24
48950.jpg,1976,2000,24
48955.jpg,1976,1960,-16
48960.jpg,1976,1960,-16
48965.jpg,1976,1960,-16
48970.jpg,1976,1970,-6
48975.jpg,1976,1970,-6
48985.jpg,1976,2023,47
48990.jpg,1976,2010,34
49000.jpg,1976,1580,-396
49020.jpg,1976,2000,24
49030.jpg,1976,2000,24
49035.jpg,1976,2000,24
49040.jpg,1976,1980,4
49045.jpg,1976,1990,14
49050.jpg,1976,1995,19
49060.jpg,1976,1930,-46
49065.jpg,1976,2000,24
49070.jpg,1976,1965,-11
49075.jpg,1976,1950,-26
49080.jpg,1976,1960,-16
49085.jpg,1976,2010,34
49090.jpg,1976,2020,44
49095.jpg,1977,1975,-2
49100.jpg,1977,1880,-97
49105.jpg,1977,1980,3
49110.jpg,1977,1980,3
49115.jpg,1977,2000,23
49120.jpg,1977,1990,13
49125.jpg,1977,21,-1956
49130.jpg,1977,1990,13
49135.jpg,1977,2015,38
49140.jpg,1977,1970,-7
49145.jpg,1977,1975,-2
49150.jpg,1977,1965,-12
49155.jpg,1977,1980,3
49160.jpg,1977,1995,18
49165.jpg,1977,2000,23
49170.jpg,1977,2015,38
49175.jpg,1977,1780,-197
49180.jpg,1977,1975,-2
49185.jpg,1977,2020,43
49190.jpg,1977,-1,-1978
49195.jpg,1977,1985,8
49205.jpg,1977,2020,43
49210.jpg,1977,2000,23
49215.jpg,1977,1980,3
49220.jpg,1977,1990,13
49225.jpg,1977,1967,-10
49230.jpg,1977,2000,23
49235.jpg,1977,1975,-2
49240.jpg,1977,1980,3
49250.jpg,1977,-1,-1978
49255.jpg,1977,1950,-27
49260.jpg,1978,2015,37
49265.jpg,1978,2015,37
49270.jpg,1978,1995,17
49280.jpg,1978,2015,37
49285.jpg,1978,2005,27
49290.jpg,1978,1920,-58
49295.jpg,1978,2015,37
49305.jpg,1978,1960,-18
49310.jpg,1978,2015,37
49315.jpg,1978,1980,2
49320.jpg,1978,2000,22
49325.jpg,1978,1980,2
49330.jpg,1978,2000,22
49335.jpg,1978,1965,-13
49340.jpg,1978,1890,-88
49345.jpg,1978,2020,42
49350.jpg,1978,1990,12
49355.jpg,1978,2015,37
49360.jpg,1978,1980,2
49365.jpg,1978,2020,42
49370.jpg,1978,1990,12
49375.jpg,1978,1985,7
49385.jpg,1978,2021,43
49390.jpg,1978,2000,22
49395.jpg,1978,1950,-28
49400.jpg,1978,1960,-18
49405.jpg,1979,1960,-19
49410.jpg,1979,2000,21
49415.jpg,1979,1980,1
49420.jpg,1979,2000,21
49425.jpg,1979,2000,21
49430.jpg,1979,2010,31
49435.jpg,1979,21,-1958
49440.jpg,1979,1970,-9
49445.jpg,1979,2000,21
49450.jpg,1979,1980,1
49455.jpg,1979,1955,-24
49460.jpg,1979,1980,1
49465.jpg,1979,1850,-129
49470.jpg,1979,1995,16
49475.jpg,1979,1980,1
49480.jpg,1979,1920,-59
49485.jpg,1979,1950,-29
49490.jpg,1979,1890,-89
49495.jpg,1979,2000,21
49500.jpg,1979,2010,31
49505.jpg,1979,2020,41
49510.jpg,1979,1965,-14
49515.jpg,1979,1995,16
49525.jpg,1979,2000,21
49530.jpg,1979,1980,1
49535.jpg,1979,2000,21
49540.jpg,1979,1980,1
49545.jpg,1979,1980,1
49550.jpg,1979,2005,26
49555.jpg,1979,1985,6
49560.jpg,1979,1975,-4
49565.jpg,1980,1970,-10
49570.jpg,1980,1910,-70
49585.jpg,1980,1870,-110
49590.jpg,1980,1980,0
49595.jpg,1980,1980,0
49600.jpg,1980,1965,-15
49605.jpg,1980,1920,-60
49610.jpg,1980,2000,20
49615.jpg,1980,2000,20
49620.jpg,1980,1975,-5
49625.jpg,1980,2000,20
49630.jpg,1980,2010,30
49635.jpg,1980,2015,35
49640.jpg,1980,1920,-60
49645.jpg,1980,2000,20
49650.jpg,1980,2000,20
49655.jpg,1980,1960,-20
49660.jpg,1980,21,-1959
49665.jpg,1980,1995,15
49675.jpg,1980,1980,0
49680.jpg,1980,2000,20
49685.jpg,1980,1995,15
49690.jpg,1980,2000,20
49695.jpg,1980,1990,10
49700.jpg,1980,1980,0
49705.jpg,1980,2000,20
49710.jpg,1981,2000,19
49715.jpg,1981,2005,24
49720.jpg,1981,2015,34
49725.jpg,1981,1970,-11
49735.jpg,1981,1995,14
49740.jpg,1981,1950,-31
49745.jpg,1981,2005,24
49750.jpg,1981,2000,19
49755.jpg,1981,1975,-6
49760.jpg,1981,1970,-11
49770.jpg,1981,1985,4
49775.jpg,1981,1965,-16
49780.jpg,1981,21,-1960
49785.jpg,1981,1935,-46
49790.jpg,1981,2000,19
49795.jpg,1981,2000,19
49800.jpg,1981,2020,39
49805.jpg,1981,2010,29
49810.jpg,1981,1950,-31
49815.jpg,1981,1980,-1
49820.jpg,1981,1890,-91
49825.jpg,1981,1950,-31
49830.jpg,1981,1970,-11
49835.jpg,1981,1980,-1
49840.jpg,1981,1990,9
49845.jpg,1981,21,-1960
49850.jpg,1981,2000,19
49860.jpg,1981,1980,-1
49865.jpg,1981,2017,36
49875.jpg,1981,2000,19
49880.jpg,1981,1980,-1
49885.jpg,1981,2000,19
49890.jpg,1981,1965,-16
49895.jpg,1981,1975,-6
49900.jpg,1981,1980,-1
49905.jpg,1981,2000,19
49910.jpg,1981,2000,19
49915.jpg,1981,1970,-11
49920.jpg,1982,2000,18
49925.jpg,1982,7,-1975
49930.jpg,1982,2000,18
49935.jpg,1982,2000,18
49940.jpg,1982,20,-1962
49945.jpg,1982,1980,-2
49950.jpg,1982,2015,33
49955.jpg,1982,2000,18
49960.jpg,1982,1995,13
49965.jpg,1982,2020,38
49975.jpg,1982,2015,33
49980.jpg,1982,2000,18
49985.jpg,1982,1990,8
49990.jpg,1982,1990,8
49995.jpg,1982,1965,-17
50000.jpg,1982,2000,18
50005.jpg,1982,1980,-2
50010.jpg,1982,1985,3
50015.jpg,1982,1970,-12
50020.jpg,1982,2000,18
50025.jpg,1982,1985,3
50030.jpg,1982,1980,-2
50035.jpg,1982,1965,-17
50040.jpg,1982,1982,0
50045.jpg,1982,2020,38
50050.jpg,1982,1970,-12
50055.jpg,1982,1960,-22
50060.jpg,1982,1980,-2
50065.jpg,1982,1890,-92
50070.jpg,1982,2010,28
50075.jpg,1982,2000,18
50080.jpg,1982,1875,-107
50095.jpg,1982,1900,-82
50100.jpg,1982,1600,-382
50105.jpg,1982,1960,-22
50110.jpg,1982,1895,-87
50115.jpg,1982,1990,8
50120.jpg,1982,2000,18
50145.jpg,1982,1970,-12
50150.jpg,1982,1980,-2
50155.jpg,1982,21,-1961
50160.jpg,1983,1850,-133
50165.jpg,1983,1950,-33
50170.jpg,1983,1950,-33
50175.jpg,1983,2000,17
50185.jpg,1983,1850,-133
50190.jpg,1983,2010,27
50195.jpg,1983,1990,7
50200.jpg,1983,1980,-3
50205.jpg,1983,1980,-3
50210.jpg,1983,2020,37
50220.jpg,1983,2000,17
50225.jpg,1983,1980,-3
50230.jpg,1983,1980,-3
50235.jpg,1983,1980,-3
50240.jpg,1983,1980,-3
50245.jpg,1983,1975,-8
50250.jpg,1983,1970,-13
50255.jpg,1983,1980,-3
50260.jpg,1983,2005,22
50270.jpg,1983,2000,17
50275.jpg,1983,1980,-3
50280.jpg,1983,2015,32
50285.jpg,1983,2000,17
50290.jpg,1983,1995,12
50295.jpg,1983,1980,-3
50300.jpg,1983,1965,-18
50305.jpg,1983,21,-1962
50310.jpg,1983,1950,-33
50315.jpg,1983,1870,-113
50320.jpg,1983,1970,-13
50325.jpg,1983,1920,-63
50330.jpg,1983,1985,2
50335.jpg,1983,2000,17
50340.jpg,1983,2000,17
50345.jpg,1983,1980,-3
50350.jpg,1983,2020,37
50355.jpg,1983,1920,-63
50360.jpg,1983,1980,-3
50365.jpg,1983,1975,-8
50370.jpg,1983,1975,-8
50375.jpg,1983,1960,-23
50380.jpg,1983,2015,32
50385.jpg,1983,2010,27
50390.jpg,1984,21,-1963
50395.jpg,1984,1975,-9
50400.jpg,1984,21,-1963
50405.jpg,1984,1980,-4
50410.jpg,1984,21,-1963
50415.jpg,1984,1975,-9
50420.jpg,1984,2005,21
50425.jpg,1984,2010,26
50430.jpg,1984,2010,26
50435.jpg,1984,1975,-9
50440.jpg,1984,1960,-24
50445.jpg,1984,1970,-14
50450.jpg,1984,2015,31
50455.jpg,1984,2000,16
50465.jpg,1984,2000,16
50470.jpg,1984,1980,-4
50475.jpg,1984,2000,16
50480.jpg,1984,1975,-9
50485.jpg,1984,1975,-9
50490.jpg,1984,1980,-4
50495.jpg,1984,1800,-184
50500.jpg,1984,21,-1963
50505.jpg,1984,1950,-34
50515.jpg,1984,2000,16
50520.jpg,1984,1920,-64
50525.jpg,1984,1980,-4
50530.jpg,1984,1910,-74
50535.jpg,1984,1900,-84
50540.jpg,1984,2000,16
50545.jpg,1984,1980,-4
50550.jpg,1984,2015,31
50555.jpg,1984,21,-1963
50560.jpg,1984,1960,-24
50565.jpg,1984,1982,-2
50570.jpg,1984,1985,1
50575.jpg,1984,2000,16
50580.jpg,1985,1850,-135
50585.jpg,1985,1975,-10
50595.jpg,1985,1975,-10
50600.jpg,1985,1995,10
50605.jpg,1985,2020,35
50610.jpg,1985,2010,25
50615.jpg,1985,2020,35
50620.jpg,1985,2020,35
50630.jpg,1985,1980,-5
50635.jpg,1985,1985,0
50640.jpg,1985,2000,15
50645.jpg,1985,1980,-5
50650.jpg,1985,2020,35
50655.jpg,1985,1980,-5
50660.jpg,1985,2000,15
50665.jpg,1985,1980,-5
50670.jpg,1985,2010,25
50675.jpg,1985,2015,30
50680.jpg,1985,1960,-25
50685.jpg,1985,1995,10
50690.jpg,1985,2010,25
50695.jpg,1985,2000,15
50700.jpg,1985,1965,-20
50705.jpg,1985,1950,-35
50710.jpg,1985,1900,-85
50715.jpg,1985,1980,-5
50720.jpg,1985,1890,-95
50730.jpg,1985,1980,-5
50735.jpg,1985,2015,30
50740.jpg,1985,1990,5
50745.jpg,1985,1983,-2
50750.jpg,1985,2010,25
50755.jpg,1985,1995,10
50760.jpg,1985,1965,-20
50765.jpg,1985,2000,15
50770.jpg,1985,1975,-10
50775.jpg,1985,2010,25
50780.jpg,1986,1980,-6
50785.jpg,1986,1960,-26
50790.jpg,1986,1880,-106
50795.jpg,1986,1980,-6
50800.jpg,1986,2000,14
50805.jpg,1986,1990,4
50810.jpg,1986,1990,4
50815.jpg,1986,2010,24
50820.jpg,1986,1990,4
50830.jpg,1986,1990,4
50835.jpg,1986,2000,14
50840.jpg,1986,1995,9
50845.jpg,1986,2000,14
50850.jpg,1986,1975,-11
50855.jpg,1986,21,-1965
50860.jpg,1986,1980,-6
50865.jpg,1986,1850,-136
50870.jpg,1986,1995,9
50885.jpg,1986,1980,-6
50890.jpg,1986,1980,-6
50895.jpg,1986,2015,29
50900.jpg,1986,1850,-136
50905.jpg,1986,21,-1965
50910.jpg,1986,1975,-11
50915.jpg,1986,2010,24
50920.jpg,1986,1880,-106
50925.jpg,1986,1780,-206
50930.jpg,1986,1975,-11
50935.jpg,1986,1960,-26
50940.jpg,1986,1920,-66
50945.jpg,1986,1995,9
50950.jpg,1986,2000,14
50955.jpg,1986,2010,24
50960.jpg,1986,1990,4
50965.jpg,1986,1950,-36
50970.jpg,1986,2020,34
50975.jpg,1986,2020,34
50980.jpg,1986,1880,-106
50985.jpg,1986,1900,-86
50990.jpg,1987,1650,-337
50995.jpg,1987,1970,-17
51000.jpg,1987,2000,13
51010.jpg,1987,2000,13
51015.jpg,1987,2010,23
51020.jpg,1987,1980,-7
51025.jpg,1987,20,-1967
51030.jpg,1987,1980,-7
51035.jpg,1987,2015,28
51040.jpg,1987,1980,-7
51045.jpg,1987,2000,13
51050.jpg,1987,1985,-2
51055.jpg,1987,1980,-7
51060.jpg,1987,1985,-2
51065.jpg,1987,2020,33
51070.jpg,1987,1970,-17
51075.jpg,1987,1985,-2
51080.jpg,1987,1980,-7
51085.jpg,1987,1980,-7
51090.jpg,1987,2010,23
51095.jpg,1987,1980,-7
51100.jpg,1987,1960,-27
51105.jpg,1987,2000,13
51110.jpg,1987,1910,-77
51115.jpg,1987,2015,28
51120.jpg,1987,0,-1987
51125.jpg,1987,1620,-367
51130.jpg,1987,1920,-67
51135.jpg,1987,1980,-7
51140.jpg,1987,2000,13
51145.jpg,1987,1985,-2
51155.jpg,1987,2005,18
51165.jpg,1987,1895,-92
51170.jpg,1987,1925,-62
51175.jpg,1987,2018,31
51180.jpg,1987,2020,33
51200.jpg,1988,2015,27
51205.jpg,1988,2000,12
51210.jpg,1988,2020,32
51215.jpg,1988,21,-1967
51220.jpg,1988,1980,-8
51225.jpg,1988,1980,-8
51240.jpg,1988,2020,32
51245.jpg,1988,1980,-8
51250.jpg,1988,2020,32
51255.jpg,1988,2000,12
51260.jpg,1988,1980,-8
51265.jpg,1988,1980,-8
51270.jpg,1988,2005,17
51275.jpg,1988,1970,-18
51280.jpg,1988,1980,-8
51285.jpg,1988,1980,-8
51290.jpg,1988,1980,-8
51295.jpg,1988,1980,-8
51300.jpg,1988,1965,-23
51305.jpg,1988,1975,-13
51310.jpg,1988,2000,12
51315.jpg,1988,1995,7
51320.jpg,1988,1980,-8
51330.jpg,1988,1890,-98
51335.jpg,1988,1880,-108
51340.jpg,1988,2020,32
51345.jpg,1988,1910,-78
51350.jpg,1988,1895,-93
51355.jpg,1988,1980,-8
51360.jpg,1988,2000,12
51365.jpg,1988,1980,-8
51370.jpg,1988,2000,12
51375.jpg,1988,2023,35
51380.jpg,1988,2010,22
51385.jpg,1988,0,-1988
51390.jpg,1988,1980,-8
51395.jpg,1988,1985,-3
51400.jpg,1988,21,-1967
51405.jpg,1988,1985,-3
51410.jpg,1989,2000,11
51415.jpg,1989,1975,-14
51420.jpg,1989,1985,-4
51425.jpg,1989,1995,6
51430.jpg,1989,2000,11
51435.jpg,1989,1980,-9
51440.jpg,1989,1980,-9
51445.jpg,1989,2010,21
51455.jpg,1989,1960,-29
51460.jpg,1989,1985,-4
51470.jpg,1989,2000,11
51475.jpg,1989,1970,-19
51480.jpg,1989,2000,11
51485.jpg,1989,1980,-9
51490.jpg,1989,2000,11
51495.jpg,1989,2005,16
51500.jpg,1989,1965,-24
51505.jpg,1989,2000,11
51510.jpg,1989,1980,-9
51515.jpg,1989,2000,11
51520.jpg,1989,1980,-9
51525.jpg,1989,1920,-69
51530.jpg,1989,1975,-14
51535.jpg,1989,2020,31
51540.jpg,1989,21,-1968
51545.jpg,1989,1930,-59
51550.jpg,1989,1890,-99
51555.jpg,1989,2010,21
51560.jpg,1989,2000,11
51565.jpg,1989,2000,11
51575.jpg,1989,1990,1
51580.jpg,1989,1400,-589
51585.jpg,1989,1990,1
51590.jpg,1989,1980,-9
51595.jpg,1989,1990,1
51600.jpg,1989,2000,11
51605.jpg,1990,1850,-140
51610.jpg,1990,1980,-10
51615.jpg,1990,1980,-10
51620.jpg,1990,2010,20
51625.jpg,1990,1985,-5
51630.jpg,1990,2023,33
51635.jpg,1990,1985,-5
51640.jpg,1990,21,-1969
51645.jpg,1990,2005,15
51650.jpg,1990,1965,-25
51655.jpg,1990,1992,2
51660.jpg,1990,1985,-5
51670.jpg,1990,1925,-65
51675.jpg,1990,20,-1970
51680.jpg,1990,2010,20
51685.jpg,1990,2000,10
51690.jpg,1990,2000,10
51695.jpg,1990,1975,-15
51700.jpg,1990,1980,-10
51705.jpg,1990,1995,5
51710.jpg,1990,1985,-5
51715.jpg,1990,1965,-25
51720.jpg,1990,1975,-15
51725.jpg,1990,1995,5
51730.jpg,1990,2015,25
51735.jpg,1990,20,-1970
51740.jpg,1990,2015,25
51745.jpg,1990,1980,-10
51755.jpg,1990,1965,-25
51760.jpg,1990,1915,-75
51765.jpg,1990,1890,-100
51770.jpg,1990,1980,-10
51775.jpg,1990,21,-1969
51780.jpg,1990,1985,-5
51785.jpg,1990,1895,-95
51795.jpg,1990,0,-1990
51805.jpg,1990,1980,-10
51810.jpg,1990,2000,10
51815.jpg,1990,1970,-20
51820.jpg,1990,1980,-10
51825.jpg,1990,1995,5
51830.jpg,1990,2000,10
51840.jpg,1991,1880,-111
51845.jpg,1991,19,-1972
51850.jpg,1991,2020,29
51860.jpg,1991,2010,19
51865.jpg,1991,2020,29
51870.jpg,1991,2010,19
51875.jpg,1991,1980,-11
51885.jpg,1991,2000,9
51890.jpg,1991,1985,-6
51895.jpg,1991,1980,-11
51905.jpg,1991,2015,24
51910.jpg,1991,1985,-6
51920.jpg,1991,1995,4
51925.jpg,1991,2000,9
51930.jpg,1991,1985,-6
51935.jpg,1991,1980,-11
51940.jpg,1991,2000,9
51945.jpg,1991,2000,9
51950.jpg,1991,1980,-11
51955.jpg,1991,1950,-41
51960.jpg,1991,1995,4
51965.jpg,1991,1950,-41
51970.jpg,1991,2020,29
51975.jpg,1991,1985,-6
51980.jpg,1991,1870,-121
51985.jpg,1991,1930,-61
51990.jpg,1991,2010,19
51995.jpg,1991,21,-1970
52000.jpg,1991,1975,-16
52015.jpg,1991,1995,4
52020.jpg,1991,2000,9
52025.jpg,1991,1990,-1
52035.jpg,1991,1990,-1
52040.jpg,1991,1995,4
52045.jpg,1991,1980,-11
52060.jpg,1991,1975,-16
52065.jpg,1992,2000,8
52070.jpg,1992,2000,8
52075.jpg,1992,2020,28
52080.jpg,1992,1982,-10
52085.jpg,1992,21,-1971
52090.jpg,1992,2010,18
52095.jpg,1992,1980,-12
52100.jpg,1992,1995,3
52105.jpg,1992,1980,-12
52110.jpg,1992,2000,8
52115.jpg,1992,1975,-17
52120.jpg,1992,1980,-12
52125.jpg,1992,2010,18
52130.jpg,1992,2000,8
52135.jpg,1992,1980,-12
52140.jpg,1992,2000,8
52145.jpg,1992,1980,-12
52150.jpg,1992,1980,-12
52155.jpg,1992,2005,13
52160.jpg,1992,2020,28
52165.jpg,1992,2000,8
52170.jpg,1992,21,-1971
52175.jpg,1992,2000,8
52180.jpg,1992,1975,-17
52185.jpg,1992,2005,13
52190.jpg,1992,1980,-12
52195.jpg,1992,2000,8
52200.jpg,1992,2015,23
52205.jpg,1992,2000,8
52210.jpg,1992,1980,-12
52215.jpg,1992,1930,-62
52220.jpg,1992,21,-1971
52225.jpg,1992,1995,3
52230.jpg,1992,1910,-82
52235.jpg,1992,1890,-102
52240.jpg,1992,2005,13
52245.jpg,1992,1985,-7
52250.jpg,1992,2000,8
52260.jpg,1992,21,-1971
52270.jpg,1993,1980,-13
52275.jpg,1993,1990,-3
52280.jpg,1993,1980,-13
52285.jpg,1993,1990,-3
52290.jpg,1993,2000,7
52300.jpg,1993,1980,-13
52305.jpg,1993,1980,-13
52310.jpg,1993,21,-1972
52315.jpg,1993,1985,-8
52320.jpg,1993,1995,2
52325.jpg,1993,1960,-33
52335.jpg,1993,1985,-8
52340.jpg,1993,2000,7
52345.jpg,1993,1985,-8
52350.jpg,1993,2005,12
52355.jpg,1993,2000,7
52360.jpg,1993,1980,-13
52365.jpg,1993,2020,27
52370.jpg,1993,1980,-13
52375.jpg,1993,1980,-13
52380.jpg,1993,1980,-13
52385.jpg,1993,1990,-3
52390.jpg,1993,1980,-13
52395.jpg,1993,2000,7
52400.jpg,1993,2000,7
52405.jpg,1993,2015,22
52410.jpg,1993,19,-1974
52415.jpg,1993,1950,-43
52420.jpg,1993,2000,7
52425.jpg,1993,1915,-78
52430.jpg,1993,1990,-3
52435.jpg,1993,2015,22
52440.jpg,1993,2005,12
52445.jpg,1993,2005,12
52450.jpg,1993,1750,-243
52455.jpg,1993,1995,2
52460.jpg,1993,2010,17
52465.jpg,1993,1965,-28
52475.jpg,1994,2015,21
52480.jpg,1994,2010,16
52485.jpg,1994,2000,6
52490.jpg,1994,1970,-24
52495.jpg,1994,2015,21
52505.jpg,1994,2000,6
52510.jpg,1994,1994,0
52515.jpg,1994,1980,-14
52525.jpg,1994,2015,21
52530.jpg,1994,2010,16
52535.jpg,1994,2000,6
52540.jpg,1994,1960,-34
52545.jpg,1994,2000,6
52550.jpg,1994,2020,26
52555.jpg,1994,1990,-4
52560.jpg,1994,1910,-84
52570.jpg,1994,2000,6
52575.jpg,1994,1990,-4
52580.jpg,1994,2000,6
52585.jpg,1994,2000,6
52590.jpg,1994,2000,6
52595.jpg,1994,1905,-89
52600.jpg,1994,1950,-44
52605.jpg,1994,1600,-394
52610.jpg,1994,2000,6
52615.jpg,1994,1910,-84
52620.jpg,1994,2015,21
52625.jpg,1994,1995,1
52630.jpg,1994,2015,21
52635.jpg,1994,2015,21
52640.jpg,1994,2000,6
52645.jpg,1994,1975,-19
52650.jpg,1995,2000,5
52655.jpg,1995,2000,5
52660.jpg,1995,2015,20
52665.jpg,1995,2020,25
52670.jpg,1995,2005,10
52675.jpg,1995,1975,-20
52680.jpg,1995,21,-1974
52685.jpg,1995,1995,0
52690.jpg,1995,21,-1974
52695.jpg,1995,2000,5
52700.jpg,1995,2020,25
52705.jpg,1995,1935,-60
52710.jpg,1995,1980,-15
52715.jpg,1995,2000,5
52720.jpg,1995,1980,-15
52725.jpg,1995,1983,-12
52730.jpg,1995,21,-1974
52735.jpg,1995,2010,15
52740.jpg,1995,1980,-15
52745.jpg,1995,2000,5
52750.jpg,1995,1980,-15
52755.jpg,1995,1980,-15
52760.jpg,1995,2000,5
52765.jpg,1995,2000,5
52770.jpg,1995,2010,15
52775.jpg,1995,2000,5
52785.jpg,1995,2015,20
52790.jpg,1995,1890,-105
52795.jpg,1995,21,-1974
52800.jpg,1995,1910,-85
52805.jpg,1995,2020,25
52810.jpg,1995,2010,15
52815.jpg,1995,1990,-5
52820.jpg,1995,1980,-15
52825.jpg,1995,2000,5
52830.jpg,1995,2010,15
52835.jpg,1995,2000,5
52840.jpg,1995,1580,-415
52845.jpg,1996,1980,-16
52850.jpg,1996,2010,14
52855.jpg,1996,2015,19
52860.jpg,1996,2010,14
52865.jpg,1996,2015,19
52870.jpg,1996,2015,19
52875.jpg,1996,2000,4
52880.jpg,1996,1950,-46
52885.jpg,1996,2010,14
52890.jpg,1996,1995,-1
52895.jpg,1996,2010,14
52900.jpg,1996,2005,9
52905.jpg,1996,2005,9
52910.jpg,1996,1985,-11
52915.jpg,1996,1980,-16
52920.jpg,1996,2000,4
52925.jpg,1996,2000,4
52935.jpg,1996,2000,4
52940.jpg,1996,1970,-26
52945.jpg,1996,1880,-116
52950.jpg,1996,1950,-46
52955.jpg,1996,2010,14
52960.jpg,1996,1980,-16
52965.jpg,1996,2000,4
52970.jpg,1996,1980,-16
52980.jpg,1996,2020,24
52985.jpg,1997,1850,-147
52990.jpg,1997,1995,-2
52995.jpg,1997,2000,3
53000.jpg,1997,1980,-17
53005.jpg,1997,1920,-77
53010.jpg,1997,1995,-2
53015.jpg,1997,0,-1997
53020.jpg,1997,2010,13
53025.jpg,1997,2002,5
53030.jpg,1997,1995,-2
53035.jpg,1997,2020,23
53040.jpg,1997,2020,23
53045.jpg,1997,2020,23
53050.jpg,1997,21,-1976
53055.jpg,1997,2000,3
53060.jpg,1997,2010,13
53065.jpg,1997,1995,-2
53070.jpg,1997,2005,8
53075.jpg,1997,1995,-2
53080.jpg,1997,2010,13
53085.jpg,1997,1950,-47
53090.jpg,1997,1950,-47
53095.jpg,1997,21,-1976
53100.jpg,1997,2000,3
53105.jpg,1997,2023,26
53110.jpg,1997,2010,13
53115.jpg,1997,21,-1976
53120.jpg,1997,2023,26
53125.jpg,1997,2010,13
53130.jpg,1997,1950,-47
53135.jpg,1997,2000,3
53140.jpg,1997,2000,3
53145.jpg,1997,1980,-17
53150.jpg,1997,2015,18
53155.jpg,1997,1820,-177
53165.jpg,1997,2015,18
53170.jpg,1997,2020,23
53175.jpg,1997,1990,-7
53180.jpg,1997,2000,3
53185.jpg,1997,1990,-7
53190.jpg,1997,2000,3
53195.jpg,1997,1500,-497
53200.jpg,1997,2010,13
53205.jpg,1997,1985,-12
53210.jpg,1997,1990,-7
53215.jpg,1997,1930,-67
53220.jpg,1997,1995,-2
53225.jpg,1997,2000,3
53230.jpg,1997,1980,-17
53235.jpg,1998,1895,-103
53240.jpg,1998,1990,-8
53245.jpg,1998,1960,-38
53250.jpg,1998,21,-1977
53255.jpg,1998,1980,-18
53260.jpg,1998,2000,2
53265.jpg,1998,1965,-33
53270.jpg,1998,2020,22
53275.jpg,1998,-1,-1999
53280.jpg,1998,2000,2
53285.jpg,1998,2020,22
53290.jpg,1998,1985,-13
53300.jpg,1998,2000,2
53305.jpg,1998,1970,-28
53310.jpg,1998,2005,7
53315.jpg,1998,2015,17
53325.jpg,1998,2010,12
53330.jpg,1998,1980,-18
53335.jpg,1998,2005,7
53340.jpg,1998,1980,-18
53345.jpg,1998,2020,22
53350.jpg,1998,2000,2
53355.jpg,1998,2000,2
53365.jpg,1998,2010,12
53370.jpg,1998,2015,17
53375.jpg,1998,1980,-18
53380.jpg,1998,2020,22
53385.jpg,1998,1750,-248
53390.jpg,1998,1790,-208
53395.jpg,1998,2005,7
53400.jpg,1998,1895,-103
53405.jpg,1998,2000,2
53410.jpg,1998,1890,-108
53415.jpg,1998,2000,2
53420.jpg,1998,1990,-8
53425.jpg,1998,2010,12
53435.jpg,1998,1965,-33
53440.jpg,1998,1980,-18
53445.jpg,1998,1985,-13
53450.jpg,1998,2010,12
53455.jpg,1999,1850,-149
53460.jpg,1999,1980,-19
53465.jpg,1999,2015,16
53470.jpg,1999,1920,-79
53475.jpg,1999,2020,21
53480.jpg,1999,2000,1
53485.jpg,1999,21,-1978
53490.jpg,1999,21,-1978
53495.jpg,1999,2000,1
53505.jpg,1999,2000,1
53510.jpg,1999,2000,1
53515.jpg,1999,2010,11
53520.jpg,1999,2000,1
53525.jpg,1999,2000,1
53530.jpg,1999,2020,21
53535.jpg,1999,1970,-29
53540.jpg,1999,1980,-19
53545.jpg,1999,1980,-19
53550.jpg,1999,2000,1
53555.jpg,1999,1980,-19
53560.jpg,1999,1980,-19
53565.jpg,1999,1985,-14
53570.jpg,1999,2000,1
53575.jpg,1999,1970,-29
53580.jpg,1999,1990,-9
53585.jpg,1999,1980,-19
53590.jpg,1999,2000,1
53595.jpg,1999,1975,-24
53600.jpg,1999,1995,-4
53605.jpg,1999,2000,1
53610.jpg,1999,2000,1
53615.jpg,1999,1875,-124
53620.jpg,1999,1910,-89
53625.jpg,1999,1980,-19
53630.jpg,1999,1820,-179
53635.jpg,1999,1895,-104
53650.jpg,1999,1975,-24
53655.jpg,1999,1975,-24
53660.jpg,1999,2000,1
53665.jpg,1999,1980,-19
53670.jpg,1999,21,-1978
53675.jpg,1999,2000,1
53680.jpg,1999,2000,1
53685.jpg,1999,1870,-129
53690.jpg,2000,2000,0
53700.jpg,2000,2010,10
53705.jpg,2000,2000,0
53710.jpg,2000,1995,-5
53715.jpg,2000,2000,0
53720.jpg,2000,2003,3
53725.jpg,2000,2000,0
53730.jpg,2000,1980,-20
53735.jpg,2000,2020,20
53740.jpg,2000,2003,3
53745.jpg,2000,2010,10
53755.jpg,2000,1980,-20
53760.jpg,2000,1980,-20
53765.jpg,2000,2000,0
53770.jpg,2000,2005,5
53775.jpg,2000,21,-1979
53780.jpg,2000,2000,0
53785.jpg,2000,1995,-5
53790.jpg,2000,2000,0
53795.jpg,2000,1960,-40
53800.jpg,2000,1995,-5
53805.jpg,2000,1980,-20
53810.jpg,2000,1975,-25
53815.jpg,2000,1990,-10
53820.jpg,2000,2010,10
53830.jpg,2000,1980,-20
53835.jpg,2000,21,-1979
53840.jpg,2000,2005,5
53845.jpg,2000,2010,10
53850.jpg,2000,1880,-120
53855.jpg,2000,0,-2000
53860.jpg,2000,2000,0
53865.jpg,2000,2005,5
53870.jpg,2000,2010,10
53875.jpg,2000,2000,0
53880.jpg,2000,1980,-20
53885.jpg,2000,1985,-15
53890.jpg,2000,2000,0
53895.jpg,2000,2015,15
53905.jpg,2001,2010,9
53910.jpg,2001,2000,-1
53915.jpg,2001,1980,-21
53920.jpg,2001,2000,-1
53925.jpg,2001,2015,14
53930.jpg,2001,2000,-1
53935.jpg,2001,1960,-41
53940.jpg,2001,2020,19
53945.jpg,2001,1990,-11
53950.jpg,2001,-1,-2002
53955.jpg,2001,2000,-1
53960.jpg,2001,2010,9
53965.jpg,2001,21,-1980
53970.jpg,2001,21,-1980
53975.jpg,2001,21,-1980
53980.jpg,2001,2000,-1
53985.jpg,2001,1970,-31
53990.jpg,2001,1975,-26
53995.jpg,2001,1880,-121
54000.jpg,2001,2015,14
54005.jpg,2001,1960,-41
54010.jpg,2001,1990,-11
54015.jpg,2001,2020,19
54020.jpg,2001,1928,-73
54025.jpg,2001,1980,-21
54030.jpg,2001,2005,4
54035.jpg,2001,2010,9
54040.jpg,2001,2010,9
54045.jpg,2001,2000,-1
54050.jpg,2001,2010,9
54055.jpg,2001,2015,14
54060.jpg,2001,2023,22
54065.jpg,2001,1928,-73
54070.jpg,2001,2015,14
54075.jpg,2001,2015,14
54085.jpg,2001,2023,22
54090.jpg,2001,2015,14
54095.jpg,2001,1980,-21
54100.jpg,2001,2010,9
54105.jpg,2001,2005,4
54110.jpg,2001,2010,9
54120.jpg,2001,2000,-1
54125.jpg,2001,2020,19
54130.jpg,2001,1965,-36
54135.jpg,2001,1995,-6
54140.jpg,2001,2010,9
54145.jpg,2001,1950,-51
54150.jpg,2001,2005,4
54155.jpg,2001,1990,-11
54160.jpg,2001,1980,-21
54165.jpg,2001,1980,-21
54170.jpg,2001,2015,14
54180.jpg,2002,1950,-52
54185.jpg,2002,2020,18
54190.jpg,2002,2000,-2
54195.jpg,2002,2000,-2
54200.jpg,2002,1980,-22
54205.jpg,2002,2020,18
54210.jpg,2002,2000,-2
54215.jpg,2002,2000,-2
54220.jpg,2002,1985,-17
54225.jpg,2002,-1,-2003
54230.jpg,2002,2010,8
54235.jpg,2002,2000,-2
54240.jpg,2002,2000,-2
54245.jpg,2002,-1,-2003
54250.jpg,2002,2005,3
54255.jpg,2002,1900,-102
54260.jpg,2002,2000,-2
54265.jpg,2002,2010,8
54270.jpg,2002,2019,17
54275.jpg,2002,1995,-7
54280.jpg,2002,2015,13
54285.jpg,2002,2020,18
54290.jpg,2002,2000,-2
54295.jpg,2002,21,-1981
54300.jpg,2002,1895,-107
54305.jpg,2002,1985,-17
54310.jpg,2002,2000,-2
54315.jpg,2002,2000,-2
54320.jpg,2002,1850,-152
54330.jpg,2002,1890,-112
54335.jpg,2002,1985,-17
54340.jpg,2002,2015,13
54345.jpg,2002,2000,-2
54355.jpg,2002,2010,8
54360.jpg,2002,2005,3
54365.jpg,2002,2010,8
54370.jpg,2002,1970,-32
54375.jpg,2002,1980,-22
54385.jpg,2002,2000,-2
54390.jpg,2002,2000,-2
54395.jpg,2002,2000,-2
54400.jpg,2002,21,-1981
54405.jpg,2003,2020,17
54410.jpg,2003,2010,7
54415.jpg,2003,2010,7
54425.jpg,2003,2000,-3
54430.jpg,2003,2010,7
54435.jpg,2003,2015,12
54440.jpg,2003,2010,7
54445.jpg,2003,2015,12
54450.jpg,2003,2000,-3
54460.jpg,2003,1980,-23
54465.jpg,2003,1990,-13
54470.jpg,2003,-1,-2004
54475.jpg,2003,2003,0
54480.jpg,2003,2010,7
54485.jpg,2003,1980,-23
54490.jpg,2003,2010,7
54495.jpg,2003,2015,12
54500.jpg,2003,1990,-13
54505.jpg,2003,2015,12
54510.jpg,2003,21,-1982
54515.jpg,2003,1980,-23
54520.jpg,2003,1930,-73
54525.jpg,2003,21,-1982
54530.jpg,2003,1985,-18
54535.jpg,2003,1980,-23
54540.jpg,2003,1990,-13
54545.jpg,2003,20,-1983
54550.jpg,2003,2000,-3
54555.jpg,2003,1650,-353
54560.jpg,2003,2000,-3
54565.jpg,2003,2000,-3
54570.jpg,2003,1990,-13
54575.jpg,2003,21,-1982
54580.jpg,2003,1990,-13
54585.jpg,2003,2000,-3
54590.jpg,2003,1960,-43
54595.jpg,2003,21,-1982
54600.jpg,2003,2000,-3
54605.jpg,2004,2005,1
54610.jpg,2004,1980,-24
54620.jpg,2004,2015,11
54625.jpg,2004,1990,-14
54630.jpg,2004,2010,6
54635.jpg,2004,2015,11
54640.jpg,2004,2020,16
54645.jpg,2004,1990,-14
54650.jpg,2004,2010,6
54655.jpg,2004,2010,6
54660.jpg,2004,2010,6
54665.jpg,2004,1995,-9
54670.jpg,2004,2000,-4
54675.jpg,2004,2015,11
54680.jpg,2004,1985,-19
54685.jpg,2004,2010,6
54690.jpg,2004,1950,-54
54695.jpg,2004,1980,-24
54700.jpg,2004,2015,11
54705.jpg,2004,2000,-4
54710.jpg,2004,2015,11
54715.jpg,2004,2000,-4
54720.jpg,2004,2000,-4
54725.jpg,2004,2023,19
54730.jpg,2004,2000,-4
54735.jpg,2004,2010,6
54740.jpg,2004,2010,6
54745.jpg,2004,1980,-24
54750.jpg,2004,1920,-84
54760.jpg,2004,2000,-4
54770.jpg,2004,1950,-54
54775.jpg,2004,2010,6
54780.jpg,2004,2003,-1
54785.jpg,2004,1980,-24
54790.jpg,2004,1980,-24
54795.jpg,2004,2015,11
54800.jpg,2004,2015,11
54805.jpg,2004,1995,-9
54810.jpg,2004,2010,6
54815.jpg,2004,2005,1
54820.jpg,2004,2020,16
54825.jpg,2004,1980,-24
54830.jpg,2004,2010,6
54835.jpg,2004,2020,16
54840.jpg,2004,2003,-1
54845.jpg,2005,1850,-155
54850.jpg,2005,1980,-25
54855.jpg,2005,2020,15
54860.jpg,2005,2000,-5
54865.jpg,2005,1990,-15
54870.jpg,2005,2000,-5
54885.jpg,2005,2000,-5
54890.jpg,2005,2010,5
54895.jpg,2005,2015,10
54900.jpg,2005,2000,-5
54905.jpg,2005,2010,5
54910.jpg,2005,2005,0
54915.jpg,2005,1850,-155
54925.jpg,2005,1980,-25
54930.jpg,2005,2020,15
54935.jpg,2005,1925,-80
54940.jpg,2005,1985,-20
54955.jpg,2005,2000,-5
54960.jpg,2005,2005,0
54965.jpg,2005,2005,0
54970.jpg,2005,21,-1984
54975.jpg,2005,1980,-25
54980.jpg,2005,2010,5
54985.jpg,2005,1975,-30
54990.jpg,2005,1895,-110
54995.jpg,2005,1650,-355
55000.jpg,2005,1975,-30
55005.jpg,2005,2005,0
55010.jpg,2005,1950,-55
55015.jpg,2005,2005,0
55020.jpg,2005,2015,10
55025.jpg,2005,2000,-5
55030.jpg,2005,2000,-5
55035.jpg,2005,2005,0
55040.jpg,2005,2023,18
55045.jpg,2005,2000,-5
55050.jpg,2005,2005,0
55055.jpg,2005,2020,15
55060.jpg,2005,2020,15
55065.jpg,2005,2015,10
55070.jpg,2005,2023,18
55075.jpg,2005,2020,15
55080.jpg,2005,2015,10
55085.jpg,2005,2000,-5
55090.jpg,2005,2023,18
55095.jpg,2005,2005,0
55100.jpg,2005,2020,15
55105.jpg,2005,1975,-30
55110.jpg,2005,2000,-5
55115.jpg,2005,1910,-95
55120.jpg,2005,2000,-5
55125.jpg,2005,1985,-20
55130.jpg,2005,2000,-5
55135.jpg,2006,2015,9
55140.jpg,2006,2015,9
55145.jpg,2006,1965,-41
55155.jpg,2006,2010,4
55160.jpg,2006,2000,-6
55165.jpg,2006,2000,-6
55170.jpg,2006,2020,14
55175.jpg,2006,2010,4
55180.jpg,2006,1980,-26
55185.jpg,2006,1980,-26
55190.jpg,2006,21,-1985
55195.jpg,2006,2000,-6
55200.jpg,2006,2010,4
55210.jpg,2006,2000,-6
55215.jpg,2006,2015,9
55220.jpg,2006,2015,9
55230.jpg,2006,2000,-6
55235.jpg,2006,2010,4
55240.jpg,2006,2005,-1
55245.jpg,2006,2000,-6
55250.jpg,2006,1980,-26
55255.jpg,2006,2000,-6
55265.jpg,2006,1950,-56
55270.jpg,2006,2020,14
55275.jpg,2006,1950,-56
55280.jpg,2006,2000,-6
55285.jpg,2006,2000,-6
55290.jpg,2006,2015,9
55295.jpg,2006,21,-1985
55300.jpg,2006,2010,4
55305.jpg,2006,2000,-6
55310.jpg,2006,1985,-21
55315.jpg,2006,2000,-6
55320.jpg,2006,20,-1986
55325.jpg,2006,2000,-6
55330.jpg,2006,2015,9
55335.jpg,2007,1850,-157
55340.jpg,2007,2020,13
55345.jpg,2007,2013,6
55355.jpg,2007,2000,-7
55360.jpg,2007,2005,-2
55365.jpg,2007,2010,3
55370.jpg,2007,2020,13
55380.jpg,2007,2015,8
55385.jpg,2007,1970,-37
55395.jpg,2007,2013,6
55400.jpg,2007,2015,8
55405.jpg,2007,2023,16
55410.jpg,2007,2010,3
55415.jpg,2007,1980,-27
55420.jpg,2007,2010,3
55425.jpg,2007,2010,3
55430.jpg,2007,2015,8
55435.jpg,2007,1900,-107
55440.jpg,2007,2005,-2
55445.jpg,2007,1998,-9
55450.jpg,2007,1980,-27
55455.jpg,2007,2000,-7
55460.jpg,2007,1400,-607
55465.jpg,2007,2000,-7
55475.jpg,2007,1850,-157
55480.jpg,2007,20,-1987
55485.jpg,2007,2023,16
55490.jpg,2007,1920,-87
55500.jpg,2007,2000,-7
55505.jpg,2007,2000,-7
55510.jpg,2007,2010,3
55515.jpg,2007,2005,-2
55520.jpg,2007,2020,13
55525.jpg,2007,1880,-127
55530.jpg,2007,2010,3
55535.jpg,2007,2000,-7
55540.jpg,2007,2015,8
55545.jpg,2007,2015,8
55550.jpg,2007,21,-1986
55555.jpg,2007,2020,13
55560.jpg,2007,2010,3
55565.jpg,2007,2005,-2
55570.jpg,2007,2015,8
55575.jpg,2007,2020,13
55580.jpg,2007,1980,-27
55585.jpg,2007,2019,12
55590.jpg,2007,2000,-7
55595.jpg,2007,1930,-77
55600.jpg,2007,2015,8
55605.jpg,2007,1500,-507
55610.jpg,2008,1650,-358
55615.jpg,2008,1750,-258
55620.jpg,2008,2020,12
55625.jpg,2008,2008,0
55630.jpg,2008,2020,12
55635.jpg,2008,2000,-8
55640.jpg,2008,2020,12
55645.jpg,2008,2015,7
55650.jpg,2008,2000,-8
55655.jpg,2008,2010,2
55660.jpg,2008,2010,2
55670.jpg,2008,2010,2
55675.jpg,2008,20,-1988
55685.jpg,2008,2010,2
55690.jpg,2008,2010,2
55695.jpg,2008,2020,12
55705.jpg,2008,2015,7
55710.jpg,2008,2000,-8
55715.jpg,2008,2000,-8
55720.jpg,2008,1950,-58
55725.jpg,2008,2015,7
55730.jpg,2008,2023,15
55735.jpg,2008,1450,-558
55740.jpg,2008,1980,-28
55745.jpg,2008,2020,12
55750.jpg,2008,1980,-28
55755.jpg,2008,2005,-3
55760.jpg,2008,2000,-8
55765.jpg,2008,1980,-28
55770.jpg,2008,1820,-188
55775.jpg,2008,1983,-25
55780.jpg,2008,2000,-8
55785.jpg,2008,2010,2
55795.jpg,2008,2018,10
55800.jpg,2008,2010,2
55805.jpg,2008,2005,-3
55810.jpg,2008,2005,-3
55815.jpg,2008,2010,2
55820.jpg,2008,2000,-8
55825.jpg,2008,1985,-23
55830.jpg,2008,2000,-8
55835.jpg,2009,1980,-29
55845.jpg,2009,2015,6
55850.jpg,2009,2020,11
55870.jpg,2009,-1,-2010
55875.jpg,2009,2010,1
55880.jpg,2009,1990,-19
55885.jpg,2009,2020,11
55890.jpg,2009,2023,14
55895.jpg,2009,2010,1
55900.jpg,2009,1980,-29
55905.jpg,2009,2015,6
55910.jpg,2009,2015,6
55915.jpg,2009,2015,6
55920.jpg,2009,1900,-109
55925.jpg,2009,2015,6
55930.jpg,2009,2020,11
55935.jpg,2009,2010,1
55940.jpg,2009,2015,6
55945.jpg,2009,2015,6
55950.jpg,2009,2000,-9
55955.jpg,2009,2000,-9
55960.jpg,2009,2023,14
55965.jpg,2009,1995,-14
55970.jpg,2009,2020,11
55975.jpg,2009,2015,6
55980.jpg,2009,2000,-9
55985.jpg,2009,2015,6
55990.jpg,2009,2015,6
55995.jpg,2009,2005,-4
56000.jpg,2009,2023,14
56005.jpg,2009,1910,-99
56010.jpg,2009,1780,-229
56015.jpg,2009,2015,6
56020.jpg,2009,2000,-9
56025.jpg,2009,2000,-9
56030.jpg,2009,2000,-9
56035.jpg,2009,2005,-4
56040.jpg,2009,2015,6
56050.jpg,2009,2000,-9
56055.jpg,2009,2000,-9
56060.jpg,2009,2000,-9
56065.jpg,2009,1990,-19
56070.jpg,2009,1995,-14
56075.jpg,2009,2000,-9
56080.jpg,2010,2015,5
56085.jpg,2010,2005,-5
56090.jpg,2010,2015,5
56095.jpg,2010,2005,-5
56105.jpg,2010,2015,5
56110.jpg,2010,1980,-30
56115.jpg,2010,2010,0
56125.jpg,2010,2015,5
56130.jpg,2010,2005,-5
56135.jpg,2010,2000,-10
56140.jpg,2010,1980,-30
56145.jpg,2010,21,-1989
56150.jpg,2010,2000,-10
56155.jpg,2010,1980,-30
56165.jpg,2010,1890,-120
56170.jpg,2010,1850,-160
56175.jpg,2010,2020,10
56180.jpg,2010,2000,-10
56185.jpg,2010,1995,-15
56190.jpg,2010,2000,-10
56195.jpg,2010,2010,0
56200.jpg,2010,2005,-5
56205.jpg,2010,1995,-15
56210.jpg,2010,2015,5
56215.jpg,2010,1980,-30
56220.jpg,2010,2015,5
56225.jpg,2010,2000,-10
56230.jpg,2010,1980,-30
56235.jpg,2010,1910,-100
56240.jpg,2010,2010,0
56245.jpg,2010,2010,0
56250.jpg,2010,1995,-15
56255.jpg,2010,2020,10
56260.jpg,2010,2000,-10
56265.jpg,2010,1995,-15
56270.jpg,2010,2000,-10
56275.jpg,2010,2015,5
56280.jpg,2010,21,-1989
56285.jpg,2010,2017,7
56290.jpg,2010,1995,-15
56295.jpg,2010,2020,10
56300.jpg,2010,1980,-30
56310.jpg,2010,2012,2
56315.jpg,2011,2000,-11
56320.jpg,2011,1965,-46
56325.jpg,2011,2000,-11
56330.jpg,2011,2005,-6
56335.jpg,2011,2010,-1
56345.jpg,2011,1960,-51
56350.jpg,2011,2010,-1
56355.jpg,2011,2020,9
56360.jpg,2011,2015,4
56365.jpg,2011,2010,-1
56370.jpg,2011,2000,-11
56375.jpg,2011,2018,7
56380.jpg,2011,2010,-1
56385.jpg,2011,2005,-6
56390.jpg,2011,1900,-111
56395.jpg,2011,2015,4
56400.jpg,2011,2015,4
56405.jpg,2011,1880,-131
56410.jpg,2011,2015,4
56415.jpg,2011,2015,4
56420.jpg,2011,2010,-1
56425.jpg,2011,1935,-76
56430.jpg,2011,2015,4
56440.jpg,2011,-1,-2012
56450.jpg,2011,2020,9
56455.jpg,2011,1700,-311
56460.jpg,2011,1975,-36
56465.jpg,2011,1990,-21
56470.jpg,2011,1880,-131
56475.jpg,2011,2000,-11
56480.jpg,2011,1975,-36
56485.jpg,2011,2015,4
56495.jpg,2011,21,-1990
56500.jpg,2011,2000,-11
56505.jpg,2011,2000,-11
56510.jpg,2011,2005,-6
56515.jpg,2011,1950,-61
56520.jpg,2011,2020,9
56525.jpg,2011,1980,-31
56545.jpg,2012,1980,-32
56550.jpg,2012,2012,0
56555.jpg,2012,1990,-22
56560.jpg,2012,2015,3
56565.jpg,2012,2015,3
56570.jpg,2012,2000,-12
56575.jpg,2012,2023,11
56585.jpg,2012,2015,3
56590.jpg,2012,2015,3
56600.jpg,2012,21,-1991
56605.jpg,2012,2000,-12
56610.jpg,2012,2015,3
56615.jpg,2012,2020,8
56620.jpg,2012,1935,-77
56625.jpg,2012,2015,3
56630.jpg,2012,2010,-2
56635.jpg,2012,2005,-7
56640.jpg,2012,2000,-12
56645.jpg,2012,2010,-2
56650.jpg,2012,2015,3
56655.jpg,2012,2010,-2
56660.jpg,2012,1910,-102
56665.jpg,2012,1925,-87
56670.jpg,2012,2015,3
56675.jpg,2012,2015,3
56680.jpg,2012,2005,-7
56685.jpg,2012,2000,-12
56690.jpg,2012,2010,-2
56695.jpg,2012,2020,8
56700.jpg,2012,2020,8
56705.jpg,2012,2000,-12
56710.jpg,2012,1960,-52
56715.jpg,2012,1870,-142
56720.jpg,2013,2000,-13
56725.jpg,2013,2015,2
56730.jpg,2013,2000,-13
56735.jpg,2013,2010,-3
56740.jpg,2013,1980,-33
56745.jpg,2013,2010,-3
56750.jpg,2013,2005,-8
56755.jpg,2013,2000,-13
56765.jpg,2013,2015,2
56770.jpg,2013,2015,2
56775.jpg,2013,21,-1992
56780.jpg,2013,-1,-2014
56785.jpg,2013,2000,-13
56795.jpg,2013,2015,2
56800.jpg,2013,1980,-33
56805.jpg,2013,2015,2
56810.jpg,2013,2015,2
56820.jpg,2013,1995,-18
56825.jpg,2013,-1,-2014
56845.jpg,2013,2015,2
56850.jpg,2013,2005,-8
56855.jpg,2013,2015,2
56860.jpg,2013,2000,-13
56865.jpg,2013,1990,-23
56870.jpg,2013,2018,5
56875.jpg,2013,2020,7
56880.jpg,2013,2010,-3
56885.jpg,2013,2013,0
56890.jpg,2013,2000,-13
56895.jpg,2013,1990,-23
56900.jpg,2014,1990,-24
56905.jpg,2014,1980,-34
56910.jpg,2014,1910,-104
56915.jpg,2014,2005,-9
56920.jpg,2014,2015,1
56925.jpg,2014,2003,-11
56930.jpg,2014,2005,-9
56935.jpg,2014,2000,-14
56940.jpg,2014,2015,1
56945.jpg,2014,1970,-44
56950.jpg,2014,2010,-4
56955.jpg,2014,1980,-34
56960.jpg,2014,2015,1
56965.jpg,2014,1985,-29
56970.jpg,2014,2015,1
56975.jpg,2014,1980,-34
56980.jpg,2014,1980,-34
56985.jpg,2014,1995,-19
56990.jpg,2014,2015,1
56995.jpg,2014,2020,6
57005.jpg,2014,2020,6
57010.jpg,2014,2000,-14
57015.jpg,2014,2015,1
57020.jpg,2014,1980,-34
57025.jpg,2014,2015,1
57030.jpg,2014,2000,-14
57035.jpg,2014,2015,1
57040.jpg,2014,2023,9
57045.jpg,2014,2000,-14
57050.jpg,2014,21,-1993
57055.jpg,2014,2015,1
57060.jpg,2014,2023,9
57065.jpg,2014,2000,-14
57070.jpg,2014,2000,-14
57075.jpg,2015,2020,5
57085.jpg,2015,1995,-20
57090.jpg,2015,2015,0
57095.jpg,2015,2000,-15
57100.jpg,2015,2020,5
57105.jpg,2015,2000,-15
57110.jpg,2015,2023,8
57120.jpg,2015,2015,0
57125.jpg,2015,2023,8
57130.jpg,2015,2015,0
57135.jpg,2015,2023,8
57140.jpg,2015,2020,5
57145.jpg,2015,2010,-5
57150.jpg,2015,2005,-10
57155.jpg,2015,2020,5
57160.jpg,2015,2000,-15
57165.jpg,2015,2015,0
57170.jpg,2015,2005,-10
57175.jpg,2015,2020,5
57180.jpg,2015,2010,-5
57185.jpg,2015,2015,0
57195.jpg,2015,2020,5
57200.jpg,2015,1900,-115
57205.jpg,2015,2005,-10
57210.jpg,2015,2012,-3
57215.jpg,2015,2020,5
57220.jpg,2016,1980,-36
57225.jpg,2016,2020,4
57230.jpg,2016,2010,-6
57235.jpg,2016,2018,2
57240.jpg,2016,2010,-6
57250.jpg,2016,2000,-16
57255.jpg,2016,1980,-36
57270.jpg,2016,2000,-16
57275.jpg,2016,21,-1995
57280.jpg,2016,2000,-16
57285.jpg,2016,2015,-1
57290.jpg,2016,2015,-1
57295.jpg,2016,2015,-1
57300.jpg,2016,2010,-6
57305.jpg,2016,2015,-1
57310.jpg,2016,1880,-136
57315.jpg,2016,2010,-6
57320.jpg,2016,2020,4
57325.jpg,2016,2010,-6
57330.jpg,2016,2018,2
57335.jpg,2016,2015,-1
57340.jpg,2016,2015,-1
57345.jpg,2016,1965,-51
57350.jpg,2016,2018,2
57355.jpg,2016,2015,-1
57360.jpg,2016,2020,4
57365.jpg,2017,1980,-37
57370.jpg,2017,2000,-17
57375.jpg,2017,2015,-2
57385.jpg,2017,2005,-12
57390.jpg,2017,2015,-2
57395.jpg,2017,2000,-17
57400.jpg,2017,1985,-32
57415.jpg,2017,2015,-2
57420.jpg,2017,2000,-17
57425.jpg,2017,2020,3
57430.jpg,2017,1965,-52
57435.jpg,2017,21,-1996
57440.jpg,2017,1920,-97
57450.jpg,2017,2000,-17
57455.jpg,2017,2020,3
57470.jpg,2017,2000,-17
57475.jpg,2017,2000,-17
57480.jpg,2018,2020,2
57485.jpg,2018,1995,-23
57490.jpg,2018,1980,-38
57495.jpg,2018,2000,-18
57500.jpg,2018,2000,-18
57505.jpg,2018,2018,0
57510.jpg,2018,2010,-8
57515.jpg,2018,2015,-3
57520.jpg,2018,1995,-23
57525.jpg,2018,2015,-3
57530.jpg,2018,2005,-13
57545.jpg,2018,2020,2
57550.jpg,2018,2015,-3
57555.jpg,2018,2015,-3
57560.jpg,2018,2015,-3
57565.jpg,2018,1995,-23
57570.jpg,2018,2018,0
57575.jpg,2018,2015,-3
57585.jpg,2019,2020,1
57595.jpg,2019,2025,6
57600.jpg,2019,2020,1
57605.jpg,2019,2020,1
57610.jpg,2019,2015,-4
57615.jpg,2019,2015,-4
57620.jpg,2019,2020,1
57625.jpg,2019,1995,-24
57630.jpg,2019,1980,-39
57635.jpg,2019,2000,-19
57640.jpg,2019,2013,-6
57645.jpg,2019,2000,-19
57660.jpg,2019,21,-1998
57665.jpg,2019,2015,-4
57670.jpg,2020,2000,-20
57675.jpg,2020,2015,-5
57680.jpg,2020,2010,-10
57685.jpg,2020,2015,-5
57690.jpg,2020,2010,-10
57695.jpg,2020,1995,-25
57700.jpg,2020,2010,-10
57705.jpg,2020,2010,-10
57710.jpg,2020,2015,-5
57725.jpg,2020,2000,-20
57730.jpg,2021,2000,-21
57735.jpg,2021,2015,-6
57740.jpg,2021,2018,-3
57745.jpg,2021,2015,-6
57750.jpg,2021,2020,-1
57755.jpg,2021,2000,-21
57760.jpg,2021,2000,-21
57765.jpg,2021,2010,-11
57770.jpg,2021,2015,-6
57780.jpg,2021,2015,-6
57785.jpg,2021,2015,-6
57790.jpg,2021,2005,-16
57795.jpg,2021,2020,-1
57800.jpg,2021,2015,-6
57805.jpg,2022,2010,-12
57810.jpg,2022,1995,-27
57815.jpg,2022,2015,-7
57825.jpg,2022,2000,-22
57830.jpg,2022,2000,-22
57835.jpg,2022,21,-2001
57840.jpg,2022,1920,-102
57845.jpg,2022,2015,-7
57860.jpg,2022,2015,-7
57865.jpg,2022,1980,-42
57870.jpg,2022,2015,-7
57875.jpg,2023,21,-2002
57885.jpg,2023,2020,-3
57890.jpg,2023,2020,-3
57895.jpg,2023,2005,-18
57900.jpg,2023,2000,-23
57910.jpg,2023,2019,-4
57915.jpg,2023,2015,-8
57920.jpg,2023,21,-2002
57925.jpg,2024,1880,-144
57930.jpg,2024,2015,-9
