name,year,pred,diff
5.jpg,1008,1200,192
10.jpg,1016,1900,884
15.jpg,1022,1200,178
20.jpg,1028,1900,872
25.jpg,1036,1900,864
30.jpg,1048,2000,952
35.jpg,1051,1200,149
40.jpg,1061,1235,174
45.jpg,1063,1600,537
55.jpg,1070,1300,230
60.jpg,1076,1100,24
65.jpg,1080,1300,220
70.jpg,1090,1700,610
75.jpg,1093,1900,807
80.jpg,1097,1830,733
85.jpg,1100,2020,920
90.jpg,1100,1800,700
95.jpg,1107,1800,693
100.jpg,1110,1850,740
105.jpg,1114,1100,-14
110.jpg,1116,1300,184
120.jpg,1120,1200,80
125.jpg,1122,1900,778
130.jpg,1125,1900,775
135.jpg,1128,1450,322
140.jpg,1129,1300,171
145.jpg,1130,1200,70
150.jpg,1131,1100,-31
155.jpg,1134,1600,466
165.jpg,1138,1900,762
170.jpg,1140,1300,160
175.jpg,1144,1500,356
180.jpg,1146,1300,154
185.jpg,1147,1235,88
190.jpg,1149,1450,301
195.jpg,1150,1850,700
200.jpg,1152,1300,148
210.jpg,1160,1200,40
215.jpg,1165,1231,66
220.jpg,1168,1500,332
225.jpg,1170,1600,430
230.jpg,1170,1350,180
235.jpg,1172,1450,278
240.jpg,1175,1900,725
245.jpg,1177,1100,-77
255.jpg,1180,1300,120
260.jpg,1180,1200,20
265.jpg,1180,1200,20
275.jpg,1185,1300,115
280.jpg,1189,1900,711
285.jpg,1191,1200,9
290.jpg,1192,1900,708
295.jpg,1194,1200,6
300.jpg,1196,1100,-96
305.jpg,1198,1188,-10
310.jpg,1199,1800,601
315.jpg,1200,1450,250
320.jpg,1202,1100,-102
325.jpg,1204,1900,696
330.jpg,1208,1700,492
335.jpg,1211,1600,389
340.jpg,1212,1300,88
345.jpg,1215,1600,385
350.jpg,1217,1200,-17
355.jpg,1220,1400,180
360.jpg,1221,1100,-121
365.jpg,1222,1100,-122
370.jpg,1224,1300,76
375.jpg,1226,1300,74
380.jpg,1227,1900,673
385.jpg,1229,1200,-29
390.jpg,1231,1300,69
395.jpg,1232,2000,768
405.jpg,1237,1540,303
410.jpg,1238,1200,-38
415.jpg,1240,1200,-40
420.jpg,1242,1450,208
425.jpg,1245,1300,55
430.jpg,1247,1300,53
435.jpg,1248,1200,-48
440.jpg,1250,1200,-50
445.jpg,1250,1900,650
450.jpg,1252,1300,48
455.jpg,1255,1450,195
460.jpg,1259,1700,441
465.jpg,1260,1200,-60
470.jpg,1263,1200,-63
475.jpg,1264,1300,36
485.jpg,1270,1231,-39
490.jpg,1270,1500,230
495.jpg,1270,1200,-70
500.jpg,1271,1900,629
505.jpg,1273,1300,27
510.jpg,1275,1300,25
515.jpg,1277,1100,-177
520.jpg,1278,1200,-78
525.jpg,1279,1450,171
530.jpg,1280,1900,620
535.jpg,1285,1100,-185
540.jpg,1288,1200,-88
545.jpg,1289,1400,111
550.jpg,1290,1800,510
555.jpg,1291,1500,209
560.jpg,1293,1300,7
565.jpg,1295,1200,-95
570.jpg,1298,1200,-98
575.jpg,1300,1200,-100
580.jpg,1300,1200,-100
585.jpg,1300,1800,500
590.jpg,1301,1450,149
595.jpg,1303,1000,-303
600.jpg,1305,1200,-105
605.jpg,1307,1900,593
610.jpg,1309,1900,591
615.jpg,1310,1200,-110
620.jpg,1311,1450,139
625.jpg,1313,1100,-213
630.jpg,1314,1200,-114
635.jpg,1317,1200,-117
640.jpg,1319,1100,-219
645.jpg,1320,1600,280
650.jpg,1322,1300,-22
655.jpg,1324,1200,-124
660.jpg,1325,1900,575
665.jpg,1326,1450,124
670.jpg,1327,1850,523
675.jpg,1328,1300,-28
680.jpg,1330,1500,170
685.jpg,1330,1300,-30
690.jpg,1331,1600,269
695.jpg,1333,1850,517
700.jpg,1335,1800,465
705.jpg,1337,1450,113
710.jpg,1338,1500,162
715.jpg,1340,1200,-140
720.jpg,1340,1900,560
725.jpg,1343,1900,557
730.jpg,1345,1200,-145
735.jpg,1345,1800,455
740.jpg,1346,1900,554
745.jpg,1347,1300,-47
750.jpg,1347,1400,53
755.jpg,1349,1900,551
760.jpg,1350,1900,550
765.jpg,1350,1400,50
775.jpg,1353,1500,147
780.jpg,1354,1800,446
785.jpg,1356,1450,94
790.jpg,1358,1400,42
795.jpg,1360,1200,-160
800.jpg,1361,1200,-161
805.jpg,1362,1200,-162
810.jpg,1364,1900,536
815.jpg,1365,1900,535
825.jpg,1370,1900,530
830.jpg,1371,1400,29
835.jpg,1373,1850,477
840.jpg,1375,1450,75
845.jpg,1377,1400,23
850.jpg,1380,2000,620
855.jpg,1381,1200,-181
860.jpg,1382,1500,118
865.jpg,1384,1400,16
870.jpg,1386,2010,624
875.jpg,1389,1450,61
880.jpg,1390,1000,-390
885.jpg,1394,1450,56
890.jpg,1396,1450,54
895.jpg,1397,1900,503
900.jpg,1398,1450,52
905.jpg,1399,1200,-199
910.jpg,1400,1450,50
915.jpg,1401,1450,49
920.jpg,1402,1200,-202
925.jpg,1405,1300,-105
930.jpg,1406,1450,44
935.jpg,1409,1300,-109
940.jpg,1410,1500,90
945.jpg,1410,1450,40
950.jpg,1411,1100,-311
955.jpg,1413,1300,-113
960.jpg,1414,1900,486
965.jpg,1417,1300,-117
970.jpg,1419,1950,531
975.jpg,1420,1400,-20
980.jpg,1420,1921,501
985.jpg,1422,1850,428
990.jpg,1424,1300,-124
995.jpg,1425,1450,25
1000.jpg,1426,1450,24
1005.jpg,1428,1900,472
1010.jpg,1430,1450,20
1015.jpg,1431,1300,-131
1025.jpg,1435,1250,-185
1030.jpg,1436,1900,464
1035.jpg,1438,1900,462
1040.jpg,1440,1200,-240
1045.jpg,1441,1200,-241
1050.jpg,1442,1800,358
1055.jpg,1444,1300,-144
1060.jpg,1446,1450,4
1065.jpg,1448,1800,352
1070.jpg,1450,1300,-150
1075.jpg,1450,1100,-350
1080.jpg,1451,2000,549
1085.jpg,1452,1500,48
1090.jpg,1453,1450,-3
1095.jpg,1455,1300,-155
1100.jpg,1457,1900,443
1105.jpg,1458,1450,-8
1110.jpg,1459,1450,-9
1115.jpg,1460,1300,-160
1120.jpg,1462,1900,438
1125.jpg,1462,1300,-162
1130.jpg,1464,1300,-164
1135.jpg,1465,1800,335
1140.jpg,1466,1300,-166
1145.jpg,1467,1600,133
1150.jpg,1468,1450,-18
1155.jpg,1469,1300,-169
1160.jpg,1470,1900,430
1165.jpg,1470,1300,-170
1170.jpg,1472,1700,228
1175.jpg,1473,1700,227
1180.jpg,1475,1200,-275
1185.jpg,1477,1300,-177
1190.jpg,1477,1700,223
1195.jpg,1479,1800,321
1200.jpg,1480,1200,-280
1205.jpg,1482,1600,118
1210.jpg,1482,1300,-182
1215.jpg,1483,1850,367
1220.jpg,1485,1300,-185
1225.jpg,1487,1500,13
1230.jpg,1487,1400,-87
1235.jpg,1488,1450,-38
1240.jpg,1489,1200,-289
1245.jpg,1490,1526,36
1250.jpg,1490,1450,-40
1255.jpg,1491,1500,9
1260.jpg,1492,1500,8
1265.jpg,1493,1900,407
1270.jpg,1494,1450,-44
1275.jpg,1495,1500,5
1280.jpg,1496,1450,-46
1285.jpg,1497,1900,403
1290.jpg,1497,1450,-47
1295.jpg,1498,1500,2
1300.jpg,1499,1300,-199
1305.jpg,1500,1300,-200
1310.jpg,1500,1500,0
1315.jpg,1501,1900,399
1325.jpg,1503,1600,97
1330.jpg,1504,1450,-54
1335.jpg,1505,1850,345
1340.jpg,1506,1450,-56
1345.jpg,1507,1450,-57
1350.jpg,1508,1450,-58
1355.jpg,1508,1700,192
1360.jpg,1509,1200,-309
1365.jpg,1510,1900,390
1370.jpg,1510,1900,390
1375.jpg,1511,1450,-61
1380.jpg,1512,1900,388
1385.jpg,1513,1300,-213
1390.jpg,1513,1900,387
1395.jpg,1515,1450,-65
1400.jpg,1515,1600,85
1405.jpg,1516,1900,384
1410.jpg,1517,1258,-259
1415.jpg,1518,1450,-68
1420.jpg,1518,1600,82
1425.jpg,1520,1900,380
1430.jpg,1521,1500,-21
1435.jpg,1521,1300,-221
1440.jpg,1522,2000,478
1445.jpg,1523,1900,377
1450.jpg,1524,1900,376
1455.jpg,1525,1450,-75
1460.jpg,1526,1600,74
1465.jpg,1526,1600,74
1470.jpg,1527,1950,423
1475.jpg,1528,1750,222
1480.jpg,1528,1900,372
1485.jpg,1530,1300,-230
1490.jpg,1530,1900,370
1495.jpg,1530,1900,370
1500.jpg,1531,1900,369
1505.jpg,1531,1900,369
1510.jpg,1532,1450,-82
1515.jpg,1532,1900,368
1520.jpg,1533,1900,367
1525.jpg,1534,1900,366
1530.jpg,1535,1800,265
1535.jpg,1535,1900,365
1540.jpg,1536,1200,-336
1545.jpg,1537,1600,63
1550.jpg,1537,1600,63
1555.jpg,1538,1900,362
1560.jpg,1539,1300,-239
1565.jpg,1540,1200,-340
1570.jpg,1540,1450,-90
1575.jpg,1540,1200,-340
1580.jpg,1540,1300,-240
1590.jpg,1542,1600,58
1595.jpg,1543,1800,257
1600.jpg,1543,1600,57
1605.jpg,1544,1600,56
1610.jpg,1545,1800,255
1615.jpg,1545,1450,-95
1620.jpg,1547,1600,53
1625.jpg,1548,1450,-98
1630.jpg,1549,1820,271
1635.jpg,1549,1600,51
1640.jpg,1550,1800,250
1645.jpg,1550,1850,300
1650.jpg,1550,1450,-100
1655.jpg,1550,1200,-350
1660.jpg,1551,1900,349
1665.jpg,1551,1450,-101
1670.jpg,1552,1600,48
1675.jpg,1553,1600,47
1680.jpg,1554,1820,266
1685.jpg,1554,1450,-104
1690.jpg,1555,1800,245
1695.jpg,1556,1900,344
1700.jpg,1557,1900,343
1705.jpg,1558,1900,342
1710.jpg,1558,1453,-105
1715.jpg,1559,1450,-109
1720.jpg,1559,1900,341
1725.jpg,1560,1660,100
1730.jpg,1560,1800,240
1735.jpg,1560,1900,340
1740.jpg,1561,1450,-111
1745.jpg,1561,1650,89
1750.jpg,1562,1300,-262
1755.jpg,1563,1900,337
1760.jpg,1564,1850,286
1765.jpg,1565,1900,335
1770.jpg,1565,1900,335
1775.jpg,1565,1450,-115
1780.jpg,1566,1600,34
1785.jpg,1567,1500,-67
1790.jpg,1567,1450,-117
1795.jpg,1568,1100,-468
1800.jpg,1568,1900,332
1805.jpg,1569,1600,31
1810.jpg,1570,1800,230
1815.jpg,1570,1600,30
1820.jpg,1570,1500,-70
1825.jpg,1571,1900,329
1830.jpg,1572,1800,228
1835.jpg,1572,1632,60
1840.jpg,1573,1450,-123
1845.jpg,1573,1900,327
1850.jpg,1574,1600,26
1855.jpg,1574,1900,326
1860.jpg,1575,1800,225
1865.jpg,1575,1800,225
1870.jpg,1575,1850,275
1875.jpg,1576,1800,224
1880.jpg,1577,1600,23
1885.jpg,1578,1800,222
1890.jpg,1578,1600,22
1895.jpg,1579,1500,-79
1900.jpg,1579,1900,321
1905.jpg,1580,1710,130
1910.jpg,1580,1900,320
1915.jpg,1581,1450,-131
1920.jpg,1581,1450,-131
1925.jpg,1582,1300,-282
1930.jpg,1582,1950,368
1935.jpg,1583,1450,-133
1940.jpg,1584,1700,116
1945.jpg,1584,1900,316
1950.jpg,1585,1900,315
1955.jpg,1585,1300,-285
1960.jpg,1585,1800,215
1965.jpg,1586,1450,-136
1970.jpg,1586,1800,214
1975.jpg,1587,1450,-137
1980.jpg,1588,1800,212
1985.jpg,1588,1200,-388
1990.jpg,1588,1600,12
1995.jpg,1588,1800,212
2000.jpg,1589,1900,311
2005.jpg,1590,1700,110
2010.jpg,1590,1600,10
2020.jpg,1591,1600,9
2025.jpg,1591,1600,9
2030.jpg,1592,1900,308
2035.jpg,1593,1700,107
2045.jpg,1595,1650,55
2050.jpg,1595,1700,105
2055.jpg,1595,1900,305
2060.jpg,1596,1800,204
2065.jpg,1596,1450,-146
2070.jpg,1597,1600,3
2075.jpg,1597,1300,-297
2080.jpg,1598,1600,2
2085.jpg,1598,1600,2
2090.jpg,1598,1900,302
2095.jpg,1600,1600,0
2100.jpg,1600,1200,-400
2115.jpg,1602,1800,198
2125.jpg,1604,1850,246
2130.jpg,1604,1600,-4
2135.jpg,1604,1600,-4
2140.jpg,1605,1750,145
2145.jpg,1605,1700,95
2150.jpg,1606,1900,294
2155.jpg,1606,1600,-6
2160.jpg,1607,2006,399
2165.jpg,1607,1900,293
2170.jpg,1608,1600,-8
2175.jpg,1608,1600,-8
2180.jpg,1609,1200,-409
2185.jpg,1610,1600,-10
2190.jpg,1610,1700,90
2195.jpg,1610,1600,-10
2200.jpg,1610,1700,90
2205.jpg,1611,1600,-11
2210.jpg,1611,1600,-11
2215.jpg,1611,1700,89
2220.jpg,1612,1990,378
2225.jpg,1612,1888,276
2230.jpg,1613,1450,-163
2235.jpg,1613,1750,137
2240.jpg,1614,1900,286
2245.jpg,1614,1600,-14
2250.jpg,1614,1400,-214
2255.jpg,1615,1700,85
2260.jpg,1615,1200,-415
2265.jpg,1616,1700,84
2270.jpg,1616,1750,134
2275.jpg,1616,1900,284
2280.jpg,1616,1600,-16
2285.jpg,1617,1800,183
2290.jpg,1617,1500,-117
2295.jpg,1617,1600,-17
2300.jpg,1618,2000,382
2305.jpg,1618,1900,282
2310.jpg,1619,1400,-219
2315.jpg,1619,1900,281
2320.jpg,1619,1900,281
2325.jpg,1620,1600,-20
2330.jpg,1620,1700,80
2335.jpg,1620,1600,-20
2340.jpg,1621,1600,-21
2345.jpg,1621,1600,-21
2350.jpg,1622,1600,-22
2360.jpg,1623,1700,77
2365.jpg,1624,1800,176
2370.jpg,1624,1600,-24
2375.jpg,1624,1900,276
2380.jpg,1625,1600,-25
2385.jpg,1625,1700,75
2390.jpg,1625,1800,175
2395.jpg,1625,1900,275
2400.jpg,1626,1450,-176
2405.jpg,1626,1800,174
2410.jpg,1627,1700,73
2415.jpg,1628,1900,272
2420.jpg,1628,1800,172
2425.jpg,1629,1850,221
2430.jpg,1629,1500,-129
2435.jpg,1630,1700,70
2440.jpg,1630,1700,70
2445.jpg,1630,1600,-30
2450.jpg,1630,1500,-130
2455.jpg,1631,1700,69
2460.jpg,1631,1900,269
2465.jpg,1631,1450,-181
2470.jpg,1632,1200,-432
2475.jpg,1632,1900,268
2480.jpg,1632,1900,268
2485.jpg,1633,1800,167
2490.jpg,1633,1450,-183
2495.jpg,1634,1900,266
2500.jpg,1634,1900,266
2505.jpg,1634,1900,266
2510.jpg,1635,1700,65
2515.jpg,1635,1775,140
2520.jpg,1635,1900,265
2525.jpg,1636,1800,164
2530.jpg,1636,1900,264
2535.jpg,1636,1600,-36
2540.jpg,1637,1850,213
2545.jpg,1637,1900,263
2550.jpg,1638,1600,-38
2555.jpg,1638,1700,62
2560.jpg,1638,1900,262
2565.jpg,1639,1800,161
2570.jpg,1639,1700,61
2575.jpg,1640,1800,160
2580.jpg,1640,1900,260
2585.jpg,1640,1800,160
2590.jpg,1641,1600,-41
2595.jpg,1641,1500,-141
2600.jpg,1641,1900,259
2605.jpg,1642,1700,58
2610.jpg,1642,1800,158
2615.jpg,1643,1900,257
2620.jpg,1644,1700,56
2625.jpg,1644,1800,156
2630.jpg,1644,1600,-44
2635.jpg,1645,1900,255
2640.jpg,1645,1900,255
2645.jpg,1646,1750,104
2650.jpg,1646,1200,-446
2655.jpg,1646,1450,-196
2660.jpg,1648,1850,202
2665.jpg,1648,1900,252
2670.jpg,1648,1526,-122
2675.jpg,1649,1600,-49
2680.jpg,1650,1300,-350
2685.jpg,1650,1600,-50
2690.jpg,1650,1900,250
2695.jpg,1650,1900,250
2700.jpg,1651,1600,-51
2705.jpg,1651,1838,187
2710.jpg,1652,1850,198
2715.jpg,1653,1800,147
2720.jpg,1653,1600,-53
2725.jpg,1654,1700,46
2730.jpg,1654,1500,-154
2735.jpg,1655,1800,145
2745.jpg,1656,1900,244
2750.jpg,1656,1740,84
2755.jpg,1656,1900,244
2760.jpg,1657,1700,43
2765.jpg,1657,1950,293
2770.jpg,1658,1450,-208
2775.jpg,1658,1800,142
2780.jpg,1659,1200,-459
2785.jpg,1659,1600,-59
2790.jpg,1660,1700,40
2795.jpg,1660,1800,140
2800.jpg,1660,1800,140
2805.jpg,1660,1750,90
2810.jpg,1660,1700,40
2815.jpg,1660,1750,90
2820.jpg,1660,1700,40
2825.jpg,1661,1900,239
2830.jpg,1661,1750,89
2835.jpg,1661,1750,89
2840.jpg,1661,1900,239
2845.jpg,1662,1900,238
2850.jpg,1663,1850,187
2855.jpg,1663,1600,-63
2860.jpg,1664,1700,36
2865.jpg,1664,1850,186
2870.jpg,1664,1600,-64
2875.jpg,1665,1700,35
2880.jpg,1665,1850,185
2885.jpg,1665,1850,185
2890.jpg,1665,1900,235
2895.jpg,1666,1600,-66
2900.jpg,1666,1400,-266
2905.jpg,1667,1850,183
2910.jpg,1667,1750,83
2915.jpg,1667,1600,-67
2920.jpg,1668,1600,-68
2925.jpg,1669,1900,231
2930.jpg,1669,1850,181
2935.jpg,1670,1850,180
2940.jpg,1670,1800,130
2945.jpg,1670,1800,130
2950.jpg,1670,1600,-70
2955.jpg,1671,1880,209
2960.jpg,1671,1600,-71
2965.jpg,1671,1600,-71
2970.jpg,1672,1900,228
2975.jpg,1672,1800,128
2980.jpg,1673,1600,-73
2985.jpg,1673,1600,-73
2990.jpg,1674,1800,126
2995.jpg,1674,1900,226
3000.jpg,1674,1200,-474
3010.jpg,1675,1600,-75
3020.jpg,1676,1850,174
3025.jpg,1676,1850,174
3030.jpg,1677,2000,323
3035.jpg,1677,1850,173
3040.jpg,1677,1750,73
3045.jpg,1678,1900,222
3050.jpg,1678,1500,-178
3055.jpg,1678,1500,-178
3060.jpg,1679,1850,171
3065.jpg,1679,1600,-79
3075.jpg,1680,1800,120
3080.jpg,1680,1850,170
3085.jpg,1680,1850,170
3090.jpg,1680,1900,220
3095.jpg,1680,1850,170
3100.jpg,1680,1700,20
3105.jpg,1681,1850,169
3110.jpg,1681,1900,219
3115.jpg,1681,1700,19
3120.jpg,1681,1200,-481
3125.jpg,1682,1850,168
3130.jpg,1682,1700,18
3135.jpg,1682,1682,0
3140.jpg,1682,1600,-82
3145.jpg,1683,1850,167
3150.jpg,1683,1850,167
3155.jpg,1683,1900,217
3160.jpg,1683,1200,-483
3165.jpg,1683,1900,217
3170.jpg,1684,1800,116
3175.jpg,1684,1850,166
3180.jpg,1684,1200,-484
3185.jpg,1684,1750,66
3190.jpg,1685,1800,115
3195.jpg,1685,1600,-85
3200.jpg,1685,1850,165
3205.jpg,1686,1900,214
3210.jpg,1686,1850,164
3215.jpg,1686,1900,214
3220.jpg,1686,1900,214
3225.jpg,1687,1500,-187
3230.jpg,1687,1800,113
3235.jpg,1687,1900,213
3240.jpg,1688,1800,112
3245.jpg,1688,1600,-88
3250.jpg,1689,1900,211
3255.jpg,1689,1800,111
3260.jpg,1689,1600,-89
3270.jpg,1690,1900,210
3275.jpg,1690,1875,185
3280.jpg,1690,1850,160
3285.jpg,1690,1700,10
3290.jpg,1690,1990,300
3295.jpg,1690,1900,210
3300.jpg,1690,1100,-590
3305.jpg,1691,1850,159
3310.jpg,1691,1600,-91
3315.jpg,1691,1800,109
3320.jpg,1692,1800,108
3325.jpg,1692,1893,201
3330.jpg,1693,1900,207
3335.jpg,1693,1900,207
3340.jpg,1694,1800,106
3345.jpg,1694,2000,306
3350.jpg,1694,1100,-594
3355.jpg,1695,1900,205
3360.jpg,1695,1850,155
3365.jpg,1695,1850,155
3370.jpg,1695,1850,155
3375.jpg,1695,1565,-130
3385.jpg,1696,1700,4
3390.jpg,1696,1900,204
3395.jpg,1696,1900,204
3400.jpg,1696,1700,4
3405.jpg,1696,1900,204
3410.jpg,1697,1800,103
3415.jpg,1697,1900,203
3420.jpg,1697,1800,103
3425.jpg,1697,1900,203
3430.jpg,1698,1800,102
3435.jpg,1698,1850,152
3440.jpg,1698,1600,-98
3445.jpg,1699,1850,151
3450.jpg,1699,1600,-99
3455.jpg,1699,1900,201
3460.jpg,1700,1200,-500
3465.jpg,1700,1900,200
3470.jpg,1700,1900,200
3475.jpg,1700,1800,100
3480.jpg,1700,1850,150
3485.jpg,1700,1850,150
3490.jpg,1700,1850,150
3495.jpg,1700,1600,-100
3500.jpg,1700,1800,100
3505.jpg,1700,1700,0
3510.jpg,1700,1600,-100
3520.jpg,1701,1900,199
3525.jpg,1701,1800,99
3535.jpg,1702,1900,198
3540.jpg,1702,1700,-2
3545.jpg,1703,1837,134
3550.jpg,1704,1850,146
3555.jpg,1704,1800,96
3560.jpg,1704,1900,196
3565.jpg,1704,1900,196
3570.jpg,1704,1900,196
3575.jpg,1705,1600,-105
3580.jpg,1705,1700,-5
3585.jpg,1705,1850,145
3590.jpg,1705,1600,-105
3595.jpg,1706,1900,194
3600.jpg,1706,1800,94
3605.jpg,1706,1600,-106
3610.jpg,1706,1900,194
3615.jpg,1707,1900,193
3620.jpg,1707,2000,293
3625.jpg,1707,1800,93
3630.jpg,1708,1800,92
3635.jpg,1708,1900,192
3640.jpg,1708,1850,142
3645.jpg,1708,1600,-108
3650.jpg,1709,1300,-409
3655.jpg,1709,1900,191
3660.jpg,1709,1750,41
3665.jpg,1709,1800,91
3670.jpg,1710,1800,90
3675.jpg,1710,2000,290
3680.jpg,1710,1800,90
3685.jpg,1710,1900,190
3690.jpg,1710,1800,90
3695.jpg,1710,1850,140
3700.jpg,1710,1900,190
3705.jpg,1710,1850,140
3710.jpg,1710,1600,-110
3715.jpg,1711,1900,189
3720.jpg,1711,1850,139
3725.jpg,1711,1850,139
3730.jpg,1711,1748,37
3735.jpg,1711,1600,-111
3740.jpg,1712,1950,238
3745.jpg,1712,1900,188
3750.jpg,1713,1600,-113
3755.jpg,1713,1850,137
3760.jpg,1713,1900,187
3765.jpg,1713,1600,-113
3770.jpg,1714,1850,136
3775.jpg,1714,1800,86
3780.jpg,1714,1850,136
3785.jpg,1714,1900,186
3790.jpg,1715,1600,-115
3795.jpg,1715,1950,235
3800.jpg,1715,1600,-115
3805.jpg,1715,2000,285
3810.jpg,1715,1800,85
3815.jpg,1715,1800,85
3820.jpg,1715,1900,185
3825.jpg,1715,1700,-15
3830.jpg,1715,1700,-15
3835.jpg,1716,1600,-116
3840.jpg,1716,1850,134
3845.jpg,1716,1900,184
3850.jpg,1716,2000,284
3855.jpg,1716,1800,84
3860.jpg,1716,1800,84
3865.jpg,1717,1900,183
3870.jpg,1717,1850,133
3875.jpg,1717,1900,183
3880.jpg,1718,1682,-36
3885.jpg,1718,1600,-118
3890.jpg,1719,1850,131
3895.jpg,1719,1850,131
3900.jpg,1719,1800,81
3905.jpg,1719,1900,181
3910.jpg,1720,1600,-120
3915.jpg,1720,1750,30
3920.jpg,1720,1850,130
3925.jpg,1720,1900,180
3930.jpg,1720,1950,230
3935.jpg,1720,1850,130
3940.jpg,1720,1900,180
3945.jpg,1720,1800,80
3950.jpg,1720,1700,-20
3955.jpg,1720,1800,80
3960.jpg,1720,1900,180
3965.jpg,1720,1800,80
3970.jpg,1720,1500,-220
3975.jpg,1721,1950,229
3980.jpg,1721,1900,179
3985.jpg,1721,1800,79
3990.jpg,1721,1700,-21
3995.jpg,1721,1600,-121
4000.jpg,1722,1850,128
4005.jpg,1722,1682,-40
4010.jpg,1722,1800,78
4015.jpg,1722,1800,78
4020.jpg,1722,1750,28
4025.jpg,1723,1867,144
4030.jpg,1723,1900,177
4035.jpg,1723,1900,177
4040.jpg,1723,1900,177
4045.jpg,1723,1700,-23
4050.jpg,1723,1750,27
4055.jpg,1723,1800,77
4060.jpg,1724,1900,176
4065.jpg,1724,1900,176
4070.jpg,1724,1900,176
4075.jpg,1724,1800,76
4080.jpg,1724,1800,76
4085.jpg,1724,1600,-124
4090.jpg,1724,1700,-24
4095.jpg,1724,1200,-524
4100.jpg,1725,1900,175
4105.jpg,1725,1800,75
4110.jpg,1725,1850,125
4115.jpg,1725,1700,-25
4120.jpg,1725,1850,125
4125.jpg,1725,1900,175
4130.jpg,1725,1800,75
4135.jpg,1725,1717,-8
4140.jpg,1725,1750,25
4145.jpg,1725,1850,125
4150.jpg,1725,1600,-125
4155.jpg,1725,1900,175
4160.jpg,1726,1880,154
4165.jpg,1726,1800,74
4170.jpg,1726,1880,154
4175.jpg,1726,1900,174
4180.jpg,1726,1900,174
4185.jpg,1727,1800,73
4190.jpg,1727,1800,73
4195.jpg,1727,1800,73
4200.jpg,1727,1850,123
4205.jpg,1727,1600,-127
4210.jpg,1727,1900,173
4215.jpg,1728,1900,172
4220.jpg,1728,1900,172
4225.jpg,1728,1800,72
4230.jpg,1728,1900,172
4235.jpg,1728,1900,172
4240.jpg,1728,1950,222
4245.jpg,1728,1800,72
4250.jpg,1729,1820,91
4255.jpg,1729,1850,121
4260.jpg,1729,1850,121
4265.jpg,1729,1800,71
4270.jpg,1729,1600,-129
4275.jpg,1730,1700,-30
4280.jpg,1730,1850,120
4285.jpg,1730,1850,120
4290.jpg,1730,1800,70
4295.jpg,1730,1900,170
4300.jpg,1730,1900,170
4305.jpg,1730,1900,170
4310.jpg,1730,1850,120
4315.jpg,1730,1900,170
4320.jpg,1730,1700,-30
4325.jpg,1730,1900,170
4330.jpg,1730,2000,270
4335.jpg,1730,1850,120
4340.jpg,1730,1850,120
4345.jpg,1730,1800,70
4350.jpg,1730,2000,270
4355.jpg,1730,1900,170
4360.jpg,1730,1900,170
4365.jpg,1730,1900,170
4370.jpg,1731,1800,69
4375.jpg,1731,1682,-49
4380.jpg,1731,1900,169
4385.jpg,1731,1600,-131
4390.jpg,1732,1700,-32
4395.jpg,1732,1800,68
4400.jpg,1732,1900,168
4405.jpg,1732,1700,-32
4410.jpg,1732,1850,118
4415.jpg,1732,1850,118
4420.jpg,1732,1800,68
4425.jpg,1732,2000,268
4430.jpg,1732,1800,68
4435.jpg,1733,1750,17
4440.jpg,1733,1850,117
4445.jpg,1733,1800,67
4450.jpg,1733,1700,-33
4455.jpg,1733,1700,-33
4460.jpg,1733,1500,-233
4465.jpg,1733,1900,167
4470.jpg,1733,1200,-533
4475.jpg,1734,1700,-34
4480.jpg,1734,1700,-34
4485.jpg,1734,1900,166
4490.jpg,1734,1900,166
4495.jpg,1735,1800,65
4505.jpg,1735,1800,65
4510.jpg,1735,1800,65
4515.jpg,1735,1820,85
4520.jpg,1735,1800,65
4525.jpg,1735,1850,115
4530.jpg,1735,1820,85
4535.jpg,1735,1900,165
4545.jpg,1736,1900,164
4550.jpg,1736,1750,14
4555.jpg,1736,1850,114
4560.jpg,1736,1600,-136
4565.jpg,1736,1600,-136
4570.jpg,1736,1862,126
4575.jpg,1737,1800,63
4580.jpg,1737,1900,163
4585.jpg,1737,1800,63
4590.jpg,1737,1900,163
4595.jpg,1737,1600,-137
4600.jpg,1737,1900,163
4605.jpg,1738,1800,62
4610.jpg,1738,1700,-38
4615.jpg,1738,1900,162
4620.jpg,1738,1900,162
4625.jpg,1738,1750,12
4630.jpg,1738,1900,162
4635.jpg,1738,1750,12
4640.jpg,1739,1750,11
4645.jpg,1739,1800,61
4650.jpg,1739,1900,161
4655.jpg,1739,1600,-139
4660.jpg,1739,1900,161
4665.jpg,1740,1850,110
4670.jpg,1740,1900,160
4675.jpg,1740,1850,110
4680.jpg,1740,1850,110
4685.jpg,1740,1900,160
4690.jpg,1740,1900,160
4695.jpg,1740,2000,260
4700.jpg,1740,1850,110
4705.jpg,1740,1850,110
4710.jpg,1740,1800,60
4715.jpg,1740,1700,-40
4720.jpg,1740,1300,-440
4725.jpg,1740,1900,160
4730.jpg,1740,1800,60
4735.jpg,1740,1820,80
4740.jpg,1740,1300,-440
4745.jpg,1740,1900,160
4750.jpg,1741,1900,159
4755.jpg,1741,1820,79
4760.jpg,1741,1900,159
4765.jpg,1741,1900,159
4770.jpg,1741,1700,-41
4775.jpg,1741,2000,259
4780.jpg,1742,1100,-642
4785.jpg,1742,1900,158
4790.jpg,1742,1800,58
4795.jpg,1742,1800,58
4800.jpg,1742,1800,58
4805.jpg,1742,1800,58
4810.jpg,1742,1871,129
4815.jpg,1742,1850,108
4820.jpg,1743,1900,157
4825.jpg,1743,1750,7
4835.jpg,1743,1850,107
4840.jpg,1743,1800,57
4845.jpg,1744,1800,56
4850.jpg,1744,1700,-44
4855.jpg,1744,1850,106
4860.jpg,1744,1700,-44
4865.jpg,1744,1800,56
4870.jpg,1745,1800,55
4875.jpg,1745,1850,105
4880.jpg,1745,1850,105
4885.jpg,1745,1600,-145
4890.jpg,1745,1820,75
4895.jpg,1745,1850,105
4900.jpg,1745,1800,55
4905.jpg,1745,1900,155
4910.jpg,1746,1900,154
4915.jpg,1746,1700,-46
4920.jpg,1746,1800,54
4925.jpg,1746,1450,-296
4930.jpg,1747,1800,53
4935.jpg,1747,1850,103
4940.jpg,1747,1682,-65
4945.jpg,1747,1800,53
4950.jpg,1747,1900,153
4955.jpg,1747,1600,-147
4960.jpg,1747,1900,153
4965.jpg,1748,1900,152
4970.jpg,1748,1850,102
4975.jpg,1748,1800,52
4980.jpg,1748,1900,152
4985.jpg,1748,1900,152
4990.jpg,1749,1900,151
4995.jpg,1749,1900,151
5000.jpg,1749,1800,51
5005.jpg,1749,1800,51
5010.jpg,1749,1850,101
5015.jpg,1750,1800,50
5020.jpg,1750,1900,150
5025.jpg,1750,1800,50
5030.jpg,1750,1900,150
5035.jpg,1750,1900,150
5040.jpg,1750,1900,150
5045.jpg,1750,1850,100
5050.jpg,1750,1900,150
5060.jpg,1750,1850,100
5065.jpg,1750,1950,200
5070.jpg,1750,1800,50
5075.jpg,1750,1850,100
5080.jpg,1750,1820,70
5085.jpg,1750,1850,100
5090.jpg,1750,1850,100
5095.jpg,1750,1900,150
5100.jpg,1750,1900,150
5105.jpg,1750,1800,50
5110.jpg,1750,1850,100
5115.jpg,1750,1900,150
5120.jpg,1750,1850,100
5125.jpg,1750,1850,100
5130.jpg,1750,1850,100
5135.jpg,1750,1900,150
5140.jpg,1750,1900,150
5145.jpg,1750,1850,100
5150.jpg,1750,1700,-50
5155.jpg,1750,1850,100
5160.jpg,1750,1800,50
5165.jpg,1750,1950,200
5170.jpg,1750,1800,50
5175.jpg,1750,1800,50
5180.jpg,1750,1900,150
5185.jpg,1750,1950,200
5190.jpg,1750,1850,100
5195.jpg,1751,1850,99
5200.jpg,1751,1850,99
5205.jpg,1751,1850,99
5210.jpg,1751,1900,149
5215.jpg,1751,1800,49
5220.jpg,1751,1200,-551
5225.jpg,1752,1900,148
5230.jpg,1752,1870,118
5235.jpg,1752,1850,98
5240.jpg,1752,1850,98
5245.jpg,1752,1826,74
5250.jpg,1752,1900,148
5255.jpg,1752,1800,48
5260.jpg,1752,1850,98
5265.jpg,1752,1800,48
5270.jpg,1752,1900,148
5275.jpg,1752,1750,-2
5285.jpg,1753,1900,147
5290.jpg,1753,1900,147
5295.jpg,1753,1850,97
5300.jpg,1753,1900,147
5305.jpg,1753,1800,47
5310.jpg,1753,1900,147
5315.jpg,1753,1600,-153
5320.jpg,1753,1900,147
5325.jpg,1754,1900,146
5330.jpg,1754,1900,146
5335.jpg,1754,1800,46
5340.jpg,1754,1900,146
5345.jpg,1754,1800,46
5350.jpg,1754,1820,66
5355.jpg,1754,1800,46
5360.jpg,1754,1600,-154
5365.jpg,1754,1900,146
5370.jpg,1755,1700,-55
5375.jpg,1755,1900,145
5380.jpg,1755,1700,-55
5385.jpg,1755,1900,145
5390.jpg,1755,1776,21
5395.jpg,1755,1850,95
5400.jpg,1755,1850,95
5405.jpg,1755,1820,65
5410.jpg,1755,1700,-55
5415.jpg,1756,1850,94
5420.jpg,1756,1900,144
5425.jpg,1756,1900,144
5430.jpg,1756,1900,144
5435.jpg,1756,1850,94
5440.jpg,1756,1800,44
5445.jpg,1756,1900,144
5450.jpg,1756,1750,-6
5455.jpg,1756,1600,-156
5460.jpg,1756,1820,64
5470.jpg,1757,1800,43
5475.jpg,1757,1700,-57
5480.jpg,1757,1800,43
5485.jpg,1757,1900,143
5490.jpg,1757,1850,93
5495.jpg,1757,1900,143
5500.jpg,1758,1682,-76
5505.jpg,1758,1900,142
5510.jpg,1758,1700,-58
5515.jpg,1758,1800,42
5520.jpg,1758,1800,42
5525.jpg,1758,1900,142
5530.jpg,1758,1600,-158
5535.jpg,1759,1850,91
5540.jpg,1759,1850,91
5545.jpg,1759,1900,141
5550.jpg,1759,1800,41
5555.jpg,1759,1850,91
5560.jpg,1759,1600,-159
5565.jpg,1760,1800,40
5570.jpg,1760,1700,-60
5575.jpg,1760,1850,90
5580.jpg,1760,1900,140
5585.jpg,1760,1300,-460
5590.jpg,1761,1800,39
5595.jpg,1761,1800,39
5600.jpg,1761,1900,139
5605.jpg,1761,1900,139
5610.jpg,1761,1900,139
5615.jpg,1761,1800,39
5620.jpg,1761,1450,-311
5625.jpg,1761,1600,-161
5630.jpg,1762,1900,138
5635.jpg,1762,1905,143
5640.jpg,1762,1900,138
5645.jpg,1762,1850,88
5650.jpg,1762,1800,38
5655.jpg,1762,1800,38
5660.jpg,1762,1450,-312
5665.jpg,1762,1900,138
5670.jpg,1763,1850,87
5675.jpg,1763,1800,37
5680.jpg,1763,1900,137
5685.jpg,1763,1800,37
5690.jpg,1763,1800,37
5695.jpg,1763,1800,37
5700.jpg,1763,1700,-63
5705.jpg,1763,1800,37
5710.jpg,1764,1600,-164
5715.jpg,1764,1820,56
5720.jpg,1764,1800,36
5725.jpg,1764,1800,36
5730.jpg,1764,1700,-64
5735.jpg,1764,1850,86
5740.jpg,1764,1800,36
5745.jpg,1764,1820,56
5750.jpg,1764,1800,36
5755.jpg,1764,1500,-264
5765.jpg,1765,1850,85
5770.jpg,1765,1850,85
5775.jpg,1765,1850,85
5780.jpg,1765,1900,135
5785.jpg,1765,1900,135
5790.jpg,1765,1800,35
5795.jpg,1765,1800,35
5800.jpg,1765,1700,-65
5805.jpg,1765,1900,135
5810.jpg,1765,1850,85
5815.jpg,1765,1800,35
5820.jpg,1765,1900,135
5825.jpg,1765,1750,-15
5830.jpg,1765,1900,135
5835.jpg,1766,1900,134
5840.jpg,1766,1900,134
5845.jpg,1766,1850,84
5850.jpg,1766,1800,34
5855.jpg,1766,1900,134
5860.jpg,1766,1800,34
5865.jpg,1766,1850,84
5870.jpg,1766,1850,84
5875.jpg,1767,1800,33
5880.jpg,1767,1900,133
5885.jpg,1767,1900,133
5890.jpg,1767,1800,33
5895.jpg,1768,1900,132
5900.jpg,1768,1800,32
5905.jpg,1768,1800,32
5910.jpg,1768,1900,132
5915.jpg,1768,1920,152
5920.jpg,1768,1900,132
5925.jpg,1768,1600,-168
5930.jpg,1768,1600,-168
5935.jpg,1768,1600,-168
5940.jpg,1768,1450,-318
5945.jpg,1769,1800,31
5950.jpg,1769,1850,81
5955.jpg,1769,1800,31
5960.jpg,1769,1900,131
5965.jpg,1769,1850,81
5970.jpg,1769,1850,81
5975.jpg,1769,1800,31
5980.jpg,1769,1850,81
5985.jpg,1769,1800,31
5990.jpg,1769,1900,131
5995.jpg,1769,1600,-169
6000.jpg,1770,1900,130
6005.jpg,1770,1850,80
6010.jpg,1770,1850,80
6015.jpg,1770,1850,80
6020.jpg,1770,1850,80
6025.jpg,1770,1850,80
6030.jpg,1770,1700,-70
6035.jpg,1770,1750,-20
6040.jpg,1770,1850,80
6045.jpg,1770,1900,130
6050.jpg,1770,1850,80
6055.jpg,1770,1850,80
6060.jpg,1770,1900,130
6065.jpg,1770,1900,130
6070.jpg,1770,1850,80
6075.jpg,1770,1900,130
6080.jpg,1770,1900,130
6085.jpg,1770,1900,130
6090.jpg,1770,1880,110
6095.jpg,1770,1700,-70
6100.jpg,1770,1740,-30
6105.jpg,1770,1800,30
6115.jpg,1771,1850,79
6120.jpg,1771,1900,129
6125.jpg,1771,1800,29
6130.jpg,1771,1850,79
6135.jpg,1771,1700,-71
6140.jpg,1771,1600,-171
6145.jpg,1771,1800,29
6150.jpg,1771,1900,129
6155.jpg,1771,1600,-171
6160.jpg,1771,1600,-171
6165.jpg,1771,1723,-48
6170.jpg,1772,1900,128
6175.jpg,1772,1850,78
6180.jpg,1772,1700,-72
6185.jpg,1772,1600,-172
6190.jpg,1772,1850,78
6195.jpg,1773,1800,27
6200.jpg,1773,1850,77
6205.jpg,1773,1850,77
6210.jpg,1773,1850,77
6215.jpg,1773,1800,27
6220.jpg,1773,1900,127
6225.jpg,1773,1800,27
6230.jpg,1773,1850,77
6235.jpg,1773,1900,127
6240.jpg,1774,1800,26
6245.jpg,1774,1750,-24
6250.jpg,1774,1800,26
6255.jpg,1774,1700,-74
6260.jpg,1774,1800,26
6265.jpg,1774,1850,76
6270.jpg,1774,1850,76
6275.jpg,1774,1700,-74
6280.jpg,1774,1800,26
6285.jpg,1774,1820,46
6290.jpg,1774,1900,126
6295.jpg,1774,1500,-274
6300.jpg,1774,1800,26
6305.jpg,1775,1800,25
6310.jpg,1775,1800,25
6315.jpg,1775,1800,25
6320.jpg,1775,1850,75
6325.jpg,1775,1800,25
6330.jpg,1775,1875,100
6335.jpg,1775,1900,125
6350.jpg,1775,1900,125
6355.jpg,1775,1900,125
6360.jpg,1775,1900,125
6365.jpg,1775,1800,25
6370.jpg,1775,1800,25
6375.jpg,1775,1800,25
6380.jpg,1775,1900,125
6385.jpg,1775,1500,-275
6390.jpg,1775,1900,125
6395.jpg,1775,1800,25
6405.jpg,1776,1900,124
6410.jpg,1776,1900,124
6415.jpg,1776,1900,124
6420.jpg,1776,1850,74
6425.jpg,1776,1682,-94
6430.jpg,1776,1850,74
6435.jpg,1776,1800,24
6440.jpg,1776,1750,-26
6445.jpg,1777,1800,23
6450.jpg,1777,1800,23
6455.jpg,1777,1900,123
6460.jpg,1777,1800,23
6465.jpg,1777,1900,123
6470.jpg,1777,1900,123
6475.jpg,1777,1200,-577
6480.jpg,1777,2000,223
6485.jpg,1778,1500,-278
6495.jpg,1778,1820,42
6500.jpg,1778,1820,42
6505.jpg,1778,1850,72
6510.jpg,1778,1900,122
6515.jpg,1779,1900,121
6520.jpg,1779,1800,21
6525.jpg,1779,1900,121
6530.jpg,1779,1800,21
6535.jpg,1779,1900,121
6540.jpg,1779,1800,21
6545.jpg,1779,1820,41
6550.jpg,1779,1800,21
6555.jpg,1780,1500,-280
6560.jpg,1780,1800,20
6565.jpg,1780,1850,70
6570.jpg,1780,1900,120
6575.jpg,1780,1900,120
6580.jpg,1780,1850,70
6585.jpg,1780,1850,70
6590.jpg,1780,1850,70
6595.jpg,1780,1900,120
6600.jpg,1780,1800,20
6605.jpg,1780,1850,70
6610.jpg,1780,1900,120
6615.jpg,1780,1850,70
6620.jpg,1780,1900,120
6625.jpg,1780,1900,120
6630.jpg,1780,1900,120
6635.jpg,1780,1900,120
6640.jpg,1780,1900,120
6645.jpg,1780,1900,120
6650.jpg,1780,1900,120
6655.jpg,1780,1900,120
6660.jpg,1780,1900,120
6665.jpg,1780,1800,20
6670.jpg,1781,1900,119
6675.jpg,1781,1900,119
6680.jpg,1781,1800,19
6685.jpg,1781,1900,119
6690.jpg,1781,1900,119
6695.jpg,1781,1900,119
6700.jpg,1781,1600,-181
6705.jpg,1781,1950,169
6710.jpg,1782,1900,118
6715.jpg,1782,1900,118
6720.jpg,1782,1800,18
6725.jpg,1782,1850,68
6730.jpg,1782,1800,18
6735.jpg,1782,1800,18
6740.jpg,1782,1850,68
6745.jpg,1782,1600,-182
6750.jpg,1782,1775,-7
6755.jpg,1783,1800,17
6760.jpg,1783,1800,17
6765.jpg,1783,1900,117
6770.jpg,1783,1950,167
6775.jpg,1783,1900,117
6780.jpg,1783,1800,17
6785.jpg,1783,1900,117
6790.jpg,1783,1850,67
6795.jpg,1783,1900,117
6800.jpg,1783,1900,117
6805.jpg,1783,1750,-33
6810.jpg,1784,1900,116
6815.jpg,1784,1300,-484
6820.jpg,1784,1800,16
6825.jpg,1784,1850,66
6830.jpg,1784,1900,116
6835.jpg,1784,1950,166
6840.jpg,1784,1850,66
6845.jpg,1784,1900,116
6850.jpg,1784,1900,116
6855.jpg,1784,1850,66
6860.jpg,1785,1900,115
6865.jpg,1785,1700,-85
6870.jpg,1785,1800,15
6875.jpg,1785,1800,15
6880.jpg,1785,1900,115
6885.jpg,1785,1850,65
6890.jpg,1785,1850,65
6895.jpg,1785,1900,115
6900.jpg,1785,1900,115
6905.jpg,1785,1800,15
6910.jpg,1785,1850,65
6915.jpg,1785,1820,35
6920.jpg,1785,1900,115
6925.jpg,1785,1850,65
6930.jpg,1785,1200,-585
6935.jpg,1785,1900,115
6940.jpg,1785,1830,45
6945.jpg,1785,1500,-285
6950.jpg,1786,1700,-86
6955.jpg,1786,1850,64
6960.jpg,1786,1750,-36
6965.jpg,1786,1200,-586
6970.jpg,1786,1800,14
6975.jpg,1786,1820,34
6980.jpg,1786,1820,34
6985.jpg,1786,1820,34
6990.jpg,1786,1850,64
6995.jpg,1786,1900,114
7000.jpg,1786,1900,114
7005.jpg,1787,1700,-87
7010.jpg,1787,1682,-105
7015.jpg,1787,1990,203
7020.jpg,1787,1900,113
7025.jpg,1787,1900,113
7030.jpg,1787,1850,63
7035.jpg,1787,1850,63
7040.jpg,1787,1800,13
7045.jpg,1787,1850,63
7050.jpg,1787,1850,63
7055.jpg,1787,1900,113
7060.jpg,1787,1900,113
7065.jpg,1787,1800,13
7070.jpg,1787,1900,113
7075.jpg,1787,1500,-287
7080.jpg,1787,1900,113
7085.jpg,1787,1200,-587
7090.jpg,1788,1790,2
7095.jpg,1788,1800,12
7100.jpg,1788,1900,112
7105.jpg,1788,1850,62
7110.jpg,1788,1850,62
7115.jpg,1788,1900,112
7120.jpg,1788,1800,12
7125.jpg,1788,1800,12
7130.jpg,1788,1800,12
7135.jpg,1788,1750,-38
7140.jpg,1788,1900,112
7145.jpg,1789,1850,61
7150.jpg,1789,1700,-89
7155.jpg,1789,1800,11
7160.jpg,1789,1850,61
7165.jpg,1789,1850,61
7170.jpg,1789,1900,111
7175.jpg,1789,1850,61
7180.jpg,1789,1900,111
7185.jpg,1789,1800,11
7190.jpg,1789,1700,-89
7195.jpg,1789,1850,61
7200.jpg,1790,1850,60
7205.jpg,1790,1800,10
7210.jpg,1790,1900,110
7215.jpg,1790,1850,60
7220.jpg,1790,1850,60
7225.jpg,1790,1900,110
7230.jpg,1790,1900,110
7235.jpg,1790,1850,60
7240.jpg,1790,1900,110
7245.jpg,1790,1850,60
7250.jpg,1790,1850,60
7255.jpg,1790,1900,110
7260.jpg,1790,1900,110
7265.jpg,1790,1900,110
7270.jpg,1790,1900,110
7275.jpg,1790,1820,30
7280.jpg,1790,1800,10
7285.jpg,1790,1750,-40
7290.jpg,1790,1900,110
7295.jpg,1790,1800,10
7300.jpg,1790,1850,60
7305.jpg,1790,1900,110
7310.jpg,1790,1850,60
7315.jpg,1790,1850,60
7320.jpg,1790,1850,60
7325.jpg,1790,1800,10
7330.jpg,1790,1700,-90
7335.jpg,1790,1900,110
7340.jpg,1790,1800,10
7345.jpg,1790,1850,60
7350.jpg,1790,1800,10
7355.jpg,1790,1900,110
7360.jpg,1790,1850,60
7365.jpg,1790,1900,110
7370.jpg,1790,1820,30
7375.jpg,1790,1900,110
7380.jpg,1790,1800,10
7385.jpg,1791,1900,109
7390.jpg,1791,1200,-591
7395.jpg,1791,1850,59
7400.jpg,1791,1800,9
7405.jpg,1791,1900,109
7410.jpg,1791,1850,59
7415.jpg,1791,1800,9
7420.jpg,1791,1800,9
7425.jpg,1791,1850,59
7430.jpg,1791,1789,-2
7435.jpg,1791,1900,109
7440.jpg,1792,1900,108
7445.jpg,1792,1900,108
7450.jpg,1792,1750,-42
7455.jpg,1792,1900,108
7460.jpg,1792,1820,28
7465.jpg,1792,1800,8
7470.jpg,1792,1900,108
7475.jpg,1792,1900,108
7480.jpg,1792,1800,8
7485.jpg,1792,1850,58
7490.jpg,1792,1900,108
7495.jpg,1792,1700,-92
7500.jpg,1792,1800,8
7505.jpg,1792,1700,-92
7510.jpg,1793,1900,107
7515.jpg,1793,1793,0
7520.jpg,1793,1900,107
7525.jpg,1793,1900,107
7530.jpg,1793,1800,7
7535.jpg,1793,1900,107
7540.jpg,1793,1850,57
7545.jpg,1793,1850,57
7550.jpg,1793,1820,27
7555.jpg,1793,1850,57
7560.jpg,1793,1850,57
7565.jpg,1793,1900,107
7570.jpg,1793,1800,7
7575.jpg,1793,1900,107
7580.jpg,1793,1850,57
7585.jpg,1793,1900,107
7590.jpg,1793,1800,7
7595.jpg,1794,1900,106
7600.jpg,1794,1600,-194
7605.jpg,1794,1900,106
7610.jpg,1794,1800,6
7615.jpg,1794,1900,106
7620.jpg,1794,1850,56
7625.jpg,1794,1850,56
7630.jpg,1794,1800,6
7635.jpg,1794,1850,56
7640.jpg,1794,1850,56
7645.jpg,1794,1900,106
7650.jpg,1794,1850,56
7655.jpg,1795,1800,5
7660.jpg,1795,1850,55
7665.jpg,1795,1900,105
7670.jpg,1795,1900,105
7675.jpg,1795,1900,105
7680.jpg,1795,1850,55
7685.jpg,1795,1800,5
7690.jpg,1795,1900,105
7695.jpg,1795,1850,55
7700.jpg,1795,1900,105
7705.jpg,1795,1900,105
7710.jpg,1795,1900,105
7715.jpg,1795,1850,55
7720.jpg,1795,1800,5
7725.jpg,1795,1850,55
7730.jpg,1795,1800,5
7735.jpg,1795,1800,5
7740.jpg,1795,1850,55
7745.jpg,1795,1900,105
7750.jpg,1795,1800,5
7755.jpg,1795,1850,55
7760.jpg,1795,1800,5
7765.jpg,1795,1850,55
7775.jpg,1796,1800,4
7780.jpg,1796,1820,24
7785.jpg,1796,2005,209
7790.jpg,1796,1850,54
7795.jpg,1796,1745,-51
7800.jpg,1796,1800,4
7805.jpg,1796,1800,4
7810.jpg,1796,1850,54
7815.jpg,1796,1900,104
7820.jpg,1796,1800,4
7825.jpg,1796,1800,4
7830.jpg,1796,1850,54
7840.jpg,1796,1900,104
7845.jpg,1796,1800,4
7850.jpg,1796,1850,54
7855.jpg,1796,1800,4
7860.jpg,1796,1900,104
7865.jpg,1796,1900,104
7870.jpg,1796,1900,104
7875.jpg,1796,1850,54
7880.jpg,1797,1830,33
7885.jpg,1797,1850,53
7890.jpg,1797,1800,3
7895.jpg,1797,1850,53
7900.jpg,1797,1900,103
7905.jpg,1797,1850,53
7915.jpg,1797,1900,103
7920.jpg,1797,1820,23
7925.jpg,1797,1850,53
7930.jpg,1797,1900,103
7935.jpg,1797,1900,103
7940.jpg,1797,1900,103
7945.jpg,1797,1600,-197
7950.jpg,1797,1900,103
7955.jpg,1798,1700,-98
7960.jpg,1798,1900,102
7965.jpg,1798,2000,202
7970.jpg,1798,1800,2
7975.jpg,1798,1900,102
7980.jpg,1798,1850,52
7985.jpg,1798,1900,102
7990.jpg,1798,1900,102
7995.jpg,1798,1300,-498
8000.jpg,1798,1880,82
8005.jpg,1798,1850,52
8010.jpg,1798,1900,102
8015.jpg,1798,1850,52
8020.jpg,1798,1850,52
8025.jpg,1798,1850,52
8030.jpg,1798,1900,102
8035.jpg,1798,1800,2
8040.jpg,1798,1900,102
8045.jpg,1798,1850,52
8055.jpg,1798,1900,102
8060.jpg,1799,2010,211
8065.jpg,1799,1900,101
8070.jpg,1799,1900,101
8075.jpg,1799,1900,101
8080.jpg,1799,1900,101
8085.jpg,1799,1900,101
8090.jpg,1799,1800,1
8095.jpg,1799,1850,51
8100.jpg,1799,1850,51
8105.jpg,1799,1900,101
8110.jpg,1799,1450,-349
8115.jpg,1800,1700,-100
8120.jpg,1800,1950,150
8125.jpg,1800,1850,50
8130.jpg,1800,1200,-600
8135.jpg,1800,1900,100
8140.jpg,1800,1820,20
8145.jpg,1800,1850,50
8150.jpg,1800,1850,50
8155.jpg,1800,1900,100
8160.jpg,1800,1900,100
8165.jpg,1800,1850,50
8170.jpg,1800,1800,0
8175.jpg,1800,1850,50
8180.jpg,1800,1900,100
8185.jpg,1800,1900,100
8190.jpg,1800,1850,50
8195.jpg,1800,1850,50
8200.jpg,1800,1800,0
8205.jpg,1800,1800,0
8210.jpg,1800,1900,100
8215.jpg,1800,1850,50
8220.jpg,1800,1850,50
8225.jpg,1800,1850,50
8230.jpg,1800,1820,20
8235.jpg,1800,1850,50
8240.jpg,1800,1900,100
8245.jpg,1800,1900,100
8250.jpg,1800,1800,0
8255.jpg,1800,1850,50
8260.jpg,1800,1800,0
8265.jpg,1800,1800,0
8270.jpg,1800,1800,0
8275.jpg,1800,1850,50
8280.jpg,1800,1850,50
8285.jpg,1800,1900,100
8295.jpg,1800,1900,100
8300.jpg,1801,1200,-601
8305.jpg,1801,1900,99
8310.jpg,1801,1900,99
8315.jpg,1801,1900,99
8320.jpg,1801,1900,99
8325.jpg,1801,1850,49
8330.jpg,1801,1900,99
8335.jpg,1801,1800,-1
8340.jpg,1801,1900,99
8345.jpg,1801,1820,19
8350.jpg,1801,1900,99
8355.jpg,1801,1850,49
8360.jpg,1801,1900,99
8365.jpg,1801,1900,99
8375.jpg,1802,1900,98
8380.jpg,1802,1900,98
8385.jpg,1802,1900,98
8390.jpg,1802,1900,98
8395.jpg,1802,1700,-102
8400.jpg,1802,1800,-2
8405.jpg,1802,1800,-2
8410.jpg,1802,1800,-2
8415.jpg,1802,1850,48
8420.jpg,1802,1900,98
8425.jpg,1802,1900,98
8430.jpg,1802,1900,98
8435.jpg,1802,1900,98
8440.jpg,1803,1900,97
8445.jpg,1803,1850,47
8450.jpg,1803,1820,17
8455.jpg,1803,1900,97
8460.jpg,1803,1900,97
8465.jpg,1803,1900,97
8470.jpg,1803,1900,97
8475.jpg,1803,1900,97
8480.jpg,1803,1800,-3
8485.jpg,1803,1900,97
8490.jpg,1803,1820,17
8495.jpg,1803,1900,97
8500.jpg,1803,1800,-3
8505.jpg,1803,1850,47
8515.jpg,1804,1800,-4
8520.jpg,1804,1450,-354
8525.jpg,1804,1750,-54
8530.jpg,1804,1900,96
8535.jpg,1804,1900,96
8540.jpg,1804,1900,96
8545.jpg,1804,1900,96
8550.jpg,1804,1850,46
8555.jpg,1804,1850,46
8560.jpg,1804,1870,66
8565.jpg,1804,1950,146
8570.jpg,1804,1800,-4
8575.jpg,1804,1900,96
8580.jpg,1804,1900,96
8585.jpg,1805,1700,-105
8590.jpg,1805,1800,-5
8595.jpg,1805,1800,-5
8600.jpg,1805,1900,95
8605.jpg,1805,1800,-5
8610.jpg,1805,1900,95
8615.jpg,1805,1900,95
8620.jpg,1805,1800,-5
8625.jpg,1805,1900,95
8630.jpg,1805,1700,-105
8635.jpg,1805,1900,95
8640.jpg,1805,1900,95
8645.jpg,1805,1850,45
8650.jpg,1805,1850,45
8655.jpg,1805,1890,85
8660.jpg,1805,1850,45
8665.jpg,1805,1800,-5
8670.jpg,1805,1850,45
8675.jpg,1805,1850,45
8680.jpg,1805,1850,45
8685.jpg,1805,1900,95
8690.jpg,1805,1800,-5
8695.jpg,1806,1900,94
8700.jpg,1806,1850,44
8705.jpg,1806,1900,94
8710.jpg,1806,1800,-6
8715.jpg,1806,1900,94
8720.jpg,1806,1950,144
8725.jpg,1806,1900,94
8730.jpg,1806,1900,94
8735.jpg,1806,1850,44
8740.jpg,1806,1850,44
8745.jpg,1806,1900,94
8750.jpg,1806,1900,94
8755.jpg,1806,1800,-6
8765.jpg,1807,1700,-107
8770.jpg,1807,1850,43
8775.jpg,1807,1877,70
8780.jpg,1807,1850,43
8785.jpg,1807,1900,93
8790.jpg,1807,1900,93
8795.jpg,1807,1900,93
8800.jpg,1807,1900,93
8805.jpg,1807,1900,93
8810.jpg,1807,1900,93
8815.jpg,1807,1850,43
8820.jpg,1807,1850,43
8825.jpg,1807,1800,-7
8830.jpg,1807,1800,-7
8835.jpg,1807,1850,43
8840.jpg,1808,1890,82
8845.jpg,1808,1800,-8
8850.jpg,1808,1900,92
8855.jpg,1808,1800,-8
8860.jpg,1808,1900,92
8865.jpg,1808,1850,42
8875.jpg,1808,1850,42
8880.jpg,1808,1800,-8
8885.jpg,1808,1820,12
8890.jpg,1808,1900,92
8895.jpg,1808,1900,92
8900.jpg,1808,1850,42
8905.jpg,1808,1900,92
8910.jpg,1809,1850,41
8915.jpg,1809,1900,91
8920.jpg,1809,1900,91
8925.jpg,1809,1900,91
8930.jpg,1809,1850,41
8935.jpg,1809,1800,-9
8940.jpg,1809,1850,41
8945.jpg,1809,1900,91
8950.jpg,1809,1800,-9
8955.jpg,1809,1800,-9
8965.jpg,1809,1801,-8
8970.jpg,1809,1900,91
8975.jpg,1810,1900,90
8980.jpg,1810,1900,90
8985.jpg,1810,1900,90
8995.jpg,1810,1900,90
9000.jpg,1810,1800,-10
9005.jpg,1810,1900,90
9010.jpg,1810,1600,-210
9015.jpg,1810,1900,90
9020.jpg,1810,1900,90
9025.jpg,1810,1800,-10
9030.jpg,1810,1900,90
9035.jpg,1810,1850,40
9040.jpg,1810,1850,40
9045.jpg,1810,1800,-10
9050.jpg,1810,1800,-10
9055.jpg,1810,1800,-10
9060.jpg,1810,1850,40
9065.jpg,1810,1850,40
9070.jpg,1810,1900,90
9075.jpg,1810,1850,40
9080.jpg,1810,1900,90
9085.jpg,1810,1900,90
9090.jpg,1810,1850,40
9095.jpg,1810,1900,90
9100.jpg,1810,1850,40
9105.jpg,1810,1800,-10
9110.jpg,1810,1900,90
9115.jpg,1810,1850,40
9120.jpg,1810,1900,90
9125.jpg,1810,1850,40
9130.jpg,1810,1900,90
9135.jpg,1810,1950,140
9140.jpg,1810,1900,90
9145.jpg,1810,1900,90
9150.jpg,1811,1700,-111
9160.jpg,1811,1850,39
9165.jpg,1811,1800,-11
9170.jpg,1811,1850,39
9175.jpg,1811,1900,89
9180.jpg,1811,1900,89
9185.jpg,1811,1800,-11
9190.jpg,1811,1800,-11
9195.jpg,1811,1600,-211
9200.jpg,1811,1600,-211
9205.jpg,1811,1850,39
9210.jpg,1812,1750,-62
9215.jpg,1812,1300,-512
9220.jpg,1812,1100,-712
9225.jpg,1812,1850,38
9230.jpg,1812,1900,88
9235.jpg,1812,1800,-12
9240.jpg,1812,1900,88
9245.jpg,1812,1800,-12
9250.jpg,1812,1900,88
9255.jpg,1812,1850,38
9260.jpg,1812,1900,88
9265.jpg,1812,1850,38
9270.jpg,1812,1900,88
9275.jpg,1812,1850,38
9280.jpg,1812,1900,88
9290.jpg,1812,1800,-12
9295.jpg,1812,1800,-12
9300.jpg,1812,1900,88
9305.jpg,1812,1900,88
9310.jpg,1813,1900,87
9315.jpg,1813,1850,37
9320.jpg,1813,1850,37
9325.jpg,1813,1300,-513
9330.jpg,1813,1800,-13
9335.jpg,1813,1800,-13
9340.jpg,1813,1800,-13
9345.jpg,1813,1900,87
9350.jpg,1813,1820,7
9355.jpg,1813,1450,-363
9360.jpg,1813,1900,87
9365.jpg,1813,1900,87
9370.jpg,1813,1900,87
9375.jpg,1814,1300,-514
9390.jpg,1814,1900,86
9395.jpg,1814,1800,-14
9400.jpg,1814,1900,86
9405.jpg,1814,1820,6
9410.jpg,1814,1800,-14
9415.jpg,1814,1800,-14
9420.jpg,1814,1900,86
9425.jpg,1814,1800,-14
9430.jpg,1814,1500,-314
9435.jpg,1814,1900,86
9440.jpg,1814,1850,36
9445.jpg,1814,1850,36
9450.jpg,1814,1900,86
9455.jpg,1814,1800,-14
9460.jpg,1814,1820,6
9465.jpg,1815,1850,35
9470.jpg,1815,1900,85
9475.jpg,1815,1850,35
9480.jpg,1815,1900,85
9485.jpg,1815,1800,-15
9490.jpg,1815,1850,35
9495.jpg,1815,1850,35
9500.jpg,1815,1850,35
9505.jpg,1815,1850,35
9510.jpg,1815,1900,85
9515.jpg,1815,1800,-15
9520.jpg,1815,1800,-15
9525.jpg,1815,1820,5
9530.jpg,1815,1800,-15
9535.jpg,1815,1900,85
9540.jpg,1815,1800,-15
9545.jpg,1815,1800,-15
9550.jpg,1815,1700,-115
9555.jpg,1815,1900,85
9560.jpg,1815,1800,-15
9565.jpg,1815,1850,35
9570.jpg,1815,1900,85
9575.jpg,1815,1900,85
9580.jpg,1815,1750,-65
9585.jpg,1815,1900,85
9590.jpg,1815,1850,35
9595.jpg,1816,1900,84
9600.jpg,1816,1700,-116
9605.jpg,1816,1900,84
9610.jpg,1816,1900,84
9615.jpg,1816,1850,34
9620.jpg,1816,1900,84
9625.jpg,1816,1800,-16
9630.jpg,1816,1850,34
9635.jpg,1816,1900,84
9640.jpg,1816,1800,-16
9645.jpg,1816,1800,-16
9650.jpg,1816,1800,-16
9655.jpg,1816,1800,-16
9660.jpg,1816,1900,84
9665.jpg,1816,1850,34
9670.jpg,1816,1800,-16
9675.jpg,1816,1900,84
9680.jpg,1816,1800,-16
9685.jpg,1816,1900,84
9690.jpg,1816,1850,34
9695.jpg,1816,1900,84
9700.jpg,1816,1900,84
9705.jpg,1816,1500,-316
9710.jpg,1816,1820,4
9715.jpg,1817,1900,83
9720.jpg,1817,1900,83
9725.jpg,1817,1800,-17
9730.jpg,1817,1900,83
9735.jpg,1817,1900,83
9740.jpg,1817,1980,163
9745.jpg,1817,1850,33
9750.jpg,1817,1800,-17
9755.jpg,1817,1800,-17
9760.jpg,1817,1850,33
9765.jpg,1817,1820,3
9770.jpg,1817,1850,33
9775.jpg,1817,1900,83
9780.jpg,1817,1900,83
9785.jpg,1817,1900,83
9790.jpg,1818,1900,82
9795.jpg,1818,1900,82
9800.jpg,1818,1800,-18
9805.jpg,1818,1900,82
9810.jpg,1818,1880,62
9815.jpg,1818,1800,-18
9820.jpg,1818,1900,82
9825.jpg,1818,1850,32
9830.jpg,1818,1900,82
9835.jpg,1818,1900,82
9840.jpg,1818,1800,-18
9845.jpg,1818,1900,82
9850.jpg,1818,1900,82
9855.jpg,1818,1820,2
9860.jpg,1818,1850,32
9865.jpg,1818,2000,182
9870.jpg,1818,1900,82
9875.jpg,1818,1900,82
9880.jpg,1818,1850,32
9885.jpg,1818,1950,132
9890.jpg,1818,1800,-18
9895.jpg,1818,1850,32
9900.jpg,1818,1839,21
9905.jpg,1818,1900,82
9910.jpg,1819,1945,126
9915.jpg,1819,1900,81
9920.jpg,1819,1800,-19
9925.jpg,1819,1900,81
9930.jpg,1819,1900,81
9935.jpg,1819,1850,31
9940.jpg,1819,1900,81
9945.jpg,1819,1900,81
9950.jpg,1819,1900,81
9955.jpg,1819,1800,-19
9960.jpg,1819,1850,31
9965.jpg,1819,1900,81
9970.jpg,1819,1900,81
9975.jpg,1819,1900,81
9980.jpg,1819,1850,31
9985.jpg,1820,1900,80
9990.jpg,1820,1900,80
9995.jpg,1820,1900,80
10000.jpg,1820,1800,-20
10005.jpg,1820,1800,-20
10010.jpg,1820,1900,80
10015.jpg,1820,1600,-220
10020.jpg,1820,1800,-20
10025.jpg,1820,1850,30
10030.jpg,1820,1900,80
10035.jpg,1820,1900,80
10040.jpg,1820,1900,80
10045.jpg,1820,1820,0
10050.jpg,1820,1900,80
10055.jpg,1820,1600,-220
10060.jpg,1820,1850,30
10065.jpg,1820,1850,30
10070.jpg,1820,1800,-20
10075.jpg,1820,1850,30
10080.jpg,1820,1900,80
10085.jpg,1820,1600,-220
10090.jpg,1820,1850,30
10095.jpg,1820,1900,80
10100.jpg,1820,1800,-20
10105.jpg,1820,1850,30
10110.jpg,1820,1820,0
10115.jpg,1820,1900,80
10120.jpg,1820,1900,80
10125.jpg,1820,1850,30
10130.jpg,1820,1850,30
10135.jpg,1820,1850,30
10140.jpg,1820,1900,80
10145.jpg,1820,1950,130
10150.jpg,1820,1850,30
10155.jpg,1820,1800,-20
10160.jpg,1820,1800,-20
10165.jpg,1820,1850,30
10170.jpg,1820,1900,80
10175.jpg,1820,1900,80
10180.jpg,1820,1900,80
10185.jpg,1820,1900,80
10190.jpg,1820,1900,80
10195.jpg,1821,1100,-721
10200.jpg,1821,1900,79
10205.jpg,1821,1850,29
10210.jpg,1821,1900,79
10215.jpg,1821,1900,79
10220.jpg,1821,1900,79
10225.jpg,1821,1900,79
10230.jpg,1821,1850,29
10235.jpg,1821,1850,29
10240.jpg,1821,1900,79
10245.jpg,1821,1900,79
10250.jpg,1821,1900,79
10255.jpg,1821,1900,79
10260.jpg,1821,1850,29
10265.jpg,1821,1900,79
10270.jpg,1821,1900,79
10275.jpg,1821,1900,79
10280.jpg,1822,1900,78
10285.jpg,1822,1850,28
10290.jpg,1822,1600,-222
10295.jpg,1822,1900,78
10300.jpg,1822,1900,78
10305.jpg,1822,1850,28
10310.jpg,1822,1900,78
10315.jpg,1822,1850,28
10320.jpg,1822,1850,28
10325.jpg,1822,1900,78
10330.jpg,1822,1900,78
10335.jpg,1822,1800,-22
10340.jpg,1822,1900,78
10345.jpg,1822,1900,78
10355.jpg,1822,1900,78
10360.jpg,1823,1700,-123
10365.jpg,1823,1820,-3
10370.jpg,1823,1900,77
10375.jpg,1823,1900,77
10385.jpg,1823,1900,77
10390.jpg,1823,1950,127
10395.jpg,1823,1850,27
10400.jpg,1823,1900,77
10405.jpg,1823,1850,27
10410.jpg,1823,1850,27
10415.jpg,1823,1900,77
10420.jpg,1823,1900,77
10425.jpg,1823,1800,-23
10430.jpg,1823,1900,77
10435.jpg,1823,1900,77
10440.jpg,1823,1800,-23
10445.jpg,1823,1900,77
10450.jpg,1823,1850,27
10455.jpg,1824,1850,26
10460.jpg,1824,1850,26
10465.jpg,1824,1900,76
10470.jpg,1824,1900,76
10475.jpg,1824,1850,26
10480.jpg,1824,1900,76
10485.jpg,1824,1750,-74
10490.jpg,1824,1700,-124
10495.jpg,1824,1850,26
10500.jpg,1824,1850,26
10505.jpg,1824,1900,76
10510.jpg,1824,1900,76
10515.jpg,1824,1850,26
10520.jpg,1824,1900,76
10525.jpg,1824,2000,176
10530.jpg,1824,1850,26
10535.jpg,1824,1850,26
10540.jpg,1824,1900,76
10545.jpg,1824,1900,76
10550.jpg,1825,1800,-25
10555.jpg,1825,1880,55
10560.jpg,1825,1900,75
10565.jpg,1825,1850,25
10570.jpg,1825,1900,75
10575.jpg,1825,1900,75
10580.jpg,1825,1863,38
10585.jpg,1825,1900,75
10590.jpg,1825,1800,-25
10595.jpg,1825,1800,-25
10600.jpg,1825,1850,25
10605.jpg,1825,1900,75
10610.jpg,1825,1900,75
10615.jpg,1825,1850,25
10620.jpg,1825,1900,75
10625.jpg,1825,1980,155
10630.jpg,1825,1800,-25
10635.jpg,1825,1900,75
10640.jpg,1825,1900,75
10645.jpg,1825,1850,25
10650.jpg,1825,1900,75
10655.jpg,1825,1850,25
10660.jpg,1825,1900,75
10665.jpg,1825,1800,-25
10670.jpg,1825,1850,25
10675.jpg,1825,1800,-25
10680.jpg,1825,1900,75
10685.jpg,1825,1850,25
10690.jpg,1825,1800,-25
10695.jpg,1825,1900,75
10700.jpg,1825,1900,75
10705.jpg,1825,1850,25
10710.jpg,1825,1900,75
10715.jpg,1825,1900,75
10720.jpg,1825,1850,25
10725.jpg,1825,1900,75
10730.jpg,1826,1900,74
10735.jpg,1826,1850,24
10745.jpg,1826,1900,74
10750.jpg,1826,1820,-6
10755.jpg,1826,1900,74
10760.jpg,1826,1850,24
10765.jpg,1826,1800,-26
10770.jpg,1826,1900,74
10775.jpg,1826,1850,24
10780.jpg,1826,1850,24
10785.jpg,1826,1820,-6
10790.jpg,1826,1850,24
10795.jpg,1826,1820,-6
10800.jpg,1826,1900,74
10805.jpg,1826,1800,-26
10810.jpg,1826,1850,24
10815.jpg,1826,1880,54
10820.jpg,1826,1850,24
10825.jpg,1826,1850,24
10830.jpg,1826,1900,74
10835.jpg,1827,1872,45
10840.jpg,1827,1850,23
10845.jpg,1827,1200,-627
10850.jpg,1827,1900,73
10855.jpg,1827,1900,73
10860.jpg,1827,1900,73
10865.jpg,1827,1800,-27
10870.jpg,1827,1879,52
10875.jpg,1827,1900,73
10880.jpg,1827,1850,23
10885.jpg,1827,1900,73
10890.jpg,1827,1950,123
10895.jpg,1827,1820,-7
10900.jpg,1827,1700,-127
10905.jpg,1827,1800,-27
10910.jpg,1827,1850,23
10915.jpg,1827,1900,73
10920.jpg,1827,1850,23
10925.jpg,1827,1820,-7
10930.jpg,1827,1900,73
10935.jpg,1827,1800,-27
10940.jpg,1827,2000,173
10945.jpg,1828,1850,22
10950.jpg,1828,1800,-28
10955.jpg,1828,1850,22
10960.jpg,1828,1820,-8
10965.jpg,1828,1850,22
10970.jpg,1828,1800,-28
10975.jpg,1828,1920,92
10980.jpg,1828,1900,72
10985.jpg,1828,1850,22
10990.jpg,1828,1850,22
10995.jpg,1828,1850,22
11000.jpg,1828,1900,72
11005.jpg,1828,1800,-28
11010.jpg,1828,1900,72
11015.jpg,1828,1820,-8
11020.jpg,1828,1800,-28
11025.jpg,1828,1850,22
11030.jpg,1828,1850,22
11035.jpg,1828,1850,22
11040.jpg,1828,1850,22
11045.jpg,1828,1900,72
11050.jpg,1828,1900,72
11055.jpg,1828,1450,-378
11060.jpg,1828,1900,72
11065.jpg,1829,1900,71
11070.jpg,1829,1800,-29
11075.jpg,1829,1900,71
11080.jpg,1829,1900,71
11085.jpg,1829,1900,71
11090.jpg,1829,1900,71
11095.jpg,1829,1900,71
11100.jpg,1829,1900,71
11105.jpg,1829,1850,21
11110.jpg,1829,1800,-29
11115.jpg,1829,1800,-29
11120.jpg,1829,1900,71
11125.jpg,1829,1850,21
11130.jpg,1829,1900,71
11135.jpg,1829,1900,71
11140.jpg,1829,1820,-9
11145.jpg,1829,1900,71
11150.jpg,1829,1900,71
11155.jpg,1829,1950,121
11160.jpg,1829,1800,-29
11165.jpg,1829,1900,71
11170.jpg,1830,1700,-130
11175.jpg,1830,1850,20
11180.jpg,1830,1820,-10
11185.jpg,1830,1890,60
11190.jpg,1830,1900,70
11195.jpg,1830,1850,20
11200.jpg,1830,1900,70
11205.jpg,1830,1800,-30
11210.jpg,1830,1900,70
11215.jpg,1830,1850,20
11220.jpg,1830,1850,20
11225.jpg,1830,1900,70
11230.jpg,1830,1900,70
11235.jpg,1830,1900,70
11240.jpg,1830,1800,-30
11245.jpg,1830,1900,70
11250.jpg,1830,1900,70
11255.jpg,1830,2000,170
11260.jpg,1830,1900,70
11265.jpg,1830,1850,20
11270.jpg,1830,1900,70
11275.jpg,1830,1820,-10
11280.jpg,1830,1900,70
11285.jpg,1830,1850,20
11290.jpg,1830,1800,-30
11295.jpg,1830,1900,70
11300.jpg,1830,1820,-10
11305.jpg,1830,1900,70
11310.jpg,1830,1900,70
11315.jpg,1830,1900,70
11320.jpg,1830,1850,20
11325.jpg,1830,1850,20
11330.jpg,1830,1900,70
11335.jpg,1830,1875,45
11340.jpg,1830,1950,120
11345.jpg,1830,1900,70
11350.jpg,1830,1900,70
11355.jpg,1830,1850,20
11360.jpg,1830,1850,20
11365.jpg,1830,1830,0
11370.jpg,1830,1950,120
11375.jpg,1830,1800,-30
11380.jpg,1830,1900,70
11385.jpg,1830,1800,-30
11390.jpg,1830,1900,70
11395.jpg,1830,1900,70
11400.jpg,1831,1800,-31
11405.jpg,1831,1900,69
11410.jpg,1831,1850,19
11415.jpg,1831,1880,49
11420.jpg,1831,1750,-81
11425.jpg,1831,1850,19
11430.jpg,1831,1900,69
11435.jpg,1831,1850,19
11440.jpg,1831,1900,69
11445.jpg,1831,1800,-31
11450.jpg,1831,1900,69
11455.jpg,1831,1820,-11
11460.jpg,1831,1850,19
11465.jpg,1831,1900,69
11470.jpg,1831,1850,19
11475.jpg,1831,2000,169
11480.jpg,1831,1900,69
11485.jpg,1831,1900,69
11490.jpg,1832,1900,68
11495.jpg,1832,1900,68
11500.jpg,1832,1000,-832
11505.jpg,1832,1850,18
11510.jpg,1832,1800,-32
11515.jpg,1832,1817,-15
11525.jpg,1832,1900,68
11530.jpg,1832,1900,68
11535.jpg,1832,1900,68
11540.jpg,1832,1850,18
11545.jpg,1832,1900,68
11550.jpg,1832,1850,18
11555.jpg,1832,1850,18
11560.jpg,1832,1900,68
11565.jpg,1832,1850,18
11570.jpg,1832,1900,68
11575.jpg,1832,1820,-12
11580.jpg,1832,1850,18
11585.jpg,1832,1900,68
11590.jpg,1832,1800,-32
11595.jpg,1832,1820,-12
11600.jpg,1832,1800,-32
11605.jpg,1832,1850,18
11610.jpg,1832,1900,68
11615.jpg,1832,1900,68
11620.jpg,1832,1800,-32
11625.jpg,1832,1900,68
11630.jpg,1832,1900,68
11635.jpg,1832,1960,128
11640.jpg,1832,1850,18
11645.jpg,1833,1800,-33
11650.jpg,1833,1800,-33
11655.jpg,1833,1900,67
11660.jpg,1833,1900,67
11665.jpg,1833,1900,67
11670.jpg,1833,1900,67
11675.jpg,1833,1900,67
11680.jpg,1833,1900,67
11685.jpg,1833,1700,-133
11690.jpg,1833,1850,17
11695.jpg,1833,1850,17
11700.jpg,1833,1850,17
11705.jpg,1833,1900,67
11710.jpg,1833,1900,67
11715.jpg,1833,1850,17
11720.jpg,1833,1900,67
11725.jpg,1833,1820,-13
11730.jpg,1833,1800,-33
11735.jpg,1833,1800,-33
11740.jpg,1833,1850,17
11745.jpg,1833,1900,67
11750.jpg,1833,1900,67
11755.jpg,1833,1800,-33
11760.jpg,1833,1900,67
11765.jpg,1833,1800,-33
11770.jpg,1834,1800,-34
11775.jpg,1834,1850,16
11780.jpg,1834,1900,66
11785.jpg,1834,1900,66
11790.jpg,1834,1950,116
11795.jpg,1834,1820,-14
11800.jpg,1834,1800,-34
11805.jpg,1834,1838,4
11810.jpg,1834,1890,56
11815.jpg,1834,1850,16
11820.jpg,1834,1850,16
11825.jpg,1834,1800,-34
11830.jpg,1834,1900,66
11835.jpg,1834,1880,46
11840.jpg,1834,1850,16
11845.jpg,1834,1800,-34
11850.jpg,1834,1850,16
11855.jpg,1834,1900,66
11860.jpg,1834,1950,116
11865.jpg,1834,1850,16
11870.jpg,1834,1950,116
11875.jpg,1834,1900,66
11880.jpg,1834,1850,16
11885.jpg,1834,1900,66
11890.jpg,1834,1818,-16
11895.jpg,1834,1900,66
11900.jpg,1835,1750,-85
11905.jpg,1835,1950,115
11910.jpg,1835,1900,65
11915.jpg,1835,1850,15
11920.jpg,1835,1950,115
11925.jpg,1835,1800,-35
11930.jpg,1835,1900,65
11935.jpg,1835,1900,65
11940.jpg,1835,1950,115
11945.jpg,1835,1800,-35
11950.jpg,1835,1600,-235
11955.jpg,1835,1850,15
11960.jpg,1835,1900,65
11965.jpg,1835,1900,65
11970.jpg,1835,1900,65
11980.jpg,1835,1900,65
11985.jpg,1835,1900,65
11990.jpg,1835,1900,65
11995.jpg,1835,1900,65
12000.jpg,1835,1900,65
12005.jpg,1835,1850,15
12010.jpg,1835,1850,15
12015.jpg,1835,1900,65
12020.jpg,1835,1900,65
12025.jpg,1835,1900,65
12030.jpg,1835,1900,65
12035.jpg,1835,1850,15
12040.jpg,1835,1800,-35
12045.jpg,1835,1850,15
12050.jpg,1835,1900,65
12055.jpg,1835,1820,-15
12060.jpg,1835,1900,65
12065.jpg,1835,1950,115
12070.jpg,1835,1900,65
12075.jpg,1835,1900,65
12080.jpg,1835,1900,65
12085.jpg,1835,1900,65
12090.jpg,1835,1880,45
12095.jpg,1835,1850,15
12100.jpg,1835,1900,65
12105.jpg,1835,1850,15
12110.jpg,1835,1300,-535
12115.jpg,1835,1850,15
12120.jpg,1835,1900,65
12125.jpg,1835,1900,65
12130.jpg,1836,1900,64
12135.jpg,1836,1900,64
12140.jpg,1836,1800,-36
12145.jpg,1836,1900,64
12150.jpg,1836,1900,64
12155.jpg,1836,1800,-36
12160.jpg,1836,1950,114
12170.jpg,1836,1900,64
12175.jpg,1836,1850,14
12180.jpg,1836,1900,64
12185.jpg,1836,1850,14
12190.jpg,1836,1800,-36
12195.jpg,1836,1900,64
12200.jpg,1836,1900,64
12205.jpg,1836,1900,64
12210.jpg,1836,1850,14
12215.jpg,1836,1850,14
12220.jpg,1836,1800,-36
12225.jpg,1836,1900,64
12230.jpg,1836,1850,14
12235.jpg,1836,1850,14
12240.jpg,1836,1900,64
12245.jpg,1836,1900,64
12250.jpg,1836,1850,14
12255.jpg,1836,1850,14
12260.jpg,1836,1850,14
12265.jpg,1836,1900,64
12270.jpg,1836,1800,-36
12275.jpg,1836,1700,-136
12280.jpg,1837,1800,-37
12285.jpg,1837,1887,50
12290.jpg,1837,1900,63
12295.jpg,1837,1850,13
12300.jpg,1837,1900,63
12305.jpg,1837,1850,13
12310.jpg,1837,1900,63
12315.jpg,1837,1800,-37
12320.jpg,1837,1950,113
12325.jpg,1837,1900,63
12330.jpg,1837,1850,13
12335.jpg,1837,1850,13
12340.jpg,1837,1850,13
12345.jpg,1837,1800,-37
12350.jpg,1837,1900,63
12355.jpg,1837,1850,13
12360.jpg,1837,1900,63
12365.jpg,1837,1900,63
12370.jpg,1837,1900,63
12375.jpg,1837,1900,63
12380.jpg,1837,1900,63
12385.jpg,1837,1850,13
12390.jpg,1837,1900,63
12395.jpg,1837,1900,63
12400.jpg,1837,1900,63
12405.jpg,1837,1850,13
12410.jpg,1837,1900,63
12415.jpg,1837,1880,43
12420.jpg,1837,1850,13
12425.jpg,1837,1950,113
12430.jpg,1837,1900,63
12435.jpg,1837,1900,63
12440.jpg,1837,1900,63
12445.jpg,1837,1850,13
12450.jpg,1838,1900,62
12455.jpg,1838,1850,12
12460.jpg,1838,1300,-538
12465.jpg,1838,1900,62
12470.jpg,1838,1900,62
12475.jpg,1838,1900,62
12480.jpg,1838,1850,12
12485.jpg,1838,1850,12
12490.jpg,1838,1900,62
12495.jpg,1838,1900,62
12500.jpg,1838,1900,62
12505.jpg,1838,1900,62
12510.jpg,1838,1800,-38
12515.jpg,1838,1900,62
12520.jpg,1838,1900,62
12525.jpg,1838,1850,12
12530.jpg,1838,1900,62
12535.jpg,1838,1850,12
12540.jpg,1838,1900,62
12545.jpg,1838,1900,62
12550.jpg,1838,1900,62
12555.jpg,1838,1950,112
12560.jpg,1838,1850,12
12565.jpg,1838,1900,62
12570.jpg,1838,1850,12
12575.jpg,1838,1850,12
12580.jpg,1838,1900,62
12585.jpg,1838,1900,62
12590.jpg,1838,1850,12
12600.jpg,1838,1980,142
12605.jpg,1838,1960,122
12610.jpg,1838,1850,12
12615.jpg,1838,1800,-38
12620.jpg,1838,1870,32
12625.jpg,1839,1900,61
12630.jpg,1839,1850,11
12635.jpg,1839,1850,11
12640.jpg,1839,1900,61
12645.jpg,1839,1850,11
12650.jpg,1839,1900,61
12655.jpg,1839,1900,61
12660.jpg,1839,1900,61
12665.jpg,1839,1900,61
12670.jpg,1839,1900,61
12675.jpg,1839,1850,11
12680.jpg,1839,1800,-39
12685.jpg,1839,1820,-19
12690.jpg,1839,1900,61
12695.jpg,1839,1850,11
12700.jpg,1839,1800,-39
12705.jpg,1839,1850,11
12710.jpg,1839,1900,61
12715.jpg,1839,1900,61
12720.jpg,1839,1900,61
12725.jpg,1839,1900,61
12730.jpg,1839,1850,11
12735.jpg,1839,1820,-19
12740.jpg,1839,1820,-19
12745.jpg,1839,1850,11
12750.jpg,1839,1900,61
12755.jpg,1839,1800,-39
12760.jpg,1839,1820,-19
12765.jpg,1839,1800,-39
12770.jpg,1839,1900,61
12775.jpg,1839,1900,61
12780.jpg,1840,1900,60
12785.jpg,1840,1900,60
12790.jpg,1840,1800,-40
12795.jpg,1840,1900,60
12800.jpg,1840,1850,10
12805.jpg,1840,1200,-640
12810.jpg,1840,1900,60
12815.jpg,1840,1850,10
12820.jpg,1840,1820,-20
12825.jpg,1840,1900,60
12830.jpg,1840,1850,10
12835.jpg,1840,1900,60
12840.jpg,1840,1800,-40
12845.jpg,1840,1800,-40
12850.jpg,1840,1900,60
12860.jpg,1840,1850,10
12865.jpg,1840,1900,60
12870.jpg,1840,1900,60
12875.jpg,1840,1900,60
12880.jpg,1840,1820,-20
12885.jpg,1840,1800,-40
12890.jpg,1840,1850,10
12895.jpg,1840,1800,-40
12900.jpg,1840,1850,10
12905.jpg,1840,1950,110
12910.jpg,1840,1950,110
12915.jpg,1840,1900,60
12920.jpg,1840,1850,10
12925.jpg,1840,1900,60
12930.jpg,1840,1890,50
12935.jpg,1840,1850,10
12940.jpg,1840,1850,10
12945.jpg,1840,1900,60
12950.jpg,1840,1850,10
12955.jpg,1840,1850,10
12960.jpg,1840,1820,-20
12965.jpg,1840,1850,10
12970.jpg,1840,1820,-20
12975.jpg,1840,1800,-40
12980.jpg,1840,1900,60
12985.jpg,1840,1820,-20
12990.jpg,1840,1800,-40
12995.jpg,1840,1900,60
13005.jpg,1840,1800,-40
13010.jpg,1840,1900,60
13015.jpg,1840,1900,60
13020.jpg,1840,1900,60
13025.jpg,1840,1900,60
13030.jpg,1841,1900,59
13035.jpg,1841,1850,9
13040.jpg,1841,1900,59
13045.jpg,1841,1900,59
13050.jpg,1841,1800,-41
13055.jpg,1841,1850,9
13060.jpg,1841,1850,9
13065.jpg,1841,1850,9
13070.jpg,1841,1900,59
13075.jpg,1841,1800,-41
13080.jpg,1841,1850,9
13085.jpg,1841,1980,139
13090.jpg,1841,1900,59
13095.jpg,1841,1900,59
13100.jpg,1841,1850,9
13105.jpg,1841,1900,59
13110.jpg,1841,1820,-21
13115.jpg,1841,1950,109
13120.jpg,1841,2000,159
13125.jpg,1841,1850,9
13130.jpg,1841,1600,-241
13135.jpg,1841,1824,-17
13140.jpg,1841,1900,59
13145.jpg,1842,1850,8
13150.jpg,1842,1900,58
13155.jpg,1842,1900,58
13160.jpg,1842,1900,58
13165.jpg,1842,1850,8
13170.jpg,1842,1900,58
13175.jpg,1842,1900,58
13180.jpg,1842,1900,58
13185.jpg,1842,1880,38
13190.jpg,1842,1850,8
13195.jpg,1842,1800,-42
13200.jpg,1842,1900,58
13205.jpg,1842,1800,-42
13210.jpg,1842,1850,8
13215.jpg,1842,1900,58
13220.jpg,1842,1820,-22
13225.jpg,1842,1850,8
13230.jpg,1842,1900,58
13235.jpg,1842,1850,8
13240.jpg,1842,1850,8
13245.jpg,1842,1900,58
13250.jpg,1842,1900,58
13255.jpg,1842,1850,8
13260.jpg,1842,1850,8
13265.jpg,1842,1800,-42
13270.jpg,1842,1900,58
13275.jpg,1842,1850,8
13280.jpg,1842,1450,-392
13285.jpg,1842,1900,58
13290.jpg,1842,1900,58
13295.jpg,1842,1900,58
13300.jpg,1843,1900,57
13305.jpg,1843,1850,7
13310.jpg,1843,1900,57
13315.jpg,1843,1850,7
13320.jpg,1843,1800,-43
13325.jpg,1843,1900,57
13330.jpg,1843,1900,57
13335.jpg,1843,1900,57
13340.jpg,1843,1900,57
13345.jpg,1843,1900,57
13350.jpg,1843,1850,7
13355.jpg,1843,1900,57
13360.jpg,1843,1900,57
13365.jpg,1843,1850,7
13370.jpg,1843,1900,57
13380.jpg,1843,1900,57
13385.jpg,1843,2000,157
13390.jpg,1843,1850,7
13395.jpg,1843,1820,-23
13400.jpg,1843,1900,57
13405.jpg,1843,1900,57
13410.jpg,1843,1783,-60
13415.jpg,1843,1900,57
13420.jpg,1843,1850,7
13425.jpg,1843,1900,57
13430.jpg,1844,1850,6
13435.jpg,1844,1900,56
13440.jpg,1844,1800,-44
13445.jpg,1844,1980,136
13450.jpg,1844,1850,6
13455.jpg,1844,1900,56
13460.jpg,1844,1900,56
13465.jpg,1844,1820,-24
13470.jpg,1844,1820,-24
13475.jpg,1844,1850,6
13480.jpg,1844,1900,56
13485.jpg,1844,1850,6
13490.jpg,1844,1900,56
13495.jpg,1844,1900,56
13500.jpg,1844,1820,-24
13505.jpg,1844,1900,56
13510.jpg,1844,1850,6
13515.jpg,1844,1800,-44
13520.jpg,1844,1850,6
13525.jpg,1844,1820,-24
13530.jpg,1844,1900,56
13535.jpg,1844,1900,56
13540.jpg,1844,1900,56
13545.jpg,1844,1900,56
13550.jpg,1844,1850,6
13555.jpg,1844,1900,56
13560.jpg,1844,1900,56
13565.jpg,1845,1200,-645
13570.jpg,1845,1900,55
13575.jpg,1845,1900,55
13580.jpg,1845,1900,55
13585.jpg,1845,1900,55
13590.jpg,1845,1850,5
13595.jpg,1845,1900,55
13600.jpg,1845,1900,55
13605.jpg,1845,1820,-25
13610.jpg,1845,1880,35
13615.jpg,1845,1900,55
13620.jpg,1845,1820,-25
13625.jpg,1845,1850,5
13630.jpg,1845,1850,5
13635.jpg,1845,1850,5
13640.jpg,1845,1900,55
13645.jpg,1845,1820,-25
13650.jpg,1845,2000,155
13655.jpg,1845,1850,5
13660.jpg,1845,1900,55
13665.jpg,1845,1850,5
13670.jpg,1845,1900,55
13675.jpg,1845,1870,25
13680.jpg,1845,1900,55
13685.jpg,1845,1800,-45
13690.jpg,1845,1850,5
13695.jpg,1845,1900,55
13700.jpg,1845,1900,55
13705.jpg,1845,1850,5
13710.jpg,1845,1900,55
13720.jpg,1845,1950,105
13725.jpg,1845,1900,55
13730.jpg,1845,1900,55
13735.jpg,1845,1900,55
13740.jpg,1845,1800,-45
13745.jpg,1845,1800,-45
13750.jpg,1845,1850,5
13755.jpg,1845,1800,-45
13760.jpg,1845,1850,5
13765.jpg,1845,1850,5
13770.jpg,1845,1850,5
13775.jpg,1845,1900,55
13780.jpg,1845,1850,5
13785.jpg,1845,2000,155
13790.jpg,1845,1900,55
13795.jpg,1845,2000,155
13800.jpg,1845,1900,55
13805.jpg,1846,1900,54
13810.jpg,1846,1900,54
13815.jpg,1846,1850,4
13820.jpg,1846,1900,54
13825.jpg,1846,1900,54
13830.jpg,1846,1820,-26
13835.jpg,1846,1850,4
13840.jpg,1846,1900,54
13845.jpg,1846,1820,-26
13850.jpg,1846,1900,54
13855.jpg,1846,1900,54
13860.jpg,1846,1850,4
13865.jpg,1846,1850,4
13870.jpg,1846,1850,4
13875.jpg,1846,1900,54
13880.jpg,1846,1900,54
13885.jpg,1846,1850,4
13890.jpg,1846,1850,4
13895.jpg,1846,1900,54
13900.jpg,1846,1850,4
13905.jpg,1846,1850,4
13910.jpg,1846,1820,-26
13915.jpg,1846,1850,4
13920.jpg,1846,1850,4
13925.jpg,1846,1950,104
13930.jpg,1846,1950,104
13935.jpg,1846,1900,54
13940.jpg,1847,1900,53
13945.jpg,1847,1820,-27
13950.jpg,1847,1900,53
13955.jpg,1847,1900,53
13960.jpg,1847,1850,3
13965.jpg,1847,1900,53
13970.jpg,1847,1900,53
13975.jpg,1847,1900,53
13980.jpg,1847,1885,38
13985.jpg,1847,1900,53
13990.jpg,1847,1850,3
13995.jpg,1847,1850,3
14000.jpg,1847,1850,3
14005.jpg,1847,1800,-47
14010.jpg,1847,1800,-47
14015.jpg,1847,1850,3
14020.jpg,1847,1850,3
14030.jpg,1847,1900,53
14035.jpg,1847,1950,103
14040.jpg,1847,1900,53
14045.jpg,1847,1800,-47
14050.jpg,1847,1900,53
14055.jpg,1847,1900,53
14060.jpg,1847,1800,-47
14065.jpg,1847,1850,3
14070.jpg,1847,1850,3
14075.jpg,1847,1840,-7
14080.jpg,1847,1900,53
14085.jpg,1847,1850,3
14090.jpg,1847,1900,53
14095.jpg,1847,1900,53
14100.jpg,1847,1880,33
14105.jpg,1847,1980,133
14110.jpg,1848,1900,52
14115.jpg,1848,1900,52
14120.jpg,1848,1900,52
14125.jpg,1848,2000,152
14130.jpg,1848,1400,-448
14135.jpg,1848,1850,2
14140.jpg,1848,1850,2
14145.jpg,1848,1850,2
14150.jpg,1848,1900,52
14155.jpg,1848,1900,52
14160.jpg,1848,1850,2
14165.jpg,1848,1850,2
14170.jpg,1848,1900,52
14175.jpg,1848,1820,-28
14180.jpg,1848,1900,52
14185.jpg,1848,1900,52
14190.jpg,1848,1950,102
14195.jpg,1848,1850,2
14200.jpg,1848,1900,52
14205.jpg,1848,1900,52
14210.jpg,1848,1900,52
14215.jpg,1848,1850,2
14220.jpg,1848,1850,2
14225.jpg,1848,1840,-8
14230.jpg,1848,1800,-48
14235.jpg,1848,1900,52
14240.jpg,1848,1900,52
14245.jpg,1848,1820,-28
14250.jpg,1848,1850,2
14255.jpg,1848,1900,52
14260.jpg,1848,1850,2
14265.jpg,1848,1900,52
14270.jpg,1848,1850,2
14275.jpg,1848,1900,52
14280.jpg,1848,1820,-28
14285.jpg,1848,1890,42
14290.jpg,1848,1850,2
14295.jpg,1848,1850,2
14300.jpg,1848,1900,52
14305.jpg,1848,1850,2
14310.jpg,1848,1900,52
14315.jpg,1848,1900,52
14320.jpg,1848,1900,52
14325.jpg,1848,1900,52
14330.jpg,1848,1900,52
14335.jpg,1848,1850,2
14340.jpg,1849,1600,-249
14345.jpg,1849,1900,51
14350.jpg,1849,1880,31
14355.jpg,1849,1800,-49
14360.jpg,1849,2000,151
14365.jpg,1849,1950,101
14370.jpg,1849,1850,1
14375.jpg,1849,1900,51
14380.jpg,1849,1900,51
14385.jpg,1849,1900,51
14390.jpg,1849,1900,51
14395.jpg,1849,2000,151
14400.jpg,1849,1850,1
14405.jpg,1849,1900,51
14410.jpg,1849,1950,101
14415.jpg,1849,1900,51
14420.jpg,1849,1838,-11
14425.jpg,1849,1900,51
14430.jpg,1849,1900,51
14435.jpg,1849,1800,-49
14440.jpg,1849,1900,51
14445.jpg,1849,1850,1
14450.jpg,1849,1850,1
14455.jpg,1849,1850,1
14460.jpg,1849,1850,1
14465.jpg,1849,1820,-29
14470.jpg,1849,1900,51
14475.jpg,1849,1820,-29
14480.jpg,1849,1900,51
14485.jpg,1849,1900,51
14490.jpg,1849,1632,-217
14495.jpg,1849,1950,101
14500.jpg,1849,1899,50
14505.jpg,1850,1600,-250
14510.jpg,1850,1900,50
14515.jpg,1850,1900,50
14520.jpg,1850,1880,30
14525.jpg,1850,1820,-30
14530.jpg,1850,1900,50
14535.jpg,1850,1850,0
14540.jpg,1850,1900,50
14545.jpg,1850,1450,-400
14550.jpg,1850,1900,50
14555.jpg,1850,1900,50
14560.jpg,1850,1900,50
14565.jpg,1850,1900,50
14570.jpg,1850,1900,50
14575.jpg,1850,1900,50
14580.jpg,1850,1900,50
14585.jpg,1850,1850,0
14590.jpg,1850,1900,50
14600.jpg,1850,1900,50
14605.jpg,1850,1900,50
14610.jpg,1850,1820,-30
14615.jpg,1850,1900,50
14620.jpg,1850,1900,50
14625.jpg,1850,1850,0
14630.jpg,1850,1900,50
14635.jpg,1850,1800,-50
14640.jpg,1850,1900,50
14645.jpg,1850,1900,50
14650.jpg,1850,1950,100
14655.jpg,1850,1850,0
14660.jpg,1850,1900,50
14665.jpg,1850,1820,-30
14670.jpg,1850,1850,0
14675.jpg,1850,1820,-30
14680.jpg,1850,1800,-50
14685.jpg,1850,1900,50
14690.jpg,1850,1900,50
14695.jpg,1850,1820,-30
14700.jpg,1850,1900,50
14705.jpg,1850,1850,0
14710.jpg,1850,1900,50
14715.jpg,1850,1820,-30
14720.jpg,1850,1850,0
14725.jpg,1850,1800,-50
14730.jpg,1850,1900,50
14735.jpg,1850,1850,0
14740.jpg,1850,1850,0
14745.jpg,1850,1900,50
14750.jpg,1850,1900,50
14755.jpg,1850,1900,50
14760.jpg,1850,1900,50
14765.jpg,1850,1900,50
14770.jpg,1850,1900,50
14775.jpg,1850,1900,50
14780.jpg,1850,1850,0
14785.jpg,1851,1800,-51
14790.jpg,1851,1600,-251
14795.jpg,1851,1900,49
14800.jpg,1851,1900,49
14805.jpg,1851,1900,49
14810.jpg,1851,1877,26
14815.jpg,1851,1900,49
14820.jpg,1851,1900,49
14825.jpg,1851,1900,49
14830.jpg,1851,1850,-1
14835.jpg,1851,1750,-101
14840.jpg,1851,1900,49
14845.jpg,1851,1900,49
14850.jpg,1851,1850,-1
14855.jpg,1851,2000,149
14860.jpg,1851,1900,49
14865.jpg,1851,1820,-31
14870.jpg,1851,1800,-51
14880.jpg,1851,1700,-151
14885.jpg,1851,1800,-51
14890.jpg,1851,1850,-1
14895.jpg,1851,1850,-1
14900.jpg,1851,1850,-1
14905.jpg,1851,1900,49
14910.jpg,1851,1850,-1
14915.jpg,1851,1900,49
14920.jpg,1851,1900,49
14925.jpg,1851,1900,49
14930.jpg,1851,1900,49
14935.jpg,1851,1870,19
14940.jpg,1851,1830,-21
14945.jpg,1852,1900,48
14950.jpg,1852,1900,48
14955.jpg,1852,1880,28
14960.jpg,1852,1900,48
14965.jpg,1852,1850,-2
14970.jpg,1852,1800,-52
14975.jpg,1852,1820,-32
14980.jpg,1852,1850,-2
14985.jpg,1852,1900,48
14990.jpg,1852,1900,48
14995.jpg,1852,1850,-2
15000.jpg,1852,1950,98
15005.jpg,1852,1850,-2
15010.jpg,1852,1900,48
15015.jpg,1852,1900,48
15020.jpg,1852,1850,-2
15025.jpg,1852,1900,48
15030.jpg,1852,1900,48
15035.jpg,1852,1850,-2
15040.jpg,1852,1900,48
15045.jpg,1852,1850,-2
15050.jpg,1852,1900,48
15055.jpg,1852,1800,-52
15060.jpg,1852,1900,48
15065.jpg,1852,1900,48
15070.jpg,1852,1850,-2
15075.jpg,1852,1850,-2
15080.jpg,1852,1900,48
15085.jpg,1852,1950,98
15090.jpg,1852,1900,48
15095.jpg,1852,1850,-2
15100.jpg,1852,1850,-2
15105.jpg,1852,1900,48
15110.jpg,1852,1820,-32
15115.jpg,1852,1900,48
15120.jpg,1852,1900,48
15125.jpg,1852,1900,48
15130.jpg,1852,1900,48
15135.jpg,1853,1600,-253
15140.jpg,1853,1900,47
15145.jpg,1853,1900,47
15150.jpg,1853,1890,37
15155.jpg,1853,1850,-3
15160.jpg,1853,1850,-3
15165.jpg,1853,1900,47
15170.jpg,1853,1820,-33
15175.jpg,1853,1820,-33
15180.jpg,1853,1850,-3
15185.jpg,1853,1850,-3
15190.jpg,1853,1870,17
15195.jpg,1853,1900,47
15200.jpg,1853,1900,47
15205.jpg,1853,1950,97
15210.jpg,1853,1900,47
15215.jpg,1853,1850,-3
15220.jpg,1853,1850,-3
15225.jpg,1853,1900,47
15230.jpg,1853,1900,47
15235.jpg,1853,1900,47
15240.jpg,1853,1850,-3
15245.jpg,1853,1900,47
15250.jpg,1853,1900,47
15255.jpg,1853,1900,47
15260.jpg,1853,1850,-3
15265.jpg,1853,1850,-3
15270.jpg,1853,1850,-3
15275.jpg,1853,1850,-3
15280.jpg,1853,1900,47
15285.jpg,1853,1900,47
15290.jpg,1853,1900,47
15295.jpg,1853,1850,-3
15300.jpg,1853,1850,-3
15305.jpg,1853,1850,-3
15310.jpg,1853,1900,47
15315.jpg,1853,1900,47
15320.jpg,1853,1900,47
15325.jpg,1853,1820,-33
15330.jpg,1853,1800,-53
15335.jpg,1853,1900,47
15340.jpg,1853,1800,-53
15345.jpg,1853,1800,-53
15350.jpg,1853,2000,147
15355.jpg,1854,1900,46
15360.jpg,1854,1900,46
15365.jpg,1854,1820,-34
15370.jpg,1854,1900,46
15375.jpg,1854,1850,-4
15380.jpg,1854,1900,46
15385.jpg,1854,1800,-54
15390.jpg,1854,2000,146
15395.jpg,1854,1900,46
15400.jpg,1854,1900,46
15405.jpg,1854,1900,46
15410.jpg,1854,1900,46
15415.jpg,1854,1900,46
15420.jpg,1854,1900,46
15425.jpg,1854,1900,46
15430.jpg,1854,1880,26
15435.jpg,1854,1950,96
15440.jpg,1854,1900,46
15445.jpg,1854,1900,46
15450.jpg,1855,1200,-655
15455.jpg,1855,1900,45
15460.jpg,1855,1950,95
15465.jpg,1855,1850,-5
15470.jpg,1855,1900,45
15475.jpg,1855,1900,45
15480.jpg,1855,1880,25
15485.jpg,1855,1900,45
15490.jpg,1855,1900,45
15495.jpg,1855,1900,45
15500.jpg,1855,1900,45
15505.jpg,1855,1850,-5
15510.jpg,1855,1900,45
15515.jpg,1855,1800,-55
15520.jpg,1855,1900,45
15525.jpg,1855,1850,-5
15530.jpg,1855,1850,-5
15535.jpg,1855,1850,-5
15540.jpg,1855,1880,25
15545.jpg,1855,1900,45
15550.jpg,1855,1850,-5
15555.jpg,1855,1900,45
15560.jpg,1855,1820,-35
15565.jpg,1855,1900,45
15570.jpg,1855,1900,45
15575.jpg,1855,1900,45
15580.jpg,1855,1900,45
15585.jpg,1855,1900,45
15590.jpg,1855,1850,-5
15595.jpg,1855,1820,-35
15600.jpg,1855,1850,-5
15605.jpg,1855,1950,95
15610.jpg,1855,1900,45
15615.jpg,1855,1850,-5
15620.jpg,1855,1900,45
15625.jpg,1855,1850,-5
15630.jpg,1855,1850,-5
15635.jpg,1855,1850,-5
15640.jpg,1855,1900,45
15645.jpg,1855,1890,35
15650.jpg,1855,1900,45
15655.jpg,1855,1900,45
15660.jpg,1855,1900,45
15665.jpg,1855,1900,45
15670.jpg,1855,1900,45
15675.jpg,1855,1900,45
15680.jpg,1855,1900,45
15685.jpg,1855,1900,45
15690.jpg,1855,1900,45
15695.jpg,1855,1850,-5
15705.jpg,1856,1300,-556
15710.jpg,1856,1850,-6
15715.jpg,1856,1900,44
15720.jpg,1856,1900,44
15725.jpg,1856,1900,44
15730.jpg,1856,1880,24
15735.jpg,1856,1900,44
15740.jpg,1856,1900,44
15745.jpg,1856,1900,44
15750.jpg,1856,1890,34
15755.jpg,1856,1900,44
15760.jpg,1856,1800,-56
15765.jpg,1856,1900,44
15770.jpg,1856,1900,44
15775.jpg,1856,1900,44
15780.jpg,1856,1900,44
15785.jpg,1856,1883,27
15795.jpg,1856,1820,-36
15800.jpg,1856,1900,44
15805.jpg,1856,1900,44
15810.jpg,1856,1900,44
15815.jpg,1856,1850,-6
15820.jpg,1856,1850,-6
15825.jpg,1856,1900,44
15830.jpg,1856,1900,44
15835.jpg,1856,1600,-256
15840.jpg,1856,1850,-6
15845.jpg,1856,1850,-6
15850.jpg,1856,1850,-6
15855.jpg,1856,1850,-6
15860.jpg,1856,1800,-56
15865.jpg,1856,1850,-6
15870.jpg,1856,1900,44
15875.jpg,1856,1900,44
15880.jpg,1856,1900,44
15885.jpg,1856,1850,-6
15890.jpg,1856,1850,-6
15895.jpg,1856,1900,44
15900.jpg,1856,1900,44
15905.jpg,1856,1800,-56
15910.jpg,1856,1800,-56
15915.jpg,1856,1820,-36
15920.jpg,1856,1900,44
15930.jpg,1856,1900,44
15935.jpg,1856,1800,-56
15940.jpg,1856,1900,44
15945.jpg,1856,1850,-6
15950.jpg,1856,1850,-6
15955.jpg,1856,1900,44
15960.jpg,1856,1800,-56
15965.jpg,1856,1850,-6
15970.jpg,1856,1900,44
15975.jpg,1856,1800,-56
15980.jpg,1857,1600,-257
15985.jpg,1857,1850,-7
15990.jpg,1857,2000,143
15995.jpg,1857,1850,-7
16000.jpg,1857,1900,43
16005.jpg,1857,1900,43
16010.jpg,1857,1945,88
16015.jpg,1857,1400,-457
16020.jpg,1857,1800,-57
16025.jpg,1857,1900,43
16030.jpg,1857,1900,43
16035.jpg,1857,1900,43
16040.jpg,1857,1900,43
16045.jpg,1857,1900,43
16050.jpg,1857,1850,-7
16055.jpg,1857,1900,43
16060.jpg,1857,1820,-37
16065.jpg,1857,1880,23
16070.jpg,1857,1900,43
16075.jpg,1857,1900,43
16080.jpg,1857,1900,43
16085.jpg,1857,1900,43
16090.jpg,1857,1900,43
16095.jpg,1857,1850,-7
16100.jpg,1857,1800,-57
16105.jpg,1857,1800,-57
16110.jpg,1857,1900,43
16115.jpg,1857,1900,43
16120.jpg,1857,1820,-37
16125.jpg,1857,1900,43
16130.jpg,1857,1850,-7
16135.jpg,1857,1800,-57
16140.jpg,1857,1600,-257
16145.jpg,1857,1850,-7
16150.jpg,1857,1900,43
16155.jpg,1857,1800,-57
16160.jpg,1857,1900,43
16165.jpg,1857,1900,43
16170.jpg,1857,1900,43
16175.jpg,1857,2000,143
16180.jpg,1857,1900,43
16185.jpg,1857,1900,43
16190.jpg,1857,1900,43
16195.jpg,1857,1900,43
16200.jpg,1857,1900,43
16205.jpg,1857,2000,143
16210.jpg,1857,1850,-7
16215.jpg,1857,1900,43
16220.jpg,1857,1850,-7
16225.jpg,1857,1800,-57
16230.jpg,1857,1900,43
16235.jpg,1858,1850,-8
16240.jpg,1858,1900,42
16245.jpg,1858,1900,42
16250.jpg,1858,1900,42
16255.jpg,1858,1900,42
16260.jpg,1858,1900,42
16265.jpg,1858,1850,-8
16270.jpg,1858,1900,42
16275.jpg,1858,1900,42
16280.jpg,1858,1900,42
16285.jpg,1858,1900,42
16290.jpg,1858,1900,42
16295.jpg,1858,1900,42
16300.jpg,1858,1900,42
16305.jpg,1858,1900,42
16310.jpg,1858,1850,-8
16315.jpg,1858,1800,-58
16320.jpg,1858,1900,42
16325.jpg,1858,1900,42
16330.jpg,1858,1900,42
16335.jpg,1858,1890,32
16340.jpg,1858,1850,-8
16345.jpg,1858,1900,42
16350.jpg,1858,1900,42
16355.jpg,1858,1900,42
16360.jpg,1858,1900,42
16365.jpg,1858,1900,42
16370.jpg,1858,1900,42
16375.jpg,1858,1900,42
16380.jpg,1858,1900,42
16385.jpg,1858,1900,42
16390.jpg,1858,1800,-58
16395.jpg,1858,1850,-8
16400.jpg,1858,1850,-8
16405.jpg,1858,1900,42
16410.jpg,1858,1850,-8
16415.jpg,1858,1900,42
16420.jpg,1858,1850,-8
16425.jpg,1858,1900,42
16430.jpg,1858,1900,42
16435.jpg,1858,1900,42
16440.jpg,1858,1820,-38
16445.jpg,1858,1800,-58
16450.jpg,1858,1800,-58
16455.jpg,1858,1800,-58
16460.jpg,1858,1900,42
16465.jpg,1858,1450,-408
16470.jpg,1858,1900,42
16475.jpg,1858,1820,-38
16480.jpg,1858,1900,42
16485.jpg,1858,1900,42
16490.jpg,1859,1600,-259
16495.jpg,1859,1890,31
16505.jpg,1859,1859,0
16510.jpg,1859,1900,41
16515.jpg,1859,1880,21
16520.jpg,1859,1900,41
16525.jpg,1859,1900,41
16530.jpg,1859,1900,41
16535.jpg,1859,1900,41
16540.jpg,1859,1820,-39
16545.jpg,1859,1900,41
16550.jpg,1859,1872,13
16555.jpg,1859,1900,41
16560.jpg,1859,1900,41
16565.jpg,1859,1800,-59
16570.jpg,1859,1900,41
16575.jpg,1859,1900,41
16580.jpg,1859,1850,-9
16585.jpg,1859,1800,-59
16590.jpg,1859,1850,-9
16595.jpg,1859,1890,31
16600.jpg,1859,1800,-59
16605.jpg,1859,1900,41
16610.jpg,1859,1850,-9
16615.jpg,1859,1907,48
16620.jpg,1859,1900,41
16625.jpg,1859,1900,41
16630.jpg,1859,1900,41
16635.jpg,1859,1850,-9
16640.jpg,1859,1900,41
16645.jpg,1859,1850,-9
16650.jpg,1859,1850,-9
16655.jpg,1859,1900,41
16660.jpg,1859,1900,41
16665.jpg,1859,1950,91
16670.jpg,1859,1900,41
16675.jpg,1859,1800,-59
16680.jpg,1859,1850,-9
16685.jpg,1859,1900,41
16690.jpg,1859,1676,-183
16695.jpg,1859,1900,41
16700.jpg,1859,1900,41
16705.jpg,1859,1850,-9
16710.jpg,1859,1900,41
16715.jpg,1859,1827,-32
16720.jpg,1859,1900,41
16725.jpg,1859,1890,31
16730.jpg,1859,1900,41
16735.jpg,1860,1800,-60
16740.jpg,1860,1900,40
16745.jpg,1860,1850,-10
16750.jpg,1860,1900,40
16755.jpg,1860,1900,40
16760.jpg,1860,1900,40
16765.jpg,1860,1900,40
16770.jpg,1860,1900,40
16775.jpg,1860,1900,40
16785.jpg,1860,1900,40
16790.jpg,1860,1900,40
16795.jpg,1860,1850,-10
16800.jpg,1860,1900,40
16805.jpg,1860,1900,40
16810.jpg,1860,1900,40
16815.jpg,1860,1850,-10
16820.jpg,1860,1850,-10
16825.jpg,1860,1900,40
16830.jpg,1860,1850,-10
16835.jpg,1860,1900,40
16840.jpg,1860,1800,-60
16845.jpg,1860,1900,40
16850.jpg,1860,1900,40
16855.jpg,1860,1900,40
16860.jpg,1860,1800,-60
16865.jpg,1860,1900,40
16870.jpg,1860,1800,-60
16875.jpg,1860,1900,40
16880.jpg,1860,1900,40
16885.jpg,1860,1850,-10
16890.jpg,1860,1600,-260
16895.jpg,1860,1900,40
16900.jpg,1860,1900,40
16905.jpg,1860,1900,40
16910.jpg,1860,1850,-10
16915.jpg,1860,1900,40
16920.jpg,1860,1300,-560
16925.jpg,1860,1900,40
16930.jpg,1860,1880,20
16935.jpg,1860,1850,-10
16940.jpg,1860,1850,-10
16945.jpg,1860,1900,40
16950.jpg,1860,1850,-10
16955.jpg,1860,1800,-60
16960.jpg,1860,1800,-60
16965.jpg,1860,1900,40
16970.jpg,1860,1900,40
16975.jpg,1860,1800,-60
16980.jpg,1860,1886,26
16985.jpg,1860,1900,40
16990.jpg,1860,1800,-60
16995.jpg,1860,1800,-60
17000.jpg,1860,1950,90
17005.jpg,1861,1900,39
17010.jpg,1861,1900,39
17015.jpg,1861,1900,39
17025.jpg,1861,1900,39
17030.jpg,1861,1900,39
17035.jpg,1861,1900,39
17040.jpg,1861,1900,39
17045.jpg,1861,1700,-161
17050.jpg,1861,1900,39
17055.jpg,1861,1850,-11
17060.jpg,1861,1900,39
17065.jpg,1861,1900,39
17070.jpg,1861,1850,-11
17075.jpg,1861,1880,19
17080.jpg,1861,1890,29
17085.jpg,1861,1900,39
17090.jpg,1861,1850,-11
17095.jpg,1861,1850,-11
17100.jpg,1861,1900,39
17105.jpg,1861,1850,-11
17110.jpg,1861,1850,-11
17115.jpg,1861,1850,-11
17120.jpg,1861,1900,39
17125.jpg,1861,1800,-61
17130.jpg,1861,1850,-11
17135.jpg,1861,1450,-411
17140.jpg,1861,1850,-11
17145.jpg,1861,1900,39
17150.jpg,1861,1827,-34
17155.jpg,1861,1900,39
17160.jpg,1861,1900,39
17165.jpg,1861,1900,39
17170.jpg,1861,1800,-61
17175.jpg,1862,1800,-62
17180.jpg,1862,1889,27
17185.jpg,1862,1863,1
17190.jpg,1862,1900,38
17195.jpg,1862,2000,138
17200.jpg,1862,1870,8
17205.jpg,1862,1950,88
17210.jpg,1862,1900,38
17215.jpg,1862,1850,-12
17220.jpg,1862,1900,38
17225.jpg,1862,1900,38
17230.jpg,1862,1900,38
17235.jpg,1862,1850,-12
17240.jpg,1862,1850,-12
17245.jpg,1862,1850,-12
17250.jpg,1862,1900,38
17255.jpg,1862,1900,38
17260.jpg,1862,1850,-12
17265.jpg,1862,1850,-12
17270.jpg,1862,1900,38
17275.jpg,1862,1900,38
17280.jpg,1862,1850,-12
17285.jpg,1862,1900,38
17290.jpg,1862,1900,38
17295.jpg,1862,1980,118
17300.jpg,1862,1900,38
17305.jpg,1862,1900,38
17310.jpg,1862,1990,128
17315.jpg,1862,1900,38
17320.jpg,1862,1900,38
17325.jpg,1863,1900,37
17330.jpg,1863,1850,-13
17340.jpg,1863,1900,37
17345.jpg,1863,1900,37
17350.jpg,1863,1800,-63
17355.jpg,1863,1900,37
17365.jpg,1863,1800,-63
17370.jpg,1863,1900,37
17375.jpg,1863,1900,37
17380.jpg,1863,1900,37
17385.jpg,1863,1900,37
17390.jpg,1863,1900,37
17395.jpg,1863,1850,-13
17400.jpg,1863,1900,37
17405.jpg,1863,1900,37
17410.jpg,1863,1900,37
17415.jpg,1863,1850,-13
17420.jpg,1863,1900,37
17425.jpg,1863,1900,37
17430.jpg,1863,1900,37
17435.jpg,1863,1950,87
17440.jpg,1863,1820,-43
17445.jpg,1863,1900,37
17450.jpg,1863,1900,37
17455.jpg,1863,1890,27
17460.jpg,1863,1900,37
17465.jpg,1863,1900,37
17470.jpg,1863,1850,-13
17475.jpg,1863,1900,37
17480.jpg,1863,1900,37
17485.jpg,1864,1900,36
17490.jpg,1864,1900,36
17495.jpg,1864,1900,36
17500.jpg,1864,1900,36
17505.jpg,1864,1900,36
17510.jpg,1864,1900,36
17515.jpg,1864,1850,-14
17520.jpg,1864,1819,-45
17525.jpg,1864,1600,-264
17530.jpg,1864,1850,-14
17535.jpg,1864,2000,136
17540.jpg,1864,1900,36
17545.jpg,1864,1900,36
17550.jpg,1864,1850,-14
17555.jpg,1864,1900,36
17560.jpg,1864,1900,36
17565.jpg,1864,1900,36
17575.jpg,1864,1850,-14
17580.jpg,1864,1850,-14
17585.jpg,1864,1900,36
17590.jpg,1864,1960,96
17595.jpg,1864,1850,-14
17600.jpg,1864,1850,-14
17605.jpg,1864,1900,36
17610.jpg,1864,1850,-14
17615.jpg,1864,1900,36
17620.jpg,1864,1850,-14
17625.jpg,1864,1900,36
17630.jpg,1864,1900,36
17635.jpg,1864,1600,-264
17640.jpg,1864,1900,36
17645.jpg,1864,1900,36
17650.jpg,1864,1900,36
17655.jpg,1864,1900,36
17660.jpg,1865,1879,14
17665.jpg,1865,1800,-65
17670.jpg,1865,1900,35
17675.jpg,1865,1900,35
17680.jpg,1865,1850,-15
17690.jpg,1865,1900,35
17695.jpg,1865,1800,-65
17700.jpg,1865,1920,55
17705.jpg,1865,1900,35
17710.jpg,1865,1300,-565
17715.jpg,1865,1850,-15
17720.jpg,1865,1900,35
17725.jpg,1865,1880,15
17730.jpg,1865,1900,35
17735.jpg,1865,1750,-115
17745.jpg,1865,1900,35
17750.jpg,1865,1850,-15
17755.jpg,1865,1850,-15
17760.jpg,1865,1900,35
17765.jpg,1865,1900,35
17770.jpg,1865,1900,35
17775.jpg,1865,1820,-45
17780.jpg,1865,1850,-15
17785.jpg,1865,1900,35
17790.jpg,1865,2000,135
17795.jpg,1865,1900,35
17800.jpg,1865,1900,35
17805.jpg,1865,1850,-15
17810.jpg,1865,1850,-15
17815.jpg,1865,1900,35
17820.jpg,1865,1900,35
17825.jpg,1865,1850,-15
17830.jpg,1865,1850,-15
17835.jpg,1865,1800,-65
17840.jpg,1865,1900,35
17845.jpg,1865,1850,-15
17850.jpg,1865,1500,-365
17855.jpg,1865,1850,-15
17860.jpg,1865,1900,35
17865.jpg,1865,1800,-65
17870.jpg,1865,1890,25
17875.jpg,1865,1800,-65
17880.jpg,1865,1850,-15
17885.jpg,1865,1900,35
17890.jpg,1865,1900,35
17895.jpg,1865,1800,-65
17900.jpg,1865,1900,35
17905.jpg,1865,1820,-45
17910.jpg,1865,1500,-365
17915.jpg,1865,1900,35
17920.jpg,1865,1900,35
17930.jpg,1865,1900,35
17935.jpg,1866,1800,-66
17940.jpg,1866,1900,34
17945.jpg,1866,1900,34
17950.jpg,1866,1850,-16
17955.jpg,1866,1900,34
17960.jpg,1866,1800,-66
17965.jpg,1866,1880,14
17970.jpg,1866,1850,-16
17975.jpg,1866,1900,34
17980.jpg,1866,1900,34
17985.jpg,1866,1900,34
17990.jpg,1866,1850,-16
17995.jpg,1866,1900,34
18000.jpg,1866,1900,34
18005.jpg,1866,1900,34
18010.jpg,1866,1900,34
18015.jpg,1866,1900,34
18020.jpg,1866,2000,134
18025.jpg,1866,1900,34
18030.jpg,1866,1850,-16
18035.jpg,1866,1850,-16
18040.jpg,1866,1900,34
18045.jpg,1866,1900,34
18050.jpg,1866,1800,-66
18055.jpg,1866,1900,34
18060.jpg,1866,1980,114
18065.jpg,1866,1800,-66
18070.jpg,1866,1850,-16
18075.jpg,1866,1850,-16
18080.jpg,1866,1820,-46
18085.jpg,1866,1900,34
18090.jpg,1866,1950,84
18095.jpg,1866,1800,-66
18100.jpg,1866,1900,34
18105.jpg,1866,1900,34
18110.jpg,1866,1900,34
18115.jpg,1866,1900,34
18120.jpg,1866,1900,34
18125.jpg,1866,1900,34
18130.jpg,1866,1900,34
18135.jpg,1867,1800,-67
18140.jpg,1867,1900,33
18145.jpg,1867,1900,33
18160.jpg,1867,1900,33
18165.jpg,1867,1900,33
18170.jpg,1867,1900,33
18175.jpg,1867,1900,33
18180.jpg,1867,1900,33
18185.jpg,1867,1800,-67
18190.jpg,1867,1900,33
18195.jpg,1867,1900,33
18200.jpg,1867,1900,33
18205.jpg,1867,1900,33
18210.jpg,1867,1900,33
18215.jpg,1867,1900,33
18220.jpg,1867,1850,-17
18225.jpg,1867,1850,-17
18230.jpg,1867,1900,33
18235.jpg,1867,1900,33
18240.jpg,1867,1900,33
18245.jpg,1867,1900,33
18250.jpg,1867,1900,33
18255.jpg,1867,1900,33
18260.jpg,1867,1850,-17
18265.jpg,1867,1900,33
18270.jpg,1867,1700,-167
18275.jpg,1867,1900,33
18280.jpg,1867,1900,33
18285.jpg,1867,1900,33
18290.jpg,1867,1850,-17
18295.jpg,1867,1900,33
18300.jpg,1867,1900,33
18305.jpg,1867,1850,-17
18310.jpg,1867,1900,33
18315.jpg,1867,1850,-17
18320.jpg,1867,1850,-17
18325.jpg,1867,1850,-17
18330.jpg,1867,1890,23
18335.jpg,1867,1900,33
18340.jpg,1867,1900,33
18345.jpg,1867,1900,33
18350.jpg,1867,1450,-417
18355.jpg,1867,1900,33
18360.jpg,1867,1900,33
18365.jpg,1868,1850,-18
18370.jpg,1868,1850,-18
18380.jpg,1868,1900,32
18385.jpg,1868,1890,22
18390.jpg,1868,1900,32
18395.jpg,1868,1900,32
18400.jpg,1868,1900,32
18405.jpg,1868,1850,-18
18410.jpg,1868,1800,-68
18415.jpg,1868,1800,-68
18420.jpg,1868,1850,-18
18425.jpg,1868,1880,12
18430.jpg,1868,2000,132
18450.jpg,1868,1900,32
18455.jpg,1868,1800,-68
18460.jpg,1868,1900,32
18465.jpg,1868,1900,32
18470.jpg,1868,1900,32
18475.jpg,1868,1900,32
18480.jpg,1868,1850,-18
18485.jpg,1868,1900,32
18490.jpg,1868,1880,12
18495.jpg,1868,1900,32
18500.jpg,1868,1800,-68
18505.jpg,1868,1850,-18
18510.jpg,1868,1850,-18
18515.jpg,1868,1900,32
18520.jpg,1868,1900,32
18525.jpg,1868,1850,-18
18530.jpg,1868,1800,-68
18535.jpg,1868,1850,-18
18540.jpg,1868,1850,-18
18545.jpg,1868,1850,-18
18550.jpg,1868,1880,12
18555.jpg,1868,1850,-18
18560.jpg,1868,1900,32
18565.jpg,1868,1900,32
18570.jpg,1868,1890,22
18575.jpg,1868,1880,12
18580.jpg,1868,1950,82
18585.jpg,1868,2000,132
18590.jpg,1868,1900,32
18595.jpg,1868,1900,32
18600.jpg,1868,1700,-168
18605.jpg,1868,1900,32
18610.jpg,1868,1850,-18
18615.jpg,1868,1850,-18
18620.jpg,1869,1900,31
18625.jpg,1869,1868,-1
18630.jpg,1869,1900,31
18635.jpg,1869,1880,11
18640.jpg,1869,1900,31
18645.jpg,1869,1900,31
18650.jpg,1869,1900,31
18655.jpg,1869,1750,-119
18660.jpg,1869,1900,31
18665.jpg,1869,1900,31
18670.jpg,1869,1800,-69
18675.jpg,1869,1900,31
18680.jpg,1869,1850,-19
18685.jpg,1869,1900,31
18690.jpg,1869,1850,-19
18695.jpg,1869,1800,-69
18700.jpg,1869,1850,-19
18710.jpg,1869,1900,31
18715.jpg,1869,1900,31
18720.jpg,1869,1890,21
18725.jpg,1869,1900,31
18730.jpg,1869,1850,-19
18735.jpg,1869,1900,31
18740.jpg,1869,1850,-19
18745.jpg,1869,1880,11
18750.jpg,1869,1880,11
18755.jpg,1869,1900,31
18760.jpg,1869,1850,-19
18765.jpg,1869,1850,-19
18770.jpg,1869,1900,31
18775.jpg,1869,1890,21
18780.jpg,1869,1900,31
18785.jpg,1869,1850,-19
18790.jpg,1869,1890,21
18795.jpg,1869,1850,-19
18800.jpg,1869,1900,31
18805.jpg,1869,1900,31
18810.jpg,1869,1900,31
18815.jpg,1869,1890,21
18820.jpg,1869,1930,61
18825.jpg,1869,1900,31
18830.jpg,1869,1900,31
18835.jpg,1869,1900,31
18840.jpg,1870,1300,-570
18845.jpg,1870,1750,-120
18850.jpg,1870,1900,30
18855.jpg,1870,1900,30
18860.jpg,1870,1900,30
18865.jpg,1870,1900,30
18870.jpg,1870,1900,30
18875.jpg,1870,1900,30
18880.jpg,1870,1900,30
18885.jpg,1870,1850,-20
18895.jpg,1870,1850,-20
18900.jpg,1870,1900,30
18905.jpg,1870,1900,30
18910.jpg,1870,1950,80
18915.jpg,1870,1900,30
18920.jpg,1870,1900,30
18925.jpg,1870,1900,30
18930.jpg,1870,1900,30
18935.jpg,1870,1900,30
18940.jpg,1870,1900,30
18945.jpg,1870,1990,120
18950.jpg,1870,1820,-50
18955.jpg,1870,1900,30
18960.jpg,1870,1900,30
18965.jpg,1870,1900,30
18970.jpg,1870,1850,-20
18980.jpg,1870,1900,30
18985.jpg,1870,1900,30
18990.jpg,1870,1800,-70
18995.jpg,1870,1890,20
19000.jpg,1870,1850,-20
19005.jpg,1870,1900,30
19010.jpg,1870,1800,-70
19015.jpg,1870,1850,-20
19020.jpg,1870,1700,-170
19025.jpg,1870,1850,-20
19030.jpg,1870,1900,30
19035.jpg,1870,1900,30
19040.jpg,1870,1900,30
19045.jpg,1870,1900,30
19050.jpg,1870,1850,-20
19055.jpg,1870,1900,30
19060.jpg,1870,1900,30
19065.jpg,1870,1900,30
19070.jpg,1870,1900,30
19075.jpg,1870,1900,30
19080.jpg,1870,1900,30
19085.jpg,1870,1870,0
19090.jpg,1870,1900,30
19100.jpg,1870,1900,30
19105.jpg,1870,1900,30
19110.jpg,1870,1900,30
19115.jpg,1870,1900,30
19120.jpg,1870,1900,30
19125.jpg,1870,1900,30
19130.jpg,1870,1900,30
19135.jpg,1870,1900,30
19140.jpg,1870,1900,30
19145.jpg,1871,1600,-271
19150.jpg,1871,1900,29
19155.jpg,1871,1900,29
19160.jpg,1871,1900,29
19165.jpg,1871,1900,29
19170.jpg,1871,1800,-71
19175.jpg,1871,1900,29
19180.jpg,1871,1900,29
19185.jpg,1871,1880,9
19190.jpg,1871,1850,-21
19195.jpg,1871,1900,29
19200.jpg,1871,1900,29
19205.jpg,1871,1980,109
19210.jpg,1871,1900,29
19215.jpg,1871,1900,29
19220.jpg,1871,1950,79
19225.jpg,1871,1900,29
19230.jpg,1871,1900,29
19235.jpg,1871,1900,29
19240.jpg,1871,1900,29
19245.jpg,1871,1900,29
19250.jpg,1871,1890,19
19255.jpg,1871,1850,-21
19260.jpg,1871,1900,29
19265.jpg,1871,1700,-171
19270.jpg,1871,1850,-21
19275.jpg,1871,1900,29
19280.jpg,1871,1950,79
19285.jpg,1871,1900,29
19290.jpg,1871,1850,-21
19295.jpg,1871,1900,29
19300.jpg,1871,1850,-21
19305.jpg,1871,2000,129
19310.jpg,1871,1900,29
19315.jpg,1871,1900,29
19320.jpg,1871,1880,9
19325.jpg,1871,1900,29
19330.jpg,1871,1890,19
19335.jpg,1871,1890,19
19340.jpg,1871,1850,-21
19345.jpg,1871,1880,9
19350.jpg,1871,1700,-171
19355.jpg,1871,1890,19
19360.jpg,1871,1900,29
19365.jpg,1871,1900,29
19370.jpg,1871,1900,29
19375.jpg,1871,1450,-421
19380.jpg,1871,1900,29
19385.jpg,1871,1900,29
19390.jpg,1871,1900,29
19395.jpg,1872,1870,-2
19400.jpg,1872,1900,28
19405.jpg,1872,1890,18
19410.jpg,1872,1900,28
19415.jpg,1872,1850,-22
19420.jpg,1872,1700,-172
19425.jpg,1872,1980,108
19430.jpg,1872,1900,28
19435.jpg,1872,1900,28
19440.jpg,1872,1880,8
19445.jpg,1872,1900,28
19450.jpg,1872,1700,-172
19455.jpg,1872,1880,8
19460.jpg,1872,1900,28
19465.jpg,1872,1880,8
19470.jpg,1872,1900,28
19475.jpg,1872,1880,8
19480.jpg,1872,1900,28
19485.jpg,1872,1950,78
19490.jpg,1872,1870,-2
19495.jpg,1872,1880,8
19500.jpg,1872,1890,18
19505.jpg,1872,1900,28
19510.jpg,1872,1900,28
19515.jpg,1872,1850,-22
19520.jpg,1872,1900,28
19525.jpg,1872,1900,28
19530.jpg,1872,1890,18
19535.jpg,1872,1900,28
19540.jpg,1872,1950,78
19545.jpg,1872,1900,28
19550.jpg,1872,1900,28
19555.jpg,1872,1880,8
19560.jpg,1872,1880,8
19565.jpg,1872,1800,-72
19570.jpg,1872,1890,18
19575.jpg,1872,1800,-72
19580.jpg,1872,1900,28
19585.jpg,1872,1800,-72
19590.jpg,1872,1900,28
19595.jpg,1872,1900,28
19600.jpg,1872,1820,-52
19605.jpg,1872,1880,8
19610.jpg,1872,1850,-22
19615.jpg,1872,1900,28
19620.jpg,1872,1900,28
19625.jpg,1872,1850,-22
19630.jpg,1872,1900,28
19635.jpg,1872,1905,33
19640.jpg,1872,1900,28
19645.jpg,1872,1900,28
19655.jpg,1873,1700,-173
19660.jpg,1873,1900,27
19665.jpg,1873,1900,27
19670.jpg,1873,1880,7
19675.jpg,1873,1900,27
19680.jpg,1873,1850,-23
19685.jpg,1873,1900,27
19690.jpg,1873,1950,77
19695.jpg,1873,1900,27
19700.jpg,1873,1850,-23
19705.jpg,1873,1900,27
19710.jpg,1873,1920,47
19715.jpg,1873,1900,27
19720.jpg,1873,1900,27
19725.jpg,1873,1900,27
19730.jpg,1873,1880,7
19735.jpg,1873,1900,27
19740.jpg,1873,1900,27
19745.jpg,1873,1850,-23
19750.jpg,1873,1900,27
19755.jpg,1873,1900,27
19760.jpg,1873,1850,-23
19765.jpg,1873,1900,27
19775.jpg,1873,1600,-273
19780.jpg,1873,1850,-23
19785.jpg,1873,1900,27
19790.jpg,1873,1900,27
19795.jpg,1873,1890,17
19800.jpg,1873,1800,-73
19805.jpg,1873,1850,-23
19810.jpg,1873,1850,-23
19815.jpg,1873,1890,17
19820.jpg,1873,1890,17
19825.jpg,1873,1900,27
19830.jpg,1873,1890,17
19835.jpg,1873,1800,-73
19840.jpg,1873,1900,27
19845.jpg,1873,2000,127
19850.jpg,1873,1890,17
19855.jpg,1873,1850,-23
19860.jpg,1873,1900,27
19865.jpg,1873,1890,17
19870.jpg,1873,1900,27
19875.jpg,1873,1900,27
19880.jpg,1873,1880,7
19885.jpg,1873,1900,27
19890.jpg,1873,1900,27
19895.jpg,1873,1950,77
19900.jpg,1873,1900,27
19905.jpg,1873,1711,-162
19910.jpg,1873,1900,27
19915.jpg,1874,1880,6
19920.jpg,1874,1900,26
19925.jpg,1874,1900,26
19930.jpg,1874,1900,26
19935.jpg,1874,1900,26
19945.jpg,1874,1850,-24
19950.jpg,1874,1900,26
19955.jpg,1874,1900,26
19965.jpg,1874,1900,26
19970.jpg,1874,1850,-24
19975.jpg,1874,1700,-174
19980.jpg,1874,1890,16
19985.jpg,1874,1900,26
19990.jpg,1874,1924,50
19995.jpg,1874,1900,26
20000.jpg,1874,1950,76
20005.jpg,1874,1950,76
20010.jpg,1874,1900,26
20015.jpg,1874,1850,-24
20020.jpg,1874,1900,26
20025.jpg,1874,1900,26
20030.jpg,1874,1900,26
20035.jpg,1874,1900,26
20040.jpg,1874,1900,26
20045.jpg,1874,1900,26
20050.jpg,1874,1850,-24
20055.jpg,1874,1850,-24
20060.jpg,1874,1890,16
20065.jpg,1874,1850,-24
20070.jpg,1874,1900,26
20075.jpg,1874,1890,16
20080.jpg,1874,1800,-74
20085.jpg,1874,1850,-24
20090.jpg,1874,1800,-74
20095.jpg,1874,1900,26
20100.jpg,1874,1900,26
20110.jpg,1874,1850,-24
20115.jpg,1874,1850,-24
20120.jpg,1874,1900,26
20125.jpg,1874,1900,26
20130.jpg,1874,1900,26
20135.jpg,1874,1850,-24
20145.jpg,1874,1850,-24
20150.jpg,1874,1900,26
20155.jpg,1874,1900,26
20160.jpg,1874,1900,26
20165.jpg,1874,1890,16
20170.jpg,1874,1900,26
20175.jpg,1874,1900,26
20180.jpg,1874,1700,-174
20185.jpg,1874,1900,26
20190.jpg,1874,1900,26
20195.jpg,1874,1800,-74
20205.jpg,1874,1800,-74
20210.jpg,1875,1890,15
20215.jpg,1875,1900,25
20220.jpg,1875,1850,-25
20230.jpg,1875,1900,25
20235.jpg,1875,1800,-75
20240.jpg,1875,1850,-25
20245.jpg,1875,1900,25
20250.jpg,1875,1900,25
20255.jpg,1875,1900,25
20260.jpg,1875,1900,25
20265.jpg,1875,1600,-275
20270.jpg,1875,1900,25
20275.jpg,1875,1900,25
20280.jpg,1875,1920,45
20285.jpg,1875,1900,25
20295.jpg,1875,1900,25
20300.jpg,1875,1850,-25
20305.jpg,1875,1850,-25
20310.jpg,1875,1900,25
20315.jpg,1875,1900,25
20320.jpg,1875,1900,25
20325.jpg,1875,1900,25
20330.jpg,1875,1900,25
20335.jpg,1875,1850,-25
20340.jpg,1875,1900,25
20345.jpg,1875,1900,25
20350.jpg,1875,1900,25
20355.jpg,1875,1900,25
20360.jpg,1875,1900,25
20365.jpg,1875,1890,15
20370.jpg,1875,1800,-75
20375.jpg,1875,1850,-25
20380.jpg,1875,1890,15
20385.jpg,1875,1900,25
20390.jpg,1875,1900,25
20395.jpg,1875,1850,-25
20400.jpg,1875,1900,25
20405.jpg,1875,1900,25
20410.jpg,1875,1900,25
20415.jpg,1875,1875,0
20420.jpg,1875,1850,-25
20425.jpg,1875,1700,-175
20430.jpg,1875,1900,25
20435.jpg,1875,1450,-425
20440.jpg,1875,1900,25
20445.jpg,1875,1850,-25
20450.jpg,1875,1900,25
20455.jpg,1875,1850,-25
20460.jpg,1875,1900,25
20465.jpg,1875,1900,25
20470.jpg,1875,1850,-25
20480.jpg,1875,1900,25
20485.jpg,1875,1900,25
20490.jpg,1875,1850,-25
20495.jpg,1875,1880,5
20500.jpg,1876,1200,-676
20505.jpg,1876,1900,24
20510.jpg,1876,1850,-26
20515.jpg,1876,1850,-26
20520.jpg,1876,1900,24
20525.jpg,1876,1900,24
20530.jpg,1876,1950,74
20540.jpg,1876,2000,124
20545.jpg,1876,1890,14
20550.jpg,1876,1900,24
20555.jpg,1876,1900,24
20560.jpg,1876,1600,-276
20565.jpg,1876,1900,24
20570.jpg,1876,1900,24
20575.jpg,1876,1900,24
20580.jpg,1876,1850,-26
20585.jpg,1876,1850,-26
20590.jpg,1876,1850,-26
20595.jpg,1876,1900,24
20600.jpg,1876,1900,24
20605.jpg,1876,1800,-76
20610.jpg,1876,1850,-26
20615.jpg,1876,1900,24
20620.jpg,1876,1880,4
20625.jpg,1876,1900,24
20630.jpg,1876,1900,24
20635.jpg,1876,1890,14
20640.jpg,1876,2000,124
20645.jpg,1876,1900,24
20650.jpg,1876,1900,24
20655.jpg,1876,1890,14
20660.jpg,1876,1890,14
20665.jpg,1876,1880,4
20670.jpg,1876,1900,24
20675.jpg,1876,1850,-26
20680.jpg,1876,1850,-26
20685.jpg,1876,1900,24
20690.jpg,1876,1900,24
20695.jpg,1876,1900,24
20700.jpg,1876,1890,14
20705.jpg,1876,1890,14
20715.jpg,1876,1900,24
20720.jpg,1876,1850,-26
20725.jpg,1876,1890,14
20730.jpg,1877,1900,23
20735.jpg,1877,1850,-27
20740.jpg,1877,1900,23
20745.jpg,1877,1850,-27
20750.jpg,1877,1900,23
20755.jpg,1877,1900,23
20760.jpg,1877,1900,23
20765.jpg,1877,1300,-577
20770.jpg,1877,1900,23
20775.jpg,1877,1880,3
20780.jpg,1877,1900,23
20785.jpg,1877,1900,23
20790.jpg,1877,1900,23
20795.jpg,1877,1900,23
20800.jpg,1877,1900,23
20805.jpg,1877,1900,23
20810.jpg,1877,1900,23
20815.jpg,1877,1850,-27
20820.jpg,1877,1900,23
20830.jpg,1877,1900,23
20835.jpg,1877,1820,-57
20840.jpg,1877,1890,13
20845.jpg,1877,1900,23
20850.jpg,1877,1880,3
20855.jpg,1877,1900,23
20860.jpg,1877,1700,-177
20865.jpg,1877,1900,23
20870.jpg,1877,1900,23
20875.jpg,1877,1900,23
20880.jpg,1877,1900,23
20885.jpg,1877,1890,13
20890.jpg,1877,1850,-27
20895.jpg,1877,1900,23
20900.jpg,1877,1895,18
20905.jpg,1877,1850,-27
20910.jpg,1877,1890,13
20915.jpg,1877,1900,23
20925.jpg,1878,1800,-78
20930.jpg,1878,1900,22
20935.jpg,1878,1900,22
20940.jpg,1878,1900,22
20945.jpg,1878,1900,22
20950.jpg,1878,1900,22
20955.jpg,1878,1880,2
20960.jpg,1878,1900,22
20965.jpg,1878,2000,122
20970.jpg,1878,1900,22
20975.jpg,1878,1900,22
20980.jpg,1878,1900,22
20985.jpg,1878,1900,22
20990.jpg,1878,1900,22
20995.jpg,1878,1850,-28
21000.jpg,1878,1900,22
21005.jpg,1878,1850,-28
21010.jpg,1878,1850,-28
21015.jpg,1878,1900,22
21020.jpg,1878,1850,-28
21025.jpg,1878,1900,22
21030.jpg,1878,1900,22
21035.jpg,1878,1800,-78
21040.jpg,1878,1850,-28
21045.jpg,1878,1875,-3
21050.jpg,1878,1900,22
21055.jpg,1878,1900,22
21060.jpg,1878,1800,-78
21065.jpg,1878,1900,22
21070.jpg,1878,1900,22
21075.jpg,1878,1850,-28
21080.jpg,1878,1880,2
21085.jpg,1878,1890,12
21090.jpg,1878,2000,122
21095.jpg,1878,1880,2
21100.jpg,1878,1890,12
21105.jpg,1878,1900,22
21110.jpg,1878,1890,12
21115.jpg,1878,1820,-58
21120.jpg,1878,1900,22
21125.jpg,1878,2010,132
21130.jpg,1878,1950,72
21135.jpg,1878,1880,2
21140.jpg,1878,1880,2
21145.jpg,1878,1900,22
21150.jpg,1878,1900,22
21155.jpg,1878,1900,22
21160.jpg,1879,1980,101
21165.jpg,1879,1900,21
21170.jpg,1879,1900,21
21175.jpg,1879,1900,21
21180.jpg,1879,1900,21
21185.jpg,1879,1900,21
21190.jpg,1879,1900,21
21195.jpg,1879,1850,-29
21200.jpg,1879,1850,-29
21205.jpg,1879,1900,21
21210.jpg,1879,1900,21
21215.jpg,1879,1900,21
21220.jpg,1879,1850,-29
21225.jpg,1879,1900,21
21230.jpg,1879,1900,21
21235.jpg,1879,1900,21
21240.jpg,1879,1880,1
21245.jpg,1879,1850,-29
21250.jpg,1879,1850,-29
21255.jpg,1879,1850,-29
21260.jpg,1879,1890,11
21265.jpg,1879,1890,11
21270.jpg,1879,1900,21
21275.jpg,1879,1900,21
21280.jpg,1879,1850,-29
21285.jpg,1879,1880,1
21290.jpg,1879,1900,21
21295.jpg,1879,1900,21
21300.jpg,1879,1900,21
21305.jpg,1879,1850,-29
21310.jpg,1879,1880,1
21315.jpg,1879,1900,21
21320.jpg,1879,1900,21
21325.jpg,1879,1880,1
21330.jpg,1879,1900,21
21335.jpg,1879,1900,21
21340.jpg,1879,1900,21
21350.jpg,1879,1900,21
21355.jpg,1879,1900,21
21360.jpg,1879,1900,21
21365.jpg,1879,1900,21
21370.jpg,1879,1880,1
21375.jpg,1880,1850,-30
21380.jpg,1880,1900,20
21385.jpg,1880,1880,0
21390.jpg,1880,1900,20
21395.jpg,1880,1900,20
21400.jpg,1880,1900,20
21405.jpg,1880,1880,0
21410.jpg,1880,1900,20
21415.jpg,1880,1900,20
21420.jpg,1880,1900,20
21425.jpg,1880,1880,0
21430.jpg,1880,1850,-30
21435.jpg,1880,1900,20
21440.jpg,1880,1900,20
21445.jpg,1880,1900,20
21450.jpg,1880,1750,-130
21455.jpg,1880,1900,20
21460.jpg,1880,1900,20
21465.jpg,1880,1880,0
21470.jpg,1880,1850,-30
21475.jpg,1880,1900,20
21480.jpg,1880,1900,20
21485.jpg,1880,1900,20
21490.jpg,1880,1900,20
21495.jpg,1880,1850,-30
21500.jpg,1880,1820,-60
21505.jpg,1880,1900,20
21510.jpg,1880,1950,70
21515.jpg,1880,1850,-30
21520.jpg,1880,1800,-80
21530.jpg,1880,1980,100
21535.jpg,1880,1850,-30
21540.jpg,1880,1900,20
21545.jpg,1880,1900,20
21550.jpg,1880,1900,20
21555.jpg,1880,1850,-30
21560.jpg,1880,1900,20
21565.jpg,1880,1850,-30
21570.jpg,1880,1900,20
21575.jpg,1880,1900,20
21580.jpg,1880,1850,-30
21585.jpg,1880,1900,20
21590.jpg,1880,1900,20
21595.jpg,1880,1900,20
21600.jpg,1880,1900,20
21605.jpg,1880,1900,20
21610.jpg,1880,1880,0
21615.jpg,1880,1900,20
21620.jpg,1880,1900,20
21625.jpg,1880,1890,10
21630.jpg,1880,1880,0
21635.jpg,1880,1850,-30
21640.jpg,1880,1880,0
21645.jpg,1880,1900,20
21650.jpg,1880,1900,20
21655.jpg,1880,1900,20
21660.jpg,1880,1900,20
21665.jpg,1880,1800,-80
21670.jpg,1880,1850,-30
21675.jpg,1880,1900,20
21680.jpg,1880,1900,20
21685.jpg,1880,1750,-130
21690.jpg,1880,1900,20
21695.jpg,1880,1900,20
21700.jpg,1880,1900,20
21705.jpg,1880,1850,-30
21710.jpg,1881,1900,19
21715.jpg,1881,1900,19
21720.jpg,1881,1900,19
21725.jpg,1881,1850,-31
21730.jpg,1881,1900,19
21735.jpg,1881,1990,109
21740.jpg,1881,1890,9
21745.jpg,1881,1900,19
21750.jpg,1881,1920,39
21755.jpg,1881,1900,19
21760.jpg,1881,1880,-1
21770.jpg,1881,1900,19
21775.jpg,1881,1900,19
21780.jpg,1881,1900,19
21785.jpg,1881,1900,19
21790.jpg,1881,1850,-31
21795.jpg,1881,1850,-31
21800.jpg,1881,1900,19
21805.jpg,1881,1450,-431
21810.jpg,1881,1900,19
21815.jpg,1881,1890,9
21820.jpg,1881,1800,-81
21825.jpg,1881,1880,-1
21830.jpg,1881,1850,-31
21835.jpg,1881,1850,-31
21840.jpg,1881,1900,19
21845.jpg,1881,1950,69
21850.jpg,1881,1700,-181
21855.jpg,1881,1900,19
21860.jpg,1881,1850,-31
21865.jpg,1881,1900,19
21870.jpg,1881,1850,-31
21875.jpg,1881,1890,9
21880.jpg,1881,1850,-31
21885.jpg,1881,1850,-31
21890.jpg,1881,1900,19
21895.jpg,1881,1890,9
21900.jpg,1881,1900,19
21905.jpg,1881,1900,19
21910.jpg,1881,1890,9
21915.jpg,1881,1900,19
21920.jpg,1881,1890,9
21925.jpg,1881,1900,19
21930.jpg,1881,1850,-31
21940.jpg,1881,1900,19
21945.jpg,1882,1300,-582
21950.jpg,1882,1900,18
21955.jpg,1882,1900,18
21960.jpg,1882,1900,18
21965.jpg,1882,1900,18
21970.jpg,1882,1900,18
21975.jpg,1882,1900,18
21980.jpg,1882,1900,18
21985.jpg,1882,1900,18
21990.jpg,1882,1900,18
21995.jpg,1882,1900,18
22000.jpg,1882,1900,18
22005.jpg,1882,1900,18
22010.jpg,1882,1920,38
22015.jpg,1882,1900,18
22020.jpg,1882,1900,18
22025.jpg,1882,1900,18
22030.jpg,1882,1900,18
22035.jpg,1882,1850,-32
22040.jpg,1882,1890,8
22045.jpg,1882,1900,18
22050.jpg,1882,1900,18
22055.jpg,1882,1880,-2
22060.jpg,1882,1900,18
22065.jpg,1882,1900,18
22070.jpg,1882,1850,-32
22075.jpg,1882,1900,18
22080.jpg,1882,1890,8
22085.jpg,1882,1850,-32
22090.jpg,1882,1900,18
22095.jpg,1882,1900,18
22100.jpg,1882,1950,68
22105.jpg,1882,1900,18
22110.jpg,1882,1850,-32
22115.jpg,1882,1880,-2
22120.jpg,1882,1900,18
22125.jpg,1882,1900,18
22130.jpg,1882,1900,18
22135.jpg,1882,1850,-32
22140.jpg,1882,1600,-282
22145.jpg,1882,1900,18
22150.jpg,1882,1900,18
22155.jpg,1882,2010,128
22160.jpg,1882,1900,18
22165.jpg,1882,1900,18
22170.jpg,1882,1850,-32
22175.jpg,1882,1900,18
22180.jpg,1882,1900,18
22185.jpg,1882,1850,-32
22190.jpg,1882,1900,18
22195.jpg,1882,1800,-82
22200.jpg,1882,1900,18
22205.jpg,1882,1900,18
22210.jpg,1882,1890,8
22215.jpg,1883,1700,-183
22220.jpg,1883,1880,-3
22225.jpg,1883,1900,17
22230.jpg,1883,1900,17
22235.jpg,1883,1850,-33
22240.jpg,1883,1850,-33
22245.jpg,1883,1900,17
22250.jpg,1883,1900,17
22255.jpg,1883,1900,17
22260.jpg,1883,1900,17
22265.jpg,1883,1900,17
22270.jpg,1883,1900,17
22275.jpg,1883,1900,17
22280.jpg,1883,1850,-33
22285.jpg,1883,1850,-33
22290.jpg,1883,1800,-83
22295.jpg,1883,1880,-3
22300.jpg,1883,1900,17
22305.jpg,1883,1900,17
22310.jpg,1883,1900,17
22315.jpg,1883,1900,17
22320.jpg,1883,1900,17
22325.jpg,1883,1900,17
22330.jpg,1883,1890,7
22335.jpg,1883,1890,7
22340.jpg,1883,1900,17
22345.jpg,1883,1890,7
22350.jpg,1883,1850,-33
22355.jpg,1883,1880,-3
22360.jpg,1883,1890,7
22365.jpg,1883,1900,17
22370.jpg,1883,1900,17
22375.jpg,1883,1850,-33
22380.jpg,1883,1900,17
22385.jpg,1883,1950,67
22390.jpg,1883,1900,17
22395.jpg,1883,1900,17
22400.jpg,1883,1880,-3
22405.jpg,1883,1900,17
22410.jpg,1883,1890,7
22415.jpg,1883,1820,-63
22420.jpg,1883,1900,17
22425.jpg,1883,1890,7
22430.jpg,1883,1900,17
22435.jpg,1883,1880,-3
22440.jpg,1883,1900,17
22445.jpg,1883,1900,17
22450.jpg,1883,1900,17
22455.jpg,1883,1900,17
22460.jpg,1883,1900,17
22465.jpg,1883,1900,17
22470.jpg,1883,1900,17
22475.jpg,1883,1900,17
22485.jpg,1883,1900,17
22490.jpg,1883,1900,17
22495.jpg,1883,1887,4
22500.jpg,1883,1900,17
22505.jpg,1883,1900,17
22510.jpg,1884,1850,-34
22515.jpg,1884,1800,-84
22520.jpg,1884,1900,16
22525.jpg,1884,1900,16
22530.jpg,1884,1880,-4
22535.jpg,1884,1900,16
22540.jpg,1884,1900,16
22545.jpg,1884,1900,16
22550.jpg,1884,1900,16
22555.jpg,1884,1950,66
22560.jpg,1884,1900,16
22565.jpg,1884,1900,16
22570.jpg,1884,1900,16
22575.jpg,1884,1900,16
22580.jpg,1884,1850,-34
22585.jpg,1884,1900,16
22590.jpg,1884,1890,6
22595.jpg,1884,1900,16
22600.jpg,1884,1900,16
22605.jpg,1884,1900,16
22610.jpg,1884,1900,16
22615.jpg,1884,1890,6
22620.jpg,1884,1890,6
22625.jpg,1884,1900,16
22630.jpg,1884,1880,-4
22635.jpg,1884,1600,-284
22640.jpg,1884,1900,16
22645.jpg,1884,1900,16
22650.jpg,1884,1850,-34
22655.jpg,1884,1900,16
22665.jpg,1884,1900,16
22670.jpg,1884,1850,-34
22675.jpg,1884,1890,6
22680.jpg,1884,2000,116
22685.jpg,1884,1850,-34
22690.jpg,1884,1890,6
22695.jpg,1884,1900,16
22700.jpg,1884,1850,-34
22705.jpg,1884,1900,16
22710.jpg,1884,1950,66
22715.jpg,1884,1900,16
22720.jpg,1884,1900,16
22730.jpg,1884,1900,16
22735.jpg,1884,1700,-184
22740.jpg,1884,2000,116
22745.jpg,1884,1895,11
22750.jpg,1884,1890,6
22755.jpg,1884,1831,-53
22760.jpg,1884,1880,-4
22765.jpg,1884,1900,16
22770.jpg,1884,1900,16
22775.jpg,1884,1880,-4
22780.jpg,1885,1903,18
22785.jpg,1885,1900,15
22790.jpg,1885,1900,15
22795.jpg,1885,1880,-5
22800.jpg,1885,1820,-65
22805.jpg,1885,1880,-5
22810.jpg,1885,1880,-5
22815.jpg,1885,1900,15
22820.jpg,1885,1900,15
22825.jpg,1885,1980,95
22830.jpg,1885,1850,-35
22835.jpg,1885,1900,15
22840.jpg,1885,1850,-35
22850.jpg,1885,1950,65
22855.jpg,1885,1900,15
22860.jpg,1885,1880,-5
22865.jpg,1885,1900,15
22870.jpg,1885,1850,-35
22875.jpg,1885,1850,-35
22880.jpg,1885,1900,15
22885.jpg,1885,1900,15
22890.jpg,1885,1900,15
22895.jpg,1885,1880,-5
22900.jpg,1885,1900,15
22905.jpg,1885,1900,15
22910.jpg,1885,1850,-35
22915.jpg,1885,1900,15
22920.jpg,1885,1888,3
22925.jpg,1885,1890,5
22930.jpg,1885,1900,15
22935.jpg,1885,1850,-35
22940.jpg,1885,1900,15
22945.jpg,1885,1880,-5
22950.jpg,1885,1800,-85
22955.jpg,1885,1900,15
22960.jpg,1885,2000,115
22965.jpg,1885,1900,15
22970.jpg,1885,1900,15
22975.jpg,1885,1900,15
22980.jpg,1885,1900,15
22985.jpg,1885,1850,-35
22990.jpg,1885,1900,15
22995.jpg,1885,1900,15
23000.jpg,1885,1900,15
23005.jpg,1885,1900,15
23015.jpg,1885,1900,15
23020.jpg,1885,1900,15
23025.jpg,1885,1900,15
23030.jpg,1885,1900,15
23035.jpg,1885,1900,15
23040.jpg,1885,1896,11
23045.jpg,1885,1900,15
23050.jpg,1885,1950,65
23055.jpg,1885,1850,-35
23060.jpg,1885,1890,5
23065.jpg,1885,1880,-5
23070.jpg,1885,1900,15
23075.jpg,1885,1900,15
23080.jpg,1885,1900,15
23085.jpg,1886,1900,14
23090.jpg,1886,1900,14
23095.jpg,1886,1900,14
23100.jpg,1886,1890,4
23105.jpg,1886,1900,14
23110.jpg,1886,1900,14
23115.jpg,1886,1900,14
23120.jpg,1886,1850,-36
23125.jpg,1886,1900,14
23130.jpg,1886,1950,64
23135.jpg,1886,1950,64
23140.jpg,1886,2000,114
23145.jpg,1886,1850,-36
23150.jpg,1886,1900,14
23155.jpg,1886,1900,14
23160.jpg,1886,1900,14
23165.jpg,1886,1950,64
23170.jpg,1886,1890,4
23175.jpg,1886,1900,14
23180.jpg,1886,1880,-6
23185.jpg,1886,1900,14
23190.jpg,1886,1890,4
23195.jpg,1886,1900,14
23200.jpg,1886,1900,14
23205.jpg,1886,1900,14
23210.jpg,1886,1900,14
23215.jpg,1886,1880,-6
23220.jpg,1886,1880,-6
23225.jpg,1886,1890,4
23230.jpg,1886,1850,-36
23235.jpg,1886,1900,14
23240.jpg,1886,1900,14
23245.jpg,1886,1900,14
23250.jpg,1886,1900,14
23255.jpg,1886,1850,-36
23260.jpg,1886,1900,14
23265.jpg,1886,1900,14
23275.jpg,1886,1900,14
23280.jpg,1886,1900,14
23285.jpg,1886,1890,4
23290.jpg,1886,1900,14
23295.jpg,1886,1900,14
23300.jpg,1886,1900,14
23305.jpg,1886,1820,-66
23310.jpg,1886,1900,14
23315.jpg,1886,1900,14
23320.jpg,1886,1900,14
23325.jpg,1886,1900,14
23330.jpg,1886,1900,14
23335.jpg,1886,1900,14
23340.jpg,1886,1900,14
23345.jpg,1886,1890,4
23350.jpg,1886,1800,-86
23355.jpg,1886,1900,14
23365.jpg,1886,1600,-286
23370.jpg,1886,1890,4
23375.jpg,1887,1920,33
23380.jpg,1887,1920,33
23385.jpg,1887,1950,63
23390.jpg,1887,1900,13
23395.jpg,1887,1900,13
23400.jpg,1887,1850,-37
23410.jpg,1887,1900,13
23415.jpg,1887,1900,13
23420.jpg,1887,1890,3
23425.jpg,1887,1900,13
23430.jpg,1887,1900,13
23440.jpg,1887,1870,-17
23445.jpg,1887,1900,13
23450.jpg,1887,1800,-87
23460.jpg,1887,1850,-37
23465.jpg,1887,1850,-37
23470.jpg,1887,1900,13
23475.jpg,1887,1900,13
23480.jpg,1887,1890,3
23485.jpg,1887,1900,13
23490.jpg,1887,1850,-37
23495.jpg,1887,1900,13
23500.jpg,1887,1900,13
23505.jpg,1887,1900,13
23510.jpg,1887,1850,-37
23515.jpg,1887,1900,13
23520.jpg,1887,1850,-37
23525.jpg,1887,1900,13
23535.jpg,1887,1900,13
23540.jpg,1887,1900,13
23545.jpg,1887,1900,13
23550.jpg,1887,1900,13
23555.jpg,1887,1900,13
23560.jpg,1887,1900,13
23565.jpg,1887,1900,13
23570.jpg,1887,1600,-287
23575.jpg,1887,1900,13
23580.jpg,1887,1890,3
23585.jpg,1887,1900,13
23590.jpg,1887,1990,103
23595.jpg,1887,1900,13
23600.jpg,1887,1900,13
23605.jpg,1887,1900,13
23610.jpg,1887,1900,13
23615.jpg,1887,1900,13
23620.jpg,1887,1900,13
23625.jpg,1887,1800,-87
23630.jpg,1887,1900,13
23635.jpg,1887,1900,13
23640.jpg,1887,1900,13
23645.jpg,1887,1900,13
23650.jpg,1887,1890,3
23660.jpg,1887,1900,13
23665.jpg,1887,1900,13
23670.jpg,1887,1900,13
23675.jpg,1887,1880,-7
23680.jpg,1887,1900,13
23690.jpg,1887,1890,3
23695.jpg,1887,1900,13
23700.jpg,1888,1600,-288
23705.jpg,1888,1900,12
23710.jpg,1888,1900,12
23715.jpg,1888,1875,-13
23720.jpg,1888,1950,62
23725.jpg,1888,1900,12
23730.jpg,1888,1850,-38
23735.jpg,1888,1900,12
23740.jpg,1888,1900,12
23745.jpg,1888,1880,-8
23750.jpg,1888,1900,12
23755.jpg,1888,1900,12
23760.jpg,1888,1850,-38
23765.jpg,1888,1900,12
23770.jpg,1888,1900,12
23775.jpg,1888,1950,62
23790.jpg,1888,1890,2
23795.jpg,1888,1900,12
23800.jpg,1888,1900,12
23805.jpg,1888,1890,2
23810.jpg,1888,1900,12
23815.jpg,1888,1850,-38
23820.jpg,1888,1900,12
23825.jpg,1888,1950,62
23830.jpg,1888,1800,-88
23835.jpg,1888,1900,12
23840.jpg,1888,1900,12
23850.jpg,1888,1900,12
23855.jpg,1888,1880,-8
23860.jpg,1888,1890,2
23865.jpg,1888,1850,-38
23870.jpg,1888,1820,-68
23875.jpg,1888,1900,12
23880.jpg,1888,1900,12
23885.jpg,1888,1850,-38
23890.jpg,1888,1900,12
23895.jpg,1888,1890,2
23900.jpg,1888,1900,12
23905.jpg,1888,1900,12
23910.jpg,1888,1900,12
23915.jpg,1888,1950,62
23920.jpg,1888,1900,12
23925.jpg,1888,1890,2
23930.jpg,1888,1900,12
23935.jpg,1888,2000,112
23940.jpg,1888,1890,2
23945.jpg,1888,1900,12
23950.jpg,1888,1900,12
23955.jpg,1888,1890,2
23960.jpg,1888,1900,12
23965.jpg,1888,1800,-88
23970.jpg,1888,1900,12
23975.jpg,1888,1900,12
23980.jpg,1888,1900,12
23985.jpg,1888,1900,12
23990.jpg,1888,1808,-80
23995.jpg,1888,1450,-438
24000.jpg,1888,1900,12
24005.jpg,1888,1900,12
24010.jpg,1888,1900,12
24015.jpg,1888,1900,12
24020.jpg,1888,1900,12
24025.jpg,1888,1900,12
24030.jpg,1888,1900,12
24035.jpg,1888,1900,12
24040.jpg,1888,1900,12
24050.jpg,1889,1900,11
24055.jpg,1889,1880,-9
24060.jpg,1889,1900,11
24065.jpg,1889,1900,11
24070.jpg,1889,1900,11
24075.jpg,1889,1900,11
24080.jpg,1889,1900,11
24085.jpg,1889,1900,11
24090.jpg,1889,1900,11
24095.jpg,1889,1880,-9
24105.jpg,1889,1900,11
24110.jpg,1889,1890,1
24115.jpg,1889,1920,31
24120.jpg,1889,1900,11
24125.jpg,1889,1900,11
24130.jpg,1889,1920,31
24135.jpg,1889,1800,-89
24140.jpg,1889,1900,11
24145.jpg,1889,1900,11
24150.jpg,1889,1900,11
24155.jpg,1889,1900,11
24160.jpg,1889,1900,11
24165.jpg,1889,1900,11
24170.jpg,1889,1900,11
24175.jpg,1889,1880,-9
24180.jpg,1889,1900,11
24185.jpg,1889,1890,1
24190.jpg,1889,1900,11
24195.jpg,1889,1890,1
24200.jpg,1889,1900,11
24205.jpg,1889,1900,11
24210.jpg,1889,1890,1
24215.jpg,1889,1900,11
24220.jpg,1889,1900,11
24225.jpg,1889,1850,-39
24230.jpg,1889,1890,1
24235.jpg,1889,1400,-489
24240.jpg,1889,1890,1
24245.jpg,1889,1900,11
24250.jpg,1889,1880,-9
24255.jpg,1889,1900,11
24260.jpg,1889,1900,11
24265.jpg,1889,1900,11
24270.jpg,1889,1890,1
24275.jpg,1889,1880,-9
24280.jpg,1889,1890,1
24285.jpg,1889,1900,11
24290.jpg,1889,1890,1
24295.jpg,1889,1850,-39
24300.jpg,1889,1900,11
24310.jpg,1889,1850,-39
24315.jpg,1889,1900,11
24320.jpg,1889,1500,-389
24330.jpg,1889,1850,-39
24335.jpg,1889,1920,31
24340.jpg,1889,1900,11
24345.jpg,1889,1900,11
24350.jpg,1889,1900,11
24355.jpg,1889,1900,11
24360.jpg,1889,2000,111
24365.jpg,1889,1900,11
24370.jpg,1889,1890,1
24375.jpg,1889,1900,11
24380.jpg,1889,1900,11
24385.jpg,1889,1890,1
24390.jpg,1889,1890,1
24395.jpg,1890,1800,-90
24400.jpg,1890,1900,10
24405.jpg,1890,1900,10
24410.jpg,1890,1750,-140
24415.jpg,1890,1900,10
24420.jpg,1890,1850,-40
24425.jpg,1890,1900,10
24430.jpg,1890,1900,10
24435.jpg,1890,1900,10
24440.jpg,1890,1900,10
24445.jpg,1890,1945,55
24450.jpg,1890,1880,-10
24455.jpg,1890,1880,-10
24460.jpg,1890,1900,10
24465.jpg,1890,1900,10
24470.jpg,1890,1900,10
24475.jpg,1890,1890,0
24480.jpg,1890,1900,10
24485.jpg,1890,1920,30
24490.jpg,1890,1920,30
24495.jpg,1890,1880,-10
24500.jpg,1890,1900,10
24505.jpg,1890,1900,10
24510.jpg,1890,1900,10
24515.jpg,1890,1900,10
24520.jpg,1890,1900,10
24525.jpg,1890,1980,90
24535.jpg,1890,1900,10
24540.jpg,1890,1890,0
24545.jpg,1890,1900,10
24550.jpg,1890,1900,10
24555.jpg,1890,1900,10
24560.jpg,1890,1900,10
24565.jpg,1890,1900,10
24570.jpg,1890,1900,10
24575.jpg,1890,1900,10
24580.jpg,1890,1900,10
24585.jpg,1890,1890,0
24590.jpg,1890,1900,10
24595.jpg,1890,1900,10
24600.jpg,1890,1900,10
24605.jpg,1890,1900,10
24610.jpg,1890,1900,10
24615.jpg,1890,1900,10
24620.jpg,1890,1950,60
24625.jpg,1890,1900,10
24630.jpg,1890,1900,10
24635.jpg,1890,1900,10
24640.jpg,1890,1850,-40
24645.jpg,1890,1900,10
24650.jpg,1890,1900,10
24655.jpg,1890,1900,10
24660.jpg,1890,1890,0
24665.jpg,1890,1900,10
24670.jpg,1890,1900,10
24675.jpg,1890,1900,10
24680.jpg,1890,1900,10
24685.jpg,1890,1900,10
24690.jpg,1890,1900,10
24695.jpg,1890,1900,10
24700.jpg,1890,1900,10
24705.jpg,1890,1900,10
24710.jpg,1890,1900,10
24715.jpg,1890,1900,10
24720.jpg,1890,1890,0
24725.jpg,1890,1820,-70
24730.jpg,1890,1900,10
24735.jpg,1890,1900,10
24740.jpg,1890,1900,10
24745.jpg,1890,1900,10
24750.jpg,1890,1920,30
24755.jpg,1890,1900,10
24760.jpg,1890,1900,10
24765.jpg,1890,1900,10
24770.jpg,1890,1900,10
24775.jpg,1891,1800,-91
24780.jpg,1891,1900,9
24785.jpg,1891,1890,-1
24790.jpg,1891,1900,9
24795.jpg,1891,1900,9
24800.jpg,1891,1850,-41
24805.jpg,1891,1890,-1
24810.jpg,1891,1900,9
24815.jpg,1891,1600,-291
24820.jpg,1891,1900,9
24825.jpg,1891,1900,9
24830.jpg,1891,1900,9
24835.jpg,1891,1900,9
24840.jpg,1891,1900,9
24845.jpg,1891,1900,9
24850.jpg,1891,2000,109
24855.jpg,1891,2000,109
24860.jpg,1891,1920,29
24865.jpg,1891,1750,-141
24870.jpg,1891,1900,9
24875.jpg,1891,1900,9
24880.jpg,1891,1900,9
24885.jpg,1891,1880,-11
24890.jpg,1891,1880,-11
24895.jpg,1891,1890,-1
24900.jpg,1891,1850,-41
24905.jpg,1891,1900,9
24910.jpg,1891,1850,-41
24915.jpg,1891,1880,-11
24920.jpg,1891,1980,89
24925.jpg,1891,1900,9
24930.jpg,1891,1900,9
24935.jpg,1891,1900,9
24940.jpg,1891,1900,9
24945.jpg,1891,1300,-591
24950.jpg,1891,1820,-71
24955.jpg,1891,1900,9
24960.jpg,1891,1900,9
24965.jpg,1891,1900,9
24970.jpg,1891,1890,-1
24975.jpg,1891,1850,-41
24980.jpg,1891,1900,9
24985.jpg,1891,1850,-41
24990.jpg,1891,1900,9
24995.jpg,1891,1890,-1
25000.jpg,1891,1900,9
25005.jpg,1891,1880,-11
25010.jpg,1891,1900,9
25015.jpg,1891,1900,9
25020.jpg,1891,1900,9
25025.jpg,1891,1900,9
25030.jpg,1891,1900,9
25035.jpg,1891,1200,-691
25040.jpg,1891,1900,9
25045.jpg,1891,1900,9
25050.jpg,1891,1900,9
25055.jpg,1891,1900,9
25060.jpg,1891,1900,9
25065.jpg,1891,1900,9
25070.jpg,1891,1890,-1
25075.jpg,1891,1880,-11
25080.jpg,1891,1900,9
25085.jpg,1891,1890,-1
25090.jpg,1891,1879,-12
25095.jpg,1892,1900,8
25100.jpg,1892,2000,108
25105.jpg,1892,1900,8
25115.jpg,1892,1900,8
25120.jpg,1892,1900,8
25125.jpg,1892,1900,8
25130.jpg,1892,1900,8
25135.jpg,1892,2000,108
25140.jpg,1892,1850,-42
25145.jpg,1892,1900,8
25150.jpg,1892,1920,28
25155.jpg,1892,1900,8
25160.jpg,1892,1990,98
25165.jpg,1892,1900,8
25170.jpg,1892,1900,8
25175.jpg,1892,1900,8
25180.jpg,1892,2000,108
25185.jpg,1892,1900,8
25190.jpg,1892,1900,8
25195.jpg,1892,1900,8
25205.jpg,1892,1900,8
25210.jpg,1892,1900,8
25215.jpg,1892,1900,8
25220.jpg,1892,1890,-2
25225.jpg,1892,1850,-42
25230.jpg,1892,1900,8
25235.jpg,1892,1900,8
25240.jpg,1892,1890,-2
25245.jpg,1892,1900,8
25250.jpg,1892,1900,8
25255.jpg,1892,1980,88
25260.jpg,1892,1890,-2
25265.jpg,1892,1880,-12
25270.jpg,1892,1900,8
25275.jpg,1892,1900,8
25280.jpg,1892,1900,8
25285.jpg,1892,1880,-12
25290.jpg,1892,1900,8
25295.jpg,1892,1890,-2
25300.jpg,1892,1900,8
25305.jpg,1892,1950,58
25310.jpg,1892,1900,8
25315.jpg,1892,1900,8
25320.jpg,1892,1900,8
25325.jpg,1892,1820,-72
25330.jpg,1892,1900,8
25335.jpg,1892,1900,8
25340.jpg,1892,1900,8
25345.jpg,1892,1900,8
25350.jpg,1892,1900,8
25355.jpg,1892,1850,-42
25360.jpg,1892,1900,8
25365.jpg,1892,1890,-2
25370.jpg,1892,1900,8
25375.jpg,1892,1900,8
25380.jpg,1892,1900,8
25385.jpg,1892,1900,8
25390.jpg,1892,1900,8
25395.jpg,1892,1900,8
25400.jpg,1892,1900,8
25405.jpg,1892,1900,8
25410.jpg,1892,1900,8
25415.jpg,1892,1900,8
25420.jpg,1892,1900,8
25425.jpg,1892,1900,8
25430.jpg,1892,1890,-2
25435.jpg,1892,1900,8
25440.jpg,1892,1900,8
25445.jpg,1892,1900,8
25450.jpg,1892,1900,8
25455.jpg,1892,1900,8
25460.jpg,1892,1900,8
25465.jpg,1893,1600,-293
25470.jpg,1893,1900,7
25475.jpg,1893,1900,7
25480.jpg,1893,1900,7
25490.jpg,1893,1900,7
25495.jpg,1893,1900,7
25500.jpg,1893,1850,-43
25505.jpg,1893,1900,7
25510.jpg,1893,1920,27
25515.jpg,1893,1900,7
25520.jpg,1893,1900,7
25525.jpg,1893,1900,7
25530.jpg,1893,1900,7
25535.jpg,1893,1900,7
25540.jpg,1893,1900,7
25545.jpg,1893,1900,7
25555.jpg,1893,1850,-43
25560.jpg,1893,1900,7
25565.jpg,1893,1900,7
25570.jpg,1893,1900,7
25575.jpg,1893,1890,-3
25580.jpg,1893,1920,27
25585.jpg,1893,1880,-13
25590.jpg,1893,1900,7
25595.jpg,1893,1900,7
25600.jpg,1893,1900,7
25605.jpg,1893,1900,7
25610.jpg,1893,1900,7
25615.jpg,1893,1900,7
25620.jpg,1893,1900,7
25625.jpg,1893,1890,-3
25630.jpg,1893,1890,-3
25635.jpg,1893,1900,7
25640.jpg,1893,1900,7
25645.jpg,1893,1900,7
25650.jpg,1893,1900,7
25655.jpg,1893,1900,7
25660.jpg,1893,1890,-3
25665.jpg,1893,1900,7
25670.jpg,1893,1890,-3
25675.jpg,1893,1900,7
25680.jpg,1893,1600,-293
25685.jpg,1893,1900,7
25690.jpg,1893,1900,7
25695.jpg,1893,1900,7
25700.jpg,1893,1900,7
25705.jpg,1893,1900,7
25710.jpg,1893,1850,-43
25715.jpg,1893,1900,7
25720.jpg,1893,1900,7
25725.jpg,1893,1850,-43
25730.jpg,1893,1880,-13
25740.jpg,1893,1890,-3
25745.jpg,1893,1900,7
25750.jpg,1893,2000,107
25755.jpg,1893,1890,-3
25760.jpg,1893,1900,7
25765.jpg,1893,1900,7
25770.jpg,1893,1900,7
25775.jpg,1893,1890,-3
25780.jpg,1893,1900,7
25785.jpg,1893,1900,7
25795.jpg,1893,1900,7
25800.jpg,1893,1900,7
25805.jpg,1894,1900,6
25810.jpg,1894,1900,6
25815.jpg,1894,1900,6
25820.jpg,1894,1900,6
25825.jpg,1894,1900,6
25830.jpg,1894,1900,6
25835.jpg,1894,1890,-4
25840.jpg,1894,1891,-3
25845.jpg,1894,1900,6
25850.jpg,1894,1900,6
25855.jpg,1894,1900,6
25860.jpg,1894,1890,-4
25865.jpg,1894,1900,6
25870.jpg,1894,1850,-44
25875.jpg,1894,1900,6
25880.jpg,1894,1900,6
25885.jpg,1894,1880,-14
25890.jpg,1894,1895,1
25895.jpg,1894,1900,6
25900.jpg,1894,1850,-44
25905.jpg,1894,1900,6
25910.jpg,1894,1900,6
25915.jpg,1894,1900,6
25920.jpg,1894,1850,-44
25925.jpg,1894,1900,6
25930.jpg,1894,1900,6
25935.jpg,1894,1890,-4
25940.jpg,1894,1890,-4
25945.jpg,1894,1900,6
25950.jpg,1894,1900,6
25955.jpg,1894,1900,6
25960.jpg,1894,1890,-4
25965.jpg,1894,1890,-4
25970.jpg,1894,1950,56
25975.jpg,1894,1900,6
25980.jpg,1894,1900,6
25985.jpg,1894,1900,6
25990.jpg,1894,1950,56
25995.jpg,1894,1900,6
26000.jpg,1894,1900,6
26005.jpg,1894,1900,6
26010.jpg,1894,1890,-4
26015.jpg,1894,1890,-4
26020.jpg,1894,2000,106
26025.jpg,1894,1900,6
26030.jpg,1894,1900,6
26035.jpg,1894,1880,-14
26040.jpg,1894,1960,66
26045.jpg,1894,1850,-44
26050.jpg,1894,1850,-44
26055.jpg,1894,1900,6
26060.jpg,1894,1900,6
26065.jpg,1894,1900,6
26070.jpg,1894,1900,6
26075.jpg,1894,1850,-44
26085.jpg,1894,1900,6
26090.jpg,1894,1900,6
26095.jpg,1894,1950,56
26100.jpg,1894,1900,6
26105.jpg,1894,1850,-44
26110.jpg,1894,1900,6
26115.jpg,1894,1600,-294
26120.jpg,1894,1900,6
26125.jpg,1895,1890,-5
26130.jpg,1895,1960,65
26135.jpg,1895,1890,-5
26140.jpg,1895,1900,5
26145.jpg,1895,1900,5
26150.jpg,1895,1890,-5
26155.jpg,1895,1900,5
26160.jpg,1895,1900,5
26165.jpg,1895,1900,5
26170.jpg,1895,1890,-5
26175.jpg,1895,1950,55
26180.jpg,1895,2000,105
26185.jpg,1895,1900,5
26190.jpg,1895,1900,5
26195.jpg,1895,1900,5
26200.jpg,1895,1920,25
26205.jpg,1895,1850,-45
26210.jpg,1895,1900,5
26215.jpg,1895,1900,5
26220.jpg,1895,1900,5
26225.jpg,1895,1900,5
26230.jpg,1895,1880,-15
26235.jpg,1895,1900,5
26240.jpg,1895,1950,55
26245.jpg,1895,1700,-195
26250.jpg,1895,1900,5
26255.jpg,1895,1900,5
26260.jpg,1895,1890,-5
26265.jpg,1895,1900,5
26270.jpg,1895,1900,5
26275.jpg,1895,1890,-5
26280.jpg,1895,1900,5
26285.jpg,1895,1900,5
26290.jpg,1895,1900,5
26295.jpg,1895,1900,5
26300.jpg,1895,1890,-5
26305.jpg,1895,1900,5
26310.jpg,1895,1900,5
26315.jpg,1895,1900,5
26320.jpg,1895,1890,-5
26325.jpg,1895,1850,-45
26330.jpg,1895,1900,5
26335.jpg,1895,1900,5
26340.jpg,1895,1900,5
26345.jpg,1895,1850,-45
26350.jpg,1895,1900,5
26355.jpg,1895,1900,5
26360.jpg,1895,1900,5
26365.jpg,1895,1900,5
26370.jpg,1895,1900,5
26375.jpg,1895,1890,-5
26380.jpg,1895,1900,5
26385.jpg,1895,1850,-45
26390.jpg,1895,1900,5
26395.jpg,1895,1900,5
26405.jpg,1895,1900,5
26410.jpg,1895,1900,5
26415.jpg,1895,1880,-15
26420.jpg,1895,1920,25
26425.jpg,1895,1890,-5
26430.jpg,1895,1829,-66
26435.jpg,1895,1750,-145
26440.jpg,1895,1900,5
26445.jpg,1895,1900,5
26450.jpg,1895,1900,5
26455.jpg,1895,1900,5
26460.jpg,1895,1800,-95
26465.jpg,1895,1900,5
26470.jpg,1895,1900,5
26475.jpg,1895,1900,5
26480.jpg,1895,1900,5
26485.jpg,1895,1850,-45
26490.jpg,1896,1900,4
26495.jpg,1896,1900,4
26500.jpg,1896,1900,4
26505.jpg,1896,1900,4
26510.jpg,1896,1950,54
26515.jpg,1896,1900,4
26520.jpg,1896,1900,4
26525.jpg,1896,1750,-146
26530.jpg,1896,1900,4
26535.jpg,1896,1900,4
26540.jpg,1896,1880,-16
26545.jpg,1896,1900,4
26550.jpg,1896,1920,24
26555.jpg,1896,2000,104
26560.jpg,1896,1880,-16
26565.jpg,1896,1950,54
26570.jpg,1896,1900,4
26575.jpg,1896,1900,4
26580.jpg,1896,1890,-6
26585.jpg,1896,1900,4
26590.jpg,1896,1890,-6
26595.jpg,1896,1900,4
26600.jpg,1896,1900,4
26605.jpg,1896,1890,-6
26610.jpg,1896,1900,4
26620.jpg,1896,1900,4
26625.jpg,1896,1850,-46
26630.jpg,1896,1900,4
26635.jpg,1896,1900,4
26640.jpg,1896,1900,4
26645.jpg,1896,1900,4
26650.jpg,1896,1900,4
26655.jpg,1896,1900,4
26665.jpg,1896,1890,-6
26670.jpg,1896,1900,4
26675.jpg,1896,1900,4
26680.jpg,1896,1900,4
26685.jpg,1896,1880,-16
26690.jpg,1896,1900,4
26695.jpg,1896,1900,4
26700.jpg,1896,1900,4
26705.jpg,1896,1900,4
26710.jpg,1896,1900,4
26715.jpg,1896,1880,-16
26720.jpg,1896,2000,104
26725.jpg,1896,1900,4
26730.jpg,1896,1890,-6
26735.jpg,1896,1900,4
26740.jpg,1896,1850,-46
26745.jpg,1896,1850,-46
26750.jpg,1896,1900,4
26760.jpg,1896,1900,4
26765.jpg,1896,1900,4
26770.jpg,1896,1920,24
26775.jpg,1896,1930,34
26780.jpg,1896,1900,4
26785.jpg,1896,1900,4
26790.jpg,1896,1800,-96
26795.jpg,1896,1900,4
26800.jpg,1896,1980,84
26805.jpg,1896,1800,-96
26810.jpg,1896,1900,4
26815.jpg,1896,1880,-16
26820.jpg,1896,1880,-16
26825.jpg,1896,1750,-146
26830.jpg,1896,1890,-6
26835.jpg,1896,1900,4
26840.jpg,1896,2000,104
26845.jpg,1897,1900,3
26850.jpg,1897,1900,3
26855.jpg,1897,1900,3
26860.jpg,1897,1850,-47
26865.jpg,1897,1900,3
26870.jpg,1897,1900,3
26875.jpg,1897,1900,3
26880.jpg,1897,1900,3
26885.jpg,1897,1890,-7
26890.jpg,1897,1850,-47
26895.jpg,1897,1890,-7
26900.jpg,1897,1900,3
26910.jpg,1897,1900,3
26915.jpg,1897,1920,23
26920.jpg,1897,1900,3
26925.jpg,1897,1900,3
26930.jpg,1897,1880,-17
26935.jpg,1897,1850,-47
26940.jpg,1897,1900,3
26945.jpg,1897,1900,3
26950.jpg,1897,1900,3
26955.jpg,1897,1800,-97
26960.jpg,1897,1890,-7
26965.jpg,1897,1900,3
26970.jpg,1897,1850,-47
26975.jpg,1897,1900,3
26980.jpg,1897,1900,3
26985.jpg,1897,1900,3
26990.jpg,1897,1900,3
26995.jpg,1897,1900,3
27000.jpg,1897,1900,3
27005.jpg,1897,1900,3
27010.jpg,1897,1890,-7
27015.jpg,1897,1900,3
27020.jpg,1897,1900,3
27025.jpg,1897,1800,-97
27030.jpg,1897,1900,3
27035.jpg,1897,1900,3
27040.jpg,1897,1900,3
27045.jpg,1897,1890,-7
27050.jpg,1897,1900,3
27055.jpg,1897,1900,3
27060.jpg,1897,2000,103
27065.jpg,1897,1900,3
27070.jpg,1897,1950,53
27075.jpg,1897,1900,3
27080.jpg,1897,1900,3
27085.jpg,1897,1900,3
27090.jpg,1897,1900,3
27095.jpg,1897,1880,-17
27100.jpg,1897,1900,3
27105.jpg,1897,1900,3
27110.jpg,1897,1300,-597
27115.jpg,1897,1900,3
27120.jpg,1897,1890,-7
27125.jpg,1897,1900,3
27130.jpg,1897,1900,3
27135.jpg,1897,1900,3
27140.jpg,1897,1900,3
27145.jpg,1897,1900,3
27150.jpg,1897,1800,-97
27155.jpg,1898,1900,2
27160.jpg,1898,1900,2
27165.jpg,1898,1900,2
27170.jpg,1898,1900,2
27175.jpg,1898,1900,2
27180.jpg,1898,1890,-8
27185.jpg,1898,1900,2
27190.jpg,1898,1900,2
27195.jpg,1898,1900,2
27200.jpg,1898,1980,82
27205.jpg,1898,1900,2
27210.jpg,1898,1890,-8
27215.jpg,1898,1900,2
27220.jpg,1898,1900,2
27225.jpg,1898,1900,2
27230.jpg,1898,1900,2
27235.jpg,1898,1900,2
27240.jpg,1898,1850,-48
27245.jpg,1898,1900,2
27255.jpg,1898,1850,-48
27260.jpg,1898,1900,2
27265.jpg,1898,1900,2
27270.jpg,1898,1900,2
27275.jpg,1898,1850,-48
27280.jpg,1898,1850,-48
27285.jpg,1898,1900,2
27290.jpg,1898,1950,52
27295.jpg,1898,1900,2
27300.jpg,1898,1870,-28
27305.jpg,1898,1900,2
27310.jpg,1898,1900,2
27315.jpg,1898,1900,2
27320.jpg,1898,1900,2
27325.jpg,1898,1900,2
27330.jpg,1898,1900,2
27335.jpg,1898,1900,2
27340.jpg,1898,1900,2
27345.jpg,1898,1900,2
27350.jpg,1898,1820,-78
27355.jpg,1898,1900,2
27360.jpg,1898,1900,2
27365.jpg,1898,1850,-48
27370.jpg,1898,1850,-48
27380.jpg,1898,1890,-8
27385.jpg,1898,1900,2
27390.jpg,1898,1900,2
27395.jpg,1898,1850,-48
27400.jpg,1898,1900,2
27405.jpg,1898,1900,2
27410.jpg,1898,1900,2
27415.jpg,1898,1800,-98
27420.jpg,1898,1900,2
27425.jpg,1898,1880,-18
27430.jpg,1898,1900,2
27435.jpg,1898,1900,2
27440.jpg,1898,1900,2
27445.jpg,1898,1900,2
27450.jpg,1898,1900,2
27455.jpg,1898,1960,62
27465.jpg,1898,1900,2
27470.jpg,1898,1900,2
27475.jpg,1898,1900,2
27480.jpg,1898,1900,2
27485.jpg,1898,1890,-8
27490.jpg,1898,1900,2
27495.jpg,1898,1900,2
27500.jpg,1898,1900,2
27505.jpg,1898,1900,2
27510.jpg,1898,1900,2
27515.jpg,1898,1900,2
27520.jpg,1898,1900,2
27525.jpg,1898,1900,2
27530.jpg,1898,1900,2
27540.jpg,1899,1900,1
27545.jpg,1899,1960,61
27550.jpg,1899,1900,1
27555.jpg,1899,1890,-9
27560.jpg,1899,1900,1
27565.jpg,1899,1900,1
27570.jpg,1899,1900,1
27575.jpg,1899,1900,1
27580.jpg,1899,1900,1
27585.jpg,1899,1900,1
27590.jpg,1899,1900,1
27595.jpg,1899,1850,-49
27600.jpg,1899,1900,1
27605.jpg,1899,1900,1
27610.jpg,1899,1900,1
27615.jpg,1899,1900,1
27620.jpg,1899,1100,-799
27625.jpg,1899,1900,1
27630.jpg,1899,1900,1
27635.jpg,1899,1880,-19
27640.jpg,1899,1900,1
27645.jpg,1899,1900,1
27650.jpg,1899,1850,-49
27655.jpg,1899,1900,1
27660.jpg,1899,1900,1
27665.jpg,1899,1890,-9
27670.jpg,1899,1900,1
27675.jpg,1899,1850,-49
27680.jpg,1899,1200,-699
27685.jpg,1899,1900,1
27690.jpg,1899,1900,1
27695.jpg,1899,1900,1
27700.jpg,1899,1900,1
27705.jpg,1899,1900,1
27715.jpg,1899,1900,1
27720.jpg,1899,1900,1
27725.jpg,1899,1900,1
27730.jpg,1899,1900,1
27735.jpg,1899,1900,1
27740.jpg,1899,1899,0
27745.jpg,1899,1900,1
27750.jpg,1899,1895,-4
27755.jpg,1899,1900,1
27760.jpg,1899,1900,1
27765.jpg,1899,1980,81
27770.jpg,1899,1900,1
27775.jpg,1899,1900,1
27780.jpg,1899,1900,1
27785.jpg,1899,1900,1
27790.jpg,1899,1900,1
27795.jpg,1899,1700,-199
27800.jpg,1899,1900,1
27805.jpg,1899,1900,1
27810.jpg,1900,1200,-700
27815.jpg,1900,1890,-10
27820.jpg,1900,1900,0
27825.jpg,1900,1750,-150
27830.jpg,1900,1900,0
27835.jpg,1900,2000,100
27840.jpg,1900,1850,-50
27845.jpg,1900,1900,0
27850.jpg,1900,1900,0
27855.jpg,1900,1850,-50
27860.jpg,1900,1900,0
27865.jpg,1900,1900,0
27870.jpg,1900,1900,0
27875.jpg,1900,1900,0
27880.jpg,1900,1900,0
27885.jpg,1900,1900,0
27895.jpg,1900,1900,0
27900.jpg,1900,1900,0
27905.jpg,1900,1900,0
27910.jpg,1900,1850,-50
27915.jpg,1900,1900,0
27920.jpg,1900,1920,20
27925.jpg,1900,1920,20
27930.jpg,1900,2000,100
27935.jpg,1900,1900,0
27940.jpg,1900,1850,-50
27945.jpg,1900,1900,0
27950.jpg,1900,1900,0
27955.jpg,1900,1900,0
27960.jpg,1900,1850,-50
27965.jpg,1900,1900,0
27970.jpg,1900,1880,-20
27975.jpg,1900,1900,0
27980.jpg,1900,1890,-10
27985.jpg,1900,1880,-20
27990.jpg,1900,2000,100
27995.jpg,1900,1900,0
28000.jpg,1900,1820,-80
28005.jpg,1900,1900,0
28010.jpg,1900,1900,0
28015.jpg,1900,1850,-50
28020.jpg,1900,1900,0
28025.jpg,1900,1900,0
28030.jpg,1900,1900,0
28035.jpg,1900,1850,-50
28040.jpg,1900,1900,0
28045.jpg,1900,1900,0
28050.jpg,1900,1850,-50
28055.jpg,1900,1820,-80
28060.jpg,1900,1900,0
28065.jpg,1900,1850,-50
28070.jpg,1900,1900,0
28075.jpg,1900,1850,-50
28080.jpg,1900,1900,0
28085.jpg,1900,1850,-50
28090.jpg,1900,1900,0
28095.jpg,1900,1850,-50
28100.jpg,1900,1900,0
28105.jpg,1900,1900,0
28110.jpg,1900,1900,0
28115.jpg,1900,1900,0
28120.jpg,1900,1900,0
28125.jpg,1900,1850,-50
28130.jpg,1900,1800,-100
28135.jpg,1900,1900,0
28140.jpg,1900,1896,-4
28145.jpg,1900,1100,-800
28150.jpg,1900,1950,50
28155.jpg,1900,1900,0
28160.jpg,1900,1920,20
28165.jpg,1900,1900,0
28170.jpg,1900,1900,0
28175.jpg,1900,1900,0
28180.jpg,1901,1800,-101
28185.jpg,1901,1900,-1
28190.jpg,1901,1900,-1
28195.jpg,1901,1900,-1
28200.jpg,1901,1920,19
28205.jpg,1901,1850,-51
28210.jpg,1901,1900,-1
28215.jpg,1901,1900,-1
28220.jpg,1901,1900,-1
28225.jpg,1901,1890,-11
28230.jpg,1901,1900,-1
28235.jpg,1901,1900,-1
28240.jpg,1901,1890,-11
28245.jpg,1901,1900,-1
28250.jpg,1901,1900,-1
28255.jpg,1901,1900,-1
28260.jpg,1901,1900,-1
28265.jpg,1901,1900,-1
28270.jpg,1901,1880,-21
28275.jpg,1901,1900,-1
28280.jpg,1901,1900,-1
28285.jpg,1901,1950,49
28290.jpg,1901,1800,-101
28295.jpg,1901,2000,99
28300.jpg,1901,1880,-21
28305.jpg,1901,1900,-1
28310.jpg,1901,1900,-1
28315.jpg,1901,1900,-1
28320.jpg,1901,1890,-11
28325.jpg,1901,1900,-1
28330.jpg,1901,1890,-11
28335.jpg,1901,1900,-1
28340.jpg,1901,1900,-1
28345.jpg,1901,1890,-11
28350.jpg,1901,1950,49
28355.jpg,1901,1900,-1
28360.jpg,1901,1900,-1
28365.jpg,1901,1880,-21
28370.jpg,1901,1900,-1
28375.jpg,1901,1900,-1
28380.jpg,1901,1900,-1
28385.jpg,1901,1900,-1
28390.jpg,1901,1900,-1
28395.jpg,1901,1880,-21
28400.jpg,1901,1850,-51
28405.jpg,1901,1900,-1
28410.jpg,1901,1900,-1
28415.jpg,1901,1890,-11
28420.jpg,1901,1850,-51
28425.jpg,1901,1900,-1
28430.jpg,1901,1900,-1
28435.jpg,1901,1900,-1
28440.jpg,1901,1900,-1
28445.jpg,1901,1950,49
28450.jpg,1901,1900,-1
28455.jpg,1901,1900,-1
28460.jpg,1901,1900,-1
28465.jpg,1901,1850,-51
28470.jpg,1901,1900,-1
28475.jpg,1901,1900,-1
28480.jpg,1901,1920,19
28485.jpg,1901,1900,-1
28490.jpg,1901,1900,-1
28495.jpg,1901,1900,-1
28500.jpg,1901,1900,-1
28505.jpg,1901,1900,-1
28510.jpg,1901,1900,-1
28515.jpg,1901,1850,-51
28520.jpg,1902,1890,-12
28525.jpg,1902,1900,-2
28530.jpg,1902,1900,-2
28535.jpg,1902,1900,-2
28540.jpg,1902,1900,-2
28545.jpg,1902,1980,78
28550.jpg,1902,1950,48
28555.jpg,1902,1900,-2
28560.jpg,1902,1900,-2
28575.jpg,1902,1960,58
28580.jpg,1902,1900,-2
28585.jpg,1902,1900,-2
28590.jpg,1902,1900,-2
28595.jpg,1902,1900,-2
28600.jpg,1902,1900,-2
28605.jpg,1902,1900,-2
28610.jpg,1902,1900,-2
28615.jpg,1902,1900,-2
28620.jpg,1902,1900,-2
28625.jpg,1902,1900,-2
28630.jpg,1902,1900,-2
28635.jpg,1902,1900,-2
28640.jpg,1902,1900,-2
28645.jpg,1902,1870,-32
28650.jpg,1902,1850,-52
28655.jpg,1902,1900,-2
28660.jpg,1902,1920,18
28665.jpg,1902,1900,-2
28670.jpg,1902,1900,-2
28675.jpg,1902,1900,-2
28680.jpg,1902,1200,-702
28685.jpg,1902,1890,-12
28690.jpg,1902,1880,-22
28695.jpg,1902,1900,-2
28700.jpg,1902,1900,-2
28705.jpg,1902,1900,-2
28710.jpg,1902,1850,-52
28715.jpg,1902,1900,-2
28720.jpg,1902,1900,-2
28725.jpg,1902,1850,-52
28730.jpg,1902,1850,-52
28735.jpg,1902,1900,-2
28740.jpg,1902,1900,-2
28745.jpg,1902,1930,28
28750.jpg,1902,1850,-52
28755.jpg,1902,1900,-2
28760.jpg,1902,1900,-2
28765.jpg,1902,1900,-2
28770.jpg,1902,1900,-2
28775.jpg,1902,1900,-2
28780.jpg,1902,1900,-2
28785.jpg,1902,1900,-2
28790.jpg,1902,1900,-2
28795.jpg,1902,1900,-2
28800.jpg,1902,1900,-2
28805.jpg,1902,1900,-2
28810.jpg,1902,1850,-52
28815.jpg,1902,1900,-2
28820.jpg,1902,1900,-2
28825.jpg,1902,1890,-12
28830.jpg,1902,1850,-52
28835.jpg,1902,1900,-2
28840.jpg,1902,1800,-102
28845.jpg,1902,1950,48
28850.jpg,1902,1886,-16
28855.jpg,1902,1900,-2
28860.jpg,1902,1900,-2
28865.jpg,1902,1900,-2
28870.jpg,1902,1950,48
28875.jpg,1902,1900,-2
28880.jpg,1902,1800,-102
28885.jpg,1902,1800,-102
28890.jpg,1902,1900,-2
28895.jpg,1902,1900,-2
28900.jpg,1902,1900,-2
28905.jpg,1902,1900,-2
28910.jpg,1902,1900,-2
28915.jpg,1902,1900,-2
28920.jpg,1903,1200,-703
28925.jpg,1903,1900,-3
28930.jpg,1903,1890,-13
28935.jpg,1903,1900,-3
28940.jpg,1903,1900,-3
28945.jpg,1903,1900,-3
28955.jpg,1903,1930,27
28960.jpg,1903,1900,-3
28965.jpg,1903,1890,-13
28970.jpg,1903,1900,-3
28975.jpg,1903,1850,-53
28980.jpg,1903,1900,-3
28985.jpg,1903,1920,17
28990.jpg,1903,1900,-3
28995.jpg,1903,1962,59
29000.jpg,1903,1900,-3
29005.jpg,1903,1900,-3
29010.jpg,1903,1900,-3
29015.jpg,1903,1900,-3
29020.jpg,1903,1900,-3
29025.jpg,1903,1900,-3
29030.jpg,1903,1900,-3
29035.jpg,1903,1900,-3
29040.jpg,1903,1900,-3
29045.jpg,1903,1900,-3
29050.jpg,1903,2010,107
29055.jpg,1903,1900,-3
29060.jpg,1903,1950,47
29065.jpg,1903,1900,-3
29070.jpg,1903,1900,-3
29075.jpg,1903,1950,47
29080.jpg,1903,2000,97
29085.jpg,1903,1850,-53
29090.jpg,1903,1880,-23
29095.jpg,1903,1900,-3
29100.jpg,1903,1980,77
29105.jpg,1903,1900,-3
29110.jpg,1903,1900,-3
29115.jpg,1903,1900,-3
29120.jpg,1903,1900,-3
29125.jpg,1903,1850,-53
29130.jpg,1903,1900,-3
29135.jpg,1903,1900,-3
29140.jpg,1903,1900,-3
29145.jpg,1903,1950,47
29150.jpg,1903,1880,-23
29155.jpg,1903,1900,-3
29160.jpg,1903,1890,-13
29165.jpg,1903,1900,-3
29170.jpg,1903,2000,97
29175.jpg,1903,1900,-3
29180.jpg,1903,1900,-3
29185.jpg,1903,1900,-3
29190.jpg,1903,1900,-3
29195.jpg,1903,1850,-53
29200.jpg,1903,1900,-3
29205.jpg,1903,1920,17
29210.jpg,1903,1800,-103
29215.jpg,1903,1900,-3
29220.jpg,1903,1900,-3
29225.jpg,1903,1850,-53
29230.jpg,1903,1900,-3
29235.jpg,1903,1850,-53
29240.jpg,1903,1900,-3
29245.jpg,1903,1900,-3
29250.jpg,1903,1900,-3
29255.jpg,1903,1900,-3
29260.jpg,1903,2000,97
29265.jpg,1903,1900,-3
29270.jpg,1903,1890,-13
29275.jpg,1903,1850,-53
29280.jpg,1903,1900,-3
29285.jpg,1903,1900,-3
29290.jpg,1903,1900,-3
29295.jpg,1903,1900,-3
29300.jpg,1903,2000,97
29305.jpg,1903,1900,-3
29310.jpg,1903,1850,-53
29315.jpg,1903,1920,17
29320.jpg,1903,1900,-3
29325.jpg,1903,1900,-3
29330.jpg,1903,1900,-3
29335.jpg,1903,1900,-3
29340.jpg,1903,1900,-3
29345.jpg,1903,1900,-3
29350.jpg,1903,1900,-3
29355.jpg,1903,1900,-3
29360.jpg,1903,1900,-3
29365.jpg,1903,2000,97
29370.jpg,1903,1950,47
29375.jpg,1903,1800,-103
29380.jpg,1904,1600,-304
29385.jpg,1904,1900,-4
29390.jpg,1904,1900,-4
29395.jpg,1904,2000,96
29400.jpg,1904,1900,-4
29405.jpg,1904,1930,26
29410.jpg,1904,1900,-4
29415.jpg,1904,1900,-4
29420.jpg,1904,1900,-4
29425.jpg,1904,1900,-4
29430.jpg,1904,1900,-4
29435.jpg,1904,1900,-4
29440.jpg,1904,1900,-4
29445.jpg,1904,1900,-4
29450.jpg,1904,1900,-4
29455.jpg,1904,1900,-4
29460.jpg,1904,1600,-304
29465.jpg,1904,1950,46
29470.jpg,1904,2000,96
29475.jpg,1904,1900,-4
29480.jpg,1904,2000,96
29485.jpg,1904,1900,-4
29490.jpg,1904,1900,-4
29495.jpg,1904,1900,-4
29500.jpg,1904,2000,96
29505.jpg,1904,1890,-14
29510.jpg,1904,1900,-4
29515.jpg,1904,1900,-4
29520.jpg,1904,1900,-4
29525.jpg,1904,1900,-4
29530.jpg,1904,1900,-4
29535.jpg,1904,1900,-4
29540.jpg,1904,1900,-4
29550.jpg,1904,1850,-54
29555.jpg,1904,1920,16
29560.jpg,1904,1920,16
29565.jpg,1904,1888,-16
29570.jpg,1904,1900,-4
29575.jpg,1904,1900,-4
29580.jpg,1904,1900,-4
29585.jpg,1904,1900,-4
29590.jpg,1904,1900,-4
29595.jpg,1904,1900,-4
29600.jpg,1904,1900,-4
29605.jpg,1904,1900,-4
29610.jpg,1904,1890,-14
29615.jpg,1904,1900,-4
29620.jpg,1904,1900,-4
29625.jpg,1904,1900,-4
29630.jpg,1904,1900,-4
29635.jpg,1904,1900,-4
29640.jpg,1904,1820,-84
29645.jpg,1904,1900,-4
29650.jpg,1904,1900,-4
29655.jpg,1904,1900,-4
29660.jpg,1904,1900,-4
29665.jpg,1904,1980,76
29670.jpg,1904,1900,-4
29675.jpg,1904,1800,-104
29680.jpg,1904,1900,-4
29685.jpg,1904,1900,-4
29690.jpg,1904,1900,-4
29695.jpg,1904,1900,-4
29700.jpg,1904,1900,-4
29705.jpg,1904,1900,-4
29710.jpg,1904,1850,-54
29715.jpg,1904,1900,-4
29720.jpg,1904,1900,-4
29725.jpg,1904,1900,-4
29730.jpg,1904,1850,-54
29735.jpg,1904,1850,-54
29740.jpg,1904,1950,46
29745.jpg,1904,1900,-4
29750.jpg,1904,1900,-4
29755.jpg,1904,1850,-54
29760.jpg,1904,1900,-4
29765.jpg,1904,1900,-4
29770.jpg,1904,1900,-4
29775.jpg,1904,1950,46
29780.jpg,1904,1904,0
29790.jpg,1904,1900,-4
29795.jpg,1904,1900,-4
29800.jpg,1904,1900,-4
29805.jpg,1904,1900,-4
29810.jpg,1904,1900,-4
29815.jpg,1904,1900,-4
29820.jpg,1904,1900,-4
29825.jpg,1904,1900,-4
29830.jpg,1905,1900,-5
29835.jpg,1905,1900,-5
29840.jpg,1905,1900,-5
29845.jpg,1905,1900,-5
29850.jpg,1905,1996,91
29855.jpg,1905,1900,-5
29860.jpg,1905,2000,95
29865.jpg,1905,1900,-5
29870.jpg,1905,1900,-5
29875.jpg,1905,1950,45
29880.jpg,1905,1880,-25
29885.jpg,1905,1950,45
29890.jpg,1905,1900,-5
29895.jpg,1905,1890,-15
29900.jpg,1905,1900,-5
29905.jpg,1905,1900,-5
29910.jpg,1905,1920,15
29915.jpg,1905,1900,-5
29920.jpg,1905,1900,-5
29925.jpg,1905,1900,-5
29930.jpg,1905,1900,-5
29935.jpg,1905,1900,-5
29940.jpg,1905,1850,-55
29945.jpg,1905,1900,-5
29950.jpg,1905,1890,-15
29960.jpg,1905,1900,-5
29965.jpg,1905,1890,-15
29970.jpg,1905,1900,-5
29975.jpg,1905,1900,-5
29980.jpg,1905,1900,-5
29985.jpg,1905,1900,-5
29990.jpg,1905,1881,-24
29995.jpg,1905,1850,-55
30000.jpg,1905,1850,-55
30005.jpg,1905,1920,15
30015.jpg,1905,1900,-5
30020.jpg,1905,1900,-5
30025.jpg,1905,1900,-5
30030.jpg,1905,1900,-5
30035.jpg,1905,1900,-5
30040.jpg,1905,1990,85
30045.jpg,1905,1800,-105
30050.jpg,1905,2000,95
30055.jpg,1905,1950,45
30060.jpg,1905,1900,-5
30065.jpg,1905,1900,-5
30070.jpg,1905,1900,-5
30075.jpg,1905,1900,-5
30080.jpg,1905,1900,-5
30085.jpg,1905,1980,75
30090.jpg,1905,1900,-5
30095.jpg,1905,1890,-15
30100.jpg,1905,1900,-5
30105.jpg,1905,1900,-5
30110.jpg,1905,1980,75
30115.jpg,1905,1850,-55
30120.jpg,1905,1900,-5
30125.jpg,1905,1900,-5
30130.jpg,1905,1900,-5
30135.jpg,1905,1900,-5
30140.jpg,1905,1900,-5
30145.jpg,1905,1850,-55
30155.jpg,1905,1850,-55
30160.jpg,1905,1980,75
30165.jpg,1905,1800,-105
30170.jpg,1905,1890,-15
30175.jpg,1905,1900,-5
30180.jpg,1905,1950,45
30185.jpg,1905,1900,-5
30190.jpg,1905,1900,-5
30195.jpg,1905,1900,-5
30200.jpg,1905,1893,-12
30205.jpg,1905,1900,-5
30210.jpg,1905,1682,-223
30215.jpg,1905,1900,-5
30220.jpg,1905,1900,-5
30225.jpg,1905,1900,-5
30230.jpg,1905,1950,45
30235.jpg,1905,1890,-15
30240.jpg,1905,1900,-5
30245.jpg,1905,1900,-5
30250.jpg,1905,1900,-5
30255.jpg,1905,1900,-5
30260.jpg,1905,1900,-5
30265.jpg,1905,1900,-5
30270.jpg,1905,2000,95
30275.jpg,1905,1900,-5
30280.jpg,1905,1900,-5
30285.jpg,1905,1900,-5
30290.jpg,1905,1900,-5
30295.jpg,1906,1600,-306
30300.jpg,1906,1900,-6
30305.jpg,1906,1900,-6
30310.jpg,1906,1900,-6
30315.jpg,1906,1900,-6
30320.jpg,1906,2010,104
30325.jpg,1906,1900,-6
30330.jpg,1906,1900,-6
30335.jpg,1906,2000,94
30340.jpg,1906,1900,-6
30345.jpg,1906,1900,-6
30350.jpg,1906,1900,-6
30355.jpg,1906,1800,-106
30360.jpg,1906,1900,-6
30365.jpg,1906,1920,14
30370.jpg,1906,1900,-6
30375.jpg,1906,1900,-6
30380.jpg,1906,1900,-6
30385.jpg,1906,1900,-6
30390.jpg,1906,1900,-6
30395.jpg,1906,1900,-6
30400.jpg,1906,1900,-6
30405.jpg,1906,1900,-6
30410.jpg,1906,1900,-6
30415.jpg,1906,1900,-6
30420.jpg,1906,1950,44
30425.jpg,1906,1900,-6
30430.jpg,1906,1900,-6
30435.jpg,1906,1900,-6
30440.jpg,1906,2000,94
30445.jpg,1906,1850,-56
30450.jpg,1906,1900,-6
30455.jpg,1906,1900,-6
30460.jpg,1906,1900,-6
30465.jpg,1906,1900,-6
30470.jpg,1906,1850,-56
30475.jpg,1906,1900,-6
30480.jpg,1906,1900,-6
30485.jpg,1906,1900,-6
30490.jpg,1906,1800,-106
30495.jpg,1906,1900,-6
30500.jpg,1906,1980,74
30505.jpg,1906,2000,94
30510.jpg,1906,1900,-6
30515.jpg,1906,1900,-6
30520.jpg,1906,1850,-56
30525.jpg,1906,1900,-6
30530.jpg,1906,1890,-16
30535.jpg,1906,1900,-6
30540.jpg,1906,1820,-86
30545.jpg,1906,1920,14
30550.jpg,1906,1900,-6
30555.jpg,1906,1900,-6
30560.jpg,1906,1900,-6
30565.jpg,1906,1900,-6
30570.jpg,1906,1850,-56
30575.jpg,1906,1800,-106
30580.jpg,1906,1980,74
30585.jpg,1906,1850,-56
30590.jpg,1906,1900,-6
30595.jpg,1906,1900,-6
30600.jpg,1906,1900,-6
30605.jpg,1906,1890,-16
30610.jpg,1906,1850,-56
30615.jpg,1906,2000,94
30620.jpg,1906,1900,-6
30625.jpg,1906,1850,-56
30630.jpg,1906,1900,-6
30635.jpg,1906,1900,-6
30640.jpg,1906,1900,-6
30645.jpg,1906,1900,-6
30650.jpg,1906,1820,-86
30655.jpg,1906,1900,-6
30665.jpg,1906,1900,-6
30670.jpg,1906,1900,-6
30685.jpg,1906,1880,-26
30690.jpg,1906,1950,44
30695.jpg,1906,1900,-6
30700.jpg,1906,1900,-6
30705.jpg,1906,1900,-6
30710.jpg,1906,1950,44
30715.jpg,1906,1990,84
30720.jpg,1906,1900,-6
30725.jpg,1906,1900,-6
30730.jpg,1906,1900,-6
30740.jpg,1906,1900,-6
30745.jpg,1906,1900,-6
30750.jpg,1906,1900,-6
30760.jpg,1907,1900,-7
30765.jpg,1907,1900,-7
30770.jpg,1907,1890,-17
30780.jpg,1907,1900,-7
30785.jpg,1907,1920,13
30790.jpg,1907,2000,93
30795.jpg,1907,1700,-207
30800.jpg,1907,1900,-7
30805.jpg,1907,1880,-27
30810.jpg,1907,1900,-7
30815.jpg,1907,1900,-7
30820.jpg,1907,1900,-7
30825.jpg,1907,1900,-7
30830.jpg,1907,1900,-7
30835.jpg,1907,1900,-7
30840.jpg,1907,1920,13
30845.jpg,1907,1900,-7
30855.jpg,1907,1900,-7
30860.jpg,1907,1900,-7
30865.jpg,1907,1900,-7
30870.jpg,1907,1900,-7
30875.jpg,1907,1900,-7
30880.jpg,1907,1900,-7
30885.jpg,1907,1900,-7
30895.jpg,1907,1900,-7
30900.jpg,1907,1880,-27
30905.jpg,1907,1900,-7
30910.jpg,1907,1980,73
30915.jpg,1907,2000,93
30920.jpg,1907,1960,53
30925.jpg,1907,1890,-17
30930.jpg,1907,1900,-7
30935.jpg,1907,1900,-7
30940.jpg,1907,2000,93
30945.jpg,1907,1920,13
30950.jpg,1907,1900,-7
30955.jpg,1907,1900,-7
30960.jpg,1907,1900,-7
30965.jpg,1907,1900,-7
30970.jpg,1907,1900,-7
30975.jpg,1907,1850,-57
30980.jpg,1907,1920,13
30985.jpg,1907,1900,-7
30990.jpg,1907,1900,-7
30995.jpg,1907,1900,-7
31000.jpg,1907,1900,-7
31005.jpg,1907,1850,-57
31010.jpg,1907,1900,-7
31015.jpg,1907,1900,-7
31020.jpg,1907,1900,-7
31025.jpg,1907,1900,-7
31030.jpg,1907,1900,-7
31035.jpg,1907,1800,-107
31040.jpg,1907,1900,-7
31045.jpg,1907,1900,-7
31050.jpg,1907,1900,-7
31055.jpg,1907,1820,-87
31060.jpg,1907,1900,-7
31065.jpg,1907,1900,-7
31070.jpg,1907,1900,-7
31075.jpg,1907,1900,-7
31080.jpg,1907,1900,-7
31085.jpg,1907,1900,-7
31090.jpg,1907,1890,-17
31095.jpg,1907,1900,-7
31100.jpg,1907,1900,-7
31105.jpg,1907,1900,-7
31110.jpg,1907,1900,-7
31115.jpg,1907,1900,-7
31120.jpg,1907,1890,-17
31125.jpg,1907,1900,-7
31130.jpg,1907,1900,-7
31135.jpg,1907,1900,-7
31140.jpg,1907,1900,-7
31150.jpg,1907,1900,-7
31155.jpg,1907,1900,-7
31160.jpg,1907,1900,-7
31165.jpg,1907,1900,-7
31170.jpg,1907,1900,-7
31175.jpg,1907,1900,-7
31180.jpg,1907,1900,-7
31185.jpg,1907,1900,-7
31190.jpg,1907,2000,93
31195.jpg,1907,1900,-7
31200.jpg,1907,1950,43
31205.jpg,1907,1900,-7
31210.jpg,1907,1890,-17
31215.jpg,1907,1900,-7
31220.jpg,1907,1900,-7
31225.jpg,1907,1900,-7
31230.jpg,1907,1900,-7
31235.jpg,1907,1900,-7
31240.jpg,1907,1900,-7
31245.jpg,1907,1900,-7
31250.jpg,1907,1900,-7
31255.jpg,1907,1900,-7
31260.jpg,1907,1900,-7
31265.jpg,1907,1891,-16
31270.jpg,1907,1900,-7
31275.jpg,1907,1900,-7
31280.jpg,1907,1750,-157
31285.jpg,1907,1980,73
31290.jpg,1907,1850,-57
31295.jpg,1907,1950,43
31300.jpg,1907,1980,73
31305.jpg,1907,1900,-7
31310.jpg,1908,1700,-208
31315.jpg,1908,1900,-8
31320.jpg,1908,1920,12
31325.jpg,1908,1900,-8
31330.jpg,1908,1880,-28
31335.jpg,1908,1900,-8
31345.jpg,1908,2000,92
31350.jpg,1908,1900,-8
31355.jpg,1908,1900,-8
31360.jpg,1908,2000,92
31365.jpg,1908,1900,-8
31370.jpg,1908,1900,-8
31380.jpg,1908,1900,-8
31385.jpg,1908,1900,-8
31390.jpg,1908,1900,-8
31395.jpg,1908,1900,-8
31400.jpg,1908,1920,12
31405.jpg,1908,1900,-8
31410.jpg,1908,1900,-8
31415.jpg,1908,1900,-8
31420.jpg,1908,1900,-8
31425.jpg,1908,1950,42
31430.jpg,1908,1900,-8
31435.jpg,1908,1980,72
31440.jpg,1908,1900,-8
31445.jpg,1908,1900,-8
31450.jpg,1908,1900,-8
31455.jpg,1908,1900,-8
31460.jpg,1908,1900,-8
31465.jpg,1908,1920,12
31470.jpg,1908,1900,-8
31475.jpg,1908,1900,-8
31480.jpg,1908,1850,-58
31485.jpg,1908,1900,-8
31490.jpg,1908,1850,-58
31500.jpg,1908,1900,-8
31505.jpg,1908,1900,-8
31510.jpg,1908,1900,-8
31515.jpg,1908,1890,-18
31520.jpg,1908,2000,92
31525.jpg,1908,1900,-8
31530.jpg,1908,1950,42
31535.jpg,1908,1900,-8
31540.jpg,1908,1900,-8
31545.jpg,1908,2000,92
31550.jpg,1908,1900,-8
31555.jpg,1908,1900,-8
31560.jpg,1908,1900,-8
31565.jpg,1908,1800,-108
31570.jpg,1908,1800,-108
31575.jpg,1908,1775,-133
31580.jpg,1908,1950,42
31585.jpg,1908,2000,92
31590.jpg,1908,2000,92
31595.jpg,1908,1900,-8
31600.jpg,1908,1900,-8
31605.jpg,1908,1900,-8
31610.jpg,1908,1900,-8
31620.jpg,1908,1950,42
31625.jpg,1908,1960,52
31630.jpg,1908,1900,-8
31635.jpg,1908,1900,-8
31640.jpg,1908,2000,92
31645.jpg,1908,1900,-8
31650.jpg,1908,1950,42
31655.jpg,1908,1900,-8
31660.jpg,1908,1900,-8
31665.jpg,1908,1900,-8
31670.jpg,1908,1890,-18
31675.jpg,1908,1900,-8
31680.jpg,1908,1800,-108
31685.jpg,1908,1900,-8
31690.jpg,1908,1900,-8
31695.jpg,1908,1900,-8
31700.jpg,1908,1900,-8
31705.jpg,1908,1900,-8
31710.jpg,1908,1880,-28
31715.jpg,1908,1900,-8
31720.jpg,1908,1900,-8
31725.jpg,1908,1900,-8
31730.jpg,1908,1900,-8
31735.jpg,1908,1900,-8
31740.jpg,1908,1900,-8
31745.jpg,1908,1900,-8
31750.jpg,1908,1900,-8
31755.jpg,1908,1900,-8
31760.jpg,1908,1900,-8
31765.jpg,1909,1900,-9
31770.jpg,1909,1900,-9
31775.jpg,1909,1900,-9
31780.jpg,1909,1900,-9
31785.jpg,1909,2010,101
31790.jpg,1909,2000,91
31805.jpg,1909,1950,41
31815.jpg,1909,1900,-9
31820.jpg,1909,1900,-9
31825.jpg,1909,1900,-9
31830.jpg,1909,1850,-59
31835.jpg,1909,1980,71
31840.jpg,1909,1900,-9
31845.jpg,1909,1900,-9
31850.jpg,1909,1900,-9
31855.jpg,1909,1950,41
31860.jpg,1909,1900,-9
31865.jpg,1909,1900,-9
31870.jpg,1909,1920,11
31875.jpg,1909,1900,-9
31880.jpg,1909,1906,-3
31885.jpg,1909,1900,-9
31890.jpg,1909,1900,-9
31895.jpg,1909,2000,91
31900.jpg,1909,1900,-9
31905.jpg,1909,1900,-9
31910.jpg,1909,1900,-9
31915.jpg,1909,1980,71
31920.jpg,1909,1200,-709
31925.jpg,1909,1900,-9
31930.jpg,1909,1900,-9
31935.jpg,1909,1900,-9
31940.jpg,1909,1900,-9
31945.jpg,1909,1900,-9
31950.jpg,1909,1920,11
31955.jpg,1909,1913,4
31960.jpg,1909,2000,91
31970.jpg,1909,1900,-9
31975.jpg,1909,1890,-19
31980.jpg,1909,1900,-9
31985.jpg,1909,1900,-9
31990.jpg,1909,1900,-9
31995.jpg,1909,1950,41
32005.jpg,1909,1850,-59
32015.jpg,1909,1850,-59
32020.jpg,1909,1900,-9
32025.jpg,1909,1900,-9
32030.jpg,1909,1850,-59
32035.jpg,1909,1850,-59
32045.jpg,1909,1800,-109
32050.jpg,1909,1890,-19
32055.jpg,1909,1900,-9
32060.jpg,1909,1900,-9
32065.jpg,1909,1900,-9
32070.jpg,1909,1900,-9
32075.jpg,1909,1900,-9
32080.jpg,1909,1900,-9
32085.jpg,1909,1900,-9
32090.jpg,1909,1900,-9
32095.jpg,1909,1900,-9
32100.jpg,1909,1900,-9
32105.jpg,1909,1990,81
32110.jpg,1909,1900,-9
32115.jpg,1909,1900,-9
32120.jpg,1909,1900,-9
32125.jpg,1909,1900,-9
32130.jpg,1909,1900,-9
32135.jpg,1909,2000,91
32140.jpg,1909,1900,-9
32145.jpg,1909,1900,-9
32150.jpg,1909,1450,-459
32155.jpg,1909,1950,41
32160.jpg,1909,1900,-9
32165.jpg,1909,1900,-9
32170.jpg,1909,1900,-9
32175.jpg,1909,1900,-9
32180.jpg,1909,1900,-9
32185.jpg,1909,1900,-9
32190.jpg,1909,1858,-51
32195.jpg,1909,1900,-9
32200.jpg,1909,1950,41
32205.jpg,1909,1900,-9
32210.jpg,1909,1900,-9
32215.jpg,1909,1900,-9
32220.jpg,1909,1900,-9
32225.jpg,1909,1960,51
32230.jpg,1910,1600,-310
32235.jpg,1910,1900,-10
32240.jpg,1910,1900,-10
32245.jpg,1910,1900,-10
32255.jpg,1910,1900,-10
32260.jpg,1910,1950,40
32265.jpg,1910,2000,90
32270.jpg,1910,2000,90
32275.jpg,1910,2000,90
32280.jpg,1910,1900,-10
32285.jpg,1910,1900,-10
32290.jpg,1910,1900,-10
32295.jpg,1910,1900,-10
32300.jpg,1910,1900,-10
32305.jpg,1910,1900,-10
32310.jpg,1910,1890,-20
32315.jpg,1910,1900,-10
32320.jpg,1910,1900,-10
32325.jpg,1910,1900,-10
32330.jpg,1910,1920,10
32335.jpg,1910,1920,10
32340.jpg,1910,1900,-10
32345.jpg,1910,1900,-10
32350.jpg,1910,1900,-10
32355.jpg,1910,1900,-10
32360.jpg,1910,1980,70
32365.jpg,1910,1990,80
32370.jpg,1910,2000,90
32375.jpg,1910,1900,-10
32380.jpg,1910,1900,-10
32385.jpg,1910,1990,80
32390.jpg,1910,1900,-10
32395.jpg,1910,2000,90
32400.jpg,1910,1450,-460
32405.jpg,1910,1800,-110
32410.jpg,1910,1900,-10
32415.jpg,1910,1850,-60
32420.jpg,1910,1900,-10
32425.jpg,1910,1900,-10
32430.jpg,1910,1900,-10
32435.jpg,1910,1850,-60
32440.jpg,1910,1900,-10
32445.jpg,1910,1900,-10
32450.jpg,1910,1900,-10
32455.jpg,1910,1850,-60
32460.jpg,1910,1900,-10
32465.jpg,1910,1900,-10
32470.jpg,1910,1850,-60
32475.jpg,1910,1900,-10
32480.jpg,1910,1900,-10
32485.jpg,1910,1900,-10
32490.jpg,1910,1900,-10
32495.jpg,1910,1980,70
32500.jpg,1910,1900,-10
32505.jpg,1910,1900,-10
32510.jpg,1910,1900,-10
32515.jpg,1910,1900,-10
32520.jpg,1910,1900,-10
32525.jpg,1910,1850,-60
32530.jpg,1910,1900,-10
32535.jpg,1910,1900,-10
32540.jpg,1910,1950,40
32545.jpg,1910,1950,40
32550.jpg,1910,1900,-10
32555.jpg,1910,1900,-10
32560.jpg,1910,1950,40
32565.jpg,1910,1900,-10
32570.jpg,1910,1950,40
32575.jpg,1910,1900,-10
32580.jpg,1910,1900,-10
32585.jpg,1910,1900,-10
32590.jpg,1910,1900,-10
32595.jpg,1910,1900,-10
32600.jpg,1910,1900,-10
32605.jpg,1910,1900,-10
32610.jpg,1910,1900,-10
32615.jpg,1910,1900,-10
32620.jpg,1910,1900,-10
32625.jpg,1910,1900,-10
32630.jpg,1910,1900,-10
32635.jpg,1910,1920,10
32640.jpg,1910,1900,-10
32645.jpg,1910,1900,-10
32650.jpg,1910,1900,-10
32655.jpg,1910,1950,40
32660.jpg,1910,1900,-10
32665.jpg,1910,1900,-10
32675.jpg,1910,1900,-10
32680.jpg,1910,1900,-10
32685.jpg,1910,2000,90
32690.jpg,1910,1900,-10
32695.jpg,1910,1900,-10
32700.jpg,1910,1900,-10
32705.jpg,1910,1900,-10
32710.jpg,1910,1900,-10
32715.jpg,1910,1900,-10
32720.jpg,1910,1900,-10
32725.jpg,1910,1900,-10
32730.jpg,1910,1950,40
32735.jpg,1910,1850,-60
32740.jpg,1911,1900,-11
32745.jpg,1911,1900,-11
32750.jpg,1911,1900,-11
32755.jpg,1911,1920,9
32760.jpg,1911,1900,-11
32765.jpg,1911,1900,-11
32770.jpg,1911,1893,-18
32775.jpg,1911,1900,-11
32780.jpg,1911,1900,-11
32785.jpg,1911,1897,-14
32790.jpg,1911,1900,-11
32795.jpg,1911,1913,2
32800.jpg,1911,1900,-11
32805.jpg,1911,1880,-31
32810.jpg,1911,1900,-11
32815.jpg,1911,1900,-11
32820.jpg,1911,2000,89
32825.jpg,1911,1900,-11
32830.jpg,1911,2000,89
32835.jpg,1911,1900,-11
32840.jpg,1911,1970,59
32845.jpg,1911,1450,-461
32850.jpg,1911,1892,-19
32855.jpg,1911,1900,-11
32860.jpg,1911,1900,-11
32865.jpg,1911,1900,-11
32870.jpg,1911,1900,-11
32875.jpg,1911,1900,-11
32885.jpg,1911,1900,-11
32890.jpg,1911,1900,-11
32895.jpg,1911,1900,-11
32900.jpg,1911,1900,-11
32905.jpg,1911,1900,-11
32910.jpg,1911,1850,-61
32915.jpg,1911,1900,-11
32920.jpg,1911,1900,-11
32925.jpg,1911,1900,-11
32930.jpg,1911,1900,-11
32935.jpg,1911,2000,89
32940.jpg,1911,1900,-11
32945.jpg,1911,1900,-11
32950.jpg,1911,2000,89
32955.jpg,1911,1870,-41
32960.jpg,1911,1900,-11
32965.jpg,1911,1950,39
32970.jpg,1911,1900,-11
32975.jpg,1911,1900,-11
32980.jpg,1911,1900,-11
32985.jpg,1911,1920,9
32990.jpg,1911,1850,-61
32995.jpg,1911,1890,-21
33000.jpg,1911,2000,89
33005.jpg,1911,1800,-111
33010.jpg,1911,1900,-11
33015.jpg,1911,1850,-61
33020.jpg,1911,1900,-11
33025.jpg,1911,1800,-111
33030.jpg,1911,1900,-11
33035.jpg,1911,2000,89
33040.jpg,1911,1900,-11
33045.jpg,1911,1900,-11
33050.jpg,1911,1980,69
33055.jpg,1911,1900,-11
33060.jpg,1911,1900,-11
33065.jpg,1911,1850,-61
33070.jpg,1911,1900,-11
33075.jpg,1911,1900,-11
33080.jpg,1911,1900,-11
33085.jpg,1911,1900,-11
33090.jpg,1911,1900,-11
33095.jpg,1911,1880,-31
33100.jpg,1911,1700,-211
33105.jpg,1911,1850,-61
33110.jpg,1911,1900,-11
33115.jpg,1911,1800,-111
33120.jpg,1911,1900,-11
33125.jpg,1911,1900,-11
33130.jpg,1911,1900,-11
33135.jpg,1911,1900,-11
33140.jpg,1911,1900,-11
33145.jpg,1911,1900,-11
33150.jpg,1911,1500,-411
33155.jpg,1911,2000,89
33160.jpg,1911,1950,39
33165.jpg,1911,1900,-11
33170.jpg,1911,1900,-11
33175.jpg,1911,2000,89
33180.jpg,1911,1900,-11
33185.jpg,1911,1900,-11
33190.jpg,1911,1900,-11
33195.jpg,1911,2000,89
33200.jpg,1911,1920,9
33205.jpg,1911,1900,-11
33210.jpg,1911,1755,-156
33215.jpg,1911,1900,-11
33220.jpg,1911,1900,-11
33225.jpg,1911,1900,-11
33230.jpg,1911,1900,-11
33235.jpg,1911,1900,-11
33240.jpg,1911,1900,-11
33245.jpg,1911,1960,49
33250.jpg,1911,1900,-11
33255.jpg,1911,1900,-11
33260.jpg,1911,1900,-11
33265.jpg,1911,1900,-11
33270.jpg,1911,1900,-11
33275.jpg,1911,1900,-11
33280.jpg,1912,1900,-12
33285.jpg,1912,1900,-12
33290.jpg,1912,1880,-32
33295.jpg,1912,1900,-12
33300.jpg,1912,1900,-12
33310.jpg,1912,1990,78
33315.jpg,1912,2000,88
33320.jpg,1912,2000,88
33325.jpg,1912,1900,-12
33330.jpg,1912,1900,-12
33335.jpg,1912,1900,-12
33340.jpg,1912,1900,-12
33345.jpg,1912,1900,-12
33350.jpg,1912,1900,-12
33355.jpg,1912,1900,-12
33360.jpg,1912,1900,-12
33365.jpg,1912,1890,-22
33375.jpg,1912,1900,-12
33380.jpg,1912,1900,-12
33385.jpg,1912,1900,-12
33390.jpg,1912,1900,-12
33395.jpg,1912,1980,68
33400.jpg,1912,1900,-12
33405.jpg,1912,2000,88
33410.jpg,1912,1850,-62
33415.jpg,1912,1900,-12
33420.jpg,1912,1906,-6
33425.jpg,1912,1900,-12
33430.jpg,1912,1900,-12
33435.jpg,1912,1900,-12
33440.jpg,1912,1900,-12
33445.jpg,1912,1900,-12
33450.jpg,1912,1900,-12
33455.jpg,1912,1850,-62
33460.jpg,1912,1900,-12
33465.jpg,1912,1900,-12
33470.jpg,1912,1900,-12
33475.jpg,1912,1890,-22
33480.jpg,1912,1900,-12
33485.jpg,1912,1950,38
33490.jpg,1912,1920,8
33495.jpg,1912,2000,88
33500.jpg,1912,1900,-12
33505.jpg,1912,1900,-12
33510.jpg,1912,1900,-12
33515.jpg,1912,1900,-12
33520.jpg,1912,1900,-12
33525.jpg,1912,1900,-12
33530.jpg,1912,1900,-12
33535.jpg,1912,1900,-12
33540.jpg,1912,1900,-12
33545.jpg,1912,1900,-12
33550.jpg,1912,1900,-12
33555.jpg,1912,1900,-12
33560.jpg,1912,1900,-12
33565.jpg,1912,1900,-12
33570.jpg,1912,1900,-12
33580.jpg,1912,1700,-212
33585.jpg,1912,1850,-62
33590.jpg,1912,1900,-12
33595.jpg,1912,1900,-12
33600.jpg,1912,1890,-22
33605.jpg,1912,1900,-12
33615.jpg,1912,1900,-12
33620.jpg,1912,1900,-12
33625.jpg,1912,1900,-12
33630.jpg,1912,1850,-62
33635.jpg,1912,2000,88
33640.jpg,1912,1850,-62
33645.jpg,1912,1900,-12
33650.jpg,1912,1900,-12
33655.jpg,1912,1900,-12
33660.jpg,1912,1900,-12
33665.jpg,1912,1850,-62
33670.jpg,1912,1900,-12
33675.jpg,1912,1900,-12
33680.jpg,1912,1900,-12
33685.jpg,1912,1900,-12
33690.jpg,1912,1960,48
33695.jpg,1912,1900,-12
33700.jpg,1912,1900,-12
33705.jpg,1912,1900,-12
33710.jpg,1912,1900,-12
33715.jpg,1912,1900,-12
33720.jpg,1912,1880,-32
33725.jpg,1912,1900,-12
33735.jpg,1912,1900,-12
33740.jpg,1912,1900,-12
33745.jpg,1912,1900,-12
33750.jpg,1912,1900,-12
33755.jpg,1912,1900,-12
33760.jpg,1912,1820,-92
33765.jpg,1913,1900,-13
33770.jpg,1913,1800,-113
33775.jpg,1913,1900,-13
33780.jpg,1913,1900,-13
33785.jpg,1913,1900,-13
33790.jpg,1913,1900,-13
33795.jpg,1913,1900,-13
33800.jpg,1913,1900,-13
33805.jpg,1913,1900,-13
33810.jpg,1913,1900,-13
33815.jpg,1913,1930,17
33820.jpg,1913,1920,7
33825.jpg,1913,1920,7
33830.jpg,1913,1900,-13
33840.jpg,1913,1900,-13
33845.jpg,1913,1900,-13
33850.jpg,1913,1900,-13
33855.jpg,1913,1900,-13
33860.jpg,1913,1900,-13
33865.jpg,1913,1900,-13
33870.jpg,1913,1900,-13
33875.jpg,1913,1900,-13
33880.jpg,1913,1900,-13
33885.jpg,1913,1900,-13
33890.jpg,1913,1900,-13
33895.jpg,1913,1990,77
33900.jpg,1913,1920,7
33905.jpg,1913,1900,-13
33910.jpg,1913,1900,-13
33915.jpg,1913,1900,-13
33920.jpg,1913,1900,-13
33925.jpg,1913,1950,37
33930.jpg,1913,1950,37
33935.jpg,1913,1820,-93
33940.jpg,1913,1900,-13
33945.jpg,1913,1900,-13
33950.jpg,1913,1900,-13
33955.jpg,1913,1900,-13
33960.jpg,1913,1900,-13
33965.jpg,1913,1950,37
33970.jpg,1913,1900,-13
33975.jpg,1913,1900,-13
33980.jpg,1913,1950,37
33985.jpg,1913,1960,47
33990.jpg,1913,1850,-63
33995.jpg,1913,1900,-13
34000.jpg,1913,1920,7
34005.jpg,1913,1900,-13
34010.jpg,1913,1900,-13
34015.jpg,1913,1950,37
34020.jpg,1913,1900,-13
34025.jpg,1913,1990,77
34030.jpg,1913,1900,-13
34035.jpg,1913,1900,-13
34040.jpg,1913,1900,-13
34045.jpg,1913,1950,37
34050.jpg,1913,1900,-13
34055.jpg,1913,1900,-13
34060.jpg,1913,1900,-13
34065.jpg,1913,1900,-13
34070.jpg,1913,1900,-13
34080.jpg,1913,1900,-13
34085.jpg,1913,1850,-63
34090.jpg,1913,1950,37
34095.jpg,1913,1900,-13
34100.jpg,1913,1900,-13
34105.jpg,1913,1900,-13
34110.jpg,1913,1890,-23
34115.jpg,1913,1900,-13
34120.jpg,1913,1900,-13
34125.jpg,1913,1900,-13
34130.jpg,1913,1900,-13
34135.jpg,1913,1900,-13
34140.jpg,1913,1900,-13
34145.jpg,1913,1950,37
34150.jpg,1913,1900,-13
34155.jpg,1913,1800,-113
34160.jpg,1913,1900,-13
34165.jpg,1913,1900,-13
34170.jpg,1913,2000,87
34175.jpg,1913,1850,-63
34180.jpg,1913,1900,-13
34185.jpg,1913,1900,-13
34190.jpg,1913,1920,7
34195.jpg,1913,1800,-113
34200.jpg,1913,1900,-13
34205.jpg,1913,1900,-13
34210.jpg,1913,1890,-23
34215.jpg,1913,1900,-13
34220.jpg,1913,2000,87
34225.jpg,1914,1900,-14
34230.jpg,1914,1900,-14
34235.jpg,1914,1920,6
34240.jpg,1914,1902,-12
34245.jpg,1914,1950,36
34250.jpg,1914,1950,36
34260.jpg,1914,2000,86
34265.jpg,1914,1900,-14
34270.jpg,1914,1920,6
34275.jpg,1914,1900,-14
34280.jpg,1914,1900,-14
34285.jpg,1914,1950,36
34290.jpg,1914,1900,-14
34295.jpg,1914,1900,-14
34300.jpg,1914,1900,-14
34305.jpg,1914,1900,-14
34310.jpg,1914,1900,-14
34315.jpg,1914,1900,-14
34320.jpg,1914,1900,-14
34325.jpg,1914,1900,-14
34330.jpg,1914,1900,-14
34335.jpg,1914,1900,-14
34345.jpg,1914,1900,-14
34350.jpg,1914,1820,-94
34360.jpg,1914,1900,-14
34365.jpg,1914,1900,-14
34370.jpg,1914,1900,-14
34375.jpg,1914,1900,-14
34380.jpg,1914,1950,36
34385.jpg,1914,1900,-14
34390.jpg,1914,1900,-14
34395.jpg,1914,1900,-14
34400.jpg,1914,1900,-14
34405.jpg,1914,1900,-14
34410.jpg,1914,1950,36
34415.jpg,1914,1900,-14
34420.jpg,1914,1900,-14
34425.jpg,1914,1900,-14
34430.jpg,1914,1900,-14
34435.jpg,1914,1900,-14
34440.jpg,1914,1850,-64
34445.jpg,1914,1900,-14
34450.jpg,1914,1900,-14
34455.jpg,1914,1900,-14
34460.jpg,1914,1900,-14
34465.jpg,1914,1900,-14
34470.jpg,1914,1900,-14
34475.jpg,1914,1900,-14
34480.jpg,1914,1900,-14
34485.jpg,1914,1900,-14
34490.jpg,1914,1900,-14
34495.jpg,1914,1850,-64
34500.jpg,1914,1900,-14
34505.jpg,1914,2000,86
34515.jpg,1914,1800,-114
34520.jpg,1914,1900,-14
34525.jpg,1914,1820,-94
34530.jpg,1914,1900,-14
34535.jpg,1914,1900,-14
34540.jpg,1914,1950,36
34545.jpg,1914,1900,-14
34550.jpg,1914,1900,-14
34555.jpg,1914,1820,-94
34560.jpg,1914,1900,-14
34565.jpg,1914,1900,-14
34570.jpg,1914,1980,66
34575.jpg,1914,1900,-14
34580.jpg,1914,1900,-14
34590.jpg,1914,1900,-14
34595.jpg,1914,1950,36
34600.jpg,1914,1900,-14
34605.jpg,1914,1900,-14
34610.jpg,1914,1900,-14
34615.jpg,1914,1900,-14
34620.jpg,1914,1800,-114
34625.jpg,1914,1900,-14
34630.jpg,1914,1900,-14
34635.jpg,1914,1850,-64
34640.jpg,1914,1450,-464
34645.jpg,1914,1900,-14
34650.jpg,1914,1900,-14
34655.jpg,1914,1900,-14
34660.jpg,1914,1900,-14
34665.jpg,1914,1900,-14
34670.jpg,1914,1900,-14
34675.jpg,1914,1900,-14
34680.jpg,1914,1928,14
34685.jpg,1914,1900,-14
34690.jpg,1914,1900,-14
34695.jpg,1914,2001,87
34700.jpg,1914,1900,-14
34705.jpg,1914,1900,-14
34710.jpg,1914,1900,-14
34715.jpg,1914,1920,6
34720.jpg,1915,1850,-65
34725.jpg,1915,1900,-15
34730.jpg,1915,1910,-5
34735.jpg,1915,1920,5
34740.jpg,1915,1916,1
34750.jpg,1915,1900,-15
34755.jpg,1915,1950,35
34765.jpg,1915,1600,-315
34770.jpg,1915,1900,-15
34775.jpg,1915,1900,-15
34780.jpg,1915,1950,35
34785.jpg,1915,1900,-15
34790.jpg,1915,1900,-15
34795.jpg,1915,1900,-15
34800.jpg,1915,1950,35
34805.jpg,1915,1900,-15
34810.jpg,1915,1900,-15
34815.jpg,1915,1900,-15
34820.jpg,1915,1960,45
34825.jpg,1915,1900,-15
34830.jpg,1915,1900,-15
34835.jpg,1915,1900,-15
34840.jpg,1915,1900,-15
34845.jpg,1915,1920,5
34850.jpg,1915,1900,-15
34855.jpg,1915,1900,-15
34860.jpg,1915,1950,35
34865.jpg,1915,1900,-15
34870.jpg,1915,1950,35
34875.jpg,1915,2000,85
34880.jpg,1915,1900,-15
34885.jpg,1915,1900,-15
34890.jpg,1915,1800,-115
34895.jpg,1915,1900,-15
34900.jpg,1915,1950,35
34905.jpg,1915,1900,-15
34910.jpg,1915,1950,35
34915.jpg,1915,1900,-15
34920.jpg,1915,1900,-15
34925.jpg,1915,1850,-65
34930.jpg,1915,1950,35
34935.jpg,1915,1900,-15
34940.jpg,1915,1800,-115
34945.jpg,1915,1900,-15
34950.jpg,1915,1950,35
34955.jpg,1915,1900,-15
34960.jpg,1915,1900,-15
34965.jpg,1915,1990,75
34970.jpg,1915,1900,-15
34975.jpg,1915,1900,-15
34980.jpg,1915,1900,-15
34985.jpg,1915,1900,-15
34990.jpg,1915,1900,-15
34995.jpg,1915,1900,-15
35000.jpg,1915,1900,-15
35005.jpg,1915,1900,-15
35010.jpg,1915,1950,35
35015.jpg,1915,1900,-15
35020.jpg,1915,2000,85
35025.jpg,1915,1890,-25
35030.jpg,1915,1900,-15
35035.jpg,1915,1900,-15
35040.jpg,1915,1900,-15
35045.jpg,1915,1900,-15
35050.jpg,1915,2000,85
35055.jpg,1915,1880,-35
35060.jpg,1915,1900,-15
35065.jpg,1915,1900,-15
35070.jpg,1915,1900,-15
35075.jpg,1915,1900,-15
35080.jpg,1915,1950,35
35085.jpg,1915,1900,-15
35090.jpg,1915,1900,-15
35095.jpg,1915,1900,-15
35100.jpg,1915,1900,-15
35105.jpg,1915,1900,-15
35110.jpg,1915,1900,-15
35115.jpg,1915,1900,-15
35120.jpg,1915,1900,-15
35125.jpg,1915,1908,-7
35130.jpg,1915,1900,-15
35135.jpg,1915,1900,-15
35140.jpg,1915,1850,-65
35145.jpg,1915,1920,5
35150.jpg,1915,1960,45
35155.jpg,1915,1900,-15
35160.jpg,1916,1920,4
35165.jpg,1916,1950,34
35170.jpg,1916,1900,-16
35175.jpg,1916,2000,84
35180.jpg,1916,1900,-16
35185.jpg,1916,1900,-16
35190.jpg,1916,1900,-16
35195.jpg,1916,1900,-16
35200.jpg,1916,1900,-16
35205.jpg,1916,1900,-16
35210.jpg,1916,1900,-16
35215.jpg,1916,1900,-16
35220.jpg,1916,1900,-16
35225.jpg,1916,1900,-16
35230.jpg,1916,1900,-16
35235.jpg,1916,1900,-16
35240.jpg,1916,1900,-16
35245.jpg,1916,1900,-16
35250.jpg,1916,1890,-26
35255.jpg,1916,1990,74
35260.jpg,1916,1900,-16
35265.jpg,1916,1900,-16
35270.jpg,1916,1900,-16
35275.jpg,1916,1900,-16
35280.jpg,1916,1900,-16
35285.jpg,1916,1900,-16
35290.jpg,1916,1750,-166
35295.jpg,1916,1900,-16
35300.jpg,1916,1920,4
35305.jpg,1916,1900,-16
35310.jpg,1916,1900,-16
35315.jpg,1916,1900,-16
35320.jpg,1916,1900,-16
35325.jpg,1916,1900,-16
35330.jpg,1916,1900,-16
35335.jpg,1916,1850,-66
35340.jpg,1916,1900,-16
35345.jpg,1916,1950,34
35350.jpg,1916,1900,-16
35355.jpg,1916,1900,-16
35360.jpg,1916,1900,-16
35365.jpg,1916,1950,34
35370.jpg,1916,1900,-16
35375.jpg,1916,1900,-16
35380.jpg,1916,1900,-16
35385.jpg,1916,1900,-16
35390.jpg,1916,1950,34
35395.jpg,1916,1900,-16
35400.jpg,1916,1900,-16
35405.jpg,1916,1900,-16
35410.jpg,1916,1900,-16
35415.jpg,1916,1900,-16
35420.jpg,1916,1900,-16
35425.jpg,1916,1950,34
35430.jpg,1916,1950,34
35435.jpg,1916,1800,-116
35440.jpg,1916,1900,-16
35445.jpg,1916,1900,-16
35450.jpg,1916,1900,-16
35455.jpg,1916,1880,-36
35460.jpg,1916,1900,-16
35465.jpg,1916,1950,34
35470.jpg,1916,1900,-16
35475.jpg,1916,1888,-28
35480.jpg,1916,1900,-16
35485.jpg,1916,1800,-116
35490.jpg,1916,1900,-16
35495.jpg,1916,1900,-16
35500.jpg,1916,1900,-16
35505.jpg,1916,1900,-16
35510.jpg,1916,1850,-66
35515.jpg,1916,1950,34
35520.jpg,1916,1900,-16
35525.jpg,1916,1900,-16
35530.jpg,1916,1900,-16
35535.jpg,1917,1900,-17
35540.jpg,1917,1900,-17
35545.jpg,1917,1900,-17
35550.jpg,1917,1900,-17
35555.jpg,1917,1920,3
35560.jpg,1917,1900,-17
35565.jpg,1917,1900,-17
35570.jpg,1917,1900,-17
35575.jpg,1917,1900,-17
35580.jpg,1917,1850,-67
35585.jpg,1917,1900,-17
35590.jpg,1917,1900,-17
35595.jpg,1917,1900,-17
35600.jpg,1917,1920,3
35605.jpg,1917,1900,-17
35610.jpg,1917,1900,-17
35615.jpg,1917,1900,-17
35620.jpg,1917,1930,13
35625.jpg,1917,1900,-17
35630.jpg,1917,1900,-17
35635.jpg,1917,1950,33
35640.jpg,1917,1900,-17
35645.jpg,1917,1900,-17
35650.jpg,1917,1950,33
35655.jpg,1917,1900,-17
35660.jpg,1917,2000,83
35665.jpg,1917,1950,33
35670.jpg,1917,1980,63
35675.jpg,1917,1900,-17
35680.jpg,1917,1900,-17
35685.jpg,1917,1850,-67
35690.jpg,1917,1950,33
35695.jpg,1917,1900,-17
35700.jpg,1917,1600,-317
35705.jpg,1917,1950,33
35710.jpg,1917,1900,-17
35715.jpg,1917,1900,-17
35720.jpg,1917,1970,53
35725.jpg,1917,1950,33
35730.jpg,1917,1900,-17
35735.jpg,1917,2000,83
35740.jpg,1917,1900,-17
35745.jpg,1917,1950,33
35750.jpg,1917,1900,-17
35755.jpg,1917,1900,-17
35760.jpg,1917,1950,33
35765.jpg,1917,1900,-17
35770.jpg,1917,1900,-17
35775.jpg,1917,1900,-17
35780.jpg,1917,1900,-17
35785.jpg,1917,2000,83
35790.jpg,1917,1920,3
35795.jpg,1917,1900,-17
35800.jpg,1917,2000,83
35805.jpg,1917,1900,-17
35810.jpg,1917,1900,-17
35815.jpg,1917,1900,-17
35820.jpg,1917,1950,33
35825.jpg,1917,1900,-17
35830.jpg,1917,1800,-117
35835.jpg,1917,1950,33
35840.jpg,1917,1820,-97
35845.jpg,1917,1950,33
35850.jpg,1917,1900,-17
35855.jpg,1917,1900,-17
35860.jpg,1917,1900,-17
35865.jpg,1917,1950,33
35870.jpg,1917,1920,3
35875.jpg,1917,1450,-467
35880.jpg,1917,1900,-17
35885.jpg,1917,1900,-17
35890.jpg,1917,1900,-17
35895.jpg,1917,1900,-17
35900.jpg,1917,1900,-17
35905.jpg,1917,1900,-17
35910.jpg,1917,1900,-17
35915.jpg,1917,1900,-17
35920.jpg,1918,1900,-18
35925.jpg,1918,2000,82
35930.jpg,1918,1800,-118
35935.jpg,1918,2000,82
35940.jpg,1918,1980,62
35945.jpg,1918,1900,-18
35950.jpg,1918,1950,32
35955.jpg,1918,1960,42
35960.jpg,1918,1900,-18
35965.jpg,1918,1980,62
35970.jpg,1918,1850,-68
35980.jpg,1918,1900,-18
35985.jpg,1918,1850,-68
35990.jpg,1918,1900,-18
35995.jpg,1918,1900,-18
36000.jpg,1918,1950,32
36005.jpg,1918,1900,-18
36010.jpg,1918,1820,-98
36015.jpg,1918,1850,-68
36020.jpg,1918,1950,32
36025.jpg,1918,1900,-18
36030.jpg,1918,1900,-18
36035.jpg,1918,1980,62
36040.jpg,1918,1900,-18
36045.jpg,1918,1850,-68
36050.jpg,1918,1950,32
36055.jpg,1918,1850,-68
36060.jpg,1918,1900,-18
36065.jpg,1918,1900,-18
36070.jpg,1918,1900,-18
36075.jpg,1918,1900,-18
36080.jpg,1918,1980,62
36085.jpg,1918,1900,-18
36090.jpg,1918,1900,-18
36095.jpg,1918,1900,-18
36100.jpg,1918,1900,-18
36105.jpg,1918,1900,-18
36110.jpg,1918,1900,-18
36115.jpg,1919,1900,-19
36120.jpg,1919,1920,1
36130.jpg,1919,1995,76
36140.jpg,1919,1900,-19
36145.jpg,1919,1900,-19
36150.jpg,1919,1900,-19
36155.jpg,1919,1950,31
36160.jpg,1919,1900,-19
36165.jpg,1919,1900,-19
36170.jpg,1919,1900,-19
36175.jpg,1919,1950,31
36180.jpg,1919,1980,61
36190.jpg,1919,2000,81
36195.jpg,1919,1850,-69
36200.jpg,1919,1960,41
36205.jpg,1919,1960,41
36210.jpg,1919,1900,-19
36215.jpg,1919,1850,-69
36225.jpg,1919,1900,-19
36230.jpg,1919,1900,-19
36235.jpg,1919,1900,-19
36240.jpg,1919,1850,-69
36245.jpg,1919,1900,-19
36250.jpg,1919,1900,-19
36255.jpg,1919,1850,-69
36260.jpg,1919,1950,31
36265.jpg,1919,1900,-19
36270.jpg,1919,1900,-19
36275.jpg,1919,1900,-19
36280.jpg,1919,1800,-119
36285.jpg,1919,1920,1
36290.jpg,1919,2000,81
36295.jpg,1919,1900,-19
36300.jpg,1919,1900,-19
36305.jpg,1919,1900,-19
36310.jpg,1919,1900,-19
36315.jpg,1919,1820,-99
36320.jpg,1919,1950,31
36325.jpg,1919,1900,-19
36330.jpg,1919,1900,-19
36335.jpg,1919,1950,31
36340.jpg,1919,1900,-19
36345.jpg,1919,1990,71
36350.jpg,1920,1950,30
36355.jpg,1920,1900,-20
36360.jpg,1920,1900,-20
36365.jpg,1920,2000,80
36370.jpg,1920,1980,60
36375.jpg,1920,1900,-20
36385.jpg,1920,1960,40
36390.jpg,1920,1900,-20
36395.jpg,1920,2000,80
36400.jpg,1920,1875,-45
36405.jpg,1920,1900,-20
36410.jpg,1920,2000,80
36415.jpg,1920,1850,-70
36420.jpg,1920,1900,-20
36425.jpg,1920,2000,80
36430.jpg,1920,1900,-20
36435.jpg,1920,1900,-20
36440.jpg,1920,1900,-20
36445.jpg,1920,1900,-20
36450.jpg,1920,1950,30
36455.jpg,1920,2000,80
36460.jpg,1920,1900,-20
36465.jpg,1920,1850,-70
36470.jpg,1920,1900,-20
36475.jpg,1920,1900,-20
36480.jpg,1920,1900,-20
36485.jpg,1920,2000,80
36490.jpg,1920,1900,-20
36495.jpg,1920,1900,-20
36500.jpg,1920,1950,30
36505.jpg,1920,1900,-20
36510.jpg,1920,1850,-70
36515.jpg,1920,1900,-20
36520.jpg,1920,1900,-20
36525.jpg,1920,1850,-70
36530.jpg,1920,1850,-70
36535.jpg,1920,1900,-20
36540.jpg,1920,1900,-20
36545.jpg,1920,1900,-20
36550.jpg,1920,1900,-20
36555.jpg,1920,1900,-20
36560.jpg,1920,1980,60
36565.jpg,1920,1880,-40
36570.jpg,1920,1900,-20
36575.jpg,1920,1850,-70
36580.jpg,1920,1990,70
36585.jpg,1920,1900,-20
36590.jpg,1920,1900,-20
36595.jpg,1920,1900,-20
36600.jpg,1920,2000,80
36605.jpg,1920,1900,-20
36610.jpg,1920,1900,-20
36615.jpg,1920,1900,-20
36620.jpg,1920,1900,-20
36625.jpg,1920,2000,80
36630.jpg,1920,1900,-20
36635.jpg,1920,1900,-20
36640.jpg,1920,1900,-20
36650.jpg,1920,1900,-20
36655.jpg,1920,1900,-20
36660.jpg,1920,1810,-110
36665.jpg,1920,1900,-20
36670.jpg,1920,1900,-20
36675.jpg,1920,1900,-20
36680.jpg,1920,1900,-20
36685.jpg,1920,1850,-70
36690.jpg,1921,1900,-21
36695.jpg,1921,1950,29
36700.jpg,1921,1980,59
36705.jpg,1921,1950,29
36710.jpg,1921,1900,-21
36715.jpg,1921,1896,-25
36720.jpg,1921,1895,-26
36725.jpg,1921,1920,-1
36735.jpg,1921,1990,69
36740.jpg,1921,1900,-21
36745.jpg,1921,1900,-21
36750.jpg,1921,1900,-21
36755.jpg,1921,1900,-21
36760.jpg,1921,1900,-21
36765.jpg,1921,1900,-21
36770.jpg,1921,1990,69
36775.jpg,1921,1900,-21
36780.jpg,1921,1900,-21
36785.jpg,1921,1960,39
36790.jpg,1921,1920,-1
36795.jpg,1921,1905,-16
36800.jpg,1921,1900,-21
36805.jpg,1921,1900,-21
36810.jpg,1921,1850,-71
36815.jpg,1921,1920,-1
36820.jpg,1921,1900,-21
36830.jpg,1921,1920,-1
36835.jpg,1921,1900,-21
36840.jpg,1921,1900,-21
36845.jpg,1921,1950,29
36850.jpg,1921,1900,-21
36855.jpg,1921,1900,-21
36860.jpg,1921,1900,-21
36870.jpg,1921,1900,-21
36875.jpg,1921,1900,-21
36880.jpg,1921,1900,-21
36885.jpg,1921,1900,-21
36890.jpg,1921,1900,-21
36895.jpg,1921,1920,-1
36900.jpg,1921,1990,69
36905.jpg,1921,1920,-1
36910.jpg,1921,1900,-21
36920.jpg,1921,1915,-6
36925.jpg,1921,1920,-1
36930.jpg,1921,1920,-1
36935.jpg,1921,1900,-21
36940.jpg,1921,1900,-21
36945.jpg,1921,1900,-21
36950.jpg,1921,1900,-21
36955.jpg,1921,1900,-21
36960.jpg,1921,1900,-21
36965.jpg,1921,1950,29
36970.jpg,1922,1900,-22
36975.jpg,1922,1900,-22
36980.jpg,1922,1900,-22
36985.jpg,1922,1950,28
36990.jpg,1922,1920,-2
36995.jpg,1922,2000,78
37000.jpg,1922,1960,38
37005.jpg,1922,2000,78
37010.jpg,1922,1921,-1
37015.jpg,1922,2000,78
37020.jpg,1922,1900,-22
37025.jpg,1922,1900,-22
37030.jpg,1922,1950,28
37045.jpg,1922,1900,-22
37050.jpg,1922,1900,-22
37055.jpg,1922,1900,-22
37060.jpg,1922,1900,-22
37065.jpg,1922,1900,-22
37070.jpg,1922,1900,-22
37075.jpg,1922,1900,-22
37080.jpg,1922,1900,-22
37085.jpg,1922,1900,-22
37090.jpg,1922,1900,-22
37095.jpg,1922,1900,-22
37100.jpg,1922,1900,-22
37105.jpg,1922,1900,-22
37110.jpg,1922,1900,-22
37115.jpg,1922,1900,-22
37120.jpg,1922,2000,78
37125.jpg,1922,1900,-22
37130.jpg,1922,1800,-122
37135.jpg,1922,1900,-22
37140.jpg,1922,1900,-22
37145.jpg,1922,1850,-72
37150.jpg,1922,1900,-22
37155.jpg,1922,1800,-122
37160.jpg,1922,1900,-22
37165.jpg,1922,1900,-22
37170.jpg,1922,1900,-22
37175.jpg,1922,1900,-22
37180.jpg,1922,1900,-22
37185.jpg,1922,1900,-22
37190.jpg,1922,1950,28
37195.jpg,1922,1800,-122
37200.jpg,1922,1950,28
37205.jpg,1922,1900,-22
37210.jpg,1922,1900,-22
37215.jpg,1922,1990,68
37220.jpg,1922,1900,-22
37225.jpg,1922,2000,78
37230.jpg,1922,1900,-22
37235.jpg,1922,1900,-22
37240.jpg,1922,1900,-22
37245.jpg,1922,1950,28
37250.jpg,1922,1900,-22
37255.jpg,1922,1990,68
37260.jpg,1922,1900,-22
37270.jpg,1922,1900,-22
37275.jpg,1922,1920,-2
37280.jpg,1922,2000,78
37285.jpg,1922,1980,58
37290.jpg,1922,1820,-102
37295.jpg,1922,1900,-22
37300.jpg,1922,1900,-22
37305.jpg,1922,1900,-22
37310.jpg,1923,1920,-3
37315.jpg,1923,1920,-3
37320.jpg,1923,1920,-3
37330.jpg,1923,1920,-3
37335.jpg,1923,1920,-3
37340.jpg,1923,2000,77
37345.jpg,1923,2000,77
37355.jpg,1923,1900,-23
37360.jpg,1923,1900,-23
37365.jpg,1923,1950,27
37370.jpg,1923,1900,-23
37375.jpg,1923,1900,-23
37380.jpg,1923,1950,27
37385.jpg,1923,1950,27
37390.jpg,1923,1900,-23
37395.jpg,1923,1900,-23
37400.jpg,1923,1900,-23
37405.jpg,1923,1920,-3
37410.jpg,1923,1900,-23
37415.jpg,1923,1920,-3
37420.jpg,1923,1920,-3
37425.jpg,1923,2000,77
37430.jpg,1923,1900,-23
37435.jpg,1923,1900,-23
37440.jpg,1923,1900,-23
37445.jpg,1923,1900,-23
37450.jpg,1923,1900,-23
37455.jpg,1923,1900,-23
37460.jpg,1923,1900,-23
37465.jpg,1923,1920,-3
37470.jpg,1923,1920,-3
37475.jpg,1923,1950,27
37480.jpg,1923,1900,-23
37485.jpg,1923,1800,-123
37490.jpg,1923,1900,-23
37495.jpg,1923,1980,57
37500.jpg,1923,1950,27
37505.jpg,1923,1900,-23
37510.jpg,1923,1900,-23
37515.jpg,1923,1950,27
37520.jpg,1923,1900,-23
37525.jpg,1923,1820,-103
37530.jpg,1923,1850,-73
37535.jpg,1923,1920,-3
37540.jpg,1923,1900,-23
37545.jpg,1923,1920,-3
37550.jpg,1923,1900,-23
37555.jpg,1923,1900,-23
37560.jpg,1923,1900,-23
37565.jpg,1923,1850,-73
37570.jpg,1923,1900,-23
37575.jpg,1923,1900,-23
37580.jpg,1923,1900,-23
37585.jpg,1923,1900,-23
37590.jpg,1923,1900,-23
37595.jpg,1923,1900,-23
37600.jpg,1923,1920,-3
37605.jpg,1923,1900,-23
37610.jpg,1923,1900,-23
37615.jpg,1923,2000,77
37620.jpg,1923,2000,77
37625.jpg,1923,1920,-3
37630.jpg,1923,1890,-33
37635.jpg,1923,1950,27
37640.jpg,1923,1950,27
37645.jpg,1923,1900,-23
37650.jpg,1923,1900,-23
37655.jpg,1923,1900,-23
37660.jpg,1923,1900,-23
37665.jpg,1923,1900,-23
37670.jpg,1924,1900,-24
37675.jpg,1924,1900,-24
37680.jpg,1924,1900,-24
37685.jpg,1924,1900,-24
37690.jpg,1924,1900,-24
37695.jpg,1924,1920,-4
37700.jpg,1924,1900,-24
37705.jpg,1924,1920,-4
37710.jpg,1924,2000,76
37715.jpg,1924,1950,26
37720.jpg,1924,2000,76
37725.jpg,1924,1980,56
37730.jpg,1924,1980,56
37735.jpg,1924,1900,-24
37740.jpg,1924,1900,-24
37745.jpg,1924,1900,-24
37750.jpg,1924,1900,-24
37755.jpg,1924,1900,-24
37760.jpg,1924,1900,-24
37765.jpg,1924,1900,-24
37770.jpg,1924,1900,-24
37775.jpg,1924,1900,-24
37780.jpg,1924,1900,-24
37785.jpg,1924,1900,-24
37790.jpg,1924,1900,-24
37795.jpg,1924,1900,-24
37805.jpg,1924,1920,-4
37810.jpg,1924,1912,-12
37815.jpg,1924,1900,-24
37820.jpg,1924,1900,-24
37825.jpg,1924,1900,-24
37830.jpg,1924,1900,-24
37835.jpg,1924,1900,-24
37845.jpg,1924,2000,76
37850.jpg,1924,1900,-24
37855.jpg,1924,1920,-4
37860.jpg,1924,1900,-24
37865.jpg,1924,1900,-24
37870.jpg,1924,1900,-24
37875.jpg,1924,1950,26
37880.jpg,1924,1900,-24
37885.jpg,1924,1800,-124
37890.jpg,1924,1920,-4
37895.jpg,1924,2000,76
37900.jpg,1924,1900,-24
37905.jpg,1924,1900,-24
37910.jpg,1924,1900,-24
37915.jpg,1924,1950,26
37920.jpg,1924,2000,76
37925.jpg,1924,1900,-24
37930.jpg,1924,1900,-24
37935.jpg,1924,1850,-74
37940.jpg,1924,1900,-24
37945.jpg,1924,1950,26
37950.jpg,1924,1900,-24
37955.jpg,1924,2000,76
37960.jpg,1924,1950,26
37965.jpg,1924,1980,56
37970.jpg,1924,1900,-24
37975.jpg,1924,1900,-24
37980.jpg,1924,1900,-24
37985.jpg,1924,1950,26
37990.jpg,1924,1950,26
37995.jpg,1924,1900,-24
38000.jpg,1924,1700,-224
38005.jpg,1924,1950,26
38010.jpg,1924,1900,-24
38015.jpg,1924,1900,-24
38020.jpg,1924,1800,-124
38025.jpg,1924,1900,-24
38030.jpg,1924,1900,-24
38035.jpg,1924,1900,-24
38040.jpg,1924,1900,-24
38045.jpg,1924,1900,-24
38050.jpg,1924,1900,-24
38055.jpg,1924,1900,-24
38060.jpg,1924,1900,-24
38065.jpg,1924,1900,-24
38070.jpg,1924,1900,-24
38075.jpg,1924,1900,-24
38080.jpg,1925,1850,-75
38085.jpg,1925,1900,-25
38090.jpg,1925,1950,25
38095.jpg,1925,1900,-25
38100.jpg,1925,1900,-25
38105.jpg,1925,1900,-25
38110.jpg,1925,1920,-5
38115.jpg,1925,2000,75
38120.jpg,1925,1980,55
38125.jpg,1925,2000,75
38130.jpg,1925,2010,85
38135.jpg,1925,2000,75
38140.jpg,1925,1900,-25
38145.jpg,1925,1900,-25
38150.jpg,1925,1900,-25
38155.jpg,1925,1900,-25
38160.jpg,1925,1900,-25
38165.jpg,1925,1900,-25
38170.jpg,1925,1900,-25
38175.jpg,1925,1900,-25
38180.jpg,1925,1900,-25
38185.jpg,1925,1920,-5
38190.jpg,1925,1970,45
38195.jpg,1925,1900,-25
38200.jpg,1925,1900,-25
38205.jpg,1925,1900,-25
38210.jpg,1925,1900,-25
38215.jpg,1925,1900,-25
38220.jpg,1925,1930,5
38225.jpg,1925,1920,-5
38230.jpg,1925,1900,-25
38235.jpg,1925,1900,-25
38245.jpg,1925,1930,5
38255.jpg,1925,2000,75
38260.jpg,1925,1950,25
38265.jpg,1925,1950,25
38270.jpg,1925,1880,-45
38275.jpg,1925,1920,-5
38280.jpg,1925,1950,25
38285.jpg,1925,1900,-25
38290.jpg,1925,1900,-25
38295.jpg,1925,1900,-25
38300.jpg,1925,1900,-25
38305.jpg,1925,1950,25
38310.jpg,1925,1900,-25
38315.jpg,1925,1950,25
38320.jpg,1925,1900,-25
38325.jpg,1925,1900,-25
38330.jpg,1925,1900,-25
38335.jpg,1925,1900,-25
38340.jpg,1925,1850,-75
38345.jpg,1925,1900,-25
38350.jpg,1925,1900,-25
38355.jpg,1925,1900,-25
38360.jpg,1925,1900,-25
38365.jpg,1925,1900,-25
38370.jpg,1925,1850,-75
38375.jpg,1925,1900,-25
38380.jpg,1925,1950,25
38385.jpg,1925,1900,-25
38390.jpg,1925,1900,-25
38395.jpg,1925,1900,-25
38400.jpg,1925,1900,-25
38405.jpg,1925,1900,-25
38410.jpg,1925,1900,-25
38415.jpg,1925,1950,25
38420.jpg,1925,1900,-25
38425.jpg,1925,1900,-25
38435.jpg,1925,1920,-5
38440.jpg,1925,1920,-5
38450.jpg,1925,1900,-25
38455.jpg,1925,1960,35
38460.jpg,1925,1900,-25
38465.jpg,1925,1920,-5
38470.jpg,1925,1980,55
38475.jpg,1925,1900,-25
38480.jpg,1925,1900,-25
38490.jpg,1925,1791,-134
38495.jpg,1925,1900,-25
38500.jpg,1925,1900,-25
38505.jpg,1925,1880,-45
38510.jpg,1925,1900,-25
38515.jpg,1926,1820,-106
38520.jpg,1926,1900,-26
38525.jpg,1926,1920,-6
38530.jpg,1926,1900,-26
38535.jpg,1926,1900,-26
38540.jpg,1926,1920,-6
38545.jpg,1926,1900,-26
38550.jpg,1926,1900,-26
38555.jpg,1926,1950,24
38560.jpg,1926,1950,24
38565.jpg,1926,1900,-26
38570.jpg,1926,1920,-6
38575.jpg,1926,1980,54
38580.jpg,1926,2000,74
38585.jpg,1926,1980,54
38590.jpg,1926,1990,64
38595.jpg,1926,2000,74
38600.jpg,1926,2004,78
38605.jpg,1926,2000,74
38610.jpg,1926,1900,-26
38620.jpg,1926,1900,-26
38625.jpg,1926,1900,-26
38630.jpg,1926,1980,54
38635.jpg,1926,1900,-26
38640.jpg,1926,1950,24
38645.jpg,1926,1950,24
38650.jpg,1926,1950,24
38655.jpg,1926,1900,-26
38660.jpg,1926,1900,-26
38665.jpg,1926,1960,34
38670.jpg,1926,1900,-26
38675.jpg,1926,1920,-6
38680.jpg,1926,1950,24
38685.jpg,1926,1920,-6
38690.jpg,1926,1900,-26
38695.jpg,1926,1900,-26
38700.jpg,1926,1900,-26
38705.jpg,1926,1800,-126
38710.jpg,1926,1900,-26
38715.jpg,1926,1900,-26
38720.jpg,1926,1900,-26
38725.jpg,1926,1900,-26
38730.jpg,1926,1900,-26
38735.jpg,1926,1850,-76
38740.jpg,1926,1950,24
38745.jpg,1926,1950,24
38750.jpg,1926,1920,-6
38755.jpg,1926,1900,-26
38760.jpg,1926,1900,-26
38765.jpg,1926,1800,-126
38770.jpg,1926,1900,-26
38775.jpg,1926,1900,-26
38780.jpg,1926,1900,-26
38785.jpg,1926,1900,-26
38790.jpg,1926,1800,-126
38795.jpg,1926,1900,-26
38800.jpg,1926,1900,-26
38805.jpg,1926,1850,-76
38810.jpg,1926,1950,24
38815.jpg,1926,1850,-76
38820.jpg,1926,1900,-26
38825.jpg,1926,1920,-6
38830.jpg,1926,1850,-76
38835.jpg,1926,1900,-26
38840.jpg,1926,1900,-26
38845.jpg,1926,1950,24
38850.jpg,1926,1900,-26
38855.jpg,1926,1900,-26
38860.jpg,1926,1900,-26
38865.jpg,1926,1900,-26
38870.jpg,1926,1900,-26
38875.jpg,1926,1900,-26
38880.jpg,1926,1900,-26
38885.jpg,1926,1900,-26
38890.jpg,1926,1900,-26
38895.jpg,1926,1900,-26
38905.jpg,1926,1890,-36
38910.jpg,1926,2000,74
38915.jpg,1926,1950,24
38920.jpg,1926,1900,-26
38925.jpg,1926,1850,-76
38930.jpg,1926,1900,-26
38935.jpg,1926,1900,-26
38940.jpg,1926,1900,-26
38945.jpg,1926,1900,-26
38950.jpg,1926,2000,74
38955.jpg,1926,1900,-26
38960.jpg,1926,1900,-26
38965.jpg,1926,1900,-26
38970.jpg,1926,1900,-26
38975.jpg,1926,1900,-26
38980.jpg,1926,1900,-26
38985.jpg,1926,1950,24
38990.jpg,1926,1900,-26
38995.jpg,1927,1900,-27
39000.jpg,1927,1900,-27
39005.jpg,1927,1900,-27
39010.jpg,1927,1900,-27
39020.jpg,1927,1900,-27
39025.jpg,1927,1900,-27
39030.jpg,1927,1920,-7
39035.jpg,1927,1900,-27
39040.jpg,1927,1920,-7
39045.jpg,1927,1900,-27
39050.jpg,1927,1900,-27
39055.jpg,1927,1920,-7
39060.jpg,1927,1900,-27
39065.jpg,1927,1900,-27
39070.jpg,1927,1900,-27
39075.jpg,1927,1920,-7
39080.jpg,1927,1920,-7
39085.jpg,1927,2000,73
39090.jpg,1927,1990,63
39110.jpg,1927,2000,73
39115.jpg,1927,1900,-27
39120.jpg,1927,1900,-27
39125.jpg,1927,1950,23
39130.jpg,1927,1900,-27
39135.jpg,1927,1900,-27
39140.jpg,1927,1900,-27
39145.jpg,1927,1900,-27
39150.jpg,1927,1900,-27
39155.jpg,1927,1900,-27
39160.jpg,1927,1900,-27
39165.jpg,1927,1900,-27
39170.jpg,1927,1900,-27
39175.jpg,1927,1920,-7
39180.jpg,1927,1920,-7
39185.jpg,1927,1900,-27
39190.jpg,1927,1920,-7
39195.jpg,1927,1920,-7
39200.jpg,1927,1920,-7
39205.jpg,1927,1920,-7
39210.jpg,1927,1920,-7
39215.jpg,1927,1920,-7
39220.jpg,1927,2000,73
39225.jpg,1927,1900,-27
39230.jpg,1927,1900,-27
39235.jpg,1927,1900,-27
39240.jpg,1927,1950,23
39245.jpg,1927,1900,-27
39250.jpg,1927,1900,-27
39255.jpg,1927,1700,-227
39260.jpg,1927,1950,23
39265.jpg,1927,1900,-27
39270.jpg,1927,1960,33
39275.jpg,1927,1900,-27
39280.jpg,1927,1900,-27
39285.jpg,1927,1900,-27
39290.jpg,1927,1870,-57
39295.jpg,1927,1990,63
39300.jpg,1927,1900,-27
39305.jpg,1927,1900,-27
39310.jpg,1927,1900,-27
39315.jpg,1927,1980,53
39320.jpg,1927,1800,-127
39325.jpg,1927,1950,23
39330.jpg,1927,1900,-27
39335.jpg,1927,1900,-27
39340.jpg,1927,1950,23
39345.jpg,1927,1900,-27
39350.jpg,1927,1900,-27
39355.jpg,1927,1950,23
39360.jpg,1927,1900,-27
39365.jpg,1927,1950,23
39370.jpg,1927,2000,73
39375.jpg,1927,1600,-327
39380.jpg,1927,1900,-27
39385.jpg,1927,1900,-27
39390.jpg,1927,1950,23
39395.jpg,1927,2000,73
39400.jpg,1927,1900,-27
39405.jpg,1927,1960,33
39410.jpg,1927,1970,43
39415.jpg,1927,1920,-7
39420.jpg,1927,1927,0
39425.jpg,1927,1900,-27
39430.jpg,1927,1900,-27
39435.jpg,1927,1900,-27
39440.jpg,1927,1900,-27
39445.jpg,1927,1900,-27
39450.jpg,1927,1890,-37
39455.jpg,1927,1950,23
39460.jpg,1927,1960,33
39465.jpg,1927,1900,-27
39470.jpg,1927,1600,-327
39475.jpg,1927,1900,-27
39480.jpg,1927,1900,-27
39485.jpg,1927,1900,-27
39490.jpg,1927,1900,-27
39495.jpg,1927,1900,-27
39500.jpg,1927,1900,-27
39505.jpg,1927,1900,-27
39510.jpg,1928,1900,-28
39515.jpg,1928,1920,-8
39520.jpg,1928,1920,-8
39525.jpg,1928,1920,-8
39530.jpg,1928,1900,-28
39535.jpg,1928,1900,-28
39540.jpg,1928,1920,-8
39545.jpg,1928,1900,-28
39550.jpg,1928,1900,-28
39555.jpg,1928,1900,-28
39560.jpg,1928,1920,-8
39565.jpg,1928,1920,-8
39570.jpg,1928,1900,-28
39575.jpg,1928,2000,72
39580.jpg,1928,1900,-28
39585.jpg,1928,1920,-8
39590.jpg,1928,1900,-28
39595.jpg,1928,1900,-28
39600.jpg,1928,1990,62
39605.jpg,1928,2000,72
39610.jpg,1928,1980,52
39615.jpg,1928,1980,52
39620.jpg,1928,1900,-28
39625.jpg,1928,1900,-28
39630.jpg,1928,1900,-28
39635.jpg,1928,1900,-28
39640.jpg,1928,1900,-28
39645.jpg,1928,1970,42
39650.jpg,1928,1900,-28
39655.jpg,1928,1900,-28
39660.jpg,1928,1900,-28
39665.jpg,1928,1900,-28
39670.jpg,1928,2000,72
39675.jpg,1928,1900,-28
39680.jpg,1928,1900,-28
39685.jpg,1928,1900,-28
39690.jpg,1928,1950,22
39695.jpg,1928,1920,-8
39700.jpg,1928,1920,-8
39705.jpg,1928,1900,-28
39710.jpg,1928,1920,-8
39715.jpg,1928,1900,-28
39720.jpg,1928,1900,-28
39725.jpg,1928,1900,-28
39730.jpg,1928,1950,22
39735.jpg,1928,1900,-28
39740.jpg,1928,1900,-28
39745.jpg,1928,1920,-8
39750.jpg,1928,1920,-8
39755.jpg,1928,1900,-28
39760.jpg,1928,1880,-48
39765.jpg,1928,1900,-28
39770.jpg,1928,1750,-178
39775.jpg,1928,1900,-28
39780.jpg,1928,1900,-28
39785.jpg,1928,1900,-28
39790.jpg,1928,1900,-28
39795.jpg,1928,1900,-28
39800.jpg,1928,1900,-28
39805.jpg,1928,1900,-28
39810.jpg,1928,1900,-28
39815.jpg,1928,1900,-28
39820.jpg,1928,1700,-228
39825.jpg,1928,1900,-28
39830.jpg,1928,1900,-28
39835.jpg,1928,1900,-28
39840.jpg,1928,1900,-28
39845.jpg,1928,1900,-28
39850.jpg,1928,2000,72
39855.jpg,1928,1900,-28
39860.jpg,1928,1700,-228
39865.jpg,1928,1900,-28
39870.jpg,1928,1850,-78
39875.jpg,1928,1900,-28
39880.jpg,1928,1950,22
39885.jpg,1928,1900,-28
39890.jpg,1928,1900,-28
39895.jpg,1928,1900,-28
39900.jpg,1928,2000,72
39905.jpg,1928,1900,-28
39910.jpg,1928,1900,-28
39915.jpg,1928,1820,-108
39920.jpg,1928,1950,22
39925.jpg,1928,1900,-28
39930.jpg,1928,1920,-8
39935.jpg,1928,1900,-28
39940.jpg,1928,1920,-8
39945.jpg,1928,1900,-28
39950.jpg,1928,1900,-28
39955.jpg,1928,1900,-28
39960.jpg,1928,1900,-28
39965.jpg,1928,1931,3
39970.jpg,1928,1900,-28
39975.jpg,1928,1900,-28
39980.jpg,1928,1900,-28
39985.jpg,1928,1900,-28
39990.jpg,1928,1930,2
39995.jpg,1928,1920,-8
40000.jpg,1928,1900,-28
40010.jpg,1928,1950,22
40015.jpg,1928,1900,-28
40020.jpg,1928,1900,-28
40025.jpg,1928,1900,-28
40030.jpg,1928,1900,-28
40035.jpg,1928,1900,-28
40040.jpg,1928,1900,-28
40045.jpg,1929,1900,-29
40050.jpg,1929,1920,-9
40055.jpg,1929,1920,-9
40060.jpg,1929,1950,21
40065.jpg,1929,1900,-29
40070.jpg,1929,1920,-9
40075.jpg,1929,1920,-9
40080.jpg,1929,1900,-29
40095.jpg,1929,1900,-29
40105.jpg,1929,1900,-29
40110.jpg,1929,1900,-29
40115.jpg,1929,1900,-29
40120.jpg,1929,1850,-79
40125.jpg,1929,1900,-29
40130.jpg,1929,1900,-29
40135.jpg,1929,1900,-29
40140.jpg,1929,1950,21
40145.jpg,1929,1920,-9
40150.jpg,1929,1920,-9
40155.jpg,1929,1900,-29
40160.jpg,1929,1900,-29
40165.jpg,1929,1920,-9
40170.jpg,1929,1920,-9
40175.jpg,1929,1920,-9
40180.jpg,1929,1950,21
40185.jpg,1929,1920,-9
40190.jpg,1929,1900,-29
40195.jpg,1929,1920,-9
40200.jpg,1929,1920,-9
40205.jpg,1929,1900,-29
40210.jpg,1929,1900,-29
40215.jpg,1929,1900,-29
40220.jpg,1929,1895,-34
40225.jpg,1929,1900,-29
40230.jpg,1929,1900,-29
40235.jpg,1929,1900,-29
40240.jpg,1929,1900,-29
40245.jpg,1929,2000,71
40250.jpg,1929,1960,31
40255.jpg,1929,1900,-29
40260.jpg,1929,1900,-29
40265.jpg,1929,1900,-29
40270.jpg,1929,1950,21
40275.jpg,1929,1970,41
40280.jpg,1929,1920,-9
40285.jpg,1929,1900,-29
40290.jpg,1929,1450,-479
40295.jpg,1929,1800,-129
40305.jpg,1929,1900,-29
40310.jpg,1929,1900,-29
40315.jpg,1929,1900,-29
40320.jpg,1929,1900,-29
40325.jpg,1929,2000,71
40330.jpg,1929,1900,-29
40335.jpg,1929,1600,-329
40340.jpg,1929,1850,-79
40345.jpg,1929,1900,-29
40350.jpg,1929,1450,-479
40355.jpg,1929,1900,-29
40360.jpg,1929,1900,-29
40365.jpg,1929,1900,-29
40370.jpg,1929,1900,-29
40375.jpg,1929,1900,-29
40380.jpg,1929,1900,-29
40385.jpg,1929,1980,51
40390.jpg,1929,1900,-29
40395.jpg,1929,1900,-29
40400.jpg,1929,1900,-29
40405.jpg,1929,1890,-39
40410.jpg,1929,1920,-9
40415.jpg,1929,1900,-29
40420.jpg,1929,1920,-9
40425.jpg,1929,1900,-29
40430.jpg,1929,1900,-29
40435.jpg,1929,1900,-29
40440.jpg,1929,1900,-29
40450.jpg,1929,1900,-29
40455.jpg,1929,1950,21
40460.jpg,1929,2000,71
40465.jpg,1929,2000,71
40470.jpg,1929,1920,-9
40475.jpg,1929,1900,-29
40480.jpg,1929,1900,-29
40485.jpg,1929,1900,-29
40490.jpg,1929,1900,-29
40495.jpg,1929,1880,-49
40500.jpg,1929,1920,-9
40505.jpg,1929,1980,51
40510.jpg,1929,1900,-29
40515.jpg,1929,1920,-9
40520.jpg,1929,1900,-29
40525.jpg,1929,1800,-129
40530.jpg,1929,1900,-29
40535.jpg,1929,1900,-29
40540.jpg,1930,1820,-110
40545.jpg,1930,1920,-10
40550.jpg,1930,1990,60
40555.jpg,1930,1900,-30
40560.jpg,1930,1960,30
40565.jpg,1930,2000,70
40570.jpg,1930,1950,20
40575.jpg,1930,1900,-30
40580.jpg,1930,1900,-30
40585.jpg,1930,1900,-30
40590.jpg,1930,1900,-30
40595.jpg,1930,1900,-30
40600.jpg,1930,1900,-30
40605.jpg,1930,1920,-10
40610.jpg,1930,1900,-30
40615.jpg,1930,1850,-80
40620.jpg,1930,1900,-30
40625.jpg,1930,1900,-30
40630.jpg,1930,1900,-30
40635.jpg,1930,1900,-30
40640.jpg,1930,1900,-30
40645.jpg,1930,2000,70
40650.jpg,1930,1920,-10
40655.jpg,1930,1900,-30
40660.jpg,1930,1800,-130
40665.jpg,1930,1920,-10
40670.jpg,1930,2000,70
40675.jpg,1930,1900,-30
40680.jpg,1930,1800,-130
40685.jpg,1930,1900,-30
40690.jpg,1930,2000,70
40695.jpg,1930,1900,-30
40700.jpg,1930,1900,-30
40705.jpg,1930,1950,20
40710.jpg,1930,1776,-154
40715.jpg,1930,1850,-80
40720.jpg,1930,1900,-30
40725.jpg,1930,1900,-30
40730.jpg,1930,1900,-30
40735.jpg,1930,1900,-30
40740.jpg,1930,1900,-30
40745.jpg,1930,1700,-230
40750.jpg,1930,1700,-230
40755.jpg,1930,1900,-30
40760.jpg,1930,1920,-10
40765.jpg,1930,1900,-30
40770.jpg,1930,1950,20
40775.jpg,1930,1900,-30
40780.jpg,1930,2000,70
40785.jpg,1930,1950,20
40790.jpg,1930,2000,70
40795.jpg,1930,1920,-10
40800.jpg,1930,1880,-50
40805.jpg,1930,1900,-30
40810.jpg,1930,1900,-30
40815.jpg,1930,1900,-30
40820.jpg,1930,1920,-10
40825.jpg,1930,1900,-30
40830.jpg,1930,1950,20
40835.jpg,1930,1950,20
40840.jpg,1930,1890,-40
40845.jpg,1930,1920,-10
40850.jpg,1930,1920,-10
40855.jpg,1930,1920,-10
40860.jpg,1930,1900,-30
40865.jpg,1930,1900,-30
40870.jpg,1930,1900,-30
40875.jpg,1930,1920,-10
40885.jpg,1930,1950,20
40890.jpg,1930,1850,-80
40895.jpg,1930,1900,-30
40900.jpg,1930,1935,5
40905.jpg,1930,1900,-30
40910.jpg,1930,1920,-10
40915.jpg,1930,1900,-30
40920.jpg,1930,1900,-30
40925.jpg,1930,1920,-10
40930.jpg,1930,1900,-30
40935.jpg,1930,1920,-10
40940.jpg,1930,1900,-30
40950.jpg,1930,1861,-69
40960.jpg,1930,1950,20
40965.jpg,1931,1950,19
40970.jpg,1931,1930,-1
40975.jpg,1931,1950,19
40980.jpg,1931,1900,-31
40985.jpg,1931,1921,-10
40990.jpg,1931,1920,-11
40995.jpg,1931,1920,-11
41000.jpg,1931,1900,-31
41005.jpg,1931,1950,19
41010.jpg,1931,1950,19
41015.jpg,1931,1950,19
41020.jpg,1931,1910,-21
41025.jpg,1931,1920,-11
41030.jpg,1931,2000,69
41035.jpg,1931,1920,-11
41040.jpg,1931,1920,-11
41045.jpg,1931,1900,-31
41050.jpg,1931,1900,-31
41055.jpg,1931,1920,-11
41060.jpg,1931,1900,-31
41065.jpg,1931,1900,-31
41070.jpg,1931,1920,-11
41075.jpg,1931,2000,69
41080.jpg,1931,1920,-11
41085.jpg,1931,1920,-11
41095.jpg,1931,1920,-11
41100.jpg,1931,1920,-11
41105.jpg,1931,1920,-11
41110.jpg,1931,1900,-31
41115.jpg,1931,1900,-31
41120.jpg,1931,1950,19
41125.jpg,1931,1920,-11
41130.jpg,1931,2000,69
41135.jpg,1931,1900,-31
41140.jpg,1931,1900,-31
41150.jpg,1931,1900,-31
41155.jpg,1931,1900,-31
41160.jpg,1931,1920,-11
41165.jpg,1931,1900,-31
41170.jpg,1931,1450,-481
41175.jpg,1931,1900,-31
41180.jpg,1931,1900,-31
41185.jpg,1931,1900,-31
41190.jpg,1931,1900,-31
41195.jpg,1931,1850,-81
41200.jpg,1931,1900,-31
41205.jpg,1931,1900,-31
41210.jpg,1931,1900,-31
41215.jpg,1931,1900,-31
41220.jpg,1931,1850,-81
41225.jpg,1931,1600,-331
41230.jpg,1931,1900,-31
41235.jpg,1931,2010,79
41240.jpg,1931,1890,-41
41245.jpg,1931,1827,-104
41250.jpg,1931,1900,-31
41255.jpg,1931,1930,-1
41260.jpg,1931,1900,-31
41265.jpg,1931,1920,-11
41270.jpg,1931,1900,-31
41275.jpg,1931,1920,-11
41280.jpg,1931,1900,-31
41285.jpg,1931,1900,-31
41290.jpg,1931,1920,-11
41295.jpg,1931,1950,19
41305.jpg,1931,1900,-31
41310.jpg,1932,1900,-32
41320.jpg,1932,1920,-12
41325.jpg,1932,1700,-232
41330.jpg,1932,1920,-12
41340.jpg,1932,1900,-32
41345.jpg,1932,1900,-32
41350.jpg,1932,1900,-32
41355.jpg,1932,1950,18
41360.jpg,1932,1900,-32
41365.jpg,1932,1900,-32
41370.jpg,1932,1931,-1
41375.jpg,1932,1950,18
41380.jpg,1932,1920,-12
41385.jpg,1932,1900,-32
41390.jpg,1932,1950,18
41395.jpg,1932,1950,18
41400.jpg,1932,1980,48
41405.jpg,1932,1920,-12
41410.jpg,1932,1880,-52
41415.jpg,1932,1930,-2
41420.jpg,1932,1900,-32
41425.jpg,1932,1902,-30
41430.jpg,1932,1900,-32
41435.jpg,1932,1900,-32
41440.jpg,1932,1800,-132
41445.jpg,1932,1900,-32
41450.jpg,1932,1900,-32
41455.jpg,1932,1800,-132
41460.jpg,1932,1850,-82
41465.jpg,1932,1980,48
41470.jpg,1932,1990,58
41475.jpg,1932,1900,-32
41480.jpg,1932,1900,-32
41485.jpg,1932,1900,-32
41490.jpg,1932,1950,18
41495.jpg,1932,1890,-42
41500.jpg,1932,1995,63
41505.jpg,1932,1900,-32
41510.jpg,1932,1950,18
41515.jpg,1932,1900,-32
41520.jpg,1932,1885,-47
41525.jpg,1932,1900,-32
41530.jpg,1932,1900,-32
41535.jpg,1932,1900,-32
41540.jpg,1932,1900,-32
41545.jpg,1932,1900,-32
41550.jpg,1932,2000,68
41555.jpg,1932,1913,-19
41560.jpg,1932,1900,-32
41565.jpg,1932,1900,-32
41570.jpg,1933,1950,17
41575.jpg,1933,1900,-33
41580.jpg,1933,1850,-83
41585.jpg,1933,2000,67
41590.jpg,1933,1990,57
41595.jpg,1933,1920,-13
41600.jpg,1933,1900,-33
41605.jpg,1933,1900,-33
41610.jpg,1933,1920,-13
41615.jpg,1933,1900,-33
41620.jpg,1933,1950,17
41625.jpg,1933,1950,17
41630.jpg,1933,1900,-33
41635.jpg,1933,1900,-33
41640.jpg,1933,1900,-33
41645.jpg,1933,1900,-33
41650.jpg,1933,1900,-33
41655.jpg,1933,1900,-33
41660.jpg,1933,1920,-13
41665.jpg,1933,1900,-33
41670.jpg,1933,1900,-33
41675.jpg,1933,1900,-33
41680.jpg,1933,1950,17
41685.jpg,1933,1900,-33
41690.jpg,1933,1950,17
41695.jpg,1933,1900,-33
41700.jpg,1933,1900,-33
41705.jpg,1933,1906,-27
41710.jpg,1933,1900,-33
41715.jpg,1933,1900,-33
41720.jpg,1933,1900,-33
41725.jpg,1933,1920,-13
41730.jpg,1933,1900,-33
41745.jpg,1933,1850,-83
41750.jpg,1933,1920,-13
41755.jpg,1933,1950,17
41760.jpg,1933,1980,47
41765.jpg,1933,1900,-33
41770.jpg,1933,1800,-133
41775.jpg,1933,1880,-53
41780.jpg,1933,1900,-33
41785.jpg,1933,1820,-113
41790.jpg,1933,1900,-33
41795.jpg,1933,2000,67
41800.jpg,1933,1900,-33
41805.jpg,1933,1950,17
41810.jpg,1933,1900,-33
41815.jpg,1933,1850,-83
41820.jpg,1933,1920,-13
41825.jpg,1933,1900,-33
41830.jpg,1933,1920,-13
41835.jpg,1934,1850,-84
41840.jpg,1934,1900,-34
41845.jpg,1934,1960,26
41850.jpg,1934,1900,-34
41855.jpg,1934,1990,56
41860.jpg,1934,2000,66
41865.jpg,1934,2000,66
41870.jpg,1934,1900,-34
41875.jpg,1934,1900,-34
41880.jpg,1934,1900,-34
41885.jpg,1934,1900,-34
41890.jpg,1934,1950,16
41895.jpg,1934,2000,66
41900.jpg,1934,1900,-34
41905.jpg,1934,1900,-34
41910.jpg,1934,1950,16
41915.jpg,1934,1950,16
41920.jpg,1934,2000,66
41925.jpg,1934,1800,-134
41930.jpg,1934,1900,-34
41935.jpg,1934,2000,66
41940.jpg,1934,1900,-34
41945.jpg,1934,1900,-34
41950.jpg,1934,1950,16
41955.jpg,1934,1900,-34
41960.jpg,1934,1950,16
41965.jpg,1934,1900,-34
41970.jpg,1934,1750,-184
41975.jpg,1934,2000,66
41980.jpg,1934,1900,-34
41985.jpg,1934,1900,-34
41990.jpg,1934,1950,16
41995.jpg,1934,1900,-34
42000.jpg,1934,1900,-34
42005.jpg,1934,1900,-34
42010.jpg,1935,1900,-35
42015.jpg,1935,1900,-35
42020.jpg,1935,1920,-15
42025.jpg,1935,1900,-35
42035.jpg,1935,1920,-15
42040.jpg,1935,2000,65
42045.jpg,1935,1900,-35
42050.jpg,1935,1920,-15
42060.jpg,1935,1950,15
42065.jpg,1935,1950,15
42070.jpg,1935,1900,-35
42075.jpg,1935,1930,-5
42080.jpg,1935,1950,15
42085.jpg,1935,1900,-35
42090.jpg,1935,1930,-5
42095.jpg,1935,1850,-85
42100.jpg,1935,1900,-35
42105.jpg,1935,1900,-35
42110.jpg,1935,2000,65
42115.jpg,1935,1700,-235
42120.jpg,1935,1900,-35
42125.jpg,1935,1850,-85
42130.jpg,1935,1950,15
42135.jpg,1935,2000,65
42140.jpg,1935,1900,-35
42145.jpg,1935,1850,-85
42150.jpg,1935,1820,-115
42155.jpg,1935,1820,-115
42160.jpg,1935,1900,-35
42165.jpg,1935,1900,-35
42170.jpg,1935,1900,-35
42175.jpg,1935,2000,65
42180.jpg,1935,1900,-35
42185.jpg,1935,1950,15
42190.jpg,1935,1950,15
42195.jpg,1935,1950,15
42200.jpg,1935,1950,15
42205.jpg,1935,1900,-35
42210.jpg,1935,1990,55
42215.jpg,1935,1880,-55
42220.jpg,1935,1900,-35
42225.jpg,1935,1950,15
42230.jpg,1935,1791,-144
42235.jpg,1935,1930,-5
42240.jpg,1935,1900,-35
42250.jpg,1935,1950,15
42255.jpg,1935,2000,65
42260.jpg,1935,1950,15
42265.jpg,1935,2000,65
42270.jpg,1935,1900,-35
42275.jpg,1935,1950,15
42280.jpg,1935,1950,15
42285.jpg,1935,1950,15
42290.jpg,1935,1950,15
42295.jpg,1936,1900,-36
42300.jpg,1936,2000,64
42305.jpg,1936,1930,-6
42310.jpg,1936,1900,-36
42315.jpg,1936,1920,-16
42320.jpg,1936,2000,64
42325.jpg,1936,1980,44
42330.jpg,1936,1990,54
42335.jpg,1936,1960,24
42340.jpg,1936,1950,14
42345.jpg,1936,1950,14
42350.jpg,1936,1900,-36
42355.jpg,1936,1950,14
42360.jpg,1936,2000,64
42365.jpg,1936,1959,23
42370.jpg,1936,1950,14
42375.jpg,1936,1850,-86
42380.jpg,1936,1980,44
42385.jpg,1936,1920,-16
42390.jpg,1936,2000,64
42395.jpg,1936,1950,14
42400.jpg,1936,1900,-36
42405.jpg,1936,1900,-36
42410.jpg,1936,2000,64
42415.jpg,1936,1900,-36
42420.jpg,1936,1920,-16
42425.jpg,1936,1900,-36
42430.jpg,1936,1800,-136
42435.jpg,1936,1900,-36
42440.jpg,1936,1920,-16
42445.jpg,1936,1900,-36
42450.jpg,1936,1900,-36
42455.jpg,1936,1950,14
42460.jpg,1936,1920,-16
42465.jpg,1936,1950,14
42470.jpg,1936,1950,14
42475.jpg,1936,1900,-36
42480.jpg,1936,1600,-336
42485.jpg,1936,1900,-36
42490.jpg,1936,1920,-16
42495.jpg,1936,1900,-36
42500.jpg,1936,1950,14
42505.jpg,1936,1850,-86
42510.jpg,1936,1900,-36
42515.jpg,1936,1950,14
42520.jpg,1936,1900,-36
42525.jpg,1936,1900,-36
42530.jpg,1936,2000,64
42535.jpg,1936,1970,34
42540.jpg,1936,1900,-36
42545.jpg,1936,1900,-36
42550.jpg,1936,1900,-36
42555.jpg,1936,1700,-236
42560.jpg,1936,1900,-36
42565.jpg,1936,1900,-36
42570.jpg,1936,1970,34
42575.jpg,1936,1900,-36
42585.jpg,1936,1950,14
42595.jpg,1936,1950,14
42600.jpg,1936,1900,-36
42610.jpg,1937,1920,-17
42615.jpg,1937,1930,-7
42620.jpg,1937,1920,-17
42625.jpg,1937,1900,-37
42630.jpg,1937,1950,13
42635.jpg,1937,1920,-17
42640.jpg,1937,1990,53
42645.jpg,1937,2000,63
42650.jpg,1937,1964,27
42655.jpg,1937,2000,63
42660.jpg,1937,1900,-37
42665.jpg,1937,1900,-37
42670.jpg,1937,1900,-37
42675.jpg,1937,1900,-37
42680.jpg,1937,1933,-4
42685.jpg,1937,1990,53
42690.jpg,1937,1990,53
42695.jpg,1937,1900,-37
42700.jpg,1937,1900,-37
42705.jpg,1937,1950,13
42710.jpg,1937,2000,63
42715.jpg,1937,1950,13
42720.jpg,1937,1900,-37
42725.jpg,1937,1900,-37
42730.jpg,1937,1980,43
42735.jpg,1937,1950,13
42740.jpg,1937,1937,0
42745.jpg,1937,1958,21
42750.jpg,1937,1950,13
42755.jpg,1937,1950,13
42765.jpg,1937,1850,-87
42770.jpg,1937,1950,13
42775.jpg,1937,1900,-37
42780.jpg,1937,1950,13
42785.jpg,1937,1950,13
42790.jpg,1937,1900,-37
42795.jpg,1937,1950,13
42800.jpg,1937,1900,-37
42805.jpg,1937,1950,13
42810.jpg,1937,1800,-137
42815.jpg,1937,1900,-37
42820.jpg,1937,2000,63
42825.jpg,1937,1900,-37
42830.jpg,1937,1900,-37
42835.jpg,1937,1950,13
42840.jpg,1937,1920,-17
42845.jpg,1937,1900,-37
42850.jpg,1937,1900,-37
42855.jpg,1937,1900,-37
42860.jpg,1937,1900,-37
42865.jpg,1937,1950,13
42870.jpg,1937,1980,43
42875.jpg,1937,2000,63
42880.jpg,1937,1900,-37
42885.jpg,1937,1950,13
42890.jpg,1937,1950,13
42895.jpg,1937,1950,13
42900.jpg,1937,1960,23
42905.jpg,1937,1950,13
42910.jpg,1937,1200,-737
42915.jpg,1938,1950,12
42920.jpg,1938,1900,-38
42925.jpg,1938,1919,-19
42930.jpg,1938,1920,-18
42935.jpg,1938,1900,-38
42940.jpg,1938,1990,52
42945.jpg,1938,2000,62
42950.jpg,1938,2000,62
42955.jpg,1938,1990,52
42960.jpg,1938,1920,-18
42965.jpg,1938,1950,12
42970.jpg,1938,1900,-38
42975.jpg,1938,1900,-38
42980.jpg,1938,1900,-38
42985.jpg,1938,1850,-88
42990.jpg,1938,1900,-38
42995.jpg,1938,1920,-18
43000.jpg,1938,1980,42
43005.jpg,1938,1900,-38
43010.jpg,1938,1900,-38
43015.jpg,1938,1900,-38
43020.jpg,1938,1900,-38
43025.jpg,1938,1930,-8
43030.jpg,1938,1900,-38
43035.jpg,1938,1900,-38
43040.jpg,1938,1920,-18
43045.jpg,1938,1950,12
43050.jpg,1938,1900,-38
43055.jpg,1938,1900,-38
43060.jpg,1938,1950,12
43065.jpg,1938,1980,42
43070.jpg,1938,1900,-38
43075.jpg,1938,1900,-38
43080.jpg,1938,1970,32
43085.jpg,1938,1850,-88
43090.jpg,1938,1950,12
43095.jpg,1938,1900,-38
43100.jpg,1938,2000,62
43105.jpg,1938,1950,12
43110.jpg,1938,1920,-18
43115.jpg,1938,1913,-25
43120.jpg,1938,1900,-38
43125.jpg,1938,1900,-38
43130.jpg,1938,1900,-38
43135.jpg,1938,1900,-38
43140.jpg,1938,1960,22
43145.jpg,1938,1900,-38
43150.jpg,1938,1900,-38
43155.jpg,1938,1950,12
43160.jpg,1938,1900,-38
43165.jpg,1938,2000,62
43170.jpg,1938,1920,-18
43175.jpg,1938,1950,12
43185.jpg,1938,1900,-38
43190.jpg,1938,1900,-38
43195.jpg,1938,1930,-8
43200.jpg,1938,1950,12
43210.jpg,1939,1906,-33
43215.jpg,1939,1950,11
43220.jpg,1939,1950,11
43225.jpg,1939,1900,-39
43235.jpg,1939,1900,-39
43245.jpg,1939,1990,51
43250.jpg,1939,1980,41
43255.jpg,1939,1900,-39
43260.jpg,1939,1920,-19
43270.jpg,1939,1900,-39
43275.jpg,1939,1900,-39
43280.jpg,1939,1850,-89
43285.jpg,1939,1900,-39
43290.jpg,1939,1900,-39
43295.jpg,1939,1900,-39
43300.jpg,1939,1990,51
43305.jpg,1939,1960,21
43310.jpg,1939,1930,-9
43315.jpg,1939,1900,-39
43320.jpg,1939,1950,11
43325.jpg,1939,1920,-19
43330.jpg,1939,1980,41
43335.jpg,1939,1980,41
43340.jpg,1939,2000,61
43345.jpg,1939,1880,-59
43350.jpg,1939,2000,61
43360.jpg,1939,1900,-39
43365.jpg,1939,1900,-39
43370.jpg,1939,1900,-39
43375.jpg,1939,1900,-39
43380.jpg,1939,2000,61
43385.jpg,1939,1950,11
43390.jpg,1939,1950,11
43395.jpg,1939,1960,21
43400.jpg,1939,2000,61
43405.jpg,1939,2000,61
43410.jpg,1939,1900,-39
43415.jpg,1939,1900,-39
43420.jpg,1939,1900,-39
43425.jpg,1939,1900,-39
43430.jpg,1939,1880,-59
43435.jpg,1939,1920,-19
43440.jpg,1939,1900,-39
43445.jpg,1939,2000,61
43450.jpg,1939,1950,11
43455.jpg,1939,1900,-39
43460.jpg,1939,1900,-39
43465.jpg,1939,1900,-39
43470.jpg,1940,1900,-40
43475.jpg,1940,1930,-10
43480.jpg,1940,1900,-40
43485.jpg,1940,1900,-40
43490.jpg,1940,1950,10
43495.jpg,1940,1950,10
43500.jpg,1940,1950,10
43505.jpg,1940,2010,70
43510.jpg,1940,1900,-40
43515.jpg,1940,1900,-40
43520.jpg,1940,1900,-40
43525.jpg,1940,1820,-120
43530.jpg,1940,1950,10
43535.jpg,1940,1900,-40
43540.jpg,1940,1950,10
43545.jpg,1940,1970,30
43550.jpg,1940,1900,-40
43555.jpg,1940,1990,50
43560.jpg,1940,1900,-40
43565.jpg,1940,1950,10
43570.jpg,1940,1900,-40
43575.jpg,1940,1980,40
43580.jpg,1940,1900,-40
43585.jpg,1940,1900,-40
43590.jpg,1940,1900,-40
43595.jpg,1940,1990,50
43600.jpg,1940,1900,-40
43605.jpg,1940,1900,-40
43610.jpg,1940,1900,-40
43615.jpg,1940,1900,-40
43620.jpg,1940,1900,-40
43625.jpg,1940,1900,-40
43630.jpg,1940,1920,-20
43635.jpg,1940,1931,-9
43640.jpg,1940,1900,-40
43645.jpg,1940,1990,50
43650.jpg,1940,1900,-40
43655.jpg,1940,1950,10
43660.jpg,1940,1980,40
43665.jpg,1940,1990,50
43670.jpg,1940,1900,-40
43675.jpg,1940,1950,10
43680.jpg,1940,1896,-44
43685.jpg,1940,1980,40
43700.jpg,1940,1900,-40
43705.jpg,1940,1900,-40
43710.jpg,1940,1900,-40
43715.jpg,1940,1950,10
43720.jpg,1941,1960,19
43725.jpg,1941,1920,-21
43730.jpg,1941,2000,59
43735.jpg,1941,1990,49
43740.jpg,1941,2000,59
43745.jpg,1941,1750,-191
43750.jpg,1941,1950,9
43755.jpg,1941,1900,-41
43760.jpg,1941,1900,-41
43765.jpg,1941,1850,-91
43770.jpg,1941,1900,-41
43775.jpg,1941,1900,-41
43780.jpg,1941,1950,9
43785.jpg,1941,1950,9
43790.jpg,1941,1920,-21
43795.jpg,1941,2000,59
43800.jpg,1941,1900,-41
43805.jpg,1941,1800,-141
43810.jpg,1941,1900,-41
43815.jpg,1941,1950,9
43820.jpg,1941,1950,9
43825.jpg,1941,1950,9
43830.jpg,1941,2000,59
43835.jpg,1941,2000,59
43840.jpg,1941,2010,69
43845.jpg,1941,1936,-5
43850.jpg,1941,1970,29
43855.jpg,1941,1900,-41
43860.jpg,1941,1900,-41
43865.jpg,1942,1920,-22
43870.jpg,1942,1950,8
43875.jpg,1942,1950,8
43880.jpg,1942,1950,8
43885.jpg,1942,1980,38
43890.jpg,1942,1950,8
43895.jpg,1942,1900,-42
43900.jpg,1942,1900,-42
43905.jpg,1942,1900,-42
43910.jpg,1942,2000,58
43915.jpg,1942,1800,-142
43920.jpg,1942,1900,-42
43925.jpg,1942,1980,38
43930.jpg,1942,1950,8
43935.jpg,1942,1900,-42
43940.jpg,1942,1900,-42
43945.jpg,1942,1950,8
43950.jpg,1942,1900,-42
43955.jpg,1942,1900,-42
43960.jpg,1943,1900,-43
43965.jpg,1943,1960,17
43970.jpg,1943,1900,-43
43975.jpg,1943,1900,-43
43980.jpg,1943,1790,-153
43985.jpg,1943,1950,7
43990.jpg,1943,1950,7
43995.jpg,1943,1600,-343
44000.jpg,1943,1900,-43
44005.jpg,1943,2000,57
44010.jpg,1943,1980,37
44015.jpg,1943,2000,57
44020.jpg,1943,1900,-43
44025.jpg,1943,1960,17
44030.jpg,1944,1900,-44
44035.jpg,1944,1950,6
44040.jpg,1944,1950,6
44045.jpg,1944,1920,-24
44050.jpg,1944,1900,-44
44055.jpg,1944,1450,-494
44060.jpg,1945,1900,-45
44065.jpg,1945,1950,5
44075.jpg,1945,2000,55
44080.jpg,1945,1930,-15
44090.jpg,1945,1900,-45
44095.jpg,1945,1950,5
44100.jpg,1945,1990,45
44105.jpg,1945,1900,-45
44110.jpg,1945,1950,5
44115.jpg,1946,1913,-33
44120.jpg,1946,2000,54
44125.jpg,1946,1980,34
44130.jpg,1946,1900,-46
44135.jpg,1946,2000,54
44140.jpg,1946,2000,54
44145.jpg,1946,1950,4
44150.jpg,1946,1900,-46
44155.jpg,1946,1900,-46
44160.jpg,1946,1950,4
44165.jpg,1946,1980,34
44170.jpg,1946,1950,4
44175.jpg,1947,1950,3
44180.jpg,1947,1920,-27
44185.jpg,1947,1900,-47
44190.jpg,1947,2000,53
44195.jpg,1947,2000,53
44200.jpg,1947,1950,3
44205.jpg,1947,1970,23
44210.jpg,1947,1990,43
44215.jpg,1947,1960,13
44220.jpg,1947,1900,-47
44230.jpg,1947,1950,3
44240.jpg,1947,1980,33
44245.jpg,1947,1900,-47
44250.jpg,1947,1900,-47
44255.jpg,1947,2000,53
44260.jpg,1947,1900,-47
44270.jpg,1947,1950,3
44275.jpg,1947,1900,-47
44280.jpg,1947,1950,3
44285.jpg,1948,1920,-28
44290.jpg,1948,1920,-28
44295.jpg,1948,2000,52
44300.jpg,1948,1900,-48
44305.jpg,1948,1920,-28
44310.jpg,1948,2000,52
44315.jpg,1948,2010,62
44320.jpg,1948,1960,12
44325.jpg,1948,1900,-48
44330.jpg,1948,1950,2
44335.jpg,1948,1900,-48
44340.jpg,1948,2000,52
44345.jpg,1948,1900,-48
44350.jpg,1948,1950,2
44355.jpg,1948,1950,2
44360.jpg,1948,2000,52
44365.jpg,1948,1950,2
44370.jpg,1948,1900,-48
44375.jpg,1948,1900,-48
44380.jpg,1948,2000,52
44385.jpg,1948,1990,42
44390.jpg,1948,1930,-18
44395.jpg,1948,1950,2
44400.jpg,1949,1900,-49
44405.jpg,1949,2000,51
44410.jpg,1949,1900,-49
44415.jpg,1949,2000,51
44420.jpg,1949,2000,51
44425.jpg,1949,2000,51
44430.jpg,1949,1950,1
44435.jpg,1949,1990,41
44440.jpg,1949,1920,-29
44445.jpg,1949,1980,31
44450.jpg,1949,2000,51
44455.jpg,1949,1920,-29
44460.jpg,1949,1900,-49
44465.jpg,1949,1870,-79
44470.jpg,1949,1980,31
44475.jpg,1949,1900,-49
44480.jpg,1949,1960,11
44485.jpg,1949,1980,31
44490.jpg,1949,1900,-49
44495.jpg,1949,1980,31
44500.jpg,1949,1950,1
44510.jpg,1949,1893,-56
44515.jpg,1949,1900,-49
44520.jpg,1949,2000,51
44525.jpg,1949,1950,1
44530.jpg,1949,2000,51
44535.jpg,1949,1980,31
44540.jpg,1950,1900,-50
44545.jpg,1950,2000,50
44550.jpg,1950,1950,0
44555.jpg,1950,1920,-30
44560.jpg,1950,2000,50
44565.jpg,1950,1990,40
44570.jpg,1950,2000,50
44575.jpg,1950,1900,-50
44585.jpg,1950,1964,14
44590.jpg,1950,1920,-30
44595.jpg,1950,1990,40
44600.jpg,1950,1970,20
44605.jpg,1950,1920,-30
44610.jpg,1950,2000,50
44615.jpg,1950,2000,50
44620.jpg,1950,1950,0
44625.jpg,1950,1900,-50
44630.jpg,1950,1900,-50
44635.jpg,1950,1900,-50
44640.jpg,1950,1950,0
44645.jpg,1950,1900,-50
44650.jpg,1950,1980,30
44655.jpg,1950,1900,-50
44660.jpg,1950,1950,0
44665.jpg,1950,1900,-50
44680.jpg,1950,1900,-50
44685.jpg,1950,1950,0
44690.jpg,1950,2000,50
44695.jpg,1950,1900,-50
44700.jpg,1950,2000,50
44705.jpg,1951,2000,49
44710.jpg,1951,1900,-51
44720.jpg,1951,1980,29
44725.jpg,1951,2000,49
44730.jpg,1951,1990,39
44735.jpg,1951,1935,-16
44740.jpg,1951,1900,-51
44745.jpg,1951,1990,39
44750.jpg,1951,1950,-1
44755.jpg,1951,1900,-51
44760.jpg,1951,1950,-1
44765.jpg,1951,1900,-51
44770.jpg,1951,1450,-501
44775.jpg,1951,1900,-51
44780.jpg,1951,1900,-51
44785.jpg,1951,1950,-1
44790.jpg,1951,1950,-1
44795.jpg,1951,2000,49
44800.jpg,1951,1820,-131
44810.jpg,1951,1900,-51
44815.jpg,1951,1950,-1
44820.jpg,1951,1950,-1
44825.jpg,1951,2010,59
44830.jpg,1951,1990,39
44840.jpg,1951,1950,-1
44845.jpg,1952,1900,-52
44850.jpg,1952,1990,38
44855.jpg,1952,2000,48
44860.jpg,1952,1920,-32
44865.jpg,1952,2000,48
44870.jpg,1952,1990,38
44875.jpg,1952,1980,28
44880.jpg,1952,2000,48
44885.jpg,1952,2000,48
44890.jpg,1952,1950,-2
44895.jpg,1952,2000,48
44900.jpg,1952,1950,-2
44905.jpg,1952,1920,-32
44910.jpg,1952,2000,48
44915.jpg,1952,2000,48
44920.jpg,1952,1950,-2
44925.jpg,1952,1900,-52
44930.jpg,1952,2000,48
44940.jpg,1952,1950,-2
44945.jpg,1952,1990,38
44950.jpg,1952,1990,38
44955.jpg,1952,2000,48
44960.jpg,1953,1900,-53
44965.jpg,1953,2000,47
44970.jpg,1953,2000,47
44980.jpg,1953,1950,-3
44985.jpg,1953,2000,47
44990.jpg,1953,1920,-33
44995.jpg,1953,2000,47
45000.jpg,1953,2010,57
45005.jpg,1953,1900,-53
45010.jpg,1953,1900,-53
45015.jpg,1953,1950,-3
45020.jpg,1953,1980,27
45025.jpg,1953,1950,-3
45030.jpg,1953,1900,-53
45035.jpg,1953,1950,-3
45040.jpg,1953,1900,-53
45045.jpg,1953,1900,-53
45050.jpg,1953,1950,-3
45055.jpg,1953,1950,-3
45060.jpg,1953,1900,-53
45065.jpg,1953,1970,17
45070.jpg,1953,1950,-3
45075.jpg,1953,2000,47
45080.jpg,1953,1950,-3
45085.jpg,1953,2000,47
45090.jpg,1953,1900,-53
45095.jpg,1954,1950,-4
45100.jpg,1954,2000,46
45105.jpg,1954,1960,6
45110.jpg,1954,1990,36
45115.jpg,1954,2000,46
45120.jpg,1954,1950,-4
45125.jpg,1954,2000,46
45130.jpg,1954,1980,26
45135.jpg,1954,2000,46
45140.jpg,1954,2000,46
45150.jpg,1954,1950,-4
45155.jpg,1954,1900,-54
45160.jpg,1954,1950,-4
45165.jpg,1954,1900,-54
45170.jpg,1954,2007,53
45175.jpg,1954,1900,-54
45180.jpg,1954,2000,46
45185.jpg,1954,2000,46
45190.jpg,1954,1950,-4
45195.jpg,1954,1900,-54
45200.jpg,1954,1950,-4
45205.jpg,1954,1900,-54
45210.jpg,1954,1950,-4
45215.jpg,1954,1990,36
45220.jpg,1954,1800,-154
45225.jpg,1954,1950,-4
45230.jpg,1954,2000,46
45235.jpg,1955,1600,-355
45240.jpg,1955,1990,35
45245.jpg,1955,1980,25
45250.jpg,1955,1960,5
45255.jpg,1955,1980,25
45260.jpg,1955,2000,45
45265.jpg,1955,1920,-35
45275.jpg,1955,1950,-5
45280.jpg,1955,2000,45
45285.jpg,1955,1990,35
45290.jpg,1955,2000,45
45295.jpg,1955,2000,45
45300.jpg,1955,2019,64
45310.jpg,1955,1950,-5
45315.jpg,1955,2000,45
45320.jpg,1955,1750,-205
45325.jpg,1955,1450,-505
45330.jpg,1955,1950,-5
45335.jpg,1955,1950,-5
45345.jpg,1955,2000,45
45350.jpg,1955,1950,-5
45355.jpg,1955,2000,45
45360.jpg,1955,1783,-172
45365.jpg,1955,1950,-5
45370.jpg,1955,1960,5
45375.jpg,1955,1900,-55
45385.jpg,1956,2000,44
45390.jpg,1956,1950,-6
45395.jpg,1956,2000,44
45400.jpg,1956,1990,34
45405.jpg,1956,1964,8
45410.jpg,1956,2000,44
45415.jpg,1956,1900,-56
45420.jpg,1956,1950,-6
45430.jpg,1956,2000,44
45435.jpg,1956,1900,-56
45440.jpg,1956,1950,-6
45445.jpg,1956,2000,44
45450.jpg,1956,1990,34
45455.jpg,1956,1950,-6
45460.jpg,1956,1929,-27
45465.jpg,1956,1900,-56
45470.jpg,1956,1950,-6
45475.jpg,1956,1960,4
45480.jpg,1956,1900,-56
45485.jpg,1956,2000,44
45490.jpg,1956,1920,-36
45495.jpg,1956,1900,-56
45500.jpg,1956,2000,44
45505.jpg,1956,1990,34
45510.jpg,1956,1990,34
45515.jpg,1956,2000,44
45520.jpg,1956,1900,-56
45530.jpg,1957,1900,-57
45535.jpg,1957,1950,-7
45540.jpg,1957,2000,43
45545.jpg,1957,2000,43
45550.jpg,1957,2000,43
45555.jpg,1957,2000,43
45560.jpg,1957,1920,-37
45565.jpg,1957,1960,3
45570.jpg,1957,1980,23
45575.jpg,1957,1900,-57
45585.jpg,1957,1900,-57
45590.jpg,1957,1960,3
45595.jpg,1957,2000,43
45605.jpg,1957,2000,43
45610.jpg,1957,2000,43
45615.jpg,1957,2000,43
45620.jpg,1957,2000,43
45630.jpg,1957,1900,-57
45635.jpg,1957,1950,-7
45640.jpg,1957,1950,-7
45645.jpg,1957,1850,-107
45650.jpg,1957,1970,13
45655.jpg,1957,1900,-57
45660.jpg,1957,1950,-7
45665.jpg,1957,1900,-57
45675.jpg,1957,2000,43
45680.jpg,1957,1920,-37
45685.jpg,1957,1960,3
45695.jpg,1957,2000,43
45700.jpg,1958,1900,-58
45705.jpg,1958,2000,42
45715.jpg,1958,1992,34
45720.jpg,1958,1980,22
45730.jpg,1958,1980,22
45735.jpg,1958,2000,42
45740.jpg,1958,1950,-8
45745.jpg,1958,1950,-8
45750.jpg,1958,2000,42
45755.jpg,1958,1900,-58
45760.jpg,1958,1990,32
45765.jpg,1958,1960,2
45770.jpg,1958,1920,-38
45775.jpg,1958,2000,42
45780.jpg,1958,1950,-8
45785.jpg,1958,1900,-58
45790.jpg,1958,1950,-8
45795.jpg,1958,2000,42
45800.jpg,1958,1950,-8
45805.jpg,1958,1950,-8
45810.jpg,1958,1800,-158
45815.jpg,1958,2000,42
45820.jpg,1958,1950,-8
45825.jpg,1958,1950,-8
45830.jpg,1958,2000,42
45835.jpg,1958,1900,-58
45840.jpg,1958,1980,22
45845.jpg,1958,1960,2
45850.jpg,1958,1950,-8
45855.jpg,1959,2000,41
45860.jpg,1959,1900,-59
45870.jpg,1959,1990,31
45880.jpg,1959,1900,-59
45885.jpg,1959,2000,41
45890.jpg,1959,1960,1
45895.jpg,1959,1952,-7
45900.jpg,1959,1950,-9
45905.jpg,1959,1950,-9
45910.jpg,1959,2000,41
45915.jpg,1959,2000,41
45925.jpg,1959,1950,-9
45930.jpg,1959,2000,41
45935.jpg,1959,1980,21
45940.jpg,1959,2000,41
45945.jpg,1959,2000,41
45950.jpg,1959,2000,41
45955.jpg,1959,2000,41
45960.jpg,1959,2000,41
45965.jpg,1959,1900,-59
45970.jpg,1959,2000,41
45975.jpg,1959,1950,-9
45980.jpg,1959,1950,-9
45985.jpg,1959,1900,-59
45990.jpg,1960,1900,-60
45995.jpg,1960,2000,40
46000.jpg,1960,1990,30
46005.jpg,1960,2000,40
46015.jpg,1960,2000,40
46025.jpg,1960,1990,30
46030.jpg,1960,2000,40
46035.jpg,1960,1990,30
46040.jpg,1960,2000,40
46045.jpg,1960,1980,20
46050.jpg,1960,1920,-40
46055.jpg,1960,1900,-60
46060.jpg,1960,1950,-10
46065.jpg,1960,1950,-10
46070.jpg,1960,1950,-10
46075.jpg,1960,2000,40
46080.jpg,1960,2000,40
46085.jpg,1960,1850,-110
46090.jpg,1960,1950,-10
46095.jpg,1960,1950,-10
46100.jpg,1960,1950,-10
46105.jpg,1960,1950,-10
46110.jpg,1960,1990,30
46115.jpg,1960,2000,40
46120.jpg,1960,1980,20
46130.jpg,1960,1875,-85
46135.jpg,1960,1950,-10
46140.jpg,1960,1900,-60
46145.jpg,1960,1950,-10
46150.jpg,1960,1960,0
46155.jpg,1961,1890,-71
46160.jpg,1961,1950,-11
46170.jpg,1961,2010,49
46180.jpg,1961,1950,-11
46185.jpg,1961,2000,39
46190.jpg,1961,1900,-61
46195.jpg,1961,2000,39
46200.jpg,1961,2000,39
46205.jpg,1961,1980,19
46210.jpg,1961,1970,9
46215.jpg,1961,1960,-1
46220.jpg,1961,2000,39
46225.jpg,1961,1990,29
46230.jpg,1961,1990,29
46235.jpg,1961,1930,-31
46240.jpg,1961,2010,49
46245.jpg,1961,1950,-11
46250.jpg,1961,1900,-61
46255.jpg,1961,1980,19
46260.jpg,1961,1980,19
46265.jpg,1961,1950,-11
46270.jpg,1961,300,-1661
46275.jpg,1961,1950,-11
46280.jpg,1961,1800,-161
46285.jpg,1961,2000,39
46290.jpg,1961,2000,39
46295.jpg,1961,1990,29
46305.jpg,1961,1990,29
46310.jpg,1961,1950,-11
46315.jpg,1961,2000,39
46320.jpg,1962,1980,18
46330.jpg,1962,1900,-62
46335.jpg,1962,2000,38
46340.jpg,1962,1964,2
46345.jpg,1962,1990,28
46350.jpg,1962,1960,-2
46355.jpg,1962,2000,38
46360.jpg,1962,1960,-2
46365.jpg,1962,1960,-2
46370.jpg,1962,1950,-12
46375.jpg,1962,1960,-2
46380.jpg,1962,2000,38
46385.jpg,1962,1950,-12
46390.jpg,1962,1950,-12
46395.jpg,1962,1896,-66
46400.jpg,1962,2000,38
46405.jpg,1962,1900,-62
46410.jpg,1962,2000,38
46415.jpg,1962,1900,-62
46420.jpg,1962,1950,-12
46425.jpg,1962,2000,38
46430.jpg,1962,1950,-12
46435.jpg,1962,1900,-62
46440.jpg,1962,2000,38
46445.jpg,1962,2000,38
46450.jpg,1962,1990,28
46455.jpg,1962,1900,-62
46460.jpg,1962,1970,8
46465.jpg,1963,1950,-13
46470.jpg,1963,1960,-3
46475.jpg,1963,1960,-3
46480.jpg,1963,2000,37
46490.jpg,1963,1957,-6
46495.jpg,1963,2000,37
46500.jpg,1963,1900,-63
46505.jpg,1963,1990,27
46510.jpg,1963,1970,7
46515.jpg,1963,1980,17
46520.jpg,1963,1970,7
46525.jpg,1963,2000,37
46530.jpg,1963,1990,27
46535.jpg,1963,1960,-3
46540.jpg,1963,1900,-63
46545.jpg,1963,1950,-13
46550.jpg,1963,1980,17
46555.jpg,1963,2000,37
46560.jpg,1963,1990,27
46565.jpg,1963,2000,37
46570.jpg,1963,1950,-13
46575.jpg,1963,1950,-13
46580.jpg,1963,1960,-3
46585.jpg,1963,2000,37
46590.jpg,1963,1900,-63
46595.jpg,1963,1900,-63
46600.jpg,1963,2000,37
46605.jpg,1963,2000,37
46615.jpg,1963,1950,-13
46620.jpg,1963,2000,37
46625.jpg,1963,1960,-3
46630.jpg,1963,1950,-13
46635.jpg,1964,1960,-4
46640.jpg,1964,2000,36
46645.jpg,1964,2000,36
46650.jpg,1964,2000,36
46655.jpg,1964,1960,-4
46660.jpg,1964,2010,46
46665.jpg,1964,2000,36
46670.jpg,1964,1960,-4
46675.jpg,1964,2010,46
46680.jpg,1964,1990,26
46685.jpg,1964,2000,36
46690.jpg,1964,2000,36
46695.jpg,1964,2000,36
46700.jpg,1964,1960,-4
46705.jpg,1964,2010,46
46710.jpg,1964,2000,36
46715.jpg,1964,1950,-14
46720.jpg,1964,1990,26
46725.jpg,1964,2000,36
46730.jpg,1964,2000,36
46735.jpg,1964,2000,36
46740.jpg,1964,1930,-34
46745.jpg,1964,1900,-64
46750.jpg,1964,1990,26
46755.jpg,1964,1950,-14
46760.jpg,1964,1900,-64
46765.jpg,1964,2000,36
46770.jpg,1964,2000,36
46775.jpg,1964,1900,-64
46780.jpg,1964,2000,36
46785.jpg,1964,1950,-14
46790.jpg,1964,2000,36
46795.jpg,1964,1950,-14
46805.jpg,1964,1990,26
46810.jpg,1964,1950,-14
46815.jpg,1964,1900,-64
46820.jpg,1965,2000,35
46825.jpg,1965,2000,35
46830.jpg,1965,1960,-5
46835.jpg,1965,2000,35
46840.jpg,1965,2000,35
46845.jpg,1965,2000,35
46850.jpg,1965,2000,35
46860.jpg,1965,2000,35
46865.jpg,1965,1950,-15
46870.jpg,1965,2000,35
46875.jpg,1965,2000,35
46885.jpg,1965,1960,-5
46890.jpg,1965,2000,35
46895.jpg,1965,1960,-5
46900.jpg,1965,2000,35
46905.jpg,1965,1930,-35
46910.jpg,1965,2000,35
46915.jpg,1965,1950,-15
46920.jpg,1965,2000,35
46930.jpg,1965,1900,-65
46935.jpg,1965,2000,35
46940.jpg,1965,1920,-45
46945.jpg,1965,2000,35
46950.jpg,1965,2000,35
46955.jpg,1965,2000,35
46960.jpg,1965,2000,35
46965.jpg,1965,2000,35
46970.jpg,1965,1920,-45
46990.jpg,1965,1970,5
46995.jpg,1965,1900,-65
47000.jpg,1965,1990,25
47005.jpg,1966,2000,34
47010.jpg,1966,2000,34
47015.jpg,1966,2000,34
47020.jpg,1966,1980,14
47025.jpg,1966,2000,34
47030.jpg,1966,1980,14
47035.jpg,1966,1960,-6
47040.jpg,1966,1999,33
47050.jpg,1966,2000,34
47055.jpg,1966,2000,34
47060.jpg,1966,2000,34
47065.jpg,1966,1920,-46
47070.jpg,1966,1900,-66
47075.jpg,1966,2000,34
47080.jpg,1966,1980,14
47085.jpg,1966,1990,24
47090.jpg,1966,2000,34
47100.jpg,1966,1900,-66
47105.jpg,1966,1960,-6
47115.jpg,1966,1900,-66
47120.jpg,1966,1950,-16
47125.jpg,1966,1850,-116
47130.jpg,1966,1900,-66
47135.jpg,1966,2000,34
47140.jpg,1966,2000,34
47145.jpg,1966,1900,-66
47150.jpg,1966,1950,-16
47155.jpg,1966,1900,-66
47170.jpg,1966,2000,34
47175.jpg,1966,1990,24
47180.jpg,1966,1960,-6
47185.jpg,1966,2000,34
47190.jpg,1966,1990,24
47195.jpg,1966,1990,24
47200.jpg,1966,1960,-6
47205.jpg,1966,1960,-6
47210.jpg,1966,2000,34
47215.jpg,1966,2000,34
47220.jpg,1966,1962,-4
47225.jpg,1967,2000,33
47230.jpg,1967,1900,-67
47235.jpg,1967,1890,-77
47240.jpg,1967,1980,13
47245.jpg,1967,2000,33
47255.jpg,1967,2000,33
47265.jpg,1967,2000,33
47270.jpg,1967,2000,33
47275.jpg,1967,1990,23
47280.jpg,1967,2000,33
47285.jpg,1967,1960,-7
47290.jpg,1967,1980,13
47295.jpg,1967,1902,-65
47300.jpg,1967,1900,-67
47305.jpg,1967,1900,-67
47310.jpg,1967,1960,-7
47315.jpg,1967,1960,-7
47320.jpg,1967,1960,-7
47325.jpg,1967,1960,-7
47330.jpg,1967,1950,-17
47335.jpg,1967,1980,13
47340.jpg,1967,2000,33
47345.jpg,1967,1950,-17
47350.jpg,1967,1900,-67
47355.jpg,1967,1960,-7
47360.jpg,1967,2000,33
47365.jpg,1967,1980,13
47370.jpg,1967,1900,-67
47375.jpg,1967,1800,-167
47380.jpg,1967,2000,33
47385.jpg,1967,2000,33
47395.jpg,1967,2000,33
47400.jpg,1967,1980,13
47405.jpg,1967,1950,-17
47410.jpg,1967,2000,33
47420.jpg,1967,2000,33
47425.jpg,1967,2000,33
47430.jpg,1967,2010,43
47435.jpg,1967,1960,-7
47440.jpg,1967,1950,-17
47445.jpg,1967,2000,33
47450.jpg,1968,1960,-8
47455.jpg,1968,1990,22
47460.jpg,1968,1990,22
47465.jpg,1968,2000,32
47470.jpg,1968,1960,-8
47475.jpg,1968,1960,-8
47480.jpg,1968,1990,22
47485.jpg,1968,1960,-8
47490.jpg,1968,2000,32
47495.jpg,1968,2010,42
47500.jpg,1968,2000,32
47505.jpg,1968,1990,22
47515.jpg,1968,1990,22
47520.jpg,1968,1900,-68
47525.jpg,1968,2000,32
47530.jpg,1968,1962,-6
47535.jpg,1968,1980,12
47540.jpg,1968,1960,-8
47545.jpg,1968,1950,-18
47550.jpg,1968,1990,22
47555.jpg,1968,1920,-48
47560.jpg,1968,1950,-18
47565.jpg,1968,1980,12
47570.jpg,1968,1950,-18
47575.jpg,1968,1750,-218
47580.jpg,1968,2000,32
47585.jpg,1968,1900,-68
47590.jpg,1968,2000,32
47595.jpg,1968,1980,12
47600.jpg,1968,2000,32
47610.jpg,1968,2000,32
47620.jpg,1968,2000,32
47625.jpg,1968,1900,-68
47630.jpg,1968,2000,32
47635.jpg,1968,1980,12
47640.jpg,1968,1990,22
47645.jpg,1968,1970,2
47650.jpg,1969,1950,-19
47655.jpg,1969,1960,-9
47660.jpg,1969,1950,-19
47665.jpg,1969,1990,21
47670.jpg,1969,1960,-9
47675.jpg,1969,1920,-49
47680.jpg,1969,1980,11
47685.jpg,1969,1960,-9
47690.jpg,1969,2000,31
47695.jpg,1969,1900,-69
47700.jpg,1969,2000,31
47710.jpg,1969,1980,11
47715.jpg,1969,1900,-69
47720.jpg,1969,1970,1
47730.jpg,1969,1960,-9
47735.jpg,1969,1990,21
47740.jpg,1969,2000,31
47745.jpg,1969,2000,31
47750.jpg,1969,2000,31
47755.jpg,1969,1900,-69
47760.jpg,1969,2000,31
47765.jpg,1969,2000,31
47770.jpg,1969,2000,31
47780.jpg,1969,1990,21
47785.jpg,1969,2000,31
47790.jpg,1969,1970,1
47795.jpg,1969,1980,11
47800.jpg,1969,1960,-9
47805.jpg,1969,1900,-69
47810.jpg,1969,1980,11
47815.jpg,1969,2010,41
47820.jpg,1969,1950,-19
47825.jpg,1969,1960,-9
47830.jpg,1969,1960,-9
47835.jpg,1970,1960,-10
47840.jpg,1970,1950,-20
47845.jpg,1970,1950,-20
47850.jpg,1970,1990,20
47855.jpg,1970,1950,-20
47860.jpg,1970,2000,30
47865.jpg,1970,2000,30
47870.jpg,1970,1960,-10
47875.jpg,1970,1990,20
47880.jpg,1970,2000,30
47890.jpg,1970,2000,30
47895.jpg,1970,1960,-10
47900.jpg,1970,2000,30
47905.jpg,1970,1970,0
47910.jpg,1970,1960,-10
47915.jpg,1970,2007,37
47920.jpg,1970,1950,-20
47925.jpg,1970,1970,0
47930.jpg,1970,1990,20
47935.jpg,1970,1950,-20
47940.jpg,1970,1990,20
47945.jpg,1970,1750,-220
47950.jpg,1970,2000,30
47955.jpg,1970,1980,10
47960.jpg,1970,1950,-20
47965.jpg,1970,2000,30
47970.jpg,1970,2000,30
47975.jpg,1970,1950,-20
47980.jpg,1970,1895,-75
47985.jpg,1970,1905,-65
47990.jpg,1970,2000,30
47995.jpg,1970,2000,30
48000.jpg,1971,1960,-11
48005.jpg,1971,1960,-11
48010.jpg,1971,2013,42
48020.jpg,1971,2000,29
48025.jpg,1971,1990,19
48030.jpg,1971,2000,29
48035.jpg,1971,1980,9
48040.jpg,1971,1990,19
48045.jpg,1971,1990,19
48050.jpg,1971,1900,-71
48065.jpg,1971,1960,-11
48070.jpg,1971,1930,-41
48075.jpg,1971,2000,29
48080.jpg,1971,2000,29
48085.jpg,1971,2000,29
48090.jpg,1971,1980,9
48095.jpg,1971,1900,-71
48100.jpg,1971,2000,29
48105.jpg,1971,2010,39
48110.jpg,1971,1950,-21
48115.jpg,1971,2000,29
48120.jpg,1971,1990,19
48130.jpg,1971,1990,19
48135.jpg,1971,2000,29
48140.jpg,1971,1900,-71
48145.jpg,1971,2000,29
48150.jpg,1971,2000,29
48155.jpg,1971,1960,-11
48160.jpg,1971,1960,-11
48170.jpg,1971,2010,39
48175.jpg,1971,1960,-11
48180.jpg,1972,1970,-2
48185.jpg,1972,1920,-52
48190.jpg,1972,1960,-12
48195.jpg,1972,1929,-43
48200.jpg,1972,1980,8
48205.jpg,1972,1990,18
48215.jpg,1972,2000,28
48220.jpg,1972,1980,8
48225.jpg,1972,2000,28
48230.jpg,1972,2010,38
48235.jpg,1972,2010,38
48240.jpg,1972,1950,-22
48245.jpg,1972,2010,38
48250.jpg,1972,1960,-12
48255.jpg,1972,1900,-72
48260.jpg,1972,1970,-2
48265.jpg,1972,2000,28
48270.jpg,1972,1950,-22
48275.jpg,1972,1920,-52
48280.jpg,1972,1950,-22
48285.jpg,1972,1900,-72
48290.jpg,1972,1900,-72
48295.jpg,1972,2000,28
48300.jpg,1972,1995,23
48305.jpg,1972,2000,28
48310.jpg,1972,2000,28
48320.jpg,1972,2000,28
48325.jpg,1972,1980,8
48330.jpg,1972,2000,28
48335.jpg,1972,1900,-72
48340.jpg,1972,2000,28
48345.jpg,1972,1995,23
48350.jpg,1972,2000,28
48355.jpg,1972,1900,-72
48360.jpg,1973,2000,27
48365.jpg,1973,1980,7
48370.jpg,1973,1950,-23
48375.jpg,1973,1960,-13
48380.jpg,1973,1980,7
48385.jpg,1973,2000,27
48390.jpg,1973,1950,-23
48395.jpg,1973,1950,-23
48400.jpg,1973,1980,7
48405.jpg,1973,1960,-13
48410.jpg,1973,2000,27
48415.jpg,1973,2000,27
48420.jpg,1973,1990,17
48425.jpg,1973,1950,-23
48430.jpg,1973,1960,-13
48435.jpg,1973,1980,7
48440.jpg,1973,1990,17
48445.jpg,1973,2000,27
48450.jpg,1973,1920,-53
48455.jpg,1973,1900,-73
48465.jpg,1973,1900,-73
48475.jpg,1973,1950,-23
48480.jpg,1973,2000,27
48490.jpg,1973,2000,27
48495.jpg,1973,1990,17
48500.jpg,1973,1900,-73
48505.jpg,1973,1950,-23
48510.jpg,1973,2000,27
48515.jpg,1973,1900,-73
48525.jpg,1973,1950,-23
48530.jpg,1974,1990,16
48535.jpg,1974,1990,16
48540.jpg,1974,2000,26
48545.jpg,1974,1970,-4
48550.jpg,1974,2000,26
48555.jpg,1974,2000,26
48560.jpg,1974,1980,6
48565.jpg,1974,2000,26
48570.jpg,1974,2000,26
48575.jpg,1974,1990,16
48580.jpg,1974,2000,26
48585.jpg,1974,1980,6
48590.jpg,1974,1900,-74
48595.jpg,1974,1960,-14
48600.jpg,1974,1960,-14
48605.jpg,1974,1950,-24
48610.jpg,1974,2000,26
48615.jpg,1974,2000,26
48620.jpg,1974,1950,-24
48625.jpg,1974,1900,-74
48630.jpg,1974,2000,26
48635.jpg,1974,2000,26
48640.jpg,1974,1850,-124
48650.jpg,1974,2000,26
48670.jpg,1974,2000,26
48675.jpg,1974,1990,16
48680.jpg,1974,2000,26
48685.jpg,1974,1980,6
48690.jpg,1974,2000,26
48695.jpg,1974,1450,-524
48700.jpg,1974,2000,26
48705.jpg,1974,1900,-74
48710.jpg,1974,2000,26
48715.jpg,1974,1950,-24
48720.jpg,1974,2000,26
48725.jpg,1974,1900,-74
48735.jpg,1975,2000,25
48740.jpg,1975,2000,25
48745.jpg,1975,1970,-5
48750.jpg,1975,1970,-5
48755.jpg,1975,2000,25
48760.jpg,1975,1960,-15
48765.jpg,1975,1980,5
48770.jpg,1975,2000,25
48775.jpg,1975,1950,-25
48780.jpg,1975,1990,15
48785.jpg,1975,1950,-25
48790.jpg,1975,2000,25
48795.jpg,1975,2000,25
48800.jpg,1975,1937,-38
48805.jpg,1975,1950,-25
48810.jpg,1975,2000,25
48815.jpg,1975,2000,25
48820.jpg,1975,2000,25
48825.jpg,1975,1950,-25
48830.jpg,1975,1980,5
48835.jpg,1975,2000,25
48840.jpg,1975,2000,25
48845.jpg,1975,2000,25
48850.jpg,1975,1990,15
48855.jpg,1975,2010,35
48860.jpg,1975,2000,25
48865.jpg,1975,2000,25
48870.jpg,1975,2000,25
48875.jpg,1975,1990,15
48880.jpg,1975,2000,25
48885.jpg,1975,1960,-15
48890.jpg,1975,1990,15
48895.jpg,1975,2000,25
48900.jpg,1976,1900,-76
48905.jpg,1976,1990,14
48910.jpg,1976,1950,-26
48915.jpg,1976,1900,-76
48920.jpg,1976,1967,-9
48925.jpg,1976,2000,24
48930.jpg,1976,2000,24
48940.jpg,1976,2000,24
48945.jpg,1976,1920,-56
48950.jpg,1976,2000,24
48955.jpg,1976,1950,-26
48960.jpg,1976,1990,14
48965.jpg,1976,1960,-16
48970.jpg,1976,1955,-21
48975.jpg,1976,1990,14
48985.jpg,1976,2000,24
48990.jpg,1976,1900,-76
49000.jpg,1976,1700,-276
49020.jpg,1976,2000,24
49030.jpg,1976,2000,24
49035.jpg,1976,2000,24
49040.jpg,1976,1980,4
49045.jpg,1976,2000,24
49050.jpg,1976,2000,24
49060.jpg,1976,1930,-46
49065.jpg,1976,1900,-76
49070.jpg,1976,2000,24
49075.jpg,1976,1450,-526
49080.jpg,1976,2000,24
49085.jpg,1976,1950,-26
49090.jpg,1976,2000,24
49095.jpg,1977,2000,23
49100.jpg,1977,1900,-77
49105.jpg,1977,1960,-17
49110.jpg,1977,1999,22
49115.jpg,1977,1990,13
49120.jpg,1977,1980,3
49125.jpg,1977,1990,13
49130.jpg,1977,1990,13
49135.jpg,1977,2000,23
49140.jpg,1977,1950,-27
49145.jpg,1977,2000,23
49150.jpg,1977,1990,13
49155.jpg,1977,1990,13
49160.jpg,1977,2000,23
49165.jpg,1977,1900,-77
49170.jpg,1977,2000,23
49175.jpg,1977,1800,-177
49180.jpg,1977,2000,23
49185.jpg,1977,2000,23
49190.jpg,1977,2000,23
49195.jpg,1977,2000,23
49205.jpg,1977,2000,23
49210.jpg,1977,1950,-27
49215.jpg,1977,1990,13
49220.jpg,1977,1980,3
49225.jpg,1977,1952,-25
49230.jpg,1977,1600,-377
49235.jpg,1977,1980,3
49240.jpg,1977,1980,3
49250.jpg,1977,2000,23
49255.jpg,1977,1950,-27
49260.jpg,1978,2000,22
49265.jpg,1978,2010,32
49270.jpg,1978,1990,12
49280.jpg,1978,1990,12
49285.jpg,1978,1990,12
49290.jpg,1978,1920,-58
49295.jpg,1978,2010,32
49305.jpg,1978,1950,-28
49310.jpg,1978,2000,22
49315.jpg,1978,1950,-28
49320.jpg,1978,2000,22
49325.jpg,1978,1950,-28
49330.jpg,1978,2000,22
49335.jpg,1978,1950,-28
49340.jpg,1978,1900,-78
49345.jpg,1978,1980,2
49350.jpg,1978,1990,12
49355.jpg,1978,2000,22
49360.jpg,1978,2000,22
49365.jpg,1978,2000,22
49370.jpg,1978,1900,-78
49375.jpg,1978,2000,22
49385.jpg,1978,2000,22
49390.jpg,1978,2000,22
49395.jpg,1978,1950,-28
49400.jpg,1978,1980,2
49405.jpg,1979,1980,1
49410.jpg,1979,2000,21
49415.jpg,1979,1950,-29
49420.jpg,1979,2000,21
49425.jpg,1979,2000,21
49430.jpg,1979,2010,31
49435.jpg,1979,2000,21
49440.jpg,1979,2000,21
49445.jpg,1979,1950,-29
49450.jpg,1979,1950,-29
49455.jpg,1979,1960,-19
49460.jpg,1979,2000,21
49465.jpg,1979,1950,-29
49470.jpg,1979,1900,-79
49475.jpg,1979,1960,-19
49480.jpg,1979,1900,-79
49485.jpg,1979,1950,-29
49490.jpg,1979,1950,-29
49495.jpg,1979,1900,-79
49500.jpg,1979,2000,21
49505.jpg,1979,2000,21
49510.jpg,1979,1960,-19
49515.jpg,1979,1990,11
49525.jpg,1979,2000,21
49530.jpg,1979,2000,21
49535.jpg,1979,2000,21
49540.jpg,1979,1900,-79
49545.jpg,1979,1950,-29
49550.jpg,1979,2000,21
49555.jpg,1979,2000,21
49560.jpg,1979,2000,21
49565.jpg,1980,1995,15
49570.jpg,1980,1900,-80
49585.jpg,1980,1900,-80
49590.jpg,1980,1976,-4
49595.jpg,1980,1950,-30
49600.jpg,1980,1990,10
49605.jpg,1980,1900,-80
49610.jpg,1980,2000,20
49615.jpg,1980,2000,20
49620.jpg,1980,1990,10
49625.jpg,1980,1900,-80
49630.jpg,1980,2000,20
49635.jpg,1980,2000,20
49640.jpg,1980,2000,20
49645.jpg,1980,2000,20
49650.jpg,1980,2000,20
49655.jpg,1980,1950,-30
49660.jpg,1980,2000,20
49665.jpg,1980,2000,20
49675.jpg,1980,2000,20
49680.jpg,1980,2000,20
49685.jpg,1980,2000,20
49690.jpg,1980,1990,10
49695.jpg,1980,1990,10
49700.jpg,1980,2000,20
49705.jpg,1980,1950,-30
49710.jpg,1981,2000,19
49715.jpg,1981,2000,19
49720.jpg,1981,2010,29
49725.jpg,1981,2000,19
49735.jpg,1981,2000,19
49740.jpg,1981,1900,-81
49745.jpg,1981,1990,9
49750.jpg,1981,2000,19
49755.jpg,1981,1990,9
49760.jpg,1981,2000,19
49770.jpg,1981,1990,9
49775.jpg,1981,1990,9
49780.jpg,1981,2000,19
49785.jpg,1981,1900,-81
49790.jpg,1981,2000,19
49795.jpg,1981,2000,19
49800.jpg,1981,2000,19
49805.jpg,1981,2000,19
49810.jpg,1981,1900,-81
49815.jpg,1981,1920,-61
49820.jpg,1981,1900,-81
49825.jpg,1981,1950,-31
49830.jpg,1981,2000,19
49835.jpg,1981,1950,-31
49840.jpg,1981,1900,-81
49845.jpg,1981,1900,-81
49850.jpg,1981,2000,19
49860.jpg,1981,2000,19
49865.jpg,1981,2000,19
49875.jpg,1981,1990,9
49880.jpg,1981,1990,9
49885.jpg,1981,2000,19
49890.jpg,1981,1980,-1
49895.jpg,1981,1960,-21
49900.jpg,1981,1500,-481
49905.jpg,1981,2010,29
49910.jpg,1981,2000,19
49915.jpg,1981,1990,9
49920.jpg,1982,2000,18
49925.jpg,1982,2000,18
49930.jpg,1982,1990,8
49935.jpg,1982,1990,8
49940.jpg,1982,1980,-2
49945.jpg,1982,1994,12
49950.jpg,1982,2010,28
49955.jpg,1982,1980,-2
49960.jpg,1982,2000,18
49965.jpg,1982,1990,8
49975.jpg,1982,1990,8
49980.jpg,1982,2000,18
49985.jpg,1982,2000,18
49990.jpg,1982,2000,18
49995.jpg,1982,1970,-12
50000.jpg,1982,2000,18
50005.jpg,1982,2010,28
50010.jpg,1982,1990,8
50015.jpg,1982,1980,-2
50020.jpg,1982,2000,18
50025.jpg,1982,2000,18
50030.jpg,1982,2000,18
50035.jpg,1982,2000,18
50040.jpg,1982,2007,25
50045.jpg,1982,2000,18
50050.jpg,1982,1900,-82
50055.jpg,1982,1980,-2
50060.jpg,1982,2000,18
50065.jpg,1982,1900,-82
50070.jpg,1982,2000,18
50075.jpg,1982,1950,-32
50080.jpg,1982,1900,-82
50095.jpg,1982,1900,-82
50100.jpg,1982,1600,-382
50105.jpg,1982,2000,18
50110.jpg,1982,1900,-82
50115.jpg,1982,2000,18
50120.jpg,1982,1900,-82
50145.jpg,1982,1960,-22
50150.jpg,1982,1970,-12
50155.jpg,1982,2000,18
50160.jpg,1983,1600,-383
50165.jpg,1983,1950,-33
50170.jpg,1983,2000,17
50175.jpg,1983,2000,17
50185.jpg,1983,1900,-83
50190.jpg,1983,1920,-63
50195.jpg,1983,1990,7
50200.jpg,1983,1960,-23
50205.jpg,1983,2000,17
50210.jpg,1983,2000,17
50220.jpg,1983,2000,17
50225.jpg,1983,1980,-3
50230.jpg,1983,2000,17
50235.jpg,1983,1990,7
50240.jpg,1983,2000,17
50245.jpg,1983,2000,17
50250.jpg,1983,1960,-23
50255.jpg,1983,1970,-13
50260.jpg,1983,2000,17
50270.jpg,1983,2000,17
50275.jpg,1983,1960,-23
50280.jpg,1983,1950,-33
50285.jpg,1983,1950,-33
50290.jpg,1983,2000,17
50295.jpg,1983,1990,7
50300.jpg,1983,2000,17
50305.jpg,1983,1960,-23
50310.jpg,1983,1920,-63
50315.jpg,1983,1900,-83
50320.jpg,1983,2000,17
50325.jpg,1983,1900,-83
50330.jpg,1983,2000,17
50335.jpg,1983,1990,7
50340.jpg,1983,2000,17
50345.jpg,1983,2000,17
50350.jpg,1983,2000,17
50355.jpg,1983,1900,-83
50360.jpg,1983,2000,17
50365.jpg,1983,1960,-23
50370.jpg,1983,1990,7
50375.jpg,1983,1960,-23
50380.jpg,1983,2010,27
50385.jpg,1983,2000,17
50390.jpg,1984,1980,-4
50395.jpg,1984,1990,6
50400.jpg,1984,2000,16
50405.jpg,1984,2000,16
50410.jpg,1984,2000,16
50415.jpg,1984,2000,16
50420.jpg,1984,1990,6
50425.jpg,1984,2010,26
50430.jpg,1984,2000,16
50435.jpg,1984,1900,-84
50440.jpg,1984,2000,16
50445.jpg,1984,1920,-64
50450.jpg,1984,2000,16
50455.jpg,1984,2000,16
50465.jpg,1984,2000,16
50470.jpg,1984,2000,16
50475.jpg,1984,2000,16
50480.jpg,1984,2000,16
50485.jpg,1984,1960,-24
50490.jpg,1984,1950,-34
50495.jpg,1984,1300,-684
50500.jpg,1984,1900,-84
50505.jpg,1984,1920,-64
50515.jpg,1984,2000,16
50520.jpg,1984,1900,-84
50525.jpg,1984,1960,-24
50530.jpg,1984,1900,-84
50535.jpg,1984,1900,-84
50540.jpg,1984,2000,16
50545.jpg,1984,1990,6
50550.jpg,1984,2000,16
50555.jpg,1984,2010,26
50560.jpg,1984,1960,-24
50565.jpg,1984,2000,16
50570.jpg,1984,1950,-34
50575.jpg,1984,2000,16
50580.jpg,1985,1850,-135
50585.jpg,1985,2000,15
50595.jpg,1985,2000,15
50600.jpg,1985,2000,15
50605.jpg,1985,1990,5
50610.jpg,1985,2000,15
50615.jpg,1985,1950,-35
50620.jpg,1985,2000,15
50630.jpg,1985,2000,15
50635.jpg,1985,2000,15
50640.jpg,1985,2000,15
50645.jpg,1985,1920,-65
50650.jpg,1985,2000,15
50655.jpg,1985,2000,15
50660.jpg,1985,2000,15
50665.jpg,1985,1980,-5
50670.jpg,1985,2000,15
50675.jpg,1985,2000,15
50680.jpg,1985,1950,-35
50685.jpg,1985,1950,-35
50690.jpg,1985,2010,25
50695.jpg,1985,2000,15
50700.jpg,1985,1960,-25
50705.jpg,1985,1950,-35
50710.jpg,1985,1800,-185
50715.jpg,1985,1950,-35
50720.jpg,1985,1900,-85
50730.jpg,1985,1990,5
50735.jpg,1985,2000,15
50740.jpg,1985,2000,15
50745.jpg,1985,2010,25
50750.jpg,1985,1990,5
50755.jpg,1985,2000,15
50760.jpg,1985,1900,-85
50765.jpg,1985,2000,15
50770.jpg,1985,2000,15
50775.jpg,1985,1950,-35
50780.jpg,1986,2000,14
50785.jpg,1986,1960,-26
50790.jpg,1986,1900,-86
50795.jpg,1986,2000,14
50800.jpg,1986,2000,14
50805.jpg,1986,2000,14
50810.jpg,1986,2000,14
50815.jpg,1986,2000,14
50820.jpg,1986,2000,14
50830.jpg,1986,2000,14
50835.jpg,1986,2000,14
50840.jpg,1986,1960,-26
50845.jpg,1986,2000,14
50850.jpg,1986,1990,4
50855.jpg,1986,2000,14
50860.jpg,1986,2000,14
50865.jpg,1986,1900,-86
50870.jpg,1986,2000,14
50885.jpg,1986,1980,-6
50890.jpg,1986,1950,-36
50895.jpg,1986,2000,14
50900.jpg,1986,1900,-86
50905.jpg,1986,2000,14
50910.jpg,1986,1998,12
50915.jpg,1986,2000,14
50920.jpg,1986,1900,-86
50925.jpg,1986,1900,-86
50930.jpg,1986,2000,14
50935.jpg,1986,1950,-36
50940.jpg,1986,1913,-73
50945.jpg,1986,2000,14
50950.jpg,1986,2000,14
50955.jpg,1986,2000,14
50960.jpg,1986,1990,4
50965.jpg,1986,1990,4
50970.jpg,1986,1990,4
50975.jpg,1986,2000,14
50980.jpg,1986,1900,-86
50985.jpg,1986,1900,-86
50990.jpg,1987,1600,-387
50995.jpg,1987,1920,-67
51000.jpg,1987,1980,-7
51010.jpg,1987,2000,13
51015.jpg,1987,1990,3
51020.jpg,1987,1950,-37
51025.jpg,1987,2000,13
51030.jpg,1987,1950,-37
51035.jpg,1987,2010,23
51040.jpg,1987,2000,13
51045.jpg,1987,2000,13
51050.jpg,1987,2000,13
51055.jpg,1987,2000,13
51060.jpg,1987,2000,13
51065.jpg,1987,2000,13
51070.jpg,1987,2000,13
51075.jpg,1987,1960,-27
51080.jpg,1987,2000,13
51085.jpg,1987,1960,-27
51090.jpg,1987,2000,13
51095.jpg,1987,1990,3
51100.jpg,1987,1900,-87
51105.jpg,1987,1900,-87
51110.jpg,1987,1920,-67
51115.jpg,1987,2000,13
51120.jpg,1987,1950,-37
51125.jpg,1987,1900,-87
51130.jpg,1987,1900,-87
51135.jpg,1987,2000,13
51140.jpg,1987,2000,13
51145.jpg,1987,1990,3
51155.jpg,1987,2000,13
51165.jpg,1987,2000,13
51170.jpg,1987,1900,-87
51175.jpg,1987,2010,23
51180.jpg,1987,2000,13
51200.jpg,1988,1950,-38
51205.jpg,1988,1990,2
51210.jpg,1988,1950,-38
51215.jpg,1988,2000,12
51220.jpg,1988,1980,-8
51225.jpg,1988,2000,12
51240.jpg,1988,2000,12
51245.jpg,1988,1990,2
51250.jpg,1988,2000,12
51255.jpg,1988,2000,12
51260.jpg,1988,2000,12
51265.jpg,1988,2000,12
51270.jpg,1988,2000,12
51275.jpg,1988,1960,-28
51280.jpg,1988,1990,2
51285.jpg,1988,1990,2
51290.jpg,1988,2000,12
51295.jpg,1988,1990,2
51300.jpg,1988,2000,12
51305.jpg,1988,2000,12
51310.jpg,1988,1950,-38
51315.jpg,1988,2000,12
51320.jpg,1988,1900,-88
51330.jpg,1988,1900,-88
51335.jpg,1988,1900,-88
51340.jpg,1988,1980,-8
51345.jpg,1988,1900,-88
51350.jpg,1988,1900,-88
51355.jpg,1988,2000,12
51360.jpg,1988,2000,12
51365.jpg,1988,2000,12
51370.jpg,1988,2000,12
51375.jpg,1988,2000,12
51380.jpg,1988,2000,12
51385.jpg,1988,2000,12
51390.jpg,1988,2000,12
51395.jpg,1988,1964,-24
51400.jpg,1988,2000,12
51405.jpg,1988,1990,2
51410.jpg,1989,1992,3
51415.jpg,1989,1990,1
51420.jpg,1989,2000,11
51425.jpg,1989,2000,11
51430.jpg,1989,2010,21
51435.jpg,1989,1980,-9
51440.jpg,1989,1920,-69
51445.jpg,1989,2000,11
51455.jpg,1989,1900,-89
51460.jpg,1989,1990,1
51470.jpg,1989,2000,11
51475.jpg,1989,2000,11
51480.jpg,1989,1990,1
51485.jpg,1989,1960,-29
51490.jpg,1989,1990,1
51495.jpg,1989,1990,1
51500.jpg,1989,1960,-29
51505.jpg,1989,2000,11
51510.jpg,1989,1990,1
51515.jpg,1989,2000,11
51520.jpg,1989,1950,-39
51525.jpg,1989,1900,-89
51530.jpg,1989,1980,-9
51535.jpg,1989,2000,11
51540.jpg,1989,1900,-89
51545.jpg,1989,1900,-89
51550.jpg,1989,1900,-89
51555.jpg,1989,2000,11
51560.jpg,1989,2000,11
51565.jpg,1989,2000,11
51575.jpg,1989,2000,11
51580.jpg,1989,1400,-589
51585.jpg,1989,2000,11
51590.jpg,1989,2000,11
51595.jpg,1989,2000,11
51600.jpg,1989,2000,11
51605.jpg,1990,1880,-110
51610.jpg,1990,2000,10
51615.jpg,1990,1920,-70
51620.jpg,1990,1992,2
51625.jpg,1990,1900,-90
51630.jpg,1990,2000,10
51635.jpg,1990,1990,0
51640.jpg,1990,1990,0
51645.jpg,1990,2010,20
51650.jpg,1990,1920,-70
51655.jpg,1990,1995,5
51660.jpg,1990,1964,-26
51670.jpg,1990,2000,10
51675.jpg,1990,2000,10
51680.jpg,1990,2000,10
51685.jpg,1990,2000,10
51690.jpg,1990,2000,10
51695.jpg,1990,2000,10
51700.jpg,1990,1990,0
51705.jpg,1990,2000,10
51710.jpg,1990,1960,-30
51715.jpg,1990,1960,-30
51720.jpg,1990,1990,0
51725.jpg,1990,2000,10
51730.jpg,1990,2000,10
51735.jpg,1990,1990,0
51740.jpg,1990,2010,20
51745.jpg,1990,1900,-90
51755.jpg,1990,1960,-30
51760.jpg,1990,1900,-90
51765.jpg,1990,1900,-90
51770.jpg,1990,1950,-40
51775.jpg,1990,2010,20
51780.jpg,1990,2000,10
51785.jpg,1990,2000,10
51795.jpg,1990,2010,20
51805.jpg,1990,2000,10
51810.jpg,1990,2000,10
51815.jpg,1990,2000,10
51820.jpg,1990,2000,10
51825.jpg,1990,1950,-40
51830.jpg,1990,2000,10
51840.jpg,1991,1900,-91
51845.jpg,1991,1900,-91
51850.jpg,1991,2000,9
51860.jpg,1991,2000,9
51865.jpg,1991,2000,9
51870.jpg,1991,1990,-1
51875.jpg,1991,1990,-1
51885.jpg,1991,2010,19
51890.jpg,1991,2010,19
51895.jpg,1991,1980,-11
51905.jpg,1991,2000,9
51910.jpg,1991,1920,-71
51920.jpg,1991,2000,9
51925.jpg,1991,2000,9
51930.jpg,1991,2000,9
51935.jpg,1991,2000,9
51940.jpg,1991,2000,9
51945.jpg,1991,1920,-71
51950.jpg,1991,1990,-1
51955.jpg,1991,2000,9
51960.jpg,1991,2000,9
51965.jpg,1991,1970,-21
51970.jpg,1991,2000,9
51975.jpg,1991,1950,-41
51980.jpg,1991,1900,-91
51985.jpg,1991,1900,-91
51990.jpg,1991,2000,9
51995.jpg,1991,1960,-31
52000.jpg,1991,1920,-71
52015.jpg,1991,2000,9
52020.jpg,1991,2000,9
52025.jpg,1991,2000,9
52035.jpg,1991,2000,9
52040.jpg,1991,2000,9
52045.jpg,1991,1950,-41
52060.jpg,1991,2000,9
52065.jpg,1992,2000,8
52070.jpg,1992,1990,-2
52075.jpg,1992,1950,-42
52080.jpg,1992,1950,-42
52085.jpg,1992,1950,-42
52090.jpg,1992,2000,8
52095.jpg,1992,1982,-10
52100.jpg,1992,1990,-2
52105.jpg,1992,1920,-72
52110.jpg,1992,2000,8
52115.jpg,1992,2000,8
52120.jpg,1992,1990,-2
52125.jpg,1992,2000,8
52130.jpg,1992,2000,8
52135.jpg,1992,1900,-92
52140.jpg,1992,2000,8
52145.jpg,1992,2000,8
52150.jpg,1992,2000,8
52155.jpg,1992,2000,8
52160.jpg,1992,2000,8
52165.jpg,1992,2000,8
52170.jpg,1992,2000,8
52175.jpg,1992,2000,8
52180.jpg,1992,1999,7
52185.jpg,1992,2000,8
52190.jpg,1992,2000,8
52195.jpg,1992,2000,8
52200.jpg,1992,2000,8
52205.jpg,1992,1980,-12
52210.jpg,1992,1900,-92
52215.jpg,1992,1930,-62
52220.jpg,1992,2000,8
52225.jpg,1992,2000,8
52230.jpg,1992,1900,-92
52235.jpg,1992,1900,-92
52240.jpg,1992,2000,8
52245.jpg,1992,2000,8
52250.jpg,1992,2000,8
52260.jpg,1992,2000,8
52270.jpg,1993,2000,7
52275.jpg,1993,2000,7
52280.jpg,1993,2000,7
52285.jpg,1993,1980,-13
52290.jpg,1993,2000,7
52300.jpg,1993,1990,-3
52305.jpg,1993,1950,-43
52310.jpg,1993,2000,7
52315.jpg,1993,1990,-3
52320.jpg,1993,2000,7
52325.jpg,1993,1980,-13
52335.jpg,1993,2000,7
52340.jpg,1993,2000,7
52345.jpg,1993,1960,-33
52350.jpg,1993,2000,7
52355.jpg,1993,2000,7
52360.jpg,1993,1980,-13
52365.jpg,1993,2000,7
52370.jpg,1993,1950,-43
52375.jpg,1993,1900,-93
52380.jpg,1993,1950,-43
52385.jpg,1993,1960,-33
52390.jpg,1993,2000,7
52395.jpg,1993,2000,7
52400.jpg,1993,1950,-43
52405.jpg,1993,1960,-33
52410.jpg,1993,1900,-93
52415.jpg,1993,1950,-43
52420.jpg,1993,1900,-93
52425.jpg,1993,1900,-93
52430.jpg,1993,2000,7
52435.jpg,1993,1990,-3
52440.jpg,1993,2000,7
52445.jpg,1993,2000,7
52450.jpg,1993,1800,-193
52455.jpg,1993,2000,7
52460.jpg,1993,2000,7
52465.jpg,1993,2000,7
52475.jpg,1994,2000,6
52480.jpg,1994,2000,6
52485.jpg,1994,2000,6
52490.jpg,1994,1980,-14
52495.jpg,1994,2010,16
52505.jpg,1994,2000,6
52510.jpg,1994,1936,-58
52515.jpg,1994,2000,6
52525.jpg,1994,1960,-34
52530.jpg,1994,1990,-4
52535.jpg,1994,1990,-4
52540.jpg,1994,1960,-34
52545.jpg,1994,2010,16
52550.jpg,1994,2000,6
52555.jpg,1994,1990,-4
52560.jpg,1994,1900,-94
52570.jpg,1994,1960,-34
52575.jpg,1994,1960,-34
52580.jpg,1994,1900,-94
52585.jpg,1994,2000,6
52590.jpg,1994,2000,6
52595.jpg,1994,1900,-94
52600.jpg,1994,1900,-94
52605.jpg,1994,1600,-394
52610.jpg,1994,2000,6
52615.jpg,1994,1750,-244
52620.jpg,1994,2000,6
52625.jpg,1994,2000,6
52630.jpg,1994,1990,-4
52635.jpg,1994,2000,6
52640.jpg,1994,1970,-24
52645.jpg,1994,2000,6
52650.jpg,1995,1990,-5
52655.jpg,1995,2000,5
52660.jpg,1995,2010,15
52665.jpg,1995,2000,5
52670.jpg,1995,1960,-35
52675.jpg,1995,2010,15
52680.jpg,1995,1990,-5
52685.jpg,1995,1995,0
52690.jpg,1995,1980,-15
52695.jpg,1995,2000,5
52700.jpg,1995,2000,5
52705.jpg,1995,2000,5
52710.jpg,1995,2000,5
52715.jpg,1995,1950,-45
52720.jpg,1995,1970,-25
52725.jpg,1995,1950,-45
52730.jpg,1995,1950,-45
52735.jpg,1995,2000,5
52740.jpg,1995,1990,-5
52745.jpg,1995,2000,5
52750.jpg,1995,2000,5
52755.jpg,1995,2000,5
52760.jpg,1995,2000,5
52765.jpg,1995,1950,-45
52770.jpg,1995,2000,5
52775.jpg,1995,2000,5
52785.jpg,1995,2000,5
52790.jpg,1995,1900,-95
52795.jpg,1995,2000,5
52800.jpg,1995,1900,-95
52805.jpg,1995,2000,5
52810.jpg,1995,2000,5
52815.jpg,1995,1900,-95
52820.jpg,1995,1997,2
52825.jpg,1995,2000,5
52830.jpg,1995,1900,-95
52835.jpg,1995,1900,-95
52840.jpg,1995,1900,-95
52845.jpg,1996,1950,-46
52850.jpg,1996,2000,4
52855.jpg,1996,2000,4
52860.jpg,1996,2000,4
52865.jpg,1996,2000,4
52870.jpg,1996,2000,4
52875.jpg,1996,1950,-46
52880.jpg,1996,1950,-46
52885.jpg,1996,2000,4
52890.jpg,1996,2000,4
52895.jpg,1996,1995,-1
52900.jpg,1996,2000,4
52905.jpg,1996,2000,4
52910.jpg,1996,2000,4
52915.jpg,1996,1920,-76
52920.jpg,1996,2000,4
52925.jpg,1996,1950,-46
52935.jpg,1996,1950,-46
52940.jpg,1996,1960,-36
52945.jpg,1996,1900,-96
52950.jpg,1996,1990,-6
52955.jpg,1996,2000,4
52960.jpg,1996,2000,4
52965.jpg,1996,1990,-6
52970.jpg,1996,1950,-46
52980.jpg,1996,2000,4
52985.jpg,1997,1600,-397
52990.jpg,1997,2000,3
52995.jpg,1997,1900,-97
53000.jpg,1997,2000,3
53005.jpg,1997,1900,-97
53010.jpg,1997,1990,-7
53015.jpg,1997,2000,3
53020.jpg,1997,1990,-7
53025.jpg,1997,2002,5
53030.jpg,1997,2000,3
53035.jpg,1997,1990,-7
53040.jpg,1997,2000,3
53045.jpg,1997,2000,3
53050.jpg,1997,2010,13
53055.jpg,1997,2000,3
53060.jpg,1997,2000,3
53065.jpg,1997,1920,-77
53070.jpg,1997,2000,3
53075.jpg,1997,2000,3
53080.jpg,1997,2010,13
53085.jpg,1997,1980,-17
53090.jpg,1997,1900,-97
53095.jpg,1997,2000,3
53100.jpg,1997,2000,3
53105.jpg,1997,2000,3
53110.jpg,1997,2010,13
53115.jpg,1997,2000,3
53120.jpg,1997,2000,3
53125.jpg,1997,2000,3
53130.jpg,1997,1950,-47
53135.jpg,1997,2000,3
53140.jpg,1997,1900,-97
53145.jpg,1997,2000,3
53150.jpg,1997,2000,3
53155.jpg,1997,1700,-297
53165.jpg,1997,1900,-97
53170.jpg,1997,1950,-47
53175.jpg,1997,2000,3
53180.jpg,1997,2000,3
53185.jpg,1997,2000,3
53190.jpg,1997,2000,3
53195.jpg,1997,1600,-397
53200.jpg,1997,2010,13
53205.jpg,1997,1980,-17
53210.jpg,1997,2000,3
53215.jpg,1997,1900,-97
53220.jpg,1997,2000,3
53225.jpg,1997,2000,3
53230.jpg,1997,2000,3
53235.jpg,1998,1900,-98
53240.jpg,1998,2000,2
53245.jpg,1998,1900,-98
53250.jpg,1998,2000,2
53255.jpg,1998,1960,-38
53260.jpg,1998,2000,2
53265.jpg,1998,1930,-68
53270.jpg,1998,2010,12
53275.jpg,1998,2020,22
53280.jpg,1998,2000,2
53285.jpg,1998,1920,-78
53290.jpg,1998,2000,2
53300.jpg,1998,1980,-18
53305.jpg,1998,1950,-48
53310.jpg,1998,2000,2
53315.jpg,1998,2000,2
53325.jpg,1998,2000,2
53330.jpg,1998,2000,2
53335.jpg,1998,2000,2
53340.jpg,1998,2000,2
53345.jpg,1998,1950,-48
53350.jpg,1998,2000,2
53355.jpg,1998,2000,2
53365.jpg,1998,2000,2
53370.jpg,1998,2000,2
53375.jpg,1998,2000,2
53380.jpg,1998,1900,-98
53385.jpg,1998,1800,-198
53390.jpg,1998,1800,-198
53395.jpg,1998,2000,2
53400.jpg,1998,1900,-98
53405.jpg,1998,2000,2
53410.jpg,1998,1950,-48
53415.jpg,1998,2000,2
53420.jpg,1998,1900,-98
53425.jpg,1998,2000,2
53435.jpg,1998,2000,2
53440.jpg,1998,2000,2
53445.jpg,1998,2010,12
53450.jpg,1998,1980,-18
53455.jpg,1999,1600,-399
53460.jpg,1999,1990,-9
53465.jpg,1999,2000,1
53470.jpg,1999,1900,-99
53475.jpg,1999,2000,1
53480.jpg,1999,2000,1
53485.jpg,1999,2000,1
53490.jpg,1999,1960,-39
53495.jpg,1999,2000,1
53505.jpg,1999,1980,-19
53510.jpg,1999,1990,-9
53515.jpg,1999,2000,1
53520.jpg,1999,2010,11
53525.jpg,1999,2000,1
53530.jpg,1999,2000,1
53535.jpg,1999,1960,-39
53540.jpg,1999,1900,-99
53545.jpg,1999,2000,1
53550.jpg,1999,2010,11
53555.jpg,1999,2000,1
53560.jpg,1999,2000,1
53565.jpg,1999,2000,1
53570.jpg,1999,2000,1
53575.jpg,1999,1980,-19
53580.jpg,1999,1980,-19
53585.jpg,1999,1900,-99
53590.jpg,1999,1990,-9
53595.jpg,1999,2000,1
53600.jpg,1999,2000,1
53605.jpg,1999,2000,1
53610.jpg,1999,2000,1
53615.jpg,1999,1900,-99
53620.jpg,1999,1900,-99
53625.jpg,1999,2000,1
53630.jpg,1999,1920,-79
53635.jpg,1999,1900,-99
53650.jpg,1999,2000,1
53655.jpg,1999,1900,-99
53660.jpg,1999,2000,1
53665.jpg,1999,2000,1
53670.jpg,1999,2000,1
53675.jpg,1999,2000,1
53680.jpg,1999,2000,1
53685.jpg,1999,1900,-99
53690.jpg,2000,2000,0
53700.jpg,2000,2000,0
53705.jpg,2000,1980,-20
53710.jpg,2000,2000,0
53715.jpg,2000,2000,0
53720.jpg,2000,1960,-40
53725.jpg,2000,1990,-10
53730.jpg,2000,1990,-10
53735.jpg,2000,2000,0
53740.jpg,2000,2000,0
53745.jpg,2000,1950,-50
53755.jpg,2000,1990,-10
53760.jpg,2000,1990,-10
53765.jpg,2000,2000,0
53770.jpg,2000,2000,0
53775.jpg,2000,1950,-50
53780.jpg,2000,2000,0
53785.jpg,2000,2000,0
53790.jpg,2000,1900,-100
53795.jpg,2000,1950,-50
53800.jpg,2000,1900,-100
53805.jpg,2000,2000,0
53810.jpg,2000,2000,0
53815.jpg,2000,1950,-50
53820.jpg,2000,1950,-50
53830.jpg,2000,1950,-50
53835.jpg,2000,2000,0
53840.jpg,2000,2000,0
53845.jpg,2000,2000,0
53850.jpg,2000,1900,-100
53855.jpg,2000,2000,0
53860.jpg,2000,1990,-10
53865.jpg,2000,1950,-50
53870.jpg,2000,1950,-50
53875.jpg,2000,1990,-10
53880.jpg,2000,2000,0
53885.jpg,2000,2000,0
53890.jpg,2000,2010,10
53895.jpg,2000,1990,-10
53905.jpg,2001,2000,-1
53910.jpg,2001,2000,-1
53915.jpg,2001,2000,-1
53920.jpg,2001,2000,-1
53925.jpg,2001,2000,-1
53930.jpg,2001,2000,-1
53935.jpg,2001,1980,-21
53940.jpg,2001,2000,-1
53945.jpg,2001,1950,-51
53950.jpg,2001,2000,-1
53955.jpg,2001,2000,-1
53960.jpg,2001,2000,-1
53965.jpg,2001,1990,-11
53970.jpg,2001,2000,-1
53975.jpg,2001,2000,-1
53980.jpg,2001,2000,-1
53985.jpg,2001,2000,-1
53990.jpg,2001,2000,-1
53995.jpg,2001,1880,-121
54000.jpg,2001,2000,-1
54005.jpg,2001,1960,-41
54010.jpg,2001,1920,-81
54015.jpg,2001,2000,-1
54020.jpg,2001,1900,-101
54025.jpg,2001,2010,9
54030.jpg,2001,2000,-1
54035.jpg,2001,2000,-1
54040.jpg,2001,2000,-1
54045.jpg,2001,2000,-1
54050.jpg,2001,1950,-51
54055.jpg,2001,2000,-1
54060.jpg,2001,1900,-101
54065.jpg,2001,2000,-1
54070.jpg,2001,2000,-1
54075.jpg,2001,2010,9
54085.jpg,2001,2000,-1
54090.jpg,2001,2000,-1
54095.jpg,2001,1900,-101
54100.jpg,2001,2000,-1
54105.jpg,2001,1900,-101
54110.jpg,2001,2000,-1
54120.jpg,2001,1990,-11
54125.jpg,2001,2000,-1
54130.jpg,2001,1960,-41
54135.jpg,2001,2000,-1
54140.jpg,2001,2000,-1
54145.jpg,2001,1950,-51
54150.jpg,2001,2000,-1
54155.jpg,2001,1950,-51
54160.jpg,2001,2000,-1
54165.jpg,2001,1400,-601
54170.jpg,2001,2010,9
54180.jpg,2002,1900,-102
54185.jpg,2002,2007,5
54190.jpg,2002,2000,-2
54195.jpg,2002,2000,-2
54200.jpg,2002,2000,-2
54205.jpg,2002,2000,-2
54210.jpg,2002,2000,-2
54215.jpg,2002,1960,-42
54220.jpg,2002,1990,-12
54225.jpg,2002,2000,-2
54230.jpg,2002,1967,-35
54235.jpg,2002,2000,-2
54240.jpg,2002,2000,-2
54245.jpg,2002,1950,-52
54250.jpg,2002,2000,-2
54255.jpg,2002,1600,-402
54260.jpg,2002,2000,-2
54265.jpg,2002,2000,-2
54270.jpg,2002,2000,-2
54275.jpg,2002,1980,-22
54280.jpg,2002,2000,-2
54285.jpg,2002,2000,-2
54290.jpg,2002,1950,-52
54295.jpg,2002,1950,-52
54300.jpg,2002,1900,-102
54305.jpg,2002,1960,-42
54310.jpg,2002,2000,-2
54315.jpg,2002,2000,-2
54320.jpg,2002,1900,-102
54330.jpg,2002,1900,-102
54335.jpg,2002,1950,-52
54340.jpg,2002,2000,-2
54345.jpg,2002,2000,-2
54355.jpg,2002,1950,-52
54360.jpg,2002,1950,-52
54365.jpg,2002,2000,-2
54370.jpg,2002,1950,-52
54375.jpg,2002,2010,8
54385.jpg,2002,2000,-2
54390.jpg,2002,2000,-2
54395.jpg,2002,2000,-2
54400.jpg,2002,2000,-2
54405.jpg,2003,2000,-3
54410.jpg,2003,2010,7
54415.jpg,2003,2000,-3
54425.jpg,2003,2000,-3
54430.jpg,2003,2000,-3
54435.jpg,2003,2000,-3
54440.jpg,2003,2000,-3
54445.jpg,2003,2005,2
54450.jpg,2003,1900,-103
54460.jpg,2003,2000,-3
54465.jpg,2003,2010,7
54470.jpg,2003,2000,-3
54475.jpg,2003,2004,1
54480.jpg,2003,2010,7
54485.jpg,2003,1960,-43
54490.jpg,2003,2000,-3
54495.jpg,2003,2000,-3
54500.jpg,2003,2000,-3
54505.jpg,2003,2000,-3
54510.jpg,2003,1950,-53
54515.jpg,2003,1920,-83
54520.jpg,2003,1900,-103
54525.jpg,2003,2000,-3
54530.jpg,2003,1960,-43
54535.jpg,2003,2000,-3
54540.jpg,2003,2000,-3
54545.jpg,2003,1880,-123
54550.jpg,2003,2000,-3
54555.jpg,2003,1900,-103
54560.jpg,2003,1960,-43
54565.jpg,2003,2000,-3
54570.jpg,2003,2000,-3
54575.jpg,2003,2000,-3
54580.jpg,2003,2000,-3
54585.jpg,2003,2000,-3
54590.jpg,2003,2000,-3
54595.jpg,2003,2000,-3
54600.jpg,2003,1990,-13
54605.jpg,2004,2007,3
54610.jpg,2004,2000,-4
54620.jpg,2004,1900,-104
54625.jpg,2004,2000,-4
54630.jpg,2004,2000,-4
54635.jpg,2004,2000,-4
54640.jpg,2004,2000,-4
54645.jpg,2004,2000,-4
54650.jpg,2004,2000,-4
54655.jpg,2004,2000,-4
54660.jpg,2004,2000,-4
54665.jpg,2004,2000,-4
54670.jpg,2004,2000,-4
54675.jpg,2004,2000,-4
54680.jpg,2004,1900,-104
54685.jpg,2004,2000,-4
54690.jpg,2004,1930,-74
54695.jpg,2004,1980,-24
54700.jpg,2004,2000,-4
54705.jpg,2004,2000,-4
54710.jpg,2004,2000,-4
54715.jpg,2004,2000,-4
54720.jpg,2004,2000,-4
54725.jpg,2004,2000,-4
54730.jpg,2004,1900,-104
54735.jpg,2004,2000,-4
54740.jpg,2004,2000,-4
54745.jpg,2004,1900,-104
54750.jpg,2004,1900,-104
54760.jpg,2004,1950,-54
54770.jpg,2004,1950,-54
54775.jpg,2004,2000,-4
54780.jpg,2004,2000,-4
54785.jpg,2004,2000,-4
54790.jpg,2004,2000,-4
54795.jpg,2004,2000,-4
54800.jpg,2004,2000,-4
54805.jpg,2004,2000,-4
54810.jpg,2004,2000,-4
54815.jpg,2004,2000,-4
54820.jpg,2004,1990,-14
54825.jpg,2004,2010,6
54830.jpg,2004,2000,-4
54835.jpg,2004,2000,-4
54840.jpg,2004,2000,-4
54845.jpg,2005,1700,-305
54850.jpg,2005,1990,-15
54855.jpg,2005,2000,-5
54860.jpg,2005,2010,5
54865.jpg,2005,1900,-105
54870.jpg,2005,2000,-5
54885.jpg,2005,1990,-15
54890.jpg,2005,2000,-5
54895.jpg,2005,2000,-5
54900.jpg,2005,2000,-5
54905.jpg,2005,2000,-5
54910.jpg,2005,2000,-5
54915.jpg,2005,1950,-55
54925.jpg,2005,1950,-55
54930.jpg,2005,2010,5
54935.jpg,2005,1900,-105
54940.jpg,2005,2000,-5
54955.jpg,2005,2000,-5
54960.jpg,2005,2000,-5
54965.jpg,2005,1960,-45
54970.jpg,2005,2000,-5
54975.jpg,2005,2000,-5
54980.jpg,2005,2000,-5
54985.jpg,2005,2000,-5
54990.jpg,2005,1900,-105
54995.jpg,2005,1900,-105
55000.jpg,2005,2000,-5
55005.jpg,2005,2000,-5
55010.jpg,2005,2000,-5
55015.jpg,2005,2000,-5
55020.jpg,2005,1900,-105
55025.jpg,2005,2010,5
55030.jpg,2005,2000,-5
55035.jpg,2005,1900,-105
55040.jpg,2005,2010,5
55045.jpg,2005,2000,-5
55050.jpg,2005,2000,-5
55055.jpg,2005,2000,-5
55060.jpg,2005,2000,-5
55065.jpg,2005,2000,-5
55070.jpg,2005,1990,-15
55075.jpg,2005,2000,-5
55080.jpg,2005,2010,5
55085.jpg,2005,2000,-5
55090.jpg,2005,2000,-5
55095.jpg,2005,2000,-5
55100.jpg,2005,1930,-75
55105.jpg,2005,2000,-5
55110.jpg,2005,2000,-5
55115.jpg,2005,1900,-105
55120.jpg,2005,2000,-5
55125.jpg,2005,1950,-55
55130.jpg,2005,2000,-5
55135.jpg,2006,2000,-6
55140.jpg,2006,2000,-6
55145.jpg,2006,1960,-46
55155.jpg,2006,1990,-16
55160.jpg,2006,2000,-6
55165.jpg,2006,2000,-6
55170.jpg,2006,2000,-6
55175.jpg,2006,2010,4
55180.jpg,2006,1900,-106
55185.jpg,2006,1960,-46
55190.jpg,2006,2000,-6
55195.jpg,2006,1900,-106
55200.jpg,2006,2000,-6
55210.jpg,2006,2000,-6
55215.jpg,2006,1990,-16
55220.jpg,2006,2000,-6
55230.jpg,2006,2000,-6
55235.jpg,2006,2000,-6
55240.jpg,2006,2000,-6
55245.jpg,2006,2000,-6
55250.jpg,2006,2000,-6
55255.jpg,2006,2000,-6
55265.jpg,2006,1900,-106
55270.jpg,2006,1900,-106
55275.jpg,2006,2010,4
55280.jpg,2006,1950,-56
55285.jpg,2006,2000,-6
55290.jpg,2006,2000,-6
55295.jpg,2006,1986,-20
55300.jpg,2006,2000,-6
55305.jpg,2006,2000,-6
55310.jpg,2006,2000,-6
55315.jpg,2006,2000,-6
55320.jpg,2006,2000,-6
55325.jpg,2006,2000,-6
55330.jpg,2006,2000,-6
55335.jpg,2007,1600,-407
55340.jpg,2007,2000,-7
55345.jpg,2007,2000,-7
55355.jpg,2007,2000,-7
55360.jpg,2007,2000,-7
55365.jpg,2007,1990,-17
55370.jpg,2007,2000,-7
55380.jpg,2007,2000,-7
55385.jpg,2007,1950,-57
55395.jpg,2007,1450,-557
55400.jpg,2007,2010,3
55405.jpg,2007,1990,-17
55410.jpg,2007,2000,-7
55415.jpg,2007,2000,-7
55420.jpg,2007,2000,-7
55425.jpg,2007,2000,-7
55430.jpg,2007,2000,-7
55435.jpg,2007,1900,-107
55440.jpg,2007,2000,-7
55445.jpg,2007,1995,-12
55450.jpg,2007,1990,-17
55455.jpg,2007,2000,-7
55460.jpg,2007,1230,-777
55465.jpg,2007,2000,-7
55475.jpg,2007,1930,-77
55480.jpg,2007,1920,-87
55485.jpg,2007,1900,-107
55490.jpg,2007,1900,-107
55500.jpg,2007,2000,-7
55505.jpg,2007,2000,-7
55510.jpg,2007,2000,-7
55515.jpg,2007,2000,-7
55520.jpg,2007,2000,-7
55525.jpg,2007,1893,-114
55530.jpg,2007,2000,-7
55535.jpg,2007,2000,-7
55540.jpg,2007,2000,-7
55545.jpg,2007,2000,-7
55550.jpg,2007,1900,-107
55555.jpg,2007,2000,-7
55560.jpg,2007,2000,-7
55565.jpg,2007,2000,-7
55570.jpg,2007,2010,3
55575.jpg,2007,2010,3
55580.jpg,2007,2000,-7
55585.jpg,2007,2000,-7
55590.jpg,2007,2000,-7
55595.jpg,2007,1900,-107
55600.jpg,2007,2000,-7
55605.jpg,2007,2000,-7
55610.jpg,2008,1200,-808
55615.jpg,2008,1900,-108
55620.jpg,2008,2010,2
55625.jpg,2008,2008,0
55630.jpg,2008,2000,-8
55635.jpg,2008,2000,-8
55640.jpg,2008,2000,-8
55645.jpg,2008,2000,-8
55650.jpg,2008,1900,-108
55655.jpg,2008,1950,-58
55660.jpg,2008,2010,2
55670.jpg,2008,2000,-8
55675.jpg,2008,1990,-18
55685.jpg,2008,2000,-8
55690.jpg,2008,2000,-8
55695.jpg,2008,2000,-8
55705.jpg,2008,2010,2
55710.jpg,2008,2000,-8
55715.jpg,2008,1950,-58
55720.jpg,2008,1950,-58
55725.jpg,2008,2000,-8
55730.jpg,2008,2000,-8
55735.jpg,2008,1450,-558
55740.jpg,2008,2000,-8
55745.jpg,2008,1920,-88
55750.jpg,2008,1900,-108
55755.jpg,2008,2010,2
55760.jpg,2008,2000,-8
55765.jpg,2008,1990,-18
55770.jpg,2008,1900,-108
55775.jpg,2008,2000,-8
55780.jpg,2008,2000,-8
55785.jpg,2008,2010,2
55795.jpg,2008,2010,2
55800.jpg,2008,2000,-8
55805.jpg,2008,2000,-8
55810.jpg,2008,2000,-8
55815.jpg,2008,2000,-8
55820.jpg,2008,1300,-708
55825.jpg,2008,1990,-18
55830.jpg,2008,2000,-8
55835.jpg,2009,1889,-120
55845.jpg,2009,2010,1
55850.jpg,2009,2000,-9
55870.jpg,2009,2010,1
55875.jpg,2009,2010,1
55880.jpg,2009,2010,1
55885.jpg,2009,1980,-29
55890.jpg,2009,2010,1
55895.jpg,2009,2000,-9
55900.jpg,2009,2000,-9
55905.jpg,2009,2010,1
55910.jpg,2009,2000,-9
55915.jpg,2009,2010,1
55920.jpg,2009,1900,-109
55925.jpg,2009,1990,-19
55930.jpg,2009,1950,-59
55935.jpg,2009,1980,-29
55940.jpg,2009,2000,-9
55945.jpg,2009,1900,-109
55950.jpg,2009,2000,-9
55955.jpg,2009,2000,-9
55960.jpg,2009,2000,-9
55965.jpg,2009,2000,-9
55970.jpg,2009,2000,-9
55975.jpg,2009,2000,-9
55980.jpg,2009,2000,-9
55985.jpg,2009,1950,-59
55990.jpg,2009,2000,-9
55995.jpg,2009,2000,-9
56000.jpg,2009,2010,1
56005.jpg,2009,1900,-109
56010.jpg,2009,1900,-109
56015.jpg,2009,2010,1
56020.jpg,2009,2000,-9
56025.jpg,2009,2000,-9
56030.jpg,2009,2000,-9
56035.jpg,2009,2000,-9
56040.jpg,2009,2000,-9
56050.jpg,2009,2000,-9
56055.jpg,2009,2000,-9
56060.jpg,2009,2000,-9
56065.jpg,2009,2000,-9
56070.jpg,2009,2000,-9
56075.jpg,2009,1900,-109
56080.jpg,2010,1980,-30
56085.jpg,2010,2000,-10
56090.jpg,2010,2010,0
56095.jpg,2010,2000,-10
56105.jpg,2010,2000,-10
56110.jpg,2010,2000,-10
56115.jpg,2010,2000,-10
56125.jpg,2010,2000,-10
56130.jpg,2010,2000,-10
56135.jpg,2010,2000,-10
56140.jpg,2010,1960,-50
56145.jpg,2010,1960,-50
56150.jpg,2010,2000,-10
56155.jpg,2010,2000,-10
56165.jpg,2010,1950,-60
56170.jpg,2010,1900,-110
56175.jpg,2010,2000,-10
56180.jpg,2010,1990,-20
56185.jpg,2010,2010,0
56190.jpg,2010,2000,-10
56195.jpg,2010,2010,0
56200.jpg,2010,2000,-10
56205.jpg,2010,2000,-10
56210.jpg,2010,2000,-10
56215.jpg,2010,2000,-10
56220.jpg,2010,2000,-10
56225.jpg,2010,2000,-10
56230.jpg,2010,2000,-10
56235.jpg,2010,1900,-110
56240.jpg,2010,2000,-10
56245.jpg,2010,2000,-10
56250.jpg,2010,2000,-10
56255.jpg,2010,2000,-10
56260.jpg,2010,2000,-10
56265.jpg,2010,2000,-10
56270.jpg,2010,2000,-10
56275.jpg,2010,2000,-10
56280.jpg,2010,1913,-97
56285.jpg,2010,2010,0
56290.jpg,2010,2000,-10
56295.jpg,2010,2000,-10
56300.jpg,2010,1900,-110
56310.jpg,2010,2000,-10
56315.jpg,2011,2000,-11
56320.jpg,2011,1960,-51
56325.jpg,2011,2000,-11
56330.jpg,2011,2000,-11
56335.jpg,2011,2000,-11
56345.jpg,2011,1950,-61
56350.jpg,2011,2000,-11
56355.jpg,2011,1950,-61
56360.jpg,2011,2010,-1
56365.jpg,2011,2000,-11
56370.jpg,2011,1980,-31
56375.jpg,2011,2000,-11
56380.jpg,2011,2000,-11
56385.jpg,2011,2017,6
56390.jpg,2011,1900,-111
56395.jpg,2011,2000,-11
56400.jpg,2011,1960,-51
56405.jpg,2011,1900,-111
56410.jpg,2011,2000,-11
56415.jpg,2011,2010,-1
56420.jpg,2011,2000,-11
56425.jpg,2011,1900,-111
56430.jpg,2011,2010,-1
56440.jpg,2011,2000,-11
56450.jpg,2011,2000,-11
56455.jpg,2011,1800,-211
56460.jpg,2011,2000,-11
56465.jpg,2011,2000,-11
56470.jpg,2011,1900,-111
56475.jpg,2011,2010,-1
56480.jpg,2011,1950,-61
56485.jpg,2011,1980,-31
56495.jpg,2011,2000,-11
56500.jpg,2011,2000,-11
56505.jpg,2011,2000,-11
56510.jpg,2011,2000,-11
56515.jpg,2011,1950,-61
56520.jpg,2011,2000,-11
56525.jpg,2011,2000,-11
56545.jpg,2012,1990,-22
56550.jpg,2012,2010,-2
56555.jpg,2012,2000,-12
56560.jpg,2012,2010,-2
56565.jpg,2012,2010,-2
56570.jpg,2012,1980,-32
56575.jpg,2012,2010,-2
56585.jpg,2012,2000,-12
56590.jpg,2012,2000,-12
56600.jpg,2012,1990,-22
56605.jpg,2012,2010,-2
56610.jpg,2012,2000,-12
56615.jpg,2012,2000,-12
56620.jpg,2012,1900,-112
56625.jpg,2012,1900,-112
56630.jpg,2012,2000,-12
56635.jpg,2012,2000,-12
56640.jpg,2012,1900,-112
56645.jpg,2012,2010,-2
56650.jpg,2012,2000,-12
56655.jpg,2012,2000,-12
56660.jpg,2012,1950,-62
56665.jpg,2012,1900,-112
56670.jpg,2012,2010,-2
56675.jpg,2012,2010,-2
56680.jpg,2012,1970,-42
56685.jpg,2012,2000,-12
56690.jpg,2012,2000,-12
56695.jpg,2012,2000,-12
56700.jpg,2012,2010,-2
56705.jpg,2012,2000,-12
56710.jpg,2012,1980,-32
56715.jpg,2012,1890,-122
56720.jpg,2013,2000,-13
56725.jpg,2013,2010,-3
56730.jpg,2013,2000,-13
56735.jpg,2013,2000,-13
56740.jpg,2013,1990,-23
56745.jpg,2013,2000,-13
56750.jpg,2013,2000,-13
56755.jpg,2013,2000,-13
56765.jpg,2013,2000,-13
56770.jpg,2013,2000,-13
56775.jpg,2013,2000,-13
56780.jpg,2013,2000,-13
56785.jpg,2013,2000,-13
56795.jpg,2013,2000,-13
56800.jpg,2013,1990,-23
56805.jpg,2013,1900,-113
56810.jpg,2013,2000,-13
56820.jpg,2013,1920,-93
56825.jpg,2013,2000,-13
56845.jpg,2013,2000,-13
56850.jpg,2013,2000,-13
56855.jpg,2013,2000,-13
56860.jpg,2013,2000,-13
56865.jpg,2013,1950,-63
56870.jpg,2013,2010,-3
56875.jpg,2013,1950,-63
56880.jpg,2013,2000,-13
56885.jpg,2013,2010,-3
56890.jpg,2013,2000,-13
56895.jpg,2013,1900,-113
56900.jpg,2014,1980,-34
56905.jpg,2014,1900,-114
56910.jpg,2014,2000,-14
56915.jpg,2014,2010,-4
56920.jpg,2014,2000,-14
56925.jpg,2014,1957,-57
56930.jpg,2014,2010,-4
56935.jpg,2014,2000,-14
56940.jpg,2014,2000,-14
56945.jpg,2014,1950,-64
56950.jpg,2014,2000,-14
56955.jpg,2014,1980,-34
56960.jpg,2014,2000,-14
56965.jpg,2014,2000,-14
56970.jpg,2014,2000,-14
56975.jpg,2014,1900,-114
56980.jpg,2014,1950,-64
56985.jpg,2014,2000,-14
56990.jpg,2014,2000,-14
56995.jpg,2014,2000,-14
57005.jpg,2014,2000,-14
57010.jpg,2014,1909,-105
57015.jpg,2014,2010,-4
57020.jpg,2014,1950,-64
57025.jpg,2014,1990,-24
57030.jpg,2014,2000,-14
57035.jpg,2014,2000,-14
57040.jpg,2014,2020,6
57045.jpg,2014,1999,-15
57050.jpg,2014,2000,-14
57055.jpg,2014,2010,-4
57060.jpg,2014,1950,-64
57065.jpg,2014,1900,-114
57070.jpg,2014,2000,-14
57075.jpg,2015,1980,-35
57085.jpg,2015,2000,-15
57090.jpg,2015,2000,-15
57095.jpg,2015,1900,-115
57100.jpg,2015,2000,-15
57105.jpg,2015,2000,-15
57110.jpg,2015,1990,-25
57120.jpg,2015,2000,-15
57125.jpg,2015,2000,-15
57130.jpg,2015,2000,-15
57135.jpg,2015,2000,-15
57140.jpg,2015,2000,-15
57145.jpg,2015,2000,-15
57150.jpg,2015,2000,-15
57155.jpg,2015,2000,-15
57160.jpg,2015,2000,-15
57165.jpg,2015,2010,-5
57170.jpg,2015,2000,-15
57175.jpg,2015,2000,-15
57180.jpg,2015,2000,-15
57185.jpg,2015,2000,-15
57195.jpg,2015,2000,-15
57200.jpg,2015,1900,-115
57205.jpg,2015,2000,-15
57210.jpg,2015,2010,-5
57215.jpg,2015,2000,-15
57220.jpg,2016,2000,-16
57225.jpg,2016,2000,-16
57230.jpg,2016,2000,-16
57235.jpg,2016,2000,-16
57240.jpg,2016,2000,-16
57250.jpg,2016,2000,-16
57255.jpg,2016,1950,-66
57270.jpg,2016,1300,-716
57275.jpg,2016,2000,-16
57280.jpg,2016,2000,-16
57285.jpg,2016,2000,-16
57290.jpg,2016,2000,-16
57295.jpg,2016,2000,-16
57300.jpg,2016,2010,-6
57305.jpg,2016,2010,-6
57310.jpg,2016,1900,-116
57315.jpg,2016,2000,-16
57320.jpg,2016,2000,-16
57325.jpg,2016,2000,-16
57330.jpg,2016,2010,-6
57335.jpg,2016,1950,-66
57340.jpg,2016,2000,-16
57345.jpg,2016,1952,-64
57350.jpg,2016,2000,-16
57355.jpg,2016,2010,-6
57360.jpg,2016,2000,-16
57365.jpg,2017,2000,-17
57370.jpg,2017,2000,-17
57375.jpg,2017,2000,-17
57385.jpg,2017,2000,-17
57390.jpg,2017,2010,-7
57395.jpg,2017,2000,-17
57400.jpg,2017,1980,-37
57415.jpg,2017,2000,-17
57420.jpg,2017,2000,-17
57425.jpg,2017,2000,-17
57430.jpg,2017,2000,-17
57435.jpg,2017,2000,-17
57440.jpg,2017,1900,-117
57450.jpg,2017,2000,-17
57455.jpg,2017,2000,-17
57470.jpg,2017,2000,-17
57475.jpg,2017,2007,-10
57480.jpg,2018,2000,-18
57485.jpg,2018,2000,-18
57490.jpg,2018,2000,-18
57495.jpg,2018,2000,-18
57500.jpg,2018,2000,-18
57505.jpg,2018,2010,-8
57510.jpg,2018,2010,-8
57515.jpg,2018,2000,-18
57520.jpg,2018,2000,-18
57525.jpg,2018,2000,-18
57530.jpg,2018,2000,-18
57545.jpg,2018,2000,-18
57550.jpg,2018,1992,-26
57555.jpg,2018,2000,-18
57560.jpg,2018,2000,-18
57565.jpg,2018,2000,-18
57570.jpg,2018,2010,-8
57575.jpg,2018,2010,-8
57585.jpg,2019,1980,-39
57595.jpg,2019,2010,-9
57600.jpg,2019,2000,-19
57605.jpg,2019,2000,-19
57610.jpg,2019,2010,-9
57615.jpg,2019,2000,-19
57620.jpg,2019,2000,-19
57625.jpg,2019,2000,-19
57630.jpg,2019,1800,-219
57635.jpg,2019,2000,-19
57640.jpg,2019,2010,-9
57645.jpg,2019,2010,-9
57660.jpg,2019,2000,-19
57665.jpg,2019,2010,-9
57670.jpg,2020,2000,-20
57675.jpg,2020,2000,-20
57680.jpg,2020,2010,-10
57685.jpg,2020,2000,-20
57690.jpg,2020,2000,-20
57695.jpg,2020,2000,-20
57700.jpg,2020,1950,-70
57705.jpg,2020,2000,-20
57710.jpg,2020,1900,-120
57725.jpg,2020,2000,-20
57730.jpg,2021,2000,-21
57735.jpg,2021,2000,-21
57740.jpg,2021,2010,-11
57745.jpg,2021,2000,-21
57750.jpg,2021,2000,-21
57755.jpg,2021,2000,-21
57760.jpg,2021,2000,-21
57765.jpg,2021,2000,-21
57770.jpg,2021,2000,-21
57780.jpg,2021,2010,-11
57785.jpg,2021,2000,-21
57790.jpg,2021,2000,-21
57795.jpg,2021,2000,-21
57800.jpg,2021,2010,-11
57805.jpg,2022,2010,-12
57810.jpg,2022,2000,-22
57815.jpg,2022,2010,-12
57825.jpg,2022,1981,-41
57830.jpg,2022,2000,-22
57835.jpg,2022,2010,-12
57840.jpg,2022,1960,-62
57845.jpg,2022,2010,-12
57860.jpg,2022,2000,-22
57865.jpg,2022,2000,-22
57870.jpg,2022,2000,-22
57875.jpg,2023,1995,-28
57885.jpg,2023,2010,-13
57890.jpg,2023,1995,-28
57895.jpg,2023,2010,-13
57900.jpg,2023,1990,-33
57910.jpg,2023,2010,-13
57915.jpg,2023,2000,-23
57920.jpg,2023,1980,-43
57925.jpg,2024,1800,-224
57930.jpg,2024,2000,-24
