name,year,pred,diff
5.jpg,1008,11,-997
10.jpg,1016,2000,984
15.jpg,1022,12,-1010
20.jpg,1028,16,-1012
25.jpg,1036,1970,934
30.jpg,1048,12,-1036
35.jpg,1051,1930,879
40.jpg,1061,1220,159
45.jpg,1063,1629,566
55.jpg,1070,1200,130
60.jpg,1076,12,-1064
65.jpg,1080,13,-1067
70.jpg,1090,1300,210
75.jpg,1093,1600,507
80.jpg,1097,1837,740
85.jpg,1100,2023,923
90.jpg,1100,1800,700
95.jpg,1107,1800,693
100.jpg,1110,1892,782
105.jpg,1114,13,-1101
110.jpg,1116,13,-1103
120.jpg,1120,1300,180
125.jpg,1122,16,-1106
130.jpg,1125,1600,475
135.jpg,1128,12,-1116
140.jpg,1129,1300,171
145.jpg,1130,1300,170
150.jpg,1131,1200,69
155.jpg,1134,1730,596
165.jpg,1138,18,-1120
170.jpg,1140,1860,720
175.jpg,1144,12,-1132
180.jpg,1146,12,-1134
185.jpg,1147,1389,242
190.jpg,1149,12,-1137
195.jpg,1150,1300,150
200.jpg,1152,10,-1142
210.jpg,1160,12,-1148
215.jpg,1165,13,-1152
220.jpg,1168,1382,214
225.jpg,1170,1200,30
230.jpg,1170,1320,150
235.jpg,1172,18,-1154
240.jpg,1175,1960,785
245.jpg,1177,1320,143
255.jpg,1180,13,-1167
260.jpg,1180,1239,59
265.jpg,1180,1800,620
275.jpg,1185,1462,277
280.jpg,1189,17,-1172
285.jpg,1191,13,-1178
290.jpg,1192,1300,108
295.jpg,1194,13,-1181
300.jpg,1196,1200,4
305.jpg,1198,1486,288
310.jpg,1199,12,-1187
315.jpg,1200,1693,493
320.jpg,1202,13,-1189
325.jpg,1204,1600,396
330.jpg,1208,1600,392
335.jpg,1211,13,-1198
340.jpg,1212,1300,88
345.jpg,1215,16,-1199
350.jpg,1217,13,-1204
355.jpg,1220,1350,130
360.jpg,1221,12,-1209
365.jpg,1222,1386,164
370.jpg,1224,13,-1211
375.jpg,1226,13,-1213
380.jpg,1227,1600,373
385.jpg,1229,1200,-29
390.jpg,1231,1320,89
395.jpg,1232,13,-1219
405.jpg,1237,1220,-17
410.jpg,1238,13,-1225
415.jpg,1240,13,-1227
420.jpg,1242,1600,358
425.jpg,1245,13,-1232
430.jpg,1247,13,-1234
435.jpg,1248,13,-1235
440.jpg,1250,1300,50
445.jpg,1250,1200,-50
450.jpg,1252,1900,648
455.jpg,1255,13,-1242
460.jpg,1259,1700,441
465.jpg,1260,13,-1247
470.jpg,1263,13,-1250
475.jpg,1264,13,-1251
485.jpg,1270,1235,-35
490.jpg,1270,1386,116
495.jpg,1270,1870,600
500.jpg,1271,17,-1254
505.jpg,1273,1430,157
510.jpg,1275,19,-1256
515.jpg,1277,12,-1265
520.jpg,1278,12,-1266
525.jpg,1279,13,-1266
530.jpg,1280,1600,320
535.jpg,1285,12,-1273
540.jpg,1288,13,-1275
545.jpg,1289,1600,311
550.jpg,1290,13,-1277
555.jpg,1291,12,-1279
560.jpg,1293,12,-1281
565.jpg,1295,1320,25
570.jpg,1298,13,-1285
575.jpg,1300,1300,0
580.jpg,1300,1300,0
585.jpg,1300,1600,300
590.jpg,1301,16,-1285
595.jpg,1303,12,-1291
600.jpg,1305,12,-1293
605.jpg,1307,1321,14
610.jpg,1309,1800,491
615.jpg,1310,13,-1297
620.jpg,1311,13,-1298
625.jpg,1313,12,-1301
630.jpg,1314,13,-1301
635.jpg,1317,1300,-17
640.jpg,1319,1232,-87
645.jpg,1320,16,-1304
650.jpg,1322,1326,4
655.jpg,1324,13,-1311
660.jpg,1325,16,-1309
665.jpg,1326,1300,-26
670.jpg,1327,1830,503
675.jpg,1328,13,-1315
680.jpg,1330,18,-1312
685.jpg,1330,1282,-48
690.jpg,1331,1723,392
695.jpg,1333,1300,-33
700.jpg,1335,12,-1323
705.jpg,1337,1378,41
710.jpg,1338,13,-1325
715.jpg,1340,1893,553
720.jpg,1340,13,-1327
725.jpg,1343,1930,587
730.jpg,1345,13,-1332
735.jpg,1345,1600,255
740.jpg,1346,19,-1327
745.jpg,1347,1860,513
750.jpg,1347,1468,121
755.jpg,1349,17,-1332
760.jpg,1350,1800,450
765.jpg,1350,13,-1337
775.jpg,1353,13,-1340
780.jpg,1354,13,-1341
785.jpg,1356,13,-1343
790.jpg,1358,1389,31
795.jpg,1360,13,-1347
800.jpg,1361,12,-1349
805.jpg,1362,13,-1349
810.jpg,1364,1800,436
815.jpg,1365,16,-1349
825.jpg,1370,1900,530
830.jpg,1371,1300,-71
835.jpg,1373,19,-1354
840.jpg,1375,1600,225
845.jpg,1377,13,-1364
850.jpg,1380,2000,620
855.jpg,1381,13,-1368
860.jpg,1382,16,-1366
865.jpg,1384,1382,-2
870.jpg,1386,1702,316
875.jpg,1389,19,-1370
880.jpg,1390,8,-1382
885.jpg,1394,1394,0
890.jpg,1396,1600,204
895.jpg,1397,1300,-97
900.jpg,1398,1973,575
905.jpg,1399,13,-1386
910.jpg,1400,16,-1384
915.jpg,1401,13,-1388
920.jpg,1402,16,-1386
925.jpg,1405,1920,515
930.jpg,1406,14,-1392
935.jpg,1409,1300,-109
940.jpg,1410,13,-1397
945.jpg,1410,1396,-14
950.jpg,1411,13,-1398
955.jpg,1413,1327,-86
960.jpg,1414,1900,486
965.jpg,1417,1329,-88
970.jpg,1419,1723,304
975.jpg,1420,1500,80
980.jpg,1420,1952,532
985.jpg,1422,17,-1405
990.jpg,1424,1327,-97
995.jpg,1425,13,-1412
1000.jpg,1426,1378,-48
1005.jpg,1428,1830,402
1010.jpg,1430,19,-1411
1015.jpg,1431,1600,169
1025.jpg,1435,1893,458
1030.jpg,1436,1930,494
1035.jpg,1438,1700,262
1040.jpg,1440,1960,520
1045.jpg,1441,1700,259
1050.jpg,1442,1830,388
1055.jpg,1444,16,-1428
1060.jpg,1446,1896,450
1065.jpg,1448,13,-1435
1070.jpg,1450,13,-1437
1075.jpg,1450,1380,-70
1080.jpg,1451,2000,549
1085.jpg,1452,1920,468
1090.jpg,1453,1324,-129
1095.jpg,1455,876,-579
1100.jpg,1457,1900,443
1105.jpg,1458,1453,-5
1110.jpg,1459,1279,-180
1115.jpg,1460,1320,-140
1120.jpg,1462,1930,468
1125.jpg,1462,12,-1450
1130.jpg,1464,1325,-139
1135.jpg,1465,1700,235
1140.jpg,1466,13,-1453
1145.jpg,1467,1600,133
1150.jpg,1468,13,-1455
1155.jpg,1469,12,-1457
1160.jpg,1470,1920,450
1165.jpg,1470,1290,-180
1170.jpg,1472,1600,128
1175.jpg,1473,1600,127
1180.jpg,1475,12,-1463
1185.jpg,1477,1201,-276
1190.jpg,1477,17,-1460
1195.jpg,1479,1600,121
1200.jpg,1480,1329,-151
1205.jpg,1482,16,-1466
1210.jpg,1482,1300,-182
1215.jpg,1483,1920,437
1220.jpg,1485,13,-1472
1225.jpg,1487,1600,113
1230.jpg,1487,13,-1474
1235.jpg,1488,1923,435
1240.jpg,1489,13,-1476
1245.jpg,1490,1569,79
1250.jpg,1490,1460,-30
1255.jpg,1491,1532,41
1260.jpg,1492,16,-1476
1265.jpg,1493,1700,207
1270.jpg,1494,18,-1476
1275.jpg,1495,13,-1482
1280.jpg,1496,19,-1477
1285.jpg,1497,1870,373
1290.jpg,1497,1897,400
1295.jpg,1498,13,-1485
1300.jpg,1499,13,-1486
1305.jpg,1500,1300,-200
1310.jpg,1500,1800,300
1315.jpg,1501,1800,299
1325.jpg,1503,1700,197
1330.jpg,1504,1463,-41
1335.jpg,1505,1800,295
1340.jpg,1506,16,-1490
1345.jpg,1507,13,-1494
1350.jpg,1508,13,-1495
1355.jpg,1508,1632,124
1360.jpg,1509,1320,-189
1365.jpg,1510,1920,410
1370.jpg,1510,1950,440
1375.jpg,1511,16,-1495
1380.jpg,1512,16,-1496
1385.jpg,1513,16,-1497
1390.jpg,1513,1700,187
1395.jpg,1515,13,-1502
1400.jpg,1515,1600,85
1405.jpg,1516,16,-1500
1410.jpg,1517,1347,-170
1415.jpg,1518,16,-1502
1420.jpg,1518,1569,51
1425.jpg,1520,1920,400
1430.jpg,1521,1620,99
1435.jpg,1521,13,-1508
1440.jpg,1522,2000,478
1445.jpg,1523,1960,437
1450.jpg,1524,16,-1508
1455.jpg,1525,16,-1509
1460.jpg,1526,17,-1509
1465.jpg,1526,1500,-26
1470.jpg,1527,13,-1514
1475.jpg,1528,17,-1511
1480.jpg,1528,1920,392
1485.jpg,1530,13,-1517
1490.jpg,1530,1600,70
1495.jpg,1530,1600,70
1500.jpg,1531,1937,406
1505.jpg,1531,1800,269
1510.jpg,1532,18,-1514
1515.jpg,1532,1600,68
1520.jpg,1533,16,-1517
1525.jpg,1534,1800,266
1530.jpg,1535,1600,65
1535.jpg,1535,1920,385
1540.jpg,1536,1600,64
1545.jpg,1537,17,-1520
1550.jpg,1537,1632,95
1555.jpg,1538,1489,-49
1560.jpg,1539,16,-1523
1565.jpg,1540,12,-1528
1570.jpg,1540,16,-1524
1575.jpg,1540,13,-1527
1580.jpg,1540,16,-1524
1590.jpg,1542,17,-1525
1595.jpg,1543,1700,157
1600.jpg,1543,16,-1527
1605.jpg,1544,1600,56
1610.jpg,1545,1700,155
1615.jpg,1545,1700,155
1620.jpg,1547,1609,62
1625.jpg,1548,1630,82
1630.jpg,1549,1600,51
1635.jpg,1549,17,-1532
1640.jpg,1550,1600,50
1645.jpg,1550,17,-1533
1650.jpg,1550,1900,350
1655.jpg,1550,13,-1537
1660.jpg,1551,1800,249
1665.jpg,1551,16,-1535
1670.jpg,1552,16,-1536
1675.jpg,1553,1800,247
1680.jpg,1554,1780,226
1685.jpg,1554,1726,172
1690.jpg,1555,18,-1537
1695.jpg,1556,1938,382
1700.jpg,1557,1800,243
1705.jpg,1558,1920,362
1710.jpg,1558,1609,51
1715.jpg,1559,17,-1542
1720.jpg,1559,1800,241
1725.jpg,1560,1738,178
1730.jpg,1560,1600,40
1735.jpg,1560,2000,440
1740.jpg,1561,18,-1543
1745.jpg,1561,16,-1545
1750.jpg,1562,17,-1545
1755.jpg,1563,1879,316
1760.jpg,1564,1632,68
1765.jpg,1565,1820,255
1770.jpg,1565,1930,365
1775.jpg,1565,1700,135
1780.jpg,1566,1620,54
1785.jpg,1567,1600,33
1790.jpg,1567,1490,-77
1795.jpg,1568,1600,32
1800.jpg,1568,16,-1552
1805.jpg,1569,1600,31
1810.jpg,1570,17,-1553
1815.jpg,1570,16,-1554
1820.jpg,1570,1600,30
1825.jpg,1571,1930,359
1830.jpg,1572,1600,28
1835.jpg,1572,1638,66
1840.jpg,1573,16,-1557
1845.jpg,1573,1920,347
1850.jpg,1574,17,-1557
1855.jpg,1574,1620,46
1860.jpg,1575,1830,255
1865.jpg,1575,1700,125
1870.jpg,1575,1600,25
1875.jpg,1576,18,-1558
1880.jpg,1577,16,-1561
1885.jpg,1578,1700,122
1890.jpg,1578,1783,205
1895.jpg,1579,16,-1563
1900.jpg,1579,17,-1562
1905.jpg,1580,1680,100
1910.jpg,1580,18,-1562
1915.jpg,1581,1600,19
1920.jpg,1581,1700,119
1925.jpg,1582,1320,-262
1930.jpg,1582,1960,378
1935.jpg,1583,1923,340
1940.jpg,1584,17,-1567
1945.jpg,1584,1800,216
1950.jpg,1585,18,-1567
1955.jpg,1585,16,-1569
1960.jpg,1585,1800,215
1965.jpg,1586,16,-1570
1970.jpg,1586,1800,214
1975.jpg,1587,16,-1571
1980.jpg,1588,16,-1572
1985.jpg,1588,1860,272
1990.jpg,1588,1600,12
1995.jpg,1588,1879,291
2000.jpg,1589,1600,11
2005.jpg,1590,1700,110
2010.jpg,1590,1806,216
2020.jpg,1591,1823,232
2025.jpg,1591,17,-1574
2030.jpg,1592,1928,336
2035.jpg,1593,1600,7
2045.jpg,1595,1600,5
2050.jpg,1595,1600,5
2055.jpg,1595,16,-1579
2060.jpg,1596,1300,-296
2065.jpg,1596,16,-1580
2070.jpg,1597,1611,14
2075.jpg,1597,1724,127
2080.jpg,1598,16,-1582
2085.jpg,1598,1600,2
2090.jpg,1598,1930,332
2095.jpg,1600,1600,0
2100.jpg,1600,1600,0
2115.jpg,1602,1700,98
2125.jpg,1604,18,-1586
2130.jpg,1604,13,-1591
2135.jpg,1604,13,-1591
2140.jpg,1605,1762,157
2145.jpg,1605,17,-1588
2150.jpg,1606,1850,244
2155.jpg,1606,1620,14
2160.jpg,1607,1700,93
2165.jpg,1607,1577,-30
2170.jpg,1608,1732,124
2175.jpg,1608,17,-1591
2180.jpg,1609,12,-1597
2185.jpg,1610,1300,-310
2190.jpg,1610,1620,10
2195.jpg,1610,1632,22
2200.jpg,1610,1800,190
2205.jpg,1611,1620,9
2210.jpg,1611,1700,89
2215.jpg,1611,17,-1594
2220.jpg,1612,2000,388
2225.jpg,1612,1600,-12
2230.jpg,1613,16,-1597
2235.jpg,1613,17,-1596
2240.jpg,1614,1603,-11
2245.jpg,1614,1700,86
2250.jpg,1614,1620,6
2255.jpg,1615,1930,315
2260.jpg,1615,12,-1603
2265.jpg,1616,1600,-16
2270.jpg,1616,1735,119
2275.jpg,1616,1960,344
2280.jpg,1616,13,-1603
2285.jpg,1617,1800,183
2290.jpg,1617,1387,-230
2295.jpg,1617,1700,83
2300.jpg,1618,1368,-250
2305.jpg,1618,1870,252
2310.jpg,1619,1600,-19
2315.jpg,1619,18,-1601
2320.jpg,1619,1800,181
2325.jpg,1620,1700,80
2330.jpg,1620,1600,-20
2335.jpg,1620,1600,-20
2340.jpg,1621,1732,111
2345.jpg,1621,1700,79
2350.jpg,1622,17,-1605
2360.jpg,1623,1600,-23
2365.jpg,1624,1800,176
2370.jpg,1624,16,-1608
2375.jpg,1624,1693,69
2380.jpg,1625,17,-1608
2385.jpg,1625,1762,137
2390.jpg,1625,1769,144
2395.jpg,1625,1932,307
2400.jpg,1626,1300,-326
2405.jpg,1626,1920,294
2410.jpg,1627,1780,153
2415.jpg,1628,1830,202
2420.jpg,1628,1829,201
2425.jpg,1629,1890,261
2430.jpg,1629,1600,-29
2435.jpg,1630,18,-1612
2440.jpg,1630,1700,70
2445.jpg,1630,1783,153
2450.jpg,1630,1600,-30
2455.jpg,1631,1661,30
2460.jpg,1631,18,-1613
2465.jpg,1631,13,-1618
2470.jpg,1632,1839,207
2475.jpg,1632,1920,288
2480.jpg,1632,1800,168
2485.jpg,1633,17,-1616
2490.jpg,1633,16,-1617
2495.jpg,1634,1890,256
2500.jpg,1634,1300,-334
2505.jpg,1634,1800,166
2510.jpg,1635,1600,-35
2515.jpg,1635,1762,127
2520.jpg,1635,1600,-35
2525.jpg,1636,17,-1619
2530.jpg,1636,1830,194
2535.jpg,1636,1600,-36
2540.jpg,1637,1800,163
2545.jpg,1637,1600,-37
2550.jpg,1638,16,-1622
2555.jpg,1638,1620,-18
2560.jpg,1638,19,-1619
2565.jpg,1639,1700,61
2570.jpg,1639,1627,-12
2575.jpg,1640,1700,60
2580.jpg,1640,1700,60
2585.jpg,1640,1830,190
2590.jpg,1641,17,-1624
2595.jpg,1641,1600,-41
2600.jpg,1641,1920,279
2605.jpg,1642,13,-1629
2610.jpg,1642,1850,208
2615.jpg,1643,17,-1626
2620.jpg,1644,1876,232
2625.jpg,1644,1780,136
2630.jpg,1644,1870,226
2635.jpg,1645,1800,155
2640.jpg,1645,18,-1627
2645.jpg,1646,17,-1629
2650.jpg,1646,16,-1630
2655.jpg,1646,16,-1630
2660.jpg,1648,1700,52
2665.jpg,1648,1700,52
2670.jpg,1648,1638,-10
2675.jpg,1649,18,-1631
2680.jpg,1650,1620,-30
2685.jpg,1650,17,-1633
2690.jpg,1650,1896,246
2695.jpg,1650,1830,180
2700.jpg,1651,1700,49
2705.jpg,1651,1834,183
2710.jpg,1652,1700,48
2715.jpg,1653,18,-1635
2720.jpg,1653,1639,-14
2725.jpg,1654,1700,46
2730.jpg,1654,13,-1641
2735.jpg,1655,1700,45
2745.jpg,1656,1700,44
2750.jpg,1656,1687,31
2755.jpg,1656,1830,174
2760.jpg,1657,17,-1640
2765.jpg,1657,1624,-33
2770.jpg,1658,1600,-58
2775.jpg,1658,1800,142
2780.jpg,1659,1600,-59
2785.jpg,1659,16,-1643
2790.jpg,1660,1780,120
2795.jpg,1660,17,-1643
2800.jpg,1660,1600,-60
2805.jpg,1660,1920,260
2810.jpg,1660,1700,40
2815.jpg,1660,1788,128
2820.jpg,1660,1700,40
2825.jpg,1661,1600,-61
2830.jpg,1661,1782,121
2835.jpg,1661,1897,236
2840.jpg,1661,1870,209
2845.jpg,1662,1920,258
2850.jpg,1663,1700,37
2855.jpg,1663,1700,37
2860.jpg,1664,1850,186
2865.jpg,1664,1700,36
2870.jpg,1664,1700,36
2875.jpg,1665,1800,135
2880.jpg,1665,1600,-65
2885.jpg,1665,1700,35
2890.jpg,1665,1700,35
2895.jpg,1666,17,-1649
2900.jpg,1666,18,-1648
2905.jpg,1667,1800,133
2910.jpg,1667,17,-1650
2915.jpg,1667,17,-1650
2920.jpg,1668,17,-1651
2925.jpg,1669,1894,225
2930.jpg,1669,1800,131
2935.jpg,1670,1700,30
2940.jpg,1670,1700,30
2945.jpg,1670,1800,130
2950.jpg,1670,1600,-70
2955.jpg,1671,1700,29
2960.jpg,1671,16,-1655
2965.jpg,1671,1837,166
2970.jpg,1672,1850,178
2975.jpg,1672,1800,128
2980.jpg,1673,1820,147
2985.jpg,1673,18,-1655
2990.jpg,1674,1830,156
2995.jpg,1674,1800,126
3000.jpg,1674,1600,-74
3010.jpg,1675,16,-1659
3020.jpg,1676,1800,124
3025.jpg,1676,1720,44
3030.jpg,1677,1960,283
3035.jpg,1677,1820,143
3040.jpg,1677,17,-1660
3045.jpg,1678,1870,192
3050.jpg,1678,17,-1661
3055.jpg,1678,1673,-5
3060.jpg,1679,1700,21
3065.jpg,1679,1879,200
3075.jpg,1680,1700,20
3080.jpg,1680,1700,20
3085.jpg,1680,1700,20
3090.jpg,1680,1820,140
3095.jpg,1680,1700,20
3100.jpg,1680,1762,82
3105.jpg,1681,1760,79
3110.jpg,1681,18,-1663
3115.jpg,1681,17,-1664
3120.jpg,1681,18,-1663
3125.jpg,1682,1700,18
3130.jpg,1682,1700,18
3135.jpg,1682,1789,107
3140.jpg,1682,17,-1665
3145.jpg,1683,1800,117
3150.jpg,1683,1700,17
3155.jpg,1683,1800,117
3160.jpg,1683,1200,-483
3165.jpg,1683,1820,137
3170.jpg,1684,1720,36
3175.jpg,1684,1689,5
3180.jpg,1684,18,-1666
3185.jpg,1684,1700,16
3190.jpg,1685,1800,115
3195.jpg,1685,17,-1668
3200.jpg,1685,1800,115
3205.jpg,1686,1700,14
3210.jpg,1686,1800,114
3215.jpg,1686,1700,14
3220.jpg,1686,1800,114
3225.jpg,1687,1600,-87
3230.jpg,1687,1700,13
3235.jpg,1687,1730,43
3240.jpg,1688,1800,112
3245.jpg,1688,17,-1671
3250.jpg,1689,1700,11
3255.jpg,1689,18,-1671
3260.jpg,1689,1600,-89
3270.jpg,1690,1930,240
3275.jpg,1690,1830,140
3280.jpg,1690,1920,230
3285.jpg,1690,1800,110
3290.jpg,1690,2000,310
3295.jpg,1690,18,-1672
3300.jpg,1690,1780,90
3305.jpg,1691,1700,9
3310.jpg,1691,1723,32
3315.jpg,1691,1723,32
3320.jpg,1692,1800,108
3325.jpg,1692,1837,145
3330.jpg,1693,1968,275
3335.jpg,1693,1700,7
3340.jpg,1694,1700,6
3345.jpg,1694,1800,106
3350.jpg,1694,13,-1681
3355.jpg,1695,1800,105
3360.jpg,1695,1800,105
3365.jpg,1695,1800,105
3370.jpg,1695,1830,135
3375.jpg,1695,1528,-167
3385.jpg,1696,1700,4
3390.jpg,1696,1960,264
3395.jpg,1696,1800,104
3400.jpg,1696,1607,-89
3405.jpg,1696,1720,24
3410.jpg,1697,1700,3
3415.jpg,1697,1800,103
3420.jpg,1697,1830,133
3425.jpg,1697,16,-1681
3430.jpg,1698,1700,2
3435.jpg,1698,1830,132
3440.jpg,1698,1300,-398
3445.jpg,1699,1700,1
3450.jpg,1699,17,-1682
3455.jpg,1699,1700,1
3460.jpg,1700,1820,120
3465.jpg,1700,1872,172
3470.jpg,1700,1700,0
3475.jpg,1700,1760,60
3480.jpg,1700,1700,0
3485.jpg,1700,1700,0
3490.jpg,1700,1700,0
3495.jpg,1700,17,-1683
3500.jpg,1700,1760,60
3505.jpg,1700,1720,20
3510.jpg,1700,1600,-100
3520.jpg,1701,1920,219
3525.jpg,1701,1728,27
3535.jpg,1702,1820,118
3540.jpg,1702,1723,21
3545.jpg,1703,1703,0
3550.jpg,1704,1800,96
3555.jpg,1704,1800,96
3560.jpg,1704,1920,216
3565.jpg,1704,1920,216
3570.jpg,1704,1920,216
3575.jpg,1705,1600,-105
3580.jpg,1705,1720,15
3585.jpg,1705,1800,95
3590.jpg,1705,1723,18
3595.jpg,1706,1830,124
3600.jpg,1706,1800,94
3605.jpg,1706,1734,28
3610.jpg,1706,1800,94
3615.jpg,1707,1800,93
3620.jpg,1707,1736,29
3625.jpg,1707,1760,53
3630.jpg,1708,1800,92
3635.jpg,1708,1780,72
3640.jpg,1708,1790,82
3645.jpg,1708,17,-1691
3650.jpg,1709,13,-1696
3655.jpg,1709,1920,211
3660.jpg,1709,18,-1691
3665.jpg,1709,1700,-9
3670.jpg,1710,1700,-10
3675.jpg,1710,1930,220
3680.jpg,1710,1700,-10
3685.jpg,1710,1700,-10
3690.jpg,1710,1700,-10
3695.jpg,1710,1790,80
3700.jpg,1710,18,-1692
3705.jpg,1710,1870,160
3710.jpg,1710,1782,72
3715.jpg,1711,1876,165
3720.jpg,1711,1700,-11
3725.jpg,1711,1700,-11
3730.jpg,1711,1728,17
3735.jpg,1711,1700,-11
3740.jpg,1712,1920,208
3745.jpg,1712,1850,138
3750.jpg,1713,16,-1697
3755.jpg,1713,1700,-13
3760.jpg,1713,1754,41
3765.jpg,1713,17,-1696
3770.jpg,1714,1700,-14
3775.jpg,1714,1820,106
3780.jpg,1714,1830,116
3785.jpg,1714,1920,206
3790.jpg,1715,18,-1697
3795.jpg,1715,1920,205
3800.jpg,1715,1960,245
3805.jpg,1715,1930,215
3810.jpg,1715,1720,5
3815.jpg,1715,1700,-15
3820.jpg,1715,1850,135
3825.jpg,1715,1760,45
3830.jpg,1715,17,-1698
3835.jpg,1716,1700,-16
3840.jpg,1716,1800,84
3845.jpg,1716,1830,114
3850.jpg,1716,1920,204
3855.jpg,1716,1730,14
3860.jpg,1716,1700,-16
3865.jpg,1717,1920,203
3870.jpg,1717,1700,-17
3875.jpg,1717,1820,103
3880.jpg,1718,1720,2
3885.jpg,1718,17,-1701
3890.jpg,1719,1900,181
3895.jpg,1719,1790,71
3900.jpg,1719,1723,4
3905.jpg,1719,1800,81
3910.jpg,1720,1800,80
3915.jpg,1720,1763,43
3920.jpg,1720,1700,-20
3925.jpg,1720,18,-1702
3930.jpg,1720,1950,230
3935.jpg,1720,1800,80
3940.jpg,1720,1700,-20
3945.jpg,1720,1800,80
3950.jpg,1720,1760,40
3955.jpg,1720,1780,60
3960.jpg,1720,1800,80
3965.jpg,1720,1700,-20
3970.jpg,1720,1600,-120
3975.jpg,1721,1920,199
3980.jpg,1721,1800,79
3985.jpg,1721,18,-1703
3990.jpg,1721,17,-1704
3995.jpg,1721,1724,3
4000.jpg,1722,1700,-22
4005.jpg,1722,1783,61
4010.jpg,1722,1700,-22
4015.jpg,1722,1700,-22
4020.jpg,1722,17,-1705
4025.jpg,1723,1723,0
4030.jpg,1723,1700,-23
4035.jpg,1723,1760,37
4040.jpg,1723,1800,77
4045.jpg,1723,1729,6
4050.jpg,1723,1700,-23
4055.jpg,1723,1930,207
4060.jpg,1724,1930,206
4065.jpg,1724,1850,126
4070.jpg,1724,1800,76
4075.jpg,1724,1790,66
4080.jpg,1724,1760,36
4085.jpg,1724,17,-1707
4090.jpg,1724,1700,-24
4095.jpg,1724,16,-1708
4100.jpg,1725,1920,195
4105.jpg,1725,1830,105
4110.jpg,1725,1830,105
4115.jpg,1725,17,-1708
4120.jpg,1725,1800,75
4125.jpg,1725,1760,35
4130.jpg,1725,1800,75
4135.jpg,1725,1753,28
4140.jpg,1725,1720,-5
4145.jpg,1725,1800,75
4150.jpg,1725,12,-1713
4155.jpg,1725,1900,175
4160.jpg,1726,1930,204
4165.jpg,1726,18,-1708
4170.jpg,1726,1820,94
4175.jpg,1726,1930,204
4180.jpg,1726,16,-1710
4185.jpg,1727,1760,33
4190.jpg,1727,1760,33
4195.jpg,1727,1832,105
4200.jpg,1727,1700,-27
4205.jpg,1727,17,-1710
4210.jpg,1727,1790,63
4215.jpg,1728,1700,-28
4220.jpg,1728,1870,142
4225.jpg,1728,1700,-28
4230.jpg,1728,1873,145
4235.jpg,1728,1920,192
4240.jpg,1728,1920,192
4245.jpg,1728,1700,-28
4250.jpg,1729,1762,33
4255.jpg,1729,1850,121
4260.jpg,1729,1700,-29
4265.jpg,1729,1790,61
4270.jpg,1729,1600,-129
4275.jpg,1730,1830,100
4280.jpg,1730,1700,-30
4285.jpg,1730,1700,-30
4290.jpg,1730,18,-1712
4295.jpg,1730,1870,140
4300.jpg,1730,1800,70
4305.jpg,1730,18,-1712
4310.jpg,1730,1800,70
4315.jpg,1730,1790,60
4320.jpg,1730,1720,-10
4325.jpg,1730,1830,100
4330.jpg,1730,1790,60
4335.jpg,1730,1700,-30
4340.jpg,1730,1790,60
4345.jpg,1730,1700,-30
4350.jpg,1730,1920,190
4355.jpg,1730,1920,190
4360.jpg,1730,1930,200
4365.jpg,1730,1930,200
4370.jpg,1731,1830,99
4375.jpg,1731,1789,58
4380.jpg,1731,1700,-31
4385.jpg,1731,17,-1714
4390.jpg,1732,1730,-2
4395.jpg,1732,1800,68
4400.jpg,1732,1800,68
4405.jpg,1732,1760,28
4410.jpg,1732,1800,68
4415.jpg,1732,1800,68
4420.jpg,1732,17,-1715
4425.jpg,1732,1200,-532
4430.jpg,1732,1628,-104
4435.jpg,1733,1762,29
4440.jpg,1733,1700,-33
4445.jpg,1733,1800,67
4450.jpg,1733,17,-1716
4455.jpg,1733,18,-1715
4460.jpg,1733,1800,67
4465.jpg,1733,1960,227
4470.jpg,1733,1800,67
4475.jpg,1734,17,-1717
4480.jpg,1734,1701,-33
4485.jpg,1734,1920,186
4490.jpg,1734,1920,186
4495.jpg,1735,1820,85
4505.jpg,1735,1720,-15
4510.jpg,1735,1800,65
4515.jpg,1735,1800,65
4520.jpg,1735,1780,45
4525.jpg,1735,1920,185
4530.jpg,1735,1820,85
4535.jpg,1735,1700,-35
4545.jpg,1736,1859,123
4550.jpg,1736,1760,24
4555.jpg,1736,1793,57
4560.jpg,1736,17,-1719
4565.jpg,1736,1870,134
4570.jpg,1736,1820,84
4575.jpg,1737,1872,135
4580.jpg,1737,1700,-37
4585.jpg,1737,1820,83
4590.jpg,1737,1920,183
4595.jpg,1737,1600,-137
4600.jpg,1737,1724,-13
4605.jpg,1738,1820,82
4610.jpg,1738,18,-1720
4615.jpg,1738,1870,132
4620.jpg,1738,1700,-38
4625.jpg,1738,18,-1720
4630.jpg,1738,1830,92
4635.jpg,1738,1836,98
4640.jpg,1739,1760,21
4645.jpg,1739,1700,-39
4650.jpg,1739,1800,61
4655.jpg,1739,17,-1722
4660.jpg,1739,1800,61
4665.jpg,1740,1700,-40
4670.jpg,1740,1700,-40
4675.jpg,1740,1800,60
4680.jpg,1740,1830,90
4685.jpg,1740,1730,-10
4690.jpg,1740,1700,-40
4695.jpg,1740,1800,60
4700.jpg,1740,1700,-40
4705.jpg,1740,1800,60
4710.jpg,1740,1700,-40
4715.jpg,1740,1730,-10
4720.jpg,1740,1920,180
4725.jpg,1740,1800,60
4730.jpg,1740,1800,60
4735.jpg,1740,1830,90
4740.jpg,1740,18,-1722
4745.jpg,1740,17,-1723
4750.jpg,1741,1928,187
4755.jpg,1741,1760,19
4760.jpg,1741,1930,189
4765.jpg,1741,1830,89
4770.jpg,1741,1731,-10
4775.jpg,1741,2000,259
4780.jpg,1742,1270,-472
4785.jpg,1742,1700,-42
4790.jpg,1742,1760,18
4795.jpg,1742,1700,-42
4800.jpg,1742,1800,58
4805.jpg,1742,1760,18
4810.jpg,1742,1700,-42
4815.jpg,1742,1800,58
4820.jpg,1743,1700,-43
4825.jpg,1743,18,-1725
4835.jpg,1743,1700,-43
4840.jpg,1743,18,-1725
4845.jpg,1744,1800,56
4850.jpg,1744,1780,36
4855.jpg,1744,1700,-44
4860.jpg,1744,1700,-44
4865.jpg,1744,16,-1728
4870.jpg,1745,1700,-45
4875.jpg,1745,1700,-45
4880.jpg,1745,1790,45
4885.jpg,1745,13,-1732
4890.jpg,1745,1780,35
4895.jpg,1745,1830,85
4900.jpg,1745,1700,-45
4905.jpg,1745,1920,175
4910.jpg,1746,1800,54
4915.jpg,1746,1760,14
4920.jpg,1746,1763,17
4925.jpg,1746,12,-1734
4930.jpg,1747,1823,76
4935.jpg,1747,1800,53
4940.jpg,1747,17,-1730
4945.jpg,1747,1800,53
4950.jpg,1747,1800,53
4955.jpg,1747,1627,-120
4960.jpg,1747,1800,53
4965.jpg,1748,1800,52
4970.jpg,1748,1760,12
4975.jpg,1748,1760,12
4980.jpg,1748,1920,172
4985.jpg,1748,1920,172
4990.jpg,1749,1830,81
4995.jpg,1749,1872,123
5000.jpg,1749,1700,-49
5005.jpg,1749,1900,151
5010.jpg,1749,1870,121
5015.jpg,1750,1800,50
5020.jpg,1750,1724,-26
5025.jpg,1750,1700,-50
5030.jpg,1750,1920,170
5035.jpg,1750,1850,100
5040.jpg,1750,1760,10
5045.jpg,1750,1700,-50
5050.jpg,1750,1920,170
5060.jpg,1750,1700,-50
5065.jpg,1750,2000,250
5070.jpg,1750,1700,-50
5075.jpg,1750,1830,80
5080.jpg,1750,1760,10
5085.jpg,1750,1800,50
5090.jpg,1750,1700,-50
5095.jpg,1750,1700,-50
5100.jpg,1750,1920,170
5105.jpg,1750,1800,50
5110.jpg,1750,1800,50
5115.jpg,1750,1760,10
5120.jpg,1750,1800,50
5125.jpg,1750,1700,-50
5130.jpg,1750,1800,50
5135.jpg,1750,1850,100
5140.jpg,1750,1800,50
5145.jpg,1750,1700,-50
5150.jpg,1750,17,-1733
5155.jpg,1750,1700,-50
5160.jpg,1750,1700,-50
5165.jpg,1750,1920,170
5170.jpg,1750,1800,50
5175.jpg,1750,1760,10
5180.jpg,1750,1920,170
5185.jpg,1750,2000,250
5190.jpg,1750,1700,-50
5195.jpg,1751,1820,69
5200.jpg,1751,1800,49
5205.jpg,1751,1920,169
5210.jpg,1751,1920,169
5215.jpg,1751,1700,-51
5220.jpg,1751,12,-1739
5225.jpg,1752,1832,80
5230.jpg,1752,1700,-52
5235.jpg,1752,1800,48
5240.jpg,1752,1700,-52
5245.jpg,1752,1769,17
5250.jpg,1752,1725,-27
5255.jpg,1752,1700,-52
5260.jpg,1752,1800,48
5265.jpg,1752,1800,48
5270.jpg,1752,1930,178
5275.jpg,1752,1823,71
5285.jpg,1753,1962,209
5290.jpg,1753,1700,-53
5295.jpg,1753,1820,67
5300.jpg,1753,1800,47
5305.jpg,1753,1700,-53
5310.jpg,1753,1793,40
5315.jpg,1753,17,-1736
5320.jpg,1753,1930,177
5325.jpg,1754,1800,46
5330.jpg,1754,1754,0
5335.jpg,1754,1700,-54
5340.jpg,1754,1900,146
5345.jpg,1754,1780,26
5350.jpg,1754,1760,6
5355.jpg,1754,1300,-454
5360.jpg,1754,1890,136
5365.jpg,1754,1893,139
5370.jpg,1755,17,-1738
5375.jpg,1755,1800,45
5380.jpg,1755,1700,-55
5385.jpg,1755,1870,115
5390.jpg,1755,1790,35
5395.jpg,1755,1920,165
5400.jpg,1755,1700,-55
5405.jpg,1755,1830,75
5410.jpg,1755,1724,-31
5415.jpg,1756,1800,44
5420.jpg,1756,1700,-56
5425.jpg,1756,1800,44
5430.jpg,1756,1800,44
5435.jpg,1756,1700,-56
5440.jpg,1756,1700,-56
5445.jpg,1756,1700,-56
5450.jpg,1756,1820,64
5455.jpg,1756,17,-1739
5460.jpg,1756,1768,12
5470.jpg,1757,1720,-37
5475.jpg,1757,1720,-37
5480.jpg,1757,1700,-57
5485.jpg,1757,1800,43
5490.jpg,1757,1930,173
5495.jpg,1757,1920,163
5500.jpg,1758,1786,28
5505.jpg,1758,1760,2
5510.jpg,1758,1700,-58
5515.jpg,1758,1800,42
5520.jpg,1758,1700,-58
5525.jpg,1758,1900,142
5530.jpg,1758,1820,62
5535.jpg,1759,1800,41
5540.jpg,1759,1790,31
5545.jpg,1759,1920,161
5550.jpg,1759,1790,31
5555.jpg,1759,1800,41
5560.jpg,1759,1700,-59
5565.jpg,1760,1830,70
5570.jpg,1760,1830,70
5575.jpg,1760,1800,40
5580.jpg,1760,1930,170
5585.jpg,1760,13,-1747
5590.jpg,1761,1720,-41
5595.jpg,1761,1780,19
5600.jpg,1761,1920,159
5605.jpg,1761,1700,-61
5610.jpg,1761,1920,159
5615.jpg,1761,1700,-61
5620.jpg,1761,18,-1743
5625.jpg,1761,1800,39
5630.jpg,1762,1800,38
5635.jpg,1762,1830,68
5640.jpg,1762,1900,138
5645.jpg,1762,1800,38
5650.jpg,1762,1760,-2
5655.jpg,1762,1760,-2
5660.jpg,1762,17,-1745
5665.jpg,1762,1870,108
5670.jpg,1763,1920,157
5675.jpg,1763,1800,37
5680.jpg,1763,1850,87
5685.jpg,1763,1790,27
5690.jpg,1763,1760,-3
5695.jpg,1763,1800,37
5700.jpg,1763,1920,157
5705.jpg,1763,1800,37
5710.jpg,1764,1700,-64
5715.jpg,1764,1820,56
5720.jpg,1764,1790,26
5725.jpg,1764,1800,36
5730.jpg,1764,1780,16
5735.jpg,1764,1800,36
5740.jpg,1764,1720,-44
5745.jpg,1764,1760,-4
5750.jpg,1764,1830,66
5755.jpg,1764,1800,36
5765.jpg,1765,1700,-65
5770.jpg,1765,1800,35
5775.jpg,1765,1850,85
5780.jpg,1765,1920,155
5785.jpg,1765,1700,-65
5790.jpg,1765,1800,35
5795.jpg,1765,1790,25
5800.jpg,1765,1700,-65
5805.jpg,1765,1920,155
5810.jpg,1765,1800,35
5815.jpg,1765,1790,25
5820.jpg,1765,1870,105
5825.jpg,1765,1836,71
5830.jpg,1765,1700,-65
5835.jpg,1766,2000,234
5840.jpg,1766,1870,104
5845.jpg,1766,1700,-66
5850.jpg,1766,17,-1749
5855.jpg,1766,1800,34
5860.jpg,1766,1700,-66
5865.jpg,1766,1850,84
5870.jpg,1766,1700,-66
5875.jpg,1767,1790,23
5880.jpg,1767,1800,33
5885.jpg,1767,1872,105
5890.jpg,1767,1820,53
5895.jpg,1768,1800,32
5900.jpg,1768,1820,52
5905.jpg,1768,1790,22
5910.jpg,1768,18,-1750
5915.jpg,1768,1930,162
5920.jpg,1768,1790,22
5925.jpg,1768,1780,12
5930.jpg,1768,1732,-36
5935.jpg,1768,18,-1750
5940.jpg,1768,1900,132
5945.jpg,1769,1800,31
5950.jpg,1769,1800,31
5955.jpg,1769,1700,-69
5960.jpg,1769,1700,-69
5965.jpg,1769,1700,-69
5970.jpg,1769,1800,31
5975.jpg,1769,1790,21
5980.jpg,1769,1800,31
5985.jpg,1769,1820,51
5990.jpg,1769,1700,-69
5995.jpg,1769,8,-1761
6000.jpg,1770,1960,190
6005.jpg,1770,1700,-70
6010.jpg,1770,1700,-70
6015.jpg,1770,1800,30
6020.jpg,1770,1700,-70
6025.jpg,1770,1830,60
6030.jpg,1770,1700,-70
6035.jpg,1770,17,-1753
6040.jpg,1770,1700,-70
6045.jpg,1770,1850,80
6050.jpg,1770,1700,-70
6055.jpg,1770,1850,80
6060.jpg,1770,1700,-70
6065.jpg,1770,1800,30
6070.jpg,1770,1970,200
6075.jpg,1770,1800,30
6080.jpg,1770,1700,-70
6085.jpg,1770,1800,30
6090.jpg,1770,1760,-10
6095.jpg,1770,1730,-40
6100.jpg,1770,1761,-9
6105.jpg,1770,17,-1753
6115.jpg,1771,1870,99
6120.jpg,1771,1800,29
6125.jpg,1771,1760,-11
6130.jpg,1771,1790,19
6135.jpg,1771,1760,-11
6140.jpg,1771,1700,-71
6145.jpg,1771,1800,29
6150.jpg,1771,1920,149
6155.jpg,1771,17,-1754
6160.jpg,1771,1786,15
6165.jpg,1771,1789,18
6170.jpg,1772,1800,28
6175.jpg,1772,1830,58
6180.jpg,1772,1739,-33
6185.jpg,1772,17,-1755
6190.jpg,1772,18,-1754
6195.jpg,1773,18,-1755
6200.jpg,1773,1800,27
6205.jpg,1773,1800,27
6210.jpg,1773,1800,27
6215.jpg,1773,1800,27
6220.jpg,1773,1700,-73
6225.jpg,1773,1760,-13
6230.jpg,1773,1790,17
6235.jpg,1773,1700,-73
6240.jpg,1774,1800,26
6245.jpg,1774,1820,46
6250.jpg,1774,1760,-14
6255.jpg,1774,1700,-74
6260.jpg,1774,1790,16
6265.jpg,1774,1800,26
6270.jpg,1774,1700,-74
6275.jpg,1774,1789,15
6280.jpg,1774,1920,146
6285.jpg,1774,1780,6
6290.jpg,1774,1930,156
6295.jpg,1774,1920,146
6300.jpg,1774,1700,-74
6305.jpg,1775,1876,101
6310.jpg,1775,1800,25
6315.jpg,1775,1700,-75
6320.jpg,1775,1700,-75
6325.jpg,1775,1800,25
6330.jpg,1775,1780,5
6335.jpg,1775,1850,75
6350.jpg,1775,1920,145
6355.jpg,1775,1920,145
6360.jpg,1775,1800,25
6365.jpg,1775,1700,-75
6370.jpg,1775,1760,-15
6375.jpg,1775,1829,54
6380.jpg,1775,1930,155
6385.jpg,1775,17,-1758
6390.jpg,1775,1700,-75
6395.jpg,1775,1700,-75
6405.jpg,1776,1700,-76
6410.jpg,1776,1800,24
6415.jpg,1776,2000,224
6420.jpg,1776,1800,24
6425.jpg,1776,1789,13
6430.jpg,1776,1800,24
6435.jpg,1776,1920,144
6440.jpg,1776,1830,54
6445.jpg,1777,1780,3
6450.jpg,1777,1800,23
6455.jpg,1777,1900,123
6460.jpg,1777,1760,-17
6465.jpg,1777,1830,53
6470.jpg,1777,1921,144
6475.jpg,1777,13,-1764
6480.jpg,1777,2000,223
6485.jpg,1778,13,-1765
6495.jpg,1778,1780,2
6500.jpg,1778,1823,45
6505.jpg,1778,1700,-78
6510.jpg,1778,1800,22
6515.jpg,1779,1890,111
6520.jpg,1779,1830,51
6525.jpg,1779,1800,21
6530.jpg,1779,1800,21
6535.jpg,1779,1780,1
6540.jpg,1779,1790,11
6545.jpg,1779,1760,-19
6550.jpg,1779,1700,-79
6555.jpg,1780,17,-1763
6560.jpg,1780,1820,40
6565.jpg,1780,1700,-80
6570.jpg,1780,1800,20
6575.jpg,1780,1800,20
6580.jpg,1780,1800,20
6585.jpg,1780,1850,70
6590.jpg,1780,1800,20
6595.jpg,1780,1920,140
6600.jpg,1780,1700,-80
6605.jpg,1780,1790,10
6610.jpg,1780,1800,20
6615.jpg,1780,1800,20
6620.jpg,1780,1700,-80
6625.jpg,1780,1700,-80
6630.jpg,1780,1920,140
6635.jpg,1780,1700,-80
6640.jpg,1780,1920,140
6645.jpg,1780,1700,-80
6650.jpg,1780,1800,20
6655.jpg,1780,1700,-80
6660.jpg,1780,1920,140
6665.jpg,1780,1760,-20
6670.jpg,1781,1920,139
6675.jpg,1781,1800,19
6680.jpg,1781,1830,49
6685.jpg,1781,1700,-81
6690.jpg,1781,18,-1763
6695.jpg,1781,1800,19
6700.jpg,1781,18,-1763
6705.jpg,1781,1930,149
6710.jpg,1782,1920,138
6715.jpg,1782,1930,148
6720.jpg,1782,1700,-82
6725.jpg,1782,1920,138
6730.jpg,1782,1700,-82
6735.jpg,1782,1800,18
6740.jpg,1782,1800,18
6745.jpg,1782,1630,-152
6750.jpg,1782,18,-1764
6755.jpg,1783,1700,-83
6760.jpg,1783,17,-1766
6765.jpg,1783,1930,147
6770.jpg,1783,1920,137
6775.jpg,1783,1890,107
6780.jpg,1783,1760,-23
6785.jpg,1783,2023,240
6790.jpg,1783,1800,17
6795.jpg,1783,1800,17
6800.jpg,1783,1950,167
6805.jpg,1783,1793,10
6810.jpg,1784,1850,66
6815.jpg,1784,1723,-61
6820.jpg,1784,1790,6
6825.jpg,1784,1800,16
6830.jpg,1784,1790,6
6835.jpg,1784,1920,136
6840.jpg,1784,1768,-16
6845.jpg,1784,1920,136
6850.jpg,1784,16,-1768
6855.jpg,1784,1800,16
6860.jpg,1785,1800,15
6865.jpg,1785,1800,15
6870.jpg,1785,1800,15
6875.jpg,1785,1790,5
6880.jpg,1785,1850,65
6885.jpg,1785,1830,45
6890.jpg,1785,1800,15
6895.jpg,1785,1920,135
6900.jpg,1785,1800,15
6905.jpg,1785,1850,65
6910.jpg,1785,1830,45
6915.jpg,1785,1700,-85
6920.jpg,1785,1920,135
6925.jpg,1785,1700,-85
6930.jpg,1785,1300,-485
6935.jpg,1785,1920,135
6940.jpg,1785,1798,13
6945.jpg,1785,13,-1772
6950.jpg,1786,1730,-56
6955.jpg,1786,1850,64
6960.jpg,1786,18,-1768
6965.jpg,1786,1729,-57
6970.jpg,1786,1790,4
6975.jpg,1786,1820,34
6980.jpg,1786,1823,37
6985.jpg,1786,1788,2
6990.jpg,1786,1800,14
6995.jpg,1786,1930,144
7000.jpg,1786,1820,34
7005.jpg,1787,1800,13
7010.jpg,1787,1700,-87
7015.jpg,1787,1800,13
7020.jpg,1787,1920,133
7025.jpg,1787,1930,143
7030.jpg,1787,1800,13
7035.jpg,1787,1800,13
7040.jpg,1787,1920,133
7045.jpg,1787,1850,63
7050.jpg,1787,1800,13
7055.jpg,1787,1700,-87
7060.jpg,1787,1920,133
7065.jpg,1787,1800,13
7070.jpg,1787,1830,43
7075.jpg,1787,1600,-187
7080.jpg,1787,1820,33
7085.jpg,1787,1860,73
7090.jpg,1788,1829,41
7095.jpg,1788,1832,44
7100.jpg,1788,1850,62
7105.jpg,1788,1820,32
7110.jpg,1788,1800,12
7115.jpg,1788,1920,132
7120.jpg,1788,1800,12
7125.jpg,1788,1700,-88
7130.jpg,1788,1700,-88
7135.jpg,1788,1829,41
7140.jpg,1788,1800,12
7145.jpg,1789,1789,0
7150.jpg,1789,1763,-26
7155.jpg,1789,1763,-26
7160.jpg,1789,1830,41
7165.jpg,1789,1850,61
7170.jpg,1789,1830,41
7175.jpg,1789,1800,11
7180.jpg,1789,1950,161
7185.jpg,1789,1830,41
7190.jpg,1789,17,-1772
7195.jpg,1789,1830,41
7200.jpg,1790,1820,30
7205.jpg,1790,1800,10
7210.jpg,1790,1850,60
7215.jpg,1790,1830,40
7220.jpg,1790,1920,130
7225.jpg,1790,1800,10
7230.jpg,1790,1800,10
7235.jpg,1790,1800,10
7240.jpg,1790,18,-1772
7245.jpg,1790,1920,130
7250.jpg,1790,1800,10
7255.jpg,1790,1850,60
7260.jpg,1790,1850,60
7265.jpg,1790,1920,130
7270.jpg,1790,1700,-90
7275.jpg,1790,1800,10
7280.jpg,1790,1760,-30
7285.jpg,1790,1760,-30
7290.jpg,1790,1900,110
7295.jpg,1790,1800,10
7300.jpg,1790,1800,10
7305.jpg,1790,1800,10
7310.jpg,1790,1830,40
7315.jpg,1790,1700,-90
7320.jpg,1790,1850,60
7325.jpg,1790,1830,40
7330.jpg,1790,1820,30
7335.jpg,1790,1800,10
7340.jpg,1790,1800,10
7345.jpg,1790,1850,60
7350.jpg,1790,1850,60
7355.jpg,1790,1800,10
7360.jpg,1790,1920,130
7365.jpg,1790,1920,130
7370.jpg,1790,1760,-30
7375.jpg,1790,1850,60
7380.jpg,1790,18,-1772
7385.jpg,1791,1820,29
7390.jpg,1791,1800,9
7395.jpg,1791,1762,-29
7400.jpg,1791,1327,-464
7405.jpg,1791,1920,129
7410.jpg,1791,1700,-91
7415.jpg,1791,1700,-91
7420.jpg,1791,1800,9
7425.jpg,1791,1800,9
7430.jpg,1791,1862,71
7435.jpg,1791,17,-1774
7440.jpg,1792,1920,128
7445.jpg,1792,1800,8
7450.jpg,1792,1790,-2
7455.jpg,1792,1876,84
7460.jpg,1792,1820,28
7465.jpg,1792,1700,-92
7470.jpg,1792,1850,58
7475.jpg,1792,1800,8
7480.jpg,1792,1780,-12
7485.jpg,1792,1850,58
7490.jpg,1792,1850,58
7495.jpg,1792,1782,-10
7500.jpg,1792,1700,-92
7505.jpg,1792,1820,28
7510.jpg,1793,1930,137
7515.jpg,1793,1989,196
7520.jpg,1793,1870,77
7525.jpg,1793,1830,37
7530.jpg,1793,1728,-65
7535.jpg,1793,19,-1774
7540.jpg,1793,1920,127
7545.jpg,1793,1800,7
7550.jpg,1793,1820,27
7555.jpg,1793,1830,37
7560.jpg,1793,1800,7
7565.jpg,1793,1800,7
7570.jpg,1793,1820,27
7575.jpg,1793,1900,107
7580.jpg,1793,1790,-3
7585.jpg,1793,1800,7
7590.jpg,1793,1820,27
7595.jpg,1794,1920,126
7600.jpg,1794,17,-1777
7605.jpg,1794,1830,36
7610.jpg,1794,1800,6
7615.jpg,1794,1830,36
7620.jpg,1794,1830,36
7625.jpg,1794,1800,6
7630.jpg,1794,1820,26
7635.jpg,1794,1700,-94
7640.jpg,1794,1800,6
7645.jpg,1794,1760,-34
7650.jpg,1794,1790,-4
7655.jpg,1795,1800,5
7660.jpg,1795,1920,125
7665.jpg,1795,1930,135
7670.jpg,1795,1820,25
7675.jpg,1795,1800,5
7680.jpg,1795,1800,5
7685.jpg,1795,1800,5
7690.jpg,1795,1830,35
7695.jpg,1795,1850,55
7700.jpg,1795,1960,165
7705.jpg,1795,1790,-5
7710.jpg,1795,1960,165
7715.jpg,1795,1830,35
7720.jpg,1795,1800,5
7725.jpg,1795,1920,125
7730.jpg,1795,1700,-95
7735.jpg,1795,1830,35
7740.jpg,1795,1850,55
7745.jpg,1795,1920,125
7750.jpg,1795,1800,5
7755.jpg,1795,1830,35
7760.jpg,1795,1800,5
7765.jpg,1795,1960,165
7775.jpg,1796,1850,54
7780.jpg,1796,1792,-4
7785.jpg,1796,1800,4
7790.jpg,1796,1839,43
7795.jpg,1796,1780,-16
7800.jpg,1796,1720,-76
7805.jpg,1796,1700,-96
7810.jpg,1796,1800,4
7815.jpg,1796,1800,4
7820.jpg,1796,1820,24
7825.jpg,1796,1800,4
7830.jpg,1796,1850,54
7840.jpg,1796,1800,4
7845.jpg,1796,18,-1778
7850.jpg,1796,1700,-96
7855.jpg,1796,1800,4
7860.jpg,1796,1920,124
7865.jpg,1796,1800,4
7870.jpg,1796,1700,-96
7875.jpg,1796,17,-1779
7880.jpg,1797,1790,-7
7885.jpg,1797,1760,-37
7890.jpg,1797,1800,3
7895.jpg,1797,1800,3
7900.jpg,1797,1800,3
7905.jpg,1797,1800,3
7915.jpg,1797,1800,3
7920.jpg,1797,1920,123
7925.jpg,1797,1790,-7
7930.jpg,1797,1930,133
7935.jpg,1797,1920,123
7940.jpg,1797,1870,73
7945.jpg,1797,18,-1779
7950.jpg,1797,1800,3
7955.jpg,1798,1800,2
7960.jpg,1798,1890,92
7965.jpg,1798,1970,172
7970.jpg,1798,1800,2
7975.jpg,1798,1870,72
7980.jpg,1798,1800,2
7985.jpg,1798,1879,81
7990.jpg,1798,1920,122
7995.jpg,1798,1830,32
8000.jpg,1798,1870,72
8005.jpg,1798,1920,122
8010.jpg,1798,1920,122
8015.jpg,1798,1850,52
8020.jpg,1798,1800,2
8025.jpg,1798,1820,22
8030.jpg,1798,1970,172
8035.jpg,1798,1830,32
8040.jpg,1798,1930,132
8045.jpg,1798,1800,2
8055.jpg,1798,1800,2
8060.jpg,1799,2023,224
8065.jpg,1799,1800,1
8070.jpg,1799,1820,21
8075.jpg,1799,1920,121
8080.jpg,1799,1920,121
8085.jpg,1799,1800,1
8090.jpg,1799,1800,1
8095.jpg,1799,1800,1
8100.jpg,1799,1850,51
8105.jpg,1799,1800,1
8110.jpg,1799,16,-1783
8115.jpg,1800,1800,0
8120.jpg,1800,1930,130
8125.jpg,1800,1800,0
8130.jpg,1800,1820,20
8135.jpg,1800,1800,0
8140.jpg,1800,1800,0
8145.jpg,1800,1850,50
8150.jpg,1800,1800,0
8155.jpg,1800,1920,120
8160.jpg,1800,1800,0
8165.jpg,1800,1800,0
8170.jpg,1800,1800,0
8175.jpg,1800,1820,20
8180.jpg,1800,1920,120
8185.jpg,1800,1920,120
8190.jpg,1800,1700,-100
8195.jpg,1800,1920,120
8200.jpg,1800,1930,130
8205.jpg,1800,1800,0
8210.jpg,1800,1800,0
8215.jpg,1800,1850,50
8220.jpg,1800,1930,130
8225.jpg,1800,1800,0
8230.jpg,1800,1920,120
8235.jpg,1800,1830,30
8240.jpg,1800,1920,120
8245.jpg,1800,1800,0
8250.jpg,1800,1800,0
8255.jpg,1800,1850,50
8260.jpg,1800,1700,-100
8265.jpg,1800,1830,30
8270.jpg,1800,1800,0
8275.jpg,1800,1800,0
8280.jpg,1800,1700,-100
8285.jpg,1800,1920,120
8295.jpg,1800,1920,120
8300.jpg,1801,1800,-1
8305.jpg,1801,1867,66
8310.jpg,1801,1820,19
8315.jpg,1801,1920,119
8320.jpg,1801,1920,119
8325.jpg,1801,1836,35
8330.jpg,1801,1760,-41
8335.jpg,1801,1920,119
8340.jpg,1801,1800,-1
8345.jpg,1801,1830,29
8350.jpg,1801,18,-1783
8355.jpg,1801,1800,-1
8360.jpg,1801,1800,-1
8365.jpg,1801,1870,69
8375.jpg,1802,1800,-2
8380.jpg,1802,1932,130
8385.jpg,1802,1800,-2
8390.jpg,1802,1800,-2
8395.jpg,1802,17,-1785
8400.jpg,1802,1800,-2
8405.jpg,1802,1700,-102
8410.jpg,1802,1780,-22
8415.jpg,1802,1832,30
8420.jpg,1802,1850,48
8425.jpg,1802,1680,-122
8430.jpg,1802,1830,28
8435.jpg,1802,1762,-40
8440.jpg,1803,1903,100
8445.jpg,1803,1830,27
8450.jpg,1803,1792,-11
8455.jpg,1803,1820,17
8460.jpg,1803,1920,117
8465.jpg,1803,1830,27
8470.jpg,1803,1920,117
8475.jpg,1803,1970,167
8480.jpg,1803,1800,-3
8485.jpg,1803,1820,17
8490.jpg,1803,1830,27
8495.jpg,1803,1835,32
8500.jpg,1803,1920,117
8505.jpg,1803,1800,-3
8515.jpg,1804,1800,-4
8520.jpg,1804,1800,-4
8525.jpg,1804,1800,-4
8530.jpg,1804,2000,196
8535.jpg,1804,1920,116
8540.jpg,1804,1870,66
8545.jpg,1804,1830,26
8550.jpg,1804,1800,-4
8555.jpg,1804,1850,46
8560.jpg,1804,1920,116
8565.jpg,1804,1920,116
8570.jpg,1804,1700,-104
8575.jpg,1804,1920,116
8580.jpg,1804,1800,-4
8585.jpg,1805,1876,71
8590.jpg,1805,1800,-5
8595.jpg,1805,1800,-5
8600.jpg,1805,1790,-15
8605.jpg,1805,1830,25
8610.jpg,1805,1732,-73
8615.jpg,1805,1920,115
8620.jpg,1805,1780,-25
8625.jpg,1805,1800,-5
8630.jpg,1805,18,-1787
8635.jpg,1805,1870,65
8640.jpg,1805,1920,115
8645.jpg,1805,1850,45
8650.jpg,1805,1870,65
8655.jpg,1805,1890,85
8660.jpg,1805,1860,55
8665.jpg,1805,1800,-5
8670.jpg,1805,1830,25
8675.jpg,1805,1830,25
8680.jpg,1805,1930,125
8685.jpg,1805,1920,115
8690.jpg,1805,1820,15
8695.jpg,1806,1830,24
8700.jpg,1806,1800,-6
8705.jpg,1806,1830,24
8710.jpg,1806,1850,44
8715.jpg,1806,1800,-6
8720.jpg,1806,1920,114
8725.jpg,1806,1920,114
8730.jpg,1806,1830,24
8735.jpg,1806,1800,-6
8740.jpg,1806,1920,114
8745.jpg,1806,1930,124
8750.jpg,1806,1920,114
8755.jpg,1806,1800,-6
8765.jpg,1807,1800,-7
8770.jpg,1807,1820,13
8775.jpg,1807,1897,90
8780.jpg,1807,1920,113
8785.jpg,1807,1920,113
8790.jpg,1807,1700,-107
8795.jpg,1807,1920,113
8800.jpg,1807,1850,43
8805.jpg,1807,1800,-7
8810.jpg,1807,1920,113
8815.jpg,1807,1700,-107
8820.jpg,1807,1800,-7
8825.jpg,1807,1700,-107
8830.jpg,1807,1820,13
8835.jpg,1807,1600,-207
8840.jpg,1808,1926,118
8845.jpg,1808,1920,112
8850.jpg,1808,1930,122
8855.jpg,1808,18,-1790
8860.jpg,1808,1850,42
8865.jpg,1808,1800,-8
8875.jpg,1808,1790,-18
8880.jpg,1808,1760,-48
8885.jpg,1808,1830,22
8890.jpg,1808,1800,-8
8895.jpg,1808,1800,-8
8900.jpg,1808,1800,-8
8905.jpg,1808,1800,-8
8910.jpg,1809,1800,-9
8915.jpg,1809,1830,21
8920.jpg,1809,1872,63
8925.jpg,1809,1920,111
8930.jpg,1809,1800,-9
8935.jpg,1809,1800,-9
8940.jpg,1809,1800,-9
8945.jpg,1809,1920,111
8950.jpg,1809,1830,21
8955.jpg,1809,1920,111
8965.jpg,1809,1893,84
8970.jpg,1809,1900,91
8975.jpg,1810,1830,20
8980.jpg,1810,1960,150
8985.jpg,1810,1920,110
8995.jpg,1810,1896,86
9000.jpg,1810,1700,-110
9005.jpg,1810,1800,-10
9010.jpg,1810,17,-1793
9015.jpg,1810,1800,-10
9020.jpg,1810,1920,110
9025.jpg,1810,1800,-10
9030.jpg,1810,1900,90
9035.jpg,1810,1920,110
9040.jpg,1810,1920,110
9045.jpg,1810,1920,110
9050.jpg,1810,1760,-50
9055.jpg,1810,1800,-10
9060.jpg,1810,1890,80
9065.jpg,1810,1830,20
9070.jpg,1810,1800,-10
9075.jpg,1810,1850,40
9080.jpg,1810,1900,90
9085.jpg,1810,1700,-110
9090.jpg,1810,1800,-10
9095.jpg,1810,1850,40
9100.jpg,1810,1800,-10
9105.jpg,1810,1800,-10
9110.jpg,1810,1920,110
9115.jpg,1810,1850,40
9120.jpg,1810,1850,40
9125.jpg,1810,1876,66
9130.jpg,1810,1800,-10
9135.jpg,1810,1920,110
9140.jpg,1810,1930,120
9145.jpg,1810,1920,110
9150.jpg,1811,1800,-11
9160.jpg,1811,1829,18
9165.jpg,1811,1820,9
9170.jpg,1811,1820,9
9175.jpg,1811,1800,-11
9180.jpg,1811,1870,59
9185.jpg,1811,1800,-11
9190.jpg,1811,1800,-11
9195.jpg,1811,1600,-211
9200.jpg,1811,1780,-31
9205.jpg,1811,1800,-11
9210.jpg,1812,1820,8
9215.jpg,1812,1300,-512
9220.jpg,1812,1325,-487
9225.jpg,1812,1830,18
9230.jpg,1812,1800,-12
9235.jpg,1812,1800,-12
9240.jpg,1812,1830,18
9245.jpg,1812,1850,38
9250.jpg,1812,1920,108
9255.jpg,1812,1830,18
9260.jpg,1812,1920,108
9265.jpg,1812,1780,-32
9270.jpg,1812,1920,108
9275.jpg,1812,1850,38
9280.jpg,1812,1830,18
9290.jpg,1812,1830,18
9295.jpg,1812,1800,-12
9300.jpg,1812,1800,-12
9305.jpg,1812,1850,38
9310.jpg,1813,1800,-13
9315.jpg,1813,1850,37
9320.jpg,1813,1800,-13
9325.jpg,1813,1820,7
9330.jpg,1813,1800,-13
9335.jpg,1813,1830,17
9340.jpg,1813,1700,-113
9345.jpg,1813,1850,37
9350.jpg,1813,1800,-13
9355.jpg,1813,12,-1801
9360.jpg,1813,1920,107
9365.jpg,1813,1930,117
9370.jpg,1813,1850,37
9375.jpg,1814,1800,-14
9390.jpg,1814,1830,16
9395.jpg,1814,1820,6
9400.jpg,1814,1832,18
9405.jpg,1814,1830,16
9410.jpg,1814,1920,106
9415.jpg,1814,1700,-114
9420.jpg,1814,1850,36
9425.jpg,1814,1700,-114
9430.jpg,1814,1830,16
9435.jpg,1814,1850,36
9440.jpg,1814,1700,-114
9445.jpg,1814,1920,106
9450.jpg,1814,1830,16
9455.jpg,1814,1800,-14
9460.jpg,1814,1820,6
9465.jpg,1815,1870,55
9470.jpg,1815,1870,55
9475.jpg,1815,1820,5
9480.jpg,1815,1920,105
9485.jpg,1815,1830,15
9490.jpg,1815,1800,-15
9495.jpg,1815,1800,-15
9500.jpg,1815,1850,35
9505.jpg,1815,1920,105
9510.jpg,1815,1920,105
9515.jpg,1815,1850,35
9520.jpg,1815,1820,5
9525.jpg,1815,1830,15
9530.jpg,1815,1760,-55
9535.jpg,1815,1830,15
9540.jpg,1815,1700,-115
9545.jpg,1815,1820,5
9550.jpg,1815,1780,-35
9555.jpg,1815,1800,-15
9560.jpg,1815,1820,5
9565.jpg,1815,1830,15
9570.jpg,1815,1930,115
9575.jpg,1815,1870,55
9580.jpg,1815,18,-1797
9585.jpg,1815,1870,55
9590.jpg,1815,1850,35
9595.jpg,1816,1830,14
9600.jpg,1816,1800,-16
9605.jpg,1816,1830,14
9610.jpg,1816,1830,14
9615.jpg,1816,1830,14
9620.jpg,1816,1920,104
9625.jpg,1816,1847,31
9630.jpg,1816,1850,34
9635.jpg,1816,1820,4
9640.jpg,1816,1800,-16
9645.jpg,1816,1700,-116
9650.jpg,1816,1800,-16
9655.jpg,1816,1850,34
9660.jpg,1816,1830,14
9665.jpg,1816,1920,104
9670.jpg,1816,1850,34
9675.jpg,1816,1920,104
9680.jpg,1816,1800,-16
9685.jpg,1816,1860,44
9690.jpg,1816,1860,44
9695.jpg,1816,1830,14
9700.jpg,1816,1930,114
9705.jpg,1816,16,-1800
9710.jpg,1816,1823,7
9715.jpg,1817,1860,43
9720.jpg,1817,1700,-117
9725.jpg,1817,1829,12
9730.jpg,1817,1927,110
9735.jpg,1817,1850,33
9740.jpg,1817,1920,103
9745.jpg,1817,1800,-17
9750.jpg,1817,1800,-17
9755.jpg,1817,1800,-17
9760.jpg,1817,1800,-17
9765.jpg,1817,1800,-17
9770.jpg,1817,1760,-57
9775.jpg,1817,1930,113
9780.jpg,1817,1830,13
9785.jpg,1817,1832,15
9790.jpg,1818,1800,-18
9795.jpg,1818,1800,-18
9800.jpg,1818,1830,12
9805.jpg,1818,1920,102
9810.jpg,1818,1830,12
9815.jpg,1818,13,-1805
9820.jpg,1818,1850,32
9825.jpg,1818,1800,-18
9830.jpg,1818,1920,102
9835.jpg,1818,1800,-18
9840.jpg,1818,1900,82
9845.jpg,1818,2000,182
9850.jpg,1818,1850,32
9855.jpg,1818,1830,12
9860.jpg,1818,1800,-18
9865.jpg,1818,1850,32
9870.jpg,1818,1800,-18
9875.jpg,1818,1830,12
9880.jpg,1818,1800,-18
9885.jpg,1818,1960,142
9890.jpg,1818,1820,2
9895.jpg,1818,1830,12
9900.jpg,1818,1821,3
9905.jpg,1818,1800,-18
9910.jpg,1819,1867,48
9915.jpg,1819,1870,51
9920.jpg,1819,1832,13
9925.jpg,1819,1879,60
9930.jpg,1819,1800,-19
9935.jpg,1819,1850,31
9940.jpg,1819,1850,31
9945.jpg,1819,1830,11
9950.jpg,1819,1800,-19
9955.jpg,1819,1800,-19
9960.jpg,1819,1850,31
9965.jpg,1819,1800,-19
9970.jpg,1819,1800,-19
9975.jpg,1819,1870,51
9980.jpg,1819,1830,11
9985.jpg,1820,1870,50
9990.jpg,1820,1890,70
9995.jpg,1820,1920,100
10000.jpg,1820,1800,-20
10005.jpg,1820,1800,-20
10010.jpg,1820,1920,100
10015.jpg,1820,1850,30
10020.jpg,1820,1800,-20
10025.jpg,1820,1800,-20
10030.jpg,1820,1920,100
10035.jpg,1820,1800,-20
10040.jpg,1820,1920,100
10045.jpg,1820,1820,0
10050.jpg,1820,1830,10
10055.jpg,1820,17,-1803
10060.jpg,1820,1800,-20
10065.jpg,1820,1700,-120
10070.jpg,1820,1830,10
10075.jpg,1820,1850,30
10080.jpg,1820,1800,-20
10085.jpg,1820,1830,10
10090.jpg,1820,1920,100
10095.jpg,1820,1830,10
10100.jpg,1820,1920,100
10105.jpg,1820,1800,-20
10110.jpg,1820,1800,-20
10115.jpg,1820,1920,100
10120.jpg,1820,1850,30
10125.jpg,1820,1890,70
10130.jpg,1820,1830,10
10135.jpg,1820,1800,-20
10140.jpg,1820,1850,30
10145.jpg,1820,1920,100
10150.jpg,1820,1800,-20
10155.jpg,1820,1800,-20
10160.jpg,1820,1820,0
10165.jpg,1820,1920,100
10170.jpg,1820,1920,100
10175.jpg,1820,1920,100
10180.jpg,1820,1800,-20
10185.jpg,1820,1920,100
10190.jpg,1820,1800,-20
10195.jpg,1821,1830,9
10200.jpg,1821,2000,179
10205.jpg,1821,1823,2
10210.jpg,1821,2000,179
10215.jpg,1821,1930,109
10220.jpg,1821,1830,9
10225.jpg,1821,1920,99
10230.jpg,1821,1830,9
10235.jpg,1821,1870,49
10240.jpg,1821,1800,-21
10245.jpg,1821,1800,-21
10250.jpg,1821,1830,9
10255.jpg,1821,1870,49
10260.jpg,1821,1700,-121
10265.jpg,1821,1850,29
10270.jpg,1821,1800,-21
10275.jpg,1821,1870,49
10280.jpg,1822,1930,108
10285.jpg,1822,1920,98
10290.jpg,1822,1860,38
10295.jpg,1822,1926,104
10300.jpg,1822,1897,75
10305.jpg,1822,1800,-22
10310.jpg,1822,1830,8
10315.jpg,1822,1800,-22
10320.jpg,1822,1850,28
10325.jpg,1822,1900,78
10330.jpg,1822,1890,68
10335.jpg,1822,1800,-22
10340.jpg,1822,1850,28
10345.jpg,1822,1920,98
10355.jpg,1822,1920,98
10360.jpg,1823,1900,77
10365.jpg,1823,1830,7
10370.jpg,1823,1800,-23
10375.jpg,1823,1800,-23
10385.jpg,1823,1872,49
10390.jpg,1823,1850,27
10395.jpg,1823,1820,-3
10400.jpg,1823,1920,97
10405.jpg,1823,1800,-23
10410.jpg,1823,1850,27
10415.jpg,1823,1830,7
10420.jpg,1823,1920,97
10425.jpg,1823,1700,-123
10430.jpg,1823,1800,-23
10435.jpg,1823,1920,97
10440.jpg,1823,1800,-23
10445.jpg,1823,1920,97
10450.jpg,1823,13,-1810
10455.jpg,1824,1800,-24
10460.jpg,1824,1830,6
10465.jpg,1824,1850,26
10470.jpg,1824,1870,46
10475.jpg,1824,1325,-499
10480.jpg,1824,1926,102
10485.jpg,1824,1760,-64
10490.jpg,1824,1760,-64
10495.jpg,1824,1850,26
10500.jpg,1824,1920,96
10505.jpg,1824,1700,-124
10510.jpg,1824,1920,96
10515.jpg,1824,1800,-24
10520.jpg,1824,1800,-24
10525.jpg,1824,2000,176
10530.jpg,1824,1920,96
10535.jpg,1824,1830,6
10540.jpg,1824,1850,26
10545.jpg,1824,1837,13
10550.jpg,1825,1832,7
10555.jpg,1825,1890,65
10560.jpg,1825,1820,-5
10565.jpg,1825,18,-1807
10570.jpg,1825,1870,45
10575.jpg,1825,1829,4
10580.jpg,1825,1863,38
10585.jpg,1825,1870,45
10590.jpg,1825,1700,-125
10595.jpg,1825,1850,25
10600.jpg,1825,1800,-25
10605.jpg,1825,1850,25
10610.jpg,1825,1920,95
10615.jpg,1825,1830,5
10620.jpg,1825,1920,95
10625.jpg,1825,1920,95
10630.jpg,1825,1800,-25
10635.jpg,1825,1930,105
10640.jpg,1825,1920,95
10645.jpg,1825,1800,-25
10650.jpg,1825,1830,5
10655.jpg,1825,1920,95
10660.jpg,1825,1850,25
10665.jpg,1825,1830,5
10670.jpg,1825,1920,95
10675.jpg,1825,1800,-25
10680.jpg,1825,1830,5
10685.jpg,1825,1920,95
10690.jpg,1825,1700,-125
10695.jpg,1825,1900,75
10700.jpg,1825,1800,-25
10705.jpg,1825,1850,25
10710.jpg,1825,1920,95
10715.jpg,1825,1830,5
10720.jpg,1825,1800,-25
10725.jpg,1825,1870,45
10730.jpg,1826,1830,4
10735.jpg,1826,1800,-26
10745.jpg,1826,1820,-6
10750.jpg,1826,1832,6
10755.jpg,1826,1897,71
10760.jpg,1826,1830,4
10765.jpg,1826,1820,-6
10770.jpg,1826,1850,24
10775.jpg,1826,1850,24
10780.jpg,1826,1850,24
10785.jpg,1826,1800,-26
10790.jpg,1826,1800,-26
10795.jpg,1826,1798,-28
10800.jpg,1826,1890,64
10805.jpg,1826,1760,-66
10810.jpg,1826,1700,-126
10815.jpg,1826,1830,4
10820.jpg,1826,1830,4
10825.jpg,1826,1850,24
10830.jpg,1826,1920,94
10835.jpg,1827,1850,23
10840.jpg,1827,1800,-27
10845.jpg,1827,1820,-7
10850.jpg,1827,1870,43
10855.jpg,1827,1800,-27
10860.jpg,1827,1920,93
10865.jpg,1827,1870,43
10870.jpg,1827,1872,45
10875.jpg,1827,1800,-27
10880.jpg,1827,1850,23
10885.jpg,1827,1920,93
10890.jpg,1827,1920,93
10895.jpg,1827,1800,-27
10900.jpg,1827,17,-1810
10905.jpg,1827,1700,-127
10910.jpg,1827,1850,23
10915.jpg,1827,1800,-27
10920.jpg,1827,1830,3
10925.jpg,1827,1830,3
10930.jpg,1827,1920,93
10935.jpg,1827,1800,-27
10940.jpg,1827,1900,73
10945.jpg,1828,1820,-8
10950.jpg,1828,1800,-28
10955.jpg,1828,1850,22
10960.jpg,1828,1830,2
10965.jpg,1828,1830,2
10970.jpg,1828,1830,2
10975.jpg,1828,1892,64
10980.jpg,1828,1830,2
10985.jpg,1828,1870,42
10990.jpg,1828,1850,22
10995.jpg,1828,1790,-38
11000.jpg,1828,1870,42
11005.jpg,1828,1920,92
11010.jpg,1828,1830,2
11015.jpg,1828,18,-1810
11020.jpg,1828,1800,-28
11025.jpg,1828,1780,-48
11030.jpg,1828,1850,22
11035.jpg,1828,1920,92
11040.jpg,1828,1800,-28
11045.jpg,1828,1920,92
11050.jpg,1828,18,-1810
11055.jpg,1828,17,-1811
11060.jpg,1828,1920,92
11065.jpg,1829,1920,91
11070.jpg,1829,1800,-29
11075.jpg,1829,1830,1
11080.jpg,1829,1870,41
11085.jpg,1829,1820,-9
11090.jpg,1829,1823,-6
11095.jpg,1829,1872,43
11100.jpg,1829,1920,91
11105.jpg,1829,1826,-3
11110.jpg,1829,1876,47
11115.jpg,1829,1700,-129
11120.jpg,1829,1830,1
11125.jpg,1829,1830,1
11130.jpg,1829,1870,41
11135.jpg,1829,1830,1
11140.jpg,1829,1920,91
11145.jpg,1829,1830,1
11150.jpg,1829,1820,-9
11155.jpg,1829,1930,101
11160.jpg,1829,1800,-29
11165.jpg,1829,1920,91
11170.jpg,1830,1800,-30
11175.jpg,1830,1920,90
11180.jpg,1830,1830,0
11185.jpg,1830,1820,-10
11190.jpg,1830,1800,-30
11195.jpg,1830,1600,-230
11200.jpg,1830,1890,60
11205.jpg,1830,1832,2
11210.jpg,1830,1920,90
11215.jpg,1830,1780,-50
11220.jpg,1830,1800,-30
11225.jpg,1830,1800,-30
11230.jpg,1830,1700,-130
11235.jpg,1830,1920,90
11240.jpg,1830,1800,-30
11245.jpg,1830,1920,90
11250.jpg,1830,1920,90
11255.jpg,1830,1900,70
11260.jpg,1830,1920,90
11265.jpg,1830,1850,20
11270.jpg,1830,1800,-30
11275.jpg,1830,1830,0
11280.jpg,1830,1920,90
11285.jpg,1830,1800,-30
11290.jpg,1830,1700,-130
11295.jpg,1830,1850,20
11300.jpg,1830,1830,0
11305.jpg,1830,1920,90
11310.jpg,1830,1850,20
11315.jpg,1830,1800,-30
11320.jpg,1830,1800,-30
11325.jpg,1830,1890,60
11330.jpg,1830,1930,100
11335.jpg,1830,1920,90
11340.jpg,1830,1930,100
11345.jpg,1830,1950,120
11350.jpg,1830,1930,100
11355.jpg,1830,1850,20
11360.jpg,1830,1850,20
11365.jpg,1830,1824,-6
11370.jpg,1830,1800,-30
11375.jpg,1830,1789,-41
11380.jpg,1830,1870,40
11385.jpg,1830,18,-1812
11390.jpg,1830,1920,90
11395.jpg,1830,1870,40
11400.jpg,1831,1830,-1
11405.jpg,1831,1800,-31
11410.jpg,1831,1800,-31
11415.jpg,1831,1870,39
11420.jpg,1831,1826,-5
11425.jpg,1831,1832,1
11430.jpg,1831,1832,1
11435.jpg,1831,1870,39
11440.jpg,1831,1800,-31
11445.jpg,1831,1832,1
11450.jpg,1831,2000,169
11455.jpg,1831,1830,-1
11460.jpg,1831,1850,19
11465.jpg,1831,1920,89
11470.jpg,1831,1830,-1
11475.jpg,1831,1900,69
11480.jpg,1831,1920,89
11485.jpg,1831,1950,119
11490.jpg,1832,1900,68
11495.jpg,1832,1920,88
11500.jpg,1832,1800,-32
11505.jpg,1832,1820,-12
11510.jpg,1832,1800,-32
11515.jpg,1832,1896,64
11525.jpg,1832,1900,68
11530.jpg,1832,1850,18
11535.jpg,1832,1850,18
11540.jpg,1832,1800,-32
11545.jpg,1832,1920,88
11550.jpg,1832,1850,18
11555.jpg,1832,1850,18
11560.jpg,1832,1920,88
11565.jpg,1832,1800,-32
11570.jpg,1832,1850,18
11575.jpg,1832,1850,18
11580.jpg,1832,1850,18
11585.jpg,1832,1920,88
11590.jpg,1832,1920,88
11595.jpg,1832,1800,-32
11600.jpg,1832,1820,-12
11605.jpg,1832,1800,-32
11610.jpg,1832,1930,98
11615.jpg,1832,1700,-132
11620.jpg,1832,18,-1814
11625.jpg,1832,1700,-132
11630.jpg,1832,1960,128
11635.jpg,1832,1930,98
11640.jpg,1832,1829,-3
11645.jpg,1833,1839,6
11650.jpg,1833,1870,37
11655.jpg,1833,1920,87
11660.jpg,1833,1829,-4
11665.jpg,1833,1800,-33
11670.jpg,1833,1830,-3
11675.jpg,1833,1859,26
11680.jpg,1833,1872,39
11685.jpg,1833,1830,-3
11690.jpg,1833,1920,87
11695.jpg,1833,1850,17
11700.jpg,1833,1920,87
11705.jpg,1833,1920,87
11710.jpg,1833,1920,87
11715.jpg,1833,1800,-33
11720.jpg,1833,1920,87
11725.jpg,1833,1920,87
11730.jpg,1833,1830,-3
11735.jpg,1833,1920,87
11740.jpg,1833,1830,-3
11745.jpg,1833,1920,87
11750.jpg,1833,1830,-3
11755.jpg,1833,1780,-53
11760.jpg,1833,1920,87
11765.jpg,1833,1827,-6
11770.jpg,1834,1870,36
11775.jpg,1834,1790,-44
11780.jpg,1834,1836,2
11785.jpg,1834,1823,-11
11790.jpg,1834,1960,126
11795.jpg,1834,1830,-4
11800.jpg,1834,1820,-14
11805.jpg,1834,1832,-2
11810.jpg,1834,1920,86
11815.jpg,1834,1800,-34
11820.jpg,1834,1830,-4
11825.jpg,1834,1830,-4
11830.jpg,1834,1870,36
11835.jpg,1834,1870,36
11840.jpg,1834,1850,16
11845.jpg,1834,1800,-34
11850.jpg,1834,1830,-4
11855.jpg,1834,1850,16
11860.jpg,1834,1900,66
11865.jpg,1834,1830,-4
11870.jpg,1834,1930,96
11875.jpg,1834,1850,16
11880.jpg,1834,1800,-34
11885.jpg,1834,1790,-44
11890.jpg,1834,1733,-101
11895.jpg,1834,1820,-14
11900.jpg,1835,1830,-5
11905.jpg,1835,1920,85
11910.jpg,1835,1962,127
11915.jpg,1835,1850,15
11920.jpg,1835,1800,-35
11925.jpg,1835,1920,85
11930.jpg,1835,1870,35
11935.jpg,1835,1832,-3
11940.jpg,1835,1960,125
11945.jpg,1835,1800,-35
11950.jpg,1835,1862,27
11955.jpg,1835,1850,15
11960.jpg,1835,1920,85
11965.jpg,1835,1950,115
11970.jpg,1835,1800,-35
11980.jpg,1835,1870,35
11985.jpg,1835,1800,-35
11990.jpg,1835,1890,55
11995.jpg,1835,1920,85
12000.jpg,1835,1920,85
12005.jpg,1835,1920,85
12010.jpg,1835,1870,35
12015.jpg,1835,1850,15
12020.jpg,1835,1920,85
12025.jpg,1835,1920,85
12030.jpg,1835,1920,85
12035.jpg,1835,1920,85
12040.jpg,1835,1700,-135
12045.jpg,1835,1800,-35
12050.jpg,1835,1800,-35
12055.jpg,1835,1830,-5
12060.jpg,1835,1870,35
12065.jpg,1835,1800,-35
12070.jpg,1835,1920,85
12075.jpg,1835,1850,15
12080.jpg,1835,1800,-35
12085.jpg,1835,1800,-35
12090.jpg,1835,1800,-35
12095.jpg,1835,1830,-5
12100.jpg,1835,1830,-5
12105.jpg,1835,1870,35
12110.jpg,1835,1860,25
12115.jpg,1835,1830,-5
12120.jpg,1835,1850,15
12125.jpg,1835,1930,95
12130.jpg,1836,1800,-36
12135.jpg,1836,1800,-36
12140.jpg,1836,1800,-36
12145.jpg,1836,1960,124
12150.jpg,1836,1930,94
12155.jpg,1836,1820,-16
12160.jpg,1836,1900,64
12170.jpg,1836,1920,84
12175.jpg,1836,1800,-36
12180.jpg,1836,1850,14
12185.jpg,1836,1850,14
12190.jpg,1836,1800,-36
12195.jpg,1836,1890,54
12200.jpg,1836,1920,84
12205.jpg,1836,1870,34
12210.jpg,1836,1890,54
12215.jpg,1836,1850,14
12220.jpg,1836,1850,14
12225.jpg,1836,1850,14
12230.jpg,1836,1830,-6
12235.jpg,1836,1800,-36
12240.jpg,1836,1700,-136
12245.jpg,1836,1870,34
12250.jpg,1836,1850,14
12255.jpg,1836,1850,14
12260.jpg,1836,1830,-6
12265.jpg,1836,1800,-36
12270.jpg,1836,1823,-13
12275.jpg,1836,1800,-36
12280.jpg,1837,1870,33
12285.jpg,1837,1800,-37
12290.jpg,1837,1920,83
12295.jpg,1837,1850,13
12300.jpg,1837,1850,13
12305.jpg,1837,1830,-7
12310.jpg,1837,1870,33
12315.jpg,1837,1820,-17
12320.jpg,1837,2000,163
12325.jpg,1837,1879,42
12330.jpg,1837,1920,83
12335.jpg,1837,1820,-17
12340.jpg,1837,1800,-37
12345.jpg,1837,1760,-77
12350.jpg,1837,1930,93
12355.jpg,1837,1920,83
12360.jpg,1837,1920,83
12365.jpg,1837,1870,33
12370.jpg,1837,1850,13
12375.jpg,1837,1800,-37
12380.jpg,1837,1920,83
12385.jpg,1837,1800,-37
12390.jpg,1837,1830,-7
12395.jpg,1837,1850,13
12400.jpg,1837,1860,23
12405.jpg,1837,1850,13
12410.jpg,1837,1920,83
12415.jpg,1837,1890,53
12420.jpg,1837,1800,-37
12425.jpg,1837,1920,83
12430.jpg,1837,1800,-37
12435.jpg,1837,1900,63
12440.jpg,1837,1900,63
12445.jpg,1837,1800,-37
12450.jpg,1838,1890,52
12455.jpg,1838,1830,-8
12460.jpg,1838,13,-1825
12465.jpg,1838,1869,31
12470.jpg,1838,1850,12
12475.jpg,1838,1930,92
12480.jpg,1838,1820,-18
12485.jpg,1838,1830,-8
12490.jpg,1838,1872,34
12495.jpg,1838,1872,34
12500.jpg,1838,1872,34
12505.jpg,1838,1800,-38
12510.jpg,1838,1800,-38
12515.jpg,1838,1800,-38
12520.jpg,1838,1800,-38
12525.jpg,1838,1800,-38
12530.jpg,1838,1890,52
12535.jpg,1838,1920,82
12540.jpg,1838,1920,82
12545.jpg,1838,1920,82
12550.jpg,1838,1850,12
12555.jpg,1838,1890,52
12560.jpg,1838,1850,12
12565.jpg,1838,1850,12
12570.jpg,1838,1830,-8
12575.jpg,1838,1800,-38
12580.jpg,1838,1930,92
12585.jpg,1838,1790,-48
12590.jpg,1838,1850,12
12600.jpg,1838,1900,62
12605.jpg,1838,1972,134
12610.jpg,1838,1870,32
12615.jpg,1838,1729,-109
12620.jpg,1838,1830,-8
12625.jpg,1839,1800,-39
12630.jpg,1839,1850,11
12635.jpg,1839,1850,11
12640.jpg,1839,1960,121
12645.jpg,1839,1920,81
12650.jpg,1839,1930,91
12655.jpg,1839,1827,-12
12660.jpg,1839,1862,23
12665.jpg,1839,1926,87
12670.jpg,1839,1850,11
12675.jpg,1839,1800,-39
12680.jpg,1839,1800,-39
12685.jpg,1839,1830,-9
12690.jpg,1839,2000,161
12695.jpg,1839,1800,-39
12700.jpg,1839,1850,11
12705.jpg,1839,1800,-39
12710.jpg,1839,1920,81
12715.jpg,1839,1830,-9
12720.jpg,1839,1800,-39
12725.jpg,1839,2000,161
12730.jpg,1839,1820,-19
12735.jpg,1839,1830,-9
12740.jpg,1839,1830,-9
12745.jpg,1839,1850,11
12750.jpg,1839,1800,-39
12755.jpg,1839,1700,-139
12760.jpg,1839,1920,81
12765.jpg,1839,18,-1821
12770.jpg,1839,1800,-39
12775.jpg,1839,1832,-7
12780.jpg,1840,1920,80
12785.jpg,1840,1920,80
12790.jpg,1840,1800,-40
12795.jpg,1840,1920,80
12800.jpg,1840,1800,-40
12805.jpg,1840,1920,80
12810.jpg,1840,1830,-10
12815.jpg,1840,1830,-10
12820.jpg,1840,1836,-4
12825.jpg,1840,1820,-20
12830.jpg,1840,1870,30
12835.jpg,1840,1928,88
12840.jpg,1840,1860,20
12845.jpg,1840,1800,-40
12850.jpg,1840,1830,-10
12860.jpg,1840,1920,80
12865.jpg,1840,1700,-140
12870.jpg,1840,1920,80
12875.jpg,1840,1920,80
12880.jpg,1840,1830,-10
12885.jpg,1840,18,-1822
12890.jpg,1840,1830,-10
12895.jpg,1840,1700,-140
12900.jpg,1840,1800,-40
12905.jpg,1840,1930,90
12910.jpg,1840,1950,110
12915.jpg,1840,1850,10
12920.jpg,1840,1870,30
12925.jpg,1840,1850,10
12930.jpg,1840,1890,50
12935.jpg,1840,1890,50
12940.jpg,1840,1930,90
12945.jpg,1840,1920,80
12950.jpg,1840,1850,10
12955.jpg,1840,1850,10
12960.jpg,1840,1920,80
12965.jpg,1840,1800,-40
12970.jpg,1840,1820,-20
12975.jpg,1840,1830,-10
12980.jpg,1840,1950,110
12985.jpg,1840,1800,-40
12990.jpg,1840,1830,-10
12995.jpg,1840,1920,80
13005.jpg,1840,1800,-40
13010.jpg,1840,1920,80
13015.jpg,1840,1920,80
13020.jpg,1840,1920,80
13025.jpg,1840,1920,80
13030.jpg,1841,1870,29
13035.jpg,1841,1800,-41
13040.jpg,1841,1830,-11
13045.jpg,1841,1850,9
13050.jpg,1841,17,-1824
13055.jpg,1841,1830,-11
13060.jpg,1841,1850,9
13065.jpg,1841,1820,-21
13070.jpg,1841,1829,-12
13075.jpg,1841,1790,-51
13080.jpg,1841,1850,9
13085.jpg,1841,2000,159
13090.jpg,1841,1920,79
13095.jpg,1841,1920,79
13100.jpg,1841,1850,9
13105.jpg,1841,1870,29
13110.jpg,1841,1830,-11
13115.jpg,1841,1920,79
13120.jpg,1841,2000,159
13125.jpg,1841,1850,9
13130.jpg,1841,1700,-141
13135.jpg,1841,1920,79
13140.jpg,1841,1870,29
13145.jpg,1842,1800,-42
13150.jpg,1842,1800,-42
13155.jpg,1842,1920,78
13160.jpg,1842,1830,-12
13165.jpg,1842,1850,8
13170.jpg,1842,1870,28
13175.jpg,1842,1860,18
13180.jpg,1842,1920,78
13185.jpg,1842,1860,18
13190.jpg,1842,1850,8
13195.jpg,1842,1800,-42
13200.jpg,1842,1830,-12
13205.jpg,1842,1800,-42
13210.jpg,1842,1850,8
13215.jpg,1842,1800,-42
13220.jpg,1842,1800,-42
13225.jpg,1842,1850,8
13230.jpg,1842,1920,78
13235.jpg,1842,1830,-12
13240.jpg,1842,1850,8
13245.jpg,1842,1800,-42
13250.jpg,1842,1850,8
13255.jpg,1842,1800,-42
13260.jpg,1842,1800,-42
13265.jpg,1842,1800,-42
13270.jpg,1842,1850,8
13275.jpg,1842,1800,-42
13280.jpg,1842,16,-1826
13285.jpg,1842,1830,-12
13290.jpg,1842,1920,78
13295.jpg,1842,2010,168
13300.jpg,1843,1836,-7
13305.jpg,1843,1800,-43
13310.jpg,1843,1826,-17
13315.jpg,1843,1890,47
13320.jpg,1843,1830,-13
13325.jpg,1843,1920,77
13330.jpg,1843,1790,-53
13335.jpg,1843,1920,77
13340.jpg,1843,1800,-43
13345.jpg,1843,1920,77
13350.jpg,1843,1850,7
13355.jpg,1843,1890,47
13360.jpg,1843,1920,77
13365.jpg,1843,1830,-13
13370.jpg,1843,1820,-23
13380.jpg,1843,1850,7
13385.jpg,1843,1960,117
13390.jpg,1843,1850,7
13395.jpg,1843,1800,-43
13400.jpg,1843,1830,-13
13405.jpg,1843,1920,77
13410.jpg,1843,1826,-17
13415.jpg,1843,1920,77
13420.jpg,1843,1850,7
13425.jpg,1843,1890,47
13430.jpg,1844,1870,26
13435.jpg,1844,1850,6
13440.jpg,1844,1800,-44
13445.jpg,1844,2000,156
13450.jpg,1844,1820,-24
13455.jpg,1844,1850,6
13460.jpg,1844,1920,76
13465.jpg,1844,1830,-14
13470.jpg,1844,1850,6
13475.jpg,1844,1870,26
13480.jpg,1844,1920,76
13485.jpg,1844,1920,76
13490.jpg,1844,1830,-14
13495.jpg,1844,1960,116
13500.jpg,1844,1920,76
13505.jpg,1844,1890,46
13510.jpg,1844,1920,76
13515.jpg,1844,1830,-14
13520.jpg,1844,1830,-14
13525.jpg,1844,1920,76
13530.jpg,1844,1920,76
13535.jpg,1844,1800,-44
13540.jpg,1844,1893,49
13545.jpg,1844,1870,26
13550.jpg,1844,1850,6
13555.jpg,1844,1890,46
13560.jpg,1844,1800,-44
13565.jpg,1845,1800,-45
13570.jpg,1845,1830,-15
13575.jpg,1845,1870,25
13580.jpg,1845,1850,5
13585.jpg,1845,1930,85
13590.jpg,1845,1870,25
13595.jpg,1845,1862,17
13600.jpg,1845,1920,75
13605.jpg,1845,1800,-45
13610.jpg,1845,1900,55
13615.jpg,1845,1862,17
13620.jpg,1845,1920,75
13625.jpg,1845,1830,-15
13630.jpg,1845,1800,-45
13635.jpg,1845,1850,5
13640.jpg,1845,1920,75
13645.jpg,1845,1830,-15
13650.jpg,1845,1800,-45
13655.jpg,1845,1850,5
13660.jpg,1845,1920,75
13665.jpg,1845,1830,-15
13670.jpg,1845,2000,155
13675.jpg,1845,1850,5
13680.jpg,1845,1850,5
13685.jpg,1845,1800,-45
13690.jpg,1845,1820,-25
13695.jpg,1845,1800,-45
13700.jpg,1845,1890,45
13705.jpg,1845,1800,-45
13710.jpg,1845,1920,75
13720.jpg,1845,1930,85
13725.jpg,1845,1920,75
13730.jpg,1845,1850,5
13735.jpg,1845,1920,75
13740.jpg,1845,1800,-45
13745.jpg,1845,1850,5
13750.jpg,1845,1920,75
13755.jpg,1845,1760,-85
13760.jpg,1845,1920,75
13765.jpg,1845,1850,5
13770.jpg,1845,1830,-15
13775.jpg,1845,1872,27
13780.jpg,1845,1700,-145
13785.jpg,1845,2000,155
13790.jpg,1845,1890,45
13795.jpg,1845,2000,155
13800.jpg,1845,1930,85
13805.jpg,1846,1850,4
13810.jpg,1846,1873,27
13815.jpg,1846,1870,24
13820.jpg,1846,1870,24
13825.jpg,1846,1860,14
13830.jpg,1846,1830,-16
13835.jpg,1846,1832,-14
13840.jpg,1846,1930,84
13845.jpg,1846,1830,-16
13850.jpg,1846,1850,4
13855.jpg,1846,1920,74
13860.jpg,1846,1830,-16
13865.jpg,1846,1920,74
13870.jpg,1846,1920,74
13875.jpg,1846,1850,4
13880.jpg,1846,1850,4
13885.jpg,1846,1850,4
13890.jpg,1846,1800,-46
13895.jpg,1846,1800,-46
13900.jpg,1846,1850,4
13905.jpg,1846,1800,-46
13910.jpg,1846,1830,-16
13915.jpg,1846,1800,-46
13920.jpg,1846,2000,154
13925.jpg,1846,1960,114
13930.jpg,1846,1850,4
13935.jpg,1846,1920,74
13940.jpg,1847,1920,73
13945.jpg,1847,1830,-17
13950.jpg,1847,1930,83
13955.jpg,1847,1870,23
13960.jpg,1847,1800,-47
13965.jpg,1847,1870,23
13970.jpg,1847,1930,83
13975.jpg,1847,1860,13
13980.jpg,1847,1870,23
13985.jpg,1847,1830,-17
13990.jpg,1847,1870,23
13995.jpg,1847,1920,73
14000.jpg,1847,1920,73
14005.jpg,1847,1800,-47
14010.jpg,1847,1800,-47
14015.jpg,1847,1890,43
14020.jpg,1847,1800,-47
14030.jpg,1847,1890,43
14035.jpg,1847,1800,-47
14040.jpg,1847,1870,23
14045.jpg,1847,1700,-147
14050.jpg,1847,1870,23
14055.jpg,1847,1830,-17
14060.jpg,1847,1800,-47
14065.jpg,1847,1850,3
14070.jpg,1847,1850,3
14075.jpg,1847,1890,43
14080.jpg,1847,1850,3
14085.jpg,1847,1800,-47
14090.jpg,1847,1890,43
14095.jpg,1847,1850,3
14100.jpg,1847,1870,23
14105.jpg,1847,1960,113
14110.jpg,1848,1920,72
14115.jpg,1848,1830,-18
14120.jpg,1848,1920,72
14125.jpg,1848,2000,152
14130.jpg,1848,1860,12
14135.jpg,1848,1800,-48
14140.jpg,1848,1870,22
14145.jpg,1848,1823,-25
14150.jpg,1848,1932,84
14155.jpg,1848,1870,22
14160.jpg,1848,1872,24
14165.jpg,1848,1860,12
14170.jpg,1848,1920,72
14175.jpg,1848,1870,22
14180.jpg,1848,1890,42
14185.jpg,1848,1900,52
14190.jpg,1848,1920,72
14195.jpg,1848,1870,22
14200.jpg,1848,1890,42
14205.jpg,1848,1870,22
14210.jpg,1848,1890,42
14215.jpg,1848,1676,-172
14220.jpg,1848,1800,-48
14225.jpg,1848,1856,8
14230.jpg,1848,1800,-48
14235.jpg,1848,1870,22
14240.jpg,1848,1870,22
14245.jpg,1848,1830,-18
14250.jpg,1848,1830,-18
14255.jpg,1848,1800,-48
14260.jpg,1848,1800,-48
14265.jpg,1848,1920,72
14270.jpg,1848,1800,-48
14275.jpg,1848,1850,2
14280.jpg,1848,1830,-18
14285.jpg,1848,1870,22
14290.jpg,1848,1830,-18
14295.jpg,1848,1860,12
14300.jpg,1848,1800,-48
14305.jpg,1848,1960,112
14310.jpg,1848,1800,-48
14315.jpg,1848,1920,72
14320.jpg,1848,1920,72
14325.jpg,1848,1830,-18
14330.jpg,1848,1920,72
14335.jpg,1848,1800,-48
14340.jpg,1849,1900,51
14345.jpg,1849,1830,-19
14350.jpg,1849,1800,-49
14355.jpg,1849,1830,-19
14360.jpg,1849,2010,161
14365.jpg,1849,1836,-13
14370.jpg,1849,1870,21
14375.jpg,1849,1937,88
14380.jpg,1849,1836,-13
14385.jpg,1849,1870,21
14390.jpg,1849,1870,21
14395.jpg,1849,1920,71
14400.jpg,1849,1850,1
14405.jpg,1849,2000,151
14410.jpg,1849,1960,111
14415.jpg,1849,1870,21
14420.jpg,1849,1838,-11
14425.jpg,1849,1870,21
14430.jpg,1849,1800,-49
14435.jpg,1849,1800,-49
14440.jpg,1849,1800,-49
14445.jpg,1849,1850,1
14450.jpg,1849,1830,-19
14455.jpg,1849,1800,-49
14460.jpg,1849,1830,-19
14465.jpg,1849,1830,-19
14470.jpg,1849,1870,21
14475.jpg,1849,1830,-19
14480.jpg,1849,1900,51
14485.jpg,1849,1920,71
14490.jpg,1849,1768,-81
14495.jpg,1849,1920,71
14500.jpg,1849,1920,71
14505.jpg,1850,1800,-50
14510.jpg,1850,1830,-20
14515.jpg,1850,1800,-50
14520.jpg,1850,1850,0
14525.jpg,1850,1920,70
14530.jpg,1850,1950,100
14535.jpg,1850,1830,-20
14540.jpg,1850,2000,150
14545.jpg,1850,1800,-50
14550.jpg,1850,1870,20
14555.jpg,1850,1850,0
14560.jpg,1850,1930,80
14565.jpg,1850,1830,-20
14570.jpg,1850,1700,-150
14575.jpg,1850,1820,-30
14580.jpg,1850,1860,10
14585.jpg,1850,1831,-19
14590.jpg,1850,1850,0
14600.jpg,1850,1879,29
14605.jpg,1850,1800,-50
14610.jpg,1850,1830,-20
14615.jpg,1850,1900,50
14620.jpg,1850,1800,-50
14625.jpg,1850,1850,0
14630.jpg,1850,1890,40
14635.jpg,1850,1850,0
14640.jpg,1850,1920,70
14645.jpg,1850,1920,70
14650.jpg,1850,1960,110
14655.jpg,1850,1800,-50
14660.jpg,1850,1800,-50
14665.jpg,1850,1920,70
14670.jpg,1850,1800,-50
14675.jpg,1850,1830,-20
14680.jpg,1850,1850,0
14685.jpg,1850,1920,70
14690.jpg,1850,1820,-30
14695.jpg,1850,1830,-20
14700.jpg,1850,1920,70
14705.jpg,1850,1830,-20
14710.jpg,1850,1920,70
14715.jpg,1850,1800,-50
14720.jpg,1850,1850,0
14725.jpg,1850,1850,0
14730.jpg,1850,1800,-50
14735.jpg,1850,1850,0
14740.jpg,1850,1900,50
14745.jpg,1850,1700,-150
14750.jpg,1850,1830,-20
14755.jpg,1850,1870,20
14760.jpg,1850,1870,20
14765.jpg,1850,1920,70
14770.jpg,1850,1870,20
14775.jpg,1850,2000,150
14780.jpg,1850,1780,-70
14785.jpg,1851,1820,-31
14790.jpg,1851,1930,79
14795.jpg,1851,1920,69
14800.jpg,1851,1920,69
14805.jpg,1851,1930,79
14810.jpg,1851,1897,46
14815.jpg,1851,1820,-31
14820.jpg,1851,1860,9
14825.jpg,1851,1920,69
14830.jpg,1851,1870,19
14835.jpg,1851,1762,-89
14840.jpg,1851,1850,-1
14845.jpg,1851,1870,19
14850.jpg,1851,1920,69
14855.jpg,1851,1960,109
14860.jpg,1851,1850,-1
14865.jpg,1851,1830,-21
14870.jpg,1851,1800,-51
14880.jpg,1851,1600,-251
14885.jpg,1851,1850,-1
14890.jpg,1851,1850,-1
14895.jpg,1851,1780,-71
14900.jpg,1851,1890,39
14905.jpg,1851,1890,39
14910.jpg,1851,1760,-91
14915.jpg,1851,1850,-1
14920.jpg,1851,1890,39
14925.jpg,1851,1870,19
14930.jpg,1851,1934,83
14935.jpg,1851,1870,19
14940.jpg,1851,1830,-21
14945.jpg,1852,1920,68
14950.jpg,1852,1830,-22
14955.jpg,1852,1870,18
14960.jpg,1852,1920,68
14965.jpg,1852,1830,-22
14970.jpg,1852,1850,-2
14975.jpg,1852,1920,68
14980.jpg,1852,1826,-26
14985.jpg,1852,1872,20
14990.jpg,1852,1920,68
14995.jpg,1852,1920,68
15000.jpg,1852,1850,-2
15005.jpg,1852,1920,68
15010.jpg,1852,1850,-2
15015.jpg,1852,1830,-22
15020.jpg,1852,1850,-2
15025.jpg,1852,1870,18
15030.jpg,1852,1850,-2
15035.jpg,1852,1850,-2
15040.jpg,1852,1890,38
15045.jpg,1852,1830,-22
15050.jpg,1852,1920,68
15055.jpg,1852,2000,148
15060.jpg,1852,1830,-22
15065.jpg,1852,1850,-2
15070.jpg,1852,1870,18
15075.jpg,1852,1830,-22
15080.jpg,1852,1870,18
15085.jpg,1852,2000,148
15090.jpg,1852,1920,68
15095.jpg,1852,1850,-2
15100.jpg,1852,1850,-2
15105.jpg,1852,1926,74
15110.jpg,1852,1830,-22
15115.jpg,1852,1850,-2
15120.jpg,1852,1920,68
15125.jpg,1852,1870,18
15130.jpg,1852,1830,-22
15135.jpg,1853,1800,-53
15140.jpg,1853,1920,67
15145.jpg,1853,1920,67
15150.jpg,1853,1890,37
15155.jpg,1853,1850,-3
15160.jpg,1853,1800,-53
15165.jpg,1853,1930,77
15170.jpg,1853,1760,-93
15175.jpg,1853,1830,-23
15180.jpg,1853,1920,67
15185.jpg,1853,1870,17
15190.jpg,1853,1830,-23
15195.jpg,1853,1870,17
15200.jpg,1853,1892,39
15205.jpg,1853,1932,79
15210.jpg,1853,1850,-3
15215.jpg,1853,1830,-23
15220.jpg,1853,1850,-3
15225.jpg,1853,1830,-23
15230.jpg,1853,1930,77
15235.jpg,1853,1850,-3
15240.jpg,1853,1920,67
15245.jpg,1853,1850,-3
15250.jpg,1853,1930,77
15255.jpg,1853,1920,67
15260.jpg,1853,1920,67
15265.jpg,1853,1800,-53
15270.jpg,1853,1920,67
15275.jpg,1853,1850,-3
15280.jpg,1853,1920,67
15285.jpg,1853,1920,67
15290.jpg,1853,1850,-3
15295.jpg,1853,1850,-3
15300.jpg,1853,1850,-3
15305.jpg,1853,1850,-3
15310.jpg,1853,2000,147
15315.jpg,1853,1920,67
15320.jpg,1853,1920,67
15325.jpg,1853,1830,-23
15330.jpg,1853,1830,-23
15335.jpg,1853,1920,67
15340.jpg,1853,1830,-23
15345.jpg,1853,1800,-53
15350.jpg,1853,2000,147
15355.jpg,1854,1890,36
15360.jpg,1854,1930,76
15365.jpg,1854,1830,-24
15370.jpg,1854,1870,16
15375.jpg,1854,1860,6
15380.jpg,1854,1850,-4
15385.jpg,1854,1800,-54
15390.jpg,1854,1860,6
15395.jpg,1854,1872,18
15400.jpg,1854,1930,76
15405.jpg,1854,1872,18
15410.jpg,1854,1850,-4
15415.jpg,1854,1783,-71
15420.jpg,1854,1870,16
15425.jpg,1854,1870,16
15430.jpg,1854,1870,16
15435.jpg,1854,2000,146
15440.jpg,1854,1920,66
15445.jpg,1854,1870,16
15450.jpg,1855,1800,-55
15455.jpg,1855,1920,65
15460.jpg,1855,1920,65
15465.jpg,1855,1800,-55
15470.jpg,1855,1890,35
15475.jpg,1855,1870,15
15480.jpg,1855,1860,5
15485.jpg,1855,1870,15
15490.jpg,1855,1872,17
15495.jpg,1855,1930,75
15500.jpg,1855,1869,14
15505.jpg,1855,1827,-28
15510.jpg,1855,1870,15
15515.jpg,1855,1800,-55
15520.jpg,1855,1870,15
15525.jpg,1855,1920,65
15530.jpg,1855,1920,65
15535.jpg,1855,1850,-5
15540.jpg,1855,1890,35
15545.jpg,1855,1800,-55
15550.jpg,1855,1870,15
15555.jpg,1855,1850,-5
15560.jpg,1855,1830,-25
15565.jpg,1855,1870,15
15570.jpg,1855,1850,-5
15575.jpg,1855,1920,65
15580.jpg,1855,1800,-55
15585.jpg,1855,1930,75
15590.jpg,1855,1920,65
15595.jpg,1855,1850,-5
15600.jpg,1855,1850,-5
15605.jpg,1855,1920,65
15610.jpg,1855,1920,65
15615.jpg,1855,1850,-5
15620.jpg,1855,1800,-55
15625.jpg,1855,1850,-5
15630.jpg,1855,1850,-5
15635.jpg,1855,1850,-5
15640.jpg,1855,1800,-55
15645.jpg,1855,1870,15
15650.jpg,1855,1920,65
15655.jpg,1855,1850,-5
15660.jpg,1855,1870,15
15665.jpg,1855,1870,15
15670.jpg,1855,1870,15
15675.jpg,1855,1890,35
15680.jpg,1855,2000,145
15685.jpg,1855,1800,-55
15690.jpg,1855,1700,-155
15695.jpg,1855,1873,18
15705.jpg,1856,1876,20
15710.jpg,1856,1850,-6
15715.jpg,1856,1920,64
15720.jpg,1856,1850,-6
15725.jpg,1856,1920,64
15730.jpg,1856,1920,64
15735.jpg,1856,1920,64
15740.jpg,1856,1920,64
15745.jpg,1856,1700,-156
15750.jpg,1856,1920,64
15755.jpg,1856,1820,-36
15760.jpg,1856,1830,-26
15765.jpg,1856,1831,-25
15770.jpg,1856,1872,16
15775.jpg,1856,1930,74
15780.jpg,1856,1920,64
15785.jpg,1856,1869,13
15795.jpg,1856,1830,-26
15800.jpg,1856,1920,64
15805.jpg,1856,1960,104
15810.jpg,1856,1920,64
15815.jpg,1856,1850,-6
15820.jpg,1856,1850,-6
15825.jpg,1856,1850,-6
15830.jpg,1856,1830,-26
15835.jpg,1856,1800,-56
15840.jpg,1856,1830,-26
15845.jpg,1856,1920,64
15850.jpg,1856,1850,-6
15855.jpg,1856,17,-1839
15860.jpg,1856,1850,-6
15865.jpg,1856,1800,-56
15870.jpg,1856,1920,64
15875.jpg,1856,1920,64
15880.jpg,1856,1850,-6
15885.jpg,1856,1850,-6
15890.jpg,1856,1830,-26
15895.jpg,1856,1850,-6
15900.jpg,1856,1800,-56
15905.jpg,1856,1830,-26
15910.jpg,1856,1800,-56
15915.jpg,1856,1830,-26
15920.jpg,1856,1830,-26
15930.jpg,1856,1920,64
15935.jpg,1856,1800,-56
15940.jpg,1856,1850,-6
15945.jpg,1856,1830,-26
15950.jpg,1856,1850,-6
15955.jpg,1856,1926,70
15960.jpg,1856,1830,-26
15965.jpg,1856,1830,-26
15970.jpg,1856,1920,64
15975.jpg,1856,1800,-56
15980.jpg,1857,1900,43
15985.jpg,1857,1870,13
15990.jpg,1857,2000,143
15995.jpg,1857,1830,-27
16000.jpg,1857,1870,13
16005.jpg,1857,1870,13
16010.jpg,1857,1856,-1
16015.jpg,1857,1300,-557
16020.jpg,1857,1800,-57
16025.jpg,1857,1860,3
16030.jpg,1857,1920,63
16035.jpg,1857,1930,73
16040.jpg,1857,1920,63
16045.jpg,1857,1870,13
16050.jpg,1857,1879,22
16055.jpg,1857,1879,22
16060.jpg,1857,1870,13
16065.jpg,1857,1850,-7
16070.jpg,1857,1890,33
16075.jpg,1857,1870,13
16080.jpg,1857,1830,-27
16085.jpg,1857,1850,-7
16090.jpg,1857,1890,33
16095.jpg,1857,1830,-27
16100.jpg,1857,1800,-57
16105.jpg,1857,1800,-57
16110.jpg,1857,1920,63
16115.jpg,1857,1920,63
16120.jpg,1857,1830,-27
16125.jpg,1857,1920,63
16130.jpg,1857,1850,-7
16135.jpg,1857,1920,63
16140.jpg,1857,17,-1840
16145.jpg,1857,1850,-7
16150.jpg,1857,1870,13
16155.jpg,1857,1800,-57
16160.jpg,1857,1890,33
16165.jpg,1857,1800,-57
16170.jpg,1857,1890,33
16175.jpg,1857,1800,-57
16180.jpg,1857,1870,13
16185.jpg,1857,1920,63
16190.jpg,1857,1830,-27
16195.jpg,1857,1800,-57
16200.jpg,1857,1826,-31
16205.jpg,1857,2000,143
16210.jpg,1857,1850,-7
16215.jpg,1857,1890,33
16220.jpg,1857,1850,-7
16225.jpg,1857,1876,19
16230.jpg,1857,1920,63
16235.jpg,1858,1870,12
16240.jpg,1858,1870,12
16245.jpg,1858,1870,12
16250.jpg,1858,1890,32
16255.jpg,1858,1870,12
16260.jpg,1858,1920,62
16265.jpg,1858,1800,-58
16270.jpg,1858,1836,-22
16275.jpg,1858,1830,-28
16280.jpg,1858,1920,62
16285.jpg,1858,1870,12
16290.jpg,1858,1892,34
16295.jpg,1858,1920,62
16300.jpg,1858,1932,74
16305.jpg,1858,1920,62
16310.jpg,1858,1879,21
16315.jpg,1858,1830,-28
16320.jpg,1858,1830,-28
16325.jpg,1858,1920,62
16330.jpg,1858,1920,62
16335.jpg,1858,1890,32
16340.jpg,1858,1830,-28
16345.jpg,1858,1920,62
16350.jpg,1858,1830,-28
16355.jpg,1858,1870,12
16360.jpg,1858,1920,62
16365.jpg,1858,1900,42
16370.jpg,1858,1800,-58
16375.jpg,1858,1920,62
16380.jpg,1858,1920,62
16385.jpg,1858,1920,62
16390.jpg,1858,1830,-28
16395.jpg,1858,1800,-58
16400.jpg,1858,1830,-28
16405.jpg,1858,1920,62
16410.jpg,1858,1850,-8
16415.jpg,1858,1920,62
16420.jpg,1858,1830,-28
16425.jpg,1858,1920,62
16430.jpg,1858,1830,-28
16435.jpg,1858,1800,-58
16440.jpg,1858,1830,-28
16445.jpg,1858,1830,-28
16450.jpg,1858,1920,62
16455.jpg,1858,1830,-28
16460.jpg,1858,1920,62
16465.jpg,1858,1872,14
16470.jpg,1858,1920,62
16475.jpg,1858,1926,68
16480.jpg,1858,1930,72
16485.jpg,1858,1870,12
16490.jpg,1859,1700,-159
16495.jpg,1859,1890,31
16505.jpg,1859,1859,0
16510.jpg,1859,1920,61
16515.jpg,1859,1300,-559
16520.jpg,1859,18,-1841
16525.jpg,1859,1930,71
16530.jpg,1859,1850,-9
16535.jpg,1859,1870,11
16540.jpg,1859,1830,-29
16545.jpg,1859,1900,41
16550.jpg,1859,1820,-39
16555.jpg,1859,1879,20
16560.jpg,1859,1872,13
16565.jpg,1859,1830,-29
16570.jpg,1859,1879,20
16575.jpg,1859,1870,11
16580.jpg,1859,1850,-9
16585.jpg,1859,1700,-159
16590.jpg,1859,1830,-29
16595.jpg,1859,1870,11
16600.jpg,1859,1900,41
16605.jpg,1859,1920,61
16610.jpg,1859,1870,11
16615.jpg,1859,1870,11
16620.jpg,1859,1850,-9
16625.jpg,1859,1930,71
16630.jpg,1859,1930,71
16635.jpg,1859,1870,11
16640.jpg,1859,1850,-9
16645.jpg,1859,1890,31
16650.jpg,1859,1850,-9
16655.jpg,1859,1860,1
16660.jpg,1859,1920,61
16665.jpg,1859,1920,61
16670.jpg,1859,1870,11
16675.jpg,1859,1850,-9
16680.jpg,1859,1800,-59
16685.jpg,1859,1870,11
16690.jpg,1859,1837,-22
16695.jpg,1859,1830,-29
16700.jpg,1859,1920,61
16705.jpg,1859,1870,11
16710.jpg,1859,1860,1
16715.jpg,1859,1831,-28
16720.jpg,1859,1870,11
16725.jpg,1859,1890,31
16730.jpg,1859,1920,61
16735.jpg,1860,1800,-60
16740.jpg,1860,1890,30
16745.jpg,1860,1830,-30
16750.jpg,1860,1850,-10
16755.jpg,1860,1850,-10
16760.jpg,1860,1930,70
16765.jpg,1860,1870,10
16770.jpg,1860,1800,-60
16775.jpg,1860,1920,60
16785.jpg,1860,16,-1844
16790.jpg,1860,1890,30
16795.jpg,1860,1700,-160
16800.jpg,1860,1870,10
16805.jpg,1860,1870,10
16810.jpg,1860,1890,30
16815.jpg,1860,1850,-10
16820.jpg,1860,1920,60
16825.jpg,1860,1850,-10
16830.jpg,1860,1850,-10
16835.jpg,1860,1920,60
16840.jpg,1860,18,-1842
16845.jpg,1860,1870,10
16850.jpg,1860,1920,60
16855.jpg,1860,1920,60
16860.jpg,1860,1700,-160
16865.jpg,1860,1920,60
16870.jpg,1860,1850,-10
16875.jpg,1860,1850,-10
16880.jpg,1860,1850,-10
16885.jpg,1860,1800,-60
16890.jpg,1860,1600,-260
16895.jpg,1860,1850,-10
16900.jpg,1860,1920,60
16905.jpg,1860,1920,60
16910.jpg,1860,1920,60
16915.jpg,1860,1870,10
16920.jpg,1860,1870,10
16925.jpg,1860,1850,-10
16930.jpg,1860,1890,30
16935.jpg,1860,1850,-10
16940.jpg,1860,1850,-10
16945.jpg,1860,1870,10
16950.jpg,1860,1830,-30
16955.jpg,1860,1830,-30
16960.jpg,1860,1800,-60
16965.jpg,1860,1926,66
16970.jpg,1860,1920,60
16975.jpg,1860,1930,70
16980.jpg,1860,1870,10
16985.jpg,1860,1920,60
16990.jpg,1860,1830,-30
16995.jpg,1860,1832,-28
17000.jpg,1860,1800,-60
17005.jpg,1861,1920,59
17010.jpg,1861,1870,9
17015.jpg,1861,1900,39
17025.jpg,1861,1850,-11
17030.jpg,1861,1920,59
17035.jpg,1861,1800,-61
17040.jpg,1861,1800,-61
17045.jpg,1861,1800,-61
17050.jpg,1861,1800,-61
17055.jpg,1861,1800,-61
17060.jpg,1861,1869,8
17065.jpg,1861,1830,-31
17070.jpg,1861,1850,-11
17075.jpg,1861,1850,-11
17080.jpg,1861,1870,9
17085.jpg,1861,1920,59
17090.jpg,1861,1850,-11
17095.jpg,1861,1870,9
17100.jpg,1861,1890,29
17105.jpg,1861,1850,-11
17110.jpg,1861,1870,9
17115.jpg,1861,1850,-11
17120.jpg,1861,1870,9
17125.jpg,1861,1860,-1
17130.jpg,1861,1850,-11
17135.jpg,1861,1930,69
17140.jpg,1861,1850,-11
17145.jpg,1861,1830,-31
17150.jpg,1861,1840,-21
17155.jpg,1861,1870,9
17160.jpg,1861,1850,-11
17165.jpg,1861,1870,9
17170.jpg,1861,1920,59
17175.jpg,1862,1830,-32
17180.jpg,1862,1867,5
17185.jpg,1862,1865,3
17190.jpg,1862,1870,8
17195.jpg,1862,2001,139
17200.jpg,1862,1872,10
17205.jpg,1862,1900,38
17210.jpg,1862,1876,14
17215.jpg,1862,1872,10
17220.jpg,1862,2000,138
17225.jpg,1862,1830,-32
17230.jpg,1862,1890,28
17235.jpg,1862,1870,8
17240.jpg,1862,1850,-12
17245.jpg,1862,1850,-12
17250.jpg,1862,1800,-62
17255.jpg,1862,1700,-162
17260.jpg,1862,1700,-162
17265.jpg,1862,1830,-32
17270.jpg,1862,1850,-12
17275.jpg,1862,1920,58
17280.jpg,1862,1890,28
17285.jpg,1862,1870,8
17290.jpg,1862,1900,38
17295.jpg,1862,1920,58
17300.jpg,1862,1870,8
17305.jpg,1862,1920,58
17310.jpg,1862,1800,-62
17315.jpg,1862,1930,68
17320.jpg,1862,1870,8
17325.jpg,1863,1870,7
17330.jpg,1863,1850,-13
17340.jpg,1863,1930,67
17345.jpg,1863,1920,57
17350.jpg,1863,1820,-43
17355.jpg,1863,1870,7
17365.jpg,1863,1930,67
17370.jpg,1863,1890,27
17375.jpg,1863,1800,-63
17380.jpg,1863,1836,-27
17385.jpg,1863,1950,87
17390.jpg,1863,1870,7
17395.jpg,1863,1850,-13
17400.jpg,1863,1900,37
17405.jpg,1863,1870,7
17410.jpg,1863,1830,-33
17415.jpg,1863,1870,7
17420.jpg,1863,1890,27
17425.jpg,1863,1800,-63
17430.jpg,1863,1920,57
17435.jpg,1863,1960,97
17440.jpg,1863,1850,-13
17445.jpg,1863,1890,27
17450.jpg,1863,1870,7
17455.jpg,1863,1870,7
17460.jpg,1863,1870,7
17465.jpg,1863,1890,27
17470.jpg,1863,1850,-13
17475.jpg,1863,1870,7
17480.jpg,1863,1870,7
17485.jpg,1864,1920,56
17490.jpg,1864,1870,6
17495.jpg,1864,1920,56
17500.jpg,1864,1960,96
17505.jpg,1864,1920,56
17510.jpg,1864,1870,6
17515.jpg,1864,1800,-64
17520.jpg,1864,1876,12
17525.jpg,1864,18,-1846
17530.jpg,1864,1800,-64
17535.jpg,1864,1960,96
17540.jpg,1864,1926,62
17545.jpg,1864,1826,-38
17550.jpg,1864,1784,-80
17555.jpg,1864,1870,6
17560.jpg,1864,1920,56
17565.jpg,1864,1830,-34
17575.jpg,1864,1850,-14
17580.jpg,1864,1800,-64
17585.jpg,1864,1920,56
17590.jpg,1864,2000,136
17595.jpg,1864,1850,-14
17600.jpg,1864,16,-1848
17605.jpg,1864,1920,56
17610.jpg,1864,1920,56
17615.jpg,1864,1920,56
17620.jpg,1864,1920,56
17625.jpg,1864,1920,56
17630.jpg,1864,1870,6
17635.jpg,1864,1920,56
17640.jpg,1864,1800,-64
17645.jpg,1864,1870,6
17650.jpg,1864,1800,-64
17655.jpg,1864,1850,-14
17660.jpg,1865,1879,14
17665.jpg,1865,1832,-33
17670.jpg,1865,1920,55
17675.jpg,1865,1850,-15
17680.jpg,1865,1920,55
17690.jpg,1865,1920,55
17695.jpg,1865,1820,-45
17700.jpg,1865,1847,-18
17705.jpg,1865,1870,5
17710.jpg,1865,1850,-15
17715.jpg,1865,1870,5
17720.jpg,1865,1930,65
17725.jpg,1865,1920,55
17730.jpg,1865,1872,7
17735.jpg,1865,1836,-29
17745.jpg,1865,1870,5
17750.jpg,1865,1870,5
17755.jpg,1865,1850,-15
17760.jpg,1865,1920,55
17765.jpg,1865,1870,5
17770.jpg,1865,1830,-35
17775.jpg,1865,1890,25
17780.jpg,1865,1850,-15
17785.jpg,1865,1850,-15
17790.jpg,1865,1920,55
17795.jpg,1865,1920,55
17800.jpg,1865,1800,-65
17805.jpg,1865,1800,-65
17810.jpg,1865,1890,25
17815.jpg,1865,1920,55
17820.jpg,1865,1800,-65
17825.jpg,1865,1870,5
17830.jpg,1865,1870,5
17835.jpg,1865,1830,-35
17840.jpg,1865,1920,55
17845.jpg,1865,1890,25
17850.jpg,1865,1920,55
17855.jpg,1865,1830,-35
17860.jpg,1865,1870,5
17865.jpg,1865,1800,-65
17870.jpg,1865,1870,5
17875.jpg,1865,1870,5
17880.jpg,1865,1800,-65
17885.jpg,1865,1960,95
17890.jpg,1865,1920,55
17895.jpg,1865,1900,35
17900.jpg,1865,1870,5
17905.jpg,1865,1850,-15
17910.jpg,1865,1800,-65
17915.jpg,1865,1870,5
17920.jpg,1865,1860,-5
17930.jpg,1865,1870,5
17935.jpg,1866,1870,4
17940.jpg,1866,1870,4
17945.jpg,1866,1920,54
17950.jpg,1866,1870,4
17955.jpg,1866,1930,64
17960.jpg,1866,1830,-36
17965.jpg,1866,1870,4
17970.jpg,1866,1800,-66
17975.jpg,1866,1860,-6
17980.jpg,1866,1870,4
17985.jpg,1866,1876,10
17990.jpg,1866,1870,4
17995.jpg,1866,1932,66
18000.jpg,1866,1870,4
18005.jpg,1866,1850,-16
18010.jpg,1866,1870,4
18015.jpg,1866,1960,94
18020.jpg,1866,1920,54
18025.jpg,1866,1870,4
18030.jpg,1866,1850,-16
18035.jpg,1866,1870,4
18040.jpg,1866,1850,-16
18045.jpg,1866,1850,-16
18050.jpg,1866,1800,-66
18055.jpg,1866,1920,54
18060.jpg,1866,1920,54
18065.jpg,1866,1850,-16
18070.jpg,1866,1850,-16
18075.jpg,1866,1800,-66
18080.jpg,1866,1830,-36
18085.jpg,1866,1900,34
18090.jpg,1866,1920,54
18095.jpg,1866,1850,-16
18100.jpg,1866,1920,54
18105.jpg,1866,1920,54
18110.jpg,1866,1920,54
18115.jpg,1866,1920,54
18120.jpg,1866,1920,54
18125.jpg,1866,1873,7
18130.jpg,1866,1920,54
18135.jpg,1867,1800,-67
18140.jpg,1867,1890,23
18145.jpg,1867,1920,53
18160.jpg,1867,1870,3
18165.jpg,1867,1850,-17
18170.jpg,1867,1850,-17
18175.jpg,1867,1850,-17
18180.jpg,1867,1926,59
18185.jpg,1867,1830,-37
18190.jpg,1867,1870,3
18195.jpg,1867,1820,-47
18200.jpg,1867,1876,9
18205.jpg,1867,1872,5
18210.jpg,1867,1900,33
18215.jpg,1867,1862,-5
18220.jpg,1867,1920,53
18225.jpg,1867,1890,23
18230.jpg,1867,1930,63
18235.jpg,1867,1900,33
18240.jpg,1867,1800,-67
18245.jpg,1867,1870,3
18250.jpg,1867,1890,23
18255.jpg,1867,1930,63
18260.jpg,1867,1850,-17
18265.jpg,1867,1870,3
18270.jpg,1867,1800,-67
18275.jpg,1867,1850,-17
18280.jpg,1867,1890,23
18285.jpg,1867,1870,3
18290.jpg,1867,1870,3
18295.jpg,1867,1850,-17
18300.jpg,1867,1920,53
18305.jpg,1867,1850,-17
18310.jpg,1867,1890,23
18315.jpg,1867,1850,-17
18320.jpg,1867,1850,-17
18325.jpg,1867,1830,-37
18330.jpg,1867,1870,3
18335.jpg,1867,1870,3
18340.jpg,1867,1920,53
18345.jpg,1867,1920,53
18350.jpg,1867,1280,-587
18355.jpg,1867,1850,-17
18360.jpg,1867,1870,3
18365.jpg,1868,1860,-8
18370.jpg,1868,1800,-68
18380.jpg,1868,1920,52
18385.jpg,1868,1890,22
18390.jpg,1868,1920,52
18395.jpg,1868,1920,52
18400.jpg,1868,1921,53
18405.jpg,1868,1930,62
18410.jpg,1868,1870,2
18415.jpg,1868,1930,62
18420.jpg,1868,1870,2
18425.jpg,1868,1870,2
18430.jpg,1868,1980,112
18450.jpg,1868,1872,4
18455.jpg,1868,1830,-38
18460.jpg,1868,1870,2
18465.jpg,1868,1890,22
18470.jpg,1868,1870,2
18475.jpg,1868,1920,52
18480.jpg,1868,1860,-8
18485.jpg,1868,1860,-8
18490.jpg,1868,1800,-68
18495.jpg,1868,1920,52
18500.jpg,1868,1920,52
18505.jpg,1868,1860,-8
18510.jpg,1868,1890,22
18515.jpg,1868,1830,-38
18520.jpg,1868,1850,-18
18525.jpg,1868,1870,2
18530.jpg,1868,1830,-38
18535.jpg,1868,1860,-8
18540.jpg,1868,1850,-18
18545.jpg,1868,1870,2
18550.jpg,1868,1870,2
18555.jpg,1868,1870,2
18560.jpg,1868,1920,52
18565.jpg,1868,1920,52
18570.jpg,1868,1870,2
18575.jpg,1868,1870,2
18580.jpg,1868,1960,92
18585.jpg,1868,2000,132
18590.jpg,1868,1930,62
18595.jpg,1868,1900,32
18600.jpg,1868,1870,2
18605.jpg,1868,1920,52
18610.jpg,1868,1800,-68
18615.jpg,1868,1890,22
18620.jpg,1869,1700,-169
18625.jpg,1869,1869,0
18630.jpg,1869,1870,1
18635.jpg,1869,1870,1
18640.jpg,1869,1890,21
18645.jpg,1869,1920,51
18650.jpg,1869,1800,-69
18655.jpg,1869,1830,-39
18660.jpg,1869,1800,-69
18665.jpg,1869,1870,1
18670.jpg,1869,1897,28
18675.jpg,1869,1930,61
18680.jpg,1869,1859,-10
18685.jpg,1869,1870,1
18690.jpg,1869,1850,-19
18695.jpg,1869,1800,-69
18700.jpg,1869,1870,1
18710.jpg,1869,1890,21
18715.jpg,1869,1920,51
18720.jpg,1869,1870,1
18725.jpg,1869,1930,61
18730.jpg,1869,1870,1
18735.jpg,1869,1870,1
18740.jpg,1869,1850,-19
18745.jpg,1869,1920,51
18750.jpg,1869,1870,1
18755.jpg,1869,1850,-19
18760.jpg,1869,1870,1
18765.jpg,1869,1800,-69
18770.jpg,1869,1850,-19
18775.jpg,1869,1870,1
18780.jpg,1869,1890,21
18785.jpg,1869,1920,51
18790.jpg,1869,1920,51
18795.jpg,1869,1800,-69
18800.jpg,1869,1920,51
18805.jpg,1869,1830,-39
18810.jpg,1869,1870,1
18815.jpg,1869,1890,21
18820.jpg,1869,1930,61
18825.jpg,1869,1920,51
18830.jpg,1869,1920,51
18835.jpg,1869,1920,51
18840.jpg,1870,1800,-70
18845.jpg,1870,1832,-38
18850.jpg,1870,1890,20
18855.jpg,1870,1920,50
18860.jpg,1870,1890,20
18865.jpg,1870,1920,50
18870.jpg,1870,1930,60
18875.jpg,1870,2000,130
18880.jpg,1870,1920,50
18885.jpg,1870,1800,-70
18895.jpg,1870,1860,-10
18900.jpg,1870,1800,-70
18905.jpg,1870,1860,-10
18910.jpg,1870,1920,50
18915.jpg,1870,1927,57
18920.jpg,1870,1936,66
18925.jpg,1870,1832,-38
18930.jpg,1870,1920,50
18935.jpg,1870,1920,50
18940.jpg,1870,1870,0
18945.jpg,1870,2000,130
18950.jpg,1870,1920,50
18955.jpg,1870,1920,50
18960.jpg,1870,1920,50
18965.jpg,1870,1920,50
18970.jpg,1870,1850,-20
18980.jpg,1870,1920,50
18985.jpg,1870,1870,0
18990.jpg,1870,1800,-70
18995.jpg,1870,1870,0
19000.jpg,1870,1920,50
19005.jpg,1870,1890,20
19010.jpg,1870,1830,-40
19015.jpg,1870,1920,50
19020.jpg,1870,1920,50
19025.jpg,1870,1870,0
19030.jpg,1870,1920,50
19035.jpg,1870,1870,0
19040.jpg,1870,1920,50
19045.jpg,1870,1800,-70
19050.jpg,1870,1850,-20
19055.jpg,1870,1920,50
19060.jpg,1870,1920,50
19065.jpg,1870,1920,50
19070.jpg,1870,1870,0
19075.jpg,1870,1920,50
19080.jpg,1870,1870,0
19085.jpg,1870,1870,0
19090.jpg,1870,1920,50
19100.jpg,1870,2000,130
19105.jpg,1870,1890,20
19110.jpg,1870,1960,90
19115.jpg,1870,1860,-10
19120.jpg,1870,1920,50
19125.jpg,1870,1960,90
19130.jpg,1870,1870,0
19135.jpg,1870,1800,-70
19140.jpg,1870,1920,50
19145.jpg,1871,1800,-71
19150.jpg,1871,1920,49
19155.jpg,1871,1890,19
19160.jpg,1871,1890,19
19165.jpg,1871,1890,19
19170.jpg,1871,1913,42
19175.jpg,1871,1920,49
19180.jpg,1871,1920,49
19185.jpg,1871,1890,19
19190.jpg,1871,1870,-1
19195.jpg,1871,1890,19
19200.jpg,1871,1820,-51
19205.jpg,1871,1960,89
19210.jpg,1871,1800,-71
19215.jpg,1871,1930,59
19220.jpg,1871,1830,-41
19225.jpg,1871,1879,8
19230.jpg,1871,1926,55
19235.jpg,1871,1890,19
19240.jpg,1871,1879,8
19245.jpg,1871,1870,-1
19250.jpg,1871,1870,-1
19255.jpg,1871,1850,-21
19260.jpg,1871,1870,-1
19265.jpg,1871,16,-1855
19270.jpg,1871,1920,49
19275.jpg,1871,1890,19
19280.jpg,1871,1920,49
19285.jpg,1871,1920,49
19290.jpg,1871,1850,-21
19295.jpg,1871,1870,-1
19300.jpg,1871,1850,-21
19305.jpg,1871,1900,29
19310.jpg,1871,1850,-21
19315.jpg,1871,1870,-1
19320.jpg,1871,1870,-1
19325.jpg,1871,1920,49
19330.jpg,1871,1870,-1
19335.jpg,1871,1890,19
19340.jpg,1871,1870,-1
19345.jpg,1871,1870,-1
19350.jpg,1871,1800,-71
19355.jpg,1871,1890,19
19360.jpg,1871,1870,-1
19365.jpg,1871,1890,19
19370.jpg,1871,1930,59
19375.jpg,1871,1830,-41
19380.jpg,1871,1890,19
19385.jpg,1871,1870,-1
19390.jpg,1871,1890,19
19395.jpg,1872,1890,18
19400.jpg,1872,1920,48
19405.jpg,1872,1890,18
19410.jpg,1872,1870,-2
19415.jpg,1872,1870,-2
19420.jpg,1872,1820,-52
19425.jpg,1872,1960,88
19430.jpg,1872,1930,58
19435.jpg,1872,1920,48
19440.jpg,1872,1890,18
19445.jpg,1872,1920,48
19450.jpg,1872,1800,-72
19455.jpg,1872,1850,-22
19460.jpg,1872,1890,18
19465.jpg,1872,1890,18
19470.jpg,1872,1870,-2
19475.jpg,1872,1890,18
19480.jpg,1872,1820,-52
19485.jpg,1872,1800,-72
19490.jpg,1872,1870,-2
19495.jpg,1872,1820,-52
19500.jpg,1872,1870,-2
19505.jpg,1872,1863,-9
19510.jpg,1872,1920,48
19515.jpg,1872,1859,-13
19520.jpg,1872,1960,88
19525.jpg,1872,1870,-2
19530.jpg,1872,1890,18
19535.jpg,1872,1850,-22
19540.jpg,1872,1920,48
19545.jpg,1872,1870,-2
19550.jpg,1872,1870,-2
19555.jpg,1872,1850,-22
19560.jpg,1872,1870,-2
19565.jpg,1872,1800,-72
19570.jpg,1872,1890,18
19575.jpg,1872,1800,-72
19580.jpg,1872,1890,18
19585.jpg,1872,1600,-272
19590.jpg,1872,1920,48
19595.jpg,1872,2000,128
19600.jpg,1872,1830,-42
19605.jpg,1872,1850,-22
19610.jpg,1872,1890,18
19615.jpg,1872,1870,-2
19620.jpg,1872,1890,18
19625.jpg,1872,1850,-22
19630.jpg,1872,1890,18
19635.jpg,1872,1873,1
19640.jpg,1872,1920,48
19645.jpg,1872,1920,48
19655.jpg,1873,1800,-73
19660.jpg,1873,1860,-13
19665.jpg,1873,1930,57
19670.jpg,1873,1870,-3
19675.jpg,1873,1920,47
19680.jpg,1873,1850,-23
19685.jpg,1873,1870,-3
19690.jpg,1873,2023,150
19695.jpg,1873,1920,47
19700.jpg,1873,1800,-73
19705.jpg,1873,1920,47
19710.jpg,1873,1920,47
19715.jpg,1873,1930,57
19720.jpg,1873,1928,55
19725.jpg,1873,1870,-3
19730.jpg,1873,1870,-3
19735.jpg,1873,1897,24
19740.jpg,1873,2000,127
19745.jpg,1873,1900,27
19750.jpg,1873,1836,-37
19755.jpg,1873,1926,53
19760.jpg,1873,1870,-3
19765.jpg,1873,1870,-3
19775.jpg,1873,1876,3
19780.jpg,1873,1850,-23
19785.jpg,1873,1870,-3
19790.jpg,1873,1920,47
19795.jpg,1873,1870,-3
19800.jpg,1873,1800,-73
19805.jpg,1873,1830,-43
19810.jpg,1873,1870,-3
19815.jpg,1873,1890,17
19820.jpg,1873,1870,-3
19825.jpg,1873,1890,17
19830.jpg,1873,1870,-3
19835.jpg,1873,1920,47
19840.jpg,1873,1850,-23
19845.jpg,1873,2023,150
19850.jpg,1873,1870,-3
19855.jpg,1873,1920,47
19860.jpg,1873,1890,17
19865.jpg,1873,1870,-3
19870.jpg,1873,1890,17
19875.jpg,1873,1930,57
19880.jpg,1873,1890,17
19885.jpg,1873,1870,-3
19890.jpg,1873,1850,-23
19895.jpg,1873,1960,87
19900.jpg,1873,1890,17
19905.jpg,1873,1815,-58
19910.jpg,1873,1930,57
19915.jpg,1874,1870,-4
19920.jpg,1874,1890,16
19925.jpg,1874,1870,-4
19930.jpg,1874,1890,16
19935.jpg,1874,1890,16
19945.jpg,1874,1850,-24
19950.jpg,1874,1920,46
19955.jpg,1874,1920,46
19965.jpg,1874,1920,46
19970.jpg,1874,1861,-13
19975.jpg,1874,1870,-4
19980.jpg,1874,1870,-4
19985.jpg,1874,1832,-42
19990.jpg,1874,1932,58
19995.jpg,1874,1930,56
20000.jpg,1874,1930,56
20005.jpg,1874,1930,56
20010.jpg,1874,1800,-74
20015.jpg,1874,1836,-38
20020.jpg,1874,1870,-4
20025.jpg,1874,1872,-2
20030.jpg,1874,1872,-2
20035.jpg,1874,1930,56
20040.jpg,1874,1879,5
20045.jpg,1874,1926,52
20050.jpg,1874,1800,-74
20055.jpg,1874,1870,-4
20060.jpg,1874,1870,-4
20065.jpg,1874,1870,-4
20070.jpg,1874,1890,16
20075.jpg,1874,1870,-4
20080.jpg,1874,1826,-48
20085.jpg,1874,1870,-4
20090.jpg,1874,1800,-74
20095.jpg,1874,1850,-24
20100.jpg,1874,1870,-4
20110.jpg,1874,1870,-4
20115.jpg,1874,1890,16
20120.jpg,1874,1890,16
20125.jpg,1874,1600,-274
20130.jpg,1874,1700,-174
20135.jpg,1874,1920,46
20145.jpg,1874,1800,-74
20150.jpg,1874,1890,16
20155.jpg,1874,1870,-4
20160.jpg,1874,1920,46
20165.jpg,1874,1870,-4
20170.jpg,1874,1890,16
20175.jpg,1874,1926,52
20180.jpg,1874,2023,149
20185.jpg,1874,1870,-4
20190.jpg,1874,1900,26
20195.jpg,1874,1920,46
20205.jpg,1874,1830,-44
20210.jpg,1875,1920,45
20215.jpg,1875,2009,134
20220.jpg,1875,1850,-25
20230.jpg,1875,1870,-5
20235.jpg,1875,1780,-95
20240.jpg,1875,1850,-25
20245.jpg,1875,1920,45
20250.jpg,1875,1920,45
20255.jpg,1875,1920,45
20260.jpg,1875,1890,15
20265.jpg,1875,17,-1858
20270.jpg,1875,1870,-5
20275.jpg,1875,1890,15
20280.jpg,1875,1920,45
20285.jpg,1875,1872,-3
20295.jpg,1875,1867,-8
20300.jpg,1875,1860,-15
20305.jpg,1875,1863,-12
20310.jpg,1875,1872,-3
20315.jpg,1875,1920,45
20320.jpg,1875,1870,-5
20325.jpg,1875,1920,45
20330.jpg,1875,1890,15
20335.jpg,1875,1870,-5
20340.jpg,1875,1870,-5
20345.jpg,1875,1850,-25
20350.jpg,1875,1920,45
20355.jpg,1875,1870,-5
20360.jpg,1875,1890,15
20365.jpg,1875,1890,15
20370.jpg,1875,1870,-5
20375.jpg,1875,1850,-25
20380.jpg,1875,1890,15
20385.jpg,1875,1800,-75
20390.jpg,1875,1870,-5
20395.jpg,1875,1870,-5
20400.jpg,1875,1890,15
20405.jpg,1875,1850,-25
20410.jpg,1875,1870,-5
20415.jpg,1875,1800,-75
20420.jpg,1875,1860,-15
20425.jpg,1875,1850,-25
20430.jpg,1875,1920,45
20435.jpg,1875,13,-1862
20440.jpg,1875,1920,45
20445.jpg,1875,1830,-45
20450.jpg,1875,1870,-5
20455.jpg,1875,1850,-25
20460.jpg,1875,1920,45
20465.jpg,1875,1900,25
20470.jpg,1875,1850,-25
20480.jpg,1875,1920,45
20485.jpg,1875,1920,45
20490.jpg,1875,1800,-75
20495.jpg,1875,1890,15
20500.jpg,1876,1800,-76
20505.jpg,1876,1930,54
20510.jpg,1876,1890,14
20515.jpg,1876,1870,-6
20520.jpg,1876,1890,14
20525.jpg,1876,1870,-6
20530.jpg,1876,1960,84
20540.jpg,1876,2010,134
20545.jpg,1876,1890,14
20550.jpg,1876,1860,-16
20555.jpg,1876,1870,-6
20560.jpg,1876,1300,-576
20565.jpg,1876,1820,-56
20570.jpg,1876,1873,-3
20575.jpg,1876,1930,54
20580.jpg,1876,1926,50
20585.jpg,1876,1850,-26
20590.jpg,1876,1850,-26
20595.jpg,1876,1920,44
20600.jpg,1876,1890,14
20605.jpg,1876,1850,-26
20610.jpg,1876,1920,44
20615.jpg,1876,1870,-6
20620.jpg,1876,1850,-26
20625.jpg,1876,1920,44
20630.jpg,1876,1700,-176
20635.jpg,1876,1870,-6
20640.jpg,1876,1950,74
20645.jpg,1876,1870,-6
20650.jpg,1876,1870,-6
20655.jpg,1876,1870,-6
20660.jpg,1876,1870,-6
20665.jpg,1876,1890,14
20670.jpg,1876,1902,26
20675.jpg,1876,1700,-176
20680.jpg,1876,1870,-6
20685.jpg,1876,1920,44
20690.jpg,1876,1870,-6
20695.jpg,1876,1890,14
20700.jpg,1876,1920,44
20705.jpg,1876,1920,44
20715.jpg,1876,1920,44
20720.jpg,1876,1870,-6
20725.jpg,1876,1890,14
20730.jpg,1877,1870,-7
20735.jpg,1877,1870,-7
20740.jpg,1877,1920,43
20745.jpg,1877,1920,43
20750.jpg,1877,1870,-7
20755.jpg,1877,1900,23
20760.jpg,1877,2000,123
20765.jpg,1877,1632,-245
20770.jpg,1877,1920,43
20775.jpg,1877,1870,-7
20780.jpg,1877,1973,96
20785.jpg,1877,1897,20
20790.jpg,1877,1926,49
20795.jpg,1877,1872,-5
20800.jpg,1877,1920,43
20805.jpg,1877,1920,43
20810.jpg,1877,1920,43
20815.jpg,1877,1800,-77
20820.jpg,1877,1920,43
20830.jpg,1877,1890,13
20835.jpg,1877,1920,43
20840.jpg,1877,1870,-7
20845.jpg,1877,1870,-7
20850.jpg,1877,1870,-7
20855.jpg,1877,1870,-7
20860.jpg,1877,1920,43
20865.jpg,1877,1850,-27
20870.jpg,1877,1890,13
20875.jpg,1877,1890,13
20880.jpg,1877,1870,-7
20885.jpg,1877,1890,13
20890.jpg,1877,1870,-7
20895.jpg,1877,1830,-47
20900.jpg,1877,1870,-7
20905.jpg,1877,1890,13
20910.jpg,1877,1870,-7
20915.jpg,1877,19,-1858
20925.jpg,1878,1890,12
20930.jpg,1878,1920,42
20935.jpg,1878,1870,-8
20940.jpg,1878,1920,42
20945.jpg,1878,1920,42
20950.jpg,1878,1920,42
20955.jpg,1878,1890,12
20960.jpg,1878,1930,52
20965.jpg,1878,1960,82
20970.jpg,1878,1920,42
20975.jpg,1878,1870,-8
20980.jpg,1878,1930,52
20985.jpg,1878,1923,45
20990.jpg,1878,1870,-8
20995.jpg,1878,1830,-48
21000.jpg,1878,1890,12
21005.jpg,1878,1870,-8
21010.jpg,1878,1870,-8
21015.jpg,1878,1930,52
21020.jpg,1878,1800,-78
21025.jpg,1878,1890,12
21030.jpg,1878,1920,42
21035.jpg,1878,1830,-48
21040.jpg,1878,1850,-28
21045.jpg,1878,1800,-78
21050.jpg,1878,1920,42
21055.jpg,1878,1850,-28
21060.jpg,1878,1850,-28
21065.jpg,1878,1920,42
21070.jpg,1878,1920,42
21075.jpg,1878,1870,-8
21080.jpg,1878,1890,12
21085.jpg,1878,1890,12
21090.jpg,1878,1920,42
21095.jpg,1878,1890,12
21100.jpg,1878,1890,12
21105.jpg,1878,1890,12
21110.jpg,1878,1890,12
21115.jpg,1878,1820,-58
21120.jpg,1878,1920,42
21125.jpg,1878,2010,132
21130.jpg,1878,1930,52
21135.jpg,1878,1920,42
21140.jpg,1878,1890,12
21145.jpg,1878,1890,12
21150.jpg,1878,1870,-8
21155.jpg,1878,1930,52
21160.jpg,1879,1960,81
21165.jpg,1879,1890,11
21170.jpg,1879,1835,-44
21175.jpg,1879,1920,41
21180.jpg,1879,1850,-29
21185.jpg,1879,1920,41
21190.jpg,1879,1890,11
21195.jpg,1879,1890,11
21200.jpg,1879,1873,-6
21205.jpg,1879,1920,41
21210.jpg,1879,1920,41
21215.jpg,1879,1850,-29
21220.jpg,1879,1896,17
21225.jpg,1879,1920,41
21230.jpg,1879,1869,-10
21235.jpg,1879,1926,47
21240.jpg,1879,1890,11
21245.jpg,1879,1860,-19
21250.jpg,1879,1850,-29
21255.jpg,1879,1870,-9
21260.jpg,1879,1870,-9
21265.jpg,1879,1890,11
21270.jpg,1879,1920,41
21275.jpg,1879,1850,-29
21280.jpg,1879,1870,-9
21285.jpg,1879,1920,41
21290.jpg,1879,1890,11
21295.jpg,1879,1850,-29
21300.jpg,1879,1890,11
21305.jpg,1879,1870,-9
21310.jpg,1879,1870,-9
21315.jpg,1879,1870,-9
21320.jpg,1879,1860,-19
21325.jpg,1879,1890,11
21330.jpg,1879,1920,41
21335.jpg,1879,1870,-9
21340.jpg,1879,1920,41
21350.jpg,1879,1870,-9
21355.jpg,1879,1928,49
21360.jpg,1879,1920,41
21365.jpg,1879,1920,41
21370.jpg,1879,1890,11
21375.jpg,1880,1800,-80
21380.jpg,1880,1920,40
21385.jpg,1880,1890,10
21390.jpg,1880,1830,-50
21395.jpg,1880,1870,-10
21400.jpg,1880,1890,10
21405.jpg,1880,1890,10
21410.jpg,1880,1930,50
21415.jpg,1880,1920,40
21420.jpg,1880,1920,40
21425.jpg,1880,1920,40
21430.jpg,1880,1850,-30
21435.jpg,1880,1870,-10
21440.jpg,1880,1920,40
21445.jpg,1880,1920,40
21450.jpg,1880,1920,40
21455.jpg,1880,1832,-48
21460.jpg,1880,1870,-10
21465.jpg,1880,1800,-80
21470.jpg,1880,1800,-80
21475.jpg,1880,1820,-60
21480.jpg,1880,1930,50
21485.jpg,1880,1930,50
21490.jpg,1880,1927,47
21495.jpg,1880,1875,-5
21500.jpg,1880,1850,-30
21505.jpg,1880,1920,40
21510.jpg,1880,1920,40
21515.jpg,1880,1860,-20
21520.jpg,1880,1850,-30
21530.jpg,1880,2000,120
21535.jpg,1880,1890,10
21540.jpg,1880,1870,-10
21545.jpg,1880,1890,10
21550.jpg,1880,1890,10
21555.jpg,1880,1870,-10
21560.jpg,1880,1850,-30
21565.jpg,1880,1920,40
21570.jpg,1880,1900,20
21575.jpg,1880,1920,40
21580.jpg,1880,1870,-10
21585.jpg,1880,1920,40
21590.jpg,1880,1800,-80
21595.jpg,1880,1920,40
21600.jpg,1880,1920,40
21605.jpg,1880,1920,40
21610.jpg,1880,1890,10
21615.jpg,1880,1890,10
21620.jpg,1880,1870,-10
21625.jpg,1880,1890,10
21630.jpg,1880,1920,40
21635.jpg,1880,1800,-80
21640.jpg,1880,1870,-10
21645.jpg,1880,1800,-80
21650.jpg,1880,1920,40
21655.jpg,1880,1920,40
21660.jpg,1880,1920,40
21665.jpg,1880,1870,-10
21670.jpg,1880,1890,10
21675.jpg,1880,1920,40
21680.jpg,1880,1890,10
21685.jpg,1880,1800,-80
21690.jpg,1880,1920,40
21695.jpg,1880,1850,-30
21700.jpg,1880,1920,40
21705.jpg,1880,1800,-80
21710.jpg,1881,1920,39
21715.jpg,1881,1870,-11
21720.jpg,1881,1930,49
21725.jpg,1881,1920,39
21730.jpg,1881,1920,39
21735.jpg,1881,1930,49
21740.jpg,1881,1890,9
21745.jpg,1881,1920,39
21750.jpg,1881,1890,9
21755.jpg,1881,1920,39
21760.jpg,1881,1869,-12
21770.jpg,1881,1872,-9
21775.jpg,1881,1902,21
21780.jpg,1881,1870,-11
21785.jpg,1881,1850,-31
21790.jpg,1881,1870,-11
21795.jpg,1881,1920,39
21800.jpg,1881,1890,9
21805.jpg,1881,1600,-281
21810.jpg,1881,1850,-31
21815.jpg,1881,1900,19
21820.jpg,1881,1800,-81
21825.jpg,1881,1890,9
21830.jpg,1881,1870,-11
21835.jpg,1881,1870,-11
21840.jpg,1881,1870,-11
21845.jpg,1881,1960,79
21850.jpg,1881,1700,-181
21855.jpg,1881,1920,39
21860.jpg,1881,1830,-51
21865.jpg,1881,1890,9
21870.jpg,1881,1800,-81
21875.jpg,1881,1890,9
21880.jpg,1881,1870,-11
21885.jpg,1881,1890,9
21890.jpg,1881,1920,39
21895.jpg,1881,1890,9
21900.jpg,1881,1870,-11
21905.jpg,1881,1920,39
21910.jpg,1881,1890,9
21915.jpg,1881,1920,39
21920.jpg,1881,1890,9
21925.jpg,1881,1920,39
21930.jpg,1881,1800,-81
21940.jpg,1881,1920,39
21945.jpg,1882,1800,-82
21950.jpg,1882,2000,118
21955.jpg,1882,1920,38
21960.jpg,1882,1900,18
21965.jpg,1882,1930,48
21970.jpg,1882,1920,38
21975.jpg,1882,1870,-12
21980.jpg,1882,2000,118
21985.jpg,1882,1960,78
21990.jpg,1882,1920,38
21995.jpg,1882,1870,-12
22000.jpg,1882,1920,38
22005.jpg,1882,1800,-82
22010.jpg,1882,1870,-12
22015.jpg,1882,1872,-10
22020.jpg,1882,1900,18
22025.jpg,1882,1920,38
22030.jpg,1882,1890,8
22035.jpg,1882,1850,-32
22040.jpg,1882,1890,8
22045.jpg,1882,1870,-12
22050.jpg,1882,1920,38
22055.jpg,1882,1890,8
22060.jpg,1882,1870,-12
22065.jpg,1882,1830,-52
22070.jpg,1882,1800,-82
22075.jpg,1882,1920,38
22080.jpg,1882,1890,8
22085.jpg,1882,1920,38
22090.jpg,1882,1890,8
22095.jpg,1882,1800,-82
22100.jpg,1882,1920,38
22105.jpg,1882,1890,8
22110.jpg,1882,1920,38
22115.jpg,1882,1900,18
22120.jpg,1882,1870,-12
22125.jpg,1882,1870,-12
22130.jpg,1882,1890,8
22135.jpg,1882,1860,-22
22140.jpg,1882,1900,18
22145.jpg,1882,2000,118
22150.jpg,1882,1960,78
22155.jpg,1882,1982,100
22160.jpg,1882,1920,38
22165.jpg,1882,1900,18
22170.jpg,1882,1860,-22
22175.jpg,1882,1920,38
22180.jpg,1882,1920,38
22185.jpg,1882,1870,-12
22190.jpg,1882,1930,48
22195.jpg,1882,1897,15
22200.jpg,1882,1920,38
22205.jpg,1882,1920,38
22210.jpg,1882,1870,-12
22215.jpg,1883,1800,-83
22220.jpg,1883,1920,37
22225.jpg,1883,1920,37
22230.jpg,1883,1890,7
22235.jpg,1883,1920,37
22240.jpg,1883,1870,-13
22245.jpg,1883,1890,7
22250.jpg,1883,1890,7
22255.jpg,1883,1920,37
22260.jpg,1883,1890,7
22265.jpg,1883,1890,7
22270.jpg,1883,1920,37
22275.jpg,1883,1920,37
22280.jpg,1883,1872,-11
22285.jpg,1883,1872,-11
22290.jpg,1883,1830,-53
22295.jpg,1883,1870,-13
22300.jpg,1883,1879,-4
22305.jpg,1883,1936,53
22310.jpg,1883,1879,-4
22315.jpg,1883,1892,9
22320.jpg,1883,1870,-13
22325.jpg,1883,1890,7
22330.jpg,1883,1890,7
22335.jpg,1883,1920,37
22340.jpg,1883,1870,-13
22345.jpg,1883,1890,7
22350.jpg,1883,1920,37
22355.jpg,1883,1920,37
22360.jpg,1883,1890,7
22365.jpg,1883,1920,37
22370.jpg,1883,1890,7
22375.jpg,1883,1870,-13
22380.jpg,1883,1890,7
22385.jpg,1883,1920,37
22390.jpg,1883,1900,17
22395.jpg,1883,1920,37
22400.jpg,1883,1870,-13
22405.jpg,1883,1890,7
22410.jpg,1883,1890,7
22415.jpg,1883,1920,37
22420.jpg,1883,1850,-33
22425.jpg,1883,1890,7
22430.jpg,1883,1870,-13
22435.jpg,1883,1890,7
22440.jpg,1883,1870,-13
22445.jpg,1883,1870,-13
22450.jpg,1883,1850,-33
22455.jpg,1883,1870,-13
22460.jpg,1883,1926,43
22465.jpg,1883,1896,13
22470.jpg,1883,1920,37
22475.jpg,1883,1920,37
22485.jpg,1883,1890,7
22490.jpg,1883,1890,7
22495.jpg,1883,1890,7
22500.jpg,1883,2023,140
22505.jpg,1883,1870,-13
22510.jpg,1884,1920,36
22515.jpg,1884,1823,-61
22520.jpg,1884,1920,36
22525.jpg,1884,1920,36
22530.jpg,1884,1870,-14
22535.jpg,1884,1890,6
22540.jpg,1884,1870,-14
22545.jpg,1884,1890,6
22550.jpg,1884,1920,36
22555.jpg,1884,1920,36
22560.jpg,1884,1860,-24
22565.jpg,1884,1879,-5
22570.jpg,1884,1920,36
22575.jpg,1884,1870,-14
22580.jpg,1884,1800,-84
22585.jpg,1884,1890,6
22590.jpg,1884,1890,6
22595.jpg,1884,1920,36
22600.jpg,1884,1870,-14
22605.jpg,1884,1890,6
22610.jpg,1884,1890,6
22615.jpg,1884,1890,6
22620.jpg,1884,1890,6
22625.jpg,1884,1870,-14
22630.jpg,1884,1870,-14
22635.jpg,1884,1870,-14
22640.jpg,1884,1870,-14
22645.jpg,1884,1870,-14
22650.jpg,1884,1920,36
22655.jpg,1884,1890,6
22665.jpg,1884,1930,46
22670.jpg,1884,1850,-34
22675.jpg,1884,1920,36
22680.jpg,1884,2000,116
22685.jpg,1884,1870,-14
22690.jpg,1884,1890,6
22695.jpg,1884,1890,6
22700.jpg,1884,1850,-34
22705.jpg,1884,1890,6
22710.jpg,1884,1920,36
22715.jpg,1884,1890,6
22720.jpg,1884,1873,-11
22730.jpg,1884,1920,36
22735.jpg,1884,1850,-34
22740.jpg,1884,2000,116
22745.jpg,1884,1890,6
22750.jpg,1884,1923,39
22755.jpg,1884,1873,-11
22760.jpg,1884,1920,36
22765.jpg,1884,1890,6
22770.jpg,1884,1870,-14
22775.jpg,1884,1920,36
22780.jpg,1885,1892,7
22785.jpg,1885,2000,115
22790.jpg,1885,1890,5
22795.jpg,1885,1800,-85
22800.jpg,1885,1850,-35
22805.jpg,1885,1890,5
22810.jpg,1885,1890,5
22815.jpg,1885,1890,5
22820.jpg,1885,1890,5
22825.jpg,1885,2000,115
22830.jpg,1885,1800,-85
22835.jpg,1885,1926,41
22840.jpg,1885,1800,-85
22850.jpg,1885,1930,45
22855.jpg,1885,1926,41
22860.jpg,1885,1890,5
22865.jpg,1885,1890,5
22870.jpg,1885,1870,-15
22875.jpg,1885,1920,35
22880.jpg,1885,1920,35
22885.jpg,1885,1890,5
22890.jpg,1885,1920,35
22895.jpg,1885,1920,35
22900.jpg,1885,1920,35
22905.jpg,1885,1920,35
22910.jpg,1885,1870,-15
22915.jpg,1885,1920,35
22920.jpg,1885,1900,15
22925.jpg,1885,1870,-15
22930.jpg,1885,1900,15
22935.jpg,1885,1870,-15
22940.jpg,1885,1920,35
22945.jpg,1885,1890,5
22950.jpg,1885,1920,35
22955.jpg,1885,1890,5
22960.jpg,1885,1970,85
22965.jpg,1885,1890,5
22970.jpg,1885,1920,35
22975.jpg,1885,1920,35
22980.jpg,1885,1920,35
22985.jpg,1885,1850,-35
22990.jpg,1885,1920,35
22995.jpg,1885,1920,35
23000.jpg,1885,1800,-85
23005.jpg,1885,1920,35
23015.jpg,1885,1830,-55
23020.jpg,1885,1930,45
23025.jpg,1885,1920,35
23030.jpg,1885,1920,35
23035.jpg,1885,1920,35
23040.jpg,1885,1870,-15
23045.jpg,1885,1830,-55
23050.jpg,1885,1960,75
23055.jpg,1885,1950,65
23060.jpg,1885,1920,35
23065.jpg,1885,1870,-15
23070.jpg,1885,1890,5
23075.jpg,1885,1930,45
23080.jpg,1885,1920,35
23085.jpg,1886,1920,34
23090.jpg,1886,1920,34
23095.jpg,1886,1920,34
23100.jpg,1886,1890,4
23105.jpg,1886,1932,46
23110.jpg,1886,1930,44
23115.jpg,1886,1800,-86
23120.jpg,1886,1800,-86
23125.jpg,1886,2000,114
23130.jpg,1886,1960,74
23135.jpg,1886,1960,74
23140.jpg,1886,2000,114
23145.jpg,1886,1934,48
23150.jpg,1886,1897,11
23155.jpg,1886,1930,44
23160.jpg,1886,1872,-14
23165.jpg,1886,1870,-16
23170.jpg,1886,1890,4
23175.jpg,1886,1920,34
23180.jpg,1886,1900,14
23185.jpg,1886,1930,44
23190.jpg,1886,1890,4
23195.jpg,1886,1870,-16
23200.jpg,1886,1920,34
23205.jpg,1886,1850,-36
23210.jpg,1886,1920,34
23215.jpg,1886,1870,-16
23220.jpg,1886,1890,4
23225.jpg,1886,1920,34
23230.jpg,1886,1870,-16
23235.jpg,1886,1920,34
23240.jpg,1886,1920,34
23245.jpg,1886,1890,4
23250.jpg,1886,1930,44
23255.jpg,1886,1800,-86
23260.jpg,1886,1920,34
23265.jpg,1886,1920,34
23275.jpg,1886,1920,34
23280.jpg,1886,1920,34
23285.jpg,1886,1920,34
23290.jpg,1886,2000,114
23295.jpg,1886,1920,34
23300.jpg,1886,1900,14
23305.jpg,1886,1920,34
23310.jpg,1886,1920,34
23315.jpg,1886,1890,4
23320.jpg,1886,1920,34
23325.jpg,1886,1870,-16
23330.jpg,1886,1890,4
23335.jpg,1886,1920,34
23340.jpg,1886,1930,44
23345.jpg,1886,1890,4
23350.jpg,1886,1829,-57
23355.jpg,1886,1920,34
23365.jpg,1886,1900,14
23370.jpg,1886,1890,4
23375.jpg,1887,1930,43
23380.jpg,1887,1930,43
23385.jpg,1887,1800,-87
23390.jpg,1887,1920,33
23395.jpg,1887,1890,3
23400.jpg,1887,1870,-17
23410.jpg,1887,1920,33
23415.jpg,1887,1920,33
23420.jpg,1887,1890,3
23425.jpg,1887,1920,33
23430.jpg,1887,1920,33
23440.jpg,1887,1820,-67
23445.jpg,1887,1890,3
23450.jpg,1887,1800,-87
23460.jpg,1887,1872,-15
23465.jpg,1887,1920,33
23470.jpg,1887,1920,33
23475.jpg,1887,1920,33
23480.jpg,1887,1890,3
23485.jpg,1887,1890,3
23490.jpg,1887,1850,-37
23495.jpg,1887,1920,33
23500.jpg,1887,1920,33
23505.jpg,1887,1920,33
23510.jpg,1887,1870,-17
23515.jpg,1887,1920,33
23520.jpg,1887,1870,-17
23525.jpg,1887,1870,-17
23535.jpg,1887,1920,33
23540.jpg,1887,1890,3
23545.jpg,1887,1920,33
23550.jpg,1887,1900,13
23555.jpg,1887,1920,33
23560.jpg,1887,1920,33
23565.jpg,1887,1890,3
23570.jpg,1887,1920,33
23575.jpg,1887,1890,3
23580.jpg,1887,1890,3
23585.jpg,1887,1920,33
23590.jpg,1887,2000,113
23595.jpg,1887,1870,-17
23600.jpg,1887,1920,33
23605.jpg,1887,1920,33
23610.jpg,1887,1873,-14
23615.jpg,1887,1920,33
23620.jpg,1887,1920,33
23625.jpg,1887,1890,3
23630.jpg,1887,1920,33
23635.jpg,1887,1920,33
23640.jpg,1887,1920,33
23645.jpg,1887,1870,-17
23650.jpg,1887,1870,-17
23660.jpg,1887,1920,33
23665.jpg,1887,1870,-17
23670.jpg,1887,1850,-37
23675.jpg,1887,1920,33
23680.jpg,1887,1920,33
23690.jpg,1887,1920,33
23695.jpg,1887,1890,3
23700.jpg,1888,1800,-88
23705.jpg,1888,1920,32
23710.jpg,1888,1920,32
23715.jpg,1888,1920,32
23720.jpg,1888,1960,72
23725.jpg,1888,1890,2
23730.jpg,1888,1920,32
23735.jpg,1888,1920,32
23740.jpg,1888,1920,32
23745.jpg,1888,1890,2
23750.jpg,1888,1930,42
23755.jpg,1888,1930,42
23760.jpg,1888,1830,-58
23765.jpg,1888,1900,12
23770.jpg,1888,1920,32
23775.jpg,1888,1930,42
23790.jpg,1888,1920,32
23795.jpg,1888,1890,2
23800.jpg,1888,1870,-18
23805.jpg,1888,1890,2
23810.jpg,1888,1850,-38
23815.jpg,1888,1870,-18
23820.jpg,1888,1870,-18
23825.jpg,1888,1920,32
23830.jpg,1888,1920,32
23835.jpg,1888,1890,2
23840.jpg,1888,1890,2
23850.jpg,1888,1890,2
23855.jpg,1888,1920,32
23860.jpg,1888,1890,2
23865.jpg,1888,1850,-38
23870.jpg,1888,1890,2
23875.jpg,1888,1920,32
23880.jpg,1888,1920,32
23885.jpg,1888,1920,32
23890.jpg,1888,1870,-18
23895.jpg,1888,1890,2
23900.jpg,1888,1890,2
23905.jpg,1888,1870,-18
23910.jpg,1888,1920,32
23915.jpg,1888,1920,32
23920.jpg,1888,1890,2
23925.jpg,1888,1920,32
23930.jpg,1888,1920,32
23935.jpg,1888,1800,-88
23940.jpg,1888,1928,40
23945.jpg,1888,1870,-18
23950.jpg,1888,1920,32
23955.jpg,1888,1870,-18
23960.jpg,1888,1920,32
23965.jpg,1888,1920,32
23970.jpg,1888,16,-1872
23975.jpg,1888,1870,-18
23980.jpg,1888,1890,2
23985.jpg,1888,1920,32
23990.jpg,1888,1888,0
23995.jpg,1888,1928,40
24000.jpg,1888,1920,32
24005.jpg,1888,1920,32
24010.jpg,1888,1920,32
24015.jpg,1888,1930,42
24020.jpg,1888,1920,32
24025.jpg,1888,1920,32
24030.jpg,1888,1890,2
24035.jpg,1888,17,-1871
24040.jpg,1888,2000,112
24050.jpg,1889,1920,31
24055.jpg,1889,1850,-39
24060.jpg,1889,1890,1
24065.jpg,1889,1890,1
24070.jpg,1889,1850,-39
24075.jpg,1889,1920,31
24080.jpg,1889,1920,31
24085.jpg,1889,1920,31
24090.jpg,1889,1920,31
24095.jpg,1889,1890,1
24105.jpg,1889,1920,31
24110.jpg,1889,1890,1
24115.jpg,1889,1930,41
24120.jpg,1889,1870,-19
24125.jpg,1889,1920,31
24130.jpg,1889,1920,31
24135.jpg,1889,1830,-59
24140.jpg,1889,1930,41
24145.jpg,1889,1930,41
24150.jpg,1889,1936,47
24155.jpg,1889,1930,41
24160.jpg,1889,1890,1
24165.jpg,1889,1920,31
24170.jpg,1889,1890,1
24175.jpg,1889,1930,41
24180.jpg,1889,1920,31
24185.jpg,1889,1920,31
24190.jpg,1889,1920,31
24195.jpg,1889,1890,1
24200.jpg,1889,1920,31
24205.jpg,1889,1920,31
24210.jpg,1889,1890,1
24215.jpg,1889,1870,-19
24220.jpg,1889,1890,1
24225.jpg,1889,1870,-19
24230.jpg,1889,1890,1
24235.jpg,1889,1920,31
24240.jpg,1889,1870,-19
24245.jpg,1889,1920,31
24250.jpg,1889,1890,1
24255.jpg,1889,1890,1
24260.jpg,1889,1920,31
24265.jpg,1889,1890,1
24270.jpg,1889,1890,1
24275.jpg,1889,1890,1
24280.jpg,1889,1920,31
24285.jpg,1889,1920,31
24290.jpg,1889,1890,1
24295.jpg,1889,1850,-39
24300.jpg,1889,1920,31
24310.jpg,1889,1890,1
24315.jpg,1889,1870,-19
24320.jpg,1889,1800,-89
24330.jpg,1889,1800,-89
24335.jpg,1889,1900,11
24340.jpg,1889,1950,61
24345.jpg,1889,1920,31
24350.jpg,1889,1920,31
24355.jpg,1889,1900,11
24360.jpg,1889,2000,111
24365.jpg,1889,1890,1
24370.jpg,1889,1870,-19
24375.jpg,1889,1920,31
24380.jpg,1889,1920,31
24385.jpg,1889,1920,31
24390.jpg,1889,1870,-19
24395.jpg,1890,1800,-90
24400.jpg,1890,1890,0
24405.jpg,1890,1920,30
24410.jpg,1890,1892,2
24415.jpg,1890,1920,30
24420.jpg,1890,1800,-90
24425.jpg,1890,1920,30
24430.jpg,1890,1920,30
24435.jpg,1890,1900,10
24440.jpg,1890,1923,33
24445.jpg,1890,1940,50
24450.jpg,1890,1890,0
24455.jpg,1890,1920,30
24460.jpg,1890,1920,30
24465.jpg,1890,1920,30
24470.jpg,1890,1920,30
24475.jpg,1890,1906,16
24480.jpg,1890,1920,30
24485.jpg,1890,1920,30
24490.jpg,1890,1920,30
24495.jpg,1890,1820,-70
24500.jpg,1890,1936,46
24505.jpg,1890,1872,-18
24510.jpg,1890,1932,42
24515.jpg,1890,1920,30
24520.jpg,1890,1862,-28
24525.jpg,1890,1920,30
24535.jpg,1890,1920,30
24540.jpg,1890,1890,0
24545.jpg,1890,1930,40
24550.jpg,1890,1890,0
24555.jpg,1890,1850,-40
24560.jpg,1890,1920,30
24565.jpg,1890,1890,0
24570.jpg,1890,1890,0
24575.jpg,1890,1920,30
24580.jpg,1890,1920,30
24585.jpg,1890,1890,0
24590.jpg,1890,1900,10
24595.jpg,1890,1890,0
24600.jpg,1890,1920,30
24605.jpg,1890,1920,30
24610.jpg,1890,1920,30
24615.jpg,1890,1920,30
24620.jpg,1890,1960,70
24625.jpg,1890,1920,30
24630.jpg,1890,1920,30
24635.jpg,1890,1920,30
24640.jpg,1890,1870,-20
24645.jpg,1890,1890,0
24650.jpg,1890,1920,30
24655.jpg,1890,1850,-40
24660.jpg,1890,1890,0
24665.jpg,1890,1890,0
24670.jpg,1890,1920,30
24675.jpg,1890,1890,0
24680.jpg,1890,1920,30
24685.jpg,1890,1890,0
24690.jpg,1890,1920,30
24695.jpg,1890,1920,30
24700.jpg,1890,1930,40
24705.jpg,1890,1930,40
24710.jpg,1890,1930,40
24715.jpg,1890,1920,30
24720.jpg,1890,1890,0
24725.jpg,1890,1850,-40
24730.jpg,1890,1920,30
24735.jpg,1890,1920,30
24740.jpg,1890,1930,40
24745.jpg,1890,1870,-20
24750.jpg,1890,1930,40
24755.jpg,1890,1930,40
24760.jpg,1890,1920,30
24765.jpg,1890,1960,70
24770.jpg,1890,1890,0
24775.jpg,1891,1800,-91
24780.jpg,1891,1920,29
24785.jpg,1891,1900,9
24790.jpg,1891,1920,29
24795.jpg,1891,1920,29
24800.jpg,1891,1920,29
24805.jpg,1891,1920,29
24810.jpg,1891,1920,29
24815.jpg,1891,1920,29
24820.jpg,1891,1920,29
24825.jpg,1891,1920,29
24830.jpg,1891,1920,29
24835.jpg,1891,1930,39
24840.jpg,1891,2000,109
24845.jpg,1891,1920,29
24850.jpg,1891,1920,29
24855.jpg,1891,2000,109
24860.jpg,1891,1920,29
24865.jpg,1891,1867,-24
24870.jpg,1891,1932,41
24875.jpg,1891,1879,-12
24880.jpg,1891,1920,29
24885.jpg,1891,1890,-1
24890.jpg,1891,1890,-1
24895.jpg,1891,1890,-1
24900.jpg,1891,1920,29
24905.jpg,1891,1850,-41
24910.jpg,1891,1890,-1
24915.jpg,1891,1890,-1
24920.jpg,1891,1920,29
24925.jpg,1891,1870,-21
24930.jpg,1891,1800,-91
24935.jpg,1891,1890,-1
24940.jpg,1891,1890,-1
24945.jpg,1891,17,-1874
24950.jpg,1891,1920,29
24955.jpg,1891,1920,29
24960.jpg,1891,1890,-1
24965.jpg,1891,1920,29
24970.jpg,1891,1890,-1
24975.jpg,1891,1920,29
24980.jpg,1891,1870,-21
24985.jpg,1891,1850,-41
24990.jpg,1891,1890,-1
24995.jpg,1891,1890,-1
25000.jpg,1891,1890,-1
25005.jpg,1891,1890,-1
25010.jpg,1891,1890,-1
25015.jpg,1891,1920,29
25020.jpg,1891,1870,-21
25025.jpg,1891,1920,29
25030.jpg,1891,1920,29
25035.jpg,1891,12,-1879
25040.jpg,1891,1890,-1
25045.jpg,1891,2000,109
25050.jpg,1891,1920,29
25055.jpg,1891,1920,29
25060.jpg,1891,1920,29
25065.jpg,1891,1850,-41
25070.jpg,1891,1890,-1
25075.jpg,1891,1920,29
25080.jpg,1891,1920,29
25085.jpg,1891,1870,-21
25090.jpg,1891,2000,109
25095.jpg,1892,1920,28
25100.jpg,1892,2000,108
25105.jpg,1892,2000,108
25115.jpg,1892,2000,108
25120.jpg,1892,1850,-42
25125.jpg,1892,1890,-2
25130.jpg,1892,1930,38
25135.jpg,1892,2000,108
25140.jpg,1892,1920,28
25145.jpg,1892,1890,-2
25150.jpg,1892,1936,44
25155.jpg,1892,1920,28
25160.jpg,1892,2000,108
25165.jpg,1892,1920,28
25170.jpg,1892,1920,28
25175.jpg,1892,1920,28
25180.jpg,1892,1930,38
25185.jpg,1892,1870,-22
25190.jpg,1892,1920,28
25195.jpg,1892,1936,44
25205.jpg,1892,1862,-30
25210.jpg,1892,1920,28
25215.jpg,1892,1920,28
25220.jpg,1892,1920,28
25225.jpg,1892,1800,-92
25230.jpg,1892,1870,-22
25235.jpg,1892,1920,28
25240.jpg,1892,1890,-2
25245.jpg,1892,1890,-2
25250.jpg,1892,1920,28
25255.jpg,1892,1850,-42
25260.jpg,1892,1890,-2
25265.jpg,1892,1890,-2
25270.jpg,1892,1890,-2
25275.jpg,1892,1920,28
25280.jpg,1892,1920,28
25285.jpg,1892,1920,28
25290.jpg,1892,1890,-2
25295.jpg,1892,1920,28
25300.jpg,1892,1920,28
25305.jpg,1892,1960,68
25310.jpg,1892,1920,28
25315.jpg,1892,1890,-2
25320.jpg,1892,1890,-2
25325.jpg,1892,1872,-20
25330.jpg,1892,1800,-92
25335.jpg,1892,1890,-2
25340.jpg,1892,1900,8
25345.jpg,1892,1920,28
25350.jpg,1892,1920,28
25355.jpg,1892,1920,28
25360.jpg,1892,1930,38
25365.jpg,1892,1890,-2
25370.jpg,1892,1920,28
25375.jpg,1892,1890,-2
25380.jpg,1892,1890,-2
25385.jpg,1892,1890,-2
25390.jpg,1892,1800,-92
25395.jpg,1892,1920,28
25400.jpg,1892,2000,108
25405.jpg,1892,1920,28
25410.jpg,1892,1920,28
25415.jpg,1892,1850,-42
25420.jpg,1892,1890,-2
25425.jpg,1892,1890,-2
25430.jpg,1892,1920,28
25435.jpg,1892,1920,28
25440.jpg,1892,1930,38
25445.jpg,1892,1920,28
25450.jpg,1892,1920,28
25455.jpg,1892,1890,-2
25460.jpg,1892,1870,-22
25465.jpg,1893,1700,-193
25470.jpg,1893,1920,27
25475.jpg,1893,1892,-1
25480.jpg,1893,1920,27
25490.jpg,1893,1930,37
25495.jpg,1893,1920,27
25500.jpg,1893,1920,27
25505.jpg,1893,1920,27
25510.jpg,1893,1920,27
25515.jpg,1893,1870,-23
25520.jpg,1893,1890,-3
25525.jpg,1893,1920,27
25530.jpg,1893,1920,27
25535.jpg,1893,1930,37
25540.jpg,1893,1920,27
25545.jpg,1893,1920,27
25555.jpg,1893,1890,-3
25560.jpg,1893,1870,-23
25565.jpg,1893,1872,-21
25570.jpg,1893,1920,27
25575.jpg,1893,1890,-3
25580.jpg,1893,1930,37
25585.jpg,1893,1920,27
25590.jpg,1893,1920,27
25595.jpg,1893,1850,-43
25600.jpg,1893,1890,-3
25605.jpg,1893,1890,-3
25610.jpg,1893,1900,7
25615.jpg,1893,1890,-3
25620.jpg,1893,1600,-293
25625.jpg,1893,1890,-3
25630.jpg,1893,1920,27
25635.jpg,1893,1870,-23
25640.jpg,1893,1920,27
25645.jpg,1893,1890,-3
25650.jpg,1893,1920,27
25655.jpg,1893,1900,7
25660.jpg,1893,1890,-3
25665.jpg,1893,1920,27
25670.jpg,1893,1920,27
25675.jpg,1893,1890,-3
25680.jpg,1893,1870,-23
25685.jpg,1893,1820,-73
25690.jpg,1893,1920,27
25695.jpg,1893,1920,27
25700.jpg,1893,1800,-93
25705.jpg,1893,1920,27
25710.jpg,1893,1890,-3
25715.jpg,1893,1920,27
25720.jpg,1893,1850,-43
25725.jpg,1893,1920,27
25730.jpg,1893,1920,27
25740.jpg,1893,1890,-3
25745.jpg,1893,1920,27
25750.jpg,1893,1920,27
25755.jpg,1893,1890,-3
25760.jpg,1893,1920,27
25765.jpg,1893,1920,27
25770.jpg,1893,1920,27
25775.jpg,1893,1920,27
25780.jpg,1893,1870,-23
25785.jpg,1893,1920,27
25795.jpg,1893,1900,7
25800.jpg,1893,1920,27
25805.jpg,1894,1930,36
25810.jpg,1894,1920,26
25815.jpg,1894,1920,26
25820.jpg,1894,1920,26
25825.jpg,1894,1920,26
25830.jpg,1894,1900,6
25835.jpg,1894,1920,26
25840.jpg,1894,1891,-3
25845.jpg,1894,1920,26
25850.jpg,1894,1920,26
25855.jpg,1894,1920,26
25860.jpg,1894,1920,26
25865.jpg,1894,1920,26
25870.jpg,1894,1800,-94
25875.jpg,1894,1820,-74
25880.jpg,1894,1824,-70
25885.jpg,1894,1860,-34
25890.jpg,1894,1920,26
25895.jpg,1894,1932,38
25900.jpg,1894,1897,3
25905.jpg,1894,1890,-4
25910.jpg,1894,1920,26
25915.jpg,1894,1920,26
25920.jpg,1894,1890,-4
25925.jpg,1894,1920,26
25930.jpg,1894,1920,26
25935.jpg,1894,1890,-4
25940.jpg,1894,1920,26
25945.jpg,1894,1890,-4
25950.jpg,1894,1920,26
25955.jpg,1894,1890,-4
25960.jpg,1894,1890,-4
25965.jpg,1894,1890,-4
25970.jpg,1894,1930,36
25975.jpg,1894,1890,-4
25980.jpg,1894,1890,-4
25985.jpg,1894,1920,26
25990.jpg,1894,2000,106
25995.jpg,1894,1890,-4
26000.jpg,1894,1890,-4
26005.jpg,1894,1890,-4
26010.jpg,1894,1890,-4
26015.jpg,1894,1890,-4
26020.jpg,1894,2000,106
26025.jpg,1894,1890,-4
26030.jpg,1894,1870,-24
26035.jpg,1894,1890,-4
26040.jpg,1894,1960,66
26045.jpg,1894,1870,-24
26050.jpg,1894,1850,-44
26055.jpg,1894,1920,26
26060.jpg,1894,1930,36
26065.jpg,1894,1920,26
26070.jpg,1894,1920,26
26075.jpg,1894,1920,26
26085.jpg,1894,1890,-4
26090.jpg,1894,1920,26
26095.jpg,1894,1870,-24
26100.jpg,1894,1920,26
26105.jpg,1894,1870,-24
26110.jpg,1894,1870,-24
26115.jpg,1894,1920,26
26120.jpg,1894,1920,26
26125.jpg,1895,1920,25
26130.jpg,1895,2000,105
26135.jpg,1895,1890,-5
26140.jpg,1895,1920,25
26145.jpg,1895,1920,25
26150.jpg,1895,1890,-5
26155.jpg,1895,1850,-45
26160.jpg,1895,1926,31
26165.jpg,1895,1890,-5
26170.jpg,1895,1900,5
26175.jpg,1895,2000,105
26180.jpg,1895,2000,105
26185.jpg,1895,1920,25
26190.jpg,1895,1920,25
26195.jpg,1895,1870,-25
26200.jpg,1895,1920,25
26205.jpg,1895,1870,-25
26210.jpg,1895,1926,31
26215.jpg,1895,2000,105
26220.jpg,1895,1920,25
26225.jpg,1895,1920,25
26230.jpg,1895,1890,-5
26235.jpg,1895,1920,25
26240.jpg,1895,1900,5
26245.jpg,1895,1700,-195
26250.jpg,1895,1920,25
26255.jpg,1895,1920,25
26260.jpg,1895,1890,-5
26265.jpg,1895,1920,25
26270.jpg,1895,1890,-5
26275.jpg,1895,1890,-5
26280.jpg,1895,1890,-5
26285.jpg,1895,1890,-5
26290.jpg,1895,1890,-5
26295.jpg,1895,1920,25
26300.jpg,1895,1920,25
26305.jpg,1895,1920,25
26310.jpg,1895,1920,25
26315.jpg,1895,1890,-5
26320.jpg,1895,1890,-5
26325.jpg,1895,1920,25
26330.jpg,1895,1920,25
26335.jpg,1895,1920,25
26340.jpg,1895,1870,-25
26345.jpg,1895,1800,-95
26350.jpg,1895,1920,25
26355.jpg,1895,1920,25
26360.jpg,1895,1890,-5
26365.jpg,1895,1890,-5
26370.jpg,1895,1890,-5
26375.jpg,1895,1890,-5
26380.jpg,1895,1920,25
26385.jpg,1895,1800,-95
26390.jpg,1895,1920,25
26395.jpg,1895,1928,33
26405.jpg,1895,1920,25
26410.jpg,1895,1890,-5
26415.jpg,1895,1920,25
26420.jpg,1895,1920,25
26425.jpg,1895,1920,25
26430.jpg,1895,1905,10
26435.jpg,1895,1920,25
26440.jpg,1895,1920,25
26445.jpg,1895,1920,25
26450.jpg,1895,1920,25
26455.jpg,1895,1920,25
26460.jpg,1895,1893,-2
26465.jpg,1895,1920,25
26470.jpg,1895,1920,25
26475.jpg,1895,1920,25
26480.jpg,1895,1920,25
26485.jpg,1895,1920,25
26490.jpg,1896,1896,0
26495.jpg,1896,1920,24
26500.jpg,1896,1920,24
26505.jpg,1896,1890,-6
26510.jpg,1896,1930,34
26515.jpg,1896,1920,24
26520.jpg,1896,1870,-26
26525.jpg,1896,1932,36
26530.jpg,1896,1930,34
26535.jpg,1896,1920,24
26540.jpg,1896,1870,-26
26545.jpg,1896,1870,-26
26550.jpg,1896,1930,34
26555.jpg,1896,1960,64
26560.jpg,1896,1872,-24
26565.jpg,1896,1920,24
26570.jpg,1896,1930,34
26575.jpg,1896,1928,32
26580.jpg,1896,1900,4
26585.jpg,1896,1920,24
26590.jpg,1896,1890,-6
26595.jpg,1896,1920,24
26600.jpg,1896,1920,24
26605.jpg,1896,1890,-6
26610.jpg,1896,1920,24
26620.jpg,1896,1870,-26
26625.jpg,1896,1920,24
26630.jpg,1896,1920,24
26635.jpg,1896,1920,24
26640.jpg,1896,1890,-6
26645.jpg,1896,1890,-6
26650.jpg,1896,1920,24
26655.jpg,1896,1920,24
26665.jpg,1896,1890,-6
26670.jpg,1896,1920,24
26675.jpg,1896,1870,-26
26680.jpg,1896,1920,24
26685.jpg,1896,1920,24
26690.jpg,1896,1930,34
26695.jpg,1896,1890,-6
26700.jpg,1896,1890,-6
26705.jpg,1896,1890,-6
26710.jpg,1896,1920,24
26715.jpg,1896,1900,4
26720.jpg,1896,1920,24
26725.jpg,1896,1890,-6
26730.jpg,1896,1900,4
26735.jpg,1896,1850,-46
26740.jpg,1896,1870,-26
26745.jpg,1896,1850,-46
26750.jpg,1896,1903,7
26760.jpg,1896,1920,24
26765.jpg,1896,1920,24
26770.jpg,1896,1920,24
26775.jpg,1896,1920,24
26780.jpg,1896,1920,24
26785.jpg,1896,1920,24
26790.jpg,1896,17,-1879
26795.jpg,1896,1920,24
26800.jpg,1896,2000,104
26805.jpg,1896,1893,-3
26810.jpg,1896,1920,24
26815.jpg,1896,1872,-24
26820.jpg,1896,1850,-46
26825.jpg,1896,1900,4
26830.jpg,1896,1890,-6
26835.jpg,1896,1920,24
26840.jpg,1896,2000,104
26845.jpg,1897,1930,33
26850.jpg,1897,1835,-62
26855.jpg,1897,1920,23
26860.jpg,1897,1850,-47
26865.jpg,1897,1920,23
26870.jpg,1897,1920,23
26875.jpg,1897,1890,-7
26880.jpg,1897,1920,23
26885.jpg,1897,1870,-27
26890.jpg,1897,1870,-27
26895.jpg,1897,1920,23
26900.jpg,1897,1920,23
26910.jpg,1897,1800,-97
26915.jpg,1897,1920,23
26920.jpg,1897,1920,23
26925.jpg,1897,1900,3
26930.jpg,1897,1920,23
26935.jpg,1897,1920,23
26940.jpg,1897,1920,23
26945.jpg,1897,1920,23
26950.jpg,1897,1920,23
26955.jpg,1897,17,-1880
26960.jpg,1897,1890,-7
26965.jpg,1897,1920,23
26970.jpg,1897,1800,-97
26975.jpg,1897,1930,33
26980.jpg,1897,1920,23
26985.jpg,1897,1890,-7
26990.jpg,1897,1920,23
26995.jpg,1897,1870,-27
27000.jpg,1897,1920,23
27005.jpg,1897,1890,-7
27010.jpg,1897,1920,23
27015.jpg,1897,1850,-47
27020.jpg,1897,1890,-7
27025.jpg,1897,1920,23
27030.jpg,1897,1890,-7
27035.jpg,1897,1930,33
27040.jpg,1897,1890,-7
27045.jpg,1897,1920,23
27050.jpg,1897,1920,23
27055.jpg,1897,1890,-7
27060.jpg,1897,1920,23
27065.jpg,1897,1920,23
27070.jpg,1897,1930,33
27075.jpg,1897,1893,-4
27080.jpg,1897,1906,9
27085.jpg,1897,1923,26
27090.jpg,1897,1890,-7
27095.jpg,1897,1890,-7
27100.jpg,1897,1920,23
27105.jpg,1897,1890,-7
27110.jpg,1897,1890,-7
27115.jpg,1897,1960,63
27120.jpg,1897,1897,0
27125.jpg,1897,1890,-7
27130.jpg,1897,2000,103
27135.jpg,1897,1920,23
27140.jpg,1897,1920,23
27145.jpg,1897,1870,-27
27150.jpg,1897,1920,23
27155.jpg,1898,1920,22
27160.jpg,1898,1928,30
27165.jpg,1898,1890,-8
27170.jpg,1898,1890,-8
27175.jpg,1898,1920,22
27180.jpg,1898,1892,-6
27185.jpg,1898,1920,22
27190.jpg,1898,1920,22
27195.jpg,1898,1930,32
27200.jpg,1898,2000,102
27205.jpg,1898,1926,28
27210.jpg,1898,1920,22
27215.jpg,1898,1930,32
27220.jpg,1898,1930,32
27225.jpg,1898,1920,22
27230.jpg,1898,1920,22
27235.jpg,1898,1920,22
27240.jpg,1898,1870,-28
27245.jpg,1898,1960,62
27255.jpg,1898,1836,-62
27260.jpg,1898,1896,-2
27265.jpg,1898,1920,22
27270.jpg,1898,1920,22
27275.jpg,1898,1890,-8
27280.jpg,1898,1920,22
27285.jpg,1898,1890,-8
27290.jpg,1898,1920,22
27295.jpg,1898,1920,22
27300.jpg,1898,1850,-48
27305.jpg,1898,1920,22
27310.jpg,1898,1970,72
27315.jpg,1898,1920,22
27320.jpg,1898,1920,22
27325.jpg,1898,1920,22
27330.jpg,1898,1920,22
27335.jpg,1898,1920,22
27340.jpg,1898,1920,22
27345.jpg,1898,1920,22
27350.jpg,1898,1920,22
27355.jpg,1898,1920,22
27360.jpg,1898,1920,22
27365.jpg,1898,1890,-8
27370.jpg,1898,1890,-8
27380.jpg,1898,1890,-8
27385.jpg,1898,1920,22
27390.jpg,1898,1920,22
27395.jpg,1898,1890,-8
27400.jpg,1898,1920,22
27405.jpg,1898,1850,-48
27410.jpg,1898,1920,22
27415.jpg,1898,1920,22
27420.jpg,1898,1920,22
27425.jpg,1898,1890,-8
27430.jpg,1898,1923,25
27435.jpg,1898,1890,-8
27440.jpg,1898,1890,-8
27445.jpg,1898,1960,62
27450.jpg,1898,1920,22
27455.jpg,1898,1960,62
27465.jpg,1898,1920,22
27470.jpg,1898,1890,-8
27475.jpg,1898,1920,22
27480.jpg,1898,1920,22
27485.jpg,1898,1890,-8
27490.jpg,1898,1890,-8
27495.jpg,1898,1920,22
27500.jpg,1898,1920,22
27505.jpg,1898,1920,22
27510.jpg,1898,1920,22
27515.jpg,1898,1900,2
27520.jpg,1898,1876,-22
27525.jpg,1898,1920,22
27530.jpg,1898,1920,22
27540.jpg,1899,1903,4
27545.jpg,1899,1960,61
27550.jpg,1899,1930,31
27555.jpg,1899,1890,-9
27560.jpg,1899,1890,-9
27565.jpg,1899,1920,21
27570.jpg,1899,1600,-299
27575.jpg,1899,1920,21
27580.jpg,1899,1920,21
27585.jpg,1899,1920,21
27590.jpg,1899,1800,-99
27595.jpg,1899,1890,-9
27600.jpg,1899,1920,21
27605.jpg,1899,1890,-9
27610.jpg,1899,2000,101
27615.jpg,1899,1870,-29
27620.jpg,1899,1832,-67
27625.jpg,1899,1872,-27
27630.jpg,1899,1930,31
27635.jpg,1899,1890,-9
27640.jpg,1899,1920,21
27645.jpg,1899,1930,31
27650.jpg,1899,1850,-49
27655.jpg,1899,1920,21
27660.jpg,1899,1920,21
27665.jpg,1899,1890,-9
27670.jpg,1899,1920,21
27675.jpg,1899,1920,21
27680.jpg,1899,13,-1886
27685.jpg,1899,1920,21
27690.jpg,1899,1920,21
27695.jpg,1899,1920,21
27700.jpg,1899,1890,-9
27705.jpg,1899,1920,21
27715.jpg,1899,1920,21
27720.jpg,1899,1920,21
27725.jpg,1899,1890,-9
27730.jpg,1899,1960,61
27735.jpg,1899,1920,21
27740.jpg,1899,1960,61
27745.jpg,1899,1920,21
27750.jpg,1899,1920,21
27755.jpg,1899,1920,21
27760.jpg,1899,1920,21
27765.jpg,1899,1920,21
27770.jpg,1899,1870,-29
27775.jpg,1899,1890,-9
27780.jpg,1899,1920,21
27785.jpg,1899,1890,-9
27790.jpg,1899,1890,-9
27795.jpg,1899,1920,21
27800.jpg,1899,1870,-29
27805.jpg,1899,1920,21
27810.jpg,1900,1900,0
27815.jpg,1900,1890,-10
27820.jpg,1900,1920,20
27825.jpg,1900,1823,-77
27830.jpg,1900,1890,-10
27835.jpg,1900,2000,100
27840.jpg,1900,1920,20
27845.jpg,1900,1920,20
27850.jpg,1900,1870,-30
27855.jpg,1900,1850,-50
27860.jpg,1900,1830,-70
27865.jpg,1900,1876,-24
27870.jpg,1900,1890,-10
27875.jpg,1900,1920,20
27880.jpg,1900,1926,26
27885.jpg,1900,1920,20
27895.jpg,1900,1920,20
27900.jpg,1900,1920,20
27905.jpg,1900,1920,20
27910.jpg,1900,1800,-100
27915.jpg,1900,1920,20
27920.jpg,1900,1935,35
27925.jpg,1900,1920,20
27930.jpg,1900,2000,100
27935.jpg,1900,1950,50
27940.jpg,1900,1879,-21
27945.jpg,1900,1932,32
27950.jpg,1900,1830,-70
27955.jpg,1900,1890,-10
27960.jpg,1900,1870,-30
27965.jpg,1900,1900,0
27970.jpg,1900,1890,-10
27975.jpg,1900,1920,20
27980.jpg,1900,1890,-10
27985.jpg,1900,1920,20
27990.jpg,1900,1850,-50
27995.jpg,1900,1920,20
28000.jpg,1900,1920,20
28005.jpg,1900,1920,20
28010.jpg,1900,1920,20
28015.jpg,1900,1830,-70
28020.jpg,1900,1890,-10
28025.jpg,1900,1920,20
28030.jpg,1900,1890,-10
28035.jpg,1900,1870,-30
28040.jpg,1900,1920,20
28045.jpg,1900,1920,20
28050.jpg,1900,1920,20
28055.jpg,1900,1920,20
28060.jpg,1900,1920,20
28065.jpg,1900,1920,20
28070.jpg,1900,1870,-30
28075.jpg,1900,1850,-50
28080.jpg,1900,1920,20
28085.jpg,1900,1930,30
28090.jpg,1900,1920,20
28095.jpg,1900,1700,-200
28100.jpg,1900,1920,20
28105.jpg,1900,1920,20
28110.jpg,1900,1920,20
28115.jpg,1900,1920,20
28120.jpg,1900,1870,-30
28125.jpg,1900,1876,-24
28130.jpg,1900,1820,-80
28135.jpg,1900,1890,-10
28140.jpg,1900,1890,-10
28145.jpg,1900,1870,-30
28150.jpg,1900,1960,60
28155.jpg,1900,1920,20
28160.jpg,1900,1960,60
28165.jpg,1900,1960,60
28170.jpg,1900,1897,-3
28175.jpg,1900,1920,20
28180.jpg,1901,1830,-71
28185.jpg,1901,1920,19
28190.jpg,1901,1832,-69
28195.jpg,1901,1900,-1
28200.jpg,1901,1960,59
28205.jpg,1901,1920,19
28210.jpg,1901,1870,-31
28215.jpg,1901,1920,19
28220.jpg,1901,1890,-11
28225.jpg,1901,1890,-11
28230.jpg,1901,1930,29
28235.jpg,1901,1920,19
28240.jpg,1901,1920,19
28245.jpg,1901,1920,19
28250.jpg,1901,1890,-11
28255.jpg,1901,1870,-31
28260.jpg,1901,1920,19
28265.jpg,1901,1920,19
28270.jpg,1901,1920,19
28275.jpg,1901,1920,19
28280.jpg,1901,1920,19
28285.jpg,1901,1920,19
28290.jpg,1901,1920,19
28295.jpg,1901,1932,31
28300.jpg,1901,1823,-78
28305.jpg,1901,1930,29
28310.jpg,1901,1892,-9
28315.jpg,1901,1920,19
28320.jpg,1901,1890,-11
28325.jpg,1901,1920,19
28330.jpg,1901,1890,-11
28335.jpg,1901,1920,19
28340.jpg,1901,1920,19
28345.jpg,1901,1920,19
28350.jpg,1901,1920,19
28355.jpg,1901,1930,29
28360.jpg,1901,1920,19
28365.jpg,1901,1890,-11
28370.jpg,1901,1820,-81
28375.jpg,1901,1890,-11
28380.jpg,1901,1890,-11
28385.jpg,1901,1920,19
28390.jpg,1901,1920,19
28395.jpg,1901,1890,-11
28400.jpg,1901,1830,-71
28405.jpg,1901,1920,19
28410.jpg,1901,1930,29
28415.jpg,1901,1890,-11
28420.jpg,1901,1920,19
28425.jpg,1901,1960,59
28430.jpg,1901,1923,22
28435.jpg,1901,1920,19
28440.jpg,1901,1890,-11
28445.jpg,1901,1930,29
28450.jpg,1901,1920,19
28455.jpg,1901,1920,19
28460.jpg,1901,1920,19
28465.jpg,1901,1920,19
28470.jpg,1901,1923,22
28475.jpg,1901,1920,19
28480.jpg,1901,1920,19
28485.jpg,1901,1920,19
28490.jpg,1901,1920,19
28495.jpg,1901,1920,19
28500.jpg,1901,1920,19
28505.jpg,1901,1930,29
28510.jpg,1901,1820,-81
28515.jpg,1901,1800,-101
28520.jpg,1902,1923,21
28525.jpg,1902,1920,18
28530.jpg,1902,1902,0
28535.jpg,1902,1920,18
28540.jpg,1902,1920,18
28545.jpg,1902,1930,28
28550.jpg,1902,1930,28
28555.jpg,1902,1920,18
28560.jpg,1902,1920,18
28575.jpg,1902,1920,18
28580.jpg,1902,1920,18
28585.jpg,1902,1920,18
28590.jpg,1902,1920,18
28595.jpg,1902,1920,18
28600.jpg,1902,1920,18
28605.jpg,1902,1930,28
28610.jpg,1902,1920,18
28615.jpg,1902,1920,18
28620.jpg,1902,1920,18
28625.jpg,1902,1920,18
28630.jpg,1902,1920,18
28635.jpg,1902,1920,18
28640.jpg,1902,1920,18
28645.jpg,1902,1870,-32
28650.jpg,1902,1830,-72
28655.jpg,1902,1830,-72
28660.jpg,1902,1920,18
28665.jpg,1902,2000,98
28670.jpg,1902,1930,28
28675.jpg,1902,1937,35
28680.jpg,1902,1700,-202
28685.jpg,1902,1890,-12
28690.jpg,1902,1920,18
28695.jpg,1902,1890,-12
28700.jpg,1902,1920,18
28705.jpg,1902,1920,18
28710.jpg,1902,1890,-12
28715.jpg,1902,1890,-12
28720.jpg,1902,1920,18
28725.jpg,1902,1920,18
28730.jpg,1902,1920,18
28735.jpg,1902,1930,28
28740.jpg,1902,1890,-12
28745.jpg,1902,1902,0
28750.jpg,1902,1890,-12
28755.jpg,1902,1920,18
28760.jpg,1902,1900,-2
28765.jpg,1902,1800,-102
28770.jpg,1902,1920,18
28775.jpg,1902,1920,18
28780.jpg,1902,1890,-12
28785.jpg,1902,1870,-32
28790.jpg,1902,1920,18
28795.jpg,1902,1920,18
28800.jpg,1902,1920,18
28805.jpg,1902,1930,28
28810.jpg,1902,1870,-32
28815.jpg,1902,1920,18
28820.jpg,1902,1890,-12
28825.jpg,1902,1920,18
28830.jpg,1902,1870,-32
28835.jpg,1902,1920,18
28840.jpg,1902,1800,-102
28845.jpg,1902,1920,18
28850.jpg,1902,1920,18
28855.jpg,1902,1920,18
28860.jpg,1902,1920,18
28865.jpg,1902,1930,28
28870.jpg,1902,1930,28
28875.jpg,1902,1920,18
28880.jpg,1902,1800,-102
28885.jpg,1902,1873,-29
28890.jpg,1902,1920,18
28895.jpg,1902,1920,18
28900.jpg,1902,1930,28
28905.jpg,1902,1920,18
28910.jpg,1902,1920,18
28915.jpg,1902,1920,18
28920.jpg,1903,1930,27
28925.jpg,1903,1920,17
28930.jpg,1903,1920,17
28935.jpg,1903,1920,17
28940.jpg,1903,1920,17
28945.jpg,1903,1920,17
28955.jpg,1903,1923,20
28960.jpg,1903,1920,17
28965.jpg,1903,1920,17
28970.jpg,1903,1920,17
28975.jpg,1903,1870,-33
28980.jpg,1903,1890,-13
28985.jpg,1903,1920,17
28990.jpg,1903,1920,17
28995.jpg,1903,1962,59
29000.jpg,1903,1920,17
29005.jpg,1903,1927,24
29010.jpg,1903,1920,17
29015.jpg,1903,1920,17
29020.jpg,1903,1920,17
29025.jpg,1903,1920,17
29030.jpg,1903,1927,24
29035.jpg,1903,1920,17
29040.jpg,1903,1920,17
29045.jpg,1903,1920,17
29050.jpg,1903,2010,107
29055.jpg,1903,1930,27
29060.jpg,1903,1920,17
29065.jpg,1903,1920,17
29070.jpg,1903,1920,17
29075.jpg,1903,2000,97
29080.jpg,1903,2000,97
29085.jpg,1903,1893,-10
29090.jpg,1903,1870,-33
29095.jpg,1903,1862,-41
29100.jpg,1903,2000,97
29105.jpg,1903,1926,23
29110.jpg,1903,1930,27
29115.jpg,1903,1872,-31
29120.jpg,1903,1870,-33
29125.jpg,1903,1920,17
29130.jpg,1903,1920,17
29135.jpg,1903,1870,-33
29140.jpg,1903,1920,17
29145.jpg,1903,1920,17
29150.jpg,1903,1920,17
29155.jpg,1903,1920,17
29160.jpg,1903,1890,-13
29165.jpg,1903,1890,-13
29170.jpg,1903,1920,17
29175.jpg,1903,1890,-13
29180.jpg,1903,1930,27
29185.jpg,1903,1920,17
29190.jpg,1903,1920,17
29195.jpg,1903,1870,-33
29200.jpg,1903,1920,17
29205.jpg,1903,1930,27
29210.jpg,1903,1600,-303
29215.jpg,1903,1920,17
29220.jpg,1903,1920,17
29225.jpg,1903,1920,17
29230.jpg,1903,1920,17
29235.jpg,1903,1920,17
29240.jpg,1903,1950,47
29245.jpg,1903,1920,17
29250.jpg,1903,1936,33
29255.jpg,1903,1900,-3
29260.jpg,1903,1920,17
29265.jpg,1903,1920,17
29270.jpg,1903,1920,17
29275.jpg,1903,1920,17
29280.jpg,1903,1920,17
29285.jpg,1903,1920,17
29290.jpg,1903,1900,-3
29295.jpg,1903,1920,17
29300.jpg,1903,2000,97
29305.jpg,1903,1876,-27
29310.jpg,1903,1920,17
29315.jpg,1903,1930,27
29320.jpg,1903,1930,27
29325.jpg,1903,1920,17
29330.jpg,1903,1920,17
29335.jpg,1903,1927,24
29340.jpg,1903,1920,17
29345.jpg,1903,1920,17
29350.jpg,1903,1930,27
29355.jpg,1903,1930,27
29360.jpg,1903,1890,-13
29365.jpg,1903,2000,97
29370.jpg,1903,1960,57
29375.jpg,1903,1920,17
29380.jpg,1904,1700,-204
29385.jpg,1904,1920,16
29390.jpg,1904,1890,-14
29395.jpg,1904,2000,96
29400.jpg,1904,1920,16
29405.jpg,1904,1876,-28
29410.jpg,1904,2010,106
29415.jpg,1904,1920,16
29420.jpg,1904,1920,16
29425.jpg,1904,1920,16
29430.jpg,1904,1870,-34
29435.jpg,1904,1850,-54
29440.jpg,1904,1920,16
29445.jpg,1904,1920,16
29450.jpg,1904,1920,16
29455.jpg,1904,1920,16
29460.jpg,1904,1800,-104
29465.jpg,1904,1960,56
29470.jpg,1904,2000,96
29475.jpg,1904,1920,16
29480.jpg,1904,2010,106
29485.jpg,1904,1930,26
29490.jpg,1904,1920,16
29495.jpg,1904,1920,16
29500.jpg,1904,2000,96
29505.jpg,1904,1890,-14
29510.jpg,1904,1920,16
29515.jpg,1904,1920,16
29520.jpg,1904,1920,16
29525.jpg,1904,1920,16
29530.jpg,1904,1920,16
29535.jpg,1904,1930,26
29540.jpg,1904,1920,16
29550.jpg,1904,1830,-74
29555.jpg,1904,1930,26
29560.jpg,1904,1930,26
29565.jpg,1904,1929,25
29570.jpg,1904,1873,-31
29575.jpg,1904,1930,26
29580.jpg,1904,1920,16
29585.jpg,1904,1920,16
29590.jpg,1904,1850,-54
29595.jpg,1904,1830,-74
29600.jpg,1904,1920,16
29605.jpg,1904,1920,16
29610.jpg,1904,1920,16
29615.jpg,1904,1920,16
29620.jpg,1904,1890,-14
29625.jpg,1904,1850,-54
29630.jpg,1904,1920,16
29635.jpg,1904,1800,-104
29640.jpg,1904,1850,-54
29645.jpg,1904,1920,16
29650.jpg,1904,1920,16
29655.jpg,1904,1890,-14
29660.jpg,1904,1920,16
29665.jpg,1904,1920,16
29670.jpg,1904,1920,16
29675.jpg,1904,1930,26
29680.jpg,1904,1890,-14
29685.jpg,1904,1920,16
29690.jpg,1904,1920,16
29695.jpg,1904,1920,16
29700.jpg,1904,1920,16
29705.jpg,1904,1920,16
29710.jpg,1904,1850,-54
29715.jpg,1904,1920,16
29720.jpg,1904,1870,-34
29725.jpg,1904,1920,16
29730.jpg,1904,1890,-14
29735.jpg,1904,1920,16
29740.jpg,1904,1920,16
29745.jpg,1904,1920,16
29750.jpg,1904,1890,-14
29755.jpg,1904,1850,-54
29760.jpg,1904,1920,16
29765.jpg,1904,1920,16
29770.jpg,1904,1920,16
29775.jpg,1904,2000,96
29780.jpg,1904,1920,16
29790.jpg,1904,1890,-14
29795.jpg,1904,1920,16
29800.jpg,1904,1920,16
29805.jpg,1904,1900,-4
29810.jpg,1904,1920,16
29815.jpg,1904,1830,-74
29820.jpg,1904,1920,16
29825.jpg,1904,1930,26
29830.jpg,1905,1920,15
29835.jpg,1905,2000,95
29840.jpg,1905,1926,21
29845.jpg,1905,1930,25
29850.jpg,1905,2000,95
29855.jpg,1905,1920,15
29860.jpg,1905,2000,95
29865.jpg,1905,1920,15
29870.jpg,1905,1870,-35
29875.jpg,1905,1920,15
29880.jpg,1905,1890,-15
29885.jpg,1905,1920,15
29890.jpg,1905,1920,15
29895.jpg,1905,1920,15
29900.jpg,1905,1920,15
29905.jpg,1905,1920,15
29910.jpg,1905,1920,15
29915.jpg,1905,1920,15
29920.jpg,1905,1870,-35
29925.jpg,1905,1920,15
29930.jpg,1905,1920,15
29935.jpg,1905,1920,15
29940.jpg,1905,1600,-305
29945.jpg,1905,1926,21
29950.jpg,1905,1920,15
29960.jpg,1905,1920,15
29965.jpg,1905,1870,-35
29970.jpg,1905,1920,15
29975.jpg,1905,1920,15
29980.jpg,1905,1920,15
29985.jpg,1905,1920,15
29990.jpg,1905,1981,76
29995.jpg,1905,1862,-43
30000.jpg,1905,1870,-35
30005.jpg,1905,1920,15
30015.jpg,1905,1872,-33
30020.jpg,1905,2000,95
30025.jpg,1905,1890,-15
30030.jpg,1905,1890,-15
30035.jpg,1905,1920,15
30040.jpg,1905,1960,55
30045.jpg,1905,17,-1888
30050.jpg,1905,1920,15
30055.jpg,1905,1930,25
30060.jpg,1905,1890,-15
30065.jpg,1905,1920,15
30070.jpg,1905,1920,15
30075.jpg,1905,1920,15
30080.jpg,1905,1920,15
30085.jpg,1905,1930,25
30090.jpg,1905,1920,15
30095.jpg,1905,1920,15
30100.jpg,1905,1760,-145
30105.jpg,1905,1920,15
30110.jpg,1905,1920,15
30115.jpg,1905,1850,-55
30120.jpg,1905,1930,25
30125.jpg,1905,1890,-15
30130.jpg,1905,1800,-105
30135.jpg,1905,1920,15
30140.jpg,1905,1920,15
30145.jpg,1905,1920,15
30155.jpg,1905,1850,-55
30160.jpg,1905,1960,55
30165.jpg,1905,1850,-55
30170.jpg,1905,1920,15
30175.jpg,1905,1930,25
30180.jpg,1905,1930,25
30185.jpg,1905,1920,15
30190.jpg,1905,1890,-15
30195.jpg,1905,1763,-142
30200.jpg,1905,1920,15
30205.jpg,1905,2000,95
30210.jpg,1905,1637,-268
30215.jpg,1905,1920,15
30220.jpg,1905,1920,15
30225.jpg,1905,1890,-15
30230.jpg,1905,1960,55
30235.jpg,1905,1890,-15
30240.jpg,1905,1920,15
30245.jpg,1905,1920,15
30250.jpg,1905,1920,15
30255.jpg,1905,1920,15
30260.jpg,1905,1920,15
30265.jpg,1905,1850,-55
30270.jpg,1905,1920,15
30275.jpg,1905,1920,15
30280.jpg,1905,1920,15
30285.jpg,1905,1920,15
30290.jpg,1905,1920,15
30295.jpg,1906,1920,14
30300.jpg,1906,1870,-36
30305.jpg,1906,1930,24
30310.jpg,1906,1920,14
30315.jpg,1906,1920,14
30320.jpg,1906,2023,117
30325.jpg,1906,1960,54
30330.jpg,1906,1800,-106
30335.jpg,1906,2000,94
30340.jpg,1906,1920,14
30345.jpg,1906,1920,14
30350.jpg,1906,1930,24
30355.jpg,1906,1930,24
30360.jpg,1906,1920,14
30365.jpg,1906,1928,22
30370.jpg,1906,1930,24
30375.jpg,1906,1920,14
30380.jpg,1906,1930,24
30385.jpg,1906,1920,14
30390.jpg,1906,1920,14
30395.jpg,1906,1920,14
30400.jpg,1906,1920,14
30405.jpg,1906,1920,14
30410.jpg,1906,1920,14
30415.jpg,1906,1930,24
30420.jpg,1906,1930,24
30425.jpg,1906,2000,94
30430.jpg,1906,1920,14
30435.jpg,1906,1920,14
30440.jpg,1906,2000,94
30445.jpg,1906,1831,-75
30450.jpg,1906,1927,21
30455.jpg,1906,1890,-16
30460.jpg,1906,1876,-30
30465.jpg,1906,1926,20
30470.jpg,1906,1920,14
30475.jpg,1906,1890,-16
30480.jpg,1906,1900,-6
30485.jpg,1906,1890,-16
30490.jpg,1906,1890,-16
30495.jpg,1906,1920,14
30500.jpg,1906,2000,94
30505.jpg,1906,1920,14
30510.jpg,1906,1920,14
30515.jpg,1906,1920,14
30520.jpg,1906,1920,14
30525.jpg,1906,1850,-56
30530.jpg,1906,1890,-16
30535.jpg,1906,1890,-16
30540.jpg,1906,1920,14
30545.jpg,1906,1908,2
30550.jpg,1906,1850,-56
30555.jpg,1906,1902,-4
30560.jpg,1906,1920,14
30565.jpg,1906,1920,14
30570.jpg,1906,1920,14
30575.jpg,1906,1930,24
30580.jpg,1906,1920,14
30585.jpg,1906,1920,14
30590.jpg,1906,1850,-56
30595.jpg,1906,1920,14
30600.jpg,1906,1920,14
30605.jpg,1906,1920,14
30610.jpg,1906,1920,14
30615.jpg,1906,1920,14
30620.jpg,1906,1920,14
30625.jpg,1906,1920,14
30630.jpg,1906,1920,14
30635.jpg,1906,1930,24
30640.jpg,1906,1920,14
30645.jpg,1906,1920,14
30650.jpg,1906,1873,-33
30655.jpg,1906,1890,-16
30665.jpg,1906,1920,14
30670.jpg,1906,1920,14
30685.jpg,1906,1920,14
30690.jpg,1906,1920,14
30695.jpg,1906,1930,24
30700.jpg,1906,1930,24
30705.jpg,1906,1920,14
30710.jpg,1906,1960,54
30715.jpg,1906,1970,64
30720.jpg,1906,1920,14
30725.jpg,1906,1920,14
30730.jpg,1906,1930,24
30740.jpg,1906,1850,-56
30745.jpg,1906,1890,-16
30750.jpg,1906,1920,14
30760.jpg,1907,1926,19
30765.jpg,1907,1920,13
30770.jpg,1907,1920,13
30780.jpg,1907,2000,93
30785.jpg,1907,1920,13
30790.jpg,1907,2000,93
30795.jpg,1907,1920,13
30800.jpg,1907,1920,13
30805.jpg,1907,1870,-37
30810.jpg,1907,1920,13
30815.jpg,1907,1930,23
30820.jpg,1907,1920,13
30825.jpg,1907,1920,13
30830.jpg,1907,1920,13
30835.jpg,1907,1920,13
30840.jpg,1907,1920,13
30845.jpg,1907,1920,13
30855.jpg,1907,1920,13
30860.jpg,1907,1920,13
30865.jpg,1907,1930,23
30870.jpg,1907,1920,13
30875.jpg,1907,1920,13
30880.jpg,1907,1920,13
30885.jpg,1907,1920,13
30895.jpg,1907,1920,13
30900.jpg,1907,1920,13
30905.jpg,1907,1920,13
30910.jpg,1907,2000,93
30915.jpg,1907,1920,13
30920.jpg,1907,1960,53
30925.jpg,1907,1920,13
30930.jpg,1907,1900,-7
30935.jpg,1907,1930,23
30940.jpg,1907,2000,93
30945.jpg,1907,1928,21
30950.jpg,1907,1879,-28
30955.jpg,1907,1930,23
30960.jpg,1907,1870,-37
30965.jpg,1907,1930,23
30970.jpg,1907,1920,13
30975.jpg,1907,1800,-107
30980.jpg,1907,1930,23
30985.jpg,1907,1920,13
30990.jpg,1907,1920,13
30995.jpg,1907,1920,13
31000.jpg,1907,18,-1889
31005.jpg,1907,1890,-17
31010.jpg,1907,1920,13
31015.jpg,1907,1920,13
31020.jpg,1907,1920,13
31025.jpg,1907,17,-1890
31030.jpg,1907,1920,13
31035.jpg,1907,1930,23
31040.jpg,1907,1920,13
31045.jpg,1907,1920,13
31050.jpg,1907,1920,13
31055.jpg,1907,1800,-107
31060.jpg,1907,1920,13
31065.jpg,1907,1920,13
31070.jpg,1907,1890,-17
31075.jpg,1907,1920,13
31080.jpg,1907,1920,13
31085.jpg,1907,1920,13
31090.jpg,1907,1920,13
31095.jpg,1907,1890,-17
31100.jpg,1907,1963,56
31105.jpg,1907,1800,-107
31110.jpg,1907,1920,13
31115.jpg,1907,1920,13
31120.jpg,1907,1920,13
31125.jpg,1907,1920,13
31130.jpg,1907,1920,13
31135.jpg,1907,1920,13
31140.jpg,1907,1930,23
31150.jpg,1907,1870,-37
31155.jpg,1907,1920,13
31160.jpg,1907,1930,23
31165.jpg,1907,1920,13
31170.jpg,1907,1930,23
31175.jpg,1907,1920,13
31180.jpg,1907,1920,13
31185.jpg,1907,1930,23
31190.jpg,1907,2000,93
31195.jpg,1907,1920,13
31200.jpg,1907,1930,23
31205.jpg,1907,1960,53
31210.jpg,1907,1920,13
31215.jpg,1907,1930,23
31220.jpg,1907,1928,21
31225.jpg,1907,1920,13
31230.jpg,1907,1926,19
31235.jpg,1907,1930,23
31240.jpg,1907,1920,13
31245.jpg,1907,1920,13
31250.jpg,1907,1920,13
31255.jpg,1907,1928,21
31260.jpg,1907,1930,23
31265.jpg,1907,1926,19
31270.jpg,1907,1800,-107
31275.jpg,1907,1920,13
31280.jpg,1907,1920,13
31285.jpg,1907,1960,53
31290.jpg,1907,1930,23
31295.jpg,1907,1960,53
31300.jpg,1907,1962,55
31305.jpg,1907,1930,23
31310.jpg,1908,1890,-18
31315.jpg,1908,1920,12
31320.jpg,1908,1930,22
31325.jpg,1908,1920,12
31330.jpg,1908,1800,-108
31335.jpg,1908,1930,22
31345.jpg,1908,2000,92
31350.jpg,1908,1920,12
31355.jpg,1908,1920,12
31360.jpg,1908,1920,12
31365.jpg,1908,1920,12
31370.jpg,1908,1920,12
31380.jpg,1908,1830,-78
31385.jpg,1908,1930,22
31390.jpg,1908,1920,12
31395.jpg,1908,1920,12
31400.jpg,1908,1920,12
31405.jpg,1908,2000,92
31410.jpg,1908,1893,-15
31415.jpg,1908,1930,22
31420.jpg,1908,1870,-38
31425.jpg,1908,2000,92
31430.jpg,1908,1920,12
31435.jpg,1908,1960,52
31440.jpg,1908,1920,12
31445.jpg,1908,1920,12
31450.jpg,1908,1930,22
31455.jpg,1908,1960,52
31460.jpg,1908,1920,12
31465.jpg,1908,1920,12
31470.jpg,1908,1920,12
31475.jpg,1908,1900,-8
31480.jpg,1908,1800,-108
31485.jpg,1908,1872,-36
31490.jpg,1908,1897,-11
31500.jpg,1908,1920,12
31505.jpg,1908,1920,12
31510.jpg,1908,1890,-18
31515.jpg,1908,1900,-8
31520.jpg,1908,1920,12
31525.jpg,1908,1920,12
31530.jpg,1908,1920,12
31535.jpg,1908,1920,12
31540.jpg,1908,1920,12
31545.jpg,1908,1920,12
31550.jpg,1908,1920,12
31555.jpg,1908,1890,-18
31560.jpg,1908,1850,-58
31565.jpg,1908,1800,-108
31570.jpg,1908,17,-1891
31575.jpg,1908,1830,-78
31580.jpg,1908,1930,22
31585.jpg,1908,1890,-18
31590.jpg,1908,1960,52
31595.jpg,1908,1920,12
31600.jpg,1908,1920,12
31605.jpg,1908,1900,-8
31610.jpg,1908,1850,-58
31620.jpg,1908,1920,12
31625.jpg,1908,1960,52
31630.jpg,1908,1920,12
31635.jpg,1908,1930,22
31640.jpg,1908,1920,12
31645.jpg,1908,1920,12
31650.jpg,1908,1930,22
31655.jpg,1908,1920,12
31660.jpg,1908,1920,12
31665.jpg,1908,1920,12
31670.jpg,1908,1890,-18
31675.jpg,1908,1900,-8
31680.jpg,1908,1920,12
31685.jpg,1908,1920,12
31690.jpg,1908,1930,22
31695.jpg,1908,1920,12
31700.jpg,1908,1930,22
31705.jpg,1908,1870,-38
31710.jpg,1908,1920,12
31715.jpg,1908,1920,12
31720.jpg,1908,1920,12
31725.jpg,1908,1920,12
31730.jpg,1908,1930,22
31735.jpg,1908,1920,12
31740.jpg,1908,1970,62
31745.jpg,1908,1870,-38
31750.jpg,1908,1930,22
31755.jpg,1908,1920,12
31760.jpg,1908,1920,12
31765.jpg,1909,1920,11
31770.jpg,1909,1920,11
31775.jpg,1909,1920,11
31780.jpg,1909,1930,21
31785.jpg,1909,2023,114
31790.jpg,1909,2000,91
31805.jpg,1909,2000,91
31815.jpg,1909,1920,11
31820.jpg,1909,1920,11
31825.jpg,1909,1930,21
31830.jpg,1909,1700,-209
31835.jpg,1909,2000,91
31840.jpg,1909,1920,11
31845.jpg,1909,1890,-19
31850.jpg,1909,1920,11
31855.jpg,1909,1930,21
31860.jpg,1909,1920,11
31865.jpg,1909,1920,11
31870.jpg,1909,1920,11
31875.jpg,1909,1928,19
31880.jpg,1909,1920,11
31885.jpg,1909,1920,11
31890.jpg,1909,1920,11
31895.jpg,1909,1930,21
31900.jpg,1909,1920,11
31905.jpg,1909,1920,11
31910.jpg,1909,1920,11
31915.jpg,1909,1930,21
31920.jpg,1909,1900,-9
31925.jpg,1909,2000,91
31930.jpg,1909,1920,11
31935.jpg,1909,1930,21
31940.jpg,1909,1920,11
31945.jpg,1909,1920,11
31950.jpg,1909,1926,17
31955.jpg,1909,1920,11
31960.jpg,1909,1935,26
31970.jpg,1909,1873,-36
31975.jpg,1909,1920,11
31980.jpg,1909,1920,11
31985.jpg,1909,1870,-39
31990.jpg,1909,1890,-19
31995.jpg,1909,1930,21
32005.jpg,1909,1800,-109
32015.jpg,1909,1920,11
32020.jpg,1909,1920,11
32025.jpg,1909,1920,11
32030.jpg,1909,1920,11
32035.jpg,1909,1920,11
32045.jpg,1909,1930,21
32050.jpg,1909,1920,11
32055.jpg,1909,1920,11
32060.jpg,1909,1850,-59
32065.jpg,1909,1920,11
32070.jpg,1909,1920,11
32075.jpg,1909,1920,11
32080.jpg,1909,1800,-109
32085.jpg,1909,1920,11
32090.jpg,1909,1920,11
32095.jpg,1909,1920,11
32100.jpg,1909,1920,11
32105.jpg,1909,2000,91
32110.jpg,1909,1900,-9
32115.jpg,1909,1920,11
32120.jpg,1909,1920,11
32125.jpg,1909,1920,11
32130.jpg,1909,1920,11
32135.jpg,1909,1920,11
32140.jpg,1909,1920,11
32145.jpg,1909,1930,21
32150.jpg,1909,1897,-12
32155.jpg,1909,1930,21
32160.jpg,1909,1920,11
32165.jpg,1909,1920,11
32170.jpg,1909,1920,11
32175.jpg,1909,1920,11
32180.jpg,1909,1930,21
32185.jpg,1909,1900,-9
32190.jpg,1909,1931,22
32195.jpg,1909,1920,11
32200.jpg,1909,1930,21
32205.jpg,1909,1960,51
32210.jpg,1909,1920,11
32215.jpg,1909,1920,11
32220.jpg,1909,1920,11
32225.jpg,1909,2000,91
32230.jpg,1910,1800,-110
32235.jpg,1910,1890,-20
32240.jpg,1910,1920,10
32245.jpg,1910,1970,60
32255.jpg,1910,1930,20
32260.jpg,1910,1960,50
32265.jpg,1910,2000,90
32270.jpg,1910,2000,90
32275.jpg,1910,1960,50
32280.jpg,1910,1930,20
32285.jpg,1910,1920,10
32290.jpg,1910,1930,20
32295.jpg,1910,1920,10
32300.jpg,1910,1930,20
32305.jpg,1910,1920,10
32310.jpg,1910,1890,-20
32315.jpg,1910,1920,10
32320.jpg,1910,1920,10
32325.jpg,1910,1920,10
32330.jpg,1910,1920,10
32335.jpg,1910,1928,18
32340.jpg,1910,1860,-50
32345.jpg,1910,1920,10
32350.jpg,1910,1800,-110
32355.jpg,1910,1930,20
32360.jpg,1910,1920,10
32365.jpg,1910,1920,10
32370.jpg,1910,1950,40
32375.jpg,1910,1920,10
32380.jpg,1910,1920,10
32385.jpg,1910,2000,90
32390.jpg,1910,1930,20
32395.jpg,1910,1936,26
32400.jpg,1910,1836,-74
32405.jpg,1910,1800,-110
32410.jpg,1910,1930,20
32415.jpg,1910,18,-1892
32420.jpg,1910,1926,16
32425.jpg,1910,1926,16
32430.jpg,1910,1890,-20
32435.jpg,1910,1890,-20
32440.jpg,1910,1920,10
32445.jpg,1910,1920,10
32450.jpg,1910,1920,10
32455.jpg,1910,1920,10
32460.jpg,1910,1920,10
32465.jpg,1910,1920,10
32470.jpg,1910,1850,-60
32475.jpg,1910,1920,10
32480.jpg,1910,1920,10
32485.jpg,1910,1920,10
32490.jpg,1910,1920,10
32495.jpg,1910,1920,10
32500.jpg,1910,1800,-110
32505.jpg,1910,1920,10
32510.jpg,1910,1920,10
32515.jpg,1910,1920,10
32520.jpg,1910,1920,10
32525.jpg,1910,1920,10
32530.jpg,1910,1920,10
32535.jpg,1910,1920,10
32540.jpg,1910,1920,10
32545.jpg,1910,1920,10
32550.jpg,1910,1920,10
32555.jpg,1910,1920,10
32560.jpg,1910,1920,10
32565.jpg,1910,1920,10
32570.jpg,1910,1920,10
32575.jpg,1910,1920,10
32580.jpg,1910,1920,10
32585.jpg,1910,1930,20
32590.jpg,1910,1920,10
32595.jpg,1910,1926,16
32600.jpg,1910,1900,-10
32605.jpg,1910,1970,60
32610.jpg,1910,1930,20
32615.jpg,1910,1920,10
32620.jpg,1910,1930,20
32625.jpg,1910,1920,10
32630.jpg,1910,1920,10
32635.jpg,1910,1930,20
32640.jpg,1910,1920,10
32645.jpg,1910,1920,10
32650.jpg,1910,1920,10
32655.jpg,1910,1930,20
32660.jpg,1910,1920,10
32665.jpg,1910,1920,10
32675.jpg,1910,1920,10
32680.jpg,1910,1930,20
32685.jpg,1910,1920,10
32690.jpg,1910,1920,10
32695.jpg,1910,1926,16
32700.jpg,1910,1930,20
32705.jpg,1910,1870,-40
32710.jpg,1910,1920,10
32715.jpg,1910,1930,20
32720.jpg,1910,1920,10
32725.jpg,1910,1920,10
32730.jpg,1910,1930,20
32735.jpg,1910,1940,30
32740.jpg,1911,1928,17
32745.jpg,1911,1930,19
32750.jpg,1911,1920,9
32755.jpg,1911,1930,19
32760.jpg,1911,1920,9
32765.jpg,1911,1902,-9
32770.jpg,1911,1923,12
32775.jpg,1911,1920,9
32780.jpg,1911,2000,89
32785.jpg,1911,2018,107
32790.jpg,1911,1920,9
32795.jpg,1911,1920,9
32800.jpg,1911,1960,49
32805.jpg,1911,1870,-41
32810.jpg,1911,1960,49
32815.jpg,1911,1920,9
32820.jpg,1911,1920,9
32825.jpg,1911,1930,19
32830.jpg,1911,1930,19
32835.jpg,1911,1923,12
32840.jpg,1911,1970,59
32845.jpg,1911,1930,19
32850.jpg,1911,1930,19
32855.jpg,1911,1930,19
32860.jpg,1911,1960,49
32865.jpg,1911,1920,9
32870.jpg,1911,1920,9
32875.jpg,1911,1920,9
32885.jpg,1911,1920,9
32890.jpg,1911,1920,9
32895.jpg,1911,1920,9
32900.jpg,1911,1890,-21
32905.jpg,1911,1920,9
32910.jpg,1911,1920,9
32915.jpg,1911,1920,9
32920.jpg,1911,1920,9
32925.jpg,1911,1920,9
32930.jpg,1911,1920,9
32935.jpg,1911,1960,49
32940.jpg,1911,2000,89
32945.jpg,1911,1920,9
32950.jpg,1911,2000,89
32955.jpg,1911,1891,-20
32960.jpg,1911,1960,49
32965.jpg,1911,1962,51
32970.jpg,1911,1872,-39
32975.jpg,1911,1923,12
32980.jpg,1911,1890,-21
32985.jpg,1911,1920,9
32990.jpg,1911,1870,-41
32995.jpg,1911,1890,-21
33000.jpg,1911,1920,9
33005.jpg,1911,1800,-111
33010.jpg,1911,1920,9
33015.jpg,1911,1890,-21
33020.jpg,1911,1930,19
33025.jpg,1911,1850,-61
33030.jpg,1911,1920,9
33035.jpg,1911,2000,89
33040.jpg,1911,1920,9
33045.jpg,1911,1920,9
33050.jpg,1911,2000,89
33055.jpg,1911,1920,9
33060.jpg,1911,1920,9
33065.jpg,1911,1870,-41
33070.jpg,1911,1920,9
33075.jpg,1911,1920,9
33080.jpg,1911,1920,9
33085.jpg,1911,1920,9
33090.jpg,1911,1920,9
33095.jpg,1911,1890,-21
33100.jpg,1911,17,-1894
33105.jpg,1911,1850,-61
33110.jpg,1911,1920,9
33115.jpg,1911,1836,-75
33120.jpg,1911,1920,9
33125.jpg,1911,1936,25
33130.jpg,1911,1920,9
33135.jpg,1911,1920,9
33140.jpg,1911,1920,9
33145.jpg,1911,1920,9
33150.jpg,1911,16,-1895
33155.jpg,1911,1960,49
33160.jpg,1911,1960,49
33165.jpg,1911,1930,19
33170.jpg,1911,1930,19
33175.jpg,1911,2000,89
33180.jpg,1911,1920,9
33185.jpg,1911,1920,9
33190.jpg,1911,1930,19
33195.jpg,1911,2000,89
33200.jpg,1911,1920,9
33205.jpg,1911,1920,9
33210.jpg,1911,1872,-39
33215.jpg,1911,1920,9
33220.jpg,1911,1920,9
33225.jpg,1911,1920,9
33230.jpg,1911,1920,9
33235.jpg,1911,1920,9
33240.jpg,1911,1840,-71
33245.jpg,1911,1920,9
33250.jpg,1911,1930,19
33255.jpg,1911,1930,19
33260.jpg,1911,1920,9
33265.jpg,1911,1930,19
33270.jpg,1911,1920,9
33275.jpg,1911,1920,9
33280.jpg,1912,1920,8
33285.jpg,1912,1920,8
33290.jpg,1912,1920,8
33295.jpg,1912,1920,8
33300.jpg,1912,1920,8
33310.jpg,1912,2000,88
33315.jpg,1912,2000,88
33320.jpg,1912,2000,88
33325.jpg,1912,1930,18
33330.jpg,1912,2000,88
33335.jpg,1912,1920,8
33340.jpg,1912,1930,18
33345.jpg,1912,1920,8
33350.jpg,1912,1890,-22
33355.jpg,1912,1920,8
33360.jpg,1912,1920,8
33365.jpg,1912,1920,8
33375.jpg,1912,1922,10
33380.jpg,1912,1930,18
33385.jpg,1912,2000,88
33390.jpg,1912,1920,8
33395.jpg,1912,2000,88
33400.jpg,1912,1920,8
33405.jpg,1912,2000,88
33410.jpg,1912,1920,8
33415.jpg,1912,1920,8
33420.jpg,1912,1900,-12
33425.jpg,1912,1920,8
33430.jpg,1912,1920,8
33435.jpg,1912,1920,8
33440.jpg,1912,1920,8
33445.jpg,1912,1930,18
33450.jpg,1912,1920,8
33455.jpg,1912,1890,-22
33460.jpg,1912,2000,88
33465.jpg,1912,1920,8
33470.jpg,1912,1920,8
33475.jpg,1912,1890,-22
33480.jpg,1912,1935,23
33485.jpg,1912,1960,48
33490.jpg,1912,1870,-42
33495.jpg,1912,2000,88
33500.jpg,1912,1930,18
33505.jpg,1912,1926,14
33510.jpg,1912,1960,48
33515.jpg,1912,1920,8
33520.jpg,1912,1920,8
33525.jpg,1912,1920,8
33530.jpg,1912,1850,-62
33535.jpg,1912,1920,8
33540.jpg,1912,1920,8
33545.jpg,1912,1870,-42
33550.jpg,1912,1920,8
33555.jpg,1912,1920,8
33560.jpg,1912,1920,8
33565.jpg,1912,1930,18
33570.jpg,1912,1920,8
33580.jpg,1912,17,-1895
33585.jpg,1912,1920,8
33590.jpg,1912,1920,8
33595.jpg,1912,1890,-22
33600.jpg,1912,1920,8
33605.jpg,1912,1870,-42
33615.jpg,1912,1920,8
33620.jpg,1912,1920,8
33625.jpg,1912,1920,8
33630.jpg,1912,1920,8
33635.jpg,1912,1930,18
33640.jpg,1912,1850,-62
33645.jpg,1912,1920,8
33650.jpg,1912,1920,8
33655.jpg,1912,1920,8
33660.jpg,1912,1920,8
33665.jpg,1912,1890,-22
33670.jpg,1912,1920,8
33675.jpg,1912,2000,88
33680.jpg,1912,1920,8
33685.jpg,1912,1930,18
33690.jpg,1912,2003,91
33695.jpg,1912,1927,15
33700.jpg,1912,1927,15
33705.jpg,1912,1930,18
33710.jpg,1912,1920,8
33715.jpg,1912,1920,8
33720.jpg,1912,1920,8
33725.jpg,1912,1920,8
33735.jpg,1912,1920,8
33740.jpg,1912,1920,8
33745.jpg,1912,1930,18
33750.jpg,1912,1920,8
33755.jpg,1912,1920,8
33760.jpg,1912,1920,8
33765.jpg,1913,1960,47
33770.jpg,1913,1920,7
33775.jpg,1913,1900,-13
33780.jpg,1913,1920,7
33785.jpg,1913,1920,7
33790.jpg,1913,1920,7
33795.jpg,1913,1920,7
33800.jpg,1913,1829,-84
33805.jpg,1913,1928,15
33810.jpg,1913,1920,7
33815.jpg,1913,1930,17
33820.jpg,1913,1930,17
33825.jpg,1913,1920,7
33830.jpg,1913,1920,7
33840.jpg,1913,1920,7
33845.jpg,1913,1920,7
33850.jpg,1913,1920,7
33855.jpg,1913,1920,7
33860.jpg,1913,1920,7
33865.jpg,1913,1920,7
33870.jpg,1913,1920,7
33875.jpg,1913,1920,7
33880.jpg,1913,1920,7
33885.jpg,1913,1920,7
33890.jpg,1913,1920,7
33895.jpg,1913,1930,17
33900.jpg,1913,1928,15
33905.jpg,1913,1873,-40
33910.jpg,1913,1926,13
33915.jpg,1913,1920,7
33920.jpg,1913,1920,7
33925.jpg,1913,2000,87
33930.jpg,1913,1930,17
33935.jpg,1913,1830,-83
33940.jpg,1913,1920,7
33945.jpg,1913,1920,7
33950.jpg,1913,1920,7
33955.jpg,1913,1920,7
33960.jpg,1913,1930,17
33965.jpg,1913,1920,7
33970.jpg,1913,1920,7
33975.jpg,1913,1926,13
33980.jpg,1913,1960,47
33985.jpg,1913,1960,47
33990.jpg,1913,1870,-43
33995.jpg,1913,1923,10
34000.jpg,1913,1920,7
34005.jpg,1913,1930,17
34010.jpg,1913,1927,14
34015.jpg,1913,2000,87
34020.jpg,1913,1930,17
34025.jpg,1913,1930,17
34030.jpg,1913,1920,7
34035.jpg,1913,1930,17
34040.jpg,1913,1920,7
34045.jpg,1913,1930,17
34050.jpg,1913,1920,7
34055.jpg,1913,1920,7
34060.jpg,1913,1920,7
34065.jpg,1913,1920,7
34070.jpg,1913,1920,7
34080.jpg,1913,1920,7
34085.jpg,1913,1920,7
34090.jpg,1913,1920,7
34095.jpg,1913,1920,7
34100.jpg,1913,1920,7
34105.jpg,1913,1920,7
34110.jpg,1913,1920,7
34115.jpg,1913,1920,7
34120.jpg,1913,1930,17
34125.jpg,1913,1920,7
34130.jpg,1913,1920,7
34135.jpg,1913,1920,7
34140.jpg,1913,1920,7
34145.jpg,1913,1930,17
34150.jpg,1913,1830,-83
34155.jpg,1913,1930,17
34160.jpg,1913,1920,7
34165.jpg,1913,1920,7
34170.jpg,1913,1920,7
34175.jpg,1913,1890,-23
34180.jpg,1913,1730,-183
34185.jpg,1913,1927,14
34190.jpg,1913,2010,97
34195.jpg,1913,1820,-93
34200.jpg,1913,1930,17
34205.jpg,1913,1920,7
34210.jpg,1913,1920,7
34215.jpg,1913,1930,17
34220.jpg,1913,1920,7
34225.jpg,1914,1930,16
34230.jpg,1914,1920,6
34235.jpg,1914,1920,6
34240.jpg,1914,1926,12
34245.jpg,1914,2000,86
34250.jpg,1914,1930,16
34260.jpg,1914,2009,95
34265.jpg,1914,1920,6
34270.jpg,1914,1928,14
34275.jpg,1914,1920,6
34280.jpg,1914,1920,6
34285.jpg,1914,2000,86
34290.jpg,1914,1920,6
34295.jpg,1914,1920,6
34300.jpg,1914,1920,6
34305.jpg,1914,1920,6
34310.jpg,1914,1920,6
34315.jpg,1914,1920,6
34320.jpg,1914,1930,16
34325.jpg,1914,1920,6
34330.jpg,1914,1928,14
34335.jpg,1914,1926,12
34345.jpg,1914,1920,6
34350.jpg,1914,1820,-94
34360.jpg,1914,1920,6
34365.jpg,1914,1920,6
34370.jpg,1914,1930,16
34375.jpg,1914,1920,6
34380.jpg,1914,1930,16
34385.jpg,1914,1920,6
34390.jpg,1914,1920,6
34395.jpg,1914,1920,6
34400.jpg,1914,1870,-44
34405.jpg,1914,1920,6
34410.jpg,1914,1923,9
34415.jpg,1914,1800,-114
34420.jpg,1914,2000,86
34425.jpg,1914,1836,-78
34430.jpg,1914,1870,-44
34435.jpg,1914,1920,6
34440.jpg,1914,1920,6
34445.jpg,1914,1890,-24
34450.jpg,1914,1920,6
34455.jpg,1914,1920,6
34460.jpg,1914,1890,-24
34465.jpg,1914,1920,6
34470.jpg,1914,1930,16
34475.jpg,1914,1920,6
34480.jpg,1914,1920,6
34485.jpg,1914,1930,16
34490.jpg,1914,1920,6
34495.jpg,1914,1850,-64
34500.jpg,1914,1870,-44
34505.jpg,1914,1960,46
34515.jpg,1914,1920,6
34520.jpg,1914,1920,6
34525.jpg,1914,1920,6
34530.jpg,1914,1920,6
34535.jpg,1914,1932,18
34540.jpg,1914,1930,16
34545.jpg,1914,1920,6
34550.jpg,1914,1920,6
34555.jpg,1914,1830,-84
34560.jpg,1914,1920,6
34565.jpg,1914,1930,16
34570.jpg,1914,1930,16
34575.jpg,1914,1930,16
34580.jpg,1914,1930,16
34590.jpg,1914,1920,6
34595.jpg,1914,1920,6
34600.jpg,1914,1920,6
34605.jpg,1914,1920,6
34610.jpg,1914,1920,6
34615.jpg,1914,1920,6
34620.jpg,1914,1800,-114
34625.jpg,1914,1920,6
34630.jpg,1914,1800,-114
34635.jpg,1914,1850,-64
34640.jpg,1914,1930,16
34645.jpg,1914,1920,6
34650.jpg,1914,1920,6
34655.jpg,1914,1920,6
34660.jpg,1914,1930,16
34665.jpg,1914,1930,16
34670.jpg,1914,1920,6
34675.jpg,1914,1920,6
34680.jpg,1914,1987,73
34685.jpg,1914,1930,16
34690.jpg,1914,1920,6
34695.jpg,1914,1870,-44
34700.jpg,1914,1920,6
34705.jpg,1914,1930,16
34710.jpg,1914,1920,6
34715.jpg,1914,1920,6
34720.jpg,1915,1830,-85
34725.jpg,1915,1930,15
34730.jpg,1915,1930,15
34735.jpg,1915,1920,5
34740.jpg,1915,1914,-1
34750.jpg,1915,1920,5
34755.jpg,1915,2000,85
34765.jpg,1915,1600,-315
34770.jpg,1915,1930,15
34775.jpg,1915,1920,5
34780.jpg,1915,1930,15
34785.jpg,1915,1920,5
34790.jpg,1915,1920,5
34795.jpg,1915,1890,-25
34800.jpg,1915,1960,45
34805.jpg,1915,1920,5
34810.jpg,1915,1930,15
34815.jpg,1915,1920,5
34820.jpg,1915,2000,85
34825.jpg,1915,1920,5
34830.jpg,1915,1932,17
34835.jpg,1915,1930,15
34840.jpg,1915,1920,5
34845.jpg,1915,2000,85
34850.jpg,1915,1930,15
34855.jpg,1915,1920,5
34860.jpg,1915,1930,15
34865.jpg,1915,1920,5
34870.jpg,1915,1960,45
34875.jpg,1915,1960,45
34880.jpg,1915,1920,5
34885.jpg,1915,1826,-89
34890.jpg,1915,1850,-65
34895.jpg,1915,1920,5
34900.jpg,1915,1923,8
34905.jpg,1915,1920,5
34910.jpg,1915,1930,15
34915.jpg,1915,1920,5
34920.jpg,1915,1920,5
34925.jpg,1915,1920,5
34930.jpg,1915,1920,5
34935.jpg,1915,1920,5
34940.jpg,1915,1920,5
34945.jpg,1915,1920,5
34950.jpg,1915,1930,15
34955.jpg,1915,1850,-65
34960.jpg,1915,1920,5
34965.jpg,1915,1960,45
34970.jpg,1915,1920,5
34975.jpg,1915,1920,5
34980.jpg,1915,1920,5
34985.jpg,1915,1860,-55
34990.jpg,1915,1920,5
34995.jpg,1915,1920,5
35000.jpg,1915,1920,5
35005.jpg,1915,1920,5
35010.jpg,1915,1900,-15
35015.jpg,1915,1920,5
35020.jpg,1915,1920,5
35025.jpg,1915,1920,5
35030.jpg,1915,1920,5
35035.jpg,1915,1920,5
35040.jpg,1915,1920,5
35045.jpg,1915,1920,5
35050.jpg,1915,2000,85
35055.jpg,1915,1920,5
35060.jpg,1915,1920,5
35065.jpg,1915,1930,15
35070.jpg,1915,1920,5
35075.jpg,1915,1930,15
35080.jpg,1915,1930,15
35085.jpg,1915,1920,5
35090.jpg,1915,1920,5
35095.jpg,1915,1920,5
35100.jpg,1915,1920,5
35105.jpg,1915,1930,15
35110.jpg,1915,1920,5
35115.jpg,1915,1900,-15
35120.jpg,1915,1890,-25
35125.jpg,1915,1937,22
35130.jpg,1915,1930,15
35135.jpg,1915,1800,-115
35140.jpg,1915,1850,-65
35145.jpg,1915,1930,15
35150.jpg,1915,1967,52
35155.jpg,1915,1930,15
35160.jpg,1916,1930,14
35165.jpg,1916,1960,44
35170.jpg,1916,1930,14
35175.jpg,1916,2010,94
35180.jpg,1916,1870,-46
35185.jpg,1916,1920,4
35190.jpg,1916,1960,44
35195.jpg,1916,1920,4
35200.jpg,1916,1920,4
35205.jpg,1916,1920,4
35210.jpg,1916,2000,84
35215.jpg,1916,1830,-86
35220.jpg,1916,1930,14
35225.jpg,1916,1920,4
35230.jpg,1916,1920,4
35235.jpg,1916,1926,10
35240.jpg,1916,1930,14
35245.jpg,1916,1920,4
35250.jpg,1916,1920,4
35255.jpg,1916,2000,84
35260.jpg,1916,1920,4
35265.jpg,1916,1920,4
35270.jpg,1916,1920,4
35275.jpg,1916,1920,4
35280.jpg,1916,2000,84
35285.jpg,1916,1920,4
35290.jpg,1916,1920,4
35295.jpg,1916,1920,4
35300.jpg,1916,1930,14
35305.jpg,1916,1920,4
35310.jpg,1916,1923,7
35315.jpg,1916,1930,14
35320.jpg,1916,1960,44
35325.jpg,1916,1930,14
35330.jpg,1916,1960,44
35335.jpg,1916,1920,4
35340.jpg,1916,1920,4
35345.jpg,1916,1930,14
35350.jpg,1916,1920,4
35355.jpg,1916,1930,14
35360.jpg,1916,1920,4
35365.jpg,1916,1930,14
35370.jpg,1916,1920,4
35375.jpg,1916,1920,4
35380.jpg,1916,1920,4
35385.jpg,1916,1920,4
35390.jpg,1916,1930,14
35395.jpg,1916,1920,4
35400.jpg,1916,1920,4
35405.jpg,1916,1920,4
35410.jpg,1916,1960,44
35415.jpg,1916,1920,4
35420.jpg,1916,1930,14
35425.jpg,1916,1930,14
35430.jpg,1916,1930,14
35435.jpg,1916,1820,-96
35440.jpg,1916,1926,10
35445.jpg,1916,1930,14
35450.jpg,1916,1930,14
35455.jpg,1916,1920,4
35460.jpg,1916,1920,4
35465.jpg,1916,1920,4
35470.jpg,1916,1920,4
35475.jpg,1916,1876,-40
35480.jpg,1916,1930,14
35485.jpg,1916,1830,-86
35490.jpg,1916,1930,14
35495.jpg,1916,1930,14
35500.jpg,1916,1930,14
35505.jpg,1916,1870,-46
35510.jpg,1916,1800,-116
35515.jpg,1916,1920,4
35520.jpg,1916,1920,4
35525.jpg,1916,1928,12
35530.jpg,1916,1930,14
35535.jpg,1917,1920,3
35540.jpg,1917,1920,3
35545.jpg,1917,1920,3
35550.jpg,1917,1920,3
35555.jpg,1917,1920,3
35560.jpg,1917,1930,13
35565.jpg,1917,2000,83
35570.jpg,1917,1890,-27
35575.jpg,1917,1920,3
35580.jpg,1917,1800,-117
35585.jpg,1917,1870,-47
35590.jpg,1917,1920,3
35595.jpg,1917,1930,13
35600.jpg,1917,1929,12
35605.jpg,1917,1920,3
35610.jpg,1917,1920,3
35615.jpg,1917,1930,13
35620.jpg,1917,1930,13
35625.jpg,1917,1920,3
35630.jpg,1917,1920,3
35635.jpg,1917,1920,3
35640.jpg,1917,1920,3
35645.jpg,1917,1930,13
35650.jpg,1917,1920,3
35655.jpg,1917,1920,3
35660.jpg,1917,2000,83
35665.jpg,1917,1930,13
35670.jpg,1917,2000,83
35675.jpg,1917,1920,3
35680.jpg,1917,1930,13
35685.jpg,1917,1897,-20
35690.jpg,1917,1930,13
35695.jpg,1917,1930,13
35700.jpg,1917,1920,3
35705.jpg,1917,1930,13
35710.jpg,1917,1930,13
35715.jpg,1917,1930,13
35720.jpg,1917,2000,83
35725.jpg,1917,2000,83
35730.jpg,1917,1923,6
35735.jpg,1917,1926,9
35740.jpg,1917,1930,13
35745.jpg,1917,1930,13
35750.jpg,1917,1800,-117
35755.jpg,1917,1920,3
35760.jpg,1917,1930,13
35765.jpg,1917,1920,3
35770.jpg,1917,1930,13
35775.jpg,1917,1920,3
35780.jpg,1917,1920,3
35785.jpg,1917,2000,83
35790.jpg,1917,1930,13
35795.jpg,1917,1920,3
35800.jpg,1917,1920,3
35805.jpg,1917,1920,3
35810.jpg,1917,1920,3
35815.jpg,1917,1920,3
35820.jpg,1917,1930,13
35825.jpg,1917,1920,3
35830.jpg,1917,1800,-117
35835.jpg,1917,1930,13
35840.jpg,1917,1927,10
35845.jpg,1917,1930,13
35850.jpg,1917,1930,13
35855.jpg,1917,1930,13
35860.jpg,1917,1930,13
35865.jpg,1917,2000,83
35870.jpg,1917,1930,13
35875.jpg,1917,1960,43
35880.jpg,1917,1920,3
35885.jpg,1917,1960,43
35890.jpg,1917,1928,11
35895.jpg,1917,1920,3
35900.jpg,1917,1960,43
35905.jpg,1917,1920,3
35910.jpg,1917,1920,3
35915.jpg,1917,1950,33
35920.jpg,1918,1930,12
35925.jpg,1918,2000,82
35930.jpg,1918,1920,2
35935.jpg,1918,2000,82
35940.jpg,1918,1930,12
35945.jpg,1918,1920,2
35950.jpg,1918,1920,2
35955.jpg,1918,1960,42
35960.jpg,1918,1920,2
35965.jpg,1918,1960,42
35970.jpg,1918,1800,-118
35980.jpg,1918,1930,12
35985.jpg,1918,1920,2
35990.jpg,1918,1923,5
35995.jpg,1918,1930,12
36000.jpg,1918,1920,2
36005.jpg,1918,1920,2
36010.jpg,1918,1830,-88
36015.jpg,1918,1920,2
36020.jpg,1918,1920,2
36025.jpg,1918,1930,12
36030.jpg,1918,1930,12
36035.jpg,1918,1960,42
36040.jpg,1918,1920,2
36045.jpg,1918,1920,2
36050.jpg,1918,1920,2
36055.jpg,1918,1830,-88
36060.jpg,1918,1870,-48
36065.jpg,1918,1920,2
36070.jpg,1918,1920,2
36075.jpg,1918,1920,2
36080.jpg,1918,1930,12
36085.jpg,1918,1830,-88
36090.jpg,1918,1920,2
36095.jpg,1918,1930,12
36100.jpg,1918,1800,-118
36105.jpg,1918,1930,12
36110.jpg,1918,1920,2
36115.jpg,1919,1920,1
36120.jpg,1919,1930,11
36130.jpg,1919,2000,81
36140.jpg,1919,1920,1
36145.jpg,1919,1920,1
36150.jpg,1919,1930,11
36155.jpg,1919,1950,31
36160.jpg,1919,1930,11
36165.jpg,1919,1960,41
36170.jpg,1919,1870,-49
36175.jpg,1919,2000,81
36180.jpg,1919,2000,81
36190.jpg,1919,1960,41
36195.jpg,1919,1920,1
36200.jpg,1919,1930,11
36205.jpg,1919,1960,41
36210.jpg,1919,1920,1
36215.jpg,1919,1850,-69
36225.jpg,1919,1920,1
36230.jpg,1919,1920,1
36235.jpg,1919,1920,1
36240.jpg,1919,1920,1
36245.jpg,1919,1930,11
36250.jpg,1919,1920,1
36255.jpg,1919,1800,-119
36260.jpg,1919,1950,31
36265.jpg,1919,1920,1
36270.jpg,1919,1890,-29
36275.jpg,1919,1927,8
36280.jpg,1919,1830,-89
36285.jpg,1919,1930,11
36290.jpg,1919,2000,81
36295.jpg,1919,1920,1
36300.jpg,1919,1920,1
36305.jpg,1919,1920,1
36310.jpg,1919,1920,1
36315.jpg,1919,1850,-69
36320.jpg,1919,1960,41
36325.jpg,1919,1930,11
36330.jpg,1919,1960,41
36335.jpg,1919,1930,11
36340.jpg,1919,1920,1
36345.jpg,1919,1930,11
36350.jpg,1920,1920,0
36355.jpg,1920,1850,-70
36360.jpg,1920,1920,0
36365.jpg,1920,1960,40
36370.jpg,1920,2000,80
36375.jpg,1920,1930,10
36385.jpg,1920,1960,40
36390.jpg,1920,2010,90
36395.jpg,1920,1920,0
36400.jpg,1920,1920,0
36405.jpg,1920,1920,0
36410.jpg,1920,1960,40
36415.jpg,1920,1800,-120
36420.jpg,1920,1920,0
36425.jpg,1920,2000,80
36430.jpg,1920,1930,10
36435.jpg,1920,1920,0
36440.jpg,1920,1920,0
36445.jpg,1920,1920,0
36450.jpg,1920,1930,10
36455.jpg,1920,1930,10
36460.jpg,1920,1831,-89
36465.jpg,1920,1823,-97
36470.jpg,1920,1930,10
36475.jpg,1920,1896,-24
36480.jpg,1920,1920,0
36485.jpg,1920,1930,10
36490.jpg,1920,1960,40
36495.jpg,1920,1920,0
36500.jpg,1920,1930,10
36505.jpg,1920,1920,0
36510.jpg,1920,1920,0
36515.jpg,1920,1850,-70
36520.jpg,1920,1890,-30
36525.jpg,1920,1920,0
36530.jpg,1920,1700,-220
36535.jpg,1920,1920,0
36540.jpg,1920,1930,10
36545.jpg,1920,1800,-120
36550.jpg,1920,1920,0
36555.jpg,1920,1823,-97
36560.jpg,1920,1920,0
36565.jpg,1920,1870,-50
36570.jpg,1920,1920,0
36575.jpg,1920,1920,0
36580.jpg,1920,1930,10
36585.jpg,1920,1930,10
36590.jpg,1920,1920,0
36595.jpg,1920,1830,-90
36600.jpg,1920,1930,10
36605.jpg,1920,1920,0
36610.jpg,1920,1920,0
36615.jpg,1920,1870,-50
36620.jpg,1920,1920,0
36625.jpg,1920,1930,10
36630.jpg,1920,1920,0
36635.jpg,1920,1920,0
36640.jpg,1920,1930,10
36650.jpg,1920,1920,0
36655.jpg,1920,1920,0
36660.jpg,1920,1928,8
36665.jpg,1920,1930,10
36670.jpg,1920,1920,0
36675.jpg,1920,1920,0
36680.jpg,1920,1920,0
36685.jpg,1920,1800,-120
36690.jpg,1921,1920,-1
36695.jpg,1921,1960,39
36700.jpg,1921,1930,9
36705.jpg,1921,1920,-1
36710.jpg,1921,1920,-1
36715.jpg,1921,1930,9
36720.jpg,1921,2000,79
36725.jpg,1921,1930,9
36735.jpg,1921,2000,79
36740.jpg,1921,1920,-1
36745.jpg,1921,1920,-1
36750.jpg,1921,1920,-1
36755.jpg,1921,1920,-1
36760.jpg,1921,1920,-1
36765.jpg,1921,1930,9
36770.jpg,1921,1930,9
36775.jpg,1921,1930,9
36780.jpg,1921,1930,9
36785.jpg,1921,1930,9
36790.jpg,1921,1920,-1
36795.jpg,1921,1920,-1
36800.jpg,1921,1930,9
36805.jpg,1921,1920,-1
36810.jpg,1921,1820,-101
36815.jpg,1921,1960,39
36820.jpg,1921,1870,-51
36830.jpg,1921,1920,-1
36835.jpg,1921,1920,-1
36840.jpg,1921,1920,-1
36845.jpg,1921,1930,9
36850.jpg,1921,1920,-1
36855.jpg,1921,1920,-1
36860.jpg,1921,1920,-1
36870.jpg,1921,2000,79
36875.jpg,1921,1920,-1
36880.jpg,1921,1850,-71
36885.jpg,1921,1930,9
36890.jpg,1921,1920,-1
36895.jpg,1921,1930,9
36900.jpg,1921,1960,39
36905.jpg,1921,1929,8
36910.jpg,1921,1920,-1
36920.jpg,1921,1920,-1
36925.jpg,1921,1927,6
36930.jpg,1921,1920,-1
36935.jpg,1921,1920,-1
36940.jpg,1921,1950,29
36945.jpg,1921,1920,-1
36950.jpg,1921,1930,9
36955.jpg,1921,1920,-1
36960.jpg,1921,1890,-31
36965.jpg,1921,1930,9
36970.jpg,1922,1920,-2
36975.jpg,1922,1920,-2
36980.jpg,1922,1920,-2
36985.jpg,1922,1930,8
36990.jpg,1922,1920,-2
36995.jpg,1922,1928,6
37000.jpg,1922,2010,88
37005.jpg,1922,2000,78
37010.jpg,1922,1921,-1
37015.jpg,1922,2000,78
37020.jpg,1922,1920,-2
37025.jpg,1922,1920,-2
37030.jpg,1922,1930,8
37045.jpg,1922,1920,-2
37050.jpg,1922,1920,-2
37055.jpg,1922,1920,-2
37060.jpg,1922,1930,8
37065.jpg,1922,1920,-2
37070.jpg,1922,1930,8
37075.jpg,1922,1830,-92
37080.jpg,1922,1930,8
37085.jpg,1922,1800,-122
37090.jpg,1922,1920,-2
37095.jpg,1922,1930,8
37100.jpg,1922,1890,-32
37105.jpg,1922,1800,-122
37110.jpg,1922,1900,-22
37115.jpg,1922,1926,4
37120.jpg,1922,2000,78
37125.jpg,1922,1920,-2
37130.jpg,1922,1920,-2
37135.jpg,1922,1920,-2
37140.jpg,1922,1920,-2
37145.jpg,1922,1870,-52
37150.jpg,1922,1920,-2
37155.jpg,1922,1920,-2
37160.jpg,1922,1920,-2
37165.jpg,1922,1930,8
37170.jpg,1922,1960,38
37175.jpg,1922,1920,-2
37180.jpg,1922,1800,-122
37185.jpg,1922,1920,-2
37190.jpg,1922,1930,8
37195.jpg,1922,18,-1904
37200.jpg,1922,1930,8
37205.jpg,1922,1960,38
37210.jpg,1922,1920,-2
37215.jpg,1922,1930,8
37220.jpg,1922,1920,-2
37225.jpg,1922,2010,88
37230.jpg,1922,1920,-2
37235.jpg,1922,1920,-2
37240.jpg,1922,1920,-2
37245.jpg,1922,1930,8
37250.jpg,1922,1920,-2
37255.jpg,1922,2000,78
37260.jpg,1922,1920,-2
37270.jpg,1922,1920,-2
37275.jpg,1922,1930,8
37280.jpg,1922,1930,8
37285.jpg,1922,2000,78
37290.jpg,1922,1920,-2
37295.jpg,1922,1920,-2
37300.jpg,1922,1930,8
37305.jpg,1922,1920,-2
37310.jpg,1923,1930,7
37315.jpg,1923,1930,7
37320.jpg,1923,1920,-3
37330.jpg,1923,2008,85
37335.jpg,1923,1930,7
37340.jpg,1923,2000,77
37345.jpg,1923,2010,87
37355.jpg,1923,1930,7
37360.jpg,1923,1800,-123
37365.jpg,1923,1930,7
37370.jpg,1923,1930,7
37375.jpg,1923,1930,7
37380.jpg,1923,1950,27
37385.jpg,1923,1930,7
37390.jpg,1923,1920,-3
37395.jpg,1923,1930,7
37400.jpg,1923,1920,-3
37405.jpg,1923,1930,7
37410.jpg,1923,1920,-3
37415.jpg,1923,1930,7
37420.jpg,1923,1920,-3
37425.jpg,1923,2023,100
37430.jpg,1923,1920,-3
37435.jpg,1923,1960,37
37440.jpg,1923,1930,7
37445.jpg,1923,1920,-3
37450.jpg,1923,1930,7
37455.jpg,1923,1930,7
37460.jpg,1923,1920,-3
37465.jpg,1923,1936,13
37470.jpg,1923,1936,13
37475.jpg,1923,1930,7
37480.jpg,1923,1920,-3
37485.jpg,1923,1800,-123
37490.jpg,1923,1930,7
37495.jpg,1923,1960,37
37500.jpg,1923,1930,7
37505.jpg,1923,1920,-3
37510.jpg,1923,1920,-3
37515.jpg,1923,1920,-3
37520.jpg,1923,1800,-123
37525.jpg,1923,1920,-3
37530.jpg,1923,1920,-3
37535.jpg,1923,1920,-3
37540.jpg,1923,1920,-3
37545.jpg,1923,1930,7
37550.jpg,1923,1920,-3
37555.jpg,1923,1920,-3
37560.jpg,1923,1930,7
37565.jpg,1923,1800,-123
37570.jpg,1923,1920,-3
37575.jpg,1923,1920,-3
37580.jpg,1923,1920,-3
37585.jpg,1923,1928,5
37590.jpg,1923,1920,-3
37595.jpg,1923,1920,-3
37600.jpg,1923,1920,-3
37605.jpg,1923,1920,-3
37610.jpg,1923,1960,37
37615.jpg,1923,1968,45
37620.jpg,1923,2000,77
37625.jpg,1923,1960,37
37630.jpg,1923,1920,-3
37635.jpg,1923,1930,7
37640.jpg,1923,1920,-3
37645.jpg,1923,1870,-53
37650.jpg,1923,1930,7
37655.jpg,1923,1960,37
37660.jpg,1923,1920,-3
37665.jpg,1923,1920,-3
37670.jpg,1924,1920,-4
37675.jpg,1924,1930,6
37680.jpg,1924,1920,-4
37685.jpg,1924,1920,-4
37690.jpg,1924,1920,-4
37695.jpg,1924,1920,-4
37700.jpg,1924,1920,-4
37705.jpg,1924,2008,84
37710.jpg,1924,2000,76
37715.jpg,1924,1930,6
37720.jpg,1924,2023,99
37725.jpg,1924,1960,36
37730.jpg,1924,2000,76
37735.jpg,1924,1920,-4
37740.jpg,1924,1920,-4
37745.jpg,1924,1920,-4
37750.jpg,1924,1920,-4
37755.jpg,1924,1930,6
37760.jpg,1924,1930,6
37765.jpg,1924,1920,-4
37770.jpg,1924,2000,76
37775.jpg,1924,1920,-4
37780.jpg,1924,1920,-4
37785.jpg,1924,1830,-94
37790.jpg,1924,1930,6
37795.jpg,1924,1920,-4
37805.jpg,1924,1928,4
37810.jpg,1924,1920,-4
37815.jpg,1924,1920,-4
37820.jpg,1924,1870,-54
37825.jpg,1924,1930,6
37830.jpg,1924,1920,-4
37835.jpg,1924,1930,6
37845.jpg,1924,2000,76
37850.jpg,1924,1920,-4
37855.jpg,1924,1920,-4
37860.jpg,1924,1930,6
37865.jpg,1924,1927,3
37870.jpg,1924,1920,-4
37875.jpg,1924,1960,36
37880.jpg,1924,1930,6
37885.jpg,1924,1920,-4
37890.jpg,1924,1960,36
37895.jpg,1924,1930,6
37900.jpg,1924,1930,6
37905.jpg,1924,1920,-4
37910.jpg,1924,2000,76
37915.jpg,1924,1920,-4
37920.jpg,1924,1930,6
37925.jpg,1924,1920,-4
37930.jpg,1924,1920,-4
37935.jpg,1924,1920,-4
37940.jpg,1924,1960,36
37945.jpg,1924,2000,76
37950.jpg,1924,1928,4
37955.jpg,1924,2000,76
37960.jpg,1924,2000,76
37965.jpg,1924,1970,46
37970.jpg,1924,1800,-124
37975.jpg,1924,1930,6
37980.jpg,1924,1920,-4
37985.jpg,1924,2000,76
37990.jpg,1924,1920,-4
37995.jpg,1924,1920,-4
38000.jpg,1924,1911,-13
38005.jpg,1924,1930,6
38010.jpg,1924,1920,-4
38015.jpg,1924,1920,-4
38020.jpg,1924,1862,-62
38025.jpg,1924,1930,6
38030.jpg,1924,1920,-4
38035.jpg,1924,1939,15
38040.jpg,1924,1926,2
38045.jpg,1924,1930,6
38050.jpg,1924,1930,6
38055.jpg,1924,1930,6
38060.jpg,1924,1830,-94
38065.jpg,1924,1920,-4
38070.jpg,1924,1920,-4
38075.jpg,1924,1960,36
38080.jpg,1925,1800,-125
38085.jpg,1925,1920,-5
38090.jpg,1925,1930,5
38095.jpg,1925,1920,-5
38100.jpg,1925,1930,5
38105.jpg,1925,1920,-5
38110.jpg,1925,1920,-5
38115.jpg,1925,2000,75
38120.jpg,1925,2000,75
38125.jpg,1925,2000,75
38130.jpg,1925,2018,93
38135.jpg,1925,2000,75
38140.jpg,1925,1920,-5
38145.jpg,1925,1930,5
38150.jpg,1925,1960,35
38155.jpg,1925,1930,5
38160.jpg,1925,1890,-35
38165.jpg,1925,1920,-5
38170.jpg,1925,1930,5
38175.jpg,1925,1960,35
38180.jpg,1925,1930,5
38185.jpg,1925,1930,5
38190.jpg,1925,2000,75
38195.jpg,1925,1920,-5
38200.jpg,1925,2000,75
38205.jpg,1925,1930,5
38210.jpg,1925,1920,-5
38215.jpg,1925,1930,5
38220.jpg,1925,1960,35
38225.jpg,1925,1926,1
38230.jpg,1925,1920,-5
38235.jpg,1925,1930,5
38245.jpg,1925,1930,5
38255.jpg,1925,2000,75
38260.jpg,1925,2000,75
38265.jpg,1925,1930,5
38270.jpg,1925,1870,-55
38275.jpg,1925,1930,5
38280.jpg,1925,1930,5
38285.jpg,1925,1960,35
38290.jpg,1925,1872,-53
38295.jpg,1925,1920,-5
38300.jpg,1925,1920,-5
38305.jpg,1925,1930,5
38310.jpg,1925,1920,-5
38315.jpg,1925,1920,-5
38320.jpg,1925,1920,-5
38325.jpg,1925,1920,-5
38330.jpg,1925,1950,25
38335.jpg,1925,1920,-5
38340.jpg,1925,1920,-5
38345.jpg,1925,1930,5
38350.jpg,1925,1930,5
38355.jpg,1925,1920,-5
38360.jpg,1925,1960,35
38365.jpg,1925,1920,-5
38370.jpg,1925,1920,-5
38375.jpg,1925,1930,5
38380.jpg,1925,1930,5
38385.jpg,1925,1920,-5
38390.jpg,1925,1920,-5
38395.jpg,1925,1920,-5
38400.jpg,1925,1920,-5
38405.jpg,1925,1700,-225
38410.jpg,1925,1920,-5
38415.jpg,1925,1920,-5
38420.jpg,1925,1920,-5
38425.jpg,1925,1930,5
38435.jpg,1925,1926,1
38440.jpg,1925,1920,-5
38450.jpg,1925,1920,-5
38455.jpg,1925,2000,75
38460.jpg,1925,2000,75
38465.jpg,1925,1920,-5
38470.jpg,1925,1930,5
38475.jpg,1925,2000,75
38480.jpg,1925,1920,-5
38490.jpg,1925,1926,1
38495.jpg,1925,1920,-5
38500.jpg,1925,1925,0
38505.jpg,1925,1870,-55
38510.jpg,1925,1920,-5
38515.jpg,1926,1920,-6
38520.jpg,1926,1920,-6
38525.jpg,1926,1920,-6
38530.jpg,1926,1920,-6
38535.jpg,1926,1930,4
38540.jpg,1926,1920,-6
38545.jpg,1926,1920,-6
38550.jpg,1926,1930,4
38555.jpg,1926,1960,34
38560.jpg,1926,1930,4
38565.jpg,1926,1850,-76
38570.jpg,1926,1930,4
38575.jpg,1926,2000,74
38580.jpg,1926,2000,74
38585.jpg,1926,1960,34
38590.jpg,1926,2000,74
38595.jpg,1926,2000,74
38600.jpg,1926,1900,-26
38605.jpg,1926,2000,74
38610.jpg,1926,1920,-6
38620.jpg,1926,1920,-6
38625.jpg,1926,1930,4
38630.jpg,1926,1960,34
38635.jpg,1926,1930,4
38640.jpg,1926,1930,4
38645.jpg,1926,1960,34
38650.jpg,1926,1930,4
38655.jpg,1926,1930,4
38660.jpg,1926,1930,4
38665.jpg,1926,1960,34
38670.jpg,1926,1930,4
38675.jpg,1926,1920,-6
38680.jpg,1926,1928,2
38685.jpg,1926,1930,4
38690.jpg,1926,1960,34
38695.jpg,1926,1930,4
38700.jpg,1926,1920,-6
38705.jpg,1926,1820,-106
38710.jpg,1926,1920,-6
38715.jpg,1926,1930,4
38720.jpg,1926,1920,-6
38725.jpg,1926,1930,4
38730.jpg,1926,1926,0
38735.jpg,1926,1930,4
38740.jpg,1926,1930,4
38745.jpg,1926,1936,10
38750.jpg,1926,1930,4
38755.jpg,1926,1920,-6
38760.jpg,1926,1930,4
38765.jpg,1926,1920,-6
38770.jpg,1926,1920,-6
38775.jpg,1926,1700,-226
38780.jpg,1926,1920,-6
38785.jpg,1926,1920,-6
38790.jpg,1926,1920,-6
38795.jpg,1926,1930,4
38800.jpg,1926,1920,-6
38805.jpg,1926,1920,-6
38810.jpg,1926,1920,-6
38815.jpg,1926,1800,-126
38820.jpg,1926,1920,-6
38825.jpg,1926,1930,4
38830.jpg,1926,1920,-6
38835.jpg,1926,1960,34
38840.jpg,1926,1920,-6
38845.jpg,1926,1930,4
38850.jpg,1926,1920,-6
38855.jpg,1926,1920,-6
38860.jpg,1926,1920,-6
38865.jpg,1926,1930,4
38870.jpg,1926,1920,-6
38875.jpg,1926,1920,-6
38880.jpg,1926,1920,-6
38885.jpg,1926,1920,-6
38890.jpg,1926,1932,6
38895.jpg,1926,1920,-6
38905.jpg,1926,1920,-6
38910.jpg,1926,1929,3
38915.jpg,1926,2000,74
38920.jpg,1926,2000,74
38925.jpg,1926,1930,4
38930.jpg,1926,1930,4
38935.jpg,1926,1920,-6
38940.jpg,1926,1920,-6
38945.jpg,1926,1920,-6
38950.jpg,1926,1960,34
38955.jpg,1926,2000,74
38960.jpg,1926,1923,-3
38965.jpg,1926,1930,4
38970.jpg,1926,1920,-6
38975.jpg,1926,1930,4
38980.jpg,1926,1926,0
38985.jpg,1926,1930,4
38990.jpg,1926,1930,4
38995.jpg,1927,1920,-7
39000.jpg,1927,1930,3
39005.jpg,1927,1920,-7
39010.jpg,1927,1920,-7
39020.jpg,1927,1960,33
39025.jpg,1927,1930,3
39030.jpg,1927,1930,3
39035.jpg,1927,1930,3
39040.jpg,1927,1920,-7
39045.jpg,1927,1930,3
39050.jpg,1927,1920,-7
39055.jpg,1927,1930,3
39060.jpg,1927,1920,-7
39065.jpg,1927,1930,3
39070.jpg,1927,1930,3
39075.jpg,1927,1930,3
39080.jpg,1927,1930,3
39085.jpg,1927,2000,73
39090.jpg,1927,1970,43
39110.jpg,1927,2000,73
39115.jpg,1927,1920,-7
39120.jpg,1927,1932,5
39125.jpg,1927,1920,-7
39130.jpg,1927,1920,-7
39135.jpg,1927,1930,3
39140.jpg,1927,1920,-7
39145.jpg,1927,1930,3
39150.jpg,1927,1930,3
39155.jpg,1927,1930,3
39160.jpg,1927,1920,-7
39165.jpg,1927,1930,3
39170.jpg,1927,1870,-57
39175.jpg,1927,1928,1
39180.jpg,1927,1920,-7
39185.jpg,1927,1920,-7
39190.jpg,1927,1928,1
39195.jpg,1927,1927,0
39200.jpg,1927,1928,1
39205.jpg,1927,1928,1
39210.jpg,1927,1920,-7
39215.jpg,1927,1970,43
39220.jpg,1927,1923,-4
39225.jpg,1927,1930,3
39230.jpg,1927,1920,-7
39235.jpg,1927,1920,-7
39240.jpg,1927,1930,3
39245.jpg,1927,1930,3
39250.jpg,1927,1920,-7
39255.jpg,1927,1700,-227
39260.jpg,1927,2000,73
39265.jpg,1927,1930,3
39270.jpg,1927,1930,3
39275.jpg,1927,1930,3
39280.jpg,1927,1930,3
39285.jpg,1927,1930,3
39290.jpg,1927,1920,-7
39295.jpg,1927,1930,3
39300.jpg,1927,1930,3
39305.jpg,1927,1930,3
39310.jpg,1927,1920,-7
39315.jpg,1927,1960,33
39320.jpg,1927,1800,-127
39325.jpg,1927,1930,3
39330.jpg,1927,1920,-7
39335.jpg,1927,1920,-7
39340.jpg,1927,1930,3
39345.jpg,1927,1920,-7
39350.jpg,1927,1850,-77
39355.jpg,1927,1960,33
39360.jpg,1927,1930,3
39365.jpg,1927,1968,41
39370.jpg,1927,2000,73
39375.jpg,1927,1920,-7
39380.jpg,1927,1920,-7
39385.jpg,1927,1920,-7
39390.jpg,1927,1930,3
39395.jpg,1927,1870,-57
39400.jpg,1927,1920,-7
39405.jpg,1927,2000,73
39410.jpg,1927,2000,73
39415.jpg,1927,1926,-1
39420.jpg,1927,1930,3
39425.jpg,1927,1930,3
39430.jpg,1927,1920,-7
39435.jpg,1927,1850,-77
39440.jpg,1927,1930,3
39445.jpg,1927,1960,33
39450.jpg,1927,1920,-7
39455.jpg,1927,1936,9
39460.jpg,1927,1960,33
39465.jpg,1927,1920,-7
39470.jpg,1927,1920,-7
39475.jpg,1927,1928,1
39480.jpg,1927,1920,-7
39485.jpg,1927,1920,-7
39490.jpg,1927,1920,-7
39495.jpg,1927,1930,3
39500.jpg,1927,1920,-7
39505.jpg,1927,1930,3
39510.jpg,1928,1930,2
39515.jpg,1928,1920,-8
39520.jpg,1928,1930,2
39525.jpg,1928,1926,-2
39530.jpg,1928,1930,2
39535.jpg,1928,1930,2
39540.jpg,1928,1920,-8
39545.jpg,1928,1920,-8
39550.jpg,1928,1930,2
39555.jpg,1928,1930,2
39560.jpg,1928,1930,2
39565.jpg,1928,1930,2
39570.jpg,1928,1926,-2
39575.jpg,1928,2000,72
39580.jpg,1928,1920,-8
39585.jpg,1928,1923,-5
39590.jpg,1928,1923,-5
39595.jpg,1928,1920,-8
39600.jpg,1928,1970,42
39605.jpg,1928,2000,72
39610.jpg,1928,2000,72
39615.jpg,1928,2000,72
39620.jpg,1928,1920,-8
39625.jpg,1928,1920,-8
39630.jpg,1928,1920,-8
39635.jpg,1928,1920,-8
39640.jpg,1928,1920,-8
39645.jpg,1928,1930,2
39650.jpg,1928,1930,2
39655.jpg,1928,1930,2
39660.jpg,1928,1930,2
39665.jpg,1928,1930,2
39670.jpg,1928,1920,-8
39675.jpg,1928,1928,0
39680.jpg,1928,1920,-8
39685.jpg,1928,1930,2
39690.jpg,1928,1920,-8
39695.jpg,1928,1928,0
39700.jpg,1928,1927,-1
39705.jpg,1928,1920,-8
39710.jpg,1928,1930,2
39715.jpg,1928,1932,4
39720.jpg,1928,1930,2
39725.jpg,1928,1920,-8
39730.jpg,1928,1920,-8
39735.jpg,1928,1920,-8
39740.jpg,1928,1960,32
39745.jpg,1928,1960,32
39750.jpg,1928,1967,39
39755.jpg,1928,1836,-92
39760.jpg,1928,1870,-58
39765.jpg,1928,1872,-56
39770.jpg,1928,1780,-148
39775.jpg,1928,1920,-8
39780.jpg,1928,1960,32
39785.jpg,1928,1920,-8
39790.jpg,1928,1920,-8
39795.jpg,1928,1930,2
39800.jpg,1928,1920,-8
39805.jpg,1928,1920,-8
39810.jpg,1928,1930,2
39815.jpg,1928,1920,-8
39820.jpg,1928,1920,-8
39825.jpg,1928,1930,2
39830.jpg,1928,1930,2
39835.jpg,1928,1930,2
39840.jpg,1928,1920,-8
39845.jpg,1928,1920,-8
39850.jpg,1928,1930,2
39855.jpg,1928,2000,72
39860.jpg,1928,1920,-8
39865.jpg,1928,1870,-58
39870.jpg,1928,1700,-228
39875.jpg,1928,1930,2
39880.jpg,1928,1930,2
39885.jpg,1928,1930,2
39890.jpg,1928,1920,-8
39895.jpg,1928,1920,-8
39900.jpg,1928,2000,72
39905.jpg,1928,1928,0
39910.jpg,1928,1930,2
39915.jpg,1928,1800,-128
39920.jpg,1928,2000,72
39925.jpg,1928,1930,2
39930.jpg,1928,1931,3
39935.jpg,1928,1930,2
39940.jpg,1928,1930,2
39945.jpg,1928,1930,2
39950.jpg,1928,1920,-8
39955.jpg,1928,1850,-78
39960.jpg,1928,1920,-8
39965.jpg,1928,1928,0
39970.jpg,1928,1928,0
39975.jpg,1928,1930,2
39980.jpg,1928,2000,72
39985.jpg,1928,1920,-8
39990.jpg,1928,1937,9
39995.jpg,1928,1930,2
40000.jpg,1928,1930,2
40010.jpg,1928,2000,72
40015.jpg,1928,1920,-8
40020.jpg,1928,1928,0
40025.jpg,1928,1920,-8
40030.jpg,1928,1920,-8
40035.jpg,1928,1920,-8
40040.jpg,1928,1930,2
40045.jpg,1929,1930,1
40050.jpg,1929,1930,1
40055.jpg,1929,1927,-2
40060.jpg,1929,1930,1
40065.jpg,1929,1927,-2
40070.jpg,1929,1920,-9
40075.jpg,1929,1930,1
40080.jpg,1929,1930,1
40095.jpg,1929,1960,31
40105.jpg,1929,1930,1
40110.jpg,1929,1930,1
40115.jpg,1929,2000,71
40120.jpg,1929,1920,-9
40125.jpg,1929,1920,-9
40130.jpg,1929,1920,-9
40135.jpg,1929,1930,1
40140.jpg,1929,1930,1
40145.jpg,1929,1932,3
40150.jpg,1929,1930,1
40155.jpg,1929,1920,-9
40160.jpg,1929,2000,71
40165.jpg,1929,1930,1
40170.jpg,1929,1970,41
40175.jpg,1929,1928,-1
40180.jpg,1929,1930,1
40185.jpg,1929,2000,71
40190.jpg,1929,1930,1
40195.jpg,1929,1928,-1
40200.jpg,1929,1930,1
40205.jpg,1929,1928,-1
40210.jpg,1929,1928,-1
40215.jpg,1929,1930,1
40220.jpg,1929,1930,1
40225.jpg,1929,1920,-9
40230.jpg,1929,1920,-9
40235.jpg,1929,1920,-9
40240.jpg,1929,2000,71
40245.jpg,1929,1920,-9
40250.jpg,1929,2000,71
40255.jpg,1929,1930,1
40260.jpg,1929,1920,-9
40265.jpg,1929,1930,1
40270.jpg,1929,1923,-6
40275.jpg,1929,1930,1
40280.jpg,1929,1926,-3
40285.jpg,1929,1930,1
40290.jpg,1929,1873,-56
40295.jpg,1929,1920,-9
40305.jpg,1929,1930,1
40310.jpg,1929,1930,1
40315.jpg,1929,1920,-9
40320.jpg,1929,1930,1
40325.jpg,1929,1920,-9
40330.jpg,1929,1920,-9
40335.jpg,1929,1800,-129
40340.jpg,1929,1920,-9
40345.jpg,1929,1930,1
40350.jpg,1929,1876,-53
40355.jpg,1929,1850,-79
40360.jpg,1929,1920,-9
40365.jpg,1929,1930,1
40370.jpg,1929,1920,-9
40375.jpg,1929,1920,-9
40380.jpg,1929,1920,-9
40385.jpg,1929,1920,-9
40390.jpg,1929,1930,1
40395.jpg,1929,1960,31
40400.jpg,1929,1920,-9
40405.jpg,1929,1926,-3
40410.jpg,1929,1926,-3
40415.jpg,1929,1930,1
40420.jpg,1929,1930,1
40425.jpg,1929,1920,-9
40430.jpg,1929,1920,-9
40435.jpg,1929,1930,1
40440.jpg,1929,1930,1
40450.jpg,1929,1930,1
40455.jpg,1929,1930,1
40460.jpg,1929,1960,31
40465.jpg,1929,1930,1
40470.jpg,1929,1929,0
40475.jpg,1929,1920,-9
40480.jpg,1929,1960,31
40485.jpg,1929,1930,1
40490.jpg,1929,1900,-29
40495.jpg,1929,1920,-9
40500.jpg,1929,1930,1
40505.jpg,1929,2000,71
40510.jpg,1929,1930,1
40515.jpg,1929,1920,-9
40520.jpg,1929,1930,1
40525.jpg,1929,1800,-129
40530.jpg,1929,1930,1
40535.jpg,1929,1930,1
40540.jpg,1930,1826,-104
40545.jpg,1930,2006,76
40550.jpg,1930,2000,70
40555.jpg,1930,1930,0
40560.jpg,1930,2000,70
40565.jpg,1930,2000,70
40570.jpg,1930,1950,20
40575.jpg,1930,1930,0
40580.jpg,1930,1920,-10
40585.jpg,1930,1920,-10
40590.jpg,1930,1930,0
40595.jpg,1930,1920,-10
40600.jpg,1930,1930,0
40605.jpg,1930,1930,0
40610.jpg,1930,1893,-37
40615.jpg,1930,1830,-100
40620.jpg,1930,1930,0
40625.jpg,1930,1930,0
40630.jpg,1930,1930,0
40635.jpg,1930,1930,0
40640.jpg,1930,1930,0
40645.jpg,1930,1960,30
40650.jpg,1930,1930,0
40655.jpg,1930,1930,0
40660.jpg,1930,1800,-130
40665.jpg,1930,1932,2
40670.jpg,1930,2000,70
40675.jpg,1930,1862,-68
40680.jpg,1930,1790,-140
40685.jpg,1930,1930,0
40690.jpg,1930,1930,0
40695.jpg,1930,1930,0
40700.jpg,1930,1920,-10
40705.jpg,1930,1970,40
40710.jpg,1930,1760,-170
40715.jpg,1930,1800,-130
40720.jpg,1930,1920,-10
40725.jpg,1930,1920,-10
40730.jpg,1930,1920,-10
40735.jpg,1930,1920,-10
40740.jpg,1930,1900,-30
40745.jpg,1930,1920,-10
40750.jpg,1930,1700,-230
40755.jpg,1930,1930,0
40760.jpg,1930,1928,-2
40765.jpg,1930,1920,-10
40770.jpg,1930,1920,-10
40775.jpg,1930,1920,-10
40780.jpg,1930,2000,70
40785.jpg,1930,1930,0
40790.jpg,1930,1930,0
40795.jpg,1930,1930,0
40800.jpg,1930,1920,-10
40805.jpg,1930,1920,-10
40810.jpg,1930,1920,-10
40815.jpg,1930,1930,0
40820.jpg,1930,1928,-2
40825.jpg,1930,1930,0
40830.jpg,1930,1960,30
40835.jpg,1930,2000,70
40840.jpg,1930,1920,-10
40845.jpg,1930,1960,30
40850.jpg,1930,1929,-1
40855.jpg,1930,1928,-2
40860.jpg,1930,1930,0
40865.jpg,1930,1920,-10
40870.jpg,1930,1930,0
40875.jpg,1930,1920,-10
40885.jpg,1930,1930,0
40890.jpg,1930,1920,-10
40895.jpg,1930,1829,-101
40900.jpg,1930,1937,7
40905.jpg,1930,1920,-10
40910.jpg,1930,2000,70
40915.jpg,1930,1930,0
40920.jpg,1930,1920,-10
40925.jpg,1930,1928,-2
40930.jpg,1930,1920,-10
40935.jpg,1930,1936,6
40940.jpg,1930,1920,-10
40950.jpg,1930,1926,-4
40960.jpg,1930,1930,0
40965.jpg,1931,2000,69
40970.jpg,1931,1930,-1
40975.jpg,1931,1960,29
40980.jpg,1931,1920,-11
40985.jpg,1931,1921,-10
40990.jpg,1931,1930,-1
40995.jpg,1931,1938,7
41000.jpg,1931,1930,-1
41005.jpg,1931,1920,-11
41010.jpg,1931,2019,88
41015.jpg,1931,2000,69
41020.jpg,1931,1938,7
41025.jpg,1931,1923,-8
41030.jpg,1931,2000,69
41035.jpg,1931,1930,-1
41040.jpg,1931,1930,-1
41045.jpg,1931,1920,-11
41050.jpg,1931,1920,-11
41055.jpg,1931,1930,-1
41060.jpg,1931,1960,29
41065.jpg,1931,1920,-11
41070.jpg,1931,1930,-1
41075.jpg,1931,1928,-3
41080.jpg,1931,1930,-1
41085.jpg,1931,1928,-3
41095.jpg,1931,1928,-3
41100.jpg,1931,1960,29
41105.jpg,1931,1928,-3
41110.jpg,1931,1930,-1
41115.jpg,1931,1930,-1
41120.jpg,1931,1930,-1
41125.jpg,1931,1928,-3
41130.jpg,1931,2000,69
41135.jpg,1931,1930,-1
41140.jpg,1931,1930,-1
41150.jpg,1931,1920,-11
41155.jpg,1931,1892,-39
41160.jpg,1931,1960,29
41165.jpg,1931,19,-1912
41170.jpg,1931,1927,-4
41175.jpg,1931,1926,-5
41180.jpg,1931,1930,-1
41185.jpg,1931,1920,-11
41190.jpg,1931,1920,-11
41195.jpg,1931,1920,-11
41200.jpg,1931,1920,-11
41205.jpg,1931,1920,-11
41210.jpg,1931,1970,39
41215.jpg,1931,1920,-11
41220.jpg,1931,1920,-11
41225.jpg,1931,1920,-11
41230.jpg,1931,1927,-4
41235.jpg,1931,2000,69
41240.jpg,1931,1920,-11
41245.jpg,1931,1826,-105
41250.jpg,1931,1930,-1
41255.jpg,1931,1930,-1
41260.jpg,1931,1920,-11
41265.jpg,1931,1928,-3
41270.jpg,1931,1920,-11
41275.jpg,1931,1930,-1
41280.jpg,1931,1930,-1
41285.jpg,1931,1960,29
41290.jpg,1931,1960,29
41295.jpg,1931,1930,-1
41305.jpg,1931,1930,-1
41310.jpg,1932,1930,-2
41320.jpg,1932,1932,0
41325.jpg,1932,1700,-232
41330.jpg,1932,1930,-2
41340.jpg,1932,2000,68
41345.jpg,1932,1920,-12
41350.jpg,1932,1920,-12
41355.jpg,1932,1930,-2
41360.jpg,1932,1930,-2
41365.jpg,1932,1930,-2
41370.jpg,1932,1930,-2
41375.jpg,1932,1960,28
41380.jpg,1932,1927,-5
41385.jpg,1932,1926,-6
41390.jpg,1932,1930,-2
41395.jpg,1932,1960,28
41400.jpg,1932,2000,68
41405.jpg,1932,1930,-2
41410.jpg,1932,1920,-12
41415.jpg,1932,1932,0
41420.jpg,1932,1932,0
41425.jpg,1932,1920,-12
41430.jpg,1932,1920,-12
41435.jpg,1932,1800,-132
41440.jpg,1932,1700,-232
41445.jpg,1932,1920,-12
41450.jpg,1932,1920,-12
41455.jpg,1932,1720,-212
41460.jpg,1932,1793,-139
41465.jpg,1932,1970,38
41470.jpg,1932,2000,68
41475.jpg,1932,1920,-12
41480.jpg,1932,1930,-2
41485.jpg,1932,1930,-2
41490.jpg,1932,1930,-2
41495.jpg,1932,1930,-2
41500.jpg,1932,2000,68
41505.jpg,1932,1920,-12
41510.jpg,1932,1930,-2
41515.jpg,1932,1930,-2
41520.jpg,1932,1930,-2
41525.jpg,1932,1930,-2
41530.jpg,1932,1920,-12
41535.jpg,1932,1960,28
41540.jpg,1932,2000,68
41545.jpg,1932,1930,-2
41550.jpg,1932,2000,68
41555.jpg,1932,1926,-6
41560.jpg,1932,1830,-102
41565.jpg,1932,1930,-2
41570.jpg,1933,2000,67
41575.jpg,1933,1920,-13
41580.jpg,1933,18,-1915
41585.jpg,1933,2000,67
41590.jpg,1933,2000,67
41595.jpg,1933,1920,-13
41600.jpg,1933,1870,-63
41605.jpg,1933,1928,-5
41610.jpg,1933,1930,-3
41615.jpg,1933,1837,-96
41620.jpg,1933,1960,27
41625.jpg,1933,1960,27
41630.jpg,1933,1930,-3
41635.jpg,1933,1930,-3
41640.jpg,1933,1700,-233
41645.jpg,1933,1800,-133
41650.jpg,1933,1920,-13
41655.jpg,1933,1920,-13
41660.jpg,1933,1930,-3
41665.jpg,1933,1936,3
41670.jpg,1933,1930,-3
41675.jpg,1933,1930,-3
41680.jpg,1933,1960,27
41685.jpg,1933,1920,-13
41690.jpg,1933,1930,-3
41695.jpg,1933,2000,67
41700.jpg,1933,1920,-13
41705.jpg,1933,1930,-3
41710.jpg,1933,1930,-3
41715.jpg,1933,1836,-97
41720.jpg,1933,1920,-13
41725.jpg,1933,1920,-13
41730.jpg,1933,1927,-6
41745.jpg,1933,1800,-133
41750.jpg,1933,1930,-3
41755.jpg,1933,1930,-3
41760.jpg,1933,2000,67
41765.jpg,1933,1930,-3
41770.jpg,1933,1729,-204
41775.jpg,1933,1930,-3
41780.jpg,1933,1830,-103
41785.jpg,1933,1800,-133
41790.jpg,1933,2000,67
41795.jpg,1933,2010,77
41800.jpg,1933,1900,-33
41805.jpg,1933,1943,10
41810.jpg,1933,1930,-3
41815.jpg,1933,1920,-13
41820.jpg,1933,1960,27
41825.jpg,1933,1920,-13
41830.jpg,1933,1930,-3
41835.jpg,1934,1800,-134
41840.jpg,1934,1930,-4
41845.jpg,1934,2000,66
41850.jpg,1934,1930,-4
41855.jpg,1934,1960,26
41860.jpg,1934,2000,66
41865.jpg,1934,2000,66
41870.jpg,1934,2006,72
41875.jpg,1934,1920,-14
41880.jpg,1934,1930,-4
41885.jpg,1934,1920,-14
41890.jpg,1934,1930,-4
41895.jpg,1934,2000,66
41900.jpg,1934,1932,-2
41905.jpg,1934,1936,2
41910.jpg,1934,1930,-4
41915.jpg,1934,1930,-4
41920.jpg,1934,2000,66
41925.jpg,1934,1870,-64
41930.jpg,1934,1926,-8
41935.jpg,1934,1920,-14
41940.jpg,1934,1920,-14
41945.jpg,1934,18,-1916
41950.jpg,1934,1930,-4
41955.jpg,1934,1920,-14
41960.jpg,1934,1930,-4
41965.jpg,1934,2000,66
41970.jpg,1934,1732,-202
41975.jpg,1934,2007,73
41980.jpg,1934,2000,66
41985.jpg,1934,1920,-14
41990.jpg,1934,1930,-4
41995.jpg,1934,1930,-4
42000.jpg,1934,1930,-4
42005.jpg,1934,1900,-34
42010.jpg,1935,1920,-15
42015.jpg,1935,1920,-15
42020.jpg,1935,1930,-5
42025.jpg,1935,1936,1
42035.jpg,1935,2010,75
42040.jpg,1935,2000,65
42045.jpg,1935,1928,-7
42050.jpg,1935,1930,-5
42060.jpg,1935,1930,-5
42065.jpg,1935,1970,35
42070.jpg,1935,1930,-5
42075.jpg,1935,1930,-5
42080.jpg,1935,1960,25
42085.jpg,1935,1930,-5
42090.jpg,1935,1960,25
42095.jpg,1935,1800,-135
42100.jpg,1935,2000,65
42105.jpg,1935,1930,-5
42110.jpg,1935,2000,65
42115.jpg,1935,17,-1918
42120.jpg,1935,1930,-5
42125.jpg,1935,1920,-15
42130.jpg,1935,1960,25
42135.jpg,1935,1930,-5
42140.jpg,1935,1950,15
42145.jpg,1935,1700,-235
42150.jpg,1935,1850,-85
42155.jpg,1935,1800,-135
42160.jpg,1935,1920,-15
42165.jpg,1935,1920,-15
42170.jpg,1935,1920,-15
42175.jpg,1935,2000,65
42180.jpg,1935,1920,-15
42185.jpg,1935,1960,25
42190.jpg,1935,1930,-5
42195.jpg,1935,2000,65
42200.jpg,1935,2000,65
42205.jpg,1935,1930,-5
42210.jpg,1935,1960,25
42215.jpg,1935,1930,-5
42220.jpg,1935,1930,-5
42225.jpg,1935,1930,-5
42230.jpg,1935,1930,-5
42235.jpg,1935,1939,4
42240.jpg,1935,1920,-15
42250.jpg,1935,1960,25
42255.jpg,1935,1930,-5
42260.jpg,1935,1930,-5
42265.jpg,1935,1920,-15
42270.jpg,1935,1936,1
42275.jpg,1935,2000,65
42280.jpg,1935,1960,25
42285.jpg,1935,1920,-15
42290.jpg,1935,1950,15
42295.jpg,1936,1920,-16
42300.jpg,1936,1960,24
42305.jpg,1936,1930,-6
42310.jpg,1936,1920,-16
42315.jpg,1936,1930,-6
42320.jpg,1936,2000,64
42325.jpg,1936,2000,64
42330.jpg,1936,2000,64
42335.jpg,1936,1972,36
42340.jpg,1936,1930,-6
42345.jpg,1936,1930,-6
42350.jpg,1936,1960,24
42355.jpg,1936,1960,24
42360.jpg,1936,2000,64
42365.jpg,1936,1921,-15
42370.jpg,1936,1930,-6
42375.jpg,1936,1800,-136
42380.jpg,1936,1960,24
42385.jpg,1936,1930,-6
42390.jpg,1936,2000,64
42395.jpg,1936,1940,4
42400.jpg,1936,1960,24
42405.jpg,1936,1850,-86
42410.jpg,1936,1960,24
42415.jpg,1936,1960,24
42420.jpg,1936,1932,-4
42425.jpg,1936,1897,-39
42430.jpg,1936,1800,-136
42435.jpg,1936,1920,-16
42440.jpg,1936,1930,-6
42445.jpg,1936,1920,-16
42450.jpg,1936,1930,-6
42455.jpg,1936,1950,14
42460.jpg,1936,1930,-6
42465.jpg,1936,1930,-6
42470.jpg,1936,1960,24
42475.jpg,1936,1930,-6
42480.jpg,1936,1869,-67
42485.jpg,1936,1960,24
42490.jpg,1936,1930,-6
42495.jpg,1936,1930,-6
42500.jpg,1936,1930,-6
42505.jpg,1936,1930,-6
42510.jpg,1936,1800,-136
42515.jpg,1936,1930,-6
42520.jpg,1936,1920,-16
42525.jpg,1936,1920,-16
42530.jpg,1936,2000,64
42535.jpg,1936,1960,24
42540.jpg,1936,1876,-60
42545.jpg,1936,1930,-6
42550.jpg,1936,1930,-6
42555.jpg,1936,1800,-136
42560.jpg,1936,1930,-6
42565.jpg,1936,1839,-97
42570.jpg,1936,1930,-6
42575.jpg,1936,1930,-6
42585.jpg,1936,2000,64
42595.jpg,1936,1932,-4
42600.jpg,1936,1936,0
42610.jpg,1937,1938,1
42615.jpg,1937,1930,-7
42620.jpg,1937,1930,-7
42625.jpg,1937,1930,-7
42630.jpg,1937,1960,23
42635.jpg,1937,1930,-7
42640.jpg,1937,1960,23
42645.jpg,1937,2023,86
42650.jpg,1937,1960,23
42655.jpg,1937,2000,63
42660.jpg,1937,1930,-7
42665.jpg,1937,1920,-17
42670.jpg,1937,1870,-67
42675.jpg,1937,1960,23
42680.jpg,1937,2000,63
42685.jpg,1937,1960,23
42690.jpg,1937,1920,-17
42695.jpg,1937,1920,-17
42700.jpg,1937,1920,-17
42705.jpg,1937,1930,-7
42710.jpg,1937,1930,-7
42715.jpg,1937,2000,63
42720.jpg,1937,1930,-7
42725.jpg,1937,1920,-17
42730.jpg,1937,1970,33
42735.jpg,1937,1930,-7
42740.jpg,1937,1937,0
42745.jpg,1937,1923,-14
42750.jpg,1937,1960,23
42755.jpg,1937,1930,-7
42765.jpg,1937,1930,-7
42770.jpg,1937,1900,-37
42775.jpg,1937,1930,-7
42780.jpg,1937,1936,-1
42785.jpg,1937,1960,23
42790.jpg,1937,1920,-17
42795.jpg,1937,1930,-7
42800.jpg,1937,1920,-17
42805.jpg,1937,2000,63
42810.jpg,1937,1700,-237
42815.jpg,1937,1930,-7
42820.jpg,1937,2000,63
42825.jpg,1937,1890,-47
42830.jpg,1937,1930,-7
42835.jpg,1937,1930,-7
42840.jpg,1937,1960,23
42845.jpg,1937,1930,-7
42850.jpg,1937,1937,0
42855.jpg,1937,1930,-7
42860.jpg,1937,1920,-17
42865.jpg,1937,1960,23
42870.jpg,1937,1960,23
42875.jpg,1937,2000,63
42880.jpg,1937,1930,-7
42885.jpg,1937,1960,23
42890.jpg,1937,1930,-7
42895.jpg,1937,1930,-7
42900.jpg,1937,1960,23
42905.jpg,1937,2000,63
42910.jpg,1937,1930,-7
42915.jpg,1938,1936,-2
42920.jpg,1938,1930,-8
42925.jpg,1938,1919,-19
42930.jpg,1938,1930,-8
42935.jpg,1938,1920,-18
42940.jpg,1938,2000,62
42945.jpg,1938,2010,72
42950.jpg,1938,1960,22
42955.jpg,1938,2000,62
42960.jpg,1938,1960,22
42965.jpg,1938,1930,-8
42970.jpg,1938,1920,-18
42975.jpg,1938,1920,-18
42980.jpg,1938,1920,-18
42985.jpg,1938,1920,-18
42990.jpg,1938,1920,-18
42995.jpg,1938,1930,-8
43000.jpg,1938,1950,12
43005.jpg,1938,1930,-8
43010.jpg,1938,1930,-8
43015.jpg,1938,1930,-8
43020.jpg,1938,1920,-18
43025.jpg,1938,1953,15
43030.jpg,1938,1900,-38
43035.jpg,1938,1870,-68
43040.jpg,1938,1930,-8
43045.jpg,1938,1930,-8
43050.jpg,1938,1920,-18
43055.jpg,1938,1930,-8
43060.jpg,1938,1960,22
43065.jpg,1938,1950,12
43070.jpg,1938,1930,-8
43075.jpg,1938,1970,32
43080.jpg,1938,1950,12
43085.jpg,1938,1920,-18
43090.jpg,1938,2000,62
43095.jpg,1938,1920,-18
43100.jpg,1938,1960,22
43105.jpg,1938,2000,62
43110.jpg,1938,1930,-8
43115.jpg,1938,1932,-6
43120.jpg,1938,1930,-8
43125.jpg,1938,1920,-18
43130.jpg,1938,1930,-8
43135.jpg,1938,1920,-18
43140.jpg,1938,2000,62
43145.jpg,1938,1920,-18
43150.jpg,1938,1783,-155
43155.jpg,1938,2000,62
43160.jpg,1938,1930,-8
43165.jpg,1938,1930,-8
43170.jpg,1938,1937,-1
43175.jpg,1938,2000,62
43185.jpg,1938,1960,22
43190.jpg,1938,1930,-8
43195.jpg,1938,1930,-8
43200.jpg,1938,2000,62
43210.jpg,1939,1936,-3
43215.jpg,1939,1930,-9
43220.jpg,1939,1960,21
43225.jpg,1939,1800,-139
43235.jpg,1939,2000,61
43245.jpg,1939,2000,61
43250.jpg,1939,2000,61
43255.jpg,1939,2000,61
43260.jpg,1939,1960,21
43270.jpg,1939,1920,-19
43275.jpg,1939,1930,-9
43280.jpg,1939,1700,-239
43285.jpg,1939,1960,21
43290.jpg,1939,1930,-9
43295.jpg,1939,1930,-9
43300.jpg,1939,1960,21
43305.jpg,1939,1968,29
43310.jpg,1939,1930,-9
43315.jpg,1939,1930,-9
43320.jpg,1939,1930,-9
43325.jpg,1939,1930,-9
43330.jpg,1939,2000,61
43335.jpg,1939,1927,-12
43340.jpg,1939,2000,61
43345.jpg,1939,1870,-69
43350.jpg,1939,2000,61
43360.jpg,1939,1900,-39
43365.jpg,1939,1700,-239
43370.jpg,1939,1920,-19
43375.jpg,1939,1920,-19
43380.jpg,1939,1960,21
43385.jpg,1939,1950,11
43390.jpg,1939,1930,-9
43395.jpg,1939,1950,11
43400.jpg,1939,2000,61
43405.jpg,1939,2010,71
43410.jpg,1939,1930,-9
43415.jpg,1939,1930,-9
43420.jpg,1939,1930,-9
43425.jpg,1939,1930,-9
43430.jpg,1939,1890,-49
43435.jpg,1939,1930,-9
43440.jpg,1939,1800,-139
43445.jpg,1939,1960,21
43450.jpg,1939,1960,21
43455.jpg,1939,1930,-9
43460.jpg,1939,1930,-9
43465.jpg,1939,1920,-19
43470.jpg,1940,1960,20
43475.jpg,1940,1930,-10
43480.jpg,1940,1930,-10
43485.jpg,1940,1930,-10
43490.jpg,1940,1930,-10
43495.jpg,1940,1930,-10
43500.jpg,1940,1960,20
43505.jpg,1940,2010,70
43510.jpg,1940,1930,-10
43515.jpg,1940,2000,60
43520.jpg,1940,1930,-10
43525.jpg,1940,1830,-110
43530.jpg,1940,1930,-10
43535.jpg,1940,1930,-10
43540.jpg,1940,1930,-10
43545.jpg,1940,1960,20
43550.jpg,1940,1930,-10
43555.jpg,1940,1960,20
43560.jpg,1940,1960,20
43565.jpg,1940,1930,-10
43570.jpg,1940,1960,20
43575.jpg,1940,1960,20
43580.jpg,1940,1870,-70
43585.jpg,1940,1960,20
43590.jpg,1940,1930,-10
43595.jpg,1940,2000,60
43600.jpg,1940,1930,-10
43605.jpg,1940,1930,-10
43610.jpg,1940,1920,-20
43615.jpg,1940,1800,-140
43620.jpg,1940,1960,20
43625.jpg,1940,1800,-140
43630.jpg,1940,1927,-13
43635.jpg,1940,1932,-8
43640.jpg,1940,1930,-10
43645.jpg,1940,1930,-10
43650.jpg,1940,1920,-20
43655.jpg,1940,1930,-10
43660.jpg,1940,1960,20
43665.jpg,1940,1960,20
43670.jpg,1940,2000,60
43675.jpg,1940,1930,-10
43680.jpg,1940,1932,-8
43685.jpg,1940,1930,-10
43700.jpg,1940,1920,-20
43705.jpg,1940,1920,-20
43710.jpg,1940,1930,-10
43715.jpg,1940,1930,-10
43720.jpg,1941,1960,19
43725.jpg,1941,1930,-11
43730.jpg,1941,2000,59
43735.jpg,1941,2000,59
43740.jpg,1941,2000,59
43745.jpg,1941,1920,-21
43750.jpg,1941,1930,-11
43755.jpg,1941,1920,-21
43760.jpg,1941,1920,-21
43765.jpg,1941,1800,-141
43770.jpg,1941,1930,-11
43775.jpg,1941,1960,19
43780.jpg,1941,1960,19
43785.jpg,1941,1960,19
43790.jpg,1941,1930,-11
43795.jpg,1941,2000,59
43800.jpg,1941,1920,-21
43805.jpg,1941,1800,-141
43810.jpg,1941,1960,19
43815.jpg,1941,2000,59
43820.jpg,1941,1960,19
43825.jpg,1941,1970,29
43830.jpg,1941,2000,59
43835.jpg,1941,2000,59
43840.jpg,1941,2023,82
43845.jpg,1941,1932,-9
43850.jpg,1941,1970,29
43855.jpg,1941,1900,-41
43860.jpg,1941,1930,-11
43865.jpg,1942,1930,-12
43870.jpg,1942,1930,-12
43875.jpg,1942,1960,18
43880.jpg,1942,1930,-12
43885.jpg,1942,2000,58
43890.jpg,1942,1930,-12
43895.jpg,1942,1930,-12
43900.jpg,1942,1927,-15
43905.jpg,1942,1930,-12
43910.jpg,1942,1930,-12
43915.jpg,1942,1700,-242
43920.jpg,1942,1800,-142
43925.jpg,1942,2000,58
43930.jpg,1942,1930,-12
43935.jpg,1942,1920,-22
43940.jpg,1942,1920,-22
43945.jpg,1942,1960,18
43950.jpg,1942,1930,-12
43955.jpg,1942,1920,-22
43960.jpg,1943,2000,57
43965.jpg,1943,1970,27
43970.jpg,1943,2000,57
43975.jpg,1943,1930,-13
43980.jpg,1943,1987,44
43985.jpg,1943,1930,-13
43990.jpg,1943,2000,57
43995.jpg,1943,1920,-23
44000.jpg,1943,1960,17
44005.jpg,1943,2000,57
44010.jpg,1943,2000,57
44015.jpg,1943,1960,17
44020.jpg,1943,1960,17
44025.jpg,1943,1960,17
44030.jpg,1944,1970,26
44035.jpg,1944,1950,6
44040.jpg,1944,1970,26
44045.jpg,1944,1930,-14
44050.jpg,1944,2000,56
44055.jpg,1944,12,-1932
44060.jpg,1945,1920,-25
44065.jpg,1945,1950,5
44075.jpg,1945,2000,55
44080.jpg,1945,1930,-15
44090.jpg,1945,1870,-75
44095.jpg,1945,1930,-15
44100.jpg,1945,2000,55
44105.jpg,1945,1930,-15
44110.jpg,1945,1920,-25
44115.jpg,1946,2000,54
44120.jpg,1946,2000,54
44125.jpg,1946,2000,54
44130.jpg,1946,1920,-26
44135.jpg,1946,1928,-18
44140.jpg,1946,1960,14
44145.jpg,1946,1930,-16
44150.jpg,1946,1920,-26
44155.jpg,1946,1930,-16
44160.jpg,1946,2023,77
44165.jpg,1946,2000,54
44170.jpg,1946,1970,24
44175.jpg,1947,1960,13
44180.jpg,1947,1930,-17
44185.jpg,1947,1800,-147
44190.jpg,1947,2000,53
44195.jpg,1947,2000,53
44200.jpg,1947,2000,53
44205.jpg,1947,2000,53
44210.jpg,1947,2000,53
44215.jpg,1947,1960,13
44220.jpg,1947,1930,-17
44230.jpg,1947,1930,-17
44240.jpg,1947,1950,3
44245.jpg,1947,1900,-47
44250.jpg,1947,1930,-17
44255.jpg,1947,2000,53
44260.jpg,1947,1800,-147
44270.jpg,1947,1960,13
44275.jpg,1947,1850,-97
44280.jpg,1947,1960,13
44285.jpg,1948,1930,-18
44290.jpg,1948,2000,52
44295.jpg,1948,2000,52
44300.jpg,1948,2023,75
44305.jpg,1948,2000,52
44310.jpg,1948,2000,52
44315.jpg,1948,2008,60
44320.jpg,1948,2000,52
44325.jpg,1948,1960,12
44330.jpg,1948,1970,22
44335.jpg,1948,1920,-28
44340.jpg,1948,2000,52
44345.jpg,1948,2000,52
44350.jpg,1948,1930,-18
44355.jpg,1948,1960,12
44360.jpg,1948,1937,-11
44365.jpg,1948,1960,12
44370.jpg,1948,1920,-28
44375.jpg,1948,1920,-28
44380.jpg,1948,2000,52
44385.jpg,1948,2000,52
44390.jpg,1948,1930,-18
44395.jpg,1948,1930,-18
44400.jpg,1949,1836,-113
44405.jpg,1949,2000,51
44410.jpg,1949,1930,-19
44415.jpg,1949,2000,51
44420.jpg,1949,2000,51
44425.jpg,1949,2000,51
44430.jpg,1949,2000,51
44435.jpg,1949,2000,51
44440.jpg,1949,2000,51
44445.jpg,1949,2000,51
44450.jpg,1949,1930,-19
44455.jpg,1949,1930,-19
44460.jpg,1949,1960,11
44465.jpg,1949,1927,-22
44470.jpg,1949,1960,11
44475.jpg,1949,1920,-29
44480.jpg,1949,1960,11
44485.jpg,1949,2000,51
44490.jpg,1949,1920,-29
44495.jpg,1949,1960,11
44500.jpg,1949,1970,21
44510.jpg,1949,1920,-29
44515.jpg,1949,1920,-29
44520.jpg,1949,2000,51
44525.jpg,1949,1930,-19
44530.jpg,1949,1960,11
44535.jpg,1949,2000,51
44540.jpg,1950,1960,10
44545.jpg,1950,2000,50
44550.jpg,1950,1930,-20
44555.jpg,1950,1960,10
44560.jpg,1950,2000,50
44565.jpg,1950,2000,50
44570.jpg,1950,2000,50
44575.jpg,1950,1920,-30
44585.jpg,1950,2002,52
44590.jpg,1950,1960,10
44595.jpg,1950,2007,57
44600.jpg,1950,1972,22
44605.jpg,1950,1930,-20
44610.jpg,1950,1960,10
44615.jpg,1950,1960,10
44620.jpg,1950,1960,10
44625.jpg,1950,1928,-22
44630.jpg,1950,1960,10
44635.jpg,1950,2000,50
44640.jpg,1950,1950,0
44645.jpg,1950,1920,-30
44650.jpg,1950,1960,10
44655.jpg,1950,1900,-50
44660.jpg,1950,1960,10
44665.jpg,1950,1920,-30
44680.jpg,1950,1960,10
44685.jpg,1950,1950,0
44690.jpg,1950,2000,50
44695.jpg,1950,1930,-20
44700.jpg,1950,2000,50
44705.jpg,1951,2000,49
44710.jpg,1951,1930,-21
44720.jpg,1951,2000,49
44725.jpg,1951,2000,49
44730.jpg,1951,2000,49
44735.jpg,1951,1960,9
44740.jpg,1951,1930,-21
44745.jpg,1951,2000,49
44750.jpg,1951,1960,9
44755.jpg,1951,1930,-21
44760.jpg,1951,1930,-21
44765.jpg,1951,1920,-31
44770.jpg,1951,1452,-499
44775.jpg,1951,1920,-31
44780.jpg,1951,1862,-89
44785.jpg,1951,1960,9
44790.jpg,1951,1960,9
44795.jpg,1951,2010,59
44800.jpg,1951,1920,-31
44810.jpg,1951,1800,-151
44815.jpg,1951,2000,49
44820.jpg,1951,1930,-21
44825.jpg,1951,2000,49
44830.jpg,1951,2000,49
44840.jpg,1951,1960,9
44845.jpg,1952,1930,-22
44850.jpg,1952,2000,48
44855.jpg,1952,2000,48
44860.jpg,1952,2000,48
44865.jpg,1952,2023,71
44870.jpg,1952,2000,48
44875.jpg,1952,2000,48
44880.jpg,1952,1970,18
44885.jpg,1952,2000,48
44890.jpg,1952,2000,48
44895.jpg,1952,1952,0
44900.jpg,1952,1930,-22
44905.jpg,1952,1962,10
44910.jpg,1952,2000,48
44915.jpg,1952,1960,8
44920.jpg,1952,2000,48
44925.jpg,1952,1970,18
44930.jpg,1952,2000,48
44940.jpg,1952,1960,8
44945.jpg,1952,2000,48
44950.jpg,1952,2000,48
44955.jpg,1952,2000,48
44960.jpg,1953,1950,-3
44965.jpg,1953,2000,47
44970.jpg,1953,2010,57
44980.jpg,1953,1960,7
44985.jpg,1953,2008,55
44990.jpg,1953,2008,55
44995.jpg,1953,1970,17
45000.jpg,1953,2013,60
45005.jpg,1953,1930,-23
45010.jpg,1953,1930,-23
45015.jpg,1953,1960,7
45020.jpg,1953,1960,7
45025.jpg,1953,1960,7
45030.jpg,1953,1930,-23
45035.jpg,1953,1960,7
45040.jpg,1953,1960,7
45045.jpg,1953,1862,-91
45050.jpg,1953,1960,7
45055.jpg,1953,1960,7
45060.jpg,1953,1960,7
45065.jpg,1953,2000,47
45070.jpg,1953,1960,7
45075.jpg,1953,2000,47
45080.jpg,1953,1960,7
45085.jpg,1953,2000,47
45090.jpg,1953,1830,-123
45095.jpg,1954,1960,6
45100.jpg,1954,2000,46
45105.jpg,1954,2000,46
45110.jpg,1954,1960,6
45115.jpg,1954,2000,46
45120.jpg,1954,2000,46
45125.jpg,1954,2000,46
45130.jpg,1954,1960,6
45135.jpg,1954,1978,24
45140.jpg,1954,2000,46
45150.jpg,1954,1930,-24
45155.jpg,1954,1960,6
45160.jpg,1954,1960,6
45165.jpg,1954,1960,6
45170.jpg,1954,2007,53
45175.jpg,1954,1930,-24
45180.jpg,1954,1960,6
45185.jpg,1954,1900,-54
45190.jpg,1954,1960,6
45195.jpg,1954,1930,-24
45200.jpg,1954,1960,6
45205.jpg,1954,1927,-27
45210.jpg,1954,1920,-34
45215.jpg,1954,2000,46
45220.jpg,1954,1720,-234
45225.jpg,1954,1973,19
45230.jpg,1954,2000,46
45235.jpg,1955,1879,-76
45240.jpg,1955,2000,45
45245.jpg,1955,2000,45
45250.jpg,1955,2000,45
45255.jpg,1955,1970,15
45260.jpg,1955,1920,-35
45265.jpg,1955,2000,45
45275.jpg,1955,1960,5
45280.jpg,1955,2010,55
45285.jpg,1955,1960,5
45290.jpg,1955,1960,5
45295.jpg,1955,2000,45
45300.jpg,1955,2019,64
45310.jpg,1955,2000,45
45315.jpg,1955,1932,-23
45320.jpg,1955,1824,-131
45325.jpg,1955,1970,15
45330.jpg,1955,1960,5
45335.jpg,1955,1960,5
45345.jpg,1955,2000,45
45350.jpg,1955,1930,-25
45355.jpg,1955,2000,45
45360.jpg,1955,1832,-123
45365.jpg,1955,2000,45
45370.jpg,1955,1960,5
45375.jpg,1955,1800,-155
45385.jpg,1956,2000,44
45390.jpg,1956,1960,4
45395.jpg,1956,2000,44
45400.jpg,1956,2000,44
45405.jpg,1956,1972,16
45410.jpg,1956,2000,44
45415.jpg,1956,2000,44
45420.jpg,1956,1960,4
45430.jpg,1956,2000,44
45435.jpg,1956,1920,-36
45440.jpg,1956,2000,44
45445.jpg,1956,2000,44
45450.jpg,1956,2000,44
45455.jpg,1956,2000,44
45460.jpg,1956,1967,11
45465.jpg,1956,1920,-36
45470.jpg,1956,1930,-26
45475.jpg,1956,1960,4
45480.jpg,1956,1930,-26
45485.jpg,1956,1960,4
45490.jpg,1956,2000,44
45495.jpg,1956,1820,-136
45500.jpg,1956,2000,44
45505.jpg,1956,2000,44
45510.jpg,1956,2000,44
45515.jpg,1956,2010,54
45520.jpg,1956,1970,14
45530.jpg,1957,1930,-27
45535.jpg,1957,2000,43
45540.jpg,1957,2000,43
45545.jpg,1957,2000,43
45550.jpg,1957,2000,43
45555.jpg,1957,2000,43
45560.jpg,1957,2003,46
45565.jpg,1957,1970,13
45570.jpg,1957,2000,43
45575.jpg,1957,1920,-37
45585.jpg,1957,1920,-37
45590.jpg,1957,1960,3
45595.jpg,1957,2000,43
45605.jpg,1957,2000,43
45610.jpg,1957,2000,43
45615.jpg,1957,2000,43
45620.jpg,1957,2000,43
45630.jpg,1957,1863,-94
45635.jpg,1957,2000,43
45640.jpg,1957,1960,3
45645.jpg,1957,1800,-157
45650.jpg,1957,1960,3
45655.jpg,1957,1930,-27
45660.jpg,1957,1960,3
45665.jpg,1957,1960,3
45675.jpg,1957,2000,43
45680.jpg,1957,1930,-27
45685.jpg,1957,2000,43
45695.jpg,1957,2000,43
45700.jpg,1958,1820,-138
45705.jpg,1958,2000,42
45715.jpg,1958,2000,42
45720.jpg,1958,2000,42
45730.jpg,1958,2000,42
45735.jpg,1958,2000,42
45740.jpg,1958,2000,42
45745.jpg,1958,1960,2
45750.jpg,1958,2000,42
45755.jpg,1958,1870,-88
45760.jpg,1958,2000,42
45765.jpg,1958,1960,2
45770.jpg,1958,1972,14
45775.jpg,1958,2000,42
45780.jpg,1958,1960,2
45785.jpg,1958,2000,42
45790.jpg,1958,1960,2
45795.jpg,1958,1930,-28
45800.jpg,1958,1930,-28
45805.jpg,1958,1960,2
45810.jpg,1958,17,-1941
45815.jpg,1958,2000,42
45820.jpg,1958,2000,42
45825.jpg,1958,2000,42
45830.jpg,1958,2000,42
45835.jpg,1958,1930,-28
45840.jpg,1958,1960,2
45845.jpg,1958,1960,2
45850.jpg,1958,1960,2
45855.jpg,1959,2000,41
45860.jpg,1959,1800,-159
45870.jpg,1959,2008,49
45880.jpg,1959,1920,-39
45885.jpg,1959,2000,41
45890.jpg,1959,1960,1
45895.jpg,1959,1959,0
45900.jpg,1959,2000,41
45905.jpg,1959,1960,1
45910.jpg,1959,2000,41
45915.jpg,1959,1963,4
45925.jpg,1959,1930,-29
45930.jpg,1959,1960,1
45935.jpg,1959,1970,11
45940.jpg,1959,2000,41
45945.jpg,1959,2000,41
45950.jpg,1959,2000,41
45955.jpg,1959,1967,8
45960.jpg,1959,2000,41
45965.jpg,1959,1930,-29
45970.jpg,1959,1900,-59
45975.jpg,1959,1930,-29
45980.jpg,1959,1930,-29
45985.jpg,1959,1937,-22
45990.jpg,1960,1930,-30
45995.jpg,1960,2023,63
46000.jpg,1960,2000,40
46005.jpg,1960,2010,50
46015.jpg,1960,2000,40
46025.jpg,1960,2006,46
46030.jpg,1960,2000,40
46035.jpg,1960,1960,0
46040.jpg,1960,1960,0
46045.jpg,1960,2000,40
46050.jpg,1960,1930,-30
46055.jpg,1960,1800,-160
46060.jpg,1960,1960,0
46065.jpg,1960,1960,0
46070.jpg,1960,2000,40
46075.jpg,1960,2000,40
46080.jpg,1960,2000,40
46085.jpg,1960,1862,-98
46090.jpg,1960,1960,0
46095.jpg,1960,1960,0
46100.jpg,1960,1960,0
46105.jpg,1960,1960,0
46110.jpg,1960,2000,40
46115.jpg,1960,2000,40
46120.jpg,1960,2000,40
46130.jpg,1960,1800,-160
46135.jpg,1960,1960,0
46140.jpg,1960,1936,-24
46145.jpg,1960,1960,0
46150.jpg,1960,2000,40
46155.jpg,1961,1920,-41
46160.jpg,1961,1960,-1
46170.jpg,1961,2018,57
46180.jpg,1961,2000,39
46185.jpg,1961,2000,39
46190.jpg,1961,1850,-111
46195.jpg,1961,2000,39
46200.jpg,1961,2000,39
46205.jpg,1961,1960,-1
46210.jpg,1961,2000,39
46215.jpg,1961,2000,39
46220.jpg,1961,2000,39
46225.jpg,1961,1960,-1
46230.jpg,1961,2010,49
46235.jpg,1961,1960,-1
46240.jpg,1961,2010,49
46245.jpg,1961,1960,-1
46250.jpg,1961,2000,39
46255.jpg,1961,1950,-11
46260.jpg,1961,1960,-1
46265.jpg,1961,2000,39
46270.jpg,1961,1937,-24
46275.jpg,1961,2023,62
46280.jpg,1961,1830,-131
46285.jpg,1961,2000,39
46290.jpg,1961,2000,39
46295.jpg,1961,2000,39
46305.jpg,1961,1967,6
46310.jpg,1961,1967,6
46315.jpg,1961,2000,39
46320.jpg,1962,1960,-2
46330.jpg,1962,1830,-132
46335.jpg,1962,2010,48
46340.jpg,1962,2000,38
46345.jpg,1962,2000,38
46350.jpg,1962,1970,8
46355.jpg,1962,2012,50
46360.jpg,1962,2000,38
46365.jpg,1962,1960,-2
46370.jpg,1962,1960,-2
46375.jpg,1962,1970,8
46380.jpg,1962,2000,38
46385.jpg,1962,2000,38
46390.jpg,1962,1962,0
46395.jpg,1962,1926,-36
46400.jpg,1962,1920,-42
46405.jpg,1962,1869,-93
46410.jpg,1962,1960,-2
46415.jpg,1962,1870,-92
46420.jpg,1962,2000,38
46425.jpg,1962,2000,38
46430.jpg,1962,2000,38
46435.jpg,1962,1827,-135
46440.jpg,1962,2000,38
46445.jpg,1962,2000,38
46450.jpg,1962,1960,-2
46455.jpg,1962,1962,0
46460.jpg,1962,1970,8
46465.jpg,1963,1960,-3
46470.jpg,1963,1973,10
46475.jpg,1963,1962,-1
46480.jpg,1963,2000,37
46490.jpg,1963,2019,56
46495.jpg,1963,2023,60
46500.jpg,1963,1960,-3
46505.jpg,1963,2000,37
46510.jpg,1963,1972,9
46515.jpg,1963,2000,37
46520.jpg,1963,1970,7
46525.jpg,1963,2000,37
46530.jpg,1963,1970,7
46535.jpg,1963,1968,5
46540.jpg,1963,1930,-33
46545.jpg,1963,1960,-3
46550.jpg,1963,1960,-3
46555.jpg,1963,2000,37
46560.jpg,1963,1937,-26
46565.jpg,1963,2000,37
46570.jpg,1963,2000,37
46575.jpg,1963,1930,-33
46580.jpg,1963,2000,37
46585.jpg,1963,2000,37
46590.jpg,1963,13,-1950
46595.jpg,1963,1930,-33
46600.jpg,1963,2000,37
46605.jpg,1963,2000,37
46615.jpg,1963,1960,-3
46620.jpg,1963,1930,-33
46625.jpg,1963,2000,37
46630.jpg,1963,1960,-3
46635.jpg,1964,1970,6
46640.jpg,1964,2000,36
46645.jpg,1964,2000,36
46650.jpg,1964,2000,36
46655.jpg,1964,2000,36
46660.jpg,1964,2000,36
46665.jpg,1964,1960,-4
46670.jpg,1964,1970,6
46675.jpg,1964,2000,36
46680.jpg,1964,2000,36
46685.jpg,1964,2010,46
46690.jpg,1964,2000,36
46695.jpg,1964,2000,36
46700.jpg,1964,1960,-4
46705.jpg,1964,2000,36
46710.jpg,1964,1960,-4
46715.jpg,1964,2000,36
46720.jpg,1964,1952,-12
46725.jpg,1964,2000,36
46730.jpg,1964,2000,36
46735.jpg,1964,1972,8
46740.jpg,1964,1964,0
46745.jpg,1964,2000,36
46750.jpg,1964,1920,-44
46755.jpg,1964,1960,-4
46760.jpg,1964,1830,-134
46765.jpg,1964,2003,39
46770.jpg,1964,1930,-34
46775.jpg,1964,1930,-34
46780.jpg,1964,2000,36
46785.jpg,1964,2000,36
46790.jpg,1964,2000,36
46795.jpg,1964,1930,-34
46805.jpg,1964,1960,-4
46810.jpg,1964,1960,-4
46815.jpg,1964,2023,59
46820.jpg,1965,2000,35
46825.jpg,1965,2000,35
46830.jpg,1965,1974,9
46835.jpg,1965,2000,35
46840.jpg,1965,2023,58
46845.jpg,1965,2000,35
46850.jpg,1965,2000,35
46860.jpg,1965,2000,35
46865.jpg,1965,1970,5
46870.jpg,1965,2018,53
46875.jpg,1965,2000,35
46885.jpg,1965,2023,58
46890.jpg,1965,2000,35
46895.jpg,1965,1960,-5
46900.jpg,1965,2000,35
46905.jpg,1965,1932,-33
46910.jpg,1965,2000,35
46915.jpg,1965,2000,35
46920.jpg,1965,2000,35
46930.jpg,1965,1936,-29
46935.jpg,1965,2000,35
46940.jpg,1965,1930,-35
46945.jpg,1965,2000,35
46950.jpg,1965,2000,35
46955.jpg,1965,2000,35
46960.jpg,1965,2000,35
46965.jpg,1965,2000,35
46970.jpg,1965,1972,7
46990.jpg,1965,1970,5
46995.jpg,1965,1930,-35
47000.jpg,1965,2000,35
47005.jpg,1966,1970,4
47010.jpg,1966,2000,34
47015.jpg,1966,2000,34
47020.jpg,1966,2000,34
47025.jpg,1966,2000,34
47030.jpg,1966,2000,34
47035.jpg,1966,2000,34
47040.jpg,1966,2005,39
47050.jpg,1966,2000,34
47055.jpg,1966,2000,34
47060.jpg,1966,2000,34
47065.jpg,1966,1920,-46
47070.jpg,1966,1960,-6
47075.jpg,1966,2000,34
47080.jpg,1966,2000,34
47085.jpg,1966,1970,4
47090.jpg,1966,1970,4
47100.jpg,1966,1870,-96
47105.jpg,1966,1960,-6
47115.jpg,1966,1930,-36
47120.jpg,1966,2000,34
47125.jpg,1966,1930,-36
47130.jpg,1966,1930,-36
47135.jpg,1966,2000,34
47140.jpg,1966,2000,34
47145.jpg,1966,1920,-46
47150.jpg,1966,2000,34
47155.jpg,1966,1920,-46
47170.jpg,1966,2000,34
47175.jpg,1966,2000,34
47180.jpg,1966,2000,34
47185.jpg,1966,1960,-6
47190.jpg,1966,1960,-6
47195.jpg,1966,2000,34
47200.jpg,1966,2000,34
47205.jpg,1966,1960,-6
47210.jpg,1966,1960,-6
47215.jpg,1966,1972,6
47220.jpg,1966,1967,1
47225.jpg,1967,2000,33
47230.jpg,1967,1938,-29
47235.jpg,1967,1892,-75
47240.jpg,1967,2000,33
47245.jpg,1967,2000,33
47255.jpg,1967,2000,33
47265.jpg,1967,2000,33
47270.jpg,1967,2000,33
47275.jpg,1967,2000,33
47280.jpg,1967,2000,33
47285.jpg,1967,2000,33
47290.jpg,1967,2000,33
47295.jpg,1967,1934,-33
47300.jpg,1967,2008,41
47305.jpg,1967,1937,-30
47310.jpg,1967,1960,-7
47315.jpg,1967,1960,-7
47320.jpg,1967,1960,-7
47325.jpg,1967,2000,33
47330.jpg,1967,1960,-7
47335.jpg,1967,2000,33
47340.jpg,1967,2000,33
47345.jpg,1967,1930,-37
47350.jpg,1967,1960,-7
47355.jpg,1967,1960,-7
47360.jpg,1967,1920,-47
47365.jpg,1967,2000,33
47370.jpg,1967,1920,-47
47375.jpg,1967,1920,-47
47380.jpg,1967,1970,3
47385.jpg,1967,2000,33
47395.jpg,1967,2000,33
47400.jpg,1967,2000,33
47405.jpg,1967,1960,-7
47410.jpg,1967,2008,41
47420.jpg,1967,2000,33
47425.jpg,1967,2000,33
47430.jpg,1967,2008,41
47435.jpg,1967,2000,33
47440.jpg,1967,2000,33
47445.jpg,1967,2000,33
47450.jpg,1968,1960,-8
47455.jpg,1968,2000,32
47460.jpg,1968,1970,2
47465.jpg,1968,2000,32
47470.jpg,1968,2000,32
47475.jpg,1968,1970,2
47480.jpg,1968,2010,42
47485.jpg,1968,1960,-8
47490.jpg,1968,2010,42
47495.jpg,1968,2000,32
47500.jpg,1968,2000,32
47505.jpg,1968,1982,14
47515.jpg,1968,2000,32
47520.jpg,1968,2000,32
47525.jpg,1968,2000,32
47530.jpg,1968,1960,-8
47535.jpg,1968,1960,-8
47540.jpg,1968,1960,-8
47545.jpg,1968,1960,-8
47550.jpg,1968,2000,32
47555.jpg,1968,1964,-4
47560.jpg,1968,2003,35
47565.jpg,1968,1960,-8
47570.jpg,1968,1960,-8
47575.jpg,1968,1879,-89
47580.jpg,1968,2000,32
47585.jpg,1968,1830,-138
47590.jpg,1968,2000,32
47595.jpg,1968,2000,32
47600.jpg,1968,2000,32
47610.jpg,1968,2000,32
47620.jpg,1968,2000,32
47625.jpg,1968,1960,-8
47630.jpg,1968,1970,2
47635.jpg,1968,1960,-8
47640.jpg,1968,1970,2
47645.jpg,1968,1970,2
47650.jpg,1969,1960,-9
47655.jpg,1969,1960,-9
47660.jpg,1969,1960,-9
47665.jpg,1969,1968,-1
47670.jpg,1969,2000,31
47675.jpg,1969,1960,-9
47680.jpg,1969,2000,31
47685.jpg,1969,2000,31
47690.jpg,1969,2000,31
47695.jpg,1969,2000,31
47700.jpg,1969,2000,31
47710.jpg,1969,1970,1
47715.jpg,1969,1920,-49
47720.jpg,1969,1970,1
47730.jpg,1969,1960,-9
47735.jpg,1969,2000,31
47740.jpg,1969,1960,-9
47745.jpg,1969,2000,31
47750.jpg,1969,2006,37
47755.jpg,1969,1920,-49
47760.jpg,1969,2000,31
47765.jpg,1969,2000,31
47770.jpg,1969,2000,31
47780.jpg,1969,2000,31
47785.jpg,1969,2000,31
47790.jpg,1969,1970,1
47795.jpg,1969,2000,31
47800.jpg,1969,2000,31
47805.jpg,1969,1800,-169
47810.jpg,1969,1972,3
47815.jpg,1969,2008,39
47820.jpg,1969,2000,31
47825.jpg,1969,1970,1
47830.jpg,1969,1970,1
47835.jpg,1970,1960,-10
47840.jpg,1970,2000,30
47845.jpg,1970,2000,30
47850.jpg,1970,2000,30
47855.jpg,1970,2000,30
47860.jpg,1970,2023,53
47865.jpg,1970,2000,30
47870.jpg,1970,2000,30
47875.jpg,1970,2000,30
47880.jpg,1970,2008,38
47890.jpg,1970,2000,30
47895.jpg,1970,1960,-10
47900.jpg,1970,2000,30
47905.jpg,1970,2000,30
47910.jpg,1970,1970,0
47915.jpg,1970,2007,37
47920.jpg,1970,1960,-10
47925.jpg,1970,2000,30
47930.jpg,1970,2000,30
47935.jpg,1970,2000,30
47940.jpg,1970,1960,-10
47945.jpg,1970,18,-1952
47950.jpg,1970,2000,30
47955.jpg,1970,2000,30
47960.jpg,1970,1960,-10
47965.jpg,1970,2000,30
47970.jpg,1970,2000,30
47975.jpg,1970,1960,-10
47980.jpg,1970,1923,-47
47985.jpg,1970,1968,-2
47990.jpg,1970,2000,30
47995.jpg,1970,2000,30
48000.jpg,1971,1970,-1
48005.jpg,1971,1970,-1
48010.jpg,1971,2000,29
48020.jpg,1971,2000,29
48025.jpg,1971,2000,29
48030.jpg,1971,2000,29
48035.jpg,1971,2000,29
48040.jpg,1971,2000,29
48045.jpg,1971,2000,29
48050.jpg,1971,2000,29
48065.jpg,1971,2000,29
48070.jpg,1971,1968,-3
48075.jpg,1971,2000,29
48080.jpg,1971,1960,-11
48085.jpg,1971,2000,29
48090.jpg,1971,1962,-9
48095.jpg,1971,1932,-39
48100.jpg,1971,1920,-51
48105.jpg,1971,2000,29
48110.jpg,1971,2000,29
48115.jpg,1971,2000,29
48120.jpg,1971,2000,29
48130.jpg,1971,2000,29
48135.jpg,1971,2000,29
48140.jpg,1971,2000,29
48145.jpg,1971,2000,29
48150.jpg,1971,2000,29
48155.jpg,1971,1962,-9
48160.jpg,1971,1960,-11
48170.jpg,1971,1968,-3
48175.jpg,1971,1960,-11
48180.jpg,1972,1973,1
48185.jpg,1972,2000,28
48190.jpg,1972,1970,-2
48195.jpg,1972,2002,30
48200.jpg,1972,2000,28
48205.jpg,1972,2000,28
48215.jpg,1972,1960,-12
48220.jpg,1972,2000,28
48225.jpg,1972,2000,28
48230.jpg,1972,2000,28
48235.jpg,1972,2008,36
48240.jpg,1972,1967,-5
48245.jpg,1972,2000,28
48250.jpg,1972,2000,28
48255.jpg,1972,2000,28
48260.jpg,1972,1960,-12
48265.jpg,1972,2000,28
48270.jpg,1972,1960,-12
48275.jpg,1972,1926,-46
48280.jpg,1972,1960,-12
48285.jpg,1972,2000,28
48290.jpg,1972,1920,-52
48295.jpg,1972,2000,28
48300.jpg,1972,2000,28
48305.jpg,1972,2000,28
48310.jpg,1972,2000,28
48320.jpg,1972,2000,28
48325.jpg,1972,1960,-12
48330.jpg,1972,2000,28
48335.jpg,1972,1870,-102
48340.jpg,1972,2000,28
48345.jpg,1972,2000,28
48350.jpg,1972,2000,28
48355.jpg,1972,1970,-2
48360.jpg,1973,2000,27
48365.jpg,1973,2000,27
48370.jpg,1973,2000,27
48375.jpg,1973,2000,27
48380.jpg,1973,1970,-3
48385.jpg,1973,2000,27
48390.jpg,1973,2000,27
48395.jpg,1973,1960,-13
48400.jpg,1973,2000,27
48405.jpg,1973,2000,27
48410.jpg,1973,2000,27
48415.jpg,1973,2000,27
48420.jpg,1973,2000,27
48425.jpg,1973,2000,27
48430.jpg,1973,1970,-3
48435.jpg,1973,1960,-13
48440.jpg,1973,1970,-3
48445.jpg,1973,2000,27
48450.jpg,1973,2000,27
48455.jpg,1973,2000,27
48465.jpg,1973,2023,50
48475.jpg,1973,1970,-3
48480.jpg,1973,2000,27
48490.jpg,1973,2000,27
48495.jpg,1973,2000,27
48500.jpg,1973,1890,-83
48505.jpg,1973,1960,-13
48510.jpg,1973,2000,27
48515.jpg,1973,1920,-53
48525.jpg,1973,2000,27
48530.jpg,1974,2000,26
48535.jpg,1974,2000,26
48540.jpg,1974,2010,36
48545.jpg,1974,2000,26
48550.jpg,1974,2000,26
48555.jpg,1974,2007,33
48560.jpg,1974,2000,26
48565.jpg,1974,2000,26
48570.jpg,1974,2023,49
48575.jpg,1974,2000,26
48580.jpg,1974,2000,26
48585.jpg,1974,2000,26
48590.jpg,1974,1960,-14
48595.jpg,1974,1960,-14
48600.jpg,1974,2000,26
48605.jpg,1974,2003,29
48610.jpg,1974,2010,36
48615.jpg,1974,2000,26
48620.jpg,1974,1960,-14
48625.jpg,1974,2000,26
48630.jpg,1974,2000,26
48635.jpg,1974,2000,26
48640.jpg,1974,1920,-54
48650.jpg,1974,2000,26
48670.jpg,1974,2000,26
48675.jpg,1974,2000,26
48680.jpg,1974,2000,26
48685.jpg,1974,2000,26
48690.jpg,1974,2000,26
48695.jpg,1974,1920,-54
48700.jpg,1974,1973,-1
48705.jpg,1974,2023,49
48710.jpg,1974,2000,26
48715.jpg,1974,2003,29
48720.jpg,1974,2000,26
48725.jpg,1974,1920,-54
48735.jpg,1975,2000,25
48740.jpg,1975,2000,25
48745.jpg,1975,2004,29
48750.jpg,1975,1970,-5
48755.jpg,1975,2000,25
48760.jpg,1975,1972,-3
48765.jpg,1975,2000,25
48770.jpg,1975,2008,33
48775.jpg,1975,2000,25
48780.jpg,1975,2010,35
48785.jpg,1975,2000,25
48790.jpg,1975,2000,25
48795.jpg,1975,2000,25
48800.jpg,1975,1960,-15
48805.jpg,1975,2000,25
48810.jpg,1975,2000,25
48815.jpg,1975,2000,25
48820.jpg,1975,2000,25
48825.jpg,1975,1960,-15
48830.jpg,1975,1960,-15
48835.jpg,1975,2000,25
48840.jpg,1975,2000,25
48845.jpg,1975,1970,-5
48850.jpg,1975,2000,25
48855.jpg,1975,2010,35
48860.jpg,1975,2000,25
48865.jpg,1975,2000,25
48870.jpg,1975,2000,25
48875.jpg,1975,2000,25
48880.jpg,1975,2010,35
48885.jpg,1975,2000,25
48890.jpg,1975,2000,25
48895.jpg,1975,1980,5
48900.jpg,1976,1930,-46
48905.jpg,1976,2000,24
48910.jpg,1976,1970,-6
48915.jpg,1976,1970,-6
48920.jpg,1976,1973,-3
48925.jpg,1976,2000,24
48930.jpg,1976,2000,24
48940.jpg,1976,2000,24
48945.jpg,1976,1982,6
48950.jpg,1976,2023,47
48955.jpg,1976,1960,-16
48960.jpg,1976,2000,24
48965.jpg,1976,2000,24
48970.jpg,1976,2000,24
48975.jpg,1976,2000,24
48985.jpg,1976,2000,24
48990.jpg,1976,1930,-46
49000.jpg,1976,1600,-376
49020.jpg,1976,2000,24
49030.jpg,1976,2000,24
49035.jpg,1976,2000,24
49040.jpg,1976,2000,24
49045.jpg,1976,2000,24
49050.jpg,1976,2000,24
49060.jpg,1976,1936,-40
49065.jpg,1976,2023,47
49070.jpg,1976,1970,-6
49075.jpg,1976,1972,-4
49080.jpg,1976,1970,-6
49085.jpg,1976,2000,24
49090.jpg,1976,2010,34
49095.jpg,1977,2000,23
49100.jpg,1977,1920,-57
49105.jpg,1977,1970,-7
49110.jpg,1977,1960,-17
49115.jpg,1977,2000,23
49120.jpg,1977,2000,23
49125.jpg,1977,2000,23
49130.jpg,1977,2000,23
49135.jpg,1977,2000,23
49140.jpg,1977,2000,23
49145.jpg,1977,2000,23
49150.jpg,1977,1970,-7
49155.jpg,1977,2000,23
49160.jpg,1977,2000,23
49165.jpg,1977,1920,-57
49170.jpg,1977,2000,23
49175.jpg,1977,1800,-177
49180.jpg,1977,1960,-17
49185.jpg,1977,2000,23
49190.jpg,1977,2023,46
49195.jpg,1977,2000,23
49205.jpg,1977,2000,23
49210.jpg,1977,2000,23
49215.jpg,1977,2000,23
49220.jpg,1977,2000,23
49225.jpg,1977,1982,5
49230.jpg,1977,19,-1958
49235.jpg,1977,1986,9
49240.jpg,1977,2000,23
49250.jpg,1977,2000,23
49255.jpg,1977,2000,23
49260.jpg,1978,2000,22
49265.jpg,1978,2010,32
49270.jpg,1978,2000,22
49280.jpg,1978,1964,-14
49285.jpg,1978,2000,22
49290.jpg,1978,1920,-58
49295.jpg,1978,2010,32
49305.jpg,1978,2000,22
49310.jpg,1978,2000,22
49315.jpg,1978,2000,22
49320.jpg,1978,1970,-8
49325.jpg,1978,1960,-18
49330.jpg,1978,2023,45
49335.jpg,1978,2000,22
49340.jpg,1978,1920,-58
49345.jpg,1978,2000,22
49350.jpg,1978,2000,22
49355.jpg,1978,2000,22
49360.jpg,1978,2000,22
49365.jpg,1978,2000,22
49370.jpg,1978,2000,22
49375.jpg,1978,2000,22
49385.jpg,1978,2000,22
49390.jpg,1978,2000,22
49395.jpg,1978,1960,-18
49400.jpg,1978,1960,-18
49405.jpg,1979,1960,-19
49410.jpg,1979,2000,21
49415.jpg,1979,1982,3
49420.jpg,1979,2000,21
49425.jpg,1979,2008,29
49430.jpg,1979,2010,31
49435.jpg,1979,2000,21
49440.jpg,1979,2000,21
49445.jpg,1979,2000,21
49450.jpg,1979,2000,21
49455.jpg,1979,2000,21
49460.jpg,1979,2000,21
49465.jpg,1979,1800,-179
49470.jpg,1979,1930,-49
49475.jpg,1979,2000,21
49480.jpg,1979,1920,-59
49485.jpg,1979,1960,-19
49490.jpg,1979,1950,-29
49495.jpg,1979,1800,-179
49500.jpg,1979,2000,21
49505.jpg,1979,2000,21
49510.jpg,1979,1970,-9
49515.jpg,1979,2000,21
49525.jpg,1979,2000,21
49530.jpg,1979,2000,21
49535.jpg,1979,2000,21
49540.jpg,1979,2000,21
49545.jpg,1979,1960,-19
49550.jpg,1979,2006,27
49555.jpg,1979,2000,21
49560.jpg,1979,2000,21
49565.jpg,1980,2000,20
49570.jpg,1980,1870,-110
49585.jpg,1980,2023,43
49590.jpg,1980,1972,-8
49595.jpg,1980,2000,20
49600.jpg,1980,1970,-10
49605.jpg,1980,2000,20
49610.jpg,1980,2000,20
49615.jpg,1980,2000,20
49620.jpg,1980,1960,-20
49625.jpg,1980,2000,20
49630.jpg,1980,2000,20
49635.jpg,1980,2000,20
49640.jpg,1980,1970,-10
49645.jpg,1980,2000,20
49650.jpg,1980,2000,20
49655.jpg,1980,2000,20
49660.jpg,1980,2000,20
49665.jpg,1980,2010,30
49675.jpg,1980,2000,20
49680.jpg,1980,2000,20
49685.jpg,1980,2000,20
49690.jpg,1980,2000,20
49695.jpg,1980,2000,20
49700.jpg,1980,1988,8
49705.jpg,1980,1970,-10
49710.jpg,1981,2000,19
49715.jpg,1981,2010,29
49720.jpg,1981,2000,19
49725.jpg,1981,2000,19
49735.jpg,1981,2000,19
49740.jpg,1981,2000,19
49745.jpg,1981,2000,19
49750.jpg,1981,2010,29
49755.jpg,1981,1970,-11
49760.jpg,1981,2000,19
49770.jpg,1981,1970,-11
49775.jpg,1981,2000,19
49780.jpg,1981,2000,19
49785.jpg,1981,1960,-21
49790.jpg,1981,2000,19
49795.jpg,1981,2000,19
49800.jpg,1981,2000,19
49805.jpg,1981,2000,19
49810.jpg,1981,1960,-21
49815.jpg,1981,1960,-21
49820.jpg,1981,1836,-145
49825.jpg,1981,2000,19
49830.jpg,1981,1970,-11
49835.jpg,1981,2000,19
49840.jpg,1981,1920,-61
49845.jpg,1981,2000,19
49850.jpg,1981,2000,19
49860.jpg,1981,2000,19
49865.jpg,1981,2005,24
49875.jpg,1981,2000,19
49880.jpg,1981,2000,19
49885.jpg,1981,2000,19
49890.jpg,1981,2000,19
49895.jpg,1981,1970,-11
49900.jpg,1981,1890,-91
49905.jpg,1981,2000,19
49910.jpg,1981,2000,19
49915.jpg,1981,2000,19
49920.jpg,1982,1970,-12
49925.jpg,1982,1980,-2
49930.jpg,1982,2010,28
49935.jpg,1982,2000,18
49940.jpg,1982,1970,-12
49945.jpg,1982,2007,25
49950.jpg,1982,2019,37
49955.jpg,1982,2000,18
49960.jpg,1982,2000,18
49965.jpg,1982,2000,18
49975.jpg,1982,2000,18
49980.jpg,1982,2010,28
49985.jpg,1982,2000,18
49990.jpg,1982,2000,18
49995.jpg,1982,2000,18
50000.jpg,1982,2000,18
50005.jpg,1982,2000,18
50010.jpg,1982,1972,-10
50015.jpg,1982,2000,18
50020.jpg,1982,2000,18
50025.jpg,1982,2000,18
50030.jpg,1982,2000,18
50035.jpg,1982,1972,-10
50040.jpg,1982,2007,25
50045.jpg,1982,2000,18
50050.jpg,1982,1960,-22
50055.jpg,1982,2000,18
50060.jpg,1982,2000,18
50065.jpg,1982,1920,-62
50070.jpg,1982,2000,18
50075.jpg,1982,1960,-22
50080.jpg,1982,1930,-52
50095.jpg,1982,1930,-52
50100.jpg,1982,17,-1965
50105.jpg,1982,2000,18
50110.jpg,1982,1870,-112
50115.jpg,1982,2000,18
50120.jpg,1982,2000,18
50145.jpg,1982,1960,-22
50150.jpg,1982,1970,-12
50155.jpg,1982,1961,-21
50160.jpg,1983,1800,-183
50165.jpg,1983,2000,17
50170.jpg,1983,2023,40
50175.jpg,1983,2000,17
50185.jpg,1983,1930,-53
50190.jpg,1983,1923,-60
50195.jpg,1983,2018,35
50200.jpg,1983,1972,-11
50205.jpg,1983,2000,17
50210.jpg,1983,2000,17
50220.jpg,1983,2000,17
50225.jpg,1983,2000,17
50230.jpg,1983,1973,-10
50235.jpg,1983,2000,17
50240.jpg,1983,2000,17
50245.jpg,1983,1980,-3
50250.jpg,1983,2000,17
50255.jpg,1983,1973,-10
50260.jpg,1983,2009,26
50270.jpg,1983,2000,17
50275.jpg,1983,1970,-13
50280.jpg,1983,2000,17
50285.jpg,1983,2000,17
50290.jpg,1983,2000,17
50295.jpg,1983,2000,17
50300.jpg,1983,2000,17
50305.jpg,1983,2000,17
50310.jpg,1983,1930,-53
50315.jpg,1983,1700,-283
50320.jpg,1983,1960,-23
50325.jpg,1983,1920,-63
50330.jpg,1983,2000,17
50335.jpg,1983,2000,17
50340.jpg,1983,2000,17
50345.jpg,1983,2000,17
50350.jpg,1983,2000,17
50355.jpg,1983,1960,-23
50360.jpg,1983,2000,17
50365.jpg,1983,1973,-10
50370.jpg,1983,1987,4
50375.jpg,1983,2000,17
50380.jpg,1983,2000,17
50385.jpg,1983,2000,17
50390.jpg,1984,2000,16
50395.jpg,1984,2000,16
50400.jpg,1984,2000,16
50405.jpg,1984,2000,16
50410.jpg,1984,2000,16
50415.jpg,1984,2000,16
50420.jpg,1984,2000,16
50425.jpg,1984,2007,23
50430.jpg,1984,2000,16
50435.jpg,1984,2000,16
50440.jpg,1984,2000,16
50445.jpg,1984,2000,16
50450.jpg,1984,2000,16
50455.jpg,1984,2000,16
50465.jpg,1984,2000,16
50470.jpg,1984,2000,16
50475.jpg,1984,2000,16
50480.jpg,1984,1970,-14
50485.jpg,1984,2000,16
50490.jpg,1984,1923,-61
50495.jpg,1984,1971,-13
50500.jpg,1984,1930,-54
50505.jpg,1984,1960,-24
50515.jpg,1984,2023,39
50520.jpg,1984,2000,16
50525.jpg,1984,2000,16
50530.jpg,1984,1920,-64
50535.jpg,1984,2000,16
50540.jpg,1984,2000,16
50545.jpg,1984,2000,16
50550.jpg,1984,2000,16
50555.jpg,1984,2000,16
50560.jpg,1984,1960,-24
50565.jpg,1984,2000,16
50570.jpg,1984,2000,16
50575.jpg,1984,2000,16
50580.jpg,1985,1700,-285
50585.jpg,1985,2000,15
50595.jpg,1985,2000,15
50600.jpg,1985,2000,15
50605.jpg,1985,2000,15
50610.jpg,1985,2008,23
50615.jpg,1985,2000,15
50620.jpg,1985,2000,15
50630.jpg,1985,2000,15
50635.jpg,1985,2000,15
50640.jpg,1985,2000,15
50645.jpg,1985,1987,2
50650.jpg,1985,2000,15
50655.jpg,1985,2000,15
50660.jpg,1985,2000,15
50665.jpg,1985,2000,15
50670.jpg,1985,2000,15
50675.jpg,1985,2000,15
50680.jpg,1985,2000,15
50685.jpg,1985,2000,15
50690.jpg,1985,2000,15
50695.jpg,1985,2000,15
50700.jpg,1985,1965,-20
50705.jpg,1985,2000,15
50710.jpg,1985,1930,-55
50715.jpg,1985,2000,15
50720.jpg,1985,1870,-115
50730.jpg,1985,2000,15
50735.jpg,1985,2000,15
50740.jpg,1985,2000,15
50745.jpg,1985,2000,15
50750.jpg,1985,2000,15
50755.jpg,1985,2000,15
50760.jpg,1985,2000,15
50765.jpg,1985,2000,15
50770.jpg,1985,1970,-15
50775.jpg,1985,2000,15
50780.jpg,1986,2000,14
50785.jpg,1986,2000,14
50790.jpg,1986,1960,-26
50795.jpg,1986,2000,14
50800.jpg,1986,2000,14
50805.jpg,1986,2000,14
50810.jpg,1986,2000,14
50815.jpg,1986,2000,14
50820.jpg,1986,2000,14
50830.jpg,1986,2000,14
50835.jpg,1986,2000,14
50840.jpg,1986,2000,14
50845.jpg,1986,2000,14
50850.jpg,1986,1980,-6
50855.jpg,1986,2000,14
50860.jpg,1986,2000,14
50865.jpg,1986,1920,-66
50870.jpg,1986,2000,14
50885.jpg,1986,2000,14
50890.jpg,1986,2000,14
50895.jpg,1986,2000,14
50900.jpg,1986,1960,-26
50905.jpg,1986,2000,14
50910.jpg,1986,2000,14
50915.jpg,1986,2000,14
50920.jpg,1986,1930,-56
50925.jpg,1986,1830,-156
50930.jpg,1986,1960,-26
50935.jpg,1986,2000,14
50940.jpg,1986,1936,-50
50945.jpg,1986,2000,14
50950.jpg,1986,2000,14
50955.jpg,1986,2010,24
50960.jpg,1986,2000,14
50965.jpg,1986,2000,14
50970.jpg,1986,2000,14
50975.jpg,1986,2000,14
50980.jpg,1986,2000,14
50985.jpg,1986,2000,14
50990.jpg,1987,1700,-287
50995.jpg,1987,2000,13
51000.jpg,1987,2000,13
51010.jpg,1987,2000,13
51015.jpg,1987,2000,13
51020.jpg,1987,2000,13
51025.jpg,1987,2000,13
51030.jpg,1987,2000,13
51035.jpg,1987,2008,21
51040.jpg,1987,2000,13
51045.jpg,1987,2000,13
51050.jpg,1987,2000,13
51055.jpg,1987,1980,-7
51060.jpg,1987,2000,13
51065.jpg,1987,2000,13
51070.jpg,1987,2000,13
51075.jpg,1987,1970,-17
51080.jpg,1987,2000,13
51085.jpg,1987,2000,13
51090.jpg,1987,2000,13
51095.jpg,1987,2000,13
51100.jpg,1987,1960,-27
51105.jpg,1987,2000,13
51110.jpg,1987,1930,-57
51115.jpg,1987,2000,13
51120.jpg,1987,2000,13
51125.jpg,1987,18,-1969
51130.jpg,1987,1920,-67
51135.jpg,1987,2000,13
51140.jpg,1987,2000,13
51145.jpg,1987,2000,13
51155.jpg,1987,2000,13
51165.jpg,1987,1920,-67
51170.jpg,1987,1930,-57
51175.jpg,1987,2009,22
51180.jpg,1987,2000,13
51200.jpg,1988,2000,12
51205.jpg,1988,2007,19
51210.jpg,1988,2000,12
51215.jpg,1988,2000,12
51220.jpg,1988,2000,12
51225.jpg,1988,2000,12
51240.jpg,1988,2000,12
51245.jpg,1988,2006,18
51250.jpg,1988,2000,12
51255.jpg,1988,2000,12
51260.jpg,1988,2000,12
51265.jpg,1988,2000,12
51270.jpg,1988,2000,12
51275.jpg,1988,1970,-18
51280.jpg,1988,2000,12
51285.jpg,1988,2000,12
51290.jpg,1988,2006,18
51295.jpg,1988,1980,-8
51300.jpg,1988,2000,12
51305.jpg,1988,1970,-18
51310.jpg,1988,2000,12
51315.jpg,1988,2000,12
51320.jpg,1988,1927,-61
51330.jpg,1988,1950,-38
51335.jpg,1988,1928,-60
51340.jpg,1988,2000,12
51345.jpg,1988,1920,-68
51350.jpg,1988,1920,-68
51355.jpg,1988,2000,12
51360.jpg,1988,2000,12
51365.jpg,1988,2000,12
51370.jpg,1988,2000,12
51375.jpg,1988,2023,35
51380.jpg,1988,2000,12
51385.jpg,1988,2023,35
51390.jpg,1988,2000,12
51395.jpg,1988,2000,12
51400.jpg,1988,2000,12
51405.jpg,1988,1970,-18
51410.jpg,1989,2006,17
51415.jpg,1989,1973,-16
51420.jpg,1989,2000,11
51425.jpg,1989,2000,11
51430.jpg,1989,2017,28
51435.jpg,1989,2000,11
51440.jpg,1989,2000,11
51445.jpg,1989,2000,11
51455.jpg,1989,2000,11
51460.jpg,1989,2000,11
51470.jpg,1989,2000,11
51475.jpg,1989,2009,20
51480.jpg,1989,2000,11
51485.jpg,1989,2000,11
51490.jpg,1989,2000,11
51495.jpg,1989,2000,11
51500.jpg,1989,2000,11
51505.jpg,1989,2000,11
51510.jpg,1989,2000,11
51515.jpg,1989,2000,11
51520.jpg,1989,2000,11
51525.jpg,1989,1920,-69
51530.jpg,1989,2000,11
51535.jpg,1989,1987,-2
51540.jpg,1989,2000,11
51545.jpg,1989,1930,-59
51550.jpg,1989,1920,-69
51555.jpg,1989,2000,11
51560.jpg,1989,2000,11
51565.jpg,1989,2000,11
51575.jpg,1989,2000,11
51580.jpg,1989,1483,-506
51585.jpg,1989,2000,11
51590.jpg,1989,1987,-2
51595.jpg,1989,2000,11
51600.jpg,1989,2000,11
51605.jpg,1990,1870,-120
51610.jpg,1990,2000,10
51615.jpg,1990,2000,10
51620.jpg,1990,2000,10
51625.jpg,1990,2000,10
51630.jpg,1990,2000,10
51635.jpg,1990,2000,10
51640.jpg,1990,2000,10
51645.jpg,1990,2008,18
51650.jpg,1990,2003,13
51655.jpg,1990,2009,19
51660.jpg,1990,1964,-26
51670.jpg,1990,2000,10
51675.jpg,1990,2000,10
51680.jpg,1990,2000,10
51685.jpg,1990,2000,10
51690.jpg,1990,2000,10
51695.jpg,1990,1983,-7
51700.jpg,1990,2000,10
51705.jpg,1990,2000,10
51710.jpg,1990,1970,-20
51715.jpg,1990,1970,-20
51720.jpg,1990,1960,-30
51725.jpg,1990,2009,19
51730.jpg,1990,2003,13
51735.jpg,1990,2000,10
51740.jpg,1990,1960,-30
51745.jpg,1990,1920,-70
51755.jpg,1990,2000,10
51760.jpg,1990,1930,-60
51765.jpg,1990,1870,-120
51770.jpg,1990,2000,10
51775.jpg,1990,2000,10
51780.jpg,1990,2000,10
51785.jpg,1990,1960,-30
51795.jpg,1990,2023,33
51805.jpg,1990,2000,10
51810.jpg,1990,2000,10
51815.jpg,1990,2000,10
51820.jpg,1990,2000,10
51825.jpg,1990,1960,-30
51830.jpg,1990,2000,10
51840.jpg,1991,1920,-71
51845.jpg,1991,1928,-63
51850.jpg,1991,2010,19
51860.jpg,1991,2000,9
51865.jpg,1991,2000,9
51870.jpg,1991,2000,9
51875.jpg,1991,2000,9
51885.jpg,1991,2000,9
51890.jpg,1991,1970,-21
51895.jpg,1991,2000,9
51905.jpg,1991,2000,9
51910.jpg,1991,2000,9
51920.jpg,1991,2000,9
51925.jpg,1991,2000,9
51930.jpg,1991,2000,9
51935.jpg,1991,2000,9
51940.jpg,1991,2000,9
51945.jpg,1991,2000,9
51950.jpg,1991,2000,9
51955.jpg,1991,2000,9
51960.jpg,1991,2000,9
51965.jpg,1991,1960,-31
51970.jpg,1991,2000,9
51975.jpg,1991,1972,-19
51980.jpg,1991,2023,32
51985.jpg,1991,1926,-65
51990.jpg,1991,2000,9
51995.jpg,1991,2000,9
52000.jpg,1991,1960,-31
52015.jpg,1991,2000,9
52020.jpg,1991,2000,9
52025.jpg,1991,2000,9
52035.jpg,1991,2000,9
52040.jpg,1991,2000,9
52045.jpg,1991,2000,9
52060.jpg,1991,2000,9
52065.jpg,1992,2000,8
52070.jpg,1992,2000,8
52075.jpg,1992,2000,8
52080.jpg,1992,2000,8
52085.jpg,1992,1964,-28
52090.jpg,1992,2000,8
52095.jpg,1992,2000,8
52100.jpg,1992,2000,8
52105.jpg,1992,2003,11
52110.jpg,1992,2000,8
52115.jpg,1992,2000,8
52120.jpg,1992,2000,8
52125.jpg,1992,2000,8
52130.jpg,1992,2000,8
52135.jpg,1992,2006,14
52140.jpg,1992,2006,14
52145.jpg,1992,2000,8
52150.jpg,1992,2000,8
52155.jpg,1992,2000,8
52160.jpg,1992,2000,8
52165.jpg,1992,2009,17
52170.jpg,1992,2000,8
52175.jpg,1992,2000,8
52180.jpg,1992,2000,8
52185.jpg,1992,2000,8
52190.jpg,1992,2005,13
52195.jpg,1992,1978,-14
52200.jpg,1992,2000,8
52205.jpg,1992,2000,8
52210.jpg,1992,1960,-32
52215.jpg,1992,2000,8
52220.jpg,1992,2000,8
52225.jpg,1992,1920,-72
52230.jpg,1992,18,-1974
52235.jpg,1992,1920,-72
52240.jpg,1992,2000,8
52245.jpg,1992,2000,8
52250.jpg,1992,2000,8
52260.jpg,1992,2000,8
52270.jpg,1993,2000,7
52275.jpg,1993,2000,7
52280.jpg,1993,2000,7
52285.jpg,1993,2000,7
52290.jpg,1993,2000,7
52300.jpg,1993,2000,7
52305.jpg,1993,2000,7
52310.jpg,1993,2000,7
52315.jpg,1993,2000,7
52320.jpg,1993,2000,7
52325.jpg,1993,2000,7
52335.jpg,1993,2000,7
52340.jpg,1993,2000,7
52345.jpg,1993,2000,7
52350.jpg,1993,2000,7
52355.jpg,1993,2000,7
52360.jpg,1993,1970,-23
52365.jpg,1993,2006,13
52370.jpg,1993,2000,7
52375.jpg,1993,2000,7
52380.jpg,1993,2000,7
52385.jpg,1993,2003,10
52390.jpg,1993,2000,7
52395.jpg,1993,2000,7
52400.jpg,1993,2000,7
52405.jpg,1993,2023,30
52410.jpg,1993,2000,7
52415.jpg,1993,2000,7
52420.jpg,1993,2000,7
52425.jpg,1993,1930,-63
52430.jpg,1993,2000,7
52435.jpg,1993,2000,7
52440.jpg,1993,2000,7
52445.jpg,1993,2000,7
52450.jpg,1993,1870,-123
52455.jpg,1993,2010,17
52460.jpg,1993,2000,7
52465.jpg,1993,2000,7
52475.jpg,1994,2010,16
52480.jpg,1994,2000,6
52485.jpg,1994,2000,6
52490.jpg,1994,2000,6
52495.jpg,1994,2003,9
52505.jpg,1994,2000,6
52510.jpg,1994,2001,7
52515.jpg,1994,2000,6
52525.jpg,1994,2000,6
52530.jpg,1994,2000,6
52535.jpg,1994,2000,6
52540.jpg,1994,1985,-9
52545.jpg,1994,2000,6
52550.jpg,1994,2000,6
52555.jpg,1994,2000,6
52560.jpg,1994,1930,-64
52570.jpg,1994,1960,-34
52575.jpg,1994,2000,6
52580.jpg,1994,1973,-21
52585.jpg,1994,2003,9
52590.jpg,1994,2000,6
52595.jpg,1994,1920,-74
52600.jpg,1994,1930,-64
52605.jpg,1994,16,-1978
52610.jpg,1994,2000,6
52615.jpg,1994,1885,-109
52620.jpg,1994,2010,16
52625.jpg,1994,2000,6
52630.jpg,1994,2000,6
52635.jpg,1994,2000,6
52640.jpg,1994,2000,6
52645.jpg,1994,2000,6
52650.jpg,1995,2003,8
52655.jpg,1995,2000,5
52660.jpg,1995,2010,15
52665.jpg,1995,2009,14
52670.jpg,1995,2000,5
52675.jpg,1995,2000,5
52680.jpg,1995,2000,5
52685.jpg,1995,2003,8
52690.jpg,1995,2008,13
52695.jpg,1995,2013,18
52700.jpg,1995,2000,5
52705.jpg,1995,1910,-85
52710.jpg,1995,2000,5
52715.jpg,1995,2000,5
52720.jpg,1995,2000,5
52725.jpg,1995,2000,5
52730.jpg,1995,2000,5
52735.jpg,1995,2000,5
52740.jpg,1995,2000,5
52745.jpg,1995,2000,5
52750.jpg,1995,2000,5
52755.jpg,1995,2000,5
52760.jpg,1995,2000,5
52765.jpg,1995,2000,5
52770.jpg,1995,2009,14
52775.jpg,1995,2000,5
52785.jpg,1995,2000,5
52790.jpg,1995,1900,-95
52795.jpg,1995,2000,5
52800.jpg,1995,1920,-75
52805.jpg,1995,2000,5
52810.jpg,1995,2007,12
52815.jpg,1995,2000,5
52820.jpg,1995,2003,8
52825.jpg,1995,2000,5
52830.jpg,1995,2000,5
52835.jpg,1995,1800,-195
52840.jpg,1995,1300,-695
52845.jpg,1996,2000,4
52850.jpg,1996,2003,7
52855.jpg,1996,2000,4
52860.jpg,1996,2000,4
52865.jpg,1996,2000,4
52870.jpg,1996,2000,4
52875.jpg,1996,2000,4
52880.jpg,1996,1930,-66
52885.jpg,1996,2000,4
52890.jpg,1996,2000,4
52895.jpg,1996,2010,14
52900.jpg,1996,2006,10
52905.jpg,1996,2001,5
52910.jpg,1996,2023,27
52915.jpg,1996,2007,11
52920.jpg,1996,2000,4
52925.jpg,1996,2000,4
52935.jpg,1996,2000,4
52940.jpg,1996,1986,-10
52945.jpg,1996,1920,-76
52950.jpg,1996,2000,4
52955.jpg,1996,2000,4
52960.jpg,1996,2000,4
52965.jpg,1996,2000,4
52970.jpg,1996,2000,4
52980.jpg,1996,2000,4
52985.jpg,1997,1700,-297
52990.jpg,1997,2000,3
52995.jpg,1997,1930,-67
53000.jpg,1997,2000,3
53005.jpg,1997,1960,-37
53010.jpg,1997,2000,3
53015.jpg,1997,2023,26
53020.jpg,1997,2010,13
53025.jpg,1997,2002,5
53030.jpg,1997,2003,6
53035.jpg,1997,2000,3
53040.jpg,1997,2000,3
53045.jpg,1997,2010,13
53050.jpg,1997,2000,3
53055.jpg,1997,2000,3
53060.jpg,1997,2010,13
53065.jpg,1997,1970,-27
53070.jpg,1997,2000,3
53075.jpg,1997,2000,3
53080.jpg,1997,2000,3
53085.jpg,1997,1960,-37
53090.jpg,1997,1960,-37
53095.jpg,1997,2000,3
53100.jpg,1997,2000,3
53105.jpg,1997,2000,3
53110.jpg,1997,2000,3
53115.jpg,1997,2000,3
53120.jpg,1997,2006,9
53125.jpg,1997,2000,3
53130.jpg,1997,2000,3
53135.jpg,1997,2000,3
53140.jpg,1997,2000,3
53145.jpg,1997,2000,3
53150.jpg,1997,2023,26
53155.jpg,1997,18,-1979
53165.jpg,1997,2000,3
53170.jpg,1997,2000,3
53175.jpg,1997,2000,3
53180.jpg,1997,2000,3
53185.jpg,1997,2000,3
53190.jpg,1997,2000,3
53195.jpg,1997,1609,-388
53200.jpg,1997,2010,13
53205.jpg,1997,2000,3
53210.jpg,1997,2000,3
53215.jpg,1997,1930,-67
53220.jpg,1997,2000,3
53225.jpg,1997,2008,11
53230.jpg,1997,2003,6
53235.jpg,1998,1920,-78
53240.jpg,1998,2000,2
53245.jpg,1998,2000,2
53250.jpg,1998,2000,2
53255.jpg,1998,1968,-30
53260.jpg,1998,2003,5
53265.jpg,1998,1960,-38
53270.jpg,1998,2003,5
53275.jpg,1998,2019,21
53280.jpg,1998,2000,2
53285.jpg,1998,2000,2
53290.jpg,1998,2000,2
53300.jpg,1998,2000,2
53305.jpg,1998,2000,2
53310.jpg,1998,2000,2
53315.jpg,1998,2000,2
53325.jpg,1998,2000,2
53330.jpg,1998,2000,2
53335.jpg,1998,2000,2
53340.jpg,1998,2000,2
53345.jpg,1998,2000,2
53350.jpg,1998,2000,2
53355.jpg,1998,2000,2
53365.jpg,1998,2000,2
53370.jpg,1998,2009,11
53375.jpg,1998,2000,2
53380.jpg,1998,2007,9
53385.jpg,1998,1700,-298
53390.jpg,1998,18,-1980
53395.jpg,1998,2000,2
53400.jpg,1998,1700,-298
53405.jpg,1998,2023,25
53410.jpg,1998,2000,2
53415.jpg,1998,2000,2
53420.jpg,1998,2000,2
53425.jpg,1998,2000,2
53435.jpg,1998,2000,2
53440.jpg,1998,2000,2
53445.jpg,1998,2008,10
53450.jpg,1998,2009,11
53455.jpg,1999,1800,-199
53460.jpg,1999,2000,1
53465.jpg,1999,2007,8
53470.jpg,1999,2000,1
53475.jpg,1999,2000,1
53480.jpg,1999,2000,1
53485.jpg,1999,2000,1
53490.jpg,1999,1960,-39
53495.jpg,1999,2008,9
53505.jpg,1999,2000,1
53510.jpg,1999,2000,1
53515.jpg,1999,2000,1
53520.jpg,1999,2010,11
53525.jpg,1999,2010,11
53530.jpg,1999,2000,1
53535.jpg,1999,2000,1
53540.jpg,1999,2000,1
53545.jpg,1999,2000,1
53550.jpg,1999,2000,1
53555.jpg,1999,1973,-26
53560.jpg,1999,2000,1
53565.jpg,1999,2006,7
53570.jpg,1999,2000,1
53575.jpg,1999,2010,11
53580.jpg,1999,1930,-69
53585.jpg,1999,2000,1
53590.jpg,1999,2000,1
53595.jpg,1999,2000,1
53600.jpg,1999,2000,1
53605.jpg,1999,2000,1
53610.jpg,1999,2000,1
53615.jpg,1999,1960,-39
53620.jpg,1999,1920,-79
53625.jpg,1999,2000,1
53630.jpg,1999,2008,9
53635.jpg,1999,2003,4
53650.jpg,1999,2000,1
53655.jpg,1999,2000,1
53660.jpg,1999,2000,1
53665.jpg,1999,2000,1
53670.jpg,1999,2000,1
53675.jpg,1999,2008,9
53680.jpg,1999,2000,1
53685.jpg,1999,1930,-69
53690.jpg,2000,2008,8
53700.jpg,2000,2000,0
53705.jpg,2000,2000,0
53710.jpg,2000,2010,10
53715.jpg,2000,2010,10
53720.jpg,2000,2000,0
53725.jpg,2000,2000,0
53730.jpg,2000,2000,0
53735.jpg,2000,2000,0
53740.jpg,2000,2000,0
53745.jpg,2000,2000,0
53755.jpg,2000,2000,0
53760.jpg,2000,2000,0
53765.jpg,2000,2009,9
53770.jpg,2000,2009,9
53775.jpg,2000,2006,6
53780.jpg,2000,2000,0
53785.jpg,2000,2007,7
53790.jpg,2000,2007,7
53795.jpg,2000,2007,7
53800.jpg,2000,2007,7
53805.jpg,2000,2009,9
53810.jpg,2000,2003,3
53815.jpg,2000,2007,7
53820.jpg,2000,2007,7
53830.jpg,2000,1930,-70
53835.jpg,2000,2000,0
53840.jpg,2000,2000,0
53845.jpg,2000,2000,0
53850.jpg,2000,1897,-103
53855.jpg,2000,2000,0
53860.jpg,2000,2000,0
53865.jpg,2000,2000,0
53870.jpg,2000,2000,0
53875.jpg,2000,2000,0
53880.jpg,2000,2000,0
53885.jpg,2000,2000,0
53890.jpg,2000,2000,0
53895.jpg,2000,2010,10
53905.jpg,2001,2000,-1
53910.jpg,2001,2001,0
53915.jpg,2001,2009,8
53920.jpg,2001,2000,-1
53925.jpg,2001,2000,-1
53930.jpg,2001,2010,9
53935.jpg,2001,2000,-1
53940.jpg,2001,2000,-1
53945.jpg,2001,1960,-41
53950.jpg,2001,2023,22
53955.jpg,2001,2000,-1
53960.jpg,2001,2023,22
53965.jpg,2001,2000,-1
53970.jpg,2001,2008,7
53975.jpg,2001,2010,9
53980.jpg,2001,2000,-1
53985.jpg,2001,2000,-1
53990.jpg,2001,2000,-1
53995.jpg,2001,18,-1983
54000.jpg,2001,2000,-1
54005.jpg,2001,2000,-1
54010.jpg,2001,2000,-1
54015.jpg,2001,2000,-1
54020.jpg,2001,2000,-1
54025.jpg,2001,2006,5
54030.jpg,2001,2003,2
54035.jpg,2001,2000,-1
54040.jpg,2001,2009,8
54045.jpg,2001,2000,-1
54050.jpg,2001,1960,-41
54055.jpg,2001,2009,8
54060.jpg,2001,2009,8
54065.jpg,2001,2000,-1
54070.jpg,2001,2008,7
54075.jpg,2001,2010,9
54085.jpg,2001,2000,-1
54090.jpg,2001,2000,-1
54095.jpg,2001,2000,-1
54100.jpg,2001,2000,-1
54105.jpg,2001,2000,-1
54110.jpg,2001,2000,-1
54120.jpg,2001,2000,-1
54125.jpg,2001,2000,-1
54130.jpg,2001,1962,-39
54135.jpg,2001,2000,-1
54140.jpg,2001,2008,7
54145.jpg,2001,2000,-1
54150.jpg,2001,2000,-1
54155.jpg,2001,1920,-81
54160.jpg,2001,2000,-1
54165.jpg,2001,2006,5
54170.jpg,2001,2000,-1
54180.jpg,2002,1930,-72
54185.jpg,2002,2007,5
54190.jpg,2002,2000,-2
54195.jpg,2002,2000,-2
54200.jpg,2002,2000,-2
54205.jpg,2002,2000,-2
54210.jpg,2002,2000,-2
54215.jpg,2002,2002,0
54220.jpg,2002,2000,-2
54225.jpg,2002,2000,-2
54230.jpg,2002,2017,15
54235.jpg,2002,2019,17
54240.jpg,2002,2000,-2
54245.jpg,2002,2000,-2
54250.jpg,2002,2000,-2
54255.jpg,2002,1920,-82
54260.jpg,2002,2000,-2
54265.jpg,2002,2000,-2
54270.jpg,2002,2000,-2
54275.jpg,2002,2000,-2
54280.jpg,2002,2009,7
54285.jpg,2002,2009,7
54290.jpg,2002,2000,-2
54295.jpg,2002,2000,-2
54300.jpg,2002,2000,-2
54305.jpg,2002,2000,-2
54310.jpg,2002,2000,-2
54315.jpg,2002,2010,8
54320.jpg,2002,1920,-82
54330.jpg,2002,1928,-74
54335.jpg,2002,2000,-2
54340.jpg,2002,2000,-2
54345.jpg,2002,2000,-2
54355.jpg,2002,2000,-2
54360.jpg,2002,2000,-2
54365.jpg,2002,2000,-2
54370.jpg,2002,2000,-2
54375.jpg,2002,2000,-2
54385.jpg,2002,2000,-2
54390.jpg,2002,2006,4
54395.jpg,2002,2000,-2
54400.jpg,2002,2000,-2
54405.jpg,2003,2000,-3
54410.jpg,2003,2022,19
54415.jpg,2003,2010,7
54425.jpg,2003,2000,-3
54430.jpg,2003,2003,0
54435.jpg,2003,2010,7
54440.jpg,2003,2000,-3
54445.jpg,2003,2009,6
54450.jpg,2003,2000,-3
54460.jpg,2003,2000,-3
54465.jpg,2003,2000,-3
54470.jpg,2003,2023,20
54475.jpg,2003,2003,0
54480.jpg,2003,2008,5
54485.jpg,2003,2000,-3
54490.jpg,2003,2007,4
54495.jpg,2003,2000,-3
54500.jpg,2003,2000,-3
54505.jpg,2003,2000,-3
54510.jpg,2003,2007,4
54515.jpg,2003,2000,-3
54520.jpg,2003,1930,-73
54525.jpg,2003,2000,-3
54530.jpg,2003,2000,-3
54535.jpg,2003,2008,5
54540.jpg,2003,2000,-3
54545.jpg,2003,1920,-83
54550.jpg,2003,2000,-3
54555.jpg,2003,1700,-303
54560.jpg,2003,2000,-3
54565.jpg,2003,2000,-3
54570.jpg,2003,2010,7
54575.jpg,2003,2000,-3
54580.jpg,2003,2000,-3
54585.jpg,2003,2000,-3
54590.jpg,2003,2000,-3
54595.jpg,2003,2000,-3
54600.jpg,2003,2000,-3
54605.jpg,2004,2005,1
54610.jpg,2004,2000,-4
54620.jpg,2004,2000,-4
54625.jpg,2004,2000,-4
54630.jpg,2004,2000,-4
54635.jpg,2004,2000,-4
54640.jpg,2004,2000,-4
54645.jpg,2004,2000,-4
54650.jpg,2004,2008,4
54655.jpg,2004,2000,-4
54660.jpg,2004,2000,-4
54665.jpg,2004,2000,-4
54670.jpg,2004,2000,-4
54675.jpg,2004,2000,-4
54680.jpg,2004,2000,-4
54685.jpg,2004,2000,-4
54690.jpg,2004,2000,-4
54695.jpg,2004,1960,-44
54700.jpg,2004,2000,-4
54705.jpg,2004,2000,-4
54710.jpg,2004,2000,-4
54715.jpg,2004,2000,-4
54720.jpg,2004,2000,-4
54725.jpg,2004,2000,-4
54730.jpg,2004,2000,-4
54735.jpg,2004,2000,-4
54740.jpg,2004,2000,-4
54745.jpg,2004,2000,-4
54750.jpg,2004,1920,-84
54760.jpg,2004,2000,-4
54770.jpg,2004,2000,-4
54775.jpg,2004,2000,-4
54780.jpg,2004,2000,-4
54785.jpg,2004,2000,-4
54790.jpg,2004,2000,-4
54795.jpg,2004,2000,-4
54800.jpg,2004,2000,-4
54805.jpg,2004,2000,-4
54810.jpg,2004,2000,-4
54815.jpg,2004,2000,-4
54820.jpg,2004,2000,-4
54825.jpg,2004,2000,-4
54830.jpg,2004,2000,-4
54835.jpg,2004,2000,-4
54840.jpg,2004,2000,-4
54845.jpg,2005,1760,-245
54850.jpg,2005,2000,-5
54855.jpg,2005,2000,-5
54860.jpg,2005,2003,-2
54865.jpg,2005,2000,-5
54870.jpg,2005,2010,5
54885.jpg,2005,2000,-5
54890.jpg,2005,2010,5
54895.jpg,2005,2000,-5
54900.jpg,2005,2008,3
54905.jpg,2005,2003,-2
54910.jpg,2005,2000,-5
54915.jpg,2005,2023,18
54925.jpg,2005,2000,-5
54930.jpg,2005,2000,-5
54935.jpg,2005,1930,-75
54940.jpg,2005,2000,-5
54955.jpg,2005,2000,-5
54960.jpg,2005,2000,-5
54965.jpg,2005,2005,0
54970.jpg,2005,2009,4
54975.jpg,2005,2000,-5
54980.jpg,2005,2000,-5
54985.jpg,2005,2000,-5
54990.jpg,2005,2000,-5
54995.jpg,2005,1900,-105
55000.jpg,2005,2000,-5
55005.jpg,2005,2000,-5
55010.jpg,2005,1970,-35
55015.jpg,2005,2004,-1
55020.jpg,2005,1960,-45
55025.jpg,2005,2000,-5
55030.jpg,2005,2000,-5
55035.jpg,2005,2000,-5
55040.jpg,2005,2000,-5
55045.jpg,2005,2000,-5
55050.jpg,2005,2000,-5
55055.jpg,2005,2000,-5
55060.jpg,2005,2000,-5
55065.jpg,2005,2010,5
55070.jpg,2005,2000,-5
55075.jpg,2005,2000,-5
55080.jpg,2005,2000,-5
55085.jpg,2005,2000,-5
55090.jpg,2005,2010,5
55095.jpg,2005,2000,-5
55100.jpg,2005,2000,-5
55105.jpg,2005,2000,-5
55110.jpg,2005,2000,-5
55115.jpg,2005,2000,-5
55120.jpg,2005,2000,-5
55125.jpg,2005,2001,-4
55130.jpg,2005,2010,5
55135.jpg,2006,2000,-6
55140.jpg,2006,2003,-3
55145.jpg,2006,1960,-46
55155.jpg,2006,2000,-6
55160.jpg,2006,2000,-6
55165.jpg,2006,2000,-6
55170.jpg,2006,2000,-6
55175.jpg,2006,2023,17
55180.jpg,2006,2000,-6
55185.jpg,2006,2000,-6
55190.jpg,2006,2010,4
55195.jpg,2006,2007,1
55200.jpg,2006,2010,4
55210.jpg,2006,2000,-6
55215.jpg,2006,2000,-6
55220.jpg,2006,2000,-6
55230.jpg,2006,2000,-6
55235.jpg,2006,2000,-6
55240.jpg,2006,2000,-6
55245.jpg,2006,2008,2
55250.jpg,2006,2000,-6
55255.jpg,2006,1970,-36
55265.jpg,2006,2000,-6
55270.jpg,2006,2000,-6
55275.jpg,2006,1930,-76
55280.jpg,2006,2000,-6
55285.jpg,2006,2018,12
55290.jpg,2006,2000,-6
55295.jpg,2006,2004,-2
55300.jpg,2006,2000,-6
55305.jpg,2006,2000,-6
55310.jpg,2006,2000,-6
55315.jpg,2006,2000,-6
55320.jpg,2006,2000,-6
55325.jpg,2006,2000,-6
55330.jpg,2006,2000,-6
55335.jpg,2007,1800,-207
55340.jpg,2007,2000,-7
55345.jpg,2007,2010,3
55355.jpg,2007,2000,-7
55360.jpg,2007,2000,-7
55365.jpg,2007,2000,-7
55370.jpg,2007,2010,3
55380.jpg,2007,2010,3
55385.jpg,2007,2008,1
55395.jpg,2007,1930,-77
55400.jpg,2007,2008,1
55405.jpg,2007,2023,16
55410.jpg,2007,2008,1
55415.jpg,2007,2000,-7
55420.jpg,2007,2000,-7
55425.jpg,2007,2000,-7
55430.jpg,2007,2000,-7
55435.jpg,2007,2000,-7
55440.jpg,2007,2000,-7
55445.jpg,2007,2005,-2
55450.jpg,2007,2000,-7
55455.jpg,2007,2000,-7
55460.jpg,2007,1300,-707
55465.jpg,2007,2000,-7
55475.jpg,2007,1973,-34
55480.jpg,2007,2000,-7
55485.jpg,2007,2010,3
55490.jpg,2007,1930,-77
55500.jpg,2007,2000,-7
55505.jpg,2007,2000,-7
55510.jpg,2007,2000,-7
55515.jpg,2007,2000,-7
55520.jpg,2007,2000,-7
55525.jpg,2007,1873,-134
55530.jpg,2007,2000,-7
55535.jpg,2007,2000,-7
55540.jpg,2007,2000,-7
55545.jpg,2007,2010,3
55550.jpg,2007,2000,-7
55555.jpg,2007,2000,-7
55560.jpg,2007,2008,1
55565.jpg,2007,2000,-7
55570.jpg,2007,2000,-7
55575.jpg,2007,2000,-7
55580.jpg,2007,2000,-7
55585.jpg,2007,2000,-7
55590.jpg,2007,2000,-7
55595.jpg,2007,1928,-79
55600.jpg,2007,2000,-7
55605.jpg,2007,2000,-7
55610.jpg,2008,1700,-308
55615.jpg,2008,1800,-208
55620.jpg,2008,2010,2
55625.jpg,2008,2008,0
55630.jpg,2008,2010,2
55635.jpg,2008,2000,-8
55640.jpg,2008,2000,-8
55645.jpg,2008,2010,2
55650.jpg,2008,2000,-8
55655.jpg,2008,2000,-8
55660.jpg,2008,2010,2
55670.jpg,2008,2000,-8
55675.jpg,2008,2000,-8
55685.jpg,2008,2000,-8
55690.jpg,2008,2010,2
55695.jpg,2008,2010,2
55705.jpg,2008,2000,-8
55710.jpg,2008,2000,-8
55715.jpg,2008,1932,-76
55720.jpg,2008,2000,-8
55725.jpg,2008,2000,-8
55730.jpg,2008,2000,-8
55735.jpg,2008,1960,-48
55740.jpg,2008,2000,-8
55745.jpg,2008,2000,-8
55750.jpg,2008,2000,-8
55755.jpg,2008,2000,-8
55760.jpg,2008,2000,-8
55765.jpg,2008,2000,-8
55770.jpg,2008,1820,-188
55775.jpg,2008,2000,-8
55780.jpg,2008,2000,-8
55785.jpg,2008,2010,2
55795.jpg,2008,2010,2
55800.jpg,2008,2000,-8
55805.jpg,2008,2000,-8
55810.jpg,2008,2000,-8
55815.jpg,2008,2000,-8
55820.jpg,2008,2006,-2
55825.jpg,2008,2000,-8
55830.jpg,2008,2005,-3
55835.jpg,2009,1964,-45
55845.jpg,2009,2018,9
55850.jpg,2009,2000,-9
55870.jpg,2009,2023,14
55875.jpg,2009,2010,1
55880.jpg,2009,2008,-1
55885.jpg,2009,2010,1
55890.jpg,2009,2019,10
55895.jpg,2009,2000,-9
55900.jpg,2009,2000,-9
55905.jpg,2009,2017,8
55910.jpg,2009,2010,1
55915.jpg,2009,2010,1
55920.jpg,2009,1960,-49
55925.jpg,2009,2023,14
55930.jpg,2009,2000,-9
55935.jpg,2009,2000,-9
55940.jpg,2009,2010,1
55945.jpg,2009,2000,-9
55950.jpg,2009,2003,-6
55955.jpg,2009,2009,0
55960.jpg,2009,2023,14
55965.jpg,2009,2000,-9
55970.jpg,2009,2013,4
55975.jpg,2009,2010,1
55980.jpg,2009,2000,-9
55985.jpg,2009,2000,-9
55990.jpg,2009,2000,-9
55995.jpg,2009,2007,-2
56000.jpg,2009,2013,4
56005.jpg,2009,1920,-89
56010.jpg,2009,1830,-179
56015.jpg,2009,2023,14
56020.jpg,2009,2000,-9
56025.jpg,2009,2000,-9
56030.jpg,2009,2000,-9
56035.jpg,2009,2000,-9
56040.jpg,2009,2000,-9
56050.jpg,2009,2000,-9
56055.jpg,2009,2000,-9
56060.jpg,2009,2000,-9
56065.jpg,2009,2000,-9
56070.jpg,2009,2008,-1
56075.jpg,2009,2023,14
56080.jpg,2010,2000,-10
56085.jpg,2010,2000,-10
56090.jpg,2010,2016,6
56095.jpg,2010,2000,-10
56105.jpg,2010,2000,-10
56110.jpg,2010,2010,0
56115.jpg,2010,2007,-3
56125.jpg,2010,2000,-10
56130.jpg,2010,2000,-10
56135.jpg,2010,2010,0
56140.jpg,2010,2000,-10
56145.jpg,2010,2000,-10
56150.jpg,2010,2000,-10
56155.jpg,2010,2000,-10
56165.jpg,2010,2000,-10
56170.jpg,2010,1930,-80
56175.jpg,2010,2010,0
56180.jpg,2010,2000,-10
56185.jpg,2010,2000,-10
56190.jpg,2010,2000,-10
56195.jpg,2010,2000,-10
56200.jpg,2010,2000,-10
56205.jpg,2010,2000,-10
56210.jpg,2010,2000,-10
56215.jpg,2010,2000,-10
56220.jpg,2010,2009,-1
56225.jpg,2010,2000,-10
56230.jpg,2010,1960,-50
56235.jpg,2010,1926,-84
56240.jpg,2010,2018,8
56245.jpg,2010,2000,-10
56250.jpg,2010,2000,-10
56255.jpg,2010,2000,-10
56260.jpg,2010,2000,-10
56265.jpg,2010,2000,-10
56270.jpg,2010,2023,13
56275.jpg,2010,2000,-10
56280.jpg,2010,1970,-40
56285.jpg,2010,2000,-10
56290.jpg,2010,2000,-10
56295.jpg,2010,2010,0
56300.jpg,2010,1920,-90
56310.jpg,2010,2000,-10
56315.jpg,2011,2000,-11
56320.jpg,2011,2000,-11
56325.jpg,2011,2010,-1
56330.jpg,2011,2000,-11
56335.jpg,2011,2000,-11
56345.jpg,2011,2000,-11
56350.jpg,2011,2000,-11
56355.jpg,2011,2000,-11
56360.jpg,2011,2008,-3
56365.jpg,2011,2010,-1
56370.jpg,2011,2000,-11
56375.jpg,2011,2018,7
56380.jpg,2011,2023,12
56385.jpg,2011,2004,-7
56390.jpg,2011,1960,-51
56395.jpg,2011,2004,-7
56400.jpg,2011,2023,12
56405.jpg,2011,2000,-11
56410.jpg,2011,2000,-11
56415.jpg,2011,2000,-11
56420.jpg,2011,2000,-11
56425.jpg,2011,1937,-74
56430.jpg,2011,2000,-11
56440.jpg,2011,2000,-11
56450.jpg,2011,2010,-1
56455.jpg,2011,17,-1994
56460.jpg,2011,1970,-41
56465.jpg,2011,2000,-11
56470.jpg,2011,1930,-81
56475.jpg,2011,1979,-32
56480.jpg,2011,2000,-11
56485.jpg,2011,2000,-11
56495.jpg,2011,2000,-11
56500.jpg,2011,2000,-11
56505.jpg,2011,2000,-11
56510.jpg,2011,2010,-1
56515.jpg,2011,1950,-61
56520.jpg,2011,2010,-1
56525.jpg,2011,2000,-11
56545.jpg,2012,2000,-12
56550.jpg,2012,2015,3
56555.jpg,2012,2000,-12
56560.jpg,2012,2000,-12
56565.jpg,2012,2023,11
56570.jpg,2012,2000,-12
56575.jpg,2012,2010,-2
56585.jpg,2012,2010,-2
56590.jpg,2012,2000,-12
56600.jpg,2012,2008,-4
56605.jpg,2012,2018,6
56610.jpg,2012,2000,-12
56615.jpg,2012,2000,-12
56620.jpg,2012,1928,-84
56625.jpg,2012,2000,-12
56630.jpg,2012,2003,-9
56635.jpg,2012,2001,-11
56640.jpg,2012,2000,-12
56645.jpg,2012,2000,-12
56650.jpg,2012,2000,-12
56655.jpg,2012,2000,-12
56660.jpg,2012,2000,-12
56665.jpg,2012,1890,-122
56670.jpg,2012,2010,-2
56675.jpg,2012,2010,-2
56680.jpg,2012,2000,-12
56685.jpg,2012,2000,-12
56690.jpg,2012,2000,-12
56695.jpg,2012,2000,-12
56700.jpg,2012,2006,-6
56705.jpg,2012,2000,-12
56710.jpg,2012,2000,-12
56715.jpg,2012,2000,-12
56720.jpg,2013,2000,-13
56725.jpg,2013,2010,-3
56730.jpg,2013,2000,-13
56735.jpg,2013,2000,-13
56740.jpg,2013,2009,-4
56745.jpg,2013,2010,-3
56750.jpg,2013,2000,-13
56755.jpg,2013,2023,10
56765.jpg,2013,2010,-3
56770.jpg,2013,2000,-13
56775.jpg,2013,2000,-13
56780.jpg,2013,2010,-3
56785.jpg,2013,2000,-13
56795.jpg,2013,2010,-3
56800.jpg,2013,2000,-13
56805.jpg,2013,1960,-53
56810.jpg,2013,2009,-4
56820.jpg,2013,2000,-13
56825.jpg,2013,2023,10
56845.jpg,2013,2000,-13
56850.jpg,2013,2010,-3
56855.jpg,2013,2010,-3
56860.jpg,2013,2000,-13
56865.jpg,2013,2000,-13
56870.jpg,2013,2023,10
56875.jpg,2013,2000,-13
56880.jpg,2013,2000,-13
56885.jpg,2013,2008,-5
56890.jpg,2013,2000,-13
56895.jpg,2013,2000,-13
56900.jpg,2014,2017,3
56905.jpg,2014,1920,-94
56910.jpg,2014,2000,-14
56915.jpg,2014,2000,-14
56920.jpg,2014,2000,-14
56925.jpg,2014,2018,4
56930.jpg,2014,2009,-5
56935.jpg,2014,2000,-14
56940.jpg,2014,2000,-14
56945.jpg,2014,2000,-14
56950.jpg,2014,2010,-4
56955.jpg,2014,2000,-14
56960.jpg,2014,2000,-14
56965.jpg,2014,2000,-14
56970.jpg,2014,2000,-14
56975.jpg,2014,1960,-54
56980.jpg,2014,2000,-14
56985.jpg,2014,2008,-6
56990.jpg,2014,2009,-5
56995.jpg,2014,2013,-1
57005.jpg,2014,2000,-14
57010.jpg,2014,2007,-7
57015.jpg,2014,2023,9
57020.jpg,2014,2000,-14
57025.jpg,2014,2000,-14
57030.jpg,2014,2000,-14
57035.jpg,2014,2000,-14
57040.jpg,2014,2023,9
57045.jpg,2014,1967,-47
57050.jpg,2014,2010,-4
57055.jpg,2014,2000,-14
57060.jpg,2014,2000,-14
57065.jpg,2014,2023,9
57070.jpg,2014,2006,-8
57075.jpg,2015,2000,-15
57085.jpg,2015,2000,-15
57090.jpg,2015,2010,-5
57095.jpg,2015,2000,-15
57100.jpg,2015,2000,-15
57105.jpg,2015,2000,-15
57110.jpg,2015,2000,-15
57120.jpg,2015,2010,-5
57125.jpg,2015,2000,-15
57130.jpg,2015,2010,-5
57135.jpg,2015,2000,-15
57140.jpg,2015,2000,-15
57145.jpg,2015,2000,-15
57150.jpg,2015,2000,-15
57155.jpg,2015,2000,-15
57160.jpg,2015,2000,-15
57165.jpg,2015,2010,-5
57170.jpg,2015,2010,-5
57175.jpg,2015,2000,-15
57180.jpg,2015,2000,-15
57185.jpg,2015,2000,-15
57195.jpg,2015,2000,-15
57200.jpg,2015,1950,-65
57205.jpg,2015,2000,-15
57210.jpg,2015,2010,-5
57215.jpg,2015,2006,-9
57220.jpg,2016,2000,-16
57225.jpg,2016,2016,0
57230.jpg,2016,2000,-16
57235.jpg,2016,2018,2
57240.jpg,2016,2000,-16
57250.jpg,2016,2000,-16
57255.jpg,2016,2010,-6
57270.jpg,2016,1960,-56
57275.jpg,2016,2000,-16
57280.jpg,2016,2023,7
57285.jpg,2016,2023,7
57290.jpg,2016,2007,-9
57295.jpg,2016,2008,-8
57300.jpg,2016,2010,-6
57305.jpg,2016,2018,2
57310.jpg,2016,1862,-154
57315.jpg,2016,2000,-16
57320.jpg,2016,2000,-16
57325.jpg,2016,2000,-16
57330.jpg,2016,2010,-6
57335.jpg,2016,2000,-16
57340.jpg,2016,2000,-16
57345.jpg,2016,1962,-54
57350.jpg,2016,2003,-13
57355.jpg,2016,2000,-16
57360.jpg,2016,2000,-16
57365.jpg,2017,2000,-17
57370.jpg,2017,2000,-17
57375.jpg,2017,2000,-17
57385.jpg,2017,2017,0
57390.jpg,2017,2023,6
57395.jpg,2017,2008,-9
57400.jpg,2017,2000,-17
57415.jpg,2017,2000,-17
57420.jpg,2017,2000,-17
57425.jpg,2017,2000,-17
57430.jpg,2017,1930,-87
57435.jpg,2017,2000,-17
57440.jpg,2017,2000,-17
57450.jpg,2017,2000,-17
57455.jpg,2017,2000,-17
57470.jpg,2017,2000,-17
57475.jpg,2017,2017,0
57480.jpg,2018,2010,-8
57485.jpg,2018,2010,-8
57490.jpg,2018,2000,-18
57495.jpg,2018,2000,-18
57500.jpg,2018,2000,-18
57505.jpg,2018,2018,0
57510.jpg,2018,2019,1
57515.jpg,2018,2000,-18
57520.jpg,2018,2009,-9
57525.jpg,2018,2003,-15
57530.jpg,2018,2000,-18
57545.jpg,2018,2000,-18
57550.jpg,2018,2010,-8
57555.jpg,2018,2010,-8
57560.jpg,2018,2009,-9
57565.jpg,2018,2000,-18
57570.jpg,2018,2010,-8
57575.jpg,2018,2000,-18
57585.jpg,2019,2000,-19
57595.jpg,2019,2023,4
57600.jpg,2019,2000,-19
57605.jpg,2019,2000,-19
57610.jpg,2019,2000,-19
57615.jpg,2019,2000,-19
57620.jpg,2019,2009,-10
57625.jpg,2019,2000,-19
57630.jpg,2019,1968,-51
57635.jpg,2019,2010,-9
57640.jpg,2019,2023,4
57645.jpg,2019,2010,-9
57660.jpg,2019,2000,-19
57665.jpg,2019,2000,-19
57670.jpg,2020,2000,-20
57675.jpg,2020,2000,-20
57680.jpg,2020,2000,-20
57685.jpg,2020,2010,-10
57690.jpg,2020,2000,-20
57695.jpg,2020,2000,-20
57700.jpg,2020,2000,-20
57705.jpg,2020,2008,-12
57710.jpg,2020,2000,-20
57725.jpg,2020,2010,-10
57730.jpg,2021,2010,-11
57735.jpg,2021,2010,-11
57740.jpg,2021,2010,-11
57745.jpg,2021,2013,-8
57750.jpg,2021,2019,-2
57755.jpg,2021,2000,-21
57760.jpg,2021,2000,-21
57765.jpg,2021,2010,-11
57770.jpg,2021,2023,2
57780.jpg,2021,2023,2
57785.jpg,2021,2000,-21
57790.jpg,2021,2000,-21
57795.jpg,2021,2000,-21
57800.jpg,2021,2000,-21
57805.jpg,2022,2010,-12
57810.jpg,2022,2010,-12
57815.jpg,2022,2010,-12
57825.jpg,2022,1979,-43
57830.jpg,2022,2010,-12
57835.jpg,2022,2023,1
57840.jpg,2022,1960,-62
57845.jpg,2022,2023,1
57860.jpg,2022,2010,-12
57865.jpg,2022,2010,-12
57870.jpg,2022,2023,1
57875.jpg,2023,2019,-4
57885.jpg,2023,2018,-5
57890.jpg,2023,2010,-13
57895.jpg,2023,2000,-23
57900.jpg,2023,2019,-4
57910.jpg,2023,2010,-13
57915.jpg,2023,2000,-23
57920.jpg,2023,2000,-23
57925.jpg,2024,1870,-154
57930.jpg,2024,2023,-1
