name,year,pred,diff
5.jpg,1008,1050,42
10.jpg,1016,1980,964
15.jpg,1022,1020,-2
20.jpg,1028,1550,522
25.jpg,1036,2010,974
30.jpg,1048,3000,1952
35.jpg,1051,1950,899
40.jpg,1061,1035,-26
45.jpg,1063,1634,571
55.jpg,1070,1200,130
60.jpg,1076,1453,377
65.jpg,1080,1400,320
70.jpg,1090,1200,110
75.jpg,1093,1650,557
80.jpg,1097,1859,762
85.jpg,1100,1970,870
90.jpg,1100,1850,750
95.jpg,1107,1750,643
100.jpg,1110,1509,399
105.jpg,1114,1238,124
110.jpg,1116,1200,84
120.jpg,1120,1250,130
125.jpg,1122,1200,78
130.jpg,1125,1650,525
135.jpg,1128,1171,43
140.jpg,1129,1350,221
145.jpg,1130,1200,70
150.jpg,1131,1200,69
155.jpg,1134,1750,616
165.jpg,1138,1850,712
170.jpg,1140,1900,760
175.jpg,1144,1200,56
180.jpg,1146,1250,104
185.jpg,1147,1365,218
190.jpg,1149,1200,51
195.jpg,1150,1200,50
200.jpg,1152,1050,-102
210.jpg,1160,1050,-110
215.jpg,1165,1250,85
220.jpg,1168,1956,788
225.jpg,1170,1150,-20
230.jpg,1170,1482,312
235.jpg,1172,1850,678
240.jpg,1175,1500,325
245.jpg,1177,1230,53
255.jpg,1180,1200,20
260.jpg,1180,1250,70
265.jpg,1180,1850,670
275.jpg,1185,1200,15
280.jpg,1189,1673,484
285.jpg,1191,1300,109
290.jpg,1192,1200,8
295.jpg,1194,1450,256
300.jpg,1196,1200,4
305.jpg,1198,1506,308
310.jpg,1199,1050,-149
315.jpg,1200,1907,707
320.jpg,1202,1250,48
325.jpg,1204,1500,296
330.jpg,1208,1650,442
335.jpg,1211,1300,89
340.jpg,1212,1250,38
345.jpg,1215,1600,385
350.jpg,1217,1250,33
355.jpg,1220,1405,185
360.jpg,1221,1200,-21
365.jpg,1222,1400,178
370.jpg,1224,1200,-24
375.jpg,1226,1221,-5
380.jpg,1227,1850,623
385.jpg,1229,1250,21
390.jpg,1231,1340,109
395.jpg,1232,1200,-32
405.jpg,1237,1083,-154
410.jpg,1238,1350,112
415.jpg,1240,1400,160
420.jpg,1242,1700,458
425.jpg,1245,1250,5
430.jpg,1247,1300,53
435.jpg,1248,1349,101
440.jpg,1250,1840,590
445.jpg,1250,1250,0
450.jpg,1252,1200,-52
455.jpg,1255,1350,95
460.jpg,1259,1750,491
465.jpg,1260,1256,-4
470.jpg,1263,1250,-13
475.jpg,1264,1250,-14
485.jpg,1270,1250,-20
490.jpg,1270,1480,210
495.jpg,1270,1550,280
500.jpg,1271,1200,-71
505.jpg,1273,1450,177
510.jpg,1275,1200,-75
515.jpg,1277,1845,568
520.jpg,1278,1300,22
525.jpg,1279,1300,21
530.jpg,1280,1500,220
535.jpg,1285,1300,15
540.jpg,1288,1920,632
545.jpg,1289,1650,361
550.jpg,1290,1250,-40
555.jpg,1291,1200,-91
560.jpg,1293,1200,-93
565.jpg,1295,1340,45
570.jpg,1298,1450,152
575.jpg,1300,1350,50
580.jpg,1300,1550,250
585.jpg,1300,1650,350
590.jpg,1301,14,-1287
595.jpg,1303,1200,-103
600.jpg,1305,1200,-105
605.jpg,1307,1850,543
610.jpg,1309,1750,441
615.jpg,1310,1350,40
620.jpg,1311,1300,-11
625.jpg,1313,1300,-13
630.jpg,1314,1200,-114
635.jpg,1317,1500,183
640.jpg,1319,1300,-19
645.jpg,1320,1380,60
650.jpg,1322,1200,-122
655.jpg,1324,1200,-124
660.jpg,1325,1300,-25
665.jpg,1326,1350,24
670.jpg,1327,1780,453
675.jpg,1328,1400,72
680.jpg,1330,1850,520
685.jpg,1330,1283,-47
690.jpg,1331,1600,269
695.jpg,1333,1550,217
700.jpg,1335,1150,-185
705.jpg,1337,1450,113
710.jpg,1338,1350,12
715.jpg,1340,1300,-40
720.jpg,1340,1400,60
725.jpg,1343,1932,589
730.jpg,1345,1250,-95
735.jpg,1345,1550,205
740.jpg,1346,1900,554
745.jpg,1347,1400,53
750.jpg,1347,1550,203
755.jpg,1349,1750,401
760.jpg,1350,1850,500
765.jpg,1350,1200,-150
775.jpg,1353,1250,-103
780.jpg,1354,1850,496
785.jpg,1356,1200,-156
790.jpg,1358,1530,172
795.jpg,1360,1500,140
800.jpg,1361,1250,-111
805.jpg,1362,1409,47
810.jpg,1364,1950,586
815.jpg,1365,1400,35
825.jpg,1370,1950,580
830.jpg,1371,1250,-121
835.jpg,1373,1962,589
840.jpg,1375,1200,-175
845.jpg,1377,1400,23
850.jpg,1380,2010,630
855.jpg,1381,1200,-181
860.jpg,1382,1542,160
865.jpg,1384,1380,-4
870.jpg,1386,1451,65
875.jpg,1389,1960,571
880.jpg,1390,1300,-90
885.jpg,1394,1458,64
890.jpg,1396,1396,0
895.jpg,1397,1550,153
900.jpg,1398,1398,0
905.jpg,1399,1200,-199
910.jpg,1400,1490,90
915.jpg,1401,1450,49
920.jpg,1402,1500,98
925.jpg,1405,1450,45
930.jpg,1406,1460,54
935.jpg,1409,1500,91
940.jpg,1410,1350,-60
945.jpg,1410,1370,-40
950.jpg,1411,1200,-211
955.jpg,1413,1340,-73
960.jpg,1414,1950,536
965.jpg,1417,1884,467
970.jpg,1419,1950,531
975.jpg,1420,1320,-100
980.jpg,1420,1958,538
985.jpg,1422,1800,378
990.jpg,1424,1340,-84
995.jpg,1425,1500,75
1000.jpg,1426,1450,24
1005.jpg,1428,1816,388
1010.jpg,1430,1670,240
1015.jpg,1431,1850,419
1025.jpg,1435,1874,439
1030.jpg,1436,1930,494
1035.jpg,1438,1900,462
1040.jpg,1440,1950,510
1045.jpg,1441,1850,409
1050.jpg,1442,1850,408
1055.jpg,1444,1600,156
1060.jpg,1446,1904,458
1065.jpg,1448,1500,52
1070.jpg,1450,1300,-150
1075.jpg,1450,1204,-246
1080.jpg,1451,2010,559
1085.jpg,1452,1930,478
1090.jpg,1453,1400,-53
1095.jpg,1455,1320,-135
1100.jpg,1457,1850,393
1105.jpg,1458,1598,140
1110.jpg,1459,1469,10
1115.jpg,1460,1450,-10
1120.jpg,1462,1920,458
1125.jpg,1462,1450,-12
1130.jpg,1464,1450,-14
1135.jpg,1465,1750,285
1140.jpg,1466,1350,-116
1145.jpg,1467,1750,283
1150.jpg,1468,1994,526
1155.jpg,1469,1200,-269
1160.jpg,1470,1930,460
1165.jpg,1470,1200,-270
1170.jpg,1472,1650,178
1175.jpg,1473,1750,277
1180.jpg,1475,300,-1175
1185.jpg,1477,1477,0
1190.jpg,1477,1600,123
1195.jpg,1479,1750,271
1200.jpg,1480,1300,-180
1205.jpg,1482,1600,118
1210.jpg,1482,1500,18
1215.jpg,1483,1600,117
1220.jpg,1485,1470,-15
1225.jpg,1487,1750,263
1230.jpg,1487,1450,-37
1235.jpg,1488,2010,522
1240.jpg,1489,1300,-189
1245.jpg,1490,1503,13
1250.jpg,1490,1480,-10
1255.jpg,1491,1495,4
1260.jpg,1492,1750,258
1265.jpg,1493,1950,457
1270.jpg,1494,1600,106
1275.jpg,1495,1250,-245
1280.jpg,1496,1950,454
1285.jpg,1497,1850,353
1290.jpg,1497,1497,0
1295.jpg,1498,1550,52
1300.jpg,1499,1465,-34
1305.jpg,1500,1350,-150
1310.jpg,1500,1850,350
1315.jpg,1501,1750,249
1325.jpg,1503,1820,317
1330.jpg,1504,1550,46
1335.jpg,1505,1780,275
1340.jpg,1506,1560,54
1345.jpg,1507,1500,-7
1350.jpg,1508,1250,-258
1355.jpg,1508,1534,26
1360.jpg,1509,1400,-109
1365.jpg,1510,1920,410
1370.jpg,1510,1950,440
1375.jpg,1511,1450,-61
1380.jpg,1512,1672,160
1385.jpg,1513,1650,137
1390.jpg,1513,1600,87
1395.jpg,1515,1450,-65
1400.jpg,1515,1750,235
1405.jpg,1516,1750,234
1410.jpg,1517,1502,-15
1415.jpg,1518,1850,332
1420.jpg,1518,1517,-1
1425.jpg,1520,1930,410
1430.jpg,1521,1519,-2
1435.jpg,1521,1250,-271
1440.jpg,1522,1980,458
1445.jpg,1523,1950,427
1450.jpg,1524,1600,76
1455.jpg,1525,1750,225
1460.jpg,1526,1750,224
1465.jpg,1526,1550,24
1470.jpg,1527,1650,123
1475.jpg,1528,1600,72
1480.jpg,1528,1930,402
1485.jpg,1530,1570,40
1490.jpg,1530,1850,320
1495.jpg,1530,1750,220
1500.jpg,1531,1904,373
1505.jpg,1531,1850,319
1510.jpg,1532,1465,-67
1515.jpg,1532,1850,318
1520.jpg,1533,1850,317
1525.jpg,1534,1920,386
1530.jpg,1535,1750,215
1535.jpg,1535,1870,335
1540.jpg,1536,1750,214
1545.jpg,1537,1550,13
1550.jpg,1537,1640,103
1555.jpg,1538,1490,-48
1560.jpg,1539,1550,11
1565.jpg,1540,1035,-505
1570.jpg,1540,1538,-2
1575.jpg,1540,1850,310
1580.jpg,1540,1385,-155
1590.jpg,1542,1650,108
1595.jpg,1543,1750,207
1600.jpg,1543,1530,-13
1605.jpg,1544,1550,6
1610.jpg,1545,1750,205
1615.jpg,1545,1750,205
1620.jpg,1547,1547,0
1625.jpg,1548,1560,12
1630.jpg,1549,1750,201
1635.jpg,1549,1600,51
1640.jpg,1550,1550,0
1645.jpg,1550,1750,200
1650.jpg,1550,1550,0
1655.jpg,1550,1460,-90
1660.jpg,1551,1850,299
1665.jpg,1551,1578,27
1670.jpg,1552,1550,-2
1675.jpg,1553,1650,97
1680.jpg,1554,1560,6
1685.jpg,1554,1570,16
1690.jpg,1555,1850,295
1695.jpg,1556,1988,432
1700.jpg,1557,1850,293
1705.jpg,1558,1950,392
1710.jpg,1558,1609,51
1715.jpg,1559,1602,43
1720.jpg,1559,1930,371
1725.jpg,1560,1780,220
1730.jpg,1560,1570,10
1735.jpg,1560,1950,390
1740.jpg,1561,1850,289
1745.jpg,1561,1569,8
1750.jpg,1562,1850,288
1755.jpg,1563,1906,343
1760.jpg,1564,1830,266
1765.jpg,1565,1900,335
1770.jpg,1565,1920,355
1775.jpg,1565,1800,235
1780.jpg,1566,1609,43
1785.jpg,1567,1750,183
1790.jpg,1567,1400,-167
1795.jpg,1568,1550,-18
1800.jpg,1568,1550,-18
1805.jpg,1569,1650,81
1810.jpg,1570,1850,280
1815.jpg,1570,1650,80
1820.jpg,1570,1550,-20
1825.jpg,1571,1859,288
1830.jpg,1572,1600,28
1835.jpg,1572,1605,33
1840.jpg,1573,1550,-23
1845.jpg,1573,1950,377
1850.jpg,1574,1850,276
1855.jpg,1574,1571,-3
1860.jpg,1575,1800,225
1865.jpg,1575,1750,175
1870.jpg,1575,1650,75
1875.jpg,1576,1850,274
1880.jpg,1577,1550,-27
1885.jpg,1578,1750,172
1890.jpg,1578,1850,272
1895.jpg,1579,1200,-379
1900.jpg,1579,1750,171
1905.jpg,1580,1760,180
1910.jpg,1580,1850,270
1915.jpg,1581,1550,-31
1920.jpg,1581,1650,69
1925.jpg,1582,1842,260
1930.jpg,1582,1950,368
1935.jpg,1583,1597,14
1940.jpg,1584,1750,166
1945.jpg,1584,1850,266
1950.jpg,1585,1803,218
1955.jpg,1585,1550,-35
1960.jpg,1585,1850,265
1965.jpg,1586,1566,-20
1970.jpg,1586,1850,264
1975.jpg,1587,1560,-27
1980.jpg,1588,1650,62
1985.jpg,1588,1800,212
1990.jpg,1588,1605,17
1995.jpg,1588,1937,349
2000.jpg,1589,1530,-59
2005.jpg,1590,1750,160
2010.jpg,1590,1573,-17
2020.jpg,1591,1850,259
2025.jpg,1591,1500,-91
2030.jpg,1592,1890,298
2035.jpg,1593,1920,327
2045.jpg,1595,1595,0
2050.jpg,1595,1750,155
2055.jpg,1595,1750,155
2060.jpg,1596,1550,-46
2065.jpg,1596,1500,-96
2070.jpg,1597,1622,25
2075.jpg,1597,1451,-146
2080.jpg,1598,1550,-48
2085.jpg,1598,1542,-56
2090.jpg,1598,1920,322
2095.jpg,1600,1599,-1
2100.jpg,1600,1750,150
2115.jpg,1602,1750,148
2125.jpg,1604,1650,46
2130.jpg,1604,1600,-4
2135.jpg,1604,1600,-4
2140.jpg,1605,1705,100
2145.jpg,1605,1750,145
2150.jpg,1606,1950,344
2155.jpg,1606,1650,44
2160.jpg,1607,1600,-7
2165.jpg,1607,1485,-122
2170.jpg,1608,1850,242
2175.jpg,1608,1750,142
2180.jpg,1609,1550,-59
2185.jpg,1610,1550,-60
2190.jpg,1610,1634,24
2195.jpg,1610,1546,-64
2200.jpg,1610,1850,240
2205.jpg,1611,1605,-6
2210.jpg,1611,1850,239
2215.jpg,1611,1720,109
2220.jpg,1612,2010,398
2225.jpg,1612,1294,-318
2230.jpg,1613,1600,-13
2235.jpg,1613,1800,187
2240.jpg,1614,1600,-14
2245.jpg,1614,1750,136
2250.jpg,1614,1980,366
2255.jpg,1615,1920,305
2260.jpg,1615,1350,-265
2265.jpg,1616,1650,34
2270.jpg,1616,1845,229
2275.jpg,1616,1920,304
2280.jpg,1616,1550,-66
2285.jpg,1617,1550,-67
2290.jpg,1617,1500,-117
2295.jpg,1617,1750,133
2300.jpg,1618,1985,367
2305.jpg,1618,1890,272
2310.jpg,1619,1600,-19
2315.jpg,1619,1750,131
2320.jpg,1619,1550,-69
2325.jpg,1620,1750,130
2330.jpg,1620,1750,130
2335.jpg,1620,1600,-20
2340.jpg,1621,1618,-3
2345.jpg,1621,1750,129
2350.jpg,1622,1750,128
2360.jpg,1623,1650,27
2365.jpg,1624,1850,226
2370.jpg,1624,1750,126
2375.jpg,1624,1568,-56
2380.jpg,1625,1850,225
2385.jpg,1625,1750,125
2390.jpg,1625,1700,75
2395.jpg,1625,1870,245
2400.jpg,1626,1850,224
2405.jpg,1626,1850,224
2410.jpg,1627,1750,123
2415.jpg,1628,1850,222
2420.jpg,1628,1930,302
2425.jpg,1629,1890,261
2430.jpg,1629,1500,-129
2435.jpg,1630,1750,120
2440.jpg,1630,1650,20
2445.jpg,1630,1600,-30
2450.jpg,1630,1750,120
2455.jpg,1631,1725,94
2460.jpg,1631,1850,219
2465.jpg,1631,1300,-331
2470.jpg,1632,1820,188
2475.jpg,1632,1920,288
2480.jpg,1632,1920,288
2485.jpg,1633,1850,217
2490.jpg,1633,1437,-196
2495.jpg,1634,1900,266
2500.jpg,1634,1450,-184
2505.jpg,1634,1760,126
2510.jpg,1635,1630,-5
2515.jpg,1635,1769,134
2520.jpg,1635,1750,115
2525.jpg,1636,1820,184
2530.jpg,1636,1547,-89
2535.jpg,1636,1650,14
2540.jpg,1637,1850,213
2545.jpg,1637,1750,113
2550.jpg,1638,1530,-108
2555.jpg,1638,1650,12
2560.jpg,1638,1920,282
2565.jpg,1639,1750,111
2570.jpg,1639,1400,-239
2575.jpg,1640,1780,140
2580.jpg,1640,1750,110
2585.jpg,1640,1789,149
2590.jpg,1641,1750,109
2595.jpg,1641,1550,-91
2600.jpg,1641,1920,279
2605.jpg,1642,1550,-92
2610.jpg,1642,1850,208
2615.jpg,1643,1650,7
2620.jpg,1644,1850,206
2625.jpg,1644,1750,106
2630.jpg,1644,1850,206
2635.jpg,1645,1850,205
2640.jpg,1645,1850,205
2645.jpg,1646,1750,104
2650.jpg,1646,1700,54
2655.jpg,1646,1500,-146
2660.jpg,1648,1750,102
2665.jpg,1648,1850,202
2670.jpg,1648,1648,0
2675.jpg,1649,1850,201
2680.jpg,1650,1650,0
2685.jpg,1650,1670,20
2690.jpg,1650,1850,200
2695.jpg,1650,1905,255
2700.jpg,1651,1635,-16
2705.jpg,1651,1834,183
2710.jpg,1652,1750,98
2715.jpg,1653,1850,197
2720.jpg,1653,1648,-5
2725.jpg,1654,1750,96
2730.jpg,1654,1550,-104
2735.jpg,1655,1780,125
2745.jpg,1656,1850,194
2750.jpg,1656,1678,22
2755.jpg,1656,1850,194
2760.jpg,1657,1750,93
2765.jpg,1657,1700,43
2770.jpg,1658,1600,-58
2775.jpg,1658,1850,192
2780.jpg,1659,1600,-59
2785.jpg,1659,1750,91
2790.jpg,1660,1666,6
2795.jpg,1660,1750,90
2800.jpg,1660,1650,-10
2805.jpg,1660,1750,90
2810.jpg,1660,1750,90
2815.jpg,1660,1642,-18
2820.jpg,1660,1750,90
2825.jpg,1661,1750,89
2830.jpg,1661,1605,-56
2835.jpg,1661,1850,189
2840.jpg,1661,1905,244
2845.jpg,1662,1920,258
2850.jpg,1663,1750,87
2855.jpg,1663,1857,194
2860.jpg,1664,1600,-64
2865.jpg,1664,1750,86
2870.jpg,1664,1750,86
2875.jpg,1665,1850,185
2880.jpg,1665,1650,-15
2885.jpg,1665,1750,85
2890.jpg,1665,1850,185
2895.jpg,1666,1735,69
2900.jpg,1666,1850,184
2905.jpg,1667,1820,153
2910.jpg,1667,1700,33
2915.jpg,1667,1650,-17
2920.jpg,1668,1600,-68
2925.jpg,1669,1821,152
2930.jpg,1669,1850,181
2935.jpg,1670,1820,150
2940.jpg,1670,1750,80
2945.jpg,1670,1850,180
2950.jpg,1670,1850,180
2955.jpg,1671,1750,79
2960.jpg,1671,1400,-271
2965.jpg,1671,1650,-21
2970.jpg,1672,1920,248
2975.jpg,1672,1850,178
2980.jpg,1673,1800,127
2985.jpg,1673,1850,177
2990.jpg,1674,1850,176
2995.jpg,1674,1850,176
3000.jpg,1674,1200,-474
3010.jpg,1675,1638,-37
3020.jpg,1676,1850,174
3025.jpg,1676,1700,24
3030.jpg,1677,1920,243
3035.jpg,1677,1820,143
3040.jpg,1677,1677,0
3045.jpg,1678,1920,242
3050.jpg,1678,1600,-78
3055.jpg,1678,1938,260
3060.jpg,1679,1750,71
3065.jpg,1679,1928,249
3075.jpg,1680,1750,70
3080.jpg,1680,1780,100
3085.jpg,1680,1650,-30
3090.jpg,1680,1850,170
3095.jpg,1680,1750,70
3100.jpg,1680,1750,70
3105.jpg,1681,1750,69
3110.jpg,1681,1850,169
3115.jpg,1681,1750,69
3120.jpg,1681,1950,269
3125.jpg,1682,1820,138
3130.jpg,1682,1850,168
3135.jpg,1682,1789,107
3140.jpg,1682,1750,68
3145.jpg,1683,1820,137
3150.jpg,1683,1820,137
3155.jpg,1683,1850,167
3160.jpg,1683,1250,-433
3165.jpg,1683,1900,217
3170.jpg,1684,1720,36
3175.jpg,1684,1668,-16
3180.jpg,1684,1850,166
3185.jpg,1684,1750,66
3190.jpg,1685,1750,65
3195.jpg,1685,1608,-77
3200.jpg,1685,1750,65
3205.jpg,1686,1750,64
3210.jpg,1686,1750,64
3215.jpg,1686,1850,164
3220.jpg,1686,1850,164
3225.jpg,1687,1650,-37
3230.jpg,1687,1750,63
3235.jpg,1687,1750,63
3240.jpg,1688,1750,62
3245.jpg,1688,1750,62
3250.jpg,1689,1850,161
3255.jpg,1689,1780,91
3260.jpg,1689,1750,61
3270.jpg,1690,1970,280
3275.jpg,1690,1850,160
3280.jpg,1690,1850,160
3285.jpg,1690,1850,160
3290.jpg,1690,1980,290
3295.jpg,1690,1850,160
3300.jpg,1690,1850,160
3305.jpg,1691,1750,59
3310.jpg,1691,1760,69
3315.jpg,1691,1700,9
3320.jpg,1692,1850,158
3325.jpg,1692,1495,-197
3330.jpg,1693,1960,267
3335.jpg,1693,1850,157
3340.jpg,1694,1750,56
3345.jpg,1694,1950,256
3350.jpg,1694,1200,-494
3355.jpg,1695,1780,85
3360.jpg,1695,1820,125
3365.jpg,1695,1820,125
3370.jpg,1695,1820,125
3375.jpg,1695,1795,100
3385.jpg,1696,1750,54
3390.jpg,1696,1930,234
3395.jpg,1696,1850,154
3400.jpg,1696,1690,-6
3405.jpg,1696,1715,19
3410.jpg,1697,1780,83
3415.jpg,1697,1920,223
3420.jpg,1697,1920,223
3425.jpg,1697,1500,-197
3430.jpg,1698,1820,122
3435.jpg,1698,1850,152
3440.jpg,1698,1500,-198
3445.jpg,1699,1750,51
3450.jpg,1699,1750,51
3455.jpg,1699,1850,151
3460.jpg,1700,1850,150
3465.jpg,1700,1900,200
3470.jpg,1700,1750,50
3475.jpg,1700,1750,50
3480.jpg,1700,1820,120
3485.jpg,1700,1850,150
3490.jpg,1700,1750,50
3495.jpg,1700,1750,50
3500.jpg,1700,1750,50
3505.jpg,1700,1750,50
3510.jpg,1700,1550,-150
3520.jpg,1701,1890,189
3525.jpg,1701,1670,-31
3535.jpg,1702,1750,48
3540.jpg,1702,1730,28
3545.jpg,1703,1703,0
3550.jpg,1704,1850,146
3555.jpg,1704,1750,46
3560.jpg,1704,1930,226
3565.jpg,1704,1920,216
3570.jpg,1704,1920,216
3575.jpg,1705,1750,45
3580.jpg,1705,1750,45
3585.jpg,1705,1820,115
3590.jpg,1705,1600,-105
3595.jpg,1706,1850,144
3600.jpg,1706,1850,144
3605.jpg,1706,1750,44
3610.jpg,1706,1900,194
3615.jpg,1707,1850,143
3620.jpg,1707,1750,43
3625.jpg,1707,1750,43
3630.jpg,1708,1750,42
3635.jpg,1708,1750,42
3640.jpg,1708,1820,112
3645.jpg,1708,1750,42
3650.jpg,1709,1350,-359
3655.jpg,1709,1850,141
3660.jpg,1709,1750,41
3665.jpg,1709,1750,41
3670.jpg,1710,1750,40
3675.jpg,1710,1950,240
3680.jpg,1710,1820,110
3685.jpg,1710,1850,140
3690.jpg,1710,1850,140
3695.jpg,1710,1780,70
3700.jpg,1710,1850,140
3705.jpg,1710,1890,180
3710.jpg,1710,1528,-182
3715.jpg,1711,1846,135
3720.jpg,1711,1750,39
3725.jpg,1711,1750,39
3730.jpg,1711,1693,-18
3735.jpg,1711,1750,39
3740.jpg,1712,1920,208
3745.jpg,1712,1920,208
3750.jpg,1713,1600,-113
3755.jpg,1713,1820,107
3760.jpg,1713,1748,35
3765.jpg,1713,1700,-13
3770.jpg,1714,1750,36
3775.jpg,1714,1750,36
3780.jpg,1714,1850,136
3785.jpg,1714,1900,186
3790.jpg,1715,1850,135
3795.jpg,1715,1950,235
3800.jpg,1715,1940,225
3805.jpg,1715,1850,135
3810.jpg,1715,1750,35
3815.jpg,1715,1780,65
3820.jpg,1715,1950,235
3825.jpg,1715,1750,35
3830.jpg,1715,1750,35
3835.jpg,1716,1850,134
3840.jpg,1716,1850,134
3845.jpg,1716,1830,114
3850.jpg,1716,1870,154
3855.jpg,1716,1750,34
3860.jpg,1716,1750,34
3865.jpg,1717,1850,133
3870.jpg,1717,1750,33
3875.jpg,1717,1850,133
3880.jpg,1718,1735,17
3885.jpg,1718,1735,17
3890.jpg,1719,1850,131
3895.jpg,1719,1780,61
3900.jpg,1719,1750,31
3905.jpg,1719,1850,131
3910.jpg,1720,1800,80
3915.jpg,1720,1829,109
3920.jpg,1720,1820,100
3925.jpg,1720,1850,130
3930.jpg,1720,1970,250
3935.jpg,1720,1820,100
3940.jpg,1720,1750,30
3945.jpg,1720,1750,30
3950.jpg,1720,1780,60
3955.jpg,1720,1780,60
3960.jpg,1720,1850,130
3965.jpg,1720,1780,60
3970.jpg,1720,1650,-70
3975.jpg,1721,1790,69
3980.jpg,1721,1920,199
3985.jpg,1721,1850,129
3990.jpg,1721,1750,29
3995.jpg,1721,1600,-121
4000.jpg,1722,1750,28
4005.jpg,1722,1768,46
4010.jpg,1722,1820,98
4015.jpg,1722,1820,98
4020.jpg,1722,1850,128
4025.jpg,1723,1820,97
4030.jpg,1723,1920,197
4035.jpg,1723,1820,97
4040.jpg,1723,1920,197
4045.jpg,1723,1700,-23
4050.jpg,1723,1250,-473
4055.jpg,1723,1980,257
4060.jpg,1724,1930,206
4065.jpg,1724,1850,126
4070.jpg,1724,1850,126
4075.jpg,1724,1820,96
4080.jpg,1724,1750,26
4085.jpg,1724,1570,-154
4090.jpg,1724,1750,26
4095.jpg,1724,1500,-224
4100.jpg,1725,1920,195
4105.jpg,1725,1850,125
4110.jpg,1725,1850,125
4115.jpg,1725,1750,25
4120.jpg,1725,1850,125
4125.jpg,1725,1820,95
4130.jpg,1725,1920,195
4135.jpg,1725,1720,-5
4140.jpg,1725,1820,95
4145.jpg,1725,1750,25
4150.jpg,1725,1200,-525
4155.jpg,1725,1900,175
4160.jpg,1726,1930,204
4165.jpg,1726,1820,94
4170.jpg,1726,1820,94
4175.jpg,1726,1920,194
4180.jpg,1726,1930,204
4185.jpg,1727,1780,53
4190.jpg,1727,1750,23
4195.jpg,1727,1850,123
4200.jpg,1727,1750,23
4205.jpg,1727,1727,0
4210.jpg,1727,1760,33
4215.jpg,1728,1850,122
4220.jpg,1728,1890,162
4225.jpg,1728,1750,22
4230.jpg,1728,1720,-8
4235.jpg,1728,1920,192
4240.jpg,1728,1950,222
4245.jpg,1728,1750,22
4250.jpg,1729,1764,35
4255.jpg,1729,1850,121
4260.jpg,1729,1750,21
4265.jpg,1729,1780,51
4270.jpg,1729,1600,-129
4275.jpg,1730,1750,20
4280.jpg,1730,1750,20
4285.jpg,1730,1750,20
4290.jpg,1730,1820,90
4295.jpg,1730,1920,190
4300.jpg,1730,1850,120
4305.jpg,1730,1850,120
4310.jpg,1730,1820,90
4315.jpg,1730,1820,90
4320.jpg,1730,1750,20
4325.jpg,1730,1815,85
4330.jpg,1730,1830,100
4335.jpg,1730,1750,20
4340.jpg,1730,1820,90
4345.jpg,1730,1780,50
4350.jpg,1730,1700,-30
4355.jpg,1730,1950,220
4360.jpg,1730,1930,200
4365.jpg,1730,1930,200
4370.jpg,1731,1850,119
4375.jpg,1731,1700,-31
4380.jpg,1731,1850,119
4385.jpg,1731,1750,19
4390.jpg,1732,1568,-164
4395.jpg,1732,1850,118
4400.jpg,1732,1820,88
4405.jpg,1732,1750,18
4410.jpg,1732,1850,118
4415.jpg,1732,1820,88
4420.jpg,1732,1750,18
4425.jpg,1732,1200,-532
4430.jpg,1732,1500,-232
4435.jpg,1733,1750,17
4440.jpg,1733,1820,87
4445.jpg,1733,1850,117
4450.jpg,1733,1750,17
4455.jpg,1733,1750,17
4460.jpg,1733,1850,117
4465.jpg,1733,1950,217
4470.jpg,1733,1920,187
4475.jpg,1734,1750,16
4480.jpg,1734,1720,-14
4485.jpg,1734,1890,156
4490.jpg,1734,1850,116
4495.jpg,1735,1820,85
4505.jpg,1735,1750,15
4510.jpg,1735,1750,15
4515.jpg,1735,1820,85
4520.jpg,1735,1750,15
4525.jpg,1735,1850,115
4530.jpg,1735,1830,95
4535.jpg,1735,1920,185
4545.jpg,1736,1837,101
4550.jpg,1736,1768,32
4555.jpg,1736,1750,14
4560.jpg,1736,1605,-131
4565.jpg,1736,1760,24
4570.jpg,1736,1800,64
4575.jpg,1737,1874,137
4580.jpg,1737,1850,113
4585.jpg,1737,1820,83
4590.jpg,1737,1930,193
4595.jpg,1737,1750,13
4600.jpg,1737,1750,13
4605.jpg,1738,1850,112
4610.jpg,1738,1750,12
4615.jpg,1738,1870,132
4620.jpg,1738,1750,12
4625.jpg,1738,1750,12
4630.jpg,1738,1850,112
4635.jpg,1738,1730,-8
4640.jpg,1739,1750,11
4645.jpg,1739,1850,111
4650.jpg,1739,1850,111
4655.jpg,1739,1750,11
4660.jpg,1739,1920,181
4665.jpg,1740,1820,80
4670.jpg,1740,1780,40
4675.jpg,1740,1820,80
4680.jpg,1740,1820,80
4685.jpg,1740,1735,-5
4690.jpg,1740,1750,10
4695.jpg,1740,1850,110
4700.jpg,1740,1850,110
4705.jpg,1740,1820,80
4710.jpg,1740,1750,10
4715.jpg,1740,1750,10
4720.jpg,1740,1850,110
4725.jpg,1740,1750,10
4730.jpg,1740,1850,110
4735.jpg,1740,1840,100
4740.jpg,1740,1834,94
4745.jpg,1740,1920,180
4750.jpg,1741,1905,164
4755.jpg,1741,1750,9
4760.jpg,1741,1950,209
4765.jpg,1741,1850,109
4770.jpg,1741,1702,-39
4775.jpg,1741,2010,269
4780.jpg,1742,1250,-492
4785.jpg,1742,1750,8
4790.jpg,1742,1750,8
4795.jpg,1742,1820,78
4800.jpg,1742,1750,8
4805.jpg,1742,1780,38
4810.jpg,1742,1700,-42
4815.jpg,1742,1850,108
4820.jpg,1743,1850,107
4825.jpg,1743,1750,7
4835.jpg,1743,1750,7
4840.jpg,1743,1820,77
4845.jpg,1744,1750,6
4850.jpg,1744,1780,36
4855.jpg,1744,1820,76
4860.jpg,1744,1750,6
4865.jpg,1744,1500,-244
4870.jpg,1745,1750,5
4875.jpg,1745,1780,35
4880.jpg,1745,1820,75
4885.jpg,1745,1550,-195
4890.jpg,1745,1750,5
4895.jpg,1745,1850,105
4900.jpg,1745,1750,5
4905.jpg,1745,1930,185
4910.jpg,1746,1900,154
4915.jpg,1746,1750,4
4920.jpg,1746,1870,124
4925.jpg,1746,1200,-546
4930.jpg,1747,1830,83
4935.jpg,1747,1850,103
4940.jpg,1747,1750,3
4945.jpg,1747,1820,73
4950.jpg,1747,1750,3
4955.jpg,1747,1750,3
4960.jpg,1747,1930,183
4965.jpg,1748,1850,102
4970.jpg,1748,1750,2
4975.jpg,1748,1820,72
4980.jpg,1748,1920,172
4985.jpg,1748,1920,172
4990.jpg,1749,1820,71
4995.jpg,1749,1807,58
5000.jpg,1749,1850,101
5005.jpg,1749,1850,101
5010.jpg,1749,1890,141
5015.jpg,1750,1850,100
5020.jpg,1750,1930,180
5025.jpg,1750,1850,100
5030.jpg,1750,1850,100
5035.jpg,1750,1920,170
5040.jpg,1750,1850,100
5045.jpg,1750,1850,100
5050.jpg,1750,1850,100
5060.jpg,1750,1780,30
5065.jpg,1750,1950,200
5070.jpg,1750,1749,-1
5075.jpg,1750,1850,100
5080.jpg,1750,1820,70
5085.jpg,1750,1850,100
5090.jpg,1750,1850,100
5095.jpg,1750,1920,170
5100.jpg,1750,1850,100
5105.jpg,1750,1920,170
5110.jpg,1750,1850,100
5115.jpg,1750,1750,0
5120.jpg,1750,1750,0
5125.jpg,1750,1750,0
5130.jpg,1750,1820,70
5135.jpg,1750,1850,100
5140.jpg,1750,1850,100
5145.jpg,1750,1750,0
5150.jpg,1750,1850,100
5155.jpg,1750,1820,70
5160.jpg,1750,1820,70
5165.jpg,1750,1950,200
5170.jpg,1750,1850,100
5175.jpg,1750,1820,70
5180.jpg,1750,1850,100
5185.jpg,1750,2010,260
5190.jpg,1750,1750,0
5195.jpg,1751,1800,49
5200.jpg,1751,1750,-1
5205.jpg,1751,1920,169
5210.jpg,1751,1920,169
5215.jpg,1751,1820,69
5220.jpg,1751,1200,-551
5225.jpg,1752,1890,138
5230.jpg,1752,1820,68
5235.jpg,1752,1820,68
5240.jpg,1752,1820,68
5245.jpg,1752,1774,22
5250.jpg,1752,1730,-22
5255.jpg,1752,1750,-2
5260.jpg,1752,1820,68
5265.jpg,1752,1780,28
5270.jpg,1752,1920,168
5275.jpg,1752,1780,28
5285.jpg,1753,1824,71
5290.jpg,1753,1820,67
5295.jpg,1753,1820,67
5300.jpg,1753,1850,97
5305.jpg,1753,1820,67
5310.jpg,1753,1776,23
5315.jpg,1753,1600,-153
5320.jpg,1753,1930,177
5325.jpg,1754,1920,166
5330.jpg,1754,1754,0
5335.jpg,1754,1750,-4
5340.jpg,1754,1850,96
5345.jpg,1754,1800,46
5350.jpg,1754,1750,-4
5355.jpg,1754,1650,-104
5360.jpg,1754,1950,196
5365.jpg,1754,1894,140
5370.jpg,1755,1750,-5
5375.jpg,1755,1850,95
5380.jpg,1755,1750,-5
5385.jpg,1755,1850,95
5390.jpg,1755,1750,-5
5395.jpg,1755,1920,165
5400.jpg,1755,1750,-5
5405.jpg,1755,1840,85
5410.jpg,1755,1800,45
5415.jpg,1756,1850,94
5420.jpg,1756,1850,94
5425.jpg,1756,1820,64
5430.jpg,1756,1920,164
5435.jpg,1756,1820,64
5440.jpg,1756,1820,64
5445.jpg,1756,1750,-6
5450.jpg,1756,1850,94
5455.jpg,1756,1750,-6
5460.jpg,1756,1850,94
5470.jpg,1757,1750,-7
5475.jpg,1757,1750,-7
5480.jpg,1757,1850,93
5485.jpg,1757,1930,173
5490.jpg,1757,1920,163
5495.jpg,1757,1925,168
5500.jpg,1758,1752,-6
5505.jpg,1758,1750,-8
5510.jpg,1758,1750,-8
5515.jpg,1758,1920,162
5520.jpg,1758,1820,62
5525.jpg,1758,1950,192
5530.jpg,1758,1800,42
5535.jpg,1759,1778,19
5540.jpg,1759,1820,61
5545.jpg,1759,1850,91
5550.jpg,1759,1760,1
5555.jpg,1759,1850,91
5560.jpg,1759,1850,91
5565.jpg,1760,1850,90
5570.jpg,1760,1830,70
5575.jpg,1760,1850,90
5580.jpg,1760,1850,90
5585.jpg,1760,1250,-510
5590.jpg,1761,1750,-11
5595.jpg,1761,1776,15
5600.jpg,1761,1920,159
5605.jpg,1761,1750,-11
5610.jpg,1761,1920,159
5615.jpg,1761,1850,89
5620.jpg,1761,1902,141
5625.jpg,1761,1850,89
5630.jpg,1762,1850,88
5635.jpg,1762,1820,58
5640.jpg,1762,1950,188
5645.jpg,1762,1820,58
5650.jpg,1762,1750,-12
5655.jpg,1762,1750,-12
5660.jpg,1762,1850,88
5665.jpg,1762,1800,38
5670.jpg,1763,1820,57
5675.jpg,1763,1820,57
5680.jpg,1763,1820,57
5685.jpg,1763,1820,57
5690.jpg,1763,1780,17
5695.jpg,1763,1820,57
5700.jpg,1763,1650,-113
5705.jpg,1763,1820,57
5710.jpg,1764,1850,86
5715.jpg,1764,1820,56
5720.jpg,1764,1820,56
5725.jpg,1764,1820,56
5730.jpg,1764,1750,-14
5735.jpg,1764,1850,86
5740.jpg,1764,1750,-14
5745.jpg,1764,1750,-14
5750.jpg,1764,1750,-14
5755.jpg,1764,1750,-14
5765.jpg,1765,1850,85
5770.jpg,1765,1850,85
5775.jpg,1765,1850,85
5780.jpg,1765,1920,155
5785.jpg,1765,1750,-15
5790.jpg,1765,1920,155
5795.jpg,1765,1820,55
5800.jpg,1765,1750,-15
5805.jpg,1765,1850,85
5810.jpg,1765,1850,85
5815.jpg,1765,1750,-15
5820.jpg,1765,1850,85
5825.jpg,1765,1850,85
5830.jpg,1765,1850,85
5835.jpg,1766,1906,140
5840.jpg,1766,1850,84
5845.jpg,1766,1750,-16
5850.jpg,1766,1650,-116
5855.jpg,1766,1850,84
5860.jpg,1766,1750,-16
5865.jpg,1766,1850,84
5870.jpg,1766,1760,-6
5875.jpg,1767,1780,13
5880.jpg,1767,1850,83
5885.jpg,1767,1855,88
5890.jpg,1767,1789,22
5895.jpg,1768,1850,82
5900.jpg,1768,1820,52
5905.jpg,1768,1780,12
5910.jpg,1768,1890,122
5915.jpg,1768,1920,152
5920.jpg,1768,1850,82
5925.jpg,1768,1850,82
5930.jpg,1768,1796,28
5935.jpg,1768,1850,82
5940.jpg,1768,1950,182
5945.jpg,1769,1820,51
5950.jpg,1769,1920,151
5955.jpg,1769,1820,51
5960.jpg,1769,1750,-19
5965.jpg,1769,1850,81
5970.jpg,1769,1820,51
5975.jpg,1769,1820,51
5980.jpg,1769,1820,51
5985.jpg,1769,1830,61
5990.jpg,1769,1850,81
5995.jpg,1769,1650,-119
6000.jpg,1770,1920,150
6005.jpg,1770,1750,-20
6010.jpg,1770,1750,-20
6015.jpg,1770,1820,50
6020.jpg,1770,1820,50
6025.jpg,1770,1750,-20
6030.jpg,1770,1750,-20
6035.jpg,1770,1750,-20
6040.jpg,1770,1750,-20
6045.jpg,1770,1850,80
6050.jpg,1770,1850,80
6055.jpg,1770,1850,80
6060.jpg,1770,1820,50
6065.jpg,1770,1920,150
6070.jpg,1770,1950,180
6075.jpg,1770,1890,120
6080.jpg,1770,1750,-20
6085.jpg,1770,1820,50
6090.jpg,1770,1780,10
6095.jpg,1770,1750,-20
6100.jpg,1770,1763,-7
6105.jpg,1770,1750,-20
6115.jpg,1771,1870,99
6120.jpg,1771,1820,49
6125.jpg,1771,1780,9
6130.jpg,1771,1820,49
6135.jpg,1771,1750,-21
6140.jpg,1771,1750,-21
6145.jpg,1771,1820,49
6150.jpg,1771,1920,149
6155.jpg,1771,1750,-21
6160.jpg,1771,1786,15
6165.jpg,1771,1734,-37
6170.jpg,1772,1850,78
6175.jpg,1772,1820,48
6180.jpg,1772,1683,-89
6185.jpg,1772,1750,-22
6190.jpg,1772,1800,28
6195.jpg,1773,1820,47
6200.jpg,1773,1950,177
6205.jpg,1773,1820,47
6210.jpg,1773,1850,77
6215.jpg,1773,1820,47
6220.jpg,1773,1850,77
6225.jpg,1773,1850,77
6230.jpg,1773,1750,-23
6235.jpg,1773,1850,77
6240.jpg,1774,1850,76
6245.jpg,1774,1780,6
6250.jpg,1774,1726,-48
6255.jpg,1774,1750,-24
6260.jpg,1774,1850,76
6265.jpg,1774,1820,46
6270.jpg,1774,1750,-24
6275.jpg,1774,1760,-14
6280.jpg,1774,1930,156
6285.jpg,1774,1780,6
6290.jpg,1774,1950,176
6295.jpg,1774,1920,146
6300.jpg,1774,1750,-24
6305.jpg,1775,1850,75
6310.jpg,1775,1820,45
6315.jpg,1775,1820,45
6320.jpg,1775,1820,45
6325.jpg,1775,1820,45
6330.jpg,1775,1820,45
6335.jpg,1775,1850,75
6350.jpg,1775,1920,145
6355.jpg,1775,1850,75
6360.jpg,1775,1850,75
6365.jpg,1775,1820,45
6370.jpg,1775,1930,155
6375.jpg,1775,1768,-7
6380.jpg,1775,1906,131
6385.jpg,1775,1500,-275
6390.jpg,1775,1850,75
6395.jpg,1775,1750,-25
6405.jpg,1776,1750,-26
6410.jpg,1776,1920,144
6415.jpg,1776,1920,144
6420.jpg,1776,1820,44
6425.jpg,1776,1750,-26
6430.jpg,1776,1840,64
6435.jpg,1776,1950,174
6440.jpg,1776,1850,74
6445.jpg,1777,1780,3
6450.jpg,1777,1850,73
6455.jpg,1777,1920,143
6460.jpg,1777,1750,-27
6465.jpg,1777,1920,143
6470.jpg,1777,1937,160
6475.jpg,1777,1500,-277
6480.jpg,1777,1980,203
6485.jpg,1778,1800,22
6495.jpg,1778,1780,2
6500.jpg,1778,1800,22
6505.jpg,1778,1850,72
6510.jpg,1778,1850,72
6515.jpg,1779,1905,126
6520.jpg,1779,1850,71
6525.jpg,1779,1850,71
6530.jpg,1779,1850,71
6535.jpg,1779,1830,51
6540.jpg,1779,1820,41
6545.jpg,1779,1750,-29
6550.jpg,1779,1780,1
6555.jpg,1780,1377,-403
6560.jpg,1780,1760,-20
6565.jpg,1780,1820,40
6570.jpg,1780,1850,70
6575.jpg,1780,1850,70
6580.jpg,1780,1850,70
6585.jpg,1780,1850,70
6590.jpg,1780,1890,110
6595.jpg,1780,1850,70
6600.jpg,1780,1750,-30
6605.jpg,1780,1820,40
6610.jpg,1780,1950,170
6615.jpg,1780,1840,60
6620.jpg,1780,1820,40
6625.jpg,1780,1850,70
6630.jpg,1780,1850,70
6635.jpg,1780,1750,-30
6640.jpg,1780,1950,170
6645.jpg,1780,1750,-30
6650.jpg,1780,1850,70
6655.jpg,1780,1850,70
6660.jpg,1780,1920,140
6665.jpg,1780,1820,40
6670.jpg,1781,1920,139
6675.jpg,1781,1800,19
6680.jpg,1781,1820,39
6685.jpg,1781,1820,39
6690.jpg,1781,1850,69
6695.jpg,1781,1930,149
6700.jpg,1781,1750,-31
6705.jpg,1781,1930,149
6710.jpg,1782,1920,138
6715.jpg,1782,1920,138
6720.jpg,1782,1780,-2
6725.jpg,1782,1850,68
6730.jpg,1782,1820,38
6735.jpg,1782,1850,68
6740.jpg,1782,1850,68
6745.jpg,1782,1750,-32
6750.jpg,1782,1750,-32
6755.jpg,1783,1760,-23
6760.jpg,1783,1750,-33
6765.jpg,1783,1850,67
6770.jpg,1783,1950,167
6775.jpg,1783,1850,67
6780.jpg,1783,1750,-33
6785.jpg,1783,1850,67
6790.jpg,1783,1850,67
6795.jpg,1783,1780,-3
6800.jpg,1783,1950,167
6805.jpg,1783,1801,18
6810.jpg,1784,1850,66
6815.jpg,1784,1784,0
6820.jpg,1784,1780,-4
6825.jpg,1784,1850,66
6830.jpg,1784,1820,36
6835.jpg,1784,1950,166
6840.jpg,1784,1700,-84
6845.jpg,1784,1850,66
6850.jpg,1784,1750,-34
6855.jpg,1784,1850,66
6860.jpg,1785,1850,65
6865.jpg,1785,1750,-35
6870.jpg,1785,1850,65
6875.jpg,1785,1760,-25
6880.jpg,1785,1930,145
6885.jpg,1785,1840,55
6890.jpg,1785,1820,35
6895.jpg,1785,1820,35
6900.jpg,1785,1820,35
6905.jpg,1785,1820,35
6910.jpg,1785,1850,65
6915.jpg,1785,1820,35
6920.jpg,1785,1850,65
6925.jpg,1785,1750,-35
6930.jpg,1785,1200,-585
6935.jpg,1785,1850,65
6940.jpg,1785,1825,40
6945.jpg,1785,1500,-285
6950.jpg,1786,1850,64
6955.jpg,1786,1850,64
6960.jpg,1786,1820,34
6965.jpg,1786,1730,-56
6970.jpg,1786,1750,-36
6975.jpg,1786,1790,4
6980.jpg,1786,1820,34
6985.jpg,1786,1780,-6
6990.jpg,1786,1850,64
6995.jpg,1786,1920,134
7000.jpg,1786,1780,-6
7005.jpg,1787,1850,63
7010.jpg,1787,1763,-24
7015.jpg,1787,1850,63
7020.jpg,1787,1905,118
7025.jpg,1787,1826,39
7030.jpg,1787,1820,33
7035.jpg,1787,1820,33
7040.jpg,1787,1950,163
7045.jpg,1787,1850,63
7050.jpg,1787,1850,63
7055.jpg,1787,1850,63
7060.jpg,1787,1930,143
7065.jpg,1787,1850,63
7070.jpg,1787,1820,33
7075.jpg,1787,1650,-137
7080.jpg,1787,1830,43
7085.jpg,1787,1870,83
7090.jpg,1788,1900,112
7095.jpg,1788,1783,-5
7100.jpg,1788,1788,0
7105.jpg,1788,1820,32
7110.jpg,1788,1850,62
7115.jpg,1788,1850,62
7120.jpg,1788,1820,32
7125.jpg,1788,1820,32
7130.jpg,1788,1820,32
7135.jpg,1788,1826,38
7140.jpg,1788,1850,62
7145.jpg,1789,1776,-13
7150.jpg,1789,1732,-57
7155.jpg,1789,1790,1
7160.jpg,1789,1850,61
7165.jpg,1789,1850,61
7170.jpg,1789,1850,61
7175.jpg,1789,1920,131
7180.jpg,1789,1950,161
7185.jpg,1789,1850,61
7190.jpg,1789,1750,-39
7195.jpg,1789,1850,61
7200.jpg,1790,1830,40
7205.jpg,1790,1850,60
7210.jpg,1790,1930,140
7215.jpg,1790,1820,30
7220.jpg,1790,1820,30
7225.jpg,1790,1850,60
7230.jpg,1790,1820,30
7235.jpg,1790,1850,60
7240.jpg,1790,1750,-40
7245.jpg,1790,1920,130
7250.jpg,1790,1820,30
7255.jpg,1790,1920,130
7260.jpg,1790,1850,60
7265.jpg,1790,1890,100
7270.jpg,1790,1850,60
7275.jpg,1790,1850,60
7280.jpg,1790,1820,30
7285.jpg,1790,1760,-30
7290.jpg,1790,1950,160
7295.jpg,1790,1820,30
7300.jpg,1790,1820,30
7305.jpg,1790,1850,60
7310.jpg,1790,1820,30
7315.jpg,1790,1820,30
7320.jpg,1790,1850,60
7325.jpg,1790,1820,30
7330.jpg,1790,1767,-23
7335.jpg,1790,1930,140
7340.jpg,1790,1820,30
7345.jpg,1790,1850,60
7350.jpg,1790,1850,60
7355.jpg,1790,1850,60
7360.jpg,1790,1850,60
7365.jpg,1790,1920,130
7370.jpg,1790,1780,-10
7375.jpg,1790,1920,130
7380.jpg,1790,1640,-150
7385.jpg,1791,1890,99
7390.jpg,1791,1850,59
7395.jpg,1791,1732,-59
7400.jpg,1791,1300,-491
7405.jpg,1791,1930,139
7410.jpg,1791,1820,29
7415.jpg,1791,1820,29
7420.jpg,1791,1780,-11
7425.jpg,1791,1820,29
7430.jpg,1791,1894,103
7435.jpg,1791,1800,9
7440.jpg,1792,1890,98
7445.jpg,1792,1950,158
7450.jpg,1792,1732,-60
7455.jpg,1792,1825,33
7460.jpg,1792,1820,28
7465.jpg,1792,1850,58
7470.jpg,1792,1850,58
7475.jpg,1792,1950,158
7480.jpg,1792,1780,-12
7485.jpg,1792,1850,58
7490.jpg,1792,1850,58
7495.jpg,1792,1830,38
7500.jpg,1792,1820,28
7505.jpg,1792,1792,0
7510.jpg,1793,1930,137
7515.jpg,1793,1989,196
7520.jpg,1793,1930,137
7525.jpg,1793,1850,57
7530.jpg,1793,1800,7
7535.jpg,1793,1950,157
7540.jpg,1793,1820,27
7545.jpg,1793,1850,57
7550.jpg,1793,1750,-43
7555.jpg,1793,1850,57
7560.jpg,1793,1820,27
7565.jpg,1793,1850,57
7570.jpg,1793,1750,-43
7575.jpg,1793,1850,57
7580.jpg,1793,1820,27
7585.jpg,1793,1820,27
7590.jpg,1793,1850,57
7595.jpg,1794,1905,111
7600.jpg,1794,1850,56
7605.jpg,1794,1850,56
7610.jpg,1794,1820,26
7615.jpg,1794,1865,71
7620.jpg,1794,1850,56
7625.jpg,1794,1850,56
7630.jpg,1794,1750,-44
7635.jpg,1794,1750,-44
7640.jpg,1794,1820,26
7645.jpg,1794,1750,-44
7650.jpg,1794,1850,56
7655.jpg,1795,1850,55
7660.jpg,1795,1930,135
7665.jpg,1795,1920,125
7670.jpg,1795,1820,25
7675.jpg,1795,1830,35
7680.jpg,1795,1820,25
7685.jpg,1795,1780,-15
7690.jpg,1795,1820,25
7695.jpg,1795,1850,55
7700.jpg,1795,1850,55
7705.jpg,1795,1820,25
7710.jpg,1795,1950,155
7715.jpg,1795,1840,45
7720.jpg,1795,1850,55
7725.jpg,1795,1850,55
7730.jpg,1795,1820,25
7735.jpg,1795,1850,55
7740.jpg,1795,1820,25
7745.jpg,1795,1920,125
7750.jpg,1795,1820,25
7755.jpg,1795,1820,25
7760.jpg,1795,1820,25
7765.jpg,1795,1950,155
7775.jpg,1796,1890,94
7780.jpg,1796,1785,-11
7785.jpg,1796,1850,54
7790.jpg,1796,1854,58
7795.jpg,1796,1780,-16
7800.jpg,1796,1750,-46
7805.jpg,1796,1750,-46
7810.jpg,1796,1850,54
7815.jpg,1796,1920,124
7820.jpg,1796,1780,-16
7825.jpg,1796,1850,54
7830.jpg,1796,1890,94
7840.jpg,1796,1850,54
7845.jpg,1796,1820,24
7850.jpg,1796,1750,-46
7855.jpg,1796,1850,54
7860.jpg,1796,1920,124
7865.jpg,1796,1850,54
7870.jpg,1796,1850,54
7875.jpg,1796,1500,-296
7880.jpg,1797,1760,-37
7885.jpg,1797,1850,53
7890.jpg,1797,1820,23
7895.jpg,1797,1850,53
7900.jpg,1797,1850,53
7905.jpg,1797,1820,23
7915.jpg,1797,1850,53
7920.jpg,1797,1820,23
7925.jpg,1797,1820,23
7930.jpg,1797,1850,53
7935.jpg,1797,1920,123
7940.jpg,1797,1820,23
7945.jpg,1797,1850,53
7950.jpg,1797,1850,53
7955.jpg,1798,1850,52
7960.jpg,1798,1874,76
7965.jpg,1798,3000,1202
7970.jpg,1798,1850,52
7975.jpg,1798,1870,72
7980.jpg,1798,1820,22
7985.jpg,1798,1870,72
7990.jpg,1798,1900,102
7995.jpg,1798,1845,47
8000.jpg,1798,1890,92
8005.jpg,1798,1820,22
8010.jpg,1798,1920,122
8015.jpg,1798,1850,52
8020.jpg,1798,1850,52
8025.jpg,1798,1820,22
8030.jpg,1798,1950,152
8035.jpg,1798,1820,22
8040.jpg,1798,1950,152
8045.jpg,1798,1850,52
8055.jpg,1798,1850,52
8060.jpg,1799,2010,211
8065.jpg,1799,1850,51
8070.jpg,1799,1850,51
8075.jpg,1799,1850,51
8080.jpg,1799,1920,121
8085.jpg,1799,1820,21
8090.jpg,1799,1850,51
8095.jpg,1799,1820,21
8100.jpg,1799,1850,51
8105.jpg,1799,1820,21
8110.jpg,1799,1500,-299
8115.jpg,1800,1850,50
8120.jpg,1800,1900,100
8125.jpg,1800,1820,20
8130.jpg,1800,1850,50
8135.jpg,1800,1850,50
8140.jpg,1800,1820,20
8145.jpg,1800,1840,40
8150.jpg,1800,1850,50
8155.jpg,1800,1850,50
8160.jpg,1800,1920,120
8165.jpg,1800,1850,50
8170.jpg,1800,1820,20
8175.jpg,1800,1820,20
8180.jpg,1800,1950,150
8185.jpg,1800,1850,50
8190.jpg,1800,1820,20
8195.jpg,1800,1890,90
8200.jpg,1800,1950,150
8205.jpg,1800,1820,20
8210.jpg,1800,1850,50
8215.jpg,1800,1890,90
8220.jpg,1800,1930,130
8225.jpg,1800,1820,20
8230.jpg,1800,1850,50
8235.jpg,1800,1840,40
8240.jpg,1800,1890,90
8245.jpg,1800,1920,120
8250.jpg,1800,1850,50
8255.jpg,1800,1850,50
8260.jpg,1800,1820,20
8265.jpg,1800,1820,20
8270.jpg,1800,1820,20
8275.jpg,1800,1850,50
8280.jpg,1800,1820,20
8285.jpg,1800,1920,120
8295.jpg,1800,1920,120
8300.jpg,1801,1850,49
8305.jpg,1801,1940,139
8310.jpg,1801,1850,49
8315.jpg,1801,1920,119
8320.jpg,1801,1920,119
8325.jpg,1801,1857,56
8330.jpg,1801,1820,19
8335.jpg,1801,1850,49
8340.jpg,1801,1820,19
8345.jpg,1801,1830,29
8350.jpg,1801,1920,119
8355.jpg,1801,1850,49
8360.jpg,1801,1850,49
8365.jpg,1801,1830,29
8375.jpg,1802,1920,118
8380.jpg,1802,1897,95
8385.jpg,1802,1850,48
8390.jpg,1802,1850,48
8395.jpg,1802,1850,48
8400.jpg,1802,1850,48
8405.jpg,1802,1820,18
8410.jpg,1802,1820,18
8415.jpg,1802,1822,20
8420.jpg,1802,1850,48
8425.jpg,1802,1754,-48
8430.jpg,1802,1850,48
8435.jpg,1802,1702,-100
8440.jpg,1803,1883,80
8445.jpg,1803,1850,47
8450.jpg,1803,1820,17
8455.jpg,1803,1820,17
8460.jpg,1803,1920,117
8465.jpg,1803,1850,47
8470.jpg,1803,1890,87
8475.jpg,1803,1950,147
8480.jpg,1803,1820,17
8485.jpg,1803,1820,17
8490.jpg,1803,1850,47
8495.jpg,1803,1872,69
8500.jpg,1803,1820,17
8505.jpg,1803,1850,47
8515.jpg,1804,1850,46
8520.jpg,1804,1850,46
8525.jpg,1804,1850,46
8530.jpg,1804,1950,146
8535.jpg,1804,1920,116
8540.jpg,1804,1840,36
8545.jpg,1804,1850,46
8550.jpg,1804,1840,36
8555.jpg,1804,1850,46
8560.jpg,1804,1930,126
8565.jpg,1804,1950,146
8570.jpg,1804,1820,16
8575.jpg,1804,1920,116
8580.jpg,1804,1800,-4
8585.jpg,1805,1820,15
8590.jpg,1805,1850,45
8595.jpg,1805,1820,15
8600.jpg,1805,1850,45
8605.jpg,1805,1800,-5
8610.jpg,1805,1850,45
8615.jpg,1805,1920,115
8620.jpg,1805,1820,15
8625.jpg,1805,1820,15
8630.jpg,1805,1800,-5
8635.jpg,1805,1890,85
8640.jpg,1805,1750,-55
8645.jpg,1805,1890,85
8650.jpg,1805,1870,65
8655.jpg,1805,1850,45
8660.jpg,1805,1850,45
8665.jpg,1805,1820,15
8670.jpg,1805,1850,45
8675.jpg,1805,1830,25
8680.jpg,1805,1930,125
8685.jpg,1805,1920,115
8690.jpg,1805,1800,-5
8695.jpg,1806,1820,14
8700.jpg,1806,1800,-6
8705.jpg,1806,1858,52
8710.jpg,1806,1850,44
8715.jpg,1806,1830,24
8720.jpg,1806,1950,144
8725.jpg,1806,1920,114
8730.jpg,1806,1830,24
8735.jpg,1806,1920,114
8740.jpg,1806,1950,144
8745.jpg,1806,1850,44
8750.jpg,1806,1850,44
8755.jpg,1806,1840,34
8765.jpg,1807,1800,-7
8770.jpg,1807,1820,13
8775.jpg,1807,1857,50
8780.jpg,1807,1850,43
8785.jpg,1807,1920,113
8790.jpg,1807,1820,13
8795.jpg,1807,1850,43
8800.jpg,1807,1850,43
8805.jpg,1807,1890,83
8810.jpg,1807,1890,83
8815.jpg,1807,1820,13
8820.jpg,1807,1820,13
8825.jpg,1807,1820,13
8830.jpg,1807,1830,23
8835.jpg,1807,1648,-159
8840.jpg,1808,1809,1
8845.jpg,1808,1870,62
8850.jpg,1808,1930,122
8855.jpg,1808,1820,12
8860.jpg,1808,1920,112
8865.jpg,1808,1850,42
8875.jpg,1808,1820,12
8880.jpg,1808,1820,12
8885.jpg,1808,1820,12
8890.jpg,1808,1850,42
8895.jpg,1808,1760,-48
8900.jpg,1808,1850,42
8905.jpg,1808,1850,42
8910.jpg,1809,1820,11
8915.jpg,1809,1820,11
8920.jpg,1809,1850,41
8925.jpg,1809,1920,111
8930.jpg,1809,1850,41
8935.jpg,1809,1850,41
8940.jpg,1809,1920,111
8945.jpg,1809,1850,41
8950.jpg,1809,1830,21
8955.jpg,1809,1850,41
8965.jpg,1809,1900,91
8970.jpg,1809,1850,41
8975.jpg,1810,1820,10
8980.jpg,1810,1960,150
8985.jpg,1810,1950,140
8995.jpg,1810,1857,47
9000.jpg,1810,1820,10
9005.jpg,1810,1850,40
9010.jpg,1810,1850,40
9015.jpg,1810,1930,120
9020.jpg,1810,1890,80
9025.jpg,1810,1820,10
9030.jpg,1810,1850,40
9035.jpg,1810,1850,40
9040.jpg,1810,1920,110
9045.jpg,1810,1920,110
9050.jpg,1810,1750,-60
9055.jpg,1810,1850,40
9060.jpg,1810,1905,95
9065.jpg,1810,1820,10
9070.jpg,1810,1920,110
9075.jpg,1810,1850,40
9080.jpg,1810,1950,140
9085.jpg,1810,1850,40
9090.jpg,1810,1820,10
9095.jpg,1810,1820,10
9100.jpg,1810,1850,40
9105.jpg,1810,1850,40
9110.jpg,1810,1950,140
9115.jpg,1810,1820,10
9120.jpg,1810,1950,140
9125.jpg,1810,1890,80
9130.jpg,1810,1920,110
9135.jpg,1810,1950,140
9140.jpg,1810,1930,120
9145.jpg,1810,1950,140
9150.jpg,1811,1850,39
9160.jpg,1811,1862,51
9165.jpg,1811,1780,-31
9170.jpg,1811,1820,9
9175.jpg,1811,1850,39
9180.jpg,1811,1890,79
9185.jpg,1811,1820,9
9190.jpg,1811,1820,9
9195.jpg,1811,1800,-11
9200.jpg,1811,1760,-51
9205.jpg,1811,1850,39
9210.jpg,1812,1821,9
9215.jpg,1812,1400,-412
9220.jpg,1812,1206,-606
9225.jpg,1812,1810,-2
9230.jpg,1812,1820,8
9235.jpg,1812,1850,38
9240.jpg,1812,1830,18
9245.jpg,1812,1850,38
9250.jpg,1812,1920,108
9255.jpg,1812,1850,38
9260.jpg,1812,1950,138
9265.jpg,1812,1850,38
9270.jpg,1812,1950,138
9275.jpg,1812,1870,58
9280.jpg,1812,1850,38
9290.jpg,1812,1850,38
9295.jpg,1812,1850,38
9300.jpg,1812,1850,38
9305.jpg,1812,1850,38
9310.jpg,1813,1850,37
9315.jpg,1813,1850,37
9320.jpg,1813,1780,-33
9325.jpg,1813,1500,-313
9330.jpg,1813,1820,7
9335.jpg,1813,1830,17
9340.jpg,1813,1820,7
9345.jpg,1813,1890,77
9350.jpg,1813,1840,27
9355.jpg,1813,600,-1213
9360.jpg,1813,1920,107
9365.jpg,1813,1920,107
9370.jpg,1813,1920,107
9375.jpg,1814,1850,36
9390.jpg,1814,1850,36
9395.jpg,1814,1830,16
9400.jpg,1814,1811,-3
9405.jpg,1814,1830,16
9410.jpg,1814,1850,36
9415.jpg,1814,1850,36
9420.jpg,1814,1830,16
9425.jpg,1814,1750,-64
9430.jpg,1814,1869,55
9435.jpg,1814,1820,6
9440.jpg,1814,1850,36
9445.jpg,1814,1820,6
9450.jpg,1814,1830,16
9455.jpg,1814,1750,-64
9460.jpg,1814,1820,6
9465.jpg,1815,1850,35
9470.jpg,1815,1850,35
9475.jpg,1815,1750,-65
9480.jpg,1815,1850,35
9485.jpg,1815,1850,35
9490.jpg,1815,1850,35
9495.jpg,1815,1850,35
9500.jpg,1815,1850,35
9505.jpg,1815,1850,35
9510.jpg,1815,1950,135
9515.jpg,1815,1850,35
9520.jpg,1815,1780,-35
9525.jpg,1815,1830,15
9530.jpg,1815,1750,-65
9535.jpg,1815,1850,35
9540.jpg,1815,1950,135
9545.jpg,1815,1820,5
9550.jpg,1815,1820,5
9555.jpg,1815,1830,15
9560.jpg,1815,1820,5
9565.jpg,1815,1850,35
9570.jpg,1815,1920,105
9575.jpg,1815,1890,75
9580.jpg,1815,1750,-65
9585.jpg,1815,1850,35
9590.jpg,1815,1850,35
9595.jpg,1816,1920,104
9600.jpg,1816,1850,34
9605.jpg,1816,1830,14
9610.jpg,1816,1850,34
9615.jpg,1816,1819,3
9620.jpg,1816,1890,74
9625.jpg,1816,1792,-24
9630.jpg,1816,1850,34
9635.jpg,1816,1840,24
9640.jpg,1816,1850,34
9645.jpg,1816,1850,34
9650.jpg,1816,1820,4
9655.jpg,1816,1820,4
9660.jpg,1816,1850,34
9665.jpg,1816,1780,-36
9670.jpg,1816,1850,34
9675.jpg,1816,1920,104
9680.jpg,1816,1780,-36
9685.jpg,1816,1850,34
9690.jpg,1816,1890,74
9695.jpg,1816,1830,14
9700.jpg,1816,1930,114
9705.jpg,1816,1750,-66
9710.jpg,1816,1820,4
9715.jpg,1817,1850,33
9720.jpg,1817,1950,133
9725.jpg,1817,1930,113
9730.jpg,1817,1848,31
9735.jpg,1817,1850,33
9740.jpg,1817,1950,133
9745.jpg,1817,1820,3
9750.jpg,1817,1930,113
9755.jpg,1817,1820,3
9760.jpg,1817,1850,33
9765.jpg,1817,1850,33
9770.jpg,1817,1850,33
9775.jpg,1817,1930,113
9780.jpg,1817,1890,73
9785.jpg,1817,1867,50
9790.jpg,1818,1850,32
9795.jpg,1818,1890,72
9800.jpg,1818,1850,32
9805.jpg,1818,1920,102
9810.jpg,1818,1850,32
9815.jpg,1818,1804,-14
9820.jpg,1818,1850,32
9825.jpg,1818,1850,32
9830.jpg,1818,1920,102
9835.jpg,1818,1850,32
9840.jpg,1818,1950,132
9845.jpg,1818,1920,102
9850.jpg,1818,1870,52
9855.jpg,1818,1850,32
9860.jpg,1818,1820,2
9865.jpg,1818,1850,32
9870.jpg,1818,1850,32
9875.jpg,1818,1890,72
9880.jpg,1818,1850,32
9885.jpg,1818,1950,132
9890.jpg,1818,1830,12
9895.jpg,1818,1820,2
9900.jpg,1818,1823,5
9905.jpg,1818,1850,32
9910.jpg,1819,1834,15
9915.jpg,1819,1920,101
9920.jpg,1819,1897,78
9925.jpg,1819,1900,81
9930.jpg,1819,1830,11
9935.jpg,1819,1850,31
9940.jpg,1819,1850,31
9945.jpg,1819,1850,31
9950.jpg,1819,1920,101
9955.jpg,1819,1920,101
9960.jpg,1819,1850,31
9965.jpg,1819,1920,101
9970.jpg,1819,1890,71
9975.jpg,1819,1890,71
9980.jpg,1819,1850,31
9985.jpg,1820,1905,85
9990.jpg,1820,1900,80
9995.jpg,1820,1930,110
10000.jpg,1820,1850,30
10005.jpg,1820,1850,30
10010.jpg,1820,1900,80
10015.jpg,1820,1850,30
10020.jpg,1820,1350,-470
10025.jpg,1820,1750,-70
10030.jpg,1820,1920,100
10035.jpg,1820,1950,130
10040.jpg,1820,1950,130
10045.jpg,1820,1820,0
10050.jpg,1820,1850,30
10055.jpg,1820,1550,-270
10060.jpg,1820,1920,100
10065.jpg,1820,1820,0
10070.jpg,1820,1820,0
10075.jpg,1820,1850,30
10080.jpg,1820,1850,30
10085.jpg,1820,1870,50
10090.jpg,1820,1820,0
10095.jpg,1820,1850,30
10100.jpg,1820,1920,100
10105.jpg,1820,1820,0
10110.jpg,1820,1850,30
10115.jpg,1820,1950,130
10120.jpg,1820,1820,0
10125.jpg,1820,1890,70
10130.jpg,1820,1850,30
10135.jpg,1820,1820,0
10140.jpg,1820,1850,30
10145.jpg,1820,1950,130
10150.jpg,1820,1850,30
10155.jpg,1820,1830,10
10160.jpg,1820,1820,0
10165.jpg,1820,1850,30
10170.jpg,1820,1920,100
10175.jpg,1820,1870,50
10180.jpg,1820,1875,55
10185.jpg,1820,1920,100
10190.jpg,1820,1850,30
10195.jpg,1821,1804,-17
10200.jpg,1821,1930,109
10205.jpg,1821,1821,0
10210.jpg,1821,1930,109
10215.jpg,1821,1920,99
10220.jpg,1821,1850,29
10225.jpg,1821,1905,84
10230.jpg,1821,1820,-1
10235.jpg,1821,1890,69
10240.jpg,1821,1920,99
10245.jpg,1821,1920,99
10250.jpg,1821,1770,-51
10255.jpg,1821,1890,69
10260.jpg,1821,1780,-41
10265.jpg,1821,1920,99
10270.jpg,1821,1920,99
10275.jpg,1821,1870,49
10280.jpg,1822,1930,108
10285.jpg,1822,1850,28
10290.jpg,1822,1830,8
10295.jpg,1822,1874,52
10300.jpg,1822,1895,73
10305.jpg,1822,1850,28
10310.jpg,1822,1820,-2
10315.jpg,1822,1890,68
10320.jpg,1822,1870,48
10325.jpg,1822,1950,128
10330.jpg,1822,1920,98
10335.jpg,1822,1930,108
10340.jpg,1822,1850,28
10345.jpg,1822,1920,98
10355.jpg,1822,1850,28
10360.jpg,1823,1750,-73
10365.jpg,1823,1850,27
10370.jpg,1823,1820,-3
10375.jpg,1823,1850,27
10385.jpg,1823,1831,8
10390.jpg,1823,1950,127
10395.jpg,1823,1820,-3
10400.jpg,1823,1850,27
10405.jpg,1823,1850,27
10410.jpg,1823,1820,-3
10415.jpg,1823,1900,77
10420.jpg,1823,1920,97
10425.jpg,1823,1750,-73
10430.jpg,1823,1850,27
10435.jpg,1823,1920,97
10440.jpg,1823,1850,27
10445.jpg,1823,1920,97
10450.jpg,1823,1840,17
10455.jpg,1824,1850,26
10460.jpg,1824,1850,26
10465.jpg,1824,1850,26
10470.jpg,1824,1850,26
10475.jpg,1824,1400,-424
10480.jpg,1824,1863,39
10485.jpg,1824,1850,26
10490.jpg,1824,1720,-104
10495.jpg,1824,1850,26
10500.jpg,1824,1930,106
10505.jpg,1824,1950,126
10510.jpg,1824,1920,96
10515.jpg,1824,1850,26
10520.jpg,1824,1850,26
10525.jpg,1824,1980,156
10530.jpg,1824,1920,96
10535.jpg,1824,1820,-4
10540.jpg,1824,1850,26
10545.jpg,1824,1874,50
10550.jpg,1825,1824,-1
10555.jpg,1825,1890,65
10560.jpg,1825,1850,25
10565.jpg,1825,1850,25
10570.jpg,1825,1930,105
10575.jpg,1825,1830,5
10580.jpg,1825,1863,38
10585.jpg,1825,1850,25
10590.jpg,1825,1820,-5
10595.jpg,1825,1830,5
10600.jpg,1825,1850,25
10605.jpg,1825,1890,65
10610.jpg,1825,1850,25
10615.jpg,1825,1850,25
10620.jpg,1825,1930,105
10625.jpg,1825,1950,125
10630.jpg,1825,1850,25
10635.jpg,1825,1930,105
10640.jpg,1825,1950,125
10645.jpg,1825,1820,-5
10650.jpg,1825,1920,95
10655.jpg,1825,1950,125
10660.jpg,1825,1890,65
10665.jpg,1825,1850,25
10670.jpg,1825,1920,95
10675.jpg,1825,1850,25
10680.jpg,1825,1850,25
10685.jpg,1825,1920,95
10690.jpg,1825,1850,25
10695.jpg,1825,1850,25
10700.jpg,1825,1920,95
10705.jpg,1825,1850,25
10710.jpg,1825,1890,65
10715.jpg,1825,1920,95
10720.jpg,1825,1850,25
10725.jpg,1825,1890,65
10730.jpg,1826,1830,4
10735.jpg,1826,1850,24
10745.jpg,1826,1930,104
10750.jpg,1826,1829,3
10755.jpg,1826,1850,24
10760.jpg,1826,1820,-6
10765.jpg,1826,1830,4
10770.jpg,1826,1870,44
10775.jpg,1826,1920,94
10780.jpg,1826,1890,64
10785.jpg,1826,1850,24
10790.jpg,1826,1850,24
10795.jpg,1826,1780,-46
10800.jpg,1826,1890,64
10805.jpg,1826,1780,-46
10810.jpg,1826,1750,-76
10815.jpg,1826,1830,4
10820.jpg,1826,1820,-6
10825.jpg,1826,1830,4
10830.jpg,1826,1930,104
10835.jpg,1827,1920,93
10840.jpg,1827,1950,123
10845.jpg,1827,1850,23
10850.jpg,1827,1930,103
10855.jpg,1827,1890,63
10860.jpg,1827,1900,73
10865.jpg,1827,1900,73
10870.jpg,1827,1858,31
10875.jpg,1827,1850,23
10880.jpg,1827,1850,23
10885.jpg,1827,1920,93
10890.jpg,1827,1950,123
10895.jpg,1827,1820,-7
10900.jpg,1827,1600,-227
10905.jpg,1827,1820,-7
10910.jpg,1827,1850,23
10915.jpg,1827,1830,3
10920.jpg,1827,1850,23
10925.jpg,1827,1830,3
10930.jpg,1827,1920,93
10935.jpg,1827,1820,-7
10940.jpg,1827,1920,93
10945.jpg,1828,1750,-78
10950.jpg,1828,1850,22
10955.jpg,1828,1850,22
10960.jpg,1828,1830,2
10965.jpg,1828,1830,2
10970.jpg,1828,1830,2
10975.jpg,1828,1890,62
10980.jpg,1828,1831,3
10985.jpg,1828,1850,22
10990.jpg,1828,1850,22
10995.jpg,1828,1820,-8
11000.jpg,1828,1890,62
11005.jpg,1828,1850,22
11010.jpg,1828,1830,2
11015.jpg,1828,1850,22
11020.jpg,1828,1850,22
11025.jpg,1828,1820,-8
11030.jpg,1828,1890,62
11035.jpg,1828,1920,92
11040.jpg,1828,1850,22
11045.jpg,1828,1930,102
11050.jpg,1828,1750,-78
11055.jpg,1828,1750,-78
11060.jpg,1828,1920,92
11065.jpg,1829,1920,91
11070.jpg,1829,1920,91
11075.jpg,1829,1820,-9
11080.jpg,1829,1850,21
11085.jpg,1829,1830,1
11090.jpg,1829,1900,71
11095.jpg,1829,1876,47
11100.jpg,1829,1833,4
11105.jpg,1829,1828,-1
11110.jpg,1829,1930,101
11115.jpg,1829,1850,21
11120.jpg,1829,1850,21
11125.jpg,1829,1830,1
11130.jpg,1829,1850,21
11135.jpg,1829,1850,21
11140.jpg,1829,1850,21
11145.jpg,1829,1850,21
11150.jpg,1829,1840,11
11155.jpg,1829,1930,101
11160.jpg,1829,1850,21
11165.jpg,1829,1920,91
11170.jpg,1830,1850,20
11175.jpg,1830,1905,75
11180.jpg,1830,1850,20
11185.jpg,1830,1870,40
11190.jpg,1830,1850,20
11195.jpg,1830,1850,20
11200.jpg,1830,1830,0
11205.jpg,1830,1850,20
11210.jpg,1830,1850,20
11215.jpg,1830,1820,-10
11220.jpg,1830,1820,-10
11225.jpg,1830,1950,120
11230.jpg,1830,1750,-80
11235.jpg,1830,1920,90
11240.jpg,1830,1850,20
11245.jpg,1830,1920,90
11250.jpg,1830,1920,90
11255.jpg,1830,1950,120
11260.jpg,1830,1850,20
11265.jpg,1830,1850,20
11270.jpg,1830,1850,20
11275.jpg,1830,1850,20
11280.jpg,1830,1920,90
11285.jpg,1830,1850,20
11290.jpg,1830,1750,-80
11295.jpg,1830,1850,20
11300.jpg,1830,1820,-10
11305.jpg,1830,1850,20
11310.jpg,1830,1850,20
11315.jpg,1830,1850,20
11320.jpg,1830,1850,20
11325.jpg,1830,1870,40
11330.jpg,1830,1950,120
11335.jpg,1830,1930,100
11340.jpg,1830,1950,120
11345.jpg,1830,1955,125
11350.jpg,1830,1930,100
11355.jpg,1830,1850,20
11360.jpg,1830,1850,20
11365.jpg,1830,1830,0
11370.jpg,1830,1820,-10
11375.jpg,1830,1624,-206
11380.jpg,1830,1890,60
11385.jpg,1830,1820,-10
11390.jpg,1830,1920,90
11395.jpg,1830,1850,20
11400.jpg,1831,1830,-1
11405.jpg,1831,1980,149
11410.jpg,1831,1850,19
11415.jpg,1831,1890,59
11420.jpg,1831,1834,3
11425.jpg,1831,1858,27
11430.jpg,1831,1874,43
11435.jpg,1831,1890,59
11440.jpg,1831,1920,89
11445.jpg,1831,1950,119
11450.jpg,1831,1950,119
11455.jpg,1831,1850,19
11460.jpg,1831,1830,-1
11465.jpg,1831,1840,9
11470.jpg,1831,1850,19
11475.jpg,1831,1920,89
11480.jpg,1831,1850,19
11485.jpg,1831,1950,119
11490.jpg,1832,1950,118
11495.jpg,1832,1920,88
11500.jpg,1832,1850,18
11505.jpg,1832,1820,-12
11510.jpg,1832,1820,-12
11515.jpg,1832,1831,-1
11525.jpg,1832,1905,73
11530.jpg,1832,1850,18
11535.jpg,1832,1930,98
11540.jpg,1832,1830,-2
11545.jpg,1832,1920,88
11550.jpg,1832,1890,58
11555.jpg,1832,1820,-12
11560.jpg,1832,1920,88
11565.jpg,1832,1850,18
11570.jpg,1832,1850,18
11575.jpg,1832,1850,18
11580.jpg,1832,1920,88
11585.jpg,1832,1850,18
11590.jpg,1832,1850,18
11595.jpg,1832,1830,-2
11600.jpg,1832,1780,-52
11605.jpg,1832,1920,88
11610.jpg,1832,1890,58
11615.jpg,1832,1820,-12
11620.jpg,1832,1850,18
11625.jpg,1832,1920,88
11630.jpg,1832,1920,88
11635.jpg,1832,1950,118
11640.jpg,1832,1850,18
11645.jpg,1833,1872,39
11650.jpg,1833,1890,57
11655.jpg,1833,1900,67
11660.jpg,1833,1840,7
11665.jpg,1833,1850,17
11670.jpg,1833,1850,17
11675.jpg,1833,1850,17
11680.jpg,1833,1858,25
11685.jpg,1833,1870,37
11690.jpg,1833,1850,17
11695.jpg,1833,1820,-13
11700.jpg,1833,1920,87
11705.jpg,1833,1890,57
11710.jpg,1833,1850,17
11715.jpg,1833,1820,-13
11720.jpg,1833,1920,87
11725.jpg,1833,1870,37
11730.jpg,1833,1830,-3
11735.jpg,1833,1820,-13
11740.jpg,1833,1840,7
11745.jpg,1833,1930,97
11750.jpg,1833,1830,-3
11755.jpg,1833,1750,-83
11760.jpg,1833,1920,87
11765.jpg,1833,1827,-6
11770.jpg,1834,1850,16
11775.jpg,1834,1820,-14
11780.jpg,1834,1820,-14
11785.jpg,1834,1834,0
11790.jpg,1834,1950,116
11795.jpg,1834,1830,-4
11800.jpg,1834,1820,-14
11805.jpg,1834,1830,-4
11810.jpg,1834,1920,86
11815.jpg,1834,1850,16
11820.jpg,1834,1850,16
11825.jpg,1834,1850,16
11830.jpg,1834,1890,56
11835.jpg,1834,1890,56
11840.jpg,1834,1870,36
11845.jpg,1834,1950,116
11850.jpg,1834,1850,16
11855.jpg,1834,1850,16
11860.jpg,1834,1950,116
11865.jpg,1834,1820,-14
11870.jpg,1834,1950,116
11875.jpg,1834,1850,16
11880.jpg,1834,1850,16
11885.jpg,1834,1850,16
11890.jpg,1834,1834,0
11895.jpg,1834,1890,56
11900.jpg,1835,1850,15
11905.jpg,1835,1950,115
11910.jpg,1835,1930,95
11915.jpg,1835,1920,85
11920.jpg,1835,1850,15
11925.jpg,1835,1930,95
11930.jpg,1835,1900,65
11935.jpg,1835,1900,65
11940.jpg,1835,1950,115
11945.jpg,1835,1850,15
11950.jpg,1835,1860,25
11955.jpg,1835,1850,15
11960.jpg,1835,1920,85
11965.jpg,1835,1950,115
11970.jpg,1835,1820,-15
11980.jpg,1835,1890,55
11985.jpg,1835,1920,85
11990.jpg,1835,1890,55
11995.jpg,1835,1920,85
12000.jpg,1835,1925,90
12005.jpg,1835,1920,85
12010.jpg,1835,1890,55
12015.jpg,1835,1850,15
12020.jpg,1835,1930,95
12025.jpg,1835,1920,85
12030.jpg,1835,1920,85
12035.jpg,1835,1850,15
12040.jpg,1835,1750,-85
12045.jpg,1835,1850,15
12050.jpg,1835,1950,115
12055.jpg,1835,1830,-5
12060.jpg,1835,1860,25
12065.jpg,1835,1950,115
12070.jpg,1835,1850,15
12075.jpg,1835,1850,15
12080.jpg,1835,1850,15
12085.jpg,1835,1950,115
12090.jpg,1835,1850,15
12095.jpg,1835,1840,5
12100.jpg,1835,1850,15
12105.jpg,1835,1870,35
12110.jpg,1835,1850,15
12115.jpg,1835,1830,-5
12120.jpg,1835,1840,5
12125.jpg,1835,1930,95
12130.jpg,1836,1850,14
12135.jpg,1836,1920,84
12140.jpg,1836,1850,14
12145.jpg,1836,1930,94
12150.jpg,1836,1900,64
12155.jpg,1836,1850,14
12160.jpg,1836,1930,94
12170.jpg,1836,1900,64
12175.jpg,1836,1850,14
12180.jpg,1836,1850,14
12185.jpg,1836,1870,34
12190.jpg,1836,1850,14
12195.jpg,1836,1890,54
12200.jpg,1836,1890,54
12205.jpg,1836,1850,14
12210.jpg,1836,1890,54
12215.jpg,1836,1890,54
12220.jpg,1836,1850,14
12225.jpg,1836,1920,84
12230.jpg,1836,1850,14
12235.jpg,1836,1850,14
12240.jpg,1836,1750,-86
12245.jpg,1836,1890,54
12250.jpg,1836,1850,14
12255.jpg,1836,1850,14
12260.jpg,1836,1820,-16
12265.jpg,1836,1850,14
12270.jpg,1836,1840,4
12275.jpg,1836,1850,14
12280.jpg,1837,1850,13
12285.jpg,1837,1850,13
12290.jpg,1837,1850,13
12295.jpg,1837,1850,13
12300.jpg,1837,1850,13
12305.jpg,1837,1830,-7
12310.jpg,1837,1890,53
12315.jpg,1837,1830,-7
12320.jpg,1837,1970,133
12325.jpg,1837,1870,33
12330.jpg,1837,1850,13
12335.jpg,1837,1830,-7
12340.jpg,1837,1820,-17
12345.jpg,1837,1780,-57
12350.jpg,1837,1920,83
12355.jpg,1837,1850,13
12360.jpg,1837,1950,113
12365.jpg,1837,1890,53
12370.jpg,1837,1870,33
12375.jpg,1837,1850,13
12380.jpg,1837,1905,68
12385.jpg,1837,1890,53
12390.jpg,1837,1920,83
12395.jpg,1837,1850,13
12400.jpg,1837,1920,83
12405.jpg,1837,1850,13
12410.jpg,1837,1850,13
12415.jpg,1837,1890,53
12420.jpg,1837,1850,13
12425.jpg,1837,1890,53
12430.jpg,1837,1850,13
12435.jpg,1837,1950,113
12440.jpg,1837,1920,83
12445.jpg,1837,1850,13
12450.jpg,1838,1890,52
12455.jpg,1838,1850,12
12460.jpg,1838,1850,12
12465.jpg,1838,1820,-18
12470.jpg,1838,1920,82
12475.jpg,1838,1950,112
12480.jpg,1838,1850,12
12485.jpg,1838,1840,2
12490.jpg,1838,1856,18
12495.jpg,1838,1857,19
12500.jpg,1838,1852,14
12505.jpg,1838,1850,12
12510.jpg,1838,1950,112
12515.jpg,1838,1920,82
12520.jpg,1838,1950,112
12525.jpg,1838,1850,12
12530.jpg,1838,1920,82
12535.jpg,1838,1890,52
12540.jpg,1838,1920,82
12545.jpg,1838,1920,82
12550.jpg,1838,1890,52
12555.jpg,1838,1920,82
12560.jpg,1838,1890,52
12565.jpg,1838,1870,32
12570.jpg,1838,1820,-18
12575.jpg,1838,1850,12
12580.jpg,1838,1950,112
12585.jpg,1838,1820,-18
12590.jpg,1838,1850,12
12600.jpg,1838,1950,112
12605.jpg,1838,1930,92
12610.jpg,1838,1850,12
12615.jpg,1838,1726,-112
12620.jpg,1838,1820,-18
12625.jpg,1839,1950,111
12630.jpg,1839,1850,11
12635.jpg,1839,1920,81
12640.jpg,1839,1950,111
12645.jpg,1839,1890,51
12650.jpg,1839,1801,-38
12655.jpg,1839,1858,19
12660.jpg,1839,1850,11
12665.jpg,1839,1830,-9
12670.jpg,1839,1830,-9
12675.jpg,1839,1920,81
12680.jpg,1839,1820,-19
12685.jpg,1839,1850,11
12690.jpg,1839,1920,81
12695.jpg,1839,1850,11
12700.jpg,1839,1850,11
12705.jpg,1839,1850,11
12710.jpg,1839,1850,11
12715.jpg,1839,1850,11
12720.jpg,1839,1820,-19
12725.jpg,1839,1950,111
12730.jpg,1839,1820,-19
12735.jpg,1839,1850,11
12740.jpg,1839,1830,-9
12745.jpg,1839,1850,11
12750.jpg,1839,1850,11
12755.jpg,1839,1850,11
12760.jpg,1839,1890,51
12765.jpg,1839,1750,-89
12770.jpg,1839,1950,111
12775.jpg,1839,1780,-59
12780.jpg,1840,1850,10
12785.jpg,1840,1920,80
12790.jpg,1840,1500,-340
12795.jpg,1840,1920,80
12800.jpg,1840,1850,10
12805.jpg,1840,1870,30
12810.jpg,1840,1868,28
12815.jpg,1840,1890,50
12820.jpg,1840,1830,-10
12825.jpg,1840,1870,30
12830.jpg,1840,1870,30
12835.jpg,1840,1905,65
12840.jpg,1840,1826,-14
12845.jpg,1840,1850,10
12850.jpg,1840,1830,-10
12860.jpg,1840,1850,10
12865.jpg,1840,1930,90
12870.jpg,1840,1920,80
12875.jpg,1840,1870,30
12880.jpg,1840,1850,10
12885.jpg,1840,1820,-20
12890.jpg,1840,1850,10
12895.jpg,1840,1820,-20
12900.jpg,1840,1850,10
12905.jpg,1840,1950,110
12910.jpg,1840,1950,110
12915.jpg,1840,1850,10
12920.jpg,1840,1890,50
12925.jpg,1840,1920,80
12930.jpg,1840,1890,50
12935.jpg,1840,1900,60
12940.jpg,1840,1850,10
12945.jpg,1840,1890,50
12950.jpg,1840,1850,10
12955.jpg,1840,1850,10
12960.jpg,1840,1850,10
12965.jpg,1840,1820,-20
12970.jpg,1840,1920,80
12975.jpg,1840,1850,10
12980.jpg,1840,1950,110
12985.jpg,1840,1890,50
12990.jpg,1840,1820,-20
12995.jpg,1840,1920,80
13005.jpg,1840,1850,10
13010.jpg,1840,1920,80
13015.jpg,1840,1920,80
13020.jpg,1840,1920,80
13025.jpg,1840,1890,50
13030.jpg,1841,1920,79
13035.jpg,1841,1820,-21
13040.jpg,1841,1830,-11
13045.jpg,1841,1870,29
13050.jpg,1841,1850,9
13055.jpg,1841,1840,-1
13060.jpg,1841,1850,9
13065.jpg,1841,1850,9
13070.jpg,1841,1846,5
13075.jpg,1841,1920,79
13080.jpg,1841,1890,49
13085.jpg,1841,1960,119
13090.jpg,1841,1920,79
13095.jpg,1841,1920,79
13100.jpg,1841,1850,9
13105.jpg,1841,1900,59
13110.jpg,1841,1830,-11
13115.jpg,1841,1930,89
13120.jpg,1841,2010,169
13125.jpg,1841,1850,9
13130.jpg,1841,1850,9
13135.jpg,1841,1930,89
13140.jpg,1841,1900,59
13145.jpg,1842,1850,8
13150.jpg,1842,1920,78
13155.jpg,1842,1920,78
13160.jpg,1842,1850,8
13165.jpg,1842,1820,-22
13170.jpg,1842,1850,8
13175.jpg,1842,1844,2
13180.jpg,1842,1920,78
13185.jpg,1842,1870,28
13190.jpg,1842,1850,8
13195.jpg,1842,1920,78
13200.jpg,1842,1900,58
13205.jpg,1842,1850,8
13210.jpg,1842,1850,8
13215.jpg,1842,1850,8
13220.jpg,1842,1820,-22
13225.jpg,1842,1870,28
13230.jpg,1842,1890,48
13235.jpg,1842,1820,-22
13240.jpg,1842,1850,8
13245.jpg,1842,1950,108
13250.jpg,1842,1850,8
13255.jpg,1842,1870,28
13260.jpg,1842,1850,8
13265.jpg,1842,1850,8
13270.jpg,1842,1890,48
13275.jpg,1842,1820,-22
13280.jpg,1842,1520,-322
13285.jpg,1842,1870,28
13290.jpg,1842,1920,78
13295.jpg,1842,2015,173
13300.jpg,1843,1875,32
13305.jpg,1843,1820,-23
13310.jpg,1843,1930,87
13315.jpg,1843,1850,7
13320.jpg,1843,1830,-13
13325.jpg,1843,1890,47
13330.jpg,1843,1850,7
13335.jpg,1843,1920,77
13340.jpg,1843,1820,-23
13345.jpg,1843,1920,77
13350.jpg,1843,1870,27
13355.jpg,1843,1890,47
13360.jpg,1843,1920,77
13365.jpg,1843,1850,7
13370.jpg,1843,1850,7
13380.jpg,1843,1850,7
13385.jpg,1843,1950,107
13390.jpg,1843,1850,7
13395.jpg,1843,1850,7
13400.jpg,1843,1890,47
13405.jpg,1843,1920,77
13410.jpg,1843,1843,0
13415.jpg,1843,1900,57
13420.jpg,1843,1890,47
13425.jpg,1843,1890,47
13430.jpg,1844,1850,6
13435.jpg,1844,1850,6
13440.jpg,1844,1920,76
13445.jpg,1844,1980,136
13450.jpg,1844,1850,6
13455.jpg,1844,1920,76
13460.jpg,1844,1890,46
13465.jpg,1844,1830,-14
13470.jpg,1844,1850,6
13475.jpg,1844,1890,46
13480.jpg,1844,1920,76
13485.jpg,1844,1920,76
13490.jpg,1844,1830,-14
13495.jpg,1844,1985,141
13500.jpg,1844,1820,-24
13505.jpg,1844,1890,46
13510.jpg,1844,1820,-24
13515.jpg,1844,1840,-4
13520.jpg,1844,1850,6
13525.jpg,1844,1920,76
13530.jpg,1844,1890,46
13535.jpg,1844,1920,76
13540.jpg,1844,1920,76
13545.jpg,1844,1850,6
13550.jpg,1844,1890,46
13555.jpg,1844,1890,46
13560.jpg,1844,1920,76
13565.jpg,1845,1850,5
13570.jpg,1845,1905,60
13575.jpg,1845,1905,60
13580.jpg,1845,1850,5
13585.jpg,1845,1880,35
13590.jpg,1845,1870,25
13595.jpg,1845,1876,31
13600.jpg,1845,1938,93
13605.jpg,1845,1830,-15
13610.jpg,1845,1870,25
13615.jpg,1845,1900,55
13620.jpg,1845,1905,60
13625.jpg,1845,1850,5
13630.jpg,1845,1850,5
13635.jpg,1845,1850,5
13640.jpg,1845,1920,75
13645.jpg,1845,1850,5
13650.jpg,1845,1890,45
13655.jpg,1845,1850,5
13660.jpg,1845,1920,75
13665.jpg,1845,1850,5
13670.jpg,1845,2010,165
13675.jpg,1845,1870,25
13680.jpg,1845,1850,5
13685.jpg,1845,1950,105
13690.jpg,1845,1820,-25
13695.jpg,1845,1850,5
13700.jpg,1845,1890,45
13705.jpg,1845,1820,-25
13710.jpg,1845,1820,-25
13720.jpg,1845,1920,75
13725.jpg,1845,1920,75
13730.jpg,1845,1890,45
13735.jpg,1845,1850,5
13740.jpg,1845,1850,5
13745.jpg,1845,1850,5
13750.jpg,1845,1850,5
13755.jpg,1845,1820,-25
13760.jpg,1845,1920,75
13765.jpg,1845,1850,5
13770.jpg,1845,1840,-5
13775.jpg,1845,1862,17
13780.jpg,1845,1650,-195
13785.jpg,1845,2010,165
13790.jpg,1845,1920,75
13795.jpg,1845,1987,142
13800.jpg,1845,1920,75
13805.jpg,1846,1850,4
13810.jpg,1846,1896,50
13815.jpg,1846,1870,24
13820.jpg,1846,1890,44
13825.jpg,1846,1850,4
13830.jpg,1846,1850,4
13835.jpg,1846,1895,49
13840.jpg,1846,1925,79
13845.jpg,1846,1830,-16
13850.jpg,1846,1870,24
13855.jpg,1846,1870,24
13860.jpg,1846,1850,4
13865.jpg,1846,1920,74
13870.jpg,1846,1890,44
13875.jpg,1846,1890,44
13880.jpg,1846,1850,4
13885.jpg,1846,1850,4
13890.jpg,1846,1850,4
13895.jpg,1846,1950,104
13900.jpg,1846,1850,4
13905.jpg,1846,1850,4
13910.jpg,1846,1840,-6
13915.jpg,1846,1950,104
13920.jpg,1846,1850,4
13925.jpg,1846,1950,104
13930.jpg,1846,1850,4
13935.jpg,1846,1930,84
13940.jpg,1847,1879,32
13945.jpg,1847,1830,-17
13950.jpg,1847,1920,73
13955.jpg,1847,1920,73
13960.jpg,1847,1850,3
13965.jpg,1847,1920,73
13970.jpg,1847,1930,83
13975.jpg,1847,1840,-7
13980.jpg,1847,1870,23
13985.jpg,1847,1838,-9
13990.jpg,1847,1890,43
13995.jpg,1847,1850,3
14000.jpg,1847,1920,73
14005.jpg,1847,1830,-17
14010.jpg,1847,1830,-17
14015.jpg,1847,1890,43
14020.jpg,1847,1850,3
14030.jpg,1847,1890,43
14035.jpg,1847,1850,3
14040.jpg,1847,1850,3
14045.jpg,1847,1820,-27
14050.jpg,1847,1890,43
14055.jpg,1847,1850,3
14060.jpg,1847,1950,103
14065.jpg,1847,1890,43
14070.jpg,1847,1850,3
14075.jpg,1847,1890,43
14080.jpg,1847,1870,23
14085.jpg,1847,1920,73
14090.jpg,1847,1890,43
14095.jpg,1847,1920,73
14100.jpg,1847,1930,83
14105.jpg,1847,1950,103
14110.jpg,1848,1900,52
14115.jpg,1848,1950,102
14120.jpg,1848,1920,72
14125.jpg,1848,2005,157
14130.jpg,1848,1930,82
14135.jpg,1848,1850,2
14140.jpg,1848,1250,-598
14145.jpg,1848,1900,52
14150.jpg,1848,1859,11
14155.jpg,1848,1890,42
14160.jpg,1848,1858,10
14165.jpg,1848,1850,2
14170.jpg,1848,1920,72
14175.jpg,1848,1870,22
14180.jpg,1848,1890,42
14185.jpg,1848,1890,42
14190.jpg,1848,1920,72
14195.jpg,1848,1890,42
14200.jpg,1848,1890,42
14205.jpg,1848,1850,2
14210.jpg,1848,1890,42
14215.jpg,1848,1750,-98
14220.jpg,1848,1850,2
14225.jpg,1848,1850,2
14230.jpg,1848,1820,-28
14235.jpg,1848,1870,22
14240.jpg,1848,1890,42
14245.jpg,1848,1830,-18
14250.jpg,1848,1840,-8
14255.jpg,1848,1920,72
14260.jpg,1848,1920,72
14265.jpg,1848,1920,72
14270.jpg,1848,1850,2
14275.jpg,1848,1850,2
14280.jpg,1848,1840,-8
14285.jpg,1848,1880,32
14290.jpg,1848,1850,2
14295.jpg,1848,1850,2
14300.jpg,1848,1930,82
14305.jpg,1848,1850,2
14310.jpg,1848,1980,132
14315.jpg,1848,1920,72
14320.jpg,1848,1950,102
14325.jpg,1848,1830,-18
14330.jpg,1848,1920,72
14335.jpg,1848,1920,72
14340.jpg,1849,1850,1
14345.jpg,1849,1850,1
14350.jpg,1849,1850,1
14355.jpg,1849,1850,1
14360.jpg,1849,2015,166
14365.jpg,1849,1900,51
14370.jpg,1849,1870,21
14375.jpg,1849,1883,34
14380.jpg,1849,1850,1
14385.jpg,1849,1850,1
14390.jpg,1849,1850,1
14395.jpg,1849,2010,161
14400.jpg,1849,1850,1
14405.jpg,1849,1870,21
14410.jpg,1849,1950,101
14415.jpg,1849,1890,41
14420.jpg,1849,1838,-11
14425.jpg,1849,1890,41
14430.jpg,1849,1950,101
14435.jpg,1849,1850,1
14440.jpg,1849,1820,-29
14445.jpg,1849,1850,1
14450.jpg,1849,1900,51
14455.jpg,1849,1850,1
14460.jpg,1849,1850,1
14465.jpg,1849,1820,-29
14470.jpg,1849,1850,1
14475.jpg,1849,1830,-19
14480.jpg,1849,1920,71
14485.jpg,1849,1890,41
14490.jpg,1849,1679,-170
14495.jpg,1849,1850,1
14500.jpg,1849,1905,56
14505.jpg,1850,1850,0
14510.jpg,1850,1850,0
14515.jpg,1850,1850,0
14520.jpg,1850,1850,0
14525.jpg,1850,1830,-20
14530.jpg,1850,1950,100
14535.jpg,1850,1850,0
14540.jpg,1850,1920,70
14545.jpg,1850,1250,-600
14550.jpg,1850,1920,70
14555.jpg,1850,1850,0
14560.jpg,1850,1905,55
14565.jpg,1850,1850,0
14570.jpg,1850,1850,0
14575.jpg,1850,1850,0
14580.jpg,1850,1870,20
14585.jpg,1850,1849,-1
14590.jpg,1850,1850,0
14600.jpg,1850,1857,7
14605.jpg,1850,1850,0
14610.jpg,1850,1920,70
14615.jpg,1850,1950,100
14620.jpg,1850,1850,0
14625.jpg,1850,1850,0
14630.jpg,1850,1920,70
14635.jpg,1850,1850,0
14640.jpg,1850,1920,70
14645.jpg,1850,1890,40
14650.jpg,1850,1950,100
14655.jpg,1850,1850,0
14660.jpg,1850,1850,0
14665.jpg,1850,1830,-20
14670.jpg,1850,1850,0
14675.jpg,1850,1850,0
14680.jpg,1850,1850,0
14685.jpg,1850,1920,70
14690.jpg,1850,1850,0
14695.jpg,1850,1830,-20
14700.jpg,1850,1920,70
14705.jpg,1850,1850,0
14710.jpg,1850,1920,70
14715.jpg,1850,1820,-30
14720.jpg,1850,1890,40
14725.jpg,1850,1850,0
14730.jpg,1850,1920,70
14735.jpg,1850,1820,-30
14740.jpg,1850,1850,0
14745.jpg,1850,1850,0
14750.jpg,1850,1850,0
14755.jpg,1850,1900,50
14760.jpg,1850,1920,70
14765.jpg,1850,1920,70
14770.jpg,1850,1870,20
14775.jpg,1850,1950,100
14780.jpg,1850,1820,-30
14785.jpg,1851,1850,-1
14790.jpg,1851,1857,6
14795.jpg,1851,1930,79
14800.jpg,1851,1920,69
14805.jpg,1851,1900,49
14810.jpg,1851,1870,19
14815.jpg,1851,1820,-31
14820.jpg,1851,1850,-1
14825.jpg,1851,1905,54
14830.jpg,1851,1890,39
14835.jpg,1851,1863,12
14840.jpg,1851,1850,-1
14845.jpg,1851,1870,19
14850.jpg,1851,1930,79
14855.jpg,1851,1950,99
14860.jpg,1851,1890,39
14865.jpg,1851,1850,-1
14870.jpg,1851,1850,-1
14880.jpg,1851,1750,-101
14885.jpg,1851,1890,39
14890.jpg,1851,1890,39
14895.jpg,1851,1820,-31
14900.jpg,1851,1890,39
14905.jpg,1851,1905,54
14910.jpg,1851,1750,-101
14915.jpg,1851,1950,99
14920.jpg,1851,1890,39
14925.jpg,1851,1920,69
14930.jpg,1851,1930,79
14935.jpg,1851,1850,-1
14940.jpg,1851,1830,-21
14945.jpg,1852,1920,68
14950.jpg,1852,1850,-2
14955.jpg,1852,1870,18
14960.jpg,1852,1905,53
14965.jpg,1852,1830,-22
14970.jpg,1852,1850,-2
14975.jpg,1852,1850,-2
14980.jpg,1852,1830,-22
14985.jpg,1852,1867,15
14990.jpg,1852,1920,68
14995.jpg,1852,1920,68
15000.jpg,1852,1920,68
15005.jpg,1852,1920,68
15010.jpg,1852,1920,68
15015.jpg,1852,1850,-2
15020.jpg,1852,1850,-2
15025.jpg,1852,1870,18
15030.jpg,1852,1850,-2
15035.jpg,1852,1920,68
15040.jpg,1852,1890,38
15045.jpg,1852,1830,-22
15050.jpg,1852,1920,68
15055.jpg,1852,1850,-2
15060.jpg,1852,1920,68
15065.jpg,1852,1850,-2
15070.jpg,1852,1920,68
15075.jpg,1852,1850,-2
15080.jpg,1852,1870,18
15085.jpg,1852,1920,68
15090.jpg,1852,1920,68
15095.jpg,1852,1890,38
15100.jpg,1852,1930,78
15105.jpg,1852,1906,54
15110.jpg,1852,1850,-2
15115.jpg,1852,1850,-2
15120.jpg,1852,1920,68
15125.jpg,1852,1900,48
15130.jpg,1852,1850,-2
15135.jpg,1853,1850,-3
15140.jpg,1853,1850,-3
15145.jpg,1853,1950,97
15150.jpg,1853,1890,37
15155.jpg,1853,1920,67
15160.jpg,1853,1850,-3
15165.jpg,1853,1950,97
15170.jpg,1853,1760,-93
15175.jpg,1853,1836,-17
15180.jpg,1853,1890,37
15185.jpg,1853,1850,-3
15190.jpg,1853,1850,-3
15195.jpg,1853,1850,-3
15200.jpg,1853,1850,-3
15205.jpg,1853,1852,-1
15210.jpg,1853,1920,67
15215.jpg,1853,1850,-3
15220.jpg,1853,1850,-3
15225.jpg,1853,1830,-23
15230.jpg,1853,1920,67
15235.jpg,1853,1850,-3
15240.jpg,1853,1920,67
15245.jpg,1853,1850,-3
15250.jpg,1853,1930,77
15255.jpg,1853,1920,67
15260.jpg,1853,1920,67
15265.jpg,1853,1840,-13
15270.jpg,1853,1870,17
15275.jpg,1853,1920,67
15280.jpg,1853,1985,132
15285.jpg,1853,1950,97
15290.jpg,1853,1850,-3
15295.jpg,1853,1930,77
15300.jpg,1853,1870,17
15305.jpg,1853,1850,-3
15310.jpg,1853,1980,127
15315.jpg,1853,1920,67
15320.jpg,1853,1905,52
15325.jpg,1853,1830,-23
15330.jpg,1853,1850,-3
15335.jpg,1853,1920,67
15340.jpg,1853,1850,-3
15345.jpg,1853,1850,-3
15350.jpg,1853,2010,157
15355.jpg,1854,1905,51
15360.jpg,1854,1960,106
15365.jpg,1854,1830,-24
15370.jpg,1854,1920,66
15375.jpg,1854,1850,-4
15380.jpg,1854,1850,-4
15385.jpg,1854,1850,-4
15390.jpg,1854,1866,12
15395.jpg,1854,1870,16
15400.jpg,1854,1906,52
15405.jpg,1854,1850,-4
15410.jpg,1854,1890,36
15415.jpg,1854,1960,106
15420.jpg,1854,1950,96
15425.jpg,1854,1875,21
15430.jpg,1854,1870,16
15435.jpg,1854,1970,116
15440.jpg,1854,1920,66
15445.jpg,1854,1905,51
15450.jpg,1855,1850,-5
15455.jpg,1855,1900,45
15460.jpg,1855,1930,75
15465.jpg,1855,1850,-5
15470.jpg,1855,1870,15
15475.jpg,1855,1870,15
15480.jpg,1855,1850,-5
15485.jpg,1855,1920,65
15490.jpg,1855,1856,1
15495.jpg,1855,1950,95
15500.jpg,1855,1856,1
15505.jpg,1855,1858,3
15510.jpg,1855,1850,-5
15515.jpg,1855,1850,-5
15520.jpg,1855,1900,45
15525.jpg,1855,1920,65
15530.jpg,1855,1920,65
15535.jpg,1855,1850,-5
15540.jpg,1855,1890,35
15545.jpg,1855,1820,-35
15550.jpg,1855,1920,65
15555.jpg,1855,1890,35
15560.jpg,1855,1850,-5
15565.jpg,1855,1890,35
15570.jpg,1855,1850,-5
15575.jpg,1855,1950,95
15580.jpg,1855,1820,-35
15585.jpg,1855,1930,75
15590.jpg,1855,1930,75
15595.jpg,1855,1840,-15
15600.jpg,1855,1870,15
15605.jpg,1855,1950,95
15610.jpg,1855,1985,130
15615.jpg,1855,1870,15
15620.jpg,1855,1820,-35
15625.jpg,1855,1850,-5
15630.jpg,1855,1890,35
15635.jpg,1855,1850,-5
15640.jpg,1855,1920,65
15645.jpg,1855,1890,35
15650.jpg,1855,1920,65
15655.jpg,1855,1850,-5
15660.jpg,1855,1920,65
15665.jpg,1855,1890,35
15670.jpg,1855,1890,35
15675.jpg,1855,1920,65
15680.jpg,1855,1920,65
15685.jpg,1855,1900,45
15690.jpg,1855,1850,-5
15695.jpg,1855,1870,15
15705.jpg,1856,1850,-6
15710.jpg,1856,1850,-6
15715.jpg,1856,1930,74
15720.jpg,1856,1950,94
15725.jpg,1856,1905,49
15730.jpg,1856,1920,64
15735.jpg,1856,1930,74
15740.jpg,1856,1920,64
15745.jpg,1856,1850,-6
15750.jpg,1856,1890,34
15755.jpg,1856,1820,-36
15760.jpg,1856,1840,-16
15765.jpg,1856,1800,-56
15770.jpg,1856,1859,3
15775.jpg,1856,1860,4
15780.jpg,1856,1850,-6
15785.jpg,1856,1858,2
15795.jpg,1856,1850,-6
15800.jpg,1856,1890,34
15805.jpg,1856,1950,94
15810.jpg,1856,1890,34
15815.jpg,1856,1850,-6
15820.jpg,1856,1850,-6
15825.jpg,1856,1950,94
15830.jpg,1856,1850,-6
15835.jpg,1856,1850,-6
15840.jpg,1856,1850,-6
15845.jpg,1856,1920,64
15850.jpg,1856,1850,-6
15855.jpg,1856,1650,-206
15860.jpg,1856,1890,34
15865.jpg,1856,1870,14
15870.jpg,1856,1950,94
15875.jpg,1856,1920,64
15880.jpg,1856,1820,-36
15885.jpg,1856,1870,14
15890.jpg,1856,1850,-6
15895.jpg,1856,1890,34
15900.jpg,1856,1850,-6
15905.jpg,1856,1870,14
15910.jpg,1856,1850,-6
15915.jpg,1856,1830,-26
15920.jpg,1856,1920,64
15930.jpg,1856,1920,64
15935.jpg,1856,1850,-6
15940.jpg,1856,1890,34
15945.jpg,1856,1850,-6
15950.jpg,1856,1850,-6
15955.jpg,1856,1902,46
15960.jpg,1856,1920,64
15965.jpg,1856,1850,-6
15970.jpg,1856,1930,74
15975.jpg,1856,1850,-6
15980.jpg,1857,1850,-7
15985.jpg,1857,1850,-7
15990.jpg,1857,1980,123
15995.jpg,1857,1850,-7
16000.jpg,1857,1890,33
16005.jpg,1857,1850,-7
16010.jpg,1857,1840,-17
16015.jpg,1857,1850,-7
16020.jpg,1857,1850,-7
16025.jpg,1857,1870,13
16030.jpg,1857,1920,63
16035.jpg,1857,1870,13
16040.jpg,1857,1900,43
16045.jpg,1857,1890,33
16050.jpg,1857,1867,10
16055.jpg,1857,1907,50
16060.jpg,1857,1920,63
16065.jpg,1857,1850,-7
16070.jpg,1857,1890,33
16075.jpg,1857,1920,63
16080.jpg,1857,1850,-7
16085.jpg,1857,1870,13
16090.jpg,1857,1890,33
16095.jpg,1857,1850,-7
16100.jpg,1857,1820,-37
16105.jpg,1857,1850,-7
16110.jpg,1857,1920,63
16115.jpg,1857,1905,48
16120.jpg,1857,1850,-7
16125.jpg,1857,1920,63
16130.jpg,1857,1920,63
16135.jpg,1857,1930,73
16140.jpg,1857,1750,-107
16145.jpg,1857,1920,63
16150.jpg,1857,1890,33
16155.jpg,1857,1950,93
16160.jpg,1857,1890,33
16165.jpg,1857,1850,-7
16170.jpg,1857,1890,33
16175.jpg,1857,1950,93
16180.jpg,1857,1890,33
16185.jpg,1857,1930,73
16190.jpg,1857,1830,-27
16195.jpg,1857,1830,-27
16200.jpg,1857,1839,-18
16205.jpg,1857,2010,153
16210.jpg,1857,1890,33
16215.jpg,1857,1920,63
16220.jpg,1857,1890,33
16225.jpg,1857,1850,-7
16230.jpg,1857,1920,63
16235.jpg,1858,1890,32
16240.jpg,1858,1920,62
16245.jpg,1858,1870,12
16250.jpg,1858,1890,32
16255.jpg,1858,1890,32
16260.jpg,1858,1850,-8
16265.jpg,1858,1890,32
16270.jpg,1858,1830,-28
16275.jpg,1858,1850,-8
16280.jpg,1858,1850,-8
16285.jpg,1858,1870,12
16290.jpg,1858,1870,12
16295.jpg,1858,1920,62
16300.jpg,1858,1885,27
16305.jpg,1858,1920,62
16310.jpg,1858,1859,1
16315.jpg,1858,1890,32
16320.jpg,1858,1850,-8
16325.jpg,1858,1890,32
16330.jpg,1858,1920,62
16335.jpg,1858,1890,32
16340.jpg,1858,1830,-28
16345.jpg,1858,1925,67
16350.jpg,1858,1850,-8
16355.jpg,1858,1890,32
16360.jpg,1858,1890,32
16365.jpg,1858,1920,62
16370.jpg,1858,1870,12
16375.jpg,1858,1850,-8
16380.jpg,1858,1905,47
16385.jpg,1858,1920,62
16390.jpg,1858,1850,-8
16395.jpg,1858,1890,32
16400.jpg,1858,1850,-8
16405.jpg,1858,1905,47
16410.jpg,1858,1870,12
16415.jpg,1858,1890,32
16420.jpg,1858,1850,-8
16425.jpg,1858,1925,67
16430.jpg,1858,1850,-8
16435.jpg,1858,1920,62
16440.jpg,1858,1850,-8
16445.jpg,1858,1830,-28
16450.jpg,1858,1850,-8
16455.jpg,1858,1850,-8
16460.jpg,1858,1920,62
16465.jpg,1858,1859,1
16470.jpg,1858,1920,62
16475.jpg,1858,1926,68
16480.jpg,1858,1920,62
16485.jpg,1858,1920,62
16490.jpg,1859,1850,-9
16495.jpg,1859,1905,46
16505.jpg,1859,1830,-29
16510.jpg,1859,1890,31
16515.jpg,1859,1900,41
16520.jpg,1859,1897,38
16525.jpg,1859,1930,71
16530.jpg,1859,1850,-9
16535.jpg,1859,1905,46
16540.jpg,1859,1850,-9
16545.jpg,1859,1900,41
16550.jpg,1859,1870,11
16555.jpg,1859,1858,-1
16560.jpg,1859,1850,-9
16565.jpg,1859,1853,-6
16570.jpg,1859,1850,-9
16575.jpg,1859,1870,11
16580.jpg,1859,1850,-9
16585.jpg,1859,1850,-9
16590.jpg,1859,1850,-9
16595.jpg,1859,1870,11
16600.jpg,1859,1950,91
16605.jpg,1859,1925,66
16610.jpg,1859,1890,31
16615.jpg,1859,1890,31
16620.jpg,1859,1920,61
16625.jpg,1859,1970,111
16630.jpg,1859,1930,71
16635.jpg,1859,1875,16
16640.jpg,1859,1820,-39
16645.jpg,1859,1890,31
16650.jpg,1859,1850,-9
16655.jpg,1859,1860,1
16660.jpg,1859,1930,71
16665.jpg,1859,1950,91
16670.jpg,1859,1890,31
16675.jpg,1859,1850,-9
16680.jpg,1859,1920,61
16685.jpg,1859,1890,31
16690.jpg,1859,1859,0
16695.jpg,1859,1850,-9
16700.jpg,1859,1920,61
16705.jpg,1859,1890,31
16710.jpg,1859,1850,-9
16715.jpg,1859,1873,14
16720.jpg,1859,1890,31
16725.jpg,1859,1890,31
16730.jpg,1859,1850,-9
16735.jpg,1860,1850,-10
16740.jpg,1860,1905,45
16745.jpg,1860,1830,-30
16750.jpg,1860,1890,30
16755.jpg,1860,1890,30
16760.jpg,1860,1920,60
16765.jpg,1860,1870,10
16770.jpg,1860,1850,-10
16775.jpg,1860,1920,60
16785.jpg,1860,1850,-10
16790.jpg,1860,1879,19
16795.jpg,1860,1820,-40
16800.jpg,1860,1890,30
16805.jpg,1860,1890,30
16810.jpg,1860,1890,30
16815.jpg,1860,1870,10
16820.jpg,1860,1920,60
16825.jpg,1860,1890,30
16830.jpg,1860,1890,30
16835.jpg,1860,1920,60
16840.jpg,1860,1850,-10
16845.jpg,1860,1890,30
16850.jpg,1860,1920,60
16855.jpg,1860,1920,60
16860.jpg,1860,1850,-10
16865.jpg,1860,1925,65
16870.jpg,1860,1840,-20
16875.jpg,1860,1850,-10
16880.jpg,1860,1850,-10
16885.jpg,1860,1850,-10
16890.jpg,1860,1850,-10
16895.jpg,1860,1850,-10
16900.jpg,1860,1920,60
16905.jpg,1860,1920,60
16910.jpg,1860,1890,30
16915.jpg,1860,1850,-10
16920.jpg,1860,1850,-10
16925.jpg,1860,1850,-10
16930.jpg,1860,1880,20
16935.jpg,1860,1850,-10
16940.jpg,1860,1890,30
16945.jpg,1860,1920,60
16950.jpg,1860,1850,-10
16955.jpg,1860,1850,-10
16960.jpg,1860,1920,60
16965.jpg,1860,1905,45
16970.jpg,1860,1920,60
16975.jpg,1860,1893,33
16980.jpg,1860,1890,30
16985.jpg,1860,1890,30
16990.jpg,1860,1,-1859
16995.jpg,1860,1850,-10
17000.jpg,1860,1950,90
17005.jpg,1861,1905,44
17010.jpg,1861,1930,69
17015.jpg,1861,1905,44
17025.jpg,1861,1850,-11
17030.jpg,1861,1900,39
17035.jpg,1861,1790,-71
17040.jpg,1861,1850,-11
17045.jpg,1861,1850,-11
17050.jpg,1861,1950,89
17055.jpg,1861,1870,9
17060.jpg,1861,1870,9
17065.jpg,1861,1874,13
17070.jpg,1861,1850,-11
17075.jpg,1861,1890,29
17080.jpg,1861,1890,29
17085.jpg,1861,1920,59
17090.jpg,1861,1850,-11
17095.jpg,1861,1850,-11
17100.jpg,1861,1890,29
17105.jpg,1861,1850,-11
17110.jpg,1861,1890,29
17115.jpg,1861,1850,-11
17120.jpg,1861,1890,29
17125.jpg,1861,1850,-11
17130.jpg,1861,1890,29
17135.jpg,1861,1890,29
17140.jpg,1861,1900,39
17145.jpg,1861,1890,29
17150.jpg,1861,1862,1
17155.jpg,1861,1900,39
17160.jpg,1861,1870,9
17165.jpg,1861,1920,59
17170.jpg,1861,1850,-11
17175.jpg,1862,1850,-12
17180.jpg,1862,1875,13
17185.jpg,1862,1865,3
17190.jpg,1862,1870,8
17195.jpg,1862,1998,136
17200.jpg,1862,1860,-2
17205.jpg,1862,1900,38
17210.jpg,1862,1875,13
17215.jpg,1862,1900,38
17220.jpg,1862,1920,58
17225.jpg,1862,1760,-102
17230.jpg,1862,1890,28
17235.jpg,1862,1870,8
17240.jpg,1862,1870,8
17245.jpg,1862,1890,28
17250.jpg,1862,1950,88
17255.jpg,1862,1750,-112
17260.jpg,1862,1750,-112
17265.jpg,1862,1850,-12
17270.jpg,1862,1920,58
17275.jpg,1862,1850,-12
17280.jpg,1862,1890,28
17285.jpg,1862,1890,28
17290.jpg,1862,1902,40
17295.jpg,1862,1950,88
17300.jpg,1862,1870,8
17305.jpg,1862,1890,28
17310.jpg,1862,1920,58
17315.jpg,1862,1930,68
17320.jpg,1862,1890,28
17325.jpg,1863,1920,57
17330.jpg,1863,1850,-13
17340.jpg,1863,1930,67
17345.jpg,1863,1900,37
17350.jpg,1863,1850,-13
17355.jpg,1863,1830,-33
17365.jpg,1863,1950,87
17370.jpg,1863,1859,-4
17375.jpg,1863,1850,-13
17380.jpg,1863,1930,67
17385.jpg,1863,1920,57
17390.jpg,1863,1890,27
17395.jpg,1863,1850,-13
17400.jpg,1863,1950,87
17405.jpg,1863,1880,17
17410.jpg,1863,1850,-13
17415.jpg,1863,1890,27
17420.jpg,1863,1890,27
17425.jpg,1863,1850,-13
17430.jpg,1863,1905,42
17435.jpg,1863,1955,92
17440.jpg,1863,1850,-13
17445.jpg,1863,1890,27
17450.jpg,1863,1870,7
17455.jpg,1863,1870,7
17460.jpg,1863,1870,7
17465.jpg,1863,1900,37
17470.jpg,1863,1850,-13
17475.jpg,1863,1860,-3
17480.jpg,1863,1905,42
17485.jpg,1864,1920,56
17490.jpg,1864,1890,26
17495.jpg,1864,1920,56
17500.jpg,1864,1950,86
17505.jpg,1864,1905,41
17510.jpg,1864,1920,56
17515.jpg,1864,1850,-14
17520.jpg,1864,1965,101
17525.jpg,1864,1850,-14
17530.jpg,1864,1900,36
17535.jpg,1864,1950,86
17540.jpg,1864,1860,-4
17545.jpg,1864,1839,-25
17550.jpg,1864,1835,-29
17555.jpg,1864,1890,26
17560.jpg,1864,1920,56
17565.jpg,1864,1850,-14
17575.jpg,1864,1850,-14
17580.jpg,1864,1850,-14
17585.jpg,1864,1920,56
17590.jpg,1864,1985,121
17595.jpg,1864,1850,-14
17600.jpg,1864,1650,-214
17605.jpg,1864,1950,86
17610.jpg,1864,1920,56
17615.jpg,1864,1890,26
17620.jpg,1864,1920,56
17625.jpg,1864,1920,56
17630.jpg,1864,1850,-14
17635.jpg,1864,1850,-14
17640.jpg,1864,1920,56
17645.jpg,1864,1850,-14
17650.jpg,1864,1850,-14
17655.jpg,1864,1850,-14
17660.jpg,1865,1830,-35
17665.jpg,1865,1870,5
17670.jpg,1865,1920,55
17675.jpg,1865,1830,-35
17680.jpg,1865,1920,55
17690.jpg,1865,1900,35
17695.jpg,1865,1830,-35
17700.jpg,1865,1829,-36
17705.jpg,1865,1890,25
17710.jpg,1865,1850,-15
17715.jpg,1865,1890,25
17720.jpg,1865,1930,65
17725.jpg,1865,1870,5
17730.jpg,1865,1890,25
17735.jpg,1865,1865,0
17745.jpg,1865,1847,-18
17750.jpg,1865,1870,5
17755.jpg,1865,1850,-15
17760.jpg,1865,1920,55
17765.jpg,1865,1890,25
17770.jpg,1865,1930,65
17775.jpg,1865,1890,25
17780.jpg,1865,1950,85
17785.jpg,1865,1850,-15
17790.jpg,1865,1980,115
17795.jpg,1865,1920,55
17800.jpg,1865,1930,65
17805.jpg,1865,1850,-15
17810.jpg,1865,1920,55
17815.jpg,1865,1905,40
17820.jpg,1865,1920,55
17825.jpg,1865,1870,5
17830.jpg,1865,1890,25
17835.jpg,1865,1840,-25
17840.jpg,1865,1920,55
17845.jpg,1865,1890,25
17850.jpg,1865,1900,35
17855.jpg,1865,1905,40
17860.jpg,1865,1890,25
17865.jpg,1865,1820,-45
17870.jpg,1865,1875,10
17875.jpg,1865,1870,5
17880.jpg,1865,1850,-15
17885.jpg,1865,1950,85
17890.jpg,1865,1920,55
17895.jpg,1865,1950,85
17900.jpg,1865,1900,35
17905.jpg,1865,1850,-15
17910.jpg,1865,1850,-15
17915.jpg,1865,1890,25
17920.jpg,1865,1870,5
17930.jpg,1865,1905,40
17935.jpg,1866,1890,24
17940.jpg,1866,1890,24
17945.jpg,1866,1905,39
17950.jpg,1866,1900,34
17955.jpg,1866,1930,64
17960.jpg,1866,1850,-16
17965.jpg,1866,1920,54
17970.jpg,1866,1850,-16
17975.jpg,1866,1850,-16
17980.jpg,1866,1900,34
17985.jpg,1866,1855,-11
17990.jpg,1866,1850,-16
17995.jpg,1866,1906,40
18000.jpg,1866,1905,39
18005.jpg,1866,1890,24
18010.jpg,1866,1890,24
18015.jpg,1866,1950,84
18020.jpg,1866,1920,54
18025.jpg,1866,1890,24
18030.jpg,1866,1870,4
18035.jpg,1866,1870,4
18040.jpg,1866,1920,54
18045.jpg,1866,1830,-36
18050.jpg,1866,1850,-16
18055.jpg,1866,1920,54
18060.jpg,1866,1920,54
18065.jpg,1866,1850,-16
18070.jpg,1866,1870,4
18075.jpg,1866,1820,-46
18080.jpg,1866,1840,-26
18085.jpg,1866,1920,54
18090.jpg,1866,1920,54
18095.jpg,1866,1890,24
18100.jpg,1866,1925,59
18105.jpg,1866,1925,59
18110.jpg,1866,1890,24
18115.jpg,1866,1950,84
18120.jpg,1866,1920,54
18125.jpg,1866,1890,24
18130.jpg,1866,1920,54
18135.jpg,1867,1850,-17
18140.jpg,1867,1890,23
18145.jpg,1867,1920,53
18160.jpg,1867,1890,23
18165.jpg,1867,1890,23
18170.jpg,1867,1850,-17
18175.jpg,1867,1850,-17
18180.jpg,1867,1950,83
18185.jpg,1867,1850,-17
18190.jpg,1867,1900,33
18195.jpg,1867,1850,-17
18200.jpg,1867,1900,33
18205.jpg,1867,1879,12
18210.jpg,1867,1900,33
18215.jpg,1867,1900,33
18220.jpg,1867,1920,53
18225.jpg,1867,1890,23
18230.jpg,1867,1930,63
18235.jpg,1867,1950,83
18240.jpg,1867,1920,53
18245.jpg,1867,1890,23
18250.jpg,1867,1890,23
18255.jpg,1867,1930,63
18260.jpg,1867,1850,-17
18265.jpg,1867,1890,23
18270.jpg,1867,1850,-17
18275.jpg,1867,1850,-17
18280.jpg,1867,1900,33
18285.jpg,1867,1920,53
18290.jpg,1867,1920,53
18295.jpg,1867,1850,-17
18300.jpg,1867,1903,36
18305.jpg,1867,1850,-17
18310.jpg,1867,1890,23
18315.jpg,1867,1850,-17
18320.jpg,1867,1850,-17
18325.jpg,1867,1850,-17
18330.jpg,1867,1890,23
18335.jpg,1867,1920,53
18340.jpg,1867,1890,23
18345.jpg,1867,1905,38
18350.jpg,1867,1230,-637
18355.jpg,1867,1890,23
18360.jpg,1867,1870,3
18365.jpg,1868,1850,-18
18370.jpg,1868,1820,-48
18380.jpg,1868,1905,37
18385.jpg,1868,1905,37
18390.jpg,1868,1920,52
18395.jpg,1868,1920,52
18400.jpg,1868,1902,34
18405.jpg,1868,1930,62
18410.jpg,1868,1850,-18
18415.jpg,1868,1850,-18
18420.jpg,1868,1870,2
18425.jpg,1868,1870,2
18430.jpg,1868,1980,112
18450.jpg,1868,1874,6
18455.jpg,1868,1820,-48
18460.jpg,1868,1890,22
18465.jpg,1868,1880,12
18470.jpg,1868,1850,-18
18475.jpg,1868,1920,52
18480.jpg,1868,1860,-8
18485.jpg,1868,1870,2
18490.jpg,1868,1850,-18
18495.jpg,1868,1920,52
18500.jpg,1868,1900,32
18505.jpg,1868,1890,22
18510.jpg,1868,1870,2
18515.jpg,1868,1850,-18
18520.jpg,1868,1920,52
18525.jpg,1868,1870,2
18530.jpg,1868,1850,-18
18535.jpg,1868,1850,-18
18540.jpg,1868,1850,-18
18545.jpg,1868,1890,22
18550.jpg,1868,1890,22
18555.jpg,1868,1870,2
18560.jpg,1868,1920,52
18565.jpg,1868,1890,22
18570.jpg,1868,1890,22
18575.jpg,1868,1880,12
18580.jpg,1868,1980,112
18585.jpg,1868,1970,102
18590.jpg,1868,1905,37
18595.jpg,1868,1850,-18
18600.jpg,1868,1870,2
18605.jpg,1868,1930,62
18610.jpg,1868,1850,-18
18615.jpg,1868,1890,22
18620.jpg,1869,1850,-19
18625.jpg,1869,1868,-1
18630.jpg,1869,1890,21
18635.jpg,1869,1890,21
18640.jpg,1869,1890,21
18645.jpg,1869,1920,51
18650.jpg,1869,1850,-19
18655.jpg,1869,1850,-19
18660.jpg,1869,1850,-19
18665.jpg,1869,1870,1
18670.jpg,1869,1900,31
18675.jpg,1869,1874,5
18680.jpg,1869,1857,-12
18685.jpg,1869,1890,21
18690.jpg,1869,1870,1
18695.jpg,1869,1890,21
18700.jpg,1869,1890,21
18710.jpg,1869,1905,36
18715.jpg,1869,1920,51
18720.jpg,1869,1890,21
18725.jpg,1869,1930,61
18730.jpg,1869,1890,21
18735.jpg,1869,1905,36
18740.jpg,1869,1890,21
18745.jpg,1869,1890,21
18750.jpg,1869,1870,1
18755.jpg,1869,1850,-19
18760.jpg,1869,1890,21
18765.jpg,1869,1850,-19
18770.jpg,1869,1920,51
18775.jpg,1869,1890,21
18780.jpg,1869,1920,51
18785.jpg,1869,1905,36
18790.jpg,1869,1900,31
18795.jpg,1869,1850,-19
18800.jpg,1869,1900,31
18805.jpg,1869,1820,-49
18810.jpg,1869,1870,1
18815.jpg,1869,1905,36
18820.jpg,1869,1940,71
18825.jpg,1869,1870,1
18830.jpg,1869,1920,51
18835.jpg,1869,2015,146
18840.jpg,1870,1850,-20
18845.jpg,1870,1867,-3
18850.jpg,1870,1905,35
18855.jpg,1870,1920,50
18860.jpg,1870,1905,35
18865.jpg,1870,1950,80
18870.jpg,1870,1920,50
18875.jpg,1870,1950,80
18880.jpg,1870,1920,50
18885.jpg,1870,1820,-50
18895.jpg,1870,1870,0
18900.jpg,1870,1870,0
18905.jpg,1870,1850,-20
18910.jpg,1870,1930,60
18915.jpg,1870,1870,0
18920.jpg,1870,1900,30
18925.jpg,1870,1865,-5
18930.jpg,1870,1900,30
18935.jpg,1870,1850,-20
18940.jpg,1870,1890,20
18945.jpg,1870,1975,105
18950.jpg,1870,1890,20
18955.jpg,1870,1905,35
18960.jpg,1870,1920,50
18965.jpg,1870,1850,-20
18970.jpg,1870,1850,-20
18980.jpg,1870,1900,30
18985.jpg,1870,1890,20
18990.jpg,1870,1920,50
18995.jpg,1870,1890,20
19000.jpg,1870,1920,50
19005.jpg,1870,1890,20
19010.jpg,1870,1850,-20
19015.jpg,1870,1920,50
19020.jpg,1870,1900,30
19025.jpg,1870,1870,0
19030.jpg,1870,1920,50
19035.jpg,1870,1890,20
19040.jpg,1870,1820,-50
19045.jpg,1870,1850,-20
19050.jpg,1870,1890,20
19055.jpg,1870,1890,20
19060.jpg,1870,1890,20
19065.jpg,1870,1920,50
19070.jpg,1870,1890,20
19075.jpg,1870,1890,20
19080.jpg,1870,1920,50
19085.jpg,1870,1870,0
19090.jpg,1870,1920,50
19100.jpg,1870,1950,80
19105.jpg,1870,1920,50
19110.jpg,1870,1950,80
19115.jpg,1870,1870,0
19120.jpg,1870,1920,50
19125.jpg,1870,1950,80
19130.jpg,1870,1920,50
19135.jpg,1870,1850,-20
19140.jpg,1870,1920,50
19145.jpg,1871,1850,-21
19150.jpg,1871,1920,49
19155.jpg,1871,1905,34
19160.jpg,1871,1890,19
19165.jpg,1871,1920,49
19170.jpg,1871,1904,33
19175.jpg,1871,1920,49
19180.jpg,1871,1920,49
19185.jpg,1871,1890,19
19190.jpg,1871,1900,29
19195.jpg,1871,1870,-1
19200.jpg,1871,1850,-21
19205.jpg,1871,1960,89
19210.jpg,1871,1950,79
19215.jpg,1871,1879,8
19220.jpg,1871,1906,35
19225.jpg,1871,1890,19
19230.jpg,1871,1874,3
19235.jpg,1871,1879,8
19240.jpg,1871,1906,35
19245.jpg,1871,1870,-1
19250.jpg,1871,1890,19
19255.jpg,1871,1890,19
19260.jpg,1871,1870,-1
19265.jpg,1871,1650,-221
19270.jpg,1871,1920,49
19275.jpg,1871,1890,19
19280.jpg,1871,1920,49
19285.jpg,1871,1850,-21
19290.jpg,1871,1850,-21
19295.jpg,1871,1890,19
19300.jpg,1871,1890,19
19305.jpg,1871,1950,79
19310.jpg,1871,1920,49
19315.jpg,1871,1920,49
19320.jpg,1871,1890,19
19325.jpg,1871,1890,19
19330.jpg,1871,1890,19
19335.jpg,1871,1890,19
19340.jpg,1871,1870,-1
19345.jpg,1871,1875,4
19350.jpg,1871,1900,29
19355.jpg,1871,1890,19
19360.jpg,1871,1890,19
19365.jpg,1871,1902,31
19370.jpg,1871,1890,19
19375.jpg,1871,1890,19
19380.jpg,1871,1900,29
19385.jpg,1871,1890,19
19390.jpg,1871,1890,19
19395.jpg,1872,1850,-22
19400.jpg,1872,1920,48
19405.jpg,1872,1890,18
19410.jpg,1872,1900,28
19415.jpg,1872,1860,-12
19420.jpg,1872,1820,-52
19425.jpg,1872,1960,88
19430.jpg,1872,1920,48
19435.jpg,1872,1890,18
19440.jpg,1872,1890,18
19445.jpg,1872,1920,48
19450.jpg,1872,1850,-22
19455.jpg,1872,1870,-2
19460.jpg,1872,1920,48
19465.jpg,1872,1890,18
19470.jpg,1872,1920,48
19475.jpg,1872,1920,48
19480.jpg,1872,1890,18
19485.jpg,1872,1920,48
19490.jpg,1872,1872,0
19495.jpg,1872,1870,-2
19500.jpg,1872,1890,18
19505.jpg,1872,1900,28
19510.jpg,1872,1900,28
19515.jpg,1872,1859,-13
19520.jpg,1872,1950,78
19525.jpg,1872,1920,48
19530.jpg,1872,1890,18
19535.jpg,1872,1920,48
19540.jpg,1872,1920,48
19545.jpg,1872,1870,-2
19550.jpg,1872,1870,-2
19555.jpg,1872,1850,-22
19560.jpg,1872,1875,3
19565.jpg,1872,1850,-22
19570.jpg,1872,1890,18
19575.jpg,1872,1850,-22
19580.jpg,1872,1890,18
19585.jpg,1872,1350,-522
19590.jpg,1872,1900,28
19595.jpg,1872,1950,78
19600.jpg,1872,1850,-22
19605.jpg,1872,1870,-2
19610.jpg,1872,1890,18
19615.jpg,1872,1890,18
19620.jpg,1872,1890,18
19625.jpg,1872,1920,48
19630.jpg,1872,1920,48
19635.jpg,1872,1893,21
19640.jpg,1872,1900,28
19645.jpg,1872,1900,28
19655.jpg,1873,1850,-23
19660.jpg,1873,1830,-43
19665.jpg,1873,1920,47
19670.jpg,1873,1890,17
19675.jpg,1873,1920,47
19680.jpg,1873,1850,-23
19685.jpg,1873,1890,17
19690.jpg,1873,2050,177
19695.jpg,1873,1920,47
19700.jpg,1873,1850,-23
19705.jpg,1873,1920,47
19710.jpg,1873,1900,27
19715.jpg,1873,1850,-23
19720.jpg,1873,1900,27
19725.jpg,1873,1870,-3
19730.jpg,1873,1870,-3
19735.jpg,1873,1892,19
19740.jpg,1873,1950,77
19745.jpg,1873,1897,24
19750.jpg,1873,1850,-23
19755.jpg,1873,1890,17
19760.jpg,1873,1870,-3
19765.jpg,1873,1920,47
19775.jpg,1873,1920,47
19780.jpg,1873,1875,2
19785.jpg,1873,1920,47
19790.jpg,1873,1930,57
19795.jpg,1873,1870,-3
19800.jpg,1873,1850,-23
19805.jpg,1873,1850,-23
19810.jpg,1873,1890,17
19815.jpg,1873,1890,17
19820.jpg,1873,1890,17
19825.jpg,1873,1890,17
19830.jpg,1873,1870,-3
19835.jpg,1873,1920,47
19840.jpg,1873,1850,-23
19845.jpg,1873,1950,77
19850.jpg,1873,1880,7
19855.jpg,1873,1920,47
19860.jpg,1873,1890,17
19865.jpg,1873,1875,2
19870.jpg,1873,1870,-3
19875.jpg,1873,1929,56
19880.jpg,1873,1905,32
19885.jpg,1873,1920,47
19890.jpg,1873,1850,-23
19895.jpg,1873,1950,77
19900.jpg,1873,1920,47
19905.jpg,1873,1802,-71
19910.jpg,1873,1920,47
19915.jpg,1874,1870,-4
19920.jpg,1874,1890,16
19925.jpg,1874,1890,16
19930.jpg,1874,1920,46
19935.jpg,1874,1890,16
19945.jpg,1874,1870,-4
19950.jpg,1874,1905,31
19955.jpg,1874,1925,51
19965.jpg,1874,1905,31
19970.jpg,1874,1874,0
19975.jpg,1874,1890,16
19980.jpg,1874,1890,16
19985.jpg,1874,1870,-4
19990.jpg,1874,1930,56
19995.jpg,1874,1900,26
20000.jpg,1874,1930,56
20005.jpg,1874,1940,66
20010.jpg,1874,1870,-4
20015.jpg,1874,1850,-24
20020.jpg,1874,1870,-4
20025.jpg,1874,1874,0
20030.jpg,1874,1857,-17
20035.jpg,1874,1930,56
20040.jpg,1874,1874,0
20045.jpg,1874,1900,26
20050.jpg,1874,1920,46
20055.jpg,1874,1890,16
20060.jpg,1874,1890,16
20065.jpg,1874,1870,-4
20070.jpg,1874,1890,16
20075.jpg,1874,1890,16
20080.jpg,1874,1874,0
20085.jpg,1874,1890,16
20090.jpg,1874,1820,-54
20095.jpg,1874,1850,-24
20100.jpg,1874,1870,-4
20110.jpg,1874,1890,16
20115.jpg,1874,1890,16
20120.jpg,1874,1890,16
20125.jpg,1874,1850,-24
20130.jpg,1874,1750,-124
20135.jpg,1874,1890,16
20145.jpg,1874,1890,16
20150.jpg,1874,1905,31
20155.jpg,1874,1890,16
20160.jpg,1874,1920,46
20165.jpg,1874,1890,16
20170.jpg,1874,1890,16
20175.jpg,1874,1895,21
20180.jpg,1874,1850,-24
20185.jpg,1874,1870,-4
20190.jpg,1874,1950,76
20195.jpg,1874,1890,16
20205.jpg,1874,1850,-24
20210.jpg,1875,1905,30
20215.jpg,1875,2010,135
20220.jpg,1875,1850,-25
20230.jpg,1875,1920,45
20235.jpg,1875,1750,-125
20240.jpg,1875,1920,45
20245.jpg,1875,1850,-25
20250.jpg,1875,1920,45
20255.jpg,1875,1925,50
20260.jpg,1875,1900,25
20265.jpg,1875,1850,-25
20270.jpg,1875,1870,-5
20275.jpg,1875,1870,-5
20280.jpg,1875,1905,30
20285.jpg,1875,1870,-5
20295.jpg,1875,1900,25
20300.jpg,1875,1870,-5
20305.jpg,1875,1850,-25
20310.jpg,1875,1879,4
20315.jpg,1875,1930,55
20320.jpg,1875,1870,-5
20325.jpg,1875,1850,-25
20330.jpg,1875,1895,20
20335.jpg,1875,1890,15
20340.jpg,1875,1900,25
20345.jpg,1875,1890,15
20350.jpg,1875,1920,45
20355.jpg,1875,1920,45
20360.jpg,1875,1875,0
20365.jpg,1875,1890,15
20370.jpg,1875,1890,15
20375.jpg,1875,1870,-5
20380.jpg,1875,1880,5
20385.jpg,1875,1850,-25
20390.jpg,1875,1870,-5
20395.jpg,1875,1870,-5
20400.jpg,1875,1890,15
20405.jpg,1875,1870,-5
20410.jpg,1875,1950,75
20415.jpg,1875,1950,75
20420.jpg,1875,1850,-25
20425.jpg,1875,1870,-5
20430.jpg,1875,1920,45
20435.jpg,1875,1346,-529
20440.jpg,1875,1870,-5
20445.jpg,1875,1850,-25
20450.jpg,1875,1890,15
20455.jpg,1875,1870,-5
20460.jpg,1875,1930,55
20465.jpg,1875,1890,15
20470.jpg,1875,1850,-25
20480.jpg,1875,1920,45
20485.jpg,1875,1920,45
20490.jpg,1875,1850,-25
20495.jpg,1875,1890,15
20500.jpg,1876,1850,-26
20505.jpg,1876,1930,54
20510.jpg,1876,1920,44
20515.jpg,1876,1870,-6
20520.jpg,1876,1920,44
20525.jpg,1876,1950,74
20530.jpg,1876,1950,74
20540.jpg,1876,2015,139
20545.jpg,1876,1890,14
20550.jpg,1876,1870,-6
20555.jpg,1876,1870,-6
20560.jpg,1876,1200,-676
20565.jpg,1876,1850,-26
20570.jpg,1876,1855,-21
20575.jpg,1876,1890,14
20580.jpg,1876,1909,33
20585.jpg,1876,1870,-6
20590.jpg,1876,1930,54
20595.jpg,1876,1890,14
20600.jpg,1876,1890,14
20605.jpg,1876,1890,14
20610.jpg,1876,1920,44
20615.jpg,1876,1890,14
20620.jpg,1876,1920,44
20625.jpg,1876,1920,44
20630.jpg,1876,1850,-26
20635.jpg,1876,1875,-1
20640.jpg,1876,1950,74
20645.jpg,1876,1880,4
20650.jpg,1876,1920,44
20655.jpg,1876,1875,-1
20660.jpg,1876,1880,4
20665.jpg,1876,1890,14
20670.jpg,1876,1905,29
20675.jpg,1876,1750,-126
20680.jpg,1876,1850,-26
20685.jpg,1876,1890,14
20690.jpg,1876,1890,14
20695.jpg,1876,1905,29
20700.jpg,1876,1876,0
20705.jpg,1876,1905,29
20715.jpg,1876,1905,29
20720.jpg,1876,1850,-26
20725.jpg,1876,1890,14
20730.jpg,1877,1890,13
20735.jpg,1877,1870,-7
20740.jpg,1877,1920,43
20745.jpg,1877,1920,43
20750.jpg,1877,1870,-7
20755.jpg,1877,1890,13
20760.jpg,1877,1950,73
20765.jpg,1877,1670,-207
20770.jpg,1877,1920,43
20775.jpg,1877,1870,-7
20780.jpg,1877,1849,-28
20785.jpg,1877,1920,43
20790.jpg,1877,1900,23
20795.jpg,1877,1875,-2
20800.jpg,1877,1920,43
20805.jpg,1877,1870,-7
20810.jpg,1877,1920,43
20815.jpg,1877,1920,43
20820.jpg,1877,1890,13
20830.jpg,1877,1890,13
20835.jpg,1877,1850,-27
20840.jpg,1877,1890,13
20845.jpg,1877,1890,13
20850.jpg,1877,1870,-7
20855.jpg,1877,1920,43
20860.jpg,1877,1930,53
20865.jpg,1877,1890,13
20870.jpg,1877,1890,13
20875.jpg,1877,1890,13
20880.jpg,1877,1850,-27
20885.jpg,1877,1890,13
20890.jpg,1877,1870,-7
20895.jpg,1877,1890,13
20900.jpg,1877,1890,13
20905.jpg,1877,1890,13
20910.jpg,1877,1875,-2
20915.jpg,1877,1890,13
20925.jpg,1878,1900,22
20930.jpg,1878,1930,52
20935.jpg,1878,1890,12
20940.jpg,1878,1925,47
20945.jpg,1878,1930,52
20950.jpg,1878,1930,52
20955.jpg,1878,1905,27
20960.jpg,1878,1870,-8
20965.jpg,1878,1975,97
20970.jpg,1878,1920,42
20975.jpg,1878,1890,12
20980.jpg,1878,1900,22
20985.jpg,1878,1906,28
20990.jpg,1878,1890,12
20995.jpg,1878,1850,-28
21000.jpg,1878,1890,12
21005.jpg,1878,1890,12
21010.jpg,1878,1870,-8
21015.jpg,1878,1920,42
21020.jpg,1878,1820,-58
21025.jpg,1878,1890,12
21030.jpg,1878,1905,27
21035.jpg,1878,1850,-28
21040.jpg,1878,1900,22
21045.jpg,1878,1850,-28
21050.jpg,1878,1870,-8
21055.jpg,1878,1850,-28
21060.jpg,1878,1920,42
21065.jpg,1878,1920,42
21070.jpg,1878,1930,52
21075.jpg,1878,1890,12
21080.jpg,1878,1890,12
21085.jpg,1878,1890,12
21090.jpg,1878,1920,42
21095.jpg,1878,1890,12
21100.jpg,1878,1890,12
21105.jpg,1878,1890,12
21110.jpg,1878,1890,12
21115.jpg,1878,1878,0
21120.jpg,1878,1920,42
21125.jpg,1878,2015,137
21130.jpg,1878,1925,47
21135.jpg,1878,1920,42
21140.jpg,1878,1890,12
21145.jpg,1878,1905,27
21150.jpg,1878,1890,12
21155.jpg,1878,1930,52
21160.jpg,1879,1950,71
21165.jpg,1879,1890,11
21170.jpg,1879,1920,41
21175.jpg,1879,1905,26
21180.jpg,1879,1930,51
21185.jpg,1879,1920,41
21190.jpg,1879,1890,11
21195.jpg,1879,1900,21
21200.jpg,1879,1893,14
21205.jpg,1879,1920,41
21210.jpg,1879,1920,41
21215.jpg,1879,1850,-29
21220.jpg,1879,1903,24
21225.jpg,1879,1900,21
21230.jpg,1879,1870,-9
21235.jpg,1879,1908,29
21240.jpg,1879,1900,21
21245.jpg,1879,1860,-19
21250.jpg,1879,1850,-29
21255.jpg,1879,1880,1
21260.jpg,1879,1890,11
21265.jpg,1879,1890,11
21270.jpg,1879,1850,-29
21275.jpg,1879,1840,-39
21280.jpg,1879,1890,11
21285.jpg,1879,1930,51
21290.jpg,1879,1890,11
21295.jpg,1879,1850,-29
21300.jpg,1879,1890,11
21305.jpg,1879,1890,11
21310.jpg,1879,1880,1
21315.jpg,1879,1890,11
21320.jpg,1879,1870,-9
21325.jpg,1879,1890,11
21330.jpg,1879,1920,41
21335.jpg,1879,1900,21
21340.jpg,1879,1920,41
21350.jpg,1879,1900,21
21355.jpg,1879,1920,41
21360.jpg,1879,1920,41
21365.jpg,1879,1950,71
21370.jpg,1879,1893,14
21375.jpg,1880,1850,-30
21380.jpg,1880,1905,25
21385.jpg,1880,1920,40
21390.jpg,1880,1850,-30
21395.jpg,1880,1905,25
21400.jpg,1880,1905,25
21405.jpg,1880,1920,40
21410.jpg,1880,1950,70
21415.jpg,1880,1920,40
21420.jpg,1880,1920,40
21425.jpg,1880,1920,40
21430.jpg,1880,1850,-30
21435.jpg,1880,1890,10
21440.jpg,1880,1905,25
21445.jpg,1880,1905,25
21450.jpg,1880,1900,20
21455.jpg,1880,1870,-10
21460.jpg,1880,1890,10
21465.jpg,1880,1870,-10
21470.jpg,1880,1850,-30
21475.jpg,1880,1850,-30
21480.jpg,1880,1879,-1
21485.jpg,1880,1950,70
21490.jpg,1880,1930,50
21495.jpg,1880,1858,-22
21500.jpg,1880,1850,-30
21505.jpg,1880,1920,40
21510.jpg,1880,1920,40
21515.jpg,1880,1850,-30
21520.jpg,1880,1820,-60
21530.jpg,1880,1985,105
21535.jpg,1880,1890,10
21540.jpg,1880,1890,10
21545.jpg,1880,1890,10
21550.jpg,1880,1890,10
21555.jpg,1880,1890,10
21560.jpg,1880,1930,50
21565.jpg,1880,1920,40
21570.jpg,1880,1920,40
21575.jpg,1880,1950,70
21580.jpg,1880,1870,-10
21585.jpg,1880,1920,40
21590.jpg,1880,1950,70
21595.jpg,1880,1890,10
21600.jpg,1880,1890,10
21605.jpg,1880,1920,40
21610.jpg,1880,1890,10
21615.jpg,1880,1890,10
21620.jpg,1880,1890,10
21625.jpg,1880,1890,10
21630.jpg,1880,1905,25
21635.jpg,1880,1850,-30
21640.jpg,1880,1875,-5
21645.jpg,1880,1950,70
21650.jpg,1880,1920,40
21655.jpg,1880,1890,10
21660.jpg,1880,1890,10
21665.jpg,1880,1600,-280
21670.jpg,1880,1890,10
21675.jpg,1880,1920,40
21680.jpg,1880,1920,40
21685.jpg,1880,1920,40
21690.jpg,1880,1890,10
21695.jpg,1880,1920,40
21700.jpg,1880,1890,10
21705.jpg,1880,1870,-10
21710.jpg,1881,1920,39
21715.jpg,1881,1900,19
21720.jpg,1881,1950,69
21725.jpg,1881,1870,-11
21730.jpg,1881,1905,24
21735.jpg,1881,1950,69
21740.jpg,1881,1900,19
21745.jpg,1881,1920,39
21750.jpg,1881,1890,9
21755.jpg,1881,1920,39
21760.jpg,1881,1870,-11
21770.jpg,1881,1870,-11
21775.jpg,1881,1879,-2
21780.jpg,1881,1850,-31
21785.jpg,1881,1850,-31
21790.jpg,1881,1870,-11
21795.jpg,1881,1850,-31
21800.jpg,1881,1890,9
21805.jpg,1881,1500,-381
21810.jpg,1881,1920,39
21815.jpg,1881,1890,9
21820.jpg,1881,1850,-31
21825.jpg,1881,1890,9
21830.jpg,1881,1875,-6
21835.jpg,1881,1890,9
21840.jpg,1881,1870,-11
21845.jpg,1881,1950,69
21850.jpg,1881,1850,-31
21855.jpg,1881,1890,9
21860.jpg,1881,1850,-31
21865.jpg,1881,1890,9
21870.jpg,1881,1850,-31
21875.jpg,1881,1905,24
21880.jpg,1881,1890,9
21885.jpg,1881,1870,-11
21890.jpg,1881,1920,39
21895.jpg,1881,1890,9
21900.jpg,1881,1880,-1
21905.jpg,1881,1950,69
21910.jpg,1881,1890,9
21915.jpg,1881,1890,9
21920.jpg,1881,1890,9
21925.jpg,1881,1920,39
21930.jpg,1881,1850,-31
21940.jpg,1881,1850,-31
21945.jpg,1882,1850,-32
21950.jpg,1882,1930,48
21955.jpg,1882,1905,23
21960.jpg,1882,1850,-32
21965.jpg,1882,1920,38
21970.jpg,1882,1920,38
21975.jpg,1882,1875,-7
21980.jpg,1882,1920,38
21985.jpg,1882,1950,68
21990.jpg,1882,1890,8
21995.jpg,1882,1890,8
22000.jpg,1882,1890,8
22005.jpg,1882,1920,38
22010.jpg,1882,1870,-12
22015.jpg,1882,1900,18
22020.jpg,1882,1900,18
22025.jpg,1882,1905,23
22030.jpg,1882,1890,8
22035.jpg,1882,1890,8
22040.jpg,1882,1890,8
22045.jpg,1882,1890,8
22050.jpg,1882,1980,98
22055.jpg,1882,1890,8
22060.jpg,1882,1875,-7
22065.jpg,1882,1850,-32
22070.jpg,1882,1920,38
22075.jpg,1882,1905,23
22080.jpg,1882,1890,8
22085.jpg,1882,1905,23
22090.jpg,1882,1890,8
22095.jpg,1882,1850,-32
22100.jpg,1882,1925,43
22105.jpg,1882,1890,8
22110.jpg,1882,1920,38
22115.jpg,1882,1890,8
22120.jpg,1882,1890,8
22125.jpg,1882,1890,8
22130.jpg,1882,1890,8
22135.jpg,1882,1860,-22
22140.jpg,1882,1920,38
22145.jpg,1882,1960,78
22150.jpg,1882,1930,48
22155.jpg,1882,2001,119
22160.jpg,1882,1920,38
22165.jpg,1882,1980,98
22170.jpg,1882,1870,-12
22175.jpg,1882,1920,38
22180.jpg,1882,1905,23
22185.jpg,1882,1870,-12
22190.jpg,1882,1950,68
22195.jpg,1882,1906,24
22200.jpg,1882,1900,18
22205.jpg,1882,1890,8
22210.jpg,1882,1870,-12
22215.jpg,1883,1850,-33
22220.jpg,1883,1920,37
22225.jpg,1883,1920,37
22230.jpg,1883,1890,7
22235.jpg,1883,1890,7
22240.jpg,1883,1850,-33
22245.jpg,1883,1890,7
22250.jpg,1883,1890,7
22255.jpg,1883,1920,37
22260.jpg,1883,1905,22
22265.jpg,1883,1900,17
22270.jpg,1883,1925,42
22275.jpg,1883,1900,17
22280.jpg,1883,1883,0
22285.jpg,1883,1900,17
22290.jpg,1883,1850,-33
22295.jpg,1883,1870,-13
22300.jpg,1883,1859,-24
22305.jpg,1883,1874,-9
22310.jpg,1883,1859,-24
22315.jpg,1883,1867,-16
22320.jpg,1883,1890,7
22325.jpg,1883,1890,7
22330.jpg,1883,1890,7
22335.jpg,1883,1890,7
22340.jpg,1883,1890,7
22345.jpg,1883,1890,7
22350.jpg,1883,1890,7
22355.jpg,1883,1920,37
22360.jpg,1883,1890,7
22365.jpg,1883,1920,37
22370.jpg,1883,1890,7
22375.jpg,1883,1890,7
22380.jpg,1883,1890,7
22385.jpg,1883,1920,37
22390.jpg,1883,1908,25
22395.jpg,1883,1920,37
22400.jpg,1883,1890,7
22405.jpg,1883,1890,7
22410.jpg,1883,1890,7
22415.jpg,1883,1850,-33
22420.jpg,1883,1920,37
22425.jpg,1883,1890,7
22430.jpg,1883,1890,7
22435.jpg,1883,1890,7
22440.jpg,1883,1900,17
22445.jpg,1883,1870,-13
22450.jpg,1883,1850,-33
22455.jpg,1883,1870,-13
22460.jpg,1883,1936,53
22465.jpg,1883,1890,7
22470.jpg,1883,1920,37
22475.jpg,1883,1890,7
22485.jpg,1883,1920,37
22490.jpg,1883,1920,37
22495.jpg,1883,1890,7
22500.jpg,1883,1920,37
22505.jpg,1883,1905,22
22510.jpg,1884,1890,6
22515.jpg,1884,1884,0
22520.jpg,1884,1905,21
22525.jpg,1884,1925,41
22530.jpg,1884,1920,36
22535.jpg,1884,1920,36
22540.jpg,1884,1890,6
22545.jpg,1884,1890,6
22550.jpg,1884,1920,36
22555.jpg,1884,1930,46
22560.jpg,1884,1870,-14
22565.jpg,1884,1850,-34
22570.jpg,1884,1900,16
22575.jpg,1884,1890,6
22580.jpg,1884,1920,36
22585.jpg,1884,1870,-14
22590.jpg,1884,1890,6
22595.jpg,1884,1920,36
22600.jpg,1884,1890,6
22605.jpg,1884,1890,6
22610.jpg,1884,1890,6
22615.jpg,1884,1890,6
22620.jpg,1884,1890,6
22625.jpg,1884,1890,6
22630.jpg,1884,1890,6
22635.jpg,1884,1890,6
22640.jpg,1884,1890,6
22645.jpg,1884,1890,6
22650.jpg,1884,1890,6
22655.jpg,1884,1920,36
22665.jpg,1884,1930,46
22670.jpg,1884,1850,-34
22675.jpg,1884,1895,11
22680.jpg,1884,1930,46
22685.jpg,1884,1890,6
22690.jpg,1884,1890,6
22695.jpg,1884,1900,16
22700.jpg,1884,1870,-14
22705.jpg,1884,1890,6
22710.jpg,1884,1920,36
22715.jpg,1884,1905,21
22720.jpg,1884,1870,-14
22730.jpg,1884,1920,36
22735.jpg,1884,1850,-34
22740.jpg,1884,1980,96
22745.jpg,1884,1890,6
22750.jpg,1884,1870,-14
22755.jpg,1884,1870,-14
22760.jpg,1884,1920,36
22765.jpg,1884,1890,6
22770.jpg,1884,1890,6
22775.jpg,1884,1905,21
22780.jpg,1885,1895,10
22785.jpg,1885,1925,40
22790.jpg,1885,1905,20
22795.jpg,1885,1850,-35
22800.jpg,1885,1850,-35
22805.jpg,1885,1890,5
22810.jpg,1885,1905,20
22815.jpg,1885,1920,35
22820.jpg,1885,1890,5
22825.jpg,1885,1930,45
22830.jpg,1885,1850,-35
22835.jpg,1885,1884,-1
22840.jpg,1885,1870,-15
22850.jpg,1885,1950,65
22855.jpg,1885,1900,15
22860.jpg,1885,1890,5
22865.jpg,1885,1890,5
22870.jpg,1885,1900,15
22875.jpg,1885,1890,5
22880.jpg,1885,1890,5
22885.jpg,1885,1890,5
22890.jpg,1885,1930,45
22895.jpg,1885,1890,5
22900.jpg,1885,1920,35
22905.jpg,1885,1920,35
22910.jpg,1885,1870,-15
22915.jpg,1885,1920,35
22920.jpg,1885,1883,-2
22925.jpg,1885,1890,5
22930.jpg,1885,1920,35
22935.jpg,1885,1920,35
22940.jpg,1885,1925,40
22945.jpg,1885,1890,5
22950.jpg,1885,1930,45
22955.jpg,1885,1890,5
22960.jpg,1885,1950,65
22965.jpg,1885,1920,35
22970.jpg,1885,1905,20
22975.jpg,1885,1890,5
22980.jpg,1885,1920,35
22985.jpg,1885,1920,35
22990.jpg,1885,1905,20
22995.jpg,1885,1890,5
23000.jpg,1885,1850,-35
23005.jpg,1885,1890,5
23015.jpg,1885,1850,-35
23020.jpg,1885,1925,40
23025.jpg,1885,1920,35
23030.jpg,1885,1920,35
23035.jpg,1885,1920,35
23040.jpg,1885,1890,5
23045.jpg,1885,1830,-55
23050.jpg,1885,1965,80
23055.jpg,1885,1920,35
23060.jpg,1885,1905,20
23065.jpg,1885,1890,5
23070.jpg,1885,1890,5
23075.jpg,1885,1905,20
23080.jpg,1885,1920,35
23085.jpg,1886,1920,34
23090.jpg,1886,1890,4
23095.jpg,1886,1890,4
23100.jpg,1886,1890,4
23105.jpg,1886,1950,64
23110.jpg,1886,1850,-36
23115.jpg,1886,1920,34
23120.jpg,1886,1850,-36
23125.jpg,1886,2005,119
23130.jpg,1886,1932,46
23135.jpg,1886,1960,74
23140.jpg,1886,1985,99
23145.jpg,1886,1862,-24
23150.jpg,1886,1908,22
23155.jpg,1886,1870,-16
23160.jpg,1886,1858,-28
23165.jpg,1886,1920,34
23170.jpg,1886,1890,4
23175.jpg,1886,1950,64
23180.jpg,1886,1890,4
23185.jpg,1886,1930,44
23190.jpg,1886,1890,4
23195.jpg,1886,1890,4
23200.jpg,1886,1905,19
23205.jpg,1886,1890,4
23210.jpg,1886,1900,14
23215.jpg,1886,1890,4
23220.jpg,1886,1890,4
23225.jpg,1886,1890,4
23230.jpg,1886,1890,4
23235.jpg,1886,1890,4
23240.jpg,1886,1890,4
23245.jpg,1886,1890,4
23250.jpg,1886,1925,39
23255.jpg,1886,1850,-36
23260.jpg,1886,1890,4
23265.jpg,1886,1920,34
23275.jpg,1886,1920,34
23280.jpg,1886,1920,34
23285.jpg,1886,1905,19
23290.jpg,1886,1985,99
23295.jpg,1886,1905,19
23300.jpg,1886,1905,19
23305.jpg,1886,1900,14
23310.jpg,1886,1900,14
23315.jpg,1886,1920,34
23320.jpg,1886,1925,39
23325.jpg,1886,1890,4
23330.jpg,1886,1905,19
23335.jpg,1886,1920,34
23340.jpg,1886,1925,39
23345.jpg,1886,1905,19
23350.jpg,1886,1890,4
23355.jpg,1886,1905,19
23365.jpg,1886,1950,64
23370.jpg,1886,1890,4
23375.jpg,1887,1930,43
23380.jpg,1887,1930,43
23385.jpg,1887,1920,33
23390.jpg,1887,1925,38
23395.jpg,1887,1890,3
23400.jpg,1887,1920,33
23410.jpg,1887,1925,38
23415.jpg,1887,1905,18
23420.jpg,1887,1905,18
23425.jpg,1887,1920,33
23430.jpg,1887,1920,33
23440.jpg,1887,1870,-17
23445.jpg,1887,1905,18
23450.jpg,1887,1850,-37
23460.jpg,1887,1860,-27
23465.jpg,1887,1920,33
23470.jpg,1887,1920,33
23475.jpg,1887,1950,63
23480.jpg,1887,1890,3
23485.jpg,1887,1890,3
23490.jpg,1887,1850,-37
23495.jpg,1887,1870,-17
23500.jpg,1887,1920,33
23505.jpg,1887,1920,33
23510.jpg,1887,1890,3
23515.jpg,1887,1905,18
23520.jpg,1887,1900,13
23525.jpg,1887,1890,3
23535.jpg,1887,1920,33
23540.jpg,1887,1890,3
23545.jpg,1887,1920,33
23550.jpg,1887,1920,33
23555.jpg,1887,1920,33
23560.jpg,1887,1905,18
23565.jpg,1887,1905,18
23570.jpg,1887,1920,33
23575.jpg,1887,1890,3
23580.jpg,1887,1890,3
23585.jpg,1887,1850,-37
23590.jpg,1887,1985,98
23595.jpg,1887,1870,-17
23600.jpg,1887,1900,13
23605.jpg,1887,1900,13
23610.jpg,1887,1896,9
23615.jpg,1887,1920,33
23620.jpg,1887,1905,18
23625.jpg,1887,1920,33
23630.jpg,1887,1920,33
23635.jpg,1887,1890,3
23640.jpg,1887,1920,33
23645.jpg,1887,1870,-17
23650.jpg,1887,1890,3
23660.jpg,1887,1920,33
23665.jpg,1887,1905,18
23670.jpg,1887,1850,-37
23675.jpg,1887,1920,33
23680.jpg,1887,1930,43
23690.jpg,1887,1920,33
23695.jpg,1887,1905,18
23700.jpg,1888,1850,-38
23705.jpg,1888,1920,32
23710.jpg,1888,1905,17
23715.jpg,1888,1930,42
23720.jpg,1888,1960,72
23725.jpg,1888,1890,2
23730.jpg,1888,1890,2
23735.jpg,1888,1920,32
23740.jpg,1888,1905,17
23745.jpg,1888,1890,2
23750.jpg,1888,1853,-35
23755.jpg,1888,1920,32
23760.jpg,1888,1850,-38
23765.jpg,1888,1920,32
23770.jpg,1888,1980,92
23775.jpg,1888,1950,62
23790.jpg,1888,1890,2
23795.jpg,1888,1890,2
23800.jpg,1888,1890,2
23805.jpg,1888,1890,2
23810.jpg,1888,1850,-38
23815.jpg,1888,1890,2
23820.jpg,1888,1890,2
23825.jpg,1888,1920,32
23830.jpg,1888,1900,12
23835.jpg,1888,1890,2
23840.jpg,1888,1890,2
23850.jpg,1888,1900,12
23855.jpg,1888,1920,32
23860.jpg,1888,1895,7
23865.jpg,1888,1850,-38
23870.jpg,1888,1850,-38
23875.jpg,1888,1905,17
23880.jpg,1888,1905,17
23885.jpg,1888,1890,2
23890.jpg,1888,1890,2
23895.jpg,1888,1905,17
23900.jpg,1888,1890,2
23905.jpg,1888,1880,-8
23910.jpg,1888,1920,32
23915.jpg,1888,1985,97
23920.jpg,1888,1900,12
23925.jpg,1888,1905,17
23930.jpg,1888,1920,32
23935.jpg,1888,1850,-38
23940.jpg,1888,1890,2
23945.jpg,1888,1870,-18
23950.jpg,1888,1920,32
23955.jpg,1888,1890,2
23960.jpg,1888,1920,32
23965.jpg,1888,1850,-38
23970.jpg,1888,1850,-38
23975.jpg,1888,1905,17
23980.jpg,1888,1920,32
23985.jpg,1888,1920,32
23990.jpg,1888,1888,0
23995.jpg,1888,1928,40
24000.jpg,1888,1920,32
24005.jpg,1888,1920,32
24010.jpg,1888,1920,32
24015.jpg,1888,1930,42
24020.jpg,1888,1930,42
24025.jpg,1888,1920,32
24030.jpg,1888,1890,2
24035.jpg,1888,1834,-54
24040.jpg,1888,1950,62
24050.jpg,1889,1920,31
24055.jpg,1889,1850,-39
24060.jpg,1889,1905,16
24065.jpg,1889,1905,16
24070.jpg,1889,1890,1
24075.jpg,1889,1920,31
24080.jpg,1889,1905,16
24085.jpg,1889,1905,16
24090.jpg,1889,1890,1
24095.jpg,1889,1890,1
24105.jpg,1889,1920,31
24110.jpg,1889,1890,1
24115.jpg,1889,1900,11
24120.jpg,1889,1870,-19
24125.jpg,1889,1900,11
24130.jpg,1889,1900,11
24135.jpg,1889,1850,-39
24140.jpg,1889,1870,-19
24145.jpg,1889,1900,11
24150.jpg,1889,1905,16
24155.jpg,1889,1920,31
24160.jpg,1889,1905,16
24165.jpg,1889,1890,1
24170.jpg,1889,1890,1
24175.jpg,1889,1920,31
24180.jpg,1889,1920,31
24185.jpg,1889,1890,1
24190.jpg,1889,1890,1
24195.jpg,1889,1890,1
24200.jpg,1889,1920,31
24205.jpg,1889,1905,16
24210.jpg,1889,1890,1
24215.jpg,1889,1900,11
24220.jpg,1889,1890,1
24225.jpg,1889,1890,1
24230.jpg,1889,1900,11
24235.jpg,1889,1905,16
24240.jpg,1889,1880,-9
24245.jpg,1889,1920,31
24250.jpg,1889,1890,1
24255.jpg,1889,1890,1
24260.jpg,1889,2010,121
24265.jpg,1889,1890,1
24270.jpg,1889,1905,16
24275.jpg,1889,1890,1
24280.jpg,1889,1905,16
24285.jpg,1889,1920,31
24290.jpg,1889,1890,1
24295.jpg,1889,1890,1
24300.jpg,1889,1905,16
24310.jpg,1889,1890,1
24315.jpg,1889,1875,-14
24320.jpg,1889,1850,-39
24330.jpg,1889,1820,-69
24335.jpg,1889,1920,31
24340.jpg,1889,1950,61
24345.jpg,1889,1890,1
24350.jpg,1889,1905,16
24355.jpg,1889,1890,1
24360.jpg,1889,1985,96
24365.jpg,1889,1890,1
24370.jpg,1889,1890,1
24375.jpg,1889,1900,11
24380.jpg,1889,1920,31
24385.jpg,1889,1890,1
24390.jpg,1889,1890,1
24395.jpg,1890,1850,-40
24400.jpg,1890,1890,0
24405.jpg,1890,1930,40
24410.jpg,1890,1904,14
24415.jpg,1890,1905,15
24420.jpg,1890,1850,-40
24425.jpg,1890,1920,30
24430.jpg,1890,1900,10
24435.jpg,1890,1890,0
24440.jpg,1890,1905,15
24445.jpg,1890,1940,50
24450.jpg,1890,1905,15
24455.jpg,1890,1905,15
24460.jpg,1890,1905,15
24465.jpg,1890,1920,30
24470.jpg,1890,1930,40
24475.jpg,1890,1890,0
24480.jpg,1890,1920,30
24485.jpg,1890,1920,30
24490.jpg,1890,1900,10
24495.jpg,1890,1850,-40
24500.jpg,1890,1920,30
24505.jpg,1890,1879,-11
24510.jpg,1890,1870,-20
24515.jpg,1890,1906,16
24520.jpg,1890,1950,60
24525.jpg,1890,1950,60
24535.jpg,1890,1905,15
24540.jpg,1890,1905,15
24545.jpg,1890,1950,60
24550.jpg,1890,1890,0
24555.jpg,1890,1920,30
24560.jpg,1890,1905,15
24565.jpg,1890,1890,0
24570.jpg,1890,1890,0
24575.jpg,1890,1920,30
24580.jpg,1890,1920,30
24585.jpg,1890,1890,0
24590.jpg,1890,1890,0
24595.jpg,1890,1905,15
24600.jpg,1890,1890,0
24605.jpg,1890,1920,30
24610.jpg,1890,1905,15
24615.jpg,1890,1920,30
24620.jpg,1890,1980,90
24625.jpg,1890,1890,0
24630.jpg,1890,1890,0
24635.jpg,1890,1905,15
24640.jpg,1890,1890,0
24645.jpg,1890,1905,15
24650.jpg,1890,1890,0
24655.jpg,1890,1850,-40
24660.jpg,1890,1890,0
24665.jpg,1890,1905,15
24670.jpg,1890,1905,15
24675.jpg,1890,1890,0
24680.jpg,1890,1905,15
24685.jpg,1890,1890,0
24690.jpg,1890,1920,30
24695.jpg,1890,1920,30
24700.jpg,1890,1903,13
24705.jpg,1890,1930,40
24710.jpg,1890,1920,30
24715.jpg,1890,1900,10
24720.jpg,1890,1890,0
24725.jpg,1890,1850,-40
24730.jpg,1890,1930,40
24735.jpg,1890,1920,30
24740.jpg,1890,1920,30
24745.jpg,1890,1870,-20
24750.jpg,1890,1900,10
24755.jpg,1890,1920,30
24760.jpg,1890,1890,0
24765.jpg,1890,1950,60
24770.jpg,1890,1905,15
24775.jpg,1891,1850,-41
24780.jpg,1891,1920,29
24785.jpg,1891,1904,13
24790.jpg,1891,1920,29
24795.jpg,1891,1920,29
24800.jpg,1891,1925,34
24805.jpg,1891,1920,29
24810.jpg,1891,1930,39
24815.jpg,1891,1950,59
24820.jpg,1891,1905,14
24825.jpg,1891,1920,29
24830.jpg,1891,1920,29
24835.jpg,1891,1920,29
24840.jpg,1891,1900,9
24845.jpg,1891,1920,29
24850.jpg,1891,1920,29
24855.jpg,1891,1985,94
24860.jpg,1891,1920,29
24865.jpg,1891,1900,9
24870.jpg,1891,1904,13
24875.jpg,1891,1879,-12
24880.jpg,1891,1920,29
24885.jpg,1891,1890,-1
24890.jpg,1891,1890,-1
24895.jpg,1891,1890,-1
24900.jpg,1891,1920,29
24905.jpg,1891,1920,29
24910.jpg,1891,1890,-1
24915.jpg,1891,1905,14
24920.jpg,1891,1950,59
24925.jpg,1891,1890,-1
24930.jpg,1891,1950,59
24935.jpg,1891,1890,-1
24940.jpg,1891,1890,-1
24945.jpg,1891,1900,9
24950.jpg,1891,1890,-1
24955.jpg,1891,1920,29
24960.jpg,1891,1890,-1
24965.jpg,1891,1920,29
24970.jpg,1891,1890,-1
24975.jpg,1891,1905,14
24980.jpg,1891,1890,-1
24985.jpg,1891,1850,-41
24990.jpg,1891,1890,-1
24995.jpg,1891,1890,-1
25000.jpg,1891,1890,-1
25005.jpg,1891,1890,-1
25010.jpg,1891,1890,-1
25015.jpg,1891,1905,14
25020.jpg,1891,1920,29
25025.jpg,1891,1920,29
25030.jpg,1891,1905,14
25035.jpg,1891,1201,-690
25040.jpg,1891,1890,-1
25045.jpg,1891,1920,29
25050.jpg,1891,1905,14
25055.jpg,1891,1920,29
25060.jpg,1891,1920,29
25065.jpg,1891,1920,29
25070.jpg,1891,1890,-1
25075.jpg,1891,1890,-1
25080.jpg,1891,1905,14
25085.jpg,1891,1890,-1
25090.jpg,1891,1950,59
25095.jpg,1892,1905,13
25100.jpg,1892,2004,112
25105.jpg,1892,2005,113
25115.jpg,1892,1925,33
25120.jpg,1892,1920,28
25125.jpg,1892,1890,-2
25130.jpg,1892,1920,28
25135.jpg,1892,2010,118
25140.jpg,1892,1890,-2
25145.jpg,1892,1905,13
25150.jpg,1892,1927,35
25155.jpg,1892,1905,13
25160.jpg,1892,1970,78
25165.jpg,1892,1920,28
25170.jpg,1892,1905,13
25175.jpg,1892,1920,28
25180.jpg,1892,2010,118
25185.jpg,1892,1870,-22
25190.jpg,1892,1920,28
25195.jpg,1892,1900,8
25205.jpg,1892,1900,8
25210.jpg,1892,1925,33
25215.jpg,1892,1900,8
25220.jpg,1892,1905,13
25225.jpg,1892,1820,-72
25230.jpg,1892,1890,-2
25235.jpg,1892,1900,8
25240.jpg,1892,1890,-2
25245.jpg,1892,1890,-2
25250.jpg,1892,1920,28
25255.jpg,1892,1920,28
25260.jpg,1892,1895,3
25265.jpg,1892,1875,-17
25270.jpg,1892,1890,-2
25275.jpg,1892,1920,28
25280.jpg,1892,1905,13
25285.jpg,1892,1905,13
25290.jpg,1892,1890,-2
25295.jpg,1892,1905,13
25300.jpg,1892,1920,28
25305.jpg,1892,1975,83
25310.jpg,1892,1920,28
25315.jpg,1892,1900,8
25320.jpg,1892,1890,-2
25325.jpg,1892,1920,28
25330.jpg,1892,1920,28
25335.jpg,1892,1890,-2
25340.jpg,1892,1890,-2
25345.jpg,1892,1920,28
25350.jpg,1892,1905,13
25355.jpg,1892,1920,28
25360.jpg,1892,1920,28
25365.jpg,1892,1890,-2
25370.jpg,1892,1920,28
25375.jpg,1892,1890,-2
25380.jpg,1892,1890,-2
25385.jpg,1892,1890,-2
25390.jpg,1892,1850,-42
25395.jpg,1892,1920,28
25400.jpg,1892,1950,58
25405.jpg,1892,1905,13
25410.jpg,1892,1920,28
25415.jpg,1892,1890,-2
25420.jpg,1892,1920,28
25425.jpg,1892,1905,13
25430.jpg,1892,1850,-42
25435.jpg,1892,1905,13
25440.jpg,1892,1920,28
25445.jpg,1892,1870,-22
25450.jpg,1892,1900,8
25455.jpg,1892,1905,13
25460.jpg,1892,1920,28
25465.jpg,1893,1850,-43
25470.jpg,1893,1890,-3
25475.jpg,1893,1884,-9
25480.jpg,1893,1930,37
25490.jpg,1893,1925,32
25495.jpg,1893,1890,-3
25500.jpg,1893,1920,27
25505.jpg,1893,1890,-3
25510.jpg,1893,1920,27
25515.jpg,1893,1893,0
25520.jpg,1893,1890,-3
25525.jpg,1893,1920,27
25530.jpg,1893,1925,32
25535.jpg,1893,1930,37
25540.jpg,1893,1920,27
25545.jpg,1893,1930,37
25555.jpg,1893,1850,-43
25560.jpg,1893,1890,-3
25565.jpg,1893,1874,-19
25570.jpg,1893,1920,27
25575.jpg,1893,1890,-3
25580.jpg,1893,1930,37
25585.jpg,1893,1905,12
25590.jpg,1893,1905,12
25595.jpg,1893,1870,-23
25600.jpg,1893,1905,12
25605.jpg,1893,1905,12
25610.jpg,1893,1890,-3
25615.jpg,1893,1905,12
25620.jpg,1893,1750,-143
25625.jpg,1893,1890,-3
25630.jpg,1893,1905,12
25635.jpg,1893,1890,-3
25640.jpg,1893,1920,27
25645.jpg,1893,1895,2
25650.jpg,1893,1920,27
25655.jpg,1893,1905,12
25660.jpg,1893,1890,-3
25665.jpg,1893,1890,-3
25670.jpg,1893,1890,-3
25675.jpg,1893,1890,-3
25680.jpg,1893,1750,-143
25685.jpg,1893,1890,-3
25690.jpg,1893,1905,12
25695.jpg,1893,1905,12
25700.jpg,1893,1920,27
25705.jpg,1893,1920,27
25710.jpg,1893,1920,27
25715.jpg,1893,1890,-3
25720.jpg,1893,1920,27
25725.jpg,1893,1920,27
25730.jpg,1893,1890,-3
25740.jpg,1893,1890,-3
25745.jpg,1893,1905,12
25750.jpg,1893,1890,-3
25755.jpg,1893,1890,-3
25760.jpg,1893,1920,27
25765.jpg,1893,1920,27
25770.jpg,1893,1905,12
25775.jpg,1893,1905,12
25780.jpg,1893,1890,-3
25785.jpg,1893,1925,32
25795.jpg,1893,1890,-3
25800.jpg,1893,1920,27
25805.jpg,1894,1857,-37
25810.jpg,1894,1850,-44
25815.jpg,1894,1905,11
25820.jpg,1894,1905,11
25825.jpg,1894,1905,11
25830.jpg,1894,1905,11
25835.jpg,1894,1905,11
25840.jpg,1894,1920,26
25845.jpg,1894,1920,26
25850.jpg,1894,1905,11
25855.jpg,1894,1905,11
25860.jpg,1894,1905,11
25865.jpg,1894,1890,-4
25870.jpg,1894,1850,-44
25875.jpg,1894,1900,6
25880.jpg,1894,1826,-68
25885.jpg,1894,1870,-24
25890.jpg,1894,1900,6
25895.jpg,1894,1900,6
25900.jpg,1894,1850,-44
25905.jpg,1894,1900,6
25910.jpg,1894,1920,26
25915.jpg,1894,1925,31
25920.jpg,1894,1890,-4
25925.jpg,1894,1890,-4
25930.jpg,1894,1920,26
25935.jpg,1894,1890,-4
25940.jpg,1894,1895,1
25945.jpg,1894,1890,-4
25950.jpg,1894,1890,-4
25955.jpg,1894,1890,-4
25960.jpg,1894,1890,-4
25965.jpg,1894,1890,-4
25970.jpg,1894,1920,26
25975.jpg,1894,1890,-4
25980.jpg,1894,1890,-4
25985.jpg,1894,1920,26
25990.jpg,1894,1980,86
25995.jpg,1894,1890,-4
26000.jpg,1894,1890,-4
26005.jpg,1894,1890,-4
26010.jpg,1894,1890,-4
26015.jpg,1894,1890,-4
26020.jpg,1894,1985,91
26025.jpg,1894,1890,-4
26030.jpg,1894,1890,-4
26035.jpg,1894,1890,-4
26040.jpg,1894,1950,56
26045.jpg,1894,1870,-24
26050.jpg,1894,1890,-4
26055.jpg,1894,1900,6
26060.jpg,1894,1925,31
26065.jpg,1894,1905,11
26070.jpg,1894,1905,11
26075.jpg,1894,1870,-24
26085.jpg,1894,1890,-4
26090.jpg,1894,1905,11
26095.jpg,1894,1870,-24
26100.jpg,1894,1920,26
26105.jpg,1894,1869,-25
26110.jpg,1894,1900,6
26115.jpg,1894,1900,6
26120.jpg,1894,1905,11
26125.jpg,1895,1920,25
26130.jpg,1895,2010,115
26135.jpg,1895,1890,-5
26140.jpg,1895,1920,25
26145.jpg,1895,1905,10
26150.jpg,1895,1890,-5
26155.jpg,1895,1890,-5
26160.jpg,1895,1900,5
26165.jpg,1895,1900,5
26170.jpg,1895,1890,-5
26175.jpg,1895,1920,25
26180.jpg,1895,2010,115
26185.jpg,1895,1920,25
26190.jpg,1895,1905,10
26195.jpg,1895,1870,-25
26200.jpg,1895,1920,25
26205.jpg,1895,1870,-25
26210.jpg,1895,1865,-30
26215.jpg,1895,1905,10
26220.jpg,1895,1905,10
26225.jpg,1895,1905,10
26230.jpg,1895,1890,-5
26235.jpg,1895,1925,30
26240.jpg,1895,1950,55
26245.jpg,1895,1850,-45
26250.jpg,1895,1920,25
26255.jpg,1895,1920,25
26260.jpg,1895,1890,-5
26265.jpg,1895,1920,25
26270.jpg,1895,1905,10
26275.jpg,1895,1890,-5
26280.jpg,1895,1905,10
26285.jpg,1895,1890,-5
26290.jpg,1895,1890,-5
26295.jpg,1895,1920,25
26300.jpg,1895,1890,-5
26305.jpg,1895,1890,-5
26310.jpg,1895,1920,25
26315.jpg,1895,1890,-5
26320.jpg,1895,1890,-5
26325.jpg,1895,1920,25
26330.jpg,1895,1920,25
26335.jpg,1895,1905,10
26340.jpg,1895,1920,25
26345.jpg,1895,1920,25
26350.jpg,1895,1905,10
26355.jpg,1895,1920,25
26360.jpg,1895,1920,25
26365.jpg,1895,1890,-5
26370.jpg,1895,1890,-5
26375.jpg,1895,1890,-5
26380.jpg,1895,1905,10
26385.jpg,1895,1930,35
26390.jpg,1895,1920,25
26395.jpg,1895,1905,10
26405.jpg,1895,1925,30
26410.jpg,1895,1905,10
26415.jpg,1895,1890,-5
26420.jpg,1895,1920,25
26425.jpg,1895,1890,-5
26430.jpg,1895,1904,9
26435.jpg,1895,1900,5
26440.jpg,1895,1950,55
26445.jpg,1895,1905,10
26450.jpg,1895,1920,25
26455.jpg,1895,1920,25
26460.jpg,1895,1900,5
26465.jpg,1895,1930,35
26470.jpg,1895,1920,25
26475.jpg,1895,1890,-5
26480.jpg,1895,1928,33
26485.jpg,1895,1850,-45
26490.jpg,1896,1905,9
26495.jpg,1896,1920,24
26500.jpg,1896,1920,24
26505.jpg,1896,1905,9
26510.jpg,1896,1920,24
26515.jpg,1896,1920,24
26520.jpg,1896,1890,-6
26525.jpg,1896,1884,-12
26530.jpg,1896,1950,54
26535.jpg,1896,1920,24
26540.jpg,1896,1900,4
26545.jpg,1896,1920,24
26550.jpg,1896,1950,54
26555.jpg,1896,1950,54
26560.jpg,1896,1858,-38
26565.jpg,1896,1900,4
26570.jpg,1896,1905,9
26575.jpg,1896,1897,1
26580.jpg,1896,1895,-1
26585.jpg,1896,1920,24
26590.jpg,1896,1890,-6
26595.jpg,1896,1920,24
26600.jpg,1896,1920,24
26605.jpg,1896,1890,-6
26610.jpg,1896,1920,24
26620.jpg,1896,1890,-6
26625.jpg,1896,1890,-6
26630.jpg,1896,1890,-6
26635.jpg,1896,1920,24
26640.jpg,1896,1890,-6
26645.jpg,1896,1890,-6
26650.jpg,1896,1920,24
26655.jpg,1896,1920,24
26665.jpg,1896,1890,-6
26670.jpg,1896,1905,9
26675.jpg,1896,1870,-26
26680.jpg,1896,1890,-6
26685.jpg,1896,1890,-6
26690.jpg,1896,1930,34
26695.jpg,1896,1905,9
26700.jpg,1896,1890,-6
26705.jpg,1896,1890,-6
26710.jpg,1896,1920,24
26715.jpg,1896,1890,-6
26720.jpg,1896,1890,-6
26725.jpg,1896,1890,-6
26730.jpg,1896,1895,-1
26735.jpg,1896,1890,-6
26740.jpg,1896,1600,-296
26745.jpg,1896,1850,-46
26750.jpg,1896,1890,-6
26760.jpg,1896,1920,24
26765.jpg,1896,1920,24
26770.jpg,1896,1905,9
26775.jpg,1896,1930,34
26780.jpg,1896,1905,9
26785.jpg,1896,1950,54
26790.jpg,1896,1850,-46
26795.jpg,1896,1890,-6
26800.jpg,1896,1985,89
26805.jpg,1896,1901,5
26810.jpg,1896,1920,24
26815.jpg,1896,1904,8
26820.jpg,1896,1850,-46
26825.jpg,1896,1890,-6
26830.jpg,1896,1890,-6
26835.jpg,1896,1920,24
26840.jpg,1896,2010,114
26845.jpg,1897,1900,3
26850.jpg,1897,1874,-23
26855.jpg,1897,1890,-7
26860.jpg,1897,1850,-47
26865.jpg,1897,1920,23
26870.jpg,1897,1920,23
26875.jpg,1897,1890,-7
26880.jpg,1897,1920,23
26885.jpg,1897,1920,23
26890.jpg,1897,1890,-7
26895.jpg,1897,1920,23
26900.jpg,1897,1905,8
26910.jpg,1897,1870,-27
26915.jpg,1897,1920,23
26920.jpg,1897,1890,-7
26925.jpg,1897,1950,53
26930.jpg,1897,1870,-27
26935.jpg,1897,1890,-7
26940.jpg,1897,1920,23
26945.jpg,1897,1920,23
26950.jpg,1897,1895,-2
26955.jpg,1897,1902,5
26960.jpg,1897,1890,-7
26965.jpg,1897,1905,8
26970.jpg,1897,1850,-47
26975.jpg,1897,1950,53
26980.jpg,1897,1890,-7
26985.jpg,1897,1900,3
26990.jpg,1897,1905,8
26995.jpg,1897,1890,-7
27000.jpg,1897,1900,3
27005.jpg,1897,1905,8
27010.jpg,1897,1890,-7
27015.jpg,1897,1920,23
27020.jpg,1897,1890,-7
27025.jpg,1897,1920,23
27030.jpg,1897,1890,-7
27035.jpg,1897,1920,23
27040.jpg,1897,1890,-7
27045.jpg,1897,1905,8
27050.jpg,1897,1920,23
27055.jpg,1897,1890,-7
27060.jpg,1897,1930,33
27065.jpg,1897,1890,-7
27070.jpg,1897,1930,33
27075.jpg,1897,1905,8
27080.jpg,1897,1902,5
27085.jpg,1897,1890,-7
27090.jpg,1897,1905,8
27095.jpg,1897,1890,-7
27100.jpg,1897,1905,8
27105.jpg,1897,1890,-7
27110.jpg,1897,1920,23
27115.jpg,1897,1970,73
27120.jpg,1897,1897,0
27125.jpg,1897,1905,8
27130.jpg,1897,1960,63
27135.jpg,1897,1890,-7
27140.jpg,1897,1980,83
27145.jpg,1897,1890,-7
27150.jpg,1897,1920,23
27155.jpg,1898,1920,22
27160.jpg,1898,1905,7
27165.jpg,1898,1905,7
27170.jpg,1898,1890,-8
27175.jpg,1898,1905,7
27180.jpg,1898,1896,-2
27185.jpg,1898,1920,22
27190.jpg,1898,1905,7
27195.jpg,1898,1920,22
27200.jpg,1898,2005,107
27205.jpg,1898,1908,10
27210.jpg,1898,1920,22
27215.jpg,1898,1930,32
27220.jpg,1898,1925,27
27225.jpg,1898,1920,22
27230.jpg,1898,1920,22
27235.jpg,1898,1920,22
27240.jpg,1898,1870,-28
27245.jpg,1898,1950,52
27255.jpg,1898,1850,-48
27260.jpg,1898,1903,5
27265.jpg,1898,1890,-8
27270.jpg,1898,1905,7
27275.jpg,1898,1890,-8
27280.jpg,1898,1820,-78
27285.jpg,1898,1890,-8
27290.jpg,1898,1920,22
27295.jpg,1898,1905,7
27300.jpg,1898,1890,-8
27305.jpg,1898,1950,52
27310.jpg,1898,1920,22
27315.jpg,1898,1890,-8
27320.jpg,1898,1905,7
27325.jpg,1898,1850,-48
27330.jpg,1898,1905,7
27335.jpg,1898,1905,7
27340.jpg,1898,1905,7
27345.jpg,1898,1890,-8
27350.jpg,1898,1847,-51
27355.jpg,1898,1905,7
27360.jpg,1898,1920,22
27365.jpg,1898,1890,-8
27370.jpg,1898,1890,-8
27380.jpg,1898,1905,7
27385.jpg,1898,1890,-8
27390.jpg,1898,1920,22
27395.jpg,1898,1890,-8
27400.jpg,1898,1905,7
27405.jpg,1898,1890,-8
27410.jpg,1898,1905,7
27415.jpg,1898,1930,32
27420.jpg,1898,1900,2
27425.jpg,1898,1890,-8
27430.jpg,1898,1892,-6
27435.jpg,1898,1870,-28
27440.jpg,1898,1905,7
27445.jpg,1898,1920,22
27450.jpg,1898,1920,22
27455.jpg,1898,1960,62
27465.jpg,1898,1920,22
27470.jpg,1898,1920,22
27475.jpg,1898,1905,7
27480.jpg,1898,1890,-8
27485.jpg,1898,1905,7
27490.jpg,1898,1890,-8
27495.jpg,1898,1920,22
27500.jpg,1898,1920,22
27505.jpg,1898,1905,7
27510.jpg,1898,1920,22
27515.jpg,1898,1920,22
27520.jpg,1898,1905,7
27525.jpg,1898,2010,112
27530.jpg,1898,1920,22
27540.jpg,1899,1899,0
27545.jpg,1899,1930,31
27550.jpg,1899,1950,51
27555.jpg,1899,1890,-9
27560.jpg,1899,1900,1
27565.jpg,1899,1905,6
27570.jpg,1899,1850,-49
27575.jpg,1899,1920,21
27580.jpg,1899,1920,21
27585.jpg,1899,1920,21
27590.jpg,1899,1920,21
27595.jpg,1899,1920,21
27600.jpg,1899,1905,6
27605.jpg,1899,1905,6
27610.jpg,1899,1960,61
27615.jpg,1899,1870,-29
27620.jpg,1899,1820,-79
27625.jpg,1899,1850,-49
27630.jpg,1899,1920,21
27635.jpg,1899,1890,-9
27640.jpg,1899,1900,1
27645.jpg,1899,1950,51
27650.jpg,1899,1890,-9
27655.jpg,1899,1920,21
27660.jpg,1899,1905,6
27665.jpg,1899,1890,-9
27670.jpg,1899,1905,6
27675.jpg,1899,1920,21
27680.jpg,1899,1550,-349
27685.jpg,1899,1890,-9
27690.jpg,1899,1920,21
27695.jpg,1899,1930,31
27700.jpg,1899,1890,-9
27705.jpg,1899,1905,6
27715.jpg,1899,1890,-9
27720.jpg,1899,1905,6
27725.jpg,1899,1890,-9
27730.jpg,1899,1950,51
27735.jpg,1899,1920,21
27740.jpg,1899,1920,21
27745.jpg,1899,1905,6
27750.jpg,1899,1905,6
27755.jpg,1899,1905,6
27760.jpg,1899,1905,6
27765.jpg,1899,1920,21
27770.jpg,1899,1875,-24
27775.jpg,1899,1920,21
27780.jpg,1899,1950,51
27785.jpg,1899,1900,1
27790.jpg,1899,1890,-9
27795.jpg,1899,1925,26
27800.jpg,1899,1890,-9
27805.jpg,1899,1905,6
27810.jpg,1900,1850,-50
27815.jpg,1900,1890,-10
27820.jpg,1900,1920,20
27825.jpg,1900,1883,-17
27830.jpg,1900,1905,5
27835.jpg,1900,1950,50
27840.jpg,1900,1920,20
27845.jpg,1900,1905,5
27850.jpg,1900,1920,20
27855.jpg,1900,1890,-10
27860.jpg,1900,1890,-10
27865.jpg,1900,1905,5
27870.jpg,1900,1920,20
27875.jpg,1900,1920,20
27880.jpg,1900,1920,20
27885.jpg,1900,1905,5
27895.jpg,1900,1920,20
27900.jpg,1900,1905,5
27905.jpg,1900,1920,20
27910.jpg,1900,1850,-50
27915.jpg,1900,1920,20
27920.jpg,1900,1925,25
27925.jpg,1900,1920,20
27930.jpg,1900,1930,30
27935.jpg,1900,1950,50
27940.jpg,1900,1879,-21
27945.jpg,1900,1950,50
27950.jpg,1900,1809,-91
27955.jpg,1900,1920,20
27960.jpg,1900,1850,-50
27965.jpg,1900,1950,50
27970.jpg,1900,1890,-10
27975.jpg,1900,1890,-10
27980.jpg,1900,1890,-10
27985.jpg,1900,1905,5
27990.jpg,1900,1950,50
27995.jpg,1900,1890,-10
28000.jpg,1900,1890,-10
28005.jpg,1900,1920,20
28010.jpg,1900,1890,-10
28015.jpg,1900,1850,-50
28020.jpg,1900,1920,20
28025.jpg,1900,1905,5
28030.jpg,1900,1890,-10
28035.jpg,1900,1920,20
28040.jpg,1900,1890,-10
28045.jpg,1900,1920,20
28050.jpg,1900,1850,-50
28055.jpg,1900,1850,-50
28060.jpg,1900,1905,5
28065.jpg,1900,1920,20
28070.jpg,1900,1890,-10
28075.jpg,1900,1920,20
28080.jpg,1900,1920,20
28085.jpg,1900,1930,30
28090.jpg,1900,1930,30
28095.jpg,1900,1750,-150
28100.jpg,1900,1925,25
28105.jpg,1900,1920,20
28110.jpg,1900,1905,5
28115.jpg,1900,1890,-10
28120.jpg,1900,1890,-10
28125.jpg,1900,1870,-30
28130.jpg,1900,1850,-50
28135.jpg,1900,1905,5
28140.jpg,1900,1890,-10
28145.jpg,1900,1850,-50
28150.jpg,1900,1950,50
28155.jpg,1900,1850,-50
28160.jpg,1900,1950,50
28165.jpg,1900,1950,50
28170.jpg,1900,1890,-10
28175.jpg,1900,1920,20
28180.jpg,1901,1850,-51
28185.jpg,1901,1925,24
28190.jpg,1901,1890,-11
28195.jpg,1901,1890,-11
28200.jpg,1901,1950,49
28205.jpg,1901,1850,-51
28210.jpg,1901,1890,-11
28215.jpg,1901,1905,4
28220.jpg,1901,1920,19
28225.jpg,1901,1890,-11
28230.jpg,1901,1930,29
28235.jpg,1901,1920,19
28240.jpg,1901,1905,4
28245.jpg,1901,1920,19
28250.jpg,1901,1890,-11
28255.jpg,1901,1890,-11
28260.jpg,1901,1905,4
28265.jpg,1901,1905,4
28270.jpg,1901,1920,19
28275.jpg,1901,1920,19
28280.jpg,1901,1920,19
28285.jpg,1901,1920,19
28290.jpg,1901,1930,29
28295.jpg,1901,1902,1
28300.jpg,1901,1850,-51
28305.jpg,1901,1950,49
28310.jpg,1901,1890,-11
28315.jpg,1901,1920,19
28320.jpg,1901,1890,-11
28325.jpg,1901,1920,19
28330.jpg,1901,1905,4
28335.jpg,1901,1905,4
28340.jpg,1901,1890,-11
28345.jpg,1901,1895,-6
28350.jpg,1901,1920,19
28355.jpg,1901,1920,19
28360.jpg,1901,1950,49
28365.jpg,1901,1890,-11
28370.jpg,1901,1820,-81
28375.jpg,1901,1890,-11
28380.jpg,1901,1890,-11
28385.jpg,1901,1920,19
28390.jpg,1901,1905,4
28395.jpg,1901,1890,-11
28400.jpg,1901,1850,-51
28405.jpg,1901,1930,29
28410.jpg,1901,1930,29
28415.jpg,1901,1905,4
28420.jpg,1901,1905,4
28425.jpg,1901,1950,49
28430.jpg,1901,1930,29
28435.jpg,1901,1890,-11
28440.jpg,1901,1905,4
28445.jpg,1901,1908,7
28450.jpg,1901,1850,-51
28455.jpg,1901,1902,1
28460.jpg,1901,1920,19
28465.jpg,1901,1904,3
28470.jpg,1901,1920,19
28475.jpg,1901,1925,24
28480.jpg,1901,1925,24
28485.jpg,1901,1900,-1
28490.jpg,1901,1925,24
28495.jpg,1901,1930,29
28500.jpg,1901,1925,24
28505.jpg,1901,1930,29
28510.jpg,1901,1902,1
28515.jpg,1901,1850,-51
28520.jpg,1902,1890,-12
28525.jpg,1902,1890,-12
28530.jpg,1902,1905,3
28535.jpg,1902,1905,3
28540.jpg,1902,1920,18
28545.jpg,1902,1930,28
28550.jpg,1902,1950,48
28555.jpg,1902,1920,18
28560.jpg,1902,1920,18
28575.jpg,1902,1920,18
28580.jpg,1902,1905,3
28585.jpg,1902,1905,3
28590.jpg,1902,1900,-2
28595.jpg,1902,1905,3
28600.jpg,1902,1920,18
28605.jpg,1902,1920,18
28610.jpg,1902,1920,18
28615.jpg,1902,1905,3
28620.jpg,1902,1920,18
28625.jpg,1902,1950,48
28630.jpg,1902,1920,18
28635.jpg,1902,1930,28
28640.jpg,1902,1920,18
28645.jpg,1902,1870,-32
28650.jpg,1902,1850,-52
28655.jpg,1902,1850,-52
28660.jpg,1902,1905,3
28665.jpg,1902,1930,28
28670.jpg,1902,1865,-37
28675.jpg,1902,1906,4
28680.jpg,1902,1750,-152
28685.jpg,1902,1890,-12
28690.jpg,1902,1905,3
28695.jpg,1902,1905,3
28700.jpg,1902,1920,18
28705.jpg,1902,1900,-2
28710.jpg,1902,1890,-12
28715.jpg,1902,1890,-12
28720.jpg,1902,1905,3
28725.jpg,1902,1905,3
28730.jpg,1902,1925,23
28735.jpg,1902,1930,28
28740.jpg,1902,1905,3
28745.jpg,1902,1908,6
28750.jpg,1902,1905,3
28755.jpg,1902,1890,-12
28760.jpg,1902,1908,6
28765.jpg,1902,1850,-52
28770.jpg,1902,1890,-12
28775.jpg,1902,1905,3
28780.jpg,1902,1890,-12
28785.jpg,1902,1950,48
28790.jpg,1902,1920,18
28795.jpg,1902,1920,18
28800.jpg,1902,1900,-2
28805.jpg,1902,1950,48
28810.jpg,1902,1890,-12
28815.jpg,1902,1905,3
28820.jpg,1902,1900,-2
28825.jpg,1902,1905,3
28830.jpg,1902,1850,-52
28835.jpg,1902,1905,3
28840.jpg,1902,1900,-2
28845.jpg,1902,1920,18
28850.jpg,1902,1925,23
28855.jpg,1902,1905,3
28860.jpg,1902,1920,18
28865.jpg,1902,1930,28
28870.jpg,1902,1920,18
28875.jpg,1902,1905,3
28880.jpg,1902,1820,-82
28885.jpg,1902,1828,-74
28890.jpg,1902,1920,18
28895.jpg,1902,1925,23
28900.jpg,1902,1920,18
28905.jpg,1902,1905,3
28910.jpg,1902,1920,18
28915.jpg,1902,1920,18
28920.jpg,1903,1850,-53
28925.jpg,1903,1890,-13
28930.jpg,1903,1905,2
28935.jpg,1903,1920,17
28940.jpg,1903,1920,17
28945.jpg,1903,1927,24
28955.jpg,1903,1920,17
28960.jpg,1903,1900,-3
28965.jpg,1903,1905,2
28970.jpg,1903,1920,17
28975.jpg,1903,1905,2
28980.jpg,1903,1905,2
28985.jpg,1903,1900,-3
28990.jpg,1903,1920,17
28995.jpg,1903,1967,64
29000.jpg,1903,1920,17
29005.jpg,1903,1920,17
29010.jpg,1903,1920,17
29015.jpg,1903,1920,17
29020.jpg,1903,1920,17
29025.jpg,1903,1920,17
29030.jpg,1903,1920,17
29035.jpg,1903,1930,27
29040.jpg,1903,1920,17
29045.jpg,1903,1920,17
29050.jpg,1903,2010,107
29055.jpg,1903,1920,17
29060.jpg,1903,1920,17
29065.jpg,1903,1920,17
29070.jpg,1903,1901,-2
29075.jpg,1903,1960,57
29080.jpg,1903,1966,63
29085.jpg,1903,1854,-49
29090.jpg,1903,1850,-53
29095.jpg,1903,1900,-3
29100.jpg,1903,1950,47
29105.jpg,1903,1890,-13
29110.jpg,1903,1934,31
29115.jpg,1903,1905,2
29120.jpg,1903,1920,17
29125.jpg,1903,1890,-13
29130.jpg,1903,1905,2
29135.jpg,1903,1890,-13
29140.jpg,1903,1900,-3
29145.jpg,1903,1920,17
29150.jpg,1903,1920,17
29155.jpg,1903,1905,2
29160.jpg,1903,1890,-13
29165.jpg,1903,1900,-3
29170.jpg,1903,1925,22
29175.jpg,1903,1890,-13
29180.jpg,1903,1925,22
29185.jpg,1903,1950,47
29190.jpg,1903,1905,2
29195.jpg,1903,1890,-13
29200.jpg,1903,1920,17
29205.jpg,1903,1920,17
29210.jpg,1903,1750,-153
29215.jpg,1903,1905,2
29220.jpg,1903,1920,17
29225.jpg,1903,1890,-13
29230.jpg,1903,1890,-13
29235.jpg,1903,1850,-53
29240.jpg,1903,1950,47
29245.jpg,1903,1920,17
29250.jpg,1903,1920,17
29255.jpg,1903,1905,2
29260.jpg,1903,1920,17
29265.jpg,1903,1930,27
29270.jpg,1903,1905,2
29275.jpg,1903,1920,17
29280.jpg,1903,1905,2
29285.jpg,1903,1920,17
29290.jpg,1903,1905,2
29295.jpg,1903,1890,-13
29300.jpg,1903,1985,82
29305.jpg,1903,1850,-53
29310.jpg,1903,1890,-13
29315.jpg,1903,1930,27
29320.jpg,1903,1930,27
29325.jpg,1903,1920,17
29330.jpg,1903,1920,17
29335.jpg,1903,1920,17
29340.jpg,1903,1920,17
29345.jpg,1903,1920,17
29350.jpg,1903,1950,47
29355.jpg,1903,1930,27
29360.jpg,1903,1905,2
29365.jpg,1903,2010,107
29370.jpg,1903,1950,47
29375.jpg,1903,1905,2
29380.jpg,1904,1850,-54
29385.jpg,1904,1920,16
29390.jpg,1904,1890,-14
29395.jpg,1904,1985,81
29400.jpg,1904,1920,16
29405.jpg,1904,1920,16
29410.jpg,1904,2010,106
29415.jpg,1904,1920,16
29420.jpg,1904,1920,16
29425.jpg,1904,1920,16
29430.jpg,1904,1900,-4
29435.jpg,1904,1920,16
29440.jpg,1904,1925,21
29445.jpg,1904,1925,21
29450.jpg,1904,1925,21
29455.jpg,1904,1920,16
29460.jpg,1904,1920,16
29465.jpg,1904,1950,46
29470.jpg,1904,2005,101
29475.jpg,1904,1905,1
29480.jpg,1904,2015,111
29485.jpg,1904,1920,16
29490.jpg,1904,1920,16
29495.jpg,1904,1890,-14
29500.jpg,1904,1985,81
29505.jpg,1904,1890,-14
29510.jpg,1904,1920,16
29515.jpg,1904,1920,16
29520.jpg,1904,1905,1
29525.jpg,1904,1925,21
29530.jpg,1904,1920,16
29535.jpg,1904,1950,46
29540.jpg,1904,1920,16
29550.jpg,1904,1840,-64
29555.jpg,1904,1930,26
29560.jpg,1904,1920,16
29565.jpg,1904,1915,11
29570.jpg,1904,1920,16
29575.jpg,1904,1900,-4
29580.jpg,1904,1905,1
29585.jpg,1904,1905,1
29590.jpg,1904,1920,16
29595.jpg,1904,1890,-14
29600.jpg,1904,1925,21
29605.jpg,1904,1920,16
29610.jpg,1904,1890,-14
29615.jpg,1904,1920,16
29620.jpg,1904,1905,1
29625.jpg,1904,1920,16
29630.jpg,1904,1905,1
29635.jpg,1904,1930,26
29640.jpg,1904,1850,-54
29645.jpg,1904,1920,16
29650.jpg,1904,1920,16
29655.jpg,1904,1920,16
29660.jpg,1904,1920,16
29665.jpg,1904,1930,26
29670.jpg,1904,1905,1
29675.jpg,1904,1929,25
29680.jpg,1904,1890,-14
29685.jpg,1904,1920,16
29690.jpg,1904,1950,46
29695.jpg,1904,1930,26
29700.jpg,1904,1920,16
29705.jpg,1904,1905,1
29710.jpg,1904,1890,-14
29715.jpg,1904,1920,16
29720.jpg,1904,1870,-34
29725.jpg,1904,1950,46
29730.jpg,1904,1890,-14
29735.jpg,1904,1870,-34
29740.jpg,1904,1920,16
29745.jpg,1904,1925,21
29750.jpg,1904,1905,1
29755.jpg,1904,1905,1
29760.jpg,1904,1950,46
29765.jpg,1904,1920,16
29770.jpg,1904,1930,26
29775.jpg,1904,1980,76
29780.jpg,1904,1904,0
29790.jpg,1904,1890,-14
29795.jpg,1904,1905,1
29800.jpg,1904,1920,16
29805.jpg,1904,1850,-54
29810.jpg,1904,1920,16
29815.jpg,1904,1850,-54
29820.jpg,1904,1920,16
29825.jpg,1904,1920,16
29830.jpg,1905,1920,15
29835.jpg,1905,1975,70
29840.jpg,1905,1905,0
29845.jpg,1905,1920,15
29850.jpg,1905,1970,65
29855.jpg,1905,1920,15
29860.jpg,1905,2010,105
29865.jpg,1905,1920,15
29870.jpg,1905,1890,-15
29875.jpg,1905,1930,25
29880.jpg,1905,1890,-15
29885.jpg,1905,1920,15
29890.jpg,1905,1920,15
29895.jpg,1905,1890,-15
29900.jpg,1905,1920,15
29905.jpg,1905,1920,15
29910.jpg,1905,1920,15
29915.jpg,1905,1920,15
29920.jpg,1905,1920,15
29925.jpg,1905,1920,15
29930.jpg,1905,1905,0
29935.jpg,1905,1920,15
29940.jpg,1905,1900,-5
29945.jpg,1905,1920,15
29950.jpg,1905,1897,-8
29960.jpg,1905,1850,-55
29965.jpg,1905,1890,-15
29970.jpg,1905,1920,15
29975.jpg,1905,1920,15
29980.jpg,1905,1925,20
29985.jpg,1905,1920,15
29990.jpg,1905,1881,-24
29995.jpg,1905,1890,-15
30000.jpg,1905,1870,-35
30005.jpg,1905,1920,15
30015.jpg,1905,1858,-47
30020.jpg,1905,1950,45
30025.jpg,1905,1890,-15
30030.jpg,1905,1890,-15
30035.jpg,1905,1920,15
30040.jpg,1905,1950,45
30045.jpg,1905,1850,-55
30050.jpg,1905,1920,15
30055.jpg,1905,1920,15
30060.jpg,1905,1890,-15
30065.jpg,1905,1890,-15
30070.jpg,1905,1905,0
30075.jpg,1905,1920,15
30080.jpg,1905,1905,0
30085.jpg,1905,1955,50
30090.jpg,1905,1905,0
30095.jpg,1905,1890,-15
30100.jpg,1905,1750,-155
30105.jpg,1905,1920,15
30110.jpg,1905,1930,25
30115.jpg,1905,1850,-55
30120.jpg,1905,1920,15
30125.jpg,1905,1905,0
30130.jpg,1905,1850,-55
30135.jpg,1905,1920,15
30140.jpg,1905,1910,5
30145.jpg,1905,1900,-5
30155.jpg,1905,1905,0
30160.jpg,1905,1950,45
30165.jpg,1905,1850,-55
30170.jpg,1905,1905,0
30175.jpg,1905,1920,15
30180.jpg,1905,1950,45
30185.jpg,1905,1920,15
30190.jpg,1905,1890,-15
30195.jpg,1905,1840,-65
30200.jpg,1905,1900,-5
30205.jpg,1905,1985,80
30210.jpg,1905,1600,-305
30215.jpg,1905,1905,0
30220.jpg,1905,1900,-5
30225.jpg,1905,1890,-15
30230.jpg,1905,1950,45
30235.jpg,1905,1890,-15
30240.jpg,1905,1920,15
30245.jpg,1905,1905,0
30250.jpg,1905,1890,-15
30255.jpg,1905,1920,15
30260.jpg,1905,1905,0
30265.jpg,1905,1920,15
30270.jpg,1905,1930,25
30275.jpg,1905,1920,15
30280.jpg,1905,1930,25
30285.jpg,1905,1920,15
30290.jpg,1905,1920,15
30295.jpg,1906,1890,-16
30300.jpg,1906,1890,-16
30305.jpg,1906,1920,14
30310.jpg,1906,1920,14
30315.jpg,1906,1920,14
30320.jpg,1906,2010,104
30325.jpg,1906,1950,44
30330.jpg,1906,1850,-56
30335.jpg,1906,1950,44
30340.jpg,1906,1920,14
30345.jpg,1906,1920,14
30350.jpg,1906,1930,24
30355.jpg,1906,1930,24
30360.jpg,1906,1905,-1
30365.jpg,1906,1920,14
30370.jpg,1906,1920,14
30375.jpg,1906,1920,14
30380.jpg,1906,1920,14
30385.jpg,1906,1925,19
30390.jpg,1906,1920,14
30395.jpg,1906,1920,14
30400.jpg,1906,1925,19
30405.jpg,1906,1920,14
30410.jpg,1906,1905,-1
30415.jpg,1906,1920,14
30420.jpg,1906,1950,44
30425.jpg,1906,1920,14
30430.jpg,1906,1890,-16
30435.jpg,1906,1920,14
30440.jpg,1906,1970,64
30445.jpg,1906,1830,-76
30450.jpg,1906,1903,-3
30455.jpg,1906,1850,-56
30460.jpg,1906,1835,-71
30465.jpg,1906,1905,-1
30470.jpg,1906,1890,-16
30475.jpg,1906,1905,-1
30480.jpg,1906,1905,-1
30485.jpg,1906,1920,14
30490.jpg,1906,1830,-76
30495.jpg,1906,1920,14
30500.jpg,1906,1950,44
30505.jpg,1906,1920,14
30510.jpg,1906,1920,14
30515.jpg,1906,1925,19
30520.jpg,1906,1920,14
30525.jpg,1906,1920,14
30530.jpg,1906,1890,-16
30535.jpg,1906,1890,-16
30540.jpg,1906,1850,-56
30545.jpg,1906,1920,14
30550.jpg,1906,1890,-16
30555.jpg,1906,1905,-1
30560.jpg,1906,1905,-1
30565.jpg,1906,1920,14
30570.jpg,1906,1925,19
30575.jpg,1906,1930,24
30580.jpg,1906,1930,24
30585.jpg,1906,1905,-1
30590.jpg,1906,1890,-16
30595.jpg,1906,1920,14
30600.jpg,1906,1890,-16
30605.jpg,1906,1905,-1
30610.jpg,1906,1890,-16
30615.jpg,1906,1920,14
30620.jpg,1906,1905,-1
30625.jpg,1906,1890,-16
30630.jpg,1906,1905,-1
30635.jpg,1906,1930,24
30640.jpg,1906,1905,-1
30645.jpg,1906,1920,14
30650.jpg,1906,1847,-59
30655.jpg,1906,1920,14
30665.jpg,1906,1925,19
30670.jpg,1906,1920,14
30685.jpg,1906,1905,-1
30690.jpg,1906,1950,44
30695.jpg,1906,1930,24
30700.jpg,1906,1930,24
30705.jpg,1906,1920,14
30710.jpg,1906,1950,44
30715.jpg,1906,1970,64
30720.jpg,1906,1920,14
30725.jpg,1906,1920,14
30730.jpg,1906,1930,24
30740.jpg,1906,1900,-6
30745.jpg,1906,1890,-16
30750.jpg,1906,1905,-1
30760.jpg,1907,1930,23
30765.jpg,1907,1920,13
30770.jpg,1907,1907,0
30780.jpg,1907,1980,73
30785.jpg,1907,1927,20
30790.jpg,1907,1960,53
30795.jpg,1907,1900,-7
30800.jpg,1907,1920,13
30805.jpg,1907,1890,-17
30810.jpg,1907,1905,-2
30815.jpg,1907,1930,23
30820.jpg,1907,1920,13
30825.jpg,1907,1920,13
30830.jpg,1907,1920,13
30835.jpg,1907,1905,-2
30840.jpg,1907,1920,13
30845.jpg,1907,1920,13
30855.jpg,1907,1905,-2
30860.jpg,1907,1920,13
30865.jpg,1907,1920,13
30870.jpg,1907,1920,13
30875.jpg,1907,1920,13
30880.jpg,1907,1920,13
30885.jpg,1907,1920,13
30895.jpg,1907,1930,23
30900.jpg,1907,1890,-17
30905.jpg,1907,1920,13
30910.jpg,1907,1985,78
30915.jpg,1907,1920,13
30920.jpg,1907,1970,63
30925.jpg,1907,1920,13
30930.jpg,1907,1890,-17
30935.jpg,1907,1920,13
30940.jpg,1907,2005,98
30945.jpg,1907,1930,23
30950.jpg,1907,1828,-79
30955.jpg,1907,1857,-50
30960.jpg,1907,1890,-17
30965.jpg,1907,1920,13
30970.jpg,1907,1905,-2
30975.jpg,1907,1850,-57
30980.jpg,1907,1920,13
30985.jpg,1907,1920,13
30990.jpg,1907,1920,13
30995.jpg,1907,1920,13
31000.jpg,1907,1850,-57
31005.jpg,1907,1890,-17
31010.jpg,1907,1920,13
31015.jpg,1907,1905,-2
31020.jpg,1907,1905,-2
31025.jpg,1907,1750,-157
31030.jpg,1907,1920,13
31035.jpg,1907,1920,13
31040.jpg,1907,1900,-7
31045.jpg,1907,1920,13
31050.jpg,1907,1905,-2
31055.jpg,1907,1850,-57
31060.jpg,1907,1905,-2
31065.jpg,1907,1920,13
31070.jpg,1907,1905,-2
31075.jpg,1907,1905,-2
31080.jpg,1907,1920,13
31085.jpg,1907,1920,13
31090.jpg,1907,1920,13
31095.jpg,1907,1890,-17
31100.jpg,1907,1932,25
31105.jpg,1907,1850,-57
31110.jpg,1907,1920,13
31115.jpg,1907,1905,-2
31120.jpg,1907,1905,-2
31125.jpg,1907,1920,13
31130.jpg,1907,1925,18
31135.jpg,1907,1925,18
31140.jpg,1907,1950,43
31150.jpg,1907,1920,13
31155.jpg,1907,1920,13
31160.jpg,1907,1950,43
31165.jpg,1907,1920,13
31170.jpg,1907,1950,43
31175.jpg,1907,1930,23
31180.jpg,1907,1950,43
31185.jpg,1907,1930,23
31190.jpg,1907,1985,78
31195.jpg,1907,1920,13
31200.jpg,1907,1930,23
31205.jpg,1907,1950,43
31210.jpg,1907,1905,-2
31215.jpg,1907,1920,13
31220.jpg,1907,1890,-17
31225.jpg,1907,1920,13
31230.jpg,1907,1920,13
31235.jpg,1907,1920,13
31240.jpg,1907,1890,-17
31245.jpg,1907,1950,43
31250.jpg,1907,1920,13
31255.jpg,1907,1905,-2
31260.jpg,1907,1930,23
31265.jpg,1907,1923,16
31270.jpg,1907,1850,-57
31275.jpg,1907,1920,13
31280.jpg,1907,1928,21
31285.jpg,1907,1950,43
31290.jpg,1907,1930,23
31295.jpg,1907,1925,18
31300.jpg,1907,1931,24
31305.jpg,1907,1925,18
31310.jpg,1908,1850,-58
31315.jpg,1908,1930,22
31320.jpg,1908,1930,22
31325.jpg,1908,1920,12
31330.jpg,1908,1850,-58
31335.jpg,1908,1950,42
31345.jpg,1908,1950,42
31350.jpg,1908,1920,12
31355.jpg,1908,1920,12
31360.jpg,1908,1920,12
31365.jpg,1908,1920,12
31370.jpg,1908,1920,12
31380.jpg,1908,1850,-58
31385.jpg,1908,1920,12
31390.jpg,1908,1920,12
31395.jpg,1908,1930,22
31400.jpg,1908,1920,12
31405.jpg,1908,1930,22
31410.jpg,1908,1905,-3
31415.jpg,1908,1930,22
31420.jpg,1908,1890,-18
31425.jpg,1908,1950,42
31430.jpg,1908,1905,-3
31435.jpg,1908,1930,22
31440.jpg,1908,1920,12
31445.jpg,1908,1920,12
31450.jpg,1908,1920,12
31455.jpg,1908,1950,42
31460.jpg,1908,1905,-3
31465.jpg,1908,1920,12
31470.jpg,1908,1900,-8
31475.jpg,1908,1870,-38
31480.jpg,1908,1850,-58
31485.jpg,1908,1875,-33
31490.jpg,1908,1870,-38
31500.jpg,1908,1920,12
31505.jpg,1908,1920,12
31510.jpg,1908,1900,-8
31515.jpg,1908,1890,-18
31520.jpg,1908,1920,12
31525.jpg,1908,1905,-3
31530.jpg,1908,1950,42
31535.jpg,1908,1905,-3
31540.jpg,1908,1905,-3
31545.jpg,1908,1920,12
31550.jpg,1908,1890,-18
31555.jpg,1908,1890,-18
31560.jpg,1908,1920,12
31565.jpg,1908,1820,-88
31570.jpg,1908,1905,-3
31575.jpg,1908,1820,-88
31580.jpg,1908,1920,12
31585.jpg,1908,1905,-3
31590.jpg,1908,1920,12
31595.jpg,1908,1905,-3
31600.jpg,1908,1890,-18
31605.jpg,1908,1950,42
31610.jpg,1908,1890,-18
31620.jpg,1908,1920,12
31625.jpg,1908,1920,12
31630.jpg,1908,1905,-3
31635.jpg,1908,1925,17
31640.jpg,1908,1920,12
31645.jpg,1908,1920,12
31650.jpg,1908,1930,22
31655.jpg,1908,1920,12
31660.jpg,1908,1930,22
31665.jpg,1908,1905,-3
31670.jpg,1908,1890,-18
31675.jpg,1908,1905,-3
31680.jpg,1908,1890,-18
31685.jpg,1908,1920,12
31690.jpg,1908,1920,12
31695.jpg,1908,1920,12
31700.jpg,1908,1925,17
31705.jpg,1908,1920,12
31710.jpg,1908,1930,22
31715.jpg,1908,1920,12
31720.jpg,1908,1930,22
31725.jpg,1908,1920,12
31730.jpg,1908,1925,17
31735.jpg,1908,1950,42
31740.jpg,1908,1980,72
31745.jpg,1908,1920,12
31750.jpg,1908,1930,22
31755.jpg,1908,1920,12
31760.jpg,1908,1905,-3
31765.jpg,1909,1910,1
31770.jpg,1909,1920,11
31775.jpg,1909,1920,11
31780.jpg,1909,1920,11
31785.jpg,1909,2015,106
31790.jpg,1909,1980,71
31805.jpg,1909,1950,41
31815.jpg,1909,1905,-4
31820.jpg,1909,1920,11
31825.jpg,1909,1920,11
31830.jpg,1909,1920,11
31835.jpg,1909,1950,41
31840.jpg,1909,1920,11
31845.jpg,1909,1920,11
31850.jpg,1909,1920,11
31855.jpg,1909,1950,41
31860.jpg,1909,1920,11
31865.jpg,1909,1920,11
31870.jpg,1909,1920,11
31875.jpg,1909,1920,11
31880.jpg,1909,1928,19
31885.jpg,1909,1920,11
31890.jpg,1909,1920,11
31895.jpg,1909,1930,21
31900.jpg,1909,1920,11
31905.jpg,1909,1905,-4
31910.jpg,1909,1920,11
31915.jpg,1909,1930,21
31920.jpg,1909,1930,21
31925.jpg,1909,1980,71
31930.jpg,1909,1930,21
31935.jpg,1909,1930,21
31940.jpg,1909,1920,11
31945.jpg,1909,1920,11
31950.jpg,1909,1905,-4
31955.jpg,1909,1905,-4
31960.jpg,1909,1957,48
31970.jpg,1909,1856,-53
31975.jpg,1909,1905,-4
31980.jpg,1909,1925,16
31985.jpg,1909,1880,-29
31990.jpg,1909,1890,-19
31995.jpg,1909,1920,11
32005.jpg,1909,1930,21
32015.jpg,1909,1900,-9
32020.jpg,1909,1905,-4
32025.jpg,1909,1850,-59
32030.jpg,1909,1905,-4
32035.jpg,1909,1920,11
32045.jpg,1909,1908,-1
32050.jpg,1909,1905,-4
32055.jpg,1909,1910,1
32060.jpg,1909,1920,11
32065.jpg,1909,1920,11
32070.jpg,1909,1920,11
32075.jpg,1909,1920,11
32080.jpg,1909,1850,-59
32085.jpg,1909,1920,11
32090.jpg,1909,1920,11
32095.jpg,1909,1920,11
32100.jpg,1909,1920,11
32105.jpg,1909,2010,101
32110.jpg,1909,1980,71
32115.jpg,1909,1910,1
32120.jpg,1909,1920,11
32125.jpg,1909,1920,11
32130.jpg,1909,1925,16
32135.jpg,1909,1930,21
32140.jpg,1909,1905,-4
32145.jpg,1909,1920,11
32150.jpg,1909,1550,-359
32155.jpg,1909,1950,41
32160.jpg,1909,1925,16
32165.jpg,1909,1920,11
32170.jpg,1909,1920,11
32175.jpg,1909,1905,-4
32180.jpg,1909,1925,16
32185.jpg,1909,1920,11
32190.jpg,1909,1950,41
32195.jpg,1909,1920,11
32200.jpg,1909,1930,21
32205.jpg,1909,1950,41
32210.jpg,1909,1920,11
32215.jpg,1909,1920,11
32220.jpg,1909,1920,11
32225.jpg,1909,1950,41
32230.jpg,1910,1850,-60
32235.jpg,1910,1908,-2
32240.jpg,1910,1905,-5
32245.jpg,1910,1950,40
32255.jpg,1910,1930,20
32260.jpg,1910,1970,60
32265.jpg,1910,2010,100
32270.jpg,1910,1930,20
32275.jpg,1910,1930,20
32280.jpg,1910,1910,0
32285.jpg,1910,1920,10
32290.jpg,1910,1920,10
32295.jpg,1910,1920,10
32300.jpg,1910,1930,20
32305.jpg,1910,1920,10
32310.jpg,1910,1920,10
32315.jpg,1910,1905,-5
32320.jpg,1910,1920,10
32325.jpg,1910,1920,10
32330.jpg,1910,1920,10
32335.jpg,1910,1928,18
32340.jpg,1910,1850,-60
32345.jpg,1910,1920,10
32350.jpg,1910,1850,-60
32355.jpg,1910,1925,15
32360.jpg,1910,1920,10
32365.jpg,1910,1920,10
32370.jpg,1910,1950,40
32375.jpg,1910,1930,20
32380.jpg,1910,1905,-5
32385.jpg,1910,1980,70
32390.jpg,1910,1920,10
32395.jpg,1910,1895,-15
32400.jpg,1910,1860,-50
32405.jpg,1910,1850,-60
32410.jpg,1910,1930,20
32415.jpg,1910,1850,-60
32420.jpg,1910,1900,-10
32425.jpg,1910,1900,-10
32430.jpg,1910,1905,-5
32435.jpg,1910,1890,-20
32440.jpg,1910,1920,10
32445.jpg,1910,1850,-60
32450.jpg,1910,1920,10
32455.jpg,1910,1890,-20
32460.jpg,1910,1920,10
32465.jpg,1910,1905,-5
32470.jpg,1910,1920,10
32475.jpg,1910,1950,40
32480.jpg,1910,1920,10
32485.jpg,1910,1920,10
32490.jpg,1910,1900,-10
32495.jpg,1910,1920,10
32500.jpg,1910,1890,-20
32505.jpg,1910,1930,20
32510.jpg,1910,1925,15
32515.jpg,1910,1950,40
32520.jpg,1910,1920,10
32525.jpg,1910,1905,-5
32530.jpg,1910,2010,100
32535.jpg,1910,1930,20
32540.jpg,1910,1925,15
32545.jpg,1910,1930,20
32550.jpg,1910,1905,-5
32555.jpg,1910,1920,10
32560.jpg,1910,1950,40
32565.jpg,1910,1920,10
32570.jpg,1910,1900,-10
32575.jpg,1910,1905,-5
32580.jpg,1910,1920,10
32585.jpg,1910,1925,15
32590.jpg,1910,1905,-5
32595.jpg,1910,1920,10
32600.jpg,1910,1890,-20
32605.jpg,1910,1980,70
32610.jpg,1910,1950,40
32615.jpg,1910,1925,15
32620.jpg,1910,1930,20
32625.jpg,1910,1920,10
32630.jpg,1910,1925,15
32635.jpg,1910,1930,20
32640.jpg,1910,1925,15
32645.jpg,1910,1920,10
32650.jpg,1910,1920,10
32655.jpg,1910,1950,40
32660.jpg,1910,1920,10
32665.jpg,1910,1920,10
32675.jpg,1910,1920,10
32680.jpg,1910,1920,10
32685.jpg,1910,1905,-5
32690.jpg,1910,1850,-60
32695.jpg,1910,1920,10
32700.jpg,1910,1925,15
32705.jpg,1910,1870,-40
32710.jpg,1910,1925,15
32715.jpg,1910,1930,20
32720.jpg,1910,1930,20
32725.jpg,1910,1920,10
32730.jpg,1910,1930,20
32735.jpg,1910,1850,-60
32740.jpg,1911,1900,-11
32745.jpg,1911,1920,9
32750.jpg,1911,1925,14
32755.jpg,1911,1930,19
32760.jpg,1911,1920,9
32765.jpg,1911,1905,-6
32770.jpg,1911,1904,-7
32775.jpg,1911,1920,9
32780.jpg,1911,1950,39
32785.jpg,1911,1927,16
32790.jpg,1911,1920,9
32795.jpg,1911,1913,2
32800.jpg,1911,1960,49
32805.jpg,1911,1920,9
32810.jpg,1911,1920,9
32815.jpg,1911,1920,9
32820.jpg,1911,1930,19
32825.jpg,1911,1925,14
32830.jpg,1911,1950,39
32835.jpg,1911,1925,14
32840.jpg,1911,1970,59
32845.jpg,1911,1870,-41
32850.jpg,1911,1930,19
32855.jpg,1911,1925,14
32860.jpg,1911,1950,39
32865.jpg,1911,1920,9
32870.jpg,1911,1920,9
32875.jpg,1911,1920,9
32885.jpg,1911,1920,9
32890.jpg,1911,1920,9
32895.jpg,1911,1920,9
32900.jpg,1911,1890,-21
32905.jpg,1911,1920,9
32910.jpg,1911,1870,-41
32915.jpg,1911,1920,9
32920.jpg,1911,1920,9
32925.jpg,1911,1925,14
32930.jpg,1911,1925,14
32935.jpg,1911,1960,49
32940.jpg,1911,1920,9
32945.jpg,1911,1920,9
32950.jpg,1911,1986,75
32955.jpg,1911,1911,0
32960.jpg,1911,1930,19
32965.jpg,1911,1911,0
32970.jpg,1911,1874,-37
32975.jpg,1911,1905,-6
32980.jpg,1911,1920,9
32985.jpg,1911,1890,-21
32990.jpg,1911,1920,9
32995.jpg,1911,1905,-6
33000.jpg,1911,1920,9
33005.jpg,1911,1850,-61
33010.jpg,1911,1920,9
33015.jpg,1911,1905,-6
33020.jpg,1911,1930,19
33025.jpg,1911,1850,-61
33030.jpg,1911,1870,-41
33035.jpg,1911,2015,104
33040.jpg,1911,1905,-6
33045.jpg,1911,1920,9
33050.jpg,1911,1950,39
33055.jpg,1911,1920,9
33060.jpg,1911,1920,9
33065.jpg,1911,1920,9
33070.jpg,1911,1920,9
33075.jpg,1911,1905,-6
33080.jpg,1911,1920,9
33085.jpg,1911,1905,-6
33090.jpg,1911,1905,-6
33095.jpg,1911,1890,-21
33100.jpg,1911,1750,-161
33105.jpg,1911,1890,-21
33110.jpg,1911,1920,9
33115.jpg,1911,1849,-62
33120.jpg,1911,1920,9
33125.jpg,1911,1975,64
33130.jpg,1911,1920,9
33135.jpg,1911,1920,9
33140.jpg,1911,1920,9
33145.jpg,1911,1920,9
33150.jpg,1911,1750,-161
33155.jpg,1911,1970,59
33160.jpg,1911,1930,19
33165.jpg,1911,1920,9
33170.jpg,1911,1920,9
33175.jpg,1911,1930,19
33180.jpg,1911,1925,14
33185.jpg,1911,1900,-11
33190.jpg,1911,1920,9
33195.jpg,1911,1960,49
33200.jpg,1911,1905,-6
33205.jpg,1911,1905,-6
33210.jpg,1911,1885,-26
33215.jpg,1911,1920,9
33220.jpg,1911,1920,9
33225.jpg,1911,1930,19
33230.jpg,1911,1900,-11
33235.jpg,1911,1920,9
33240.jpg,1911,1823,-88
33245.jpg,1911,1920,9
33250.jpg,1911,1920,9
33255.jpg,1911,1920,9
33260.jpg,1911,1920,9
33265.jpg,1911,1920,9
33270.jpg,1911,1930,19
33275.jpg,1911,1920,9
33280.jpg,1912,1920,8
33285.jpg,1912,1920,8
33290.jpg,1912,1905,-7
33295.jpg,1912,1927,15
33300.jpg,1912,1905,-7
33310.jpg,1912,1970,58
33315.jpg,1912,1970,58
33320.jpg,1912,1980,68
33325.jpg,1912,1930,18
33330.jpg,1912,1920,8
33335.jpg,1912,1920,8
33340.jpg,1912,1930,18
33345.jpg,1912,1920,8
33350.jpg,1912,1920,8
33355.jpg,1912,1930,18
33360.jpg,1912,1920,8
33365.jpg,1912,1920,8
33375.jpg,1912,1928,16
33380.jpg,1912,1930,18
33385.jpg,1912,1900,-12
33390.jpg,1912,1920,8
33395.jpg,1912,1980,68
33400.jpg,1912,1920,8
33405.jpg,1912,2010,98
33410.jpg,1912,1920,8
33415.jpg,1912,1920,8
33420.jpg,1912,1905,-7
33425.jpg,1912,1920,8
33430.jpg,1912,1925,13
33435.jpg,1912,1925,13
33440.jpg,1912,1920,8
33445.jpg,1912,1950,38
33450.jpg,1912,1920,8
33455.jpg,1912,1920,8
33460.jpg,1912,1980,68
33465.jpg,1912,1920,8
33470.jpg,1912,1930,18
33475.jpg,1912,1905,-7
33480.jpg,1912,1905,-7
33485.jpg,1912,1970,58
33490.jpg,1912,1900,-12
33495.jpg,1912,1950,38
33500.jpg,1912,1960,48
33505.jpg,1912,1956,44
33510.jpg,1912,1950,38
33515.jpg,1912,1920,8
33520.jpg,1912,1920,8
33525.jpg,1912,1920,8
33530.jpg,1912,1920,8
33535.jpg,1912,1920,8
33540.jpg,1912,1930,18
33545.jpg,1912,1920,8
33550.jpg,1912,1920,8
33555.jpg,1912,1925,13
33560.jpg,1912,1905,-7
33565.jpg,1912,1920,8
33570.jpg,1912,1905,-7
33580.jpg,1912,1750,-162
33585.jpg,1912,1920,8
33590.jpg,1912,1905,-7
33595.jpg,1912,1905,-7
33600.jpg,1912,1925,13
33605.jpg,1912,1890,-22
33615.jpg,1912,1920,8
33620.jpg,1912,1970,58
33625.jpg,1912,1905,-7
33630.jpg,1912,1920,8
33635.jpg,1912,1920,8
33640.jpg,1912,1905,-7
33645.jpg,1912,1920,8
33650.jpg,1912,1905,-7
33655.jpg,1912,1920,8
33660.jpg,1912,1920,8
33665.jpg,1912,1890,-22
33670.jpg,1912,1920,8
33675.jpg,1912,2005,93
33680.jpg,1912,1905,-7
33685.jpg,1912,1930,18
33690.jpg,1912,1986,74
33695.jpg,1912,1930,18
33700.jpg,1912,1920,8
33705.jpg,1912,1920,8
33710.jpg,1912,1920,8
33715.jpg,1912,1930,18
33720.jpg,1912,1920,8
33725.jpg,1912,1925,13
33735.jpg,1912,1920,8
33740.jpg,1912,1920,8
33745.jpg,1912,1950,38
33750.jpg,1912,1920,8
33755.jpg,1912,1920,8
33760.jpg,1912,1920,8
33765.jpg,1913,1930,17
33770.jpg,1913,1920,7
33775.jpg,1913,1920,7
33780.jpg,1913,1920,7
33785.jpg,1913,1920,7
33790.jpg,1913,1920,7
33795.jpg,1913,1938,25
33800.jpg,1913,1905,-8
33805.jpg,1913,1841,-72
33810.jpg,1913,1920,7
33815.jpg,1913,1930,17
33820.jpg,1913,1950,37
33825.jpg,1913,1905,-8
33830.jpg,1913,1920,7
33840.jpg,1913,1920,7
33845.jpg,1913,1920,7
33850.jpg,1913,1920,7
33855.jpg,1913,1925,12
33860.jpg,1913,1920,7
33865.jpg,1913,1920,7
33870.jpg,1913,1950,37
33875.jpg,1913,1925,12
33880.jpg,1913,1928,15
33885.jpg,1913,1920,7
33890.jpg,1913,1920,7
33895.jpg,1913,1950,37
33900.jpg,1913,1920,7
33905.jpg,1913,1905,-8
33910.jpg,1913,1930,17
33915.jpg,1913,1950,37
33920.jpg,1913,1920,7
33925.jpg,1913,2005,92
33930.jpg,1913,1920,7
33935.jpg,1913,1920,7
33940.jpg,1913,1925,12
33945.jpg,1913,1920,7
33950.jpg,1913,1920,7
33955.jpg,1913,1930,17
33960.jpg,1913,1920,7
33965.jpg,1913,1920,7
33970.jpg,1913,1930,17
33975.jpg,1913,1920,7
33980.jpg,1913,1950,37
33985.jpg,1913,1965,52
33990.jpg,1913,1870,-43
33995.jpg,1913,1905,-8
34000.jpg,1913,1950,37
34005.jpg,1913,1950,37
34010.jpg,1913,1913,0
34015.jpg,1913,1950,37
34020.jpg,1913,1927,14
34025.jpg,1913,1930,17
34030.jpg,1913,1920,7
34035.jpg,1913,1920,7
34040.jpg,1913,1920,7
34045.jpg,1913,1950,37
34050.jpg,1913,1920,7
34055.jpg,1913,1925,12
34060.jpg,1913,1920,7
34065.jpg,1913,1905,-8
34070.jpg,1913,1925,12
34080.jpg,1913,1930,17
34085.jpg,1913,1920,7
34090.jpg,1913,1930,17
34095.jpg,1913,1950,37
34100.jpg,1913,1905,-8
34105.jpg,1913,1920,7
34110.jpg,1913,1920,7
34115.jpg,1913,1890,-23
34120.jpg,1913,1930,17
34125.jpg,1913,1920,7
34130.jpg,1913,1890,-23
34135.jpg,1913,1920,7
34140.jpg,1913,1920,7
34145.jpg,1913,1925,12
34150.jpg,1913,1920,7
34155.jpg,1913,1930,17
34160.jpg,1913,1920,7
34165.jpg,1913,1920,7
34170.jpg,1913,1920,7
34175.jpg,1913,1890,-23
34180.jpg,1913,1850,-63
34185.jpg,1913,1905,-8
34190.jpg,1913,1930,17
34195.jpg,1913,1920,7
34200.jpg,1913,1930,17
34205.jpg,1913,1930,17
34210.jpg,1913,1930,17
34215.jpg,1913,1925,12
34220.jpg,1913,1950,37
34225.jpg,1914,1930,16
34230.jpg,1914,1920,6
34235.jpg,1914,1925,11
34240.jpg,1914,1920,6
34245.jpg,1914,1980,66
34250.jpg,1914,1940,26
34260.jpg,1914,2003,89
34265.jpg,1914,1920,6
34270.jpg,1914,1920,6
34275.jpg,1914,1925,11
34280.jpg,1914,1920,6
34285.jpg,1914,1950,36
34290.jpg,1914,1920,6
34295.jpg,1914,1920,6
34300.jpg,1914,1920,6
34305.jpg,1914,1920,6
34310.jpg,1914,1925,11
34315.jpg,1914,1920,6
34320.jpg,1914,1920,6
34325.jpg,1914,1920,6
34330.jpg,1914,1925,11
34335.jpg,1914,1925,11
34345.jpg,1914,1930,16
34350.jpg,1914,1820,-94
34360.jpg,1914,1920,6
34365.jpg,1914,1920,6
34370.jpg,1914,1920,6
34375.jpg,1914,1905,-9
34380.jpg,1914,1950,36
34385.jpg,1914,1920,6
34390.jpg,1914,1920,6
34395.jpg,1914,1920,6
34400.jpg,1914,1920,6
34405.jpg,1914,1920,6
34410.jpg,1914,1920,6
34415.jpg,1914,1870,-44
34420.jpg,1914,1980,66
34425.jpg,1914,1900,-14
34430.jpg,1914,1930,16
34435.jpg,1914,1920,6
34440.jpg,1914,1920,6
34445.jpg,1914,1905,-9
34450.jpg,1914,1930,16
34455.jpg,1914,1920,6
34460.jpg,1914,1890,-24
34465.jpg,1914,1925,11
34470.jpg,1914,1930,16
34475.jpg,1914,1920,6
34480.jpg,1914,1925,11
34485.jpg,1914,1925,11
34490.jpg,1914,1905,-9
34495.jpg,1914,1890,-24
34500.jpg,1914,1890,-24
34505.jpg,1914,1920,6
34515.jpg,1914,1920,6
34520.jpg,1914,1905,-9
34525.jpg,1914,1890,-24
34530.jpg,1914,1920,6
34535.jpg,1914,1900,-14
34540.jpg,1914,1920,6
34545.jpg,1914,1930,16
34550.jpg,1914,1905,-9
34555.jpg,1914,1850,-64
34560.jpg,1914,1920,6
34565.jpg,1914,1930,16
34570.jpg,1914,1920,6
34575.jpg,1914,1920,6
34580.jpg,1914,1930,16
34590.jpg,1914,1950,36
34595.jpg,1914,1920,6
34600.jpg,1914,1920,6
34605.jpg,1914,1920,6
34610.jpg,1914,1920,6
34615.jpg,1914,1930,16
34620.jpg,1914,1850,-64
34625.jpg,1914,1920,6
34630.jpg,1914,1890,-24
34635.jpg,1914,1920,6
34640.jpg,1914,1900,-14
34645.jpg,1914,1925,11
34650.jpg,1914,1920,6
34655.jpg,1914,1925,11
34660.jpg,1914,1932,18
34665.jpg,1914,1930,16
34670.jpg,1914,1905,-9
34675.jpg,1914,1920,6
34680.jpg,1914,1906,-8
34685.jpg,1914,1930,16
34690.jpg,1914,1930,16
34695.jpg,1914,1920,6
34700.jpg,1914,1920,6
34705.jpg,1914,1920,6
34710.jpg,1914,1925,11
34715.jpg,1914,1905,-9
34720.jpg,1915,1850,-65
34725.jpg,1915,1930,15
34730.jpg,1915,1925,10
34735.jpg,1915,1920,5
34740.jpg,1915,1912,-3
34750.jpg,1915,1920,5
34755.jpg,1915,1950,35
34765.jpg,1915,1750,-165
34770.jpg,1915,1930,15
34775.jpg,1915,1920,5
34780.jpg,1915,1930,15
34785.jpg,1915,1930,15
34790.jpg,1915,1925,10
34795.jpg,1915,1920,5
34800.jpg,1915,1930,15
34805.jpg,1915,1920,5
34810.jpg,1915,1925,10
34815.jpg,1915,1925,10
34820.jpg,1915,1930,15
34825.jpg,1915,1920,5
34830.jpg,1915,1935,20
34835.jpg,1915,1925,10
34840.jpg,1915,1920,5
34845.jpg,1915,1950,35
34850.jpg,1915,1930,15
34855.jpg,1915,1920,5
34860.jpg,1915,1950,35
34865.jpg,1915,1920,5
34870.jpg,1915,1930,15
34875.jpg,1915,1920,5
34880.jpg,1915,1920,5
34885.jpg,1915,1900,-15
34890.jpg,1915,1850,-65
34895.jpg,1915,1920,5
34900.jpg,1915,1905,-10
34905.jpg,1915,1890,-25
34910.jpg,1915,1950,35
34915.jpg,1915,1920,5
34920.jpg,1915,1890,-25
34925.jpg,1915,1920,5
34930.jpg,1915,1950,35
34935.jpg,1915,1920,5
34940.jpg,1915,1920,5
34945.jpg,1915,1950,35
34950.jpg,1915,1950,35
34955.jpg,1915,1930,15
34960.jpg,1915,1950,35
34965.jpg,1915,1950,35
34970.jpg,1915,1930,15
34975.jpg,1915,1920,5
34980.jpg,1915,1920,5
34985.jpg,1915,1850,-65
34990.jpg,1915,1920,5
34995.jpg,1915,1905,-10
35000.jpg,1915,1850,-65
35005.jpg,1915,1925,10
35010.jpg,1915,1950,35
35015.jpg,1915,1920,5
35020.jpg,1915,1920,5
35025.jpg,1915,1920,5
35030.jpg,1915,1920,5
35035.jpg,1915,1920,5
35040.jpg,1915,1920,5
35045.jpg,1915,1930,15
35050.jpg,1915,1960,45
35055.jpg,1915,1920,5
35060.jpg,1915,1920,5
35065.jpg,1915,1925,10
35070.jpg,1915,1900,-15
35075.jpg,1915,1930,15
35080.jpg,1915,1950,35
35085.jpg,1915,1925,10
35090.jpg,1915,1930,15
35095.jpg,1915,1920,5
35100.jpg,1915,1900,-15
35105.jpg,1915,1930,15
35110.jpg,1915,1920,5
35115.jpg,1915,1950,35
35120.jpg,1915,1908,-7
35125.jpg,1915,1937,22
35130.jpg,1915,1925,10
35135.jpg,1915,1950,35
35140.jpg,1915,1920,5
35145.jpg,1915,1950,35
35150.jpg,1915,1963,48
35155.jpg,1915,1930,15
35160.jpg,1916,1925,9
35165.jpg,1916,1950,34
35170.jpg,1916,1930,14
35175.jpg,1916,2011,95
35180.jpg,1916,1890,-26
35185.jpg,1916,1920,4
35190.jpg,1916,1930,14
35195.jpg,1916,1925,9
35200.jpg,1916,1920,4
35205.jpg,1916,1925,9
35210.jpg,1916,2010,94
35215.jpg,1916,1920,4
35220.jpg,1916,1925,9
35225.jpg,1916,1925,9
35230.jpg,1916,1925,9
35235.jpg,1916,1920,4
35240.jpg,1916,1930,14
35245.jpg,1916,1920,4
35250.jpg,1916,1920,4
35255.jpg,1916,1975,59
35260.jpg,1916,1920,4
35265.jpg,1916,1925,9
35270.jpg,1916,1920,4
35275.jpg,1916,1920,4
35280.jpg,1916,1920,4
35285.jpg,1916,1920,4
35290.jpg,1916,1900,-16
35295.jpg,1916,1905,-11
35300.jpg,1916,1920,4
35305.jpg,1916,1985,69
35310.jpg,1916,1950,34
35315.jpg,1916,1930,14
35320.jpg,1916,1900,-16
35325.jpg,1916,1925,9
35330.jpg,1916,1960,44
35335.jpg,1916,1850,-66
35340.jpg,1916,1920,4
35345.jpg,1916,1930,14
35350.jpg,1916,1920,4
35355.jpg,1916,1930,14
35360.jpg,1916,1925,9
35365.jpg,1916,1925,9
35370.jpg,1916,1890,-26
35375.jpg,1916,1920,4
35380.jpg,1916,1905,-11
35385.jpg,1916,1920,4
35390.jpg,1916,1950,34
35395.jpg,1916,1920,4
35400.jpg,1916,1920,4
35405.jpg,1916,1950,34
35410.jpg,1916,1950,34
35415.jpg,1916,1905,-11
35420.jpg,1916,1920,4
35425.jpg,1916,1950,34
35430.jpg,1916,1930,14
35435.jpg,1916,1850,-66
35440.jpg,1916,1930,14
35445.jpg,1916,1925,9
35450.jpg,1916,1930,14
35455.jpg,1916,1920,4
35460.jpg,1916,1920,4
35465.jpg,1916,1930,14
35470.jpg,1916,1920,4
35475.jpg,1916,1902,-14
35480.jpg,1916,1950,34
35485.jpg,1916,1850,-66
35490.jpg,1916,1920,4
35495.jpg,1916,1930,14
35500.jpg,1916,1932,16
35505.jpg,1916,1905,-11
35510.jpg,1916,1850,-66
35515.jpg,1916,1930,14
35520.jpg,1916,1920,4
35525.jpg,1916,1925,9
35530.jpg,1916,1920,4
35535.jpg,1917,1920,3
35540.jpg,1917,1920,3
35545.jpg,1917,1920,3
35550.jpg,1917,1920,3
35555.jpg,1917,1930,13
35560.jpg,1917,1920,3
35565.jpg,1917,1930,13
35570.jpg,1917,1890,-27
35575.jpg,1917,1920,3
35580.jpg,1917,1850,-67
35585.jpg,1917,1890,-27
35590.jpg,1917,1925,8
35595.jpg,1917,1930,13
35600.jpg,1917,1920,3
35605.jpg,1917,1925,8
35610.jpg,1917,1930,13
35615.jpg,1917,1920,3
35620.jpg,1917,1940,23
35625.jpg,1917,1920,3
35630.jpg,1917,1920,3
35635.jpg,1917,1920,3
35640.jpg,1917,1920,3
35645.jpg,1917,1920,3
35650.jpg,1917,1930,13
35655.jpg,1917,1920,3
35660.jpg,1917,1925,8
35665.jpg,1917,1920,3
35670.jpg,1917,1980,63
35675.jpg,1917,1920,3
35680.jpg,1917,1950,33
35685.jpg,1917,1905,-12
35690.jpg,1917,1930,13
35695.jpg,1917,1930,13
35700.jpg,1917,1930,13
35705.jpg,1917,1930,13
35710.jpg,1917,1930,13
35715.jpg,1917,1930,13
35720.jpg,1917,1950,33
35725.jpg,1917,2005,88
35730.jpg,1917,1914,-3
35735.jpg,1917,1905,-12
35740.jpg,1917,1920,3
35745.jpg,1917,1930,13
35750.jpg,1917,1850,-67
35755.jpg,1917,1950,33
35760.jpg,1917,1920,3
35765.jpg,1917,1920,3
35770.jpg,1917,1930,13
35775.jpg,1917,1920,3
35780.jpg,1917,1920,3
35785.jpg,1917,1950,33
35790.jpg,1917,1930,13
35795.jpg,1917,1925,8
35800.jpg,1917,1930,13
35805.jpg,1917,1950,33
35810.jpg,1917,1920,3
35815.jpg,1917,1920,3
35820.jpg,1917,1950,33
35825.jpg,1917,1920,3
35830.jpg,1917,1850,-67
35835.jpg,1917,1950,33
35840.jpg,1917,1920,3
35845.jpg,1917,1920,3
35850.jpg,1917,1920,3
35855.jpg,1917,1930,13
35860.jpg,1917,1920,3
35865.jpg,1917,1970,53
35870.jpg,1917,1950,33
35875.jpg,1917,1920,3
35880.jpg,1917,1930,13
35885.jpg,1917,1950,33
35890.jpg,1917,1890,-27
35895.jpg,1917,1920,3
35900.jpg,1917,1930,13
35905.jpg,1917,1925,8
35910.jpg,1917,1920,3
35915.jpg,1917,1950,33
35920.jpg,1918,1930,12
35925.jpg,1918,1985,67
35930.jpg,1918,1900,-18
35935.jpg,1918,2010,92
35940.jpg,1918,1950,32
35945.jpg,1918,1920,2
35950.jpg,1918,1930,12
35955.jpg,1918,1950,32
35960.jpg,1918,1920,2
35965.jpg,1918,1950,32
35970.jpg,1918,1920,2
35980.jpg,1918,1930,12
35985.jpg,1918,1930,12
35990.jpg,1918,1920,2
35995.jpg,1918,1950,32
36000.jpg,1918,1920,2
36005.jpg,1918,1920,2
36010.jpg,1918,1830,-88
36015.jpg,1918,1850,-68
36020.jpg,1918,1920,2
36025.jpg,1918,1950,32
36030.jpg,1918,1930,12
36035.jpg,1918,1950,32
36040.jpg,1918,1920,2
36045.jpg,1918,1920,2
36050.jpg,1918,1920,2
36055.jpg,1918,1850,-68
36060.jpg,1918,1930,12
36065.jpg,1918,1920,2
36070.jpg,1918,1925,7
36075.jpg,1918,1925,7
36080.jpg,1918,1980,62
36085.jpg,1918,1930,12
36090.jpg,1918,1920,2
36095.jpg,1918,1925,7
36100.jpg,1918,1850,-68
36105.jpg,1918,1925,7
36110.jpg,1918,1920,2
36115.jpg,1919,1920,1
36120.jpg,1919,1930,11
36130.jpg,1919,1997,78
36140.jpg,1919,1920,1
36145.jpg,1919,1925,6
36150.jpg,1919,1950,31
36155.jpg,1919,1950,31
36160.jpg,1919,1925,6
36165.jpg,1919,1972,53
36170.jpg,1919,1920,1
36175.jpg,1919,1960,41
36180.jpg,1919,1950,31
36190.jpg,1919,1960,41
36195.jpg,1919,1950,31
36200.jpg,1919,1936,17
36205.jpg,1919,1970,51
36210.jpg,1919,1925,6
36215.jpg,1919,1905,-14
36225.jpg,1919,1925,6
36230.jpg,1919,1925,6
36235.jpg,1919,1920,1
36240.jpg,1919,1920,1
36245.jpg,1919,1920,1
36250.jpg,1919,1930,11
36255.jpg,1919,1820,-99
36260.jpg,1919,1950,31
36265.jpg,1919,1920,1
36270.jpg,1919,1890,-29
36275.jpg,1919,1930,11
36280.jpg,1919,1640,-279
36285.jpg,1919,1930,11
36290.jpg,1919,1980,61
36295.jpg,1919,1920,1
36300.jpg,1919,1925,6
36305.jpg,1919,1920,1
36310.jpg,1919,1920,1
36315.jpg,1919,1850,-69
36320.jpg,1919,1950,31
36325.jpg,1919,1925,6
36330.jpg,1919,1950,31
36335.jpg,1919,1930,11
36340.jpg,1919,1920,1
36345.jpg,1919,1950,31
36350.jpg,1920,1920,0
36355.jpg,1920,1925,5
36360.jpg,1920,1925,5
36365.jpg,1920,1960,40
36370.jpg,1920,1980,60
36375.jpg,1920,1930,10
36385.jpg,1920,1960,40
36390.jpg,1920,2005,85
36395.jpg,1920,1920,0
36400.jpg,1920,1920,0
36405.jpg,1920,1925,5
36410.jpg,1920,1950,30
36415.jpg,1920,1850,-70
36420.jpg,1920,1920,0
36425.jpg,1920,1980,60
36430.jpg,1920,1937,17
36435.jpg,1920,1920,0
36440.jpg,1920,1850,-70
36445.jpg,1920,1920,0
36450.jpg,1920,1925,5
36455.jpg,1920,1200,-720
36460.jpg,1920,1870,-50
36465.jpg,1920,1870,-50
36470.jpg,1920,1950,30
36475.jpg,1920,1890,-30
36480.jpg,1920,1930,10
36485.jpg,1920,1930,10
36490.jpg,1920,1950,30
36495.jpg,1920,1920,0
36500.jpg,1920,1925,5
36505.jpg,1920,1920,0
36510.jpg,1920,1890,-30
36515.jpg,1920,1920,0
36520.jpg,1920,1920,0
36525.jpg,1920,1870,-50
36530.jpg,1920,1820,-100
36535.jpg,1920,1920,0
36540.jpg,1920,1950,30
36545.jpg,1920,1920,0
36550.jpg,1920,1920,0
36555.jpg,1920,1850,-70
36560.jpg,1920,1925,5
36565.jpg,1920,1850,-70
36570.jpg,1920,1920,0
36575.jpg,1920,1920,0
36580.jpg,1920,1930,10
36585.jpg,1920,1925,5
36590.jpg,1920,1920,0
36595.jpg,1920,1850,-70
36600.jpg,1920,1985,65
36605.jpg,1920,1920,0
36610.jpg,1920,1925,5
36615.jpg,1920,1920,0
36620.jpg,1920,1920,0
36625.jpg,1920,1920,0
36630.jpg,1920,1930,10
36635.jpg,1920,1920,0
36640.jpg,1920,1920,0
36650.jpg,1920,1930,10
36655.jpg,1920,1930,10
36660.jpg,1920,1923,3
36665.jpg,1920,1950,30
36670.jpg,1920,1890,-30
36675.jpg,1920,1950,30
36680.jpg,1920,1920,0
36685.jpg,1920,1980,60
36690.jpg,1921,1920,-1
36695.jpg,1921,1960,39
36700.jpg,1921,1930,9
36705.jpg,1921,1930,9
36710.jpg,1921,1920,-1
36715.jpg,1921,1930,9
36720.jpg,1921,1970,49
36725.jpg,1921,1930,9
36735.jpg,1921,1950,29
36740.jpg,1921,1930,9
36745.jpg,1921,1920,-1
36750.jpg,1921,1920,-1
36755.jpg,1921,1920,-1
36760.jpg,1921,1905,-16
36765.jpg,1921,1930,9
36770.jpg,1921,1950,29
36775.jpg,1921,1930,9
36780.jpg,1921,1930,9
36785.jpg,1921,1930,9
36790.jpg,1921,1925,4
36795.jpg,1921,1930,9
36800.jpg,1921,1930,9
36805.jpg,1921,1920,-1
36810.jpg,1921,1870,-51
36815.jpg,1921,1930,9
36820.jpg,1921,1920,-1
36830.jpg,1921,1925,4
36835.jpg,1921,1925,4
36840.jpg,1921,1920,-1
36845.jpg,1921,1950,29
36850.jpg,1921,1925,4
36855.jpg,1921,1925,4
36860.jpg,1921,1930,9
36870.jpg,1921,1950,29
36875.jpg,1921,1920,-1
36880.jpg,1921,1850,-71
36885.jpg,1921,1920,-1
36890.jpg,1921,1950,29
36895.jpg,1921,1950,29
36900.jpg,1921,1925,4
36905.jpg,1921,1928,7
36910.jpg,1921,1920,-1
36920.jpg,1921,1920,-1
36925.jpg,1921,1928,7
36930.jpg,1921,1920,-1
36935.jpg,1921,1930,9
36940.jpg,1921,1920,-1
36945.jpg,1921,1925,4
36950.jpg,1921,1920,-1
36955.jpg,1921,1920,-1
36960.jpg,1921,1920,-1
36965.jpg,1921,1950,29
36970.jpg,1922,1920,-2
36975.jpg,1922,1920,-2
36980.jpg,1922,1906,-16
36985.jpg,1922,1940,18
36990.jpg,1922,1925,3
36995.jpg,1922,1930,8
37000.jpg,1922,2010,88
37005.jpg,1922,1980,58
37010.jpg,1922,1921,-1
37015.jpg,1922,1930,8
37020.jpg,1922,1830,-92
37025.jpg,1922,1920,-2
37030.jpg,1922,1930,8
37045.jpg,1922,1920,-2
37050.jpg,1922,1920,-2
37055.jpg,1922,1920,-2
37060.jpg,1922,1930,8
37065.jpg,1922,1930,8
37070.jpg,1922,1930,8
37075.jpg,1922,1930,8
37080.jpg,1922,1930,8
37085.jpg,1922,1820,-102
37090.jpg,1922,1920,-2
37095.jpg,1922,1930,8
37100.jpg,1922,1905,-17
37105.jpg,1922,1890,-32
37110.jpg,1922,1909,-13
37115.jpg,1922,1920,-2
37120.jpg,1922,1925,3
37125.jpg,1922,1920,-2
37130.jpg,1922,1930,8
37135.jpg,1922,1920,-2
37140.jpg,1922,1930,8
37145.jpg,1922,1905,-17
37150.jpg,1922,1850,-72
37155.jpg,1922,1925,3
37160.jpg,1922,1920,-2
37165.jpg,1922,1930,8
37170.jpg,1922,1930,8
37175.jpg,1922,1890,-32
37180.jpg,1922,1850,-72
37185.jpg,1922,1920,-2
37190.jpg,1922,1950,28
37195.jpg,1922,1920,-2
37200.jpg,1922,1920,-2
37205.jpg,1922,1985,63
37210.jpg,1922,1925,3
37215.jpg,1922,1930,8
37220.jpg,1922,1920,-2
37225.jpg,1922,2010,88
37230.jpg,1922,1920,-2
37235.jpg,1922,1925,3
37240.jpg,1922,1920,-2
37245.jpg,1922,1950,28
37250.jpg,1922,1950,28
37255.jpg,1922,2015,93
37260.jpg,1922,1970,48
37270.jpg,1922,1930,8
37275.jpg,1922,1930,8
37280.jpg,1922,1950,28
37285.jpg,1922,1985,63
37290.jpg,1922,1920,-2
37295.jpg,1922,1975,53
37300.jpg,1922,1890,-32
37305.jpg,1922,1920,-2
37310.jpg,1923,1930,7
37315.jpg,1923,1930,7
37320.jpg,1923,1920,-3
37330.jpg,1923,1978,55
37335.jpg,1923,1950,27
37340.jpg,1923,2018,95
37345.jpg,1923,2010,87
37355.jpg,1923,1930,7
37360.jpg,1923,1850,-73
37365.jpg,1923,1950,27
37370.jpg,1923,1930,7
37375.jpg,1923,1925,2
37380.jpg,1923,1930,7
37385.jpg,1923,1930,7
37390.jpg,1923,1930,7
37395.jpg,1923,1925,2
37400.jpg,1923,1700,-223
37405.jpg,1923,1925,2
37410.jpg,1923,1920,-3
37415.jpg,1923,1930,7
37420.jpg,1923,1925,2
37425.jpg,1923,1950,27
37430.jpg,1923,1920,-3
37435.jpg,1923,1920,-3
37440.jpg,1923,1930,7
37445.jpg,1923,1925,2
37450.jpg,1923,1925,2
37455.jpg,1923,1920,-3
37460.jpg,1923,1920,-3
37465.jpg,1923,1920,-3
37470.jpg,1923,1930,7
37475.jpg,1923,1930,7
37480.jpg,1923,1920,-3
37485.jpg,1923,1930,7
37490.jpg,1923,1930,7
37495.jpg,1923,1950,27
37500.jpg,1923,1925,2
37505.jpg,1923,1950,27
37510.jpg,1923,1905,-18
37515.jpg,1923,1930,7
37520.jpg,1923,1920,-3
37525.jpg,1923,1920,-3
37530.jpg,1923,1925,2
37535.jpg,1923,1905,-18
37540.jpg,1923,1930,7
37545.jpg,1923,1930,7
37550.jpg,1923,1930,7
37555.jpg,1923,1930,7
37560.jpg,1923,1930,7
37565.jpg,1923,1820,-103
37570.jpg,1923,1920,-3
37575.jpg,1923,1925,2
37580.jpg,1923,1920,-3
37585.jpg,1923,1935,12
37590.jpg,1923,1920,-3
37595.jpg,1923,1750,-173
37600.jpg,1923,1920,-3
37605.jpg,1923,1900,-23
37610.jpg,1923,1930,7
37615.jpg,1923,1937,14
37620.jpg,1923,1950,27
37625.jpg,1923,1930,7
37630.jpg,1923,1920,-3
37635.jpg,1923,1950,27
37640.jpg,1923,1950,27
37645.jpg,1923,1875,-48
37650.jpg,1923,1930,7
37655.jpg,1923,1950,27
37660.jpg,1923,1920,-3
37665.jpg,1923,1920,-3
37670.jpg,1924,1920,-4
37675.jpg,1924,2015,91
37680.jpg,1924,1925,1
37685.jpg,1924,1920,-4
37690.jpg,1924,1925,1
37695.jpg,1924,1925,1
37700.jpg,1924,1925,1
37705.jpg,1924,2003,79
37710.jpg,1924,2010,86
37715.jpg,1924,1950,26
37720.jpg,1924,2005,81
37725.jpg,1924,1950,26
37730.jpg,1924,1985,61
37735.jpg,1924,1930,6
37740.jpg,1924,1925,1
37745.jpg,1924,1930,6
37750.jpg,1924,1920,-4
37755.jpg,1924,1930,6
37760.jpg,1924,1925,1
37765.jpg,1924,1925,1
37770.jpg,1924,1960,36
37775.jpg,1924,1925,1
37780.jpg,1924,1920,-4
37785.jpg,1924,1920,-4
37790.jpg,1924,1920,-4
37795.jpg,1924,1920,-4
37805.jpg,1924,1928,4
37810.jpg,1924,1926,2
37815.jpg,1924,1920,-4
37820.jpg,1924,1870,-54
37825.jpg,1924,1925,1
37830.jpg,1924,1920,-4
37835.jpg,1924,1920,-4
37845.jpg,1924,2010,86
37850.jpg,1924,1905,-19
37855.jpg,1924,1920,-4
37860.jpg,1924,1900,-24
37865.jpg,1924,1870,-54
37870.jpg,1924,1920,-4
37875.jpg,1924,1985,61
37880.jpg,1924,1950,26
37885.jpg,1924,1950,26
37890.jpg,1924,1939,15
37895.jpg,1924,1930,6
37900.jpg,1924,1925,1
37905.jpg,1924,1920,-4
37910.jpg,1924,1930,6
37915.jpg,1924,1920,-4
37920.jpg,1924,1925,1
37925.jpg,1924,1920,-4
37930.jpg,1924,1925,1
37935.jpg,1924,1850,-74
37940.jpg,1924,1924,0
37945.jpg,1924,1975,51
37950.jpg,1924,1927,3
37955.jpg,1924,1980,56
37960.jpg,1924,2010,86
37965.jpg,1924,1980,56
37970.jpg,1924,1920,-4
37975.jpg,1924,1920,-4
37980.jpg,1924,1930,6
37985.jpg,1924,2010,86
37990.jpg,1924,1930,6
37995.jpg,1924,1925,1
38000.jpg,1924,1924,0
38005.jpg,1924,1925,1
38010.jpg,1924,1925,1
38015.jpg,1924,1920,-4
38020.jpg,1924,1923,-1
38025.jpg,1924,1950,26
38030.jpg,1924,1920,-4
38035.jpg,1924,1930,6
38040.jpg,1924,1920,-4
38045.jpg,1924,1930,6
38050.jpg,1924,1920,-4
38055.jpg,1924,1930,6
38060.jpg,1924,1870,-54
38065.jpg,1924,1920,-4
38070.jpg,1924,1930,6
38075.jpg,1924,1930,6
38080.jpg,1925,1950,25
38085.jpg,1925,1920,-5
38090.jpg,1925,1950,25
38095.jpg,1925,1925,0
38100.jpg,1925,1980,55
38105.jpg,1925,1925,0
38110.jpg,1925,1925,0
38115.jpg,1925,2005,80
38120.jpg,1925,2010,85
38125.jpg,1925,1970,45
38130.jpg,1925,2015,90
38135.jpg,1925,1980,55
38140.jpg,1925,1920,-5
38145.jpg,1925,1920,-5
38150.jpg,1925,1950,25
38155.jpg,1925,1920,-5
38160.jpg,1925,1930,5
38165.jpg,1925,1930,5
38170.jpg,1925,1930,5
38175.jpg,1925,1950,25
38180.jpg,1925,1930,5
38185.jpg,1925,1930,5
38190.jpg,1925,1980,55
38195.jpg,1925,1920,-5
38200.jpg,1925,1950,25
38205.jpg,1925,1925,0
38210.jpg,1925,1920,-5
38215.jpg,1925,1925,0
38220.jpg,1925,1930,5
38225.jpg,1925,1925,0
38230.jpg,1925,1925,0
38235.jpg,1925,1930,5
38245.jpg,1925,1930,5
38255.jpg,1925,1985,60
38260.jpg,1925,1985,60
38265.jpg,1925,1920,-5
38270.jpg,1925,1900,-25
38275.jpg,1925,1950,25
38280.jpg,1925,1950,25
38285.jpg,1925,1980,55
38290.jpg,1925,1858,-67
38295.jpg,1925,1925,0
38300.jpg,1925,1930,5
38305.jpg,1925,1950,25
38310.jpg,1925,1920,-5
38315.jpg,1925,1950,25
38320.jpg,1925,1930,5
38325.jpg,1925,1950,25
38330.jpg,1925,1950,25
38335.jpg,1925,1925,0
38340.jpg,1925,1925,0
38345.jpg,1925,1930,5
38350.jpg,1925,1930,5
38355.jpg,1925,1925,0
38360.jpg,1925,1920,-5
38365.jpg,1925,1925,0
38370.jpg,1925,1920,-5
38375.jpg,1925,1925,0
38380.jpg,1925,1930,5
38385.jpg,1925,1925,0
38390.jpg,1925,1950,25
38395.jpg,1925,1930,5
38400.jpg,1925,1650,-275
38405.jpg,1925,1925,0
38410.jpg,1925,1920,-5
38415.jpg,1925,1930,5
38420.jpg,1925,1920,-5
38425.jpg,1925,1930,5
38435.jpg,1925,1950,25
38440.jpg,1925,1925,0
38450.jpg,1925,1920,-5
38455.jpg,1925,1970,45
38460.jpg,1925,1930,5
38465.jpg,1925,1930,5
38470.jpg,1925,1950,25
38475.jpg,1925,1950,25
38480.jpg,1925,1925,0
38490.jpg,1925,1937,12
38495.jpg,1925,1920,-5
38500.jpg,1925,1925,0
38505.jpg,1925,1920,-5
38510.jpg,1925,1920,-5
38515.jpg,1926,1930,4
38520.jpg,1926,1930,4
38525.jpg,1926,1925,-1
38530.jpg,1926,1920,-6
38535.jpg,1926,1960,34
38540.jpg,1926,1920,-6
38545.jpg,1926,1920,-6
38550.jpg,1926,1930,4
38555.jpg,1926,1950,24
38560.jpg,1926,1925,-1
38565.jpg,1926,1850,-76
38570.jpg,1926,1930,4
38575.jpg,1926,1985,59
38580.jpg,1926,1975,49
38585.jpg,1926,1970,44
38590.jpg,1926,1920,-6
38595.jpg,1926,2010,84
38600.jpg,1926,1930,4
38605.jpg,1926,2015,89
38610.jpg,1926,1920,-6
38620.jpg,1926,1920,-6
38625.jpg,1926,1925,-1
38630.jpg,1926,1950,24
38635.jpg,1926,1930,4
38640.jpg,1926,1920,-6
38645.jpg,1926,1950,24
38650.jpg,1926,1950,24
38655.jpg,1926,1950,24
38660.jpg,1926,1930,4
38665.jpg,1926,1925,-1
38670.jpg,1926,1930,4
38675.jpg,1926,1930,4
38680.jpg,1926,1925,-1
38685.jpg,1926,1930,4
38690.jpg,1926,1930,4
38695.jpg,1926,1920,-6
38700.jpg,1926,1920,-6
38705.jpg,1926,1850,-76
38710.jpg,1926,1920,-6
38715.jpg,1926,1925,-1
38720.jpg,1926,1920,-6
38725.jpg,1926,1950,24
38730.jpg,1926,1930,4
38735.jpg,1926,1932,6
38740.jpg,1926,1930,4
38745.jpg,1926,1977,51
38750.jpg,1926,1927,1
38755.jpg,1926,1930,4
38760.jpg,1926,1930,4
38765.jpg,1926,1930,4
38770.jpg,1926,1925,-1
38775.jpg,1926,1920,-6
38780.jpg,1926,1925,-1
38785.jpg,1926,1920,-6
38790.jpg,1926,1925,-1
38795.jpg,1926,1925,-1
38800.jpg,1926,1925,-1
38805.jpg,1926,1850,-76
38810.jpg,1926,1925,-1
38815.jpg,1926,1830,-96
38820.jpg,1926,1925,-1
38825.jpg,1926,1930,4
38830.jpg,1926,1920,-6
38835.jpg,1926,1950,24
38840.jpg,1926,1930,4
38845.jpg,1926,1950,24
38850.jpg,1926,1925,-1
38855.jpg,1926,1930,4
38860.jpg,1926,1930,4
38865.jpg,1926,1930,4
38870.jpg,1926,1950,24
38875.jpg,1926,1920,-6
38880.jpg,1926,1906,-20
38885.jpg,1926,1920,-6
38890.jpg,1926,1937,11
38895.jpg,1926,1950,24
38905.jpg,1926,1920,-6
38910.jpg,1926,1925,-1
38915.jpg,1926,1950,24
38920.jpg,1926,1985,59
38925.jpg,1926,1930,4
38930.jpg,1926,1928,2
38935.jpg,1926,1925,-1
38940.jpg,1926,1920,-6
38945.jpg,1926,1930,4
38950.jpg,1926,1950,24
38955.jpg,1926,1950,24
38960.jpg,1926,1930,4
38965.jpg,1926,1925,-1
38970.jpg,1926,1925,-1
38975.jpg,1926,1920,-6
38980.jpg,1926,1950,24
38985.jpg,1926,1930,4
38990.jpg,1926,1930,4
38995.jpg,1927,1930,3
39000.jpg,1927,1930,3
39005.jpg,1927,1930,3
39010.jpg,1927,1930,3
39020.jpg,1927,1950,23
39025.jpg,1927,1925,-2
39030.jpg,1927,1925,-2
39035.jpg,1927,1925,-2
39040.jpg,1927,1920,-7
39045.jpg,1927,1930,3
39050.jpg,1927,1925,-2
39055.jpg,1927,1932,5
39060.jpg,1927,1930,3
39065.jpg,1927,1930,3
39070.jpg,1927,1920,-7
39075.jpg,1927,1928,1
39080.jpg,1927,1925,-2
39085.jpg,1927,2005,78
39090.jpg,1927,1970,43
39110.jpg,1927,1950,23
39115.jpg,1927,1925,-2
39120.jpg,1927,1923,-4
39125.jpg,1927,1960,33
39130.jpg,1927,1920,-7
39135.jpg,1927,1930,3
39140.jpg,1927,1925,-2
39145.jpg,1927,1930,3
39150.jpg,1927,1925,-2
39155.jpg,1927,1930,3
39160.jpg,1927,1920,-7
39165.jpg,1927,1950,23
39170.jpg,1927,1920,-7
39175.jpg,1927,1930,3
39180.jpg,1927,1925,-2
39185.jpg,1927,1925,-2
39190.jpg,1927,1930,3
39195.jpg,1927,1928,1
39200.jpg,1927,1928,1
39205.jpg,1927,1930,3
39210.jpg,1927,1930,3
39215.jpg,1927,1928,1
39220.jpg,1927,1930,3
39225.jpg,1927,1905,-22
39230.jpg,1927,1925,-2
39235.jpg,1927,1930,3
39240.jpg,1927,1930,3
39245.jpg,1927,1925,-2
39250.jpg,1927,1930,3
39255.jpg,1927,1750,-177
39260.jpg,1927,1950,23
39265.jpg,1927,1950,23
39270.jpg,1927,1985,58
39275.jpg,1927,1930,3
39280.jpg,1927,1930,3
39285.jpg,1927,1930,3
39290.jpg,1927,1950,23
39295.jpg,1927,1925,-2
39300.jpg,1927,1950,23
39305.jpg,1927,1930,3
39310.jpg,1927,1925,-2
39315.jpg,1927,1930,3
39320.jpg,1927,1780,-147
39325.jpg,1927,1930,3
39330.jpg,1927,1925,-2
39335.jpg,1927,1925,-2
39340.jpg,1927,1920,-7
39345.jpg,1927,1920,-7
39350.jpg,1927,1920,-7
39355.jpg,1927,1950,23
39360.jpg,1927,1930,3
39365.jpg,1927,1972,45
39370.jpg,1927,2005,78
39375.jpg,1927,1920,-7
39380.jpg,1927,1925,-2
39385.jpg,1927,1950,23
39390.jpg,1927,1900,-27
39395.jpg,1927,1200,-727
39400.jpg,1927,1920,-7
39405.jpg,1927,2010,83
39410.jpg,1927,1970,43
39415.jpg,1927,1950,23
39420.jpg,1927,1930,3
39425.jpg,1927,1930,3
39430.jpg,1927,1920,-7
39435.jpg,1927,1850,-77
39440.jpg,1927,1925,-2
39445.jpg,1927,1920,-7
39450.jpg,1927,1905,-22
39455.jpg,1927,1937,10
39460.jpg,1927,1960,33
39465.jpg,1927,1960,33
39470.jpg,1927,1920,-7
39475.jpg,1927,1925,-2
39480.jpg,1927,1925,-2
39485.jpg,1927,1970,43
39490.jpg,1927,1850,-77
39495.jpg,1927,1930,3
39500.jpg,1927,1925,-2
39505.jpg,1927,1950,23
39510.jpg,1928,1930,2
39515.jpg,1928,1925,-3
39520.jpg,1928,1930,2
39525.jpg,1928,1928,0
39530.jpg,1928,1950,22
39535.jpg,1928,1925,-3
39540.jpg,1928,1920,-8
39545.jpg,1928,1920,-8
39550.jpg,1928,1925,-3
39555.jpg,1928,1925,-3
39560.jpg,1928,1925,-3
39565.jpg,1928,1925,-3
39570.jpg,1928,1925,-3
39575.jpg,1928,2010,82
39580.jpg,1928,1920,-8
39585.jpg,1928,1923,-5
39590.jpg,1928,1928,0
39595.jpg,1928,1930,2
39600.jpg,1928,1960,32
39605.jpg,1928,2015,87
39610.jpg,1928,1960,32
39615.jpg,1928,2010,82
39620.jpg,1928,1930,2
39625.jpg,1928,1950,22
39630.jpg,1928,1930,2
39635.jpg,1928,1930,2
39640.jpg,1928,1950,22
39645.jpg,1928,1950,22
39650.jpg,1928,1930,2
39655.jpg,1928,1930,2
39660.jpg,1928,1925,-3
39665.jpg,1928,1930,2
39670.jpg,1928,1925,-3
39675.jpg,1928,1925,-3
39680.jpg,1928,1925,-3
39685.jpg,1928,1930,2
39690.jpg,1928,1930,2
39695.jpg,1928,1930,2
39700.jpg,1928,1928,0
39705.jpg,1928,1938,10
39710.jpg,1928,1930,2
39715.jpg,1928,1930,2
39720.jpg,1928,1930,2
39725.jpg,1928,1920,-8
39730.jpg,1928,1925,-3
39735.jpg,1928,1920,-8
39740.jpg,1928,1960,32
39745.jpg,1928,1950,22
39750.jpg,1928,1958,30
39755.jpg,1928,1890,-38
39760.jpg,1928,1920,-8
39765.jpg,1928,1850,-78
39770.jpg,1928,1780,-148
39775.jpg,1928,1925,-3
39780.jpg,1928,1950,22
39785.jpg,1928,1925,-3
39790.jpg,1928,1925,-3
39795.jpg,1928,1920,-8
39800.jpg,1928,1925,-3
39805.jpg,1928,1925,-3
39810.jpg,1928,1950,22
39815.jpg,1928,1930,2
39820.jpg,1928,1920,-8
39825.jpg,1928,1930,2
39830.jpg,1928,1930,2
39835.jpg,1928,1930,2
39840.jpg,1928,1925,-3
39845.jpg,1928,1925,-3
39850.jpg,1928,1950,22
39855.jpg,1928,1925,-3
39860.jpg,1928,1925,-3
39865.jpg,1928,1890,-38
39870.jpg,1928,1750,-178
39875.jpg,1928,1920,-8
39880.jpg,1928,1925,-3
39885.jpg,1928,1920,-8
39890.jpg,1928,1925,-3
39895.jpg,1928,1920,-8
39900.jpg,1928,2010,82
39905.jpg,1928,1905,-23
39910.jpg,1928,1930,2
39915.jpg,1928,1850,-78
39920.jpg,1928,1960,32
39925.jpg,1928,1930,2
39930.jpg,1928,1957,29
39935.jpg,1928,1920,-8
39940.jpg,1928,1930,2
39945.jpg,1928,1950,22
39950.jpg,1928,1920,-8
39955.jpg,1928,1890,-38
39960.jpg,1928,1920,-8
39965.jpg,1928,1930,2
39970.jpg,1928,1905,-23
39975.jpg,1928,1920,-8
39980.jpg,1928,1970,42
39985.jpg,1928,1920,-8
39990.jpg,1928,1930,2
39995.jpg,1928,1930,2
40000.jpg,1928,1930,2
40010.jpg,1928,1985,57
40015.jpg,1928,1950,22
40020.jpg,1928,1920,-8
40025.jpg,1928,1925,-3
40030.jpg,1928,1930,2
40035.jpg,1928,1925,-3
40040.jpg,1928,1925,-3
40045.jpg,1929,1920,-9
40050.jpg,1929,1924,-5
40055.jpg,1929,1930,1
40060.jpg,1929,1925,-4
40065.jpg,1929,1930,1
40070.jpg,1929,1924,-5
40075.jpg,1929,1930,1
40080.jpg,1929,1930,1
40095.jpg,1929,1950,21
40105.jpg,1929,1930,1
40110.jpg,1929,1950,21
40115.jpg,1929,1930,1
40120.jpg,1929,1920,-9
40125.jpg,1929,1930,1
40130.jpg,1929,1925,-4
40135.jpg,1929,1930,1
40140.jpg,1929,1950,21
40145.jpg,1929,1930,1
40150.jpg,1929,1930,1
40155.jpg,1929,1925,-4
40160.jpg,1929,1973,44
40165.jpg,1929,1930,1
40170.jpg,1929,1928,-1
40175.jpg,1929,1974,45
40180.jpg,1929,1930,1
40185.jpg,1929,1930,1
40190.jpg,1929,1920,-9
40195.jpg,1929,1928,-1
40200.jpg,1929,1925,-4
40205.jpg,1929,1929,0
40210.jpg,1929,1930,1
40215.jpg,1929,1935,6
40220.jpg,1929,1930,1
40225.jpg,1929,1925,-4
40230.jpg,1929,1850,-79
40235.jpg,1929,1920,-9
40240.jpg,1929,1980,51
40245.jpg,1929,1950,21
40250.jpg,1929,1975,46
40255.jpg,1929,1950,21
40260.jpg,1929,1900,-29
40265.jpg,1929,2005,76
40270.jpg,1929,1927,-2
40275.jpg,1929,1950,21
40280.jpg,1929,1940,11
40285.jpg,1929,1900,-29
40290.jpg,1929,1827,-102
40295.jpg,1929,1930,1
40305.jpg,1929,1925,-4
40310.jpg,1929,1920,-9
40315.jpg,1929,1930,1
40320.jpg,1929,1925,-4
40325.jpg,1929,1920,-9
40330.jpg,1929,1920,-9
40335.jpg,1929,1920,-9
40340.jpg,1929,1930,1
40345.jpg,1929,1950,21
40350.jpg,1929,1900,-29
40355.jpg,1929,1850,-79
40360.jpg,1929,1925,-4
40365.jpg,1929,1930,1
40370.jpg,1929,1920,-9
40375.jpg,1929,1925,-4
40380.jpg,1929,1920,-9
40385.jpg,1929,1950,21
40390.jpg,1929,1930,1
40395.jpg,1929,1930,1
40400.jpg,1929,1925,-4
40405.jpg,1929,1908,-21
40410.jpg,1929,1930,1
40415.jpg,1929,1930,1
40420.jpg,1929,1930,1
40425.jpg,1929,1920,-9
40430.jpg,1929,1890,-39
40435.jpg,1929,1930,1
40440.jpg,1929,1920,-9
40450.jpg,1929,1925,-4
40455.jpg,1929,1930,1
40460.jpg,1929,1950,21
40465.jpg,1929,1925,-4
40470.jpg,1929,1930,1
40475.jpg,1929,1925,-4
40480.jpg,1929,1950,21
40485.jpg,1929,1930,1
40490.jpg,1929,1920,-9
40495.jpg,1929,1930,1
40500.jpg,1929,1930,1
40505.jpg,1929,1965,36
40510.jpg,1929,1925,-4
40515.jpg,1929,1929,0
40520.jpg,1929,1930,1
40525.jpg,1929,1750,-179
40530.jpg,1929,1925,-4
40535.jpg,1929,1930,1
40540.jpg,1930,1820,-110
40545.jpg,1930,1980,50
40550.jpg,1930,1950,20
40555.jpg,1930,1930,0
40560.jpg,1930,1972,42
40565.jpg,1930,2010,80
40570.jpg,1930,1930,0
40575.jpg,1930,1920,-10
40580.jpg,1930,1920,-10
40585.jpg,1930,1925,-5
40590.jpg,1930,1950,20
40595.jpg,1930,1930,0
40600.jpg,1930,1930,0
40605.jpg,1930,1930,0
40610.jpg,1930,1900,-30
40615.jpg,1930,1920,-10
40620.jpg,1930,1930,0
40625.jpg,1930,1930,0
40630.jpg,1930,1930,0
40635.jpg,1930,1925,-5
40640.jpg,1930,1930,0
40645.jpg,1930,1950,20
40650.jpg,1930,1930,0
40655.jpg,1930,1920,-10
40660.jpg,1930,1850,-80
40665.jpg,1930,1930,0
40670.jpg,1930,2010,80
40675.jpg,1930,1890,-40
40680.jpg,1930,1820,-110
40685.jpg,1930,1930,0
40690.jpg,1930,1950,20
40695.jpg,1930,1950,20
40700.jpg,1930,1850,-80
40705.jpg,1930,1930,0
40710.jpg,1930,1744,-186
40715.jpg,1930,1920,-10
40720.jpg,1930,1930,0
40725.jpg,1930,1930,0
40730.jpg,1930,1925,-5
40735.jpg,1930,1930,0
40740.jpg,1930,1920,-10
40745.jpg,1930,1930,0
40750.jpg,1930,1750,-180
40755.jpg,1930,1930,0
40760.jpg,1930,1930,0
40765.jpg,1930,1920,-10
40770.jpg,1930,1925,-5
40775.jpg,1930,1850,-80
40780.jpg,1930,1985,55
40785.jpg,1930,1950,20
40790.jpg,1930,1930,0
40795.jpg,1930,1930,0
40800.jpg,1930,1930,0
40805.jpg,1930,1920,-10
40810.jpg,1930,1925,-5
40815.jpg,1930,1930,0
40820.jpg,1930,1930,0
40825.jpg,1930,1925,-5
40830.jpg,1930,1930,0
40835.jpg,1930,1930,0
40840.jpg,1930,1920,-10
40845.jpg,1930,1950,20
40850.jpg,1930,1931,1
40855.jpg,1930,1930,0
40860.jpg,1930,1930,0
40865.jpg,1930,1930,0
40870.jpg,1930,1930,0
40875.jpg,1930,1925,-5
40885.jpg,1930,1930,0
40890.jpg,1930,1930,0
40895.jpg,1930,1905,-25
40900.jpg,1930,1924,-6
40905.jpg,1930,1930,0
40910.jpg,1930,1985,55
40915.jpg,1930,1930,0
40920.jpg,1930,1920,-10
40925.jpg,1930,1930,0
40930.jpg,1930,1930,0
40935.jpg,1930,1930,0
40940.jpg,1930,1920,-10
40950.jpg,1930,1927,-3
40960.jpg,1930,1930,0
40965.jpg,1931,1970,39
40970.jpg,1931,1950,19
40975.jpg,1931,1960,29
40980.jpg,1931,1930,-1
40985.jpg,1931,1921,-10
40990.jpg,1931,1930,-1
40995.jpg,1931,1940,9
41000.jpg,1931,1920,-11
41005.jpg,1931,1925,-6
41010.jpg,1931,2006,75
41015.jpg,1931,1960,29
41020.jpg,1931,1928,-3
41025.jpg,1931,1988,57
41030.jpg,1931,2005,74
41035.jpg,1931,1925,-6
41040.jpg,1931,1930,-1
41045.jpg,1931,1920,-11
41050.jpg,1931,1925,-6
41055.jpg,1931,1930,-1
41060.jpg,1931,1950,19
41065.jpg,1931,1920,-11
41070.jpg,1931,1930,-1
41075.jpg,1931,1930,-1
41080.jpg,1931,1930,-1
41085.jpg,1931,1930,-1
41095.jpg,1931,1932,1
41100.jpg,1931,1928,-3
41105.jpg,1931,1930,-1
41110.jpg,1931,1930,-1
41115.jpg,1931,1925,-6
41120.jpg,1931,1950,19
41125.jpg,1931,1930,-1
41130.jpg,1931,1970,39
41135.jpg,1931,1930,-1
41140.jpg,1931,1930,-1
41150.jpg,1931,1920,-11
41155.jpg,1931,1920,-11
41160.jpg,1931,1928,-3
41165.jpg,1931,1900,-31
41170.jpg,1931,1980,49
41175.jpg,1931,1905,-26
41180.jpg,1931,1920,-11
41185.jpg,1931,1930,-1
41190.jpg,1931,1930,-1
41195.jpg,1931,1925,-6
41200.jpg,1931,1930,-1
41205.jpg,1931,1925,-6
41210.jpg,1931,1950,19
41215.jpg,1931,1930,-1
41220.jpg,1931,1850,-81
41225.jpg,1931,1930,-1
41230.jpg,1931,1938,7
41235.jpg,1931,2005,74
41240.jpg,1931,1920,-11
41245.jpg,1931,1932,1
41250.jpg,1931,1950,19
41255.jpg,1931,1934,3
41260.jpg,1931,1930,-1
41265.jpg,1931,1930,-1
41270.jpg,1931,1920,-11
41275.jpg,1931,1930,-1
41280.jpg,1931,1930,-1
41285.jpg,1931,1930,-1
41290.jpg,1931,1930,-1
41295.jpg,1931,1960,29
41305.jpg,1931,1920,-11
41310.jpg,1932,1930,-2
41320.jpg,1932,1932,0
41325.jpg,1932,1750,-182
41330.jpg,1932,1930,-2
41340.jpg,1932,1970,38
41345.jpg,1932,1920,-12
41350.jpg,1932,1925,-7
41355.jpg,1932,1930,-2
41360.jpg,1932,1930,-2
41365.jpg,1932,1925,-7
41370.jpg,1932,1931,-1
41375.jpg,1932,1950,18
41380.jpg,1932,1932,0
41385.jpg,1932,1928,-4
41390.jpg,1932,1950,18
41395.jpg,1932,1950,18
41400.jpg,1932,1950,18
41405.jpg,1932,1930,-2
41410.jpg,1932,1925,-7
41415.jpg,1932,1932,0
41420.jpg,1932,1905,-27
41425.jpg,1932,1900,-32
41430.jpg,1932,1950,18
41435.jpg,1932,1920,-12
41440.jpg,1932,1820,-112
41445.jpg,1932,1930,-2
41450.jpg,1932,1985,53
41455.jpg,1932,1750,-182
41460.jpg,1932,1820,-112
41465.jpg,1932,1920,-12
41470.jpg,1932,1930,-2
41475.jpg,1932,1920,-12
41480.jpg,1932,1930,-2
41485.jpg,1932,1930,-2
41490.jpg,1932,1930,-2
41495.jpg,1932,1905,-27
41500.jpg,1932,2006,74
41505.jpg,1932,1930,-2
41510.jpg,1932,1950,18
41515.jpg,1932,1935,3
41520.jpg,1932,1930,-2
41525.jpg,1932,1930,-2
41530.jpg,1932,1950,18
41535.jpg,1932,1930,-2
41540.jpg,1932,1930,-2
41545.jpg,1932,1930,-2
41550.jpg,1932,2010,78
41555.jpg,1932,1932,0
41560.jpg,1932,1920,-12
41565.jpg,1932,1920,-12
41570.jpg,1933,1985,52
41575.jpg,1933,1920,-13
41580.jpg,1933,1840,-93
41585.jpg,1933,1980,47
41590.jpg,1933,1960,27
41595.jpg,1933,1935,2
41600.jpg,1933,1890,-43
41605.jpg,1933,1930,-3
41610.jpg,1933,1985,52
41615.jpg,1933,1920,-13
41620.jpg,1933,1950,17
41625.jpg,1933,1950,17
41630.jpg,1933,1932,-1
41635.jpg,1933,1930,-3
41640.jpg,1933,1750,-183
41645.jpg,1933,1850,-83
41650.jpg,1933,1920,-13
41655.jpg,1933,1900,-33
41660.jpg,1933,1930,-3
41665.jpg,1933,1920,-13
41670.jpg,1933,1930,-3
41675.jpg,1933,1920,-13
41680.jpg,1933,1970,37
41685.jpg,1933,1905,-28
41690.jpg,1933,1930,-3
41695.jpg,1933,1930,-3
41700.jpg,1933,1920,-13
41705.jpg,1933,1930,-3
41710.jpg,1933,1930,-3
41715.jpg,1933,1850,-83
41720.jpg,1933,1920,-13
41725.jpg,1933,1890,-43
41730.jpg,1933,1914,-19
41745.jpg,1933,1820,-113
41750.jpg,1933,1930,-3
41755.jpg,1933,1950,17
41760.jpg,1933,1970,37
41765.jpg,1933,1930,-3
41770.jpg,1933,1750,-183
41775.jpg,1933,1930,-3
41780.jpg,1933,1830,-103
41785.jpg,1933,1920,-13
41790.jpg,1933,1950,17
41795.jpg,1933,2010,77
41800.jpg,1933,1920,-13
41805.jpg,1933,1942,9
41810.jpg,1933,1930,-3
41815.jpg,1933,1920,-13
41820.jpg,1933,1930,-3
41825.jpg,1933,1920,-13
41830.jpg,1933,1930,-3
41835.jpg,1934,1950,16
41840.jpg,1934,1930,-4
41845.jpg,1934,1970,36
41850.jpg,1934,1930,-4
41855.jpg,1934,1980,46
41860.jpg,1934,2010,76
41865.jpg,1934,1985,51
41870.jpg,1934,2003,69
41875.jpg,1934,1930,-4
41880.jpg,1934,1930,-4
41885.jpg,1934,1920,-14
41890.jpg,1934,1930,-4
41895.jpg,1934,2010,76
41900.jpg,1934,1930,-4
41905.jpg,1934,1930,-4
41910.jpg,1934,1950,16
41915.jpg,1934,1930,-4
41920.jpg,1934,1960,26
41925.jpg,1934,1870,-64
41930.jpg,1934,1930,-4
41935.jpg,1934,1975,41
41940.jpg,1934,1925,-9
41945.jpg,1934,1900,-34
41950.jpg,1934,1950,16
41955.jpg,1934,1930,-4
41960.jpg,1934,1930,-4
41965.jpg,1934,2010,76
41970.jpg,1934,1833,-101
41975.jpg,1934,2008,74
41980.jpg,1934,1930,-4
41985.jpg,1934,1930,-4
41990.jpg,1934,1930,-4
41995.jpg,1934,1930,-4
42000.jpg,1934,1930,-4
42005.jpg,1934,1930,-4
42010.jpg,1935,1950,15
42015.jpg,1935,1920,-15
42020.jpg,1935,1930,-5
42025.jpg,1935,1937,2
42035.jpg,1935,2010,75
42040.jpg,1935,1950,15
42045.jpg,1935,2010,75
42050.jpg,1935,1930,-5
42060.jpg,1935,1925,-10
42065.jpg,1935,1980,45
42070.jpg,1935,1930,-5
42075.jpg,1935,1930,-5
42080.jpg,1935,1960,25
42085.jpg,1935,1887,-48
42090.jpg,1935,1930,-5
42095.jpg,1935,1850,-85
42100.jpg,1935,1950,15
42105.jpg,1935,1904,-31
42110.jpg,1935,1950,15
42115.jpg,1935,1750,-185
42120.jpg,1935,1930,-5
42125.jpg,1935,1820,-115
42130.jpg,1935,1930,-5
42135.jpg,1935,1960,25
42140.jpg,1935,1985,50
42145.jpg,1935,1750,-185
42150.jpg,1935,1850,-85
42155.jpg,1935,1820,-115
42160.jpg,1935,1920,-15
42165.jpg,1935,1950,15
42170.jpg,1935,1930,-5
42175.jpg,1935,2010,75
42180.jpg,1935,1950,15
42185.jpg,1935,1965,30
42190.jpg,1935,1950,15
42195.jpg,1935,1970,35
42200.jpg,1935,1980,45
42205.jpg,1935,1930,-5
42210.jpg,1935,1930,-5
42215.jpg,1935,1920,-15
42220.jpg,1935,1950,15
42225.jpg,1935,1955,20
42230.jpg,1935,1930,-5
42235.jpg,1935,1937,2
42240.jpg,1935,1920,-15
42250.jpg,1935,1965,30
42255.jpg,1935,1930,-5
42260.jpg,1935,1950,15
42265.jpg,1935,1930,-5
42270.jpg,1935,1930,-5
42275.jpg,1935,1950,15
42280.jpg,1935,1960,25
42285.jpg,1935,1950,15
42290.jpg,1935,1950,15
42295.jpg,1936,1950,14
42300.jpg,1936,1950,14
42305.jpg,1936,1940,4
42310.jpg,1936,1950,14
42315.jpg,1936,1950,14
42320.jpg,1936,1980,44
42325.jpg,1936,1960,24
42330.jpg,1936,2010,74
42335.jpg,1936,2002,66
42340.jpg,1936,1930,-6
42345.jpg,1936,1950,14
42350.jpg,1936,1950,14
42355.jpg,1936,1930,-6
42360.jpg,1936,2005,69
42365.jpg,1936,1921,-15
42370.jpg,1936,1930,-6
42375.jpg,1936,1920,-16
42380.jpg,1936,1960,24
42385.jpg,1936,1930,-6
42390.jpg,1936,2015,79
42395.jpg,1936,1940,4
42400.jpg,1936,1950,14
42405.jpg,1936,1850,-86
42410.jpg,1936,1980,44
42415.jpg,1936,1930,-6
42420.jpg,1936,1932,-4
42425.jpg,1936,1904,-32
42430.jpg,1936,1930,-6
42435.jpg,1936,1930,-6
42440.jpg,1936,1950,14
42445.jpg,1936,1920,-16
42450.jpg,1936,1920,-16
42455.jpg,1936,1955,19
42460.jpg,1936,1930,-6
42465.jpg,1936,1950,14
42470.jpg,1936,1950,14
42475.jpg,1936,1920,-16
42480.jpg,1936,1850,-86
42485.jpg,1936,1960,24
42490.jpg,1936,1930,-6
42495.jpg,1936,1930,-6
42500.jpg,1936,1930,-6
42505.jpg,1936,1950,14
42510.jpg,1936,1950,14
42515.jpg,1936,1950,14
42520.jpg,1936,1850,-86
42525.jpg,1936,1925,-11
42530.jpg,1936,1975,39
42535.jpg,1936,1930,-6
42540.jpg,1936,1884,-52
42545.jpg,1936,1930,-6
42550.jpg,1936,1930,-6
42555.jpg,1936,1850,-86
42560.jpg,1936,1950,14
42565.jpg,1936,1850,-86
42570.jpg,1936,1930,-6
42575.jpg,1936,1930,-6
42585.jpg,1936,1950,14
42595.jpg,1936,1930,-6
42600.jpg,1936,1937,1
42610.jpg,1937,1937,0
42615.jpg,1937,1930,-7
42620.jpg,1937,1930,-7
42625.jpg,1937,1930,-7
42630.jpg,1937,1960,23
42635.jpg,1937,1930,-7
42640.jpg,1937,1950,13
42645.jpg,1937,1950,13
42650.jpg,1937,1940,3
42655.jpg,1937,1985,48
42660.jpg,1937,1930,-7
42665.jpg,1937,1920,-17
42670.jpg,1937,1890,-47
42675.jpg,1937,1960,23
42680.jpg,1937,1970,33
42685.jpg,1937,1950,13
42690.jpg,1937,1950,13
42695.jpg,1937,1950,13
42700.jpg,1937,1930,-7
42705.jpg,1937,1930,-7
42710.jpg,1937,1930,-7
42715.jpg,1937,1980,43
42720.jpg,1937,1950,13
42725.jpg,1937,1925,-12
42730.jpg,1937,1975,38
42735.jpg,1937,1950,13
42740.jpg,1937,1937,0
42745.jpg,1937,1934,-3
42750.jpg,1937,1970,33
42755.jpg,1937,1938,1
42765.jpg,1937,1950,13
42770.jpg,1937,1985,48
42775.jpg,1937,1930,-7
42780.jpg,1937,1930,-7
42785.jpg,1937,1950,13
42790.jpg,1937,1903,-34
42795.jpg,1937,1930,-7
42800.jpg,1937,1920,-17
42805.jpg,1937,1925,-12
42810.jpg,1937,1820,-117
42815.jpg,1937,1925,-12
42820.jpg,1937,2005,68
42825.jpg,1937,1890,-47
42830.jpg,1937,1940,3
42835.jpg,1937,1950,13
42840.jpg,1937,1950,13
42845.jpg,1937,1930,-7
42850.jpg,1937,1980,43
42855.jpg,1937,1930,-7
42860.jpg,1937,1920,-17
42865.jpg,1937,1960,23
42870.jpg,1937,1960,23
42875.jpg,1937,1960,23
42880.jpg,1937,1920,-17
42885.jpg,1937,1930,-7
42890.jpg,1937,1930,-7
42895.jpg,1937,1920,-17
42900.jpg,1937,1965,28
42905.jpg,1937,1950,13
42910.jpg,1937,1900,-37
42915.jpg,1938,1960,22
42920.jpg,1938,1930,-8
42925.jpg,1938,1919,-19
42930.jpg,1938,1930,-8
42935.jpg,1938,1920,-18
42940.jpg,1938,1998,60
42945.jpg,1938,2010,72
42950.jpg,1938,1980,42
42955.jpg,1938,1985,47
42960.jpg,1938,1950,12
42965.jpg,1938,1930,-8
42970.jpg,1938,1920,-18
42975.jpg,1938,1925,-13
42980.jpg,1938,1920,-18
42985.jpg,1938,1920,-18
42990.jpg,1938,1930,-8
42995.jpg,1938,1930,-8
43000.jpg,1938,1950,12
43005.jpg,1938,1950,12
43010.jpg,1938,1920,-18
43015.jpg,1938,1920,-18
43020.jpg,1938,1850,-88
43025.jpg,1938,1953,15
43030.jpg,1938,1920,-18
43035.jpg,1938,1870,-68
43040.jpg,1938,1935,-3
43045.jpg,1938,1930,-8
43050.jpg,1938,1950,12
43055.jpg,1938,1950,12
43060.jpg,1938,1960,22
43065.jpg,1938,1930,-8
43070.jpg,1938,1950,12
43075.jpg,1938,1950,12
43080.jpg,1938,1950,12
43085.jpg,1938,1930,-8
43090.jpg,1938,1960,22
43095.jpg,1938,1890,-48
43100.jpg,1938,1980,42
43105.jpg,1938,1960,22
43110.jpg,1938,1930,-8
43115.jpg,1938,1927,-11
43120.jpg,1938,1930,-8
43125.jpg,1938,1920,-18
43130.jpg,1938,1930,-8
43135.jpg,1938,1920,-18
43140.jpg,1938,2010,72
43145.jpg,1938,1920,-18
43150.jpg,1938,1865,-73
43155.jpg,1938,1960,22
43160.jpg,1938,1930,-8
43165.jpg,1938,1960,22
43170.jpg,1938,1930,-8
43175.jpg,1938,1938,0
43185.jpg,1938,1930,-8
43190.jpg,1938,1950,12
43195.jpg,1938,1930,-8
43200.jpg,1938,1960,22
43210.jpg,1939,1936,-3
43215.jpg,1939,1940,1
43220.jpg,1939,1950,11
43225.jpg,1939,1850,-89
43235.jpg,1939,1985,46
43245.jpg,1939,1980,41
43250.jpg,1939,1985,46
43255.jpg,1939,2005,66
43260.jpg,1939,1950,11
43270.jpg,1939,1930,-9
43275.jpg,1939,1950,11
43280.jpg,1939,1820,-119
43285.jpg,1939,1930,-9
43290.jpg,1939,1950,11
43295.jpg,1939,1950,11
43300.jpg,1939,1950,11
43305.jpg,1939,1960,21
43310.jpg,1939,1930,-9
43315.jpg,1939,1930,-9
43320.jpg,1939,1950,11
43325.jpg,1939,1930,-9
43330.jpg,1939,1985,46
43335.jpg,1939,1950,11
43340.jpg,1939,1970,31
43345.jpg,1939,1920,-19
43350.jpg,1939,1960,21
43360.jpg,1939,1980,41
43365.jpg,1939,1750,-189
43370.jpg,1939,1925,-14
43375.jpg,1939,1920,-19
43380.jpg,1939,1950,11
43385.jpg,1939,1950,11
43390.jpg,1939,1960,21
43395.jpg,1939,1950,11
43400.jpg,1939,2010,71
43405.jpg,1939,2010,71
43410.jpg,1939,1930,-9
43415.jpg,1939,1930,-9
43420.jpg,1939,1930,-9
43425.jpg,1939,1930,-9
43430.jpg,1939,1870,-69
43435.jpg,1939,1940,1
43440.jpg,1939,1850,-89
43445.jpg,1939,1960,21
43450.jpg,1939,1960,21
43455.jpg,1939,1930,-9
43460.jpg,1939,1930,-9
43465.jpg,1939,1920,-19
43470.jpg,1940,1950,10
43475.jpg,1940,1930,-10
43480.jpg,1940,1925,-15
43485.jpg,1940,1930,-10
43490.jpg,1940,1940,0
43495.jpg,1940,1953,13
43500.jpg,1940,1950,10
43505.jpg,1940,2015,75
43510.jpg,1940,1950,10
43515.jpg,1940,2010,70
43520.jpg,1940,1930,-10
43525.jpg,1940,1850,-90
43530.jpg,1940,1950,10
43535.jpg,1940,1950,10
43540.jpg,1940,1935,-5
43545.jpg,1940,1950,10
43550.jpg,1940,1930,-10
43555.jpg,1940,1950,10
43560.jpg,1940,1930,-10
43565.jpg,1940,1930,-10
43570.jpg,1940,1950,10
43575.jpg,1940,1985,45
43580.jpg,1940,1905,-35
43585.jpg,1940,1930,-10
43590.jpg,1940,1930,-10
43595.jpg,1940,2005,65
43600.jpg,1940,1930,-10
43605.jpg,1940,1930,-10
43610.jpg,1940,1920,-20
43615.jpg,1940,1850,-90
43620.jpg,1940,1950,10
43625.jpg,1940,1920,-20
43630.jpg,1940,1940,0
43635.jpg,1940,1936,-4
43640.jpg,1940,1930,-10
43645.jpg,1940,1950,10
43650.jpg,1940,1930,-10
43655.jpg,1940,1950,10
43660.jpg,1940,1955,15
43665.jpg,1940,1985,45
43670.jpg,1940,1985,45
43675.jpg,1940,1950,10
43680.jpg,1940,1930,-10
43685.jpg,1940,1940,0
43700.jpg,1940,1920,-20
43705.jpg,1940,1950,10
43710.jpg,1940,1920,-20
43715.jpg,1940,1930,-10
43720.jpg,1941,1950,9
43725.jpg,1941,1940,-1
43730.jpg,1941,2010,69
43735.jpg,1941,1950,9
43740.jpg,1941,1980,39
43745.jpg,1941,1920,-21
43750.jpg,1941,1930,-11
43755.jpg,1941,1790,-151
43760.jpg,1941,1920,-21
43765.jpg,1941,1850,-91
43770.jpg,1941,1930,-11
43775.jpg,1941,1960,19
43780.jpg,1941,1950,9
43785.jpg,1941,1975,34
43790.jpg,1941,1920,-21
43795.jpg,1941,2010,69
43800.jpg,1941,1905,-36
43805.jpg,1941,1850,-91
43810.jpg,1941,1950,9
43815.jpg,1941,1960,19
43820.jpg,1941,1950,9
43825.jpg,1941,1950,9
43830.jpg,1941,1950,9
43835.jpg,1941,1980,39
43840.jpg,1941,1965,24
43845.jpg,1941,1932,-9
43850.jpg,1941,1960,19
43855.jpg,1941,1920,-21
43860.jpg,1941,1930,-11
43865.jpg,1942,1950,8
43870.jpg,1942,1930,-12
43875.jpg,1942,1960,18
43880.jpg,1942,1930,-12
43885.jpg,1942,1980,38
43890.jpg,1942,1950,8
43895.jpg,1942,1930,-12
43900.jpg,1942,1905,-37
43905.jpg,1942,1920,-22
43910.jpg,1942,1960,18
43915.jpg,1942,1750,-192
43920.jpg,1942,1920,-22
43925.jpg,1942,1985,43
43930.jpg,1942,1940,-2
43935.jpg,1942,1930,-12
43940.jpg,1942,1920,-22
43945.jpg,1942,1960,18
43950.jpg,1942,1930,-12
43955.jpg,1942,1950,8
43960.jpg,1943,1930,-13
43965.jpg,1943,1960,17
43970.jpg,1943,1980,37
43975.jpg,1943,1920,-23
43980.jpg,1943,1943,0
43985.jpg,1943,1950,7
43990.jpg,1943,2010,67
43995.jpg,1943,1930,-13
44000.jpg,1943,1950,7
44005.jpg,1943,1985,42
44010.jpg,1943,1980,37
44015.jpg,1943,1960,17
44020.jpg,1943,1960,17
44025.jpg,1943,1965,22
44030.jpg,1944,1980,36
44035.jpg,1944,1960,16
44040.jpg,1944,1970,26
44045.jpg,1944,1900,-44
44050.jpg,1944,1985,41
44055.jpg,1944,1950,6
44060.jpg,1945,1900,-45
44065.jpg,1945,1950,5
44075.jpg,1945,1980,35
44080.jpg,1945,1941,-4
44090.jpg,1945,1920,-25
44095.jpg,1945,1950,5
44100.jpg,1945,1987,42
44105.jpg,1945,1950,5
44110.jpg,1945,1920,-25
44115.jpg,1946,1902,-44
44120.jpg,1946,1960,14
44125.jpg,1946,1970,24
44130.jpg,1946,1950,4
44135.jpg,1946,1930,-16
44140.jpg,1946,1930,-16
44145.jpg,1946,1950,4
44150.jpg,1946,1950,4
44155.jpg,1946,1905,-41
44160.jpg,1946,1930,-16
44165.jpg,1946,1950,4
44170.jpg,1946,1950,4
44175.jpg,1947,1940,-7
44180.jpg,1947,1930,-17
44185.jpg,1947,1850,-97
44190.jpg,1947,1960,13
44195.jpg,1947,2005,58
44200.jpg,1947,1980,33
44205.jpg,1947,1970,23
44210.jpg,1947,1980,33
44215.jpg,1947,1930,-17
44220.jpg,1947,1950,3
44230.jpg,1947,1950,3
44240.jpg,1947,1950,3
44245.jpg,1947,1950,3
44250.jpg,1947,1950,3
44255.jpg,1947,2010,63
44260.jpg,1947,1930,-17
44270.jpg,1947,1970,23
44275.jpg,1947,1950,3
44280.jpg,1947,1960,13
44285.jpg,1948,1935,-13
44290.jpg,1948,2010,62
44295.jpg,1948,2005,57
44300.jpg,1948,1950,2
44305.jpg,1948,1950,2
44310.jpg,1948,1980,32
44315.jpg,1948,2010,62
44320.jpg,1948,1929,-19
44325.jpg,1948,1950,2
44330.jpg,1948,1960,12
44335.jpg,1948,1920,-28
44340.jpg,1948,1960,12
44345.jpg,1948,1900,-48
44350.jpg,1948,1923,-25
44355.jpg,1948,1955,7
44360.jpg,1948,1950,2
44365.jpg,1948,1950,2
44370.jpg,1948,1920,-28
44375.jpg,1948,1930,-18
44380.jpg,1948,2005,57
44385.jpg,1948,1960,12
44390.jpg,1948,1960,12
44395.jpg,1948,1930,-18
44400.jpg,1949,1845,-104
44405.jpg,1949,2010,61
44410.jpg,1949,1930,-19
44415.jpg,1949,1985,36
44420.jpg,1949,2010,61
44425.jpg,1949,1930,-19
44430.jpg,1949,1960,11
44435.jpg,1949,1980,31
44440.jpg,1949,1985,36
44445.jpg,1949,1980,31
44450.jpg,1949,1950,1
44455.jpg,1949,1930,-19
44460.jpg,1949,1950,1
44465.jpg,1949,1929,-20
44470.jpg,1949,1985,36
44475.jpg,1949,1950,1
44480.jpg,1949,1950,1
44485.jpg,1949,1960,11
44490.jpg,1949,1950,1
44495.jpg,1949,1950,1
44500.jpg,1949,1955,6
44510.jpg,1949,1920,-29
44515.jpg,1949,1920,-29
44520.jpg,1949,2010,61
44525.jpg,1949,1950,1
44530.jpg,1949,1950,1
44535.jpg,1949,1950,1
44540.jpg,1950,1965,15
44545.jpg,1950,2010,60
44550.jpg,1950,1950,0
44555.jpg,1950,1970,20
44560.jpg,1950,1964,14
44565.jpg,1950,2005,55
44570.jpg,1950,1975,25
44575.jpg,1950,1930,-20
44585.jpg,1950,1976,26
44590.jpg,1950,1985,35
44595.jpg,1950,1988,38
44600.jpg,1950,2010,60
44605.jpg,1950,1950,0
44610.jpg,1950,1960,10
44615.jpg,1950,1960,10
44620.jpg,1950,1960,10
44625.jpg,1950,1900,-50
44630.jpg,1950,1930,-20
44635.jpg,1950,1985,35
44640.jpg,1950,1955,5
44645.jpg,1950,1950,0
44650.jpg,1950,1955,5
44655.jpg,1950,1950,0
44660.jpg,1950,1950,0
44665.jpg,1950,1920,-30
44680.jpg,1950,2005,55
44685.jpg,1950,1960,10
44690.jpg,1950,1955,5
44695.jpg,1950,1920,-30
44700.jpg,1950,1960,10
44705.jpg,1951,1985,34
44710.jpg,1951,1930,-21
44720.jpg,1951,1960,9
44725.jpg,1951,1985,34
44730.jpg,1951,1985,34
44735.jpg,1951,1950,-1
44740.jpg,1951,1920,-31
44745.jpg,1951,1975,24
44750.jpg,1951,1960,9
44755.jpg,1951,1940,-11
44760.jpg,1951,1950,-1
44765.jpg,1951,1920,-31
44770.jpg,1951,1181,-770
44775.jpg,1951,1930,-21
44780.jpg,1951,1850,-101
44785.jpg,1951,1960,9
44790.jpg,1951,1960,9
44795.jpg,1951,2015,64
44800.jpg,1951,1950,-1
44810.jpg,1951,1930,-21
44815.jpg,1951,1970,19
44820.jpg,1951,1950,-1
44825.jpg,1951,2010,59
44830.jpg,1951,1965,14
44840.jpg,1951,1970,19
44845.jpg,1952,1970,18
44850.jpg,1952,1960,8
44855.jpg,1952,2010,58
44860.jpg,1952,1960,8
44865.jpg,1952,2010,58
44870.jpg,1952,1975,23
44875.jpg,1952,1960,8
44880.jpg,1952,1975,23
44885.jpg,1952,2005,53
44890.jpg,1952,1970,18
44895.jpg,1952,1952,0
44900.jpg,1952,1950,-2
44905.jpg,1952,1964,12
44910.jpg,1952,2005,53
44915.jpg,1952,1962,10
44920.jpg,1952,1960,8
44925.jpg,1952,1950,-2
44930.jpg,1952,2010,58
44940.jpg,1952,1930,-22
44945.jpg,1952,1985,33
44950.jpg,1952,1975,23
44955.jpg,1952,2010,58
44960.jpg,1953,1950,-3
44965.jpg,1953,1985,32
44970.jpg,1953,2015,62
44980.jpg,1953,1950,-3
44985.jpg,1953,2011,58
44990.jpg,1953,2015,62
44995.jpg,1953,1957,4
45000.jpg,1953,2010,57
45005.jpg,1953,1930,-23
45010.jpg,1953,1930,-23
45015.jpg,1953,1975,22
45020.jpg,1953,1965,12
45025.jpg,1953,1950,-3
45030.jpg,1953,1950,-3
45035.jpg,1953,1950,-3
45040.jpg,1953,1950,-3
45045.jpg,1953,1870,-83
45050.jpg,1953,1950,-3
45055.jpg,1953,1955,2
45060.jpg,1953,1930,-23
45065.jpg,1953,1970,17
45070.jpg,1953,1960,7
45075.jpg,1953,2010,57
45080.jpg,1953,1960,7
45085.jpg,1953,1980,27
45090.jpg,1953,1930,-23
45095.jpg,1954,1952,-2
45100.jpg,1954,1985,31
45105.jpg,1954,1970,16
45110.jpg,1954,1960,6
45115.jpg,1954,1985,31
45120.jpg,1954,1970,16
45125.jpg,1954,2005,51
45130.jpg,1954,1960,6
45135.jpg,1954,1970,16
45140.jpg,1954,1980,26
45150.jpg,1954,1950,-4
45155.jpg,1954,1930,-24
45160.jpg,1954,1970,16
45165.jpg,1954,1900,-54
45170.jpg,1954,1987,33
45175.jpg,1954,1930,-24
45180.jpg,1954,1930,-24
45185.jpg,1954,1950,-4
45190.jpg,1954,1955,1
45195.jpg,1954,1930,-24
45200.jpg,1954,1960,6
45205.jpg,1954,1930,-24
45210.jpg,1954,1920,-34
45215.jpg,1954,1985,31
45220.jpg,1954,1750,-204
45225.jpg,1954,1954,0
45230.jpg,1954,1965,11
45235.jpg,1955,1850,-105
45240.jpg,1955,1974,19
45245.jpg,1955,1985,30
45250.jpg,1955,1970,15
45255.jpg,1955,1960,5
45260.jpg,1955,1950,-5
45265.jpg,1955,2010,55
45275.jpg,1955,1980,25
45280.jpg,1955,1980,25
45285.jpg,1955,1950,-5
45290.jpg,1955,1980,25
45295.jpg,1955,2005,50
45300.jpg,1955,2019,64
45310.jpg,1955,1960,5
45315.jpg,1955,1934,-21
45320.jpg,1955,1826,-129
45325.jpg,1955,1950,-5
45330.jpg,1955,1960,5
45335.jpg,1955,1960,5
45345.jpg,1955,2015,60
45350.jpg,1955,1950,-5
45355.jpg,1955,2010,55
45360.jpg,1955,1950,-5
45365.jpg,1955,1970,15
45370.jpg,1955,1960,5
45375.jpg,1955,1950,-5
45385.jpg,1956,2010,54
45390.jpg,1956,1950,-6
45395.jpg,1956,1970,14
45400.jpg,1956,2010,54
45405.jpg,1956,1965,9
45410.jpg,1956,1960,4
45415.jpg,1956,1970,14
45420.jpg,1956,1970,14
45430.jpg,1956,1985,29
45435.jpg,1956,1920,-36
45440.jpg,1956,1960,4
45445.jpg,1956,1960,4
45450.jpg,1956,1975,19
45455.jpg,1956,1980,24
45460.jpg,1956,1964,8
45465.jpg,1956,1920,-36
45470.jpg,1956,1950,-6
45475.jpg,1956,1960,4
45480.jpg,1956,1950,-6
45485.jpg,1956,1955,-1
45490.jpg,1956,1975,19
45495.jpg,1956,1905,-51
45500.jpg,1956,2005,49
45505.jpg,1956,2005,49
45510.jpg,1956,1985,29
45515.jpg,1956,2015,59
45520.jpg,1956,1950,-6
45530.jpg,1957,1930,-27
45535.jpg,1957,1980,23
45540.jpg,1957,2010,53
45545.jpg,1957,2015,58
45550.jpg,1957,1980,23
45555.jpg,1957,1970,13
45560.jpg,1957,1987,30
45565.jpg,1957,1970,13
45570.jpg,1957,1970,13
45575.jpg,1957,1925,-32
45585.jpg,1957,1925,-32
45590.jpg,1957,1985,28
45595.jpg,1957,1985,28
45605.jpg,1957,1970,13
45610.jpg,1957,1960,3
45615.jpg,1957,1960,3
45620.jpg,1957,1968,11
45630.jpg,1957,1900,-57
45635.jpg,1957,1950,-7
45640.jpg,1957,1950,-7
45645.jpg,1957,1850,-107
45650.jpg,1957,1955,-2
45655.jpg,1957,1950,-7
45660.jpg,1957,1964,7
45665.jpg,1957,1920,-37
45675.jpg,1957,2010,53
45680.jpg,1957,1920,-37
45685.jpg,1957,2010,53
45695.jpg,1957,2010,53
45700.jpg,1958,1920,-38
45705.jpg,1958,2015,57
45715.jpg,1958,1982,24
45720.jpg,1958,1985,27
45730.jpg,1958,1970,12
45735.jpg,1958,2010,52
45740.jpg,1958,1950,-8
45745.jpg,1958,1970,12
45750.jpg,1958,1985,27
45755.jpg,1958,1930,-28
45760.jpg,1958,1950,-8
45765.jpg,1958,1965,7
45770.jpg,1958,1958,0
45775.jpg,1958,1970,12
45780.jpg,1958,1950,-8
45785.jpg,1958,1970,12
45790.jpg,1958,1960,2
45795.jpg,1958,1950,-8
45800.jpg,1958,1950,-8
45805.jpg,1958,1950,-8
45810.jpg,1958,1650,-308
45815.jpg,1958,2010,52
45820.jpg,1958,2005,47
45825.jpg,1958,1985,27
45830.jpg,1958,1960,2
45835.jpg,1958,1930,-28
45840.jpg,1958,1960,2
45845.jpg,1958,1965,7
45850.jpg,1958,1950,-8
45855.jpg,1959,2010,51
45860.jpg,1959,1850,-109
45870.jpg,1959,2010,51
45880.jpg,1959,1920,-39
45885.jpg,1959,1985,26
45890.jpg,1959,1937,-22
45895.jpg,1959,1959,0
45900.jpg,1959,1970,11
45905.jpg,1959,1950,-9
45910.jpg,1959,2010,51
45915.jpg,1959,1985,26
45925.jpg,1959,1950,-9
45930.jpg,1959,1960,1
45935.jpg,1959,1975,16
45940.jpg,1959,1985,26
45945.jpg,1959,2005,46
45950.jpg,1959,1985,26
45955.jpg,1959,1986,27
45960.jpg,1959,1965,6
45965.jpg,1959,1930,-29
45970.jpg,1959,1985,26
45975.jpg,1959,1950,-9
45980.jpg,1959,1950,-9
45985.jpg,1959,1960,1
45990.jpg,1960,1920,-40
45995.jpg,1960,2023,63
46000.jpg,1960,1988,28
46005.jpg,1960,1985,25
46015.jpg,1960,1970,10
46025.jpg,1960,2010,50
46030.jpg,1960,2010,50
46035.jpg,1960,1960,0
46040.jpg,1960,1950,-10
46045.jpg,1960,2005,45
46050.jpg,1960,1933,-27
46055.jpg,1960,1930,-30
46060.jpg,1960,1960,0
46065.jpg,1960,1975,15
46070.jpg,1960,1970,10
46075.jpg,1960,1970,10
46080.jpg,1960,1964,4
46085.jpg,1960,1953,-7
46090.jpg,1960,1960,0
46095.jpg,1960,1960,0
46100.jpg,1960,1960,0
46105.jpg,1960,1960,0
46110.jpg,1960,1985,25
46115.jpg,1960,2015,55
46120.jpg,1960,1985,25
46130.jpg,1960,1930,-30
46135.jpg,1960,1960,0
46140.jpg,1960,1960,0
46145.jpg,1960,1960,0
46150.jpg,1960,1965,5
46155.jpg,1961,1920,-41
46160.jpg,1961,1960,-1
46170.jpg,1961,2018,57
46180.jpg,1961,1980,19
46185.jpg,1961,2010,49
46190.jpg,1961,1850,-111
46195.jpg,1961,1985,24
46200.jpg,1961,2010,49
46205.jpg,1961,1975,14
46210.jpg,1961,1960,-1
46215.jpg,1961,1985,24
46220.jpg,1961,1965,4
46225.jpg,1961,1965,4
46230.jpg,1961,1965,4
46235.jpg,1961,1960,-1
46240.jpg,1961,2018,57
46245.jpg,1961,1986,25
46250.jpg,1961,1900,-61
46255.jpg,1961,1960,-1
46260.jpg,1961,1950,-11
46265.jpg,1961,2010,49
46270.jpg,1961,1930,-31
46275.jpg,1961,1950,-11
46280.jpg,1961,1830,-131
46285.jpg,1961,2015,54
46290.jpg,1961,1985,24
46295.jpg,1961,1985,24
46305.jpg,1961,1963,2
46310.jpg,1961,1960,-1
46315.jpg,1961,2010,49
46320.jpg,1962,1970,8
46330.jpg,1962,1920,-42
46335.jpg,1962,2015,53
46340.jpg,1962,1962,0
46345.jpg,1962,1985,23
46350.jpg,1962,1970,8
46355.jpg,1962,2010,48
46360.jpg,1962,2005,43
46365.jpg,1962,1960,-2
46370.jpg,1962,1950,-12
46375.jpg,1962,1975,13
46380.jpg,1962,1970,8
46385.jpg,1962,1960,-2
46390.jpg,1962,1956,-6
46395.jpg,1962,1930,-32
46400.jpg,1962,1970,8
46405.jpg,1962,1920,-42
46410.jpg,1962,1970,8
46415.jpg,1962,1900,-62
46420.jpg,1962,1970,8
46425.jpg,1962,1960,-2
46430.jpg,1962,1980,18
46435.jpg,1962,1824,-138
46440.jpg,1962,1995,33
46445.jpg,1962,2015,53
46450.jpg,1962,1960,-2
46455.jpg,1962,1982,20
46460.jpg,1962,1960,-2
46465.jpg,1963,1960,-3
46470.jpg,1963,1970,7
46475.jpg,1963,1964,1
46480.jpg,1963,2015,52
46490.jpg,1963,2010,47
46495.jpg,1963,1970,7
46500.jpg,1963,1970,7
46505.jpg,1963,1970,7
46510.jpg,1963,1968,5
46515.jpg,1963,1960,-3
46520.jpg,1963,1982,19
46525.jpg,1963,2010,47
46530.jpg,1963,1970,7
46535.jpg,1963,1952,-11
46540.jpg,1963,1925,-38
46545.jpg,1963,1955,-8
46550.jpg,1963,1960,-3
46555.jpg,1963,2015,52
46560.jpg,1963,1936,-27
46565.jpg,1963,2013,50
46570.jpg,1963,1980,17
46575.jpg,1963,1950,-13
46580.jpg,1963,1985,22
46585.jpg,1963,2010,47
46590.jpg,1963,1450,-513
46595.jpg,1963,1985,22
46600.jpg,1963,1985,22
46605.jpg,1963,2010,47
46615.jpg,1963,1930,-33
46620.jpg,1963,1930,-33
46625.jpg,1963,1975,12
46630.jpg,1963,1950,-13
46635.jpg,1964,1970,6
46640.jpg,1964,2015,51
46645.jpg,1964,1985,21
46650.jpg,1964,1980,16
46655.jpg,1964,1980,16
46660.jpg,1964,2010,46
46665.jpg,1964,1970,6
46670.jpg,1964,1975,11
46675.jpg,1964,2010,46
46680.jpg,1964,2010,46
46685.jpg,1964,2010,46
46690.jpg,1964,1985,21
46695.jpg,1964,1970,6
46700.jpg,1964,1970,6
46705.jpg,1964,2010,46
46710.jpg,1964,1965,1
46715.jpg,1964,1960,-4
46720.jpg,1964,1965,1
46725.jpg,1964,1970,6
46730.jpg,1964,1980,16
46735.jpg,1964,1968,4
46740.jpg,1964,1964,0
46745.jpg,1964,1950,-14
46750.jpg,1964,1930,-34
46755.jpg,1964,1950,-14
46760.jpg,1964,1830,-134
46765.jpg,1964,2010,46
46770.jpg,1964,1950,-14
46775.jpg,1964,1930,-34
46780.jpg,1964,2005,41
46785.jpg,1964,1980,16
46790.jpg,1964,2005,41
46795.jpg,1964,1960,-4
46805.jpg,1964,1965,1
46810.jpg,1964,1965,1
46815.jpg,1964,1950,-14
46820.jpg,1965,1960,-5
46825.jpg,1965,2005,40
46830.jpg,1965,1962,-3
46835.jpg,1965,1985,20
46840.jpg,1965,1960,-5
46845.jpg,1965,1985,20
46850.jpg,1965,1970,5
46860.jpg,1965,2010,45
46865.jpg,1965,1970,5
46870.jpg,1965,2010,45
46875.jpg,1965,1985,20
46885.jpg,1965,1960,-5
46890.jpg,1965,2015,50
46895.jpg,1965,1970,5
46900.jpg,1965,2015,50
46905.jpg,1965,1935,-30
46910.jpg,1965,1965,0
46915.jpg,1965,1970,5
46920.jpg,1965,1970,5
46930.jpg,1965,1900,-65
46935.jpg,1965,1960,-5
46940.jpg,1965,1930,-35
46945.jpg,1965,1970,5
46950.jpg,1965,1985,20
46955.jpg,1965,2010,45
46960.jpg,1965,1995,30
46965.jpg,1965,2005,40
46970.jpg,1965,1974,9
46990.jpg,1965,1970,5
46995.jpg,1965,1920,-45
47000.jpg,1965,1960,-5
47005.jpg,1966,1965,-1
47010.jpg,1966,1964,-2
47015.jpg,1966,1980,14
47020.jpg,1966,1964,-2
47025.jpg,1966,1985,19
47030.jpg,1966,1970,4
47035.jpg,1966,1986,20
47040.jpg,1966,2003,37
47050.jpg,1966,1985,19
47055.jpg,1966,1960,-6
47060.jpg,1966,2010,44
47065.jpg,1966,1920,-46
47070.jpg,1966,1960,-6
47075.jpg,1966,2010,44
47080.jpg,1966,1970,4
47085.jpg,1966,1970,4
47090.jpg,1966,1970,4
47100.jpg,1966,1920,-46
47105.jpg,1966,1970,4
47115.jpg,1966,1930,-36
47120.jpg,1966,1960,-6
47125.jpg,1966,1960,-6
47130.jpg,1966,1930,-36
47135.jpg,1966,2010,44
47140.jpg,1966,1960,-6
47145.jpg,1966,1925,-41
47150.jpg,1966,1970,4
47155.jpg,1966,1920,-46
47170.jpg,1966,1995,29
47175.jpg,1966,2005,39
47180.jpg,1966,1960,-6
47185.jpg,1966,1960,-6
47190.jpg,1966,1970,4
47195.jpg,1966,1970,4
47200.jpg,1966,1970,4
47205.jpg,1966,1965,-1
47210.jpg,1966,1960,-6
47215.jpg,1966,1987,21
47220.jpg,1966,1965,-1
47225.jpg,1967,1985,18
47230.jpg,1967,1950,-17
47235.jpg,1967,1890,-77
47240.jpg,1967,1970,3
47245.jpg,1967,2010,43
47255.jpg,1967,2010,43
47265.jpg,1967,2015,48
47270.jpg,1967,2005,38
47275.jpg,1967,1950,-17
47280.jpg,1967,1980,13
47285.jpg,1967,1988,21
47290.jpg,1967,1985,18
47295.jpg,1967,1931,-36
47300.jpg,1967,1900,-67
47305.jpg,1967,1850,-117
47310.jpg,1967,1970,3
47315.jpg,1967,1965,-2
47320.jpg,1967,1930,-37
47325.jpg,1967,1967,0
47330.jpg,1967,1986,19
47335.jpg,1967,1970,3
47340.jpg,1967,2010,43
47345.jpg,1967,1950,-17
47350.jpg,1967,1960,-7
47355.jpg,1967,1965,-2
47360.jpg,1967,1905,-62
47365.jpg,1967,1950,-17
47370.jpg,1967,1900,-67
47375.jpg,1967,1950,-17
47380.jpg,1967,1980,13
47385.jpg,1967,2005,38
47395.jpg,1967,2010,43
47400.jpg,1967,1985,18
47405.jpg,1967,1980,13
47410.jpg,1967,2010,43
47420.jpg,1967,1985,18
47425.jpg,1967,2005,38
47430.jpg,1967,2014,47
47435.jpg,1967,1960,-7
47440.jpg,1967,1975,8
47445.jpg,1967,1980,13
47450.jpg,1968,1975,7
47455.jpg,1968,1985,17
47460.jpg,1968,1970,2
47465.jpg,1968,1980,12
47470.jpg,1968,1965,-3
47475.jpg,1968,1960,-8
47480.jpg,1968,2010,42
47485.jpg,1968,1965,-3
47490.jpg,1968,2015,47
47495.jpg,1968,1970,2
47500.jpg,1968,2005,37
47505.jpg,1968,1970,2
47515.jpg,1968,1980,12
47520.jpg,1968,1980,12
47525.jpg,1968,2010,42
47530.jpg,1968,1960,-8
47535.jpg,1968,1970,2
47540.jpg,1968,1960,-8
47545.jpg,1968,1975,7
47550.jpg,1968,1985,17
47555.jpg,1968,1968,0
47560.jpg,1968,2010,42
47565.jpg,1968,1950,-18
47570.jpg,1968,1960,-8
47575.jpg,1968,1890,-78
47580.jpg,1968,2010,42
47585.jpg,1968,1900,-68
47590.jpg,1968,1985,17
47595.jpg,1968,1985,17
47600.jpg,1968,2010,42
47610.jpg,1968,2005,37
47620.jpg,1968,1980,12
47625.jpg,1968,1960,-8
47630.jpg,1968,1980,12
47635.jpg,1968,1960,-8
47640.jpg,1968,1970,2
47645.jpg,1968,1960,-8
47650.jpg,1969,1960,-9
47655.jpg,1969,1950,-19
47660.jpg,1969,1950,-19
47665.jpg,1969,1960,-9
47670.jpg,1969,2010,41
47675.jpg,1969,1960,-9
47680.jpg,1969,1970,1
47685.jpg,1969,1980,11
47690.jpg,1969,1985,16
47695.jpg,1969,1970,1
47700.jpg,1969,2011,42
47710.jpg,1969,1960,-9
47715.jpg,1969,1920,-49
47720.jpg,1969,2005,36
47730.jpg,1969,1960,-9
47735.jpg,1969,1985,16
47740.jpg,1969,1960,-9
47745.jpg,1969,1980,11
47750.jpg,1969,2003,34
47755.jpg,1969,1920,-49
47760.jpg,1969,2005,36
47765.jpg,1969,2005,36
47770.jpg,1969,1985,16
47780.jpg,1969,1985,16
47785.jpg,1969,1980,11
47790.jpg,1969,1970,1
47795.jpg,1969,1960,-9
47800.jpg,1969,1975,6
47805.jpg,1969,1850,-119
47810.jpg,1969,1972,3
47815.jpg,1969,2001,32
47820.jpg,1969,1985,16
47825.jpg,1969,1975,6
47830.jpg,1969,1970,1
47835.jpg,1970,1970,0
47840.jpg,1970,2005,35
47845.jpg,1970,1960,-10
47850.jpg,1970,1950,-20
47855.jpg,1970,1970,0
47860.jpg,1970,2015,45
47865.jpg,1970,1980,10
47870.jpg,1970,1970,0
47875.jpg,1970,1980,10
47880.jpg,1970,2010,40
47890.jpg,1970,2015,45
47895.jpg,1970,1965,-5
47900.jpg,1970,1970,0
47905.jpg,1970,1965,-5
47910.jpg,1970,1970,0
47915.jpg,1970,2007,37
47920.jpg,1970,1960,-10
47925.jpg,1970,1960,-10
47930.jpg,1970,1970,0
47935.jpg,1970,1970,0
47940.jpg,1970,1960,-10
47945.jpg,1970,1738,-232
47950.jpg,1970,1985,15
47955.jpg,1970,1985,15
47960.jpg,1970,1965,-5
47965.jpg,1970,1985,15
47970.jpg,1970,1985,15
47975.jpg,1970,1985,15
47980.jpg,1970,1932,-38
47985.jpg,1970,1960,-10
47990.jpg,1970,1980,10
47995.jpg,1970,2005,35
48000.jpg,1971,1975,4
48005.jpg,1971,1985,14
48010.jpg,1971,2003,32
48020.jpg,1971,2010,39
48025.jpg,1971,1980,9
48030.jpg,1971,2015,44
48035.jpg,1971,1960,-11
48040.jpg,1971,1980,9
48045.jpg,1971,1988,17
48050.jpg,1971,1980,9
48065.jpg,1971,1980,9
48070.jpg,1971,1962,-9
48075.jpg,1971,1960,-11
48080.jpg,1971,1965,-6
48085.jpg,1971,1980,9
48090.jpg,1971,1970,-1
48095.jpg,1971,1870,-101
48100.jpg,1971,1980,9
48105.jpg,1971,2015,44
48110.jpg,1971,1985,14
48115.jpg,1971,1985,14
48120.jpg,1971,2005,34
48130.jpg,1971,1985,14
48135.jpg,1971,2005,34
48140.jpg,1971,2005,34
48145.jpg,1971,1985,14
48150.jpg,1971,1982,11
48155.jpg,1971,1965,-6
48160.jpg,1971,1980,9
48170.jpg,1971,1970,-1
48175.jpg,1971,1982,11
48180.jpg,1972,1972,0
48185.jpg,1972,1960,-12
48190.jpg,1972,1968,-4
48195.jpg,1972,2003,31
48200.jpg,1972,1980,8
48205.jpg,1972,1980,8
48215.jpg,1972,1960,-12
48220.jpg,1972,1985,13
48225.jpg,1972,2010,38
48230.jpg,1972,2000,28
48235.jpg,1972,2005,33
48240.jpg,1972,1968,-4
48245.jpg,1972,1960,-12
48250.jpg,1972,1986,14
48255.jpg,1972,2005,33
48260.jpg,1972,1965,-7
48265.jpg,1972,1975,3
48270.jpg,1972,1986,14
48275.jpg,1972,1950,-22
48280.jpg,1972,1949,-23
48285.jpg,1972,1980,8
48290.jpg,1972,1920,-52
48295.jpg,1972,1975,3
48300.jpg,1972,1985,13
48305.jpg,1972,2015,43
48310.jpg,1972,2010,38
48320.jpg,1972,2010,38
48325.jpg,1972,1970,-2
48330.jpg,1972,1985,13
48335.jpg,1972,1870,-102
48340.jpg,1972,1970,-2
48345.jpg,1972,1970,-2
48350.jpg,1972,1975,3
48355.jpg,1972,1960,-12
48360.jpg,1973,2015,42
48365.jpg,1973,1980,7
48370.jpg,1973,1973,0
48375.jpg,1973,2010,37
48380.jpg,1973,1970,-3
48385.jpg,1973,1980,7
48390.jpg,1973,1980,7
48395.jpg,1973,1970,-3
48400.jpg,1973,1985,12
48405.jpg,1973,1975,2
48410.jpg,1973,1980,7
48415.jpg,1973,2015,42
48420.jpg,1973,2010,37
48425.jpg,1973,1975,2
48430.jpg,1973,1970,-3
48435.jpg,1973,1960,-13
48440.jpg,1973,1975,2
48445.jpg,1973,1975,2
48450.jpg,1973,2010,37
48455.jpg,1973,1980,7
48465.jpg,1973,1950,-23
48475.jpg,1973,1975,2
48480.jpg,1973,1960,-13
48490.jpg,1973,1985,12
48495.jpg,1973,1985,12
48500.jpg,1973,1890,-83
48505.jpg,1973,1960,-13
48510.jpg,1973,1985,12
48515.jpg,1973,1920,-53
48525.jpg,1973,1960,-13
48530.jpg,1974,2005,31
48535.jpg,1974,1985,11
48540.jpg,1974,2010,36
48545.jpg,1974,1973,-1
48550.jpg,1974,1970,-4
48555.jpg,1974,2003,29
48560.jpg,1974,2010,36
48565.jpg,1974,1980,6
48570.jpg,1974,2010,36
48575.jpg,1974,1985,11
48580.jpg,1974,1970,-4
48585.jpg,1974,1970,-4
48590.jpg,1974,1970,-4
48595.jpg,1974,1960,-14
48600.jpg,1974,1970,-4
48605.jpg,1974,2010,36
48610.jpg,1974,1997,23
48615.jpg,1974,2010,36
48620.jpg,1974,1950,-24
48625.jpg,1974,1950,-24
48630.jpg,1974,1985,11
48635.jpg,1974,2010,36
48640.jpg,1974,1950,-24
48650.jpg,1974,1975,1
48670.jpg,1974,2010,36
48675.jpg,1974,1985,11
48680.jpg,1974,1985,11
48685.jpg,1974,1985,11
48690.jpg,1974,2015,41
48695.jpg,1974,1950,-24
48700.jpg,1974,1973,-1
48705.jpg,1974,2010,36
48710.jpg,1974,1971,-3
48715.jpg,1974,1982,8
48720.jpg,1974,2015,41
48725.jpg,1974,1870,-104
48735.jpg,1975,1985,10
48740.jpg,1975,1980,5
48745.jpg,1975,2010,35
48750.jpg,1975,1970,-5
48755.jpg,1975,2010,35
48760.jpg,1975,1974,-1
48765.jpg,1975,1970,-5
48770.jpg,1975,1980,5
48775.jpg,1975,1980,5
48780.jpg,1975,1999,24
48785.jpg,1975,1950,-25
48790.jpg,1975,1985,10
48795.jpg,1975,2010,35
48800.jpg,1975,1952,-23
48805.jpg,1975,1975,0
48810.jpg,1975,2015,40
48815.jpg,1975,1970,-5
48820.jpg,1975,1986,11
48825.jpg,1975,1850,-125
48830.jpg,1975,1965,-10
48835.jpg,1975,2010,35
48840.jpg,1975,2010,35
48845.jpg,1975,2015,40
48850.jpg,1975,2010,35
48855.jpg,1975,2015,40
48860.jpg,1975,2010,35
48865.jpg,1975,1985,10
48870.jpg,1975,2005,30
48875.jpg,1975,1985,10
48880.jpg,1975,2010,35
48885.jpg,1975,1964,-11
48890.jpg,1975,1985,10
48895.jpg,1975,1980,5
48900.jpg,1976,1930,-46
48905.jpg,1976,1965,-11
48910.jpg,1976,1970,-6
48915.jpg,1976,1970,-6
48920.jpg,1976,1976,0
48925.jpg,1976,2015,39
48930.jpg,1976,2010,34
48940.jpg,1976,1985,9
48945.jpg,1976,1973,-3
48950.jpg,1976,2015,39
48955.jpg,1976,1975,-1
48960.jpg,1976,1985,9
48965.jpg,1976,1970,-6
48970.jpg,1976,1964,-12
48975.jpg,1976,1975,-1
48985.jpg,1976,1986,10
48990.jpg,1976,1932,-44
49000.jpg,1976,1650,-326
49020.jpg,1976,1980,4
49030.jpg,1976,2015,39
49035.jpg,1976,1985,9
49040.jpg,1976,1985,9
49045.jpg,1976,1985,9
49050.jpg,1976,2005,29
49060.jpg,1976,1960,-16
49065.jpg,1976,1950,-26
49070.jpg,1976,1970,-6
49075.jpg,1976,1968,-8
49080.jpg,1976,1980,4
49085.jpg,1976,1985,9
49090.jpg,1976,2015,39
49095.jpg,1977,1970,-7
49100.jpg,1977,1930,-47
49105.jpg,1977,1982,5
49110.jpg,1977,1980,3
49115.jpg,1977,1982,5
49120.jpg,1977,1950,-27
49125.jpg,1977,2015,38
49130.jpg,1977,1960,-17
49135.jpg,1977,1985,8
49140.jpg,1977,1970,-7
49145.jpg,1977,1976,-1
49150.jpg,1977,1970,-7
49155.jpg,1977,1975,-2
49160.jpg,1977,2005,28
49165.jpg,1977,1950,-27
49170.jpg,1977,1970,-7
49175.jpg,1977,1920,-57
49180.jpg,1977,1968,-9
49185.jpg,1977,2005,28
49190.jpg,1977,2010,33
49195.jpg,1977,1985,8
49205.jpg,1977,2015,38
49210.jpg,1977,2010,33
49215.jpg,1977,1985,8
49220.jpg,1977,2005,28
49225.jpg,1977,1967,-10
49230.jpg,1977,1920,-57
49235.jpg,1977,2017,40
49240.jpg,1977,1985,8
49250.jpg,1977,1970,-7
49255.jpg,1977,1975,-2
49260.jpg,1978,2015,37
49265.jpg,1978,2018,40
49270.jpg,1978,1970,-8
49280.jpg,1978,2009,31
49285.jpg,1978,1970,-8
49290.jpg,1978,1920,-58
49295.jpg,1978,2015,37
49305.jpg,1978,1980,2
49310.jpg,1978,2015,37
49315.jpg,1978,1982,4
49320.jpg,1978,1980,2
49325.jpg,1978,1997,19
49330.jpg,1978,2015,37
49335.jpg,1978,1980,2
49340.jpg,1978,1920,-58
49345.jpg,1978,2010,32
49350.jpg,1978,2005,27
49355.jpg,1978,2010,32
49360.jpg,1978,1985,7
49365.jpg,1978,2015,37
49370.jpg,1978,1970,-8
49375.jpg,1978,1985,7
49385.jpg,1978,2015,37
49390.jpg,1978,1985,7
49395.jpg,1978,1977,-1
49400.jpg,1978,1970,-8
49405.jpg,1979,1970,-9
49410.jpg,1979,1985,6
49415.jpg,1979,1982,3
49420.jpg,1979,1980,1
49425.jpg,1979,2014,35
49430.jpg,1979,2010,31
49435.jpg,1979,1970,-9
49440.jpg,1979,1970,-9
49445.jpg,1979,1985,6
49450.jpg,1979,1930,-49
49455.jpg,1979,1975,-4
49460.jpg,1979,1996,17
49465.jpg,1979,1920,-59
49470.jpg,1979,1950,-29
49475.jpg,1979,1975,-4
49480.jpg,1979,1920,-59
49485.jpg,1979,1950,-29
49490.jpg,1979,1960,-19
49495.jpg,1979,1920,-59
49500.jpg,1979,1985,6
49505.jpg,1979,2005,26
49510.jpg,1979,1970,-9
49515.jpg,1979,1985,6
49525.jpg,1979,2010,31
49530.jpg,1979,1985,6
49535.jpg,1979,1985,6
49540.jpg,1979,1985,6
49545.jpg,1979,1975,-4
49550.jpg,1979,2010,31
49555.jpg,1979,1985,6
49560.jpg,1979,1985,6
49565.jpg,1980,1985,5
49570.jpg,1980,1870,-110
49585.jpg,1980,1980,0
49590.jpg,1980,1997,17
49595.jpg,1980,1970,-10
49600.jpg,1980,1975,-5
49605.jpg,1980,1980,0
49610.jpg,1980,1985,5
49615.jpg,1980,2005,25
49620.jpg,1980,1980,0
49625.jpg,1980,1950,-30
49630.jpg,1980,1972,-8
49635.jpg,1980,1985,5
49640.jpg,1980,1950,-30
49645.jpg,1980,2010,30
49650.jpg,1980,2015,35
49655.jpg,1980,1970,-10
49660.jpg,1980,2010,30
49665.jpg,1980,2010,30
49675.jpg,1980,2010,30
49680.jpg,1980,1970,-10
49685.jpg,1980,2010,30
49690.jpg,1980,1985,5
49695.jpg,1980,1970,-10
49700.jpg,1980,1988,8
49705.jpg,1980,1980,0
49710.jpg,1981,2010,29
49715.jpg,1981,2015,34
49720.jpg,1981,2010,29
49725.jpg,1981,1985,4
49735.jpg,1981,1974,-7
49740.jpg,1981,1980,-1
49745.jpg,1981,1985,4
49750.jpg,1981,2010,29
49755.jpg,1981,1985,4
49760.jpg,1981,1985,4
49770.jpg,1981,1970,-11
49775.jpg,1981,2015,34
49780.jpg,1981,1985,4
49785.jpg,1981,1950,-31
49790.jpg,1981,2010,29
49795.jpg,1981,1985,4
49800.jpg,1981,2005,24
49805.jpg,1981,1985,4
49810.jpg,1981,1950,-31
49815.jpg,1981,1964,-17
49820.jpg,1981,1858,-123
49825.jpg,1981,2005,24
49830.jpg,1981,1985,4
49835.jpg,1981,1983,2
49840.jpg,1981,1900,-81
49845.jpg,1981,1980,-1
49850.jpg,1981,2010,29
49860.jpg,1981,1985,4
49865.jpg,1981,2010,29
49875.jpg,1981,2010,29
49880.jpg,1981,2005,24
49885.jpg,1981,2005,24
49890.jpg,1981,2010,29
49895.jpg,1981,1970,-11
49900.jpg,1981,1920,-61
49905.jpg,1981,2001,20
49910.jpg,1981,2010,29
49915.jpg,1981,1970,-11
49920.jpg,1982,1980,-2
49925.jpg,1982,1200,-782
49930.jpg,1982,2010,28
49935.jpg,1982,2010,28
49940.jpg,1982,1975,-7
49945.jpg,1982,1982,0
49950.jpg,1982,2016,34
49955.jpg,1982,1970,-12
49960.jpg,1982,2010,28
49965.jpg,1982,1985,3
49975.jpg,1982,1973,-9
49980.jpg,1982,2010,28
49985.jpg,1982,2005,23
49990.jpg,1982,2005,23
49995.jpg,1982,1985,3
50000.jpg,1982,2004,22
50005.jpg,1982,2015,33
50010.jpg,1982,1987,5
50015.jpg,1982,1985,3
50020.jpg,1982,1986,4
50025.jpg,1982,1985,3
50030.jpg,1982,1985,3
50035.jpg,1982,1982,0
50040.jpg,1982,1977,-5
50045.jpg,1982,1985,3
50050.jpg,1982,1965,-17
50055.jpg,1982,1970,-12
50060.jpg,1982,1985,3
50065.jpg,1982,1930,-52
50070.jpg,1982,2010,28
50075.jpg,1982,1975,-7
50080.jpg,1982,1930,-52
50095.jpg,1982,1930,-52
50100.jpg,1982,1750,-232
50105.jpg,1982,1960,-22
50110.jpg,1982,1890,-92
50115.jpg,1982,1995,13
50120.jpg,1982,1992,10
50145.jpg,1982,1985,3
50150.jpg,1982,1985,3
50155.jpg,1982,1982,0
50160.jpg,1983,1850,-133
50165.jpg,1983,1950,-33
50170.jpg,1983,2015,32
50175.jpg,1983,1960,-23
50185.jpg,1983,1920,-63
50190.jpg,1983,1930,-53
50195.jpg,1983,2000,17
50200.jpg,1983,1976,-7
50205.jpg,1983,2005,22
50210.jpg,1983,1985,2
50220.jpg,1983,2005,22
50225.jpg,1983,1985,2
50230.jpg,1983,1987,4
50235.jpg,1983,1985,2
50240.jpg,1983,1985,2
50245.jpg,1983,1970,-13
50250.jpg,1983,1985,2
50255.jpg,1983,1980,-3
50260.jpg,1983,1987,4
50270.jpg,1983,1980,-3
50275.jpg,1983,1970,-13
50280.jpg,1983,2010,27
50285.jpg,1983,1970,-13
50290.jpg,1983,1970,-13
50295.jpg,1983,1985,2
50300.jpg,1983,1985,2
50305.jpg,1983,1985,2
50310.jpg,1983,1975,-8
50315.jpg,1983,1920,-63
50320.jpg,1983,1985,2
50325.jpg,1983,1920,-63
50330.jpg,1983,2010,27
50335.jpg,1983,1985,2
50340.jpg,1983,2010,27
50345.jpg,1983,1985,2
50350.jpg,1983,2005,22
50355.jpg,1983,1980,-3
50360.jpg,1983,2005,22
50365.jpg,1983,1970,-13
50370.jpg,1983,1985,2
50375.jpg,1983,1970,-13
50380.jpg,1983,1900,-83
50385.jpg,1983,1960,-23
50390.jpg,1984,1980,-4
50395.jpg,1984,2010,26
50400.jpg,1984,1950,-34
50405.jpg,1984,1970,-14
50410.jpg,1984,2005,21
50415.jpg,1984,1985,1
50420.jpg,1984,2005,21
50425.jpg,1984,2010,26
50430.jpg,1984,1960,-24
50435.jpg,1984,1970,-14
50440.jpg,1984,1985,1
50445.jpg,1984,1994,10
50450.jpg,1984,2010,26
50455.jpg,1984,2005,21
50465.jpg,1984,2010,26
50470.jpg,1984,1985,1
50475.jpg,1984,2005,21
50480.jpg,1984,1985,1
50485.jpg,1984,1975,-9
50490.jpg,1984,1920,-64
50495.jpg,1984,1992,8
50500.jpg,1984,1930,-54
50505.jpg,1984,1983,-1
50515.jpg,1984,2015,31
50520.jpg,1984,2011,27
50525.jpg,1984,1970,-14
50530.jpg,1984,1920,-64
50535.jpg,1984,1930,-54
50540.jpg,1984,2005,21
50545.jpg,1984,1985,1
50550.jpg,1984,2015,31
50555.jpg,1984,2010,26
50560.jpg,1984,1970,-14
50565.jpg,1984,1960,-24
50570.jpg,1984,1970,-14
50575.jpg,1984,1980,-4
50580.jpg,1985,1850,-135
50585.jpg,1985,2003,18
50595.jpg,1985,1970,-15
50600.jpg,1985,2005,20
50605.jpg,1985,1950,-35
50610.jpg,1985,2000,15
50615.jpg,1985,2010,25
50620.jpg,1985,2005,20
50630.jpg,1985,1987,2
50635.jpg,1985,2015,30
50640.jpg,1985,1985,0
50645.jpg,1985,1980,-5
50650.jpg,1985,1985,0
50655.jpg,1985,2005,20
50660.jpg,1985,2005,20
50665.jpg,1985,1985,0
50670.jpg,1985,1975,-10
50675.jpg,1985,2015,30
50680.jpg,1985,1970,-15
50685.jpg,1985,1980,-5
50690.jpg,1985,2010,25
50695.jpg,1985,2014,29
50700.jpg,1985,1984,-1
50705.jpg,1985,1960,-25
50710.jpg,1985,1920,-65
50715.jpg,1985,1985,0
50720.jpg,1985,1850,-135
50730.jpg,1985,1985,0
50735.jpg,1985,2010,25
50740.jpg,1985,1985,0
50745.jpg,1985,2015,30
50750.jpg,1985,1985,0
50755.jpg,1985,2010,25
50760.jpg,1985,1970,-15
50765.jpg,1985,2010,25
50770.jpg,1985,1980,-5
50775.jpg,1985,2010,25
50780.jpg,1986,1985,-1
50785.jpg,1986,1980,-6
50790.jpg,1986,1960,-26
50795.jpg,1986,1980,-6
50800.jpg,1986,2010,24
50805.jpg,1986,2005,19
50810.jpg,1986,1985,-1
50815.jpg,1986,1985,-1
50820.jpg,1986,1985,-1
50830.jpg,1986,1988,2
50835.jpg,1986,2010,24
50840.jpg,1986,1986,0
50845.jpg,1986,1997,11
50850.jpg,1986,1970,-16
50855.jpg,1986,2015,29
50860.jpg,1986,2005,19
50865.jpg,1986,1890,-96
50870.jpg,1986,2005,19
50885.jpg,1986,1985,-1
50890.jpg,1986,1975,-11
50895.jpg,1986,2015,29
50900.jpg,1986,1900,-86
50905.jpg,1986,1983,-3
50910.jpg,1986,1967,-19
50915.jpg,1986,2010,24
50920.jpg,1986,1930,-56
50925.jpg,1986,1850,-136
50930.jpg,1986,1960,-26
50935.jpg,1986,1985,-1
50940.jpg,1986,1930,-56
50945.jpg,1986,1980,-6
50950.jpg,1986,1985,-1
50955.jpg,1986,2010,24
50960.jpg,1986,1985,-1
50965.jpg,1986,1985,-1
50970.jpg,1986,1985,-1
50975.jpg,1986,2010,24
50980.jpg,1986,1920,-66
50985.jpg,1986,1904,-82
50990.jpg,1987,1850,-137
50995.jpg,1987,1986,-1
51000.jpg,1987,1985,-2
51010.jpg,1987,2005,18
51015.jpg,1987,1980,-7
51020.jpg,1987,2005,18
51025.jpg,1987,1985,-2
51030.jpg,1987,1970,-17
51035.jpg,1987,1984,-3
51040.jpg,1987,1985,-2
51045.jpg,1987,2005,18
51050.jpg,1987,1985,-2
51055.jpg,1987,1985,-2
51060.jpg,1987,1985,-2
51065.jpg,1987,1998,11
51070.jpg,1987,1970,-17
51075.jpg,1987,1984,-3
51080.jpg,1987,2005,18
51085.jpg,1987,2010,23
51090.jpg,1987,2010,23
51095.jpg,1987,1985,-2
51100.jpg,1987,1930,-57
51105.jpg,1987,1980,-7
51110.jpg,1987,1970,-17
51115.jpg,1987,1985,-2
51120.jpg,1987,1950,-37
51125.jpg,1987,1850,-137
51130.jpg,1987,1920,-67
51135.jpg,1987,1985,-2
51140.jpg,1987,1985,-2
51145.jpg,1987,1985,-2
51155.jpg,1987,1987,0
51165.jpg,1987,1860,-127
51170.jpg,1987,1930,-57
51175.jpg,1987,2015,28
51180.jpg,1987,2015,28
51200.jpg,1988,2010,22
51205.jpg,1988,1995,7
51210.jpg,1988,1980,-8
51215.jpg,1988,2015,27
51220.jpg,1988,1980,-8
51225.jpg,1988,1985,-3
51240.jpg,1988,2010,22
51245.jpg,1988,2000,12
51250.jpg,1988,1975,-13
51255.jpg,1988,1985,-3
51260.jpg,1988,1970,-18
51265.jpg,1988,1985,-3
51270.jpg,1988,2010,22
51275.jpg,1988,1980,-8
51280.jpg,1988,1985,-3
51285.jpg,1988,1985,-3
51290.jpg,1988,1984,-4
51295.jpg,1988,1985,-3
51300.jpg,1988,2005,17
51305.jpg,1988,1970,-18
51310.jpg,1988,1980,-8
51315.jpg,1988,1970,-18
51320.jpg,1988,1989,1
51330.jpg,1988,1950,-38
51335.jpg,1988,1905,-83
51340.jpg,1988,1970,-18
51345.jpg,1988,1905,-83
51350.jpg,1988,1920,-68
51355.jpg,1988,1985,-3
51360.jpg,1988,2010,22
51365.jpg,1988,1980,-8
51370.jpg,1988,1985,-3
51375.jpg,1988,1930,-58
51380.jpg,1988,2010,22
51385.jpg,1988,1985,-3
51390.jpg,1988,1980,-8
51395.jpg,1988,1980,-8
51400.jpg,1988,2010,22
51405.jpg,1988,1980,-8
51410.jpg,1989,2013,24
51415.jpg,1989,1965,-24
51420.jpg,1989,1975,-14
51425.jpg,1989,2010,21
51430.jpg,1989,2013,24
51435.jpg,1989,1985,-4
51440.jpg,1989,1923,-66
51445.jpg,1989,1980,-9
51455.jpg,1989,1970,-19
51460.jpg,1989,1985,-4
51470.jpg,1989,1985,-4
51475.jpg,1989,1987,-2
51480.jpg,1989,1985,-4
51485.jpg,1989,1985,-4
51490.jpg,1989,1985,-4
51495.jpg,1989,2005,16
51500.jpg,1989,1985,-4
51505.jpg,1989,1985,-4
51510.jpg,1989,1985,-4
51515.jpg,1989,1985,-4
51520.jpg,1989,1985,-4
51525.jpg,1989,1920,-69
51530.jpg,1989,1960,-29
51535.jpg,1989,2007,18
51540.jpg,1989,1984,-5
51545.jpg,1989,1930,-59
51550.jpg,1989,1920,-69
51555.jpg,1989,2010,21
51560.jpg,1989,1985,-4
51565.jpg,1989,1980,-9
51575.jpg,1989,2005,16
51580.jpg,1989,1389,-600
51585.jpg,1989,2010,21
51590.jpg,1989,1989,0
51595.jpg,1989,1985,-4
51600.jpg,1989,2010,21
51605.jpg,1990,1890,-100
51610.jpg,1990,1980,-10
51615.jpg,1990,1973,-17
51620.jpg,1990,2010,20
51625.jpg,1990,1923,-67
51630.jpg,1990,1960,-30
51635.jpg,1990,1960,-30
51640.jpg,1990,2005,15
51645.jpg,1990,1989,-1
51650.jpg,1990,1957,-33
51655.jpg,1990,1990,0
51660.jpg,1990,1985,-5
51670.jpg,1990,1976,-14
51675.jpg,1990,1985,-5
51680.jpg,1990,2015,25
51685.jpg,1990,2005,15
51690.jpg,1990,1985,-5
51695.jpg,1990,1985,-5
51700.jpg,1990,1985,-5
51705.jpg,1990,2005,15
51710.jpg,1990,1984,-6
51715.jpg,1990,1965,-25
51720.jpg,1990,1985,-5
51725.jpg,1990,2009,19
51730.jpg,1990,2010,20
51735.jpg,1990,1985,-5
51740.jpg,1990,2015,25
51745.jpg,1990,1920,-70
51755.jpg,1990,1998,8
51760.jpg,1990,1920,-70
51765.jpg,1990,1900,-90
51770.jpg,1990,1995,5
51775.jpg,1990,2005,15
51780.jpg,1990,1985,-5
51785.jpg,1990,1970,-20
51795.jpg,1990,2015,25
51805.jpg,1990,1985,-5
51810.jpg,1990,2010,20
51815.jpg,1990,2015,25
51820.jpg,1990,1980,-10
51825.jpg,1990,1970,-20
51830.jpg,1990,1980,-10
51840.jpg,1991,1920,-71
51845.jpg,1991,1978,-13
51850.jpg,1991,2010,19
51860.jpg,1991,2010,19
51865.jpg,1991,2005,14
51870.jpg,1991,1980,-11
51875.jpg,1991,2005,14
51885.jpg,1991,2010,19
51890.jpg,1991,1970,-21
51895.jpg,1991,1975,-16
51905.jpg,1991,2010,19
51910.jpg,1991,1985,-6
51920.jpg,1991,2010,19
51925.jpg,1991,1985,-6
51930.jpg,1991,1985,-6
51935.jpg,1991,1985,-6
51940.jpg,1991,1985,-6
51945.jpg,1991,1985,-6
51950.jpg,1991,1985,-6
51955.jpg,1991,1985,-6
51960.jpg,1991,2010,19
51965.jpg,1991,1960,-31
51970.jpg,1991,1992,1
51975.jpg,1991,1970,-21
51980.jpg,1991,1920,-71
51985.jpg,1991,1930,-61
51990.jpg,1991,2010,19
51995.jpg,1991,1985,-6
52000.jpg,1991,1950,-41
52015.jpg,1991,1985,-6
52020.jpg,1991,1985,-6
52025.jpg,1991,2005,14
52035.jpg,1991,1930,-61
52040.jpg,1991,1985,-6
52045.jpg,1991,1930,-61
52060.jpg,1991,2005,14
52065.jpg,1992,2010,18
52070.jpg,1992,1986,-6
52075.jpg,1992,1980,-12
52080.jpg,1992,1985,-7
52085.jpg,1992,1980,-12
52090.jpg,1992,1980,-12
52095.jpg,1992,1985,-7
52100.jpg,1992,2005,13
52105.jpg,1992,1998,6
52110.jpg,1992,2010,18
52115.jpg,1992,1985,-7
52120.jpg,1992,1985,-7
52125.jpg,1992,2010,18
52130.jpg,1992,2010,18
52135.jpg,1992,1992,0
52140.jpg,1992,2005,13
52145.jpg,1992,1985,-7
52150.jpg,1992,1985,-7
52155.jpg,1992,1970,-22
52160.jpg,1992,1980,-12
52165.jpg,1992,1992,0
52170.jpg,1992,1985,-7
52175.jpg,1992,1995,3
52180.jpg,1992,1987,-5
52185.jpg,1992,1985,-7
52190.jpg,1992,2004,12
52195.jpg,1992,1998,6
52200.jpg,1992,2010,18
52205.jpg,1992,1980,-12
52210.jpg,1992,1950,-42
52215.jpg,1992,1992,0
52220.jpg,1992,1980,-12
52225.jpg,1992,1920,-72
52230.jpg,1992,1920,-72
52235.jpg,1992,1905,-87
52240.jpg,1992,2010,18
52245.jpg,1992,1985,-7
52250.jpg,1992,1995,3
52260.jpg,1992,1950,-42
52270.jpg,1993,1985,-8
52275.jpg,1993,2010,17
52280.jpg,1993,1950,-43
52285.jpg,1993,1980,-13
52290.jpg,1993,2010,17
52300.jpg,1993,1985,-8
52305.jpg,1993,1970,-23
52310.jpg,1993,2005,12
52315.jpg,1993,2010,17
52320.jpg,1993,2010,17
52325.jpg,1993,1985,-8
52335.jpg,1993,1960,-33
52340.jpg,1993,1985,-8
52345.jpg,1993,2010,17
52350.jpg,1993,2005,12
52355.jpg,1993,1985,-8
52360.jpg,1993,1985,-8
52365.jpg,1993,2005,12
52370.jpg,1993,1985,-8
52375.jpg,1993,1985,-8
52380.jpg,1993,1980,-13
52385.jpg,1993,1999,6
52390.jpg,1993,2010,17
52395.jpg,1993,1975,-18
52400.jpg,1993,1970,-23
52405.jpg,1993,2010,17
52410.jpg,1993,2010,17
52415.jpg,1993,1960,-33
52420.jpg,1993,2010,17
52425.jpg,1993,1920,-73
52430.jpg,1993,2010,17
52435.jpg,1993,1985,-8
52440.jpg,1993,2005,12
52445.jpg,1993,1985,-8
52450.jpg,1993,1915,-78
52455.jpg,1993,2010,17
52460.jpg,1993,1985,-8
52465.jpg,1993,1985,-8
52475.jpg,1994,2010,16
52480.jpg,1994,1960,-34
52485.jpg,1994,2010,16
52490.jpg,1994,1980,-14
52495.jpg,1994,2010,16
52505.jpg,1994,1980,-14
52510.jpg,1994,1994,0
52515.jpg,1994,2005,11
52525.jpg,1994,2010,16
52530.jpg,1994,1985,-9
52535.jpg,1994,1985,-9
52540.jpg,1994,1994,0
52545.jpg,1994,2005,11
52550.jpg,1994,2005,11
52555.jpg,1994,1985,-9
52560.jpg,1994,1937,-57
52570.jpg,1994,1970,-24
52575.jpg,1994,1994,0
52580.jpg,1994,1936,-58
52585.jpg,1994,2016,22
52590.jpg,1994,2000,6
52595.jpg,1994,1925,-69
52600.jpg,1994,1970,-24
52605.jpg,1994,1650,-344
52610.jpg,1994,1980,-14
52615.jpg,1994,1881,-113
52620.jpg,1994,2015,21
52625.jpg,1994,2005,11
52630.jpg,1994,2010,16
52635.jpg,1994,2010,16
52640.jpg,1994,1975,-19
52645.jpg,1994,1985,-9
52650.jpg,1995,2010,15
52655.jpg,1995,1985,-10
52660.jpg,1995,2015,20
52665.jpg,1995,1994,-1
52670.jpg,1995,1965,-30
52675.jpg,1995,1980,-15
52680.jpg,1995,2010,15
52685.jpg,1995,2006,11
52690.jpg,1995,2014,19
52695.jpg,1995,2016,21
52700.jpg,1995,1998,3
52705.jpg,1995,1914,-81
52710.jpg,1995,2005,10
52715.jpg,1995,1985,-10
52720.jpg,1995,1970,-25
52725.jpg,1995,1960,-35
52730.jpg,1995,1960,-35
52735.jpg,1995,2005,10
52740.jpg,1995,1985,-10
52745.jpg,1995,1993,-2
52750.jpg,1995,2005,10
52755.jpg,1995,1980,-15
52760.jpg,1995,2010,15
52765.jpg,1995,1970,-25
52770.jpg,1995,2014,19
52775.jpg,1995,2010,15
52785.jpg,1995,2015,20
52790.jpg,1995,1930,-65
52795.jpg,1995,2005,10
52800.jpg,1995,1920,-75
52805.jpg,1995,2005,10
52810.jpg,1995,2014,19
52815.jpg,1995,1985,-10
52820.jpg,1995,1985,-10
52825.jpg,1995,2005,10
52830.jpg,1995,1965,-30
52835.jpg,1995,1970,-25
52840.jpg,1995,1926,-69
52845.jpg,1996,1930,-66
52850.jpg,1996,2010,14
52855.jpg,1996,2010,14
52860.jpg,1996,2010,14
52865.jpg,1996,2015,19
52870.jpg,1996,2015,19
52875.jpg,1996,1985,-11
52880.jpg,1996,1950,-46
52885.jpg,1996,1995,-1
52890.jpg,1996,2005,9
52895.jpg,1996,2016,20
52900.jpg,1996,2016,20
52905.jpg,1996,2002,6
52910.jpg,1996,2001,5
52915.jpg,1996,1983,-13
52920.jpg,1996,2015,19
52925.jpg,1996,2015,19
52935.jpg,1996,1985,-11
52940.jpg,1996,1996,0
52945.jpg,1996,1950,-46
52950.jpg,1996,1970,-26
52955.jpg,1996,2010,14
52960.jpg,1996,1995,-1
52965.jpg,1996,2010,14
52970.jpg,1996,1960,-36
52980.jpg,1996,2010,14
52985.jpg,1997,1850,-147
52990.jpg,1997,2005,8
52995.jpg,1997,1973,-24
53000.jpg,1997,1985,-12
53005.jpg,1997,1950,-47
53010.jpg,1997,1980,-17
53015.jpg,1997,2010,13
53020.jpg,1997,2010,13
53025.jpg,1997,2000,3
53030.jpg,1997,2005,8
53035.jpg,1997,1985,-12
53040.jpg,1997,2010,13
53045.jpg,1997,2010,13
53050.jpg,1997,2010,13
53055.jpg,1997,1987,-10
53060.jpg,1997,2013,16
53065.jpg,1997,1985,-12
53070.jpg,1997,1985,-12
53075.jpg,1997,2005,8
53080.jpg,1997,2010,13
53085.jpg,1997,2010,13
53090.jpg,1997,1980,-17
53095.jpg,1997,2005,8
53100.jpg,1997,2010,13
53105.jpg,1997,2010,13
53110.jpg,1997,2010,13
53115.jpg,1997,1998,1
53120.jpg,1997,2010,13
53125.jpg,1997,2010,13
53130.jpg,1997,1960,-37
53135.jpg,1997,1985,-12
53140.jpg,1997,1975,-22
53145.jpg,1997,1985,-12
53150.jpg,1997,2015,18
53155.jpg,1997,1850,-147
53165.jpg,1997,1999,2
53170.jpg,1997,1985,-12
53175.jpg,1997,1985,-12
53180.jpg,1997,2005,8
53185.jpg,1997,2010,13
53190.jpg,1997,1985,-12
53195.jpg,1997,1622,-375
53200.jpg,1997,2005,8
53205.jpg,1997,2005,8
53210.jpg,1997,1997,0
53215.jpg,1997,1950,-47
53220.jpg,1997,2005,8
53225.jpg,1997,2010,13
53230.jpg,1997,2010,13
53235.jpg,1998,1900,-98
53240.jpg,1998,2008,10
53245.jpg,1998,1950,-48
53250.jpg,1998,2010,12
53255.jpg,1998,1960,-38
53260.jpg,1998,1957,-41
53265.jpg,1998,1950,-48
53270.jpg,1998,2007,9
53275.jpg,1998,2014,16
53280.jpg,1998,2005,7
53285.jpg,1998,2005,7
53290.jpg,1998,2005,7
53300.jpg,1998,2010,12
53305.jpg,1998,1985,-13
53310.jpg,1998,2003,5
53315.jpg,1998,2003,5
53325.jpg,1998,2005,7
53330.jpg,1998,2005,7
53335.jpg,1998,2005,7
53340.jpg,1998,2010,12
53345.jpg,1998,2010,12
53350.jpg,1998,1985,-13
53355.jpg,1998,1995,-3
53365.jpg,1998,2010,12
53370.jpg,1998,2010,12
53375.jpg,1998,1990,-8
53380.jpg,1998,1975,-23
53385.jpg,1998,1820,-178
53390.jpg,1998,1820,-178
53395.jpg,1998,2005,7
53400.jpg,1998,1850,-148
53405.jpg,1998,2010,12
53410.jpg,1998,1985,-13
53415.jpg,1998,1985,-13
53420.jpg,1998,1980,-18
53425.jpg,1998,2010,12
53435.jpg,1998,1960,-38
53440.jpg,1998,1950,-48
53445.jpg,1998,2011,13
53450.jpg,1998,1984,-14
53455.jpg,1999,1850,-149
53460.jpg,1999,2005,6
53465.jpg,1999,2010,11
53470.jpg,1999,1985,-14
53475.jpg,1999,2005,6
53480.jpg,1999,2010,11
53485.jpg,1999,2010,11
53490.jpg,1999,1950,-49
53495.jpg,1999,2007,8
53505.jpg,1999,1960,-39
53510.jpg,1999,2000,1
53515.jpg,1999,2010,11
53520.jpg,1999,2010,11
53525.jpg,1999,2010,11
53530.jpg,1999,2015,16
53535.jpg,1999,1985,-14
53540.jpg,1999,1985,-14
53545.jpg,1999,1986,-13
53550.jpg,1999,2010,11
53555.jpg,1999,1987,-12
53560.jpg,1999,2010,11
53565.jpg,1999,2005,6
53570.jpg,1999,2005,6
53575.jpg,1999,1985,-14
53580.jpg,1999,1985,-14
53585.jpg,1999,2010,11
53590.jpg,1999,1970,-29
53595.jpg,1999,2005,6
53600.jpg,1999,1995,-4
53605.jpg,1999,2005,6
53610.jpg,1999,2010,11
53615.jpg,1999,1950,-49
53620.jpg,1999,1850,-149
53625.jpg,1999,1983,-16
53630.jpg,1999,1986,-13
53635.jpg,1999,2010,11
53650.jpg,1999,1985,-14
53655.jpg,1999,2005,6
53660.jpg,1999,2005,6
53665.jpg,1999,2010,11
53670.jpg,1999,2010,11
53675.jpg,1999,2006,7
53680.jpg,1999,2001,2
53685.jpg,1999,1930,-69
53690.jpg,2000,2005,5
53700.jpg,2000,2005,5
53705.jpg,2000,1985,-15
53710.jpg,2000,2018,18
53715.jpg,2000,2010,10
53720.jpg,2000,2000,0
53725.jpg,2000,2005,5
53730.jpg,2000,1985,-15
53735.jpg,2000,2015,15
53740.jpg,2000,1982,-18
53745.jpg,2000,1920,-80
53755.jpg,2000,2005,5
53760.jpg,2000,2010,10
53765.jpg,2000,2008,8
53770.jpg,2000,2009,9
53775.jpg,2000,1924,-76
53780.jpg,2000,2005,5
53785.jpg,2000,2010,10
53790.jpg,2000,1978,-22
53795.jpg,2000,1983,-17
53800.jpg,2000,1986,-14
53805.jpg,2000,1984,-16
53810.jpg,2000,1975,-25
53815.jpg,2000,1985,-15
53820.jpg,2000,1983,-17
53830.jpg,2000,2015,15
53835.jpg,2000,2005,5
53840.jpg,2000,2010,10
53845.jpg,2000,2010,10
53850.jpg,2000,1890,-110
53855.jpg,2000,1980,-20
53860.jpg,2000,1985,-15
53865.jpg,2000,2005,5
53870.jpg,2000,1987,-13
53875.jpg,2000,2010,10
53880.jpg,2000,2005,5
53885.jpg,2000,1992,-8
53890.jpg,2000,2010,10
53895.jpg,2000,2005,5
53905.jpg,2001,2005,4
53910.jpg,2001,2001,0
53915.jpg,2001,2009,8
53920.jpg,2001,2005,4
53925.jpg,2001,2010,9
53930.jpg,2001,2015,14
53935.jpg,2001,2015,14
53940.jpg,2001,1950,-51
53945.jpg,2001,1980,-21
53950.jpg,2001,1985,-16
53955.jpg,2001,2005,4
53960.jpg,2001,2010,9
53965.jpg,2001,1980,-21
53970.jpg,2001,2011,10
53975.jpg,2001,2002,1
53980.jpg,2001,2010,9
53985.jpg,2001,1985,-16
53990.jpg,2001,1960,-41
53995.jpg,2001,1900,-101
54000.jpg,2001,2010,9
54005.jpg,2001,1986,-15
54010.jpg,2001,1927,-74
54015.jpg,2001,1985,-16
54020.jpg,2001,1985,-16
54025.jpg,2001,2001,0
54030.jpg,2001,2010,9
54035.jpg,2001,2015,14
54040.jpg,2001,2010,9
54045.jpg,2001,2010,9
54050.jpg,2001,1970,-31
54055.jpg,2001,1997,-4
54060.jpg,2001,1983,-18
54065.jpg,2001,1960,-41
54070.jpg,2001,2010,9
54075.jpg,2001,2015,14
54085.jpg,2001,2015,14
54090.jpg,2001,1980,-21
54095.jpg,2001,2005,4
54100.jpg,2001,2005,4
54105.jpg,2001,2010,9
54110.jpg,2001,2015,14
54120.jpg,2001,2010,9
54125.jpg,2001,2015,14
54130.jpg,2001,1968,-33
54135.jpg,2001,1985,-16
54140.jpg,2001,2010,9
54145.jpg,2001,1985,-16
54150.jpg,2001,2010,9
54155.jpg,2001,1950,-51
54160.jpg,2001,2010,9
54165.jpg,2001,2010,9
54170.jpg,2001,2010,9
54180.jpg,2002,1930,-72
54185.jpg,2002,2010,8
54190.jpg,2002,2003,1
54195.jpg,2002,1950,-52
54200.jpg,2002,1980,-22
54205.jpg,2002,2015,13
54210.jpg,2002,2005,3
54215.jpg,2002,2002,0
54220.jpg,2002,1996,-6
54225.jpg,2002,1980,-22
54230.jpg,2002,2002,0
54235.jpg,2002,2019,17
54240.jpg,2002,2004,2
54245.jpg,2002,2010,8
54250.jpg,2002,2010,8
54255.jpg,2002,1850,-152
54260.jpg,2002,2010,8
54265.jpg,2002,2010,8
54270.jpg,2002,1995,-7
54275.jpg,2002,1970,-32
54280.jpg,2002,2013,11
54285.jpg,2002,2010,8
54290.jpg,2002,1970,-32
54295.jpg,2002,1965,-37
54300.jpg,2002,2010,8
54305.jpg,2002,1990,-12
54310.jpg,2002,2005,3
54315.jpg,2002,2015,13
54320.jpg,2002,1900,-102
54330.jpg,2002,1960,-42
54335.jpg,2002,1980,-22
54340.jpg,2002,2015,13
54345.jpg,2002,2005,3
54355.jpg,2002,1985,-17
54360.jpg,2002,2010,8
54365.jpg,2002,2010,8
54370.jpg,2002,1985,-17
54375.jpg,2002,2011,9
54385.jpg,2002,2010,8
54390.jpg,2002,2005,3
54395.jpg,2002,2005,3
54400.jpg,2002,2010,8
54405.jpg,2003,2015,12
54410.jpg,2003,2017,14
54415.jpg,2003,2010,7
54425.jpg,2003,2005,2
54430.jpg,2003,2018,15
54435.jpg,2003,2010,7
54440.jpg,2003,2010,7
54445.jpg,2003,2010,7
54450.jpg,2003,2005,2
54460.jpg,2003,2010,7
54465.jpg,2003,1952,-51
54470.jpg,2003,2010,7
54475.jpg,2003,2003,0
54480.jpg,2003,2013,10
54485.jpg,2003,2010,7
54490.jpg,2003,1999,-4
54495.jpg,2003,2010,7
54500.jpg,2003,2010,7
54505.jpg,2003,2010,7
54510.jpg,2003,1970,-33
54515.jpg,2003,2010,7
54520.jpg,2003,1930,-73
54525.jpg,2003,2015,12
54530.jpg,2003,2005,2
54535.jpg,2003,2015,12
54540.jpg,2003,1985,-18
54545.jpg,2003,1905,-98
54550.jpg,2003,2004,1
54555.jpg,2003,1750,-253
54560.jpg,2003,2010,7
54565.jpg,2003,2015,12
54570.jpg,2003,2010,7
54575.jpg,2003,2010,7
54580.jpg,2003,1985,-18
54585.jpg,2003,2005,2
54590.jpg,2003,1985,-18
54595.jpg,2003,1987,-16
54600.jpg,2003,1985,-18
54605.jpg,2004,2005,1
54610.jpg,2004,1985,-19
54620.jpg,2004,1980,-24
54625.jpg,2004,1995,-9
54630.jpg,2004,2005,1
54635.jpg,2004,2005,1
54640.jpg,2004,2015,11
54645.jpg,2004,2010,6
54650.jpg,2004,2017,13
54655.jpg,2004,1980,-24
54660.jpg,2004,2010,6
54665.jpg,2004,2010,6
54670.jpg,2004,2005,1
54675.jpg,2004,2010,6
54680.jpg,2004,2010,6
54685.jpg,2004,2010,6
54690.jpg,2004,1970,-34
54695.jpg,2004,1960,-44
54700.jpg,2004,1970,-34
54705.jpg,2004,2010,6
54710.jpg,2004,1980,-24
54715.jpg,2004,2010,6
54720.jpg,2004,2004,0
54725.jpg,2004,2010,6
54730.jpg,2004,1985,-19
54735.jpg,2004,2010,6
54740.jpg,2004,2005,1
54745.jpg,2004,1985,-19
54750.jpg,2004,1920,-84
54760.jpg,2004,1980,-24
54770.jpg,2004,2005,1
54775.jpg,2004,2010,6
54780.jpg,2004,1995,-9
54785.jpg,2004,1985,-19
54790.jpg,2004,2005,1
54795.jpg,2004,2010,6
54800.jpg,2004,2010,6
54805.jpg,2004,2010,6
54810.jpg,2004,1980,-24
54815.jpg,2004,2010,6
54820.jpg,2004,2015,11
54825.jpg,2004,2015,11
54830.jpg,2004,2004,0
54835.jpg,2004,2010,6
54840.jpg,2004,2010,6
54845.jpg,2005,1850,-155
54850.jpg,2005,1980,-25
54855.jpg,2005,2010,5
54860.jpg,2005,2010,5
54865.jpg,2005,1930,-75
54870.jpg,2005,2010,5
54885.jpg,2005,1985,-20
54890.jpg,2005,2005,0
54895.jpg,2005,2015,10
54900.jpg,2005,1971,-34
54905.jpg,2005,2005,0
54910.jpg,2005,2005,0
54915.jpg,2005,2010,5
54925.jpg,2005,2015,10
54930.jpg,2005,2008,3
54935.jpg,2005,1930,-75
54940.jpg,2005,1985,-20
54955.jpg,2005,2005,0
54960.jpg,2005,2010,5
54965.jpg,2005,1998,-7
54970.jpg,2005,2009,4
54975.jpg,2005,1970,-35
54980.jpg,2005,2010,5
54985.jpg,2005,2008,3
54990.jpg,2005,1985,-20
54995.jpg,2005,1950,-55
55000.jpg,2005,1985,-20
55005.jpg,2005,2006,1
55010.jpg,2005,1985,-20
55015.jpg,2005,2010,5
55020.jpg,2005,2010,5
55025.jpg,2005,2008,3
55030.jpg,2005,2010,5
55035.jpg,2005,2010,5
55040.jpg,2005,2010,5
55045.jpg,2005,1985,-20
55050.jpg,2005,2015,10
55055.jpg,2005,2015,10
55060.jpg,2005,2010,5
55065.jpg,2005,2015,10
55070.jpg,2005,2010,5
55075.jpg,2005,2010,5
55080.jpg,2005,2015,10
55085.jpg,2005,2010,5
55090.jpg,2005,2015,10
55095.jpg,2005,2005,0
55100.jpg,2005,2005,0
55105.jpg,2005,2010,5
55110.jpg,2005,2005,0
55115.jpg,2005,1920,-85
55120.jpg,2005,1985,-20
55125.jpg,2005,2000,-5
55130.jpg,2005,2015,10
55135.jpg,2006,2010,4
55140.jpg,2006,2010,4
55145.jpg,2006,1950,-56
55155.jpg,2006,2005,-1
55160.jpg,2006,1985,-21
55165.jpg,2006,2010,4
55170.jpg,2006,2010,4
55175.jpg,2006,2010,4
55180.jpg,2006,1985,-21
55185.jpg,2006,2010,4
55190.jpg,2006,2010,4
55195.jpg,2006,2005,-1
55200.jpg,2006,2003,-3
55210.jpg,2006,1950,-56
55215.jpg,2006,2010,4
55220.jpg,2006,2005,-1
55230.jpg,2006,2016,10
55235.jpg,2006,2010,4
55240.jpg,2006,2010,4
55245.jpg,2006,2010,4
55250.jpg,2006,2010,4
55255.jpg,2006,1960,-46
55265.jpg,2006,1980,-26
55270.jpg,2006,2005,-1
55275.jpg,2006,1950,-56
55280.jpg,2006,1985,-21
55285.jpg,2006,2016,10
55290.jpg,2006,1980,-26
55295.jpg,2006,2004,-2
55300.jpg,2006,1985,-21
55305.jpg,2006,2010,4
55310.jpg,2006,1970,-36
55315.jpg,2006,1980,-26
55320.jpg,2006,1985,-21
55325.jpg,2006,2010,4
55330.jpg,2006,2010,4
55335.jpg,2007,1850,-157
55340.jpg,2007,2010,3
55345.jpg,2007,2015,8
55355.jpg,2007,2015,8
55360.jpg,2007,2005,-2
55365.jpg,2007,2010,3
55370.jpg,2007,2015,8
55380.jpg,2007,2015,8
55385.jpg,2007,2010,3
55395.jpg,2007,1950,-57
55400.jpg,2007,2010,3
55405.jpg,2007,2015,8
55410.jpg,2007,2010,3
55415.jpg,2007,2010,3
55420.jpg,2007,2010,3
55425.jpg,2007,2010,3
55430.jpg,2007,2015,8
55435.jpg,2007,1985,-22
55440.jpg,2007,2010,3
55445.jpg,2007,1999,-8
55450.jpg,2007,1970,-37
55455.jpg,2007,2010,3
55460.jpg,2007,1450,-557
55465.jpg,2007,2005,-2
55475.jpg,2007,1938,-69
55480.jpg,2007,1985,-22
55485.jpg,2007,2015,8
55490.jpg,2007,1930,-77
55500.jpg,2007,2010,3
55505.jpg,2007,2015,8
55510.jpg,2007,2010,3
55515.jpg,2007,2003,-4
55520.jpg,2007,2005,-2
55525.jpg,2007,1900,-107
55530.jpg,2007,2010,3
55535.jpg,2007,2004,-3
55540.jpg,2007,2010,3
55545.jpg,2007,2015,8
55550.jpg,2007,2004,-3
55555.jpg,2007,2005,-2
55560.jpg,2007,2010,3
55565.jpg,2007,2015,8
55570.jpg,2007,2015,8
55575.jpg,2007,2010,3
55580.jpg,2007,2010,3
55585.jpg,2007,2010,3
55590.jpg,2007,2010,3
55595.jpg,2007,1937,-70
55600.jpg,2007,2015,8
55605.jpg,2007,1980,-27
55610.jpg,2008,1850,-158
55615.jpg,2008,1850,-158
55620.jpg,2008,2014,6
55625.jpg,2008,2008,0
55630.jpg,2008,2010,2
55635.jpg,2008,2010,2
55640.jpg,2008,1980,-28
55645.jpg,2008,2015,7
55650.jpg,2008,1980,-28
55655.jpg,2008,2005,-3
55660.jpg,2008,2015,7
55670.jpg,2008,2014,6
55675.jpg,2008,1970,-38
55685.jpg,2008,1985,-23
55690.jpg,2008,2015,7
55695.jpg,2008,2015,7
55705.jpg,2008,2015,7
55710.jpg,2008,2005,-3
55715.jpg,2008,1960,-48
55720.jpg,2008,1970,-38
55725.jpg,2008,2010,2
55730.jpg,2008,2010,2
55735.jpg,2008,1934,-74
55740.jpg,2008,1975,-33
55745.jpg,2008,2010,2
55750.jpg,2008,1980,-28
55755.jpg,2008,2005,-3
55760.jpg,2008,2010,2
55765.jpg,2008,1985,-23
55770.jpg,2008,1820,-188
55775.jpg,2008,1995,-13
55780.jpg,2008,2015,7
55785.jpg,2008,2000,-8
55795.jpg,2008,2015,7
55800.jpg,2008,2015,7
55805.jpg,2008,2010,2
55810.jpg,2008,2010,2
55815.jpg,2008,2010,2
55820.jpg,2008,1986,-22
55825.jpg,2008,1985,-23
55830.jpg,2008,2008,0
55835.jpg,2009,1965,-44
55845.jpg,2009,2010,1
55850.jpg,2009,2015,6
55870.jpg,2009,2010,1
55875.jpg,2009,2010,1
55880.jpg,2009,2010,1
55885.jpg,2009,2015,6
55890.jpg,2009,2010,1
55895.jpg,2009,2005,-4
55900.jpg,2009,1985,-24
55905.jpg,2009,2017,8
55910.jpg,2009,2015,6
55915.jpg,2009,2015,6
55920.jpg,2009,1950,-59
55925.jpg,2009,2010,1
55930.jpg,2009,1950,-59
55935.jpg,2009,2010,1
55940.jpg,2009,2016,7
55945.jpg,2009,2010,1
55950.jpg,2009,2010,1
55955.jpg,2009,2008,-1
55960.jpg,2009,2015,6
55965.jpg,2009,2010,1
55970.jpg,2009,2013,4
55975.jpg,2009,2010,1
55980.jpg,2009,2001,-8
55985.jpg,2009,2010,1
55990.jpg,2009,2010,1
55995.jpg,2009,2007,-2
56000.jpg,2009,2015,6
56005.jpg,2009,1920,-89
56010.jpg,2009,1850,-159
56015.jpg,2009,2015,6
56020.jpg,2009,2010,1
56025.jpg,2009,2005,-4
56030.jpg,2009,2015,6
56035.jpg,2009,2010,1
56040.jpg,2009,2005,-4
56050.jpg,2009,2015,6
56055.jpg,2009,2005,-4
56060.jpg,2009,1960,-49
56065.jpg,2009,2010,1
56070.jpg,2009,2003,-6
56075.jpg,2009,1940,-69
56080.jpg,2010,2010,0
56085.jpg,2010,2010,0
56090.jpg,2010,2015,5
56095.jpg,2010,2010,0
56105.jpg,2010,2010,0
56110.jpg,2010,2010,0
56115.jpg,2010,2010,0
56125.jpg,2010,2010,0
56130.jpg,2010,2010,0
56135.jpg,2010,2010,0
56140.jpg,2010,1950,-60
56145.jpg,2010,2010,0
56150.jpg,2010,2010,0
56155.jpg,2010,2005,-5
56165.jpg,2010,1980,-30
56170.jpg,2010,1950,-60
56175.jpg,2010,2015,5
56180.jpg,2010,2010,0
56185.jpg,2010,2010,0
56190.jpg,2010,2010,0
56195.jpg,2010,2010,0
56200.jpg,2010,2000,-10
56205.jpg,2010,2010,0
56210.jpg,2010,2010,0
56215.jpg,2010,2010,0
56220.jpg,2010,2010,0
56225.jpg,2010,2005,-5
56230.jpg,2010,2010,0
56235.jpg,2010,1933,-77
56240.jpg,2010,1950,-60
56245.jpg,2010,2015,5
56250.jpg,2010,2010,0
56255.jpg,2010,2010,0
56260.jpg,2010,2006,-4
56265.jpg,2010,2015,5
56270.jpg,2010,2015,5
56275.jpg,2010,1985,-25
56280.jpg,2010,1980,-30
56285.jpg,2010,2010,0
56290.jpg,2010,2010,0
56295.jpg,2010,2010,0
56300.jpg,2010,2010,0
56310.jpg,2010,2015,5
56315.jpg,2011,2015,4
56320.jpg,2011,1960,-51
56325.jpg,2011,2015,4
56330.jpg,2011,2005,-6
56335.jpg,2011,2015,4
56345.jpg,2011,1985,-26
56350.jpg,2011,1985,-26
56355.jpg,2011,1980,-31
56360.jpg,2011,2010,-1
56365.jpg,2011,2015,4
56370.jpg,2011,1985,-26
56375.jpg,2011,2015,4
56380.jpg,2011,2015,4
56385.jpg,2011,2011,0
56390.jpg,2011,1920,-91
56395.jpg,2011,2015,4
56400.jpg,2011,2015,4
56405.jpg,2011,1980,-31
56410.jpg,2011,2010,-1
56415.jpg,2011,2015,4
56420.jpg,2011,2010,-1
56425.jpg,2011,1930,-81
56430.jpg,2011,2010,-1
56440.jpg,2011,2010,-1
56450.jpg,2011,2010,-1
56455.jpg,2011,1850,-161
56460.jpg,2011,1975,-36
56465.jpg,2011,2001,-10
56470.jpg,2011,1920,-91
56475.jpg,2011,1997,-14
56480.jpg,2011,1970,-41
56485.jpg,2011,2015,4
56495.jpg,2011,2005,-6
56500.jpg,2011,2005,-6
56505.jpg,2011,2005,-6
56510.jpg,2011,2010,-1
56515.jpg,2011,1950,-61
56520.jpg,2011,2010,-1
56525.jpg,2011,1987,-24
56545.jpg,2012,1960,-52
56550.jpg,2012,2012,0
56555.jpg,2012,2015,3
56560.jpg,2012,2007,-5
56565.jpg,2012,2018,6
56570.jpg,2012,1980,-32
56575.jpg,2012,2010,-2
56585.jpg,2012,2010,-2
56590.jpg,2012,2005,-7
56600.jpg,2012,2010,-2
56605.jpg,2012,2013,1
56610.jpg,2012,2010,-2
56615.jpg,2012,2010,-2
56620.jpg,2012,1934,-78
56625.jpg,2012,1964,-48
56630.jpg,2012,2010,-2
56635.jpg,2012,2010,-2
56640.jpg,2012,1960,-52
56645.jpg,2012,2010,-2
56650.jpg,2012,2010,-2
56655.jpg,2012,2010,-2
56660.jpg,2012,1985,-27
56665.jpg,2012,1920,-92
56670.jpg,2012,2015,3
56675.jpg,2012,2015,3
56680.jpg,2012,2005,-7
56685.jpg,2012,2005,-7
56690.jpg,2012,2010,-2
56695.jpg,2012,2010,-2
56700.jpg,2012,2014,2
56705.jpg,2012,2015,3
56710.jpg,2012,1980,-32
56715.jpg,2012,1890,-122
56720.jpg,2013,1930,-83
56725.jpg,2013,2010,-3
56730.jpg,2013,1985,-28
56735.jpg,2013,2010,-3
56740.jpg,2013,1950,-63
56745.jpg,2013,2015,2
56750.jpg,2013,2010,-3
56755.jpg,2013,2010,-3
56765.jpg,2013,2015,2
56770.jpg,2013,2015,2
56775.jpg,2013,2010,-3
56780.jpg,2013,1970,-43
56785.jpg,2013,2015,2
56795.jpg,2013,2010,-3
56800.jpg,2013,1970,-43
56805.jpg,2013,2015,2
56810.jpg,2013,2015,2
56820.jpg,2013,2010,-3
56825.jpg,2013,1980,-33
56845.jpg,2013,2010,-3
56850.jpg,2013,2015,2
56855.jpg,2013,2015,2
56860.jpg,2013,1985,-28
56865.jpg,2013,2010,-3
56870.jpg,2013,2020,7
56875.jpg,2013,2010,-3
56880.jpg,2013,1985,-28
56885.jpg,2013,2010,-3
56890.jpg,2013,2010,-3
56895.jpg,2013,1968,-45
56900.jpg,2014,2008,-6
56905.jpg,2014,1674,-340
56910.jpg,2014,1920,-94
56915.jpg,2014,2015,1
56920.jpg,2014,2010,-4
56925.jpg,2014,2014,0
56930.jpg,2014,2010,-4
56935.jpg,2014,2010,-4
56940.jpg,2014,2010,-4
56945.jpg,2014,2015,1
56950.jpg,2014,2010,-4
56955.jpg,2014,1975,-39
56960.jpg,2014,2010,-4
56965.jpg,2014,1985,-29
56970.jpg,2014,1980,-34
56975.jpg,2014,1920,-94
56980.jpg,2014,1970,-44
56985.jpg,2014,2010,-4
56990.jpg,2014,2018,4
56995.jpg,2014,2010,-4
57005.jpg,2014,2010,-4
57010.jpg,2014,1987,-27
57015.jpg,2014,2020,6
57020.jpg,2014,2010,-4
57025.jpg,2014,2015,1
57030.jpg,2014,2010,-4
57035.jpg,2014,2015,1
57040.jpg,2014,2015,1
57045.jpg,2014,2010,-4
57050.jpg,2014,2015,1
57055.jpg,2014,2010,-4
57060.jpg,2014,2010,-4
57065.jpg,2014,2010,-4
57070.jpg,2014,2015,1
57075.jpg,2015,1970,-45
57085.jpg,2015,2010,-5
57090.jpg,2015,2010,-5
57095.jpg,2015,2010,-5
57100.jpg,2015,2010,-5
57105.jpg,2015,2010,-5
57110.jpg,2015,2010,-5
57120.jpg,2015,2015,0
57125.jpg,2015,2010,-5
57130.jpg,2015,2010,-5
57135.jpg,2015,2010,-5
57140.jpg,2015,2010,-5
57145.jpg,2015,2010,-5
57150.jpg,2015,2015,0
57155.jpg,2015,2015,0
57160.jpg,2015,2010,-5
57165.jpg,2015,2015,0
57170.jpg,2015,2015,0
57175.jpg,2015,2015,0
57180.jpg,2015,2010,-5
57185.jpg,2015,2015,0
57195.jpg,2015,2010,-5
57200.jpg,2015,1950,-65
57205.jpg,2015,2010,-5
57210.jpg,2015,2015,0
57215.jpg,2015,1992,-23
57220.jpg,2016,2010,-6
57225.jpg,2016,2010,-6
57230.jpg,2016,2010,-6
57235.jpg,2016,2015,-1
57240.jpg,2016,2005,-11
57250.jpg,2016,2010,-6
57255.jpg,2016,2015,-1
57270.jpg,2016,1960,-56
57275.jpg,2016,1985,-31
57280.jpg,2016,2015,-1
57285.jpg,2016,2010,-6
57290.jpg,2016,2016,0
57295.jpg,2016,2015,-1
57300.jpg,2016,2015,-1
57305.jpg,2016,2015,-1
57310.jpg,2016,1985,-31
57315.jpg,2016,2015,-1
57320.jpg,2016,2015,-1
57325.jpg,2016,2015,-1
57330.jpg,2016,2015,-1
57335.jpg,2016,2010,-6
57340.jpg,2016,2015,-1
57345.jpg,2016,1982,-34
57350.jpg,2016,2015,-1
57355.jpg,2016,2010,-6
57360.jpg,2016,2010,-6
57365.jpg,2017,2010,-7
57370.jpg,2017,2010,-7
57375.jpg,2017,2000,-17
57385.jpg,2017,2017,0
57390.jpg,2017,2018,1
57395.jpg,2017,2010,-7
57400.jpg,2017,1970,-47
57415.jpg,2017,2010,-7
57420.jpg,2017,2005,-12
57425.jpg,2017,2010,-7
57430.jpg,2017,1960,-57
57435.jpg,2017,2015,-2
57440.jpg,2017,2010,-7
57450.jpg,2017,1960,-57
57455.jpg,2017,2010,-7
57470.jpg,2017,2015,-2
57475.jpg,2017,2010,-7
57480.jpg,2018,2010,-8
57485.jpg,2018,2010,-8
57490.jpg,2018,2010,-8
57495.jpg,2018,2010,-8
57500.jpg,2018,2015,-3
57505.jpg,2018,2018,0
57510.jpg,2018,2010,-8
57515.jpg,2018,2015,-3
57520.jpg,2018,2010,-8
57525.jpg,2018,2010,-8
57530.jpg,2018,2010,-8
57545.jpg,2018,2015,-3
57550.jpg,2018,2014,-4
57555.jpg,2018,2015,-3
57560.jpg,2018,2018,0
57565.jpg,2018,2010,-8
57570.jpg,2018,2015,-3
57575.jpg,2018,2010,-8
57585.jpg,2019,1980,-39
57595.jpg,2019,2015,-4
57600.jpg,2019,2010,-9
57605.jpg,2019,1906,-113
57610.jpg,2019,2014,-5
57615.jpg,2019,2015,-4
57620.jpg,2019,2010,-9
57625.jpg,2019,2010,-9
57630.jpg,2019,1983,-36
57635.jpg,2019,2015,-4
57640.jpg,2019,2010,-9
57645.jpg,2019,2015,-4
57660.jpg,2019,2010,-9
57665.jpg,2019,2015,-4
57670.jpg,2020,2010,-10
57675.jpg,2020,2015,-5
57680.jpg,2020,2015,-5
57685.jpg,2020,2015,-5
57690.jpg,2020,2010,-10
57695.jpg,2020,1985,-35
57700.jpg,2020,1950,-70
57705.jpg,2020,2010,-10
57710.jpg,2020,1980,-40
57725.jpg,2020,2015,-5
57730.jpg,2021,2015,-6
57735.jpg,2021,2010,-11
57740.jpg,2021,2015,-6
57745.jpg,2021,2019,-2
57750.jpg,2021,2018,-3
57755.jpg,2021,2005,-16
57760.jpg,2021,2010,-11
57765.jpg,2021,2015,-6
57770.jpg,2021,2015,-6
57780.jpg,2021,2023,2
57785.jpg,2021,2015,-6
57790.jpg,2021,2010,-11
57795.jpg,2021,2015,-6
57800.jpg,2021,2015,-6
57805.jpg,2022,2015,-7
57810.jpg,2022,2015,-7
57815.jpg,2022,2015,-7
57825.jpg,2022,1992,-30
57830.jpg,2022,2012,-10
57835.jpg,2022,2010,-12
57840.jpg,2022,1985,-37
57845.jpg,2022,2020,-2
57860.jpg,2022,2015,-7
57865.jpg,2022,2015,-7
57870.jpg,2022,2012,-10
57875.jpg,2023,2017,-6
57885.jpg,2023,2018,-5
57890.jpg,2023,2016,-7
57895.jpg,2023,2015,-8
57900.jpg,2023,2010,-13
57910.jpg,2023,2015,-8
57915.jpg,2023,2010,-13
57920.jpg,2023,1960,-63
57925.jpg,2024,1890,-134
57930.jpg,2024,2015,-9
