name,year,pred,diff
5.jpg,1008,1200,192
10.jpg,1016,1950,934
15.jpg,1022,1046,24
20.jpg,1028,1600,572
25.jpg,1036,1980,944
30.jpg,1048,1066,18
35.jpg,1051,1930,879
40.jpg,1061,1075,14
45.jpg,1063,1629,566
55.jpg,1070,1297,227
60.jpg,1076,1200,124
65.jpg,1080,1500,420
70.jpg,1090,1200,110
75.jpg,1093,1600,507
80.jpg,1097,1840,743
85.jpg,1100,1950,850
90.jpg,1100,1850,750
95.jpg,1107,1750,643
100.jpg,1110,1459,349
105.jpg,1114,1200,86
110.jpg,1116,1500,384
120.jpg,1120,1200,80
125.jpg,1122,1700,578
130.jpg,1125,1600,475
135.jpg,1128,1150,22
140.jpg,1129,1500,371
145.jpg,1130,1200,70
150.jpg,1131,1200,69
155.jpg,1134,1750,616
165.jpg,1138,1800,662
170.jpg,1140,1890,750
175.jpg,1144,1245,101
180.jpg,1146,1200,54
185.jpg,1147,1147,0
190.jpg,1149,1200,51
195.jpg,1150,1200,50
200.jpg,1152,1205,53
210.jpg,1160,1200,40
215.jpg,1165,1200,35
220.jpg,1168,1600,432
225.jpg,1170,1200,30
230.jpg,1170,1520,350
235.jpg,1172,1500,328
240.jpg,1175,1930,755
245.jpg,1177,1276,99
255.jpg,1180,1200,20
260.jpg,1180,1200,20
265.jpg,1180,1800,620
275.jpg,1185,1205,20
280.jpg,1189,1589,400
285.jpg,1191,1200,9
290.jpg,1192,1200,8
295.jpg,1194,1400,206
300.jpg,1196,1200,4
305.jpg,1198,1493,295
310.jpg,1199,1800,601
315.jpg,1200,1894,694
320.jpg,1202,1200,-2
325.jpg,1204,1600,396
330.jpg,1208,1600,392
335.jpg,1211,1639,428
340.jpg,1212,1300,88
345.jpg,1215,1600,385
350.jpg,1217,1200,-17
355.jpg,1220,1420,200
360.jpg,1221,1200,-21
365.jpg,1222,1400,178
370.jpg,1224,1200,-24
375.jpg,1226,1409,183
380.jpg,1227,1600,373
385.jpg,1229,1200,-29
390.jpg,1231,1320,89
395.jpg,1232,1200,-32
405.jpg,1237,1320,83
410.jpg,1238,1200,-38
415.jpg,1240,1450,210
420.jpg,1242,1600,358
425.jpg,1245,1500,255
430.jpg,1247,1200,-47
435.jpg,1248,1435,187
440.jpg,1250,1500,250
445.jpg,1250,1200,-50
450.jpg,1252,1200,-52
455.jpg,1255,1950,695
460.jpg,1259,1750,491
465.jpg,1260,1400,140
470.jpg,1263,1203,-60
475.jpg,1264,1200,-64
485.jpg,1270,1200,-70
490.jpg,1270,1450,180
495.jpg,1270,1850,580
500.jpg,1271,1500,229
505.jpg,1273,1500,227
510.jpg,1275,1800,525
515.jpg,1277,1200,-77
520.jpg,1278,1200,-78
525.jpg,1279,1230,-49
530.jpg,1280,1600,320
535.jpg,1285,1200,-85
540.jpg,1288,1930,642
545.jpg,1289,1600,311
550.jpg,1290,1200,-90
555.jpg,1291,1200,-91
560.jpg,1293,1200,-93
565.jpg,1295,1407,112
570.jpg,1298,1450,152
575.jpg,1300,1500,200
580.jpg,1300,1500,200
585.jpg,1300,1700,400
590.jpg,1301,1500,199
595.jpg,1303,1206,-97
600.jpg,1305,1200,-105
605.jpg,1307,1850,543
610.jpg,1309,1700,391
615.jpg,1310,1500,190
620.jpg,1311,1209,-102
625.jpg,1313,1200,-113
630.jpg,1314,1200,-114
635.jpg,1317,1850,533
640.jpg,1319,1184,-135
645.jpg,1320,1500,180
650.jpg,1322,1200,-122
655.jpg,1324,1348,24
660.jpg,1325,1500,175
665.jpg,1326,1200,-126
670.jpg,1327,1850,523
675.jpg,1328,1356,28
680.jpg,1330,1750,420
685.jpg,1330,1283,-47
690.jpg,1331,1700,369
695.jpg,1333,1500,167
700.jpg,1335,1200,-135
705.jpg,1337,1890,553
710.jpg,1338,1500,162
715.jpg,1340,1890,550
720.jpg,1340,1580,240
725.jpg,1343,1592,249
730.jpg,1345,1200,-145
735.jpg,1345,1600,255
740.jpg,1346,1903,557
745.jpg,1347,1500,153
750.jpg,1347,1537,190
755.jpg,1349,1850,501
760.jpg,1350,1700,350
765.jpg,1350,1250,-100
775.jpg,1353,1500,147
780.jpg,1354,1200,-154
785.jpg,1356,1300,-56
790.jpg,1358,1532,174
795.jpg,1360,1500,140
800.jpg,1361,1200,-161
805.jpg,1362,1584,222
810.jpg,1364,1900,536
815.jpg,1365,1500,135
825.jpg,1370,1900,530
830.jpg,1371,1200,-171
835.jpg,1373,1960,587
840.jpg,1375,1570,195
845.jpg,1377,1500,123
850.jpg,1380,2010,630
855.jpg,1381,1400,19
860.jpg,1382,1570,188
865.jpg,1384,1384,0
870.jpg,1386,2015,629
875.jpg,1389,1500,111
880.jpg,1390,1200,-190
885.jpg,1394,1452,58
890.jpg,1396,1592,196
895.jpg,1397,1500,103
900.jpg,1398,1405,7
905.jpg,1399,1200,-199
910.jpg,1400,1570,170
915.jpg,1401,1400,-1
920.jpg,1402,1600,198
925.jpg,1405,1500,95
930.jpg,1406,1500,94
935.jpg,1409,1500,91
940.jpg,1410,1500,90
945.jpg,1410,1356,-54
950.jpg,1411,1200,-211
955.jpg,1413,1286,-127
960.jpg,1414,1950,536
965.jpg,1417,1298,-119
970.jpg,1419,1950,531
975.jpg,1420,1500,80
980.jpg,1420,1989,569
985.jpg,1422,1800,378
990.jpg,1424,1270,-154
995.jpg,1425,1203,-222
1000.jpg,1426,1500,74
1005.jpg,1428,1850,422
1010.jpg,1430,1780,350
1015.jpg,1431,1200,-231
1025.jpg,1435,1893,458
1030.jpg,1436,1500,64
1035.jpg,1438,1750,312
1040.jpg,1440,1950,510
1045.jpg,1441,1800,359
1050.jpg,1442,1850,408
1055.jpg,1444,1500,56
1060.jpg,1446,1890,444
1065.jpg,1448,1500,52
1070.jpg,1450,1500,50
1075.jpg,1450,1205,-245
1080.jpg,1451,2010,559
1085.jpg,1452,1850,398
1090.jpg,1453,1480,27
1095.jpg,1455,1256,-199
1100.jpg,1457,1850,393
1105.jpg,1458,1453,-5
1110.jpg,1459,1594,135
1115.jpg,1460,1500,40
1120.jpg,1462,1850,388
1125.jpg,1462,1200,-262
1130.jpg,1464,1450,-14
1135.jpg,1465,1750,285
1140.jpg,1466,1450,-16
1145.jpg,1467,1600,133
1150.jpg,1468,1500,32
1155.jpg,1469,1200,-269
1160.jpg,1470,1900,430
1165.jpg,1470,1500,30
1170.jpg,1472,1850,378
1175.jpg,1473,1850,377
1180.jpg,1475,1200,-275
1185.jpg,1477,1279,-198
1190.jpg,1477,1600,123
1195.jpg,1479,1600,121
1200.jpg,1480,1235,-245
1205.jpg,1482,1580,98
1210.jpg,1482,1500,18
1215.jpg,1483,1500,17
1220.jpg,1485,1500,15
1225.jpg,1487,1800,313
1230.jpg,1487,1400,-87
1235.jpg,1488,1980,492
1240.jpg,1489,1200,-289
1245.jpg,1490,1526,36
1250.jpg,1490,1500,10
1255.jpg,1491,1485,-6
1260.jpg,1492,1600,108
1265.jpg,1493,1750,257
1270.jpg,1494,1600,106
1275.jpg,1495,1200,-295
1280.jpg,1496,1950,454
1285.jpg,1497,1850,353
1290.jpg,1497,1509,12
1295.jpg,1498,1500,2
1300.jpg,1499,1487,-12
1305.jpg,1500,1500,0
1310.jpg,1500,1750,250
1315.jpg,1501,1600,99
1325.jpg,1503,1750,247
1330.jpg,1504,1203,-301
1335.jpg,1505,1800,295
1340.jpg,1506,1530,24
1345.jpg,1507,1500,-7
1350.jpg,1508,1500,-8
1355.jpg,1508,1637,129
1360.jpg,1509,1520,11
1365.jpg,1510,1850,340
1370.jpg,1510,1950,440
1375.jpg,1511,1500,-11
1380.jpg,1512,1520,8
1385.jpg,1513,1500,-13
1390.jpg,1513,1750,237
1395.jpg,1515,1400,-115
1400.jpg,1515,1600,85
1405.jpg,1516,1700,184
1410.jpg,1517,1504,-13
1415.jpg,1518,1600,82
1420.jpg,1518,1526,8
1425.jpg,1520,1600,80
1430.jpg,1521,1519,-2
1435.jpg,1521,1573,52
1440.jpg,1522,2010,488
1445.jpg,1523,1950,427
1450.jpg,1524,1500,-24
1455.jpg,1525,1750,225
1460.jpg,1526,1750,224
1465.jpg,1526,1500,-26
1470.jpg,1527,1500,-27
1475.jpg,1528,1750,222
1480.jpg,1528,1850,322
1485.jpg,1530,1544,14
1490.jpg,1530,1600,70
1495.jpg,1530,1800,270
1500.jpg,1531,1870,339
1505.jpg,1531,1800,269
1510.jpg,1532,1754,222
1515.jpg,1532,1600,68
1520.jpg,1533,1800,267
1525.jpg,1534,1850,316
1530.jpg,1535,1600,65
1535.jpg,1535,1850,315
1540.jpg,1536,1750,214
1545.jpg,1537,1547,10
1550.jpg,1537,1635,98
1555.jpg,1538,1560,22
1560.jpg,1539,1600,61
1565.jpg,1540,1290,-250
1570.jpg,1540,1540,0
1575.jpg,1540,1850,310
1580.jpg,1540,1500,-40
1590.jpg,1542,1750,208
1595.jpg,1543,1750,207
1600.jpg,1543,1600,57
1605.jpg,1544,1500,-44
1610.jpg,1545,1850,305
1615.jpg,1545,1600,55
1620.jpg,1547,1519,-28
1625.jpg,1548,1850,302
1630.jpg,1549,1750,201
1635.jpg,1549,1750,201
1640.jpg,1550,1600,50
1645.jpg,1550,1700,150
1650.jpg,1550,1850,300
1655.jpg,1550,1500,-50
1660.jpg,1551,1850,299
1665.jpg,1551,1569,18
1670.jpg,1552,1600,48
1675.jpg,1553,1600,47
1680.jpg,1554,1750,196
1685.jpg,1554,1580,26
1690.jpg,1555,1800,245
1695.jpg,1556,1950,394
1700.jpg,1557,1920,363
1705.jpg,1558,1950,392
1710.jpg,1558,1543,-15
1715.jpg,1559,1638,79
1720.jpg,1559,1850,291
1725.jpg,1560,1770,210
1730.jpg,1560,1700,140
1735.jpg,1560,1950,390
1740.jpg,1561,1850,289
1745.jpg,1561,1562,1
1750.jpg,1562,1500,-62
1755.jpg,1563,1890,327
1760.jpg,1564,1850,286
1765.jpg,1565,1850,285
1770.jpg,1565,1750,185
1775.jpg,1565,1800,235
1780.jpg,1566,1665,99
1785.jpg,1567,1750,183
1790.jpg,1567,1560,-7
1795.jpg,1568,1500,-68
1800.jpg,1568,1600,32
1805.jpg,1569,1750,181
1810.jpg,1570,1700,130
1815.jpg,1570,1750,180
1820.jpg,1570,1500,-70
1825.jpg,1571,1950,379
1830.jpg,1572,1750,178
1835.jpg,1572,1562,-10
1840.jpg,1573,1500,-73
1845.jpg,1573,1920,347
1850.jpg,1574,1750,176
1855.jpg,1574,1723,149
1860.jpg,1575,1840,265
1865.jpg,1575,1750,175
1870.jpg,1575,1600,25
1875.jpg,1576,1800,224
1880.jpg,1577,1600,23
1885.jpg,1578,1750,172
1890.jpg,1578,1800,222
1895.jpg,1579,1520,-59
1900.jpg,1579,1700,121
1905.jpg,1580,1769,189
1910.jpg,1580,1800,220
1915.jpg,1581,1500,-81
1920.jpg,1581,1600,19
1925.jpg,1582,1540,-42
1930.jpg,1582,1920,338
1935.jpg,1583,1856,273
1940.jpg,1584,1600,16
1945.jpg,1584,1850,266
1950.jpg,1585,1780,195
1955.jpg,1585,1500,-85
1960.jpg,1585,1850,265
1965.jpg,1586,1557,-29
1970.jpg,1586,1850,264
1975.jpg,1587,1501,-86
1980.jpg,1588,1500,-88
1985.jpg,1588,1500,-88
1990.jpg,1588,1750,162
1995.jpg,1588,1877,289
2000.jpg,1589,1800,211
2005.jpg,1590,1750,160
2010.jpg,1590,1848,258
2020.jpg,1591,1800,209
2025.jpg,1591,1750,159
2030.jpg,1592,1900,308
2035.jpg,1593,1920,327
2045.jpg,1595,1596,1
2050.jpg,1595,1600,5
2055.jpg,1595,1890,295
2060.jpg,1596,1500,-96
2065.jpg,1596,1500,-96
2070.jpg,1597,1936,339
2075.jpg,1597,1570,-27
2080.jpg,1598,1500,-98
2085.jpg,1598,1700,102
2090.jpg,1598,1850,252
2095.jpg,1600,1597,-3
2100.jpg,1600,1500,-100
2115.jpg,1602,1600,-2
2125.jpg,1604,1600,-4
2130.jpg,1604,1600,-4
2135.jpg,1604,1600,-4
2140.jpg,1605,1738,133
2145.jpg,1605,1600,-5
2150.jpg,1606,1850,244
2155.jpg,1606,1650,44
2160.jpg,1607,1660,53
2165.jpg,1607,1587,-20
2170.jpg,1608,1750,142
2175.jpg,1608,1700,92
2180.jpg,1609,1500,-109
2185.jpg,1610,1500,-110
2190.jpg,1610,1597,-13
2195.jpg,1610,1682,72
2200.jpg,1610,1800,190
2205.jpg,1611,1607,-4
2210.jpg,1611,1800,189
2215.jpg,1611,1500,-111
2220.jpg,1612,2010,398
2225.jpg,1612,1425,-187
2230.jpg,1613,1600,-13
2235.jpg,1613,1750,137
2240.jpg,1614,1576,-38
2245.jpg,1614,1750,136
2250.jpg,1614,1566,-48
2255.jpg,1615,1900,285
2260.jpg,1615,1200,-415
2265.jpg,1616,1600,-16
2270.jpg,1616,1738,122
2275.jpg,1616,1950,334
2280.jpg,1616,1750,134
2285.jpg,1617,1850,233
2290.jpg,1617,1500,-117
2295.jpg,1617,1700,83
2300.jpg,1618,1600,-18
2305.jpg,1618,1890,272
2310.jpg,1619,1590,-29
2315.jpg,1619,1800,181
2320.jpg,1619,1600,-19
2325.jpg,1620,1750,130
2330.jpg,1620,1600,-20
2335.jpg,1620,1593,-27
2340.jpg,1621,1695,74
2345.jpg,1621,1700,79
2350.jpg,1622,1750,128
2360.jpg,1623,1600,-23
2365.jpg,1624,1850,226
2370.jpg,1624,1750,126
2375.jpg,1624,1568,-56
2380.jpg,1625,1850,225
2385.jpg,1625,1750,125
2390.jpg,1625,1800,175
2395.jpg,1625,1850,225
2400.jpg,1626,1600,-26
2405.jpg,1626,1850,224
2410.jpg,1627,1750,123
2415.jpg,1628,1900,272
2420.jpg,1628,1850,222
2425.jpg,1629,1890,261
2430.jpg,1629,1500,-129
2435.jpg,1630,1800,170
2440.jpg,1630,1600,-30
2445.jpg,1630,1683,53
2450.jpg,1630,1750,120
2455.jpg,1631,1720,89
2460.jpg,1631,1750,119
2465.jpg,1631,1500,-131
2470.jpg,1632,1805,173
2475.jpg,1632,1850,218
2480.jpg,1632,1850,218
2485.jpg,1633,1800,167
2490.jpg,1633,1405,-228
2495.jpg,1634,1897,263
2500.jpg,1634,1500,-134
2505.jpg,1634,1768,134
2510.jpg,1635,1630,-5
2515.jpg,1635,1708,73
2520.jpg,1635,1600,-35
2525.jpg,1636,1850,214
2530.jpg,1636,1800,164
2535.jpg,1636,1600,-36
2540.jpg,1637,1850,213
2545.jpg,1637,1800,163
2550.jpg,1638,1547,-91
2555.jpg,1638,1635,-3
2560.jpg,1638,1920,282
2565.jpg,1639,1800,161
2570.jpg,1639,1700,61
2575.jpg,1640,1800,160
2580.jpg,1640,1800,160
2585.jpg,1640,1806,166
2590.jpg,1641,1790,149
2595.jpg,1641,1700,59
2600.jpg,1641,1920,279
2605.jpg,1642,1500,-142
2610.jpg,1642,1850,208
2615.jpg,1643,1600,-43
2620.jpg,1644,1850,206
2625.jpg,1644,1750,106
2630.jpg,1644,1850,206
2635.jpg,1645,1800,155
2640.jpg,1645,1600,-45
2645.jpg,1646,1892,246
2650.jpg,1646,1800,154
2655.jpg,1646,1500,-146
2660.jpg,1648,1800,152
2665.jpg,1648,1850,202
2670.jpg,1648,1639,-9
2675.jpg,1649,1850,201
2680.jpg,1650,1600,-50
2685.jpg,1650,1700,50
2690.jpg,1650,1850,200
2695.jpg,1650,1885,235
2700.jpg,1651,1670,19
2705.jpg,1651,1852,201
2710.jpg,1652,1800,148
2715.jpg,1653,1800,147
2720.jpg,1653,1639,-14
2725.jpg,1654,1750,96
2730.jpg,1654,1500,-154
2735.jpg,1655,1750,95
2745.jpg,1656,1850,194
2750.jpg,1656,1687,31
2755.jpg,1656,1850,194
2760.jpg,1657,1700,43
2765.jpg,1657,1600,-57
2770.jpg,1658,1600,-58
2775.jpg,1658,1850,192
2780.jpg,1659,1600,-59
2785.jpg,1659,1750,91
2790.jpg,1660,1500,-160
2795.jpg,1660,1750,90
2800.jpg,1660,1600,-60
2805.jpg,1660,1700,40
2810.jpg,1660,1750,90
2815.jpg,1660,1754,94
2820.jpg,1660,1750,90
2825.jpg,1661,1900,239
2830.jpg,1661,1850,189
2835.jpg,1661,1950,289
2840.jpg,1661,1900,239
2845.jpg,1662,1920,258
2850.jpg,1663,1750,87
2855.jpg,1663,1856,193
2860.jpg,1664,1600,-64
2865.jpg,1664,1750,86
2870.jpg,1664,1750,86
2875.jpg,1665,1800,135
2880.jpg,1665,1600,-65
2885.jpg,1665,1800,135
2890.jpg,1665,1600,-65
2895.jpg,1666,1750,84
2900.jpg,1666,1850,184
2905.jpg,1667,1850,183
2910.jpg,1667,1650,-17
2915.jpg,1667,1650,-17
2920.jpg,1668,1750,82
2925.jpg,1669,1825,156
2930.jpg,1669,1800,131
2935.jpg,1670,1800,130
2940.jpg,1670,1800,130
2945.jpg,1670,1850,180
2950.jpg,1670,1600,-70
2955.jpg,1671,1700,29
2960.jpg,1671,1500,-171
2965.jpg,1671,1750,79
2970.jpg,1672,1850,178
2975.jpg,1672,1800,128
2980.jpg,1673,1800,127
2985.jpg,1673,1800,127
2990.jpg,1674,1850,176
2995.jpg,1674,1850,176
3000.jpg,1674,1500,-174
3010.jpg,1675,1600,-75
3020.jpg,1676,1850,174
3025.jpg,1676,1712,36
3030.jpg,1677,1950,273
3035.jpg,1677,1750,73
3040.jpg,1677,1720,43
3045.jpg,1678,1850,172
3050.jpg,1678,1750,72
3055.jpg,1678,1705,27
3060.jpg,1679,1850,171
3065.jpg,1679,1890,211
3075.jpg,1680,1750,70
3080.jpg,1680,1850,170
3085.jpg,1680,1700,20
3090.jpg,1680,1850,170
3095.jpg,1680,1700,20
3100.jpg,1680,1760,80
3105.jpg,1681,1700,19
3110.jpg,1681,1754,73
3115.jpg,1681,1750,69
3120.jpg,1681,1500,-181
3125.jpg,1682,1750,68
3130.jpg,1682,1800,118
3135.jpg,1682,1708,26
3140.jpg,1682,1600,-82
3145.jpg,1683,1850,167
3150.jpg,1683,1750,67
3155.jpg,1683,1850,167
3160.jpg,1683,1200,-483
3165.jpg,1683,1720,37
3170.jpg,1684,1700,16
3175.jpg,1684,1689,5
3180.jpg,1684,1800,116
3185.jpg,1684,1750,66
3190.jpg,1685,1800,115
3195.jpg,1685,1750,65
3200.jpg,1685,1600,-85
3205.jpg,1686,1750,64
3210.jpg,1686,1750,64
3215.jpg,1686,1850,164
3220.jpg,1686,1850,164
3225.jpg,1687,1600,-87
3230.jpg,1687,1750,63
3235.jpg,1687,1700,13
3240.jpg,1688,1800,112
3245.jpg,1688,1700,12
3250.jpg,1689,1850,161
3255.jpg,1689,1800,111
3260.jpg,1689,1750,61
3270.jpg,1690,1800,110
3275.jpg,1690,1850,160
3280.jpg,1690,1850,160
3285.jpg,1690,1800,110
3290.jpg,1690,2010,320
3295.jpg,1690,1850,160
3300.jpg,1690,1800,110
3305.jpg,1691,1800,109
3310.jpg,1691,1733,42
3315.jpg,1691,1720,29
3320.jpg,1692,1850,158
3325.jpg,1692,1487,-205
3330.jpg,1693,1985,292
3335.jpg,1693,1800,107
3340.jpg,1694,1800,106
3345.jpg,1694,2010,316
3350.jpg,1694,1600,-94
3355.jpg,1695,1850,155
3360.jpg,1695,1850,155
3365.jpg,1695,1800,105
3370.jpg,1695,1850,155
3375.jpg,1695,1605,-90
3385.jpg,1696,1800,104
3390.jpg,1696,1900,204
3395.jpg,1696,1920,224
3400.jpg,1696,1784,88
3405.jpg,1696,1750,54
3410.jpg,1697,1750,53
3415.jpg,1697,1850,153
3420.jpg,1697,1850,153
3425.jpg,1697,1560,-137
3430.jpg,1698,1750,52
3435.jpg,1698,1850,152
3440.jpg,1698,1600,-98
3445.jpg,1699,1750,51
3450.jpg,1699,1700,1
3455.jpg,1699,1850,151
3460.jpg,1700,1800,100
3465.jpg,1700,1900,200
3470.jpg,1700,1750,50
3475.jpg,1700,1800,100
3480.jpg,1700,1800,100
3485.jpg,1700,1850,150
3490.jpg,1700,1750,50
3495.jpg,1700,1700,0
3500.jpg,1700,1750,50
3505.jpg,1700,1750,50
3510.jpg,1700,1500,-200
3520.jpg,1701,1850,149
3525.jpg,1701,1700,-1
3535.jpg,1702,1800,98
3540.jpg,1702,1730,28
3545.jpg,1703,1703,0
3550.jpg,1704,1850,146
3555.jpg,1704,1750,46
3560.jpg,1704,1960,256
3565.jpg,1704,1900,196
3570.jpg,1704,1920,216
3575.jpg,1705,1600,-105
3580.jpg,1705,1750,45
3585.jpg,1705,1850,145
3590.jpg,1705,1733,28
3595.jpg,1706,1850,144
3600.jpg,1706,1800,94
3605.jpg,1706,1750,44
3610.jpg,1706,1850,144
3615.jpg,1707,1850,143
3620.jpg,1707,1750,43
3625.jpg,1707,1760,53
3630.jpg,1708,1800,92
3635.jpg,1708,1700,-8
3640.jpg,1708,1750,42
3645.jpg,1708,1750,42
3650.jpg,1709,1500,-209
3655.jpg,1709,1850,141
3660.jpg,1709,1750,41
3665.jpg,1709,1750,41
3670.jpg,1710,1750,40
3675.jpg,1710,1950,240
3680.jpg,1710,1800,90
3685.jpg,1710,1850,140
3690.jpg,1710,1800,90
3695.jpg,1710,1750,40
3700.jpg,1710,1850,140
3705.jpg,1710,1850,140
3710.jpg,1710,1523,-187
3715.jpg,1711,1850,139
3720.jpg,1711,1700,-11
3725.jpg,1711,1750,39
3730.jpg,1711,1738,27
3735.jpg,1711,1750,39
3740.jpg,1712,1920,208
3745.jpg,1712,1920,208
3750.jpg,1713,1600,-113
3755.jpg,1713,1850,137
3760.jpg,1713,1760,47
3765.jpg,1713,1672,-41
3770.jpg,1714,1850,136
3775.jpg,1714,1750,36
3780.jpg,1714,1850,136
3785.jpg,1714,1750,36
3790.jpg,1715,1700,-15
3795.jpg,1715,1950,235
3800.jpg,1715,1900,185
3805.jpg,1715,1900,185
3810.jpg,1715,1750,35
3815.jpg,1715,1800,85
3820.jpg,1715,1900,185
3825.jpg,1715,1750,35
3830.jpg,1715,1700,-15
3835.jpg,1716,1850,134
3840.jpg,1716,1850,134
3845.jpg,1716,1850,134
3850.jpg,1716,1850,134
3855.jpg,1716,1730,14
3860.jpg,1716,1750,34
3865.jpg,1717,1850,133
3870.jpg,1717,1850,133
3875.jpg,1717,1850,133
3880.jpg,1718,1750,32
3885.jpg,1718,1672,-46
3890.jpg,1719,1800,81
3895.jpg,1719,1800,81
3900.jpg,1719,1750,31
3905.jpg,1719,1850,131
3910.jpg,1720,1980,260
3915.jpg,1720,1830,110
3920.jpg,1720,1850,130
3925.jpg,1720,1800,80
3930.jpg,1720,1950,230
3935.jpg,1720,1850,130
3940.jpg,1720,1800,80
3945.jpg,1720,1800,80
3950.jpg,1720,1800,80
3955.jpg,1720,1750,30
3960.jpg,1720,1850,130
3965.jpg,1720,1850,130
3970.jpg,1720,1500,-220
3975.jpg,1721,1850,129
3980.jpg,1721,1850,129
3985.jpg,1721,1750,29
3990.jpg,1721,1750,29
3995.jpg,1721,1700,-21
4000.jpg,1722,1700,-22
4005.jpg,1722,1792,70
4010.jpg,1722,1750,28
4015.jpg,1722,1850,128
4020.jpg,1722,1850,128
4025.jpg,1723,1705,-18
4030.jpg,1723,1950,227
4035.jpg,1723,1850,127
4040.jpg,1723,1850,127
4045.jpg,1723,1720,-3
4050.jpg,1723,1600,-123
4055.jpg,1723,1700,-23
4060.jpg,1724,1900,176
4065.jpg,1724,1850,126
4070.jpg,1724,1920,196
4075.jpg,1724,1850,126
4080.jpg,1724,1850,126
4085.jpg,1724,1567,-157
4090.jpg,1724,1750,26
4095.jpg,1724,1500,-224
4100.jpg,1725,1920,195
4105.jpg,1725,1850,125
4110.jpg,1725,1850,125
4115.jpg,1725,1700,-25
4120.jpg,1725,1850,125
4125.jpg,1725,1850,125
4130.jpg,1725,1850,125
4135.jpg,1725,1714,-11
4140.jpg,1725,1760,35
4145.jpg,1725,1800,75
4150.jpg,1725,1500,-225
4155.jpg,1725,1900,175
4160.jpg,1726,1850,124
4165.jpg,1726,1850,124
4170.jpg,1726,1750,24
4175.jpg,1726,1900,174
4180.jpg,1726,1750,24
4185.jpg,1727,1850,123
4190.jpg,1727,1700,-27
4195.jpg,1727,1800,73
4200.jpg,1727,1800,73
4205.jpg,1727,1600,-127
4210.jpg,1727,1800,73
4215.jpg,1728,1800,72
4220.jpg,1728,1890,162
4225.jpg,1728,1750,22
4230.jpg,1728,1890,162
4235.jpg,1728,1920,192
4240.jpg,1728,1950,222
4245.jpg,1728,1750,22
4250.jpg,1729,1764,35
4255.jpg,1729,1850,121
4260.jpg,1729,1750,21
4265.jpg,1729,1850,121
4270.jpg,1729,1750,21
4275.jpg,1730,1850,120
4280.jpg,1730,1750,20
4285.jpg,1730,1700,-30
4290.jpg,1730,1800,70
4295.jpg,1730,1900,170
4300.jpg,1730,1850,120
4305.jpg,1730,1850,120
4310.jpg,1730,1850,120
4315.jpg,1730,1850,120
4320.jpg,1730,1750,20
4325.jpg,1730,1848,118
4330.jpg,1730,1850,120
4335.jpg,1730,1750,20
4340.jpg,1730,1750,20
4345.jpg,1730,1800,70
4350.jpg,1730,1960,230
4355.jpg,1730,1950,220
4360.jpg,1730,1920,190
4365.jpg,1730,1930,200
4370.jpg,1731,1750,19
4375.jpg,1731,1760,29
4380.jpg,1731,1850,119
4385.jpg,1731,1750,19
4390.jpg,1732,1750,18
4395.jpg,1732,1800,68
4400.jpg,1732,1920,188
4405.jpg,1732,1750,18
4410.jpg,1732,1800,68
4415.jpg,1732,1800,68
4420.jpg,1732,1750,18
4425.jpg,1732,1200,-532
4430.jpg,1732,1583,-149
4435.jpg,1733,1750,17
4440.jpg,1733,1750,17
4445.jpg,1733,1850,117
4450.jpg,1733,1750,17
4455.jpg,1733,1750,17
4460.jpg,1733,1800,67
4465.jpg,1733,1950,217
4470.jpg,1733,1850,117
4475.jpg,1734,1750,16
4480.jpg,1734,1705,-29
4485.jpg,1734,1890,156
4490.jpg,1734,1850,116
4495.jpg,1735,1800,65
4505.jpg,1735,1800,65
4510.jpg,1735,1850,115
4515.jpg,1735,1830,95
4520.jpg,1735,1750,15
4525.jpg,1735,1850,115
4530.jpg,1735,1820,85
4535.jpg,1735,1850,115
4545.jpg,1736,1902,166
4550.jpg,1736,1750,14
4555.jpg,1736,1800,64
4560.jpg,1736,1689,-47
4565.jpg,1736,1850,114
4570.jpg,1736,1820,84
4575.jpg,1737,1820,83
4580.jpg,1737,1850,113
4585.jpg,1737,1850,113
4590.jpg,1737,1920,183
4595.jpg,1737,1750,13
4600.jpg,1737,1950,213
4605.jpg,1738,1818,80
4610.jpg,1738,1750,12
4615.jpg,1738,1890,152
4620.jpg,1738,1850,112
4625.jpg,1738,1750,12
4630.jpg,1738,1850,112
4635.jpg,1738,1750,12
4640.jpg,1739,1800,61
4645.jpg,1739,1850,111
4650.jpg,1739,1850,111
4655.jpg,1739,1750,11
4660.jpg,1739,1800,61
4665.jpg,1740,1750,10
4670.jpg,1740,1800,60
4675.jpg,1740,1850,110
4680.jpg,1740,1850,110
4685.jpg,1740,1750,10
4690.jpg,1740,1800,60
4695.jpg,1740,1950,210
4700.jpg,1740,1850,110
4705.jpg,1740,1850,110
4710.jpg,1740,1750,10
4715.jpg,1740,1850,110
4720.jpg,1740,1850,110
4725.jpg,1740,1850,110
4730.jpg,1740,1920,180
4735.jpg,1740,1850,110
4740.jpg,1740,1834,94
4745.jpg,1740,1950,210
4750.jpg,1741,1892,151
4755.jpg,1741,1790,49
4760.jpg,1741,1950,209
4765.jpg,1741,1850,109
4770.jpg,1741,1750,9
4775.jpg,1741,2010,269
4780.jpg,1742,1206,-536
4785.jpg,1742,1750,8
4790.jpg,1742,1750,8
4795.jpg,1742,1800,58
4800.jpg,1742,1800,58
4805.jpg,1742,1800,58
4810.jpg,1742,1600,-142
4815.jpg,1742,1850,108
4820.jpg,1743,1950,207
4825.jpg,1743,1750,7
4835.jpg,1743,1750,7
4840.jpg,1743,1800,57
4845.jpg,1744,1850,106
4850.jpg,1744,1750,6
4855.jpg,1744,1800,56
4860.jpg,1744,1750,6
4865.jpg,1744,1600,-144
4870.jpg,1745,1850,105
4875.jpg,1745,1850,105
4880.jpg,1745,1850,105
4885.jpg,1745,1500,-245
4890.jpg,1745,1700,-45
4895.jpg,1745,1750,5
4900.jpg,1745,1750,5
4905.jpg,1745,1920,175
4910.jpg,1746,1850,104
4915.jpg,1746,1750,4
4920.jpg,1746,1750,4
4925.jpg,1746,1200,-546
4930.jpg,1747,1820,73
4935.jpg,1747,1850,103
4940.jpg,1747,1750,3
4945.jpg,1747,1850,103
4950.jpg,1747,1850,103
4955.jpg,1747,1750,3
4960.jpg,1747,1950,203
4965.jpg,1748,1920,172
4970.jpg,1748,1790,42
4975.jpg,1748,1850,102
4980.jpg,1748,1920,172
4985.jpg,1748,1920,172
4990.jpg,1749,1850,101
4995.jpg,1749,1870,121
5000.jpg,1749,1800,51
5005.jpg,1749,1950,201
5010.jpg,1749,1890,141
5015.jpg,1750,1800,50
5020.jpg,1750,1850,100
5025.jpg,1750,1850,100
5030.jpg,1750,1800,50
5035.jpg,1750,1850,100
5040.jpg,1750,1800,50
5045.jpg,1750,1800,50
5050.jpg,1750,1920,170
5060.jpg,1750,1850,100
5065.jpg,1750,1980,230
5070.jpg,1750,1754,4
5075.jpg,1750,1850,100
5080.jpg,1750,1750,0
5085.jpg,1750,1850,100
5090.jpg,1750,1850,100
5095.jpg,1750,1850,100
5100.jpg,1750,1850,100
5105.jpg,1750,1850,100
5110.jpg,1750,1850,100
5115.jpg,1750,1800,50
5120.jpg,1750,1750,0
5125.jpg,1750,1700,-50
5130.jpg,1750,1850,100
5135.jpg,1750,1850,100
5140.jpg,1750,1850,100
5145.jpg,1750,1750,0
5150.jpg,1750,1800,50
5155.jpg,1750,1800,50
5160.jpg,1750,1850,100
5165.jpg,1750,1950,200
5170.jpg,1750,1850,100
5175.jpg,1750,1850,100
5180.jpg,1750,1850,100
5185.jpg,1750,2010,260
5190.jpg,1750,1800,50
5195.jpg,1751,1800,49
5200.jpg,1751,1750,-1
5205.jpg,1751,1950,199
5210.jpg,1751,1900,149
5215.jpg,1751,1850,99
5220.jpg,1751,1200,-551
5225.jpg,1752,1850,98
5230.jpg,1752,1800,48
5235.jpg,1752,1800,48
5240.jpg,1752,1850,98
5245.jpg,1752,1834,82
5250.jpg,1752,1750,-2
5255.jpg,1752,1800,48
5260.jpg,1752,1800,48
5265.jpg,1752,1850,98
5270.jpg,1752,1850,98
5275.jpg,1752,1750,-2
5285.jpg,1753,1963,210
5290.jpg,1753,1850,97
5295.jpg,1753,1820,67
5300.jpg,1753,1850,97
5305.jpg,1753,1850,97
5310.jpg,1753,1753,0
5315.jpg,1753,1703,-50
5320.jpg,1753,1950,197
5325.jpg,1754,1850,96
5330.jpg,1754,1754,0
5335.jpg,1754,1750,-4
5340.jpg,1754,1800,46
5345.jpg,1754,1800,46
5350.jpg,1754,1760,6
5355.jpg,1754,1800,46
5360.jpg,1754,1950,196
5365.jpg,1754,1850,96
5370.jpg,1755,1637,-118
5375.jpg,1755,1850,95
5380.jpg,1755,1750,-5
5385.jpg,1755,1850,95
5390.jpg,1755,1800,45
5395.jpg,1755,1920,165
5400.jpg,1755,1750,-5
5405.jpg,1755,1850,95
5410.jpg,1755,1750,-5
5415.jpg,1756,1850,94
5420.jpg,1756,1800,44
5425.jpg,1756,1850,94
5430.jpg,1756,1850,94
5435.jpg,1756,1800,44
5440.jpg,1756,1800,44
5445.jpg,1756,1800,44
5450.jpg,1756,1850,94
5455.jpg,1756,1750,-6
5460.jpg,1756,1850,94
5470.jpg,1757,1750,-7
5475.jpg,1757,1750,-7
5480.jpg,1757,1750,-7
5485.jpg,1757,1920,163
5490.jpg,1757,1850,93
5495.jpg,1757,1950,193
5500.jpg,1758,1750,-8
5505.jpg,1758,1800,42
5510.jpg,1758,1750,-8
5515.jpg,1758,1850,92
5520.jpg,1758,1750,-8
5525.jpg,1758,1850,92
5530.jpg,1758,1800,42
5535.jpg,1759,1800,41
5540.jpg,1759,1800,41
5545.jpg,1759,1850,91
5550.jpg,1759,1800,41
5555.jpg,1759,1850,91
5560.jpg,1759,1750,-9
5565.jpg,1760,1900,140
5570.jpg,1760,1850,90
5575.jpg,1760,1850,90
5580.jpg,1760,1900,140
5585.jpg,1760,1200,-560
5590.jpg,1761,1700,-61
5595.jpg,1761,1800,39
5600.jpg,1761,1850,89
5605.jpg,1761,1700,-61
5610.jpg,1761,1920,159
5615.jpg,1761,1850,89
5620.jpg,1761,1850,89
5625.jpg,1761,1980,219
5630.jpg,1762,1850,88
5635.jpg,1762,1800,38
5640.jpg,1762,1950,188
5645.jpg,1762,1850,88
5650.jpg,1762,1790,28
5655.jpg,1762,1800,38
5660.jpg,1762,1850,88
5665.jpg,1762,1800,38
5670.jpg,1763,1850,87
5675.jpg,1763,1800,37
5680.jpg,1763,1850,87
5685.jpg,1763,1800,37
5690.jpg,1763,1800,37
5695.jpg,1763,1850,87
5700.jpg,1763,1500,-263
5705.jpg,1763,1800,37
5710.jpg,1764,1850,86
5715.jpg,1764,1820,56
5720.jpg,1764,1800,36
5725.jpg,1764,1850,86
5730.jpg,1764,1800,36
5735.jpg,1764,1850,86
5740.jpg,1764,1750,-14
5745.jpg,1764,1750,-14
5750.jpg,1764,1750,-14
5755.jpg,1764,1800,36
5765.jpg,1765,1850,85
5770.jpg,1765,1850,85
5775.jpg,1765,1850,85
5780.jpg,1765,1920,155
5785.jpg,1765,1750,-15
5790.jpg,1765,1850,85
5795.jpg,1765,1800,35
5800.jpg,1765,1750,-15
5805.jpg,1765,1800,35
5810.jpg,1765,1950,185
5815.jpg,1765,1750,-15
5820.jpg,1765,1830,65
5825.jpg,1765,1800,35
5830.jpg,1765,1750,-15
5835.jpg,1766,1766,0
5840.jpg,1766,1850,84
5845.jpg,1766,1750,-16
5850.jpg,1766,1600,-166
5855.jpg,1766,1750,-16
5860.jpg,1766,1800,34
5865.jpg,1766,1850,84
5870.jpg,1766,1750,-16
5875.jpg,1767,1792,25
5880.jpg,1767,1850,83
5885.jpg,1767,1870,103
5890.jpg,1767,1800,33
5895.jpg,1768,1850,82
5900.jpg,1768,1820,52
5905.jpg,1768,1850,82
5910.jpg,1768,1750,-18
5915.jpg,1768,1920,152
5920.jpg,1768,1850,82
5925.jpg,1768,1850,82
5930.jpg,1768,1733,-35
5935.jpg,1768,1700,-68
5940.jpg,1768,1900,132
5945.jpg,1769,1800,31
5950.jpg,1769,1850,81
5955.jpg,1769,1750,-19
5960.jpg,1769,1800,31
5965.jpg,1769,1850,81
5970.jpg,1769,1850,81
5975.jpg,1769,1800,31
5980.jpg,1769,1850,81
5985.jpg,1769,1850,81
5990.jpg,1769,1850,81
5995.jpg,1769,1600,-169
6000.jpg,1770,1920,150
6005.jpg,1770,1750,-20
6010.jpg,1770,1850,80
6015.jpg,1770,1850,80
6020.jpg,1770,1750,-20
6025.jpg,1770,1800,30
6030.jpg,1770,1800,30
6035.jpg,1770,1750,-20
6040.jpg,1770,1800,30
6045.jpg,1770,1850,80
6050.jpg,1770,1850,80
6055.jpg,1770,1850,80
6060.jpg,1770,1850,80
6065.jpg,1770,1800,30
6070.jpg,1770,1950,180
6075.jpg,1770,1920,150
6080.jpg,1770,1750,-20
6085.jpg,1770,1850,80
6090.jpg,1770,1800,30
6095.jpg,1770,1850,80
6100.jpg,1770,1750,-20
6105.jpg,1770,1750,-20
6115.jpg,1771,1850,79
6120.jpg,1771,1800,29
6125.jpg,1771,1800,29
6130.jpg,1771,1790,19
6135.jpg,1771,1750,-21
6140.jpg,1771,1750,-21
6145.jpg,1771,1850,79
6150.jpg,1771,1890,119
6155.jpg,1771,1750,-21
6160.jpg,1771,1797,26
6165.jpg,1771,1789,18
6170.jpg,1772,1850,78
6175.jpg,1772,1800,28
6180.jpg,1772,1743,-29
6185.jpg,1772,1750,-22
6190.jpg,1772,1700,-72
6195.jpg,1773,1850,77
6200.jpg,1773,1950,177
6205.jpg,1773,1850,77
6210.jpg,1773,1850,77
6215.jpg,1773,1850,77
6220.jpg,1773,1800,27
6225.jpg,1773,1800,27
6230.jpg,1773,1777,4
6235.jpg,1773,1850,77
6240.jpg,1774,1850,76
6245.jpg,1774,1780,6
6250.jpg,1774,1820,46
6255.jpg,1774,1750,-24
6260.jpg,1774,1850,76
6265.jpg,1774,1850,76
6270.jpg,1774,1800,26
6275.jpg,1774,1768,-6
6280.jpg,1774,1850,76
6285.jpg,1774,1800,26
6290.jpg,1774,1950,176
6295.jpg,1774,1900,126
6300.jpg,1774,1800,26
6305.jpg,1775,1850,75
6310.jpg,1775,1850,75
6315.jpg,1775,1850,75
6320.jpg,1775,1850,75
6325.jpg,1775,1850,75
6330.jpg,1775,1800,25
6335.jpg,1775,1850,75
6350.jpg,1775,1850,75
6355.jpg,1775,1850,75
6360.jpg,1775,1850,75
6365.jpg,1775,1850,75
6370.jpg,1775,1850,75
6375.jpg,1775,1850,75
6380.jpg,1775,1850,75
6385.jpg,1775,1600,-175
6390.jpg,1775,1850,75
6395.jpg,1775,1700,-75
6405.jpg,1776,1750,-26
6410.jpg,1776,1850,74
6415.jpg,1776,1920,144
6420.jpg,1776,1850,74
6425.jpg,1776,1750,-26
6430.jpg,1776,1850,74
6435.jpg,1776,1950,174
6440.jpg,1776,1850,74
6445.jpg,1777,1800,23
6450.jpg,1777,1800,23
6455.jpg,1777,1900,123
6460.jpg,1777,1800,23
6465.jpg,1777,1850,73
6470.jpg,1777,1872,95
6475.jpg,1777,1200,-577
6480.jpg,1777,1970,193
6485.jpg,1778,1200,-578
6495.jpg,1778,1760,-18
6500.jpg,1778,1820,42
6505.jpg,1778,1850,72
6510.jpg,1778,1930,152
6515.jpg,1779,1890,111
6520.jpg,1779,1850,71
6525.jpg,1779,1850,71
6530.jpg,1779,1800,21
6535.jpg,1779,1850,71
6540.jpg,1779,1850,71
6545.jpg,1779,1850,71
6550.jpg,1779,1750,-29
6555.jpg,1780,1800,20
6560.jpg,1780,1800,20
6565.jpg,1780,1800,20
6570.jpg,1780,1920,140
6575.jpg,1780,1850,70
6580.jpg,1780,1850,70
6585.jpg,1780,1850,70
6590.jpg,1780,1900,120
6595.jpg,1780,1850,70
6600.jpg,1780,1800,20
6605.jpg,1780,1800,20
6610.jpg,1780,1850,70
6615.jpg,1780,1850,70
6620.jpg,1780,1800,20
6625.jpg,1780,1920,140
6630.jpg,1780,1920,140
6635.jpg,1780,1850,70
6640.jpg,1780,1950,170
6645.jpg,1780,1750,-30
6650.jpg,1780,1850,70
6655.jpg,1780,1850,70
6660.jpg,1780,1900,120
6665.jpg,1780,1800,20
6670.jpg,1781,1900,119
6675.jpg,1781,1862,81
6680.jpg,1781,1800,19
6685.jpg,1781,1800,19
6690.jpg,1781,1750,-31
6695.jpg,1781,1850,69
6700.jpg,1781,1780,-1
6705.jpg,1781,1930,149
6710.jpg,1782,1850,68
6715.jpg,1782,1850,68
6720.jpg,1782,1850,68
6725.jpg,1782,1850,68
6730.jpg,1782,1850,68
6735.jpg,1782,1850,68
6740.jpg,1782,1850,68
6745.jpg,1782,1800,18
6750.jpg,1782,1750,-32
6755.jpg,1783,1850,67
6760.jpg,1783,1750,-33
6765.jpg,1783,1850,67
6770.jpg,1783,1950,167
6775.jpg,1783,1890,107
6780.jpg,1783,1800,17
6785.jpg,1783,1950,167
6790.jpg,1783,1850,67
6795.jpg,1783,1850,67
6800.jpg,1783,1950,167
6805.jpg,1783,1644,-139
6810.jpg,1784,1850,66
6815.jpg,1784,1200,-584
6820.jpg,1784,1790,6
6825.jpg,1784,1850,66
6830.jpg,1784,1800,16
6835.jpg,1784,1900,116
6840.jpg,1784,1800,16
6845.jpg,1784,1920,136
6850.jpg,1784,1750,-34
6855.jpg,1784,1850,66
6860.jpg,1785,1850,65
6865.jpg,1785,1800,15
6870.jpg,1785,1850,65
6875.jpg,1785,1760,-25
6880.jpg,1785,1920,135
6885.jpg,1785,1850,65
6890.jpg,1785,1850,65
6895.jpg,1785,1850,65
6900.jpg,1785,1820,35
6905.jpg,1785,1850,65
6910.jpg,1785,1850,65
6915.jpg,1785,1750,-35
6920.jpg,1785,1850,65
6925.jpg,1785,1800,15
6930.jpg,1785,1200,-585
6935.jpg,1785,1850,65
6940.jpg,1785,1842,57
6945.jpg,1785,1750,-35
6950.jpg,1786,1750,-36
6955.jpg,1786,1850,64
6960.jpg,1786,1800,14
6965.jpg,1786,1769,-17
6970.jpg,1786,1790,4
6975.jpg,1786,1800,14
6980.jpg,1786,1820,34
6985.jpg,1786,1837,51
6990.jpg,1786,1850,64
6995.jpg,1786,1900,114
7000.jpg,1786,1820,34
7005.jpg,1787,1850,63
7010.jpg,1787,1750,-37
7015.jpg,1787,1800,13
7020.jpg,1787,1904,117
7025.jpg,1787,1900,113
7030.jpg,1787,1800,13
7035.jpg,1787,1850,63
7040.jpg,1787,1920,133
7045.jpg,1787,1850,63
7050.jpg,1787,1850,63
7055.jpg,1787,1800,13
7060.jpg,1787,1930,143
7065.jpg,1787,1850,63
7070.jpg,1787,1850,63
7075.jpg,1787,1600,-187
7080.jpg,1787,1800,13
7085.jpg,1787,1850,63
7090.jpg,1788,1980,192
7095.jpg,1788,1832,44
7100.jpg,1788,1819,31
7105.jpg,1788,1800,12
7110.jpg,1788,1850,62
7115.jpg,1788,1850,62
7120.jpg,1788,1850,62
7125.jpg,1788,1850,62
7130.jpg,1788,1750,-38
7135.jpg,1788,1823,35
7140.jpg,1788,1850,62
7145.jpg,1789,1870,81
7150.jpg,1789,1790,1
7155.jpg,1789,1792,3
7160.jpg,1789,1850,61
7165.jpg,1789,1850,61
7170.jpg,1789,1850,61
7175.jpg,1789,1850,61
7180.jpg,1789,1950,161
7185.jpg,1789,1850,61
7190.jpg,1789,1750,-39
7195.jpg,1789,1850,61
7200.jpg,1790,1850,60
7205.jpg,1790,1850,60
7210.jpg,1790,1900,110
7215.jpg,1790,1830,40
7220.jpg,1790,1850,60
7225.jpg,1790,1850,60
7230.jpg,1790,1850,60
7235.jpg,1790,1850,60
7240.jpg,1790,1800,10
7245.jpg,1790,1920,130
7250.jpg,1790,1850,60
7255.jpg,1790,1900,110
7260.jpg,1790,1850,60
7265.jpg,1790,1920,130
7270.jpg,1790,1920,130
7275.jpg,1790,1850,60
7280.jpg,1790,1800,10
7285.jpg,1790,1785,-5
7290.jpg,1790,1950,160
7295.jpg,1790,1850,60
7300.jpg,1790,1850,60
7305.jpg,1790,1850,60
7310.jpg,1790,1850,60
7315.jpg,1790,1850,60
7320.jpg,1790,1850,60
7325.jpg,1790,1850,60
7330.jpg,1790,1827,37
7335.jpg,1790,1850,60
7340.jpg,1790,1800,10
7345.jpg,1790,1850,60
7350.jpg,1790,1850,60
7355.jpg,1790,1850,60
7360.jpg,1790,1900,110
7365.jpg,1790,1920,130
7370.jpg,1790,1750,-40
7375.jpg,1790,1850,60
7380.jpg,1790,1656,-134
7385.jpg,1791,1830,39
7390.jpg,1791,1850,59
7395.jpg,1791,1732,-59
7400.jpg,1791,1250,-541
7405.jpg,1791,1850,59
7410.jpg,1791,1850,59
7415.jpg,1791,1850,59
7420.jpg,1791,1850,59
7425.jpg,1791,1850,59
7430.jpg,1791,1884,93
7435.jpg,1791,1900,109
7440.jpg,1792,1890,98
7445.jpg,1792,1950,158
7450.jpg,1792,1790,-2
7455.jpg,1792,1904,112
7460.jpg,1792,1850,58
7465.jpg,1792,1800,8
7470.jpg,1792,1850,58
7475.jpg,1792,1950,158
7480.jpg,1792,1800,8
7485.jpg,1792,1920,128
7490.jpg,1792,1850,58
7495.jpg,1792,1780,-12
7500.jpg,1792,1850,58
7505.jpg,1792,1820,28
7510.jpg,1793,1750,-43
7515.jpg,1793,1989,196
7520.jpg,1793,1920,127
7525.jpg,1793,1850,57
7530.jpg,1793,1750,-43
7535.jpg,1793,1900,107
7540.jpg,1793,1850,57
7545.jpg,1793,1850,57
7550.jpg,1793,1800,7
7555.jpg,1793,1850,57
7560.jpg,1793,1850,57
7565.jpg,1793,1850,57
7570.jpg,1793,1800,7
7575.jpg,1793,1920,127
7580.jpg,1793,1750,-43
7585.jpg,1793,1950,157
7590.jpg,1793,1850,57
7595.jpg,1794,1904,110
7600.jpg,1794,1750,-44
7605.jpg,1794,1950,156
7610.jpg,1794,1850,56
7615.jpg,1794,1860,66
7620.jpg,1794,1850,56
7625.jpg,1794,1850,56
7630.jpg,1794,1750,-44
7635.jpg,1794,1790,-4
7640.jpg,1794,1850,56
7645.jpg,1794,1750,-44
7650.jpg,1794,1850,56
7655.jpg,1795,1850,55
7660.jpg,1795,1930,135
7665.jpg,1795,1920,125
7670.jpg,1795,1800,5
7675.jpg,1795,1850,55
7680.jpg,1795,1850,55
7685.jpg,1795,1850,55
7690.jpg,1795,1830,35
7695.jpg,1795,1850,55
7700.jpg,1795,1980,185
7705.jpg,1795,1850,55
7710.jpg,1795,1950,155
7715.jpg,1795,1850,55
7720.jpg,1795,1850,55
7725.jpg,1795,1850,55
7730.jpg,1795,1850,55
7735.jpg,1795,1850,55
7740.jpg,1795,1850,55
7745.jpg,1795,1850,55
7750.jpg,1795,1850,55
7755.jpg,1795,1850,55
7760.jpg,1795,1850,55
7765.jpg,1795,1950,155
7775.jpg,1796,1850,54
7780.jpg,1796,1792,-4
7785.jpg,1796,1850,54
7790.jpg,1796,1850,54
7795.jpg,1796,1800,4
7800.jpg,1796,1750,-46
7805.jpg,1796,1850,54
7810.jpg,1796,1850,54
7815.jpg,1796,1850,54
7820.jpg,1796,1800,4
7825.jpg,1796,1850,54
7830.jpg,1796,1850,54
7840.jpg,1796,1850,54
7845.jpg,1796,1800,4
7850.jpg,1796,1850,54
7855.jpg,1796,1850,54
7860.jpg,1796,1850,54
7865.jpg,1796,1750,-46
7870.jpg,1796,1850,54
7875.jpg,1796,1600,-196
7880.jpg,1797,1792,-5
7885.jpg,1797,1850,53
7890.jpg,1797,1850,53
7895.jpg,1797,1850,53
7900.jpg,1797,1850,53
7905.jpg,1797,1850,53
7915.jpg,1797,1820,23
7920.jpg,1797,1850,53
7925.jpg,1797,1800,3
7930.jpg,1797,1850,53
7935.jpg,1797,1920,123
7940.jpg,1797,1797,0
7945.jpg,1797,1600,-197
7950.jpg,1797,1850,53
7955.jpg,1798,1850,52
7960.jpg,1798,1850,52
7965.jpg,1798,1650,-148
7970.jpg,1798,1800,2
7975.jpg,1798,1850,52
7980.jpg,1798,1850,52
7985.jpg,1798,1859,61
7990.jpg,1798,1890,92
7995.jpg,1798,1850,52
8000.jpg,1798,1850,52
8005.jpg,1798,1850,52
8010.jpg,1798,1900,102
8015.jpg,1798,1850,52
8020.jpg,1798,1850,52
8025.jpg,1798,1800,2
8030.jpg,1798,1980,182
8035.jpg,1798,1850,52
8040.jpg,1798,1950,152
8045.jpg,1798,1890,92
8055.jpg,1798,1850,52
8060.jpg,1799,1950,151
8065.jpg,1799,1850,51
8070.jpg,1799,1800,1
8075.jpg,1799,1850,51
8080.jpg,1799,1850,51
8085.jpg,1799,1850,51
8090.jpg,1799,1800,1
8095.jpg,1799,1800,1
8100.jpg,1799,1850,51
8105.jpg,1799,1850,51
8110.jpg,1799,1500,-299
8115.jpg,1800,1850,50
8120.jpg,1800,1930,130
8125.jpg,1800,1800,0
8130.jpg,1800,1845,45
8135.jpg,1800,1920,120
8140.jpg,1800,1800,0
8145.jpg,1800,1850,50
8150.jpg,1800,1850,50
8155.jpg,1800,1850,50
8160.jpg,1800,1850,50
8165.jpg,1800,1850,50
8170.jpg,1800,1850,50
8175.jpg,1800,1800,0
8180.jpg,1800,1920,120
8185.jpg,1800,1950,150
8190.jpg,1800,1800,0
8195.jpg,1800,1920,120
8200.jpg,1800,1950,150
8205.jpg,1800,1850,50
8210.jpg,1800,1850,50
8215.jpg,1800,1890,90
8220.jpg,1800,1850,50
8225.jpg,1800,1850,50
8230.jpg,1800,1800,0
8235.jpg,1800,1850,50
8240.jpg,1800,1920,120
8245.jpg,1800,1900,100
8250.jpg,1800,1850,50
8255.jpg,1800,1850,50
8260.jpg,1800,1750,-50
8265.jpg,1800,1850,50
8270.jpg,1800,1750,-50
8275.jpg,1800,1850,50
8280.jpg,1800,1850,50
8285.jpg,1800,1920,120
8295.jpg,1800,1920,120
8300.jpg,1801,1850,49
8305.jpg,1801,1940,139
8310.jpg,1801,1850,49
8315.jpg,1801,1920,119
8320.jpg,1801,1850,49
8325.jpg,1801,1859,58
8330.jpg,1801,1800,-1
8335.jpg,1801,1850,49
8340.jpg,1801,1850,49
8345.jpg,1801,1850,49
8350.jpg,1801,1850,49
8355.jpg,1801,1850,49
8360.jpg,1801,1850,49
8365.jpg,1801,1850,49
8375.jpg,1802,1850,48
8380.jpg,1802,1900,98
8385.jpg,1802,1850,48
8390.jpg,1802,1850,48
8395.jpg,1802,1800,-2
8400.jpg,1802,1850,48
8405.jpg,1802,1850,48
8410.jpg,1802,1800,-2
8415.jpg,1802,1823,21
8420.jpg,1802,1850,48
8425.jpg,1802,1750,-52
8430.jpg,1802,1850,48
8435.jpg,1802,1700,-102
8440.jpg,1803,1897,94
8445.jpg,1803,1850,47
8450.jpg,1803,1802,-1
8455.jpg,1803,1830,27
8460.jpg,1803,1750,-53
8465.jpg,1803,1850,47
8470.jpg,1803,1890,87
8475.jpg,1803,1850,47
8480.jpg,1803,1850,47
8485.jpg,1803,1850,47
8490.jpg,1803,1850,47
8495.jpg,1803,1873,70
8500.jpg,1803,1920,117
8505.jpg,1803,1850,47
8515.jpg,1804,1850,46
8520.jpg,1804,1850,46
8525.jpg,1804,1850,46
8530.jpg,1804,1950,146
8535.jpg,1804,1950,146
8540.jpg,1804,1850,46
8545.jpg,1804,1850,46
8550.jpg,1804,1850,46
8555.jpg,1804,1850,46
8560.jpg,1804,1800,-4
8565.jpg,1804,1950,146
8570.jpg,1804,1800,-4
8575.jpg,1804,1950,146
8580.jpg,1804,1800,-4
8585.jpg,1805,1820,15
8590.jpg,1805,1850,45
8595.jpg,1805,1850,45
8600.jpg,1805,1920,115
8605.jpg,1805,1800,-5
8610.jpg,1805,1850,45
8615.jpg,1805,1850,45
8620.jpg,1805,1820,15
8625.jpg,1805,1850,45
8630.jpg,1805,1500,-305
8635.jpg,1805,1890,85
8640.jpg,1805,1750,-55
8645.jpg,1805,1850,45
8650.jpg,1805,1870,65
8655.jpg,1805,1890,85
8660.jpg,1805,1850,45
8665.jpg,1805,1850,45
8670.jpg,1805,1850,45
8675.jpg,1805,1850,45
8680.jpg,1805,1800,-5
8685.jpg,1805,1900,95
8690.jpg,1805,1850,45
8695.jpg,1806,1800,-6
8700.jpg,1806,1850,44
8705.jpg,1806,1840,34
8710.jpg,1806,1850,44
8715.jpg,1806,1850,44
8720.jpg,1806,1950,144
8725.jpg,1806,1920,114
8730.jpg,1806,1850,44
8735.jpg,1806,1850,44
8740.jpg,1806,1950,144
8745.jpg,1806,1850,44
8750.jpg,1806,1850,44
8755.jpg,1806,1850,44
8765.jpg,1807,1800,-7
8770.jpg,1807,1850,43
8775.jpg,1807,1867,60
8780.jpg,1807,1900,93
8785.jpg,1807,1930,123
8790.jpg,1807,1850,43
8795.jpg,1807,1850,43
8800.jpg,1807,1850,43
8805.jpg,1807,1850,43
8810.jpg,1807,1850,43
8815.jpg,1807,1800,-7
8820.jpg,1807,1850,43
8825.jpg,1807,1850,43
8830.jpg,1807,1800,-7
8835.jpg,1807,1600,-207
8840.jpg,1808,1894,86
8845.jpg,1808,1850,42
8850.jpg,1808,1900,92
8855.jpg,1808,1800,-8
8860.jpg,1808,1900,92
8865.jpg,1808,1850,42
8875.jpg,1808,1800,-8
8880.jpg,1808,1850,42
8885.jpg,1808,1850,42
8890.jpg,1808,1850,42
8895.jpg,1808,1800,-8
8900.jpg,1808,1850,42
8905.jpg,1808,1850,42
8910.jpg,1809,1800,-9
8915.jpg,1809,1850,41
8920.jpg,1809,1850,41
8925.jpg,1809,1920,111
8930.jpg,1809,1850,41
8935.jpg,1809,1900,91
8940.jpg,1809,1850,41
8945.jpg,1809,1850,41
8950.jpg,1809,1850,41
8955.jpg,1809,1850,41
8965.jpg,1809,1805,-4
8970.jpg,1809,1950,141
8975.jpg,1810,1850,40
8980.jpg,1810,1950,140
8985.jpg,1810,1900,90
8995.jpg,1810,1859,49
9000.jpg,1810,1850,40
9005.jpg,1810,1850,40
9010.jpg,1810,1850,40
9015.jpg,1810,1850,40
9020.jpg,1810,1850,40
9025.jpg,1810,1850,40
9030.jpg,1810,1950,140
9035.jpg,1810,1850,40
9040.jpg,1810,1920,110
9045.jpg,1810,1950,140
9050.jpg,1810,1800,-10
9055.jpg,1810,1850,40
9060.jpg,1810,1890,80
9065.jpg,1810,1830,20
9070.jpg,1810,1850,40
9075.jpg,1810,1850,40
9080.jpg,1810,1920,110
9085.jpg,1810,1850,40
9090.jpg,1810,1850,40
9095.jpg,1810,1850,40
9100.jpg,1810,1850,40
9105.jpg,1810,1850,40
9110.jpg,1810,1950,140
9115.jpg,1810,1850,40
9120.jpg,1810,1900,90
9125.jpg,1810,1897,87
9130.jpg,1810,1850,40
9135.jpg,1810,1930,120
9140.jpg,1810,1920,110
9145.jpg,1810,1850,40
9150.jpg,1811,1850,39
9160.jpg,1811,1850,39
9165.jpg,1811,1800,-11
9170.jpg,1811,1800,-11
9175.jpg,1811,1850,39
9180.jpg,1811,1870,59
9185.jpg,1811,1800,-11
9190.jpg,1811,1850,39
9195.jpg,1811,1850,39
9200.jpg,1811,1750,-61
9205.jpg,1811,1850,39
9210.jpg,1812,1800,-12
9215.jpg,1812,1500,-312
9220.jpg,1812,1752,-60
9225.jpg,1812,1850,38
9230.jpg,1812,1850,38
9235.jpg,1812,1850,38
9240.jpg,1812,1850,38
9245.jpg,1812,1850,38
9250.jpg,1812,1920,108
9255.jpg,1812,1850,38
9260.jpg,1812,1950,138
9265.jpg,1812,1850,38
9270.jpg,1812,1850,38
9275.jpg,1812,1850,38
9280.jpg,1812,1850,38
9290.jpg,1812,1850,38
9295.jpg,1812,1850,38
9300.jpg,1812,1950,138
9305.jpg,1812,1850,38
9310.jpg,1813,1850,37
9315.jpg,1813,1850,37
9320.jpg,1813,1850,37
9325.jpg,1813,1500,-313
9330.jpg,1813,1850,37
9335.jpg,1813,1850,37
9340.jpg,1813,1800,-13
9345.jpg,1813,1890,77
9350.jpg,1813,1850,37
9355.jpg,1813,1708,-105
9360.jpg,1813,1920,107
9365.jpg,1813,1920,107
9370.jpg,1813,1850,37
9375.jpg,1814,1850,36
9390.jpg,1814,1850,36
9395.jpg,1814,1750,-64
9400.jpg,1814,1823,9
9405.jpg,1814,1850,36
9410.jpg,1814,1850,36
9415.jpg,1814,1850,36
9420.jpg,1814,1850,36
9425.jpg,1814,1750,-64
9430.jpg,1814,1857,43
9435.jpg,1814,1850,36
9440.jpg,1814,1850,36
9445.jpg,1814,1850,36
9450.jpg,1814,1850,36
9455.jpg,1814,1800,-14
9460.jpg,1814,1800,-14
9465.jpg,1815,1850,35
9470.jpg,1815,1890,75
9475.jpg,1815,1800,-15
9480.jpg,1815,1920,105
9485.jpg,1815,1850,35
9490.jpg,1815,1850,35
9495.jpg,1815,1850,35
9500.jpg,1815,1850,35
9505.jpg,1815,1950,135
9510.jpg,1815,1950,135
9515.jpg,1815,1850,35
9520.jpg,1815,1850,35
9525.jpg,1815,1850,35
9530.jpg,1815,1800,-15
9535.jpg,1815,1850,35
9540.jpg,1815,1850,35
9545.jpg,1815,1850,35
9550.jpg,1815,1800,-15
9555.jpg,1815,1850,35
9560.jpg,1815,1850,35
9565.jpg,1815,1850,35
9570.jpg,1815,1950,135
9575.jpg,1815,1890,75
9580.jpg,1815,1750,-65
9585.jpg,1815,1850,35
9590.jpg,1815,1850,35
9595.jpg,1816,1900,84
9600.jpg,1816,1800,-16
9605.jpg,1816,1850,34
9610.jpg,1816,1850,34
9615.jpg,1816,1840,24
9620.jpg,1816,1890,74
9625.jpg,1816,1825,9
9630.jpg,1816,1850,34
9635.jpg,1816,1850,34
9640.jpg,1816,1850,34
9645.jpg,1816,1750,-66
9650.jpg,1816,1850,34
9655.jpg,1816,1850,34
9660.jpg,1816,1850,34
9665.jpg,1816,1850,34
9670.jpg,1816,1850,34
9675.jpg,1816,1850,34
9680.jpg,1816,1850,34
9685.jpg,1816,1920,104
9690.jpg,1816,1850,34
9695.jpg,1816,1850,34
9700.jpg,1816,1950,134
9705.jpg,1816,1800,-16
9710.jpg,1816,1815,-1
9715.jpg,1817,1850,33
9720.jpg,1817,1850,33
9725.jpg,1817,1850,33
9730.jpg,1817,1890,73
9735.jpg,1817,1850,33
9740.jpg,1817,1950,133
9745.jpg,1817,1850,33
9750.jpg,1817,1950,133
9755.jpg,1817,1850,33
9760.jpg,1817,1800,-17
9765.jpg,1817,1850,33
9770.jpg,1817,1890,73
9775.jpg,1817,1930,113
9780.jpg,1817,1850,33
9785.jpg,1817,1820,3
9790.jpg,1818,1850,32
9795.jpg,1818,1800,-18
9800.jpg,1818,1850,32
9805.jpg,1818,1900,82
9810.jpg,1818,1850,32
9815.jpg,1818,1800,-18
9820.jpg,1818,1850,32
9825.jpg,1818,1850,32
9830.jpg,1818,1900,82
9835.jpg,1818,1850,32
9840.jpg,1818,1850,32
9845.jpg,1818,1920,102
9850.jpg,1818,1850,32
9855.jpg,1818,1850,32
9860.jpg,1818,1850,32
9865.jpg,1818,1850,32
9870.jpg,1818,1850,32
9875.jpg,1818,1850,32
9880.jpg,1818,1850,32
9885.jpg,1818,1930,112
9890.jpg,1818,1850,32
9895.jpg,1818,1850,32
9900.jpg,1818,1821,3
9905.jpg,1818,1850,32
9910.jpg,1819,1800,-19
9915.jpg,1819,1850,31
9920.jpg,1819,1830,11
9925.jpg,1819,1890,71
9930.jpg,1819,1850,31
9935.jpg,1819,1850,31
9940.jpg,1819,1850,31
9945.jpg,1819,1850,31
9950.jpg,1819,1950,131
9955.jpg,1819,1850,31
9960.jpg,1819,1850,31
9965.jpg,1819,1950,131
9970.jpg,1819,1850,31
9975.jpg,1819,1890,71
9980.jpg,1819,1850,31
9985.jpg,1820,1850,30
9990.jpg,1820,1905,85
9995.jpg,1820,1920,100
10000.jpg,1820,1850,30
10005.jpg,1820,1800,-20
10010.jpg,1820,1890,70
10015.jpg,1820,1850,30
10020.jpg,1820,1200,-620
10025.jpg,1820,1850,30
10030.jpg,1820,1900,80
10035.jpg,1820,1950,130
10040.jpg,1820,1950,130
10045.jpg,1820,1850,30
10050.jpg,1820,1850,30
10055.jpg,1820,1830,10
10060.jpg,1820,1920,100
10065.jpg,1820,1850,30
10070.jpg,1820,1850,30
10075.jpg,1820,1850,30
10080.jpg,1820,1850,30
10085.jpg,1820,1840,20
10090.jpg,1820,1850,30
10095.jpg,1820,1850,30
10100.jpg,1820,1850,30
10105.jpg,1820,1850,30
10110.jpg,1820,1850,30
10115.jpg,1820,1920,100
10120.jpg,1820,1850,30
10125.jpg,1820,1890,70
10130.jpg,1820,1850,30
10135.jpg,1820,1800,-20
10140.jpg,1820,1850,30
10145.jpg,1820,1950,130
10150.jpg,1820,1850,30
10155.jpg,1820,1850,30
10160.jpg,1820,1850,30
10165.jpg,1820,1850,30
10170.jpg,1820,1900,80
10175.jpg,1820,1900,80
10180.jpg,1820,1850,30
10185.jpg,1820,1920,100
10190.jpg,1820,1850,30
10195.jpg,1821,1800,-21
10200.jpg,1821,1920,99
10205.jpg,1821,1820,-1
10210.jpg,1821,1950,129
10215.jpg,1821,1900,79
10220.jpg,1821,1850,29
10225.jpg,1821,1900,79
10230.jpg,1821,1850,29
10235.jpg,1821,1850,29
10240.jpg,1821,1950,129
10245.jpg,1821,1850,29
10250.jpg,1821,1827,6
10255.jpg,1821,1890,69
10260.jpg,1821,1800,-21
10265.jpg,1821,1890,69
10270.jpg,1821,1850,29
10275.jpg,1821,1850,29
10280.jpg,1822,1850,28
10285.jpg,1822,1850,28
10290.jpg,1822,1800,-22
10295.jpg,1822,1900,78
10300.jpg,1822,1870,48
10305.jpg,1822,1850,28
10310.jpg,1822,1850,28
10315.jpg,1822,1890,68
10320.jpg,1822,1850,28
10325.jpg,1822,1950,128
10330.jpg,1822,1890,68
10335.jpg,1822,1800,-22
10340.jpg,1822,1850,28
10345.jpg,1822,1900,78
10355.jpg,1822,1850,28
10360.jpg,1823,1800,-23
10365.jpg,1823,1850,27
10370.jpg,1823,1850,27
10375.jpg,1823,1850,27
10385.jpg,1823,1850,27
10390.jpg,1823,1950,127
10395.jpg,1823,1850,27
10400.jpg,1823,1920,97
10405.jpg,1823,1850,27
10410.jpg,1823,1850,27
10415.jpg,1823,1850,27
10420.jpg,1823,1920,97
10425.jpg,1823,1800,-23
10430.jpg,1823,1850,27
10435.jpg,1823,1850,27
10440.jpg,1823,1800,-23
10445.jpg,1823,1920,97
10450.jpg,1823,1850,27
10455.jpg,1824,1800,-24
10460.jpg,1824,1800,-24
10465.jpg,1824,1850,26
10470.jpg,1824,1850,26
10475.jpg,1824,1500,-324
10480.jpg,1824,1870,46
10485.jpg,1824,1750,-74
10490.jpg,1824,1850,26
10495.jpg,1824,1850,26
10500.jpg,1824,1850,26
10505.jpg,1824,1950,126
10510.jpg,1824,1890,66
10515.jpg,1824,1850,26
10520.jpg,1824,1850,26
10525.jpg,1824,1950,126
10530.jpg,1824,1850,26
10535.jpg,1824,1850,26
10540.jpg,1824,1850,26
10545.jpg,1824,1824,0
10550.jpg,1825,1825,0
10555.jpg,1825,1890,65
10560.jpg,1825,1850,25
10565.jpg,1825,1850,25
10570.jpg,1825,1850,25
10575.jpg,1825,1830,5
10580.jpg,1825,1863,38
10585.jpg,1825,1850,25
10590.jpg,1825,1800,-25
10595.jpg,1825,1850,25
10600.jpg,1825,1850,25
10605.jpg,1825,1850,25
10610.jpg,1825,1850,25
10615.jpg,1825,1850,25
10620.jpg,1825,1850,25
10625.jpg,1825,1950,125
10630.jpg,1825,1920,95
10635.jpg,1825,1950,125
10640.jpg,1825,1950,125
10645.jpg,1825,1850,25
10650.jpg,1825,1850,25
10655.jpg,1825,1920,95
10660.jpg,1825,1850,25
10665.jpg,1825,1850,25
10670.jpg,1825,1850,25
10675.jpg,1825,1850,25
10680.jpg,1825,1850,25
10685.jpg,1825,1920,95
10690.jpg,1825,1850,25
10695.jpg,1825,1920,95
10700.jpg,1825,1850,25
10705.jpg,1825,1850,25
10710.jpg,1825,1850,25
10715.jpg,1825,1900,75
10720.jpg,1825,1850,25
10725.jpg,1825,1920,95
10730.jpg,1826,1850,24
10735.jpg,1826,1850,24
10745.jpg,1826,1820,-6
10750.jpg,1826,1903,77
10755.jpg,1826,1850,24
10760.jpg,1826,1830,4
10765.jpg,1826,1850,24
10770.jpg,1826,1850,24
10775.jpg,1826,1850,24
10780.jpg,1826,1850,24
10785.jpg,1826,1850,24
10790.jpg,1826,1850,24
10795.jpg,1826,1800,-26
10800.jpg,1826,1900,74
10805.jpg,1826,1800,-26
10810.jpg,1826,1800,-26
10815.jpg,1826,1850,24
10820.jpg,1826,1850,24
10825.jpg,1826,1850,24
10830.jpg,1826,1920,94
10835.jpg,1827,1950,123
10840.jpg,1827,1850,23
10845.jpg,1827,1800,-27
10850.jpg,1827,1850,23
10855.jpg,1827,1850,23
10860.jpg,1827,1930,103
10865.jpg,1827,1900,73
10870.jpg,1827,1870,43
10875.jpg,1827,1850,23
10880.jpg,1827,1850,23
10885.jpg,1827,1890,63
10890.jpg,1827,1950,123
10895.jpg,1827,1850,23
10900.jpg,1827,1850,23
10905.jpg,1827,1850,23
10910.jpg,1827,1850,23
10915.jpg,1827,1850,23
10920.jpg,1827,1850,23
10925.jpg,1827,1850,23
10930.jpg,1827,1920,93
10935.jpg,1827,1800,-27
10940.jpg,1827,1950,123
10945.jpg,1828,1850,22
10950.jpg,1828,1850,22
10955.jpg,1828,1850,22
10960.jpg,1828,1850,22
10965.jpg,1828,1850,22
10970.jpg,1828,1850,22
10975.jpg,1828,1890,62
10980.jpg,1828,1830,2
10985.jpg,1828,1850,22
10990.jpg,1828,1850,22
10995.jpg,1828,1850,22
11000.jpg,1828,1850,22
11005.jpg,1828,1850,22
11010.jpg,1828,1850,22
11015.jpg,1828,1850,22
11020.jpg,1828,1850,22
11025.jpg,1828,1850,22
11030.jpg,1828,1850,22
11035.jpg,1828,1850,22
11040.jpg,1828,1850,22
11045.jpg,1828,1920,92
11050.jpg,1828,1850,22
11055.jpg,1828,1700,-128
11060.jpg,1828,1920,92
11065.jpg,1829,1980,151
11070.jpg,1829,1850,21
11075.jpg,1829,1840,11
11080.jpg,1829,1850,21
11085.jpg,1829,1850,21
11090.jpg,1829,1850,21
11095.jpg,1829,1870,41
11100.jpg,1829,1900,71
11105.jpg,1829,1876,47
11110.jpg,1829,1920,91
11115.jpg,1829,1850,21
11120.jpg,1829,1850,21
11125.jpg,1829,1850,21
11130.jpg,1829,1850,21
11135.jpg,1829,1850,21
11140.jpg,1829,1850,21
11145.jpg,1829,1850,21
11150.jpg,1829,1850,21
11155.jpg,1829,1930,101
11160.jpg,1829,1800,-29
11165.jpg,1829,1920,91
11170.jpg,1830,1800,-30
11175.jpg,1830,1890,60
11180.jpg,1830,1850,20
11185.jpg,1830,1850,20
11190.jpg,1830,1850,20
11195.jpg,1830,1850,20
11200.jpg,1830,1850,20
11205.jpg,1830,1820,-10
11210.jpg,1830,1850,20
11215.jpg,1830,1800,-30
11220.jpg,1830,1850,20
11225.jpg,1830,1850,20
11230.jpg,1830,1850,20
11235.jpg,1830,1920,90
11240.jpg,1830,1850,20
11245.jpg,1830,1920,90
11250.jpg,1830,1850,20
11255.jpg,1830,2010,180
11260.jpg,1830,1850,20
11265.jpg,1830,1850,20
11270.jpg,1830,1900,70
11275.jpg,1830,1850,20
11280.jpg,1830,1900,70
11285.jpg,1830,1850,20
11290.jpg,1830,1750,-80
11295.jpg,1830,1850,20
11300.jpg,1830,1850,20
11305.jpg,1830,1950,120
11310.jpg,1830,1850,20
11315.jpg,1830,1850,20
11320.jpg,1830,1850,20
11325.jpg,1830,1850,20
11330.jpg,1830,1930,100
11335.jpg,1830,1900,70
11340.jpg,1830,1920,90
11345.jpg,1830,1950,120
11350.jpg,1830,1850,20
11355.jpg,1830,1850,20
11360.jpg,1830,1850,20
11365.jpg,1830,1830,0
11370.jpg,1830,1850,20
11375.jpg,1830,1800,-30
11380.jpg,1830,1890,60
11385.jpg,1830,1850,20
11390.jpg,1830,1920,90
11395.jpg,1830,1850,20
11400.jpg,1831,1850,19
11405.jpg,1831,1980,149
11410.jpg,1831,1850,19
11415.jpg,1831,1890,59
11420.jpg,1831,1832,1
11425.jpg,1831,1890,59
11430.jpg,1831,1850,19
11435.jpg,1831,1920,89
11440.jpg,1831,1920,89
11445.jpg,1831,1850,19
11450.jpg,1831,1950,119
11455.jpg,1831,1850,19
11460.jpg,1831,1850,19
11465.jpg,1831,1850,19
11470.jpg,1831,1850,19
11475.jpg,1831,1950,119
11480.jpg,1831,1850,19
11485.jpg,1831,1950,119
11490.jpg,1832,1950,118
11495.jpg,1832,1850,18
11500.jpg,1832,1850,18
11505.jpg,1832,1830,-2
11510.jpg,1832,1850,18
11515.jpg,1832,1820,-12
11525.jpg,1832,1900,68
11530.jpg,1832,1850,18
11535.jpg,1832,1920,88
11540.jpg,1832,1850,18
11545.jpg,1832,1920,88
11550.jpg,1832,1850,18
11555.jpg,1832,1850,18
11560.jpg,1832,1920,88
11565.jpg,1832,1850,18
11570.jpg,1832,1890,58
11575.jpg,1832,1850,18
11580.jpg,1832,1850,18
11585.jpg,1832,1920,88
11590.jpg,1832,1850,18
11595.jpg,1832,1850,18
11600.jpg,1832,1800,-32
11605.jpg,1832,1850,18
11610.jpg,1832,1850,18
11615.jpg,1832,1800,-32
11620.jpg,1832,1800,-32
11625.jpg,1832,1850,18
11630.jpg,1832,1920,88
11635.jpg,1832,1920,88
11640.jpg,1832,1892,60
11645.jpg,1833,1879,46
11650.jpg,1833,1850,17
11655.jpg,1833,1850,17
11660.jpg,1833,1812,-21
11665.jpg,1833,1850,17
11670.jpg,1833,1850,17
11675.jpg,1833,1850,17
11680.jpg,1833,1900,67
11685.jpg,1833,1850,17
11690.jpg,1833,1850,17
11695.jpg,1833,1850,17
11700.jpg,1833,1850,17
11705.jpg,1833,1890,57
11710.jpg,1833,1850,17
11715.jpg,1833,1850,17
11720.jpg,1833,1920,87
11725.jpg,1833,1850,17
11730.jpg,1833,1850,17
11735.jpg,1833,1850,17
11740.jpg,1833,1850,17
11745.jpg,1833,1850,17
11750.jpg,1833,1850,17
11755.jpg,1833,1750,-83
11760.jpg,1833,1920,87
11765.jpg,1833,1832,-1
11770.jpg,1834,1850,16
11775.jpg,1834,1800,-34
11780.jpg,1834,1820,-14
11785.jpg,1834,1847,13
11790.jpg,1834,1960,126
11795.jpg,1834,1847,13
11800.jpg,1834,1850,16
11805.jpg,1834,1830,-4
11810.jpg,1834,1900,66
11815.jpg,1834,1850,16
11820.jpg,1834,1850,16
11825.jpg,1834,1850,16
11830.jpg,1834,1890,56
11835.jpg,1834,1890,56
11840.jpg,1834,1850,16
11845.jpg,1834,1850,16
11850.jpg,1834,1850,16
11855.jpg,1834,1850,16
11860.jpg,1834,1950,116
11865.jpg,1834,1850,16
11870.jpg,1834,1950,116
11875.jpg,1834,1850,16
11880.jpg,1834,1850,16
11885.jpg,1834,1850,16
11890.jpg,1834,1829,-5
11895.jpg,1834,1830,-4
11900.jpg,1835,1760,-75
11905.jpg,1835,1950,115
11910.jpg,1835,1937,102
11915.jpg,1835,1890,55
11920.jpg,1835,1850,15
11925.jpg,1835,1900,65
11930.jpg,1835,1890,55
11935.jpg,1835,1850,15
11940.jpg,1835,1920,85
11945.jpg,1835,1920,85
11950.jpg,1835,1850,15
11955.jpg,1835,1850,15
11960.jpg,1835,1850,15
11965.jpg,1835,1950,115
11970.jpg,1835,1850,15
11980.jpg,1835,1890,55
11985.jpg,1835,1850,15
11990.jpg,1835,1890,55
11995.jpg,1835,1950,115
12000.jpg,1835,1920,85
12005.jpg,1835,1920,85
12010.jpg,1835,1850,15
12015.jpg,1835,1850,15
12020.jpg,1835,1950,115
12025.jpg,1835,1920,85
12030.jpg,1835,1850,15
12035.jpg,1835,1850,15
12040.jpg,1835,1800,-35
12045.jpg,1835,1850,15
12050.jpg,1835,1850,15
12055.jpg,1835,1850,15
12060.jpg,1835,1890,55
12065.jpg,1835,1950,115
12070.jpg,1835,1850,15
12075.jpg,1835,1920,85
12080.jpg,1835,1800,-35
12085.jpg,1835,1850,15
12090.jpg,1835,1850,15
12095.jpg,1835,1850,15
12100.jpg,1835,1850,15
12105.jpg,1835,1850,15
12110.jpg,1835,1500,-335
12115.jpg,1835,1850,15
12120.jpg,1835,1850,15
12125.jpg,1835,1930,95
12130.jpg,1836,1850,14
12135.jpg,1836,1850,14
12140.jpg,1836,1800,-36
12145.jpg,1836,1950,114
12150.jpg,1836,1900,64
12155.jpg,1836,1850,14
12160.jpg,1836,1930,94
12170.jpg,1836,1900,64
12175.jpg,1836,1850,14
12180.jpg,1836,1850,14
12185.jpg,1836,1850,14
12190.jpg,1836,1850,14
12195.jpg,1836,1850,14
12200.jpg,1836,1900,64
12205.jpg,1836,1850,14
12210.jpg,1836,1890,54
12215.jpg,1836,1850,14
12220.jpg,1836,1850,14
12225.jpg,1836,1920,84
12230.jpg,1836,1850,14
12235.jpg,1836,1850,14
12240.jpg,1836,1700,-136
12245.jpg,1836,1850,14
12250.jpg,1836,1850,14
12255.jpg,1836,1850,14
12260.jpg,1836,1850,14
12265.jpg,1836,1850,14
12270.jpg,1836,1846,10
12275.jpg,1836,1850,14
12280.jpg,1837,1850,13
12285.jpg,1837,1850,13
12290.jpg,1837,1850,13
12295.jpg,1837,1850,13
12300.jpg,1837,1850,13
12305.jpg,1837,1850,13
12310.jpg,1837,1890,53
12315.jpg,1837,1850,13
12320.jpg,1837,1980,143
12325.jpg,1837,1890,53
12330.jpg,1837,1850,13
12335.jpg,1837,1850,13
12340.jpg,1837,1850,13
12345.jpg,1837,1750,-87
12350.jpg,1837,1920,83
12355.jpg,1837,1850,13
12360.jpg,1837,1950,113
12365.jpg,1837,1890,53
12370.jpg,1837,1850,13
12375.jpg,1837,1850,13
12380.jpg,1837,1890,53
12385.jpg,1837,1850,13
12390.jpg,1837,1850,13
12395.jpg,1837,1850,13
12400.jpg,1837,1920,83
12405.jpg,1837,1850,13
12410.jpg,1837,1850,13
12415.jpg,1837,1890,53
12420.jpg,1837,1850,13
12425.jpg,1837,1920,83
12430.jpg,1837,1850,13
12435.jpg,1837,1950,113
12440.jpg,1837,1850,13
12445.jpg,1837,1850,13
12450.jpg,1838,1890,52
12455.jpg,1838,1850,12
12460.jpg,1838,1850,12
12465.jpg,1838,1850,12
12470.jpg,1838,1850,12
12475.jpg,1838,1920,82
12480.jpg,1838,1850,12
12485.jpg,1838,1850,12
12490.jpg,1838,1850,12
12495.jpg,1838,1859,21
12500.jpg,1838,1850,12
12505.jpg,1838,1850,12
12510.jpg,1838,1950,112
12515.jpg,1838,1920,82
12520.jpg,1838,1850,12
12525.jpg,1838,1850,12
12530.jpg,1838,1900,62
12535.jpg,1838,1850,12
12540.jpg,1838,1850,12
12545.jpg,1838,1850,12
12550.jpg,1838,1850,12
12555.jpg,1838,1920,82
12560.jpg,1838,1850,12
12565.jpg,1838,1890,52
12570.jpg,1838,1830,-8
12575.jpg,1838,1850,12
12580.jpg,1838,1850,12
12585.jpg,1838,1850,12
12590.jpg,1838,1850,12
12600.jpg,1838,1980,142
12605.jpg,1838,1980,142
12610.jpg,1838,1850,12
12615.jpg,1838,1768,-70
12620.jpg,1838,1850,12
12625.jpg,1839,1950,111
12630.jpg,1839,1850,11
12635.jpg,1839,1900,61
12640.jpg,1839,1950,111
12645.jpg,1839,1890,51
12650.jpg,1839,1900,61
12655.jpg,1839,1874,35
12660.jpg,1839,1850,11
12665.jpg,1839,1900,61
12670.jpg,1839,1850,11
12675.jpg,1839,1850,11
12680.jpg,1839,1850,11
12685.jpg,1839,1850,11
12690.jpg,1839,1950,111
12695.jpg,1839,1850,11
12700.jpg,1839,1850,11
12705.jpg,1839,1850,11
12710.jpg,1839,1850,11
12715.jpg,1839,1850,11
12720.jpg,1839,1800,-39
12725.jpg,1839,1950,111
12730.jpg,1839,1850,11
12735.jpg,1839,1850,11
12740.jpg,1839,1850,11
12745.jpg,1839,1850,11
12750.jpg,1839,1850,11
12755.jpg,1839,1850,11
12760.jpg,1839,1850,11
12765.jpg,1839,1750,-89
12770.jpg,1839,1900,61
12775.jpg,1839,1825,-14
12780.jpg,1840,1950,110
12785.jpg,1840,1900,60
12790.jpg,1840,1850,10
12795.jpg,1840,1850,10
12800.jpg,1840,1850,10
12805.jpg,1840,1850,10
12810.jpg,1840,1820,-20
12815.jpg,1840,1850,10
12820.jpg,1840,1850,10
12825.jpg,1840,1850,10
12830.jpg,1840,1850,10
12835.jpg,1840,1920,80
12840.jpg,1840,1850,10
12845.jpg,1840,1850,10
12850.jpg,1840,1850,10
12860.jpg,1840,1920,80
12865.jpg,1840,1920,80
12870.jpg,1840,1920,80
12875.jpg,1840,1850,10
12880.jpg,1840,1850,10
12885.jpg,1840,1800,-40
12890.jpg,1840,1850,10
12895.jpg,1840,1850,10
12900.jpg,1840,1850,10
12905.jpg,1840,1920,80
12910.jpg,1840,1950,110
12915.jpg,1840,1850,10
12920.jpg,1840,1850,10
12925.jpg,1840,1920,80
12930.jpg,1840,1890,50
12935.jpg,1840,1890,50
12940.jpg,1840,1850,10
12945.jpg,1840,1890,50
12950.jpg,1840,1850,10
12955.jpg,1840,1850,10
12960.jpg,1840,1850,10
12965.jpg,1840,1850,10
12970.jpg,1840,1850,10
12975.jpg,1840,1850,10
12980.jpg,1840,1950,110
12985.jpg,1840,1850,10
12990.jpg,1840,1850,10
12995.jpg,1840,1920,80
13005.jpg,1840,1850,10
13010.jpg,1840,1950,110
13015.jpg,1840,1890,50
13020.jpg,1840,1850,10
13025.jpg,1840,1900,60
13030.jpg,1841,1850,9
13035.jpg,1841,1850,9
13040.jpg,1841,1850,9
13045.jpg,1841,1850,9
13050.jpg,1841,1800,-41
13055.jpg,1841,1850,9
13060.jpg,1841,1850,9
13065.jpg,1841,1850,9
13070.jpg,1841,1820,-21
13075.jpg,1841,1850,9
13080.jpg,1841,1850,9
13085.jpg,1841,1970,129
13090.jpg,1841,1920,79
13095.jpg,1841,1900,59
13100.jpg,1841,1850,9
13105.jpg,1841,1890,49
13110.jpg,1841,1830,-11
13115.jpg,1841,1920,79
13120.jpg,1841,2010,169
13125.jpg,1841,1850,9
13130.jpg,1841,1750,-91
13135.jpg,1841,1920,79
13140.jpg,1841,1900,59
13145.jpg,1842,1850,8
13150.jpg,1842,1850,8
13155.jpg,1842,1920,78
13160.jpg,1842,1850,8
13165.jpg,1842,1850,8
13170.jpg,1842,1850,8
13175.jpg,1842,1850,8
13180.jpg,1842,1900,58
13185.jpg,1842,1850,8
13190.jpg,1842,1850,8
13195.jpg,1842,1850,8
13200.jpg,1842,1850,8
13205.jpg,1842,1850,8
13210.jpg,1842,1850,8
13215.jpg,1842,1850,8
13220.jpg,1842,1800,-42
13225.jpg,1842,1850,8
13230.jpg,1842,1850,8
13235.jpg,1842,1850,8
13240.jpg,1842,1850,8
13245.jpg,1842,1950,108
13250.jpg,1842,1850,8
13255.jpg,1842,1850,8
13260.jpg,1842,1850,8
13265.jpg,1842,1850,8
13270.jpg,1842,1850,8
13275.jpg,1842,1850,8
13280.jpg,1842,1500,-342
13285.jpg,1842,1890,48
13290.jpg,1842,1920,78
13295.jpg,1842,2015,173
13300.jpg,1843,1829,-14
13305.jpg,1843,1850,7
13310.jpg,1843,1860,17
13315.jpg,1843,1900,57
13320.jpg,1843,1820,-23
13325.jpg,1843,1850,7
13330.jpg,1843,1850,7
13335.jpg,1843,1920,77
13340.jpg,1843,1850,7
13345.jpg,1843,1890,47
13350.jpg,1843,1850,7
13355.jpg,1843,1890,47
13360.jpg,1843,1920,77
13365.jpg,1843,1850,7
13370.jpg,1843,1850,7
13380.jpg,1843,1850,7
13385.jpg,1843,1850,7
13390.jpg,1843,1850,7
13395.jpg,1843,1920,77
13400.jpg,1843,1850,7
13405.jpg,1843,1900,57
13410.jpg,1843,1843,0
13415.jpg,1843,1900,57
13420.jpg,1843,1890,47
13425.jpg,1843,1850,7
13430.jpg,1844,1850,6
13435.jpg,1844,1850,6
13440.jpg,1844,1850,6
13445.jpg,1844,2010,166
13450.jpg,1844,1850,6
13455.jpg,1844,1850,6
13460.jpg,1844,1890,46
13465.jpg,1844,1830,-14
13470.jpg,1844,1850,6
13475.jpg,1844,1890,46
13480.jpg,1844,1920,76
13485.jpg,1844,1890,46
13490.jpg,1844,1850,6
13495.jpg,1844,1980,136
13500.jpg,1844,1830,-14
13505.jpg,1844,1890,46
13510.jpg,1844,1850,6
13515.jpg,1844,1850,6
13520.jpg,1844,1850,6
13525.jpg,1844,1850,6
13530.jpg,1844,1890,46
13535.jpg,1844,1890,46
13540.jpg,1844,1920,76
13545.jpg,1844,1850,6
13550.jpg,1844,1850,6
13555.jpg,1844,1890,46
13560.jpg,1844,1900,56
13565.jpg,1845,1850,5
13570.jpg,1845,1850,5
13575.jpg,1845,1890,45
13580.jpg,1845,1850,5
13585.jpg,1845,1800,-45
13590.jpg,1845,1890,45
13595.jpg,1845,1892,47
13600.jpg,1845,1920,75
13605.jpg,1845,1850,5
13610.jpg,1845,1850,5
13615.jpg,1845,1950,105
13620.jpg,1845,1920,75
13625.jpg,1845,1850,5
13630.jpg,1845,1850,5
13635.jpg,1845,1850,5
13640.jpg,1845,1900,55
13645.jpg,1845,1850,5
13650.jpg,1845,1850,5
13655.jpg,1845,1850,5
13660.jpg,1845,1920,75
13665.jpg,1845,1850,5
13670.jpg,1845,2010,165
13675.jpg,1845,1850,5
13680.jpg,1845,1920,75
13685.jpg,1845,1950,105
13690.jpg,1845,1850,5
13695.jpg,1845,1850,5
13700.jpg,1845,1850,5
13705.jpg,1845,1850,5
13710.jpg,1845,1920,75
13720.jpg,1845,1930,85
13725.jpg,1845,1920,75
13730.jpg,1845,1900,55
13735.jpg,1845,1850,5
13740.jpg,1845,1850,5
13745.jpg,1845,1850,5
13750.jpg,1845,1850,5
13755.jpg,1845,1800,-45
13760.jpg,1845,1850,5
13765.jpg,1845,1850,5
13770.jpg,1845,1850,5
13775.jpg,1845,1840,-5
13780.jpg,1845,1638,-207
13785.jpg,1845,2010,165
13790.jpg,1845,1920,75
13795.jpg,1845,1978,133
13800.jpg,1845,1920,75
13805.jpg,1846,1850,4
13810.jpg,1846,1896,50
13815.jpg,1846,1850,4
13820.jpg,1846,1850,4
13825.jpg,1846,1840,-6
13830.jpg,1846,1800,-46
13835.jpg,1846,1830,-16
13840.jpg,1846,1920,74
13845.jpg,1846,1850,4
13850.jpg,1846,1850,4
13855.jpg,1846,1920,74
13860.jpg,1846,1850,4
13865.jpg,1846,1850,4
13870.jpg,1846,1850,4
13875.jpg,1846,1900,54
13880.jpg,1846,1850,4
13885.jpg,1846,1850,4
13890.jpg,1846,1850,4
13895.jpg,1846,1950,104
13900.jpg,1846,1850,4
13905.jpg,1846,1850,4
13910.jpg,1846,1850,4
13915.jpg,1846,1850,4
13920.jpg,1846,1850,4
13925.jpg,1846,1950,104
13930.jpg,1846,1850,4
13935.jpg,1846,1850,4
13940.jpg,1847,1890,43
13945.jpg,1847,1850,3
13950.jpg,1847,1900,53
13955.jpg,1847,1900,53
13960.jpg,1847,1850,3
13965.jpg,1847,1900,53
13970.jpg,1847,1850,3
13975.jpg,1847,1850,3
13980.jpg,1847,1850,3
13985.jpg,1847,1820,-27
13990.jpg,1847,1850,3
13995.jpg,1847,1850,3
14000.jpg,1847,1920,73
14005.jpg,1847,1850,3
14010.jpg,1847,1850,3
14015.jpg,1847,1890,43
14020.jpg,1847,1850,3
14030.jpg,1847,1900,53
14035.jpg,1847,1850,3
14040.jpg,1847,1850,3
14045.jpg,1847,1800,-47
14050.jpg,1847,1850,3
14055.jpg,1847,1850,3
14060.jpg,1847,1950,103
14065.jpg,1847,1850,3
14070.jpg,1847,1850,3
14075.jpg,1847,1890,43
14080.jpg,1847,1850,3
14085.jpg,1847,1920,73
14090.jpg,1847,1850,3
14095.jpg,1847,1850,3
14100.jpg,1847,1920,73
14105.jpg,1847,1950,103
14110.jpg,1848,1870,22
14115.jpg,1848,1920,72
14120.jpg,1848,1920,72
14125.jpg,1848,2005,157
14130.jpg,1848,1500,-348
14135.jpg,1848,1850,2
14140.jpg,1848,1850,2
14145.jpg,1848,1850,2
14150.jpg,1848,1862,14
14155.jpg,1848,1890,42
14160.jpg,1848,1859,11
14165.jpg,1848,1850,2
14170.jpg,1848,1900,52
14175.jpg,1848,1850,2
14180.jpg,1848,1890,42
14185.jpg,1848,1850,2
14190.jpg,1848,1920,72
14195.jpg,1848,1890,42
14200.jpg,1848,1900,52
14205.jpg,1848,1850,2
14210.jpg,1848,1890,42
14215.jpg,1848,1850,2
14220.jpg,1848,1850,2
14225.jpg,1848,1860,12
14230.jpg,1848,1850,2
14235.jpg,1848,1850,2
14240.jpg,1848,1890,42
14245.jpg,1848,1850,2
14250.jpg,1848,1850,2
14255.jpg,1848,1850,2
14260.jpg,1848,1850,2
14265.jpg,1848,1900,52
14270.jpg,1848,1920,72
14275.jpg,1848,1850,2
14280.jpg,1848,1850,2
14285.jpg,1848,1890,42
14290.jpg,1848,1850,2
14295.jpg,1848,1860,12
14300.jpg,1848,1850,2
14305.jpg,1848,1850,2
14310.jpg,1848,1950,102
14315.jpg,1848,1900,52
14320.jpg,1848,1950,102
14325.jpg,1848,1850,2
14330.jpg,1848,1920,72
14335.jpg,1848,1850,2
14340.jpg,1849,1850,1
14345.jpg,1849,1850,1
14350.jpg,1849,1850,1
14355.jpg,1849,1850,1
14360.jpg,1849,2015,166
14365.jpg,1849,1850,1
14370.jpg,1849,1850,1
14375.jpg,1849,1883,34
14380.jpg,1849,1850,1
14385.jpg,1849,1800,-49
14390.jpg,1849,1850,1
14395.jpg,1849,1980,131
14400.jpg,1849,1850,1
14405.jpg,1849,1920,71
14410.jpg,1849,1950,101
14415.jpg,1849,1900,51
14420.jpg,1849,1838,-11
14425.jpg,1849,1890,41
14430.jpg,1849,1850,1
14435.jpg,1849,1850,1
14440.jpg,1849,1850,1
14445.jpg,1849,1850,1
14450.jpg,1849,1920,71
14455.jpg,1849,1850,1
14460.jpg,1849,1850,1
14465.jpg,1849,1850,1
14470.jpg,1849,1850,1
14475.jpg,1849,1850,1
14480.jpg,1849,1850,1
14485.jpg,1849,1850,1
14490.jpg,1849,1754,-95
14495.jpg,1849,1850,1
14500.jpg,1849,1890,41
14505.jpg,1850,1850,0
14510.jpg,1850,1850,0
14515.jpg,1850,1850,0
14520.jpg,1850,1850,0
14525.jpg,1850,1850,0
14530.jpg,1850,1950,100
14535.jpg,1850,1850,0
14540.jpg,1850,1920,70
14545.jpg,1850,1850,0
14550.jpg,1850,1900,50
14555.jpg,1850,1850,0
14560.jpg,1850,1900,50
14565.jpg,1850,1850,0
14570.jpg,1850,1750,-100
14575.jpg,1850,1850,0
14580.jpg,1850,1850,0
14585.jpg,1850,1847,-3
14590.jpg,1850,1850,0
14600.jpg,1850,1870,20
14605.jpg,1850,1850,0
14610.jpg,1850,1850,0
14615.jpg,1850,1950,100
14620.jpg,1850,1850,0
14625.jpg,1850,1850,0
14630.jpg,1850,1890,40
14635.jpg,1850,1850,0
14640.jpg,1850,1920,70
14645.jpg,1850,1890,40
14650.jpg,1850,1980,130
14655.jpg,1850,1850,0
14660.jpg,1850,1850,0
14665.jpg,1850,1920,70
14670.jpg,1850,1850,0
14675.jpg,1850,1850,0
14680.jpg,1850,1850,0
14685.jpg,1850,1920,70
14690.jpg,1850,1820,-30
14695.jpg,1850,1830,-20
14700.jpg,1850,1900,50
14705.jpg,1850,1850,0
14710.jpg,1850,1900,50
14715.jpg,1850,1850,0
14720.jpg,1850,1850,0
14725.jpg,1850,1850,0
14730.jpg,1850,1850,0
14735.jpg,1850,1850,0
14740.jpg,1850,1850,0
14745.jpg,1850,1850,0
14750.jpg,1850,1850,0
14755.jpg,1850,1900,50
14760.jpg,1850,1920,70
14765.jpg,1850,1900,50
14770.jpg,1850,1850,0
14775.jpg,1850,1950,100
14780.jpg,1850,1850,0
14785.jpg,1851,1850,-1
14790.jpg,1851,1860,9
14795.jpg,1851,1920,69
14800.jpg,1851,1920,69
14805.jpg,1851,1930,79
14810.jpg,1851,1870,19
14815.jpg,1851,1850,-1
14820.jpg,1851,1850,-1
14825.jpg,1851,1900,49
14830.jpg,1851,1890,39
14835.jpg,1851,1729,-122
14840.jpg,1851,1850,-1
14845.jpg,1851,1890,39
14850.jpg,1851,1850,-1
14855.jpg,1851,1950,99
14860.jpg,1851,1850,-1
14865.jpg,1851,1850,-1
14870.jpg,1851,1850,-1
14880.jpg,1851,1850,-1
14885.jpg,1851,1850,-1
14890.jpg,1851,1850,-1
14895.jpg,1851,1850,-1
14900.jpg,1851,1850,-1
14905.jpg,1851,1920,69
14910.jpg,1851,1750,-101
14915.jpg,1851,1950,99
14920.jpg,1851,1850,-1
14925.jpg,1851,1890,39
14930.jpg,1851,1905,54
14935.jpg,1851,1890,39
14940.jpg,1851,1830,-21
14945.jpg,1852,1850,-2
14950.jpg,1852,1850,-2
14955.jpg,1852,1850,-2
14960.jpg,1852,1905,53
14965.jpg,1852,1850,-2
14970.jpg,1852,1850,-2
14975.jpg,1852,1850,-2
14980.jpg,1852,1850,-2
14985.jpg,1852,1870,18
14990.jpg,1852,1920,68
14995.jpg,1852,1890,38
15000.jpg,1852,1890,38
15005.jpg,1852,1890,38
15010.jpg,1852,1850,-2
15015.jpg,1852,1850,-2
15020.jpg,1852,1850,-2
15025.jpg,1852,1890,38
15030.jpg,1852,1850,-2
15035.jpg,1852,1850,-2
15040.jpg,1852,1870,18
15045.jpg,1852,1850,-2
15050.jpg,1852,1920,68
15055.jpg,1852,1850,-2
15060.jpg,1852,1850,-2
15065.jpg,1852,1850,-2
15070.jpg,1852,1920,68
15075.jpg,1852,1800,-52
15080.jpg,1852,1850,-2
15085.jpg,1852,2010,158
15090.jpg,1852,1900,48
15095.jpg,1852,1850,-2
15100.jpg,1852,1850,-2
15105.jpg,1852,1860,8
15110.jpg,1852,1850,-2
15115.jpg,1852,1850,-2
15120.jpg,1852,1920,68
15125.jpg,1852,1850,-2
15130.jpg,1852,1890,38
15135.jpg,1853,1850,-3
15140.jpg,1853,1850,-3
15145.jpg,1853,1900,47
15150.jpg,1853,1890,37
15155.jpg,1853,1900,47
15160.jpg,1853,1850,-3
15165.jpg,1853,1930,77
15170.jpg,1853,1800,-53
15175.jpg,1853,1830,-23
15180.jpg,1853,1890,37
15185.jpg,1853,1850,-3
15190.jpg,1853,1865,12
15195.jpg,1853,1850,-3
15200.jpg,1853,1850,-3
15205.jpg,1853,1950,97
15210.jpg,1853,1850,-3
15215.jpg,1853,1850,-3
15220.jpg,1853,1850,-3
15225.jpg,1853,1850,-3
15230.jpg,1853,1920,67
15235.jpg,1853,1850,-3
15240.jpg,1853,1920,67
15245.jpg,1853,1850,-3
15250.jpg,1853,1920,67
15255.jpg,1853,1890,37
15260.jpg,1853,1850,-3
15265.jpg,1853,1850,-3
15270.jpg,1853,1890,37
15275.jpg,1853,1850,-3
15280.jpg,1853,1980,127
15285.jpg,1853,1850,-3
15290.jpg,1853,1850,-3
15295.jpg,1853,1850,-3
15300.jpg,1853,1850,-3
15305.jpg,1853,1850,-3
15310.jpg,1853,1950,97
15315.jpg,1853,1900,47
15320.jpg,1853,1890,37
15325.jpg,1853,1850,-3
15330.jpg,1853,1850,-3
15335.jpg,1853,1920,67
15340.jpg,1853,1850,-3
15345.jpg,1853,1800,-53
15350.jpg,1853,2010,157
15355.jpg,1854,1890,36
15360.jpg,1854,1927,73
15365.jpg,1854,1830,-24
15370.jpg,1854,1890,36
15375.jpg,1854,1850,-4
15380.jpg,1854,1850,-4
15385.jpg,1854,1800,-54
15390.jpg,1854,1850,-4
15395.jpg,1854,1850,-4
15400.jpg,1854,1900,46
15405.jpg,1854,1850,-4
15410.jpg,1854,1873,19
15415.jpg,1854,1800,-54
15420.jpg,1854,1950,96
15425.jpg,1854,1850,-4
15430.jpg,1854,1890,36
15435.jpg,1854,1950,96
15440.jpg,1854,1900,46
15445.jpg,1854,1890,36
15450.jpg,1855,1850,-5
15455.jpg,1855,1900,45
15460.jpg,1855,1850,-5
15465.jpg,1855,1850,-5
15470.jpg,1855,1850,-5
15475.jpg,1855,1850,-5
15480.jpg,1855,1900,45
15485.jpg,1855,1850,-5
15490.jpg,1855,1890,35
15495.jpg,1855,1950,95
15500.jpg,1855,1870,15
15505.jpg,1855,1850,-5
15510.jpg,1855,1850,-5
15515.jpg,1855,1850,-5
15520.jpg,1855,1890,35
15525.jpg,1855,1920,65
15530.jpg,1855,1850,-5
15535.jpg,1855,1850,-5
15540.jpg,1855,1890,35
15545.jpg,1855,1850,-5
15550.jpg,1855,1850,-5
15555.jpg,1855,1920,65
15560.jpg,1855,1850,-5
15565.jpg,1855,1890,35
15570.jpg,1855,1850,-5
15575.jpg,1855,1920,65
15580.jpg,1855,1950,95
15585.jpg,1855,1930,75
15590.jpg,1855,1920,65
15595.jpg,1855,1850,-5
15600.jpg,1855,1850,-5
15605.jpg,1855,1930,75
15610.jpg,1855,1920,65
15615.jpg,1855,1850,-5
15620.jpg,1855,1850,-5
15625.jpg,1855,1850,-5
15630.jpg,1855,1850,-5
15635.jpg,1855,1850,-5
15640.jpg,1855,1920,65
15645.jpg,1855,1890,35
15650.jpg,1855,1850,-5
15655.jpg,1855,1850,-5
15660.jpg,1855,1890,35
15665.jpg,1855,1890,35
15670.jpg,1855,1850,-5
15675.jpg,1855,1890,35
15680.jpg,1855,2010,155
15685.jpg,1855,1850,-5
15690.jpg,1855,1800,-55
15695.jpg,1855,1879,24
15705.jpg,1856,1850,-6
15710.jpg,1856,1850,-6
15715.jpg,1856,1950,94
15720.jpg,1856,1920,64
15725.jpg,1856,1920,64
15730.jpg,1856,1890,34
15735.jpg,1856,1920,64
15740.jpg,1856,1890,34
15745.jpg,1856,1850,-6
15750.jpg,1856,1890,34
15755.jpg,1856,1800,-56
15760.jpg,1856,1850,-6
15765.jpg,1856,1850,-6
15770.jpg,1856,1900,44
15775.jpg,1856,1890,34
15780.jpg,1856,1850,-6
15785.jpg,1856,1870,14
15795.jpg,1856,1850,-6
15800.jpg,1856,1900,44
15805.jpg,1856,1920,64
15810.jpg,1856,1900,44
15815.jpg,1856,1850,-6
15820.jpg,1856,1850,-6
15825.jpg,1856,1850,-6
15830.jpg,1856,1850,-6
15835.jpg,1856,1850,-6
15840.jpg,1856,1850,-6
15845.jpg,1856,1850,-6
15850.jpg,1856,1850,-6
15855.jpg,1856,1850,-6
15860.jpg,1856,1850,-6
15865.jpg,1856,1850,-6
15870.jpg,1856,1980,124
15875.jpg,1856,1890,34
15880.jpg,1856,1850,-6
15885.jpg,1856,1850,-6
15890.jpg,1856,1850,-6
15895.jpg,1856,1850,-6
15900.jpg,1856,1850,-6
15905.jpg,1856,1850,-6
15910.jpg,1856,1850,-6
15915.jpg,1856,1850,-6
15920.jpg,1856,1850,-6
15930.jpg,1856,1920,64
15935.jpg,1856,1850,-6
15940.jpg,1856,1850,-6
15945.jpg,1856,1850,-6
15950.jpg,1856,1850,-6
15955.jpg,1856,1895,39
15960.jpg,1856,1850,-6
15965.jpg,1856,1850,-6
15970.jpg,1856,1900,44
15975.jpg,1856,1850,-6
15980.jpg,1857,1900,43
15985.jpg,1857,1850,-7
15990.jpg,1857,1980,123
15995.jpg,1857,1850,-7
16000.jpg,1857,1890,33
16005.jpg,1857,1850,-7
16010.jpg,1857,1859,2
16015.jpg,1857,1850,-7
16020.jpg,1857,1850,-7
16025.jpg,1857,1900,43
16030.jpg,1857,1850,-7
16035.jpg,1857,1870,13
16040.jpg,1857,1890,33
16045.jpg,1857,1890,33
16050.jpg,1857,1870,13
16055.jpg,1857,1902,45
16060.jpg,1857,1850,-7
16065.jpg,1857,1850,-7
16070.jpg,1857,1890,33
16075.jpg,1857,1900,43
16080.jpg,1857,1850,-7
16085.jpg,1857,1850,-7
16090.jpg,1857,1890,33
16095.jpg,1857,1850,-7
16100.jpg,1857,1850,-7
16105.jpg,1857,1850,-7
16110.jpg,1857,1890,33
16115.jpg,1857,1890,33
16120.jpg,1857,1850,-7
16125.jpg,1857,1900,43
16130.jpg,1857,1850,-7
16135.jpg,1857,1920,63
16140.jpg,1857,1500,-357
16145.jpg,1857,1850,-7
16150.jpg,1857,1850,-7
16155.jpg,1857,1920,63
16160.jpg,1857,1850,-7
16165.jpg,1857,1850,-7
16170.jpg,1857,1890,33
16175.jpg,1857,1950,93
16180.jpg,1857,1890,33
16185.jpg,1857,1950,93
16190.jpg,1857,1850,-7
16195.jpg,1857,1850,-7
16200.jpg,1857,1850,-7
16205.jpg,1857,2010,153
16210.jpg,1857,1850,-7
16215.jpg,1857,1890,33
16220.jpg,1857,1850,-7
16225.jpg,1857,1850,-7
16230.jpg,1857,1900,43
16235.jpg,1858,1890,32
16240.jpg,1858,1950,92
16245.jpg,1858,1850,-8
16250.jpg,1858,1890,32
16255.jpg,1858,1890,32
16260.jpg,1858,1900,42
16265.jpg,1858,1850,-8
16270.jpg,1858,1850,-8
16275.jpg,1858,1850,-8
16280.jpg,1858,1850,-8
16285.jpg,1858,1890,32
16290.jpg,1858,1890,32
16295.jpg,1858,1950,92
16300.jpg,1858,1930,72
16305.jpg,1858,1920,62
16310.jpg,1858,1850,-8
16315.jpg,1858,1850,-8
16320.jpg,1858,1850,-8
16325.jpg,1858,1850,-8
16330.jpg,1858,1900,42
16335.jpg,1858,1890,32
16340.jpg,1858,1850,-8
16345.jpg,1858,1920,62
16350.jpg,1858,1850,-8
16355.jpg,1858,1890,32
16360.jpg,1858,1890,32
16365.jpg,1858,1850,-8
16370.jpg,1858,1850,-8
16375.jpg,1858,1850,-8
16380.jpg,1858,1900,42
16385.jpg,1858,1850,-8
16390.jpg,1858,1850,-8
16395.jpg,1858,1850,-8
16400.jpg,1858,1850,-8
16405.jpg,1858,1920,62
16410.jpg,1858,1850,-8
16415.jpg,1858,1890,32
16420.jpg,1858,1850,-8
16425.jpg,1858,1850,-8
16430.jpg,1858,1800,-58
16435.jpg,1858,1850,-8
16440.jpg,1858,1850,-8
16445.jpg,1858,1850,-8
16450.jpg,1858,1890,32
16455.jpg,1858,1850,-8
16460.jpg,1858,1900,42
16465.jpg,1858,1860,2
16470.jpg,1858,1950,92
16475.jpg,1858,1850,-8
16480.jpg,1858,1920,62
16485.jpg,1858,1900,42
16490.jpg,1859,1850,-9
16495.jpg,1859,1890,31
16505.jpg,1859,1839,-20
16510.jpg,1859,1900,41
16515.jpg,1859,1890,31
16520.jpg,1859,1900,41
16525.jpg,1859,1850,-9
16530.jpg,1859,1850,-9
16535.jpg,1859,1850,-9
16540.jpg,1859,1850,-9
16545.jpg,1859,1850,-9
16550.jpg,1859,1850,-9
16555.jpg,1859,1870,11
16560.jpg,1859,1870,11
16565.jpg,1859,1850,-9
16570.jpg,1859,1900,41
16575.jpg,1859,1870,11
16580.jpg,1859,1890,31
16585.jpg,1859,1800,-59
16590.jpg,1859,1850,-9
16595.jpg,1859,1870,11
16600.jpg,1859,1900,41
16605.jpg,1859,1920,61
16610.jpg,1859,1890,31
16615.jpg,1859,1890,31
16620.jpg,1859,1850,-9
16625.jpg,1859,1950,91
16630.jpg,1859,1920,61
16635.jpg,1859,1890,31
16640.jpg,1859,1850,-9
16645.jpg,1859,1890,31
16650.jpg,1859,1850,-9
16655.jpg,1859,1850,-9
16660.jpg,1859,1850,-9
16665.jpg,1859,1950,91
16670.jpg,1859,1850,-9
16675.jpg,1859,1850,-9
16680.jpg,1859,1920,61
16685.jpg,1859,1850,-9
16690.jpg,1859,1840,-19
16695.jpg,1859,1850,-9
16700.jpg,1859,1920,61
16705.jpg,1859,1850,-9
16710.jpg,1859,1847,-12
16715.jpg,1859,1830,-29
16720.jpg,1859,1890,31
16725.jpg,1859,1890,31
16730.jpg,1859,1920,61
16735.jpg,1860,1850,-10
16740.jpg,1860,1890,30
16745.jpg,1860,1850,-10
16750.jpg,1860,1850,-10
16755.jpg,1860,1850,-10
16760.jpg,1860,1920,60
16765.jpg,1860,1890,30
16770.jpg,1860,1850,-10
16775.jpg,1860,1850,-10
16785.jpg,1860,1800,-60
16790.jpg,1860,1890,30
16795.jpg,1860,1800,-60
16800.jpg,1860,1890,30
16805.jpg,1860,1890,30
16810.jpg,1860,1890,30
16815.jpg,1860,1850,-10
16820.jpg,1860,1920,60
16825.jpg,1860,1850,-10
16830.jpg,1860,1890,30
16835.jpg,1860,1890,30
16840.jpg,1860,1850,-10
16845.jpg,1860,1850,-10
16850.jpg,1860,1850,-10
16855.jpg,1860,1900,40
16860.jpg,1860,1800,-60
16865.jpg,1860,1920,60
16870.jpg,1860,1850,-10
16875.jpg,1860,1850,-10
16880.jpg,1860,1850,-10
16885.jpg,1860,1850,-10
16890.jpg,1860,1850,-10
16895.jpg,1860,1850,-10
16900.jpg,1860,1920,60
16905.jpg,1860,1920,60
16910.jpg,1860,1920,60
16915.jpg,1860,1850,-10
16920.jpg,1860,1850,-10
16925.jpg,1860,1850,-10
16930.jpg,1860,1890,30
16935.jpg,1860,1850,-10
16940.jpg,1860,1850,-10
16945.jpg,1860,1920,60
16950.jpg,1860,1850,-10
16955.jpg,1860,1850,-10
16960.jpg,1860,1850,-10
16965.jpg,1860,1905,45
16970.jpg,1860,1920,60
16975.jpg,1860,1850,-10
16980.jpg,1860,1890,30
16985.jpg,1860,1900,40
16990.jpg,1860,1850,-10
16995.jpg,1860,1850,-10
17000.jpg,1860,1950,90
17005.jpg,1861,1900,39
17010.jpg,1861,1850,-11
17015.jpg,1861,1890,29
17025.jpg,1861,1850,-11
17030.jpg,1861,1890,29
17035.jpg,1861,1800,-61
17040.jpg,1861,1750,-111
17045.jpg,1861,1800,-61
17050.jpg,1861,1920,59
17055.jpg,1861,1850,-11
17060.jpg,1861,1850,-11
17065.jpg,1861,1950,89
17070.jpg,1861,1850,-11
17075.jpg,1861,1850,-11
17080.jpg,1861,1890,29
17085.jpg,1861,1850,-11
17090.jpg,1861,1850,-11
17095.jpg,1861,1850,-11
17100.jpg,1861,1890,29
17105.jpg,1861,1850,-11
17110.jpg,1861,1870,9
17115.jpg,1861,1850,-11
17120.jpg,1861,1890,29
17125.jpg,1861,1850,-11
17130.jpg,1861,1890,29
17135.jpg,1861,1860,-1
17140.jpg,1861,1890,29
17145.jpg,1861,1850,-11
17150.jpg,1861,1830,-31
17155.jpg,1861,1860,-1
17160.jpg,1861,1850,-11
17165.jpg,1861,1890,29
17170.jpg,1861,1900,39
17175.jpg,1862,1890,28
17180.jpg,1862,1862,0
17185.jpg,1862,1865,3
17190.jpg,1862,1890,28
17195.jpg,1862,1995,133
17200.jpg,1862,1850,-12
17205.jpg,1862,1950,88
17210.jpg,1862,1850,-12
17215.jpg,1862,1870,8
17220.jpg,1862,1950,88
17225.jpg,1862,1850,-12
17230.jpg,1862,1850,-12
17235.jpg,1862,1870,8
17240.jpg,1862,1850,-12
17245.jpg,1862,1850,-12
17250.jpg,1862,1950,88
17255.jpg,1862,1850,-12
17260.jpg,1862,1800,-62
17265.jpg,1862,1850,-12
17270.jpg,1862,1920,58
17275.jpg,1862,1850,-12
17280.jpg,1862,1850,-12
17285.jpg,1862,1890,28
17290.jpg,1862,1890,28
17295.jpg,1862,1950,88
17300.jpg,1862,1890,28
17305.jpg,1862,1920,58
17310.jpg,1862,1850,-12
17315.jpg,1862,1930,68
17320.jpg,1862,1890,28
17325.jpg,1863,1850,-13
17330.jpg,1863,1850,-13
17340.jpg,1863,1920,57
17345.jpg,1863,1900,37
17350.jpg,1863,1850,-13
17355.jpg,1863,1850,-13
17365.jpg,1863,1950,87
17370.jpg,1863,1860,-3
17375.jpg,1863,1850,-13
17380.jpg,1863,1850,-13
17385.jpg,1863,1950,87
17390.jpg,1863,1890,27
17395.jpg,1863,1850,-13
17400.jpg,1863,1950,87
17405.jpg,1863,1890,27
17410.jpg,1863,1850,-13
17415.jpg,1863,1920,57
17420.jpg,1863,1890,27
17425.jpg,1863,1850,-13
17430.jpg,1863,1890,27
17435.jpg,1863,1950,87
17440.jpg,1863,1850,-13
17445.jpg,1863,1890,27
17450.jpg,1863,1890,27
17455.jpg,1863,1870,7
17460.jpg,1863,1890,27
17465.jpg,1863,1890,27
17470.jpg,1863,1850,-13
17475.jpg,1863,1850,-13
17480.jpg,1863,1890,27
17485.jpg,1864,1900,36
17490.jpg,1864,1850,-14
17495.jpg,1864,1850,-14
17500.jpg,1864,1950,86
17505.jpg,1864,1890,26
17510.jpg,1864,1890,26
17515.jpg,1864,1850,-14
17520.jpg,1864,1965,101
17525.jpg,1864,1850,-14
17530.jpg,1864,1900,36
17535.jpg,1864,1950,86
17540.jpg,1864,1860,-4
17545.jpg,1864,1870,6
17550.jpg,1864,1847,-17
17555.jpg,1864,1890,26
17560.jpg,1864,1900,36
17565.jpg,1864,1850,-14
17575.jpg,1864,1850,-14
17580.jpg,1864,1850,-14
17585.jpg,1864,1900,36
17590.jpg,1864,1980,116
17595.jpg,1864,1890,26
17600.jpg,1864,1500,-364
17605.jpg,1864,1980,116
17610.jpg,1864,1850,-14
17615.jpg,1864,1850,-14
17620.jpg,1864,1850,-14
17625.jpg,1864,1900,36
17630.jpg,1864,1850,-14
17635.jpg,1864,1850,-14
17640.jpg,1864,1920,56
17645.jpg,1864,1850,-14
17650.jpg,1864,1850,-14
17655.jpg,1864,1850,-14
17660.jpg,1865,1879,14
17665.jpg,1865,1874,9
17670.jpg,1865,1920,55
17675.jpg,1865,1830,-35
17680.jpg,1865,1920,55
17690.jpg,1865,1920,55
17695.jpg,1865,1800,-65
17700.jpg,1865,1829,-36
17705.jpg,1865,1850,-15
17710.jpg,1865,1850,-15
17715.jpg,1865,1890,25
17720.jpg,1865,1930,65
17725.jpg,1865,1890,25
17730.jpg,1865,1850,-15
17735.jpg,1865,1850,-15
17745.jpg,1865,1860,-5
17750.jpg,1865,1850,-15
17755.jpg,1865,1850,-15
17760.jpg,1865,1850,-15
17765.jpg,1865,1890,25
17770.jpg,1865,1850,-15
17775.jpg,1865,1890,25
17780.jpg,1865,1850,-15
17785.jpg,1865,1850,-15
17790.jpg,1865,1920,55
17795.jpg,1865,1920,55
17800.jpg,1865,1950,85
17805.jpg,1865,1850,-15
17810.jpg,1865,1890,25
17815.jpg,1865,1900,35
17820.jpg,1865,1950,85
17825.jpg,1865,1850,-15
17830.jpg,1865,1870,5
17835.jpg,1865,1850,-15
17840.jpg,1865,1920,55
17845.jpg,1865,1890,25
17850.jpg,1865,1890,25
17855.jpg,1865,1890,25
17860.jpg,1865,1890,25
17865.jpg,1865,1850,-15
17870.jpg,1865,1870,5
17875.jpg,1865,1870,5
17880.jpg,1865,1850,-15
17885.jpg,1865,1920,55
17890.jpg,1865,1920,55
17895.jpg,1865,1950,85
17900.jpg,1865,1900,35
17905.jpg,1865,1850,-15
17910.jpg,1865,1800,-65
17915.jpg,1865,1890,25
17920.jpg,1865,1850,-15
17930.jpg,1865,1850,-15
17935.jpg,1866,1870,4
17940.jpg,1866,1850,-16
17945.jpg,1866,1920,54
17950.jpg,1866,1890,24
17955.jpg,1866,1950,84
17960.jpg,1866,1850,-16
17965.jpg,1866,1890,24
17970.jpg,1866,1850,-16
17975.jpg,1866,1850,-16
17980.jpg,1866,1890,24
17985.jpg,1866,1858,-8
17990.jpg,1866,1890,24
17995.jpg,1866,1906,40
18000.jpg,1866,1870,4
18005.jpg,1866,1850,-16
18010.jpg,1866,1850,-16
18015.jpg,1866,1970,104
18020.jpg,1866,2005,139
18025.jpg,1866,1890,24
18030.jpg,1866,1850,-16
18035.jpg,1866,1850,-16
18040.jpg,1866,1850,-16
18045.jpg,1866,1850,-16
18050.jpg,1866,1850,-16
18055.jpg,1866,1900,34
18060.jpg,1866,1900,34
18065.jpg,1866,1850,-16
18070.jpg,1866,1890,24
18075.jpg,1866,1850,-16
18080.jpg,1866,1850,-16
18085.jpg,1866,1900,34
18090.jpg,1866,1950,84
18095.jpg,1866,1850,-16
18100.jpg,1866,1920,54
18105.jpg,1866,1920,54
18110.jpg,1866,1890,24
18115.jpg,1866,1950,84
18120.jpg,1866,1900,34
18125.jpg,1866,1898,32
18130.jpg,1866,1920,54
18135.jpg,1867,1850,-17
18140.jpg,1867,1890,23
18145.jpg,1867,1900,33
18160.jpg,1867,1890,23
18165.jpg,1867,1900,33
18170.jpg,1867,1850,-17
18175.jpg,1867,1850,-17
18180.jpg,1867,2015,148
18185.jpg,1867,1850,-17
18190.jpg,1867,1850,-17
18195.jpg,1867,1850,-17
18200.jpg,1867,1850,-17
18205.jpg,1867,1850,-17
18210.jpg,1867,1900,33
18215.jpg,1867,1900,33
18220.jpg,1867,1890,23
18225.jpg,1867,1890,23
18230.jpg,1867,1920,53
18235.jpg,1867,1950,83
18240.jpg,1867,1850,-17
18245.jpg,1867,1890,23
18250.jpg,1867,1890,23
18255.jpg,1867,1930,63
18260.jpg,1867,1850,-17
18265.jpg,1867,1890,23
18270.jpg,1867,1850,-17
18275.jpg,1867,1890,23
18280.jpg,1867,1890,23
18285.jpg,1867,1850,-17
18290.jpg,1867,1890,23
18295.jpg,1867,1850,-17
18300.jpg,1867,1901,34
18305.jpg,1867,1850,-17
18310.jpg,1867,1890,23
18315.jpg,1867,1850,-17
18320.jpg,1867,1850,-17
18325.jpg,1867,1850,-17
18330.jpg,1867,1890,23
18335.jpg,1867,1890,23
18340.jpg,1867,1890,23
18345.jpg,1867,1900,33
18350.jpg,1867,1247,-620
18355.jpg,1867,1890,23
18360.jpg,1867,1850,-17
18365.jpg,1868,1870,2
18370.jpg,1868,1850,-18
18380.jpg,1868,1890,22
18385.jpg,1868,1890,22
18390.jpg,1868,1900,32
18395.jpg,1868,1920,52
18400.jpg,1868,1870,2
18405.jpg,1868,1900,32
18410.jpg,1868,1900,32
18415.jpg,1868,1850,-18
18420.jpg,1868,1850,-18
18425.jpg,1868,1850,-18
18430.jpg,1868,1980,112
18450.jpg,1868,1850,-18
18455.jpg,1868,1850,-18
18460.jpg,1868,1850,-18
18465.jpg,1868,1890,22
18470.jpg,1868,1850,-18
18475.jpg,1868,1900,32
18480.jpg,1868,1860,-8
18485.jpg,1868,1890,22
18490.jpg,1868,1900,32
18495.jpg,1868,1920,52
18500.jpg,1868,1850,-18
18505.jpg,1868,1890,22
18510.jpg,1868,1890,22
18515.jpg,1868,1850,-18
18520.jpg,1868,1850,-18
18525.jpg,1868,1890,22
18530.jpg,1868,1850,-18
18535.jpg,1868,1850,-18
18540.jpg,1868,1850,-18
18545.jpg,1868,1870,2
18550.jpg,1868,1870,2
18555.jpg,1868,1890,22
18560.jpg,1868,1850,-18
18565.jpg,1868,1890,22
18570.jpg,1868,1890,22
18575.jpg,1868,1890,22
18580.jpg,1868,1930,62
18585.jpg,1868,1970,102
18590.jpg,1868,1920,52
18595.jpg,1868,1850,-18
18600.jpg,1868,1890,22
18605.jpg,1868,1900,32
18610.jpg,1868,1850,-18
18615.jpg,1868,1900,32
18620.jpg,1869,1850,-19
18625.jpg,1869,1868,-1
18630.jpg,1869,1890,21
18635.jpg,1869,1890,21
18640.jpg,1869,1890,21
18645.jpg,1869,1900,31
18650.jpg,1869,1850,-19
18655.jpg,1869,1850,-19
18660.jpg,1869,1850,-19
18665.jpg,1869,1850,-19
18670.jpg,1869,1900,31
18675.jpg,1869,1900,31
18680.jpg,1869,1850,-19
18685.jpg,1869,1890,21
18690.jpg,1869,1850,-19
18695.jpg,1869,1890,21
18700.jpg,1869,1890,21
18710.jpg,1869,1890,21
18715.jpg,1869,1850,-19
18720.jpg,1869,1870,1
18725.jpg,1869,1930,61
18730.jpg,1869,1890,21
18735.jpg,1869,1850,-19
18740.jpg,1869,1850,-19
18745.jpg,1869,1895,26
18750.jpg,1869,1890,21
18755.jpg,1869,1850,-19
18760.jpg,1869,1890,21
18765.jpg,1869,1850,-19
18770.jpg,1869,1850,-19
18775.jpg,1869,1890,21
18780.jpg,1869,1900,31
18785.jpg,1869,1890,21
18790.jpg,1869,1890,21
18795.jpg,1869,1850,-19
18800.jpg,1869,1850,-19
18805.jpg,1869,1850,-19
18810.jpg,1869,1890,21
18815.jpg,1869,1890,21
18820.jpg,1869,1930,61
18825.jpg,1869,1890,21
18830.jpg,1869,1920,51
18835.jpg,1869,2015,146
18840.jpg,1870,1850,-20
18845.jpg,1870,1852,-18
18850.jpg,1870,1890,20
18855.jpg,1870,1920,50
18860.jpg,1870,1900,30
18865.jpg,1870,1950,80
18870.jpg,1870,1920,50
18875.jpg,1870,1960,90
18880.jpg,1870,1920,50
18885.jpg,1870,1850,-20
18895.jpg,1870,1850,-20
18900.jpg,1870,1850,-20
18905.jpg,1870,1850,-20
18910.jpg,1870,1900,30
18915.jpg,1870,1870,0
18920.jpg,1870,1900,30
18925.jpg,1870,1874,4
18930.jpg,1870,1900,30
18935.jpg,1870,1850,-20
18940.jpg,1870,1890,20
18945.jpg,1870,1980,110
18950.jpg,1870,1890,20
18955.jpg,1870,1900,30
18960.jpg,1870,1900,30
18965.jpg,1870,1850,-20
18970.jpg,1870,1860,-10
18980.jpg,1870,1900,30
18985.jpg,1870,1890,20
18990.jpg,1870,1890,20
18995.jpg,1870,1870,0
19000.jpg,1870,1850,-20
19005.jpg,1870,1890,20
19010.jpg,1870,1850,-20
19015.jpg,1870,1920,50
19020.jpg,1870,1850,-20
19025.jpg,1870,1850,-20
19030.jpg,1870,1920,50
19035.jpg,1870,1890,20
19040.jpg,1870,1950,80
19045.jpg,1870,1850,-20
19050.jpg,1870,1850,-20
19055.jpg,1870,1890,20
19060.jpg,1870,1890,20
19065.jpg,1870,1900,30
19070.jpg,1870,1850,-20
19075.jpg,1870,1900,30
19080.jpg,1870,1920,50
19085.jpg,1870,1860,-10
19090.jpg,1870,1920,50
19100.jpg,1870,1930,60
19105.jpg,1870,1850,-20
19110.jpg,1870,1800,-70
19115.jpg,1870,1850,-20
19120.jpg,1870,1900,30
19125.jpg,1870,1950,80
19130.jpg,1870,1850,-20
19135.jpg,1870,1850,-20
19140.jpg,1870,1890,20
19145.jpg,1871,1800,-71
19150.jpg,1871,1850,-21
19155.jpg,1871,1890,19
19160.jpg,1871,1850,-21
19165.jpg,1871,1900,29
19170.jpg,1871,1894,23
19175.jpg,1871,1920,49
19180.jpg,1871,1900,29
19185.jpg,1871,1890,19
19190.jpg,1871,1890,19
19195.jpg,1871,1850,-21
19200.jpg,1871,1850,-21
19205.jpg,1871,1960,89
19210.jpg,1871,1950,79
19215.jpg,1871,1850,-21
19220.jpg,1871,1930,59
19225.jpg,1871,1900,29
19230.jpg,1871,1930,59
19235.jpg,1871,1870,-1
19240.jpg,1871,1908,37
19245.jpg,1871,1870,-1
19250.jpg,1871,1870,-1
19255.jpg,1871,1850,-21
19260.jpg,1871,1850,-21
19265.jpg,1871,1850,-21
19270.jpg,1871,1850,-21
19275.jpg,1871,1890,19
19280.jpg,1871,1920,49
19285.jpg,1871,1920,49
19290.jpg,1871,1850,-21
19295.jpg,1871,1890,19
19300.jpg,1871,1850,-21
19305.jpg,1871,1950,79
19310.jpg,1871,1850,-21
19315.jpg,1871,1890,19
19320.jpg,1871,1890,19
19325.jpg,1871,1890,19
19330.jpg,1871,1890,19
19335.jpg,1871,1890,19
19340.jpg,1871,1890,19
19345.jpg,1871,1870,-1
19350.jpg,1871,1850,-21
19355.jpg,1871,1890,19
19360.jpg,1871,1890,19
19365.jpg,1871,1890,19
19370.jpg,1871,1860,-11
19375.jpg,1871,1850,-21
19380.jpg,1871,1890,19
19385.jpg,1871,1850,-21
19390.jpg,1871,1890,19
19395.jpg,1872,1850,-22
19400.jpg,1872,1900,28
19405.jpg,1872,1890,18
19410.jpg,1872,1850,-22
19415.jpg,1872,1850,-22
19420.jpg,1872,1850,-22
19425.jpg,1872,2010,138
19430.jpg,1872,1900,28
19435.jpg,1872,1890,18
19440.jpg,1872,1890,18
19445.jpg,1872,1920,48
19450.jpg,1872,1850,-22
19455.jpg,1872,1850,-22
19460.jpg,1872,1850,-22
19465.jpg,1872,1890,18
19470.jpg,1872,1850,-22
19475.jpg,1872,1850,-22
19480.jpg,1872,1870,-2
19485.jpg,1872,1850,-22
19490.jpg,1872,1870,-2
19495.jpg,1872,1850,-22
19500.jpg,1872,1890,18
19505.jpg,1872,1900,28
19510.jpg,1872,1900,28
19515.jpg,1872,1858,-14
19520.jpg,1872,1900,28
19525.jpg,1872,1890,18
19530.jpg,1872,1890,18
19535.jpg,1872,1850,-22
19540.jpg,1872,1950,78
19545.jpg,1872,1870,-2
19550.jpg,1872,1870,-2
19555.jpg,1872,1850,-22
19560.jpg,1872,1890,18
19565.jpg,1872,1850,-22
19570.jpg,1872,1890,18
19575.jpg,1872,1850,-22
19580.jpg,1872,1890,18
19585.jpg,1872,1850,-22
19590.jpg,1872,1850,-22
19595.jpg,1872,1950,78
19600.jpg,1872,1850,-22
19605.jpg,1872,1870,-2
19610.jpg,1872,1890,18
19615.jpg,1872,1890,18
19620.jpg,1872,1890,18
19625.jpg,1872,1850,-22
19630.jpg,1872,1850,-22
19635.jpg,1872,1868,-4
19640.jpg,1872,1896,24
19645.jpg,1872,1900,28
19655.jpg,1873,1850,-23
19660.jpg,1873,1860,-13
19665.jpg,1873,1900,27
19670.jpg,1873,1900,27
19675.jpg,1873,1890,17
19680.jpg,1873,1850,-23
19685.jpg,1873,1850,-23
19690.jpg,1873,1930,57
19695.jpg,1873,1920,47
19700.jpg,1873,1850,-23
19705.jpg,1873,1920,47
19710.jpg,1873,1920,47
19715.jpg,1873,1900,27
19720.jpg,1873,1900,27
19725.jpg,1873,1850,-23
19730.jpg,1873,1900,27
19735.jpg,1873,1890,17
19740.jpg,1873,1950,77
19745.jpg,1873,1900,27
19750.jpg,1873,1859,-14
19755.jpg,1873,1900,27
19760.jpg,1873,1850,-23
19765.jpg,1873,1850,-23
19775.jpg,1873,1850,-23
19780.jpg,1873,1890,17
19785.jpg,1873,1850,-23
19790.jpg,1873,1920,47
19795.jpg,1873,1870,-3
19800.jpg,1873,1850,-23
19805.jpg,1873,1850,-23
19810.jpg,1873,1890,17
19815.jpg,1873,1890,17
19820.jpg,1873,1890,17
19825.jpg,1873,1890,17
19830.jpg,1873,1890,17
19835.jpg,1873,1920,47
19840.jpg,1873,1850,-23
19845.jpg,1873,1950,77
19850.jpg,1873,1890,17
19855.jpg,1873,1850,-23
19860.jpg,1873,1850,-23
19865.jpg,1873,1890,17
19870.jpg,1873,1890,17
19875.jpg,1873,1928,55
19880.jpg,1873,1890,17
19885.jpg,1873,1900,27
19890.jpg,1873,1850,-23
19895.jpg,1873,1950,77
19900.jpg,1873,1890,17
19905.jpg,1873,1772,-101
19910.jpg,1873,1920,47
19915.jpg,1874,1890,16
19920.jpg,1874,1850,-24
19925.jpg,1874,1890,16
19930.jpg,1874,1900,26
19935.jpg,1874,1890,16
19945.jpg,1874,1850,-24
19950.jpg,1874,1890,16
19955.jpg,1874,1920,46
19965.jpg,1874,1890,16
19970.jpg,1874,1966,92
19975.jpg,1874,1890,16
19980.jpg,1874,1890,16
19985.jpg,1874,1847,-27
19990.jpg,1874,1930,56
19995.jpg,1874,1850,-24
20000.jpg,1874,1930,56
20005.jpg,1874,1940,66
20010.jpg,1874,1850,-24
20015.jpg,1874,1850,-24
20020.jpg,1874,1890,16
20025.jpg,1874,1870,-4
20030.jpg,1874,1850,-24
20035.jpg,1874,1930,56
20040.jpg,1874,1859,-15
20045.jpg,1874,1930,56
20050.jpg,1874,1890,16
20055.jpg,1874,1890,16
20060.jpg,1874,1890,16
20065.jpg,1874,1870,-4
20070.jpg,1874,1890,16
20075.jpg,1874,1870,-4
20080.jpg,1874,1823,-51
20085.jpg,1874,1890,16
20090.jpg,1874,1850,-24
20095.jpg,1874,1850,-24
20100.jpg,1874,1890,16
20110.jpg,1874,1890,16
20115.jpg,1874,1890,16
20120.jpg,1874,1890,16
20125.jpg,1874,1890,16
20130.jpg,1874,1700,-174
20135.jpg,1874,1890,16
20145.jpg,1874,1920,46
20150.jpg,1874,1900,26
20155.jpg,1874,1850,-24
20160.jpg,1874,1920,46
20165.jpg,1874,1870,-4
20170.jpg,1874,1890,16
20175.jpg,1874,1860,-14
20180.jpg,1874,1800,-74
20185.jpg,1874,1890,16
20190.jpg,1874,1850,-24
20195.jpg,1874,1920,46
20205.jpg,1874,1850,-24
20210.jpg,1875,1895,20
20215.jpg,1875,2015,140
20220.jpg,1875,1850,-25
20230.jpg,1875,1900,25
20235.jpg,1875,1800,-75
20240.jpg,1875,1850,-25
20245.jpg,1875,1850,-25
20250.jpg,1875,1920,45
20255.jpg,1875,1920,45
20260.jpg,1875,1900,25
20265.jpg,1875,1850,-25
20270.jpg,1875,1850,-25
20275.jpg,1875,1875,0
20280.jpg,1875,1900,25
20285.jpg,1875,1850,-25
20295.jpg,1875,1930,55
20300.jpg,1875,1870,-5
20305.jpg,1875,1850,-25
20310.jpg,1875,1876,1
20315.jpg,1875,1920,45
20320.jpg,1875,1850,-25
20325.jpg,1875,1850,-25
20330.jpg,1875,1890,15
20335.jpg,1875,1890,15
20340.jpg,1875,1900,25
20345.jpg,1875,1890,15
20350.jpg,1875,1890,15
20355.jpg,1875,1920,45
20360.jpg,1875,1890,15
20365.jpg,1875,1890,15
20370.jpg,1875,1850,-25
20375.jpg,1875,1850,-25
20380.jpg,1875,1890,15
20385.jpg,1875,1850,-25
20390.jpg,1875,1890,15
20395.jpg,1875,1870,-5
20400.jpg,1875,1890,15
20405.jpg,1875,1850,-25
20410.jpg,1875,1950,75
20415.jpg,1875,1800,-75
20420.jpg,1875,1870,-5
20425.jpg,1875,1890,15
20430.jpg,1875,1850,-25
20435.jpg,1875,1300,-575
20440.jpg,1875,1850,-25
20445.jpg,1875,1850,-25
20450.jpg,1875,1890,15
20455.jpg,1875,1850,-25
20460.jpg,1875,1920,45
20465.jpg,1875,1900,25
20470.jpg,1875,1850,-25
20480.jpg,1875,1900,25
20485.jpg,1875,1900,25
20490.jpg,1875,1850,-25
20495.jpg,1875,1890,15
20500.jpg,1876,1850,-26
20505.jpg,1876,1920,44
20510.jpg,1876,1920,44
20515.jpg,1876,1850,-26
20520.jpg,1876,1920,44
20525.jpg,1876,1500,-376
20530.jpg,1876,1950,74
20540.jpg,1876,2010,134
20545.jpg,1876,1890,14
20550.jpg,1876,1850,-26
20555.jpg,1876,1850,-26
20560.jpg,1876,1600,-276
20565.jpg,1876,1890,14
20570.jpg,1876,1850,-26
20575.jpg,1876,1900,24
20580.jpg,1876,1930,54
20585.jpg,1876,1890,14
20590.jpg,1876,1900,24
20595.jpg,1876,1900,24
20600.jpg,1876,1890,14
20605.jpg,1876,1850,-26
20610.jpg,1876,1850,-26
20615.jpg,1876,1890,14
20620.jpg,1876,1920,44
20625.jpg,1876,1890,14
20630.jpg,1876,1950,74
20635.jpg,1876,1870,-6
20640.jpg,1876,1950,74
20645.jpg,1876,1890,14
20650.jpg,1876,1890,14
20655.jpg,1876,1870,-6
20660.jpg,1876,1890,14
20665.jpg,1876,1890,14
20670.jpg,1876,1890,14
20675.jpg,1876,1750,-126
20680.jpg,1876,1850,-26
20685.jpg,1876,1890,14
20690.jpg,1876,1890,14
20695.jpg,1876,1920,44
20700.jpg,1876,1876,0
20705.jpg,1876,1890,14
20715.jpg,1876,1900,24
20720.jpg,1876,1850,-26
20725.jpg,1876,1890,14
20730.jpg,1877,1890,13
20735.jpg,1877,1890,13
20740.jpg,1877,1920,43
20745.jpg,1877,1900,23
20750.jpg,1877,1850,-27
20755.jpg,1877,1900,23
20760.jpg,1877,1930,53
20765.jpg,1877,1852,-25
20770.jpg,1877,1920,43
20775.jpg,1877,1875,-2
20780.jpg,1877,1896,19
20785.jpg,1877,1950,73
20790.jpg,1877,1900,23
20795.jpg,1877,1875,-2
20800.jpg,1877,1920,43
20805.jpg,1877,1950,73
20810.jpg,1877,1900,23
20815.jpg,1877,1950,73
20820.jpg,1877,1890,13
20830.jpg,1877,1890,13
20835.jpg,1877,1850,-27
20840.jpg,1877,1890,13
20845.jpg,1877,1850,-27
20850.jpg,1877,1890,13
20855.jpg,1877,1900,23
20860.jpg,1877,1920,43
20865.jpg,1877,1900,23
20870.jpg,1877,1890,13
20875.jpg,1877,1890,13
20880.jpg,1877,1850,-27
20885.jpg,1877,1890,13
20890.jpg,1877,1890,13
20895.jpg,1877,1850,-27
20900.jpg,1877,1890,13
20905.jpg,1877,1890,13
20910.jpg,1877,1890,13
20915.jpg,1877,1890,13
20925.jpg,1878,1890,12
20930.jpg,1878,1920,42
20935.jpg,1878,1890,12
20940.jpg,1878,1920,42
20945.jpg,1878,1900,22
20950.jpg,1878,1920,42
20955.jpg,1878,1890,12
20960.jpg,1878,1950,72
20965.jpg,1878,1970,92
20970.jpg,1878,1920,42
20975.jpg,1878,1900,22
20980.jpg,1878,1920,42
20985.jpg,1878,1900,22
20990.jpg,1878,1850,-28
20995.jpg,1878,1850,-28
21000.jpg,1878,1870,-8
21005.jpg,1878,1890,12
21010.jpg,1878,1850,-28
21015.jpg,1878,1920,42
21020.jpg,1878,1850,-28
21025.jpg,1878,1890,12
21030.jpg,1878,1900,22
21035.jpg,1878,1850,-28
21040.jpg,1878,1890,12
21045.jpg,1878,1850,-28
21050.jpg,1878,1890,12
21055.jpg,1878,1850,-28
21060.jpg,1878,1900,22
21065.jpg,1878,1890,12
21070.jpg,1878,1920,42
21075.jpg,1878,1890,12
21080.jpg,1878,1890,12
21085.jpg,1878,1890,12
21090.jpg,1878,1920,42
21095.jpg,1878,1890,12
21100.jpg,1878,1890,12
21105.jpg,1878,1890,12
21110.jpg,1878,1890,12
21115.jpg,1878,1860,-18
21120.jpg,1878,1920,42
21125.jpg,1878,2015,137
21130.jpg,1878,1920,42
21135.jpg,1878,1900,22
21140.jpg,1878,1890,12
21145.jpg,1878,1890,12
21150.jpg,1878,1850,-28
21155.jpg,1878,1920,42
21160.jpg,1879,1960,81
21165.jpg,1879,1890,11
21170.jpg,1879,1890,11
21175.jpg,1879,1900,21
21180.jpg,1879,1900,21
21185.jpg,1879,1920,41
21190.jpg,1879,1860,-19
21195.jpg,1879,1905,26
21200.jpg,1879,1851,-28
21205.jpg,1879,1920,41
21210.jpg,1879,1890,11
21215.jpg,1879,1850,-29
21220.jpg,1879,1897,18
21225.jpg,1879,1900,21
21230.jpg,1879,1900,21
21235.jpg,1879,1930,51
21240.jpg,1879,1890,11
21245.jpg,1879,1850,-29
21250.jpg,1879,1850,-29
21255.jpg,1879,1890,11
21260.jpg,1879,1890,11
21265.jpg,1879,1890,11
21270.jpg,1879,1850,-29
21275.jpg,1879,1850,-29
21280.jpg,1879,1890,11
21285.jpg,1879,1930,51
21290.jpg,1879,1870,-9
21295.jpg,1879,1850,-29
21300.jpg,1879,1890,11
21305.jpg,1879,1890,11
21310.jpg,1879,1890,11
21315.jpg,1879,1890,11
21320.jpg,1879,1850,-29
21325.jpg,1879,1890,11
21330.jpg,1879,1900,21
21335.jpg,1879,1890,11
21340.jpg,1879,1900,21
21350.jpg,1879,1900,21
21355.jpg,1879,1890,11
21360.jpg,1879,1920,41
21365.jpg,1879,1950,71
21370.jpg,1879,1893,14
21375.jpg,1880,1850,-30
21380.jpg,1880,1890,10
21385.jpg,1880,1890,10
21390.jpg,1880,1850,-30
21395.jpg,1880,1890,10
21400.jpg,1880,1890,10
21405.jpg,1880,1890,10
21410.jpg,1880,1900,20
21415.jpg,1880,1900,20
21420.jpg,1880,1890,10
21425.jpg,1880,1890,10
21430.jpg,1880,1850,-30
21435.jpg,1880,1890,10
21440.jpg,1880,1900,20
21445.jpg,1880,1900,20
21450.jpg,1880,1900,20
21455.jpg,1880,1865,-15
21460.jpg,1880,1890,10
21465.jpg,1880,1850,-30
21470.jpg,1880,1850,-30
21475.jpg,1880,1875,-5
21480.jpg,1880,1930,50
21485.jpg,1880,1950,70
21490.jpg,1880,1900,20
21495.jpg,1880,1859,-21
21500.jpg,1880,1850,-30
21505.jpg,1880,1850,-30
21510.jpg,1880,1920,40
21515.jpg,1880,1850,-30
21520.jpg,1880,1850,-30
21530.jpg,1880,1980,100
21535.jpg,1880,1890,10
21540.jpg,1880,1890,10
21545.jpg,1880,1890,10
21550.jpg,1880,1890,10
21555.jpg,1880,1890,10
21560.jpg,1880,1850,-30
21565.jpg,1880,1920,40
21570.jpg,1880,1920,40
21575.jpg,1880,1950,70
21580.jpg,1880,1890,10
21585.jpg,1880,1900,20
21590.jpg,1880,1950,70
21595.jpg,1880,1890,10
21600.jpg,1880,1900,20
21605.jpg,1880,1920,40
21610.jpg,1880,1890,10
21615.jpg,1880,1890,10
21620.jpg,1880,1890,10
21625.jpg,1880,1890,10
21630.jpg,1880,1890,10
21635.jpg,1880,1850,-30
21640.jpg,1880,1890,10
21645.jpg,1880,1920,40
21650.jpg,1880,1920,40
21655.jpg,1880,1890,10
21660.jpg,1880,1890,10
21665.jpg,1880,1800,-80
21670.jpg,1880,1890,10
21675.jpg,1880,1900,20
21680.jpg,1880,1900,20
21685.jpg,1880,1800,-80
21690.jpg,1880,1890,10
21695.jpg,1880,1850,-30
21700.jpg,1880,1900,20
21705.jpg,1880,1850,-30
21710.jpg,1881,1920,39
21715.jpg,1881,1900,19
21720.jpg,1881,1950,69
21725.jpg,1881,1850,-31
21730.jpg,1881,1900,19
21735.jpg,1881,1950,69
21740.jpg,1881,1890,9
21745.jpg,1881,1900,19
21750.jpg,1881,1890,9
21755.jpg,1881,1930,49
21760.jpg,1881,1870,-11
21770.jpg,1881,1870,-11
21775.jpg,1881,1870,-11
21780.jpg,1881,1850,-31
21785.jpg,1881,1850,-31
21790.jpg,1881,1870,-11
21795.jpg,1881,1926,45
21800.jpg,1881,1890,9
21805.jpg,1881,1890,9
21810.jpg,1881,1890,9
21815.jpg,1881,1890,9
21820.jpg,1881,1850,-31
21825.jpg,1881,1890,9
21830.jpg,1881,1870,-11
21835.jpg,1881,1890,9
21840.jpg,1881,1870,-11
21845.jpg,1881,1950,69
21850.jpg,1881,1850,-31
21855.jpg,1881,1890,9
21860.jpg,1881,1870,-11
21865.jpg,1881,1890,9
21870.jpg,1881,1850,-31
21875.jpg,1881,1890,9
21880.jpg,1881,1890,9
21885.jpg,1881,1870,-11
21890.jpg,1881,1920,39
21895.jpg,1881,1890,9
21900.jpg,1881,1890,9
21905.jpg,1881,1950,69
21910.jpg,1881,1890,9
21915.jpg,1881,1890,9
21920.jpg,1881,1890,9
21925.jpg,1881,1950,69
21930.jpg,1881,1850,-31
21940.jpg,1881,1850,-31
21945.jpg,1882,1850,-32
21950.jpg,1882,1920,38
21955.jpg,1882,1890,8
21960.jpg,1882,1850,-32
21965.jpg,1882,1920,38
21970.jpg,1882,1920,38
21975.jpg,1882,1890,8
21980.jpg,1882,1920,38
21985.jpg,1882,1900,18
21990.jpg,1882,1890,8
21995.jpg,1882,1900,18
22000.jpg,1882,1850,-32
22005.jpg,1882,1900,18
22010.jpg,1882,1850,-32
22015.jpg,1882,1930,48
22020.jpg,1882,1900,18
22025.jpg,1882,1920,38
22030.jpg,1882,1890,8
22035.jpg,1882,1850,-32
22040.jpg,1882,1890,8
22045.jpg,1882,1890,8
22050.jpg,1882,2010,128
22055.jpg,1882,1890,8
22060.jpg,1882,1890,8
22065.jpg,1882,1850,-32
22070.jpg,1882,1850,-32
22075.jpg,1882,1890,8
22080.jpg,1882,1890,8
22085.jpg,1882,1890,8
22090.jpg,1882,1890,8
22095.jpg,1882,1850,-32
22100.jpg,1882,1920,38
22105.jpg,1882,1890,8
22110.jpg,1882,1890,8
22115.jpg,1882,1890,8
22120.jpg,1882,1890,8
22125.jpg,1882,1890,8
22130.jpg,1882,1890,8
22135.jpg,1882,1860,-22
22140.jpg,1882,1800,-82
22145.jpg,1882,1980,98
22150.jpg,1882,1930,48
22155.jpg,1882,2001,119
22160.jpg,1882,1890,8
22165.jpg,1882,1920,38
22170.jpg,1882,1850,-32
22175.jpg,1882,1900,18
22180.jpg,1882,1920,38
22185.jpg,1882,1890,8
22190.jpg,1882,1950,68
22195.jpg,1882,1899,17
22200.jpg,1882,1920,38
22205.jpg,1882,1890,8
22210.jpg,1882,1890,8
22215.jpg,1883,1850,-33
22220.jpg,1883,1900,17
22225.jpg,1883,1900,17
22230.jpg,1883,1890,7
22235.jpg,1883,1900,17
22240.jpg,1883,1850,-33
22245.jpg,1883,1890,7
22250.jpg,1883,1890,7
22255.jpg,1883,1850,-33
22260.jpg,1883,1900,17
22265.jpg,1883,1890,7
22270.jpg,1883,1920,37
22275.jpg,1883,1900,17
22280.jpg,1883,1903,20
22285.jpg,1883,1806,-77
22290.jpg,1883,1850,-33
22295.jpg,1883,1870,-13
22300.jpg,1883,1950,67
22305.jpg,1883,1890,7
22310.jpg,1883,1870,-13
22315.jpg,1883,1890,7
22320.jpg,1883,1890,7
22325.jpg,1883,1890,7
22330.jpg,1883,1890,7
22335.jpg,1883,1900,17
22340.jpg,1883,1890,7
22345.jpg,1883,1890,7
22350.jpg,1883,1890,7
22355.jpg,1883,1920,37
22360.jpg,1883,1890,7
22365.jpg,1883,1920,37
22370.jpg,1883,1890,7
22375.jpg,1883,1890,7
22380.jpg,1883,1890,7
22385.jpg,1883,1920,37
22390.jpg,1883,1908,25
22395.jpg,1883,1920,37
22400.jpg,1883,1890,7
22405.jpg,1883,1890,7
22410.jpg,1883,1890,7
22415.jpg,1883,1890,7
22420.jpg,1883,1850,-33
22425.jpg,1883,1890,7
22430.jpg,1883,1890,7
22435.jpg,1883,1890,7
22440.jpg,1883,1890,7
22445.jpg,1883,1890,7
22450.jpg,1883,1850,-33
22455.jpg,1883,1890,7
22460.jpg,1883,1925,42
22465.jpg,1883,1890,7
22470.jpg,1883,1890,7
22475.jpg,1883,1890,7
22485.jpg,1883,1900,17
22490.jpg,1883,1920,37
22495.jpg,1883,1890,7
22500.jpg,1883,1920,37
22505.jpg,1883,1900,17
22510.jpg,1884,1890,6
22515.jpg,1884,1896,12
22520.jpg,1884,1900,16
22525.jpg,1884,1900,16
22530.jpg,1884,1920,36
22535.jpg,1884,1900,16
22540.jpg,1884,1890,6
22545.jpg,1884,1890,6
22550.jpg,1884,1900,16
22555.jpg,1884,1950,66
22560.jpg,1884,1850,-34
22565.jpg,1884,1850,-34
22570.jpg,1884,1900,16
22575.jpg,1884,1890,6
22580.jpg,1884,1950,66
22585.jpg,1884,1850,-34
22590.jpg,1884,1890,6
22595.jpg,1884,1850,-34
22600.jpg,1884,1890,6
22605.jpg,1884,1890,6
22610.jpg,1884,1890,6
22615.jpg,1884,1890,6
22620.jpg,1884,1890,6
22625.jpg,1884,1850,-34
22630.jpg,1884,1890,6
22635.jpg,1884,1890,6
22640.jpg,1884,1870,-14
22645.jpg,1884,1890,6
22650.jpg,1884,1890,6
22655.jpg,1884,1920,36
22665.jpg,1884,1930,46
22670.jpg,1884,1850,-34
22675.jpg,1884,1890,6
22680.jpg,1884,1980,96
22685.jpg,1884,1890,6
22690.jpg,1884,1890,6
22695.jpg,1884,1862,-22
22700.jpg,1884,1890,6
22705.jpg,1884,1890,6
22710.jpg,1884,1900,16
22715.jpg,1884,1900,16
22720.jpg,1884,1890,6
22730.jpg,1884,1920,36
22735.jpg,1884,1850,-34
22740.jpg,1884,2010,126
22745.jpg,1884,1890,6
22750.jpg,1884,1893,9
22755.jpg,1884,1874,-10
22760.jpg,1884,1920,36
22765.jpg,1884,1890,6
22770.jpg,1884,1890,6
22775.jpg,1884,1890,6
22780.jpg,1885,1890,5
22785.jpg,1885,1900,15
22790.jpg,1885,1890,5
22795.jpg,1885,1900,15
22800.jpg,1885,1850,-35
22805.jpg,1885,1900,15
22810.jpg,1885,1890,5
22815.jpg,1885,1890,5
22820.jpg,1885,1890,5
22825.jpg,1885,1950,65
22830.jpg,1885,1850,-35
22835.jpg,1885,1902,17
22840.jpg,1885,1850,-35
22850.jpg,1885,1950,65
22855.jpg,1885,1950,65
22860.jpg,1885,1890,5
22865.jpg,1885,1890,5
22870.jpg,1885,1890,5
22875.jpg,1885,1890,5
22880.jpg,1885,1900,15
22885.jpg,1885,1890,5
22890.jpg,1885,1950,65
22895.jpg,1885,1900,15
22900.jpg,1885,1920,35
22905.jpg,1885,1900,15
22910.jpg,1885,1890,5
22915.jpg,1885,1900,15
22920.jpg,1885,1900,15
22925.jpg,1885,1890,5
22930.jpg,1885,1920,35
22935.jpg,1885,1890,5
22940.jpg,1885,1920,35
22945.jpg,1885,1890,5
22950.jpg,1885,1920,35
22955.jpg,1885,1890,5
22960.jpg,1885,1960,75
22965.jpg,1885,1900,15
22970.jpg,1885,1890,5
22975.jpg,1885,1900,15
22980.jpg,1885,1920,35
22985.jpg,1885,1850,-35
22990.jpg,1885,1920,35
22995.jpg,1885,1890,5
23000.jpg,1885,1850,-35
23005.jpg,1885,1890,5
23015.jpg,1885,1850,-35
23020.jpg,1885,1920,35
23025.jpg,1885,1920,35
23030.jpg,1885,1980,95
23035.jpg,1885,1900,15
23040.jpg,1885,1890,5
23045.jpg,1885,1830,-55
23050.jpg,1885,1950,65
23055.jpg,1885,1920,35
23060.jpg,1885,1900,15
23065.jpg,1885,1890,5
23070.jpg,1885,1850,-35
23075.jpg,1885,1950,65
23080.jpg,1885,1920,35
23085.jpg,1886,1900,14
23090.jpg,1886,1890,4
23095.jpg,1886,1890,4
23100.jpg,1886,1890,4
23105.jpg,1886,1926,40
23110.jpg,1886,1930,44
23115.jpg,1886,1850,-36
23120.jpg,1886,1850,-36
23125.jpg,1886,2000,114
23130.jpg,1886,1930,44
23135.jpg,1886,1970,84
23140.jpg,1886,1980,94
23145.jpg,1886,1838,-48
23150.jpg,1886,1890,4
23155.jpg,1886,1950,64
23160.jpg,1886,1850,-36
23165.jpg,1886,1920,34
23170.jpg,1886,1890,4
23175.jpg,1886,1950,64
23180.jpg,1886,1890,4
23185.jpg,1886,1930,44
23190.jpg,1886,1892,6
23195.jpg,1886,1890,4
23200.jpg,1886,1900,14
23205.jpg,1886,1890,4
23210.jpg,1886,1897,11
23215.jpg,1886,1890,4
23220.jpg,1886,1890,4
23225.jpg,1886,1890,4
23230.jpg,1886,1890,4
23235.jpg,1886,1890,4
23240.jpg,1886,1920,34
23245.jpg,1886,1890,4
23250.jpg,1886,1930,44
23255.jpg,1886,1850,-36
23260.jpg,1886,1890,4
23265.jpg,1886,1920,34
23275.jpg,1886,1890,4
23280.jpg,1886,1920,34
23285.jpg,1886,1900,14
23290.jpg,1886,2010,124
23295.jpg,1886,1890,4
23300.jpg,1886,1900,14
23305.jpg,1886,1920,34
23310.jpg,1886,1900,14
23315.jpg,1886,1900,14
23320.jpg,1886,1920,34
23325.jpg,1886,1890,4
23330.jpg,1886,1890,4
23335.jpg,1886,1850,-36
23340.jpg,1886,1920,34
23345.jpg,1886,1900,14
23350.jpg,1886,1890,4
23355.jpg,1886,1900,14
23365.jpg,1886,1920,34
23370.jpg,1886,1890,4
23375.jpg,1887,1950,63
23380.jpg,1887,1940,53
23385.jpg,1887,1950,63
23390.jpg,1887,1920,33
23395.jpg,1887,1890,3
23400.jpg,1887,1920,33
23410.jpg,1887,1890,3
23415.jpg,1887,1890,3
23420.jpg,1887,1890,3
23425.jpg,1887,1920,33
23430.jpg,1887,1920,33
23440.jpg,1887,1850,-37
23445.jpg,1887,1900,13
23450.jpg,1887,1800,-87
23460.jpg,1887,1870,-17
23465.jpg,1887,1850,-37
23470.jpg,1887,1920,33
23475.jpg,1887,1950,63
23480.jpg,1887,1890,3
23485.jpg,1887,1890,3
23490.jpg,1887,1850,-37
23495.jpg,1887,1890,3
23500.jpg,1887,1920,33
23505.jpg,1887,1900,13
23510.jpg,1887,1890,3
23515.jpg,1887,1900,13
23520.jpg,1887,1890,3
23525.jpg,1887,1900,13
23535.jpg,1887,1920,33
23540.jpg,1887,1890,3
23545.jpg,1887,1900,13
23550.jpg,1887,1850,-37
23555.jpg,1887,1920,33
23560.jpg,1887,1890,3
23565.jpg,1887,1900,13
23570.jpg,1887,1920,33
23575.jpg,1887,1900,13
23580.jpg,1887,1890,3
23585.jpg,1887,1890,3
23590.jpg,1887,2010,123
23595.jpg,1887,1890,3
23600.jpg,1887,1890,3
23605.jpg,1887,1900,13
23610.jpg,1887,1896,9
23615.jpg,1887,1890,3
23620.jpg,1887,1900,13
23625.jpg,1887,1900,13
23630.jpg,1887,1900,13
23635.jpg,1887,1900,13
23640.jpg,1887,1920,33
23645.jpg,1887,1890,3
23650.jpg,1887,1890,3
23660.jpg,1887,1900,13
23665.jpg,1887,1890,3
23670.jpg,1887,1850,-37
23675.jpg,1887,1920,33
23680.jpg,1887,1950,63
23690.jpg,1887,1900,13
23695.jpg,1887,1890,3
23700.jpg,1888,1850,-38
23705.jpg,1888,1900,12
23710.jpg,1888,1900,12
23715.jpg,1888,1930,42
23720.jpg,1888,1960,72
23725.jpg,1888,1890,2
23730.jpg,1888,1890,2
23735.jpg,1888,1900,12
23740.jpg,1888,1890,2
23745.jpg,1888,1890,2
23750.jpg,1888,1896,8
23755.jpg,1888,1900,12
23760.jpg,1888,1850,-38
23765.jpg,1888,1920,32
23770.jpg,1888,2010,122
23775.jpg,1888,1920,32
23790.jpg,1888,1890,2
23795.jpg,1888,1890,2
23800.jpg,1888,1890,2
23805.jpg,1888,1890,2
23810.jpg,1888,1850,-38
23815.jpg,1888,1890,2
23820.jpg,1888,1890,2
23825.jpg,1888,1920,32
23830.jpg,1888,1900,12
23835.jpg,1888,1890,2
23840.jpg,1888,1890,2
23850.jpg,1888,1890,2
23855.jpg,1888,1920,32
23860.jpg,1888,1905,17
23865.jpg,1888,1850,-38
23870.jpg,1888,1890,2
23875.jpg,1888,1905,17
23880.jpg,1888,1905,17
23885.jpg,1888,1920,32
23890.jpg,1888,1850,-38
23895.jpg,1888,1890,2
23900.jpg,1888,1890,2
23905.jpg,1888,1890,2
23910.jpg,1888,1920,32
23915.jpg,1888,2010,122
23920.jpg,1888,1890,2
23925.jpg,1888,1900,12
23930.jpg,1888,1890,2
23935.jpg,1888,1850,-38
23940.jpg,1888,1902,14
23945.jpg,1888,1890,2
23950.jpg,1888,1850,-38
23955.jpg,1888,1890,2
23960.jpg,1888,1900,12
23965.jpg,1888,1850,-38
23970.jpg,1888,1600,-288
23975.jpg,1888,1890,2
23980.jpg,1888,1900,12
23985.jpg,1888,1920,32
23990.jpg,1888,1882,-6
23995.jpg,1888,1929,41
24000.jpg,1888,1900,12
24005.jpg,1888,1900,12
24010.jpg,1888,1900,12
24015.jpg,1888,1920,32
24020.jpg,1888,1920,32
24025.jpg,1888,1920,32
24030.jpg,1888,1900,12
24035.jpg,1888,1895,7
24040.jpg,1888,1950,62
24050.jpg,1889,1920,31
24055.jpg,1889,1850,-39
24060.jpg,1889,1900,11
24065.jpg,1889,1890,1
24070.jpg,1889,1850,-39
24075.jpg,1889,1930,41
24080.jpg,1889,1890,1
24085.jpg,1889,1900,11
24090.jpg,1889,1890,1
24095.jpg,1889,1890,1
24105.jpg,1889,1900,11
24110.jpg,1889,1890,1
24115.jpg,1889,1920,31
24120.jpg,1889,1850,-39
24125.jpg,1889,1900,11
24130.jpg,1889,1900,11
24135.jpg,1889,1850,-39
24140.jpg,1889,1900,11
24145.jpg,1889,1920,31
24150.jpg,1889,1907,18
24155.jpg,1889,1896,7
24160.jpg,1889,1900,11
24165.jpg,1889,1890,1
24170.jpg,1889,1890,1
24175.jpg,1889,1900,11
24180.jpg,1889,1920,31
24185.jpg,1889,1900,11
24190.jpg,1889,1890,1
24195.jpg,1889,1890,1
24200.jpg,1889,1900,11
24205.jpg,1889,1920,31
24210.jpg,1889,1890,1
24215.jpg,1889,1900,11
24220.jpg,1889,1890,1
24225.jpg,1889,1850,-39
24230.jpg,1889,1890,1
24235.jpg,1889,1920,31
24240.jpg,1889,1890,1
24245.jpg,1889,1920,31
24250.jpg,1889,1890,1
24255.jpg,1889,1897,8
24260.jpg,1889,2015,126
24265.jpg,1889,1890,1
24270.jpg,1889,1890,1
24275.jpg,1889,1890,1
24280.jpg,1889,1900,11
24285.jpg,1889,1900,11
24290.jpg,1889,1890,1
24295.jpg,1889,1890,1
24300.jpg,1889,1900,11
24310.jpg,1889,1890,1
24315.jpg,1889,1890,1
24320.jpg,1889,1850,-39
24330.jpg,1889,1850,-39
24335.jpg,1889,1950,61
24340.jpg,1889,1950,61
24345.jpg,1889,1900,11
24350.jpg,1889,1900,11
24355.jpg,1889,1890,1
24360.jpg,1889,2010,121
24365.jpg,1889,1900,11
24370.jpg,1889,1890,1
24375.jpg,1889,1920,31
24380.jpg,1889,1920,31
24385.jpg,1889,1890,1
24390.jpg,1889,1890,1
24395.jpg,1890,1850,-40
24400.jpg,1890,1890,0
24405.jpg,1890,1920,30
24410.jpg,1890,1905,15
24415.jpg,1890,1920,30
24420.jpg,1890,1850,-40
24425.jpg,1890,1920,30
24430.jpg,1890,1890,0
24435.jpg,1890,1890,0
24440.jpg,1890,1908,18
24445.jpg,1890,1940,50
24450.jpg,1890,1890,0
24455.jpg,1890,1890,0
24460.jpg,1890,1900,10
24465.jpg,1890,1920,30
24470.jpg,1890,1920,30
24475.jpg,1890,1890,0
24480.jpg,1890,1920,30
24485.jpg,1890,1920,30
24490.jpg,1890,1850,-40
24495.jpg,1890,1850,-40
24500.jpg,1890,1900,10
24505.jpg,1890,1870,-20
24510.jpg,1890,1900,10
24515.jpg,1890,1900,10
24520.jpg,1890,1900,10
24525.jpg,1890,1950,60
24535.jpg,1890,1905,15
24540.jpg,1890,1890,0
24545.jpg,1890,1950,60
24550.jpg,1890,1890,0
24555.jpg,1890,1920,30
24560.jpg,1890,1900,10
24565.jpg,1890,1890,0
24570.jpg,1890,1890,0
24575.jpg,1890,1920,30
24580.jpg,1890,1920,30
24585.jpg,1890,1890,0
24590.jpg,1890,1900,10
24595.jpg,1890,1900,10
24600.jpg,1890,1890,0
24605.jpg,1890,1890,0
24610.jpg,1890,1900,10
24615.jpg,1890,1900,10
24620.jpg,1890,2010,120
24625.jpg,1890,1890,0
24630.jpg,1890,1900,10
24635.jpg,1890,1900,10
24640.jpg,1890,1890,0
24645.jpg,1890,1890,0
24650.jpg,1890,1890,0
24655.jpg,1890,1890,0
24660.jpg,1890,1890,0
24665.jpg,1890,1900,10
24670.jpg,1890,1920,30
24675.jpg,1890,1890,0
24680.jpg,1890,1900,10
24685.jpg,1890,1890,0
24690.jpg,1890,1920,30
24695.jpg,1890,1900,10
24700.jpg,1890,1920,30
24705.jpg,1890,1950,60
24710.jpg,1890,1920,30
24715.jpg,1890,1890,0
24720.jpg,1890,1890,0
24725.jpg,1890,1850,-40
24730.jpg,1890,1930,40
24735.jpg,1890,1920,30
24740.jpg,1890,1920,30
24745.jpg,1890,1890,0
24750.jpg,1890,1930,40
24755.jpg,1890,1920,30
24760.jpg,1890,1890,0
24765.jpg,1890,1950,60
24770.jpg,1890,1890,0
24775.jpg,1891,1850,-41
24780.jpg,1891,1920,29
24785.jpg,1891,1904,13
24790.jpg,1891,1920,29
24795.jpg,1891,1900,9
24800.jpg,1891,1920,29
24805.jpg,1891,1920,29
24810.jpg,1891,1905,14
24815.jpg,1891,1950,59
24820.jpg,1891,1890,-1
24825.jpg,1891,1900,9
24830.jpg,1891,1920,29
24835.jpg,1891,1920,29
24840.jpg,1891,1920,29
24845.jpg,1891,1920,29
24850.jpg,1891,1920,29
24855.jpg,1891,1950,59
24860.jpg,1891,1920,29
24865.jpg,1891,1890,-1
24870.jpg,1891,1900,9
24875.jpg,1891,1870,-21
24880.jpg,1891,1920,29
24885.jpg,1891,1890,-1
24890.jpg,1891,1890,-1
24895.jpg,1891,1890,-1
24900.jpg,1891,1900,9
24905.jpg,1891,1850,-41
24910.jpg,1891,1890,-1
24915.jpg,1891,1890,-1
24920.jpg,1891,1950,59
24925.jpg,1891,1890,-1
24930.jpg,1891,1850,-41
24935.jpg,1891,1890,-1
24940.jpg,1891,1890,-1
24945.jpg,1891,1850,-41
24950.jpg,1891,1850,-41
24955.jpg,1891,1900,9
24960.jpg,1891,1890,-1
24965.jpg,1891,1920,29
24970.jpg,1891,1890,-1
24975.jpg,1891,1890,-1
24980.jpg,1891,1890,-1
24985.jpg,1891,1890,-1
24990.jpg,1891,1890,-1
24995.jpg,1891,1890,-1
25000.jpg,1891,1890,-1
25005.jpg,1891,1890,-1
25010.jpg,1891,1850,-41
25015.jpg,1891,1890,-1
25020.jpg,1891,1850,-41
25025.jpg,1891,1900,9
25030.jpg,1891,1890,-1
25035.jpg,1891,1205,-686
25040.jpg,1891,1890,-1
25045.jpg,1891,1900,9
25050.jpg,1891,1920,29
25055.jpg,1891,1900,9
25060.jpg,1891,1900,9
25065.jpg,1891,1900,9
25070.jpg,1891,1890,-1
25075.jpg,1891,1900,9
25080.jpg,1891,1900,9
25085.jpg,1891,1890,-1
25090.jpg,1891,2000,109
25095.jpg,1892,1892,0
25100.jpg,1892,2005,113
25105.jpg,1892,2000,108
25115.jpg,1892,2010,118
25120.jpg,1892,1920,28
25125.jpg,1892,1900,8
25130.jpg,1892,1930,38
25135.jpg,1892,2010,118
25140.jpg,1892,1900,8
25145.jpg,1892,1900,8
25150.jpg,1892,1927,35
25155.jpg,1892,1905,13
25160.jpg,1892,1980,88
25165.jpg,1892,1900,8
25170.jpg,1892,1900,8
25175.jpg,1892,1920,28
25180.jpg,1892,2010,118
25185.jpg,1892,1850,-42
25190.jpg,1892,1900,8
25195.jpg,1892,1920,28
25205.jpg,1892,1950,58
25210.jpg,1892,1920,28
25215.jpg,1892,1890,-2
25220.jpg,1892,1890,-2
25225.jpg,1892,1800,-92
25230.jpg,1892,1890,-2
25235.jpg,1892,1890,-2
25240.jpg,1892,1890,-2
25245.jpg,1892,1890,-2
25250.jpg,1892,1920,28
25255.jpg,1892,1920,28
25260.jpg,1892,1890,-2
25265.jpg,1892,1890,-2
25270.jpg,1892,1890,-2
25275.jpg,1892,1900,8
25280.jpg,1892,1890,-2
25285.jpg,1892,1900,8
25290.jpg,1892,1890,-2
25295.jpg,1892,1900,8
25300.jpg,1892,1920,28
25305.jpg,1892,1980,88
25310.jpg,1892,1920,28
25315.jpg,1892,1890,-2
25320.jpg,1892,1890,-2
25325.jpg,1892,1892,0
25330.jpg,1892,1920,28
25335.jpg,1892,1890,-2
25340.jpg,1892,1890,-2
25345.jpg,1892,1920,28
25350.jpg,1892,1905,13
25355.jpg,1892,1920,28
25360.jpg,1892,1920,28
25365.jpg,1892,1890,-2
25370.jpg,1892,1920,28
25375.jpg,1892,1890,-2
25380.jpg,1892,1890,-2
25385.jpg,1892,1890,-2
25390.jpg,1892,1850,-42
25395.jpg,1892,1920,28
25400.jpg,1892,1950,58
25405.jpg,1892,1900,8
25410.jpg,1892,1900,8
25415.jpg,1892,1900,8
25420.jpg,1892,1900,8
25425.jpg,1892,1900,8
25430.jpg,1892,1850,-42
25435.jpg,1892,1890,-2
25440.jpg,1892,1920,28
25445.jpg,1892,1930,38
25450.jpg,1892,1920,28
25455.jpg,1892,1890,-2
25460.jpg,1892,1900,8
25465.jpg,1893,1850,-43
25470.jpg,1893,1890,-3
25475.jpg,1893,1900,7
25480.jpg,1893,1930,37
25490.jpg,1893,1930,37
25495.jpg,1893,1890,-3
25500.jpg,1893,1920,27
25505.jpg,1893,1890,-3
25510.jpg,1893,1920,27
25515.jpg,1893,1856,-37
25520.jpg,1893,1890,-3
25525.jpg,1893,1900,7
25530.jpg,1893,1920,27
25535.jpg,1893,1930,37
25540.jpg,1893,1920,27
25545.jpg,1893,1930,37
25555.jpg,1893,1850,-43
25560.jpg,1893,1890,-3
25565.jpg,1893,1870,-23
25570.jpg,1893,1920,27
25575.jpg,1893,1890,-3
25580.jpg,1893,1920,27
25585.jpg,1893,1890,-3
25590.jpg,1893,1900,7
25595.jpg,1893,1850,-43
25600.jpg,1893,1890,-3
25605.jpg,1893,1890,-3
25610.jpg,1893,1900,7
25615.jpg,1893,1890,-3
25620.jpg,1893,1890,-3
25625.jpg,1893,1890,-3
25630.jpg,1893,1900,7
25635.jpg,1893,1890,-3
25640.jpg,1893,1920,27
25645.jpg,1893,1890,-3
25650.jpg,1893,1890,-3
25655.jpg,1893,1890,-3
25660.jpg,1893,1896,3
25665.jpg,1893,1900,7
25670.jpg,1893,1890,-3
25675.jpg,1893,1890,-3
25680.jpg,1893,1800,-93
25685.jpg,1893,1850,-43
25690.jpg,1893,1900,7
25695.jpg,1893,1890,-3
25700.jpg,1893,1920,27
25705.jpg,1893,1850,-43
25710.jpg,1893,1920,27
25715.jpg,1893,1900,7
25720.jpg,1893,1890,-3
25725.jpg,1893,1850,-43
25730.jpg,1893,1850,-43
25740.jpg,1893,1890,-3
25745.jpg,1893,1890,-3
25750.jpg,1893,1890,-3
25755.jpg,1893,1905,12
25760.jpg,1893,1900,7
25765.jpg,1893,1920,27
25770.jpg,1893,1893,0
25775.jpg,1893,1900,7
25780.jpg,1893,1890,-3
25785.jpg,1893,1920,27
25795.jpg,1893,1900,7
25800.jpg,1893,1920,27
25805.jpg,1894,1852,-42
25810.jpg,1894,1900,6
25815.jpg,1894,1900,6
25820.jpg,1894,1890,-4
25825.jpg,1894,1900,6
25830.jpg,1894,1890,-4
25835.jpg,1894,1900,6
25840.jpg,1894,1891,-3
25845.jpg,1894,1905,11
25850.jpg,1894,1900,6
25855.jpg,1894,1920,26
25860.jpg,1894,1905,11
25865.jpg,1894,1890,-4
25870.jpg,1894,1850,-44
25875.jpg,1894,1900,6
25880.jpg,1894,1842,-52
25885.jpg,1894,1850,-44
25890.jpg,1894,1930,36
25895.jpg,1894,1930,36
25900.jpg,1894,1850,-44
25905.jpg,1894,1890,-4
25910.jpg,1894,1900,6
25915.jpg,1894,1920,26
25920.jpg,1894,1890,-4
25925.jpg,1894,1890,-4
25930.jpg,1894,1900,6
25935.jpg,1894,1890,-4
25940.jpg,1894,1890,-4
25945.jpg,1894,1890,-4
25950.jpg,1894,1850,-44
25955.jpg,1894,1890,-4
25960.jpg,1894,1890,-4
25965.jpg,1894,1890,-4
25970.jpg,1894,1920,26
25975.jpg,1894,1890,-4
25980.jpg,1894,1890,-4
25985.jpg,1894,1920,26
25990.jpg,1894,2010,116
25995.jpg,1894,1890,-4
26000.jpg,1894,1890,-4
26005.jpg,1894,1890,-4
26010.jpg,1894,1890,-4
26015.jpg,1894,1890,-4
26020.jpg,1894,1950,56
26025.jpg,1894,1890,-4
26030.jpg,1894,1890,-4
26035.jpg,1894,1890,-4
26040.jpg,1894,1950,56
26045.jpg,1894,1890,-4
26050.jpg,1894,1890,-4
26055.jpg,1894,1890,-4
26060.jpg,1894,1920,26
26065.jpg,1894,1905,11
26070.jpg,1894,1920,26
26075.jpg,1894,1900,6
26085.jpg,1894,1900,6
26090.jpg,1894,1900,6
26095.jpg,1894,1942,48
26100.jpg,1894,1920,26
26105.jpg,1894,1890,-4
26110.jpg,1894,1900,6
26115.jpg,1894,1900,6
26120.jpg,1894,1900,6
26125.jpg,1895,1920,25
26130.jpg,1895,1960,65
26135.jpg,1895,1900,5
26140.jpg,1895,1920,25
26145.jpg,1895,1900,5
26150.jpg,1895,1890,-5
26155.jpg,1895,1900,5
26160.jpg,1895,1904,9
26165.jpg,1895,1850,-45
26170.jpg,1895,1900,5
26175.jpg,1895,1920,25
26180.jpg,1895,2010,115
26185.jpg,1895,1920,25
26190.jpg,1895,1890,-5
26195.jpg,1895,1850,-45
26200.jpg,1895,1900,5
26205.jpg,1895,1850,-45
26210.jpg,1895,1900,5
26215.jpg,1895,1874,-21
26220.jpg,1895,1900,5
26225.jpg,1895,1890,-5
26230.jpg,1895,1890,-5
26235.jpg,1895,1920,25
26240.jpg,1895,1950,55
26245.jpg,1895,1800,-95
26250.jpg,1895,1900,5
26255.jpg,1895,1920,25
26260.jpg,1895,1890,-5
26265.jpg,1895,1890,-5
26270.jpg,1895,1890,-5
26275.jpg,1895,1890,-5
26280.jpg,1895,1900,5
26285.jpg,1895,1890,-5
26290.jpg,1895,1900,5
26295.jpg,1895,1890,-5
26300.jpg,1895,1890,-5
26305.jpg,1895,1900,5
26310.jpg,1895,1850,-45
26315.jpg,1895,1890,-5
26320.jpg,1895,1890,-5
26325.jpg,1895,1890,-5
26330.jpg,1895,1850,-45
26335.jpg,1895,1890,-5
26340.jpg,1895,1920,25
26345.jpg,1895,1900,5
26350.jpg,1895,1890,-5
26355.jpg,1895,1900,5
26360.jpg,1895,1920,25
26365.jpg,1895,1890,-5
26370.jpg,1895,1890,-5
26375.jpg,1895,1890,-5
26380.jpg,1895,1900,5
26385.jpg,1895,1900,5
26390.jpg,1895,1920,25
26395.jpg,1895,1900,5
26405.jpg,1895,1920,25
26410.jpg,1895,1900,5
26415.jpg,1895,1920,25
26420.jpg,1895,1920,25
26425.jpg,1895,1890,-5
26430.jpg,1895,1904,9
26435.jpg,1895,1900,5
26440.jpg,1895,1920,25
26445.jpg,1895,1900,5
26450.jpg,1895,1920,25
26455.jpg,1895,1905,10
26460.jpg,1895,1847,-48
26465.jpg,1895,1900,5
26470.jpg,1895,1900,5
26475.jpg,1895,1900,5
26480.jpg,1895,1670,-225
26485.jpg,1895,1850,-45
26490.jpg,1896,1895,-1
26495.jpg,1896,1920,24
26500.jpg,1896,1920,24
26505.jpg,1896,1890,-6
26510.jpg,1896,1920,24
26515.jpg,1896,1920,24
26520.jpg,1896,1890,-6
26525.jpg,1896,1905,9
26530.jpg,1896,1930,34
26535.jpg,1896,1920,24
26540.jpg,1896,1900,4
26545.jpg,1896,1850,-46
26550.jpg,1896,1950,54
26555.jpg,1896,1970,74
26560.jpg,1896,1870,-26
26565.jpg,1896,1900,4
26570.jpg,1896,1900,4
26575.jpg,1896,1920,24
26580.jpg,1896,1890,-6
26585.jpg,1896,1890,-6
26590.jpg,1896,1890,-6
26595.jpg,1896,1920,24
26600.jpg,1896,1920,24
26605.jpg,1896,1890,-6
26610.jpg,1896,1920,24
26620.jpg,1896,1890,-6
26625.jpg,1896,1850,-46
26630.jpg,1896,1905,9
26635.jpg,1896,1890,-6
26640.jpg,1896,1890,-6
26645.jpg,1896,1890,-6
26650.jpg,1896,1920,24
26655.jpg,1896,1920,24
26665.jpg,1896,1890,-6
26670.jpg,1896,1890,-6
26675.jpg,1896,1850,-46
26680.jpg,1896,1900,4
26685.jpg,1896,1890,-6
26690.jpg,1896,1920,24
26695.jpg,1896,1900,4
26700.jpg,1896,1890,-6
26705.jpg,1896,1890,-6
26710.jpg,1896,1920,24
26715.jpg,1896,1890,-6
26720.jpg,1896,1890,-6
26725.jpg,1896,1900,4
26730.jpg,1896,1890,-6
26735.jpg,1896,1850,-46
26740.jpg,1896,1500,-396
26745.jpg,1896,1850,-46
26750.jpg,1896,1900,4
26760.jpg,1896,1920,24
26765.jpg,1896,1900,4
26770.jpg,1896,1920,24
26775.jpg,1896,1920,24
26780.jpg,1896,1900,4
26785.jpg,1896,1930,34
26790.jpg,1896,1700,-196
26795.jpg,1896,1890,-6
26800.jpg,1896,2010,114
26805.jpg,1896,1883,-13
26810.jpg,1896,1920,24
26815.jpg,1896,1895,-1
26820.jpg,1896,1900,4
26825.jpg,1896,1890,-6
26830.jpg,1896,1900,4
26835.jpg,1896,1890,-6
26840.jpg,1896,2010,114
26845.jpg,1897,1900,3
26850.jpg,1897,1897,0
26855.jpg,1897,1890,-7
26860.jpg,1897,1850,-47
26865.jpg,1897,1900,3
26870.jpg,1897,1920,23
26875.jpg,1897,1890,-7
26880.jpg,1897,1920,23
26885.jpg,1897,1900,3
26890.jpg,1897,1850,-47
26895.jpg,1897,1900,3
26900.jpg,1897,1900,3
26910.jpg,1897,1850,-47
26915.jpg,1897,1920,23
26920.jpg,1897,1900,3
26925.jpg,1897,1950,53
26930.jpg,1897,1890,-7
26935.jpg,1897,1890,-7
26940.jpg,1897,1900,3
26945.jpg,1897,1920,23
26950.jpg,1897,1905,8
26955.jpg,1897,1850,-47
26960.jpg,1897,1890,-7
26965.jpg,1897,1920,23
26970.jpg,1897,1850,-47
26975.jpg,1897,1920,23
26980.jpg,1897,1890,-7
26985.jpg,1897,1890,-7
26990.jpg,1897,1900,3
26995.jpg,1897,1890,-7
27000.jpg,1897,1890,-7
27005.jpg,1897,1890,-7
27010.jpg,1897,1890,-7
27015.jpg,1897,1890,-7
27020.jpg,1897,1890,-7
27025.jpg,1897,1890,-7
27030.jpg,1897,1890,-7
27035.jpg,1897,1850,-47
27040.jpg,1897,1890,-7
27045.jpg,1897,1905,8
27050.jpg,1897,1920,23
27055.jpg,1897,1890,-7
27060.jpg,1897,1920,23
27065.jpg,1897,1890,-7
27070.jpg,1897,1920,23
27075.jpg,1897,1890,-7
27080.jpg,1897,1896,-1
27085.jpg,1897,1897,0
27090.jpg,1897,1900,3
27095.jpg,1897,1890,-7
27100.jpg,1897,1900,3
27105.jpg,1897,1890,-7
27110.jpg,1897,1920,23
27115.jpg,1897,1930,33
27120.jpg,1897,1869,-28
27125.jpg,1897,1900,3
27130.jpg,1897,2010,113
27135.jpg,1897,1890,-7
27140.jpg,1897,1980,83
27145.jpg,1897,1890,-7
27150.jpg,1897,1920,23
27155.jpg,1898,1920,22
27160.jpg,1898,1905,7
27165.jpg,1898,1890,-8
27170.jpg,1898,1890,-8
27175.jpg,1898,1900,2
27180.jpg,1898,1895,-3
27185.jpg,1898,1920,22
27190.jpg,1898,1900,2
27195.jpg,1898,1920,22
27200.jpg,1898,2010,112
27205.jpg,1898,1920,22
27210.jpg,1898,1920,22
27215.jpg,1898,1920,22
27220.jpg,1898,1920,22
27225.jpg,1898,1920,22
27230.jpg,1898,1920,22
27235.jpg,1898,1920,22
27240.jpg,1898,1850,-48
27245.jpg,1898,1950,52
27255.jpg,1898,1850,-48
27260.jpg,1898,1897,-1
27265.jpg,1898,1890,-8
27270.jpg,1898,1900,2
27275.jpg,1898,1890,-8
27280.jpg,1898,1850,-48
27285.jpg,1898,1890,-8
27290.jpg,1898,1920,22
27295.jpg,1898,1900,2
27300.jpg,1898,1850,-48
27305.jpg,1898,1950,52
27310.jpg,1898,1920,22
27315.jpg,1898,1900,2
27320.jpg,1898,1900,2
27325.jpg,1898,1920,22
27330.jpg,1898,1900,2
27335.jpg,1898,1900,2
27340.jpg,1898,1900,2
27345.jpg,1898,1890,-8
27350.jpg,1898,1850,-48
27355.jpg,1898,1900,2
27360.jpg,1898,1900,2
27365.jpg,1898,1890,-8
27370.jpg,1898,1890,-8
27380.jpg,1898,1890,-8
27385.jpg,1898,1890,-8
27390.jpg,1898,1920,22
27395.jpg,1898,1890,-8
27400.jpg,1898,1900,2
27405.jpg,1898,1850,-48
27410.jpg,1898,1905,7
27415.jpg,1898,1920,22
27420.jpg,1898,1920,22
27425.jpg,1898,1890,-8
27430.jpg,1898,1890,-8
27435.jpg,1898,1850,-48
27440.jpg,1898,1900,2
27445.jpg,1898,1920,22
27450.jpg,1898,1920,22
27455.jpg,1898,1960,62
27465.jpg,1898,1920,22
27470.jpg,1898,1900,2
27475.jpg,1898,1920,22
27480.jpg,1898,1900,2
27485.jpg,1898,1900,2
27490.jpg,1898,1890,-8
27495.jpg,1898,1905,7
27500.jpg,1898,1920,22
27505.jpg,1898,1890,-8
27510.jpg,1898,1900,2
27515.jpg,1898,1920,22
27520.jpg,1898,1900,2
27525.jpg,1898,1900,2
27530.jpg,1898,1920,22
27540.jpg,1899,1899,0
27545.jpg,1899,1930,31
27550.jpg,1899,1920,21
27555.jpg,1899,1890,-9
27560.jpg,1899,1890,-9
27565.jpg,1899,1890,-9
27570.jpg,1899,1800,-99
27575.jpg,1899,1920,21
27580.jpg,1899,1890,-9
27585.jpg,1899,1920,21
27590.jpg,1899,1920,21
27595.jpg,1899,1850,-49
27600.jpg,1899,1920,21
27605.jpg,1899,1900,1
27610.jpg,1899,1950,51
27615.jpg,1899,1850,-49
27620.jpg,1899,1850,-49
27625.jpg,1899,1850,-49
27630.jpg,1899,1920,21
27635.jpg,1899,1890,-9
27640.jpg,1899,1900,1
27645.jpg,1899,1950,51
27650.jpg,1899,1890,-9
27655.jpg,1899,1900,1
27660.jpg,1899,1900,1
27665.jpg,1899,1890,-9
27670.jpg,1899,1900,1
27675.jpg,1899,1900,1
27680.jpg,1899,1850,-49
27685.jpg,1899,1890,-9
27690.jpg,1899,1950,51
27695.jpg,1899,1900,1
27700.jpg,1899,1890,-9
27705.jpg,1899,1890,-9
27715.jpg,1899,1900,1
27720.jpg,1899,1905,6
27725.jpg,1899,1890,-9
27730.jpg,1899,1950,51
27735.jpg,1899,1900,1
27740.jpg,1899,1930,31
27745.jpg,1899,1890,-9
27750.jpg,1899,1900,1
27755.jpg,1899,1890,-9
27760.jpg,1899,1900,1
27765.jpg,1899,1920,21
27770.jpg,1899,1850,-49
27775.jpg,1899,1920,21
27780.jpg,1899,1980,81
27785.jpg,1899,1890,-9
27790.jpg,1899,1890,-9
27795.jpg,1899,1920,21
27800.jpg,1899,1890,-9
27805.jpg,1899,1890,-9
27810.jpg,1900,1850,-50
27815.jpg,1900,1890,-10
27820.jpg,1900,1905,5
27825.jpg,1900,1867,-33
27830.jpg,1900,1890,-10
27835.jpg,1900,1950,50
27840.jpg,1900,1920,20
27845.jpg,1900,1890,-10
27850.jpg,1900,1900,0
27855.jpg,1900,1850,-50
27860.jpg,1900,1890,-10
27865.jpg,1900,1900,0
27870.jpg,1900,1890,-10
27875.jpg,1900,1920,20
27880.jpg,1900,1920,20
27885.jpg,1900,1900,0
27895.jpg,1900,1900,0
27900.jpg,1900,1890,-10
27905.jpg,1900,1920,20
27910.jpg,1900,1850,-50
27915.jpg,1900,1900,0
27920.jpg,1900,1929,29
27925.jpg,1900,1950,50
27930.jpg,1900,2010,110
27935.jpg,1900,1950,50
27940.jpg,1900,1859,-41
27945.jpg,1900,1930,30
27950.jpg,1900,1860,-40
27955.jpg,1900,1900,0
27960.jpg,1900,1890,-10
27965.jpg,1900,1950,50
27970.jpg,1900,1890,-10
27975.jpg,1900,1890,-10
27980.jpg,1900,1890,-10
27985.jpg,1900,1890,-10
27990.jpg,1900,1850,-50
27995.jpg,1900,1920,20
28000.jpg,1900,1850,-50
28005.jpg,1900,1890,-10
28010.jpg,1900,1900,0
28015.jpg,1900,1850,-50
28020.jpg,1900,1900,0
28025.jpg,1900,1900,0
28030.jpg,1900,1890,-10
28035.jpg,1900,1890,-10
28040.jpg,1900,1900,0
28045.jpg,1900,1890,-10
28050.jpg,1900,1890,-10
28055.jpg,1900,1850,-50
28060.jpg,1900,1905,5
28065.jpg,1900,1890,-10
28070.jpg,1900,1890,-10
28075.jpg,1900,1890,-10
28080.jpg,1900,1920,20
28085.jpg,1900,1900,0
28090.jpg,1900,1920,20
28095.jpg,1900,1750,-150
28100.jpg,1900,1920,20
28105.jpg,1900,1900,0
28110.jpg,1900,1900,0
28115.jpg,1900,1890,-10
28120.jpg,1900,1850,-50
28125.jpg,1900,1860,-40
28130.jpg,1900,1850,-50
28135.jpg,1900,1900,0
28140.jpg,1900,1890,-10
28145.jpg,1900,1850,-50
28150.jpg,1900,1950,50
28155.jpg,1900,1920,20
28160.jpg,1900,1950,50
28165.jpg,1900,1930,30
28170.jpg,1900,1900,0
28175.jpg,1900,1900,0
28180.jpg,1901,1850,-51
28185.jpg,1901,1920,19
28190.jpg,1901,1897,-4
28195.jpg,1901,1905,4
28200.jpg,1901,1930,29
28205.jpg,1901,1900,-1
28210.jpg,1901,1900,-1
28215.jpg,1901,1900,-1
28220.jpg,1901,1920,19
28225.jpg,1901,1890,-11
28230.jpg,1901,1930,29
28235.jpg,1901,1920,19
28240.jpg,1901,1920,19
28245.jpg,1901,1920,19
28250.jpg,1901,1890,-11
28255.jpg,1901,1890,-11
28260.jpg,1901,1900,-1
28265.jpg,1901,1900,-1
28270.jpg,1901,1920,19
28275.jpg,1901,1920,19
28280.jpg,1901,1920,19
28285.jpg,1901,1920,19
28290.jpg,1901,1930,29
28295.jpg,1901,1929,28
28300.jpg,1901,1850,-51
28305.jpg,1901,1930,29
28310.jpg,1901,1870,-31
28315.jpg,1901,1900,-1
28320.jpg,1901,1890,-11
28325.jpg,1901,1920,19
28330.jpg,1901,1900,-1
28335.jpg,1901,1920,19
28340.jpg,1901,1900,-1
28345.jpg,1901,1890,-11
28350.jpg,1901,1900,-1
28355.jpg,1901,1900,-1
28360.jpg,1901,1900,-1
28365.jpg,1901,1890,-11
28370.jpg,1901,1850,-51
28375.jpg,1901,1890,-11
28380.jpg,1901,1890,-11
28385.jpg,1901,1905,4
28390.jpg,1901,1920,19
28395.jpg,1901,1890,-11
28400.jpg,1901,1890,-11
28405.jpg,1901,1920,19
28410.jpg,1901,1930,29
28415.jpg,1901,1890,-11
28420.jpg,1901,1900,-1
28425.jpg,1901,1950,49
28430.jpg,1901,1905,4
28435.jpg,1901,1890,-11
28440.jpg,1901,1890,-11
28445.jpg,1901,1908,7
28450.jpg,1901,1850,-51
28455.jpg,1901,1900,-1
28460.jpg,1901,1920,19
28465.jpg,1901,1905,4
28470.jpg,1901,1900,-1
28475.jpg,1901,1920,19
28480.jpg,1901,1920,19
28485.jpg,1901,1900,-1
28490.jpg,1901,1920,19
28495.jpg,1901,1930,29
28500.jpg,1901,1920,19
28505.jpg,1901,1920,19
28510.jpg,1901,1894,-7
28515.jpg,1901,1850,-51
28520.jpg,1902,1897,-5
28525.jpg,1902,1890,-12
28530.jpg,1902,1900,-2
28535.jpg,1902,1900,-2
28540.jpg,1902,1920,18
28545.jpg,1902,1900,-2
28550.jpg,1902,1930,28
28555.jpg,1902,1900,-2
28560.jpg,1902,1920,18
28575.jpg,1902,1920,18
28580.jpg,1902,1905,3
28585.jpg,1902,1900,-2
28590.jpg,1902,1900,-2
28595.jpg,1902,1900,-2
28600.jpg,1902,1920,18
28605.jpg,1902,1920,18
28610.jpg,1902,1890,-12
28615.jpg,1902,1920,18
28620.jpg,1902,1920,18
28625.jpg,1902,1920,18
28630.jpg,1902,1920,18
28635.jpg,1902,1920,18
28640.jpg,1902,1920,18
28645.jpg,1902,1850,-52
28650.jpg,1902,1850,-52
28655.jpg,1902,1850,-52
28660.jpg,1902,1900,-2
28665.jpg,1902,1930,28
28670.jpg,1902,1900,-2
28675.jpg,1902,1920,18
28680.jpg,1902,1800,-102
28685.jpg,1902,1890,-12
28690.jpg,1902,1900,-2
28695.jpg,1902,1900,-2
28700.jpg,1902,1920,18
28705.jpg,1902,1890,-12
28710.jpg,1902,1890,-12
28715.jpg,1902,1890,-12
28720.jpg,1902,1920,18
28725.jpg,1902,1890,-12
28730.jpg,1902,1920,18
28735.jpg,1902,1920,18
28740.jpg,1902,1900,-2
28745.jpg,1902,1920,18
28750.jpg,1902,1900,-2
28755.jpg,1902,1900,-2
28760.jpg,1902,1905,3
28765.jpg,1902,1850,-52
28770.jpg,1902,1900,-2
28775.jpg,1902,1900,-2
28780.jpg,1902,1890,-12
28785.jpg,1902,1980,78
28790.jpg,1902,1900,-2
28795.jpg,1902,1920,18
28800.jpg,1902,1890,-12
28805.jpg,1902,1920,18
28810.jpg,1902,1870,-32
28815.jpg,1902,1900,-2
28820.jpg,1902,1900,-2
28825.jpg,1902,1900,-2
28830.jpg,1902,1850,-52
28835.jpg,1902,1900,-2
28840.jpg,1902,1920,18
28845.jpg,1902,1950,48
28850.jpg,1902,1920,18
28855.jpg,1902,1900,-2
28860.jpg,1902,1900,-2
28865.jpg,1902,1920,18
28870.jpg,1902,1980,78
28875.jpg,1902,1905,3
28880.jpg,1902,1920,18
28885.jpg,1902,1750,-152
28890.jpg,1902,1900,-2
28895.jpg,1902,1920,18
28900.jpg,1902,1920,18
28905.jpg,1902,1890,-12
28910.jpg,1902,1900,-2
28915.jpg,1902,1920,18
28920.jpg,1903,1937,34
28925.jpg,1903,1900,-3
28930.jpg,1903,1905,2
28935.jpg,1903,1920,17
28940.jpg,1903,1920,17
28945.jpg,1903,1927,24
28955.jpg,1903,1920,17
28960.jpg,1903,1900,-3
28965.jpg,1903,1890,-13
28970.jpg,1903,1900,-3
28975.jpg,1903,1890,-13
28980.jpg,1903,1890,-13
28985.jpg,1903,1900,-3
28990.jpg,1903,1900,-3
28995.jpg,1903,1950,47
29000.jpg,1903,1920,17
29005.jpg,1903,1920,17
29010.jpg,1903,1900,-3
29015.jpg,1903,1900,-3
29020.jpg,1903,1900,-3
29025.jpg,1903,1920,17
29030.jpg,1903,1920,17
29035.jpg,1903,1920,17
29040.jpg,1903,1900,-3
29045.jpg,1903,1920,17
29050.jpg,1903,2010,107
29055.jpg,1903,1920,17
29060.jpg,1903,1920,17
29065.jpg,1903,1920,17
29070.jpg,1903,1930,27
29075.jpg,1903,1950,47
29080.jpg,1903,1970,67
29085.jpg,1903,1850,-53
29090.jpg,1903,1850,-53
29095.jpg,1903,1905,2
29100.jpg,1903,2010,107
29105.jpg,1903,1900,-3
29110.jpg,1903,1930,27
29115.jpg,1903,1900,-3
29120.jpg,1903,1920,17
29125.jpg,1903,1905,2
29130.jpg,1903,1890,-13
29135.jpg,1903,1890,-13
29140.jpg,1903,1900,-3
29145.jpg,1903,1920,17
29150.jpg,1903,1900,-3
29155.jpg,1903,1900,-3
29160.jpg,1903,1890,-13
29165.jpg,1903,1900,-3
29170.jpg,1903,1920,17
29175.jpg,1903,1890,-13
29180.jpg,1903,1920,17
29185.jpg,1903,1920,17
29190.jpg,1903,1890,-13
29195.jpg,1903,1890,-13
29200.jpg,1903,1920,17
29205.jpg,1903,1920,17
29210.jpg,1903,1600,-303
29215.jpg,1903,1920,17
29220.jpg,1903,1920,17
29225.jpg,1903,1900,-3
29230.jpg,1903,1900,-3
29235.jpg,1903,1850,-53
29240.jpg,1903,1950,47
29245.jpg,1903,1920,17
29250.jpg,1903,1906,3
29255.jpg,1903,1900,-3
29260.jpg,1903,1920,17
29265.jpg,1903,1930,27
29270.jpg,1903,1900,-3
29275.jpg,1903,1920,17
29280.jpg,1903,1900,-3
29285.jpg,1903,1905,2
29290.jpg,1903,1900,-3
29295.jpg,1903,1890,-13
29300.jpg,1903,2010,107
29305.jpg,1903,1870,-33
29310.jpg,1903,1850,-53
29315.jpg,1903,1950,47
29320.jpg,1903,1920,17
29325.jpg,1903,1920,17
29330.jpg,1903,1920,17
29335.jpg,1903,1920,17
29340.jpg,1903,1920,17
29345.jpg,1903,1920,17
29350.jpg,1903,1930,27
29355.jpg,1903,1920,17
29360.jpg,1903,1890,-13
29365.jpg,1903,2010,107
29370.jpg,1903,1950,47
29375.jpg,1903,1850,-53
29380.jpg,1904,1850,-54
29385.jpg,1904,1900,-4
29390.jpg,1904,1890,-14
29395.jpg,1904,2010,106
29400.jpg,1904,1920,16
29405.jpg,1904,1920,16
29410.jpg,1904,2010,106
29415.jpg,1904,1920,16
29420.jpg,1904,1920,16
29425.jpg,1904,1920,16
29430.jpg,1904,1900,-4
29435.jpg,1904,1900,-4
29440.jpg,1904,1920,16
29445.jpg,1904,1920,16
29450.jpg,1904,1920,16
29455.jpg,1904,1920,16
29460.jpg,1904,1850,-54
29465.jpg,1904,1950,46
29470.jpg,1904,2005,101
29475.jpg,1904,1850,-54
29480.jpg,1904,2015,111
29485.jpg,1904,1920,16
29490.jpg,1904,1900,-4
29495.jpg,1904,1890,-14
29500.jpg,1904,1980,76
29505.jpg,1904,1900,-4
29510.jpg,1904,1920,16
29515.jpg,1904,1920,16
29520.jpg,1904,1900,-4
29525.jpg,1904,1920,16
29530.jpg,1904,1900,-4
29535.jpg,1904,1920,16
29540.jpg,1904,1920,16
29550.jpg,1904,1850,-54
29555.jpg,1904,1950,46
29560.jpg,1904,1930,26
29565.jpg,1904,1904,0
29570.jpg,1904,1850,-54
29575.jpg,1904,1900,-4
29580.jpg,1904,1930,26
29585.jpg,1904,1920,16
29590.jpg,1904,1920,16
29595.jpg,1904,1850,-54
29600.jpg,1904,1920,16
29605.jpg,1904,1920,16
29610.jpg,1904,1900,-4
29615.jpg,1904,1920,16
29620.jpg,1904,1905,1
29625.jpg,1904,1870,-34
29630.jpg,1904,1890,-14
29635.jpg,1904,1920,16
29640.jpg,1904,1850,-54
29645.jpg,1904,1920,16
29650.jpg,1904,1920,16
29655.jpg,1904,1920,16
29660.jpg,1904,1920,16
29665.jpg,1904,1920,16
29670.jpg,1904,1900,-4
29675.jpg,1904,1903,-1
29680.jpg,1904,1890,-14
29685.jpg,1904,1900,-4
29690.jpg,1904,1920,16
29695.jpg,1904,1920,16
29700.jpg,1904,1920,16
29705.jpg,1904,1890,-14
29710.jpg,1904,1890,-14
29715.jpg,1904,1920,16
29720.jpg,1904,1850,-54
29725.jpg,1904,1920,16
29730.jpg,1904,1890,-14
29735.jpg,1904,1850,-54
29740.jpg,1904,1920,16
29745.jpg,1904,1920,16
29750.jpg,1904,1890,-14
29755.jpg,1904,1890,-14
29760.jpg,1904,1950,46
29765.jpg,1904,1850,-54
29770.jpg,1904,1920,16
29775.jpg,1904,1980,76
29780.jpg,1904,1904,0
29790.jpg,1904,1897,-7
29795.jpg,1904,1900,-4
29800.jpg,1904,1920,16
29805.jpg,1904,1920,16
29810.jpg,1904,1900,-4
29815.jpg,1904,1850,-54
29820.jpg,1904,1920,16
29825.jpg,1904,1920,16
29830.jpg,1905,1920,15
29835.jpg,1905,2010,105
29840.jpg,1905,1905,0
29845.jpg,1905,1920,15
29850.jpg,1905,1950,45
29855.jpg,1905,1920,15
29860.jpg,1905,2010,105
29865.jpg,1905,1920,15
29870.jpg,1905,1850,-55
29875.jpg,1905,1920,15
29880.jpg,1905,1900,-5
29885.jpg,1905,1920,15
29890.jpg,1905,1850,-55
29895.jpg,1905,1890,-15
29900.jpg,1905,1920,15
29905.jpg,1905,1920,15
29910.jpg,1905,1920,15
29915.jpg,1905,1900,-5
29920.jpg,1905,1850,-55
29925.jpg,1905,1900,-5
29930.jpg,1905,1905,0
29935.jpg,1905,1920,15
29940.jpg,1905,1905,0
29945.jpg,1905,1900,-5
29950.jpg,1905,1926,21
29960.jpg,1905,1850,-55
29965.jpg,1905,1890,-15
29970.jpg,1905,1920,15
29975.jpg,1905,1920,15
29980.jpg,1905,1920,15
29985.jpg,1905,1920,15
29990.jpg,1905,1920,15
29995.jpg,1905,1862,-43
30000.jpg,1905,1850,-55
30005.jpg,1905,1920,15
30015.jpg,1905,1850,-55
30020.jpg,1905,2010,105
30025.jpg,1905,1890,-15
30030.jpg,1905,1890,-15
30035.jpg,1905,1900,-5
30040.jpg,1905,1950,45
30045.jpg,1905,1920,15
30050.jpg,1905,1920,15
30055.jpg,1905,1920,15
30060.jpg,1905,1890,-15
30065.jpg,1905,1890,-15
30070.jpg,1905,1900,-5
30075.jpg,1905,1900,-5
30080.jpg,1905,1900,-5
30085.jpg,1905,1950,45
30090.jpg,1905,1920,15
30095.jpg,1905,1890,-15
30100.jpg,1905,1800,-105
30105.jpg,1905,1900,-5
30110.jpg,1905,1950,45
30115.jpg,1905,1850,-55
30120.jpg,1905,1900,-5
30125.jpg,1905,1920,15
30130.jpg,1905,1950,45
30135.jpg,1905,1920,15
30140.jpg,1905,1920,15
30145.jpg,1905,1890,-15
30155.jpg,1905,1890,-15
30160.jpg,1905,1950,45
30165.jpg,1905,1850,-55
30170.jpg,1905,1900,-5
30175.jpg,1905,1920,15
30180.jpg,1905,1920,15
30185.jpg,1905,1920,15
30190.jpg,1905,1900,-5
30195.jpg,1905,1850,-55
30200.jpg,1905,1900,-5
30205.jpg,1905,2005,100
30210.jpg,1905,1670,-235
30215.jpg,1905,1900,-5
30220.jpg,1905,1850,-55
30225.jpg,1905,1890,-15
30230.jpg,1905,1950,45
30235.jpg,1905,1890,-15
30240.jpg,1905,1920,15
30245.jpg,1905,1920,15
30250.jpg,1905,1850,-55
30255.jpg,1905,1920,15
30260.jpg,1905,1890,-15
30265.jpg,1905,1850,-55
30270.jpg,1905,1950,45
30275.jpg,1905,1920,15
30280.jpg,1905,2010,105
30285.jpg,1905,1920,15
30290.jpg,1905,1900,-5
30295.jpg,1906,1900,-6
30300.jpg,1906,1890,-16
30305.jpg,1906,1920,14
30310.jpg,1906,1895,-11
30315.jpg,1906,1920,14
30320.jpg,1906,1964,58
30325.jpg,1906,2010,104
30330.jpg,1906,1900,-6
30335.jpg,1906,1950,44
30340.jpg,1906,1920,14
30345.jpg,1906,1920,14
30350.jpg,1906,1930,24
30355.jpg,1906,1930,24
30360.jpg,1906,1905,-1
30365.jpg,1906,1920,14
30370.jpg,1906,1920,14
30375.jpg,1906,1920,14
30380.jpg,1906,1920,14
30385.jpg,1906,1920,14
30390.jpg,1906,1920,14
30395.jpg,1906,1920,14
30400.jpg,1906,1920,14
30405.jpg,1906,1900,-6
30410.jpg,1906,1900,-6
30415.jpg,1906,1920,14
30420.jpg,1906,1950,44
30425.jpg,1906,1920,14
30430.jpg,1906,1890,-16
30435.jpg,1906,1920,14
30440.jpg,1906,1980,74
30445.jpg,1906,1826,-80
30450.jpg,1906,1890,-16
30455.jpg,1906,1850,-56
30460.jpg,1906,1859,-47
30465.jpg,1906,1930,24
30470.jpg,1906,1890,-16
30475.jpg,1906,1900,-6
30480.jpg,1906,1905,-1
30485.jpg,1906,1920,14
30490.jpg,1906,1850,-56
30495.jpg,1906,1905,-1
30500.jpg,1906,2010,104
30505.jpg,1906,1920,14
30510.jpg,1906,1890,-16
30515.jpg,1906,1920,14
30520.jpg,1906,1890,-16
30525.jpg,1906,1890,-16
30530.jpg,1906,1890,-16
30535.jpg,1906,1890,-16
30540.jpg,1906,1850,-56
30545.jpg,1906,1920,14
30550.jpg,1906,1890,-16
30555.jpg,1906,1905,-1
30560.jpg,1906,1900,-6
30565.jpg,1906,1920,14
30570.jpg,1906,1920,14
30575.jpg,1906,1930,24
30580.jpg,1906,1920,14
30585.jpg,1906,1920,14
30590.jpg,1906,1900,-6
30595.jpg,1906,1920,14
30600.jpg,1906,1920,14
30605.jpg,1906,1900,-6
30610.jpg,1906,1890,-16
30615.jpg,1906,1920,14
30620.jpg,1906,1900,-6
30625.jpg,1906,1890,-16
30630.jpg,1906,1900,-6
30635.jpg,1906,1930,24
30640.jpg,1906,1900,-6
30645.jpg,1906,1920,14
30650.jpg,1906,1896,-10
30655.jpg,1906,1900,-6
30665.jpg,1906,1920,14
30670.jpg,1906,1920,14
30685.jpg,1906,1920,14
30690.jpg,1906,1950,44
30695.jpg,1906,1920,14
30700.jpg,1906,1920,14
30705.jpg,1906,1920,14
30710.jpg,1906,1950,44
30715.jpg,1906,1970,64
30720.jpg,1906,1900,-6
30725.jpg,1906,1920,14
30730.jpg,1906,1930,24
30740.jpg,1906,1850,-56
30745.jpg,1906,1890,-16
30750.jpg,1906,1900,-6
30760.jpg,1907,1920,13
30765.jpg,1907,1920,13
30770.jpg,1907,1905,-2
30780.jpg,1907,2010,103
30785.jpg,1907,1920,13
30790.jpg,1907,1960,53
30795.jpg,1907,1905,-2
30800.jpg,1907,1920,13
30805.jpg,1907,1850,-57
30810.jpg,1907,1920,13
30815.jpg,1907,1920,13
30820.jpg,1907,1920,13
30825.jpg,1907,1920,13
30830.jpg,1907,1920,13
30835.jpg,1907,1905,-2
30840.jpg,1907,1920,13
30845.jpg,1907,1927,20
30855.jpg,1907,1920,13
30860.jpg,1907,1920,13
30865.jpg,1907,1920,13
30870.jpg,1907,1920,13
30875.jpg,1907,1900,-7
30880.jpg,1907,1920,13
30885.jpg,1907,1900,-7
30895.jpg,1907,1920,13
30900.jpg,1907,1900,-7
30905.jpg,1907,1920,13
30910.jpg,1907,1980,73
30915.jpg,1907,2010,103
30920.jpg,1907,1960,53
30925.jpg,1907,1930,23
30930.jpg,1907,1850,-57
30935.jpg,1907,1920,13
30940.jpg,1907,2010,103
30945.jpg,1907,1934,27
30950.jpg,1907,1870,-37
30955.jpg,1907,1900,-7
30960.jpg,1907,1890,-17
30965.jpg,1907,1920,13
30970.jpg,1907,1920,13
30975.jpg,1907,1850,-57
30980.jpg,1907,1920,13
30985.jpg,1907,1900,-7
30990.jpg,1907,1920,13
30995.jpg,1907,1920,13
31000.jpg,1907,1850,-57
31005.jpg,1907,1890,-17
31010.jpg,1907,1900,-7
31015.jpg,1907,1900,-7
31020.jpg,1907,1890,-17
31025.jpg,1907,1902,-5
31030.jpg,1907,1900,-7
31035.jpg,1907,1850,-57
31040.jpg,1907,1920,13
31045.jpg,1907,1900,-7
31050.jpg,1907,1900,-7
31055.jpg,1907,1850,-57
31060.jpg,1907,1890,-17
31065.jpg,1907,1890,-17
31070.jpg,1907,1890,-17
31075.jpg,1907,1920,13
31080.jpg,1907,1920,13
31085.jpg,1907,1920,13
31090.jpg,1907,1900,-7
31095.jpg,1907,1890,-17
31100.jpg,1907,1963,56
31105.jpg,1907,1890,-17
31110.jpg,1907,1920,13
31115.jpg,1907,1905,-2
31120.jpg,1907,1900,-7
31125.jpg,1907,1920,13
31130.jpg,1907,1920,13
31135.jpg,1907,1920,13
31140.jpg,1907,1930,23
31150.jpg,1907,1920,13
31155.jpg,1907,1900,-7
31160.jpg,1907,1950,43
31165.jpg,1907,1900,-7
31170.jpg,1907,1980,73
31175.jpg,1907,1920,13
31180.jpg,1907,1950,43
31185.jpg,1907,1930,23
31190.jpg,1907,2010,103
31195.jpg,1907,1900,-7
31200.jpg,1907,1920,13
31205.jpg,1907,1950,43
31210.jpg,1907,1900,-7
31215.jpg,1907,1920,13
31220.jpg,1907,1890,-17
31225.jpg,1907,1950,43
31230.jpg,1907,1850,-57
31235.jpg,1907,1850,-57
31240.jpg,1907,1900,-7
31245.jpg,1907,1900,-7
31250.jpg,1907,1920,13
31255.jpg,1907,1864,-43
31260.jpg,1907,1920,13
31265.jpg,1907,1926,19
31270.jpg,1907,1920,13
31275.jpg,1907,1920,13
31280.jpg,1907,1920,13
31285.jpg,1907,1950,43
31290.jpg,1907,1930,23
31295.jpg,1907,1920,13
31300.jpg,1907,1929,22
31305.jpg,1907,1920,13
31310.jpg,1908,1850,-58
31315.jpg,1908,1920,12
31320.jpg,1908,1950,42
31325.jpg,1908,1920,12
31330.jpg,1908,1850,-58
31335.jpg,1908,1930,22
31345.jpg,1908,1950,42
31350.jpg,1908,1920,12
31355.jpg,1908,1920,12
31360.jpg,1908,1900,-8
31365.jpg,1908,1920,12
31370.jpg,1908,1920,12
31380.jpg,1908,1850,-58
31385.jpg,1908,1920,12
31390.jpg,1908,1920,12
31395.jpg,1908,1920,12
31400.jpg,1908,1920,12
31405.jpg,1908,1930,22
31410.jpg,1908,1860,-48
31415.jpg,1908,1930,22
31420.jpg,1908,1890,-18
31425.jpg,1908,1920,12
31430.jpg,1908,1905,-3
31435.jpg,1908,1950,42
31440.jpg,1908,1920,12
31445.jpg,1908,1900,-8
31450.jpg,1908,1920,12
31455.jpg,1908,1920,12
31460.jpg,1908,1900,-8
31465.jpg,1908,1920,12
31470.jpg,1908,1905,-3
31475.jpg,1908,1850,-58
31480.jpg,1908,1850,-58
31485.jpg,1908,1874,-34
31490.jpg,1908,1890,-18
31500.jpg,1908,1920,12
31505.jpg,1908,1920,12
31510.jpg,1908,1905,-3
31515.jpg,1908,1900,-8
31520.jpg,1908,2010,102
31525.jpg,1908,1900,-8
31530.jpg,1908,1950,42
31535.jpg,1908,1900,-8
31540.jpg,1908,1905,-3
31545.jpg,1908,1920,12
31550.jpg,1908,1900,-8
31555.jpg,1908,1890,-18
31560.jpg,1908,1850,-58
31565.jpg,1908,1850,-58
31570.jpg,1908,1760,-148
31575.jpg,1908,1850,-58
31580.jpg,1908,1920,12
31585.jpg,1908,1900,-8
31590.jpg,1908,1920,12
31595.jpg,1908,1900,-8
31600.jpg,1908,1890,-18
31605.jpg,1908,1950,42
31610.jpg,1908,1890,-18
31620.jpg,1908,1930,22
31625.jpg,1908,1920,12
31630.jpg,1908,1900,-8
31635.jpg,1908,1920,12
31640.jpg,1908,1920,12
31645.jpg,1908,1920,12
31650.jpg,1908,1950,42
31655.jpg,1908,1920,12
31660.jpg,1908,1920,12
31665.jpg,1908,1900,-8
31670.jpg,1908,1890,-18
31675.jpg,1908,1905,-3
31680.jpg,1908,1890,-18
31685.jpg,1908,1905,-3
31690.jpg,1908,1920,12
31695.jpg,1908,1920,12
31700.jpg,1908,1920,12
31705.jpg,1908,1900,-8
31710.jpg,1908,1900,-8
31715.jpg,1908,1900,-8
31720.jpg,1908,1930,22
31725.jpg,1908,1920,12
31730.jpg,1908,1920,12
31735.jpg,1908,1920,12
31740.jpg,1908,2010,102
31745.jpg,1908,1920,12
31750.jpg,1908,1920,12
31755.jpg,1908,1900,-8
31760.jpg,1908,1905,-3
31765.jpg,1909,1905,-4
31770.jpg,1909,1920,11
31775.jpg,1909,1900,-9
31780.jpg,1909,1920,11
31785.jpg,1909,2015,106
31790.jpg,1909,2010,101
31805.jpg,1909,1980,71
31815.jpg,1909,1900,-9
31820.jpg,1909,1950,41
31825.jpg,1909,1920,11
31830.jpg,1909,1920,11
31835.jpg,1909,1950,41
31840.jpg,1909,1920,11
31845.jpg,1909,1900,-9
31850.jpg,1909,1900,-9
31855.jpg,1909,1920,11
31860.jpg,1909,1920,11
31865.jpg,1909,1920,11
31870.jpg,1909,1920,11
31875.jpg,1909,1900,-9
31880.jpg,1909,1925,16
31885.jpg,1909,1920,11
31890.jpg,1909,1920,11
31895.jpg,1909,1927,18
31900.jpg,1909,1920,11
31905.jpg,1909,1920,11
31910.jpg,1909,1920,11
31915.jpg,1909,1950,41
31920.jpg,1909,1920,11
31925.jpg,1909,2005,96
31930.jpg,1909,1850,-59
31935.jpg,1909,1920,11
31940.jpg,1909,1900,-9
31945.jpg,1909,1920,11
31950.jpg,1909,1905,-4
31955.jpg,1909,1905,-4
31960.jpg,1909,1937,28
31970.jpg,1909,1870,-39
31975.jpg,1909,1900,-9
31980.jpg,1909,1920,11
31985.jpg,1909,1890,-19
31990.jpg,1909,1890,-19
31995.jpg,1909,1920,11
32005.jpg,1909,1920,11
32015.jpg,1909,1900,-9
32020.jpg,1909,1920,11
32025.jpg,1909,1850,-59
32030.jpg,1909,1920,11
32035.jpg,1909,1850,-59
32045.jpg,1909,1930,21
32050.jpg,1909,1900,-9
32055.jpg,1909,1920,11
32060.jpg,1909,1950,41
32065.jpg,1909,1920,11
32070.jpg,1909,1920,11
32075.jpg,1909,1920,11
32080.jpg,1909,1850,-59
32085.jpg,1909,1920,11
32090.jpg,1909,1920,11
32095.jpg,1909,1920,11
32100.jpg,1909,1920,11
32105.jpg,1909,1950,41
32110.jpg,1909,1950,41
32115.jpg,1909,1920,11
32120.jpg,1909,1920,11
32125.jpg,1909,1920,11
32130.jpg,1909,1920,11
32135.jpg,1909,1920,11
32140.jpg,1909,1905,-4
32145.jpg,1909,1920,11
32150.jpg,1909,1890,-19
32155.jpg,1909,1950,41
32160.jpg,1909,1890,-19
32165.jpg,1909,1920,11
32170.jpg,1909,1920,11
32175.jpg,1909,1900,-9
32180.jpg,1909,1920,11
32185.jpg,1909,1900,-9
32190.jpg,1909,1930,21
32195.jpg,1909,1920,11
32200.jpg,1909,1930,21
32205.jpg,1909,1930,21
32210.jpg,1909,1900,-9
32215.jpg,1909,1920,11
32220.jpg,1909,1920,11
32225.jpg,1909,1950,41
32230.jpg,1910,1850,-60
32235.jpg,1910,1905,-5
32240.jpg,1910,1900,-10
32245.jpg,1910,1980,70
32255.jpg,1910,1920,10
32260.jpg,1910,1960,50
32265.jpg,1910,2010,100
32270.jpg,1910,1950,40
32275.jpg,1910,1930,20
32280.jpg,1910,1930,20
32285.jpg,1910,1920,10
32290.jpg,1910,1920,10
32295.jpg,1910,1900,-10
32300.jpg,1910,1920,10
32305.jpg,1910,1950,40
32310.jpg,1910,1900,-10
32315.jpg,1910,1900,-10
32320.jpg,1910,1900,-10
32325.jpg,1910,1900,-10
32330.jpg,1910,1920,10
32335.jpg,1910,1928,18
32340.jpg,1910,1850,-60
32345.jpg,1910,1900,-10
32350.jpg,1910,1850,-60
32355.jpg,1910,1920,10
32360.jpg,1910,1920,10
32365.jpg,1910,1920,10
32370.jpg,1910,1950,40
32375.jpg,1910,1920,10
32380.jpg,1910,1900,-10
32385.jpg,1910,1980,70
32390.jpg,1910,1930,20
32395.jpg,1910,1900,-10
32400.jpg,1910,1842,-68
32405.jpg,1910,1850,-60
32410.jpg,1910,1930,20
32415.jpg,1910,1800,-110
32420.jpg,1910,1930,20
32425.jpg,1910,1930,20
32430.jpg,1910,1905,-5
32435.jpg,1910,1900,-10
32440.jpg,1910,1900,-10
32445.jpg,1910,1850,-60
32450.jpg,1910,1920,10
32455.jpg,1910,1850,-60
32460.jpg,1910,1900,-10
32465.jpg,1910,1905,-5
32470.jpg,1910,1850,-60
32475.jpg,1910,1950,40
32480.jpg,1910,1920,10
32485.jpg,1910,1920,10
32490.jpg,1910,1900,-10
32495.jpg,1910,1920,10
32500.jpg,1910,1920,10
32505.jpg,1910,1920,10
32510.jpg,1910,1920,10
32515.jpg,1910,1980,70
32520.jpg,1910,1920,10
32525.jpg,1910,1920,10
32530.jpg,1910,2010,100
32535.jpg,1910,1930,20
32540.jpg,1910,1920,10
32545.jpg,1910,1920,10
32550.jpg,1910,1900,-10
32555.jpg,1910,1920,10
32560.jpg,1910,1920,10
32565.jpg,1910,1890,-20
32570.jpg,1910,1890,-20
32575.jpg,1910,1900,-10
32580.jpg,1910,1920,10
32585.jpg,1910,1920,10
32590.jpg,1910,1900,-10
32595.jpg,1910,1920,10
32600.jpg,1910,1890,-20
32605.jpg,1910,1950,40
32610.jpg,1910,1950,40
32615.jpg,1910,1920,10
32620.jpg,1910,1920,10
32625.jpg,1910,1950,40
32630.jpg,1910,1920,10
32635.jpg,1910,1920,10
32640.jpg,1910,1920,10
32645.jpg,1910,1920,10
32650.jpg,1910,1920,10
32655.jpg,1910,1950,40
32660.jpg,1910,1920,10
32665.jpg,1910,1900,-10
32675.jpg,1910,1920,10
32680.jpg,1910,1920,10
32685.jpg,1910,1920,10
32690.jpg,1910,1850,-60
32695.jpg,1910,2010,100
32700.jpg,1910,1920,10
32705.jpg,1910,1920,10
32710.jpg,1910,1920,10
32715.jpg,1910,1950,40
32720.jpg,1910,1900,-10
32725.jpg,1910,1900,-10
32730.jpg,1910,1950,40
32735.jpg,1910,1850,-60
32740.jpg,1911,1900,-11
32745.jpg,1911,1920,9
32750.jpg,1911,1920,9
32755.jpg,1911,1930,19
32760.jpg,1911,1920,9
32765.jpg,1911,1907,-4
32770.jpg,1911,1904,-7
32775.jpg,1911,1920,9
32780.jpg,1911,2010,99
32785.jpg,1911,1926,15
32790.jpg,1911,1900,-11
32795.jpg,1911,1913,2
32800.jpg,1911,1970,59
32805.jpg,1911,1920,9
32810.jpg,1911,1900,-11
32815.jpg,1911,1900,-11
32820.jpg,1911,1920,9
32825.jpg,1911,1920,9
32830.jpg,1911,1930,19
32835.jpg,1911,1921,10
32840.jpg,1911,1970,59
32845.jpg,1911,1587,-324
32850.jpg,1911,1930,19
32855.jpg,1911,1920,9
32860.jpg,1911,1950,39
32865.jpg,1911,1920,9
32870.jpg,1911,1920,9
32875.jpg,1911,1920,9
32885.jpg,1911,1920,9
32890.jpg,1911,1920,9
32895.jpg,1911,1900,-11
32900.jpg,1911,1890,-21
32905.jpg,1911,1920,9
32910.jpg,1911,1850,-61
32915.jpg,1911,1900,-11
32920.jpg,1911,1920,9
32925.jpg,1911,1920,9
32930.jpg,1911,1920,9
32935.jpg,1911,1970,59
32940.jpg,1911,1920,9
32945.jpg,1911,1920,9
32950.jpg,1911,2010,99
32955.jpg,1911,1911,0
32960.jpg,1911,1930,19
32965.jpg,1911,1933,22
32970.jpg,1911,1870,-41
32975.jpg,1911,1890,-21
32980.jpg,1911,1900,-11
32985.jpg,1911,1890,-21
32990.jpg,1911,1850,-61
32995.jpg,1911,1900,-11
33000.jpg,1911,1920,9
33005.jpg,1911,1850,-61
33010.jpg,1911,1920,9
33015.jpg,1911,1905,-6
33020.jpg,1911,1920,9
33025.jpg,1911,1850,-61
33030.jpg,1911,1890,-21
33035.jpg,1911,2019,108
33040.jpg,1911,1900,-11
33045.jpg,1911,1920,9
33050.jpg,1911,1950,39
33055.jpg,1911,1920,9
33060.jpg,1911,1920,9
33065.jpg,1911,1890,-21
33070.jpg,1911,1920,9
33075.jpg,1911,1900,-11
33080.jpg,1911,1920,9
33085.jpg,1911,1906,-5
33090.jpg,1911,1900,-11
33095.jpg,1911,1890,-21
33100.jpg,1911,1600,-311
33105.jpg,1911,1850,-61
33110.jpg,1911,1920,9
33115.jpg,1911,1850,-61
33120.jpg,1911,1920,9
33125.jpg,1911,1930,19
33130.jpg,1911,1890,-21
33135.jpg,1911,1920,9
33140.jpg,1911,1890,-21
33145.jpg,1911,1850,-61
33150.jpg,1911,1500,-411
33155.jpg,1911,1960,49
33160.jpg,1911,1980,69
33165.jpg,1911,1920,9
33170.jpg,1911,1920,9
33175.jpg,1911,1950,39
33180.jpg,1911,1920,9
33185.jpg,1911,1903,-8
33190.jpg,1911,1920,9
33195.jpg,1911,2010,99
33200.jpg,1911,1920,9
33205.jpg,1911,1920,9
33210.jpg,1911,1890,-21
33215.jpg,1911,1920,9
33220.jpg,1911,1920,9
33225.jpg,1911,1920,9
33230.jpg,1911,1920,9
33235.jpg,1911,1850,-61
33240.jpg,1911,1820,-91
33245.jpg,1911,1920,9
33250.jpg,1911,1920,9
33255.jpg,1911,1920,9
33260.jpg,1911,1920,9
33265.jpg,1911,1920,9
33270.jpg,1911,1900,-11
33275.jpg,1911,1900,-11
33280.jpg,1912,1920,8
33285.jpg,1912,1920,8
33290.jpg,1912,1900,-12
33295.jpg,1912,1920,8
33300.jpg,1912,1900,-12
33310.jpg,1912,1960,48
33315.jpg,1912,1960,48
33320.jpg,1912,1980,68
33325.jpg,1912,1930,18
33330.jpg,1912,2010,98
33335.jpg,1912,1920,8
33340.jpg,1912,1930,18
33345.jpg,1912,1920,8
33350.jpg,1912,1890,-22
33355.jpg,1912,1930,18
33360.jpg,1912,1920,8
33365.jpg,1912,1900,-12
33375.jpg,1912,1925,13
33380.jpg,1912,1930,18
33385.jpg,1912,1900,-12
33390.jpg,1912,1920,8
33395.jpg,1912,2010,98
33400.jpg,1912,1920,8
33405.jpg,1912,2010,98
33410.jpg,1912,1920,8
33415.jpg,1912,1920,8
33420.jpg,1912,1902,-10
33425.jpg,1912,1920,8
33430.jpg,1912,1920,8
33435.jpg,1912,1920,8
33440.jpg,1912,1920,8
33445.jpg,1912,1920,8
33450.jpg,1912,1920,8
33455.jpg,1912,1920,8
33460.jpg,1912,1920,8
33465.jpg,1912,1920,8
33470.jpg,1912,1920,8
33475.jpg,1912,1890,-22
33480.jpg,1912,1902,-10
33485.jpg,1912,1950,38
33490.jpg,1912,1900,-12
33495.jpg,1912,1920,8
33500.jpg,1912,1950,38
33505.jpg,1912,1890,-22
33510.jpg,1912,1930,18
33515.jpg,1912,1920,8
33520.jpg,1912,1920,8
33525.jpg,1912,1920,8
33530.jpg,1912,1850,-62
33535.jpg,1912,1920,8
33540.jpg,1912,1920,8
33545.jpg,1912,1920,8
33550.jpg,1912,1920,8
33555.jpg,1912,1920,8
33560.jpg,1912,1890,-22
33565.jpg,1912,1930,18
33570.jpg,1912,1900,-12
33580.jpg,1912,1700,-212
33585.jpg,1912,1920,8
33590.jpg,1912,1900,-12
33595.jpg,1912,1890,-22
33600.jpg,1912,1905,-7
33605.jpg,1912,1900,-12
33615.jpg,1912,1920,8
33620.jpg,1912,2005,93
33625.jpg,1912,1900,-12
33630.jpg,1912,1920,8
33635.jpg,1912,1920,8
33640.jpg,1912,1900,-12
33645.jpg,1912,1920,8
33650.jpg,1912,1900,-12
33655.jpg,1912,1920,8
33660.jpg,1912,1920,8
33665.jpg,1912,1890,-22
33670.jpg,1912,1920,8
33675.jpg,1912,2010,98
33680.jpg,1912,1900,-12
33685.jpg,1912,1930,18
33690.jpg,1912,1968,56
33695.jpg,1912,1930,18
33700.jpg,1912,1900,-12
33705.jpg,1912,1920,8
33710.jpg,1912,1920,8
33715.jpg,1912,1930,18
33720.jpg,1912,1900,-12
33725.jpg,1912,1920,8
33735.jpg,1912,1890,-22
33740.jpg,1912,1920,8
33745.jpg,1912,1950,38
33750.jpg,1912,1920,8
33755.jpg,1912,1920,8
33760.jpg,1912,1920,8
33765.jpg,1913,1950,37
33770.jpg,1913,1920,7
33775.jpg,1913,1900,-13
33780.jpg,1913,1920,7
33785.jpg,1913,1920,7
33790.jpg,1913,1920,7
33795.jpg,1913,1930,17
33800.jpg,1913,1850,-63
33805.jpg,1913,1905,-8
33810.jpg,1913,1920,7
33815.jpg,1913,1930,17
33820.jpg,1913,2000,87
33825.jpg,1913,1920,7
33830.jpg,1913,1900,-13
33840.jpg,1913,1920,7
33845.jpg,1913,1920,7
33850.jpg,1913,1920,7
33855.jpg,1913,1920,7
33860.jpg,1913,1920,7
33865.jpg,1913,1920,7
33870.jpg,1913,1950,37
33875.jpg,1913,1920,7
33880.jpg,1913,1920,7
33885.jpg,1913,1920,7
33890.jpg,1913,1920,7
33895.jpg,1913,1950,37
33900.jpg,1913,1908,-5
33905.jpg,1913,1908,-5
33910.jpg,1913,1900,-13
33915.jpg,1913,1920,7
33920.jpg,1913,1900,-13
33925.jpg,1913,2010,97
33930.jpg,1913,1920,7
33935.jpg,1913,1920,7
33940.jpg,1913,1920,7
33945.jpg,1913,1920,7
33950.jpg,1913,1920,7
33955.jpg,1913,2010,97
33960.jpg,1913,1920,7
33965.jpg,1913,1920,7
33970.jpg,1913,1920,7
33975.jpg,1913,1920,7
33980.jpg,1913,1950,37
33985.jpg,1913,1950,37
33990.jpg,1913,1875,-38
33995.jpg,1913,1900,-13
34000.jpg,1913,1930,17
34005.jpg,1913,1950,37
34010.jpg,1913,1926,13
34015.jpg,1913,2010,97
34020.jpg,1913,1920,7
34025.jpg,1913,1950,37
34030.jpg,1913,1920,7
34035.jpg,1913,1920,7
34040.jpg,1913,1920,7
34045.jpg,1913,1920,7
34050.jpg,1913,1920,7
34055.jpg,1913,1920,7
34060.jpg,1913,1920,7
34065.jpg,1913,1920,7
34070.jpg,1913,1920,7
34080.jpg,1913,1930,17
34085.jpg,1913,1890,-23
34090.jpg,1913,1920,7
34095.jpg,1913,1920,7
34100.jpg,1913,1920,7
34105.jpg,1913,1920,7
34110.jpg,1913,1900,-13
34115.jpg,1913,1890,-23
34120.jpg,1913,1930,17
34125.jpg,1913,1900,-13
34130.jpg,1913,1890,-23
34135.jpg,1913,1920,7
34140.jpg,1913,1920,7
34145.jpg,1913,1930,17
34150.jpg,1913,1920,7
34155.jpg,1913,1920,7
34160.jpg,1913,1890,-23
34165.jpg,1913,1920,7
34170.jpg,1913,1900,-13
34175.jpg,1913,1890,-23
34180.jpg,1913,1800,-113
34185.jpg,1913,1905,-8
34190.jpg,1913,1950,37
34195.jpg,1913,1820,-93
34200.jpg,1913,1920,7
34205.jpg,1913,1920,7
34210.jpg,1913,1920,7
34215.jpg,1913,1920,7
34220.jpg,1913,1950,37
34225.jpg,1914,1930,16
34230.jpg,1914,1920,6
34235.jpg,1914,1920,6
34240.jpg,1914,1920,6
34245.jpg,1914,1970,56
34250.jpg,1914,1930,16
34260.jpg,1914,2010,96
34265.jpg,1914,1920,6
34270.jpg,1914,1920,6
34275.jpg,1914,1920,6
34280.jpg,1914,1850,-64
34285.jpg,1914,1950,36
34290.jpg,1914,1920,6
34295.jpg,1914,1920,6
34300.jpg,1914,1920,6
34305.jpg,1914,1850,-64
34310.jpg,1914,1950,36
34315.jpg,1914,1920,6
34320.jpg,1914,1920,6
34325.jpg,1914,1920,6
34330.jpg,1914,1920,6
34335.jpg,1914,1920,6
34345.jpg,1914,1920,6
34350.jpg,1914,1830,-84
34360.jpg,1914,1920,6
34365.jpg,1914,1920,6
34370.jpg,1914,1930,16
34375.jpg,1914,1890,-24
34380.jpg,1914,1930,16
34385.jpg,1914,1920,6
34390.jpg,1914,1920,6
34395.jpg,1914,1920,6
34400.jpg,1914,1920,6
34405.jpg,1914,1920,6
34410.jpg,1914,1920,6
34415.jpg,1914,1850,-64
34420.jpg,1914,1976,62
34425.jpg,1914,1850,-64
34430.jpg,1914,1930,16
34435.jpg,1914,1920,6
34440.jpg,1914,1920,6
34445.jpg,1914,1890,-24
34450.jpg,1914,1920,6
34455.jpg,1914,1850,-64
34460.jpg,1914,1890,-24
34465.jpg,1914,1920,6
34470.jpg,1914,1930,16
34475.jpg,1914,1850,-64
34480.jpg,1914,1920,6
34485.jpg,1914,1930,16
34490.jpg,1914,1900,-14
34495.jpg,1914,1850,-64
34500.jpg,1914,1890,-24
34505.jpg,1914,1950,36
34515.jpg,1914,1850,-64
34520.jpg,1914,1900,-14
34525.jpg,1914,1850,-64
34530.jpg,1914,1920,6
34535.jpg,1914,1920,6
34540.jpg,1914,1920,6
34545.jpg,1914,1920,6
34550.jpg,1914,1920,6
34555.jpg,1914,1890,-24
34560.jpg,1914,1920,6
34565.jpg,1914,1920,6
34570.jpg,1914,1950,36
34575.jpg,1914,1900,-14
34580.jpg,1914,1920,6
34590.jpg,1914,1950,36
34595.jpg,1914,1920,6
34600.jpg,1914,1923,9
34605.jpg,1914,1920,6
34610.jpg,1914,1920,6
34615.jpg,1914,1920,6
34620.jpg,1914,1850,-64
34625.jpg,1914,1900,-14
34630.jpg,1914,1920,6
34635.jpg,1914,1850,-64
34640.jpg,1914,1950,36
34645.jpg,1914,1920,6
34650.jpg,1914,1920,6
34655.jpg,1914,1920,6
34660.jpg,1914,1932,18
34665.jpg,1914,1920,6
34670.jpg,1914,1905,-9
34675.jpg,1914,1920,6
34680.jpg,1914,1926,12
34685.jpg,1914,1930,16
34690.jpg,1914,1930,16
34695.jpg,1914,1920,6
34700.jpg,1914,1900,-14
34705.jpg,1914,1930,16
34710.jpg,1914,1920,6
34715.jpg,1914,1900,-14
34720.jpg,1915,1850,-65
34725.jpg,1915,1905,-10
34730.jpg,1915,1920,5
34735.jpg,1915,1920,5
34740.jpg,1915,1916,1
34750.jpg,1915,1920,5
34755.jpg,1915,1950,35
34765.jpg,1915,1600,-315
34770.jpg,1915,1920,5
34775.jpg,1915,1920,5
34780.jpg,1915,1950,35
34785.jpg,1915,1930,15
34790.jpg,1915,1920,5
34795.jpg,1915,1925,10
34800.jpg,1915,1950,35
34805.jpg,1915,1920,5
34810.jpg,1915,1920,5
34815.jpg,1915,1920,5
34820.jpg,1915,1960,45
34825.jpg,1915,1920,5
34830.jpg,1915,1935,20
34835.jpg,1915,1920,5
34840.jpg,1915,1920,5
34845.jpg,1915,1950,35
34850.jpg,1915,1950,35
34855.jpg,1915,1920,5
34860.jpg,1915,1930,15
34865.jpg,1915,1920,5
34870.jpg,1915,1920,5
34875.jpg,1915,1920,5
34880.jpg,1915,1900,-15
34885.jpg,1915,1920,5
34890.jpg,1915,1850,-65
34895.jpg,1915,1920,5
34900.jpg,1915,1918,3
34905.jpg,1915,1850,-65
34910.jpg,1915,1950,35
34915.jpg,1915,1920,5
34920.jpg,1915,1900,-15
34925.jpg,1915,1920,5
34930.jpg,1915,1950,35
34935.jpg,1915,1920,5
34940.jpg,1915,1920,5
34945.jpg,1915,1920,5
34950.jpg,1915,1930,15
34955.jpg,1915,1920,5
34960.jpg,1915,1920,5
34965.jpg,1915,1980,65
34970.jpg,1915,1930,15
34975.jpg,1915,1920,5
34980.jpg,1915,1920,5
34985.jpg,1915,1920,5
34990.jpg,1915,1920,5
34995.jpg,1915,1900,-15
35000.jpg,1915,1850,-65
35005.jpg,1915,1920,5
35010.jpg,1915,1950,35
35015.jpg,1915,1920,5
35020.jpg,1915,1920,5
35025.jpg,1915,1908,-7
35030.jpg,1915,1920,5
35035.jpg,1915,1800,-115
35040.jpg,1915,1920,5
35045.jpg,1915,1920,5
35050.jpg,1915,2010,95
35055.jpg,1915,1920,5
35060.jpg,1915,1920,5
35065.jpg,1915,1920,5
35070.jpg,1915,1890,-25
35075.jpg,1915,1930,15
35080.jpg,1915,1950,35
35085.jpg,1915,1920,5
35090.jpg,1915,1920,5
35095.jpg,1915,1920,5
35100.jpg,1915,1900,-15
35105.jpg,1915,1930,15
35110.jpg,1915,1920,5
35115.jpg,1915,1950,35
35120.jpg,1915,1890,-25
35125.jpg,1915,1937,22
35130.jpg,1915,1920,5
35135.jpg,1915,1950,35
35140.jpg,1915,1850,-65
35145.jpg,1915,1950,35
35150.jpg,1915,1932,17
35155.jpg,1915,1930,15
35160.jpg,1916,1920,4
35165.jpg,1916,1950,34
35170.jpg,1916,1950,34
35175.jpg,1916,2010,94
35180.jpg,1916,1850,-66
35185.jpg,1916,1920,4
35190.jpg,1916,1960,44
35195.jpg,1916,1920,4
35200.jpg,1916,1900,-16
35205.jpg,1916,1920,4
35210.jpg,1916,2010,94
35215.jpg,1916,1850,-66
35220.jpg,1916,1920,4
35225.jpg,1916,1920,4
35230.jpg,1916,1930,14
35235.jpg,1916,1920,4
35240.jpg,1916,1920,4
35245.jpg,1916,1920,4
35250.jpg,1916,1920,4
35255.jpg,1916,1980,64
35260.jpg,1916,1920,4
35265.jpg,1916,1920,4
35270.jpg,1916,1920,4
35275.jpg,1916,1920,4
35280.jpg,1916,1920,4
35285.jpg,1916,1920,4
35290.jpg,1916,1900,-16
35295.jpg,1916,1900,-16
35300.jpg,1916,1920,4
35305.jpg,1916,2010,94
35310.jpg,1916,1950,34
35315.jpg,1916,1930,14
35320.jpg,1916,1950,34
35325.jpg,1916,1920,4
35330.jpg,1916,1930,14
35335.jpg,1916,1920,4
35340.jpg,1916,1920,4
35345.jpg,1916,1920,4
35350.jpg,1916,1920,4
35355.jpg,1916,1930,14
35360.jpg,1916,1920,4
35365.jpg,1916,1950,34
35370.jpg,1916,1890,-26
35375.jpg,1916,1900,-16
35380.jpg,1916,1900,-16
35385.jpg,1916,1900,-16
35390.jpg,1916,1950,34
35395.jpg,1916,1950,34
35400.jpg,1916,1920,4
35405.jpg,1916,1920,4
35410.jpg,1916,1950,34
35415.jpg,1916,1900,-16
35420.jpg,1916,1950,34
35425.jpg,1916,1950,34
35430.jpg,1916,1920,4
35435.jpg,1916,1850,-66
35440.jpg,1916,1923,7
35445.jpg,1916,1920,4
35450.jpg,1916,1930,14
35455.jpg,1916,1920,4
35460.jpg,1916,1920,4
35465.jpg,1916,1920,4
35470.jpg,1916,1900,-16
35475.jpg,1916,1920,4
35480.jpg,1916,1950,34
35485.jpg,1916,1850,-66
35490.jpg,1916,1920,4
35495.jpg,1916,1930,14
35500.jpg,1916,1920,4
35505.jpg,1916,1900,-16
35510.jpg,1916,1850,-66
35515.jpg,1916,1950,34
35520.jpg,1916,1920,4
35525.jpg,1916,1921,5
35530.jpg,1916,1850,-66
35535.jpg,1917,1920,3
35540.jpg,1917,1920,3
35545.jpg,1917,1920,3
35550.jpg,1917,1920,3
35555.jpg,1917,1930,13
35560.jpg,1917,1920,3
35565.jpg,1917,1950,33
35570.jpg,1917,1920,3
35575.jpg,1917,1920,3
35580.jpg,1917,1850,-67
35585.jpg,1917,1890,-27
35590.jpg,1917,1920,3
35595.jpg,1917,1930,13
35600.jpg,1917,1920,3
35605.jpg,1917,1920,3
35610.jpg,1917,1920,3
35615.jpg,1917,1920,3
35620.jpg,1917,1945,28
35625.jpg,1917,1905,-12
35630.jpg,1917,1900,-17
35635.jpg,1917,1930,13
35640.jpg,1917,1920,3
35645.jpg,1917,1920,3
35650.jpg,1917,1930,13
35655.jpg,1917,1920,3
35660.jpg,1917,1920,3
35665.jpg,1917,1900,-17
35670.jpg,1917,1980,63
35675.jpg,1917,1920,3
35680.jpg,1917,1950,33
35685.jpg,1917,1857,-60
35690.jpg,1917,1950,33
35695.jpg,1917,1930,13
35700.jpg,1917,1920,3
35705.jpg,1917,1950,33
35710.jpg,1917,1930,13
35715.jpg,1917,1930,13
35720.jpg,1917,1950,33
35725.jpg,1917,2005,88
35730.jpg,1917,1905,-12
35735.jpg,1917,1926,9
35740.jpg,1917,1900,-17
35745.jpg,1917,1930,13
35750.jpg,1917,1850,-67
35755.jpg,1917,1930,13
35760.jpg,1917,1908,-9
35765.jpg,1917,1850,-67
35770.jpg,1917,1920,3
35775.jpg,1917,1920,3
35780.jpg,1917,1920,3
35785.jpg,1917,1950,33
35790.jpg,1917,1930,13
35795.jpg,1917,1920,3
35800.jpg,1917,1920,3
35805.jpg,1917,1950,33
35810.jpg,1917,1920,3
35815.jpg,1917,1905,-12
35820.jpg,1917,1920,3
35825.jpg,1917,1920,3
35830.jpg,1917,1850,-67
35835.jpg,1917,1930,13
35840.jpg,1917,1920,3
35845.jpg,1917,1920,3
35850.jpg,1917,1920,3
35855.jpg,1917,1920,3
35860.jpg,1917,1920,3
35865.jpg,1917,1950,33
35870.jpg,1917,1950,33
35875.jpg,1917,1920,3
35880.jpg,1917,1920,3
35885.jpg,1917,1920,3
35890.jpg,1917,1890,-27
35895.jpg,1917,1920,3
35900.jpg,1917,1950,33
35905.jpg,1917,1920,3
35910.jpg,1917,1920,3
35915.jpg,1917,1950,33
35920.jpg,1918,1930,12
35925.jpg,1918,1980,62
35930.jpg,1918,1900,-18
35935.jpg,1918,2010,92
35940.jpg,1918,1950,32
35945.jpg,1918,1920,2
35950.jpg,1918,1950,32
35955.jpg,1918,1950,32
35960.jpg,1918,1920,2
35965.jpg,1918,1950,32
35970.jpg,1918,1920,2
35980.jpg,1918,1930,12
35985.jpg,1918,1920,2
35990.jpg,1918,1928,10
35995.jpg,1918,1950,32
36000.jpg,1918,1900,-18
36005.jpg,1918,1920,2
36010.jpg,1918,1850,-68
36015.jpg,1918,1920,2
36020.jpg,1918,1920,2
36025.jpg,1918,1920,2
36030.jpg,1918,1930,12
36035.jpg,1918,1950,32
36040.jpg,1918,1920,2
36045.jpg,1918,1920,2
36050.jpg,1918,1920,2
36055.jpg,1918,1850,-68
36060.jpg,1918,1930,12
36065.jpg,1918,1950,32
36070.jpg,1918,1920,2
36075.jpg,1918,1920,2
36080.jpg,1918,1930,12
36085.jpg,1918,1850,-68
36090.jpg,1918,1920,2
36095.jpg,1918,1920,2
36100.jpg,1918,1900,-18
36105.jpg,1918,1920,2
36110.jpg,1918,1920,2
36115.jpg,1919,1920,1
36120.jpg,1919,1920,1
36130.jpg,1919,1990,71
36140.jpg,1919,1920,1
36145.jpg,1919,1920,1
36150.jpg,1919,1950,31
36155.jpg,1919,1950,31
36160.jpg,1919,1920,1
36165.jpg,1919,1950,31
36170.jpg,1919,1890,-29
36175.jpg,1919,1950,31
36180.jpg,1919,1950,31
36190.jpg,1919,1950,31
36195.jpg,1919,1920,1
36200.jpg,1919,1920,1
36205.jpg,1919,1950,31
36210.jpg,1919,1920,1
36215.jpg,1919,1920,1
36225.jpg,1919,1920,1
36230.jpg,1919,1920,1
36235.jpg,1919,1920,1
36240.jpg,1919,1920,1
36245.jpg,1919,1950,31
36250.jpg,1919,1920,1
36255.jpg,1919,1850,-69
36260.jpg,1919,1950,31
36265.jpg,1919,1920,1
36270.jpg,1919,1900,-19
36275.jpg,1919,1925,6
36280.jpg,1919,1760,-159
36285.jpg,1919,1904,-15
36290.jpg,1919,2010,91
36295.jpg,1919,1900,-19
36300.jpg,1919,1920,1
36305.jpg,1919,1900,-19
36310.jpg,1919,1920,1
36315.jpg,1919,1850,-69
36320.jpg,1919,1950,31
36325.jpg,1919,1920,1
36330.jpg,1919,1950,31
36335.jpg,1919,1920,1
36340.jpg,1919,1920,1
36345.jpg,1919,1950,31
36350.jpg,1920,2010,90
36355.jpg,1920,1850,-70
36360.jpg,1920,1920,0
36365.jpg,1920,1960,40
36370.jpg,1920,1980,60
36375.jpg,1920,1930,10
36385.jpg,1920,1950,30
36390.jpg,1920,1950,30
36395.jpg,1920,1930,10
36400.jpg,1920,1900,-20
36405.jpg,1920,1920,0
36410.jpg,1920,1950,30
36415.jpg,1920,1850,-70
36420.jpg,1920,1900,-20
36425.jpg,1920,1950,30
36430.jpg,1920,1923,3
36435.jpg,1920,1920,0
36440.jpg,1920,1920,0
36445.jpg,1920,1900,-20
36450.jpg,1920,1920,0
36455.jpg,1920,1920,0
36460.jpg,1920,1835,-85
36465.jpg,1920,1850,-70
36470.jpg,1920,1850,-70
36475.jpg,1920,1920,0
36480.jpg,1920,1900,-20
36485.jpg,1920,1920,0
36490.jpg,1920,1920,0
36495.jpg,1920,1920,0
36500.jpg,1920,1920,0
36505.jpg,1920,1920,0
36510.jpg,1920,1890,-30
36515.jpg,1920,1920,0
36520.jpg,1920,1900,-20
36525.jpg,1920,1890,-30
36530.jpg,1920,1850,-70
36535.jpg,1920,1905,-15
36540.jpg,1920,1900,-20
36545.jpg,1920,1850,-70
36550.jpg,1920,1920,0
36555.jpg,1920,1847,-73
36560.jpg,1920,1920,0
36565.jpg,1920,1850,-70
36570.jpg,1920,1920,0
36575.jpg,1920,1950,30
36580.jpg,1920,1950,30
36585.jpg,1920,1920,0
36590.jpg,1920,1920,0
36595.jpg,1920,1830,-90
36600.jpg,1920,2010,90
36605.jpg,1920,1890,-30
36610.jpg,1920,1920,0
36615.jpg,1920,1850,-70
36620.jpg,1920,1920,0
36625.jpg,1920,1920,0
36630.jpg,1920,1920,0
36635.jpg,1920,1920,0
36640.jpg,1920,1920,0
36650.jpg,1920,1920,0
36655.jpg,1920,1920,0
36660.jpg,1920,1928,8
36665.jpg,1920,1950,30
36670.jpg,1920,1950,30
36675.jpg,1920,1950,30
36680.jpg,1920,1920,0
36685.jpg,1920,1950,30
36690.jpg,1921,1920,-1
36695.jpg,1921,1960,39
36700.jpg,1921,1920,-1
36705.jpg,1921,1920,-1
36710.jpg,1921,1920,-1
36715.jpg,1921,1920,-1
36720.jpg,1921,1970,49
36725.jpg,1921,1920,-1
36735.jpg,1921,2010,89
36740.jpg,1921,1925,4
36745.jpg,1921,1920,-1
36750.jpg,1921,1920,-1
36755.jpg,1921,1920,-1
36760.jpg,1921,1900,-21
36765.jpg,1921,1920,-1
36770.jpg,1921,1950,29
36775.jpg,1921,1920,-1
36780.jpg,1921,1930,9
36785.jpg,1921,1930,9
36790.jpg,1921,1920,-1
36795.jpg,1921,1927,6
36800.jpg,1921,1930,9
36805.jpg,1921,1900,-21
36810.jpg,1921,1850,-71
36815.jpg,1921,1930,9
36820.jpg,1921,1920,-1
36830.jpg,1921,1920,-1
36835.jpg,1921,1930,9
36840.jpg,1921,1920,-1
36845.jpg,1921,1950,29
36850.jpg,1921,1920,-1
36855.jpg,1921,1920,-1
36860.jpg,1921,1920,-1
36870.jpg,1921,1950,29
36875.jpg,1921,1920,-1
36880.jpg,1921,1850,-71
36885.jpg,1921,1920,-1
36890.jpg,1921,1950,29
36895.jpg,1921,1950,29
36900.jpg,1921,1950,29
36905.jpg,1921,1934,13
36910.jpg,1921,1900,-21
36920.jpg,1921,1905,-16
36925.jpg,1921,1924,3
36930.jpg,1921,1920,-1
36935.jpg,1921,1920,-1
36940.jpg,1921,1950,29
36945.jpg,1921,1920,-1
36950.jpg,1921,1920,-1
36955.jpg,1921,1900,-21
36960.jpg,1921,1920,-1
36965.jpg,1921,1950,29
36970.jpg,1922,1930,8
36975.jpg,1922,1890,-32
36980.jpg,1922,1920,-2
36985.jpg,1922,1950,28
36990.jpg,1922,1920,-2
36995.jpg,1922,1950,28
37000.jpg,1922,2010,88
37005.jpg,1922,2010,88
37010.jpg,1922,1921,-1
37015.jpg,1922,1930,8
37020.jpg,1922,1850,-72
37025.jpg,1922,1920,-2
37030.jpg,1922,1950,28
37045.jpg,1922,1920,-2
37050.jpg,1922,1950,28
37055.jpg,1922,1920,-2
37060.jpg,1922,1930,8
37065.jpg,1922,1920,-2
37070.jpg,1922,1920,-2
37075.jpg,1922,1850,-72
37080.jpg,1922,1950,28
37085.jpg,1922,1800,-122
37090.jpg,1922,1920,-2
37095.jpg,1922,1920,-2
37100.jpg,1922,1920,-2
37105.jpg,1922,1900,-22
37110.jpg,1922,1950,28
37115.jpg,1922,1900,-22
37120.jpg,1922,2010,88
37125.jpg,1922,1920,-2
37130.jpg,1922,1920,-2
37135.jpg,1922,1920,-2
37140.jpg,1922,1920,-2
37145.jpg,1922,1920,-2
37150.jpg,1922,1850,-72
37155.jpg,1922,1920,-2
37160.jpg,1922,1920,-2
37165.jpg,1922,1920,-2
37170.jpg,1922,1950,28
37175.jpg,1922,1920,-2
37180.jpg,1922,1850,-72
37185.jpg,1922,1950,28
37190.jpg,1922,1930,8
37195.jpg,1922,1850,-72
37200.jpg,1922,1920,-2
37205.jpg,1922,2010,88
37210.jpg,1922,1920,-2
37215.jpg,1922,1920,-2
37220.jpg,1922,1920,-2
37225.jpg,1922,2015,93
37230.jpg,1922,1920,-2
37235.jpg,1922,1920,-2
37240.jpg,1922,1950,28
37245.jpg,1922,1950,28
37250.jpg,1922,1920,-2
37255.jpg,1922,2010,88
37260.jpg,1922,2010,88
37270.jpg,1922,1920,-2
37275.jpg,1922,1930,8
37280.jpg,1922,1950,28
37285.jpg,1922,1980,58
37290.jpg,1922,1920,-2
37295.jpg,1922,1980,58
37300.jpg,1922,1950,28
37305.jpg,1922,1920,-2
37310.jpg,1923,1950,27
37315.jpg,1923,1920,-3
37320.jpg,1923,1950,27
37330.jpg,1923,1925,2
37335.jpg,1923,1950,27
37340.jpg,1923,2010,87
37345.jpg,1923,2010,87
37355.jpg,1923,1920,-3
37360.jpg,1923,1850,-73
37365.jpg,1923,1950,27
37370.jpg,1923,1920,-3
37375.jpg,1923,1920,-3
37380.jpg,1923,1950,27
37385.jpg,1923,1930,7
37390.jpg,1923,1920,-3
37395.jpg,1923,1950,27
37400.jpg,1923,1920,-3
37405.jpg,1923,1920,-3
37410.jpg,1923,1920,-3
37415.jpg,1923,1920,-3
37420.jpg,1923,1925,2
37425.jpg,1923,2010,87
37430.jpg,1923,1920,-3
37435.jpg,1923,1920,-3
37440.jpg,1923,1920,-3
37445.jpg,1923,1920,-3
37450.jpg,1923,1920,-3
37455.jpg,1923,1920,-3
37460.jpg,1923,1950,27
37465.jpg,1923,1930,7
37470.jpg,1923,1926,3
37475.jpg,1923,1930,7
37480.jpg,1923,1920,-3
37485.jpg,1923,1850,-73
37490.jpg,1923,1920,-3
37495.jpg,1923,1950,27
37500.jpg,1923,1920,-3
37505.jpg,1923,1950,27
37510.jpg,1923,1900,-23
37515.jpg,1923,1950,27
37520.jpg,1923,1850,-73
37525.jpg,1923,1920,-3
37530.jpg,1923,1920,-3
37535.jpg,1923,1900,-23
37540.jpg,1923,1930,7
37545.jpg,1923,1920,-3
37550.jpg,1923,1920,-3
37555.jpg,1923,1920,-3
37560.jpg,1923,1920,-3
37565.jpg,1923,1850,-73
37570.jpg,1923,1920,-3
37575.jpg,1923,1920,-3
37580.jpg,1923,1920,-3
37585.jpg,1923,1936,13
37590.jpg,1923,1920,-3
37595.jpg,1923,1900,-23
37600.jpg,1923,1920,-3
37605.jpg,1923,1920,-3
37610.jpg,1923,1930,7
37615.jpg,1923,1936,13
37620.jpg,1923,1950,27
37625.jpg,1923,1920,-3
37630.jpg,1923,1920,-3
37635.jpg,1923,1950,27
37640.jpg,1923,1950,27
37645.jpg,1923,1850,-73
37650.jpg,1923,1920,-3
37655.jpg,1923,1950,27
37660.jpg,1923,1920,-3
37665.jpg,1923,1920,-3
37670.jpg,1924,1927,3
37675.jpg,1924,1902,-22
37680.jpg,1924,1920,-4
37685.jpg,1924,1920,-4
37690.jpg,1924,1920,-4
37695.jpg,1924,1920,-4
37700.jpg,1924,1920,-4
37705.jpg,1924,1923,-1
37710.jpg,1924,2010,86
37715.jpg,1924,1930,6
37720.jpg,1924,2010,86
37725.jpg,1924,1950,26
37730.jpg,1924,2010,86
37735.jpg,1924,1920,-4
37740.jpg,1924,1920,-4
37745.jpg,1924,1930,6
37750.jpg,1924,1920,-4
37755.jpg,1924,1930,6
37760.jpg,1924,1920,-4
37765.jpg,1924,1920,-4
37770.jpg,1924,1930,6
37775.jpg,1924,1920,-4
37780.jpg,1924,1920,-4
37785.jpg,1924,1850,-74
37790.jpg,1924,1920,-4
37795.jpg,1924,1920,-4
37805.jpg,1924,1925,1
37810.jpg,1924,1920,-4
37815.jpg,1924,1920,-4
37820.jpg,1924,1850,-74
37825.jpg,1924,1920,-4
37830.jpg,1924,1920,-4
37835.jpg,1924,1920,-4
37845.jpg,1924,2010,86
37850.jpg,1924,1920,-4
37855.jpg,1924,1920,-4
37860.jpg,1924,1950,26
37865.jpg,1924,1900,-24
37870.jpg,1924,1920,-4
37875.jpg,1924,1950,26
37880.jpg,1924,1950,26
37885.jpg,1924,1900,-24
37890.jpg,1924,1927,3
37895.jpg,1924,1950,26
37900.jpg,1924,1920,-4
37905.jpg,1924,1920,-4
37910.jpg,1924,1920,-4
37915.jpg,1924,1900,-24
37920.jpg,1924,1928,4
37925.jpg,1924,1920,-4
37930.jpg,1924,1920,-4
37935.jpg,1924,1850,-74
37940.jpg,1924,1924,0
37945.jpg,1924,1980,56
37950.jpg,1924,1920,-4
37955.jpg,1924,2010,86
37960.jpg,1924,2010,86
37965.jpg,1924,1980,56
37970.jpg,1924,1920,-4
37975.jpg,1924,1920,-4
37980.jpg,1924,1905,-19
37985.jpg,1924,1980,56
37990.jpg,1924,1950,26
37995.jpg,1924,1920,-4
38000.jpg,1924,1924,0
38005.jpg,1924,1920,-4
38010.jpg,1924,1920,-4
38015.jpg,1924,1920,-4
38020.jpg,1924,1867,-57
38025.jpg,1924,1920,-4
38030.jpg,1924,1920,-4
38035.jpg,1924,1935,11
38040.jpg,1924,1890,-34
38045.jpg,1924,1920,-4
38050.jpg,1924,1920,-4
38055.jpg,1924,1930,6
38060.jpg,1924,1850,-74
38065.jpg,1924,1920,-4
38070.jpg,1924,1920,-4
38075.jpg,1924,1930,6
38080.jpg,1925,1850,-75
38085.jpg,1925,1900,-25
38090.jpg,1925,1950,25
38095.jpg,1925,1920,-5
38100.jpg,1925,2010,85
38105.jpg,1925,1920,-5
38110.jpg,1925,1920,-5
38115.jpg,1925,2010,85
38120.jpg,1925,2010,85
38125.jpg,1925,2010,85
38130.jpg,1925,2010,85
38135.jpg,1925,2010,85
38140.jpg,1925,1920,-5
38145.jpg,1925,1920,-5
38150.jpg,1925,1950,25
38155.jpg,1925,1950,25
38160.jpg,1925,1890,-35
38165.jpg,1925,1920,-5
38170.jpg,1925,1920,-5
38175.jpg,1925,1950,25
38180.jpg,1925,1970,45
38185.jpg,1925,1920,-5
38190.jpg,1925,1970,45
38195.jpg,1925,1930,5
38200.jpg,1925,1950,25
38205.jpg,1925,1920,-5
38210.jpg,1925,1920,-5
38215.jpg,1925,1950,25
38220.jpg,1925,1930,5
38225.jpg,1925,1920,-5
38230.jpg,1925,1920,-5
38235.jpg,1925,1930,5
38245.jpg,1925,1930,5
38255.jpg,1925,1980,55
38260.jpg,1925,2010,85
38265.jpg,1925,1920,-5
38270.jpg,1925,1900,-25
38275.jpg,1925,1930,5
38280.jpg,1925,1950,25
38285.jpg,1925,1930,5
38290.jpg,1925,1900,-25
38295.jpg,1925,1920,-5
38300.jpg,1925,1920,-5
38305.jpg,1925,1950,25
38310.jpg,1925,1900,-25
38315.jpg,1925,1930,5
38320.jpg,1925,1920,-5
38325.jpg,1925,1950,25
38330.jpg,1925,1920,-5
38335.jpg,1925,1920,-5
38340.jpg,1925,1920,-5
38345.jpg,1925,1930,5
38350.jpg,1925,1920,-5
38355.jpg,1925,1920,-5
38360.jpg,1925,1920,-5
38365.jpg,1925,1920,-5
38370.jpg,1925,1920,-5
38375.jpg,1925,1920,-5
38380.jpg,1925,1930,5
38385.jpg,1925,1930,5
38390.jpg,1925,1950,25
38395.jpg,1925,1920,-5
38400.jpg,1925,1500,-425
38405.jpg,1925,1850,-75
38410.jpg,1925,1920,-5
38415.jpg,1925,1920,-5
38420.jpg,1925,1920,-5
38425.jpg,1925,1900,-25
38435.jpg,1925,1926,1
38440.jpg,1925,1920,-5
38450.jpg,1925,1920,-5
38455.jpg,1925,1950,25
38460.jpg,1925,1930,5
38465.jpg,1925,1920,-5
38470.jpg,1925,1930,5
38475.jpg,1925,1920,-5
38480.jpg,1925,1920,-5
38490.jpg,1925,1920,-5
38495.jpg,1925,1920,-5
38500.jpg,1925,1920,-5
38505.jpg,1925,1920,-5
38510.jpg,1925,1920,-5
38515.jpg,1926,1850,-76
38520.jpg,1926,1920,-6
38525.jpg,1926,1930,4
38530.jpg,1926,1920,-6
38535.jpg,1926,1950,24
38540.jpg,1926,1927,1
38545.jpg,1926,1890,-36
38550.jpg,1926,1920,-6
38555.jpg,1926,1920,-6
38560.jpg,1926,1920,-6
38565.jpg,1926,1850,-76
38570.jpg,1926,1930,4
38575.jpg,1926,1980,54
38580.jpg,1926,2010,84
38585.jpg,1926,1957,31
38590.jpg,1926,1980,54
38595.jpg,1926,2010,84
38600.jpg,1926,1950,24
38605.jpg,1926,2010,84
38610.jpg,1926,1920,-6
38620.jpg,1926,1920,-6
38625.jpg,1926,1950,24
38630.jpg,1926,1980,54
38635.jpg,1926,1930,4
38640.jpg,1926,1950,24
38645.jpg,1926,1950,24
38650.jpg,1926,1930,4
38655.jpg,1926,1950,24
38660.jpg,1926,1930,4
38665.jpg,1926,1930,4
38670.jpg,1926,1930,4
38675.jpg,1926,1930,4
38680.jpg,1926,1929,3
38685.jpg,1926,1925,-1
38690.jpg,1926,1960,34
38695.jpg,1926,1920,-6
38700.jpg,1926,1920,-6
38705.jpg,1926,1920,-6
38710.jpg,1926,1920,-6
38715.jpg,1926,1920,-6
38720.jpg,1926,1920,-6
38725.jpg,1926,1920,-6
38730.jpg,1926,1920,-6
38735.jpg,1926,1932,6
38740.jpg,1926,1933,7
38745.jpg,1926,1926,0
38750.jpg,1926,1926,0
38755.jpg,1926,1920,-6
38760.jpg,1926,1930,4
38765.jpg,1926,1920,-6
38770.jpg,1926,1920,-6
38775.jpg,1926,1892,-34
38780.jpg,1926,1920,-6
38785.jpg,1926,1950,24
38790.jpg,1926,1920,-6
38795.jpg,1926,1920,-6
38800.jpg,1926,1920,-6
38805.jpg,1926,1920,-6
38810.jpg,1926,1920,-6
38815.jpg,1926,1850,-76
38820.jpg,1926,1920,-6
38825.jpg,1926,1920,-6
38830.jpg,1926,1920,-6
38835.jpg,1926,1950,24
38840.jpg,1926,1980,54
38845.jpg,1926,1950,24
38850.jpg,1926,1920,-6
38855.jpg,1926,1950,24
38860.jpg,1926,1920,-6
38865.jpg,1926,1920,-6
38870.jpg,1926,1950,24
38875.jpg,1926,1900,-26
38880.jpg,1926,1925,-1
38885.jpg,1926,1920,-6
38890.jpg,1926,1930,4
38895.jpg,1926,1950,24
38905.jpg,1926,1920,-6
38910.jpg,1926,1925,-1
38915.jpg,1926,1920,-6
38920.jpg,1926,1980,54
38925.jpg,1926,1920,-6
38930.jpg,1926,1920,-6
38935.jpg,1926,1920,-6
38940.jpg,1926,1900,-26
38945.jpg,1926,1920,-6
38950.jpg,1926,1950,24
38955.jpg,1926,1950,24
38960.jpg,1926,1850,-76
38965.jpg,1926,1920,-6
38970.jpg,1926,1920,-6
38975.jpg,1926,1920,-6
38980.jpg,1926,1950,24
38985.jpg,1926,1920,-6
38990.jpg,1926,1930,4
38995.jpg,1927,1920,-7
39000.jpg,1927,1950,23
39005.jpg,1927,1920,-7
39010.jpg,1927,1920,-7
39020.jpg,1927,1950,23
39025.jpg,1927,1920,-7
39030.jpg,1927,1920,-7
39035.jpg,1927,1920,-7
39040.jpg,1927,1920,-7
39045.jpg,1927,1950,23
39050.jpg,1927,1920,-7
39055.jpg,1927,1930,3
39060.jpg,1927,1920,-7
39065.jpg,1927,1920,-7
39070.jpg,1927,1920,-7
39075.jpg,1927,1925,-2
39080.jpg,1927,1920,-7
39085.jpg,1927,2010,83
39090.jpg,1927,1980,53
39110.jpg,1927,2010,83
39115.jpg,1927,1920,-7
39120.jpg,1927,1920,-7
39125.jpg,1927,1950,23
39130.jpg,1927,1950,23
39135.jpg,1927,1930,3
39140.jpg,1927,1920,-7
39145.jpg,1927,1950,23
39150.jpg,1927,1920,-7
39155.jpg,1927,1930,3
39160.jpg,1927,1930,3
39165.jpg,1927,1920,-7
39170.jpg,1927,1920,-7
39175.jpg,1927,1930,3
39180.jpg,1927,1920,-7
39185.jpg,1927,1920,-7
39190.jpg,1927,1925,-2
39195.jpg,1927,1930,3
39200.jpg,1927,1928,1
39205.jpg,1927,1930,3
39210.jpg,1927,1930,3
39215.jpg,1927,1930,3
39220.jpg,1927,1920,-7
39225.jpg,1927,1930,3
39230.jpg,1927,1920,-7
39235.jpg,1927,1920,-7
39240.jpg,1927,1930,3
39245.jpg,1927,1920,-7
39250.jpg,1927,1920,-7
39255.jpg,1927,1750,-177
39260.jpg,1927,1950,23
39265.jpg,1927,1920,-7
39270.jpg,1927,2010,83
39275.jpg,1927,1980,53
39280.jpg,1927,1920,-7
39285.jpg,1927,1920,-7
39290.jpg,1927,1930,3
39295.jpg,1927,1930,3
39300.jpg,1927,1920,-7
39305.jpg,1927,1930,3
39310.jpg,1927,1920,-7
39315.jpg,1927,1950,23
39320.jpg,1927,1850,-77
39325.jpg,1927,1930,3
39330.jpg,1927,1920,-7
39335.jpg,1927,1920,-7
39340.jpg,1927,1920,-7
39345.jpg,1927,1920,-7
39350.jpg,1927,1850,-77
39355.jpg,1927,1950,23
39360.jpg,1927,1930,3
39365.jpg,1927,1960,33
39370.jpg,1927,2000,73
39375.jpg,1927,1920,-7
39380.jpg,1927,1920,-7
39385.jpg,1927,1950,23
39390.jpg,1927,1920,-7
39395.jpg,1927,1900,-27
39400.jpg,1927,1920,-7
39405.jpg,1927,1985,58
39410.jpg,1927,1960,33
39415.jpg,1927,1930,3
39420.jpg,1927,1927,0
39425.jpg,1927,1920,-7
39430.jpg,1927,1920,-7
39435.jpg,1927,1850,-77
39440.jpg,1927,1920,-7
39445.jpg,1927,1920,-7
39450.jpg,1927,1905,-22
39455.jpg,1927,1950,23
39460.jpg,1927,1930,3
39465.jpg,1927,1930,3
39470.jpg,1927,1920,-7
39475.jpg,1927,1920,-7
39480.jpg,1927,1920,-7
39485.jpg,1927,1980,53
39490.jpg,1927,1920,-7
39495.jpg,1927,1920,-7
39500.jpg,1927,1920,-7
39505.jpg,1927,1920,-7
39510.jpg,1928,1920,-8
39515.jpg,1928,1920,-8
39520.jpg,1928,1930,2
39525.jpg,1928,1928,0
39530.jpg,1928,1980,52
39535.jpg,1928,1920,-8
39540.jpg,1928,1920,-8
39545.jpg,1928,1920,-8
39550.jpg,1928,1920,-8
39555.jpg,1928,1920,-8
39560.jpg,1928,1925,-3
39565.jpg,1928,1920,-8
39570.jpg,1928,1920,-8
39575.jpg,1928,2010,82
39580.jpg,1928,1920,-8
39585.jpg,1928,1920,-8
39590.jpg,1928,1920,-8
39595.jpg,1928,1920,-8
39600.jpg,1928,1960,32
39605.jpg,1928,2015,87
39610.jpg,1928,2005,77
39615.jpg,1928,2010,82
39620.jpg,1928,1920,-8
39625.jpg,1928,1920,-8
39630.jpg,1928,1920,-8
39635.jpg,1928,1930,2
39640.jpg,1928,1920,-8
39645.jpg,1928,1920,-8
39650.jpg,1928,1930,2
39655.jpg,1928,1920,-8
39660.jpg,1928,1930,2
39665.jpg,1928,1930,2
39670.jpg,1928,1920,-8
39675.jpg,1928,1930,2
39680.jpg,1928,1920,-8
39685.jpg,1928,1930,2
39690.jpg,1928,1920,-8
39695.jpg,1928,1925,-3
39700.jpg,1928,1925,-3
39705.jpg,1928,1930,2
39710.jpg,1928,1925,-3
39715.jpg,1928,1930,2
39720.jpg,1928,1930,2
39725.jpg,1928,1920,-8
39730.jpg,1928,1920,-8
39735.jpg,1928,1920,-8
39740.jpg,1928,1950,22
39745.jpg,1928,1930,2
39750.jpg,1928,1950,22
39755.jpg,1928,1825,-103
39760.jpg,1928,1920,-8
39765.jpg,1928,1900,-28
39770.jpg,1928,1800,-128
39775.jpg,1928,1920,-8
39780.jpg,1928,1950,22
39785.jpg,1928,1920,-8
39790.jpg,1928,1920,-8
39795.jpg,1928,1930,2
39800.jpg,1928,1920,-8
39805.jpg,1928,1920,-8
39810.jpg,1928,1950,22
39815.jpg,1928,1920,-8
39820.jpg,1928,1920,-8
39825.jpg,1928,1920,-8
39830.jpg,1928,1950,22
39835.jpg,1928,1930,2
39840.jpg,1928,1920,-8
39845.jpg,1928,1920,-8
39850.jpg,1928,1950,22
39855.jpg,1928,1920,-8
39860.jpg,1928,1920,-8
39865.jpg,1928,1850,-78
39870.jpg,1928,1700,-228
39875.jpg,1928,1920,-8
39880.jpg,1928,1930,2
39885.jpg,1928,1920,-8
39890.jpg,1928,1920,-8
39895.jpg,1928,1920,-8
39900.jpg,1928,2010,82
39905.jpg,1928,1900,-28
39910.jpg,1928,1920,-8
39915.jpg,1928,1850,-78
39920.jpg,1928,1920,-8
39925.jpg,1928,1930,2
39930.jpg,1928,1921,-7
39935.jpg,1928,1930,2
39940.jpg,1928,1930,2
39945.jpg,1928,1950,22
39950.jpg,1928,1920,-8
39955.jpg,1928,1890,-38
39960.jpg,1928,1920,-8
39965.jpg,1928,1930,2
39970.jpg,1928,1905,-23
39975.jpg,1928,1900,-28
39980.jpg,1928,1970,42
39985.jpg,1928,1930,2
39990.jpg,1928,1930,2
39995.jpg,1928,1930,2
40000.jpg,1928,1950,22
40010.jpg,1928,2010,82
40015.jpg,1928,1950,22
40020.jpg,1928,1920,-8
40025.jpg,1928,1930,2
40030.jpg,1928,1920,-8
40035.jpg,1928,1920,-8
40040.jpg,1928,1920,-8
40045.jpg,1929,1920,-9
40050.jpg,1929,1930,1
40055.jpg,1929,1927,-2
40060.jpg,1929,1920,-9
40065.jpg,1929,1920,-9
40070.jpg,1929,1923,-6
40075.jpg,1929,1920,-9
40080.jpg,1929,1900,-29
40095.jpg,1929,1930,1
40105.jpg,1929,1920,-9
40110.jpg,1929,1950,21
40115.jpg,1929,1920,-9
40120.jpg,1929,1900,-29
40125.jpg,1929,1950,21
40130.jpg,1929,1920,-9
40135.jpg,1929,1920,-9
40140.jpg,1929,1930,1
40145.jpg,1929,1930,1
40150.jpg,1929,1930,1
40155.jpg,1929,1920,-9
40160.jpg,1929,1930,1
40165.jpg,1929,1930,1
40170.jpg,1929,1928,-1
40175.jpg,1929,1928,-1
40180.jpg,1929,1930,1
40185.jpg,1929,1930,1
40190.jpg,1929,1890,-39
40195.jpg,1929,1928,-1
40200.jpg,1929,1929,0
40205.jpg,1929,1921,-8
40210.jpg,1929,1925,-4
40215.jpg,1929,1930,1
40220.jpg,1929,1930,1
40225.jpg,1929,1920,-9
40230.jpg,1929,1920,-9
40235.jpg,1929,1950,21
40240.jpg,1929,2010,81
40245.jpg,1929,2010,81
40250.jpg,1929,2010,81
40255.jpg,1929,1920,-9
40260.jpg,1929,1920,-9
40265.jpg,1929,2010,81
40270.jpg,1929,1925,-4
40275.jpg,1929,1950,21
40280.jpg,1929,1957,28
40285.jpg,1929,1920,-9
40290.jpg,1929,1872,-57
40295.jpg,1929,1920,-9
40305.jpg,1929,1920,-9
40310.jpg,1929,1920,-9
40315.jpg,1929,1920,-9
40320.jpg,1929,1920,-9
40325.jpg,1929,1920,-9
40330.jpg,1929,1920,-9
40335.jpg,1929,1800,-129
40340.jpg,1929,1920,-9
40345.jpg,1929,1950,21
40350.jpg,1929,1890,-39
40355.jpg,1929,1920,-9
40360.jpg,1929,1920,-9
40365.jpg,1929,1930,1
40370.jpg,1929,1920,-9
40375.jpg,1929,1920,-9
40380.jpg,1929,1900,-29
40385.jpg,1929,1950,21
40390.jpg,1929,1920,-9
40395.jpg,1929,1950,21
40400.jpg,1929,1920,-9
40405.jpg,1929,1920,-9
40410.jpg,1929,1920,-9
40415.jpg,1929,1920,-9
40420.jpg,1929,1920,-9
40425.jpg,1929,1920,-9
40430.jpg,1929,1900,-29
40435.jpg,1929,1930,1
40440.jpg,1929,1920,-9
40450.jpg,1929,1920,-9
40455.jpg,1929,1950,21
40460.jpg,1929,1950,21
40465.jpg,1929,1930,1
40470.jpg,1929,1928,-1
40475.jpg,1929,1920,-9
40480.jpg,1929,1950,21
40485.jpg,1929,1920,-9
40490.jpg,1929,1920,-9
40495.jpg,1929,1930,1
40500.jpg,1929,1930,1
40505.jpg,1929,1960,31
40510.jpg,1929,1920,-9
40515.jpg,1929,1920,-9
40520.jpg,1929,1920,-9
40525.jpg,1929,1850,-79
40530.jpg,1929,1920,-9
40535.jpg,1929,1930,1
40540.jpg,1930,1920,-10
40545.jpg,1930,2010,80
40550.jpg,1930,1950,20
40555.jpg,1930,1930,0
40560.jpg,1930,2010,80
40565.jpg,1930,2010,80
40570.jpg,1930,1950,20
40575.jpg,1930,1950,20
40580.jpg,1930,1920,-10
40585.jpg,1930,1920,-10
40590.jpg,1930,1930,0
40595.jpg,1930,1920,-10
40600.jpg,1930,1920,-10
40605.jpg,1930,1930,0
40610.jpg,1930,1850,-80
40615.jpg,1930,1920,-10
40620.jpg,1930,1920,-10
40625.jpg,1930,1930,0
40630.jpg,1930,1930,0
40635.jpg,1930,1920,-10
40640.jpg,1930,1920,-10
40645.jpg,1930,1950,20
40650.jpg,1930,1930,0
40655.jpg,1930,1930,0
40660.jpg,1930,1850,-80
40665.jpg,1930,1927,-3
40670.jpg,1930,1950,20
40675.jpg,1930,1850,-80
40680.jpg,1930,1850,-80
40685.jpg,1930,1920,-10
40690.jpg,1930,1950,20
40695.jpg,1930,1920,-10
40700.jpg,1930,1920,-10
40705.jpg,1930,1930,0
40710.jpg,1930,1826,-104
40715.jpg,1930,1920,-10
40720.jpg,1930,1920,-10
40725.jpg,1930,1930,0
40730.jpg,1930,1950,20
40735.jpg,1930,1920,-10
40740.jpg,1930,1920,-10
40745.jpg,1930,1920,-10
40750.jpg,1930,1750,-180
40755.jpg,1930,1920,-10
40760.jpg,1930,1928,-2
40765.jpg,1930,1920,-10
40770.jpg,1930,1920,-10
40775.jpg,1930,1850,-80
40780.jpg,1930,2010,80
40785.jpg,1930,1950,20
40790.jpg,1930,1930,0
40795.jpg,1930,1930,0
40800.jpg,1930,1920,-10
40805.jpg,1930,1920,-10
40810.jpg,1930,1920,-10
40815.jpg,1930,1920,-10
40820.jpg,1930,1930,0
40825.jpg,1930,1925,-5
40830.jpg,1930,1930,0
40835.jpg,1930,1930,0
40840.jpg,1930,1920,-10
40845.jpg,1930,1930,0
40850.jpg,1930,1929,-1
40855.jpg,1930,1925,-5
40860.jpg,1930,1930,0
40865.jpg,1930,1920,-10
40870.jpg,1930,1930,0
40875.jpg,1930,1920,-10
40885.jpg,1930,1930,0
40890.jpg,1930,1920,-10
40895.jpg,1930,1920,-10
40900.jpg,1930,1924,-6
40905.jpg,1930,1930,0
40910.jpg,1930,2010,80
40915.jpg,1930,1930,0
40920.jpg,1930,1920,-10
40925.jpg,1930,1930,0
40930.jpg,1930,1920,-10
40935.jpg,1930,1930,0
40940.jpg,1930,1920,-10
40950.jpg,1930,1920,-10
40960.jpg,1930,1930,0
40965.jpg,1931,1980,49
40970.jpg,1931,1950,19
40975.jpg,1931,1950,19
40980.jpg,1931,1920,-11
40985.jpg,1931,1921,-10
40990.jpg,1931,1930,-1
40995.jpg,1931,1940,9
41000.jpg,1931,1920,-11
41005.jpg,1931,1920,-11
41010.jpg,1931,2005,74
41015.jpg,1931,1950,19
41020.jpg,1931,1930,-1
41025.jpg,1931,1932,1
41030.jpg,1931,2000,69
41035.jpg,1931,1920,-11
41040.jpg,1931,1930,-1
41045.jpg,1931,1920,-11
41050.jpg,1931,1920,-11
41055.jpg,1931,1930,-1
41060.jpg,1931,1950,19
41065.jpg,1931,1920,-11
41070.jpg,1931,1930,-1
41075.jpg,1931,1930,-1
41080.jpg,1931,1930,-1
41085.jpg,1931,1930,-1
41095.jpg,1931,1930,-1
41100.jpg,1931,1920,-11
41105.jpg,1931,1930,-1
41110.jpg,1931,1930,-1
41115.jpg,1931,1920,-11
41120.jpg,1931,1930,-1
41125.jpg,1931,1930,-1
41130.jpg,1931,2010,79
41135.jpg,1931,1930,-1
41140.jpg,1931,1950,19
41150.jpg,1931,1930,-1
41155.jpg,1931,1800,-131
41160.jpg,1931,1950,19
41165.jpg,1931,1900,-31
41170.jpg,1931,2010,79
41175.jpg,1931,1906,-25
41180.jpg,1931,1930,-1
41185.jpg,1931,1920,-11
41190.jpg,1931,1920,-11
41195.jpg,1931,1920,-11
41200.jpg,1931,1920,-11
41205.jpg,1931,1920,-11
41210.jpg,1931,1950,19
41215.jpg,1931,1920,-11
41220.jpg,1931,1850,-81
41225.jpg,1931,1920,-11
41230.jpg,1931,1923,-8
41235.jpg,1931,2010,79
41240.jpg,1931,1900,-31
41245.jpg,1931,1900,-31
41250.jpg,1931,1950,19
41255.jpg,1931,1935,4
41260.jpg,1931,1920,-11
41265.jpg,1931,1930,-1
41270.jpg,1931,1920,-11
41275.jpg,1931,1930,-1
41280.jpg,1931,1930,-1
41285.jpg,1931,1950,19
41290.jpg,1931,1930,-1
41295.jpg,1931,1936,5
41305.jpg,1931,1920,-11
41310.jpg,1932,1930,-2
41320.jpg,1932,1932,0
41325.jpg,1932,1790,-142
41330.jpg,1932,1930,-2
41340.jpg,1932,1980,48
41345.jpg,1932,1920,-12
41350.jpg,1932,1950,18
41355.jpg,1932,1930,-2
41360.jpg,1932,1950,18
41365.jpg,1932,1920,-12
41370.jpg,1932,1931,-1
41375.jpg,1932,1960,28
41380.jpg,1932,1925,-7
41385.jpg,1932,1929,-3
41390.jpg,1932,1950,18
41395.jpg,1932,1930,-2
41400.jpg,1932,1950,18
41405.jpg,1932,1937,5
41410.jpg,1932,1920,-12
41415.jpg,1932,1932,0
41420.jpg,1932,1950,18
41425.jpg,1932,1900,-32
41430.jpg,1932,1950,18
41435.jpg,1932,1920,-12
41440.jpg,1932,1850,-82
41445.jpg,1932,1930,-2
41450.jpg,1932,1980,48
41455.jpg,1932,1750,-182
41460.jpg,1932,1850,-82
41465.jpg,1932,1950,18
41470.jpg,1932,1950,18
41475.jpg,1932,1920,-12
41480.jpg,1932,1930,-2
41485.jpg,1932,1930,-2
41490.jpg,1932,1930,-2
41495.jpg,1932,1930,-2
41500.jpg,1932,2003,71
41505.jpg,1932,1950,18
41510.jpg,1932,1950,18
41515.jpg,1932,1930,-2
41520.jpg,1932,1930,-2
41525.jpg,1932,1920,-12
41530.jpg,1932,1920,-12
41535.jpg,1932,1950,18
41540.jpg,1932,1970,38
41545.jpg,1932,1930,-2
41550.jpg,1932,2005,73
41555.jpg,1932,1927,-5
41560.jpg,1932,1850,-82
41565.jpg,1932,1930,-2
41570.jpg,1933,2000,67
41575.jpg,1933,1900,-33
41580.jpg,1933,1850,-83
41585.jpg,1933,1980,47
41590.jpg,1933,1980,47
41595.jpg,1933,1930,-3
41600.jpg,1933,1850,-83
41605.jpg,1933,1925,-8
41610.jpg,1933,1970,37
41615.jpg,1933,1932,-1
41620.jpg,1933,2010,77
41625.jpg,1933,1950,17
41630.jpg,1933,1937,4
41635.jpg,1933,1930,-3
41640.jpg,1933,1750,-183
41645.jpg,1933,1850,-83
41650.jpg,1933,1900,-33
41655.jpg,1933,1920,-13
41660.jpg,1933,1930,-3
41665.jpg,1933,1930,-3
41670.jpg,1933,1930,-3
41675.jpg,1933,1930,-3
41680.jpg,1933,1950,17
41685.jpg,1933,1890,-43
41690.jpg,1933,1930,-3
41695.jpg,1933,1930,-3
41700.jpg,1933,1920,-13
41705.jpg,1933,1930,-3
41710.jpg,1933,1930,-3
41715.jpg,1933,1850,-83
41720.jpg,1933,1920,-13
41725.jpg,1933,1930,-3
41730.jpg,1933,1926,-7
41745.jpg,1933,1850,-83
41750.jpg,1933,1930,-3
41755.jpg,1933,1950,17
41760.jpg,1933,2010,77
41765.jpg,1933,1930,-3
41770.jpg,1933,1750,-183
41775.jpg,1933,1930,-3
41780.jpg,1933,1850,-83
41785.jpg,1933,1850,-83
41790.jpg,1933,1950,17
41795.jpg,1933,2010,77
41800.jpg,1933,1950,17
41805.jpg,1933,1940,7
41810.jpg,1933,1930,-3
41815.jpg,1933,1920,-13
41820.jpg,1933,1930,-3
41825.jpg,1933,1920,-13
41830.jpg,1933,1930,-3
41835.jpg,1934,1900,-34
41840.jpg,1934,1936,2
41845.jpg,1934,1960,26
41850.jpg,1934,1950,16
41855.jpg,1934,1960,26
41860.jpg,1934,2010,76
41865.jpg,1934,2010,76
41870.jpg,1934,2010,76
41875.jpg,1934,1930,-4
41880.jpg,1934,1950,16
41885.jpg,1934,1920,-14
41890.jpg,1934,1930,-4
41895.jpg,1934,2010,76
41900.jpg,1934,1930,-4
41905.jpg,1934,1930,-4
41910.jpg,1934,1930,-4
41915.jpg,1934,1930,-4
41920.jpg,1934,1950,16
41925.jpg,1934,1830,-104
41930.jpg,1934,1930,-4
41935.jpg,1934,1980,46
41940.jpg,1934,1920,-14
41945.jpg,1934,1920,-14
41950.jpg,1934,1950,16
41955.jpg,1934,1920,-14
41960.jpg,1934,1950,16
41965.jpg,1934,2010,76
41970.jpg,1934,1732,-202
41975.jpg,1934,2004,70
41980.jpg,1934,1930,-4
41985.jpg,1934,1920,-14
41990.jpg,1934,1930,-4
41995.jpg,1934,1920,-14
42000.jpg,1934,1930,-4
42005.jpg,1934,1920,-14
42010.jpg,1935,1950,15
42015.jpg,1935,1920,-15
42020.jpg,1935,1940,5
42025.jpg,1935,1786,-149
42035.jpg,1935,2010,75
42040.jpg,1935,2010,75
42045.jpg,1935,1930,-5
42050.jpg,1935,1930,-5
42060.jpg,1935,1930,-5
42065.jpg,1935,1970,35
42070.jpg,1935,1930,-5
42075.jpg,1935,1930,-5
42080.jpg,1935,1930,-5
42085.jpg,1935,1890,-45
42090.jpg,1935,1930,-5
42095.jpg,1935,1850,-85
42100.jpg,1935,1930,-5
42105.jpg,1935,1930,-5
42110.jpg,1935,1950,15
42115.jpg,1935,1890,-45
42120.jpg,1935,1930,-5
42125.jpg,1935,1850,-85
42130.jpg,1935,1920,-15
42135.jpg,1935,1950,15
42140.jpg,1935,1950,15
42145.jpg,1935,1750,-185
42150.jpg,1935,1850,-85
42155.jpg,1935,1800,-135
42160.jpg,1935,1920,-15
42165.jpg,1935,1930,-5
42170.jpg,1935,1920,-15
42175.jpg,1935,2010,75
42180.jpg,1935,1980,45
42185.jpg,1935,1960,25
42190.jpg,1935,1950,15
42195.jpg,1935,1960,25
42200.jpg,1935,2010,75
42205.jpg,1935,1920,-15
42210.jpg,1935,1930,-5
42215.jpg,1935,1900,-35
42220.jpg,1935,1950,15
42225.jpg,1935,1930,-5
42230.jpg,1935,1937,2
42235.jpg,1935,1930,-5
42240.jpg,1935,1920,-15
42250.jpg,1935,1950,15
42255.jpg,1935,2010,75
42260.jpg,1935,1950,15
42265.jpg,1935,1930,-5
42270.jpg,1935,1948,13
42275.jpg,1935,1980,45
42280.jpg,1935,1950,15
42285.jpg,1935,1950,15
42290.jpg,1935,1950,15
42295.jpg,1936,1920,-16
42300.jpg,1936,2010,74
42305.jpg,1936,1950,14
42310.jpg,1936,1950,14
42315.jpg,1936,1932,-4
42320.jpg,1936,1980,44
42325.jpg,1936,1950,14
42330.jpg,1936,2010,74
42335.jpg,1936,1976,40
42340.jpg,1936,1950,14
42345.jpg,1936,1930,-6
42350.jpg,1936,1950,14
42355.jpg,1936,1950,14
42360.jpg,1936,2010,74
42365.jpg,1936,1959,23
42370.jpg,1936,1920,-16
42375.jpg,1936,1920,-16
42380.jpg,1936,1950,14
42385.jpg,1936,1930,-6
42390.jpg,1936,2015,79
42395.jpg,1936,1940,4
42400.jpg,1936,1960,24
42405.jpg,1936,1850,-86
42410.jpg,1936,1974,38
42415.jpg,1936,1960,24
42420.jpg,1936,1932,-4
42425.jpg,1936,1907,-29
42430.jpg,1936,1950,14
42435.jpg,1936,1930,-6
42440.jpg,1936,1930,-6
42445.jpg,1936,1920,-16
42450.jpg,1936,1920,-16
42455.jpg,1936,1950,14
42460.jpg,1936,1930,-6
42465.jpg,1936,1950,14
42470.jpg,1936,1950,14
42475.jpg,1936,1930,-6
42480.jpg,1936,1850,-86
42485.jpg,1936,1960,24
42490.jpg,1936,1930,-6
42495.jpg,1936,1930,-6
42500.jpg,1936,1930,-6
42505.jpg,1936,1950,14
42510.jpg,1936,1950,14
42515.jpg,1936,1950,14
42520.jpg,1936,1950,14
42525.jpg,1936,1920,-16
42530.jpg,1936,1980,44
42535.jpg,1936,1950,14
42540.jpg,1936,1882,-54
42545.jpg,1936,1950,14
42550.jpg,1936,1930,-6
42555.jpg,1936,1600,-336
42560.jpg,1936,1950,14
42565.jpg,1936,1840,-96
42570.jpg,1936,1930,-6
42575.jpg,1936,1950,14
42585.jpg,1936,1950,14
42595.jpg,1936,1930,-6
42600.jpg,1936,1936,0
42610.jpg,1937,1925,-12
42615.jpg,1937,1930,-7
42620.jpg,1937,1930,-7
42625.jpg,1937,1920,-17
42630.jpg,1937,2010,73
42635.jpg,1937,1950,13
42640.jpg,1937,2010,73
42645.jpg,1937,2010,73
42650.jpg,1937,1930,-7
42655.jpg,1937,2010,73
42660.jpg,1937,1930,-7
42665.jpg,1937,1900,-37
42670.jpg,1937,1850,-87
42675.jpg,1937,1950,13
42680.jpg,1937,1950,13
42685.jpg,1937,1950,13
42690.jpg,1937,1950,13
42695.jpg,1937,2010,73
42700.jpg,1937,1930,-7
42705.jpg,1937,1930,-7
42710.jpg,1937,1930,-7
42715.jpg,1937,1970,33
42720.jpg,1937,1920,-17
42725.jpg,1937,1920,-17
42730.jpg,1937,1950,13
42735.jpg,1937,1950,13
42740.jpg,1937,1937,0
42745.jpg,1937,1930,-7
42750.jpg,1937,1960,23
42755.jpg,1937,1940,3
42765.jpg,1937,1950,13
42770.jpg,1937,1980,43
42775.jpg,1937,1930,-7
42780.jpg,1937,1920,-17
42785.jpg,1937,1950,13
42790.jpg,1937,1920,-17
42795.jpg,1937,1930,-7
42800.jpg,1937,1920,-17
42805.jpg,1937,1950,13
42810.jpg,1937,1850,-87
42815.jpg,1937,1920,-17
42820.jpg,1937,2000,63
42825.jpg,1937,1890,-47
42830.jpg,1937,1930,-7
42835.jpg,1937,1950,13
42840.jpg,1937,1950,13
42845.jpg,1937,1930,-7
42850.jpg,1937,1954,17
42855.jpg,1937,1930,-7
42860.jpg,1937,1920,-17
42865.jpg,1937,1950,13
42870.jpg,1937,1970,33
42875.jpg,1937,1950,13
42880.jpg,1937,1920,-17
42885.jpg,1937,1950,13
42890.jpg,1937,1950,13
42895.jpg,1937,1920,-17
42900.jpg,1937,1960,23
42905.jpg,1937,1950,13
42910.jpg,1937,1930,-7
42915.jpg,1938,1950,12
42920.jpg,1938,1950,12
42925.jpg,1938,1919,-19
42930.jpg,1938,1930,-8
42935.jpg,1938,1920,-18
42940.jpg,1938,2010,72
42945.jpg,1938,2010,72
42950.jpg,1938,1930,-8
42955.jpg,1938,2010,72
42960.jpg,1938,1950,12
42965.jpg,1938,1950,12
42970.jpg,1938,1950,12
42975.jpg,1938,1920,-18
42980.jpg,1938,1920,-18
42985.jpg,1938,1920,-18
42990.jpg,1938,1950,12
42995.jpg,1938,1920,-18
43000.jpg,1938,1950,12
43005.jpg,1938,1950,12
43010.jpg,1938,1900,-38
43015.jpg,1938,1920,-18
43020.jpg,1938,1900,-38
43025.jpg,1938,1952,14
43030.jpg,1938,1920,-18
43035.jpg,1938,1850,-88
43040.jpg,1938,1930,-8
43045.jpg,1938,1926,-12
43050.jpg,1938,1920,-18
43055.jpg,1938,1950,12
43060.jpg,1938,1950,12
43065.jpg,1938,1930,-8
43070.jpg,1938,1980,42
43075.jpg,1938,2005,67
43080.jpg,1938,1950,12
43085.jpg,1938,1920,-18
43090.jpg,1938,1960,22
43095.jpg,1938,1920,-18
43100.jpg,1938,1970,32
43105.jpg,1938,1960,22
43110.jpg,1938,1930,-8
43115.jpg,1938,1932,-6
43120.jpg,1938,1930,-8
43125.jpg,1938,1936,-2
43130.jpg,1938,1930,-8
43135.jpg,1938,1950,12
43140.jpg,1938,2010,72
43145.jpg,1938,1920,-18
43150.jpg,1938,1856,-82
43155.jpg,1938,1980,42
43160.jpg,1938,1930,-8
43165.jpg,1938,1930,-8
43170.jpg,1938,1938,0
43175.jpg,1938,1936,-2
43185.jpg,1938,1938,0
43190.jpg,1938,1930,-8
43195.jpg,1938,1930,-8
43200.jpg,1938,1980,42
43210.jpg,1939,1930,-9
43215.jpg,1939,1950,11
43220.jpg,1939,1920,-19
43225.jpg,1939,1850,-89
43235.jpg,1939,2010,71
43245.jpg,1939,2010,71
43250.jpg,1939,2010,71
43255.jpg,1939,1990,51
43260.jpg,1939,1960,21
43270.jpg,1939,1920,-19
43275.jpg,1939,1920,-19
43280.jpg,1939,1850,-89
43285.jpg,1939,1950,11
43290.jpg,1939,1930,-9
43295.jpg,1939,1950,11
43300.jpg,1939,1970,31
43305.jpg,1939,1960,21
43310.jpg,1939,1950,11
43315.jpg,1939,1920,-19
43320.jpg,1939,1950,11
43325.jpg,1939,1930,-9
43330.jpg,1939,2000,61
43335.jpg,1939,1960,21
43340.jpg,1939,1980,41
43345.jpg,1939,1850,-89
43350.jpg,1939,1980,41
43360.jpg,1939,1920,-19
43365.jpg,1939,1850,-89
43370.jpg,1939,1920,-19
43375.jpg,1939,1920,-19
43380.jpg,1939,1960,21
43385.jpg,1939,1930,-9
43390.jpg,1939,1950,11
43395.jpg,1939,1950,11
43400.jpg,1939,2010,71
43405.jpg,1939,2015,76
43410.jpg,1939,1950,11
43415.jpg,1939,1930,-9
43420.jpg,1939,1920,-19
43425.jpg,1939,1930,-9
43430.jpg,1939,1850,-89
43435.jpg,1939,1930,-9
43440.jpg,1939,1920,-19
43445.jpg,1939,1950,11
43450.jpg,1939,1950,11
43455.jpg,1939,1950,11
43460.jpg,1939,1930,-9
43465.jpg,1939,1920,-19
43470.jpg,1940,1930,-10
43475.jpg,1940,1940,0
43480.jpg,1940,1920,-20
43485.jpg,1940,1930,-10
43490.jpg,1940,1930,-10
43495.jpg,1940,1930,-10
43500.jpg,1940,1950,10
43505.jpg,1940,2015,75
43510.jpg,1940,1950,10
43515.jpg,1940,2010,70
43520.jpg,1940,1950,10
43525.jpg,1940,1850,-90
43530.jpg,1940,1950,10
43535.jpg,1940,1920,-20
43540.jpg,1940,1950,10
43545.jpg,1940,1950,10
43550.jpg,1940,1930,-10
43555.jpg,1940,1950,10
43560.jpg,1940,1950,10
43565.jpg,1940,1950,10
43570.jpg,1940,1950,10
43575.jpg,1940,1960,20
43580.jpg,1940,1920,-20
43585.jpg,1940,1950,10
43590.jpg,1940,1930,-10
43595.jpg,1940,1980,40
43600.jpg,1940,1930,-10
43605.jpg,1940,1930,-10
43610.jpg,1940,1890,-50
43615.jpg,1940,1850,-90
43620.jpg,1940,1950,10
43625.jpg,1940,1850,-90
43630.jpg,1940,1937,-3
43635.jpg,1940,1940,0
43640.jpg,1940,1930,-10
43645.jpg,1940,1950,10
43650.jpg,1940,1950,10
43655.jpg,1940,1950,10
43660.jpg,1940,1950,10
43665.jpg,1940,1950,10
43670.jpg,1940,1950,10
43675.jpg,1940,1950,10
43680.jpg,1940,1930,-10
43685.jpg,1940,1950,10
43700.jpg,1940,1900,-40
43705.jpg,1940,1930,-10
43710.jpg,1940,1920,-20
43715.jpg,1940,1950,10
43720.jpg,1941,1950,9
43725.jpg,1941,1950,9
43730.jpg,1941,2010,69
43735.jpg,1941,2010,69
43740.jpg,1941,2010,69
43745.jpg,1941,1920,-21
43750.jpg,1941,1930,-11
43755.jpg,1941,1920,-21
43760.jpg,1941,1920,-21
43765.jpg,1941,1850,-91
43770.jpg,1941,1920,-21
43775.jpg,1941,1950,9
43780.jpg,1941,1950,9
43785.jpg,1941,1950,9
43790.jpg,1941,1930,-11
43795.jpg,1941,2010,69
43800.jpg,1941,1890,-51
43805.jpg,1941,1850,-91
43810.jpg,1941,1950,9
43815.jpg,1941,1950,9
43820.jpg,1941,1930,-11
43825.jpg,1941,1980,39
43830.jpg,1941,2010,69
43835.jpg,1941,1970,29
43840.jpg,1941,2016,75
43845.jpg,1941,1932,-9
43850.jpg,1941,1950,9
43855.jpg,1941,1920,-21
43860.jpg,1941,1930,-11
43865.jpg,1942,1950,8
43870.jpg,1942,1930,-12
43875.jpg,1942,1950,8
43880.jpg,1942,1930,-12
43885.jpg,1942,2010,68
43890.jpg,1942,1950,8
43895.jpg,1942,1930,-12
43900.jpg,1942,1920,-22
43905.jpg,1942,1920,-22
43910.jpg,1942,1930,-12
43915.jpg,1942,1750,-192
43920.jpg,1942,1950,8
43925.jpg,1942,2010,68
43930.jpg,1942,1940,-2
43935.jpg,1942,1920,-22
43940.jpg,1942,1920,-22
43945.jpg,1942,1960,18
43950.jpg,1942,1920,-22
43955.jpg,1942,1920,-22
43960.jpg,1943,1950,7
43965.jpg,1943,1960,17
43970.jpg,1943,2010,67
43975.jpg,1943,1950,7
43980.jpg,1943,1943,0
43985.jpg,1943,1950,7
43990.jpg,1943,2010,67
43995.jpg,1943,1920,-23
44000.jpg,1943,1980,37
44005.jpg,1943,1980,37
44010.jpg,1943,2010,67
44015.jpg,1943,1950,7
44020.jpg,1943,1930,-13
44025.jpg,1943,1960,17
44030.jpg,1944,1950,6
44035.jpg,1944,1950,6
44040.jpg,1944,1970,26
44045.jpg,1944,1920,-24
44050.jpg,1944,1980,36
44055.jpg,1944,1930,-14
44060.jpg,1945,1850,-95
44065.jpg,1945,1950,5
44075.jpg,1945,1980,35
44080.jpg,1945,1930,-15
44090.jpg,1945,1920,-25
44095.jpg,1945,1950,5
44100.jpg,1945,2015,70
44105.jpg,1945,1950,5
44110.jpg,1945,1920,-25
44115.jpg,1946,1950,4
44120.jpg,1946,1980,34
44125.jpg,1946,1950,4
44130.jpg,1946,1970,24
44135.jpg,1946,1930,-16
44140.jpg,1946,1930,-16
44145.jpg,1946,1950,4
44150.jpg,1946,1950,4
44155.jpg,1946,1920,-26
44160.jpg,1946,2010,64
44165.jpg,1946,1950,4
44170.jpg,1946,1950,4
44175.jpg,1947,1950,3
44180.jpg,1947,1940,-7
44185.jpg,1947,1850,-97
44190.jpg,1947,2010,63
44195.jpg,1947,2010,63
44200.jpg,1947,1970,23
44205.jpg,1947,1950,3
44210.jpg,1947,1990,43
44215.jpg,1947,1950,3
44220.jpg,1947,1930,-17
44230.jpg,1947,1950,3
44240.jpg,1947,1950,3
44245.jpg,1947,1950,3
44250.jpg,1947,1950,3
44255.jpg,1947,2005,58
44260.jpg,1947,1920,-27
44270.jpg,1947,1950,3
44275.jpg,1947,1950,3
44280.jpg,1947,1950,3
44285.jpg,1948,1940,-8
44290.jpg,1948,2015,67
44295.jpg,1948,2010,62
44300.jpg,1948,1950,2
44305.jpg,1948,1980,32
44310.jpg,1948,2010,62
44315.jpg,1948,2010,62
44320.jpg,1948,1950,2
44325.jpg,1948,1950,2
44330.jpg,1948,1950,2
44335.jpg,1948,1920,-28
44340.jpg,1948,2010,62
44345.jpg,1948,1950,2
44350.jpg,1948,1930,-18
44355.jpg,1948,1950,2
44360.jpg,1948,1950,2
44365.jpg,1948,1950,2
44370.jpg,1948,1900,-48
44375.jpg,1948,1920,-28
44380.jpg,1948,1960,12
44385.jpg,1948,2010,62
44390.jpg,1948,1950,2
44395.jpg,1948,1930,-18
44400.jpg,1949,1832,-117
44405.jpg,1949,2010,61
44410.jpg,1949,1950,1
44415.jpg,1949,2010,61
44420.jpg,1949,2010,61
44425.jpg,1949,2000,51
44430.jpg,1949,1950,1
44435.jpg,1949,2010,61
44440.jpg,1949,1980,31
44445.jpg,1949,1970,21
44450.jpg,1949,1930,-19
44455.jpg,1949,1930,-19
44460.jpg,1949,1950,1
44465.jpg,1949,1937,-12
44470.jpg,1949,1980,31
44475.jpg,1949,1950,1
44480.jpg,1949,1960,11
44485.jpg,1949,1950,1
44490.jpg,1949,1950,1
44495.jpg,1949,1950,1
44500.jpg,1949,1950,1
44510.jpg,1949,1890,-59
44515.jpg,1949,1920,-29
44520.jpg,1949,2010,61
44525.jpg,1949,1930,-19
44530.jpg,1949,1950,1
44535.jpg,1949,1950,1
44540.jpg,1950,1980,30
44545.jpg,1950,2010,60
44550.jpg,1950,1950,0
44555.jpg,1950,1950,0
44560.jpg,1950,1980,30
44565.jpg,1950,2010,60
44570.jpg,1950,2010,60
44575.jpg,1950,1920,-30
44585.jpg,1950,1976,26
44590.jpg,1950,1980,30
44595.jpg,1950,2005,55
44600.jpg,1950,2005,55
44605.jpg,1950,1950,0
44610.jpg,1950,1950,0
44615.jpg,1950,1950,0
44620.jpg,1950,1960,10
44625.jpg,1950,1930,-20
44630.jpg,1950,1930,-20
44635.jpg,1950,1950,0
44640.jpg,1950,1950,0
44645.jpg,1950,1930,-20
44650.jpg,1950,1950,0
44655.jpg,1950,1950,0
44660.jpg,1950,1950,0
44665.jpg,1950,1950,0
44680.jpg,1950,1930,-20
44685.jpg,1950,1950,0
44690.jpg,1950,1960,10
44695.jpg,1950,1930,-20
44700.jpg,1950,1960,10
44705.jpg,1951,2010,59
44710.jpg,1951,1930,-21
44720.jpg,1951,1950,-1
44725.jpg,1951,2010,59
44730.jpg,1951,1980,29
44735.jpg,1951,1950,-1
44740.jpg,1951,1920,-31
44745.jpg,1951,1960,9
44750.jpg,1951,1960,9
44755.jpg,1951,1930,-21
44760.jpg,1951,1950,-1
44765.jpg,1951,1920,-31
44770.jpg,1951,1590,-361
44775.jpg,1951,1930,-21
44780.jpg,1951,1850,-101
44785.jpg,1951,1960,9
44790.jpg,1951,1970,19
44795.jpg,1951,2010,59
44800.jpg,1951,1950,-1
44810.jpg,1951,1920,-31
44815.jpg,1951,1950,-1
44820.jpg,1951,1930,-21
44825.jpg,1951,2010,59
44830.jpg,1951,1970,19
44840.jpg,1951,1950,-1
44845.jpg,1952,1980,28
44850.jpg,1952,1950,-2
44855.jpg,1952,2010,58
44860.jpg,1952,1950,-2
44865.jpg,1952,2010,58
44870.jpg,1952,2010,58
44875.jpg,1952,1960,8
44880.jpg,1952,1970,18
44885.jpg,1952,2010,58
44890.jpg,1952,1950,-2
44895.jpg,1952,1952,0
44900.jpg,1952,1950,-2
44905.jpg,1952,1950,-2
44910.jpg,1952,2000,48
44915.jpg,1952,1960,8
44920.jpg,1952,1950,-2
44925.jpg,1952,1970,18
44930.jpg,1952,2010,58
44940.jpg,1952,1950,-2
44945.jpg,1952,2005,53
44950.jpg,1952,1960,8
44955.jpg,1952,2010,58
44960.jpg,1953,1950,-3
44965.jpg,1953,2010,57
44970.jpg,1953,2010,57
44980.jpg,1953,1930,-23
44985.jpg,1953,2010,57
44990.jpg,1953,2010,57
44995.jpg,1953,1950,-3
45000.jpg,1953,2010,57
45005.jpg,1953,1930,-23
45010.jpg,1953,1920,-33
45015.jpg,1953,1960,7
45020.jpg,1953,1960,7
45025.jpg,1953,1930,-23
45030.jpg,1953,1950,-3
45035.jpg,1953,1950,-3
45040.jpg,1953,1950,-3
45045.jpg,1953,1900,-53
45050.jpg,1953,1950,-3
45055.jpg,1953,1950,-3
45060.jpg,1953,1930,-23
45065.jpg,1953,1960,7
45070.jpg,1953,1960,7
45075.jpg,1953,2010,57
45080.jpg,1953,1950,-3
45085.jpg,1953,2010,57
45090.jpg,1953,1950,-3
45095.jpg,1954,1950,-4
45100.jpg,1954,2010,56
45105.jpg,1954,1950,-4
45110.jpg,1954,1960,6
45115.jpg,1954,1950,-4
45120.jpg,1954,1970,16
45125.jpg,1954,2000,46
45130.jpg,1954,1980,26
45135.jpg,1954,1970,16
45140.jpg,1954,1972,18
45150.jpg,1954,1930,-24
45155.jpg,1954,1960,6
45160.jpg,1954,1970,16
45165.jpg,1954,1930,-24
45170.jpg,1954,1987,33
45175.jpg,1954,1920,-34
45180.jpg,1954,1980,26
45185.jpg,1954,1950,-4
45190.jpg,1954,1950,-4
45195.jpg,1954,1920,-34
45200.jpg,1954,1970,16
45205.jpg,1954,1925,-29
45210.jpg,1954,1920,-34
45215.jpg,1954,2005,51
45220.jpg,1954,1750,-204
45225.jpg,1954,1954,0
45230.jpg,1954,1960,6
45235.jpg,1955,1850,-105
45240.jpg,1955,2000,45
45245.jpg,1955,1970,15
45250.jpg,1955,1960,5
45255.jpg,1955,1960,5
45260.jpg,1955,2010,55
45265.jpg,1955,2010,55
45275.jpg,1955,1960,5
45280.jpg,1955,2010,55
45285.jpg,1955,1980,25
45290.jpg,1955,1960,5
45295.jpg,1955,2000,45
45300.jpg,1955,2019,64
45310.jpg,1955,2010,55
45315.jpg,1955,1957,2
45320.jpg,1955,1856,-99
45325.jpg,1955,2010,55
45330.jpg,1955,1950,-5
45335.jpg,1955,1950,-5
45345.jpg,1955,2010,55
45350.jpg,1955,1930,-25
45355.jpg,1955,1960,5
45360.jpg,1955,1896,-59
45365.jpg,1955,2010,55
45370.jpg,1955,1960,5
45375.jpg,1955,1920,-35
45385.jpg,1956,2010,54
45390.jpg,1956,1980,24
45395.jpg,1956,1980,24
45400.jpg,1956,2010,54
45405.jpg,1956,1962,6
45410.jpg,1956,1960,4
45415.jpg,1956,2010,54
45420.jpg,1956,1960,4
45430.jpg,1956,2010,54
45435.jpg,1956,1920,-36
45440.jpg,1956,1960,4
45445.jpg,1956,1960,4
45450.jpg,1956,1960,4
45455.jpg,1956,1980,24
45460.jpg,1956,1960,4
45465.jpg,1956,1900,-56
45470.jpg,1956,1936,-20
45475.jpg,1956,1950,-6
45480.jpg,1956,1930,-26
45485.jpg,1956,1960,4
45490.jpg,1956,1960,4
45495.jpg,1956,1850,-106
45500.jpg,1956,2010,54
45505.jpg,1956,2005,49
45510.jpg,1956,2010,54
45515.jpg,1956,2010,54
45520.jpg,1956,1980,24
45530.jpg,1957,1950,-7
45535.jpg,1957,1970,13
45540.jpg,1957,1980,23
45545.jpg,1957,2010,53
45550.jpg,1957,1990,33
45555.jpg,1957,1950,-7
45560.jpg,1957,1998,41
45565.jpg,1957,1960,3
45570.jpg,1957,1980,23
45575.jpg,1957,1920,-37
45585.jpg,1957,1920,-37
45590.jpg,1957,1970,13
45595.jpg,1957,1970,13
45605.jpg,1957,1980,23
45610.jpg,1957,1970,13
45615.jpg,1957,2010,53
45620.jpg,1957,1980,23
45630.jpg,1957,1930,-27
45635.jpg,1957,1950,-7
45640.jpg,1957,1950,-7
45645.jpg,1957,1850,-107
45650.jpg,1957,1960,3
45655.jpg,1957,1950,-7
45660.jpg,1957,1960,3
45665.jpg,1957,1920,-37
45675.jpg,1957,2010,53
45680.jpg,1957,1920,-37
45685.jpg,1957,2010,53
45695.jpg,1957,2010,53
45700.jpg,1958,1920,-38
45705.jpg,1958,2010,52
45715.jpg,1958,1980,22
45720.jpg,1958,2010,52
45730.jpg,1958,1960,2
45735.jpg,1958,2010,52
45740.jpg,1958,1950,-8
45745.jpg,1958,1940,-18
45750.jpg,1958,2010,52
45755.jpg,1958,1930,-28
45760.jpg,1958,1960,2
45765.jpg,1958,1960,2
45770.jpg,1958,1956,-2
45775.jpg,1958,1960,2
45780.jpg,1958,1950,-8
45785.jpg,1958,2010,52
45790.jpg,1958,1950,-8
45795.jpg,1958,1950,-8
45800.jpg,1958,1950,-8
45805.jpg,1958,1950,-8
45810.jpg,1958,1700,-258
45815.jpg,1958,2010,52
45820.jpg,1958,2005,47
45825.jpg,1958,1980,22
45830.jpg,1958,2010,52
45835.jpg,1958,1930,-28
45840.jpg,1958,1960,2
45845.jpg,1958,1960,2
45850.jpg,1958,1950,-8
45855.jpg,1959,2010,51
45860.jpg,1959,1850,-109
45870.jpg,1959,2010,51
45880.jpg,1959,1920,-39
45885.jpg,1959,1970,11
45890.jpg,1959,1930,-29
45895.jpg,1959,1959,0
45900.jpg,1959,1960,1
45905.jpg,1959,1950,-9
45910.jpg,1959,2010,51
45915.jpg,1959,1978,19
45925.jpg,1959,1950,-9
45930.jpg,1959,1960,1
45935.jpg,1959,1970,11
45940.jpg,1959,2000,41
45945.jpg,1959,2010,51
45950.jpg,1959,2010,51
45955.jpg,1959,1983,24
45960.jpg,1959,2010,51
45965.jpg,1959,1930,-29
45970.jpg,1959,2010,51
45975.jpg,1959,1960,1
45980.jpg,1959,1950,-9
45985.jpg,1959,1920,-39
45990.jpg,1960,1823,-137
45995.jpg,1960,2010,50
46000.jpg,1960,1975,15
46005.jpg,1960,2010,50
46015.jpg,1960,1960,0
46025.jpg,1960,2010,50
46030.jpg,1960,1960,0
46035.jpg,1960,1960,0
46040.jpg,1960,1960,0
46045.jpg,1960,1980,20
46050.jpg,1960,1930,-30
46055.jpg,1960,1900,-60
46060.jpg,1960,1960,0
46065.jpg,1960,1960,0
46070.jpg,1960,1965,5
46075.jpg,1960,2010,50
46080.jpg,1960,1964,4
46085.jpg,1960,1876,-84
46090.jpg,1960,1950,-10
46095.jpg,1960,1960,0
46100.jpg,1960,1960,0
46105.jpg,1960,1960,0
46110.jpg,1960,1980,20
46115.jpg,1960,2010,50
46120.jpg,1960,2010,50
46130.jpg,1960,1920,-40
46135.jpg,1960,1950,-10
46140.jpg,1960,1930,-30
46145.jpg,1960,1950,-10
46150.jpg,1960,1960,0
46155.jpg,1961,1920,-41
46160.jpg,1961,1960,-1
46170.jpg,1961,2018,57
46180.jpg,1961,1970,9
46185.jpg,1961,1970,9
46190.jpg,1961,1850,-111
46195.jpg,1961,2000,39
46200.jpg,1961,2000,39
46205.jpg,1961,1970,9
46210.jpg,1961,1960,-1
46215.jpg,1961,2010,49
46220.jpg,1961,2010,49
46225.jpg,1961,1960,-1
46230.jpg,1961,2010,49
46235.jpg,1961,1950,-11
46240.jpg,1961,2018,57
46245.jpg,1961,1960,-1
46250.jpg,1961,1950,-11
46255.jpg,1961,2010,49
46260.jpg,1961,1950,-11
46265.jpg,1961,1960,-1
46270.jpg,1961,1937,-24
46275.jpg,1961,1950,-11
46280.jpg,1961,1850,-111
46285.jpg,1961,2010,49
46290.jpg,1961,1980,19
46295.jpg,1961,2010,49
46305.jpg,1961,1960,-1
46310.jpg,1961,1960,-1
46315.jpg,1961,2010,49
46320.jpg,1962,1960,-2
46330.jpg,1962,1850,-112
46335.jpg,1962,2015,53
46340.jpg,1962,1962,0
46345.jpg,1962,2010,48
46350.jpg,1962,1970,8
46355.jpg,1962,1960,-2
46360.jpg,1962,2010,48
46365.jpg,1962,1960,-2
46370.jpg,1962,1950,-12
46375.jpg,1962,1960,-2
46380.jpg,1962,1960,-2
46385.jpg,1962,1960,-2
46390.jpg,1962,1953,-9
46395.jpg,1962,1930,-32
46400.jpg,1962,1980,18
46405.jpg,1962,1890,-72
46410.jpg,1962,1970,8
46415.jpg,1962,1890,-72
46420.jpg,1962,1980,18
46425.jpg,1962,1980,18
46430.jpg,1962,2010,48
46435.jpg,1962,1820,-142
46440.jpg,1962,1980,18
46445.jpg,1962,2010,48
46450.jpg,1962,1950,-12
46455.jpg,1962,1962,0
46460.jpg,1962,1970,8
46465.jpg,1963,1950,-13
46470.jpg,1963,1970,7
46475.jpg,1963,1962,-1
46480.jpg,1963,2010,47
46490.jpg,1963,2010,47
46495.jpg,1963,2010,47
46500.jpg,1963,1950,-13
46505.jpg,1963,2010,47
46510.jpg,1963,1960,-3
46515.jpg,1963,1980,17
46520.jpg,1963,1972,9
46525.jpg,1963,2010,47
46530.jpg,1963,1960,-3
46535.jpg,1963,1964,1
46540.jpg,1963,1920,-43
46545.jpg,1963,1950,-13
46550.jpg,1963,1960,-3
46555.jpg,1963,2010,47
46560.jpg,1963,1936,-27
46565.jpg,1963,1972,9
46570.jpg,1963,2010,47
46575.jpg,1963,1950,-13
46580.jpg,1963,2000,37
46585.jpg,1963,2010,47
46590.jpg,1963,1400,-563
46595.jpg,1963,1980,17
46600.jpg,1963,1980,17
46605.jpg,1963,2010,47
46615.jpg,1963,1930,-33
46620.jpg,1963,1950,-13
46625.jpg,1963,1970,7
46630.jpg,1963,1950,-13
46635.jpg,1964,1960,-4
46640.jpg,1964,2015,51
46645.jpg,1964,1960,-4
46650.jpg,1964,1960,-4
46655.jpg,1964,1980,16
46660.jpg,1964,1980,16
46665.jpg,1964,1960,-4
46670.jpg,1964,1970,6
46675.jpg,1964,2019,55
46680.jpg,1964,2010,46
46685.jpg,1964,2010,46
46690.jpg,1964,1970,6
46695.jpg,1964,1980,16
46700.jpg,1964,1970,6
46705.jpg,1964,2010,46
46710.jpg,1964,1960,-4
46715.jpg,1964,1960,-4
46720.jpg,1964,1960,-4
46725.jpg,1964,1960,-4
46730.jpg,1964,2000,36
46735.jpg,1964,1967,3
46740.jpg,1964,1964,0
46745.jpg,1964,1980,16
46750.jpg,1964,1930,-34
46755.jpg,1964,1960,-4
46760.jpg,1964,1830,-134
46765.jpg,1964,1986,22
46770.jpg,1964,1950,-14
46775.jpg,1964,1920,-44
46780.jpg,1964,2010,46
46785.jpg,1964,1980,16
46790.jpg,1964,2010,46
46795.jpg,1964,1970,6
46805.jpg,1964,1960,-4
46810.jpg,1964,1960,-4
46815.jpg,1964,2010,46
46820.jpg,1965,1970,5
46825.jpg,1965,2000,35
46830.jpg,1965,1968,3
46835.jpg,1965,2010,45
46840.jpg,1965,2010,45
46845.jpg,1965,1980,15
46850.jpg,1965,1960,-5
46860.jpg,1965,2010,45
46865.jpg,1965,1960,-5
46870.jpg,1965,2010,45
46875.jpg,1965,1970,5
46885.jpg,1965,1960,-5
46890.jpg,1965,2010,45
46895.jpg,1965,1960,-5
46900.jpg,1965,2010,45
46905.jpg,1965,1933,-32
46910.jpg,1965,1970,5
46915.jpg,1965,1980,15
46920.jpg,1965,2010,45
46930.jpg,1965,1950,-15
46935.jpg,1965,1960,-5
46940.jpg,1965,1930,-35
46945.jpg,1965,2010,45
46950.jpg,1965,2000,35
46955.jpg,1965,2010,45
46960.jpg,1965,1980,15
46965.jpg,1965,1980,15
46970.jpg,1965,1976,11
46990.jpg,1965,1970,5
46995.jpg,1965,1920,-45
47000.jpg,1965,1960,-5
47005.jpg,1966,1960,-6
47010.jpg,1966,1960,-6
47015.jpg,1966,1950,-16
47020.jpg,1966,1964,-2
47025.jpg,1966,2010,44
47030.jpg,1966,2010,44
47035.jpg,1966,2010,44
47040.jpg,1966,2019,53
47050.jpg,1966,2000,34
47055.jpg,1966,2010,44
47060.jpg,1966,2000,34
47065.jpg,1966,1920,-46
47070.jpg,1966,1960,-6
47075.jpg,1966,1960,-6
47080.jpg,1966,1960,-6
47085.jpg,1966,1970,4
47090.jpg,1966,1960,-6
47100.jpg,1966,1920,-46
47105.jpg,1966,1960,-6
47115.jpg,1966,1930,-36
47120.jpg,1966,1960,-6
47125.jpg,1966,1950,-16
47130.jpg,1966,1930,-36
47135.jpg,1966,1970,4
47140.jpg,1966,2010,44
47145.jpg,1966,1920,-46
47150.jpg,1966,1960,-6
47155.jpg,1966,1890,-76
47170.jpg,1966,2005,39
47175.jpg,1966,2010,44
47180.jpg,1966,2010,44
47185.jpg,1966,2015,49
47190.jpg,1966,1960,-6
47195.jpg,1966,2010,44
47200.jpg,1966,1970,4
47205.jpg,1966,1960,-6
47210.jpg,1966,1960,-6
47215.jpg,1966,1970,4
47220.jpg,1966,1965,-1
47225.jpg,1967,1980,13
47230.jpg,1967,1950,-17
47235.jpg,1967,1874,-93
47240.jpg,1967,1970,3
47245.jpg,1967,2010,43
47255.jpg,1967,2010,43
47265.jpg,1967,2010,43
47270.jpg,1967,2005,38
47275.jpg,1967,2010,43
47280.jpg,1967,2010,43
47285.jpg,1967,1970,3
47290.jpg,1967,1980,13
47295.jpg,1967,1955,-12
47300.jpg,1967,1900,-67
47305.jpg,1967,1820,-147
47310.jpg,1967,1970,3
47315.jpg,1967,1960,-7
47320.jpg,1967,1960,-7
47325.jpg,1967,1960,-7
47330.jpg,1967,1970,3
47335.jpg,1967,1960,-7
47340.jpg,1967,2010,43
47345.jpg,1967,1950,-17
47350.jpg,1967,1950,-17
47355.jpg,1967,1960,-7
47360.jpg,1967,1920,-47
47365.jpg,1967,1950,-17
47370.jpg,1967,1920,-47
47375.jpg,1967,1920,-47
47380.jpg,1967,1980,13
47385.jpg,1967,2010,43
47395.jpg,1967,2010,43
47400.jpg,1967,2010,43
47405.jpg,1967,1980,13
47410.jpg,1967,2010,43
47420.jpg,1967,1980,13
47425.jpg,1967,2000,33
47430.jpg,1967,2010,43
47435.jpg,1967,1960,-7
47440.jpg,1967,1970,3
47445.jpg,1967,2010,43
47450.jpg,1968,1970,2
47455.jpg,1968,1960,-8
47460.jpg,1968,1970,2
47465.jpg,1968,2010,42
47470.jpg,1968,1960,-8
47475.jpg,1968,1970,2
47480.jpg,1968,2010,42
47485.jpg,1968,1960,-8
47490.jpg,1968,2010,42
47495.jpg,1968,1968,0
47500.jpg,1968,2010,42
47505.jpg,1968,1972,4
47515.jpg,1968,1950,-18
47520.jpg,1968,2010,42
47525.jpg,1968,1950,-18
47530.jpg,1968,1970,2
47535.jpg,1968,1960,-8
47540.jpg,1968,1960,-8
47545.jpg,1968,1960,-8
47550.jpg,1968,1960,-8
47555.jpg,1968,1963,-5
47560.jpg,1968,1985,17
47565.jpg,1968,1950,-18
47570.jpg,1968,1960,-8
47575.jpg,1968,1860,-108
47580.jpg,1968,2010,42
47585.jpg,1968,1850,-118
47590.jpg,1968,2012,44
47595.jpg,1968,1980,12
47600.jpg,1968,2010,42
47610.jpg,1968,2010,42
47620.jpg,1968,1960,-8
47625.jpg,1968,1960,-8
47630.jpg,1968,1970,2
47635.jpg,1968,1960,-8
47640.jpg,1968,1970,2
47645.jpg,1968,1960,-8
47650.jpg,1969,1970,1
47655.jpg,1969,1970,1
47660.jpg,1969,1970,1
47665.jpg,1969,1960,-9
47670.jpg,1969,1980,11
47675.jpg,1969,1950,-19
47680.jpg,1969,1980,11
47685.jpg,1969,1960,-9
47690.jpg,1969,1960,-9
47695.jpg,1969,1950,-19
47700.jpg,1969,2010,41
47710.jpg,1969,1970,1
47715.jpg,1969,1920,-49
47720.jpg,1969,1970,1
47730.jpg,1969,1960,-9
47735.jpg,1969,2005,36
47740.jpg,1969,1970,1
47745.jpg,1969,1974,5
47750.jpg,1969,2010,41
47755.jpg,1969,1920,-49
47760.jpg,1969,1970,1
47765.jpg,1969,2010,41
47770.jpg,1969,2010,41
47780.jpg,1969,2010,41
47785.jpg,1969,1980,11
47790.jpg,1969,1960,-9
47795.jpg,1969,1960,-9
47800.jpg,1969,1970,1
47805.jpg,1969,1920,-49
47810.jpg,1969,1973,4
47815.jpg,1969,2010,41
47820.jpg,1969,1960,-9
47825.jpg,1969,1970,1
47830.jpg,1969,1970,1
47835.jpg,1970,1970,0
47840.jpg,1970,1950,-20
47845.jpg,1970,2010,40
47850.jpg,1970,2010,40
47855.jpg,1970,1960,-10
47860.jpg,1970,2015,45
47865.jpg,1970,2010,40
47870.jpg,1970,1970,0
47875.jpg,1970,2010,40
47880.jpg,1970,2010,40
47890.jpg,1970,2015,45
47895.jpg,1970,1960,-10
47900.jpg,1970,1960,-10
47905.jpg,1970,1970,0
47910.jpg,1970,1970,0
47915.jpg,1970,2010,40
47920.jpg,1970,1960,-10
47925.jpg,1970,1950,-20
47930.jpg,1970,1980,10
47935.jpg,1970,1980,10
47940.jpg,1970,1960,-10
47945.jpg,1970,1750,-220
47950.jpg,1970,2005,35
47955.jpg,1970,1980,10
47960.jpg,1970,1960,-10
47965.jpg,1970,2010,40
47970.jpg,1970,2000,30
47975.jpg,1970,1980,10
47980.jpg,1970,1922,-48
47985.jpg,1970,1960,-10
47990.jpg,1970,2010,40
47995.jpg,1970,2005,35
48000.jpg,1971,1970,-1
48005.jpg,1971,1980,9
48010.jpg,1971,1985,14
48020.jpg,1971,2010,39
48025.jpg,1971,1980,9
48030.jpg,1971,2010,39
48035.jpg,1971,1960,-11
48040.jpg,1971,2000,29
48045.jpg,1971,1970,-1
48050.jpg,1971,2010,39
48065.jpg,1971,2010,39
48070.jpg,1971,1960,-11
48075.jpg,1971,1960,-11
48080.jpg,1971,1960,-11
48085.jpg,1971,2010,39
48090.jpg,1971,1967,-4
48095.jpg,1971,1930,-41
48100.jpg,1971,2010,39
48105.jpg,1971,2010,39
48110.jpg,1971,1980,9
48115.jpg,1971,1980,9
48120.jpg,1971,2010,39
48130.jpg,1971,1980,9
48135.jpg,1971,2005,34
48140.jpg,1971,1980,9
48145.jpg,1971,2010,39
48150.jpg,1971,1982,11
48155.jpg,1971,1962,-9
48160.jpg,1971,1950,-21
48170.jpg,1971,1950,-21
48175.jpg,1971,1960,-11
48180.jpg,1972,1970,-2
48185.jpg,1972,1960,-12
48190.jpg,1972,1970,-2
48195.jpg,1972,2003,31
48200.jpg,1972,1980,8
48205.jpg,1972,1980,8
48215.jpg,1972,1950,-22
48220.jpg,1972,2010,38
48225.jpg,1972,2010,38
48230.jpg,1972,1980,8
48235.jpg,1972,1972,0
48240.jpg,1972,1960,-12
48245.jpg,1972,2010,38
48250.jpg,1972,1980,8
48255.jpg,1972,2010,38
48260.jpg,1972,1960,-12
48265.jpg,1972,1970,-2
48270.jpg,1972,1965,-7
48275.jpg,1972,1930,-42
48280.jpg,1972,1970,-2
48285.jpg,1972,1950,-22
48290.jpg,1972,1920,-52
48295.jpg,1972,1970,-2
48300.jpg,1972,1960,-12
48305.jpg,1972,2015,43
48310.jpg,1972,2005,33
48320.jpg,1972,2010,38
48325.jpg,1972,1960,-12
48330.jpg,1972,2005,33
48335.jpg,1972,1920,-52
48340.jpg,1972,1970,-2
48345.jpg,1972,2000,28
48350.jpg,1972,1980,8
48355.jpg,1972,1980,8
48360.jpg,1973,1970,-3
48365.jpg,1973,1980,7
48370.jpg,1973,1950,-23
48375.jpg,1973,1960,-13
48380.jpg,1973,1980,7
48385.jpg,1973,2010,37
48390.jpg,1973,2000,27
48395.jpg,1973,1980,7
48400.jpg,1973,2010,37
48405.jpg,1973,1970,-3
48410.jpg,1973,1950,-23
48415.jpg,1973,2010,37
48420.jpg,1973,2010,37
48425.jpg,1973,1970,-3
48430.jpg,1973,1970,-3
48435.jpg,1973,1960,-13
48440.jpg,1973,1970,-3
48445.jpg,1973,1970,-3
48450.jpg,1973,1950,-23
48455.jpg,1973,1950,-23
48465.jpg,1973,2023,50
48475.jpg,1973,1970,-3
48480.jpg,1973,1960,-13
48490.jpg,1973,2010,37
48495.jpg,1973,2005,32
48500.jpg,1973,1890,-83
48505.jpg,1973,1960,-13
48510.jpg,1973,2010,37
48515.jpg,1973,1920,-53
48525.jpg,1973,1970,-3
48530.jpg,1974,1970,-4
48535.jpg,1974,2010,36
48540.jpg,1974,2010,36
48545.jpg,1974,1970,-4
48550.jpg,1974,2010,36
48555.jpg,1974,2005,31
48560.jpg,1974,2010,36
48565.jpg,1974,1970,-4
48570.jpg,1974,2023,49
48575.jpg,1974,2010,36
48580.jpg,1974,2010,36
48585.jpg,1974,1970,-4
48590.jpg,1974,1970,-4
48595.jpg,1974,1950,-24
48600.jpg,1974,1960,-14
48605.jpg,1974,1980,6
48610.jpg,1974,2010,36
48615.jpg,1974,1932,-42
48620.jpg,1974,1980,6
48625.jpg,1974,1950,-24
48630.jpg,1974,1980,6
48635.jpg,1974,2010,36
48640.jpg,1974,1800,-174
48650.jpg,1974,1970,-4
48670.jpg,1974,2010,36
48675.jpg,1974,2010,36
48680.jpg,1974,1980,6
48685.jpg,1974,1980,6
48690.jpg,1974,2010,36
48695.jpg,1974,1930,-44
48700.jpg,1974,1968,-6
48705.jpg,1974,2010,36
48710.jpg,1974,1960,-14
48715.jpg,1974,1974,0
48720.jpg,1974,2015,41
48725.jpg,1974,1850,-124
48735.jpg,1975,1980,5
48740.jpg,1975,1930,-45
48745.jpg,1975,2003,28
48750.jpg,1975,1970,-5
48755.jpg,1975,1960,-15
48760.jpg,1975,1970,-5
48765.jpg,1975,1970,-5
48770.jpg,1975,2010,35
48775.jpg,1975,1950,-25
48780.jpg,1975,2010,35
48785.jpg,1975,1980,5
48790.jpg,1975,1980,5
48795.jpg,1975,2010,35
48800.jpg,1975,1960,-15
48805.jpg,1975,2004,29
48810.jpg,1975,2015,40
48815.jpg,1975,1970,-5
48820.jpg,1975,1970,-5
48825.jpg,1975,1950,-25
48830.jpg,1975,1960,-15
48835.jpg,1975,2010,35
48840.jpg,1975,2010,35
48845.jpg,1975,1950,-25
48850.jpg,1975,2010,35
48855.jpg,1975,2015,40
48860.jpg,1975,2010,35
48865.jpg,1975,1980,5
48870.jpg,1975,2005,30
48875.jpg,1975,1980,5
48880.jpg,1975,2010,35
48885.jpg,1975,1960,-15
48890.jpg,1975,1980,5
48895.jpg,1975,1980,5
48900.jpg,1976,1930,-46
48905.jpg,1976,1970,-6
48910.jpg,1976,1960,-16
48915.jpg,1976,1950,-26
48920.jpg,1976,1987,11
48925.jpg,1976,2010,34
48930.jpg,1976,2010,34
48940.jpg,1976,1960,-16
48945.jpg,1976,1968,-8
48950.jpg,1976,2015,39
48955.jpg,1976,1970,-6
48960.jpg,1976,1970,-6
48965.jpg,1976,1970,-6
48970.jpg,1976,1972,-4
48975.jpg,1976,1980,4
48985.jpg,1976,1970,-6
48990.jpg,1976,1950,-26
49000.jpg,1976,1600,-376
49020.jpg,1976,2010,34
49030.jpg,1976,2010,34
49035.jpg,1976,2010,34
49040.jpg,1976,2010,34
49045.jpg,1976,1980,4
49050.jpg,1976,2005,29
49060.jpg,1976,1950,-26
49065.jpg,1976,2010,34
49070.jpg,1976,1970,-6
49075.jpg,1976,1926,-50
49080.jpg,1976,1970,-6
49085.jpg,1976,1980,4
49090.jpg,1976,2010,34
49095.jpg,1977,1970,-7
49100.jpg,1977,1900,-77
49105.jpg,1977,1970,-7
49110.jpg,1977,1980,3
49115.jpg,1977,1980,3
49120.jpg,1977,1980,3
49125.jpg,1977,1970,-7
49130.jpg,1977,2010,33
49135.jpg,1977,1960,-17
49140.jpg,1977,1970,-7
49145.jpg,1977,1964,-13
49150.jpg,1977,1960,-17
49155.jpg,1977,1980,3
49160.jpg,1977,2010,33
49165.jpg,1977,1980,3
49170.jpg,1977,1980,3
49175.jpg,1977,1850,-127
49180.jpg,1977,1960,-17
49185.jpg,1977,2010,33
49190.jpg,1977,2010,33
49195.jpg,1977,2005,28
49205.jpg,1977,2010,33
49210.jpg,1977,2010,33
49215.jpg,1977,2005,28
49220.jpg,1977,2010,33
49225.jpg,1977,1972,-5
49230.jpg,1977,1927,-50
49235.jpg,1977,1986,9
49240.jpg,1977,1980,3
49250.jpg,1977,1970,-7
49255.jpg,1977,1970,-7
49260.jpg,1978,2010,32
49265.jpg,1978,2015,37
49270.jpg,1978,2010,32
49280.jpg,1978,2009,31
49285.jpg,1978,1980,2
49290.jpg,1978,1900,-78
49295.jpg,1978,2010,32
49305.jpg,1978,1970,-8
49310.jpg,1978,2010,32
49315.jpg,1978,1980,2
49320.jpg,1978,1987,9
49325.jpg,1978,1980,2
49330.jpg,1978,2010,32
49335.jpg,1978,1980,2
49340.jpg,1978,1920,-58
49345.jpg,1978,2010,32
49350.jpg,1978,2010,32
49355.jpg,1978,2010,32
49360.jpg,1978,2005,27
49365.jpg,1978,2010,32
49370.jpg,1978,2010,32
49375.jpg,1978,2005,27
49385.jpg,1978,2010,32
49390.jpg,1978,1970,-8
49395.jpg,1978,1960,-18
49400.jpg,1978,1970,-8
49405.jpg,1979,1950,-29
49410.jpg,1979,2010,31
49415.jpg,1979,1970,-9
49420.jpg,1979,2010,31
49425.jpg,1979,2010,31
49430.jpg,1979,2010,31
49435.jpg,1979,1950,-29
49440.jpg,1979,1980,1
49445.jpg,1979,1980,1
49450.jpg,1979,1980,1
49455.jpg,1979,1970,-9
49460.jpg,1979,1987,8
49465.jpg,1979,1950,-29
49470.jpg,1979,1950,-29
49475.jpg,1979,1970,-9
49480.jpg,1979,1920,-59
49485.jpg,1979,1950,-29
49490.jpg,1979,1950,-29
49495.jpg,1979,1850,-129
49500.jpg,1979,2000,21
49505.jpg,1979,2010,31
49510.jpg,1979,1970,-9
49515.jpg,1979,1980,1
49525.jpg,1979,2010,31
49530.jpg,1979,1980,1
49535.jpg,1979,1980,1
49540.jpg,1979,2010,31
49545.jpg,1979,2010,31
49550.jpg,1979,2010,31
49555.jpg,1979,2000,21
49560.jpg,1979,2000,21
49565.jpg,1980,1960,-20
49570.jpg,1980,1890,-90
49585.jpg,1980,1950,-30
49590.jpg,1980,1978,-2
49595.jpg,1980,1960,-20
49600.jpg,1980,1970,-10
49605.jpg,1980,2010,30
49610.jpg,1980,2000,20
49615.jpg,1980,2010,30
49620.jpg,1980,1960,-20
49625.jpg,1980,1950,-30
49630.jpg,1980,2000,20
49635.jpg,1980,2010,30
49640.jpg,1980,1950,-30
49645.jpg,1980,2005,25
49650.jpg,1980,2010,30
49655.jpg,1980,1980,0
49660.jpg,1980,2010,30
49665.jpg,1980,2010,30
49675.jpg,1980,2010,30
49680.jpg,1980,2010,30
49685.jpg,1980,2010,30
49690.jpg,1980,2010,30
49695.jpg,1980,1970,-10
49700.jpg,1980,1988,8
49705.jpg,1980,1970,-10
49710.jpg,1981,2010,29
49715.jpg,1981,2010,29
49720.jpg,1981,2010,29
49725.jpg,1981,1980,-1
49735.jpg,1981,2010,29
49740.jpg,1981,1960,-21
49745.jpg,1981,1980,-1
49750.jpg,1981,2010,29
49755.jpg,1981,1980,-1
49760.jpg,1981,1970,-11
49770.jpg,1981,1970,-11
49775.jpg,1981,1960,-21
49780.jpg,1981,1980,-1
49785.jpg,1981,1950,-31
49790.jpg,1981,2005,24
49795.jpg,1981,1980,-1
49800.jpg,1981,2000,19
49805.jpg,1981,1970,-11
49810.jpg,1981,1950,-31
49815.jpg,1981,1960,-21
49820.jpg,1981,1850,-131
49825.jpg,1981,2010,29
49830.jpg,1981,1970,-11
49835.jpg,1981,1986,5
49840.jpg,1981,1900,-81
49845.jpg,1981,1970,-11
49850.jpg,1981,2010,29
49860.jpg,1981,1980,-1
49865.jpg,1981,2010,29
49875.jpg,1981,2010,29
49880.jpg,1981,2010,29
49885.jpg,1981,2010,29
49890.jpg,1981,2010,29
49895.jpg,1981,1970,-11
49900.jpg,1981,1930,-51
49905.jpg,1981,1980,-1
49910.jpg,1981,2010,29
49915.jpg,1981,1970,-11
49920.jpg,1982,2010,28
49925.jpg,1982,2015,33
49930.jpg,1982,2010,28
49935.jpg,1982,2010,28
49940.jpg,1982,1980,-2
49945.jpg,1982,1982,0
49950.jpg,1982,2010,28
49955.jpg,1982,2010,28
49960.jpg,1982,2000,18
49965.jpg,1982,1980,-2
49975.jpg,1982,1980,-2
49980.jpg,1982,2010,28
49985.jpg,1982,2000,18
49990.jpg,1982,2005,23
49995.jpg,1982,1970,-12
50000.jpg,1982,2005,23
50005.jpg,1982,2010,28
50010.jpg,1982,1980,-2
50015.jpg,1982,1980,-2
50020.jpg,1982,1980,-2
50025.jpg,1982,1980,-2
50030.jpg,1982,2005,23
50035.jpg,1982,1965,-17
50040.jpg,1982,1965,-17
50045.jpg,1982,1980,-2
50050.jpg,1982,1970,-12
50055.jpg,1982,1970,-12
50060.jpg,1982,2005,23
50065.jpg,1982,1900,-82
50070.jpg,1982,2010,28
50075.jpg,1982,1970,-12
50080.jpg,1982,1930,-52
50095.jpg,1982,1920,-62
50100.jpg,1982,1700,-282
50105.jpg,1982,1980,-2
50110.jpg,1982,1890,-92
50115.jpg,1982,1980,-2
50120.jpg,1982,1980,-2
50145.jpg,1982,1920,-62
50150.jpg,1982,1970,-12
50155.jpg,1982,1965,-17
50160.jpg,1983,1850,-133
50165.jpg,1983,1960,-23
50170.jpg,1983,2015,32
50175.jpg,1983,1950,-33
50185.jpg,1983,1930,-53
50190.jpg,1983,1950,-33
50195.jpg,1983,1964,-19
50200.jpg,1983,1972,-11
50205.jpg,1983,2010,27
50210.jpg,1983,1980,-3
50220.jpg,1983,2000,17
50225.jpg,1983,1980,-3
50230.jpg,1983,1970,-13
50235.jpg,1983,1980,-3
50240.jpg,1983,1980,-3
50245.jpg,1983,1980,-3
50250.jpg,1983,1980,-3
50255.jpg,1983,1980,-3
50260.jpg,1983,2003,20
50270.jpg,1983,1980,-3
50275.jpg,1983,1960,-23
50280.jpg,1983,2010,27
50285.jpg,1983,2010,27
50290.jpg,1983,1970,-13
50295.jpg,1983,1980,-3
50300.jpg,1983,1960,-23
50305.jpg,1983,1980,-3
50310.jpg,1983,1960,-23
50315.jpg,1983,1850,-133
50320.jpg,1983,2010,27
50325.jpg,1983,1900,-83
50330.jpg,1983,2010,27
50335.jpg,1983,2010,27
50340.jpg,1983,2010,27
50345.jpg,1983,1980,-3
50350.jpg,1983,2010,27
50355.jpg,1983,1980,-3
50360.jpg,1983,2005,22
50365.jpg,1983,1970,-13
50370.jpg,1983,1980,-3
50375.jpg,1983,1970,-13
50380.jpg,1983,1930,-53
50385.jpg,1983,2010,27
50390.jpg,1984,1980,-4
50395.jpg,1984,2010,26
50400.jpg,1984,2010,26
50405.jpg,1984,1980,-4
50410.jpg,1984,2000,16
50415.jpg,1984,2010,26
50420.jpg,1984,2000,16
50425.jpg,1984,2010,26
50430.jpg,1984,2010,26
50435.jpg,1984,2010,26
50440.jpg,1984,1980,-4
50445.jpg,1984,1985,1
50450.jpg,1984,2010,26
50455.jpg,1984,2005,21
50465.jpg,1984,2010,26
50470.jpg,1984,1980,-4
50475.jpg,1984,2010,26
50480.jpg,1984,1980,-4
50485.jpg,1984,1980,-4
50490.jpg,1984,1920,-64
50495.jpg,1984,1994,10
50500.jpg,1984,1920,-64
50505.jpg,1984,1960,-24
50515.jpg,1984,2010,26
50520.jpg,1984,2010,26
50525.jpg,1984,1976,-8
50530.jpg,1984,1920,-64
50535.jpg,1984,1950,-34
50540.jpg,1984,1990,6
50545.jpg,1984,2010,26
50550.jpg,1984,2010,26
50555.jpg,1984,1960,-24
50560.jpg,1984,1970,-14
50565.jpg,1984,1980,-4
50570.jpg,1984,1980,-4
50575.jpg,1984,2010,26
50580.jpg,1985,1800,-185
50585.jpg,1985,1984,-1
50595.jpg,1985,1980,-5
50600.jpg,1985,2010,25
50605.jpg,1985,2010,25
50610.jpg,1985,2010,25
50615.jpg,1985,1970,-15
50620.jpg,1985,2004,19
50630.jpg,1985,1980,-5
50635.jpg,1985,2015,30
50640.jpg,1985,1980,-5
50645.jpg,1985,1980,-5
50650.jpg,1985,1980,-5
50655.jpg,1985,1980,-5
50660.jpg,1985,2005,20
50665.jpg,1985,2010,25
50670.jpg,1985,1970,-15
50675.jpg,1985,2010,25
50680.jpg,1985,1970,-15
50685.jpg,1985,2005,20
50690.jpg,1985,2010,25
50695.jpg,1985,1996,11
50700.jpg,1985,1986,1
50705.jpg,1985,1960,-25
50710.jpg,1985,1920,-65
50715.jpg,1985,2000,15
50720.jpg,1985,1850,-135
50730.jpg,1985,1980,-5
50735.jpg,1985,2010,25
50740.jpg,1985,2000,15
50745.jpg,1985,2010,25
50750.jpg,1985,2005,20
50755.jpg,1985,2010,25
50760.jpg,1985,1980,-5
50765.jpg,1985,2010,25
50770.jpg,1985,1980,-5
50775.jpg,1985,2005,20
50780.jpg,1986,2010,24
50785.jpg,1986,1980,-6
50790.jpg,1986,1950,-36
50795.jpg,1986,2010,24
50800.jpg,1986,2000,14
50805.jpg,1986,2010,24
50810.jpg,1986,1980,-6
50815.jpg,1986,1970,-16
50820.jpg,1986,1980,-6
50830.jpg,1986,1980,-6
50835.jpg,1986,2010,24
50840.jpg,1986,1971,-15
50845.jpg,1986,1970,-16
50850.jpg,1986,1980,-6
50855.jpg,1986,2010,24
50860.jpg,1986,1980,-6
50865.jpg,1986,1900,-86
50870.jpg,1986,2010,24
50885.jpg,1986,2005,19
50890.jpg,1986,1970,-16
50895.jpg,1986,2010,24
50900.jpg,1986,1950,-36
50905.jpg,1986,1970,-16
50910.jpg,1986,2000,14
50915.jpg,1986,2000,14
50920.jpg,1986,1950,-36
50925.jpg,1986,1850,-136
50930.jpg,1986,2010,24
50935.jpg,1986,1960,-26
50940.jpg,1986,1937,-49
50945.jpg,1986,2010,24
50950.jpg,1986,2010,24
50955.jpg,1986,2010,24
50960.jpg,1986,1980,-6
50965.jpg,1986,1980,-6
50970.jpg,1986,2010,24
50975.jpg,1986,2001,15
50980.jpg,1986,1900,-86
50985.jpg,1986,1950,-36
50990.jpg,1987,1850,-137
50995.jpg,1987,1980,-7
51000.jpg,1987,2000,13
51010.jpg,1987,2010,23
51015.jpg,1987,1960,-27
51020.jpg,1987,1980,-7
51025.jpg,1987,2000,13
51030.jpg,1987,2010,23
51035.jpg,1987,2003,16
51040.jpg,1987,1980,-7
51045.jpg,1987,2010,23
51050.jpg,1987,1980,-7
51055.jpg,1987,1980,-7
51060.jpg,1987,1985,-2
51065.jpg,1987,2000,13
51070.jpg,1987,1976,-11
51075.jpg,1987,1976,-11
51080.jpg,1987,2010,23
51085.jpg,1987,1985,-2
51090.jpg,1987,2010,23
51095.jpg,1987,2000,13
51100.jpg,1987,1950,-37
51105.jpg,1987,2010,23
51110.jpg,1987,1950,-37
51115.jpg,1987,2000,13
51120.jpg,1987,2010,23
51125.jpg,1987,1750,-237
51130.jpg,1987,1900,-87
51135.jpg,1987,1970,-17
51140.jpg,1987,2010,23
51145.jpg,1987,1980,-7
51155.jpg,1987,1980,-7
51165.jpg,1987,1850,-137
51170.jpg,1987,1925,-62
51175.jpg,1987,2010,23
51180.jpg,1987,2010,23
51200.jpg,1988,2010,22
51205.jpg,1988,1988,0
51210.jpg,1988,2010,22
51215.jpg,1988,2010,22
51220.jpg,1988,2010,22
51225.jpg,1988,2010,22
51240.jpg,1988,2010,22
51245.jpg,1988,2000,12
51250.jpg,1988,2000,12
51255.jpg,1988,1992,4
51260.jpg,1988,1980,-8
51265.jpg,1988,2010,22
51270.jpg,1988,2010,22
51275.jpg,1988,1970,-18
51280.jpg,1988,1985,-3
51285.jpg,1988,2000,12
51290.jpg,1988,1980,-8
51295.jpg,1988,1980,-8
51300.jpg,1988,1960,-28
51305.jpg,1988,1970,-18
51310.jpg,1988,1960,-28
51315.jpg,1988,2010,22
51320.jpg,1988,1948,-40
51330.jpg,1988,1950,-38
51335.jpg,1988,1890,-98
51340.jpg,1988,2010,22
51345.jpg,1988,1900,-88
51350.jpg,1988,1923,-65
51355.jpg,1988,1980,-8
51360.jpg,1988,2000,12
51365.jpg,1988,1980,-8
51370.jpg,1988,1980,-8
51375.jpg,1988,2010,22
51380.jpg,1988,2010,22
51385.jpg,1988,1980,-8
51390.jpg,1988,2010,22
51395.jpg,1988,1970,-18
51400.jpg,1988,2000,12
51405.jpg,1988,1970,-18
51410.jpg,1989,1962,-27
51415.jpg,1989,1980,-9
51420.jpg,1989,1980,-9
51425.jpg,1989,2010,21
51430.jpg,1989,2010,21
51435.jpg,1989,2010,21
51440.jpg,1989,1950,-39
51445.jpg,1989,1970,-19
51455.jpg,1989,1980,-9
51460.jpg,1989,2000,11
51470.jpg,1989,2010,21
51475.jpg,1989,2010,21
51480.jpg,1989,2005,16
51485.jpg,1989,1930,-59
51490.jpg,1989,1980,-9
51495.jpg,1989,2005,16
51500.jpg,1989,1980,-9
51505.jpg,1989,1970,-19
51510.jpg,1989,1980,-9
51515.jpg,1989,1980,-9
51520.jpg,1989,1980,-9
51525.jpg,1989,1900,-89
51530.jpg,1989,1980,-9
51535.jpg,1989,1987,-2
51540.jpg,1989,1980,-9
51545.jpg,1989,1930,-59
51550.jpg,1989,1920,-69
51555.jpg,1989,2005,16
51560.jpg,1989,1980,-9
51565.jpg,1989,2010,21
51575.jpg,1989,2005,16
51580.jpg,1989,1560,-429
51585.jpg,1989,2000,11
51590.jpg,1989,1976,-13
51595.jpg,1989,2005,16
51600.jpg,1989,2010,21
51605.jpg,1990,1900,-90
51610.jpg,1990,1970,-20
51615.jpg,1990,1980,-10
51620.jpg,1990,2010,20
51625.jpg,1990,1930,-60
51630.jpg,1990,2010,20
51635.jpg,1990,1950,-40
51640.jpg,1990,1980,-10
51645.jpg,1990,1992,2
51650.jpg,1990,1953,-37
51655.jpg,1990,1980,-10
51660.jpg,1990,1964,-26
51670.jpg,1990,1992,2
51675.jpg,1990,2005,15
51680.jpg,1990,2010,20
51685.jpg,1990,2010,20
51690.jpg,1990,2010,20
51695.jpg,1990,1980,-10
51700.jpg,1990,1970,-20
51705.jpg,1990,2005,15
51710.jpg,1990,1980,-10
51715.jpg,1990,1960,-30
51720.jpg,1990,1970,-20
51725.jpg,1990,1996,6
51730.jpg,1990,2005,15
51735.jpg,1990,1970,-20
51740.jpg,1990,1970,-20
51745.jpg,1990,1980,-10
51755.jpg,1990,1996,6
51760.jpg,1990,1920,-70
51765.jpg,1990,1900,-90
51770.jpg,1990,2000,10
51775.jpg,1990,1980,-10
51780.jpg,1990,1980,-10
51785.jpg,1990,1950,-40
51795.jpg,1990,2019,29
51805.jpg,1990,1980,-10
51810.jpg,1990,2010,20
51815.jpg,1990,2010,20
51820.jpg,1990,2005,15
51825.jpg,1990,1960,-30
51830.jpg,1990,1970,-20
51840.jpg,1991,1900,-91
51845.jpg,1991,1928,-63
51850.jpg,1991,2010,19
51860.jpg,1991,2010,19
51865.jpg,1991,2000,9
51870.jpg,1991,1980,-11
51875.jpg,1991,2000,9
51885.jpg,1991,2010,19
51890.jpg,1991,1960,-31
51895.jpg,1991,2010,19
51905.jpg,1991,2003,12
51910.jpg,1991,1980,-11
51920.jpg,1991,2005,14
51925.jpg,1991,2010,19
51930.jpg,1991,2005,14
51935.jpg,1991,2010,19
51940.jpg,1991,2010,19
51945.jpg,1991,2000,9
51950.jpg,1991,2000,9
51955.jpg,1991,1980,-11
51960.jpg,1991,2010,19
51965.jpg,1991,1960,-31
51970.jpg,1991,1967,-24
51975.jpg,1991,1962,-29
51980.jpg,1991,1950,-41
51985.jpg,1991,1925,-66
51990.jpg,1991,2010,19
51995.jpg,1991,2000,9
52000.jpg,1991,1950,-41
52015.jpg,1991,2010,19
52020.jpg,1991,2010,19
52025.jpg,1991,2000,9
52035.jpg,1991,2010,19
52040.jpg,1991,2010,19
52045.jpg,1991,2010,19
52060.jpg,1991,1980,-11
52065.jpg,1992,2010,18
52070.jpg,1992,2010,18
52075.jpg,1992,1970,-22
52080.jpg,1992,1982,-10
52085.jpg,1992,2000,8
52090.jpg,1992,2010,18
52095.jpg,1992,1980,-12
52100.jpg,1992,2000,8
52105.jpg,1992,2000,8
52110.jpg,1992,1980,-12
52115.jpg,1992,2010,18
52120.jpg,1992,1980,-12
52125.jpg,1992,2010,18
52130.jpg,1992,2010,18
52135.jpg,1992,1992,0
52140.jpg,1992,2003,11
52145.jpg,1992,1970,-22
52150.jpg,1992,2000,8
52155.jpg,1992,1970,-22
52160.jpg,1992,1980,-12
52165.jpg,1992,1992,0
52170.jpg,1992,1980,-12
52175.jpg,1992,2000,8
52180.jpg,1992,1980,-12
52185.jpg,1992,2010,18
52190.jpg,1992,2003,11
52195.jpg,1992,1970,-22
52200.jpg,1992,2003,11
52205.jpg,1992,2010,18
52210.jpg,1992,1950,-42
52215.jpg,1992,2005,13
52220.jpg,1992,1972,-20
52225.jpg,1992,2010,18
52230.jpg,1992,1850,-142
52235.jpg,1992,1920,-72
52240.jpg,1992,2010,18
52245.jpg,1992,1980,-12
52250.jpg,1992,1980,-12
52260.jpg,1992,1943,-49
52270.jpg,1993,1970,-23
52275.jpg,1993,2010,17
52280.jpg,1993,1950,-43
52285.jpg,1993,2010,17
52290.jpg,1993,2010,17
52300.jpg,1993,2010,17
52305.jpg,1993,1970,-23
52310.jpg,1993,2010,17
52315.jpg,1993,2000,7
52320.jpg,1993,2010,17
52325.jpg,1993,1980,-13
52335.jpg,1993,1960,-33
52340.jpg,1993,2000,7
52345.jpg,1993,2005,12
52350.jpg,1993,2000,7
52355.jpg,1993,2010,17
52360.jpg,1993,1970,-23
52365.jpg,1993,2005,12
52370.jpg,1993,2005,12
52375.jpg,1993,1930,-63
52380.jpg,1993,1970,-23
52385.jpg,1993,1993,0
52390.jpg,1993,2010,17
52395.jpg,1993,1970,-23
52400.jpg,1993,1970,-23
52405.jpg,1993,2010,17
52410.jpg,1993,1900,-93
52415.jpg,1993,1960,-33
52420.jpg,1993,2010,17
52425.jpg,1993,1920,-73
52430.jpg,1993,2010,17
52435.jpg,1993,2005,12
52440.jpg,1993,2010,17
52445.jpg,1993,2010,17
52450.jpg,1993,1850,-143
52455.jpg,1993,2010,17
52460.jpg,1993,1980,-13
52465.jpg,1993,1970,-23
52475.jpg,1994,2010,16
52480.jpg,1994,2010,16
52485.jpg,1994,2000,6
52490.jpg,1994,1980,-14
52495.jpg,1994,1998,4
52505.jpg,1994,2010,16
52510.jpg,1994,1994,0
52515.jpg,1994,2000,6
52525.jpg,1994,2010,16
52530.jpg,1994,1980,-14
52535.jpg,1994,2005,11
52540.jpg,1994,1995,1
52545.jpg,1994,2000,6
52550.jpg,1994,2010,16
52555.jpg,1994,2000,6
52560.jpg,1994,1930,-64
52570.jpg,1994,1970,-24
52575.jpg,1994,1980,-14
52580.jpg,1994,1912,-82
52585.jpg,1994,1989,-5
52590.jpg,1994,2000,6
52595.jpg,1994,1920,-74
52600.jpg,1994,1930,-64
52605.jpg,1994,1650,-344
52610.jpg,1994,1980,-14
52615.jpg,1994,1869,-125
52620.jpg,1994,2010,16
52625.jpg,1994,2010,16
52630.jpg,1994,2010,16
52635.jpg,1994,2010,16
52640.jpg,1994,1980,-14
52645.jpg,1994,2010,16
52650.jpg,1995,2010,15
52655.jpg,1995,2010,15
52660.jpg,1995,2015,20
52665.jpg,1995,2005,10
52670.jpg,1995,2010,15
52675.jpg,1995,1960,-35
52680.jpg,1995,2005,10
52685.jpg,1995,2006,11
52690.jpg,1995,2010,15
52695.jpg,1995,2010,15
52700.jpg,1995,2000,5
52705.jpg,1995,1916,-79
52710.jpg,1995,2010,15
52715.jpg,1995,1980,-15
52720.jpg,1995,1970,-25
52725.jpg,1995,2010,15
52730.jpg,1995,1960,-35
52735.jpg,1995,2005,10
52740.jpg,1995,1980,-15
52745.jpg,1995,2010,15
52750.jpg,1995,2010,15
52755.jpg,1995,1980,-15
52760.jpg,1995,2010,15
52765.jpg,1995,1980,-15
52770.jpg,1995,2005,10
52775.jpg,1995,2010,15
52785.jpg,1995,2010,15
52790.jpg,1995,1850,-145
52795.jpg,1995,2000,5
52800.jpg,1995,1920,-75
52805.jpg,1995,2000,5
52810.jpg,1995,2010,15
52815.jpg,1995,2010,15
52820.jpg,1995,1980,-15
52825.jpg,1995,2005,10
52830.jpg,1995,2010,15
52835.jpg,1995,1950,-45
52840.jpg,1995,1200,-795
52845.jpg,1996,1920,-76
52850.jpg,1996,2010,14
52855.jpg,1996,2010,14
52860.jpg,1996,2010,14
52865.jpg,1996,2010,14
52870.jpg,1996,2010,14
52875.jpg,1996,2010,14
52880.jpg,1996,1950,-46
52885.jpg,1996,2000,4
52890.jpg,1996,2000,4
52895.jpg,1996,2010,14
52900.jpg,1996,1992,-4
52905.jpg,1996,1994,-2
52910.jpg,1996,1996,0
52915.jpg,1996,1986,-10
52920.jpg,1996,2010,14
52925.jpg,1996,2010,14
52935.jpg,1996,2010,14
52940.jpg,1996,1968,-28
52945.jpg,1996,1950,-46
52950.jpg,1996,1970,-26
52955.jpg,1996,2010,14
52960.jpg,1996,1980,-16
52965.jpg,1996,2010,14
52970.jpg,1996,2010,14
52980.jpg,1996,2010,14
52985.jpg,1997,1850,-147
52990.jpg,1997,2010,13
52995.jpg,1997,1950,-47
53000.jpg,1997,2000,3
53005.jpg,1997,1980,-17
53010.jpg,1997,2000,3
53015.jpg,1997,2010,13
53020.jpg,1997,2010,13
53025.jpg,1997,2002,5
53030.jpg,1997,2005,8
53035.jpg,1997,1980,-17
53040.jpg,1997,2010,13
53045.jpg,1997,2010,13
53050.jpg,1997,2005,8
53055.jpg,1997,1980,-17
53060.jpg,1997,2010,13
53065.jpg,1997,1980,-17
53070.jpg,1997,2010,13
53075.jpg,1997,2000,3
53080.jpg,1997,2010,13
53085.jpg,1997,2010,13
53090.jpg,1997,1980,-17
53095.jpg,1997,1970,-27
53100.jpg,1997,1970,-27
53105.jpg,1997,2005,8
53110.jpg,1997,2010,13
53115.jpg,1997,1998,1
53120.jpg,1997,2010,13
53125.jpg,1997,2010,13
53130.jpg,1997,1930,-67
53135.jpg,1997,2000,3
53140.jpg,1997,1980,-17
53145.jpg,1997,2010,13
53150.jpg,1997,2015,18
53155.jpg,1997,1800,-197
53165.jpg,1997,1995,-2
53170.jpg,1997,2010,13
53175.jpg,1997,1980,-17
53180.jpg,1997,2000,3
53185.jpg,1997,2010,13
53190.jpg,1997,1980,-17
53195.jpg,1997,1603,-394
53200.jpg,1997,2010,13
53205.jpg,1997,2010,13
53210.jpg,1997,1990,-7
53215.jpg,1997,1950,-47
53220.jpg,1997,2005,8
53225.jpg,1997,2010,13
53230.jpg,1997,1970,-27
53235.jpg,1998,1900,-98
53240.jpg,1998,1985,-13
53245.jpg,1998,1960,-38
53250.jpg,1998,2010,12
53255.jpg,1998,1950,-48
53260.jpg,1998,1926,-72
53265.jpg,1998,1950,-48
53270.jpg,1998,2006,8
53275.jpg,1998,2013,15
53280.jpg,1998,2000,2
53285.jpg,1998,1930,-68
53290.jpg,1998,2000,2
53300.jpg,1998,2010,12
53305.jpg,1998,2005,7
53310.jpg,1998,2010,12
53315.jpg,1998,2010,12
53325.jpg,1998,1980,-18
53330.jpg,1998,2010,12
53335.jpg,1998,2010,12
53340.jpg,1998,2005,7
53345.jpg,1998,1980,-18
53350.jpg,1998,2010,12
53355.jpg,1998,2005,7
53365.jpg,1998,2005,7
53370.jpg,1998,2010,12
53375.jpg,1998,2000,2
53380.jpg,1998,2010,12
53385.jpg,1998,1750,-248
53390.jpg,1998,1800,-198
53395.jpg,1998,2000,2
53400.jpg,1998,1850,-148
53405.jpg,1998,2005,7
53410.jpg,1998,2005,7
53415.jpg,1998,1980,-18
53420.jpg,1998,2000,2
53425.jpg,1998,2010,12
53435.jpg,1998,1980,-18
53440.jpg,1998,2010,12
53445.jpg,1998,2010,12
53450.jpg,1998,1983,-15
53455.jpg,1999,1850,-149
53460.jpg,1999,2005,6
53465.jpg,1999,2010,11
53470.jpg,1999,2010,11
53475.jpg,1999,2005,6
53480.jpg,1999,2010,11
53485.jpg,1999,2010,11
53490.jpg,1999,1950,-49
53495.jpg,1999,2006,7
53505.jpg,1999,1980,-19
53510.jpg,1999,2010,11
53515.jpg,1999,2010,11
53520.jpg,1999,2010,11
53525.jpg,1999,2010,11
53530.jpg,1999,2015,16
53535.jpg,1999,1970,-29
53540.jpg,1999,1980,-19
53545.jpg,1999,1987,-12
53550.jpg,1999,2010,11
53555.jpg,1999,1956,-43
53560.jpg,1999,2010,11
53565.jpg,1999,1992,-7
53570.jpg,1999,2000,1
53575.jpg,1999,1970,-29
53580.jpg,1999,1980,-19
53585.jpg,1999,2010,11
53590.jpg,1999,1970,-29
53595.jpg,1999,2000,1
53600.jpg,1999,2000,1
53605.jpg,1999,2005,6
53610.jpg,1999,2010,11
53615.jpg,1999,1950,-49
53620.jpg,1999,1950,-49
53625.jpg,1999,2010,11
53630.jpg,1999,2015,16
53635.jpg,1999,2005,6
53650.jpg,1999,1980,-19
53655.jpg,1999,2000,1
53660.jpg,1999,2010,11
53665.jpg,1999,2010,11
53670.jpg,1999,2010,11
53675.jpg,1999,1997,-2
53680.jpg,1999,2000,1
53685.jpg,1999,1920,-79
53690.jpg,2000,1950,-50
53700.jpg,2000,2005,5
53705.jpg,2000,2000,0
53710.jpg,2000,2015,15
53715.jpg,2000,2010,10
53720.jpg,2000,2000,0
53725.jpg,2000,2010,10
53730.jpg,2000,1980,-20
53735.jpg,2000,2010,10
53740.jpg,2000,1990,-10
53745.jpg,2000,2010,10
53755.jpg,2000,2000,0
53760.jpg,2000,2010,10
53765.jpg,2000,2010,10
53770.jpg,2000,1986,-14
53775.jpg,2000,1936,-64
53780.jpg,2000,2005,5
53785.jpg,2000,2003,3
53790.jpg,2000,2010,10
53795.jpg,2000,2005,5
53800.jpg,2000,1980,-20
53805.jpg,2000,2010,10
53810.jpg,2000,1960,-40
53815.jpg,2000,2005,5
53820.jpg,2000,2010,10
53830.jpg,2000,1950,-50
53835.jpg,2000,2010,10
53840.jpg,2000,2010,10
53845.jpg,2000,2010,10
53850.jpg,2000,1876,-124
53855.jpg,2000,2015,15
53860.jpg,2000,2005,5
53865.jpg,2000,2005,5
53870.jpg,2000,1980,-20
53875.jpg,2000,1982,-18
53880.jpg,2000,2005,5
53885.jpg,2000,2000,0
53890.jpg,2000,2010,10
53895.jpg,2000,2010,10
53905.jpg,2001,2005,4
53910.jpg,2001,2001,0
53915.jpg,2001,2016,15
53920.jpg,2001,2000,-1
53925.jpg,2001,2010,9
53930.jpg,2001,2010,9
53935.jpg,2001,2010,9
53940.jpg,2001,2010,9
53945.jpg,2001,2000,-1
53950.jpg,2001,2010,9
53955.jpg,2001,2000,-1
53960.jpg,2001,2010,9
53965.jpg,2001,2010,9
53970.jpg,2001,2010,9
53975.jpg,2001,2010,9
53980.jpg,2001,2010,9
53985.jpg,2001,2000,-1
53990.jpg,2001,1960,-41
53995.jpg,2001,1890,-111
54000.jpg,2001,2010,9
54005.jpg,2001,1989,-12
54010.jpg,2001,2010,9
54015.jpg,2001,1980,-21
54020.jpg,2001,2005,4
54025.jpg,2001,1999,-2
54030.jpg,2001,2010,9
54035.jpg,2001,2010,9
54040.jpg,2001,2003,2
54045.jpg,2001,2010,9
54050.jpg,2001,1970,-31
54055.jpg,2001,1986,-15
54060.jpg,2001,2010,9
54065.jpg,2001,1970,-31
54070.jpg,2001,2010,9
54075.jpg,2001,2015,14
54085.jpg,2001,2015,14
54090.jpg,2001,2005,4
54095.jpg,2001,2010,9
54100.jpg,2001,2010,9
54105.jpg,2001,2010,9
54110.jpg,2001,2010,9
54120.jpg,2001,2010,9
54125.jpg,2001,2010,9
54130.jpg,2001,1954,-47
54135.jpg,2001,2010,9
54140.jpg,2001,2000,-1
54145.jpg,2001,1950,-51
54150.jpg,2001,2010,9
54155.jpg,2001,1920,-81
54160.jpg,2001,2010,9
54165.jpg,2001,2010,9
54170.jpg,2001,2010,9
54180.jpg,2002,1930,-72
54185.jpg,2002,2010,8
54190.jpg,2002,2000,-2
54195.jpg,2002,2010,8
54200.jpg,2002,1980,-22
54205.jpg,2002,2010,8
54210.jpg,2002,2010,8
54215.jpg,2002,2009,7
54220.jpg,2002,2005,3
54225.jpg,2002,2000,-2
54230.jpg,2002,2002,0
54235.jpg,2002,2019,17
54240.jpg,2002,2005,3
54245.jpg,2002,2001,-1
54250.jpg,2002,2010,8
54255.jpg,2002,1920,-82
54260.jpg,2002,2010,8
54265.jpg,2002,2010,8
54270.jpg,2002,2010,8
54275.jpg,2002,1950,-52
54280.jpg,2002,2004,2
54285.jpg,2002,2010,8
54290.jpg,2002,1970,-32
54295.jpg,2002,1980,-22
54300.jpg,2002,2010,8
54305.jpg,2002,2000,-2
54310.jpg,2002,2010,8
54315.jpg,2002,2010,8
54320.jpg,2002,1900,-102
54330.jpg,2002,1920,-82
54335.jpg,2002,1960,-42
54340.jpg,2002,2015,13
54345.jpg,2002,2005,3
54355.jpg,2002,2010,8
54360.jpg,2002,2010,8
54365.jpg,2002,2010,8
54370.jpg,2002,1970,-32
54375.jpg,2002,2011,9
54385.jpg,2002,2010,8
54390.jpg,2002,2010,8
54395.jpg,2002,2000,-2
54400.jpg,2002,2010,8
54405.jpg,2003,2010,7
54410.jpg,2003,2022,19
54415.jpg,2003,2010,7
54425.jpg,2003,2010,7
54430.jpg,2003,2010,7
54435.jpg,2003,2010,7
54440.jpg,2003,2010,7
54445.jpg,2003,2005,2
54450.jpg,2003,2010,7
54460.jpg,2003,2010,7
54465.jpg,2003,1952,-51
54470.jpg,2003,2023,20
54475.jpg,2003,2003,0
54480.jpg,2003,2010,7
54485.jpg,2003,2010,7
54490.jpg,2003,1985,-18
54495.jpg,2003,2000,-3
54500.jpg,2003,2005,2
54505.jpg,2003,2010,7
54510.jpg,2003,1970,-33
54515.jpg,2003,1950,-53
54520.jpg,2003,1930,-73
54525.jpg,2003,2010,7
54530.jpg,2003,1980,-23
54535.jpg,2003,2010,7
54540.jpg,2003,2010,7
54545.jpg,2003,1900,-103
54550.jpg,2003,2010,7
54555.jpg,2003,1800,-203
54560.jpg,2003,2010,7
54565.jpg,2003,2010,7
54570.jpg,2003,2010,7
54575.jpg,2003,2010,7
54580.jpg,2003,1970,-33
54585.jpg,2003,2010,7
54590.jpg,2003,1990,-13
54595.jpg,2003,1980,-23
54600.jpg,2003,2010,7
54605.jpg,2004,2005,1
54610.jpg,2004,2010,6
54620.jpg,2004,1950,-54
54625.jpg,2004,2010,6
54630.jpg,2004,2010,6
54635.jpg,2004,2010,6
54640.jpg,2004,2015,11
54645.jpg,2004,2010,6
54650.jpg,2004,2010,6
54655.jpg,2004,2010,6
54660.jpg,2004,2010,6
54665.jpg,2004,2010,6
54670.jpg,2004,2005,1
54675.jpg,2004,2010,6
54680.jpg,2004,2010,6
54685.jpg,2004,2010,6
54690.jpg,2004,1970,-34
54695.jpg,2004,1930,-74
54700.jpg,2004,2010,6
54705.jpg,2004,2005,1
54710.jpg,2004,2000,-4
54715.jpg,2004,2000,-4
54720.jpg,2004,2010,6
54725.jpg,2004,2010,6
54730.jpg,2004,2010,6
54735.jpg,2004,2010,6
54740.jpg,2004,2005,1
54745.jpg,2004,2010,6
54750.jpg,2004,1920,-84
54760.jpg,2004,2010,6
54770.jpg,2004,2010,6
54775.jpg,2004,2010,6
54780.jpg,2004,2010,6
54785.jpg,2004,2010,6
54790.jpg,2004,2010,6
54795.jpg,2004,2010,6
54800.jpg,2004,2010,6
54805.jpg,2004,2010,6
54810.jpg,2004,2010,6
54815.jpg,2004,2010,6
54820.jpg,2004,2010,6
54825.jpg,2004,2010,6
54830.jpg,2004,2000,-4
54835.jpg,2004,2010,6
54840.jpg,2004,2004,0
54845.jpg,2005,1800,-205
54850.jpg,2005,1970,-35
54855.jpg,2005,2010,5
54860.jpg,2005,2010,5
54865.jpg,2005,2010,5
54870.jpg,2005,2010,5
54885.jpg,2005,2000,-5
54890.jpg,2005,2010,5
54895.jpg,2005,2010,5
54900.jpg,2005,1923,-82
54905.jpg,2005,2005,0
54910.jpg,2005,2010,5
54915.jpg,2005,1980,-25
54925.jpg,2005,2010,5
54930.jpg,2005,2010,5
54935.jpg,2005,1960,-45
54940.jpg,2005,1980,-25
54955.jpg,2005,2010,5
54960.jpg,2005,2010,5
54965.jpg,2005,1993,-12
54970.jpg,2005,2010,5
54975.jpg,2005,2000,-5
54980.jpg,2005,2005,0
54985.jpg,2005,2010,5
54990.jpg,2005,2000,-5
54995.jpg,2005,1920,-85
55000.jpg,2005,2000,-5
55005.jpg,2005,2005,0
55010.jpg,2005,2010,5
55015.jpg,2005,2010,5
55020.jpg,2005,2010,5
55025.jpg,2005,2005,0
55030.jpg,2005,2010,5
55035.jpg,2005,2010,5
55040.jpg,2005,2010,5
55045.jpg,2005,1980,-25
55050.jpg,2005,2015,10
55055.jpg,2005,2010,5
55060.jpg,2005,2010,5
55065.jpg,2005,2010,5
55070.jpg,2005,2010,5
55075.jpg,2005,2010,5
55080.jpg,2005,2010,5
55085.jpg,2005,2010,5
55090.jpg,2005,2010,5
55095.jpg,2005,2010,5
55100.jpg,2005,2005,0
55105.jpg,2005,2010,5
55110.jpg,2005,2000,-5
55115.jpg,2005,1920,-85
55120.jpg,2005,1980,-25
55125.jpg,2005,1976,-29
55130.jpg,2005,2010,5
55135.jpg,2006,2010,4
55140.jpg,2006,2018,12
55145.jpg,2006,1950,-56
55155.jpg,2006,2000,-6
55160.jpg,2006,2000,-6
55165.jpg,2006,2010,4
55170.jpg,2006,2010,4
55175.jpg,2006,2010,4
55180.jpg,2006,2005,-1
55185.jpg,2006,2010,4
55190.jpg,2006,2010,4
55195.jpg,2006,2000,-6
55200.jpg,2006,2006,0
55210.jpg,2006,2010,4
55215.jpg,2006,2010,4
55220.jpg,2006,2010,4
55230.jpg,2006,1996,-10
55235.jpg,2006,2010,4
55240.jpg,2006,2010,4
55245.jpg,2006,2010,4
55250.jpg,2006,2010,4
55255.jpg,2006,1960,-46
55265.jpg,2006,2010,4
55270.jpg,2006,2010,4
55275.jpg,2006,1950,-56
55280.jpg,2006,2010,4
55285.jpg,2006,2010,4
55290.jpg,2006,2010,4
55295.jpg,2006,2003,-3
55300.jpg,2006,2010,4
55305.jpg,2006,2010,4
55310.jpg,2006,2000,-6
55315.jpg,2006,1980,-26
55320.jpg,2006,2010,4
55325.jpg,2006,2010,4
55330.jpg,2006,2005,-1
55335.jpg,2007,1850,-157
55340.jpg,2007,2010,3
55345.jpg,2007,2015,8
55355.jpg,2007,2010,3
55360.jpg,2007,2010,3
55365.jpg,2007,2010,3
55370.jpg,2007,2010,3
55380.jpg,2007,2015,8
55385.jpg,2007,2010,3
55395.jpg,2007,1920,-87
55400.jpg,2007,2001,-6
55405.jpg,2007,2010,3
55410.jpg,2007,2010,3
55415.jpg,2007,2010,3
55420.jpg,2007,2010,3
55425.jpg,2007,2010,3
55430.jpg,2007,2010,3
55435.jpg,2007,1980,-27
55440.jpg,2007,2010,3
55445.jpg,2007,1993,-14
55450.jpg,2007,1970,-37
55455.jpg,2007,1987,-20
55460.jpg,2007,1400,-607
55465.jpg,2007,2000,-7
55475.jpg,2007,1937,-70
55480.jpg,2007,1930,-77
55485.jpg,2007,2010,3
55490.jpg,2007,1920,-87
55500.jpg,2007,2010,3
55505.jpg,2007,2015,8
55510.jpg,2007,2010,3
55515.jpg,2007,2010,3
55520.jpg,2007,2010,3
55525.jpg,2007,1890,-117
55530.jpg,2007,2010,3
55535.jpg,2007,2000,-7
55540.jpg,2007,2010,3
55545.jpg,2007,2010,3
55550.jpg,2007,2004,-3
55555.jpg,2007,1980,-27
55560.jpg,2007,2010,3
55565.jpg,2007,2010,3
55570.jpg,2007,2015,8
55575.jpg,2007,2010,3
55580.jpg,2007,2010,3
55585.jpg,2007,2010,3
55590.jpg,2007,2010,3
55595.jpg,2007,1897,-110
55600.jpg,2007,2010,3
55605.jpg,2007,2000,-7
55610.jpg,2008,1800,-208
55615.jpg,2008,1850,-158
55620.jpg,2008,2014,6
55625.jpg,2008,2008,0
55630.jpg,2008,2010,2
55635.jpg,2008,2010,2
55640.jpg,2008,2000,-8
55645.jpg,2008,2010,2
55650.jpg,2008,2010,2
55655.jpg,2008,2010,2
55660.jpg,2008,2010,2
55670.jpg,2008,2010,2
55675.jpg,2008,2010,2
55685.jpg,2008,2010,2
55690.jpg,2008,2010,2
55695.jpg,2008,2015,7
55705.jpg,2008,2010,2
55710.jpg,2008,2010,2
55715.jpg,2008,1930,-78
55720.jpg,2008,1936,-72
55725.jpg,2008,1987,-21
55730.jpg,2008,2010,2
55735.jpg,2008,1980,-28
55740.jpg,2008,2010,2
55745.jpg,2008,2010,2
55750.jpg,2008,2010,2
55755.jpg,2008,2010,2
55760.jpg,2008,2010,2
55765.jpg,2008,1980,-28
55770.jpg,2008,1820,-188
55775.jpg,2008,2000,-8
55780.jpg,2008,2010,2
55785.jpg,2008,2001,-7
55795.jpg,2008,2015,7
55800.jpg,2008,2010,2
55805.jpg,2008,2010,2
55810.jpg,2008,2010,2
55815.jpg,2008,2010,2
55820.jpg,2008,1970,-38
55825.jpg,2008,2000,-8
55830.jpg,2008,2006,-2
55835.jpg,2009,1962,-47
55845.jpg,2009,2005,-4
55850.jpg,2009,2010,1
55870.jpg,2009,2015,6
55875.jpg,2009,2010,1
55880.jpg,2009,2010,1
55885.jpg,2009,2010,1
55890.jpg,2009,2016,7
55895.jpg,2009,2010,1
55900.jpg,2009,2010,1
55905.jpg,2009,2003,-6
55910.jpg,2009,2010,1
55915.jpg,2009,2015,6
55920.jpg,2009,1950,-59
55925.jpg,2009,2010,1
55930.jpg,2009,1960,-49
55935.jpg,2009,2010,1
55940.jpg,2009,2005,-4
55945.jpg,2009,2010,1
55950.jpg,2009,2010,1
55955.jpg,2009,2008,-1
55960.jpg,2009,2010,1
55965.jpg,2009,2010,1
55970.jpg,2009,2019,10
55975.jpg,2009,2010,1
55980.jpg,2009,2010,1
55985.jpg,2009,2010,1
55990.jpg,2009,2010,1
55995.jpg,2009,2010,1
56000.jpg,2009,2019,10
56005.jpg,2009,1900,-109
56010.jpg,2009,1830,-179
56015.jpg,2009,2015,6
56020.jpg,2009,2000,-9
56025.jpg,2009,2010,1
56030.jpg,2009,2010,1
56035.jpg,2009,2010,1
56040.jpg,2009,2010,1
56050.jpg,2009,2010,1
56055.jpg,2009,2010,1
56060.jpg,2009,1980,-29
56065.jpg,2009,1970,-39
56070.jpg,2009,2010,1
56075.jpg,2009,1930,-79
56080.jpg,2010,2010,0
56085.jpg,2010,2010,0
56090.jpg,2010,2015,5
56095.jpg,2010,2010,0
56105.jpg,2010,2010,0
56110.jpg,2010,2010,0
56115.jpg,2010,2005,-5
56125.jpg,2010,2010,0
56130.jpg,2010,2010,0
56135.jpg,2010,2010,0
56140.jpg,2010,2010,0
56145.jpg,2010,2010,0
56150.jpg,2010,2010,0
56155.jpg,2010,2010,0
56165.jpg,2010,2010,0
56170.jpg,2010,1950,-60
56175.jpg,2010,2015,5
56180.jpg,2010,2010,0
56185.jpg,2010,2000,-10
56190.jpg,2010,2010,0
56195.jpg,2010,2010,0
56200.jpg,2010,1985,-25
56205.jpg,2010,2010,0
56210.jpg,2010,2010,0
56215.jpg,2010,2004,-6
56220.jpg,2010,2003,-7
56225.jpg,2010,1970,-40
56230.jpg,2010,2010,0
56235.jpg,2010,1956,-54
56240.jpg,2010,2010,0
56245.jpg,2010,2010,0
56250.jpg,2010,2010,0
56255.jpg,2010,2010,0
56260.jpg,2010,2005,-5
56265.jpg,2010,2010,0
56270.jpg,2010,2015,5
56275.jpg,2010,1970,-40
56280.jpg,2010,1980,-30
56285.jpg,2010,2010,0
56290.jpg,2010,2010,0
56295.jpg,2010,2010,0
56300.jpg,2010,2010,0
56310.jpg,2010,2010,0
56315.jpg,2011,2015,4
56320.jpg,2011,1960,-51
56325.jpg,2011,2010,-1
56330.jpg,2011,2010,-1
56335.jpg,2011,2010,-1
56345.jpg,2011,2010,-1
56350.jpg,2011,2010,-1
56355.jpg,2011,1980,-31
56360.jpg,2011,2012,1
56365.jpg,2011,2010,-1
56370.jpg,2011,2000,-11
56375.jpg,2011,2010,-1
56380.jpg,2011,2015,4
56385.jpg,2011,2011,0
56390.jpg,2011,1920,-91
56395.jpg,2011,2010,-1
56400.jpg,2011,2010,-1
56405.jpg,2011,1980,-31
56410.jpg,2011,2010,-1
56415.jpg,2011,2010,-1
56420.jpg,2011,2010,-1
56425.jpg,2011,1930,-81
56430.jpg,2011,1980,-31
56440.jpg,2011,2010,-1
56450.jpg,2011,2010,-1
56455.jpg,2011,1850,-161
56460.jpg,2011,1970,-41
56465.jpg,2011,2000,-11
56470.jpg,2011,1920,-91
56475.jpg,2011,2005,-6
56480.jpg,2011,2010,-1
56485.jpg,2011,2010,-1
56495.jpg,2011,2010,-1
56500.jpg,2011,2010,-1
56505.jpg,2011,2010,-1
56510.jpg,2011,2010,-1
56515.jpg,2011,2015,4
56520.jpg,2011,2010,-1
56525.jpg,2011,2000,-11
56545.jpg,2012,2010,-2
56550.jpg,2012,2012,0
56555.jpg,2012,2010,-2
56560.jpg,2012,2008,-4
56565.jpg,2012,2015,3
56570.jpg,2012,2010,-2
56575.jpg,2012,2010,-2
56585.jpg,2012,2010,-2
56590.jpg,2012,2010,-2
56600.jpg,2012,2010,-2
56605.jpg,2012,2015,3
56610.jpg,2012,2010,-2
56615.jpg,2012,2010,-2
56620.jpg,2012,1924,-88
56625.jpg,2012,1989,-23
56630.jpg,2012,2010,-2
56635.jpg,2012,2005,-7
56640.jpg,2012,1950,-62
56645.jpg,2012,2010,-2
56650.jpg,2012,2010,-2
56655.jpg,2012,2010,-2
56660.jpg,2012,1960,-52
56665.jpg,2012,1900,-112
56670.jpg,2012,2015,3
56675.jpg,2012,2015,3
56680.jpg,2012,2010,-2
56685.jpg,2012,2005,-7
56690.jpg,2012,2010,-2
56695.jpg,2012,2010,-2
56700.jpg,2012,2010,-2
56705.jpg,2012,2010,-2
56710.jpg,2012,1970,-42
56715.jpg,2012,1890,-122
56720.jpg,2013,1932,-81
56725.jpg,2013,2010,-3
56730.jpg,2013,2010,-3
56735.jpg,2013,2000,-13
56740.jpg,2013,2015,2
56745.jpg,2013,2015,2
56750.jpg,2013,2010,-3
56755.jpg,2013,2010,-3
56765.jpg,2013,2010,-3
56770.jpg,2013,2010,-3
56775.jpg,2013,2010,-3
56780.jpg,2013,2010,-3
56785.jpg,2013,2010,-3
56795.jpg,2013,2010,-3
56800.jpg,2013,1980,-33
56805.jpg,2013,2010,-3
56810.jpg,2013,2015,2
56820.jpg,2013,1960,-53
56825.jpg,2013,2010,-3
56845.jpg,2013,2010,-3
56850.jpg,2013,2010,-3
56855.jpg,2013,2015,2
56860.jpg,2013,1980,-33
56865.jpg,2013,2015,2
56870.jpg,2013,2015,2
56875.jpg,2013,2010,-3
56880.jpg,2013,2010,-3
56885.jpg,2013,2015,2
56890.jpg,2013,2010,-3
56895.jpg,2013,1980,-33
56900.jpg,2014,2008,-6
56905.jpg,2014,1700,-314
56910.jpg,2014,1920,-94
56915.jpg,2014,2010,-4
56920.jpg,2014,2010,-4
56925.jpg,2014,2017,3
56930.jpg,2014,2010,-4
56935.jpg,2014,2010,-4
56940.jpg,2014,2010,-4
56945.jpg,2014,2010,-4
56950.jpg,2014,2015,1
56955.jpg,2014,1970,-44
56960.jpg,2014,2010,-4
56965.jpg,2014,2010,-4
56970.jpg,2014,2010,-4
56975.jpg,2014,1950,-64
56980.jpg,2014,1960,-54
56985.jpg,2014,2005,-9
56990.jpg,2014,2010,-4
56995.jpg,2014,2015,1
57005.jpg,2014,2010,-4
57010.jpg,2014,1986,-28
57015.jpg,2014,2023,9
57020.jpg,2014,2010,-4
57025.jpg,2014,2015,1
57030.jpg,2014,2010,-4
57035.jpg,2014,2010,-4
57040.jpg,2014,2015,1
57045.jpg,2014,2010,-4
57050.jpg,2014,2010,-4
57055.jpg,2014,2010,-4
57060.jpg,2014,2010,-4
57065.jpg,2014,2015,1
57070.jpg,2014,2010,-4
57075.jpg,2015,1960,-55
57085.jpg,2015,2010,-5
57090.jpg,2015,2010,-5
57095.jpg,2015,2010,-5
57100.jpg,2015,2010,-5
57105.jpg,2015,2010,-5
57110.jpg,2015,2010,-5
57120.jpg,2015,2010,-5
57125.jpg,2015,2010,-5
57130.jpg,2015,2010,-5
57135.jpg,2015,2010,-5
57140.jpg,2015,2005,-10
57145.jpg,2015,2003,-12
57150.jpg,2015,2010,-5
57155.jpg,2015,2010,-5
57160.jpg,2015,2010,-5
57165.jpg,2015,2015,0
57170.jpg,2015,2015,0
57175.jpg,2015,2010,-5
57180.jpg,2015,2010,-5
57185.jpg,2015,2015,0
57195.jpg,2015,2010,-5
57200.jpg,2015,1950,-65
57205.jpg,2015,2010,-5
57210.jpg,2015,2015,0
57215.jpg,2015,2004,-11
57220.jpg,2016,2010,-6
57225.jpg,2016,2010,-6
57230.jpg,2016,2010,-6
57235.jpg,2016,2015,-1
57240.jpg,2016,2010,-6
57250.jpg,2016,2010,-6
57255.jpg,2016,2015,-1
57270.jpg,2016,1960,-56
57275.jpg,2016,2010,-6
57280.jpg,2016,2010,-6
57285.jpg,2016,2015,-1
57290.jpg,2016,2013,-3
57295.jpg,2016,2010,-6
57300.jpg,2016,2010,-6
57305.jpg,2016,2010,-6
57310.jpg,2016,1875,-141
57315.jpg,2016,2015,-1
57320.jpg,2016,2015,-1
57325.jpg,2016,2010,-6
57330.jpg,2016,2015,-1
57335.jpg,2016,2010,-6
57340.jpg,2016,2015,-1
57345.jpg,2016,1968,-48
57350.jpg,2016,2015,-1
57355.jpg,2016,2010,-6
57360.jpg,2016,2019,3
57365.jpg,2017,2010,-7
57370.jpg,2017,2010,-7
57375.jpg,2017,2010,-7
57385.jpg,2017,2010,-7
57390.jpg,2017,2018,1
57395.jpg,2017,2010,-7
57400.jpg,2017,2010,-7
57415.jpg,2017,2015,-2
57420.jpg,2017,2010,-7
57425.jpg,2017,2000,-17
57430.jpg,2017,1960,-57
57435.jpg,2017,2015,-2
57440.jpg,2017,2015,-2
57450.jpg,2017,1960,-57
57455.jpg,2017,2010,-7
57470.jpg,2017,2010,-7
57475.jpg,2017,2010,-7
57480.jpg,2018,2010,-8
57485.jpg,2018,2010,-8
57490.jpg,2018,2010,-8
57495.jpg,2018,2010,-8
57500.jpg,2018,2010,-8
57505.jpg,2018,2018,0
57510.jpg,2018,2018,0
57515.jpg,2018,2010,-8
57520.jpg,2018,2005,-13
57525.jpg,2018,1986,-32
57530.jpg,2018,2010,-8
57545.jpg,2018,2010,-8
57550.jpg,2018,2015,-3
57555.jpg,2018,2010,-8
57560.jpg,2018,2010,-8
57565.jpg,2018,2010,-8
57570.jpg,2018,2015,-3
57575.jpg,2018,2010,-8
57585.jpg,2019,2010,-9
57595.jpg,2019,2015,-4
57600.jpg,2019,2015,-4
57605.jpg,2019,2010,-9
57610.jpg,2019,2010,-9
57615.jpg,2019,2015,-4
57620.jpg,2019,2010,-9
57625.jpg,2019,2010,-9
57630.jpg,2019,1964,-55
57635.jpg,2019,2010,-9
57640.jpg,2019,2010,-9
57645.jpg,2019,2015,-4
57660.jpg,2019,2010,-9
57665.jpg,2019,2010,-9
57670.jpg,2020,2010,-10
57675.jpg,2020,2015,-5
57680.jpg,2020,2010,-10
57685.jpg,2020,2010,-10
57690.jpg,2020,2010,-10
57695.jpg,2020,2010,-10
57700.jpg,2020,1950,-70
57705.jpg,2020,2010,-10
57710.jpg,2020,2010,-10
57725.jpg,2020,2015,-5
57730.jpg,2021,2010,-11
57735.jpg,2021,2010,-11
57740.jpg,2021,2015,-6
57745.jpg,2021,2018,-3
57750.jpg,2021,2010,-11
57755.jpg,2021,2010,-11
57760.jpg,2021,2010,-11
57765.jpg,2021,2015,-6
57770.jpg,2021,2015,-6
57780.jpg,2021,2015,-6
57785.jpg,2021,2010,-11
57790.jpg,2021,2010,-11
57795.jpg,2021,2015,-6
57800.jpg,2021,2015,-6
57805.jpg,2022,2015,-7
57810.jpg,2022,2015,-7
57815.jpg,2022,2015,-7
57825.jpg,2022,1988,-34
57830.jpg,2022,2010,-12
57835.jpg,2022,1970,-52
57840.jpg,2022,1980,-42
57845.jpg,2022,2015,-7
57860.jpg,2022,2015,-7
57865.jpg,2022,2010,-12
57870.jpg,2022,2010,-12
57875.jpg,2023,2019,-4
57885.jpg,2023,2018,-5
57890.jpg,2023,2010,-13
57895.jpg,2023,2010,-13
57900.jpg,2023,2015,-8
57910.jpg,2023,2015,-8
57915.jpg,2023,2010,-13
57920.jpg,2023,1950,-73
57925.jpg,2024,1890,-134
57930.jpg,2024,2015,-9
