name,year,pred,diff
5.jpg,1008,1060,52
10.jpg,1016,2000,984
15.jpg,1022,1000,-22
20.jpg,1028,1700,672
25.jpg,1036,2000,964
30.jpg,1048,1000,-48
35.jpg,1051,1200,149
40.jpg,1061,1000,-61
45.jpg,1063,1700,637
55.jpg,1070,1200,130
60.jpg,1076,1200,124
65.jpg,1080,1456,376
70.jpg,1090,1700,610
75.jpg,1093,1930,837
80.jpg,1097,1876,779
85.jpg,1100,2500,1400
90.jpg,1100,1800,700
95.jpg,1107,1800,693
100.jpg,1110,1857,747
105.jpg,1114,1200,86
110.jpg,1116,1500,384
120.jpg,1120,1200,80
125.jpg,1122,1800,678
130.jpg,1125,1500,375
135.jpg,1128,1150,22
140.jpg,1129,1500,371
145.jpg,1130,1200,70
150.jpg,1131,1000,-131
155.jpg,1134,1750,616
165.jpg,1138,1800,662
170.jpg,1140,1100,-40
175.jpg,1144,1150,6
180.jpg,1146,1400,254
185.jpg,1147,1440,293
190.jpg,1149,1200,51
195.jpg,1150,1800,650
200.jpg,1152,1080,-72
210.jpg,1160,1000,-160
215.jpg,1165,1200,35
220.jpg,1168,2000,832
225.jpg,1170,1200,30
230.jpg,1170,1890,720
235.jpg,1172,200,-972
240.jpg,1175,1900,725
245.jpg,1177,1290,113
255.jpg,1180,1150,-30
260.jpg,1180,1200,20
265.jpg,1180,1200,20
275.jpg,1185,1200,15
280.jpg,1189,1160,-29
285.jpg,1191,1200,9
290.jpg,1192,1800,608
295.jpg,1194,1850,656
300.jpg,1196,1100,-96
305.jpg,1198,1401,203
310.jpg,1199,1200,1
315.jpg,1200,1870,670
320.jpg,1202,1200,-2
325.jpg,1204,1890,686
330.jpg,1208,1900,692
335.jpg,1211,1211,0
340.jpg,1212,1270,58
345.jpg,1215,1700,485
350.jpg,1217,1200,-17
355.jpg,1220,1870,650
360.jpg,1221,1500,279
365.jpg,1222,1500,278
370.jpg,1224,1200,-24
375.jpg,1226,1220,-6
380.jpg,1227,1600,373
385.jpg,1229,1200,-29
390.jpg,1231,1350,119
395.jpg,1232,1200,-32
405.jpg,1237,1230,-7
410.jpg,1238,1200,-38
415.jpg,1240,1450,210
420.jpg,1242,1600,358
425.jpg,1245,1200,-45
430.jpg,1247,1200,-47
435.jpg,1248,1344,96
440.jpg,1250,1870,620
445.jpg,1250,1870,620
450.jpg,1252,1800,548
455.jpg,1255,1500,245
460.jpg,1259,1800,541
465.jpg,1260,1200,-60
470.jpg,1263,1250,-13
475.jpg,1264,1200,-64
485.jpg,1270,1200,-70
490.jpg,1270,1500,230
495.jpg,1270,1200,-70
500.jpg,1271,1500,229
505.jpg,1273,1300,27
510.jpg,1275,1800,525
515.jpg,1277,1200,-77
520.jpg,1278,1200,-78
525.jpg,1279,1300,21
530.jpg,1280,1800,520
535.jpg,1285,1500,215
540.jpg,1288,1800,512
545.jpg,1289,1600,311
550.jpg,1290,1200,-90
555.jpg,1291,1200,-91
560.jpg,1293,1900,607
565.jpg,1295,1350,55
570.jpg,1298,1300,2
575.jpg,1300,1300,0
580.jpg,1300,1200,-100
585.jpg,1300,1750,450
590.jpg,1301,1300,-1
595.jpg,1303,1200,-103
600.jpg,1305,1200,-105
605.jpg,1307,1970,663
610.jpg,1309,1800,491
615.jpg,1310,1200,-110
620.jpg,1311,1400,89
625.jpg,1313,1200,-113
630.jpg,1314,1200,-114
635.jpg,1317,1200,-117
640.jpg,1319,1200,-119
645.jpg,1320,1460,140
650.jpg,1322,1500,178
655.jpg,1324,1300,-24
660.jpg,1325,1700,375
665.jpg,1326,1200,-126
670.jpg,1327,1850,523
675.jpg,1328,1350,22
680.jpg,1330,1789,459
685.jpg,1330,1283,-47
690.jpg,1331,1700,369
695.jpg,1333,1300,-33
700.jpg,1335,1400,65
705.jpg,1337,1300,-37
710.jpg,1338,1500,162
715.jpg,1340,1880,540
720.jpg,1340,1500,160
725.jpg,1343,1537,194
730.jpg,1345,1350,5
735.jpg,1345,1600,255
740.jpg,1346,1522,176
745.jpg,1347,1840,493
750.jpg,1347,1572,225
755.jpg,1349,1900,551
760.jpg,1350,1780,430
765.jpg,1350,1400,50
775.jpg,1353,1800,447
780.jpg,1354,1200,-154
785.jpg,1356,1850,494
790.jpg,1358,1419,61
795.jpg,1360,1500,140
800.jpg,1361,1200,-161
805.jpg,1362,1200,-162
810.jpg,1364,1980,616
815.jpg,1365,1860,495
825.jpg,1370,2000,630
830.jpg,1371,1500,129
835.jpg,1373,2000,627
840.jpg,1375,1800,425
845.jpg,1377,1500,123
850.jpg,1380,2000,620
855.jpg,1381,1200,-181
860.jpg,1382,1600,218
865.jpg,1384,1384,0
870.jpg,1386,1400,14
875.jpg,1389,1575,186
880.jpg,1390,1000,-390
885.jpg,1394,1450,56
890.jpg,1396,1396,0
895.jpg,1397,1350,-47
900.jpg,1398,1396,-2
905.jpg,1399,1200,-199
910.jpg,1400,1500,100
915.jpg,1401,1500,99
920.jpg,1402,1545,143
925.jpg,1405,1300,-105
930.jpg,1406,1400,-6
935.jpg,1409,1400,-9
940.jpg,1410,1860,450
945.jpg,1410,1391,-19
950.jpg,1411,1200,-211
955.jpg,1413,1900,487
960.jpg,1414,1980,566
965.jpg,1417,1909,492
970.jpg,1419,2000,581
975.jpg,1420,1496,76
980.jpg,1420,1420,0
985.jpg,1422,1800,378
990.jpg,1424,1250,-174
995.jpg,1425,1500,75
1000.jpg,1426,1500,74
1005.jpg,1428,2000,572
1010.jpg,1430,1800,370
1015.jpg,1431,1200,-231
1025.jpg,1435,1907,472
1030.jpg,1436,300,-1136
1035.jpg,1438,1850,412
1040.jpg,1440,1200,-240
1045.jpg,1441,1800,359
1050.jpg,1442,1920,478
1055.jpg,1444,1200,-244
1060.jpg,1446,1900,454
1065.jpg,1448,1450,2
1070.jpg,1450,1500,50
1075.jpg,1450,1200,-250
1080.jpg,1451,2006,555
1085.jpg,1452,1890,438
1090.jpg,1453,1500,47
1095.jpg,1455,1500,45
1100.jpg,1457,1500,43
1105.jpg,1458,1453,-5
1110.jpg,1459,1285,-174
1115.jpg,1460,1500,40
1120.jpg,1462,1900,438
1125.jpg,1462,1200,-262
1130.jpg,1464,1500,36
1135.jpg,1465,1800,335
1140.jpg,1466,1350,-116
1145.jpg,1467,1800,333
1150.jpg,1468,1200,-268
1155.jpg,1469,1200,-269
1160.jpg,1470,1900,430
1165.jpg,1470,1200,-270
1170.jpg,1472,1860,388
1175.jpg,1473,1870,397
1180.jpg,1475,1200,-275
1185.jpg,1477,1477,0
1190.jpg,1477,1700,223
1195.jpg,1479,1870,391
1200.jpg,1480,1480,0
1205.jpg,1482,1585,103
1210.jpg,1482,1200,-282
1215.jpg,1483,1900,417
1220.jpg,1485,1550,65
1225.jpg,1487,1800,313
1230.jpg,1487,1300,-187
1235.jpg,1488,2008,520
1240.jpg,1489,1200,-289
1245.jpg,1490,1540,50
1250.jpg,1490,1450,-40
1255.jpg,1491,1495,4
1260.jpg,1492,1700,208
1265.jpg,1493,1500,7
1270.jpg,1494,1500,6
1275.jpg,1495,1200,-295
1280.jpg,1496,2000,504
1285.jpg,1497,1902,405
1290.jpg,1497,1493,-4
1295.jpg,1498,1500,2
1300.jpg,1499,1500,1
1305.jpg,1500,1500,0
1310.jpg,1500,1700,200
1315.jpg,1501,1700,199
1325.jpg,1503,1790,287
1330.jpg,1504,1550,46
1335.jpg,1505,1790,285
1340.jpg,1506,1520,14
1345.jpg,1507,1500,-7
1350.jpg,1508,1600,92
1355.jpg,1508,1680,172
1360.jpg,1509,1500,-9
1365.jpg,1510,1900,390
1370.jpg,1510,1800,290
1375.jpg,1511,1200,-311
1380.jpg,1512,1200,-312
1385.jpg,1513,1550,37
1390.jpg,1513,1800,287
1395.jpg,1515,1450,-65
1400.jpg,1515,1780,265
1405.jpg,1516,1800,284
1410.jpg,1517,1500,-17
1415.jpg,1518,1450,-68
1420.jpg,1518,1530,12
1425.jpg,1520,1900,380
1430.jpg,1521,1515,-6
1435.jpg,1521,1500,-21
1440.jpg,1522,2000,478
1445.jpg,1523,1960,437
1450.jpg,1524,1700,176
1455.jpg,1525,1800,275
1460.jpg,1526,1741,215
1465.jpg,1526,1500,-26
1470.jpg,1527,1910,383
1475.jpg,1528,1750,222
1480.jpg,1528,1900,372
1485.jpg,1530,1500,-30
1490.jpg,1530,1600,70
1495.jpg,1530,1500,-30
1500.jpg,1531,1812,281
1505.jpg,1531,1800,269
1510.jpg,1532,1500,-32
1515.jpg,1532,1900,368
1520.jpg,1533,1800,267
1525.jpg,1534,1900,366
1530.jpg,1535,1700,165
1535.jpg,1535,1860,325
1540.jpg,1536,1600,64
1545.jpg,1537,1500,-37
1550.jpg,1537,1563,26
1555.jpg,1538,1455,-83
1560.jpg,1539,1200,-339
1565.jpg,1540,1099,-441
1570.jpg,1540,1541,1
1575.jpg,1540,1800,260
1580.jpg,1540,1400,-140
1590.jpg,1542,1600,58
1595.jpg,1543,1800,257
1600.jpg,1543,1600,57
1605.jpg,1544,1500,-44
1610.jpg,1545,1750,205
1615.jpg,1545,1800,255
1620.jpg,1547,1519,-28
1625.jpg,1548,1700,152
1630.jpg,1549,1560,11
1635.jpg,1549,1540,-9
1640.jpg,1550,1600,50
1645.jpg,1550,1830,280
1650.jpg,1550,1500,-50
1655.jpg,1550,1500,-50
1660.jpg,1551,1900,349
1665.jpg,1551,1557,6
1670.jpg,1552,1600,48
1675.jpg,1553,1800,247
1680.jpg,1554,1750,196
1685.jpg,1554,1540,-14
1690.jpg,1555,1800,245
1695.jpg,1556,2000,444
1700.jpg,1557,1940,383
1705.jpg,1558,1900,342
1710.jpg,1558,1557,-1
1715.jpg,1559,1270,-289
1720.jpg,1559,1900,341
1725.jpg,1560,1775,215
1730.jpg,1560,1700,140
1735.jpg,1560,2000,440
1740.jpg,1561,1900,339
1745.jpg,1561,1231,-330
1750.jpg,1562,1786,224
1755.jpg,1563,1900,337
1760.jpg,1564,1850,286
1765.jpg,1565,1910,345
1770.jpg,1565,1750,185
1775.jpg,1565,1800,235
1780.jpg,1566,1640,74
1785.jpg,1567,1600,33
1790.jpg,1567,1560,-7
1795.jpg,1568,1800,232
1800.jpg,1568,1600,32
1805.jpg,1569,1600,31
1810.jpg,1570,1900,330
1815.jpg,1570,1800,230
1820.jpg,1570,1600,30
1825.jpg,1571,1830,259
1830.jpg,1572,1600,28
1835.jpg,1572,1570,-2
1840.jpg,1573,1500,-73
1845.jpg,1573,1950,377
1850.jpg,1574,1800,226
1855.jpg,1574,1574,0
1860.jpg,1575,1850,275
1865.jpg,1575,1550,-25
1870.jpg,1575,1800,225
1875.jpg,1576,1800,224
1880.jpg,1577,1700,123
1885.jpg,1578,1800,222
1890.jpg,1578,1940,362
1895.jpg,1579,1860,281
1900.jpg,1579,1600,21
1905.jpg,1580,1700,120
1910.jpg,1580,1600,20
1915.jpg,1581,1600,19
1920.jpg,1581,1800,219
1925.jpg,1582,1800,218
1930.jpg,1582,1930,348
1935.jpg,1583,1557,-26
1940.jpg,1584,1800,216
1945.jpg,1584,1920,336
1950.jpg,1585,1900,315
1955.jpg,1585,1700,115
1960.jpg,1585,1800,215
1965.jpg,1586,1500,-86
1970.jpg,1586,1800,214
1975.jpg,1587,1470,-117
1980.jpg,1588,1450,-138
1985.jpg,1588,1830,242
1990.jpg,1588,1600,12
1995.jpg,1588,1675,87
2000.jpg,1589,1860,271
2005.jpg,1590,1500,-90
2010.jpg,1590,1700,110
2020.jpg,1591,1800,209
2025.jpg,1591,1700,109
2030.jpg,1592,1900,308
2035.jpg,1593,1890,297
2045.jpg,1595,1600,5
2050.jpg,1595,1580,-15
2055.jpg,1595,1860,265
2060.jpg,1596,1900,304
2065.jpg,1596,1600,4
2070.jpg,1597,1700,103
2075.jpg,1597,1850,253
2080.jpg,1598,1600,2
2085.jpg,1598,1598,0
2090.jpg,1598,1900,302
2095.jpg,1600,1599,-1
2100.jpg,1600,1500,-100
2115.jpg,1602,1875,273
2125.jpg,1604,1900,296
2130.jpg,1604,1830,226
2135.jpg,1604,1800,196
2140.jpg,1605,1689,84
2145.jpg,1605,1750,145
2150.jpg,1606,1900,294
2155.jpg,1606,1665,59
2160.jpg,1607,1700,93
2165.jpg,1607,1860,253
2170.jpg,1608,1740,132
2175.jpg,1608,1750,142
2180.jpg,1609,1600,-9
2185.jpg,1610,1860,250
2190.jpg,1610,1600,-10
2195.jpg,1610,1857,247
2200.jpg,1610,1900,290
2205.jpg,1611,1570,-41
2210.jpg,1611,1600,-11
2215.jpg,1611,1750,139
2220.jpg,1612,2000,388
2225.jpg,1612,1900,288
2230.jpg,1613,1600,-13
2235.jpg,1613,1780,167
2240.jpg,1614,1895,281
2245.jpg,1614,1700,86
2250.jpg,1614,1571,-43
2255.jpg,1615,1930,315
2260.jpg,1615,1300,-315
2265.jpg,1616,1900,284
2270.jpg,1616,1630,14
2275.jpg,1616,2023,407
2280.jpg,1616,1670,54
2285.jpg,1617,1930,313
2290.jpg,1617,1670,53
2295.jpg,1617,1700,83
2300.jpg,1618,1200,-418
2305.jpg,1618,1900,282
2310.jpg,1619,1500,-119
2315.jpg,1619,1840,221
2320.jpg,1619,1890,271
2325.jpg,1620,1700,80
2330.jpg,1620,1600,-20
2335.jpg,1620,1890,270
2340.jpg,1621,1640,19
2345.jpg,1621,1800,179
2350.jpg,1622,1730,108
2360.jpg,1623,1700,77
2365.jpg,1624,1900,276
2370.jpg,1624,1680,56
2375.jpg,1624,1615,-9
2380.jpg,1625,1870,245
2385.jpg,1625,1850,225
2390.jpg,1625,1820,195
2395.jpg,1625,1900,275
2400.jpg,1626,1700,74
2405.jpg,1626,1900,274
2410.jpg,1627,1790,163
2415.jpg,1628,1900,272
2420.jpg,1628,1800,172
2425.jpg,1629,1870,241
2430.jpg,1629,1600,-29
2435.jpg,1630,1830,200
2440.jpg,1630,1600,-30
2445.jpg,1630,1700,70
2450.jpg,1630,1700,70
2455.jpg,1631,1760,129
2460.jpg,1631,1900,269
2465.jpg,1631,1500,-131
2470.jpg,1632,1780,148
2475.jpg,1632,1920,288
2480.jpg,1632,1900,268
2485.jpg,1633,1900,267
2490.jpg,1633,1400,-233
2495.jpg,1634,1890,256
2500.jpg,1634,1500,-134
2505.jpg,1634,1500,-134
2510.jpg,1635,1865,230
2515.jpg,1635,1695,60
2520.jpg,1635,1700,65
2525.jpg,1636,1800,164
2530.jpg,1636,1880,244
2535.jpg,1636,1600,-36
2540.jpg,1637,1880,243
2545.jpg,1637,1800,163
2550.jpg,1638,1540,-98
2555.jpg,1638,1860,222
2560.jpg,1638,1900,262
2565.jpg,1639,1750,111
2570.jpg,1639,1760,121
2575.jpg,1640,1770,130
2580.jpg,1640,1800,160
2585.jpg,1640,1860,220
2590.jpg,1641,1716,75
2595.jpg,1641,1700,59
2600.jpg,1641,2023,382
2605.jpg,1642,1700,58
2610.jpg,1642,1900,258
2615.jpg,1643,1776,133
2620.jpg,1644,1800,156
2625.jpg,1644,1800,156
2630.jpg,1644,1800,156
2635.jpg,1645,2000,355
2640.jpg,1645,1970,325
2645.jpg,1646,1581,-65
2650.jpg,1646,1800,154
2655.jpg,1646,1710,64
2660.jpg,1648,1800,152
2665.jpg,1648,1900,252
2670.jpg,1648,1648,0
2675.jpg,1649,1785,136
2680.jpg,1650,1650,0
2685.jpg,1650,1700,50
2690.jpg,1650,1900,250
2695.jpg,1650,1700,50
2700.jpg,1651,1850,199
2705.jpg,1651,1852,201
2710.jpg,1652,1653,1
2715.jpg,1653,1900,247
2720.jpg,1653,1571,-82
2725.jpg,1654,1700,46
2730.jpg,1654,1800,146
2735.jpg,1655,1760,105
2745.jpg,1656,1800,144
2750.jpg,1656,1570,-86
2755.jpg,1656,1800,144
2760.jpg,1657,1700,43
2765.jpg,1657,1600,-57
2770.jpg,1658,1600,-58
2775.jpg,1658,1800,142
2780.jpg,1659,1600,-59
2785.jpg,1659,1740,81
2790.jpg,1660,1800,140
2795.jpg,1660,1900,240
2800.jpg,1660,1900,240
2805.jpg,1660,1700,40
2810.jpg,1660,1800,140
2815.jpg,1660,1907,247
2820.jpg,1660,1700,40
2825.jpg,1661,1900,239
2830.jpg,1661,1630,-31
2835.jpg,1661,1800,139
2840.jpg,1661,1922,261
2845.jpg,1662,1900,238
2850.jpg,1663,1780,117
2855.jpg,1663,1700,37
2860.jpg,1664,1600,-64
2865.jpg,1664,1700,36
2870.jpg,1664,1700,36
2875.jpg,1665,1800,135
2880.jpg,1665,1900,235
2885.jpg,1665,1800,135
2890.jpg,1665,1700,35
2895.jpg,1666,1760,94
2900.jpg,1666,1800,134
2905.jpg,1667,1850,183
2910.jpg,1667,1703,36
2915.jpg,1667,1700,33
2920.jpg,1668,1599,-69
2925.jpg,1669,1868,199
2930.jpg,1669,1900,231
2935.jpg,1670,1800,130
2940.jpg,1670,1700,30
2945.jpg,1670,1800,130
2950.jpg,1670,1800,130
2955.jpg,1671,1760,89
2960.jpg,1671,1900,229
2965.jpg,1671,1900,229
2970.jpg,1672,1900,228
2975.jpg,1672,1800,128
2980.jpg,1673,1700,27
2985.jpg,1673,1800,127
2990.jpg,1674,1830,156
2995.jpg,1674,1860,186
3000.jpg,1674,1200,-474
3010.jpg,1675,1660,-15
3020.jpg,1676,1850,174
3025.jpg,1676,1852,176
3030.jpg,1677,1975,298
3035.jpg,1677,1825,148
3040.jpg,1677,1739,62
3045.jpg,1678,1900,222
3050.jpg,1678,1790,112
3055.jpg,1678,1000,-678
3060.jpg,1679,1750,71
3065.jpg,1679,1931,252
3075.jpg,1680,1900,220
3080.jpg,1680,1860,180
3085.jpg,1680,1640,-40
3090.jpg,1680,1890,210
3095.jpg,1680,1690,10
3100.jpg,1680,1760,80
3105.jpg,1681,1750,69
3110.jpg,1681,1900,219
3115.jpg,1681,1700,19
3120.jpg,1681,1000,-681
3125.jpg,1682,1750,68
3130.jpg,1682,1750,68
3135.jpg,1682,1682,0
3140.jpg,1682,1700,18
3145.jpg,1683,1940,257
3150.jpg,1683,1800,117
3155.jpg,1683,1790,107
3160.jpg,1683,1200,-483
3165.jpg,1683,1880,197
3170.jpg,1684,1750,66
3175.jpg,1684,1668,-16
3180.jpg,1684,1800,116
3185.jpg,1684,1740,56
3190.jpg,1685,1800,115
3195.jpg,1685,1768,83
3200.jpg,1685,1900,215
3205.jpg,1686,1700,14
3210.jpg,1686,1800,114
3215.jpg,1686,2000,314
3220.jpg,1686,1890,204
3225.jpg,1687,1600,-87
3230.jpg,1687,1700,13
3235.jpg,1687,1843,156
3240.jpg,1688,1800,112
3245.jpg,1688,1700,12
3250.jpg,1689,2000,311
3255.jpg,1689,1800,111
3260.jpg,1689,1800,111
3270.jpg,1690,1970,280
3275.jpg,1690,1830,140
3280.jpg,1690,1900,210
3285.jpg,1690,1820,130
3290.jpg,1690,1975,285
3295.jpg,1690,1800,110
3300.jpg,1690,1600,-90
3305.jpg,1691,1800,109
3310.jpg,1691,1700,9
3315.jpg,1691,1750,59
3320.jpg,1692,1800,108
3325.jpg,1692,1475,-217
3330.jpg,1693,1960,267
3335.jpg,1693,1900,207
3340.jpg,1694,1800,106
3345.jpg,1694,2020,326
3350.jpg,1694,1800,106
3355.jpg,1695,1840,145
3360.jpg,1695,1800,105
3365.jpg,1695,1790,95
3370.jpg,1695,1800,105
3375.jpg,1695,1661,-34
3385.jpg,1696,1750,54
3390.jpg,1696,2000,304
3395.jpg,1696,1890,194
3400.jpg,1696,1773,77
3405.jpg,1696,1750,54
3410.jpg,1697,1780,83
3415.jpg,1697,1900,203
3420.jpg,1697,1900,203
3425.jpg,1697,1800,103
3430.jpg,1698,1750,52
3435.jpg,1698,1850,152
3440.jpg,1698,1500,-198
3445.jpg,1699,1660,-39
3450.jpg,1699,1700,1
3455.jpg,1699,1900,201
3460.jpg,1700,1800,100
3465.jpg,1700,1930,230
3470.jpg,1700,1900,200
3475.jpg,1700,1790,90
3480.jpg,1700,1770,70
3485.jpg,1700,1940,240
3490.jpg,1700,1800,100
3495.jpg,1700,1700,0
3500.jpg,1700,1850,150
3505.jpg,1700,1700,0
3510.jpg,1700,1550,-150
3520.jpg,1701,1890,189
3525.jpg,1701,1856,155
3535.jpg,1702,1870,168
3540.jpg,1702,1753,51
3545.jpg,1703,1703,0
3550.jpg,1704,1800,96
3555.jpg,1704,1860,156
3560.jpg,1704,1800,96
3565.jpg,1704,1900,196
3570.jpg,1704,1900,196
3575.jpg,1705,1780,75
3580.jpg,1705,1800,95
3585.jpg,1705,1850,145
3590.jpg,1705,1730,25
3595.jpg,1706,1750,44
3600.jpg,1706,1790,84
3605.jpg,1706,1700,-6
3610.jpg,1706,1950,244
3615.jpg,1707,1900,193
3620.jpg,1707,1759,52
3625.jpg,1707,1825,118
3630.jpg,1708,1840,132
3635.jpg,1708,1900,192
3640.jpg,1708,1750,42
3645.jpg,1708,1800,92
3650.jpg,1709,1800,91
3655.jpg,1709,1900,191
3660.jpg,1709,1780,71
3665.jpg,1709,1740,31
3670.jpg,1710,1750,40
3675.jpg,1710,1900,190
3680.jpg,1710,1950,240
3685.jpg,1710,1800,90
3690.jpg,1710,1775,65
3695.jpg,1710,1700,-10
3700.jpg,1710,1830,120
3705.jpg,1710,1880,170
3710.jpg,1710,1561,-149
3715.jpg,1711,1900,189
3720.jpg,1711,1770,59
3725.jpg,1711,1750,39
3730.jpg,1711,1711,0
3735.jpg,1711,1700,-11
3740.jpg,1712,1920,208
3745.jpg,1712,1900,188
3750.jpg,1713,1700,-13
3755.jpg,1713,1750,37
3760.jpg,1713,1742,29
3765.jpg,1713,1713,0
3770.jpg,1714,1800,86
3775.jpg,1714,1820,106
3780.jpg,1714,1900,186
3785.jpg,1714,1900,186
3790.jpg,1715,1790,75
3795.jpg,1715,1950,235
3800.jpg,1715,1600,-115
3805.jpg,1715,1700,-15
3810.jpg,1715,1900,185
3815.jpg,1715,1780,65
3820.jpg,1715,1900,185
3825.jpg,1715,1750,35
3830.jpg,1715,1700,-15
3835.jpg,1716,1900,184
3840.jpg,1716,1890,174
3845.jpg,1716,1850,134
3850.jpg,1716,1875,159
3855.jpg,1716,1860,144
3860.jpg,1716,1750,34
3865.jpg,1717,2000,283
3870.jpg,1717,1800,83
3875.jpg,1717,1900,183
3880.jpg,1718,1700,-18
3885.jpg,1718,1800,82
3890.jpg,1719,1900,181
3895.jpg,1719,1790,71
3900.jpg,1719,1700,-19
3905.jpg,1719,1800,81
3910.jpg,1720,1700,-20
3915.jpg,1720,1790,70
3920.jpg,1720,1800,80
3925.jpg,1720,1800,80
3930.jpg,1720,1970,250
3935.jpg,1720,1800,80
3940.jpg,1720,1690,-30
3945.jpg,1720,1900,180
3950.jpg,1720,1800,80
3955.jpg,1720,1830,110
3960.jpg,1720,1800,80
3965.jpg,1720,1800,80
3970.jpg,1720,1500,-220
3975.jpg,1721,1940,219
3980.jpg,1721,1900,179
3985.jpg,1721,1914,193
3990.jpg,1721,1700,-21
3995.jpg,1721,1700,-21
4000.jpg,1722,1720,-2
4005.jpg,1722,1830,108
4010.jpg,1722,1800,78
4015.jpg,1722,1800,78
4020.jpg,1722,1812,90
4025.jpg,1723,1723,0
4030.jpg,1723,1975,252
4035.jpg,1723,1800,77
4040.jpg,1723,1800,77
4045.jpg,1723,1670,-53
4050.jpg,1723,1700,-23
4055.jpg,1723,1940,217
4060.jpg,1724,1900,176
4065.jpg,1724,1920,196
4070.jpg,1724,1920,196
4075.jpg,1724,1775,51
4080.jpg,1724,1920,196
4085.jpg,1724,1556,-168
4090.jpg,1724,1700,-24
4095.jpg,1724,1600,-124
4100.jpg,1725,1900,175
4105.jpg,1725,1830,105
4110.jpg,1725,1900,175
4115.jpg,1725,1700,-25
4120.jpg,1725,1800,75
4125.jpg,1725,1950,225
4130.jpg,1725,1750,25
4135.jpg,1725,1714,-11
4140.jpg,1725,1770,45
4145.jpg,1725,1800,75
4150.jpg,1725,1624,-101
4155.jpg,1725,2000,275
4160.jpg,1726,1900,174
4165.jpg,1726,1840,114
4170.jpg,1726,1800,74
4175.jpg,1726,1900,174
4180.jpg,1726,1700,-26
4185.jpg,1727,1790,63
4190.jpg,1727,1800,73
4195.jpg,1727,1760,33
4200.jpg,1727,1800,73
4205.jpg,1727,1800,73
4210.jpg,1727,1900,173
4215.jpg,1728,1800,72
4220.jpg,1728,1900,172
4225.jpg,1728,1800,72
4230.jpg,1728,1880,152
4235.jpg,1728,1960,232
4240.jpg,1728,1990,262
4245.jpg,1728,1850,122
4250.jpg,1729,1754,25
4255.jpg,1729,1940,211
4260.jpg,1729,1800,71
4265.jpg,1729,1810,81
4270.jpg,1729,1700,-29
4275.jpg,1730,1800,70
4280.jpg,1730,1700,-30
4285.jpg,1730,1800,70
4290.jpg,1730,1800,70
4295.jpg,1730,1900,170
4300.jpg,1730,1990,260
4305.jpg,1730,1780,50
4310.jpg,1730,1900,170
4315.jpg,1730,1800,70
4320.jpg,1730,1800,70
4325.jpg,1730,1900,170
4330.jpg,1730,1810,80
4335.jpg,1730,1790,60
4340.jpg,1730,1800,70
4345.jpg,1730,1830,100
4350.jpg,1730,2000,270
4355.jpg,1730,2000,270
4360.jpg,1730,1920,190
4365.jpg,1730,1960,230
4370.jpg,1731,1900,169
4375.jpg,1731,1760,29
4380.jpg,1731,1890,159
4385.jpg,1731,1700,-31
4390.jpg,1732,1780,48
4395.jpg,1732,1800,68
4400.jpg,1732,1940,208
4405.jpg,1732,1750,18
4410.jpg,1732,1800,68
4415.jpg,1732,1820,88
4420.jpg,1732,1700,-32
4425.jpg,1732,1200,-532
4430.jpg,1732,1830,98
4435.jpg,1733,1750,17
4440.jpg,1733,1800,67
4445.jpg,1733,1830,97
4450.jpg,1733,1750,17
4455.jpg,1733,1743,10
4460.jpg,1733,1800,67
4465.jpg,1733,1940,207
4470.jpg,1733,1900,167
4475.jpg,1734,1750,16
4480.jpg,1734,1760,26
4485.jpg,1734,1880,146
4490.jpg,1734,1750,16
4495.jpg,1735,1820,85
4505.jpg,1735,1800,65
4510.jpg,1735,1870,135
4515.jpg,1735,1840,105
4520.jpg,1735,1700,-35
4525.jpg,1735,1900,165
4530.jpg,1735,1860,125
4535.jpg,1735,1770,35
4545.jpg,1736,2000,264
4550.jpg,1736,1750,14
4555.jpg,1736,1780,44
4560.jpg,1736,1616,-120
4565.jpg,1736,1640,-96
4570.jpg,1736,1776,40
4575.jpg,1737,1900,163
4580.jpg,1737,1920,183
4585.jpg,1737,1940,203
4590.jpg,1737,1970,233
4595.jpg,1737,1750,13
4600.jpg,1737,1900,163
4605.jpg,1738,1818,80
4610.jpg,1738,1800,62
4615.jpg,1738,1890,152
4620.jpg,1738,1840,102
4625.jpg,1738,1800,62
4630.jpg,1738,1900,162
4635.jpg,1738,1750,12
4640.jpg,1739,1780,41
4645.jpg,1739,1860,121
4650.jpg,1739,1800,61
4655.jpg,1739,1700,-39
4660.jpg,1739,1900,161
4665.jpg,1740,1770,30
4670.jpg,1740,1800,60
4675.jpg,1740,1800,60
4680.jpg,1740,1800,60
4685.jpg,1740,1890,150
4690.jpg,1740,1780,40
4695.jpg,1740,2000,260
4700.jpg,1740,1800,60
4705.jpg,1740,1800,60
4710.jpg,1740,1800,60
4715.jpg,1740,1890,150
4720.jpg,1740,1900,160
4725.jpg,1740,1950,210
4730.jpg,1740,1940,200
4735.jpg,1740,1820,80
4740.jpg,1740,1759,19
4745.jpg,1740,1950,210
4750.jpg,1741,1892,151
4755.jpg,1741,1750,9
4760.jpg,1741,1940,199
4765.jpg,1741,1830,89
4770.jpg,1741,1700,-41
4775.jpg,1741,2000,259
4780.jpg,1742,1000,-742
4785.jpg,1742,1840,98
4790.jpg,1742,1750,8
4795.jpg,1742,1780,38
4800.jpg,1742,1820,78
4805.jpg,1742,1780,38
4810.jpg,1742,1600,-142
4815.jpg,1742,1950,208
4820.jpg,1743,1800,57
4825.jpg,1743,1730,-13
4835.jpg,1743,1740,-3
4840.jpg,1743,1850,107
4845.jpg,1744,1750,6
4850.jpg,1744,1800,56
4855.jpg,1744,1800,56
4860.jpg,1744,1800,56
4865.jpg,1744,1650,-94
4870.jpg,1745,1920,175
4875.jpg,1745,1800,55
4880.jpg,1745,1790,45
4885.jpg,1745,1500,-245
4890.jpg,1745,1799,54
4895.jpg,1745,1800,55
4900.jpg,1745,1780,35
4905.jpg,1745,1775,30
4910.jpg,1746,1900,154
4915.jpg,1746,1720,-26
4920.jpg,1746,1760,14
4925.jpg,1746,1200,-546
4930.jpg,1747,1820,73
4935.jpg,1747,1800,53
4940.jpg,1747,1700,-47
4945.jpg,1747,1850,103
4950.jpg,1747,1900,153
4955.jpg,1747,1700,-47
4960.jpg,1747,1970,223
4965.jpg,1748,1950,202
4970.jpg,1748,1780,32
4975.jpg,1748,1780,32
4980.jpg,1748,1920,172
4985.jpg,1748,1900,152
4990.jpg,1749,1850,101
4995.jpg,1749,1860,111
5000.jpg,1749,1900,151
5005.jpg,1749,1850,101
5010.jpg,1749,1890,141
5015.jpg,1750,1800,50
5020.jpg,1750,1900,150
5025.jpg,1750,1900,150
5030.jpg,1750,1800,50
5035.jpg,1750,1830,80
5040.jpg,1750,1800,50
5045.jpg,1750,1800,50
5050.jpg,1750,1950,200
5060.jpg,1750,1790,40
5065.jpg,1750,1900,150
5070.jpg,1750,1800,50
5075.jpg,1750,1880,130
5080.jpg,1750,1790,40
5085.jpg,1750,1800,50
5090.jpg,1750,1800,50
5095.jpg,1750,1790,40
5100.jpg,1750,1800,50
5105.jpg,1750,1800,50
5110.jpg,1750,1790,40
5115.jpg,1750,1800,50
5120.jpg,1750,1830,80
5125.jpg,1750,1700,-50
5130.jpg,1750,1800,50
5135.jpg,1750,1930,180
5140.jpg,1750,1860,110
5145.jpg,1750,1700,-50
5150.jpg,1750,1800,50
5155.jpg,1750,1800,50
5160.jpg,1750,1790,40
5165.jpg,1750,1950,200
5170.jpg,1750,1890,140
5175.jpg,1750,1790,40
5180.jpg,1750,1870,120
5185.jpg,1750,2010,260
5190.jpg,1750,1760,10
5195.jpg,1751,1800,49
5200.jpg,1751,1790,39
5205.jpg,1751,1950,199
5210.jpg,1751,1900,149
5215.jpg,1751,1930,179
5220.jpg,1751,1200,-551
5225.jpg,1752,1860,108
5230.jpg,1752,1800,48
5235.jpg,1752,1820,68
5240.jpg,1752,1760,8
5245.jpg,1752,1800,48
5250.jpg,1752,1900,148
5255.jpg,1752,1840,88
5260.jpg,1752,1780,28
5265.jpg,1752,1700,-52
5270.jpg,1752,1930,178
5275.jpg,1752,1900,148
5285.jpg,1753,2000,247
5290.jpg,1753,1780,27
5295.jpg,1753,1850,97
5300.jpg,1753,1975,222
5305.jpg,1753,1800,47
5310.jpg,1753,1753,0
5315.jpg,1753,1700,-53
5320.jpg,1753,1950,197
5325.jpg,1754,1800,46
5330.jpg,1754,1754,0
5335.jpg,1754,1780,26
5340.jpg,1754,1970,216
5345.jpg,1754,1770,16
5350.jpg,1754,1780,26
5355.jpg,1754,1600,-154
5360.jpg,1754,1940,186
5365.jpg,1754,1880,126
5370.jpg,1755,1670,-85
5375.jpg,1755,1900,145
5380.jpg,1755,1780,25
5385.jpg,1755,1880,125
5390.jpg,1755,1750,-5
5395.jpg,1755,1940,185
5400.jpg,1755,1750,-5
5405.jpg,1755,1860,105
5410.jpg,1755,1900,145
5415.jpg,1756,1860,104
5420.jpg,1756,1900,144
5425.jpg,1756,1800,44
5430.jpg,1756,1900,144
5435.jpg,1756,1800,44
5440.jpg,1756,1790,34
5445.jpg,1756,1800,44
5450.jpg,1756,1820,64
5455.jpg,1756,1700,-56
5460.jpg,1756,1900,144
5470.jpg,1757,1760,3
5475.jpg,1757,1760,3
5480.jpg,1757,1800,43
5485.jpg,1757,2000,243
5490.jpg,1757,1920,163
5495.jpg,1757,1900,143
5500.jpg,1758,1750,-8
5505.jpg,1758,1830,72
5510.jpg,1758,1780,22
5515.jpg,1758,1920,162
5520.jpg,1758,1790,32
5525.jpg,1758,1950,192
5530.jpg,1758,1800,42
5535.jpg,1759,1870,111
5540.jpg,1759,1800,41
5545.jpg,1759,1900,141
5550.jpg,1759,1820,61
5555.jpg,1759,1750,-9
5560.jpg,1759,1800,41
5565.jpg,1760,1900,140
5570.jpg,1760,1860,100
5575.jpg,1760,1780,20
5580.jpg,1760,1820,60
5585.jpg,1760,1200,-560
5590.jpg,1761,1800,39
5595.jpg,1761,1770,9
5600.jpg,1761,1930,169
5605.jpg,1761,1850,89
5610.jpg,1761,1890,129
5615.jpg,1761,1900,139
5620.jpg,1761,1900,139
5625.jpg,1761,1750,-11
5630.jpg,1762,1800,38
5635.jpg,1762,1798,36
5640.jpg,1762,1970,208
5645.jpg,1762,1820,58
5650.jpg,1762,1800,38
5655.jpg,1762,1770,8
5660.jpg,1762,1830,68
5665.jpg,1762,1900,138
5670.jpg,1763,1900,137
5675.jpg,1763,1820,57
5680.jpg,1763,1800,37
5685.jpg,1763,1830,67
5690.jpg,1763,1740,-23
5695.jpg,1763,1830,67
5700.jpg,1763,1600,-163
5705.jpg,1763,1830,67
5710.jpg,1764,1800,36
5715.jpg,1764,1830,66
5720.jpg,1764,1800,36
5725.jpg,1764,1800,36
5730.jpg,1764,1780,16
5735.jpg,1764,1800,36
5740.jpg,1764,1770,6
5745.jpg,1764,1820,56
5750.jpg,1764,1850,86
5755.jpg,1764,1800,36
5765.jpg,1765,1850,85
5770.jpg,1765,1800,35
5775.jpg,1765,1900,135
5780.jpg,1765,1940,175
5785.jpg,1765,1900,135
5790.jpg,1765,1800,35
5795.jpg,1765,1780,15
5800.jpg,1765,1750,-15
5805.jpg,1765,1975,210
5810.jpg,1765,1800,35
5815.jpg,1765,1780,15
5820.jpg,1765,1900,135
5825.jpg,1765,1800,35
5830.jpg,1765,1900,135
5835.jpg,1766,1726,-40
5840.jpg,1766,1830,64
5845.jpg,1766,1800,34
5850.jpg,1766,1860,94
5855.jpg,1766,1900,134
5860.jpg,1766,1730,-36
5865.jpg,1766,1900,134
5870.jpg,1766,1790,24
5875.jpg,1767,1790,23
5880.jpg,1767,1860,93
5885.jpg,1767,1857,90
5890.jpg,1767,1790,23
5895.jpg,1768,1920,152
5900.jpg,1768,1850,82
5905.jpg,1768,1800,32
5910.jpg,1768,1800,32
5915.jpg,1768,1930,162
5920.jpg,1768,1750,-18
5925.jpg,1768,1800,32
5930.jpg,1768,1820,52
5935.jpg,1768,1700,-68
5940.jpg,1768,1900,132
5945.jpg,1769,1790,21
5950.jpg,1769,1850,81
5955.jpg,1769,1730,-39
5960.jpg,1769,1800,31
5965.jpg,1769,1800,31
5970.jpg,1769,1770,1
5975.jpg,1769,1800,31
5980.jpg,1769,1800,31
5985.jpg,1769,1900,131
5990.jpg,1769,1900,131
5995.jpg,1769,1700,-69
6000.jpg,1770,1800,30
6005.jpg,1770,1700,-70
6010.jpg,1770,1780,10
6015.jpg,1770,1920,150
6020.jpg,1770,1780,10
6025.jpg,1770,1830,60
6030.jpg,1770,1770,0
6035.jpg,1770,1910,140
6040.jpg,1770,1800,30
6045.jpg,1770,1900,130
6050.jpg,1770,1790,20
6055.jpg,1770,1900,130
6060.jpg,1770,1900,130
6065.jpg,1770,1750,-20
6070.jpg,1770,1900,130
6075.jpg,1770,1900,130
6080.jpg,1770,1700,-70
6085.jpg,1770,1800,30
6090.jpg,1770,1780,10
6095.jpg,1770,1780,10
6100.jpg,1770,1900,130
6105.jpg,1770,1770,0
6115.jpg,1771,1900,129
6120.jpg,1771,1830,59
6125.jpg,1771,1830,59
6130.jpg,1771,1790,19
6135.jpg,1771,1900,129
6140.jpg,1771,1750,-21
6145.jpg,1771,1800,29
6150.jpg,1771,1890,119
6155.jpg,1771,1740,-31
6160.jpg,1771,1797,26
6165.jpg,1771,1770,-1
6170.jpg,1772,1830,58
6175.jpg,1772,1815,43
6180.jpg,1772,1750,-22
6185.jpg,1772,1700,-72
6190.jpg,1772,1650,-122
6195.jpg,1773,1930,157
6200.jpg,1773,1800,27
6205.jpg,1773,1830,57
6210.jpg,1773,1850,77
6215.jpg,1773,1830,57
6220.jpg,1773,1750,-23
6225.jpg,1773,1800,27
6230.jpg,1773,1770,-3
6235.jpg,1773,1940,167
6240.jpg,1774,1860,86
6245.jpg,1774,1750,-24
6250.jpg,1774,1791,17
6255.jpg,1774,1700,-74
6260.jpg,1774,1800,26
6265.jpg,1774,1800,26
6270.jpg,1774,1800,26
6275.jpg,1774,1774,0
6280.jpg,1774,1820,46
6285.jpg,1774,1770,-4
6290.jpg,1774,2000,226
6295.jpg,1774,1900,126
6300.jpg,1774,1800,26
6305.jpg,1775,1800,25
6310.jpg,1775,1790,15
6315.jpg,1775,1770,-5
6320.jpg,1775,1780,5
6325.jpg,1775,1780,5
6330.jpg,1775,1800,25
6335.jpg,1775,1880,105
6350.jpg,1775,2010,235
6355.jpg,1775,1940,165
6360.jpg,1775,1920,145
6365.jpg,1775,1790,15
6370.jpg,1775,1800,25
6375.jpg,1775,1900,125
6380.jpg,1775,1890,115
6385.jpg,1775,1600,-175
6390.jpg,1775,1800,25
6395.jpg,1775,1800,25
6405.jpg,1776,1800,24
6410.jpg,1776,1900,124
6415.jpg,1776,2020,244
6420.jpg,1776,1800,24
6425.jpg,1776,1780,4
6430.jpg,1776,1800,24
6435.jpg,1776,1790,14
6440.jpg,1776,1860,84
6445.jpg,1777,1800,23
6450.jpg,1777,1910,133
6455.jpg,1777,1940,163
6460.jpg,1777,1850,73
6465.jpg,1777,1830,53
6470.jpg,1777,1906,129
6475.jpg,1777,1200,-577
6480.jpg,1777,2000,223
6485.jpg,1778,1800,22
6495.jpg,1778,1830,52
6500.jpg,1778,1800,22
6505.jpg,1778,1800,22
6510.jpg,1778,1800,22
6515.jpg,1779,1880,101
6520.jpg,1779,1800,21
6525.jpg,1779,1800,21
6530.jpg,1779,1860,81
6535.jpg,1779,1775,-4
6540.jpg,1779,1780,1
6545.jpg,1779,1850,71
6550.jpg,1779,1830,51
6555.jpg,1780,1850,70
6560.jpg,1780,1750,-30
6565.jpg,1780,1800,20
6570.jpg,1780,1900,120
6575.jpg,1780,1800,20
6580.jpg,1780,1850,70
6585.jpg,1780,1850,70
6590.jpg,1780,1890,110
6595.jpg,1780,1950,170
6600.jpg,1780,1830,50
6605.jpg,1780,1800,20
6610.jpg,1780,1950,170
6615.jpg,1780,1850,70
6620.jpg,1780,1800,20
6625.jpg,1780,1970,190
6630.jpg,1780,1800,20
6635.jpg,1780,1800,20
6640.jpg,1780,1950,170
6645.jpg,1780,1800,20
6650.jpg,1780,1960,180
6655.jpg,1780,1900,120
6660.jpg,1780,1950,170
6665.jpg,1780,1820,40
6670.jpg,1781,1900,119
6675.jpg,1781,1815,34
6680.jpg,1781,1840,59
6685.jpg,1781,1900,119
6690.jpg,1781,1900,119
6695.jpg,1781,1800,19
6700.jpg,1781,1800,19
6705.jpg,1781,1930,149
6710.jpg,1782,1900,118
6715.jpg,1782,2000,218
6720.jpg,1782,1780,-2
6725.jpg,1782,1860,78
6730.jpg,1782,1800,18
6735.jpg,1782,1900,118
6740.jpg,1782,1950,168
6745.jpg,1782,1600,-182
6750.jpg,1782,1730,-52
6755.jpg,1783,1760,-23
6760.jpg,1783,1790,7
6765.jpg,1783,1950,167
6770.jpg,1783,1990,207
6775.jpg,1783,1900,117
6780.jpg,1783,1820,37
6785.jpg,1783,2000,217
6790.jpg,1783,1800,17
6795.jpg,1783,1950,167
6800.jpg,1783,2000,217
6805.jpg,1783,1783,0
6810.jpg,1784,1800,16
6815.jpg,1784,1700,-84
6820.jpg,1784,1800,16
6825.jpg,1784,1900,116
6830.jpg,1784,1800,16
6835.jpg,1784,1850,66
6840.jpg,1784,1820,36
6845.jpg,1784,1950,166
6850.jpg,1784,1700,-84
6855.jpg,1784,1800,16
6860.jpg,1785,1700,-85
6865.jpg,1785,1800,15
6870.jpg,1785,1790,5
6875.jpg,1785,1760,-25
6880.jpg,1785,1870,85
6885.jpg,1785,1850,65
6890.jpg,1785,1870,85
6895.jpg,1785,1930,145
6900.jpg,1785,1800,15
6905.jpg,1785,1776,-9
6910.jpg,1785,1815,30
6915.jpg,1785,1775,-10
6920.jpg,1785,1900,115
6925.jpg,1785,1800,15
6930.jpg,1785,1800,15
6935.jpg,1785,1800,15
6940.jpg,1785,1830,45
6945.jpg,1785,1700,-85
6950.jpg,1786,1780,-6
6955.jpg,1786,1850,64
6960.jpg,1786,1820,34
6965.jpg,1786,1800,14
6970.jpg,1786,1850,64
6975.jpg,1786,1775,-11
6980.jpg,1786,1840,54
6985.jpg,1786,1900,114
6990.jpg,1786,1940,154
6995.jpg,1786,1950,164
7000.jpg,1786,1760,-26
7005.jpg,1787,1800,13
7010.jpg,1787,1670,-117
7015.jpg,1787,1800,13
7020.jpg,1787,1910,123
7025.jpg,1787,1900,113
7030.jpg,1787,1820,33
7035.jpg,1787,1850,63
7040.jpg,1787,1920,133
7045.jpg,1787,1900,113
7050.jpg,1787,1800,13
7055.jpg,1787,1850,63
7060.jpg,1787,1970,183
7065.jpg,1787,1800,13
7070.jpg,1787,1850,63
7075.jpg,1787,1750,-37
7080.jpg,1787,1800,13
7085.jpg,1787,1850,63
7090.jpg,1788,1826,38
7095.jpg,1788,1830,42
7100.jpg,1788,1788,0
7105.jpg,1788,1830,42
7110.jpg,1788,1900,112
7115.jpg,1788,1810,22
7120.jpg,1788,1820,32
7125.jpg,1788,1830,42
7130.jpg,1788,1920,132
7135.jpg,1788,1822,34
7140.jpg,1788,1900,112
7145.jpg,1789,1875,86
7150.jpg,1789,1730,-59
7155.jpg,1789,1780,-9
7160.jpg,1789,1880,91
7165.jpg,1789,1890,101
7170.jpg,1789,1890,101
7175.jpg,1789,1950,161
7180.jpg,1789,1970,181
7185.jpg,1789,1830,41
7190.jpg,1789,1700,-89
7195.jpg,1789,1800,11
7200.jpg,1790,1860,70
7205.jpg,1790,1850,60
7210.jpg,1790,1850,60
7215.jpg,1790,1855,65
7220.jpg,1790,1790,0
7225.jpg,1790,1950,160
7230.jpg,1790,1800,10
7235.jpg,1790,1820,30
7240.jpg,1790,1800,10
7245.jpg,1790,1900,110
7250.jpg,1790,1820,30
7255.jpg,1790,1900,110
7260.jpg,1790,1890,100
7265.jpg,1790,1880,90
7270.jpg,1790,1800,10
7275.jpg,1790,1850,60
7280.jpg,1790,1840,50
7285.jpg,1790,1800,10
7290.jpg,1790,1900,110
7295.jpg,1790,1800,10
7300.jpg,1790,1890,100
7305.jpg,1790,1820,30
7310.jpg,1790,1790,0
7315.jpg,1790,1800,10
7320.jpg,1790,1890,100
7325.jpg,1790,1860,70
7330.jpg,1790,1780,-10
7335.jpg,1790,1790,0
7340.jpg,1790,1820,30
7345.jpg,1790,1880,90
7350.jpg,1790,1860,70
7355.jpg,1790,1800,10
7360.jpg,1790,1820,30
7365.jpg,1790,1950,160
7370.jpg,1790,1840,50
7375.jpg,1790,1860,70
7380.jpg,1790,1500,-290
7385.jpg,1791,1910,119
7390.jpg,1791,1880,89
7395.jpg,1791,1787,-4
7400.jpg,1791,1500,-291
7405.jpg,1791,1880,89
7410.jpg,1791,1750,-41
7415.jpg,1791,1920,129
7420.jpg,1791,1800,9
7425.jpg,1791,1830,39
7430.jpg,1791,1900,109
7435.jpg,1791,1970,179
7440.jpg,1792,1900,108
7445.jpg,1792,1900,108
7450.jpg,1792,1820,28
7455.jpg,1792,1865,73
7460.jpg,1792,1830,38
7465.jpg,1792,1800,8
7470.jpg,1792,1840,48
7475.jpg,1792,1900,108
7480.jpg,1792,1860,68
7485.jpg,1792,1800,8
7490.jpg,1792,1800,8
7495.jpg,1792,1800,8
7500.jpg,1792,1920,128
7505.jpg,1792,1850,58
7510.jpg,1793,1830,37
7515.jpg,1793,1989,196
7520.jpg,1793,1950,157
7525.jpg,1793,1900,107
7530.jpg,1793,1770,-23
7535.jpg,1793,2010,217
7540.jpg,1793,1920,127
7545.jpg,1793,1890,97
7550.jpg,1793,1840,47
7555.jpg,1793,1800,7
7560.jpg,1793,1800,7
7565.jpg,1793,1800,7
7570.jpg,1793,1850,57
7575.jpg,1793,1950,157
7580.jpg,1793,1790,-3
7585.jpg,1793,1900,107
7590.jpg,1793,1500,-293
7595.jpg,1794,1900,106
7600.jpg,1794,1842,48
7605.jpg,1794,2023,229
7610.jpg,1794,1800,6
7615.jpg,1794,1854,60
7620.jpg,1794,1910,116
7625.jpg,1794,1860,66
7630.jpg,1794,1850,56
7635.jpg,1794,1800,6
7640.jpg,1794,1800,6
7645.jpg,1794,1750,-44
7650.jpg,1794,1900,106
7655.jpg,1795,1800,5
7660.jpg,1795,1920,125
7665.jpg,1795,1900,105
7670.jpg,1795,1840,45
7675.jpg,1795,1800,5
7680.jpg,1795,1790,-5
7685.jpg,1795,1830,35
7690.jpg,1795,1800,5
7695.jpg,1795,1880,85
7700.jpg,1795,1900,105
7705.jpg,1795,1830,35
7710.jpg,1795,1850,55
7715.jpg,1795,1850,55
7720.jpg,1795,1800,5
7725.jpg,1795,1740,-55
7730.jpg,1795,1800,5
7735.jpg,1795,1920,125
7740.jpg,1795,1900,105
7745.jpg,1795,1920,125
7750.jpg,1795,1830,35
7755.jpg,1795,1830,35
7760.jpg,1795,1800,5
7765.jpg,1795,1950,155
7775.jpg,1796,1890,94
7780.jpg,1796,1786,-10
7785.jpg,1796,1800,4
7790.jpg,1796,1855,59
7795.jpg,1796,1760,-36
7800.jpg,1796,1780,-16
7805.jpg,1796,1800,4
7810.jpg,1796,1830,34
7815.jpg,1796,1940,144
7820.jpg,1796,1850,54
7825.jpg,1796,1910,114
7830.jpg,1796,1890,94
7840.jpg,1796,1800,4
7845.jpg,1796,1820,24
7850.jpg,1796,1790,-6
7855.jpg,1796,1800,4
7860.jpg,1796,1900,104
7865.jpg,1796,1900,104
7870.jpg,1796,1900,104
7875.jpg,1796,1880,84
7880.jpg,1797,1800,3
7885.jpg,1797,1795,-2
7890.jpg,1797,1820,23
7895.jpg,1797,1850,53
7900.jpg,1797,1870,73
7905.jpg,1797,1820,23
7915.jpg,1797,1800,3
7920.jpg,1797,1920,123
7925.jpg,1797,1830,33
7930.jpg,1797,1920,123
7935.jpg,1797,1950,153
7940.jpg,1797,1860,63
7945.jpg,1797,1600,-197
7950.jpg,1797,1900,103
7955.jpg,1798,1900,102
7960.jpg,1798,1800,2
7965.jpg,1798,1700,-98
7970.jpg,1798,1800,2
7975.jpg,1798,1830,32
7980.jpg,1798,1840,42
7985.jpg,1798,1860,62
7990.jpg,1798,1890,92
7995.jpg,1798,1840,42
8000.jpg,1798,1870,72
8005.jpg,1798,1920,122
8010.jpg,1798,1900,102
8015.jpg,1798,1830,32
8020.jpg,1798,1900,102
8025.jpg,1798,1860,62
8030.jpg,1798,2000,202
8035.jpg,1798,1800,2
8040.jpg,1798,1950,152
8045.jpg,1798,1800,2
8055.jpg,1798,1860,62
8060.jpg,1799,2000,201
8065.jpg,1799,1900,101
8070.jpg,1799,1840,41
8075.jpg,1799,1800,1
8080.jpg,1799,1820,21
8085.jpg,1799,1800,1
8090.jpg,1799,1790,-9
8095.jpg,1799,1790,-9
8100.jpg,1799,1830,31
8105.jpg,1799,1800,1
8110.jpg,1799,1600,-199
8115.jpg,1800,1800,0
8120.jpg,1800,1900,100
8125.jpg,1800,1800,0
8130.jpg,1800,1860,60
8135.jpg,1800,1950,150
8140.jpg,1800,1820,20
8145.jpg,1800,1900,100
8150.jpg,1800,1800,0
8155.jpg,1800,1890,90
8160.jpg,1800,1920,120
8165.jpg,1800,1800,0
8170.jpg,1800,1800,0
8175.jpg,1800,1800,0
8180.jpg,1800,1940,140
8185.jpg,1800,1900,100
8190.jpg,1800,1800,0
8195.jpg,1800,1870,70
8200.jpg,1800,1950,150
8205.jpg,1800,1800,0
8210.jpg,1800,1900,100
8215.jpg,1800,1900,100
8220.jpg,1800,1850,50
8225.jpg,1800,1880,80
8230.jpg,1800,1920,120
8235.jpg,1800,1820,20
8240.jpg,1800,1900,100
8245.jpg,1800,1900,100
8250.jpg,1800,1800,0
8255.jpg,1800,1820,20
8260.jpg,1800,1780,-20
8265.jpg,1800,1850,50
8270.jpg,1800,1850,50
8275.jpg,1800,1910,110
8280.jpg,1800,1940,140
8285.jpg,1800,2000,200
8295.jpg,1800,1880,80
8300.jpg,1801,1700,-101
8305.jpg,1801,1940,139
8310.jpg,1801,1860,59
8315.jpg,1801,1900,99
8320.jpg,1801,1880,79
8325.jpg,1801,1857,56
8330.jpg,1801,1950,149
8335.jpg,1801,1920,119
8340.jpg,1801,1850,49
8345.jpg,1801,1850,49
8350.jpg,1801,1900,99
8355.jpg,1801,1850,49
8360.jpg,1801,1870,69
8365.jpg,1801,1890,89
8375.jpg,1802,1940,138
8380.jpg,1802,1907,105
8385.jpg,1802,1800,-2
8390.jpg,1802,1900,98
8395.jpg,1802,1880,78
8400.jpg,1802,1850,48
8405.jpg,1802,1860,58
8410.jpg,1802,1775,-27
8415.jpg,1802,1823,21
8420.jpg,1802,1860,58
8425.jpg,1802,1814,12
8430.jpg,1802,1800,-2
8435.jpg,1802,1770,-32
8440.jpg,1803,1901,98
8445.jpg,1803,1840,37
8450.jpg,1803,1830,27
8455.jpg,1803,1900,97
8460.jpg,1803,1900,97
8465.jpg,1803,1800,-3
8470.jpg,1803,1910,107
8475.jpg,1803,1900,97
8480.jpg,1803,1800,-3
8485.jpg,1803,1820,17
8490.jpg,1803,1890,87
8495.jpg,1803,1900,97
8500.jpg,1803,2000,197
8505.jpg,1803,1830,27
8515.jpg,1804,1900,96
8520.jpg,1804,1900,96
8525.jpg,1804,1830,26
8530.jpg,1804,1950,146
8535.jpg,1804,1950,146
8540.jpg,1804,1890,86
8545.jpg,1804,1830,26
8550.jpg,1804,1830,26
8555.jpg,1804,1900,96
8560.jpg,1804,1800,-4
8565.jpg,1804,1940,136
8570.jpg,1804,1800,-4
8575.jpg,1804,1970,166
8580.jpg,1804,1800,-4
8585.jpg,1805,1800,-5
8590.jpg,1805,1800,-5
8595.jpg,1805,1825,20
8600.jpg,1805,1900,95
8605.jpg,1805,1800,-5
8610.jpg,1805,1850,45
8615.jpg,1805,1900,95
8620.jpg,1805,1780,-25
8625.jpg,1805,1800,-5
8630.jpg,1805,1800,-5
8635.jpg,1805,1880,75
8640.jpg,1805,1790,-15
8645.jpg,1805,1850,45
8650.jpg,1805,1890,85
8655.jpg,1805,1880,75
8660.jpg,1805,1860,55
8665.jpg,1805,1820,15
8670.jpg,1805,1815,10
8675.jpg,1805,1880,75
8680.jpg,1805,1850,45
8685.jpg,1805,1900,95
8690.jpg,1805,1800,-5
8695.jpg,1806,1900,94
8700.jpg,1806,1800,-6
8705.jpg,1806,1854,48
8710.jpg,1806,1880,74
8715.jpg,1806,1830,24
8720.jpg,1806,2000,194
8725.jpg,1806,1900,94
8730.jpg,1806,1800,-6
8735.jpg,1806,1840,34
8740.jpg,1806,1972,166
8745.jpg,1806,1820,14
8750.jpg,1806,1880,74
8755.jpg,1806,1800,-6
8765.jpg,1807,1800,-7
8770.jpg,1807,1800,-7
8775.jpg,1807,1797,-10
8780.jpg,1807,1890,83
8785.jpg,1807,1930,123
8790.jpg,1807,1940,133
8795.jpg,1807,1830,23
8800.jpg,1807,1850,43
8805.jpg,1807,1880,73
8810.jpg,1807,1900,93
8815.jpg,1807,1800,-7
8820.jpg,1807,1860,53
8825.jpg,1807,1850,43
8830.jpg,1807,1770,-37
8835.jpg,1807,1900,93
8840.jpg,1808,1907,99
8845.jpg,1808,1880,72
8850.jpg,1808,1900,92
8855.jpg,1808,1800,-8
8860.jpg,1808,1890,82
8865.jpg,1808,1900,92
8875.jpg,1808,1830,22
8880.jpg,1808,1780,-28
8885.jpg,1808,1830,22
8890.jpg,1808,1800,-8
8895.jpg,1808,1820,12
8900.jpg,1808,1900,92
8905.jpg,1808,1900,92
8910.jpg,1809,1770,-39
8915.jpg,1809,1860,51
8920.jpg,1809,1900,91
8925.jpg,1809,1900,91
8930.jpg,1809,1800,-9
8935.jpg,1809,1930,121
8940.jpg,1809,1850,41
8945.jpg,1809,1900,91
8950.jpg,1809,1850,41
8955.jpg,1809,1950,141
8965.jpg,1809,1801,-8
8970.jpg,1809,1900,91
8975.jpg,1810,1860,50
8980.jpg,1810,1850,40
8985.jpg,1810,1890,80
8995.jpg,1810,1859,49
9000.jpg,1810,1790,-20
9005.jpg,1810,1920,110
9010.jpg,1810,1850,40
9015.jpg,1810,1910,100
9020.jpg,1810,1890,80
9025.jpg,1810,1840,30
9030.jpg,1810,1800,-10
9035.jpg,1810,1920,110
9040.jpg,1810,1920,110
9045.jpg,1810,1840,30
9050.jpg,1810,1750,-60
9055.jpg,1810,1810,0
9060.jpg,1810,1890,80
9065.jpg,1810,1870,60
9070.jpg,1810,1900,90
9075.jpg,1810,1900,90
9080.jpg,1810,1920,110
9085.jpg,1810,1850,40
9090.jpg,1810,1840,30
9095.jpg,1810,1850,40
9100.jpg,1810,1800,-10
9105.jpg,1810,1800,-10
9110.jpg,1810,1950,140
9115.jpg,1810,1870,60
9120.jpg,1810,1900,90
9125.jpg,1810,1900,90
9130.jpg,1810,1900,90
9135.jpg,1810,1960,150
9140.jpg,1810,1920,110
9145.jpg,1810,1900,90
9150.jpg,1811,1700,-111
9160.jpg,1811,1780,-31
9165.jpg,1811,1830,19
9170.jpg,1811,1800,-11
9175.jpg,1811,1940,129
9180.jpg,1811,1870,59
9185.jpg,1811,1830,19
9190.jpg,1811,1820,9
9195.jpg,1811,1850,39
9200.jpg,1811,1750,-61
9205.jpg,1811,1860,49
9210.jpg,1812,1830,18
9215.jpg,1812,1800,-12
9220.jpg,1812,1500,-312
9225.jpg,1812,1855,43
9230.jpg,1812,1800,-12
9235.jpg,1812,1900,88
9240.jpg,1812,1830,18
9245.jpg,1812,1850,38
9250.jpg,1812,1900,88
9255.jpg,1812,1830,18
9260.jpg,1812,1940,128
9265.jpg,1812,1830,18
9270.jpg,1812,1900,88
9275.jpg,1812,1890,78
9280.jpg,1812,1820,8
9290.jpg,1812,1860,48
9295.jpg,1812,1900,88
9300.jpg,1812,1800,-12
9305.jpg,1812,1830,18
9310.jpg,1813,1830,17
9315.jpg,1813,1880,67
9320.jpg,1813,1800,-13
9325.jpg,1813,1840,27
9330.jpg,1813,1820,7
9335.jpg,1813,1850,37
9340.jpg,1813,1780,-33
9345.jpg,1813,1860,47
9350.jpg,1813,1820,7
9355.jpg,1813,1810,-3
9360.jpg,1813,1910,97
9365.jpg,1813,1910,97
9370.jpg,1813,1860,47
9375.jpg,1814,1800,-14
9390.jpg,1814,1830,16
9395.jpg,1814,1800,-14
9400.jpg,1814,1857,43
9405.jpg,1814,1860,46
9410.jpg,1814,1920,106
9415.jpg,1814,1800,-14
9420.jpg,1814,1860,46
9425.jpg,1814,1800,-14
9430.jpg,1814,1850,36
9435.jpg,1814,1780,-34
9440.jpg,1814,1800,-14
9445.jpg,1814,1850,36
9450.jpg,1814,1810,-4
9455.jpg,1814,1900,86
9460.jpg,1814,1850,36
9465.jpg,1815,1890,75
9470.jpg,1815,1900,85
9475.jpg,1815,1820,5
9480.jpg,1815,1820,5
9485.jpg,1815,1850,35
9490.jpg,1815,1820,5
9495.jpg,1815,1776,-39
9500.jpg,1815,1900,85
9505.jpg,1815,1800,-15
9510.jpg,1815,1950,135
9515.jpg,1815,1880,65
9520.jpg,1815,1850,35
9525.jpg,1815,1860,45
9530.jpg,1815,1800,-15
9535.jpg,1815,1870,55
9540.jpg,1815,1800,-15
9545.jpg,1815,1840,25
9550.jpg,1815,1800,-15
9555.jpg,1815,1800,-15
9560.jpg,1815,1860,45
9565.jpg,1815,1920,105
9570.jpg,1815,1900,85
9575.jpg,1815,1890,75
9580.jpg,1815,1900,85
9585.jpg,1815,1860,45
9590.jpg,1815,1850,35
9595.jpg,1816,2000,184
9600.jpg,1816,1800,-16
9605.jpg,1816,1860,44
9610.jpg,1816,1900,84
9615.jpg,1816,1820,4
9620.jpg,1816,1890,74
9625.jpg,1816,1796,-20
9630.jpg,1816,1850,34
9635.jpg,1816,1830,14
9640.jpg,1816,1850,34
9645.jpg,1816,1800,-16
9650.jpg,1816,1830,14
9655.jpg,1816,1820,4
9660.jpg,1816,1890,74
9665.jpg,1816,1800,-16
9670.jpg,1816,1860,44
9675.jpg,1816,1890,74
9680.jpg,1816,1800,-16
9685.jpg,1816,1850,34
9690.jpg,1816,1890,74
9695.jpg,1816,1900,84
9700.jpg,1816,1900,84
9705.jpg,1816,1800,-16
9710.jpg,1816,1810,-6
9715.jpg,1817,1860,43
9720.jpg,1817,1775,-42
9725.jpg,1817,1830,13
9730.jpg,1817,1950,133
9735.jpg,1817,1890,73
9740.jpg,1817,1900,83
9745.jpg,1817,1790,-27
9750.jpg,1817,1940,123
9755.jpg,1817,1860,43
9760.jpg,1817,1790,-27
9765.jpg,1817,1820,3
9770.jpg,1817,1880,63
9775.jpg,1817,1960,143
9780.jpg,1817,1900,83
9785.jpg,1817,1860,43
9790.jpg,1818,1900,82
9795.jpg,1818,1890,72
9800.jpg,1818,1800,-18
9805.jpg,1818,1920,102
9810.jpg,1818,1850,32
9815.jpg,1818,1800,-18
9820.jpg,1818,1900,82
9825.jpg,1818,1790,-28
9830.jpg,1818,1890,72
9835.jpg,1818,1860,42
9840.jpg,1818,1900,82
9845.jpg,1818,1900,82
9850.jpg,1818,1870,52
9855.jpg,1818,1830,12
9860.jpg,1818,1800,-18
9865.jpg,1818,1800,-18
9870.jpg,1818,1800,-18
9875.jpg,1818,1850,32
9880.jpg,1818,1870,52
9885.jpg,1818,1930,112
9890.jpg,1818,1800,-18
9895.jpg,1818,1825,7
9900.jpg,1818,1811,-7
9905.jpg,1818,1840,22
9910.jpg,1819,1860,41
9915.jpg,1819,1900,81
9920.jpg,1819,1830,11
9925.jpg,1819,1900,81
9930.jpg,1819,1830,11
9935.jpg,1819,1850,31
9940.jpg,1819,1870,51
9945.jpg,1819,1860,41
9950.jpg,1819,1900,81
9955.jpg,1819,1820,1
9960.jpg,1819,1860,41
9965.jpg,1819,1900,81
9970.jpg,1819,1860,41
9975.jpg,1819,1890,71
9980.jpg,1819,1830,11
9985.jpg,1820,1887,67
9990.jpg,1820,1890,70
9995.jpg,1820,1900,80
10000.jpg,1820,1860,40
10005.jpg,1820,1800,-20
10010.jpg,1820,1900,80
10015.jpg,1820,1840,20
10020.jpg,1820,1860,40
10025.jpg,1820,1900,80
10030.jpg,1820,1920,100
10035.jpg,1820,1950,130
10040.jpg,1820,1940,120
10045.jpg,1820,1950,130
10050.jpg,1820,1900,80
10055.jpg,1820,1840,20
10060.jpg,1820,1830,10
10065.jpg,1820,1860,40
10070.jpg,1820,1860,40
10075.jpg,1820,1900,80
10080.jpg,1820,2023,203
10085.jpg,1820,1815,-5
10090.jpg,1820,1780,-40
10095.jpg,1820,1850,30
10100.jpg,1820,1820,0
10105.jpg,1820,1800,-20
10110.jpg,1820,1890,70
10115.jpg,1820,1940,120
10120.jpg,1820,1790,-30
10125.jpg,1820,1880,60
10130.jpg,1820,1800,-20
10135.jpg,1820,1800,-20
10140.jpg,1820,1930,110
10145.jpg,1820,1950,130
10150.jpg,1820,1880,60
10155.jpg,1820,1830,10
10160.jpg,1820,1840,20
10165.jpg,1820,1950,130
10170.jpg,1820,1900,80
10175.jpg,1820,1890,70
10180.jpg,1820,1940,120
10185.jpg,1820,1915,95
10190.jpg,1820,1900,80
10195.jpg,1821,1800,-21
10200.jpg,1821,1920,99
10205.jpg,1821,1915,94
10210.jpg,1821,2000,179
10215.jpg,1821,1905,84
10220.jpg,1821,1860,39
10225.jpg,1821,1890,69
10230.jpg,1821,1835,14
10235.jpg,1821,1880,59
10240.jpg,1821,2000,179
10245.jpg,1821,1900,79
10250.jpg,1821,1820,-1
10255.jpg,1821,1900,79
10260.jpg,1821,1830,9
10265.jpg,1821,1900,79
10270.jpg,1821,1900,79
10275.jpg,1821,1860,39
10280.jpg,1822,1900,78
10285.jpg,1822,1900,78
10290.jpg,1822,1800,-22
10295.jpg,1822,2007,185
10300.jpg,1822,1900,78
10305.jpg,1822,1900,78
10310.jpg,1822,1850,28
10315.jpg,1822,1875,53
10320.jpg,1822,1860,38
10325.jpg,1822,1975,153
10330.jpg,1822,1890,68
10335.jpg,1822,1940,118
10340.jpg,1822,1880,58
10345.jpg,1822,1900,78
10355.jpg,1822,1830,8
10360.jpg,1823,2000,177
10365.jpg,1823,1850,27
10370.jpg,1823,1830,7
10375.jpg,1823,1840,17
10385.jpg,1823,1859,36
10390.jpg,1823,1900,77
10395.jpg,1823,1850,27
10400.jpg,1823,1970,147
10405.jpg,1823,1890,67
10410.jpg,1823,1860,37
10415.jpg,1823,1830,7
10420.jpg,1823,1920,97
10425.jpg,1823,1800,-23
10430.jpg,1823,1900,77
10435.jpg,1823,1950,127
10440.jpg,1823,1900,77
10445.jpg,1823,1920,97
10450.jpg,1823,1835,12
10455.jpg,1824,1800,-24
10460.jpg,1824,1820,-4
10465.jpg,1824,1850,26
10470.jpg,1824,1870,46
10475.jpg,1824,2000,176
10480.jpg,1824,1895,71
10485.jpg,1824,1850,26
10490.jpg,1824,1850,26
10495.jpg,1824,1820,-4
10500.jpg,1824,1900,76
10505.jpg,1824,2000,176
10510.jpg,1824,1990,166
10515.jpg,1824,1950,126
10520.jpg,1824,1900,76
10525.jpg,1824,2000,176
10530.jpg,1824,1860,36
10535.jpg,1824,1820,-4
10540.jpg,1824,1830,6
10545.jpg,1824,1826,2
10550.jpg,1825,1856,31
10555.jpg,1825,1880,55
10560.jpg,1825,1850,25
10565.jpg,1825,1870,45
10570.jpg,1825,1900,75
10575.jpg,1825,1860,35
10580.jpg,1825,1863,38
10585.jpg,1825,1860,35
10590.jpg,1825,1800,-25
10595.jpg,1825,1850,25
10600.jpg,1825,1850,25
10605.jpg,1825,1830,5
10610.jpg,1825,1900,75
10615.jpg,1825,1900,75
10620.jpg,1825,1900,75
10625.jpg,1825,2000,175
10630.jpg,1825,1950,125
10635.jpg,1825,1920,95
10640.jpg,1825,1950,125
10645.jpg,1825,1780,-45
10650.jpg,1825,1830,5
10655.jpg,1825,1900,75
10660.jpg,1825,1800,-25
10665.jpg,1825,1850,25
10670.jpg,1825,1850,25
10675.jpg,1825,1850,25
10680.jpg,1825,1900,75
10685.jpg,1825,1940,115
10690.jpg,1825,1800,-25
10695.jpg,1825,1900,75
10700.jpg,1825,1890,65
10705.jpg,1825,1860,35
10710.jpg,1825,1900,75
10715.jpg,1825,1890,65
10720.jpg,1825,1840,15
10725.jpg,1825,1900,75
10730.jpg,1826,1880,54
10735.jpg,1826,1800,-26
10745.jpg,1826,1830,4
10750.jpg,1826,1832,6
10755.jpg,1826,1900,74
10760.jpg,1826,1850,24
10765.jpg,1826,1790,-36
10770.jpg,1826,1880,54
10775.jpg,1826,1800,-26
10780.jpg,1826,1840,14
10785.jpg,1826,1880,54
10790.jpg,1826,1880,54
10795.jpg,1826,1809,-17
10800.jpg,1826,1900,74
10805.jpg,1826,1820,-6
10810.jpg,1826,1800,-26
10815.jpg,1826,1850,24
10820.jpg,1826,1800,-26
10825.jpg,1826,1880,54
10830.jpg,1826,1910,84
10835.jpg,1827,1827,0
10840.jpg,1827,1850,23
10845.jpg,1827,1800,-27
10850.jpg,1827,1890,63
10855.jpg,1827,1860,33
10860.jpg,1827,1900,73
10865.jpg,1827,1900,73
10870.jpg,1827,1900,73
10875.jpg,1827,1800,-27
10880.jpg,1827,1860,33
10885.jpg,1827,1890,63
10890.jpg,1827,1900,73
10895.jpg,1827,1820,-7
10900.jpg,1827,1850,23
10905.jpg,1827,1770,-57
10910.jpg,1827,1880,53
10915.jpg,1827,1800,-27
10920.jpg,1827,1820,-7
10925.jpg,1827,1850,23
10930.jpg,1827,1900,73
10935.jpg,1827,1820,-7
10940.jpg,1827,2023,196
10945.jpg,1828,1850,22
10950.jpg,1828,1850,22
10955.jpg,1828,1850,22
10960.jpg,1828,1830,2
10965.jpg,1828,1900,72
10970.jpg,1828,1820,-8
10975.jpg,1828,1900,72
10980.jpg,1828,1860,32
10985.jpg,1828,1885,57
10990.jpg,1828,1900,72
10995.jpg,1828,1860,32
11000.jpg,1828,1900,72
11005.jpg,1828,1850,22
11010.jpg,1828,1830,2
11015.jpg,1828,1840,12
11020.jpg,1828,1800,-28
11025.jpg,1828,1820,-8
11030.jpg,1828,1860,32
11035.jpg,1828,1830,2
11040.jpg,1828,1850,22
11045.jpg,1828,1930,102
11050.jpg,1828,1780,-48
11055.jpg,1828,1800,-28
11060.jpg,1828,1850,22
11065.jpg,1829,1800,-29
11070.jpg,1829,1950,121
11075.jpg,1829,1850,21
11080.jpg,1829,1860,31
11085.jpg,1829,1900,71
11090.jpg,1829,1830,1
11095.jpg,1829,1886,57
11100.jpg,1829,1900,71
11105.jpg,1829,1857,28
11110.jpg,1829,1800,-29
11115.jpg,1829,1860,31
11120.jpg,1829,1890,61
11125.jpg,1829,1830,1
11130.jpg,1829,1890,61
11135.jpg,1829,1850,21
11140.jpg,1829,1890,61
11145.jpg,1829,1830,1
11150.jpg,1829,1900,71
11155.jpg,1829,1940,111
11160.jpg,1829,1800,-29
11165.jpg,1829,1900,71
11170.jpg,1830,1800,-30
11175.jpg,1830,1890,60
11180.jpg,1830,1900,70
11185.jpg,1830,1800,-30
11190.jpg,1830,1890,60
11195.jpg,1830,1800,-30
11200.jpg,1830,1830,0
11205.jpg,1830,1860,30
11210.jpg,1830,1900,70
11215.jpg,1830,1800,-30
11220.jpg,1830,1800,-30
11225.jpg,1830,1850,20
11230.jpg,1830,1800,-30
11235.jpg,1830,1900,70
11240.jpg,1830,1860,30
11245.jpg,1830,1950,120
11250.jpg,1830,1940,110
11255.jpg,1830,2023,193
11260.jpg,1830,1800,-30
11265.jpg,1830,1860,30
11270.jpg,1830,2000,170
11275.jpg,1830,1840,10
11280.jpg,1830,1900,70
11285.jpg,1830,1800,-30
11290.jpg,1830,1790,-40
11295.jpg,1830,1900,70
11300.jpg,1830,1850,20
11305.jpg,1830,1940,110
11310.jpg,1830,1900,70
11315.jpg,1830,1850,20
11320.jpg,1830,1900,70
11325.jpg,1830,1880,50
11330.jpg,1830,1930,100
11335.jpg,1830,1860,30
11340.jpg,1830,1950,120
11345.jpg,1830,1950,120
11350.jpg,1830,1940,110
11355.jpg,1830,1900,70
11360.jpg,1830,1920,90
11365.jpg,1830,1830,0
11370.jpg,1830,1875,45
11375.jpg,1830,1800,-30
11380.jpg,1830,1890,60
11385.jpg,1830,1800,-30
11390.jpg,1830,1930,100
11395.jpg,1830,1820,-10
11400.jpg,1831,1830,-1
11405.jpg,1831,1800,-31
11410.jpg,1831,1860,29
11415.jpg,1831,1870,39
11420.jpg,1831,1890,59
11425.jpg,1831,1857,26
11430.jpg,1831,1880,49
11435.jpg,1831,1900,69
11440.jpg,1831,1920,89
11445.jpg,1831,1800,-31
11450.jpg,1831,1950,119
11455.jpg,1831,1830,-1
11460.jpg,1831,1900,69
11465.jpg,1831,1820,-11
11470.jpg,1831,1830,-1
11475.jpg,1831,2000,169
11480.jpg,1831,1900,69
11485.jpg,1831,2000,169
11490.jpg,1832,1990,158
11495.jpg,1832,1900,68
11500.jpg,1832,1800,-32
11505.jpg,1832,1850,18
11510.jpg,1832,1800,-32
11515.jpg,1832,1831,-1
11525.jpg,1832,1950,118
11530.jpg,1832,1880,48
11535.jpg,1832,1900,68
11540.jpg,1832,1830,-2
11545.jpg,1832,1900,68
11550.jpg,1832,1900,68
11555.jpg,1832,1880,48
11560.jpg,1832,1920,88
11565.jpg,1832,1800,-32
11570.jpg,1832,1880,48
11575.jpg,1832,1830,-2
11580.jpg,1832,1820,-12
11585.jpg,1832,2023,191
11590.jpg,1832,1900,68
11595.jpg,1832,1800,-32
11600.jpg,1832,1830,-2
11605.jpg,1832,1810,-22
11610.jpg,1832,1920,88
11615.jpg,1832,1800,-32
11620.jpg,1832,1800,-32
11625.jpg,1832,1900,68
11630.jpg,1832,1897,65
11635.jpg,1832,1970,138
11640.jpg,1832,1897,65
11645.jpg,1833,1900,67
11650.jpg,1833,1880,47
11655.jpg,1833,1900,67
11660.jpg,1833,1852,19
11665.jpg,1833,1900,67
11670.jpg,1833,1860,27
11675.jpg,1833,1830,-3
11680.jpg,1833,1850,17
11685.jpg,1833,1880,47
11690.jpg,1833,1860,27
11695.jpg,1833,1900,67
11700.jpg,1833,1800,-33
11705.jpg,1833,1900,67
11710.jpg,1833,1920,87
11715.jpg,1833,1800,-33
11720.jpg,1833,2000,167
11725.jpg,1833,1900,67
11730.jpg,1833,1800,-33
11735.jpg,1833,1860,27
11740.jpg,1833,1860,27
11745.jpg,1833,1780,-53
11750.jpg,1833,1910,77
11755.jpg,1833,1800,-33
11760.jpg,1833,1900,67
11765.jpg,1833,1892,59
11770.jpg,1834,1890,56
11775.jpg,1834,1800,-34
11780.jpg,1834,1820,-14
11785.jpg,1834,1700,-134
11790.jpg,1834,1970,136
11795.jpg,1834,1860,26
11800.jpg,1834,1830,-4
11805.jpg,1834,1764,-70
11810.jpg,1834,1890,56
11815.jpg,1834,1900,66
11820.jpg,1834,1840,6
11825.jpg,1834,1850,16
11830.jpg,1834,1890,56
11835.jpg,1834,1880,46
11840.jpg,1834,1880,46
11845.jpg,1834,1900,66
11850.jpg,1834,1850,16
11855.jpg,1834,1875,41
11860.jpg,1834,2000,166
11865.jpg,1834,1860,26
11870.jpg,1834,2023,189
11875.jpg,1834,1820,-14
11880.jpg,1834,1840,6
11885.jpg,1834,1830,-4
11890.jpg,1834,1834,0
11895.jpg,1834,1825,-9
11900.jpg,1835,1835,0
11905.jpg,1835,1950,115
11910.jpg,1835,2006,171
11915.jpg,1835,1900,65
11920.jpg,1835,1930,95
11925.jpg,1835,1900,65
11930.jpg,1835,1890,55
11935.jpg,1835,1900,65
11940.jpg,1835,1900,65
11945.jpg,1835,1880,45
11950.jpg,1835,1860,25
11955.jpg,1835,1800,-35
11960.jpg,1835,1800,-35
11965.jpg,1835,1980,145
11970.jpg,1835,1850,15
11980.jpg,1835,1880,45
11985.jpg,1835,1940,105
11990.jpg,1835,1890,55
11995.jpg,1835,1900,65
12000.jpg,1835,1920,85
12005.jpg,1835,1920,85
12010.jpg,1835,1850,15
12015.jpg,1835,1900,65
12020.jpg,1835,1920,85
12025.jpg,1835,1950,115
12030.jpg,1835,1900,65
12035.jpg,1835,1900,65
12040.jpg,1835,1850,15
12045.jpg,1835,1900,65
12050.jpg,1835,1850,15
12055.jpg,1835,1890,55
12060.jpg,1835,1900,65
12065.jpg,1835,1970,135
12070.jpg,1835,1800,-35
12075.jpg,1835,1900,65
12080.jpg,1835,1830,-5
12085.jpg,1835,1820,-15
12090.jpg,1835,1900,65
12095.jpg,1835,1850,15
12100.jpg,1835,1900,65
12105.jpg,1835,1860,25
12110.jpg,1835,1860,25
12115.jpg,1835,1835,0
12120.jpg,1835,1900,65
12125.jpg,1835,1950,115
12130.jpg,1836,1850,14
12135.jpg,1836,1900,64
12140.jpg,1836,1800,-36
12145.jpg,1836,1930,94
12150.jpg,1836,1860,24
12155.jpg,1836,1830,-6
12160.jpg,1836,1900,64
12170.jpg,1836,1860,24
12175.jpg,1836,1780,-56
12180.jpg,1836,1900,64
12185.jpg,1836,1860,24
12190.jpg,1836,1830,-6
12195.jpg,1836,1900,64
12200.jpg,1836,1900,64
12205.jpg,1836,1900,64
12210.jpg,1836,1900,64
12215.jpg,1836,1880,44
12220.jpg,1836,1830,-6
12225.jpg,1836,1890,54
12230.jpg,1836,1900,64
12235.jpg,1836,1850,14
12240.jpg,1836,1690,-146
12245.jpg,1836,1890,54
12250.jpg,1836,1860,24
12255.jpg,1836,1840,4
12260.jpg,1836,1800,-36
12265.jpg,1836,1850,14
12270.jpg,1836,1820,-16
12275.jpg,1836,1800,-36
12280.jpg,1837,1800,-37
12285.jpg,1837,1857,20
12290.jpg,1837,1870,33
12295.jpg,1837,1880,43
12300.jpg,1837,1890,53
12305.jpg,1837,1830,-7
12310.jpg,1837,1900,63
12315.jpg,1837,1830,-7
12320.jpg,1837,1950,113
12325.jpg,1837,1880,43
12330.jpg,1837,1890,53
12335.jpg,1837,1850,13
12340.jpg,1837,1820,-17
12345.jpg,1837,1750,-87
12350.jpg,1837,1940,103
12355.jpg,1837,1900,63
12360.jpg,1837,2000,163
12365.jpg,1837,1900,63
12370.jpg,1837,1850,13
12375.jpg,1837,1870,33
12380.jpg,1837,1890,53
12385.jpg,1837,1830,-7
12390.jpg,1837,1930,93
12395.jpg,1837,1860,23
12400.jpg,1837,1900,63
12405.jpg,1837,1850,13
12410.jpg,1837,1960,123
12415.jpg,1837,1890,53
12420.jpg,1837,1820,-17
12425.jpg,1837,1900,63
12430.jpg,1837,1790,-47
12435.jpg,1837,1950,113
12440.jpg,1837,1900,63
12445.jpg,1837,1900,63
12450.jpg,1838,1900,62
12455.jpg,1838,1850,12
12460.jpg,1838,1860,22
12465.jpg,1838,1860,22
12470.jpg,1838,1890,52
12475.jpg,1838,1900,62
12480.jpg,1838,1890,52
12485.jpg,1838,1850,12
12490.jpg,1838,1870,32
12495.jpg,1838,1869,31
12500.jpg,1838,1865,27
12505.jpg,1838,1830,-8
12510.jpg,1838,1980,142
12515.jpg,1838,1950,112
12520.jpg,1838,1800,-38
12525.jpg,1838,1940,102
12530.jpg,1838,1890,52
12535.jpg,1838,1920,82
12540.jpg,1838,1880,42
12545.jpg,1838,1900,62
12550.jpg,1838,1910,72
12555.jpg,1838,2000,162
12560.jpg,1838,1850,12
12565.jpg,1838,1890,52
12570.jpg,1838,1800,-38
12575.jpg,1838,1800,-38
12580.jpg,1838,1800,-38
12585.jpg,1838,1830,-8
12590.jpg,1838,1850,12
12600.jpg,1838,2000,162
12605.jpg,1838,2000,162
12610.jpg,1838,1880,42
12615.jpg,1838,1810,-28
12620.jpg,1838,1850,12
12625.jpg,1839,1950,111
12630.jpg,1839,1820,-19
12635.jpg,1839,1900,61
12640.jpg,1839,1930,91
12645.jpg,1839,1900,61
12650.jpg,1839,1900,61
12655.jpg,1839,1855,16
12660.jpg,1839,1905,66
12665.jpg,1839,1890,51
12670.jpg,1839,1840,1
12675.jpg,1839,1900,61
12680.jpg,1839,1800,-39
12685.jpg,1839,1850,11
12690.jpg,1839,1980,141
12695.jpg,1839,1880,41
12700.jpg,1839,1875,36
12705.jpg,1839,1800,-39
12710.jpg,1839,1900,61
12715.jpg,1839,1830,-9
12720.jpg,1839,1920,81
12725.jpg,1839,2023,184
12730.jpg,1839,1870,31
12735.jpg,1839,1900,61
12740.jpg,1839,1830,-9
12745.jpg,1839,1830,-9
12750.jpg,1839,1900,61
12755.jpg,1839,1940,101
12760.jpg,1839,1840,1
12765.jpg,1839,1750,-89
12770.jpg,1839,2000,161
12775.jpg,1839,1800,-39
12780.jpg,1840,1900,60
12785.jpg,1840,1950,110
12790.jpg,1840,1800,-40
12795.jpg,1840,1900,60
12800.jpg,1840,1900,60
12805.jpg,1840,1850,10
12810.jpg,1840,1810,-30
12815.jpg,1840,1870,30
12820.jpg,1840,1830,-10
12825.jpg,1840,1860,20
12830.jpg,1840,1870,30
12835.jpg,1840,1950,110
12840.jpg,1840,1857,17
12845.jpg,1840,1820,-20
12850.jpg,1840,1840,0
12860.jpg,1840,1930,90
12865.jpg,1840,1920,80
12870.jpg,1840,1950,110
12875.jpg,1840,1860,20
12880.jpg,1840,1840,0
12885.jpg,1840,1800,-40
12890.jpg,1840,1800,-40
12895.jpg,1840,1900,60
12900.jpg,1840,1900,60
12905.jpg,1840,1950,110
12910.jpg,1840,1950,110
12915.jpg,1840,1875,35
12920.jpg,1840,1870,30
12925.jpg,1840,1900,60
12930.jpg,1840,1890,50
12935.jpg,1840,1900,60
12940.jpg,1840,1900,60
12945.jpg,1840,1910,70
12950.jpg,1840,1860,20
12955.jpg,1840,1900,60
12960.jpg,1840,1830,-10
12965.jpg,1840,1800,-40
12970.jpg,1840,1810,-30
12975.jpg,1840,1850,10
12980.jpg,1840,1950,110
12985.jpg,1840,1900,60
12990.jpg,1840,1850,10
12995.jpg,1840,1940,100
13005.jpg,1840,1870,30
13010.jpg,1840,1950,110
13015.jpg,1840,1900,60
13020.jpg,1840,1890,50
13025.jpg,1840,1890,50
13030.jpg,1841,1900,59
13035.jpg,1841,1800,-41
13040.jpg,1841,1900,59
13045.jpg,1841,1900,59
13050.jpg,1841,1930,89
13055.jpg,1841,1835,-6
13060.jpg,1841,1850,9
13065.jpg,1841,1880,39
13070.jpg,1841,1850,9
13075.jpg,1841,1900,59
13080.jpg,1841,1850,9
13085.jpg,1841,1990,149
13090.jpg,1841,1900,59
13095.jpg,1841,1900,59
13100.jpg,1841,1850,9
13105.jpg,1841,1880,39
13110.jpg,1841,1840,-1
13115.jpg,1841,1830,-11
13120.jpg,1841,1980,139
13125.jpg,1841,1850,9
13130.jpg,1841,1750,-91
13135.jpg,1841,1850,9
13140.jpg,1841,1880,39
13145.jpg,1842,1900,58
13150.jpg,1842,1790,-52
13155.jpg,1842,1920,78
13160.jpg,1842,1850,8
13165.jpg,1842,1800,-42
13170.jpg,1842,1856,14
13175.jpg,1842,1860,18
13180.jpg,1842,1890,48
13185.jpg,1842,1870,28
13190.jpg,1842,1870,28
13195.jpg,1842,1920,78
13200.jpg,1842,1890,48
13205.jpg,1842,1790,-52
13210.jpg,1842,1860,18
13215.jpg,1842,1920,78
13220.jpg,1842,1820,-22
13225.jpg,1842,1880,38
13230.jpg,1842,1880,38
13235.jpg,1842,1830,-12
13240.jpg,1842,1830,-12
13245.jpg,1842,1950,108
13250.jpg,1842,1900,58
13255.jpg,1842,1900,58
13260.jpg,1842,1820,-22
13265.jpg,1842,1950,108
13270.jpg,1842,1890,48
13275.jpg,1842,1810,-32
13280.jpg,1842,1550,-292
13285.jpg,1842,1880,38
13290.jpg,1842,1900,58
13295.jpg,1842,2000,158
13300.jpg,1843,1821,-22
13305.jpg,1843,1900,57
13310.jpg,1843,1845,2
13315.jpg,1843,1890,47
13320.jpg,1843,1820,-23
13325.jpg,1843,1940,97
13330.jpg,1843,1910,67
13335.jpg,1843,1970,127
13340.jpg,1843,1850,7
13345.jpg,1843,1890,47
13350.jpg,1843,1860,17
13355.jpg,1843,1890,47
13360.jpg,1843,1900,57
13365.jpg,1843,1800,-43
13370.jpg,1843,1860,17
13380.jpg,1843,1890,47
13385.jpg,1843,1880,37
13390.jpg,1843,1850,7
13395.jpg,1843,1950,107
13400.jpg,1843,1920,77
13405.jpg,1843,2000,157
13410.jpg,1843,1940,97
13415.jpg,1843,1880,37
13420.jpg,1843,2000,157
13425.jpg,1843,1850,7
13430.jpg,1844,1900,56
13435.jpg,1844,1890,46
13440.jpg,1844,1900,56
13445.jpg,1844,2000,156
13450.jpg,1844,1870,26
13455.jpg,1844,1850,6
13460.jpg,1844,1880,36
13465.jpg,1844,1830,-14
13470.jpg,1844,1850,6
13475.jpg,1844,1860,16
13480.jpg,1844,1900,56
13485.jpg,1844,1890,46
13490.jpg,1844,1860,16
13495.jpg,1844,1900,56
13500.jpg,1844,1840,-4
13505.jpg,1844,1880,36
13510.jpg,1844,1900,56
13515.jpg,1844,1910,66
13520.jpg,1844,1860,16
13525.jpg,1844,1900,56
13530.jpg,1844,1860,16
13535.jpg,1844,1990,146
13540.jpg,1844,1927,83
13545.jpg,1844,1830,-14
13550.jpg,1844,1870,26
13555.jpg,1844,1890,46
13560.jpg,1844,1900,56
13565.jpg,1845,1700,-145
13570.jpg,1845,1850,5
13575.jpg,1845,1900,55
13580.jpg,1845,1880,35
13585.jpg,1845,1900,55
13590.jpg,1845,1890,45
13595.jpg,1845,1887,42
13600.jpg,1845,1900,55
13605.jpg,1845,1930,85
13610.jpg,1845,1970,125
13615.jpg,1845,1905,60
13620.jpg,1845,1900,55
13625.jpg,1845,1850,5
13630.jpg,1845,1870,25
13635.jpg,1845,1840,-5
13640.jpg,1845,1900,55
13645.jpg,1845,1870,25
13650.jpg,1845,1900,55
13655.jpg,1845,1860,15
13660.jpg,1845,1890,45
13665.jpg,1845,1890,45
13670.jpg,1845,2000,155
13675.jpg,1845,1860,15
13680.jpg,1845,1900,55
13685.jpg,1845,2023,178
13690.jpg,1845,1860,15
13695.jpg,1845,1830,-15
13700.jpg,1845,1860,15
13705.jpg,1845,1800,-45
13710.jpg,1845,1920,75
13720.jpg,1845,1920,75
13725.jpg,1845,1890,45
13730.jpg,1845,1900,55
13735.jpg,1845,1900,55
13740.jpg,1845,1900,55
13745.jpg,1845,1900,55
13750.jpg,1845,1910,65
13755.jpg,1845,1800,-45
13760.jpg,1845,1950,105
13765.jpg,1845,1800,-45
13770.jpg,1845,1860,15
13775.jpg,1845,1898,53
13780.jpg,1845,1800,-45
13785.jpg,1845,1990,145
13790.jpg,1845,1890,45
13795.jpg,1845,2000,155
13800.jpg,1845,1920,75
13805.jpg,1846,1860,14
13810.jpg,1846,1904,58
13815.jpg,1846,1890,44
13820.jpg,1846,1860,14
13825.jpg,1846,1848,2
13830.jpg,1846,1830,-16
13835.jpg,1846,1856,10
13840.jpg,1846,1920,74
13845.jpg,1846,1800,-46
13850.jpg,1846,1890,44
13855.jpg,1846,1900,54
13860.jpg,1846,1850,4
13865.jpg,1846,1900,54
13870.jpg,1846,1900,54
13875.jpg,1846,1880,34
13880.jpg,1846,1900,54
13885.jpg,1846,1850,4
13890.jpg,1846,1860,14
13895.jpg,1846,1950,104
13900.jpg,1846,1890,44
13905.jpg,1846,1800,-46
13910.jpg,1846,1830,-16
13915.jpg,1846,1840,-6
13920.jpg,1846,1900,54
13925.jpg,1846,1950,104
13930.jpg,1846,1940,94
13935.jpg,1846,1800,-46
13940.jpg,1847,1892,45
13945.jpg,1847,1820,-27
13950.jpg,1847,1910,63
13955.jpg,1847,1900,53
13960.jpg,1847,1900,53
13965.jpg,1847,1860,13
13970.jpg,1847,1920,73
13975.jpg,1847,1840,-7
13980.jpg,1847,1850,3
13985.jpg,1847,1860,13
13990.jpg,1847,1880,33
13995.jpg,1847,1850,3
14000.jpg,1847,1890,43
14005.jpg,1847,1820,-27
14010.jpg,1847,1830,-17
14015.jpg,1847,1890,43
14020.jpg,1847,1900,53
14030.jpg,1847,1890,43
14035.jpg,1847,1910,63
14040.jpg,1847,1890,43
14045.jpg,1847,1800,-47
14050.jpg,1847,1875,28
14055.jpg,1847,1900,53
14060.jpg,1847,2000,153
14065.jpg,1847,1900,53
14070.jpg,1847,1860,13
14075.jpg,1847,1890,43
14080.jpg,1847,1850,3
14085.jpg,1847,1890,43
14090.jpg,1847,1860,13
14095.jpg,1847,1850,3
14100.jpg,1847,1950,103
14105.jpg,1847,1950,103
14110.jpg,1848,1895,47
14115.jpg,1848,1800,-48
14120.jpg,1848,1900,52
14125.jpg,1848,2000,152
14130.jpg,1848,1830,-18
14135.jpg,1848,1800,-48
14140.jpg,1848,1880,32
14145.jpg,1848,1820,-28
14150.jpg,1848,1865,17
14155.jpg,1848,1880,32
14160.jpg,1848,1868,20
14165.jpg,1848,1850,2
14170.jpg,1848,1880,32
14175.jpg,1848,1850,2
14180.jpg,1848,1890,42
14185.jpg,1848,1900,52
14190.jpg,1848,1910,62
14195.jpg,1848,1880,32
14200.jpg,1848,1900,52
14205.jpg,1848,1890,42
14210.jpg,1848,1880,32
14215.jpg,1848,1870,22
14220.jpg,1848,1860,12
14225.jpg,1848,1864,16
14230.jpg,1848,1800,-48
14235.jpg,1848,1880,32
14240.jpg,1848,1890,42
14245.jpg,1848,1840,-8
14250.jpg,1848,1850,2
14255.jpg,1848,1890,42
14260.jpg,1848,1830,-18
14265.jpg,1848,1900,52
14270.jpg,1848,1810,-38
14275.jpg,1848,1900,52
14280.jpg,1848,1850,2
14285.jpg,1848,1890,42
14290.jpg,1848,1830,-18
14295.jpg,1848,1880,32
14300.jpg,1848,1930,82
14305.jpg,1848,1860,12
14310.jpg,1848,2000,152
14315.jpg,1848,1900,52
14320.jpg,1848,1980,132
14325.jpg,1848,1830,-18
14330.jpg,1848,1890,42
14335.jpg,1848,1800,-48
14340.jpg,1849,1700,-149
14345.jpg,1849,1850,1
14350.jpg,1849,1920,71
14355.jpg,1849,1850,1
14360.jpg,1849,2010,161
14365.jpg,1849,1900,51
14370.jpg,1849,1900,51
14375.jpg,1849,1970,121
14380.jpg,1849,1880,31
14385.jpg,1849,1800,-49
14390.jpg,1849,1890,41
14395.jpg,1849,1940,91
14400.jpg,1849,1820,-29
14405.jpg,1849,1890,41
14410.jpg,1849,1970,121
14415.jpg,1849,1890,41
14420.jpg,1849,1837,-12
14425.jpg,1849,1880,31
14430.jpg,1849,1850,1
14435.jpg,1849,1870,21
14440.jpg,1849,1830,-19
14445.jpg,1849,1900,51
14450.jpg,1849,1950,101
14455.jpg,1849,1900,51
14460.jpg,1849,1830,-19
14465.jpg,1849,1860,11
14470.jpg,1849,1910,61
14475.jpg,1849,1820,-29
14480.jpg,1849,1900,51
14485.jpg,1849,1850,1
14490.jpg,1849,1650,-199
14495.jpg,1849,1900,51
14500.jpg,1849,1899,50
14505.jpg,1850,1800,-50
14510.jpg,1850,1850,0
14515.jpg,1850,1800,-50
14520.jpg,1850,1890,40
14525.jpg,1850,1825,-25
14530.jpg,1850,1950,100
14535.jpg,1850,1900,50
14540.jpg,1850,1900,50
14545.jpg,1850,1800,-50
14550.jpg,1850,1900,50
14555.jpg,1850,1900,50
14560.jpg,1850,1900,50
14565.jpg,1850,1835,-15
14570.jpg,1850,1890,40
14575.jpg,1850,1850,0
14580.jpg,1850,1870,20
14585.jpg,1850,1840,-10
14590.jpg,1850,1880,30
14600.jpg,1850,1857,7
14605.jpg,1850,1880,30
14610.jpg,1850,1840,-10
14615.jpg,1850,2023,173
14620.jpg,1850,1900,50
14625.jpg,1850,1860,10
14630.jpg,1850,1880,30
14635.jpg,1850,1830,-20
14640.jpg,1850,1840,-10
14645.jpg,1850,1890,40
14650.jpg,1850,1950,100
14655.jpg,1850,1850,0
14660.jpg,1850,1900,50
14665.jpg,1850,1900,50
14670.jpg,1850,1830,-20
14675.jpg,1850,1820,-30
14680.jpg,1850,1900,50
14685.jpg,1850,1990,140
14690.jpg,1850,1840,-10
14695.jpg,1850,1840,-10
14700.jpg,1850,1900,50
14705.jpg,1850,1900,50
14710.jpg,1850,1900,50
14715.jpg,1850,1830,-20
14720.jpg,1850,1880,30
14725.jpg,1850,1850,0
14730.jpg,1850,1900,50
14735.jpg,1850,1860,10
14740.jpg,1850,1900,50
14745.jpg,1850,1900,50
14750.jpg,1850,1930,80
14755.jpg,1850,1880,30
14760.jpg,1850,1800,-50
14765.jpg,1850,1910,60
14770.jpg,1850,1900,50
14775.jpg,1850,2000,150
14780.jpg,1850,1800,-50
14785.jpg,1851,1890,39
14790.jpg,1851,1900,49
14795.jpg,1851,1910,59
14800.jpg,1851,1900,49
14805.jpg,1851,1930,79
14810.jpg,1851,1884,33
14815.jpg,1851,1900,49
14820.jpg,1851,1890,39
14825.jpg,1851,1900,49
14830.jpg,1851,1880,29
14835.jpg,1851,1850,-1
14840.jpg,1851,1840,-11
14845.jpg,1851,1880,29
14850.jpg,1851,1950,99
14855.jpg,1851,1950,99
14860.jpg,1851,1900,49
14865.jpg,1851,1850,-1
14870.jpg,1851,1850,-1
14880.jpg,1851,1800,-51
14885.jpg,1851,1860,9
14890.jpg,1851,1900,49
14895.jpg,1851,1800,-51
14900.jpg,1851,1860,9
14905.jpg,1851,1890,39
14910.jpg,1851,1740,-111
14915.jpg,1851,1900,49
14920.jpg,1851,1850,-1
14925.jpg,1851,1860,9
14930.jpg,1851,1897,46
14935.jpg,1851,1880,29
14940.jpg,1851,1830,-21
14945.jpg,1852,1880,28
14950.jpg,1852,1820,-32
14955.jpg,1852,1870,18
14960.jpg,1852,1900,48
14965.jpg,1852,1830,-22
14970.jpg,1852,1890,38
14975.jpg,1852,1940,88
14980.jpg,1852,1850,-2
14985.jpg,1852,1870,18
14990.jpg,1852,1890,38
14995.jpg,1852,1900,48
15000.jpg,1852,1860,8
15005.jpg,1852,1900,48
15010.jpg,1852,1900,48
15015.jpg,1852,1890,38
15020.jpg,1852,1825,-27
15025.jpg,1852,1880,28
15030.jpg,1852,1900,48
15035.jpg,1852,1900,48
15040.jpg,1852,1880,28
15045.jpg,1852,1830,-22
15050.jpg,1852,1900,48
15055.jpg,1852,2000,148
15060.jpg,1852,1860,8
15065.jpg,1852,1890,38
15070.jpg,1852,1850,-2
15075.jpg,1852,1820,-32
15080.jpg,1852,1900,48
15085.jpg,1852,1900,48
15090.jpg,1852,1930,78
15095.jpg,1852,1880,28
15100.jpg,1852,1920,68
15105.jpg,1852,1867,15
15110.jpg,1852,1900,48
15115.jpg,1852,1900,48
15120.jpg,1852,1890,38
15125.jpg,1852,1890,38
15130.jpg,1852,1890,38
15135.jpg,1853,1865,12
15140.jpg,1853,1900,47
15145.jpg,1853,1850,-3
15150.jpg,1853,1880,27
15155.jpg,1853,1900,47
15160.jpg,1853,1800,-53
15165.jpg,1853,1930,77
15170.jpg,1853,1830,-23
15175.jpg,1853,1830,-23
15180.jpg,1853,1880,27
15185.jpg,1853,1850,-3
15190.jpg,1853,1870,17
15195.jpg,1853,1880,27
15200.jpg,1853,1900,47
15205.jpg,1853,1848,-5
15210.jpg,1853,1940,87
15215.jpg,1853,1850,-3
15220.jpg,1853,1900,47
15225.jpg,1853,1830,-23
15230.jpg,1853,2000,147
15235.jpg,1853,1900,47
15240.jpg,1853,1900,47
15245.jpg,1853,1880,27
15250.jpg,1853,1880,27
15255.jpg,1853,1880,27
15260.jpg,1853,1920,67
15265.jpg,1853,1840,-13
15270.jpg,1853,1890,37
15275.jpg,1853,1880,27
15280.jpg,1853,1890,37
15285.jpg,1853,1910,57
15290.jpg,1853,1840,-13
15295.jpg,1853,1850,-3
15300.jpg,1853,1850,-3
15305.jpg,1853,1860,7
15310.jpg,1853,2000,147
15315.jpg,1853,1890,37
15320.jpg,1853,1900,47
15325.jpg,1853,1850,-3
15330.jpg,1853,1850,-3
15335.jpg,1853,1900,47
15340.jpg,1853,1880,27
15345.jpg,1853,1800,-53
15350.jpg,1853,2000,147
15355.jpg,1854,1854,0
15360.jpg,1854,1970,116
15365.jpg,1854,1820,-34
15370.jpg,1854,1880,26
15375.jpg,1854,1850,-4
15380.jpg,1854,1870,16
15385.jpg,1854,1850,-4
15390.jpg,1854,2007,153
15395.jpg,1854,1851,-3
15400.jpg,1854,1865,11
15405.jpg,1854,1870,16
15410.jpg,1854,1857,3
15415.jpg,1854,1790,-64
15420.jpg,1854,1900,46
15425.jpg,1854,1890,36
15430.jpg,1854,1890,36
15435.jpg,1854,2020,166
15440.jpg,1854,1950,96
15445.jpg,1854,1890,36
15450.jpg,1855,1650,-205
15455.jpg,1855,1900,45
15460.jpg,1855,1920,65
15465.jpg,1855,1850,-5
15470.jpg,1855,1900,45
15475.jpg,1855,1870,15
15480.jpg,1855,2000,145
15485.jpg,1855,1860,5
15490.jpg,1855,1905,50
15495.jpg,1855,1985,130
15500.jpg,1855,1855,0
15505.jpg,1855,1850,-5
15510.jpg,1855,1860,5
15515.jpg,1855,1880,25
15520.jpg,1855,1890,35
15525.jpg,1855,1900,45
15530.jpg,1855,1900,45
15535.jpg,1855,1850,-5
15540.jpg,1855,1890,35
15545.jpg,1855,1830,-25
15550.jpg,1855,1900,45
15555.jpg,1855,1900,45
15560.jpg,1855,1850,-5
15565.jpg,1855,1890,35
15570.jpg,1855,1860,5
15575.jpg,1855,1925,70
15580.jpg,1855,1900,45
15585.jpg,1855,1920,65
15590.jpg,1855,1900,45
15595.jpg,1855,1840,-15
15600.jpg,1855,1880,25
15605.jpg,1855,1920,65
15610.jpg,1855,1940,85
15615.jpg,1855,1890,35
15620.jpg,1855,1780,-75
15625.jpg,1855,1850,-5
15630.jpg,1855,1895,40
15635.jpg,1855,1860,5
15640.jpg,1855,1910,55
15645.jpg,1855,1870,15
15650.jpg,1855,1920,65
15655.jpg,1855,1880,25
15660.jpg,1855,1900,45
15665.jpg,1855,1890,35
15670.jpg,1855,1900,45
15675.jpg,1855,1900,45
15680.jpg,1855,2005,150
15685.jpg,1855,1900,45
15690.jpg,1855,1900,45
15695.jpg,1855,1897,42
15705.jpg,1856,1800,-56
15710.jpg,1856,1850,-6
15715.jpg,1856,1890,34
15720.jpg,1856,1850,-6
15725.jpg,1856,1900,44
15730.jpg,1856,1900,44
15735.jpg,1856,1900,44
15740.jpg,1856,1890,34
15745.jpg,1856,1800,-56
15750.jpg,1856,1890,34
15755.jpg,1856,1800,-56
15760.jpg,1856,1860,4
15765.jpg,1856,1900,44
15770.jpg,1856,1890,34
15775.jpg,1856,1880,24
15780.jpg,1856,1900,44
15785.jpg,1856,1900,44
15795.jpg,1856,1830,-26
15800.jpg,1856,1900,44
15805.jpg,1856,1960,104
15810.jpg,1856,1900,44
15815.jpg,1856,1860,4
15820.jpg,1856,1860,4
15825.jpg,1856,1900,44
15830.jpg,1856,1850,-6
15835.jpg,1856,1910,54
15840.jpg,1856,1900,44
15845.jpg,1856,1850,-6
15850.jpg,1856,1860,4
15855.jpg,1856,1890,34
15860.jpg,1856,1900,44
15865.jpg,1856,1860,4
15870.jpg,1856,1900,44
15875.jpg,1856,1890,34
15880.jpg,1856,1880,24
15885.jpg,1856,1890,34
15890.jpg,1856,1850,-6
15895.jpg,1856,1850,-6
15900.jpg,1856,1860,4
15905.jpg,1856,1850,-6
15910.jpg,1856,1900,44
15915.jpg,1856,1850,-6
15920.jpg,1856,1860,4
15930.jpg,1856,1950,94
15935.jpg,1856,1890,34
15940.jpg,1856,1890,34
15945.jpg,1856,1860,4
15950.jpg,1856,1880,24
15955.jpg,1856,1900,44
15960.jpg,1856,1800,-56
15965.jpg,1856,1850,-6
15970.jpg,1856,1800,-56
15975.jpg,1856,1860,4
15980.jpg,1857,1900,43
15985.jpg,1857,1820,-37
15990.jpg,1857,2000,143
15995.jpg,1857,1860,3
16000.jpg,1857,1890,33
16005.jpg,1857,1880,23
16010.jpg,1857,1800,-57
16015.jpg,1857,1900,43
16020.jpg,1857,1800,-57
16025.jpg,1857,1850,-7
16030.jpg,1857,2000,143
16035.jpg,1857,1905,48
16040.jpg,1857,1950,93
16045.jpg,1857,1890,33
16050.jpg,1857,1886,29
16055.jpg,1857,1940,83
16060.jpg,1857,1850,-7
16065.jpg,1857,1900,43
16070.jpg,1857,1890,33
16075.jpg,1857,1900,43
16080.jpg,1857,1850,-7
16085.jpg,1857,1890,33
16090.jpg,1857,1890,33
16095.jpg,1857,1830,-27
16100.jpg,1857,1860,3
16105.jpg,1857,1910,53
16110.jpg,1857,1890,33
16115.jpg,1857,1890,33
16120.jpg,1857,1900,43
16125.jpg,1857,1900,43
16130.jpg,1857,1900,43
16135.jpg,1857,1890,33
16140.jpg,1857,1860,3
16145.jpg,1857,1850,-7
16150.jpg,1857,1860,3
16155.jpg,1857,1900,43
16160.jpg,1857,1870,13
16165.jpg,1857,1820,-37
16170.jpg,1857,1890,33
16175.jpg,1857,2000,143
16180.jpg,1857,1890,33
16185.jpg,1857,1920,63
16190.jpg,1857,1850,-7
16195.jpg,1857,1860,3
16200.jpg,1857,1850,-7
16205.jpg,1857,2010,153
16210.jpg,1857,1880,23
16215.jpg,1857,1900,43
16220.jpg,1857,1900,43
16225.jpg,1857,1800,-57
16230.jpg,1857,1890,33
16235.jpg,1858,1860,2
16240.jpg,1858,1950,92
16245.jpg,1858,1870,12
16250.jpg,1858,1890,32
16255.jpg,1858,1880,22
16260.jpg,1858,1920,62
16265.jpg,1858,1860,2
16270.jpg,1858,1850,-8
16275.jpg,1858,1830,-28
16280.jpg,1858,1900,42
16285.jpg,1858,1880,22
16290.jpg,1858,1870,12
16295.jpg,1858,1900,42
16300.jpg,1858,1881,23
16305.jpg,1858,1900,42
16310.jpg,1858,1900,42
16315.jpg,1858,1860,2
16320.jpg,1858,1860,2
16325.jpg,1858,1890,32
16330.jpg,1858,1890,32
16335.jpg,1858,1880,22
16340.jpg,1858,1850,-8
16345.jpg,1858,1920,62
16350.jpg,1858,1870,12
16355.jpg,1858,1890,32
16360.jpg,1858,1890,32
16365.jpg,1858,1850,-8
16370.jpg,1858,1830,-28
16375.jpg,1858,1890,32
16380.jpg,1858,1900,42
16385.jpg,1858,1890,32
16390.jpg,1858,1900,42
16395.jpg,1858,1890,32
16400.jpg,1858,1850,-8
16405.jpg,1858,1900,42
16410.jpg,1858,1880,22
16415.jpg,1858,1890,32
16420.jpg,1858,1860,2
16425.jpg,1858,1900,42
16430.jpg,1858,1900,42
16435.jpg,1858,2000,142
16440.jpg,1858,1850,-8
16445.jpg,1858,1830,-28
16450.jpg,1858,1890,32
16455.jpg,1858,1880,22
16460.jpg,1858,1900,42
16465.jpg,1858,1830,-28
16470.jpg,1858,1900,42
16475.jpg,1858,1863,5
16480.jpg,1858,1930,72
16485.jpg,1858,1890,32
16490.jpg,1859,1700,-159
16495.jpg,1859,1900,41
16505.jpg,1859,1859,0
16510.jpg,1859,1900,41
16515.jpg,1859,1890,31
16520.jpg,1859,1890,31
16525.jpg,1859,1900,41
16530.jpg,1859,1900,41
16535.jpg,1859,1890,31
16540.jpg,1859,1900,41
16545.jpg,1859,1800,-59
16550.jpg,1859,1850,-9
16555.jpg,1859,1859,0
16560.jpg,1859,1900,41
16565.jpg,1859,1857,-2
16570.jpg,1859,1885,26
16575.jpg,1859,1860,1
16580.jpg,1859,1890,31
16585.jpg,1859,1900,41
16590.jpg,1859,1900,41
16595.jpg,1859,1870,11
16600.jpg,1859,1875,16
16605.jpg,1859,2010,151
16610.jpg,1859,1890,31
16615.jpg,1859,1880,21
16620.jpg,1859,1840,-19
16625.jpg,1859,1930,71
16630.jpg,1859,1920,61
16635.jpg,1859,1880,21
16640.jpg,1859,1850,-9
16645.jpg,1859,1880,21
16650.jpg,1859,1860,1
16655.jpg,1859,1860,1
16660.jpg,1859,1850,-9
16665.jpg,1859,1890,31
16670.jpg,1859,1860,1
16675.jpg,1859,1890,31
16680.jpg,1859,1870,11
16685.jpg,1859,1890,31
16690.jpg,1859,1876,17
16695.jpg,1859,1830,-29
16700.jpg,1859,1900,41
16705.jpg,1859,1880,21
16710.jpg,1859,1880,21
16715.jpg,1859,1906,47
16720.jpg,1859,1890,31
16725.jpg,1859,1890,31
16730.jpg,1859,1910,51
16735.jpg,1860,1800,-60
16740.jpg,1860,1890,30
16745.jpg,1860,1850,-10
16750.jpg,1860,1875,15
16755.jpg,1860,1850,-10
16760.jpg,1860,1900,40
16765.jpg,1860,1880,20
16770.jpg,1860,1850,-10
16775.jpg,1860,1850,-10
16785.jpg,1860,1860,0
16790.jpg,1860,1890,30
16795.jpg,1860,1780,-80
16800.jpg,1860,1860,0
16805.jpg,1860,1890,30
16810.jpg,1860,1890,30
16815.jpg,1860,1900,40
16820.jpg,1860,1910,50
16825.jpg,1860,1860,0
16830.jpg,1860,1900,40
16835.jpg,1860,1900,40
16840.jpg,1860,1850,-10
16845.jpg,1860,1900,40
16850.jpg,1860,1910,50
16855.jpg,1860,1900,40
16860.jpg,1860,1750,-110
16865.jpg,1860,1890,30
16870.jpg,1860,1860,0
16875.jpg,1860,1860,0
16880.jpg,1860,1870,10
16885.jpg,1860,1790,-70
16890.jpg,1860,1860,0
16895.jpg,1860,1900,40
16900.jpg,1860,1900,40
16905.jpg,1860,1900,40
16910.jpg,1860,1900,40
16915.jpg,1860,1880,20
16920.jpg,1860,1890,30
16925.jpg,1860,1850,-10
16930.jpg,1860,1880,20
16935.jpg,1860,1870,10
16940.jpg,1860,1850,-10
16945.jpg,1860,1890,30
16950.jpg,1860,1860,0
16955.jpg,1860,1850,-10
16960.jpg,1860,1870,10
16965.jpg,1860,1900,40
16970.jpg,1860,1900,40
16975.jpg,1860,1865,5
16980.jpg,1860,1890,30
16985.jpg,1860,1890,30
16990.jpg,1860,100,-1760
16995.jpg,1860,1860,0
17000.jpg,1860,2000,140
17005.jpg,1861,1905,44
17010.jpg,1861,1900,39
17015.jpg,1861,1900,39
17025.jpg,1861,1800,-61
17030.jpg,1861,1890,29
17035.jpg,1861,1861,0
17040.jpg,1861,1830,-31
17045.jpg,1861,1800,-61
17050.jpg,1861,1800,-61
17055.jpg,1861,1880,19
17060.jpg,1861,1850,-11
17065.jpg,1861,2000,139
17070.jpg,1861,1850,-11
17075.jpg,1861,1880,19
17080.jpg,1861,1880,19
17085.jpg,1861,1920,59
17090.jpg,1861,1800,-61
17095.jpg,1861,1890,29
17100.jpg,1861,1880,19
17105.jpg,1861,1900,39
17110.jpg,1861,1880,19
17115.jpg,1861,1850,-11
17120.jpg,1861,1890,29
17125.jpg,1861,1875,14
17130.jpg,1861,1860,-1
17135.jpg,1861,1842,-19
17140.jpg,1861,1900,39
17145.jpg,1861,1850,-11
17150.jpg,1861,1830,-31
17155.jpg,1861,1870,9
17160.jpg,1861,1870,9
17165.jpg,1861,1890,29
17170.jpg,1861,1930,69
17175.jpg,1862,1880,18
17180.jpg,1862,1875,13
17185.jpg,1862,1865,3
17190.jpg,1862,1890,28
17195.jpg,1862,2010,148
17200.jpg,1862,1860,-2
17205.jpg,1862,1950,88
17210.jpg,1862,1880,18
17215.jpg,1862,1900,38
17220.jpg,1862,1900,38
17225.jpg,1862,1850,-12
17230.jpg,1862,1890,28
17235.jpg,1862,1880,18
17240.jpg,1862,1850,-12
17245.jpg,1862,1870,8
17250.jpg,1862,1850,-12
17255.jpg,1862,1900,38
17260.jpg,1862,1890,28
17265.jpg,1862,1835,-27
17270.jpg,1862,1900,38
17275.jpg,1862,1940,78
17280.jpg,1862,1880,18
17285.jpg,1862,1880,18
17290.jpg,1862,1900,38
17295.jpg,1862,1900,38
17300.jpg,1862,1900,38
17305.jpg,1862,1900,38
17310.jpg,1862,1900,38
17315.jpg,1862,1930,68
17320.jpg,1862,1890,28
17325.jpg,1863,1880,17
17330.jpg,1863,1900,37
17340.jpg,1863,1930,67
17345.jpg,1863,1900,37
17350.jpg,1863,1830,-33
17355.jpg,1863,1850,-13
17365.jpg,1863,2000,137
17370.jpg,1863,2010,147
17375.jpg,1863,1800,-63
17380.jpg,1863,1900,37
17385.jpg,1863,1920,57
17390.jpg,1863,1900,37
17395.jpg,1863,1850,-13
17400.jpg,1863,2000,137
17405.jpg,1863,1880,17
17410.jpg,1863,1890,27
17415.jpg,1863,1900,37
17420.jpg,1863,1890,27
17425.jpg,1863,1860,-3
17430.jpg,1863,1890,27
17435.jpg,1863,1960,97
17440.jpg,1863,1870,7
17445.jpg,1863,1890,27
17450.jpg,1863,1900,37
17455.jpg,1863,1860,-3
17460.jpg,1863,1878,15
17465.jpg,1863,1890,27
17470.jpg,1863,1870,7
17475.jpg,1863,1880,17
17480.jpg,1863,1900,37
17485.jpg,1864,1900,36
17490.jpg,1864,1900,36
17495.jpg,1864,1900,36
17500.jpg,1864,1980,116
17505.jpg,1864,1910,46
17510.jpg,1864,1900,36
17515.jpg,1864,1850,-14
17520.jpg,1864,1864,0
17525.jpg,1864,1890,26
17530.jpg,1864,2000,136
17535.jpg,1864,2000,136
17540.jpg,1864,1890,26
17545.jpg,1864,1869,5
17550.jpg,1864,1900,36
17555.jpg,1864,1880,16
17560.jpg,1864,1900,36
17565.jpg,1864,1840,-24
17575.jpg,1864,1860,-4
17580.jpg,1864,1800,-64
17585.jpg,1864,1890,26
17590.jpg,1864,2000,136
17595.jpg,1864,1880,16
17600.jpg,1864,1890,26
17605.jpg,1864,1880,16
17610.jpg,1864,1920,56
17615.jpg,1864,1900,36
17620.jpg,1864,1880,16
17625.jpg,1864,1900,36
17630.jpg,1864,1900,36
17635.jpg,1864,1900,36
17640.jpg,1864,1950,86
17645.jpg,1864,1890,26
17650.jpg,1864,1900,36
17655.jpg,1864,1860,-4
17660.jpg,1865,1879,14
17665.jpg,1865,1850,-15
17670.jpg,1865,1820,-45
17675.jpg,1865,1860,-5
17680.jpg,1865,1840,-25
17690.jpg,1865,1910,45
17695.jpg,1865,1835,-30
17700.jpg,1865,1850,-15
17705.jpg,1865,1860,-5
17710.jpg,1865,1880,15
17715.jpg,1865,1890,25
17720.jpg,1865,1930,65
17725.jpg,1865,1850,-15
17730.jpg,1865,1940,75
17735.jpg,1865,1865,0
17745.jpg,1865,1870,5
17750.jpg,1865,1870,5
17755.jpg,1865,1860,-5
17760.jpg,1865,1890,25
17765.jpg,1865,1890,25
17770.jpg,1865,1890,25
17775.jpg,1865,1890,25
17780.jpg,1865,1890,25
17785.jpg,1865,1850,-15
17790.jpg,1865,1900,35
17795.jpg,1865,1900,35
17800.jpg,1865,1900,35
17805.jpg,1865,1890,25
17810.jpg,1865,1890,25
17815.jpg,1865,1900,35
17820.jpg,1865,2000,135
17825.jpg,1865,1890,25
17830.jpg,1865,1880,15
17835.jpg,1865,1850,-15
17840.jpg,1865,1920,55
17845.jpg,1865,1880,15
17850.jpg,1865,1890,25
17855.jpg,1865,1880,15
17860.jpg,1865,1880,15
17865.jpg,1865,1840,-25
17870.jpg,1865,1880,15
17875.jpg,1865,1880,15
17880.jpg,1865,1800,-65
17885.jpg,1865,1940,75
17890.jpg,1865,1900,35
17895.jpg,1865,2000,135
17900.jpg,1865,1890,25
17905.jpg,1865,1850,-15
17910.jpg,1865,1800,-65
17915.jpg,1865,1880,15
17920.jpg,1865,1890,25
17930.jpg,1865,1870,5
17935.jpg,1866,1900,34
17940.jpg,1866,1900,34
17945.jpg,1866,1920,54
17950.jpg,1866,1890,24
17955.jpg,1866,1932,66
17960.jpg,1866,1940,74
17965.jpg,1866,1890,24
17970.jpg,1866,1900,34
17975.jpg,1866,1860,-6
17980.jpg,1866,1880,14
17985.jpg,1866,1863,-3
17990.jpg,1866,1880,14
17995.jpg,1866,1900,34
18000.jpg,1866,1890,24
18005.jpg,1866,1850,-16
18010.jpg,1866,1890,24
18015.jpg,1866,1970,104
18020.jpg,1866,1990,124
18025.jpg,1866,1890,24
18030.jpg,1866,1860,-6
18035.jpg,1866,1880,14
18040.jpg,1866,1820,-46
18045.jpg,1866,1870,4
18050.jpg,1866,1900,34
18055.jpg,1866,1900,34
18060.jpg,1866,1900,34
18065.jpg,1866,1890,24
18070.jpg,1866,1890,24
18075.jpg,1866,1800,-66
18080.jpg,1866,1830,-36
18085.jpg,1866,1900,34
18090.jpg,1866,1950,84
18095.jpg,1866,1900,34
18100.jpg,1866,1920,54
18105.jpg,1866,1905,39
18110.jpg,1866,1880,14
18115.jpg,1866,1890,24
18120.jpg,1866,1900,34
18125.jpg,1866,1869,3
18130.jpg,1866,1920,54
18135.jpg,1867,1800,-67
18140.jpg,1867,1867,0
18145.jpg,1867,1900,33
18160.jpg,1867,1900,33
18165.jpg,1867,1830,-37
18170.jpg,1867,1900,33
18175.jpg,1867,1900,33
18180.jpg,1867,1940,73
18185.jpg,1867,1860,-7
18190.jpg,1867,1850,-17
18195.jpg,1867,2000,133
18200.jpg,1867,1870,3
18205.jpg,1867,1900,33
18210.jpg,1867,1900,33
18215.jpg,1867,1900,33
18220.jpg,1867,1880,13
18225.jpg,1867,1880,13
18230.jpg,1867,1940,73
18235.jpg,1867,2023,156
18240.jpg,1867,1850,-17
18245.jpg,1867,1870,3
18250.jpg,1867,1890,23
18255.jpg,1867,1930,63
18260.jpg,1867,1830,-37
18265.jpg,1867,1880,13
18270.jpg,1867,1890,23
18275.jpg,1867,1890,23
18280.jpg,1867,1900,33
18285.jpg,1867,1880,13
18290.jpg,1867,1890,23
18295.jpg,1867,1900,33
18300.jpg,1867,1900,33
18305.jpg,1867,1820,-47
18310.jpg,1867,1910,43
18315.jpg,1867,1900,33
18320.jpg,1867,1860,-7
18325.jpg,1867,1920,53
18330.jpg,1867,1880,13
18335.jpg,1867,1900,33
18340.jpg,1867,1880,13
18345.jpg,1867,1890,23
18350.jpg,1867,1867,0
18355.jpg,1867,1880,13
18360.jpg,1867,1860,-7
18365.jpg,1868,1860,-8
18370.jpg,1868,1800,-68
18380.jpg,1868,1895,27
18385.jpg,1868,1890,22
18390.jpg,1868,1900,32
18395.jpg,1868,1910,42
18400.jpg,1868,1910,42
18405.jpg,1868,1900,32
18410.jpg,1868,1890,22
18415.jpg,1868,1850,-18
18420.jpg,1868,1850,-18
18425.jpg,1868,1800,-68
18430.jpg,1868,2000,132
18450.jpg,1868,1850,-18
18455.jpg,1868,1860,-8
18460.jpg,1868,1870,2
18465.jpg,1868,1880,12
18470.jpg,1868,1890,22
18475.jpg,1868,1900,32
18480.jpg,1868,1880,12
18485.jpg,1868,1880,12
18490.jpg,1868,1890,22
18495.jpg,1868,1910,42
18500.jpg,1868,1890,22
18505.jpg,1868,1870,2
18510.jpg,1868,1890,22
18515.jpg,1868,1830,-38
18520.jpg,1868,1800,-68
18525.jpg,1868,1890,22
18530.jpg,1868,1890,22
18535.jpg,1868,1880,12
18540.jpg,1868,1900,32
18545.jpg,1868,1890,22
18550.jpg,1868,1880,12
18555.jpg,1868,1870,2
18560.jpg,1868,1890,22
18565.jpg,1868,1890,22
18570.jpg,1868,1880,12
18575.jpg,1868,1890,22
18580.jpg,1868,1950,82
18585.jpg,1868,1980,112
18590.jpg,1868,1920,52
18595.jpg,1868,1880,12
18600.jpg,1868,1880,12
18605.jpg,1868,1900,32
18610.jpg,1868,1900,32
18615.jpg,1868,1880,12
18620.jpg,1869,1800,-69
18625.jpg,1869,1868,-1
18630.jpg,1869,1860,-9
18635.jpg,1869,1890,21
18640.jpg,1869,1890,21
18645.jpg,1869,1880,11
18650.jpg,1869,1800,-69
18655.jpg,1869,1860,-9
18660.jpg,1869,1900,31
18665.jpg,1869,1870,1
18670.jpg,1869,1900,31
18675.jpg,1869,1880,11
18680.jpg,1869,1900,31
18685.jpg,1869,1880,11
18690.jpg,1869,1880,11
18695.jpg,1869,1900,31
18700.jpg,1869,1890,21
18710.jpg,1869,1900,31
18715.jpg,1869,2000,131
18720.jpg,1869,1870,1
18725.jpg,1869,1920,51
18730.jpg,1869,1890,21
18735.jpg,1869,1880,11
18740.jpg,1869,1900,31
18745.jpg,1869,1890,21
18750.jpg,1869,1880,11
18755.jpg,1869,1870,1
18760.jpg,1869,1890,21
18765.jpg,1869,1860,-9
18770.jpg,1869,1900,31
18775.jpg,1869,1890,21
18780.jpg,1869,1900,31
18785.jpg,1869,1890,21
18790.jpg,1869,1890,21
18795.jpg,1869,1850,-19
18800.jpg,1869,1890,21
18805.jpg,1869,1830,-39
18810.jpg,1869,1890,21
18815.jpg,1869,1890,21
18820.jpg,1869,1920,51
18825.jpg,1869,1890,21
18830.jpg,1869,1910,41
18835.jpg,1869,2000,131
18840.jpg,1870,1800,-70
18845.jpg,1870,1890,20
18850.jpg,1870,1890,20
18855.jpg,1870,1920,50
18860.jpg,1870,1890,20
18865.jpg,1870,1950,80
18870.jpg,1870,1900,30
18875.jpg,1870,1975,105
18880.jpg,1870,1930,60
18885.jpg,1870,1900,30
18895.jpg,1870,1890,20
18900.jpg,1870,1850,-20
18905.jpg,1870,1800,-70
18910.jpg,1870,1980,110
18915.jpg,1870,1888,18
18920.jpg,1870,1950,80
18925.jpg,1870,1860,-10
18930.jpg,1870,1900,30
18935.jpg,1870,1900,30
18940.jpg,1870,1890,20
18945.jpg,1870,1940,70
18950.jpg,1870,1900,30
18955.jpg,1870,1890,20
18960.jpg,1870,1890,20
18965.jpg,1870,1930,60
18970.jpg,1870,1860,-10
18980.jpg,1870,1900,30
18985.jpg,1870,1880,10
18990.jpg,1870,1900,30
18995.jpg,1870,1880,10
19000.jpg,1870,1950,80
19005.jpg,1870,1880,10
19010.jpg,1870,1880,10
19015.jpg,1870,1900,30
19020.jpg,1870,1900,30
19025.jpg,1870,1870,0
19030.jpg,1870,1910,40
19035.jpg,1870,1880,10
19040.jpg,1870,1910,40
19045.jpg,1870,1800,-70
19050.jpg,1870,1870,0
19055.jpg,1870,1890,20
19060.jpg,1870,1890,20
19065.jpg,1870,1890,20
19070.jpg,1870,1890,20
19075.jpg,1870,1890,20
19080.jpg,1870,1900,30
19085.jpg,1870,1880,10
19090.jpg,1870,2000,130
19100.jpg,1870,1930,60
19105.jpg,1870,1900,30
19110.jpg,1870,1950,80
19115.jpg,1870,1870,0
19120.jpg,1870,1900,30
19125.jpg,1870,1990,120
19130.jpg,1870,1900,30
19135.jpg,1870,1900,30
19140.jpg,1870,1900,30
19145.jpg,1871,1700,-171
19150.jpg,1871,1900,29
19155.jpg,1871,1900,29
19160.jpg,1871,1890,19
19165.jpg,1871,1900,29
19170.jpg,1871,1871,0
19175.jpg,1871,1920,49
19180.jpg,1871,1890,19
19185.jpg,1871,1895,24
19190.jpg,1871,1890,19
19195.jpg,1871,1870,-1
19200.jpg,1871,1800,-71
19205.jpg,1871,1970,99
19210.jpg,1871,2000,129
19215.jpg,1871,1920,49
19220.jpg,1871,1953,82
19225.jpg,1871,2000,129
19230.jpg,1871,1950,79
19235.jpg,1871,1890,19
19240.jpg,1871,1972,101
19245.jpg,1871,1880,9
19250.jpg,1871,1880,9
19255.jpg,1871,1880,9
19260.jpg,1871,1940,69
19265.jpg,1871,1890,19
19270.jpg,1871,1880,9
19275.jpg,1871,1900,29
19280.jpg,1871,1900,29
19285.jpg,1871,1900,29
19290.jpg,1871,1880,9
19295.jpg,1871,1900,29
19300.jpg,1871,1920,49
19305.jpg,1871,1950,79
19310.jpg,1871,1890,19
19315.jpg,1871,1890,19
19320.jpg,1871,1880,9
19325.jpg,1871,1890,19
19330.jpg,1871,1880,9
19335.jpg,1871,1890,19
19340.jpg,1871,1890,19
19345.jpg,1871,1880,9
19350.jpg,1871,1890,19
19355.jpg,1871,1890,19
19360.jpg,1871,1890,19
19365.jpg,1871,1910,39
19370.jpg,1871,2005,134
19375.jpg,1871,1850,-21
19380.jpg,1871,1890,19
19385.jpg,1871,1890,19
19390.jpg,1871,1890,19
19395.jpg,1872,1790,-82
19400.jpg,1872,1890,18
19405.jpg,1872,1888,16
19410.jpg,1872,1910,38
19415.jpg,1872,1890,18
19420.jpg,1872,1860,-12
19425.jpg,1872,1950,78
19430.jpg,1872,1900,28
19435.jpg,1872,1900,28
19440.jpg,1872,1890,18
19445.jpg,1872,1900,28
19450.jpg,1872,1880,8
19455.jpg,1872,1875,3
19460.jpg,1872,1880,8
19465.jpg,1872,1885,13
19470.jpg,1872,1830,-42
19475.jpg,1872,1890,18
19480.jpg,1872,1870,-2
19485.jpg,1872,1880,8
19490.jpg,1872,1865,-7
19495.jpg,1872,1850,-22
19500.jpg,1872,1875,3
19505.jpg,1872,1885,13
19510.jpg,1872,1900,28
19515.jpg,1872,1880,8
19520.jpg,1872,1940,68
19525.jpg,1872,1900,28
19530.jpg,1872,1890,18
19535.jpg,1872,1890,18
19540.jpg,1872,1950,78
19545.jpg,1872,1890,18
19550.jpg,1872,1900,28
19555.jpg,1872,1900,28
19560.jpg,1872,1870,-2
19565.jpg,1872,1850,-22
19570.jpg,1872,1890,18
19575.jpg,1872,1900,28
19580.jpg,1872,1890,18
19585.jpg,1872,1800,-72
19590.jpg,1872,1900,28
19595.jpg,1872,1900,28
19600.jpg,1872,1860,-12
19605.jpg,1872,1860,-12
19610.jpg,1872,1880,8
19615.jpg,1872,1890,18
19620.jpg,1872,1890,18
19625.jpg,1872,1900,28
19630.jpg,1872,1890,18
19635.jpg,1872,1909,37
19640.jpg,1872,1900,28
19645.jpg,1872,1890,18
19655.jpg,1873,1800,-73
19660.jpg,1873,1900,27
19665.jpg,1873,1950,77
19670.jpg,1873,1880,7
19675.jpg,1873,1880,7
19680.jpg,1873,1900,27
19685.jpg,1873,1900,27
19690.jpg,1873,2023,150
19695.jpg,1873,1880,7
19700.jpg,1873,1850,-23
19705.jpg,1873,1903,30
19710.jpg,1873,1910,37
19715.jpg,1873,1860,-13
19720.jpg,1873,1900,27
19725.jpg,1873,1870,-3
19730.jpg,1873,1870,-3
19735.jpg,1873,1903,30
19740.jpg,1873,1990,117
19745.jpg,1873,1900,27
19750.jpg,1873,1867,-6
19755.jpg,1873,1920,47
19760.jpg,1873,1880,7
19765.jpg,1873,1920,47
19775.jpg,1873,1900,27
19780.jpg,1873,1880,7
19785.jpg,1873,1880,7
19790.jpg,1873,1900,27
19795.jpg,1873,1880,7
19800.jpg,1873,1890,17
19805.jpg,1873,1880,7
19810.jpg,1873,1890,17
19815.jpg,1873,1880,7
19820.jpg,1873,1870,-3
19825.jpg,1873,1890,17
19830.jpg,1873,1870,-3
19835.jpg,1873,1900,27
19840.jpg,1873,1880,7
19845.jpg,1873,2023,150
19850.jpg,1873,1880,7
19855.jpg,1873,1880,7
19860.jpg,1873,1870,-3
19865.jpg,1873,1880,7
19870.jpg,1873,1880,7
19875.jpg,1873,1929,56
19880.jpg,1873,1890,17
19885.jpg,1873,1890,17
19890.jpg,1873,1860,-13
19895.jpg,1873,1970,97
19900.jpg,1873,1890,17
19905.jpg,1873,1775,-98
19910.jpg,1873,1950,77
19915.jpg,1874,1880,6
19920.jpg,1874,1900,26
19925.jpg,1874,1900,26
19930.jpg,1874,1900,26
19935.jpg,1874,1900,26
19945.jpg,1874,1880,6
19950.jpg,1874,1900,26
19955.jpg,1874,1900,26
19965.jpg,1874,1880,6
19970.jpg,1874,1869,-5
19975.jpg,1874,1890,16
19980.jpg,1874,1890,16
19985.jpg,1874,1900,26
19990.jpg,1874,1936,62
19995.jpg,1874,1890,16
20000.jpg,1874,1960,86
20005.jpg,1874,1900,26
20010.jpg,1874,1900,26
20015.jpg,1874,1880,6
20020.jpg,1874,1870,-4
20025.jpg,1874,1890,16
20030.jpg,1874,1880,6
20035.jpg,1874,1930,56
20040.jpg,1874,1901,27
20045.jpg,1874,1850,-24
20050.jpg,1874,1880,6
20055.jpg,1874,1890,16
20060.jpg,1874,1880,6
20065.jpg,1874,1880,6
20070.jpg,1874,1890,16
20075.jpg,1874,1870,-4
20080.jpg,1874,1845,-29
20085.jpg,1874,1880,6
20090.jpg,1874,1860,-14
20095.jpg,1874,1860,-14
20100.jpg,1874,1880,6
20110.jpg,1874,1880,6
20115.jpg,1874,1880,6
20120.jpg,1874,1890,16
20125.jpg,1874,1890,16
20130.jpg,1874,1700,-174
20135.jpg,1874,1890,16
20145.jpg,1874,1900,26
20150.jpg,1874,1890,16
20155.jpg,1874,1900,26
20160.jpg,1874,1930,56
20165.jpg,1874,1880,6
20170.jpg,1874,1880,6
20175.jpg,1874,1899,25
20180.jpg,1874,1900,26
20185.jpg,1874,1900,26
20190.jpg,1874,1900,26
20195.jpg,1874,1900,26
20205.jpg,1874,1840,-34
20210.jpg,1875,1890,15
20215.jpg,1875,2023,148
20220.jpg,1875,1900,25
20230.jpg,1875,1880,5
20235.jpg,1875,1860,-15
20240.jpg,1875,1900,25
20245.jpg,1875,1920,45
20250.jpg,1875,1900,25
20255.jpg,1875,1990,115
20260.jpg,1875,1895,20
20265.jpg,1875,1900,25
20270.jpg,1875,1870,-5
20275.jpg,1875,1850,-25
20280.jpg,1875,1901,26
20285.jpg,1875,1869,-6
20295.jpg,1875,1870,-5
20300.jpg,1875,1850,-25
20305.jpg,1875,1900,25
20310.jpg,1875,1900,25
20315.jpg,1875,1900,25
20320.jpg,1875,1880,5
20325.jpg,1875,1900,25
20330.jpg,1875,1890,15
20335.jpg,1875,1890,15
20340.jpg,1875,1890,15
20345.jpg,1875,1900,25
20350.jpg,1875,1900,25
20355.jpg,1875,1890,15
20360.jpg,1875,1880,5
20365.jpg,1875,1890,15
20370.jpg,1875,1880,5
20375.jpg,1875,1860,-15
20380.jpg,1875,1880,5
20385.jpg,1875,1790,-85
20390.jpg,1875,1880,5
20395.jpg,1875,1880,5
20400.jpg,1875,1890,15
20405.jpg,1875,1890,15
20410.jpg,1875,2000,125
20415.jpg,1875,1850,-25
20420.jpg,1875,1880,5
20425.jpg,1875,1880,5
20430.jpg,1875,1900,25
20435.jpg,1875,1900,25
20440.jpg,1875,1900,25
20445.jpg,1875,1880,5
20450.jpg,1875,1870,-5
20455.jpg,1875,1890,15
20460.jpg,1875,1890,15
20465.jpg,1875,1920,45
20470.jpg,1875,1850,-25
20480.jpg,1875,1900,25
20485.jpg,1875,1920,45
20490.jpg,1875,1800,-75
20495.jpg,1875,1880,5
20500.jpg,1876,1700,-176
20505.jpg,1876,1920,44
20510.jpg,1876,1900,24
20515.jpg,1876,1880,4
20520.jpg,1876,1900,24
20525.jpg,1876,1650,-226
20530.jpg,1876,1950,74
20540.jpg,1876,2023,147
20545.jpg,1876,1893,17
20550.jpg,1876,1850,-26
20555.jpg,1876,1870,-6
20560.jpg,1876,1800,-76
20565.jpg,1876,1850,-26
20570.jpg,1876,1856,-20
20575.jpg,1876,1950,74
20580.jpg,1876,1890,14
20585.jpg,1876,1880,4
20590.jpg,1876,1900,24
20595.jpg,1876,1900,24
20600.jpg,1876,1890,14
20605.jpg,1876,1890,14
20610.jpg,1876,1900,24
20615.jpg,1876,1890,14
20620.jpg,1876,1900,24
20625.jpg,1876,1890,14
20630.jpg,1876,1830,-46
20635.jpg,1876,1880,4
20640.jpg,1876,1950,74
20645.jpg,1876,1880,4
20650.jpg,1876,1890,14
20655.jpg,1876,1880,4
20660.jpg,1876,1880,4
20665.jpg,1876,1890,14
20670.jpg,1876,1890,14
20675.jpg,1876,1900,24
20680.jpg,1876,1890,14
20685.jpg,1876,1890,14
20690.jpg,1876,1890,14
20695.jpg,1876,1900,24
20700.jpg,1876,1897,21
20705.jpg,1876,1900,24
20715.jpg,1876,1890,14
20720.jpg,1876,1900,24
20725.jpg,1876,1890,14
20730.jpg,1877,1880,3
20735.jpg,1877,1880,3
20740.jpg,1877,1900,23
20745.jpg,1877,1900,23
20750.jpg,1877,1940,63
20755.jpg,1877,1900,23
20760.jpg,1877,1930,53
20765.jpg,1877,1850,-27
20770.jpg,1877,1900,23
20775.jpg,1877,1850,-27
20780.jpg,1877,1885,8
20785.jpg,1877,1930,53
20790.jpg,1877,1890,13
20795.jpg,1877,1873,-4
20800.jpg,1877,1890,13
20805.jpg,1877,1950,73
20810.jpg,1877,1880,3
20815.jpg,1877,1900,23
20820.jpg,1877,1890,13
20830.jpg,1877,1880,3
20835.jpg,1877,1880,3
20840.jpg,1877,1890,13
20845.jpg,1877,1890,13
20850.jpg,1877,1895,18
20855.jpg,1877,1900,23
20860.jpg,1877,1900,23
20865.jpg,1877,1900,23
20870.jpg,1877,1890,13
20875.jpg,1877,1890,13
20880.jpg,1877,1900,23
20885.jpg,1877,1880,3
20890.jpg,1877,1860,-17
20895.jpg,1877,1860,-17
20900.jpg,1877,1890,13
20905.jpg,1877,1890,13
20910.jpg,1877,1890,13
20915.jpg,1877,1890,13
20925.jpg,1878,1900,22
20930.jpg,1878,1878,0
20935.jpg,1878,1880,2
20940.jpg,1878,1900,22
20945.jpg,1878,1910,32
20950.jpg,1878,1900,22
20955.jpg,1878,1890,12
20960.jpg,1878,2000,122
20965.jpg,1878,2000,122
20970.jpg,1878,1950,72
20975.jpg,1878,1900,22
20980.jpg,1878,1900,22
20985.jpg,1878,1900,22
20990.jpg,1878,1890,12
20995.jpg,1878,1855,-23
21000.jpg,1878,1880,2
21005.jpg,1878,1890,12
21010.jpg,1878,1880,2
21015.jpg,1878,1890,12
21020.jpg,1878,1860,-18
21025.jpg,1878,1890,12
21030.jpg,1878,1890,12
21035.jpg,1878,1860,-18
21040.jpg,1878,1900,22
21045.jpg,1878,1860,-18
21050.jpg,1878,1890,12
21055.jpg,1878,1900,22
21060.jpg,1878,1900,22
21065.jpg,1878,1890,12
21070.jpg,1878,1900,22
21075.jpg,1878,1900,22
21080.jpg,1878,1880,2
21085.jpg,1878,1880,2
21090.jpg,1878,1890,12
21095.jpg,1878,1880,2
21100.jpg,1878,1880,2
21105.jpg,1878,1890,12
21110.jpg,1878,1890,12
21115.jpg,1878,1906,28
21120.jpg,1878,1900,22
21125.jpg,1878,2020,142
21130.jpg,1878,1890,12
21135.jpg,1878,1890,12
21140.jpg,1878,1890,12
21145.jpg,1878,1900,22
21150.jpg,1878,1900,22
21155.jpg,1878,1940,62
21160.jpg,1879,1960,81
21165.jpg,1879,1890,11
21170.jpg,1879,1844,-35
21175.jpg,1879,1890,11
21180.jpg,1879,1900,21
21185.jpg,1879,1900,21
21190.jpg,1879,1870,-9
21195.jpg,1879,1895,16
21200.jpg,1879,1893,14
21205.jpg,1879,1930,51
21210.jpg,1879,1900,21
21215.jpg,1879,1890,11
21220.jpg,1879,1858,-21
21225.jpg,1879,1950,71
21230.jpg,1879,1850,-29
21235.jpg,1879,1950,71
21240.jpg,1879,1880,1
21245.jpg,1879,1880,1
21250.jpg,1879,1880,1
21255.jpg,1879,1880,1
21260.jpg,1879,1880,1
21265.jpg,1879,1890,11
21270.jpg,1879,1900,21
21275.jpg,1879,1840,-39
21280.jpg,1879,1880,1
21285.jpg,1879,1910,31
21290.jpg,1879,1880,1
21295.jpg,1879,1890,11
21300.jpg,1879,1880,1
21305.jpg,1879,1890,11
21310.jpg,1879,1870,-9
21315.jpg,1879,1890,11
21320.jpg,1879,1880,1
21325.jpg,1879,1880,1
21330.jpg,1879,1900,21
21335.jpg,1879,1890,11
21340.jpg,1879,1900,21
21350.jpg,1879,1900,21
21355.jpg,1879,1900,21
21360.jpg,1879,1930,51
21365.jpg,1879,1900,21
21370.jpg,1879,1900,21
21375.jpg,1880,1800,-80
21380.jpg,1880,1880,0
21385.jpg,1880,1900,20
21390.jpg,1880,1870,-10
21395.jpg,1880,1900,20
21400.jpg,1880,1900,20
21405.jpg,1880,1890,10
21410.jpg,1880,1900,20
21415.jpg,1880,1890,10
21420.jpg,1880,1900,20
21425.jpg,1880,1900,20
21430.jpg,1880,1880,0
21435.jpg,1880,1900,20
21440.jpg,1880,1892,12
21445.jpg,1880,1890,10
21450.jpg,1880,1900,20
21455.jpg,1880,1906,26
21460.jpg,1880,1890,10
21465.jpg,1880,1850,-30
21470.jpg,1880,1850,-30
21475.jpg,1880,1860,-20
21480.jpg,1880,1900,20
21485.jpg,1880,1880,0
21490.jpg,1880,1900,20
21495.jpg,1880,1880,0
21500.jpg,1880,1900,20
21505.jpg,1880,1860,-20
21510.jpg,1880,1900,20
21515.jpg,1880,1890,10
21520.jpg,1880,1800,-80
21530.jpg,1880,2000,120
21535.jpg,1880,1890,10
21540.jpg,1880,1880,0
21545.jpg,1880,1890,10
21550.jpg,1880,1890,10
21555.jpg,1880,1890,10
21560.jpg,1880,1910,30
21565.jpg,1880,1890,10
21570.jpg,1880,1930,50
21575.jpg,1880,1920,40
21580.jpg,1880,1880,0
21585.jpg,1880,2000,120
21590.jpg,1880,1900,20
21595.jpg,1880,1890,10
21600.jpg,1880,1900,20
21605.jpg,1880,1890,10
21610.jpg,1880,1880,0
21615.jpg,1880,1890,10
21620.jpg,1880,1890,10
21625.jpg,1880,1880,0
21630.jpg,1880,1890,10
21635.jpg,1880,1900,20
21640.jpg,1880,1880,0
21645.jpg,1880,1900,20
21650.jpg,1880,1900,20
21655.jpg,1880,1890,10
21660.jpg,1880,1880,0
21665.jpg,1880,1900,20
21670.jpg,1880,1904,24
21675.jpg,1880,1900,20
21680.jpg,1880,1900,20
21685.jpg,1880,1900,20
21690.jpg,1880,1890,10
21695.jpg,1880,1900,20
21700.jpg,1880,1900,20
21705.jpg,1880,1890,10
21710.jpg,1881,1890,9
21715.jpg,1881,1900,19
21720.jpg,1881,1950,69
21725.jpg,1881,1890,9
21730.jpg,1881,1890,9
21735.jpg,1881,1900,19
21740.jpg,1881,1890,9
21745.jpg,1881,1900,19
21750.jpg,1881,1888,7
21755.jpg,1881,1930,49
21760.jpg,1881,1860,-21
21770.jpg,1881,1875,-6
21775.jpg,1881,1888,7
21780.jpg,1881,1890,9
21785.jpg,1881,1900,19
21790.jpg,1881,1875,-6
21795.jpg,1881,1890,9
21800.jpg,1881,1890,9
21805.jpg,1881,1855,-26
21810.jpg,1881,1890,9
21815.jpg,1881,1890,9
21820.jpg,1881,1900,19
21825.jpg,1881,1900,19
21830.jpg,1881,1880,-1
21835.jpg,1881,1880,-1
21840.jpg,1881,1870,-11
21845.jpg,1881,1975,94
21850.jpg,1881,1890,9
21855.jpg,1881,1890,9
21860.jpg,1881,1880,-1
21865.jpg,1881,1890,9
21870.jpg,1881,1900,19
21875.jpg,1881,1890,9
21880.jpg,1881,1880,-1
21885.jpg,1881,1880,-1
21890.jpg,1881,1900,19
21895.jpg,1881,1890,9
21900.jpg,1881,1860,-21
21905.jpg,1881,1900,19
21910.jpg,1881,1885,4
21915.jpg,1881,1890,9
21920.jpg,1881,1890,9
21925.jpg,1881,1950,69
21930.jpg,1881,1850,-31
21940.jpg,1881,1900,19
21945.jpg,1882,1800,-82
21950.jpg,1882,1930,48
21955.jpg,1882,1900,18
21960.jpg,1882,1900,18
21965.jpg,1882,1900,18
21970.jpg,1882,1900,18
21975.jpg,1882,1880,-2
21980.jpg,1882,1900,18
21985.jpg,1882,1900,18
21990.jpg,1882,1890,8
21995.jpg,1882,1910,28
22000.jpg,1882,1900,18
22005.jpg,1882,1830,-52
22010.jpg,1882,1850,-32
22015.jpg,1882,1900,18
22020.jpg,1882,1900,18
22025.jpg,1882,1900,18
22030.jpg,1882,1900,18
22035.jpg,1882,1890,8
22040.jpg,1882,1885,3
22045.jpg,1882,1890,8
22050.jpg,1882,1900,18
22055.jpg,1882,1870,-12
22060.jpg,1882,1880,-2
22065.jpg,1882,1850,-32
22070.jpg,1882,1900,18
22075.jpg,1882,1900,18
22080.jpg,1882,1880,-2
22085.jpg,1882,1890,8
22090.jpg,1882,1890,8
22095.jpg,1882,1860,-22
22100.jpg,1882,1900,18
22105.jpg,1882,1890,8
22110.jpg,1882,1890,8
22115.jpg,1882,1890,8
22120.jpg,1882,1900,18
22125.jpg,1882,1890,8
22130.jpg,1882,1900,18
22135.jpg,1882,1890,8
22140.jpg,1882,1900,18
22145.jpg,1882,1975,93
22150.jpg,1882,1950,68
22155.jpg,1882,2001,119
22160.jpg,1882,1890,8
22165.jpg,1882,2000,118
22170.jpg,1882,1880,-2
22175.jpg,1882,1910,28
22180.jpg,1882,2000,118
22185.jpg,1882,1880,-2
22190.jpg,1882,2010,128
22195.jpg,1882,1900,18
22200.jpg,1882,1890,8
22205.jpg,1882,1880,-2
22210.jpg,1882,1880,-2
22215.jpg,1883,1800,-83
22220.jpg,1883,1890,7
22225.jpg,1883,1900,17
22230.jpg,1883,1890,7
22235.jpg,1883,1890,7
22240.jpg,1883,1900,17
22245.jpg,1883,1890,7
22250.jpg,1883,1890,7
22255.jpg,1883,1860,-23
22260.jpg,1883,1880,-3
22265.jpg,1883,1900,17
22270.jpg,1883,1930,47
22275.jpg,1883,1900,17
22280.jpg,1883,1900,17
22285.jpg,1883,1860,-23
22290.jpg,1883,1800,-83
22295.jpg,1883,1875,-8
22300.jpg,1883,1950,67
22305.jpg,1883,1950,67
22310.jpg,1883,1869,-14
22315.jpg,1883,1900,17
22320.jpg,1883,1880,-3
22325.jpg,1883,1880,-3
22330.jpg,1883,1890,7
22335.jpg,1883,1890,7
22340.jpg,1883,1880,-3
22345.jpg,1883,1890,7
22350.jpg,1883,1890,7
22355.jpg,1883,1900,17
22360.jpg,1883,1890,7
22365.jpg,1883,1920,37
22370.jpg,1883,1890,7
22375.jpg,1883,1880,-3
22380.jpg,1883,1890,7
22385.jpg,1883,1920,37
22390.jpg,1883,1910,27
22395.jpg,1883,1910,27
22400.jpg,1883,1880,-3
22405.jpg,1883,1890,7
22410.jpg,1883,1880,-3
22415.jpg,1883,1900,17
22420.jpg,1883,1870,-13
22425.jpg,1883,1890,7
22430.jpg,1883,1900,17
22435.jpg,1883,1890,7
22440.jpg,1883,1890,7
22445.jpg,1883,1890,7
22450.jpg,1883,1900,17
22455.jpg,1883,1900,17
22460.jpg,1883,1927,44
22465.jpg,1883,1890,7
22470.jpg,1883,1860,-23
22475.jpg,1883,1900,17
22485.jpg,1883,1890,7
22490.jpg,1883,1890,7
22495.jpg,1883,1890,7
22500.jpg,1883,2020,137
22505.jpg,1883,1900,17
22510.jpg,1884,1890,6
22515.jpg,1884,1884,0
22520.jpg,1884,1900,16
22525.jpg,1884,1900,16
22530.jpg,1884,1900,16
22535.jpg,1884,1900,16
22540.jpg,1884,1890,6
22545.jpg,1884,1880,-4
22550.jpg,1884,1920,36
22555.jpg,1884,1890,6
22560.jpg,1884,1880,-4
22565.jpg,1884,1901,17
22570.jpg,1884,2000,116
22575.jpg,1884,1905,21
22580.jpg,1884,1950,66
22585.jpg,1884,1890,6
22590.jpg,1884,1890,6
22595.jpg,1884,1900,16
22600.jpg,1884,1890,6
22605.jpg,1884,1890,6
22610.jpg,1884,1890,6
22615.jpg,1884,1890,6
22620.jpg,1884,1890,6
22625.jpg,1884,1890,6
22630.jpg,1884,1880,-4
22635.jpg,1884,1890,6
22640.jpg,1884,1890,6
22645.jpg,1884,1900,16
22650.jpg,1884,1890,6
22655.jpg,1884,1900,16
22665.jpg,1884,1910,26
22670.jpg,1884,1890,6
22675.jpg,1884,1890,6
22680.jpg,1884,2000,116
22685.jpg,1884,1890,6
22690.jpg,1884,1890,6
22695.jpg,1884,1903,19
22700.jpg,1884,1900,16
22705.jpg,1884,1890,6
22710.jpg,1884,1920,36
22715.jpg,1884,1900,16
22720.jpg,1884,1900,16
22730.jpg,1884,1920,36
22735.jpg,1884,1860,-24
22740.jpg,1884,2000,116
22745.jpg,1884,1890,6
22750.jpg,1884,1890,6
22755.jpg,1884,1900,16
22760.jpg,1884,1920,36
22765.jpg,1884,1870,-14
22770.jpg,1884,1900,16
22775.jpg,1884,1890,6
22780.jpg,1885,1894,9
22785.jpg,1885,1900,15
22790.jpg,1885,1890,5
22795.jpg,1885,1850,-35
22800.jpg,1885,1875,-10
22805.jpg,1885,1900,15
22810.jpg,1885,1890,5
22815.jpg,1885,1880,-5
22820.jpg,1885,1890,5
22825.jpg,1885,2000,115
22830.jpg,1885,1900,15
22835.jpg,1885,1907,22
22840.jpg,1885,1860,-25
22850.jpg,1885,1930,45
22855.jpg,1885,1950,65
22860.jpg,1885,1880,-5
22865.jpg,1885,1880,-5
22870.jpg,1885,1890,5
22875.jpg,1885,1890,5
22880.jpg,1885,1900,15
22885.jpg,1885,1880,-5
22890.jpg,1885,1950,65
22895.jpg,1885,1900,15
22900.jpg,1885,1900,15
22905.jpg,1885,1890,5
22910.jpg,1885,1800,-85
22915.jpg,1885,1900,15
22920.jpg,1885,1898,13
22925.jpg,1885,1880,-5
22930.jpg,1885,1900,15
22935.jpg,1885,1890,5
22940.jpg,1885,1900,15
22945.jpg,1885,1890,5
22950.jpg,1885,1900,15
22955.jpg,1885,1890,5
22960.jpg,1885,2000,115
22965.jpg,1885,1900,15
22970.jpg,1885,1890,5
22975.jpg,1885,1890,5
22980.jpg,1885,1920,35
22985.jpg,1885,1860,-25
22990.jpg,1885,1900,15
22995.jpg,1885,1890,5
23000.jpg,1885,1800,-85
23005.jpg,1885,1880,-5
23015.jpg,1885,1850,-35
23020.jpg,1885,1920,35
23025.jpg,1885,1900,15
23030.jpg,1885,2000,115
23035.jpg,1885,1900,15
23040.jpg,1885,1860,-25
23045.jpg,1885,1840,-45
23050.jpg,1885,1970,85
23055.jpg,1885,1890,5
23060.jpg,1885,1890,5
23065.jpg,1885,1890,5
23070.jpg,1885,1890,5
23075.jpg,1885,1930,45
23080.jpg,1885,1900,15
23085.jpg,1886,1900,14
23090.jpg,1886,1890,4
23095.jpg,1886,1900,14
23100.jpg,1886,1890,4
23105.jpg,1886,1900,14
23110.jpg,1886,1550,-336
23115.jpg,1886,1900,14
23120.jpg,1886,1890,4
23125.jpg,1886,2000,114
23130.jpg,1886,1980,94
23135.jpg,1886,2000,114
23140.jpg,1886,2000,114
23145.jpg,1886,1800,-86
23150.jpg,1886,1900,14
23155.jpg,1886,1900,14
23160.jpg,1886,1880,-6
23165.jpg,1886,2000,114
23170.jpg,1886,1890,4
23175.jpg,1886,1900,14
23180.jpg,1886,1890,4
23185.jpg,1886,1950,64
23190.jpg,1886,1880,-6
23195.jpg,1886,1890,4
23200.jpg,1886,1900,14
23205.jpg,1886,1890,4
23210.jpg,1886,1900,14
23215.jpg,1886,1880,-6
23220.jpg,1886,1890,4
23225.jpg,1886,1890,4
23230.jpg,1886,1880,-6
23235.jpg,1886,1890,4
23240.jpg,1886,1890,4
23245.jpg,1886,1890,4
23250.jpg,1886,1930,44
23255.jpg,1886,1860,-26
23260.jpg,1886,1890,4
23265.jpg,1886,1900,14
23275.jpg,1886,1880,-6
23280.jpg,1886,1910,24
23285.jpg,1886,1895,9
23290.jpg,1886,2000,114
23295.jpg,1886,1900,14
23300.jpg,1886,1890,4
23305.jpg,1886,1860,-26
23310.jpg,1886,1900,14
23315.jpg,1886,1890,4
23320.jpg,1886,1886,0
23325.jpg,1886,1900,14
23330.jpg,1886,1890,4
23335.jpg,1886,1900,14
23340.jpg,1886,1920,34
23345.jpg,1886,1890,4
23350.jpg,1886,1890,4
23355.jpg,1886,1890,4
23365.jpg,1886,1800,-86
23370.jpg,1886,1890,4
23375.jpg,1887,1940,53
23380.jpg,1887,1940,53
23385.jpg,1887,1900,13
23390.jpg,1887,1905,18
23395.jpg,1887,1890,3
23400.jpg,1887,1890,3
23410.jpg,1887,1880,-7
23415.jpg,1887,1890,3
23420.jpg,1887,1890,3
23425.jpg,1887,1900,13
23430.jpg,1887,1900,13
23440.jpg,1887,1850,-37
23445.jpg,1887,1890,3
23450.jpg,1887,1800,-87
23460.jpg,1887,1890,3
23465.jpg,1887,1940,53
23470.jpg,1887,1910,23
23475.jpg,1887,1900,13
23480.jpg,1887,1890,3
23485.jpg,1887,1890,3
23490.jpg,1887,1850,-37
23495.jpg,1887,1880,-7
23500.jpg,1887,1890,3
23505.jpg,1887,1880,-7
23510.jpg,1887,1880,-7
23515.jpg,1887,1900,13
23520.jpg,1887,1900,13
23525.jpg,1887,1890,3
23535.jpg,1887,1900,13
23540.jpg,1887,1890,3
23545.jpg,1887,1890,3
23550.jpg,1887,1900,13
23555.jpg,1887,1890,3
23560.jpg,1887,1900,13
23565.jpg,1887,1890,3
23570.jpg,1887,1920,33
23575.jpg,1887,1900,13
23580.jpg,1887,1890,3
23585.jpg,1887,1890,3
23590.jpg,1887,2000,113
23595.jpg,1887,1890,3
23600.jpg,1887,1900,13
23605.jpg,1887,1890,3
23610.jpg,1887,1900,13
23615.jpg,1887,2005,118
23620.jpg,1887,1900,13
23625.jpg,1887,1880,-7
23630.jpg,1887,1890,3
23635.jpg,1887,1891,4
23640.jpg,1887,1920,33
23645.jpg,1887,1900,13
23650.jpg,1887,1890,3
23660.jpg,1887,1890,3
23665.jpg,1887,1890,3
23670.jpg,1887,1900,13
23675.jpg,1887,1903,16
23680.jpg,1887,1960,73
23690.jpg,1887,1900,13
23695.jpg,1887,1900,13
23700.jpg,1888,1700,-188
23705.jpg,1888,1900,12
23710.jpg,1888,1900,12
23715.jpg,1888,1920,32
23720.jpg,1888,1960,72
23725.jpg,1888,1890,2
23730.jpg,1888,1880,-8
23735.jpg,1888,1900,12
23740.jpg,1888,1890,2
23745.jpg,1888,1890,2
23750.jpg,1888,2001,113
23755.jpg,1888,2000,112
23760.jpg,1888,1850,-38
23765.jpg,1888,1980,92
23770.jpg,1888,2000,112
23775.jpg,1888,1970,82
23790.jpg,1888,1895,7
23795.jpg,1888,1890,2
23800.jpg,1888,1890,2
23805.jpg,1888,1890,2
23810.jpg,1888,1900,12
23815.jpg,1888,1880,-8
23820.jpg,1888,1890,2
23825.jpg,1888,1930,42
23830.jpg,1888,1900,12
23835.jpg,1888,1890,2
23840.jpg,1888,1890,2
23850.jpg,1888,1890,2
23855.jpg,1888,1890,2
23860.jpg,1888,1890,2
23865.jpg,1888,1860,-28
23870.jpg,1888,1890,2
23875.jpg,1888,1905,17
23880.jpg,1888,1900,12
23885.jpg,1888,1910,22
23890.jpg,1888,1890,2
23895.jpg,1888,1890,2
23900.jpg,1888,1890,2
23905.jpg,1888,1900,12
23910.jpg,1888,1890,2
23915.jpg,1888,2000,112
23920.jpg,1888,1890,2
23925.jpg,1888,1890,2
23930.jpg,1888,1910,22
23935.jpg,1888,1850,-38
23940.jpg,1888,1880,-8
23945.jpg,1888,1875,-13
23950.jpg,1888,1890,2
23955.jpg,1888,1890,2
23960.jpg,1888,1900,12
23965.jpg,1888,1890,2
23970.jpg,1888,1500,-388
23975.jpg,1888,1890,2
23980.jpg,1888,1900,12
23985.jpg,1888,1920,32
23990.jpg,1888,1888,0
23995.jpg,1888,1900,12
24000.jpg,1888,1900,12
24005.jpg,1888,1900,12
24010.jpg,1888,1900,12
24015.jpg,1888,1920,32
24020.jpg,1888,1900,12
24025.jpg,1888,1900,12
24030.jpg,1888,1890,2
24035.jpg,1888,1898,10
24040.jpg,1888,2020,132
24050.jpg,1889,1900,11
24055.jpg,1889,1870,-19
24060.jpg,1889,1890,1
24065.jpg,1889,1900,11
24070.jpg,1889,1900,11
24075.jpg,1889,1930,41
24080.jpg,1889,1890,1
24085.jpg,1889,1900,11
24090.jpg,1889,1890,1
24095.jpg,1889,1890,1
24105.jpg,1889,1890,1
24110.jpg,1889,1868,-21
24115.jpg,1889,1900,11
24120.jpg,1889,1870,-19
24125.jpg,1889,1900,11
24130.jpg,1889,1930,41
24135.jpg,1889,1850,-39
24140.jpg,1889,1910,21
24145.jpg,1889,1900,11
24150.jpg,1889,1966,77
24155.jpg,1889,1930,41
24160.jpg,1889,1890,1
24165.jpg,1889,1890,1
24170.jpg,1889,1890,1
24175.jpg,1889,1880,-9
24180.jpg,1889,1890,1
24185.jpg,1889,1890,1
24190.jpg,1889,1890,1
24195.jpg,1889,1890,1
24200.jpg,1889,1890,1
24205.jpg,1889,1900,11
24210.jpg,1889,1890,1
24215.jpg,1889,1890,1
24220.jpg,1889,1890,1
24225.jpg,1889,1880,-9
24230.jpg,1889,1890,1
24235.jpg,1889,1900,11
24240.jpg,1889,1880,-9
24245.jpg,1889,1900,11
24250.jpg,1889,1890,1
24255.jpg,1889,1891,2
24260.jpg,1889,1900,11
24265.jpg,1889,1890,1
24270.jpg,1889,1890,1
24275.jpg,1889,1890,1
24280.jpg,1889,1890,1
24285.jpg,1889,1890,1
24290.jpg,1889,1890,1
24295.jpg,1889,1900,11
24300.jpg,1889,1900,11
24310.jpg,1889,1890,1
24315.jpg,1889,1880,-9
24320.jpg,1889,1880,-9
24330.jpg,1889,1850,-39
24335.jpg,1889,1950,61
24340.jpg,1889,1960,71
24345.jpg,1889,1890,1
24350.jpg,1889,1890,1
24355.jpg,1889,1890,1
24360.jpg,1889,2000,111
24365.jpg,1889,1900,11
24370.jpg,1889,1890,1
24375.jpg,1889,1890,1
24380.jpg,1889,1900,11
24385.jpg,1889,1890,1
24390.jpg,1889,1890,1
24395.jpg,1890,1800,-90
24400.jpg,1890,1890,0
24405.jpg,1890,1890,0
24410.jpg,1890,1900,10
24415.jpg,1890,1890,0
24420.jpg,1890,1900,10
24425.jpg,1890,1900,10
24430.jpg,1890,1900,10
24435.jpg,1890,1893,3
24440.jpg,1890,1890,0
24445.jpg,1890,1940,50
24450.jpg,1890,1890,0
24455.jpg,1890,1890,0
24460.jpg,1890,1910,20
24465.jpg,1890,1920,30
24470.jpg,1890,1920,30
24475.jpg,1890,1890,0
24480.jpg,1890,1890,0
24485.jpg,1890,1900,10
24490.jpg,1890,1900,10
24495.jpg,1890,1850,-40
24500.jpg,1890,1900,10
24505.jpg,1890,1890,0
24510.jpg,1890,1907,17
24515.jpg,1890,1890,0
24520.jpg,1890,1900,10
24525.jpg,1890,1900,10
24535.jpg,1890,1890,0
24540.jpg,1890,1890,0
24545.jpg,1890,1900,10
24550.jpg,1890,1890,0
24555.jpg,1890,2000,110
24560.jpg,1890,1890,0
24565.jpg,1890,1890,0
24570.jpg,1890,1880,-10
24575.jpg,1890,1900,10
24580.jpg,1890,1900,10
24585.jpg,1890,1890,0
24590.jpg,1890,1900,10
24595.jpg,1890,1890,0
24600.jpg,1890,1890,0
24605.jpg,1890,1890,0
24610.jpg,1890,1890,0
24615.jpg,1890,1900,10
24620.jpg,1890,2010,120
24625.jpg,1890,1890,0
24630.jpg,1890,1890,0
24635.jpg,1890,1900,10
24640.jpg,1890,1890,0
24645.jpg,1890,1890,0
24650.jpg,1890,1890,0
24655.jpg,1890,1890,0
24660.jpg,1890,1890,0
24665.jpg,1890,1900,10
24670.jpg,1890,1890,0
24675.jpg,1890,1890,0
24680.jpg,1890,1890,0
24685.jpg,1890,1890,0
24690.jpg,1890,1900,10
24695.jpg,1890,1900,10
24700.jpg,1890,1890,0
24705.jpg,1890,2010,120
24710.jpg,1890,1900,10
24715.jpg,1890,1900,10
24720.jpg,1890,1890,0
24725.jpg,1890,1900,10
24730.jpg,1890,1950,60
24735.jpg,1890,1900,10
24740.jpg,1890,1900,10
24745.jpg,1890,1900,10
24750.jpg,1890,1950,60
24755.jpg,1890,1900,10
24760.jpg,1890,1890,0
24765.jpg,1890,1990,100
24770.jpg,1890,1890,0
24775.jpg,1891,1800,-91
24780.jpg,1891,1910,19
24785.jpg,1891,1900,9
24790.jpg,1891,1900,9
24795.jpg,1891,1890,-1
24800.jpg,1891,1900,9
24805.jpg,1891,1890,-1
24810.jpg,1891,1900,9
24815.jpg,1891,1950,59
24820.jpg,1891,1890,-1
24825.jpg,1891,1890,-1
24830.jpg,1891,1900,9
24835.jpg,1891,1900,9
24840.jpg,1891,1900,9
24845.jpg,1891,1900,9
24850.jpg,1891,2010,119
24855.jpg,1891,2000,109
24860.jpg,1891,1900,9
24865.jpg,1891,1890,-1
24870.jpg,1891,2006,115
24875.jpg,1891,1883,-8
24880.jpg,1891,1920,29
24885.jpg,1891,1890,-1
24890.jpg,1891,1890,-1
24895.jpg,1891,1890,-1
24900.jpg,1891,1890,-1
24905.jpg,1891,1890,-1
24910.jpg,1891,1890,-1
24915.jpg,1891,1890,-1
24920.jpg,1891,1950,59
24925.jpg,1891,1880,-11
24930.jpg,1891,1850,-41
24935.jpg,1891,1890,-1
24940.jpg,1891,1890,-1
24945.jpg,1891,1800,-91
24950.jpg,1891,1900,9
24955.jpg,1891,1880,-11
24960.jpg,1891,1890,-1
24965.jpg,1891,2000,109
24970.jpg,1891,1890,-1
24975.jpg,1891,1890,-1
24980.jpg,1891,1880,-11
24985.jpg,1891,1900,9
24990.jpg,1891,1890,-1
24995.jpg,1891,1890,-1
25000.jpg,1891,1880,-11
25005.jpg,1891,1890,-1
25010.jpg,1891,1870,-21
25015.jpg,1891,1890,-1
25020.jpg,1891,1900,9
25025.jpg,1891,1890,-1
25030.jpg,1891,1900,9
25035.jpg,1891,1200,-691
25040.jpg,1891,1890,-1
25045.jpg,1891,1890,-1
25050.jpg,1891,1900,9
25055.jpg,1891,1900,9
25060.jpg,1891,1920,29
25065.jpg,1891,1900,9
25070.jpg,1891,1890,-1
25075.jpg,1891,1900,9
25080.jpg,1891,1900,9
25085.jpg,1891,1890,-1
25090.jpg,1891,1970,79
25095.jpg,1892,1904,12
25100.jpg,1892,2005,113
25105.jpg,1892,2002,110
25115.jpg,1892,2000,108
25120.jpg,1892,1950,58
25125.jpg,1892,1900,8
25130.jpg,1892,1940,48
25135.jpg,1892,1892,0
25140.jpg,1892,1890,-2
25145.jpg,1892,1890,-2
25150.jpg,1892,2005,113
25155.jpg,1892,1895,3
25160.jpg,1892,2000,108
25165.jpg,1892,1900,8
25170.jpg,1892,1890,-2
25175.jpg,1892,1900,8
25180.jpg,1892,2000,108
25185.jpg,1892,1800,-92
25190.jpg,1892,1900,8
25195.jpg,1892,1900,8
25205.jpg,1892,1900,8
25210.jpg,1892,1920,28
25215.jpg,1892,1890,-2
25220.jpg,1892,1890,-2
25225.jpg,1892,1850,-42
25230.jpg,1892,1890,-2
25235.jpg,1892,1890,-2
25240.jpg,1892,1890,-2
25245.jpg,1892,1890,-2
25250.jpg,1892,1890,-2
25255.jpg,1892,1900,8
25260.jpg,1892,1890,-2
25265.jpg,1892,1890,-2
25270.jpg,1892,1890,-2
25275.jpg,1892,1900,8
25280.jpg,1892,1890,-2
25285.jpg,1892,1900,8
25290.jpg,1892,1890,-2
25295.jpg,1892,1890,-2
25300.jpg,1892,1900,8
25305.jpg,1892,2000,108
25310.jpg,1892,1900,8
25315.jpg,1892,1890,-2
25320.jpg,1892,1890,-2
25325.jpg,1892,1900,8
25330.jpg,1892,1930,38
25335.jpg,1892,1900,8
25340.jpg,1892,1900,8
25345.jpg,1892,1913,21
25350.jpg,1892,1900,8
25355.jpg,1892,1920,28
25360.jpg,1892,1930,38
25365.jpg,1892,1890,-2
25370.jpg,1892,1900,8
25375.jpg,1892,1890,-2
25380.jpg,1892,1890,-2
25385.jpg,1892,1890,-2
25390.jpg,1892,1900,8
25395.jpg,1892,1950,58
25400.jpg,1892,1920,28
25405.jpg,1892,1895,3
25410.jpg,1892,1900,8
25415.jpg,1892,1900,8
25420.jpg,1892,1890,-2
25425.jpg,1892,1890,-2
25430.jpg,1892,1890,-2
25435.jpg,1892,1890,-2
25440.jpg,1892,1900,8
25445.jpg,1892,1900,8
25450.jpg,1892,1900,8
25455.jpg,1892,1890,-2
25460.jpg,1892,1900,8
25465.jpg,1893,1740,-153
25470.jpg,1893,1890,-3
25475.jpg,1893,1900,7
25480.jpg,1893,1950,57
25490.jpg,1893,1930,37
25495.jpg,1893,1900,7
25500.jpg,1893,1900,7
25505.jpg,1893,1890,-3
25510.jpg,1893,1920,27
25515.jpg,1893,1901,8
25520.jpg,1893,1890,-3
25525.jpg,1893,1900,7
25530.jpg,1893,1920,27
25535.jpg,1893,1930,37
25540.jpg,1893,1900,7
25545.jpg,1893,1900,7
25555.jpg,1893,1880,-13
25560.jpg,1893,1900,7
25565.jpg,1893,2020,127
25570.jpg,1893,1900,7
25575.jpg,1893,1880,-13
25580.jpg,1893,1950,57
25585.jpg,1893,1890,-3
25590.jpg,1893,1890,-3
25595.jpg,1893,1890,-3
25600.jpg,1893,1890,-3
25605.jpg,1893,1900,7
25610.jpg,1893,1890,-3
25615.jpg,1893,1890,-3
25620.jpg,1893,1890,-3
25625.jpg,1893,1890,-3
25630.jpg,1893,1900,7
25635.jpg,1893,1890,-3
25640.jpg,1893,1910,17
25645.jpg,1893,1900,7
25650.jpg,1893,1900,7
25655.jpg,1893,1900,7
25660.jpg,1893,1890,-3
25665.jpg,1893,1900,7
25670.jpg,1893,1890,-3
25675.jpg,1893,1885,-8
25680.jpg,1893,1890,-3
25685.jpg,1893,1890,-3
25690.jpg,1893,1890,-3
25695.jpg,1893,1890,-3
25700.jpg,1893,1890,-3
25705.jpg,1893,1900,7
25710.jpg,1893,1900,7
25715.jpg,1893,1890,-3
25720.jpg,1893,1900,7
25725.jpg,1893,2000,107
25730.jpg,1893,1890,-3
25740.jpg,1893,1890,-3
25745.jpg,1893,1890,-3
25750.jpg,1893,1890,-3
25755.jpg,1893,1900,7
25760.jpg,1893,1900,7
25765.jpg,1893,1910,17
25770.jpg,1893,1900,7
25775.jpg,1893,1900,7
25780.jpg,1893,1890,-3
25785.jpg,1893,1910,17
25795.jpg,1893,1891,-2
25800.jpg,1893,1920,27
25805.jpg,1894,1900,6
25810.jpg,1894,1890,-4
25815.jpg,1894,1900,6
25820.jpg,1894,1905,11
25825.jpg,1894,1900,6
25830.jpg,1894,1890,-4
25835.jpg,1894,1890,-4
25840.jpg,1894,1891,-3
25845.jpg,1894,1900,6
25850.jpg,1894,1890,-4
25855.jpg,1894,1890,-4
25860.jpg,1894,1890,-4
25865.jpg,1894,1910,16
25870.jpg,1894,1890,-4
25875.jpg,1894,1900,6
25880.jpg,1894,1912,18
25885.jpg,1894,1860,-34
25890.jpg,1894,1880,-14
25895.jpg,1894,1950,56
25900.jpg,1894,1900,6
25905.jpg,1894,1890,-4
25910.jpg,1894,1890,-4
25915.jpg,1894,1910,16
25920.jpg,1894,1890,-4
25925.jpg,1894,1890,-4
25930.jpg,1894,1900,6
25935.jpg,1894,1890,-4
25940.jpg,1894,1890,-4
25945.jpg,1894,1890,-4
25950.jpg,1894,1900,6
25955.jpg,1894,1890,-4
25960.jpg,1894,1890,-4
25965.jpg,1894,1890,-4
25970.jpg,1894,1930,36
25975.jpg,1894,1890,-4
25980.jpg,1894,1890,-4
25985.jpg,1894,1910,16
25990.jpg,1894,2000,106
25995.jpg,1894,1900,6
26000.jpg,1894,1890,-4
26005.jpg,1894,1890,-4
26010.jpg,1894,1890,-4
26015.jpg,1894,1880,-14
26020.jpg,1894,1990,96
26025.jpg,1894,1890,-4
26030.jpg,1894,1880,-14
26035.jpg,1894,1890,-4
26040.jpg,1894,1920,26
26045.jpg,1894,1890,-4
26050.jpg,1894,1890,-4
26055.jpg,1894,1890,-4
26060.jpg,1894,1920,26
26065.jpg,1894,1887,-7
26070.jpg,1894,1890,-4
26075.jpg,1894,1890,-4
26085.jpg,1894,1890,-4
26090.jpg,1894,1900,6
26095.jpg,1894,1970,76
26100.jpg,1894,1890,-4
26105.jpg,1894,1900,6
26110.jpg,1894,1900,6
26115.jpg,1894,1890,-4
26120.jpg,1894,1900,6
26125.jpg,1895,1895,0
26130.jpg,1895,2000,105
26135.jpg,1895,1895,0
26140.jpg,1895,1900,5
26145.jpg,1895,1900,5
26150.jpg,1895,1895,0
26155.jpg,1895,1930,35
26160.jpg,1895,1904,9
26165.jpg,1895,1910,15
26170.jpg,1895,1890,-5
26175.jpg,1895,1910,15
26180.jpg,1895,2000,105
26185.jpg,1895,1900,5
26190.jpg,1895,1900,5
26195.jpg,1895,1870,-25
26200.jpg,1895,1900,5
26205.jpg,1895,1825,-70
26210.jpg,1895,1950,55
26215.jpg,1895,1960,65
26220.jpg,1895,1900,5
26225.jpg,1895,1890,-5
26230.jpg,1895,1890,-5
26235.jpg,1895,1890,-5
26240.jpg,1895,1950,55
26245.jpg,1895,1750,-145
26250.jpg,1895,1900,5
26255.jpg,1895,1900,5
26260.jpg,1895,1890,-5
26265.jpg,1895,1890,-5
26270.jpg,1895,1890,-5
26275.jpg,1895,1890,-5
26280.jpg,1895,1900,5
26285.jpg,1895,1880,-15
26290.jpg,1895,1890,-5
26295.jpg,1895,1900,5
26300.jpg,1895,1890,-5
26305.jpg,1895,1890,-5
26310.jpg,1895,1900,5
26315.jpg,1895,1890,-5
26320.jpg,1895,1890,-5
26325.jpg,1895,1890,-5
26330.jpg,1895,1880,-15
26335.jpg,1895,1900,5
26340.jpg,1895,1900,5
26345.jpg,1895,1920,25
26350.jpg,1895,1890,-5
26355.jpg,1895,1900,5
26360.jpg,1895,1900,5
26365.jpg,1895,1890,-5
26370.jpg,1895,1890,-5
26375.jpg,1895,1890,-5
26380.jpg,1895,1890,-5
26385.jpg,1895,1920,25
26390.jpg,1895,1900,5
26395.jpg,1895,1900,5
26405.jpg,1895,1900,5
26410.jpg,1895,1900,5
26415.jpg,1895,1892,-3
26420.jpg,1895,1910,15
26425.jpg,1895,1900,5
26430.jpg,1895,1920,25
26435.jpg,1895,1900,5
26440.jpg,1895,1920,25
26445.jpg,1895,1900,5
26450.jpg,1895,1900,5
26455.jpg,1895,1905,10
26460.jpg,1895,1783,-112
26465.jpg,1895,1900,5
26470.jpg,1895,1900,5
26475.jpg,1895,1890,-5
26480.jpg,1895,1900,5
26485.jpg,1895,1890,-5
26490.jpg,1896,1900,4
26495.jpg,1896,1910,14
26500.jpg,1896,1900,4
26505.jpg,1896,1900,4
26510.jpg,1896,1900,4
26515.jpg,1896,1900,4
26520.jpg,1896,1880,-16
26525.jpg,1896,1903,7
26530.jpg,1896,1930,34
26535.jpg,1896,1910,14
26540.jpg,1896,1890,-6
26545.jpg,1896,1890,-6
26550.jpg,1896,2020,124
26555.jpg,1896,2000,104
26560.jpg,1896,1900,4
26565.jpg,1896,1930,34
26570.jpg,1896,1890,-6
26575.jpg,1896,1930,34
26580.jpg,1896,1890,-6
26585.jpg,1896,1890,-6
26590.jpg,1896,1890,-6
26595.jpg,1896,1930,34
26600.jpg,1896,1890,-6
26605.jpg,1896,1890,-6
26610.jpg,1896,1890,-6
26620.jpg,1896,1900,4
26625.jpg,1896,1900,4
26630.jpg,1896,1890,-6
26635.jpg,1896,1890,-6
26640.jpg,1896,1880,-16
26645.jpg,1896,1890,-6
26650.jpg,1896,1900,4
26655.jpg,1896,1920,24
26665.jpg,1896,1890,-6
26670.jpg,1896,1890,-6
26675.jpg,1896,1890,-6
26680.jpg,1896,1890,-6
26685.jpg,1896,1890,-6
26690.jpg,1896,1930,34
26695.jpg,1896,1880,-16
26700.jpg,1896,1880,-16
26705.jpg,1896,1890,-6
26710.jpg,1896,1900,4
26715.jpg,1896,1890,-6
26720.jpg,1896,1890,-6
26725.jpg,1896,1900,4
26730.jpg,1896,1890,-6
26735.jpg,1896,1910,14
26740.jpg,1896,1860,-36
26745.jpg,1896,1860,-36
26750.jpg,1896,1900,4
26760.jpg,1896,1900,4
26765.jpg,1896,1890,-6
26770.jpg,1896,1900,4
26775.jpg,1896,1920,24
26780.jpg,1896,1900,4
26785.jpg,1896,1920,24
26790.jpg,1896,1900,4
26795.jpg,1896,1890,-6
26800.jpg,1896,2000,104
26805.jpg,1896,1899,3
26810.jpg,1896,1920,24
26815.jpg,1896,1884,-12
26820.jpg,1896,1910,14
26825.jpg,1896,1900,4
26830.jpg,1896,1890,-6
26835.jpg,1896,1890,-6
26840.jpg,1896,2000,104
26845.jpg,1897,1930,33
26850.jpg,1897,1897,0
26855.jpg,1897,1890,-7
26860.jpg,1897,1880,-17
26865.jpg,1897,1920,23
26870.jpg,1897,1900,3
26875.jpg,1897,1900,3
26880.jpg,1897,1900,3
26885.jpg,1897,1900,3
26890.jpg,1897,1880,-17
26895.jpg,1897,1920,23
26900.jpg,1897,1890,-7
26910.jpg,1897,1890,-7
26915.jpg,1897,1900,3
26920.jpg,1897,1900,3
26925.jpg,1897,1950,53
26930.jpg,1897,1890,-7
26935.jpg,1897,1900,3
26940.jpg,1897,1890,-7
26945.jpg,1897,1920,23
26950.jpg,1897,1890,-7
26955.jpg,1897,2000,103
26960.jpg,1897,1890,-7
26965.jpg,1897,1900,3
26970.jpg,1897,1820,-77
26975.jpg,1897,1905,8
26980.jpg,1897,1895,-2
26985.jpg,1897,1890,-7
26990.jpg,1897,1900,3
26995.jpg,1897,1885,-12
27000.jpg,1897,1900,3
27005.jpg,1897,1890,-7
27010.jpg,1897,1900,3
27015.jpg,1897,1900,3
27020.jpg,1897,1890,-7
27025.jpg,1897,1910,13
27030.jpg,1897,1890,-7
27035.jpg,1897,1950,53
27040.jpg,1897,1890,-7
27045.jpg,1897,1890,-7
27050.jpg,1897,1910,13
27055.jpg,1897,1890,-7
27060.jpg,1897,1900,3
27065.jpg,1897,1890,-7
27070.jpg,1897,1900,3
27075.jpg,1897,1911,14
27080.jpg,1897,1899,2
27085.jpg,1897,1890,-7
27090.jpg,1897,1900,3
27095.jpg,1897,1890,-7
27100.jpg,1897,1890,-7
27105.jpg,1897,1890,-7
27110.jpg,1897,1890,-7
27115.jpg,1897,1940,43
27120.jpg,1897,1897,0
27125.jpg,1897,1880,-17
27130.jpg,1897,2002,105
27135.jpg,1897,1890,-7
27140.jpg,1897,2000,103
27145.jpg,1897,1890,-7
27150.jpg,1897,1920,23
27155.jpg,1898,1900,2
27160.jpg,1898,1910,12
27165.jpg,1898,1900,2
27170.jpg,1898,1890,-8
27175.jpg,1898,1900,2
27180.jpg,1898,1890,-8
27185.jpg,1898,1910,12
27190.jpg,1898,1900,2
27195.jpg,1898,1900,2
27200.jpg,1898,2020,122
27205.jpg,1898,1894,-4
27210.jpg,1898,1890,-8
27215.jpg,1898,1920,22
27220.jpg,1898,1910,12
27225.jpg,1898,1900,2
27230.jpg,1898,1900,2
27235.jpg,1898,1900,2
27240.jpg,1898,1850,-48
27245.jpg,1898,1990,92
27255.jpg,1898,1900,2
27260.jpg,1898,1866,-32
27265.jpg,1898,1890,-8
27270.jpg,1898,1900,2
27275.jpg,1898,1890,-8
27280.jpg,1898,1900,2
27285.jpg,1898,1890,-8
27290.jpg,1898,1910,12
27295.jpg,1898,1890,-8
27300.jpg,1898,1900,2
27305.jpg,1898,1900,2
27310.jpg,1898,1930,32
27315.jpg,1898,1900,2
27320.jpg,1898,1890,-8
27325.jpg,1898,1990,92
27330.jpg,1898,1900,2
27335.jpg,1898,1890,-8
27340.jpg,1898,1900,2
27345.jpg,1898,1900,2
27350.jpg,1898,1900,2
27355.jpg,1898,1890,-8
27360.jpg,1898,1900,2
27365.jpg,1898,1890,-8
27370.jpg,1898,1890,-8
27380.jpg,1898,1890,-8
27385.jpg,1898,1890,-8
27390.jpg,1898,2000,102
27395.jpg,1898,1890,-8
27400.jpg,1898,1890,-8
27405.jpg,1898,1950,52
27410.jpg,1898,1900,2
27415.jpg,1898,1900,2
27420.jpg,1898,1900,2
27425.jpg,1898,1890,-8
27430.jpg,1898,1904,6
27435.jpg,1898,1900,2
27440.jpg,1898,1890,-8
27445.jpg,1898,1915,17
27450.jpg,1898,1900,2
27455.jpg,1898,1960,62
27465.jpg,1898,1900,2
27470.jpg,1898,1900,2
27475.jpg,1898,1900,2
27480.jpg,1898,1897,-1
27485.jpg,1898,1890,-8
27490.jpg,1898,1890,-8
27495.jpg,1898,1900,2
27500.jpg,1898,1900,2
27505.jpg,1898,1890,-8
27510.jpg,1898,1900,2
27515.jpg,1898,1900,2
27520.jpg,1898,1900,2
27525.jpg,1898,2000,102
27530.jpg,1898,1900,2
27540.jpg,1899,1859,-40
27545.jpg,1899,1965,66
27550.jpg,1899,1900,1
27555.jpg,1899,1890,-9
27560.jpg,1899,1910,11
27565.jpg,1899,1900,1
27570.jpg,1899,1800,-99
27575.jpg,1899,1900,1
27580.jpg,1899,1910,11
27585.jpg,1899,1905,6
27590.jpg,1899,1920,21
27595.jpg,1899,1900,1
27600.jpg,1899,1900,1
27605.jpg,1899,1890,-9
27610.jpg,1899,2000,101
27615.jpg,1899,1870,-29
27620.jpg,1899,1900,1
27625.jpg,1899,1900,1
27630.jpg,1899,1920,21
27635.jpg,1899,1890,-9
27640.jpg,1899,1900,1
27645.jpg,1899,1950,51
27650.jpg,1899,1900,1
27655.jpg,1899,1900,1
27660.jpg,1899,1900,1
27665.jpg,1899,1890,-9
27670.jpg,1899,1900,1
27675.jpg,1899,1900,1
27680.jpg,1899,1920,21
27685.jpg,1899,1900,1
27690.jpg,1899,1900,1
27695.jpg,1899,1910,11
27700.jpg,1899,1890,-9
27705.jpg,1899,1900,1
27715.jpg,1899,1890,-9
27720.jpg,1899,1890,-9
27725.jpg,1899,1890,-9
27730.jpg,1899,1950,51
27735.jpg,1899,1900,1
27740.jpg,1899,1897,-2
27745.jpg,1899,1890,-9
27750.jpg,1899,1900,1
27755.jpg,1899,1900,1
27760.jpg,1899,1900,1
27765.jpg,1899,1890,-9
27770.jpg,1899,1880,-19
27775.jpg,1899,1900,1
27780.jpg,1899,2000,101
27785.jpg,1899,1890,-9
27790.jpg,1899,1890,-9
27795.jpg,1899,1930,31
27800.jpg,1899,1880,-19
27805.jpg,1899,1880,-19
27810.jpg,1900,1800,-100
27815.jpg,1900,1890,-10
27820.jpg,1900,1910,10
27825.jpg,1900,1901,1
27830.jpg,1900,1880,-20
27835.jpg,1900,2000,100
27840.jpg,1900,1920,20
27845.jpg,1900,1890,-10
27850.jpg,1900,1900,0
27855.jpg,1900,1900,0
27860.jpg,1900,1900,0
27865.jpg,1900,1884,-16
27870.jpg,1900,1900,0
27875.jpg,1900,1920,20
27880.jpg,1900,1900,0
27885.jpg,1900,1900,0
27895.jpg,1900,1900,0
27900.jpg,1900,1890,-10
27905.jpg,1900,1900,0
27910.jpg,1900,1900,0
27915.jpg,1900,1900,0
27920.jpg,1900,1970,70
27925.jpg,1900,1975,75
27930.jpg,1900,2000,100
27935.jpg,1900,2000,100
27940.jpg,1900,1859,-41
27945.jpg,1900,1900,0
27950.jpg,1900,1865,-35
27955.jpg,1900,1900,0
27960.jpg,1900,1890,-10
27965.jpg,1900,2000,100
27970.jpg,1900,1890,-10
27975.jpg,1900,1890,-10
27980.jpg,1900,1890,-10
27985.jpg,1900,1920,20
27990.jpg,1900,1950,50
27995.jpg,1900,1900,0
28000.jpg,1900,1900,0
28005.jpg,1900,1890,-10
28010.jpg,1900,1900,0
28015.jpg,1900,1850,-50
28020.jpg,1900,1900,0
28025.jpg,1900,1890,-10
28030.jpg,1900,1890,-10
28035.jpg,1900,1890,-10
28040.jpg,1900,1890,-10
28045.jpg,1900,1900,0
28050.jpg,1900,1900,0
28055.jpg,1900,1900,0
28060.jpg,1900,1890,-10
28065.jpg,1900,1890,-10
28070.jpg,1900,1900,0
28075.jpg,1900,1890,-10
28080.jpg,1900,1900,0
28085.jpg,1900,1940,40
28090.jpg,1900,1920,20
28095.jpg,1900,1800,-100
28100.jpg,1900,1910,10
28105.jpg,1900,1890,-10
28110.jpg,1900,1890,-10
28115.jpg,1900,1890,-10
28120.jpg,1900,1900,0
28125.jpg,1900,1880,-20
28130.jpg,1900,1900,0
28135.jpg,1900,1900,0
28140.jpg,1900,1890,-10
28145.jpg,1900,1890,-10
28150.jpg,1900,1950,50
28155.jpg,1900,1970,70
28160.jpg,1900,1920,20
28165.jpg,1900,1940,40
28170.jpg,1900,1890,-10
28175.jpg,1900,1920,20
28180.jpg,1901,1800,-101
28185.jpg,1901,1920,19
28190.jpg,1901,1900,-1
28195.jpg,1901,1900,-1
28200.jpg,1901,1940,39
28205.jpg,1901,1900,-1
28210.jpg,1901,1880,-21
28215.jpg,1901,1900,-1
28220.jpg,1901,1900,-1
28225.jpg,1901,1890,-11
28230.jpg,1901,1950,49
28235.jpg,1901,1900,-1
28240.jpg,1901,1890,-11
28245.jpg,1901,1910,9
28250.jpg,1901,1890,-11
28255.jpg,1901,1890,-11
28260.jpg,1901,1890,-11
28265.jpg,1901,1920,19
28270.jpg,1901,1900,-1
28275.jpg,1901,1900,-1
28280.jpg,1901,1900,-1
28285.jpg,1901,1900,-1
28290.jpg,1901,1920,19
28295.jpg,1901,2005,104
28300.jpg,1901,1800,-101
28305.jpg,1901,1930,29
28310.jpg,1901,1900,-1
28315.jpg,1901,1900,-1
28320.jpg,1901,1890,-11
28325.jpg,1901,1900,-1
28330.jpg,1901,1890,-11
28335.jpg,1901,1910,9
28340.jpg,1901,1915,14
28345.jpg,1901,1890,-11
28350.jpg,1901,1900,-1
28355.jpg,1901,1900,-1
28360.jpg,1901,2000,99
28365.jpg,1901,1890,-11
28370.jpg,1901,2000,99
28375.jpg,1901,1890,-11
28380.jpg,1901,1890,-11
28385.jpg,1901,1900,-1
28390.jpg,1901,1890,-11
28395.jpg,1901,1890,-11
28400.jpg,1901,1880,-21
28405.jpg,1901,1930,29
28410.jpg,1901,1910,9
28415.jpg,1901,1890,-11
28420.jpg,1901,1900,-1
28425.jpg,1901,1950,49
28430.jpg,1901,1900,-1
28435.jpg,1901,1890,-11
28440.jpg,1901,1890,-11
28445.jpg,1901,1901,0
28450.jpg,1901,1900,-1
28455.jpg,1901,1890,-11
28460.jpg,1901,1920,19
28465.jpg,1901,1900,-1
28470.jpg,1901,1900,-1
28475.jpg,1901,1910,9
28480.jpg,1901,1920,19
28485.jpg,1901,1920,19
28490.jpg,1901,1890,-11
28495.jpg,1901,1970,69
28500.jpg,1901,1910,9
28505.jpg,1901,1920,19
28510.jpg,1901,1901,0
28515.jpg,1901,1900,-1
28520.jpg,1902,1902,0
28525.jpg,1902,1920,18
28530.jpg,1902,1902,0
28535.jpg,1902,1900,-2
28540.jpg,1902,1900,-2
28545.jpg,1902,1960,58
28550.jpg,1902,1930,28
28555.jpg,1902,1900,-2
28560.jpg,1902,2000,98
28575.jpg,1902,1900,-2
28580.jpg,1902,1900,-2
28585.jpg,1902,1890,-12
28590.jpg,1902,1900,-2
28595.jpg,1902,1890,-12
28600.jpg,1902,1900,-2
28605.jpg,1902,1900,-2
28610.jpg,1902,1900,-2
28615.jpg,1902,1900,-2
28620.jpg,1902,1950,48
28625.jpg,1902,1910,8
28630.jpg,1902,1900,-2
28635.jpg,1902,1920,18
28640.jpg,1902,1900,-2
28645.jpg,1902,1850,-52
28650.jpg,1902,1850,-52
28655.jpg,1902,1850,-52
28660.jpg,1902,1900,-2
28665.jpg,1902,1900,-2
28670.jpg,1902,1900,-2
28675.jpg,1902,1938,36
28680.jpg,1902,1600,-302
28685.jpg,1902,1890,-12
28690.jpg,1902,1890,-12
28695.jpg,1902,1890,-12
28700.jpg,1902,1910,8
28705.jpg,1902,1900,-2
28710.jpg,1902,1890,-12
28715.jpg,1902,1890,-12
28720.jpg,1902,1910,8
28725.jpg,1902,1900,-2
28730.jpg,1902,1920,18
28735.jpg,1902,1920,18
28740.jpg,1902,1890,-12
28745.jpg,1902,1910,8
28750.jpg,1902,1900,-2
28755.jpg,1902,1890,-12
28760.jpg,1902,1900,-2
28765.jpg,1902,1970,68
28770.jpg,1902,1895,-7
28775.jpg,1902,1890,-12
28780.jpg,1902,1890,-12
28785.jpg,1902,1900,-2
28790.jpg,1902,1890,-12
28795.jpg,1902,1900,-2
28800.jpg,1902,1890,-12
28805.jpg,1902,1910,8
28810.jpg,1902,1870,-32
28815.jpg,1902,1900,-2
28820.jpg,1902,1900,-2
28825.jpg,1902,1900,-2
28830.jpg,1902,1910,8
28835.jpg,1902,1900,-2
28840.jpg,1902,1900,-2
28845.jpg,1902,1950,48
28850.jpg,1902,1890,-12
28855.jpg,1902,1900,-2
28860.jpg,1902,1930,28
28865.jpg,1902,1900,-2
28870.jpg,1902,1910,8
28875.jpg,1902,2006,104
28880.jpg,1902,1950,48
28885.jpg,1902,1900,-2
28890.jpg,1902,2000,98
28895.jpg,1902,1890,-12
28900.jpg,1902,2020,118
28905.jpg,1902,1890,-12
28910.jpg,1902,1900,-2
28915.jpg,1902,1890,-12
28920.jpg,1903,1800,-103
28925.jpg,1903,1890,-13
28930.jpg,1903,1900,-3
28935.jpg,1903,1920,17
28940.jpg,1903,1905,2
28945.jpg,1903,1907,4
28955.jpg,1903,1910,7
28960.jpg,1903,1900,-3
28965.jpg,1903,1910,7
28970.jpg,1903,1900,-3
28975.jpg,1903,1880,-23
28980.jpg,1903,1900,-3
28985.jpg,1903,1910,7
28990.jpg,1903,1910,7
28995.jpg,1903,1950,47
29000.jpg,1903,1910,7
29005.jpg,1903,1900,-3
29010.jpg,1903,1900,-3
29015.jpg,1903,1900,-3
29020.jpg,1903,1900,-3
29025.jpg,1903,1920,17
29030.jpg,1903,1905,2
29035.jpg,1903,1920,17
29040.jpg,1903,1920,17
29045.jpg,1903,1900,-3
29050.jpg,1903,2010,107
29055.jpg,1903,1900,-3
29060.jpg,1903,1900,-3
29065.jpg,1903,1900,-3
29070.jpg,1903,1903,0
29075.jpg,1903,2000,97
29080.jpg,1903,1970,67
29085.jpg,1903,1900,-3
29090.jpg,1903,1860,-43
29095.jpg,1903,1890,-13
29100.jpg,1903,2000,97
29105.jpg,1903,1900,-3
29110.jpg,1903,1930,27
29115.jpg,1903,1881,-22
29120.jpg,1903,1900,-3
29125.jpg,1903,1900,-3
29130.jpg,1903,1900,-3
29135.jpg,1903,1890,-13
29140.jpg,1903,1890,-13
29145.jpg,1903,1920,17
29150.jpg,1903,1900,-3
29155.jpg,1903,1900,-3
29160.jpg,1903,1890,-13
29165.jpg,1903,1900,-3
29170.jpg,1903,1920,17
29175.jpg,1903,1905,2
29180.jpg,1903,1920,17
29185.jpg,1903,1900,-3
29190.jpg,1903,1900,-3
29195.jpg,1903,1900,-3
29200.jpg,1903,1890,-13
29205.jpg,1903,1908,5
29210.jpg,1903,1900,-3
29215.jpg,1903,1900,-3
29220.jpg,1903,1905,2
29225.jpg,1903,1890,-13
29230.jpg,1903,1900,-3
29235.jpg,1903,1900,-3
29240.jpg,1903,1950,47
29245.jpg,1903,1890,-13
29250.jpg,1903,1906,3
29255.jpg,1903,1900,-3
29260.jpg,1903,1900,-3
29265.jpg,1903,1900,-3
29270.jpg,1903,1900,-3
29275.jpg,1903,1920,17
29280.jpg,1903,1890,-13
29285.jpg,1903,1920,17
29290.jpg,1903,1900,-3
29295.jpg,1903,1890,-13
29300.jpg,1903,2010,107
29305.jpg,1903,1890,-13
29310.jpg,1903,1890,-13
29315.jpg,1903,1950,47
29320.jpg,1903,1900,-3
29325.jpg,1903,1930,27
29330.jpg,1903,1920,17
29335.jpg,1903,1900,-3
29340.jpg,1903,1900,-3
29345.jpg,1903,1910,7
29350.jpg,1903,2023,120
29355.jpg,1903,1900,-3
29360.jpg,1903,1890,-13
29365.jpg,1903,2000,97
29370.jpg,1903,1900,-3
29375.jpg,1903,1900,-3
29380.jpg,1904,1750,-154
29385.jpg,1904,1900,-4
29390.jpg,1904,1900,-4
29395.jpg,1904,2010,106
29400.jpg,1904,1910,6
29405.jpg,1904,1910,6
29410.jpg,1904,2000,96
29415.jpg,1904,1920,16
29420.jpg,1904,1890,-14
29425.jpg,1904,1890,-14
29430.jpg,1904,1890,-14
29435.jpg,1904,1900,-4
29440.jpg,1904,1900,-4
29445.jpg,1904,1900,-4
29450.jpg,1904,1900,-4
29455.jpg,1904,1925,21
29460.jpg,1904,1920,16
29465.jpg,1904,2000,96
29470.jpg,1904,2000,96
29475.jpg,1904,1900,-4
29480.jpg,1904,2020,116
29485.jpg,1904,1920,16
29490.jpg,1904,1900,-4
29495.jpg,1904,1890,-14
29500.jpg,1904,2000,96
29505.jpg,1904,1890,-14
29510.jpg,1904,1900,-4
29515.jpg,1904,1910,6
29520.jpg,1904,1890,-14
29525.jpg,1904,1920,16
29530.jpg,1904,1900,-4
29535.jpg,1904,1900,-4
29540.jpg,1904,1900,-4
29550.jpg,1904,1840,-64
29555.jpg,1904,1950,46
29560.jpg,1904,1930,26
29565.jpg,1904,1915,11
29570.jpg,1904,1860,-44
29575.jpg,1904,1920,16
29580.jpg,1904,1900,-4
29585.jpg,1904,1900,-4
29590.jpg,1904,1900,-4
29595.jpg,1904,1890,-14
29600.jpg,1904,1890,-14
29605.jpg,1904,1920,16
29610.jpg,1904,1890,-14
29615.jpg,1904,1900,-4
29620.jpg,1904,1900,-4
29625.jpg,1904,1890,-14
29630.jpg,1904,1910,6
29635.jpg,1904,1900,-4
29640.jpg,1904,1900,-4
29645.jpg,1904,1900,-4
29650.jpg,1904,1910,6
29655.jpg,1904,1910,6
29660.jpg,1904,1900,-4
29665.jpg,1904,1920,16
29670.jpg,1904,1910,6
29675.jpg,1904,1900,-4
29680.jpg,1904,1900,-4
29685.jpg,1904,1910,6
29690.jpg,1904,1920,16
29695.jpg,1904,1940,36
29700.jpg,1904,1890,-14
29705.jpg,1904,1880,-24
29710.jpg,1904,1900,-4
29715.jpg,1904,1910,6
29720.jpg,1904,1850,-54
29725.jpg,1904,1970,66
29730.jpg,1904,1890,-14
29735.jpg,1904,1900,-4
29740.jpg,1904,1900,-4
29745.jpg,1904,1900,-4
29750.jpg,1904,1890,-14
29755.jpg,1904,1910,6
29760.jpg,1904,1950,46
29765.jpg,1904,1900,-4
29770.jpg,1904,1900,-4
29775.jpg,1904,2000,96
29780.jpg,1904,1904,0
29790.jpg,1904,1900,-4
29795.jpg,1904,1890,-14
29800.jpg,1904,1910,6
29805.jpg,1904,1900,-4
29810.jpg,1904,1920,16
29815.jpg,1904,2000,96
29820.jpg,1904,1900,-4
29825.jpg,1904,1900,-4
29830.jpg,1905,1900,-5
29835.jpg,1905,2010,105
29840.jpg,1905,1900,-5
29845.jpg,1905,1950,45
29850.jpg,1905,1920,15
29855.jpg,1905,1929,24
29860.jpg,1905,2023,118
29865.jpg,1905,1900,-5
29870.jpg,1905,1880,-25
29875.jpg,1905,2000,95
29880.jpg,1905,1900,-5
29885.jpg,1905,1900,-5
29890.jpg,1905,1860,-45
29895.jpg,1905,1900,-5
29900.jpg,1905,1910,5
29905.jpg,1905,1900,-5
29910.jpg,1905,1920,15
29915.jpg,1905,1900,-5
29920.jpg,1905,1900,-5
29925.jpg,1905,1920,15
29930.jpg,1905,1890,-15
29935.jpg,1905,1920,15
29940.jpg,1905,1890,-15
29945.jpg,1905,1910,5
29950.jpg,1905,1900,-5
29960.jpg,1905,1900,-5
29965.jpg,1905,1890,-15
29970.jpg,1905,1900,-5
29975.jpg,1905,1900,-5
29980.jpg,1905,1900,-5
29985.jpg,1905,1890,-15
29990.jpg,1905,1881,-24
29995.jpg,1905,1900,-5
30000.jpg,1905,1860,-45
30005.jpg,1905,1900,-5
30015.jpg,1905,1896,-9
30020.jpg,1905,2000,95
30025.jpg,1905,1890,-15
30030.jpg,1905,1880,-25
30035.jpg,1905,1900,-5
30040.jpg,1905,1940,35
30045.jpg,1905,1900,-5
30050.jpg,1905,1930,25
30055.jpg,1905,1905,0
30060.jpg,1905,1890,-15
30065.jpg,1905,1890,-15
30070.jpg,1905,1900,-5
30075.jpg,1905,1900,-5
30080.jpg,1905,1905,0
30085.jpg,1905,1950,45
30090.jpg,1905,1900,-5
30095.jpg,1905,1890,-15
30100.jpg,1905,1930,25
30105.jpg,1905,1890,-15
30110.jpg,1905,1950,45
30115.jpg,1905,1890,-15
30120.jpg,1905,1890,-15
30125.jpg,1905,1900,-5
30130.jpg,1905,2023,118
30135.jpg,1905,1900,-5
30140.jpg,1905,1910,5
30145.jpg,1905,1900,-5
30155.jpg,1905,1900,-5
30160.jpg,1905,1950,45
30165.jpg,1905,1850,-55
30170.jpg,1905,1900,-5
30175.jpg,1905,1920,15
30180.jpg,1905,1970,65
30185.jpg,1905,1910,5
30190.jpg,1905,1900,-5
30195.jpg,1905,1815,-90
30200.jpg,1905,1920,15
30205.jpg,1905,2000,95
30210.jpg,1905,1550,-355
30215.jpg,1905,1900,-5
30220.jpg,1905,1900,-5
30225.jpg,1905,1900,-5
30230.jpg,1905,1990,85
30235.jpg,1905,1890,-15
30240.jpg,1905,1910,5
30245.jpg,1905,1900,-5
30250.jpg,1905,1900,-5
30255.jpg,1905,1900,-5
30260.jpg,1905,1890,-15
30265.jpg,1905,1860,-45
30270.jpg,1905,1950,45
30275.jpg,1905,1900,-5
30280.jpg,1905,1920,15
30285.jpg,1905,1900,-5
30290.jpg,1905,1900,-5
30295.jpg,1906,1890,-16
30300.jpg,1906,1890,-16
30305.jpg,1906,1920,14
30310.jpg,1906,1905,-1
30315.jpg,1906,1920,14
30320.jpg,1906,2000,94
30325.jpg,1906,2000,94
30330.jpg,1906,1800,-106
30335.jpg,1906,2020,114
30340.jpg,1906,1920,14
30345.jpg,1906,1930,24
30350.jpg,1906,1930,24
30355.jpg,1906,1930,24
30360.jpg,1906,1905,-1
30365.jpg,1906,1907,1
30370.jpg,1906,1900,-6
30375.jpg,1906,1921,15
30380.jpg,1906,1910,4
30385.jpg,1906,1890,-16
30390.jpg,1906,1900,-6
30395.jpg,1906,1900,-6
30400.jpg,1906,1920,14
30405.jpg,1906,1920,14
30410.jpg,1906,1900,-6
30415.jpg,1906,1900,-6
30420.jpg,1906,2000,94
30425.jpg,1906,1910,4
30430.jpg,1906,1900,-6
30435.jpg,1906,1920,14
30440.jpg,1906,2000,94
30445.jpg,1906,1833,-73
30450.jpg,1906,1890,-16
30455.jpg,1906,1900,-6
30460.jpg,1906,1869,-37
30465.jpg,1906,1920,14
30470.jpg,1906,1900,-6
30475.jpg,1906,1890,-16
30480.jpg,1906,1905,-1
30485.jpg,1906,1900,-6
30490.jpg,1906,1860,-46
30495.jpg,1906,1900,-6
30500.jpg,1906,1900,-6
30505.jpg,1906,2000,94
30510.jpg,1906,1890,-16
30515.jpg,1906,1900,-6
30520.jpg,1906,1900,-6
30525.jpg,1906,1890,-16
30530.jpg,1906,1890,-16
30535.jpg,1906,1890,-16
30540.jpg,1906,1900,-6
30545.jpg,1906,1900,-6
30550.jpg,1906,1910,4
30555.jpg,1906,1900,-6
30560.jpg,1906,1900,-6
30565.jpg,1906,1900,-6
30570.jpg,1906,1920,14
30575.jpg,1906,1930,24
30580.jpg,1906,1940,34
30585.jpg,1906,1900,-6
30590.jpg,1906,1900,-6
30595.jpg,1906,1905,-1
30600.jpg,1906,1890,-16
30605.jpg,1906,1890,-16
30610.jpg,1906,1900,-6
30615.jpg,1906,1905,-1
30620.jpg,1906,1890,-16
30625.jpg,1906,1900,-6
30630.jpg,1906,1900,-6
30635.jpg,1906,1920,14
30640.jpg,1906,1900,-6
30645.jpg,1906,1910,4
30650.jpg,1906,1830,-76
30655.jpg,1906,1890,-16
30665.jpg,1906,1890,-16
30670.jpg,1906,1900,-6
30685.jpg,1906,1890,-16
30690.jpg,1906,1900,-6
30695.jpg,1906,1900,-6
30700.jpg,1906,1900,-6
30705.jpg,1906,1900,-6
30710.jpg,1906,1950,44
30715.jpg,1906,1960,54
30720.jpg,1906,1900,-6
30725.jpg,1906,1920,14
30730.jpg,1906,2000,94
30740.jpg,1906,1900,-6
30745.jpg,1906,1900,-6
30750.jpg,1906,1910,4
30760.jpg,1907,1910,3
30765.jpg,1907,1920,13
30770.jpg,1907,1900,-7
30780.jpg,1907,1970,63
30785.jpg,1907,1910,3
30790.jpg,1907,2000,93
30795.jpg,1907,1903,-4
30800.jpg,1907,1910,3
30805.jpg,1907,1900,-7
30810.jpg,1907,1900,-7
30815.jpg,1907,1930,23
30820.jpg,1907,1900,-7
30825.jpg,1907,2005,98
30830.jpg,1907,1900,-7
30835.jpg,1907,1895,-12
30840.jpg,1907,1920,13
30845.jpg,1907,1907,0
30855.jpg,1907,1900,-7
30860.jpg,1907,1900,-7
30865.jpg,1907,1900,-7
30870.jpg,1907,1900,-7
30875.jpg,1907,1900,-7
30880.jpg,1907,1920,13
30885.jpg,1907,1890,-17
30895.jpg,1907,1920,13
30900.jpg,1907,1900,-7
30905.jpg,1907,1900,-7
30910.jpg,1907,2000,93
30915.jpg,1907,1910,3
30920.jpg,1907,2000,93
30925.jpg,1907,1930,23
30930.jpg,1907,1850,-57
30935.jpg,1907,1930,23
30940.jpg,1907,2000,93
30945.jpg,1907,1930,23
30950.jpg,1907,1850,-57
30955.jpg,1907,1890,-17
30960.jpg,1907,1890,-17
30965.jpg,1907,1905,-2
30970.jpg,1907,1910,3
30975.jpg,1907,1900,-7
30980.jpg,1907,1900,-7
30985.jpg,1907,1905,-2
30990.jpg,1907,1990,83
30995.jpg,1907,1910,3
31000.jpg,1907,1920,13
31005.jpg,1907,1890,-17
31010.jpg,1907,1920,13
31015.jpg,1907,1900,-7
31020.jpg,1907,1890,-17
31025.jpg,1907,2000,93
31030.jpg,1907,1900,-7
31035.jpg,1907,1900,-7
31040.jpg,1907,1900,-7
31045.jpg,1907,1900,-7
31050.jpg,1907,1890,-17
31055.jpg,1907,1850,-57
31060.jpg,1907,1900,-7
31065.jpg,1907,1900,-7
31070.jpg,1907,1900,-7
31075.jpg,1907,1900,-7
31080.jpg,1907,1900,-7
31085.jpg,1907,1910,3
31090.jpg,1907,1900,-7
31095.jpg,1907,1890,-17
31100.jpg,1907,1907,0
31105.jpg,1907,1910,3
31110.jpg,1907,1910,3
31115.jpg,1907,1890,-17
31120.jpg,1907,1900,-7
31125.jpg,1907,1900,-7
31130.jpg,1907,1910,3
31135.jpg,1907,1930,23
31140.jpg,1907,2000,93
31150.jpg,1907,1890,-17
31155.jpg,1907,1900,-7
31160.jpg,1907,1990,83
31165.jpg,1907,1920,13
31170.jpg,1907,1950,43
31175.jpg,1907,1940,33
31180.jpg,1907,1930,23
31185.jpg,1907,1930,23
31190.jpg,1907,2010,103
31195.jpg,1907,1920,13
31200.jpg,1907,1920,13
31205.jpg,1907,1920,13
31210.jpg,1907,1900,-7
31215.jpg,1907,1920,13
31220.jpg,1907,1900,-7
31225.jpg,1907,1970,63
31230.jpg,1907,1906,-1
31235.jpg,1907,1920,13
31240.jpg,1907,1904,-3
31245.jpg,1907,1900,-7
31250.jpg,1907,1900,-7
31255.jpg,1907,1903,-4
31260.jpg,1907,1920,13
31265.jpg,1907,1926,19
31270.jpg,1907,1930,23
31275.jpg,1907,1890,-17
31280.jpg,1907,1900,-7
31285.jpg,1907,1940,33
31290.jpg,1907,1920,13
31295.jpg,1907,1920,13
31300.jpg,1907,1970,63
31305.jpg,1907,1910,3
31310.jpg,1908,1900,-8
31315.jpg,1908,1916,8
31320.jpg,1908,1940,32
31325.jpg,1908,1920,12
31330.jpg,1908,1900,-8
31335.jpg,1908,1920,12
31345.jpg,1908,2023,115
31350.jpg,1908,1910,2
31355.jpg,1908,1910,2
31360.jpg,1908,1910,2
31365.jpg,1908,1910,2
31370.jpg,1908,1920,12
31380.jpg,1908,1920,12
31385.jpg,1908,1920,12
31390.jpg,1908,1910,2
31395.jpg,1908,1920,12
31400.jpg,1908,1905,-3
31405.jpg,1908,2000,92
31410.jpg,1908,1901,-7
31415.jpg,1908,1928,20
31420.jpg,1908,1890,-18
31425.jpg,1908,2000,92
31430.jpg,1908,1900,-8
31435.jpg,1908,1960,52
31440.jpg,1908,1900,-8
31445.jpg,1908,1900,-8
31450.jpg,1908,1900,-8
31455.jpg,1908,1920,12
31460.jpg,1908,1900,-8
31465.jpg,1908,1920,12
31470.jpg,1908,1908,0
31475.jpg,1908,2000,92
31480.jpg,1908,1900,-8
31485.jpg,1908,1900,-8
31490.jpg,1908,1856,-52
31500.jpg,1908,1930,22
31505.jpg,1908,1910,2
31510.jpg,1908,1890,-18
31515.jpg,1908,1890,-18
31520.jpg,1908,1900,-8
31525.jpg,1908,1905,-3
31530.jpg,1908,1950,42
31535.jpg,1908,1900,-8
31540.jpg,1908,1890,-18
31545.jpg,1908,1910,2
31550.jpg,1908,1900,-8
31555.jpg,1908,1890,-18
31560.jpg,1908,1900,-8
31565.jpg,1908,1820,-88
31570.jpg,1908,1900,-8
31575.jpg,1908,1920,12
31580.jpg,1908,1910,2
31585.jpg,1908,1900,-8
31590.jpg,1908,1910,2
31595.jpg,1908,1900,-8
31600.jpg,1908,1890,-18
31605.jpg,1908,1900,-8
31610.jpg,1908,1920,12
31620.jpg,1908,1905,-3
31625.jpg,1908,1950,42
31630.jpg,1908,1900,-8
31635.jpg,1908,1920,12
31640.jpg,1908,1900,-8
31645.jpg,1908,1910,2
31650.jpg,1908,1950,42
31655.jpg,1908,1900,-8
31660.jpg,1908,1920,12
31665.jpg,1908,1900,-8
31670.jpg,1908,1890,-18
31675.jpg,1908,1900,-8
31680.jpg,1908,1900,-8
31685.jpg,1908,1900,-8
31690.jpg,1908,1900,-8
31695.jpg,1908,1900,-8
31700.jpg,1908,1920,12
31705.jpg,1908,1920,12
31710.jpg,1908,1920,12
31715.jpg,1908,1900,-8
31720.jpg,1908,1950,42
31725.jpg,1908,1910,2
31730.jpg,1908,1910,2
31735.jpg,1908,2000,92
31740.jpg,1908,1965,57
31745.jpg,1908,1890,-18
31750.jpg,1908,1930,22
31755.jpg,1908,1900,-8
31760.jpg,1908,1910,2
31765.jpg,1909,1895,-14
31770.jpg,1909,1910,1
31775.jpg,1909,1890,-19
31780.jpg,1909,1900,-9
31785.jpg,1909,2023,114
31790.jpg,1909,2020,111
31805.jpg,1909,1975,66
31815.jpg,1909,1910,1
31820.jpg,1909,1940,31
31825.jpg,1909,1920,11
31830.jpg,1909,1900,-9
31835.jpg,1909,1920,11
31840.jpg,1909,1920,11
31845.jpg,1909,1900,-9
31850.jpg,1909,1900,-9
31855.jpg,1909,1940,31
31860.jpg,1909,1920,11
31865.jpg,1909,1906,-3
31870.jpg,1909,1903,-6
31875.jpg,1909,1900,-9
31880.jpg,1909,1906,-3
31885.jpg,1909,1902,-7
31890.jpg,1909,1920,11
31895.jpg,1909,1900,-9
31900.jpg,1909,1890,-19
31905.jpg,1909,1900,-9
31910.jpg,1909,1920,11
31915.jpg,1909,1940,31
31920.jpg,1909,1930,21
31925.jpg,1909,2000,91
31930.jpg,1909,1900,-9
31935.jpg,1909,1930,21
31940.jpg,1909,1890,-19
31945.jpg,1909,1900,-9
31950.jpg,1909,1930,21
31955.jpg,1909,1915,6
31960.jpg,1909,2000,91
31970.jpg,1909,1900,-9
31975.jpg,1909,1900,-9
31980.jpg,1909,1900,-9
31985.jpg,1909,1890,-19
31990.jpg,1909,1890,-19
31995.jpg,1909,1900,-9
32005.jpg,1909,1850,-59
32015.jpg,1909,1900,-9
32020.jpg,1909,1900,-9
32025.jpg,1909,1860,-49
32030.jpg,1909,1910,1
32035.jpg,1909,1900,-9
32045.jpg,1909,1920,11
32050.jpg,1909,1900,-9
32055.jpg,1909,1910,1
32060.jpg,1909,1900,-9
32065.jpg,1909,1910,1
32070.jpg,1909,1900,-9
32075.jpg,1909,1920,11
32080.jpg,1909,1900,-9
32085.jpg,1909,1910,1
32090.jpg,1909,1910,1
32095.jpg,1909,1900,-9
32100.jpg,1909,1910,1
32105.jpg,1909,1920,11
32110.jpg,1909,2000,91
32115.jpg,1909,1910,1
32120.jpg,1909,1910,1
32125.jpg,1909,1905,-4
32130.jpg,1909,1920,11
32135.jpg,1909,1900,-9
32140.jpg,1909,1920,11
32145.jpg,1909,1900,-9
32150.jpg,1909,1890,-19
32155.jpg,1909,1940,31
32160.jpg,1909,1890,-19
32165.jpg,1909,1900,-9
32170.jpg,1909,1910,1
32175.jpg,1909,1900,-9
32180.jpg,1909,1920,11
32185.jpg,1909,1900,-9
32190.jpg,1909,1930,21
32195.jpg,1909,1900,-9
32200.jpg,1909,1920,11
32205.jpg,1909,1930,21
32210.jpg,1909,1920,11
32215.jpg,1909,1930,21
32220.jpg,1909,1910,1
32225.jpg,1909,1950,41
32230.jpg,1910,1900,-10
32235.jpg,1910,1898,-12
32240.jpg,1910,1890,-20
32245.jpg,1910,1990,80
32255.jpg,1910,1920,10
32260.jpg,1910,1927,17
32265.jpg,1910,2020,110
32270.jpg,1910,1910,0
32275.jpg,1910,1990,80
32280.jpg,1910,1910,0
32285.jpg,1910,1950,40
32290.jpg,1910,1920,10
32295.jpg,1910,1920,10
32300.jpg,1910,1920,10
32305.jpg,1910,1940,30
32310.jpg,1910,1890,-20
32315.jpg,1910,1910,0
32320.jpg,1910,1890,-20
32325.jpg,1910,1900,-10
32330.jpg,1910,1924,14
32335.jpg,1910,1896,-14
32340.jpg,1910,1900,-10
32345.jpg,1910,1900,-10
32350.jpg,1910,1940,30
32355.jpg,1910,1910,0
32360.jpg,1910,1900,-10
32365.jpg,1910,1920,10
32370.jpg,1910,1990,80
32375.jpg,1910,1910,0
32380.jpg,1910,1890,-20
32385.jpg,1910,2004,94
32390.jpg,1910,1920,10
32395.jpg,1910,1925,15
32400.jpg,1910,1900,-10
32405.jpg,1910,1900,-10
32410.jpg,1910,1930,20
32415.jpg,1910,1800,-110
32420.jpg,1910,1960,50
32425.jpg,1910,1980,70
32430.jpg,1910,1900,-10
32435.jpg,1910,1890,-20
32440.jpg,1910,1900,-10
32445.jpg,1910,1900,-10
32450.jpg,1910,1900,-10
32455.jpg,1910,1920,10
32460.jpg,1910,1910,0
32465.jpg,1910,1900,-10
32470.jpg,1910,1870,-40
32475.jpg,1910,2000,90
32480.jpg,1910,1900,-10
32485.jpg,1910,1920,10
32490.jpg,1910,1900,-10
32495.jpg,1910,1900,-10
32500.jpg,1910,1920,10
32505.jpg,1910,1920,10
32510.jpg,1910,1910,0
32515.jpg,1910,1920,10
32520.jpg,1910,1905,-5
32525.jpg,1910,1890,-20
32530.jpg,1910,2000,90
32535.jpg,1910,1940,30
32540.jpg,1910,1920,10
32545.jpg,1910,1920,10
32550.jpg,1910,1900,-10
32555.jpg,1910,1920,10
32560.jpg,1910,1920,10
32565.jpg,1910,1920,10
32570.jpg,1910,1900,-10
32575.jpg,1910,1900,-10
32580.jpg,1910,1910,0
32585.jpg,1910,1930,20
32590.jpg,1910,1890,-20
32595.jpg,1910,1910,0
32600.jpg,1910,1880,-30
32605.jpg,1910,2020,110
32610.jpg,1910,1900,-10
32615.jpg,1910,1920,10
32620.jpg,1910,1920,10
32625.jpg,1910,2020,110
32630.jpg,1910,1900,-10
32635.jpg,1910,1920,10
32640.jpg,1910,1920,10
32645.jpg,1910,1900,-10
32650.jpg,1910,1950,40
32655.jpg,1910,1950,40
32660.jpg,1910,1900,-10
32665.jpg,1910,1900,-10
32675.jpg,1910,1900,-10
32680.jpg,1910,1880,-30
32685.jpg,1910,1910,0
32690.jpg,1910,1905,-5
32695.jpg,1910,2020,110
32700.jpg,1910,1920,10
32705.jpg,1910,1940,30
32710.jpg,1910,1900,-10
32715.jpg,1910,1940,30
32720.jpg,1910,1920,10
32725.jpg,1910,1890,-20
32730.jpg,1910,1920,10
32735.jpg,1910,1940,30
32740.jpg,1911,1900,-11
32745.jpg,1911,1930,19
32750.jpg,1911,1910,-1
32755.jpg,1911,1930,19
32760.jpg,1911,1920,9
32765.jpg,1911,1903,-8
32770.jpg,1911,1903,-8
32775.jpg,1911,1920,9
32780.jpg,1911,2023,112
32785.jpg,1911,2011,100
32790.jpg,1911,1900,-11
32795.jpg,1911,1911,0
32800.jpg,1911,1970,59
32805.jpg,1911,1900,-11
32810.jpg,1911,1910,-1
32815.jpg,1911,1900,-11
32820.jpg,1911,1930,19
32825.jpg,1911,1910,-1
32830.jpg,1911,1900,-11
32835.jpg,1911,1910,-1
32840.jpg,1911,1970,59
32845.jpg,1911,1894,-17
32850.jpg,1911,1920,9
32855.jpg,1911,1920,9
32860.jpg,1911,1950,39
32865.jpg,1911,1910,-1
32870.jpg,1911,1920,9
32875.jpg,1911,1920,9
32885.jpg,1911,1940,29
32890.jpg,1911,1930,19
32895.jpg,1911,1900,-11
32900.jpg,1911,1890,-21
32905.jpg,1911,1910,-1
32910.jpg,1911,1900,-11
32915.jpg,1911,1900,-11
32920.jpg,1911,1900,-11
32925.jpg,1911,1920,9
32930.jpg,1911,1920,9
32935.jpg,1911,1965,54
32940.jpg,1911,1900,-11
32945.jpg,1911,1890,-21
32950.jpg,1911,2010,99
32955.jpg,1911,1911,0
32960.jpg,1911,1920,9
32965.jpg,1911,1911,0
32970.jpg,1911,1900,-11
32975.jpg,1911,1860,-51
32980.jpg,1911,1900,-11
32985.jpg,1911,1910,-1
32990.jpg,1911,1900,-11
32995.jpg,1911,1900,-11
33000.jpg,1911,1900,-11
33005.jpg,1911,2023,112
33010.jpg,1911,1910,-1
33015.jpg,1911,1905,-6
33020.jpg,1911,1900,-11
33025.jpg,1911,1890,-21
33030.jpg,1911,1900,-11
33035.jpg,1911,2010,99
33040.jpg,1911,1900,-11
33045.jpg,1911,1920,9
33050.jpg,1911,1950,39
33055.jpg,1911,1910,-1
33060.jpg,1911,1910,-1
33065.jpg,1911,1890,-21
33070.jpg,1911,1900,-11
33075.jpg,1911,1900,-11
33080.jpg,1911,1900,-11
33085.jpg,1911,1900,-11
33090.jpg,1911,1890,-21
33095.jpg,1911,1890,-21
33100.jpg,1911,1900,-11
33105.jpg,1911,1900,-11
33110.jpg,1911,1910,-1
33115.jpg,1911,1903,-8
33120.jpg,1911,1900,-11
33125.jpg,1911,1950,39
33130.jpg,1911,1900,-11
33135.jpg,1911,1920,9
33140.jpg,1911,1910,-1
33145.jpg,1911,1900,-11
33150.jpg,1911,1550,-361
33155.jpg,1911,1929,18
33160.jpg,1911,1920,9
33165.jpg,1911,1900,-11
33170.jpg,1911,1910,-1
33175.jpg,1911,1930,19
33180.jpg,1911,1940,29
33185.jpg,1911,1904,-7
33190.jpg,1911,1920,9
33195.jpg,1911,2000,89
33200.jpg,1911,1900,-11
33205.jpg,1911,1900,-11
33210.jpg,1911,1911,0
33215.jpg,1911,1900,-11
33220.jpg,1911,1910,-1
33225.jpg,1911,1920,9
33230.jpg,1911,1900,-11
33235.jpg,1911,1900,-11
33240.jpg,1911,1825,-86
33245.jpg,1911,1920,9
33250.jpg,1911,1920,9
33255.jpg,1911,1900,-11
33260.jpg,1911,1922,11
33265.jpg,1911,1920,9
33270.jpg,1911,1900,-11
33275.jpg,1911,1930,19
33280.jpg,1912,1920,8
33285.jpg,1912,2000,88
33290.jpg,1912,1900,-12
33295.jpg,1912,1905,-7
33300.jpg,1912,1900,-12
33310.jpg,1912,1990,78
33315.jpg,1912,1990,78
33320.jpg,1912,1980,68
33325.jpg,1912,1910,-2
33330.jpg,1912,1900,-12
33335.jpg,1912,1890,-22
33340.jpg,1912,1920,8
33345.jpg,1912,1950,38
33350.jpg,1912,1900,-12
33355.jpg,1912,1920,8
33360.jpg,1912,1910,-2
33365.jpg,1912,1900,-12
33375.jpg,1912,1920,8
33380.jpg,1912,1910,-2
33385.jpg,1912,1900,-12
33390.jpg,1912,1900,-12
33395.jpg,1912,2000,88
33400.jpg,1912,1900,-12
33405.jpg,1912,2000,88
33410.jpg,1912,1900,-12
33415.jpg,1912,1920,8
33420.jpg,1912,1904,-8
33425.jpg,1912,1920,8
33430.jpg,1912,1920,8
33435.jpg,1912,1930,18
33440.jpg,1912,1920,8
33445.jpg,1912,1920,8
33450.jpg,1912,1900,-12
33455.jpg,1912,1900,-12
33460.jpg,1912,1900,-12
33465.jpg,1912,1880,-32
33470.jpg,1912,1920,8
33475.jpg,1912,1890,-22
33480.jpg,1912,1912,0
33485.jpg,1912,2023,111
33490.jpg,1912,1900,-12
33495.jpg,1912,1900,-12
33500.jpg,1912,2000,88
33505.jpg,1912,1900,-12
33510.jpg,1912,1900,-12
33515.jpg,1912,1890,-22
33520.jpg,1912,1920,8
33525.jpg,1912,1900,-12
33530.jpg,1912,2000,88
33535.jpg,1912,1900,-12
33540.jpg,1912,1900,-12
33545.jpg,1912,1890,-22
33550.jpg,1912,1900,-12
33555.jpg,1912,1900,-12
33560.jpg,1912,1900,-12
33565.jpg,1912,1920,8
33570.jpg,1912,1920,8
33580.jpg,1912,1930,18
33585.jpg,1912,1900,-12
33590.jpg,1912,1900,-12
33595.jpg,1912,1890,-22
33600.jpg,1912,1900,-12
33605.jpg,1912,1910,-2
33615.jpg,1912,1900,-12
33620.jpg,1912,1890,-22
33625.jpg,1912,1890,-22
33630.jpg,1912,1900,-12
33635.jpg,1912,1900,-12
33640.jpg,1912,1890,-22
33645.jpg,1912,1905,-7
33650.jpg,1912,1905,-7
33655.jpg,1912,1910,-2
33660.jpg,1912,1900,-12
33665.jpg,1912,1895,-17
33670.jpg,1912,1920,8
33675.jpg,1912,2000,88
33680.jpg,1912,1920,8
33685.jpg,1912,1950,38
33690.jpg,1912,1971,59
33695.jpg,1912,1893,-19
33700.jpg,1912,1900,-12
33705.jpg,1912,1900,-12
33710.jpg,1912,1920,8
33715.jpg,1912,1920,8
33720.jpg,1912,1900,-12
33725.jpg,1912,1930,18
33735.jpg,1912,1890,-22
33740.jpg,1912,1900,-12
33745.jpg,1912,1970,58
33750.jpg,1912,1920,8
33755.jpg,1912,1920,8
33760.jpg,1912,1900,-12
33765.jpg,1913,1930,17
33770.jpg,1913,1920,7
33775.jpg,1913,1890,-23
33780.jpg,1913,1900,-13
33785.jpg,1913,1920,7
33790.jpg,1913,1900,-13
33795.jpg,1913,1920,7
33800.jpg,1913,1920,7
33805.jpg,1913,1900,-13
33810.jpg,1913,1900,-13
33815.jpg,1913,1930,17
33820.jpg,1913,2000,87
33825.jpg,1913,1900,-13
33830.jpg,1913,1900,-13
33840.jpg,1913,1920,7
33845.jpg,1913,1920,7
33850.jpg,1913,1920,7
33855.jpg,1913,1920,7
33860.jpg,1913,1900,-13
33865.jpg,1913,1910,-3
33870.jpg,1913,1950,37
33875.jpg,1913,1920,7
33880.jpg,1913,1920,7
33885.jpg,1913,1920,7
33890.jpg,1913,1905,-8
33895.jpg,1913,1990,77
33900.jpg,1913,1910,-3
33905.jpg,1913,1900,-13
33910.jpg,1913,1900,-13
33915.jpg,1913,1940,27
33920.jpg,1913,1910,-3
33925.jpg,1913,2000,87
33930.jpg,1913,1920,7
33935.jpg,1913,1950,37
33940.jpg,1913,1920,7
33945.jpg,1913,1910,-3
33950.jpg,1913,1940,27
33955.jpg,1913,2000,87
33960.jpg,1913,1900,-13
33965.jpg,1913,1910,-3
33970.jpg,1913,1930,17
33975.jpg,1913,1920,7
33980.jpg,1913,1950,37
33985.jpg,1913,1950,37
33990.jpg,1913,1850,-63
33995.jpg,1913,1900,-13
34000.jpg,1913,1900,-13
34005.jpg,1913,1950,37
34010.jpg,1913,1920,7
34015.jpg,1913,2023,110
34020.jpg,1913,1930,17
34025.jpg,1913,1930,17
34030.jpg,1913,2000,87
34035.jpg,1913,1910,-3
34040.jpg,1913,1900,-13
34045.jpg,1913,1900,-13
34050.jpg,1913,1900,-13
34055.jpg,1913,1910,-3
34060.jpg,1913,1900,-13
34065.jpg,1913,1910,-3
34070.jpg,1913,1900,-13
34080.jpg,1913,1920,7
34085.jpg,1913,1900,-13
34090.jpg,1913,1910,-3
34095.jpg,1913,1910,-3
34100.jpg,1913,1910,-3
34105.jpg,1913,1900,-13
34110.jpg,1913,1910,-3
34115.jpg,1913,1890,-23
34120.jpg,1913,1950,37
34125.jpg,1913,1950,37
34130.jpg,1913,1920,7
34135.jpg,1913,1910,-3
34140.jpg,1913,1920,7
34145.jpg,1913,1920,7
34150.jpg,1913,1900,-13
34155.jpg,1913,1920,7
34160.jpg,1913,1900,-13
34165.jpg,1913,1910,-3
34170.jpg,1913,1890,-23
34175.jpg,1913,1890,-23
34180.jpg,1913,1900,-13
34185.jpg,1913,1890,-23
34190.jpg,1913,1930,17
34195.jpg,1913,1820,-93
34200.jpg,1913,1900,-13
34205.jpg,1913,1920,7
34210.jpg,1913,1910,-3
34215.jpg,1913,1920,7
34220.jpg,1913,1900,-13
34225.jpg,1914,1930,16
34230.jpg,1914,1910,-4
34235.jpg,1914,1920,6
34240.jpg,1914,1911,-3
34245.jpg,1914,1970,56
34250.jpg,1914,1920,6
34260.jpg,1914,2011,97
34265.jpg,1914,1900,-14
34270.jpg,1914,1900,-14
34275.jpg,1914,1920,6
34280.jpg,1914,1910,-4
34285.jpg,1914,1940,26
34290.jpg,1914,1910,-4
34295.jpg,1914,1920,6
34300.jpg,1914,1920,6
34305.jpg,1914,1920,6
34310.jpg,1914,1920,6
34315.jpg,1914,1910,-4
34320.jpg,1914,1920,6
34325.jpg,1914,1900,-14
34330.jpg,1914,1920,6
34335.jpg,1914,1920,6
34345.jpg,1914,1920,6
34350.jpg,1914,1858,-56
34360.jpg,1914,1910,-4
34365.jpg,1914,1920,6
34370.jpg,1914,1950,36
34375.jpg,1914,1900,-14
34380.jpg,1914,1912,-2
34385.jpg,1914,1900,-14
34390.jpg,1914,1911,-3
34395.jpg,1914,1920,6
34400.jpg,1914,1900,-14
34405.jpg,1914,1900,-14
34410.jpg,1914,2000,86
34415.jpg,1914,1860,-54
34420.jpg,1914,2000,86
34425.jpg,1914,1800,-114
34430.jpg,1914,1900,-14
34435.jpg,1914,1900,-14
34440.jpg,1914,1900,-14
34445.jpg,1914,1890,-24
34450.jpg,1914,1900,-14
34455.jpg,1914,1900,-14
34460.jpg,1914,1890,-24
34465.jpg,1914,1910,-4
34470.jpg,1914,1930,16
34475.jpg,1914,1910,-4
34480.jpg,1914,1910,-4
34485.jpg,1914,1920,6
34490.jpg,1914,1900,-14
34495.jpg,1914,1900,-14
34500.jpg,1914,1900,-14
34505.jpg,1914,2000,86
34515.jpg,1914,1900,-14
34520.jpg,1914,1900,-14
34525.jpg,1914,1900,-14
34530.jpg,1914,1910,-4
34535.jpg,1914,1900,-14
34540.jpg,1914,1910,-4
34545.jpg,1914,1940,26
34550.jpg,1914,1900,-14
34555.jpg,1914,1900,-14
34560.jpg,1914,1920,6
34565.jpg,1914,1900,-14
34570.jpg,1914,1910,-4
34575.jpg,1914,1940,26
34580.jpg,1914,1900,-14
34590.jpg,1914,1920,6
34595.jpg,1914,1920,6
34600.jpg,1914,1920,6
34605.jpg,1914,1900,-14
34610.jpg,1914,1890,-24
34615.jpg,1914,1920,6
34620.jpg,1914,1800,-114
34625.jpg,1914,1910,-4
34630.jpg,1914,1950,36
34635.jpg,1914,1880,-34
34640.jpg,1914,1930,16
34645.jpg,1914,1920,6
34650.jpg,1914,1900,-14
34655.jpg,1914,1920,6
34660.jpg,1914,1914,0
34665.jpg,1914,1911,-3
34670.jpg,1914,1910,-4
34675.jpg,1914,1920,6
34680.jpg,1914,1914,0
34685.jpg,1914,1920,6
34690.jpg,1914,1930,16
34695.jpg,1914,1900,-14
34700.jpg,1914,1900,-14
34705.jpg,1914,1930,16
34710.jpg,1914,1920,6
34715.jpg,1914,1900,-14
34720.jpg,1915,1920,5
34725.jpg,1915,1990,75
34730.jpg,1915,1920,5
34735.jpg,1915,1920,5
34740.jpg,1915,1916,1
34750.jpg,1915,1920,5
34755.jpg,1915,2000,85
34765.jpg,1915,1930,15
34770.jpg,1915,1920,5
34775.jpg,1915,1910,-5
34780.jpg,1915,1950,35
34785.jpg,1915,1910,-5
34790.jpg,1915,1920,5
34795.jpg,1915,1920,5
34800.jpg,1915,1920,5
34805.jpg,1915,1920,5
34810.jpg,1915,1920,5
34815.jpg,1915,1930,15
34820.jpg,1915,1960,45
34825.jpg,1915,1920,5
34830.jpg,1915,1932,17
34835.jpg,1915,1920,5
34840.jpg,1915,1930,15
34845.jpg,1915,1930,15
34850.jpg,1915,1900,-15
34855.jpg,1915,1920,5
34860.jpg,1915,1920,5
34865.jpg,1915,1890,-25
34870.jpg,1915,1920,5
34875.jpg,1915,1940,25
34880.jpg,1915,1900,-15
34885.jpg,1915,1930,15
34890.jpg,1915,1870,-45
34895.jpg,1915,1900,-15
34900.jpg,1915,1910,-5
34905.jpg,1915,1920,5
34910.jpg,1915,1965,50
34915.jpg,1915,1880,-35
34920.jpg,1915,1900,-15
34925.jpg,1915,1900,-15
34930.jpg,1915,1900,-15
34935.jpg,1915,1900,-15
34940.jpg,1915,1920,5
34945.jpg,1915,1920,5
34950.jpg,1915,1950,35
34955.jpg,1915,1920,5
34960.jpg,1915,1970,55
34965.jpg,1915,1990,75
34970.jpg,1915,1930,15
34975.jpg,1915,1900,-15
34980.jpg,1915,1900,-15
34985.jpg,1915,1900,-15
34990.jpg,1915,1900,-15
34995.jpg,1915,1890,-25
35000.jpg,1915,1900,-15
35005.jpg,1915,1910,-5
35010.jpg,1915,1950,35
35015.jpg,1915,1910,-5
35020.jpg,1915,1910,-5
35025.jpg,1915,1900,-15
35030.jpg,1915,1920,5
35035.jpg,1915,1910,-5
35040.jpg,1915,1920,5
35045.jpg,1915,1920,5
35050.jpg,1915,2000,85
35055.jpg,1915,1910,-5
35060.jpg,1915,1900,-15
35065.jpg,1915,1920,5
35070.jpg,1915,1900,-15
35075.jpg,1915,1940,25
35080.jpg,1915,1940,25
35085.jpg,1915,1920,5
35090.jpg,1915,1930,15
35095.jpg,1915,1910,-5
35100.jpg,1915,1900,-15
35105.jpg,1915,1930,15
35110.jpg,1915,2000,85
35115.jpg,1915,1950,35
35120.jpg,1915,1920,5
35125.jpg,1915,1915,0
35130.jpg,1915,1920,5
35135.jpg,1915,1850,-65
35140.jpg,1915,1890,-25
35145.jpg,1915,1950,35
35150.jpg,1915,1960,45
35155.jpg,1915,1930,15
35160.jpg,1916,1920,4
35165.jpg,1916,1950,34
35170.jpg,1916,1910,-6
35175.jpg,1916,2008,92
35180.jpg,1916,1890,-26
35185.jpg,1916,1920,4
35190.jpg,1916,1900,-16
35195.jpg,1916,1925,9
35200.jpg,1916,1910,-6
35205.jpg,1916,1920,4
35210.jpg,1916,2010,94
35215.jpg,1916,1900,-16
35220.jpg,1916,1900,-16
35225.jpg,1916,1925,9
35230.jpg,1916,1910,-6
35235.jpg,1916,1910,-6
35240.jpg,1916,1920,4
35245.jpg,1916,1920,4
35250.jpg,1916,1900,-16
35255.jpg,1916,1990,74
35260.jpg,1916,1917,1
35265.jpg,1916,1910,-6
35270.jpg,1916,1920,4
35275.jpg,1916,1900,-16
35280.jpg,1916,1920,4
35285.jpg,1916,1910,-6
35290.jpg,1916,1900,-16
35295.jpg,1916,1870,-46
35300.jpg,1916,1900,-16
35305.jpg,1916,2000,84
35310.jpg,1916,1920,4
35315.jpg,1916,1950,34
35320.jpg,1916,2000,84
35325.jpg,1916,1910,-6
35330.jpg,1916,1920,4
35335.jpg,1916,1970,54
35340.jpg,1916,1920,4
35345.jpg,1916,1910,-6
35350.jpg,1916,1910,-6
35355.jpg,1916,1920,4
35360.jpg,1916,1920,4
35365.jpg,1916,1910,-6
35370.jpg,1916,1890,-26
35375.jpg,1916,1910,-6
35380.jpg,1916,1900,-16
35385.jpg,1916,1920,4
35390.jpg,1916,1950,34
35395.jpg,1916,1940,24
35400.jpg,1916,1910,-6
35405.jpg,1916,1940,24
35410.jpg,1916,2000,84
35415.jpg,1916,1890,-26
35420.jpg,1916,1900,-16
35425.jpg,1916,1920,4
35430.jpg,1916,1920,4
35435.jpg,1916,1900,-16
35440.jpg,1916,1930,14
35445.jpg,1916,1920,4
35450.jpg,1916,1930,14
35455.jpg,1916,1900,-16
35460.jpg,1916,1900,-16
35465.jpg,1916,1950,34
35470.jpg,1916,1900,-16
35475.jpg,1916,1905,-11
35480.jpg,1916,1920,4
35485.jpg,1916,1900,-16
35490.jpg,1916,1900,-16
35495.jpg,1916,1940,24
35500.jpg,1916,1930,14
35505.jpg,1916,1890,-26
35510.jpg,1916,1900,-16
35515.jpg,1916,1930,14
35520.jpg,1916,1920,4
35525.jpg,1916,1920,4
35530.jpg,1916,1960,44
35535.jpg,1917,1910,-7
35540.jpg,1917,1920,3
35545.jpg,1917,1920,3
35550.jpg,1917,1912,-5
35555.jpg,1917,1930,13
35560.jpg,1917,1900,-17
35565.jpg,1917,2000,83
35570.jpg,1917,1900,-17
35575.jpg,1917,1910,-7
35580.jpg,1917,1940,23
35585.jpg,1917,1900,-17
35590.jpg,1917,1920,3
35595.jpg,1917,1920,3
35600.jpg,1917,1920,3
35605.jpg,1917,1920,3
35610.jpg,1917,1920,3
35615.jpg,1917,1900,-17
35620.jpg,1917,1940,23
35625.jpg,1917,1900,-17
35630.jpg,1917,1920,3
35635.jpg,1917,1910,-7
35640.jpg,1917,1910,-7
35645.jpg,1917,1920,3
35650.jpg,1917,1920,3
35655.jpg,1917,2000,83
35660.jpg,1917,2000,83
35665.jpg,1917,1900,-17
35670.jpg,1917,2000,83
35675.jpg,1917,1920,3
35680.jpg,1917,1950,33
35685.jpg,1917,1900,-17
35690.jpg,1917,1950,33
35695.jpg,1917,1950,33
35700.jpg,1917,1920,3
35705.jpg,1917,1930,13
35710.jpg,1917,1930,13
35715.jpg,1917,1930,13
35720.jpg,1917,1960,43
35725.jpg,1917,2000,83
35730.jpg,1917,2000,83
35735.jpg,1917,2010,93
35740.jpg,1917,1950,33
35745.jpg,1917,1960,43
35750.jpg,1917,1900,-17
35755.jpg,1917,1940,23
35760.jpg,1917,1908,-9
35765.jpg,1917,1940,23
35770.jpg,1917,1920,3
35775.jpg,1917,1920,3
35780.jpg,1917,1915,-2
35785.jpg,1917,2000,83
35790.jpg,1917,1910,-7
35795.jpg,1917,1920,3
35800.jpg,1917,1900,-17
35805.jpg,1917,1900,-17
35810.jpg,1917,1910,-7
35815.jpg,1917,1900,-17
35820.jpg,1917,1920,3
35825.jpg,1917,1910,-7
35830.jpg,1917,1950,33
35835.jpg,1917,1910,-7
35840.jpg,1917,1920,3
35845.jpg,1917,1910,-7
35850.jpg,1917,1920,3
35855.jpg,1917,1910,-7
35860.jpg,1917,1900,-17
35865.jpg,1917,1940,23
35870.jpg,1917,2000,83
35875.jpg,1917,1914,-3
35880.jpg,1917,1897,-20
35885.jpg,1917,1920,3
35890.jpg,1917,1901,-16
35895.jpg,1917,1920,3
35900.jpg,1917,2000,83
35905.jpg,1917,1920,3
35910.jpg,1917,1900,-17
35915.jpg,1917,1930,13
35920.jpg,1918,1930,12
35925.jpg,1918,1990,72
35930.jpg,1918,1900,-18
35935.jpg,1918,2010,92
35940.jpg,1918,1970,52
35945.jpg,1918,1920,2
35950.jpg,1918,1950,32
35955.jpg,1918,1920,2
35960.jpg,1918,1900,-18
35965.jpg,1918,1920,2
35970.jpg,1918,1920,2
35980.jpg,1918,1920,2
35985.jpg,1918,1920,2
35990.jpg,1918,1929,11
35995.jpg,1918,1960,42
36000.jpg,1918,1900,-18
36005.jpg,1918,1920,2
36010.jpg,1918,1890,-28
36015.jpg,1918,1920,2
36020.jpg,1918,1910,-8
36025.jpg,1918,1920,2
36030.jpg,1918,1930,12
36035.jpg,1918,1920,2
36040.jpg,1918,1920,2
36045.jpg,1918,1900,-18
36050.jpg,1918,1950,32
36055.jpg,1918,1900,-18
36060.jpg,1918,1920,2
36065.jpg,1918,1920,2
36070.jpg,1918,1920,2
36075.jpg,1918,1900,-18
36080.jpg,1918,1970,52
36085.jpg,1918,1900,-18
36090.jpg,1918,1920,2
36095.jpg,1918,1900,-18
36100.jpg,1918,1900,-18
36105.jpg,1918,1920,2
36110.jpg,1918,1905,-13
36115.jpg,1919,1920,1
36120.jpg,1919,1930,11
36130.jpg,1919,2000,81
36140.jpg,1919,1910,-9
36145.jpg,1919,1920,1
36150.jpg,1919,1950,31
36155.jpg,1919,1950,31
36160.jpg,1919,1920,1
36165.jpg,1919,1992,73
36170.jpg,1919,1900,-19
36175.jpg,1919,2000,81
36180.jpg,1919,2000,81
36190.jpg,1919,1920,1
36195.jpg,1919,2000,81
36200.jpg,1919,1930,11
36205.jpg,1919,2010,91
36210.jpg,1919,1920,1
36215.jpg,1919,1900,-19
36225.jpg,1919,1920,1
36230.jpg,1919,1920,1
36235.jpg,1919,1905,-14
36240.jpg,1919,1910,-9
36245.jpg,1919,1910,-9
36250.jpg,1919,1920,1
36255.jpg,1919,1900,-19
36260.jpg,1919,1970,51
36265.jpg,1919,2000,81
36270.jpg,1919,1900,-19
36275.jpg,1919,1920,1
36280.jpg,1919,1750,-169
36285.jpg,1919,2001,82
36290.jpg,1919,2010,91
36295.jpg,1919,1920,1
36300.jpg,1919,1900,-19
36305.jpg,1919,1910,-9
36310.jpg,1919,1920,1
36315.jpg,1919,1890,-29
36320.jpg,1919,2000,81
36325.jpg,1919,1900,-19
36330.jpg,1919,1950,31
36335.jpg,1919,1920,1
36340.jpg,1919,1920,1
36345.jpg,1919,1920,1
36350.jpg,1920,1960,40
36355.jpg,1920,1920,0
36360.jpg,1920,1930,10
36365.jpg,1920,1960,40
36370.jpg,1920,1980,60
36375.jpg,1920,1950,30
36385.jpg,1920,1970,50
36390.jpg,1920,1890,-30
36395.jpg,1920,1940,20
36400.jpg,1920,1900,-20
36405.jpg,1920,1920,0
36410.jpg,1920,1930,10
36415.jpg,1920,1890,-30
36420.jpg,1920,1910,-10
36425.jpg,1920,1950,30
36430.jpg,1920,1931,11
36435.jpg,1920,1900,-20
36440.jpg,1920,1900,-20
36445.jpg,1920,1910,-10
36450.jpg,1920,1940,20
36455.jpg,1920,2000,80
36460.jpg,1920,1930,10
36465.jpg,1920,1870,-50
36470.jpg,1920,1900,-20
36475.jpg,1920,1858,-62
36480.jpg,1920,1900,-20
36485.jpg,1920,1910,-10
36490.jpg,1920,2000,80
36495.jpg,1920,1900,-20
36500.jpg,1920,1920,0
36505.jpg,1920,1910,-10
36510.jpg,1920,1890,-30
36515.jpg,1920,1900,-20
36520.jpg,1920,1900,-20
36525.jpg,1920,1900,-20
36530.jpg,1920,1940,20
36535.jpg,1920,1900,-20
36540.jpg,1920,1910,-10
36545.jpg,1920,1900,-20
36550.jpg,1920,1910,-10
36555.jpg,1920,1904,-16
36560.jpg,1920,1910,-10
36565.jpg,1920,1890,-30
36570.jpg,1920,1910,-10
36575.jpg,1920,1940,20
36580.jpg,1920,1920,0
36585.jpg,1920,1910,-10
36590.jpg,1920,1920,0
36595.jpg,1920,1900,-20
36600.jpg,1920,2000,80
36605.jpg,1920,1890,-30
36610.jpg,1920,1920,0
36615.jpg,1920,1900,-20
36620.jpg,1920,1900,-20
36625.jpg,1920,1930,10
36630.jpg,1920,1920,0
36635.jpg,1920,1905,-15
36640.jpg,1920,1950,30
36650.jpg,1920,1920,0
36655.jpg,1920,1950,30
36660.jpg,1920,1929,9
36665.jpg,1920,1950,30
36670.jpg,1920,1950,30
36675.jpg,1920,1950,30
36680.jpg,1920,1900,-20
36685.jpg,1920,1900,-20
36690.jpg,1921,1920,-1
36695.jpg,1921,1960,39
36700.jpg,1921,1940,19
36705.jpg,1921,2000,79
36710.jpg,1921,1920,-1
36715.jpg,1921,1920,-1
36720.jpg,1921,1995,74
36725.jpg,1921,1890,-31
36735.jpg,1921,2000,79
36740.jpg,1921,1935,14
36745.jpg,1921,1920,-1
36750.jpg,1921,1900,-21
36755.jpg,1921,1920,-1
36760.jpg,1921,1890,-31
36765.jpg,1921,1940,19
36770.jpg,1921,1920,-1
36775.jpg,1921,1920,-1
36780.jpg,1921,1920,-1
36785.jpg,1921,1930,9
36790.jpg,1921,1920,-1
36795.jpg,1921,1927,6
36800.jpg,1921,1900,-21
36805.jpg,1921,1900,-21
36810.jpg,1921,1860,-61
36815.jpg,1921,1950,29
36820.jpg,1921,1920,-1
36830.jpg,1921,1920,-1
36835.jpg,1921,1930,9
36840.jpg,1921,1920,-1
36845.jpg,1921,1950,29
36850.jpg,1921,1910,-11
36855.jpg,1921,1910,-11
36860.jpg,1921,1920,-1
36870.jpg,1921,1930,9
36875.jpg,1921,1900,-21
36880.jpg,1921,1890,-31
36885.jpg,1921,1920,-1
36890.jpg,1921,1930,9
36895.jpg,1921,1930,9
36900.jpg,1921,1920,-1
36905.jpg,1921,1930,9
36910.jpg,1921,1900,-21
36920.jpg,1921,1945,24
36925.jpg,1921,1997,76
36930.jpg,1921,1920,-1
36935.jpg,1921,1920,-1
36940.jpg,1921,1950,29
36945.jpg,1921,1920,-1
36950.jpg,1921,1920,-1
36955.jpg,1921,1900,-21
36960.jpg,1921,1890,-31
36965.jpg,1921,1950,29
36970.jpg,1922,1920,-2
36975.jpg,1922,1900,-22
36980.jpg,1922,1910,-12
36985.jpg,1922,1930,8
36990.jpg,1922,1920,-2
36995.jpg,1922,2006,84
37000.jpg,1922,2000,78
37005.jpg,1922,2020,98
37010.jpg,1922,1921,-1
37015.jpg,1922,1950,28
37020.jpg,1922,1850,-72
37025.jpg,1922,1950,28
37030.jpg,1922,1930,8
37045.jpg,1922,1900,-22
37050.jpg,1922,1950,28
37055.jpg,1922,1920,-2
37060.jpg,1922,1930,8
37065.jpg,1922,1915,-7
37070.jpg,1922,1920,-2
37075.jpg,1922,1890,-32
37080.jpg,1922,1930,8
37085.jpg,1922,1950,28
37090.jpg,1922,1920,-2
37095.jpg,1922,1920,-2
37100.jpg,1922,1920,-2
37105.jpg,1922,1950,28
37110.jpg,1922,2000,78
37115.jpg,1922,1900,-22
37120.jpg,1922,1920,-2
37125.jpg,1922,1920,-2
37130.jpg,1922,1920,-2
37135.jpg,1922,1920,-2
37140.jpg,1922,2000,78
37145.jpg,1922,1910,-12
37150.jpg,1922,1960,38
37155.jpg,1922,1930,8
37160.jpg,1922,1920,-2
37165.jpg,1922,1930,8
37170.jpg,1922,1940,18
37175.jpg,1922,1900,-22
37180.jpg,1922,1800,-122
37185.jpg,1922,1900,-22
37190.jpg,1922,1920,-2
37195.jpg,1922,1900,-22
37200.jpg,1922,1920,-2
37205.jpg,1922,1950,28
37210.jpg,1922,1920,-2
37215.jpg,1922,1920,-2
37220.jpg,1922,1950,28
37225.jpg,1922,2020,98
37230.jpg,1922,1900,-22
37235.jpg,1922,1920,-2
37240.jpg,1922,1930,8
37245.jpg,1922,1920,-2
37250.jpg,1922,1950,28
37255.jpg,1922,1970,48
37260.jpg,1922,2000,78
37270.jpg,1922,1920,-2
37275.jpg,1922,1920,-2
37280.jpg,1922,1930,8
37285.jpg,1922,1990,68
37290.jpg,1922,1930,8
37295.jpg,1922,1950,28
37300.jpg,1922,1950,28
37305.jpg,1922,1920,-2
37310.jpg,1923,1940,17
37315.jpg,1923,1930,7
37320.jpg,1923,1920,-3
37330.jpg,1923,2001,78
37335.jpg,1923,1950,27
37340.jpg,1923,2006,83
37345.jpg,1923,2011,88
37355.jpg,1923,1920,-3
37360.jpg,1923,1900,-23
37365.jpg,1923,1930,7
37370.jpg,1923,1920,-3
37375.jpg,1923,1920,-3
37380.jpg,1923,1950,27
37385.jpg,1923,1920,-3
37390.jpg,1923,1920,-3
37395.jpg,1923,1920,-3
37400.jpg,1923,1890,-33
37405.jpg,1923,1928,5
37410.jpg,1923,1920,-3
37415.jpg,1923,1920,-3
37420.jpg,1923,1920,-3
37425.jpg,1923,1970,47
37430.jpg,1923,1920,-3
37435.jpg,1923,1929,6
37440.jpg,1923,1920,-3
37445.jpg,1923,1920,-3
37450.jpg,1923,1920,-3
37455.jpg,1923,1920,-3
37460.jpg,1923,2000,77
37465.jpg,1923,1930,7
37470.jpg,1923,1920,-3
37475.jpg,1923,1900,-23
37480.jpg,1923,1900,-23
37485.jpg,1923,1940,17
37490.jpg,1923,1930,7
37495.jpg,1923,1950,27
37500.jpg,1923,1920,-3
37505.jpg,1923,1930,7
37510.jpg,1923,1905,-18
37515.jpg,1923,1930,7
37520.jpg,1923,1950,27
37525.jpg,1923,1920,-3
37530.jpg,1923,1910,-13
37535.jpg,1923,1905,-18
37540.jpg,1923,1920,-3
37545.jpg,1923,1920,-3
37550.jpg,1923,1920,-3
37555.jpg,1923,1930,7
37560.jpg,1923,1920,-3
37565.jpg,1923,1820,-103
37570.jpg,1923,1890,-33
37575.jpg,1923,1920,-3
37580.jpg,1923,1950,27
37585.jpg,1923,1950,27
37590.jpg,1923,1920,-3
37595.jpg,1923,1900,-23
37600.jpg,1923,1930,7
37605.jpg,1923,1905,-18
37610.jpg,1923,1930,7
37615.jpg,1923,1930,7
37620.jpg,1923,2023,100
37625.jpg,1923,1920,-3
37630.jpg,1923,1900,-23
37635.jpg,1923,1930,7
37640.jpg,1923,1970,47
37645.jpg,1923,1900,-23
37650.jpg,1923,1950,27
37655.jpg,1923,1950,27
37660.jpg,1923,1920,-3
37665.jpg,1923,1920,-3
37670.jpg,1924,1920,-4
37675.jpg,1924,2017,93
37680.jpg,1924,1920,-4
37685.jpg,1924,1920,-4
37690.jpg,1924,1920,-4
37695.jpg,1924,1920,-4
37700.jpg,1924,1920,-4
37705.jpg,1924,2014,90
37710.jpg,1924,2000,76
37715.jpg,1924,1930,6
37720.jpg,1924,2000,76
37725.jpg,1924,1920,-4
37730.jpg,1924,1990,66
37735.jpg,1924,1920,-4
37740.jpg,1924,1920,-4
37745.jpg,1924,1920,-4
37750.jpg,1924,1920,-4
37755.jpg,1924,1920,-4
37760.jpg,1924,1930,6
37765.jpg,1924,1920,-4
37770.jpg,1924,1960,36
37775.jpg,1924,1920,-4
37780.jpg,1924,1920,-4
37785.jpg,1924,1900,-24
37790.jpg,1924,1920,-4
37795.jpg,1924,1910,-14
37805.jpg,1924,1928,4
37810.jpg,1924,1920,-4
37815.jpg,1924,1920,-4
37820.jpg,1924,1880,-44
37825.jpg,1924,1920,-4
37830.jpg,1924,1925,1
37835.jpg,1924,1930,6
37845.jpg,1924,2000,76
37850.jpg,1924,1920,-4
37855.jpg,1924,1930,6
37860.jpg,1924,2000,76
37865.jpg,1924,2000,76
37870.jpg,1924,1910,-14
37875.jpg,1924,2000,76
37880.jpg,1924,1940,16
37885.jpg,1924,1975,51
37890.jpg,1924,1921,-3
37895.jpg,1924,1930,6
37900.jpg,1924,1920,-4
37905.jpg,1924,1950,26
37910.jpg,1924,1920,-4
37915.jpg,1924,1900,-24
37920.jpg,1924,1930,6
37925.jpg,1924,1905,-19
37930.jpg,1924,1900,-24
37935.jpg,1924,1850,-74
37940.jpg,1924,1920,-4
37945.jpg,1924,1990,66
37950.jpg,1924,1930,6
37955.jpg,1924,2020,96
37960.jpg,1924,1992,68
37965.jpg,1924,1970,46
37970.jpg,1924,1940,16
37975.jpg,1924,1920,-4
37980.jpg,1924,1910,-14
37985.jpg,1924,2000,76
37990.jpg,1924,1950,26
37995.jpg,1924,1920,-4
38000.jpg,1924,1924,0
38005.jpg,1924,1930,6
38010.jpg,1924,1920,-4
38015.jpg,1924,1900,-24
38020.jpg,1924,1861,-63
38025.jpg,1924,1920,-4
38030.jpg,1924,1910,-14
38035.jpg,1924,1941,17
38040.jpg,1924,1920,-4
38045.jpg,1924,1920,-4
38050.jpg,1924,2010,86
38055.jpg,1924,1930,6
38060.jpg,1924,1850,-74
38065.jpg,1924,1930,6
38070.jpg,1924,1920,-4
38075.jpg,1924,1930,6
38080.jpg,1925,1930,5
38085.jpg,1925,1905,-20
38090.jpg,1925,1930,5
38095.jpg,1925,1920,-5
38100.jpg,1925,1958,33
38105.jpg,1925,1920,-5
38110.jpg,1925,1920,-5
38115.jpg,1925,2010,85
38120.jpg,1925,2020,95
38125.jpg,1925,2020,95
38130.jpg,1925,2015,90
38135.jpg,1925,2020,95
38140.jpg,1925,1920,-5
38145.jpg,1925,1928,3
38150.jpg,1925,1940,15
38155.jpg,1925,1920,-5
38160.jpg,1925,1910,-15
38165.jpg,1925,1930,5
38170.jpg,1925,1910,-15
38175.jpg,1925,1950,25
38180.jpg,1925,2000,75
38185.jpg,1925,1950,25
38190.jpg,1925,1950,25
38195.jpg,1925,1920,-5
38200.jpg,1925,1930,5
38205.jpg,1925,1920,-5
38210.jpg,1925,1920,-5
38215.jpg,1925,1950,25
38220.jpg,1925,1930,5
38225.jpg,1925,1920,-5
38230.jpg,1925,1910,-15
38235.jpg,1925,1930,5
38245.jpg,1925,1930,5
38255.jpg,1925,1990,65
38260.jpg,1925,2000,75
38265.jpg,1925,1920,-5
38270.jpg,1925,1800,-125
38275.jpg,1925,1930,5
38280.jpg,1925,2000,75
38285.jpg,1925,1930,5
38290.jpg,1925,1880,-45
38295.jpg,1925,1920,-5
38300.jpg,1925,1920,-5
38305.jpg,1925,1920,-5
38310.jpg,1925,1900,-25
38315.jpg,1925,1930,5
38320.jpg,1925,1900,-25
38325.jpg,1925,1950,25
38330.jpg,1925,1920,-5
38335.jpg,1925,1920,-5
38340.jpg,1925,1920,-5
38345.jpg,1925,1920,-5
38350.jpg,1925,1950,25
38355.jpg,1925,1920,-5
38360.jpg,1925,1910,-15
38365.jpg,1925,1920,-5
38370.jpg,1925,1920,-5
38375.jpg,1925,1920,-5
38380.jpg,1925,1920,-5
38385.jpg,1925,1930,5
38390.jpg,1925,1930,5
38395.jpg,1925,1920,-5
38400.jpg,1925,1930,5
38405.jpg,1925,2000,75
38410.jpg,1925,1920,-5
38415.jpg,1925,1920,-5
38420.jpg,1925,1930,5
38425.jpg,1925,1880,-45
38435.jpg,1925,1978,53
38440.jpg,1925,1920,-5
38450.jpg,1925,1920,-5
38455.jpg,1925,1970,45
38460.jpg,1925,2000,75
38465.jpg,1925,1910,-15
38470.jpg,1925,1950,25
38475.jpg,1925,1900,-25
38480.jpg,1925,1920,-5
38490.jpg,1925,1897,-28
38495.jpg,1925,1920,-5
38500.jpg,1925,1920,-5
38505.jpg,1925,1890,-35
38510.jpg,1925,1920,-5
38515.jpg,1926,1930,4
38520.jpg,1926,1920,-6
38525.jpg,1926,1928,2
38530.jpg,1926,1920,-6
38535.jpg,1926,2000,74
38540.jpg,1926,1926,0
38545.jpg,1926,1900,-26
38550.jpg,1926,1920,-6
38555.jpg,1926,1950,24
38560.jpg,1926,1920,-6
38565.jpg,1926,1950,24
38570.jpg,1926,1920,-6
38575.jpg,1926,1990,64
38580.jpg,1926,1950,24
38585.jpg,1926,1973,47
38590.jpg,1926,1970,44
38595.jpg,1926,2020,94
38600.jpg,1926,2004,78
38605.jpg,1926,2010,84
38610.jpg,1926,1950,24
38620.jpg,1926,1920,-6
38625.jpg,1926,1930,4
38630.jpg,1926,1990,64
38635.jpg,1926,1920,-6
38640.jpg,1926,1940,14
38645.jpg,1926,1950,24
38650.jpg,1926,1900,-26
38655.jpg,1926,1950,24
38660.jpg,1926,1940,14
38665.jpg,1926,1920,-6
38670.jpg,1926,1930,4
38675.jpg,1926,1930,4
38680.jpg,1926,1929,3
38685.jpg,1926,1920,-6
38690.jpg,1926,1950,24
38695.jpg,1926,1930,4
38700.jpg,1926,1910,-16
38705.jpg,1926,1910,-16
38710.jpg,1926,1904,-22
38715.jpg,1926,1920,-6
38720.jpg,1926,1920,-6
38725.jpg,1926,1940,14
38730.jpg,1926,1930,4
38735.jpg,1926,2000,74
38740.jpg,1926,1930,4
38745.jpg,1926,1929,3
38750.jpg,1926,1927,1
38755.jpg,1926,1920,-6
38760.jpg,1926,1930,4
38765.jpg,1926,1930,4
38770.jpg,1926,1920,-6
38775.jpg,1926,2000,74
38780.jpg,1926,1920,-6
38785.jpg,1926,1960,34
38790.jpg,1926,1920,-6
38795.jpg,1926,1930,4
38800.jpg,1926,1920,-6
38805.jpg,1926,1920,-6
38810.jpg,1926,1910,-16
38815.jpg,1926,1800,-126
38820.jpg,1926,1910,-16
38825.jpg,1926,1920,-6
38830.jpg,1926,1910,-16
38835.jpg,1926,1950,24
38840.jpg,1926,1910,-16
38845.jpg,1926,1950,24
38850.jpg,1926,1900,-26
38855.jpg,1926,2000,74
38860.jpg,1926,1930,4
38865.jpg,1926,1920,-6
38870.jpg,1926,1920,-6
38875.jpg,1926,1920,-6
38880.jpg,1926,1929,3
38885.jpg,1926,1900,-26
38890.jpg,1926,1930,4
38895.jpg,1926,1950,24
38905.jpg,1926,1910,-16
38910.jpg,1926,1929,3
38915.jpg,1926,1920,-6
38920.jpg,1926,2000,74
38925.jpg,1926,1920,-6
38930.jpg,1926,1920,-6
38935.jpg,1926,1900,-26
38940.jpg,1926,1930,4
38945.jpg,1926,1920,-6
38950.jpg,1926,1965,39
38955.jpg,1926,2000,74
38960.jpg,1926,1900,-26
38965.jpg,1926,1920,-6
38970.jpg,1926,1920,-6
38975.jpg,1926,1920,-6
38980.jpg,1926,1970,44
38985.jpg,1926,1920,-6
38990.jpg,1926,1937,11
38995.jpg,1927,1930,3
39000.jpg,1927,1930,3
39005.jpg,1927,1920,-7
39010.jpg,1927,1920,-7
39020.jpg,1927,2000,73
39025.jpg,1927,1920,-7
39030.jpg,1927,1920,-7
39035.jpg,1927,1920,-7
39040.jpg,1927,1926,-1
39045.jpg,1927,1920,-7
39050.jpg,1927,1920,-7
39055.jpg,1927,1929,2
39060.jpg,1927,1920,-7
39065.jpg,1927,2005,78
39070.jpg,1927,1920,-7
39075.jpg,1927,1927,0
39080.jpg,1927,1920,-7
39085.jpg,1927,2002,75
39090.jpg,1927,1950,23
39110.jpg,1927,1950,23
39115.jpg,1927,1920,-7
39120.jpg,1927,1957,30
39125.jpg,1927,1950,23
39130.jpg,1927,1940,13
39135.jpg,1927,1920,-7
39140.jpg,1927,1920,-7
39145.jpg,1927,1940,13
39150.jpg,1927,1920,-7
39155.jpg,1927,1920,-7
39160.jpg,1927,1920,-7
39165.jpg,1927,1950,23
39170.jpg,1927,1910,-17
39175.jpg,1927,1930,3
39180.jpg,1927,1920,-7
39185.jpg,1927,1910,-17
39190.jpg,1927,1925,-2
39195.jpg,1927,1930,3
39200.jpg,1927,1928,1
39205.jpg,1927,1928,1
39210.jpg,1927,1930,3
39215.jpg,1927,1952,25
39220.jpg,1927,2020,93
39225.jpg,1927,1830,-97
39230.jpg,1927,1920,-7
39235.jpg,1927,1928,1
39240.jpg,1927,1930,3
39245.jpg,1927,1920,-7
39250.jpg,1927,1930,3
39255.jpg,1927,1940,13
39260.jpg,1927,1940,13
39265.jpg,1927,1920,-7
39270.jpg,1927,1920,-7
39275.jpg,1927,1950,23
39280.jpg,1927,1950,23
39285.jpg,1927,1930,3
39290.jpg,1927,1930,3
39295.jpg,1927,1920,-7
39300.jpg,1927,1920,-7
39305.jpg,1927,1930,3
39310.jpg,1927,1920,-7
39315.jpg,1927,1920,-7
39320.jpg,1927,1800,-127
39325.jpg,1927,1920,-7
39330.jpg,1927,1920,-7
39335.jpg,1927,1920,-7
39340.jpg,1927,1920,-7
39345.jpg,1927,1905,-22
39350.jpg,1927,1900,-27
39355.jpg,1927,1980,53
39360.jpg,1927,1920,-7
39365.jpg,1927,1930,3
39370.jpg,1927,2000,73
39375.jpg,1927,1900,-27
39380.jpg,1927,1930,3
39385.jpg,1927,1940,13
39390.jpg,1927,1950,23
39395.jpg,1927,1200,-727
39400.jpg,1927,1920,-7
39405.jpg,1927,2005,78
39410.jpg,1927,1970,43
39415.jpg,1927,1930,3
39420.jpg,1927,1927,0
39425.jpg,1927,1920,-7
39430.jpg,1927,1910,-17
39435.jpg,1927,1900,-27
39440.jpg,1927,1920,-7
39445.jpg,1927,1900,-27
39450.jpg,1927,1900,-27
39455.jpg,1927,1929,2
39460.jpg,1927,1960,33
39465.jpg,1927,1900,-27
39470.jpg,1927,1900,-27
39475.jpg,1927,1930,3
39480.jpg,1927,1920,-7
39485.jpg,1927,1900,-27
39490.jpg,1927,1930,3
39495.jpg,1927,1900,-27
39500.jpg,1927,1920,-7
39505.jpg,1927,1950,23
39510.jpg,1928,1920,-8
39515.jpg,1928,1920,-8
39520.jpg,1928,1920,-8
39525.jpg,1928,1927,-1
39530.jpg,1928,2000,72
39535.jpg,1928,1920,-8
39540.jpg,1928,1928,0
39545.jpg,1928,1920,-8
39550.jpg,1928,1915,-13
39555.jpg,1928,1920,-8
39560.jpg,1928,1920,-8
39565.jpg,1928,1920,-8
39570.jpg,1928,1920,-8
39575.jpg,1928,2000,72
39580.jpg,1928,1920,-8
39585.jpg,1928,1914,-14
39590.jpg,1928,1990,62
39595.jpg,1928,1930,2
39600.jpg,1928,1950,22
39605.jpg,1928,2020,92
39610.jpg,1928,1990,62
39615.jpg,1928,2007,79
39620.jpg,1928,1940,12
39625.jpg,1928,1950,22
39630.jpg,1928,1920,-8
39635.jpg,1928,1930,2
39640.jpg,1928,1940,12
39645.jpg,1928,1920,-8
39650.jpg,1928,1920,-8
39655.jpg,1928,1920,-8
39660.jpg,1928,1920,-8
39665.jpg,1928,1930,2
39670.jpg,1928,1930,2
39675.jpg,1928,1926,-2
39680.jpg,1928,1920,-8
39685.jpg,1928,1930,2
39690.jpg,1928,1920,-8
39695.jpg,1928,1927,-1
39700.jpg,1928,1929,1
39705.jpg,1928,1920,-8
39710.jpg,1928,1925,-3
39715.jpg,1928,1921,-7
39720.jpg,1928,1930,2
39725.jpg,1928,1900,-28
39730.jpg,1928,1920,-8
39735.jpg,1928,1900,-28
39740.jpg,1928,2023,95
39745.jpg,1928,1950,22
39750.jpg,1928,1930,2
39755.jpg,1928,1915,-13
39760.jpg,1928,1860,-68
39765.jpg,1928,1955,27
39770.jpg,1928,1900,-28
39775.jpg,1928,1920,-8
39780.jpg,1928,1990,62
39785.jpg,1928,1920,-8
39790.jpg,1928,1910,-18
39795.jpg,1928,1920,-8
39800.jpg,1928,1920,-8
39805.jpg,1928,1920,-8
39810.jpg,1928,1940,12
39815.jpg,1928,1920,-8
39820.jpg,1928,1900,-28
39825.jpg,1928,1930,2
39830.jpg,1928,1930,2
39835.jpg,1928,1920,-8
39840.jpg,1928,1920,-8
39845.jpg,1928,1905,-23
39850.jpg,1928,1950,22
39855.jpg,1928,1910,-18
39860.jpg,1928,1920,-8
39865.jpg,1928,1870,-58
39870.jpg,1928,1920,-8
39875.jpg,1928,1910,-18
39880.jpg,1928,1920,-8
39885.jpg,1928,1930,2
39890.jpg,1928,1920,-8
39895.jpg,1928,2000,72
39900.jpg,1928,2005,77
39905.jpg,1928,1900,-28
39910.jpg,1928,1930,2
39915.jpg,1928,1850,-78
39920.jpg,1928,1960,32
39925.jpg,1928,1950,22
39930.jpg,1928,1936,8
39935.jpg,1928,1950,22
39940.jpg,1928,1930,2
39945.jpg,1928,1940,12
39950.jpg,1928,1920,-8
39955.jpg,1928,1890,-38
39960.jpg,1928,2000,72
39965.jpg,1928,1930,2
39970.jpg,1928,1899,-29
39975.jpg,1928,1930,2
39980.jpg,1928,1930,2
39985.jpg,1928,1920,-8
39990.jpg,1928,1930,2
39995.jpg,1928,1930,2
40000.jpg,1928,1920,-8
40010.jpg,1928,1970,42
40015.jpg,1928,1960,32
40020.jpg,1928,1910,-18
40025.jpg,1928,1920,-8
40030.jpg,1928,1930,2
40035.jpg,1928,1920,-8
40040.jpg,1928,1920,-8
40045.jpg,1929,1920,-9
40050.jpg,1929,1929,0
40055.jpg,1929,1929,0
40060.jpg,1929,2000,71
40065.jpg,1929,1929,0
40070.jpg,1929,1912,-17
40075.jpg,1929,1920,-9
40080.jpg,1929,1890,-39
40095.jpg,1929,1930,1
40105.jpg,1929,1910,-19
40110.jpg,1929,1930,1
40115.jpg,1929,1920,-9
40120.jpg,1929,1940,11
40125.jpg,1929,1930,1
40130.jpg,1929,1925,-4
40135.jpg,1929,1920,-9
40140.jpg,1929,1940,11
40145.jpg,1929,1930,1
40150.jpg,1929,1930,1
40155.jpg,1929,1920,-9
40160.jpg,1929,1939,10
40165.jpg,1929,1920,-9
40170.jpg,1929,1931,2
40175.jpg,1929,1929,0
40180.jpg,1929,1930,1
40185.jpg,1929,1930,1
40190.jpg,1929,1900,-29
40195.jpg,1929,1929,0
40200.jpg,1929,1930,1
40205.jpg,1929,1930,1
40210.jpg,1929,1930,1
40215.jpg,1929,1910,-19
40220.jpg,1929,1920,-9
40225.jpg,1929,1920,-9
40230.jpg,1929,1920,-9
40235.jpg,1929,1920,-9
40240.jpg,1929,1916,-13
40245.jpg,1929,1900,-29
40250.jpg,1929,1970,41
40255.jpg,1929,1950,21
40260.jpg,1929,1920,-9
40265.jpg,1929,1990,61
40270.jpg,1929,1926,-3
40275.jpg,1929,1960,31
40280.jpg,1929,1930,1
40285.jpg,1929,1940,11
40290.jpg,1929,1911,-18
40295.jpg,1929,1930,1
40305.jpg,1929,1920,-9
40310.jpg,1929,1920,-9
40315.jpg,1929,1930,1
40320.jpg,1929,1910,-19
40325.jpg,1929,2000,71
40330.jpg,1929,1920,-9
40335.jpg,1929,1800,-129
40340.jpg,1929,1930,1
40345.jpg,1929,1940,11
40350.jpg,1929,1900,-29
40355.jpg,1929,1930,1
40360.jpg,1929,1920,-9
40365.jpg,1929,1940,11
40370.jpg,1929,1920,-9
40375.jpg,1929,1920,-9
40380.jpg,1929,1900,-29
40385.jpg,1929,1960,31
40390.jpg,1929,1930,1
40395.jpg,1929,1950,21
40400.jpg,1929,1920,-9
40405.jpg,1929,1890,-39
40410.jpg,1929,1930,1
40415.jpg,1929,1920,-9
40420.jpg,1929,1928,-1
40425.jpg,1929,1920,-9
40430.jpg,1929,1990,61
40435.jpg,1929,1930,1
40440.jpg,1929,1900,-29
40450.jpg,1929,1900,-29
40455.jpg,1929,1930,1
40460.jpg,1929,1970,41
40465.jpg,1929,1925,-4
40470.jpg,1929,1930,1
40475.jpg,1929,1920,-9
40480.jpg,1929,1920,-9
40485.jpg,1929,1920,-9
40490.jpg,1929,1920,-9
40495.jpg,1929,1970,41
40500.jpg,1929,1930,1
40505.jpg,1929,1980,51
40510.jpg,1929,1930,1
40515.jpg,1929,1929,0
40520.jpg,1929,1920,-9
40525.jpg,1929,1900,-29
40530.jpg,1929,1920,-9
40535.jpg,1929,1940,11
40540.jpg,1930,1920,-10
40545.jpg,1930,2012,82
40550.jpg,1930,1980,50
40555.jpg,1930,1930,0
40560.jpg,1930,2003,73
40565.jpg,1930,2000,70
40570.jpg,1930,1930,0
40575.jpg,1930,1950,20
40580.jpg,1930,1920,-10
40585.jpg,1930,1920,-10
40590.jpg,1930,1930,0
40595.jpg,1930,1920,-10
40600.jpg,1930,1930,0
40605.jpg,1930,1920,-10
40610.jpg,1930,1900,-30
40615.jpg,1930,1920,-10
40620.jpg,1930,1920,-10
40625.jpg,1930,1930,0
40630.jpg,1930,1930,0
40635.jpg,1930,1930,0
40640.jpg,1930,1920,-10
40645.jpg,1930,2000,70
40650.jpg,1930,1930,0
40655.jpg,1930,1930,0
40660.jpg,1930,1800,-130
40665.jpg,1930,1900,-30
40670.jpg,1930,2005,75
40675.jpg,1930,1900,-30
40680.jpg,1930,1920,-10
40685.jpg,1930,1920,-10
40690.jpg,1930,1920,-10
40695.jpg,1930,1920,-10
40700.jpg,1930,1930,0
40705.jpg,1930,1930,0
40710.jpg,1930,1870,-60
40715.jpg,1930,1930,0
40720.jpg,1930,1900,-30
40725.jpg,1930,1930,0
40730.jpg,1930,2000,70
40735.jpg,1930,1900,-30
40740.jpg,1930,1920,-10
40745.jpg,1930,1930,0
40750.jpg,1930,1930,0
40755.jpg,1930,1930,0
40760.jpg,1930,1930,0
40765.jpg,1930,1930,0
40770.jpg,1930,1920,-10
40775.jpg,1930,1754,-176
40780.jpg,1930,2000,70
40785.jpg,1930,1930,0
40790.jpg,1930,1930,0
40795.jpg,1930,1920,-10
40800.jpg,1930,1920,-10
40805.jpg,1930,1920,-10
40810.jpg,1930,1920,-10
40815.jpg,1930,1930,0
40820.jpg,1930,1930,0
40825.jpg,1930,1929,-1
40830.jpg,1930,1920,-10
40835.jpg,1930,1920,-10
40840.jpg,1930,1890,-40
40845.jpg,1930,1930,0
40850.jpg,1930,1929,-1
40855.jpg,1930,1929,-1
40860.jpg,1930,1920,-10
40865.jpg,1930,1930,0
40870.jpg,1930,1930,0
40875.jpg,1930,1930,0
40885.jpg,1930,1940,10
40890.jpg,1930,1950,20
40895.jpg,1930,1920,-10
40900.jpg,1930,1924,-6
40905.jpg,1930,1930,0
40910.jpg,1930,2015,85
40915.jpg,1930,1930,0
40920.jpg,1930,1920,-10
40925.jpg,1930,1930,0
40930.jpg,1930,1930,0
40935.jpg,1930,1930,0
40940.jpg,1930,1930,0
40950.jpg,1930,1920,-10
40960.jpg,1930,1920,-10
40965.jpg,1931,1990,59
40970.jpg,1931,1950,19
40975.jpg,1931,1970,39
40980.jpg,1931,1930,-1
40985.jpg,1931,1921,-10
40990.jpg,1931,1928,-3
40995.jpg,1931,1931,0
41000.jpg,1931,1990,59
41005.jpg,1931,1930,-1
41010.jpg,1931,2014,83
41015.jpg,1931,1950,19
41020.jpg,1931,1932,1
41025.jpg,1931,1990,59
41030.jpg,1931,2000,69
41035.jpg,1931,1920,-11
41040.jpg,1931,1930,-1
41045.jpg,1931,1940,9
41050.jpg,1931,1920,-11
41055.jpg,1931,1930,-1
41060.jpg,1931,1930,-1
41065.jpg,1931,1920,-11
41070.jpg,1931,1930,-1
41075.jpg,1931,1930,-1
41080.jpg,1931,1929,-2
41085.jpg,1931,1930,-1
41095.jpg,1931,1929,-2
41100.jpg,1931,1929,-2
41105.jpg,1931,1920,-11
41110.jpg,1931,2000,69
41115.jpg,1931,1930,-1
41120.jpg,1931,1930,-1
41125.jpg,1931,1930,-1
41130.jpg,1931,2000,69
41135.jpg,1931,1920,-11
41140.jpg,1931,1990,59
41150.jpg,1931,1905,-26
41155.jpg,1931,1900,-31
41160.jpg,1931,1931,0
41165.jpg,1931,1900,-31
41170.jpg,1931,2000,69
41175.jpg,1931,1900,-31
41180.jpg,1931,1900,-31
41185.jpg,1931,1920,-11
41190.jpg,1931,1920,-11
41195.jpg,1931,1920,-11
41200.jpg,1931,1920,-11
41205.jpg,1931,1920,-11
41210.jpg,1931,1930,-1
41215.jpg,1931,2000,69
41220.jpg,1931,1920,-11
41225.jpg,1931,1900,-31
41230.jpg,1931,1936,5
41235.jpg,1931,2001,70
41240.jpg,1931,1920,-11
41245.jpg,1931,1838,-93
41250.jpg,1931,1940,9
41255.jpg,1931,1930,-1
41260.jpg,1931,2000,69
41265.jpg,1931,1931,0
41270.jpg,1931,2000,69
41275.jpg,1931,1930,-1
41280.jpg,1931,1920,-11
41285.jpg,1931,1930,-1
41290.jpg,1931,1955,24
41295.jpg,1931,2003,72
41305.jpg,1931,1930,-1
41310.jpg,1932,1930,-2
41320.jpg,1932,1932,0
41325.jpg,1932,1780,-152
41330.jpg,1932,1950,18
41340.jpg,1932,2000,68
41345.jpg,1932,1920,-12
41350.jpg,1932,1920,-12
41355.jpg,1932,1940,8
41360.jpg,1932,1950,18
41365.jpg,1932,1920,-12
41370.jpg,1932,1931,-1
41375.jpg,1932,1928,-4
41380.jpg,1932,1932,0
41385.jpg,1932,1928,-4
41390.jpg,1932,1970,38
41395.jpg,1932,1930,-2
41400.jpg,1932,1975,43
41405.jpg,1932,1930,-2
41410.jpg,1932,1910,-22
41415.jpg,1932,1932,0
41420.jpg,1932,1940,8
41425.jpg,1932,1922,-10
41430.jpg,1932,1940,8
41435.jpg,1932,1920,-12
41440.jpg,1932,1910,-22
41445.jpg,1932,1920,-12
41450.jpg,1932,1990,58
41455.jpg,1932,1920,-12
41460.jpg,1932,1850,-82
41465.jpg,1932,1920,-12
41470.jpg,1932,1920,-12
41475.jpg,1932,1900,-32
41480.jpg,1932,1920,-12
41485.jpg,1932,1930,-2
41490.jpg,1932,1950,18
41495.jpg,1932,1926,-6
41500.jpg,1932,2002,70
41505.jpg,1932,1970,38
41510.jpg,1932,1937,5
41515.jpg,1932,1930,-2
41520.jpg,1932,1930,-2
41525.jpg,1932,1920,-12
41530.jpg,1932,1930,-2
41535.jpg,1932,1950,18
41540.jpg,1932,1905,-27
41545.jpg,1932,1920,-12
41550.jpg,1932,2001,69
41555.jpg,1932,1920,-12
41560.jpg,1932,1900,-32
41565.jpg,1932,1930,-2
41570.jpg,1933,1990,57
41575.jpg,1933,1900,-33
41580.jpg,1933,1820,-113
41585.jpg,1933,2000,67
41590.jpg,1933,1970,37
41595.jpg,1933,1937,4
41600.jpg,1933,1900,-33
41605.jpg,1933,1928,-5
41610.jpg,1933,1930,-3
41615.jpg,1933,1926,-7
41620.jpg,1933,2000,67
41625.jpg,1933,1970,37
41630.jpg,1933,1930,-3
41635.jpg,1933,1950,17
41640.jpg,1933,1930,-3
41645.jpg,1933,2000,67
41650.jpg,1933,1920,-13
41655.jpg,1933,1900,-33
41660.jpg,1933,1930,-3
41665.jpg,1933,1928,-5
41670.jpg,1933,1930,-3
41675.jpg,1933,1930,-3
41680.jpg,1933,1930,-3
41685.jpg,1933,1900,-33
41690.jpg,1933,1930,-3
41695.jpg,1933,1930,-3
41700.jpg,1933,1920,-13
41705.jpg,1933,1930,-3
41710.jpg,1933,1930,-3
41715.jpg,1933,1915,-18
41720.jpg,1933,1900,-33
41725.jpg,1933,1930,-3
41730.jpg,1933,1950,17
41745.jpg,1933,1800,-133
41750.jpg,1933,1930,-3
41755.jpg,1933,1960,27
41760.jpg,1933,2010,77
41765.jpg,1933,1930,-3
41770.jpg,1933,1920,-13
41775.jpg,1933,1940,7
41780.jpg,1933,1800,-133
41785.jpg,1933,1900,-33
41790.jpg,1933,2000,67
41795.jpg,1933,2000,67
41800.jpg,1933,2000,67
41805.jpg,1933,1933,0
41810.jpg,1933,1930,-3
41815.jpg,1933,1910,-23
41820.jpg,1933,1930,-3
41825.jpg,1933,1950,17
41830.jpg,1933,1930,-3
41835.jpg,1934,2000,66
41840.jpg,1934,1930,-4
41845.jpg,1934,1970,36
41850.jpg,1934,1920,-14
41855.jpg,1934,1990,56
41860.jpg,1934,2010,76
41865.jpg,1934,2010,76
41870.jpg,1934,2008,74
41875.jpg,1934,1932,-2
41880.jpg,1934,1950,16
41885.jpg,1934,1910,-24
41890.jpg,1934,1930,-4
41895.jpg,1934,2020,86
41900.jpg,1934,1937,3
41905.jpg,1934,1920,-14
41910.jpg,1934,1930,-4
41915.jpg,1934,1950,16
41920.jpg,1934,2000,66
41925.jpg,1934,1900,-34
41930.jpg,1934,1932,-2
41935.jpg,1934,1970,36
41940.jpg,1934,1920,-14
41945.jpg,1934,1930,-4
41950.jpg,1934,1930,-4
41955.jpg,1934,1920,-14
41960.jpg,1934,1960,26
41965.jpg,1934,2000,66
41970.jpg,1934,1863,-71
41975.jpg,1934,2003,69
41980.jpg,1934,1950,16
41985.jpg,1934,1930,-4
41990.jpg,1934,1940,6
41995.jpg,1934,1930,-4
42000.jpg,1934,1970,36
42005.jpg,1934,1920,-14
42010.jpg,1935,2000,65
42015.jpg,1935,1900,-35
42020.jpg,1935,1930,-5
42025.jpg,1935,1800,-135
42035.jpg,1935,2016,81
42040.jpg,1935,2000,65
42045.jpg,1935,1930,-5
42050.jpg,1935,1930,-5
42060.jpg,1935,1920,-15
42065.jpg,1935,2005,70
42070.jpg,1935,1920,-15
42075.jpg,1935,1930,-5
42080.jpg,1935,1936,1
42085.jpg,1935,1883,-52
42090.jpg,1935,1920,-15
42095.jpg,1935,1800,-135
42100.jpg,1935,2000,65
42105.jpg,1935,1930,-5
42110.jpg,1935,1950,15
42115.jpg,1935,1900,-35
42120.jpg,1935,1965,30
42125.jpg,1935,1800,-135
42130.jpg,1935,1930,-5
42135.jpg,1935,1930,-5
42140.jpg,1935,1950,15
42145.jpg,1935,1800,-135
42150.jpg,1935,1900,-35
42155.jpg,1935,1840,-95
42160.jpg,1935,1900,-35
42165.jpg,1935,1940,5
42170.jpg,1935,1920,-15
42175.jpg,1935,2000,65
42180.jpg,1935,2000,65
42185.jpg,1935,1970,35
42190.jpg,1935,1940,5
42195.jpg,1935,1970,35
42200.jpg,1935,1950,15
42205.jpg,1935,1930,-5
42210.jpg,1935,1930,-5
42215.jpg,1935,1900,-35
42220.jpg,1935,1950,15
42225.jpg,1935,1950,15
42230.jpg,1935,1816,-119
42235.jpg,1935,1930,-5
42240.jpg,1935,1930,-5
42250.jpg,1935,1950,15
42255.jpg,1935,1950,15
42260.jpg,1935,1950,15
42265.jpg,1935,1930,-5
42270.jpg,1935,1950,15
42275.jpg,1935,1970,35
42280.jpg,1935,1950,15
42285.jpg,1935,1970,35
42290.jpg,1935,1950,15
42295.jpg,1936,1920,-16
42300.jpg,1936,1980,44
42305.jpg,1936,1940,4
42310.jpg,1936,1900,-36
42315.jpg,1936,1930,-6
42320.jpg,1936,2020,84
42325.jpg,1936,1970,34
42330.jpg,1936,2019,83
42335.jpg,1936,2017,81
42340.jpg,1936,1930,-6
42345.jpg,1936,1930,-6
42350.jpg,1936,1940,4
42355.jpg,1936,1940,4
42360.jpg,1936,2000,64
42365.jpg,1936,1959,23
42370.jpg,1936,1920,-16
42375.jpg,1936,1940,4
42380.jpg,1936,1970,34
42385.jpg,1936,1930,-6
42390.jpg,1936,2010,74
42395.jpg,1936,1950,14
42400.jpg,1936,1990,54
42405.jpg,1936,1930,-6
42410.jpg,1936,2000,64
42415.jpg,1936,1900,-36
42420.jpg,1936,1932,-4
42425.jpg,1936,1902,-34
42430.jpg,1936,1930,-6
42435.jpg,1936,1940,4
42440.jpg,1936,1940,4
42445.jpg,1936,1930,-6
42450.jpg,1936,1910,-26
42455.jpg,1936,1950,14
42460.jpg,1936,1930,-6
42465.jpg,1936,1940,4
42470.jpg,1936,1970,34
42475.jpg,1936,1950,14
42480.jpg,1936,1868,-68
42485.jpg,1936,1990,54
42490.jpg,1936,1930,-6
42495.jpg,1936,2000,64
42500.jpg,1936,1940,4
42505.jpg,1936,1950,14
42510.jpg,1936,1950,14
42515.jpg,1936,1940,4
42520.jpg,1936,2000,64
42525.jpg,1936,1930,-6
42530.jpg,1936,1970,34
42535.jpg,1936,1950,14
42540.jpg,1936,1922,-14
42545.jpg,1936,1930,-6
42550.jpg,1936,1940,4
42555.jpg,1936,1900,-36
42560.jpg,1936,1940,4
42565.jpg,1936,1900,-36
42570.jpg,1936,1930,-6
42575.jpg,1936,1930,-6
42585.jpg,1936,2000,64
42595.jpg,1936,1930,-6
42600.jpg,1936,1999,63
42610.jpg,1937,1937,0
42615.jpg,1937,1930,-7
42620.jpg,1937,1930,-7
42625.jpg,1937,1920,-17
42630.jpg,1937,2000,63
42635.jpg,1937,1939,2
42640.jpg,1937,2000,63
42645.jpg,1937,2021,84
42650.jpg,1937,1960,23
42655.jpg,1937,2015,78
42660.jpg,1937,1930,-7
42665.jpg,1937,1940,3
42670.jpg,1937,1900,-37
42675.jpg,1937,1960,23
42680.jpg,1937,1950,13
42685.jpg,1937,1970,33
42690.jpg,1937,1990,53
42695.jpg,1937,1990,53
42700.jpg,1937,1930,-7
42705.jpg,1937,1930,-7
42710.jpg,1937,1930,-7
42715.jpg,1937,2000,63
42720.jpg,1937,1920,-17
42725.jpg,1937,1940,3
42730.jpg,1937,1980,43
42735.jpg,1937,1970,33
42740.jpg,1937,1937,0
42745.jpg,1937,2000,63
42750.jpg,1937,1970,33
42755.jpg,1937,1900,-37
42765.jpg,1937,1950,13
42770.jpg,1937,2000,63
42775.jpg,1937,1930,-7
42780.jpg,1937,1910,-27
42785.jpg,1937,1950,13
42790.jpg,1937,1908,-29
42795.jpg,1937,1930,-7
42800.jpg,1937,1920,-17
42805.jpg,1937,1950,13
42810.jpg,1937,1920,-17
42815.jpg,1937,1920,-17
42820.jpg,1937,1997,60
42825.jpg,1937,1900,-37
42830.jpg,1937,1940,3
42835.jpg,1937,1930,-7
42840.jpg,1937,1950,13
42845.jpg,1937,1930,-7
42850.jpg,1937,1940,3
42855.jpg,1937,1930,-7
42860.jpg,1937,1920,-17
42865.jpg,1937,1960,23
42870.jpg,1937,1970,33
42875.jpg,1937,1990,53
42880.jpg,1937,1960,23
42885.jpg,1937,1960,23
42890.jpg,1937,1920,-17
42895.jpg,1937,1950,13
42900.jpg,1937,1930,-7
42905.jpg,1937,1940,3
42910.jpg,1937,500,-1437
42915.jpg,1938,1967,29
42920.jpg,1938,1940,2
42925.jpg,1938,1919,-19
42930.jpg,1938,1930,-8
42935.jpg,1938,1920,-18
42940.jpg,1938,2009,71
42945.jpg,1938,2010,72
42950.jpg,1938,2010,72
42955.jpg,1938,2000,62
42960.jpg,1938,1930,-8
42965.jpg,1938,1940,2
42970.jpg,1938,1950,12
42975.jpg,1938,1930,-8
42980.jpg,1938,1920,-18
42985.jpg,1938,1920,-18
42990.jpg,1938,1940,2
42995.jpg,1938,1930,-8
43000.jpg,1938,1950,12
43005.jpg,1938,1940,2
43010.jpg,1938,1900,-38
43015.jpg,1938,1975,37
43020.jpg,1938,1980,42
43025.jpg,1938,1957,19
43030.jpg,1938,2006,68
43035.jpg,1938,1870,-68
43040.jpg,1938,1930,-8
43045.jpg,1938,1929,-9
43050.jpg,1938,1920,-18
43055.jpg,1938,1940,2
43060.jpg,1938,1950,12
43065.jpg,1938,1910,-28
43070.jpg,1938,2000,62
43075.jpg,1938,2000,62
43080.jpg,1938,1950,12
43085.jpg,1938,1930,-8
43090.jpg,1938,1990,52
43095.jpg,1938,1920,-18
43100.jpg,1938,1998,60
43105.jpg,1938,1930,-8
43110.jpg,1938,1930,-8
43115.jpg,1938,1920,-18
43120.jpg,1938,1930,-8
43125.jpg,1938,1930,-8
43130.jpg,1938,1930,-8
43135.jpg,1938,1900,-38
43140.jpg,1938,2010,72
43145.jpg,1938,1920,-18
43150.jpg,1938,1800,-138
43155.jpg,1938,1980,42
43160.jpg,1938,1920,-18
43165.jpg,1938,1950,12
43170.jpg,1938,1930,-8
43175.jpg,1938,1971,33
43185.jpg,1938,1937,-1
43190.jpg,1938,1930,-8
43195.jpg,1938,1930,-8
43200.jpg,1938,1970,32
43210.jpg,1939,1936,-3
43215.jpg,1939,1940,1
43220.jpg,1939,1900,-39
43225.jpg,1939,1800,-139
43235.jpg,1939,2000,61
43245.jpg,1939,2000,61
43250.jpg,1939,2000,61
43255.jpg,1939,1950,11
43260.jpg,1939,1930,-9
43270.jpg,1939,1930,-9
43275.jpg,1939,1920,-19
43280.jpg,1939,1900,-39
43285.jpg,1939,1950,11
43290.jpg,1939,1930,-9
43295.jpg,1939,1930,-9
43300.jpg,1939,1980,41
43305.jpg,1939,1964,25
43310.jpg,1939,1930,-9
43315.jpg,1939,1930,-9
43320.jpg,1939,1950,11
43325.jpg,1939,1930,-9
43330.jpg,1939,1970,31
43335.jpg,1939,1972,33
43340.jpg,1939,2014,75
43345.jpg,1939,1900,-39
43350.jpg,1939,2000,61
43360.jpg,1939,1990,51
43365.jpg,1939,1800,-139
43370.jpg,1939,1920,-19
43375.jpg,1939,1920,-19
43380.jpg,1939,1960,21
43385.jpg,1939,1950,11
43390.jpg,1939,1929,-10
43395.jpg,1939,1950,11
43400.jpg,1939,2000,61
43405.jpg,1939,2023,84
43410.jpg,1939,1930,-9
43415.jpg,1939,1930,-9
43420.jpg,1939,1935,-4
43425.jpg,1939,1920,-19
43430.jpg,1939,1800,-139
43435.jpg,1939,1937,-2
43440.jpg,1939,1930,-9
43445.jpg,1939,1980,41
43450.jpg,1939,1950,11
43455.jpg,1939,1940,1
43460.jpg,1939,1940,1
43465.jpg,1939,1920,-19
43470.jpg,1940,1950,10
43475.jpg,1940,1940,0
43480.jpg,1940,1940,0
43485.jpg,1940,1920,-20
43490.jpg,1940,1930,-10
43495.jpg,1940,1955,15
43500.jpg,1940,1955,15
43505.jpg,1940,2018,78
43510.jpg,1940,1930,-10
43515.jpg,1940,1970,30
43520.jpg,1940,1940,0
43525.jpg,1940,1920,-20
43530.jpg,1940,1950,10
43535.jpg,1940,1950,10
43540.jpg,1940,1950,10
43545.jpg,1940,1930,-10
43550.jpg,1940,1930,-10
43555.jpg,1940,1930,-10
43560.jpg,1940,1937,-3
43565.jpg,1940,1930,-10
43570.jpg,1940,1930,-10
43575.jpg,1940,1930,-10
43580.jpg,1940,1920,-20
43585.jpg,1940,1950,10
43590.jpg,1940,1930,-10
43595.jpg,1940,2000,60
43600.jpg,1940,1930,-10
43605.jpg,1940,1938,-2
43610.jpg,1940,1900,-40
43615.jpg,1940,1950,10
43620.jpg,1940,1950,10
43625.jpg,1940,1950,10
43630.jpg,1940,1975,35
43635.jpg,1940,1940,0
43640.jpg,1940,1933,-7
43645.jpg,1940,1940,0
43650.jpg,1940,1980,40
43655.jpg,1940,1950,10
43660.jpg,1940,1950,10
43665.jpg,1940,1950,10
43670.jpg,1940,1970,30
43675.jpg,1940,1940,0
43680.jpg,1940,1930,-10
43685.jpg,1940,1970,30
43700.jpg,1940,1950,10
43705.jpg,1940,1940,0
43710.jpg,1940,1930,-10
43715.jpg,1940,1934,-6
43720.jpg,1941,1940,-1
43725.jpg,1941,1940,-1
43730.jpg,1941,2009,68
43735.jpg,1941,2010,69
43740.jpg,1941,1990,49
43745.jpg,1941,1920,-21
43750.jpg,1941,1930,-11
43755.jpg,1941,1900,-41
43760.jpg,1941,1930,-11
43765.jpg,1941,1800,-141
43770.jpg,1941,1930,-11
43775.jpg,1941,1960,19
43780.jpg,1941,1940,-1
43785.jpg,1941,1970,29
43790.jpg,1941,1930,-11
43795.jpg,1941,2000,59
43800.jpg,1941,1900,-41
43805.jpg,1941,1830,-111
43810.jpg,1941,1950,9
43815.jpg,1941,1965,24
43820.jpg,1941,1950,9
43825.jpg,1941,1950,9
43830.jpg,1941,2020,79
43835.jpg,1941,1970,29
43840.jpg,1941,2000,59
43845.jpg,1941,1932,-9
43850.jpg,1941,1970,29
43855.jpg,1941,1940,-1
43860.jpg,1941,1950,9
43865.jpg,1942,1930,-12
43870.jpg,1942,1970,28
43875.jpg,1942,1958,16
43880.jpg,1942,1940,-2
43885.jpg,1942,1970,28
43890.jpg,1942,1930,-12
43895.jpg,1942,1940,-2
43900.jpg,1942,1910,-32
43905.jpg,1942,1920,-22
43910.jpg,1942,1970,28
43915.jpg,1942,1930,-12
43920.jpg,1942,1975,33
43925.jpg,1942,2000,58
43930.jpg,1942,1950,8
43935.jpg,1942,1940,-2
43940.jpg,1942,1920,-22
43945.jpg,1942,1970,28
43950.jpg,1942,1920,-22
43955.jpg,1942,1950,8
43960.jpg,1943,1965,22
43965.jpg,1943,1970,27
43970.jpg,1943,2010,67
43975.jpg,1943,1950,7
43980.jpg,1943,1943,0
43985.jpg,1943,1940,-3
43990.jpg,1943,2005,62
43995.jpg,1943,1930,-13
44000.jpg,1943,1940,-3
44005.jpg,1943,2010,67
44010.jpg,1943,2000,57
44015.jpg,1943,1950,7
44020.jpg,1943,1930,-13
44025.jpg,1943,1950,7
44030.jpg,1944,2000,56
44035.jpg,1944,2000,56
44040.jpg,1944,1960,16
44045.jpg,1944,1931,-13
44050.jpg,1944,1980,36
44055.jpg,1944,2000,56
44060.jpg,1945,1900,-45
44065.jpg,1945,1940,-5
44075.jpg,1945,1980,35
44080.jpg,1945,2000,55
44090.jpg,1945,1930,-15
44095.jpg,1945,1950,5
44100.jpg,1945,1990,45
44105.jpg,1945,1930,-15
44110.jpg,1945,1950,5
44115.jpg,1946,1980,34
44120.jpg,1946,2000,54
44125.jpg,1946,2020,74
44130.jpg,1946,2023,77
44135.jpg,1946,1950,4
44140.jpg,1946,2020,74
44145.jpg,1946,1930,-16
44150.jpg,1946,1980,34
44155.jpg,1946,1930,-16
44160.jpg,1946,2000,54
44165.jpg,1946,1930,-16
44170.jpg,1946,1970,24
44175.jpg,1947,1930,-17
44180.jpg,1947,1940,-7
44185.jpg,1947,1800,-147
44190.jpg,1947,2010,63
44195.jpg,1947,2008,61
44200.jpg,1947,1970,23
44205.jpg,1947,1970,23
44210.jpg,1947,2000,53
44215.jpg,1947,1960,13
44220.jpg,1947,1930,-17
44230.jpg,1947,1970,23
44240.jpg,1947,1930,-17
44245.jpg,1947,1950,3
44250.jpg,1947,1930,-17
44255.jpg,1947,2004,57
44260.jpg,1947,1900,-47
44270.jpg,1947,1970,23
44275.jpg,1947,1930,-17
44280.jpg,1947,1940,-7
44285.jpg,1948,1930,-18
44290.jpg,1948,2000,52
44295.jpg,1948,2010,62
44300.jpg,1948,2000,52
44305.jpg,1948,1923,-25
44310.jpg,1948,2010,62
44315.jpg,1948,2010,62
44320.jpg,1948,1990,42
44325.jpg,1948,1950,2
44330.jpg,1948,1930,-18
44335.jpg,1948,1950,2
44340.jpg,1948,2000,52
44345.jpg,1948,2000,52
44350.jpg,1948,1930,-18
44355.jpg,1948,1957,9
44360.jpg,1948,1950,2
44365.jpg,1948,1950,2
44370.jpg,1948,1910,-38
44375.jpg,1948,1920,-28
44380.jpg,1948,2010,62
44385.jpg,1948,2006,58
44390.jpg,1948,1960,12
44395.jpg,1948,1940,-8
44400.jpg,1949,1900,-49
44405.jpg,1949,2010,61
44410.jpg,1949,2000,51
44415.jpg,1949,2010,61
44420.jpg,1949,2000,51
44425.jpg,1949,1950,1
44430.jpg,1949,1965,16
44435.jpg,1949,1970,21
44440.jpg,1949,1990,41
44445.jpg,1949,1980,31
44450.jpg,1949,1960,11
44455.jpg,1949,1930,-19
44460.jpg,1949,1941,-8
44465.jpg,1949,1930,-19
44470.jpg,1949,1970,21
44475.jpg,1949,1950,1
44480.jpg,1949,1950,1
44485.jpg,1949,1950,1
44490.jpg,1949,1960,11
44495.jpg,1949,1960,11
44500.jpg,1949,1950,1
44510.jpg,1949,1905,-44
44515.jpg,1949,1910,-39
44520.jpg,1949,2010,61
44525.jpg,1949,1980,31
44530.jpg,1949,1950,1
44535.jpg,1949,1990,41
44540.jpg,1950,1960,10
44545.jpg,1950,2000,50
44550.jpg,1950,1950,0
44555.jpg,1950,2020,70
44560.jpg,1950,2002,52
44565.jpg,1950,2000,50
44570.jpg,1950,2010,60
44575.jpg,1950,1920,-30
44585.jpg,1950,1997,47
44590.jpg,1950,1988,38
44595.jpg,1950,2000,50
44600.jpg,1950,1997,47
44605.jpg,1950,1990,40
44610.jpg,1950,1960,10
44615.jpg,1950,1961,11
44620.jpg,1950,1950,0
44625.jpg,1950,1905,-45
44630.jpg,1950,1990,40
44635.jpg,1950,2000,50
44640.jpg,1950,1950,0
44645.jpg,1950,1950,0
44650.jpg,1950,1960,10
44655.jpg,1950,1980,30
44660.jpg,1950,1970,20
44665.jpg,1950,1940,-10
44680.jpg,1950,2000,50
44685.jpg,1950,1950,0
44690.jpg,1950,1965,15
44695.jpg,1950,1920,-30
44700.jpg,1950,2010,60
44705.jpg,1951,1990,39
44710.jpg,1951,1920,-31
44720.jpg,1951,2010,59
44725.jpg,1951,2010,59
44730.jpg,1951,1970,19
44735.jpg,1951,1930,-21
44740.jpg,1951,1915,-36
44745.jpg,1951,1950,-1
44750.jpg,1951,1950,-1
44755.jpg,1951,1960,9
44760.jpg,1951,1950,-1
44765.jpg,1951,1930,-21
44770.jpg,1951,1354,-597
44775.jpg,1951,2000,49
44780.jpg,1951,1900,-51
44785.jpg,1951,1965,14
44790.jpg,1951,1950,-1
44795.jpg,1951,1950,-1
44800.jpg,1951,1950,-1
44810.jpg,1951,1930,-21
44815.jpg,1951,2000,49
44820.jpg,1951,1930,-21
44825.jpg,1951,2010,59
44830.jpg,1951,1970,19
44840.jpg,1951,2000,49
44845.jpg,1952,1970,18
44850.jpg,1952,2010,58
44855.jpg,1952,2020,68
44860.jpg,1952,1990,38
44865.jpg,1952,2012,60
44870.jpg,1952,2000,48
44875.jpg,1952,1960,8
44880.jpg,1952,1970,18
44885.jpg,1952,2000,48
44890.jpg,1952,2023,71
44895.jpg,1952,2000,48
44900.jpg,1952,1950,-2
44905.jpg,1952,2003,51
44910.jpg,1952,2000,48
44915.jpg,1952,1950,-2
44920.jpg,1952,1960,8
44925.jpg,1952,1960,8
44930.jpg,1952,2000,48
44940.jpg,1952,1930,-22
44945.jpg,1952,2000,48
44950.jpg,1952,1970,18
44955.jpg,1952,2000,48
44960.jpg,1953,1970,17
44965.jpg,1953,2015,62
44970.jpg,1953,2023,70
44980.jpg,1953,1930,-23
44985.jpg,1953,2012,59
44990.jpg,1953,2019,66
44995.jpg,1953,1965,12
45000.jpg,1953,2010,57
45005.jpg,1953,1930,-23
45010.jpg,1953,1950,-3
45015.jpg,1953,1970,17
45020.jpg,1953,1958,5
45025.jpg,1953,1930,-23
45030.jpg,1953,1980,27
45035.jpg,1953,1970,17
45040.jpg,1953,2000,47
45045.jpg,1953,2000,47
45050.jpg,1953,2020,67
45055.jpg,1953,1950,-3
45060.jpg,1953,1930,-23
45065.jpg,1953,2000,47
45070.jpg,1953,1950,-3
45075.jpg,1953,2000,47
45080.jpg,1953,2000,47
45085.jpg,1953,2023,70
45090.jpg,1953,1930,-23
45095.jpg,1954,1952,-2
45100.jpg,1954,2000,46
45105.jpg,1954,2000,46
45110.jpg,1954,1965,11
45115.jpg,1954,1997,43
45120.jpg,1954,1960,6
45125.jpg,1954,1990,36
45130.jpg,1954,2000,46
45135.jpg,1954,1970,16
45140.jpg,1954,1987,33
45150.jpg,1954,1930,-24
45155.jpg,1954,1930,-24
45160.jpg,1954,2000,46
45165.jpg,1954,1970,16
45170.jpg,1954,2000,46
45175.jpg,1954,1940,-14
45180.jpg,1954,1980,26
45185.jpg,1954,2000,46
45190.jpg,1954,1955,1
45195.jpg,1954,1950,-4
45200.jpg,1954,1960,6
45205.jpg,1954,1920,-34
45210.jpg,1954,1920,-34
45215.jpg,1954,2000,46
45220.jpg,1954,1910,-44
45225.jpg,1954,1980,26
45230.jpg,1954,1998,44
45235.jpg,1955,1800,-155
45240.jpg,1955,1955,0
45245.jpg,1955,2000,45
45250.jpg,1955,1973,18
45255.jpg,1955,1970,15
45260.jpg,1955,2010,55
45265.jpg,1955,2013,58
45275.jpg,1955,1950,-5
45280.jpg,1955,2000,45
45285.jpg,1955,1990,35
45290.jpg,1955,1970,15
45295.jpg,1955,1960,5
45300.jpg,1955,2019,64
45310.jpg,1955,2000,45
45315.jpg,1955,1935,-20
45320.jpg,1955,1843,-112
45325.jpg,1955,1980,25
45330.jpg,1955,1952,-3
45335.jpg,1955,1950,-5
45345.jpg,1955,2010,55
45350.jpg,1955,1930,-25
45355.jpg,1955,2000,45
45360.jpg,1955,1864,-91
45365.jpg,1955,2003,48
45370.jpg,1955,1960,5
45375.jpg,1955,1970,15
45385.jpg,1956,2000,44
45390.jpg,1956,1970,14
45395.jpg,1956,2010,54
45400.jpg,1956,2009,53
45405.jpg,1956,1962,6
45410.jpg,1956,2000,44
45415.jpg,1956,2000,44
45420.jpg,1956,1970,14
45430.jpg,1956,2000,44
45435.jpg,1956,1930,-26
45440.jpg,1956,1960,4
45445.jpg,1956,2000,44
45450.jpg,1956,1960,4
45455.jpg,1956,2010,54
45460.jpg,1956,1930,-26
45465.jpg,1956,1900,-56
45470.jpg,1956,1930,-26
45475.jpg,1956,1950,-6
45480.jpg,1956,1950,-6
45485.jpg,1956,1955,-1
45490.jpg,1956,1956,0
45495.jpg,1956,1900,-56
45500.jpg,1956,1990,34
45505.jpg,1956,2005,49
45510.jpg,1956,1990,34
45515.jpg,1956,2010,54
45520.jpg,1956,2000,44
45530.jpg,1957,1950,-7
45535.jpg,1957,2000,43
45540.jpg,1957,2007,50
45545.jpg,1957,2008,51
45550.jpg,1957,1990,33
45555.jpg,1957,2018,61
45560.jpg,1957,1957,0
45565.jpg,1957,1970,13
45570.jpg,1957,1990,33
45575.jpg,1957,1920,-37
45585.jpg,1957,1920,-37
45590.jpg,1957,1950,-7
45595.jpg,1957,2000,43
45605.jpg,1957,2000,43
45610.jpg,1957,2000,43
45615.jpg,1957,2010,53
45620.jpg,1957,2000,43
45630.jpg,1957,1950,-7
45635.jpg,1957,2000,43
45640.jpg,1957,1950,-7
45645.jpg,1957,1850,-107
45650.jpg,1957,1960,3
45655.jpg,1957,1950,-7
45660.jpg,1957,1960,3
45665.jpg,1957,1970,13
45675.jpg,1957,2010,53
45680.jpg,1957,1920,-37
45685.jpg,1957,1977,20
45695.jpg,1957,2000,43
45700.jpg,1958,1900,-58
45705.jpg,1958,2020,62
45715.jpg,1958,1977,19
45720.jpg,1958,2005,47
45730.jpg,1958,1970,12
45735.jpg,1958,2010,52
45740.jpg,1958,1950,-8
45745.jpg,1958,1970,12
45750.jpg,1958,2000,42
45755.jpg,1958,1920,-38
45760.jpg,1958,1950,-8
45765.jpg,1958,1960,2
45770.jpg,1958,1983,25
45775.jpg,1958,1970,12
45780.jpg,1958,1970,12
45785.jpg,1958,2023,65
45790.jpg,1958,1955,-3
45795.jpg,1958,2000,42
45800.jpg,1958,1950,-8
45805.jpg,1958,1960,2
45810.jpg,1958,1700,-258
45815.jpg,1958,2003,45
45820.jpg,1958,2000,42
45825.jpg,1958,1990,32
45830.jpg,1958,2015,57
45835.jpg,1958,1936,-22
45840.jpg,1958,1970,12
45845.jpg,1958,1965,7
45850.jpg,1958,1954,-4
45855.jpg,1959,2000,41
45860.jpg,1959,2000,41
45870.jpg,1959,2010,51
45880.jpg,1959,1920,-39
45885.jpg,1959,2000,41
45890.jpg,1959,1936,-23
45895.jpg,1959,1959,0
45900.jpg,1959,1965,6
45905.jpg,1959,1970,11
45910.jpg,1959,2020,61
45915.jpg,1959,1999,40
45925.jpg,1959,1950,-9
45930.jpg,1959,1950,-9
45935.jpg,1959,1970,11
45940.jpg,1959,2005,46
45945.jpg,1959,2000,41
45950.jpg,1959,2010,51
45955.jpg,1959,2015,56
45960.jpg,1959,2000,41
45965.jpg,1959,1920,-39
45970.jpg,1959,2020,61
45975.jpg,1959,1960,1
45980.jpg,1959,1970,11
45985.jpg,1959,1950,-9
45990.jpg,1960,1825,-135
45995.jpg,1960,2023,63
46000.jpg,1960,1999,39
46005.jpg,1960,2020,60
46015.jpg,1960,1965,5
46025.jpg,1960,2007,47
46030.jpg,1960,1982,22
46035.jpg,1960,1970,10
46040.jpg,1960,1959,-1
46045.jpg,1960,2000,40
46050.jpg,1960,1920,-40
46055.jpg,1960,1960,0
46060.jpg,1960,2000,40
46065.jpg,1960,1930,-30
46070.jpg,1960,2003,43
46075.jpg,1960,2000,40
46080.jpg,1960,1998,38
46085.jpg,1960,1858,-102
46090.jpg,1960,1950,-10
46095.jpg,1960,1950,-10
46100.jpg,1960,1965,5
46105.jpg,1960,1970,10
46110.jpg,1960,1990,30
46115.jpg,1960,2000,40
46120.jpg,1960,2000,40
46130.jpg,1960,1920,-40
46135.jpg,1960,1990,30
46140.jpg,1960,1930,-30
46145.jpg,1960,1950,-10
46150.jpg,1960,1960,0
46155.jpg,1961,1920,-41
46160.jpg,1961,1960,-1
46170.jpg,1961,2018,57
46180.jpg,1961,1950,-11
46185.jpg,1961,2000,39
46190.jpg,1961,1900,-61
46195.jpg,1961,2000,39
46200.jpg,1961,2000,39
46205.jpg,1961,1970,9
46210.jpg,1961,2000,39
46215.jpg,1961,2000,39
46220.jpg,1961,2010,49
46225.jpg,1961,1965,4
46230.jpg,1961,2020,59
46235.jpg,1961,1960,-1
46240.jpg,1961,2018,57
46245.jpg,1961,1997,36
46250.jpg,1961,1960,-1
46255.jpg,1961,1950,-11
46260.jpg,1961,1960,-1
46265.jpg,1961,1960,-1
46270.jpg,1961,1937,-24
46275.jpg,1961,2020,59
46280.jpg,1961,1850,-111
46285.jpg,1961,2020,59
46290.jpg,1961,2000,39
46295.jpg,1961,2000,39
46305.jpg,1961,1965,4
46310.jpg,1961,1975,14
46315.jpg,1961,2010,49
46320.jpg,1962,1970,8
46330.jpg,1962,1920,-42
46335.jpg,1962,2020,58
46340.jpg,1962,1962,0
46345.jpg,1962,1990,28
46350.jpg,1962,1970,8
46355.jpg,1962,2000,38
46360.jpg,1962,1951,-11
46365.jpg,1962,1970,8
46370.jpg,1962,1965,3
46375.jpg,1962,1970,8
46380.jpg,1962,1960,-2
46385.jpg,1962,1965,3
46390.jpg,1962,1963,1
46395.jpg,1962,1930,-32
46400.jpg,1962,1990,28
46405.jpg,1962,1860,-102
46410.jpg,1962,2020,58
46415.jpg,1962,1900,-62
46420.jpg,1962,1960,-2
46425.jpg,1962,1970,8
46430.jpg,1962,1990,28
46435.jpg,1962,1837,-125
46440.jpg,1962,2010,48
46445.jpg,1962,2000,38
46450.jpg,1962,1975,13
46455.jpg,1962,1958,-4
46460.jpg,1962,1970,8
46465.jpg,1963,1950,-13
46470.jpg,1963,1976,13
46475.jpg,1963,1970,7
46480.jpg,1963,2000,37
46490.jpg,1963,2008,45
46495.jpg,1963,2020,57
46500.jpg,1963,2020,57
46505.jpg,1963,2010,47
46510.jpg,1963,1970,7
46515.jpg,1963,2010,47
46520.jpg,1963,1980,17
46525.jpg,1963,2014,51
46530.jpg,1963,1980,17
46535.jpg,1963,1965,2
46540.jpg,1963,1920,-43
46545.jpg,1963,1950,-13
46550.jpg,1963,1960,-3
46555.jpg,1963,2015,52
46560.jpg,1963,1961,-2
46565.jpg,1963,2005,42
46570.jpg,1963,2010,47
46575.jpg,1963,1950,-13
46580.jpg,1963,1970,7
46585.jpg,1963,1980,17
46590.jpg,1963,1920,-43
46595.jpg,1963,2000,37
46600.jpg,1963,1990,27
46605.jpg,1963,2020,57
46615.jpg,1963,1950,-13
46620.jpg,1963,1960,-3
46625.jpg,1963,2020,57
46630.jpg,1963,1950,-13
46635.jpg,1964,1960,-4
46640.jpg,1964,2011,47
46645.jpg,1964,2001,37
46650.jpg,1964,2023,59
46655.jpg,1964,1990,26
46660.jpg,1964,2008,44
46665.jpg,1964,1970,6
46670.jpg,1964,1970,6
46675.jpg,1964,2020,56
46680.jpg,1964,2000,36
46685.jpg,1964,2020,56
46690.jpg,1964,2000,36
46695.jpg,1964,1990,26
46700.jpg,1964,1960,-4
46705.jpg,1964,2000,36
46710.jpg,1964,1970,6
46715.jpg,1964,1970,6
46720.jpg,1964,1960,-4
46725.jpg,1964,1970,6
46730.jpg,1964,2000,36
46735.jpg,1964,2001,37
46740.jpg,1964,1964,0
46745.jpg,1964,1980,16
46750.jpg,1964,1970,6
46755.jpg,1964,1960,-4
46760.jpg,1964,1830,-134
46765.jpg,1964,2011,47
46770.jpg,1964,1920,-44
46775.jpg,1964,1920,-44
46780.jpg,1964,2000,36
46785.jpg,1964,1990,26
46790.jpg,1964,2000,36
46795.jpg,1964,1960,-4
46805.jpg,1964,1970,6
46810.jpg,1964,1970,6
46815.jpg,1964,2023,59
46820.jpg,1965,1975,10
46825.jpg,1965,2000,35
46830.jpg,1965,1997,32
46835.jpg,1965,2010,45
46840.jpg,1965,2023,58
46845.jpg,1965,2002,37
46850.jpg,1965,1980,15
46860.jpg,1965,2010,45
46865.jpg,1965,1970,5
46870.jpg,1965,2023,58
46875.jpg,1965,2000,35
46885.jpg,1965,1965,0
46890.jpg,1965,2010,45
46895.jpg,1965,1964,-1
46900.jpg,1965,2020,55
46905.jpg,1965,1930,-35
46910.jpg,1965,2007,42
46915.jpg,1965,2000,35
46920.jpg,1965,2000,35
46930.jpg,1965,2000,35
46935.jpg,1965,2000,35
46940.jpg,1965,1930,-35
46945.jpg,1965,2010,45
46950.jpg,1965,1990,25
46955.jpg,1965,2000,35
46960.jpg,1965,1990,25
46965.jpg,1965,2000,35
46970.jpg,1965,1962,-3
46990.jpg,1965,1975,10
46995.jpg,1965,1900,-65
47000.jpg,1965,1980,15
47005.jpg,1966,1967,1
47010.jpg,1966,2013,47
47015.jpg,1966,2000,34
47020.jpg,1966,1980,14
47025.jpg,1966,2010,44
47030.jpg,1966,2000,34
47035.jpg,1966,2010,44
47040.jpg,1966,2019,53
47050.jpg,1966,1960,-6
47055.jpg,1966,2000,34
47060.jpg,1966,2005,39
47065.jpg,1966,1940,-26
47070.jpg,1966,1909,-57
47075.jpg,1966,1960,-6
47080.jpg,1966,1970,4
47085.jpg,1966,1970,4
47090.jpg,1966,1970,4
47100.jpg,1966,2000,34
47105.jpg,1966,1970,4
47115.jpg,1966,2020,54
47120.jpg,1966,2020,54
47125.jpg,1966,1970,4
47130.jpg,1966,1950,-16
47135.jpg,1966,2007,41
47140.jpg,1966,1950,-16
47145.jpg,1966,1900,-66
47150.jpg,1966,1970,4
47155.jpg,1966,1900,-66
47170.jpg,1966,2000,34
47175.jpg,1966,2000,34
47180.jpg,1966,2010,44
47185.jpg,1966,1960,-6
47190.jpg,1966,1970,4
47195.jpg,1966,1960,-6
47200.jpg,1966,1980,14
47205.jpg,1966,1970,4
47210.jpg,1966,2000,34
47215.jpg,1966,1966,0
47220.jpg,1966,2016,50
47225.jpg,1967,1990,23
47230.jpg,1967,1950,-17
47235.jpg,1967,1895,-72
47240.jpg,1967,1970,3
47245.jpg,1967,2000,33
47255.jpg,1967,2006,39
47265.jpg,1967,2000,33
47270.jpg,1967,2010,43
47275.jpg,1967,2010,43
47280.jpg,1967,2000,33
47285.jpg,1967,1996,29
47290.jpg,1967,1970,3
47295.jpg,1967,1955,-12
47300.jpg,1967,2020,53
47305.jpg,1967,1830,-137
47310.jpg,1967,1970,3
47315.jpg,1967,1970,3
47320.jpg,1967,1970,3
47325.jpg,1967,1970,3
47330.jpg,1967,2001,34
47335.jpg,1967,2000,33
47340.jpg,1967,2021,54
47345.jpg,1967,1965,-2
47350.jpg,1967,1950,-17
47355.jpg,1967,1960,-7
47360.jpg,1967,1900,-67
47365.jpg,1967,2000,33
47370.jpg,1967,1860,-107
47375.jpg,1967,1930,-37
47380.jpg,1967,1970,3
47385.jpg,1967,2000,33
47395.jpg,1967,1970,3
47400.jpg,1967,2000,33
47405.jpg,1967,2005,38
47410.jpg,1967,2010,43
47420.jpg,1967,2000,33
47425.jpg,1967,2000,33
47430.jpg,1967,1981,14
47435.jpg,1967,1960,-7
47440.jpg,1967,1970,3
47445.jpg,1967,2000,33
47450.jpg,1968,1970,2
47455.jpg,1968,1970,2
47460.jpg,1968,1964,-4
47465.jpg,1968,2000,32
47470.jpg,1968,1970,2
47475.jpg,1968,1970,2
47480.jpg,1968,2014,46
47485.jpg,1968,1990,22
47490.jpg,1968,2012,44
47495.jpg,1968,1982,14
47500.jpg,1968,2000,32
47505.jpg,1968,2000,32
47515.jpg,1968,2000,32
47520.jpg,1968,1920,-48
47525.jpg,1968,2000,32
47530.jpg,1968,1970,2
47535.jpg,1968,1965,-3
47540.jpg,1968,1960,-8
47545.jpg,1968,1981,13
47550.jpg,1968,1970,2
47555.jpg,1968,1936,-32
47560.jpg,1968,1981,13
47565.jpg,1968,1970,2
47570.jpg,1968,1970,2
47575.jpg,1968,1890,-78
47580.jpg,1968,2001,33
47585.jpg,1968,1890,-78
47590.jpg,1968,2012,44
47595.jpg,1968,1980,12
47600.jpg,1968,1989,21
47610.jpg,1968,2005,37
47620.jpg,1968,1970,2
47625.jpg,1968,1960,-8
47630.jpg,1968,2000,32
47635.jpg,1968,1965,-3
47640.jpg,1968,1970,2
47645.jpg,1968,1970,2
47650.jpg,1969,1970,1
47655.jpg,1969,1974,5
47660.jpg,1969,1970,1
47665.jpg,1969,1990,21
47670.jpg,1969,1990,21
47675.jpg,1969,1990,21
47680.jpg,1969,2000,31
47685.jpg,1969,2010,41
47690.jpg,1969,1969,0
47695.jpg,1969,1990,21
47700.jpg,1969,2006,37
47710.jpg,1969,1970,1
47715.jpg,1969,1900,-69
47720.jpg,1969,1970,1
47730.jpg,1969,1950,-19
47735.jpg,1969,2000,31
47740.jpg,1969,2000,31
47745.jpg,1969,2000,31
47750.jpg,1969,2014,45
47755.jpg,1969,1910,-59
47760.jpg,1969,2000,31
47765.jpg,1969,2000,31
47770.jpg,1969,2010,41
47780.jpg,1969,2000,31
47785.jpg,1969,2000,31
47790.jpg,1969,1970,1
47795.jpg,1969,1970,1
47800.jpg,1969,1970,1
47805.jpg,1969,1940,-29
47810.jpg,1969,1966,-3
47815.jpg,1969,2001,32
47820.jpg,1969,2000,31
47825.jpg,1969,1965,-4
47830.jpg,1969,1975,6
47835.jpg,1970,1976,6
47840.jpg,1970,1980,10
47845.jpg,1970,2000,30
47850.jpg,1970,2000,30
47855.jpg,1970,1965,-5
47860.jpg,1970,2010,40
47865.jpg,1970,2000,30
47870.jpg,1970,1974,4
47875.jpg,1970,2010,40
47880.jpg,1970,2005,35
47890.jpg,1970,2015,45
47895.jpg,1970,1965,-5
47900.jpg,1970,1970,0
47905.jpg,1970,1970,0
47910.jpg,1970,1970,0
47915.jpg,1970,2007,37
47920.jpg,1970,1970,0
47925.jpg,1970,1970,0
47930.jpg,1970,1990,20
47935.jpg,1970,1980,10
47940.jpg,1970,1970,0
47945.jpg,1970,1800,-170
47950.jpg,1970,1990,20
47955.jpg,1970,1980,10
47960.jpg,1970,1975,5
47965.jpg,1970,2000,30
47970.jpg,1970,2000,30
47975.jpg,1970,1950,-20
47980.jpg,1970,1932,-38
47985.jpg,1970,1971,1
47990.jpg,1970,2021,51
47995.jpg,1970,2000,30
48000.jpg,1971,1970,-1
48005.jpg,1971,1990,19
48010.jpg,1971,2005,34
48020.jpg,1971,2020,49
48025.jpg,1971,1980,9
48030.jpg,1971,2020,49
48035.jpg,1971,1950,-21
48040.jpg,1971,2000,29
48045.jpg,1971,2006,35
48050.jpg,1971,2000,29
48065.jpg,1971,2000,29
48070.jpg,1971,1976,5
48075.jpg,1971,1970,-1
48080.jpg,1971,1970,-1
48085.jpg,1971,2000,29
48090.jpg,1971,2000,29
48095.jpg,1971,1950,-21
48100.jpg,1971,2020,49
48105.jpg,1971,2020,49
48110.jpg,1971,1990,19
48115.jpg,1971,1980,9
48120.jpg,1971,2000,29
48130.jpg,1971,1990,19
48135.jpg,1971,2000,29
48140.jpg,1971,2000,29
48145.jpg,1971,2000,29
48150.jpg,1971,1971,0
48155.jpg,1971,1976,5
48160.jpg,1971,1960,-11
48170.jpg,1971,1975,4
48175.jpg,1971,1970,-1
48180.jpg,1972,1970,-2
48185.jpg,1972,1970,-2
48190.jpg,1972,1970,-2
48195.jpg,1972,2014,42
48200.jpg,1972,1970,-2
48205.jpg,1972,2005,33
48215.jpg,1972,1950,-22
48220.jpg,1972,2000,28
48225.jpg,1972,2010,38
48230.jpg,1972,1979,7
48235.jpg,1972,2005,33
48240.jpg,1972,1976,4
48245.jpg,1972,2023,51
48250.jpg,1972,1990,18
48255.jpg,1972,2003,31
48260.jpg,1972,1970,-2
48265.jpg,1972,2013,41
48270.jpg,1972,2000,28
48275.jpg,1972,2000,28
48280.jpg,1972,1980,8
48285.jpg,1972,2000,28
48290.jpg,1972,1900,-72
48295.jpg,1972,1975,3
48300.jpg,1972,1975,3
48305.jpg,1972,2020,48
48310.jpg,1972,2001,29
48320.jpg,1972,1991,19
48325.jpg,1972,1970,-2
48330.jpg,1972,2000,28
48335.jpg,1972,1950,-22
48340.jpg,1972,2000,28
48345.jpg,1972,2000,28
48350.jpg,1972,1970,-2
48355.jpg,1972,1970,-2
48360.jpg,1973,2010,37
48365.jpg,1973,1980,7
48370.jpg,1973,1998,25
48375.jpg,1973,1990,17
48380.jpg,1973,1980,7
48385.jpg,1973,2010,37
48390.jpg,1973,1970,-3
48395.jpg,1973,1970,-3
48400.jpg,1973,1980,7
48405.jpg,1973,1975,2
48410.jpg,1973,2020,47
48415.jpg,1973,2020,47
48420.jpg,1973,2000,27
48425.jpg,1973,1970,-3
48430.jpg,1973,1970,-3
48435.jpg,1973,1970,-3
48440.jpg,1973,1970,-3
48445.jpg,1973,1980,7
48450.jpg,1973,2005,32
48455.jpg,1973,2000,27
48465.jpg,1973,2023,50
48475.jpg,1973,1970,-3
48480.jpg,1973,2000,27
48490.jpg,1973,2000,27
48495.jpg,1973,2000,27
48500.jpg,1973,1880,-93
48505.jpg,1973,1970,-3
48510.jpg,1973,2010,37
48515.jpg,1973,2023,50
48525.jpg,1973,1970,-3
48530.jpg,1974,1980,6
48535.jpg,1974,2000,26
48540.jpg,1974,2014,40
48545.jpg,1974,1996,22
48550.jpg,1974,2023,49
48555.jpg,1974,2018,44
48560.jpg,1974,2020,46
48565.jpg,1974,2004,30
48570.jpg,1974,2023,49
48575.jpg,1974,2000,26
48580.jpg,1974,2000,26
48585.jpg,1974,1965,-9
48590.jpg,1974,1975,1
48595.jpg,1974,1970,-4
48600.jpg,1974,1960,-14
48605.jpg,1974,2000,26
48610.jpg,1974,2005,31
48615.jpg,1974,2004,30
48620.jpg,1974,1970,-4
48625.jpg,1974,1955,-19
48630.jpg,1974,2000,26
48635.jpg,1974,2020,46
48640.jpg,1974,1980,6
48650.jpg,1974,2000,26
48670.jpg,1974,2010,36
48675.jpg,1974,2000,26
48680.jpg,1974,2000,26
48685.jpg,1974,1980,6
48690.jpg,1974,2000,26
48695.jpg,1974,1970,-4
48700.jpg,1974,2005,31
48705.jpg,1974,1977,3
48710.jpg,1974,2002,28
48715.jpg,1974,1973,-1
48720.jpg,1974,2006,32
48725.jpg,1974,1800,-174
48735.jpg,1975,2000,25
48740.jpg,1975,2000,25
48745.jpg,1975,1999,24
48750.jpg,1975,1970,-5
48755.jpg,1975,2013,38
48760.jpg,1975,1988,13
48765.jpg,1975,1990,15
48770.jpg,1975,2008,33
48775.jpg,1975,2000,25
48780.jpg,1975,2000,25
48785.jpg,1975,1990,15
48790.jpg,1975,2010,35
48795.jpg,1975,2010,35
48800.jpg,1975,1965,-10
48805.jpg,1975,2002,27
48810.jpg,1975,2020,45
48815.jpg,1975,2000,25
48820.jpg,1975,2006,31
48825.jpg,1975,1970,-5
48830.jpg,1975,1960,-15
48835.jpg,1975,2005,30
48840.jpg,1975,2010,35
48845.jpg,1975,2019,44
48850.jpg,1975,2005,30
48855.jpg,1975,2015,40
48860.jpg,1975,2010,35
48865.jpg,1975,1995,20
48870.jpg,1975,1990,15
48875.jpg,1975,1970,-5
48880.jpg,1975,2010,35
48885.jpg,1975,1965,-10
48890.jpg,1975,1992,17
48895.jpg,1975,2000,25
48900.jpg,1976,1900,-76
48905.jpg,1976,2000,24
48910.jpg,1976,1970,-6
48915.jpg,1976,2000,24
48920.jpg,1976,1976,0
48925.jpg,1976,2015,39
48930.jpg,1976,2016,40
48940.jpg,1976,2010,34
48945.jpg,1976,1981,5
48950.jpg,1976,2020,44
48955.jpg,1976,1975,-1
48960.jpg,1976,2000,24
48965.jpg,1976,1960,-16
48970.jpg,1976,1973,-3
48975.jpg,1976,2000,24
48985.jpg,1976,2001,25
48990.jpg,1976,1970,-6
49000.jpg,1976,1800,-176
49020.jpg,1976,1993,17
49030.jpg,1976,2000,24
49035.jpg,1976,2000,24
49040.jpg,1976,2000,24
49045.jpg,1976,1990,14
49050.jpg,1976,1990,14
49060.jpg,1976,1965,-11
49065.jpg,1976,2023,47
49070.jpg,1976,1980,4
49075.jpg,1976,1990,14
49080.jpg,1976,1980,4
49085.jpg,1976,2000,24
49090.jpg,1976,2010,34
49095.jpg,1977,1974,-3
49100.jpg,1977,1890,-87
49105.jpg,1977,1971,-6
49110.jpg,1977,2010,33
49115.jpg,1977,2000,23
49120.jpg,1977,2000,23
49125.jpg,1977,2000,23
49130.jpg,1977,2000,23
49135.jpg,1977,2008,31
49140.jpg,1977,1975,-2
49145.jpg,1977,2005,28
49150.jpg,1977,1975,-2
49155.jpg,1977,1970,-7
49160.jpg,1977,2004,27
49165.jpg,1977,1990,13
49170.jpg,1977,1990,13
49175.jpg,1977,1900,-77
49180.jpg,1977,1970,-7
49185.jpg,1977,2003,26
49190.jpg,1977,2023,46
49195.jpg,1977,2000,23
49205.jpg,1977,2010,33
49210.jpg,1977,2000,23
49215.jpg,1977,1990,13
49220.jpg,1977,2000,23
49225.jpg,1977,1975,-2
49230.jpg,1977,1980,3
49235.jpg,1977,1977,0
49240.jpg,1977,1990,13
49250.jpg,1977,2000,23
49255.jpg,1977,1970,-7
49260.jpg,1978,1975,-3
49265.jpg,1978,1990,12
49270.jpg,1978,1970,-8
49280.jpg,1978,2004,26
49285.jpg,1978,1960,-18
49290.jpg,1978,1900,-78
49295.jpg,1978,2015,37
49305.jpg,1978,2000,22
49310.jpg,1978,2010,32
49315.jpg,1978,2000,22
49320.jpg,1978,1993,15
49325.jpg,1978,1990,12
49330.jpg,1978,2020,42
49335.jpg,1978,2000,22
49340.jpg,1978,1910,-68
49345.jpg,1978,2000,22
49350.jpg,1978,1990,12
49355.jpg,1978,2010,32
49360.jpg,1978,2000,22
49365.jpg,1978,2010,32
49370.jpg,1978,1980,2
49375.jpg,1978,1990,12
49385.jpg,1978,2010,32
49390.jpg,1978,2000,22
49395.jpg,1978,1969,-9
49400.jpg,1978,1970,-8
49405.jpg,1979,1965,-14
49410.jpg,1979,1990,11
49415.jpg,1979,1984,5
49420.jpg,1979,1980,1
49425.jpg,1979,2006,27
49430.jpg,1979,2015,36
49435.jpg,1979,2000,21
49440.jpg,1979,1970,-9
49445.jpg,1979,1990,11
49450.jpg,1979,1990,11
49455.jpg,1979,1970,-9
49460.jpg,1979,1995,16
49465.jpg,1979,1860,-119
49470.jpg,1979,2000,21
49475.jpg,1979,1967,-12
49480.jpg,1979,1900,-79
49485.jpg,1979,1930,-49
49490.jpg,1979,2000,21
49495.jpg,1979,1800,-179
49500.jpg,1979,2010,31
49505.jpg,1979,2000,21
49510.jpg,1979,1970,-9
49515.jpg,1979,1981,2
49525.jpg,1979,2020,41
49530.jpg,1979,1980,1
49535.jpg,1979,1980,1
49540.jpg,1979,2000,21
49545.jpg,1979,2000,21
49550.jpg,1979,2000,21
49555.jpg,1979,2000,21
49560.jpg,1979,1980,1
49565.jpg,1980,1974,-6
49570.jpg,1980,1890,-90
49585.jpg,1980,1970,-10
49590.jpg,1980,1987,7
49595.jpg,1980,1970,-10
49600.jpg,1980,1970,-10
49605.jpg,1980,1930,-50
49610.jpg,1980,2001,21
49615.jpg,1980,2005,25
49620.jpg,1980,1970,-10
49625.jpg,1980,2010,30
49630.jpg,1980,2005,25
49635.jpg,1980,2000,20
49640.jpg,1980,2000,20
49645.jpg,1980,2002,22
49650.jpg,1980,2015,35
49655.jpg,1980,1970,-10
49660.jpg,1980,2000,20
49665.jpg,1980,2000,20
49675.jpg,1980,2000,20
49680.jpg,1980,2020,40
49685.jpg,1980,2000,20
49690.jpg,1980,2000,20
49695.jpg,1980,2010,30
49700.jpg,1980,1999,19
49705.jpg,1980,2000,20
49710.jpg,1981,2011,30
49715.jpg,1981,2010,29
49720.jpg,1981,2010,29
49725.jpg,1981,1980,-1
49735.jpg,1981,2007,26
49740.jpg,1981,1970,-11
49745.jpg,1981,2000,19
49750.jpg,1981,2010,29
49755.jpg,1981,1980,-1
49760.jpg,1981,2000,19
49770.jpg,1981,1973,-8
49775.jpg,1981,2010,29
49780.jpg,1981,1991,10
49785.jpg,1981,1980,-1
49790.jpg,1981,2000,19
49795.jpg,1981,1990,9
49800.jpg,1981,2000,19
49805.jpg,1981,2000,19
49810.jpg,1981,2000,19
49815.jpg,1981,2000,19
49820.jpg,1981,1850,-131
49825.jpg,1981,2000,19
49830.jpg,1981,1990,9
49835.jpg,1981,2000,19
49840.jpg,1981,1880,-101
49845.jpg,1981,1992,11
49850.jpg,1981,2010,29
49860.jpg,1981,1990,9
49865.jpg,1981,2017,36
49875.jpg,1981,2000,19
49880.jpg,1981,2010,29
49885.jpg,1981,2005,24
49890.jpg,1981,1980,-1
49895.jpg,1981,1970,-11
49900.jpg,1981,2000,19
49905.jpg,1981,2004,23
49910.jpg,1981,2023,42
49915.jpg,1981,1980,-1
49920.jpg,1982,2010,28
49925.jpg,1982,2023,41
49930.jpg,1982,2020,38
49935.jpg,1982,2010,28
49940.jpg,1982,1998,16
49945.jpg,1982,1998,16
49950.jpg,1982,2011,29
49955.jpg,1982,2010,28
49960.jpg,1982,1990,8
49965.jpg,1982,2000,18
49975.jpg,1982,2013,31
49980.jpg,1982,2020,38
49985.jpg,1982,2004,22
49990.jpg,1982,1985,3
49995.jpg,1982,1980,-2
50000.jpg,1982,2000,18
50005.jpg,1982,2010,28
50010.jpg,1982,1987,5
50015.jpg,1982,2000,18
50020.jpg,1982,2000,18
50025.jpg,1982,1990,8
50030.jpg,1982,2000,18
50035.jpg,1982,1982,0
50040.jpg,1982,1982,0
50045.jpg,1982,1990,8
50050.jpg,1982,1970,-12
50055.jpg,1982,1980,-2
50060.jpg,1982,2000,18
50065.jpg,1982,1900,-82
50070.jpg,1982,2020,38
50075.jpg,1982,1970,-12
50080.jpg,1982,1900,-82
50095.jpg,1982,1920,-62
50100.jpg,1982,1700,-282
50105.jpg,1982,1991,9
50110.jpg,1982,1890,-92
50115.jpg,1982,2000,18
50120.jpg,1982,2000,18
50145.jpg,1982,1970,-12
50150.jpg,1982,1980,-2
50155.jpg,1982,1982,0
50160.jpg,1983,1750,-233
50165.jpg,1983,1980,-3
50170.jpg,1983,2023,40
50175.jpg,1983,1953,-30
50185.jpg,1983,1950,-33
50190.jpg,1983,2005,22
50195.jpg,1983,1997,14
50200.jpg,1983,1983,0
50205.jpg,1983,2000,17
50210.jpg,1983,2000,17
50220.jpg,1983,2000,17
50225.jpg,1983,2000,17
50230.jpg,1983,1983,0
50235.jpg,1983,2010,27
50240.jpg,1983,2004,21
50245.jpg,1983,1991,8
50250.jpg,1983,1990,7
50255.jpg,1983,1983,0
50260.jpg,1983,1983,0
50270.jpg,1983,1970,-13
50275.jpg,1983,1970,-13
50280.jpg,1983,2020,37
50285.jpg,1983,2010,27
50290.jpg,1983,2000,17
50295.jpg,1983,1980,-3
50300.jpg,1983,2000,17
50305.jpg,1983,1988,5
50310.jpg,1983,1955,-28
50315.jpg,1983,1890,-93
50320.jpg,1983,2000,17
50325.jpg,1983,1900,-83
50330.jpg,1983,1989,6
50335.jpg,1983,2000,17
50340.jpg,1983,2005,22
50345.jpg,1983,1980,-3
50350.jpg,1983,1990,7
50355.jpg,1983,2000,17
50360.jpg,1983,2000,17
50365.jpg,1983,1983,0
50370.jpg,1983,1987,4
50375.jpg,1983,1970,-13
50380.jpg,1983,2007,24
50385.jpg,1983,2007,24
50390.jpg,1984,1985,1
50395.jpg,1984,2007,23
50400.jpg,1984,2000,16
50405.jpg,1984,2000,16
50410.jpg,1984,2000,16
50415.jpg,1984,2000,16
50420.jpg,1984,2000,16
50425.jpg,1984,2015,31
50430.jpg,1984,2000,16
50435.jpg,1984,2000,16
50440.jpg,1984,1985,1
50445.jpg,1984,1990,6
50450.jpg,1984,2000,16
50455.jpg,1984,2003,19
50465.jpg,1984,2000,16
50470.jpg,1984,1985,1
50475.jpg,1984,2005,21
50480.jpg,1984,1989,5
50485.jpg,1984,1980,-4
50490.jpg,1984,2007,23
50495.jpg,1984,1100,-884
50500.jpg,1984,2000,16
50505.jpg,1984,2000,16
50515.jpg,1984,2020,36
50520.jpg,1984,2005,21
50525.jpg,1984,1998,14
50530.jpg,1984,1900,-84
50535.jpg,1984,2000,16
50540.jpg,1984,1990,6
50545.jpg,1984,2000,16
50550.jpg,1984,2010,26
50555.jpg,1984,2000,16
50560.jpg,1984,1970,-14
50565.jpg,1984,1990,6
50570.jpg,1984,1980,-4
50575.jpg,1984,2010,26
50580.jpg,1985,1800,-185
50585.jpg,1985,2002,17
50595.jpg,1985,1990,5
50600.jpg,1985,2000,15
50605.jpg,1985,2015,30
50610.jpg,1985,2023,38
50615.jpg,1985,2000,15
50620.jpg,1985,2004,19
50630.jpg,1985,2007,22
50635.jpg,1985,1985,0
50640.jpg,1985,2005,20
50645.jpg,1985,1990,5
50650.jpg,1985,2020,35
50655.jpg,1985,2000,15
50660.jpg,1985,2004,19
50665.jpg,1985,1990,5
50670.jpg,1985,1990,5
50675.jpg,1985,1990,5
50680.jpg,1985,1980,-5
50685.jpg,1985,1970,-15
50690.jpg,1985,2010,25
50695.jpg,1985,1985,0
50700.jpg,1985,1972,-13
50705.jpg,1985,2000,15
50710.jpg,1985,1900,-85
50715.jpg,1985,1990,5
50720.jpg,1985,1890,-95
50730.jpg,1985,1980,-5
50735.jpg,1985,2003,18
50740.jpg,1985,2020,35
50745.jpg,1985,2000,15
50750.jpg,1985,2000,15
50755.jpg,1985,2012,27
50760.jpg,1985,2020,35
50765.jpg,1985,2000,15
50770.jpg,1985,2020,35
50775.jpg,1985,1980,-5
50780.jpg,1986,2003,17
50785.jpg,1986,1970,-16
50790.jpg,1986,2000,14
50795.jpg,1986,1990,4
50800.jpg,1986,2004,18
50805.jpg,1986,2000,14
50810.jpg,1986,2000,14
50815.jpg,1986,2000,14
50820.jpg,1986,2000,14
50830.jpg,1986,2000,14
50835.jpg,1986,2000,14
50840.jpg,1986,1996,10
50845.jpg,1986,2010,24
50850.jpg,1986,1990,4
50855.jpg,1986,2016,30
50860.jpg,1986,1999,13
50865.jpg,1986,1890,-96
50870.jpg,1986,2000,14
50885.jpg,1986,1990,4
50890.jpg,1986,1980,-6
50895.jpg,1986,2020,34
50900.jpg,1986,1910,-76
50905.jpg,1986,2003,17
50910.jpg,1986,1990,4
50915.jpg,1986,1990,4
50920.jpg,1986,1940,-46
50925.jpg,1986,1770,-216
50930.jpg,1986,2000,14
50935.jpg,1986,1980,-6
50940.jpg,1986,1910,-76
50945.jpg,1986,1990,4
50950.jpg,1986,2000,14
50955.jpg,1986,2010,24
50960.jpg,1986,1995,9
50965.jpg,1986,1990,4
50970.jpg,1986,2000,14
50975.jpg,1986,2004,18
50980.jpg,1986,2000,14
50985.jpg,1986,2000,14
50990.jpg,1987,1850,-137
50995.jpg,1987,1991,4
51000.jpg,1987,2000,13
51010.jpg,1987,2000,13
51015.jpg,1987,2000,13
51020.jpg,1987,1990,3
51025.jpg,1987,2000,13
51030.jpg,1987,2000,13
51035.jpg,1987,2016,29
51040.jpg,1987,2000,13
51045.jpg,1987,2000,13
51050.jpg,1987,2003,16
51055.jpg,1987,2000,13
51060.jpg,1987,1985,-2
51065.jpg,1987,2004,17
51070.jpg,1987,2007,20
51075.jpg,1987,1983,-4
51080.jpg,1987,2004,17
51085.jpg,1987,1985,-2
51090.jpg,1987,2000,13
51095.jpg,1987,2000,13
51100.jpg,1987,2000,13
51105.jpg,1987,2000,13
51110.jpg,1987,2008,21
51115.jpg,1987,2000,13
51120.jpg,1987,2000,13
51125.jpg,1987,1900,-87
51130.jpg,1987,1900,-87
51135.jpg,1987,1993,6
51140.jpg,1987,2000,13
51145.jpg,1987,1980,-7
51155.jpg,1987,2001,14
51165.jpg,1987,2000,13
51170.jpg,1987,1920,-67
51175.jpg,1987,2014,27
51180.jpg,1987,2014,27
51200.jpg,1988,2000,12
51205.jpg,1988,2000,12
51210.jpg,1988,1990,2
51215.jpg,1988,2010,22
51220.jpg,1988,2010,22
51225.jpg,1988,2000,12
51240.jpg,1988,2000,12
51245.jpg,1988,1988,0
51250.jpg,1988,2000,12
51255.jpg,1988,2004,16
51260.jpg,1988,1980,-8
51265.jpg,1988,2000,12
51270.jpg,1988,2000,12
51275.jpg,1988,1980,-8
51280.jpg,1988,2000,12
51285.jpg,1988,1990,2
51290.jpg,1988,2003,15
51295.jpg,1988,1989,1
51300.jpg,1988,2000,12
51305.jpg,1988,1970,-18
51310.jpg,1988,2000,12
51315.jpg,1988,2000,12
51320.jpg,1988,1901,-87
51330.jpg,1988,2000,12
51335.jpg,1988,1893,-95
51340.jpg,1988,1990,2
51345.jpg,1988,1900,-88
51350.jpg,1988,1920,-68
51355.jpg,1988,2000,12
51360.jpg,1988,1998,10
51365.jpg,1988,2000,12
51370.jpg,1988,1990,2
51375.jpg,1988,1990,2
51380.jpg,1988,2010,22
51385.jpg,1988,1974,-14
51390.jpg,1988,2000,12
51395.jpg,1988,1980,-8
51400.jpg,1988,1990,2
51405.jpg,1988,1980,-8
51410.jpg,1989,1989,0
51415.jpg,1989,1993,4
51420.jpg,1989,1970,-19
51425.jpg,1989,2021,32
51430.jpg,1989,2018,29
51435.jpg,1989,2010,21
51440.jpg,1989,2003,14
51445.jpg,1989,1995,6
51455.jpg,1989,1990,1
51460.jpg,1989,1980,-9
51470.jpg,1989,2010,21
51475.jpg,1989,2002,13
51480.jpg,1989,2000,11
51485.jpg,1989,2000,11
51490.jpg,1989,2001,12
51495.jpg,1989,2000,11
51500.jpg,1989,1980,-9
51505.jpg,1989,2000,11
51510.jpg,1989,2000,11
51515.jpg,1989,2000,11
51520.jpg,1989,2000,11
51525.jpg,1989,1900,-89
51530.jpg,1989,2000,11
51535.jpg,1989,2007,18
51540.jpg,1989,2000,11
51545.jpg,1989,1934,-55
51550.jpg,1989,1920,-69
51555.jpg,1989,2005,16
51560.jpg,1989,2000,11
51565.jpg,1989,2000,11
51575.jpg,1989,1995,6
51580.jpg,1989,1500,-489
51585.jpg,1989,2000,11
51590.jpg,1989,1989,0
51595.jpg,1989,2000,11
51600.jpg,1989,2000,11
51605.jpg,1990,1890,-100
51610.jpg,1990,2000,10
51615.jpg,1990,1994,4
51620.jpg,1990,2010,20
51625.jpg,1990,1990,0
51630.jpg,1990,2000,10
51635.jpg,1990,1975,-15
51640.jpg,1990,2000,10
51645.jpg,1990,1992,2
51650.jpg,1990,1998,8
51655.jpg,1990,1990,0
51660.jpg,1990,2000,10
51670.jpg,1990,1992,2
51675.jpg,1990,2000,10
51680.jpg,1990,2000,10
51685.jpg,1990,2000,10
51690.jpg,1990,2000,10
51695.jpg,1990,1993,3
51700.jpg,1990,2000,10
51705.jpg,1990,2000,10
51710.jpg,1990,1992,2
51715.jpg,1990,1970,-20
51720.jpg,1990,2004,14
51725.jpg,1990,1997,7
51730.jpg,1990,2008,18
51735.jpg,1990,1990,0
51740.jpg,1990,2020,30
51745.jpg,1990,1996,6
51755.jpg,1990,1985,-5
51760.jpg,1990,1920,-70
51765.jpg,1990,1900,-90
51770.jpg,1990,2000,10
51775.jpg,1990,2000,10
51780.jpg,1990,2000,10
51785.jpg,1990,2000,10
51795.jpg,1990,2023,33
51805.jpg,1990,2000,10
51810.jpg,1990,2016,26
51815.jpg,1990,2012,22
51820.jpg,1990,1990,0
51825.jpg,1990,2000,10
51830.jpg,1990,2010,20
51840.jpg,1991,1900,-91
51845.jpg,1991,2004,13
51850.jpg,1991,2008,17
51860.jpg,1991,2000,9
51865.jpg,1991,2000,9
51870.jpg,1991,2006,15
51875.jpg,1991,2000,9
51885.jpg,1991,2000,9
51890.jpg,1991,1977,-14
51895.jpg,1991,2000,9
51905.jpg,1991,2004,13
51910.jpg,1991,1997,6
51920.jpg,1991,2010,19
51925.jpg,1991,2010,19
51930.jpg,1991,2002,11
51935.jpg,1991,2000,9
51940.jpg,1991,2003,12
51945.jpg,1991,2000,9
51950.jpg,1991,1990,-1
51955.jpg,1991,1995,4
51960.jpg,1991,2010,19
51965.jpg,1991,1970,-21
51970.jpg,1991,2000,9
51975.jpg,1991,2005,14
51980.jpg,1991,2000,9
51985.jpg,1991,1923,-68
51990.jpg,1991,2020,29
51995.jpg,1991,1990,-1
52000.jpg,1991,1950,-41
52015.jpg,1991,2000,9
52020.jpg,1991,1990,-1
52025.jpg,1991,2000,9
52035.jpg,1991,1990,-1
52040.jpg,1991,2000,9
52045.jpg,1991,2013,22
52060.jpg,1991,1983,-8
52065.jpg,1992,2000,8
52070.jpg,1992,2013,21
52075.jpg,1992,2015,23
52080.jpg,1992,1992,0
52085.jpg,1992,2000,8
52090.jpg,1992,2000,8
52095.jpg,1992,1988,-4
52100.jpg,1992,2000,8
52105.jpg,1992,2000,8
52110.jpg,1992,2010,18
52115.jpg,1992,2000,8
52120.jpg,1992,2000,8
52125.jpg,1992,2000,8
52130.jpg,1992,2009,17
52135.jpg,1992,1992,0
52140.jpg,1992,2004,12
52145.jpg,1992,2001,9
52150.jpg,1992,2000,8
52155.jpg,1992,2000,8
52160.jpg,1992,2004,12
52165.jpg,1992,1992,0
52170.jpg,1992,1987,-5
52175.jpg,1992,2000,8
52180.jpg,1992,1990,-2
52185.jpg,1992,2010,18
52190.jpg,1992,2008,16
52195.jpg,1992,2000,8
52200.jpg,1992,2012,20
52205.jpg,1992,2000,8
52210.jpg,1992,1950,-42
52215.jpg,1992,2000,8
52220.jpg,1992,2000,8
52225.jpg,1992,1900,-92
52230.jpg,1992,1800,-192
52235.jpg,1992,1900,-92
52240.jpg,1992,2000,8
52245.jpg,1992,1990,-2
52250.jpg,1992,2000,8
52260.jpg,1992,2000,8
52270.jpg,1993,2002,9
52275.jpg,1993,2009,16
52280.jpg,1993,2000,7
52285.jpg,1993,2000,7
52290.jpg,1993,2000,7
52300.jpg,1993,2000,7
52305.jpg,1993,1994,1
52310.jpg,1993,2013,20
52315.jpg,1993,1995,2
52320.jpg,1993,2000,7
52325.jpg,1993,1990,-3
52335.jpg,1993,2000,7
52340.jpg,1993,2000,7
52345.jpg,1993,2006,13
52350.jpg,1993,2000,7
52355.jpg,1993,2000,7
52360.jpg,1993,1993,0
52365.jpg,1993,1997,4
52370.jpg,1993,2005,12
52375.jpg,1993,2000,7
52380.jpg,1993,1993,0
52385.jpg,1993,1993,0
52390.jpg,1993,2006,13
52395.jpg,1993,1970,-23
52400.jpg,1993,2000,7
52405.jpg,1993,2010,17
52410.jpg,1993,2010,17
52415.jpg,1993,2001,8
52420.jpg,1993,2020,27
52425.jpg,1993,1890,-103
52430.jpg,1993,2010,17
52435.jpg,1993,2000,7
52440.jpg,1993,2009,16
52445.jpg,1993,2000,7
52450.jpg,1993,1900,-93
52455.jpg,1993,2006,13
52460.jpg,1993,1997,4
52465.jpg,1993,1975,-18
52475.jpg,1994,2007,13
52480.jpg,1994,2010,16
52485.jpg,1994,2005,11
52490.jpg,1994,1975,-19
52495.jpg,1994,1998,4
52505.jpg,1994,2001,7
52510.jpg,1994,1994,0
52515.jpg,1994,2000,6
52525.jpg,1994,2016,22
52530.jpg,1994,2000,6
52535.jpg,1994,2002,8
52540.jpg,1994,1994,0
52545.jpg,1994,2003,9
52550.jpg,1994,2000,6
52555.jpg,1994,2000,6
52560.jpg,1994,1920,-74
52570.jpg,1994,2000,6
52575.jpg,1994,2007,13
52580.jpg,1994,2010,16
52585.jpg,1994,2001,7
52590.jpg,1994,2001,7
52595.jpg,1994,1910,-84
52600.jpg,1994,1993,-1
52605.jpg,1994,1890,-104
52610.jpg,1994,2002,8
52615.jpg,1994,1881,-113
52620.jpg,1994,2015,21
52625.jpg,1994,2000,6
52630.jpg,1994,2020,26
52635.jpg,1994,2000,6
52640.jpg,1994,2000,6
52645.jpg,1994,2000,6
52650.jpg,1995,2013,18
52655.jpg,1995,2020,25
52660.jpg,1995,2011,16
52665.jpg,1995,1995,0
52670.jpg,1995,1995,0
52675.jpg,1995,1975,-20
52680.jpg,1995,2000,5
52685.jpg,1995,1995,0
52690.jpg,1995,2000,5
52695.jpg,1995,1997,2
52700.jpg,1995,2003,8
52705.jpg,1995,1914,-81
52710.jpg,1995,2008,13
52715.jpg,1995,2003,8
52720.jpg,1995,2005,10
52725.jpg,1995,2000,5
52730.jpg,1995,2000,5
52735.jpg,1995,2008,13
52740.jpg,1995,2000,5
52745.jpg,1995,2008,13
52750.jpg,1995,2000,5
52755.jpg,1995,2000,5
52760.jpg,1995,2010,15
52765.jpg,1995,2000,5
52770.jpg,1995,2005,10
52775.jpg,1995,2000,5
52785.jpg,1995,2010,15
52790.jpg,1995,1900,-95
52795.jpg,1995,2003,8
52800.jpg,1995,1900,-95
52805.jpg,1995,2001,6
52810.jpg,1995,2017,22
52815.jpg,1995,2000,5
52820.jpg,1995,1998,3
52825.jpg,1995,2000,5
52830.jpg,1995,2000,5
52835.jpg,1995,2000,5
52840.jpg,1995,1900,-95
52845.jpg,1996,2009,13
52850.jpg,1996,2009,13
52855.jpg,1996,2010,14
52860.jpg,1996,2020,24
52865.jpg,1996,2020,24
52870.jpg,1996,2005,9
52875.jpg,1996,1980,-16
52880.jpg,1996,1970,-26
52885.jpg,1996,2000,4
52890.jpg,1996,2000,4
52895.jpg,1996,2018,22
52900.jpg,1996,2000,4
52905.jpg,1996,1993,-3
52910.jpg,1996,1991,-5
52915.jpg,1996,2000,4
52920.jpg,1996,2000,4
52925.jpg,1996,2000,4
52935.jpg,1996,2010,14
52940.jpg,1996,1996,0
52945.jpg,1996,2000,4
52950.jpg,1996,2000,4
52955.jpg,1996,2010,14
52960.jpg,1996,2000,4
52965.jpg,1996,2010,14
52970.jpg,1996,2000,4
52980.jpg,1996,2007,11
52985.jpg,1997,1800,-197
52990.jpg,1997,2000,3
52995.jpg,1997,1960,-37
53000.jpg,1997,2000,3
53005.jpg,1997,2000,3
53010.jpg,1997,2005,8
53015.jpg,1997,2001,4
53020.jpg,1997,2010,13
53025.jpg,1997,2002,5
53030.jpg,1997,2010,13
53035.jpg,1997,2000,3
53040.jpg,1997,2020,23
53045.jpg,1997,2013,16
53050.jpg,1997,2004,7
53055.jpg,1997,2003,6
53060.jpg,1997,2002,5
53065.jpg,1997,1990,-7
53070.jpg,1997,2000,3
53075.jpg,1997,2004,7
53080.jpg,1997,2000,3
53085.jpg,1997,2010,13
53090.jpg,1997,1900,-97
53095.jpg,1997,2000,3
53100.jpg,1997,2012,15
53105.jpg,1997,2000,3
53110.jpg,1997,2010,13
53115.jpg,1997,1998,1
53120.jpg,1997,2004,7
53125.jpg,1997,2010,13
53130.jpg,1997,1950,-47
53135.jpg,1997,2000,3
53140.jpg,1997,2016,19
53145.jpg,1997,2000,3
53150.jpg,1997,2010,13
53155.jpg,1997,1763,-234
53165.jpg,1997,1997,0
53170.jpg,1997,2010,13
53175.jpg,1997,2000,3
53180.jpg,1997,2000,3
53185.jpg,1997,2000,3
53190.jpg,1997,1990,-7
53195.jpg,1997,1597,-400
53200.jpg,1997,2000,3
53205.jpg,1997,2000,3
53210.jpg,1997,1998,1
53215.jpg,1997,2000,3
53220.jpg,1997,2000,3
53225.jpg,1997,2012,15
53230.jpg,1997,1993,-4
53235.jpg,1998,1910,-88
53240.jpg,1998,1990,-8
53245.jpg,1998,1970,-28
53250.jpg,1998,2000,2
53255.jpg,1998,1990,-8
53260.jpg,1998,1999,1
53265.jpg,1998,1950,-48
53270.jpg,1998,2014,16
53275.jpg,1998,2015,17
53280.jpg,1998,2001,3
53285.jpg,1998,2015,17
53290.jpg,1998,2000,2
53300.jpg,1998,2000,2
53305.jpg,1998,1995,-3
53310.jpg,1998,1996,-2
53315.jpg,1998,1998,0
53325.jpg,1998,2003,5
53330.jpg,1998,2010,12
53335.jpg,1998,2000,2
53340.jpg,1998,2004,6
53345.jpg,1998,1984,-14
53350.jpg,1998,2000,2
53355.jpg,1998,2000,2
53365.jpg,1998,2002,4
53370.jpg,1998,2015,17
53375.jpg,1998,2000,2
53380.jpg,1998,2000,2
53385.jpg,1998,1780,-218
53390.jpg,1998,1830,-168
53395.jpg,1998,2005,7
53400.jpg,1998,1950,-48
53405.jpg,1998,2010,12
53410.jpg,1998,2001,3
53415.jpg,1998,2000,2
53420.jpg,1998,2000,2
53425.jpg,1998,1998,0
53435.jpg,1998,2000,2
53440.jpg,1998,2000,2
53445.jpg,1998,2015,17
53450.jpg,1998,2000,2
53455.jpg,1999,1700,-299
53460.jpg,1999,2000,1
53465.jpg,1999,2014,15
53470.jpg,1999,2000,1
53475.jpg,1999,2000,1
53480.jpg,1999,2012,13
53485.jpg,1999,2010,11
53490.jpg,1999,2000,1
53495.jpg,1999,2008,9
53505.jpg,1999,2000,1
53510.jpg,1999,2000,1
53515.jpg,1999,2010,11
53520.jpg,1999,2006,7
53525.jpg,1999,2012,13
53530.jpg,1999,2000,1
53535.jpg,1999,2000,1
53540.jpg,1999,1995,-4
53545.jpg,1999,2004,5
53550.jpg,1999,2016,17
53555.jpg,1999,1999,0
53560.jpg,1999,2012,13
53565.jpg,1999,2005,6
53570.jpg,1999,2000,1
53575.jpg,1999,2000,1
53580.jpg,1999,2000,1
53585.jpg,1999,2000,1
53590.jpg,1999,2000,1
53595.jpg,1999,2000,1
53600.jpg,1999,2000,1
53605.jpg,1999,2005,6
53610.jpg,1999,2002,3
53615.jpg,1999,2000,1
53620.jpg,1999,2000,1
53625.jpg,1999,2000,1
53630.jpg,1999,1996,-3
53635.jpg,1999,2000,1
53650.jpg,1999,2000,1
53655.jpg,1999,2000,1
53660.jpg,1999,2010,11
53665.jpg,1999,2000,1
53670.jpg,1999,2000,1
53675.jpg,1999,2000,1
53680.jpg,1999,2005,6
53685.jpg,1999,1950,-49
53690.jpg,2000,2000,0
53700.jpg,2000,2003,3
53705.jpg,2000,2000,0
53710.jpg,2000,2012,12
53715.jpg,2000,2010,10
53720.jpg,2000,2000,0
53725.jpg,2000,2000,0
53730.jpg,2000,2000,0
53735.jpg,2000,2019,19
53740.jpg,2000,2000,0
53745.jpg,2000,2000,0
53755.jpg,2000,2000,0
53760.jpg,2000,2000,0
53765.jpg,2000,2006,6
53770.jpg,2000,2003,3
53775.jpg,2000,2000,0
53780.jpg,2000,2000,0
53785.jpg,2000,2004,4
53790.jpg,2000,2000,0
53795.jpg,2000,2000,0
53800.jpg,2000,2005,5
53805.jpg,2000,2000,0
53810.jpg,2000,2000,0
53815.jpg,2000,2005,5
53820.jpg,2000,2000,0
53830.jpg,2000,2020,20
53835.jpg,2000,2000,0
53840.jpg,2000,2002,2
53845.jpg,2000,2010,10
53850.jpg,2000,1910,-90
53855.jpg,2000,2000,0
53860.jpg,2000,2000,0
53865.jpg,2000,2000,0
53870.jpg,2000,2000,0
53875.jpg,2000,2000,0
53880.jpg,2000,2000,0
53885.jpg,2000,2000,0
53890.jpg,2000,2000,0
53895.jpg,2000,2000,0
53905.jpg,2001,2000,-1
53910.jpg,2001,2001,0
53915.jpg,2001,2001,0
53920.jpg,2001,2000,-1
53925.jpg,2001,2020,19
53930.jpg,2001,2010,9
53935.jpg,2001,2000,-1
53940.jpg,2001,2005,4
53945.jpg,2001,2000,-1
53950.jpg,2001,2023,22
53955.jpg,2001,2008,7
53960.jpg,2001,2008,7
53965.jpg,2001,2010,9
53970.jpg,2001,2005,4
53975.jpg,2001,2010,9
53980.jpg,2001,2000,-1
53985.jpg,2001,2000,-1
53990.jpg,2001,2000,-1
53995.jpg,2001,1900,-101
54000.jpg,2001,2000,-1
54005.jpg,2001,1989,-12
54010.jpg,2001,2000,-1
54015.jpg,2001,2000,-1
54020.jpg,2001,2000,-1
54025.jpg,2001,1999,-2
54030.jpg,2001,2004,3
54035.jpg,2001,2020,19
54040.jpg,2001,2008,7
54045.jpg,2001,2000,-1
54050.jpg,2001,2000,-1
54055.jpg,2001,2009,8
54060.jpg,2001,2000,-1
54065.jpg,2001,1980,-21
54070.jpg,2001,2004,3
54075.jpg,2001,2015,14
54085.jpg,2001,2000,-1
54090.jpg,2001,2000,-1
54095.jpg,2001,2000,-1
54100.jpg,2001,2000,-1
54105.jpg,2001,2001,0
54110.jpg,2001,2010,9
54120.jpg,2001,2000,-1
54125.jpg,2001,2005,4
54130.jpg,2001,2006,5
54135.jpg,2001,2000,-1
54140.jpg,2001,2015,14
54145.jpg,2001,1950,-51
54150.jpg,2001,2000,-1
54155.jpg,2001,1900,-101
54160.jpg,2001,2005,4
54165.jpg,2001,2000,-1
54170.jpg,2001,2000,-1
54180.jpg,2002,1950,-52
54185.jpg,2002,2001,-1
54190.jpg,2002,2002,0
54195.jpg,2002,2020,18
54200.jpg,2002,1990,-12
54205.jpg,2002,2010,8
54210.jpg,2002,2001,-1
54215.jpg,2002,2002,0
54220.jpg,2002,2003,1
54225.jpg,2002,1980,-22
54230.jpg,2002,2002,0
54235.jpg,2002,1999,-3
54240.jpg,2002,2003,1
54245.jpg,2002,2002,0
54250.jpg,2002,2000,-2
54255.jpg,2002,1920,-82
54260.jpg,2002,2000,-2
54265.jpg,2002,2003,1
54270.jpg,2002,2003,1
54275.jpg,2002,2000,-2
54280.jpg,2002,2005,3
54285.jpg,2002,2012,10
54290.jpg,2002,2020,18
54295.jpg,2002,2000,-2
54300.jpg,2002,2000,-2
54305.jpg,2002,1995,-7
54310.jpg,2002,2000,-2
54315.jpg,2002,2000,-2
54320.jpg,2002,1900,-102
54330.jpg,2002,1940,-62
54335.jpg,2002,1990,-12
54340.jpg,2002,2020,18
54345.jpg,2002,2000,-2
54355.jpg,2002,2000,-2
54360.jpg,2002,2010,8
54365.jpg,2002,2015,13
54370.jpg,2002,2000,-2
54375.jpg,2002,2001,-1
54385.jpg,2002,2005,3
54390.jpg,2002,2005,3
54395.jpg,2002,2000,-2
54400.jpg,2002,2000,-2
54405.jpg,2003,2005,2
54410.jpg,2003,2021,18
54415.jpg,2003,2015,12
54425.jpg,2003,2010,7
54430.jpg,2003,2004,1
54435.jpg,2003,2000,-3
54440.jpg,2003,2015,12
54445.jpg,2003,2014,11
54450.jpg,2003,2006,3
54460.jpg,2003,2020,17
54465.jpg,2003,2003,0
54470.jpg,2003,2015,12
54475.jpg,2003,2003,0
54480.jpg,2003,2013,10
54485.jpg,2003,2000,-3
54490.jpg,2003,2004,1
54495.jpg,2003,2000,-3
54500.jpg,2003,2007,4
54505.jpg,2003,2000,-3
54510.jpg,2003,2005,2
54515.jpg,2003,2000,-3
54520.jpg,2003,2000,-3
54525.jpg,2003,2010,7
54530.jpg,2003,1990,-13
54535.jpg,2003,2000,-3
54540.jpg,2003,2000,-3
54545.jpg,2003,1890,-113
54550.jpg,2003,2000,-3
54555.jpg,2003,1550,-453
54560.jpg,2003,2017,14
54565.jpg,2003,2008,5
54570.jpg,2003,2000,-3
54575.jpg,2003,2010,7
54580.jpg,2003,2005,2
54585.jpg,2003,2020,17
54590.jpg,2003,1998,-5
54595.jpg,2003,2000,-3
54600.jpg,2003,2000,-3
54605.jpg,2004,2005,1
54610.jpg,2004,2003,-1
54620.jpg,2004,2012,8
54625.jpg,2004,2000,-4
54630.jpg,2004,2004,0
54635.jpg,2004,2011,7
54640.jpg,2004,2016,12
54645.jpg,2004,2011,7
54650.jpg,2004,2013,9
54655.jpg,2004,1970,-34
54660.jpg,2004,2009,5
54665.jpg,2004,2010,6
54670.jpg,2004,2000,-4
54675.jpg,2004,2005,1
54680.jpg,2004,2000,-4
54685.jpg,2004,2004,0
54690.jpg,2004,2000,-4
54695.jpg,2004,2000,-4
54700.jpg,2004,2010,6
54705.jpg,2004,2009,5
54710.jpg,2004,2005,1
54715.jpg,2004,2005,1
54720.jpg,2004,2000,-4
54725.jpg,2004,2000,-4
54730.jpg,2004,2000,-4
54735.jpg,2004,2010,6
54740.jpg,2004,2007,3
54745.jpg,2004,2005,1
54750.jpg,2004,1990,-14
54760.jpg,2004,2000,-4
54770.jpg,2004,2000,-4
54775.jpg,2004,2000,-4
54780.jpg,2004,2010,6
54785.jpg,2004,2005,1
54790.jpg,2004,2005,1
54795.jpg,2004,2000,-4
54800.jpg,2004,2004,0
54805.jpg,2004,2012,8
54810.jpg,2004,2000,-4
54815.jpg,2004,2000,-4
54820.jpg,2004,2000,-4
54825.jpg,2004,2000,-4
54830.jpg,2004,2004,0
54835.jpg,2004,2005,1
54840.jpg,2004,1997,-7
54845.jpg,2005,1800,-205
54850.jpg,2005,1990,-15
54855.jpg,2005,2000,-5
54860.jpg,2005,2011,6
54865.jpg,2005,2020,15
54870.jpg,2005,2009,4
54885.jpg,2005,2000,-5
54890.jpg,2005,2010,5
54895.jpg,2005,2000,-5
54900.jpg,2005,2012,7
54905.jpg,2005,2009,4
54910.jpg,2005,2000,-5
54915.jpg,2005,2023,18
54925.jpg,2005,2020,15
54930.jpg,2005,2013,8
54935.jpg,2005,1920,-85
54940.jpg,2005,2000,-5
54955.jpg,2005,2000,-5
54960.jpg,2005,2000,-5
54965.jpg,2005,2005,0
54970.jpg,2005,2006,1
54975.jpg,2005,2000,-5
54980.jpg,2005,2007,2
54985.jpg,2005,2005,0
54990.jpg,2005,2009,4
54995.jpg,2005,2000,-5
55000.jpg,2005,2000,-5
55005.jpg,2005,2004,-1
55010.jpg,2005,1970,-35
55015.jpg,2005,2010,5
55020.jpg,2005,2000,-5
55025.jpg,2005,2000,-5
55030.jpg,2005,2010,5
55035.jpg,2005,2000,-5
55040.jpg,2005,2008,3
55045.jpg,2005,2000,-5
55050.jpg,2005,2010,5
55055.jpg,2005,2020,15
55060.jpg,2005,2010,5
55065.jpg,2005,2000,-5
55070.jpg,2005,2000,-5
55075.jpg,2005,2007,2
55080.jpg,2005,2010,5
55085.jpg,2005,2000,-5
55090.jpg,2005,2015,10
55095.jpg,2005,2005,0
55100.jpg,2005,2000,-5
55105.jpg,2005,2000,-5
55110.jpg,2005,2000,-5
55115.jpg,2005,2000,-5
55120.jpg,2005,2000,-5
55125.jpg,2005,2010,5
55130.jpg,2005,2010,5
55135.jpg,2006,2010,4
55140.jpg,2006,2003,-3
55145.jpg,2006,1980,-26
55155.jpg,2006,2000,-6
55160.jpg,2006,2000,-6
55165.jpg,2006,2000,-6
55170.jpg,2006,2010,4
55175.jpg,2006,2010,4
55180.jpg,2006,2010,4
55185.jpg,2006,2000,-6
55190.jpg,2006,2010,4
55195.jpg,2006,2006,0
55200.jpg,2006,2006,0
55210.jpg,2006,2007,1
55215.jpg,2006,2023,17
55220.jpg,2006,2008,2
55230.jpg,2006,2006,0
55235.jpg,2006,2007,1
55240.jpg,2006,2000,-6
55245.jpg,2006,2001,-5
55250.jpg,2006,2001,-5
55255.jpg,2006,1970,-36
55265.jpg,2006,2000,-6
55270.jpg,2006,2000,-6
55275.jpg,2006,1930,-76
55280.jpg,2006,2000,-6
55285.jpg,2006,2005,-1
55290.jpg,2006,2000,-6
55295.jpg,2006,2004,-2
55300.jpg,2006,2000,-6
55305.jpg,2006,2000,-6
55310.jpg,2006,2005,-1
55315.jpg,2006,2000,-6
55320.jpg,2006,2020,14
55325.jpg,2006,2000,-6
55330.jpg,2006,2000,-6
55335.jpg,2007,1700,-307
55340.jpg,2007,2006,-1
55345.jpg,2007,2010,3
55355.jpg,2007,2020,13
55360.jpg,2007,2007,0
55365.jpg,2007,2000,-7
55370.jpg,2007,2020,13
55380.jpg,2007,2014,7
55385.jpg,2007,2017,10
55395.jpg,2007,2023,16
55400.jpg,2007,2019,12
55405.jpg,2007,2010,3
55410.jpg,2007,2008,1
55415.jpg,2007,2000,-7
55420.jpg,2007,2000,-7
55425.jpg,2007,2010,3
55430.jpg,2007,2010,3
55435.jpg,2007,2000,-7
55440.jpg,2007,2007,0
55445.jpg,2007,2005,-2
55450.jpg,2007,2000,-7
55455.jpg,2007,2000,-7
55460.jpg,2007,1870,-137
55465.jpg,2007,2008,1
55475.jpg,2007,1937,-70
55480.jpg,2007,2005,-2
55485.jpg,2007,2000,-7
55490.jpg,2007,1930,-77
55500.jpg,2007,2000,-7
55505.jpg,2007,2000,-7
55510.jpg,2007,2010,3
55515.jpg,2007,2007,0
55520.jpg,2007,2020,13
55525.jpg,2007,1900,-107
55530.jpg,2007,2010,3
55535.jpg,2007,2000,-7
55540.jpg,2007,2006,-1
55545.jpg,2007,2000,-7
55550.jpg,2007,2003,-4
55555.jpg,2007,2003,-4
55560.jpg,2007,2014,7
55565.jpg,2007,2010,3
55570.jpg,2007,2010,3
55575.jpg,2007,2008,1
55580.jpg,2007,2008,1
55585.jpg,2007,2011,4
55590.jpg,2007,2000,-7
55595.jpg,2007,1900,-107
55600.jpg,2007,2000,-7
55605.jpg,2007,2000,-7
55610.jpg,2008,1750,-258
55615.jpg,2008,1800,-208
55620.jpg,2008,2011,3
55625.jpg,2008,2008,0
55630.jpg,2008,2000,-8
55635.jpg,2008,2020,12
55640.jpg,2008,2000,-8
55645.jpg,2008,2020,12
55650.jpg,2008,2010,2
55655.jpg,2008,2010,2
55660.jpg,2008,2010,2
55670.jpg,2008,2008,0
55675.jpg,2008,2010,2
55685.jpg,2008,2008,0
55690.jpg,2008,2020,12
55695.jpg,2008,2016,8
55705.jpg,2008,2020,12
55710.jpg,2008,2000,-8
55715.jpg,2008,2000,-8
55720.jpg,2008,2000,-8
55725.jpg,2008,2002,-6
55730.jpg,2008,2000,-8
55735.jpg,2008,2000,-8
55740.jpg,2008,2000,-8
55745.jpg,2008,2010,2
55750.jpg,2008,2010,2
55755.jpg,2008,2012,4
55760.jpg,2008,2011,3
55765.jpg,2008,1995,-13
55770.jpg,2008,1860,-148
55775.jpg,2008,2000,-8
55780.jpg,2008,2014,6
55785.jpg,2008,2000,-8
55795.jpg,2008,2010,2
55800.jpg,2008,2010,2
55805.jpg,2008,2010,2
55810.jpg,2008,2010,2
55815.jpg,2008,2002,-6
55820.jpg,2008,2005,-3
55825.jpg,2008,2001,-7
55830.jpg,2008,2002,-6
55835.jpg,2009,1973,-36
55845.jpg,2009,2005,-4
55850.jpg,2009,2010,1
55870.jpg,2009,2020,11
55875.jpg,2009,2010,1
55880.jpg,2009,2011,2
55885.jpg,2009,2000,-9
55890.jpg,2009,2011,2
55895.jpg,2009,2000,-9
55900.jpg,2009,2000,-9
55905.jpg,2009,2009,0
55910.jpg,2009,2011,2
55915.jpg,2009,2009,0
55920.jpg,2009,2000,-9
55925.jpg,2009,2000,-9
55930.jpg,2009,1995,-14
55935.jpg,2009,2005,-4
55940.jpg,2009,2009,0
55945.jpg,2009,2005,-4
55950.jpg,2009,2005,-4
55955.jpg,2009,2002,-7
55960.jpg,2009,2020,11
55965.jpg,2009,2016,7
55970.jpg,2009,2009,0
55975.jpg,2009,2014,5
55980.jpg,2009,2009,0
55985.jpg,2009,2010,1
55990.jpg,2009,2010,1
55995.jpg,2009,2009,0
56000.jpg,2009,2023,14
56005.jpg,2009,1900,-109
56010.jpg,2009,1890,-119
56015.jpg,2009,2009,0
56020.jpg,2009,2000,-9
56025.jpg,2009,2000,-9
56030.jpg,2009,2010,1
56035.jpg,2009,2000,-9
56040.jpg,2009,2000,-9
56050.jpg,2009,2020,11
56055.jpg,2009,1990,-19
56060.jpg,2009,2000,-9
56065.jpg,2009,2010,1
56070.jpg,2009,2009,0
56075.jpg,2009,2000,-9
56080.jpg,2010,2002,-8
56085.jpg,2010,2000,-10
56090.jpg,2010,2011,1
56095.jpg,2010,2000,-10
56105.jpg,2010,2005,-5
56110.jpg,2010,2020,10
56115.jpg,2010,2010,0
56125.jpg,2010,2011,1
56130.jpg,2010,2000,-10
56135.jpg,2010,2000,-10
56140.jpg,2010,2010,0
56145.jpg,2010,2020,10
56150.jpg,2010,2010,0
56155.jpg,2010,2000,-10
56165.jpg,2010,2010,0
56170.jpg,2010,1920,-90
56175.jpg,2010,2000,-10
56180.jpg,2010,2020,10
56185.jpg,2010,2010,0
56190.jpg,2010,2000,-10
56195.jpg,2010,2010,0
56200.jpg,2010,2005,-5
56205.jpg,2010,2010,0
56210.jpg,2010,2008,-2
56215.jpg,2010,2008,-2
56220.jpg,2010,2010,0
56225.jpg,2010,2022,12
56230.jpg,2010,2000,-10
56235.jpg,2010,1950,-60
56240.jpg,2010,2010,0
56245.jpg,2010,2005,-5
56250.jpg,2010,2000,-10
56255.jpg,2010,2005,-5
56260.jpg,2010,2000,-10
56265.jpg,2010,2014,4
56270.jpg,2010,2006,-4
56275.jpg,2010,2000,-10
56280.jpg,2010,1970,-40
56285.jpg,2010,2010,0
56290.jpg,2010,2000,-10
56295.jpg,2010,2006,-4
56300.jpg,2010,2000,-10
56310.jpg,2010,2010,0
56315.jpg,2011,2010,-1
56320.jpg,2011,2009,-2
56325.jpg,2011,2010,-1
56330.jpg,2011,2000,-11
56335.jpg,2011,2000,-11
56345.jpg,2011,1980,-31
56350.jpg,2011,2010,-1
56355.jpg,2011,2000,-11
56360.jpg,2011,2011,0
56365.jpg,2011,2020,9
56370.jpg,2011,2009,-2
56375.jpg,2011,2012,1
56380.jpg,2011,2020,9
56385.jpg,2011,2011,0
56390.jpg,2011,2003,-8
56395.jpg,2011,2005,-6
56400.jpg,2011,2005,-6
56405.jpg,2011,2020,9
56410.jpg,2011,2011,0
56415.jpg,2011,2020,9
56420.jpg,2011,2015,4
56425.jpg,2011,1920,-91
56430.jpg,2011,2011,0
56440.jpg,2011,2008,-3
56450.jpg,2011,2005,-6
56455.jpg,2011,1900,-111
56460.jpg,2011,1970,-41
56465.jpg,2011,2004,-7
56470.jpg,2011,1900,-111
56475.jpg,2011,2010,-1
56480.jpg,2011,2020,9
56485.jpg,2011,2010,-1
56495.jpg,2011,2000,-11
56500.jpg,2011,2007,-4
56505.jpg,2011,2015,4
56510.jpg,2011,2010,-1
56515.jpg,2011,2000,-11
56520.jpg,2011,2015,4
56525.jpg,2011,1990,-21
56545.jpg,2012,2010,-2
56550.jpg,2012,2012,0
56555.jpg,2012,2000,-12
56560.jpg,2012,2013,1
56565.jpg,2012,2020,8
56570.jpg,2012,2010,-2
56575.jpg,2012,2023,11
56585.jpg,2012,2010,-2
56590.jpg,2012,2000,-12
56600.jpg,2012,2000,-12
56605.jpg,2012,2014,2
56610.jpg,2012,2012,0
56615.jpg,2012,2000,-12
56620.jpg,2012,2009,-3
56625.jpg,2012,2000,-12
56630.jpg,2012,2020,8
56635.jpg,2012,2001,-11
56640.jpg,2012,2020,8
56645.jpg,2012,2000,-12
56650.jpg,2012,2006,-6
56655.jpg,2012,2010,-2
56660.jpg,2012,2000,-12
56665.jpg,2012,1900,-112
56670.jpg,2012,2012,0
56675.jpg,2012,2006,-6
56680.jpg,2012,2007,-5
56685.jpg,2012,2000,-12
56690.jpg,2012,2000,-12
56695.jpg,2012,2000,-12
56700.jpg,2012,2012,0
56705.jpg,2012,2015,3
56710.jpg,2012,2000,-12
56715.jpg,2012,2015,3
56720.jpg,2013,2000,-13
56725.jpg,2013,2010,-3
56730.jpg,2013,2000,-13
56735.jpg,2013,2000,-13
56740.jpg,2013,2010,-3
56745.jpg,2013,2008,-5
56750.jpg,2013,2000,-13
56755.jpg,2013,2010,-3
56765.jpg,2013,2010,-3
56770.jpg,2013,2010,-3
56775.jpg,2013,2000,-13
56780.jpg,2013,2023,10
56785.jpg,2013,2020,7
56795.jpg,2013,2000,-13
56800.jpg,2013,2020,7
56805.jpg,2013,2000,-13
56810.jpg,2013,2004,-9
56820.jpg,2013,2000,-13
56825.jpg,2013,2023,10
56845.jpg,2013,2010,-3
56850.jpg,2013,2013,0
56855.jpg,2013,2015,2
56860.jpg,2013,2000,-13
56865.jpg,2013,2020,7
56870.jpg,2013,2015,2
56875.jpg,2013,2010,-3
56880.jpg,2013,2010,-3
56885.jpg,2013,2010,-3
56890.jpg,2013,2005,-8
56895.jpg,2013,2003,-10
56900.jpg,2014,2008,-6
56905.jpg,2014,2000,-14
56910.jpg,2014,1900,-114
56915.jpg,2014,2020,6
56920.jpg,2014,2010,-4
56925.jpg,2014,2013,-1
56930.jpg,2014,2014,0
56935.jpg,2014,2014,0
56940.jpg,2014,2020,6
56945.jpg,2014,2010,-4
56950.jpg,2014,2010,-4
56955.jpg,2014,1970,-44
56960.jpg,2014,2010,-4
56965.jpg,2014,2000,-14
56970.jpg,2014,2000,-14
56975.jpg,2014,2023,9
56980.jpg,2014,2000,-14
56985.jpg,2014,2001,-13
56990.jpg,2014,2010,-4
56995.jpg,2014,2015,1
57005.jpg,2014,2014,0
57010.jpg,2014,2005,-9
57015.jpg,2014,2023,9
57020.jpg,2014,2010,-4
57025.jpg,2014,2012,-2
57030.jpg,2014,2000,-14
57035.jpg,2014,2010,-4
57040.jpg,2014,2014,0
57045.jpg,2014,2010,-4
57050.jpg,2014,2013,-1
57055.jpg,2014,2010,-4
57060.jpg,2014,2020,6
57065.jpg,2014,2000,-14
57070.jpg,2014,2017,3
57075.jpg,2015,2000,-15
57085.jpg,2015,2010,-5
57090.jpg,2015,2020,5
57095.jpg,2015,2005,-10
57100.jpg,2015,2010,-5
57105.jpg,2015,2000,-15
57110.jpg,2015,2018,3
57120.jpg,2015,2015,0
57125.jpg,2015,2000,-15
57130.jpg,2015,2010,-5
57135.jpg,2015,2010,-5
57140.jpg,2015,2014,-1
57145.jpg,2015,2001,-14
57150.jpg,2015,2010,-5
57155.jpg,2015,2010,-5
57160.jpg,2015,1970,-45
57165.jpg,2015,2014,-1
57170.jpg,2015,2010,-5
57175.jpg,2015,2010,-5
57180.jpg,2015,2010,-5
57185.jpg,2015,2010,-5
57195.jpg,2015,2010,-5
57200.jpg,2015,2020,5
57205.jpg,2015,2014,-1
57210.jpg,2015,2015,0
57215.jpg,2015,2010,-5
57220.jpg,2016,2008,-8
57225.jpg,2016,2016,0
57230.jpg,2016,2023,7
57235.jpg,2016,2013,-3
57240.jpg,2016,2020,4
57250.jpg,2016,2010,-6
57255.jpg,2016,2013,-3
57270.jpg,2016,2000,-16
57275.jpg,2016,2010,-6
57280.jpg,2016,2010,-6
57285.jpg,2016,2016,0
57290.jpg,2016,2000,-16
57295.jpg,2016,2017,1
57300.jpg,2016,2016,0
57305.jpg,2016,2016,0
57310.jpg,2016,2000,-16
57315.jpg,2016,2020,4
57320.jpg,2016,2020,4
57325.jpg,2016,2000,-16
57330.jpg,2016,2015,-1
57335.jpg,2016,2010,-6
57340.jpg,2016,2020,4
57345.jpg,2016,2000,-16
57350.jpg,2016,2015,-1
57355.jpg,2016,2014,-2
57360.jpg,2016,2013,-3
57365.jpg,2017,2010,-7
57370.jpg,2017,2012,-5
57375.jpg,2017,2020,3
57385.jpg,2017,2017,0
57390.jpg,2017,2013,-4
57395.jpg,2017,2018,1
57400.jpg,2017,2010,-7
57415.jpg,2017,2018,1
57420.jpg,2017,2000,-17
57425.jpg,2017,2013,-4
57430.jpg,2017,2010,-7
57435.jpg,2017,2015,-2
57440.jpg,2017,2016,-1
57450.jpg,2017,2010,-7
57455.jpg,2017,2010,-7
57470.jpg,2017,2020,3
57475.jpg,2017,2011,-6
57480.jpg,2018,2017,-1
57485.jpg,2018,2010,-8
57490.jpg,2018,2020,2
57495.jpg,2018,2010,-8
57500.jpg,2018,2000,-18
57505.jpg,2018,2014,-4
57510.jpg,2018,2017,-1
57515.jpg,2018,2010,-8
57520.jpg,2018,2014,-4
57525.jpg,2018,2021,3
57530.jpg,2018,2015,-3
57545.jpg,2018,2000,-18
57550.jpg,2018,2017,-1
57555.jpg,2018,2016,-2
57560.jpg,2018,2021,3
57565.jpg,2018,2000,-18
57570.jpg,2018,2014,-4
57575.jpg,2018,2010,-8
57585.jpg,2019,2020,1
57595.jpg,2019,2023,4
57600.jpg,2019,2020,1
57605.jpg,2019,2015,-4
57610.jpg,2019,2006,-13
57615.jpg,2019,2023,4
57620.jpg,2019,2000,-19
57625.jpg,2019,2010,-9
57630.jpg,2019,2000,-19
57635.jpg,2019,2010,-9
57640.jpg,2019,2023,4
57645.jpg,2019,2015,-4
57660.jpg,2019,2010,-9
57665.jpg,2019,2010,-9
57670.jpg,2020,2020,0
57675.jpg,2020,2020,0
57680.jpg,2020,2010,-10
57685.jpg,2020,2020,0
57690.jpg,2020,2000,-20
57695.jpg,2020,2010,-10
57700.jpg,2020,2000,-20
57705.jpg,2020,2004,-16
57710.jpg,2020,2005,-15
57725.jpg,2020,2023,3
57730.jpg,2021,2014,-7
57735.jpg,2021,2023,2
57740.jpg,2021,2021,0
57745.jpg,2021,2018,-3
57750.jpg,2021,2020,-1
57755.jpg,2021,2013,-8
57760.jpg,2021,2000,-21
57765.jpg,2021,2020,-1
57770.jpg,2021,2023,2
57780.jpg,2021,2023,2
57785.jpg,2021,2010,-11
57790.jpg,2021,2014,-7
57795.jpg,2021,2020,-1
57800.jpg,2021,2020,-1
57805.jpg,2022,2015,-7
57810.jpg,2022,2020,-2
57815.jpg,2022,2020,-2
57825.jpg,2022,2016,-6
57830.jpg,2022,2000,-22
57835.jpg,2022,2020,-2
57840.jpg,2022,2000,-22
57845.jpg,2022,2015,-7
57860.jpg,2022,2020,-2
57865.jpg,2022,2020,-2
57870.jpg,2022,2017,-5
57875.jpg,2023,2020,-3
57885.jpg,2023,2017,-6
57890.jpg,2023,2020,-3
57895.jpg,2023,2010,-13
57900.jpg,2023,2020,-3
57910.jpg,2023,2020,-3
57915.jpg,2023,2020,-3
57920.jpg,2023,2020,-3
57925.jpg,2024,1890,-134
57930.jpg,2024,2020,-4
