name,year,pred,diff
5.jpg,1008,1117,109
10.jpg,1016,1010,-6
15.jpg,1022,1007,-15
20.jpg,1028,1518,490
25.jpg,1036,1947,911
30.jpg,1048,1060,12
35.jpg,1051,1076,25
40.jpg,1061,1059,-2
45.jpg,1063,1001,-62
50.jpg,1068,1061,-7
55.jpg,1070,1075,5
60.jpg,1076,1008,-68
65.jpg,1080,1138,58
70.jpg,1090,1616,526
75.jpg,1093,1606,513
80.jpg,1097,1066,-31
85.jpg,1100,1012,-88
90.jpg,1100,1601,501
95.jpg,1107,2019,912
100.jpg,1110,1010,-100
105.jpg,1114,1001,-113
110.jpg,1116,1508,392
115.jpg,1117,1675,558
120.jpg,1120,1065,-55
125.jpg,1122,1760,638
130.jpg,1125,1528,403
135.jpg,1128,1005,-123
140.jpg,1129,1640,511
145.jpg,1130,1160,30
150.jpg,1131,1058,-73
155.jpg,1134,1664,530
160.jpg,1135,1067,-68
165.jpg,1138,1067,-71
170.jpg,1140,1067,-73
175.jpg,1144,1011,-133
180.jpg,1146,1004,-142
185.jpg,1147,1000,-147
190.jpg,1149,1008,-141
195.jpg,1150,1086,-64
200.jpg,1152,1008,-144
205.jpg,1159,1010,-149
210.jpg,1160,1211,51
215.jpg,1165,1005,-160
220.jpg,1168,1058,-110
225.jpg,1170,1160,-10
230.jpg,1170,1415,245
235.jpg,1172,1009,-163
240.jpg,1175,1307,132
245.jpg,1177,1060,-117
250.jpg,1179,1245,66
255.jpg,1180,1259,79
260.jpg,1180,1420,240
265.jpg,1180,1640,460
270.jpg,1184,1021,-163
275.jpg,1185,1008,-177
280.jpg,1189,1051,-138
285.jpg,1191,1245,54
290.jpg,1192,1086,-106
295.jpg,1194,1340,146
300.jpg,1196,1058,-138
305.jpg,1198,1139,-59
310.jpg,1199,1008,-191
315.jpg,1200,1086,-114
320.jpg,1202,1060,-142
325.jpg,1204,1857,653
330.jpg,1208,1567,359
335.jpg,1211,1512,301
340.jpg,1212,1538,326
345.jpg,1215,1551,336
350.jpg,1217,1250,33
355.jpg,1220,1059,-161
360.jpg,1221,1401,180
365.jpg,1222,1404,182
370.jpg,1224,1060,-164
375.jpg,1226,1044,-182
380.jpg,1227,1528,301
385.jpg,1229,1005,-224
390.jpg,1231,1900,669
395.jpg,1232,1018,-214
400.jpg,1234,1010,-224
405.jpg,1237,1320,83
410.jpg,1238,1065,-173
415.jpg,1240,1317,77
420.jpg,1242,1001,-241
425.jpg,1245,1064,-181
430.jpg,1247,1008,-239
435.jpg,1248,1005,-243
440.jpg,1250,1067,-183
445.jpg,1250,1310,60
450.jpg,1252,1003,-249
455.jpg,1255,1411,156
460.jpg,1259,1518,259
465.jpg,1260,1310,50
470.jpg,1263,1158,-105
475.jpg,1264,1006,-258
480.jpg,1267,1010,-257
485.jpg,1270,1005,-265
490.jpg,1270,1505,235
495.jpg,1270,1787,517
500.jpg,1271,1051,-220
505.jpg,1273,1508,235
510.jpg,1275,1053,-222
515.jpg,1277,1010,-267
520.jpg,1278,1175,-103
525.jpg,1279,1310,31
530.jpg,1280,1410,130
535.jpg,1285,1065,-220
540.jpg,1288,1750,462
545.jpg,1289,1004,-285
550.jpg,1290,1831,541
555.jpg,1291,1359,68
560.jpg,1293,2019,726
565.jpg,1295,1384,89
570.jpg,1298,1407,109
575.jpg,1300,1065,-235
580.jpg,1300,1440,140
585.jpg,1300,1464,164
590.jpg,1301,1359,58
595.jpg,1303,1604,301
600.jpg,1305,1017,-288
605.jpg,1307,1008,-299
610.jpg,1309,1840,531
615.jpg,1310,1227,-83
620.jpg,1311,1350,39
625.jpg,1313,1060,-253
630.jpg,1314,1050,-264
635.jpg,1317,1067,-250
640.jpg,1319,1009,-310
645.jpg,1320,1416,96
650.jpg,1322,1010,-312
655.jpg,1324,1458,134
660.jpg,1325,1496,171
665.jpg,1326,1501,175
670.jpg,1327,1717,390
675.jpg,1328,1458,130
680.jpg,1330,1631,301
685.jpg,1330,1490,160
690.jpg,1331,1651,320
695.jpg,1333,1065,-268
700.jpg,1335,1616,281
705.jpg,1337,1508,171
710.jpg,1338,1414,76
715.jpg,1340,1015,-325
720.jpg,1340,1512,172
725.jpg,1343,2019,676
730.jpg,1345,1158,-187
735.jpg,1345,1416,71
740.jpg,1346,1500,154
745.jpg,1347,1358,11
750.jpg,1347,1411,64
755.jpg,1349,1820,471
760.jpg,1350,1712,362
765.jpg,1350,1311,-39
770.jpg,1352,1904,552
775.jpg,1353,1075,-278
780.jpg,1354,1008,-346
785.jpg,1356,1375,19
790.jpg,1358,1412,54
795.jpg,1360,1307,-53
800.jpg,1361,1381,20
805.jpg,1362,1051,-311
810.jpg,1364,1750,386
815.jpg,1365,1511,146
820.jpg,1368,1001,-367
825.jpg,1370,1050,-320
830.jpg,1371,1409,38
835.jpg,1373,1010,-363
840.jpg,1375,1234,-141
845.jpg,1377,1406,29
850.jpg,1380,1992,612
855.jpg,1381,1430,49
860.jpg,1382,1410,28
865.jpg,1384,1051,-333
870.jpg,1386,1010,-376
875.jpg,1389,1054,-335
880.jpg,1390,1641,251
885.jpg,1394,1044,-350
890.jpg,1396,1051,-345
895.jpg,1397,1512,115
900.jpg,1398,1090,-308
905.jpg,1399,1211,-188
910.jpg,1400,1255,-145
915.jpg,1401,1406,5
920.jpg,1402,1404,2
925.jpg,1405,1284,-121
930.jpg,1406,1407,1
935.jpg,1409,1430,21
940.jpg,1410,1327,-83
945.jpg,1410,1034,-376
950.jpg,1411,1065,-346
955.jpg,1413,1010,-403
960.jpg,1414,1641,227
965.jpg,1417,1101,-316
970.jpg,1419,2005,586
975.jpg,1420,1412,-8
980.jpg,1420,2019,599
985.jpg,1422,1830,408
990.jpg,1424,1013,-411
995.jpg,1425,1413,-12
1000.jpg,1426,1508,82
1005.jpg,1428,1061,-367
1010.jpg,1430,1013,-417
1015.jpg,1431,1013,-418
1020.jpg,1433,1250,-183
1025.jpg,1435,1269,-166
1030.jpg,1436,1234,-202
1035.jpg,1438,1528,90
1040.jpg,1440,1528,88
1045.jpg,1441,1494,53
1050.jpg,1442,1810,368
1055.jpg,1444,1053,-391
1060.jpg,1446,1999,553
1065.jpg,1448,1412,-36
1070.jpg,1450,1416,-34
1075.jpg,1450,1490,40
1080.jpg,1451,1010,-441
1085.jpg,1452,1404,-48
1090.jpg,1453,1458,5
1095.jpg,1455,1010,-445
1100.jpg,1457,1517,60
1105.jpg,1458,1117,-341
1110.jpg,1459,1517,58
1115.jpg,1460,1420,-40
1120.jpg,1462,2019,557
1125.jpg,1462,1160,-302
1130.jpg,1464,1007,-457
1135.jpg,1465,1612,147
1140.jpg,1466,1410,-56
1145.jpg,1467,1511,44
1150.jpg,1468,1900,432
1155.jpg,1469,1008,-461
1160.jpg,1470,1590,120
1165.jpg,1470,1540,70
1170.jpg,1472,1416,-56
1175.jpg,1473,1530,57
1180.jpg,1475,1414,-61
1185.jpg,1477,1010,-467
1190.jpg,1477,1612,135
1195.jpg,1479,1430,-49
1200.jpg,1480,1269,-211
1205.jpg,1482,1558,76
1210.jpg,1482,1430,-52
1215.jpg,1483,1496,13
1220.jpg,1485,1336,-149
1225.jpg,1487,1558,71
1230.jpg,1487,1307,-180
1235.jpg,1488,1013,-475
1240.jpg,1489,1277,-212
1245.jpg,1490,1050,-440
1250.jpg,1490,1518,28
1255.jpg,1491,1051,-440
1260.jpg,1492,1520,28
1265.jpg,1493,1528,35
1270.jpg,1494,1511,17
1275.jpg,1495,1528,33
1280.jpg,1496,1007,-489
1285.jpg,1497,2019,522
1290.jpg,1497,1410,-87
1295.jpg,1498,1269,-229
1300.jpg,1499,1006,-493
1305.jpg,1500,1616,116
1310.jpg,1500,1518,18
1315.jpg,1501,1518,17
1320.jpg,1502,1720,218
1325.jpg,1503,1641,138
1330.jpg,1504,1359,-145
1335.jpg,1505,1717,212
1340.jpg,1506,1013,-493
1345.jpg,1507,1458,-49
1350.jpg,1508,1006,-502
1355.jpg,1508,1610,102
1360.jpg,1509,1420,-89
1365.jpg,1510,1830,320
1370.jpg,1510,2019,509
1375.jpg,1511,1410,-101
1380.jpg,1512,1516,4
1385.jpg,1513,1540,27
1390.jpg,1513,1519,6
1395.jpg,1515,1504,-11
1400.jpg,1515,1412,-103
1405.jpg,1516,1710,194
1410.jpg,1517,1005,-512
1415.jpg,1518,1412,-106
1420.jpg,1518,1600,82
1425.jpg,1520,1496,-24
1430.jpg,1521,1410,-111
1435.jpg,1521,1008,-513
1440.jpg,1522,1818,296
1445.jpg,1523,1954,431
1450.jpg,1524,1494,-30
1455.jpg,1525,1620,95
1460.jpg,1526,1509,-17
1465.jpg,1526,1504,-22
1470.jpg,1527,1508,-19
1475.jpg,1528,1705,177
1480.jpg,1528,1814,286
1485.jpg,1530,1311,-219
1490.jpg,1530,1590,60
1495.jpg,1530,1619,89
1500.jpg,1531,1000,-531
1505.jpg,1531,1501,-30
1510.jpg,1532,1404,-128
1515.jpg,1532,1464,-68
1520.jpg,1533,1625,92
1525.jpg,1534,1636,102
1530.jpg,1535,1616,81
1535.jpg,1535,1818,283
1540.jpg,1536,1301,-235
1545.jpg,1537,1418,-119
1550.jpg,1537,1656,119
1555.jpg,1538,1558,20
1560.jpg,1539,1520,-19
1565.jpg,1540,1053,-487
1570.jpg,1540,1509,-31
1575.jpg,1540,1067,-473
1580.jpg,1540,1430,-110
1585.jpg,1541,1540,-1
1590.jpg,1542,1527,-15
1595.jpg,1543,1720,177
1600.jpg,1543,1509,-34
1605.jpg,1544,1497,-47
1610.jpg,1545,1715,170
1615.jpg,1545,1604,59
1620.jpg,1547,1410,-137
1625.jpg,1548,1518,-30
1630.jpg,1549,1518,-31
1635.jpg,1549,1610,61
1640.jpg,1550,1558,8
1645.jpg,1550,1666,116
1650.jpg,1550,2019,469
1655.jpg,1550,1008,-542
1660.jpg,1551,1820,269
1665.jpg,1551,1053,-498
1670.jpg,1552,1558,6
1675.jpg,1553,1580,27
1680.jpg,1554,1720,166
1685.jpg,1554,1050,-504
1690.jpg,1555,1721,166
1695.jpg,1556,1010,-546
1700.jpg,1557,2008,451
1705.jpg,1558,1601,43
1710.jpg,1558,1010,-548
1715.jpg,1559,1013,-546
1720.jpg,1559,1857,298
1725.jpg,1560,1725,165
1730.jpg,1560,1759,199
1735.jpg,1560,2005,445
1740.jpg,1561,1419,-142
1745.jpg,1561,1840,279
1750.jpg,1562,1419,-143
1755.jpg,1563,1558,-5
1760.jpg,1564,1838,274
1765.jpg,1565,1820,255
1770.jpg,1565,1720,155
1775.jpg,1565,1058,-507
1780.jpg,1566,1636,70
1785.jpg,1567,1830,263
1790.jpg,1567,1528,-39
1795.jpg,1568,1616,48
1800.jpg,1568,1558,-10
1805.jpg,1569,1520,-49
1810.jpg,1570,1631,61
1815.jpg,1570,1628,58
1820.jpg,1570,1441,-129
1825.jpg,1571,1729,158
1830.jpg,1572,1518,-54
1835.jpg,1572,1010,-562
1840.jpg,1573,1558,-15
1845.jpg,1573,1900,327
1850.jpg,1574,1558,-16
1855.jpg,1574,1715,141
1860.jpg,1575,1817,242
1865.jpg,1575,1757,182
1870.jpg,1575,1641,66
1875.jpg,1576,1717,141
1880.jpg,1577,1558,-19
1885.jpg,1578,1825,247
1890.jpg,1578,1419,-159
1895.jpg,1579,1566,-13
1900.jpg,1579,1628,49
1905.jpg,1580,1610,30
1910.jpg,1580,1709,129
1915.jpg,1581,1406,-175
1920.jpg,1581,1510,-71
1925.jpg,1582,1060,-522
1930.jpg,1582,1807,225
1935.jpg,1583,1013,-570
1940.jpg,1584,1560,-24
1945.jpg,1584,1818,234
1950.jpg,1585,1519,-66
1955.jpg,1585,1631,46
1960.jpg,1585,1817,232
1965.jpg,1586,1454,-132
1970.jpg,1586,1801,215
1975.jpg,1587,1007,-580
1980.jpg,1588,1512,-76
1985.jpg,1588,1540,-48
1990.jpg,1588,1615,27
1995.jpg,1588,1511,-77
2000.jpg,1589,1730,141
2005.jpg,1590,1558,-32
2010.jpg,1590,1511,-79
2015.jpg,1591,1807,216
2020.jpg,1591,1636,45
2025.jpg,1591,1558,-33
2030.jpg,1592,1413,-179
2035.jpg,1593,1595,2
2040.jpg,1593,1710,117
2045.jpg,1595,1566,-29
2050.jpg,1595,1566,-29
2055.jpg,1595,1510,-85
2060.jpg,1596,1635,39
2065.jpg,1596,1758,162
2070.jpg,1597,1001,-596
2075.jpg,1597,1840,243
2080.jpg,1598,1528,-70
2085.jpg,1598,1419,-179
2090.jpg,1598,1821,223
2095.jpg,1600,1581,-19
2100.jpg,1600,1416,-184
2105.jpg,1601,1010,-591
2110.jpg,1602,1010,-592
2115.jpg,1602,1518,-84
2120.jpg,1603,1719,116
2125.jpg,1604,1560,-44
2130.jpg,1604,1611,7
2135.jpg,1604,1611,7
2140.jpg,1605,1717,112
2145.jpg,1605,1727,122
2150.jpg,1606,1720,114
2155.jpg,1606,1626,20
2160.jpg,1607,1606,-1
2165.jpg,1607,1000,-607
2170.jpg,1608,1558,-50
2175.jpg,1608,1310,-298
2180.jpg,1609,1269,-340
2185.jpg,1610,1065,-545
2190.jpg,1610,1576,-34
2195.jpg,1610,1600,-10
2200.jpg,1610,1664,54
2205.jpg,1611,1590,-21
2210.jpg,1611,1518,-93
2215.jpg,1611,1716,105
2220.jpg,1612,1990,378
2225.jpg,1612,1269,-343
2230.jpg,1613,1528,-85
2235.jpg,1613,1710,97
2240.jpg,1614,1510,-104
2245.jpg,1614,1528,-86
2250.jpg,1614,1618,4
2255.jpg,1615,1416,-199
2260.jpg,1615,1269,-346
2265.jpg,1616,1816,200
2270.jpg,1616,1558,-58
2275.jpg,1616,2018,402
2280.jpg,1616,1259,-357
2285.jpg,1617,1524,-93
2290.jpg,1617,1325,-292
2295.jpg,1617,1699,82
2300.jpg,1618,1051,-567
2305.jpg,1618,1820,202
2310.jpg,1619,1496,-123
2315.jpg,1619,1725,106
2320.jpg,1619,2006,387
2325.jpg,1620,1666,46
2330.jpg,1620,1540,-80
2335.jpg,1620,1611,-9
2340.jpg,1621,1669,48
2345.jpg,1621,1580,-41
2350.jpg,1622,1620,-2
2355.jpg,1622,1336,-286
2360.jpg,1623,1630,7
2365.jpg,1624,1580,-44
2370.jpg,1624,1518,-106
2375.jpg,1624,1513,-111
2380.jpg,1625,1728,103
2385.jpg,1625,1540,-85
2390.jpg,1625,1807,182
2395.jpg,1625,1715,90
2400.jpg,1626,1051,-575
2405.jpg,1626,1818,192
2410.jpg,1627,1807,180
2415.jpg,1628,2005,377
2420.jpg,1628,1820,192
2425.jpg,1629,1809,180
2430.jpg,1629,1566,-63
2435.jpg,1630,1717,87
2440.jpg,1630,1646,16
2445.jpg,1630,1413,-217
2450.jpg,1630,1518,-112
2455.jpg,1631,1727,96
2460.jpg,1631,1518,-113
2465.jpg,1631,1255,-376
2470.jpg,1632,1594,-38
2475.jpg,1632,1918,286
2480.jpg,1632,1777,145
2485.jpg,1633,1657,24
2490.jpg,1633,1010,-623
2495.jpg,1634,1910,276
2500.jpg,1634,1517,-117
2505.jpg,1634,1710,76
2510.jpg,1635,1666,31
2515.jpg,1635,1717,82
2520.jpg,1635,1666,31
2525.jpg,1636,1717,81
2530.jpg,1636,1710,74
2535.jpg,1636,1616,-20
2540.jpg,1637,1830,193
2545.jpg,1637,1512,-125
2550.jpg,1638,1410,-228
2555.jpg,1638,1660,22
2560.jpg,1638,1107,-531
2565.jpg,1639,1766,127
2570.jpg,1639,1671,32
2575.jpg,1640,1766,126
2580.jpg,1640,1775,135
2585.jpg,1640,1814,174
2590.jpg,1641,1591,-50
2595.jpg,1641,1507,-134
2600.jpg,1641,1707,66
2605.jpg,1642,1530,-112
2610.jpg,1642,1808,166
2615.jpg,1643,1656,13
2620.jpg,1644,1601,-43
2625.jpg,1644,1731,87
2630.jpg,1644,1777,133
2635.jpg,1645,1776,131
2640.jpg,1645,1708,63
2645.jpg,1646,1510,-136
2650.jpg,1646,1557,-89
2655.jpg,1646,1512,-134
2660.jpg,1648,1775,127
2665.jpg,1648,1117,-531
2670.jpg,1648,1010,-638
2675.jpg,1649,1710,61
2680.jpg,1650,1618,-32
2685.jpg,1650,1669,19
2690.jpg,1650,1902,252
2695.jpg,1650,1710,60
2700.jpg,1651,1669,18
2705.jpg,1651,1010,-641
2710.jpg,1652,1775,123
2715.jpg,1653,1830,177
2720.jpg,1653,1850,197
2725.jpg,1654,1711,57
2730.jpg,1654,1611,-43
2735.jpg,1655,1720,65
2740.jpg,1655,1494,-161
2745.jpg,1656,1712,56
2750.jpg,1656,1000,-656
2755.jpg,1656,1275,-381
2760.jpg,1657,1509,-148
2765.jpg,1657,1618,-39
2770.jpg,1658,1340,-318
2775.jpg,1658,1817,159
2780.jpg,1659,1631,-28
2785.jpg,1659,1518,-141
2790.jpg,1660,1769,109
2795.jpg,1660,1666,6
2800.jpg,1660,1816,156
2805.jpg,1660,1009,-651
2810.jpg,1660,1117,-543
2815.jpg,1660,1810,150
2820.jpg,1660,1710,50
2825.jpg,1661,1516,-145
2830.jpg,1661,1558,-103
2835.jpg,1661,2011,350
2840.jpg,1661,1899,238
2845.jpg,1662,1909,247
2850.jpg,1663,1766,103
2855.jpg,1663,1434,-229
2860.jpg,1664,1664,0
2865.jpg,1664,1774,110
2870.jpg,1664,1595,-69
2875.jpg,1665,1590,-75
2880.jpg,1665,1416,-249
2885.jpg,1665,1779,114
2890.jpg,1665,1607,-58
2895.jpg,1666,1857,191
2900.jpg,1666,1060,-606
2905.jpg,1667,1766,99
2910.jpg,1667,1509,-158
2915.jpg,1667,1671,4
2920.jpg,1668,1558,-110
2925.jpg,1669,2019,350
2930.jpg,1669,1530,-139
2935.jpg,1670,1778,108
2940.jpg,1670,1766,96
2945.jpg,1670,1682,12
2950.jpg,1670,1664,-6
2955.jpg,1671,1766,95
2960.jpg,1671,1430,-241
2965.jpg,1671,1694,23
2970.jpg,1672,1810,138
2975.jpg,1672,1716,44
2980.jpg,1673,1825,152
2985.jpg,1673,1601,-72
2990.jpg,1674,1815,141
2995.jpg,1674,1730,56
3000.jpg,1674,1234,-440
3005.jpg,1675,1669,-6
3010.jpg,1675,1558,-117
3015.jpg,1676,1812,136
3020.jpg,1676,1706,30
3025.jpg,1676,1666,-10
3030.jpg,1677,1810,133
3035.jpg,1677,1540,-137
3040.jpg,1677,2019,342
3045.jpg,1678,1518,-160
3050.jpg,1678,1509,-169
3055.jpg,1678,1390,-288
3060.jpg,1679,1777,98
3065.jpg,1679,1999,320
3070.jpg,1679,1490,-189
3075.jpg,1680,1664,-16
3080.jpg,1680,1775,95
3085.jpg,1680,1777,97
3090.jpg,1680,1610,-70
3095.jpg,1680,1766,86
3100.jpg,1680,1750,70
3105.jpg,1681,1775,94
3110.jpg,1681,1512,-169
3115.jpg,1681,1517,-164
3120.jpg,1681,1013,-668
3125.jpg,1682,1777,95
3130.jpg,1682,1518,-164
3135.jpg,1682,1010,-672
3140.jpg,1682,1494,-188
3145.jpg,1683,1777,94
3150.jpg,1683,1774,91
3155.jpg,1683,1528,-155
3160.jpg,1683,1340,-343
3165.jpg,1683,1655,-28
3170.jpg,1684,1666,-18
3175.jpg,1684,1666,-18
3180.jpg,1684,1606,-78
3185.jpg,1684,1669,-15
3190.jpg,1685,1719,34
3195.jpg,1685,1558,-127
3200.jpg,1685,1617,-68
3205.jpg,1686,1755,69
3210.jpg,1686,1778,92
3215.jpg,1686,1766,80
3220.jpg,1686,1625,-61
3225.jpg,1687,1676,-11
3230.jpg,1687,1766,79
3235.jpg,1687,1764,77
3240.jpg,1688,1730,42
3245.jpg,1688,1628,-60
3250.jpg,1689,1777,88
3255.jpg,1689,1717,28
3260.jpg,1689,1728,39
3265.jpg,1689,1675,-14
3270.jpg,1690,1001,-689
3275.jpg,1690,1779,89
3280.jpg,1690,1775,85
3285.jpg,1690,1664,-26
3290.jpg,1690,1803,113
3295.jpg,1690,1820,130
3300.jpg,1690,1691,1
3305.jpg,1691,1775,84
3310.jpg,1691,1720,29
3315.jpg,1691,1512,-179
3320.jpg,1692,1740,48
3325.jpg,1692,1053,-639
3330.jpg,1693,2019,326
3335.jpg,1693,1511,-182
3340.jpg,1694,1775,81
3345.jpg,1694,1740,46
3350.jpg,1694,1600,-94
3355.jpg,1695,1779,84
3360.jpg,1695,1766,71
3365.jpg,1695,1778,83
3370.jpg,1695,1766,71
3375.jpg,1695,1675,-20
3380.jpg,1696,1601,-95
3385.jpg,1696,1717,21
3390.jpg,1696,1707,11
3395.jpg,1696,1815,119
3400.jpg,1696,1509,-187
3405.jpg,1696,1710,14
3410.jpg,1697,1766,69
3415.jpg,1697,1766,69
3420.jpg,1697,1775,78
3425.jpg,1697,1518,-179
3430.jpg,1698,1777,79
3435.jpg,1698,1829,131
3440.jpg,1698,1512,-186
3445.jpg,1699,1777,78
3450.jpg,1699,1558,-141
3455.jpg,1699,1934,235
3460.jpg,1700,1590,-110
3465.jpg,1700,1725,25
3470.jpg,1700,1664,-36
3475.jpg,1700,1766,66
3480.jpg,1700,1775,75
3485.jpg,1700,1766,66
3490.jpg,1700,1776,76
3495.jpg,1700,1601,-99
3500.jpg,1700,1817,117
3505.jpg,1700,1666,-34
3510.jpg,1700,1558,-142
3515.jpg,1701,1842,141
3520.jpg,1701,1830,129
3525.jpg,1701,1664,-37
3530.jpg,1702,1815,113
3535.jpg,1702,1900,198
3540.jpg,1702,1620,-82
3545.jpg,1703,1012,-691
3550.jpg,1704,1690,-14
3555.jpg,1704,1707,3
3560.jpg,1704,2019,315
3565.jpg,1704,1876,172
3570.jpg,1704,1812,108
3575.jpg,1705,1635,-70
3580.jpg,1705,1745,40
3585.jpg,1705,1775,70
3590.jpg,1705,1658,-47
3595.jpg,1706,1680,-26
3600.jpg,1706,1766,60
3605.jpg,1706,1520,-186
3610.jpg,1706,1752,46
3615.jpg,1707,1740,33
3620.jpg,1707,1018,-689
3625.jpg,1707,1666,-41
3630.jpg,1708,1707,-1
3635.jpg,1708,2005,297
3640.jpg,1708,1766,58
3645.jpg,1708,1558,-150
3650.jpg,1709,1551,-158
3655.jpg,1709,1830,121
3660.jpg,1709,1620,-89
3665.jpg,1709,1717,8
3670.jpg,1710,1807,97
3675.jpg,1710,1813,103
3680.jpg,1710,1766,56
3685.jpg,1710,1779,69
3690.jpg,1710,1766,56
3695.jpg,1710,1766,56
3700.jpg,1710,1803,93
3705.jpg,1710,1821,111
3710.jpg,1710,1000,-710
3715.jpg,1711,1901,190
3720.jpg,1711,1778,67
3725.jpg,1711,1766,55
3730.jpg,1711,1009,-702
3735.jpg,1711,1625,-86
3740.jpg,1712,1779,67
3745.jpg,1712,1828,116
3750.jpg,1713,1791,78
3755.jpg,1713,1766,53
3760.jpg,1713,1777,64
3765.jpg,1713,1520,-193
3770.jpg,1714,1766,52
3775.jpg,1714,1718,4
3780.jpg,1714,1560,-154
3785.jpg,1714,1511,-203
3790.jpg,1715,1001,-714
3795.jpg,1715,1731,16
3800.jpg,1715,1713,-2
3805.jpg,1715,1518,-197
3810.jpg,1715,1710,-5
3815.jpg,1715,1775,60
3820.jpg,1715,1766,51
3825.jpg,1715,1716,1
3830.jpg,1715,1611,-104
3835.jpg,1716,1601,-115
3840.jpg,1716,1764,48
3845.jpg,1716,1730,14
3850.jpg,1716,1760,44
3855.jpg,1716,1710,-6
3860.jpg,1716,1775,59
3865.jpg,1717,1766,49
3870.jpg,1717,1774,57
3875.jpg,1717,1820,103
3880.jpg,1718,1720,2
3885.jpg,1718,1558,-160
3890.jpg,1719,1710,-9
3895.jpg,1719,1766,47
3900.jpg,1719,1720,1
3905.jpg,1719,1778,59
3910.jpg,1720,1081,-639
3915.jpg,1720,1691,-29
3920.jpg,1720,1766,46
3925.jpg,1720,1666,-54
3930.jpg,1720,2015,295
3935.jpg,1720,1775,55
3940.jpg,1720,1776,56
3945.jpg,1720,1815,95
3950.jpg,1720,1735,15
3955.jpg,1720,1817,97
3960.jpg,1720,1830,110
3965.jpg,1720,1775,55
3970.jpg,1720,1626,-94
3975.jpg,1721,1828,107
3980.jpg,1721,1766,45
3985.jpg,1721,1828,107
3990.jpg,1721,1609,-112
3995.jpg,1721,1558,-163
4000.jpg,1722,1776,54
4005.jpg,1722,2019,297
4010.jpg,1722,1765,43
4015.jpg,1722,1777,55
4020.jpg,1722,1710,-12
4025.jpg,1723,1669,-54
4030.jpg,1723,1712,-11
4035.jpg,1723,1766,43
4040.jpg,1723,1712,-11
4045.jpg,1723,1664,-59
4050.jpg,1723,1558,-165
4055.jpg,1723,1960,237
4060.jpg,1724,1716,-8
4065.jpg,1724,1827,103
4070.jpg,1724,1775,51
4075.jpg,1724,1775,51
4080.jpg,1724,1777,53
4085.jpg,1724,1510,-214
4090.jpg,1724,1528,-196
4095.jpg,1724,1604,-120
4100.jpg,1725,1789,64
4105.jpg,1725,1815,90
4110.jpg,1725,1809,84
4115.jpg,1725,1715,-10
4120.jpg,1725,1840,115
4125.jpg,1725,1766,41
4130.jpg,1725,1611,-114
4135.jpg,1725,1234,-491
4140.jpg,1725,1717,-8
4145.jpg,1725,1766,41
4150.jpg,1725,1009,-716
4155.jpg,1725,1087,-638
4160.jpg,1726,1830,104
4165.jpg,1726,1717,-9
4170.jpg,1726,1779,53
4175.jpg,1726,1710,-16
4180.jpg,1726,1500,-226
4185.jpg,1727,1766,39
4190.jpg,1727,1766,39
4195.jpg,1727,1690,-37
4200.jpg,1727,1766,39
4205.jpg,1727,1636,-91
4210.jpg,1727,1776,49
4215.jpg,1728,1759,31
4220.jpg,1728,2010,282
4225.jpg,1728,1766,38
4230.jpg,1728,1757,29
4235.jpg,1728,1777,49
4240.jpg,1728,1900,172
4245.jpg,1728,1817,89
4250.jpg,1729,1720,-9
4255.jpg,1729,1842,113
4260.jpg,1729,1766,37
4265.jpg,1729,1766,37
4270.jpg,1729,1557,-172
4275.jpg,1730,1817,87
4280.jpg,1730,1777,47
4285.jpg,1730,1766,36
4290.jpg,1730,1730,0
4295.jpg,1730,2009,279
4300.jpg,1730,1779,49
4305.jpg,1730,1319,-411
4310.jpg,1730,1779,49
4315.jpg,1730,1779,49
4320.jpg,1730,1717,-13
4325.jpg,1730,1710,-20
4330.jpg,1730,1775,45
4335.jpg,1730,1776,46
4340.jpg,1730,1812,82
4345.jpg,1730,1766,36
4350.jpg,1730,2005,275
4355.jpg,1730,2009,279
4360.jpg,1730,1779,49
4365.jpg,1730,1012,-718
4370.jpg,1731,1719,-12
4375.jpg,1731,1710,-21
4380.jpg,1731,1815,84
4385.jpg,1731,1628,-103
4390.jpg,1732,1051,-681
4395.jpg,1732,1717,-15
4400.jpg,1732,1777,45
4405.jpg,1732,1730,-2
4410.jpg,1732,1766,34
4415.jpg,1732,1766,34
4420.jpg,1732,1609,-123
4425.jpg,1732,1631,-101
4430.jpg,1732,1512,-220
4435.jpg,1733,1717,-16
4440.jpg,1733,1766,33
4445.jpg,1733,1766,33
4450.jpg,1733,1520,-213
4455.jpg,1733,1628,-105
4460.jpg,1733,1716,-17
4465.jpg,1733,2008,275
4470.jpg,1733,1940,207
4475.jpg,1734,1750,16
4480.jpg,1734,1720,-14
4485.jpg,1734,1886,152
4490.jpg,1734,1612,-122
4495.jpg,1735,1816,81
4500.jpg,1735,1766,31
4505.jpg,1735,1766,31
4510.jpg,1735,1807,72
4515.jpg,1735,1779,44
4520.jpg,1735,1787,52
4525.jpg,1735,1779,44
4530.jpg,1735,1828,93
4535.jpg,1735,1778,43
4540.jpg,1735,1643,-92
4545.jpg,1736,2002,266
4550.jpg,1736,1710,-26
4555.jpg,1736,1812,76
4560.jpg,1736,1408,-328
4565.jpg,1736,1559,-177
4570.jpg,1736,1815,79
4575.jpg,1737,1000,-737
4580.jpg,1737,1778,41
4585.jpg,1737,1766,29
4590.jpg,1737,1777,40
4595.jpg,1737,1628,-109
4600.jpg,1737,1636,-101
4605.jpg,1738,1690,-48
4610.jpg,1738,1730,-8
4615.jpg,1738,1906,168
4620.jpg,1738,1772,34
4625.jpg,1738,1601,-137
4630.jpg,1738,1765,27
4635.jpg,1738,1757,19
4640.jpg,1739,1800,61
4645.jpg,1739,1777,38
4650.jpg,1739,1806,67
4655.jpg,1739,1636,-103
4660.jpg,1739,1690,-49
4665.jpg,1740,1779,39
4670.jpg,1740,1766,26
4675.jpg,1740,1766,26
4680.jpg,1740,1766,26
4685.jpg,1740,2019,279
4690.jpg,1740,1766,26
4695.jpg,1740,1766,26
4700.jpg,1740,1766,26
4705.jpg,1740,1766,26
4710.jpg,1740,1735,-5
4715.jpg,1740,1720,-20
4720.jpg,1740,1010,-730
4725.jpg,1740,1766,26
4730.jpg,1740,1766,26
4735.jpg,1740,1775,35
4740.jpg,1740,1009,-731
4745.jpg,1740,1512,-228
4750.jpg,1741,1899,158
4755.jpg,1741,1766,25
4760.jpg,1741,1775,34
4765.jpg,1741,1775,34
4770.jpg,1741,1659,-82
4775.jpg,1741,2004,263
4780.jpg,1742,1010,-732
4785.jpg,1742,1775,33
4790.jpg,1742,1766,24
4795.jpg,1742,1775,33
4800.jpg,1742,1775,33
4805.jpg,1742,1766,24
4810.jpg,1742,1815,73
4815.jpg,1742,1775,33
4820.jpg,1743,1775,32
4825.jpg,1743,1520,-223
4830.jpg,1743,1560,-183
4835.jpg,1743,1766,23
4840.jpg,1743,1666,-77
4845.jpg,1744,1758,14
4850.jpg,1744,1811,67
4855.jpg,1744,1778,34
4860.jpg,1744,1750,6
4865.jpg,1744,1524,-220
4870.jpg,1745,1777,32
4875.jpg,1745,1766,21
4880.jpg,1745,1766,21
4885.jpg,1745,1510,-235
4890.jpg,1745,1817,72
4895.jpg,1745,1667,-78
4900.jpg,1745,1511,-234
4905.jpg,1745,1807,62
4910.jpg,1746,2019,273
4915.jpg,1746,1720,-26
4920.jpg,1746,1710,-36
4925.jpg,1746,1269,-477
4930.jpg,1747,1783,36
4935.jpg,1747,1716,-31
4940.jpg,1747,1669,-78
4945.jpg,1747,1775,28
4950.jpg,1747,2019,272
4955.jpg,1747,1725,-22
4960.jpg,1747,1777,30
4965.jpg,1748,1776,28
4970.jpg,1748,1775,27
4975.jpg,1748,1766,18
4980.jpg,1748,1803,55
4985.jpg,1748,1730,-18
4990.jpg,1749,1775,26
4995.jpg,1749,1775,26
5000.jpg,1749,1710,-39
5005.jpg,1749,1766,17
5010.jpg,1749,1889,140
5015.jpg,1750,1766,16
5020.jpg,1750,1850,100
5025.jpg,1750,1707,-43
5030.jpg,1750,1777,27
5035.jpg,1750,1775,25
5040.jpg,1750,1816,66
5045.jpg,1750,1766,16
5050.jpg,1750,1778,28
5055.jpg,1750,1576,-174
5060.jpg,1750,1766,16
5065.jpg,1750,1766,16
5070.jpg,1750,1766,16
5075.jpg,1750,1776,26
5080.jpg,1750,1777,27
5085.jpg,1750,1766,16
5090.jpg,1750,1778,28
5095.jpg,1750,1778,28
5100.jpg,1750,1775,25
5105.jpg,1750,1775,25
5110.jpg,1750,1776,26
5115.jpg,1750,1779,29
5120.jpg,1750,1766,16
5125.jpg,1750,1766,16
5130.jpg,1750,1766,16
5135.jpg,1750,1778,28
5140.jpg,1750,1830,80
5145.jpg,1750,1778,28
5150.jpg,1750,1817,67
5155.jpg,1750,1766,16
5160.jpg,1750,1766,16
5165.jpg,1750,1775,25
5170.jpg,1750,1705,-45
5175.jpg,1750,1766,16
5180.jpg,1750,1779,29
5185.jpg,1750,2019,269
5190.jpg,1750,1778,28
5195.jpg,1751,1594,-157
5200.jpg,1751,1776,25
5205.jpg,1751,1775,24
5210.jpg,1751,1820,69
5215.jpg,1751,1766,15
5220.jpg,1751,1050,-701
5225.jpg,1752,1725,-27
5230.jpg,1752,1779,27
5235.jpg,1752,1766,14
5240.jpg,1752,1766,14
5245.jpg,1752,1812,60
5250.jpg,1752,1815,63
5255.jpg,1752,1777,25
5260.jpg,1752,1777,25
5265.jpg,1752,1777,25
5270.jpg,1752,1710,-42
5275.jpg,1752,1710,-42
5280.jpg,1752,1787,35
5285.jpg,1753,2021,268
5290.jpg,1753,1766,13
5295.jpg,1753,1816,63
5300.jpg,1753,1766,13
5305.jpg,1753,1775,22
5310.jpg,1753,1776,23
5315.jpg,1753,1558,-195
5320.jpg,1753,2007,254
5325.jpg,1754,1775,21
5330.jpg,1754,1777,23
5335.jpg,1754,1766,12
5340.jpg,1754,1925,171
5345.jpg,1754,1787,33
5350.jpg,1754,1815,61
5355.jpg,1754,1052,-702
5360.jpg,1754,1636,-118
5365.jpg,1754,1710,-44
5370.jpg,1755,1659,-96
5375.jpg,1755,1690,-65
5380.jpg,1755,1766,11
5385.jpg,1755,1870,115
5390.jpg,1755,1776,21
5395.jpg,1755,1778,23
5400.jpg,1755,1766,11
5405.jpg,1755,1813,58
5410.jpg,1755,1720,-35
5415.jpg,1756,1778,22
5420.jpg,1756,1710,-46
5425.jpg,1756,1766,10
5430.jpg,1756,1690,-66
5435.jpg,1756,1777,21
5440.jpg,1756,1766,10
5445.jpg,1756,1776,20
5450.jpg,1756,1464,-292
5455.jpg,1756,1625,-131
5460.jpg,1756,1777,21
5465.jpg,1757,1717,-40
5470.jpg,1757,1720,-37
5475.jpg,1757,1725,-32
5480.jpg,1757,1789,32
5485.jpg,1757,1817,60
5490.jpg,1757,1766,9
5495.jpg,1757,1777,20
5500.jpg,1758,1825,67
5505.jpg,1758,1807,49
5510.jpg,1758,1766,8
5515.jpg,1758,1750,-8
5520.jpg,1758,1766,8
5525.jpg,1758,1775,17
5530.jpg,1758,1001,-757
5535.jpg,1759,1776,17
5540.jpg,1759,1775,16
5545.jpg,1759,1776,17
5550.jpg,1759,1775,16
5555.jpg,1759,1776,17
5560.jpg,1759,2019,260
5565.jpg,1760,1787,27
5570.jpg,1760,1815,55
5575.jpg,1760,1779,19
5580.jpg,1760,1830,70
5585.jpg,1760,1250,-510
5590.jpg,1761,1694,-67
5595.jpg,1761,1815,54
5600.jpg,1761,1806,45
5605.jpg,1761,1518,-243
5610.jpg,1761,1777,16
5615.jpg,1761,1640,-121
5620.jpg,1761,1511,-250
5625.jpg,1761,1000,-761
5630.jpg,1762,1803,41
5635.jpg,1762,1778,16
5640.jpg,1762,1807,45
5645.jpg,1762,1775,13
5650.jpg,1762,1776,14
5655.jpg,1762,1717,-45
5660.jpg,1762,1695,-67
5665.jpg,1762,1777,15
5670.jpg,1763,1777,14
5675.jpg,1763,1757,-6
5680.jpg,1763,1766,3
5685.jpg,1763,1791,28
5690.jpg,1763,1766,3
5695.jpg,1763,1775,12
5700.jpg,1763,1464,-299
5705.jpg,1763,1777,14
5710.jpg,1764,1750,-14
5715.jpg,1764,1820,56
5720.jpg,1764,1774,10
5725.jpg,1764,1766,2
5730.jpg,1764,1728,-36
5735.jpg,1764,1766,2
5740.jpg,1764,1720,-44
5745.jpg,1764,1776,12
5750.jpg,1764,1540,-224
5755.jpg,1764,1708,-56
5760.jpg,1765,1594,-171
5765.jpg,1765,1787,22
5770.jpg,1765,1775,10
5775.jpg,1765,1766,1
5780.jpg,1765,2019,254
5785.jpg,1765,1511,-254
5790.jpg,1765,1750,-15
5795.jpg,1765,1766,1
5800.jpg,1765,1766,1
5805.jpg,1765,1766,1
5810.jpg,1765,1775,10
5815.jpg,1765,1776,11
5820.jpg,1765,1809,44
5825.jpg,1765,1609,-156
5830.jpg,1765,2019,254
5835.jpg,1766,1757,-9
5840.jpg,1766,1816,50
5845.jpg,1766,1766,0
5850.jpg,1766,1410,-356
5855.jpg,1766,1690,-76
5860.jpg,1766,1735,-31
5865.jpg,1766,1777,11
5870.jpg,1766,1777,11
5875.jpg,1767,1779,12
5880.jpg,1767,1778,11
5885.jpg,1767,1936,169
5890.jpg,1767,1807,40
5895.jpg,1768,1816,48
5900.jpg,1768,1815,47
5905.jpg,1768,1766,-2
5910.jpg,1768,1509,-259
5915.jpg,1768,1775,7
5920.jpg,1768,1766,-2
5925.jpg,1768,1720,-48
5930.jpg,1768,1720,-48
5935.jpg,1768,1992,224
5940.jpg,1768,1012,-756
5945.jpg,1769,1766,-3
5950.jpg,1769,1779,10
5955.jpg,1769,1766,-3
5960.jpg,1769,1775,6
5965.jpg,1769,1777,8
5970.jpg,1769,1779,10
5975.jpg,1769,1766,-3
5980.jpg,1769,1766,-3
5985.jpg,1769,2010,241
5990.jpg,1769,1900,131
5995.jpg,1769,1050,-719
6000.jpg,1770,1512,-258
6005.jpg,1770,1775,5
6010.jpg,1770,1779,9
6015.jpg,1770,1766,-4
6020.jpg,1770,1776,6
6025.jpg,1770,1816,46
6030.jpg,1770,1778,8
6035.jpg,1770,2019,249
6040.jpg,1770,1766,-4
6045.jpg,1770,1803,33
6050.jpg,1770,1775,5
6055.jpg,1770,1779,9
6060.jpg,1770,1776,6
6065.jpg,1770,1720,-50
6070.jpg,1770,1766,-4
6075.jpg,1770,1779,9
6080.jpg,1770,1777,7
6085.jpg,1770,1779,9
6090.jpg,1770,1766,-4
6095.jpg,1770,1690,-80
6100.jpg,1770,1710,-60
6105.jpg,1770,1558,-212
6110.jpg,1770,1766,-4
6115.jpg,1771,1821,50
6120.jpg,1771,1764,-7
6125.jpg,1771,1717,-54
6130.jpg,1771,1766,-5
6135.jpg,1771,1414,-357
6140.jpg,1771,1519,-252
6145.jpg,1771,1766,-5
6150.jpg,1771,1876,105
6155.jpg,1771,1625,-146
6160.jpg,1771,1494,-277
6165.jpg,1771,1000,-771
6170.jpg,1772,1815,43
6175.jpg,1772,1775,3
6180.jpg,1772,1519,-253
6185.jpg,1772,1518,-254
6190.jpg,1772,1708,-64
6195.jpg,1773,2012,239
6200.jpg,1773,1646,-127
6205.jpg,1773,1779,6
6210.jpg,1773,1778,5
6215.jpg,1773,1779,6
6220.jpg,1773,1766,-7
6225.jpg,1773,1777,4
6230.jpg,1773,1766,-7
6235.jpg,1773,1807,34
6240.jpg,1774,1766,-8
6245.jpg,1774,1815,41
6250.jpg,1774,1815,41
6255.jpg,1774,1775,1
6260.jpg,1774,1766,-8
6265.jpg,1774,1775,1
6270.jpg,1774,1779,5
6275.jpg,1774,1666,-108
6280.jpg,1774,1766,-8
6285.jpg,1774,1700,-74
6290.jpg,1774,1996,222
6295.jpg,1774,1816,42
6300.jpg,1774,1766,-8
6305.jpg,1775,1740,-35
6310.jpg,1775,1766,-9
6315.jpg,1775,1766,-9
6320.jpg,1775,1779,4
6325.jpg,1775,1766,-9
6330.jpg,1775,1776,1
6335.jpg,1775,1780,5
6340.jpg,1775,1766,-9
6345.jpg,1775,1576,-199
6350.jpg,1775,1779,4
6355.jpg,1775,1766,-9
6360.jpg,1775,1807,32
6365.jpg,1775,1778,3
6370.jpg,1775,1807,32
6375.jpg,1775,1815,40
6380.jpg,1775,2008,233
6385.jpg,1775,1520,-255
6390.jpg,1775,1354,-421
6395.jpg,1775,1766,-9
6400.jpg,1776,1712,-64
6405.jpg,1776,1690,-86
6410.jpg,1776,1776,0
6415.jpg,1776,1815,39
6420.jpg,1776,1775,-1
6425.jpg,1776,1814,38
6430.jpg,1776,1779,3
6435.jpg,1776,1766,-10
6440.jpg,1776,1810,34
6445.jpg,1777,1766,-11
6450.jpg,1777,1720,-57
6455.jpg,1777,1871,94
6460.jpg,1777,1730,-47
6465.jpg,1777,1766,-11
6470.jpg,1777,1818,41
6475.jpg,1777,1009,-768
6480.jpg,1777,2006,229
6485.jpg,1778,1776,-2
6490.jpg,1778,1755,-23
6495.jpg,1778,1817,39
6500.jpg,1778,1807,29
6505.jpg,1778,1766,-12
6510.jpg,1778,1750,-28
6515.jpg,1779,2019,240
6520.jpg,1779,1766,-13
6525.jpg,1779,1786,7
6530.jpg,1779,1817,38
6535.jpg,1779,1810,31
6540.jpg,1779,1776,-3
6545.jpg,1779,1807,28
6550.jpg,1779,1530,-249
6555.jpg,1780,1266,-514
6560.jpg,1780,1807,27
6565.jpg,1780,1765,-15
6570.jpg,1780,1775,-5
6575.jpg,1780,1777,-3
6580.jpg,1780,1865,85
6585.jpg,1780,1766,-14
6590.jpg,1780,1777,-3
6595.jpg,1780,1779,-1
6600.jpg,1780,1766,-14
6605.jpg,1780,1766,-14
6610.jpg,1780,1766,-14
6615.jpg,1780,1776,-4
6620.jpg,1780,1712,-68
6625.jpg,1780,1766,-14
6630.jpg,1780,1766,-14
6635.jpg,1780,1776,-4
6640.jpg,1780,1779,-1
6645.jpg,1780,1766,-14
6650.jpg,1780,1766,-14
6655.jpg,1780,1818,38
6660.jpg,1780,1775,-5
6665.jpg,1780,1815,35
6670.jpg,1781,1886,105
6675.jpg,1781,1773,-8
6680.jpg,1781,1776,-5
6685.jpg,1781,1814,33
6690.jpg,1781,1601,-180
6695.jpg,1781,1844,63
6700.jpg,1781,1768,-13
6705.jpg,1781,1941,160
6710.jpg,1782,1815,33
6715.jpg,1782,1717,-65
6720.jpg,1782,1766,-16
6725.jpg,1782,1776,-6
6730.jpg,1782,1766,-16
6735.jpg,1782,1716,-66
6740.jpg,1782,1779,-3
6745.jpg,1782,1491,-291
6750.jpg,1782,1760,-22
6755.jpg,1783,1414,-369
6760.jpg,1783,1717,-66
6765.jpg,1783,2003,220
6770.jpg,1783,1775,-8
6775.jpg,1783,1775,-8
6780.jpg,1783,1766,-17
6785.jpg,1783,1766,-17
6790.jpg,1783,1766,-17
6795.jpg,1783,1766,-17
6800.jpg,1783,2013,230
6805.jpg,1783,1710,-73
6810.jpg,1784,1812,28
6815.jpg,1784,1009,-775
6820.jpg,1784,1779,-5
6825.jpg,1784,1775,-9
6830.jpg,1784,1775,-9
6835.jpg,1784,1779,-5
6840.jpg,1784,1167,-617
6845.jpg,1784,1777,-7
6850.jpg,1784,1528,-256
6855.jpg,1784,1690,-94
6860.jpg,1785,1817,32
6865.jpg,1785,1803,18
6870.jpg,1785,1766,-19
6875.jpg,1785,1715,-70
6880.jpg,1785,1840,55
6885.jpg,1785,1814,29
6890.jpg,1785,1778,-7
6895.jpg,1785,1779,-6
6900.jpg,1785,1820,35
6905.jpg,1785,1775,-10
6910.jpg,1785,1779,-6
6915.jpg,1785,1775,-10
6920.jpg,1785,1776,-9
6925.jpg,1785,1766,-19
6930.jpg,1785,1008,-777
6935.jpg,1785,1766,-19
6940.jpg,1785,1818,33
6945.jpg,1785,1520,-265
6950.jpg,1786,1511,-275
6955.jpg,1786,1779,-7
6960.jpg,1786,1816,30
6965.jpg,1786,1066,-720
6970.jpg,1786,1777,-9
6975.jpg,1786,1766,-20
6980.jpg,1786,1720,-66
6985.jpg,1786,2019,233
6990.jpg,1786,1827,41
6995.jpg,1786,1999,213
7000.jpg,1786,1900,114
7005.jpg,1787,1626,-161
7010.jpg,1787,1820,33
7015.jpg,1787,1777,-10
7020.jpg,1787,2019,232
7025.jpg,1787,1725,-62
7030.jpg,1787,1766,-21
7035.jpg,1787,1778,-9
7040.jpg,1787,1777,-10
7045.jpg,1787,1836,49
7050.jpg,1787,1766,-21
7055.jpg,1787,1778,-9
7060.jpg,1787,1777,-10
7065.jpg,1787,1788,1
7070.jpg,1787,1775,-12
7075.jpg,1787,1419,-368
7080.jpg,1787,1815,28
7085.jpg,1787,1830,43
7090.jpg,1788,2019,231
7095.jpg,1788,1720,-68
7100.jpg,1788,2019,231
7105.jpg,1788,1796,8
7110.jpg,1788,1776,-12
7115.jpg,1788,1776,-12
7120.jpg,1788,1766,-22
7125.jpg,1788,2019,231
7130.jpg,1788,1766,-22
7135.jpg,1788,1720,-68
7140.jpg,1788,1712,-76
7145.jpg,1789,1815,26
7150.jpg,1789,1777,-12
7155.jpg,1789,1777,-12
7160.jpg,1789,1776,-13
7165.jpg,1789,1776,-13
7170.jpg,1789,1812,23
7175.jpg,1789,1777,-12
7180.jpg,1789,1777,-12
7185.jpg,1789,1776,-13
7190.jpg,1789,1628,-161
7195.jpg,1789,1775,-14
7200.jpg,1790,1796,6
7205.jpg,1790,1817,27
7210.jpg,1790,1816,26
7215.jpg,1790,1815,25
7220.jpg,1790,1779,-11
7225.jpg,1790,1766,-24
7230.jpg,1790,1766,-24
7235.jpg,1790,1779,-11
7240.jpg,1790,1817,27
7245.jpg,1790,1779,-11
7250.jpg,1790,1766,-24
7255.jpg,1790,1779,-11
7260.jpg,1790,1806,16
7265.jpg,1790,1807,17
7270.jpg,1790,1777,-13
7275.jpg,1790,1779,-11
7280.jpg,1790,1779,-11
7285.jpg,1790,1775,-15
7290.jpg,1790,1906,116
7295.jpg,1790,1779,-11
7300.jpg,1790,1779,-11
7305.jpg,1790,1766,-24
7310.jpg,1790,1779,-11
7315.jpg,1790,1778,-12
7320.jpg,1790,1779,-11
7325.jpg,1790,1815,25
7330.jpg,1790,1717,-73
7335.jpg,1790,1766,-24
7340.jpg,1790,1779,-11
7345.jpg,1790,1812,22
7350.jpg,1790,1766,-24
7355.jpg,1790,1776,-14
7360.jpg,1790,1766,-24
7365.jpg,1790,1766,-24
7370.jpg,1790,1777,-13
7375.jpg,1790,1827,37
7380.jpg,1790,1505,-285
7385.jpg,1791,2019,228
7390.jpg,1791,1836,45
7395.jpg,1791,1777,-14
7400.jpg,1791,1785,-6
7405.jpg,1791,1836,45
7410.jpg,1791,1777,-14
7415.jpg,1791,1766,-25
7420.jpg,1791,1779,-12
7425.jpg,1791,1776,-15
7430.jpg,1791,1992,201
7435.jpg,1791,1636,-155
7440.jpg,1792,1901,109
7445.jpg,1792,1803,11
7450.jpg,1792,1776,-16
7455.jpg,1792,1730,-62
7460.jpg,1792,1814,22
7465.jpg,1792,1766,-26
7470.jpg,1792,1779,-13
7475.jpg,1792,1779,-13
7480.jpg,1792,1777,-15
7485.jpg,1792,1766,-26
7490.jpg,1792,1766,-26
7495.jpg,1792,1720,-72
7500.jpg,1792,1775,-17
7505.jpg,1792,1710,-82
7510.jpg,1793,1720,-73
7515.jpg,1793,1011,-782
7520.jpg,1793,1766,-27
7525.jpg,1793,1830,37
7530.jpg,1793,1675,-118
7535.jpg,1793,1450,-343
7540.jpg,1793,1779,-14
7545.jpg,1793,1775,-18
7550.jpg,1793,1807,14
7555.jpg,1793,1766,-27
7560.jpg,1793,1766,-27
7565.jpg,1793,1766,-27
7570.jpg,1793,1807,14
7575.jpg,1793,1779,-14
7580.jpg,1793,1776,-17
7585.jpg,1793,1775,-18
7590.jpg,1793,1817,24
7595.jpg,1794,1813,19
7600.jpg,1794,1769,-25
7605.jpg,1794,1777,-17
7610.jpg,1794,1779,-15
7615.jpg,1794,1740,-54
7620.jpg,1794,1812,18
7625.jpg,1794,1776,-18
7630.jpg,1794,1817,23
7635.jpg,1794,1776,-18
7640.jpg,1794,1779,-15
7645.jpg,1794,1690,-104
7650.jpg,1794,1806,12
7655.jpg,1795,1750,-45
7660.jpg,1795,1779,-16
7665.jpg,1795,1741,-54
7670.jpg,1795,1729,-66
7675.jpg,1795,1779,-16
7680.jpg,1795,1766,-29
7685.jpg,1795,1766,-29
7690.jpg,1795,1769,-26
7695.jpg,1795,1812,17
7700.jpg,1795,1777,-18
7705.jpg,1795,1779,-16
7710.jpg,1795,1766,-29
7715.jpg,1795,1836,41
7720.jpg,1795,1766,-29
7725.jpg,1795,1777,-18
7730.jpg,1795,1775,-20
7735.jpg,1795,1777,-18
7740.jpg,1795,1806,11
7745.jpg,1795,1760,-35
7750.jpg,1795,1775,-20
7755.jpg,1795,1766,-29
7760.jpg,1795,1776,-19
7765.jpg,1795,1779,-16
7770.jpg,1795,1836,41
7775.jpg,1796,1830,34
7780.jpg,1796,1779,-17
7785.jpg,1796,1779,-17
7790.jpg,1796,1720,-76
7795.jpg,1796,1710,-86
7800.jpg,1796,1775,-21
7805.jpg,1796,1766,-30
7810.jpg,1796,1775,-21
7815.jpg,1796,1775,-21
7820.jpg,1796,1815,19
7825.jpg,1796,1779,-17
7830.jpg,1796,1768,-28
7835.jpg,1796,1775,-21
7840.jpg,1796,1775,-21
7845.jpg,1796,1815,19
7850.jpg,1796,1776,-20
7855.jpg,1796,1816,20
7860.jpg,1796,1809,13
7865.jpg,1796,1825,29
7870.jpg,1796,1694,-102
7875.jpg,1796,1717,-79
7880.jpg,1797,1776,-21
7885.jpg,1797,1494,-303
7890.jpg,1797,1765,-32
7895.jpg,1797,1766,-31
7900.jpg,1797,1785,-12
7905.jpg,1797,1766,-31
7910.jpg,1797,1817,20
7915.jpg,1797,1822,25
7920.jpg,1797,1806,9
7925.jpg,1797,1779,-18
7930.jpg,1797,1766,-31
7935.jpg,1797,1777,-20
7940.jpg,1797,1852,55
7945.jpg,1797,1612,-185
7950.jpg,1797,1813,16
7955.jpg,1798,1494,-304
7960.jpg,1798,1520,-278
7965.jpg,1798,1021,-777
7970.jpg,1798,1717,-81
7975.jpg,1798,2019,221
7980.jpg,1798,1775,-23
7985.jpg,1798,2007,209
7990.jpg,1798,1806,8
7995.jpg,1798,1067,-731
8000.jpg,1798,1840,42
8005.jpg,1798,1766,-32
8010.jpg,1798,1766,-32
8015.jpg,1798,1779,-19
8020.jpg,1798,1777,-21
8025.jpg,1798,1779,-19
8030.jpg,1798,1775,-23
8035.jpg,1798,1779,-19
8040.jpg,1798,1766,-32
8045.jpg,1798,1775,-23
8050.jpg,1798,1779,-19
8055.jpg,1798,1777,-21
8060.jpg,1799,1012,-787
8065.jpg,1799,1815,16
8070.jpg,1799,1818,19
8075.jpg,1799,1775,-24
8080.jpg,1799,1779,-20
8085.jpg,1799,1766,-33
8090.jpg,1799,1766,-33
8095.jpg,1799,1766,-33
8100.jpg,1799,1804,5
8105.jpg,1799,1775,-24
8110.jpg,1799,1419,-380
8115.jpg,1800,1065,-735
8120.jpg,1800,2019,219
8125.jpg,1800,1766,-34
8130.jpg,1800,1815,15
8135.jpg,1800,1777,-23
8140.jpg,1800,1766,-34
8145.jpg,1800,1775,-25
8150.jpg,1800,1779,-21
8155.jpg,1800,1776,-24
8160.jpg,1800,1776,-24
8165.jpg,1800,1766,-34
8170.jpg,1800,1766,-34
8175.jpg,1800,1777,-23
8180.jpg,1800,1779,-21
8185.jpg,1800,1803,3
8190.jpg,1800,1766,-34
8195.jpg,1800,1775,-25
8200.jpg,1800,1776,-24
8205.jpg,1800,1775,-25
8210.jpg,1800,1755,-45
8215.jpg,1800,1806,6
8220.jpg,1800,1779,-21
8225.jpg,1800,1779,-21
8230.jpg,1800,1775,-25
8235.jpg,1800,1775,-25
8240.jpg,1800,1815,15
8245.jpg,1800,1766,-34
8250.jpg,1800,1777,-23
8255.jpg,1800,1779,-21
8260.jpg,1800,1779,-21
8265.jpg,1800,1775,-25
8270.jpg,1800,1766,-34
8275.jpg,1800,1766,-34
8280.jpg,1800,1766,-34
8285.jpg,1800,1936,136
8290.jpg,1800,1808,8
8295.jpg,1800,1807,7
8300.jpg,1801,1494,-307
8305.jpg,1801,1944,143
8310.jpg,1801,1815,14
8315.jpg,1801,1860,59
8320.jpg,1801,1827,26
8325.jpg,1801,1775,-26
8330.jpg,1801,1779,-22
8335.jpg,1801,1750,-51
8340.jpg,1801,1766,-35
8345.jpg,1801,1836,35
8350.jpg,1801,1720,-81
8355.jpg,1801,1766,-35
8360.jpg,1801,1776,-25
8365.jpg,1801,1900,99
8370.jpg,1801,2018,217
8375.jpg,1802,1949,147
8380.jpg,1802,1720,-82
8385.jpg,1802,1791,-11
8390.jpg,1802,1766,-36
8395.jpg,1802,1716,-86
8400.jpg,1802,1775,-27
8405.jpg,1802,1766,-36
8410.jpg,1802,1720,-82
8415.jpg,1802,1010,-792
8420.jpg,1802,1779,-23
8425.jpg,1802,1820,18
8430.jpg,1802,1798,-4
8435.jpg,1802,1719,-83
8440.jpg,1803,1010,-793
8445.jpg,1803,1776,-27
8450.jpg,1803,1836,33
8455.jpg,1803,1775,-28
8460.jpg,1803,1519,-284
8465.jpg,1803,1766,-37
8470.jpg,1803,1905,102
8475.jpg,1803,1776,-27
8480.jpg,1803,1779,-24
8485.jpg,1803,1775,-28
8490.jpg,1803,1814,11
8495.jpg,1803,1820,17
8500.jpg,1803,1815,12
8505.jpg,1803,1836,33
8510.jpg,1804,2019,215
8515.jpg,1804,1776,-28
8520.jpg,1804,1518,-286
8525.jpg,1804,1717,-87
8530.jpg,1804,1750,-54
8535.jpg,1804,1779,-25
8540.jpg,1804,1818,14
8545.jpg,1804,1766,-38
8550.jpg,1804,1812,8
8555.jpg,1804,1766,-38
8560.jpg,1804,1778,-26
8565.jpg,1804,1775,-29
8570.jpg,1804,1778,-26
8575.jpg,1804,1806,2
8580.jpg,1804,1770,-34
8585.jpg,1805,1590,-215
8590.jpg,1805,1836,31
8595.jpg,1805,1717,-88
8600.jpg,1805,1778,-27
8605.jpg,1805,1780,-25
8610.jpg,1805,1725,-80
8615.jpg,1805,1780,-25
8620.jpg,1805,1739,-66
8625.jpg,1805,1766,-39
8630.jpg,1805,1067,-738
8635.jpg,1805,1900,95
8640.jpg,1805,1777,-28
8645.jpg,1805,1806,1
8650.jpg,1805,1850,45
8655.jpg,1805,1886,81
8660.jpg,1805,1813,8
8665.jpg,1805,1779,-26
8670.jpg,1805,1810,5
8675.jpg,1805,1806,1
8680.jpg,1805,1779,-26
8685.jpg,1805,1812,7
8690.jpg,1805,1664,-141
8695.jpg,1806,1814,8
8700.jpg,1806,1777,-29
8705.jpg,1806,1690,-116
8710.jpg,1806,1817,11
8715.jpg,1806,1779,-27
8720.jpg,1806,1840,34
8725.jpg,1806,1750,-56
8730.jpg,1806,1796,-10
8735.jpg,1806,1775,-31
8740.jpg,1806,1777,-29
8745.jpg,1806,1777,-29
8750.jpg,1806,1766,-40
8755.jpg,1806,1796,-10
8760.jpg,1806,1664,-142
8765.jpg,1807,1817,10
8770.jpg,1807,1766,-41
8775.jpg,1807,1812,5
8780.jpg,1807,1806,-1
8785.jpg,1807,1940,133
8790.jpg,1807,1766,-41
8795.jpg,1807,1779,-28
8800.jpg,1807,1828,21
8805.jpg,1807,1766,-41
8810.jpg,1807,1766,-41
8815.jpg,1807,1779,-28
8820.jpg,1807,1766,-41
8825.jpg,1807,1775,-32
8830.jpg,1807,1666,-141
8835.jpg,1807,1500,-307
8840.jpg,1808,2019,211
8845.jpg,1808,1810,2
8850.jpg,1808,1816,8
8855.jpg,1808,1817,9
8860.jpg,1808,1775,-33
8865.jpg,1808,1779,-29
8870.jpg,1808,1816,8
8875.jpg,1808,1827,19
8880.jpg,1808,1766,-42
8885.jpg,1808,1814,6
8890.jpg,1808,1812,4
8895.jpg,1808,1766,-42
8900.jpg,1808,1779,-29
8905.jpg,1808,1820,12
8910.jpg,1809,1776,-33
8915.jpg,1809,1775,-34
8920.jpg,1809,1999,190
8925.jpg,1809,1755,-54
8930.jpg,1809,1766,-43
8935.jpg,1809,1717,-92
8940.jpg,1809,1806,-3
8945.jpg,1809,1779,-30
8950.jpg,1809,1779,-30
8955.jpg,1809,1820,11
8960.jpg,1809,1277,-532
8965.jpg,1809,1512,-297
8970.jpg,1809,1766,-43
8975.jpg,1810,1836,26
8980.jpg,1810,2018,208
8985.jpg,1810,1999,189
8990.jpg,1810,2005,195
8995.jpg,1810,1843,33
9000.jpg,1810,1766,-44
9005.jpg,1810,1778,-32
9010.jpg,1810,1060,-750
9015.jpg,1810,1777,-33
9020.jpg,1810,1816,6
9025.jpg,1810,1766,-44
9030.jpg,1810,1779,-31
9035.jpg,1810,1779,-31
9040.jpg,1810,1776,-34
9045.jpg,1810,1766,-44
9050.jpg,1810,1766,-44
9055.jpg,1810,1720,-90
9060.jpg,1810,1876,66
9065.jpg,1810,1828,18
9070.jpg,1810,1611,-199
9075.jpg,1810,1776,-34
9080.jpg,1810,1776,-34
9085.jpg,1810,1779,-31
9090.jpg,1810,1766,-44
9095.jpg,1810,1779,-31
9100.jpg,1810,1775,-35
9105.jpg,1810,1779,-31
9110.jpg,1810,2019,209
9115.jpg,1810,1779,-31
9120.jpg,1810,1776,-34
9125.jpg,1810,2005,195
9130.jpg,1810,1776,-34
9135.jpg,1810,1946,136
9140.jpg,1810,1920,110
9145.jpg,1810,1766,-44
9150.jpg,1811,1494,-317
9155.jpg,1811,1717,-94
9160.jpg,1811,1716,-95
9165.jpg,1811,1815,4
9170.jpg,1811,1776,-35
9175.jpg,1811,1776,-35
9180.jpg,1811,1876,65
9185.jpg,1811,1779,-32
9190.jpg,1811,1814,3
9195.jpg,1811,1807,-4
9200.jpg,1811,1710,-101
9205.jpg,1811,1775,-36
9210.jpg,1812,1815,3
9215.jpg,1812,1340,-472
9220.jpg,1812,1491,-321
9225.jpg,1812,1817,5
9230.jpg,1812,1816,4
9235.jpg,1812,1775,-37
9240.jpg,1812,1779,-33
9245.jpg,1812,1779,-33
9250.jpg,1812,1777,-35
9255.jpg,1812,1812,0
9260.jpg,1812,1779,-33
9265.jpg,1812,1779,-33
9270.jpg,1812,1777,-35
9275.jpg,1812,1812,0
9280.jpg,1812,1776,-36
9285.jpg,1812,1776,-36
9290.jpg,1812,1803,-9
9295.jpg,1812,1777,-35
9300.jpg,1812,1775,-37
9305.jpg,1812,1775,-37
9310.jpg,1813,1643,-170
9315.jpg,1813,1776,-37
9320.jpg,1813,1775,-38
9325.jpg,1813,1815,2
9330.jpg,1813,1775,-38
9335.jpg,1813,1775,-38
9340.jpg,1813,1766,-47
9345.jpg,1813,1775,-38
9350.jpg,1813,1776,-37
9355.jpg,1813,1000,-813
9360.jpg,1813,1916,103
9365.jpg,1813,1694,-119
9370.jpg,1813,1803,-10
9375.jpg,1814,1626,-188
9380.jpg,1814,1915,101
9385.jpg,1814,1910,96
9390.jpg,1814,1820,6
9395.jpg,1814,1803,-11
9400.jpg,1814,2019,205
9405.jpg,1814,1775,-39
9410.jpg,1814,2007,193
9415.jpg,1814,1780,-34
9420.jpg,1814,1779,-35
9425.jpg,1814,1766,-48
9430.jpg,1814,1035,-779
9435.jpg,1814,1775,-39
9440.jpg,1814,1779,-35
9445.jpg,1814,1766,-48
9450.jpg,1814,1817,3
9455.jpg,1814,1269,-545
9460.jpg,1814,1820,6
9465.jpg,1815,1817,2
9470.jpg,1815,1916,101
9475.jpg,1815,1817,2
9480.jpg,1815,1779,-36
9485.jpg,1815,1812,-3
9490.jpg,1815,1779,-36
9495.jpg,1815,1766,-49
9500.jpg,1815,1863,48
9505.jpg,1815,1776,-39
9510.jpg,1815,1777,-38
9515.jpg,1815,1775,-40
9520.jpg,1815,1769,-46
9525.jpg,1815,1835,20
9530.jpg,1815,1766,-49
9535.jpg,1815,1836,21
9540.jpg,1815,1766,-49
9545.jpg,1815,1815,0
9550.jpg,1815,1766,-49
9555.jpg,1815,1766,-49
9560.jpg,1815,1776,-39
9565.jpg,1815,1779,-36
9570.jpg,1815,1779,-36
9575.jpg,1815,1864,49
9580.jpg,1815,1509,-306
9585.jpg,1815,2007,192
9590.jpg,1815,1812,-3
9595.jpg,1816,1818,2
9600.jpg,1816,1717,-99
9605.jpg,1816,1775,-41
9610.jpg,1816,1815,-1
9615.jpg,1816,1818,2
9620.jpg,1816,1777,-39
9625.jpg,1816,1820,4
9630.jpg,1816,1836,20
9635.jpg,1816,1830,14
9640.jpg,1816,1779,-37
9645.jpg,1816,1764,-52
9650.jpg,1816,1804,-12
9655.jpg,1816,1779,-37
9660.jpg,1816,1809,-7
9665.jpg,1816,1766,-50
9670.jpg,1816,1803,-13
9675.jpg,1816,1776,-40
9680.jpg,1816,1757,-59
9685.jpg,1816,1865,49
9690.jpg,1816,1776,-40
9695.jpg,1816,1776,-40
9700.jpg,1816,1494,-322
9705.jpg,1816,1604,-212
9710.jpg,1816,1814,-2
9715.jpg,1817,1841,24
9720.jpg,1817,1766,-51
9725.jpg,1817,1815,-2
9730.jpg,1817,2002,185
9735.jpg,1817,1779,-38
9740.jpg,1817,1806,-11
9745.jpg,1817,1779,-38
9750.jpg,1817,1775,-42
9755.jpg,1817,1779,-38
9760.jpg,1817,1774,-43
9765.jpg,1817,1779,-38
9770.jpg,1817,1806,-11
9775.jpg,1817,2009,192
9780.jpg,1817,1812,-5
9785.jpg,1817,1859,42
9790.jpg,1818,1778,-40
9795.jpg,1818,1807,-11
9800.jpg,1818,1836,18
9805.jpg,1818,1896,78
9810.jpg,1818,1812,-6
9815.jpg,1818,1816,-2
9820.jpg,1818,1840,22
9825.jpg,1818,1776,-42
9830.jpg,1818,1766,-52
9835.jpg,1818,1806,-12
9840.jpg,1818,1779,-39
9845.jpg,1818,1907,89
9850.jpg,1818,1850,32
9855.jpg,1818,1836,18
9860.jpg,1818,1766,-52
9865.jpg,1818,1779,-39
9870.jpg,1818,1779,-39
9875.jpg,1818,1775,-43
9880.jpg,1818,1779,-39
9885.jpg,1818,1996,178
9890.jpg,1818,1815,-3
9895.jpg,1818,1775,-43
9900.jpg,1818,1814,-4
9905.jpg,1818,1717,-101
9910.jpg,1819,1725,-94
9915.jpg,1819,1812,-7
9920.jpg,1819,1830,11
9925.jpg,1819,1909,90
9930.jpg,1819,1827,8
9935.jpg,1819,1803,-16
9940.jpg,1819,1779,-40
9945.jpg,1819,1812,-7
9950.jpg,1819,1812,-7
9955.jpg,1819,1836,17
9960.jpg,1819,1779,-40
9965.jpg,1819,1776,-43
9970.jpg,1819,1812,-7
9975.jpg,1819,1850,31
9980.jpg,1819,1779,-40
9985.jpg,1820,2019,199
9990.jpg,1820,1815,-5
9995.jpg,1820,1777,-43
10000.jpg,1820,1765,-55
10005.jpg,1820,1490,-330
10010.jpg,1820,1809,-11
10015.jpg,1820,1830,10
10020.jpg,1820,1854,34
10025.jpg,1820,1717,-103
10030.jpg,1820,1775,-45
10035.jpg,1820,1766,-54
10040.jpg,1820,1779,-41
10045.jpg,1820,1836,16
10050.jpg,1820,1828,8
10055.jpg,1820,1817,-3
10060.jpg,1820,1779,-41
10065.jpg,1820,1804,-16
10070.jpg,1820,1777,-43
10075.jpg,1820,1779,-41
10080.jpg,1820,1778,-42
10085.jpg,1820,1045,-775
10090.jpg,1820,1777,-43
10095.jpg,1820,1778,-42
10100.jpg,1820,1776,-44
10105.jpg,1820,1776,-44
10110.jpg,1820,1779,-41
10115.jpg,1820,1780,-40
10120.jpg,1820,1775,-45
10125.jpg,1820,1850,30
10130.jpg,1820,1779,-41
10135.jpg,1820,1766,-54
10140.jpg,1820,1775,-45
10145.jpg,1820,1779,-41
10150.jpg,1820,1836,16
10155.jpg,1820,1779,-41
10160.jpg,1820,1779,-41
10165.jpg,1820,1778,-42
10170.jpg,1820,1766,-54
10175.jpg,1820,2008,188
10180.jpg,1820,1778,-42
10185.jpg,1820,1828,8
10190.jpg,1820,1766,-54
10195.jpg,1821,1070,-751
10200.jpg,1821,1900,79
10205.jpg,1821,1814,-7
10210.jpg,1821,2006,185
10215.jpg,1821,2003,182
10220.jpg,1821,1812,-9
10225.jpg,1821,1906,85
10230.jpg,1821,1814,-7
10235.jpg,1821,1846,25
10240.jpg,1821,1776,-45
10245.jpg,1821,1846,25
10250.jpg,1821,2019,198
10255.jpg,1821,1775,-46
10260.jpg,1821,1779,-42
10265.jpg,1821,1812,-9
10270.jpg,1821,1690,-131
10275.jpg,1821,1815,-6
10280.jpg,1822,2005,183
10285.jpg,1822,1812,-10
10290.jpg,1822,1768,-54
10295.jpg,1822,2005,183
10300.jpg,1822,1750,-72
10305.jpg,1822,1779,-43
10310.jpg,1822,1766,-56
10315.jpg,1822,1775,-47
10320.jpg,1822,1775,-47
10325.jpg,1822,1806,-16
10330.jpg,1822,1876,54
10335.jpg,1822,1779,-43
10340.jpg,1822,1906,84
10345.jpg,1822,1776,-46
10350.jpg,1822,1610,-212
10355.jpg,1822,1836,14
10360.jpg,1823,1640,-183
10365.jpg,1823,1779,-44
10370.jpg,1823,1779,-44
10375.jpg,1823,1766,-57
10380.jpg,1823,1740,-83
10385.jpg,1823,1775,-48
10390.jpg,1823,1833,10
10395.jpg,1823,1815,-8
10400.jpg,1823,1827,4
10405.jpg,1823,1779,-44
10410.jpg,1823,1806,-17
10415.jpg,1823,1816,-7
10420.jpg,1823,1766,-57
10425.jpg,1823,1717,-106
10430.jpg,1823,1807,-16
10435.jpg,1823,1816,-7
10440.jpg,1823,1775,-48
10445.jpg,1823,1906,83
10450.jpg,1823,1414,-409
10455.jpg,1824,1815,-9
10460.jpg,1824,1776,-48
10465.jpg,1824,1830,6
10470.jpg,1824,1838,14
10475.jpg,1824,1484,-340
10480.jpg,1824,2002,178
10485.jpg,1824,1560,-264
10490.jpg,1824,1815,-9
10495.jpg,1824,1779,-45
10500.jpg,1824,1804,-20
10505.jpg,1824,1775,-49
10510.jpg,1824,1778,-46
10515.jpg,1824,1776,-48
10520.jpg,1824,1826,2
10525.jpg,1824,1803,-21
10530.jpg,1824,1776,-48
10535.jpg,1824,1812,-12
10540.jpg,1824,1779,-45
10545.jpg,1824,2019,195
10550.jpg,1825,1800,-25
10555.jpg,1825,1880,55
10560.jpg,1825,1815,-10
10565.jpg,1825,1810,-15
10570.jpg,1825,1816,-9
10575.jpg,1825,1881,56
10580.jpg,1825,1840,15
10585.jpg,1825,1828,3
10590.jpg,1825,1776,-49
10595.jpg,1825,1779,-46
10600.jpg,1825,1779,-46
10605.jpg,1825,1812,-13
10610.jpg,1825,1803,-22
10615.jpg,1825,1775,-50
10620.jpg,1825,1812,-13
10625.jpg,1825,1777,-48
10630.jpg,1825,1766,-59
10635.jpg,1825,2019,194
10640.jpg,1825,1777,-48
10645.jpg,1825,1779,-46
10650.jpg,1825,1804,-21
10655.jpg,1825,1779,-46
10660.jpg,1825,1779,-46
10665.jpg,1825,1779,-46
10670.jpg,1825,1836,11
10675.jpg,1825,1776,-49
10680.jpg,1825,1815,-10
10685.jpg,1825,1779,-46
10690.jpg,1825,1717,-108
10695.jpg,1825,1766,-59
10700.jpg,1825,2019,194
10705.jpg,1825,1779,-46
10710.jpg,1825,2010,185
10715.jpg,1825,1906,81
10720.jpg,1825,1778,-47
10725.jpg,1825,1999,174
10730.jpg,1826,1818,-8
10735.jpg,1826,1779,-47
10740.jpg,1826,1776,-50
10745.jpg,1826,1815,-11
10750.jpg,1826,1001,-825
10755.jpg,1826,1777,-49
10760.jpg,1826,1779,-47
10765.jpg,1826,1777,-49
10770.jpg,1826,1806,-20
10775.jpg,1826,1812,-14
10780.jpg,1826,1842,16
10785.jpg,1826,1779,-47
10790.jpg,1826,1775,-51
10795.jpg,1826,1779,-47
10800.jpg,1826,1879,53
10805.jpg,1826,1730,-96
10810.jpg,1826,1779,-47
10815.jpg,1826,1812,-14
10820.jpg,1826,1812,-14
10825.jpg,1826,1909,83
10830.jpg,1826,1903,77
10835.jpg,1827,1776,-51
10840.jpg,1827,1778,-49
10845.jpg,1827,1590,-237
10850.jpg,1827,1815,-12
10855.jpg,1827,2007,180
10860.jpg,1827,1944,117
10865.jpg,1827,1719,-108
10870.jpg,1827,1775,-52
10875.jpg,1827,1775,-52
10880.jpg,1827,1836,9
10885.jpg,1827,1879,52
10890.jpg,1827,1766,-61
10895.jpg,1827,1779,-48
10900.jpg,1827,1815,-12
10905.jpg,1827,1766,-61
10910.jpg,1827,1854,27
10915.jpg,1827,1779,-48
10920.jpg,1827,1776,-51
10925.jpg,1827,1779,-48
10930.jpg,1827,1886,59
10935.jpg,1827,1791,-36
10940.jpg,1827,2005,178
10945.jpg,1828,1815,-13
10950.jpg,1828,1817,-11
10955.jpg,1828,1775,-53
10960.jpg,1828,1779,-49
10965.jpg,1828,2003,175
10970.jpg,1828,1815,-13
10975.jpg,1828,1949,121
10980.jpg,1828,1815,-13
10985.jpg,1828,1840,12
10990.jpg,1828,1806,-22
10995.jpg,1828,1778,-50
11000.jpg,1828,1914,86
11005.jpg,1828,1779,-49
11010.jpg,1828,1820,-8
11015.jpg,1828,1810,-18
11020.jpg,1828,1775,-53
11025.jpg,1828,1778,-50
11030.jpg,1828,1779,-49
11035.jpg,1828,1775,-53
11040.jpg,1828,1776,-52
11045.jpg,1828,1804,-24
11050.jpg,1828,1720,-108
11055.jpg,1828,1000,-828
11060.jpg,1828,2019,191
11065.jpg,1829,1811,-18
11070.jpg,1829,1778,-51
11075.jpg,1829,1818,-11
11080.jpg,1829,1820,-9
11085.jpg,1829,1815,-14
11090.jpg,1829,2019,190
11095.jpg,1829,1840,11
11100.jpg,1829,1750,-79
11105.jpg,1829,1750,-79
11110.jpg,1829,1815,-14
11115.jpg,1829,1430,-399
11120.jpg,1829,1840,11
11125.jpg,1829,1779,-50
11130.jpg,1829,1850,21
11135.jpg,1829,1806,-23
11140.jpg,1829,1813,-16
11145.jpg,1829,1813,-16
11150.jpg,1829,2019,190
11155.jpg,1829,1936,107
11160.jpg,1829,1766,-63
11165.jpg,1829,1900,71
11170.jpg,1830,1490,-340
11175.jpg,1830,2019,189
11180.jpg,1830,1776,-54
11185.jpg,1830,1815,-15
11190.jpg,1830,1816,-14
11195.jpg,1830,1830,0
11200.jpg,1830,1549,-281
11205.jpg,1830,1060,-770
11210.jpg,1830,2010,180
11215.jpg,1830,1766,-64
11220.jpg,1830,1778,-52
11225.jpg,1830,1779,-51
11230.jpg,1830,1775,-55
11235.jpg,1830,1779,-51
11240.jpg,1830,1776,-54
11245.jpg,1830,1779,-51
11250.jpg,1830,1803,-27
11255.jpg,1830,1803,-27
11260.jpg,1830,1776,-54
11265.jpg,1830,1779,-51
11270.jpg,1830,1766,-64
11275.jpg,1830,1836,6
11280.jpg,1830,1949,119
11285.jpg,1830,1775,-55
11290.jpg,1830,1775,-55
11295.jpg,1830,1863,33
11300.jpg,1830,1814,-16
11305.jpg,1830,1766,-64
11310.jpg,1830,1775,-55
11315.jpg,1830,1779,-51
11320.jpg,1830,1766,-64
11325.jpg,1830,1876,46
11330.jpg,1830,1776,-54
11335.jpg,1830,1836,6
11340.jpg,1830,1956,126
11345.jpg,1830,1803,-27
11350.jpg,1830,1936,106
11355.jpg,1830,1804,-26
11360.jpg,1830,1775,-55
11365.jpg,1830,1815,-15
11370.jpg,1830,1779,-51
11375.jpg,1830,1815,-15
11380.jpg,1830,1886,56
11385.jpg,1830,1816,-14
11390.jpg,1830,1900,70
11395.jpg,1830,1815,-15
11400.jpg,1831,1796,-35
11405.jpg,1831,1766,-65
11410.jpg,1831,1816,-15
11415.jpg,1831,1916,85
11420.jpg,1831,1817,-14
11425.jpg,1831,1716,-115
11430.jpg,1831,1777,-54
11435.jpg,1831,1840,9
11440.jpg,1831,1807,-24
11445.jpg,1831,1776,-55
11450.jpg,1831,2019,188
11455.jpg,1831,1779,-52
11460.jpg,1831,1812,-19
11465.jpg,1831,1806,-25
11470.jpg,1831,1775,-56
11475.jpg,1831,1775,-56
11480.jpg,1831,1777,-54
11485.jpg,1831,1710,-121
11490.jpg,1832,2005,173
11495.jpg,1832,1775,-57
11500.jpg,1832,1764,-68
11505.jpg,1832,1829,-3
11510.jpg,1832,1817,-15
11515.jpg,1832,1660,-172
11520.jpg,1832,1956,124
11525.jpg,1832,1750,-82
11530.jpg,1832,1779,-53
11535.jpg,1832,1777,-55
11540.jpg,1832,1779,-53
11545.jpg,1832,1879,47
11550.jpg,1832,1868,36
11555.jpg,1832,1779,-53
11560.jpg,1832,2019,187
11565.jpg,1832,1775,-57
11570.jpg,1832,1766,-66
11575.jpg,1832,1802,-30
11580.jpg,1832,1826,-6
11585.jpg,1832,1818,-14
11590.jpg,1832,1815,-17
11595.jpg,1832,1779,-53
11600.jpg,1832,1815,-17
11605.jpg,1832,1779,-53
11610.jpg,1832,1780,-52
11615.jpg,1832,1779,-53
11620.jpg,1832,1716,-116
11625.jpg,1832,1779,-53
11630.jpg,1832,2007,175
11635.jpg,1832,1812,-20
11640.jpg,1832,1814,-18
11645.jpg,1833,2019,186
11650.jpg,1833,1815,-18
11655.jpg,1833,1817,-16
11660.jpg,1833,1814,-19
11665.jpg,1833,1757,-76
11670.jpg,1833,1815,-18
11675.jpg,1833,1823,-10
11680.jpg,1833,1775,-58
11685.jpg,1833,1560,-273
11690.jpg,1833,1775,-58
11695.jpg,1833,1806,-27
11700.jpg,1833,1777,-56
11705.jpg,1833,1846,13
11710.jpg,1833,1806,-27
11715.jpg,1833,1779,-54
11720.jpg,1833,1775,-58
11725.jpg,1833,1836,3
11730.jpg,1833,1779,-54
11735.jpg,1833,1810,-23
11740.jpg,1833,1779,-54
11745.jpg,1833,1779,-54
11750.jpg,1833,1827,-6
11755.jpg,1833,1710,-123
11760.jpg,1833,1777,-56
11765.jpg,1833,2019,186
11770.jpg,1834,1817,-17
11775.jpg,1834,1766,-68
11780.jpg,1834,1828,-6
11785.jpg,1834,1768,-66
11790.jpg,1834,1977,143
11795.jpg,1834,1813,-21
11800.jpg,1834,1779,-55
11805.jpg,1834,1812,-22
11810.jpg,1834,1896,62
11815.jpg,1834,1775,-59
11820.jpg,1834,1816,-18
11825.jpg,1834,1779,-55
11830.jpg,1834,1816,-18
11835.jpg,1834,1886,52
11840.jpg,1834,1775,-59
11845.jpg,1834,1777,-57
11850.jpg,1834,1778,-56
11855.jpg,1834,1804,-30
11860.jpg,1834,1993,159
11865.jpg,1834,1779,-55
11870.jpg,1834,2019,185
11875.jpg,1834,1766,-68
11880.jpg,1834,1779,-55
11885.jpg,1834,1776,-58
11890.jpg,1834,1720,-114
11895.jpg,1834,1810,-24
11900.jpg,1835,1815,-20
11905.jpg,1835,1776,-59
11910.jpg,1835,2002,167
11915.jpg,1835,1836,1
11920.jpg,1835,1766,-69
11925.jpg,1835,1664,-171
11930.jpg,1835,1817,-18
11935.jpg,1835,1812,-23
11940.jpg,1835,1956,121
11945.jpg,1835,1803,-32
11950.jpg,1835,1516,-319
11955.jpg,1835,1778,-57
11960.jpg,1835,1766,-69
11965.jpg,1835,1803,-32
11970.jpg,1835,1796,-39
11975.jpg,1835,2019,184
11980.jpg,1835,1877,42
11985.jpg,1835,1766,-69
11990.jpg,1835,1886,51
11995.jpg,1835,1816,-19
12000.jpg,1835,1879,44
12005.jpg,1835,1812,-23
12010.jpg,1835,1836,1
12015.jpg,1835,1775,-60
12020.jpg,1835,1990,155
12025.jpg,1835,1779,-56
12030.jpg,1835,1775,-60
12035.jpg,1835,1776,-59
12040.jpg,1835,1779,-56
12045.jpg,1835,1779,-56
12050.jpg,1835,1778,-57
12055.jpg,1835,1835,0
12060.jpg,1835,1805,-30
12065.jpg,1835,1780,-55
12070.jpg,1835,1775,-60
12075.jpg,1835,1777,-58
12080.jpg,1835,1779,-56
12085.jpg,1835,1775,-60
12090.jpg,1835,1876,41
12095.jpg,1835,1827,-8
12100.jpg,1835,1776,-59
12105.jpg,1835,1530,-305
12110.jpg,1835,1357,-478
12115.jpg,1835,1815,-20
12120.jpg,1835,2019,184
12125.jpg,1835,1812,-23
12130.jpg,1836,1798,-38
12135.jpg,1836,1936,100
12140.jpg,1836,1766,-70
12145.jpg,1836,1775,-61
12150.jpg,1836,1815,-21
12155.jpg,1836,1815,-21
12160.jpg,1836,1993,157
12165.jpg,1836,1780,-56
12170.jpg,1836,1725,-111
12175.jpg,1836,1779,-57
12180.jpg,1836,1812,-24
12185.jpg,1836,1779,-57
12190.jpg,1836,1813,-23
12195.jpg,1836,1803,-33
12200.jpg,1836,1876,40
12205.jpg,1836,1828,-8
12210.jpg,1836,1775,-61
12215.jpg,1836,1806,-30
12220.jpg,1836,1776,-60
12225.jpg,1836,1820,-16
12230.jpg,1836,1828,-8
12235.jpg,1836,1779,-57
12240.jpg,1836,1512,-324
12245.jpg,1836,1779,-57
12250.jpg,1836,1775,-61
12255.jpg,1836,1836,0
12260.jpg,1836,1803,-33
12265.jpg,1836,1796,-40
12270.jpg,1836,1775,-61
12275.jpg,1836,1803,-33
12280.jpg,1837,1817,-20
12285.jpg,1837,1494,-343
12290.jpg,1837,1828,-9
12295.jpg,1837,1815,-22
12300.jpg,1837,2018,181
12305.jpg,1837,1779,-58
12310.jpg,1837,1883,46
12315.jpg,1837,1813,-24
12320.jpg,1837,1965,128
12325.jpg,1837,1890,53
12330.jpg,1837,1812,-25
12335.jpg,1837,1775,-62
12340.jpg,1837,1766,-71
12345.jpg,1837,1760,-77
12350.jpg,1837,1803,-34
12355.jpg,1837,1804,-33
12360.jpg,1837,1779,-58
12365.jpg,1837,1803,-34
12370.jpg,1837,1812,-25
12375.jpg,1837,1776,-61
12380.jpg,1837,1956,119
12385.jpg,1837,1803,-34
12390.jpg,1837,1807,-30
12395.jpg,1837,1775,-62
12400.jpg,1837,1818,-19
12405.jpg,1837,1775,-62
12410.jpg,1837,1779,-58
12415.jpg,1837,1883,46
12420.jpg,1837,1779,-58
12425.jpg,1837,1775,-62
12430.jpg,1837,1766,-71
12435.jpg,1837,1936,99
12440.jpg,1837,1800,-37
12445.jpg,1837,1775,-62
12450.jpg,1838,1887,49
12455.jpg,1838,1872,34
12460.jpg,1838,1067,-771
12465.jpg,1838,1810,-28
12470.jpg,1838,1803,-35
12475.jpg,1838,1812,-26
12480.jpg,1838,1540,-298
12485.jpg,1838,1830,-8
12490.jpg,1838,1901,63
12495.jpg,1838,1956,118
12500.jpg,1838,1778,-60
12505.jpg,1838,1778,-60
12510.jpg,1838,1775,-63
12515.jpg,1838,1776,-62
12520.jpg,1838,1766,-72
12525.jpg,1838,1777,-61
12530.jpg,1838,1760,-78
12535.jpg,1838,1806,-32
12540.jpg,1838,1779,-59
12545.jpg,1838,1818,-20
12550.jpg,1838,1836,-2
12555.jpg,1838,2019,181
12560.jpg,1838,1826,-12
12565.jpg,1838,1803,-35
12570.jpg,1838,1828,-10
12575.jpg,1838,1775,-63
12580.jpg,1838,1796,-42
12585.jpg,1838,1807,-31
12590.jpg,1838,1779,-59
12595.jpg,1838,1836,-2
12600.jpg,1838,1816,-22
12605.jpg,1838,2005,167
12610.jpg,1838,1866,28
12615.jpg,1838,1757,-81
12620.jpg,1838,1817,-21
12625.jpg,1839,1766,-73
12630.jpg,1839,1830,-9
12635.jpg,1839,1796,-43
12640.jpg,1839,1992,153
12645.jpg,1839,1906,67
12650.jpg,1839,1810,-29
12655.jpg,1839,1778,-61
12660.jpg,1839,1790,-49
12665.jpg,1839,1750,-89
12670.jpg,1839,1812,-27
12675.jpg,1839,1806,-33
12680.jpg,1839,1776,-63
12685.jpg,1839,1779,-60
12690.jpg,1839,1777,-62
12695.jpg,1839,1766,-73
12700.jpg,1839,1830,-9
12705.jpg,1839,1766,-73
12710.jpg,1839,2019,180
12715.jpg,1839,1813,-26
12720.jpg,1839,1779,-60
12725.jpg,1839,1776,-63
12730.jpg,1839,1779,-60
12735.jpg,1839,1775,-64
12740.jpg,1839,1814,-25
12745.jpg,1839,1828,-11
12750.jpg,1839,1807,-32
12755.jpg,1839,1779,-60
12760.jpg,1839,1812,-27
12765.jpg,1839,1760,-79
12770.jpg,1839,1712,-127
12775.jpg,1839,1800,-39
12780.jpg,1840,1340,-500
12785.jpg,1840,1806,-34
12790.jpg,1840,1804,-36
12795.jpg,1840,1775,-65
12800.jpg,1840,1765,-75
12805.jpg,1840,1830,-10
12810.jpg,1840,1815,-25
12815.jpg,1840,1804,-36
12820.jpg,1840,1779,-61
12825.jpg,1840,1796,-44
12830.jpg,1840,2019,179
12835.jpg,1840,1904,64
12840.jpg,1840,1818,-22
12845.jpg,1840,1766,-74
12850.jpg,1840,1816,-24
12855.jpg,1840,1915,75
12860.jpg,1840,1813,-27
12865.jpg,1840,1777,-63
12870.jpg,1840,1777,-63
12875.jpg,1840,1827,-13
12880.jpg,1840,1779,-61
12885.jpg,1840,1730,-110
12890.jpg,1840,1775,-65
12895.jpg,1840,1766,-74
12900.jpg,1840,1846,6
12905.jpg,1840,1818,-22
12910.jpg,1840,1802,-38
12915.jpg,1840,1804,-36
12920.jpg,1840,1850,10
12925.jpg,1840,1776,-64
12930.jpg,1840,1886,46
12935.jpg,1840,1806,-34
12940.jpg,1840,1826,-14
12945.jpg,1840,1803,-37
12950.jpg,1840,1779,-61
12955.jpg,1840,1779,-61
12960.jpg,1840,2019,179
12965.jpg,1840,1775,-65
12970.jpg,1840,1812,-28
12975.jpg,1840,1812,-28
12980.jpg,1840,2020,180
12985.jpg,1840,1836,-4
12990.jpg,1840,1779,-61
12995.jpg,1840,1813,-27
13000.jpg,1840,1779,-61
13005.jpg,1840,1766,-74
13010.jpg,1840,1776,-64
13015.jpg,1840,1906,66
13020.jpg,1840,1843,3
13025.jpg,1840,1710,-130
13030.jpg,1841,1818,-23
13035.jpg,1841,1766,-75
13040.jpg,1841,1818,-23
13045.jpg,1841,1766,-75
13050.jpg,1841,1816,-25
13055.jpg,1841,1815,-26
13060.jpg,1841,1850,9
13065.jpg,1841,1804,-37
13070.jpg,1841,1716,-125
13075.jpg,1841,1795,-46
13080.jpg,1841,1812,-29
13085.jpg,1841,1999,158
13090.jpg,1841,1906,65
13095.jpg,1841,1820,-21
13100.jpg,1841,1779,-62
13105.jpg,1841,1886,45
13110.jpg,1841,1814,-27
13115.jpg,1841,1847,6
13120.jpg,1841,2013,172
13125.jpg,1841,1779,-62
13130.jpg,1841,1527,-314
13135.jpg,1841,1814,-27
13140.jpg,1841,1900,59
13145.jpg,1842,1815,-27
13150.jpg,1842,1779,-63
13155.jpg,1842,1815,-27
13160.jpg,1842,1810,-32
13165.jpg,1842,1775,-67
13170.jpg,1842,1836,-6
13175.jpg,1842,1067,-775
13180.jpg,1842,1775,-67
13185.jpg,1842,1779,-63
13190.jpg,1842,1778,-64
13195.jpg,1842,1779,-63
13200.jpg,1842,1775,-67
13205.jpg,1842,1766,-76
13210.jpg,1842,1806,-36
13215.jpg,1842,1819,-23
13220.jpg,1842,1778,-64
13225.jpg,1842,1779,-63
13230.jpg,1842,1827,-15
13235.jpg,1842,1776,-66
13240.jpg,1842,1775,-67
13245.jpg,1842,1766,-76
13250.jpg,1842,1865,23
13255.jpg,1842,1778,-64
13260.jpg,1842,1779,-63
13265.jpg,1842,1775,-67
13270.jpg,1842,1812,-30
13275.jpg,1842,1766,-76
13280.jpg,1842,1419,-423
13285.jpg,1842,1812,-30
13290.jpg,1842,1812,-30
13295.jpg,1842,2013,171
13300.jpg,1843,1819,-24
13305.jpg,1843,1775,-68
13310.jpg,1843,1814,-29
13315.jpg,1843,2019,176
13320.jpg,1843,1779,-64
13325.jpg,1843,1806,-37
13330.jpg,1843,1775,-68
13335.jpg,1843,1778,-65
13340.jpg,1843,1830,-13
13345.jpg,1843,1876,33
13350.jpg,1843,1775,-68
13355.jpg,1843,1850,7
13360.jpg,1843,1900,57
13365.jpg,1843,1775,-68
13370.jpg,1843,1776,-67
13375.jpg,1843,1836,-7
13380.jpg,1843,1779,-64
13385.jpg,1843,1827,-16
13390.jpg,1843,1828,-15
13395.jpg,1843,1835,-8
13400.jpg,1843,1936,93
13405.jpg,1843,1812,-31
13410.jpg,1843,1775,-68
13415.jpg,1843,1896,53
13420.jpg,1843,1779,-64
13425.jpg,1843,2019,176
13430.jpg,1844,1944,100
13435.jpg,1844,1776,-68
13440.jpg,1844,1800,-44
13445.jpg,1844,2008,164
13450.jpg,1844,1775,-69
13455.jpg,1844,1779,-65
13460.jpg,1844,1850,6
13465.jpg,1844,1779,-65
13470.jpg,1844,1812,-32
13475.jpg,1844,1850,6
13480.jpg,1844,1829,-15
13485.jpg,1844,1766,-78
13490.jpg,1844,1828,-16
13495.jpg,1844,1803,-41
13500.jpg,1844,1836,-8
13505.jpg,1844,1776,-68
13510.jpg,1844,1779,-65
13515.jpg,1844,1829,-15
13520.jpg,1844,1836,-8
13525.jpg,1844,1806,-38
13530.jpg,1844,1775,-69
13535.jpg,1844,1779,-65
13540.jpg,1844,2006,162
13545.jpg,1844,2019,175
13550.jpg,1844,1779,-65
13555.jpg,1844,1879,35
13560.jpg,1844,1803,-41
13565.jpg,1845,1494,-351
13570.jpg,1845,1815,-30
13575.jpg,1845,1812,-33
13580.jpg,1845,1750,-95
13585.jpg,1845,1699,-146
13590.jpg,1845,2007,162
13595.jpg,1845,2019,174
13600.jpg,1845,1900,55
13605.jpg,1845,2019,174
13610.jpg,1845,1778,-67
13615.jpg,1845,1740,-105
13620.jpg,1845,1813,-32
13625.jpg,1845,1779,-66
13630.jpg,1845,1779,-66
13635.jpg,1845,1804,-41
13640.jpg,1845,1803,-42
13645.jpg,1845,1812,-33
13650.jpg,1845,1766,-79
13655.jpg,1845,1803,-42
13660.jpg,1845,1886,41
13665.jpg,1845,1776,-69
13670.jpg,1845,2019,174
13675.jpg,1845,1846,1
13680.jpg,1845,1840,-5
13685.jpg,1845,2019,174
13690.jpg,1845,1775,-70
13695.jpg,1845,1769,-76
13700.jpg,1845,1876,31
13705.jpg,1845,1779,-66
13710.jpg,1845,1766,-79
13715.jpg,1845,1776,-69
13720.jpg,1845,1930,85
13725.jpg,1845,1806,-39
13730.jpg,1845,1990,145
13735.jpg,1845,1812,-33
13740.jpg,1845,1766,-79
13745.jpg,1845,1766,-79
13750.jpg,1845,1813,-32
13755.jpg,1845,1766,-79
13760.jpg,1845,2019,174
13765.jpg,1845,1779,-66
13770.jpg,1845,1812,-33
13775.jpg,1845,1901,56
13780.jpg,1845,1804,-41
13785.jpg,1845,2019,174
13790.jpg,1845,1775,-70
13795.jpg,1845,2019,174
13800.jpg,1845,1928,83
13805.jpg,1846,1775,-71
13810.jpg,1846,2019,173
13815.jpg,1846,1818,-28
13820.jpg,1846,1820,-26
13825.jpg,1846,1814,-32
13830.jpg,1846,1779,-67
13835.jpg,1846,1815,-31
13840.jpg,1846,2019,173
13845.jpg,1846,1814,-32
13850.jpg,1846,1909,63
13855.jpg,1846,1776,-70
13860.jpg,1846,1806,-40
13865.jpg,1846,1779,-67
13870.jpg,1846,1906,60
13875.jpg,1846,1878,32
13880.jpg,1846,1812,-34
13885.jpg,1846,1779,-67
13890.jpg,1846,1779,-67
13895.jpg,1846,1775,-71
13900.jpg,1846,1846,0
13905.jpg,1846,1766,-80
13910.jpg,1846,1779,-67
13915.jpg,1846,1775,-71
13920.jpg,1846,1990,144
13925.jpg,1846,1993,147
13930.jpg,1846,1776,-70
13935.jpg,1846,1803,-43
13940.jpg,1847,1815,-32
13945.jpg,1847,1779,-68
13950.jpg,1847,1810,-37
13955.jpg,1847,1777,-70
13960.jpg,1847,1766,-81
13965.jpg,1847,1775,-72
13970.jpg,1847,1813,-34
13975.jpg,1847,2019,172
13980.jpg,1847,1776,-71
13985.jpg,1847,1694,-153
13990.jpg,1847,1840,-7
13995.jpg,1847,1779,-68
14000.jpg,1847,1834,-13
14005.jpg,1847,1836,-11
14010.jpg,1847,1779,-68
14015.jpg,1847,1886,39
14020.jpg,1847,1779,-68
14025.jpg,1847,1766,-81
14030.jpg,1847,1906,59
14035.jpg,1847,1775,-72
14040.jpg,1847,1805,-42
14045.jpg,1847,1766,-81
14050.jpg,1847,1876,29
14055.jpg,1847,1813,-34
14060.jpg,1847,1836,-11
14065.jpg,1847,1775,-72
14070.jpg,1847,1766,-81
14075.jpg,1847,1886,39
14080.jpg,1847,1804,-43
14085.jpg,1847,1810,-37
14090.jpg,1847,1766,-81
14095.jpg,1847,1766,-81
14100.jpg,1847,2019,172
14105.jpg,1847,1936,89
14110.jpg,1848,1890,42
14115.jpg,1848,1779,-69
14120.jpg,1848,2019,171
14125.jpg,1848,2007,159
14130.jpg,1848,1664,-184
14135.jpg,1848,1764,-84
14140.jpg,1848,1815,-33
14145.jpg,1848,1777,-71
14150.jpg,1848,1820,-28
14155.jpg,1848,1890,42
14160.jpg,1848,2019,171
14165.jpg,1848,1861,13
14170.jpg,1848,1779,-69
14175.jpg,1848,1850,2
14180.jpg,1848,1855,7
14185.jpg,1848,1883,35
14190.jpg,1848,1906,58
14195.jpg,1848,1810,-38
14200.jpg,1848,1775,-73
14205.jpg,1848,2019,171
14210.jpg,1848,1775,-73
14215.jpg,1848,1774,-74
14220.jpg,1848,1803,-45
14225.jpg,1848,1857,9
14230.jpg,1848,1775,-73
14235.jpg,1848,1846,-2
14240.jpg,1848,1846,-2
14245.jpg,1848,1779,-69
14250.jpg,1848,1836,-12
14255.jpg,1848,1840,-8
14260.jpg,1848,1766,-82
14265.jpg,1848,1541,-307
14270.jpg,1848,1778,-70
14275.jpg,1848,1813,-35
14280.jpg,1848,1779,-69
14285.jpg,1848,1886,38
14290.jpg,1848,1836,-12
14295.jpg,1848,1850,2
14300.jpg,1848,1776,-72
14305.jpg,1848,1779,-69
14310.jpg,1848,1707,-141
14315.jpg,1848,1900,52
14320.jpg,1848,1777,-71
14325.jpg,1848,1829,-19
14330.jpg,1848,2013,165
14335.jpg,1848,1850,2
14340.jpg,1849,1494,-355
14345.jpg,1849,1806,-43
14350.jpg,1849,1778,-71
14355.jpg,1849,1827,-22
14360.jpg,1849,2019,170
14365.jpg,1849,2003,154
14370.jpg,1849,1796,-53
14375.jpg,1849,1956,107
14380.jpg,1849,1775,-74
14385.jpg,1849,1778,-71
14390.jpg,1849,2019,170
14395.jpg,1849,1776,-73
14400.jpg,1849,1776,-73
14405.jpg,1849,1779,-70
14410.jpg,1849,1776,-73
14415.jpg,1849,1850,1
14420.jpg,1849,1510,-339
14425.jpg,1849,1803,-46
14430.jpg,1849,1804,-45
14435.jpg,1849,1830,-19
14440.jpg,1849,1779,-70
14445.jpg,1849,1776,-73
14450.jpg,1849,1836,-13
14455.jpg,1849,1775,-74
14460.jpg,1849,1812,-37
14465.jpg,1849,1812,-37
14470.jpg,1849,1806,-43
14475.jpg,1849,1813,-36
14480.jpg,1849,1806,-43
14485.jpg,1849,1836,-13
14490.jpg,1849,1400,-449
14495.jpg,1849,1775,-74
14500.jpg,1849,1886,37
14505.jpg,1850,1609,-241
14510.jpg,1850,1779,-71
14515.jpg,1850,1775,-75
14520.jpg,1850,1777,-73
14525.jpg,1850,1814,-36
14530.jpg,1850,1776,-74
14535.jpg,1850,1779,-71
14540.jpg,1850,2008,158
14545.jpg,1850,1818,-32
14550.jpg,1850,1776,-74
14555.jpg,1850,1776,-74
14560.jpg,1850,1815,-35
14565.jpg,1850,1814,-36
14570.jpg,1850,1830,-20
14575.jpg,1850,1779,-71
14580.jpg,1850,1777,-73
14585.jpg,1850,1666,-184
14590.jpg,1850,1817,-33
14595.jpg,1850,1010,-840
14600.jpg,1850,1775,-75
14605.jpg,1850,1847,-3
14610.jpg,1850,1779,-71
14615.jpg,1850,1777,-73
14620.jpg,1850,1776,-74
14625.jpg,1850,1779,-71
14630.jpg,1850,1850,0
14635.jpg,1850,1836,-14
14640.jpg,1850,2019,169
14645.jpg,1850,1886,36
14650.jpg,1850,1991,141
14655.jpg,1850,1779,-71
14660.jpg,1850,1812,-38
14665.jpg,1850,1813,-37
14670.jpg,1850,1779,-71
14675.jpg,1850,1779,-71
14680.jpg,1850,1779,-71
14685.jpg,1850,1928,78
14690.jpg,1850,1813,-37
14695.jpg,1850,1855,5
14700.jpg,1850,1850,0
14705.jpg,1850,1779,-71
14710.jpg,1850,1777,-73
14715.jpg,1850,1779,-71
14720.jpg,1850,1836,-14
14725.jpg,1850,1779,-71
14730.jpg,1850,1810,-40
14735.jpg,1850,1806,-44
14740.jpg,1850,1778,-72
14745.jpg,1850,1513,-337
14750.jpg,1850,1828,-22
14755.jpg,1850,1815,-35
14760.jpg,1850,1876,26
14765.jpg,1850,1886,36
14770.jpg,1850,1819,-31
14775.jpg,1850,1909,59
14780.jpg,1850,1778,-72
14785.jpg,1851,1810,-41
14790.jpg,1851,1012,-839
14795.jpg,1851,1936,85
14800.jpg,1851,1810,-41
14805.jpg,1851,1712,-139
14810.jpg,1851,1809,-42
14815.jpg,1851,1813,-38
14820.jpg,1851,1812,-39
14825.jpg,1851,1886,35
14830.jpg,1851,1850,-1
14835.jpg,1851,1820,-31
14840.jpg,1851,1804,-47
14845.jpg,1851,1850,-1
14850.jpg,1851,1779,-72
14855.jpg,1851,1779,-72
14860.jpg,1851,1880,29
14865.jpg,1851,1779,-72
14870.jpg,1851,1803,-48
14875.jpg,1851,1806,-45
14880.jpg,1851,1710,-141
14885.jpg,1851,1850,-1
14890.jpg,1851,1826,-25
14895.jpg,1851,1766,-85
14900.jpg,1851,1861,10
14905.jpg,1851,1886,35
14910.jpg,1851,1766,-85
14915.jpg,1851,1776,-75
14920.jpg,1851,1779,-72
14925.jpg,1851,1812,-39
14930.jpg,1851,1900,49
14935.jpg,1851,1846,-5
14940.jpg,1851,1881,30
14945.jpg,1852,1777,-75
14950.jpg,1852,1828,-24
14955.jpg,1852,1843,-9
14960.jpg,1852,2013,161
14965.jpg,1852,1777,-75
14970.jpg,1852,1830,-22
14975.jpg,1852,2019,167
14980.jpg,1852,1530,-322
14985.jpg,1852,1881,29
14990.jpg,1852,1815,-37
14995.jpg,1852,1886,34
15000.jpg,1852,1846,-6
15005.jpg,1852,1803,-49
15010.jpg,1852,1813,-39
15015.jpg,1852,1830,-22
15020.jpg,1852,1806,-46
15025.jpg,1852,1806,-46
15030.jpg,1852,1836,-16
15035.jpg,1852,1826,-26
15040.jpg,1852,1879,27
15045.jpg,1852,1779,-73
15050.jpg,1852,1775,-77
15055.jpg,1852,1750,-102
15060.jpg,1852,1812,-40
15065.jpg,1852,1806,-46
15070.jpg,1852,1846,-6
15075.jpg,1852,1666,-186
15080.jpg,1852,1766,-86
15085.jpg,1852,2019,167
15090.jpg,1852,1705,-147
15095.jpg,1852,1842,-10
15100.jpg,1852,1779,-73
15105.jpg,1852,1904,52
15110.jpg,1852,1904,52
15115.jpg,1852,1806,-46
15120.jpg,1852,2019,167
15125.jpg,1852,1812,-40
15130.jpg,1852,1812,-40
15135.jpg,1853,1750,-103
15140.jpg,1853,1836,-17
15145.jpg,1853,1846,-7
15150.jpg,1853,1886,33
15155.jpg,1853,1900,47
15160.jpg,1853,1766,-87
15165.jpg,1853,2019,166
15170.jpg,1853,2019,166
15175.jpg,1853,2010,157
15180.jpg,1853,1640,-213
15185.jpg,1853,2006,153
15190.jpg,1853,1865,12
15195.jpg,1853,1840,-13
15200.jpg,1853,1775,-78
15205.jpg,1853,1012,-841
15210.jpg,1853,1780,-73
15215.jpg,1853,1803,-50
15220.jpg,1853,1775,-78
15225.jpg,1853,1836,-17
15230.jpg,1853,1779,-74
15235.jpg,1853,1779,-74
15240.jpg,1853,1806,-47
15245.jpg,1853,1779,-74
15250.jpg,1853,2013,160
15255.jpg,1853,1854,1
15260.jpg,1853,1780,-73
15265.jpg,1853,1775,-78
15270.jpg,1853,1775,-78
15275.jpg,1853,1776,-77
15280.jpg,1853,1806,-47
15285.jpg,1853,1828,-25
15290.jpg,1853,1806,-47
15295.jpg,1853,1806,-47
15300.jpg,1853,1846,-7
15305.jpg,1853,1846,-7
15310.jpg,1853,1775,-78
15315.jpg,1853,1766,-87
15320.jpg,1853,1886,33
15325.jpg,1853,1779,-74
15330.jpg,1853,1815,-38
15335.jpg,1853,2008,155
15340.jpg,1853,1880,27
15345.jpg,1853,1817,-36
15350.jpg,1853,2002,149
15355.jpg,1854,1901,47
15360.jpg,1854,1779,-75
15365.jpg,1854,1779,-75
15370.jpg,1854,1804,-50
15375.jpg,1854,1815,-39
15380.jpg,1854,1766,-88
15385.jpg,1854,1812,-42
15390.jpg,1854,1777,-77
15395.jpg,1854,1871,17
15400.jpg,1854,1815,-39
15405.jpg,1854,1840,-14
15410.jpg,1854,1831,-23
15415.jpg,1854,1701,-153
15420.jpg,1854,1775,-79
15425.jpg,1854,1880,26
15430.jpg,1854,1886,32
15435.jpg,1854,2019,165
15440.jpg,1854,1956,102
15445.jpg,1854,1876,22
15450.jpg,1855,1691,-164
15455.jpg,1855,1896,41
15460.jpg,1855,1905,50
15465.jpg,1855,1775,-80
15470.jpg,1855,1816,-39
15475.jpg,1855,1790,-65
15480.jpg,1855,1776,-79
15485.jpg,1855,1779,-76
15490.jpg,1855,1891,36
15495.jpg,1855,1965,110
15500.jpg,1855,1750,-105
15505.jpg,1855,1840,-15
15510.jpg,1855,1872,17
15515.jpg,1855,1916,61
15520.jpg,1855,1866,11
15525.jpg,1855,1776,-79
15530.jpg,1855,1879,24
15535.jpg,1855,1836,-19
15540.jpg,1855,1886,31
15545.jpg,1855,1775,-80
15550.jpg,1855,1840,-15
15555.jpg,1855,1804,-51
15560.jpg,1855,1813,-42
15565.jpg,1855,1806,-49
15570.jpg,1855,1812,-43
15575.jpg,1855,2013,158
15580.jpg,1855,2008,153
15585.jpg,1855,1926,71
15590.jpg,1855,1788,-67
15595.jpg,1855,1779,-76
15600.jpg,1855,1854,-1
15605.jpg,1855,1936,81
15610.jpg,1855,1779,-76
15615.jpg,1855,1775,-80
15620.jpg,1855,1775,-80
15625.jpg,1855,1806,-49
15630.jpg,1855,1812,-43
15635.jpg,1855,1779,-76
15640.jpg,1855,1877,22
15645.jpg,1855,1886,31
15650.jpg,1855,1780,-75
15655.jpg,1855,1828,-27
15660.jpg,1855,1846,-9
15665.jpg,1855,1876,21
15670.jpg,1855,1818,-37
15675.jpg,1855,1879,24
15680.jpg,1855,1776,-79
15685.jpg,1855,2008,153
15690.jpg,1855,1720,-135
15695.jpg,1855,1890,35
15700.jpg,1855,1815,-40
15705.jpg,1856,1494,-362
15710.jpg,1856,1804,-52
15715.jpg,1856,1865,9
15720.jpg,1856,1777,-79
15725.jpg,1856,2019,163
15730.jpg,1856,2015,159
15735.jpg,1856,1000,-856
15740.jpg,1856,1885,29
15745.jpg,1856,1777,-79
15750.jpg,1856,1900,44
15755.jpg,1856,1804,-52
15760.jpg,1856,1831,-25
15765.jpg,1856,1775,-81
15770.jpg,1856,2005,149
15775.jpg,1856,1725,-131
15780.jpg,1856,1750,-106
15785.jpg,1856,1775,-81
15790.jpg,1856,1840,-16
15795.jpg,1856,1779,-77
15800.jpg,1856,1886,30
15805.jpg,1856,1777,-79
15810.jpg,1856,1886,30
15815.jpg,1856,1806,-50
15820.jpg,1856,1803,-53
15825.jpg,1856,1777,-79
15830.jpg,1856,1775,-81
15835.jpg,1856,1611,-245
15840.jpg,1856,1806,-50
15845.jpg,1856,1779,-77
15850.jpg,1856,1806,-50
15855.jpg,1856,1560,-296
15860.jpg,1856,1803,-53
15865.jpg,1856,1828,-28
15870.jpg,1856,1803,-53
15875.jpg,1856,1906,50
15880.jpg,1856,1876,20
15885.jpg,1856,1876,20
15890.jpg,1856,1806,-50
15895.jpg,1856,1846,-10
15900.jpg,1856,1806,-50
15905.jpg,1856,1817,-39
15910.jpg,1856,1779,-77
15915.jpg,1856,1836,-20
15920.jpg,1856,1835,-21
15925.jpg,1856,2019,163
15930.jpg,1856,1779,-77
15935.jpg,1856,1806,-50
15940.jpg,1856,1804,-52
15945.jpg,1856,1836,-20
15950.jpg,1856,1860,4
15955.jpg,1856,2019,163
15960.jpg,1856,1812,-44
15965.jpg,1856,1821,-35
15970.jpg,1856,1712,-144
15975.jpg,1856,1740,-116
15980.jpg,1857,1494,-363
15985.jpg,1857,1779,-78
15990.jpg,1857,1999,142
15995.jpg,1857,1804,-53
16000.jpg,1857,1866,9
16005.jpg,1857,1770,-87
16010.jpg,1857,1692,-165
16015.jpg,1857,1750,-107
16020.jpg,1857,1779,-78
16025.jpg,1857,1779,-78
16030.jpg,1857,1776,-81
16035.jpg,1857,2005,148
16040.jpg,1857,2013,156
16045.jpg,1857,1909,52
16050.jpg,1857,1810,-47
16055.jpg,1857,1776,-81
16060.jpg,1857,1777,-80
16065.jpg,1857,1836,-21
16070.jpg,1857,1876,19
16075.jpg,1857,1776,-81
16080.jpg,1857,1816,-41
16085.jpg,1857,1850,-7
16090.jpg,1857,1876,19
16095.jpg,1857,1813,-44
16100.jpg,1857,1779,-78
16105.jpg,1857,1806,-51
16110.jpg,1857,1876,19
16115.jpg,1857,1846,-11
16120.jpg,1857,1814,-43
16125.jpg,1857,1886,29
16130.jpg,1857,1779,-78
16135.jpg,1857,1817,-40
16140.jpg,1857,1060,-797
16145.jpg,1857,1803,-54
16150.jpg,1857,1850,-7
16155.jpg,1857,1806,-51
16160.jpg,1857,1861,4
16165.jpg,1857,1779,-78
16170.jpg,1857,1881,24
16175.jpg,1857,1806,-51
16180.jpg,1857,1850,-7
16185.jpg,1857,1909,52
16190.jpg,1857,1779,-78
16195.jpg,1857,1775,-82
16200.jpg,1857,2019,162
16205.jpg,1857,2007,150
16210.jpg,1857,1804,-53
16215.jpg,1857,1834,-23
16220.jpg,1857,1779,-78
16225.jpg,1857,1825,-32
16230.jpg,1857,2018,161
16235.jpg,1858,1870,12
16240.jpg,1858,1993,135
16245.jpg,1858,1846,-12
16250.jpg,1858,1886,28
16255.jpg,1858,2019,161
16260.jpg,1858,1775,-83
16265.jpg,1858,1815,-43
16270.jpg,1858,1829,-29
16275.jpg,1858,1814,-44
16280.jpg,1858,1775,-83
16285.jpg,1858,1890,32
16290.jpg,1858,1878,20
16295.jpg,1858,1915,57
16300.jpg,1858,1012,-846
16305.jpg,1858,1901,43
16310.jpg,1858,1840,-18
16315.jpg,1858,1060,-798
16320.jpg,1858,1836,-22
16325.jpg,1858,1879,21
16330.jpg,1858,1886,28
16335.jpg,1858,1879,21
16340.jpg,1858,1775,-83
16345.jpg,1858,1936,78
16350.jpg,1858,1812,-46
16355.jpg,1858,1886,28
16360.jpg,1858,1836,-22
16365.jpg,1858,1775,-83
16370.jpg,1858,1803,-55
16375.jpg,1858,1806,-52
16380.jpg,1858,1886,28
16385.jpg,1858,1806,-52
16390.jpg,1858,1815,-43
16395.jpg,1858,1775,-83
16400.jpg,1858,1812,-46
16405.jpg,1858,1886,28
16410.jpg,1858,1804,-54
16415.jpg,1858,1906,48
16420.jpg,1858,1803,-55
16425.jpg,1858,1804,-54
16430.jpg,1858,1812,-46
16435.jpg,1858,1814,-44
16440.jpg,1858,1779,-79
16445.jpg,1858,1806,-52
16450.jpg,1858,1316,-542
16455.jpg,1858,1829,-29
16460.jpg,1858,1900,42
16465.jpg,1858,1815,-43
16470.jpg,1858,1806,-52
16475.jpg,1858,1717,-141
16480.jpg,1858,1909,51
16485.jpg,1858,1886,28
16490.jpg,1859,1594,-265
16495.jpg,1859,1889,30
16500.jpg,1859,2008,149
16505.jpg,1859,1766,-93
16510.jpg,1859,1804,-55
16515.jpg,1859,1430,-429
16520.jpg,1859,1530,-329
16525.jpg,1859,1755,-104
16530.jpg,1859,1775,-84
16535.jpg,1859,1818,-41
16540.jpg,1859,1779,-80
16545.jpg,1859,1777,-82
16550.jpg,1859,1775,-84
16555.jpg,1859,1012,-847
16560.jpg,1859,1750,-109
16565.jpg,1859,1716,-143
16570.jpg,1859,1790,-69
16575.jpg,1859,1866,7
16580.jpg,1859,1879,20
16585.jpg,1859,1817,-42
16590.jpg,1859,1779,-80
16595.jpg,1859,1859,0
16600.jpg,1859,1779,-80
16605.jpg,1859,2012,153
16610.jpg,1859,1827,-32
16615.jpg,1859,1886,27
16620.jpg,1859,1779,-80
16625.jpg,1859,1779,-80
16630.jpg,1859,1936,77
16635.jpg,1859,1876,17
16640.jpg,1859,1836,-23
16645.jpg,1859,1886,27
16650.jpg,1859,1850,-9
16655.jpg,1859,1851,-8
16660.jpg,1859,1779,-80
16665.jpg,1859,1816,-43
16670.jpg,1859,1842,-17
16675.jpg,1859,1775,-84
16680.jpg,1859,1804,-55
16685.jpg,1859,1812,-47
16690.jpg,1859,1066,-793
16695.jpg,1859,1836,-23
16700.jpg,1859,1906,47
16705.jpg,1859,1804,-55
16710.jpg,1859,1818,-41
16715.jpg,1859,1513,-346
16720.jpg,1859,1876,17
16725.jpg,1859,1889,30
16730.jpg,1859,1827,-32
16735.jpg,1860,2019,159
16740.jpg,1860,2019,159
16745.jpg,1860,1804,-56
16750.jpg,1860,1876,16
16755.jpg,1860,1804,-56
16760.jpg,1860,1815,-45
16765.jpg,1860,1865,5
16770.jpg,1860,1775,-85
16775.jpg,1860,1792,-68
16780.jpg,1860,1776,-84
16785.jpg,1860,1631,-229
16790.jpg,1860,1904,44
16795.jpg,1860,1776,-84
16800.jpg,1860,1842,-18
16805.jpg,1860,1886,26
16810.jpg,1860,1881,21
16815.jpg,1860,1806,-54
16820.jpg,1860,1803,-57
16825.jpg,1860,1803,-57
16830.jpg,1860,1776,-84
16835.jpg,1860,1886,26
16840.jpg,1860,1825,-35
16845.jpg,1860,1846,-14
16850.jpg,1860,1803,-57
16855.jpg,1860,1776,-84
16860.jpg,1860,1712,-148
16865.jpg,1860,1906,46
16870.jpg,1860,1812,-48
16875.jpg,1860,1775,-85
16880.jpg,1860,1775,-85
16885.jpg,1860,1846,-14
16890.jpg,1860,1566,-294
16895.jpg,1860,1766,-94
16900.jpg,1860,1804,-56
16905.jpg,1860,1806,-54
16910.jpg,1860,1836,-24
16915.jpg,1860,1843,-17
16920.jpg,1860,1260,-600
16925.jpg,1860,1804,-56
16930.jpg,1860,1881,21
16935.jpg,1860,1804,-56
16940.jpg,1860,1850,-10
16945.jpg,1860,1807,-53
16950.jpg,1860,1828,-32
16955.jpg,1860,1836,-24
16960.jpg,1860,1804,-56
16965.jpg,1860,1512,-348
16970.jpg,1860,1880,20
16975.jpg,1860,1013,-847
16980.jpg,1860,1828,-32
16985.jpg,1860,1886,26
16990.jpg,1860,1831,-29
16995.jpg,1860,1815,-45
17000.jpg,1860,1775,-85
17005.jpg,1861,1419,-442
17010.jpg,1861,1816,-45
17015.jpg,1861,1901,40
17020.jpg,1861,1788,-73
17025.jpg,1861,1766,-95
17030.jpg,1861,1815,-46
17035.jpg,1861,1722,-139
17040.jpg,1861,1790,-71
17045.jpg,1861,1830,-31
17050.jpg,1861,1777,-84
17055.jpg,1861,1793,-68
17060.jpg,1861,1827,-34
17065.jpg,1861,1820,-41
17070.jpg,1861,1836,-25
17075.jpg,1861,1876,15
17080.jpg,1861,1879,18
17085.jpg,1861,1807,-54
17090.jpg,1861,1779,-82
17095.jpg,1861,1836,-25
17100.jpg,1861,1850,-11
17105.jpg,1861,1766,-95
17110.jpg,1861,1886,25
17115.jpg,1861,1804,-57
17120.jpg,1861,1850,-11
17125.jpg,1861,1812,-49
17130.jpg,1861,1876,15
17135.jpg,1861,1510,-351
17140.jpg,1861,1776,-85
17145.jpg,1861,1828,-33
17150.jpg,1861,1815,-46
17155.jpg,1861,1891,30
17160.jpg,1861,1876,15
17165.jpg,1861,1876,15
17170.jpg,1861,1817,-44
17175.jpg,1862,1815,-47
17180.jpg,1862,1900,38
17185.jpg,1862,1836,-26
17190.jpg,1862,1780,-82
17195.jpg,1862,2019,157
17200.jpg,1862,2003,141
17205.jpg,1862,1725,-137
17210.jpg,1862,1005,-857
17215.jpg,1862,1881,19
17220.jpg,1862,1995,133
17225.jpg,1862,1807,-55
17230.jpg,1862,1846,-16
17235.jpg,1862,1846,-16
17240.jpg,1862,1865,3
17245.jpg,1862,1806,-56
17250.jpg,1862,1775,-87
17255.jpg,1862,1690,-172
17260.jpg,1862,1846,-16
17265.jpg,1862,1804,-58
17270.jpg,1862,1876,14
17275.jpg,1862,1775,-87
17280.jpg,1862,1829,-33
17285.jpg,1862,1876,14
17290.jpg,1862,1818,-44
17295.jpg,1862,1775,-87
17300.jpg,1862,1819,-43
17305.jpg,1862,1640,-222
17310.jpg,1862,1779,-83
17315.jpg,1862,1949,87
17320.jpg,1862,1885,23
17325.jpg,1863,1819,-44
17330.jpg,1863,1777,-86
17335.jpg,1863,1865,2
17340.jpg,1863,1936,73
17345.jpg,1863,1800,-63
17350.jpg,1863,1815,-48
17355.jpg,1863,1815,-48
17360.jpg,1863,2006,143
17365.jpg,1863,2008,145
17370.jpg,1863,2019,156
17375.jpg,1863,1775,-88
17380.jpg,1863,1725,-138
17385.jpg,1863,1820,-43
17390.jpg,1863,2019,156
17395.jpg,1863,1846,-17
17400.jpg,1863,1778,-85
17405.jpg,1863,1886,23
17410.jpg,1863,1775,-88
17415.jpg,1863,1886,23
17420.jpg,1863,1886,23
17425.jpg,1863,1776,-87
17430.jpg,1863,2019,156
17435.jpg,1863,1960,97
17440.jpg,1863,1806,-57
17445.jpg,1863,1886,23
17450.jpg,1863,1828,-35
17455.jpg,1863,1859,-4
17460.jpg,1863,1690,-173
17465.jpg,1863,1900,37
17470.jpg,1863,1804,-59
17475.jpg,1863,1880,17
17480.jpg,1863,1813,-50
17485.jpg,1864,1819,-45
17490.jpg,1864,1831,-33
17495.jpg,1864,1775,-89
17500.jpg,1864,1777,-87
17505.jpg,1864,1906,42
17510.jpg,1864,1876,12
17515.jpg,1864,1827,-37
17520.jpg,1864,2019,155
17525.jpg,1864,1560,-304
17530.jpg,1864,1796,-68
17535.jpg,1864,2005,141
17540.jpg,1864,1634,-230
17545.jpg,1864,1775,-89
17550.jpg,1864,1011,-853
17555.jpg,1864,1881,17
17560.jpg,1864,1886,22
17565.jpg,1864,1775,-89
17570.jpg,1864,1996,132
17575.jpg,1864,1850,-14
17580.jpg,1864,1779,-85
17585.jpg,1864,1886,22
17590.jpg,1864,2011,147
17595.jpg,1864,1775,-89
17600.jpg,1864,1830,-34
17605.jpg,1864,1780,-84
17610.jpg,1864,1850,-14
17615.jpg,1864,1766,-98
17620.jpg,1864,1779,-85
17625.jpg,1864,1269,-595
17630.jpg,1864,1819,-45
17635.jpg,1864,1100,-764
17640.jpg,1864,1936,72
17645.jpg,1864,1815,-49
17650.jpg,1864,1850,-14
17655.jpg,1864,1775,-89
17660.jpg,1865,1816,-49
17665.jpg,1865,2019,154
17670.jpg,1865,1777,-88
17675.jpg,1865,1836,-29
17680.jpg,1865,1779,-86
17685.jpg,1865,2008,143
17690.jpg,1865,2013,148
17695.jpg,1865,1815,-50
17700.jpg,1865,1690,-175
17705.jpg,1865,1779,-86
17710.jpg,1865,1816,-49
17715.jpg,1865,1883,18
17720.jpg,1865,1954,89
17725.jpg,1865,1777,-88
17730.jpg,1865,1820,-45
17735.jpg,1865,1725,-140
17740.jpg,1865,1999,134
17745.jpg,1865,1012,-853
17750.jpg,1865,1876,11
17755.jpg,1865,1836,-29
17760.jpg,1865,1813,-52
17765.jpg,1865,1860,-5
17770.jpg,1865,1806,-59
17775.jpg,1865,2019,154
17780.jpg,1865,1779,-86
17785.jpg,1865,1775,-90
17790.jpg,1865,1804,-61
17795.jpg,1865,1766,-99
17800.jpg,1865,1779,-86
17805.jpg,1865,1906,41
17810.jpg,1865,1876,11
17815.jpg,1865,1886,21
17820.jpg,1865,1806,-59
17825.jpg,1865,1775,-90
17830.jpg,1865,1846,-19
17835.jpg,1865,1779,-86
17840.jpg,1865,1812,-53
17845.jpg,1865,1876,11
17850.jpg,1865,1886,21
17855.jpg,1865,1886,21
17860.jpg,1865,1866,1
17865.jpg,1865,1777,-88
17870.jpg,1865,1885,20
17875.jpg,1865,1775,-90
17880.jpg,1865,1766,-99
17885.jpg,1865,1803,-62
17890.jpg,1865,1710,-155
17895.jpg,1865,1807,-58
17900.jpg,1865,1850,-15
17905.jpg,1865,1806,-59
17910.jpg,1865,1775,-90
17915.jpg,1865,1750,-115
17920.jpg,1865,2019,154
17925.jpg,1865,1492,-373
17930.jpg,1865,1853,-12
17935.jpg,1866,1909,43
17940.jpg,1866,1776,-90
17945.jpg,1866,1808,-58
17950.jpg,1866,1067,-799
17955.jpg,1866,1814,-52
17960.jpg,1866,1766,-100
17965.jpg,1866,1876,10
17970.jpg,1866,1664,-202
17975.jpg,1866,1818,-48
17980.jpg,1866,1813,-53
17985.jpg,1866,1812,-54
17990.jpg,1866,1616,-250
17995.jpg,1866,2008,142
18000.jpg,1866,1810,-56
18005.jpg,1866,1766,-100
18010.jpg,1866,1886,20
18015.jpg,1866,1775,-91
18020.jpg,1866,1886,20
18025.jpg,1866,1855,-11
18030.jpg,1866,1812,-54
18035.jpg,1866,1775,-91
18040.jpg,1866,1806,-60
18045.jpg,1866,1836,-30
18050.jpg,1866,1710,-156
18055.jpg,1866,2019,153
18060.jpg,1866,1842,-24
18065.jpg,1866,1779,-87
18070.jpg,1866,1779,-87
18075.jpg,1866,1777,-89
18080.jpg,1866,1836,-30
18085.jpg,1866,1766,-100
18090.jpg,1866,1827,-39
18095.jpg,1866,1806,-60
18100.jpg,1866,1936,70
18105.jpg,1866,1916,50
18110.jpg,1866,1815,-51
18115.jpg,1866,1779,-87
18120.jpg,1866,1776,-90
18125.jpg,1866,1815,-51
18130.jpg,1866,2019,153
18135.jpg,1867,1717,-150
18140.jpg,1867,1815,-52
18145.jpg,1867,1775,-92
18150.jpg,1867,1881,14
18155.jpg,1867,1880,13
18160.jpg,1867,1875,8
18165.jpg,1867,1775,-92
18170.jpg,1867,1766,-101
18175.jpg,1867,1905,38
18180.jpg,1867,2019,152
18185.jpg,1867,1766,-101
18190.jpg,1867,1834,-33
18195.jpg,1867,1766,-101
18200.jpg,1867,1725,-142
18205.jpg,1867,2019,152
18210.jpg,1867,1512,-355
18215.jpg,1867,1994,127
18220.jpg,1867,1812,-55
18225.jpg,1867,1906,39
18230.jpg,1867,1778,-89
18235.jpg,1867,1778,-89
18240.jpg,1867,1779,-88
18245.jpg,1867,1850,-17
18250.jpg,1867,1886,19
18255.jpg,1867,1806,-61
18260.jpg,1867,1775,-92
18265.jpg,1867,1766,-101
18270.jpg,1867,1540,-327
18275.jpg,1867,1815,-52
18280.jpg,1867,1886,19
18285.jpg,1867,1846,-21
18290.jpg,1867,1879,12
18295.jpg,1867,1779,-88
18300.jpg,1867,1900,33
18305.jpg,1867,1806,-61
18310.jpg,1867,1901,34
18315.jpg,1867,1826,-41
18320.jpg,1867,1842,-25
18325.jpg,1867,1806,-61
18330.jpg,1867,1879,12
18335.jpg,1867,1906,39
18340.jpg,1867,1810,-57
18345.jpg,1867,2013,146
18350.jpg,1867,1040,-827
18355.jpg,1867,1861,-6
18360.jpg,1867,1850,-17
18365.jpg,1868,1818,-50
18370.jpg,1868,1775,-93
18375.jpg,1868,1916,48
18380.jpg,1868,1886,18
18385.jpg,1868,1880,12
18390.jpg,1868,1833,-35
18395.jpg,1868,1777,-91
18400.jpg,1868,1936,68
18405.jpg,1868,1900,32
18410.jpg,1868,2018,150
18415.jpg,1868,1817,-51
18420.jpg,1868,1777,-91
18425.jpg,1868,1796,-72
18430.jpg,1868,1051,-817
18435.jpg,1868,1779,-89
18440.jpg,1868,1999,131
18445.jpg,1868,1956,88
18450.jpg,1868,1840,-28
18455.jpg,1868,1779,-89
18460.jpg,1868,1846,-22
18465.jpg,1868,1879,11
18470.jpg,1868,1900,32
18475.jpg,1868,1519,-349
18480.jpg,1868,1846,-22
18485.jpg,1868,1846,-22
18490.jpg,1868,1846,-22
18495.jpg,1868,1806,-62
18500.jpg,1868,1816,-52
18505.jpg,1868,1851,-17
18510.jpg,1868,1850,-18
18515.jpg,1868,1846,-22
18520.jpg,1868,1803,-65
18525.jpg,1868,1881,13
18530.jpg,1868,1812,-56
18535.jpg,1868,1850,-18
18540.jpg,1868,1806,-62
18545.jpg,1868,1850,-18
18550.jpg,1868,1886,18
18555.jpg,1868,1830,-38
18560.jpg,1868,1876,8
18565.jpg,1868,1886,18
18570.jpg,1868,1879,11
18575.jpg,1868,1881,13
18580.jpg,1868,2019,151
18585.jpg,1868,2002,134
18590.jpg,1868,1909,41
18595.jpg,1868,1837,-31
18600.jpg,1868,1900,32
18605.jpg,1868,1900,32
18610.jpg,1868,1779,-89
18615.jpg,1868,1900,32
18620.jpg,1869,1717,-152
18625.jpg,1869,1809,-60
18630.jpg,1869,1779,-90
18635.jpg,1869,1881,12
18640.jpg,1869,1886,17
18645.jpg,1869,1830,-39
18650.jpg,1869,1766,-103
18655.jpg,1869,1815,-54
18660.jpg,1869,1778,-91
18665.jpg,1869,1833,-36
18670.jpg,1869,1810,-59
18675.jpg,1869,1936,67
18680.jpg,1869,1778,-91
18685.jpg,1869,1881,12
18690.jpg,1869,1855,-14
18695.jpg,1869,1855,-14
18700.jpg,1869,1876,7
18705.jpg,1869,1779,-90
18710.jpg,1869,1903,34
18715.jpg,1869,1779,-90
18720.jpg,1869,1879,10
18725.jpg,1869,1815,-54
18730.jpg,1869,1766,-103
18735.jpg,1869,1858,-11
18740.jpg,1869,1806,-63
18745.jpg,1869,1907,38
18750.jpg,1869,1876,7
18755.jpg,1869,1876,7
18760.jpg,1869,1866,-3
18765.jpg,1869,1766,-103
18770.jpg,1869,1779,-90
18775.jpg,1869,1879,10
18780.jpg,1869,1812,-57
18785.jpg,1869,1804,-65
18790.jpg,1869,1886,17
18795.jpg,1869,1776,-93
18800.jpg,1869,1707,-162
18805.jpg,1869,1819,-50
18810.jpg,1869,1879,10
18815.jpg,1869,1889,20
18820.jpg,1869,1869,0
18825.jpg,1869,1881,12
18830.jpg,1869,2010,141
18835.jpg,1869,2019,150
18840.jpg,1870,1520,-350
18845.jpg,1870,1669,-201
18850.jpg,1870,2008,138
18855.jpg,1870,1776,-94
18860.jpg,1870,1889,19
18865.jpg,1870,1777,-93
18870.jpg,1870,1885,15
18875.jpg,1870,2007,137
18880.jpg,1870,2008,138
18885.jpg,1870,1796,-74
18890.jpg,1870,2020,150
18895.jpg,1870,1779,-91
18900.jpg,1870,1775,-95
18905.jpg,1870,1775,-95
18910.jpg,1870,1996,126
18915.jpg,1870,1904,34
18920.jpg,1870,1725,-145
18925.jpg,1870,1777,-93
18930.jpg,1870,1830,-40
18935.jpg,1870,1710,-160
18940.jpg,1870,1876,6
18945.jpg,1870,1996,126
18950.jpg,1870,1906,36
18955.jpg,1870,1886,16
18960.jpg,1870,1876,6
18965.jpg,1870,1776,-94
18970.jpg,1870,1865,-5
18975.jpg,1870,1778,-92
18980.jpg,1870,1886,16
18985.jpg,1870,1775,-95
18990.jpg,1870,1777,-93
18995.jpg,1870,1886,16
19000.jpg,1870,1779,-91
19005.jpg,1870,1876,6
19010.jpg,1870,1816,-54
19015.jpg,1870,1806,-64
19020.jpg,1870,1416,-454
19025.jpg,1870,1806,-64
19030.jpg,1870,1906,36
19035.jpg,1870,1880,10
19040.jpg,1870,1766,-104
19045.jpg,1870,1766,-104
19050.jpg,1870,1827,-43
19055.jpg,1870,1906,36
19060.jpg,1870,1906,36
19065.jpg,1870,1906,36
19070.jpg,1870,1806,-64
19075.jpg,1870,1886,16
19080.jpg,1870,1840,-30
19085.jpg,1870,1876,6
19090.jpg,1870,1816,-54
19095.jpg,1870,1000,-870
19100.jpg,1870,2019,149
19105.jpg,1870,1803,-67
19110.jpg,1870,1624,-246
19115.jpg,1870,1850,-20
19120.jpg,1870,1900,30
19125.jpg,1870,2019,149
19130.jpg,1870,1806,-64
19135.jpg,1870,1777,-93
19140.jpg,1870,1690,-180
19145.jpg,1871,1691,-180
19150.jpg,1871,1815,-56
19155.jpg,1871,1879,8
19160.jpg,1871,1776,-95
19165.jpg,1871,2006,135
19170.jpg,1871,2021,150
19175.jpg,1871,2019,148
19180.jpg,1871,1903,32
19185.jpg,1871,1889,18
19190.jpg,1871,1887,16
19195.jpg,1871,1864,-7
19200.jpg,1871,1779,-92
19205.jpg,1871,2002,131
19210.jpg,1871,1777,-94
19215.jpg,1871,1956,85
19220.jpg,1871,1725,-146
19225.jpg,1871,1815,-56
19230.jpg,1871,2011,140
19235.jpg,1871,1890,19
19240.jpg,1871,2019,148
19245.jpg,1871,1850,-21
19250.jpg,1871,1886,15
19255.jpg,1871,1836,-35
19260.jpg,1871,1876,5
19265.jpg,1871,1065,-806
19270.jpg,1871,1806,-65
19275.jpg,1871,1886,15
19280.jpg,1871,1876,5
19285.jpg,1871,1818,-53
19290.jpg,1871,1840,-31
19295.jpg,1871,1876,5
19300.jpg,1871,1876,5
19305.jpg,1871,1806,-65
19310.jpg,1871,1906,35
19315.jpg,1871,1855,-16
19320.jpg,1871,1881,10
19325.jpg,1871,1886,15
19330.jpg,1871,1881,10
19335.jpg,1871,1877,6
19340.jpg,1871,1880,9
19345.jpg,1871,1876,5
19350.jpg,1871,1816,-55
19355.jpg,1871,1886,15
19360.jpg,1871,1886,15
19365.jpg,1871,1814,-57
19370.jpg,1871,1815,-56
19375.jpg,1871,1830,-41
19380.jpg,1871,1886,15
19385.jpg,1871,1878,7
19390.jpg,1871,1886,15
19395.jpg,1872,1777,-95
19400.jpg,1872,1906,34
19405.jpg,1872,2019,147
19410.jpg,1872,1878,6
19415.jpg,1872,1818,-54
19420.jpg,1872,1820,-52
19425.jpg,1872,2021,149
19430.jpg,1872,1916,44
19435.jpg,1872,1900,28
19440.jpg,1872,1880,8
19445.jpg,1872,1941,69
19450.jpg,1872,1530,-342
19455.jpg,1872,1902,30
19460.jpg,1872,1865,-7
19465.jpg,1872,1906,34
19470.jpg,1872,1816,-56
19475.jpg,1872,1779,-93
19480.jpg,1872,1775,-97
19485.jpg,1872,1766,-106
19490.jpg,1872,1865,-7
19495.jpg,1872,1796,-76
19500.jpg,1872,1882,10
19505.jpg,1872,1000,-872
19510.jpg,1872,1901,29
19515.jpg,1872,1012,-860
19520.jpg,1872,2019,147
19525.jpg,1872,1866,-6
19530.jpg,1872,1881,9
19535.jpg,1872,1816,-56
19540.jpg,1872,1775,-97
19545.jpg,1872,1850,-22
19550.jpg,1872,1806,-66
19555.jpg,1872,1803,-69
19560.jpg,1872,1879,7
19565.jpg,1872,1776,-96
19570.jpg,1872,1886,14
19575.jpg,1872,1815,-57
19580.jpg,1872,1879,7
19585.jpg,1872,1717,-155
19590.jpg,1872,1802,-70
19595.jpg,1872,1806,-66
19600.jpg,1872,1850,-22
19605.jpg,1872,1866,-6
19610.jpg,1872,1810,-62
19615.jpg,1872,1879,7
19620.jpg,1872,1887,15
19625.jpg,1872,1846,-26
19630.jpg,1872,1806,-66
19635.jpg,1872,2019,147
19640.jpg,1872,1501,-371
19645.jpg,1872,1717,-155
19650.jpg,1872,1872,0
19655.jpg,1873,1494,-379
19660.jpg,1873,1815,-58
19665.jpg,1873,1907,34
19670.jpg,1873,1876,3
19675.jpg,1873,1775,-98
19680.jpg,1873,1850,-23
19685.jpg,1873,1876,3
19690.jpg,1873,2018,145
19695.jpg,1873,1777,-96
19700.jpg,1873,1778,-95
19705.jpg,1873,1900,27
19710.jpg,1873,1901,28
19715.jpg,1873,1880,7
19720.jpg,1873,2021,148
19725.jpg,1873,1779,-94
19730.jpg,1873,1775,-98
19735.jpg,1873,1725,-148
19740.jpg,1873,2019,146
19745.jpg,1873,1716,-157
19750.jpg,1873,1750,-123
19755.jpg,1873,1996,123
19760.jpg,1873,1830,-43
19765.jpg,1873,1821,-52
19770.jpg,1873,1818,-55
19775.jpg,1873,2019,146
19780.jpg,1873,1876,3
19785.jpg,1873,1876,3
19790.jpg,1873,1816,-57
19795.jpg,1873,1866,-7
19800.jpg,1873,1664,-209
19805.jpg,1873,1779,-94
19810.jpg,1873,1881,8
19815.jpg,1873,1879,6
19820.jpg,1873,1886,13
19825.jpg,1873,1886,13
19830.jpg,1873,1886,13
19835.jpg,1873,1836,-37
19840.jpg,1873,1806,-67
19845.jpg,1873,1766,-107
19850.jpg,1873,1876,3
19855.jpg,1873,1806,-67
19860.jpg,1873,1876,3
19865.jpg,1873,1876,3
19870.jpg,1873,1806,-67
19875.jpg,1873,2007,134
19880.jpg,1873,1885,12
19885.jpg,1873,1884,11
19890.jpg,1873,1866,-7
19895.jpg,1873,1976,103
19900.jpg,1873,1885,12
19905.jpg,1873,2019,146
19910.jpg,1873,1818,-55
19915.jpg,1874,1881,7
19920.jpg,1874,2019,145
19925.jpg,1874,1876,2
19930.jpg,1874,1876,2
19935.jpg,1874,2005,131
19940.jpg,1874,1875,1
19945.jpg,1874,1816,-58
19950.jpg,1874,2008,134
19955.jpg,1874,1909,35
19960.jpg,1874,1905,31
19965.jpg,1874,1910,36
19970.jpg,1874,2019,145
19975.jpg,1874,1883,9
19980.jpg,1874,1886,12
19985.jpg,1874,2019,145
19990.jpg,1874,2019,145
19995.jpg,1874,1818,-56
20000.jpg,1874,1963,89
20005.jpg,1874,1803,-71
20010.jpg,1874,1777,-97
20015.jpg,1874,1775,-99
20020.jpg,1874,1840,-34
20025.jpg,1874,1920,46
20030.jpg,1874,1909,35
20035.jpg,1874,1941,67
20040.jpg,1874,1901,27
20045.jpg,1874,1996,122
20050.jpg,1874,1856,-18
20055.jpg,1874,1866,-8
20060.jpg,1874,1886,12
20065.jpg,1874,1881,7
20070.jpg,1874,1885,11
20075.jpg,1874,1877,3
20080.jpg,1874,1815,-59
20085.jpg,1874,1876,2
20090.jpg,1874,1779,-95
20095.jpg,1874,1846,-28
20100.jpg,1874,1876,2
20105.jpg,1874,1876,2
20110.jpg,1874,1876,2
20115.jpg,1874,1886,12
20120.jpg,1874,1886,12
20125.jpg,1874,1710,-164
20130.jpg,1874,1512,-362
20135.jpg,1874,1560,-314
20140.jpg,1874,1576,-298
20145.jpg,1874,1779,-95
20150.jpg,1874,1886,12
20155.jpg,1874,1876,2
20160.jpg,1874,1815,-59
20165.jpg,1874,1876,2
20170.jpg,1874,1880,6
20175.jpg,1874,1914,40
20180.jpg,1874,1769,-105
20185.jpg,1874,1815,-59
20190.jpg,1874,1883,9
20195.jpg,1874,1820,-54
20200.jpg,1874,2019,145
20205.jpg,1874,1818,-56
20210.jpg,1875,1885,10
20215.jpg,1875,2019,144
20220.jpg,1875,1777,-98
20225.jpg,1875,1915,40
20230.jpg,1875,1879,4
20235.jpg,1875,1756,-119
20240.jpg,1875,1804,-71
20245.jpg,1875,1766,-109
20250.jpg,1875,2013,138
20255.jpg,1875,2007,132
20260.jpg,1875,1890,15
20265.jpg,1875,1616,-259
20270.jpg,1875,1779,-96
20275.jpg,1875,1779,-96
20280.jpg,1875,1909,34
20285.jpg,1875,1901,26
20290.jpg,1875,1998,123
20295.jpg,1875,1720,-155
20300.jpg,1875,1750,-125
20305.jpg,1875,1840,-35
20310.jpg,1875,1775,-100
20315.jpg,1875,1694,-181
20320.jpg,1875,1850,-25
20325.jpg,1875,1776,-99
20330.jpg,1875,1886,11
20335.jpg,1875,1886,11
20340.jpg,1875,1876,1
20345.jpg,1875,1806,-69
20350.jpg,1875,1850,-25
20355.jpg,1875,2019,144
20360.jpg,1875,1876,1
20365.jpg,1875,1886,11
20370.jpg,1875,1850,-25
20375.jpg,1875,1842,-33
20380.jpg,1875,1879,4
20385.jpg,1875,1766,-109
20390.jpg,1875,1879,4
20395.jpg,1875,1850,-25
20400.jpg,1875,1886,11
20405.jpg,1875,1850,-25
20410.jpg,1875,1810,-65
20415.jpg,1875,1822,-53
20420.jpg,1875,1828,-47
20425.jpg,1875,1816,-59
20430.jpg,1875,1806,-69
20435.jpg,1875,1045,-830
20440.jpg,1875,1780,-95
20445.jpg,1875,1834,-41
20450.jpg,1875,1846,-29
20455.jpg,1875,1776,-99
20460.jpg,1875,1886,11
20465.jpg,1875,1711,-164
20470.jpg,1875,1779,-96
20475.jpg,1875,1815,-60
20480.jpg,1875,2019,144
20485.jpg,1875,1906,31
20490.jpg,1875,1816,-59
20495.jpg,1875,1909,34
20500.jpg,1876,1591,-285
20505.jpg,1876,2019,143
20510.jpg,1876,1905,29
20515.jpg,1876,1812,-64
20520.jpg,1876,1906,30
20525.jpg,1876,1434,-442
20530.jpg,1876,1775,-101
20535.jpg,1876,1012,-864
20540.jpg,1876,2019,143
20545.jpg,1876,1886,10
20550.jpg,1876,1775,-101
20555.jpg,1876,1777,-99
20560.jpg,1876,1052,-824
20565.jpg,1876,1812,-64
20570.jpg,1876,1750,-126
20575.jpg,1876,2008,132
20580.jpg,1876,1013,-863
20585.jpg,1876,1850,-26
20590.jpg,1876,1846,-30
20595.jpg,1876,1886,10
20600.jpg,1876,1878,2
20605.jpg,1876,1804,-72
20610.jpg,1876,1876,0
20615.jpg,1876,1879,3
20620.jpg,1876,1803,-73
20625.jpg,1876,1886,10
20630.jpg,1876,1816,-60
20635.jpg,1876,1881,5
20640.jpg,1876,2019,143
20645.jpg,1876,1886,10
20650.jpg,1876,1775,-101
20655.jpg,1876,1879,3
20660.jpg,1876,1886,10
20665.jpg,1876,1886,10
20670.jpg,1876,1900,24
20675.jpg,1876,2007,131
20680.jpg,1876,1900,24
20685.jpg,1876,1886,10
20690.jpg,1876,1800,-76
20695.jpg,1876,1865,-11
20700.jpg,1876,1890,14
20705.jpg,1876,1899,23
20710.jpg,1876,2020,144
20715.jpg,1876,1806,-70
20720.jpg,1876,1818,-58
20725.jpg,1876,1889,13
20730.jpg,1877,1890,13
20735.jpg,1877,1775,-102
20740.jpg,1877,1906,29
20745.jpg,1877,1907,30
20750.jpg,1877,1758,-119
20755.jpg,1877,1900,23
20760.jpg,1877,1936,59
20765.jpg,1877,1011,-866
20770.jpg,1877,2019,142
20775.jpg,1877,1776,-101
20780.jpg,1877,1900,23
20785.jpg,1877,1850,-27
20790.jpg,1877,1750,-127
20795.jpg,1877,1775,-102
20800.jpg,1877,1610,-267
20805.jpg,1877,1775,-102
20810.jpg,1877,1886,9
20815.jpg,1877,1806,-71
20820.jpg,1877,1886,9
20825.jpg,1877,1480,-397
20830.jpg,1877,1777,-100
20835.jpg,1877,1876,-1
20840.jpg,1877,1886,9
20845.jpg,1877,1876,-1
20850.jpg,1877,1879,2
20855.jpg,1877,1803,-74
20860.jpg,1877,1906,29
20865.jpg,1877,1780,-97
20870.jpg,1877,1879,2
20875.jpg,1877,1881,4
20880.jpg,1877,1804,-73
20885.jpg,1877,1886,9
20890.jpg,1877,1889,12
20895.jpg,1877,1710,-167
20900.jpg,1877,1885,8
20905.jpg,1877,1876,-1
20910.jpg,1877,1886,9
20915.jpg,1877,1891,14
20920.jpg,1878,1626,-252
20925.jpg,1878,1900,22
20930.jpg,1878,1880,2
20935.jpg,1878,1815,-63
20940.jpg,1878,2008,130
20945.jpg,1878,2008,130
20950.jpg,1878,1775,-103
20955.jpg,1878,1889,11
20960.jpg,1878,1008,-870
20965.jpg,1878,1960,82
20970.jpg,1878,2019,141
20975.jpg,1878,1850,-28
20980.jpg,1878,1901,23
20985.jpg,1878,1720,-158
20990.jpg,1878,1890,12
20995.jpg,1878,1720,-158
21000.jpg,1878,2019,141
21005.jpg,1878,1776,-102
21010.jpg,1878,1865,-13
21015.jpg,1878,1803,-75
21020.jpg,1878,1766,-112
21025.jpg,1878,1876,-2
21030.jpg,1878,1886,8
21035.jpg,1878,1775,-103
21040.jpg,1878,1777,-101
21045.jpg,1878,1856,-22
21050.jpg,1878,1876,-2
21055.jpg,1878,1806,-72
21060.jpg,1878,1775,-103
21065.jpg,1878,1886,8
21070.jpg,1878,2011,133
21075.jpg,1878,1876,-2
21080.jpg,1878,1886,8
21085.jpg,1878,1886,8
21090.jpg,1878,1777,-101
21095.jpg,1878,1886,8
21100.jpg,1878,1886,8
21105.jpg,1878,1886,8
21110.jpg,1878,1890,12
21115.jpg,1878,1914,36
21120.jpg,1878,1903,25
21125.jpg,1878,2009,131
21130.jpg,1878,1818,-60
21135.jpg,1878,1881,3
21140.jpg,1878,1900,22
21145.jpg,1878,1808,-70
21150.jpg,1878,1720,-158
21155.jpg,1878,1850,-28
21160.jpg,1879,2019,140
21165.jpg,1879,1890,11
21170.jpg,1879,2019,140
21175.jpg,1879,2019,140
21180.jpg,1879,2019,140
21185.jpg,1879,2018,139
21190.jpg,1879,1881,2
21195.jpg,1879,1012,-867
21200.jpg,1879,1870,-9
21205.jpg,1879,1916,37
21210.jpg,1879,1812,-67
21215.jpg,1879,1817,-62
21220.jpg,1879,1881,2
21225.jpg,1879,1820,-59
21230.jpg,1879,1737,-142
21235.jpg,1879,2019,140
21240.jpg,1879,1416,-463
21245.jpg,1879,1775,-104
21250.jpg,1879,1850,-29
21255.jpg,1879,1881,2
21260.jpg,1879,1886,7
21265.jpg,1879,1886,7
21270.jpg,1879,1806,-73
21275.jpg,1879,1803,-76
21280.jpg,1879,1806,-73
21285.jpg,1879,1777,-102
21290.jpg,1879,1886,7
21295.jpg,1879,2019,140
21300.jpg,1879,1886,7
21305.jpg,1879,1876,-3
21310.jpg,1879,1881,2
21315.jpg,1879,1896,17
21320.jpg,1879,1863,-16
21325.jpg,1879,1886,7
21330.jpg,1879,2019,140
21335.jpg,1879,1887,8
21340.jpg,1879,1899,20
21345.jpg,1879,1001,-878
21350.jpg,1879,1818,-61
21355.jpg,1879,2008,129
21360.jpg,1879,1847,-32
21365.jpg,1879,1900,21
21370.jpg,1879,1901,22
21375.jpg,1880,1740,-140
21380.jpg,1880,1886,6
21385.jpg,1880,1876,-4
21390.jpg,1880,2007,127
21395.jpg,1880,2007,127
21400.jpg,1880,1889,9
21405.jpg,1880,1780,-100
21410.jpg,1880,1766,-114
21415.jpg,1880,1803,-77
21420.jpg,1880,1887,7
21425.jpg,1880,1887,7
21430.jpg,1880,1779,-101
21435.jpg,1880,1881,1
21440.jpg,1880,1889,9
21445.jpg,1880,1889,9
21450.jpg,1880,1900,20
21455.jpg,1880,2019,139
21460.jpg,1880,1893,13
21465.jpg,1880,1775,-105
21470.jpg,1880,1776,-104
21475.jpg,1880,1779,-101
21480.jpg,1880,2015,135
21485.jpg,1880,2024,144
21490.jpg,1880,1825,-55
21495.jpg,1880,1000,-880
21500.jpg,1880,1813,-67
21505.jpg,1880,1813,-67
21510.jpg,1880,1840,-40
21515.jpg,1880,1836,-44
21520.jpg,1880,1775,-105
21525.jpg,1880,1874,-6
21530.jpg,1880,1886,6
21535.jpg,1880,1886,6
21540.jpg,1880,1876,-4
21545.jpg,1880,1886,6
21550.jpg,1880,1880,0
21555.jpg,1880,1775,-105
21560.jpg,1880,1842,-38
21565.jpg,1880,1779,-101
21570.jpg,1880,1775,-105
21575.jpg,1880,1776,-104
21580.jpg,1880,1876,-4
21585.jpg,1880,1777,-103
21590.jpg,1880,1780,-100
21595.jpg,1880,1889,9
21600.jpg,1880,1775,-105
21605.jpg,1880,1876,-4
21610.jpg,1880,1886,6
21615.jpg,1880,1886,6
21620.jpg,1880,1907,27
21625.jpg,1880,1879,-1
21630.jpg,1880,1886,6
21635.jpg,1880,1779,-101
21640.jpg,1880,1881,1
21645.jpg,1880,1766,-114
21650.jpg,1880,1806,-74
21655.jpg,1880,1886,6
21660.jpg,1880,1815,-65
21665.jpg,1880,1825,-55
21670.jpg,1880,1901,21
21675.jpg,1880,1886,6
21680.jpg,1880,1907,27
21685.jpg,1880,1801,-79
21690.jpg,1880,1876,-4
21695.jpg,1880,1806,-74
21700.jpg,1880,1909,29
21705.jpg,1880,1776,-104
21710.jpg,1881,1815,-66
21715.jpg,1881,1418,-463
21720.jpg,1881,1977,96
21725.jpg,1881,1775,-106
21730.jpg,1881,1891,10
21735.jpg,1881,2010,129
21740.jpg,1881,1881,0
21745.jpg,1881,2019,138
21750.jpg,1881,1882,1
21755.jpg,1881,1936,55
21760.jpg,1881,1812,-69
21765.jpg,1881,1959,78
21770.jpg,1881,2019,138
21775.jpg,1881,1935,54
21780.jpg,1881,1560,-321
21785.jpg,1881,1820,-61
21790.jpg,1881,1866,-15
21795.jpg,1881,1886,5
21800.jpg,1881,1886,5
21805.jpg,1881,1640,-241
21810.jpg,1881,1886,5
21815.jpg,1881,1886,5
21820.jpg,1881,1817,-64
21825.jpg,1881,1876,-5
21830.jpg,1881,1856,-25
21835.jpg,1881,1886,5
21840.jpg,1881,1803,-78
21845.jpg,1881,1806,-75
21850.jpg,1881,1711,-170
21855.jpg,1881,1886,5
21860.jpg,1881,1775,-106
21865.jpg,1881,1886,5
21870.jpg,1881,1876,-5
21875.jpg,1881,1886,5
21880.jpg,1881,1879,-2
21885.jpg,1881,1857,-24
21890.jpg,1881,1936,55
21895.jpg,1881,1889,8
21900.jpg,1881,1869,-12
21905.jpg,1881,1876,-5
21910.jpg,1881,1883,2
21915.jpg,1881,1877,-4
21920.jpg,1881,1886,5
21925.jpg,1881,1796,-85
21930.jpg,1881,1775,-106
21935.jpg,1881,1540,-341
21940.jpg,1881,1775,-106
21945.jpg,1882,1701,-181
21950.jpg,1882,1906,24
21955.jpg,1882,1889,7
21960.jpg,1882,1626,-256
21965.jpg,1882,2011,129
21970.jpg,1882,1779,-103
21975.jpg,1882,1866,-16
21980.jpg,1882,2010,128
21985.jpg,1882,1815,-67
21990.jpg,1882,1880,-2
21995.jpg,1882,1890,8
22000.jpg,1882,1883,1
22005.jpg,1882,1775,-107
22010.jpg,1882,1956,74
22015.jpg,1882,1956,74
22020.jpg,1882,1750,-132
22025.jpg,1882,1819,-63
22030.jpg,1882,1775,-107
22035.jpg,1882,1775,-107
22040.jpg,1882,2009,127
22045.jpg,1882,1866,-16
22050.jpg,1882,1807,-75
22055.jpg,1882,1879,-3
22060.jpg,1882,1879,-3
22065.jpg,1882,1836,-46
22070.jpg,1882,1806,-76
22075.jpg,1882,1787,-95
22080.jpg,1882,1886,4
22085.jpg,1882,1886,4
22090.jpg,1882,1879,-3
22095.jpg,1882,1779,-103
22100.jpg,1882,1906,24
22105.jpg,1882,1886,4
22110.jpg,1882,1818,-64
22115.jpg,1882,1886,4
22120.jpg,1882,1876,-6
22125.jpg,1882,1846,-36
22130.jpg,1882,1886,4
22135.jpg,1882,1876,-6
22140.jpg,1882,1710,-172
22145.jpg,1882,2003,121
22150.jpg,1882,1944,62
22155.jpg,1882,2021,139
22160.jpg,1882,1906,24
22165.jpg,1882,1885,3
22170.jpg,1882,1815,-67
22175.jpg,1882,1805,-77
22180.jpg,1882,1999,117
22185.jpg,1882,1777,-105
22190.jpg,1882,1725,-157
22195.jpg,1882,1812,-70
22200.jpg,1882,2019,137
22205.jpg,1882,1812,-70
22210.jpg,1882,1885,3
22215.jpg,1883,1540,-343
22220.jpg,1883,1886,3
22225.jpg,1883,1900,17
22230.jpg,1883,1886,3
22235.jpg,1883,2008,125
22240.jpg,1883,1775,-108
22245.jpg,1883,1895,12
22250.jpg,1883,1879,-4
22255.jpg,1883,1779,-104
22260.jpg,1883,1906,23
22265.jpg,1883,2019,136
22270.jpg,1883,1906,23
22275.jpg,1883,1900,17
22280.jpg,1883,1512,-371
22285.jpg,1883,2010,127
22290.jpg,1883,1759,-124
22295.jpg,1883,1779,-104
22300.jpg,1883,1740,-143
22305.jpg,1883,1725,-158
22310.jpg,1883,1820,-63
22315.jpg,1883,1909,26
22320.jpg,1883,1876,-7
22325.jpg,1883,1846,-37
22330.jpg,1883,1881,-2
22335.jpg,1883,1889,6
22340.jpg,1883,1886,3
22345.jpg,1883,1886,3
22350.jpg,1883,1847,-36
22355.jpg,1883,1810,-73
22360.jpg,1883,1886,3
22365.jpg,1883,1818,-65
22370.jpg,1883,1886,3
22375.jpg,1883,1876,-7
22380.jpg,1883,1886,3
22385.jpg,1883,1906,23
22390.jpg,1883,1916,33
22395.jpg,1883,1775,-108
22400.jpg,1883,1876,-7
22405.jpg,1883,1889,6
22410.jpg,1883,1886,3
22415.jpg,1883,1835,-48
22420.jpg,1883,1846,-37
22425.jpg,1883,1886,3
22430.jpg,1883,1881,-2
22435.jpg,1883,1886,3
22440.jpg,1883,1719,-164
22445.jpg,1883,1876,-7
22450.jpg,1883,1846,-37
22455.jpg,1883,1890,7
22460.jpg,1883,1995,112
22465.jpg,1883,2019,136
22470.jpg,1883,1850,-33
22475.jpg,1883,1886,3
22480.jpg,1883,1494,-389
22485.jpg,1883,1896,13
22490.jpg,1883,1972,89
22495.jpg,1883,1885,2
22500.jpg,1883,2019,136
22505.jpg,1883,1878,-5
22510.jpg,1884,1906,22
22515.jpg,1884,1820,-64
22520.jpg,1884,1903,19
22525.jpg,1884,1916,32
22530.jpg,1884,1850,-34
22535.jpg,1884,1880,-4
22540.jpg,1884,1880,-4
22545.jpg,1884,1885,1
22550.jpg,1884,1776,-108
22555.jpg,1884,1996,112
22560.jpg,1884,1776,-108
22565.jpg,1884,1881,-3
22570.jpg,1884,2019,135
22575.jpg,1884,1870,-14
22580.jpg,1884,1779,-105
22585.jpg,1884,1855,-29
22590.jpg,1884,1886,2
22595.jpg,1884,1778,-106
22600.jpg,1884,1881,-3
22605.jpg,1884,1886,2
22610.jpg,1884,1886,2
22615.jpg,1884,1886,2
22620.jpg,1884,1883,-1
22625.jpg,1884,1851,-33
22630.jpg,1884,1879,-5
22635.jpg,1884,1886,2
22640.jpg,1884,1842,-42
22645.jpg,1884,1879,-5
22650.jpg,1884,1896,12
22655.jpg,1884,1816,-68
22660.jpg,1884,1883,-1
22665.jpg,1884,1906,22
22670.jpg,1884,1779,-105
22675.jpg,1884,1890,6
22680.jpg,1884,1777,-107
22685.jpg,1884,1806,-78
22690.jpg,1884,1889,5
22695.jpg,1884,1908,24
22700.jpg,1884,1776,-108
22705.jpg,1884,1886,2
22710.jpg,1884,1906,22
22715.jpg,1884,1818,-66
22720.jpg,1884,1810,-74
22725.jpg,1884,2019,135
22730.jpg,1884,1876,-8
22735.jpg,1884,1530,-354
22740.jpg,1884,2013,129
22745.jpg,1884,1775,-109
22750.jpg,1884,1881,-3
22755.jpg,1884,2019,135
22760.jpg,1884,1827,-57
22765.jpg,1884,1879,-5
22770.jpg,1884,1884,0
22775.jpg,1884,1889,5
22780.jpg,1885,1909,24
22785.jpg,1885,1903,18
22790.jpg,1885,1906,21
22795.jpg,1885,1856,-29
22800.jpg,1885,1804,-81
22805.jpg,1885,1904,19
22810.jpg,1885,1886,1
22815.jpg,1885,1876,-9
22820.jpg,1885,1886,1
22825.jpg,1885,2007,122
22830.jpg,1885,1818,-67
22835.jpg,1885,1936,51
22840.jpg,1885,1785,-100
22845.jpg,1885,1997,112
22850.jpg,1885,1906,21
22855.jpg,1885,2007,122
22860.jpg,1885,1876,-9
22865.jpg,1885,1881,-4
22870.jpg,1885,1876,-9
22875.jpg,1885,1881,-4
22880.jpg,1885,1880,-5
22885.jpg,1885,1886,1
22890.jpg,1885,1979,94
22895.jpg,1885,1886,1
22900.jpg,1885,1846,-39
22905.jpg,1885,1895,10
22910.jpg,1885,1842,-43
22915.jpg,1885,1906,21
22920.jpg,1885,1085,-800
22925.jpg,1885,1876,-9
22930.jpg,1885,1410,-475
22935.jpg,1885,1840,-45
22940.jpg,1885,1886,1
22945.jpg,1885,1889,4
22950.jpg,1885,1847,-38
22955.jpg,1885,1886,1
22960.jpg,1885,2019,134
22965.jpg,1885,1886,1
22970.jpg,1885,1886,1
22975.jpg,1885,1890,5
22980.jpg,1885,1803,-82
22985.jpg,1885,1836,-49
22990.jpg,1885,1886,1
22995.jpg,1885,1896,11
23000.jpg,1885,1796,-89
23005.jpg,1885,1865,-20
23010.jpg,1885,1807,-78
23015.jpg,1885,1836,-49
23020.jpg,1885,2007,122
23025.jpg,1885,1906,21
23030.jpg,1885,2019,134
23035.jpg,1885,1887,2
23040.jpg,1885,1881,-4
23045.jpg,1885,1818,-67
23050.jpg,1885,1936,51
23055.jpg,1885,2008,123
23060.jpg,1885,1886,1
23065.jpg,1885,1880,-5
23070.jpg,1885,1810,-75
23075.jpg,1885,1010,-875
23080.jpg,1885,1880,-5
23085.jpg,1886,1876,-10
23090.jpg,1886,1906,20
23095.jpg,1886,1909,23
23100.jpg,1886,1886,0
23105.jpg,1886,1999,113
23110.jpg,1886,1718,-168
23115.jpg,1886,1803,-83
23120.jpg,1886,1766,-120
23125.jpg,1886,2019,133
23130.jpg,1886,1052,-834
23135.jpg,1886,2007,121
23140.jpg,1886,1999,113
23145.jpg,1886,2014,128
23150.jpg,1886,1941,55
23155.jpg,1886,1942,56
23160.jpg,1886,1840,-46
23165.jpg,1886,1818,-68
23170.jpg,1886,1889,3
23175.jpg,1886,1880,-6
23180.jpg,1886,1896,10
23185.jpg,1886,2019,133
23190.jpg,1886,1885,-1
23195.jpg,1886,1886,0
23200.jpg,1886,1886,0
23205.jpg,1886,1886,0
23210.jpg,1886,1885,-1
23215.jpg,1886,1870,-16
23220.jpg,1886,1881,-5
23225.jpg,1886,1889,3
23230.jpg,1886,1876,-10
23235.jpg,1886,1886,0
23240.jpg,1886,1876,-10
23245.jpg,1886,1886,0
23250.jpg,1886,1936,50
23255.jpg,1886,1779,-107
23260.jpg,1886,1886,0
23265.jpg,1886,1903,17
23270.jpg,1886,1886,0
23275.jpg,1886,1876,-10
23280.jpg,1886,1886,0
23285.jpg,1886,1886,0
23290.jpg,1886,2019,133
23295.jpg,1886,1886,0
23300.jpg,1886,1886,0
23305.jpg,1886,1813,-73
23310.jpg,1886,1518,-368
23315.jpg,1886,1903,17
23320.jpg,1886,1886,0
23325.jpg,1886,1863,-23
23330.jpg,1886,1866,-20
23335.jpg,1886,1900,14
23340.jpg,1886,2019,133
23345.jpg,1886,1886,0
23350.jpg,1886,1310,-576
23355.jpg,1886,1910,24
23360.jpg,1886,1001,-885
23365.jpg,1886,1936,50
23370.jpg,1886,1889,3
23375.jpg,1887,1949,62
23380.jpg,1887,1936,49
23385.jpg,1887,1806,-81
23390.jpg,1887,1910,23
23395.jpg,1887,1886,-1
23400.jpg,1887,1777,-110
23405.jpg,1887,1690,-197
23410.jpg,1887,1906,19
23415.jpg,1887,1906,19
23420.jpg,1887,1903,16
23425.jpg,1887,1903,16
23430.jpg,1887,1900,13
23435.jpg,1887,1793,-94
23440.jpg,1887,2019,132
23445.jpg,1887,1886,-1
23450.jpg,1887,1777,-110
23455.jpg,1887,1624,-263
23460.jpg,1887,1750,-137
23465.jpg,1887,1776,-111
23470.jpg,1887,1906,19
23475.jpg,1887,1779,-108
23480.jpg,1887,1886,-1
23485.jpg,1887,1886,-1
23490.jpg,1887,1806,-81
23495.jpg,1887,1906,19
23500.jpg,1887,1886,-1
23505.jpg,1887,1886,-1
23510.jpg,1887,1876,-11
23515.jpg,1887,1886,-1
23520.jpg,1887,1889,2
23525.jpg,1887,1750,-137
23530.jpg,1887,1494,-393
23535.jpg,1887,1889,2
23540.jpg,1887,1886,-1
23545.jpg,1887,1916,29
23550.jpg,1887,1718,-169
23555.jpg,1887,1803,-84
23560.jpg,1887,1886,-1
23565.jpg,1887,1886,-1
23570.jpg,1887,1889,2
23575.jpg,1887,2019,132
23580.jpg,1887,1886,-1
23585.jpg,1887,1846,-41
23590.jpg,1887,2010,123
23595.jpg,1887,1876,-11
23600.jpg,1887,1815,-72
23605.jpg,1887,1886,-1
23610.jpg,1887,2019,132
23615.jpg,1887,2009,122
23620.jpg,1887,2007,120
23625.jpg,1887,2019,132
23630.jpg,1887,1885,-2
23635.jpg,1887,2005,118
23640.jpg,1887,1936,49
23645.jpg,1887,1818,-69
23650.jpg,1887,1886,-1
23655.jpg,1887,1494,-393
23660.jpg,1887,1885,-2
23665.jpg,1887,1886,-1
23670.jpg,1887,1650,-237
23675.jpg,1887,1879,-8
23680.jpg,1887,1926,39
23685.jpg,1887,2019,132
23690.jpg,1887,1889,2
23695.jpg,1887,1899,12
23700.jpg,1888,1601,-287
23705.jpg,1888,1909,21
23710.jpg,1888,1915,27
23715.jpg,1888,1876,-12
23720.jpg,1888,1966,78
23725.jpg,1888,1886,-2
23730.jpg,1888,1866,-22
23735.jpg,1888,1903,15
23740.jpg,1888,1886,-2
23745.jpg,1888,1889,1
23750.jpg,1888,1000,-888
23755.jpg,1888,1929,41
23760.jpg,1888,1830,-58
23765.jpg,1888,1776,-112
23770.jpg,1888,2009,121
23775.jpg,1888,2008,120
23780.jpg,1888,2000,112
23785.jpg,1888,1881,-7
23790.jpg,1888,1886,-2
23795.jpg,1888,1886,-2
23800.jpg,1888,1895,7
23805.jpg,1888,1886,-2
23810.jpg,1888,1766,-122
23815.jpg,1888,1890,2
23820.jpg,1888,1876,-12
23825.jpg,1888,1906,18
23830.jpg,1888,1900,12
23835.jpg,1888,1886,-2
23840.jpg,1888,1886,-2
23845.jpg,1888,2024,136
23850.jpg,1888,1886,-2
23855.jpg,1888,1906,18
23860.jpg,1888,1886,-2
23865.jpg,1888,1846,-42
23870.jpg,1888,1836,-52
23875.jpg,1888,1906,18
23880.jpg,1888,1886,-2
23885.jpg,1888,1889,1
23890.jpg,1888,1854,-34
23895.jpg,1888,1886,-2
23900.jpg,1888,1886,-2
23905.jpg,1888,1881,-7
23910.jpg,1888,1906,18
23915.jpg,1888,1886,-2
23920.jpg,1888,2019,131
23925.jpg,1888,1886,-2
23930.jpg,1888,1915,27
23935.jpg,1888,1779,-109
23940.jpg,1888,1889,1
23945.jpg,1888,1866,-22
23950.jpg,1888,1886,-2
23955.jpg,1888,1881,-7
23960.jpg,1888,1886,-2
23965.jpg,1888,2019,131
23970.jpg,1888,1808,-80
23975.jpg,1888,1886,-2
23980.jpg,1888,1903,15
23985.jpg,1888,2019,131
23990.jpg,1888,1889,1
23995.jpg,1888,1410,-478
24000.jpg,1888,1903,15
24005.jpg,1888,1906,18
24010.jpg,1888,1750,-138
24015.jpg,1888,1936,48
24020.jpg,1888,2019,131
24025.jpg,1888,1906,18
24030.jpg,1888,1893,5
24035.jpg,1888,1518,-370
24040.jpg,1888,1944,56
24045.jpg,1888,1211,-677
24050.jpg,1889,1907,18
24055.jpg,1889,1855,-34
24060.jpg,1889,1903,14
24065.jpg,1889,1903,14
24070.jpg,1889,1804,-85
24075.jpg,1889,1907,18
24080.jpg,1889,1889,0
24085.jpg,1889,1903,14
24090.jpg,1889,1906,17
24095.jpg,1889,1886,-3
24100.jpg,1889,1818,-71
24105.jpg,1889,1903,14
24110.jpg,1889,1889,0
24115.jpg,1889,2019,130
24120.jpg,1889,1776,-113
24125.jpg,1889,2019,130
24130.jpg,1889,1896,7
24135.jpg,1889,1766,-123
24140.jpg,1889,1901,12
24145.jpg,1889,1936,47
24150.jpg,1889,1962,73
24155.jpg,1889,1510,-379
24160.jpg,1889,1876,-13
24165.jpg,1889,1886,-3
24170.jpg,1889,1886,-3
24175.jpg,1889,1827,-62
24180.jpg,1889,1750,-139
24185.jpg,1889,1906,17
24190.jpg,1889,1876,-13
24195.jpg,1889,1886,-3
24200.jpg,1889,1886,-3
24205.jpg,1889,1850,-39
24210.jpg,1889,1889,0
24215.jpg,1889,1886,-3
24220.jpg,1889,1886,-3
24225.jpg,1889,1836,-53
24230.jpg,1889,1886,-3
24235.jpg,1889,1909,20
24240.jpg,1889,1886,-3
24245.jpg,1889,1819,-70
24250.jpg,1889,1880,-9
24255.jpg,1889,1889,0
24260.jpg,1889,2013,124
24265.jpg,1889,1886,-3
24270.jpg,1889,1886,-3
24275.jpg,1889,1886,-3
24280.jpg,1889,1886,-3
24285.jpg,1889,1886,-3
24290.jpg,1889,1886,-3
24295.jpg,1889,1806,-83
24300.jpg,1889,1886,-3
24305.jpg,1889,2019,130
24310.jpg,1889,1889,0
24315.jpg,1889,1886,-3
24320.jpg,1889,1630,-259
24325.jpg,1889,1889,0
24330.jpg,1889,1777,-112
24335.jpg,1889,1884,-5
24340.jpg,1889,1777,-112
24345.jpg,1889,1896,7
24350.jpg,1889,1899,10
24355.jpg,1889,1901,12
24360.jpg,1889,2007,118
24365.jpg,1889,1889,0
24370.jpg,1889,1880,-9
24375.jpg,1889,1900,11
24380.jpg,1889,2019,130
24385.jpg,1889,1889,0
24390.jpg,1889,1881,-8
24395.jpg,1890,1790,-100
24400.jpg,1890,1879,-11
24405.jpg,1890,1842,-48
24410.jpg,1890,1900,10
24415.jpg,1890,1906,16
24420.jpg,1890,1779,-111
24425.jpg,1890,1906,16
24430.jpg,1890,1906,16
24435.jpg,1890,1901,11
24440.jpg,1890,1926,36
24445.jpg,1890,1944,54
24450.jpg,1890,1886,-4
24455.jpg,1890,1889,-1
24460.jpg,1890,1880,-10
24465.jpg,1890,1906,16
24470.jpg,1890,2008,118
24475.jpg,1890,1810,-80
24480.jpg,1890,1878,-12
24485.jpg,1890,1899,9
24490.jpg,1890,1836,-54
24495.jpg,1890,1776,-114
24500.jpg,1890,1956,66
24505.jpg,1890,1890,0
24510.jpg,1890,1956,66
24515.jpg,1890,1901,11
24520.jpg,1890,1085,-805
24525.jpg,1890,1840,-50
24530.jpg,1890,1576,-314
24535.jpg,1890,1886,-4
24540.jpg,1890,1886,-4
24545.jpg,1890,1886,-4
24550.jpg,1890,1886,-4
24555.jpg,1890,1806,-84
24560.jpg,1890,1881,-9
24565.jpg,1890,1906,16
24570.jpg,1890,1850,-40
24575.jpg,1890,1812,-78
24580.jpg,1890,1904,14
24585.jpg,1890,1889,-1
24590.jpg,1890,1886,-4
24595.jpg,1890,2013,123
24600.jpg,1890,1886,-4
24605.jpg,1890,1876,-14
24610.jpg,1890,1886,-4
24615.jpg,1890,1806,-84
24620.jpg,1890,1812,-78
24625.jpg,1890,1895,5
24630.jpg,1890,1886,-4
24635.jpg,1890,1886,-4
24640.jpg,1890,1876,-14
24645.jpg,1890,1886,-4
24650.jpg,1890,1886,-4
24655.jpg,1890,1775,-115
24660.jpg,1890,1886,-4
24665.jpg,1890,1886,-4
24670.jpg,1890,1895,5
24675.jpg,1890,1889,-1
24680.jpg,1890,1906,16
24685.jpg,1890,1850,-40
24690.jpg,1890,1777,-113
24695.jpg,1890,1899,9
24700.jpg,1890,1991,101
24705.jpg,1890,2019,129
24710.jpg,1890,2019,129
24715.jpg,1890,1884,-6
24720.jpg,1890,1889,-1
24725.jpg,1890,1779,-111
24730.jpg,1890,1804,-86
24735.jpg,1890,1895,5
24740.jpg,1890,2009,119
24745.jpg,1890,1857,-33
24750.jpg,1890,1887,-3
24755.jpg,1890,1800,-90
24760.jpg,1890,1906,16
24765.jpg,1890,2019,129
24770.jpg,1890,1886,-4
24775.jpg,1891,1640,-251
24780.jpg,1891,1907,16
24785.jpg,1891,1887,-4
24790.jpg,1891,1906,15
24795.jpg,1891,1906,15
24800.jpg,1891,1906,15
24805.jpg,1891,1900,9
24810.jpg,1891,1896,5
24815.jpg,1891,1001,-890
24820.jpg,1891,1900,9
24825.jpg,1891,1903,12
24830.jpg,1891,1916,25
24835.jpg,1891,2008,117
24840.jpg,1891,2019,128
24845.jpg,1891,1885,-6
24850.jpg,1891,2019,128
24855.jpg,1891,2007,116
24860.jpg,1891,1904,13
24865.jpg,1891,1751,-140
24870.jpg,1891,1965,74
24875.jpg,1891,1819,-72
24880.jpg,1891,1906,15
24885.jpg,1891,1886,-5
24890.jpg,1891,1885,-6
24895.jpg,1891,1886,-5
24900.jpg,1891,1876,-15
24905.jpg,1891,1806,-85
24910.jpg,1891,1881,-10
24915.jpg,1891,1886,-5
24920.jpg,1891,1803,-88
24925.jpg,1891,1881,-10
24930.jpg,1891,1766,-125
24935.jpg,1891,1876,-15
24940.jpg,1891,1886,-5
24945.jpg,1891,1494,-397
24950.jpg,1891,1779,-112
24955.jpg,1891,1886,-5
24960.jpg,1891,1876,-15
24965.jpg,1891,1998,107
24970.jpg,1891,1886,-5
24975.jpg,1891,1886,-5
24980.jpg,1891,1886,-5
24985.jpg,1891,1864,-27
24990.jpg,1891,1886,-5
24995.jpg,1891,1886,-5
25000.jpg,1891,1886,-5
25005.jpg,1891,1881,-10
25010.jpg,1891,1812,-79
25015.jpg,1891,1881,-10
25020.jpg,1891,1835,-56
25025.jpg,1891,1878,-13
25030.jpg,1891,1012,-879
25035.jpg,1891,1008,-883
25040.jpg,1891,1889,-2
25045.jpg,1891,2010,119
25050.jpg,1891,1909,18
25055.jpg,1891,1818,-73
25060.jpg,1891,2013,122
25065.jpg,1891,1806,-85
25070.jpg,1891,1886,-5
25075.jpg,1891,1900,9
25080.jpg,1891,1903,12
25085.jpg,1891,1800,-91
25090.jpg,1891,2019,128
25095.jpg,1892,1904,12
25100.jpg,1892,2002,110
25105.jpg,1892,2009,117
25110.jpg,1892,1901,9
25115.jpg,1892,1906,14
25120.jpg,1892,1806,-86
25125.jpg,1892,1776,-116
25130.jpg,1892,1778,-114
25135.jpg,1892,2018,126
25140.jpg,1892,1903,11
25145.jpg,1892,1901,9
25150.jpg,1892,1992,100
25155.jpg,1892,1915,23
25160.jpg,1892,2012,120
25165.jpg,1892,2019,127
25170.jpg,1892,2019,127
25175.jpg,1892,1900,8
25180.jpg,1892,2011,119
25185.jpg,1892,1827,-65
25190.jpg,1892,1806,-86
25195.jpg,1892,1810,-82
25200.jpg,1892,1956,64
25205.jpg,1892,1690,-202
25210.jpg,1892,1918,26
25215.jpg,1892,1846,-46
25220.jpg,1892,1886,-6
25225.jpg,1892,1796,-96
25230.jpg,1892,1876,-16
25235.jpg,1892,1886,-6
25240.jpg,1892,1881,-11
25245.jpg,1892,1886,-6
25250.jpg,1892,1896,4
25255.jpg,1892,1876,-16
25260.jpg,1892,1889,-3
25265.jpg,1892,1850,-42
25270.jpg,1892,1886,-6
25275.jpg,1892,1896,4
25280.jpg,1892,1886,-6
25285.jpg,1892,2019,127
25290.jpg,1892,1879,-13
25295.jpg,1892,1906,14
25300.jpg,1892,1886,-6
25305.jpg,1892,2006,114
25310.jpg,1892,1889,-3
25315.jpg,1892,1886,-6
25320.jpg,1892,1886,-6
25325.jpg,1892,1780,-112
25330.jpg,1892,1821,-71
25335.jpg,1892,1886,-6
25340.jpg,1892,1900,8
25345.jpg,1892,1936,44
25350.jpg,1892,1896,4
25355.jpg,1892,1930,38
25360.jpg,1892,1900,8
25365.jpg,1892,1896,4
25370.jpg,1892,2019,127
25375.jpg,1892,1880,-12
25380.jpg,1892,1886,-6
25385.jpg,1892,1876,-16
25390.jpg,1892,1808,-84
25395.jpg,1892,1810,-82
25400.jpg,1892,2009,117
25405.jpg,1892,1899,7
25410.jpg,1892,1886,-6
25415.jpg,1892,1876,-16
25420.jpg,1892,1879,-13
25425.jpg,1892,1895,3
25430.jpg,1892,1416,-476
25435.jpg,1892,1896,4
25440.jpg,1892,1916,24
25445.jpg,1892,1815,-77
25450.jpg,1892,2019,127
25455.jpg,1892,1886,-6
25460.jpg,1892,1795,-97
25465.jpg,1893,1626,-267
25470.jpg,1893,1774,-119
25475.jpg,1893,2006,113
25480.jpg,1893,1906,13
25485.jpg,1893,1777,-116
25490.jpg,1893,2019,126
25495.jpg,1893,1881,-12
25500.jpg,1893,1889,-4
25505.jpg,1893,1907,14
25510.jpg,1893,2019,126
25515.jpg,1893,1815,-78
25520.jpg,1893,1904,11
25525.jpg,1893,1895,2
25530.jpg,1893,1920,27
25535.jpg,1893,1936,43
25540.jpg,1893,2013,120
25545.jpg,1893,2006,113
25550.jpg,1893,1512,-381
25555.jpg,1893,1841,-52
25560.jpg,1893,1901,8
25565.jpg,1893,1776,-117
25570.jpg,1893,2019,126
25575.jpg,1893,1886,-7
25580.jpg,1893,1956,63
25585.jpg,1893,1886,-7
25590.jpg,1893,1909,16
25595.jpg,1893,1779,-114
25600.jpg,1893,1886,-7
25605.jpg,1893,1896,3
25610.jpg,1893,1889,-4
25615.jpg,1893,1886,-7
25620.jpg,1893,1885,-8
25625.jpg,1893,1886,-7
25630.jpg,1893,1896,3
25635.jpg,1893,1886,-7
25640.jpg,1893,1903,10
25645.jpg,1893,1884,-9
25650.jpg,1893,1991,98
25655.jpg,1893,1906,13
25660.jpg,1893,1881,-12
25665.jpg,1893,1896,3
25670.jpg,1893,1886,-7
25675.jpg,1893,1886,-7
25680.jpg,1893,1310,-583
25685.jpg,1893,1815,-78
25690.jpg,1893,1896,3
25695.jpg,1893,1889,-4
25700.jpg,1893,1906,13
25705.jpg,1893,1750,-143
25710.jpg,1893,1863,-30
25715.jpg,1893,1886,-7
25720.jpg,1893,1716,-177
25725.jpg,1893,1806,-87
25730.jpg,1893,1886,-7
25735.jpg,1893,1494,-399
25740.jpg,1893,1889,-4
25745.jpg,1893,1879,-14
25750.jpg,1893,1886,-7
25755.jpg,1893,1896,3
25760.jpg,1893,1899,6
25765.jpg,1893,1907,14
25770.jpg,1893,1909,16
25775.jpg,1893,1909,16
25780.jpg,1893,1918,25
25785.jpg,1893,1916,23
25790.jpg,1893,1494,-399
25795.jpg,1893,1916,23
25800.jpg,1893,2019,126
25805.jpg,1894,1815,-79
25810.jpg,1894,2014,120
25815.jpg,1894,2019,125
25820.jpg,1894,2019,125
25825.jpg,1894,2019,125
25830.jpg,1894,1889,-5
25835.jpg,1894,1886,-8
25840.jpg,1894,1813,-81
25845.jpg,1894,2019,125
25850.jpg,1894,1903,9
25855.jpg,1894,1906,12
25860.jpg,1894,1906,12
25865.jpg,1894,2019,125
25870.jpg,1894,1850,-44
25875.jpg,1894,1816,-78
25880.jpg,1894,2019,125
25885.jpg,1894,1779,-115
25890.jpg,1894,2006,112
25895.jpg,1894,1820,-74
25900.jpg,1894,1904,10
25905.jpg,1894,1886,-8
25910.jpg,1894,1886,-8
25915.jpg,1894,1906,12
25920.jpg,1894,1876,-18
25925.jpg,1894,1886,-8
25930.jpg,1894,1876,-18
25935.jpg,1894,1889,-5
25940.jpg,1894,1886,-8
25945.jpg,1894,1886,-8
25950.jpg,1894,1864,-30
25955.jpg,1894,1896,2
25960.jpg,1894,1886,-8
25965.jpg,1894,1889,-5
25970.jpg,1894,2019,125
25975.jpg,1894,1886,-8
25980.jpg,1894,1887,-7
25985.jpg,1894,1886,-8
25990.jpg,1894,2019,125
25995.jpg,1894,1886,-8
26000.jpg,1894,1886,-8
26005.jpg,1894,1889,-5
26010.jpg,1894,1886,-8
26015.jpg,1894,1886,-8
26020.jpg,1894,1909,15
26025.jpg,1894,1886,-8
26030.jpg,1894,1856,-38
26035.jpg,1894,1886,-8
26040.jpg,1894,1750,-144
26045.jpg,1894,1876,-18
26050.jpg,1894,1806,-88
26055.jpg,1894,1885,-9
26060.jpg,1894,1777,-117
26065.jpg,1894,1890,-4
26070.jpg,1894,2019,125
26075.jpg,1894,1891,-3
26080.jpg,1894,2024,130
26085.jpg,1894,1886,-8
26090.jpg,1894,1903,9
26095.jpg,1894,1944,50
26100.jpg,1894,1906,12
26105.jpg,1894,1841,-53
26110.jpg,1894,1900,6
26115.jpg,1894,1416,-478
26120.jpg,1894,1909,15
26125.jpg,1895,1005,-890
26130.jpg,1895,2009,114
26135.jpg,1895,1903,8
26140.jpg,1895,2019,124
26145.jpg,1895,1909,14
26150.jpg,1895,1903,8
26155.jpg,1895,1806,-89
26160.jpg,1895,2019,124
26165.jpg,1895,2019,124
26170.jpg,1895,1899,4
26175.jpg,1895,2018,123
26180.jpg,1895,2019,124
26185.jpg,1895,2013,118
26190.jpg,1895,2007,112
26195.jpg,1895,1779,-116
26200.jpg,1895,1896,1
26205.jpg,1895,1779,-116
26210.jpg,1895,1726,-169
26215.jpg,1895,1977,82
26220.jpg,1895,1886,-9
26225.jpg,1895,1906,11
26230.jpg,1895,1886,-9
26235.jpg,1895,1803,-92
26240.jpg,1895,1808,-87
26245.jpg,1895,1635,-260
26250.jpg,1895,1899,4
26255.jpg,1895,1886,-9
26260.jpg,1895,1886,-9
26265.jpg,1895,1876,-19
26270.jpg,1895,1876,-19
26275.jpg,1895,1886,-9
26280.jpg,1895,1906,11
26285.jpg,1895,1879,-16
26290.jpg,1895,1886,-9
26295.jpg,1895,1807,-88
26300.jpg,1895,1886,-9
26305.jpg,1895,1886,-9
26310.jpg,1895,1750,-145
26315.jpg,1895,1886,-9
26320.jpg,1895,1879,-16
26325.jpg,1895,1886,-9
26330.jpg,1895,1877,-18
26335.jpg,1895,1907,12
26340.jpg,1895,1886,-9
26345.jpg,1895,1776,-119
26350.jpg,1895,1886,-9
26355.jpg,1895,1906,11
26360.jpg,1895,1896,1
26365.jpg,1895,1886,-9
26370.jpg,1895,1886,-9
26375.jpg,1895,1886,-9
26380.jpg,1895,1886,-9
26385.jpg,1895,1777,-118
26390.jpg,1895,1901,6
26395.jpg,1895,1889,-6
26400.jpg,1895,1777,-118
26405.jpg,1895,1903,8
26410.jpg,1895,1893,-2
26415.jpg,1895,1889,-6
26420.jpg,1895,2019,124
26425.jpg,1895,1886,-9
26430.jpg,1895,2019,124
26435.jpg,1895,1901,6
26440.jpg,1895,1778,-117
26445.jpg,1895,1897,2
26450.jpg,1895,1909,14
26455.jpg,1895,1775,-120
26460.jpg,1895,1812,-83
26465.jpg,1895,2010,115
26470.jpg,1895,1900,5
26475.jpg,1895,1890,-5
26480.jpg,1895,1596,-299
26485.jpg,1895,1880,-15
26490.jpg,1896,1810,-86
26495.jpg,1896,1909,13
26500.jpg,1896,1906,10
26505.jpg,1896,2019,123
26510.jpg,1896,2007,111
26515.jpg,1896,1906,10
26520.jpg,1896,1896,0
26525.jpg,1896,2019,123
26530.jpg,1896,1952,56
26535.jpg,1896,1812,-84
26540.jpg,1896,1889,-7
26545.jpg,1896,1766,-130
26550.jpg,1896,2019,123
26555.jpg,1896,2008,112
26560.jpg,1896,1878,-18
26565.jpg,1896,1956,60
26570.jpg,1896,1998,102
26575.jpg,1896,2008,112
26580.jpg,1896,1886,-10
26585.jpg,1896,1908,12
26590.jpg,1896,1886,-10
26595.jpg,1896,1906,10
26600.jpg,1896,1900,4
26605.jpg,1896,1886,-10
26610.jpg,1896,1876,-20
26615.jpg,1896,1777,-119
26620.jpg,1896,1850,-46
26625.jpg,1896,1876,-20
26630.jpg,1896,1886,-10
26635.jpg,1896,1886,-10
26640.jpg,1896,1880,-16
26645.jpg,1896,1886,-10
26650.jpg,1896,1600,-296
26655.jpg,1896,1610,-286
26660.jpg,1896,1825,-71
26665.jpg,1896,1886,-10
26670.jpg,1896,1879,-17
26675.jpg,1896,1876,-20
26680.jpg,1896,1906,10
26685.jpg,1896,1886,-10
26690.jpg,1896,1430,-466
26695.jpg,1896,1886,-10
26700.jpg,1896,1886,-10
26705.jpg,1896,1886,-10
26710.jpg,1896,1776,-120
26715.jpg,1896,1886,-10
26720.jpg,1896,1775,-121
26725.jpg,1896,1883,-13
26730.jpg,1896,1886,-10
26735.jpg,1896,1806,-90
26740.jpg,1896,1560,-336
26745.jpg,1896,1779,-117
26750.jpg,1896,1891,-5
26755.jpg,1896,1997,101
26760.jpg,1896,1936,40
26765.jpg,1896,1885,-11
26770.jpg,1896,1931,35
26775.jpg,1896,1915,19
26780.jpg,1896,1896,0
26785.jpg,1896,1844,-52
26790.jpg,1896,1818,-78
26795.jpg,1896,1903,7
26800.jpg,1896,2019,123
26805.jpg,1896,1000,-896
26810.jpg,1896,1810,-86
26815.jpg,1896,1881,-15
26820.jpg,1896,1779,-117
26825.jpg,1896,1890,-6
26830.jpg,1896,1896,0
26835.jpg,1896,1904,8
26840.jpg,1896,1829,-67
26845.jpg,1897,1845,-52
26850.jpg,1897,1887,-10
26855.jpg,1897,1909,12
26860.jpg,1897,1806,-91
26865.jpg,1897,2019,122
26870.jpg,1897,2010,113
26875.jpg,1897,2018,121
26880.jpg,1897,1916,19
26885.jpg,1897,2019,122
26890.jpg,1897,1996,99
26895.jpg,1897,2019,122
26900.jpg,1897,1906,9
26905.jpg,1897,1010,-887
26910.jpg,1897,1775,-122
26915.jpg,1897,1864,-33
26920.jpg,1897,1828,-69
26925.jpg,1897,2019,122
26930.jpg,1897,1880,-17
26935.jpg,1897,1830,-67
26940.jpg,1897,1886,-11
26945.jpg,1897,1806,-91
26950.jpg,1897,1906,9
26955.jpg,1897,1710,-187
26960.jpg,1897,1876,-21
26965.jpg,1897,1903,6
26970.jpg,1897,1776,-121
26975.jpg,1897,1936,39
26980.jpg,1897,2019,122
26985.jpg,1897,1886,-11
26990.jpg,1897,1906,9
26995.jpg,1897,1876,-21
27000.jpg,1897,1896,-1
27005.jpg,1897,1886,-11
27010.jpg,1897,1886,-11
27015.jpg,1897,1886,-11
27020.jpg,1897,1886,-11
27025.jpg,1897,1847,-50
27030.jpg,1897,1886,-11
27035.jpg,1897,1819,-78
27040.jpg,1897,1886,-11
27045.jpg,1897,1889,-8
27050.jpg,1897,1886,-11
27055.jpg,1897,1886,-11
27060.jpg,1897,1430,-467
27065.jpg,1897,1886,-11
27070.jpg,1897,1915,18
27075.jpg,1897,1910,13
27080.jpg,1897,1901,4
27085.jpg,1897,1900,3
27090.jpg,1897,1899,2
27095.jpg,1897,1895,-2
27100.jpg,1897,2019,122
27105.jpg,1897,1906,9
27110.jpg,1897,1012,-885
27115.jpg,1897,2019,122
27120.jpg,1897,1800,-97
27125.jpg,1897,1900,3
27130.jpg,1897,1999,102
27135.jpg,1897,1885,-12
27140.jpg,1897,1766,-131
27145.jpg,1897,1884,-13
27150.jpg,1897,1909,12
27155.jpg,1898,1914,16
27160.jpg,1898,2019,121
27165.jpg,1898,1900,2
27170.jpg,1898,1876,-22
27175.jpg,1898,1903,5
27180.jpg,1898,1889,-9
27185.jpg,1898,1909,11
27190.jpg,1898,1906,8
27195.jpg,1898,2007,109
27200.jpg,1898,2019,121
27205.jpg,1898,1895,-3
27210.jpg,1898,1906,8
27215.jpg,1898,1936,38
27220.jpg,1898,2019,121
27225.jpg,1898,2019,121
27230.jpg,1898,1906,8
27235.jpg,1898,1936,38
27240.jpg,1898,1776,-122
27245.jpg,1898,1810,-88
27250.jpg,1898,1956,58
27255.jpg,1898,1750,-148
27260.jpg,1898,1013,-885
27265.jpg,1898,1886,-12
27270.jpg,1898,1889,-9
27275.jpg,1898,1879,-19
27280.jpg,1898,1776,-122
27285.jpg,1898,1886,-12
27290.jpg,1898,1718,-180
27295.jpg,1898,1876,-22
27300.jpg,1898,1861,-37
27305.jpg,1898,1806,-92
27310.jpg,1898,1777,-121
27315.jpg,1898,1906,8
27320.jpg,1898,1886,-12
27325.jpg,1898,1777,-121
27330.jpg,1898,1884,-14
27335.jpg,1898,1886,-12
27340.jpg,1898,1906,8
27345.jpg,1898,1806,-92
27350.jpg,1898,1814,-84
27355.jpg,1898,1895,-3
27360.jpg,1898,1750,-148
27365.jpg,1898,1886,-12
27370.jpg,1898,1879,-19
27375.jpg,1898,1836,-62
27380.jpg,1898,1886,-12
27385.jpg,1898,1778,-120
27390.jpg,1898,1776,-122
27395.jpg,1898,1806,-92
27400.jpg,1898,1906,8
27405.jpg,1898,1775,-123
27410.jpg,1898,1900,2
27415.jpg,1898,2019,121
27420.jpg,1898,1926,28
27425.jpg,1898,1879,-19
27430.jpg,1898,1873,-25
27435.jpg,1898,1814,-84
27440.jpg,1898,1899,1
27445.jpg,1898,1928,30
27450.jpg,1898,2013,115
27455.jpg,1898,1961,63
27460.jpg,1898,2011,113
27465.jpg,1898,1889,-9
27470.jpg,1898,1886,-12
27475.jpg,1898,2007,109
27480.jpg,1898,1889,-9
27485.jpg,1898,1889,-9
27490.jpg,1898,1818,-80
27495.jpg,1898,1590,-308
27500.jpg,1898,2010,112
27505.jpg,1898,1886,-12
27510.jpg,1898,1906,8
27515.jpg,1898,1876,-22
27520.jpg,1898,1915,17
27525.jpg,1898,2009,111
27530.jpg,1898,2019,121
27535.jpg,1899,2019,120
27540.jpg,1899,1820,-79
27545.jpg,1899,1934,35
27550.jpg,1899,1812,-87
27555.jpg,1899,1886,-13
27560.jpg,1899,1906,7
27565.jpg,1899,2019,120
27570.jpg,1899,1626,-273
27575.jpg,1899,1755,-144
27580.jpg,1899,1903,4
27585.jpg,1899,1776,-123
27590.jpg,1899,1779,-120
27595.jpg,1899,1810,-89
27600.jpg,1899,1889,-10
27605.jpg,1899,1882,-17
27610.jpg,1899,2019,120
27615.jpg,1899,1778,-121
27620.jpg,1899,1716,-183
27625.jpg,1899,1775,-124
27630.jpg,1899,1916,17
27635.jpg,1899,1909,10
27640.jpg,1899,1904,5
27645.jpg,1899,1850,-49
27650.jpg,1899,1775,-124
27655.jpg,1899,1906,7
27660.jpg,1899,1886,-13
27665.jpg,1899,1886,-13
27670.jpg,1899,1886,-13
27675.jpg,1899,1876,-23
27680.jpg,1899,1080,-819
27685.jpg,1899,1886,-13
27690.jpg,1899,1766,-133
27695.jpg,1899,2019,120
27700.jpg,1899,1886,-13
27705.jpg,1899,1907,8
27710.jpg,1899,1876,-23
27715.jpg,1899,1895,-4
27720.jpg,1899,1886,-13
27725.jpg,1899,1886,-13
27730.jpg,1899,2010,111
27735.jpg,1899,1906,7
27740.jpg,1899,1939,40
27745.jpg,1899,1900,1
27750.jpg,1899,1896,-3
27755.jpg,1899,1905,6
27760.jpg,1899,1894,-5
27765.jpg,1899,1803,-96
27770.jpg,1899,1777,-122
27775.jpg,1899,1906,7
27780.jpg,1899,1777,-122
27785.jpg,1899,1881,-18
27790.jpg,1899,1881,-18
27795.jpg,1899,1992,93
27800.jpg,1899,1804,-95
27805.jpg,1899,1889,-10
27810.jpg,1900,1494,-406
27815.jpg,1900,1899,-1
27820.jpg,1900,1900,0
27825.jpg,1900,1010,-890
27830.jpg,1900,1886,-14
27835.jpg,1900,2005,105
27840.jpg,1900,1810,-90
27845.jpg,1900,1900,0
27850.jpg,1900,1905,5
27855.jpg,1900,1876,-24
27860.jpg,1900,1840,-60
27865.jpg,1900,2019,119
27870.jpg,1900,1886,-14
27875.jpg,1900,1915,15
27880.jpg,1900,1915,15
27885.jpg,1900,1909,9
27890.jpg,1900,1927,27
27895.jpg,1900,1804,-96
27900.jpg,1900,1903,3
27905.jpg,1900,1900,0
27910.jpg,1900,1777,-123
27915.jpg,1900,1766,-134
27920.jpg,1900,2019,119
27925.jpg,1900,2010,110
27930.jpg,1900,2010,110
27935.jpg,1900,2018,118
27940.jpg,1900,1819,-81
27945.jpg,1900,1750,-150
27950.jpg,1900,1735,-165
27955.jpg,1900,1812,-88
27960.jpg,1900,1876,-24
27965.jpg,1900,1990,90
27970.jpg,1900,1886,-14
27975.jpg,1900,1886,-14
27980.jpg,1900,1886,-14
27985.jpg,1900,1886,-14
27990.jpg,1900,1856,-44
27995.jpg,1900,1886,-14
28000.jpg,1900,1906,6
28005.jpg,1900,1906,6
28010.jpg,1900,1876,-24
28015.jpg,1900,1818,-82
28020.jpg,1900,1886,-14
28025.jpg,1900,1886,-14
28030.jpg,1900,1886,-14
28035.jpg,1900,1776,-124
28040.jpg,1900,1906,6
28045.jpg,1900,1906,6
28050.jpg,1900,1812,-88
28055.jpg,1900,1906,6
28060.jpg,1900,1886,-14
28065.jpg,1900,1836,-64
28070.jpg,1900,1850,-50
28075.jpg,1900,1776,-124
28080.jpg,1900,1886,-14
28085.jpg,1900,1778,-122
28090.jpg,1900,1916,16
28095.jpg,1900,1766,-134
28100.jpg,1900,1916,16
28105.jpg,1900,1879,-21
28110.jpg,1900,1886,-14
28115.jpg,1900,1886,-14
28120.jpg,1900,1656,-244
28125.jpg,1900,1890,-10
28130.jpg,1900,1815,-85
28135.jpg,1900,1889,-11
28140.jpg,1900,1889,-11
28145.jpg,1900,1250,-650
28150.jpg,1900,1959,59
28155.jpg,1900,1776,-124
28160.jpg,1900,2010,110
28165.jpg,1900,1936,36
28170.jpg,1900,1886,-14
28175.jpg,1900,1776,-124
28180.jpg,1901,2013,112
28185.jpg,1901,1903,2
28190.jpg,1901,1810,-91
28195.jpg,1901,1909,8
28200.jpg,1901,1946,45
28205.jpg,1901,1815,-86
28210.jpg,1901,1890,-11
28215.jpg,1901,1903,2
28220.jpg,1901,2018,117
28225.jpg,1901,1903,2
28230.jpg,1901,2019,118
28235.jpg,1901,1880,-21
28240.jpg,1901,1889,-12
28245.jpg,1901,1909,8
28250.jpg,1901,1886,-15
28255.jpg,1901,1906,5
28260.jpg,1901,1909,8
28265.jpg,1901,1907,6
28270.jpg,1901,1860,-41
28275.jpg,1901,1796,-105
28280.jpg,1901,1780,-121
28285.jpg,1901,2013,112
28290.jpg,1901,1766,-135
28295.jpg,1901,2001,100
28300.jpg,1901,1775,-126
28305.jpg,1901,2008,107
28310.jpg,1901,1910,9
28315.jpg,1901,1901,0
28320.jpg,1901,1876,-25
28325.jpg,1901,1906,5
28330.jpg,1901,1889,-12
28335.jpg,1901,1906,5
28340.jpg,1901,1913,12
28345.jpg,1901,1886,-15
28350.jpg,1901,1885,-16
28355.jpg,1901,1900,-1
28360.jpg,1901,1775,-126
28365.jpg,1901,1886,-15
28370.jpg,1901,1776,-125
28375.jpg,1901,1906,5
28380.jpg,1901,1886,-15
28385.jpg,1901,1916,15
28390.jpg,1901,1886,-15
28395.jpg,1901,1886,-15
28400.jpg,1901,1775,-126
28405.jpg,1901,1936,35
28410.jpg,1901,1319,-582
28415.jpg,1901,1886,-15
28420.jpg,1901,1876,-25
28425.jpg,1901,1775,-126
28430.jpg,1901,1900,-1
28435.jpg,1901,1886,-15
28440.jpg,1901,1889,-12
28445.jpg,1901,1927,26
28450.jpg,1901,1876,-25
28455.jpg,1901,2019,118
28460.jpg,1901,1915,14
28465.jpg,1901,2019,118
28470.jpg,1901,1901,0
28475.jpg,1901,1907,6
28480.jpg,1901,2009,108
28485.jpg,1901,1899,-2
28490.jpg,1901,1899,-2
28495.jpg,1901,1775,-126
28500.jpg,1901,1906,5
28505.jpg,1901,1929,28
28510.jpg,1901,2019,118
28515.jpg,1901,1850,-51
28520.jpg,1902,1010,-892
28525.jpg,1902,1916,14
28530.jpg,1902,1900,-2
28535.jpg,1902,1915,13
28540.jpg,1902,1913,11
28545.jpg,1902,2019,117
28550.jpg,1902,2019,117
28555.jpg,1902,2010,108
28560.jpg,1902,1776,-126
28565.jpg,1902,1777,-125
28570.jpg,1902,1906,4
28575.jpg,1902,2008,106
28580.jpg,1902,1909,7
28585.jpg,1902,1889,-13
28590.jpg,1902,1906,4
28595.jpg,1902,1903,1
28600.jpg,1902,1906,4
28605.jpg,1902,2019,117
28610.jpg,1902,1909,7
28615.jpg,1902,1909,7
28620.jpg,1902,1788,-114
28625.jpg,1902,1936,34
28630.jpg,1902,2008,106
28635.jpg,1902,2019,117
28640.jpg,1902,2013,111
28645.jpg,1902,1956,54
28650.jpg,1902,2000,98
28655.jpg,1902,1755,-147
28660.jpg,1902,2019,117
28665.jpg,1902,1720,-182
28670.jpg,1902,1712,-190
28675.jpg,1902,1936,34
28680.jpg,1902,1494,-408
28685.jpg,1902,1881,-21
28690.jpg,1902,1886,-16
28695.jpg,1902,1880,-22
28700.jpg,1902,1803,-99
28705.jpg,1902,2019,117
28710.jpg,1902,1876,-26
28715.jpg,1902,1886,-16
28720.jpg,1902,1775,-127
28725.jpg,1902,1906,4
28730.jpg,1902,1674,-228
28735.jpg,1902,1916,14
28740.jpg,1902,1886,-16
28745.jpg,1902,1936,34
28750.jpg,1902,1806,-96
28755.jpg,1902,1886,-16
28760.jpg,1902,1916,14
28765.jpg,1902,1766,-136
28770.jpg,1902,1886,-16
28775.jpg,1902,1886,-16
28780.jpg,1902,1886,-16
28785.jpg,1902,2019,117
28790.jpg,1902,1876,-26
28795.jpg,1902,1777,-125
28800.jpg,1902,1886,-16
28805.jpg,1902,1886,-16
28810.jpg,1902,1850,-52
28815.jpg,1902,1889,-13
28820.jpg,1902,1886,-16
28825.jpg,1902,1906,4
28830.jpg,1902,1804,-98
28835.jpg,1902,1896,-6
28840.jpg,1902,1815,-87
28845.jpg,1902,1777,-125
28850.jpg,1902,1880,-22
28855.jpg,1902,1904,2
28860.jpg,1902,1899,-3
28865.jpg,1902,2019,117
28870.jpg,1902,2019,117
28875.jpg,1902,1010,-892
28880.jpg,1902,1777,-125
28885.jpg,1902,1512,-390
28890.jpg,1902,2009,107
28895.jpg,1902,1885,-17
28900.jpg,1902,1777,-125
28905.jpg,1902,1850,-52
28910.jpg,1902,2010,108
28915.jpg,1902,1903,1
28920.jpg,1903,1494,-409
28925.jpg,1903,1909,6
28930.jpg,1903,1900,-3
28935.jpg,1903,1915,12
28940.jpg,1903,2019,116
28945.jpg,1903,2006,103
28950.jpg,1903,1912,9
28955.jpg,1903,1912,9
28960.jpg,1903,1891,-12
28965.jpg,1903,2019,116
28970.jpg,1903,1909,6
28975.jpg,1903,1903,0
28980.jpg,1903,1889,-14
28985.jpg,1903,1909,6
28990.jpg,1903,1915,12
28995.jpg,1903,1966,63
29000.jpg,1903,1916,13
29005.jpg,1903,1909,6
29010.jpg,1903,1909,6
29015.jpg,1903,1916,13
29020.jpg,1903,1909,6
29025.jpg,1903,1906,3
29030.jpg,1903,1916,13
29035.jpg,1903,1909,6
29040.jpg,1903,1909,6
29045.jpg,1903,2019,116
29050.jpg,1903,2007,104
29055.jpg,1903,2019,116
29060.jpg,1903,2006,103
29065.jpg,1903,2009,106
29070.jpg,1903,2019,116
29075.jpg,1903,2002,99
29080.jpg,1903,1999,96
29085.jpg,1903,2019,116
29090.jpg,1903,1779,-124
29095.jpg,1903,1750,-153
29100.jpg,1903,1999,96
29105.jpg,1903,2007,104
29110.jpg,1903,1941,38
29115.jpg,1903,1775,-128
29120.jpg,1903,1886,-17
29125.jpg,1903,1876,-27
29130.jpg,1903,1809,-94
29135.jpg,1903,1854,-49
29140.jpg,1903,1906,3
29145.jpg,1903,1906,3
29150.jpg,1903,1864,-39
29155.jpg,1903,1909,6
29160.jpg,1903,1886,-17
29165.jpg,1903,1881,-22
29170.jpg,1903,1916,13
29175.jpg,1903,1886,-17
29180.jpg,1903,1900,-3
29185.jpg,1903,1810,-93
29190.jpg,1903,1906,3
29195.jpg,1903,1886,-17
29200.jpg,1903,1886,-17
29205.jpg,1903,1931,28
29210.jpg,1903,1067,-836
29215.jpg,1903,1896,-7
29220.jpg,1903,1896,-7
29225.jpg,1903,1886,-17
29230.jpg,1903,1889,-14
29235.jpg,1903,1906,3
29240.jpg,1903,1795,-108
29245.jpg,1903,1993,90
29250.jpg,1903,1936,33
29255.jpg,1903,1900,-3
29260.jpg,1903,1906,3
29265.jpg,1903,1830,-73
29270.jpg,1903,1907,4
29275.jpg,1903,1906,3
29280.jpg,1903,1886,-17
29285.jpg,1903,2019,116
29290.jpg,1903,1901,-2
29295.jpg,1903,1895,-8
29300.jpg,1903,1006,-897
29305.jpg,1903,1895,-8
29310.jpg,1903,1835,-68
29315.jpg,1903,1949,46
29320.jpg,1903,1906,3
29325.jpg,1903,1814,-89
29330.jpg,1903,2019,116
29335.jpg,1903,1927,24
29340.jpg,1903,1777,-126
29345.jpg,1903,1916,13
29350.jpg,1903,1958,55
29355.jpg,1903,1818,-85
29360.jpg,1903,1903,0
29365.jpg,1903,2007,104
29370.jpg,1903,2019,116
29375.jpg,1903,1886,-17
29380.jpg,1904,1609,-295
29385.jpg,1904,1904,0
29390.jpg,1904,2019,115
29395.jpg,1904,2007,103
29400.jpg,1904,1777,-127
29405.jpg,1904,1892,-12
29410.jpg,1904,2005,101
29415.jpg,1904,1906,2
29420.jpg,1904,1916,12
29425.jpg,1904,1906,2
29430.jpg,1904,1885,-19
29435.jpg,1904,1804,-100
29440.jpg,1904,1886,-18
29445.jpg,1904,2019,115
29450.jpg,1904,1916,12
29455.jpg,1904,2019,115
29460.jpg,1904,1807,-97
29465.jpg,1904,2013,109
29470.jpg,1904,2007,103
29475.jpg,1904,2007,103
29480.jpg,1904,2019,115
29485.jpg,1904,2007,103
29490.jpg,1904,1916,12
29495.jpg,1904,1889,-15
29500.jpg,1904,2007,103
29505.jpg,1904,1893,-11
29510.jpg,1904,1903,-1
29515.jpg,1904,1906,2
29520.jpg,1904,1893,-11
29525.jpg,1904,1909,5
29530.jpg,1904,2008,104
29535.jpg,1904,1865,-39
29540.jpg,1904,1909,5
29545.jpg,1904,1900,-4
29550.jpg,1904,1815,-89
29555.jpg,1904,1954,50
29560.jpg,1904,1775,-129
29565.jpg,1904,1890,-14
29570.jpg,1904,1720,-184
29575.jpg,1904,1956,52
29580.jpg,1904,2018,114
29585.jpg,1904,1876,-28
29590.jpg,1904,1906,2
29595.jpg,1904,2019,115
29600.jpg,1904,1906,2
29605.jpg,1904,2018,114
29610.jpg,1904,1886,-18
29615.jpg,1904,1906,2
29620.jpg,1904,1886,-18
29625.jpg,1904,1818,-86
29630.jpg,1904,1915,11
29635.jpg,1904,1607,-297
29640.jpg,1904,1836,-68
29645.jpg,1904,1776,-128
29650.jpg,1904,1777,-127
29655.jpg,1904,1906,2
29660.jpg,1904,1906,2
29665.jpg,1904,1936,32
29670.jpg,1904,1806,-98
29675.jpg,1904,1516,-388
29680.jpg,1904,1887,-17
29685.jpg,1904,1906,2
29690.jpg,1904,2019,115
29695.jpg,1904,1901,-3
29700.jpg,1904,1906,2
29705.jpg,1904,1901,-3
29710.jpg,1904,1906,2
29715.jpg,1904,1906,2
29720.jpg,1904,1850,-54
29725.jpg,1904,1996,92
29730.jpg,1904,1886,-18
29735.jpg,1904,1900,-4
29740.jpg,1904,1886,-18
29745.jpg,1904,1909,5
29750.jpg,1904,1886,-18
29755.jpg,1904,1775,-129
29760.jpg,1904,1825,-79
29765.jpg,1904,1850,-54
29770.jpg,1904,1903,-1
29775.jpg,1904,2010,106
29780.jpg,1904,1895,-9
29785.jpg,1904,2024,120
29790.jpg,1904,2019,115
29795.jpg,1904,1886,-18
29800.jpg,1904,2010,106
29805.jpg,1904,2007,103
29810.jpg,1904,1804,-100
29815.jpg,1904,1750,-154
29820.jpg,1904,1916,12
29825.jpg,1904,1941,37
29830.jpg,1905,1886,-19
29835.jpg,1905,2010,105
29840.jpg,1905,1887,-18
29845.jpg,1905,1896,-9
29850.jpg,1905,2018,113
29855.jpg,1905,1916,11
29860.jpg,1905,2005,100
29865.jpg,1905,2019,114
29870.jpg,1905,1775,-130
29875.jpg,1905,1906,1
29880.jpg,1905,1876,-29
29885.jpg,1905,1906,1
29890.jpg,1905,2018,113
29895.jpg,1905,1903,-2
29900.jpg,1905,2019,114
29905.jpg,1905,2011,106
29910.jpg,1905,1925,20
29915.jpg,1905,1906,1
29920.jpg,1905,1907,2
29925.jpg,1905,1909,4
29930.jpg,1905,1903,-2
29935.jpg,1905,1907,2
29940.jpg,1905,1530,-375
29945.jpg,1905,1916,11
29950.jpg,1905,1929,24
29955.jpg,1905,1915,10
29960.jpg,1905,1812,-93
29965.jpg,1905,1886,-19
29970.jpg,1905,1775,-130
29975.jpg,1905,1903,-2
29980.jpg,1905,1777,-128
29985.jpg,1905,1810,-95
29990.jpg,1905,2019,114
29995.jpg,1905,1815,-90
30000.jpg,1905,1876,-29
30005.jpg,1905,1936,31
30010.jpg,1905,1999,94
30015.jpg,1905,1881,-24
30020.jpg,1905,2005,100
30025.jpg,1905,1889,-16
30030.jpg,1905,1886,-19
30035.jpg,1905,1886,-19
30040.jpg,1905,2019,114
30045.jpg,1905,1316,-589
30050.jpg,1905,1807,-98
30055.jpg,1905,1967,62
30060.jpg,1905,1881,-24
30065.jpg,1905,1886,-19
30070.jpg,1905,1906,1
30075.jpg,1905,1775,-130
30080.jpg,1905,1906,1
30085.jpg,1905,2019,114
30090.jpg,1905,1813,-92
30095.jpg,1905,1886,-19
30100.jpg,1905,1750,-155
30105.jpg,1905,1895,-10
30110.jpg,1905,1807,-98
30115.jpg,1905,1776,-129
30120.jpg,1905,1804,-101
30125.jpg,1905,1886,-19
30130.jpg,1905,1778,-127
30135.jpg,1905,1906,1
30140.jpg,1905,1916,11
30145.jpg,1905,1906,1
30150.jpg,1905,2010,105
30155.jpg,1905,2019,114
30160.jpg,1905,1779,-126
30165.jpg,1905,1779,-126
30170.jpg,1905,1906,1
30175.jpg,1905,1920,15
30180.jpg,1905,2019,114
30185.jpg,1905,1895,-10
30190.jpg,1905,1876,-29
30195.jpg,1905,1843,-62
30200.jpg,1905,1928,23
30205.jpg,1905,1996,91
30210.jpg,1905,1669,-236
30215.jpg,1905,2019,114
30220.jpg,1905,1540,-365
30225.jpg,1905,1610,-295
30230.jpg,1905,1993,88
30235.jpg,1905,1895,-10
30240.jpg,1905,1916,11
30245.jpg,1905,1906,1
30250.jpg,1905,1775,-130
30255.jpg,1905,2009,104
30260.jpg,1905,1885,-20
30265.jpg,1905,1779,-126
30270.jpg,1905,1776,-129
30275.jpg,1905,1909,4
30280.jpg,1905,2019,114
30285.jpg,1905,2018,113
30290.jpg,1905,2019,114
30295.jpg,1906,1891,-15
30300.jpg,1906,1889,-17
30305.jpg,1906,1936,30
30310.jpg,1906,2019,113
30315.jpg,1906,2019,113
30320.jpg,1906,1961,55
30325.jpg,1906,2010,104
30330.jpg,1906,1830,-76
30335.jpg,1906,2019,113
30340.jpg,1906,2019,113
30345.jpg,1906,1906,0
30350.jpg,1906,1936,30
30355.jpg,1906,1777,-129
30360.jpg,1906,1906,0
30365.jpg,1906,1916,10
30370.jpg,1906,1903,-3
30375.jpg,1906,1915,9
30380.jpg,1906,2019,113
30385.jpg,1906,1903,-3
30390.jpg,1906,1903,-3
30395.jpg,1906,1906,0
30400.jpg,1906,1916,10
30405.jpg,1906,1818,-88
30410.jpg,1906,1909,3
30415.jpg,1906,1936,30
30420.jpg,1906,2008,102
30425.jpg,1906,2009,103
30430.jpg,1906,1889,-17
30435.jpg,1906,2013,107
30440.jpg,1906,2008,102
30445.jpg,1906,1643,-263
30450.jpg,1906,1777,-129
30455.jpg,1906,1910,4
30460.jpg,1906,2007,101
30465.jpg,1906,1955,49
30470.jpg,1906,1876,-30
30475.jpg,1906,1886,-20
30480.jpg,1906,1916,10
30485.jpg,1906,1876,-30
30490.jpg,1906,1760,-146
30495.jpg,1906,1893,-13
30500.jpg,1906,1936,30
30505.jpg,1906,1776,-130
30510.jpg,1906,1896,-10
30515.jpg,1906,1915,9
30520.jpg,1906,1776,-130
30525.jpg,1906,1836,-70
30530.jpg,1906,1886,-20
30535.jpg,1906,1886,-20
30540.jpg,1906,1779,-127
30545.jpg,1906,1927,21
30550.jpg,1906,1779,-127
30555.jpg,1906,1909,3
30560.jpg,1906,1901,-5
30565.jpg,1906,1806,-100
30570.jpg,1906,1906,0
30575.jpg,1906,1664,-242
30580.jpg,1906,1936,30
30585.jpg,1906,1900,-6
30590.jpg,1906,1779,-127
30595.jpg,1906,1929,23
30600.jpg,1906,1876,-30
30605.jpg,1906,1906,0
30610.jpg,1906,1876,-30
30615.jpg,1906,2019,113
30620.jpg,1906,1879,-27
30625.jpg,1906,1776,-130
30630.jpg,1906,2019,113
30635.jpg,1906,1817,-89
30640.jpg,1906,1903,-3
30645.jpg,1906,1913,7
30650.jpg,1906,1825,-81
30655.jpg,1906,1886,-20
30660.jpg,1906,1864,-42
30665.jpg,1906,2019,113
30670.jpg,1906,1889,-17
30675.jpg,1906,1494,-412
30680.jpg,1906,2019,113
30685.jpg,1906,1363,-543
30690.jpg,1906,1776,-130
30695.jpg,1906,1897,-9
30700.jpg,1906,1903,-3
30705.jpg,1906,2015,109
30710.jpg,1906,2010,104
30715.jpg,1906,2005,99
30720.jpg,1906,2019,113
30725.jpg,1906,2019,113
30730.jpg,1906,1010,-896
30735.jpg,1906,1900,-6
30740.jpg,1906,1813,-93
30745.jpg,1906,1815,-91
30750.jpg,1906,1893,-13
30755.jpg,1907,1801,-106
30760.jpg,1907,1993,86
30765.jpg,1907,2019,112
30770.jpg,1907,1999,92
30775.jpg,1907,1999,92
30780.jpg,1907,2003,96
30785.jpg,1907,1915,8
30790.jpg,1907,2005,98
30795.jpg,1907,1065,-842
30800.jpg,1907,1909,2
30805.jpg,1907,1876,-31
30810.jpg,1907,1915,8
30815.jpg,1907,2008,101
30820.jpg,1907,1909,2
30825.jpg,1907,1916,9
30830.jpg,1907,2013,106
30835.jpg,1907,1907,0
30840.jpg,1907,1915,8
30845.jpg,1907,2010,103
30850.jpg,1907,1831,-76
30855.jpg,1907,1889,-18
30860.jpg,1907,2009,102
30865.jpg,1907,1915,8
30870.jpg,1907,1909,2
30875.jpg,1907,1901,-6
30880.jpg,1907,2019,112
30885.jpg,1907,1880,-27
30890.jpg,1907,2005,98
30895.jpg,1907,1992,85
30900.jpg,1907,1909,2
30905.jpg,1907,1909,2
30910.jpg,1907,1999,92
30915.jpg,1907,1906,-1
30920.jpg,1907,2007,100
30925.jpg,1907,1812,-95
30930.jpg,1907,1833,-74
30935.jpg,1907,2019,112
30940.jpg,1907,2019,112
30945.jpg,1907,2019,112
30950.jpg,1907,1776,-131
30955.jpg,1907,1750,-157
30960.jpg,1907,1886,-21
30965.jpg,1907,1916,9
30970.jpg,1907,1906,-1
30975.jpg,1907,1416,-491
30980.jpg,1907,1819,-88
30985.jpg,1907,1906,-1
30990.jpg,1907,1876,-31
30995.jpg,1907,1916,9
31000.jpg,1907,2019,112
31005.jpg,1907,1876,-31
31010.jpg,1907,1909,2
31015.jpg,1907,1906,-1
31020.jpg,1907,1886,-21
31025.jpg,1907,1750,-157
31030.jpg,1907,2008,101
31035.jpg,1907,1916,9
31040.jpg,1907,1710,-197
31045.jpg,1907,1886,-21
31050.jpg,1907,1906,-1
31055.jpg,1907,1826,-81
31060.jpg,1907,1906,-1
31065.jpg,1907,1876,-31
31070.jpg,1907,1886,-21
31075.jpg,1907,1906,-1
31080.jpg,1907,1909,2
31085.jpg,1907,1886,-21
31090.jpg,1907,1886,-21
31095.jpg,1907,1886,-21
31100.jpg,1907,2019,112
31105.jpg,1907,1779,-128
31110.jpg,1907,1776,-131
31115.jpg,1907,1886,-21
31120.jpg,1907,1886,-21
31125.jpg,1907,1810,-97
31130.jpg,1907,1906,-1
31135.jpg,1907,2010,103
31140.jpg,1907,1441,-466
31145.jpg,1907,2019,112
31150.jpg,1907,1885,-22
31155.jpg,1907,1889,-18
31160.jpg,1907,2019,112
31165.jpg,1907,1840,-67
31170.jpg,1907,2010,103
31175.jpg,1907,1866,-41
31180.jpg,1907,2018,111
31185.jpg,1907,1876,-31
31190.jpg,1907,2019,112
31195.jpg,1907,2005,98
31200.jpg,1907,2019,112
31205.jpg,1907,1990,83
31210.jpg,1907,1540,-367
31215.jpg,1907,2019,112
31220.jpg,1907,1820,-87
31225.jpg,1907,2019,112
31230.jpg,1907,1993,86
31235.jpg,1907,1900,-7
31240.jpg,1907,2019,112
31245.jpg,1907,1806,-101
31250.jpg,1907,1907,0
31255.jpg,1907,1850,-57
31260.jpg,1907,1930,23
31265.jpg,1907,1000,-907
31270.jpg,1907,1775,-132
31275.jpg,1907,1903,-4
31280.jpg,1907,1900,-7
31285.jpg,1907,1936,29
31290.jpg,1907,1316,-591
31295.jpg,1907,2019,112
31300.jpg,1907,2021,114
31305.jpg,1907,2019,112
31310.jpg,1908,2019,111
31315.jpg,1908,1916,8
31320.jpg,1908,2005,97
31325.jpg,1908,1933,25
31330.jpg,1908,1764,-144
31335.jpg,1908,1935,27
31340.jpg,1908,1961,53
31345.jpg,1908,2019,111
31350.jpg,1908,2008,100
31355.jpg,1908,1906,-2
31360.jpg,1908,2019,111
31365.jpg,1908,1906,-2
31370.jpg,1908,1915,7
31375.jpg,1908,1814,-94
31380.jpg,1908,1779,-129
31385.jpg,1908,2010,102
31390.jpg,1908,1916,8
31395.jpg,1908,2019,111
31400.jpg,1908,1915,7
31405.jpg,1908,2019,111
31410.jpg,1908,1900,-8
31415.jpg,1908,1916,8
31420.jpg,1908,1881,-27
31425.jpg,1908,2009,101
31430.jpg,1908,1901,-7
31435.jpg,1908,2007,99
31440.jpg,1908,1915,7
31445.jpg,1908,1903,-5
31450.jpg,1908,2019,111
31455.jpg,1908,2008,100
31460.jpg,1908,1881,-27
31465.jpg,1908,1903,-5
31470.jpg,1908,2006,98
31475.jpg,1908,1795,-113
31480.jpg,1908,1833,-75
31485.jpg,1908,1775,-133
31490.jpg,1908,1890,-18
31495.jpg,1908,1999,91
31500.jpg,1908,1876,-32
31505.jpg,1908,1915,7
31510.jpg,1908,1886,-22
31515.jpg,1908,1886,-22
31520.jpg,1908,2009,101
31525.jpg,1908,1901,-7
31530.jpg,1908,1775,-133
31535.jpg,1908,1896,-12
31540.jpg,1908,1886,-22
31545.jpg,1908,1906,-2
31550.jpg,1908,1886,-22
31555.jpg,1908,1886,-22
31560.jpg,1908,1886,-22
31565.jpg,1908,1766,-142
31570.jpg,1908,1517,-391
31575.jpg,1908,1777,-131
31580.jpg,1908,1926,18
31585.jpg,1908,1886,-22
31590.jpg,1908,1886,-22
31595.jpg,1908,1886,-22
31600.jpg,1908,1886,-22
31605.jpg,1908,1956,48
31610.jpg,1908,1876,-32
31615.jpg,1908,1915,7
31620.jpg,1908,1915,7
31625.jpg,1908,1998,90
31630.jpg,1908,1886,-22
31635.jpg,1908,2019,111
31640.jpg,1908,1896,-12
31645.jpg,1908,2019,111
31650.jpg,1908,1886,-22
31655.jpg,1908,1915,7
31660.jpg,1908,1915,7
31665.jpg,1908,1810,-98
31670.jpg,1908,1886,-22
31675.jpg,1908,1900,-8
31680.jpg,1908,1825,-83
31685.jpg,1908,1899,-9
31690.jpg,1908,1899,-9
31695.jpg,1908,1915,7
31700.jpg,1908,1904,-4
31705.jpg,1908,1790,-118
31710.jpg,1908,1896,-12
31715.jpg,1908,1909,1
31720.jpg,1908,2019,111
31725.jpg,1908,2019,111
31730.jpg,1908,1900,-8
31735.jpg,1908,1776,-132
31740.jpg,1908,1001,-907
31745.jpg,1908,1885,-23
31750.jpg,1908,1777,-131
31755.jpg,1908,1906,-2
31760.jpg,1908,1906,-2
31765.jpg,1909,1916,7
31770.jpg,1909,1916,7
31775.jpg,1909,1780,-129
31780.jpg,1909,2019,110
31785.jpg,1909,2009,100
31790.jpg,1909,2007,98
31795.jpg,1909,2023,114
31800.jpg,1909,1902,-7
31805.jpg,1909,2019,110
31810.jpg,1909,2019,110
31815.jpg,1909,1909,0
31820.jpg,1909,1946,37
31825.jpg,1909,1906,-3
31830.jpg,1909,2010,101
31835.jpg,1909,1990,81
31840.jpg,1909,2019,110
31845.jpg,1909,1906,-3
31850.jpg,1909,2019,110
31855.jpg,1909,1906,-3
31860.jpg,1909,1880,-29
31865.jpg,1909,1930,21
31870.jpg,1909,2011,102
31875.jpg,1909,1903,-6
31880.jpg,1909,1916,7
31885.jpg,1909,1909,0
31890.jpg,1909,1916,7
31895.jpg,1909,2019,110
31900.jpg,1909,1916,7
31905.jpg,1909,1903,-6
31910.jpg,1909,1916,7
31915.jpg,1909,1906,-3
31920.jpg,1909,1922,13
31925.jpg,1909,2019,110
31930.jpg,1909,1906,-3
31935.jpg,1909,2019,110
31940.jpg,1909,1903,-6
31945.jpg,1909,2009,100
31950.jpg,1909,2003,94
31955.jpg,1909,1819,-90
31960.jpg,1909,2019,110
31965.jpg,1909,1830,-79
31970.jpg,1909,1880,-29
31975.jpg,1909,1906,-3
31980.jpg,1909,1906,-3
31985.jpg,1909,1876,-33
31990.jpg,1909,1879,-30
31995.jpg,1909,1936,27
32000.jpg,1909,1494,-415
32005.jpg,1909,1844,-65
32010.jpg,1909,1012,-897
32015.jpg,1909,1906,-3
32020.jpg,1909,1914,5
32025.jpg,1909,1766,-143
32030.jpg,1909,1906,-3
32035.jpg,1909,1810,-99
32040.jpg,1909,2024,115
32045.jpg,1909,1720,-189
32050.jpg,1909,1906,-3
32055.jpg,1909,1906,-3
32060.jpg,1909,1810,-99
32065.jpg,1909,1913,4
32070.jpg,1909,1886,-23
32075.jpg,1909,1916,7
32080.jpg,1909,1715,-194
32085.jpg,1909,1909,0
32090.jpg,1909,1909,0
32095.jpg,1909,1809,-100
32100.jpg,1909,1906,-3
32105.jpg,1909,2019,110
32110.jpg,1909,1777,-132
32115.jpg,1909,1909,0
32120.jpg,1909,1909,0
32125.jpg,1909,1906,-3
32130.jpg,1909,2019,110
32135.jpg,1909,1816,-93
32140.jpg,1909,1903,-6
32145.jpg,1909,1766,-143
32150.jpg,1909,1810,-99
32155.jpg,1909,2019,110
32160.jpg,1909,1915,6
32165.jpg,1909,2013,104
32170.jpg,1909,2019,110
32175.jpg,1909,1906,-3
32180.jpg,1909,2019,110
32185.jpg,1909,1946,37
32190.jpg,1909,1800,-109
32195.jpg,1909,1886,-23
32200.jpg,1909,1936,27
32205.jpg,1909,1950,41
32210.jpg,1909,2019,110
32215.jpg,1909,1903,-6
32220.jpg,1909,1906,-3
32225.jpg,1909,2019,110
32230.jpg,1910,1609,-301
32235.jpg,1910,1881,-29
32240.jpg,1910,1886,-24
32245.jpg,1910,1997,87
32250.jpg,1910,1719,-191
32255.jpg,1910,1900,-10
32260.jpg,1910,2007,97
32265.jpg,1910,2008,98
32270.jpg,1910,2005,95
32275.jpg,1910,2004,94
32280.jpg,1910,1916,6
32285.jpg,1910,1776,-134
32290.jpg,1910,2009,99
32295.jpg,1910,1883,-27
32300.jpg,1910,1992,82
32305.jpg,1910,1776,-134
32310.jpg,1910,2019,109
32315.jpg,1910,2019,109
32320.jpg,1910,1777,-133
32325.jpg,1910,1812,-98
32330.jpg,1910,2019,109
32335.jpg,1910,1907,-3
32340.jpg,1910,1814,-96
32345.jpg,1910,1885,-25
32350.jpg,1910,1798,-112
32355.jpg,1910,1926,16
32360.jpg,1910,1915,5
32365.jpg,1910,2019,109
32370.jpg,1910,2019,109
32375.jpg,1910,1909,-1
32380.jpg,1910,1850,-60
32385.jpg,1910,2019,109
32390.jpg,1910,2019,109
32395.jpg,1910,2019,109
32400.jpg,1910,1785,-125
32405.jpg,1910,1775,-135
32410.jpg,1910,1936,26
32415.jpg,1910,1725,-185
32420.jpg,1910,1996,86
32425.jpg,1910,1720,-190
32430.jpg,1910,1886,-24
32435.jpg,1910,1886,-24
32440.jpg,1910,1804,-106
32445.jpg,1910,1836,-74
32450.jpg,1910,1909,-1
32455.jpg,1910,1813,-97
32460.jpg,1910,1906,-4
32465.jpg,1910,1909,-1
32470.jpg,1910,1779,-131
32475.jpg,1910,1779,-131
32480.jpg,1910,1885,-25
32485.jpg,1910,1926,16
32490.jpg,1910,2019,109
32495.jpg,1910,1896,-14
32500.jpg,1910,1717,-193
32505.jpg,1910,1935,25
32510.jpg,1910,1906,-4
32515.jpg,1910,1993,83
32520.jpg,1910,1906,-4
32525.jpg,1910,1906,-4
32530.jpg,1910,2019,109
32535.jpg,1910,1876,-34
32540.jpg,1910,1906,-4
32545.jpg,1910,1418,-492
32550.jpg,1910,2019,109
32555.jpg,1910,1886,-24
32560.jpg,1910,1803,-107
32565.jpg,1910,1865,-45
32570.jpg,1910,1780,-130
32575.jpg,1910,1895,-15
32580.jpg,1910,1940,30
32585.jpg,1910,2019,109
32590.jpg,1910,1886,-24
32595.jpg,1910,2019,109
32600.jpg,1910,1890,-20
32605.jpg,1910,1558,-352
32610.jpg,1910,1895,-15
32615.jpg,1910,1899,-11
32620.jpg,1910,2019,109
32625.jpg,1910,1807,-103
32630.jpg,1910,1906,-4
32635.jpg,1910,2019,109
32640.jpg,1910,1909,-1
32645.jpg,1910,1903,-7
32650.jpg,1910,1992,82
32655.jpg,1910,2019,109
32660.jpg,1910,2019,109
32665.jpg,1910,1906,-4
32670.jpg,1910,1494,-416
32675.jpg,1910,2019,109
32680.jpg,1910,1930,20
32685.jpg,1910,2015,105
32690.jpg,1910,1775,-135
32695.jpg,1910,1010,-900
32700.jpg,1910,1916,6
32705.jpg,1910,1877,-33
32710.jpg,1910,1909,-1
32715.jpg,1910,1916,6
32720.jpg,1910,1903,-7
32725.jpg,1910,2019,109
32730.jpg,1910,1996,86
32735.jpg,1910,1822,-88
32740.jpg,1911,1406,-505
32745.jpg,1911,1936,25
32750.jpg,1911,1922,11
32755.jpg,1911,1936,25
32760.jpg,1911,1910,-1
32765.jpg,1911,1900,-11
32770.jpg,1911,2019,108
32775.jpg,1911,2019,108
32780.jpg,1911,2019,108
32785.jpg,1911,2002,91
32790.jpg,1911,1883,-28
32795.jpg,1911,1907,-4
32800.jpg,1911,2019,108
32805.jpg,1911,1776,-135
32810.jpg,1911,1513,-398
32815.jpg,1911,1886,-25
32820.jpg,1911,2019,108
32825.jpg,1911,1909,-2
32830.jpg,1911,2014,103
32835.jpg,1911,1011,-900
32840.jpg,1911,1966,55
32845.jpg,1911,1311,-600
32850.jpg,1911,1992,81
32855.jpg,1911,1907,-4
32860.jpg,1911,2010,99
32865.jpg,1911,1916,5
32870.jpg,1911,1916,5
32875.jpg,1911,1915,4
32880.jpg,1911,1904,-7
32885.jpg,1911,2019,108
32890.jpg,1911,1827,-84
32895.jpg,1911,1880,-31
32900.jpg,1911,1881,-30
32905.jpg,1911,1903,-8
32910.jpg,1911,1941,30
32915.jpg,1911,2019,108
32920.jpg,1911,1909,-2
32925.jpg,1911,2013,102
32930.jpg,1911,2010,99
32935.jpg,1911,1966,55
32940.jpg,1911,2019,108
32945.jpg,1911,1880,-31
32950.jpg,1911,2019,108
32955.jpg,1911,1493,-418
32960.jpg,1911,2020,109
32965.jpg,1911,2019,108
32970.jpg,1911,1880,-31
32975.jpg,1911,1725,-186
32980.jpg,1911,1881,-30
32985.jpg,1911,1909,-2
32990.jpg,1911,1804,-107
32995.jpg,1911,1886,-25
33000.jpg,1911,1777,-134
33005.jpg,1911,1766,-145
33010.jpg,1911,1909,-2
33015.jpg,1911,1886,-25
33020.jpg,1911,1936,25
33025.jpg,1911,1776,-135
33030.jpg,1911,1876,-35
33035.jpg,1911,2019,108
33040.jpg,1911,1903,-8
33045.jpg,1911,1936,25
33050.jpg,1911,1979,68
33055.jpg,1911,1906,-5
33060.jpg,1911,1906,-5
33065.jpg,1911,1804,-107
33070.jpg,1911,1886,-25
33075.jpg,1911,1909,-2
33080.jpg,1911,1909,-2
33085.jpg,1911,1901,-10
33090.jpg,1911,1886,-25
33095.jpg,1911,1881,-30
33100.jpg,1911,1560,-351
33105.jpg,1911,1854,-57
33110.jpg,1911,1906,-5
33115.jpg,1911,1909,-2
33120.jpg,1911,1909,-2
33125.jpg,1911,2007,96
33130.jpg,1911,1778,-133
33135.jpg,1911,1820,-91
33140.jpg,1911,1916,5
33145.jpg,1911,1808,-103
33150.jpg,1911,1401,-510
33155.jpg,1911,1966,55
33160.jpg,1911,1903,-8
33165.jpg,1911,1903,-8
33170.jpg,1911,2019,108
33175.jpg,1911,2010,99
33180.jpg,1911,1906,-5
33185.jpg,1911,1900,-11
33190.jpg,1911,2013,102
33195.jpg,1911,2007,96
33200.jpg,1911,1900,-11
33205.jpg,1911,1828,-83
33210.jpg,1911,1515,-396
33215.jpg,1911,1906,-5
33220.jpg,1911,1915,4
33225.jpg,1911,1936,25
33230.jpg,1911,1690,-221
33235.jpg,1911,1929,18
33240.jpg,1911,1000,-911
33245.jpg,1911,2019,108
33250.jpg,1911,1775,-136
33255.jpg,1911,2007,96
33260.jpg,1911,2007,96
33265.jpg,1911,1936,25
33270.jpg,1911,2005,94
33275.jpg,1911,1872,-39
33280.jpg,1912,1906,-6
33285.jpg,1912,2007,95
33290.jpg,1912,1909,-3
33295.jpg,1912,2019,107
33300.jpg,1912,1910,-2
33305.jpg,1912,1901,-11
33310.jpg,1912,2005,93
33315.jpg,1912,2005,93
33320.jpg,1912,1986,74
33325.jpg,1912,2007,95
33330.jpg,1912,2019,107
33335.jpg,1912,2019,107
33340.jpg,1912,1936,24
33345.jpg,1912,2010,98
33350.jpg,1912,1906,-6
33355.jpg,1912,1909,-3
33360.jpg,1912,2005,93
33365.jpg,1912,1903,-9
33370.jpg,1912,1931,19
33375.jpg,1912,2019,107
33380.jpg,1912,2020,108
33385.jpg,1912,1900,-12
33390.jpg,1912,1916,4
33395.jpg,1912,2003,91
33400.jpg,1912,1916,4
33405.jpg,1912,2010,98
33410.jpg,1912,1779,-133
33415.jpg,1912,1936,24
33420.jpg,1912,1909,-3
33425.jpg,1912,1906,-6
33430.jpg,1912,1818,-94
33435.jpg,1912,1936,24
33440.jpg,1912,2018,106
33445.jpg,1912,2009,97
33450.jpg,1912,1850,-62
33455.jpg,1912,1806,-106
33460.jpg,1912,2007,95
33465.jpg,1912,2019,107
33470.jpg,1912,1880,-32
33475.jpg,1912,1893,-19
33480.jpg,1912,1999,87
33485.jpg,1912,2019,107
33490.jpg,1912,1899,-13
33495.jpg,1912,2019,107
33500.jpg,1912,1820,-92
33505.jpg,1912,1820,-92
33510.jpg,1912,1936,24
33515.jpg,1912,1778,-134
33520.jpg,1912,2019,107
33525.jpg,1912,1804,-108
33530.jpg,1912,1779,-133
33535.jpg,1912,1807,-105
33540.jpg,1912,1906,-6
33545.jpg,1912,1906,-6
33550.jpg,1912,1926,14
33555.jpg,1912,1915,3
33560.jpg,1912,1813,-99
33565.jpg,1912,1803,-109
33570.jpg,1912,1906,-6
33575.jpg,1912,1999,87
33580.jpg,1912,1715,-197
33585.jpg,1912,1906,-6
33590.jpg,1912,1886,-26
33595.jpg,1912,1886,-26
33600.jpg,1912,1900,-12
33605.jpg,1912,1876,-36
33610.jpg,1912,1818,-94
33615.jpg,1912,1318,-594
33620.jpg,1912,2007,95
33625.jpg,1912,1876,-36
33630.jpg,1912,1779,-133
33635.jpg,1912,1937,25
33640.jpg,1912,1850,-62
33645.jpg,1912,1886,-26
33650.jpg,1912,1886,-26
33655.jpg,1912,1909,-3
33660.jpg,1912,1900,-12
33665.jpg,1912,1916,4
33670.jpg,1912,1803,-109
33675.jpg,1912,2009,97
33680.jpg,1912,1909,-3
33685.jpg,1912,2005,93
33690.jpg,1912,2007,95
33695.jpg,1912,1999,87
33700.jpg,1912,1899,-13
33705.jpg,1912,2019,107
33710.jpg,1912,1907,-5
33715.jpg,1912,1909,-3
33720.jpg,1912,1916,4
33725.jpg,1912,1907,-5
33730.jpg,1912,2019,107
33735.jpg,1912,1883,-29
33740.jpg,1912,1903,-9
33745.jpg,1912,1992,80
33750.jpg,1912,2019,107
33755.jpg,1912,2019,107
33760.jpg,1912,2019,107
33765.jpg,1913,2019,106
33770.jpg,1913,2019,106
33775.jpg,1913,1910,-3
33780.jpg,1913,2019,106
33785.jpg,1913,1909,-4
33790.jpg,1913,1909,-4
33795.jpg,1913,1815,-98
33800.jpg,1913,1812,-101
33805.jpg,1913,2005,92
33810.jpg,1913,1909,-4
33815.jpg,1913,1949,36
33820.jpg,1913,2003,90
33825.jpg,1913,1909,-4
33830.jpg,1913,1903,-10
33835.jpg,1913,1818,-95
33840.jpg,1913,1909,-4
33845.jpg,1913,1900,-13
33850.jpg,1913,1906,-7
33855.jpg,1913,1913,0
33860.jpg,1913,1895,-18
33865.jpg,1913,1906,-7
33870.jpg,1913,1936,23
33875.jpg,1913,2013,100
33880.jpg,1913,2019,106
33885.jpg,1913,1915,2
33890.jpg,1913,2019,106
33895.jpg,1913,1936,23
33900.jpg,1913,2019,106
33905.jpg,1913,2005,92
33910.jpg,1913,2019,106
33915.jpg,1913,2019,106
33920.jpg,1913,1906,-7
33925.jpg,1913,2019,106
33930.jpg,1913,1906,-7
33935.jpg,1913,1926,13
33940.jpg,1913,1926,13
33945.jpg,1913,1909,-4
33950.jpg,1913,1936,23
33955.jpg,1913,2009,96
33960.jpg,1913,1880,-33
33965.jpg,1913,1916,3
33970.jpg,1913,1930,17
33975.jpg,1913,2013,100
33980.jpg,1913,2019,106
33985.jpg,1913,2019,106
33990.jpg,1913,1833,-80
33995.jpg,1913,1909,-4
34000.jpg,1913,1936,23
34005.jpg,1913,1937,24
34010.jpg,1913,1725,-188
34015.jpg,1913,1012,-901
34020.jpg,1913,1959,46
34025.jpg,1913,1998,85
34030.jpg,1913,1719,-194
34035.jpg,1913,1906,-7
34040.jpg,1913,1906,-7
34045.jpg,1913,2019,106
34050.jpg,1913,1906,-7
34055.jpg,1913,1928,15
34060.jpg,1913,1864,-49
34065.jpg,1913,1906,-7
34070.jpg,1913,1909,-4
34075.jpg,1913,1815,-98
34080.jpg,1913,1766,-147
34085.jpg,1913,1806,-107
34090.jpg,1913,1916,3
34095.jpg,1913,1906,-7
34100.jpg,1913,1906,-7
34105.jpg,1913,1906,-7
34110.jpg,1913,1906,-7
34115.jpg,1913,2019,106
34120.jpg,1913,1807,-106
34125.jpg,1913,1779,-134
34130.jpg,1913,1817,-96
34135.jpg,1913,1916,3
34140.jpg,1913,1916,3
34145.jpg,1913,1936,23
34150.jpg,1913,2019,106
34155.jpg,1913,1928,15
34160.jpg,1913,1836,-77
34165.jpg,1913,1915,2
34170.jpg,1913,1806,-107
34175.jpg,1913,1876,-37
34180.jpg,1913,1900,-13
34185.jpg,1913,1889,-24
34190.jpg,1913,2019,106
34195.jpg,1913,1790,-123
34200.jpg,1913,1776,-137
34205.jpg,1913,1916,3
34210.jpg,1913,1928,15
34215.jpg,1913,1936,23
34220.jpg,1913,1906,-7
34225.jpg,1914,1916,2
34230.jpg,1914,1904,-10
34235.jpg,1914,1910,-4
34240.jpg,1914,2019,105
34245.jpg,1914,1999,85
34250.jpg,1914,1915,1
34255.jpg,1914,2007,93
34260.jpg,1914,2019,105
34265.jpg,1914,1916,2
34270.jpg,1914,1925,11
34275.jpg,1914,1909,-5
34280.jpg,1914,1808,-106
34285.jpg,1914,2015,101
34290.jpg,1914,1909,-5
34295.jpg,1914,1916,2
34300.jpg,1914,1916,2
34305.jpg,1914,1936,22
34310.jpg,1914,2019,105
34315.jpg,1914,1906,-8
34320.jpg,1914,1901,-13
34325.jpg,1914,1906,-8
34330.jpg,1914,1907,-7
34335.jpg,1914,2019,105
34340.jpg,1914,1000,-914
34345.jpg,1914,1926,12
34350.jpg,1914,1812,-102
34355.jpg,1914,1775,-139
34360.jpg,1914,1916,2
34365.jpg,1914,1906,-8
34370.jpg,1914,2019,105
34375.jpg,1914,1916,2
34380.jpg,1914,1916,2
34385.jpg,1914,1766,-148
34390.jpg,1914,1918,4
34395.jpg,1914,2019,105
34400.jpg,1914,1812,-102
34405.jpg,1914,1766,-148
34410.jpg,1914,2019,105
34415.jpg,1914,1776,-138
34420.jpg,1914,1052,-862
34425.jpg,1914,1009,-905
34430.jpg,1914,1910,-4
34435.jpg,1914,1926,12
34440.jpg,1914,1779,-135
34445.jpg,1914,2019,105
34450.jpg,1914,1776,-138
34455.jpg,1914,1712,-202
34460.jpg,1914,1880,-34
34465.jpg,1914,1906,-8
34470.jpg,1914,1929,15
34475.jpg,1914,1812,-102
34480.jpg,1914,1909,-5
34485.jpg,1914,1929,15
34490.jpg,1914,1903,-11
34495.jpg,1914,1826,-88
34500.jpg,1914,1876,-38
34505.jpg,1914,1512,-402
34510.jpg,1914,1830,-84
34515.jpg,1914,1805,-109
34520.jpg,1914,1889,-25
34525.jpg,1914,1810,-104
34530.jpg,1914,1886,-28
34535.jpg,1914,1810,-104
34540.jpg,1914,1916,2
34545.jpg,1914,1936,22
34550.jpg,1914,1906,-8
34555.jpg,1914,2019,105
34560.jpg,1914,1906,-8
34565.jpg,1914,1905,-9
34570.jpg,1914,1909,-5
34575.jpg,1914,1907,-7
34580.jpg,1914,2007,93
34585.jpg,1914,1877,-37
34590.jpg,1914,1850,-64
34595.jpg,1914,1909,-5
34600.jpg,1914,2019,105
34605.jpg,1914,1766,-148
34610.jpg,1914,2010,96
34615.jpg,1914,1906,-8
34620.jpg,1914,1764,-150
34625.jpg,1914,2019,105
34630.jpg,1914,1999,85
34635.jpg,1914,1906,-8
34640.jpg,1914,1410,-504
34645.jpg,1914,1916,2
34650.jpg,1914,1906,-8
34655.jpg,1914,2010,96
34660.jpg,1914,1012,-902
34665.jpg,1914,2019,105
34670.jpg,1914,1900,-14
34675.jpg,1914,2019,105
34680.jpg,1914,1090,-824
34685.jpg,1914,1932,18
34690.jpg,1914,1926,12
34695.jpg,1914,1881,-33
34700.jpg,1914,1916,2
34705.jpg,1914,1936,22
34710.jpg,1914,1909,-5
34715.jpg,1914,1864,-50
34720.jpg,1915,1813,-102
34725.jpg,1915,2009,94
34730.jpg,1915,2019,104
34735.jpg,1915,2014,99
34740.jpg,1915,1913,-2
34745.jpg,1915,1881,-34
34750.jpg,1915,1750,-165
34755.jpg,1915,1969,54
34760.jpg,1915,2018,103
34765.jpg,1915,1517,-398
34770.jpg,1915,1992,77
34775.jpg,1915,1913,-2
34780.jpg,1915,1936,21
34785.jpg,1915,1906,-9
34790.jpg,1915,1916,1
34795.jpg,1915,1900,-15
34800.jpg,1915,2008,93
34805.jpg,1915,2019,104
34810.jpg,1915,2018,103
34815.jpg,1915,1909,-6
34820.jpg,1915,2019,104
34825.jpg,1915,1936,21
34830.jpg,1915,1928,13
34835.jpg,1915,1909,-6
34840.jpg,1915,1813,-102
34845.jpg,1915,1936,21
34850.jpg,1915,1906,-9
34855.jpg,1915,1813,-102
34860.jpg,1915,1944,29
34865.jpg,1915,2019,104
34870.jpg,1915,2019,104
34875.jpg,1915,2008,93
34880.jpg,1915,2009,94
34885.jpg,1915,2019,104
34890.jpg,1915,1812,-103
34895.jpg,1915,1952,37
34900.jpg,1915,1845,-70
34905.jpg,1915,1941,26
34910.jpg,1915,1956,41
34915.jpg,1915,1900,-15
34920.jpg,1915,1877,-38
34925.jpg,1915,1906,-9
34930.jpg,1915,1803,-112
34935.jpg,1915,1777,-138
34940.jpg,1915,1766,-149
34945.jpg,1915,2018,103
34950.jpg,1915,2019,104
34955.jpg,1915,1779,-136
34960.jpg,1915,1819,-96
34965.jpg,1915,1775,-140
34970.jpg,1915,1777,-138
34975.jpg,1915,1906,-9
34980.jpg,1915,1886,-29
34985.jpg,1915,1906,-9
34990.jpg,1915,1895,-20
34995.jpg,1915,1896,-19
35000.jpg,1915,1806,-109
35005.jpg,1915,1906,-9
35010.jpg,1915,1806,-109
35015.jpg,1915,1906,-9
35020.jpg,1915,2019,104
35025.jpg,1915,1928,13
35030.jpg,1915,1906,-9
35035.jpg,1915,2019,104
35040.jpg,1915,1936,21
35045.jpg,1915,1916,1
35050.jpg,1915,2007,92
35055.jpg,1915,1903,-12
35060.jpg,1915,1836,-79
35065.jpg,1915,1909,-6
35070.jpg,1915,1815,-100
35075.jpg,1915,1936,21
35080.jpg,1915,2014,99
35085.jpg,1915,1916,1
35090.jpg,1915,1996,81
35095.jpg,1915,1820,-95
35100.jpg,1915,2006,91
35105.jpg,1915,1992,77
35110.jpg,1915,2009,94
35115.jpg,1915,1796,-119
35120.jpg,1915,1916,1
35125.jpg,1915,2019,104
35130.jpg,1915,1916,1
35135.jpg,1915,1842,-73
35140.jpg,1915,1779,-136
35145.jpg,1915,2019,104
35150.jpg,1915,1960,45
35155.jpg,1915,1900,-15
35160.jpg,1916,1927,11
35165.jpg,1916,1977,61
35170.jpg,1916,2019,103
35175.jpg,1916,2022,106
35180.jpg,1916,1906,-10
35185.jpg,1916,2007,91
35190.jpg,1916,1815,-101
35195.jpg,1916,2019,103
35200.jpg,1916,1905,-11
35205.jpg,1916,2019,103
35210.jpg,1916,2019,103
35215.jpg,1916,1906,-10
35220.jpg,1916,2019,103
35225.jpg,1916,1909,-7
35230.jpg,1916,2011,95
35235.jpg,1916,2019,103
35240.jpg,1916,1909,-7
35245.jpg,1916,1909,-7
35250.jpg,1916,1915,-1
35255.jpg,1916,2019,103
35260.jpg,1916,1916,0
35265.jpg,1916,1916,0
35270.jpg,1916,1903,-13
35275.jpg,1916,1810,-106
35280.jpg,1916,2010,94
35285.jpg,1916,1903,-13
35290.jpg,1916,1900,-16
35295.jpg,1916,1796,-120
35300.jpg,1916,1936,20
35305.jpg,1916,1999,83
35310.jpg,1916,1740,-176
35315.jpg,1916,1935,19
35320.jpg,1916,1740,-176
35325.jpg,1916,1916,0
35330.jpg,1916,1824,-92
35335.jpg,1916,1812,-104
35340.jpg,1916,1909,-7
35345.jpg,1916,1876,-40
35350.jpg,1916,1906,-10
35355.jpg,1916,1929,13
35360.jpg,1916,1803,-113
35365.jpg,1916,1990,74
35370.jpg,1916,1881,-35
35375.jpg,1916,1993,77
35380.jpg,1916,1889,-27
35385.jpg,1916,2019,103
35390.jpg,1916,1940,24
35395.jpg,1916,2019,103
35400.jpg,1916,1906,-10
35405.jpg,1916,1836,-80
35410.jpg,1916,2019,103
35415.jpg,1916,1886,-30
35420.jpg,1916,1806,-110
35425.jpg,1916,1951,35
35430.jpg,1916,2019,103
35435.jpg,1916,1814,-102
35440.jpg,1916,1818,-98
35445.jpg,1916,1916,0
35450.jpg,1916,1940,24
35455.jpg,1916,1909,-7
35460.jpg,1916,1907,-9
35465.jpg,1916,1916,0
35470.jpg,1916,1815,-101
35475.jpg,1916,2019,103
35480.jpg,1916,1928,12
35485.jpg,1916,1520,-396
35490.jpg,1916,1916,0
35495.jpg,1916,2003,87
35500.jpg,1916,1936,20
35505.jpg,1916,1886,-30
35510.jpg,1916,1778,-138
35515.jpg,1916,1936,20
35520.jpg,1916,1916,0
35525.jpg,1916,1930,14
35530.jpg,1916,2010,94
35535.jpg,1917,2019,102
35540.jpg,1917,2010,93
35545.jpg,1917,1910,-7
35550.jpg,1917,1925,8
35555.jpg,1917,1935,18
35560.jpg,1917,1943,26
35565.jpg,1917,2005,88
35570.jpg,1917,2019,102
35575.jpg,1917,2007,90
35580.jpg,1917,1779,-138
35585.jpg,1917,1876,-41
35590.jpg,1917,1936,19
35595.jpg,1917,1915,-2
35600.jpg,1917,2019,102
35605.jpg,1917,1916,-1
35610.jpg,1917,1909,-8
35615.jpg,1917,1928,11
35620.jpg,1917,1944,27
35625.jpg,1917,1010,-907
35630.jpg,1917,1927,10
35635.jpg,1917,1916,-1
35640.jpg,1917,1915,-2
35645.jpg,1917,1936,19
35650.jpg,1917,1916,-1
35655.jpg,1917,1766,-151
35660.jpg,1917,2019,102
35665.jpg,1917,2010,93
35670.jpg,1917,2019,102
35675.jpg,1917,2019,102
35680.jpg,1917,1941,24
35685.jpg,1917,1011,-906
35690.jpg,1917,2018,101
35695.jpg,1917,1936,19
35700.jpg,1917,1906,-11
35705.jpg,1917,2019,102
35710.jpg,1917,1936,19
35715.jpg,1917,1936,19
35720.jpg,1917,1942,25
35725.jpg,1917,2007,90
35730.jpg,1917,2007,90
35735.jpg,1917,2019,102
35740.jpg,1917,1818,-99
35745.jpg,1917,1830,-87
35750.jpg,1917,1816,-101
35755.jpg,1917,1906,-11
35760.jpg,1917,1931,14
35765.jpg,1917,1803,-114
35770.jpg,1917,1926,9
35775.jpg,1917,1886,-31
35780.jpg,1917,1916,-1
35785.jpg,1917,1995,78
35790.jpg,1917,1926,9
35795.jpg,1917,2019,102
35800.jpg,1917,1926,9
35805.jpg,1917,1803,-114
35810.jpg,1917,1906,-11
35815.jpg,1917,1906,-11
35820.jpg,1917,2019,102
35825.jpg,1917,1906,-11
35830.jpg,1917,1775,-142
35835.jpg,1917,2009,92
35840.jpg,1917,1928,11
35845.jpg,1917,2019,102
35850.jpg,1917,1915,-2
35855.jpg,1917,2009,92
35860.jpg,1917,2019,102
35865.jpg,1917,1936,19
35870.jpg,1917,1992,75
35875.jpg,1917,1011,-906
35880.jpg,1917,1901,-16
35885.jpg,1917,2011,94
35890.jpg,1917,1900,-17
35895.jpg,1917,1916,-1
35900.jpg,1917,1993,76
35905.jpg,1917,2011,94
35910.jpg,1917,1903,-14
35915.jpg,1917,1909,-8
35920.jpg,1918,2019,101
35925.jpg,1918,1999,81
35930.jpg,1918,1815,-103
35935.jpg,1918,2008,90
35940.jpg,1918,1779,-139
35945.jpg,1918,1936,18
35950.jpg,1918,1906,-12
35955.jpg,1918,1909,-9
35960.jpg,1918,1916,-2
35965.jpg,1918,1936,18
35970.jpg,1918,1906,-12
35975.jpg,1918,2019,101
35980.jpg,1918,2019,101
35985.jpg,1918,1850,-68
35990.jpg,1918,2021,103
35995.jpg,1918,1813,-105
36000.jpg,1918,1886,-32
36005.jpg,1918,1903,-15
36010.jpg,1918,1814,-104
36015.jpg,1918,1936,18
36020.jpg,1918,1906,-12
36025.jpg,1918,1928,10
36030.jpg,1918,2019,101
36035.jpg,1918,1775,-143
36040.jpg,1918,1806,-112
36045.jpg,1918,1806,-112
36050.jpg,1918,2019,101
36055.jpg,1918,1814,-104
36060.jpg,1918,1806,-112
36065.jpg,1918,2019,101
36070.jpg,1918,1906,-12
36075.jpg,1918,2019,101
36080.jpg,1918,2012,94
36085.jpg,1918,1808,-110
36090.jpg,1918,1909,-9
36095.jpg,1918,1909,-9
36100.jpg,1918,1777,-141
36105.jpg,1918,2019,101
36110.jpg,1918,1886,-32
36115.jpg,1919,1900,-19
36120.jpg,1919,1905,-14
36125.jpg,1919,2005,86
36130.jpg,1919,2002,83
36135.jpg,1919,2008,89
36140.jpg,1919,2010,91
36145.jpg,1919,1936,17
36150.jpg,1919,1990,71
36155.jpg,1919,1936,17
36160.jpg,1919,1929,10
36165.jpg,1919,2009,90
36170.jpg,1919,1901,-18
36175.jpg,1919,2009,90
36180.jpg,1919,1936,17
36185.jpg,1919,1999,80
36190.jpg,1919,2019,100
36195.jpg,1919,1649,-270
36200.jpg,1919,2019,100
36205.jpg,1919,2019,100
36210.jpg,1919,1936,17
36215.jpg,1919,1906,-13
36220.jpg,1919,2024,105
36225.jpg,1919,1906,-13
36230.jpg,1919,1915,-4
36235.jpg,1919,2019,100
36240.jpg,1919,1813,-106
36245.jpg,1919,1906,-13
36250.jpg,1919,1777,-142
36255.jpg,1919,1766,-153
36260.jpg,1919,1775,-144
36265.jpg,1919,1886,-33
36270.jpg,1919,1896,-23
36275.jpg,1919,1775,-144
36280.jpg,1919,1710,-209
36285.jpg,1919,2019,100
36290.jpg,1919,2019,100
36295.jpg,1919,1915,-4
36300.jpg,1919,2019,100
36305.jpg,1919,1901,-18
36310.jpg,1919,2019,100
36315.jpg,1919,1860,-59
36320.jpg,1919,2019,100
36325.jpg,1919,1909,-10
36330.jpg,1919,1936,17
36335.jpg,1919,2019,100
36340.jpg,1919,2019,100
36345.jpg,1919,1906,-13
36350.jpg,1920,2019,99
36355.jpg,1920,2006,86
36360.jpg,1920,1815,-105
36365.jpg,1920,2011,91
36370.jpg,1920,2014,94
36375.jpg,1920,1914,-6
36380.jpg,1920,1999,79
36385.jpg,1920,1961,41
36390.jpg,1920,2019,99
36395.jpg,1920,1993,73
36400.jpg,1920,1876,-44
36405.jpg,1920,1936,16
36410.jpg,1920,2019,99
36415.jpg,1920,1850,-70
36420.jpg,1920,1904,-16
36425.jpg,1920,2019,99
36430.jpg,1920,1917,-3
36435.jpg,1920,1909,-11
36440.jpg,1920,1779,-141
36445.jpg,1920,2010,90
36450.jpg,1920,2019,99
36455.jpg,1920,1012,-908
36460.jpg,1920,1780,-140
36465.jpg,1920,1816,-104
36470.jpg,1920,1932,12
36475.jpg,1920,1725,-195
36480.jpg,1920,2005,85
36485.jpg,1920,1936,16
36490.jpg,1920,1881,-39
36495.jpg,1920,1896,-24
36500.jpg,1920,1956,36
36505.jpg,1920,1926,6
36510.jpg,1920,1776,-144
36515.jpg,1920,1812,-108
36520.jpg,1920,1906,-14
36525.jpg,1920,1804,-116
36530.jpg,1920,1806,-114
36535.jpg,1920,1906,-14
36540.jpg,1920,1813,-107
36545.jpg,1920,1712,-208
36550.jpg,1920,1906,-14
36555.jpg,1920,1810,-110
36560.jpg,1920,1906,-14
36565.jpg,1920,1855,-65
36570.jpg,1920,1906,-14
36575.jpg,1920,1777,-143
36580.jpg,1920,1906,-14
36585.jpg,1920,1913,-7
36590.jpg,1920,1915,-5
36595.jpg,1920,1815,-105
36600.jpg,1920,2010,90
36605.jpg,1920,1880,-40
36610.jpg,1920,2019,99
36615.jpg,1920,1810,-110
36620.jpg,1920,1906,-14
36625.jpg,1920,2013,93
36630.jpg,1920,2019,99
36635.jpg,1920,2019,99
36640.jpg,1920,1993,73
36645.jpg,1920,1008,-912
36650.jpg,1920,1926,6
36655.jpg,1920,1710,-210
36660.jpg,1920,1945,25
36665.jpg,1920,2013,93
36670.jpg,1920,1795,-125
36675.jpg,1920,1795,-125
36680.jpg,1920,2009,89
36685.jpg,1920,1817,-103
36690.jpg,1921,2010,89
36695.jpg,1921,2005,84
36700.jpg,1921,2019,98
36705.jpg,1921,2010,89
36710.jpg,1921,2013,92
36715.jpg,1921,1930,9
36720.jpg,1921,2003,82
36725.jpg,1921,1898,-23
36730.jpg,1921,2006,85
36735.jpg,1921,2003,82
36740.jpg,1921,1936,15
36745.jpg,1921,1936,15
36750.jpg,1921,1916,-5
36755.jpg,1921,1936,15
36760.jpg,1921,1900,-21
36765.jpg,1921,1936,15
36770.jpg,1921,2008,87
36775.jpg,1921,1813,-108
36780.jpg,1921,1936,15
36785.jpg,1921,1916,-5
36790.jpg,1921,2011,90
36795.jpg,1921,1935,14
36800.jpg,1921,1791,-130
36805.jpg,1921,2013,92
36810.jpg,1921,1778,-143
36815.jpg,1921,2003,82
36820.jpg,1921,1785,-136
36825.jpg,1921,1956,35
36830.jpg,1921,1931,10
36835.jpg,1921,1516,-405
36840.jpg,1921,1906,-15
36845.jpg,1921,1812,-109
36850.jpg,1921,1915,-6
36855.jpg,1921,1906,-15
36860.jpg,1921,1926,5
36865.jpg,1921,1576,-345
36870.jpg,1921,1964,43
36875.jpg,1921,1807,-114
36880.jpg,1921,1816,-105
36885.jpg,1921,1936,15
36890.jpg,1921,2019,98
36895.jpg,1921,2019,98
36900.jpg,1921,2019,98
36905.jpg,1921,1935,14
36910.jpg,1921,1917,-4
36915.jpg,1921,1012,-909
36920.jpg,1921,1918,-3
36925.jpg,1921,1937,16
36930.jpg,1921,2019,98
36935.jpg,1921,1907,-14
36940.jpg,1921,1777,-144
36945.jpg,1921,2019,98
36950.jpg,1921,1885,-36
36955.jpg,1921,1903,-18
36960.jpg,1921,1775,-146
36965.jpg,1921,1909,-12
36970.jpg,1922,1875,-47
36975.jpg,1922,1927,5
36980.jpg,1922,1909,-13
36985.jpg,1922,2007,85
36990.jpg,1922,1936,14
36995.jpg,1922,2013,91
37000.jpg,1922,2011,89
37005.jpg,1922,2008,86
37010.jpg,1922,1979,57
37015.jpg,1922,2006,84
37020.jpg,1922,1777,-145
37025.jpg,1922,1866,-56
37030.jpg,1922,2008,86
37035.jpg,1922,1929,7
37040.jpg,1922,1916,-6
37045.jpg,1922,1909,-13
37050.jpg,1922,2019,97
37055.jpg,1922,1915,-7
37060.jpg,1922,2019,97
37065.jpg,1922,1916,-6
37070.jpg,1922,2007,85
37075.jpg,1922,1818,-104
37080.jpg,1922,1936,14
37085.jpg,1922,1779,-143
37090.jpg,1922,1940,18
37095.jpg,1922,1936,14
37100.jpg,1922,1812,-110
37105.jpg,1922,1864,-58
37110.jpg,1922,1010,-912
37115.jpg,1922,1750,-172
37120.jpg,1922,2009,87
37125.jpg,1922,1876,-46
37130.jpg,1922,1926,4
37135.jpg,1922,1819,-103
37140.jpg,1922,1785,-137
37145.jpg,1922,1812,-110
37150.jpg,1922,1777,-145
37155.jpg,1922,1760,-162
37160.jpg,1922,1906,-16
37165.jpg,1922,1916,-6
37170.jpg,1922,1776,-146
37175.jpg,1922,1885,-37
37180.jpg,1922,1778,-144
37185.jpg,1922,1936,14
37190.jpg,1922,1936,14
37195.jpg,1922,1806,-116
37200.jpg,1922,1906,-16
37205.jpg,1922,2019,97
37210.jpg,1922,1813,-109
37215.jpg,1922,1777,-145
37220.jpg,1922,1904,-18
37225.jpg,1922,2019,97
37230.jpg,1922,1710,-212
37235.jpg,1922,2019,97
37240.jpg,1922,1997,75
37245.jpg,1922,1906,-16
37250.jpg,1922,1797,-125
37255.jpg,1922,2019,97
37260.jpg,1922,1777,-145
37265.jpg,1922,2020,98
37270.jpg,1922,2019,97
37275.jpg,1922,1936,14
37280.jpg,1922,2019,97
37285.jpg,1922,2004,82
37290.jpg,1922,2019,97
37295.jpg,1922,1775,-147
37300.jpg,1922,1992,70
37305.jpg,1922,2019,97
37310.jpg,1923,2019,96
37315.jpg,1923,1936,13
37320.jpg,1923,1956,33
37325.jpg,1923,2005,82
37330.jpg,1923,1010,-913
37335.jpg,1923,1937,14
37340.jpg,1923,2019,96
37345.jpg,1923,2019,96
37350.jpg,1923,2005,82
37355.jpg,1923,1916,-7
37360.jpg,1923,1766,-157
37365.jpg,1923,2019,96
37370.jpg,1923,1916,-7
37375.jpg,1923,1909,-14
37380.jpg,1923,1936,13
37385.jpg,1923,1936,13
37390.jpg,1923,1936,13
37395.jpg,1923,1916,-7
37400.jpg,1923,1813,-110
37405.jpg,1923,2019,96
37410.jpg,1923,2019,96
37415.jpg,1923,1919,-4
37420.jpg,1923,1915,-8
37425.jpg,1923,1997,74
37430.jpg,1923,2019,96
37435.jpg,1923,1927,4
37440.jpg,1923,1909,-14
37445.jpg,1923,1909,-14
37450.jpg,1923,2008,85
37455.jpg,1923,1927,4
37460.jpg,1923,2008,85
37465.jpg,1923,2019,96
37470.jpg,1923,2019,96
37475.jpg,1923,1815,-108
37480.jpg,1923,1906,-17
37485.jpg,1923,1777,-146
37490.jpg,1923,1946,23
37495.jpg,1923,2007,84
37500.jpg,1923,1936,13
37505.jpg,1923,1777,-146
37510.jpg,1923,1906,-17
37515.jpg,1923,1918,-5
37520.jpg,1923,1807,-116
37525.jpg,1923,1760,-163
37530.jpg,1923,1936,13
37535.jpg,1923,1903,-20
37540.jpg,1923,1928,5
37545.jpg,1923,1936,13
37550.jpg,1923,1777,-146
37555.jpg,1923,1777,-146
37560.jpg,1923,1936,13
37565.jpg,1923,1776,-147
37570.jpg,1923,1776,-147
37575.jpg,1923,1916,-7
37580.jpg,1923,1818,-105
37585.jpg,1923,1010,-913
37590.jpg,1923,2019,96
37595.jpg,1923,1807,-116
37600.jpg,1923,2011,88
37605.jpg,1923,1906,-17
37610.jpg,1923,2007,84
37615.jpg,1923,1010,-913
37620.jpg,1923,2019,96
37625.jpg,1923,1936,13
37630.jpg,1923,1906,-17
37635.jpg,1923,1936,13
37640.jpg,1923,2019,96
37645.jpg,1923,2008,85
37650.jpg,1923,1936,13
37655.jpg,1923,2019,96
37660.jpg,1923,1916,-7
37665.jpg,1923,1928,5
37670.jpg,1924,2019,95
37675.jpg,1924,2019,95
37680.jpg,1924,2010,86
37685.jpg,1924,2019,95
37690.jpg,1924,1900,-24
37695.jpg,1924,2019,95
37700.jpg,1924,1916,-8
37705.jpg,1924,1010,-914
37710.jpg,1924,2019,95
37715.jpg,1924,1952,28
37720.jpg,1924,2005,81
37725.jpg,1924,1976,52
37730.jpg,1924,2005,81
37735.jpg,1924,1916,-8
37740.jpg,1924,1906,-18
37745.jpg,1924,1936,12
37750.jpg,1924,1916,-8
37755.jpg,1924,1936,12
37760.jpg,1924,1936,12
37765.jpg,1924,1915,-9
37770.jpg,1924,2018,94
37775.jpg,1924,2008,84
37780.jpg,1924,1916,-8
37785.jpg,1924,1906,-18
37790.jpg,1924,2010,86
37795.jpg,1924,2019,95
37800.jpg,1924,1935,11
37805.jpg,1924,1998,74
37810.jpg,1924,1909,-15
37815.jpg,1924,2019,95
37820.jpg,1924,1861,-63
37825.jpg,1924,1936,12
37830.jpg,1924,1906,-18
37835.jpg,1924,1818,-106
37840.jpg,1924,1410,-514
37845.jpg,1924,2019,95
37850.jpg,1924,1834,-90
37855.jpg,1924,2019,95
37860.jpg,1924,2018,94
37865.jpg,1924,2021,97
37870.jpg,1924,1886,-38
37875.jpg,1924,2009,85
37880.jpg,1924,1936,12
37885.jpg,1924,1776,-148
37890.jpg,1924,1991,67
37895.jpg,1924,1928,4
37900.jpg,1924,1929,5
37905.jpg,1924,2008,84
37910.jpg,1924,1926,2
37915.jpg,1924,1829,-95
37920.jpg,1924,1960,36
37925.jpg,1924,1909,-15
37930.jpg,1924,1906,-18
37935.jpg,1924,1775,-149
37940.jpg,1924,1920,-4
37945.jpg,1924,1995,71
37950.jpg,1924,2019,95
37955.jpg,1924,2012,88
37960.jpg,1924,2002,78
37965.jpg,1924,2019,95
37970.jpg,1924,1904,-20
37975.jpg,1924,1916,-8
37980.jpg,1924,1910,-14
37985.jpg,1924,2019,95
37990.jpg,1924,1966,42
37995.jpg,1924,2019,95
38000.jpg,1924,1494,-430
38005.jpg,1924,1999,75
38010.jpg,1924,2019,95
38015.jpg,1924,1915,-9
38020.jpg,1924,1815,-109
38025.jpg,1924,2019,95
38030.jpg,1924,2019,95
38035.jpg,1924,2019,95
38040.jpg,1924,1916,-8
38045.jpg,1924,1927,3
38050.jpg,1924,2019,95
38055.jpg,1924,1920,-4
38060.jpg,1924,1777,-147
38065.jpg,1924,2019,95
38070.jpg,1924,1936,12
38075.jpg,1924,2011,87
38080.jpg,1925,1775,-150
38085.jpg,1925,1907,-18
38090.jpg,1925,1936,11
38095.jpg,1925,1936,11
38100.jpg,1925,1818,-107
38105.jpg,1925,1910,-15
38110.jpg,1925,1926,1
38115.jpg,1925,2009,84
38120.jpg,1925,2007,82
38125.jpg,1925,2019,94
38130.jpg,1925,2019,94
38135.jpg,1925,2009,84
38140.jpg,1925,1926,1
38145.jpg,1925,1913,-12
38150.jpg,1925,2019,94
38155.jpg,1925,1936,11
38160.jpg,1925,1936,11
38165.jpg,1925,1779,-146
38170.jpg,1925,1993,68
38175.jpg,1925,2019,94
38180.jpg,1925,1936,11
38185.jpg,1925,1936,11
38190.jpg,1925,2008,83
38195.jpg,1925,1916,-9
38200.jpg,1925,2007,82
38205.jpg,1925,1906,-19
38210.jpg,1925,1916,-9
38215.jpg,1925,2006,81
38220.jpg,1925,2019,94
38225.jpg,1925,2019,94
38230.jpg,1925,1916,-9
38235.jpg,1925,2011,86
38240.jpg,1925,1994,69
38245.jpg,1925,1936,11
38250.jpg,1925,1915,-10
38255.jpg,1925,1993,68
38260.jpg,1925,2008,83
38265.jpg,1925,2008,83
38270.jpg,1925,1793,-132
38275.jpg,1925,1932,7
38280.jpg,1925,2010,85
38285.jpg,1925,2005,80
38290.jpg,1925,1820,-105
38295.jpg,1925,1936,11
38300.jpg,1925,2019,94
38305.jpg,1925,1936,11
38310.jpg,1925,1876,-49
38315.jpg,1925,1976,51
38320.jpg,1925,1906,-19
38325.jpg,1925,1653,-272
38330.jpg,1925,1876,-49
38335.jpg,1925,1936,11
38340.jpg,1925,1926,1
38345.jpg,1925,1806,-119
38350.jpg,1925,1760,-165
38355.jpg,1925,1810,-115
38360.jpg,1925,1929,4
38365.jpg,1925,1926,1
38370.jpg,1925,1906,-19
38375.jpg,1925,1916,-9
38380.jpg,1925,1906,-19
38385.jpg,1925,1936,11
38390.jpg,1925,1936,11
38395.jpg,1925,1935,10
38400.jpg,1925,1666,-259
38405.jpg,1925,1779,-146
38410.jpg,1925,2019,94
38415.jpg,1925,2019,94
38420.jpg,1925,2019,94
38425.jpg,1925,1815,-110
38430.jpg,1925,1995,70
38435.jpg,1925,1999,74
38440.jpg,1925,1929,4
38445.jpg,1925,1494,-431
38450.jpg,1925,1929,4
38455.jpg,1925,1961,36
38460.jpg,1925,2019,94
38465.jpg,1925,2013,88
38470.jpg,1925,1012,-913
38475.jpg,1925,2007,82
38480.jpg,1925,1906,-19
38485.jpg,1925,1494,-431
38490.jpg,1925,2019,94
38495.jpg,1925,1906,-19
38500.jpg,1925,1918,-7
38505.jpg,1925,1842,-83
38510.jpg,1925,1906,-19
38515.jpg,1926,1010,-916
38520.jpg,1926,1936,10
38525.jpg,1926,1915,-11
38530.jpg,1926,1915,-11
38535.jpg,1926,1776,-150
38540.jpg,1926,1915,-11
38545.jpg,1926,2019,93
38550.jpg,1926,2007,81
38555.jpg,1926,1998,72
38560.jpg,1926,2009,83
38565.jpg,1926,1826,-100
38570.jpg,1926,1936,10
38575.jpg,1926,2006,80
38580.jpg,1926,2013,87
38585.jpg,1926,2006,80
38590.jpg,1926,2005,79
38595.jpg,1926,2019,93
38600.jpg,1926,2005,79
38605.jpg,1926,2019,93
38610.jpg,1926,1806,-120
38615.jpg,1926,1936,10
38620.jpg,1926,2014,88
38625.jpg,1926,1936,10
38630.jpg,1926,1806,-120
38635.jpg,1926,1936,10
38640.jpg,1926,2019,93
38645.jpg,1926,2008,82
38650.jpg,1926,1936,10
38655.jpg,1926,2019,93
38660.jpg,1926,1936,10
38665.jpg,1926,1936,10
38670.jpg,1926,2019,93
38675.jpg,1926,2011,85
38680.jpg,1926,2019,93
38685.jpg,1926,2013,87
38690.jpg,1926,2021,95
38695.jpg,1926,1916,-10
38700.jpg,1926,2019,93
38705.jpg,1926,1814,-112
38710.jpg,1926,1915,-11
38715.jpg,1926,2010,84
38720.jpg,1926,2010,84
38725.jpg,1926,1927,1
38730.jpg,1926,1999,73
38735.jpg,1926,1492,-434
38740.jpg,1926,1956,30
38745.jpg,1926,2019,93
38750.jpg,1926,1936,10
38755.jpg,1926,2019,93
38760.jpg,1926,1778,-148
38765.jpg,1926,1778,-148
38770.jpg,1926,1936,10
38775.jpg,1926,1750,-176
38780.jpg,1926,1926,0
38785.jpg,1926,1986,60
38790.jpg,1926,2019,93
38795.jpg,1926,1936,10
38800.jpg,1926,1936,10
38805.jpg,1926,1776,-150
38810.jpg,1926,1909,-17
38815.jpg,1926,1766,-160
38820.jpg,1926,1906,-20
38825.jpg,1926,1936,10
38830.jpg,1926,1416,-510
38835.jpg,1926,1775,-151
38840.jpg,1926,2019,93
38845.jpg,1926,2019,93
38850.jpg,1926,1906,-20
38855.jpg,1926,2019,93
38860.jpg,1926,2007,81
38865.jpg,1926,1936,10
38870.jpg,1926,1416,-510
38875.jpg,1926,1775,-151
38880.jpg,1926,1997,71
38885.jpg,1926,1812,-114
38890.jpg,1926,1929,3
38895.jpg,1926,2019,93
38900.jpg,1926,1995,69
38905.jpg,1926,1903,-23
38910.jpg,1926,1927,1
38915.jpg,1926,2008,82
38920.jpg,1926,2019,93
38925.jpg,1926,1936,10
38930.jpg,1926,1935,9
38935.jpg,1926,2019,93
38940.jpg,1926,1992,66
38945.jpg,1926,1926,0
38950.jpg,1926,1818,-108
38955.jpg,1926,1956,30
38960.jpg,1926,1820,-106
38965.jpg,1926,2019,93
38970.jpg,1926,1936,10
38975.jpg,1926,1806,-120
38980.jpg,1926,1065,-861
38985.jpg,1926,1929,3
38990.jpg,1926,1936,10
38995.jpg,1927,1913,-14
39000.jpg,1927,1936,9
39005.jpg,1927,1993,66
39010.jpg,1927,1906,-21
39015.jpg,1927,2024,97
39020.jpg,1927,1994,67
39025.jpg,1927,1909,-18
39030.jpg,1927,2019,92
39035.jpg,1927,1929,2
39040.jpg,1927,2007,80
39045.jpg,1927,1936,9
39050.jpg,1927,1916,-11
39055.jpg,1927,1937,10
39060.jpg,1927,2011,84
39065.jpg,1927,2010,83
39070.jpg,1927,1936,9
39075.jpg,1927,2019,92
39080.jpg,1927,1915,-12
39085.jpg,1927,2007,80
39090.jpg,1927,2005,78
39095.jpg,1927,1956,29
39100.jpg,1927,1643,-284
39105.jpg,1927,2013,86
39110.jpg,1927,1015,-912
39115.jpg,1927,2019,92
39120.jpg,1927,2019,92
39125.jpg,1927,1928,1
39130.jpg,1927,1936,9
39135.jpg,1927,1936,9
39140.jpg,1927,1929,2
39145.jpg,1927,2019,92
39150.jpg,1927,1909,-18
39155.jpg,1927,2007,80
39160.jpg,1927,1778,-149
39165.jpg,1927,1936,9
39170.jpg,1927,1993,66
39175.jpg,1927,1936,9
39180.jpg,1927,2012,85
39185.jpg,1927,2019,92
39190.jpg,1927,1926,-1
39195.jpg,1927,1936,9
39200.jpg,1927,2019,92
39205.jpg,1927,1931,4
39210.jpg,1927,2010,83
39215.jpg,1927,2019,92
39220.jpg,1927,2019,92
39225.jpg,1927,2019,92
39230.jpg,1927,1909,-18
39235.jpg,1927,1999,72
39240.jpg,1927,1936,9
39245.jpg,1927,1916,-11
39250.jpg,1927,1777,-150
39255.jpg,1927,1777,-150
39260.jpg,1927,1936,9
39265.jpg,1927,2019,92
39270.jpg,1927,2019,92
39275.jpg,1927,1896,-31
39280.jpg,1927,1928,1
39285.jpg,1927,1936,9
39290.jpg,1927,1776,-151
39295.jpg,1927,1936,9
39300.jpg,1927,1926,-1
39305.jpg,1927,1928,1
39310.jpg,1927,1928,1
39315.jpg,1927,1807,-120
39320.jpg,1927,1779,-148
39325.jpg,1927,1960,33
39330.jpg,1927,1418,-509
39335.jpg,1927,1806,-121
39340.jpg,1927,1806,-121
39345.jpg,1927,1896,-31
39350.jpg,1927,1806,-121
39355.jpg,1927,1819,-108
39360.jpg,1927,1936,9
39365.jpg,1927,1992,65
39370.jpg,1927,2005,78
39375.jpg,1927,1519,-408
39380.jpg,1927,1010,-917
39385.jpg,1927,2003,76
39390.jpg,1927,2006,79
39395.jpg,1927,1012,-915
39400.jpg,1927,1909,-18
39405.jpg,1927,2007,80
39410.jpg,1927,2019,92
39415.jpg,1927,1932,5
39420.jpg,1927,1818,-109
39425.jpg,1927,1916,-11
39430.jpg,1927,2011,84
39435.jpg,1927,1766,-161
39440.jpg,1927,1926,-1
39445.jpg,1927,1511,-416
39450.jpg,1927,1900,-27
39455.jpg,1927,1922,-5
39460.jpg,1927,1943,16
39465.jpg,1927,2009,82
39470.jpg,1927,1006,-921
39475.jpg,1927,1935,8
39480.jpg,1927,2011,84
39485.jpg,1927,1906,-21
39490.jpg,1927,1775,-152
39495.jpg,1927,1907,-20
39500.jpg,1927,1916,-11
39505.jpg,1927,1956,29
39510.jpg,1928,2019,91
39515.jpg,1928,1915,-13
39520.jpg,1928,1927,-1
39525.jpg,1928,1916,-12
39530.jpg,1928,2007,79
39535.jpg,1928,2019,91
39540.jpg,1928,2005,77
39545.jpg,1928,2019,91
39550.jpg,1928,2019,91
39555.jpg,1928,2009,81
39560.jpg,1928,1915,-13
39565.jpg,1928,1936,8
39570.jpg,1928,2013,85
39575.jpg,1928,2011,83
39580.jpg,1928,1909,-19
39585.jpg,1928,1934,6
39590.jpg,1928,2019,91
39595.jpg,1928,1936,8
39600.jpg,1928,1010,-918
39605.jpg,1928,2019,91
39610.jpg,1928,2005,77
39615.jpg,1928,2011,83
39620.jpg,1928,1936,8
39625.jpg,1928,2019,91
39630.jpg,1928,1936,8
39635.jpg,1928,1906,-22
39640.jpg,1928,1807,-121
39645.jpg,1928,1936,8
39650.jpg,1928,1936,8
39655.jpg,1928,2019,91
39660.jpg,1928,1936,8
39665.jpg,1928,1936,8
39670.jpg,1928,2019,91
39675.jpg,1928,1931,3
39680.jpg,1928,1915,-13
39685.jpg,1928,2019,91
39690.jpg,1928,2019,91
39695.jpg,1928,1936,8
39700.jpg,1928,1931,3
39705.jpg,1928,2019,91
39710.jpg,1928,1930,2
39715.jpg,1928,1916,-12
39720.jpg,1928,1936,8
39725.jpg,1928,1775,-153
39730.jpg,1928,2019,91
39735.jpg,1928,2008,80
39740.jpg,1928,2019,91
39745.jpg,1928,2003,75
39750.jpg,1928,2005,77
39755.jpg,1928,1766,-162
39760.jpg,1928,1792,-136
39765.jpg,1928,1956,28
39770.jpg,1928,1000,-928
39775.jpg,1928,1929,1
39780.jpg,1928,1775,-153
39785.jpg,1928,1926,-2
39790.jpg,1928,1928,0
39795.jpg,1928,1776,-152
39800.jpg,1928,1926,-2
39805.jpg,1928,2019,91
39810.jpg,1928,1951,23
39815.jpg,1928,1916,-12
39820.jpg,1928,1928,0
39825.jpg,1928,1808,-120
39830.jpg,1928,1936,8
39835.jpg,1928,1947,19
39840.jpg,1928,1900,-28
39845.jpg,1928,1936,8
39850.jpg,1928,1936,8
39855.jpg,1928,2019,91
39860.jpg,1928,1926,-2
39865.jpg,1928,1839,-89
39870.jpg,1928,1766,-162
39875.jpg,1928,2019,91
39880.jpg,1928,1995,67
39885.jpg,1928,1818,-110
39890.jpg,1928,2019,91
39895.jpg,1928,2019,91
39900.jpg,1928,2002,74
39905.jpg,1928,1818,-110
39910.jpg,1928,1935,7
39915.jpg,1928,1775,-153
39920.jpg,1928,2010,82
39925.jpg,1928,1776,-152
39930.jpg,1928,1944,16
39935.jpg,1928,1999,71
39940.jpg,1928,1932,4
39945.jpg,1928,1936,8
39950.jpg,1928,2008,80
39955.jpg,1928,1775,-153
39960.jpg,1928,1812,-116
39965.jpg,1928,1935,7
39970.jpg,1928,1901,-27
39975.jpg,1928,1900,-28
39980.jpg,1928,1956,28
39985.jpg,1928,1850,-78
39990.jpg,1928,1936,8
39995.jpg,1928,1936,8
40000.jpg,1928,1936,8
40005.jpg,1928,1909,-19
40010.jpg,1928,2010,82
40015.jpg,1928,1777,-151
40020.jpg,1928,2019,91
40025.jpg,1928,1936,8
40030.jpg,1928,1936,8
40035.jpg,1928,1909,-19
40040.jpg,1928,2007,79
40045.jpg,1929,1901,-28
40050.jpg,1929,1012,-917
40055.jpg,1929,2019,90
40060.jpg,1929,2010,81
40065.jpg,1929,2011,82
40070.jpg,1929,2019,90
40075.jpg,1929,1934,5
40080.jpg,1929,1994,65
40085.jpg,1929,2002,73
40090.jpg,1929,1893,-36
40095.jpg,1929,1936,7
40100.jpg,1929,2007,78
40105.jpg,1929,2019,90
40110.jpg,1929,2006,77
40115.jpg,1929,2019,90
40120.jpg,1929,1836,-93
40125.jpg,1929,2019,90
40130.jpg,1929,1916,-13
40135.jpg,1929,1936,7
40140.jpg,1929,2010,81
40145.jpg,1929,1935,6
40150.jpg,1929,1936,7
40155.jpg,1929,1936,7
40160.jpg,1929,1998,69
40165.jpg,1929,1936,7
40170.jpg,1929,1955,26
40175.jpg,1929,2019,90
40180.jpg,1929,1966,37
40185.jpg,1929,1935,6
40190.jpg,1929,1812,-117
40195.jpg,1929,1936,7
40200.jpg,1929,1935,6
40205.jpg,1929,1930,1
40210.jpg,1929,1935,6
40215.jpg,1929,1814,-115
40220.jpg,1929,1936,7
40225.jpg,1929,1936,7
40230.jpg,1929,1666,-263
40235.jpg,1929,2013,84
40240.jpg,1929,2019,90
40245.jpg,1929,2019,90
40250.jpg,1929,2019,90
40255.jpg,1929,2007,78
40260.jpg,1929,2009,80
40265.jpg,1929,2019,90
40270.jpg,1929,2002,73
40275.jpg,1929,1906,-23
40280.jpg,1929,2019,90
40285.jpg,1929,1956,27
40290.jpg,1929,1825,-104
40295.jpg,1929,1795,-134
40300.jpg,1929,1956,27
40305.jpg,1929,1929,0
40310.jpg,1929,1936,7
40315.jpg,1929,1906,-23
40320.jpg,1929,1903,-26
40325.jpg,1929,1995,66
40330.jpg,1929,1909,-20
40335.jpg,1929,1700,-229
40340.jpg,1929,1778,-151
40345.jpg,1929,1821,-108
40350.jpg,1929,1013,-916
40355.jpg,1929,1516,-413
40360.jpg,1929,1926,-3
40365.jpg,1929,1803,-126
40370.jpg,1929,1904,-25
40375.jpg,1929,1418,-511
40380.jpg,1929,1864,-65
40385.jpg,1929,1778,-151
40390.jpg,1929,1916,-13
40395.jpg,1929,1810,-119
40400.jpg,1929,1915,-14
40405.jpg,1929,1913,-16
40410.jpg,1929,1936,7
40415.jpg,1929,1995,66
40420.jpg,1929,1936,7
40425.jpg,1929,1900,-29
40430.jpg,1929,1889,-40
40435.jpg,1929,1936,7
40440.jpg,1929,2019,90
40445.jpg,1929,2007,78
40450.jpg,1929,1909,-20
40455.jpg,1929,2019,90
40460.jpg,1929,1000,-929
40465.jpg,1929,1916,-13
40470.jpg,1929,1935,6
40475.jpg,1929,1909,-20
40480.jpg,1929,1936,7
40485.jpg,1929,2019,90
40490.jpg,1929,1876,-53
40495.jpg,1929,1887,-42
40500.jpg,1929,1936,7
40505.jpg,1929,2019,90
40510.jpg,1929,1920,-9
40515.jpg,1929,2019,90
40520.jpg,1929,2019,90
40525.jpg,1929,1928,-1
40530.jpg,1929,2019,90
40535.jpg,1929,1909,-20
40540.jpg,1930,1814,-116
40545.jpg,1930,2019,89
40550.jpg,1930,2019,89
40555.jpg,1930,1936,6
40560.jpg,1930,2005,75
40565.jpg,1930,2007,77
40570.jpg,1930,1863,-67
40575.jpg,1930,2008,78
40580.jpg,1930,2013,83
40585.jpg,1930,2019,89
40590.jpg,1930,2005,75
40595.jpg,1930,1936,6
40600.jpg,1930,1936,6
40605.jpg,1930,1929,-1
40610.jpg,1930,2019,89
40615.jpg,1930,1936,6
40620.jpg,1930,1928,-2
40625.jpg,1930,1936,6
40630.jpg,1930,1936,6
40635.jpg,1930,1936,6
40640.jpg,1930,1936,6
40645.jpg,1930,2008,78
40650.jpg,1930,1963,33
40655.jpg,1930,1936,6
40660.jpg,1930,1785,-145
40665.jpg,1930,2006,76
40670.jpg,1930,2008,78
40675.jpg,1930,1790,-140
40680.jpg,1930,1775,-155
40685.jpg,1930,1929,-1
40690.jpg,1930,1903,-27
40695.jpg,1930,1906,-24
40700.jpg,1930,1778,-152
40705.jpg,1930,1936,6
40710.jpg,1930,1692,-238
40715.jpg,1930,1777,-153
40720.jpg,1930,2019,89
40725.jpg,1930,1416,-514
40730.jpg,1930,1750,-180
40735.jpg,1930,1766,-164
40740.jpg,1930,1806,-124
40745.jpg,1930,1936,6
40750.jpg,1930,1777,-153
40755.jpg,1930,1936,6
40760.jpg,1930,1931,1
40765.jpg,1930,1943,13
40770.jpg,1930,2019,89
40775.jpg,1930,1818,-112
40780.jpg,1930,1995,65
40785.jpg,1930,2019,89
40790.jpg,1930,1955,25
40795.jpg,1930,1936,6
40800.jpg,1930,1660,-270
40805.jpg,1930,1012,-918
40810.jpg,1930,1900,-30
40815.jpg,1930,2019,89
40820.jpg,1930,1930,0
40825.jpg,1930,1915,-15
40830.jpg,1930,2019,89
40835.jpg,1930,1936,6
40840.jpg,1930,1867,-63
40845.jpg,1930,1955,25
40850.jpg,1930,2019,89
40855.jpg,1930,2011,81
40860.jpg,1930,1936,6
40865.jpg,1930,1940,10
40870.jpg,1930,1920,-10
40875.jpg,1930,1935,5
40880.jpg,1930,1494,-436
40885.jpg,1930,1936,6
40890.jpg,1930,1906,-24
40895.jpg,1930,2019,89
40900.jpg,1930,1999,69
40905.jpg,1930,1936,6
40910.jpg,1930,1012,-918
40915.jpg,1930,2019,89
40920.jpg,1930,2019,89
40925.jpg,1930,1936,6
40930.jpg,1930,1818,-112
40935.jpg,1930,1936,6
40940.jpg,1930,2019,89
40945.jpg,1930,2019,89
40950.jpg,1930,1010,-920
40955.jpg,1930,2005,75
40960.jpg,1930,1936,6
40965.jpg,1931,2019,88
40970.jpg,1931,1949,18
40975.jpg,1931,2019,88
40980.jpg,1931,2005,74
40985.jpg,1931,1921,-10
40990.jpg,1931,1936,5
40995.jpg,1931,1955,24
41000.jpg,1931,1313,-618
41005.jpg,1931,2019,88
41010.jpg,1931,2019,88
41015.jpg,1931,1966,35
41020.jpg,1931,1936,5
41025.jpg,1931,1010,-921
41030.jpg,1931,1992,61
41035.jpg,1931,1936,5
41040.jpg,1931,1936,5
41045.jpg,1931,2019,88
41050.jpg,1931,2019,88
41055.jpg,1931,2019,88
41060.jpg,1931,2019,88
41065.jpg,1931,1916,-15
41070.jpg,1931,1936,5
41075.jpg,1931,1936,5
41080.jpg,1931,1936,5
41085.jpg,1931,1936,5
41090.jpg,1931,1000,-931
41095.jpg,1931,1936,5
41100.jpg,1931,1935,4
41105.jpg,1931,1935,4
41110.jpg,1931,2019,88
41115.jpg,1931,1903,-28
41120.jpg,1931,1916,-15
41125.jpg,1931,1936,5
41130.jpg,1931,2005,74
41135.jpg,1931,1936,5
41140.jpg,1931,2005,74
41145.jpg,1931,2007,76
41150.jpg,1931,2019,88
41155.jpg,1931,1512,-419
41160.jpg,1931,1936,5
41165.jpg,1931,1669,-262
41170.jpg,1931,1058,-873
41175.jpg,1931,2019,88
41180.jpg,1931,2019,88
41185.jpg,1931,1416,-515
41190.jpg,1931,1806,-125
41195.jpg,1931,1416,-515
41200.jpg,1931,1810,-121
41205.jpg,1931,1926,-5
41210.jpg,1931,1900,-31
41215.jpg,1931,1750,-181
41220.jpg,1931,1906,-25
41225.jpg,1931,1609,-322
41230.jpg,1931,1910,-21
41235.jpg,1931,2019,88
41240.jpg,1931,1899,-32
41245.jpg,1931,2019,88
41250.jpg,1931,1812,-119
41255.jpg,1931,1936,5
41260.jpg,1931,2007,76
41265.jpg,1931,2019,88
41270.jpg,1931,1777,-154
41275.jpg,1931,1936,5
41280.jpg,1931,1936,5
41285.jpg,1931,1777,-154
41290.jpg,1931,1937,6
41295.jpg,1931,1010,-921
41300.jpg,1931,1906,-25
41305.jpg,1931,2019,88
41310.jpg,1932,1936,4
41315.jpg,1932,1933,1
41320.jpg,1932,2019,87
41325.jpg,1932,1776,-156
41330.jpg,1932,1956,24
41335.jpg,1932,2023,91
41340.jpg,1932,2005,73
41345.jpg,1932,2019,87
41350.jpg,1932,1906,-26
41355.jpg,1932,2019,87
41360.jpg,1932,1990,58
41365.jpg,1932,1915,-17
41370.jpg,1932,2019,87
41375.jpg,1932,1959,27
41380.jpg,1932,1927,-5
41385.jpg,1932,2019,87
41390.jpg,1932,1906,-26
41395.jpg,1932,1936,4
41400.jpg,1932,2019,87
41405.jpg,1932,1997,65
41410.jpg,1932,2009,77
41415.jpg,1932,2019,87
41420.jpg,1932,1750,-182
41425.jpg,1932,1932,0
41430.jpg,1932,1777,-155
41435.jpg,1932,1776,-156
41440.jpg,1932,1766,-166
41445.jpg,1932,2019,87
41450.jpg,1932,1778,-154
41455.jpg,1932,1777,-155
41460.jpg,1932,1777,-155
41465.jpg,1932,1260,-672
41470.jpg,1932,1995,63
41475.jpg,1932,2019,87
41480.jpg,1932,1936,4
41485.jpg,1932,1936,4
41490.jpg,1932,2019,87
41495.jpg,1932,2005,73
41500.jpg,1932,1999,67
41505.jpg,1932,1817,-115
41510.jpg,1932,1936,4
41515.jpg,1932,1999,67
41520.jpg,1932,1927,-5
41525.jpg,1932,1936,4
41530.jpg,1932,1779,-153
41535.jpg,1932,2019,87
41540.jpg,1932,1494,-438
41545.jpg,1932,1931,-1
41550.jpg,1932,1012,-920
41555.jpg,1932,1944,12
41560.jpg,1932,2007,75
41565.jpg,1932,1936,4
41570.jpg,1933,2007,74
41575.jpg,1933,1775,-158
41580.jpg,1933,1815,-118
41585.jpg,1933,2007,74
41590.jpg,1933,2005,72
41595.jpg,1933,1936,3
41600.jpg,1933,1777,-156
41605.jpg,1933,2011,78
41610.jpg,1933,1997,64
41615.jpg,1933,1012,-921
41620.jpg,1933,2019,86
41625.jpg,1933,1777,-156
41630.jpg,1933,1936,3
41635.jpg,1933,1936,3
41640.jpg,1933,2019,86
41645.jpg,1933,1800,-133
41650.jpg,1933,1916,-17
41655.jpg,1933,1899,-34
41660.jpg,1933,2019,86
41665.jpg,1933,1932,-1
41670.jpg,1933,1942,9
41675.jpg,1933,1913,-20
41680.jpg,1933,2010,77
41685.jpg,1933,1776,-157
41690.jpg,1933,1941,8
41695.jpg,1933,2019,86
41700.jpg,1933,1915,-18
41705.jpg,1933,1928,-5
41710.jpg,1933,2019,86
41715.jpg,1933,1936,3
41720.jpg,1933,1815,-118
41725.jpg,1933,1931,-2
41730.jpg,1933,1999,66
41735.jpg,1933,1812,-121
41740.jpg,1933,1956,23
41745.jpg,1933,1766,-167
41750.jpg,1933,1936,3
41755.jpg,1933,1961,28
41760.jpg,1933,2019,86
41765.jpg,1933,1936,3
41770.jpg,1933,1777,-156
41775.jpg,1933,1876,-57
41780.jpg,1933,1814,-119
41785.jpg,1933,1778,-155
41790.jpg,1933,2013,80
41795.jpg,1933,2019,86
41800.jpg,1933,1664,-269
41805.jpg,1933,2012,79
41810.jpg,1933,1936,3
41815.jpg,1933,1909,-24
41820.jpg,1933,1931,-2
41825.jpg,1933,2007,74
41830.jpg,1933,1936,3
41835.jpg,1934,2000,66
41840.jpg,1934,1929,-5
41845.jpg,1934,2019,85
41850.jpg,1934,1946,12
41855.jpg,1934,2014,80
41860.jpg,1934,2018,84
41865.jpg,1934,2005,71
41870.jpg,1934,2006,72
41875.jpg,1934,1916,-18
41880.jpg,1934,1907,-27
41885.jpg,1934,2018,84
41890.jpg,1934,1936,2
41895.jpg,1934,2019,85
41900.jpg,1934,1935,1
41905.jpg,1934,2019,85
41910.jpg,1934,1936,2
41915.jpg,1934,1952,18
41920.jpg,1934,2018,84
41925.jpg,1934,1775,-159
41930.jpg,1934,1956,22
41935.jpg,1934,1777,-157
41940.jpg,1934,1928,-6
41945.jpg,1934,1413,-521
41950.jpg,1934,1807,-127
41955.jpg,1934,1618,-316
41960.jpg,1934,1936,2
41965.jpg,1934,2019,85
41970.jpg,1934,1669,-265
41975.jpg,1934,1010,-924
41980.jpg,1934,1990,56
41985.jpg,1934,1906,-28
41990.jpg,1934,1992,58
41995.jpg,1934,1936,2
42000.jpg,1934,1776,-158
42005.jpg,1934,1777,-157
42010.jpg,1935,2008,73
42015.jpg,1935,2007,72
42020.jpg,1935,1936,1
42025.jpg,1935,1010,-925
42030.jpg,1935,1719,-216
42035.jpg,1935,2018,83
42040.jpg,1935,2008,73
42045.jpg,1935,2018,83
42050.jpg,1935,1936,1
42055.jpg,1935,2023,88
42060.jpg,1935,1906,-29
42065.jpg,1935,1916,-19
42070.jpg,1935,1936,1
42075.jpg,1935,1936,1
42080.jpg,1935,1936,1
42085.jpg,1935,1995,60
42090.jpg,1935,1942,7
42095.jpg,1935,2019,84
42100.jpg,1935,2005,70
42105.jpg,1935,1957,22
42110.jpg,1935,1936,1
42115.jpg,1935,1366,-569
42120.jpg,1935,2005,70
42125.jpg,1935,1775,-160
42130.jpg,1935,2009,74
42135.jpg,1935,2019,84
42140.jpg,1935,1806,-129
42145.jpg,1935,1766,-169
42150.jpg,1935,1814,-121
42155.jpg,1935,1779,-156
42160.jpg,1935,1916,-19
42165.jpg,1935,1777,-158
42170.jpg,1935,1929,-6
42175.jpg,1935,2007,72
42180.jpg,1935,1936,1
42185.jpg,1935,1961,26
42190.jpg,1935,2019,84
42195.jpg,1935,2007,72
42200.jpg,1935,1777,-158
42205.jpg,1935,1930,-5
42210.jpg,1935,2015,80
42215.jpg,1935,1907,-28
42220.jpg,1935,1953,18
42225.jpg,1935,1966,31
42230.jpg,1935,1944,9
42235.jpg,1935,1912,-23
42240.jpg,1935,1936,1
42245.jpg,1935,2001,66
42250.jpg,1935,1936,1
42255.jpg,1935,1936,1
42260.jpg,1935,2019,84
42265.jpg,1935,1776,-159
42270.jpg,1935,1937,2
42275.jpg,1935,1999,64
42280.jpg,1935,2019,84
42285.jpg,1935,1936,1
42290.jpg,1935,1936,1
42295.jpg,1936,2011,75
42300.jpg,1936,1778,-158
42305.jpg,1936,2019,83
42310.jpg,1936,1979,43
42315.jpg,1936,1932,-4
42320.jpg,1936,2011,75
42325.jpg,1936,2013,77
42330.jpg,1936,2019,83
42335.jpg,1936,2010,74
42340.jpg,1936,2019,83
42345.jpg,1936,1936,0
42350.jpg,1936,1983,47
42355.jpg,1936,1936,0
42360.jpg,1936,2013,77
42365.jpg,1936,1808,-128
42370.jpg,1936,2019,83
42375.jpg,1936,1806,-130
42380.jpg,1936,2003,67
42385.jpg,1936,1930,-6
42390.jpg,1936,2019,83
42395.jpg,1936,1949,13
42400.jpg,1936,1996,60
42405.jpg,1936,1779,-157
42410.jpg,1936,2022,86
42415.jpg,1936,2005,69
42420.jpg,1936,2019,83
42425.jpg,1936,2018,82
42430.jpg,1936,1936,0
42435.jpg,1936,1998,62
42440.jpg,1936,1956,20
42445.jpg,1936,1779,-157
42450.jpg,1936,1915,-21
42455.jpg,1936,1977,41
42460.jpg,1936,1936,0
42465.jpg,1936,1936,0
42470.jpg,1936,1966,30
42475.jpg,1936,1933,-3
42480.jpg,1936,1606,-330
42485.jpg,1936,1813,-123
42490.jpg,1936,1936,0
42495.jpg,1936,2019,83
42500.jpg,1936,1953,17
42505.jpg,1936,1807,-129
42510.jpg,1936,1846,-90
42515.jpg,1936,1936,0
42520.jpg,1936,2007,71
42525.jpg,1936,1929,-7
42530.jpg,1936,2019,83
42535.jpg,1936,2011,75
42540.jpg,1936,1812,-124
42545.jpg,1936,1927,-9
42550.jpg,1936,1916,-20
42555.jpg,1936,1416,-520
42560.jpg,1936,1936,0
42565.jpg,1936,1990,54
42570.jpg,1936,2019,83
42575.jpg,1936,1929,-7
42580.jpg,1936,1010,-926
42585.jpg,1936,1992,56
42590.jpg,1936,2019,83
42595.jpg,1936,1977,41
42600.jpg,1936,2019,83
42605.jpg,1936,1936,0
42610.jpg,1937,1969,32
42615.jpg,1937,1940,3
42620.jpg,1937,2005,68
42625.jpg,1937,1936,-1
42630.jpg,1937,1005,-932
42635.jpg,1937,1936,-1
42640.jpg,1937,2013,76
42645.jpg,1937,1959,22
42650.jpg,1937,1936,-1
42655.jpg,1937,2018,81
42660.jpg,1937,1936,-1
42665.jpg,1937,1876,-61
42670.jpg,1937,1900,-37
42675.jpg,1937,1915,-22
42680.jpg,1937,1936,-1
42685.jpg,1937,2005,68
42690.jpg,1937,1806,-131
42695.jpg,1937,2018,81
42700.jpg,1937,1936,-1
42705.jpg,1937,2019,82
42710.jpg,1937,2019,82
42715.jpg,1937,2003,66
42720.jpg,1937,2019,82
42725.jpg,1937,1775,-162
42730.jpg,1937,2013,76
42735.jpg,1937,1954,17
42740.jpg,1937,2024,87
42745.jpg,1937,2019,82
42750.jpg,1937,2019,82
42755.jpg,1937,1900,-37
42760.jpg,1937,1558,-379
42765.jpg,1937,1778,-159
42770.jpg,1937,1634,-303
42775.jpg,1937,1936,-1
42780.jpg,1937,1956,19
42785.jpg,1937,1966,29
42790.jpg,1937,1900,-37
42795.jpg,1937,1936,-1
42800.jpg,1937,1010,-927
42805.jpg,1937,1929,-8
42810.jpg,1937,1777,-160
42815.jpg,1937,1906,-31
42820.jpg,1937,1996,59
42825.jpg,1937,1809,-128
42830.jpg,1937,1944,7
42835.jpg,1937,1946,9
42840.jpg,1937,2019,82
42845.jpg,1937,1992,55
42850.jpg,1937,1847,-90
42855.jpg,1937,1930,-7
42860.jpg,1937,1907,-30
42865.jpg,1937,1967,30
42870.jpg,1937,1936,-1
42875.jpg,1937,2013,76
42880.jpg,1937,1827,-110
42885.jpg,1937,1984,47
42890.jpg,1937,1995,58
42895.jpg,1937,2019,82
42900.jpg,1937,1959,22
42905.jpg,1937,1950,13
42910.jpg,1937,1050,-887
42915.jpg,1938,1419,-519
42920.jpg,1938,2019,81
42925.jpg,1938,1916,-22
42930.jpg,1938,1929,-9
42935.jpg,1938,2019,81
42940.jpg,1938,2011,73
42945.jpg,1938,2011,73
42950.jpg,1938,2002,64
42955.jpg,1938,2013,75
42960.jpg,1938,1936,-2
42965.jpg,1938,1936,-2
42970.jpg,1938,1916,-22
42975.jpg,1938,2008,70
42980.jpg,1938,1903,-35
42985.jpg,1938,1766,-172
42990.jpg,1938,1906,-32
42995.jpg,1938,1946,8
43000.jpg,1938,1956,18
43005.jpg,1938,1946,8
43010.jpg,1938,2010,72
43015.jpg,1938,2019,81
43020.jpg,1938,1766,-172
43025.jpg,1938,1051,-887
43030.jpg,1938,2003,65
43035.jpg,1938,1882,-56
43040.jpg,1938,1936,-2
43045.jpg,1938,1937,-1
43050.jpg,1938,1936,-2
43055.jpg,1938,1936,-2
43060.jpg,1938,2011,73
43065.jpg,1938,1807,-131
43070.jpg,1938,2009,71
43075.jpg,1938,1778,-160
43080.jpg,1938,1968,30
43085.jpg,1938,1776,-162
43090.jpg,1938,1996,58
43095.jpg,1938,1883,-55
43100.jpg,1938,2019,81
43105.jpg,1938,2002,64
43110.jpg,1938,2019,81
43115.jpg,1938,2006,68
43120.jpg,1938,1900,-38
43125.jpg,1938,1900,-38
43130.jpg,1938,1816,-122
43135.jpg,1938,1779,-159
43140.jpg,1938,2011,73
43145.jpg,1938,1946,8
43150.jpg,1938,1407,-531
43155.jpg,1938,2019,81
43160.jpg,1938,1941,3
43165.jpg,1938,1518,-420
43170.jpg,1938,2019,81
43175.jpg,1938,1999,61
43180.jpg,1938,1815,-123
43185.jpg,1938,1920,-18
43190.jpg,1938,2007,69
43195.jpg,1938,1936,-2
43200.jpg,1938,2019,81
43205.jpg,1939,1885,-54
43210.jpg,1939,1936,-3
43215.jpg,1939,2013,74
43220.jpg,1939,1819,-120
43225.jpg,1939,1766,-173
43230.jpg,1939,1956,17
43235.jpg,1939,2019,80
43240.jpg,1939,1952,13
43245.jpg,1939,2007,68
43250.jpg,1939,2007,68
43255.jpg,1939,2002,63
43260.jpg,1939,1967,28
43265.jpg,1939,2018,79
43270.jpg,1939,2019,80
43275.jpg,1939,1936,-3
43280.jpg,1939,2011,72
43285.jpg,1939,2008,69
43290.jpg,1939,1936,-3
43295.jpg,1939,1936,-3
43300.jpg,1939,1993,54
43305.jpg,1939,1961,22
43310.jpg,1939,1929,-10
43315.jpg,1939,1929,-10
43320.jpg,1939,1949,10
43325.jpg,1939,2019,80
43330.jpg,1939,1998,59
43335.jpg,1939,1963,24
43340.jpg,1939,1058,-881
43345.jpg,1939,1796,-143
43350.jpg,1939,2003,64
43355.jpg,1939,2019,80
43360.jpg,1939,1717,-222
43365.jpg,1939,1494,-445
43370.jpg,1939,1916,-23
43375.jpg,1939,1886,-53
43380.jpg,1939,1966,27
43385.jpg,1939,1962,23
43390.jpg,1939,1960,21
43395.jpg,1939,1969,30
43400.jpg,1939,2009,70
43405.jpg,1939,2019,80
43410.jpg,1939,2007,68
43415.jpg,1939,1916,-23
43420.jpg,1939,1936,-3
43425.jpg,1939,1926,-13
43430.jpg,1939,1812,-127
43435.jpg,1939,1941,2
43440.jpg,1939,1812,-127
43445.jpg,1939,2005,66
43450.jpg,1939,2005,66
43455.jpg,1939,1949,10
43460.jpg,1939,1949,10
43465.jpg,1939,1850,-89
43470.jpg,1940,2018,78
43475.jpg,1940,1949,9
43480.jpg,1940,1775,-165
43485.jpg,1940,1808,-132
43490.jpg,1940,2019,79
43495.jpg,1940,1952,12
43500.jpg,1940,1952,12
43505.jpg,1940,2019,79
43510.jpg,1940,1936,-4
43515.jpg,1940,2008,68
43520.jpg,1940,2019,79
43525.jpg,1940,1776,-164
43530.jpg,1940,2019,79
43535.jpg,1940,1777,-163
43540.jpg,1940,1952,12
43545.jpg,1940,1936,-4
43550.jpg,1940,1936,-4
43555.jpg,1940,2019,79
43560.jpg,1940,1936,-4
43565.jpg,1940,2011,71
43570.jpg,1940,2019,79
43575.jpg,1940,2007,67
43580.jpg,1940,1900,-40
43585.jpg,1940,1999,59
43590.jpg,1940,1936,-4
43595.jpg,1940,2003,63
43600.jpg,1940,1775,-165
43605.jpg,1940,1995,55
43610.jpg,1940,1775,-165
43615.jpg,1940,1779,-161
43620.jpg,1940,1779,-161
43625.jpg,1940,1766,-174
43630.jpg,1940,2007,67
43635.jpg,1940,2019,79
43640.jpg,1940,1725,-215
43645.jpg,1940,1977,37
43650.jpg,1940,1806,-134
43655.jpg,1940,1960,20
43660.jpg,1940,1956,16
43665.jpg,1940,1936,-4
43670.jpg,1940,1806,-134
43675.jpg,1940,1956,16
43680.jpg,1940,1936,-4
43685.jpg,1940,1960,20
43690.jpg,1940,2019,79
43695.jpg,1940,2019,79
43700.jpg,1940,1804,-136
43705.jpg,1940,1993,53
43710.jpg,1940,2019,79
43715.jpg,1940,2019,79
43720.jpg,1941,1936,-5
43725.jpg,1941,1959,18
43730.jpg,1941,2019,78
43735.jpg,1941,2019,78
43740.jpg,1941,2019,78
43745.jpg,1941,1936,-5
43750.jpg,1941,1906,-35
43755.jpg,1941,1936,-5
43760.jpg,1941,1777,-164
43765.jpg,1941,1778,-163
43770.jpg,1941,2019,78
43775.jpg,1941,1996,55
43780.jpg,1941,1944,3
43785.jpg,1941,2019,78
43790.jpg,1941,1956,15
43795.jpg,1941,1001,-940
43800.jpg,1941,1501,-440
43805.jpg,1941,1779,-162
43810.jpg,1941,1956,15
43815.jpg,1941,1960,19
43820.jpg,1941,1936,-5
43825.jpg,1941,1775,-166
43830.jpg,1941,2019,78
43835.jpg,1941,2019,78
43840.jpg,1941,2019,78
43845.jpg,1941,1012,-929
43850.jpg,1941,1962,21
43855.jpg,1941,1778,-163
43860.jpg,1941,1950,9
43865.jpg,1942,2010,68
43870.jpg,1942,2007,65
43875.jpg,1942,1959,17
43880.jpg,1942,2007,65
43885.jpg,1942,1990,48
43890.jpg,1942,2008,66
43895.jpg,1942,1994,52
43900.jpg,1942,2019,77
43905.jpg,1942,1909,-33
43910.jpg,1942,2005,63
43915.jpg,1942,1778,-164
43920.jpg,1942,1986,44
43925.jpg,1942,2007,65
43930.jpg,1942,1944,2
43935.jpg,1942,1906,-36
43940.jpg,1942,1804,-138
43945.jpg,1942,1993,51
43950.jpg,1942,2014,72
43955.jpg,1942,1850,-92
43960.jpg,1943,2019,76
43965.jpg,1943,1996,53
43970.jpg,1943,2009,66
43975.jpg,1943,1936,-7
43980.jpg,1943,2019,76
43985.jpg,1943,1812,-131
43990.jpg,1943,2019,76
43995.jpg,1943,1900,-43
44000.jpg,1943,1778,-165
44005.jpg,1943,1992,49
44010.jpg,1943,2002,59
44015.jpg,1943,1936,-7
44020.jpg,1943,1932,-11
44025.jpg,1943,2019,76
44030.jpg,1944,1085,-859
44035.jpg,1944,2006,62
44040.jpg,1944,2008,64
44045.jpg,1944,1899,-45
44050.jpg,1944,1765,-179
44055.jpg,1944,2019,75
44060.jpg,1945,1619,-326
44065.jpg,1945,2005,60
44070.jpg,1945,2019,74
44075.jpg,1945,2005,60
44080.jpg,1945,1936,-9
44085.jpg,1945,1814,-131
44090.jpg,1945,1904,-41
44095.jpg,1945,2019,74
44100.jpg,1945,2019,74
44105.jpg,1945,2019,74
44110.jpg,1945,1947,2
44115.jpg,1946,2002,56
44120.jpg,1946,2006,60
44125.jpg,1946,2018,72
44130.jpg,1946,1909,-37
44135.jpg,1946,2019,73
44140.jpg,1946,2019,73
44145.jpg,1946,1950,4
44150.jpg,1946,1775,-171
44155.jpg,1946,1901,-45
44160.jpg,1946,2019,73
44165.jpg,1946,2019,73
44170.jpg,1946,1992,46
44175.jpg,1947,2007,60
44180.jpg,1947,1949,2
44185.jpg,1947,1818,-129
44190.jpg,1947,2018,71
44195.jpg,1947,2007,60
44200.jpg,1947,2004,57
44205.jpg,1947,1991,44
44210.jpg,1947,2005,58
44215.jpg,1947,2019,72
44220.jpg,1947,1936,-11
44225.jpg,1947,2019,72
44230.jpg,1947,2012,65
44235.jpg,1947,1930,-17
44240.jpg,1947,1956,9
44245.jpg,1947,1936,-11
44250.jpg,1947,1936,-11
44255.jpg,1947,2007,60
44260.jpg,1947,1777,-170
44265.jpg,1947,1675,-272
44270.jpg,1947,1993,46
44275.jpg,1947,2003,56
44280.jpg,1947,2010,63
44285.jpg,1948,1949,1
44290.jpg,1948,2019,71
44295.jpg,1948,2005,57
44300.jpg,1948,2019,71
44305.jpg,1948,2005,57
44310.jpg,1948,2019,71
44315.jpg,1948,2019,71
44320.jpg,1948,2010,62
44325.jpg,1948,2019,71
44330.jpg,1948,1958,10
44335.jpg,1948,1779,-169
44340.jpg,1948,2012,64
44345.jpg,1948,2021,73
44350.jpg,1948,1936,-12
44355.jpg,1948,1965,17
44360.jpg,1948,1966,18
44365.jpg,1948,1936,-12
44370.jpg,1948,2019,71
44375.jpg,1948,1813,-135
44380.jpg,1948,1999,51
44385.jpg,1948,2019,71
44390.jpg,1948,1963,15
44395.jpg,1948,1950,2
44400.jpg,1949,2019,70
44405.jpg,1949,2007,58
44410.jpg,1949,1820,-129
44415.jpg,1949,2008,59
44420.jpg,1949,2011,62
44425.jpg,1949,2005,56
44430.jpg,1949,2010,61
44435.jpg,1949,1960,11
44440.jpg,1949,1992,43
44445.jpg,1949,1982,33
44450.jpg,1949,1993,44
44455.jpg,1949,2019,70
44460.jpg,1949,1936,-13
44465.jpg,1949,2019,70
44470.jpg,1949,1994,45
44475.jpg,1949,1969,20
44480.jpg,1949,1966,17
44485.jpg,1949,1956,7
44490.jpg,1949,1906,-43
44495.jpg,1949,1953,4
44500.jpg,1949,2019,70
44505.jpg,1949,1960,11
44510.jpg,1949,1914,-35
44515.jpg,1949,1907,-42
44520.jpg,1949,2019,70
44525.jpg,1949,1992,43
44530.jpg,1949,2019,70
44535.jpg,1949,2011,62
44540.jpg,1950,2005,55
44545.jpg,1950,2011,61
44550.jpg,1950,1936,-14
44555.jpg,1950,2019,69
44560.jpg,1950,2002,52
44565.jpg,1950,2007,57
44570.jpg,1950,2007,57
44575.jpg,1950,1936,-14
44580.jpg,1950,1013,-937
44585.jpg,1950,2002,52
44590.jpg,1950,2009,59
44595.jpg,1950,2019,69
44600.jpg,1950,1969,19
44605.jpg,1950,1995,45
44610.jpg,1950,1936,-14
44615.jpg,1950,2011,61
44620.jpg,1950,2019,69
44625.jpg,1950,2010,60
44630.jpg,1950,2002,52
44635.jpg,1950,2005,55
44640.jpg,1950,1960,10
44645.jpg,1950,1906,-44
44650.jpg,1950,1777,-173
44655.jpg,1950,1965,15
44660.jpg,1950,1966,16
44665.jpg,1950,1942,-8
44670.jpg,1950,1997,47
44675.jpg,1950,1999,49
44680.jpg,1950,2005,55
44685.jpg,1950,1959,9
44690.jpg,1950,1966,16
44695.jpg,1950,1930,-20
44700.jpg,1950,2019,69
44705.jpg,1951,1990,39
44710.jpg,1951,1925,-26
44715.jpg,1951,2005,54
44720.jpg,1951,2005,54
44725.jpg,1951,2013,62
44730.jpg,1951,2000,49
44735.jpg,1951,2002,51
44740.jpg,1951,1906,-45
44745.jpg,1951,2007,56
44750.jpg,1951,1956,5
44755.jpg,1951,1998,47
44760.jpg,1951,2019,68
44765.jpg,1951,2019,68
44770.jpg,1951,1458,-493
44775.jpg,1951,2005,54
44780.jpg,1951,1720,-231
44785.jpg,1951,1968,17
44790.jpg,1951,1969,18
44795.jpg,1951,1961,10
44800.jpg,1951,1779,-172
44805.jpg,1951,2024,73
44810.jpg,1951,1778,-173
44815.jpg,1951,2019,68
44820.jpg,1951,2004,53
44825.jpg,1951,2009,58
44830.jpg,1951,1999,48
44835.jpg,1951,1977,26
44840.jpg,1951,2019,68
44845.jpg,1952,1986,34
44850.jpg,1952,1936,-16
44855.jpg,1952,2008,56
44860.jpg,1952,2019,67
44865.jpg,1952,2008,56
44870.jpg,1952,2019,67
44875.jpg,1952,2014,62
44880.jpg,1952,1999,47
44885.jpg,1952,2003,51
44890.jpg,1952,1012,-940
44895.jpg,1952,2019,67
44900.jpg,1952,2006,54
44905.jpg,1952,2001,49
44910.jpg,1952,2002,50
44915.jpg,1952,1965,13
44920.jpg,1952,1960,8
44925.jpg,1952,1976,24
44930.jpg,1952,2019,67
44935.jpg,1952,2019,67
44940.jpg,1952,2019,67
44945.jpg,1952,2005,53
44950.jpg,1952,1966,14
44955.jpg,1952,2010,58
44960.jpg,1953,1935,-18
44965.jpg,1953,2019,66
44970.jpg,1953,2019,66
44975.jpg,1953,1961,8
44980.jpg,1953,1936,-17
44985.jpg,1953,2002,49
44990.jpg,1953,2019,66
44995.jpg,1953,2005,52
45000.jpg,1953,2022,69
45005.jpg,1953,1936,-17
45010.jpg,1953,1927,-26
45015.jpg,1953,1976,23
45020.jpg,1953,1960,7
45025.jpg,1953,1944,-9
45030.jpg,1953,2019,66
45035.jpg,1953,1966,13
45040.jpg,1953,2005,52
45045.jpg,1953,2003,50
45050.jpg,1953,2019,66
45055.jpg,1953,1959,6
45060.jpg,1953,1936,-17
45065.jpg,1953,2013,60
45070.jpg,1953,1956,3
45075.jpg,1953,2003,50
45080.jpg,1953,1999,46
45085.jpg,1953,1511,-442
45090.jpg,1953,1814,-139
45095.jpg,1954,1969,15
45100.jpg,1954,2010,56
45105.jpg,1954,2003,49
45110.jpg,1954,2019,65
45115.jpg,1954,2005,51
45120.jpg,1954,2008,54
45125.jpg,1954,1999,45
45130.jpg,1954,2019,65
45135.jpg,1954,2008,54
45140.jpg,1954,1960,6
45145.jpg,1954,1903,-51
45150.jpg,1954,1936,-18
45155.jpg,1954,1966,12
45160.jpg,1954,2005,51
45165.jpg,1954,2020,66
45170.jpg,1954,2019,65
45175.jpg,1954,1952,-2
45180.jpg,1954,1818,-136
45185.jpg,1954,1718,-236
45190.jpg,1954,1960,6
45195.jpg,1954,1905,-49
45200.jpg,1954,1969,15
45205.jpg,1954,1929,-25
45210.jpg,1954,1916,-38
45215.jpg,1954,2007,53
45220.jpg,1954,1815,-139
45225.jpg,1954,1010,-944
45230.jpg,1954,1966,12
45235.jpg,1955,1690,-265
45240.jpg,1955,2019,64
45245.jpg,1955,2008,53
45250.jpg,1955,2002,47
45255.jpg,1955,2002,47
45260.jpg,1955,1817,-138
45265.jpg,1955,2007,52
45270.jpg,1955,2013,58
45275.jpg,1955,2011,56
45280.jpg,1955,2002,47
45285.jpg,1955,1996,41
45290.jpg,1955,1997,42
45295.jpg,1955,2002,47
45300.jpg,1955,2001,46
45305.jpg,1955,2000,45
45310.jpg,1955,2019,64
45315.jpg,1955,2007,52
45320.jpg,1955,1691,-264
45325.jpg,1955,1936,-19
45330.jpg,1955,1966,11
45335.jpg,1955,1960,5
45340.jpg,1955,1919,-36
45345.jpg,1955,2003,48
45350.jpg,1955,1936,-19
45355.jpg,1955,2019,64
45360.jpg,1955,2019,64
45365.jpg,1955,2002,47
45370.jpg,1955,1977,22
45375.jpg,1955,1993,38
45380.jpg,1956,1966,10
45385.jpg,1956,2007,51
45390.jpg,1956,1955,-1
45395.jpg,1956,2019,63
45400.jpg,1956,2009,53
45405.jpg,1956,1963,7
45410.jpg,1956,2002,46
45415.jpg,1956,2005,49
45420.jpg,1956,2013,57
45425.jpg,1956,1880,-76
45430.jpg,1956,2021,65
45435.jpg,1956,2019,63
45440.jpg,1956,1999,43
45445.jpg,1956,2008,52
45450.jpg,1956,2019,63
45455.jpg,1956,2019,63
45460.jpg,1956,2021,65
45465.jpg,1956,1077,-879
45470.jpg,1956,1960,4
45475.jpg,1956,1960,4
45480.jpg,1956,1961,5
45485.jpg,1956,1965,9
45490.jpg,1956,1942,-14
45495.jpg,1956,1815,-141
45500.jpg,1956,2002,46
45505.jpg,1956,2005,49
45510.jpg,1956,2019,63
45515.jpg,1956,2019,63
45520.jpg,1956,2007,51
45525.jpg,1956,1999,43
45530.jpg,1957,1992,35
45535.jpg,1957,1010,-947
45540.jpg,1957,2010,53
45545.jpg,1957,2000,43
45550.jpg,1957,1999,42
45555.jpg,1957,2019,62
45560.jpg,1957,2019,62
45565.jpg,1957,2019,62
45570.jpg,1957,2006,49
45575.jpg,1957,1992,35
45580.jpg,1957,2019,62
45585.jpg,1957,2019,62
45590.jpg,1957,1998,41
45595.jpg,1957,2005,48
45600.jpg,1957,1956,-1
45605.jpg,1957,2009,52
45610.jpg,1957,1983,26
45615.jpg,1957,2019,62
45620.jpg,1957,2023,66
45625.jpg,1957,2021,64
45630.jpg,1957,2006,49
45635.jpg,1957,2021,64
45640.jpg,1957,1961,4
45645.jpg,1957,1766,-191
45650.jpg,1957,1966,9
45655.jpg,1957,1968,11
45660.jpg,1957,1969,12
45665.jpg,1957,1820,-137
45670.jpg,1957,1000,-957
45675.jpg,1957,2019,62
45680.jpg,1957,2019,62
45685.jpg,1957,1969,12
45690.jpg,1957,1009,-948
45695.jpg,1957,2019,62
45700.jpg,1958,2005,47
45705.jpg,1958,2019,61
45710.jpg,1958,2005,47
45715.jpg,1958,1997,39
45720.jpg,1958,2019,61
45725.jpg,1958,1961,3
45730.jpg,1958,1979,21
45735.jpg,1958,2008,50
45740.jpg,1958,2019,61
45745.jpg,1958,1944,-14
45750.jpg,1958,2005,47
45755.jpg,1958,1927,-31
45760.jpg,1958,2019,61
45765.jpg,1958,1966,8
45770.jpg,1958,1954,-4
45775.jpg,1958,2019,61
45780.jpg,1958,2005,47
45785.jpg,1958,2002,44
45790.jpg,1958,1960,2
45795.jpg,1958,2009,51
45800.jpg,1958,1966,8
45805.jpg,1958,1977,19
45810.jpg,1958,1664,-294
45815.jpg,1958,2002,44
45820.jpg,1958,2008,50
45825.jpg,1958,1982,24
45830.jpg,1958,2009,51
45835.jpg,1958,2019,61
45840.jpg,1958,2008,50
45845.jpg,1958,1969,11
45850.jpg,1958,1936,-22
45855.jpg,1959,2002,43
45860.jpg,1959,1766,-193
45865.jpg,1959,2002,43
45870.jpg,1959,2002,43
45875.jpg,1959,2005,46
45880.jpg,1959,1903,-56
45885.jpg,1959,1996,37
45890.jpg,1959,2019,60
45895.jpg,1959,1010,-949
45900.jpg,1959,2019,60
45905.jpg,1959,2019,60
45910.jpg,1959,2019,60
45915.jpg,1959,2019,60
45920.jpg,1959,1956,-3
45925.jpg,1959,1960,1
45930.jpg,1959,1965,6
45935.jpg,1959,1979,20
45940.jpg,1959,1944,-15
45945.jpg,1959,2007,48
45950.jpg,1959,2019,60
45955.jpg,1959,1960,1
45960.jpg,1959,2009,50
45965.jpg,1959,1925,-34
45970.jpg,1959,1777,-182
45975.jpg,1959,1950,-9
45980.jpg,1959,2023,64
45985.jpg,1959,2010,51
45990.jpg,1960,2019,59
45995.jpg,1960,2010,50
46000.jpg,1960,2021,61
46005.jpg,1960,2019,59
46010.jpg,1960,2019,59
46015.jpg,1960,1960,0
46020.jpg,1960,1961,1
46025.jpg,1960,2008,48
46030.jpg,1960,2019,59
46035.jpg,1960,1960,0
46040.jpg,1960,2010,50
46045.jpg,1960,2008,48
46050.jpg,1960,1936,-24
46055.jpg,1960,2019,59
46060.jpg,1960,1972,12
46065.jpg,1960,1977,17
46070.jpg,1960,2005,45
46075.jpg,1960,2006,46
46080.jpg,1960,2023,63
46085.jpg,1960,1000,-960
46090.jpg,1960,1960,0
46095.jpg,1960,1975,15
46100.jpg,1960,1961,1
46105.jpg,1960,1979,19
46110.jpg,1960,2010,50
46115.jpg,1960,2010,50
46120.jpg,1960,2019,59
46125.jpg,1960,2009,49
46130.jpg,1960,1777,-183
46135.jpg,1960,1977,17
46140.jpg,1960,1936,-24
46145.jpg,1960,2019,59
46150.jpg,1960,1996,36
46155.jpg,1961,1936,-25
46160.jpg,1961,1992,31
46165.jpg,1961,2003,42
46170.jpg,1961,2019,58
46175.jpg,1961,2005,44
46180.jpg,1961,1999,38
46185.jpg,1961,2005,44
46190.jpg,1961,1880,-81
46195.jpg,1961,2009,48
46200.jpg,1961,2004,43
46205.jpg,1961,2019,58
46210.jpg,1961,2007,46
46215.jpg,1961,2008,47
46220.jpg,1961,1992,31
46225.jpg,1961,1964,3
46230.jpg,1961,2019,58
46235.jpg,1961,1961,0
46240.jpg,1961,2021,60
46245.jpg,1961,2006,45
46250.jpg,1961,1959,-2
46255.jpg,1961,1999,38
46260.jpg,1961,1966,5
46265.jpg,1961,1966,5
46270.jpg,1961,2019,58
46275.jpg,1961,2019,58
46280.jpg,1961,2019,58
46285.jpg,1961,2000,39
46290.jpg,1961,2000,39
46295.jpg,1961,2013,52
46300.jpg,1961,1963,2
46305.jpg,1961,2021,60
46310.jpg,1961,2022,61
46315.jpg,1961,2019,58
46320.jpg,1962,1960,-2
46325.jpg,1962,2005,43
46330.jpg,1962,1766,-196
46335.jpg,1962,2019,57
46340.jpg,1962,1010,-952
46345.jpg,1962,2010,48
46350.jpg,1962,1999,37
46355.jpg,1962,2021,59
46360.jpg,1962,2002,40
46365.jpg,1962,1960,-2
46370.jpg,1962,2013,51
46375.jpg,1962,1969,7
46380.jpg,1962,2005,43
46385.jpg,1962,1966,4
46390.jpg,1962,1963,1
46395.jpg,1962,1950,-12
46400.jpg,1962,1999,37
46405.jpg,1962,1882,-80
46410.jpg,1962,2019,57
46415.jpg,1962,1841,-121
46420.jpg,1962,1966,4
46425.jpg,1962,2005,43
46430.jpg,1962,1977,15
46435.jpg,1962,2019,57
46440.jpg,1962,2000,38
46445.jpg,1962,2019,57
46450.jpg,1962,1993,31
46455.jpg,1962,1000,-962
46460.jpg,1962,1977,15
46465.jpg,1963,1999,36
46470.jpg,1963,1966,3
46475.jpg,1963,1960,-3
46480.jpg,1963,1960,-3
46485.jpg,1963,2023,60
46490.jpg,1963,2019,56
46495.jpg,1963,2018,55
46500.jpg,1963,2007,44
46505.jpg,1963,2013,50
46510.jpg,1963,1979,16
46515.jpg,1963,2021,58
46520.jpg,1963,1967,4
46525.jpg,1963,2019,56
46530.jpg,1963,1999,36
46535.jpg,1963,1965,2
46540.jpg,1963,1815,-148
46545.jpg,1963,1956,-7
46550.jpg,1963,2006,43
46555.jpg,1963,2019,56
46560.jpg,1963,2007,44
46565.jpg,1963,2002,39
46570.jpg,1963,2006,43
46575.jpg,1963,2003,40
46580.jpg,1963,1979,16
46585.jpg,1963,2019,56
46590.jpg,1963,1412,-551
46595.jpg,1963,1992,29
46600.jpg,1963,2002,39
46605.jpg,1963,2019,56
46610.jpg,1963,1410,-553
46615.jpg,1963,1817,-146
46620.jpg,1963,1936,-27
46625.jpg,1963,2019,56
46630.jpg,1963,1955,-8
46635.jpg,1964,1966,2
46640.jpg,1964,2019,55
46645.jpg,1964,1977,13
46650.jpg,1964,2019,55
46655.jpg,1964,2005,41
46660.jpg,1964,2003,39
46665.jpg,1964,2019,55
46670.jpg,1964,2003,39
46675.jpg,1964,2019,55
46680.jpg,1964,2019,55
46685.jpg,1964,2019,55
46690.jpg,1964,2000,36
46695.jpg,1964,1977,13
46700.jpg,1964,1977,13
46705.jpg,1964,2019,55
46710.jpg,1964,1956,-8
46715.jpg,1964,1977,13
46720.jpg,1964,1966,2
46725.jpg,1964,2007,43
46730.jpg,1964,2006,42
46735.jpg,1964,2001,37
46740.jpg,1964,1777,-187
46745.jpg,1964,1999,35
46750.jpg,1964,1960,-4
46755.jpg,1964,1976,12
46760.jpg,1964,1812,-152
46765.jpg,1964,2000,36
46770.jpg,1964,2019,55
46775.jpg,1964,2019,55
46780.jpg,1964,2009,45
46785.jpg,1964,1999,35
46790.jpg,1964,2008,44
46795.jpg,1964,2019,55
46800.jpg,1964,2019,55
46805.jpg,1964,1966,2
46810.jpg,1964,2003,39
46815.jpg,1964,2019,55
46820.jpg,1965,2002,37
46825.jpg,1965,2019,54
46830.jpg,1965,1997,32
46835.jpg,1965,2019,54
46840.jpg,1965,2013,48
46845.jpg,1965,2007,42
46850.jpg,1965,2002,37
46855.jpg,1965,2005,40
46860.jpg,1965,2019,54
46865.jpg,1965,2005,40
46870.jpg,1965,2011,46
46875.jpg,1965,2019,54
46880.jpg,1965,1815,-150
46885.jpg,1965,1966,1
46890.jpg,1965,2009,44
46895.jpg,1965,1965,0
46900.jpg,1965,2011,46
46905.jpg,1965,2003,38
46910.jpg,1965,2003,38
46915.jpg,1965,1999,34
46920.jpg,1965,2005,40
46925.jpg,1965,2008,43
46930.jpg,1965,2005,40
46935.jpg,1965,2007,42
46940.jpg,1965,1932,-33
46945.jpg,1965,2000,35
46950.jpg,1965,1992,27
46955.jpg,1965,2009,44
46960.jpg,1965,2000,35
46965.jpg,1965,2000,35
46970.jpg,1965,2019,54
46975.jpg,1965,2000,35
46980.jpg,1965,2003,38
46985.jpg,1965,2019,54
46990.jpg,1965,1966,1
46995.jpg,1965,2008,43
47000.jpg,1965,1996,31
47005.jpg,1966,1969,3
47010.jpg,1966,1960,-6
47015.jpg,1966,2019,53
47020.jpg,1966,1960,-6
47025.jpg,1966,2019,53
47030.jpg,1966,2007,41
47035.jpg,1966,2019,53
47040.jpg,1966,2023,57
47045.jpg,1966,2005,39
47050.jpg,1966,2004,38
47055.jpg,1966,2007,41
47060.jpg,1966,2019,53
47065.jpg,1966,1936,-30
47070.jpg,1966,1992,26
47075.jpg,1966,2007,41
47080.jpg,1966,1966,0
47085.jpg,1966,1999,33
47090.jpg,1966,2019,53
47095.jpg,1966,2008,42
47100.jpg,1966,1883,-83
47105.jpg,1966,1966,0
47110.jpg,1966,2019,53
47115.jpg,1966,2003,37
47120.jpg,1966,1969,3
47125.jpg,1966,2005,39
47130.jpg,1966,1807,-159
47135.jpg,1966,2019,53
47140.jpg,1966,2013,47
47145.jpg,1966,1416,-550
47150.jpg,1966,1990,24
47155.jpg,1966,1826,-140
47160.jpg,1966,2009,43
47165.jpg,1966,1940,-26
47170.jpg,1966,2004,38
47175.jpg,1966,2018,52
47180.jpg,1966,2013,47
47185.jpg,1966,2019,53
47190.jpg,1966,2019,53
47195.jpg,1966,2003,37
47200.jpg,1966,1977,11
47205.jpg,1966,1977,11
47210.jpg,1966,2006,40
47215.jpg,1966,1944,-22
47220.jpg,1966,2019,53
47225.jpg,1967,2007,40
47230.jpg,1967,1999,32
47235.jpg,1967,2019,52
47240.jpg,1967,2005,38
47245.jpg,1967,2007,40
47250.jpg,1967,1009,-958
47255.jpg,1967,2010,43
47260.jpg,1967,2005,38
47265.jpg,1967,2019,52
47270.jpg,1967,2010,43
47275.jpg,1967,2019,52
47280.jpg,1967,2019,52
47285.jpg,1967,1998,31
47290.jpg,1967,2008,41
47295.jpg,1967,1944,-23
47300.jpg,1967,2019,52
47305.jpg,1967,1997,30
47310.jpg,1967,1969,2
47315.jpg,1967,1966,-1
47320.jpg,1967,2019,52
47325.jpg,1967,1966,-1
47330.jpg,1967,2000,33
47335.jpg,1967,2002,35
47340.jpg,1967,2019,52
47345.jpg,1967,1966,-1
47350.jpg,1967,2019,52
47355.jpg,1967,1977,10
47360.jpg,1967,1906,-61
47365.jpg,1967,1995,28
47370.jpg,1967,2014,47
47375.jpg,1967,1927,-40
47380.jpg,1967,1965,-2
47385.jpg,1967,2008,41
47390.jpg,1967,2019,52
47395.jpg,1967,2013,46
47400.jpg,1967,2019,52
47405.jpg,1967,2003,36
47410.jpg,1967,2019,52
47415.jpg,1967,1966,-1
47420.jpg,1967,2006,39
47425.jpg,1967,2003,36
47430.jpg,1967,1977,10
47435.jpg,1967,2008,41
47440.jpg,1967,2018,51
47445.jpg,1967,2019,52
47450.jpg,1968,1966,-2
47455.jpg,1968,2004,36
47460.jpg,1968,1999,31
47465.jpg,1968,1957,-11
47470.jpg,1968,1994,26
47475.jpg,1968,1960,-8
47480.jpg,1968,2019,51
47485.jpg,1968,1710,-258
47490.jpg,1968,2018,50
47495.jpg,1968,2018,50
47500.jpg,1968,2007,39
47505.jpg,1968,2019,51
47510.jpg,1968,1967,-1
47515.jpg,1968,2007,39
47520.jpg,1968,2019,51
47525.jpg,1968,2000,32
47530.jpg,1968,1969,1
47535.jpg,1968,1979,11
47540.jpg,1968,1960,-8
47545.jpg,1968,1996,28
47550.jpg,1968,2004,36
47555.jpg,1968,2007,39
47560.jpg,1968,2021,53
47565.jpg,1968,1992,24
47570.jpg,1968,1966,-2
47575.jpg,1968,1805,-163
47580.jpg,1968,2009,41
47585.jpg,1968,1901,-67
47590.jpg,1968,2010,42
47595.jpg,1968,2005,37
47600.jpg,1968,2019,51
47605.jpg,1968,2000,32
47610.jpg,1968,2010,42
47615.jpg,1968,1410,-558
47620.jpg,1968,2019,51
47625.jpg,1968,1966,-2
47630.jpg,1968,1999,31
47635.jpg,1968,1966,-2
47640.jpg,1968,1969,1
47645.jpg,1968,1984,16
47650.jpg,1969,1977,8
47655.jpg,1969,1969,0
47660.jpg,1969,1982,13
47665.jpg,1969,1969,0
47670.jpg,1969,2018,49
47675.jpg,1969,2003,34
47680.jpg,1969,2006,37
47685.jpg,1969,2018,49
47690.jpg,1969,2002,33
47695.jpg,1969,2008,39
47700.jpg,1969,2002,33
47705.jpg,1969,1009,-960
47710.jpg,1969,2006,37
47715.jpg,1969,1775,-194
47720.jpg,1969,1979,10
47725.jpg,1969,2019,50
47730.jpg,1969,2019,50
47735.jpg,1969,2019,50
47740.jpg,1969,2006,37
47745.jpg,1969,2002,33
47750.jpg,1969,2019,50
47755.jpg,1969,1916,-53
47760.jpg,1969,1999,30
47765.jpg,1969,2019,50
47770.jpg,1969,2011,42
47775.jpg,1969,2019,50
47780.jpg,1969,2019,50
47785.jpg,1969,1658,-311
47790.jpg,1969,1999,30
47795.jpg,1969,1992,23
47800.jpg,1969,2019,50
47805.jpg,1969,2013,44
47810.jpg,1969,1969,0
47815.jpg,1969,2019,50
47820.jpg,1969,1390,-579
47825.jpg,1969,1965,-4
47830.jpg,1969,1965,-4
47835.jpg,1970,2007,37
47840.jpg,1970,2007,37
47845.jpg,1970,2007,37
47850.jpg,1970,2019,49
47855.jpg,1970,1997,27
47860.jpg,1970,2018,48
47865.jpg,1970,2019,49
47870.jpg,1970,1979,9
47875.jpg,1970,2019,49
47880.jpg,1970,2005,35
47885.jpg,1970,2005,35
47890.jpg,1970,2019,49
47895.jpg,1970,1966,-4
47900.jpg,1970,1966,-4
47905.jpg,1970,2004,34
47910.jpg,1970,2007,37
47915.jpg,1970,2000,30
47920.jpg,1970,2003,33
47925.jpg,1970,1815,-155
47930.jpg,1970,2002,32
47935.jpg,1970,2005,35
47940.jpg,1970,1966,-4
47945.jpg,1970,1557,-413
47950.jpg,1970,1999,29
47955.jpg,1970,2003,33
47960.jpg,1970,2003,33
47965.jpg,1970,2010,40
47970.jpg,1970,2004,34
47975.jpg,1970,1992,22
47980.jpg,1970,1011,-959
47985.jpg,1970,1997,27
47990.jpg,1970,2010,40
47995.jpg,1970,2019,49
48000.jpg,1971,1966,-5
48005.jpg,1971,2018,47
48010.jpg,1971,2002,31
48015.jpg,1971,2023,52
48020.jpg,1971,2019,48
48025.jpg,1971,2003,32
48030.jpg,1971,2019,48
48035.jpg,1971,1967,-4
48040.jpg,1971,2003,32
48045.jpg,1971,2021,50
48050.jpg,1971,2019,48
48055.jpg,1971,2019,48
48060.jpg,1971,1999,28
48065.jpg,1971,2019,48
48070.jpg,1971,1969,-2
48075.jpg,1971,1960,-11
48080.jpg,1971,1969,-2
48085.jpg,1971,2010,39
48090.jpg,1971,2001,30
48095.jpg,1971,1956,-15
48100.jpg,1971,1060,-911
48105.jpg,1971,2019,48
48110.jpg,1971,2019,48
48115.jpg,1971,2013,42
48120.jpg,1971,2010,39
48125.jpg,1971,2019,48
48130.jpg,1971,2010,39
48135.jpg,1971,2005,34
48140.jpg,1971,2000,29
48145.jpg,1971,2010,39
48150.jpg,1971,2019,48
48155.jpg,1971,2023,52
48160.jpg,1971,1966,-5
48165.jpg,1971,1490,-481
48170.jpg,1971,1963,-8
48175.jpg,1971,1961,-10
48180.jpg,1972,1966,-6
48185.jpg,1972,2019,47
48190.jpg,1972,1969,-3
48195.jpg,1972,2007,35
48200.jpg,1972,2019,47
48205.jpg,1972,2019,47
48210.jpg,1972,1727,-245
48215.jpg,1972,2019,47
48220.jpg,1972,1967,-5
48225.jpg,1972,2010,38
48230.jpg,1972,1999,27
48235.jpg,1972,2002,30
48240.jpg,1972,1972,0
48245.jpg,1972,2000,28
48250.jpg,1972,2019,47
48255.jpg,1972,1995,23
48260.jpg,1972,1966,-6
48265.jpg,1972,1969,-3
48270.jpg,1972,2000,28
48275.jpg,1972,2019,47
48280.jpg,1972,1960,-12
48285.jpg,1972,1776,-196
48290.jpg,1972,1884,-88
48295.jpg,1972,1969,-3
48300.jpg,1972,1999,27
48305.jpg,1972,2019,47
48310.jpg,1972,2019,47
48315.jpg,1972,2018,46
48320.jpg,1972,2005,33
48325.jpg,1972,2002,30
48330.jpg,1972,2005,33
48335.jpg,1972,1821,-151
48340.jpg,1972,2007,35
48345.jpg,1972,2007,35
48350.jpg,1972,1995,23
48355.jpg,1972,1718,-254
48360.jpg,1973,1966,-7
48365.jpg,1973,2005,32
48370.jpg,1973,2007,34
48375.jpg,1973,2019,46
48380.jpg,1973,2008,35
48385.jpg,1973,2019,46
48390.jpg,1973,2002,29
48395.jpg,1973,2019,46
48400.jpg,1973,2003,30
48405.jpg,1973,1979,6
48410.jpg,1973,2019,46
48415.jpg,1973,2019,46
48420.jpg,1973,2010,37
48425.jpg,1973,1990,17
48430.jpg,1973,1999,26
48435.jpg,1973,1999,26
48440.jpg,1973,1977,4
48445.jpg,1973,1997,24
48450.jpg,1973,2005,32
48455.jpg,1973,2006,33
48460.jpg,1973,2010,37
48465.jpg,1973,1880,-93
48470.jpg,1973,2018,45
48475.jpg,1973,1977,4
48480.jpg,1973,1966,-7
48485.jpg,1973,2018,45
48490.jpg,1973,2007,34
48495.jpg,1973,2013,40
48500.jpg,1973,1900,-73
48505.jpg,1973,1960,-13
48510.jpg,1973,2009,36
48515.jpg,1973,2022,49
48520.jpg,1973,1966,-7
48525.jpg,1973,1969,-4
48530.jpg,1974,1999,25
48535.jpg,1974,1979,5
48540.jpg,1974,2019,45
48545.jpg,1974,2011,37
48550.jpg,1974,2018,44
48555.jpg,1974,2019,45
48560.jpg,1974,2019,45
48565.jpg,1974,2023,49
48570.jpg,1974,2001,27
48575.jpg,1974,2005,31
48580.jpg,1974,2007,33
48585.jpg,1974,1999,25
48590.jpg,1974,1995,21
48595.jpg,1974,1960,-14
48600.jpg,1974,2019,45
48605.jpg,1974,1997,23
48610.jpg,1974,2007,33
48615.jpg,1974,2000,26
48620.jpg,1974,1992,18
48625.jpg,1974,2001,27
48630.jpg,1974,2019,45
48635.jpg,1974,2019,45
48640.jpg,1974,1541,-433
48645.jpg,1974,1627,-347
48650.jpg,1974,1977,3
48655.jpg,1974,2009,35
48660.jpg,1974,2009,35
48665.jpg,1974,2009,35
48670.jpg,1974,2019,45
48675.jpg,1974,2010,36
48680.jpg,1974,2000,26
48685.jpg,1974,1999,25
48690.jpg,1974,2019,45
48695.jpg,1974,1051,-923
48700.jpg,1974,2000,26
48705.jpg,1974,2001,27
48710.jpg,1974,1999,25
48715.jpg,1974,1962,-12
48720.jpg,1974,2014,40
48725.jpg,1974,1818,-156
48730.jpg,1974,1965,-9
48735.jpg,1975,2005,30
48740.jpg,1975,2007,32
48745.jpg,1975,2005,30
48750.jpg,1975,1969,-6
48755.jpg,1975,2019,44
48760.jpg,1975,1996,21
48765.jpg,1975,1999,24
48770.jpg,1975,2019,44
48775.jpg,1975,2005,30
48780.jpg,1975,2019,44
48785.jpg,1975,1999,24
48790.jpg,1975,1999,24
48795.jpg,1975,2004,29
48800.jpg,1975,2019,44
48805.jpg,1975,1995,20
48810.jpg,1975,2019,44
48815.jpg,1975,2003,28
48820.jpg,1975,2005,30
48825.jpg,1975,1954,-21
48830.jpg,1975,1960,-15
48835.jpg,1975,2007,32
48840.jpg,1975,2019,44
48845.jpg,1975,2019,44
48850.jpg,1975,2013,38
48855.jpg,1975,2019,44
48860.jpg,1975,2010,35
48865.jpg,1975,2002,27
48870.jpg,1975,2019,44
48875.jpg,1975,2000,25
48880.jpg,1975,2019,44
48885.jpg,1975,1969,-6
48890.jpg,1975,1999,24
48895.jpg,1975,1001,-974
48900.jpg,1976,1010,-966
48905.jpg,1976,2014,38
48910.jpg,1976,2019,43
48915.jpg,1976,1900,-76
48920.jpg,1976,2002,26
48925.jpg,1976,2019,43
48930.jpg,1976,2013,37
48935.jpg,1976,1997,21
48940.jpg,1976,2019,43
48945.jpg,1976,1999,23
48950.jpg,1976,1999,23
48955.jpg,1976,2019,43
48960.jpg,1976,2019,43
48965.jpg,1976,1960,-16
48970.jpg,1976,1977,1
48975.jpg,1976,2002,26
48980.jpg,1976,2007,31
48985.jpg,1976,2000,24
48990.jpg,1976,1995,19
48995.jpg,1976,1410,-566
49000.jpg,1976,1416,-560
49005.jpg,1976,1999,23
49010.jpg,1976,2019,43
49015.jpg,1976,1997,21
49020.jpg,1976,2019,43
49025.jpg,1976,2009,33
49030.jpg,1976,2009,33
49035.jpg,1976,1999,23
49040.jpg,1976,2013,37
49045.jpg,1976,2000,24
49050.jpg,1976,2011,35
49055.jpg,1976,2023,47
49060.jpg,1976,1992,16
49065.jpg,1976,1818,-158
49070.jpg,1976,1968,-8
49075.jpg,1976,1001,-975
49080.jpg,1976,1969,-7
49085.jpg,1976,1962,-14
49090.jpg,1976,2019,43
49095.jpg,1977,2003,26
49100.jpg,1977,2010,33
49105.jpg,1977,1977,0
49110.jpg,1977,2011,34
49115.jpg,1977,2002,25
49120.jpg,1977,2019,42
49125.jpg,1977,2019,42
49130.jpg,1977,2014,37
49135.jpg,1977,1999,22
49140.jpg,1977,2006,29
49145.jpg,1977,2007,30
49150.jpg,1977,1966,-11
49155.jpg,1977,2019,42
49160.jpg,1977,2006,29
49165.jpg,1977,2021,44
49170.jpg,1977,1990,13
49175.jpg,1977,1820,-157
49180.jpg,1977,2007,30
49185.jpg,1977,2001,24
49190.jpg,1977,1909,-68
49195.jpg,1977,2009,32
49200.jpg,1977,2009,32
49205.jpg,1977,2019,42
49210.jpg,1977,2019,42
49215.jpg,1977,2010,33
49220.jpg,1977,2010,33
49225.jpg,1977,1966,-11
49230.jpg,1977,1052,-925
49235.jpg,1977,2019,42
49240.jpg,1977,1966,-11
49245.jpg,1977,1936,-41
49250.jpg,1977,2003,26
49255.jpg,1977,2003,26
49260.jpg,1978,2009,31
49265.jpg,1978,2019,41
49270.jpg,1978,2003,25
49275.jpg,1978,1961,-17
49280.jpg,1978,2003,25
49285.jpg,1978,2003,25
49290.jpg,1978,1915,-63
49295.jpg,1978,2019,41
49300.jpg,1978,1966,-12
49305.jpg,1978,1998,20
49310.jpg,1978,2019,41
49315.jpg,1978,2021,43
49320.jpg,1978,2002,24
49325.jpg,1978,1960,-18
49330.jpg,1978,2021,43
49335.jpg,1978,1960,-18
49340.jpg,1978,1915,-63
49345.jpg,1978,1997,19
49350.jpg,1978,1990,12
49355.jpg,1978,2019,41
49360.jpg,1978,2004,26
49365.jpg,1978,2019,41
49370.jpg,1978,2019,41
49375.jpg,1978,2019,41
49380.jpg,1978,2002,24
49385.jpg,1978,2019,41
49390.jpg,1978,1967,-11
49395.jpg,1978,1944,-34
49400.jpg,1978,2019,41
49405.jpg,1979,1961,-18
49410.jpg,1979,2019,40
49415.jpg,1979,1999,20
49420.jpg,1979,2005,26
49425.jpg,1979,2013,34
49430.jpg,1979,2019,40
49435.jpg,1979,2011,32
49440.jpg,1979,2007,28
49445.jpg,1979,2003,24
49450.jpg,1979,2004,25
49455.jpg,1979,1966,-13
49460.jpg,1979,2002,23
49465.jpg,1979,1827,-152
49470.jpg,1979,1962,-17
49475.jpg,1979,2019,40
49480.jpg,1979,1906,-73
49485.jpg,1979,1990,11
49490.jpg,1979,1725,-254
49495.jpg,1979,1708,-271
49500.jpg,1979,2019,40
49505.jpg,1979,2000,21
49510.jpg,1979,1977,-2
49515.jpg,1979,2010,31
49520.jpg,1979,2019,40
49525.jpg,1979,2019,40
49530.jpg,1979,1996,17
49535.jpg,1979,2004,25
49540.jpg,1979,1990,11
49545.jpg,1979,2010,31
49550.jpg,1979,2021,42
49555.jpg,1979,2002,23
49560.jpg,1979,1999,20
49565.jpg,1980,1993,13
49570.jpg,1980,2019,39
49575.jpg,1980,1961,-19
49580.jpg,1980,2005,25
49585.jpg,1980,1944,-36
49590.jpg,1980,2002,22
49595.jpg,1980,1956,-24
49600.jpg,1980,2019,39
49605.jpg,1980,2019,39
49610.jpg,1980,2007,27
49615.jpg,1980,2004,24
49620.jpg,1980,1977,-3
49625.jpg,1980,1412,-568
49630.jpg,1980,2003,23
49635.jpg,1980,1965,-15
49640.jpg,1980,2019,39
49645.jpg,1980,1999,19
49650.jpg,1980,2019,39
49655.jpg,1980,1960,-20
49660.jpg,1980,2010,30
49665.jpg,1980,2009,29
49670.jpg,1980,1999,19
49675.jpg,1980,2019,39
49680.jpg,1980,2013,33
49685.jpg,1980,2011,31
49690.jpg,1980,2000,20
49695.jpg,1980,2013,33
49700.jpg,1980,2019,39
49705.jpg,1980,1969,-11
49710.jpg,1981,2000,19
49715.jpg,1981,2019,38
49720.jpg,1981,2002,21
49725.jpg,1981,1999,18
49730.jpg,1981,1999,18
49735.jpg,1981,2018,37
49740.jpg,1981,1999,18
49745.jpg,1981,2008,27
49750.jpg,1981,2019,38
49755.jpg,1981,1999,18
49760.jpg,1981,2000,19
49765.jpg,1981,1965,-16
49770.jpg,1981,1999,18
49775.jpg,1981,2009,28
49780.jpg,1981,1999,18
49785.jpg,1981,1982,1
49790.jpg,1981,2007,26
49795.jpg,1981,1999,18
49800.jpg,1981,2004,23
49805.jpg,1981,2019,38
49810.jpg,1981,2018,37
49815.jpg,1981,2019,38
49820.jpg,1981,1775,-206
49825.jpg,1981,2005,24
49830.jpg,1981,2008,27
49835.jpg,1981,1999,18
49840.jpg,1981,2019,38
49845.jpg,1981,2001,20
49850.jpg,1981,2007,26
49855.jpg,1981,1915,-66
49860.jpg,1981,2019,38
49865.jpg,1981,2021,40
49870.jpg,1981,2009,28
49875.jpg,1981,2010,29
49880.jpg,1981,2018,37
49885.jpg,1981,2010,29
49890.jpg,1981,2019,38
49895.jpg,1981,1969,-12
49900.jpg,1981,1234,-747
49905.jpg,1981,1999,18
49910.jpg,1981,2021,40
49915.jpg,1981,1970,-11
49920.jpg,1982,2019,37
49925.jpg,1982,1201,-781
49930.jpg,1982,2019,37
49935.jpg,1982,2014,32
49940.jpg,1982,1979,-3
49945.jpg,1982,2002,20
49950.jpg,1982,2008,26
49955.jpg,1982,2002,20
49960.jpg,1982,2003,21
49965.jpg,1982,2008,26
49970.jpg,1982,2008,26
49975.jpg,1982,2011,29
49980.jpg,1982,2015,33
49985.jpg,1982,2007,25
49990.jpg,1982,2007,25
49995.jpg,1982,1966,-16
50000.jpg,1982,2000,18
50005.jpg,1982,2008,26
50010.jpg,1982,1997,15
50015.jpg,1982,2010,28
50020.jpg,1982,1999,17
50025.jpg,1982,2006,24
50030.jpg,1982,1999,17
50035.jpg,1982,1979,-3
50040.jpg,1982,2000,18
50045.jpg,1982,2004,22
50050.jpg,1982,2019,37
50055.jpg,1982,2002,20
50060.jpg,1982,2002,20
50065.jpg,1982,1853,-129
50070.jpg,1982,1963,-19
50075.jpg,1982,2003,21
50080.jpg,1982,1775,-207
50085.jpg,1982,1999,17
50090.jpg,1982,1915,-67
50095.jpg,1982,1900,-82
50100.jpg,1982,1769,-213
50105.jpg,1982,1999,17
50110.jpg,1982,1886,-96
50115.jpg,1982,2002,20
50120.jpg,1982,2002,20
50125.jpg,1982,2009,27
50130.jpg,1982,2009,27
50135.jpg,1982,2009,27
50140.jpg,1982,2021,39
50145.jpg,1982,2019,37
50150.jpg,1982,1982,0
50155.jpg,1982,2019,37
50160.jpg,1983,1494,-489
50165.jpg,1983,1710,-273
50170.jpg,1983,2010,27
50175.jpg,1983,2005,22
50180.jpg,1983,2003,20
50185.jpg,1983,1936,-47
50190.jpg,1983,2013,30
50195.jpg,1983,2021,38
50200.jpg,1983,2002,19
50205.jpg,1983,2019,36
50210.jpg,1983,1999,16
50215.jpg,1983,2001,18
50220.jpg,1983,1999,16
50225.jpg,1983,2019,36
50230.jpg,1983,2000,17
50235.jpg,1983,1997,14
50240.jpg,1983,1999,16
50245.jpg,1983,2009,26
50250.jpg,1983,2019,36
50255.jpg,1983,1969,-14
50260.jpg,1983,2000,17
50265.jpg,1983,1819,-164
50270.jpg,1983,2013,30
50275.jpg,1983,1966,-17
50280.jpg,1983,2019,36
50285.jpg,1983,2019,36
50290.jpg,1983,2021,38
50295.jpg,1983,1999,16
50300.jpg,1983,1997,14
50305.jpg,1983,2019,36
50310.jpg,1983,1956,-27
50315.jpg,1983,1777,-206
50320.jpg,1983,1990,7
50325.jpg,1983,1812,-171
50330.jpg,1983,1990,7
50335.jpg,1983,2013,30
50340.jpg,1983,2008,25
50345.jpg,1983,1979,-4
50350.jpg,1983,2010,27
50355.jpg,1983,1997,14
50360.jpg,1983,2010,27
50365.jpg,1983,1965,-18
50370.jpg,1983,1997,14
50375.jpg,1983,1960,-23
50380.jpg,1983,2000,17
50385.jpg,1983,2007,24
50390.jpg,1984,1999,15
50395.jpg,1984,1998,14
50400.jpg,1984,2019,35
50405.jpg,1984,2005,21
50410.jpg,1984,2011,27
50415.jpg,1984,2005,21
50420.jpg,1984,2007,23
50425.jpg,1984,2019,35
50430.jpg,1984,2010,26
50435.jpg,1984,2007,23
50440.jpg,1984,2011,27
50445.jpg,1984,2002,18
50450.jpg,1984,2019,35
50455.jpg,1984,1999,15
50460.jpg,1984,2021,37
50465.jpg,1984,2000,16
50470.jpg,1984,1999,15
50475.jpg,1984,2002,18
50480.jpg,1984,1955,-29
50485.jpg,1984,1996,12
50490.jpg,1984,2019,35
50495.jpg,1984,1407,-577
50500.jpg,1984,1719,-265
50505.jpg,1984,1987,3
50510.jpg,1984,1012,-972
50515.jpg,1984,2009,25
50520.jpg,1984,2007,23
50525.jpg,1984,2009,25
50530.jpg,1984,2007,23
50535.jpg,1984,1996,12
50540.jpg,1984,2011,27
50545.jpg,1984,2013,29
50550.jpg,1984,2019,35
50555.jpg,1984,1999,15
50560.jpg,1984,1961,-23
50565.jpg,1984,1990,6
50570.jpg,1984,1966,-18
50575.jpg,1984,1967,-17
50580.jpg,1985,1817,-168
50585.jpg,1985,1999,14
50590.jpg,1985,2005,20
50595.jpg,1985,2003,18
50600.jpg,1985,2007,22
50605.jpg,1985,2019,34
50610.jpg,1985,2007,22
50615.jpg,1985,2019,34
50620.jpg,1985,2021,36
50625.jpg,1985,2000,15
50630.jpg,1985,2000,15
50635.jpg,1985,2019,34
50640.jpg,1985,1997,12
50645.jpg,1985,1999,14
50650.jpg,1985,2019,34
50655.jpg,1985,2000,15
50660.jpg,1985,2000,15
50665.jpg,1985,2019,34
50670.jpg,1985,2003,18
50675.jpg,1985,2019,34
50680.jpg,1985,1979,-6
50685.jpg,1985,2001,16
50690.jpg,1985,2021,36
50695.jpg,1985,2023,38
50700.jpg,1985,1965,-20
50705.jpg,1985,2013,28
50710.jpg,1985,1827,-158
50715.jpg,1985,1990,5
50720.jpg,1985,1519,-466
50725.jpg,1985,1604,-381
50730.jpg,1985,2010,25
50735.jpg,1985,2019,34
50740.jpg,1985,2019,34
50745.jpg,1985,1995,10
50750.jpg,1985,1999,14
50755.jpg,1985,2010,25
50760.jpg,1985,1967,-18
50765.jpg,1985,2019,34
50770.jpg,1985,2007,22
50775.jpg,1985,1011,-974
50780.jpg,1986,2008,22
50785.jpg,1986,1977,-9
50790.jpg,1986,1717,-269
50795.jpg,1986,2013,27
50800.jpg,1986,2002,16
50805.jpg,1986,1990,4
50810.jpg,1986,1998,12
50815.jpg,1986,1997,11
50820.jpg,1986,2008,22
50825.jpg,1986,2001,15
50830.jpg,1986,1994,8
50835.jpg,1986,1999,13
50840.jpg,1986,2020,34
50845.jpg,1986,2001,15
50850.jpg,1986,1998,12
50855.jpg,1986,2019,33
50860.jpg,1986,2019,33
50865.jpg,1986,2019,33
50870.jpg,1986,2005,19
50875.jpg,1986,2019,33
50880.jpg,1986,1999,13
50885.jpg,1986,2003,17
50890.jpg,1986,2004,18
50895.jpg,1986,2019,33
50900.jpg,1986,1719,-267
50905.jpg,1986,2019,33
50910.jpg,1986,1090,-896
50915.jpg,1986,1996,10
50920.jpg,1986,2005,19
50925.jpg,1986,1812,-174
50930.jpg,1986,1968,-18
50935.jpg,1986,1990,4
50940.jpg,1986,1815,-171
50945.jpg,1986,2007,21
50950.jpg,1986,1999,13
50955.jpg,1986,2019,33
50960.jpg,1986,1997,11
50965.jpg,1986,2013,27
50970.jpg,1986,2007,21
50975.jpg,1986,1944,-42
50980.jpg,1986,2005,19
50985.jpg,1986,2019,33
50990.jpg,1987,1501,-486
50995.jpg,1987,1997,10
51000.jpg,1987,2007,20
51005.jpg,1987,1009,-978
51010.jpg,1987,2006,19
51015.jpg,1987,2013,26
51020.jpg,1987,1996,9
51025.jpg,1987,1960,-27
51030.jpg,1987,2007,20
51035.jpg,1987,2019,32
51040.jpg,1987,2019,32
51045.jpg,1987,2019,32
51050.jpg,1987,2007,20
51055.jpg,1987,1997,10
51060.jpg,1987,1999,12
51065.jpg,1987,2000,13
51070.jpg,1987,2001,14
51075.jpg,1987,2000,13
51080.jpg,1987,2000,13
51085.jpg,1987,2002,15
51090.jpg,1987,2011,24
51095.jpg,1987,2002,15
51100.jpg,1987,1999,12
51105.jpg,1987,2009,22
51110.jpg,1987,2019,32
51115.jpg,1987,2021,34
51120.jpg,1987,1966,-21
51125.jpg,1987,1610,-377
51130.jpg,1987,1808,-179
51135.jpg,1987,1995,8
51140.jpg,1987,2019,32
51145.jpg,1987,2004,17
51150.jpg,1987,2009,22
51155.jpg,1987,2000,13
51160.jpg,1987,2009,22
51165.jpg,1987,1776,-211
51170.jpg,1987,2019,32
51175.jpg,1987,1960,-27
51180.jpg,1987,2019,32
51185.jpg,1987,1010,-977
51190.jpg,1988,2019,31
51195.jpg,1988,2019,31
51200.jpg,1988,2000,12
51205.jpg,1988,2003,15
51210.jpg,1988,1995,7
51215.jpg,1988,2009,21
51220.jpg,1988,2008,20
51225.jpg,1988,2019,31
51230.jpg,1988,1999,11
51235.jpg,1988,2008,20
51240.jpg,1988,2002,14
51245.jpg,1988,2005,17
51250.jpg,1988,2019,31
51255.jpg,1988,2000,12
51260.jpg,1988,1997,9
51265.jpg,1988,2002,14
51270.jpg,1988,1999,11
51275.jpg,1988,2001,13
51280.jpg,1988,2000,12
51285.jpg,1988,1997,9
51290.jpg,1988,1999,11
51295.jpg,1988,1997,9
51300.jpg,1988,2019,31
51305.jpg,1988,1996,8
51310.jpg,1988,2003,15
51315.jpg,1988,2006,18
51320.jpg,1988,1900,-88
51325.jpg,1988,1966,-22
51330.jpg,1988,1830,-158
51335.jpg,1988,2019,31
51340.jpg,1988,1960,-28
51345.jpg,1988,1900,-88
51350.jpg,1988,1900,-88
51355.jpg,1988,2019,31
51360.jpg,1988,2000,12
51365.jpg,1988,1999,11
51370.jpg,1988,2010,22
51375.jpg,1988,2018,30
51380.jpg,1988,2019,31
51385.jpg,1988,2001,13
51390.jpg,1988,2019,31
51395.jpg,1988,1995,7
51400.jpg,1988,2019,31
51405.jpg,1988,1997,9
51410.jpg,1989,2019,30
51415.jpg,1989,1999,10
51420.jpg,1989,2002,13
51425.jpg,1989,2019,30
51430.jpg,1989,2019,30
51435.jpg,1989,2018,29
51440.jpg,1989,1967,-22
51445.jpg,1989,2002,13
51450.jpg,1989,1961,-28
51455.jpg,1989,1999,10
51460.jpg,1989,2003,14
51465.jpg,1989,1011,-978
51470.jpg,1989,2013,24
51475.jpg,1989,2000,11
51480.jpg,1989,1999,10
51485.jpg,1989,2010,21
51490.jpg,1989,2005,16
51495.jpg,1989,2000,11
51500.jpg,1989,2019,30
51505.jpg,1989,2019,30
51510.jpg,1989,1999,10
51515.jpg,1989,2003,14
51520.jpg,1989,2019,30
51525.jpg,1989,1900,-89
51530.jpg,1989,2010,21
51535.jpg,1989,2003,14
51540.jpg,1989,2000,11
51545.jpg,1989,1915,-74
51550.jpg,1989,2014,25
51555.jpg,1989,2002,13
51560.jpg,1989,2006,17
51565.jpg,1989,2019,30
51570.jpg,1989,2009,20
51575.jpg,1989,2013,24
51580.jpg,1989,1412,-577
51585.jpg,1989,2000,11
51590.jpg,1989,2021,32
51595.jpg,1989,1999,10
51600.jpg,1989,2005,16
51605.jpg,1990,2019,29
51610.jpg,1990,2005,15
51615.jpg,1990,1996,6
51620.jpg,1990,2019,29
51625.jpg,1990,2018,28
51630.jpg,1990,2010,20
51635.jpg,1990,2013,23
51640.jpg,1990,2002,12
51645.jpg,1990,2021,31
51650.jpg,1990,1997,7
51655.jpg,1990,2019,29
51660.jpg,1990,1010,-980
51665.jpg,1990,2019,29
51670.jpg,1990,2000,10
51675.jpg,1990,1999,9
51680.jpg,1990,2019,29
51685.jpg,1990,2000,10
51690.jpg,1990,1999,9
51695.jpg,1990,2019,29
51700.jpg,1990,1977,-13
51705.jpg,1990,1999,9
51710.jpg,1990,2009,19
51715.jpg,1990,1966,-24
51720.jpg,1990,1960,-30
51725.jpg,1990,2019,29
51730.jpg,1990,2021,31
51735.jpg,1990,2003,13
51740.jpg,1990,2021,31
51745.jpg,1990,1750,-240
51750.jpg,1990,2019,29
51755.jpg,1990,2008,18
51760.jpg,1990,1909,-81
51765.jpg,1990,2019,29
51770.jpg,1990,1999,9
51775.jpg,1990,2000,10
51780.jpg,1990,2000,10
51785.jpg,1990,2008,18
51790.jpg,1990,2009,19
51795.jpg,1990,2019,29
51800.jpg,1990,2009,19
51805.jpg,1990,1997,7
51810.jpg,1990,2019,29
51815.jpg,1990,2000,10
51820.jpg,1990,2002,12
51825.jpg,1990,1010,-980
51830.jpg,1990,1960,-30
51835.jpg,1990,2003,13
51840.jpg,1991,2013,22
51845.jpg,1991,1410,-581
51850.jpg,1991,2002,11
51855.jpg,1991,1961,-30
51860.jpg,1991,2019,28
51865.jpg,1991,2010,19
51870.jpg,1991,2002,11
51875.jpg,1991,2011,20
51880.jpg,1991,2023,32
51885.jpg,1991,2019,28
51890.jpg,1991,2002,11
51895.jpg,1991,2013,22
51900.jpg,1991,2019,28
51905.jpg,1991,1999,8
51910.jpg,1991,1999,8
51915.jpg,1991,1999,8
51920.jpg,1991,2019,28
51925.jpg,1991,2021,30
51930.jpg,1991,1999,8
51935.jpg,1991,1997,6
51940.jpg,1991,2007,16
51945.jpg,1991,1999,8
51950.jpg,1991,1993,2
51955.jpg,1991,2003,12
51960.jpg,1991,2019,28
51965.jpg,1991,2005,14
51970.jpg,1991,2019,28
51975.jpg,1991,2019,28
51980.jpg,1991,2019,28
51985.jpg,1991,1997,6
51990.jpg,1991,2019,28
51995.jpg,1991,1995,4
52000.jpg,1991,2007,16
52005.jpg,1991,1915,-76
52010.jpg,1991,1604,-387
52015.jpg,1991,2019,28
52020.jpg,1991,2018,27
52025.jpg,1991,1999,8
52030.jpg,1991,1995,4
52035.jpg,1991,2010,19
52040.jpg,1991,2019,28
52045.jpg,1991,1010,-981
52050.jpg,1991,1999,8
52055.jpg,1991,2008,17
52060.jpg,1991,1001,-990
52065.jpg,1992,2009,17
52070.jpg,1992,2019,27
52075.jpg,1992,2019,27
52080.jpg,1992,2002,10
52085.jpg,1992,2002,10
52090.jpg,1992,2007,15
52095.jpg,1992,1999,7
52100.jpg,1992,2006,14
52105.jpg,1992,2005,13
52110.jpg,1992,2008,16
52115.jpg,1992,2019,27
52120.jpg,1992,1997,5
52125.jpg,1992,2019,27
52130.jpg,1992,2007,15
52135.jpg,1992,1997,5
52140.jpg,1992,2001,9
52145.jpg,1992,2000,8
52150.jpg,1992,1999,7
52155.jpg,1992,2019,27
52160.jpg,1992,2021,29
52165.jpg,1992,2006,14
52170.jpg,1992,2001,9
52175.jpg,1992,2009,17
52180.jpg,1992,1999,7
52185.jpg,1992,2002,10
52190.jpg,1992,2021,29
52195.jpg,1992,2021,29
52200.jpg,1992,2001,9
52205.jpg,1992,2007,15
52210.jpg,1992,2007,15
52215.jpg,1992,1931,-61
52220.jpg,1992,1999,7
52225.jpg,1992,2013,21
52230.jpg,1992,1823,-169
52235.jpg,1992,1820,-172
52240.jpg,1992,2007,15
52245.jpg,1992,2002,10
52250.jpg,1992,2019,27
52255.jpg,1992,2009,17
52260.jpg,1992,2019,27
52265.jpg,1992,2005,13
52270.jpg,1993,2002,9
52275.jpg,1993,1812,-181
52280.jpg,1993,2007,14
52285.jpg,1993,2003,10
52290.jpg,1993,2011,18
52295.jpg,1993,1961,-32
52300.jpg,1993,2007,14
52305.jpg,1993,1996,3
52310.jpg,1993,2019,26
52315.jpg,1993,2019,26
52320.jpg,1993,2007,14
52325.jpg,1993,1969,-24
52330.jpg,1993,2007,14
52335.jpg,1993,2005,12
52340.jpg,1993,2003,10
52345.jpg,1993,2007,14
52350.jpg,1993,2001,8
52355.jpg,1993,1999,6
52360.jpg,1993,2019,26
52365.jpg,1993,2020,27
52370.jpg,1993,2010,17
52375.jpg,1993,1818,-175
52380.jpg,1993,1998,5
52385.jpg,1993,2002,9
52390.jpg,1993,2007,14
52395.jpg,1993,2003,10
52400.jpg,1993,2005,12
52405.jpg,1993,2021,28
52410.jpg,1993,2009,16
52415.jpg,1993,1999,6
52420.jpg,1993,2002,9
52425.jpg,1993,1909,-84
52430.jpg,1993,2019,26
52435.jpg,1993,2019,26
52440.jpg,1993,2000,7
52445.jpg,1993,2019,26
52450.jpg,1993,1917,-76
52455.jpg,1993,2008,15
52460.jpg,1993,1999,6
52465.jpg,1993,1999,6
52470.jpg,1994,2005,11
52475.jpg,1994,2011,17
52480.jpg,1994,2005,11
52485.jpg,1994,2005,11
52490.jpg,1994,2003,9
52495.jpg,1994,1999,5
52500.jpg,1994,1000,-994
52505.jpg,1994,1992,-2
52510.jpg,1994,2019,25
52515.jpg,1994,1999,5
52520.jpg,1994,2024,30
52525.jpg,1994,2000,6
52530.jpg,1994,1999,5
52535.jpg,1994,2000,6
52540.jpg,1994,1012,-982
52545.jpg,1994,2002,8
52550.jpg,1994,1516,-478
52555.jpg,1994,2003,9
52560.jpg,1994,1990,-4
52565.jpg,1994,2019,25
52570.jpg,1994,1999,5
52575.jpg,1994,2019,25
52580.jpg,1994,1053,-941
52585.jpg,1994,2021,27
52590.jpg,1994,2000,6
52595.jpg,1994,2019,25
52600.jpg,1994,2007,13
52605.jpg,1994,1558,-436
52610.jpg,1994,2002,8
52615.jpg,1994,1610,-384
52620.jpg,1994,2019,25
52625.jpg,1994,2005,11
52630.jpg,1994,2010,16
52635.jpg,1994,2005,11
52640.jpg,1994,2003,9
52645.jpg,1994,1818,-176
52650.jpg,1995,2019,24
52655.jpg,1995,2008,13
52660.jpg,1995,2019,24
52665.jpg,1995,2019,24
52670.jpg,1995,2003,8
52675.jpg,1995,1960,-35
52680.jpg,1995,2019,24
52685.jpg,1995,2019,24
52690.jpg,1995,2019,24
52695.jpg,1995,2019,24
52700.jpg,1995,2019,24
52705.jpg,1995,2005,10
52710.jpg,1995,2001,6
52715.jpg,1995,1960,-35
52720.jpg,1995,1999,4
52725.jpg,1995,2002,7
52730.jpg,1995,2019,24
52735.jpg,1995,2002,7
52740.jpg,1995,2007,12
52745.jpg,1995,2008,13
52750.jpg,1995,2003,8
52755.jpg,1995,2006,11
52760.jpg,1995,2019,24
52765.jpg,1995,2002,7
52770.jpg,1995,2001,6
52775.jpg,1995,2008,13
52780.jpg,1995,1909,-86
52785.jpg,1995,2009,14
52790.jpg,1995,1601,-394
52795.jpg,1995,2002,7
52800.jpg,1995,1880,-115
52805.jpg,1995,1999,4
52810.jpg,1995,2019,24
52815.jpg,1995,1999,4
52820.jpg,1995,2001,6
52825.jpg,1995,2003,8
52830.jpg,1995,1999,4
52835.jpg,1995,1641,-354
52840.jpg,1995,1086,-909
52845.jpg,1996,2019,23
52850.jpg,1996,2000,4
52855.jpg,1996,2021,25
52860.jpg,1996,1999,3
52865.jpg,1996,2021,25
52870.jpg,1996,2010,14
52875.jpg,1996,2010,14
52880.jpg,1996,2010,14
52885.jpg,1996,2002,6
52890.jpg,1996,2019,23
52895.jpg,1996,2019,23
52900.jpg,1996,2021,25
52905.jpg,1996,2021,25
52910.jpg,1996,2001,5
52915.jpg,1996,1982,-14
52920.jpg,1996,2019,23
52925.jpg,1996,2007,11
52930.jpg,1996,1750,-246
52935.jpg,1996,2011,15
52940.jpg,1996,2021,25
52945.jpg,1996,1936,-60
52950.jpg,1996,1972,-24
52955.jpg,1996,2019,23
52960.jpg,1996,2002,6
52965.jpg,1996,2015,19
52970.jpg,1996,2003,7
52975.jpg,1996,1995,-1
52980.jpg,1996,2013,17
52985.jpg,1997,1626,-371
52990.jpg,1997,2002,5
52995.jpg,1997,2007,10
53000.jpg,1997,2003,6
53005.jpg,1997,2005,8
53010.jpg,1997,2008,11
53015.jpg,1997,2018,21
53020.jpg,1997,2019,22
53025.jpg,1997,2007,10
53030.jpg,1997,2008,11
53035.jpg,1997,2011,14
53040.jpg,1997,2018,21
53045.jpg,1997,2019,22
53050.jpg,1997,2001,4
53055.jpg,1997,2000,3
53060.jpg,1997,2001,4
53065.jpg,1997,1936,-61
53070.jpg,1997,2021,24
53075.jpg,1997,2002,5
53080.jpg,1997,2000,3
53085.jpg,1997,2019,22
53090.jpg,1997,2005,8
53095.jpg,1997,2009,12
53100.jpg,1997,2000,3
53105.jpg,1997,2021,24
53110.jpg,1997,2021,24
53115.jpg,1997,2021,24
53120.jpg,1997,2001,4
53125.jpg,1997,1957,-40
53130.jpg,1997,1999,2
53135.jpg,1997,2003,6
53140.jpg,1997,2019,22
53145.jpg,1997,2010,13
53150.jpg,1997,2009,12
53155.jpg,1997,1815,-182
53160.jpg,1997,1915,-82
53165.jpg,1997,2021,24
53170.jpg,1997,2000,3
53175.jpg,1997,2019,22
53180.jpg,1997,2007,10
53185.jpg,1997,2019,22
53190.jpg,1997,1996,-1
53195.jpg,1997,1410,-587
53200.jpg,1997,2002,5
53205.jpg,1997,2013,16
53210.jpg,1997,2021,24
53215.jpg,1997,2010,13
53220.jpg,1997,2009,12
53225.jpg,1997,2019,22
53230.jpg,1997,2019,22
53235.jpg,1998,1889,-109
53240.jpg,1998,1999,1
53245.jpg,1998,2006,8
53250.jpg,1998,2002,4
53255.jpg,1998,2002,4
53260.jpg,1998,2005,7
53265.jpg,1998,1956,-42
53270.jpg,1998,2008,10
53275.jpg,1998,2021,23
53280.jpg,1998,2002,4
53285.jpg,1998,2019,21
53290.jpg,1998,2008,10
53295.jpg,1998,2019,21
53300.jpg,1998,2005,7
53305.jpg,1998,1996,-2
53310.jpg,1998,2000,2
53315.jpg,1998,2000,2
53320.jpg,1998,2000,2
53325.jpg,1998,1999,1
53330.jpg,1998,2001,3
53335.jpg,1998,2019,21
53340.jpg,1998,2019,21
53345.jpg,1998,2019,21
53350.jpg,1998,2004,6
53355.jpg,1998,2019,21
53360.jpg,1998,2007,9
53365.jpg,1998,2001,3
53370.jpg,1998,2019,21
53375.jpg,1998,2006,8
53380.jpg,1998,2008,10
53385.jpg,1998,1735,-263
53390.jpg,1998,1666,-332
53395.jpg,1998,2007,9
53400.jpg,1998,1992,-6
53405.jpg,1998,1010,-988
53410.jpg,1998,2008,10
53415.jpg,1998,2019,21
53420.jpg,1998,2002,4
53425.jpg,1998,1997,-1
53430.jpg,1998,1999,1
53435.jpg,1998,2019,21
53440.jpg,1998,1996,-2
53445.jpg,1998,2021,23
53450.jpg,1998,2021,23
53455.jpg,1999,1590,-409
53460.jpg,1999,2011,12
53465.jpg,1999,2019,20
53470.jpg,1999,2003,4
53475.jpg,1999,2003,4
53480.jpg,1999,2019,20
53485.jpg,1999,2019,20
53490.jpg,1999,2005,6
53495.jpg,1999,2021,22
53500.jpg,1999,1961,-38
53505.jpg,1999,2019,20
53510.jpg,1999,2011,12
53515.jpg,1999,1982,-17
53520.jpg,1999,2002,3
53525.jpg,1999,2019,20
53530.jpg,1999,1810,-189
53535.jpg,1999,2005,6
53540.jpg,1999,1997,-2
53545.jpg,1999,2007,8
53550.jpg,1999,2019,20
53555.jpg,1999,2000,1
53560.jpg,1999,2019,20
53565.jpg,1999,2000,1
53570.jpg,1999,2010,11
53575.jpg,1999,2000,1
53580.jpg,1999,1992,-7
53585.jpg,1999,2009,10
53590.jpg,1999,2002,3
53595.jpg,1999,1999,0
53600.jpg,1999,2005,6
53605.jpg,1999,2004,5
53610.jpg,1999,2001,2
53615.jpg,1999,1012,-987
53620.jpg,1999,2010,11
53625.jpg,1999,2008,9
53630.jpg,1999,2019,20
53635.jpg,1999,2008,9
53640.jpg,1999,1884,-115
53645.jpg,1999,2000,1
53650.jpg,1999,2000,1
53655.jpg,1999,1995,-4
53660.jpg,1999,2007,8
53665.jpg,1999,2010,11
53670.jpg,1999,1999,0
53675.jpg,1999,1999,0
53680.jpg,1999,2002,3
53685.jpg,1999,1900,-99
53690.jpg,2000,2006,6
53695.jpg,2000,1961,-39
53700.jpg,2000,2003,3
53705.jpg,2000,2009,9
53710.jpg,2000,2019,19
53715.jpg,2000,2018,18
53720.jpg,2000,2019,19
53725.jpg,2000,2019,19
53730.jpg,2000,1999,-1
53735.jpg,2000,2019,19
53740.jpg,2000,2002,2
53745.jpg,2000,1900,-100
53750.jpg,2000,2019,19
53755.jpg,2000,1999,-1
53760.jpg,2000,1997,-3
53765.jpg,2000,2019,19
53770.jpg,2000,1051,-949
53775.jpg,2000,2007,7
53780.jpg,2000,2007,7
53785.jpg,2000,2005,5
53790.jpg,2000,1010,-990
53795.jpg,2000,1936,-64
53800.jpg,2000,2008,8
53805.jpg,2000,1012,-988
53810.jpg,2000,2007,7
53815.jpg,2000,2008,8
53820.jpg,2000,1982,-18
53825.jpg,2000,1999,-1
53830.jpg,2000,2011,11
53835.jpg,2000,2002,2
53840.jpg,2000,2003,3
53845.jpg,2000,2009,9
53850.jpg,2000,1891,-109
53855.jpg,2000,2019,19
53860.jpg,2000,1999,-1
53865.jpg,2000,2009,9
53870.jpg,2000,2013,13
53875.jpg,2000,2007,7
53880.jpg,2000,2002,2
53885.jpg,2000,2002,2
53890.jpg,2000,2019,19
53895.jpg,2000,2010,10
53900.jpg,2000,1604,-396
53905.jpg,2001,2019,18
53910.jpg,2001,1010,-991
53915.jpg,2001,2019,18
53920.jpg,2001,2007,6
53925.jpg,2001,2019,18
53930.jpg,2001,2019,18
53935.jpg,2001,2009,8
53940.jpg,2001,2007,6
53945.jpg,2001,2005,4
53950.jpg,2001,1977,-24
53955.jpg,2001,2000,-1
53960.jpg,2001,2008,7
53965.jpg,2001,2006,5
53970.jpg,2001,2019,18
53975.jpg,2001,2010,9
53980.jpg,2001,2007,6
53985.jpg,2001,2003,2
53990.jpg,2001,2002,1
53995.jpg,2001,1406,-595
54000.jpg,2001,2007,6
54005.jpg,2001,1935,-66
54010.jpg,2001,2008,7
54015.jpg,2001,2019,18
54020.jpg,2001,1915,-86
54025.jpg,2001,2019,18
54030.jpg,2001,2001,0
54035.jpg,2001,2019,18
54040.jpg,2001,2022,21
54045.jpg,2001,2008,7
54050.jpg,2001,2003,2
54055.jpg,2001,1058,-943
54060.jpg,2001,2007,6
54065.jpg,2001,1928,-73
54070.jpg,2001,2000,-1
54075.jpg,2001,2019,18
54080.jpg,2001,1915,-86
54085.jpg,2001,2008,7
54090.jpg,2001,2011,10
54095.jpg,2001,2005,4
54100.jpg,2001,2007,6
54105.jpg,2001,2019,18
54110.jpg,2001,2019,18
54115.jpg,2001,2019,18
54120.jpg,2001,2008,7
54125.jpg,2001,2019,18
54130.jpg,2001,1979,-22
54135.jpg,2001,1997,-4
54140.jpg,2001,2000,-1
54145.jpg,2001,1993,-8
54150.jpg,2001,2008,7
54155.jpg,2001,1993,-8
54160.jpg,2001,2004,3
54165.jpg,2001,1010,-991
54170.jpg,2001,2009,8
54175.jpg,2002,2023,21
54180.jpg,2002,1939,-63
54185.jpg,2002,2009,7
54190.jpg,2002,2005,3
54195.jpg,2002,2019,17
54200.jpg,2002,2013,11
54205.jpg,2002,2012,10
54210.jpg,2002,2019,17
54215.jpg,2002,2002,0
54220.jpg,2002,2008,6
54225.jpg,2002,1999,-3
54230.jpg,2002,2023,21
54235.jpg,2002,2019,17
54240.jpg,2002,2007,5
54245.jpg,2002,2008,6
54250.jpg,2002,2019,17
54255.jpg,2002,1900,-102
54260.jpg,2002,2002,0
54265.jpg,2002,2003,1
54270.jpg,2002,2001,-1
54275.jpg,2002,2019,17
54280.jpg,2002,2021,19
54285.jpg,2002,2010,8
54290.jpg,2002,2006,4
54295.jpg,2002,2003,1
54300.jpg,2002,2019,17
54305.jpg,2002,1959,-43
54310.jpg,2002,2009,7
54315.jpg,2002,2009,7
54320.jpg,2002,1607,-395
54325.jpg,2002,1999,-3
54330.jpg,2002,1651,-351
54335.jpg,2002,2013,11
54340.jpg,2002,2019,17
54345.jpg,2002,2000,-2
54350.jpg,2002,2009,7
54355.jpg,2002,2008,6
54360.jpg,2002,2019,17
54365.jpg,2002,2009,7
54370.jpg,2002,2009,7
54375.jpg,2002,2021,19
54380.jpg,2002,1829,-173
54385.jpg,2002,2007,5
54390.jpg,2002,2019,17
54395.jpg,2002,2001,-1
54400.jpg,2002,2002,0
54405.jpg,2003,2007,4
54410.jpg,2003,2019,16
54415.jpg,2003,2019,16
54420.jpg,2003,2019,16
54425.jpg,2003,2005,2
54430.jpg,2003,2010,7
54435.jpg,2003,2011,8
54440.jpg,2003,2008,5
54445.jpg,2003,2019,16
54450.jpg,2003,2008,5
54455.jpg,2003,2019,16
54460.jpg,2003,2019,16
54465.jpg,2003,2002,-1
54470.jpg,2003,2020,17
54475.jpg,2003,2021,18
54480.jpg,2003,2019,16
54485.jpg,2003,1997,-6
54490.jpg,2003,2019,16
54495.jpg,2003,2006,3
54500.jpg,2003,2001,-2
54505.jpg,2003,2019,16
54510.jpg,2003,2021,18
54515.jpg,2003,2019,16
54520.jpg,2003,1707,-296
54525.jpg,2003,2019,16
54530.jpg,2003,2002,-1
54535.jpg,2003,2019,16
54540.jpg,2003,1710,-293
54545.jpg,2003,1900,-103
54550.jpg,2003,2000,-3
54555.jpg,2003,1551,-452
54560.jpg,2003,2000,-3
54565.jpg,2003,2002,-1
54570.jpg,2003,2011,8
54575.jpg,2003,2008,5
54580.jpg,2003,1996,-7
54585.jpg,2003,2019,16
54590.jpg,2003,2001,-2
54595.jpg,2003,2000,-3
54600.jpg,2003,2013,10
54605.jpg,2004,2021,17
54610.jpg,2004,2010,6
54615.jpg,2004,2023,19
54620.jpg,2004,2019,15
54625.jpg,2004,2009,5
54630.jpg,2004,2013,9
54635.jpg,2004,2018,14
54640.jpg,2004,2019,15
54645.jpg,2004,2014,10
54650.jpg,2004,2021,17
54655.jpg,2004,2005,1
54660.jpg,2004,2009,5
54665.jpg,2004,2019,15
54670.jpg,2004,2007,3
54675.jpg,2004,2007,3
54680.jpg,2004,2007,3
54685.jpg,2004,2009,5
54690.jpg,2004,2003,-1
54695.jpg,2004,1067,-937
54700.jpg,2004,2019,15
54705.jpg,2004,2021,17
54710.jpg,2004,2021,17
54715.jpg,2004,2007,3
54720.jpg,2004,2001,-3
54725.jpg,2004,2019,15
54730.jpg,2004,2008,4
54735.jpg,2004,2000,-4
54740.jpg,2004,2019,15
54745.jpg,2004,2019,15
54750.jpg,2004,2019,15
54755.jpg,2004,1604,-400
54760.jpg,2004,1612,-392
54765.jpg,2004,1604,-400
54770.jpg,2004,2013,9
54775.jpg,2004,2008,4
54780.jpg,2004,2011,7
54785.jpg,2004,1999,-5
54790.jpg,2004,2010,6
54795.jpg,2004,2019,15
54800.jpg,2004,2002,-2
54805.jpg,2004,2009,5
54810.jpg,2004,2019,15
54815.jpg,2004,2007,3
54820.jpg,2004,2019,15
54825.jpg,2004,2019,15
54830.jpg,2004,2002,-2
54835.jpg,2004,2019,15
54840.jpg,2004,2019,15
54845.jpg,2005,1590,-415
54850.jpg,2005,1999,-6
54855.jpg,2005,2007,2
54860.jpg,2005,2002,-3
54865.jpg,2005,2019,14
54870.jpg,2005,2003,-2
54875.jpg,2005,2005,0
54880.jpg,2005,2007,2
54885.jpg,2005,2006,1
54890.jpg,2005,2005,0
54895.jpg,2005,2009,4
54900.jpg,2005,2001,-4
54905.jpg,2005,2002,-3
54910.jpg,2005,2005,0
54915.jpg,2005,2001,-4
54920.jpg,2005,2019,14
54925.jpg,2005,2008,3
54930.jpg,2005,2002,-3
54935.jpg,2005,2010,5
54940.jpg,2005,2007,2
54945.jpg,2005,2008,3
54950.jpg,2005,2005,0
54955.jpg,2005,2007,2
54960.jpg,2005,2007,2
54965.jpg,2005,2007,2
54970.jpg,2005,2021,16
54975.jpg,2005,2007,2
54980.jpg,2005,2001,-4
54985.jpg,2005,2007,2
54990.jpg,2005,2008,3
54995.jpg,2005,1926,-79
55000.jpg,2005,1999,-6
55005.jpg,2005,2002,-3
55010.jpg,2005,1993,-12
55015.jpg,2005,2000,-5
55020.jpg,2005,2009,4
55025.jpg,2005,2002,-3
55030.jpg,2005,2019,14
55035.jpg,2005,2008,3
55040.jpg,2005,2002,-3
55045.jpg,2005,2019,14
55050.jpg,2005,2019,14
55055.jpg,2005,2019,14
55060.jpg,2005,2019,14
55065.jpg,2005,2010,5
55070.jpg,2005,2023,18
55075.jpg,2005,2008,3
55080.jpg,2005,2019,14
55085.jpg,2005,2000,-5
55090.jpg,2005,2000,-5
55095.jpg,2005,2000,-5
55100.jpg,2005,2005,0
55105.jpg,2005,2007,2
55110.jpg,2005,2004,-1
55115.jpg,2005,2008,3
55120.jpg,2005,2010,5
55125.jpg,2005,2019,14
55130.jpg,2005,2019,14
55135.jpg,2006,2009,3
55140.jpg,2006,2021,15
55145.jpg,2006,1947,-59
55150.jpg,2006,1961,-45
55155.jpg,2006,2009,3
55160.jpg,2006,2005,-1
55165.jpg,2006,2008,2
55170.jpg,2006,2011,5
55175.jpg,2006,2009,3
55180.jpg,2006,1918,-88
55185.jpg,2006,2005,-1
55190.jpg,2006,2019,13
55195.jpg,2006,2007,1
55200.jpg,2006,2019,13
55205.jpg,2006,2010,4
55210.jpg,2006,2018,12
55215.jpg,2006,2019,13
55220.jpg,2006,2009,3
55225.jpg,2006,2019,13
55230.jpg,2006,2019,13
55235.jpg,2006,2005,-1
55240.jpg,2006,2019,13
55245.jpg,2006,2001,-5
55250.jpg,2006,2010,4
55255.jpg,2006,1999,-7
55260.jpg,2006,1808,-198
55265.jpg,2006,2009,3
55270.jpg,2006,2003,-3
55275.jpg,2006,2019,13
55280.jpg,2006,2021,15
55285.jpg,2006,2019,13
55290.jpg,2006,2010,4
55295.jpg,2006,2021,15
55300.jpg,2006,2012,6
55305.jpg,2006,2009,3
55310.jpg,2006,2002,-4
55315.jpg,2006,1012,-994
55320.jpg,2006,2019,13
55325.jpg,2006,1969,-37
55330.jpg,2006,2004,-2
55335.jpg,2007,1591,-416
55340.jpg,2007,2002,-5
55345.jpg,2007,2019,12
55350.jpg,2007,2002,-5
55355.jpg,2007,2019,12
55360.jpg,2007,2007,0
55365.jpg,2007,2005,-2
55370.jpg,2007,2019,12
55375.jpg,2007,2005,-2
55380.jpg,2007,2019,12
55385.jpg,2007,2001,-6
55390.jpg,2007,2019,12
55395.jpg,2007,2022,15
55400.jpg,2007,2019,12
55405.jpg,2007,2019,12
55410.jpg,2007,2021,14
55415.jpg,2007,2008,1
55420.jpg,2007,2007,0
55425.jpg,2007,2019,12
55430.jpg,2007,2019,12
55435.jpg,2007,2007,0
55440.jpg,2007,2007,0
55445.jpg,2007,2021,14
55450.jpg,2007,2019,12
55455.jpg,2007,2019,12
55460.jpg,2007,1066,-941
55465.jpg,2007,2019,12
55470.jpg,2007,1947,-60
55475.jpg,2007,2005,-2
55480.jpg,2007,2007,0
55485.jpg,2007,2007,0
55490.jpg,2007,1992,-15
55495.jpg,2007,2024,17
55500.jpg,2007,2011,4
55505.jpg,2007,2019,12
55510.jpg,2007,2000,-7
55515.jpg,2007,2009,2
55520.jpg,2007,2008,1
55525.jpg,2007,1710,-297
55530.jpg,2007,2009,2
55535.jpg,2007,2009,2
55540.jpg,2007,2010,3
55545.jpg,2007,2002,-5
55550.jpg,2007,2002,-5
55555.jpg,2007,2002,-5
55560.jpg,2007,2000,-7
55565.jpg,2007,2019,12
55570.jpg,2007,2019,12
55575.jpg,2007,2000,-7
55580.jpg,2007,2019,12
55585.jpg,2007,2019,12
55590.jpg,2007,2007,0
55595.jpg,2007,1957,-50
55600.jpg,2007,2019,12
55605.jpg,2007,1992,-15
55610.jpg,2008,1609,-399
55615.jpg,2008,2019,11
55620.jpg,2008,2019,11
55625.jpg,2008,2019,11
55630.jpg,2008,2008,0
55635.jpg,2008,2019,11
55640.jpg,2008,2007,-1
55645.jpg,2008,2018,10
55650.jpg,2008,1999,-9
55655.jpg,2008,2009,1
55660.jpg,2008,2021,13
55665.jpg,2008,2002,-6
55670.jpg,2008,2007,-1
55675.jpg,2008,2012,4
55680.jpg,2008,2005,-3
55685.jpg,2008,2007,-1
55690.jpg,2008,2019,11
55695.jpg,2008,2019,11
55700.jpg,2008,1999,-9
55705.jpg,2008,2019,11
55710.jpg,2008,2019,11
55715.jpg,2008,2019,11
55720.jpg,2008,2019,11
55725.jpg,2008,2021,13
55730.jpg,2008,2007,-1
55735.jpg,2008,1458,-550
55740.jpg,2008,2003,-5
55745.jpg,2008,2000,-8
55750.jpg,2008,1407,-601
55755.jpg,2008,2019,11
55760.jpg,2008,1996,-12
55765.jpg,2008,1999,-9
55770.jpg,2008,1814,-194
55775.jpg,2008,2005,-3
55780.jpg,2008,2019,11
55785.jpg,2008,2003,-5
55790.jpg,2008,2009,1
55795.jpg,2008,2000,-8
55800.jpg,2008,2009,1
55805.jpg,2008,2010,2
55810.jpg,2008,2011,3
55815.jpg,2008,2008,0
55820.jpg,2008,1010,-998
55825.jpg,2008,2005,-3
55830.jpg,2008,1001,-1007
55835.jpg,2009,2021,12
55840.jpg,2009,1719,-290
55845.jpg,2009,2000,-9
55850.jpg,2009,2019,10
55855.jpg,2009,2010,1
55860.jpg,2009,2005,-4
55865.jpg,2009,2005,-4
55870.jpg,2009,2023,14
55875.jpg,2009,2019,10
55880.jpg,2009,2019,10
55885.jpg,2009,2007,-2
55890.jpg,2009,1010,-999
55895.jpg,2009,2007,-2
55900.jpg,2009,2005,-4
55905.jpg,2009,2019,10
55910.jpg,2009,2019,10
55915.jpg,2009,2019,10
55920.jpg,2009,2019,10
55925.jpg,2009,2019,10
55930.jpg,2009,2019,10
55935.jpg,2009,2002,-7
55940.jpg,2009,2008,-1
55945.jpg,2009,1012,-997
55950.jpg,2009,2007,-2
55955.jpg,2009,2001,-8
55960.jpg,2009,2019,10
55965.jpg,2009,2019,10
55970.jpg,2009,2019,10
55975.jpg,2009,2019,10
55980.jpg,2009,2019,10
55985.jpg,2009,1010,-999
55990.jpg,2009,2000,-9
55995.jpg,2009,2007,-2
56000.jpg,2009,2019,10
56005.jpg,2009,1850,-159
56010.jpg,2009,1815,-194
56015.jpg,2009,2019,10
56020.jpg,2009,2001,-8
56025.jpg,2009,2010,1
56030.jpg,2009,2010,1
56035.jpg,2009,2005,-4
56040.jpg,2009,2019,10
56045.jpg,2009,2008,-1
56050.jpg,2009,2009,0
56055.jpg,2009,2007,-2
56060.jpg,2009,1982,-27
56065.jpg,2009,2007,-2
56070.jpg,2009,2000,-9
56075.jpg,2009,1016,-993
56080.jpg,2010,2021,11
56085.jpg,2010,2002,-8
56090.jpg,2010,2001,-9
56095.jpg,2010,2009,-1
56100.jpg,2010,2013,3
56105.jpg,2010,2019,9
56110.jpg,2010,2009,-1
56115.jpg,2010,2010,0
56120.jpg,2010,2003,-7
56125.jpg,2010,2009,-1
56130.jpg,2010,2009,-1
56135.jpg,2010,2011,1
56140.jpg,2010,2014,4
56145.jpg,2010,2019,9
56150.jpg,2010,2005,-5
56155.jpg,2010,2007,-3
56160.jpg,2010,1961,-49
56165.jpg,2010,2014,4
56170.jpg,2010,1996,-14
56175.jpg,2010,2018,8
56180.jpg,2010,2018,8
56185.jpg,2010,2019,9
56190.jpg,2010,2008,-2
56195.jpg,2010,2021,11
56200.jpg,2010,2019,9
56205.jpg,2010,2019,9
56210.jpg,2010,2019,9
56215.jpg,2010,2019,9
56220.jpg,2010,2021,11
56225.jpg,2010,1008,-1002
56230.jpg,2010,2010,0
56235.jpg,2010,2000,-10
56240.jpg,2010,2011,1
56245.jpg,2010,2009,-1
56250.jpg,2010,2005,-5
56255.jpg,2010,2010,0
56260.jpg,2010,2003,-7
56265.jpg,2010,2019,9
56270.jpg,2010,2010,0
56275.jpg,2010,2001,-9
56280.jpg,2010,2018,8
56285.jpg,2010,2021,11
56290.jpg,2010,2019,9
56295.jpg,2010,2005,-5
56300.jpg,2010,2009,-1
56305.jpg,2010,2008,-2
56310.jpg,2010,2009,-1
56315.jpg,2011,2019,8
56320.jpg,2011,1969,-42
56325.jpg,2011,2019,8
56330.jpg,2011,2002,-9
56335.jpg,2011,2009,-2
56340.jpg,2011,2023,12
56345.jpg,2011,2018,7
56350.jpg,2011,2011,0
56355.jpg,2011,2019,8
56360.jpg,2011,2019,8
56365.jpg,2011,2019,8
56370.jpg,2011,2002,-9
56375.jpg,2011,2011,0
56380.jpg,2011,2019,8
56385.jpg,2011,2019,8
56390.jpg,2011,1999,-12
56395.jpg,2011,2009,-2
56400.jpg,2011,2021,10
56405.jpg,2011,2000,-11
56410.jpg,2011,2021,10
56415.jpg,2011,2019,8
56420.jpg,2011,2019,8
56425.jpg,2011,2019,8
56430.jpg,2011,1010,-1001
56435.jpg,2011,2019,8
56440.jpg,2011,2003,-8
56445.jpg,2011,1999,-12
56450.jpg,2011,2008,-3
56455.jpg,2011,2018,7
56460.jpg,2011,2019,8
56465.jpg,2011,2002,-9
56470.jpg,2011,2007,-4
56475.jpg,2011,1969,-42
56480.jpg,2011,2019,8
56485.jpg,2011,2013,2
56490.jpg,2011,2004,-7
56495.jpg,2011,2019,8
56500.jpg,2011,2007,-4
56505.jpg,2011,2019,8
56510.jpg,2011,2019,8
56515.jpg,2011,2009,-2
56520.jpg,2011,2003,-8
56525.jpg,2011,2000,-11
56530.jpg,2011,2012,1
56535.jpg,2012,1999,-13
56540.jpg,2012,1995,-17
56545.jpg,2012,2018,6
56550.jpg,2012,2019,7
56555.jpg,2012,1999,-13
56560.jpg,2012,2021,9
56565.jpg,2012,2019,7
56570.jpg,2012,2011,-1
56575.jpg,2012,2019,7
56580.jpg,2012,1961,-51
56585.jpg,2012,2009,-3
56590.jpg,2012,1012,-1000
56595.jpg,2012,2019,7
56600.jpg,2012,2019,7
56605.jpg,2012,2021,9
56610.jpg,2012,2008,-4
56615.jpg,2012,2007,-5
56620.jpg,2012,1990,-22
56625.jpg,2012,2007,-5
56630.jpg,2012,2019,7
56635.jpg,2012,2019,7
56640.jpg,2012,2010,-2
56645.jpg,2012,2019,7
56650.jpg,2012,2007,-5
56655.jpg,2012,2008,-4
56660.jpg,2012,2008,-4
56665.jpg,2012,1883,-129
56670.jpg,2012,2019,7
56675.jpg,2012,2009,-3
56680.jpg,2012,2019,7
56685.jpg,2012,2008,-4
56690.jpg,2012,1900,-112
56695.jpg,2012,2008,-4
56700.jpg,2012,2000,-12
56705.jpg,2012,2019,7
56710.jpg,2012,2019,7
56715.jpg,2012,2021,9
56720.jpg,2013,1995,-18
56725.jpg,2013,2009,-4
56730.jpg,2013,1710,-303
56735.jpg,2013,2019,6
56740.jpg,2013,2019,6
56745.jpg,2013,2007,-6
56750.jpg,2013,2019,6
56755.jpg,2013,2009,-4
56760.jpg,2013,1961,-52
56765.jpg,2013,2019,6
56770.jpg,2013,2019,6
56775.jpg,2013,2009,-4
56780.jpg,2013,2008,-5
56785.jpg,2013,2019,6
56790.jpg,2013,1111,-902
56795.jpg,2013,2009,-4
56800.jpg,2013,2019,6
56805.jpg,2013,2008,-5
56810.jpg,2013,2022,9
56815.jpg,2013,1051,-962
56820.jpg,2013,2007,-6
56825.jpg,2013,1719,-294
56830.jpg,2013,1604,-409
56835.jpg,2013,1999,-14
56840.jpg,2013,2008,-5
56845.jpg,2013,2001,-12
56850.jpg,2013,2011,-2
56855.jpg,2013,2019,6
56860.jpg,2013,1999,-14
56865.jpg,2013,2019,6
56870.jpg,2013,2019,6
56875.jpg,2013,1999,-14
56880.jpg,2013,2019,6
56885.jpg,2013,2021,8
56890.jpg,2013,2002,-11
56895.jpg,2013,1001,-1012
56900.jpg,2014,2021,7
56905.jpg,2014,2009,-5
56910.jpg,2014,2011,-3
56915.jpg,2014,2009,-5
56920.jpg,2014,2018,4
56925.jpg,2014,2019,5
56930.jpg,2014,2021,7
56935.jpg,2014,2019,5
56940.jpg,2014,2019,5
56945.jpg,2014,2003,-11
56950.jpg,2014,2004,-10
56955.jpg,2014,1994,-20
56960.jpg,2014,2009,-5
56965.jpg,2014,2006,-8
56970.jpg,2014,1999,-15
56975.jpg,2014,2019,5
56980.jpg,2014,2021,7
56985.jpg,2014,2019,5
56990.jpg,2014,2021,7
56995.jpg,2014,2000,-14
57000.jpg,2014,2005,-9
57005.jpg,2014,2019,5
57010.jpg,2014,2000,-14
57015.jpg,2014,2019,5
57020.jpg,2014,2000,-14
57025.jpg,2014,2019,5
57030.jpg,2014,2008,-6
57035.jpg,2014,2000,-14
57040.jpg,2014,2021,7
57045.jpg,2014,1012,-1002
57050.jpg,2014,1999,-15
57055.jpg,2014,2021,7
57060.jpg,2014,1010,-1004
57065.jpg,2014,2019,5
57070.jpg,2014,2019,5
57075.jpg,2015,2021,6
57080.jpg,2015,2008,-7
57085.jpg,2015,2009,-6
57090.jpg,2015,2018,3
57095.jpg,2015,2012,-3
57100.jpg,2015,2011,-4
57105.jpg,2015,2008,-7
57110.jpg,2015,2019,4
57115.jpg,2015,2008,-7
57120.jpg,2015,2019,4
57125.jpg,2015,2019,4
57130.jpg,2015,2022,7
57135.jpg,2015,2019,4
57140.jpg,2015,2019,4
57145.jpg,2015,2019,4
57150.jpg,2015,2013,-2
57155.jpg,2015,2008,-7
57160.jpg,2015,2019,4
57165.jpg,2015,2019,4
57170.jpg,2015,2019,4
57175.jpg,2015,2010,-5
57180.jpg,2015,2000,-15
57185.jpg,2015,2019,4
57190.jpg,2015,1000,-1015
57195.jpg,2015,2019,4
57200.jpg,2015,2019,4
57205.jpg,2015,2019,4
57210.jpg,2015,2009,-6
57215.jpg,2015,2021,6
57220.jpg,2016,2019,3
57225.jpg,2016,2019,3
57230.jpg,2016,2019,3
57235.jpg,2016,2019,3
57240.jpg,2016,2019,3
57245.jpg,2016,2019,3
57250.jpg,2016,2019,3
57255.jpg,2016,2019,3
57260.jpg,2016,2019,3
57265.jpg,2016,1008,-1008
57270.jpg,2016,2019,3
57275.jpg,2016,2000,-16
57280.jpg,2016,2019,3
57285.jpg,2016,2019,3
57290.jpg,2016,2021,5
57295.jpg,2016,2019,3
57300.jpg,2016,2019,3
57305.jpg,2016,2000,-16
57310.jpg,2016,2018,2
57315.jpg,2016,2019,3
57320.jpg,2016,2019,3
57325.jpg,2016,2009,-7
57330.jpg,2016,2019,3
57335.jpg,2016,2007,-9
57340.jpg,2016,2019,3
57345.jpg,2016,1961,-55
57350.jpg,2016,2019,3
57355.jpg,2016,2021,5
57360.jpg,2016,2000,-16
57365.jpg,2017,2012,-5
57370.jpg,2017,2019,2
57375.jpg,2017,2008,-9
57380.jpg,2017,2005,-12
57385.jpg,2017,1013,-1004
57390.jpg,2017,2019,2
57395.jpg,2017,2019,2
57400.jpg,2017,2006,-11
57405.jpg,2017,2019,2
57410.jpg,2017,1719,-298
57415.jpg,2017,2019,2
57420.jpg,2017,2019,2
57425.jpg,2017,2019,2
57430.jpg,2017,2019,2
57435.jpg,2017,2019,2
57440.jpg,2017,2019,2
57445.jpg,2017,1011,-1006
57450.jpg,2017,2018,1
57455.jpg,2017,2019,2
57460.jpg,2017,2009,-8
57465.jpg,2017,2009,-8
57470.jpg,2017,2019,2
57475.jpg,2017,2021,4
57480.jpg,2018,2019,1
57485.jpg,2018,2019,1
57490.jpg,2018,2019,1
57495.jpg,2018,2018,0
57500.jpg,2018,2019,1
57505.jpg,2018,2019,1
57510.jpg,2018,2019,1
57515.jpg,2018,2019,1
57520.jpg,2018,2021,3
57525.jpg,2018,2019,1
57530.jpg,2018,2008,-10
57535.jpg,2018,1604,-414
57540.jpg,2018,2001,-17
57545.jpg,2018,2019,1
57550.jpg,2018,2019,1
57555.jpg,2018,2019,1
57560.jpg,2018,2021,3
57565.jpg,2018,1010,-1008
57570.jpg,2018,2019,1
57575.jpg,2018,2019,1
57580.jpg,2019,1961,-58
57585.jpg,2019,2019,0
57590.jpg,2019,2019,0
57595.jpg,2019,2019,0
57600.jpg,2019,2019,0
57605.jpg,2019,2019,0
57610.jpg,2019,2019,0
57615.jpg,2019,2019,0
57620.jpg,2019,2021,2
57625.jpg,2019,2000,-19
57630.jpg,2019,2008,-11
57635.jpg,2019,2019,0
57640.jpg,2019,2021,2
57645.jpg,2019,2021,2
57650.jpg,2019,1051,-968
57655.jpg,2019,2009,-10
57660.jpg,2019,2019,0
57665.jpg,2019,2009,-10
57670.jpg,2020,2019,-1
57675.jpg,2020,2019,-1
57680.jpg,2020,2019,-1
57685.jpg,2020,2019,-1
57690.jpg,2020,2019,-1
57695.jpg,2020,2019,-1
57700.jpg,2020,2006,-14
57705.jpg,2020,1000,-1020
57710.jpg,2020,1936,-84
57715.jpg,2020,2009,-11
57720.jpg,2020,2018,-2
57725.jpg,2020,2019,-1
57730.jpg,2021,2021,0
57735.jpg,2021,2010,-11
57740.jpg,2021,2019,-2
57745.jpg,2021,2019,-2
57750.jpg,2021,2019,-2
57755.jpg,2021,2007,-14
57760.jpg,2021,2000,-21
57765.jpg,2021,2019,-2
57770.jpg,2021,2021,0
57775.jpg,2021,1604,-417
57780.jpg,2021,2019,-2
57785.jpg,2021,2000,-21
57790.jpg,2021,2021,0
57795.jpg,2021,2019,-2
57800.jpg,2021,2019,-2
57805.jpg,2022,2008,-14
57810.jpg,2022,2019,-3
57815.jpg,2022,2019,-3
57820.jpg,2022,1011,-1011
57825.jpg,2022,2022,0
57830.jpg,2022,2021,-1
57835.jpg,2022,2019,-3
57840.jpg,2022,2019,-3
57845.jpg,2022,2019,-3
57850.jpg,2022,2019,-3
57855.jpg,2022,2009,-13
57860.jpg,2022,2019,-3
57865.jpg,2022,2019,-3
57870.jpg,2022,2021,-1
57875.jpg,2023,2019,-4
57880.jpg,2023,2019,-4
57885.jpg,2023,2019,-4
57890.jpg,2023,2019,-4
57895.jpg,2023,2021,-2
57900.jpg,2023,2019,-4
57905.jpg,2023,2000,-23
57910.jpg,2023,2019,-4
57915.jpg,2023,2019,-4
57920.jpg,2023,2018,-5
57925.jpg,2024,1900,-124
57930.jpg,2024,2019,-5
