name,year,pred,diff
5.jpg,1008,1098,90
10.jpg,1016,1980,964
15.jpg,1022,1200,178
20.jpg,1028,1600,572
25.jpg,1036,1980,944
30.jpg,1048,2000,952
35.jpg,1051,1200,149
40.jpg,1061,1200,139
45.jpg,1063,1627,564
55.jpg,1070,1176,106
60.jpg,1076,1565,489
65.jpg,1080,1483,403
70.jpg,1090,1200,110
75.jpg,1093,1940,847
80.jpg,1097,1850,753
85.jpg,1100,500,-600
90.jpg,1100,1850,750
95.jpg,1107,1710,603
100.jpg,1110,1857,747
105.jpg,1114,1031,-83
110.jpg,1116,1500,384
120.jpg,1120,1300,180
125.jpg,1122,1687,565
130.jpg,1125,1500,375
135.jpg,1128,1150,22
140.jpg,1129,1350,221
145.jpg,1130,1180,50
150.jpg,1131,1113,-18
155.jpg,1134,1730,596
165.jpg,1138,1850,712
170.jpg,1140,1150,10
175.jpg,1144,1140,-4
180.jpg,1146,1300,154
185.jpg,1147,1304,157
190.jpg,1149,1102,-47
195.jpg,1150,1200,50
200.jpg,1152,1000,-152
210.jpg,1160,1200,40
215.jpg,1165,1520,355
220.jpg,1168,1950,782
225.jpg,1170,1180,10
230.jpg,1170,1500,330
235.jpg,1172,100,-1072
240.jpg,1175,1392,217
245.jpg,1177,1180,3
255.jpg,1180,1208,28
260.jpg,1180,1180,0
265.jpg,1180,1300,120
275.jpg,1185,1226,41
280.jpg,1189,1682,493
285.jpg,1191,1250,59
290.jpg,1192,1180,-12
295.jpg,1194,1400,206
300.jpg,1196,1113,-83
305.jpg,1198,1528,330
310.jpg,1199,1200,1
315.jpg,1200,1905,705
320.jpg,1202,1300,98
325.jpg,1204,1650,446
330.jpg,1208,1650,442
335.jpg,1211,1783,572
340.jpg,1212,1300,88
345.jpg,1215,1730,515
350.jpg,1217,1250,33
355.jpg,1220,1487,267
360.jpg,1221,1500,279
365.jpg,1222,1452,230
370.jpg,1224,1210,-14
375.jpg,1226,1427,201
380.jpg,1227,1700,473
385.jpg,1229,1490,261
390.jpg,1231,1400,169
395.jpg,1232,1250,18
405.jpg,1237,1500,263
410.jpg,1238,1300,62
415.jpg,1240,1400,160
420.jpg,1242,1601,359
425.jpg,1245,1400,155
430.jpg,1247,1164,-83
435.jpg,1248,1248,0
440.jpg,1250,1500,250
445.jpg,1250,1180,-70
450.jpg,1252,1900,648
455.jpg,1255,1300,45
460.jpg,1259,1700,441
465.jpg,1260,1300,40
470.jpg,1263,1220,-43
475.jpg,1264,1250,-14
485.jpg,1270,1230,-40
490.jpg,1270,1490,220
495.jpg,1270,1750,480
500.jpg,1271,1500,229
505.jpg,1273,1400,127
510.jpg,1275,1650,375
515.jpg,1277,1000,-277
520.jpg,1278,1250,-28
525.jpg,1279,1300,21
530.jpg,1280,1750,470
535.jpg,1285,1250,-35
540.jpg,1288,1250,-38
545.jpg,1289,1600,311
550.jpg,1290,1100,-190
555.jpg,1291,1200,-91
560.jpg,1293,1349,56
565.jpg,1295,1300,5
570.jpg,1298,1890,592
575.jpg,1300,1600,300
580.jpg,1300,1300,0
585.jpg,1300,1750,450
590.jpg,1301,1540,239
595.jpg,1303,1450,147
600.jpg,1305,1185,-120
605.jpg,1307,1840,533
610.jpg,1309,1794,485
615.jpg,1310,1300,-10
620.jpg,1311,1550,239
625.jpg,1313,1298,-15
630.jpg,1314,1186,-128
635.jpg,1317,1400,83
640.jpg,1319,1100,-219
645.jpg,1320,1485,165
650.jpg,1322,1088,-234
655.jpg,1324,1325,1
660.jpg,1325,1500,175
665.jpg,1326,1500,174
670.jpg,1327,1720,393
675.jpg,1328,1300,-28
680.jpg,1330,1730,400
685.jpg,1330,1283,-47
690.jpg,1331,1730,399
695.jpg,1333,1500,167
700.jpg,1335,1250,-85
705.jpg,1337,1350,13
710.jpg,1338,1550,212
715.jpg,1340,1876,536
720.jpg,1340,1600,260
725.jpg,1343,1588,245
730.jpg,1345,1490,145
735.jpg,1345,1600,255
740.jpg,1346,1905,559
745.jpg,1347,1750,403
750.jpg,1347,1570,223
755.jpg,1349,1400,51
760.jpg,1350,1750,400
765.jpg,1350,1350,0
775.jpg,1353,1500,147
780.jpg,1354,1020,-334
785.jpg,1356,1200,-156
790.jpg,1358,1550,192
795.jpg,1360,1500,140
800.jpg,1361,1100,-261
805.jpg,1362,1385,23
810.jpg,1364,1910,546
815.jpg,1365,1600,235
825.jpg,1370,1660,290
830.jpg,1371,1282,-89
835.jpg,1373,1868,495
840.jpg,1375,1650,275
845.jpg,1377,1385,8
850.jpg,1380,2000,620
855.jpg,1381,1870,489
860.jpg,1382,1600,218
865.jpg,1384,1420,36
870.jpg,1386,2001,615
875.jpg,1389,1493,104
880.jpg,1390,1400,10
885.jpg,1394,1453,59
890.jpg,1396,1396,0
895.jpg,1397,1400,3
900.jpg,1398,1396,-2
905.jpg,1399,1100,-299
910.jpg,1400,1550,150
915.jpg,1401,1600,199
920.jpg,1402,1690,288
925.jpg,1405,1900,495
930.jpg,1406,1310,-96
935.jpg,1409,1400,-9
940.jpg,1410,1600,190
945.jpg,1410,1380,-30
950.jpg,1411,1100,-311
955.jpg,1413,1303,-110
960.jpg,1414,1632,218
965.jpg,1417,1420,3
970.jpg,1419,1950,531
975.jpg,1420,1550,130
980.jpg,1420,1420,0
985.jpg,1422,1790,368
990.jpg,1424,1359,-65
995.jpg,1425,1500,75
1000.jpg,1426,1500,74
1005.jpg,1428,1764,336
1010.jpg,1430,1758,328
1015.jpg,1431,1350,-81
1025.jpg,1435,1905,470
1030.jpg,1436,100,-1336
1035.jpg,1438,1750,312
1040.jpg,1440,1250,-190
1045.jpg,1441,1750,309
1050.jpg,1442,1920,478
1055.jpg,1444,1579,135
1060.jpg,1446,1932,486
1065.jpg,1448,1591,143
1070.jpg,1450,1520,70
1075.jpg,1450,1100,-350
1080.jpg,1451,2005,554
1085.jpg,1452,1453,1
1090.jpg,1453,1922,469
1095.jpg,1455,1267,-188
1100.jpg,1457,1600,143
1105.jpg,1458,1373,-85
1110.jpg,1459,1420,-39
1115.jpg,1460,1500,40
1120.jpg,1462,1904,442
1125.jpg,1462,1250,-212
1130.jpg,1464,1300,-164
1135.jpg,1465,1750,285
1140.jpg,1466,1475,9
1145.jpg,1467,1550,83
1150.jpg,1468,1497,29
1155.jpg,1469,1188,-281
1160.jpg,1470,1739,269
1165.jpg,1470,1400,-70
1170.jpg,1472,1600,128
1175.jpg,1473,1840,367
1180.jpg,1475,1400,-75
1185.jpg,1477,1477,0
1190.jpg,1477,1650,173
1195.jpg,1479,1600,121
1200.jpg,1480,1564,84
1205.jpg,1482,1600,118
1210.jpg,1482,1500,18
1215.jpg,1483,1650,167
1220.jpg,1485,1500,15
1225.jpg,1487,1750,263
1230.jpg,1487,1402,-85
1235.jpg,1488,1748,260
1240.jpg,1489,1450,-39
1245.jpg,1490,1570,80
1250.jpg,1490,1500,10
1255.jpg,1491,1585,94
1260.jpg,1492,1750,258
1265.jpg,1493,1700,207
1270.jpg,1494,1550,56
1275.jpg,1495,1503,8
1280.jpg,1496,1579,83
1285.jpg,1497,1930,433
1290.jpg,1497,1499,2
1295.jpg,1498,1500,2
1300.jpg,1499,1481,-18
1305.jpg,1500,1500,0
1310.jpg,1500,1728,228
1315.jpg,1501,1650,149
1325.jpg,1503,1650,147
1330.jpg,1504,1530,26
1335.jpg,1505,1750,245
1340.jpg,1506,1506,0
1345.jpg,1507,1500,-7
1350.jpg,1508,1540,32
1355.jpg,1508,1720,212
1360.jpg,1509,1602,93
1365.jpg,1510,1910,400
1370.jpg,1510,1950,440
1375.jpg,1511,1480,-31
1380.jpg,1512,1189,-323
1385.jpg,1513,1585,72
1390.jpg,1513,1600,87
1395.jpg,1515,1500,-15
1400.jpg,1515,1750,235
1405.jpg,1516,1750,234
1410.jpg,1517,1500,-17
1415.jpg,1518,1520,2
1420.jpg,1518,1570,52
1425.jpg,1520,1650,130
1430.jpg,1521,1532,11
1435.jpg,1521,1492,-29
1440.jpg,1522,1995,473
1445.jpg,1523,1900,377
1450.jpg,1524,1660,136
1455.jpg,1525,1725,200
1460.jpg,1526,1710,184
1465.jpg,1526,1572,46
1470.jpg,1527,1550,23
1475.jpg,1528,1750,222
1480.jpg,1528,1940,412
1485.jpg,1530,1409,-121
1490.jpg,1530,1610,80
1495.jpg,1530,1600,70
1500.jpg,1531,1858,327
1505.jpg,1531,1700,169
1510.jpg,1532,1766,234
1515.jpg,1532,1650,118
1520.jpg,1533,1750,217
1525.jpg,1534,1750,216
1530.jpg,1535,1650,115
1535.jpg,1535,1870,335
1540.jpg,1536,1750,214
1545.jpg,1537,1600,63
1550.jpg,1537,1630,93
1555.jpg,1538,1488,-50
1560.jpg,1539,1540,1
1565.jpg,1540,1542,2
1570.jpg,1540,1540,0
1575.jpg,1540,1500,-40
1580.jpg,1540,1580,40
1590.jpg,1542,1626,84
1595.jpg,1543,1720,177
1600.jpg,1543,1604,61
1605.jpg,1544,1550,6
1610.jpg,1545,1770,225
1615.jpg,1545,1750,205
1620.jpg,1547,1519,-28
1625.jpg,1548,1722,174
1630.jpg,1549,1750,201
1635.jpg,1549,1750,201
1640.jpg,1550,1550,0
1645.jpg,1550,1750,200
1650.jpg,1550,1490,-60
1655.jpg,1550,1550,0
1660.jpg,1551,1820,269
1665.jpg,1551,1588,37
1670.jpg,1552,1600,48
1675.jpg,1553,1850,297
1680.jpg,1554,1722,168
1685.jpg,1554,1622,68
1690.jpg,1555,1550,-5
1695.jpg,1556,1990,434
1700.jpg,1557,1850,293
1705.jpg,1558,1930,372
1710.jpg,1558,1853,295
1715.jpg,1559,1585,26
1720.jpg,1559,1600,41
1725.jpg,1560,1700,140
1730.jpg,1560,1562,2
1735.jpg,1560,1750,190
1740.jpg,1561,1930,369
1745.jpg,1561,1489,-72
1750.jpg,1562,1511,-51
1755.jpg,1563,1780,217
1760.jpg,1564,1650,86
1765.jpg,1565,1904,339
1770.jpg,1565,1560,-5
1775.jpg,1565,1820,255
1780.jpg,1566,1619,53
1785.jpg,1567,1750,183
1790.jpg,1567,1547,-20
1795.jpg,1568,1400,-168
1800.jpg,1568,1563,-5
1805.jpg,1569,1750,181
1810.jpg,1570,1750,180
1815.jpg,1570,1716,146
1820.jpg,1570,1600,30
1825.jpg,1571,1750,179
1830.jpg,1572,1550,-22
1835.jpg,1572,1570,-2
1840.jpg,1573,1550,-23
1845.jpg,1573,1920,347
1850.jpg,1574,1704,130
1855.jpg,1574,1574,0
1860.jpg,1575,1750,175
1865.jpg,1575,1550,-25
1870.jpg,1575,1865,290
1875.jpg,1576,1707,131
1880.jpg,1577,1770,193
1885.jpg,1578,1720,142
1890.jpg,1578,1884,306
1895.jpg,1579,1525,-54
1900.jpg,1579,1574,-5
1905.jpg,1580,1753,173
1910.jpg,1580,1750,170
1915.jpg,1581,1575,-6
1920.jpg,1581,1772,191
1925.jpg,1582,1850,268
1930.jpg,1582,1920,338
1935.jpg,1583,1556,-27
1940.jpg,1584,1610,26
1945.jpg,1584,1700,116
1950.jpg,1585,1750,165
1955.jpg,1585,1550,-35
1960.jpg,1585,1750,165
1965.jpg,1586,1545,-41
1970.jpg,1586,1750,164
1975.jpg,1587,1589,2
1980.jpg,1588,1575,-13
1985.jpg,1588,1870,282
1990.jpg,1588,1605,17
1995.jpg,1588,1613,25
2000.jpg,1589,1850,261
2005.jpg,1590,1520,-70
2010.jpg,1590,1730,140
2020.jpg,1591,1885,294
2025.jpg,1591,1770,179
2030.jpg,1592,1906,314
2035.jpg,1593,1892,299
2045.jpg,1595,1610,15
2050.jpg,1595,1580,-15
2055.jpg,1595,1588,-7
2060.jpg,1596,1900,304
2065.jpg,1596,1700,104
2070.jpg,1597,1965,368
2075.jpg,1597,1540,-57
2080.jpg,1598,1550,-48
2085.jpg,1598,1761,163
2090.jpg,1598,1850,252
2095.jpg,1600,1599,-1
2100.jpg,1600,1631,31
2115.jpg,1602,1870,268
2125.jpg,1604,1610,6
2130.jpg,1604,1616,12
2135.jpg,1604,1620,16
2140.jpg,1605,1703,98
2145.jpg,1605,1600,-5
2150.jpg,1606,1850,244
2155.jpg,1606,1620,14
2160.jpg,1607,1650,43
2165.jpg,1607,1568,-39
2170.jpg,1608,1732,124
2175.jpg,1608,1750,142
2180.jpg,1609,1550,-59
2185.jpg,1610,1830,220
2190.jpg,1610,1580,-30
2195.jpg,1610,1672,62
2200.jpg,1610,1830,220
2205.jpg,1611,1610,-1
2210.jpg,1611,1750,139
2215.jpg,1611,1600,-11
2220.jpg,1612,1980,368
2225.jpg,1612,1914,302
2230.jpg,1613,1600,-13
2235.jpg,1613,1721,108
2240.jpg,1614,1867,253
2245.jpg,1614,1732,118
2250.jpg,1614,1607,-7
2255.jpg,1615,1930,315
2260.jpg,1615,1490,-125
2265.jpg,1616,1650,34
2270.jpg,1616,1600,-16
2275.jpg,1616,1950,334
2280.jpg,1616,1500,-116
2285.jpg,1617,1700,83
2290.jpg,1617,1480,-137
2295.jpg,1617,1700,83
2300.jpg,1618,1065,-553
2305.jpg,1618,1900,282
2310.jpg,1619,1600,-19
2315.jpg,1619,1750,131
2320.jpg,1619,1600,-19
2325.jpg,1620,1600,-20
2330.jpg,1620,1600,-20
2335.jpg,1620,1600,-20
2340.jpg,1621,1621,0
2345.jpg,1621,1650,29
2350.jpg,1622,1750,128
2360.jpg,1623,1600,-23
2365.jpg,1624,1650,26
2370.jpg,1624,1742,118
2375.jpg,1624,1720,96
2380.jpg,1625,1750,125
2385.jpg,1625,1610,-15
2390.jpg,1625,1730,105
2395.jpg,1625,1900,275
2400.jpg,1626,1650,24
2405.jpg,1626,1920,294
2410.jpg,1627,1750,123
2415.jpg,1628,1880,252
2420.jpg,1628,1812,184
2425.jpg,1629,1880,251
2430.jpg,1629,1600,-29
2435.jpg,1630,1830,200
2440.jpg,1630,1650,20
2445.jpg,1630,1710,80
2450.jpg,1630,1550,-80
2455.jpg,1631,1720,89
2460.jpg,1631,1730,99
2465.jpg,1631,1550,-81
2470.jpg,1632,1814,182
2475.jpg,1632,1850,218
2480.jpg,1632,1870,238
2485.jpg,1633,1650,17
2490.jpg,1633,1893,260
2495.jpg,1634,1898,264
2500.jpg,1634,1600,-34
2505.jpg,1634,1634,0
2510.jpg,1635,1580,-55
2515.jpg,1635,1741,106
2520.jpg,1635,1550,-85
2525.jpg,1636,1750,114
2530.jpg,1636,1700,64
2535.jpg,1636,1621,-15
2540.jpg,1637,1840,203
2545.jpg,1637,1745,108
2550.jpg,1638,1532,-106
2555.jpg,1638,1610,-28
2560.jpg,1638,1850,212
2565.jpg,1639,1750,111
2570.jpg,1639,1702,63
2575.jpg,1640,1750,110
2580.jpg,1640,1750,110
2585.jpg,1640,1720,80
2590.jpg,1641,1740,99
2595.jpg,1641,1600,-41
2600.jpg,1641,1900,259
2605.jpg,1642,1580,-62
2610.jpg,1642,1670,28
2615.jpg,1643,1799,156
2620.jpg,1644,1850,206
2625.jpg,1644,1750,106
2630.jpg,1644,1863,219
2635.jpg,1645,1850,205
2640.jpg,1645,1935,290
2645.jpg,1646,1600,-46
2650.jpg,1646,1647,1
2655.jpg,1646,1580,-66
2660.jpg,1648,1750,102
2665.jpg,1648,1830,182
2670.jpg,1648,1644,-4
2675.jpg,1649,1804,155
2680.jpg,1650,1652,2
2685.jpg,1650,1710,60
2690.jpg,1650,1750,100
2695.jpg,1650,1901,251
2700.jpg,1651,1630,-21
2705.jpg,1651,1672,21
2710.jpg,1652,1720,68
2715.jpg,1653,1600,-53
2720.jpg,1653,1631,-22
2725.jpg,1654,1650,-4
2730.jpg,1654,1763,109
2735.jpg,1655,1775,120
2745.jpg,1656,1750,94
2750.jpg,1656,1758,102
2755.jpg,1656,1830,174
2760.jpg,1657,1600,-57
2765.jpg,1657,1609,-48
2770.jpg,1658,1609,-49
2775.jpg,1658,1820,162
2780.jpg,1659,1609,-50
2785.jpg,1659,1700,41
2790.jpg,1660,1780,120
2795.jpg,1660,1720,60
2800.jpg,1660,1905,245
2805.jpg,1660,1720,60
2810.jpg,1660,1717,57
2815.jpg,1660,1753,93
2820.jpg,1660,1770,110
2825.jpg,1661,1620,-41
2830.jpg,1661,1725,64
2835.jpg,1661,1925,264
2840.jpg,1661,1896,235
2845.jpg,1662,1915,253
2850.jpg,1663,1750,87
2855.jpg,1663,1650,-13
2860.jpg,1664,1650,-14
2865.jpg,1664,1720,56
2870.jpg,1664,1750,86
2875.jpg,1665,1850,185
2880.jpg,1665,1910,245
2885.jpg,1665,1790,125
2890.jpg,1665,1680,15
2895.jpg,1666,1715,49
2900.jpg,1666,1850,184
2905.jpg,1667,1820,153
2910.jpg,1667,1650,-17
2915.jpg,1667,1648,-19
2920.jpg,1668,1730,62
2925.jpg,1669,1849,180
2930.jpg,1669,1614,-55
2935.jpg,1670,1780,110
2940.jpg,1670,1750,80
2945.jpg,1670,1750,80
2950.jpg,1670,1650,-20
2955.jpg,1671,1750,79
2960.jpg,1671,1550,-121
2965.jpg,1671,1731,60
2970.jpg,1672,1930,258
2975.jpg,1672,1850,178
2980.jpg,1673,1730,57
2985.jpg,1673,1700,27
2990.jpg,1674,1820,146
2995.jpg,1674,1750,76
3000.jpg,1674,1700,26
3010.jpg,1675,1603,-72
3020.jpg,1676,1848,172
3025.jpg,1676,1675,-1
3030.jpg,1677,1750,73
3035.jpg,1677,1771,94
3040.jpg,1677,1681,4
3045.jpg,1678,1780,102
3050.jpg,1678,1770,92
3055.jpg,1678,1600,-78
3060.jpg,1679,1750,71
3065.jpg,1679,1732,53
3075.jpg,1680,1720,40
3080.jpg,1680,1780,100
3085.jpg,1680,1675,-5
3090.jpg,1680,1750,70
3095.jpg,1680,1720,40
3100.jpg,1680,1720,40
3105.jpg,1681,1720,39
3110.jpg,1681,1700,19
3115.jpg,1681,1722,41
3120.jpg,1681,1538,-143
3125.jpg,1682,1750,68
3130.jpg,1682,1750,68
3135.jpg,1682,1738,56
3140.jpg,1682,1753,71
3145.jpg,1683,1810,127
3150.jpg,1683,1720,37
3155.jpg,1683,1700,17
3160.jpg,1683,1200,-483
3165.jpg,1683,1682,-1
3170.jpg,1684,1717,33
3175.jpg,1684,1678,-6
3180.jpg,1684,1700,16
3185.jpg,1684,1750,66
3190.jpg,1685,1750,65
3195.jpg,1685,1702,17
3200.jpg,1685,1650,-35
3205.jpg,1686,1720,34
3210.jpg,1686,1850,164
3215.jpg,1686,1920,234
3220.jpg,1686,1850,164
3225.jpg,1687,1700,13
3230.jpg,1687,1750,63
3235.jpg,1687,1830,143
3240.jpg,1688,1830,142
3245.jpg,1688,1950,262
3250.jpg,1689,1870,181
3255.jpg,1689,1770,81
3260.jpg,1689,1700,11
3270.jpg,1690,1950,260
3275.jpg,1690,1850,160
3280.jpg,1690,1850,160
3285.jpg,1690,1750,60
3290.jpg,1690,1970,280
3295.jpg,1690,1850,160
3300.jpg,1690,1835,145
3305.jpg,1691,1680,-11
3310.jpg,1691,1730,39
3315.jpg,1691,1720,29
3320.jpg,1692,1820,128
3325.jpg,1692,1937,245
3330.jpg,1693,1965,272
3335.jpg,1693,1750,57
3340.jpg,1694,1750,56
3345.jpg,1694,1650,-44
3350.jpg,1694,1783,89
3355.jpg,1695,1810,115
3360.jpg,1695,1780,85
3365.jpg,1695,1750,55
3370.jpg,1695,1750,55
3375.jpg,1695,1605,-90
3385.jpg,1696,1750,54
3390.jpg,1696,1750,54
3395.jpg,1696,1870,174
3400.jpg,1696,1730,34
3405.jpg,1696,1720,24
3410.jpg,1697,1750,53
3415.jpg,1697,1780,83
3420.jpg,1697,1910,213
3425.jpg,1697,1550,-147
3430.jpg,1698,1750,52
3435.jpg,1698,1810,112
3440.jpg,1698,1700,2
3445.jpg,1699,1720,21
3450.jpg,1699,1750,51
3455.jpg,1699,1938,239
3460.jpg,1700,1850,150
3465.jpg,1700,1920,220
3470.jpg,1700,1740,40
3475.jpg,1700,1760,60
3480.jpg,1700,1750,50
3485.jpg,1700,1750,50
3490.jpg,1700,1750,50
3495.jpg,1700,1650,-50
3500.jpg,1700,1760,60
3505.jpg,1700,1710,10
3510.jpg,1700,1601,-99
3520.jpg,1701,1840,139
3525.jpg,1701,1768,67
3535.jpg,1702,1720,18
3540.jpg,1702,1717,15
3545.jpg,1703,1703,0
3550.jpg,1704,1850,146
3555.jpg,1704,1720,16
3560.jpg,1704,1810,106
3565.jpg,1704,1750,46
3570.jpg,1704,1890,186
3575.jpg,1705,1630,-75
3580.jpg,1705,1720,15
3585.jpg,1705,1820,115
3590.jpg,1705,1697,-8
3595.jpg,1706,1779,73
3600.jpg,1706,1740,34
3605.jpg,1706,1706,0
3610.jpg,1706,1930,224
3615.jpg,1707,1750,43
3620.jpg,1707,1750,43
3625.jpg,1707,1770,63
3630.jpg,1708,1720,12
3635.jpg,1708,1720,12
3640.jpg,1708,1770,62
3645.jpg,1708,1700,-8
3650.jpg,1709,1780,71
3655.jpg,1709,1860,151
3660.jpg,1709,1776,67
3665.jpg,1709,1720,11
3670.jpg,1710,1750,40
3675.jpg,1710,1750,40
3680.jpg,1710,1750,40
3685.jpg,1710,1780,70
3690.jpg,1710,1750,40
3695.jpg,1710,1750,40
3700.jpg,1710,1820,110
3705.jpg,1710,1850,140
3710.jpg,1710,1750,40
3715.jpg,1711,1900,189
3720.jpg,1711,1720,9
3725.jpg,1711,1750,39
3730.jpg,1711,1700,-11
3735.jpg,1711,1650,-61
3740.jpg,1712,1880,168
3745.jpg,1712,1910,198
3750.jpg,1713,1550,-163
3755.jpg,1713,1780,67
3760.jpg,1713,1713,0
3765.jpg,1713,1713,0
3770.jpg,1714,1810,96
3775.jpg,1714,1790,76
3780.jpg,1714,1870,156
3785.jpg,1714,1720,6
3790.jpg,1715,1860,145
3795.jpg,1715,1920,205
3800.jpg,1715,1723,8
3805.jpg,1715,1200,-515
3810.jpg,1715,1720,5
3815.jpg,1715,1750,35
3820.jpg,1715,1840,125
3825.jpg,1715,1710,-5
3830.jpg,1715,1700,-15
3835.jpg,1716,1850,134
3840.jpg,1716,1820,104
3845.jpg,1716,1867,151
3850.jpg,1716,1880,164
3855.jpg,1716,1750,34
3860.jpg,1716,1780,64
3865.jpg,1717,1780,63
3870.jpg,1717,1750,33
3875.jpg,1717,1730,13
3880.jpg,1718,1720,2
3885.jpg,1718,1750,32
3890.jpg,1719,1738,19
3895.jpg,1719,1750,31
3900.jpg,1719,1710,-9
3905.jpg,1719,1850,131
3910.jpg,1720,1976,256
3915.jpg,1720,1788,68
3920.jpg,1720,1780,60
3925.jpg,1720,1720,0
3930.jpg,1720,1970,250
3935.jpg,1720,1780,60
3940.jpg,1720,1750,30
3945.jpg,1720,1730,10
3950.jpg,1720,1820,100
3955.jpg,1720,1800,80
3960.jpg,1720,1820,100
3965.jpg,1720,1780,60
3970.jpg,1720,1514,-206
3975.jpg,1721,1840,119
3980.jpg,1721,1850,129
3985.jpg,1721,1750,29
3990.jpg,1721,1732,11
3995.jpg,1721,1880,159
4000.jpg,1722,1722,0
4005.jpg,1722,1722,0
4010.jpg,1722,1750,28
4015.jpg,1722,1820,98
4020.jpg,1722,1732,10
4025.jpg,1723,1710,-13
4030.jpg,1723,1850,127
4035.jpg,1723,1780,57
4040.jpg,1723,1850,127
4045.jpg,1723,1713,-10
4050.jpg,1723,1600,-123
4055.jpg,1723,1940,217
4060.jpg,1724,1880,156
4065.jpg,1724,1780,56
4070.jpg,1724,1930,206
4075.jpg,1724,1780,56
4080.jpg,1724,1750,26
4085.jpg,1724,1692,-32
4090.jpg,1724,1720,-4
4095.jpg,1724,1600,-124
4100.jpg,1725,1890,165
4105.jpg,1725,1830,105
4110.jpg,1725,1880,155
4115.jpg,1725,1610,-115
4120.jpg,1725,1810,85
4125.jpg,1725,1780,55
4130.jpg,1725,1760,35
4135.jpg,1725,1762,37
4140.jpg,1725,1760,35
4145.jpg,1725,1750,25
4150.jpg,1725,1585,-140
4155.jpg,1725,1900,175
4160.jpg,1726,1910,184
4165.jpg,1726,1840,114
4170.jpg,1726,1820,94
4175.jpg,1726,1920,194
4180.jpg,1726,1605,-121
4185.jpg,1727,1750,23
4190.jpg,1727,1750,23
4195.jpg,1727,1730,3
4200.jpg,1727,1760,33
4205.jpg,1727,1783,56
4210.jpg,1727,1840,113
4215.jpg,1728,1850,122
4220.jpg,1728,1890,162
4225.jpg,1728,1750,22
4230.jpg,1728,1720,-8
4235.jpg,1728,1750,22
4240.jpg,1728,1909,181
4245.jpg,1728,1600,-128
4250.jpg,1729,1715,-14
4255.jpg,1729,1880,151
4260.jpg,1729,1780,51
4265.jpg,1729,1790,61
4270.jpg,1729,1700,-29
4275.jpg,1730,1750,20
4280.jpg,1730,1750,20
4285.jpg,1730,1780,50
4290.jpg,1730,1760,30
4295.jpg,1730,1890,160
4300.jpg,1730,1970,240
4305.jpg,1730,1750,20
4310.jpg,1730,1850,120
4315.jpg,1730,1810,80
4320.jpg,1730,1750,20
4325.jpg,1730,1920,190
4330.jpg,1730,1810,80
4335.jpg,1730,1750,20
4340.jpg,1730,1772,42
4345.jpg,1730,1780,50
4350.jpg,1730,1750,20
4355.jpg,1730,1920,190
4360.jpg,1730,1910,180
4365.jpg,1730,1961,231
4370.jpg,1731,1768,37
4375.jpg,1731,1728,-3
4380.jpg,1731,1805,74
4385.jpg,1731,1700,-31
4390.jpg,1732,2007,275
4395.jpg,1732,1753,21
4400.jpg,1732,1920,188
4405.jpg,1732,1720,-12
4410.jpg,1732,1780,48
4415.jpg,1732,1780,48
4420.jpg,1732,1710,-22
4425.jpg,1732,400,-1332
4430.jpg,1732,1600,-132
4435.jpg,1733,1712,-21
4440.jpg,1733,1762,29
4445.jpg,1733,1820,87
4450.jpg,1733,1715,-18
4455.jpg,1733,1700,-33
4460.jpg,1733,1794,61
4465.jpg,1733,1930,197
4470.jpg,1733,1850,117
4475.jpg,1734,1750,16
4480.jpg,1734,1720,-14
4485.jpg,1734,1880,146
4490.jpg,1734,1850,116
4495.jpg,1735,1842,107
4505.jpg,1735,1780,45
4510.jpg,1735,1750,15
4515.jpg,1735,1800,65
4520.jpg,1735,1750,15
4525.jpg,1735,1910,175
4530.jpg,1735,1810,75
4535.jpg,1735,1780,45
4545.jpg,1736,1872,136
4550.jpg,1736,1716,-20
4555.jpg,1736,1810,74
4560.jpg,1736,1515,-221
4565.jpg,1736,1585,-151
4570.jpg,1736,1806,70
4575.jpg,1737,1880,143
4580.jpg,1737,1930,193
4585.jpg,1737,1800,63
4590.jpg,1737,1920,183
4595.jpg,1737,1730,-7
4600.jpg,1737,1730,-7
4605.jpg,1738,1850,112
4610.jpg,1738,1750,12
4615.jpg,1738,1880,142
4620.jpg,1738,1790,52
4625.jpg,1738,1730,-8
4630.jpg,1738,1880,142
4635.jpg,1738,1778,40
4640.jpg,1739,1750,11
4645.jpg,1739,1820,81
4650.jpg,1739,1830,91
4655.jpg,1739,1750,11
4660.jpg,1739,1880,141
4665.jpg,1740,1750,10
4670.jpg,1740,1750,10
4675.jpg,1740,1750,10
4680.jpg,1740,1800,60
4685.jpg,1740,1740,0
4690.jpg,1740,1750,10
4695.jpg,1740,1850,110
4700.jpg,1740,1740,0
4705.jpg,1740,1780,40
4710.jpg,1740,1760,20
4715.jpg,1740,1720,-20
4720.jpg,1740,1750,10
4725.jpg,1740,1950,210
4730.jpg,1740,1750,10
4735.jpg,1740,1830,90
4740.jpg,1740,1759,19
4745.jpg,1740,1750,10
4750.jpg,1741,1875,134
4755.jpg,1741,1760,19
4760.jpg,1741,1940,199
4765.jpg,1741,1860,119
4770.jpg,1741,1602,-139
4775.jpg,1741,1995,254
4780.jpg,1742,1750,8
4785.jpg,1742,1770,28
4790.jpg,1742,1750,8
4795.jpg,1742,1750,8
4800.jpg,1742,1780,38
4805.jpg,1742,1760,18
4810.jpg,1742,1742,0
4815.jpg,1742,1780,38
4820.jpg,1743,1930,187
4825.jpg,1743,1720,-23
4835.jpg,1743,1750,7
4840.jpg,1743,1750,7
4845.jpg,1744,1750,6
4850.jpg,1744,1720,-24
4855.jpg,1744,1750,6
4860.jpg,1744,1750,6
4865.jpg,1744,1550,-194
4870.jpg,1745,1820,75
4875.jpg,1745,1780,35
4880.jpg,1745,1780,35
4885.jpg,1745,1605,-140
4890.jpg,1745,1750,5
4895.jpg,1745,1768,23
4900.jpg,1745,1720,-25
4905.jpg,1745,1745,0
4910.jpg,1746,1880,134
4915.jpg,1746,1720,-26
4920.jpg,1746,1730,-16
4925.jpg,1746,1200,-546
4930.jpg,1747,1810,63
4935.jpg,1747,1828,81
4940.jpg,1747,1630,-117
4945.jpg,1747,1810,63
4950.jpg,1747,1750,3
4955.jpg,1747,1700,-47
4960.jpg,1747,1750,3
4965.jpg,1748,1970,222
4970.jpg,1748,1780,32
4975.jpg,1748,1750,2
4980.jpg,1748,1850,102
4985.jpg,1748,1700,-48
4990.jpg,1749,1840,91
4995.jpg,1749,1858,109
5000.jpg,1749,1750,1
5005.jpg,1749,1950,201
5010.jpg,1749,1890,141
5015.jpg,1750,1850,100
5020.jpg,1750,1700,-50
5025.jpg,1750,1780,30
5030.jpg,1750,1675,-75
5035.jpg,1750,1840,90
5040.jpg,1750,1820,70
5045.jpg,1750,1780,30
5050.jpg,1750,1820,70
5060.jpg,1750,1750,0
5065.jpg,1750,1870,120
5070.jpg,1750,1750,0
5075.jpg,1750,1820,70
5080.jpg,1750,1750,0
5085.jpg,1750,1850,100
5090.jpg,1750,1780,30
5095.jpg,1750,1750,0
5100.jpg,1750,1900,150
5105.jpg,1750,1820,70
5110.jpg,1750,1790,40
5115.jpg,1750,1850,100
5120.jpg,1750,1750,0
5125.jpg,1750,1720,-30
5130.jpg,1750,1790,40
5135.jpg,1750,1850,100
5140.jpg,1750,1820,70
5145.jpg,1750,1720,-30
5150.jpg,1750,1750,0
5155.jpg,1750,1780,30
5160.jpg,1750,1720,-30
5165.jpg,1750,1910,160
5170.jpg,1750,1870,120
5175.jpg,1750,1850,100
5180.jpg,1750,1880,130
5185.jpg,1750,1555,-195
5190.jpg,1750,1750,0
5195.jpg,1751,1850,99
5200.jpg,1751,1770,19
5205.jpg,1751,1870,119
5210.jpg,1751,1900,149
5215.jpg,1751,1780,29
5220.jpg,1751,1751,0
5225.jpg,1752,1890,138
5230.jpg,1752,1750,-2
5235.jpg,1752,1760,8
5240.jpg,1752,1780,28
5245.jpg,1752,1756,4
5250.jpg,1752,1720,-32
5255.jpg,1752,1750,-2
5260.jpg,1752,1750,-2
5265.jpg,1752,1750,-2
5270.jpg,1752,1767,15
5275.jpg,1752,1790,38
5285.jpg,1753,1911,158
5290.jpg,1753,1780,27
5295.jpg,1753,1820,67
5300.jpg,1753,1820,67
5305.jpg,1753,1780,27
5310.jpg,1753,1753,0
5315.jpg,1753,1588,-165
5320.jpg,1753,1810,57
5325.jpg,1754,1830,76
5330.jpg,1754,1754,0
5335.jpg,1754,1780,26
5340.jpg,1754,1850,96
5345.jpg,1754,1770,16
5350.jpg,1754,1770,16
5355.jpg,1754,1700,-54
5360.jpg,1754,1890,136
5365.jpg,1754,1880,126
5370.jpg,1755,1750,-5
5375.jpg,1755,1880,125
5380.jpg,1755,1780,25
5385.jpg,1755,1870,115
5390.jpg,1755,1780,25
5395.jpg,1755,1820,65
5400.jpg,1755,1780,25
5405.jpg,1755,1840,85
5410.jpg,1755,1730,-25
5415.jpg,1756,1850,94
5420.jpg,1756,1750,-6
5425.jpg,1756,1810,54
5430.jpg,1756,1880,124
5435.jpg,1756,1762,6
5440.jpg,1756,1780,24
5445.jpg,1756,1812,56
5450.jpg,1756,1932,176
5455.jpg,1756,1700,-56
5460.jpg,1756,1776,20
5470.jpg,1757,1775,18
5475.jpg,1757,1720,-37
5480.jpg,1757,1750,-7
5485.jpg,1757,1850,93
5490.jpg,1757,1850,93
5495.jpg,1757,1910,153
5500.jpg,1758,1750,-8
5505.jpg,1758,1810,52
5510.jpg,1758,1750,-8
5515.jpg,1758,1820,62
5520.jpg,1758,1750,-8
5525.jpg,1758,1820,62
5530.jpg,1758,1806,48
5535.jpg,1759,1812,53
5540.jpg,1759,1750,-9
5545.jpg,1759,1780,21
5550.jpg,1759,1770,11
5555.jpg,1759,1780,21
5560.jpg,1759,1758,-1
5565.jpg,1760,1850,90
5570.jpg,1760,1843,83
5575.jpg,1760,1820,60
5580.jpg,1760,1850,90
5585.jpg,1760,1450,-310
5590.jpg,1761,1730,-31
5595.jpg,1761,1772,11
5600.jpg,1761,1750,-11
5605.jpg,1761,1750,-11
5610.jpg,1761,1870,109
5615.jpg,1761,1900,139
5620.jpg,1761,1700,-61
5625.jpg,1761,1964,203
5630.jpg,1762,1870,108
5635.jpg,1762,1750,-12
5640.jpg,1762,1920,158
5645.jpg,1762,1820,58
5650.jpg,1762,1770,8
5655.jpg,1762,1810,48
5660.jpg,1762,1820,58
5665.jpg,1762,1741,-21
5670.jpg,1763,1910,147
5675.jpg,1763,1780,17
5680.jpg,1763,1840,77
5685.jpg,1763,1790,27
5690.jpg,1763,1750,-13
5695.jpg,1763,1780,17
5700.jpg,1763,1600,-163
5705.jpg,1763,1760,-3
5710.jpg,1764,1850,86
5715.jpg,1764,1810,46
5720.jpg,1764,1810,46
5725.jpg,1764,1820,56
5730.jpg,1764,1720,-44
5735.jpg,1764,1830,66
5740.jpg,1764,1750,-14
5745.jpg,1764,1780,16
5750.jpg,1764,1750,-14
5755.jpg,1764,1820,56
5765.jpg,1765,1714,-51
5770.jpg,1765,1850,85
5775.jpg,1765,1820,55
5780.jpg,1765,1910,145
5785.jpg,1765,1750,-15
5790.jpg,1765,1750,-15
5795.jpg,1765,1760,-5
5800.jpg,1765,1750,-15
5805.jpg,1765,1780,15
5810.jpg,1765,1780,15
5815.jpg,1765,1780,15
5820.jpg,1765,1830,65
5825.jpg,1765,1700,-65
5830.jpg,1765,1935,170
5835.jpg,1766,2010,244
5840.jpg,1766,1850,84
5845.jpg,1766,1780,14
5850.jpg,1766,1750,-16
5855.jpg,1766,1750,-16
5860.jpg,1766,1760,-6
5865.jpg,1766,1850,84
5870.jpg,1766,1772,6
5875.jpg,1767,1749,-18
5880.jpg,1767,1780,13
5885.jpg,1767,1858,91
5890.jpg,1767,1810,43
5895.jpg,1768,1850,82
5900.jpg,1768,1820,52
5905.jpg,1768,1810,42
5910.jpg,1768,1880,112
5915.jpg,1768,1810,42
5920.jpg,1768,1780,12
5925.jpg,1768,1730,-38
5930.jpg,1768,1730,-38
5935.jpg,1768,1750,-18
5940.jpg,1768,1930,162
5945.jpg,1769,1800,31
5950.jpg,1769,1820,51
5955.jpg,1769,1750,-19
5960.jpg,1769,1750,-19
5965.jpg,1769,1770,1
5970.jpg,1769,1790,21
5975.jpg,1769,1760,-9
5980.jpg,1769,1780,11
5985.jpg,1769,1840,71
5990.jpg,1769,1800,31
5995.jpg,1769,1658,-111
6000.jpg,1770,1750,-20
6005.jpg,1770,1720,-50
6010.jpg,1770,1750,-20
6015.jpg,1770,1910,140
6020.jpg,1770,1750,-20
6025.jpg,1770,1790,20
6030.jpg,1770,1780,10
6035.jpg,1770,1750,-20
6040.jpg,1770,1780,10
6045.jpg,1770,1850,80
6050.jpg,1770,1780,10
6055.jpg,1770,1880,110
6060.jpg,1770,1940,170
6065.jpg,1770,1750,-20
6070.jpg,1770,1820,50
6075.jpg,1770,1820,50
6080.jpg,1770,1750,-20
6085.jpg,1770,1840,70
6090.jpg,1770,1780,10
6095.jpg,1770,1771,1
6100.jpg,1770,1710,-60
6105.jpg,1770,1720,-50
6115.jpg,1771,1880,109
6120.jpg,1771,1820,49
6125.jpg,1771,1810,39
6130.jpg,1771,1760,-11
6135.jpg,1771,1720,-51
6140.jpg,1771,1750,-21
6145.jpg,1771,1780,9
6150.jpg,1771,1880,109
6155.jpg,1771,1750,-21
6160.jpg,1771,1797,26
6165.jpg,1771,1748,-23
6170.jpg,1772,1820,48
6175.jpg,1772,1820,48
6180.jpg,1772,1720,-52
6185.jpg,1772,1620,-152
6190.jpg,1772,1724,-48
6195.jpg,1773,1810,37
6200.jpg,1773,1850,77
6205.jpg,1773,1790,17
6210.jpg,1773,1850,77
6215.jpg,1773,1810,37
6220.jpg,1773,1780,7
6225.jpg,1773,1780,7
6230.jpg,1773,1770,-3
6235.jpg,1773,1750,-23
6240.jpg,1774,1850,76
6245.jpg,1774,1760,-14
6250.jpg,1774,1806,32
6255.jpg,1774,1750,-24
6260.jpg,1774,1780,6
6265.jpg,1774,1790,16
6270.jpg,1774,1780,6
6275.jpg,1774,1774,0
6280.jpg,1774,1840,66
6285.jpg,1774,1774,0
6290.jpg,1774,1920,146
6295.jpg,1774,1880,106
6300.jpg,1774,1750,-24
6305.jpg,1775,1850,75
6310.jpg,1775,1820,45
6315.jpg,1775,1780,5
6320.jpg,1775,1750,-25
6325.jpg,1775,1790,15
6330.jpg,1775,1850,75
6335.jpg,1775,1850,75
6350.jpg,1775,1990,215
6355.jpg,1775,1780,5
6360.jpg,1775,1850,75
6365.jpg,1775,1780,5
6370.jpg,1775,1780,5
6375.jpg,1775,1751,-24
6380.jpg,1775,1883,108
6385.jpg,1775,1600,-175
6390.jpg,1775,1750,-25
6395.jpg,1775,1750,-25
6405.jpg,1776,1750,-26
6410.jpg,1776,1780,4
6415.jpg,1776,2000,224
6420.jpg,1776,1780,4
6425.jpg,1776,1720,-56
6430.jpg,1776,1910,134
6435.jpg,1776,1780,4
6440.jpg,1776,1780,4
6445.jpg,1777,1750,-27
6450.jpg,1777,1730,-47
6455.jpg,1777,1850,73
6460.jpg,1777,1840,63
6465.jpg,1777,1840,63
6470.jpg,1777,1911,134
6475.jpg,1777,1500,-277
6480.jpg,1777,1980,203
6485.jpg,1778,1778,0
6495.jpg,1778,1810,32
6500.jpg,1778,1800,22
6505.jpg,1778,1820,42
6510.jpg,1778,1785,7
6515.jpg,1779,1827,48
6520.jpg,1779,1820,41
6525.jpg,1779,1820,41
6530.jpg,1779,1750,-29
6535.jpg,1779,1830,51
6540.jpg,1779,1780,1
6545.jpg,1779,1750,-29
6550.jpg,1779,1790,11
6555.jpg,1780,1790,10
6560.jpg,1780,1810,30
6565.jpg,1780,1820,40
6570.jpg,1780,1840,60
6575.jpg,1780,1750,-30
6580.jpg,1780,1850,70
6585.jpg,1780,1820,40
6590.jpg,1780,1880,100
6595.jpg,1780,1970,190
6600.jpg,1780,1750,-30
6605.jpg,1780,1780,0
6610.jpg,1780,1870,90
6615.jpg,1780,1850,70
6620.jpg,1780,1790,10
6625.jpg,1780,1850,70
6630.jpg,1780,1800,20
6635.jpg,1780,1780,0
6640.jpg,1780,1750,-30
6645.jpg,1780,1780,0
6650.jpg,1780,1850,70
6655.jpg,1780,1880,100
6660.jpg,1780,1880,100
6665.jpg,1780,1810,30
6670.jpg,1781,1890,109
6675.jpg,1781,1814,33
6680.jpg,1781,1797,16
6685.jpg,1781,1722,-59
6690.jpg,1781,1700,-81
6695.jpg,1781,1890,109
6700.jpg,1781,1780,-1
6705.jpg,1781,1920,139
6710.jpg,1782,1890,108
6715.jpg,1782,1997,215
6720.jpg,1782,1750,-32
6725.jpg,1782,1850,68
6730.jpg,1782,1820,38
6735.jpg,1782,1900,118
6740.jpg,1782,1820,38
6745.jpg,1782,1750,-32
6750.jpg,1782,1750,-32
6755.jpg,1783,1770,-13
6760.jpg,1783,1810,27
6765.jpg,1783,1850,67
6770.jpg,1783,1975,192
6775.jpg,1783,1850,67
6780.jpg,1783,1790,7
6785.jpg,1783,1990,207
6790.jpg,1783,1790,7
6795.jpg,1783,1780,-3
6800.jpg,1783,1950,167
6805.jpg,1783,1783,0
6810.jpg,1784,1820,36
6815.jpg,1784,1787,3
6820.jpg,1784,1790,6
6825.jpg,1784,1820,36
6830.jpg,1784,1770,-14
6835.jpg,1784,1850,66
6840.jpg,1784,1828,44
6845.jpg,1784,1930,146
6850.jpg,1784,1600,-184
6855.jpg,1784,1750,-34
6860.jpg,1785,1820,35
6865.jpg,1785,1820,35
6870.jpg,1785,1780,-5
6875.jpg,1785,1770,-15
6880.jpg,1785,1820,35
6885.jpg,1785,1850,65
6890.jpg,1785,1850,65
6895.jpg,1785,1810,25
6900.jpg,1785,1750,-35
6905.jpg,1785,1870,85
6910.jpg,1785,1820,35
6915.jpg,1785,1750,-35
6920.jpg,1785,1850,65
6925.jpg,1785,1750,-35
6930.jpg,1785,1800,15
6935.jpg,1785,1780,-5
6940.jpg,1785,1807,22
6945.jpg,1785,1730,-55
6950.jpg,1786,1750,-36
6955.jpg,1786,1850,64
6960.jpg,1786,1820,34
6965.jpg,1786,1776,-10
6970.jpg,1786,1750,-36
6975.jpg,1786,1765,-21
6980.jpg,1786,1766,-20
6985.jpg,1786,1914,128
6990.jpg,1786,1750,-36
6995.jpg,1786,1950,164
7000.jpg,1786,1790,4
7005.jpg,1787,1850,63
7010.jpg,1787,1750,-37
7015.jpg,1787,1750,-37
7020.jpg,1787,1900,113
7025.jpg,1787,1870,83
7030.jpg,1787,1780,-7
7035.jpg,1787,1750,-37
7040.jpg,1787,1820,33
7045.jpg,1787,1790,3
7050.jpg,1787,1820,33
7055.jpg,1787,1780,-7
7060.jpg,1787,1920,133
7065.jpg,1787,1753,-34
7070.jpg,1787,1850,63
7075.jpg,1787,1600,-187
7080.jpg,1787,1810,23
7085.jpg,1787,1850,63
7090.jpg,1788,1875,87
7095.jpg,1788,1787,-1
7100.jpg,1788,1788,0
7105.jpg,1788,1810,22
7110.jpg,1788,1850,62
7115.jpg,1788,1870,82
7120.jpg,1788,1810,22
7125.jpg,1788,1780,-8
7130.jpg,1788,1780,-8
7135.jpg,1788,1750,-38
7140.jpg,1788,1750,-38
7145.jpg,1789,1831,42
7150.jpg,1789,1771,-18
7155.jpg,1789,1750,-39
7160.jpg,1789,1850,61
7165.jpg,1789,1770,-19
7170.jpg,1789,1850,61
7175.jpg,1789,1780,-9
7180.jpg,1789,1850,61
7185.jpg,1789,1830,41
7190.jpg,1789,1750,-39
7195.jpg,1789,1850,61
7200.jpg,1790,1850,60
7205.jpg,1790,1880,90
7210.jpg,1790,1880,90
7215.jpg,1790,1843,53
7220.jpg,1790,1820,30
7225.jpg,1790,1780,-10
7230.jpg,1790,1760,-30
7235.jpg,1790,1820,30
7240.jpg,1790,1760,-30
7245.jpg,1790,1820,30
7250.jpg,1790,1810,20
7255.jpg,1790,1900,110
7260.jpg,1790,1850,60
7265.jpg,1790,1870,80
7270.jpg,1790,1750,-40
7275.jpg,1790,1850,60
7280.jpg,1790,1810,20
7285.jpg,1790,1767,-23
7290.jpg,1790,1900,110
7295.jpg,1790,1780,-10
7300.jpg,1790,1850,60
7305.jpg,1790,1810,20
7310.jpg,1790,1785,-5
7315.jpg,1790,1780,-10
7320.jpg,1790,1870,80
7325.jpg,1790,1840,50
7330.jpg,1790,1754,-36
7335.jpg,1790,1750,-40
7340.jpg,1790,1820,30
7345.jpg,1790,1850,60
7350.jpg,1790,1850,60
7355.jpg,1790,1820,30
7360.jpg,1790,1840,50
7365.jpg,1790,1750,-40
7370.jpg,1790,1741,-49
7375.jpg,1790,1870,80
7380.jpg,1790,1588,-202
7385.jpg,1791,1872,81
7390.jpg,1791,1870,79
7395.jpg,1791,1771,-20
7400.jpg,1791,1700,-91
7405.jpg,1791,1850,59
7410.jpg,1791,1780,-11
7415.jpg,1791,1910,119
7420.jpg,1791,1790,-1
7425.jpg,1791,1820,29
7430.jpg,1791,1876,85
7435.jpg,1791,1950,159
7440.jpg,1792,1900,108
7445.jpg,1792,1850,58
7450.jpg,1792,1772,-20
7455.jpg,1792,1867,75
7460.jpg,1792,1820,28
7465.jpg,1792,1790,-2
7470.jpg,1792,1820,28
7475.jpg,1792,1820,28
7480.jpg,1792,1786,-6
7485.jpg,1792,1780,-12
7490.jpg,1792,1840,48
7495.jpg,1792,1770,-22
7500.jpg,1792,1780,-12
7505.jpg,1792,1840,48
7510.jpg,1793,1860,67
7515.jpg,1793,1989,196
7520.jpg,1793,1850,57
7525.jpg,1793,1840,47
7530.jpg,1793,1750,-43
7535.jpg,1793,1874,81
7540.jpg,1793,1910,117
7545.jpg,1793,1850,57
7550.jpg,1793,1770,-23
7555.jpg,1793,1820,27
7560.jpg,1793,1820,27
7565.jpg,1793,1780,-13
7570.jpg,1793,1806,13
7575.jpg,1793,1930,137
7580.jpg,1793,1780,-13
7585.jpg,1793,1780,-13
7590.jpg,1793,1850,57
7595.jpg,1794,1853,59
7600.jpg,1794,1880,86
7605.jpg,1794,1780,-14
7610.jpg,1794,1840,46
7615.jpg,1794,1857,63
7620.jpg,1794,1920,126
7625.jpg,1794,1870,76
7630.jpg,1794,1800,6
7635.jpg,1794,1780,-14
7640.jpg,1794,1820,26
7645.jpg,1794,1750,-44
7650.jpg,1794,1850,56
7655.jpg,1795,1720,-75
7660.jpg,1795,1900,105
7665.jpg,1795,1930,135
7670.jpg,1795,1795,0
7675.jpg,1795,1810,15
7680.jpg,1795,1780,-15
7685.jpg,1795,1810,15
7690.jpg,1795,1832,37
7695.jpg,1795,1850,55
7700.jpg,1795,1860,65
7705.jpg,1795,1810,15
7710.jpg,1795,1780,-15
7715.jpg,1795,1840,45
7720.jpg,1795,1780,-15
7725.jpg,1795,1750,-45
7730.jpg,1795,1780,-15
7735.jpg,1795,1840,45
7740.jpg,1795,1800,5
7745.jpg,1795,1890,95
7750.jpg,1795,1810,15
7755.jpg,1795,1830,35
7760.jpg,1795,1840,45
7765.jpg,1795,1930,135
7775.jpg,1796,1860,64
7780.jpg,1796,1810,14
7785.jpg,1796,1880,84
7790.jpg,1796,1845,49
7795.jpg,1796,1796,0
7800.jpg,1796,1780,-16
7805.jpg,1796,1750,-46
7810.jpg,1796,1850,54
7815.jpg,1796,1850,54
7820.jpg,1796,1810,14
7825.jpg,1796,1780,-16
7830.jpg,1796,1860,64
7840.jpg,1796,1840,44
7845.jpg,1796,1820,24
7850.jpg,1796,1820,24
7855.jpg,1796,1780,-16
7860.jpg,1796,1870,74
7865.jpg,1796,1800,4
7870.jpg,1796,1850,54
7875.jpg,1796,1820,24
7880.jpg,1797,1758,-39
7885.jpg,1797,1800,3
7890.jpg,1797,1810,13
7895.jpg,1797,1780,-17
7900.jpg,1797,1850,53
7905.jpg,1797,1790,-7
7915.jpg,1797,1850,53
7920.jpg,1797,1850,53
7925.jpg,1797,1780,-17
7930.jpg,1797,1920,123
7935.jpg,1797,1820,23
7940.jpg,1797,1797,0
7945.jpg,1797,1750,-47
7950.jpg,1797,1890,93
7955.jpg,1798,1800,2
7960.jpg,1798,1738,-60
7965.jpg,1798,1500,-298
7970.jpg,1798,1850,52
7975.jpg,1798,1880,82
7980.jpg,1798,1770,-28
7985.jpg,1798,1858,60
7990.jpg,1798,1840,42
7995.jpg,1798,1840,42
8000.jpg,1798,1870,72
8005.jpg,1798,1820,22
8010.jpg,1798,1910,112
8015.jpg,1798,1850,52
8020.jpg,1798,1891,93
8025.jpg,1798,1810,12
8030.jpg,1798,1780,-18
8035.jpg,1798,1820,22
8040.jpg,1798,1880,82
8045.jpg,1798,1780,-18
8055.jpg,1798,1850,52
8060.jpg,1799,1900,101
8065.jpg,1799,1880,81
8070.jpg,1799,1810,11
8075.jpg,1799,1750,-49
8080.jpg,1799,1820,21
8085.jpg,1799,1810,11
8090.jpg,1799,1790,-9
8095.jpg,1799,1800,1
8100.jpg,1799,1820,21
8105.jpg,1799,1780,-19
8110.jpg,1799,1700,-99
8115.jpg,1800,1850,50
8120.jpg,1800,1828,28
8125.jpg,1800,1762,-38
8130.jpg,1800,1860,60
8135.jpg,1800,1750,-50
8140.jpg,1800,1810,10
8145.jpg,1800,1850,50
8150.jpg,1800,1850,50
8155.jpg,1800,1840,40
8160.jpg,1800,1880,80
8165.jpg,1800,1790,-10
8170.jpg,1800,1820,20
8175.jpg,1800,1820,20
8180.jpg,1800,1790,-10
8185.jpg,1800,1880,80
8190.jpg,1800,1780,-20
8195.jpg,1800,1870,70
8200.jpg,1800,1940,140
8205.jpg,1800,1780,-20
8210.jpg,1800,1780,-20
8215.jpg,1800,1870,70
8220.jpg,1800,1820,20
8225.jpg,1800,1850,50
8230.jpg,1800,1920,120
8235.jpg,1800,1820,20
8240.jpg,1800,1840,40
8245.jpg,1800,1910,110
8250.jpg,1800,1780,-20
8255.jpg,1800,1850,50
8260.jpg,1800,1780,-20
8265.jpg,1800,1820,20
8270.jpg,1800,1790,-10
8275.jpg,1800,1780,-20
8280.jpg,1800,1780,-20
8285.jpg,1800,1920,120
8295.jpg,1800,1850,50
8300.jpg,1801,1850,49
8305.jpg,1801,1942,141
8310.jpg,1801,1880,79
8315.jpg,1801,1870,69
8320.jpg,1801,1820,19
8325.jpg,1801,1856,55
8330.jpg,1801,1780,-21
8335.jpg,1801,1912,111
8340.jpg,1801,1790,-11
8345.jpg,1801,1820,19
8350.jpg,1801,1920,119
8355.jpg,1801,1820,19
8360.jpg,1801,1860,59
8365.jpg,1801,1888,87
8375.jpg,1802,1820,18
8380.jpg,1802,1883,81
8385.jpg,1802,1850,48
8390.jpg,1802,1820,18
8395.jpg,1802,1850,48
8400.jpg,1802,1850,48
8405.jpg,1802,1820,18
8410.jpg,1802,1800,-2
8415.jpg,1802,1866,64
8420.jpg,1802,1850,48
8425.jpg,1802,1697,-105
8430.jpg,1802,1820,18
8435.jpg,1802,1741,-61
8440.jpg,1803,1901,98
8445.jpg,1803,1830,27
8450.jpg,1803,1842,39
8455.jpg,1803,1810,7
8460.jpg,1803,1772,-31
8465.jpg,1803,1830,27
8470.jpg,1803,1900,97
8475.jpg,1803,1850,47
8480.jpg,1803,1820,17
8485.jpg,1803,1770,-33
8490.jpg,1803,1855,52
8495.jpg,1803,1803,0
8500.jpg,1803,1820,17
8505.jpg,1803,1830,27
8515.jpg,1804,1880,76
8520.jpg,1804,1920,116
8525.jpg,1804,1880,76
8530.jpg,1804,1950,146
8535.jpg,1804,1820,16
8540.jpg,1804,1850,46
8545.jpg,1804,1830,26
8550.jpg,1804,1840,36
8555.jpg,1804,1850,46
8560.jpg,1804,1780,-24
8565.jpg,1804,1850,46
8570.jpg,1804,1750,-54
8575.jpg,1804,1750,-54
8580.jpg,1804,1864,60
8585.jpg,1805,1815,10
8590.jpg,1805,1870,65
8595.jpg,1805,1815,10
8600.jpg,1805,1910,105
8605.jpg,1805,1790,-15
8610.jpg,1805,1788,-17
8615.jpg,1805,1890,85
8620.jpg,1805,1770,-35
8625.jpg,1805,1820,15
8630.jpg,1805,1820,15
8635.jpg,1805,1890,85
8640.jpg,1805,1750,-55
8645.jpg,1805,1850,45
8650.jpg,1805,1870,65
8655.jpg,1805,1880,75
8660.jpg,1805,1850,45
8665.jpg,1805,1820,15
8670.jpg,1805,1840,35
8675.jpg,1805,1790,-15
8680.jpg,1805,1820,15
8685.jpg,1805,1880,75
8690.jpg,1805,1810,5
8695.jpg,1806,1820,14
8700.jpg,1806,1800,-6
8705.jpg,1806,1806,0
8710.jpg,1806,1840,34
8715.jpg,1806,1810,4
8720.jpg,1806,1900,94
8725.jpg,1806,1880,74
8730.jpg,1806,1800,-6
8735.jpg,1806,1830,24
8740.jpg,1806,1712,-94
8745.jpg,1806,1925,119
8750.jpg,1806,1870,64
8755.jpg,1806,1820,14
8765.jpg,1807,1750,-57
8770.jpg,1807,1850,43
8775.jpg,1807,1850,43
8780.jpg,1807,1870,63
8785.jpg,1807,1850,43
8790.jpg,1807,1780,-27
8795.jpg,1807,1850,43
8800.jpg,1807,1820,13
8805.jpg,1807,1820,13
8810.jpg,1807,1840,33
8815.jpg,1807,1780,-27
8820.jpg,1807,1820,13
8825.jpg,1807,1780,-27
8830.jpg,1807,1740,-67
8835.jpg,1807,1700,-107
8840.jpg,1808,1809,1
8845.jpg,1808,1880,72
8850.jpg,1808,1890,82
8855.jpg,1808,1780,-28
8860.jpg,1808,1880,72
8865.jpg,1808,1800,-8
8875.jpg,1808,1810,2
8880.jpg,1808,1750,-58
8885.jpg,1808,1840,32
8890.jpg,1808,1820,12
8895.jpg,1808,1810,2
8900.jpg,1808,1830,22
8905.jpg,1808,1780,-28
8910.jpg,1809,1810,1
8915.jpg,1809,1810,1
8920.jpg,1809,1860,51
8925.jpg,1809,1840,31
8930.jpg,1809,1800,-9
8935.jpg,1809,1850,41
8940.jpg,1809,1750,-59
8945.jpg,1809,1880,71
8950.jpg,1809,1806,-3
8955.jpg,1809,1800,-9
8965.jpg,1809,1801,-8
8970.jpg,1809,1870,61
8975.jpg,1810,1820,10
8980.jpg,1810,1870,60
8985.jpg,1810,1850,40
8995.jpg,1810,1871,61
9000.jpg,1810,1800,-10
9005.jpg,1810,1890,80
9010.jpg,1810,1858,48
9015.jpg,1810,1780,-30
9020.jpg,1810,1850,40
9025.jpg,1810,1780,-30
9030.jpg,1810,1850,40
9035.jpg,1810,1810,0
9040.jpg,1810,1840,30
9045.jpg,1810,1780,-30
9050.jpg,1810,1760,-50
9055.jpg,1810,1820,10
9060.jpg,1810,1900,90
9065.jpg,1810,1850,40
9070.jpg,1810,1850,40
9075.jpg,1810,1870,60
9080.jpg,1810,1920,110
9085.jpg,1810,1810,0
9090.jpg,1810,1810,0
9095.jpg,1810,1820,10
9100.jpg,1810,1820,10
9105.jpg,1810,1850,40
9110.jpg,1810,1920,110
9115.jpg,1810,1820,10
9120.jpg,1810,1870,60
9125.jpg,1810,1905,95
9130.jpg,1810,1880,70
9135.jpg,1810,1940,130
9140.jpg,1810,1930,120
9145.jpg,1810,1850,40
9150.jpg,1811,1850,39
9160.jpg,1811,1854,43
9165.jpg,1811,1770,-41
9170.jpg,1811,1782,-29
9175.jpg,1811,1850,39
9180.jpg,1811,1870,59
9185.jpg,1811,1810,-1
9190.jpg,1811,1810,-1
9195.jpg,1811,1839,28
9200.jpg,1811,1780,-31
9205.jpg,1811,1840,29
9210.jpg,1812,1812,0
9215.jpg,1812,1854,42
9220.jpg,1812,1600,-212
9225.jpg,1812,1832,20
9230.jpg,1812,1820,8
9235.jpg,1812,1820,8
9240.jpg,1812,1830,18
9245.jpg,1812,1850,38
9250.jpg,1812,1880,68
9255.jpg,1812,1840,28
9260.jpg,1812,1910,98
9265.jpg,1812,1850,38
9270.jpg,1812,1920,108
9275.jpg,1812,1850,38
9280.jpg,1812,1810,-2
9290.jpg,1812,1870,58
9295.jpg,1812,1830,18
9300.jpg,1812,1780,-32
9305.jpg,1812,1840,28
9310.jpg,1813,1850,37
9315.jpg,1813,1850,37
9320.jpg,1813,1780,-33
9325.jpg,1813,1446,-367
9330.jpg,1813,1820,7
9335.jpg,1813,1810,-3
9340.jpg,1813,1780,-33
9345.jpg,1813,1900,87
9350.jpg,1813,1830,17
9355.jpg,1813,1870,57
9360.jpg,1813,1820,7
9365.jpg,1813,1905,92
9370.jpg,1813,1850,37
9375.jpg,1814,1850,36
9390.jpg,1814,1800,-14
9395.jpg,1814,1768,-46
9400.jpg,1814,1818,4
9405.jpg,1814,1850,36
9410.jpg,1814,1920,106
9415.jpg,1814,1780,-34
9420.jpg,1814,1820,6
9425.jpg,1814,1750,-64
9430.jpg,1814,1840,26
9435.jpg,1814,1780,-34
9440.jpg,1814,1780,-34
9445.jpg,1814,1820,6
9450.jpg,1814,1830,16
9455.jpg,1814,1700,-114
9460.jpg,1814,1810,-4
9465.jpg,1815,1700,-115
9470.jpg,1815,1850,35
9475.jpg,1815,1850,35
9480.jpg,1815,1840,25
9485.jpg,1815,1870,55
9490.jpg,1815,1820,5
9495.jpg,1815,1780,-35
9500.jpg,1815,1850,35
9505.jpg,1815,1780,-35
9510.jpg,1815,1950,135
9515.jpg,1815,1850,35
9520.jpg,1815,1770,-45
9525.jpg,1815,1850,35
9530.jpg,1815,1780,-35
9535.jpg,1815,1840,25
9540.jpg,1815,1780,-35
9545.jpg,1815,1840,25
9550.jpg,1815,1780,-35
9555.jpg,1815,1880,65
9560.jpg,1815,1820,5
9565.jpg,1815,1930,115
9570.jpg,1815,1820,5
9575.jpg,1815,1880,65
9580.jpg,1815,1750,-65
9585.jpg,1815,1850,35
9590.jpg,1815,1840,25
9595.jpg,1816,1850,34
9600.jpg,1816,1868,52
9605.jpg,1816,1857,41
9610.jpg,1816,1840,24
9615.jpg,1816,1815,-1
9620.jpg,1816,1880,64
9625.jpg,1816,1789,-27
9630.jpg,1816,1840,24
9635.jpg,1816,1820,4
9640.jpg,1816,1840,24
9645.jpg,1816,1750,-66
9650.jpg,1816,1780,-36
9655.jpg,1816,1820,4
9660.jpg,1816,1900,84
9665.jpg,1816,1930,114
9670.jpg,1816,1810,-6
9675.jpg,1816,1880,64
9680.jpg,1816,1790,-26
9685.jpg,1816,1900,84
9690.jpg,1816,1850,34
9695.jpg,1816,1850,34
9700.jpg,1816,1718,-98
9705.jpg,1816,1750,-66
9710.jpg,1816,1840,24
9715.jpg,1817,1750,-67
9720.jpg,1817,1790,-27
9725.jpg,1817,1810,-7
9730.jpg,1817,1883,66
9735.jpg,1817,1870,53
9740.jpg,1817,1920,103
9745.jpg,1817,1820,3
9750.jpg,1817,1820,3
9755.jpg,1817,1850,33
9760.jpg,1817,1810,-7
9765.jpg,1817,1840,23
9770.jpg,1817,1870,53
9775.jpg,1817,1935,118
9780.jpg,1817,1870,53
9785.jpg,1817,1860,43
9790.jpg,1818,1850,32
9795.jpg,1818,1830,12
9800.jpg,1818,1850,32
9805.jpg,1818,1910,92
9810.jpg,1818,1849,31
9815.jpg,1818,1818,0
9820.jpg,1818,1880,62
9825.jpg,1818,1820,2
9830.jpg,1818,1840,22
9835.jpg,1818,1850,32
9840.jpg,1818,1850,32
9845.jpg,1818,1870,52
9850.jpg,1818,1870,52
9855.jpg,1818,1850,32
9860.jpg,1818,1780,-38
9865.jpg,1818,1840,22
9870.jpg,1818,1810,-8
9875.jpg,1818,1820,2
9880.jpg,1818,1850,32
9885.jpg,1818,1930,112
9890.jpg,1818,1810,-8
9895.jpg,1818,1810,-8
9900.jpg,1818,1821,3
9905.jpg,1818,1860,42
9910.jpg,1819,1864,45
9915.jpg,1819,1880,61
9920.jpg,1819,1831,12
9925.jpg,1819,1858,39
9930.jpg,1819,1840,21
9935.jpg,1819,1830,11
9940.jpg,1819,1820,1
9945.jpg,1819,1850,31
9950.jpg,1819,1850,31
9955.jpg,1819,1840,21
9960.jpg,1819,1840,21
9965.jpg,1819,1850,31
9970.jpg,1819,1840,21
9975.jpg,1819,1870,51
9980.jpg,1819,1840,21
9985.jpg,1820,1867,47
9990.jpg,1820,1710,-110
9995.jpg,1820,1913,93
10000.jpg,1820,1850,30
10005.jpg,1820,1863,43
10010.jpg,1820,1860,40
10015.jpg,1820,1840,20
10020.jpg,1820,1810,-10
10025.jpg,1820,1820,0
10030.jpg,1820,1870,50
10035.jpg,1820,1820,0
10040.jpg,1820,1940,120
10045.jpg,1820,1850,30
10050.jpg,1820,1810,-10
10055.jpg,1820,1840,20
10060.jpg,1820,1840,20
10065.jpg,1820,1780,-40
10070.jpg,1820,1820,0
10075.jpg,1820,1820,0
10080.jpg,1820,1900,80
10085.jpg,1820,1850,30
10090.jpg,1820,1820,0
10095.jpg,1820,1820,0
10100.jpg,1820,1820,0
10105.jpg,1820,1820,0
10110.jpg,1820,1850,30
10115.jpg,1820,1910,90
10120.jpg,1820,1840,20
10125.jpg,1820,1890,70
10130.jpg,1820,1820,0
10135.jpg,1820,1780,-40
10140.jpg,1820,1850,30
10145.jpg,1820,1820,0
10150.jpg,1820,1850,30
10155.jpg,1820,1850,30
10160.jpg,1820,1925,105
10165.jpg,1820,1780,-40
10170.jpg,1820,1850,30
10175.jpg,1820,1890,70
10180.jpg,1820,1900,80
10185.jpg,1820,1920,100
10190.jpg,1820,1860,40
10195.jpg,1821,1850,29
10200.jpg,1821,1920,99
10205.jpg,1821,1821,0
10210.jpg,1821,1900,79
10215.jpg,1821,1900,79
10220.jpg,1821,1850,29
10225.jpg,1821,1900,79
10230.jpg,1821,1850,29
10235.jpg,1821,1870,49
10240.jpg,1821,1900,79
10245.jpg,1821,1820,-1
10250.jpg,1821,1811,-10
10255.jpg,1821,1900,79
10260.jpg,1821,1780,-41
10265.jpg,1821,1860,39
10270.jpg,1821,1880,59
10275.jpg,1821,1880,59
10280.jpg,1822,1830,8
10285.jpg,1822,1850,28
10290.jpg,1822,1864,42
10295.jpg,1822,1910,88
10300.jpg,1822,1875,53
10305.jpg,1822,1900,78
10310.jpg,1822,1810,-12
10315.jpg,1822,1870,48
10320.jpg,1822,1840,18
10325.jpg,1822,1880,58
10330.jpg,1822,1880,58
10335.jpg,1822,1810,-12
10340.jpg,1822,1850,28
10345.jpg,1822,1870,48
10355.jpg,1822,1850,28
10360.jpg,1823,1800,-23
10365.jpg,1823,1850,27
10370.jpg,1823,1840,17
10375.jpg,1823,1815,-8
10385.jpg,1823,1856,33
10390.jpg,1823,1860,37
10395.jpg,1823,1840,17
10400.jpg,1823,1790,-33
10405.jpg,1823,1840,17
10410.jpg,1823,1840,17
10415.jpg,1823,1820,-3
10420.jpg,1823,1910,87
10425.jpg,1823,1820,-3
10430.jpg,1823,1820,-3
10435.jpg,1823,1880,57
10440.jpg,1823,1800,-23
10445.jpg,1823,1910,87
10450.jpg,1823,1841,18
10455.jpg,1824,1850,26
10460.jpg,1824,1780,-44
10465.jpg,1824,1830,6
10470.jpg,1824,1840,16
10475.jpg,1824,2000,176
10480.jpg,1824,1919,95
10485.jpg,1824,1610,-214
10490.jpg,1824,1840,16
10495.jpg,1824,1840,16
10500.jpg,1824,1820,-4
10505.jpg,1824,1880,56
10510.jpg,1824,1880,56
10515.jpg,1824,1820,-4
10520.jpg,1824,1840,16
10525.jpg,1824,1910,86
10530.jpg,1824,1820,-4
10535.jpg,1824,1820,-4
10540.jpg,1824,1840,16
10545.jpg,1824,1830,6
10550.jpg,1825,1856,31
10555.jpg,1825,1870,45
10560.jpg,1825,1860,35
10565.jpg,1825,1860,35
10570.jpg,1825,1840,15
10575.jpg,1825,1870,45
10580.jpg,1825,1863,38
10585.jpg,1825,1870,45
10590.jpg,1825,1780,-45
10595.jpg,1825,1850,25
10600.jpg,1825,1820,-5
10605.jpg,1825,1870,45
10610.jpg,1825,1820,-5
10615.jpg,1825,1850,25
10620.jpg,1825,1840,15
10625.jpg,1825,1860,35
10630.jpg,1825,1930,105
10635.jpg,1825,1925,100
10640.jpg,1825,1820,-5
10645.jpg,1825,1850,25
10650.jpg,1825,1850,25
10655.jpg,1825,1850,25
10660.jpg,1825,1820,-5
10665.jpg,1825,1850,25
10670.jpg,1825,1850,25
10675.jpg,1825,1820,-5
10680.jpg,1825,1820,-5
10685.jpg,1825,1850,25
10690.jpg,1825,1780,-45
10695.jpg,1825,1850,25
10700.jpg,1825,1850,25
10705.jpg,1825,1850,25
10710.jpg,1825,1860,35
10715.jpg,1825,1890,65
10720.jpg,1825,1790,-35
10725.jpg,1825,1900,75
10730.jpg,1826,1850,24
10735.jpg,1826,1850,24
10745.jpg,1826,1840,14
10750.jpg,1826,1826,0
10755.jpg,1826,1858,32
10760.jpg,1826,1832,6
10765.jpg,1826,1810,-16
10770.jpg,1826,1870,44
10775.jpg,1826,1840,14
10780.jpg,1826,1840,14
10785.jpg,1826,1850,24
10790.jpg,1826,1870,44
10795.jpg,1826,1770,-56
10800.jpg,1826,1900,74
10805.jpg,1826,1820,-6
10810.jpg,1826,1820,-6
10815.jpg,1826,1830,4
10820.jpg,1826,1820,-6
10825.jpg,1826,1880,54
10830.jpg,1826,1900,74
10835.jpg,1827,1827,0
10840.jpg,1827,1840,13
10845.jpg,1827,1868,41
10850.jpg,1827,1900,73
10855.jpg,1827,1890,63
10860.jpg,1827,1900,73
10865.jpg,1827,1880,53
10870.jpg,1827,1869,42
10875.jpg,1827,1820,-7
10880.jpg,1827,1910,83
10885.jpg,1827,1900,73
10890.jpg,1827,1910,83
10895.jpg,1827,1810,-17
10900.jpg,1827,1830,3
10905.jpg,1827,1780,-47
10910.jpg,1827,1860,33
10915.jpg,1827,1830,3
10920.jpg,1827,1850,23
10925.jpg,1827,1820,-7
10930.jpg,1827,1910,83
10935.jpg,1827,1750,-77
10940.jpg,1827,1930,103
10945.jpg,1828,1850,22
10950.jpg,1828,1850,22
10955.jpg,1828,1840,12
10960.jpg,1828,1840,12
10965.jpg,1828,1838,10
10970.jpg,1828,1880,52
10975.jpg,1828,1856,28
10980.jpg,1828,1849,21
10985.jpg,1828,1871,43
10990.jpg,1828,1890,62
10995.jpg,1828,1810,-18
11000.jpg,1828,1870,42
11005.jpg,1828,1820,-8
11010.jpg,1828,1820,-8
11015.jpg,1828,1800,-28
11020.jpg,1828,1850,22
11025.jpg,1828,1780,-48
11030.jpg,1828,1850,22
11035.jpg,1828,1860,32
11040.jpg,1828,1820,-8
11045.jpg,1828,1850,22
11050.jpg,1828,1770,-58
11055.jpg,1828,1917,89
11060.jpg,1828,1850,22
11065.jpg,1829,1850,21
11070.jpg,1829,1900,71
11075.jpg,1829,1881,52
11080.jpg,1829,1870,41
11085.jpg,1829,1820,-9
11090.jpg,1829,1866,37
11095.jpg,1829,1902,73
11100.jpg,1829,1871,42
11105.jpg,1829,1856,27
11110.jpg,1829,1810,-19
11115.jpg,1829,1600,-229
11120.jpg,1829,1840,11
11125.jpg,1829,1810,-19
11130.jpg,1829,1880,51
11135.jpg,1829,1850,21
11140.jpg,1829,1850,21
11145.jpg,1829,1810,-19
11150.jpg,1829,1860,31
11155.jpg,1829,1938,109
11160.jpg,1829,1850,21
11165.jpg,1829,1890,61
11170.jpg,1830,1850,20
11175.jpg,1830,1900,70
11180.jpg,1830,1859,29
11185.jpg,1830,1830,0
11190.jpg,1830,1840,10
11195.jpg,1830,1850,20
11200.jpg,1830,1870,40
11205.jpg,1830,1857,27
11210.jpg,1830,1850,20
11215.jpg,1830,1820,-10
11220.jpg,1830,1780,-50
11225.jpg,1830,1850,20
11230.jpg,1830,1820,-10
11235.jpg,1830,1900,70
11240.jpg,1830,1790,-40
11245.jpg,1830,1820,-10
11250.jpg,1830,1810,-20
11255.jpg,1830,2005,175
11260.jpg,1830,1820,-10
11265.jpg,1830,1880,50
11270.jpg,1830,1850,20
11275.jpg,1830,1850,20
11280.jpg,1830,1880,50
11285.jpg,1830,1860,30
11290.jpg,1830,1750,-80
11295.jpg,1830,1840,10
11300.jpg,1830,1820,-10
11305.jpg,1830,1850,20
11310.jpg,1830,1840,10
11315.jpg,1830,1850,20
11320.jpg,1830,1840,10
11325.jpg,1830,1870,40
11330.jpg,1830,1900,70
11335.jpg,1830,1850,20
11340.jpg,1830,1910,80
11345.jpg,1830,1940,110
11350.jpg,1830,1910,80
11355.jpg,1830,1880,50
11360.jpg,1830,1920,90
11365.jpg,1830,1871,41
11370.jpg,1830,1850,20
11375.jpg,1830,1783,-47
11380.jpg,1830,1900,70
11385.jpg,1830,1820,-10
11390.jpg,1830,1900,70
11395.jpg,1830,1840,10
11400.jpg,1831,1840,9
11405.jpg,1831,1850,19
11410.jpg,1831,1840,9
11415.jpg,1831,1870,39
11420.jpg,1831,1848,17
11425.jpg,1831,1849,18
11430.jpg,1831,1870,39
11435.jpg,1831,1910,79
11440.jpg,1831,1930,99
11445.jpg,1831,1840,9
11450.jpg,1831,1860,29
11455.jpg,1831,1850,19
11460.jpg,1831,1840,9
11465.jpg,1831,1820,-11
11470.jpg,1831,1810,-21
11475.jpg,1831,1950,119
11480.jpg,1831,1840,9
11485.jpg,1831,1930,99
11490.jpg,1832,1900,68
11495.jpg,1832,1850,18
11500.jpg,1832,1850,18
11505.jpg,1832,1840,8
11510.jpg,1832,1820,-12
11515.jpg,1832,1868,36
11525.jpg,1832,1900,68
11530.jpg,1832,1850,18
11535.jpg,1832,1870,38
11540.jpg,1832,1820,-12
11545.jpg,1832,1900,68
11550.jpg,1832,1850,18
11555.jpg,1832,1850,18
11560.jpg,1832,1900,68
11565.jpg,1832,1820,-12
11570.jpg,1832,1870,38
11575.jpg,1832,1820,-12
11580.jpg,1832,1850,18
11585.jpg,1832,1870,38
11590.jpg,1832,1878,46
11595.jpg,1832,1850,18
11600.jpg,1832,1820,-12
11605.jpg,1832,1820,-12
11610.jpg,1832,1850,18
11615.jpg,1832,1820,-12
11620.jpg,1832,1750,-82
11625.jpg,1832,1870,38
11630.jpg,1832,1907,75
11635.jpg,1832,1840,8
11640.jpg,1832,1850,18
11645.jpg,1833,1874,41
11650.jpg,1833,1900,67
11655.jpg,1833,1860,27
11660.jpg,1833,1852,19
11665.jpg,1833,1770,-63
11670.jpg,1833,1830,-3
11675.jpg,1833,1858,25
11680.jpg,1833,1858,25
11685.jpg,1833,1870,37
11690.jpg,1833,1850,17
11695.jpg,1833,1850,17
11700.jpg,1833,1780,-53
11705.jpg,1833,1880,47
11710.jpg,1833,1910,77
11715.jpg,1833,1850,17
11720.jpg,1833,1870,37
11725.jpg,1833,1860,27
11730.jpg,1833,1810,-23
11735.jpg,1833,1840,7
11740.jpg,1833,1850,17
11745.jpg,1833,1780,-53
11750.jpg,1833,1840,7
11755.jpg,1833,1750,-83
11760.jpg,1833,1880,47
11765.jpg,1833,1828,-5
11770.jpg,1834,1850,16
11775.jpg,1834,1770,-64
11780.jpg,1834,1840,6
11785.jpg,1834,1742,-92
11790.jpg,1834,1820,-14
11795.jpg,1834,1810,-24
11800.jpg,1834,1820,-14
11805.jpg,1834,1780,-54
11810.jpg,1834,1870,36
11815.jpg,1834,1820,-14
11820.jpg,1834,1850,16
11825.jpg,1834,1835,1
11830.jpg,1834,1860,26
11835.jpg,1834,1870,36
11840.jpg,1834,1860,26
11845.jpg,1834,1870,36
11850.jpg,1834,1810,-24
11855.jpg,1834,1875,41
11860.jpg,1834,1930,96
11865.jpg,1834,1840,6
11870.jpg,1834,1940,106
11875.jpg,1834,1820,-14
11880.jpg,1834,1820,-14
11885.jpg,1834,1830,-4
11890.jpg,1834,1782,-52
11895.jpg,1834,1811,-23
11900.jpg,1835,1770,-65
11905.jpg,1835,1850,15
11910.jpg,1835,1936,101
11915.jpg,1835,1890,55
11920.jpg,1835,1762,-73
11925.jpg,1835,1905,70
11930.jpg,1835,1850,15
11935.jpg,1835,1887,52
11940.jpg,1835,1880,45
11945.jpg,1835,1820,-15
11950.jpg,1835,1862,27
11955.jpg,1835,1850,15
11960.jpg,1835,1850,15
11965.jpg,1835,1920,85
11970.jpg,1835,1840,5
11980.jpg,1835,1890,55
11985.jpg,1835,1930,95
11990.jpg,1835,1900,65
11995.jpg,1835,1920,85
12000.jpg,1835,1870,35
12005.jpg,1835,1900,65
12010.jpg,1835,1840,5
12015.jpg,1835,1870,35
12020.jpg,1835,1900,65
12025.jpg,1835,1940,105
12030.jpg,1835,1830,-5
12035.jpg,1835,1880,45
12040.jpg,1835,1820,-15
12045.jpg,1835,1850,15
12050.jpg,1835,1820,-15
12055.jpg,1835,1910,75
12060.jpg,1835,1835,0
12065.jpg,1835,1780,-55
12070.jpg,1835,1840,5
12075.jpg,1835,1850,15
12080.jpg,1835,1820,-15
12085.jpg,1835,1810,-25
12090.jpg,1835,1890,55
12095.jpg,1835,1850,15
12100.jpg,1835,1850,15
12105.jpg,1835,1890,55
12110.jpg,1835,1841,6
12115.jpg,1835,1825,-10
12120.jpg,1835,1850,15
12125.jpg,1835,1910,75
12130.jpg,1836,1850,14
12135.jpg,1836,1820,-16
12140.jpg,1836,1850,14
12145.jpg,1836,1880,44
12150.jpg,1836,1840,4
12155.jpg,1836,1840,4
12160.jpg,1836,1940,104
12170.jpg,1836,1858,22
12175.jpg,1836,1820,-16
12180.jpg,1836,1850,14
12185.jpg,1836,1850,14
12190.jpg,1836,1850,14
12195.jpg,1836,1880,44
12200.jpg,1836,1880,44
12205.jpg,1836,1850,14
12210.jpg,1836,1880,44
12215.jpg,1836,1840,4
12220.jpg,1836,1820,-16
12225.jpg,1836,1840,4
12230.jpg,1836,1840,4
12235.jpg,1836,1820,-16
12240.jpg,1836,1700,-136
12245.jpg,1836,1860,24
12250.jpg,1836,1850,14
12255.jpg,1836,1850,14
12260.jpg,1836,1840,4
12265.jpg,1836,1850,14
12270.jpg,1836,1836,0
12275.jpg,1836,1820,-16
12280.jpg,1837,1850,13
12285.jpg,1837,1857,20
12290.jpg,1837,1840,3
12295.jpg,1837,1890,53
12300.jpg,1837,1880,43
12305.jpg,1837,1840,3
12310.jpg,1837,1890,53
12315.jpg,1837,1820,-17
12320.jpg,1837,1960,123
12325.jpg,1837,1870,33
12330.jpg,1837,1870,33
12335.jpg,1837,1810,-27
12340.jpg,1837,1820,-17
12345.jpg,1837,1760,-77
12350.jpg,1837,1840,3
12355.jpg,1837,1900,63
12360.jpg,1837,1910,73
12365.jpg,1837,1910,73
12370.jpg,1837,1850,13
12375.jpg,1837,1850,13
12380.jpg,1837,1880,43
12385.jpg,1837,1880,43
12390.jpg,1837,1840,3
12395.jpg,1837,1850,13
12400.jpg,1837,1860,23
12405.jpg,1837,1855,18
12410.jpg,1837,1850,13
12415.jpg,1837,1880,43
12420.jpg,1837,1820,-17
12425.jpg,1837,1840,3
12430.jpg,1837,1850,13
12435.jpg,1837,1910,73
12440.jpg,1837,1920,83
12445.jpg,1837,1850,13
12450.jpg,1838,1900,62
12455.jpg,1838,1860,22
12460.jpg,1838,1858,20
12465.jpg,1838,1820,-18
12470.jpg,1838,1900,62
12475.jpg,1838,1939,101
12480.jpg,1838,1830,-8
12485.jpg,1838,1880,42
12490.jpg,1838,1870,32
12495.jpg,1838,1870,32
12500.jpg,1838,1855,17
12505.jpg,1838,1820,-18
12510.jpg,1838,1820,-18
12515.jpg,1838,1870,32
12520.jpg,1838,1780,-58
12525.jpg,1838,1925,87
12530.jpg,1838,1850,12
12535.jpg,1838,1890,52
12540.jpg,1838,1840,2
12545.jpg,1838,1890,52
12550.jpg,1838,1850,12
12555.jpg,1838,1940,102
12560.jpg,1838,1890,52
12565.jpg,1838,1880,42
12570.jpg,1838,1853,15
12575.jpg,1838,1750,-88
12580.jpg,1838,1820,-18
12585.jpg,1838,1920,82
12590.jpg,1838,1850,12
12600.jpg,1838,1900,62
12605.jpg,1838,1910,72
12610.jpg,1838,1880,42
12615.jpg,1838,1816,-22
12620.jpg,1838,1850,12
12625.jpg,1839,1930,91
12630.jpg,1839,1850,11
12635.jpg,1839,1850,11
12640.jpg,1839,1910,71
12645.jpg,1839,1900,61
12650.jpg,1839,1905,66
12655.jpg,1839,1858,19
12660.jpg,1839,1869,30
12665.jpg,1839,1898,59
12670.jpg,1839,1810,-29
12675.jpg,1839,1880,41
12680.jpg,1839,1840,1
12685.jpg,1839,1810,-29
12690.jpg,1839,1900,61
12695.jpg,1839,1870,31
12700.jpg,1839,1840,1
12705.jpg,1839,1810,-29
12710.jpg,1839,1900,61
12715.jpg,1839,1820,-19
12720.jpg,1839,1780,-59
12725.jpg,1839,1920,81
12730.jpg,1839,1840,1
12735.jpg,1839,1855,16
12740.jpg,1839,1840,1
12745.jpg,1839,1850,11
12750.jpg,1839,1910,71
12755.jpg,1839,1820,-19
12760.jpg,1839,1850,11
12765.jpg,1839,1750,-89
12770.jpg,1839,1772,-67
12775.jpg,1839,1803,-36
12780.jpg,1840,1850,10
12785.jpg,1840,1920,80
12790.jpg,1840,1875,35
12795.jpg,1840,1870,30
12800.jpg,1840,1840,0
12805.jpg,1840,1860,20
12810.jpg,1840,1840,0
12815.jpg,1840,1840,0
12820.jpg,1840,1820,-20
12825.jpg,1840,1880,40
12830.jpg,1840,1870,30
12835.jpg,1840,1916,76
12840.jpg,1840,1858,18
12845.jpg,1840,1820,-20
12850.jpg,1840,1820,-20
12860.jpg,1840,1850,10
12865.jpg,1840,1780,-60
12870.jpg,1840,1920,80
12875.jpg,1840,1840,0
12880.jpg,1840,1850,10
12885.jpg,1840,1760,-80
12890.jpg,1840,1850,10
12895.jpg,1840,1780,-60
12900.jpg,1840,1850,10
12905.jpg,1840,1880,40
12910.jpg,1840,1920,80
12915.jpg,1840,1850,10
12920.jpg,1840,1840,0
12925.jpg,1840,1880,40
12930.jpg,1840,1880,40
12935.jpg,1840,1880,40
12940.jpg,1840,1850,10
12945.jpg,1840,1860,20
12950.jpg,1840,1850,10
12955.jpg,1840,1850,10
12960.jpg,1840,1850,10
12965.jpg,1840,1780,-60
12970.jpg,1840,1832,-8
12975.jpg,1840,1840,0
12980.jpg,1840,1950,110
12985.jpg,1840,1820,-20
12990.jpg,1840,1850,10
12995.jpg,1840,1900,60
13005.jpg,1840,1850,10
13010.jpg,1840,1900,60
13015.jpg,1840,1880,40
13020.jpg,1840,1880,40
13025.jpg,1840,1870,30
13030.jpg,1841,1880,39
13035.jpg,1841,1820,-21
13040.jpg,1841,1890,49
13045.jpg,1841,1870,29
13050.jpg,1841,1910,69
13055.jpg,1841,1820,-21
13060.jpg,1841,1851,10
13065.jpg,1841,1930,89
13070.jpg,1841,1990,149
13075.jpg,1841,1820,-21
13080.jpg,1841,1870,29
13085.jpg,1841,1965,124
13090.jpg,1841,1900,59
13095.jpg,1841,1910,69
13100.jpg,1841,1850,9
13105.jpg,1841,1880,39
13110.jpg,1841,1840,-1
13115.jpg,1841,1880,39
13120.jpg,1841,1960,119
13125.jpg,1841,1850,9
13130.jpg,1841,1820,-21
13135.jpg,1841,1928,87
13140.jpg,1841,1900,59
13145.jpg,1842,1850,8
13150.jpg,1842,1910,68
13155.jpg,1842,1900,58
13160.jpg,1842,1850,8
13165.jpg,1842,1870,28
13170.jpg,1842,1840,-2
13175.jpg,1842,1850,8
13180.jpg,1842,1880,38
13185.jpg,1842,1870,28
13190.jpg,1842,1850,8
13195.jpg,1842,1910,68
13200.jpg,1842,1870,28
13205.jpg,1842,1850,8
13210.jpg,1842,1850,8
13215.jpg,1842,1840,-2
13220.jpg,1842,1810,-32
13225.jpg,1842,1880,38
13230.jpg,1842,1860,18
13235.jpg,1842,1820,-22
13240.jpg,1842,1840,-2
13245.jpg,1842,1920,78
13250.jpg,1842,1850,8
13255.jpg,1842,1870,28
13260.jpg,1842,1858,16
13265.jpg,1842,1850,8
13270.jpg,1842,1870,28
13275.jpg,1842,1810,-32
13280.jpg,1842,1520,-322
13285.jpg,1842,1870,28
13290.jpg,1842,1860,18
13295.jpg,1842,1870,28
13300.jpg,1843,1852,9
13305.jpg,1843,1850,7
13310.jpg,1843,1900,57
13315.jpg,1843,1861,18
13320.jpg,1843,1810,-33
13325.jpg,1843,1810,-33
13330.jpg,1843,1910,67
13335.jpg,1843,1910,67
13340.jpg,1843,1830,-13
13345.jpg,1843,1900,57
13350.jpg,1843,1855,12
13355.jpg,1843,1870,27
13360.jpg,1843,1910,67
13365.jpg,1843,1840,-3
13370.jpg,1843,1810,-33
13380.jpg,1843,1820,-23
13385.jpg,1843,1870,27
13390.jpg,1843,1920,77
13395.jpg,1843,1850,7
13400.jpg,1843,1850,7
13405.jpg,1843,1870,27
13410.jpg,1843,1846,3
13415.jpg,1843,1870,27
13420.jpg,1843,1910,67
13425.jpg,1843,1850,7
13430.jpg,1844,1880,36
13435.jpg,1844,1870,26
13440.jpg,1844,1890,46
13445.jpg,1844,1960,116
13450.jpg,1844,1860,16
13455.jpg,1844,1850,6
13460.jpg,1844,1880,36
13465.jpg,1844,1810,-34
13470.jpg,1844,1840,-4
13475.jpg,1844,1870,26
13480.jpg,1844,1840,-4
13485.jpg,1844,1870,26
13490.jpg,1844,1910,66
13495.jpg,1844,1850,6
13500.jpg,1844,1850,6
13505.jpg,1844,1870,26
13510.jpg,1844,1850,6
13515.jpg,1844,1830,-14
13520.jpg,1844,1840,-4
13525.jpg,1844,1850,6
13530.jpg,1844,1870,26
13535.jpg,1844,1880,36
13540.jpg,1844,1876,32
13545.jpg,1844,1840,-4
13550.jpg,1844,1860,16
13555.jpg,1844,1880,36
13560.jpg,1844,1900,56
13565.jpg,1845,1850,5
13570.jpg,1845,1866,21
13575.jpg,1845,1900,55
13580.jpg,1845,1870,25
13585.jpg,1845,1860,15
13590.jpg,1845,1880,35
13595.jpg,1845,1888,43
13600.jpg,1845,1900,55
13605.jpg,1845,1850,5
13610.jpg,1845,1870,25
13615.jpg,1845,1870,25
13620.jpg,1845,1910,65
13625.jpg,1845,1840,-5
13630.jpg,1845,1850,5
13635.jpg,1845,1840,-5
13640.jpg,1845,1890,45
13645.jpg,1845,1840,-5
13650.jpg,1845,1890,45
13655.jpg,1845,1870,25
13660.jpg,1845,1870,25
13665.jpg,1845,1850,5
13670.jpg,1845,2005,160
13675.jpg,1845,1850,5
13680.jpg,1845,1870,25
13685.jpg,1845,1960,115
13690.jpg,1845,1810,-35
13695.jpg,1845,1850,5
13700.jpg,1845,1850,5
13705.jpg,1845,1820,-25
13710.jpg,1845,1780,-65
13720.jpg,1845,1900,55
13725.jpg,1845,1870,25
13730.jpg,1845,1870,25
13735.jpg,1845,1720,-125
13740.jpg,1845,1870,25
13745.jpg,1845,1820,-25
13750.jpg,1845,1850,5
13755.jpg,1845,1790,-55
13760.jpg,1845,1880,35
13765.jpg,1845,1850,5
13770.jpg,1845,1850,5
13775.jpg,1845,1761,-84
13780.jpg,1845,1750,-95
13785.jpg,1845,1900,55
13790.jpg,1845,1890,45
13795.jpg,1845,1903,58
13800.jpg,1845,1930,85
13805.jpg,1846,1870,24
13810.jpg,1846,1904,58
13815.jpg,1846,1850,4
13820.jpg,1846,1850,4
13825.jpg,1846,1848,2
13830.jpg,1846,1840,-6
13835.jpg,1846,1847,1
13840.jpg,1846,1925,79
13845.jpg,1846,1840,-6
13850.jpg,1846,1870,24
13855.jpg,1846,1870,24
13860.jpg,1846,1840,-6
13865.jpg,1846,1855,9
13870.jpg,1846,1840,-6
13875.jpg,1846,1910,64
13880.jpg,1846,1880,34
13885.jpg,1846,1850,4
13890.jpg,1846,1840,-6
13895.jpg,1846,1970,124
13900.jpg,1846,1860,14
13905.jpg,1846,1850,4
13910.jpg,1846,1850,4
13915.jpg,1846,1850,4
13920.jpg,1846,1860,14
13925.jpg,1846,1920,74
13930.jpg,1846,1860,14
13935.jpg,1846,1840,-6
13940.jpg,1847,1908,61
13945.jpg,1847,1830,-17
13950.jpg,1847,1890,43
13955.jpg,1847,1900,53
13960.jpg,1847,1870,23
13965.jpg,1847,1857,10
13970.jpg,1847,1840,-7
13975.jpg,1847,1850,3
13980.jpg,1847,1860,13
13985.jpg,1847,1838,-9
13990.jpg,1847,1860,13
13995.jpg,1847,1850,3
14000.jpg,1847,1910,63
14005.jpg,1847,1840,-7
14010.jpg,1847,1850,3
14015.jpg,1847,1880,33
14020.jpg,1847,1850,3
14030.jpg,1847,1880,33
14035.jpg,1847,1820,-27
14040.jpg,1847,1890,43
14045.jpg,1847,1780,-67
14050.jpg,1847,1860,13
14055.jpg,1847,1890,43
14060.jpg,1847,1950,103
14065.jpg,1847,1870,23
14070.jpg,1847,1850,3
14075.jpg,1847,1890,43
14080.jpg,1847,1860,13
14085.jpg,1847,1870,23
14090.jpg,1847,1880,33
14095.jpg,1847,1890,43
14100.jpg,1847,1920,73
14105.jpg,1847,1960,113
14110.jpg,1848,1880,32
14115.jpg,1848,1850,2
14120.jpg,1848,1900,52
14125.jpg,1848,1995,147
14130.jpg,1848,1841,-7
14135.jpg,1848,1850,2
14140.jpg,1848,1860,12
14145.jpg,1848,1870,22
14150.jpg,1848,1849,1
14155.jpg,1848,1870,22
14160.jpg,1848,1870,22
14165.jpg,1848,1850,2
14170.jpg,1848,1900,52
14175.jpg,1848,1870,22
14180.jpg,1848,1870,22
14185.jpg,1848,1900,52
14190.jpg,1848,1880,32
14195.jpg,1848,1870,22
14200.jpg,1848,1900,52
14205.jpg,1848,1850,2
14210.jpg,1848,1870,22
14215.jpg,1848,1860,12
14220.jpg,1848,1850,2
14225.jpg,1848,1855,7
14230.jpg,1848,1820,-28
14235.jpg,1848,1880,32
14240.jpg,1848,1880,32
14245.jpg,1848,1840,-8
14250.jpg,1848,1850,2
14255.jpg,1848,1840,-8
14260.jpg,1848,1850,2
14265.jpg,1848,1850,2
14270.jpg,1848,1850,2
14275.jpg,1848,1840,-8
14280.jpg,1848,1840,-8
14285.jpg,1848,1870,22
14290.jpg,1848,1820,-28
14295.jpg,1848,1872,24
14300.jpg,1848,1850,2
14305.jpg,1848,1850,2
14310.jpg,1848,1925,77
14315.jpg,1848,1880,32
14320.jpg,1848,1880,32
14325.jpg,1848,1835,-13
14330.jpg,1848,1900,52
14335.jpg,1848,1890,42
14340.jpg,1849,1850,1
14345.jpg,1849,1850,1
14350.jpg,1849,1850,1
14355.jpg,1849,1850,1
14360.jpg,1849,2014,165
14365.jpg,1849,1860,11
14370.jpg,1849,1865,16
14375.jpg,1849,1930,81
14380.jpg,1849,1870,21
14385.jpg,1849,1858,9
14390.jpg,1849,1820,-29
14395.jpg,1849,1840,-9
14400.jpg,1849,1840,-9
14405.jpg,1849,1880,31
14410.jpg,1849,1900,51
14415.jpg,1849,1900,51
14420.jpg,1849,1753,-96
14425.jpg,1849,1870,21
14430.jpg,1849,1840,-9
14435.jpg,1849,1870,21
14440.jpg,1849,1820,-29
14445.jpg,1849,1820,-29
14450.jpg,1849,1850,1
14455.jpg,1849,1850,1
14460.jpg,1849,1850,1
14465.jpg,1849,1840,-9
14470.jpg,1849,1890,41
14475.jpg,1849,1830,-19
14480.jpg,1849,1900,51
14485.jpg,1849,1870,21
14490.jpg,1849,1688,-161
14495.jpg,1849,1890,41
14500.jpg,1849,1900,51
14505.jpg,1850,1850,0
14510.jpg,1850,1850,0
14515.jpg,1850,1750,-100
14520.jpg,1850,1850,0
14525.jpg,1850,1850,0
14530.jpg,1850,1940,90
14535.jpg,1850,1910,60
14540.jpg,1850,1880,30
14545.jpg,1850,1750,-100
14550.jpg,1850,1870,20
14555.jpg,1850,1850,0
14560.jpg,1850,1910,60
14565.jpg,1850,1840,-10
14570.jpg,1850,1840,-10
14575.jpg,1850,1860,10
14580.jpg,1850,1860,10
14585.jpg,1850,1850,0
14590.jpg,1850,1880,30
14600.jpg,1850,1857,7
14605.jpg,1850,1850,0
14610.jpg,1850,1850,0
14615.jpg,1850,1870,20
14620.jpg,1850,1860,10
14625.jpg,1850,1850,0
14630.jpg,1850,1870,20
14635.jpg,1850,1850,0
14640.jpg,1850,1900,50
14645.jpg,1850,1870,20
14650.jpg,1850,1900,50
14655.jpg,1850,1850,0
14660.jpg,1850,1880,30
14665.jpg,1850,1830,-20
14670.jpg,1850,1840,-10
14675.jpg,1850,1850,0
14680.jpg,1850,1890,40
14685.jpg,1850,1900,50
14690.jpg,1850,1820,-30
14695.jpg,1850,1859,9
14700.jpg,1850,1880,30
14705.jpg,1850,1850,0
14710.jpg,1850,1900,50
14715.jpg,1850,1820,-30
14720.jpg,1850,1900,50
14725.jpg,1850,1850,0
14730.jpg,1850,1900,50
14735.jpg,1850,1880,30
14740.jpg,1850,1890,40
14745.jpg,1850,1900,50
14750.jpg,1850,1840,-10
14755.jpg,1850,1870,20
14760.jpg,1850,1850,0
14765.jpg,1850,1900,50
14770.jpg,1850,1850,0
14775.jpg,1850,1910,60
14780.jpg,1850,1820,-30
14785.jpg,1851,1930,79
14790.jpg,1851,1909,58
14795.jpg,1851,1925,74
14800.jpg,1851,1900,49
14805.jpg,1851,1900,49
14810.jpg,1851,1871,20
14815.jpg,1851,1810,-41
14820.jpg,1851,1850,-1
14825.jpg,1851,1880,29
14830.jpg,1851,1870,19
14835.jpg,1851,1770,-81
14840.jpg,1851,1860,9
14845.jpg,1851,1870,19
14850.jpg,1851,1980,129
14855.jpg,1851,1910,59
14860.jpg,1851,1880,29
14865.jpg,1851,1860,9
14870.jpg,1851,1780,-71
14880.jpg,1851,1870,19
14885.jpg,1851,1850,-1
14890.jpg,1851,1840,-11
14895.jpg,1851,1750,-101
14900.jpg,1851,1850,-1
14905.jpg,1851,1890,39
14910.jpg,1851,1750,-101
14915.jpg,1851,1840,-11
14920.jpg,1851,1840,-11
14925.jpg,1851,1880,29
14930.jpg,1851,1924,73
14935.jpg,1851,1870,19
14940.jpg,1851,1830,-21
14945.jpg,1852,1850,-2
14950.jpg,1852,1850,-2
14955.jpg,1852,1870,18
14960.jpg,1852,1900,48
14965.jpg,1852,1870,18
14970.jpg,1852,1830,-22
14975.jpg,1852,1910,58
14980.jpg,1852,1850,-2
14985.jpg,1852,1896,44
14990.jpg,1852,1880,28
14995.jpg,1852,1900,48
15000.jpg,1852,1870,18
15005.jpg,1852,1880,28
15010.jpg,1852,1820,-32
15015.jpg,1852,1870,18
15020.jpg,1852,1850,-2
15025.jpg,1852,1870,18
15030.jpg,1852,1850,-2
15035.jpg,1852,1850,-2
15040.jpg,1852,1870,18
15045.jpg,1852,1850,-2
15050.jpg,1852,1900,48
15055.jpg,1852,1840,-12
15060.jpg,1852,1860,8
15065.jpg,1852,1870,18
15070.jpg,1852,1880,28
15075.jpg,1852,1840,-12
15080.jpg,1852,1840,-12
15085.jpg,1852,1870,18
15090.jpg,1852,1900,48
15095.jpg,1852,1850,-2
15100.jpg,1852,1850,-2
15105.jpg,1852,1913,61
15110.jpg,1852,1840,-12
15115.jpg,1852,1850,-2
15120.jpg,1852,1870,18
15125.jpg,1852,1880,28
15130.jpg,1852,1850,-2
15135.jpg,1853,1850,-3
15140.jpg,1853,1838,-15
15145.jpg,1853,1870,17
15150.jpg,1853,1870,17
15155.jpg,1853,1880,27
15160.jpg,1853,1860,7
15165.jpg,1853,1900,47
15170.jpg,1853,1820,-33
15175.jpg,1853,1880,27
15180.jpg,1853,1880,27
15185.jpg,1853,1866,13
15190.jpg,1853,1865,12
15195.jpg,1853,1858,5
15200.jpg,1853,1870,17
15205.jpg,1853,1876,23
15210.jpg,1853,1840,-13
15215.jpg,1853,1850,-3
15220.jpg,1853,1870,17
15225.jpg,1853,1850,-3
15230.jpg,1853,1900,47
15235.jpg,1853,1850,-3
15240.jpg,1853,1890,37
15245.jpg,1853,1850,-3
15250.jpg,1853,1840,-13
15255.jpg,1853,1870,17
15260.jpg,1853,1870,17
15265.jpg,1853,1850,-3
15270.jpg,1853,1870,17
15275.jpg,1853,1860,7
15280.jpg,1853,1890,37
15285.jpg,1853,1850,-3
15290.jpg,1853,1860,7
15295.jpg,1853,1850,-3
15300.jpg,1853,1860,7
15305.jpg,1853,1850,-3
15310.jpg,1853,1870,17
15315.jpg,1853,1880,27
15320.jpg,1853,1880,27
15325.jpg,1853,1840,-13
15330.jpg,1853,1850,-3
15335.jpg,1853,1850,-3
15340.jpg,1853,1840,-13
15345.jpg,1853,1850,-3
15350.jpg,1853,1927,74
15355.jpg,1854,1890,36
15360.jpg,1854,1960,106
15365.jpg,1854,1850,-4
15370.jpg,1854,1870,16
15375.jpg,1854,1850,-4
15380.jpg,1854,1850,-4
15385.jpg,1854,1850,-4
15390.jpg,1854,1850,-4
15395.jpg,1854,1858,4
15400.jpg,1854,1870,16
15405.jpg,1854,1872,18
15410.jpg,1854,1870,16
15415.jpg,1854,1836,-18
15420.jpg,1854,1890,36
15425.jpg,1854,1890,36
15430.jpg,1854,1880,26
15435.jpg,1854,1920,66
15440.jpg,1854,1920,66
15445.jpg,1854,1880,26
15450.jpg,1855,1850,-5
15455.jpg,1855,1900,45
15460.jpg,1855,1910,55
15465.jpg,1855,1850,-5
15470.jpg,1855,1890,35
15475.jpg,1855,1880,25
15480.jpg,1855,1900,45
15485.jpg,1855,1875,20
15490.jpg,1855,1890,35
15495.jpg,1855,1915,60
15500.jpg,1855,1870,15
15505.jpg,1855,1849,-6
15510.jpg,1855,1858,3
15515.jpg,1855,1840,-15
15520.jpg,1855,1870,15
15525.jpg,1855,1880,25
15530.jpg,1855,1900,45
15535.jpg,1855,1850,-5
15540.jpg,1855,1890,35
15545.jpg,1855,1810,-45
15550.jpg,1855,1880,25
15555.jpg,1855,1880,25
15560.jpg,1855,1850,-5
15565.jpg,1855,1870,15
15570.jpg,1855,1860,5
15575.jpg,1855,1925,70
15580.jpg,1855,1920,65
15585.jpg,1855,1911,56
15590.jpg,1855,1950,95
15595.jpg,1855,1850,-5
15600.jpg,1855,1870,15
15605.jpg,1855,1900,45
15610.jpg,1855,1900,45
15615.jpg,1855,1870,15
15620.jpg,1855,1820,-35
15625.jpg,1855,1850,-5
15630.jpg,1855,1850,-5
15635.jpg,1855,1830,-25
15640.jpg,1855,1900,45
15645.jpg,1855,1890,35
15650.jpg,1855,1900,45
15655.jpg,1855,1880,25
15660.jpg,1855,1870,15
15665.jpg,1855,1870,15
15670.jpg,1855,1910,55
15675.jpg,1855,1900,45
15680.jpg,1855,1880,25
15685.jpg,1855,1900,45
15690.jpg,1855,1850,-5
15695.jpg,1855,1875,20
15705.jpg,1856,1850,-6
15710.jpg,1856,1880,24
15715.jpg,1856,1910,54
15720.jpg,1856,1870,14
15725.jpg,1856,1880,24
15730.jpg,1856,1890,34
15735.jpg,1856,1900,44
15740.jpg,1856,1903,47
15745.jpg,1856,1860,4
15750.jpg,1856,1907,51
15755.jpg,1856,1816,-40
15760.jpg,1856,1850,-6
15765.jpg,1856,1883,27
15770.jpg,1856,1905,49
15775.jpg,1856,1910,54
15780.jpg,1856,1858,2
15785.jpg,1856,1868,12
15795.jpg,1856,1850,-6
15800.jpg,1856,1985,129
15805.jpg,1856,1900,44
15810.jpg,1856,1900,44
15815.jpg,1856,1850,-6
15820.jpg,1856,1850,-6
15825.jpg,1856,1900,44
15830.jpg,1856,1860,4
15835.jpg,1856,1850,-6
15840.jpg,1856,1860,4
15845.jpg,1856,1850,-6
15850.jpg,1856,1860,4
15855.jpg,1856,1871,15
15860.jpg,1856,1850,-6
15865.jpg,1856,1850,-6
15870.jpg,1856,1860,4
15875.jpg,1856,1900,44
15880.jpg,1856,1890,34
15885.jpg,1856,1850,-6
15890.jpg,1856,1850,-6
15895.jpg,1856,1860,4
15900.jpg,1856,1910,54
15905.jpg,1856,1840,-16
15910.jpg,1856,1820,-36
15915.jpg,1856,1830,-26
15920.jpg,1856,1850,-6
15930.jpg,1856,1920,64
15935.jpg,1856,1870,14
15940.jpg,1856,1850,-6
15945.jpg,1856,1870,14
15950.jpg,1856,1850,-6
15955.jpg,1856,1900,44
15960.jpg,1856,1850,-6
15965.jpg,1856,1850,-6
15970.jpg,1856,1850,-6
15975.jpg,1856,1850,-6
15980.jpg,1857,1850,-7
15985.jpg,1857,1820,-37
15990.jpg,1857,1993,136
15995.jpg,1857,1850,-7
16000.jpg,1857,1900,43
16005.jpg,1857,1871,14
16010.jpg,1857,1850,-7
16015.jpg,1857,1870,13
16020.jpg,1857,1850,-7
16025.jpg,1857,1875,18
16030.jpg,1857,1864,7
16035.jpg,1857,1879,22
16040.jpg,1857,1900,43
16045.jpg,1857,1890,33
16050.jpg,1857,1870,13
16055.jpg,1857,1859,2
16060.jpg,1857,1850,-7
16065.jpg,1857,1880,23
16070.jpg,1857,1890,33
16075.jpg,1857,1900,43
16080.jpg,1857,1850,-7
16085.jpg,1857,1870,13
16090.jpg,1857,1870,13
16095.jpg,1857,1860,3
16100.jpg,1857,1780,-77
16105.jpg,1857,1870,13
16110.jpg,1857,1880,23
16115.jpg,1857,1870,13
16120.jpg,1857,1850,-7
16125.jpg,1857,1910,53
16130.jpg,1857,1850,-7
16135.jpg,1857,1910,53
16140.jpg,1857,1853,-4
16145.jpg,1857,1840,-17
16150.jpg,1857,1850,-7
16155.jpg,1857,1920,63
16160.jpg,1857,1840,-17
16165.jpg,1857,1820,-37
16170.jpg,1857,1880,23
16175.jpg,1857,1920,63
16180.jpg,1857,1880,23
16185.jpg,1857,1880,23
16190.jpg,1857,1850,-7
16195.jpg,1857,1910,53
16200.jpg,1857,1905,48
16205.jpg,1857,2017,160
16210.jpg,1857,1860,3
16215.jpg,1857,1900,43
16220.jpg,1857,1850,-7
16225.jpg,1857,1855,-2
16230.jpg,1857,1880,23
16235.jpg,1858,1890,32
16240.jpg,1858,1910,52
16245.jpg,1858,1870,12
16250.jpg,1858,1900,42
16255.jpg,1858,1870,12
16260.jpg,1858,1880,22
16265.jpg,1858,1880,22
16270.jpg,1858,1858,0
16275.jpg,1858,1840,-18
16280.jpg,1858,1850,-8
16285.jpg,1858,1865,7
16290.jpg,1858,1870,12
16295.jpg,1858,1900,42
16300.jpg,1858,1883,25
16305.jpg,1858,1890,32
16310.jpg,1858,1858,0
16315.jpg,1858,1867,9
16320.jpg,1858,1850,-8
16325.jpg,1858,1870,12
16330.jpg,1858,1890,32
16335.jpg,1858,1870,12
16340.jpg,1858,1840,-18
16345.jpg,1858,1929,71
16350.jpg,1858,1840,-18
16355.jpg,1858,1870,12
16360.jpg,1858,1859,1
16365.jpg,1858,1850,-8
16370.jpg,1858,1860,2
16375.jpg,1858,1905,47
16380.jpg,1858,1880,22
16385.jpg,1858,1870,12
16390.jpg,1858,1830,-28
16395.jpg,1858,1930,72
16400.jpg,1858,1850,-8
16405.jpg,1858,1880,22
16410.jpg,1858,1850,-8
16415.jpg,1858,1870,12
16420.jpg,1858,1860,2
16425.jpg,1858,1850,-8
16430.jpg,1858,1840,-18
16435.jpg,1858,1860,2
16440.jpg,1858,1840,-18
16445.jpg,1858,1830,-28
16450.jpg,1858,1890,32
16455.jpg,1858,1880,22
16460.jpg,1858,1900,42
16465.jpg,1858,1866,8
16470.jpg,1858,1873,15
16475.jpg,1858,1780,-78
16480.jpg,1858,1910,52
16485.jpg,1858,1880,22
16490.jpg,1859,1850,-9
16495.jpg,1859,1890,31
16505.jpg,1859,1859,0
16510.jpg,1859,1880,21
16515.jpg,1859,1880,21
16520.jpg,1859,1890,31
16525.jpg,1859,1900,41
16530.jpg,1859,1870,11
16535.jpg,1859,1840,-19
16540.jpg,1859,1850,-9
16545.jpg,1859,1870,11
16550.jpg,1859,1870,11
16555.jpg,1859,1870,11
16560.jpg,1859,1856,-3
16565.jpg,1859,1849,-10
16570.jpg,1859,1859,0
16575.jpg,1859,1870,11
16580.jpg,1859,1870,11
16585.jpg,1859,1880,21
16590.jpg,1859,1870,11
16595.jpg,1859,1870,11
16600.jpg,1859,1850,-9
16605.jpg,1859,1900,41
16610.jpg,1859,1870,11
16615.jpg,1859,1890,31
16620.jpg,1859,1900,41
16625.jpg,1859,1900,41
16630.jpg,1859,1910,51
16635.jpg,1859,1870,11
16640.jpg,1859,1850,-9
16645.jpg,1859,1872,13
16650.jpg,1859,1870,11
16655.jpg,1859,1850,-9
16660.jpg,1859,1850,-9
16665.jpg,1859,1840,-19
16670.jpg,1859,1870,11
16675.jpg,1859,1870,11
16680.jpg,1859,1850,-9
16685.jpg,1859,1870,11
16690.jpg,1859,1840,-19
16695.jpg,1859,1850,-9
16700.jpg,1859,1900,41
16705.jpg,1859,1850,-9
16710.jpg,1859,1860,1
16715.jpg,1859,1845,-14
16720.jpg,1859,1870,11
16725.jpg,1859,1890,31
16730.jpg,1859,1870,11
16735.jpg,1860,1850,-10
16740.jpg,1860,1890,30
16745.jpg,1860,1870,10
16750.jpg,1860,1890,30
16755.jpg,1860,1870,10
16760.jpg,1860,1880,20
16765.jpg,1860,1870,10
16770.jpg,1860,1870,10
16775.jpg,1860,1880,20
16785.jpg,1860,1570,-290
16790.jpg,1860,1886,26
16795.jpg,1860,1780,-80
16800.jpg,1860,1870,10
16805.jpg,1860,1880,20
16810.jpg,1860,1880,20
16815.jpg,1860,1870,10
16820.jpg,1860,1880,20
16825.jpg,1860,1850,-10
16830.jpg,1860,1880,20
16835.jpg,1860,1910,50
16840.jpg,1860,1860,0
16845.jpg,1860,1870,10
16850.jpg,1860,1880,20
16855.jpg,1860,1860,0
16860.jpg,1860,1750,-110
16865.jpg,1860,1910,50
16870.jpg,1860,1870,10
16875.jpg,1860,1850,-10
16880.jpg,1860,1860,0
16885.jpg,1860,1850,-10
16890.jpg,1860,1845,-15
16895.jpg,1860,1870,10
16900.jpg,1860,1900,40
16905.jpg,1860,1920,60
16910.jpg,1860,1880,20
16915.jpg,1860,1880,20
16920.jpg,1860,1870,10
16925.jpg,1860,1870,10
16930.jpg,1860,1880,20
16935.jpg,1860,1850,-10
16940.jpg,1860,1870,10
16945.jpg,1860,1880,20
16950.jpg,1860,1900,40
16955.jpg,1860,1850,-10
16960.jpg,1860,1850,-10
16965.jpg,1860,1913,53
16970.jpg,1860,1890,30
16975.jpg,1860,1869,9
16980.jpg,1860,1870,10
16985.jpg,1860,1890,30
16990.jpg,1860,1870,10
16995.jpg,1860,1842,-18
17000.jpg,1860,1960,100
17005.jpg,1861,1900,39
17010.jpg,1861,1880,19
17015.jpg,1861,1890,29
17025.jpg,1861,1850,-11
17030.jpg,1861,1880,19
17035.jpg,1861,1863,2
17040.jpg,1861,1760,-101
17045.jpg,1861,1820,-41
17050.jpg,1861,1820,-41
17055.jpg,1861,1860,-1
17060.jpg,1861,1875,14
17065.jpg,1861,1847,-14
17070.jpg,1861,1860,-1
17075.jpg,1861,1880,19
17080.jpg,1861,1870,9
17085.jpg,1861,1880,19
17090.jpg,1861,1850,-11
17095.jpg,1861,1859,-2
17100.jpg,1861,1880,19
17105.jpg,1861,1850,-11
17110.jpg,1861,1870,9
17115.jpg,1861,1860,-1
17120.jpg,1861,1880,19
17125.jpg,1861,1870,9
17130.jpg,1861,1870,9
17135.jpg,1861,1210,-651
17140.jpg,1861,1870,9
17145.jpg,1861,1850,-11
17150.jpg,1861,1876,15
17155.jpg,1861,1870,9
17160.jpg,1861,1870,9
17165.jpg,1861,1877,16
17170.jpg,1861,1860,-1
17175.jpg,1862,1875,13
17180.jpg,1862,1900,38
17185.jpg,1862,1865,3
17190.jpg,1862,1870,8
17195.jpg,1862,1992,130
17200.jpg,1862,1851,-11
17205.jpg,1862,1920,58
17210.jpg,1862,1870,8
17215.jpg,1862,1910,48
17220.jpg,1862,1850,-12
17225.jpg,1862,1830,-32
17230.jpg,1862,1870,8
17235.jpg,1862,1870,8
17240.jpg,1862,1850,-12
17245.jpg,1862,1860,-2
17250.jpg,1862,1850,-12
17255.jpg,1862,1750,-112
17260.jpg,1862,1890,28
17265.jpg,1862,1820,-42
17270.jpg,1862,1890,28
17275.jpg,1862,1870,8
17280.jpg,1862,1870,8
17285.jpg,1862,1880,18
17290.jpg,1862,1860,-2
17295.jpg,1862,1900,38
17300.jpg,1862,1880,18
17305.jpg,1862,1880,18
17310.jpg,1862,1920,58
17315.jpg,1862,1900,38
17320.jpg,1862,1880,18
17325.jpg,1863,1850,-13
17330.jpg,1863,1860,-3
17340.jpg,1863,1925,62
17345.jpg,1863,1880,17
17350.jpg,1863,1840,-23
17355.jpg,1863,1855,-8
17365.jpg,1863,1920,57
17370.jpg,1863,1861,-2
17375.jpg,1863,1860,-3
17380.jpg,1863,1862,-1
17385.jpg,1863,1920,57
17390.jpg,1863,1830,-33
17395.jpg,1863,1870,7
17400.jpg,1863,1940,77
17405.jpg,1863,1890,27
17410.jpg,1863,1855,-8
17415.jpg,1863,1870,7
17420.jpg,1863,1890,27
17425.jpg,1863,1880,17
17430.jpg,1863,1870,7
17435.jpg,1863,1961,98
17440.jpg,1863,1860,-3
17445.jpg,1863,1870,7
17450.jpg,1863,1880,17
17455.jpg,1863,1865,2
17460.jpg,1863,1900,37
17465.jpg,1863,1900,37
17470.jpg,1863,1860,-3
17475.jpg,1863,1870,7
17480.jpg,1863,1870,7
17485.jpg,1864,1860,-4
17490.jpg,1864,1900,36
17495.jpg,1864,1870,6
17500.jpg,1864,1910,46
17505.jpg,1864,1900,36
17510.jpg,1864,1880,16
17515.jpg,1864,1846,-18
17520.jpg,1864,1965,101
17525.jpg,1864,1842,-22
17530.jpg,1864,1870,6
17535.jpg,1864,1990,126
17540.jpg,1864,1862,-2
17545.jpg,1864,1856,-8
17550.jpg,1864,1862,-2
17555.jpg,1864,1870,6
17560.jpg,1864,1900,36
17565.jpg,1864,1850,-14
17575.jpg,1864,1870,6
17580.jpg,1864,1850,-14
17585.jpg,1864,1880,16
17590.jpg,1864,1960,96
17595.jpg,1864,1870,6
17600.jpg,1864,1900,36
17605.jpg,1864,1860,-4
17610.jpg,1864,1870,6
17615.jpg,1864,1850,-14
17620.jpg,1864,1850,-14
17625.jpg,1864,1937,73
17630.jpg,1864,1900,36
17635.jpg,1864,1888,24
17640.jpg,1864,1920,56
17645.jpg,1864,1880,16
17650.jpg,1864,1870,6
17655.jpg,1864,1890,26
17660.jpg,1865,1870,5
17665.jpg,1865,1865,0
17670.jpg,1865,1840,-25
17675.jpg,1865,1859,-6
17680.jpg,1865,1910,45
17690.jpg,1865,1910,45
17695.jpg,1865,1830,-35
17700.jpg,1865,1850,-15
17705.jpg,1865,1870,5
17710.jpg,1865,1870,5
17715.jpg,1865,1890,25
17720.jpg,1865,1928,63
17725.jpg,1865,1875,10
17730.jpg,1865,1913,48
17735.jpg,1865,1865,0
17745.jpg,1865,1847,-18
17750.jpg,1865,1850,-15
17755.jpg,1865,1870,5
17760.jpg,1865,1880,15
17765.jpg,1865,1900,35
17770.jpg,1865,1850,-15
17775.jpg,1865,1870,5
17780.jpg,1865,1890,25
17785.jpg,1865,1870,5
17790.jpg,1865,1900,35
17795.jpg,1865,1880,15
17800.jpg,1865,1850,-15
17805.jpg,1865,1880,15
17810.jpg,1865,1900,35
17815.jpg,1865,1900,35
17820.jpg,1865,1920,55
17825.jpg,1865,1870,5
17830.jpg,1865,1870,5
17835.jpg,1865,1820,-45
17840.jpg,1865,1880,15
17845.jpg,1865,1870,5
17850.jpg,1865,1880,15
17855.jpg,1865,1870,5
17860.jpg,1865,1870,5
17865.jpg,1865,1860,-5
17870.jpg,1865,1870,5
17875.jpg,1865,1870,5
17880.jpg,1865,1780,-85
17885.jpg,1865,1900,35
17890.jpg,1865,1850,-15
17895.jpg,1865,1940,75
17900.jpg,1865,1880,15
17905.jpg,1865,1850,-15
17910.jpg,1865,1850,-15
17915.jpg,1865,1880,15
17920.jpg,1865,1880,15
17930.jpg,1865,1870,5
17935.jpg,1866,1866,0
17940.jpg,1866,1870,4
17945.jpg,1866,1910,44
17950.jpg,1866,1890,24
17955.jpg,1866,1935,69
17960.jpg,1866,1850,-16
17965.jpg,1866,1880,14
17970.jpg,1866,1650,-216
17975.jpg,1866,1860,-6
17980.jpg,1866,1873,7
17985.jpg,1866,1855,-11
17990.jpg,1866,1870,4
17995.jpg,1866,1896,30
18000.jpg,1866,1882,16
18005.jpg,1866,1830,-36
18010.jpg,1866,1890,24
18015.jpg,1866,1950,84
18020.jpg,1866,1880,14
18025.jpg,1866,1870,4
18030.jpg,1866,1850,-16
18035.jpg,1866,1880,14
18040.jpg,1866,1850,-16
18045.jpg,1866,1870,4
18050.jpg,1866,1750,-116
18055.jpg,1866,1900,34
18060.jpg,1866,1880,14
18065.jpg,1866,1855,-11
18070.jpg,1866,1880,14
18075.jpg,1866,1870,4
18080.jpg,1866,1850,-16
18085.jpg,1866,1900,34
18090.jpg,1866,1920,54
18095.jpg,1866,1850,-16
18100.jpg,1866,1925,59
18105.jpg,1866,1910,44
18110.jpg,1866,1890,24
18115.jpg,1866,1890,24
18120.jpg,1866,1870,4
18125.jpg,1866,1875,9
18130.jpg,1866,1900,34
18135.jpg,1867,1850,-17
18140.jpg,1867,1867,0
18145.jpg,1867,1910,43
18160.jpg,1867,1870,3
18165.jpg,1867,1850,-17
18170.jpg,1867,1850,-17
18175.jpg,1867,1840,-27
18180.jpg,1867,1956,89
18185.jpg,1867,1880,13
18190.jpg,1867,1876,9
18195.jpg,1867,1860,-7
18200.jpg,1867,1860,-7
18205.jpg,1867,1884,17
18210.jpg,1867,1900,33
18215.jpg,1867,1880,13
18220.jpg,1867,1870,3
18225.jpg,1867,1880,13
18230.jpg,1867,1930,63
18235.jpg,1867,1940,73
18240.jpg,1867,1860,-7
18245.jpg,1867,1870,3
18250.jpg,1867,1890,23
18255.jpg,1867,1920,53
18260.jpg,1867,1850,-17
18265.jpg,1867,1880,13
18270.jpg,1867,1870,3
18275.jpg,1867,1880,13
18280.jpg,1867,1880,13
18285.jpg,1867,1870,3
18290.jpg,1867,1880,13
18295.jpg,1867,1870,3
18300.jpg,1867,1910,43
18305.jpg,1867,1860,-7
18310.jpg,1867,1885,18
18315.jpg,1867,1900,33
18320.jpg,1867,1870,3
18325.jpg,1867,1860,-7
18330.jpg,1867,1870,3
18335.jpg,1867,1900,33
18340.jpg,1867,1870,3
18345.jpg,1867,1900,33
18350.jpg,1867,1860,-7
18355.jpg,1867,1880,13
18360.jpg,1867,1900,33
18365.jpg,1868,1850,-18
18370.jpg,1868,1820,-48
18380.jpg,1868,1890,22
18385.jpg,1868,1870,2
18390.jpg,1868,1870,2
18395.jpg,1868,1920,52
18400.jpg,1868,1892,24
18405.jpg,1868,1880,12
18410.jpg,1868,1887,19
18415.jpg,1868,1920,52
18420.jpg,1868,1870,2
18425.jpg,1868,1868,0
18430.jpg,1868,1700,-168
18450.jpg,1868,1870,2
18455.jpg,1868,1820,-48
18460.jpg,1868,1870,2
18465.jpg,1868,1870,2
18470.jpg,1868,1875,7
18475.jpg,1868,1900,32
18480.jpg,1868,1870,2
18485.jpg,1868,1870,2
18490.jpg,1868,1870,2
18495.jpg,1868,1880,12
18500.jpg,1868,1880,12
18505.jpg,1868,1870,2
18510.jpg,1868,1870,2
18515.jpg,1868,1839,-29
18520.jpg,1868,1850,-18
18525.jpg,1868,1880,12
18530.jpg,1868,1870,2
18535.jpg,1868,1850,-18
18540.jpg,1868,1850,-18
18545.jpg,1868,1870,2
18550.jpg,1868,1870,2
18555.jpg,1868,1870,2
18560.jpg,1868,1870,2
18565.jpg,1868,1880,12
18570.jpg,1868,1880,12
18575.jpg,1868,1870,2
18580.jpg,1868,1806,-62
18585.jpg,1868,1966,98
18590.jpg,1868,1910,42
18595.jpg,1868,1850,-18
18600.jpg,1868,1890,22
18605.jpg,1868,1920,52
18610.jpg,1868,1880,12
18615.jpg,1868,1870,2
18620.jpg,1869,1850,-19
18625.jpg,1869,1868,-1
18630.jpg,1869,1870,1
18635.jpg,1869,1861,-8
18640.jpg,1869,1890,21
18645.jpg,1869,1870,1
18650.jpg,1869,1750,-119
18655.jpg,1869,1850,-19
18660.jpg,1869,1860,-9
18665.jpg,1869,1870,1
18670.jpg,1869,1883,14
18675.jpg,1869,1870,1
18680.jpg,1869,1861,-8
18685.jpg,1869,1870,1
18690.jpg,1869,1870,1
18695.jpg,1869,1870,1
18700.jpg,1869,1880,11
18710.jpg,1869,1910,41
18715.jpg,1869,1850,-19
18720.jpg,1869,1870,1
18725.jpg,1869,1900,31
18730.jpg,1869,1870,1
18735.jpg,1869,1870,1
18740.jpg,1869,1890,21
18745.jpg,1869,1887,18
18750.jpg,1869,1870,1
18755.jpg,1869,1860,-9
18760.jpg,1869,1870,1
18765.jpg,1869,1840,-29
18770.jpg,1869,1850,-19
18775.jpg,1869,1890,21
18780.jpg,1869,1900,31
18785.jpg,1869,1870,1
18790.jpg,1869,1880,11
18795.jpg,1869,1850,-19
18800.jpg,1869,1890,21
18805.jpg,1869,1890,21
18810.jpg,1869,1880,11
18815.jpg,1869,1880,11
18820.jpg,1869,1900,31
18825.jpg,1869,1880,11
18830.jpg,1869,1890,21
18835.jpg,1869,1900,31
18840.jpg,1870,1850,-20
18845.jpg,1870,1899,29
18850.jpg,1870,1880,10
18855.jpg,1870,1890,20
18860.jpg,1870,1900,30
18865.jpg,1870,1920,50
18870.jpg,1870,1890,20
18875.jpg,1870,1990,120
18880.jpg,1870,1900,30
18885.jpg,1870,1860,-10
18895.jpg,1870,1860,-10
18900.jpg,1870,1876,6
18905.jpg,1870,1876,6
18910.jpg,1870,1880,10
18915.jpg,1870,1896,26
18920.jpg,1870,1910,40
18925.jpg,1870,1876,6
18930.jpg,1870,1880,10
18935.jpg,1870,1750,-120
18940.jpg,1870,1880,10
18945.jpg,1870,1950,80
18950.jpg,1870,1920,50
18955.jpg,1870,1880,10
18960.jpg,1870,1880,10
18965.jpg,1870,1870,0
18970.jpg,1870,1870,0
18980.jpg,1870,1890,20
18985.jpg,1870,1870,0
18990.jpg,1870,1910,40
18995.jpg,1870,1870,0
19000.jpg,1870,1870,0
19005.jpg,1870,1870,0
19010.jpg,1870,1870,0
19015.jpg,1870,1910,40
19020.jpg,1870,1870,0
19025.jpg,1870,1880,10
19030.jpg,1870,1910,40
19035.jpg,1870,1870,0
19040.jpg,1870,1920,50
19045.jpg,1870,1850,-20
19050.jpg,1870,1870,0
19055.jpg,1870,1880,10
19060.jpg,1870,1890,20
19065.jpg,1870,1880,10
19070.jpg,1870,1880,10
19075.jpg,1870,1880,10
19080.jpg,1870,1910,40
19085.jpg,1870,1870,0
19090.jpg,1870,1900,30
19100.jpg,1870,1936,66
19105.jpg,1870,1880,10
19110.jpg,1870,1930,60
19115.jpg,1870,1870,0
19120.jpg,1870,1890,20
19125.jpg,1870,1920,50
19130.jpg,1870,1880,10
19135.jpg,1870,1820,-50
19140.jpg,1870,1880,10
19145.jpg,1871,1850,-21
19150.jpg,1871,1900,29
19155.jpg,1871,1880,9
19160.jpg,1871,1870,-1
19165.jpg,1871,1850,-21
19170.jpg,1871,1908,37
19175.jpg,1871,1920,49
19180.jpg,1871,1900,29
19185.jpg,1871,1898,27
19190.jpg,1871,1870,-1
19195.jpg,1871,1890,19
19200.jpg,1871,1875,4
19205.jpg,1871,1966,95
19210.jpg,1871,1875,4
19215.jpg,1871,1883,12
19220.jpg,1871,1910,39
19225.jpg,1871,1858,-13
19230.jpg,1871,1932,61
19235.jpg,1871,1858,-13
19240.jpg,1871,1900,29
19245.jpg,1871,1870,-1
19250.jpg,1871,1880,9
19255.jpg,1871,1870,-1
19260.jpg,1871,1900,29
19265.jpg,1871,1860,-11
19270.jpg,1871,1870,-1
19275.jpg,1871,1880,9
19280.jpg,1871,1880,9
19285.jpg,1871,1880,9
19290.jpg,1871,1860,-11
19295.jpg,1871,1870,-1
19300.jpg,1871,1880,9
19305.jpg,1871,1920,49
19310.jpg,1871,1910,39
19315.jpg,1871,1870,-1
19320.jpg,1871,1870,-1
19325.jpg,1871,1880,9
19330.jpg,1871,1870,-1
19335.jpg,1871,1890,19
19340.jpg,1871,1870,-1
19345.jpg,1871,1870,-1
19350.jpg,1871,1850,-21
19355.jpg,1871,1880,9
19360.jpg,1871,1900,29
19365.jpg,1871,1869,-2
19370.jpg,1871,1876,5
19375.jpg,1871,1900,29
19380.jpg,1871,1880,9
19385.jpg,1871,1880,9
19390.jpg,1871,1880,9
19395.jpg,1872,1863,-9
19400.jpg,1872,1880,8
19405.jpg,1872,1880,8
19410.jpg,1872,1850,-22
19415.jpg,1872,1864,-8
19420.jpg,1872,1840,-32
19425.jpg,1872,1920,48
19430.jpg,1872,1900,28
19435.jpg,1872,1900,28
19440.jpg,1872,1880,8
19445.jpg,1872,1910,38
19450.jpg,1872,1880,8
19455.jpg,1872,1870,-2
19460.jpg,1872,1870,-2
19465.jpg,1872,1890,18
19470.jpg,1872,1860,-12
19475.jpg,1872,1880,8
19480.jpg,1872,1864,-8
19485.jpg,1872,1875,3
19490.jpg,1872,1870,-2
19495.jpg,1872,1875,3
19500.jpg,1872,1888,16
19505.jpg,1872,1858,-14
19510.jpg,1872,1900,28
19515.jpg,1872,1859,-13
19520.jpg,1872,1880,8
19525.jpg,1872,1880,8
19530.jpg,1872,1870,-2
19535.jpg,1872,1850,-22
19540.jpg,1872,1920,48
19545.jpg,1872,1870,-2
19550.jpg,1872,1880,8
19555.jpg,1872,1880,8
19560.jpg,1872,1870,-2
19565.jpg,1872,1790,-82
19570.jpg,1872,1870,-2
19575.jpg,1872,1860,-12
19580.jpg,1872,1870,-2
19585.jpg,1872,1850,-22
19590.jpg,1872,1900,28
19595.jpg,1872,1900,28
19600.jpg,1872,1870,-2
19605.jpg,1872,1870,-2
19610.jpg,1872,1870,-2
19615.jpg,1872,1880,8
19620.jpg,1872,1870,-2
19625.jpg,1872,1870,-2
19630.jpg,1872,1850,-22
19635.jpg,1872,1908,36
19640.jpg,1872,1900,28
19645.jpg,1872,1850,-22
19655.jpg,1873,1850,-23
19660.jpg,1873,1860,-13
19665.jpg,1873,1950,77
19670.jpg,1873,1880,7
19675.jpg,1873,1880,7
19680.jpg,1873,1870,-3
19685.jpg,1873,1900,27
19690.jpg,1873,1750,-123
19695.jpg,1873,1870,-3
19700.jpg,1873,1875,2
19705.jpg,1873,1910,37
19710.jpg,1873,1910,37
19715.jpg,1873,1880,7
19720.jpg,1873,1900,27
19725.jpg,1873,1860,-13
19730.jpg,1873,1870,-3
19735.jpg,1873,1862,-11
19740.jpg,1873,1980,107
19745.jpg,1873,1890,17
19750.jpg,1873,1858,-15
19755.jpg,1873,1870,-3
19760.jpg,1873,1880,7
19765.jpg,1873,1880,7
19775.jpg,1873,1915,42
19780.jpg,1873,1870,-3
19785.jpg,1873,1880,7
19790.jpg,1873,1870,-3
19795.jpg,1873,1880,7
19800.jpg,1873,1850,-23
19805.jpg,1873,1850,-23
19810.jpg,1873,1880,7
19815.jpg,1873,1885,12
19820.jpg,1873,1870,-3
19825.jpg,1873,1880,7
19830.jpg,1873,1880,7
19835.jpg,1873,1850,-23
19840.jpg,1873,1860,-13
19845.jpg,1873,2000,127
19850.jpg,1873,1870,-3
19855.jpg,1873,1870,-3
19860.jpg,1873,1880,7
19865.jpg,1873,1870,-3
19870.jpg,1873,1870,-3
19875.jpg,1873,1929,56
19880.jpg,1873,1900,27
19885.jpg,1873,1890,17
19890.jpg,1873,1870,-3
19895.jpg,1873,1900,27
19900.jpg,1873,1880,7
19905.jpg,1873,1875,2
19910.jpg,1873,1960,87
19915.jpg,1874,1870,-4
19920.jpg,1874,1880,6
19925.jpg,1874,1870,-4
19930.jpg,1874,1910,36
19935.jpg,1874,1890,16
19945.jpg,1874,1880,6
19950.jpg,1874,1880,6
19955.jpg,1874,1901,27
19965.jpg,1874,1890,16
19970.jpg,1874,1903,29
19975.jpg,1874,1880,6
19980.jpg,1874,1870,-4
19985.jpg,1874,1891,17
19990.jpg,1874,1939,65
19995.jpg,1874,1880,6
20000.jpg,1874,1950,76
20005.jpg,1874,1940,66
20010.jpg,1874,1900,26
20015.jpg,1874,1858,-16
20020.jpg,1874,1870,-4
20025.jpg,1874,1874,0
20030.jpg,1874,1855,-19
20035.jpg,1874,1932,58
20040.jpg,1874,1858,-16
20045.jpg,1874,1900,26
20050.jpg,1874,1870,-4
20055.jpg,1874,1880,6
20060.jpg,1874,1880,6
20065.jpg,1874,1870,-4
20070.jpg,1874,1880,6
20075.jpg,1874,1880,6
20080.jpg,1874,1870,-4
20085.jpg,1874,1870,-4
20090.jpg,1874,1850,-24
20095.jpg,1874,1850,-24
20100.jpg,1874,1880,6
20110.jpg,1874,1870,-4
20115.jpg,1874,1870,-4
20120.jpg,1874,1870,-4
20125.jpg,1874,1650,-224
20130.jpg,1874,1725,-149
20135.jpg,1874,1880,6
20145.jpg,1874,1850,-24
20150.jpg,1874,1870,-4
20155.jpg,1874,1880,6
20160.jpg,1874,1900,26
20165.jpg,1874,1880,6
20170.jpg,1874,1870,-4
20175.jpg,1874,1905,31
20180.jpg,1874,1728,-146
20185.jpg,1874,1870,-4
20190.jpg,1874,1880,6
20195.jpg,1874,1901,27
20205.jpg,1874,1855,-19
20210.jpg,1875,1890,15
20215.jpg,1875,1963,88
20220.jpg,1875,1850,-25
20230.jpg,1875,1870,-5
20235.jpg,1875,1870,-5
20240.jpg,1875,1880,5
20245.jpg,1875,1850,-25
20250.jpg,1875,1910,35
20255.jpg,1875,1930,55
20260.jpg,1875,1870,-5
20265.jpg,1875,1880,5
20270.jpg,1875,1881,6
20275.jpg,1875,1875,0
20280.jpg,1875,1908,33
20285.jpg,1875,1880,5
20295.jpg,1875,1880,5
20300.jpg,1875,1855,-20
20305.jpg,1875,1846,-29
20310.jpg,1875,1886,11
20315.jpg,1875,1900,25
20320.jpg,1875,1870,-5
20325.jpg,1875,1870,-5
20330.jpg,1875,1900,25
20335.jpg,1875,1870,-5
20340.jpg,1875,1900,25
20345.jpg,1875,1900,25
20350.jpg,1875,1900,25
20355.jpg,1875,1890,15
20360.jpg,1875,1870,-5
20365.jpg,1875,1890,15
20370.jpg,1875,1870,-5
20375.jpg,1875,1870,-5
20380.jpg,1875,1880,5
20385.jpg,1875,1850,-25
20390.jpg,1875,1870,-5
20395.jpg,1875,1870,-5
20400.jpg,1875,1870,-5
20405.jpg,1875,1900,25
20410.jpg,1875,1910,35
20415.jpg,1875,1850,-25
20420.jpg,1875,1870,-5
20425.jpg,1875,1880,5
20430.jpg,1875,1900,25
20435.jpg,1875,1295,-580
20440.jpg,1875,1910,35
20445.jpg,1875,1850,-25
20450.jpg,1875,1880,5
20455.jpg,1875,1870,-5
20460.jpg,1875,1910,35
20465.jpg,1875,1870,-5
20470.jpg,1875,1850,-25
20480.jpg,1875,1920,45
20485.jpg,1875,1880,5
20490.jpg,1875,1850,-25
20495.jpg,1875,1880,5
20500.jpg,1876,1850,-26
20505.jpg,1876,1920,44
20510.jpg,1876,1910,34
20515.jpg,1876,1870,-6
20520.jpg,1876,1890,14
20525.jpg,1876,1609,-267
20530.jpg,1876,1880,4
20540.jpg,1876,2023,147
20545.jpg,1876,1896,20
20550.jpg,1876,1880,4
20555.jpg,1876,1868,-8
20560.jpg,1876,1750,-126
20565.jpg,1876,1880,4
20570.jpg,1876,1881,5
20575.jpg,1876,1958,82
20580.jpg,1876,1910,34
20585.jpg,1876,1880,4
20590.jpg,1876,1880,4
20595.jpg,1876,1900,24
20600.jpg,1876,1870,-6
20605.jpg,1876,1870,-6
20610.jpg,1876,1900,24
20615.jpg,1876,1870,-6
20620.jpg,1876,1900,24
20625.jpg,1876,1880,4
20630.jpg,1876,1910,34
20635.jpg,1876,1880,4
20640.jpg,1876,1910,34
20645.jpg,1876,1870,-6
20650.jpg,1876,1880,4
20655.jpg,1876,1870,-6
20660.jpg,1876,1880,4
20665.jpg,1876,1880,4
20670.jpg,1876,1885,9
20675.jpg,1876,1730,-146
20680.jpg,1876,1880,4
20685.jpg,1876,1870,-6
20690.jpg,1876,1870,-6
20695.jpg,1876,1900,24
20700.jpg,1876,1893,17
20705.jpg,1876,1900,24
20715.jpg,1876,1900,24
20720.jpg,1876,1860,-16
20725.jpg,1876,1880,4
20730.jpg,1877,1870,-7
20735.jpg,1877,1870,-7
20740.jpg,1877,1890,13
20745.jpg,1877,1870,-7
20750.jpg,1877,1870,-7
20755.jpg,1877,1900,23
20760.jpg,1877,1935,58
20765.jpg,1877,1722,-155
20770.jpg,1877,1900,23
20775.jpg,1877,1875,-2
20780.jpg,1877,1849,-28
20785.jpg,1877,1881,4
20790.jpg,1877,1902,25
20795.jpg,1877,1856,-21
20800.jpg,1877,1880,3
20805.jpg,1877,1870,-7
20810.jpg,1877,1880,3
20815.jpg,1877,1850,-27
20820.jpg,1877,1890,13
20830.jpg,1877,1870,-7
20835.jpg,1877,1870,-7
20840.jpg,1877,1890,13
20845.jpg,1877,1870,-7
20850.jpg,1877,1880,3
20855.jpg,1877,1900,23
20860.jpg,1877,1900,23
20865.jpg,1877,1880,3
20870.jpg,1877,1870,-7
20875.jpg,1877,1890,13
20880.jpg,1877,1880,3
20885.jpg,1877,1880,3
20890.jpg,1877,1876,-1
20895.jpg,1877,1870,-7
20900.jpg,1877,1890,13
20905.jpg,1877,1900,23
20910.jpg,1877,1880,3
20915.jpg,1877,1900,23
20925.jpg,1878,1880,2
20930.jpg,1878,1900,22
20935.jpg,1878,1867,-11
20940.jpg,1878,1900,22
20945.jpg,1878,1910,32
20950.jpg,1878,1880,2
20955.jpg,1878,1870,-8
20960.jpg,1878,1910,32
20965.jpg,1878,1960,82
20970.jpg,1878,1920,42
20975.jpg,1878,1880,2
20980.jpg,1878,1910,32
20985.jpg,1878,1881,3
20990.jpg,1878,1858,-20
20995.jpg,1878,1860,-18
21000.jpg,1878,1880,2
21005.jpg,1878,1870,-8
21010.jpg,1878,1870,-8
21015.jpg,1878,1880,2
21020.jpg,1878,1850,-28
21025.jpg,1878,1880,2
21030.jpg,1878,1890,12
21035.jpg,1878,1870,-8
21040.jpg,1878,1870,-8
21045.jpg,1878,1880,2
21050.jpg,1878,1880,2
21055.jpg,1878,1870,-8
21060.jpg,1878,1860,-18
21065.jpg,1878,1900,22
21070.jpg,1878,1900,22
21075.jpg,1878,1880,2
21080.jpg,1878,1875,-3
21085.jpg,1878,1870,-8
21090.jpg,1878,1910,32
21095.jpg,1878,1880,2
21100.jpg,1878,1880,2
21105.jpg,1878,1890,12
21110.jpg,1878,1890,12
21115.jpg,1878,1878,0
21120.jpg,1878,1925,47
21125.jpg,1878,2020,142
21130.jpg,1878,1900,22
21135.jpg,1878,1890,12
21140.jpg,1878,1895,17
21145.jpg,1878,1900,22
21150.jpg,1878,1900,22
21155.jpg,1878,1920,42
21160.jpg,1879,1970,91
21165.jpg,1879,1880,1
21170.jpg,1879,1862,-17
21175.jpg,1879,1900,21
21180.jpg,1879,1900,21
21185.jpg,1879,1900,21
21190.jpg,1879,1870,-9
21195.jpg,1879,1893,14
21200.jpg,1879,1876,-3
21205.jpg,1879,1915,36
21210.jpg,1879,1900,21
21215.jpg,1879,1880,1
21220.jpg,1879,1885,6
21225.jpg,1879,1900,21
21230.jpg,1879,1858,-21
21235.jpg,1879,1910,31
21240.jpg,1879,1880,1
21245.jpg,1879,1870,-9
21250.jpg,1879,1870,-9
21255.jpg,1879,1880,1
21260.jpg,1879,1880,1
21265.jpg,1879,1870,-9
21270.jpg,1879,1850,-29
21275.jpg,1879,1860,-19
21280.jpg,1879,1870,-9
21285.jpg,1879,1900,21
21290.jpg,1879,1870,-9
21295.jpg,1879,1870,-9
21300.jpg,1879,1870,-9
21305.jpg,1879,1870,-9
21310.jpg,1879,1880,1
21315.jpg,1879,1880,1
21320.jpg,1879,1880,1
21325.jpg,1879,1890,11
21330.jpg,1879,1880,1
21335.jpg,1879,1879,0
21340.jpg,1879,1915,36
21350.jpg,1879,1900,21
21355.jpg,1879,1900,21
21360.jpg,1879,1900,21
21365.jpg,1879,1910,31
21370.jpg,1879,1875,-4
21375.jpg,1880,1800,-80
21380.jpg,1880,1890,10
21385.jpg,1880,1910,30
21390.jpg,1880,1910,30
21395.jpg,1880,1880,0
21400.jpg,1880,1880,0
21405.jpg,1880,1900,20
21410.jpg,1880,1900,20
21415.jpg,1880,1880,0
21420.jpg,1880,1880,0
21425.jpg,1880,1890,10
21430.jpg,1880,1870,-10
21435.jpg,1880,1880,0
21440.jpg,1880,1880,0
21445.jpg,1880,1870,-10
21450.jpg,1880,1900,20
21455.jpg,1880,1887,7
21460.jpg,1880,1890,10
21465.jpg,1880,1875,-5
21470.jpg,1880,1870,-10
21475.jpg,1880,1876,-4
21480.jpg,1880,1910,30
21485.jpg,1880,1818,-62
21490.jpg,1880,1858,-22
21495.jpg,1880,1870,-10
21500.jpg,1880,1890,10
21505.jpg,1880,1870,-10
21510.jpg,1880,1880,0
21515.jpg,1880,1870,-10
21520.jpg,1880,1870,-10
21530.jpg,1880,1900,20
21535.jpg,1880,1870,-10
21540.jpg,1880,1870,-10
21545.jpg,1880,1880,0
21550.jpg,1880,1890,10
21555.jpg,1880,1870,-10
21560.jpg,1880,1900,20
21565.jpg,1880,1900,20
21570.jpg,1880,1920,40
21575.jpg,1880,1950,70
21580.jpg,1880,1870,-10
21585.jpg,1880,1890,10
21590.jpg,1880,1880,0
21595.jpg,1880,1890,10
21600.jpg,1880,1890,10
21605.jpg,1880,1900,20
21610.jpg,1880,1880,0
21615.jpg,1880,1880,0
21620.jpg,1880,1870,-10
21625.jpg,1880,1880,0
21630.jpg,1880,1890,10
21635.jpg,1880,1880,0
21640.jpg,1880,1870,-10
21645.jpg,1880,1870,-10
21650.jpg,1880,1930,50
21655.jpg,1880,1880,0
21660.jpg,1880,1870,-10
21665.jpg,1880,1600,-280
21670.jpg,1880,1900,20
21675.jpg,1880,1890,10
21680.jpg,1880,1890,10
21685.jpg,1880,1750,-130
21690.jpg,1880,1890,10
21695.jpg,1880,1890,10
21700.jpg,1880,1890,10
21705.jpg,1880,1870,-10
21710.jpg,1881,1830,-51
21715.jpg,1881,1910,29
21720.jpg,1881,1920,39
21725.jpg,1881,1870,-11
21730.jpg,1881,1890,9
21735.jpg,1881,1910,29
21740.jpg,1881,1890,9
21745.jpg,1881,1900,19
21750.jpg,1881,1895,14
21755.jpg,1881,1930,49
21760.jpg,1881,1868,-13
21770.jpg,1881,1896,15
21775.jpg,1881,1900,19
21780.jpg,1881,1900,19
21785.jpg,1881,1890,9
21790.jpg,1881,1870,-11
21795.jpg,1881,1890,9
21800.jpg,1881,1890,9
21805.jpg,1881,1870,-11
21810.jpg,1881,1900,19
21815.jpg,1881,1890,9
21820.jpg,1881,1910,29
21825.jpg,1881,1890,9
21830.jpg,1881,1870,-11
21835.jpg,1881,1870,-11
21840.jpg,1881,1870,-11
21845.jpg,1881,1910,29
21850.jpg,1881,1870,-11
21855.jpg,1881,1890,9
21860.jpg,1881,1850,-31
21865.jpg,1881,1890,9
21870.jpg,1881,1890,9
21875.jpg,1881,1900,19
21880.jpg,1881,1870,-11
21885.jpg,1881,1880,-1
21890.jpg,1881,1910,29
21895.jpg,1881,1890,9
21900.jpg,1881,1850,-31
21905.jpg,1881,1920,39
21910.jpg,1881,1881,0
21915.jpg,1881,1900,19
21920.jpg,1881,1885,4
21925.jpg,1881,1920,39
21930.jpg,1881,1830,-51
21940.jpg,1881,1880,-1
21945.jpg,1882,1850,-32
21950.jpg,1882,1920,38
21955.jpg,1882,1900,18
21960.jpg,1882,1890,8
21965.jpg,1882,1910,28
21970.jpg,1882,1920,38
21975.jpg,1882,1876,-6
21980.jpg,1882,1900,18
21985.jpg,1882,1880,-2
21990.jpg,1882,1880,-2
21995.jpg,1882,1890,8
22000.jpg,1882,1880,-2
22005.jpg,1882,1870,-12
22010.jpg,1882,1870,-12
22015.jpg,1882,1856,-26
22020.jpg,1882,1880,-2
22025.jpg,1882,1880,-2
22030.jpg,1882,1870,-12
22035.jpg,1882,1900,18
22040.jpg,1882,1889,7
22045.jpg,1882,1890,8
22050.jpg,1882,1900,18
22055.jpg,1882,1870,-12
22060.jpg,1882,1870,-12
22065.jpg,1882,1850,-32
22070.jpg,1882,1900,18
22075.jpg,1882,1910,28
22080.jpg,1882,1880,-2
22085.jpg,1882,1870,-12
22090.jpg,1882,1870,-12
22095.jpg,1882,1850,-32
22100.jpg,1882,1900,18
22105.jpg,1882,1870,-12
22110.jpg,1882,1900,18
22115.jpg,1882,1890,8
22120.jpg,1882,1880,-2
22125.jpg,1882,1900,18
22130.jpg,1882,1900,18
22135.jpg,1882,1870,-12
22140.jpg,1882,1900,18
22145.jpg,1882,1965,83
22150.jpg,1882,1900,18
22155.jpg,1882,2001,119
22160.jpg,1882,1910,28
22165.jpg,1882,1890,8
22170.jpg,1882,1850,-32
22175.jpg,1882,1911,29
22180.jpg,1882,1900,18
22185.jpg,1882,1870,-12
22190.jpg,1882,1970,88
22195.jpg,1882,1900,18
22200.jpg,1882,1910,28
22205.jpg,1882,1870,-12
22210.jpg,1882,1880,-2
22215.jpg,1883,1797,-86
22220.jpg,1883,1890,7
22225.jpg,1883,1900,17
22230.jpg,1883,1880,-3
22235.jpg,1883,1890,7
22240.jpg,1883,1870,-13
22245.jpg,1883,1870,-13
22250.jpg,1883,1890,7
22255.jpg,1883,1860,-23
22260.jpg,1883,1890,7
22265.jpg,1883,1880,-3
22270.jpg,1883,1920,37
22275.jpg,1883,1900,17
22280.jpg,1883,1883,0
22285.jpg,1883,1885,2
22290.jpg,1883,1910,27
22295.jpg,1883,1868,-15
22300.jpg,1883,1870,-13
22305.jpg,1883,1898,15
22310.jpg,1883,1870,-13
22315.jpg,1883,1892,9
22320.jpg,1883,1900,17
22325.jpg,1883,1870,-13
22330.jpg,1883,1890,7
22335.jpg,1883,1890,7
22340.jpg,1883,1900,17
22345.jpg,1883,1880,-3
22350.jpg,1883,1900,17
22355.jpg,1883,1880,-3
22360.jpg,1883,1890,7
22365.jpg,1883,1880,-3
22370.jpg,1883,1890,7
22375.jpg,1883,1900,17
22380.jpg,1883,1890,7
22385.jpg,1883,1910,27
22390.jpg,1883,1902,19
22395.jpg,1883,1910,27
22400.jpg,1883,1880,-3
22405.jpg,1883,1890,7
22410.jpg,1883,1890,7
22415.jpg,1883,1905,22
22420.jpg,1883,1900,17
22425.jpg,1883,1890,7
22430.jpg,1883,1880,-3
22435.jpg,1883,1890,7
22440.jpg,1883,1900,17
22445.jpg,1883,1880,-3
22450.jpg,1883,1870,-13
22455.jpg,1883,1880,-3
22460.jpg,1883,1916,33
22465.jpg,1883,1870,-13
22470.jpg,1883,1880,-3
22475.jpg,1883,1890,7
22485.jpg,1883,1880,-3
22490.jpg,1883,1890,7
22495.jpg,1883,1867,-16
22500.jpg,1883,1870,-13
22505.jpg,1883,1880,-3
22510.jpg,1884,1890,6
22515.jpg,1884,1871,-13
22520.jpg,1884,1900,16
22525.jpg,1884,1910,26
22530.jpg,1884,1900,16
22535.jpg,1884,1900,16
22540.jpg,1884,1890,6
22545.jpg,1884,1890,6
22550.jpg,1884,1880,-4
22555.jpg,1884,1900,16
22560.jpg,1884,1875,-9
22565.jpg,1884,1890,6
22570.jpg,1884,1986,102
22575.jpg,1884,1874,-10
22580.jpg,1884,1900,16
22585.jpg,1884,1880,-4
22590.jpg,1884,1890,6
22595.jpg,1884,1900,16
22600.jpg,1884,1880,-4
22605.jpg,1884,1880,-4
22610.jpg,1884,1880,-4
22615.jpg,1884,1890,6
22620.jpg,1884,1880,-4
22625.jpg,1884,1870,-14
22630.jpg,1884,1870,-14
22635.jpg,1884,1900,16
22640.jpg,1884,1880,-4
22645.jpg,1884,1890,6
22650.jpg,1884,1870,-14
22655.jpg,1884,1880,-4
22665.jpg,1884,1928,44
22670.jpg,1884,1850,-34
22675.jpg,1884,1890,6
22680.jpg,1884,1990,106
22685.jpg,1884,1880,-4
22690.jpg,1884,1880,-4
22695.jpg,1884,1900,16
22700.jpg,1884,1890,6
22705.jpg,1884,1890,6
22710.jpg,1884,1886,2
22715.jpg,1884,1870,-14
22720.jpg,1884,1870,-14
22730.jpg,1884,1900,16
22735.jpg,1884,1860,-24
22740.jpg,1884,1990,106
22745.jpg,1884,1870,-14
22750.jpg,1884,1885,1
22755.jpg,1884,1907,23
22760.jpg,1884,1914,30
22765.jpg,1884,1900,16
22770.jpg,1884,1890,6
22775.jpg,1884,1880,-4
22780.jpg,1885,1900,15
22785.jpg,1885,1910,25
22790.jpg,1885,1890,5
22795.jpg,1885,1880,-5
22800.jpg,1885,1870,-15
22805.jpg,1885,1900,15
22810.jpg,1885,1880,-5
22815.jpg,1885,1880,-5
22820.jpg,1885,1880,-5
22825.jpg,1885,1920,35
22830.jpg,1885,1910,25
22835.jpg,1885,1900,15
22840.jpg,1885,1860,-25
22850.jpg,1885,1920,35
22855.jpg,1885,1900,15
22860.jpg,1885,1870,-15
22865.jpg,1885,1880,-5
22870.jpg,1885,1890,5
22875.jpg,1885,1880,-5
22880.jpg,1885,1900,15
22885.jpg,1885,1900,15
22890.jpg,1885,1910,25
22895.jpg,1885,1890,5
22900.jpg,1885,1870,-15
22905.jpg,1885,1880,-5
22910.jpg,1885,1925,40
22915.jpg,1885,1900,15
22920.jpg,1885,1905,20
22925.jpg,1885,1890,5
22930.jpg,1885,1900,15
22935.jpg,1885,1900,15
22940.jpg,1885,1900,15
22945.jpg,1885,1890,5
22950.jpg,1885,1900,15
22955.jpg,1885,1880,-5
22960.jpg,1885,1920,35
22965.jpg,1885,1890,5
22970.jpg,1885,1890,5
22975.jpg,1885,1900,15
22980.jpg,1885,1910,25
22985.jpg,1885,1850,-35
22990.jpg,1885,1900,15
22995.jpg,1885,1880,-5
23000.jpg,1885,1890,5
23005.jpg,1885,1880,-5
23015.jpg,1885,1850,-35
23020.jpg,1885,1900,15
23025.jpg,1885,1870,-15
23030.jpg,1885,1870,-15
23035.jpg,1885,1900,15
23040.jpg,1885,1880,-5
23045.jpg,1885,1870,-15
23050.jpg,1885,1950,65
23055.jpg,1885,1900,15
23060.jpg,1885,1890,5
23065.jpg,1885,1880,-5
23070.jpg,1885,1888,3
23075.jpg,1885,1910,25
23080.jpg,1885,1900,15
23085.jpg,1886,1919,33
23090.jpg,1886,1890,4
23095.jpg,1886,1870,-16
23100.jpg,1886,1890,4
23105.jpg,1886,1908,22
23110.jpg,1886,1741,-145
23115.jpg,1886,1870,-16
23120.jpg,1886,1870,-16
23125.jpg,1886,1990,104
23130.jpg,1886,1932,46
23135.jpg,1886,1965,79
23140.jpg,1886,1965,79
23145.jpg,1886,1890,4
23150.jpg,1886,1855,-31
23155.jpg,1886,1913,27
23160.jpg,1886,1870,-16
23165.jpg,1886,1890,4
23170.jpg,1886,1890,4
23175.jpg,1886,1870,-16
23180.jpg,1886,1890,4
23185.jpg,1886,1910,24
23190.jpg,1886,1886,0
23195.jpg,1886,1890,4
23200.jpg,1886,1890,4
23205.jpg,1886,1900,14
23210.jpg,1886,1900,14
23215.jpg,1886,1870,-16
23220.jpg,1886,1890,4
23225.jpg,1886,1890,4
23230.jpg,1886,1880,-6
23235.jpg,1886,1900,14
23240.jpg,1886,1890,4
23245.jpg,1886,1880,-6
23250.jpg,1886,1910,24
23255.jpg,1886,1890,4
23260.jpg,1886,1890,4
23265.jpg,1886,1900,14
23275.jpg,1886,1880,-6
23280.jpg,1886,1910,24
23285.jpg,1886,1900,14
23290.jpg,1886,1995,109
23295.jpg,1886,1900,14
23300.jpg,1886,1900,14
23305.jpg,1886,1900,14
23310.jpg,1886,1885,-1
23315.jpg,1886,1890,4
23320.jpg,1886,1886,0
23325.jpg,1886,1870,-16
23330.jpg,1886,1880,-6
23335.jpg,1886,1910,24
23340.jpg,1886,1920,34
23345.jpg,1886,1890,4
23350.jpg,1886,1887,1
23355.jpg,1886,1900,14
23365.jpg,1886,1920,34
23370.jpg,1886,1900,14
23375.jpg,1887,1930,43
23380.jpg,1887,1931,44
23385.jpg,1887,1880,-7
23390.jpg,1887,1925,38
23395.jpg,1887,1870,-17
23400.jpg,1887,1900,13
23410.jpg,1887,1890,3
23415.jpg,1887,1900,13
23420.jpg,1887,1890,3
23425.jpg,1887,1900,13
23430.jpg,1887,1910,23
23440.jpg,1887,1860,-27
23445.jpg,1887,1883,-4
23450.jpg,1887,1880,-7
23460.jpg,1887,1870,-17
23465.jpg,1887,1820,-67
23470.jpg,1887,1910,23
23475.jpg,1887,1880,-7
23480.jpg,1887,1880,-7
23485.jpg,1887,1890,3
23490.jpg,1887,1870,-17
23495.jpg,1887,1870,-17
23500.jpg,1887,1900,13
23505.jpg,1887,1880,-7
23510.jpg,1887,1870,-17
23515.jpg,1887,1900,13
23520.jpg,1887,1890,3
23525.jpg,1887,1900,13
23535.jpg,1887,1900,13
23540.jpg,1887,1880,-7
23545.jpg,1887,1900,13
23550.jpg,1887,1890,3
23555.jpg,1887,1900,13
23560.jpg,1887,1900,13
23565.jpg,1887,1880,-7
23570.jpg,1887,1900,13
23575.jpg,1887,1880,-7
23580.jpg,1887,1890,3
23585.jpg,1887,1900,13
23590.jpg,1887,1960,73
23595.jpg,1887,1880,-7
23600.jpg,1887,1870,-17
23605.jpg,1887,1890,3
23610.jpg,1887,1903,16
23615.jpg,1887,1880,-7
23620.jpg,1887,1900,13
23625.jpg,1887,1900,13
23630.jpg,1887,1900,13
23635.jpg,1887,1900,13
23640.jpg,1887,1870,-17
23645.jpg,1887,1880,-7
23650.jpg,1887,1890,3
23660.jpg,1887,1900,13
23665.jpg,1887,1890,3
23670.jpg,1887,1880,-7
23675.jpg,1887,1901,14
23680.jpg,1887,1920,33
23690.jpg,1887,1900,13
23695.jpg,1887,1885,-2
23700.jpg,1888,1850,-38
23705.jpg,1888,1890,2
23710.jpg,1888,1901,13
23715.jpg,1888,1920,32
23720.jpg,1888,1965,77
23725.jpg,1888,1871,-17
23730.jpg,1888,1870,-18
23735.jpg,1888,1880,-8
23740.jpg,1888,1890,2
23745.jpg,1888,1885,-3
23750.jpg,1888,1991,103
23755.jpg,1888,1900,12
23760.jpg,1888,1840,-48
23765.jpg,1888,1900,12
23770.jpg,1888,1970,82
23775.jpg,1888,1920,32
23790.jpg,1888,1880,-8
23795.jpg,1888,1890,2
23800.jpg,1888,1880,-8
23805.jpg,1888,1900,12
23810.jpg,1888,1880,-8
23815.jpg,1888,1890,2
23820.jpg,1888,1880,-8
23825.jpg,1888,1910,22
23830.jpg,1888,1900,12
23835.jpg,1888,1890,2
23840.jpg,1888,1890,2
23850.jpg,1888,1880,-8
23855.jpg,1888,1900,12
23860.jpg,1888,1890,2
23865.jpg,1888,1870,-18
23870.jpg,1888,1890,2
23875.jpg,1888,1900,12
23880.jpg,1888,1900,12
23885.jpg,1888,1900,12
23890.jpg,1888,1890,2
23895.jpg,1888,1890,2
23900.jpg,1888,1890,2
23905.jpg,1888,1880,-8
23910.jpg,1888,1900,12
23915.jpg,1888,1900,12
23920.jpg,1888,1880,-8
23925.jpg,1888,1890,2
23930.jpg,1888,1910,22
23935.jpg,1888,1840,-48
23940.jpg,1888,1905,17
23945.jpg,1888,1880,-8
23950.jpg,1888,1900,12
23955.jpg,1888,1880,-8
23960.jpg,1888,1900,12
23965.jpg,1888,1900,12
23970.jpg,1888,1586,-302
23975.jpg,1888,1890,2
23980.jpg,1888,1910,22
23985.jpg,1888,1910,22
23990.jpg,1888,1888,0
23995.jpg,1888,1929,41
24000.jpg,1888,1890,2
24005.jpg,1888,1880,-8
24010.jpg,1888,1900,12
24015.jpg,1888,1930,42
24020.jpg,1888,1900,12
24025.jpg,1888,1900,12
24030.jpg,1888,1890,2
24035.jpg,1888,1899,11
24040.jpg,1888,1920,32
24050.jpg,1889,1900,11
24055.jpg,1889,1870,-19
24060.jpg,1889,1900,11
24065.jpg,1889,1900,11
24070.jpg,1889,1850,-39
24075.jpg,1889,1910,21
24080.jpg,1889,1890,1
24085.jpg,1889,1900,11
24090.jpg,1889,1890,1
24095.jpg,1889,1890,1
24105.jpg,1889,1900,11
24110.jpg,1889,1880,-9
24115.jpg,1889,1930,41
24120.jpg,1889,1860,-29
24125.jpg,1889,1900,11
24130.jpg,1889,1915,26
24135.jpg,1889,1910,21
24140.jpg,1889,1870,-19
24145.jpg,1889,1870,-19
24150.jpg,1889,1870,-19
24155.jpg,1889,1910,21
24160.jpg,1889,1890,1
24165.jpg,1889,1890,1
24170.jpg,1889,1880,-9
24175.jpg,1889,1900,11
24180.jpg,1889,1910,21
24185.jpg,1889,1890,1
24190.jpg,1889,1870,-19
24195.jpg,1889,1899,10
24200.jpg,1889,1900,11
24205.jpg,1889,1900,11
24210.jpg,1889,1890,1
24215.jpg,1889,1890,1
24220.jpg,1889,1880,-9
24225.jpg,1889,1880,-9
24230.jpg,1889,1890,1
24235.jpg,1889,1900,11
24240.jpg,1889,1885,-4
24245.jpg,1889,1910,21
24250.jpg,1889,1890,1
24255.jpg,1889,1880,-9
24260.jpg,1889,1920,31
24265.jpg,1889,1890,1
24270.jpg,1889,1890,1
24275.jpg,1889,1880,-9
24280.jpg,1889,1890,1
24285.jpg,1889,1900,11
24290.jpg,1889,1890,1
24295.jpg,1889,1900,11
24300.jpg,1889,1900,11
24310.jpg,1889,1890,1
24315.jpg,1889,1870,-19
24320.jpg,1889,1920,31
24330.jpg,1889,1850,-39
24335.jpg,1889,1915,26
24340.jpg,1889,1930,41
24345.jpg,1889,1890,1
24350.jpg,1889,1903,14
24355.jpg,1889,1890,1
24360.jpg,1889,1900,11
24365.jpg,1889,1900,11
24370.jpg,1889,1880,-9
24375.jpg,1889,1910,21
24380.jpg,1889,1905,16
24385.jpg,1889,1900,11
24390.jpg,1889,1880,-9
24395.jpg,1890,1820,-70
24400.jpg,1890,1880,-10
24405.jpg,1890,1890,0
24410.jpg,1890,1902,12
24415.jpg,1890,1900,10
24420.jpg,1890,1920,30
24425.jpg,1890,1910,20
24430.jpg,1890,1900,10
24435.jpg,1890,1890,0
24440.jpg,1890,1898,8
24445.jpg,1890,1942,52
24450.jpg,1890,1890,0
24455.jpg,1890,1900,10
24460.jpg,1890,1900,10
24465.jpg,1890,1910,20
24470.jpg,1890,1910,20
24475.jpg,1890,1903,13
24480.jpg,1890,1900,10
24485.jpg,1890,1910,20
24490.jpg,1890,1910,20
24495.jpg,1890,1864,-26
24500.jpg,1890,1935,45
24505.jpg,1890,1885,-5
24510.jpg,1890,1856,-34
24515.jpg,1890,1870,-20
24520.jpg,1890,1885,-5
24525.jpg,1890,1900,10
24535.jpg,1890,1890,0
24540.jpg,1890,1890,0
24545.jpg,1890,1910,20
24550.jpg,1890,1890,0
24555.jpg,1890,1880,-10
24560.jpg,1890,1900,10
24565.jpg,1890,1900,10
24570.jpg,1890,1880,-10
24575.jpg,1890,1910,20
24580.jpg,1890,1900,10
24585.jpg,1890,1900,10
24590.jpg,1890,1890,0
24595.jpg,1890,1900,10
24600.jpg,1890,1880,-10
24605.jpg,1890,1890,0
24610.jpg,1890,1900,10
24615.jpg,1890,1900,10
24620.jpg,1890,1950,60
24625.jpg,1890,1890,0
24630.jpg,1890,1890,0
24635.jpg,1890,1900,10
24640.jpg,1890,1870,-20
24645.jpg,1890,1880,-10
24650.jpg,1890,1890,0
24655.jpg,1890,1880,-10
24660.jpg,1890,1890,0
24665.jpg,1890,1890,0
24670.jpg,1890,1900,10
24675.jpg,1890,1890,0
24680.jpg,1890,1900,10
24685.jpg,1890,1890,0
24690.jpg,1890,1900,10
24695.jpg,1890,1910,20
24700.jpg,1890,1890,0
24705.jpg,1890,2005,115
24710.jpg,1890,1910,20
24715.jpg,1890,1890,0
24720.jpg,1890,1892,2
24725.jpg,1890,1850,-40
24730.jpg,1890,1910,20
24735.jpg,1890,1910,20
24740.jpg,1890,1910,20
24745.jpg,1890,1900,10
24750.jpg,1890,1897,7
24755.jpg,1890,1900,10
24760.jpg,1890,1890,0
24765.jpg,1890,1880,-10
24770.jpg,1890,1900,10
24775.jpg,1891,1850,-41
24780.jpg,1891,1900,9
24785.jpg,1891,1899,8
24790.jpg,1891,1910,19
24795.jpg,1891,1900,9
24800.jpg,1891,1910,19
24805.jpg,1891,1900,9
24810.jpg,1891,1900,9
24815.jpg,1891,1930,39
24820.jpg,1891,1900,9
24825.jpg,1891,1900,9
24830.jpg,1891,1900,9
24835.jpg,1891,1900,9
24840.jpg,1891,1910,19
24845.jpg,1891,1900,9
24850.jpg,1891,1920,29
24855.jpg,1891,1920,29
24860.jpg,1891,1907,16
24865.jpg,1891,1883,-8
24870.jpg,1891,1872,-19
24875.jpg,1891,1879,-12
24880.jpg,1891,1910,19
24885.jpg,1891,1890,-1
24890.jpg,1891,1891,0
24895.jpg,1891,1890,-1
24900.jpg,1891,1900,9
24905.jpg,1891,1870,-21
24910.jpg,1891,1880,-11
24915.jpg,1891,1880,-11
24920.jpg,1891,1900,9
24925.jpg,1891,1880,-11
24930.jpg,1891,1780,-111
24935.jpg,1891,1890,-1
24940.jpg,1891,1890,-1
24945.jpg,1891,1833,-58
24950.jpg,1891,1900,9
24955.jpg,1891,1900,9
24960.jpg,1891,1890,-1
24965.jpg,1891,1910,19
24970.jpg,1891,1890,-1
24975.jpg,1891,1900,9
24980.jpg,1891,1890,-1
24985.jpg,1891,1880,-11
24990.jpg,1891,1880,-11
24995.jpg,1891,1887,-4
25000.jpg,1891,1880,-11
25005.jpg,1891,1900,9
25010.jpg,1891,1870,-21
25015.jpg,1891,1900,9
25020.jpg,1891,1840,-51
25025.jpg,1891,1900,9
25030.jpg,1891,1900,9
25035.jpg,1891,1064,-827
25040.jpg,1891,1879,-12
25045.jpg,1891,1890,-1
25050.jpg,1891,1900,9
25055.jpg,1891,1880,-11
25060.jpg,1891,1910,19
25065.jpg,1891,1870,-21
25070.jpg,1891,1900,9
25075.jpg,1891,1880,-11
25080.jpg,1891,1900,9
25085.jpg,1891,1900,9
25090.jpg,1891,1870,-21
25095.jpg,1892,1893,1
25100.jpg,1892,2004,112
25105.jpg,1892,1981,89
25115.jpg,1892,1990,98
25120.jpg,1892,1900,8
25125.jpg,1892,1876,-16
25130.jpg,1892,1910,18
25135.jpg,1892,1908,16
25140.jpg,1892,1900,8
25145.jpg,1892,1890,-2
25150.jpg,1892,1921,29
25155.jpg,1892,1910,18
25160.jpg,1892,1920,28
25165.jpg,1892,1900,8
25170.jpg,1892,1900,8
25175.jpg,1892,1920,28
25180.jpg,1892,1973,81
25185.jpg,1892,1875,-17
25190.jpg,1892,1900,8
25195.jpg,1892,1883,-9
25205.jpg,1892,1880,-12
25210.jpg,1892,1900,8
25215.jpg,1892,1900,8
25220.jpg,1892,1890,-2
25225.jpg,1892,1850,-42
25230.jpg,1892,1900,8
25235.jpg,1892,1890,-2
25240.jpg,1892,1890,-2
25245.jpg,1892,1890,-2
25250.jpg,1892,1910,18
25255.jpg,1892,1880,-12
25260.jpg,1892,1890,-2
25265.jpg,1892,1880,-12
25270.jpg,1892,1890,-2
25275.jpg,1892,1905,13
25280.jpg,1892,1890,-2
25285.jpg,1892,1910,18
25290.jpg,1892,1890,-2
25295.jpg,1892,1900,8
25300.jpg,1892,1890,-2
25305.jpg,1892,1900,8
25310.jpg,1892,1890,-2
25315.jpg,1892,1890,-2
25320.jpg,1892,1890,-2
25325.jpg,1892,1902,10
25330.jpg,1892,1920,28
25335.jpg,1892,1880,-12
25340.jpg,1892,1870,-22
25345.jpg,1892,1913,21
25350.jpg,1892,1890,-2
25355.jpg,1892,1925,33
25360.jpg,1892,1900,8
25365.jpg,1892,1890,-2
25370.jpg,1892,1907,15
25375.jpg,1892,1890,-2
25380.jpg,1892,1890,-2
25385.jpg,1892,1870,-22
25390.jpg,1892,1900,8
25395.jpg,1892,1910,18
25400.jpg,1892,1935,43
25405.jpg,1892,1900,8
25410.jpg,1892,1900,8
25415.jpg,1892,1870,-22
25420.jpg,1892,1880,-12
25425.jpg,1892,1888,-4
25430.jpg,1892,1880,-12
25435.jpg,1892,1900,8
25440.jpg,1892,1900,8
25445.jpg,1892,1890,-2
25450.jpg,1892,1900,8
25455.jpg,1892,1900,8
25460.jpg,1892,1910,18
25465.jpg,1893,1850,-43
25470.jpg,1893,1900,7
25475.jpg,1893,1884,-9
25480.jpg,1893,1910,17
25490.jpg,1893,1930,37
25495.jpg,1893,1890,-3
25500.jpg,1893,1900,7
25505.jpg,1893,1904,11
25510.jpg,1893,1910,17
25515.jpg,1893,1899,6
25520.jpg,1893,1900,7
25525.jpg,1893,1900,7
25530.jpg,1893,1910,17
25535.jpg,1893,1920,27
25540.jpg,1893,1910,17
25545.jpg,1893,1876,-17
25555.jpg,1893,1850,-43
25560.jpg,1893,1855,-38
25565.jpg,1893,1858,-35
25570.jpg,1893,1910,17
25575.jpg,1893,1890,-3
25580.jpg,1893,1900,7
25585.jpg,1893,1890,-3
25590.jpg,1893,1890,-3
25595.jpg,1893,1880,-13
25600.jpg,1893,1890,-3
25605.jpg,1893,1905,12
25610.jpg,1893,1900,7
25615.jpg,1893,1890,-3
25620.jpg,1893,1910,17
25625.jpg,1893,1890,-3
25630.jpg,1893,1890,-3
25635.jpg,1893,1900,7
25640.jpg,1893,1910,17
25645.jpg,1893,1900,7
25650.jpg,1893,1900,7
25655.jpg,1893,1900,7
25660.jpg,1893,1900,7
25665.jpg,1893,1900,7
25670.jpg,1893,1890,-3
25675.jpg,1893,1880,-13
25680.jpg,1893,1890,-3
25685.jpg,1893,1870,-23
25690.jpg,1893,1900,7
25695.jpg,1893,1870,-23
25700.jpg,1893,1925,32
25705.jpg,1893,1910,17
25710.jpg,1893,1900,7
25715.jpg,1893,1890,-3
25720.jpg,1893,1880,-13
25725.jpg,1893,1910,17
25730.jpg,1893,1880,-13
25740.jpg,1893,1890,-3
25745.jpg,1893,1900,7
25750.jpg,1893,1890,-3
25755.jpg,1893,1900,7
25760.jpg,1893,1900,7
25765.jpg,1893,1912,19
25770.jpg,1893,1900,7
25775.jpg,1893,1900,7
25780.jpg,1893,1890,-3
25785.jpg,1893,1925,32
25795.jpg,1893,1898,5
25800.jpg,1893,1900,7
25805.jpg,1894,1888,-6
25810.jpg,1894,1920,26
25815.jpg,1894,1900,6
25820.jpg,1894,1900,6
25825.jpg,1894,1900,6
25830.jpg,1894,1890,-4
25835.jpg,1894,1900,6
25840.jpg,1894,1891,-3
25845.jpg,1894,1898,4
25850.jpg,1894,1900,6
25855.jpg,1894,1915,21
25860.jpg,1894,1895,1
25865.jpg,1894,1900,6
25870.jpg,1894,1890,-4
25875.jpg,1894,1820,-74
25880.jpg,1894,1916,22
25885.jpg,1894,1860,-34
25890.jpg,1894,1905,11
25895.jpg,1894,1950,56
25900.jpg,1894,1920,26
25905.jpg,1894,1880,-14
25910.jpg,1894,1900,6
25915.jpg,1894,1925,31
25920.jpg,1894,1890,-4
25925.jpg,1894,1900,6
25930.jpg,1894,1900,6
25935.jpg,1894,1890,-4
25940.jpg,1894,1890,-4
25945.jpg,1894,1890,-4
25950.jpg,1894,1900,6
25955.jpg,1894,1890,-4
25960.jpg,1894,1890,-4
25965.jpg,1894,1888,-6
25970.jpg,1894,1900,6
25975.jpg,1894,1890,-4
25980.jpg,1894,1880,-14
25985.jpg,1894,1910,16
25990.jpg,1894,1995,101
25995.jpg,1894,1890,-4
26000.jpg,1894,1890,-4
26005.jpg,1894,1890,-4
26010.jpg,1894,1890,-4
26015.jpg,1894,1880,-14
26020.jpg,1894,1900,6
26025.jpg,1894,1900,6
26030.jpg,1894,1890,-4
26035.jpg,1894,1890,-4
26040.jpg,1894,1910,16
26045.jpg,1894,1880,-14
26050.jpg,1894,1880,-14
26055.jpg,1894,1900,6
26060.jpg,1894,1910,16
26065.jpg,1894,1900,6
26070.jpg,1894,1910,16
26075.jpg,1894,1903,9
26085.jpg,1894,1890,-4
26090.jpg,1894,1910,16
26095.jpg,1894,1942,48
26100.jpg,1894,1910,16
26105.jpg,1894,1870,-24
26110.jpg,1894,1890,-4
26115.jpg,1894,1900,6
26120.jpg,1894,1890,-4
26125.jpg,1895,1907,12
26130.jpg,1895,1970,75
26135.jpg,1895,1900,5
26140.jpg,1895,1910,15
26145.jpg,1895,1890,-5
26150.jpg,1895,1900,5
26155.jpg,1895,1890,-5
26160.jpg,1895,1897,2
26165.jpg,1895,1900,5
26170.jpg,1895,1893,-2
26175.jpg,1895,1910,15
26180.jpg,1895,1920,25
26185.jpg,1895,1900,5
26190.jpg,1895,1900,5
26195.jpg,1895,1875,-20
26200.jpg,1895,1920,25
26205.jpg,1895,1890,-5
26210.jpg,1895,1860,-35
26215.jpg,1895,1860,-35
26220.jpg,1895,1900,5
26225.jpg,1895,1900,5
26230.jpg,1895,1890,-5
26235.jpg,1895,1910,15
26240.jpg,1895,1930,35
26245.jpg,1895,1750,-145
26250.jpg,1895,1900,5
26255.jpg,1895,1900,5
26260.jpg,1895,1875,-20
26265.jpg,1895,1880,-15
26270.jpg,1895,1890,-5
26275.jpg,1895,1895,0
26280.jpg,1895,1880,-15
26285.jpg,1895,1880,-15
26290.jpg,1895,1900,5
26295.jpg,1895,1887,-8
26300.jpg,1895,1890,-5
26305.jpg,1895,1900,5
26310.jpg,1895,1900,5
26315.jpg,1895,1880,-15
26320.jpg,1895,1890,-5
26325.jpg,1895,1900,5
26330.jpg,1895,1870,-25
26335.jpg,1895,1890,-5
26340.jpg,1895,1890,-5
26345.jpg,1895,1920,25
26350.jpg,1895,1900,5
26355.jpg,1895,1900,5
26360.jpg,1895,1900,5
26365.jpg,1895,1900,5
26370.jpg,1895,1890,-5
26375.jpg,1895,1880,-15
26380.jpg,1895,1900,5
26385.jpg,1895,1900,5
26390.jpg,1895,1900,5
26395.jpg,1895,1900,5
26405.jpg,1895,1900,5
26410.jpg,1895,1905,10
26415.jpg,1895,1892,-3
26420.jpg,1895,1920,25
26425.jpg,1895,1900,5
26430.jpg,1895,1928,33
26435.jpg,1895,1900,5
26440.jpg,1895,1900,5
26445.jpg,1895,1900,5
26450.jpg,1895,1910,15
26455.jpg,1895,1870,-25
26460.jpg,1895,1878,-17
26465.jpg,1895,1890,-5
26470.jpg,1895,1910,15
26475.jpg,1895,1880,-15
26480.jpg,1895,1899,4
26485.jpg,1895,1900,5
26490.jpg,1896,1907,11
26495.jpg,1896,1910,14
26500.jpg,1896,1900,4
26505.jpg,1896,1880,-16
26510.jpg,1896,1910,14
26515.jpg,1896,2005,109
26520.jpg,1896,1900,4
26525.jpg,1896,1909,13
26530.jpg,1896,1930,34
26535.jpg,1896,1910,14
26540.jpg,1896,1890,-6
26545.jpg,1896,1900,4
26550.jpg,1896,1930,34
26555.jpg,1896,1925,29
26560.jpg,1896,1896,0
26565.jpg,1896,1910,14
26570.jpg,1896,1910,14
26575.jpg,1896,1900,4
26580.jpg,1896,1890,-6
26585.jpg,1896,1900,4
26590.jpg,1896,1890,-6
26595.jpg,1896,1910,14
26600.jpg,1896,1910,14
26605.jpg,1896,1890,-6
26610.jpg,1896,1900,4
26620.jpg,1896,1890,-6
26625.jpg,1896,1900,4
26630.jpg,1896,1900,4
26635.jpg,1896,1900,4
26640.jpg,1896,1880,-16
26645.jpg,1896,1890,-6
26650.jpg,1896,1910,14
26655.jpg,1896,1910,14
26665.jpg,1896,1890,-6
26670.jpg,1896,1880,-16
26675.jpg,1896,1880,-16
26680.jpg,1896,1900,4
26685.jpg,1896,1890,-6
26690.jpg,1896,1910,14
26695.jpg,1896,1900,4
26700.jpg,1896,1890,-6
26705.jpg,1896,1890,-6
26710.jpg,1896,1890,-6
26715.jpg,1896,1890,-6
26720.jpg,1896,1900,4
26725.jpg,1896,1880,-16
26730.jpg,1896,1900,4
26735.jpg,1896,1890,-6
26740.jpg,1896,1840,-56
26745.jpg,1896,1850,-46
26750.jpg,1896,1900,4
26760.jpg,1896,1930,34
26765.jpg,1896,1900,4
26770.jpg,1896,1900,4
26775.jpg,1896,1915,19
26780.jpg,1896,1900,4
26785.jpg,1896,1910,14
26790.jpg,1896,1900,4
26795.jpg,1896,1890,-6
26800.jpg,1896,1965,69
26805.jpg,1896,1914,18
26810.jpg,1896,1910,14
26815.jpg,1896,1903,7
26820.jpg,1896,1875,-21
26825.jpg,1896,1900,4
26830.jpg,1896,1890,-6
26835.jpg,1896,1910,14
26840.jpg,1896,1910,14
26845.jpg,1897,1899,2
26850.jpg,1897,1897,0
26855.jpg,1897,1900,3
26860.jpg,1897,1870,-27
26865.jpg,1897,1910,13
26870.jpg,1897,1900,3
26875.jpg,1897,1870,-27
26880.jpg,1897,1905,8
26885.jpg,1897,1900,3
26890.jpg,1897,1900,3
26895.jpg,1897,1900,3
26900.jpg,1897,1900,3
26910.jpg,1897,1870,-27
26915.jpg,1897,1910,13
26920.jpg,1897,1900,3
26925.jpg,1897,1920,23
26930.jpg,1897,1896,-1
26935.jpg,1897,1880,-17
26940.jpg,1897,1900,3
26945.jpg,1897,1920,23
26950.jpg,1897,1890,-7
26955.jpg,1897,1870,-27
26960.jpg,1897,1890,-7
26965.jpg,1897,1910,13
26970.jpg,1897,1840,-57
26975.jpg,1897,1915,18
26980.jpg,1897,1890,-7
26985.jpg,1897,1900,3
26990.jpg,1897,1900,3
26995.jpg,1897,1890,-7
27000.jpg,1897,1910,13
27005.jpg,1897,1890,-7
27010.jpg,1897,1900,3
27015.jpg,1897,1880,-17
27020.jpg,1897,1880,-17
27025.jpg,1897,1900,3
27030.jpg,1897,1900,3
27035.jpg,1897,1910,13
27040.jpg,1897,1900,3
27045.jpg,1897,1890,-7
27050.jpg,1897,1900,3
27055.jpg,1897,1890,-7
27060.jpg,1897,1920,23
27065.jpg,1897,1900,3
27070.jpg,1897,1910,13
27075.jpg,1897,1908,11
27080.jpg,1897,1902,5
27085.jpg,1897,1910,13
27090.jpg,1897,1910,13
27095.jpg,1897,1900,3
27100.jpg,1897,1900,3
27105.jpg,1897,1880,-17
27110.jpg,1897,1900,3
27115.jpg,1897,1915,18
27120.jpg,1897,1931,34
27125.jpg,1897,1888,-9
27130.jpg,1897,1900,3
27135.jpg,1897,1900,3
27140.jpg,1897,1880,-17
27145.jpg,1897,1900,3
27150.jpg,1897,1928,31
27155.jpg,1898,1900,2
27160.jpg,1898,1909,11
27165.jpg,1898,1900,2
27170.jpg,1898,1900,2
27175.jpg,1898,1900,2
27180.jpg,1898,1891,-7
27185.jpg,1898,1900,2
27190.jpg,1898,1900,2
27195.jpg,1898,1899,1
27200.jpg,1898,1980,82
27205.jpg,1898,1907,9
27210.jpg,1898,1900,2
27215.jpg,1898,1920,22
27220.jpg,1898,1910,12
27225.jpg,1898,1910,12
27230.jpg,1898,1910,12
27235.jpg,1898,1910,12
27240.jpg,1898,1880,-18
27245.jpg,1898,1920,22
27255.jpg,1898,1870,-28
27260.jpg,1898,1855,-43
27265.jpg,1898,1890,-8
27270.jpg,1898,1890,-8
27275.jpg,1898,1890,-8
27280.jpg,1898,1910,12
27285.jpg,1898,1900,2
27290.jpg,1898,1910,12
27295.jpg,1898,1900,2
27300.jpg,1898,1850,-48
27305.jpg,1898,1920,22
27310.jpg,1898,1925,27
27315.jpg,1898,1890,-8
27320.jpg,1898,1890,-8
27325.jpg,1898,1910,12
27330.jpg,1898,1905,7
27335.jpg,1898,1890,-8
27340.jpg,1898,1900,2
27345.jpg,1898,1900,2
27350.jpg,1898,1850,-48
27355.jpg,1898,1900,2
27360.jpg,1898,1890,-8
27365.jpg,1898,1900,2
27370.jpg,1898,1890,-8
27380.jpg,1898,1900,2
27385.jpg,1898,1890,-8
27390.jpg,1898,1910,12
27395.jpg,1898,1900,2
27400.jpg,1898,1905,7
27405.jpg,1898,1870,-28
27410.jpg,1898,1900,2
27415.jpg,1898,1870,-28
27420.jpg,1898,1910,12
27425.jpg,1898,1890,-8
27430.jpg,1898,1905,7
27435.jpg,1898,1870,-28
27440.jpg,1898,1910,12
27445.jpg,1898,1915,17
27450.jpg,1898,1920,22
27455.jpg,1898,1960,62
27465.jpg,1898,1900,2
27470.jpg,1898,1890,-8
27475.jpg,1898,1900,2
27480.jpg,1898,1898,0
27485.jpg,1898,1890,-8
27490.jpg,1898,1890,-8
27495.jpg,1898,1893,-5
27500.jpg,1898,1925,27
27505.jpg,1898,1900,2
27510.jpg,1898,1900,2
27515.jpg,1898,1900,2
27520.jpg,1898,1910,12
27525.jpg,1898,1900,2
27530.jpg,1898,1900,2
27540.jpg,1899,1908,9
27545.jpg,1899,1930,31
27550.jpg,1899,1880,-19
27555.jpg,1899,1870,-29
27560.jpg,1899,1900,1
27565.jpg,1899,1890,-9
27570.jpg,1899,1900,1
27575.jpg,1899,1900,1
27580.jpg,1899,1900,1
27585.jpg,1899,1903,4
27590.jpg,1899,1900,1
27595.jpg,1899,1910,11
27600.jpg,1899,1900,1
27605.jpg,1899,1890,-9
27610.jpg,1899,1900,1
27615.jpg,1899,1880,-19
27620.jpg,1899,1817,-82
27625.jpg,1899,1858,-41
27630.jpg,1899,1930,31
27635.jpg,1899,1890,-9
27640.jpg,1899,1900,1
27645.jpg,1899,1900,1
27650.jpg,1899,1880,-19
27655.jpg,1899,1900,1
27660.jpg,1899,1900,1
27665.jpg,1899,1898,-1
27670.jpg,1899,1890,-9
27675.jpg,1899,1900,1
27680.jpg,1899,1900,1
27685.jpg,1899,1900,1
27690.jpg,1899,1900,1
27695.jpg,1899,1900,1
27700.jpg,1899,1900,1
27705.jpg,1899,1900,1
27715.jpg,1899,1900,1
27720.jpg,1899,1900,1
27725.jpg,1899,1890,-9
27730.jpg,1899,1920,21
27735.jpg,1899,1910,11
27740.jpg,1899,1899,0
27745.jpg,1899,1917,18
27750.jpg,1899,1904,5
27755.jpg,1899,1890,-9
27760.jpg,1899,1900,1
27765.jpg,1899,1900,1
27770.jpg,1899,1880,-19
27775.jpg,1899,1900,1
27780.jpg,1899,1900,1
27785.jpg,1899,1900,1
27790.jpg,1899,1894,-5
27795.jpg,1899,1910,11
27800.jpg,1899,1860,-39
27805.jpg,1899,1880,-19
27810.jpg,1900,1850,-50
27815.jpg,1900,1890,-10
27820.jpg,1900,1900,0
27825.jpg,1900,1898,-2
27830.jpg,1900,1880,-20
27835.jpg,1900,1960,60
27840.jpg,1900,1910,10
27845.jpg,1900,1880,-20
27850.jpg,1900,1900,0
27855.jpg,1900,1890,-10
27860.jpg,1900,1890,-10
27865.jpg,1900,1889,-11
27870.jpg,1900,1880,-20
27875.jpg,1900,1910,10
27880.jpg,1900,1910,10
27885.jpg,1900,1890,-10
27895.jpg,1900,1900,0
27900.jpg,1900,1900,0
27905.jpg,1900,1870,-30
27910.jpg,1900,1850,-50
27915.jpg,1900,1900,0
27920.jpg,1900,1929,29
27925.jpg,1900,1930,30
27930.jpg,1900,1939,39
27935.jpg,1900,1960,60
27940.jpg,1900,1896,-4
27945.jpg,1900,1890,-10
27950.jpg,1900,1867,-33
27955.jpg,1900,1903,3
27960.jpg,1900,1880,-20
27965.jpg,1900,1980,80
27970.jpg,1900,1890,-10
27975.jpg,1900,1900,0
27980.jpg,1900,1890,-10
27985.jpg,1900,1920,20
27990.jpg,1900,1930,30
27995.jpg,1900,1910,10
28000.jpg,1900,1910,10
28005.jpg,1900,1900,0
28010.jpg,1900,1900,0
28015.jpg,1900,1850,-50
28020.jpg,1900,1900,0
28025.jpg,1900,1890,-10
28030.jpg,1900,1900,0
28035.jpg,1900,1870,-30
28040.jpg,1900,1890,-10
28045.jpg,1900,1900,0
28050.jpg,1900,1900,0
28055.jpg,1900,1905,5
28060.jpg,1900,1900,0
28065.jpg,1900,1900,0
28070.jpg,1900,1905,5
28075.jpg,1900,1900,0
28080.jpg,1900,1905,5
28085.jpg,1900,1920,20
28090.jpg,1900,1920,20
28095.jpg,1900,1790,-110
28100.jpg,1900,1925,25
28105.jpg,1900,1900,0
28110.jpg,1900,1900,0
28115.jpg,1900,1900,0
28120.jpg,1900,1900,0
28125.jpg,1900,1870,-30
28130.jpg,1900,1870,-30
28135.jpg,1900,1910,10
28140.jpg,1900,1890,-10
28145.jpg,1900,1850,-50
28150.jpg,1900,1950,50
28155.jpg,1900,1910,10
28160.jpg,1900,1925,25
28165.jpg,1900,1935,35
28170.jpg,1900,1902,2
28175.jpg,1900,1900,0
28180.jpg,1901,1900,-1
28185.jpg,1901,1910,9
28190.jpg,1901,1893,-8
28195.jpg,1901,1910,9
28200.jpg,1901,1930,29
28205.jpg,1901,1900,-1
28210.jpg,1901,1880,-21
28215.jpg,1901,1900,-1
28220.jpg,1901,1900,-1
28225.jpg,1901,1910,9
28230.jpg,1901,1930,29
28235.jpg,1901,1900,-1
28240.jpg,1901,1901,0
28245.jpg,1901,1910,9
28250.jpg,1901,1900,-1
28255.jpg,1901,1870,-31
28260.jpg,1901,1900,-1
28265.jpg,1901,1900,-1
28270.jpg,1901,1890,-11
28275.jpg,1901,1920,19
28280.jpg,1901,1910,9
28285.jpg,1901,1920,19
28290.jpg,1901,1910,9
28295.jpg,1901,1900,-1
28300.jpg,1901,1884,-17
28305.jpg,1901,1885,-16
28310.jpg,1901,1858,-43
28315.jpg,1901,1900,-1
28320.jpg,1901,1890,-11
28325.jpg,1901,1900,-1
28330.jpg,1901,1900,-1
28335.jpg,1901,1910,9
28340.jpg,1901,1900,-1
28345.jpg,1901,1890,-11
28350.jpg,1901,1910,9
28355.jpg,1901,1910,9
28360.jpg,1901,1900,-1
28365.jpg,1901,1880,-21
28370.jpg,1901,1830,-71
28375.jpg,1901,1900,-1
28380.jpg,1901,1890,-11
28385.jpg,1901,1905,4
28390.jpg,1901,1900,-1
28395.jpg,1901,1900,-1
28400.jpg,1901,1870,-31
28405.jpg,1901,1920,19
28410.jpg,1901,1910,9
28415.jpg,1901,1890,-11
28420.jpg,1901,1900,-1
28425.jpg,1901,1925,24
28430.jpg,1901,1919,18
28435.jpg,1901,1890,-11
28440.jpg,1901,1890,-11
28445.jpg,1901,1909,8
28450.jpg,1901,1880,-21
28455.jpg,1901,1883,-18
28460.jpg,1901,1910,9
28465.jpg,1901,1899,-2
28470.jpg,1901,1906,5
28475.jpg,1901,1910,9
28480.jpg,1901,1910,9
28485.jpg,1901,1910,9
28490.jpg,1901,1910,9
28495.jpg,1901,1920,19
28500.jpg,1901,1910,9
28505.jpg,1901,1910,9
28510.jpg,1901,1901,0
28515.jpg,1901,1880,-21
28520.jpg,1902,1900,-2
28525.jpg,1902,1900,-2
28530.jpg,1902,1903,1
28535.jpg,1902,1900,-2
28540.jpg,1902,1920,18
28545.jpg,1902,1952,50
28550.jpg,1902,1939,37
28555.jpg,1902,1900,-2
28560.jpg,1902,1910,8
28575.jpg,1902,1910,8
28580.jpg,1902,1900,-2
28585.jpg,1902,1890,-12
28590.jpg,1902,1890,-12
28595.jpg,1902,1903,1
28600.jpg,1902,1910,8
28605.jpg,1902,1910,8
28610.jpg,1902,1910,8
28615.jpg,1902,1890,-12
28620.jpg,1902,1920,18
28625.jpg,1902,1910,8
28630.jpg,1902,1900,-2
28635.jpg,1902,1920,18
28640.jpg,1902,1900,-2
28645.jpg,1902,1860,-42
28650.jpg,1902,1841,-61
28655.jpg,1902,1880,-22
28660.jpg,1902,1910,8
28665.jpg,1902,1910,8
28670.jpg,1902,1910,8
28675.jpg,1902,1935,33
28680.jpg,1902,1680,-222
28685.jpg,1902,1890,-12
28690.jpg,1902,1900,-2
28695.jpg,1902,1900,-2
28700.jpg,1902,1900,-2
28705.jpg,1902,1902,0
28710.jpg,1902,1885,-17
28715.jpg,1902,1900,-2
28720.jpg,1902,1900,-2
28725.jpg,1902,1900,-2
28730.jpg,1902,1925,23
28735.jpg,1902,1910,8
28740.jpg,1902,1900,-2
28745.jpg,1902,1909,7
28750.jpg,1902,1900,-2
28755.jpg,1902,1900,-2
28760.jpg,1902,1909,7
28765.jpg,1902,1780,-122
28770.jpg,1902,1900,-2
28775.jpg,1902,1890,-12
28780.jpg,1902,1890,-12
28785.jpg,1902,1900,-2
28790.jpg,1902,1900,-2
28795.jpg,1902,1910,8
28800.jpg,1902,1890,-12
28805.jpg,1902,1910,8
28810.jpg,1902,1870,-32
28815.jpg,1902,1900,-2
28820.jpg,1902,1880,-22
28825.jpg,1902,1900,-2
28830.jpg,1902,1890,-12
28835.jpg,1902,1880,-22
28840.jpg,1902,1910,8
28845.jpg,1902,1900,-2
28850.jpg,1902,1900,-2
28855.jpg,1902,1900,-2
28860.jpg,1902,1900,-2
28865.jpg,1902,1905,3
28870.jpg,1902,1910,8
28875.jpg,1902,1395,-507
28880.jpg,1902,1925,23
28885.jpg,1902,1896,-6
28890.jpg,1902,1900,-2
28895.jpg,1902,1900,-2
28900.jpg,1902,1920,18
28905.jpg,1902,1912,10
28910.jpg,1902,1908,6
28915.jpg,1902,1900,-2
28920.jpg,1903,1903,0
28925.jpg,1903,1900,-3
28930.jpg,1903,1900,-3
28935.jpg,1903,1910,7
28940.jpg,1903,1903,0
28945.jpg,1903,1900,-3
28955.jpg,1903,1912,9
28960.jpg,1903,1700,-203
28965.jpg,1903,1900,-3
28970.jpg,1903,1900,-3
28975.jpg,1903,1870,-33
28980.jpg,1903,1900,-3
28985.jpg,1903,1910,7
28990.jpg,1903,1910,7
28995.jpg,1903,1975,72
29000.jpg,1903,1918,15
29005.jpg,1903,1910,7
29010.jpg,1903,1900,-3
29015.jpg,1903,1910,7
29020.jpg,1903,1905,2
29025.jpg,1903,1890,-13
29030.jpg,1903,1903,0
29035.jpg,1903,1910,7
29040.jpg,1903,1910,7
29045.jpg,1903,1900,-3
29050.jpg,1903,2005,102
29055.jpg,1903,1920,17
29060.jpg,1903,1900,-3
29065.jpg,1903,1900,-3
29070.jpg,1903,1901,-2
29075.jpg,1903,1965,62
29080.jpg,1903,1960,57
29085.jpg,1903,1917,14
29090.jpg,1903,1870,-33
29095.jpg,1903,1841,-62
29100.jpg,1903,1964,61
29105.jpg,1903,1870,-33
29110.jpg,1903,1910,7
29115.jpg,1903,1910,7
29120.jpg,1903,1910,7
29125.jpg,1903,1890,-13
29130.jpg,1903,1900,-3
29135.jpg,1903,1890,-13
29140.jpg,1903,1910,7
29145.jpg,1903,1909,6
29150.jpg,1903,1900,-3
29155.jpg,1903,1895,-8
29160.jpg,1903,1890,-13
29165.jpg,1903,1900,-3
29170.jpg,1903,1910,7
29175.jpg,1903,1890,-13
29180.jpg,1903,1910,7
29185.jpg,1903,1910,7
29190.jpg,1903,1900,-3
29195.jpg,1903,1900,-3
29200.jpg,1903,1900,-3
29205.jpg,1903,1925,22
29210.jpg,1903,1600,-303
29215.jpg,1903,1905,2
29220.jpg,1903,1905,2
29225.jpg,1903,1890,-13
29230.jpg,1903,1900,-3
29235.jpg,1903,1905,2
29240.jpg,1903,1920,17
29245.jpg,1903,1900,-3
29250.jpg,1903,1936,33
29255.jpg,1903,1905,2
29260.jpg,1903,1910,7
29265.jpg,1903,1930,27
29270.jpg,1903,1900,-3
29275.jpg,1903,1920,17
29280.jpg,1903,1890,-13
29285.jpg,1903,1900,-3
29290.jpg,1903,1875,-28
29295.jpg,1903,1900,-3
29300.jpg,1903,1990,87
29305.jpg,1903,1890,-13
29310.jpg,1903,1870,-33
29315.jpg,1903,1920,17
29320.jpg,1903,1910,7
29325.jpg,1903,1939,36
29330.jpg,1903,1920,17
29335.jpg,1903,1900,-3
29340.jpg,1903,1900,-3
29345.jpg,1903,1910,7
29350.jpg,1903,1968,65
29355.jpg,1903,1900,-3
29360.jpg,1903,1900,-3
29365.jpg,1903,2005,102
29370.jpg,1903,1910,7
29375.jpg,1903,1900,-3
29380.jpg,1904,1850,-54
29385.jpg,1904,1910,6
29390.jpg,1904,1904,0
29395.jpg,1904,1970,66
29400.jpg,1904,1910,6
29405.jpg,1904,1904,0
29410.jpg,1904,1986,82
29415.jpg,1904,1910,6
29420.jpg,1904,1905,1
29425.jpg,1904,1910,6
29430.jpg,1904,1901,-3
29435.jpg,1904,1910,6
29440.jpg,1904,1858,-46
29445.jpg,1904,1910,6
29450.jpg,1904,1910,6
29455.jpg,1904,1921,17
29460.jpg,1904,1930,26
29465.jpg,1904,1920,16
29470.jpg,1904,1970,66
29475.jpg,1904,1905,1
29480.jpg,1904,2020,116
29485.jpg,1904,1910,6
29490.jpg,1904,1903,-1
29495.jpg,1904,1900,-4
29500.jpg,1904,1990,86
29505.jpg,1904,1890,-14
29510.jpg,1904,1901,-3
29515.jpg,1904,1910,6
29520.jpg,1904,1900,-4
29525.jpg,1904,1910,6
29530.jpg,1904,1910,6
29535.jpg,1904,1920,16
29540.jpg,1904,1900,-4
29550.jpg,1904,1841,-63
29555.jpg,1904,1950,46
29560.jpg,1904,1930,26
29565.jpg,1904,1901,-3
29570.jpg,1904,1867,-37
29575.jpg,1904,1890,-14
29580.jpg,1904,1870,-34
29585.jpg,1904,1900,-4
29590.jpg,1904,1890,-14
29595.jpg,1904,1880,-24
29600.jpg,1904,1910,6
29605.jpg,1904,1910,6
29610.jpg,1904,1890,-14
29615.jpg,1904,1900,-4
29620.jpg,1904,1900,-4
29625.jpg,1904,1890,-14
29630.jpg,1904,1900,-4
29635.jpg,1904,1840,-64
29640.jpg,1904,1890,-14
29645.jpg,1904,1880,-24
29650.jpg,1904,1910,6
29655.jpg,1904,1910,6
29660.jpg,1904,1910,6
29665.jpg,1904,1920,16
29670.jpg,1904,1900,-4
29675.jpg,1904,1902,-2
29680.jpg,1904,1900,-4
29685.jpg,1904,1900,-4
29690.jpg,1904,1920,16
29695.jpg,1904,1925,21
29700.jpg,1904,1900,-4
29705.jpg,1904,1900,-4
29710.jpg,1904,1880,-24
29715.jpg,1904,1905,1
29720.jpg,1904,1880,-24
29725.jpg,1904,1930,26
29730.jpg,1904,1900,-4
29735.jpg,1904,1900,-4
29740.jpg,1904,1910,6
29745.jpg,1904,1920,16
29750.jpg,1904,1890,-14
29755.jpg,1904,1880,-24
29760.jpg,1904,1930,26
29765.jpg,1904,1890,-14
29770.jpg,1904,1900,-4
29775.jpg,1904,1950,46
29780.jpg,1904,1904,0
29790.jpg,1904,1910,6
29795.jpg,1904,1900,-4
29800.jpg,1904,1910,6
29805.jpg,1904,1920,16
29810.jpg,1904,1890,-14
29815.jpg,1904,1900,-4
29820.jpg,1904,1910,6
29825.jpg,1904,1880,-24
29830.jpg,1905,1900,-5
29835.jpg,1905,2010,105
29840.jpg,1905,1901,-4
29845.jpg,1905,1900,-5
29850.jpg,1905,1952,47
29855.jpg,1905,1910,5
29860.jpg,1905,2000,95
29865.jpg,1905,1900,-5
29870.jpg,1905,1900,-5
29875.jpg,1905,1900,-5
29880.jpg,1905,1880,-25
29885.jpg,1905,1910,5
29890.jpg,1905,1910,5
29895.jpg,1905,1900,-5
29900.jpg,1905,1910,5
29905.jpg,1905,1910,5
29910.jpg,1905,1912,7
29915.jpg,1905,1900,-5
29920.jpg,1905,1900,-5
29925.jpg,1905,1910,5
29930.jpg,1905,1904,-1
29935.jpg,1905,1910,5
29940.jpg,1905,1901,-4
29945.jpg,1905,1904,-1
29950.jpg,1905,1920,15
29960.jpg,1905,1900,-5
29965.jpg,1905,1890,-15
29970.jpg,1905,1910,5
29975.jpg,1905,1910,5
29980.jpg,1905,1900,-5
29985.jpg,1905,1910,5
29990.jpg,1905,1881,-24
29995.jpg,1905,1888,-17
30000.jpg,1905,1880,-25
30005.jpg,1905,1920,15
30015.jpg,1905,1896,-9
30020.jpg,1905,1988,83
30025.jpg,1905,1890,-15
30030.jpg,1905,1876,-29
30035.jpg,1905,1905,0
30040.jpg,1905,1975,70
30045.jpg,1905,1880,-25
30050.jpg,1905,1910,5
30055.jpg,1905,1910,5
30060.jpg,1905,1890,-15
30065.jpg,1905,1900,-5
30070.jpg,1905,1905,0
30075.jpg,1905,1870,-35
30080.jpg,1905,1880,-25
30085.jpg,1905,1930,25
30090.jpg,1905,1900,-5
30095.jpg,1905,1900,-5
30100.jpg,1905,1910,5
30105.jpg,1905,1880,-25
30110.jpg,1905,1930,25
30115.jpg,1905,1900,-5
30120.jpg,1905,1900,-5
30125.jpg,1905,1900,-5
30130.jpg,1905,1960,55
30135.jpg,1905,1900,-5
30140.jpg,1905,1910,5
30145.jpg,1905,1900,-5
30155.jpg,1905,1890,-15
30160.jpg,1905,1910,5
30165.jpg,1905,1850,-55
30170.jpg,1905,1900,-5
30175.jpg,1905,1920,15
30180.jpg,1905,1920,15
30185.jpg,1905,1910,5
30190.jpg,1905,1890,-15
30195.jpg,1905,1850,-55
30200.jpg,1905,1900,-5
30205.jpg,1905,1990,85
30210.jpg,1905,1600,-305
30215.jpg,1905,1900,-5
30220.jpg,1905,1905,0
30225.jpg,1905,1900,-5
30230.jpg,1905,1920,15
30235.jpg,1905,1900,-5
30240.jpg,1905,1910,5
30245.jpg,1905,1915,10
30250.jpg,1905,1870,-35
30255.jpg,1905,1910,5
30260.jpg,1905,1900,-5
30265.jpg,1905,1850,-55
30270.jpg,1905,1900,-5
30275.jpg,1905,1910,5
30280.jpg,1905,1910,5
30285.jpg,1905,1910,5
30290.jpg,1905,1910,5
30295.jpg,1906,1900,-6
30300.jpg,1906,1880,-26
30305.jpg,1906,1925,19
30310.jpg,1906,1904,-2
30315.jpg,1906,1920,14
30320.jpg,1906,1950,44
30325.jpg,1906,1965,59
30330.jpg,1906,1870,-36
30335.jpg,1906,1900,-6
30340.jpg,1906,1905,-1
30345.jpg,1906,1910,4
30350.jpg,1906,1920,14
30355.jpg,1906,1930,24
30360.jpg,1906,1900,-6
30365.jpg,1906,1910,4
30370.jpg,1906,1900,-6
30375.jpg,1906,1910,4
30380.jpg,1906,1930,24
30385.jpg,1906,1900,-6
30390.jpg,1906,1910,4
30395.jpg,1906,1910,4
30400.jpg,1906,1925,19
30405.jpg,1906,1910,4
30410.jpg,1906,1900,-6
30415.jpg,1906,1900,-6
30420.jpg,1906,1900,-6
30425.jpg,1906,1910,4
30430.jpg,1906,1900,-6
30435.jpg,1906,1910,4
30440.jpg,1906,1960,54
30445.jpg,1906,1887,-19
30450.jpg,1906,1902,-4
30455.jpg,1906,1870,-36
30460.jpg,1906,1867,-39
30465.jpg,1906,1904,-2
30470.jpg,1906,1890,-16
30475.jpg,1906,1900,-6
30480.jpg,1906,1909,3
30485.jpg,1906,1890,-16
30490.jpg,1906,1810,-96
30495.jpg,1906,1900,-6
30500.jpg,1906,1900,-6
30505.jpg,1906,1905,-1
30510.jpg,1906,1900,-6
30515.jpg,1906,1910,4
30520.jpg,1906,1900,-6
30525.jpg,1906,1900,-6
30530.jpg,1906,1900,-6
30535.jpg,1906,1900,-6
30540.jpg,1906,1910,4
30545.jpg,1906,1910,4
30550.jpg,1906,1900,-6
30555.jpg,1906,1910,4
30560.jpg,1906,1900,-6
30565.jpg,1906,1900,-6
30570.jpg,1906,1910,4
30575.jpg,1906,1930,24
30580.jpg,1906,1910,4
30585.jpg,1906,1890,-16
30590.jpg,1906,1900,-6
30595.jpg,1906,1910,4
30600.jpg,1906,1900,-6
30605.jpg,1906,1900,-6
30610.jpg,1906,1900,-6
30615.jpg,1906,1910,4
30620.jpg,1906,1900,-6
30625.jpg,1906,1900,-6
30630.jpg,1906,1905,-1
30635.jpg,1906,1930,24
30640.jpg,1906,1890,-16
30645.jpg,1906,1910,4
30650.jpg,1906,1846,-60
30655.jpg,1906,1880,-26
30665.jpg,1906,1890,-16
30670.jpg,1906,1900,-6
30685.jpg,1906,1900,-6
30690.jpg,1906,1900,-6
30695.jpg,1906,1910,4
30700.jpg,1906,1910,4
30705.jpg,1906,1900,-6
30710.jpg,1906,1920,14
30715.jpg,1906,1965,59
30720.jpg,1906,1900,-6
30725.jpg,1906,1900,-6
30730.jpg,1906,1933,27
30740.jpg,1906,1910,4
30745.jpg,1906,1890,-16
30750.jpg,1906,1905,-1
30760.jpg,1907,1904,-3
30765.jpg,1907,1930,23
30770.jpg,1907,1910,3
30780.jpg,1907,1960,53
30785.jpg,1907,1923,16
30790.jpg,1907,1960,53
30795.jpg,1907,1860,-47
30800.jpg,1907,1910,3
30805.jpg,1907,1900,-7
30810.jpg,1907,1907,0
30815.jpg,1907,1925,18
30820.jpg,1907,1910,3
30825.jpg,1907,1915,8
30830.jpg,1907,1900,-7
30835.jpg,1907,1914,7
30840.jpg,1907,1910,3
30845.jpg,1907,1907,0
30855.jpg,1907,1890,-17
30860.jpg,1907,1910,3
30865.jpg,1907,1915,8
30870.jpg,1907,1900,-7
30875.jpg,1907,1910,3
30880.jpg,1907,1910,3
30885.jpg,1907,1870,-37
30895.jpg,1907,1910,3
30900.jpg,1907,1900,-7
30905.jpg,1907,1900,-7
30910.jpg,1907,1990,83
30915.jpg,1907,1925,18
30920.jpg,1907,1960,53
30925.jpg,1907,1930,23
30930.jpg,1907,1900,-7
30935.jpg,1907,1930,23
30940.jpg,1907,2002,95
30945.jpg,1907,1931,24
30950.jpg,1907,1858,-49
30955.jpg,1907,1890,-17
30960.jpg,1907,1890,-17
30965.jpg,1907,1910,3
30970.jpg,1907,1900,-7
30975.jpg,1907,1890,-17
30980.jpg,1907,1910,3
30985.jpg,1907,1910,3
30990.jpg,1907,1900,-7
30995.jpg,1907,1900,-7
31000.jpg,1907,1901,-6
31005.jpg,1907,1880,-27
31010.jpg,1907,1910,3
31015.jpg,1907,1910,3
31020.jpg,1907,1890,-17
31025.jpg,1907,1910,3
31030.jpg,1907,1900,-7
31035.jpg,1907,1910,3
31040.jpg,1907,1910,3
31045.jpg,1907,1910,3
31050.jpg,1907,1900,-7
31055.jpg,1907,1910,3
31060.jpg,1907,1870,-37
31065.jpg,1907,1900,-7
31070.jpg,1907,1900,-7
31075.jpg,1907,1910,3
31080.jpg,1907,1910,3
31085.jpg,1907,1910,3
31090.jpg,1907,1900,-7
31095.jpg,1907,1900,-7
31100.jpg,1907,1913,6
31105.jpg,1907,1920,13
31110.jpg,1907,1900,-7
31115.jpg,1907,1900,-7
31120.jpg,1907,1910,3
31125.jpg,1907,1910,3
31130.jpg,1907,1900,-7
31135.jpg,1907,1910,3
31140.jpg,1907,1900,-7
31150.jpg,1907,1900,-7
31155.jpg,1907,1910,3
31160.jpg,1907,1904,-3
31165.jpg,1907,1910,3
31170.jpg,1907,1930,23
31175.jpg,1907,1914,7
31180.jpg,1907,1910,3
31185.jpg,1907,1907,0
31190.jpg,1907,1920,13
31195.jpg,1907,1910,3
31200.jpg,1907,1920,13
31205.jpg,1907,1920,13
31210.jpg,1907,1905,-2
31215.jpg,1907,1920,13
31220.jpg,1907,1880,-27
31225.jpg,1907,1900,-7
31230.jpg,1907,1907,0
31235.jpg,1907,1906,-1
31240.jpg,1907,1900,-7
31245.jpg,1907,1900,-7
31250.jpg,1907,1910,3
31255.jpg,1907,1916,9
31260.jpg,1907,1910,3
31265.jpg,1907,1917,10
31270.jpg,1907,1930,23
31275.jpg,1907,1910,3
31280.jpg,1907,1900,-7
31285.jpg,1907,1920,13
31290.jpg,1907,1905,-2
31295.jpg,1907,1920,13
31300.jpg,1907,1931,24
31305.jpg,1907,1920,13
31310.jpg,1908,1903,-5
31315.jpg,1908,1932,24
31320.jpg,1908,1938,30
31325.jpg,1908,1926,18
31330.jpg,1908,1900,-8
31335.jpg,1908,1920,12
31345.jpg,1908,1950,42
31350.jpg,1908,1910,2
31355.jpg,1908,1900,-8
31360.jpg,1908,1910,2
31365.jpg,1908,1900,-8
31370.jpg,1908,1910,2
31380.jpg,1908,1920,12
31385.jpg,1908,1900,-8
31390.jpg,1908,1920,12
31395.jpg,1908,1930,22
31400.jpg,1908,1928,20
31405.jpg,1908,1910,2
31410.jpg,1908,1908,0
31415.jpg,1908,1910,2
31420.jpg,1908,1872,-36
31425.jpg,1908,1915,7
31430.jpg,1908,1900,-8
31435.jpg,1908,1910,2
31440.jpg,1908,1900,-8
31445.jpg,1908,1908,0
31450.jpg,1908,1910,2
31455.jpg,1908,1910,2
31460.jpg,1908,1900,-8
31465.jpg,1908,1900,-8
31470.jpg,1908,1908,0
31475.jpg,1908,1876,-32
31480.jpg,1908,1850,-58
31485.jpg,1908,1858,-50
31490.jpg,1908,1858,-50
31500.jpg,1908,1910,2
31505.jpg,1908,1910,2
31510.jpg,1908,1905,-3
31515.jpg,1908,1890,-18
31520.jpg,1908,1905,-3
31525.jpg,1908,1900,-8
31530.jpg,1908,1930,22
31535.jpg,1908,1900,-8
31540.jpg,1908,1900,-8
31545.jpg,1908,1910,2
31550.jpg,1908,1900,-8
31555.jpg,1908,1900,-8
31560.jpg,1908,1870,-38
31565.jpg,1908,1780,-128
31570.jpg,1908,1720,-188
31575.jpg,1908,1920,12
31580.jpg,1908,1910,2
31585.jpg,1908,1900,-8
31590.jpg,1908,1900,-8
31595.jpg,1908,1910,2
31600.jpg,1908,1900,-8
31605.jpg,1908,1930,22
31610.jpg,1908,1920,12
31620.jpg,1908,1915,7
31625.jpg,1908,1910,2
31630.jpg,1908,1900,-8
31635.jpg,1908,1910,2
31640.jpg,1908,1910,2
31645.jpg,1908,1910,2
31650.jpg,1908,1920,12
31655.jpg,1908,1910,2
31660.jpg,1908,1910,2
31665.jpg,1908,1906,-2
31670.jpg,1908,1890,-18
31675.jpg,1908,1910,2
31680.jpg,1908,1770,-138
31685.jpg,1908,1901,-7
31690.jpg,1908,1920,12
31695.jpg,1908,1910,2
31700.jpg,1908,1910,2
31705.jpg,1908,1900,-8
31710.jpg,1908,1900,-8
31715.jpg,1908,1910,2
31720.jpg,1908,1910,2
31725.jpg,1908,1910,2
31730.jpg,1908,1890,-18
31735.jpg,1908,1910,2
31740.jpg,1908,1906,-2
31745.jpg,1908,1910,2
31750.jpg,1908,1930,22
31755.jpg,1908,1900,-8
31760.jpg,1908,1910,2
31765.jpg,1909,1909,0
31770.jpg,1909,1913,4
31775.jpg,1909,1870,-39
31780.jpg,1909,1920,11
31785.jpg,1909,1930,21
31790.jpg,1909,1966,57
31805.jpg,1909,1950,41
31815.jpg,1909,1900,-9
31820.jpg,1909,1930,21
31825.jpg,1909,1920,11
31830.jpg,1909,1901,-8
31835.jpg,1909,1910,1
31840.jpg,1909,1900,-9
31845.jpg,1909,1900,-9
31850.jpg,1909,1900,-9
31855.jpg,1909,1910,1
31860.jpg,1909,1910,1
31865.jpg,1909,1915,6
31870.jpg,1909,1910,1
31875.jpg,1909,1929,20
31880.jpg,1909,1909,0
31885.jpg,1909,1900,-9
31890.jpg,1909,1910,1
31895.jpg,1909,1901,-8
31900.jpg,1909,1910,1
31905.jpg,1909,1910,1
31910.jpg,1909,1908,-1
31915.jpg,1909,1910,1
31920.jpg,1909,1920,11
31925.jpg,1909,1950,41
31930.jpg,1909,1910,1
31935.jpg,1909,1920,11
31940.jpg,1909,1910,1
31945.jpg,1909,1900,-9
31950.jpg,1909,1916,7
31955.jpg,1909,1910,1
31960.jpg,1909,1937,28
31970.jpg,1909,1890,-19
31975.jpg,1909,1902,-7
31980.jpg,1909,1920,11
31985.jpg,1909,1890,-19
31990.jpg,1909,1880,-29
31995.jpg,1909,1910,1
32005.jpg,1909,1880,-29
32015.jpg,1909,1900,-9
32020.jpg,1909,1900,-9
32025.jpg,1909,1810,-99
32030.jpg,1909,1910,1
32035.jpg,1909,1880,-29
32045.jpg,1909,1920,11
32050.jpg,1909,1901,-8
32055.jpg,1909,1910,1
32060.jpg,1909,1890,-19
32065.jpg,1909,1915,6
32070.jpg,1909,1900,-9
32075.jpg,1909,1920,11
32080.jpg,1909,1880,-29
32085.jpg,1909,1910,1
32090.jpg,1909,1910,1
32095.jpg,1909,1900,-9
32100.jpg,1909,1910,1
32105.jpg,1909,1910,1
32110.jpg,1909,1990,81
32115.jpg,1909,1910,1
32120.jpg,1909,1910,1
32125.jpg,1909,1910,1
32130.jpg,1909,1910,1
32135.jpg,1909,1910,1
32140.jpg,1909,1909,0
32145.jpg,1909,1910,1
32150.jpg,1909,1893,-16
32155.jpg,1909,1920,11
32160.jpg,1909,1900,-9
32165.jpg,1909,1910,1
32170.jpg,1909,1910,1
32175.jpg,1909,1890,-19
32180.jpg,1909,1915,6
32185.jpg,1909,1900,-9
32190.jpg,1909,1893,-16
32195.jpg,1909,1890,-19
32200.jpg,1909,1920,11
32205.jpg,1909,1920,11
32210.jpg,1909,1900,-9
32215.jpg,1909,1910,1
32220.jpg,1909,1910,1
32225.jpg,1909,1910,1
32230.jpg,1910,1850,-60
32235.jpg,1910,1910,0
32240.jpg,1910,1900,-10
32245.jpg,1910,1980,70
32255.jpg,1910,1910,0
32260.jpg,1910,1940,30
32265.jpg,1910,2005,95
32270.jpg,1910,1953,43
32275.jpg,1910,1950,40
32280.jpg,1910,1934,24
32285.jpg,1910,1910,0
32290.jpg,1910,1900,-10
32295.jpg,1910,1910,0
32300.jpg,1910,1910,0
32305.jpg,1910,1920,10
32310.jpg,1910,1895,-15
32315.jpg,1910,1910,0
32320.jpg,1910,1900,-10
32325.jpg,1910,1900,-10
32330.jpg,1910,1915,5
32335.jpg,1910,1915,5
32340.jpg,1910,1810,-100
32345.jpg,1910,1890,-20
32350.jpg,1910,1920,10
32355.jpg,1910,1925,15
32360.jpg,1910,1910,0
32365.jpg,1910,1900,-10
32370.jpg,1910,1950,40
32375.jpg,1910,1910,0
32380.jpg,1910,1900,-10
32385.jpg,1910,1980,70
32390.jpg,1910,1910,0
32395.jpg,1910,1893,-17
32400.jpg,1910,1931,21
32405.jpg,1910,1880,-30
32410.jpg,1910,1939,29
32415.jpg,1910,1850,-60
32420.jpg,1910,1920,10
32425.jpg,1910,1920,10
32430.jpg,1910,1900,-10
32435.jpg,1910,1890,-20
32440.jpg,1910,1910,0
32445.jpg,1910,1900,-10
32450.jpg,1910,1905,-5
32455.jpg,1910,1910,0
32460.jpg,1910,1910,0
32465.jpg,1910,1910,0
32470.jpg,1910,1880,-30
32475.jpg,1910,1900,-10
32480.jpg,1910,1920,10
32485.jpg,1910,1915,5
32490.jpg,1910,1900,-10
32495.jpg,1910,1910,0
32500.jpg,1910,1910,0
32505.jpg,1910,1925,15
32510.jpg,1910,1910,0
32515.jpg,1910,1920,10
32520.jpg,1910,1910,0
32525.jpg,1910,1900,-10
32530.jpg,1910,1920,10
32535.jpg,1910,1900,-10
32540.jpg,1910,1910,0
32545.jpg,1910,1920,10
32550.jpg,1910,1900,-10
32555.jpg,1910,1910,0
32560.jpg,1910,1910,0
32565.jpg,1910,1910,0
32570.jpg,1910,1900,-10
32575.jpg,1910,1905,-5
32580.jpg,1910,1910,0
32585.jpg,1910,1910,0
32590.jpg,1910,1900,-10
32595.jpg,1910,1910,0
32600.jpg,1910,1880,-30
32605.jpg,1910,1500,-410
32610.jpg,1910,1910,0
32615.jpg,1910,1920,10
32620.jpg,1910,1920,10
32625.jpg,1910,1820,-90
32630.jpg,1910,1920,10
32635.jpg,1910,1910,0
32640.jpg,1910,1910,0
32645.jpg,1910,1910,0
32650.jpg,1910,1920,10
32655.jpg,1910,1910,0
32660.jpg,1910,1910,0
32665.jpg,1910,1900,-10
32675.jpg,1910,1910,0
32680.jpg,1910,1890,-20
32685.jpg,1910,1910,0
32690.jpg,1910,1910,0
32695.jpg,1910,1916,6
32700.jpg,1910,1920,10
32705.jpg,1910,1900,-10
32710.jpg,1910,1920,10
32715.jpg,1910,1920,10
32720.jpg,1910,1890,-20
32725.jpg,1910,1900,-10
32730.jpg,1910,1920,10
32735.jpg,1910,1850,-60
32740.jpg,1911,1900,-11
32745.jpg,1911,1930,19
32750.jpg,1911,1928,17
32755.jpg,1911,1938,27
32760.jpg,1911,1910,-1
32765.jpg,1911,1905,-6
32770.jpg,1911,1901,-10
32775.jpg,1911,1920,9
32780.jpg,1911,1930,19
32785.jpg,1911,1990,79
32790.jpg,1911,1900,-11
32795.jpg,1911,1913,2
32800.jpg,1911,1850,-61
32805.jpg,1911,1890,-21
32810.jpg,1911,1900,-11
32815.jpg,1911,1900,-11
32820.jpg,1911,1920,9
32825.jpg,1911,1910,-1
32830.jpg,1911,1910,-1
32835.jpg,1911,1919,8
32840.jpg,1911,1960,49
32845.jpg,1911,1901,-10
32850.jpg,1911,1925,14
32855.jpg,1911,1910,-1
32860.jpg,1911,1960,49
32865.jpg,1911,1910,-1
32870.jpg,1911,1910,-1
32875.jpg,1911,1910,-1
32885.jpg,1911,1910,-1
32890.jpg,1911,1910,-1
32895.jpg,1911,1900,-11
32900.jpg,1911,1880,-31
32905.jpg,1911,1900,-11
32910.jpg,1911,1903,-8
32915.jpg,1911,1910,-1
32920.jpg,1911,1910,-1
32925.jpg,1911,1910,-1
32930.jpg,1911,1910,-1
32935.jpg,1911,1965,54
32940.jpg,1911,1910,-1
32945.jpg,1911,1920,9
32950.jpg,1911,1963,52
32955.jpg,1911,1898,-13
32960.jpg,1911,1930,19
32965.jpg,1911,1929,18
32970.jpg,1911,1871,-40
32975.jpg,1911,1890,-21
32980.jpg,1911,1890,-21
32985.jpg,1911,1910,-1
32990.jpg,1911,1910,-1
32995.jpg,1911,1900,-11
33000.jpg,1911,1910,-1
33005.jpg,1911,1820,-91
33010.jpg,1911,1910,-1
33015.jpg,1911,1910,-1
33020.jpg,1911,1925,14
33025.jpg,1911,1880,-31
33030.jpg,1911,1900,-11
33035.jpg,1911,1930,19
33040.jpg,1911,1910,-1
33045.jpg,1911,1920,9
33050.jpg,1911,1950,39
33055.jpg,1911,1910,-1
33060.jpg,1911,1910,-1
33065.jpg,1911,1900,-11
33070.jpg,1911,1910,-1
33075.jpg,1911,1905,-6
33080.jpg,1911,1910,-1
33085.jpg,1911,1910,-1
33090.jpg,1911,1900,-11
33095.jpg,1911,1900,-11
33100.jpg,1911,1910,-1
33105.jpg,1911,1850,-61
33110.jpg,1911,1910,-1
33115.jpg,1911,1910,-1
33120.jpg,1911,1900,-11
33125.jpg,1911,1937,26
33130.jpg,1911,1900,-11
33135.jpg,1911,1910,-1
33140.jpg,1911,1920,9
33145.jpg,1911,1910,-1
33150.jpg,1911,1600,-311
33155.jpg,1911,1965,54
33160.jpg,1911,1920,9
33165.jpg,1911,1910,-1
33170.jpg,1911,1910,-1
33175.jpg,1911,1925,14
33180.jpg,1911,1920,9
33185.jpg,1911,1893,-18
33190.jpg,1911,1920,9
33195.jpg,1911,1950,39
33200.jpg,1911,1910,-1
33205.jpg,1911,1910,-1
33210.jpg,1911,1911,0
33215.jpg,1911,1910,-1
33220.jpg,1911,1910,-1
33225.jpg,1911,1920,9
33230.jpg,1911,1900,-11
33235.jpg,1911,1932,21
33240.jpg,1911,1826,-85
33245.jpg,1911,1920,9
33250.jpg,1911,1925,14
33255.jpg,1911,1900,-11
33260.jpg,1911,1900,-11
33265.jpg,1911,1920,9
33270.jpg,1911,1900,-11
33275.jpg,1911,1910,-1
33280.jpg,1912,1910,-2
33285.jpg,1912,1900,-12
33290.jpg,1912,1900,-12
33295.jpg,1912,1920,8
33300.jpg,1912,1880,-32
33310.jpg,1912,1920,8
33315.jpg,1912,1950,38
33320.jpg,1912,1980,68
33325.jpg,1912,1920,8
33330.jpg,1912,1900,-12
33335.jpg,1912,1910,-2
33340.jpg,1912,1930,18
33345.jpg,1912,1910,-2
33350.jpg,1912,1900,-12
33355.jpg,1912,1920,8
33360.jpg,1912,1910,-2
33365.jpg,1912,1910,-2
33375.jpg,1912,1913,1
33380.jpg,1912,1930,18
33385.jpg,1912,1900,-12
33390.jpg,1912,1913,1
33395.jpg,1912,1970,58
33400.jpg,1912,1925,13
33405.jpg,1912,1990,78
33410.jpg,1912,1900,-12
33415.jpg,1912,1910,-2
33420.jpg,1912,1910,-2
33425.jpg,1912,1910,-2
33430.jpg,1912,1910,-2
33435.jpg,1912,1910,-2
33440.jpg,1912,1920,8
33445.jpg,1912,1920,8
33450.jpg,1912,1900,-12
33455.jpg,1912,1910,-2
33460.jpg,1912,1900,-12
33465.jpg,1912,1900,-12
33470.jpg,1912,1910,-2
33475.jpg,1912,1901,-11
33480.jpg,1912,1912,0
33485.jpg,1912,1950,38
33490.jpg,1912,1910,-2
33495.jpg,1912,1905,-7
33500.jpg,1912,1900,-12
33505.jpg,1912,1858,-54
33510.jpg,1912,1925,13
33515.jpg,1912,1920,8
33520.jpg,1912,1910,-2
33525.jpg,1912,1900,-12
33530.jpg,1912,1900,-12
33535.jpg,1912,1920,8
33540.jpg,1912,1910,-2
33545.jpg,1912,1900,-12
33550.jpg,1912,1910,-2
33555.jpg,1912,1910,-2
33560.jpg,1912,1910,-2
33565.jpg,1912,1920,8
33570.jpg,1912,1905,-7
33580.jpg,1912,1710,-202
33585.jpg,1912,1910,-2
33590.jpg,1912,1900,-12
33595.jpg,1912,1900,-12
33600.jpg,1912,1900,-12
33605.jpg,1912,1910,-2
33615.jpg,1912,1910,-2
33620.jpg,1912,1910,-2
33625.jpg,1912,1900,-12
33630.jpg,1912,1850,-62
33635.jpg,1912,1915,3
33640.jpg,1912,1900,-12
33645.jpg,1912,1910,-2
33650.jpg,1912,1910,-2
33655.jpg,1912,1910,-2
33660.jpg,1912,1910,-2
33665.jpg,1912,1910,-2
33670.jpg,1912,1925,13
33675.jpg,1912,1995,83
33680.jpg,1912,1900,-12
33685.jpg,1912,1930,18
33690.jpg,1912,1971,59
33695.jpg,1912,1910,-2
33700.jpg,1912,1915,3
33705.jpg,1912,1910,-2
33710.jpg,1912,1900,-12
33715.jpg,1912,1910,-2
33720.jpg,1912,1900,-12
33725.jpg,1912,1920,8
33735.jpg,1912,1880,-32
33740.jpg,1912,1910,-2
33745.jpg,1912,1900,-12
33750.jpg,1912,1910,-2
33755.jpg,1912,1890,-22
33760.jpg,1912,1900,-12
33765.jpg,1913,1920,7
33770.jpg,1913,1910,-3
33775.jpg,1913,1910,-3
33780.jpg,1913,1910,-3
33785.jpg,1913,1920,7
33790.jpg,1913,1910,-3
33795.jpg,1913,1913,0
33800.jpg,1913,1910,-3
33805.jpg,1913,1908,-5
33810.jpg,1913,1920,7
33815.jpg,1913,1936,23
33820.jpg,1913,1934,21
33825.jpg,1913,1920,7
33830.jpg,1913,1900,-13
33840.jpg,1913,1900,-13
33845.jpg,1913,1900,-13
33850.jpg,1913,1930,17
33855.jpg,1913,1920,7
33860.jpg,1913,1910,-3
33865.jpg,1913,1910,-3
33870.jpg,1913,1920,7
33875.jpg,1913,1910,-3
33880.jpg,1913,1893,-20
33885.jpg,1913,1931,18
33890.jpg,1913,1920,7
33895.jpg,1913,1925,12
33900.jpg,1913,1913,0
33905.jpg,1913,1770,-143
33910.jpg,1913,1914,1
33915.jpg,1913,1880,-33
33920.jpg,1913,1910,-3
33925.jpg,1913,1910,-3
33930.jpg,1913,1910,-3
33935.jpg,1913,1930,17
33940.jpg,1913,1925,12
33945.jpg,1913,1915,2
33950.jpg,1913,1910,-3
33955.jpg,1913,2005,92
33960.jpg,1913,1900,-13
33965.jpg,1913,1910,-3
33970.jpg,1913,1920,7
33975.jpg,1913,1912,-1
33980.jpg,1913,1920,7
33985.jpg,1913,1920,7
33990.jpg,1913,1868,-45
33995.jpg,1913,1910,-3
34000.jpg,1913,1910,-3
34005.jpg,1913,1938,25
34010.jpg,1913,1910,-3
34015.jpg,1913,1920,7
34020.jpg,1913,1912,-1
34025.jpg,1913,1910,-3
34030.jpg,1913,1920,7
34035.jpg,1913,1910,-3
34040.jpg,1913,1910,-3
34045.jpg,1913,1920,7
34050.jpg,1913,1910,-3
34055.jpg,1913,1910,-3
34060.jpg,1913,1900,-13
34065.jpg,1913,1905,-8
34070.jpg,1913,1910,-3
34080.jpg,1913,1930,17
34085.jpg,1913,1890,-23
34090.jpg,1913,1910,-3
34095.jpg,1913,1910,-3
34100.jpg,1913,1910,-3
34105.jpg,1913,1910,-3
34110.jpg,1913,1910,-3
34115.jpg,1913,1910,-3
34120.jpg,1913,1930,17
34125.jpg,1913,1920,7
34130.jpg,1913,1910,-3
34135.jpg,1913,1915,2
34140.jpg,1913,1915,2
34145.jpg,1913,1925,12
34150.jpg,1913,1890,-23
34155.jpg,1913,1925,12
34160.jpg,1913,1900,-13
34165.jpg,1913,1925,12
34170.jpg,1913,1905,-8
34175.jpg,1913,1900,-13
34180.jpg,1913,1880,-33
34185.jpg,1913,1890,-23
34190.jpg,1913,1939,26
34195.jpg,1913,1810,-103
34200.jpg,1913,1910,-3
34205.jpg,1913,1920,7
34210.jpg,1913,1920,7
34215.jpg,1913,1925,12
34220.jpg,1913,1920,7
34225.jpg,1914,1939,25
34230.jpg,1914,1910,-4
34235.jpg,1914,1910,-4
34240.jpg,1914,1913,-1
34245.jpg,1914,1965,51
34250.jpg,1914,1920,6
34260.jpg,1914,1992,78
34265.jpg,1914,1910,-4
34270.jpg,1914,1924,10
34275.jpg,1914,1910,-4
34280.jpg,1914,1910,-4
34285.jpg,1914,1910,-4
34290.jpg,1914,1900,-14
34295.jpg,1914,1910,-4
34300.jpg,1914,1910,-4
34305.jpg,1914,1910,-4
34310.jpg,1914,1910,-4
34315.jpg,1914,1910,-4
34320.jpg,1914,1910,-4
34325.jpg,1914,1910,-4
34330.jpg,1914,1910,-4
34335.jpg,1914,1920,6
34345.jpg,1914,1930,16
34350.jpg,1914,1836,-78
34360.jpg,1914,1910,-4
34365.jpg,1914,1910,-4
34370.jpg,1914,1938,24
34375.jpg,1914,1905,-9
34380.jpg,1914,1928,14
34385.jpg,1914,1880,-34
34390.jpg,1914,1910,-4
34395.jpg,1914,1910,-4
34400.jpg,1914,1870,-44
34405.jpg,1914,1900,-14
34410.jpg,1914,1902,-12
34415.jpg,1914,1870,-44
34420.jpg,1914,1957,43
34425.jpg,1914,1554,-360
34430.jpg,1914,1855,-59
34435.jpg,1914,1915,1
34440.jpg,1914,1900,-14
34445.jpg,1914,1900,-14
34450.jpg,1914,1880,-34
34455.jpg,1914,1910,-4
34460.jpg,1914,1880,-34
34465.jpg,1914,1915,1
34470.jpg,1914,1925,11
34475.jpg,1914,1900,-14
34480.jpg,1914,1910,-4
34485.jpg,1914,1925,11
34490.jpg,1914,1910,-4
34495.jpg,1914,1900,-14
34500.jpg,1914,1900,-14
34505.jpg,1914,1900,-14
34515.jpg,1914,1910,-4
34520.jpg,1914,1900,-14
34525.jpg,1914,1910,-4
34530.jpg,1914,1900,-14
34535.jpg,1914,1950,36
34540.jpg,1914,1910,-4
34545.jpg,1914,1925,11
34550.jpg,1914,1910,-4
34555.jpg,1914,1890,-24
34560.jpg,1914,1910,-4
34565.jpg,1914,1905,-9
34570.jpg,1914,1920,6
34575.jpg,1914,1990,76
34580.jpg,1914,1937,23
34590.jpg,1914,1910,-4
34595.jpg,1914,1920,6
34600.jpg,1914,1923,9
34605.jpg,1914,1890,-24
34610.jpg,1914,1910,-4
34615.jpg,1914,1910,-4
34620.jpg,1914,1850,-64
34625.jpg,1914,1900,-14
34630.jpg,1914,1900,-14
34635.jpg,1914,1905,-9
34640.jpg,1914,1930,16
34645.jpg,1914,1920,6
34650.jpg,1914,1900,-14
34655.jpg,1914,1910,-4
34660.jpg,1914,1932,18
34665.jpg,1914,1912,-2
34670.jpg,1914,1900,-14
34675.jpg,1914,1910,-4
34680.jpg,1914,1904,-10
34685.jpg,1914,1925,11
34690.jpg,1914,1930,16
34695.jpg,1914,1900,-14
34700.jpg,1914,1910,-4
34705.jpg,1914,1920,6
34710.jpg,1914,1910,-4
34715.jpg,1914,1910,-4
34720.jpg,1915,1920,5
34725.jpg,1915,1915,0
34730.jpg,1915,1910,-5
34735.jpg,1915,1910,-5
34740.jpg,1915,1912,-3
34750.jpg,1915,1920,5
34755.jpg,1915,1923,8
34765.jpg,1915,1900,-15
34770.jpg,1915,1920,5
34775.jpg,1915,1920,5
34780.jpg,1915,1920,5
34785.jpg,1915,1920,5
34790.jpg,1915,1920,5
34795.jpg,1915,1910,-5
34800.jpg,1915,1910,-5
34805.jpg,1915,1900,-15
34810.jpg,1915,1920,5
34815.jpg,1915,1910,-5
34820.jpg,1915,1970,55
34825.jpg,1915,1930,15
34830.jpg,1915,1930,15
34835.jpg,1915,1920,5
34840.jpg,1915,1887,-28
34845.jpg,1915,1925,10
34850.jpg,1915,1910,-5
34855.jpg,1915,1927,12
34860.jpg,1915,1920,5
34865.jpg,1915,1900,-15
34870.jpg,1915,1920,5
34875.jpg,1915,1920,5
34880.jpg,1915,1880,-35
34885.jpg,1915,1910,-5
34890.jpg,1915,1910,-5
34895.jpg,1915,1902,-13
34900.jpg,1915,1915,0
34905.jpg,1915,1910,-5
34910.jpg,1915,1955,40
34915.jpg,1915,1880,-35
34920.jpg,1915,1900,-15
34925.jpg,1915,1880,-35
34930.jpg,1915,1950,35
34935.jpg,1915,1910,-5
34940.jpg,1915,1925,10
34945.jpg,1915,1910,-5
34950.jpg,1915,1940,25
34955.jpg,1915,1900,-15
34960.jpg,1915,1910,-5
34965.jpg,1915,1975,60
34970.jpg,1915,1920,5
34975.jpg,1915,1910,-5
34980.jpg,1915,1910,-5
34985.jpg,1915,1910,-5
34990.jpg,1915,1910,-5
34995.jpg,1915,1900,-15
35000.jpg,1915,1910,-5
35005.jpg,1915,1910,-5
35010.jpg,1915,1950,35
35015.jpg,1915,1910,-5
35020.jpg,1915,1915,0
35025.jpg,1915,1910,-5
35030.jpg,1915,1910,-5
35035.jpg,1915,1900,-15
35040.jpg,1915,1920,5
35045.jpg,1915,1928,13
35050.jpg,1915,1910,-5
35055.jpg,1915,1920,5
35060.jpg,1915,1910,-5
35065.jpg,1915,1920,5
35070.jpg,1915,1900,-15
35075.jpg,1915,1935,20
35080.jpg,1915,1925,10
35085.jpg,1915,1910,-5
35090.jpg,1915,1910,-5
35095.jpg,1915,1900,-15
35100.jpg,1915,1880,-35
35105.jpg,1915,1926,11
35110.jpg,1915,1910,-5
35115.jpg,1915,1920,5
35120.jpg,1915,1920,5
35125.jpg,1915,1915,0
35130.jpg,1915,1910,-5
35135.jpg,1915,1930,15
35140.jpg,1915,1890,-25
35145.jpg,1915,1930,15
35150.jpg,1915,1931,16
35155.jpg,1915,1915,0
35160.jpg,1916,1925,9
35165.jpg,1916,1940,24
35170.jpg,1916,1920,4
35175.jpg,1916,1982,66
35180.jpg,1916,1860,-56
35185.jpg,1916,1920,4
35190.jpg,1916,1935,19
35195.jpg,1916,1920,4
35200.jpg,1916,1910,-6
35205.jpg,1916,1920,4
35210.jpg,1916,1910,-6
35215.jpg,1916,1910,-6
35220.jpg,1916,1920,4
35225.jpg,1916,1910,-6
35230.jpg,1916,1914,-2
35235.jpg,1916,1917,1
35240.jpg,1916,1910,-6
35245.jpg,1916,1920,4
35250.jpg,1916,1910,-6
35255.jpg,1916,1965,49
35260.jpg,1916,1920,4
35265.jpg,1916,1910,-6
35270.jpg,1916,1910,-6
35275.jpg,1916,1900,-16
35280.jpg,1916,1920,4
35285.jpg,1916,1910,-6
35290.jpg,1916,1912,-4
35295.jpg,1916,1954,38
35300.jpg,1916,1900,-16
35305.jpg,1916,1900,-16
35310.jpg,1916,1880,-36
35315.jpg,1916,1858,-58
35320.jpg,1916,1900,-16
35325.jpg,1916,1925,9
35330.jpg,1916,1925,9
35335.jpg,1916,1960,44
35340.jpg,1916,1910,-6
35345.jpg,1916,1910,-6
35350.jpg,1916,1910,-6
35355.jpg,1916,1910,-6
35360.jpg,1916,1910,-6
35365.jpg,1916,1910,-6
35370.jpg,1916,1890,-26
35375.jpg,1916,1910,-6
35380.jpg,1916,1900,-16
35385.jpg,1916,1910,-6
35390.jpg,1916,1940,24
35395.jpg,1916,1920,4
35400.jpg,1916,1910,-6
35405.jpg,1916,1930,14
35410.jpg,1916,1900,-16
35415.jpg,1916,1900,-16
35420.jpg,1916,1920,4
35425.jpg,1916,1915,-1
35430.jpg,1916,1910,-6
35435.jpg,1916,1902,-14
35440.jpg,1916,1915,-1
35445.jpg,1916,1937,21
35450.jpg,1916,1925,9
35455.jpg,1916,1890,-26
35460.jpg,1916,1910,-6
35465.jpg,1916,1920,4
35470.jpg,1916,1900,-16
35475.jpg,1916,1884,-32
35480.jpg,1916,1910,-6
35485.jpg,1916,1740,-176
35490.jpg,1916,1910,-6
35495.jpg,1916,1935,19
35500.jpg,1916,1930,14
35505.jpg,1916,1876,-40
35510.jpg,1916,1890,-26
35515.jpg,1916,1920,4
35520.jpg,1916,1910,-6
35525.jpg,1916,1916,0
35530.jpg,1916,1890,-26
35535.jpg,1917,1910,-7
35540.jpg,1917,1915,-2
35545.jpg,1917,1915,-2
35550.jpg,1917,1900,-17
35555.jpg,1917,1920,3
35560.jpg,1917,1900,-17
35565.jpg,1917,1950,33
35570.jpg,1917,1910,-7
35575.jpg,1917,1900,-17
35580.jpg,1917,1920,3
35585.jpg,1917,1900,-17
35590.jpg,1917,1925,8
35595.jpg,1917,1925,8
35600.jpg,1917,1915,-2
35605.jpg,1917,1910,-7
35610.jpg,1917,1920,3
35615.jpg,1917,1910,-7
35620.jpg,1917,1942,25
35625.jpg,1917,1900,-17
35630.jpg,1917,1910,-7
35635.jpg,1917,1915,-2
35640.jpg,1917,1910,-7
35645.jpg,1917,1910,-7
35650.jpg,1917,1910,-7
35655.jpg,1917,1880,-37
35660.jpg,1917,1920,3
35665.jpg,1917,1910,-7
35670.jpg,1917,1920,3
35675.jpg,1917,1910,-7
35680.jpg,1917,1942,25
35685.jpg,1917,1902,-15
35690.jpg,1917,1970,53
35695.jpg,1917,1930,13
35700.jpg,1917,1931,14
35705.jpg,1917,1930,13
35710.jpg,1917,1932,15
35715.jpg,1917,1930,13
35720.jpg,1917,1940,23
35725.jpg,1917,1990,73
35730.jpg,1917,1913,-4
35735.jpg,1917,1931,14
35740.jpg,1917,1700,-217
35745.jpg,1917,1925,8
35750.jpg,1917,1900,-17
35755.jpg,1917,1940,23
35760.jpg,1917,1909,-8
35765.jpg,1917,1925,8
35770.jpg,1917,1910,-7
35775.jpg,1917,1910,-7
35780.jpg,1917,1920,3
35785.jpg,1917,1920,3
35790.jpg,1917,1910,-7
35795.jpg,1917,1920,3
35800.jpg,1917,1910,-7
35805.jpg,1917,1890,-27
35810.jpg,1917,1910,-7
35815.jpg,1917,1910,-7
35820.jpg,1917,1900,-17
35825.jpg,1917,1910,-7
35830.jpg,1917,1925,8
35835.jpg,1917,1920,3
35840.jpg,1917,1914,-3
35845.jpg,1917,1910,-7
35850.jpg,1917,1900,-17
35855.jpg,1917,1929,12
35860.jpg,1917,1910,-7
35865.jpg,1917,1920,3
35870.jpg,1917,1930,13
35875.jpg,1917,1954,37
35880.jpg,1917,1917,0
35885.jpg,1917,1910,-7
35890.jpg,1917,1915,-2
35895.jpg,1917,1920,3
35900.jpg,1917,1990,73
35905.jpg,1917,1920,3
35910.jpg,1917,1903,-14
35915.jpg,1917,1910,-7
35920.jpg,1918,1929,11
35925.jpg,1918,1985,67
35930.jpg,1918,1900,-18
35935.jpg,1918,2005,87
35940.jpg,1918,1910,-8
35945.jpg,1918,1920,2
35950.jpg,1918,1920,2
35955.jpg,1918,1920,2
35960.jpg,1918,1925,7
35965.jpg,1918,1920,2
35970.jpg,1918,1910,-8
35980.jpg,1918,1920,2
35985.jpg,1918,1920,2
35990.jpg,1918,1929,11
35995.jpg,1918,1930,12
36000.jpg,1918,1910,-8
36005.jpg,1918,1910,-8
36010.jpg,1918,1850,-68
36015.jpg,1918,1910,-8
36020.jpg,1918,1910,-8
36025.jpg,1918,1926,8
36030.jpg,1918,1930,12
36035.jpg,1918,1910,-8
36040.jpg,1918,1910,-8
36045.jpg,1918,1900,-18
36050.jpg,1918,1910,-8
36055.jpg,1918,1905,-13
36060.jpg,1918,1920,2
36065.jpg,1918,1910,-8
36070.jpg,1918,1910,-8
36075.jpg,1918,1890,-28
36080.jpg,1918,1930,12
36085.jpg,1918,1900,-18
36090.jpg,1918,1918,0
36095.jpg,1918,1910,-8
36100.jpg,1918,1910,-8
36105.jpg,1918,1920,2
36110.jpg,1918,1900,-18
36115.jpg,1919,1919,0
36120.jpg,1919,1920,1
36130.jpg,1919,1975,56
36140.jpg,1919,1914,-5
36145.jpg,1919,1915,-4
36150.jpg,1919,1930,11
36155.jpg,1919,1950,31
36160.jpg,1919,1920,1
36165.jpg,1919,1928,9
36170.jpg,1919,1910,-9
36175.jpg,1919,1990,71
36180.jpg,1919,1950,31
36190.jpg,1919,1920,1
36195.jpg,1919,1900,-19
36200.jpg,1919,1904,-15
36205.jpg,1919,1932,13
36210.jpg,1919,1920,1
36215.jpg,1919,1910,-9
36225.jpg,1919,1925,6
36230.jpg,1919,1910,-9
36235.jpg,1919,1910,-9
36240.jpg,1919,1910,-9
36245.jpg,1919,1910,-9
36250.jpg,1919,1920,1
36255.jpg,1919,1820,-99
36260.jpg,1919,1920,1
36265.jpg,1919,1910,-9
36270.jpg,1919,1910,-9
36275.jpg,1919,1931,12
36280.jpg,1919,1710,-209
36285.jpg,1919,1917,-2
36290.jpg,1919,2014,95
36295.jpg,1919,1910,-9
36300.jpg,1919,1910,-9
36305.jpg,1919,1900,-19
36310.jpg,1919,1910,-9
36315.jpg,1919,1910,-9
36320.jpg,1919,2000,81
36325.jpg,1919,1900,-19
36330.jpg,1919,1920,1
36335.jpg,1919,1925,6
36340.jpg,1919,1920,1
36345.jpg,1919,1910,-9
36350.jpg,1920,1920,0
36355.jpg,1920,1920,0
36360.jpg,1920,1910,-10
36365.jpg,1920,1953,33
36370.jpg,1920,1930,10
36375.jpg,1920,1930,10
36385.jpg,1920,1964,44
36390.jpg,1920,1900,-20
36395.jpg,1920,1920,0
36400.jpg,1920,1910,-10
36405.jpg,1920,1920,0
36410.jpg,1920,1930,10
36415.jpg,1920,1900,-20
36420.jpg,1920,1910,-10
36425.jpg,1920,1925,5
36430.jpg,1920,1939,19
36435.jpg,1920,1925,5
36440.jpg,1920,1840,-80
36445.jpg,1920,1900,-20
36450.jpg,1920,1920,0
36455.jpg,1920,1900,-20
36460.jpg,1920,1930,10
36465.jpg,1920,1860,-60
36470.jpg,1920,1915,-5
36475.jpg,1920,1881,-39
36480.jpg,1920,1910,-10
36485.jpg,1920,1910,-10
36490.jpg,1920,1900,-20
36495.jpg,1920,1910,-10
36500.jpg,1920,1915,-5
36505.jpg,1920,1910,-10
36510.jpg,1920,1890,-30
36515.jpg,1920,1900,-20
36520.jpg,1920,1910,-10
36525.jpg,1920,1880,-40
36530.jpg,1920,1850,-70
36535.jpg,1920,1900,-20
36540.jpg,1920,1910,-10
36545.jpg,1920,1920,0
36550.jpg,1920,1900,-20
36555.jpg,1920,1917,-3
36560.jpg,1920,1920,0
36565.jpg,1920,1880,-40
36570.jpg,1920,1910,-10
36575.jpg,1920,1920,0
36580.jpg,1920,1925,5
36585.jpg,1920,1925,5
36590.jpg,1920,1910,-10
36595.jpg,1920,1880,-40
36600.jpg,1920,1930,10
36605.jpg,1920,1900,-20
36610.jpg,1920,1920,0
36615.jpg,1920,1900,-20
36620.jpg,1920,1900,-20
36625.jpg,1920,1920,0
36630.jpg,1920,1929,9
36635.jpg,1920,1910,-10
36640.jpg,1920,1930,10
36650.jpg,1920,1910,-10
36655.jpg,1920,1925,5
36660.jpg,1920,1929,9
36665.jpg,1920,1930,10
36670.jpg,1920,1900,-20
36675.jpg,1920,1950,30
36680.jpg,1920,1910,-10
36685.jpg,1920,1850,-70
36690.jpg,1921,1924,3
36695.jpg,1921,1938,17
36700.jpg,1921,1925,4
36705.jpg,1921,1912,-9
36710.jpg,1921,1920,-1
36715.jpg,1921,1917,-4
36720.jpg,1921,1965,44
36725.jpg,1921,1920,-1
36735.jpg,1921,1930,9
36740.jpg,1921,1925,4
36745.jpg,1921,1910,-11
36750.jpg,1921,1925,4
36755.jpg,1921,1920,-1
36760.jpg,1921,1910,-11
36765.jpg,1921,1930,9
36770.jpg,1921,1930,9
36775.jpg,1921,1910,-11
36780.jpg,1921,1900,-21
36785.jpg,1921,1930,9
36790.jpg,1921,1915,-6
36795.jpg,1921,1927,6
36800.jpg,1921,1910,-11
36805.jpg,1921,1910,-11
36810.jpg,1921,1900,-21
36815.jpg,1921,1930,9
36820.jpg,1921,1925,4
36830.jpg,1921,1920,-1
36835.jpg,1921,1925,4
36840.jpg,1921,1925,4
36845.jpg,1921,1920,-1
36850.jpg,1921,1910,-11
36855.jpg,1921,1910,-11
36860.jpg,1921,1920,-1
36870.jpg,1921,1920,-1
36875.jpg,1921,1900,-21
36880.jpg,1921,1850,-71
36885.jpg,1921,1920,-1
36890.jpg,1921,1920,-1
36895.jpg,1921,1930,9
36900.jpg,1921,1920,-1
36905.jpg,1921,1921,0
36910.jpg,1921,1900,-21
36920.jpg,1921,1920,-1
36925.jpg,1921,1922,1
36930.jpg,1921,1929,8
36935.jpg,1921,1920,-1
36940.jpg,1921,1900,-21
36945.jpg,1921,1920,-1
36950.jpg,1921,1915,-6
36955.jpg,1921,1900,-21
36960.jpg,1921,1920,-1
36965.jpg,1921,1930,9
36970.jpg,1922,1943,21
36975.jpg,1922,1900,-22
36980.jpg,1922,1913,-9
36985.jpg,1922,1940,18
36990.jpg,1922,1921,-1
36995.jpg,1922,1938,16
37000.jpg,1922,1980,58
37005.jpg,1922,1960,38
37010.jpg,1922,1921,-1
37015.jpg,1922,1937,15
37020.jpg,1922,1850,-72
37025.jpg,1922,1920,-2
37030.jpg,1922,1930,8
37045.jpg,1922,1910,-12
37050.jpg,1922,1900,-22
37055.jpg,1922,1925,3
37060.jpg,1922,1930,8
37065.jpg,1922,1928,6
37070.jpg,1922,1920,-2
37075.jpg,1922,1880,-42
37080.jpg,1922,1920,-2
37085.jpg,1922,1810,-112
37090.jpg,1922,1920,-2
37095.jpg,1922,1920,-2
37100.jpg,1922,1915,-7
37105.jpg,1922,1910,-12
37110.jpg,1922,1910,-12
37115.jpg,1922,1870,-52
37120.jpg,1922,1925,3
37125.jpg,1922,1910,-12
37130.jpg,1922,1925,3
37135.jpg,1922,1920,-2
37140.jpg,1922,1930,8
37145.jpg,1922,1910,-12
37150.jpg,1922,1750,-172
37155.jpg,1922,1910,-12
37160.jpg,1922,1910,-12
37165.jpg,1922,1920,-2
37170.jpg,1922,1930,8
37175.jpg,1922,1910,-12
37180.jpg,1922,1930,8
37185.jpg,1922,1920,-2
37190.jpg,1922,1915,-7
37195.jpg,1922,1900,-22
37200.jpg,1922,1920,-2
37205.jpg,1922,1910,-12
37210.jpg,1922,1930,8
37215.jpg,1922,1910,-12
37220.jpg,1922,1910,-12
37225.jpg,1922,2010,88
37230.jpg,1922,1910,-12
37235.jpg,1922,1910,-12
37240.jpg,1922,1910,-12
37245.jpg,1922,1910,-12
37250.jpg,1922,1920,-2
37255.jpg,1922,1970,48
37260.jpg,1922,1980,58
37270.jpg,1922,1920,-2
37275.jpg,1922,1925,3
37280.jpg,1922,1925,3
37285.jpg,1922,1975,53
37290.jpg,1922,1920,-2
37295.jpg,1922,1930,8
37300.jpg,1922,1880,-42
37305.jpg,1922,1928,6
37310.jpg,1923,1940,17
37315.jpg,1923,1930,7
37320.jpg,1923,1936,13
37330.jpg,1923,1929,6
37335.jpg,1923,1930,7
37340.jpg,1923,2009,86
37345.jpg,1923,2011,88
37355.jpg,1923,1920,-3
37360.jpg,1923,1920,-3
37365.jpg,1923,1925,2
37370.jpg,1923,1925,2
37375.jpg,1923,1920,-3
37380.jpg,1923,1920,-3
37385.jpg,1923,1925,2
37390.jpg,1923,1910,-13
37395.jpg,1923,1910,-13
37400.jpg,1923,1900,-23
37405.jpg,1923,1928,5
37410.jpg,1923,1913,-10
37415.jpg,1923,1910,-13
37420.jpg,1923,1924,1
37425.jpg,1923,1995,72
37430.jpg,1923,1912,-11
37435.jpg,1923,1927,4
37440.jpg,1923,1915,-8
37445.jpg,1923,1920,-3
37450.jpg,1923,1920,-3
37455.jpg,1923,1920,-3
37460.jpg,1923,1910,-13
37465.jpg,1923,1933,10
37470.jpg,1923,1994,71
37475.jpg,1923,1906,-17
37480.jpg,1923,1910,-13
37485.jpg,1923,1920,-3
37490.jpg,1923,1900,-23
37495.jpg,1923,1920,-3
37500.jpg,1923,1925,2
37505.jpg,1923,1930,7
37510.jpg,1923,1910,-13
37515.jpg,1923,1930,7
37520.jpg,1923,1900,-23
37525.jpg,1923,1910,-13
37530.jpg,1923,1925,2
37535.jpg,1923,1910,-13
37540.jpg,1923,1925,2
37545.jpg,1923,1925,2
37550.jpg,1923,1925,2
37555.jpg,1923,1925,2
37560.jpg,1923,1925,2
37565.jpg,1923,1780,-143
37570.jpg,1923,1925,2
37575.jpg,1923,1920,-3
37580.jpg,1923,1900,-23
37585.jpg,1923,1908,-15
37590.jpg,1923,1910,-13
37595.jpg,1923,1920,-3
37600.jpg,1923,1926,3
37605.jpg,1923,1910,-13
37610.jpg,1923,1938,15
37615.jpg,1923,1931,8
37620.jpg,1923,1910,-13
37625.jpg,1923,1930,7
37630.jpg,1923,1910,-13
37635.jpg,1923,1925,2
37640.jpg,1923,1900,-23
37645.jpg,1923,1870,-53
37650.jpg,1923,1910,-13
37655.jpg,1923,1930,7
37660.jpg,1923,1910,-13
37665.jpg,1923,1925,2
37670.jpg,1924,1921,-3
37675.jpg,1924,1929,5
37680.jpg,1924,1920,-4
37685.jpg,1924,1915,-9
37690.jpg,1924,1920,-4
37695.jpg,1924,1920,-4
37700.jpg,1924,1925,1
37705.jpg,1924,1929,5
37710.jpg,1924,1990,66
37715.jpg,1924,1925,1
37720.jpg,1924,1960,36
37725.jpg,1924,1930,6
37730.jpg,1924,1950,26
37735.jpg,1924,1925,1
37740.jpg,1924,1930,6
37745.jpg,1924,1928,4
37750.jpg,1924,1925,1
37755.jpg,1924,1920,-4
37760.jpg,1924,1920,-4
37765.jpg,1924,1910,-14
37770.jpg,1924,1930,6
37775.jpg,1924,1920,-4
37780.jpg,1924,1910,-14
37785.jpg,1924,1910,-14
37790.jpg,1924,1920,-4
37795.jpg,1924,1910,-14
37805.jpg,1924,1929,5
37810.jpg,1924,1931,7
37815.jpg,1924,1925,1
37820.jpg,1924,1870,-54
37825.jpg,1924,1925,1
37830.jpg,1924,1925,1
37835.jpg,1924,1930,6
37845.jpg,1924,1920,-4
37850.jpg,1924,1920,-4
37855.jpg,1924,1925,1
37860.jpg,1924,1912,-12
37865.jpg,1924,1883,-41
37870.jpg,1924,1910,-14
37875.jpg,1924,1990,66
37880.jpg,1924,1920,-4
37885.jpg,1924,1920,-4
37890.jpg,1924,1925,1
37895.jpg,1924,1925,1
37900.jpg,1924,1925,1
37905.jpg,1924,1910,-14
37910.jpg,1924,1925,1
37915.jpg,1924,1880,-44
37920.jpg,1924,1933,9
37925.jpg,1924,1910,-14
37930.jpg,1924,1928,4
37935.jpg,1924,1920,-4
37940.jpg,1924,1914,-10
37945.jpg,1924,1975,51
37950.jpg,1924,1903,-21
37955.jpg,1924,1900,-24
37960.jpg,1924,1980,56
37965.jpg,1924,1930,6
37970.jpg,1924,1900,-24
37975.jpg,1924,1915,-9
37980.jpg,1924,1910,-14
37985.jpg,1924,1960,36
37990.jpg,1924,1930,6
37995.jpg,1924,1920,-4
38000.jpg,1924,1924,0
38005.jpg,1924,1920,-4
38010.jpg,1924,1928,4
38015.jpg,1924,1920,-4
38020.jpg,1924,1804,-120
38025.jpg,1924,1920,-4
38030.jpg,1924,1920,-4
38035.jpg,1924,1932,8
38040.jpg,1924,1920,-4
38045.jpg,1924,1936,12
38050.jpg,1924,1910,-14
38055.jpg,1924,1920,-4
38060.jpg,1924,1880,-44
38065.jpg,1924,1920,-4
38070.jpg,1924,1920,-4
38075.jpg,1924,1930,6
38080.jpg,1925,1820,-105
38085.jpg,1925,1910,-15
38090.jpg,1925,1920,-5
38095.jpg,1925,1915,-10
38100.jpg,1925,1958,33
38105.jpg,1925,1925,0
38110.jpg,1925,1920,-5
38115.jpg,1925,1970,45
38120.jpg,1925,1960,35
38125.jpg,1925,1960,35
38130.jpg,1925,2018,93
38135.jpg,1925,1960,35
38140.jpg,1925,1924,-1
38145.jpg,1925,1924,-1
38150.jpg,1925,1910,-15
38155.jpg,1925,1920,-5
38160.jpg,1925,1939,14
38165.jpg,1925,1930,5
38170.jpg,1925,1920,-5
38175.jpg,1925,1940,15
38180.jpg,1925,1920,-5
38185.jpg,1925,1925,0
38190.jpg,1925,1930,5
38195.jpg,1925,1920,-5
38200.jpg,1925,1920,-5
38205.jpg,1925,1920,-5
38210.jpg,1925,1925,0
38215.jpg,1925,1930,5
38220.jpg,1925,1929,4
38225.jpg,1925,1928,3
38230.jpg,1925,1920,-5
38235.jpg,1925,1910,-15
38245.jpg,1925,1939,14
38255.jpg,1925,1920,-5
38260.jpg,1925,1930,5
38265.jpg,1925,1920,-5
38270.jpg,1925,1880,-45
38275.jpg,1925,1926,1
38280.jpg,1925,1920,-5
38285.jpg,1925,1930,5
38290.jpg,1925,1867,-58
38295.jpg,1925,1925,0
38300.jpg,1925,1900,-25
38305.jpg,1925,1930,5
38310.jpg,1925,1900,-25
38315.jpg,1925,1920,-5
38320.jpg,1925,1915,-10
38325.jpg,1925,1920,-5
38330.jpg,1925,1920,-5
38335.jpg,1925,1925,0
38340.jpg,1925,1925,0
38345.jpg,1925,1920,-5
38350.jpg,1925,1930,5
38355.jpg,1925,1925,0
38360.jpg,1925,1925,0
38365.jpg,1925,1910,-15
38370.jpg,1925,1910,-15
38375.jpg,1925,1925,0
38380.jpg,1925,1920,-5
38385.jpg,1925,1925,0
38390.jpg,1925,1920,-5
38395.jpg,1925,1925,0
38400.jpg,1925,1928,3
38405.jpg,1925,1930,5
38410.jpg,1925,1920,-5
38415.jpg,1925,1930,5
38420.jpg,1925,1920,-5
38425.jpg,1925,1907,-18
38435.jpg,1925,1924,-1
38440.jpg,1925,1925,0
38450.jpg,1925,1920,-5
38455.jpg,1925,1925,0
38460.jpg,1925,1930,5
38465.jpg,1925,1910,-15
38470.jpg,1925,1934,9
38475.jpg,1925,1920,-5
38480.jpg,1925,1910,-15
38490.jpg,1925,1931,6
38495.jpg,1925,1920,-5
38500.jpg,1925,1920,-5
38505.jpg,1925,1930,5
38510.jpg,1925,1920,-5
38515.jpg,1926,1915,-11
38520.jpg,1926,1917,-9
38525.jpg,1926,1927,1
38530.jpg,1926,1910,-16
38535.jpg,1926,1950,24
38540.jpg,1926,1910,-16
38545.jpg,1926,1880,-46
38550.jpg,1926,1914,-12
38555.jpg,1926,1925,-1
38560.jpg,1926,1990,64
38565.jpg,1926,1920,-6
38570.jpg,1926,1920,-6
38575.jpg,1926,1990,64
38580.jpg,1926,1930,4
38585.jpg,1926,1936,10
38590.jpg,1926,1950,24
38595.jpg,1926,1932,6
38600.jpg,1926,1900,-26
38605.jpg,1926,1970,44
38610.jpg,1926,1910,-16
38620.jpg,1926,1910,-16
38625.jpg,1926,1920,-6
38630.jpg,1926,1990,64
38635.jpg,1926,1920,-6
38640.jpg,1926,1920,-6
38645.jpg,1926,1930,4
38650.jpg,1926,1910,-16
38655.jpg,1926,1950,24
38660.jpg,1926,1930,4
38665.jpg,1926,1928,2
38670.jpg,1926,1917,-9
38675.jpg,1926,1930,4
38680.jpg,1926,1929,3
38685.jpg,1926,1929,3
38690.jpg,1926,1930,4
38695.jpg,1926,1931,5
38700.jpg,1926,1928,2
38705.jpg,1926,1900,-26
38710.jpg,1926,1904,-22
38715.jpg,1926,1920,-6
38720.jpg,1926,1910,-16
38725.jpg,1926,1910,-16
38730.jpg,1926,1927,1
38735.jpg,1926,1929,3
38740.jpg,1926,1939,13
38745.jpg,1926,1931,5
38750.jpg,1926,1926,0
38755.jpg,1926,1925,-1
38760.jpg,1926,1925,-1
38765.jpg,1926,1925,-1
38770.jpg,1926,1925,-1
38775.jpg,1926,1912,-14
38780.jpg,1926,1925,-1
38785.jpg,1926,1960,34
38790.jpg,1926,1925,-1
38795.jpg,1926,1925,-1
38800.jpg,1926,1920,-6
38805.jpg,1926,1930,4
38810.jpg,1926,1925,-1
38815.jpg,1926,1850,-76
38820.jpg,1926,1910,-16
38825.jpg,1926,1925,-1
38830.jpg,1926,1920,-6
38835.jpg,1926,1930,4
38840.jpg,1926,1930,4
38845.jpg,1926,1920,-6
38850.jpg,1926,1910,-16
38855.jpg,1926,1925,-1
38860.jpg,1926,1910,-16
38865.jpg,1926,1930,4
38870.jpg,1926,1925,-1
38875.jpg,1926,1920,-6
38880.jpg,1926,1933,7
38885.jpg,1926,1920,-6
38890.jpg,1926,1931,5
38895.jpg,1926,1819,-107
38905.jpg,1926,1900,-26
38910.jpg,1926,1929,3
38915.jpg,1926,1920,-6
38920.jpg,1926,1920,-6
38925.jpg,1926,1920,-6
38930.jpg,1926,1920,-6
38935.jpg,1926,1915,-11
38940.jpg,1926,1930,4
38945.jpg,1926,1912,-14
38950.jpg,1926,1956,30
38955.jpg,1926,1960,34
38960.jpg,1926,1925,-1
38965.jpg,1926,1925,-1
38970.jpg,1926,1925,-1
38975.jpg,1926,1910,-16
38980.jpg,1926,1954,28
38985.jpg,1926,1939,13
38990.jpg,1926,1932,6
38995.jpg,1927,1928,1
39000.jpg,1927,1920,-7
39005.jpg,1927,1925,-2
39010.jpg,1927,1920,-7
39020.jpg,1927,1920,-7
39025.jpg,1927,1900,-27
39030.jpg,1927,1925,-2
39035.jpg,1927,1920,-7
39040.jpg,1927,1910,-17
39045.jpg,1927,1920,-7
39050.jpg,1927,1920,-7
39055.jpg,1927,1929,2
39060.jpg,1927,1910,-17
39065.jpg,1927,1920,-7
39070.jpg,1927,1920,-7
39075.jpg,1927,1931,4
39080.jpg,1927,1920,-7
39085.jpg,1927,1970,43
39090.jpg,1927,1960,33
39110.jpg,1927,1980,53
39115.jpg,1927,1920,-7
39120.jpg,1927,1939,12
39125.jpg,1927,1920,-7
39130.jpg,1927,1930,3
39135.jpg,1927,1930,3
39140.jpg,1927,1915,-12
39145.jpg,1927,1930,3
39150.jpg,1927,1910,-17
39155.jpg,1927,1925,-2
39160.jpg,1927,1910,-17
39165.jpg,1927,1910,-17
39170.jpg,1927,1910,-17
39175.jpg,1927,1929,2
39180.jpg,1927,1920,-7
39185.jpg,1927,1920,-7
39190.jpg,1927,1928,1
39195.jpg,1927,1929,2
39200.jpg,1927,1928,1
39205.jpg,1927,1930,3
39210.jpg,1927,1920,-7
39215.jpg,1927,1932,5
39220.jpg,1927,1910,-17
39225.jpg,1927,1913,-14
39230.jpg,1927,1925,-2
39235.jpg,1927,1915,-12
39240.jpg,1927,1930,3
39245.jpg,1927,1925,-2
39250.jpg,1927,1930,3
39255.jpg,1927,1920,-7
39260.jpg,1927,1920,-7
39265.jpg,1927,1920,-7
39270.jpg,1927,1920,-7
39275.jpg,1927,1920,-7
39280.jpg,1927,1925,-2
39285.jpg,1927,1930,3
39290.jpg,1927,1930,3
39295.jpg,1927,1935,8
39300.jpg,1927,1925,-2
39305.jpg,1927,1930,3
39310.jpg,1927,1925,-2
39315.jpg,1927,1925,-2
39320.jpg,1927,1860,-67
39325.jpg,1927,1933,6
39330.jpg,1927,1925,-2
39335.jpg,1927,1915,-12
39340.jpg,1927,1925,-2
39345.jpg,1927,1910,-17
39350.jpg,1927,1900,-27
39355.jpg,1927,1910,-17
39360.jpg,1927,1925,-2
39365.jpg,1927,1974,47
39370.jpg,1927,1980,53
39375.jpg,1927,1930,3
39380.jpg,1927,1925,-2
39385.jpg,1927,1930,3
39390.jpg,1927,1927,0
39395.jpg,1927,1912,-15
39400.jpg,1927,1910,-17
39405.jpg,1927,1957,30
39410.jpg,1927,1920,-7
39415.jpg,1927,1928,1
39420.jpg,1927,1927,0
39425.jpg,1927,1920,-7
39430.jpg,1927,1910,-17
39435.jpg,1927,1920,-7
39440.jpg,1927,1920,-7
39445.jpg,1927,1900,-27
39450.jpg,1927,1890,-37
39455.jpg,1927,1928,1
39460.jpg,1927,1930,3
39465.jpg,1927,1846,-81
39470.jpg,1927,1910,-17
39475.jpg,1927,1924,-3
39480.jpg,1927,1928,1
39485.jpg,1927,1900,-27
39490.jpg,1927,1915,-12
39495.jpg,1927,1910,-17
39500.jpg,1927,1925,-2
39505.jpg,1927,1940,13
39510.jpg,1928,1920,-8
39515.jpg,1928,1920,-8
39520.jpg,1928,1920,-8
39525.jpg,1928,1928,0
39530.jpg,1928,1920,-8
39535.jpg,1928,1920,-8
39540.jpg,1928,1910,-18
39545.jpg,1928,1921,-7
39550.jpg,1928,1928,0
39555.jpg,1928,1920,-8
39560.jpg,1928,1928,0
39565.jpg,1928,1930,2
39570.jpg,1928,1931,3
39575.jpg,1928,1980,52
39580.jpg,1928,1910,-18
39585.jpg,1928,1912,-16
39590.jpg,1928,1929,1
39595.jpg,1928,1925,-3
39600.jpg,1928,1955,27
39605.jpg,1928,2018,90
39610.jpg,1928,1930,2
39615.jpg,1928,1970,42
39620.jpg,1928,1920,-8
39625.jpg,1928,1910,-18
39630.jpg,1928,1930,2
39635.jpg,1928,1910,-18
39640.jpg,1928,1920,-8
39645.jpg,1928,1925,-3
39650.jpg,1928,1920,-8
39655.jpg,1928,1925,-3
39660.jpg,1928,1925,-3
39665.jpg,1928,1930,2
39670.jpg,1928,1925,-3
39675.jpg,1928,1929,1
39680.jpg,1928,1910,-18
39685.jpg,1928,1929,1
39690.jpg,1928,1928,0
39695.jpg,1928,1931,3
39700.jpg,1928,1929,1
39705.jpg,1928,1938,10
39710.jpg,1928,1925,-3
39715.jpg,1928,1928,0
39720.jpg,1928,1920,-8
39725.jpg,1928,1910,-18
39730.jpg,1928,1930,2
39735.jpg,1928,1900,-28
39740.jpg,1928,1974,46
39745.jpg,1928,1930,2
39750.jpg,1928,1957,29
39755.jpg,1928,1926,-2
39760.jpg,1928,1860,-68
39765.jpg,1928,1966,38
39770.jpg,1928,1750,-178
39775.jpg,1928,1925,-3
39780.jpg,1928,1900,-28
39785.jpg,1928,1925,-3
39790.jpg,1928,1925,-3
39795.jpg,1928,1920,-8
39800.jpg,1928,1910,-18
39805.jpg,1928,1930,2
39810.jpg,1928,1930,2
39815.jpg,1928,1925,-3
39820.jpg,1928,1910,-18
39825.jpg,1928,1925,-3
39830.jpg,1928,1930,2
39835.jpg,1928,1920,-8
39840.jpg,1928,1920,-8
39845.jpg,1928,1910,-18
39850.jpg,1928,1940,12
39855.jpg,1928,1925,-3
39860.jpg,1928,1925,-3
39865.jpg,1928,1870,-58
39870.jpg,1928,1910,-18
39875.jpg,1928,1925,-3
39880.jpg,1928,1930,2
39885.jpg,1928,1920,-8
39890.jpg,1928,1920,-8
39895.jpg,1928,2000,72
39900.jpg,1928,1993,65
39905.jpg,1928,1910,-18
39910.jpg,1928,1935,7
39915.jpg,1928,1830,-98
39920.jpg,1928,1910,-18
39925.jpg,1928,1940,12
39930.jpg,1928,1936,8
39935.jpg,1928,1930,2
39940.jpg,1928,1938,10
39945.jpg,1928,1930,2
39950.jpg,1928,1920,-8
39955.jpg,1928,1870,-58
39960.jpg,1928,1910,-18
39965.jpg,1928,1929,1
39970.jpg,1928,1905,-23
39975.jpg,1928,1900,-28
39980.jpg,1928,1930,2
39985.jpg,1928,1930,2
39990.jpg,1928,1930,2
39995.jpg,1928,1925,-3
40000.jpg,1928,1920,-8
40010.jpg,1928,1930,2
40015.jpg,1928,1930,2
40020.jpg,1928,1912,-16
40025.jpg,1928,1930,2
40030.jpg,1928,1928,0
40035.jpg,1928,1910,-18
40040.jpg,1928,1925,-3
40045.jpg,1929,1953,24
40050.jpg,1929,1929,0
40055.jpg,1929,1930,1
40060.jpg,1929,1920,-9
40065.jpg,1929,1910,-19
40070.jpg,1929,1913,-16
40075.jpg,1929,1920,-9
40080.jpg,1929,1898,-31
40095.jpg,1929,1928,-1
40105.jpg,1929,1925,-4
40110.jpg,1929,1910,-19
40115.jpg,1929,1920,-9
40120.jpg,1929,1910,-19
40125.jpg,1929,1930,1
40130.jpg,1929,1920,-9
40135.jpg,1929,1925,-4
40140.jpg,1929,1925,-4
40145.jpg,1929,1939,10
40150.jpg,1929,1928,-1
40155.jpg,1929,1925,-4
40160.jpg,1929,1957,28
40165.jpg,1929,1929,0
40170.jpg,1929,1929,0
40175.jpg,1929,1929,0
40180.jpg,1929,1930,1
40185.jpg,1929,1928,-1
40190.jpg,1929,1930,1
40195.jpg,1929,1929,0
40200.jpg,1929,1928,-1
40205.jpg,1929,1953,24
40210.jpg,1929,1931,2
40215.jpg,1929,1918,-11
40220.jpg,1929,1930,1
40225.jpg,1929,1925,-4
40230.jpg,1929,1910,-19
40235.jpg,1929,1920,-9
40240.jpg,1929,1910,-19
40245.jpg,1929,1920,-9
40250.jpg,1929,1970,41
40255.jpg,1929,1925,-4
40260.jpg,1929,1900,-29
40265.jpg,1929,1900,-29
40270.jpg,1929,1929,0
40275.jpg,1929,1910,-19
40280.jpg,1929,1930,1
40285.jpg,1929,1925,-4
40290.jpg,1929,142,-1787
40295.jpg,1929,1930,1
40305.jpg,1929,1928,-1
40310.jpg,1929,1929,0
40315.jpg,1929,1925,-4
40320.jpg,1929,1910,-19
40325.jpg,1929,1920,-9
40330.jpg,1929,1910,-19
40335.jpg,1929,1880,-49
40340.jpg,1929,1975,46
40345.jpg,1929,1930,1
40350.jpg,1929,1872,-57
40355.jpg,1929,1925,-4
40360.jpg,1929,1925,-4
40365.jpg,1929,1920,-9
40370.jpg,1929,1900,-29
40375.jpg,1929,1925,-4
40380.jpg,1929,1900,-29
40385.jpg,1929,1930,1
40390.jpg,1929,1925,-4
40395.jpg,1929,1930,1
40400.jpg,1929,1920,-9
40405.jpg,1929,1923,-6
40410.jpg,1929,1928,-1
40415.jpg,1929,1930,1
40420.jpg,1929,1928,-1
40425.jpg,1929,1910,-19
40430.jpg,1929,1900,-29
40435.jpg,1929,1930,1
40440.jpg,1929,1901,-28
40450.jpg,1929,1910,-19
40455.jpg,1929,1920,-9
40460.jpg,1929,1920,-9
40465.jpg,1929,1910,-19
40470.jpg,1929,1930,1
40475.jpg,1929,1920,-9
40480.jpg,1929,1928,-1
40485.jpg,1929,1925,-4
40490.jpg,1929,1930,1
40495.jpg,1929,1930,1
40500.jpg,1929,1928,-1
40505.jpg,1929,1960,31
40510.jpg,1929,1920,-9
40515.jpg,1929,1929,0
40520.jpg,1929,1925,-4
40525.jpg,1929,1750,-179
40530.jpg,1929,1920,-9
40535.jpg,1929,1920,-9
40540.jpg,1930,1920,-10
40545.jpg,1930,1929,-1
40550.jpg,1930,1920,-10
40555.jpg,1930,1940,10
40560.jpg,1930,1998,68
40565.jpg,1930,1986,56
40570.jpg,1930,1910,-20
40575.jpg,1930,1910,-20
40580.jpg,1930,1910,-20
40585.jpg,1930,1925,-5
40590.jpg,1930,1925,-5
40595.jpg,1930,1925,-5
40600.jpg,1930,1925,-5
40605.jpg,1930,1930,0
40610.jpg,1930,1910,-20
40615.jpg,1930,1930,0
40620.jpg,1930,1928,-2
40625.jpg,1930,1930,0
40630.jpg,1930,1930,0
40635.jpg,1930,1920,-10
40640.jpg,1930,1920,-10
40645.jpg,1930,1950,20
40650.jpg,1930,1939,9
40655.jpg,1930,1930,0
40660.jpg,1930,1930,0
40665.jpg,1930,1900,-30
40670.jpg,1930,2007,77
40675.jpg,1930,1873,-57
40680.jpg,1930,1910,-20
40685.jpg,1930,1925,-5
40690.jpg,1930,1930,0
40695.jpg,1930,1910,-20
40700.jpg,1930,1925,-5
40705.jpg,1930,1932,2
40710.jpg,1930,1913,-17
40715.jpg,1930,1930,0
40720.jpg,1930,1900,-30
40725.jpg,1930,1925,-5
40730.jpg,1930,1920,-10
40735.jpg,1930,1925,-5
40740.jpg,1930,1920,-10
40745.jpg,1930,1930,0
40750.jpg,1930,1930,0
40755.jpg,1930,1930,0
40760.jpg,1930,1930,0
40765.jpg,1930,1930,0
40770.jpg,1930,1920,-10
40775.jpg,1930,1914,-16
40780.jpg,1930,2005,75
40785.jpg,1930,1938,8
40790.jpg,1930,1930,0
40795.jpg,1930,1925,-5
40800.jpg,1930,1920,-10
40805.jpg,1930,1920,-10
40810.jpg,1930,1920,-10
40815.jpg,1930,1930,0
40820.jpg,1930,1931,1
40825.jpg,1930,1953,23
40830.jpg,1930,1929,-1
40835.jpg,1930,1930,0
40840.jpg,1930,1900,-30
40845.jpg,1930,1929,-1
40850.jpg,1930,1928,-2
40855.jpg,1930,1929,-1
40860.jpg,1930,1925,-5
40865.jpg,1930,1925,-5
40870.jpg,1930,1937,7
40875.jpg,1930,1928,-2
40885.jpg,1930,1930,0
40890.jpg,1930,1920,-10
40895.jpg,1930,1930,0
40900.jpg,1930,1930,0
40905.jpg,1930,1930,0
40910.jpg,1930,1930,0
40915.jpg,1930,1925,-5
40920.jpg,1930,1925,-5
40925.jpg,1930,1931,1
40930.jpg,1930,1920,-10
40935.jpg,1930,1935,5
40940.jpg,1930,1920,-10
40950.jpg,1930,1925,-5
40960.jpg,1930,1930,0
40965.jpg,1931,1970,39
40970.jpg,1931,1900,-31
40975.jpg,1931,1930,-1
40980.jpg,1931,1930,-1
40985.jpg,1931,1921,-10
40990.jpg,1931,1930,-1
40995.jpg,1931,1930,-1
41000.jpg,1931,1928,-3
41005.jpg,1931,1919,-12
41010.jpg,1931,1974,43
41015.jpg,1931,1960,29
41020.jpg,1931,1930,-1
41025.jpg,1931,1983,52
41030.jpg,1931,1970,39
41035.jpg,1931,1930,-1
41040.jpg,1931,1930,-1
41045.jpg,1931,1950,19
41050.jpg,1931,1910,-21
41055.jpg,1931,1930,-1
41060.jpg,1931,1930,-1
41065.jpg,1931,1920,-11
41070.jpg,1931,1930,-1
41075.jpg,1931,1930,-1
41080.jpg,1931,1928,-3
41085.jpg,1931,1929,-2
41095.jpg,1931,1931,0
41100.jpg,1931,1929,-2
41105.jpg,1931,1931,0
41110.jpg,1931,1930,-1
41115.jpg,1931,1939,8
41120.jpg,1931,1915,-16
41125.jpg,1931,1930,-1
41130.jpg,1931,1990,59
41135.jpg,1931,1930,-1
41140.jpg,1931,1900,-31
41150.jpg,1931,1903,-28
41155.jpg,1931,1700,-231
41160.jpg,1931,1939,8
41165.jpg,1931,1900,-31
41170.jpg,1931,2005,74
41175.jpg,1931,1910,-21
41180.jpg,1931,1930,-1
41185.jpg,1931,1925,-6
41190.jpg,1931,1925,-6
41195.jpg,1931,1925,-6
41200.jpg,1931,1920,-11
41205.jpg,1931,1920,-11
41210.jpg,1931,1930,-1
41215.jpg,1931,1900,-31
41220.jpg,1931,1910,-21
41225.jpg,1931,1890,-41
41230.jpg,1931,1936,5
41235.jpg,1931,1980,49
41240.jpg,1931,1910,-21
41245.jpg,1931,1888,-43
41250.jpg,1931,1920,-11
41255.jpg,1931,1930,-1
41260.jpg,1931,1910,-21
41265.jpg,1931,1931,0
41270.jpg,1931,1920,-11
41275.jpg,1931,1930,-1
41280.jpg,1931,1930,-1
41285.jpg,1931,1920,-11
41290.jpg,1931,1930,-1
41295.jpg,1931,1980,49
41305.jpg,1931,1935,4
41310.jpg,1932,1925,-7
41320.jpg,1932,1932,0
41325.jpg,1932,1930,-2
41330.jpg,1932,1925,-7
41340.jpg,1932,1930,-2
41345.jpg,1932,1925,-7
41350.jpg,1932,1920,-12
41355.jpg,1932,1925,-7
41360.jpg,1932,1940,8
41365.jpg,1932,1910,-22
41370.jpg,1932,1930,-2
41375.jpg,1932,1929,-3
41380.jpg,1932,1931,-1
41385.jpg,1932,1929,-3
41390.jpg,1932,1930,-2
41395.jpg,1932,1930,-2
41400.jpg,1932,1959,27
41405.jpg,1932,1915,-17
41410.jpg,1932,1900,-32
41415.jpg,1932,1932,0
41420.jpg,1932,1850,-82
41425.jpg,1932,1914,-18
41430.jpg,1932,1925,-7
41435.jpg,1932,1920,-12
41440.jpg,1932,1990,58
41445.jpg,1932,1928,-4
41450.jpg,1932,1975,43
41455.jpg,1932,1750,-182
41460.jpg,1932,1768,-164
41465.jpg,1932,1925,-7
41470.jpg,1932,1920,-12
41475.jpg,1932,1910,-22
41480.jpg,1932,1932,0
41485.jpg,1932,1932,0
41490.jpg,1932,1966,34
41495.jpg,1932,1932,0
41500.jpg,1932,1998,66
41505.jpg,1932,1940,8
41510.jpg,1932,1933,1
41515.jpg,1932,1937,5
41520.jpg,1932,1930,-2
41525.jpg,1932,1920,-12
41530.jpg,1932,1930,-2
41535.jpg,1932,1930,-2
41540.jpg,1932,1937,5
41545.jpg,1932,1930,-2
41550.jpg,1932,2005,73
41555.jpg,1932,1927,-5
41560.jpg,1932,1900,-32
41565.jpg,1932,1925,-7
41570.jpg,1933,1900,-33
41575.jpg,1933,1900,-33
41580.jpg,1933,1840,-93
41585.jpg,1933,1960,27
41590.jpg,1933,1970,37
41595.jpg,1933,1933,0
41600.jpg,1933,1910,-23
41605.jpg,1933,1929,-4
41610.jpg,1933,1928,-5
41615.jpg,1933,1911,-22
41620.jpg,1933,1900,-33
41625.jpg,1933,1950,17
41630.jpg,1933,1937,4
41635.jpg,1933,1920,-13
41640.jpg,1933,1729,-204
41645.jpg,1933,1870,-63
41650.jpg,1933,1917,-16
41655.jpg,1933,1900,-33
41660.jpg,1933,1939,6
41665.jpg,1933,1935,2
41670.jpg,1933,1930,-3
41675.jpg,1933,1938,5
41680.jpg,1933,1939,6
41685.jpg,1933,1906,-27
41690.jpg,1933,1933,0
41695.jpg,1933,1930,-3
41700.jpg,1933,1925,-8
41705.jpg,1933,1938,5
41710.jpg,1933,1938,5
41715.jpg,1933,1930,-3
41720.jpg,1933,1880,-53
41725.jpg,1933,1930,-3
41730.jpg,1933,1930,-3
41745.jpg,1933,1820,-113
41750.jpg,1933,1937,4
41755.jpg,1933,1930,-3
41760.jpg,1933,2010,77
41765.jpg,1933,1935,2
41770.jpg,1933,1928,-5
41775.jpg,1933,1930,-3
41780.jpg,1933,1790,-143
41785.jpg,1933,1900,-33
41790.jpg,1933,1910,-23
41795.jpg,1933,1931,-2
41800.jpg,1933,1920,-13
41805.jpg,1933,1929,-4
41810.jpg,1933,1930,-3
41815.jpg,1933,1910,-23
41820.jpg,1933,1930,-3
41825.jpg,1933,1930,-3
41830.jpg,1933,1931,-2
41835.jpg,1934,1850,-84
41840.jpg,1934,1934,0
41845.jpg,1934,1965,31
41850.jpg,1934,1930,-4
41855.jpg,1934,1950,16
41860.jpg,1934,1995,61
41865.jpg,1934,1990,56
41870.jpg,1934,2008,74
41875.jpg,1934,1935,1
41880.jpg,1934,1940,6
41885.jpg,1934,1925,-9
41890.jpg,1934,1925,-9
41895.jpg,1934,2022,88
41900.jpg,1934,1925,-9
41905.jpg,1934,1912,-22
41910.jpg,1934,1930,-4
41915.jpg,1934,1950,16
41920.jpg,1934,1970,36
41925.jpg,1934,1932,-2
41930.jpg,1934,1939,5
41935.jpg,1934,1925,-9
41940.jpg,1934,1925,-9
41945.jpg,1934,1914,-20
41950.jpg,1934,1930,-4
41955.jpg,1934,1925,-9
41960.jpg,1934,1935,1
41965.jpg,1934,1910,-24
41970.jpg,1934,1658,-276
41975.jpg,1934,2003,69
41980.jpg,1934,1930,-4
41985.jpg,1934,1930,-4
41990.jpg,1934,1930,-4
41995.jpg,1934,1930,-4
42000.jpg,1934,1920,-14
42005.jpg,1934,1920,-14
42010.jpg,1935,1995,60
42015.jpg,1935,1900,-35
42020.jpg,1935,1936,1
42025.jpg,1935,1934,-1
42035.jpg,1935,1993,58
42040.jpg,1935,1993,58
42045.jpg,1935,1937,2
42050.jpg,1935,1925,-10
42060.jpg,1935,1930,-5
42065.jpg,1935,1990,55
42070.jpg,1935,1930,-5
42075.jpg,1935,1930,-5
42080.jpg,1935,1939,4
42085.jpg,1935,1875,-60
42090.jpg,1935,1955,20
42095.jpg,1935,1866,-69
42100.jpg,1935,1900,-35
42105.jpg,1935,1874,-61
42110.jpg,1935,1930,-5
42115.jpg,1935,1900,-35
42120.jpg,1935,1950,15
42125.jpg,1935,1925,-10
42130.jpg,1935,1920,-15
42135.jpg,1935,1930,-5
42140.jpg,1935,1920,-15
42145.jpg,1935,1783,-152
42150.jpg,1935,1840,-95
42155.jpg,1935,1820,-115
42160.jpg,1935,1920,-15
42165.jpg,1935,1930,-5
42170.jpg,1935,1930,-5
42175.jpg,1935,1995,60
42180.jpg,1935,1910,-25
42185.jpg,1935,1960,25
42190.jpg,1935,1912,-23
42195.jpg,1935,1915,-20
42200.jpg,1935,2000,65
42205.jpg,1935,1930,-5
42210.jpg,1935,1935,0
42215.jpg,1935,1910,-25
42220.jpg,1935,1930,-5
42225.jpg,1935,1938,3
42230.jpg,1935,1936,1
42235.jpg,1935,1933,-2
42240.jpg,1935,1925,-10
42250.jpg,1935,1930,-5
42255.jpg,1935,1930,-5
42260.jpg,1935,1930,-5
42265.jpg,1935,1930,-5
42270.jpg,1935,1935,0
42275.jpg,1935,1920,-15
42280.jpg,1935,1955,20
42285.jpg,1935,1935,0
42290.jpg,1935,1950,15
42295.jpg,1936,1920,-16
42300.jpg,1936,1960,24
42305.jpg,1936,1940,4
42310.jpg,1936,1930,-6
42315.jpg,1936,1930,-6
42320.jpg,1936,2010,74
42325.jpg,1936,1960,24
42330.jpg,1936,2017,81
42335.jpg,1936,1978,42
42340.jpg,1936,1930,-6
42345.jpg,1936,1939,3
42350.jpg,1936,1920,-16
42355.jpg,1936,1930,-6
42360.jpg,1936,1930,-6
42365.jpg,1936,1921,-15
42370.jpg,1936,1910,-26
42375.jpg,1936,1930,-6
42380.jpg,1936,1965,29
42385.jpg,1936,1930,-6
42390.jpg,1936,2020,84
42395.jpg,1936,1940,4
42400.jpg,1936,1960,24
42405.jpg,1936,1910,-26
42410.jpg,1936,1970,34
42415.jpg,1936,1935,-1
42420.jpg,1936,1932,-4
42425.jpg,1936,1874,-62
42430.jpg,1936,1925,-11
42435.jpg,1936,1940,4
42440.jpg,1936,1930,-6
42445.jpg,1936,1910,-26
42450.jpg,1936,1920,-16
42455.jpg,1936,1950,14
42460.jpg,1936,1930,-6
42465.jpg,1936,1938,2
42470.jpg,1936,1965,29
42475.jpg,1936,1920,-16
42480.jpg,1936,1900,-36
42485.jpg,1936,1885,-51
42490.jpg,1936,1935,-1
42495.jpg,1936,1939,3
42500.jpg,1936,1940,4
42505.jpg,1936,1940,4
42510.jpg,1936,1930,-6
42515.jpg,1936,1930,-6
42520.jpg,1936,1930,-6
42525.jpg,1936,1920,-16
42530.jpg,1936,1950,14
42535.jpg,1936,1936,0
42540.jpg,1936,1907,-29
42545.jpg,1936,1935,-1
42550.jpg,1936,1939,3
42555.jpg,1936,1910,-26
42560.jpg,1936,1935,-1
42565.jpg,1936,1930,-6
42570.jpg,1936,1930,-6
42575.jpg,1936,1930,-6
42585.jpg,1936,1935,-1
42595.jpg,1936,1930,-6
42600.jpg,1936,1937,1
42610.jpg,1937,1931,-6
42615.jpg,1937,1930,-7
42620.jpg,1937,1931,-6
42625.jpg,1937,1930,-7
42630.jpg,1937,2000,63
42635.jpg,1937,1938,1
42640.jpg,1937,1999,62
42645.jpg,1937,1932,-5
42650.jpg,1937,1929,-8
42655.jpg,1937,2010,73
42660.jpg,1937,1930,-7
42665.jpg,1937,1920,-17
42670.jpg,1937,1900,-37
42675.jpg,1937,1910,-27
42680.jpg,1937,1950,13
42685.jpg,1937,1930,-7
42690.jpg,1937,1930,-7
42695.jpg,1937,1940,3
42700.jpg,1937,1940,3
42705.jpg,1937,1930,-7
42710.jpg,1937,1930,-7
42715.jpg,1937,1935,-2
42720.jpg,1937,1930,-7
42725.jpg,1937,1880,-57
42730.jpg,1937,1920,-17
42735.jpg,1937,1960,23
42740.jpg,1937,1937,0
42745.jpg,1937,1920,-17
42750.jpg,1937,1960,23
42755.jpg,1937,1945,8
42765.jpg,1937,1930,-7
42770.jpg,1937,1985,48
42775.jpg,1937,1930,-7
42780.jpg,1937,1910,-27
42785.jpg,1937,1909,-28
42790.jpg,1937,1920,-17
42795.jpg,1937,1938,1
42800.jpg,1937,1935,-2
42805.jpg,1937,1930,-7
42810.jpg,1937,1925,-12
42815.jpg,1937,1920,-17
42820.jpg,1937,1995,58
42825.jpg,1937,1900,-37
42830.jpg,1937,1943,6
42835.jpg,1937,1930,-7
42840.jpg,1937,1930,-7
42845.jpg,1937,1935,-2
42850.jpg,1937,1910,-27
42855.jpg,1937,1934,-3
42860.jpg,1937,1910,-27
42865.jpg,1937,1960,23
42870.jpg,1937,1950,13
42875.jpg,1937,1930,-7
42880.jpg,1937,1920,-17
42885.jpg,1937,1938,1
42890.jpg,1937,1930,-7
42895.jpg,1937,1930,-7
42900.jpg,1937,1935,-2
42905.jpg,1937,1940,3
42910.jpg,1937,1902,-35
42915.jpg,1938,1965,27
42920.jpg,1938,1940,2
42925.jpg,1938,1919,-19
42930.jpg,1938,1930,-8
42935.jpg,1938,1910,-28
42940.jpg,1938,1990,52
42945.jpg,1938,2014,76
42950.jpg,1938,1970,32
42955.jpg,1938,1930,-8
42960.jpg,1938,1938,0
42965.jpg,1938,1935,-3
42970.jpg,1938,1910,-28
42975.jpg,1938,1925,-13
42980.jpg,1938,1930,-8
42985.jpg,1938,1920,-18
42990.jpg,1938,1930,-8
42995.jpg,1938,1940,2
43000.jpg,1938,1930,-8
43005.jpg,1938,1910,-28
43010.jpg,1938,1910,-28
43015.jpg,1938,1910,-28
43020.jpg,1938,1870,-68
43025.jpg,1938,1952,14
43030.jpg,1938,1930,-8
43035.jpg,1938,1930,-8
43040.jpg,1938,1935,-3
43045.jpg,1938,1933,-5
43050.jpg,1938,1930,-8
43055.jpg,1938,1930,-8
43060.jpg,1938,1955,17
43065.jpg,1938,1910,-28
43070.jpg,1938,1990,52
43075.jpg,1938,1975,37
43080.jpg,1938,1951,13
43085.jpg,1938,1930,-8
43090.jpg,1938,1970,32
43095.jpg,1938,1910,-28
43100.jpg,1938,1972,34
43105.jpg,1938,1939,1
43110.jpg,1938,1938,0
43115.jpg,1938,1932,-6
43120.jpg,1938,1930,-8
43125.jpg,1938,1915,-23
43130.jpg,1938,1935,-3
43135.jpg,1938,1910,-28
43140.jpg,1938,1960,22
43145.jpg,1938,1935,-3
43150.jpg,1938,1882,-56
43155.jpg,1938,1930,-8
43160.jpg,1938,1936,-2
43165.jpg,1938,1938,0
43170.jpg,1938,1938,0
43175.jpg,1938,1959,21
43185.jpg,1938,1937,-1
43190.jpg,1938,1930,-8
43195.jpg,1938,1938,0
43200.jpg,1938,1930,-8
43210.jpg,1939,1936,-3
43215.jpg,1939,1938,-1
43220.jpg,1939,1920,-19
43225.jpg,1939,1900,-39
43235.jpg,1939,2005,66
43245.jpg,1939,1930,-9
43250.jpg,1939,1990,51
43255.jpg,1939,1980,41
43260.jpg,1939,1928,-11
43270.jpg,1939,1930,-9
43275.jpg,1939,1925,-14
43280.jpg,1939,1900,-39
43285.jpg,1939,1930,-9
43290.jpg,1939,1930,-9
43295.jpg,1939,1930,-9
43300.jpg,1939,1930,-9
43305.jpg,1939,1956,17
43310.jpg,1939,1935,-4
43315.jpg,1939,1920,-19
43320.jpg,1939,1930,-9
43325.jpg,1939,1930,-9
43330.jpg,1939,1965,26
43335.jpg,1939,1957,18
43340.jpg,1939,1986,47
43345.jpg,1939,1920,-19
43350.jpg,1939,1990,51
43360.jpg,1939,1920,-19
43365.jpg,1939,1850,-89
43370.jpg,1939,1910,-29
43375.jpg,1939,1890,-49
43380.jpg,1939,1951,12
43385.jpg,1939,1939,0
43390.jpg,1939,1935,-4
43395.jpg,1939,1955,16
43400.jpg,1939,2006,67
43405.jpg,1939,2006,67
43410.jpg,1939,1937,-2
43415.jpg,1939,1930,-9
43420.jpg,1939,1939,0
43425.jpg,1939,1930,-9
43430.jpg,1939,1880,-59
43435.jpg,1939,1939,0
43440.jpg,1939,1930,-9
43445.jpg,1939,1960,21
43450.jpg,1939,1930,-9
43455.jpg,1939,1939,0
43460.jpg,1939,1900,-39
43465.jpg,1939,1910,-29
43470.jpg,1940,1930,-10
43475.jpg,1940,1939,-1
43480.jpg,1940,1930,-10
43485.jpg,1940,1930,-10
43490.jpg,1940,1950,10
43495.jpg,1940,1960,20
43500.jpg,1940,1940,0
43505.jpg,1940,2019,79
43510.jpg,1940,1920,-20
43515.jpg,1940,1930,-10
43520.jpg,1940,1930,-10
43525.jpg,1940,1910,-30
43530.jpg,1940,1920,-20
43535.jpg,1940,1930,-10
43540.jpg,1940,1930,-10
43545.jpg,1940,1960,20
43550.jpg,1940,1920,-20
43555.jpg,1940,1935,-5
43560.jpg,1940,1939,-1
43565.jpg,1940,1930,-10
43570.jpg,1940,1940,0
43575.jpg,1940,1930,-10
43580.jpg,1940,1900,-40
43585.jpg,1940,1939,-1
43590.jpg,1940,1936,-4
43595.jpg,1940,1990,50
43600.jpg,1940,1938,-2
43605.jpg,1940,1938,-2
43610.jpg,1940,1900,-40
43615.jpg,1940,1910,-30
43620.jpg,1940,1940,0
43625.jpg,1940,1930,-10
43630.jpg,1940,1931,-9
43635.jpg,1940,1932,-8
43640.jpg,1940,1920,-20
43645.jpg,1940,1930,-10
43650.jpg,1940,1930,-10
43655.jpg,1940,1952,12
43660.jpg,1940,1955,15
43665.jpg,1940,1930,-10
43670.jpg,1940,1925,-15
43675.jpg,1940,1955,15
43680.jpg,1940,1932,-8
43685.jpg,1940,1940,0
43700.jpg,1940,1920,-20
43705.jpg,1940,1930,-10
43710.jpg,1940,1938,-2
43715.jpg,1940,1930,-10
43720.jpg,1941,1940,-1
43725.jpg,1941,1940,-1
43730.jpg,1941,2010,69
43735.jpg,1941,1999,58
43740.jpg,1941,2015,74
43745.jpg,1941,1930,-11
43750.jpg,1941,1930,-11
43755.jpg,1941,1931,-10
43760.jpg,1941,1930,-11
43765.jpg,1941,1850,-91
43770.jpg,1941,1930,-11
43775.jpg,1941,1930,-11
43780.jpg,1941,1930,-11
43785.jpg,1941,1930,-11
43790.jpg,1941,1930,-11
43795.jpg,1941,1960,19
43800.jpg,1941,1900,-41
43805.jpg,1941,1850,-91
43810.jpg,1941,1950,9
43815.jpg,1941,1955,14
43820.jpg,1941,1930,-11
43825.jpg,1941,1940,-1
43830.jpg,1941,1939,-2
43835.jpg,1941,1965,24
43840.jpg,1941,2011,70
43845.jpg,1941,1932,-9
43850.jpg,1941,1940,-1
43855.jpg,1941,1920,-21
43860.jpg,1941,1937,-4
43865.jpg,1942,1935,-7
43870.jpg,1942,1934,-8
43875.jpg,1942,1940,-2
43880.jpg,1942,1920,-22
43885.jpg,1942,1940,-2
43890.jpg,1942,1950,8
43895.jpg,1942,1935,-7
43900.jpg,1942,1910,-32
43905.jpg,1942,1935,-7
43910.jpg,1942,1950,8
43915.jpg,1942,1780,-162
43920.jpg,1942,1960,18
43925.jpg,1942,2000,58
43930.jpg,1942,1942,0
43935.jpg,1942,1910,-32
43940.jpg,1942,1920,-22
43945.jpg,1942,1960,18
43950.jpg,1942,1920,-22
43955.jpg,1942,1900,-42
43960.jpg,1943,1930,-13
43965.jpg,1943,1970,27
43970.jpg,1943,1990,47
43975.jpg,1943,1935,-8
43980.jpg,1943,1943,0
43985.jpg,1943,1939,-4
43990.jpg,1943,1970,27
43995.jpg,1943,1930,-13
44000.jpg,1943,1930,-13
44005.jpg,1943,1980,37
44010.jpg,1943,1980,37
44015.jpg,1943,1939,-4
44020.jpg,1943,1920,-23
44025.jpg,1943,1960,17
44030.jpg,1944,1930,-14
44035.jpg,1944,1955,11
44040.jpg,1944,1958,14
44045.jpg,1944,1927,-17
44050.jpg,1944,1840,-104
44055.jpg,1944,1940,-4
44060.jpg,1945,1890,-55
44065.jpg,1945,1930,-15
44075.jpg,1945,1970,25
44080.jpg,1945,1937,-8
44090.jpg,1945,1925,-20
44095.jpg,1945,1920,-25
44100.jpg,1945,1972,27
44105.jpg,1945,1930,-15
44110.jpg,1945,1930,-15
44115.jpg,1946,1958,12
44120.jpg,1946,1998,52
44125.jpg,1946,1960,14
44130.jpg,1946,2000,54
44135.jpg,1946,1929,-17
44140.jpg,1946,1960,14
44145.jpg,1946,1930,-16
44150.jpg,1946,1880,-66
44155.jpg,1946,1930,-16
44160.jpg,1946,2000,54
44165.jpg,1946,1939,-7
44170.jpg,1946,1975,29
44175.jpg,1947,1941,-6
44180.jpg,1947,1940,-7
44185.jpg,1947,1750,-197
44190.jpg,1947,1950,3
44195.jpg,1947,1959,12
44200.jpg,1947,1960,13
44205.jpg,1947,1960,13
44210.jpg,1947,1970,23
44215.jpg,1947,1925,-22
44220.jpg,1947,1930,-17
44230.jpg,1947,1925,-22
44240.jpg,1947,1940,-7
44245.jpg,1947,1935,-12
44250.jpg,1947,1930,-17
44255.jpg,1947,2005,58
44260.jpg,1947,1910,-37
44270.jpg,1947,1950,3
44275.jpg,1947,1930,-17
44280.jpg,1947,1940,-7
44285.jpg,1948,1947,-1
44290.jpg,1948,1900,-48
44295.jpg,1948,1982,34
44300.jpg,1948,1930,-18
44305.jpg,1948,1969,21
44310.jpg,1948,1927,-21
44315.jpg,1948,2017,69
44320.jpg,1948,1980,32
44325.jpg,1948,1940,-8
44330.jpg,1948,1965,17
44335.jpg,1948,1910,-38
44340.jpg,1948,1903,-45
44345.jpg,1948,1965,17
44350.jpg,1948,1938,-10
44355.jpg,1948,1965,17
44360.jpg,1948,1955,7
44365.jpg,1948,1935,-13
44370.jpg,1948,1900,-48
44375.jpg,1948,1920,-28
44380.jpg,1948,1970,22
44385.jpg,1948,1969,21
44390.jpg,1948,1948,0
44395.jpg,1948,1930,-18
44400.jpg,1949,1816,-133
44405.jpg,1949,1980,31
44410.jpg,1949,1930,-19
44415.jpg,1949,2005,56
44420.jpg,1949,1996,47
44425.jpg,1949,1995,46
44430.jpg,1949,1960,11
44435.jpg,1949,1950,1
44440.jpg,1949,1980,31
44445.jpg,1949,1965,16
44450.jpg,1949,1925,-24
44455.jpg,1949,1930,-19
44460.jpg,1949,1939,-10
44465.jpg,1949,1931,-18
44470.jpg,1949,1970,21
44475.jpg,1949,1930,-19
44480.jpg,1949,1955,6
44485.jpg,1949,1950,1
44490.jpg,1949,1900,-49
44495.jpg,1949,1950,1
44500.jpg,1949,1955,6
44510.jpg,1949,1910,-39
44515.jpg,1949,1910,-39
44520.jpg,1949,1970,21
44525.jpg,1949,1982,33
44530.jpg,1949,1950,1
44535.jpg,1949,1950,1
44540.jpg,1950,1940,-10
44545.jpg,1950,1980,30
44550.jpg,1950,1940,-10
44555.jpg,1950,1960,10
44560.jpg,1950,1999,49
44565.jpg,1950,1950,0
44570.jpg,1950,1995,45
44575.jpg,1950,1930,-20
44585.jpg,1950,1950,0
44590.jpg,1950,1950,0
44595.jpg,1950,1994,44
44600.jpg,1950,1968,18
44605.jpg,1950,1939,-11
44610.jpg,1950,1931,-19
44615.jpg,1950,1950,0
44620.jpg,1950,1960,10
44625.jpg,1950,1910,-40
44630.jpg,1950,1914,-36
44635.jpg,1950,1985,35
44640.jpg,1950,1955,5
44645.jpg,1950,1920,-30
44650.jpg,1950,1955,5
44655.jpg,1950,1960,10
44660.jpg,1950,1955,5
44665.jpg,1950,1930,-20
44680.jpg,1950,1950,0
44685.jpg,1950,1950,0
44690.jpg,1950,1965,15
44695.jpg,1950,1910,-40
44700.jpg,1950,1965,15
44705.jpg,1951,1965,14
44710.jpg,1951,1930,-21
44720.jpg,1951,1960,9
44725.jpg,1951,1980,29
44730.jpg,1951,1960,9
44735.jpg,1951,1927,-24
44740.jpg,1951,1995,44
44745.jpg,1951,1955,4
44750.jpg,1951,1960,9
44755.jpg,1951,1935,-16
44760.jpg,1951,1930,-21
44765.jpg,1951,1905,-46
44770.jpg,1951,1489,-462
44775.jpg,1951,1950,-1
44780.jpg,1951,1885,-66
44785.jpg,1951,1965,14
44790.jpg,1951,1965,14
44795.jpg,1951,1960,9
44800.jpg,1951,1955,4
44810.jpg,1951,1900,-51
44815.jpg,1951,1930,-21
44820.jpg,1951,1930,-21
44825.jpg,1951,2003,52
44830.jpg,1951,1972,21
44840.jpg,1951,1900,-51
44845.jpg,1952,1965,13
44850.jpg,1952,1930,-22
44855.jpg,1952,1980,28
44860.jpg,1952,1953,1
44865.jpg,1952,2010,58
44870.jpg,1952,1972,20
44875.jpg,1952,1960,8
44880.jpg,1952,1960,8
44885.jpg,1952,1960,8
44890.jpg,1952,1950,-2
44895.jpg,1952,1952,0
44900.jpg,1952,1939,-13
44905.jpg,1952,1966,14
44910.jpg,1952,1995,43
44915.jpg,1952,1960,8
44920.jpg,1952,1958,6
44925.jpg,1952,1970,18
44930.jpg,1952,2005,53
44940.jpg,1952,1920,-32
44945.jpg,1952,1990,38
44950.jpg,1952,1965,13
44955.jpg,1952,1960,8
44960.jpg,1953,1960,7
44965.jpg,1953,1966,13
44970.jpg,1953,2015,62
44980.jpg,1953,1930,-23
44985.jpg,1953,2011,58
44990.jpg,1953,1967,14
44995.jpg,1953,1960,7
45000.jpg,1953,2005,52
45005.jpg,1953,1930,-23
45010.jpg,1953,1929,-24
45015.jpg,1953,1950,-3
45020.jpg,1953,1960,7
45025.jpg,1953,1930,-23
45030.jpg,1953,1950,-3
45035.jpg,1953,1970,17
45040.jpg,1953,1960,7
45045.jpg,1953,1862,-91
45050.jpg,1953,1960,7
45055.jpg,1953,1955,2
45060.jpg,1953,1930,-23
45065.jpg,1953,1960,7
45070.jpg,1953,1955,2
45075.jpg,1953,2005,52
45080.jpg,1953,1960,7
45085.jpg,1953,1960,7
45090.jpg,1953,1950,-3
45095.jpg,1954,1952,-2
45100.jpg,1954,1990,36
45105.jpg,1954,1961,7
45110.jpg,1954,1960,6
45115.jpg,1954,1972,18
45120.jpg,1954,1950,-4
45125.jpg,1954,1965,11
45130.jpg,1954,1960,6
45135.jpg,1954,1958,4
45140.jpg,1954,1972,18
45150.jpg,1954,1930,-24
45155.jpg,1954,1938,-16
45160.jpg,1954,1960,6
45165.jpg,1954,1980,26
45170.jpg,1954,1987,33
45175.jpg,1954,1927,-27
45180.jpg,1954,1900,-54
45185.jpg,1954,1960,6
45190.jpg,1954,1955,1
45195.jpg,1954,1900,-54
45200.jpg,1954,1965,11
45205.jpg,1954,1903,-51
45210.jpg,1954,1920,-34
45215.jpg,1954,1980,26
45220.jpg,1954,1910,-44
45225.jpg,1954,1954,0
45230.jpg,1954,1980,26
45235.jpg,1955,1750,-205
45240.jpg,1955,1970,15
45245.jpg,1955,1970,15
45250.jpg,1955,1955,0
45255.jpg,1955,1950,-5
45260.jpg,1955,1850,-105
45265.jpg,1955,1937,-18
45275.jpg,1955,1960,5
45280.jpg,1955,1990,35
45285.jpg,1955,1937,-18
45290.jpg,1955,1960,5
45295.jpg,1955,1961,6
45300.jpg,1955,2019,64
45310.jpg,1955,1960,5
45315.jpg,1955,1957,2
45320.jpg,1955,1776,-179
45325.jpg,1955,1990,35
45330.jpg,1955,1950,-5
45335.jpg,1955,1955,0
45345.jpg,1955,2000,45
45350.jpg,1955,1930,-25
45355.jpg,1955,2005,50
45360.jpg,1955,1958,3
45365.jpg,1955,1955,0
45370.jpg,1955,1958,3
45375.jpg,1955,1950,-5
45385.jpg,1956,1960,4
45390.jpg,1956,1950,-6
45395.jpg,1956,1980,24
45400.jpg,1956,2005,49
45405.jpg,1956,1959,3
45410.jpg,1956,1960,4
45415.jpg,1956,1970,14
45420.jpg,1956,1930,-26
45430.jpg,1956,1980,24
45435.jpg,1956,1920,-36
45440.jpg,1956,1960,4
45445.jpg,1956,1965,9
45450.jpg,1956,1960,4
45455.jpg,1956,1990,34
45460.jpg,1956,1957,1
45465.jpg,1956,1900,-56
45470.jpg,1956,1950,-6
45475.jpg,1956,1939,-17
45480.jpg,1956,1965,9
45485.jpg,1956,1955,-1
45490.jpg,1956,1956,0
45495.jpg,1956,1880,-76
45500.jpg,1956,1995,39
45505.jpg,1956,1990,34
45510.jpg,1956,1990,34
45515.jpg,1956,1960,4
45520.jpg,1956,1930,-26
45530.jpg,1957,1940,-17
45535.jpg,1957,1965,8
45540.jpg,1957,1980,23
45545.jpg,1957,1985,28
45550.jpg,1957,1990,33
45555.jpg,1957,1970,13
45560.jpg,1957,1957,0
45565.jpg,1957,1960,3
45570.jpg,1957,1970,13
45575.jpg,1957,1925,-32
45585.jpg,1957,1920,-37
45590.jpg,1957,1980,23
45595.jpg,1957,1955,-2
45605.jpg,1957,1960,3
45610.jpg,1957,1960,3
45615.jpg,1957,1950,-7
45620.jpg,1957,1985,28
45630.jpg,1957,1872,-85
45635.jpg,1957,1960,3
45640.jpg,1957,1955,-2
45645.jpg,1957,1870,-87
45650.jpg,1957,1960,3
45655.jpg,1957,1965,8
45660.jpg,1957,1960,3
45665.jpg,1957,1900,-57
45675.jpg,1957,2008,51
45680.jpg,1957,1920,-37
45685.jpg,1957,1961,4
45695.jpg,1957,1980,23
45700.jpg,1958,1900,-58
45705.jpg,1958,1997,39
45715.jpg,1958,1965,7
45720.jpg,1958,2005,47
45730.jpg,1958,1960,2
45735.jpg,1958,2005,47
45740.jpg,1958,2005,47
45745.jpg,1958,1944,-14
45750.jpg,1958,1990,32
45755.jpg,1958,1936,-22
45760.jpg,1958,1935,-23
45765.jpg,1958,1965,7
45770.jpg,1958,1958,0
45775.jpg,1958,1965,7
45780.jpg,1958,1950,-8
45785.jpg,1958,2010,52
45790.jpg,1958,1965,7
45795.jpg,1958,1965,7
45800.jpg,1958,1951,-7
45805.jpg,1958,1950,-8
45810.jpg,1958,1620,-338
45815.jpg,1958,1958,0
45820.jpg,1958,1995,37
45825.jpg,1958,1990,32
45830.jpg,1958,1964,6
45835.jpg,1958,1938,-20
45840.jpg,1958,1950,-8
45845.jpg,1958,1965,7
45850.jpg,1958,1950,-8
45855.jpg,1959,1965,6
45860.jpg,1959,1900,-59
45870.jpg,1959,2001,42
45880.jpg,1959,1910,-49
45885.jpg,1959,1960,1
45890.jpg,1959,1936,-23
45895.jpg,1959,1959,0
45900.jpg,1959,1965,6
45905.jpg,1959,1932,-27
45910.jpg,1959,1971,12
45915.jpg,1959,1966,7
45925.jpg,1959,1960,1
45930.jpg,1959,1965,6
45935.jpg,1959,1955,-4
45940.jpg,1959,1990,31
45945.jpg,1959,2005,46
45950.jpg,1959,2005,46
45955.jpg,1959,1967,8
45960.jpg,1959,1960,1
45965.jpg,1959,1930,-29
45970.jpg,1959,1990,31
45975.jpg,1959,1958,-1
45980.jpg,1959,1960,1
45985.jpg,1959,1959,0
45990.jpg,1960,1776,-184
45995.jpg,1960,1950,-10
46000.jpg,1960,1960,0
46005.jpg,1960,1990,30
46015.jpg,1960,1965,5
46025.jpg,1960,1995,35
46030.jpg,1960,1960,0
46035.jpg,1960,1950,-10
46040.jpg,1960,1959,-1
46045.jpg,1960,1970,10
46050.jpg,1960,1930,-30
46055.jpg,1960,1930,-30
46060.jpg,1960,1960,0
46065.jpg,1960,1930,-30
46070.jpg,1960,1930,-30
46075.jpg,1960,1980,20
46080.jpg,1960,1960,0
46085.jpg,1960,1858,-102
46090.jpg,1960,1955,-5
46095.jpg,1960,1965,5
46100.jpg,1960,1965,5
46105.jpg,1960,1960,0
46110.jpg,1960,1975,15
46115.jpg,1960,1990,30
46120.jpg,1960,1981,21
46130.jpg,1960,1850,-110
46135.jpg,1960,1960,0
46140.jpg,1960,1935,-25
46145.jpg,1960,1960,0
46150.jpg,1960,1965,5
46155.jpg,1961,1920,-41
46160.jpg,1961,1961,0
46170.jpg,1961,2018,57
46180.jpg,1961,1958,-3
46185.jpg,1961,1960,-1
46190.jpg,1961,1850,-111
46195.jpg,1961,1990,29
46200.jpg,1961,2005,44
46205.jpg,1961,1960,-1
46210.jpg,1961,1965,4
46215.jpg,1961,1960,-1
46220.jpg,1961,1985,24
46225.jpg,1961,1965,4
46230.jpg,1961,1968,7
46235.jpg,1961,1950,-11
46240.jpg,1961,2018,57
46245.jpg,1961,1955,-6
46250.jpg,1961,1964,3
46255.jpg,1961,1965,4
46260.jpg,1961,1960,-1
46265.jpg,1961,1965,4
46270.jpg,1961,1937,-24
46275.jpg,1961,2010,49
46280.jpg,1961,1820,-141
46285.jpg,1961,2000,39
46290.jpg,1961,1992,31
46295.jpg,1961,1975,14
46305.jpg,1961,1963,2
46310.jpg,1961,1961,0
46315.jpg,1961,1975,14
46320.jpg,1962,1960,-2
46330.jpg,1962,1900,-62
46335.jpg,1962,2014,52
46340.jpg,1962,1962,0
46345.jpg,1962,1990,28
46350.jpg,1962,1975,13
46355.jpg,1962,1961,-1
46360.jpg,1962,1961,-1
46365.jpg,1962,1960,-2
46370.jpg,1962,1955,-7
46375.jpg,1962,1965,3
46380.jpg,1962,1965,3
46385.jpg,1962,1965,3
46390.jpg,1962,1964,2
46395.jpg,1962,1969,7
46400.jpg,1962,1928,-34
46405.jpg,1962,1920,-42
46410.jpg,1962,1990,28
46415.jpg,1962,1890,-72
46420.jpg,1962,1965,3
46425.jpg,1962,1965,3
46430.jpg,1962,1965,3
46435.jpg,1962,1828,-134
46440.jpg,1962,1995,33
46445.jpg,1962,2010,48
46450.jpg,1962,1960,-2
46455.jpg,1962,1958,-4
46460.jpg,1962,1965,3
46465.jpg,1963,1933,-30
46470.jpg,1963,1970,7
46475.jpg,1963,1965,2
46480.jpg,1963,1960,-3
46490.jpg,1963,1960,-3
46495.jpg,1963,1950,-13
46500.jpg,1963,1950,-13
46505.jpg,1963,1970,7
46510.jpg,1963,1959,-4
46515.jpg,1963,1959,-4
46520.jpg,1963,1960,-3
46525.jpg,1963,2010,47
46530.jpg,1963,1963,0
46535.jpg,1963,1963,0
46540.jpg,1963,1910,-53
46545.jpg,1963,1955,-8
46550.jpg,1963,1965,2
46555.jpg,1963,1939,-24
46560.jpg,1963,1939,-24
46565.jpg,1963,1998,35
46570.jpg,1963,1937,-26
46575.jpg,1963,1937,-26
46580.jpg,1963,1970,7
46585.jpg,1963,1980,17
46590.jpg,1963,1380,-583
46595.jpg,1963,1980,17
46600.jpg,1963,1981,18
46605.jpg,1963,1990,27
46615.jpg,1963,1960,-3
46620.jpg,1963,1960,-3
46625.jpg,1963,1960,-3
46630.jpg,1963,1935,-28
46635.jpg,1964,1970,6
46640.jpg,1964,2005,41
46645.jpg,1964,1965,1
46650.jpg,1964,1989,25
46655.jpg,1964,1970,6
46660.jpg,1964,1970,6
46665.jpg,1964,1967,3
46670.jpg,1964,1970,6
46675.jpg,1964,1990,26
46680.jpg,1964,1970,6
46685.jpg,1964,1970,6
46690.jpg,1964,1970,6
46695.jpg,1964,1970,6
46700.jpg,1964,1965,1
46705.jpg,1964,1995,31
46710.jpg,1964,1960,-4
46715.jpg,1964,1965,1
46720.jpg,1964,1965,1
46725.jpg,1964,1970,6
46730.jpg,1964,1971,7
46735.jpg,1964,1975,11
46740.jpg,1964,1929,-35
46745.jpg,1964,1964,0
46750.jpg,1964,1951,-13
46755.jpg,1964,1960,-4
46760.jpg,1964,1842,-122
46765.jpg,1964,1967,3
46770.jpg,1964,1917,-47
46775.jpg,1964,1920,-44
46780.jpg,1964,1995,31
46785.jpg,1964,1990,26
46790.jpg,1964,1980,16
46795.jpg,1964,1960,-4
46805.jpg,1964,1960,-4
46810.jpg,1964,1965,1
46815.jpg,1964,1900,-64
46820.jpg,1965,1970,5
46825.jpg,1965,2002,37
46830.jpg,1965,1960,-5
46835.jpg,1965,1990,25
46840.jpg,1965,1950,-15
46845.jpg,1965,1985,20
46850.jpg,1965,1965,0
46860.jpg,1965,1965,0
46865.jpg,1965,1960,-5
46870.jpg,1965,1980,15
46875.jpg,1965,1960,-5
46885.jpg,1965,1965,0
46890.jpg,1965,2010,45
46895.jpg,1965,1961,-4
46900.jpg,1965,1965,0
46905.jpg,1965,1935,-30
46910.jpg,1965,1960,-5
46915.jpg,1965,1975,10
46920.jpg,1965,1960,-5
46930.jpg,1965,1950,-15
46935.jpg,1965,1965,0
46940.jpg,1965,1890,-75
46945.jpg,1965,2000,35
46950.jpg,1965,1980,15
46955.jpg,1965,2005,40
46960.jpg,1965,1985,20
46965.jpg,1965,2008,43
46970.jpg,1965,1962,-3
46990.jpg,1965,1965,0
46995.jpg,1965,1920,-45
47000.jpg,1965,1965,0
47005.jpg,1966,1965,-1
47010.jpg,1966,1965,-1
47015.jpg,1966,1970,4
47020.jpg,1966,1965,-1
47025.jpg,1966,2008,42
47030.jpg,1966,1970,4
47035.jpg,1966,1969,3
47040.jpg,1966,1995,29
47050.jpg,1966,1968,2
47055.jpg,1966,1950,-16
47060.jpg,1966,1995,29
47065.jpg,1966,1930,-36
47070.jpg,1966,1965,-1
47075.jpg,1966,1965,-1
47080.jpg,1966,1975,9
47085.jpg,1966,1975,9
47090.jpg,1966,1968,2
47100.jpg,1966,1860,-106
47105.jpg,1966,1967,1
47115.jpg,1966,1950,-16
47120.jpg,1966,1936,-30
47125.jpg,1966,1955,-11
47130.jpg,1966,1995,29
47135.jpg,1966,1988,22
47140.jpg,1966,1930,-36
47145.jpg,1966,1930,-36
47150.jpg,1966,1970,4
47155.jpg,1966,1900,-66
47170.jpg,1966,1990,24
47175.jpg,1966,1985,19
47180.jpg,1966,2010,44
47185.jpg,1966,1961,-5
47190.jpg,1966,1970,4
47195.jpg,1966,1965,-1
47200.jpg,1966,1967,1
47205.jpg,1966,1965,-1
47210.jpg,1966,1965,-1
47215.jpg,1966,1970,4
47220.jpg,1966,1965,-1
47225.jpg,1967,1990,23
47230.jpg,1967,1950,-17
47235.jpg,1967,1881,-86
47240.jpg,1967,1960,-7
47245.jpg,1967,1924,-43
47255.jpg,1967,2005,38
47265.jpg,1967,2000,33
47270.jpg,1967,1990,23
47275.jpg,1967,1999,32
47280.jpg,1967,1970,3
47285.jpg,1967,1929,-38
47290.jpg,1967,1960,-7
47295.jpg,1967,1955,-12
47300.jpg,1967,1930,-37
47305.jpg,1967,1849,-118
47310.jpg,1967,1970,3
47315.jpg,1967,1965,-2
47320.jpg,1967,1965,-2
47325.jpg,1967,1965,-2
47330.jpg,1967,1960,-7
47335.jpg,1967,1960,-7
47340.jpg,1967,2000,33
47345.jpg,1967,1951,-16
47350.jpg,1967,1965,-2
47355.jpg,1967,1965,-2
47360.jpg,1967,1910,-57
47365.jpg,1967,1910,-57
47370.jpg,1967,1780,-187
47375.jpg,1967,1930,-37
47380.jpg,1967,1975,8
47385.jpg,1967,1980,13
47395.jpg,1967,1975,8
47400.jpg,1967,1990,23
47405.jpg,1967,1990,23
47410.jpg,1967,1991,24
47420.jpg,1967,1965,-2
47425.jpg,1967,1990,23
47430.jpg,1967,1967,0
47435.jpg,1967,1960,-7
47440.jpg,1967,1965,-2
47445.jpg,1967,1985,18
47450.jpg,1968,1965,-3
47455.jpg,1968,1965,-3
47460.jpg,1968,1962,-6
47465.jpg,1968,1970,2
47470.jpg,1968,1965,-3
47475.jpg,1968,1970,2
47480.jpg,1968,1966,-2
47485.jpg,1968,1964,-4
47490.jpg,1968,2014,46
47495.jpg,1968,1964,-4
47500.jpg,1968,2005,37
47505.jpg,1968,1961,-7
47515.jpg,1968,1922,-46
47520.jpg,1968,1920,-48
47525.jpg,1968,1995,27
47530.jpg,1968,1970,2
47535.jpg,1968,1965,-3
47540.jpg,1968,1963,-5
47545.jpg,1968,1961,-7
47550.jpg,1968,1960,-8
47555.jpg,1968,1932,-36
47560.jpg,1968,1994,26
47565.jpg,1968,1965,-3
47570.jpg,1968,1975,7
47575.jpg,1968,1900,-68
47580.jpg,1968,2005,37
47585.jpg,1968,1890,-78
47590.jpg,1968,1990,22
47595.jpg,1968,1960,-8
47600.jpg,1968,1990,22
47610.jpg,1968,2005,37
47620.jpg,1968,1960,-8
47625.jpg,1968,1965,-3
47630.jpg,1968,1960,-8
47635.jpg,1968,1965,-3
47640.jpg,1968,1965,-3
47645.jpg,1968,1968,0
47650.jpg,1969,1970,1
47655.jpg,1969,1972,3
47660.jpg,1969,1930,-39
47665.jpg,1969,1960,-9
47670.jpg,1969,1960,-9
47675.jpg,1969,1965,-4
47680.jpg,1969,1960,-9
47685.jpg,1969,1948,-21
47690.jpg,1969,1960,-9
47695.jpg,1969,1950,-19
47700.jpg,1969,1933,-36
47710.jpg,1969,1957,-12
47715.jpg,1969,1910,-59
47720.jpg,1969,1960,-9
47730.jpg,1969,1970,1
47735.jpg,1969,1965,-4
47740.jpg,1969,1900,-69
47745.jpg,1969,1988,19
47750.jpg,1969,2018,49
47755.jpg,1969,1910,-59
47760.jpg,1969,1970,1
47765.jpg,1969,1989,20
47770.jpg,1969,1990,21
47780.jpg,1969,1990,21
47785.jpg,1969,1970,1
47790.jpg,1969,1970,1
47795.jpg,1969,1960,-9
47800.jpg,1969,1972,3
47805.jpg,1969,1930,-39
47810.jpg,1969,1979,10
47815.jpg,1969,1992,23
47820.jpg,1969,1935,-34
47825.jpg,1969,1961,-8
47830.jpg,1969,1974,5
47835.jpg,1970,1960,-10
47840.jpg,1970,1960,-10
47845.jpg,1970,1970,0
47850.jpg,1970,1970,0
47855.jpg,1970,1955,-15
47860.jpg,1970,2010,40
47865.jpg,1970,1970,0
47870.jpg,1970,1965,-5
47875.jpg,1970,1992,22
47880.jpg,1970,1990,20
47890.jpg,1970,2020,50
47895.jpg,1970,1968,-2
47900.jpg,1970,1970,0
47905.jpg,1970,1965,-5
47910.jpg,1970,1965,-5
47915.jpg,1970,2007,37
47920.jpg,1970,1959,-11
47925.jpg,1970,1960,-10
47930.jpg,1970,1990,20
47935.jpg,1970,1965,-5
47940.jpg,1970,1965,-5
47945.jpg,1970,1700,-270
47950.jpg,1970,1985,15
47955.jpg,1970,1975,5
47960.jpg,1970,1970,0
47965.jpg,1970,1970,0
47970.jpg,1970,1985,15
47975.jpg,1970,1950,-20
47980.jpg,1970,1950,-20
47985.jpg,1970,1970,0
47990.jpg,1970,1964,-6
47995.jpg,1970,2010,40
48000.jpg,1971,1970,-1
48005.jpg,1971,1974,3
48010.jpg,1971,1961,-10
48020.jpg,1971,1970,-1
48025.jpg,1971,1982,11
48030.jpg,1971,2020,49
48035.jpg,1971,1962,-9
48040.jpg,1971,1990,19
48045.jpg,1971,1960,-11
48050.jpg,1971,1960,-11
48065.jpg,1971,1965,-6
48070.jpg,1971,1972,1
48075.jpg,1971,1965,-6
48080.jpg,1971,1971,0
48085.jpg,1971,1960,-11
48090.jpg,1971,1961,-10
48095.jpg,1971,1950,-21
48100.jpg,1971,2010,39
48105.jpg,1971,2010,39
48110.jpg,1971,1985,14
48115.jpg,1971,1980,9
48120.jpg,1971,1990,19
48130.jpg,1971,1990,19
48135.jpg,1971,1990,19
48140.jpg,1971,1990,19
48145.jpg,1971,1990,19
48150.jpg,1971,1971,0
48155.jpg,1971,1961,-10
48160.jpg,1971,1970,-1
48170.jpg,1971,1953,-18
48175.jpg,1971,1962,-9
48180.jpg,1972,1970,-2
48185.jpg,1972,1965,-7
48190.jpg,1972,1966,-6
48195.jpg,1972,2006,34
48200.jpg,1972,1950,-22
48205.jpg,1972,1974,2
48215.jpg,1972,1970,-2
48220.jpg,1972,1970,-2
48225.jpg,1972,2000,28
48230.jpg,1972,1972,0
48235.jpg,1972,1974,2
48240.jpg,1972,1961,-11
48245.jpg,1972,1967,-5
48250.jpg,1972,1972,0
48255.jpg,1972,1920,-52
48260.jpg,1972,1960,-12
48265.jpg,1972,1972,0
48270.jpg,1972,1957,-15
48275.jpg,1972,1950,-22
48280.jpg,1972,1972,0
48285.jpg,1972,1900,-72
48290.jpg,1972,1900,-72
48295.jpg,1972,1970,-2
48300.jpg,1972,1960,-12
48305.jpg,1972,1980,8
48310.jpg,1972,2000,28
48320.jpg,1972,1958,-14
48325.jpg,1972,1869,-103
48330.jpg,1972,1970,-2
48335.jpg,1972,1920,-52
48340.jpg,1972,1970,-2
48345.jpg,1972,1975,3
48350.jpg,1972,1960,-12
48355.jpg,1972,1953,-19
48360.jpg,1973,1965,-8
48365.jpg,1973,1970,-3
48370.jpg,1973,1986,13
48375.jpg,1973,1965,-8
48380.jpg,1973,1980,7
48385.jpg,1973,2008,35
48390.jpg,1973,1960,-13
48395.jpg,1973,1965,-8
48400.jpg,1973,1970,-3
48405.jpg,1973,1970,-3
48410.jpg,1973,1970,-3
48415.jpg,1973,2018,45
48420.jpg,1973,1975,2
48425.jpg,1973,1960,-13
48430.jpg,1973,1970,-3
48435.jpg,1973,1973,0
48440.jpg,1973,1970,-3
48445.jpg,1973,1975,2
48450.jpg,1973,1966,-7
48455.jpg,1973,1960,-13
48465.jpg,1973,1970,-3
48475.jpg,1973,1975,2
48480.jpg,1973,1960,-13
48490.jpg,1973,1980,7
48495.jpg,1973,1990,17
48500.jpg,1973,1880,-93
48505.jpg,1973,1960,-13
48510.jpg,1973,1970,-3
48515.jpg,1973,1930,-43
48525.jpg,1973,1963,-10
48530.jpg,1974,1970,-4
48535.jpg,1974,1975,1
48540.jpg,1974,2017,43
48545.jpg,1974,1967,-7
48550.jpg,1974,1970,-4
48555.jpg,1974,1994,20
48560.jpg,1974,1972,-2
48565.jpg,1974,1988,14
48570.jpg,1974,2000,26
48575.jpg,1974,1970,-4
48580.jpg,1974,1970,-4
48585.jpg,1974,1970,-4
48590.jpg,1974,1965,-9
48595.jpg,1974,1969,-5
48600.jpg,1974,1970,-4
48605.jpg,1974,1994,20
48610.jpg,1974,1999,25
48615.jpg,1974,2002,28
48620.jpg,1974,1971,-3
48625.jpg,1974,1979,5
48630.jpg,1974,1980,6
48635.jpg,1974,1985,11
48640.jpg,1974,1980,6
48650.jpg,1974,1965,-9
48670.jpg,1974,2005,31
48675.jpg,1974,1975,1
48680.jpg,1974,1980,6
48685.jpg,1974,1975,1
48690.jpg,1974,1980,6
48695.jpg,1974,1920,-54
48700.jpg,1974,1993,19
48705.jpg,1974,1984,10
48710.jpg,1974,1967,-7
48715.jpg,1974,1973,-1
48720.jpg,1974,2010,36
48725.jpg,1974,1850,-124
48735.jpg,1975,1970,-5
48740.jpg,1975,1990,15
48745.jpg,1975,1975,0
48750.jpg,1975,1972,-3
48755.jpg,1975,1964,-11
48760.jpg,1975,1995,20
48765.jpg,1975,1975,0
48770.jpg,1975,1959,-16
48775.jpg,1975,2002,27
48780.jpg,1975,1999,24
48785.jpg,1975,1950,-25
48790.jpg,1975,1970,-5
48795.jpg,1975,2005,30
48800.jpg,1975,1975,0
48805.jpg,1975,1975,0
48810.jpg,1975,2018,43
48815.jpg,1975,1960,-15
48820.jpg,1975,1960,-15
48825.jpg,1975,1960,-15
48830.jpg,1975,1965,-10
48835.jpg,1975,1995,20
48840.jpg,1975,1930,-45
48845.jpg,1975,2017,42
48850.jpg,1975,2005,30
48855.jpg,1975,2016,41
48860.jpg,1975,2005,30
48865.jpg,1975,1985,10
48870.jpg,1975,1991,16
48875.jpg,1975,1975,0
48880.jpg,1975,2008,33
48885.jpg,1975,1975,0
48890.jpg,1975,1960,-15
48895.jpg,1975,1970,-5
48900.jpg,1976,1900,-76
48905.jpg,1976,1972,-4
48910.jpg,1976,1965,-11
48915.jpg,1976,1960,-16
48920.jpg,1976,1976,0
48925.jpg,1976,2019,43
48930.jpg,1976,2012,36
48940.jpg,1976,1995,19
48945.jpg,1976,1975,-1
48950.jpg,1976,1920,-56
48955.jpg,1976,1970,-6
48960.jpg,1976,1970,-6
48965.jpg,1976,1965,-11
48970.jpg,1976,1964,-12
48975.jpg,1976,1970,-6
48985.jpg,1976,1989,13
48990.jpg,1976,1909,-67
49000.jpg,1976,1600,-376
49020.jpg,1976,1976,0
49030.jpg,1976,1990,14
49035.jpg,1976,1990,14
49040.jpg,1976,1970,-6
49045.jpg,1976,1985,9
49050.jpg,1976,1990,14
49060.jpg,1976,1959,-17
49065.jpg,1976,2005,29
49070.jpg,1976,1975,-1
49075.jpg,1976,1990,14
49080.jpg,1976,1984,8
49085.jpg,1976,1980,4
49090.jpg,1976,1975,-1
49095.jpg,1977,1970,-7
49100.jpg,1977,1860,-117
49105.jpg,1977,1969,-8
49110.jpg,1977,1961,-16
49115.jpg,1977,1972,-5
49120.jpg,1977,1970,-7
49125.jpg,1977,1980,3
49130.jpg,1977,1948,-29
49135.jpg,1977,1973,-4
49140.jpg,1977,1960,-17
49145.jpg,1977,1976,-1
49150.jpg,1977,1975,-2
49155.jpg,1977,1970,-7
49160.jpg,1977,1992,15
49165.jpg,1977,1964,-13
49170.jpg,1977,1900,-77
49175.jpg,1977,1890,-87
49180.jpg,1977,1962,-15
49185.jpg,1977,1997,20
49190.jpg,1977,2000,23
49195.jpg,1977,1990,13
49205.jpg,1977,2000,23
49210.jpg,1977,1990,13
49215.jpg,1977,1980,3
49220.jpg,1977,2005,28
49225.jpg,1977,1955,-22
49230.jpg,1977,1928,-49
49235.jpg,1977,1977,0
49240.jpg,1977,1980,3
49250.jpg,1977,1975,-2
49255.jpg,1977,1960,-17
49260.jpg,1978,1960,-18
49265.jpg,1978,2011,33
49270.jpg,1978,1970,-8
49280.jpg,1978,1914,-64
49285.jpg,1978,1970,-8
49290.jpg,1978,1900,-78
49295.jpg,1978,2018,40
49305.jpg,1978,1970,-8
49310.jpg,1978,2010,32
49315.jpg,1978,1980,2
49320.jpg,1978,1959,-19
49325.jpg,1978,1980,2
49330.jpg,1978,2000,22
49335.jpg,1978,1965,-13
49340.jpg,1978,1910,-68
49345.jpg,1978,1970,-8
49350.jpg,1978,1980,2
49355.jpg,1978,2005,27
49360.jpg,1978,1990,12
49365.jpg,1978,2005,27
49370.jpg,1978,1907,-71
49375.jpg,1978,1985,7
49385.jpg,1978,2005,27
49390.jpg,1978,1960,-18
49395.jpg,1978,1938,-40
49400.jpg,1978,1970,-8
49405.jpg,1979,1955,-24
49410.jpg,1979,1980,1
49415.jpg,1979,1975,-4
49420.jpg,1979,1970,-9
49425.jpg,1979,1980,1
49430.jpg,1979,2014,35
49435.jpg,1979,1950,-29
49440.jpg,1979,1975,-4
49445.jpg,1979,1990,11
49450.jpg,1979,1970,-9
49455.jpg,1979,1979,0
49460.jpg,1979,1974,-5
49465.jpg,1979,1875,-104
49470.jpg,1979,1965,-14
49475.jpg,1979,1973,-6
49480.jpg,1979,1900,-79
49485.jpg,1979,1935,-44
49490.jpg,1979,1920,-59
49495.jpg,1979,1900,-79
49500.jpg,1979,1995,16
49505.jpg,1979,2000,21
49510.jpg,1979,1970,-9
49515.jpg,1979,1990,11
49525.jpg,1979,1995,16
49530.jpg,1979,1980,1
49535.jpg,1979,1970,-9
49540.jpg,1979,1995,16
49545.jpg,1979,1960,-19
49550.jpg,1979,1990,11
49555.jpg,1979,1980,1
49560.jpg,1979,1970,-9
49565.jpg,1980,1976,-4
49570.jpg,1980,1890,-90
49585.jpg,1980,1960,-20
49590.jpg,1980,1982,2
49595.jpg,1980,1960,-20
49600.jpg,1980,1970,-10
49605.jpg,1980,1920,-60
49610.jpg,1980,1980,0
49615.jpg,1980,2005,25
49620.jpg,1980,1965,-15
49625.jpg,1980,1958,-22
49630.jpg,1980,1998,18
49635.jpg,1980,1990,10
49640.jpg,1980,1890,-90
49645.jpg,1980,1977,-3
49650.jpg,1980,2010,30
49655.jpg,1980,1970,-10
49660.jpg,1980,2005,25
49665.jpg,1980,1995,15
49675.jpg,1980,1990,10
49680.jpg,1980,1975,-5
49685.jpg,1980,2005,25
49690.jpg,1980,1981,1
49695.jpg,1980,1975,-5
49700.jpg,1980,1988,8
49705.jpg,1980,1975,-5
49710.jpg,1981,1990,9
49715.jpg,1981,2014,33
49720.jpg,1981,1974,-7
49725.jpg,1981,1970,-11
49735.jpg,1981,1952,-29
49740.jpg,1981,1960,-21
49745.jpg,1981,1970,-11
49750.jpg,1981,2012,31
49755.jpg,1981,1970,-11
49760.jpg,1981,1975,-6
49770.jpg,1981,1973,-8
49775.jpg,1981,1960,-21
49780.jpg,1981,1971,-10
49785.jpg,1981,1930,-51
49790.jpg,1981,1990,9
49795.jpg,1981,1960,-21
49800.jpg,1981,1985,4
49805.jpg,1981,2005,24
49810.jpg,1981,1938,-43
49815.jpg,1981,1990,9
49820.jpg,1981,1858,-123
49825.jpg,1981,1990,9
49830.jpg,1981,1980,-1
49835.jpg,1981,1984,3
49840.jpg,1981,1880,-101
49845.jpg,1981,1985,4
49850.jpg,1981,1990,9
49860.jpg,1981,1990,9
49865.jpg,1981,2007,26
49875.jpg,1981,1980,-1
49880.jpg,1981,2000,19
49885.jpg,1981,1990,9
49890.jpg,1981,1975,-6
49895.jpg,1981,1970,-11
49900.jpg,1981,1980,-1
49905.jpg,1981,1971,-10
49910.jpg,1981,1980,-1
49915.jpg,1981,1978,-3
49920.jpg,1982,2010,28
49925.jpg,1982,2000,18
49930.jpg,1982,1995,13
49935.jpg,1982,1948,-34
49940.jpg,1982,1970,-12
49945.jpg,1982,1982,0
49950.jpg,1982,2011,29
49955.jpg,1982,1970,-12
49960.jpg,1982,1970,-12
49965.jpg,1982,1970,-12
49975.jpg,1982,1955,-27
49980.jpg,1982,1990,8
49985.jpg,1982,1988,6
49990.jpg,1982,1984,2
49995.jpg,1982,1980,-2
50000.jpg,1982,1999,17
50005.jpg,1982,1979,-3
50010.jpg,1982,1986,4
50015.jpg,1982,1990,8
50020.jpg,1982,1970,-12
50025.jpg,1982,1970,-12
50030.jpg,1982,1990,8
50035.jpg,1982,1982,0
50040.jpg,1982,1989,7
50045.jpg,1982,1965,-17
50050.jpg,1982,1965,-17
50055.jpg,1982,1974,-8
50060.jpg,1982,1970,-12
50065.jpg,1982,1900,-82
50070.jpg,1982,1970,-12
50075.jpg,1982,1960,-22
50080.jpg,1982,1950,-32
50095.jpg,1982,1929,-53
50100.jpg,1982,1600,-382
50105.jpg,1982,1961,-21
50110.jpg,1982,1885,-97
50115.jpg,1982,1992,10
50120.jpg,1982,1990,8
50145.jpg,1982,1910,-72
50150.jpg,1982,1975,-7
50155.jpg,1982,1962,-20
50160.jpg,1983,1850,-133
50165.jpg,1983,1960,-23
50170.jpg,1983,2023,40
50175.jpg,1983,1950,-33
50185.jpg,1983,1950,-33
50190.jpg,1983,1999,16
50195.jpg,1983,1964,-19
50200.jpg,1983,1962,-21
50205.jpg,1983,1970,-13
50210.jpg,1983,1970,-13
50220.jpg,1983,1980,-3
50225.jpg,1983,1980,-3
50230.jpg,1983,1982,-1
50235.jpg,1983,1980,-3
50240.jpg,1983,1983,0
50245.jpg,1983,1970,-13
50250.jpg,1983,1980,-3
50255.jpg,1983,1932,-51
50260.jpg,1983,1986,3
50270.jpg,1983,1973,-10
50275.jpg,1983,1965,-18
50280.jpg,1983,2000,17
50285.jpg,1983,1995,12
50290.jpg,1983,1988,5
50295.jpg,1983,1970,-13
50300.jpg,1983,1970,-13
50305.jpg,1983,1989,6
50310.jpg,1983,1930,-53
50315.jpg,1983,1850,-133
50320.jpg,1983,1970,-13
50325.jpg,1983,1910,-73
50330.jpg,1983,1970,-13
50335.jpg,1983,1980,-3
50340.jpg,1983,2005,22
50345.jpg,1983,1970,-13
50350.jpg,1983,1982,-1
50355.jpg,1983,1920,-63
50360.jpg,1983,1990,7
50365.jpg,1983,1980,-3
50370.jpg,1983,1985,2
50375.jpg,1983,1960,-23
50380.jpg,1983,2005,22
50385.jpg,1983,1995,12
50390.jpg,1984,1970,-14
50395.jpg,1984,1966,-18
50400.jpg,1984,1930,-54
50405.jpg,1984,1970,-14
50410.jpg,1984,1994,10
50415.jpg,1984,1990,6
50420.jpg,1984,2009,25
50425.jpg,1984,1982,-2
50430.jpg,1984,1985,1
50435.jpg,1984,1990,6
50440.jpg,1984,1970,-14
50445.jpg,1984,1973,-11
50450.jpg,1984,2000,16
50455.jpg,1984,1988,4
50465.jpg,1984,1972,-12
50470.jpg,1984,1984,0
50475.jpg,1984,2005,21
50480.jpg,1984,1962,-22
50485.jpg,1984,1976,-8
50490.jpg,1984,1902,-82
50495.jpg,1984,1992,8
50500.jpg,1984,1920,-64
50505.jpg,1984,1984,0
50515.jpg,1984,2010,26
50520.jpg,1984,1930,-54
50525.jpg,1984,1980,-4
50530.jpg,1984,1920,-64
50535.jpg,1984,1960,-24
50540.jpg,1984,1988,4
50545.jpg,1984,1995,11
50550.jpg,1984,2005,21
50555.jpg,1984,1999,15
50560.jpg,1984,1984,0
50565.jpg,1984,1970,-14
50570.jpg,1984,1972,-12
50575.jpg,1984,1982,-2
50580.jpg,1985,1800,-185
50585.jpg,1985,1988,3
50595.jpg,1985,1960,-25
50600.jpg,1985,2005,20
50605.jpg,1985,2002,17
50610.jpg,1985,1982,-3
50615.jpg,1985,1980,-5
50620.jpg,1985,1989,4
50630.jpg,1985,1983,-2
50635.jpg,1985,1988,3
50640.jpg,1985,1985,0
50645.jpg,1985,1990,5
50650.jpg,1985,1980,-5
50655.jpg,1985,1981,-4
50660.jpg,1985,1995,10
50665.jpg,1985,1985,0
50670.jpg,1985,1980,-5
50675.jpg,1985,1960,-25
50680.jpg,1985,1970,-15
50685.jpg,1985,1975,-10
50690.jpg,1985,2005,20
50695.jpg,1985,1985,0
50700.jpg,1985,1984,-1
50705.jpg,1985,1930,-55
50710.jpg,1985,1920,-65
50715.jpg,1985,1980,-5
50720.jpg,1985,1880,-105
50730.jpg,1985,1980,-5
50735.jpg,1985,2005,20
50740.jpg,1985,1990,5
50745.jpg,1985,1985,0
50750.jpg,1985,1995,10
50755.jpg,1985,1990,5
50760.jpg,1985,1960,-25
50765.jpg,1985,1991,6
50770.jpg,1985,1970,-15
50775.jpg,1985,1986,1
50780.jpg,1986,1980,-6
50785.jpg,1986,1970,-16
50790.jpg,1986,1950,-36
50795.jpg,1986,2014,28
50800.jpg,1986,1970,-16
50805.jpg,1986,1980,-6
50810.jpg,1986,1970,-16
50815.jpg,1986,1970,-16
50820.jpg,1986,1980,-6
50830.jpg,1986,1980,-6
50835.jpg,1986,1986,0
50840.jpg,1986,1977,-9
50845.jpg,1986,1990,4
50850.jpg,1986,1986,0
50855.jpg,1986,2010,24
50860.jpg,1986,1980,-6
50865.jpg,1986,1880,-106
50870.jpg,1986,2005,19
50885.jpg,1986,1975,-11
50890.jpg,1986,1965,-21
50895.jpg,1986,2020,34
50900.jpg,1986,1960,-26
50905.jpg,1986,1979,-7
50910.jpg,1986,1981,-5
50915.jpg,1986,1995,9
50920.jpg,1986,1930,-56
50925.jpg,1986,1770,-216
50930.jpg,1986,1970,-16
50935.jpg,1986,1970,-16
50940.jpg,1986,1916,-70
50945.jpg,1986,1990,4
50950.jpg,1986,1990,4
50955.jpg,1986,1990,4
50960.jpg,1986,1992,6
50965.jpg,1986,1990,4
50970.jpg,1986,2001,15
50975.jpg,1986,1980,-6
50980.jpg,1986,1980,-6
50985.jpg,1986,1950,-36
50990.jpg,1987,1850,-137
50995.jpg,1987,1988,1
51000.jpg,1987,1975,-12
51010.jpg,1987,1990,3
51015.jpg,1987,1993,6
51020.jpg,1987,1980,-7
51025.jpg,1987,1980,-7
51030.jpg,1987,1999,12
51035.jpg,1987,1990,3
51040.jpg,1987,1980,-7
51045.jpg,1987,1971,-16
51050.jpg,1987,2010,23
51055.jpg,1987,1988,1
51060.jpg,1987,1986,-1
51065.jpg,1987,2008,21
51070.jpg,1987,1978,-9
51075.jpg,1987,1984,-3
51080.jpg,1987,1992,5
51085.jpg,1987,1923,-64
51090.jpg,1987,1995,8
51095.jpg,1987,1975,-12
51100.jpg,1987,1992,5
51105.jpg,1987,1990,3
51110.jpg,1987,1995,8
51115.jpg,1987,1994,7
51120.jpg,1987,1980,-7
51125.jpg,1987,1890,-97
51130.jpg,1987,1890,-97
51135.jpg,1987,1965,-22
51140.jpg,1987,1985,-2
51145.jpg,1987,1988,1
51155.jpg,1987,1988,1
51165.jpg,1987,1995,8
51170.jpg,1987,1928,-59
51175.jpg,1987,1963,-24
51180.jpg,1987,2010,23
51200.jpg,1988,1980,-8
51205.jpg,1988,1980,-8
51210.jpg,1988,1980,-8
51215.jpg,1988,1968,-20
51220.jpg,1988,2010,22
51225.jpg,1988,1980,-8
51240.jpg,1988,1970,-18
51245.jpg,1988,1988,0
51250.jpg,1988,1985,-3
51255.jpg,1988,1988,0
51260.jpg,1988,1989,1
51265.jpg,1988,1985,-3
51270.jpg,1988,1980,-8
51275.jpg,1988,1972,-16
51280.jpg,1988,1988,0
51285.jpg,1988,1990,2
51290.jpg,1988,1994,6
51295.jpg,1988,1984,-4
51300.jpg,1988,1970,-18
51305.jpg,1988,1975,-13
51310.jpg,1988,1971,-17
51315.jpg,1988,1970,-18
51320.jpg,1988,1991,3
51330.jpg,1988,1850,-138
51335.jpg,1988,1903,-85
51340.jpg,1988,1990,2
51345.jpg,1988,1900,-88
51350.jpg,1988,1908,-80
51355.jpg,1988,1970,-18
51360.jpg,1988,1989,1
51365.jpg,1988,1990,2
51370.jpg,1988,1990,2
51375.jpg,1988,2000,12
51380.jpg,1988,1995,7
51385.jpg,1988,1984,-4
51390.jpg,1988,1980,-8
51395.jpg,1988,1970,-18
51400.jpg,1988,1980,-8
51405.jpg,1988,1981,-7
51410.jpg,1989,1967,-22
51415.jpg,1989,1990,1
51420.jpg,1989,1970,-19
51425.jpg,1989,2010,21
51430.jpg,1989,2011,22
51435.jpg,1989,1990,1
51440.jpg,1989,1928,-61
51445.jpg,1989,1953,-36
51455.jpg,1989,1970,-19
51460.jpg,1989,1990,1
51470.jpg,1989,1980,-9
51475.jpg,1989,2009,20
51480.jpg,1989,1990,1
51485.jpg,1989,1990,1
51490.jpg,1989,1980,-9
51495.jpg,1989,2002,13
51500.jpg,1989,1965,-24
51505.jpg,1989,1990,1
51510.jpg,1989,1980,-9
51515.jpg,1989,1980,-9
51520.jpg,1989,1975,-14
51525.jpg,1989,1920,-69
51530.jpg,1989,1975,-14
51535.jpg,1989,1992,3
51540.jpg,1989,1987,-2
51545.jpg,1989,1939,-50
51550.jpg,1989,1915,-74
51555.jpg,1989,1995,6
51560.jpg,1989,1960,-29
51565.jpg,1989,1930,-59
51575.jpg,1989,1990,1
51580.jpg,1989,1572,-417
51585.jpg,1989,1990,1
51590.jpg,1989,1999,10
51595.jpg,1989,1990,1
51600.jpg,1989,2000,11
51605.jpg,1990,1880,-110
51610.jpg,1990,1965,-25
51615.jpg,1990,1990,0
51620.jpg,1990,1995,5
51625.jpg,1990,1921,-69
51630.jpg,1990,2005,15
51635.jpg,1990,1960,-30
51640.jpg,1990,1991,1
51645.jpg,1990,1992,2
51650.jpg,1990,1937,-53
51655.jpg,1990,1975,-15
51660.jpg,1990,1993,3
51670.jpg,1990,1929,-61
51675.jpg,1990,1985,-5
51680.jpg,1990,1989,-1
51685.jpg,1990,1985,-5
51690.jpg,1990,1985,-5
51695.jpg,1990,1986,-4
51700.jpg,1990,1969,-21
51705.jpg,1990,1975,-15
51710.jpg,1990,1992,2
51715.jpg,1990,1970,-20
51720.jpg,1990,1970,-20
51725.jpg,1990,1998,8
51730.jpg,1990,1985,-5
51735.jpg,1990,1980,-10
51740.jpg,1990,1989,-1
51745.jpg,1990,1996,6
51755.jpg,1990,1966,-24
51760.jpg,1990,1910,-80
51765.jpg,1990,1900,-90
51770.jpg,1990,1995,5
51775.jpg,1990,1995,5
51780.jpg,1990,1995,5
51785.jpg,1990,1928,-62
51795.jpg,1990,2010,20
51805.jpg,1990,1985,-5
51810.jpg,1990,2000,10
51815.jpg,1990,1974,-16
51820.jpg,1990,1990,0
51825.jpg,1990,2000,10
51830.jpg,1990,1960,-30
51840.jpg,1991,1860,-131
51845.jpg,1991,1928,-63
51850.jpg,1991,1998,7
51860.jpg,1991,2005,14
51865.jpg,1991,1990,-1
51870.jpg,1991,1992,1
51875.jpg,1991,1990,-1
51885.jpg,1991,1985,-6
51890.jpg,1991,1965,-26
51895.jpg,1991,1960,-31
51905.jpg,1991,1986,-5
51910.jpg,1991,1990,-1
51920.jpg,1991,1990,-1
51925.jpg,1991,1995,4
51930.jpg,1991,1989,-2
51935.jpg,1991,1985,-6
51940.jpg,1991,1983,-8
51945.jpg,1991,1990,-1
51950.jpg,1991,1980,-11
51955.jpg,1991,1990,-1
51960.jpg,1991,1990,-1
51965.jpg,1991,1965,-26
51970.jpg,1991,1997,6
51975.jpg,1991,1964,-27
51980.jpg,1991,1970,-21
51985.jpg,1991,1927,-64
51990.jpg,1991,1995,4
51995.jpg,1991,1975,-16
52000.jpg,1991,1920,-71
52015.jpg,1991,1985,-6
52020.jpg,1991,1975,-16
52025.jpg,1991,1987,-4
52035.jpg,1991,1925,-66
52040.jpg,1991,1990,-1
52045.jpg,1991,2005,14
52060.jpg,1991,1991,0
52065.jpg,1992,1990,-2
52070.jpg,1992,1965,-27
52075.jpg,1992,1970,-22
52080.jpg,1992,1992,0
52085.jpg,1992,1998,6
52090.jpg,1992,2005,13
52095.jpg,1992,1990,-2
52100.jpg,1992,1970,-22
52105.jpg,1992,1998,6
52110.jpg,1992,2009,17
52115.jpg,1992,1950,-42
52120.jpg,1992,1984,-8
52125.jpg,1992,2010,18
52130.jpg,1992,1990,-2
52135.jpg,1992,1990,-2
52140.jpg,1992,1988,-4
52145.jpg,1992,1965,-27
52150.jpg,1992,1990,-2
52155.jpg,1992,1998,6
52160.jpg,1992,1980,-12
52165.jpg,1992,1990,-2
52170.jpg,1992,1972,-20
52175.jpg,1992,1995,3
52180.jpg,1992,1984,-8
52185.jpg,1992,1990,-2
52190.jpg,1992,1992,0
52195.jpg,1992,1994,2
52200.jpg,1992,1998,6
52205.jpg,1992,1980,-12
52210.jpg,1992,1970,-22
52215.jpg,1992,1929,-63
52220.jpg,1992,1987,-5
52225.jpg,1992,1900,-92
52230.jpg,1992,1750,-242
52235.jpg,1992,1910,-82
52240.jpg,1992,2005,13
52245.jpg,1992,1990,-2
52250.jpg,1992,1990,-2
52260.jpg,1992,1978,-14
52270.jpg,1993,1991,-2
52275.jpg,1993,1993,0
52280.jpg,1993,1900,-93
52285.jpg,1993,1980,-13
52290.jpg,1993,1985,-8
52300.jpg,1993,1964,-29
52305.jpg,1993,1961,-32
52310.jpg,1993,2008,15
52315.jpg,1993,1999,6
52320.jpg,1993,1990,-3
52325.jpg,1993,1980,-13
52335.jpg,1993,1958,-35
52340.jpg,1993,1980,-13
52345.jpg,1993,1990,-3
52350.jpg,1993,1990,-3
52355.jpg,1993,1995,2
52360.jpg,1993,1979,-14
52365.jpg,1993,1993,0
52370.jpg,1993,1995,2
52375.jpg,1993,1960,-33
52380.jpg,1993,1984,-9
52385.jpg,1993,1993,0
52390.jpg,1993,1971,-22
52395.jpg,1993,1970,-23
52400.jpg,1993,1970,-23
52405.jpg,1993,1992,-1
52410.jpg,1993,1750,-243
52415.jpg,1993,1980,-13
52420.jpg,1993,1995,2
52425.jpg,1993,1900,-93
52430.jpg,1993,1990,-3
52435.jpg,1993,1990,-3
52440.jpg,1993,2013,20
52445.jpg,1993,1990,-3
52450.jpg,1993,1916,-77
52455.jpg,1993,2005,12
52460.jpg,1993,1993,0
52465.jpg,1993,1970,-23
52475.jpg,1994,2005,11
52480.jpg,1994,1960,-34
52485.jpg,1994,1996,2
52490.jpg,1994,1970,-24
52495.jpg,1994,1998,4
52505.jpg,1994,1980,-14
52510.jpg,1994,1994,0
52515.jpg,1994,1997,3
52525.jpg,1994,1990,-4
52530.jpg,1994,1990,-4
52535.jpg,1994,1990,-4
52540.jpg,1994,1994,0
52545.jpg,1994,1998,4
52550.jpg,1994,1995,1
52555.jpg,1994,1990,-4
52560.jpg,1994,1930,-64
52570.jpg,1994,1960,-34
52575.jpg,1994,2007,13
52580.jpg,1994,1973,-21
52585.jpg,1994,1989,-5
52590.jpg,1994,1990,-4
52595.jpg,1994,1910,-84
52600.jpg,1994,1930,-64
52605.jpg,1994,1600,-394
52610.jpg,1994,1990,-4
52615.jpg,1994,1888,-106
52620.jpg,1994,2010,16
52625.jpg,1994,1990,-4
52630.jpg,1994,2000,6
52635.jpg,1994,1990,-4
52640.jpg,1994,1980,-14
52645.jpg,1994,1990,-4
52650.jpg,1995,1948,-47
52655.jpg,1995,2000,5
52660.jpg,1995,2010,15
52665.jpg,1995,1995,0
52670.jpg,1995,1999,4
52675.jpg,1995,1985,-10
52680.jpg,1995,1991,-4
52685.jpg,1995,1995,0
52690.jpg,1995,1987,-8
52695.jpg,1995,1997,2
52700.jpg,1995,1995,0
52705.jpg,1995,1914,-81
52710.jpg,1995,1996,1
52715.jpg,1995,1989,-6
52720.jpg,1995,1974,-21
52725.jpg,1995,1990,-5
52730.jpg,1995,1990,-5
52735.jpg,1995,1990,-5
52740.jpg,1995,1970,-25
52745.jpg,1995,2005,10
52750.jpg,1995,1982,-13
52755.jpg,1995,1963,-32
52760.jpg,1995,2005,10
52765.jpg,1995,1970,-25
52770.jpg,1995,1998,3
52775.jpg,1995,1995,0
52785.jpg,1995,2010,15
52790.jpg,1995,1850,-145
52795.jpg,1995,1990,-5
52800.jpg,1995,1870,-125
52805.jpg,1995,1997,2
52810.jpg,1995,2017,22
52815.jpg,1995,1995,0
52820.jpg,1995,1976,-19
52825.jpg,1995,1995,0
52830.jpg,1995,1990,-5
52835.jpg,1995,150,-1845
52840.jpg,1995,1992,-3
52845.jpg,1996,1990,-6
52850.jpg,1996,1990,-6
52855.jpg,1996,2005,9
52860.jpg,1996,2005,9
52865.jpg,1996,2005,9
52870.jpg,1996,2005,9
52875.jpg,1996,1950,-46
52880.jpg,1996,1950,-46
52885.jpg,1996,1995,-1
52890.jpg,1996,1990,-6
52895.jpg,1996,1996,0
52900.jpg,1996,1996,0
52905.jpg,1996,1998,2
52910.jpg,1996,1990,-6
52915.jpg,1996,1998,2
52920.jpg,1996,1990,-6
52925.jpg,1996,1960,-36
52935.jpg,1996,1980,-16
52940.jpg,1996,1996,0
52945.jpg,1996,1990,-6
52950.jpg,1996,1950,-46
52955.jpg,1996,2000,4
52960.jpg,1996,1995,-1
52965.jpg,1996,1980,-16
52970.jpg,1996,1960,-36
52980.jpg,1996,1950,-46
52985.jpg,1997,1850,-147
52990.jpg,1997,1970,-27
52995.jpg,1997,1940,-57
53000.jpg,1997,1995,-2
53005.jpg,1997,1920,-77
53010.jpg,1997,2009,12
53015.jpg,1997,1990,-7
53020.jpg,1997,1999,2
53025.jpg,1997,1999,2
53030.jpg,1997,2005,8
53035.jpg,1997,1995,-2
53040.jpg,1997,1980,-17
53045.jpg,1997,2005,8
53050.jpg,1997,1998,1
53055.jpg,1997,1989,-8
53060.jpg,1997,1990,-7
53065.jpg,1997,1929,-68
53070.jpg,1997,1990,-7
53075.jpg,1997,2000,3
53080.jpg,1997,1990,-7
53085.jpg,1997,1960,-37
53090.jpg,1997,1900,-97
53095.jpg,1997,1995,-2
53100.jpg,1997,1980,-17
53105.jpg,1997,1998,1
53110.jpg,1997,2000,3
53115.jpg,1997,1998,1
53120.jpg,1997,1994,-3
53125.jpg,1997,1995,-2
53130.jpg,1997,1968,-29
53135.jpg,1997,1990,-7
53140.jpg,1997,1998,1
53145.jpg,1997,1940,-57
53150.jpg,1997,2010,13
53155.jpg,1997,1796,-201
53165.jpg,1997,1999,2
53170.jpg,1997,2005,8
53175.jpg,1997,1990,-7
53180.jpg,1997,1995,-2
53185.jpg,1997,1990,-7
53190.jpg,1997,1990,-7
53195.jpg,1997,1607,-390
53200.jpg,1997,2005,8
53205.jpg,1997,1990,-7
53210.jpg,1997,1996,-1
53215.jpg,1997,1990,-7
53220.jpg,1997,1995,-2
53225.jpg,1997,1990,-7
53230.jpg,1997,1994,-3
53235.jpg,1998,1900,-98
53240.jpg,1998,1989,-9
53245.jpg,1998,1960,-38
53250.jpg,1998,1995,-3
53255.jpg,1998,1995,-3
53260.jpg,1998,1998,0
53265.jpg,1998,1960,-38
53270.jpg,1998,1997,-1
53275.jpg,1998,2010,12
53280.jpg,1998,1990,-8
53285.jpg,1998,1998,0
53290.jpg,1998,1996,-2
53300.jpg,1998,1990,-8
53305.jpg,1998,1980,-18
53310.jpg,1998,2005,7
53315.jpg,1998,1990,-8
53325.jpg,1998,1990,-8
53330.jpg,1998,1990,-8
53335.jpg,1998,1995,-3
53340.jpg,1998,1990,-8
53345.jpg,1998,1981,-17
53350.jpg,1998,1990,-8
53355.jpg,1998,1990,-8
53365.jpg,1998,1985,-13
53370.jpg,1998,2011,13
53375.jpg,1998,1995,-3
53380.jpg,1998,2010,12
53385.jpg,1998,1740,-258
53390.jpg,1998,1790,-208
53395.jpg,1998,2003,5
53400.jpg,1998,1650,-348
53405.jpg,1998,1937,-61
53410.jpg,1998,1989,-9
53415.jpg,1998,1990,-8
53420.jpg,1998,1990,-8
53425.jpg,1998,1987,-11
53435.jpg,1998,1994,-4
53440.jpg,1998,1990,-8
53445.jpg,1998,1996,-2
53450.jpg,1998,1970,-28
53455.jpg,1999,1900,-99
53460.jpg,1999,1990,-9
53465.jpg,1999,2014,15
53470.jpg,1999,1990,-9
53475.jpg,1999,1995,-4
53480.jpg,1999,1980,-19
53485.jpg,1999,1999,0
53490.jpg,1999,2005,6
53495.jpg,1999,2001,2
53505.jpg,1999,1950,-49
53510.jpg,1999,1999,0
53515.jpg,1999,1995,-4
53520.jpg,1999,2004,5
53525.jpg,1999,1988,-11
53530.jpg,1999,1985,-14
53535.jpg,1999,1995,-4
53540.jpg,1999,1985,-14
53545.jpg,1999,1998,-1
53550.jpg,1999,2010,11
53555.jpg,1999,1998,-1
53560.jpg,1999,2010,11
53565.jpg,1999,2003,4
53570.jpg,1999,1980,-19
53575.jpg,1999,1962,-37
53580.jpg,1999,1980,-19
53585.jpg,1999,1995,-4
53590.jpg,1999,1990,-9
53595.jpg,1999,1995,-4
53600.jpg,1999,1980,-19
53605.jpg,1999,2008,9
53610.jpg,1999,2002,3
53615.jpg,1999,1948,-51
53620.jpg,1999,1999,0
53625.jpg,1999,2000,1
53630.jpg,1999,1984,-15
53635.jpg,1999,1999,0
53650.jpg,1999,1990,-9
53655.jpg,1999,1990,-9
53660.jpg,1999,2005,6
53665.jpg,1999,2007,8
53670.jpg,1999,1960,-39
53675.jpg,1999,1999,0
53680.jpg,1999,1999,0
53685.jpg,1999,1930,-69
53690.jpg,2000,1952,-48
53700.jpg,2000,1995,-5
53705.jpg,2000,1995,-5
53710.jpg,2000,1988,-12
53715.jpg,2000,2014,14
53720.jpg,2000,2000,0
53725.jpg,2000,1999,-1
53730.jpg,2000,1995,-5
53735.jpg,2000,2015,15
53740.jpg,2000,2000,0
53745.jpg,2000,1920,-80
53755.jpg,2000,1995,-5
53760.jpg,2000,1990,-10
53765.jpg,2000,1999,-1
53770.jpg,2000,2009,9
53775.jpg,2000,1950,-50
53780.jpg,2000,2000,0
53785.jpg,2000,1995,-5
53790.jpg,2000,1961,-39
53795.jpg,2000,1984,-16
53800.jpg,2000,1993,-7
53805.jpg,2000,1984,-16
53810.jpg,2000,2000,0
53815.jpg,2000,2000,0
53820.jpg,2000,2000,0
53830.jpg,2000,1920,-80
53835.jpg,2000,2005,5
53840.jpg,2000,1985,-15
53845.jpg,2000,2015,15
53850.jpg,2000,1874,-126
53855.jpg,2000,1998,-2
53860.jpg,2000,2000,0
53865.jpg,2000,2005,5
53870.jpg,2000,1990,-10
53875.jpg,2000,2000,0
53880.jpg,2000,1995,-5
53885.jpg,2000,1999,-1
53890.jpg,2000,1980,-20
53895.jpg,2000,2005,5
53905.jpg,2001,2008,7
53910.jpg,2001,2001,0
53915.jpg,2001,1953,-48
53920.jpg,2001,2005,4
53925.jpg,2001,2000,-1
53930.jpg,2001,2005,4
53935.jpg,2001,1990,-11
53940.jpg,2001,1999,-2
53945.jpg,2001,1995,-6
53950.jpg,2001,1970,-31
53955.jpg,2001,1990,-11
53960.jpg,2001,2005,4
53965.jpg,2001,1955,-46
53970.jpg,2001,1983,-18
53975.jpg,2001,1984,-17
53980.jpg,2001,1990,-11
53985.jpg,2001,1995,-6
53990.jpg,2001,1962,-39
53995.jpg,2001,1900,-101
54000.jpg,2001,2005,4
54005.jpg,2001,1990,-11
54010.jpg,2001,2000,-1
54015.jpg,2001,1980,-21
54020.jpg,2001,1990,-11
54025.jpg,2001,1999,-2
54030.jpg,2001,2004,3
54035.jpg,2001,1980,-21
54040.jpg,2001,1999,-2
54045.jpg,2001,2005,4
54050.jpg,2001,1972,-29
54055.jpg,2001,1995,-6
54060.jpg,2001,1999,-2
54065.jpg,2001,1965,-36
54070.jpg,2001,1997,-4
54075.jpg,2001,2000,-1
54085.jpg,2001,2005,4
54090.jpg,2001,1999,-2
54095.jpg,2001,2000,-1
54100.jpg,2001,2005,4
54105.jpg,2001,2008,7
54110.jpg,2001,2015,14
54120.jpg,2001,2000,-1
54125.jpg,2001,2005,4
54130.jpg,2001,1959,-42
54135.jpg,2001,2000,-1
54140.jpg,2001,2015,14
54145.jpg,2001,1935,-66
54150.jpg,2001,2005,4
54155.jpg,2001,1920,-81
54160.jpg,2001,2005,4
54165.jpg,2001,1997,-4
54170.jpg,2001,2005,4
54180.jpg,2002,1930,-72
54185.jpg,2002,2005,3
54190.jpg,2002,1990,-12
54195.jpg,2002,1930,-72
54200.jpg,2002,1970,-32
54205.jpg,2002,2013,11
54210.jpg,2002,2012,10
54215.jpg,2002,1998,-4
54220.jpg,2002,1999,-3
54225.jpg,2002,1950,-52
54230.jpg,2002,2002,0
54235.jpg,2002,2002,0
54240.jpg,2002,1994,-8
54245.jpg,2002,1995,-7
54250.jpg,2002,2005,3
54255.jpg,2002,1920,-82
54260.jpg,2002,1995,-7
54265.jpg,2002,2005,3
54270.jpg,2002,2010,8
54275.jpg,2002,1959,-43
54280.jpg,2002,2005,3
54285.jpg,2002,2008,6
54290.jpg,2002,1987,-15
54295.jpg,2002,1960,-42
54300.jpg,2002,2005,3
54305.jpg,2002,1980,-22
54310.jpg,2002,1980,-22
54315.jpg,2002,1965,-37
54320.jpg,2002,1900,-102
54330.jpg,2002,1914,-88
54335.jpg,2002,1960,-42
54340.jpg,2002,2005,3
54345.jpg,2002,2005,3
54355.jpg,2002,2002,0
54360.jpg,2002,2005,3
54365.jpg,2002,1998,-4
54370.jpg,2002,1980,-22
54375.jpg,2002,2002,0
54385.jpg,2002,2005,3
54390.jpg,2002,2010,8
54395.jpg,2002,1995,-7
54400.jpg,2002,1980,-22
54405.jpg,2003,2005,2
54410.jpg,2003,2019,16
54415.jpg,2003,2023,20
54425.jpg,2003,1998,-5
54430.jpg,2003,2003,0
54435.jpg,2003,2008,5
54440.jpg,2003,2018,15
54445.jpg,2003,2014,11
54450.jpg,2003,1999,-4
54460.jpg,2003,2010,7
54465.jpg,2003,2001,-2
54470.jpg,2003,1980,-23
54475.jpg,2003,2003,0
54480.jpg,2003,2003,0
54485.jpg,2003,1980,-23
54490.jpg,2003,1987,-16
54495.jpg,2003,1995,-8
54500.jpg,2003,1995,-8
54505.jpg,2003,1990,-13
54510.jpg,2003,1998,-5
54515.jpg,2003,1964,-39
54520.jpg,2003,1898,-105
54525.jpg,2003,2008,5
54530.jpg,2003,1995,-8
54535.jpg,2003,1984,-19
54540.jpg,2003,1995,-8
54545.jpg,2003,1890,-113
54550.jpg,2003,2007,4
54555.jpg,2003,1700,-303
54560.jpg,2003,2010,7
54565.jpg,2003,2000,-3
54570.jpg,2003,1989,-14
54575.jpg,2003,2005,2
54580.jpg,2003,1970,-33
54585.jpg,2003,2005,2
54590.jpg,2003,1995,-8
54595.jpg,2003,1995,-8
54600.jpg,2003,1990,-13
54605.jpg,2004,1978,-26
54610.jpg,2004,2000,-4
54620.jpg,2004,2005,1
54625.jpg,2004,1990,-14
54630.jpg,2004,1999,-5
54635.jpg,2004,2009,5
54640.jpg,2004,2010,6
54645.jpg,2004,1994,-10
54650.jpg,2004,2003,-1
54655.jpg,2004,1930,-74
54660.jpg,2004,2009,5
54665.jpg,2004,1995,-9
54670.jpg,2004,1995,-9
54675.jpg,2004,2000,-4
54680.jpg,2004,2005,1
54685.jpg,2004,1989,-15
54690.jpg,2004,1960,-44
54695.jpg,2004,1990,-14
54700.jpg,2004,2000,-4
54705.jpg,2004,1991,-13
54710.jpg,2004,1972,-32
54715.jpg,2004,1991,-13
54720.jpg,2004,2002,-2
54725.jpg,2004,2005,1
54730.jpg,2004,2000,-4
54735.jpg,2004,1995,-9
54740.jpg,2004,2002,-2
54745.jpg,2004,1995,-9
54750.jpg,2004,1930,-74
54760.jpg,2004,1990,-14
54770.jpg,2004,1930,-74
54775.jpg,2004,2005,1
54780.jpg,2004,2000,-4
54785.jpg,2004,1990,-14
54790.jpg,2004,2000,-4
54795.jpg,2004,1995,-9
54800.jpg,2004,2000,-4
54805.jpg,2004,1984,-20
54810.jpg,2004,1990,-14
54815.jpg,2004,1995,-9
54820.jpg,2004,1970,-34
54825.jpg,2004,1965,-39
54830.jpg,2004,2004,0
54835.jpg,2004,2010,6
54840.jpg,2004,1985,-19
54845.jpg,2005,1850,-155
54850.jpg,2005,1965,-40
54855.jpg,2005,1995,-10
54860.jpg,2005,2001,-4
54865.jpg,2005,2017,12
54870.jpg,2005,2000,-5
54885.jpg,2005,1960,-45
54890.jpg,2005,1960,-45
54895.jpg,2005,2005,0
54900.jpg,2005,1984,-21
54905.jpg,2005,1998,-7
54910.jpg,2005,1998,-7
54915.jpg,2005,1970,-35
54925.jpg,2005,2015,10
54930.jpg,2005,1999,-6
54935.jpg,2005,1930,-75
54940.jpg,2005,1970,-35
54955.jpg,2005,1995,-10
54960.jpg,2005,2000,-5
54965.jpg,2005,2005,0
54970.jpg,2005,2005,0
54975.jpg,2005,1985,-20
54980.jpg,2005,2008,3
54985.jpg,2005,2005,0
54990.jpg,2005,1998,-7
54995.jpg,2005,1950,-55
55000.jpg,2005,1999,-6
55005.jpg,2005,2008,3
55010.jpg,2005,1960,-45
55015.jpg,2005,2010,5
55020.jpg,2005,2000,-5
55025.jpg,2005,1988,-17
55030.jpg,2005,2005,0
55035.jpg,2005,2005,0
55040.jpg,2005,2005,0
55045.jpg,2005,1990,-15
55050.jpg,2005,1990,-15
55055.jpg,2005,1995,-10
55060.jpg,2005,2000,-5
55065.jpg,2005,2005,0
55070.jpg,2005,2000,-5
55075.jpg,2005,2010,5
55080.jpg,2005,2008,3
55085.jpg,2005,1990,-15
55090.jpg,2005,2010,5
55095.jpg,2005,2005,0
55100.jpg,2005,2005,0
55105.jpg,2005,1980,-25
55110.jpg,2005,2003,-2
55115.jpg,2005,2005,0
55120.jpg,2005,2005,0
55125.jpg,2005,1970,-35
55130.jpg,2005,2008,3
55135.jpg,2006,2008,2
55140.jpg,2006,2003,-3
55145.jpg,2006,1930,-76
55155.jpg,2006,2000,-6
55160.jpg,2006,1960,-46
55165.jpg,2006,1980,-26
55170.jpg,2006,2000,-6
55175.jpg,2006,1990,-16
55180.jpg,2006,1995,-11
55185.jpg,2006,1990,-16
55190.jpg,2006,1993,-13
55195.jpg,2006,1999,-7
55200.jpg,2006,2006,0
55210.jpg,2006,2007,1
55215.jpg,2006,1989,-17
55220.jpg,2006,2005,-1
55230.jpg,2006,2006,0
55235.jpg,2006,2004,-2
55240.jpg,2006,2008,2
55245.jpg,2006,1999,-7
55250.jpg,2006,1995,-11
55255.jpg,2006,1970,-36
55265.jpg,2006,1990,-16
55270.jpg,2006,1900,-106
55275.jpg,2006,1935,-71
55280.jpg,2006,1988,-18
55285.jpg,2006,2015,9
55290.jpg,2006,1930,-76
55295.jpg,2006,2006,0
55300.jpg,2006,1988,-18
55305.jpg,2006,1995,-11
55310.jpg,2006,2000,-6
55315.jpg,2006,1965,-41
55320.jpg,2006,2010,4
55325.jpg,2006,1990,-16
55330.jpg,2006,2005,-1
55335.jpg,2007,1850,-157
55340.jpg,2007,2005,-2
55345.jpg,2007,2000,-7
55355.jpg,2007,2005,-2
55360.jpg,2007,1994,-13
55365.jpg,2007,1980,-27
55370.jpg,2007,2000,-7
55380.jpg,2007,2019,12
55385.jpg,2007,1969,-38
55395.jpg,2007,2020,13
55400.jpg,2007,2001,-6
55405.jpg,2007,1980,-27
55410.jpg,2007,2009,2
55415.jpg,2007,2009,2
55420.jpg,2007,2008,1
55425.jpg,2007,2010,3
55430.jpg,2007,2009,2
55435.jpg,2007,1990,-17
55440.jpg,2007,2005,-2
55445.jpg,2007,1998,-9
55450.jpg,2007,1980,-27
55455.jpg,2007,1999,-8
55460.jpg,2007,1876,-131
55465.jpg,2007,1986,-21
55475.jpg,2007,1931,-76
55480.jpg,2007,1928,-79
55485.jpg,2007,2010,3
55490.jpg,2007,1930,-77
55500.jpg,2007,1920,-87
55505.jpg,2007,2005,-2
55510.jpg,2007,2010,3
55515.jpg,2007,2008,1
55520.jpg,2007,2005,-2
55525.jpg,2007,1900,-107
55530.jpg,2007,2005,-2
55535.jpg,2007,2008,1
55540.jpg,2007,2003,-4
55545.jpg,2007,2008,1
55550.jpg,2007,1938,-69
55555.jpg,2007,1998,-9
55560.jpg,2007,2010,3
55565.jpg,2007,2005,-2
55570.jpg,2007,2010,3
55575.jpg,2007,2005,-2
55580.jpg,2007,2010,3
55585.jpg,2007,2010,3
55590.jpg,2007,2005,-2
55595.jpg,2007,1855,-152
55600.jpg,2007,2005,-2
55605.jpg,2007,1970,-37
55610.jpg,2008,1750,-258
55615.jpg,2008,1820,-188
55620.jpg,2008,2019,11
55625.jpg,2008,2008,0
55630.jpg,2008,2005,-3
55635.jpg,2008,2010,2
55640.jpg,2008,1960,-48
55645.jpg,2008,2010,2
55650.jpg,2008,2005,-3
55655.jpg,2008,2005,-3
55660.jpg,2008,2000,-8
55670.jpg,2008,2010,2
55675.jpg,2008,2008,0
55685.jpg,2008,1990,-18
55690.jpg,2008,2018,10
55695.jpg,2008,2019,11
55705.jpg,2008,2010,2
55710.jpg,2008,2000,-8
55715.jpg,2008,1939,-69
55720.jpg,2008,1994,-14
55725.jpg,2008,2008,0
55730.jpg,2008,2008,0
55735.jpg,2008,2008,0
55740.jpg,2008,1970,-38
55745.jpg,2008,1995,-13
55750.jpg,2008,2010,2
55755.jpg,2008,2015,7
55760.jpg,2008,1996,-12
55765.jpg,2008,1990,-18
55770.jpg,2008,1849,-159
55775.jpg,2008,1990,-18
55780.jpg,2008,2010,2
55785.jpg,2008,2008,0
55795.jpg,2008,2015,7
55800.jpg,2008,2010,2
55805.jpg,2008,2010,2
55810.jpg,2008,2008,0
55815.jpg,2008,2000,-8
55820.jpg,2008,1956,-52
55825.jpg,2008,1990,-18
55830.jpg,2008,2007,-1
55835.jpg,2009,1981,-28
55845.jpg,2009,2008,-1
55850.jpg,2009,1990,-19
55870.jpg,2009,1993,-16
55875.jpg,2009,2009,0
55880.jpg,2009,2011,2
55885.jpg,2009,2005,-4
55890.jpg,2009,2009,0
55895.jpg,2009,1993,-16
55900.jpg,2009,1960,-49
55905.jpg,2009,1992,-17
55910.jpg,2009,2002,-7
55915.jpg,2009,2014,5
55920.jpg,2009,1963,-46
55925.jpg,2009,2010,1
55930.jpg,2009,1990,-19
55935.jpg,2009,2003,-6
55940.jpg,2009,2009,0
55945.jpg,2009,1910,-99
55950.jpg,2009,1999,-10
55955.jpg,2009,2008,-1
55960.jpg,2009,1995,-14
55965.jpg,2009,2018,9
55970.jpg,2009,1998,-11
55975.jpg,2009,2008,-1
55980.jpg,2009,2014,5
55985.jpg,2009,2005,-4
55990.jpg,2009,2005,-4
55995.jpg,2009,2009,0
56000.jpg,2009,2010,1
56005.jpg,2009,1900,-109
56010.jpg,2009,1887,-122
56015.jpg,2009,2012,3
56020.jpg,2009,1999,-10
56025.jpg,2009,1990,-19
56030.jpg,2009,2008,-1
56035.jpg,2009,2005,-4
56040.jpg,2009,1990,-19
56050.jpg,2009,2005,-4
56055.jpg,2009,1995,-14
56060.jpg,2009,1952,-57
56065.jpg,2009,1975,-34
56070.jpg,2009,2010,1
56075.jpg,2009,1939,-70
56080.jpg,2010,2006,-4
56085.jpg,2010,2008,-2
56090.jpg,2010,2011,1
56095.jpg,2010,2008,-2
56105.jpg,2010,2010,0
56110.jpg,2010,2000,-10
56115.jpg,2010,2005,-5
56125.jpg,2010,2011,1
56130.jpg,2010,2005,-5
56135.jpg,2010,1999,-11
56140.jpg,2010,1960,-50
56145.jpg,2010,2014,4
56150.jpg,2010,1980,-30
56155.jpg,2010,2005,-5
56165.jpg,2010,1900,-110
56170.jpg,2010,2005,-5
56175.jpg,2010,2010,0
56180.jpg,2010,2005,-5
56185.jpg,2010,2009,-1
56190.jpg,2010,2005,-5
56195.jpg,2010,2010,0
56200.jpg,2010,1995,-15
56205.jpg,2010,2010,0
56210.jpg,2010,2008,-2
56215.jpg,2010,1997,-13
56220.jpg,2010,2005,-5
56225.jpg,2010,2010,0
56230.jpg,2010,1960,-50
56235.jpg,2010,1933,-77
56240.jpg,2010,1960,-50
56245.jpg,2010,2010,0
56250.jpg,2010,2005,-5
56255.jpg,2010,2005,-5
56260.jpg,2010,2008,-2
56265.jpg,2010,2015,5
56270.jpg,2010,2010,0
56275.jpg,2010,1979,-31
56280.jpg,2010,1969,-41
56285.jpg,2010,2010,0
56290.jpg,2010,2005,-5
56295.jpg,2010,1980,-30
56300.jpg,2010,2005,-5
56310.jpg,2010,2018,8
56315.jpg,2011,2010,-1
56320.jpg,2011,1965,-46
56325.jpg,2011,2010,-1
56330.jpg,2011,2009,-2
56335.jpg,2011,2010,-1
56345.jpg,2011,1960,-51
56350.jpg,2011,1980,-31
56355.jpg,2011,2008,-3
56360.jpg,2011,2011,0
56365.jpg,2011,2005,-6
56370.jpg,2011,1968,-43
56375.jpg,2011,2017,6
56380.jpg,2011,2014,3
56385.jpg,2011,2011,0
56390.jpg,2011,1998,-13
56395.jpg,2011,2009,-2
56400.jpg,2011,2005,-6
56405.jpg,2011,2005,-6
56410.jpg,2011,2011,0
56415.jpg,2011,2010,-1
56420.jpg,2011,2010,-1
56425.jpg,2011,1939,-72
56430.jpg,2011,2011,0
56440.jpg,2011,2005,-6
56450.jpg,2011,2010,-1
56455.jpg,2011,1900,-111
56460.jpg,2011,1970,-41
56465.jpg,2011,2005,-6
56470.jpg,2011,1910,-101
56475.jpg,2011,1966,-45
56480.jpg,2011,1953,-58
56485.jpg,2011,2005,-6
56495.jpg,2011,2005,-6
56500.jpg,2011,2005,-6
56505.jpg,2011,2010,-1
56510.jpg,2011,2005,-6
56515.jpg,2011,2016,5
56520.jpg,2011,2010,-1
56525.jpg,2011,1978,-33
56545.jpg,2012,1965,-47
56550.jpg,2012,2012,0
56555.jpg,2012,2005,-7
56560.jpg,2012,2008,-4
56565.jpg,2012,2019,7
56570.jpg,2012,1980,-32
56575.jpg,2012,2010,-2
56585.jpg,2012,1974,-38
56590.jpg,2012,2000,-12
56600.jpg,2012,1980,-32
56605.jpg,2012,2010,-2
56610.jpg,2012,2007,-5
56615.jpg,2012,2010,-2
56620.jpg,2012,1956,-56
56625.jpg,2012,1950,-62
56630.jpg,2012,1999,-13
56635.jpg,2012,1998,-14
56640.jpg,2012,1960,-52
56645.jpg,2012,1982,-30
56650.jpg,2012,2010,-2
56655.jpg,2012,2005,-7
56660.jpg,2012,2008,-4
56665.jpg,2012,1900,-112
56670.jpg,2012,2016,4
56675.jpg,2012,2000,-12
56680.jpg,2012,2009,-3
56685.jpg,2012,2005,-7
56690.jpg,2012,1990,-22
56695.jpg,2012,2010,-2
56700.jpg,2012,2015,3
56705.jpg,2012,2010,-2
56710.jpg,2012,2010,-2
56715.jpg,2012,1880,-132
56720.jpg,2013,2005,-8
56725.jpg,2013,2009,-4
56730.jpg,2013,1990,-23
56735.jpg,2013,1990,-23
56740.jpg,2013,1950,-63
56745.jpg,2013,2012,-1
56750.jpg,2013,1980,-33
56755.jpg,2013,2010,-3
56765.jpg,2013,2010,-3
56770.jpg,2013,2010,-3
56775.jpg,2013,1930,-83
56780.jpg,2013,2000,-13
56785.jpg,2013,2020,7
56795.jpg,2013,2005,-8
56800.jpg,2013,1990,-23
56805.jpg,2013,2000,-13
56810.jpg,2013,2015,2
56820.jpg,2013,2011,-2
56825.jpg,2013,2000,-13
56845.jpg,2013,2005,-8
56850.jpg,2013,2015,2
56855.jpg,2013,2010,-3
56860.jpg,2013,2010,-3
56865.jpg,2013,2015,2
56870.jpg,2013,2015,2
56875.jpg,2013,2006,-7
56880.jpg,2013,2000,-13
56885.jpg,2013,2014,1
56890.jpg,2013,2000,-13
56895.jpg,2013,1958,-55
56900.jpg,2014,2008,-6
56905.jpg,2014,1700,-314
56910.jpg,2014,1900,-114
56915.jpg,2014,2015,1
56920.jpg,2014,1990,-24
56925.jpg,2014,2014,0
56930.jpg,2014,2014,0
56935.jpg,2014,2010,-4
56940.jpg,2014,2014,0
56945.jpg,2014,2010,-4
56950.jpg,2014,2015,1
56955.jpg,2014,1965,-49
56960.jpg,2014,2000,-14
56965.jpg,2014,1980,-34
56970.jpg,2014,1980,-34
56975.jpg,2014,1935,-79
56980.jpg,2014,1962,-52
56985.jpg,2014,2002,-12
56990.jpg,2014,2018,4
56995.jpg,2014,2016,2
57005.jpg,2014,2010,-4
57010.jpg,2014,1999,-15
57015.jpg,2014,2019,5
57020.jpg,2014,2005,-9
57025.jpg,2014,2011,-3
57030.jpg,2014,2005,-9
57035.jpg,2014,2010,-4
57040.jpg,2014,2014,0
57045.jpg,2014,2010,-4
57050.jpg,2014,1969,-45
57055.jpg,2014,2010,-4
57060.jpg,2014,1980,-34
57065.jpg,2014,2005,-9
57070.jpg,2014,2010,-4
57075.jpg,2015,1936,-79
57085.jpg,2015,2005,-10
57090.jpg,2015,2010,-5
57095.jpg,2015,2019,4
57100.jpg,2015,2014,-1
57105.jpg,2015,2005,-10
57110.jpg,2015,2015,0
57120.jpg,2015,2015,0
57125.jpg,2015,2005,-10
57130.jpg,2015,2010,-5
57135.jpg,2015,2003,-12
57140.jpg,2015,2010,-5
57145.jpg,2015,1993,-22
57150.jpg,2015,2005,-10
57155.jpg,2015,2010,-5
57160.jpg,2015,1960,-55
57165.jpg,2015,2011,-4
57170.jpg,2015,2000,-15
57175.jpg,2015,2010,-5
57180.jpg,2015,2010,-5
57185.jpg,2015,2015,0
57195.jpg,2015,2010,-5
57200.jpg,2015,2000,-15
57205.jpg,2015,2010,-5
57210.jpg,2015,2017,2
57215.jpg,2015,2009,-6
57220.jpg,2016,2010,-6
57225.jpg,2016,2016,0
57230.jpg,2016,2021,5
57235.jpg,2016,2016,0
57240.jpg,2016,2017,1
57250.jpg,2016,2010,-6
57255.jpg,2016,2014,-2
57270.jpg,2016,1894,-122
57275.jpg,2016,2003,-13
57280.jpg,2016,2010,-6
57285.jpg,2016,2016,0
57290.jpg,2016,1988,-28
57295.jpg,2016,2018,2
57300.jpg,2016,2010,-6
57305.jpg,2016,2016,0
57310.jpg,2016,1900,-116
57315.jpg,2016,2015,-1
57320.jpg,2016,2017,1
57325.jpg,2016,2010,-6
57330.jpg,2016,2010,-6
57335.jpg,2016,2005,-11
57340.jpg,2016,2010,-6
57345.jpg,2016,1998,-18
57350.jpg,2016,2018,2
57355.jpg,2016,2014,-2
57360.jpg,2016,2015,-1
57365.jpg,2017,1970,-47
57370.jpg,2017,1999,-18
57375.jpg,2017,2010,-7
57385.jpg,2017,2017,0
57390.jpg,2017,2017,0
57395.jpg,2017,2014,-3
57400.jpg,2017,1980,-37
57415.jpg,2017,2017,0
57420.jpg,2017,1997,-20
57425.jpg,2017,2004,-13
57430.jpg,2017,2005,-12
57435.jpg,2017,2020,3
57440.jpg,2017,2016,-1
57450.jpg,2017,2000,-17
57455.jpg,2017,2005,-12
57470.jpg,2017,2020,3
57475.jpg,2017,2000,-17
57480.jpg,2018,2012,-6
57485.jpg,2018,2005,-13
57490.jpg,2018,2010,-8
57495.jpg,2018,1990,-28
57500.jpg,2018,1980,-38
57505.jpg,2018,1980,-38
57510.jpg,2018,2018,0
57515.jpg,2018,2010,-8
57520.jpg,2018,2010,-8
57525.jpg,2018,2019,1
57530.jpg,2018,2011,-7
57545.jpg,2018,2015,-3
57550.jpg,2018,2010,-8
57555.jpg,2018,2010,-8
57560.jpg,2018,2018,0
57565.jpg,2018,1990,-28
57570.jpg,2018,2014,-4
57575.jpg,2018,2018,0
57585.jpg,2019,1970,-49
57595.jpg,2019,2022,3
57600.jpg,2019,1970,-49
57605.jpg,2019,2006,-13
57610.jpg,2019,2019,0
57615.jpg,2019,2010,-9
57620.jpg,2019,2010,-9
57625.jpg,2019,2005,-14
57630.jpg,2019,1984,-35
57635.jpg,2019,2009,-10
57640.jpg,2019,2010,-9
57645.jpg,2019,2015,-4
57660.jpg,2019,1975,-44
57665.jpg,2019,2010,-9
57670.jpg,2020,1995,-25
57675.jpg,2020,2018,-2
57680.jpg,2020,2010,-10
57685.jpg,2020,2010,-10
57690.jpg,2020,1965,-55
57695.jpg,2020,2010,-10
57700.jpg,2020,1957,-63
57705.jpg,2020,2010,-10
57710.jpg,2020,2000,-20
57725.jpg,2020,2018,-2
57730.jpg,2021,2020,-1
57735.jpg,2021,2021,0
57740.jpg,2021,2021,0
57745.jpg,2021,2000,-21
57750.jpg,2021,2018,-3
57755.jpg,2021,2011,-10
57760.jpg,2021,2010,-11
57765.jpg,2021,2015,-6
57770.jpg,2021,2010,-11
57780.jpg,2021,2024,3
57785.jpg,2021,2010,-11
57790.jpg,2021,2014,-7
57795.jpg,2021,2020,-1
57800.jpg,2021,2020,-1
57805.jpg,2022,2010,-12
57810.jpg,2022,2015,-7
57815.jpg,2022,2020,-2
57825.jpg,2022,1973,-49
57830.jpg,2022,2008,-14
57835.jpg,2022,2022,0
57840.jpg,2022,2005,-17
57845.jpg,2022,2020,-2
57860.jpg,2022,2020,-2
57865.jpg,2022,2010,-12
57870.jpg,2022,2016,-6
57875.jpg,2023,2017,-6
57885.jpg,2023,2018,-5
57890.jpg,2023,2009,-14
57895.jpg,2023,2014,-9
57900.jpg,2023,2020,-3
57910.jpg,2023,2019,-4
57915.jpg,2023,2019,-4
57920.jpg,2023,2020,-3
57925.jpg,2024,1900,-124
57930.jpg,2024,2020,-4
