name,year,pred,diff
5.jpg,1008,1000,-8
10.jpg,1016,2000,984
15.jpg,1022,1194,172
20.jpg,1028,1564,536
25.jpg,1036,1980,944
30.jpg,1048,1100,52
35.jpg,1051,1133,82
40.jpg,1061,1061,0
45.jpg,1063,1634,571
55.jpg,1070,1266,196
60.jpg,1076,1212,136
65.jpg,1080,1465,385
70.jpg,1090,1750,660
75.jpg,1093,1275,182
80.jpg,1097,1870,773
85.jpg,1100,1100,0
90.jpg,1100,1850,750
95.jpg,1107,1720,613
100.jpg,1110,1110,0
105.jpg,1114,1121,7
110.jpg,1116,1585,469
120.jpg,1120,1200,80
125.jpg,1122,1119,-3
130.jpg,1125,1480,355
135.jpg,1128,1120,-8
140.jpg,1129,1380,251
145.jpg,1130,1180,50
150.jpg,1131,1105,-26
155.jpg,1134,1730,596
165.jpg,1138,1620,482
170.jpg,1140,1130,-10
175.jpg,1144,1144,0
180.jpg,1146,1300,154
185.jpg,1147,1160,13
190.jpg,1149,1150,1
195.jpg,1150,1150,0
200.jpg,1152,1100,-52
210.jpg,1160,1200,40
215.jpg,1165,1200,35
220.jpg,1168,2005,837
225.jpg,1170,1150,-20
230.jpg,1170,1500,330
235.jpg,1172,1570,398
240.jpg,1175,1925,750
245.jpg,1177,1393,216
255.jpg,1180,1471,291
260.jpg,1180,1100,-80
265.jpg,1180,1876,696
275.jpg,1185,1200,15
280.jpg,1189,1158,-31
285.jpg,1191,1500,309
290.jpg,1192,1163,-29
295.jpg,1194,1300,106
300.jpg,1196,1100,-96
305.jpg,1198,1196,-2
310.jpg,1199,1031,-168
315.jpg,1200,1792,592
320.jpg,1202,1500,298
325.jpg,1204,1700,496
330.jpg,1208,1664,456
335.jpg,1211,1211,0
340.jpg,1212,1469,257
345.jpg,1215,1700,485
350.jpg,1217,1200,-17
355.jpg,1220,1220,0
360.jpg,1221,1250,29
365.jpg,1222,1400,178
370.jpg,1224,1450,226
375.jpg,1226,1226,0
380.jpg,1227,1750,523
385.jpg,1229,1100,-129
390.jpg,1231,1378,147
395.jpg,1232,1300,68
405.jpg,1237,1370,133
410.jpg,1238,1450,212
415.jpg,1240,1330,90
420.jpg,1242,1654,412
425.jpg,1245,1450,205
430.jpg,1247,1230,-17
435.jpg,1248,1248,0
440.jpg,1250,1400,150
445.jpg,1250,1150,-100
450.jpg,1252,864,-388
455.jpg,1255,1300,45
460.jpg,1259,1750,491
465.jpg,1260,1300,40
470.jpg,1263,1363,100
475.jpg,1264,1200,-64
485.jpg,1270,1230,-40
490.jpg,1270,1250,-20
495.jpg,1270,1665,395
500.jpg,1271,1266,-5
505.jpg,1273,1450,177
510.jpg,1275,1500,225
515.jpg,1277,1318,41
520.jpg,1278,1200,-78
525.jpg,1279,1300,21
530.jpg,1280,1500,220
535.jpg,1285,1450,165
540.jpg,1288,1300,12
545.jpg,1289,1600,311
550.jpg,1290,1200,-90
555.jpg,1291,1250,-41
560.jpg,1293,1359,66
565.jpg,1295,1292,-3
570.jpg,1298,1894,596
575.jpg,1300,1300,0
580.jpg,1300,1500,200
585.jpg,1300,1650,350
590.jpg,1301,1534,233
595.jpg,1303,1354,51
600.jpg,1305,1300,-5
605.jpg,1307,1164,-143
610.jpg,1309,1630,321
615.jpg,1310,1200,-110
620.jpg,1311,1309,-2
625.jpg,1313,1200,-113
630.jpg,1314,1322,8
635.jpg,1317,1450,133
640.jpg,1319,1099,-220
645.jpg,1320,1513,193
650.jpg,1322,1421,99
655.jpg,1324,1333,9
660.jpg,1325,1600,275
665.jpg,1326,1300,-26
670.jpg,1327,1730,403
675.jpg,1328,1242,-86
680.jpg,1330,1527,197
685.jpg,1330,1283,-47
690.jpg,1331,1750,419
695.jpg,1333,1350,17
700.jpg,1335,1300,-35
705.jpg,1337,1300,-37
710.jpg,1338,1550,212
715.jpg,1340,1903,563
720.jpg,1340,1350,10
725.jpg,1343,1810,467
730.jpg,1345,1388,43
735.jpg,1345,1650,305
740.jpg,1346,1400,54
745.jpg,1347,1346,-1
750.jpg,1347,1472,125
755.jpg,1349,1327,-22
760.jpg,1350,1200,-150
765.jpg,1350,1300,-50
775.jpg,1353,1550,197
780.jpg,1354,1100,-254
785.jpg,1356,1200,-156
790.jpg,1358,1500,142
795.jpg,1360,1360,0
800.jpg,1361,1250,-111
805.jpg,1362,1300,-62
810.jpg,1364,1925,561
815.jpg,1365,1700,335
825.jpg,1370,1700,330
830.jpg,1371,1360,-11
835.jpg,1373,1953,580
840.jpg,1375,1475,100
845.jpg,1377,1400,23
850.jpg,1380,2000,620
855.jpg,1381,1100,-281
860.jpg,1382,1618,236
865.jpg,1384,1384,0
870.jpg,1386,1579,193
875.jpg,1389,1460,71
880.jpg,1390,1369,-21
885.jpg,1394,1452,58
890.jpg,1396,1396,0
895.jpg,1397,1300,-97
900.jpg,1398,1398,0
905.jpg,1399,1080,-319
910.jpg,1400,1400,0
915.jpg,1401,1400,-1
920.jpg,1402,1602,200
925.jpg,1405,1400,-5
930.jpg,1406,1350,-56
935.jpg,1409,1450,41
940.jpg,1410,1300,-110
945.jpg,1410,1370,-40
950.jpg,1411,1100,-311
955.jpg,1413,1350,-63
960.jpg,1414,1880,466
965.jpg,1417,1420,3
970.jpg,1419,2001,582
975.jpg,1420,1490,70
980.jpg,1420,1420,0
985.jpg,1422,1800,378
990.jpg,1424,1425,1
995.jpg,1425,1300,-125
1000.jpg,1426,1500,74
1005.jpg,1428,1791,363
1010.jpg,1430,1618,188
1015.jpg,1431,1700,269
1025.jpg,1435,1270,-165
1030.jpg,1436,100,-1336
1035.jpg,1438,1700,262
1040.jpg,1440,1212,-228
1045.jpg,1441,1800,359
1050.jpg,1442,1822,380
1055.jpg,1444,1579,135
1060.jpg,1446,1898,452
1065.jpg,1448,1549,101
1070.jpg,1450,1450,0
1075.jpg,1450,1204,-246
1080.jpg,1451,2003,552
1085.jpg,1452,1930,478
1090.jpg,1453,1504,51
1095.jpg,1455,1153,-302
1100.jpg,1457,1650,193
1105.jpg,1458,1463,5
1110.jpg,1459,1444,-15
1115.jpg,1460,1470,10
1120.jpg,1462,1841,379
1125.jpg,1462,1460,-2
1130.jpg,1464,1278,-186
1135.jpg,1465,1820,355
1140.jpg,1466,1257,-209
1145.jpg,1467,1587,120
1150.jpg,1468,1497,29
1155.jpg,1469,1200,-269
1160.jpg,1470,1903,433
1165.jpg,1470,1580,110
1170.jpg,1472,1900,428
1175.jpg,1473,1620,147
1180.jpg,1475,1371,-104
1185.jpg,1477,1480,3
1190.jpg,1477,1600,123
1195.jpg,1479,1600,121
1200.jpg,1480,1476,-4
1205.jpg,1482,1504,22
1210.jpg,1482,1450,-32
1215.jpg,1483,1600,117
1220.jpg,1485,1485,0
1225.jpg,1487,1750,263
1230.jpg,1487,1330,-157
1235.jpg,1488,1575,87
1240.jpg,1489,1100,-389
1245.jpg,1490,1494,4
1250.jpg,1490,1549,59
1255.jpg,1491,1491,0
1260.jpg,1492,1592,100
1265.jpg,1493,1750,257
1270.jpg,1494,1700,206
1275.jpg,1495,1483,-12
1280.jpg,1496,1566,70
1285.jpg,1497,1460,-37
1290.jpg,1497,1499,2
1295.jpg,1498,1539,41
1300.jpg,1499,1460,-39
1305.jpg,1500,1580,80
1310.jpg,1500,1700,200
1315.jpg,1501,1615,114
1325.jpg,1503,1838,335
1330.jpg,1504,1516,12
1335.jpg,1505,1750,245
1340.jpg,1506,1460,-46
1345.jpg,1507,1474,-33
1350.jpg,1508,1503,-5
1355.jpg,1508,1604,96
1360.jpg,1509,1509,0
1365.jpg,1510,1925,415
1370.jpg,1510,1700,190
1375.jpg,1511,1338,-173
1380.jpg,1512,1687,175
1385.jpg,1513,1600,87
1390.jpg,1513,1526,13
1395.jpg,1515,1487,-28
1400.jpg,1515,1724,209
1405.jpg,1516,1768,252
1410.jpg,1517,1388,-129
1415.jpg,1518,1667,149
1420.jpg,1518,1494,-24
1425.jpg,1520,1627,107
1430.jpg,1521,1514,-7
1435.jpg,1521,1137,-384
1440.jpg,1522,2000,478
1445.jpg,1523,1950,427
1450.jpg,1524,1612,88
1455.jpg,1525,1730,205
1460.jpg,1526,1730,204
1465.jpg,1526,1586,60
1470.jpg,1527,1500,-27
1475.jpg,1528,1600,72
1480.jpg,1528,1772,244
1485.jpg,1530,1521,-9
1490.jpg,1530,1600,70
1495.jpg,1530,1600,70
1500.jpg,1531,1859,328
1505.jpg,1531,1800,269
1510.jpg,1532,1740,208
1515.jpg,1532,1930,398
1520.jpg,1533,1950,417
1525.jpg,1534,1750,216
1530.jpg,1535,1650,115
1535.jpg,1535,1900,365
1540.jpg,1536,1600,64
1545.jpg,1537,1600,63
1550.jpg,1537,1764,227
1555.jpg,1538,1458,-80
1560.jpg,1539,1540,1
1565.jpg,1540,1542,2
1570.jpg,1540,1523,-17
1575.jpg,1540,1500,-40
1580.jpg,1540,1385,-155
1590.jpg,1542,1735,193
1595.jpg,1543,1727,184
1600.jpg,1543,1750,207
1605.jpg,1544,1500,-44
1610.jpg,1545,1720,175
1615.jpg,1545,1660,115
1620.jpg,1547,1519,-28
1625.jpg,1548,1509,-39
1630.jpg,1549,1550,1
1635.jpg,1549,1526,-23
1640.jpg,1550,1519,-31
1645.jpg,1550,1722,172
1650.jpg,1550,1385,-165
1655.jpg,1550,1472,-78
1660.jpg,1551,1820,269
1665.jpg,1551,1465,-86
1670.jpg,1552,1519,-33
1675.jpg,1553,1600,47
1680.jpg,1554,1550,-4
1685.jpg,1554,1545,-9
1690.jpg,1555,1750,195
1695.jpg,1556,1859,303
1700.jpg,1557,1750,193
1705.jpg,1558,1700,142
1710.jpg,1558,1557,-1
1715.jpg,1559,1590,31
1720.jpg,1559,1600,41
1725.jpg,1560,1820,260
1730.jpg,1560,1630,70
1735.jpg,1560,1970,410
1740.jpg,1561,1340,-221
1745.jpg,1561,1494,-67
1750.jpg,1562,1671,109
1755.jpg,1563,1598,35
1760.jpg,1564,1855,291
1765.jpg,1565,1793,228
1770.jpg,1565,1550,-15
1775.jpg,1565,1577,12
1780.jpg,1566,1620,54
1785.jpg,1567,1750,183
1790.jpg,1567,1421,-146
1795.jpg,1568,1580,12
1800.jpg,1568,1562,-6
1805.jpg,1569,1750,181
1810.jpg,1570,1700,130
1815.jpg,1570,1651,81
1820.jpg,1570,1300,-270
1825.jpg,1571,1733,162
1830.jpg,1572,1538,-34
1835.jpg,1572,1570,-2
1840.jpg,1573,1600,27
1845.jpg,1573,1800,227
1850.jpg,1574,1750,176
1855.jpg,1574,1571,-3
1860.jpg,1575,1848,273
1865.jpg,1575,1550,-25
1870.jpg,1575,1840,265
1875.jpg,1576,1734,158
1880.jpg,1577,1490,-87
1885.jpg,1578,1677,99
1890.jpg,1578,1732,154
1895.jpg,1579,1609,30
1900.jpg,1579,1700,121
1905.jpg,1580,1754,174
1910.jpg,1580,1750,170
1915.jpg,1581,1606,25
1920.jpg,1581,1680,99
1925.jpg,1582,1835,253
1930.jpg,1582,1935,353
1935.jpg,1583,1757,174
1940.jpg,1584,1898,314
1945.jpg,1584,1750,166
1950.jpg,1585,1723,138
1955.jpg,1585,1585,0
1960.jpg,1585,1700,115
1965.jpg,1586,1565,-21
1970.jpg,1586,1750,164
1975.jpg,1587,1557,-30
1980.jpg,1588,1530,-58
1985.jpg,1588,1611,23
1990.jpg,1588,1679,91
1995.jpg,1588,1786,198
2000.jpg,1589,1700,111
2005.jpg,1590,1600,10
2010.jpg,1590,1600,10
2020.jpg,1591,1795,204
2025.jpg,1591,1700,109
2030.jpg,1592,1906,314
2035.jpg,1593,1598,5
2045.jpg,1595,1596,1
2050.jpg,1595,1600,5
2055.jpg,1595,1600,5
2060.jpg,1596,1600,4
2065.jpg,1596,1593,-3
2070.jpg,1597,1617,20
2075.jpg,1597,1545,-52
2080.jpg,1598,1600,2
2085.jpg,1598,1598,0
2090.jpg,1598,1925,327
2095.jpg,1600,1599,-1
2100.jpg,1600,1127,-473
2115.jpg,1602,1750,148
2125.jpg,1604,1600,-4
2130.jpg,1604,1604,0
2135.jpg,1604,1604,0
2140.jpg,1605,1606,1
2145.jpg,1605,1660,55
2150.jpg,1606,1920,314
2155.jpg,1606,1616,10
2160.jpg,1607,1606,-1
2165.jpg,1607,1620,13
2170.jpg,1608,1735,127
2175.jpg,1608,1680,72
2180.jpg,1609,1600,-9
2185.jpg,1610,1500,-110
2190.jpg,1610,1618,8
2195.jpg,1610,1664,54
2200.jpg,1610,1890,280
2205.jpg,1611,1605,-6
2210.jpg,1611,1750,139
2215.jpg,1611,1605,-6
2220.jpg,1612,1960,348
2225.jpg,1612,1489,-123
2230.jpg,1613,1649,36
2235.jpg,1613,1700,87
2240.jpg,1614,1618,4
2245.jpg,1614,1730,116
2250.jpg,1614,1614,0
2255.jpg,1615,1930,315
2260.jpg,1615,1335,-280
2265.jpg,1616,1600,-16
2270.jpg,1616,1600,-16
2275.jpg,1616,1910,294
2280.jpg,1616,1703,87
2285.jpg,1617,1750,133
2290.jpg,1617,1735,118
2295.jpg,1617,1765,148
2300.jpg,1618,900,-718
2305.jpg,1618,1905,287
2310.jpg,1619,1577,-42
2315.jpg,1619,1734,115
2320.jpg,1619,1550,-69
2325.jpg,1620,1650,30
2330.jpg,1620,1580,-40
2335.jpg,1620,1618,-2
2340.jpg,1621,1621,0
2345.jpg,1621,1700,79
2350.jpg,1622,1718,96
2360.jpg,1623,1600,-23
2365.jpg,1624,1675,51
2370.jpg,1624,1511,-113
2375.jpg,1624,1620,-4
2380.jpg,1625,1650,25
2385.jpg,1625,1605,-20
2390.jpg,1625,1829,204
2395.jpg,1625,1930,305
2400.jpg,1626,1700,74
2405.jpg,1626,1925,299
2410.jpg,1627,1793,166
2415.jpg,1628,1838,210
2420.jpg,1628,1828,200
2425.jpg,1629,1875,246
2430.jpg,1629,1600,-29
2435.jpg,1630,1792,162
2440.jpg,1630,1600,-30
2445.jpg,1630,1600,-30
2450.jpg,1630,1748,118
2455.jpg,1631,1696,65
2460.jpg,1631,1725,94
2465.jpg,1631,1550,-81
2470.jpg,1632,1768,136
2475.jpg,1632,1905,273
2480.jpg,1632,1900,268
2485.jpg,1633,1620,-13
2490.jpg,1633,1400,-233
2495.jpg,1634,1894,260
2500.jpg,1634,1500,-134
2505.jpg,1634,1624,-10
2510.jpg,1635,1605,-30
2515.jpg,1635,1638,3
2520.jpg,1635,1683,48
2525.jpg,1636,1750,114
2530.jpg,1636,1636,0
2535.jpg,1636,1623,-13
2540.jpg,1637,1840,203
2545.jpg,1637,1780,143
2550.jpg,1638,1519,-119
2555.jpg,1638,1600,-38
2560.jpg,1638,1924,286
2565.jpg,1639,1750,111
2570.jpg,1639,1681,42
2575.jpg,1640,1750,110
2580.jpg,1640,1700,60
2585.jpg,1640,1892,252
2590.jpg,1641,1610,-31
2595.jpg,1641,1680,39
2600.jpg,1641,1910,269
2605.jpg,1642,1577,-65
2610.jpg,1642,1670,28
2615.jpg,1643,1600,-43
2620.jpg,1644,1850,206
2625.jpg,1644,1790,146
2630.jpg,1644,1812,168
2635.jpg,1645,1850,205
2640.jpg,1645,1630,-15
2645.jpg,1646,1736,90
2650.jpg,1646,1658,12
2655.jpg,1646,1589,-57
2660.jpg,1648,1750,102
2665.jpg,1648,1650,2
2670.jpg,1648,1648,0
2675.jpg,1649,1730,81
2680.jpg,1650,1658,8
2685.jpg,1650,1624,-26
2690.jpg,1650,1700,50
2695.jpg,1650,1650,0
2700.jpg,1651,1661,10
2705.jpg,1651,1672,21
2710.jpg,1652,1668,16
2715.jpg,1653,1890,237
2720.jpg,1653,1565,-88
2725.jpg,1654,1600,-54
2730.jpg,1654,1618,-36
2735.jpg,1655,1750,95
2745.jpg,1656,1700,44
2750.jpg,1656,1656,0
2755.jpg,1656,1866,210
2760.jpg,1657,1668,11
2765.jpg,1657,1658,1
2770.jpg,1658,1649,-9
2775.jpg,1658,1750,92
2780.jpg,1659,1649,-10
2785.jpg,1659,1691,32
2790.jpg,1660,1550,-110
2795.jpg,1660,1720,60
2800.jpg,1660,1905,245
2805.jpg,1660,1720,60
2810.jpg,1660,1784,124
2815.jpg,1660,1754,94
2820.jpg,1660,1750,90
2825.jpg,1661,1650,-11
2830.jpg,1661,1665,4
2835.jpg,1661,1930,269
2840.jpg,1661,1880,219
2845.jpg,1662,1900,238
2850.jpg,1663,1750,87
2855.jpg,1663,1659,-4
2860.jpg,1664,1600,-64
2865.jpg,1664,1720,56
2870.jpg,1664,1750,86
2875.jpg,1665,1866,201
2880.jpg,1665,1600,-65
2885.jpg,1665,1750,85
2890.jpg,1665,1600,-65
2895.jpg,1666,1734,68
2900.jpg,1666,1700,34
2905.jpg,1667,1750,83
2910.jpg,1667,1666,-1
2915.jpg,1667,1618,-49
2920.jpg,1668,1668,0
2925.jpg,1669,1836,167
2930.jpg,1669,1650,-19
2935.jpg,1670,1790,120
2940.jpg,1670,1750,80
2945.jpg,1670,1820,150
2950.jpg,1670,1700,30
2955.jpg,1671,1700,29
2960.jpg,1671,1686,15
2965.jpg,1671,1671,0
2970.jpg,1672,1920,248
2975.jpg,1672,1750,78
2980.jpg,1673,1589,-84
2985.jpg,1673,1700,27
2990.jpg,1674,1820,146
2995.jpg,1674,1740,66
3000.jpg,1674,1026,-648
3010.jpg,1675,1724,49
3020.jpg,1676,1888,212
3025.jpg,1676,1676,0
3030.jpg,1677,1790,113
3035.jpg,1677,1720,43
3040.jpg,1677,1677,0
3045.jpg,1678,1937,259
3050.jpg,1678,1718,40
3055.jpg,1678,1500,-178
3060.jpg,1679,1750,71
3065.jpg,1679,1679,0
3075.jpg,1680,1700,20
3080.jpg,1680,1760,80
3085.jpg,1680,1680,0
3090.jpg,1680,1840,160
3095.jpg,1680,1700,20
3100.jpg,1680,1730,50
3105.jpg,1681,1730,49
3110.jpg,1681,1700,19
3115.jpg,1681,1700,19
3120.jpg,1681,1187,-494
3125.jpg,1682,1750,68
3130.jpg,1682,1728,46
3135.jpg,1682,1682,0
3140.jpg,1682,1503,-179
3145.jpg,1683,1750,67
3150.jpg,1683,1730,47
3155.jpg,1683,1700,17
3160.jpg,1683,1181,-502
3165.jpg,1683,1663,-20
3170.jpg,1684,1717,33
3175.jpg,1684,1677,-7
3180.jpg,1684,1790,106
3185.jpg,1684,1780,96
3190.jpg,1685,1750,65
3195.jpg,1685,1620,-65
3200.jpg,1685,1900,215
3205.jpg,1686,1700,14
3210.jpg,1686,1740,54
3215.jpg,1686,1750,64
3220.jpg,1686,1880,194
3225.jpg,1687,1750,63
3230.jpg,1687,1760,73
3235.jpg,1687,1647,-40
3240.jpg,1688,1780,92
3245.jpg,1688,1658,-30
3250.jpg,1689,1900,211
3255.jpg,1689,1725,36
3260.jpg,1689,1650,-39
3270.jpg,1690,1800,110
3275.jpg,1690,1840,150
3280.jpg,1690,1790,100
3285.jpg,1690,1690,0
3290.jpg,1690,1985,295
3295.jpg,1690,1820,130
3300.jpg,1690,1750,60
3305.jpg,1691,1680,-11
3310.jpg,1691,1924,233
3315.jpg,1691,1696,5
3320.jpg,1692,1750,58
3325.jpg,1692,1487,-205
3330.jpg,1693,1960,267
3335.jpg,1693,1750,57
3340.jpg,1694,1770,76
3345.jpg,1694,1900,206
3350.jpg,1694,1729,35
3355.jpg,1695,1825,130
3360.jpg,1695,1790,95
3365.jpg,1695,1750,55
3370.jpg,1695,1750,55
3375.jpg,1695,1602,-93
3385.jpg,1696,1700,4
3390.jpg,1696,1718,22
3395.jpg,1696,1910,214
3400.jpg,1696,1781,85
3405.jpg,1696,1711,15
3410.jpg,1697,1750,53
3415.jpg,1697,1930,233
3420.jpg,1697,1935,238
3425.jpg,1697,1519,-178
3430.jpg,1698,1758,60
3435.jpg,1698,1830,132
3440.jpg,1698,1698,0
3445.jpg,1699,1750,51
3450.jpg,1699,1700,1
3455.jpg,1699,1710,11
3460.jpg,1700,1820,120
3465.jpg,1700,1916,216
3470.jpg,1700,1720,20
3475.jpg,1700,1750,50
3480.jpg,1700,1790,90
3485.jpg,1700,1750,50
3490.jpg,1700,1750,50
3495.jpg,1700,1700,0
3500.jpg,1700,1730,30
3505.jpg,1700,1700,0
3510.jpg,1700,1604,-96
3520.jpg,1701,1831,130
3525.jpg,1701,1670,-31
3535.jpg,1702,1728,26
3540.jpg,1702,1782,80
3545.jpg,1703,1703,0
3550.jpg,1704,1750,46
3555.jpg,1704,1720,16
3560.jpg,1704,1820,116
3565.jpg,1704,1965,261
3570.jpg,1704,1870,166
3575.jpg,1705,1634,-71
3580.jpg,1705,1720,15
3585.jpg,1705,1800,95
3590.jpg,1705,1700,-5
3595.jpg,1706,1200,-506
3600.jpg,1706,1750,44
3605.jpg,1706,1706,0
3610.jpg,1706,1900,194
3615.jpg,1707,1750,43
3620.jpg,1707,1759,52
3625.jpg,1707,1707,0
3630.jpg,1708,1720,12
3635.jpg,1708,1703,-5
3640.jpg,1708,1730,22
3645.jpg,1708,1700,-8
3650.jpg,1709,1560,-149
3655.jpg,1709,1905,196
3660.jpg,1709,1723,14
3665.jpg,1709,1720,11
3670.jpg,1710,1799,89
3675.jpg,1710,1790,80
3680.jpg,1710,1930,220
3685.jpg,1710,1750,40
3690.jpg,1710,1750,40
3695.jpg,1710,1750,40
3700.jpg,1710,1830,120
3705.jpg,1710,1840,130
3710.jpg,1710,1523,-187
3715.jpg,1711,1910,199
3720.jpg,1711,1750,39
3725.jpg,1711,1750,39
3730.jpg,1711,1736,25
3735.jpg,1711,1728,17
3740.jpg,1712,1850,138
3745.jpg,1712,1985,273
3750.jpg,1713,1669,-44
3755.jpg,1713,1790,77
3760.jpg,1713,1713,0
3765.jpg,1713,1713,0
3770.jpg,1714,1730,16
3775.jpg,1714,1760,46
3780.jpg,1714,1870,156
3785.jpg,1714,1750,36
3790.jpg,1715,1888,173
3795.jpg,1715,1930,215
3800.jpg,1715,1749,34
3805.jpg,1715,1725,10
3810.jpg,1715,1664,-51
3815.jpg,1715,1750,35
3820.jpg,1715,1840,125
3825.jpg,1715,1730,15
3830.jpg,1715,1700,-15
3835.jpg,1716,1850,134
3840.jpg,1716,1750,34
3845.jpg,1716,1838,122
3850.jpg,1716,1905,189
3855.jpg,1716,1725,9
3860.jpg,1716,1760,44
3865.jpg,1717,1985,268
3870.jpg,1717,1750,33
3875.jpg,1717,1904,187
3880.jpg,1718,1752,34
3885.jpg,1718,1693,-25
3890.jpg,1719,1673,-46
3895.jpg,1719,1750,31
3900.jpg,1719,1700,-19
3905.jpg,1719,1850,131
3910.jpg,1720,2000,280
3915.jpg,1720,1787,67
3920.jpg,1720,1820,100
3925.jpg,1720,1720,0
3930.jpg,1720,1700,-20
3935.jpg,1720,1750,30
3940.jpg,1720,1700,-20
3945.jpg,1720,1780,60
3950.jpg,1720,1750,30
3955.jpg,1720,1780,60
3960.jpg,1720,1830,110
3965.jpg,1720,1750,30
3970.jpg,1720,1514,-206
3975.jpg,1721,1930,209
3980.jpg,1721,1750,29
3985.jpg,1721,1700,-21
3990.jpg,1721,1718,-3
3995.jpg,1721,1795,74
4000.jpg,1722,1724,2
4005.jpg,1722,1720,-2
4010.jpg,1722,1750,28
4015.jpg,1722,1820,98
4020.jpg,1722,1732,10
4025.jpg,1723,1723,0
4030.jpg,1723,1750,27
4035.jpg,1723,1750,27
4040.jpg,1723,1850,127
4045.jpg,1723,1688,-35
4050.jpg,1723,1750,27
4055.jpg,1723,1930,207
4060.jpg,1724,1925,201
4065.jpg,1724,1820,96
4070.jpg,1724,1760,36
4075.jpg,1724,1750,26
4080.jpg,1724,1930,206
4085.jpg,1724,1572,-152
4090.jpg,1724,1725,1
4095.jpg,1724,1650,-74
4100.jpg,1725,1890,165
4105.jpg,1725,1720,-5
4110.jpg,1725,1902,177
4115.jpg,1725,1635,-90
4120.jpg,1725,1680,-45
4125.jpg,1725,1790,65
4130.jpg,1725,1733,8
4135.jpg,1725,1755,30
4140.jpg,1725,1762,37
4145.jpg,1725,1790,65
4150.jpg,1725,1100,-625
4155.jpg,1725,1880,155
4160.jpg,1726,1848,122
4165.jpg,1726,1720,-6
4170.jpg,1726,1800,74
4175.jpg,1726,1928,202
4180.jpg,1726,1700,-26
4185.jpg,1727,1750,23
4190.jpg,1727,1750,23
4195.jpg,1727,1797,70
4200.jpg,1727,1718,-9
4205.jpg,1727,1796,69
4210.jpg,1727,1810,83
4215.jpg,1728,1780,52
4220.jpg,1728,1885,157
4225.jpg,1728,1750,22
4230.jpg,1728,1900,172
4235.jpg,1728,1970,242
4240.jpg,1728,1728,0
4245.jpg,1728,1780,52
4250.jpg,1729,1761,32
4255.jpg,1729,1890,161
4260.jpg,1729,1750,21
4265.jpg,1729,1795,66
4270.jpg,1729,1728,-1
4275.jpg,1730,1880,150
4280.jpg,1730,1750,20
4285.jpg,1730,1750,20
4290.jpg,1730,1720,-10
4295.jpg,1730,1905,175
4300.jpg,1730,1850,120
4305.jpg,1730,1750,20
4310.jpg,1730,1750,20
4315.jpg,1730,1830,100
4320.jpg,1730,1688,-42
4325.jpg,1730,1853,123
4330.jpg,1730,1935,205
4335.jpg,1730,1750,20
4340.jpg,1730,1722,-8
4345.jpg,1730,1790,60
4350.jpg,1730,1853,123
4355.jpg,1730,2005,275
4360.jpg,1730,1935,205
4365.jpg,1730,1964,234
4370.jpg,1731,1707,-24
4375.jpg,1731,1730,-1
4380.jpg,1731,1740,9
4385.jpg,1731,1728,-3
4390.jpg,1732,1725,-7
4395.jpg,1732,1700,-32
4400.jpg,1732,1850,118
4405.jpg,1732,1730,-2
4410.jpg,1732,1750,18
4415.jpg,1732,1750,18
4420.jpg,1732,1753,21
4425.jpg,1732,500,-1232
4430.jpg,1732,1668,-64
4435.jpg,1733,1720,-13
4440.jpg,1733,1750,17
4445.jpg,1733,1790,57
4450.jpg,1733,1786,53
4455.jpg,1733,1720,-13
4460.jpg,1733,1750,17
4465.jpg,1733,1760,27
4470.jpg,1733,1870,137
4475.jpg,1734,1730,-4
4480.jpg,1734,1769,35
4485.jpg,1734,1888,154
4490.jpg,1734,1750,16
4495.jpg,1735,1820,85
4505.jpg,1735,1750,15
4510.jpg,1735,1715,-20
4515.jpg,1735,1768,33
4520.jpg,1735,1765,30
4525.jpg,1735,1935,200
4530.jpg,1735,1825,90
4535.jpg,1735,1767,32
4545.jpg,1736,1873,137
4550.jpg,1736,1722,-14
4555.jpg,1736,1800,64
4560.jpg,1736,1514,-222
4565.jpg,1736,1736,0
4570.jpg,1736,1730,-6
4575.jpg,1737,1798,61
4580.jpg,1737,1930,193
4585.jpg,1737,1820,83
4590.jpg,1737,1935,198
4595.jpg,1737,1750,13
4600.jpg,1737,1737,0
4605.jpg,1738,1780,42
4610.jpg,1738,1770,32
4615.jpg,1738,1885,147
4620.jpg,1738,1750,12
4625.jpg,1738,1751,13
4630.jpg,1738,1895,157
4635.jpg,1738,1720,-18
4640.jpg,1739,1755,16
4645.jpg,1739,1750,11
4650.jpg,1739,1830,91
4655.jpg,1739,1750,11
4660.jpg,1739,1930,191
4665.jpg,1740,1750,10
4670.jpg,1740,1750,10
4675.jpg,1740,1800,60
4680.jpg,1740,1820,80
4685.jpg,1740,1726,-14
4690.jpg,1740,1790,50
4695.jpg,1740,1900,160
4700.jpg,1740,1750,10
4705.jpg,1740,1785,45
4710.jpg,1740,1720,-20
4715.jpg,1740,1796,56
4720.jpg,1740,1920,180
4725.jpg,1740,1750,10
4730.jpg,1740,1750,10
4735.jpg,1740,1835,95
4740.jpg,1740,1759,19
4745.jpg,1740,1920,180
4750.jpg,1741,1875,134
4755.jpg,1741,1722,-19
4760.jpg,1741,1950,209
4765.jpg,1741,1830,89
4770.jpg,1741,1724,-17
4775.jpg,1741,2005,264
4780.jpg,1742,1750,8
4785.jpg,1742,1768,26
4790.jpg,1742,1750,8
4795.jpg,1742,1760,18
4800.jpg,1742,1825,83
4805.jpg,1742,1785,43
4810.jpg,1742,1660,-82
4815.jpg,1742,1785,43
4820.jpg,1743,1830,87
4825.jpg,1743,1723,-20
4835.jpg,1743,1750,7
4840.jpg,1743,1780,37
4845.jpg,1744,1720,-24
4850.jpg,1744,1750,6
4855.jpg,1744,1730,-14
4860.jpg,1744,1730,-14
4865.jpg,1744,1571,-173
4870.jpg,1745,1925,180
4875.jpg,1745,1720,-25
4880.jpg,1745,1750,5
4885.jpg,1745,1443,-302
4890.jpg,1745,1750,5
4895.jpg,1745,1782,37
4900.jpg,1745,1718,-27
4905.jpg,1745,1775,30
4910.jpg,1746,1890,144
4915.jpg,1746,1722,-24
4920.jpg,1746,1770,24
4925.jpg,1746,1186,-560
4930.jpg,1747,1807,60
4935.jpg,1747,1700,-47
4940.jpg,1747,1702,-45
4945.jpg,1747,1790,43
4950.jpg,1747,1750,3
4955.jpg,1747,1730,-17
4960.jpg,1747,1975,228
4965.jpg,1748,1920,172
4970.jpg,1748,1762,14
4975.jpg,1748,1750,2
4980.jpg,1748,1850,102
4985.jpg,1748,1730,-18
4990.jpg,1749,1830,81
4995.jpg,1749,1856,107
5000.jpg,1749,1930,181
5005.jpg,1749,1810,61
5010.jpg,1749,1890,141
5015.jpg,1750,1880,130
5020.jpg,1750,1760,10
5025.jpg,1750,1840,90
5030.jpg,1750,1930,180
5035.jpg,1750,1840,90
5040.jpg,1750,1740,-10
5045.jpg,1750,1800,50
5050.jpg,1750,1820,70
5060.jpg,1750,1750,0
5065.jpg,1750,1820,70
5070.jpg,1750,1750,0
5075.jpg,1750,1830,80
5080.jpg,1750,1750,0
5085.jpg,1750,1840,90
5090.jpg,1750,1750,0
5095.jpg,1750,1750,0
5100.jpg,1750,1880,130
5105.jpg,1750,1830,80
5110.jpg,1750,1730,-20
5115.jpg,1750,1750,0
5120.jpg,1750,1765,15
5125.jpg,1750,1750,0
5130.jpg,1750,1750,0
5135.jpg,1750,1850,100
5140.jpg,1750,1750,0
5145.jpg,1750,1750,0
5150.jpg,1750,1720,-30
5155.jpg,1750,1790,40
5160.jpg,1750,1750,0
5165.jpg,1750,1940,190
5170.jpg,1750,1850,100
5175.jpg,1750,1790,40
5180.jpg,1750,1810,60
5185.jpg,1750,2010,260
5190.jpg,1750,1755,5
5195.jpg,1751,1866,115
5200.jpg,1751,1738,-13
5205.jpg,1751,1830,79
5210.jpg,1751,1910,159
5215.jpg,1751,1750,-1
5220.jpg,1751,1600,-151
5225.jpg,1752,1788,36
5230.jpg,1752,1830,78
5235.jpg,1752,1750,-2
5240.jpg,1752,1750,-2
5245.jpg,1752,1766,14
5250.jpg,1752,1726,-26
5255.jpg,1752,1750,-2
5260.jpg,1752,1750,-2
5265.jpg,1752,1750,-2
5270.jpg,1752,1788,36
5275.jpg,1752,1792,40
5285.jpg,1753,1852,99
5290.jpg,1753,1750,-3
5295.jpg,1753,1820,67
5300.jpg,1753,1790,37
5305.jpg,1753,1785,32
5310.jpg,1753,1753,0
5315.jpg,1753,1705,-48
5320.jpg,1753,1935,182
5325.jpg,1754,1760,6
5330.jpg,1754,1754,0
5335.jpg,1754,1750,-4
5340.jpg,1754,1860,106
5345.jpg,1754,1768,14
5350.jpg,1754,1729,-25
5355.jpg,1754,1621,-133
5360.jpg,1754,1774,20
5365.jpg,1754,1894,140
5370.jpg,1755,1763,8
5375.jpg,1755,1800,45
5380.jpg,1755,1730,-25
5385.jpg,1755,1800,45
5390.jpg,1755,1760,5
5395.jpg,1755,1750,-5
5400.jpg,1755,1750,-5
5405.jpg,1755,1835,80
5410.jpg,1755,1694,-61
5415.jpg,1756,1850,94
5420.jpg,1756,1890,134
5425.jpg,1756,1750,-6
5430.jpg,1756,1900,144
5435.jpg,1756,1740,-16
5440.jpg,1756,1790,34
5445.jpg,1756,1812,56
5450.jpg,1756,1636,-120
5455.jpg,1756,1700,-56
5460.jpg,1756,1764,8
5470.jpg,1757,1750,-7
5475.jpg,1757,1746,-11
5480.jpg,1757,1750,-7
5485.jpg,1757,1930,173
5490.jpg,1757,1930,173
5495.jpg,1757,1930,173
5500.jpg,1758,1755,-3
5505.jpg,1758,1790,32
5510.jpg,1758,1730,-28
5515.jpg,1758,1925,167
5520.jpg,1758,1750,-8
5525.jpg,1758,1790,32
5530.jpg,1758,1774,16
5535.jpg,1759,1819,60
5540.jpg,1759,1760,1
5545.jpg,1759,1750,-9
5550.jpg,1759,1790,31
5555.jpg,1759,1750,-9
5560.jpg,1759,1700,-59
5565.jpg,1760,1820,60
5570.jpg,1760,1894,134
5575.jpg,1760,1820,60
5580.jpg,1760,1850,90
5585.jpg,1760,1200,-560
5590.jpg,1761,1750,-11
5595.jpg,1761,1770,9
5600.jpg,1761,1750,-11
5605.jpg,1761,1750,-11
5610.jpg,1761,1885,124
5615.jpg,1761,1750,-11
5620.jpg,1761,1732,-29
5625.jpg,1761,1980,219
5630.jpg,1762,1930,168
5635.jpg,1762,1798,36
5640.jpg,1762,1925,163
5645.jpg,1762,1800,38
5650.jpg,1762,1770,8
5655.jpg,1762,1725,-37
5660.jpg,1762,1770,8
5665.jpg,1762,1768,6
5670.jpg,1763,1930,167
5675.jpg,1763,1720,-43
5680.jpg,1763,1790,27
5685.jpg,1763,1800,37
5690.jpg,1763,1750,-13
5695.jpg,1763,1810,47
5700.jpg,1763,1500,-263
5705.jpg,1763,1827,64
5710.jpg,1764,1850,86
5715.jpg,1764,1808,44
5720.jpg,1764,1820,56
5725.jpg,1764,1820,56
5730.jpg,1764,1730,-34
5735.jpg,1764,1810,46
5740.jpg,1764,1730,-34
5745.jpg,1764,1766,2
5750.jpg,1764,1740,-24
5755.jpg,1764,1820,56
5765.jpg,1765,1693,-72
5770.jpg,1765,1810,45
5775.jpg,1765,1820,55
5780.jpg,1765,1925,160
5785.jpg,1765,1750,-15
5790.jpg,1765,1800,35
5795.jpg,1765,1818,53
5800.jpg,1765,1750,-15
5805.jpg,1765,1935,170
5810.jpg,1765,1750,-15
5815.jpg,1765,1835,70
5820.jpg,1765,1790,25
5825.jpg,1765,1750,-15
5830.jpg,1765,1795,30
5835.jpg,1766,1766,0
5840.jpg,1766,1825,59
5845.jpg,1766,1750,-16
5850.jpg,1766,1630,-136
5855.jpg,1766,1670,-96
5860.jpg,1766,1750,-16
5865.jpg,1766,1925,159
5870.jpg,1766,1680,-86
5875.jpg,1767,1750,-17
5880.jpg,1767,1740,-27
5885.jpg,1767,1859,92
5890.jpg,1767,1790,23
5895.jpg,1768,1840,72
5900.jpg,1768,1820,52
5905.jpg,1768,1820,52
5910.jpg,1768,1750,-18
5915.jpg,1768,1820,52
5920.jpg,1768,1750,-18
5925.jpg,1768,1760,-8
5930.jpg,1768,1577,-191
5935.jpg,1768,1743,-25
5940.jpg,1768,1920,152
5945.jpg,1769,1820,51
5950.jpg,1769,1800,31
5955.jpg,1769,1750,-19
5960.jpg,1769,1750,-19
5965.jpg,1769,1750,-19
5970.jpg,1769,1790,21
5975.jpg,1769,1770,1
5980.jpg,1769,1785,16
5985.jpg,1769,1830,61
5990.jpg,1769,1800,31
5995.jpg,1769,1752,-17
6000.jpg,1770,1915,145
6005.jpg,1770,1750,-20
6010.jpg,1770,1730,-40
6015.jpg,1770,1925,155
6020.jpg,1770,1740,-30
6025.jpg,1770,1800,30
6030.jpg,1770,1790,20
6035.jpg,1770,1755,-15
6040.jpg,1770,1790,20
6045.jpg,1770,1910,140
6050.jpg,1770,1750,-20
6055.jpg,1770,1880,110
6060.jpg,1770,1985,215
6065.jpg,1770,1920,150
6070.jpg,1770,1790,20
6075.jpg,1770,1925,155
6080.jpg,1770,1720,-50
6085.jpg,1770,1845,75
6090.jpg,1770,1790,20
6095.jpg,1770,1790,20
6100.jpg,1770,1746,-24
6105.jpg,1770,1666,-104
6115.jpg,1771,1885,114
6120.jpg,1771,1815,44
6125.jpg,1771,1720,-51
6130.jpg,1771,1773,2
6135.jpg,1771,1718,-53
6140.jpg,1771,1721,-50
6145.jpg,1771,1825,54
6150.jpg,1771,1850,79
6155.jpg,1771,1700,-71
6160.jpg,1771,1797,26
6165.jpg,1771,1771,0
6170.jpg,1772,1825,53
6175.jpg,1772,1772,0
6180.jpg,1772,1739,-33
6185.jpg,1772,1700,-72
6190.jpg,1772,1710,-62
6195.jpg,1773,1780,7
6200.jpg,1773,1600,-173
6205.jpg,1773,1790,17
6210.jpg,1773,1840,67
6215.jpg,1773,1825,52
6220.jpg,1773,1750,-23
6225.jpg,1773,1750,-23
6230.jpg,1773,1750,-23
6235.jpg,1773,1850,77
6240.jpg,1774,1840,66
6245.jpg,1774,1788,14
6250.jpg,1774,1771,-3
6255.jpg,1774,1750,-24
6260.jpg,1774,1750,-24
6265.jpg,1774,1820,46
6270.jpg,1774,1790,16
6275.jpg,1774,1767,-7
6280.jpg,1774,1840,66
6285.jpg,1774,1776,2
6290.jpg,1774,1930,156
6295.jpg,1774,1885,111
6300.jpg,1774,1750,-24
6305.jpg,1775,1825,50
6310.jpg,1775,1790,15
6315.jpg,1775,1790,15
6320.jpg,1775,1750,-25
6325.jpg,1775,1810,35
6330.jpg,1775,1800,25
6335.jpg,1775,1840,65
6350.jpg,1775,1920,145
6355.jpg,1775,1935,160
6360.jpg,1775,1920,145
6365.jpg,1775,1750,-25
6370.jpg,1775,1725,-50
6375.jpg,1775,1775,0
6380.jpg,1775,1539,-236
6385.jpg,1775,1593,-182
6390.jpg,1775,1782,7
6395.jpg,1775,1750,-25
6405.jpg,1776,1730,-46
6410.jpg,1776,1900,124
6415.jpg,1776,1820,44
6420.jpg,1776,1780,4
6425.jpg,1776,1722,-54
6430.jpg,1776,1900,124
6435.jpg,1776,1780,4
6440.jpg,1776,1770,-6
6445.jpg,1777,1760,-17
6450.jpg,1777,1750,-27
6455.jpg,1777,1780,3
6460.jpg,1777,1720,-57
6465.jpg,1777,1885,108
6470.jpg,1777,1780,3
6475.jpg,1777,1500,-277
6480.jpg,1777,1990,213
6485.jpg,1778,1777,-1
6495.jpg,1778,1760,-18
6500.jpg,1778,1806,28
6505.jpg,1778,1830,52
6510.jpg,1778,1791,13
6515.jpg,1779,1779,0
6520.jpg,1779,1936,157
6525.jpg,1779,1800,21
6530.jpg,1779,1750,-29
6535.jpg,1779,1779,0
6540.jpg,1779,1820,41
6545.jpg,1779,1728,-51
6550.jpg,1779,1790,11
6555.jpg,1780,1792,12
6560.jpg,1780,1842,62
6565.jpg,1780,1820,40
6570.jpg,1780,1890,110
6575.jpg,1780,1965,185
6580.jpg,1780,1850,70
6585.jpg,1780,1840,60
6590.jpg,1780,1905,125
6595.jpg,1780,1985,205
6600.jpg,1780,1750,-30
6605.jpg,1780,1750,-30
6610.jpg,1780,1890,110
6615.jpg,1780,1850,70
6620.jpg,1780,1750,-30
6625.jpg,1780,1820,40
6630.jpg,1780,1750,-30
6635.jpg,1780,1750,-30
6640.jpg,1780,1750,-30
6645.jpg,1780,1750,-30
6650.jpg,1780,1900,120
6655.jpg,1780,1765,-15
6660.jpg,1780,1955,175
6665.jpg,1780,1730,-50
6670.jpg,1781,1898,117
6675.jpg,1781,1862,81
6680.jpg,1781,1758,-23
6685.jpg,1781,1815,34
6690.jpg,1781,1770,-11
6695.jpg,1781,1890,109
6700.jpg,1781,1759,-22
6705.jpg,1781,1929,148
6710.jpg,1782,1830,48
6715.jpg,1782,1880,98
6720.jpg,1782,1785,3
6725.jpg,1782,1730,-52
6730.jpg,1782,1790,8
6735.jpg,1782,1925,143
6740.jpg,1782,1930,148
6745.jpg,1782,1680,-102
6750.jpg,1782,1768,-14
6755.jpg,1783,1788,5
6760.jpg,1783,1667,-116
6765.jpg,1783,1980,197
6770.jpg,1783,1840,57
6775.jpg,1783,1890,107
6780.jpg,1783,1790,7
6785.jpg,1783,1855,72
6790.jpg,1783,1790,7
6795.jpg,1783,1750,-33
6800.jpg,1783,1950,167
6805.jpg,1783,1783,0
6810.jpg,1784,1800,16
6815.jpg,1784,1906,122
6820.jpg,1784,1769,-15
6825.jpg,1784,1820,36
6830.jpg,1784,1810,26
6835.jpg,1784,1830,46
6840.jpg,1784,1807,23
6845.jpg,1784,1930,146
6850.jpg,1784,1700,-84
6855.jpg,1784,1800,16
6860.jpg,1785,1800,15
6865.jpg,1785,1820,35
6870.jpg,1785,1790,5
6875.jpg,1785,1760,-25
6880.jpg,1785,1750,-35
6885.jpg,1785,1840,55
6890.jpg,1785,1900,115
6895.jpg,1785,1790,5
6900.jpg,1785,1794,9
6905.jpg,1785,1810,25
6910.jpg,1785,1850,65
6915.jpg,1785,1760,-25
6920.jpg,1785,1830,45
6925.jpg,1785,1750,-35
6930.jpg,1785,1850,65
6935.jpg,1785,1820,35
6940.jpg,1785,1790,5
6945.jpg,1785,1720,-65
6950.jpg,1786,1778,-8
6955.jpg,1786,1850,64
6960.jpg,1786,1780,-6
6965.jpg,1786,1200,-586
6970.jpg,1786,1758,-28
6975.jpg,1786,1765,-21
6980.jpg,1786,1790,4
6985.jpg,1786,1788,2
6990.jpg,1786,1750,-36
6995.jpg,1786,1935,149
7000.jpg,1786,1762,-24
7005.jpg,1787,1850,63
7010.jpg,1787,1671,-116
7015.jpg,1787,1790,3
7020.jpg,1787,1910,123
7025.jpg,1787,1850,63
7030.jpg,1787,1820,33
7035.jpg,1787,1800,13
7040.jpg,1787,1930,143
7045.jpg,1787,1830,43
7050.jpg,1787,1790,3
7055.jpg,1787,1760,-27
7060.jpg,1787,1930,143
7065.jpg,1787,1721,-66
7070.jpg,1787,1828,41
7075.jpg,1787,1710,-77
7080.jpg,1787,1832,45
7085.jpg,1787,1840,53
7090.jpg,1788,1788,0
7095.jpg,1788,1788,0
7100.jpg,1788,1788,0
7105.jpg,1788,1825,37
7110.jpg,1788,1850,62
7115.jpg,1788,1840,52
7120.jpg,1788,1795,7
7125.jpg,1788,1772,-16
7130.jpg,1788,1730,-58
7135.jpg,1788,1791,3
7140.jpg,1788,1733,-55
7145.jpg,1789,1782,-7
7150.jpg,1789,1790,1
7155.jpg,1789,1772,-17
7160.jpg,1789,1890,101
7165.jpg,1789,1750,-39
7170.jpg,1789,1820,31
7175.jpg,1789,1800,11
7180.jpg,1789,1880,91
7185.jpg,1789,1830,41
7190.jpg,1789,1700,-89
7195.jpg,1789,1830,41
7200.jpg,1790,1810,20
7205.jpg,1790,1893,103
7210.jpg,1790,1820,30
7215.jpg,1790,1791,1
7220.jpg,1790,1850,60
7225.jpg,1790,1750,-40
7230.jpg,1790,1930,140
7235.jpg,1790,1840,50
7240.jpg,1790,1750,-40
7245.jpg,1790,1930,140
7250.jpg,1790,1825,35
7255.jpg,1790,1850,60
7260.jpg,1790,1905,115
7265.jpg,1790,1860,70
7270.jpg,1790,1790,0
7275.jpg,1790,1835,45
7280.jpg,1790,1825,35
7285.jpg,1790,1774,-16
7290.jpg,1790,1910,120
7295.jpg,1790,1790,0
7300.jpg,1790,1820,30
7305.jpg,1790,1810,20
7310.jpg,1790,1750,-40
7315.jpg,1790,1750,-40
7320.jpg,1790,1890,100
7325.jpg,1790,1830,40
7330.jpg,1790,1767,-23
7335.jpg,1790,1750,-40
7340.jpg,1790,1825,35
7345.jpg,1790,1840,50
7350.jpg,1790,1840,50
7355.jpg,1790,1840,50
7360.jpg,1790,1820,30
7365.jpg,1790,1790,0
7370.jpg,1790,1792,2
7375.jpg,1790,1850,60
7380.jpg,1790,1755,-35
7385.jpg,1791,1786,-5
7390.jpg,1791,1835,44
7395.jpg,1791,1773,-18
7400.jpg,1791,1137,-654
7405.jpg,1791,1850,59
7410.jpg,1791,1730,-61
7415.jpg,1791,1950,159
7420.jpg,1791,1800,9
7425.jpg,1791,1830,39
7430.jpg,1791,1791,0
7435.jpg,1791,1724,-67
7440.jpg,1792,1895,103
7445.jpg,1792,1850,58
7450.jpg,1792,1772,-20
7455.jpg,1792,1790,-2
7460.jpg,1792,1939,147
7465.jpg,1792,1800,8
7470.jpg,1792,1830,38
7475.jpg,1792,1850,58
7480.jpg,1792,1790,-2
7485.jpg,1792,1790,-2
7490.jpg,1792,1810,18
7495.jpg,1792,1768,-24
7500.jpg,1792,1785,-7
7505.jpg,1792,1792,0
7510.jpg,1793,1793,0
7515.jpg,1793,1989,196
7520.jpg,1793,1928,135
7525.jpg,1793,1804,11
7530.jpg,1793,1800,7
7535.jpg,1793,2000,207
7540.jpg,1793,1820,27
7545.jpg,1793,1900,107
7550.jpg,1793,1760,-33
7555.jpg,1793,1820,27
7560.jpg,1793,1825,32
7565.jpg,1793,1800,7
7570.jpg,1793,1800,7
7575.jpg,1793,1850,57
7580.jpg,1793,1750,-43
7585.jpg,1793,1820,27
7590.jpg,1793,1850,57
7595.jpg,1794,1931,137
7600.jpg,1794,1775,-19
7605.jpg,1794,1800,6
7610.jpg,1794,1825,31
7615.jpg,1794,1838,44
7620.jpg,1794,1930,136
7625.jpg,1794,1840,46
7630.jpg,1794,1740,-54
7635.jpg,1794,1790,-4
7640.jpg,1794,1750,-44
7645.jpg,1794,1688,-106
7650.jpg,1794,1820,26
7655.jpg,1795,1750,-45
7660.jpg,1795,1910,115
7665.jpg,1795,1930,135
7670.jpg,1795,1800,5
7675.jpg,1795,1830,35
7680.jpg,1795,1790,-5
7685.jpg,1795,1820,25
7690.jpg,1795,1820,25
7695.jpg,1795,1840,45
7700.jpg,1795,1795,0
7705.jpg,1795,1830,35
7710.jpg,1795,1830,35
7715.jpg,1795,1845,50
7720.jpg,1795,1800,5
7725.jpg,1795,1680,-115
7730.jpg,1795,1820,25
7735.jpg,1795,1840,45
7740.jpg,1795,1800,5
7745.jpg,1795,1930,135
7750.jpg,1795,1790,-5
7755.jpg,1795,1825,30
7760.jpg,1795,1790,-5
7765.jpg,1795,1960,165
7775.jpg,1796,1835,39
7780.jpg,1796,1792,-4
7785.jpg,1796,1900,104
7790.jpg,1796,1794,-2
7795.jpg,1796,1822,26
7800.jpg,1796,1766,-30
7805.jpg,1796,1785,-11
7810.jpg,1796,1840,44
7815.jpg,1796,1840,44
7820.jpg,1796,1790,-6
7825.jpg,1796,1820,24
7830.jpg,1796,1855,59
7840.jpg,1796,1790,-6
7845.jpg,1796,1830,34
7850.jpg,1796,1750,-46
7855.jpg,1796,1750,-46
7860.jpg,1796,1770,-26
7865.jpg,1796,1780,-16
7870.jpg,1796,1890,94
7875.jpg,1796,1900,104
7880.jpg,1797,1764,-33
7885.jpg,1797,1796,-1
7890.jpg,1797,1819,22
7895.jpg,1797,1790,-7
7900.jpg,1797,1750,-47
7905.jpg,1797,1800,3
7915.jpg,1797,1818,21
7920.jpg,1797,1955,158
7925.jpg,1797,1800,3
7930.jpg,1797,1750,-47
7935.jpg,1797,1935,138
7940.jpg,1797,1797,0
7945.jpg,1797,1634,-163
7950.jpg,1797,1905,108
7955.jpg,1798,1850,52
7960.jpg,1798,1798,0
7965.jpg,1798,1715,-83
7970.jpg,1798,1850,52
7975.jpg,1798,1840,42
7980.jpg,1798,1750,-48
7985.jpg,1798,1838,40
7990.jpg,1798,1855,57
7995.jpg,1798,1800,2
8000.jpg,1798,1860,62
8005.jpg,1798,1830,32
8010.jpg,1798,1925,127
8015.jpg,1798,1826,28
8020.jpg,1798,1825,27
8025.jpg,1798,1790,-8
8030.jpg,1798,1995,197
8035.jpg,1798,1825,27
8040.jpg,1798,1850,52
8045.jpg,1798,1750,-48
8055.jpg,1798,1850,52
8060.jpg,1799,1860,61
8065.jpg,1799,1850,51
8070.jpg,1799,1829,30
8075.jpg,1799,1750,-49
8080.jpg,1799,1850,51
8085.jpg,1799,1830,31
8090.jpg,1799,1780,-19
8095.jpg,1799,1758,-41
8100.jpg,1799,1830,31
8105.jpg,1799,1810,11
8110.jpg,1799,1600,-199
8115.jpg,1800,1800,0
8120.jpg,1800,1863,63
8125.jpg,1800,1800,0
8130.jpg,1800,1848,48
8135.jpg,1800,1950,150
8140.jpg,1800,1810,10
8145.jpg,1800,1840,40
8150.jpg,1800,1840,40
8155.jpg,1800,1850,50
8160.jpg,1800,1840,40
8165.jpg,1800,1830,30
8170.jpg,1800,1790,-10
8175.jpg,1800,1840,40
8180.jpg,1800,1930,130
8185.jpg,1800,1900,100
8190.jpg,1800,1800,0
8195.jpg,1800,1850,50
8200.jpg,1800,1955,155
8205.jpg,1800,1790,-10
8210.jpg,1800,1820,20
8215.jpg,1800,1890,90
8220.jpg,1800,1930,130
8225.jpg,1800,1840,40
8230.jpg,1800,1935,135
8235.jpg,1800,1825,25
8240.jpg,1800,1910,110
8245.jpg,1800,1890,90
8250.jpg,1800,1825,25
8255.jpg,1800,1890,90
8260.jpg,1800,1760,-40
8265.jpg,1800,1825,25
8270.jpg,1800,1770,-30
8275.jpg,1800,1785,-15
8280.jpg,1800,1820,20
8285.jpg,1800,1925,125
8295.jpg,1800,1925,125
8300.jpg,1801,1849,48
8305.jpg,1801,1890,89
8310.jpg,1801,1830,29
8315.jpg,1801,1890,89
8320.jpg,1801,1840,39
8325.jpg,1801,1849,48
8330.jpg,1801,1753,-48
8335.jpg,1801,1930,129
8340.jpg,1801,1810,9
8345.jpg,1801,1840,39
8350.jpg,1801,1925,124
8355.jpg,1801,1840,39
8360.jpg,1801,1900,99
8365.jpg,1801,1900,99
8375.jpg,1802,1935,133
8380.jpg,1802,1856,54
8385.jpg,1802,1880,78
8390.jpg,1802,1830,28
8395.jpg,1802,1700,-102
8400.jpg,1802,1820,18
8405.jpg,1802,1800,-2
8410.jpg,1802,1821,19
8415.jpg,1802,1822,20
8420.jpg,1802,1845,43
8425.jpg,1802,1697,-105
8430.jpg,1802,1830,28
8435.jpg,1802,1753,-49
8440.jpg,1803,1901,98
8445.jpg,1803,1825,22
8450.jpg,1803,1844,41
8455.jpg,1803,1800,-3
8460.jpg,1803,1772,-31
8465.jpg,1803,1810,7
8470.jpg,1803,1925,122
8475.jpg,1803,1910,107
8480.jpg,1803,1800,-3
8485.jpg,1803,1800,-3
8490.jpg,1803,1838,35
8495.jpg,1803,1803,0
8500.jpg,1803,1825,22
8505.jpg,1803,1830,27
8515.jpg,1804,1880,76
8520.jpg,1804,1920,116
8525.jpg,1804,1800,-4
8530.jpg,1804,1908,104
8535.jpg,1804,1840,36
8540.jpg,1804,1820,16
8545.jpg,1804,1830,26
8550.jpg,1804,1830,26
8555.jpg,1804,1850,46
8560.jpg,1804,1790,-14
8565.jpg,1804,1850,46
8570.jpg,1804,1935,131
8575.jpg,1804,1930,126
8580.jpg,1804,1830,26
8585.jpg,1805,1800,-5
8590.jpg,1805,1850,45
8595.jpg,1805,1734,-71
8600.jpg,1805,1970,165
8605.jpg,1805,1636,-169
8610.jpg,1805,1690,-115
8615.jpg,1805,1820,15
8620.jpg,1805,1771,-34
8625.jpg,1805,1750,-55
8630.jpg,1805,1200,-605
8635.jpg,1805,1905,100
8640.jpg,1805,1750,-55
8645.jpg,1805,1830,25
8650.jpg,1805,1875,70
8655.jpg,1805,1875,70
8660.jpg,1805,1855,50
8665.jpg,1805,1820,15
8670.jpg,1805,1796,-9
8675.jpg,1805,1770,-35
8680.jpg,1805,1830,25
8685.jpg,1805,1840,35
8690.jpg,1805,1800,-5
8695.jpg,1806,1806,0
8700.jpg,1806,1807,1
8705.jpg,1806,1790,-16
8710.jpg,1806,1800,-6
8715.jpg,1806,1790,-16
8720.jpg,1806,1930,124
8725.jpg,1806,1825,19
8730.jpg,1806,1830,24
8735.jpg,1806,1820,14
8740.jpg,1806,1812,6
8745.jpg,1806,1830,24
8750.jpg,1806,1850,44
8755.jpg,1806,1840,34
8765.jpg,1807,1850,43
8770.jpg,1807,1820,13
8775.jpg,1807,1850,43
8780.jpg,1807,1925,118
8785.jpg,1807,1930,123
8790.jpg,1807,1790,-17
8795.jpg,1807,1840,33
8800.jpg,1807,1835,28
8805.jpg,1807,1790,-17
8810.jpg,1807,1820,13
8815.jpg,1807,1790,-17
8820.jpg,1807,1800,-7
8825.jpg,1807,1790,-17
8830.jpg,1807,1820,13
8835.jpg,1807,1850,43
8840.jpg,1808,1809,1
8845.jpg,1808,1885,77
8850.jpg,1808,1910,102
8855.jpg,1808,1820,12
8860.jpg,1808,1915,107
8865.jpg,1808,1820,12
8875.jpg,1808,1830,22
8880.jpg,1808,1790,-18
8885.jpg,1808,1840,32
8890.jpg,1808,1850,42
8895.jpg,1808,1772,-36
8900.jpg,1808,1880,72
8905.jpg,1808,1750,-58
8910.jpg,1809,1790,-19
8915.jpg,1809,1809,0
8920.jpg,1809,1809,0
8925.jpg,1809,1800,-9
8930.jpg,1809,1830,21
8935.jpg,1809,1833,24
8940.jpg,1809,1750,-59
8945.jpg,1809,1820,11
8950.jpg,1809,1845,36
8955.jpg,1809,1920,111
8965.jpg,1809,1801,-8
8970.jpg,1809,1900,91
8975.jpg,1810,1840,30
8980.jpg,1810,1835,25
8985.jpg,1810,1833,23
8995.jpg,1810,1873,63
9000.jpg,1810,1785,-25
9005.jpg,1810,1890,80
9010.jpg,1810,1830,20
9015.jpg,1810,1758,-52
9020.jpg,1810,1850,40
9025.jpg,1810,1790,-20
9030.jpg,1810,1820,10
9035.jpg,1810,1770,-40
9040.jpg,1810,1900,90
9045.jpg,1810,1985,175
9050.jpg,1810,1750,-60
9055.jpg,1810,1800,-10
9060.jpg,1810,1910,100
9065.jpg,1810,1803,-7
9070.jpg,1810,1910,100
9075.jpg,1810,1825,15
9080.jpg,1810,1935,125
9085.jpg,1810,1830,20
9090.jpg,1810,1810,0
9095.jpg,1810,1825,15
9100.jpg,1810,1820,10
9105.jpg,1810,1830,20
9110.jpg,1810,1960,150
9115.jpg,1810,1790,-20
9120.jpg,1810,1850,40
9125.jpg,1810,1897,87
9130.jpg,1810,1900,90
9135.jpg,1810,1940,130
9140.jpg,1810,1930,120
9145.jpg,1810,1900,90
9150.jpg,1811,1849,38
9160.jpg,1811,1852,41
9165.jpg,1811,1820,9
9170.jpg,1811,1800,-11
9175.jpg,1811,1925,114
9180.jpg,1811,1855,44
9185.jpg,1811,1750,-61
9190.jpg,1811,1825,14
9195.jpg,1811,1820,9
9200.jpg,1811,1750,-61
9205.jpg,1811,1840,29
9210.jpg,1812,1812,0
9215.jpg,1812,1670,-142
9220.jpg,1812,1700,-112
9225.jpg,1812,1838,26
9230.jpg,1812,1830,18
9235.jpg,1812,1800,-12
9240.jpg,1812,1840,28
9245.jpg,1812,1840,28
9250.jpg,1812,1900,88
9255.jpg,1812,1845,33
9260.jpg,1812,1925,113
9265.jpg,1812,1815,3
9270.jpg,1812,1830,18
9275.jpg,1812,1850,38
9280.jpg,1812,1820,8
9290.jpg,1812,1850,38
9295.jpg,1812,1700,-112
9300.jpg,1812,1790,-22
9305.jpg,1812,1810,-2
9310.jpg,1813,1723,-90
9315.jpg,1813,1830,17
9320.jpg,1813,1750,-63
9325.jpg,1813,1400,-413
9330.jpg,1813,1830,17
9335.jpg,1813,1830,17
9340.jpg,1813,1730,-83
9345.jpg,1813,1925,112
9350.jpg,1813,1820,7
9355.jpg,1813,1813,0
9360.jpg,1813,1850,37
9365.jpg,1813,1930,117
9370.jpg,1813,1840,27
9375.jpg,1814,1850,36
9390.jpg,1814,1800,-14
9395.jpg,1814,1668,-146
9400.jpg,1814,1814,0
9405.jpg,1814,1839,25
9410.jpg,1814,1925,111
9415.jpg,1814,1785,-29
9420.jpg,1814,1820,6
9425.jpg,1814,1750,-64
9430.jpg,1814,1842,28
9435.jpg,1814,1750,-64
9440.jpg,1814,1750,-64
9445.jpg,1814,1840,26
9450.jpg,1814,1830,16
9455.jpg,1814,1700,-114
9460.jpg,1814,1820,6
9465.jpg,1815,1820,5
9470.jpg,1815,1890,75
9475.jpg,1815,1800,-15
9480.jpg,1815,1830,15
9485.jpg,1815,1855,40
9490.jpg,1815,1830,15
9495.jpg,1815,1790,-25
9500.jpg,1815,1840,25
9505.jpg,1815,1790,-25
9510.jpg,1815,1950,135
9515.jpg,1815,1850,35
9520.jpg,1815,1780,-35
9525.jpg,1815,1915,100
9530.jpg,1815,1810,-5
9535.jpg,1815,1850,35
9540.jpg,1815,1800,-15
9545.jpg,1815,1760,-55
9550.jpg,1815,1730,-85
9555.jpg,1815,1810,-5
9560.jpg,1815,1825,10
9565.jpg,1815,1830,15
9570.jpg,1815,1925,110
9575.jpg,1815,1890,75
9580.jpg,1815,1720,-95
9585.jpg,1815,1850,35
9590.jpg,1815,1830,15
9595.jpg,1816,1920,104
9600.jpg,1816,1850,34
9605.jpg,1816,1816,0
9610.jpg,1816,1842,26
9615.jpg,1816,1816,0
9620.jpg,1816,1900,84
9625.jpg,1816,1796,-20
9630.jpg,1816,1840,24
9635.jpg,1816,1820,4
9640.jpg,1816,1840,24
9645.jpg,1816,1750,-66
9650.jpg,1816,1820,4
9655.jpg,1816,1830,14
9660.jpg,1816,1915,99
9665.jpg,1816,1930,114
9670.jpg,1816,1840,24
9675.jpg,1816,1850,34
9680.jpg,1816,1810,-6
9685.jpg,1816,1840,24
9690.jpg,1816,1880,64
9695.jpg,1816,1839,23
9700.jpg,1816,1710,-106
9705.jpg,1816,1750,-66
9710.jpg,1816,1815,-1
9715.jpg,1817,1860,43
9720.jpg,1817,1830,13
9725.jpg,1817,1800,-17
9730.jpg,1817,1846,29
9735.jpg,1817,1850,33
9740.jpg,1817,1910,93
9745.jpg,1817,1790,-27
9750.jpg,1817,1790,-27
9755.jpg,1817,1850,33
9760.jpg,1817,1800,-17
9765.jpg,1817,1845,28
9770.jpg,1817,1870,53
9775.jpg,1817,1938,121
9780.jpg,1817,1830,13
9785.jpg,1817,1860,43
9790.jpg,1818,1900,82
9795.jpg,1818,1787,-31
9800.jpg,1818,1840,22
9805.jpg,1818,1925,107
9810.jpg,1818,1840,22
9815.jpg,1818,1820,2
9820.jpg,1818,1900,82
9825.jpg,1818,1750,-68
9830.jpg,1818,1820,2
9835.jpg,1818,1855,37
9840.jpg,1818,1900,82
9845.jpg,1818,1860,42
9850.jpg,1818,1870,52
9855.jpg,1818,1850,32
9860.jpg,1818,1790,-28
9865.jpg,1818,1840,22
9870.jpg,1818,1840,22
9875.jpg,1818,1810,-8
9880.jpg,1818,1805,-13
9885.jpg,1818,1926,108
9890.jpg,1818,1810,-8
9895.jpg,1818,1805,-13
9900.jpg,1818,1821,3
9905.jpg,1818,1820,2
9910.jpg,1819,1861,42
9915.jpg,1819,1910,91
9920.jpg,1819,1858,39
9925.jpg,1819,1855,36
9930.jpg,1819,1840,21
9935.jpg,1819,1825,6
9940.jpg,1819,1810,-9
9945.jpg,1819,1840,21
9950.jpg,1819,1900,81
9955.jpg,1819,1840,21
9960.jpg,1819,1835,16
9965.jpg,1819,1820,1
9970.jpg,1819,1830,11
9975.jpg,1819,1885,66
9980.jpg,1819,1840,21
9985.jpg,1820,1820,0
9990.jpg,1820,1887,67
9995.jpg,1820,1928,108
10000.jpg,1820,1850,30
10005.jpg,1820,1816,-4
10010.jpg,1820,1890,70
10015.jpg,1820,1820,0
10020.jpg,1820,1935,115
10025.jpg,1820,1750,-70
10030.jpg,1820,1885,65
10035.jpg,1820,1950,130
10040.jpg,1820,1920,100
10045.jpg,1820,1840,20
10050.jpg,1820,1825,5
10055.jpg,1820,1820,0
10060.jpg,1820,1850,30
10065.jpg,1820,1765,-55
10070.jpg,1820,1800,-20
10075.jpg,1820,1830,10
10080.jpg,1820,1890,70
10085.jpg,1820,1789,-31
10090.jpg,1820,1820,0
10095.jpg,1820,1835,15
10100.jpg,1820,1810,-10
10105.jpg,1820,1830,10
10110.jpg,1820,1850,30
10115.jpg,1820,1925,105
10120.jpg,1820,1810,-10
10125.jpg,1820,1895,75
10130.jpg,1820,1820,0
10135.jpg,1820,1790,-30
10140.jpg,1820,1835,15
10145.jpg,1820,1950,130
10150.jpg,1820,1855,35
10155.jpg,1820,1835,15
10160.jpg,1820,1825,5
10165.jpg,1820,1800,-20
10170.jpg,1820,1850,30
10175.jpg,1820,1900,80
10180.jpg,1820,1910,90
10185.jpg,1820,1805,-15
10190.jpg,1820,1890,70
10195.jpg,1821,1806,-15
10200.jpg,1821,1914,93
10205.jpg,1821,1821,0
10210.jpg,1821,1955,134
10215.jpg,1821,1900,79
10220.jpg,1821,1840,19
10225.jpg,1821,1900,79
10230.jpg,1821,1850,29
10235.jpg,1821,1890,69
10240.jpg,1821,1925,104
10245.jpg,1821,1840,19
10250.jpg,1821,1825,4
10255.jpg,1821,1910,89
10260.jpg,1821,1810,-11
10265.jpg,1821,1840,19
10270.jpg,1821,1930,109
10275.jpg,1821,1830,9
10280.jpg,1822,1915,93
10285.jpg,1822,1850,28
10290.jpg,1822,1861,39
10295.jpg,1822,1892,70
10300.jpg,1822,1903,81
10305.jpg,1822,1915,93
10310.jpg,1822,1818,-4
10315.jpg,1822,1925,103
10320.jpg,1822,1830,8
10325.jpg,1822,1840,18
10330.jpg,1822,1885,63
10335.jpg,1822,1820,-2
10340.jpg,1822,1856,34
10345.jpg,1822,1925,103
10355.jpg,1822,1840,18
10360.jpg,1823,1800,-23
10365.jpg,1823,1925,102
10370.jpg,1823,1820,-3
10375.jpg,1823,1840,17
10385.jpg,1823,1839,16
10390.jpg,1823,1890,67
10395.jpg,1823,1840,17
10400.jpg,1823,1925,102
10405.jpg,1823,1850,27
10410.jpg,1823,1828,5
10415.jpg,1823,1840,17
10420.jpg,1823,1925,102
10425.jpg,1823,1792,-31
10430.jpg,1823,1850,27
10435.jpg,1823,1850,27
10440.jpg,1823,1750,-73
10445.jpg,1823,1925,102
10450.jpg,1823,1829,6
10455.jpg,1824,1820,-4
10460.jpg,1824,1830,6
10465.jpg,1824,1830,6
10470.jpg,1824,1850,26
10475.jpg,1824,1457,-367
10480.jpg,1824,1903,79
10485.jpg,1824,1730,-94
10490.jpg,1824,1830,6
10495.jpg,1824,1850,26
10500.jpg,1824,1820,-4
10505.jpg,1824,1790,-34
10510.jpg,1824,1840,16
10515.jpg,1824,1930,106
10520.jpg,1824,1855,31
10525.jpg,1824,1925,101
10530.jpg,1824,1850,26
10535.jpg,1824,1830,6
10540.jpg,1824,1840,16
10545.jpg,1824,1801,-23
10550.jpg,1825,1825,0
10555.jpg,1825,1871,46
10560.jpg,1825,1840,15
10565.jpg,1825,1890,65
10570.jpg,1825,1820,-5
10575.jpg,1825,1860,35
10580.jpg,1825,1863,38
10585.jpg,1825,1840,15
10590.jpg,1825,1850,25
10595.jpg,1825,1840,15
10600.jpg,1825,1820,-5
10605.jpg,1825,1850,25
10610.jpg,1825,1830,5
10615.jpg,1825,1855,30
10620.jpg,1825,1825,0
10625.jpg,1825,1840,15
10630.jpg,1825,1830,5
10635.jpg,1825,1930,105
10640.jpg,1825,1930,105
10645.jpg,1825,1800,-25
10650.jpg,1825,1830,5
10655.jpg,1825,1830,5
10660.jpg,1825,1840,15
10665.jpg,1825,1845,20
10670.jpg,1825,1855,30
10675.jpg,1825,1840,15
10680.jpg,1825,1780,-45
10685.jpg,1825,1830,5
10690.jpg,1825,1880,55
10695.jpg,1825,1890,65
10700.jpg,1825,1840,15
10705.jpg,1825,1840,15
10710.jpg,1825,1900,75
10715.jpg,1825,1900,75
10720.jpg,1825,1790,-35
10725.jpg,1825,1950,125
10730.jpg,1826,1855,29
10735.jpg,1826,1893,67
10745.jpg,1826,1834,8
10750.jpg,1826,1834,8
10755.jpg,1826,1906,80
10760.jpg,1826,1830,4
10765.jpg,1826,1810,-16
10770.jpg,1826,1865,39
10775.jpg,1826,1850,24
10780.jpg,1826,1840,14
10785.jpg,1826,1830,4
10790.jpg,1826,1840,14
10795.jpg,1826,1812,-14
10800.jpg,1826,1910,84
10805.jpg,1826,1730,-96
10810.jpg,1826,1828,2
10815.jpg,1826,1826,0
10820.jpg,1826,1840,14
10825.jpg,1826,1900,74
10830.jpg,1826,1912,86
10835.jpg,1827,1827,0
10840.jpg,1827,1753,-74
10845.jpg,1827,1820,-7
10850.jpg,1827,1840,13
10855.jpg,1827,1885,58
10860.jpg,1827,1900,73
10865.jpg,1827,1858,31
10870.jpg,1827,1910,83
10875.jpg,1827,1790,-37
10880.jpg,1827,1850,23
10885.jpg,1827,1885,58
10890.jpg,1827,1925,98
10895.jpg,1827,1825,-2
10900.jpg,1827,1820,-7
10905.jpg,1827,1750,-77
10910.jpg,1827,1855,28
10915.jpg,1827,1830,3
10920.jpg,1827,1840,13
10925.jpg,1827,1835,8
10930.jpg,1827,1880,53
10935.jpg,1827,1850,23
10940.jpg,1827,1910,83
10945.jpg,1828,1862,34
10950.jpg,1828,1880,52
10955.jpg,1828,1830,2
10960.jpg,1828,1830,2
10965.jpg,1828,1753,-75
10970.jpg,1828,1840,12
10975.jpg,1828,1885,57
10980.jpg,1828,1824,-4
10985.jpg,1828,1838,10
10990.jpg,1828,1905,77
10995.jpg,1828,1820,-8
11000.jpg,1828,1910,82
11005.jpg,1828,1825,-3
11010.jpg,1828,1830,2
11015.jpg,1828,1825,-3
11020.jpg,1828,1820,-8
11025.jpg,1828,1810,-18
11030.jpg,1828,1850,22
11035.jpg,1828,1825,-3
11040.jpg,1828,1750,-78
11045.jpg,1828,1845,17
11050.jpg,1828,1750,-78
11055.jpg,1828,1785,-43
11060.jpg,1828,1832,4
11065.jpg,1829,1850,21
11070.jpg,1829,1880,51
11075.jpg,1829,1865,36
11080.jpg,1829,1900,71
11085.jpg,1829,1820,-9
11090.jpg,1829,1866,37
11095.jpg,1829,1838,9
11100.jpg,1829,1908,79
11105.jpg,1829,1842,13
11110.jpg,1829,1770,-59
11115.jpg,1829,1600,-229
11120.jpg,1829,1835,6
11125.jpg,1829,1835,6
11130.jpg,1829,1858,29
11135.jpg,1829,1850,21
11140.jpg,1829,1855,26
11145.jpg,1829,1840,11
11150.jpg,1829,1890,61
11155.jpg,1829,1938,109
11160.jpg,1829,1800,-29
11165.jpg,1829,1910,81
11170.jpg,1830,1837,7
11175.jpg,1830,1890,60
11180.jpg,1830,1816,-14
11185.jpg,1830,1847,17
11190.jpg,1830,1830,0
11195.jpg,1830,1617,-213
11200.jpg,1830,1850,20
11205.jpg,1830,1800,-30
11210.jpg,1830,1880,50
11215.jpg,1830,1790,-40
11220.jpg,1830,1750,-80
11225.jpg,1830,1850,20
11230.jpg,1830,1770,-60
11235.jpg,1830,1855,25
11240.jpg,1830,1835,5
11245.jpg,1830,1970,140
11250.jpg,1830,1830,0
11255.jpg,1830,2023,193
11260.jpg,1830,1810,-20
11265.jpg,1830,1840,10
11270.jpg,1830,1850,20
11275.jpg,1830,1845,15
11280.jpg,1830,1905,75
11285.jpg,1830,1825,-5
11290.jpg,1830,1730,-100
11295.jpg,1830,1850,20
11300.jpg,1830,1850,20
11305.jpg,1830,1820,-10
11310.jpg,1830,1850,20
11315.jpg,1830,1840,10
11320.jpg,1830,1750,-80
11325.jpg,1830,1885,55
11330.jpg,1830,1910,80
11335.jpg,1830,1885,55
11340.jpg,1830,1925,95
11345.jpg,1830,1955,125
11350.jpg,1830,1845,15
11355.jpg,1830,1840,10
11360.jpg,1830,1820,-10
11365.jpg,1830,1830,0
11370.jpg,1830,1840,10
11375.jpg,1830,1632,-198
11380.jpg,1830,1890,60
11385.jpg,1830,1825,-5
11390.jpg,1830,1910,80
11395.jpg,1830,1900,70
11400.jpg,1831,1830,-1
11405.jpg,1831,1847,16
11410.jpg,1831,1820,-11
11415.jpg,1831,1905,74
11420.jpg,1831,1768,-63
11425.jpg,1831,1850,19
11430.jpg,1831,1857,26
11435.jpg,1831,1910,79
11440.jpg,1831,1935,104
11445.jpg,1831,1835,4
11450.jpg,1831,1990,159
11455.jpg,1831,1830,-1
11460.jpg,1831,1860,29
11465.jpg,1831,1835,4
11470.jpg,1831,1810,-21
11475.jpg,1831,1920,89
11480.jpg,1831,1800,-31
11485.jpg,1831,1920,89
11490.jpg,1832,1925,93
11495.jpg,1832,1910,78
11500.jpg,1832,1860,28
11505.jpg,1832,1840,8
11510.jpg,1832,1830,-2
11515.jpg,1832,1849,17
11525.jpg,1832,1955,123
11530.jpg,1832,1850,18
11535.jpg,1832,1928,96
11540.jpg,1832,1825,-7
11545.jpg,1832,1900,68
11550.jpg,1832,1855,23
11555.jpg,1832,1850,18
11560.jpg,1832,1832,0
11565.jpg,1832,1820,-12
11570.jpg,1832,1875,43
11575.jpg,1832,1850,18
11580.jpg,1832,1840,8
11585.jpg,1832,1900,68
11590.jpg,1832,1830,-2
11595.jpg,1832,1850,18
11600.jpg,1832,1820,-12
11605.jpg,1832,1840,8
11610.jpg,1832,1835,3
11615.jpg,1832,1790,-42
11620.jpg,1832,1800,-32
11625.jpg,1832,1840,8
11630.jpg,1832,1896,64
11635.jpg,1832,1950,118
11640.jpg,1832,1899,67
11645.jpg,1833,1908,75
11650.jpg,1833,1900,67
11655.jpg,1833,1905,72
11660.jpg,1833,1822,-11
11665.jpg,1833,1780,-53
11670.jpg,1833,1830,-3
11675.jpg,1833,1846,13
11680.jpg,1833,1900,67
11685.jpg,1833,1860,27
11690.jpg,1833,1895,62
11695.jpg,1833,1844,11
11700.jpg,1833,1930,97
11705.jpg,1833,1920,87
11710.jpg,1833,1925,92
11715.jpg,1833,1820,-13
11720.jpg,1833,1820,-13
11725.jpg,1833,1915,82
11730.jpg,1833,1825,-8
11735.jpg,1833,1840,7
11740.jpg,1833,1850,17
11745.jpg,1833,1750,-83
11750.jpg,1833,1850,17
11755.jpg,1833,1775,-58
11760.jpg,1833,1910,77
11765.jpg,1833,1827,-6
11770.jpg,1834,1837,3
11775.jpg,1834,1768,-66
11780.jpg,1834,1840,6
11785.jpg,1834,1833,-1
11790.jpg,1834,1800,-34
11795.jpg,1834,1845,11
11800.jpg,1834,1830,-4
11805.jpg,1834,1844,10
11810.jpg,1834,1910,76
11815.jpg,1834,1800,-34
11820.jpg,1834,1848,14
11825.jpg,1834,1840,6
11830.jpg,1834,1910,76
11835.jpg,1834,1885,51
11840.jpg,1834,1840,6
11845.jpg,1834,1925,91
11850.jpg,1834,1820,-14
11855.jpg,1834,1850,16
11860.jpg,1834,1920,86
11865.jpg,1834,1832,-2
11870.jpg,1834,1950,116
11875.jpg,1834,1790,-44
11880.jpg,1834,1830,-4
11885.jpg,1834,1820,-14
11890.jpg,1834,1829,-5
11895.jpg,1834,1771,-63
11900.jpg,1835,1820,-15
11905.jpg,1835,1850,15
11910.jpg,1835,1884,49
11915.jpg,1835,1910,75
11920.jpg,1835,1800,-35
11925.jpg,1835,1848,13
11930.jpg,1835,1896,61
11935.jpg,1835,1820,-15
11940.jpg,1835,1840,5
11945.jpg,1835,1893,58
11950.jpg,1835,1834,-1
11955.jpg,1835,1925,90
11960.jpg,1835,1900,65
11965.jpg,1835,1925,90
11970.jpg,1835,1850,15
11980.jpg,1835,1890,55
11985.jpg,1835,1935,100
11990.jpg,1835,1895,60
11995.jpg,1835,1960,125
12000.jpg,1835,1920,85
12005.jpg,1835,1915,80
12010.jpg,1835,1830,-5
12015.jpg,1835,1800,-35
12020.jpg,1835,1855,20
12025.jpg,1835,1850,15
12030.jpg,1835,1840,5
12035.jpg,1835,1840,5
12040.jpg,1835,1730,-105
12045.jpg,1835,1840,5
12050.jpg,1835,1780,-55
12055.jpg,1835,1837,2
12060.jpg,1835,1887,52
12065.jpg,1835,1790,-45
12070.jpg,1835,1840,5
12075.jpg,1835,1820,-15
12080.jpg,1835,1825,-10
12085.jpg,1835,1825,-10
12090.jpg,1835,1850,15
12095.jpg,1835,1840,5
12100.jpg,1835,1833,-2
12105.jpg,1835,1845,10
12110.jpg,1835,1848,13
12115.jpg,1835,1822,-13
12120.jpg,1835,1840,5
12125.jpg,1835,1920,85
12130.jpg,1836,1830,-6
12135.jpg,1836,1830,-6
12140.jpg,1836,1830,-6
12145.jpg,1836,1900,64
12150.jpg,1836,1840,4
12155.jpg,1836,1810,-26
12160.jpg,1836,1920,84
12170.jpg,1836,1854,18
12175.jpg,1836,1750,-86
12180.jpg,1836,1850,14
12185.jpg,1836,1905,69
12190.jpg,1836,1850,14
12195.jpg,1836,1850,14
12200.jpg,1836,1915,79
12205.jpg,1836,1855,19
12210.jpg,1836,1885,49
12215.jpg,1836,1846,10
12220.jpg,1836,1810,-26
12225.jpg,1836,1930,94
12230.jpg,1836,1845,9
12235.jpg,1836,1830,-6
12240.jpg,1836,1700,-136
12245.jpg,1836,1860,24
12250.jpg,1836,1850,14
12255.jpg,1836,1850,14
12260.jpg,1836,1825,-11
12265.jpg,1836,1850,14
12270.jpg,1836,1807,-29
12275.jpg,1836,1825,-11
12280.jpg,1837,1830,-7
12285.jpg,1837,1837,0
12290.jpg,1837,1820,-17
12295.jpg,1837,1885,48
12300.jpg,1837,1885,48
12305.jpg,1837,1840,3
12310.jpg,1837,1895,58
12315.jpg,1837,1806,-31
12320.jpg,1837,1970,133
12325.jpg,1837,1873,36
12330.jpg,1837,1895,58
12335.jpg,1837,1820,-17
12340.jpg,1837,1790,-47
12345.jpg,1837,1760,-77
12350.jpg,1837,1875,38
12355.jpg,1837,1850,13
12360.jpg,1837,1845,8
12365.jpg,1837,1925,88
12370.jpg,1837,1840,3
12375.jpg,1837,1850,13
12380.jpg,1837,1900,63
12385.jpg,1837,1925,88
12390.jpg,1837,1830,-7
12395.jpg,1837,1855,18
12400.jpg,1837,1890,53
12405.jpg,1837,1855,18
12410.jpg,1837,1835,-2
12415.jpg,1837,1895,58
12420.jpg,1837,1840,3
12425.jpg,1837,1890,53
12430.jpg,1837,1800,-37
12435.jpg,1837,1925,88
12440.jpg,1837,1906,69
12445.jpg,1837,1850,13
12450.jpg,1838,1873,35
12455.jpg,1838,1855,17
12460.jpg,1838,1830,-8
12465.jpg,1838,1780,-58
12470.jpg,1838,1850,12
12475.jpg,1838,1920,82
12480.jpg,1838,1836,-2
12485.jpg,1838,1840,2
12490.jpg,1838,1905,67
12495.jpg,1838,1875,37
12500.jpg,1838,1859,21
12505.jpg,1838,1890,52
12510.jpg,1838,1830,-8
12515.jpg,1838,1835,-3
12520.jpg,1838,1750,-88
12525.jpg,1838,1910,72
12530.jpg,1838,1840,2
12535.jpg,1838,1915,77
12540.jpg,1838,1850,12
12545.jpg,1838,1900,62
12550.jpg,1838,1915,77
12555.jpg,1838,1960,122
12560.jpg,1838,1855,17
12565.jpg,1838,1885,47
12570.jpg,1838,1840,2
12575.jpg,1838,1750,-88
12580.jpg,1838,1930,92
12585.jpg,1838,1830,-8
12590.jpg,1838,1855,17
12600.jpg,1838,1910,72
12605.jpg,1838,1913,75
12610.jpg,1838,1905,67
12615.jpg,1838,1835,-3
12620.jpg,1838,1830,-8
12625.jpg,1839,1930,91
12630.jpg,1839,1850,11
12635.jpg,1839,1880,41
12640.jpg,1839,1939,100
12645.jpg,1839,1840,1
12650.jpg,1839,1988,149
12655.jpg,1839,1829,-10
12660.jpg,1839,1875,36
12665.jpg,1839,1816,-23
12670.jpg,1839,1820,-19
12675.jpg,1839,1840,1
12680.jpg,1839,1820,-19
12685.jpg,1839,1840,1
12690.jpg,1839,1975,136
12695.jpg,1839,1850,11
12700.jpg,1839,1600,-239
12705.jpg,1839,1785,-54
12710.jpg,1839,1900,61
12715.jpg,1839,1825,-14
12720.jpg,1839,1765,-74
12725.jpg,1839,1900,61
12730.jpg,1839,1840,1
12735.jpg,1839,1820,-19
12740.jpg,1839,1835,-4
12745.jpg,1839,1850,11
12750.jpg,1839,1930,91
12755.jpg,1839,1985,146
12760.jpg,1839,1840,1
12765.jpg,1839,1700,-139
12770.jpg,1839,1846,7
12775.jpg,1839,1822,-17
12780.jpg,1840,1910,70
12785.jpg,1840,1925,85
12790.jpg,1840,1890,50
12795.jpg,1840,1830,-10
12800.jpg,1840,1800,-40
12805.jpg,1840,1860,20
12810.jpg,1840,1850,10
12815.jpg,1840,1840,0
12820.jpg,1840,1852,12
12825.jpg,1840,1870,30
12830.jpg,1840,1875,35
12835.jpg,1840,1919,79
12840.jpg,1840,1840,0
12845.jpg,1840,1840,0
12850.jpg,1840,1840,0
12860.jpg,1840,1925,85
12865.jpg,1840,1930,90
12870.jpg,1840,1925,85
12875.jpg,1840,1846,6
12880.jpg,1840,1840,0
12885.jpg,1840,1810,-30
12890.jpg,1840,1840,0
12895.jpg,1840,1840,0
12900.jpg,1840,1880,40
12905.jpg,1840,1910,70
12910.jpg,1840,1930,90
12915.jpg,1840,1860,20
12920.jpg,1840,1850,10
12925.jpg,1840,1895,55
12930.jpg,1840,1890,50
12935.jpg,1840,1910,70
12940.jpg,1840,1850,10
12945.jpg,1840,1910,70
12950.jpg,1840,1835,-5
12955.jpg,1840,1895,55
12960.jpg,1840,1840,0
12965.jpg,1840,1750,-90
12970.jpg,1840,1840,0
12975.jpg,1840,1840,0
12980.jpg,1840,1950,110
12985.jpg,1840,1840,0
12990.jpg,1840,1855,15
12995.jpg,1840,1930,90
13005.jpg,1840,1890,50
13010.jpg,1840,1885,45
13015.jpg,1840,1910,70
13020.jpg,1840,1840,0
13025.jpg,1840,1905,65
13030.jpg,1841,1910,69
13035.jpg,1841,1820,-21
13040.jpg,1841,1820,-21
13045.jpg,1841,1860,19
13050.jpg,1841,1930,89
13055.jpg,1841,1800,-41
13060.jpg,1841,1838,-3
13065.jpg,1841,1800,-41
13070.jpg,1841,1849,8
13075.jpg,1841,1790,-51
13080.jpg,1841,1840,-1
13085.jpg,1841,1970,129
13090.jpg,1841,1905,64
13095.jpg,1841,1905,64
13100.jpg,1841,1835,-6
13105.jpg,1841,1905,64
13110.jpg,1841,1840,-1
13115.jpg,1841,1840,-1
13120.jpg,1841,2000,159
13125.jpg,1841,1823,-18
13130.jpg,1841,1790,-51
13135.jpg,1841,1920,79
13140.jpg,1841,1890,49
13145.jpg,1842,1885,43
13150.jpg,1842,1935,93
13155.jpg,1842,1905,63
13160.jpg,1842,1853,11
13165.jpg,1842,1859,17
13170.jpg,1842,1859,17
13175.jpg,1842,1813,-29
13180.jpg,1842,1840,-2
13185.jpg,1842,1874,32
13190.jpg,1842,1855,13
13195.jpg,1842,1820,-22
13200.jpg,1842,1840,-2
13205.jpg,1842,1820,-22
13210.jpg,1842,1840,-2
13215.jpg,1842,1840,-2
13220.jpg,1842,1800,-42
13225.jpg,1842,1855,13
13230.jpg,1842,1880,38
13235.jpg,1842,1830,-12
13240.jpg,1842,1820,-22
13245.jpg,1842,1925,83
13250.jpg,1842,1910,68
13255.jpg,1842,1885,43
13260.jpg,1842,1810,-32
13265.jpg,1842,1835,-7
13270.jpg,1842,1860,18
13275.jpg,1842,1825,-17
13280.jpg,1842,1500,-342
13285.jpg,1842,1890,48
13290.jpg,1842,1850,8
13295.jpg,1842,1905,63
13300.jpg,1843,1843,0
13305.jpg,1843,1830,-13
13310.jpg,1843,1925,82
13315.jpg,1843,1895,52
13320.jpg,1843,1826,-17
13325.jpg,1843,1925,82
13330.jpg,1843,1905,62
13335.jpg,1843,1960,117
13340.jpg,1843,1800,-43
13345.jpg,1843,1905,62
13350.jpg,1843,1860,17
13355.jpg,1843,1840,-3
13360.jpg,1843,1920,77
13365.jpg,1843,1820,-23
13370.jpg,1843,1770,-73
13380.jpg,1843,1855,12
13385.jpg,1843,1850,7
13390.jpg,1843,1845,2
13395.jpg,1843,1850,7
13400.jpg,1843,1820,-23
13405.jpg,1843,1840,-3
13410.jpg,1843,1842,-1
13415.jpg,1843,1939,96
13420.jpg,1843,1860,17
13425.jpg,1843,1830,-13
13430.jpg,1844,1880,36
13435.jpg,1844,1840,-4
13440.jpg,1844,1880,36
13445.jpg,1844,1975,131
13450.jpg,1844,1880,36
13455.jpg,1844,1845,1
13460.jpg,1844,1885,41
13465.jpg,1844,1845,1
13470.jpg,1844,1845,1
13475.jpg,1844,1865,21
13480.jpg,1844,1845,1
13485.jpg,1844,1880,36
13490.jpg,1844,1860,16
13495.jpg,1844,1980,136
13500.jpg,1844,1840,-4
13505.jpg,1844,1855,11
13510.jpg,1844,1790,-54
13515.jpg,1844,1855,11
13520.jpg,1844,1845,1
13525.jpg,1844,1830,-14
13530.jpg,1844,1890,46
13535.jpg,1844,1895,51
13540.jpg,1844,1892,48
13545.jpg,1844,1844,0
13550.jpg,1844,1865,21
13555.jpg,1844,1890,46
13560.jpg,1844,1910,66
13565.jpg,1845,1849,4
13570.jpg,1845,1911,66
13575.jpg,1845,1880,35
13580.jpg,1845,1880,35
13585.jpg,1845,1903,58
13590.jpg,1845,1890,45
13595.jpg,1845,1913,68
13600.jpg,1845,1900,55
13605.jpg,1845,1845,0
13610.jpg,1845,1880,35
13615.jpg,1845,1854,9
13620.jpg,1845,1825,-20
13625.jpg,1845,1840,-5
13630.jpg,1845,1840,-5
13635.jpg,1845,1850,5
13640.jpg,1845,1910,65
13645.jpg,1845,1855,10
13650.jpg,1845,1810,-35
13655.jpg,1845,1855,10
13660.jpg,1845,1890,45
13665.jpg,1845,1840,-5
13670.jpg,1845,2010,165
13675.jpg,1845,1885,40
13680.jpg,1845,1900,55
13685.jpg,1845,0,-1845
13690.jpg,1845,1840,-5
13695.jpg,1845,1840,-5
13700.jpg,1845,1845,0
13705.jpg,1845,1840,-5
13710.jpg,1845,1925,80
13720.jpg,1845,1925,80
13725.jpg,1845,1895,50
13730.jpg,1845,1905,60
13735.jpg,1845,1889,44
13740.jpg,1845,1820,-25
13745.jpg,1845,1820,-25
13750.jpg,1845,1840,-5
13755.jpg,1845,1750,-95
13760.jpg,1845,1845,0
13765.jpg,1845,1850,5
13770.jpg,1845,1845,0
13775.jpg,1845,1845,0
13780.jpg,1845,1650,-195
13785.jpg,1845,1890,45
13790.jpg,1845,1925,80
13795.jpg,1845,1904,59
13800.jpg,1845,1920,75
13805.jpg,1846,1840,-6
13810.jpg,1846,1769,-77
13815.jpg,1846,1880,34
13820.jpg,1846,1886,40
13825.jpg,1846,1846,0
13830.jpg,1846,1820,-26
13835.jpg,1846,1824,-22
13840.jpg,1846,1928,82
13845.jpg,1846,1840,-6
13850.jpg,1846,1875,29
13855.jpg,1846,1900,54
13860.jpg,1846,1830,-16
13865.jpg,1846,1910,64
13870.jpg,1846,1840,-6
13875.jpg,1846,1850,4
13880.jpg,1846,1850,4
13885.jpg,1846,1810,-36
13890.jpg,1846,1845,-1
13895.jpg,1846,1925,79
13900.jpg,1846,1900,54
13905.jpg,1846,1790,-56
13910.jpg,1846,1835,-11
13915.jpg,1846,1840,-6
13920.jpg,1846,1850,4
13925.jpg,1846,1925,79
13930.jpg,1846,1840,-6
13935.jpg,1846,1820,-26
13940.jpg,1847,1893,46
13945.jpg,1847,1840,-7
13950.jpg,1847,1905,58
13955.jpg,1847,1900,53
13960.jpg,1847,1900,53
13965.jpg,1847,1841,-6
13970.jpg,1847,1855,8
13975.jpg,1847,1850,3
13980.jpg,1847,1882,35
13985.jpg,1847,1841,-6
13990.jpg,1847,1885,38
13995.jpg,1847,1840,-7
14000.jpg,1847,1925,78
14005.jpg,1847,1840,-7
14010.jpg,1847,1835,-12
14015.jpg,1847,1890,43
14020.jpg,1847,1850,3
14030.jpg,1847,1895,48
14035.jpg,1847,1820,-27
14040.jpg,1847,1840,-7
14045.jpg,1847,1935,88
14050.jpg,1847,1855,8
14055.jpg,1847,1900,53
14060.jpg,1847,1920,73
14065.jpg,1847,1855,8
14070.jpg,1847,1820,-27
14075.jpg,1847,1895,48
14080.jpg,1847,1850,3
14085.jpg,1847,1855,8
14090.jpg,1847,1910,63
14095.jpg,1847,1840,-7
14100.jpg,1847,1930,83
14105.jpg,1847,1965,118
14110.jpg,1848,1900,52
14115.jpg,1848,1864,16
14120.jpg,1848,1915,67
14125.jpg,1848,2005,157
14130.jpg,1848,1848,0
14135.jpg,1848,1820,-28
14140.jpg,1848,1840,-8
14145.jpg,1848,1880,32
14150.jpg,1848,1851,3
14155.jpg,1848,1900,52
14160.jpg,1848,1871,23
14165.jpg,1848,1850,2
14170.jpg,1848,1840,-8
14175.jpg,1848,1860,12
14180.jpg,1848,1860,12
14185.jpg,1848,1900,52
14190.jpg,1848,1915,67
14195.jpg,1848,1900,52
14200.jpg,1848,1900,52
14205.jpg,1848,1890,42
14210.jpg,1848,1875,27
14215.jpg,1848,1885,37
14220.jpg,1848,1840,-8
14225.jpg,1848,1848,0
14230.jpg,1848,1840,-8
14235.jpg,1848,1855,7
14240.jpg,1848,1850,2
14245.jpg,1848,1840,-8
14250.jpg,1848,1850,2
14255.jpg,1848,1845,-3
14260.jpg,1848,1810,-38
14265.jpg,1848,1930,82
14270.jpg,1848,1890,42
14275.jpg,1848,1840,-8
14280.jpg,1848,1845,-3
14285.jpg,1848,1860,12
14290.jpg,1848,1840,-8
14295.jpg,1848,1870,22
14300.jpg,1848,1925,77
14305.jpg,1848,1850,2
14310.jpg,1848,1960,112
14315.jpg,1848,1890,42
14320.jpg,1848,1850,2
14325.jpg,1848,1840,-8
14330.jpg,1848,1900,52
14335.jpg,1848,1850,2
14340.jpg,1849,1850,1
14345.jpg,1849,1857,8
14350.jpg,1849,1850,1
14355.jpg,1849,1850,1
14360.jpg,1849,2020,171
14365.jpg,1849,1887,38
14370.jpg,1849,1870,21
14375.jpg,1849,1929,80
14380.jpg,1849,1889,40
14385.jpg,1849,1834,-15
14390.jpg,1849,1770,-79
14395.jpg,1849,1840,-9
14400.jpg,1849,1845,-4
14405.jpg,1849,1880,31
14410.jpg,1849,1750,-99
14415.jpg,1849,1870,21
14420.jpg,1849,1849,0
14425.jpg,1849,1890,41
14430.jpg,1849,1850,1
14435.jpg,1849,1900,51
14440.jpg,1849,1830,-19
14445.jpg,1849,1820,-29
14450.jpg,1849,1840,-9
14455.jpg,1849,1850,1
14460.jpg,1849,1845,-4
14465.jpg,1849,1850,1
14470.jpg,1849,1910,61
14475.jpg,1849,1840,-9
14480.jpg,1849,1890,41
14485.jpg,1849,1885,36
14490.jpg,1849,1647,-202
14495.jpg,1849,1900,51
14500.jpg,1849,1899,50
14505.jpg,1850,1850,0
14510.jpg,1850,1790,-60
14515.jpg,1850,1750,-100
14520.jpg,1850,1850,0
14525.jpg,1850,1845,-5
14530.jpg,1850,1955,105
14535.jpg,1850,1850,0
14540.jpg,1850,1900,50
14545.jpg,1850,1750,-100
14550.jpg,1850,1890,40
14555.jpg,1850,1900,50
14560.jpg,1850,1890,40
14565.jpg,1850,1855,5
14570.jpg,1850,1720,-130
14575.jpg,1850,1870,20
14580.jpg,1850,1880,30
14585.jpg,1850,1848,-2
14590.jpg,1850,1840,-10
14600.jpg,1850,1838,-12
14605.jpg,1850,1860,10
14610.jpg,1850,1850,0
14615.jpg,1850,1900,50
14620.jpg,1850,1890,40
14625.jpg,1850,1880,30
14630.jpg,1850,1860,10
14635.jpg,1850,1840,-10
14640.jpg,1850,1925,75
14645.jpg,1850,1875,25
14650.jpg,1850,1970,120
14655.jpg,1850,1855,5
14660.jpg,1850,1830,-20
14665.jpg,1850,1850,0
14670.jpg,1850,1830,-20
14675.jpg,1850,1850,0
14680.jpg,1850,1850,0
14685.jpg,1850,1925,75
14690.jpg,1850,1860,10
14695.jpg,1850,1857,7
14700.jpg,1850,1890,40
14705.jpg,1850,1850,0
14710.jpg,1850,1885,35
14715.jpg,1850,1850,0
14720.jpg,1850,1850,0
14725.jpg,1850,1855,5
14730.jpg,1850,1900,50
14735.jpg,1850,1830,-20
14740.jpg,1850,1855,5
14745.jpg,1850,1900,50
14750.jpg,1850,1850,0
14755.jpg,1850,1840,-10
14760.jpg,1850,1900,50
14765.jpg,1850,1910,60
14770.jpg,1850,1870,20
14775.jpg,1850,1910,60
14780.jpg,1850,1840,-10
14785.jpg,1851,1897,46
14790.jpg,1851,1843,-8
14795.jpg,1851,1935,84
14800.jpg,1851,1900,49
14805.jpg,1851,1920,69
14810.jpg,1851,1895,44
14815.jpg,1851,1820,-31
14820.jpg,1851,1855,4
14825.jpg,1851,1890,39
14830.jpg,1851,1885,34
14835.jpg,1851,1839,-12
14840.jpg,1851,1840,-11
14845.jpg,1851,1875,24
14850.jpg,1851,1840,-11
14855.jpg,1851,1855,4
14860.jpg,1851,1895,44
14865.jpg,1851,1830,-21
14870.jpg,1851,1780,-71
14880.jpg,1851,1759,-92
14885.jpg,1851,1855,4
14890.jpg,1851,1840,-11
14895.jpg,1851,1750,-101
14900.jpg,1851,1855,4
14905.jpg,1851,1889,38
14910.jpg,1851,1750,-101
14915.jpg,1851,1840,-11
14920.jpg,1851,1830,-21
14925.jpg,1851,1850,-1
14930.jpg,1851,1854,3
14935.jpg,1851,1850,-1
14940.jpg,1851,1830,-21
14945.jpg,1852,1880,28
14950.jpg,1852,1905,53
14955.jpg,1852,1860,8
14960.jpg,1852,1909,57
14965.jpg,1852,1858,6
14970.jpg,1852,1840,-12
14975.jpg,1852,1930,78
14980.jpg,1852,1849,-3
14985.jpg,1852,1892,40
14990.jpg,1852,1910,58
14995.jpg,1852,1915,63
15000.jpg,1852,1860,8
15005.jpg,1852,1860,8
15010.jpg,1852,1840,-12
15015.jpg,1852,1885,33
15020.jpg,1852,1850,-2
15025.jpg,1852,1875,23
15030.jpg,1852,1855,3
15035.jpg,1852,1850,-2
15040.jpg,1852,1875,23
15045.jpg,1852,1845,-7
15050.jpg,1852,1925,73
15055.jpg,1852,1780,-72
15060.jpg,1852,1900,48
15065.jpg,1852,1855,3
15070.jpg,1852,1855,3
15075.jpg,1852,1846,-6
15080.jpg,1852,1840,-12
15085.jpg,1852,1900,48
15090.jpg,1852,1910,58
15095.jpg,1852,1850,-2
15100.jpg,1852,1850,-2
15105.jpg,1852,1852,0
15110.jpg,1852,1910,58
15115.jpg,1852,1855,3
15120.jpg,1852,1885,33
15125.jpg,1852,1885,33
15130.jpg,1852,1840,-12
15135.jpg,1853,1850,-3
15140.jpg,1853,1856,3
15145.jpg,1853,1880,27
15150.jpg,1853,1867,14
15155.jpg,1853,1885,32
15160.jpg,1853,1840,-13
15165.jpg,1853,1914,61
15170.jpg,1853,1813,-40
15175.jpg,1853,1855,2
15180.jpg,1853,1890,37
15185.jpg,1853,1850,-3
15190.jpg,1853,1860,7
15195.jpg,1853,1873,20
15200.jpg,1853,1857,4
15205.jpg,1853,1852,-1
15210.jpg,1853,1850,-3
15215.jpg,1853,1855,2
15220.jpg,1853,1860,7
15225.jpg,1853,1840,-13
15230.jpg,1853,1900,47
15235.jpg,1853,1850,-3
15240.jpg,1853,1885,32
15245.jpg,1853,1840,-13
15250.jpg,1853,1880,27
15255.jpg,1853,1890,37
15260.jpg,1853,1890,37
15265.jpg,1853,1860,7
15270.jpg,1853,1870,17
15275.jpg,1853,1850,-3
15280.jpg,1853,1895,42
15285.jpg,1853,1835,-18
15290.jpg,1853,1850,-3
15295.jpg,1853,1850,-3
15300.jpg,1853,1860,7
15305.jpg,1853,1850,-3
15310.jpg,1853,1800,-53
15315.jpg,1853,1860,7
15320.jpg,1853,1910,57
15325.jpg,1853,1835,-18
15330.jpg,1853,1870,17
15335.jpg,1853,1900,47
15340.jpg,1853,1855,2
15345.jpg,1853,1750,-103
15350.jpg,1853,1999,146
15355.jpg,1854,1857,3
15360.jpg,1854,1960,106
15365.jpg,1854,1840,-14
15370.jpg,1854,1885,31
15375.jpg,1854,1850,-4
15380.jpg,1854,1850,-4
15385.jpg,1854,1836,-18
15390.jpg,1854,1883,29
15395.jpg,1854,1855,1
15400.jpg,1854,1829,-25
15405.jpg,1854,1870,16
15410.jpg,1854,1854,0
15415.jpg,1854,1822,-32
15420.jpg,1854,1895,41
15425.jpg,1854,1895,41
15430.jpg,1854,1857,3
15435.jpg,1854,1955,101
15440.jpg,1854,1940,86
15445.jpg,1854,1900,46
15450.jpg,1855,1849,-6
15455.jpg,1855,1920,65
15460.jpg,1855,1920,65
15465.jpg,1855,1800,-55
15470.jpg,1855,1900,45
15475.jpg,1855,1883,28
15480.jpg,1855,1870,15
15485.jpg,1855,1870,15
15490.jpg,1855,1890,35
15495.jpg,1855,2008,153
15500.jpg,1855,1855,0
15505.jpg,1855,1831,-24
15510.jpg,1855,1870,15
15515.jpg,1855,1856,1
15520.jpg,1855,1860,5
15525.jpg,1855,1895,40
15530.jpg,1855,1905,50
15535.jpg,1855,1855,0
15540.jpg,1855,1895,40
15545.jpg,1855,1820,-35
15550.jpg,1855,1885,30
15555.jpg,1855,1890,35
15560.jpg,1855,1850,-5
15565.jpg,1855,1860,5
15570.jpg,1855,1850,-5
15575.jpg,1855,1930,75
15580.jpg,1855,1855,0
15585.jpg,1855,1934,79
15590.jpg,1855,1935,80
15595.jpg,1855,1850,-5
15600.jpg,1855,1895,40
15605.jpg,1855,1920,65
15610.jpg,1855,1925,70
15615.jpg,1855,1860,5
15620.jpg,1855,1750,-105
15625.jpg,1855,1856,1
15630.jpg,1855,1855,0
15635.jpg,1855,1850,-5
15640.jpg,1855,1925,70
15645.jpg,1855,1875,20
15650.jpg,1855,1910,55
15655.jpg,1855,1850,-5
15660.jpg,1855,1850,-5
15665.jpg,1855,1885,30
15670.jpg,1855,1900,45
15675.jpg,1855,1890,35
15680.jpg,1855,1910,55
15685.jpg,1855,1890,35
15690.jpg,1855,1890,35
15695.jpg,1855,1855,0
15705.jpg,1856,1840,-16
15710.jpg,1856,1885,29
15715.jpg,1856,1850,-6
15720.jpg,1856,1840,-16
15725.jpg,1856,1885,29
15730.jpg,1856,1890,34
15735.jpg,1856,1856,0
15740.jpg,1856,1900,44
15745.jpg,1856,1855,-1
15750.jpg,1856,1883,27
15755.jpg,1856,1792,-64
15760.jpg,1856,1860,4
15765.jpg,1856,1883,27
15770.jpg,1856,1856,0
15775.jpg,1856,1866,10
15780.jpg,1856,1850,-6
15785.jpg,1856,1832,-24
15795.jpg,1856,1850,-6
15800.jpg,1856,1870,14
15805.jpg,1856,1855,-1
15810.jpg,1856,1915,59
15815.jpg,1856,1830,-26
15820.jpg,1856,1840,-16
15825.jpg,1856,1915,59
15830.jpg,1856,1850,-6
15835.jpg,1856,1925,69
15840.jpg,1856,1850,-6
15845.jpg,1856,1850,-6
15850.jpg,1856,1855,-1
15855.jpg,1856,1870,14
15860.jpg,1856,1850,-6
15865.jpg,1856,1850,-6
15870.jpg,1856,1840,-16
15875.jpg,1856,1900,44
15880.jpg,1856,1882,26
15885.jpg,1856,1870,14
15890.jpg,1856,1855,-1
15895.jpg,1856,1850,-6
15900.jpg,1856,1915,59
15905.jpg,1856,1850,-6
15910.jpg,1856,1930,74
15915.jpg,1856,1840,-16
15920.jpg,1856,1840,-16
15930.jpg,1856,1925,69
15935.jpg,1856,1880,24
15940.jpg,1856,1855,-1
15945.jpg,1856,1875,19
15950.jpg,1856,1905,49
15955.jpg,1856,1907,51
15960.jpg,1856,1880,24
15965.jpg,1856,1855,-1
15970.jpg,1856,1800,-56
15975.jpg,1856,1900,44
15980.jpg,1857,1850,-7
15985.jpg,1857,1819,-38
15990.jpg,1857,1986,129
15995.jpg,1857,1850,-7
16000.jpg,1857,1895,38
16005.jpg,1857,1856,-1
16010.jpg,1857,1857,0
16015.jpg,1857,1855,-2
16020.jpg,1857,1900,43
16025.jpg,1857,1870,13
16030.jpg,1857,1871,14
16035.jpg,1857,1851,-6
16040.jpg,1857,1905,48
16045.jpg,1857,1895,38
16050.jpg,1857,1892,35
16055.jpg,1857,1859,2
16060.jpg,1857,1850,-7
16065.jpg,1857,1895,38
16070.jpg,1857,1890,33
16075.jpg,1857,1900,43
16080.jpg,1857,1860,3
16085.jpg,1857,1875,18
16090.jpg,1857,1885,28
16095.jpg,1857,1840,-17
16100.jpg,1857,1820,-37
16105.jpg,1857,1890,33
16110.jpg,1857,1885,28
16115.jpg,1857,1855,-2
16120.jpg,1857,1840,-17
16125.jpg,1857,1905,48
16130.jpg,1857,1895,38
16135.jpg,1857,1905,48
16140.jpg,1857,1825,-32
16145.jpg,1857,1840,-17
16150.jpg,1857,1855,-2
16155.jpg,1857,1925,68
16160.jpg,1857,1880,23
16165.jpg,1857,1840,-17
16170.jpg,1857,1885,28
16175.jpg,1857,1925,68
16180.jpg,1857,1870,13
16185.jpg,1857,1920,63
16190.jpg,1857,1850,-7
16195.jpg,1857,1840,-17
16200.jpg,1857,1834,-23
16205.jpg,1857,2000,143
16210.jpg,1857,1860,3
16215.jpg,1857,1910,53
16220.jpg,1857,1840,-17
16225.jpg,1857,1913,56
16230.jpg,1857,1905,48
16235.jpg,1858,1870,12
16240.jpg,1858,1930,72
16245.jpg,1858,1845,-13
16250.jpg,1858,1895,37
16255.jpg,1858,1890,32
16260.jpg,1858,1885,27
16265.jpg,1858,1864,6
16270.jpg,1858,1840,-18
16275.jpg,1858,1843,-15
16280.jpg,1858,1860,2
16285.jpg,1858,1850,-8
16290.jpg,1858,1880,22
16295.jpg,1858,1930,72
16300.jpg,1858,1858,0
16305.jpg,1858,1906,48
16310.jpg,1858,1859,1
16315.jpg,1858,1838,-20
16320.jpg,1858,1830,-28
16325.jpg,1858,1885,27
16330.jpg,1858,1905,47
16335.jpg,1858,1875,17
16340.jpg,1858,1835,-23
16345.jpg,1858,1930,72
16350.jpg,1858,1850,-8
16355.jpg,1858,1895,37
16360.jpg,1858,1855,-3
16365.jpg,1858,1840,-18
16370.jpg,1858,1850,-8
16375.jpg,1858,1905,47
16380.jpg,1858,1905,47
16385.jpg,1858,1860,2
16390.jpg,1858,1840,-18
16395.jpg,1858,1925,67
16400.jpg,1858,1855,-3
16405.jpg,1858,1890,32
16410.jpg,1858,1845,-13
16415.jpg,1858,1885,27
16420.jpg,1858,1850,-8
16425.jpg,1858,1850,-8
16430.jpg,1858,1830,-28
16435.jpg,1858,1855,-3
16440.jpg,1858,1850,-8
16445.jpg,1858,1825,-33
16450.jpg,1858,1900,42
16455.jpg,1858,1840,-18
16460.jpg,1858,1905,47
16465.jpg,1858,1859,1
16470.jpg,1858,1872,14
16475.jpg,1858,1772,-86
16480.jpg,1858,1930,72
16485.jpg,1858,1885,27
16490.jpg,1859,1800,-59
16495.jpg,1859,1900,41
16505.jpg,1859,1859,0
16510.jpg,1859,1880,21
16515.jpg,1859,1892,33
16520.jpg,1859,1890,31
16525.jpg,1859,1860,1
16530.jpg,1859,1850,-9
16535.jpg,1859,1859,0
16540.jpg,1859,1845,-14
16545.jpg,1859,1870,11
16550.jpg,1859,1880,21
16555.jpg,1859,1848,-11
16560.jpg,1859,1898,39
16565.jpg,1859,1857,-2
16570.jpg,1859,1848,-11
16575.jpg,1859,1865,6
16580.jpg,1859,1859,0
16585.jpg,1859,1700,-159
16590.jpg,1859,1850,-9
16595.jpg,1859,1870,11
16600.jpg,1859,1840,-19
16605.jpg,1859,1925,66
16610.jpg,1859,1860,1
16615.jpg,1859,1880,21
16620.jpg,1859,1855,-4
16625.jpg,1859,1935,76
16630.jpg,1859,1925,66
16635.jpg,1859,1885,26
16640.jpg,1859,1855,-4
16645.jpg,1859,1870,11
16650.jpg,1859,1850,-9
16655.jpg,1859,1855,-4
16660.jpg,1859,1840,-19
16665.jpg,1859,1845,-14
16670.jpg,1859,1870,11
16675.jpg,1859,1840,-19
16680.jpg,1859,1870,11
16685.jpg,1859,1855,-4
16690.jpg,1859,1870,11
16695.jpg,1859,1850,-9
16700.jpg,1859,1920,61
16705.jpg,1859,1850,-9
16710.jpg,1859,1887,28
16715.jpg,1859,1859,0
16720.jpg,1859,1850,-9
16725.jpg,1859,1874,15
16730.jpg,1859,1860,1
16735.jpg,1860,1830,-30
16740.jpg,1860,1890,30
16745.jpg,1860,1866,6
16750.jpg,1860,1862,2
16755.jpg,1860,1920,60
16760.jpg,1860,1890,30
16765.jpg,1860,1870,10
16770.jpg,1860,1875,15
16775.jpg,1860,1900,40
16785.jpg,1860,1614,-246
16790.jpg,1860,1892,32
16795.jpg,1860,1750,-110
16800.jpg,1860,1885,25
16805.jpg,1860,1890,30
16810.jpg,1860,1895,35
16815.jpg,1860,1860,0
16820.jpg,1860,1900,40
16825.jpg,1860,1880,20
16830.jpg,1860,1900,40
16835.jpg,1860,1910,50
16840.jpg,1860,1750,-110
16845.jpg,1860,1875,15
16850.jpg,1860,1860,0
16855.jpg,1860,1840,-20
16860.jpg,1860,1744,-116
16865.jpg,1860,1920,60
16870.jpg,1860,1850,-10
16875.jpg,1860,1840,-20
16880.jpg,1860,1840,-20
16885.jpg,1860,1840,-20
16890.jpg,1860,1840,-20
16895.jpg,1860,1900,40
16900.jpg,1860,1905,45
16905.jpg,1860,1915,55
16910.jpg,1860,1910,50
16915.jpg,1860,1880,20
16920.jpg,1860,1840,-20
16925.jpg,1860,1850,-10
16930.jpg,1860,1885,25
16935.jpg,1860,1855,-5
16940.jpg,1860,1860,0
16945.jpg,1860,1870,10
16950.jpg,1860,1895,35
16955.jpg,1860,1855,-5
16960.jpg,1860,1860,0
16965.jpg,1860,1904,44
16970.jpg,1860,1925,65
16975.jpg,1860,1841,-19
16980.jpg,1860,1890,30
16985.jpg,1860,1885,25
16990.jpg,1860,1868,8
16995.jpg,1860,1900,40
17000.jpg,1860,1960,100
17005.jpg,1861,1910,49
17010.jpg,1861,1895,34
17015.jpg,1861,1910,49
17025.jpg,1861,1825,-36
17030.jpg,1861,1900,39
17035.jpg,1861,1865,4
17040.jpg,1861,1750,-111
17045.jpg,1861,1750,-111
17050.jpg,1861,1840,-21
17055.jpg,1861,1910,49
17060.jpg,1861,1880,19
17065.jpg,1861,1824,-37
17070.jpg,1861,1840,-21
17075.jpg,1861,1875,14
17080.jpg,1861,1875,14
17085.jpg,1861,1910,49
17090.jpg,1861,1855,-6
17095.jpg,1861,1858,-3
17100.jpg,1861,1875,14
17105.jpg,1861,1840,-21
17110.jpg,1861,1875,14
17115.jpg,1861,1840,-21
17120.jpg,1861,1860,-1
17125.jpg,1861,1855,-6
17130.jpg,1861,1870,9
17135.jpg,1861,1316,-545
17140.jpg,1861,1900,39
17145.jpg,1861,1845,-16
17150.jpg,1861,1876,15
17155.jpg,1861,1890,29
17160.jpg,1861,1860,-1
17165.jpg,1861,1874,13
17170.jpg,1861,1900,39
17175.jpg,1862,1860,-2
17180.jpg,1862,1826,-36
17185.jpg,1862,1865,3
17190.jpg,1862,1890,28
17195.jpg,1862,1995,133
17200.jpg,1862,1859,-3
17205.jpg,1862,1970,108
17210.jpg,1862,1838,-24
17215.jpg,1862,1892,30
17220.jpg,1862,1821,-41
17225.jpg,1862,1825,-37
17230.jpg,1862,1850,-12
17235.jpg,1862,1860,-2
17240.jpg,1862,1855,-7
17245.jpg,1862,1875,13
17250.jpg,1862,1850,-12
17255.jpg,1862,1921,59
17260.jpg,1862,1910,48
17265.jpg,1862,1823,-39
17270.jpg,1862,1850,-12
17275.jpg,1862,1845,-17
17280.jpg,1862,1860,-2
17285.jpg,1862,1885,23
17290.jpg,1862,1861,-1
17295.jpg,1862,1900,38
17300.jpg,1862,1890,28
17305.jpg,1862,1890,28
17310.jpg,1862,1900,38
17315.jpg,1862,1938,76
17320.jpg,1862,1880,18
17325.jpg,1863,1914,51
17330.jpg,1863,1840,-23
17340.jpg,1863,1925,62
17345.jpg,1863,1900,37
17350.jpg,1863,1842,-21
17355.jpg,1863,1866,3
17365.jpg,1863,1950,87
17370.jpg,1863,1900,37
17375.jpg,1863,1870,7
17380.jpg,1863,1902,39
17385.jpg,1863,1950,87
17390.jpg,1863,1905,42
17395.jpg,1863,1850,-13
17400.jpg,1863,1900,37
17405.jpg,1863,1885,22
17410.jpg,1863,1860,-3
17415.jpg,1863,1860,-3
17420.jpg,1863,1885,22
17425.jpg,1863,1890,27
17430.jpg,1863,1885,22
17435.jpg,1863,1955,92
17440.jpg,1863,1835,-28
17445.jpg,1863,1890,27
17450.jpg,1863,1700,-163
17455.jpg,1863,1874,11
17460.jpg,1863,1887,24
17465.jpg,1863,1900,37
17470.jpg,1863,1870,7
17475.jpg,1863,1870,7
17480.jpg,1863,1885,22
17485.jpg,1864,1872,8
17490.jpg,1864,1880,16
17495.jpg,1864,1890,26
17500.jpg,1864,1925,61
17505.jpg,1864,1905,41
17510.jpg,1864,1855,-9
17515.jpg,1864,1845,-19
17520.jpg,1864,1845,-19
17525.jpg,1864,1820,-44
17530.jpg,1864,1880,16
17535.jpg,1864,1990,126
17540.jpg,1864,1864,0
17545.jpg,1864,1864,0
17550.jpg,1864,1594,-270
17555.jpg,1864,1885,21
17560.jpg,1864,1900,36
17565.jpg,1864,1856,-8
17575.jpg,1864,1855,-9
17580.jpg,1864,1790,-74
17585.jpg,1864,1895,31
17590.jpg,1864,1975,111
17595.jpg,1864,1885,21
17600.jpg,1864,1600,-264
17605.jpg,1864,1850,-14
17610.jpg,1864,1910,46
17615.jpg,1864,1920,56
17620.jpg,1864,1910,46
17625.jpg,1864,1900,36
17630.jpg,1864,1860,-4
17635.jpg,1864,1900,36
17640.jpg,1864,1940,76
17645.jpg,1864,1890,26
17650.jpg,1864,1890,26
17655.jpg,1864,1900,36
17660.jpg,1865,1879,14
17665.jpg,1865,1825,-40
17670.jpg,1865,1828,-37
17675.jpg,1865,1851,-14
17680.jpg,1865,1900,35
17690.jpg,1865,1890,25
17695.jpg,1865,1834,-31
17700.jpg,1865,1861,-4
17705.jpg,1865,1855,-10
17710.jpg,1865,1900,35
17715.jpg,1865,1890,25
17720.jpg,1865,1899,34
17725.jpg,1865,1888,23
17730.jpg,1865,1859,-6
17735.jpg,1865,1865,0
17745.jpg,1865,1810,-55
17750.jpg,1865,1855,-10
17755.jpg,1865,1855,-10
17760.jpg,1865,1870,5
17765.jpg,1865,1905,40
17770.jpg,1865,1855,-10
17775.jpg,1865,1890,25
17780.jpg,1865,1840,-25
17785.jpg,1865,1850,-15
17790.jpg,1865,1895,30
17795.jpg,1865,1910,45
17800.jpg,1865,1830,-35
17805.jpg,1865,1885,20
17810.jpg,1865,1895,30
17815.jpg,1865,1900,35
17820.jpg,1865,1925,60
17825.jpg,1865,1875,10
17830.jpg,1865,1870,5
17835.jpg,1865,1840,-25
17840.jpg,1865,1910,45
17845.jpg,1865,1870,5
17850.jpg,1865,1890,25
17855.jpg,1865,1885,20
17860.jpg,1865,1870,5
17865.jpg,1865,1850,-15
17870.jpg,1865,1875,10
17875.jpg,1865,1905,40
17880.jpg,1865,1810,-55
17885.jpg,1865,1930,65
17890.jpg,1865,1925,60
17895.jpg,1865,1925,60
17900.jpg,1865,1895,30
17905.jpg,1865,1850,-15
17910.jpg,1865,1850,-15
17915.jpg,1865,1885,20
17920.jpg,1865,1890,25
17930.jpg,1865,1910,45
17935.jpg,1866,1866,0
17940.jpg,1866,1895,29
17945.jpg,1866,1910,44
17950.jpg,1866,1890,24
17955.jpg,1866,1643,-223
17960.jpg,1866,1830,-36
17965.jpg,1866,1885,19
17970.jpg,1866,1750,-116
17975.jpg,1866,1860,-6
17980.jpg,1866,1863,-3
17985.jpg,1866,1855,-11
17990.jpg,1866,1880,14
17995.jpg,1866,1892,26
18000.jpg,1866,1858,-8
18005.jpg,1866,1840,-26
18010.jpg,1866,1895,29
18015.jpg,1866,1925,59
18020.jpg,1866,1900,34
18025.jpg,1866,1895,29
18030.jpg,1866,1850,-16
18035.jpg,1866,1880,14
18040.jpg,1866,1840,-26
18045.jpg,1866,1845,-21
18050.jpg,1866,1914,48
18055.jpg,1866,1925,59
18060.jpg,1866,1900,34
18065.jpg,1866,1850,-16
18070.jpg,1866,1885,19
18075.jpg,1866,1920,54
18080.jpg,1866,1850,-16
18085.jpg,1866,1910,44
18090.jpg,1866,1925,59
18095.jpg,1866,1855,-11
18100.jpg,1866,1928,62
18105.jpg,1866,1925,59
18110.jpg,1866,1900,34
18115.jpg,1866,1890,24
18120.jpg,1866,1890,24
18125.jpg,1866,1868,2
18130.jpg,1866,1911,45
18135.jpg,1867,1860,-7
18140.jpg,1867,1867,0
18145.jpg,1867,1910,43
18160.jpg,1867,1895,28
18165.jpg,1867,1893,26
18170.jpg,1867,1890,23
18175.jpg,1867,1840,-27
18180.jpg,1867,2010,143
18185.jpg,1867,1840,-27
18190.jpg,1867,1880,13
18195.jpg,1867,1900,33
18200.jpg,1867,1866,-1
18205.jpg,1867,1883,16
18210.jpg,1867,1900,33
18215.jpg,1867,1874,7
18220.jpg,1867,1890,23
18225.jpg,1867,1885,18
18230.jpg,1867,1935,68
18235.jpg,1867,1950,83
18240.jpg,1867,1845,-22
18245.jpg,1867,1870,3
18250.jpg,1867,1890,23
18255.jpg,1867,1930,63
18260.jpg,1867,1867,0
18265.jpg,1867,1885,18
18270.jpg,1867,1860,-7
18275.jpg,1867,1905,38
18280.jpg,1867,1885,18
18285.jpg,1867,1870,3
18290.jpg,1867,1885,18
18295.jpg,1867,1845,-22
18300.jpg,1867,1867,0
18305.jpg,1867,1855,-12
18310.jpg,1867,1892,25
18315.jpg,1867,1910,43
18320.jpg,1867,1850,-17
18325.jpg,1867,1880,13
18330.jpg,1867,1885,18
18335.jpg,1867,1905,38
18340.jpg,1867,1890,23
18345.jpg,1867,1895,28
18350.jpg,1867,1867,0
18355.jpg,1867,1850,-17
18360.jpg,1867,1885,18
18365.jpg,1868,1855,-13
18370.jpg,1868,1840,-28
18380.jpg,1868,1884,16
18385.jpg,1868,1895,27
18390.jpg,1868,1910,42
18395.jpg,1868,1920,52
18400.jpg,1868,1904,36
18405.jpg,1868,1900,32
18410.jpg,1868,1886,18
18415.jpg,1868,1925,57
18420.jpg,1868,1883,15
18425.jpg,1868,1883,15
18430.jpg,1868,2005,137
18450.jpg,1868,1872,4
18455.jpg,1868,1835,-33
18460.jpg,1868,1860,-8
18465.jpg,1868,1885,17
18470.jpg,1868,1860,-8
18475.jpg,1868,1905,37
18480.jpg,1868,1860,-8
18485.jpg,1868,1875,7
18490.jpg,1868,1840,-28
18495.jpg,1868,1925,57
18500.jpg,1868,1905,37
18505.jpg,1868,1875,7
18510.jpg,1868,1865,-3
18515.jpg,1868,1840,-28
18520.jpg,1868,1830,-38
18525.jpg,1868,1890,22
18530.jpg,1868,1865,-3
18535.jpg,1868,1855,-13
18540.jpg,1868,1910,42
18545.jpg,1868,1865,-3
18550.jpg,1868,1860,-8
18555.jpg,1868,1850,-18
18560.jpg,1868,1860,-8
18565.jpg,1868,1890,22
18570.jpg,1868,1875,7
18575.jpg,1868,1890,22
18580.jpg,1868,2000,132
18585.jpg,1868,1985,117
18590.jpg,1868,1905,37
18595.jpg,1868,1880,12
18600.jpg,1868,1900,32
18605.jpg,1868,1930,62
18610.jpg,1868,1840,-28
18615.jpg,1868,1900,32
18620.jpg,1869,1850,-19
18625.jpg,1869,1868,-1
18630.jpg,1869,1880,11
18635.jpg,1869,1880,11
18640.jpg,1869,1895,26
18645.jpg,1869,1900,31
18650.jpg,1869,1900,31
18655.jpg,1869,1848,-21
18660.jpg,1869,1870,1
18665.jpg,1869,1880,11
18670.jpg,1869,1869,0
18675.jpg,1869,1900,31
18680.jpg,1869,1839,-30
18685.jpg,1869,1860,-9
18690.jpg,1869,1860,-9
18695.jpg,1869,1860,-9
18700.jpg,1869,1885,16
18710.jpg,1869,1910,41
18715.jpg,1869,1850,-19
18720.jpg,1869,1875,6
18725.jpg,1869,1869,0
18730.jpg,1869,1885,16
18735.jpg,1869,1860,-9
18740.jpg,1869,1890,21
18745.jpg,1869,1886,17
18750.jpg,1869,1860,-9
18755.jpg,1869,1860,-9
18760.jpg,1869,1890,21
18765.jpg,1869,1835,-34
18770.jpg,1869,1890,21
18775.jpg,1869,1885,16
18780.jpg,1869,1905,36
18785.jpg,1869,1870,1
18790.jpg,1869,1890,21
18795.jpg,1869,1840,-29
18800.jpg,1869,1905,36
18805.jpg,1869,1840,-29
18810.jpg,1869,1890,21
18815.jpg,1869,1880,11
18820.jpg,1869,1864,-5
18825.jpg,1869,1905,36
18830.jpg,1869,1890,21
18835.jpg,1869,1985,116
18840.jpg,1870,1840,-30
18845.jpg,1870,1868,-2
18850.jpg,1870,1895,25
18855.jpg,1870,1925,55
18860.jpg,1870,1900,30
18865.jpg,1870,1925,55
18870.jpg,1870,1900,30
18875.jpg,1870,1995,125
18880.jpg,1870,1920,50
18885.jpg,1870,1840,-30
18895.jpg,1870,1870,0
18900.jpg,1870,1883,13
18905.jpg,1870,1870,0
18910.jpg,1870,1900,30
18915.jpg,1870,1892,22
18920.jpg,1870,1871,1
18925.jpg,1870,1872,2
18930.jpg,1870,1930,60
18935.jpg,1870,1750,-120
18940.jpg,1870,1900,30
18945.jpg,1870,1985,115
18950.jpg,1870,1925,55
18955.jpg,1870,1895,25
18960.jpg,1870,1890,20
18965.jpg,1870,1820,-50
18970.jpg,1870,1860,-10
18980.jpg,1870,1905,35
18985.jpg,1870,1885,15
18990.jpg,1870,1910,40
18995.jpg,1870,1860,-10
19000.jpg,1870,1885,15
19005.jpg,1870,1870,0
19010.jpg,1870,1850,-20
19015.jpg,1870,1925,55
19020.jpg,1870,1920,50
19025.jpg,1870,1890,20
19030.jpg,1870,1910,40
19035.jpg,1870,1855,-15
19040.jpg,1870,1820,-50
19045.jpg,1870,1800,-70
19050.jpg,1870,1875,5
19055.jpg,1870,1885,15
19060.jpg,1870,1890,20
19065.jpg,1870,1885,15
19070.jpg,1870,1885,15
19075.jpg,1870,1875,5
19080.jpg,1870,1920,50
19085.jpg,1870,1870,0
19090.jpg,1870,1910,40
19100.jpg,1870,1958,88
19105.jpg,1870,1885,15
19110.jpg,1870,1930,60
19115.jpg,1870,1875,5
19120.jpg,1870,1890,20
19125.jpg,1870,1925,55
19130.jpg,1870,1925,55
19135.jpg,1870,1840,-30
19140.jpg,1870,1905,35
19145.jpg,1871,1850,-21
19150.jpg,1871,1900,29
19155.jpg,1871,1890,19
19160.jpg,1871,1872,1
19165.jpg,1871,1850,-21
19170.jpg,1871,1871,0
19175.jpg,1871,1925,54
19180.jpg,1871,1905,34
19185.jpg,1871,1890,19
19190.jpg,1871,1880,9
19195.jpg,1871,1888,17
19200.jpg,1871,1880,9
19205.jpg,1871,1970,99
19210.jpg,1871,1880,9
19215.jpg,1871,1891,20
19220.jpg,1871,1904,33
19225.jpg,1871,1870,-1
19230.jpg,1871,1905,34
19235.jpg,1871,1891,20
19240.jpg,1871,1940,69
19245.jpg,1871,1865,-6
19250.jpg,1871,1885,14
19255.jpg,1871,1870,-1
19260.jpg,1871,1905,34
19265.jpg,1871,1890,19
19270.jpg,1871,1885,14
19275.jpg,1871,1890,19
19280.jpg,1871,1857,-14
19285.jpg,1871,1840,-31
19290.jpg,1871,1860,-11
19295.jpg,1871,1860,-11
19300.jpg,1871,1885,14
19305.jpg,1871,1930,59
19310.jpg,1871,1890,19
19315.jpg,1871,1875,4
19320.jpg,1871,1890,19
19325.jpg,1871,1875,4
19330.jpg,1871,1875,4
19335.jpg,1871,1890,19
19340.jpg,1871,1885,14
19345.jpg,1871,1885,14
19350.jpg,1871,1750,-121
19355.jpg,1871,1885,14
19360.jpg,1871,1890,19
19365.jpg,1871,1910,39
19370.jpg,1871,1896,25
19375.jpg,1871,1850,-21
19380.jpg,1871,1895,24
19385.jpg,1871,1885,14
19390.jpg,1871,1895,24
19395.jpg,1872,1856,-16
19400.jpg,1872,1905,33
19405.jpg,1872,1889,17
19410.jpg,1872,1850,-22
19415.jpg,1872,1850,-22
19420.jpg,1872,1785,-87
19425.jpg,1872,1932,60
19430.jpg,1872,1910,38
19435.jpg,1872,1905,33
19440.jpg,1872,1880,8
19445.jpg,1872,1925,53
19450.jpg,1872,1900,28
19455.jpg,1872,1890,18
19460.jpg,1872,1890,18
19465.jpg,1872,1880,8
19470.jpg,1872,1840,-32
19475.jpg,1872,1883,11
19480.jpg,1872,1870,-2
19485.jpg,1872,1874,2
19490.jpg,1872,1869,-3
19495.jpg,1872,1870,-2
19500.jpg,1872,1890,18
19505.jpg,1872,1875,3
19510.jpg,1872,1905,33
19515.jpg,1872,1859,-13
19520.jpg,1872,1830,-42
19525.jpg,1872,1900,28
19530.jpg,1872,1885,13
19535.jpg,1872,1890,18
19540.jpg,1872,1940,68
19545.jpg,1872,1875,3
19550.jpg,1872,1880,8
19555.jpg,1872,1900,28
19560.jpg,1872,1885,13
19565.jpg,1872,1830,-42
19570.jpg,1872,1895,23
19575.jpg,1872,1880,8
19580.jpg,1872,1875,3
19585.jpg,1872,1780,-92
19590.jpg,1872,1900,28
19595.jpg,1872,1900,28
19600.jpg,1872,1850,-22
19605.jpg,1872,1865,-7
19610.jpg,1872,1860,-12
19615.jpg,1872,1895,23
19620.jpg,1872,1880,8
19625.jpg,1872,1860,-12
19630.jpg,1872,1900,28
19635.jpg,1872,1872,0
19640.jpg,1872,1902,30
19645.jpg,1872,1890,18
19655.jpg,1873,1850,-23
19660.jpg,1873,1780,-93
19665.jpg,1873,1858,-15
19670.jpg,1873,1895,22
19675.jpg,1873,1871,-2
19680.jpg,1873,1880,7
19685.jpg,1873,1890,17
19690.jpg,1873,1864,-9
19695.jpg,1873,1880,7
19700.jpg,1873,1880,7
19705.jpg,1873,1920,47
19710.jpg,1873,1910,37
19715.jpg,1873,1890,17
19720.jpg,1873,1900,27
19725.jpg,1873,1890,17
19730.jpg,1873,1875,2
19735.jpg,1873,1859,-14
19740.jpg,1873,2005,132
19745.jpg,1873,1900,27
19750.jpg,1873,1779,-94
19755.jpg,1873,1924,51
19760.jpg,1873,1860,-13
19765.jpg,1873,1870,-3
19775.jpg,1873,1890,17
19780.jpg,1873,1885,12
19785.jpg,1873,1855,-18
19790.jpg,1873,1875,2
19795.jpg,1873,1885,12
19800.jpg,1873,1600,-273
19805.jpg,1873,1855,-18
19810.jpg,1873,1882,9
19815.jpg,1873,1885,12
19820.jpg,1873,1885,12
19825.jpg,1873,1890,17
19830.jpg,1873,1885,12
19835.jpg,1873,1850,-23
19840.jpg,1873,1855,-18
19845.jpg,1873,2005,132
19850.jpg,1873,1885,12
19855.jpg,1873,1855,-18
19860.jpg,1873,1885,12
19865.jpg,1873,1875,2
19870.jpg,1873,1885,12
19875.jpg,1873,1929,56
19880.jpg,1873,1900,27
19885.jpg,1873,1900,27
19890.jpg,1873,1865,-8
19895.jpg,1873,1925,52
19900.jpg,1873,1885,12
19905.jpg,1873,1875,2
19910.jpg,1873,2010,137
19915.jpg,1874,1880,6
19920.jpg,1874,1860,-14
19925.jpg,1874,1890,16
19930.jpg,1874,1910,36
19935.jpg,1874,1892,18
19945.jpg,1874,1900,26
19950.jpg,1874,1890,16
19955.jpg,1874,1925,51
19965.jpg,1874,1890,16
19970.jpg,1874,1874,0
19975.jpg,1874,1890,16
19980.jpg,1874,1890,16
19985.jpg,1874,1856,-18
19990.jpg,1874,1938,64
19995.jpg,1874,1900,26
20000.jpg,1874,1930,56
20005.jpg,1874,1940,66
20010.jpg,1874,1880,6
20015.jpg,1874,1898,24
20020.jpg,1874,1874,0
20025.jpg,1874,1882,8
20030.jpg,1874,1898,24
20035.jpg,1874,1934,60
20040.jpg,1874,1855,-19
20045.jpg,1874,1900,26
20050.jpg,1874,1860,-14
20055.jpg,1874,1875,1
20060.jpg,1874,1885,11
20065.jpg,1874,1870,-4
20070.jpg,1874,1890,16
20075.jpg,1874,1885,11
20080.jpg,1874,1829,-45
20085.jpg,1874,1885,11
20090.jpg,1874,1850,-24
20095.jpg,1874,1850,-24
20100.jpg,1874,1885,11
20110.jpg,1874,1870,-4
20115.jpg,1874,1875,1
20120.jpg,1874,1885,11
20125.jpg,1874,1900,26
20130.jpg,1874,1600,-274
20135.jpg,1874,1890,16
20145.jpg,1874,1885,11
20150.jpg,1874,1885,11
20155.jpg,1874,1885,11
20160.jpg,1874,1920,46
20165.jpg,1874,1885,11
20170.jpg,1874,1890,16
20175.jpg,1874,1904,30
20180.jpg,1874,1750,-124
20185.jpg,1874,1870,-4
20190.jpg,1874,1869,-5
20195.jpg,1874,1914,40
20205.jpg,1874,1860,-14
20210.jpg,1875,1875,0
20215.jpg,1875,1959,84
20220.jpg,1875,1890,15
20230.jpg,1875,1890,15
20235.jpg,1875,1890,15
20240.jpg,1875,1885,10
20245.jpg,1875,1890,15
20250.jpg,1875,1905,30
20255.jpg,1875,1895,20
20260.jpg,1875,1890,15
20265.jpg,1875,1860,-15
20270.jpg,1875,1880,5
20275.jpg,1875,1873,-2
20280.jpg,1875,1903,28
20285.jpg,1875,1873,-2
20295.jpg,1875,1855,-20
20300.jpg,1875,1872,-3
20305.jpg,1875,1846,-29
20310.jpg,1875,1884,9
20315.jpg,1875,1903,28
20320.jpg,1875,1850,-25
20325.jpg,1875,1860,-15
20330.jpg,1875,1890,15
20335.jpg,1875,1885,10
20340.jpg,1875,1905,30
20345.jpg,1875,1900,25
20350.jpg,1875,1905,30
20355.jpg,1875,1885,10
20360.jpg,1875,1875,0
20365.jpg,1875,1890,15
20370.jpg,1875,1860,-15
20375.jpg,1875,1875,0
20380.jpg,1875,1885,10
20385.jpg,1875,1830,-45
20390.jpg,1875,1875,0
20395.jpg,1875,1875,0
20400.jpg,1875,1890,15
20405.jpg,1875,1885,10
20410.jpg,1875,1905,30
20415.jpg,1875,1890,15
20420.jpg,1875,1860,-15
20425.jpg,1875,1870,-5
20430.jpg,1875,1895,20
20435.jpg,1875,1350,-525
20440.jpg,1875,1925,50
20445.jpg,1875,1855,-20
20450.jpg,1875,1870,-5
20455.jpg,1875,1840,-35
20460.jpg,1875,1930,55
20465.jpg,1875,1900,25
20470.jpg,1875,1840,-35
20480.jpg,1875,1902,27
20485.jpg,1875,1900,25
20490.jpg,1875,1850,-25
20495.jpg,1875,1890,15
20500.jpg,1876,1850,-26
20505.jpg,1876,1928,52
20510.jpg,1876,1900,24
20515.jpg,1876,1850,-26
20520.jpg,1876,1910,34
20525.jpg,1876,1720,-156
20530.jpg,1876,1910,34
20540.jpg,1876,1960,84
20545.jpg,1876,1890,14
20550.jpg,1876,1870,-6
20555.jpg,1876,1883,7
20560.jpg,1876,1600,-276
20565.jpg,1876,1889,13
20570.jpg,1876,1854,-22
20575.jpg,1876,1875,-1
20580.jpg,1876,1869,-7
20585.jpg,1876,1885,9
20590.jpg,1876,1860,-16
20595.jpg,1876,1890,14
20600.jpg,1876,1885,9
20605.jpg,1876,1880,4
20610.jpg,1876,1910,34
20615.jpg,1876,1875,-1
20620.jpg,1876,1885,9
20625.jpg,1876,1885,9
20630.jpg,1876,1990,114
20635.jpg,1876,1875,-1
20640.jpg,1876,1925,49
20645.jpg,1876,1886,10
20650.jpg,1876,1875,-1
20655.jpg,1876,1885,9
20660.jpg,1876,1885,9
20665.jpg,1876,1890,14
20670.jpg,1876,1886,10
20675.jpg,1876,1725,-151
20680.jpg,1876,1860,-16
20685.jpg,1876,1890,14
20690.jpg,1876,1890,14
20695.jpg,1876,1886,10
20700.jpg,1876,1906,30
20705.jpg,1876,1890,14
20715.jpg,1876,1905,29
20720.jpg,1876,1850,-26
20725.jpg,1876,1895,19
20730.jpg,1877,1890,13
20735.jpg,1877,1885,8
20740.jpg,1877,1890,13
20745.jpg,1877,1885,8
20750.jpg,1877,1890,13
20755.jpg,1877,1950,73
20760.jpg,1877,1935,58
20765.jpg,1877,1775,-102
20770.jpg,1877,1910,33
20775.jpg,1877,1877,0
20780.jpg,1877,1849,-28
20785.jpg,1877,1930,53
20790.jpg,1877,1921,44
20795.jpg,1877,1905,28
20800.jpg,1877,1890,13
20805.jpg,1877,1885,8
20810.jpg,1877,1885,8
20815.jpg,1877,1855,-22
20820.jpg,1877,1895,18
20830.jpg,1877,1875,-2
20835.jpg,1877,1855,-22
20840.jpg,1877,1885,8
20845.jpg,1877,1860,-17
20850.jpg,1877,1885,8
20855.jpg,1877,1925,48
20860.jpg,1877,1925,48
20865.jpg,1877,1870,-7
20870.jpg,1877,1885,8
20875.jpg,1877,1890,13
20880.jpg,1877,1900,23
20885.jpg,1877,1885,8
20890.jpg,1877,1877,0
20895.jpg,1877,1820,-57
20900.jpg,1877,1890,13
20905.jpg,1877,1895,18
20910.jpg,1877,1871,-6
20915.jpg,1877,1905,28
20925.jpg,1878,1900,22
20930.jpg,1878,1878,0
20935.jpg,1878,1866,-12
20940.jpg,1878,1910,32
20945.jpg,1878,1930,52
20950.jpg,1878,1925,47
20955.jpg,1878,1880,2
20960.jpg,1878,1750,-128
20965.jpg,1878,1965,87
20970.jpg,1878,1910,32
20975.jpg,1878,1890,12
20980.jpg,1878,1903,25
20985.jpg,1878,1853,-25
20990.jpg,1878,1883,5
20995.jpg,1878,1849,-29
21000.jpg,1878,1890,12
21005.jpg,1878,1875,-3
21010.jpg,1878,1875,-3
21015.jpg,1878,1885,7
21020.jpg,1878,1840,-38
21025.jpg,1878,1895,17
21030.jpg,1878,1905,27
21035.jpg,1878,1870,-8
21040.jpg,1878,1860,-18
21045.jpg,1878,1870,-8
21050.jpg,1878,1890,12
21055.jpg,1878,1905,27
21060.jpg,1878,1885,7
21065.jpg,1878,1910,32
21070.jpg,1878,1900,22
21075.jpg,1878,1885,7
21080.jpg,1878,1890,12
21085.jpg,1878,1890,12
21090.jpg,1878,1915,37
21095.jpg,1878,1890,12
21100.jpg,1878,1895,17
21105.jpg,1878,1890,12
21110.jpg,1878,1885,7
21115.jpg,1878,1878,0
21120.jpg,1878,1915,37
21125.jpg,1878,2010,132
21130.jpg,1878,1890,12
21135.jpg,1878,1910,32
21140.jpg,1878,1890,12
21145.jpg,1878,1905,27
21150.jpg,1878,1900,22
21155.jpg,1878,1925,47
21160.jpg,1879,1970,91
21165.jpg,1879,1895,16
21170.jpg,1879,1878,-1
21175.jpg,1879,1910,31
21180.jpg,1879,1905,26
21185.jpg,1879,1900,21
21190.jpg,1879,1880,1
21195.jpg,1879,1889,10
21200.jpg,1879,1889,10
21205.jpg,1879,1930,51
21210.jpg,1879,1905,26
21215.jpg,1879,1890,11
21220.jpg,1879,1897,18
21225.jpg,1879,1903,24
21230.jpg,1879,1900,21
21235.jpg,1879,1906,27
21240.jpg,1879,1885,6
21245.jpg,1879,1850,-29
21250.jpg,1879,1855,-24
21255.jpg,1879,1885,6
21260.jpg,1879,1885,6
21265.jpg,1879,1890,11
21270.jpg,1879,1845,-34
21275.jpg,1879,1830,-49
21280.jpg,1879,1875,-4
21285.jpg,1879,1930,51
21290.jpg,1879,1890,11
21295.jpg,1879,1885,6
21300.jpg,1879,1890,11
21305.jpg,1879,1885,6
21310.jpg,1879,1840,-39
21315.jpg,1879,1885,6
21320.jpg,1879,1870,-9
21325.jpg,1879,1890,11
21330.jpg,1879,1860,-19
21335.jpg,1879,1879,0
21340.jpg,1879,1900,21
21350.jpg,1879,1900,21
21355.jpg,1879,1872,-7
21360.jpg,1879,1910,31
21365.jpg,1879,1900,21
21370.jpg,1879,1865,-14
21375.jpg,1880,1820,-60
21380.jpg,1880,1890,10
21385.jpg,1880,1895,15
21390.jpg,1880,1855,-25
21395.jpg,1880,1863,-17
21400.jpg,1880,1895,15
21405.jpg,1880,1890,10
21410.jpg,1880,1850,-30
21415.jpg,1880,1900,20
21420.jpg,1880,1880,0
21425.jpg,1880,1890,10
21430.jpg,1880,1890,10
21435.jpg,1880,1900,20
21440.jpg,1880,1894,14
21445.jpg,1880,1895,15
21450.jpg,1880,1956,76
21455.jpg,1880,1880,0
21460.jpg,1880,1894,14
21465.jpg,1880,1866,-14
21470.jpg,1880,1870,-10
21475.jpg,1880,1900,20
21480.jpg,1880,1890,10
21485.jpg,1880,1852,-28
21490.jpg,1880,1773,-107
21495.jpg,1880,1858,-22
21500.jpg,1880,1925,45
21505.jpg,1880,1885,5
21510.jpg,1880,1890,10
21515.jpg,1880,1855,-25
21520.jpg,1880,1850,-30
21530.jpg,1880,1905,25
21535.jpg,1880,1890,10
21540.jpg,1880,1870,-10
21545.jpg,1880,1890,10
21550.jpg,1880,1875,-5
21555.jpg,1880,1885,5
21560.jpg,1880,1925,45
21565.jpg,1880,1855,-25
21570.jpg,1880,1915,35
21575.jpg,1880,1920,40
21580.jpg,1880,1870,-10
21585.jpg,1880,1885,5
21590.jpg,1880,1890,10
21595.jpg,1880,1895,15
21600.jpg,1880,1900,20
21605.jpg,1880,1890,10
21610.jpg,1880,1890,10
21615.jpg,1880,1895,15
21620.jpg,1880,1875,-5
21625.jpg,1880,1890,10
21630.jpg,1880,1905,25
21635.jpg,1880,1910,30
21640.jpg,1880,1885,5
21645.jpg,1880,1925,45
21650.jpg,1880,1920,40
21655.jpg,1880,1890,10
21660.jpg,1880,1880,0
21665.jpg,1880,1910,30
21670.jpg,1880,1903,23
21675.jpg,1880,1900,20
21680.jpg,1880,1890,10
21685.jpg,1880,1750,-130
21690.jpg,1880,1900,20
21695.jpg,1880,1900,20
21700.jpg,1880,1910,30
21705.jpg,1880,1840,-40
21710.jpg,1881,1903,22
21715.jpg,1881,1920,39
21720.jpg,1881,1950,69
21725.jpg,1881,1900,19
21730.jpg,1881,1900,19
21735.jpg,1881,1900,19
21740.jpg,1881,1905,24
21745.jpg,1881,1900,19
21750.jpg,1881,1903,22
21755.jpg,1881,1930,49
21760.jpg,1881,1885,4
21770.jpg,1881,1872,-9
21775.jpg,1881,1890,9
21780.jpg,1881,1890,9
21785.jpg,1881,1890,9
21790.jpg,1881,1870,-11
21795.jpg,1881,1890,9
21800.jpg,1881,1890,9
21805.jpg,1881,1890,9
21810.jpg,1881,1910,29
21815.jpg,1881,1895,14
21820.jpg,1881,1925,44
21825.jpg,1881,1895,14
21830.jpg,1881,1875,-6
21835.jpg,1881,1885,4
21840.jpg,1881,1875,-6
21845.jpg,1881,1910,29
21850.jpg,1881,1650,-231
21855.jpg,1881,1890,9
21860.jpg,1881,1885,4
21865.jpg,1881,1890,9
21870.jpg,1881,1890,9
21875.jpg,1881,1890,9
21880.jpg,1881,1880,-1
21885.jpg,1881,1875,-6
21890.jpg,1881,1915,34
21895.jpg,1881,1890,9
21900.jpg,1881,1870,-11
21905.jpg,1881,1930,49
21910.jpg,1881,1892,11
21915.jpg,1881,1900,19
21920.jpg,1881,1897,16
21925.jpg,1881,1920,39
21930.jpg,1881,1840,-41
21940.jpg,1881,1815,-66
21945.jpg,1882,1850,-32
21950.jpg,1882,1930,48
21955.jpg,1882,1905,23
21960.jpg,1882,1910,28
21965.jpg,1882,1925,43
21970.jpg,1882,1925,43
21975.jpg,1882,1886,4
21980.jpg,1882,1890,8
21985.jpg,1882,1900,18
21990.jpg,1882,1895,13
21995.jpg,1882,1910,28
22000.jpg,1882,1905,23
22005.jpg,1882,1870,-12
22010.jpg,1882,1870,-12
22015.jpg,1882,1954,72
22020.jpg,1882,1900,18
22025.jpg,1882,1890,8
22030.jpg,1882,1875,-7
22035.jpg,1882,1890,8
22040.jpg,1882,1890,8
22045.jpg,1882,1890,8
22050.jpg,1882,1910,28
22055.jpg,1882,1870,-12
22060.jpg,1882,1885,3
22065.jpg,1882,1855,-27
22070.jpg,1882,1895,13
22075.jpg,1882,1910,28
22080.jpg,1882,1890,8
22085.jpg,1882,1890,8
22090.jpg,1882,1890,8
22095.jpg,1882,1850,-32
22100.jpg,1882,1920,38
22105.jpg,1882,1885,3
22110.jpg,1882,1910,28
22115.jpg,1882,1895,13
22120.jpg,1882,1895,13
22125.jpg,1882,1905,23
22130.jpg,1882,1890,8
22135.jpg,1882,1865,-17
22140.jpg,1882,1850,-32
22145.jpg,1882,1975,93
22150.jpg,1882,1947,65
22155.jpg,1882,2001,119
22160.jpg,1882,1900,18
22165.jpg,1882,1900,18
22170.jpg,1882,1900,18
22175.jpg,1882,1900,18
22180.jpg,1882,1910,28
22185.jpg,1882,1880,-2
22190.jpg,1882,1930,48
22195.jpg,1882,1800,-82
22200.jpg,1882,1913,31
22205.jpg,1882,1885,3
22210.jpg,1882,1885,3
22215.jpg,1883,1820,-63
22220.jpg,1883,1883,0
22225.jpg,1883,1908,25
22230.jpg,1883,1890,7
22235.jpg,1883,1889,6
22240.jpg,1883,1885,2
22245.jpg,1883,1895,12
22250.jpg,1883,1895,12
22255.jpg,1883,1925,42
22260.jpg,1883,1892,9
22265.jpg,1883,1890,7
22270.jpg,1883,1925,42
22275.jpg,1883,1910,27
22280.jpg,1883,1928,45
22285.jpg,1883,1895,12
22290.jpg,1883,1955,72
22295.jpg,1883,1883,0
22300.jpg,1883,1861,-22
22305.jpg,1883,1882,-1
22310.jpg,1883,1853,-30
22315.jpg,1883,1866,-17
22320.jpg,1883,1885,2
22325.jpg,1883,1885,2
22330.jpg,1883,1890,7
22335.jpg,1883,1910,27
22340.jpg,1883,1890,7
22345.jpg,1883,1890,7
22350.jpg,1883,1900,17
22355.jpg,1883,1837,-46
22360.jpg,1883,1880,-3
22365.jpg,1883,1910,27
22370.jpg,1883,1890,7
22375.jpg,1883,1895,12
22380.jpg,1883,1895,12
22385.jpg,1883,1910,27
22390.jpg,1883,1909,26
22395.jpg,1883,1925,42
22400.jpg,1883,1880,-3
22405.jpg,1883,1890,7
22410.jpg,1883,1890,7
22415.jpg,1883,1910,27
22420.jpg,1883,1850,-33
22425.jpg,1883,1890,7
22430.jpg,1883,1890,7
22435.jpg,1883,1895,12
22440.jpg,1883,1910,27
22445.jpg,1883,1910,27
22450.jpg,1883,1885,2
22455.jpg,1883,1889,6
22460.jpg,1883,1927,44
22465.jpg,1883,1880,-3
22470.jpg,1883,1885,2
22475.jpg,1883,1875,-8
22485.jpg,1883,1895,12
22490.jpg,1883,1895,12
22495.jpg,1883,1887,4
22500.jpg,1883,2005,122
22505.jpg,1883,1910,27
22510.jpg,1884,1875,-9
22515.jpg,1884,1907,23
22520.jpg,1884,1915,31
22525.jpg,1884,1925,41
22530.jpg,1884,1890,6
22535.jpg,1884,1910,26
22540.jpg,1884,1900,16
22545.jpg,1884,1880,-4
22550.jpg,1884,1900,16
22555.jpg,1884,1890,6
22560.jpg,1884,1844,-40
22565.jpg,1884,1858,-26
22570.jpg,1884,1900,16
22575.jpg,1884,1883,-1
22580.jpg,1884,1930,46
22585.jpg,1884,1890,6
22590.jpg,1884,1895,11
22595.jpg,1884,1910,26
22600.jpg,1884,1885,1
22605.jpg,1884,1890,6
22610.jpg,1884,1890,6
22615.jpg,1884,1895,11
22620.jpg,1884,1890,6
22625.jpg,1884,1875,-9
22630.jpg,1884,1885,1
22635.jpg,1884,1900,16
22640.jpg,1884,1885,1
22645.jpg,1884,1889,5
22650.jpg,1884,1890,6
22655.jpg,1884,1910,26
22665.jpg,1884,1930,46
22670.jpg,1884,1855,-29
22675.jpg,1884,1895,11
22680.jpg,1884,1995,111
22685.jpg,1884,1890,6
22690.jpg,1884,1890,6
22695.jpg,1884,1918,34
22700.jpg,1884,1900,16
22705.jpg,1884,1890,6
22710.jpg,1884,1897,13
22715.jpg,1884,1890,6
22720.jpg,1884,1883,-1
22730.jpg,1884,1920,36
22735.jpg,1884,1860,-24
22740.jpg,1884,2010,126
22745.jpg,1884,1890,6
22750.jpg,1884,1885,1
22755.jpg,1884,1879,-5
22760.jpg,1884,1908,24
22765.jpg,1884,1890,6
22770.jpg,1884,1895,11
22775.jpg,1884,1895,11
22780.jpg,1885,1885,0
22785.jpg,1885,1896,11
22790.jpg,1885,1895,10
22795.jpg,1885,1880,-5
22800.jpg,1885,1830,-55
22805.jpg,1885,1910,25
22810.jpg,1885,1890,5
22815.jpg,1885,1890,5
22820.jpg,1885,1905,20
22825.jpg,1885,1938,53
22830.jpg,1885,1900,15
22835.jpg,1885,1884,-1
22840.jpg,1885,1882,-3
22850.jpg,1885,1925,40
22855.jpg,1885,1872,-13
22860.jpg,1885,1875,-10
22865.jpg,1885,1890,5
22870.jpg,1885,1890,5
22875.jpg,1885,1890,5
22880.jpg,1885,1910,25
22885.jpg,1885,1895,10
22890.jpg,1885,1925,40
22895.jpg,1885,1905,20
22900.jpg,1885,1895,10
22905.jpg,1885,1910,25
22910.jpg,1885,1890,5
22915.jpg,1885,1905,20
22920.jpg,1885,1883,-2
22925.jpg,1885,1890,5
22930.jpg,1885,1925,40
22935.jpg,1885,1905,20
22940.jpg,1885,1900,15
22945.jpg,1885,1890,5
22950.jpg,1885,1925,40
22955.jpg,1885,1890,5
22960.jpg,1885,1900,15
22965.jpg,1885,1895,10
22970.jpg,1885,1895,10
22975.jpg,1885,1888,3
22980.jpg,1885,1910,25
22985.jpg,1885,1855,-30
22990.jpg,1885,1905,20
22995.jpg,1885,1895,10
23000.jpg,1885,1910,25
23005.jpg,1885,1870,-15
23015.jpg,1885,1855,-30
23020.jpg,1885,1930,45
23025.jpg,1885,1895,10
23030.jpg,1885,1855,-30
23035.jpg,1885,1900,15
23040.jpg,1885,1888,3
23045.jpg,1885,1840,-45
23050.jpg,1885,1955,70
23055.jpg,1885,1905,20
23060.jpg,1885,1890,5
23065.jpg,1885,1885,0
23070.jpg,1885,1922,37
23075.jpg,1885,1927,42
23080.jpg,1885,1910,25
23085.jpg,1886,1897,11
23090.jpg,1886,1890,4
23095.jpg,1886,1900,14
23100.jpg,1886,1890,4
23105.jpg,1886,1908,22
23110.jpg,1886,1880,-6
23115.jpg,1886,1855,-31
23120.jpg,1886,1870,-16
23125.jpg,1886,1990,104
23130.jpg,1886,1932,46
23135.jpg,1886,1980,94
23140.jpg,1886,1970,84
23145.jpg,1886,1830,-56
23150.jpg,1886,1893,7
23155.jpg,1886,1923,37
23160.jpg,1886,1892,6
23165.jpg,1886,1880,-6
23170.jpg,1886,1890,4
23175.jpg,1886,1895,9
23180.jpg,1886,1895,9
23185.jpg,1886,1900,14
23190.jpg,1886,1889,3
23195.jpg,1886,1905,19
23200.jpg,1886,1890,4
23205.jpg,1886,1890,4
23210.jpg,1886,1878,-8
23215.jpg,1886,1885,-1
23220.jpg,1886,1890,4
23225.jpg,1886,1890,4
23230.jpg,1886,1890,4
23235.jpg,1886,1895,9
23240.jpg,1886,1900,14
23245.jpg,1886,1875,-11
23250.jpg,1886,1910,24
23255.jpg,1886,1880,-6
23260.jpg,1886,1895,9
23265.jpg,1886,1915,29
23275.jpg,1886,1880,-6
23280.jpg,1886,1910,24
23285.jpg,1886,1895,9
23290.jpg,1886,1995,109
23295.jpg,1886,1915,29
23300.jpg,1886,1910,24
23305.jpg,1886,1855,-31
23310.jpg,1886,1900,14
23315.jpg,1886,1890,4
23320.jpg,1886,1886,0
23325.jpg,1886,1888,2
23330.jpg,1886,1886,0
23335.jpg,1886,1920,34
23340.jpg,1886,1925,39
23345.jpg,1886,1895,9
23350.jpg,1886,1890,4
23355.jpg,1886,1900,14
23365.jpg,1886,2000,114
23370.jpg,1886,1890,4
23375.jpg,1887,1930,43
23380.jpg,1887,1937,50
23385.jpg,1887,1900,13
23390.jpg,1887,1928,41
23395.jpg,1887,1900,13
23400.jpg,1887,1895,8
23410.jpg,1887,1905,18
23415.jpg,1887,1895,8
23420.jpg,1887,1905,18
23425.jpg,1887,1900,13
23430.jpg,1887,1910,23
23440.jpg,1887,1860,-27
23445.jpg,1887,1890,3
23450.jpg,1887,1935,48
23460.jpg,1887,1855,-32
23465.jpg,1887,1890,3
23470.jpg,1887,1920,33
23475.jpg,1887,1910,23
23480.jpg,1887,1890,3
23485.jpg,1887,1890,3
23490.jpg,1887,1855,-32
23495.jpg,1887,1870,-17
23500.jpg,1887,1900,13
23505.jpg,1887,1885,-2
23510.jpg,1887,1875,-12
23515.jpg,1887,1905,18
23520.jpg,1887,1890,3
23525.jpg,1887,1910,23
23535.jpg,1887,1905,18
23540.jpg,1887,1895,8
23545.jpg,1887,1925,38
23550.jpg,1887,1900,13
23555.jpg,1887,1915,28
23560.jpg,1887,1905,18
23565.jpg,1887,1895,8
23570.jpg,1887,1928,41
23575.jpg,1887,1900,13
23580.jpg,1887,1890,3
23585.jpg,1887,1905,18
23590.jpg,1887,1970,83
23595.jpg,1887,1895,8
23600.jpg,1887,1905,18
23605.jpg,1887,1895,8
23610.jpg,1887,1869,-18
23615.jpg,1887,1887,0
23620.jpg,1887,1905,18
23625.jpg,1887,1905,18
23630.jpg,1887,1910,23
23635.jpg,1887,1895,8
23640.jpg,1887,1880,-7
23645.jpg,1887,1890,3
23650.jpg,1887,1893,6
23660.jpg,1887,1905,18
23665.jpg,1887,1890,3
23670.jpg,1887,1900,13
23675.jpg,1887,1887,0
23680.jpg,1887,1930,43
23690.jpg,1887,1900,13
23695.jpg,1887,1890,3
23700.jpg,1888,1717,-171
23705.jpg,1888,1900,12
23710.jpg,1888,1912,24
23715.jpg,1888,1920,32
23720.jpg,1888,1965,77
23725.jpg,1888,1872,-16
23730.jpg,1888,1871,-17
23735.jpg,1888,1905,17
23740.jpg,1888,1895,7
23745.jpg,1888,1884,-4
23750.jpg,1888,1911,23
23755.jpg,1888,1900,12
23760.jpg,1888,1841,-47
23765.jpg,1888,1920,32
23770.jpg,1888,1970,82
23775.jpg,1888,1910,22
23790.jpg,1888,1890,2
23795.jpg,1888,1890,2
23800.jpg,1888,1891,3
23805.jpg,1888,1895,7
23810.jpg,1888,1920,32
23815.jpg,1888,1890,2
23820.jpg,1888,1890,2
23825.jpg,1888,1920,32
23830.jpg,1888,1900,12
23835.jpg,1888,1885,-3
23840.jpg,1888,1895,7
23850.jpg,1888,1910,22
23855.jpg,1888,1895,7
23860.jpg,1888,1895,7
23865.jpg,1888,1855,-33
23870.jpg,1888,1855,-33
23875.jpg,1888,1910,22
23880.jpg,1888,1895,7
23885.jpg,1888,1915,27
23890.jpg,1888,1890,2
23895.jpg,1888,1895,7
23900.jpg,1888,1885,-3
23905.jpg,1888,1890,2
23910.jpg,1888,1905,17
23915.jpg,1888,1905,17
23920.jpg,1888,1890,2
23925.jpg,1888,1895,7
23930.jpg,1888,1905,17
23935.jpg,1888,1840,-48
23940.jpg,1888,1888,0
23945.jpg,1888,1855,-33
23950.jpg,1888,1888,0
23955.jpg,1888,1880,-8
23960.jpg,1888,1910,22
23965.jpg,1888,1892,4
23970.jpg,1888,1530,-358
23975.jpg,1888,1890,2
23980.jpg,1888,1900,12
23985.jpg,1888,1920,32
23990.jpg,1888,1888,0
23995.jpg,1888,1929,41
24000.jpg,1888,1910,22
24005.jpg,1888,1905,17
24010.jpg,1888,1898,10
24015.jpg,1888,1930,42
24020.jpg,1888,1905,17
24025.jpg,1888,1900,12
24030.jpg,1888,1900,12
24035.jpg,1888,1940,52
24040.jpg,1888,1960,72
24050.jpg,1889,1905,16
24055.jpg,1889,1880,-9
24060.jpg,1889,1890,1
24065.jpg,1889,1900,11
24070.jpg,1889,1900,11
24075.jpg,1889,1910,21
24080.jpg,1889,1891,2
24085.jpg,1889,1895,6
24090.jpg,1889,1891,2
24095.jpg,1889,1890,1
24105.jpg,1889,1905,16
24110.jpg,1889,1890,1
24115.jpg,1889,1917,28
24120.jpg,1889,1877,-12
24125.jpg,1889,1885,-4
24130.jpg,1889,1900,11
24135.jpg,1889,1900,11
24140.jpg,1889,1906,17
24145.jpg,1889,1900,11
24150.jpg,1889,1902,13
24155.jpg,1889,1936,47
24160.jpg,1889,1905,16
24165.jpg,1889,1895,6
24170.jpg,1889,1890,1
24175.jpg,1889,1935,46
24180.jpg,1889,1925,36
24185.jpg,1889,1895,6
24190.jpg,1889,1890,1
24195.jpg,1889,1890,1
24200.jpg,1889,1895,6
24205.jpg,1889,1905,16
24210.jpg,1889,1890,1
24215.jpg,1889,1890,1
24220.jpg,1889,1890,1
24225.jpg,1889,1885,-4
24230.jpg,1889,1895,6
24235.jpg,1889,1895,6
24240.jpg,1889,1890,1
24245.jpg,1889,1925,36
24250.jpg,1889,1880,-9
24255.jpg,1889,1886,-3
24260.jpg,1889,1910,21
24265.jpg,1889,1895,6
24270.jpg,1889,1890,1
24275.jpg,1889,1890,1
24280.jpg,1889,1905,16
24285.jpg,1889,1910,21
24290.jpg,1889,1890,1
24295.jpg,1889,1910,21
24300.jpg,1889,1905,16
24310.jpg,1889,1890,1
24315.jpg,1889,1885,-4
24320.jpg,1889,1880,-9
24330.jpg,1889,1850,-39
24335.jpg,1889,1930,41
24340.jpg,1889,1938,49
24345.jpg,1889,1895,6
24350.jpg,1889,1890,1
24355.jpg,1889,1895,6
24360.jpg,1889,2010,121
24365.jpg,1889,1895,6
24370.jpg,1889,1904,15
24375.jpg,1889,1905,16
24380.jpg,1889,1910,21
24385.jpg,1889,1890,1
24390.jpg,1889,1890,1
24395.jpg,1890,1850,-40
24400.jpg,1890,1890,0
24405.jpg,1890,1890,0
24410.jpg,1890,1890,0
24415.jpg,1890,1895,5
24420.jpg,1890,1900,10
24425.jpg,1890,1910,20
24430.jpg,1890,1895,5
24435.jpg,1890,1890,0
24440.jpg,1890,1896,6
24445.jpg,1890,1942,52
24450.jpg,1890,1895,5
24455.jpg,1890,1890,0
24460.jpg,1890,1890,0
24465.jpg,1890,1920,30
24470.jpg,1890,1920,30
24475.jpg,1890,1890,0
24480.jpg,1890,1890,0
24485.jpg,1890,1900,10
24490.jpg,1890,1900,10
24495.jpg,1890,1875,-15
24500.jpg,1890,1852,-38
24505.jpg,1890,1890,0
24510.jpg,1890,1873,-17
24515.jpg,1890,1873,-17
24520.jpg,1890,1886,-4
24525.jpg,1890,1900,10
24535.jpg,1890,1905,15
24540.jpg,1890,1905,15
24545.jpg,1890,1910,20
24550.jpg,1890,1890,0
24555.jpg,1890,1895,5
24560.jpg,1890,1900,10
24565.jpg,1890,1895,5
24570.jpg,1890,1890,0
24575.jpg,1890,1900,10
24580.jpg,1890,1905,15
24585.jpg,1890,1892,2
24590.jpg,1890,1905,15
24595.jpg,1890,1880,-10
24600.jpg,1890,1905,15
24605.jpg,1890,1895,5
24610.jpg,1890,1900,10
24615.jpg,1890,1900,10
24620.jpg,1890,1955,65
24625.jpg,1890,1890,0
24630.jpg,1890,1890,0
24635.jpg,1890,1910,20
24640.jpg,1890,1895,5
24645.jpg,1890,1900,10
24650.jpg,1890,1890,0
24655.jpg,1890,1885,-5
24660.jpg,1890,1890,0
24665.jpg,1890,1895,5
24670.jpg,1890,1905,15
24675.jpg,1890,1895,5
24680.jpg,1890,1900,10
24685.jpg,1890,1895,5
24690.jpg,1890,1904,14
24695.jpg,1890,1910,20
24700.jpg,1890,1890,0
24705.jpg,1890,2010,120
24710.jpg,1890,1925,35
24715.jpg,1890,1900,10
24720.jpg,1890,1895,5
24725.jpg,1890,1915,25
24730.jpg,1890,1910,20
24735.jpg,1890,1905,15
24740.jpg,1890,1920,30
24745.jpg,1890,1888,-2
24750.jpg,1890,1939,49
24755.jpg,1890,1890,0
24760.jpg,1890,1895,5
24765.jpg,1890,1942,52
24770.jpg,1890,1895,5
24775.jpg,1891,1850,-41
24780.jpg,1891,1905,14
24785.jpg,1891,1897,6
24790.jpg,1891,1930,39
24795.jpg,1891,1905,14
24800.jpg,1891,1920,29
24805.jpg,1891,1890,-1
24810.jpg,1891,1891,0
24815.jpg,1891,1970,79
24820.jpg,1891,1890,-1
24825.jpg,1891,1910,19
24830.jpg,1891,1910,19
24835.jpg,1891,1900,9
24840.jpg,1891,1910,19
24845.jpg,1891,1910,19
24850.jpg,1891,2023,132
24855.jpg,1891,2000,109
24860.jpg,1891,1905,14
24865.jpg,1891,1900,9
24870.jpg,1891,1891,0
24875.jpg,1891,1901,10
24880.jpg,1891,1920,29
24885.jpg,1891,1895,4
24890.jpg,1891,1890,-1
24895.jpg,1891,1890,-1
24900.jpg,1891,1905,14
24905.jpg,1891,1885,-6
24910.jpg,1891,1890,-1
24915.jpg,1891,1890,-1
24920.jpg,1891,1920,29
24925.jpg,1891,1875,-16
24930.jpg,1891,1840,-51
24935.jpg,1891,1895,4
24940.jpg,1891,1895,4
24945.jpg,1891,2000,109
24950.jpg,1891,1850,-41
24955.jpg,1891,1905,14
24960.jpg,1891,1885,-6
24965.jpg,1891,1915,24
24970.jpg,1891,1895,4
24975.jpg,1891,1895,4
24980.jpg,1891,1910,19
24985.jpg,1891,1925,34
24990.jpg,1891,1885,-6
24995.jpg,1891,1887,-4
25000.jpg,1891,1890,-1
25005.jpg,1891,1890,-1
25010.jpg,1891,1880,-11
25015.jpg,1891,1895,4
25020.jpg,1891,1920,29
25025.jpg,1891,1980,89
25030.jpg,1891,1901,10
25035.jpg,1891,1200,-691
25040.jpg,1891,1877,-14
25045.jpg,1891,1905,14
25050.jpg,1891,1903,12
25055.jpg,1891,1880,-11
25060.jpg,1891,1920,29
25065.jpg,1891,1867,-24
25070.jpg,1891,1890,-1
25075.jpg,1891,1880,-11
25080.jpg,1891,1910,19
25085.jpg,1891,1908,17
25090.jpg,1891,1970,79
25095.jpg,1892,1931,39
25100.jpg,1892,2000,108
25105.jpg,1892,2000,108
25115.jpg,1892,1910,18
25120.jpg,1892,1900,8
25125.jpg,1892,1895,3
25130.jpg,1892,1920,28
25135.jpg,1892,1892,0
25140.jpg,1892,1905,13
25145.jpg,1892,1890,-2
25150.jpg,1892,1921,29
25155.jpg,1892,1894,2
25160.jpg,1892,1920,28
25165.jpg,1892,1900,8
25170.jpg,1892,1890,-2
25175.jpg,1892,1879,-13
25180.jpg,1892,1980,88
25185.jpg,1892,1883,-9
25190.jpg,1892,1920,28
25195.jpg,1892,1857,-35
25205.jpg,1892,1877,-15
25210.jpg,1892,1910,18
25215.jpg,1892,1890,-2
25220.jpg,1892,1905,13
25225.jpg,1892,1850,-42
25230.jpg,1892,1895,3
25235.jpg,1892,1905,13
25240.jpg,1892,1890,-2
25245.jpg,1892,1890,-2
25250.jpg,1892,1910,18
25255.jpg,1892,1915,23
25260.jpg,1892,1895,3
25265.jpg,1892,1890,-2
25270.jpg,1892,1895,3
25275.jpg,1892,1905,13
25280.jpg,1892,1900,8
25285.jpg,1892,1910,18
25290.jpg,1892,1890,-2
25295.jpg,1892,1905,13
25300.jpg,1892,1900,8
25305.jpg,1892,1980,88
25310.jpg,1892,1925,33
25315.jpg,1892,1890,-2
25320.jpg,1892,1890,-2
25325.jpg,1892,1902,10
25330.jpg,1892,1920,28
25335.jpg,1892,1890,-2
25340.jpg,1892,1900,8
25345.jpg,1892,1913,21
25350.jpg,1892,1895,3
25355.jpg,1892,1910,18
25360.jpg,1892,1930,38
25365.jpg,1892,1890,-2
25370.jpg,1892,1900,8
25375.jpg,1892,1895,3
25380.jpg,1892,1890,-2
25385.jpg,1892,1890,-2
25390.jpg,1892,1930,38
25395.jpg,1892,1930,38
25400.jpg,1892,1937,45
25405.jpg,1892,1890,-2
25410.jpg,1892,1900,8
25415.jpg,1892,1895,3
25420.jpg,1892,1895,3
25425.jpg,1892,1890,-2
25430.jpg,1892,1890,-2
25435.jpg,1892,1900,8
25440.jpg,1892,1910,18
25445.jpg,1892,1850,-42
25450.jpg,1892,1910,18
25455.jpg,1892,1890,-2
25460.jpg,1892,1910,18
25465.jpg,1893,1850,-43
25470.jpg,1893,1900,7
25475.jpg,1893,1900,7
25480.jpg,1893,1925,32
25490.jpg,1893,1930,37
25495.jpg,1893,1895,2
25500.jpg,1893,1905,12
25505.jpg,1893,1910,17
25510.jpg,1893,1910,17
25515.jpg,1893,1893,0
25520.jpg,1893,1895,2
25525.jpg,1893,1890,-3
25530.jpg,1893,1925,32
25535.jpg,1893,1930,37
25540.jpg,1893,1910,17
25545.jpg,1893,1900,7
25555.jpg,1893,1869,-24
25560.jpg,1893,1892,-1
25565.jpg,1893,1896,3
25570.jpg,1893,1920,27
25575.jpg,1893,1890,-3
25580.jpg,1893,1905,12
25585.jpg,1893,1895,2
25590.jpg,1893,1905,12
25595.jpg,1893,1885,-8
25600.jpg,1893,1895,2
25605.jpg,1893,1910,17
25610.jpg,1893,1895,2
25615.jpg,1893,1905,12
25620.jpg,1893,1930,37
25625.jpg,1893,1890,-3
25630.jpg,1893,1905,12
25635.jpg,1893,1905,12
25640.jpg,1893,1920,27
25645.jpg,1893,1900,7
25650.jpg,1893,1920,27
25655.jpg,1893,1902,9
25660.jpg,1893,1896,3
25665.jpg,1893,1905,12
25670.jpg,1893,1905,12
25675.jpg,1893,1895,2
25680.jpg,1893,1900,7
25685.jpg,1893,1905,12
25690.jpg,1893,1905,12
25695.jpg,1893,1880,-13
25700.jpg,1893,1925,32
25705.jpg,1893,1925,32
25710.jpg,1893,1915,22
25715.jpg,1893,1895,2
25720.jpg,1893,1890,-3
25725.jpg,1893,1915,22
25730.jpg,1893,1895,2
25740.jpg,1893,1890,-3
25745.jpg,1893,1895,2
25750.jpg,1893,1895,2
25755.jpg,1893,1893,0
25760.jpg,1893,1890,-3
25765.jpg,1893,1910,17
25770.jpg,1893,1910,17
25775.jpg,1893,1905,12
25780.jpg,1893,1890,-3
25785.jpg,1893,1930,37
25795.jpg,1893,1892,-1
25800.jpg,1893,1910,17
25805.jpg,1894,1875,-19
25810.jpg,1894,1910,16
25815.jpg,1894,1905,11
25820.jpg,1894,1905,11
25825.jpg,1894,1910,16
25830.jpg,1894,1892,-2
25835.jpg,1894,1895,1
25840.jpg,1894,1891,-3
25845.jpg,1894,1895,1
25850.jpg,1894,1895,1
25855.jpg,1894,1895,1
25860.jpg,1894,1905,11
25865.jpg,1894,1900,6
25870.jpg,1894,1900,6
25875.jpg,1894,1867,-27
25880.jpg,1894,1954,60
25885.jpg,1894,1873,-21
25890.jpg,1894,1900,6
25895.jpg,1894,1951,57
25900.jpg,1894,1904,10
25905.jpg,1894,1890,-4
25910.jpg,1894,1895,1
25915.jpg,1894,1930,36
25920.jpg,1894,1890,-4
25925.jpg,1894,1900,6
25930.jpg,1894,1905,11
25935.jpg,1894,1895,1
25940.jpg,1894,1890,-4
25945.jpg,1894,1895,1
25950.jpg,1894,1890,-4
25955.jpg,1894,1895,1
25960.jpg,1894,1890,-4
25965.jpg,1894,1894,0
25970.jpg,1894,1925,31
25975.jpg,1894,1895,1
25980.jpg,1894,1890,-4
25985.jpg,1894,1920,26
25990.jpg,1894,2010,116
25995.jpg,1894,1905,11
26000.jpg,1894,1895,1
26005.jpg,1894,1895,1
26010.jpg,1894,1895,1
26015.jpg,1894,1895,1
26020.jpg,1894,1985,91
26025.jpg,1894,1895,1
26030.jpg,1894,1875,-19
26035.jpg,1894,1895,1
26040.jpg,1894,1910,16
26045.jpg,1894,1885,-9
26050.jpg,1894,1885,-9
26055.jpg,1894,1895,1
26060.jpg,1894,1925,31
26065.jpg,1894,1894,0
26070.jpg,1894,1920,26
26075.jpg,1894,1906,12
26085.jpg,1894,1895,1
26090.jpg,1894,1906,12
26095.jpg,1894,1886,-8
26100.jpg,1894,1910,16
26105.jpg,1894,1870,-24
26110.jpg,1894,1905,11
26115.jpg,1894,1905,11
26120.jpg,1894,1905,11
26125.jpg,1895,1930,35
26130.jpg,1895,2003,108
26135.jpg,1895,1890,-5
26140.jpg,1895,1910,15
26145.jpg,1895,1915,20
26150.jpg,1895,1900,5
26155.jpg,1895,1900,5
26160.jpg,1895,1895,0
26165.jpg,1895,1900,5
26170.jpg,1895,1900,5
26175.jpg,1895,1915,20
26180.jpg,1895,1925,30
26185.jpg,1895,1890,-5
26190.jpg,1895,1890,-5
26195.jpg,1895,1880,-15
26200.jpg,1895,1910,15
26205.jpg,1895,1909,14
26210.jpg,1895,1919,24
26215.jpg,1895,1892,-3
26220.jpg,1895,1905,10
26225.jpg,1895,1895,0
26230.jpg,1895,1890,-5
26235.jpg,1895,1920,25
26240.jpg,1895,1920,25
26245.jpg,1895,1750,-145
26250.jpg,1895,1890,-5
26255.jpg,1895,1915,20
26260.jpg,1895,1890,-5
26265.jpg,1895,1885,-10
26270.jpg,1895,1900,5
26275.jpg,1895,1890,-5
26280.jpg,1895,1895,0
26285.jpg,1895,1895,0
26290.jpg,1895,1905,10
26295.jpg,1895,1883,-12
26300.jpg,1895,1890,-5
26305.jpg,1895,1905,10
26310.jpg,1895,1900,5
26315.jpg,1895,1890,-5
26320.jpg,1895,1895,0
26325.jpg,1895,1885,-10
26330.jpg,1895,1885,-10
26335.jpg,1895,1890,-5
26340.jpg,1895,1890,-5
26345.jpg,1895,1900,5
26350.jpg,1895,1905,10
26355.jpg,1895,1905,10
26360.jpg,1895,1895,0
26365.jpg,1895,1895,0
26370.jpg,1895,1895,0
26375.jpg,1895,1890,-5
26380.jpg,1895,1910,15
26385.jpg,1895,1935,40
26390.jpg,1895,1926,31
26395.jpg,1895,1880,-15
26405.jpg,1895,1895,0
26410.jpg,1895,1905,10
26415.jpg,1895,1892,-3
26420.jpg,1895,1927,32
26425.jpg,1895,1890,-5
26430.jpg,1895,1915,20
26435.jpg,1895,1920,25
26440.jpg,1895,1920,25
26445.jpg,1895,1900,5
26450.jpg,1895,1910,15
26455.jpg,1895,1901,6
26460.jpg,1895,1847,-48
26465.jpg,1895,1889,-6
26470.jpg,1895,1912,17
26475.jpg,1895,1905,10
26480.jpg,1895,1912,17
26485.jpg,1895,1890,-5
26490.jpg,1896,1892,-4
26495.jpg,1896,1905,9
26500.jpg,1896,1910,14
26505.jpg,1896,1895,-1
26510.jpg,1896,1915,19
26515.jpg,1896,1925,29
26520.jpg,1896,1900,4
26525.jpg,1896,1894,-2
26530.jpg,1896,1950,54
26535.jpg,1896,1925,29
26540.jpg,1896,1905,9
26545.jpg,1896,1890,-6
26550.jpg,1896,1930,34
26555.jpg,1896,1995,99
26560.jpg,1896,1868,-28
26565.jpg,1896,1900,4
26570.jpg,1896,1900,4
26575.jpg,1896,1890,-6
26580.jpg,1896,1895,-1
26585.jpg,1896,1900,4
26590.jpg,1896,1890,-6
26595.jpg,1896,1925,29
26600.jpg,1896,1900,4
26605.jpg,1896,1895,-1
26610.jpg,1896,1915,19
26620.jpg,1896,1875,-21
26625.jpg,1896,1905,9
26630.jpg,1896,1905,9
26635.jpg,1896,1925,29
26640.jpg,1896,1889,-7
26645.jpg,1896,1895,-1
26650.jpg,1896,1903,7
26655.jpg,1896,1925,29
26665.jpg,1896,1895,-1
26670.jpg,1896,1895,-1
26675.jpg,1896,1890,-6
26680.jpg,1896,1905,9
26685.jpg,1896,1893,-3
26690.jpg,1896,1920,24
26695.jpg,1896,1900,4
26700.jpg,1896,1890,-6
26705.jpg,1896,1890,-6
26710.jpg,1896,1925,29
26715.jpg,1896,1890,-6
26720.jpg,1896,1895,-1
26725.jpg,1896,1885,-11
26730.jpg,1896,1905,9
26735.jpg,1896,1910,14
26740.jpg,1896,1841,-55
26745.jpg,1896,1840,-56
26750.jpg,1896,1866,-30
26760.jpg,1896,1930,34
26765.jpg,1896,1905,9
26770.jpg,1896,1895,-1
26775.jpg,1896,1925,29
26780.jpg,1896,1900,4
26785.jpg,1896,1900,4
26790.jpg,1896,1910,14
26795.jpg,1896,1910,14
26800.jpg,1896,1985,89
26805.jpg,1896,1896,0
26810.jpg,1896,1920,24
26815.jpg,1896,1889,-7
26820.jpg,1896,1891,-5
26825.jpg,1896,1880,-16
26830.jpg,1896,1900,4
26835.jpg,1896,1910,14
26840.jpg,1896,2005,109
26845.jpg,1897,1900,3
26850.jpg,1897,1897,0
26855.jpg,1897,1900,3
26860.jpg,1897,1885,-12
26865.jpg,1897,1888,-9
26870.jpg,1897,1910,13
26875.jpg,1897,1890,-7
26880.jpg,1897,1904,7
26885.jpg,1897,1915,18
26890.jpg,1897,1905,8
26895.jpg,1897,1900,3
26900.jpg,1897,1900,3
26910.jpg,1897,1880,-17
26915.jpg,1897,1905,8
26920.jpg,1897,1905,8
26925.jpg,1897,2010,113
26930.jpg,1897,1873,-24
26935.jpg,1897,1905,8
26940.jpg,1897,1905,8
26945.jpg,1897,1910,13
26950.jpg,1897,1910,13
26955.jpg,1897,1890,-7
26960.jpg,1897,1890,-7
26965.jpg,1897,1910,13
26970.jpg,1897,1850,-47
26975.jpg,1897,1910,13
26980.jpg,1897,1895,-2
26985.jpg,1897,1895,-2
26990.jpg,1897,1895,-2
26995.jpg,1897,1895,-2
27000.jpg,1897,1910,13
27005.jpg,1897,1895,-2
27010.jpg,1897,1905,8
27015.jpg,1897,1925,28
27020.jpg,1897,1890,-7
27025.jpg,1897,1920,23
27030.jpg,1897,1895,-2
27035.jpg,1897,1910,13
27040.jpg,1897,1895,-2
27045.jpg,1897,1895,-2
27050.jpg,1897,1900,3
27055.jpg,1897,1895,-2
27060.jpg,1897,1930,33
27065.jpg,1897,1900,3
27070.jpg,1897,1915,18
27075.jpg,1897,1900,3
27080.jpg,1897,1897,0
27085.jpg,1897,1909,12
27090.jpg,1897,1890,-7
27095.jpg,1897,1890,-7
27100.jpg,1897,1905,8
27105.jpg,1897,1899,2
27110.jpg,1897,1930,33
27115.jpg,1897,1910,13
27120.jpg,1897,1897,0
27125.jpg,1897,1897,0
27130.jpg,1897,1990,93
27135.jpg,1897,1880,-17
27140.jpg,1897,1850,-47
27145.jpg,1897,1900,3
27150.jpg,1897,1920,23
27155.jpg,1898,1897,-1
27160.jpg,1898,1898,0
27165.jpg,1898,1895,-3
27170.jpg,1898,1895,-3
27175.jpg,1898,1905,7
27180.jpg,1898,1898,0
27185.jpg,1898,1915,17
27190.jpg,1898,1905,7
27195.jpg,1898,1936,38
27200.jpg,1898,1985,87
27205.jpg,1898,1898,0
27210.jpg,1898,1910,12
27215.jpg,1898,1925,27
27220.jpg,1898,1910,12
27225.jpg,1898,1915,17
27230.jpg,1898,1915,17
27235.jpg,1898,1910,12
27240.jpg,1898,1900,2
27245.jpg,1898,1920,22
27255.jpg,1898,1900,2
27260.jpg,1898,1889,-9
27265.jpg,1898,1905,7
27270.jpg,1898,1905,7
27275.jpg,1898,1890,-8
27280.jpg,1898,1925,27
27285.jpg,1898,1895,-3
27290.jpg,1898,1920,22
27295.jpg,1898,1890,-8
27300.jpg,1898,1870,-28
27305.jpg,1898,1910,12
27310.jpg,1898,1925,27
27315.jpg,1898,1910,12
27320.jpg,1898,1895,-3
27325.jpg,1898,1925,27
27330.jpg,1898,1910,12
27335.jpg,1898,1905,7
27340.jpg,1898,1905,7
27345.jpg,1898,1915,17
27350.jpg,1898,1910,12
27355.jpg,1898,1910,12
27360.jpg,1898,1900,2
27365.jpg,1898,1895,-3
27370.jpg,1898,1890,-8
27380.jpg,1898,1895,-3
27385.jpg,1898,1905,7
27390.jpg,1898,1925,27
27395.jpg,1898,1905,7
27400.jpg,1898,1905,7
27405.jpg,1898,1915,17
27410.jpg,1898,1905,7
27415.jpg,1898,1900,2
27420.jpg,1898,1910,12
27425.jpg,1898,1895,-3
27430.jpg,1898,1907,9
27435.jpg,1898,1880,-18
27440.jpg,1898,1890,-8
27445.jpg,1898,1920,22
27450.jpg,1898,1910,12
27455.jpg,1898,1960,62
27465.jpg,1898,1930,32
27470.jpg,1898,1905,7
27475.jpg,1898,1905,7
27480.jpg,1898,1898,0
27485.jpg,1898,1892,-6
27490.jpg,1898,1905,7
27495.jpg,1898,1900,2
27500.jpg,1898,1925,27
27505.jpg,1898,1895,-3
27510.jpg,1898,1900,2
27515.jpg,1898,1920,22
27520.jpg,1898,1920,22
27525.jpg,1898,1900,2
27530.jpg,1898,1925,27
27540.jpg,1899,1899,0
27545.jpg,1899,1955,56
27550.jpg,1899,1850,-49
27555.jpg,1899,1875,-24
27560.jpg,1899,1906,7
27565.jpg,1899,1905,6
27570.jpg,1899,1940,41
27575.jpg,1899,1985,86
27580.jpg,1899,1905,6
27585.jpg,1899,1910,11
27590.jpg,1899,1905,6
27595.jpg,1899,1900,1
27600.jpg,1899,1900,1
27605.jpg,1899,1890,-9
27610.jpg,1899,1930,31
27615.jpg,1899,1880,-19
27620.jpg,1899,1850,-49
27625.jpg,1899,1892,-7
27630.jpg,1899,1925,26
27635.jpg,1899,1895,-4
27640.jpg,1899,1910,11
27645.jpg,1899,1920,21
27650.jpg,1899,1905,6
27655.jpg,1899,1900,1
27660.jpg,1899,1910,11
27665.jpg,1899,1895,-4
27670.jpg,1899,1900,1
27675.jpg,1899,1910,11
27680.jpg,1899,1929,30
27685.jpg,1899,1910,11
27690.jpg,1899,1925,26
27695.jpg,1899,1903,4
27700.jpg,1899,1895,-4
27705.jpg,1899,1900,1
27715.jpg,1899,1925,26
27720.jpg,1899,1905,6
27725.jpg,1899,1895,-4
27730.jpg,1899,1925,26
27735.jpg,1899,1905,6
27740.jpg,1899,1899,0
27745.jpg,1899,1896,-3
27750.jpg,1899,1895,-4
27755.jpg,1899,1910,11
27760.jpg,1899,1899,0
27765.jpg,1899,1905,6
27770.jpg,1899,1914,15
27775.jpg,1899,1910,11
27780.jpg,1899,1985,86
27785.jpg,1899,1895,-4
27790.jpg,1899,1892,-7
27795.jpg,1899,1925,26
27800.jpg,1899,1893,-6
27805.jpg,1899,1900,1
27810.jpg,1900,1850,-50
27815.jpg,1900,1892,-8
27820.jpg,1900,1911,11
27825.jpg,1900,1900,0
27830.jpg,1900,1890,-10
27835.jpg,1900,1950,50
27840.jpg,1900,1926,26
27845.jpg,1900,1895,-5
27850.jpg,1900,1910,10
27855.jpg,1900,1890,-10
27860.jpg,1900,1905,5
27865.jpg,1900,1896,-4
27870.jpg,1900,1895,-5
27875.jpg,1900,1910,10
27880.jpg,1900,1910,10
27885.jpg,1900,1910,10
27895.jpg,1900,1910,10
27900.jpg,1900,1895,-5
27905.jpg,1900,1900,0
27910.jpg,1900,1840,-60
27915.jpg,1900,1900,0
27920.jpg,1900,1912,12
27925.jpg,1900,1930,30
27930.jpg,1900,1920,20
27935.jpg,1900,1930,30
27940.jpg,1900,1903,3
27945.jpg,1900,1900,0
27950.jpg,1900,1904,4
27955.jpg,1900,1927,27
27960.jpg,1900,1890,-10
27965.jpg,1900,2000,100
27970.jpg,1900,1890,-10
27975.jpg,1900,1890,-10
27980.jpg,1900,1895,-5
27985.jpg,1900,1925,25
27990.jpg,1900,1900,0
27995.jpg,1900,1910,10
28000.jpg,1900,1915,15
28005.jpg,1900,1925,25
28010.jpg,1900,1910,10
28015.jpg,1900,1856,-44
28020.jpg,1900,1905,5
28025.jpg,1900,1895,-5
28030.jpg,1900,1895,-5
28035.jpg,1900,1885,-15
28040.jpg,1900,1905,5
28045.jpg,1900,1925,25
28050.jpg,1900,1910,10
28055.jpg,1900,1915,15
28060.jpg,1900,1905,5
28065.jpg,1900,1895,-5
28070.jpg,1900,1890,-10
28075.jpg,1900,1905,5
28080.jpg,1900,1910,10
28085.jpg,1900,1930,30
28090.jpg,1900,1935,35
28095.jpg,1900,1750,-150
28100.jpg,1900,1925,25
28105.jpg,1900,1895,-5
28110.jpg,1900,1915,15
28115.jpg,1900,1895,-5
28120.jpg,1900,1903,3
28125.jpg,1900,1886,-14
28130.jpg,1900,1914,14
28135.jpg,1900,1905,5
28140.jpg,1900,1898,-2
28145.jpg,1900,1850,-50
28150.jpg,1900,1940,40
28155.jpg,1900,1820,-80
28160.jpg,1900,1935,35
28165.jpg,1900,1938,38
28170.jpg,1900,1900,0
28175.jpg,1900,1935,35
28180.jpg,1901,1920,19
28185.jpg,1901,1915,14
28190.jpg,1901,1908,7
28195.jpg,1901,1910,9
28200.jpg,1901,1912,11
28205.jpg,1901,1895,-6
28210.jpg,1901,1895,-6
28215.jpg,1901,1900,-1
28220.jpg,1901,1910,9
28225.jpg,1901,1900,-1
28230.jpg,1901,1950,49
28235.jpg,1901,1900,-1
28240.jpg,1901,1925,24
28245.jpg,1901,1915,14
28250.jpg,1901,1890,-11
28255.jpg,1901,1902,1
28260.jpg,1901,1905,4
28265.jpg,1901,1905,4
28270.jpg,1901,1900,-1
28275.jpg,1901,1925,24
28280.jpg,1901,1885,-16
28285.jpg,1901,1930,29
28290.jpg,1901,1910,9
28295.jpg,1901,1900,-1
28300.jpg,1901,1870,-31
28305.jpg,1901,1950,49
28310.jpg,1901,1917,16
28315.jpg,1901,1920,19
28320.jpg,1901,1890,-11
28325.jpg,1901,1890,-11
28330.jpg,1901,1905,4
28335.jpg,1901,1915,14
28340.jpg,1901,1900,-1
28345.jpg,1901,1895,-6
28350.jpg,1901,1930,29
28355.jpg,1901,1905,4
28360.jpg,1901,1920,19
28365.jpg,1901,1895,-6
28370.jpg,1901,1920,19
28375.jpg,1901,1910,9
28380.jpg,1901,1895,-6
28385.jpg,1901,1915,14
28390.jpg,1901,1905,4
28395.jpg,1901,1895,-6
28400.jpg,1901,1905,4
28405.jpg,1901,1880,-21
28410.jpg,1901,1920,19
28415.jpg,1901,1895,-6
28420.jpg,1901,1915,14
28425.jpg,1901,1995,94
28430.jpg,1901,1902,1
28435.jpg,1901,1895,-6
28440.jpg,1901,1895,-6
28445.jpg,1901,1910,9
28450.jpg,1901,1890,-11
28455.jpg,1901,1898,-3
28460.jpg,1901,1930,29
28465.jpg,1901,1900,-1
28470.jpg,1901,1909,8
28475.jpg,1901,1925,24
28480.jpg,1901,1910,9
28485.jpg,1901,1907,6
28490.jpg,1901,1900,-1
28495.jpg,1901,1930,29
28500.jpg,1901,1910,9
28505.jpg,1901,1925,24
28510.jpg,1901,1902,1
28515.jpg,1901,1910,9
28520.jpg,1902,1902,0
28525.jpg,1902,1925,23
28530.jpg,1902,1900,-2
28535.jpg,1902,1905,3
28540.jpg,1902,1900,-2
28545.jpg,1902,1960,58
28550.jpg,1902,1940,38
28555.jpg,1902,1900,-2
28560.jpg,1902,1900,-2
28575.jpg,1902,1920,18
28580.jpg,1902,1913,11
28585.jpg,1902,1905,3
28590.jpg,1902,1901,-1
28595.jpg,1902,1904,2
28600.jpg,1902,1915,13
28605.jpg,1902,1920,18
28610.jpg,1902,1912,10
28615.jpg,1902,1905,3
28620.jpg,1902,1925,23
28625.jpg,1902,1925,23
28630.jpg,1902,1900,-2
28635.jpg,1902,1925,23
28640.jpg,1902,1916,14
28645.jpg,1902,1870,-32
28650.jpg,1902,1840,-62
28655.jpg,1902,1890,-12
28660.jpg,1902,1890,-12
28665.jpg,1902,1937,35
28670.jpg,1902,1903,1
28675.jpg,1902,1930,28
28680.jpg,1902,1965,63
28685.jpg,1902,1890,-12
28690.jpg,1902,1890,-12
28695.jpg,1902,1905,3
28700.jpg,1902,1925,23
28705.jpg,1902,1914,12
28710.jpg,1902,1890,-12
28715.jpg,1902,1895,-7
28720.jpg,1902,1910,8
28725.jpg,1902,1910,8
28730.jpg,1902,1925,23
28735.jpg,1902,1925,23
28740.jpg,1902,1895,-7
28745.jpg,1902,1910,8
28750.jpg,1902,1895,-7
28755.jpg,1902,1895,-7
28760.jpg,1902,1910,8
28765.jpg,1902,1810,-92
28770.jpg,1902,1895,-7
28775.jpg,1902,1905,3
28780.jpg,1902,1890,-12
28785.jpg,1902,1910,8
28790.jpg,1902,1895,-7
28795.jpg,1902,1905,3
28800.jpg,1902,1905,3
28805.jpg,1902,1915,13
28810.jpg,1902,1885,-17
28815.jpg,1902,1910,8
28820.jpg,1902,1900,-2
28825.jpg,1902,1895,-7
28830.jpg,1902,1900,-2
28835.jpg,1902,1905,3
28840.jpg,1902,1910,8
28845.jpg,1902,1915,13
28850.jpg,1902,1910,8
28855.jpg,1902,1904,2
28860.jpg,1902,1900,-2
28865.jpg,1902,1930,28
28870.jpg,1902,1925,23
28875.jpg,1902,1897,-5
28880.jpg,1902,1925,23
28885.jpg,1902,1700,-202
28890.jpg,1902,1910,8
28895.jpg,1902,1900,-2
28900.jpg,1902,1925,23
28905.jpg,1902,1906,4
28910.jpg,1902,1900,-2
28915.jpg,1902,1900,-2
28920.jpg,1903,1908,5
28925.jpg,1903,1905,2
28930.jpg,1903,1900,-3
28935.jpg,1903,1920,17
28940.jpg,1903,1927,24
28945.jpg,1903,1927,24
28955.jpg,1903,1923,20
28960.jpg,1903,1900,-3
28965.jpg,1903,1905,2
28970.jpg,1903,1910,7
28975.jpg,1903,1885,-18
28980.jpg,1903,1905,2
28985.jpg,1903,1910,7
28990.jpg,1903,1910,7
28995.jpg,1903,1985,82
29000.jpg,1903,1926,23
29005.jpg,1903,1904,1
29010.jpg,1903,1905,2
29015.jpg,1903,1925,22
29020.jpg,1903,1910,7
29025.jpg,1903,1925,22
29030.jpg,1903,1910,7
29035.jpg,1903,1915,12
29040.jpg,1903,1910,7
29045.jpg,1903,1910,7
29050.jpg,1903,1990,87
29055.jpg,1903,1915,12
29060.jpg,1903,1900,-3
29065.jpg,1903,1905,2
29070.jpg,1903,1901,-2
29075.jpg,1903,1990,87
29080.jpg,1903,1970,67
29085.jpg,1903,1904,1
29090.jpg,1903,1880,-23
29095.jpg,1903,1900,-3
29100.jpg,1903,1960,57
29105.jpg,1903,1880,-23
29110.jpg,1903,1938,35
29115.jpg,1903,1885,-18
29120.jpg,1903,1905,2
29125.jpg,1903,1895,-8
29130.jpg,1903,1820,-83
29135.jpg,1903,1915,12
29140.jpg,1903,1910,7
29145.jpg,1903,1925,22
29150.jpg,1903,1910,7
29155.jpg,1903,1910,7
29160.jpg,1903,1890,-13
29165.jpg,1903,1910,7
29170.jpg,1903,1925,22
29175.jpg,1903,1895,-8
29180.jpg,1903,1930,27
29185.jpg,1903,1930,27
29190.jpg,1903,1900,-3
29195.jpg,1903,1900,-3
29200.jpg,1903,1905,2
29205.jpg,1903,1920,17
29210.jpg,1903,1600,-303
29215.jpg,1903,1910,7
29220.jpg,1903,1910,7
29225.jpg,1903,1895,-8
29230.jpg,1903,1900,-3
29235.jpg,1903,1915,12
29240.jpg,1903,1920,17
29245.jpg,1903,1910,7
29250.jpg,1903,1896,-7
29255.jpg,1903,1905,2
29260.jpg,1903,1925,22
29265.jpg,1903,1935,32
29270.jpg,1903,1903,0
29275.jpg,1903,1925,22
29280.jpg,1903,1895,-8
29285.jpg,1903,1890,-13
29290.jpg,1903,1902,-1
29295.jpg,1903,1906,3
29300.jpg,1903,1990,87
29305.jpg,1903,1892,-11
29310.jpg,1903,1900,-3
29315.jpg,1903,1925,22
29320.jpg,1903,1915,12
29325.jpg,1903,1934,31
29330.jpg,1903,1930,27
29335.jpg,1903,1904,1
29340.jpg,1903,1910,7
29345.jpg,1903,1925,22
29350.jpg,1903,1930,27
29355.jpg,1903,1925,22
29360.jpg,1903,1903,0
29365.jpg,1903,2005,102
29370.jpg,1903,1920,17
29375.jpg,1903,1905,2
29380.jpg,1904,1850,-54
29385.jpg,1904,1925,21
29390.jpg,1904,1916,12
29395.jpg,1904,2000,96
29400.jpg,1904,1930,26
29405.jpg,1904,1900,-4
29410.jpg,1904,1995,91
29415.jpg,1904,1920,16
29420.jpg,1904,1905,1
29425.jpg,1904,1900,-4
29430.jpg,1904,1900,-4
29435.jpg,1904,1900,-4
29440.jpg,1904,1850,-54
29445.jpg,1904,1910,6
29450.jpg,1904,1925,21
29455.jpg,1904,1920,16
29460.jpg,1904,1938,34
29465.jpg,1904,1950,46
29470.jpg,1904,1970,66
29475.jpg,1904,1915,11
29480.jpg,1904,2015,111
29485.jpg,1904,1930,26
29490.jpg,1904,1905,1
29495.jpg,1904,1895,-9
29500.jpg,1904,1985,81
29505.jpg,1904,1900,-4
29510.jpg,1904,1911,7
29515.jpg,1904,1910,6
29520.jpg,1904,1910,6
29525.jpg,1904,1925,21
29530.jpg,1904,1900,-4
29535.jpg,1904,1936,32
29540.jpg,1904,1910,6
29550.jpg,1904,1848,-56
29555.jpg,1904,1930,26
29560.jpg,1904,1935,31
29565.jpg,1904,1904,0
29570.jpg,1904,1854,-50
29575.jpg,1904,1914,10
29580.jpg,1904,1936,32
29585.jpg,1904,1910,6
29590.jpg,1904,1910,6
29595.jpg,1904,1910,6
29600.jpg,1904,1915,11
29605.jpg,1904,1910,6
29610.jpg,1904,1905,1
29615.jpg,1904,1915,11
29620.jpg,1904,1910,6
29625.jpg,1904,1890,-14
29630.jpg,1904,1915,11
29635.jpg,1904,1900,-4
29640.jpg,1904,1855,-49
29645.jpg,1904,1890,-14
29650.jpg,1904,1915,11
29655.jpg,1904,1915,11
29660.jpg,1904,1925,21
29665.jpg,1904,1920,16
29670.jpg,1904,1915,11
29675.jpg,1904,1904,0
29680.jpg,1904,1905,1
29685.jpg,1904,1915,11
29690.jpg,1904,1910,6
29695.jpg,1904,1925,21
29700.jpg,1904,1925,21
29705.jpg,1904,1920,16
29710.jpg,1904,1895,-9
29715.jpg,1904,1915,11
29720.jpg,1904,1880,-24
29725.jpg,1904,1935,31
29730.jpg,1904,1895,-9
29735.jpg,1904,1900,-4
29740.jpg,1904,1915,11
29745.jpg,1904,1910,6
29750.jpg,1904,1895,-9
29755.jpg,1904,1905,1
29760.jpg,1904,1841,-63
29765.jpg,1904,1895,-9
29770.jpg,1904,1920,16
29775.jpg,1904,1955,51
29780.jpg,1904,1904,0
29790.jpg,1904,1952,48
29795.jpg,1904,1900,-4
29800.jpg,1904,1915,11
29805.jpg,1904,1935,31
29810.jpg,1904,1890,-14
29815.jpg,1904,1913,9
29820.jpg,1904,1915,11
29825.jpg,1904,1890,-14
29830.jpg,1905,1915,10
29835.jpg,1905,1985,80
29840.jpg,1905,1910,5
29845.jpg,1905,1900,-5
29850.jpg,1905,1921,16
29855.jpg,1905,1921,16
29860.jpg,1905,2010,105
29865.jpg,1905,1915,10
29870.jpg,1905,1900,-5
29875.jpg,1905,1910,5
29880.jpg,1905,1905,0
29885.jpg,1905,1890,-15
29890.jpg,1905,1880,-25
29895.jpg,1905,1905,0
29900.jpg,1905,1910,5
29905.jpg,1905,1910,5
29910.jpg,1905,1925,20
29915.jpg,1905,1920,15
29920.jpg,1905,1910,5
29925.jpg,1905,1915,10
29930.jpg,1905,1903,-2
29935.jpg,1905,1925,20
29940.jpg,1905,1900,-5
29945.jpg,1905,1915,10
29950.jpg,1905,1928,23
29960.jpg,1905,1900,-5
29965.jpg,1905,1890,-15
29970.jpg,1905,1905,0
29975.jpg,1905,1915,10
29980.jpg,1905,1925,20
29985.jpg,1905,1905,0
29990.jpg,1905,1881,-24
29995.jpg,1905,1890,-15
30000.jpg,1905,1900,-5
30005.jpg,1905,1910,5
30015.jpg,1905,1859,-46
30020.jpg,1905,1930,25
30025.jpg,1905,1895,-10
30030.jpg,1905,1906,1
30035.jpg,1905,1920,15
30040.jpg,1905,1925,20
30045.jpg,1905,1700,-205
30050.jpg,1905,1925,20
30055.jpg,1905,1915,10
30060.jpg,1905,1890,-15
30065.jpg,1905,1890,-15
30070.jpg,1905,1910,5
30075.jpg,1905,1905,0
30080.jpg,1905,1905,0
30085.jpg,1905,1955,50
30090.jpg,1905,1910,5
30095.jpg,1905,1895,-10
30100.jpg,1905,1929,24
30105.jpg,1905,1900,-5
30110.jpg,1905,1930,25
30115.jpg,1905,1890,-15
30120.jpg,1905,1910,5
30125.jpg,1905,1915,10
30130.jpg,1905,1900,-5
30135.jpg,1905,1915,10
30140.jpg,1905,1915,10
30145.jpg,1905,1895,-10
30155.jpg,1905,1895,-10
30160.jpg,1905,1910,5
30165.jpg,1905,1850,-55
30170.jpg,1905,1910,5
30175.jpg,1905,1920,15
30180.jpg,1905,1925,20
30185.jpg,1905,1920,15
30190.jpg,1905,1910,5
30195.jpg,1905,1860,-45
30200.jpg,1905,1910,5
30205.jpg,1905,1989,84
30210.jpg,1905,1546,-359
30215.jpg,1905,1900,-5
30220.jpg,1905,1925,20
30225.jpg,1905,1900,-5
30230.jpg,1905,1970,65
30235.jpg,1905,1895,-10
30240.jpg,1905,1915,10
30245.jpg,1905,1905,0
30250.jpg,1905,1860,-45
30255.jpg,1905,1915,10
30260.jpg,1905,1910,5
30265.jpg,1905,1840,-65
30270.jpg,1905,1930,25
30275.jpg,1905,1907,2
30280.jpg,1905,1900,-5
30285.jpg,1905,1920,15
30290.jpg,1905,1910,5
30295.jpg,1906,1905,-1
30300.jpg,1906,1906,0
30305.jpg,1906,1925,19
30310.jpg,1906,1920,14
30315.jpg,1906,1925,19
30320.jpg,1906,2007,101
30325.jpg,1906,1950,44
30330.jpg,1906,1823,-83
30335.jpg,1906,1910,4
30340.jpg,1906,1910,4
30345.jpg,1906,1925,19
30350.jpg,1906,1920,14
30355.jpg,1906,1934,28
30360.jpg,1906,1900,-6
30365.jpg,1906,1910,4
30370.jpg,1906,1910,4
30375.jpg,1906,1905,-1
30380.jpg,1906,1930,24
30385.jpg,1906,1910,4
30390.jpg,1906,1905,-1
30395.jpg,1906,1910,4
30400.jpg,1906,1925,19
30405.jpg,1906,1905,-1
30410.jpg,1906,1910,4
30415.jpg,1906,1900,-6
30420.jpg,1906,1925,19
30425.jpg,1906,1910,4
30430.jpg,1906,1900,-6
30435.jpg,1906,1910,4
30440.jpg,1906,1960,54
30445.jpg,1906,1832,-74
30450.jpg,1906,1906,0
30455.jpg,1906,1936,30
30460.jpg,1906,1976,70
30465.jpg,1906,1936,30
30470.jpg,1906,1915,9
30475.jpg,1906,1895,-11
30480.jpg,1906,1910,4
30485.jpg,1906,1900,-6
30490.jpg,1906,1820,-86
30495.jpg,1906,1905,-1
30500.jpg,1906,1910,4
30505.jpg,1906,1905,-1
30510.jpg,1906,1900,-6
30515.jpg,1906,1915,9
30520.jpg,1906,1915,9
30525.jpg,1906,1910,4
30530.jpg,1906,1895,-11
30535.jpg,1906,1895,-11
30540.jpg,1906,1915,9
30545.jpg,1906,1908,2
30550.jpg,1906,1915,9
30555.jpg,1906,1910,4
30560.jpg,1906,1910,4
30565.jpg,1906,1905,-1
30570.jpg,1906,1910,4
30575.jpg,1906,1930,24
30580.jpg,1906,1925,19
30585.jpg,1906,1910,4
30590.jpg,1906,1890,-16
30595.jpg,1906,1920,14
30600.jpg,1906,1920,14
30605.jpg,1906,1892,-14
30610.jpg,1906,1895,-11
30615.jpg,1906,1915,9
30620.jpg,1906,1885,-21
30625.jpg,1906,1910,4
30630.jpg,1906,1910,4
30635.jpg,1906,1904,-2
30640.jpg,1906,1925,19
30645.jpg,1906,1905,-1
30650.jpg,1906,1896,-10
30655.jpg,1906,1895,-11
30665.jpg,1906,1910,4
30670.jpg,1906,1900,-6
30685.jpg,1906,1910,4
30690.jpg,1906,1910,4
30695.jpg,1906,1910,4
30700.jpg,1906,1900,-6
30705.jpg,1906,1910,4
30710.jpg,1906,1930,24
30715.jpg,1906,1970,64
30720.jpg,1906,1900,-6
30725.jpg,1906,1905,-1
30730.jpg,1906,1933,27
30740.jpg,1906,1915,9
30745.jpg,1906,1905,-1
30750.jpg,1906,1910,4
30760.jpg,1907,1926,19
30765.jpg,1907,1920,13
30770.jpg,1907,1908,1
30780.jpg,1907,1970,63
30785.jpg,1907,1941,34
30790.jpg,1907,1950,43
30795.jpg,1907,1900,-7
30800.jpg,1907,1910,3
30805.jpg,1907,1925,18
30810.jpg,1907,1904,-3
30815.jpg,1907,1930,23
30820.jpg,1907,1925,18
30825.jpg,1907,1915,8
30830.jpg,1907,1900,-7
30835.jpg,1907,1910,3
30840.jpg,1907,1910,3
30845.jpg,1907,1907,0
30855.jpg,1907,1911,4
30860.jpg,1907,1903,-4
30865.jpg,1907,1910,3
30870.jpg,1907,1905,-2
30875.jpg,1907,1910,3
30880.jpg,1907,1925,18
30885.jpg,1907,1910,3
30895.jpg,1907,1926,19
30900.jpg,1907,1900,-7
30905.jpg,1907,1921,14
30910.jpg,1907,1990,83
30915.jpg,1907,1915,8
30920.jpg,1907,1965,58
30925.jpg,1907,1930,23
30930.jpg,1907,1880,-27
30935.jpg,1907,1930,23
30940.jpg,1907,2010,103
30945.jpg,1907,1908,1
30950.jpg,1907,1890,-17
30955.jpg,1907,1858,-49
30960.jpg,1907,1895,-12
30965.jpg,1907,1910,3
30970.jpg,1907,1910,3
30975.jpg,1907,1890,-17
30980.jpg,1907,1920,13
30985.jpg,1907,1915,8
30990.jpg,1907,1910,3
30995.jpg,1907,1925,18
31000.jpg,1907,1850,-57
31005.jpg,1907,1890,-17
31010.jpg,1907,1915,8
31015.jpg,1907,1915,8
31020.jpg,1907,1890,-17
31025.jpg,1907,1928,21
31030.jpg,1907,1907,0
31035.jpg,1907,1920,13
31040.jpg,1907,1916,9
31045.jpg,1907,1910,3
31050.jpg,1907,1895,-12
31055.jpg,1907,1855,-52
31060.jpg,1907,1910,3
31065.jpg,1907,1905,-2
31070.jpg,1907,1910,3
31075.jpg,1907,1910,3
31080.jpg,1907,1925,18
31085.jpg,1907,1915,8
31090.jpg,1907,1900,-7
31095.jpg,1907,1895,-12
31100.jpg,1907,1907,0
31105.jpg,1907,1915,8
31110.jpg,1907,1920,13
31115.jpg,1907,1895,-12
31120.jpg,1907,1910,3
31125.jpg,1907,1915,8
31130.jpg,1907,1925,18
31135.jpg,1907,1925,18
31140.jpg,1907,1900,-7
31150.jpg,1907,1884,-23
31155.jpg,1907,1910,3
31160.jpg,1907,1915,8
31165.jpg,1907,1910,3
31170.jpg,1907,1917,10
31175.jpg,1907,1900,-7
31180.jpg,1907,1920,13
31185.jpg,1907,1910,3
31190.jpg,1907,1990,83
31195.jpg,1907,1910,3
31200.jpg,1907,1930,23
31205.jpg,1907,1925,18
31210.jpg,1907,1910,3
31215.jpg,1907,1925,18
31220.jpg,1907,1910,3
31225.jpg,1907,1915,8
31230.jpg,1907,1907,0
31235.jpg,1907,1909,2
31240.jpg,1907,1904,-3
31245.jpg,1907,1910,3
31250.jpg,1907,1910,3
31255.jpg,1907,1907,0
31260.jpg,1907,1925,18
31265.jpg,1907,1932,25
31270.jpg,1907,1938,31
31275.jpg,1907,1920,13
31280.jpg,1907,1910,3
31285.jpg,1907,1980,73
31290.jpg,1907,1920,13
31295.jpg,1907,1920,13
31300.jpg,1907,1911,4
31305.jpg,1907,1920,13
31310.jpg,1908,1908,0
31315.jpg,1908,1911,3
31320.jpg,1908,1930,22
31325.jpg,1908,1928,20
31330.jpg,1908,1900,-8
31335.jpg,1908,1920,12
31345.jpg,1908,1950,42
31350.jpg,1908,1925,17
31355.jpg,1908,1915,7
31360.jpg,1908,1905,-3
31365.jpg,1908,1910,2
31370.jpg,1908,1925,17
31380.jpg,1908,1920,12
31385.jpg,1908,1920,12
31390.jpg,1908,1925,17
31395.jpg,1908,1930,22
31400.jpg,1908,1920,12
31405.jpg,1908,1935,27
31410.jpg,1908,1900,-8
31415.jpg,1908,1912,4
31420.jpg,1908,1880,-28
31425.jpg,1908,1925,17
31430.jpg,1908,1912,4
31435.jpg,1908,1925,17
31440.jpg,1908,1915,7
31445.jpg,1908,1910,2
31450.jpg,1908,1900,-8
31455.jpg,1908,1925,17
31460.jpg,1908,1900,-8
31465.jpg,1908,1915,7
31470.jpg,1908,1908,0
31475.jpg,1908,1875,-33
31480.jpg,1908,1910,2
31485.jpg,1908,1875,-33
31490.jpg,1908,1873,-35
31500.jpg,1908,1910,2
31505.jpg,1908,1915,7
31510.jpg,1908,1905,-3
31515.jpg,1908,1895,-13
31520.jpg,1908,1910,2
31525.jpg,1908,1910,2
31530.jpg,1908,1930,22
31535.jpg,1908,1910,2
31540.jpg,1908,1905,-3
31545.jpg,1908,1915,7
31550.jpg,1908,1905,-3
31555.jpg,1908,1890,-18
31560.jpg,1908,1885,-23
31565.jpg,1908,1820,-88
31570.jpg,1908,1907,-1
31575.jpg,1908,1925,17
31580.jpg,1908,1925,17
31585.jpg,1908,1905,-3
31590.jpg,1908,1910,2
31595.jpg,1908,1915,7
31600.jpg,1908,1910,2
31605.jpg,1908,1930,22
31610.jpg,1908,1925,17
31620.jpg,1908,1915,7
31625.jpg,1908,1920,12
31630.jpg,1908,1905,-3
31635.jpg,1908,1925,17
31640.jpg,1908,1920,12
31645.jpg,1908,1920,12
31650.jpg,1908,1920,12
31655.jpg,1908,1910,2
31660.jpg,1908,1930,22
31665.jpg,1908,1910,2
31670.jpg,1908,1890,-18
31675.jpg,1908,1909,1
31680.jpg,1908,1890,-18
31685.jpg,1908,1895,-13
31690.jpg,1908,1910,2
31695.jpg,1908,1910,2
31700.jpg,1908,1905,-3
31705.jpg,1908,1900,-8
31710.jpg,1908,1910,2
31715.jpg,1908,1910,2
31720.jpg,1908,1915,7
31725.jpg,1908,1915,7
31730.jpg,1908,1910,2
31735.jpg,1908,1915,7
31740.jpg,1908,1908,0
31745.jpg,1908,1880,-28
31750.jpg,1908,1930,22
31755.jpg,1908,1900,-8
31760.jpg,1908,1915,7
31765.jpg,1909,1909,0
31770.jpg,1909,1918,9
31775.jpg,1909,1885,-24
31780.jpg,1909,1929,20
31785.jpg,1909,1920,11
31790.jpg,1909,1920,11
31805.jpg,1909,1970,61
31815.jpg,1909,1905,-4
31820.jpg,1909,1935,26
31825.jpg,1909,1925,16
31830.jpg,1909,1912,3
31835.jpg,1909,1990,81
31840.jpg,1909,1926,17
31845.jpg,1909,1905,-4
31850.jpg,1909,1900,-9
31855.jpg,1909,1925,16
31860.jpg,1909,1910,1
31865.jpg,1909,1907,-2
31870.jpg,1909,1915,6
31875.jpg,1909,1908,-1
31880.jpg,1909,1909,0
31885.jpg,1909,1906,-3
31890.jpg,1909,1925,16
31895.jpg,1909,1896,-13
31900.jpg,1909,1913,4
31905.jpg,1909,1915,6
31910.jpg,1909,1915,6
31915.jpg,1909,1935,26
31920.jpg,1909,1930,21
31925.jpg,1909,1995,86
31930.jpg,1909,1910,1
31935.jpg,1909,1925,16
31940.jpg,1909,1905,-4
31945.jpg,1909,1915,6
31950.jpg,1909,1909,0
31955.jpg,1909,1909,0
31960.jpg,1909,1909,0
31970.jpg,1909,1873,-36
31975.jpg,1909,1910,1
31980.jpg,1909,1925,16
31985.jpg,1909,1890,-19
31990.jpg,1909,1890,-19
31995.jpg,1909,1910,1
32005.jpg,1909,1935,26
32015.jpg,1909,1905,-4
32020.jpg,1909,1910,1
32025.jpg,1909,1840,-69
32030.jpg,1909,1915,6
32035.jpg,1909,1880,-29
32045.jpg,1909,1907,-2
32050.jpg,1909,1910,1
32055.jpg,1909,1915,6
32060.jpg,1909,1860,-49
32065.jpg,1909,1925,16
32070.jpg,1909,1920,11
32075.jpg,1909,1925,16
32080.jpg,1909,1750,-159
32085.jpg,1909,1920,11
32090.jpg,1909,1915,6
32095.jpg,1909,1925,16
32100.jpg,1909,1915,6
32105.jpg,1909,1910,1
32110.jpg,1909,2005,96
32115.jpg,1909,1925,16
32120.jpg,1909,1920,11
32125.jpg,1909,1910,1
32130.jpg,1909,1925,16
32135.jpg,1909,1910,1
32140.jpg,1909,1908,-1
32145.jpg,1909,1900,-9
32150.jpg,1909,1890,-19
32155.jpg,1909,1930,21
32160.jpg,1909,1907,-2
32165.jpg,1909,1910,1
32170.jpg,1909,1915,6
32175.jpg,1909,1920,11
32180.jpg,1909,1915,6
32185.jpg,1909,1900,-9
32190.jpg,1909,1935,26
32195.jpg,1909,1900,-9
32200.jpg,1909,1925,16
32205.jpg,1909,1930,21
32210.jpg,1909,1915,6
32215.jpg,1909,1910,1
32220.jpg,1909,1928,19
32225.jpg,1909,1925,16
32230.jpg,1910,1850,-60
32235.jpg,1910,1910,0
32240.jpg,1910,1910,0
32245.jpg,1910,1920,10
32255.jpg,1910,1910,0
32260.jpg,1910,1931,21
32265.jpg,1910,2018,108
32270.jpg,1910,1930,20
32275.jpg,1910,1920,10
32280.jpg,1910,1910,0
32285.jpg,1910,1910,0
32290.jpg,1910,1905,-5
32295.jpg,1910,1910,0
32300.jpg,1910,1930,20
32305.jpg,1910,1900,-10
32310.jpg,1910,1900,-10
32315.jpg,1910,1920,10
32320.jpg,1910,1890,-20
32325.jpg,1910,1910,0
32330.jpg,1910,1928,18
32335.jpg,1910,1929,19
32340.jpg,1910,1840,-70
32345.jpg,1910,1900,-10
32350.jpg,1910,1930,20
32355.jpg,1910,1930,20
32360.jpg,1910,1915,5
32365.jpg,1910,1915,5
32370.jpg,1910,1965,55
32375.jpg,1910,1910,0
32380.jpg,1910,1910,0
32385.jpg,1910,1985,75
32390.jpg,1910,1906,-4
32395.jpg,1910,1910,0
32400.jpg,1910,1903,-7
32405.jpg,1910,1890,-20
32410.jpg,1910,1939,29
32415.jpg,1910,1950,40
32420.jpg,1910,1878,-32
32425.jpg,1910,1900,-10
32430.jpg,1910,1905,-5
32435.jpg,1910,1895,-15
32440.jpg,1910,1915,5
32445.jpg,1910,1910,0
32450.jpg,1910,1915,5
32455.jpg,1910,1925,15
32460.jpg,1910,1920,10
32465.jpg,1910,1915,5
32470.jpg,1910,1850,-60
32475.jpg,1910,1920,10
32480.jpg,1910,1910,0
32485.jpg,1910,1925,15
32490.jpg,1910,1915,5
32495.jpg,1910,1925,15
32500.jpg,1910,1925,15
32505.jpg,1910,1925,15
32510.jpg,1910,1915,5
32515.jpg,1910,1925,15
32520.jpg,1910,1915,5
32525.jpg,1910,1915,5
32530.jpg,1910,2005,95
32535.jpg,1910,1930,20
32540.jpg,1910,1925,15
32545.jpg,1910,1925,15
32550.jpg,1910,1910,0
32555.jpg,1910,1920,10
32560.jpg,1910,1915,5
32565.jpg,1910,1925,15
32570.jpg,1910,1910,0
32575.jpg,1910,1910,0
32580.jpg,1910,1915,5
32585.jpg,1910,1925,15
32590.jpg,1910,1910,0
32595.jpg,1910,1903,-7
32600.jpg,1910,1862,-48
32605.jpg,1910,1430,-480
32610.jpg,1910,1925,15
32615.jpg,1910,1920,10
32620.jpg,1910,1925,15
32625.jpg,1910,1930,20
32630.jpg,1910,1925,15
32635.jpg,1910,1925,15
32640.jpg,1910,1925,15
32645.jpg,1910,1915,5
32650.jpg,1910,1960,50
32655.jpg,1910,1955,45
32660.jpg,1910,1912,2
32665.jpg,1910,1910,0
32675.jpg,1910,1910,0
32680.jpg,1910,1905,-5
32685.jpg,1910,1905,-5
32690.jpg,1910,1915,5
32695.jpg,1910,1929,19
32700.jpg,1910,1920,10
32705.jpg,1910,1910,0
32710.jpg,1910,1910,0
32715.jpg,1910,1925,15
32720.jpg,1910,1905,-5
32725.jpg,1910,1910,0
32730.jpg,1910,1925,15
32735.jpg,1910,1930,20
32740.jpg,1911,1887,-24
32745.jpg,1911,1926,15
32750.jpg,1911,1928,17
32755.jpg,1911,1938,27
32760.jpg,1911,1910,-1
32765.jpg,1911,1911,0
32770.jpg,1911,1911,0
32775.jpg,1911,1928,17
32780.jpg,1911,1950,39
32785.jpg,1911,1933,22
32790.jpg,1911,1890,-21
32795.jpg,1911,1913,2
32800.jpg,1911,1850,-61
32805.jpg,1911,1912,1
32810.jpg,1911,1900,-11
32815.jpg,1911,1880,-31
32820.jpg,1911,1930,19
32825.jpg,1911,1930,19
32830.jpg,1911,1910,-1
32835.jpg,1911,1911,0
32840.jpg,1911,1985,74
32845.jpg,1911,1913,2
32850.jpg,1911,1926,15
32855.jpg,1911,1925,14
32860.jpg,1911,1965,54
32865.jpg,1911,1925,14
32870.jpg,1911,1915,4
32875.jpg,1911,1915,4
32885.jpg,1911,1925,14
32890.jpg,1911,1925,14
32895.jpg,1911,1910,-1
32900.jpg,1911,1895,-16
32905.jpg,1911,1910,-1
32910.jpg,1911,1890,-21
32915.jpg,1911,1900,-11
32920.jpg,1911,1920,9
32925.jpg,1911,1910,-1
32930.jpg,1911,1906,-5
32935.jpg,1911,1970,59
32940.jpg,1911,1925,14
32945.jpg,1911,1920,9
32950.jpg,1911,2010,99
32955.jpg,1911,1911,0
32960.jpg,1911,1924,13
32965.jpg,1911,1911,0
32970.jpg,1911,1930,19
32975.jpg,1911,1857,-54
32980.jpg,1911,1915,4
32985.jpg,1911,1915,4
32990.jpg,1911,1915,4
32995.jpg,1911,1895,-16
33000.jpg,1911,1925,14
33005.jpg,1911,1920,9
33010.jpg,1911,1925,14
33015.jpg,1911,1910,-1
33020.jpg,1911,1925,14
33025.jpg,1911,1910,-1
33030.jpg,1911,1910,-1
33035.jpg,1911,1975,64
33040.jpg,1911,1910,-1
33045.jpg,1911,1925,14
33050.jpg,1911,1955,44
33055.jpg,1911,1925,14
33060.jpg,1911,1915,4
33065.jpg,1911,1900,-11
33070.jpg,1911,1925,14
33075.jpg,1911,1925,14
33080.jpg,1911,1925,14
33085.jpg,1911,1908,-3
33090.jpg,1911,1910,-1
33095.jpg,1911,1890,-21
33100.jpg,1911,1600,-311
33105.jpg,1911,1855,-56
33110.jpg,1911,1915,4
33115.jpg,1911,1903,-8
33120.jpg,1911,1910,-1
33125.jpg,1911,1937,26
33130.jpg,1911,1915,4
33135.jpg,1911,1925,14
33140.jpg,1911,1927,16
33145.jpg,1911,1910,-1
33150.jpg,1911,1550,-361
33155.jpg,1911,1952,41
33160.jpg,1911,1920,9
33165.jpg,1911,1910,-1
33170.jpg,1911,1925,14
33175.jpg,1911,1965,54
33180.jpg,1911,1960,49
33185.jpg,1911,1916,5
33190.jpg,1911,1925,14
33195.jpg,1911,1960,49
33200.jpg,1911,1910,-1
33205.jpg,1911,1915,4
33210.jpg,1911,1910,-1
33215.jpg,1911,1910,-1
33220.jpg,1911,1910,-1
33225.jpg,1911,1925,14
33230.jpg,1911,1905,-6
33235.jpg,1911,1916,5
33240.jpg,1911,1826,-85
33245.jpg,1911,1920,9
33250.jpg,1911,1925,14
33255.jpg,1911,1910,-1
33260.jpg,1911,1910,-1
33265.jpg,1911,1935,24
33270.jpg,1911,1885,-26
33275.jpg,1911,1910,-1
33280.jpg,1912,1925,13
33285.jpg,1912,1906,-6
33290.jpg,1912,1900,-12
33295.jpg,1912,1924,12
33300.jpg,1912,1920,8
33310.jpg,1912,1930,18
33315.jpg,1912,1930,18
33320.jpg,1912,1930,18
33325.jpg,1912,1915,3
33330.jpg,1912,2005,93
33335.jpg,1912,1930,18
33340.jpg,1912,1930,18
33345.jpg,1912,1925,13
33350.jpg,1912,1900,-12
33355.jpg,1912,1925,13
33360.jpg,1912,1915,3
33365.jpg,1912,1925,13
33375.jpg,1912,1927,15
33380.jpg,1912,1907,-5
33385.jpg,1912,1926,14
33390.jpg,1912,1915,3
33395.jpg,1912,1993,81
33400.jpg,1912,1925,13
33405.jpg,1912,1995,83
33410.jpg,1912,1910,-2
33415.jpg,1912,1915,3
33420.jpg,1912,1905,-7
33425.jpg,1912,1910,-2
33430.jpg,1912,1915,3
33435.jpg,1912,1925,13
33440.jpg,1912,1925,13
33445.jpg,1912,1925,13
33450.jpg,1912,1910,-2
33455.jpg,1912,1890,-22
33460.jpg,1912,2000,88
33465.jpg,1912,1905,-7
33470.jpg,1912,1925,13
33475.jpg,1912,1904,-8
33480.jpg,1912,1912,0
33485.jpg,1912,1920,8
33490.jpg,1912,1890,-22
33495.jpg,1912,1923,11
33500.jpg,1912,1954,42
33505.jpg,1912,1758,-154
33510.jpg,1912,1925,13
33515.jpg,1912,1925,13
33520.jpg,1912,1915,3
33525.jpg,1912,1900,-12
33530.jpg,1912,1990,78
33535.jpg,1912,1920,8
33540.jpg,1912,1912,0
33545.jpg,1912,1910,-2
33550.jpg,1912,1908,-4
33555.jpg,1912,1910,-2
33560.jpg,1912,1918,6
33565.jpg,1912,1925,13
33570.jpg,1912,1910,-2
33580.jpg,1912,1720,-192
33585.jpg,1912,1915,3
33590.jpg,1912,1910,-2
33595.jpg,1912,1905,-7
33600.jpg,1912,1912,0
33605.jpg,1912,1915,3
33615.jpg,1912,1910,-2
33620.jpg,1912,1925,13
33625.jpg,1912,1905,-7
33630.jpg,1912,1910,-2
33635.jpg,1912,1915,3
33640.jpg,1912,1905,-7
33645.jpg,1912,1925,13
33650.jpg,1912,1915,3
33655.jpg,1912,1915,3
33660.jpg,1912,1910,-2
33665.jpg,1912,1902,-10
33670.jpg,1912,1925,13
33675.jpg,1912,1995,83
33680.jpg,1912,1902,-10
33685.jpg,1912,1935,23
33690.jpg,1912,1971,59
33695.jpg,1912,1896,-16
33700.jpg,1912,1882,-30
33705.jpg,1912,1925,13
33710.jpg,1912,1925,13
33715.jpg,1912,1940,28
33720.jpg,1912,1900,-12
33725.jpg,1912,1925,13
33735.jpg,1912,1885,-27
33740.jpg,1912,1910,-2
33745.jpg,1912,1950,38
33750.jpg,1912,1915,3
33755.jpg,1912,1920,8
33760.jpg,1912,1925,13
33765.jpg,1913,1930,17
33770.jpg,1913,1915,2
33775.jpg,1913,1900,-13
33780.jpg,1913,1900,-13
33785.jpg,1913,1925,12
33790.jpg,1913,1910,-3
33795.jpg,1913,1913,0
33800.jpg,1913,1825,-88
33805.jpg,1913,1948,35
33810.jpg,1913,1915,2
33815.jpg,1913,1936,23
33820.jpg,1913,2000,87
33825.jpg,1913,1920,7
33830.jpg,1913,1900,-13
33840.jpg,1913,1910,-3
33845.jpg,1913,1930,17
33850.jpg,1913,1925,12
33855.jpg,1913,1920,7
33860.jpg,1913,1910,-3
33865.jpg,1913,1925,12
33870.jpg,1913,1932,19
33875.jpg,1913,1910,-3
33880.jpg,1913,1913,0
33885.jpg,1913,1910,-3
33890.jpg,1913,1910,-3
33895.jpg,1913,1930,17
33900.jpg,1913,1912,-1
33905.jpg,1913,1801,-112
33910.jpg,1913,1926,13
33915.jpg,1913,1925,12
33920.jpg,1913,1925,12
33925.jpg,1913,1925,12
33930.jpg,1913,1915,2
33935.jpg,1913,1927,14
33940.jpg,1913,1928,15
33945.jpg,1913,1925,12
33950.jpg,1913,1920,7
33955.jpg,1913,2000,87
33960.jpg,1913,1920,7
33965.jpg,1913,1925,12
33970.jpg,1913,1920,7
33975.jpg,1913,1913,0
33980.jpg,1913,1940,27
33985.jpg,1913,1930,17
33990.jpg,1913,1883,-30
33995.jpg,1913,1921,8
34000.jpg,1913,1900,-13
34005.jpg,1913,1939,26
34010.jpg,1913,1906,-7
34015.jpg,1913,1850,-63
34020.jpg,1913,1909,-4
34025.jpg,1913,1925,12
34030.jpg,1913,2005,92
34035.jpg,1913,1925,12
34040.jpg,1913,1915,2
34045.jpg,1913,1920,7
34050.jpg,1913,1920,7
34055.jpg,1913,1925,12
34060.jpg,1913,1910,-3
34065.jpg,1913,1925,12
34070.jpg,1913,1925,12
34080.jpg,1913,1930,17
34085.jpg,1913,1910,-3
34090.jpg,1913,1915,2
34095.jpg,1913,1925,12
34100.jpg,1913,1920,7
34105.jpg,1913,1915,2
34110.jpg,1913,1915,2
34115.jpg,1913,1920,7
34120.jpg,1913,1930,17
34125.jpg,1913,1925,12
34130.jpg,1913,1913,0
34135.jpg,1913,1915,2
34140.jpg,1913,1925,12
34145.jpg,1913,1920,7
34150.jpg,1913,1910,-3
34155.jpg,1913,1930,17
34160.jpg,1913,1880,-33
34165.jpg,1913,1925,12
34170.jpg,1913,1910,-3
34175.jpg,1913,1905,-8
34180.jpg,1913,1908,-5
34185.jpg,1913,1900,-13
34190.jpg,1913,1930,17
34195.jpg,1913,1820,-93
34200.jpg,1913,2000,87
34205.jpg,1913,1925,12
34210.jpg,1913,1925,12
34215.jpg,1913,1925,12
34220.jpg,1913,1930,17
34225.jpg,1914,1930,16
34230.jpg,1914,1927,13
34235.jpg,1914,1928,14
34240.jpg,1914,1914,0
34245.jpg,1914,1970,56
34250.jpg,1914,1938,24
34260.jpg,1914,2003,89
34265.jpg,1914,1910,-4
34270.jpg,1914,1924,10
34275.jpg,1914,1925,11
34280.jpg,1914,1910,-4
34285.jpg,1914,1920,6
34290.jpg,1914,1915,1
34295.jpg,1914,1926,12
34300.jpg,1914,1925,11
34305.jpg,1914,1925,11
34310.jpg,1914,1925,11
34315.jpg,1914,1910,-4
34320.jpg,1914,1910,-4
34325.jpg,1914,1910,-4
34330.jpg,1914,1925,11
34335.jpg,1914,1920,6
34345.jpg,1914,1930,16
34350.jpg,1914,1842,-72
34360.jpg,1914,1910,-4
34365.jpg,1914,1915,1
34370.jpg,1914,1925,11
34375.jpg,1914,1910,-4
34380.jpg,1914,1939,25
34385.jpg,1914,1890,-24
34390.jpg,1914,1900,-14
34395.jpg,1914,1920,6
34400.jpg,1914,1900,-14
34405.jpg,1914,1920,6
34410.jpg,1914,1906,-8
34415.jpg,1914,1885,-29
34420.jpg,1914,1949,35
34425.jpg,1914,1740,-174
34430.jpg,1914,1880,-34
34435.jpg,1914,1915,1
34440.jpg,1914,1915,1
34445.jpg,1914,1910,-4
34450.jpg,1914,1910,-4
34455.jpg,1914,1880,-34
34460.jpg,1914,1905,-9
34465.jpg,1914,1915,1
34470.jpg,1914,1925,11
34475.jpg,1914,1925,11
34480.jpg,1914,1920,6
34485.jpg,1914,1930,16
34490.jpg,1914,1910,-4
34495.jpg,1914,1890,-24
34500.jpg,1914,1910,-4
34505.jpg,1914,1930,16
34515.jpg,1914,1910,-4
34520.jpg,1914,1905,-9
34525.jpg,1914,1910,-4
34530.jpg,1914,1905,-9
34535.jpg,1914,1829,-85
34540.jpg,1914,1925,11
34545.jpg,1914,1925,11
34550.jpg,1914,1915,1
34555.jpg,1914,1915,1
34560.jpg,1914,1925,11
34565.jpg,1914,1905,-9
34570.jpg,1914,1925,11
34575.jpg,1914,2005,91
34580.jpg,1914,1932,18
34590.jpg,1914,1925,11
34595.jpg,1914,1925,11
34600.jpg,1914,1920,6
34605.jpg,1914,1850,-64
34610.jpg,1914,1915,1
34615.jpg,1914,1910,-4
34620.jpg,1914,1880,-34
34625.jpg,1914,1915,1
34630.jpg,1914,1910,-4
34635.jpg,1914,1900,-14
34640.jpg,1914,1926,12
34645.jpg,1914,1925,11
34650.jpg,1914,1915,1
34655.jpg,1914,1920,6
34660.jpg,1914,1935,21
34665.jpg,1914,1910,-4
34670.jpg,1914,1910,-4
34675.jpg,1914,1900,-14
34680.jpg,1914,1914,0
34685.jpg,1914,1925,11
34690.jpg,1914,1930,16
34695.jpg,1914,1910,-4
34700.jpg,1914,1915,1
34705.jpg,1914,1935,21
34710.jpg,1914,1925,11
34715.jpg,1914,1890,-24
34720.jpg,1915,1939,24
34725.jpg,1915,1930,15
34730.jpg,1915,1925,10
34735.jpg,1915,1920,5
34740.jpg,1915,1916,1
34750.jpg,1915,1925,10
34755.jpg,1915,1914,-1
34765.jpg,1915,1925,10
34770.jpg,1915,1925,10
34775.jpg,1915,1910,-5
34780.jpg,1915,1930,15
34785.jpg,1915,1925,10
34790.jpg,1915,1925,10
34795.jpg,1915,1913,-2
34800.jpg,1915,1925,10
34805.jpg,1915,1925,10
34810.jpg,1915,1930,15
34815.jpg,1915,1910,-5
34820.jpg,1915,1970,55
34825.jpg,1915,1928,13
34830.jpg,1915,1915,0
34835.jpg,1915,1925,10
34840.jpg,1915,1927,12
34845.jpg,1915,1925,10
34850.jpg,1915,1925,10
34855.jpg,1915,1925,10
34860.jpg,1915,1925,10
34865.jpg,1915,1915,0
34870.jpg,1915,1925,10
34875.jpg,1915,1920,5
34880.jpg,1915,1888,-27
34885.jpg,1915,1905,-10
34890.jpg,1915,1910,-5
34895.jpg,1915,1934,19
34900.jpg,1915,1903,-12
34905.jpg,1915,1885,-30
34910.jpg,1915,1955,40
34915.jpg,1915,1914,-1
34920.jpg,1915,1900,-15
34925.jpg,1915,1915,0
34930.jpg,1915,1985,70
34935.jpg,1915,1925,10
34940.jpg,1915,1925,10
34945.jpg,1915,1920,5
34950.jpg,1915,1925,10
34955.jpg,1915,1925,10
34960.jpg,1915,1925,10
34965.jpg,1915,1990,75
34970.jpg,1915,1930,15
34975.jpg,1915,1925,10
34980.jpg,1915,1910,-5
34985.jpg,1915,1915,0
34990.jpg,1915,1925,10
34995.jpg,1915,1890,-25
35000.jpg,1915,1925,10
35005.jpg,1915,1930,15
35010.jpg,1915,1950,35
35015.jpg,1915,1915,0
35020.jpg,1915,1920,5
35025.jpg,1915,1920,5
35030.jpg,1915,1925,10
35035.jpg,1915,1930,15
35040.jpg,1915,1925,10
35045.jpg,1915,1928,13
35050.jpg,1915,1920,5
35055.jpg,1915,1920,5
35060.jpg,1915,1920,5
35065.jpg,1915,1925,10
35070.jpg,1915,1925,10
35075.jpg,1915,1935,20
35080.jpg,1915,1940,25
35085.jpg,1915,1920,5
35090.jpg,1915,1925,10
35095.jpg,1915,1925,10
35100.jpg,1915,1885,-30
35105.jpg,1915,1930,15
35110.jpg,1915,1910,-5
35115.jpg,1915,1920,5
35120.jpg,1915,1930,15
35125.jpg,1915,1915,0
35130.jpg,1915,1912,-3
35135.jpg,1915,1920,5
35140.jpg,1915,1850,-65
35145.jpg,1915,1930,15
35150.jpg,1915,1966,51
35155.jpg,1915,1932,17
35160.jpg,1916,1925,9
35165.jpg,1916,1937,21
35170.jpg,1916,1920,4
35175.jpg,1916,2008,92
35180.jpg,1916,1900,-16
35185.jpg,1916,1922,6
35190.jpg,1916,1930,14
35195.jpg,1916,1917,1
35200.jpg,1916,1915,-1
35205.jpg,1916,1930,14
35210.jpg,1916,1915,-1
35215.jpg,1916,1915,-1
35220.jpg,1916,1925,9
35225.jpg,1916,1927,11
35230.jpg,1916,1925,9
35235.jpg,1916,1935,19
35240.jpg,1916,1910,-6
35245.jpg,1916,1915,-1
35250.jpg,1916,1910,-6
35255.jpg,1916,1975,59
35260.jpg,1916,1918,2
35265.jpg,1916,1920,4
35270.jpg,1916,1910,-6
35275.jpg,1916,1900,-16
35280.jpg,1916,1935,19
35285.jpg,1916,1915,-1
35290.jpg,1916,1890,-26
35295.jpg,1916,1920,4
35300.jpg,1916,1900,-16
35305.jpg,1916,1995,79
35310.jpg,1916,1870,-46
35315.jpg,1916,1930,14
35320.jpg,1916,1955,39
35325.jpg,1916,1930,14
35330.jpg,1916,1965,49
35335.jpg,1916,1925,9
35340.jpg,1916,1915,-1
35345.jpg,1916,1925,9
35350.jpg,1916,1920,4
35355.jpg,1916,1925,9
35360.jpg,1916,1925,9
35365.jpg,1916,1915,-1
35370.jpg,1916,1900,-16
35375.jpg,1916,1925,9
35380.jpg,1916,1910,-6
35385.jpg,1916,1925,9
35390.jpg,1916,1930,14
35395.jpg,1916,1925,9
35400.jpg,1916,1920,4
35405.jpg,1916,1955,39
35410.jpg,1916,1900,-16
35415.jpg,1916,1905,-11
35420.jpg,1916,1925,9
35425.jpg,1916,1920,4
35430.jpg,1916,1925,9
35435.jpg,1916,1840,-76
35440.jpg,1916,1932,16
35445.jpg,1916,1917,1
35450.jpg,1916,1925,9
35455.jpg,1916,1890,-26
35460.jpg,1916,1915,-1
35465.jpg,1916,1930,14
35470.jpg,1916,1905,-11
35475.jpg,1916,1941,25
35480.jpg,1916,1925,9
35485.jpg,1916,1700,-216
35490.jpg,1916,1915,-1
35495.jpg,1916,1960,44
35500.jpg,1916,1930,14
35505.jpg,1916,1900,-16
35510.jpg,1916,1900,-16
35515.jpg,1916,1930,14
35520.jpg,1916,1925,9
35525.jpg,1916,1922,6
35530.jpg,1916,1918,2
35535.jpg,1917,1907,-10
35540.jpg,1917,1920,3
35545.jpg,1917,1910,-7
35550.jpg,1917,1927,10
35555.jpg,1917,1927,10
35560.jpg,1917,1930,13
35565.jpg,1917,2000,83
35570.jpg,1917,1910,-7
35575.jpg,1917,1910,-7
35580.jpg,1917,1930,13
35585.jpg,1917,1880,-37
35590.jpg,1917,1930,13
35595.jpg,1917,1916,-1
35600.jpg,1917,1929,12
35605.jpg,1917,1920,3
35610.jpg,1917,1925,8
35615.jpg,1917,1920,3
35620.jpg,1917,1943,26
35625.jpg,1917,1912,-5
35630.jpg,1917,1920,3
35635.jpg,1917,1916,-1
35640.jpg,1917,1915,-2
35645.jpg,1917,1910,-7
35650.jpg,1917,1925,8
35655.jpg,1917,1890,-27
35660.jpg,1917,1925,8
35665.jpg,1917,1900,-17
35670.jpg,1917,1970,53
35675.jpg,1917,1907,-10
35680.jpg,1917,1942,25
35685.jpg,1917,1897,-20
35690.jpg,1917,1930,13
35695.jpg,1917,1917,0
35700.jpg,1917,1925,8
35705.jpg,1917,1930,13
35710.jpg,1917,1931,14
35715.jpg,1917,1930,13
35720.jpg,1917,1950,33
35725.jpg,1917,2005,88
35730.jpg,1917,1917,0
35735.jpg,1917,1909,-8
35740.jpg,1917,1900,-17
35745.jpg,1917,1927,10
35750.jpg,1917,1900,-17
35755.jpg,1917,1925,8
35760.jpg,1917,1915,-2
35765.jpg,1917,1930,13
35770.jpg,1917,1925,8
35775.jpg,1917,1915,-2
35780.jpg,1917,1925,8
35785.jpg,1917,2005,88
35790.jpg,1917,1930,13
35795.jpg,1917,1920,3
35800.jpg,1917,1920,3
35805.jpg,1917,1910,-7
35810.jpg,1917,1915,-2
35815.jpg,1917,1915,-2
35820.jpg,1917,1920,3
35825.jpg,1917,1910,-7
35830.jpg,1917,1935,18
35835.jpg,1917,1925,8
35840.jpg,1917,1920,3
35845.jpg,1917,1920,3
35850.jpg,1917,1917,0
35855.jpg,1917,1930,13
35860.jpg,1917,1925,8
35865.jpg,1917,1930,13
35870.jpg,1917,1930,13
35875.jpg,1917,1916,-1
35880.jpg,1917,1917,0
35885.jpg,1917,1925,8
35890.jpg,1917,1910,-7
35895.jpg,1917,1931,14
35900.jpg,1917,1960,43
35905.jpg,1917,1920,3
35910.jpg,1917,1920,3
35915.jpg,1917,1925,8
35920.jpg,1918,1932,14
35925.jpg,1918,1985,67
35930.jpg,1918,1908,-10
35935.jpg,1918,2015,97
35940.jpg,1918,1930,12
35945.jpg,1918,1925,7
35950.jpg,1918,1925,7
35955.jpg,1918,1930,12
35960.jpg,1918,1915,-3
35965.jpg,1918,1925,7
35970.jpg,1918,1924,6
35980.jpg,1918,1930,12
35985.jpg,1918,1930,12
35990.jpg,1918,1926,8
35995.jpg,1918,1935,17
36000.jpg,1918,1905,-13
36005.jpg,1918,1925,7
36010.jpg,1918,1925,7
36015.jpg,1918,1925,7
36020.jpg,1918,1925,7
36025.jpg,1918,1925,7
36030.jpg,1918,1930,12
36035.jpg,1918,1930,12
36040.jpg,1918,1925,7
36045.jpg,1918,1910,-8
36050.jpg,1918,1925,7
36055.jpg,1918,1850,-68
36060.jpg,1918,1925,7
36065.jpg,1918,1925,7
36070.jpg,1918,1925,7
36075.jpg,1918,1915,-3
36080.jpg,1918,1932,14
36085.jpg,1918,1930,12
36090.jpg,1918,1920,2
36095.jpg,1918,1915,-3
36100.jpg,1918,1888,-30
36105.jpg,1918,1930,12
36110.jpg,1918,1910,-8
36115.jpg,1919,1929,10
36120.jpg,1919,1930,11
36130.jpg,1919,2000,81
36140.jpg,1919,1920,1
36145.jpg,1919,1925,6
36150.jpg,1919,1930,11
36155.jpg,1919,1955,36
36160.jpg,1919,1925,6
36165.jpg,1919,1980,61
36170.jpg,1919,1920,1
36175.jpg,1919,1960,41
36180.jpg,1919,1985,66
36190.jpg,1919,1925,6
36195.jpg,1919,1800,-119
36200.jpg,1919,1930,11
36205.jpg,1919,1932,13
36210.jpg,1919,1925,6
36215.jpg,1919,1910,-9
36225.jpg,1919,1925,6
36230.jpg,1919,1925,6
36235.jpg,1919,1915,-4
36240.jpg,1919,1925,6
36245.jpg,1919,1920,1
36250.jpg,1919,1920,1
36255.jpg,1919,1820,-99
36260.jpg,1919,1930,11
36265.jpg,1919,1915,-4
36270.jpg,1919,1910,-9
36275.jpg,1919,1927,8
36280.jpg,1919,1732,-187
36285.jpg,1919,1999,80
36290.jpg,1919,1900,-19
36295.jpg,1919,1910,-9
36300.jpg,1919,1910,-9
36305.jpg,1919,1929,10
36310.jpg,1919,1925,6
36315.jpg,1919,1930,11
36320.jpg,1919,1955,36
36325.jpg,1919,1910,-9
36330.jpg,1919,1930,11
36335.jpg,1919,1925,6
36340.jpg,1919,1910,-9
36345.jpg,1919,1925,6
36350.jpg,1920,1925,5
36355.jpg,1920,1920,0
36360.jpg,1920,1891,-29
36365.jpg,1920,1930,10
36370.jpg,1920,1950,30
36375.jpg,1920,1936,16
36385.jpg,1920,1950,30
36390.jpg,1920,1926,6
36395.jpg,1920,1925,5
36400.jpg,1920,1910,-10
36405.jpg,1920,1925,5
36410.jpg,1920,1950,30
36415.jpg,1920,1920,0
36420.jpg,1920,1932,12
36425.jpg,1920,1925,5
36430.jpg,1920,1920,0
36435.jpg,1920,1925,5
36440.jpg,1920,1900,-20
36445.jpg,1920,1910,-10
36450.jpg,1920,1925,5
36455.jpg,1920,1880,-40
36460.jpg,1920,1920,0
36465.jpg,1920,1870,-50
36470.jpg,1920,1921,1
36475.jpg,1920,1874,-46
36480.jpg,1920,1921,1
36485.jpg,1920,1915,-5
36490.jpg,1920,1925,5
36495.jpg,1920,1925,5
36500.jpg,1920,1920,0
36505.jpg,1920,1905,-15
36510.jpg,1920,1890,-30
36515.jpg,1920,1925,5
36520.jpg,1920,1915,-5
36525.jpg,1920,1900,-20
36530.jpg,1920,1830,-90
36535.jpg,1920,1910,-10
36540.jpg,1920,1925,5
36545.jpg,1920,1925,5
36550.jpg,1920,1915,-5
36555.jpg,1920,1920,0
36560.jpg,1920,1925,5
36565.jpg,1920,1900,-20
36570.jpg,1920,1910,-10
36575.jpg,1920,1930,10
36580.jpg,1920,1925,5
36585.jpg,1920,1925,5
36590.jpg,1920,1932,12
36595.jpg,1920,1840,-80
36600.jpg,1920,1925,5
36605.jpg,1920,1925,5
36610.jpg,1920,1920,0
36615.jpg,1920,1920,0
36620.jpg,1920,1905,-15
36625.jpg,1920,1925,5
36630.jpg,1920,1920,0
36635.jpg,1920,1915,-5
36640.jpg,1920,1930,10
36650.jpg,1920,1925,5
36655.jpg,1920,1930,10
36660.jpg,1920,1929,9
36665.jpg,1920,1940,20
36670.jpg,1920,1910,-10
36675.jpg,1920,1920,0
36680.jpg,1920,1915,-5
36685.jpg,1920,1900,-20
36690.jpg,1921,1920,-1
36695.jpg,1921,1975,54
36700.jpg,1921,1995,74
36705.jpg,1921,1921,0
36710.jpg,1921,1920,-1
36715.jpg,1921,1928,7
36720.jpg,1921,1950,29
36725.jpg,1921,1909,-12
36735.jpg,1921,2005,84
36740.jpg,1921,1932,11
36745.jpg,1921,1925,4
36750.jpg,1921,1925,4
36755.jpg,1921,1930,9
36760.jpg,1921,1915,-6
36765.jpg,1921,1935,14
36770.jpg,1921,1930,9
36775.jpg,1921,1930,9
36780.jpg,1921,1930,9
36785.jpg,1921,1930,9
36790.jpg,1921,1920,-1
36795.jpg,1921,1922,1
36800.jpg,1921,1917,-4
36805.jpg,1921,1910,-11
36810.jpg,1921,1910,-11
36815.jpg,1921,1931,10
36820.jpg,1921,1930,9
36830.jpg,1921,1925,4
36835.jpg,1921,1928,7
36840.jpg,1921,1930,9
36845.jpg,1921,1925,4
36850.jpg,1921,1915,-6
36855.jpg,1921,1925,4
36860.jpg,1921,1925,4
36870.jpg,1921,1930,9
36875.jpg,1921,1920,-1
36880.jpg,1921,1850,-71
36885.jpg,1921,1925,4
36890.jpg,1921,1925,4
36895.jpg,1921,1939,18
36900.jpg,1921,1927,6
36905.jpg,1921,1921,0
36910.jpg,1921,1920,-1
36920.jpg,1921,1921,0
36925.jpg,1921,1924,3
36930.jpg,1921,1924,3
36935.jpg,1921,1930,9
36940.jpg,1921,1920,-1
36945.jpg,1921,1930,9
36950.jpg,1921,1914,-7
36955.jpg,1921,1915,-6
36960.jpg,1921,1925,4
36965.jpg,1921,1930,9
36970.jpg,1922,1920,-2
36975.jpg,1922,1920,-2
36980.jpg,1922,1910,-12
36985.jpg,1922,1930,8
36990.jpg,1922,1921,-1
36995.jpg,1922,1938,16
37000.jpg,1922,1960,38
37005.jpg,1922,2005,83
37010.jpg,1922,1921,-1
37015.jpg,1922,1912,-10
37020.jpg,1922,1830,-92
37025.jpg,1922,1920,-2
37030.jpg,1922,1950,28
37045.jpg,1922,1925,3
37050.jpg,1922,1925,3
37055.jpg,1922,1925,3
37060.jpg,1922,1930,8
37065.jpg,1922,1920,-2
37070.jpg,1922,1925,3
37075.jpg,1922,1900,-22
37080.jpg,1922,1930,8
37085.jpg,1922,1930,8
37090.jpg,1922,1925,3
37095.jpg,1922,1925,3
37100.jpg,1922,1905,-17
37105.jpg,1922,1910,-12
37110.jpg,1922,1937,15
37115.jpg,1922,1900,-22
37120.jpg,1922,1925,3
37125.jpg,1922,1915,-7
37130.jpg,1922,1935,13
37135.jpg,1922,1930,8
37140.jpg,1922,1925,3
37145.jpg,1922,1915,-7
37150.jpg,1922,1930,8
37155.jpg,1922,1930,8
37160.jpg,1922,1915,-7
37165.jpg,1922,1930,8
37170.jpg,1922,1955,33
37175.jpg,1922,1905,-17
37180.jpg,1922,1930,8
37185.jpg,1922,1925,3
37190.jpg,1922,1920,-2
37195.jpg,1922,1830,-92
37200.jpg,1922,1925,3
37205.jpg,1922,1950,28
37210.jpg,1922,1930,8
37215.jpg,1922,1925,3
37220.jpg,1922,1913,-9
37225.jpg,1922,2023,101
37230.jpg,1922,1920,-2
37235.jpg,1922,1925,3
37240.jpg,1922,1905,-17
37245.jpg,1922,1925,3
37250.jpg,1922,1935,13
37255.jpg,1922,1965,43
37260.jpg,1922,1970,48
37270.jpg,1922,1925,3
37275.jpg,1922,1935,13
37280.jpg,1922,1935,13
37285.jpg,1922,1980,58
37290.jpg,1922,1930,8
37295.jpg,1922,1940,18
37300.jpg,1922,1893,-29
37305.jpg,1922,1925,3
37310.jpg,1923,1923,0
37315.jpg,1923,1925,2
37320.jpg,1923,1920,-3
37330.jpg,1923,1923,0
37335.jpg,1923,1930,7
37340.jpg,1923,1923,0
37345.jpg,1923,2009,86
37355.jpg,1923,1930,7
37360.jpg,1923,2005,82
37365.jpg,1923,1930,7
37370.jpg,1923,1925,2
37375.jpg,1923,1930,7
37380.jpg,1923,1930,7
37385.jpg,1923,1930,7
37390.jpg,1923,1935,12
37395.jpg,1923,1930,7
37400.jpg,1923,1920,-3
37405.jpg,1923,1920,-3
37410.jpg,1923,1913,-10
37415.jpg,1923,1930,7
37420.jpg,1923,1928,5
37425.jpg,1923,1995,72
37430.jpg,1923,1912,-11
37435.jpg,1923,1927,4
37440.jpg,1923,1915,-8
37445.jpg,1923,1910,-13
37450.jpg,1923,1925,2
37455.jpg,1923,1920,-3
37460.jpg,1923,1925,2
37465.jpg,1923,1928,5
37470.jpg,1923,1934,11
37475.jpg,1923,1905,-18
37480.jpg,1923,1915,-8
37485.jpg,1923,1930,7
37490.jpg,1923,1935,12
37495.jpg,1923,1920,-3
37500.jpg,1923,1925,2
37505.jpg,1923,1930,7
37510.jpg,1923,1915,-8
37515.jpg,1923,1930,7
37520.jpg,1923,1925,2
37525.jpg,1923,1920,-3
37530.jpg,1923,1925,2
37535.jpg,1923,1915,-8
37540.jpg,1923,1930,7
37545.jpg,1923,1915,-8
37550.jpg,1923,1928,5
37555.jpg,1923,1925,2
37560.jpg,1923,1925,2
37565.jpg,1923,1820,-103
37570.jpg,1923,1925,2
37575.jpg,1923,1927,4
37580.jpg,1923,1928,5
37585.jpg,1923,1923,0
37590.jpg,1923,1920,-3
37595.jpg,1923,1900,-23
37600.jpg,1923,1930,7
37605.jpg,1923,1905,-18
37610.jpg,1923,1924,1
37615.jpg,1923,1923,0
37620.jpg,1923,1980,57
37625.jpg,1923,1938,15
37630.jpg,1923,1925,2
37635.jpg,1923,1925,2
37640.jpg,1923,1930,7
37645.jpg,1923,1900,-23
37650.jpg,1923,1920,-3
37655.jpg,1923,1935,12
37660.jpg,1923,1925,2
37665.jpg,1923,1925,2
37670.jpg,1924,1921,-3
37675.jpg,1924,1929,5
37680.jpg,1924,1925,1
37685.jpg,1924,1920,-4
37690.jpg,1924,1915,-9
37695.jpg,1924,1928,4
37700.jpg,1924,1930,6
37705.jpg,1924,1924,0
37710.jpg,1924,2011,87
37715.jpg,1924,1925,1
37720.jpg,1924,1970,46
37725.jpg,1924,1930,6
37730.jpg,1924,1985,61
37735.jpg,1924,1925,1
37740.jpg,1924,1925,1
37745.jpg,1924,1930,6
37750.jpg,1924,1928,4
37755.jpg,1924,1920,-4
37760.jpg,1924,1925,1
37765.jpg,1924,1928,4
37770.jpg,1924,1930,6
37775.jpg,1924,1930,6
37780.jpg,1924,1925,1
37785.jpg,1924,1920,-4
37790.jpg,1924,1920,-4
37795.jpg,1924,1914,-10
37805.jpg,1924,1930,6
37810.jpg,1924,1924,0
37815.jpg,1924,1922,-2
37820.jpg,1924,1890,-34
37825.jpg,1924,1925,1
37830.jpg,1924,1928,4
37835.jpg,1924,1930,6
37845.jpg,1924,1925,1
37850.jpg,1924,1925,1
37855.jpg,1924,1926,2
37860.jpg,1924,1955,31
37865.jpg,1924,1924,0
37870.jpg,1924,1920,-4
37875.jpg,1924,1985,61
37880.jpg,1924,1930,6
37885.jpg,1924,0,-1924
37890.jpg,1924,1920,-4
37895.jpg,1924,1925,1
37900.jpg,1924,1930,6
37905.jpg,1924,1930,6
37910.jpg,1924,1925,1
37915.jpg,1924,1925,1
37920.jpg,1924,1928,4
37925.jpg,1924,1920,-4
37930.jpg,1924,1925,1
37935.jpg,1924,1800,-124
37940.jpg,1924,1929,5
37945.jpg,1924,1985,61
37950.jpg,1924,1909,-15
37955.jpg,1924,1930,6
37960.jpg,1924,1939,15
37965.jpg,1924,1960,36
37970.jpg,1924,1900,-24
37975.jpg,1924,1916,-8
37980.jpg,1924,1924,0
37985.jpg,1924,2010,86
37990.jpg,1924,1935,11
37995.jpg,1924,1925,1
38000.jpg,1924,1924,0
38005.jpg,1924,1930,6
38010.jpg,1924,1920,-4
38015.jpg,1924,1915,-9
38020.jpg,1924,1844,-80
38025.jpg,1924,1925,1
38030.jpg,1924,1925,1
38035.jpg,1924,1930,6
38040.jpg,1924,1892,-32
38045.jpg,1924,1936,12
38050.jpg,1924,1920,-4
38055.jpg,1924,1930,6
38060.jpg,1924,1910,-14
38065.jpg,1924,1925,1
38070.jpg,1924,1930,6
38075.jpg,1924,1930,6
38080.jpg,1925,1930,5
38085.jpg,1925,1905,-20
38090.jpg,1925,1925,0
38095.jpg,1925,1928,3
38100.jpg,1925,1955,30
38105.jpg,1925,1927,2
38110.jpg,1925,1925,0
38115.jpg,1925,1960,35
38120.jpg,1925,1965,40
38125.jpg,1925,1965,40
38130.jpg,1925,2011,86
38135.jpg,1925,1911,-14
38140.jpg,1925,1922,-3
38145.jpg,1925,1925,0
38150.jpg,1925,1930,5
38155.jpg,1925,1930,5
38160.jpg,1925,1903,-22
38165.jpg,1925,1930,5
38170.jpg,1925,1960,35
38175.jpg,1925,1940,15
38180.jpg,1925,1926,1
38185.jpg,1925,1950,25
38190.jpg,1925,1950,25
38195.jpg,1925,1930,5
38200.jpg,1925,1930,5
38205.jpg,1925,1925,0
38210.jpg,1925,1925,0
38215.jpg,1925,1935,10
38220.jpg,1925,1931,6
38225.jpg,1925,1927,2
38230.jpg,1925,1920,-5
38235.jpg,1925,1920,-5
38245.jpg,1925,1934,9
38255.jpg,1925,1920,-5
38260.jpg,1925,1926,1
38265.jpg,1925,1920,-5
38270.jpg,1925,1885,-40
38275.jpg,1925,1930,5
38280.jpg,1925,1930,5
38285.jpg,1925,1930,5
38290.jpg,1925,1918,-7
38295.jpg,1925,1925,0
38300.jpg,1925,1910,-15
38305.jpg,1925,1925,0
38310.jpg,1925,1910,-15
38315.jpg,1925,1935,10
38320.jpg,1925,1915,-10
38325.jpg,1925,1928,3
38330.jpg,1925,1925,0
38335.jpg,1925,1925,0
38340.jpg,1925,1925,0
38345.jpg,1925,1925,0
38350.jpg,1925,1930,5
38355.jpg,1925,1925,0
38360.jpg,1925,1925,0
38365.jpg,1925,1925,0
38370.jpg,1925,1925,0
38375.jpg,1925,1925,0
38380.jpg,1925,1925,0
38385.jpg,1925,1925,0
38390.jpg,1925,1930,5
38395.jpg,1925,1930,5
38400.jpg,1925,1600,-325
38405.jpg,1925,2000,75
38410.jpg,1925,1920,-5
38415.jpg,1925,1912,-13
38420.jpg,1925,1925,0
38425.jpg,1925,1890,-35
38435.jpg,1925,1996,71
38440.jpg,1925,1925,0
38450.jpg,1925,1920,-5
38455.jpg,1925,1970,45
38460.jpg,1925,1933,8
38465.jpg,1925,1924,-1
38470.jpg,1925,1930,5
38475.jpg,1925,2000,75
38480.jpg,1925,1925,0
38490.jpg,1925,1897,-28
38495.jpg,1925,1925,0
38500.jpg,1925,1925,0
38505.jpg,1925,1935,10
38510.jpg,1925,1925,0
38515.jpg,1926,1934,8
38520.jpg,1926,1930,4
38525.jpg,1926,1926,0
38530.jpg,1926,1920,-6
38535.jpg,1926,1925,-1
38540.jpg,1926,1926,0
38545.jpg,1926,1890,-36
38550.jpg,1926,1928,2
38555.jpg,1926,1930,4
38560.jpg,1926,1925,-1
38565.jpg,1926,1920,-6
38570.jpg,1926,1930,4
38575.jpg,1926,1980,54
38580.jpg,1926,1940,14
38585.jpg,1926,1934,8
38590.jpg,1926,1930,4
38595.jpg,1926,2000,74
38600.jpg,1926,1930,4
38605.jpg,1926,1980,54
38610.jpg,1926,1925,-1
38620.jpg,1926,1920,-6
38625.jpg,1926,1925,-1
38630.jpg,1926,1985,59
38635.jpg,1926,1930,4
38640.jpg,1926,1935,9
38645.jpg,1926,1935,9
38650.jpg,1926,1940,14
38655.jpg,1926,1960,34
38660.jpg,1926,1930,4
38665.jpg,1926,1960,34
38670.jpg,1926,1930,4
38675.jpg,1926,1931,5
38680.jpg,1926,1930,4
38685.jpg,1926,1931,5
38690.jpg,1926,1940,14
38695.jpg,1926,1931,5
38700.jpg,1926,1920,-6
38705.jpg,1926,1903,-23
38710.jpg,1926,1913,-13
38715.jpg,1926,1925,-1
38720.jpg,1926,1925,-1
38725.jpg,1926,1930,4
38730.jpg,1926,1928,2
38735.jpg,1926,1930,4
38740.jpg,1926,1920,-6
38745.jpg,1926,1966,40
38750.jpg,1926,1926,0
38755.jpg,1926,1927,1
38760.jpg,1926,1925,-1
38765.jpg,1926,1935,9
38770.jpg,1926,1928,2
38775.jpg,1926,1917,-9
38780.jpg,1926,1925,-1
38785.jpg,1926,1965,39
38790.jpg,1926,1925,-1
38795.jpg,1926,1930,4
38800.jpg,1926,1930,4
38805.jpg,1926,1930,4
38810.jpg,1926,1925,-1
38815.jpg,1926,1750,-176
38820.jpg,1926,1925,-1
38825.jpg,1926,1930,4
38830.jpg,1926,1925,-1
38835.jpg,1926,1930,4
38840.jpg,1926,1930,4
38845.jpg,1926,1925,-1
38850.jpg,1926,1925,-1
38855.jpg,1926,1930,4
38860.jpg,1926,1925,-1
38865.jpg,1926,1925,-1
38870.jpg,1926,1930,4
38875.jpg,1926,1925,-1
38880.jpg,1926,1934,8
38885.jpg,1926,1925,-1
38890.jpg,1926,1938,12
38895.jpg,1926,1920,-6
38905.jpg,1926,1910,-16
38910.jpg,1926,1924,-2
38915.jpg,1926,1925,-1
38920.jpg,1926,1928,2
38925.jpg,1926,1928,2
38930.jpg,1926,1932,6
38935.jpg,1926,1928,2
38940.jpg,1926,1925,-1
38945.jpg,1926,1915,-11
38950.jpg,1926,1912,-14
38955.jpg,1926,1965,39
38960.jpg,1926,1930,4
38965.jpg,1926,1930,4
38970.jpg,1926,1925,-1
38975.jpg,1926,1920,-6
38980.jpg,1926,1928,2
38985.jpg,1926,1928,2
38990.jpg,1926,1937,11
38995.jpg,1927,1937,10
39000.jpg,1927,1930,3
39005.jpg,1927,1925,-2
39010.jpg,1927,1925,-2
39020.jpg,1927,1970,43
39025.jpg,1927,1925,-2
39030.jpg,1927,1925,-2
39035.jpg,1927,1928,1
39040.jpg,1927,1922,-5
39045.jpg,1927,1925,-2
39050.jpg,1927,1925,-2
39055.jpg,1927,1930,3
39060.jpg,1927,1927,0
39065.jpg,1927,1920,-7
39070.jpg,1927,1925,-2
39075.jpg,1927,1927,0
39080.jpg,1927,1925,-2
39085.jpg,1927,2006,79
39090.jpg,1927,1990,63
39110.jpg,1927,2000,73
39115.jpg,1927,1925,-2
39120.jpg,1927,1927,0
39125.jpg,1927,1930,3
39130.jpg,1927,1940,13
39135.jpg,1927,1925,-2
39140.jpg,1927,1925,-2
39145.jpg,1927,1930,3
39150.jpg,1927,1915,-12
39155.jpg,1927,1930,3
39160.jpg,1927,1930,3
39165.jpg,1927,1930,3
39170.jpg,1927,1925,-2
39175.jpg,1927,1930,3
39180.jpg,1927,1910,-17
39185.jpg,1927,1920,-7
39190.jpg,1927,1927,0
39195.jpg,1927,1929,2
39200.jpg,1927,1928,1
39205.jpg,1927,1931,4
39210.jpg,1927,1925,-2
39215.jpg,1927,1927,0
39220.jpg,1927,1931,4
39225.jpg,1927,1930,3
39230.jpg,1927,1925,-2
39235.jpg,1927,1920,-7
39240.jpg,1927,1930,3
39245.jpg,1927,1927,0
39250.jpg,1927,1928,1
39255.jpg,1927,1930,3
39260.jpg,1927,1930,3
39265.jpg,1927,1920,-7
39270.jpg,1927,1930,3
39275.jpg,1927,2005,78
39280.jpg,1927,1930,3
39285.jpg,1927,1930,3
39290.jpg,1927,1930,3
39295.jpg,1927,1930,3
39300.jpg,1927,1925,-2
39305.jpg,1927,1930,3
39310.jpg,1927,1925,-2
39315.jpg,1927,1930,3
39320.jpg,1927,1790,-137
39325.jpg,1927,1929,2
39330.jpg,1927,1930,3
39335.jpg,1927,1915,-12
39340.jpg,1927,1928,1
39345.jpg,1927,1915,-12
39350.jpg,1927,1925,-2
39355.jpg,1927,1955,28
39360.jpg,1927,1925,-2
39365.jpg,1927,1927,0
39370.jpg,1927,1985,58
39375.jpg,1927,1920,-7
39380.jpg,1927,1930,3
39385.jpg,1927,1930,3
39390.jpg,1927,1920,-7
39395.jpg,1927,1937,10
39400.jpg,1927,1920,-7
39405.jpg,1927,1990,63
39410.jpg,1927,1930,3
39415.jpg,1927,1932,5
39420.jpg,1927,1927,0
39425.jpg,1927,1920,-7
39430.jpg,1927,1925,-2
39435.jpg,1927,1930,3
39440.jpg,1927,1928,1
39445.jpg,1927,1920,-7
39450.jpg,1927,1930,3
39455.jpg,1927,1930,3
39460.jpg,1927,1960,33
39465.jpg,1927,1846,-81
39470.jpg,1927,1928,1
39475.jpg,1927,1930,3
39480.jpg,1927,1925,-2
39485.jpg,1927,1930,3
39490.jpg,1927,1902,-25
39495.jpg,1927,1900,-27
39500.jpg,1927,1925,-2
39505.jpg,1927,1940,13
39510.jpg,1928,1925,-3
39515.jpg,1928,1927,-1
39520.jpg,1928,1923,-5
39525.jpg,1928,1928,0
39530.jpg,1928,1920,-8
39535.jpg,1928,1928,0
39540.jpg,1928,1926,-2
39545.jpg,1928,1913,-15
39550.jpg,1928,1930,2
39555.jpg,1928,1925,-3
39560.jpg,1928,1928,0
39565.jpg,1928,1930,2
39570.jpg,1928,1931,3
39575.jpg,1928,2010,82
39580.jpg,1928,1925,-3
39585.jpg,1928,1914,-14
39590.jpg,1928,1928,0
39595.jpg,1928,1930,2
39600.jpg,1928,1956,28
39605.jpg,1928,2010,82
39610.jpg,1928,1985,57
39615.jpg,1928,1985,57
39620.jpg,1928,1930,2
39625.jpg,1928,1920,-8
39630.jpg,1928,1930,2
39635.jpg,1928,1930,2
39640.jpg,1928,1930,2
39645.jpg,1928,1925,-3
39650.jpg,1928,1930,2
39655.jpg,1928,1925,-3
39660.jpg,1928,1925,-3
39665.jpg,1928,1925,-3
39670.jpg,1928,1930,2
39675.jpg,1928,1929,1
39680.jpg,1928,1921,-7
39685.jpg,1928,1928,0
39690.jpg,1928,1928,0
39695.jpg,1928,1929,1
39700.jpg,1928,1930,2
39705.jpg,1928,1950,22
39710.jpg,1928,1921,-7
39715.jpg,1928,1930,2
39720.jpg,1928,1930,2
39725.jpg,1928,1925,-3
39730.jpg,1928,1950,22
39735.jpg,1928,1910,-18
39740.jpg,1928,1965,37
39745.jpg,1928,1930,2
39750.jpg,1928,1935,7
39755.jpg,1928,1904,-24
39760.jpg,1928,1866,-62
39765.jpg,1928,1930,2
39770.jpg,1928,1770,-158
39775.jpg,1928,1928,0
39780.jpg,1928,1985,57
39785.jpg,1928,1925,-3
39790.jpg,1928,1928,0
39795.jpg,1928,1925,-3
39800.jpg,1928,1925,-3
39805.jpg,1928,1925,-3
39810.jpg,1928,1935,7
39815.jpg,1928,1925,-3
39820.jpg,1928,1928,0
39825.jpg,1928,1928,0
39830.jpg,1928,1935,7
39835.jpg,1928,1925,-3
39840.jpg,1928,1925,-3
39845.jpg,1928,1920,-8
39850.jpg,1928,1935,7
39855.jpg,1928,1925,-3
39860.jpg,1928,1930,2
39865.jpg,1928,1845,-83
39870.jpg,1928,1750,-178
39875.jpg,1928,1930,2
39880.jpg,1928,1930,2
39885.jpg,1928,1925,-3
39890.jpg,1928,1925,-3
39895.jpg,1928,1930,2
39900.jpg,1928,2018,90
39905.jpg,1928,1905,-23
39910.jpg,1928,1930,2
39915.jpg,1928,1770,-158
39920.jpg,1928,1920,-8
39925.jpg,1928,1935,7
39930.jpg,1928,1938,10
39935.jpg,1928,1955,27
39940.jpg,1928,1938,10
39945.jpg,1928,1925,-3
39950.jpg,1928,1925,-3
39955.jpg,1928,1840,-88
39960.jpg,1928,1900,-28
39965.jpg,1928,1929,1
39970.jpg,1928,1938,10
39975.jpg,1928,1910,-18
39980.jpg,1928,1930,2
39985.jpg,1928,1920,-8
39990.jpg,1928,1936,8
39995.jpg,1928,1935,7
40000.jpg,1928,1925,-3
40010.jpg,1928,1980,52
40015.jpg,1928,1930,2
40020.jpg,1928,1927,-1
40025.jpg,1928,1930,2
40030.jpg,1928,1925,-3
40035.jpg,1928,1928,0
40040.jpg,1928,1925,-3
40045.jpg,1929,1920,-9
40050.jpg,1929,1929,0
40055.jpg,1929,1930,1
40060.jpg,1929,1930,1
40065.jpg,1929,1929,0
40070.jpg,1929,1929,0
40075.jpg,1929,1920,-9
40080.jpg,1929,1929,0
40095.jpg,1929,1935,6
40105.jpg,1929,1930,1
40110.jpg,1929,1925,-4
40115.jpg,1929,1925,-4
40120.jpg,1929,1925,-4
40125.jpg,1929,1930,1
40130.jpg,1929,1930,1
40135.jpg,1929,1923,-6
40140.jpg,1929,1935,6
40145.jpg,1929,1932,3
40150.jpg,1929,1930,1
40155.jpg,1929,1925,-4
40160.jpg,1929,1940,11
40165.jpg,1929,1931,2
40170.jpg,1929,1928,-1
40175.jpg,1929,1930,1
40180.jpg,1929,1929,0
40185.jpg,1929,1928,-1
40190.jpg,1929,1900,-29
40195.jpg,1929,1931,2
40200.jpg,1929,1929,0
40205.jpg,1929,1929,0
40210.jpg,1929,1931,2
40215.jpg,1929,1941,12
40220.jpg,1929,1925,-4
40225.jpg,1929,1930,1
40230.jpg,1929,1690,-239
40235.jpg,1929,1925,-4
40240.jpg,1929,1900,-29
40245.jpg,1929,1920,-9
40250.jpg,1929,1970,41
40255.jpg,1929,1950,21
40260.jpg,1929,1905,-24
40265.jpg,1929,1995,66
40270.jpg,1929,1926,-3
40275.jpg,1929,1935,6
40280.jpg,1929,1929,0
40285.jpg,1929,1930,1
40290.jpg,1929,1914,-15
40295.jpg,1929,1930,1
40305.jpg,1929,1930,1
40310.jpg,1929,1931,2
40315.jpg,1929,1930,1
40320.jpg,1929,1920,-9
40325.jpg,1929,1925,-4
40330.jpg,1929,1915,-14
40335.jpg,1929,1850,-79
40340.jpg,1929,1930,1
40345.jpg,1929,1970,41
40350.jpg,1929,1902,-27
40355.jpg,1929,1925,-4
40360.jpg,1929,1925,-4
40365.jpg,1929,1925,-4
40370.jpg,1929,1930,1
40375.jpg,1929,1930,1
40380.jpg,1929,1930,1
40385.jpg,1929,1925,-4
40390.jpg,1929,1930,1
40395.jpg,1929,1935,6
40400.jpg,1929,1920,-9
40405.jpg,1929,1910,-19
40410.jpg,1929,1938,9
40415.jpg,1929,1930,1
40420.jpg,1929,1929,0
40425.jpg,1929,1913,-16
40430.jpg,1929,1890,-39
40435.jpg,1929,1930,1
40440.jpg,1929,1925,-4
40450.jpg,1929,1915,-14
40455.jpg,1929,1930,1
40460.jpg,1929,1926,-3
40465.jpg,1929,1928,-1
40470.jpg,1929,1929,0
40475.jpg,1929,1925,-4
40480.jpg,1929,1928,-1
40485.jpg,1929,1930,1
40490.jpg,1929,1930,1
40495.jpg,1929,1935,6
40500.jpg,1929,1928,-1
40505.jpg,1929,1960,31
40510.jpg,1929,1929,0
40515.jpg,1929,1930,1
40520.jpg,1929,1925,-4
40525.jpg,1929,1910,-19
40530.jpg,1929,1925,-4
40535.jpg,1929,1910,-19
40540.jpg,1930,1920,-10
40545.jpg,1930,1930,0
40550.jpg,1930,1955,25
40555.jpg,1930,1939,9
40560.jpg,1930,2007,77
40565.jpg,1930,2005,75
40570.jpg,1930,1930,0
40575.jpg,1930,1930,0
40580.jpg,1930,1930,0
40585.jpg,1930,1930,0
40590.jpg,1930,1930,0
40595.jpg,1930,1930,0
40600.jpg,1930,1928,-2
40605.jpg,1930,1934,4
40610.jpg,1930,1915,-15
40615.jpg,1930,1930,0
40620.jpg,1930,1925,-5
40625.jpg,1930,1939,9
40630.jpg,1930,1935,5
40635.jpg,1930,1925,-5
40640.jpg,1930,2005,75
40645.jpg,1930,2005,75
40650.jpg,1930,1930,0
40655.jpg,1930,1933,3
40660.jpg,1930,1935,5
40665.jpg,1930,1935,5
40670.jpg,1930,2010,80
40675.jpg,1930,1853,-77
40680.jpg,1930,1925,-5
40685.jpg,1930,1930,0
40690.jpg,1930,1928,-2
40695.jpg,1930,1915,-15
40700.jpg,1930,1930,0
40705.jpg,1930,1930,0
40710.jpg,1930,1924,-6
40715.jpg,1930,1925,-5
40720.jpg,1930,1910,-20
40725.jpg,1930,1930,0
40730.jpg,1930,2005,75
40735.jpg,1930,1925,-5
40740.jpg,1930,1920,-10
40745.jpg,1930,1930,0
40750.jpg,1930,1934,4
40755.jpg,1930,1930,0
40760.jpg,1930,1930,0
40765.jpg,1930,1935,5
40770.jpg,1930,1952,22
40775.jpg,1930,1918,-12
40780.jpg,1930,2000,70
40785.jpg,1930,1938,8
40790.jpg,1930,1930,0
40795.jpg,1930,1931,1
40800.jpg,1930,1937,7
40805.jpg,1930,1930,0
40810.jpg,1930,1928,-2
40815.jpg,1930,1930,0
40820.jpg,1930,1930,0
40825.jpg,1930,1928,-2
40830.jpg,1930,1930,0
40835.jpg,1930,1970,40
40840.jpg,1930,1928,-2
40845.jpg,1930,1939,9
40850.jpg,1930,1934,4
40855.jpg,1930,1930,0
40860.jpg,1930,1930,0
40865.jpg,1930,1930,0
40870.jpg,1930,1930,0
40875.jpg,1930,1929,-1
40885.jpg,1930,1930,0
40890.jpg,1930,1940,10
40895.jpg,1930,1939,9
40900.jpg,1930,1930,0
40905.jpg,1930,1935,5
40910.jpg,1930,1929,-1
40915.jpg,1930,1920,-10
40920.jpg,1930,1910,-20
40925.jpg,1930,1930,0
40930.jpg,1930,1930,0
40935.jpg,1930,1935,5
40940.jpg,1930,1925,-5
40950.jpg,1930,1930,0
40960.jpg,1930,1930,0
40965.jpg,1931,1975,44
40970.jpg,1931,1955,24
40975.jpg,1931,1931,0
40980.jpg,1931,1935,4
40985.jpg,1931,1921,-10
40990.jpg,1931,1931,0
40995.jpg,1931,1930,-1
41000.jpg,1931,1933,2
41005.jpg,1931,1930,-1
41010.jpg,1931,2011,80
41015.jpg,1931,1960,29
41020.jpg,1931,1931,0
41025.jpg,1931,1931,0
41030.jpg,1931,1931,0
41035.jpg,1931,1930,-1
41040.jpg,1931,1938,7
41045.jpg,1931,1930,-1
41050.jpg,1931,1925,-6
41055.jpg,1931,1930,-1
41060.jpg,1931,1938,7
41065.jpg,1931,1929,-2
41070.jpg,1931,1930,-1
41075.jpg,1931,1931,0
41080.jpg,1931,1928,-3
41085.jpg,1931,1931,0
41095.jpg,1931,1930,-1
41100.jpg,1931,1930,-1
41105.jpg,1931,1930,-1
41110.jpg,1931,1935,4
41115.jpg,1931,1910,-21
41120.jpg,1931,1915,-16
41125.jpg,1931,1930,-1
41130.jpg,1931,1985,54
41135.jpg,1931,1930,-1
41140.jpg,1931,1930,-1
41150.jpg,1931,1932,1
41155.jpg,1931,1930,-1
41160.jpg,1931,1930,-1
41165.jpg,1931,1890,-41
41170.jpg,1931,2007,76
41175.jpg,1931,1936,5
41180.jpg,1931,1925,-6
41185.jpg,1931,1930,-1
41190.jpg,1931,1925,-6
41195.jpg,1931,1928,-3
41200.jpg,1931,1920,-11
41205.jpg,1931,1925,-6
41210.jpg,1931,1930,-1
41215.jpg,1931,1920,-11
41220.jpg,1931,1915,-16
41225.jpg,1931,1904,-27
41230.jpg,1931,1936,5
41235.jpg,1931,1931,0
41240.jpg,1931,1930,-1
41245.jpg,1931,1838,-93
41250.jpg,1931,1925,-6
41255.jpg,1931,1939,8
41260.jpg,1931,1925,-6
41265.jpg,1931,1931,0
41270.jpg,1931,1950,19
41275.jpg,1931,1930,-1
41280.jpg,1931,1930,-1
41285.jpg,1931,1930,-1
41290.jpg,1931,1955,24
41295.jpg,1931,1930,-1
41305.jpg,1931,1935,4
41310.jpg,1932,1938,6
41320.jpg,1932,1932,0
41325.jpg,1932,1772,-160
41330.jpg,1932,1930,-2
41340.jpg,1932,1950,18
41345.jpg,1932,1925,-7
41350.jpg,1932,1925,-7
41355.jpg,1932,1930,-2
41360.jpg,1932,1950,18
41365.jpg,1932,1925,-7
41370.jpg,1932,1932,0
41375.jpg,1932,1960,28
41380.jpg,1932,1931,-1
41385.jpg,1932,1929,-3
41390.jpg,1932,1940,8
41395.jpg,1932,1930,-2
41400.jpg,1932,1929,-3
41405.jpg,1932,1918,-14
41410.jpg,1932,1912,-20
41415.jpg,1932,1932,0
41420.jpg,1932,1893,-39
41425.jpg,1932,1922,-10
41430.jpg,1932,1935,3
41435.jpg,1932,1925,-7
41440.jpg,1932,1770,-162
41445.jpg,1932,1928,-4
41450.jpg,1932,1970,38
41455.jpg,1932,1735,-197
41460.jpg,1932,1920,-12
41465.jpg,1932,1925,-7
41470.jpg,1932,1925,-7
41475.jpg,1932,1925,-7
41480.jpg,1932,1935,3
41485.jpg,1932,1930,-2
41490.jpg,1932,1936,4
41495.jpg,1932,1930,-2
41500.jpg,1932,1988,56
41505.jpg,1932,1935,3
41510.jpg,1932,1938,6
41515.jpg,1932,1933,1
41520.jpg,1932,1930,-2
41525.jpg,1932,1930,-2
41530.jpg,1932,1930,-2
41535.jpg,1932,1930,-2
41540.jpg,1932,1930,-2
41545.jpg,1932,1930,-2
41550.jpg,1932,2007,75
41555.jpg,1932,1932,0
41560.jpg,1932,1928,-4
41565.jpg,1932,1938,6
41570.jpg,1933,1946,13
41575.jpg,1933,1930,-3
41580.jpg,1933,1820,-113
41585.jpg,1933,1970,37
41590.jpg,1933,1960,27
41595.jpg,1933,1933,0
41600.jpg,1933,1895,-38
41605.jpg,1933,1928,-5
41610.jpg,1933,1939,6
41615.jpg,1933,1933,0
41620.jpg,1933,1970,37
41625.jpg,1933,1960,27
41630.jpg,1933,1930,-3
41635.jpg,1933,1935,2
41640.jpg,1933,1728,-205
41645.jpg,1933,1930,-3
41650.jpg,1933,1920,-13
41655.jpg,1933,1910,-23
41660.jpg,1933,1935,2
41665.jpg,1933,1929,-4
41670.jpg,1933,1934,1
41675.jpg,1933,1930,-3
41680.jpg,1933,1939,6
41685.jpg,1933,1937,4
41690.jpg,1933,1934,1
41695.jpg,1933,1938,5
41700.jpg,1933,1925,-8
41705.jpg,1933,1937,4
41710.jpg,1933,1935,2
41715.jpg,1933,1916,-17
41720.jpg,1933,1905,-28
41725.jpg,1933,1890,-43
41730.jpg,1933,1934,1
41745.jpg,1933,1820,-113
41750.jpg,1933,1937,4
41755.jpg,1933,1935,2
41760.jpg,1933,2010,77
41765.jpg,1933,1938,5
41770.jpg,1933,1930,-3
41775.jpg,1933,1930,-3
41780.jpg,1933,1890,-43
41785.jpg,1933,1900,-33
41790.jpg,1933,1925,-8
41795.jpg,1933,1931,-2
41800.jpg,1933,1600,-333
41805.jpg,1933,1933,0
41810.jpg,1933,1930,-3
41815.jpg,1933,1910,-23
41820.jpg,1933,1933,0
41825.jpg,1933,1930,-3
41830.jpg,1933,1938,5
41835.jpg,1934,1920,-14
41840.jpg,1934,1934,0
41845.jpg,1934,1970,36
41850.jpg,1934,1935,1
41855.jpg,1934,1920,-14
41860.jpg,1934,1990,56
41865.jpg,1934,1990,56
41870.jpg,1934,2008,74
41875.jpg,1934,1935,1
41880.jpg,1934,1930,-4
41885.jpg,1934,1925,-9
41890.jpg,1934,1925,-9
41895.jpg,1934,2010,76
41900.jpg,1934,1932,-2
41905.jpg,1934,1926,-8
41910.jpg,1934,1938,4
41915.jpg,1934,1935,1
41920.jpg,1934,1965,31
41925.jpg,1934,1938,4
41930.jpg,1934,1939,5
41935.jpg,1934,1935,1
41940.jpg,1934,1995,61
41945.jpg,1934,1911,-23
41950.jpg,1934,1930,-4
41955.jpg,1934,1925,-9
41960.jpg,1934,1930,-4
41965.jpg,1934,2000,66
41970.jpg,1934,1660,-274
41975.jpg,1934,1997,63
41980.jpg,1934,1930,-4
41985.jpg,1934,1925,-9
41990.jpg,1934,1935,1
41995.jpg,1934,1930,-4
42000.jpg,1934,1930,-4
42005.jpg,1934,1930,-4
42010.jpg,1935,1925,-10
42015.jpg,1935,1900,-35
42020.jpg,1935,1935,0
42025.jpg,1935,1778,-157
42035.jpg,1935,2006,71
42040.jpg,1935,2000,65
42045.jpg,1935,1935,0
42050.jpg,1935,1935,0
42060.jpg,1935,1935,0
42065.jpg,1935,1992,57
42070.jpg,1935,1930,-5
42075.jpg,1935,1930,-5
42080.jpg,1935,1956,21
42085.jpg,1935,1525,-410
42090.jpg,1935,1930,-5
42095.jpg,1935,1884,-51
42100.jpg,1935,1910,-25
42105.jpg,1935,1838,-97
42110.jpg,1935,1935,0
42115.jpg,1935,1886,-49
42120.jpg,1935,1935,0
42125.jpg,1935,1810,-125
42130.jpg,1935,1920,-15
42135.jpg,1935,1935,0
42140.jpg,1935,1910,-25
42145.jpg,1935,1760,-175
42150.jpg,1935,1925,-10
42155.jpg,1935,1930,-5
42160.jpg,1935,1930,-5
42165.jpg,1935,1930,-5
42170.jpg,1935,1925,-10
42175.jpg,1935,2010,75
42180.jpg,1935,1995,60
42185.jpg,1935,1965,30
42190.jpg,1935,1937,2
42195.jpg,1935,1980,45
42200.jpg,1935,1950,15
42205.jpg,1935,1936,1
42210.jpg,1935,1935,0
42215.jpg,1935,1910,-25
42220.jpg,1935,1950,15
42225.jpg,1935,1955,20
42230.jpg,1935,1935,0
42235.jpg,1935,1937,2
42240.jpg,1935,1930,-5
42250.jpg,1935,1935,0
42255.jpg,1935,1939,4
42260.jpg,1935,1970,35
42265.jpg,1935,1935,0
42270.jpg,1935,1935,0
42275.jpg,1935,1930,-5
42280.jpg,1935,1955,20
42285.jpg,1935,2000,65
42290.jpg,1935,1960,25
42295.jpg,1936,1920,-16
42300.jpg,1936,1930,-6
42305.jpg,1936,1930,-6
42310.jpg,1936,1935,-1
42315.jpg,1936,1927,-9
42320.jpg,1936,2010,74
42325.jpg,1936,1965,29
42330.jpg,1936,2019,83
42335.jpg,1936,1923,-13
42340.jpg,1936,1930,-6
42345.jpg,1936,1940,4
42350.jpg,1936,1950,14
42355.jpg,1936,1940,4
42360.jpg,1936,2010,74
42365.jpg,1936,1921,-15
42370.jpg,1936,1930,-6
42375.jpg,1936,1930,-6
42380.jpg,1936,1960,24
42385.jpg,1936,1930,-6
42390.jpg,1936,2014,78
42395.jpg,1936,1940,4
42400.jpg,1936,1988,52
42405.jpg,1936,1930,-6
42410.jpg,1936,1984,48
42415.jpg,1936,1927,-9
42420.jpg,1936,1939,3
42425.jpg,1936,1930,-6
42430.jpg,1936,1930,-6
42435.jpg,1936,1960,24
42440.jpg,1936,1950,14
42445.jpg,1936,1930,-6
42450.jpg,1936,1925,-11
42455.jpg,1936,1955,19
42460.jpg,1936,1935,-1
42465.jpg,1936,1935,-1
42470.jpg,1936,1970,34
42475.jpg,1936,1920,-16
42480.jpg,1936,1890,-46
42485.jpg,1936,1938,2
42490.jpg,1936,1935,-1
42495.jpg,1936,1935,-1
42500.jpg,1936,1940,4
42505.jpg,1936,1930,-6
42510.jpg,1936,1930,-6
42515.jpg,1936,1940,4
42520.jpg,1936,1858,-78
42525.jpg,1936,1925,-11
42530.jpg,1936,1965,29
42535.jpg,1936,1936,0
42540.jpg,1936,1936,0
42545.jpg,1936,1930,-6
42550.jpg,1936,1930,-6
42555.jpg,1936,1920,-16
42560.jpg,1936,1925,-11
42565.jpg,1936,1857,-79
42570.jpg,1936,1937,1
42575.jpg,1936,1930,-6
42585.jpg,1936,1935,-1
42595.jpg,1936,1938,2
42600.jpg,1936,1905,-31
42610.jpg,1937,1937,0
42615.jpg,1937,1935,-2
42620.jpg,1937,1931,-6
42625.jpg,1937,1930,-7
42630.jpg,1937,2000,63
42635.jpg,1937,1938,1
42640.jpg,1937,2000,63
42645.jpg,1937,1930,-7
42650.jpg,1937,1937,0
42655.jpg,1937,2010,73
42660.jpg,1937,1935,-2
42665.jpg,1937,1903,-34
42670.jpg,1937,1900,-37
42675.jpg,1937,1930,-7
42680.jpg,1937,1960,23
42685.jpg,1937,1935,-2
42690.jpg,1937,1930,-7
42695.jpg,1937,1970,33
42700.jpg,1937,1930,-7
42705.jpg,1937,1930,-7
42710.jpg,1937,1935,-2
42715.jpg,1937,1945,8
42720.jpg,1937,1925,-12
42725.jpg,1937,1925,-12
42730.jpg,1937,1955,18
42735.jpg,1937,1955,18
42740.jpg,1937,1937,0
42745.jpg,1937,2000,63
42750.jpg,1937,1930,-7
42755.jpg,1937,1936,-1
42765.jpg,1937,1750,-187
42770.jpg,1937,2005,68
42775.jpg,1937,1930,-7
42780.jpg,1937,1955,18
42785.jpg,1937,1950,13
42790.jpg,1937,1909,-28
42795.jpg,1937,1935,-2
42800.jpg,1937,1925,-12
42805.jpg,1937,1935,-2
42810.jpg,1937,1985,48
42815.jpg,1937,1928,-9
42820.jpg,1937,1937,0
42825.jpg,1937,1890,-47
42830.jpg,1937,1936,-1
42835.jpg,1937,1940,3
42840.jpg,1937,1930,-7
42845.jpg,1937,1930,-7
42850.jpg,1937,1930,-7
42855.jpg,1937,1930,-7
42860.jpg,1937,1925,-12
42865.jpg,1937,1960,23
42870.jpg,1937,1935,-2
42875.jpg,1937,1939,2
42880.jpg,1937,1935,-2
42885.jpg,1937,1938,1
42890.jpg,1937,1935,-2
42895.jpg,1937,1930,-7
42900.jpg,1937,1938,1
42905.jpg,1937,1938,1
42910.jpg,1937,1100,-837
42915.jpg,1938,1954,16
42920.jpg,1938,1938,0
42925.jpg,1938,1919,-19
42930.jpg,1938,1940,2
42935.jpg,1938,1920,-18
42940.jpg,1938,2005,67
42945.jpg,1938,1978,40
42950.jpg,1938,1994,56
42955.jpg,1938,1980,42
42960.jpg,1938,1932,-6
42965.jpg,1938,1935,-3
42970.jpg,1938,1950,12
42975.jpg,1938,1925,-13
42980.jpg,1938,1920,-18
42985.jpg,1938,1925,-13
42990.jpg,1938,1935,-3
42995.jpg,1938,1935,-3
43000.jpg,1938,1955,17
43005.jpg,1938,1925,-13
43010.jpg,1938,1910,-28
43015.jpg,1938,1920,-18
43020.jpg,1938,1890,-48
43025.jpg,1938,1952,14
43030.jpg,1938,1910,-28
43035.jpg,1938,1920,-18
43040.jpg,1938,1940,2
43045.jpg,1938,1926,-12
43050.jpg,1938,1935,-3
43055.jpg,1938,1935,-3
43060.jpg,1938,1935,-3
43065.jpg,1938,1910,-28
43070.jpg,1938,1985,47
43075.jpg,1938,1965,27
43080.jpg,1938,1950,12
43085.jpg,1938,1935,-3
43090.jpg,1938,1975,37
43095.jpg,1938,1930,-8
43100.jpg,1938,1976,38
43105.jpg,1938,1937,-1
43110.jpg,1938,1930,-8
43115.jpg,1938,1932,-6
43120.jpg,1938,1935,-3
43125.jpg,1938,1929,-9
43130.jpg,1938,1930,-8
43135.jpg,1938,1900,-38
43140.jpg,1938,2015,77
43145.jpg,1938,1915,-23
43150.jpg,1938,1722,-216
43155.jpg,1938,1955,17
43160.jpg,1938,1932,-6
43165.jpg,1938,1938,0
43170.jpg,1938,1930,-8
43175.jpg,1938,1938,0
43185.jpg,1938,1937,-1
43190.jpg,1938,1930,-8
43195.jpg,1938,1938,0
43200.jpg,1938,1970,32
43210.jpg,1939,1938,-1
43215.jpg,1939,1939,0
43220.jpg,1939,1925,-14
43225.jpg,1939,1850,-89
43235.jpg,1939,2005,66
43245.jpg,1939,1900,-39
43250.jpg,1939,1990,51
43255.jpg,1939,1950,11
43260.jpg,1939,1928,-11
43270.jpg,1939,1930,-9
43275.jpg,1939,1930,-9
43280.jpg,1939,1955,16
43285.jpg,1939,1955,16
43290.jpg,1939,1940,1
43295.jpg,1939,1940,1
43300.jpg,1939,1950,11
43305.jpg,1939,1939,0
43310.jpg,1939,1938,-1
43315.jpg,1939,1930,-9
43320.jpg,1939,1930,-9
43325.jpg,1939,1939,0
43330.jpg,1939,1960,21
43335.jpg,1939,1969,30
43340.jpg,1939,1930,-9
43345.jpg,1939,1920,-19
43350.jpg,1939,1990,51
43360.jpg,1939,1935,-4
43365.jpg,1939,1850,-89
43370.jpg,1939,1925,-14
43375.jpg,1939,1925,-14
43380.jpg,1939,1975,36
43385.jpg,1939,1950,11
43390.jpg,1939,1938,-1
43395.jpg,1939,1955,16
43400.jpg,1939,2007,68
43405.jpg,1939,2023,84
43410.jpg,1939,1937,-2
43415.jpg,1939,1930,-9
43420.jpg,1939,1933,-6
43425.jpg,1939,1930,-9
43430.jpg,1939,1890,-49
43435.jpg,1939,1930,-9
43440.jpg,1939,1930,-9
43445.jpg,1939,1950,11
43450.jpg,1939,1930,-9
43455.jpg,1939,1935,-4
43460.jpg,1939,1938,-1
43465.jpg,1939,1920,-19
43470.jpg,1940,1938,-2
43475.jpg,1940,1931,-9
43480.jpg,1940,1940,0
43485.jpg,1940,1930,-10
43490.jpg,1940,1940,0
43495.jpg,1940,1955,15
43500.jpg,1940,1940,0
43505.jpg,1940,2015,75
43510.jpg,1940,1935,-5
43515.jpg,1940,2005,65
43520.jpg,1940,1925,-15
43525.jpg,1940,1938,-2
43530.jpg,1940,1930,-10
43535.jpg,1940,1935,-5
43540.jpg,1940,1930,-10
43545.jpg,1940,1975,35
43550.jpg,1940,1915,-25
43555.jpg,1940,1939,-1
43560.jpg,1940,1939,-1
43565.jpg,1940,1939,-1
43570.jpg,1940,1940,0
43575.jpg,1940,1975,35
43580.jpg,1940,1930,-10
43585.jpg,1940,1935,-5
43590.jpg,1940,1938,-2
43595.jpg,1940,2005,65
43600.jpg,1940,1930,-10
43605.jpg,1940,1936,-4
43610.jpg,1940,1905,-35
43615.jpg,1940,1930,-10
43620.jpg,1940,1930,-10
43625.jpg,1940,1930,-10
43630.jpg,1940,1930,-10
43635.jpg,1940,1940,0
43640.jpg,1940,1872,-68
43645.jpg,1940,1930,-10
43650.jpg,1940,1960,20
43655.jpg,1940,1939,-1
43660.jpg,1940,1955,15
43665.jpg,1940,1955,15
43670.jpg,1940,1940,0
43675.jpg,1940,1950,10
43680.jpg,1940,1935,-5
43685.jpg,1940,1960,20
43700.jpg,1940,1925,-15
43705.jpg,1940,1930,-10
43710.jpg,1940,1950,10
43715.jpg,1940,1930,-10
43720.jpg,1941,1930,-11
43725.jpg,1941,1939,-2
43730.jpg,1941,2010,69
43735.jpg,1941,2003,62
43740.jpg,1941,2010,69
43745.jpg,1941,1930,-11
43750.jpg,1941,1940,-1
43755.jpg,1941,1928,-13
43760.jpg,1941,1930,-11
43765.jpg,1941,1890,-51
43770.jpg,1941,1930,-11
43775.jpg,1941,1937,-4
43780.jpg,1941,1935,-6
43785.jpg,1941,1935,-6
43790.jpg,1941,1930,-11
43795.jpg,1941,2005,64
43800.jpg,1941,1905,-36
43805.jpg,1941,1840,-101
43810.jpg,1941,1955,14
43815.jpg,1941,1955,14
43820.jpg,1941,1950,9
43825.jpg,1941,1940,-1
43830.jpg,1941,1941,0
43835.jpg,1941,1989,48
43840.jpg,1941,1960,19
43845.jpg,1941,1932,-9
43850.jpg,1941,1960,19
43855.jpg,1941,1930,-11
43860.jpg,1941,1935,-6
43865.jpg,1942,1937,-5
43870.jpg,1942,1938,-4
43875.jpg,1942,1950,8
43880.jpg,1942,1925,-17
43885.jpg,1942,1955,13
43890.jpg,1942,1940,-2
43895.jpg,1942,1938,-4
43900.jpg,1942,1941,-1
43905.jpg,1942,1930,-12
43910.jpg,1942,1940,-2
43915.jpg,1942,1764,-178
43920.jpg,1942,1965,23
43925.jpg,1942,2005,63
43930.jpg,1942,1942,0
43935.jpg,1942,1920,-22
43940.jpg,1942,1925,-17
43945.jpg,1942,1961,19
43950.jpg,1942,1920,-22
43955.jpg,1942,1935,-7
43960.jpg,1943,1955,12
43965.jpg,1943,1975,32
43970.jpg,1943,2005,62
43975.jpg,1943,1940,-3
43980.jpg,1943,1943,0
43985.jpg,1943,1940,-3
43990.jpg,1943,1960,17
43995.jpg,1943,1930,-13
44000.jpg,1943,1940,-3
44005.jpg,1943,1990,47
44010.jpg,1943,1960,17
44015.jpg,1943,1940,-3
44020.jpg,1943,1920,-23
44025.jpg,1943,1960,17
44030.jpg,1944,1926,-18
44035.jpg,1944,1960,16
44040.jpg,1944,1966,22
44045.jpg,1944,1930,-14
44050.jpg,1944,1800,-144
44055.jpg,1944,120,-1824
44060.jpg,1945,1910,-35
44065.jpg,1945,1930,-15
44075.jpg,1945,1985,40
44080.jpg,1945,1945,0
44090.jpg,1945,1920,-25
44095.jpg,1945,1930,-15
44100.jpg,1945,1990,45
44105.jpg,1945,1930,-15
44110.jpg,1945,1955,10
44115.jpg,1946,1970,24
44120.jpg,1946,2000,54
44125.jpg,1946,1970,24
44130.jpg,1946,1925,-21
44135.jpg,1946,1931,-15
44140.jpg,1946,1960,14
44145.jpg,1946,1938,-8
44150.jpg,1946,1925,-21
44155.jpg,1946,1925,-21
44160.jpg,1946,1940,-6
44165.jpg,1946,1940,-6
44170.jpg,1946,1985,39
44175.jpg,1947,1930,-17
44180.jpg,1947,1946,-1
44185.jpg,1947,1750,-197
44190.jpg,1947,1938,-9
44195.jpg,1947,2000,53
44200.jpg,1947,1975,28
44205.jpg,1947,1970,23
44210.jpg,1947,1970,23
44215.jpg,1947,1940,-7
44220.jpg,1947,1940,-7
44230.jpg,1947,1910,-37
44240.jpg,1947,1940,-7
44245.jpg,1947,1930,-17
44250.jpg,1947,1930,-17
44255.jpg,1947,2000,53
44260.jpg,1947,1930,-17
44270.jpg,1947,1945,-2
44275.jpg,1947,1930,-17
44280.jpg,1947,1940,-7
44285.jpg,1948,1940,-8
44290.jpg,1948,1910,-38
44295.jpg,1948,2010,62
44300.jpg,1948,1950,2
44305.jpg,1948,1950,2
44310.jpg,1948,1920,-28
44315.jpg,1948,2010,62
44320.jpg,1948,1980,32
44325.jpg,1948,1955,7
44330.jpg,1948,1962,14
44335.jpg,1948,1910,-38
44340.jpg,1948,1914,-34
44345.jpg,1948,1950,2
44350.jpg,1948,1935,-13
44355.jpg,1948,1950,2
44360.jpg,1948,1956,8
44365.jpg,1948,1935,-13
44370.jpg,1948,1915,-33
44375.jpg,1948,1935,-13
44380.jpg,1948,1970,22
44385.jpg,1948,2000,52
44390.jpg,1948,1939,-9
44395.jpg,1948,1935,-13
44400.jpg,1949,1941,-8
44405.jpg,1949,2013,64
44410.jpg,1949,1950,1
44415.jpg,1949,2010,61
44420.jpg,1949,1980,31
44425.jpg,1949,2000,51
44430.jpg,1949,1970,21
44435.jpg,1949,2004,55
44440.jpg,1949,1995,46
44445.jpg,1949,1985,36
44450.jpg,1949,1925,-24
44455.jpg,1949,1935,-14
44460.jpg,1949,1940,-9
44465.jpg,1949,1910,-39
44470.jpg,1949,1975,26
44475.jpg,1949,1955,6
44480.jpg,1949,1955,6
44485.jpg,1949,1950,1
44490.jpg,1949,1925,-24
44495.jpg,1949,1950,1
44500.jpg,1949,1950,1
44510.jpg,1949,1922,-27
44515.jpg,1949,1920,-29
44520.jpg,1949,1980,31
44525.jpg,1949,1965,16
44530.jpg,1949,1930,-19
44535.jpg,1949,1955,6
44540.jpg,1950,1970,20
44545.jpg,1950,1950,0
44550.jpg,1950,1950,0
44555.jpg,1950,1965,15
44560.jpg,1950,1968,18
44565.jpg,1950,2000,50
44570.jpg,1950,1965,15
44575.jpg,1950,1935,-15
44585.jpg,1950,1950,0
44590.jpg,1950,1950,0
44595.jpg,1950,1950,0
44600.jpg,1950,1968,18
44605.jpg,1950,1936,-14
44610.jpg,1950,1984,34
44615.jpg,1950,1963,13
44620.jpg,1950,1950,0
44625.jpg,1950,1910,-40
44630.jpg,1950,1936,-14
44635.jpg,1950,1985,35
44640.jpg,1950,1955,5
44645.jpg,1950,1925,-25
44650.jpg,1950,1955,5
44655.jpg,1950,1925,-25
44660.jpg,1950,1950,0
44665.jpg,1950,1930,-20
44680.jpg,1950,2000,50
44685.jpg,1950,1938,-12
44690.jpg,1950,1960,10
44695.jpg,1950,1929,-21
44700.jpg,1950,1965,15
44705.jpg,1951,1970,19
44710.jpg,1951,1930,-21
44720.jpg,1951,1960,9
44725.jpg,1951,1990,39
44730.jpg,1951,1955,4
44735.jpg,1951,1955,4
44740.jpg,1951,1911,-40
44745.jpg,1951,1960,9
44750.jpg,1951,1965,14
44755.jpg,1951,1955,4
44760.jpg,1951,1969,18
44765.jpg,1951,1930,-21
44770.jpg,1951,1354,-597
44775.jpg,1951,1960,9
44780.jpg,1951,1885,-66
44785.jpg,1951,1970,19
44790.jpg,1951,1955,4
44795.jpg,1951,1954,3
44800.jpg,1951,1925,-26
44810.jpg,1951,1935,-16
44815.jpg,1951,1960,9
44820.jpg,1951,1930,-21
44825.jpg,1951,2003,52
44830.jpg,1951,1980,29
44840.jpg,1951,1941,-10
44845.jpg,1952,1952,0
44850.jpg,1952,1950,-2
44855.jpg,1952,2005,53
44860.jpg,1952,1928,-24
44865.jpg,1952,2013,61
44870.jpg,1952,1955,3
44875.jpg,1952,1960,8
44880.jpg,1952,1970,18
44885.jpg,1952,1975,23
44890.jpg,1952,1970,18
44895.jpg,1952,1952,0
44900.jpg,1952,1941,-11
44905.jpg,1952,1952,0
44910.jpg,1952,2005,53
44915.jpg,1952,1950,-2
44920.jpg,1952,1960,8
44925.jpg,1952,1965,13
44930.jpg,1952,2010,58
44940.jpg,1952,1965,13
44945.jpg,1952,1995,43
44950.jpg,1952,1960,8
44955.jpg,1952,1952,0
44960.jpg,1953,1975,22
44965.jpg,1953,1951,-2
44970.jpg,1953,2023,70
44980.jpg,1953,1939,-14
44985.jpg,1953,2010,57
44990.jpg,1953,2005,52
44995.jpg,1953,1980,27
45000.jpg,1953,2009,56
45005.jpg,1953,1935,-18
45010.jpg,1953,1936,-17
45015.jpg,1953,1965,12
45020.jpg,1953,1965,12
45025.jpg,1953,1935,-18
45030.jpg,1953,1940,-13
45035.jpg,1953,1965,12
45040.jpg,1953,1970,17
45045.jpg,1953,1854,-99
45050.jpg,1953,1960,7
45055.jpg,1953,1955,2
45060.jpg,1953,1935,-18
45065.jpg,1953,1965,12
45070.jpg,1953,1965,12
45075.jpg,1953,2010,57
45080.jpg,1953,1962,9
45085.jpg,1953,1960,7
45090.jpg,1953,1955,2
45095.jpg,1954,1956,2
45100.jpg,1954,2005,51
45105.jpg,1954,1970,16
45110.jpg,1954,1965,11
45115.jpg,1954,1954,0
45120.jpg,1954,1954,0
45125.jpg,1954,1990,36
45130.jpg,1954,1960,6
45135.jpg,1954,1958,4
45140.jpg,1954,1983,29
45150.jpg,1954,1930,-24
45155.jpg,1954,1938,-16
45160.jpg,1954,1965,11
45165.jpg,1954,2018,64
45170.jpg,1954,1987,33
45175.jpg,1954,1887,-67
45180.jpg,1954,1935,-19
45185.jpg,1954,1955,1
45190.jpg,1954,1955,1
45195.jpg,1954,1925,-29
45200.jpg,1954,1965,11
45205.jpg,1954,1974,20
45210.jpg,1954,1925,-29
45215.jpg,1954,1985,31
45220.jpg,1954,1736,-218
45225.jpg,1954,1973,19
45230.jpg,1954,1980,26
45235.jpg,1955,1692,-263
45240.jpg,1955,1955,0
45245.jpg,1955,1970,15
45250.jpg,1955,1955,0
45255.jpg,1955,1950,-5
45260.jpg,1955,1930,-25
45265.jpg,1955,2017,62
45275.jpg,1955,1960,5
45280.jpg,1955,1960,5
45285.jpg,1955,1955,0
45290.jpg,1955,1965,10
45295.jpg,1955,2000,45
45300.jpg,1955,2019,64
45310.jpg,1955,1970,15
45315.jpg,1955,1914,-41
45320.jpg,1955,1788,-167
45325.jpg,1955,1900,-55
45330.jpg,1955,1955,0
45335.jpg,1955,1955,0
45345.jpg,1955,2010,55
45350.jpg,1955,1938,-17
45355.jpg,1955,2005,50
45360.jpg,1955,1952,-3
45365.jpg,1955,2004,49
45370.jpg,1955,1968,13
45375.jpg,1955,1950,-5
45385.jpg,1956,1960,4
45390.jpg,1956,1952,-4
45395.jpg,1956,1952,-4
45400.jpg,1956,2005,49
45405.jpg,1956,1967,11
45410.jpg,1956,1921,-35
45415.jpg,1956,1930,-26
45420.jpg,1956,1950,-6
45430.jpg,1956,1985,29
45435.jpg,1956,1938,-18
45440.jpg,1956,1965,9
45445.jpg,1956,1965,9
45450.jpg,1956,1965,9
45455.jpg,1956,2005,49
45460.jpg,1956,1995,39
45465.jpg,1956,1925,-31
45470.jpg,1956,1950,-6
45475.jpg,1956,1955,-1
45480.jpg,1956,1965,9
45485.jpg,1956,1958,2
45490.jpg,1956,1956,0
45495.jpg,1956,1880,-76
45500.jpg,1956,2000,44
45505.jpg,1956,1990,34
45510.jpg,1956,1985,29
45515.jpg,1956,1975,19
45520.jpg,1956,1913,-43
45530.jpg,1957,1955,-2
45535.jpg,1957,2000,43
45540.jpg,1957,1980,23
45545.jpg,1957,2004,47
45550.jpg,1957,1990,33
45555.jpg,1957,1955,-2
45560.jpg,1957,1957,0
45565.jpg,1957,1965,8
45570.jpg,1957,1985,28
45575.jpg,1957,1920,-37
45585.jpg,1957,1929,-28
45590.jpg,1957,1980,23
45595.jpg,1957,1970,13
45605.jpg,1957,2010,53
45610.jpg,1957,1975,18
45615.jpg,1957,1979,22
45620.jpg,1957,1980,23
45630.jpg,1957,1861,-96
45635.jpg,1957,1952,-5
45640.jpg,1957,1965,8
45645.jpg,1957,1850,-107
45650.jpg,1957,1960,3
45655.jpg,1957,1950,-7
45660.jpg,1957,1969,12
45665.jpg,1957,1895,-62
45675.jpg,1957,2010,53
45680.jpg,1957,1920,-37
45685.jpg,1957,1968,11
45695.jpg,1957,2010,53
45700.jpg,1958,1839,-119
45705.jpg,1958,2003,45
45715.jpg,1958,1977,19
45720.jpg,1958,2005,47
45730.jpg,1958,1965,7
45735.jpg,1958,2010,52
45740.jpg,1958,1950,-8
45745.jpg,1958,1959,1
45750.jpg,1958,1990,32
45755.jpg,1958,1935,-23
45760.jpg,1958,1960,2
45765.jpg,1958,1965,7
45770.jpg,1958,1968,10
45775.jpg,1958,1960,2
45780.jpg,1958,1935,-23
45785.jpg,1958,2000,42
45790.jpg,1958,1965,7
45795.jpg,1958,1965,7
45800.jpg,1958,1950,-8
45805.jpg,1958,1955,-3
45810.jpg,1958,1606,-352
45815.jpg,1958,1998,40
45820.jpg,1958,2005,47
45825.jpg,1958,1986,28
45830.jpg,1958,1974,16
45835.jpg,1958,1952,-6
45840.jpg,1958,1965,7
45845.jpg,1958,1965,7
45850.jpg,1958,1966,8
45855.jpg,1959,1963,4
45860.jpg,1959,1935,-24
45870.jpg,1959,2000,41
45880.jpg,1959,1920,-39
45885.jpg,1959,1975,16
45890.jpg,1959,1961,2
45895.jpg,1959,1959,0
45900.jpg,1959,1965,6
45905.jpg,1959,1960,1
45910.jpg,1959,2015,56
45915.jpg,1959,1995,36
45925.jpg,1959,1955,-4
45930.jpg,1959,1955,-4
45935.jpg,1959,1965,6
45940.jpg,1959,1983,24
45945.jpg,1959,2005,46
45950.jpg,1959,2005,46
45955.jpg,1959,1975,16
45960.jpg,1959,1960,1
45965.jpg,1959,1909,-50
45970.jpg,1959,2005,46
45975.jpg,1959,1958,-1
45980.jpg,1959,1960,1
45985.jpg,1959,1959,0
45990.jpg,1960,1625,-335
45995.jpg,1960,1980,20
46000.jpg,1960,1960,0
46005.jpg,1960,1950,-10
46015.jpg,1960,1970,10
46025.jpg,1960,1999,39
46030.jpg,1960,1970,10
46035.jpg,1960,1965,5
46040.jpg,1960,1960,0
46045.jpg,1960,1960,0
46050.jpg,1960,1933,-27
46055.jpg,1960,1955,-5
46060.jpg,1960,1965,5
46065.jpg,1960,1950,-10
46070.jpg,1960,1964,4
46075.jpg,1960,2000,40
46080.jpg,1960,1994,34
46085.jpg,1960,1858,-102
46090.jpg,1960,1950,-10
46095.jpg,1960,1965,5
46100.jpg,1960,1965,5
46105.jpg,1960,1965,5
46110.jpg,1960,1985,25
46115.jpg,1960,1990,30
46120.jpg,1960,1980,20
46130.jpg,1960,1930,-30
46135.jpg,1960,1954,-6
46140.jpg,1960,1960,0
46145.jpg,1960,1955,-5
46150.jpg,1960,1970,10
46155.jpg,1961,1925,-36
46160.jpg,1961,1960,-1
46170.jpg,1961,2018,57
46180.jpg,1961,1981,20
46185.jpg,1961,1970,9
46190.jpg,1961,1819,-142
46195.jpg,1961,1995,34
46200.jpg,1961,2000,39
46205.jpg,1961,1965,4
46210.jpg,1961,1965,4
46215.jpg,1961,1970,9
46220.jpg,1961,1980,19
46225.jpg,1961,1965,4
46230.jpg,1961,1960,-1
46235.jpg,1961,1962,1
46240.jpg,1961,2018,57
46245.jpg,1961,1980,19
46250.jpg,1961,1980,19
46255.jpg,1961,1970,9
46260.jpg,1961,1960,-1
46265.jpg,1961,1965,4
46270.jpg,1961,1937,-24
46275.jpg,1961,2010,49
46280.jpg,1961,1840,-121
46285.jpg,1961,2010,49
46290.jpg,1961,1985,24
46295.jpg,1961,1995,34
46305.jpg,1961,1980,19
46310.jpg,1961,1961,0
46315.jpg,1961,2010,49
46320.jpg,1962,1965,3
46330.jpg,1962,1920,-42
46335.jpg,1962,2015,53
46340.jpg,1962,1962,0
46345.jpg,1962,1990,28
46350.jpg,1962,1970,8
46355.jpg,1962,1962,0
46360.jpg,1962,1975,13
46365.jpg,1962,1965,3
46370.jpg,1962,1965,3
46375.jpg,1962,1970,8
46380.jpg,1962,1970,8
46385.jpg,1962,1970,8
46390.jpg,1962,1955,-7
46395.jpg,1962,1930,-32
46400.jpg,1962,1971,9
46405.jpg,1962,1920,-42
46410.jpg,1962,1975,13
46415.jpg,1962,1880,-82
46420.jpg,1962,1965,3
46425.jpg,1962,1965,3
46430.jpg,1962,1980,18
46435.jpg,1962,1843,-119
46440.jpg,1962,2005,43
46445.jpg,1962,2010,48
46450.jpg,1962,1970,8
46455.jpg,1962,1958,-4
46460.jpg,1962,1964,2
46465.jpg,1963,1963,0
46470.jpg,1963,1964,1
46475.jpg,1963,1972,9
46480.jpg,1963,1995,32
46490.jpg,1963,1977,14
46495.jpg,1963,1950,-13
46500.jpg,1963,1930,-33
46505.jpg,1963,1985,22
46510.jpg,1963,1968,5
46515.jpg,1963,1960,-3
46520.jpg,1963,1963,0
46525.jpg,1963,1990,27
46530.jpg,1963,1975,12
46535.jpg,1963,1963,0
46540.jpg,1963,1925,-38
46545.jpg,1963,1955,-8
46550.jpg,1963,1965,2
46555.jpg,1963,1990,27
46560.jpg,1963,1936,-27
46565.jpg,1963,1997,34
46570.jpg,1963,1950,-13
46575.jpg,1963,1950,-13
46580.jpg,1963,1975,12
46585.jpg,1963,1985,22
46590.jpg,1963,1491,-472
46595.jpg,1963,1930,-33
46600.jpg,1963,1980,17
46605.jpg,1963,2005,42
46615.jpg,1963,1920,-43
46620.jpg,1963,1950,-13
46625.jpg,1963,1975,12
46630.jpg,1963,1932,-31
46635.jpg,1964,1970,6
46640.jpg,1964,2010,46
46645.jpg,1964,1960,-4
46650.jpg,1964,1920,-44
46655.jpg,1964,1985,21
46660.jpg,1964,2007,43
46665.jpg,1964,1964,0
46670.jpg,1964,1970,6
46675.jpg,1964,1970,6
46680.jpg,1964,1970,6
46685.jpg,1964,2005,41
46690.jpg,1964,2000,36
46695.jpg,1964,1975,11
46700.jpg,1964,1960,-4
46705.jpg,1964,1995,31
46710.jpg,1964,1970,6
46715.jpg,1964,1970,6
46720.jpg,1964,1964,0
46725.jpg,1964,1971,7
46730.jpg,1964,1995,31
46735.jpg,1964,1994,30
46740.jpg,1964,1964,0
46745.jpg,1964,1980,16
46750.jpg,1964,1955,-9
46755.jpg,1964,1965,1
46760.jpg,1964,1845,-119
46765.jpg,1964,1992,28
46770.jpg,1964,1916,-48
46775.jpg,1964,1930,-34
46780.jpg,1964,1995,31
46785.jpg,1964,1980,16
46790.jpg,1964,1995,31
46795.jpg,1964,1950,-14
46805.jpg,1964,1965,1
46810.jpg,1964,1970,6
46815.jpg,1964,2023,59
46820.jpg,1965,1970,5
46825.jpg,1965,1985,20
46830.jpg,1965,1972,7
46835.jpg,1965,2010,45
46840.jpg,1965,2000,35
46845.jpg,1965,1982,17
46850.jpg,1965,1985,20
46860.jpg,1965,1970,5
46865.jpg,1965,1950,-15
46870.jpg,1965,1987,22
46875.jpg,1965,1990,25
46885.jpg,1965,1965,0
46890.jpg,1965,2010,45
46895.jpg,1965,1965,0
46900.jpg,1965,1965,0
46905.jpg,1965,1915,-50
46910.jpg,1965,1954,-11
46915.jpg,1965,2000,35
46920.jpg,1965,1950,-15
46930.jpg,1965,1900,-65
46935.jpg,1965,1970,5
46940.jpg,1965,1935,-30
46945.jpg,1965,1985,20
46950.jpg,1965,1965,0
46955.jpg,1965,1990,25
46960.jpg,1965,1985,20
46965.jpg,1965,2005,40
46970.jpg,1965,1972,7
46990.jpg,1965,1975,10
46995.jpg,1965,1910,-55
47000.jpg,1965,1968,3
47005.jpg,1966,1972,6
47010.jpg,1966,1966,0
47015.jpg,1966,1922,-44
47020.jpg,1966,1970,4
47025.jpg,1966,2010,44
47030.jpg,1966,1960,-6
47035.jpg,1966,1966,0
47040.jpg,1966,1966,0
47050.jpg,1966,1950,-16
47055.jpg,1966,1968,2
47060.jpg,1966,1980,14
47065.jpg,1966,1930,-36
47070.jpg,1966,1919,-47
47075.jpg,1966,1965,-1
47080.jpg,1966,1970,4
47085.jpg,1966,1970,4
47090.jpg,1966,1960,-6
47100.jpg,1966,2000,34
47105.jpg,1966,1971,5
47115.jpg,1966,1982,16
47120.jpg,1966,1938,-28
47125.jpg,1966,1860,-106
47130.jpg,1966,1930,-36
47135.jpg,1966,1966,0
47140.jpg,1966,1930,-36
47145.jpg,1966,2005,39
47150.jpg,1966,1960,-6
47155.jpg,1966,1905,-61
47170.jpg,1966,1995,29
47175.jpg,1966,1980,14
47180.jpg,1966,1970,4
47185.jpg,1966,1965,-1
47190.jpg,1966,1985,19
47195.jpg,1966,1964,-2
47200.jpg,1966,1980,14
47205.jpg,1966,1965,-1
47210.jpg,1966,1971,5
47215.jpg,1966,1967,1
47220.jpg,1966,1966,0
47225.jpg,1967,1995,28
47230.jpg,1967,1953,-14
47235.jpg,1967,1871,-96
47240.jpg,1967,1970,3
47245.jpg,1967,2005,38
47255.jpg,1967,2000,33
47265.jpg,1967,1997,30
47270.jpg,1967,1995,28
47275.jpg,1967,2010,43
47280.jpg,1967,1960,-7
47285.jpg,1967,1976,9
47290.jpg,1967,1985,18
47295.jpg,1967,1955,-12
47300.jpg,1967,1950,-17
47305.jpg,1967,1910,-57
47310.jpg,1967,1975,8
47315.jpg,1967,1965,-2
47320.jpg,1967,1970,3
47325.jpg,1967,1970,3
47330.jpg,1967,1972,5
47335.jpg,1967,1930,-37
47340.jpg,1967,2010,43
47345.jpg,1967,1960,-7
47350.jpg,1967,1965,-2
47355.jpg,1967,1965,-2
47360.jpg,1967,1925,-42
47365.jpg,1967,1900,-67
47370.jpg,1967,1800,-167
47375.jpg,1967,1930,-37
47380.jpg,1967,1980,13
47385.jpg,1967,1985,18
47395.jpg,1967,1970,3
47400.jpg,1967,1980,13
47405.jpg,1967,1990,23
47410.jpg,1967,2000,33
47420.jpg,1967,1960,-7
47425.jpg,1967,2003,36
47430.jpg,1967,1993,26
47435.jpg,1967,1970,3
47440.jpg,1967,1970,3
47445.jpg,1967,1990,23
47450.jpg,1968,1960,-8
47455.jpg,1968,1970,2
47460.jpg,1968,1960,-8
47465.jpg,1968,2000,32
47470.jpg,1968,1970,2
47475.jpg,1968,1970,2
47480.jpg,1968,1968,0
47485.jpg,1968,1964,-4
47490.jpg,1968,2015,47
47495.jpg,1968,1968,0
47500.jpg,1968,2005,37
47505.jpg,1968,2008,40
47515.jpg,1968,1920,-48
47520.jpg,1968,1925,-43
47525.jpg,1968,1990,22
47530.jpg,1968,1975,7
47535.jpg,1968,1965,-3
47540.jpg,1968,1968,0
47545.jpg,1968,1988,20
47550.jpg,1968,1975,7
47555.jpg,1968,1963,-5
47560.jpg,1968,1981,13
47565.jpg,1968,1975,7
47570.jpg,1968,2010,42
47575.jpg,1968,1880,-88
47580.jpg,1968,2004,36
47585.jpg,1968,1890,-78
47590.jpg,1968,1990,22
47595.jpg,1968,1985,17
47600.jpg,1968,1970,2
47610.jpg,1968,2000,32
47620.jpg,1968,1965,-3
47625.jpg,1968,1967,-1
47630.jpg,1968,1985,17
47635.jpg,1968,1960,-8
47640.jpg,1968,1975,7
47645.jpg,1968,1968,0
47650.jpg,1969,1975,6
47655.jpg,1969,1970,1
47660.jpg,1969,1960,-9
47665.jpg,1969,1970,1
47670.jpg,1969,1985,16
47675.jpg,1969,1919,-50
47680.jpg,1969,1980,11
47685.jpg,1969,1969,0
47690.jpg,1969,1969,0
47695.jpg,1969,1960,-9
47700.jpg,1969,2010,41
47710.jpg,1969,1957,-12
47715.jpg,1969,1915,-54
47720.jpg,1969,1970,1
47730.jpg,1969,1970,1
47735.jpg,1969,1965,-4
47740.jpg,1969,1965,-4
47745.jpg,1969,1986,17
47750.jpg,1969,2018,49
47755.jpg,1969,1915,-54
47760.jpg,1969,1970,1
47765.jpg,1969,1980,11
47770.jpg,1969,1985,16
47780.jpg,1969,1985,16
47785.jpg,1969,2005,36
47790.jpg,1969,1970,1
47795.jpg,1969,1970,1
47800.jpg,1969,1970,1
47805.jpg,1969,1930,-39
47810.jpg,1969,1972,3
47815.jpg,1969,1969,0
47820.jpg,1969,1969,0
47825.jpg,1969,1972,3
47830.jpg,1969,1974,5
47835.jpg,1970,1969,-1
47840.jpg,1970,1985,15
47845.jpg,1970,1960,-10
47850.jpg,1970,2002,32
47855.jpg,1970,1970,0
47860.jpg,1970,2010,40
47865.jpg,1970,1990,20
47870.jpg,1970,1980,10
47875.jpg,1970,1970,0
47880.jpg,1970,1990,20
47890.jpg,1970,2015,45
47895.jpg,1970,1970,0
47900.jpg,1970,1975,5
47905.jpg,1970,1965,-5
47910.jpg,1970,1968,-2
47915.jpg,1970,2008,38
47920.jpg,1970,1965,-5
47925.jpg,1970,1965,-5
47930.jpg,1970,1964,-6
47935.jpg,1970,1975,5
47940.jpg,1970,1964,-6
47945.jpg,1970,1734,-236
47950.jpg,1970,1985,15
47955.jpg,1970,1967,-3
47960.jpg,1970,1975,5
47965.jpg,1970,1990,20
47970.jpg,1970,1985,15
47975.jpg,1970,1985,15
47980.jpg,1970,1932,-38
47985.jpg,1970,1960,-10
47990.jpg,1970,1960,-10
47995.jpg,1970,2000,30
48000.jpg,1971,1970,-1
48005.jpg,1971,1972,1
48010.jpg,1971,1970,-1
48020.jpg,1971,1995,24
48025.jpg,1971,1982,11
48030.jpg,1971,2020,49
48035.jpg,1971,1960,-11
48040.jpg,1971,2000,29
48045.jpg,1971,1971,0
48050.jpg,1971,1980,9
48065.jpg,1971,1975,4
48070.jpg,1971,1968,-3
48075.jpg,1971,1960,-11
48080.jpg,1971,1970,-1
48085.jpg,1971,1960,-11
48090.jpg,1971,1981,10
48095.jpg,1971,1858,-113
48100.jpg,1971,2015,44
48105.jpg,1971,2010,39
48110.jpg,1971,1985,14
48115.jpg,1971,1985,14
48120.jpg,1971,1990,19
48130.jpg,1971,1971,0
48135.jpg,1971,1990,19
48140.jpg,1971,2005,34
48145.jpg,1971,2007,36
48150.jpg,1971,1971,0
48155.jpg,1971,1959,-12
48160.jpg,1971,1965,-6
48170.jpg,1971,1953,-18
48175.jpg,1971,1970,-1
48180.jpg,1972,1972,0
48185.jpg,1972,1975,3
48190.jpg,1972,1970,-2
48195.jpg,1972,1972,0
48200.jpg,1972,1975,3
48205.jpg,1972,2000,28
48215.jpg,1972,1955,-17
48220.jpg,1972,1967,-5
48225.jpg,1972,2010,38
48230.jpg,1972,1972,0
48235.jpg,1972,1972,0
48240.jpg,1972,1965,-7
48245.jpg,1972,1972,0
48250.jpg,1972,1989,17
48255.jpg,1972,2003,31
48260.jpg,1972,1965,-7
48265.jpg,1972,1989,17
48270.jpg,1972,1960,-12
48275.jpg,1972,1930,-42
48280.jpg,1972,1978,6
48285.jpg,1972,1930,-42
48290.jpg,1972,1920,-52
48295.jpg,1972,1980,8
48300.jpg,1972,1990,18
48305.jpg,1972,2020,48
48310.jpg,1972,2010,38
48320.jpg,1972,1958,-14
48325.jpg,1972,1960,-12
48330.jpg,1972,1985,13
48335.jpg,1972,1905,-67
48340.jpg,1972,1973,1
48345.jpg,1972,1960,-12
48350.jpg,1972,1965,-7
48355.jpg,1972,1970,-2
48360.jpg,1973,1965,-8
48365.jpg,1973,1989,16
48370.jpg,1973,2011,38
48375.jpg,1973,1975,2
48380.jpg,1973,1985,12
48385.jpg,1973,2010,37
48390.jpg,1973,1980,7
48395.jpg,1973,1975,2
48400.jpg,1973,1990,17
48405.jpg,1973,1980,7
48410.jpg,1973,1930,-43
48415.jpg,1973,2015,42
48420.jpg,1973,1995,22
48425.jpg,1973,1970,-3
48430.jpg,1973,1970,-3
48435.jpg,1973,1974,1
48440.jpg,1973,1975,2
48445.jpg,1973,1985,12
48450.jpg,1973,1964,-9
48455.jpg,1973,1973,0
48465.jpg,1973,2010,37
48475.jpg,1973,1975,2
48480.jpg,1973,1988,15
48490.jpg,1973,1980,7
48495.jpg,1973,1985,12
48500.jpg,1973,1885,-88
48505.jpg,1973,1965,-8
48510.jpg,1973,1990,17
48515.jpg,1973,2023,50
48525.jpg,1973,1974,1
48530.jpg,1974,1980,6
48535.jpg,1974,2010,36
48540.jpg,1974,2019,45
48545.jpg,1974,1974,0
48550.jpg,1974,1975,1
48555.jpg,1974,2014,40
48560.jpg,1974,1985,11
48565.jpg,1974,1980,6
48570.jpg,1974,1985,11
48575.jpg,1974,1970,-4
48580.jpg,1974,1985,11
48585.jpg,1974,1971,-3
48590.jpg,1974,1970,-4
48595.jpg,1974,1989,15
48600.jpg,1974,1960,-14
48605.jpg,1974,1965,-9
48610.jpg,1974,2004,30
48615.jpg,1974,2004,30
48620.jpg,1974,1988,14
48625.jpg,1974,1907,-67
48630.jpg,1974,1980,6
48635.jpg,1974,1985,11
48640.jpg,1974,1645,-329
48650.jpg,1974,1974,0
48670.jpg,1974,2005,31
48675.jpg,1974,1975,1
48680.jpg,1974,1985,11
48685.jpg,1974,1980,6
48690.jpg,1974,2000,26
48695.jpg,1974,1937,-37
48700.jpg,1974,1977,3
48705.jpg,1974,1975,1
48710.jpg,1974,1998,24
48715.jpg,1974,1974,0
48720.jpg,1974,1990,16
48725.jpg,1974,1880,-94
48735.jpg,1975,1993,18
48740.jpg,1975,2005,30
48745.jpg,1975,1975,0
48750.jpg,1975,1975,0
48755.jpg,1975,2002,27
48760.jpg,1975,1999,24
48765.jpg,1975,1990,15
48770.jpg,1975,1990,15
48775.jpg,1975,1955,-20
48780.jpg,1975,1993,18
48785.jpg,1975,1965,-10
48790.jpg,1975,1982,7
48795.jpg,1975,2010,35
48800.jpg,1975,1975,0
48805.jpg,1975,1975,0
48810.jpg,1975,2020,45
48815.jpg,1975,1980,5
48820.jpg,1975,1975,0
48825.jpg,1975,1950,-25
48830.jpg,1975,1968,-7
48835.jpg,1975,2000,25
48840.jpg,1975,1960,-15
48845.jpg,1975,2019,44
48850.jpg,1975,2005,30
48855.jpg,1975,2015,40
48860.jpg,1975,2015,40
48865.jpg,1975,1988,13
48870.jpg,1975,1978,3
48875.jpg,1975,1980,5
48880.jpg,1975,2010,35
48885.jpg,1975,2009,34
48890.jpg,1975,1990,15
48895.jpg,1975,2010,35
48900.jpg,1976,1930,-46
48905.jpg,1976,1980,4
48910.jpg,1976,1975,-1
48915.jpg,1976,1960,-16
48920.jpg,1976,1976,0
48925.jpg,1976,2023,47
48930.jpg,1976,2013,37
48940.jpg,1976,1985,9
48945.jpg,1976,1972,-4
48950.jpg,1976,2015,39
48955.jpg,1976,1970,-6
48960.jpg,1976,1980,4
48965.jpg,1976,1970,-6
48970.jpg,1976,1976,0
48975.jpg,1976,1989,13
48985.jpg,1976,2007,31
48990.jpg,1976,1978,2
49000.jpg,1976,1630,-346
49020.jpg,1976,1986,10
49030.jpg,1976,1985,9
49035.jpg,1976,1990,14
49040.jpg,1976,1975,-1
49045.jpg,1976,1988,12
49050.jpg,1976,1985,9
49060.jpg,1976,1944,-32
49065.jpg,1976,2010,34
49070.jpg,1976,1974,-2
49075.jpg,1976,1985,9
49080.jpg,1976,1967,-9
49085.jpg,1976,1985,9
49090.jpg,1976,1980,4
49095.jpg,1977,1975,-2
49100.jpg,1977,1900,-77
49105.jpg,1977,1990,13
49110.jpg,1977,1930,-47
49115.jpg,1977,1995,18
49120.jpg,1977,1970,-7
49125.jpg,1977,1985,8
49130.jpg,1977,1946,-31
49135.jpg,1977,1971,-6
49140.jpg,1977,1955,-22
49145.jpg,1977,1978,1
49150.jpg,1977,1975,-2
49155.jpg,1977,1975,-2
49160.jpg,1977,2007,30
49165.jpg,1977,2005,28
49170.jpg,1977,1920,-57
49175.jpg,1977,1925,-52
49180.jpg,1977,1967,-10
49185.jpg,1977,2002,25
49190.jpg,1977,2023,46
49195.jpg,1977,1990,13
49205.jpg,1977,2013,36
49210.jpg,1977,1980,3
49215.jpg,1977,1980,3
49220.jpg,1977,2005,28
49225.jpg,1977,1975,-2
49230.jpg,1977,1990,13
49235.jpg,1977,1977,0
49240.jpg,1977,1980,3
49250.jpg,1977,2005,28
49255.jpg,1977,1950,-27
49260.jpg,1978,1995,17
49265.jpg,1978,1978,0
49270.jpg,1978,1985,7
49280.jpg,1978,2004,26
49285.jpg,1978,1975,-3
49290.jpg,1978,1920,-58
49295.jpg,1978,2010,32
49305.jpg,1978,1970,-8
49310.jpg,1978,2010,32
49315.jpg,1978,2000,22
49320.jpg,1978,1995,17
49325.jpg,1978,1966,-12
49330.jpg,1978,2010,32
49335.jpg,1978,1962,-16
49340.jpg,1978,1910,-68
49345.jpg,1978,1979,1
49350.jpg,1978,1980,2
49355.jpg,1978,2000,22
49360.jpg,1978,1985,7
49365.jpg,1978,2005,27
49370.jpg,1978,1978,0
49375.jpg,1978,1985,7
49385.jpg,1978,1995,17
49390.jpg,1978,1950,-28
49395.jpg,1978,1975,-3
49400.jpg,1978,1975,-3
49405.jpg,1979,1964,-15
49410.jpg,1979,1985,6
49415.jpg,1979,1988,9
49420.jpg,1979,1952,-27
49425.jpg,1979,1980,1
49430.jpg,1979,2015,36
49435.jpg,1979,1922,-57
49440.jpg,1979,1975,-4
49445.jpg,1979,1990,11
49450.jpg,1979,1985,6
49455.jpg,1979,1978,-1
49460.jpg,1979,2008,29
49465.jpg,1979,1885,-94
49470.jpg,1979,1975,-4
49475.jpg,1979,1973,-6
49480.jpg,1979,1910,-69
49485.jpg,1979,1935,-44
49490.jpg,1979,1960,-19
49495.jpg,1979,1850,-129
49500.jpg,1979,2013,34
49505.jpg,1979,2010,31
49510.jpg,1979,1970,-9
49515.jpg,1979,1980,1
49525.jpg,1979,1980,1
49530.jpg,1979,1985,6
49535.jpg,1979,1985,6
49540.jpg,1979,2000,21
49545.jpg,1979,1970,-9
49550.jpg,1979,1984,5
49555.jpg,1979,1980,1
49560.jpg,1979,1975,-4
49565.jpg,1980,1980,0
49570.jpg,1980,1870,-110
49585.jpg,1980,1980,0
49590.jpg,1980,1980,0
49595.jpg,1980,1970,-10
49600.jpg,1980,1970,-10
49605.jpg,1980,1925,-55
49610.jpg,1980,1995,15
49615.jpg,1980,2010,30
49620.jpg,1980,1970,-10
49625.jpg,1980,1990,10
49630.jpg,1980,1972,-8
49635.jpg,1980,2010,30
49640.jpg,1980,1880,-100
49645.jpg,1980,1989,9
49650.jpg,1980,1985,5
49655.jpg,1980,1980,0
49660.jpg,1980,1990,10
49665.jpg,1980,2005,25
49675.jpg,1980,1981,1
49680.jpg,1980,1985,5
49685.jpg,1980,2007,27
49690.jpg,1980,1990,10
49695.jpg,1980,1985,5
49700.jpg,1980,1988,8
49705.jpg,1980,1975,-5
49710.jpg,1981,2008,27
49715.jpg,1981,2008,27
49720.jpg,1981,1990,9
49725.jpg,1981,1970,-11
49735.jpg,1981,1938,-43
49740.jpg,1981,1975,-6
49745.jpg,1981,1985,4
49750.jpg,1981,2000,19
49755.jpg,1981,1984,3
49760.jpg,1981,1985,4
49770.jpg,1981,1978,-3
49775.jpg,1981,1965,-16
49780.jpg,1981,1985,4
49785.jpg,1981,1929,-52
49790.jpg,1981,1990,9
49795.jpg,1981,1985,4
49800.jpg,1981,1990,9
49805.jpg,1981,1970,-11
49810.jpg,1981,1980,-1
49815.jpg,1981,1981,0
49820.jpg,1981,1828,-153
49825.jpg,1981,2005,24
49830.jpg,1981,1975,-6
49835.jpg,1981,1980,-1
49840.jpg,1981,1880,-101
49845.jpg,1981,1991,10
49850.jpg,1981,2010,29
49860.jpg,1981,1985,4
49865.jpg,1981,2003,22
49875.jpg,1981,1985,4
49880.jpg,1981,2005,24
49885.jpg,1981,2005,24
49890.jpg,1981,1970,-11
49895.jpg,1981,1970,-11
49900.jpg,1981,2000,19
49905.jpg,1981,1981,0
49910.jpg,1981,2000,19
49915.jpg,1981,1975,-6
49920.jpg,1982,2010,28
49925.jpg,1982,2010,28
49930.jpg,1982,1992,10
49935.jpg,1982,2009,27
49940.jpg,1982,1985,3
49945.jpg,1982,1975,-7
49950.jpg,1982,2020,38
49955.jpg,1982,1970,-12
49960.jpg,1982,1985,3
49965.jpg,1982,1970,-12
49975.jpg,1982,1961,-21
49980.jpg,1982,2010,28
49985.jpg,1982,1988,6
49990.jpg,1982,1985,3
49995.jpg,1982,1975,-7
50000.jpg,1982,2018,36
50005.jpg,1982,2014,32
50010.jpg,1982,1987,5
50015.jpg,1982,1970,-12
50020.jpg,1982,1977,-5
50025.jpg,1982,1980,-2
50030.jpg,1982,1988,6
50035.jpg,1982,1982,0
50040.jpg,1982,1990,8
50045.jpg,1982,1982,0
50050.jpg,1982,1975,-7
50055.jpg,1982,1980,-2
50060.jpg,1982,1985,3
50065.jpg,1982,1910,-72
50070.jpg,1982,1970,-12
50075.jpg,1982,1965,-17
50080.jpg,1982,1904,-78
50095.jpg,1982,1932,-50
50100.jpg,1982,1700,-282
50105.jpg,1982,1980,-2
50110.jpg,1982,1885,-97
50115.jpg,1982,1995,13
50120.jpg,1982,1985,3
50145.jpg,1982,1927,-55
50150.jpg,1982,1975,-7
50155.jpg,1982,1982,0
50160.jpg,1983,1830,-153
50165.jpg,1983,1985,2
50170.jpg,1983,2023,40
50175.jpg,1983,1968,-15
50185.jpg,1983,1895,-88
50190.jpg,1983,1983,0
50195.jpg,1983,1983,0
50200.jpg,1983,1983,0
50205.jpg,1983,1985,2
50210.jpg,1983,1980,-3
50220.jpg,1983,1985,2
50225.jpg,1983,1980,-3
50230.jpg,1983,1985,2
50235.jpg,1983,1985,2
50240.jpg,1983,1984,1
50245.jpg,1983,1985,2
50250.jpg,1983,1985,2
50255.jpg,1983,1981,-2
50260.jpg,1983,2018,35
50270.jpg,1983,1970,-13
50275.jpg,1983,1970,-13
50280.jpg,1983,2010,27
50285.jpg,1983,1983,0
50290.jpg,1983,2005,22
50295.jpg,1983,1980,-3
50300.jpg,1983,1980,-3
50305.jpg,1983,2000,17
50310.jpg,1983,1983,0
50315.jpg,1983,1895,-88
50320.jpg,1983,1975,-8
50325.jpg,1983,1955,-28
50330.jpg,1983,1990,7
50335.jpg,1983,1980,-3
50340.jpg,1983,2010,27
50345.jpg,1983,1983,0
50350.jpg,1983,1985,2
50355.jpg,1983,1980,-3
50360.jpg,1983,1985,2
50365.jpg,1983,1973,-10
50370.jpg,1983,1983,0
50375.jpg,1983,1965,-18
50380.jpg,1983,2010,27
50385.jpg,1983,1960,-23
50390.jpg,1984,1984,0
50395.jpg,1984,1927,-57
50400.jpg,1984,2000,16
50405.jpg,1984,1975,-9
50410.jpg,1984,1980,-4
50415.jpg,1984,2005,21
50420.jpg,1984,2005,21
50425.jpg,1984,1984,0
50430.jpg,1984,1950,-34
50435.jpg,1984,1965,-19
50440.jpg,1984,1980,-4
50445.jpg,1984,1991,7
50450.jpg,1984,1985,1
50455.jpg,1984,1990,6
50465.jpg,1984,1985,1
50470.jpg,1984,1989,5
50475.jpg,1984,2007,23
50480.jpg,1984,1985,1
50485.jpg,1984,1980,-4
50490.jpg,1984,1920,-64
50495.jpg,1984,1984,0
50500.jpg,1984,1925,-59
50505.jpg,1984,1984,0
50515.jpg,1984,2006,22
50520.jpg,1984,1995,11
50525.jpg,1984,1985,1
50530.jpg,1984,1900,-84
50535.jpg,1984,1990,6
50540.jpg,1984,1984,0
50545.jpg,1984,1990,6
50550.jpg,1984,1990,6
50555.jpg,1984,1983,-1
50560.jpg,1984,1950,-34
50565.jpg,1984,1975,-9
50570.jpg,1984,1982,-2
50575.jpg,1984,2005,21
50580.jpg,1985,1820,-165
50585.jpg,1985,1986,1
50595.jpg,1985,1920,-65
50600.jpg,1985,1995,10
50605.jpg,1985,2011,26
50610.jpg,1985,1982,-3
50615.jpg,1985,1987,2
50620.jpg,1985,1990,5
50630.jpg,1985,1983,-2
50635.jpg,1985,1985,0
50640.jpg,1985,1984,-1
50645.jpg,1985,1990,5
50650.jpg,1985,2010,25
50655.jpg,1985,1973,-12
50660.jpg,1985,1985,0
50665.jpg,1985,1987,2
50670.jpg,1985,1985,0
50675.jpg,1985,2000,15
50680.jpg,1985,1970,-15
50685.jpg,1985,1970,-15
50690.jpg,1985,2010,25
50695.jpg,1985,1985,0
50700.jpg,1985,1999,14
50705.jpg,1985,1930,-55
50710.jpg,1985,1930,-55
50715.jpg,1985,1990,5
50720.jpg,1985,1800,-185
50730.jpg,1985,1980,-5
50735.jpg,1985,2007,22
50740.jpg,1985,1985,0
50745.jpg,1985,1988,3
50750.jpg,1985,1980,-5
50755.jpg,1985,2010,25
50760.jpg,1985,1970,-15
50765.jpg,1985,1989,4
50770.jpg,1985,1970,-15
50775.jpg,1985,1982,-3
50780.jpg,1986,1989,3
50785.jpg,1986,1975,-11
50790.jpg,1986,1965,-21
50795.jpg,1986,1986,0
50800.jpg,1986,1985,-1
50805.jpg,1986,1990,4
50810.jpg,1986,1985,-1
50815.jpg,1986,1995,9
50820.jpg,1986,1985,-1
50830.jpg,1986,1985,-1
50835.jpg,1986,1992,6
50840.jpg,1986,1986,0
50845.jpg,1986,1986,0
50850.jpg,1986,1986,0
50855.jpg,1986,1991,5
50860.jpg,1986,1980,-6
50865.jpg,1986,1846,-140
50870.jpg,1986,1990,4
50885.jpg,1986,1975,-11
50890.jpg,1986,1985,-1
50895.jpg,1986,2020,34
50900.jpg,1986,1950,-36
50905.jpg,1986,1987,1
50910.jpg,1986,2000,14
50915.jpg,1986,1995,9
50920.jpg,1986,1942,-44
50925.jpg,1986,1788,-198
50930.jpg,1986,1969,-17
50935.jpg,1986,1970,-16
50940.jpg,1986,1930,-56
50945.jpg,1986,1985,-1
50950.jpg,1986,1990,4
50955.jpg,1986,1990,4
50960.jpg,1986,1988,2
50965.jpg,1986,1990,4
50970.jpg,1986,2001,15
50975.jpg,1986,1980,-6
50980.jpg,1986,1990,4
50985.jpg,1986,1973,-13
50990.jpg,1987,1850,-137
50995.jpg,1987,1992,5
51000.jpg,1987,2000,13
51010.jpg,1987,2010,23
51015.jpg,1987,1990,3
51020.jpg,1987,1985,-2
51025.jpg,1987,1999,12
51030.jpg,1987,2000,13
51035.jpg,1987,1993,6
51040.jpg,1987,1985,-2
51045.jpg,1987,1969,-18
51050.jpg,1987,1983,-4
51055.jpg,1987,1984,-3
51060.jpg,1987,1985,-2
51065.jpg,1987,2005,18
51070.jpg,1987,1970,-17
51075.jpg,1987,1999,12
51080.jpg,1987,1985,-2
51085.jpg,1987,1992,5
51090.jpg,1987,1990,3
51095.jpg,1987,1990,3
51100.jpg,1987,1990,3
51105.jpg,1987,2005,18
51110.jpg,1987,1975,-12
51115.jpg,1987,2000,13
51120.jpg,1987,2000,13
51125.jpg,1987,1750,-237
51130.jpg,1987,1900,-87
51135.jpg,1987,1978,-9
51140.jpg,1987,1985,-2
51145.jpg,1987,1987,0
51155.jpg,1987,1987,0
51165.jpg,1987,2005,18
51170.jpg,1987,1930,-57
51175.jpg,1987,1963,-24
51180.jpg,1987,2010,23
51200.jpg,1988,2005,17
51205.jpg,1988,2000,12
51210.jpg,1988,1995,7
51215.jpg,1988,2005,17
51220.jpg,1988,2010,22
51225.jpg,1988,1980,-8
51240.jpg,1988,1985,-3
51245.jpg,1988,1999,11
51250.jpg,1988,1985,-3
51255.jpg,1988,1988,0
51260.jpg,1988,1982,-6
51265.jpg,1988,1990,2
51270.jpg,1988,1990,2
51275.jpg,1988,1974,-14
51280.jpg,1988,1990,2
51285.jpg,1988,1992,4
51290.jpg,1988,1984,-4
51295.jpg,1988,1987,-1
51300.jpg,1988,1960,-28
51305.jpg,1988,1970,-18
51310.jpg,1988,2000,12
51315.jpg,1988,1980,-8
51320.jpg,1988,1971,-17
51330.jpg,1988,1880,-108
51335.jpg,1988,1929,-59
51340.jpg,1988,1985,-3
51345.jpg,1988,1902,-86
51350.jpg,1988,1910,-78
51355.jpg,1988,1970,-18
51360.jpg,1988,1988,0
51365.jpg,1988,1990,2
51370.jpg,1988,1985,-3
51375.jpg,1988,1913,-75
51380.jpg,1988,1985,-3
51385.jpg,1988,1982,-6
51390.jpg,1988,2010,22
51395.jpg,1988,1980,-8
51400.jpg,1988,1988,0
51405.jpg,1988,1985,-3
51410.jpg,1989,2020,31
51415.jpg,1989,1999,10
51420.jpg,1989,1989,0
51425.jpg,1989,2010,21
51430.jpg,1989,2018,29
51435.jpg,1989,1970,-19
51440.jpg,1989,1950,-39
51445.jpg,1989,1924,-65
51455.jpg,1989,1970,-19
51460.jpg,1989,1990,1
51470.jpg,1989,2010,21
51475.jpg,1989,2013,24
51480.jpg,1989,1986,-3
51485.jpg,1989,1990,1
51490.jpg,1989,1985,-4
51495.jpg,1989,2015,26
51500.jpg,1989,1970,-19
51505.jpg,1989,1973,-16
51510.jpg,1989,1985,-4
51515.jpg,1989,1985,-4
51520.jpg,1989,1985,-4
51525.jpg,1989,1920,-69
51530.jpg,1989,1995,6
51535.jpg,1989,1991,2
51540.jpg,1989,1985,-4
51545.jpg,1989,1929,-60
51550.jpg,1989,1920,-69
51555.jpg,1989,2001,12
51560.jpg,1989,1955,-34
51565.jpg,1989,1925,-64
51575.jpg,1989,1988,-1
51580.jpg,1989,1450,-539
51585.jpg,1989,1980,-9
51590.jpg,1989,1989,0
51595.jpg,1989,1988,-1
51600.jpg,1989,1980,-9
51605.jpg,1990,1890,-100
51610.jpg,1990,1990,0
51615.jpg,1990,1989,-1
51620.jpg,1990,1998,8
51625.jpg,1990,1901,-89
51630.jpg,1990,2007,17
51635.jpg,1990,1965,-25
51640.jpg,1990,1989,-1
51645.jpg,1990,1992,2
51650.jpg,1990,1998,8
51655.jpg,1990,1990,0
51660.jpg,1990,1996,6
51670.jpg,1990,1987,-3
51675.jpg,1990,1990,0
51680.jpg,1990,1991,1
51685.jpg,1990,1991,1
51690.jpg,1990,1985,-5
51695.jpg,1990,1987,-3
51700.jpg,1990,1976,-14
51705.jpg,1990,1985,-5
51710.jpg,1990,1990,0
51715.jpg,1990,1970,-20
51720.jpg,1990,1990,0
51725.jpg,1990,2005,15
51730.jpg,1990,2004,14
51735.jpg,1990,1970,-20
51740.jpg,1990,1970,-20
51745.jpg,1990,1996,6
51755.jpg,1990,1958,-32
51760.jpg,1990,1925,-65
51765.jpg,1990,1900,-90
51770.jpg,1990,1995,5
51775.jpg,1990,2010,20
51780.jpg,1990,1985,-5
51785.jpg,1990,1920,-70
51795.jpg,1990,2023,33
51805.jpg,1990,1990,0
51810.jpg,1990,2004,14
51815.jpg,1990,1990,0
51820.jpg,1990,1992,2
51825.jpg,1990,2010,20
51830.jpg,1990,1975,-15
51840.jpg,1991,1890,-101
51845.jpg,1991,2011,20
51850.jpg,1991,2004,13
51860.jpg,1991,1976,-15
51865.jpg,1991,1996,5
51870.jpg,1991,1992,1
51875.jpg,1991,1985,-6
51885.jpg,1991,1939,-52
51890.jpg,1991,1980,-11
51895.jpg,1991,1980,-11
51905.jpg,1991,1991,0
51910.jpg,1991,1990,-1
51920.jpg,1991,1992,1
51925.jpg,1991,2010,19
51930.jpg,1991,1991,0
51935.jpg,1991,1980,-11
51940.jpg,1991,1990,-1
51945.jpg,1991,1990,-1
51950.jpg,1991,1975,-16
51955.jpg,1991,1990,-1
51960.jpg,1991,1980,-11
51965.jpg,1991,1970,-21
51970.jpg,1991,1991,0
51975.jpg,1991,1984,-7
51980.jpg,1991,1845,-146
51985.jpg,1991,1914,-77
51990.jpg,1991,2010,19
51995.jpg,1991,1990,-1
52000.jpg,1991,1920,-71
52015.jpg,1991,1990,-1
52020.jpg,1991,1985,-6
52025.jpg,1991,1988,-3
52035.jpg,1991,1990,-1
52040.jpg,1991,1985,-6
52045.jpg,1991,1997,6
52060.jpg,1991,1991,0
52065.jpg,1992,2000,8
52070.jpg,1992,1992,0
52075.jpg,1992,1970,-22
52080.jpg,1992,1992,0
52085.jpg,1992,1998,6
52090.jpg,1992,2010,18
52095.jpg,1992,1992,0
52100.jpg,1992,2003,11
52105.jpg,1992,1998,6
52110.jpg,1992,1980,-12
52115.jpg,1992,1985,-7
52120.jpg,1992,1991,-1
52125.jpg,1992,2000,8
52130.jpg,1992,1992,0
52135.jpg,1992,1987,-5
52140.jpg,1992,1992,0
52145.jpg,1992,1999,7
52150.jpg,1992,1980,-12
52155.jpg,1992,1975,-17
52160.jpg,1992,1991,-1
52165.jpg,1992,1987,-5
52170.jpg,1992,1989,-3
52175.jpg,1992,1990,-2
52180.jpg,1992,1984,-8
52185.jpg,1992,1995,3
52190.jpg,1992,1992,0
52195.jpg,1992,1992,0
52200.jpg,1992,2007,15
52205.jpg,1992,1975,-17
52210.jpg,1992,1965,-27
52215.jpg,1992,1989,-3
52220.jpg,1992,1972,-20
52225.jpg,1992,1905,-87
52230.jpg,1992,1750,-242
52235.jpg,1992,1905,-87
52240.jpg,1992,2005,13
52245.jpg,1992,1985,-7
52250.jpg,1992,1990,-2
52260.jpg,1992,1977,-15
52270.jpg,1993,1995,2
52275.jpg,1993,1990,-3
52280.jpg,1993,2008,15
52285.jpg,1993,1970,-23
52290.jpg,1993,2005,12
52300.jpg,1993,2005,12
52305.jpg,1993,1986,-7
52310.jpg,1993,2010,17
52315.jpg,1993,1980,-13
52320.jpg,1993,2000,7
52325.jpg,1993,1985,-8
52335.jpg,1993,1995,2
52340.jpg,1993,1985,-8
52345.jpg,1993,1991,-2
52350.jpg,1993,1996,3
52355.jpg,1993,1990,-3
52360.jpg,1993,1999,6
52365.jpg,1993,1997,4
52370.jpg,1993,2005,12
52375.jpg,1993,1990,-3
52380.jpg,1993,1993,0
52385.jpg,1993,1993,0
52390.jpg,1993,2008,15
52395.jpg,1993,1975,-18
52400.jpg,1993,1965,-28
52405.jpg,1993,1985,-8
52410.jpg,1993,1725,-268
52415.jpg,1993,1999,6
52420.jpg,1993,1998,5
52425.jpg,1993,1895,-98
52430.jpg,1993,1997,4
52435.jpg,1993,1990,-3
52440.jpg,1993,1964,-29
52445.jpg,1993,2005,12
52450.jpg,1993,1916,-77
52455.jpg,1993,2008,15
52460.jpg,1993,1990,-3
52465.jpg,1993,1992,-1
52475.jpg,1994,2018,24
52480.jpg,1994,2010,16
52485.jpg,1994,1993,-1
52490.jpg,1994,1975,-19
52495.jpg,1994,1998,4
52505.jpg,1994,2005,11
52510.jpg,1994,1994,0
52515.jpg,1994,1995,1
52525.jpg,1994,1990,-4
52530.jpg,1994,1990,-4
52535.jpg,1994,1995,1
52540.jpg,1994,1994,0
52545.jpg,1994,1998,4
52550.jpg,1994,1985,-9
52555.jpg,1994,1990,-4
52560.jpg,1994,1932,-62
52570.jpg,1994,1980,-14
52575.jpg,1994,2003,9
52580.jpg,1994,1616,-378
52585.jpg,1994,1999,5
52590.jpg,1994,2000,6
52595.jpg,1994,1920,-74
52600.jpg,1994,1950,-44
52605.jpg,1994,1679,-315
52610.jpg,1994,1993,-1
52615.jpg,1994,1884,-110
52620.jpg,1994,2015,21
52625.jpg,1994,1995,1
52630.jpg,1994,2023,29
52635.jpg,1994,1985,-9
52640.jpg,1994,1985,-9
52645.jpg,1994,1965,-29
52650.jpg,1995,2008,13
52655.jpg,1995,1985,-10
52660.jpg,1995,2010,15
52665.jpg,1995,1995,0
52670.jpg,1995,2001,6
52675.jpg,1995,1974,-21
52680.jpg,1995,1990,-5
52685.jpg,1995,1995,0
52690.jpg,1995,1995,0
52695.jpg,1995,1995,0
52700.jpg,1995,2003,8
52705.jpg,1995,1914,-81
52710.jpg,1995,1995,0
52715.jpg,1995,1980,-15
52720.jpg,1995,1991,-4
52725.jpg,1995,2005,10
52730.jpg,1995,1995,0
52735.jpg,1995,1995,0
52740.jpg,1995,1970,-25
52745.jpg,1995,1990,-5
52750.jpg,1995,1995,0
52755.jpg,1995,1981,-14
52760.jpg,1995,1995,0
52765.jpg,1995,1975,-20
52770.jpg,1995,2003,8
52775.jpg,1995,2005,10
52785.jpg,1995,2010,15
52790.jpg,1995,1930,-65
52795.jpg,1995,1995,0
52800.jpg,1995,1900,-95
52805.jpg,1995,1997,2
52810.jpg,1995,1997,2
52815.jpg,1995,2005,10
52820.jpg,1995,1972,-23
52825.jpg,1995,2005,10
52830.jpg,1995,2005,10
52835.jpg,1995,1998,3
52840.jpg,1995,1150,-845
52845.jpg,1996,1900,-96
52850.jpg,1996,2006,10
52855.jpg,1996,2010,14
52860.jpg,1996,1990,-6
52865.jpg,1996,2005,9
52870.jpg,1996,2010,14
52875.jpg,1996,1950,-46
52880.jpg,1996,1935,-61
52885.jpg,1996,2000,4
52890.jpg,1996,1990,-6
52895.jpg,1996,1996,0
52900.jpg,1996,1996,0
52905.jpg,1996,1996,0
52910.jpg,1996,1996,0
52915.jpg,1996,1993,-3
52920.jpg,1996,1990,-6
52925.jpg,1996,1970,-26
52935.jpg,1996,1996,0
52940.jpg,1996,1996,0
52945.jpg,1996,2000,4
52950.jpg,1996,1960,-36
52955.jpg,1996,2000,4
52960.jpg,1996,1995,-1
52965.jpg,1996,2010,14
52970.jpg,1996,2005,9
52980.jpg,1996,1925,-71
52985.jpg,1997,1878,-119
52990.jpg,1997,1973,-24
52995.jpg,1997,1900,-97
53000.jpg,1997,2005,8
53005.jpg,1997,1970,-27
53010.jpg,1997,2006,9
53015.jpg,1997,1999,2
53020.jpg,1997,1997,0
53025.jpg,1997,2002,5
53030.jpg,1997,2007,10
53035.jpg,1997,2010,13
53040.jpg,1997,2010,13
53045.jpg,1997,2000,3
53050.jpg,1997,2007,10
53055.jpg,1997,1990,-7
53060.jpg,1997,2000,3
53065.jpg,1997,1992,-5
53070.jpg,1997,1985,-12
53075.jpg,1997,2000,3
53080.jpg,1997,1990,-7
53085.jpg,1997,1970,-27
53090.jpg,1997,1990,-7
53095.jpg,1997,2005,8
53100.jpg,1997,1999,2
53105.jpg,1997,2010,13
53110.jpg,1997,2015,18
53115.jpg,1997,1998,1
53120.jpg,1997,1981,-16
53125.jpg,1997,2010,13
53130.jpg,1997,1962,-35
53135.jpg,1997,1990,-7
53140.jpg,1997,1999,2
53145.jpg,1997,1940,-57
53150.jpg,1997,2010,13
53155.jpg,1997,1793,-204
53165.jpg,1997,1918,-79
53170.jpg,1997,2000,3
53175.jpg,1997,1985,-12
53180.jpg,1997,1990,-7
53185.jpg,1997,1990,-7
53190.jpg,1997,1985,-12
53195.jpg,1997,1593,-404
53200.jpg,1997,2005,8
53205.jpg,1997,2005,8
53210.jpg,1997,1999,2
53215.jpg,1997,2000,3
53220.jpg,1997,2000,3
53225.jpg,1997,2010,13
53230.jpg,1997,1985,-12
53235.jpg,1998,1903,-95
53240.jpg,1998,1998,0
53245.jpg,1998,1950,-48
53250.jpg,1998,2005,7
53255.jpg,1998,1994,-4
53260.jpg,1998,1937,-61
53265.jpg,1998,1960,-38
53270.jpg,1998,1998,0
53275.jpg,1998,1998,0
53280.jpg,1998,1990,-8
53285.jpg,1998,1914,-84
53290.jpg,1998,1990,-8
53300.jpg,1998,2005,7
53305.jpg,1998,1990,-8
53310.jpg,1998,1998,0
53315.jpg,1998,1990,-8
53325.jpg,1998,1996,-2
53330.jpg,1998,2000,2
53335.jpg,1998,1990,-8
53340.jpg,1998,2001,3
53345.jpg,1998,1981,-17
53350.jpg,1998,1995,-3
53355.jpg,1998,2000,2
53365.jpg,1998,1997,-1
53370.jpg,1998,2000,2
53375.jpg,1998,2000,2
53380.jpg,1998,1984,-14
53385.jpg,1998,1730,-268
53390.jpg,1998,1720,-278
53395.jpg,1998,1999,1
53400.jpg,1998,1970,-28
53405.jpg,1998,2002,4
53410.jpg,1998,1980,-18
53415.jpg,1998,1985,-13
53420.jpg,1998,1990,-8
53425.jpg,1998,1998,0
53435.jpg,1998,2010,12
53440.jpg,1998,1995,-3
53445.jpg,1998,1998,0
53450.jpg,1998,1993,-5
53455.jpg,1999,1868,-131
53460.jpg,1999,1990,-9
53465.jpg,1999,2014,15
53470.jpg,1999,2005,6
53475.jpg,1999,2005,6
53480.jpg,1999,1988,-11
53485.jpg,1999,2000,1
53490.jpg,1999,2006,7
53495.jpg,1999,2011,12
53505.jpg,1999,1925,-74
53510.jpg,1999,2000,1
53515.jpg,1999,2010,11
53520.jpg,1999,2012,13
53525.jpg,1999,1988,-11
53530.jpg,1999,1985,-14
53535.jpg,1999,1990,-9
53540.jpg,1999,1991,-8
53545.jpg,1999,2005,6
53550.jpg,1999,1999,0
53555.jpg,1999,1999,0
53560.jpg,1999,1990,-9
53565.jpg,1999,2006,7
53570.jpg,1999,1990,-9
53575.jpg,1999,1975,-24
53580.jpg,1999,1985,-14
53585.jpg,1999,1990,-9
53590.jpg,1999,1990,-9
53595.jpg,1999,2000,1
53600.jpg,1999,1990,-9
53605.jpg,1999,2005,6
53610.jpg,1999,2003,4
53615.jpg,1999,1970,-29
53620.jpg,1999,1999,0
53625.jpg,1999,1999,0
53630.jpg,1999,1983,-16
53635.jpg,1999,2000,1
53650.jpg,1999,1990,-9
53655.jpg,1999,1999,0
53660.jpg,1999,2010,11
53665.jpg,1999,2005,6
53670.jpg,1999,2000,1
53675.jpg,1999,1999,0
53680.jpg,1999,2001,2
53685.jpg,1999,1920,-79
53690.jpg,2000,1938,-62
53700.jpg,2000,1990,-10
53705.jpg,2000,1999,-1
53710.jpg,2000,1988,-12
53715.jpg,2000,2010,10
53720.jpg,2000,2000,0
53725.jpg,2000,1973,-27
53730.jpg,2000,2000,0
53735.jpg,2000,2000,0
53740.jpg,2000,2000,0
53745.jpg,2000,1925,-75
53755.jpg,2000,1995,-5
53760.jpg,2000,1990,-10
53765.jpg,2000,2009,9
53770.jpg,2000,2009,9
53775.jpg,2000,1965,-35
53780.jpg,2000,1995,-5
53785.jpg,2000,1991,-9
53790.jpg,2000,1964,-36
53795.jpg,2000,1919,-81
53800.jpg,2000,2000,0
53805.jpg,2000,2003,3
53810.jpg,2000,1999,-1
53815.jpg,2000,2000,0
53820.jpg,2000,2003,3
53830.jpg,2000,1930,-70
53835.jpg,2000,2000,0
53840.jpg,2000,2004,4
53845.jpg,2000,2010,10
53850.jpg,2000,1872,-128
53855.jpg,2000,1990,-10
53860.jpg,2000,2000,0
53865.jpg,2000,2005,5
53870.jpg,2000,1990,-10
53875.jpg,2000,1970,-30
53880.jpg,2000,2000,0
53885.jpg,2000,2000,0
53890.jpg,2000,1999,-1
53895.jpg,2000,2000,0
53905.jpg,2001,2000,-1
53910.jpg,2001,2001,0
53915.jpg,2001,2001,0
53920.jpg,2001,2004,3
53925.jpg,2001,2005,4
53930.jpg,2001,2010,9
53935.jpg,2001,1985,-16
53940.jpg,2001,2000,-1
53945.jpg,2001,2005,4
53950.jpg,2001,2010,9
53955.jpg,2001,2000,-1
53960.jpg,2001,2010,9
53965.jpg,2001,2001,0
53970.jpg,2001,2001,0
53975.jpg,2001,2002,1
53980.jpg,2001,2000,-1
53985.jpg,2001,1995,-6
53990.jpg,2001,1971,-30
53995.jpg,2001,1900,-101
54000.jpg,2001,2010,9
54005.jpg,2001,1990,-11
54010.jpg,2001,1991,-10
54015.jpg,2001,1985,-16
54020.jpg,2001,1990,-11
54025.jpg,2001,2001,0
54030.jpg,2001,2010,9
54035.jpg,2001,2010,9
54040.jpg,2001,2000,-1
54045.jpg,2001,2005,4
54050.jpg,2001,1999,-2
54055.jpg,2001,1997,-4
54060.jpg,2001,1958,-43
54065.jpg,2001,1970,-31
54070.jpg,2001,2002,1
54075.jpg,2001,2010,9
54085.jpg,2001,2010,9
54090.jpg,2001,2005,4
54095.jpg,2001,2005,4
54100.jpg,2001,2008,7
54105.jpg,2001,2001,0
54110.jpg,2001,2010,9
54120.jpg,2001,2006,5
54125.jpg,2001,2010,9
54130.jpg,2001,1983,-18
54135.jpg,2001,2010,9
54140.jpg,2001,2010,9
54145.jpg,2001,1985,-16
54150.jpg,2001,2008,7
54155.jpg,2001,1920,-81
54160.jpg,2001,2005,4
54165.jpg,2001,2000,-1
54170.jpg,2001,2010,9
54180.jpg,2002,1930,-72
54185.jpg,2002,2010,8
54190.jpg,2002,2002,0
54195.jpg,2002,2010,8
54200.jpg,2002,1980,-22
54205.jpg,2002,2010,8
54210.jpg,2002,2000,-2
54215.jpg,2002,2002,0
54220.jpg,2002,2006,4
54225.jpg,2002,1994,-8
54230.jpg,2002,2002,0
54235.jpg,2002,2002,0
54240.jpg,2002,2002,0
54245.jpg,2002,2002,0
54250.jpg,2002,2005,3
54255.jpg,2002,1925,-77
54260.jpg,2002,2005,3
54265.jpg,2002,2000,-2
54270.jpg,2002,2000,-2
54275.jpg,2002,1934,-68
54280.jpg,2002,2002,0
54285.jpg,2002,2009,7
54290.jpg,2002,2000,-2
54295.jpg,2002,1970,-32
54300.jpg,2002,2005,3
54305.jpg,2002,2002,0
54310.jpg,2002,1990,-12
54315.jpg,2002,2014,12
54320.jpg,2002,1900,-102
54330.jpg,2002,1920,-82
54335.jpg,2002,1960,-42
54340.jpg,2002,2010,8
54345.jpg,2002,2000,-2
54355.jpg,2002,2000,-2
54360.jpg,2002,2005,3
54365.jpg,2002,2000,-2
54370.jpg,2002,2005,3
54375.jpg,2002,2002,0
54385.jpg,2002,2010,8
54390.jpg,2002,2005,3
54395.jpg,2002,1990,-12
54400.jpg,2002,2010,8
54405.jpg,2003,2005,2
54410.jpg,2003,2020,17
54415.jpg,2003,2003,0
54425.jpg,2003,2000,-3
54430.jpg,2003,2003,0
54435.jpg,2003,2010,7
54440.jpg,2003,2010,7
54445.jpg,2003,2003,0
54450.jpg,2003,2011,8
54460.jpg,2003,2010,7
54465.jpg,2003,2005,2
54470.jpg,2003,2007,4
54475.jpg,2003,2003,0
54480.jpg,2003,2005,2
54485.jpg,2003,2005,2
54490.jpg,2003,2004,1
54495.jpg,2003,1998,-5
54500.jpg,2003,2005,2
54505.jpg,2003,2010,7
54510.jpg,2003,1994,-9
54515.jpg,2003,1960,-43
54520.jpg,2003,1892,-111
54525.jpg,2003,2007,4
54530.jpg,2003,1985,-18
54535.jpg,2003,2003,0
54540.jpg,2003,2005,2
54545.jpg,2003,1907,-96
54550.jpg,2003,2003,0
54555.jpg,2003,1600,-403
54560.jpg,2003,2022,19
54565.jpg,2003,2018,15
54570.jpg,2003,2014,11
54575.jpg,2003,2015,12
54580.jpg,2003,2005,2
54585.jpg,2003,2003,0
54590.jpg,2003,1995,-8
54595.jpg,2003,1990,-13
54600.jpg,2003,1970,-33
54605.jpg,2004,2004,0
54610.jpg,2004,2003,-1
54620.jpg,2004,2010,6
54625.jpg,2004,1990,-14
54630.jpg,2004,2004,0
54635.jpg,2004,2000,-4
54640.jpg,2004,2010,6
54645.jpg,2004,2004,0
54650.jpg,2004,2000,-4
54655.jpg,2004,1965,-39
54660.jpg,2004,2000,-4
54665.jpg,2004,2000,-4
54670.jpg,2004,2000,-4
54675.jpg,2004,2010,6
54680.jpg,2004,2005,1
54685.jpg,2004,1985,-19
54690.jpg,2004,1960,-44
54695.jpg,2004,1985,-19
54700.jpg,2004,2020,16
54705.jpg,2004,2008,4
54710.jpg,2004,1997,-7
54715.jpg,2004,2003,-1
54720.jpg,2004,2004,0
54725.jpg,2004,2003,-1
54730.jpg,2004,2000,-4
54735.jpg,2004,2010,6
54740.jpg,2004,2004,0
54745.jpg,2004,2013,9
54750.jpg,2004,1925,-79
54760.jpg,2004,1980,-24
54770.jpg,2004,1935,-69
54775.jpg,2004,2005,1
54780.jpg,2004,2010,6
54785.jpg,2004,2000,-4
54790.jpg,2004,2005,1
54795.jpg,2004,1990,-14
54800.jpg,2004,2010,6
54805.jpg,2004,2000,-4
54810.jpg,2004,1992,-12
54815.jpg,2004,2007,3
54820.jpg,2004,1980,-24
54825.jpg,2004,2010,6
54830.jpg,2004,2004,0
54835.jpg,2004,2009,5
54840.jpg,2004,2004,0
54845.jpg,2005,1800,-205
54850.jpg,2005,1950,-55
54855.jpg,2005,2005,0
54860.jpg,2005,2000,-5
54865.jpg,2005,1924,-81
54870.jpg,2005,2008,3
54885.jpg,2005,2000,-5
54890.jpg,2005,2010,5
54895.jpg,2005,2009,4
54900.jpg,2005,2021,16
54905.jpg,2005,2005,0
54910.jpg,2005,2000,-5
54915.jpg,2005,1970,-35
54925.jpg,2005,2010,5
54930.jpg,2005,2005,0
54935.jpg,2005,1908,-97
54940.jpg,2005,1982,-23
54955.jpg,2005,2005,0
54960.jpg,2005,2005,0
54965.jpg,2005,2008,3
54970.jpg,2005,2010,5
54975.jpg,2005,1970,-35
54980.jpg,2005,2006,1
54985.jpg,2005,2005,0
54990.jpg,2005,2001,-4
54995.jpg,2005,2005,0
55000.jpg,2005,2000,-5
55005.jpg,2005,2005,0
55010.jpg,2005,1975,-30
55015.jpg,2005,2004,-1
55020.jpg,2005,2004,-1
55025.jpg,2005,2007,2
55030.jpg,2005,2015,10
55035.jpg,2005,2010,5
55040.jpg,2005,2010,5
55045.jpg,2005,1995,-10
55050.jpg,2005,1995,-10
55055.jpg,2005,2010,5
55060.jpg,2005,2010,5
55065.jpg,2005,2007,2
55070.jpg,2005,2016,11
55075.jpg,2005,2007,2
55080.jpg,2005,2010,5
55085.jpg,2005,2005,0
55090.jpg,2005,2005,0
55095.jpg,2005,2015,10
55100.jpg,2005,2005,0
55105.jpg,2005,2005,0
55110.jpg,2005,2004,-1
55115.jpg,2005,2011,6
55120.jpg,2005,1980,-25
55125.jpg,2005,1979,-26
55130.jpg,2005,2010,5
55135.jpg,2006,2015,9
55140.jpg,2006,2008,2
55145.jpg,2006,1955,-51
55155.jpg,2006,2010,4
55160.jpg,2006,1970,-36
55165.jpg,2006,1990,-16
55170.jpg,2006,2004,-2
55175.jpg,2006,2010,4
55180.jpg,2006,1995,-11
55185.jpg,2006,2005,-1
55190.jpg,2006,1994,-12
55195.jpg,2006,2017,11
55200.jpg,2006,2006,0
55210.jpg,2006,2006,0
55215.jpg,2006,2000,-6
55220.jpg,2006,2005,-1
55230.jpg,2006,2006,0
55235.jpg,2006,2003,-3
55240.jpg,2006,2010,4
55245.jpg,2006,2000,-6
55250.jpg,2006,2000,-6
55255.jpg,2006,1969,-37
55265.jpg,2006,2000,-6
55270.jpg,2006,2000,-6
55275.jpg,2006,1930,-76
55280.jpg,2006,2005,-1
55285.jpg,2006,2016,10
55290.jpg,2006,2010,4
55295.jpg,2006,2006,0
55300.jpg,2006,2003,-3
55305.jpg,2006,2005,-1
55310.jpg,2006,1988,-18
55315.jpg,2006,1920,-86
55320.jpg,2006,2000,-6
55325.jpg,2006,2006,0
55330.jpg,2006,2010,4
55335.jpg,2007,1850,-157
55340.jpg,2007,2010,3
55345.jpg,2007,2000,-7
55355.jpg,2007,2005,-2
55360.jpg,2007,2000,-7
55365.jpg,2007,2000,-7
55370.jpg,2007,2005,-2
55380.jpg,2007,2007,0
55385.jpg,2007,1956,-51
55395.jpg,2007,1900,-107
55400.jpg,2007,2007,0
55405.jpg,2007,2010,3
55410.jpg,2007,2008,1
55415.jpg,2007,2010,3
55420.jpg,2007,2010,3
55425.jpg,2007,2005,-2
55430.jpg,2007,2006,-1
55435.jpg,2007,1930,-77
55440.jpg,2007,2010,3
55445.jpg,2007,2007,0
55450.jpg,2007,1985,-22
55455.jpg,2007,2004,-3
55460.jpg,2007,1450,-557
55465.jpg,2007,1992,-15
55475.jpg,2007,1937,-70
55480.jpg,2007,1930,-77
55485.jpg,2007,2000,-7
55490.jpg,2007,2007,0
55500.jpg,2007,1960,-47
55505.jpg,2007,2010,3
55510.jpg,2007,2010,3
55515.jpg,2007,2007,0
55520.jpg,2007,2005,-2
55525.jpg,2007,1894,-113
55530.jpg,2007,2007,0
55535.jpg,2007,2007,0
55540.jpg,2007,2018,11
55545.jpg,2007,2010,3
55550.jpg,2007,2004,-3
55555.jpg,2007,1994,-13
55560.jpg,2007,2010,3
55565.jpg,2007,2010,3
55570.jpg,2007,2010,3
55575.jpg,2007,2010,3
55580.jpg,2007,2010,3
55585.jpg,2007,2010,3
55590.jpg,2007,2010,3
55595.jpg,2007,1886,-121
55600.jpg,2007,1990,-17
55605.jpg,2007,2005,-2
55610.jpg,2008,1850,-158
55615.jpg,2008,1820,-188
55620.jpg,2008,2011,3
55625.jpg,2008,2008,0
55630.jpg,2008,2000,-8
55635.jpg,2008,2010,2
55640.jpg,2008,2010,2
55645.jpg,2008,2010,2
55650.jpg,2008,2003,-5
55655.jpg,2008,2010,2
55660.jpg,2008,2010,2
55670.jpg,2008,2010,2
55675.jpg,2008,2010,2
55685.jpg,2008,2008,0
55690.jpg,2008,2013,5
55695.jpg,2008,2018,10
55705.jpg,2008,2010,2
55710.jpg,2008,2005,-3
55715.jpg,2008,1916,-92
55720.jpg,2008,2011,3
55725.jpg,2008,2010,2
55730.jpg,2008,2005,-3
55735.jpg,2008,1700,-308
55740.jpg,2008,1985,-23
55745.jpg,2008,2003,-5
55750.jpg,2008,2000,-8
55755.jpg,2008,2008,0
55760.jpg,2008,2008,0
55765.jpg,2008,1990,-18
55770.jpg,2008,1790,-218
55775.jpg,2008,1980,-28
55780.jpg,2008,1998,-10
55785.jpg,2008,2010,2
55795.jpg,2008,2015,7
55800.jpg,2008,2010,2
55805.jpg,2008,2010,2
55810.jpg,2008,2010,2
55815.jpg,2008,1990,-18
55820.jpg,2008,2012,4
55825.jpg,2008,1985,-23
55830.jpg,2008,2008,0
55835.jpg,2009,1965,-44
55845.jpg,2009,1998,-11
55850.jpg,2009,2005,-4
55870.jpg,2009,2023,14
55875.jpg,2009,2010,1
55880.jpg,2009,2001,-8
55885.jpg,2009,2005,-4
55890.jpg,2009,2009,0
55895.jpg,2009,2000,-9
55900.jpg,2009,1985,-24
55905.jpg,2009,2009,0
55910.jpg,2009,2012,3
55915.jpg,2009,2018,9
55920.jpg,2009,1961,-48
55925.jpg,2009,1939,-70
55930.jpg,2009,2007,-2
55935.jpg,2009,2005,-4
55940.jpg,2009,2009,0
55945.jpg,2009,1905,-104
55950.jpg,2009,2007,-2
55955.jpg,2009,2008,-1
55960.jpg,2009,2010,1
55965.jpg,2009,1996,-13
55970.jpg,2009,2009,0
55975.jpg,2009,2005,-4
55980.jpg,2009,1971,-38
55985.jpg,2009,2010,1
55990.jpg,2009,2000,-9
55995.jpg,2009,2009,0
56000.jpg,2009,2015,6
56005.jpg,2009,1910,-99
56010.jpg,2009,1818,-191
56015.jpg,2009,2019,10
56020.jpg,2009,2005,-4
56025.jpg,2009,2005,-4
56030.jpg,2009,2010,1
56035.jpg,2009,2010,1
56040.jpg,2009,2008,-1
56050.jpg,2009,2010,1
56055.jpg,2009,1990,-19
56060.jpg,2009,1981,-28
56065.jpg,2009,1970,-39
56070.jpg,2009,1998,-11
56075.jpg,2009,1932,-77
56080.jpg,2010,2007,-3
56085.jpg,2010,2010,0
56090.jpg,2010,2010,0
56095.jpg,2010,2000,-10
56105.jpg,2010,2010,0
56110.jpg,2010,2005,-5
56115.jpg,2010,2010,0
56125.jpg,2010,2010,0
56130.jpg,2010,2010,0
56135.jpg,2010,2010,0
56140.jpg,2010,2010,0
56145.jpg,2010,1991,-19
56150.jpg,2010,2010,0
56155.jpg,2010,2010,0
56165.jpg,2010,1900,-110
56170.jpg,2010,2005,-5
56175.jpg,2010,2015,5
56180.jpg,2010,2010,0
56185.jpg,2010,2014,4
56190.jpg,2010,2005,-5
56195.jpg,2010,2010,0
56200.jpg,2010,2008,-2
56205.jpg,2010,2000,-10
56210.jpg,2010,2010,0
56215.jpg,2010,2007,-3
56220.jpg,2010,2009,-1
56225.jpg,2010,2000,-10
56230.jpg,2010,2005,-5
56235.jpg,2010,1936,-74
56240.jpg,2010,2010,0
56245.jpg,2010,2010,0
56250.jpg,2010,2005,-5
56255.jpg,2010,2010,0
56260.jpg,2010,2010,0
56265.jpg,2010,2015,5
56270.jpg,2010,2010,0
56275.jpg,2010,1985,-25
56280.jpg,2010,1950,-60
56285.jpg,2010,2010,0
56290.jpg,2010,2010,0
56295.jpg,2010,2010,0
56300.jpg,2010,2005,-5
56310.jpg,2010,2016,6
56315.jpg,2011,2005,-6
56320.jpg,2011,1970,-41
56325.jpg,2011,2018,7
56330.jpg,2011,2000,-11
56335.jpg,2011,2005,-6
56345.jpg,2011,1970,-41
56350.jpg,2011,2010,-1
56355.jpg,2011,1993,-18
56360.jpg,2011,2011,0
56365.jpg,2011,2015,4
56370.jpg,2011,1985,-26
56375.jpg,2011,2011,0
56380.jpg,2011,2010,-1
56385.jpg,2011,2011,0
56390.jpg,2011,1927,-84
56395.jpg,2011,2009,-2
56400.jpg,2011,2009,-2
56405.jpg,2011,2005,-6
56410.jpg,2011,2011,0
56415.jpg,2011,2010,-1
56420.jpg,2011,2010,-1
56425.jpg,2011,1958,-53
56430.jpg,2011,2011,0
56440.jpg,2011,2013,2
56450.jpg,2011,2010,-1
56455.jpg,2011,1658,-353
56460.jpg,2011,1975,-36
56465.jpg,2011,2001,-10
56470.jpg,2011,1915,-96
56475.jpg,2011,2011,0
56480.jpg,2011,1938,-73
56485.jpg,2011,2010,-1
56495.jpg,2011,2010,-1
56500.jpg,2011,2011,0
56505.jpg,2011,2005,-6
56510.jpg,2011,2010,-1
56515.jpg,2011,2001,-10
56520.jpg,2011,2010,-1
56525.jpg,2011,2003,-8
56545.jpg,2012,1970,-42
56550.jpg,2012,2012,0
56555.jpg,2012,2004,-8
56560.jpg,2012,2012,0
56565.jpg,2012,2020,8
56570.jpg,2012,1980,-32
56575.jpg,2012,2010,-2
56585.jpg,2012,2010,-2
56590.jpg,2012,2012,0
56600.jpg,2012,2004,-8
56605.jpg,2012,2012,0
56610.jpg,2012,2012,0
56615.jpg,2012,2010,-2
56620.jpg,2012,2013,1
56625.jpg,2012,1969,-43
56630.jpg,2012,2000,-12
56635.jpg,2012,1995,-17
56640.jpg,2012,2010,-2
56645.jpg,2012,2002,-10
56650.jpg,2012,2010,-2
56655.jpg,2012,2015,3
56660.jpg,2012,2000,-12
56665.jpg,2012,1897,-115
56670.jpg,2012,2010,-2
56675.jpg,2012,2009,-3
56680.jpg,2012,2007,-5
56685.jpg,2012,2005,-7
56690.jpg,2012,2010,-2
56695.jpg,2012,2010,-2
56700.jpg,2012,2010,-2
56705.jpg,2012,2012,0
56710.jpg,2012,1970,-42
56715.jpg,2012,2014,2
56720.jpg,2013,2000,-13
56725.jpg,2013,2011,-2
56730.jpg,2013,1990,-23
56735.jpg,2013,2000,-13
56740.jpg,2013,2009,-4
56745.jpg,2013,2005,-8
56750.jpg,2013,2010,-3
56755.jpg,2013,2010,-3
56765.jpg,2013,2015,2
56770.jpg,2013,2010,-3
56775.jpg,2013,2005,-8
56780.jpg,2013,2010,-3
56785.jpg,2013,2010,-3
56795.jpg,2013,2010,-3
56800.jpg,2013,2015,2
56805.jpg,2013,2010,-3
56810.jpg,2013,2010,-3
56820.jpg,2013,2004,-9
56825.jpg,2013,2023,10
56845.jpg,2013,2010,-3
56850.jpg,2013,2000,-13
56855.jpg,2013,2010,-3
56860.jpg,2013,1991,-22
56865.jpg,2013,2022,9
56870.jpg,2013,2015,2
56875.jpg,2013,2007,-6
56880.jpg,2013,2010,-3
56885.jpg,2013,2014,1
56890.jpg,2013,2013,0
56895.jpg,2013,1998,-15
56900.jpg,2014,2014,0
56905.jpg,2014,1997,-17
56910.jpg,2014,1920,-94
56915.jpg,2014,2010,-4
56920.jpg,2014,2010,-4
56925.jpg,2014,2014,0
56930.jpg,2014,2014,0
56935.jpg,2014,2000,-14
56940.jpg,2014,1960,-54
56945.jpg,2014,2010,-4
56950.jpg,2014,2010,-4
56955.jpg,2014,1970,-44
56960.jpg,2014,2009,-5
56965.jpg,2014,2005,-9
56970.jpg,2014,2000,-14
56975.jpg,2014,1955,-59
56980.jpg,2014,1970,-44
56985.jpg,2014,2005,-9
56990.jpg,2014,1995,-19
56995.jpg,2014,2015,1
57005.jpg,2014,1984,-30
57010.jpg,2014,2000,-14
57015.jpg,2014,2023,9
57020.jpg,2014,2006,-8
57025.jpg,2014,2014,0
57030.jpg,2014,2000,-14
57035.jpg,2014,2007,-7
57040.jpg,2014,2014,0
57045.jpg,2014,2014,0
57050.jpg,2014,2014,0
57055.jpg,2014,2010,-4
57060.jpg,2014,2010,-4
57065.jpg,2014,2010,-4
57070.jpg,2014,2014,0
57075.jpg,2015,1992,-23
57085.jpg,2015,2010,-5
57090.jpg,2015,2010,-5
57095.jpg,2015,2000,-15
57100.jpg,2015,2010,-5
57105.jpg,2015,2010,-5
57110.jpg,2015,2010,-5
57120.jpg,2015,2015,0
57125.jpg,2015,2010,-5
57130.jpg,2015,2010,-5
57135.jpg,2015,2015,0
57140.jpg,2015,2007,-8
57145.jpg,2015,2015,0
57150.jpg,2015,2010,-5
57155.jpg,2015,2015,0
57160.jpg,2015,1961,-54
57165.jpg,2015,2015,0
57170.jpg,2015,2010,-5
57175.jpg,2015,2010,-5
57180.jpg,2015,2015,0
57185.jpg,2015,2018,3
57195.jpg,2015,2014,-1
57200.jpg,2015,2000,-15
57205.jpg,2015,2010,-5
57210.jpg,2015,2010,-5
57215.jpg,2015,2015,0
57220.jpg,2016,2006,-10
57225.jpg,2016,2016,0
57230.jpg,2016,2023,7
57235.jpg,2016,2016,0
57240.jpg,2016,1994,-22
57250.jpg,2016,2015,-1
57255.jpg,2016,2023,7
57270.jpg,2016,1950,-66
57275.jpg,2016,2010,-6
57280.jpg,2016,2010,-6
57285.jpg,2016,2020,4
57290.jpg,2016,2016,0
57295.jpg,2016,2016,0
57300.jpg,2016,2016,0
57305.jpg,2016,2017,1
57310.jpg,2016,2011,-5
57315.jpg,2016,2017,1
57320.jpg,2016,2016,0
57325.jpg,2016,2010,-6
57330.jpg,2016,2014,-2
57335.jpg,2016,2010,-6
57340.jpg,2016,2015,-1
57345.jpg,2016,1994,-22
57350.jpg,2016,2015,-1
57355.jpg,2016,2010,-6
57360.jpg,2016,2020,4
57365.jpg,2017,2017,0
57370.jpg,2017,2010,-7
57375.jpg,2017,2010,-7
57385.jpg,2017,2017,0
57390.jpg,2017,2022,5
57395.jpg,2017,2010,-7
57400.jpg,2017,1975,-42
57415.jpg,2017,2018,1
57420.jpg,2017,2005,-12
57425.jpg,2017,1991,-26
57430.jpg,2017,1985,-32
57435.jpg,2017,2010,-7
57440.jpg,2017,2000,-17
57450.jpg,2017,2010,-7
57455.jpg,2017,2005,-12
57470.jpg,2017,2018,1
57475.jpg,2017,2020,3
57480.jpg,2018,2018,0
57485.jpg,2018,2010,-8
57490.jpg,2018,2010,-8
57495.jpg,2018,2010,-8
57500.jpg,2018,2005,-13
57505.jpg,2018,2018,0
57510.jpg,2018,2018,0
57515.jpg,2018,2015,-3
57520.jpg,2018,2000,-18
57525.jpg,2018,2010,-8
57530.jpg,2018,2019,1
57545.jpg,2018,2012,-6
57550.jpg,2018,2016,-2
57555.jpg,2018,2020,2
57560.jpg,2018,2023,5
57565.jpg,2018,2010,-8
57570.jpg,2018,2017,-1
57575.jpg,2018,2018,0
57585.jpg,2019,1985,-34
57595.jpg,2019,2024,5
57600.jpg,2019,2022,3
57605.jpg,2019,2019,0
57610.jpg,2019,2016,-3
57615.jpg,2019,2023,4
57620.jpg,2019,2010,-9
57625.jpg,2019,2015,-4
57630.jpg,2019,2003,-16
57635.jpg,2019,2010,-9
57640.jpg,2019,2009,-10
57645.jpg,2019,2015,-4
57660.jpg,2019,1984,-35
57665.jpg,2019,2010,-9
57670.jpg,2020,2010,-10
57675.jpg,2020,2015,-5
57680.jpg,2020,2002,-18
57685.jpg,2020,2010,-10
57690.jpg,2020,1975,-45
57695.jpg,2020,2010,-10
57700.jpg,2020,1980,-40
57705.jpg,2020,2010,-10
57710.jpg,2020,2011,-9
57725.jpg,2020,2023,3
57730.jpg,2021,2017,-4
57735.jpg,2021,2021,0
57740.jpg,2021,2022,1
57745.jpg,2021,2021,0
57750.jpg,2021,2019,-2
57755.jpg,2021,2011,-10
57760.jpg,2021,2010,-11
57765.jpg,2021,2018,-3
57770.jpg,2021,2010,-11
57780.jpg,2021,2023,2
57785.jpg,2021,2010,-11
57790.jpg,2021,2012,-9
57795.jpg,2021,2015,-6
57800.jpg,2021,2018,-3
57805.jpg,2022,2010,-12
57810.jpg,2022,2018,-4
57815.jpg,2022,2015,-7
57825.jpg,2022,2022,0
57830.jpg,2022,2008,-14
57835.jpg,2022,2022,0
57840.jpg,2022,2000,-22
57845.jpg,2022,2017,-5
57860.jpg,2022,2020,-2
57865.jpg,2022,2018,-4
57870.jpg,2022,2023,1
57875.jpg,2023,1998,-25
57885.jpg,2023,2023,0
57890.jpg,2023,2010,-13
57895.jpg,2023,2018,-5
57900.jpg,2023,2020,-3
57910.jpg,2023,2019,-4
57915.jpg,2023,2017,-6
57920.jpg,2023,2020,-3
57925.jpg,2024,1900,-124
57930.jpg,2024,2023,-1
