name,year,pred,diff
5.jpg,1008,1063,55
10.jpg,1016,1997,981
15.jpg,1022,1063,41
20.jpg,1028,1563,535
25.jpg,1036,1900,864
30.jpg,1048,1066,18
35.jpg,1051,1962,911
40.jpg,1061,1065,4
45.jpg,1063,1651,588
55.jpg,1070,1300,230
60.jpg,1076,1250,174
65.jpg,1080,1340,260
70.jpg,1090,1150,60
75.jpg,1093,1237,144
80.jpg,1097,1870,773
85.jpg,1100,0,-1100
90.jpg,1100,1850,750
95.jpg,1107,1733,626
100.jpg,1110,1822,712
105.jpg,1114,1100,-14
110.jpg,1116,1100,-16
120.jpg,1120,1300,180
125.jpg,1122,1777,655
130.jpg,1125,1200,75
135.jpg,1128,1130,2
140.jpg,1129,1300,171
145.jpg,1130,1250,120
150.jpg,1131,1223,92
155.jpg,1134,1745,611
165.jpg,1138,1430,292
170.jpg,1140,1913,773
175.jpg,1144,1230,86
180.jpg,1146,1250,104
185.jpg,1147,1368,221
190.jpg,1149,1221,72
195.jpg,1150,1250,100
200.jpg,1152,1028,-124
210.jpg,1160,1063,-97
215.jpg,1165,1250,85
220.jpg,1168,1416,248
225.jpg,1170,1150,-20
230.jpg,1170,1519,349
235.jpg,1172,117,-1055
240.jpg,1175,1870,695
245.jpg,1177,1228,51
255.jpg,1180,1184,4
260.jpg,1180,1300,120
265.jpg,1180,1840,660
275.jpg,1185,1228,43
280.jpg,1189,1561,372
285.jpg,1191,1300,109
290.jpg,1192,1250,58
295.jpg,1194,1400,206
300.jpg,1196,1190,-6
305.jpg,1198,1568,370
310.jpg,1199,1300,101
315.jpg,1200,1760,560
320.jpg,1202,1200,-2
325.jpg,1204,1660,456
330.jpg,1208,1600,392
335.jpg,1211,1227,16
340.jpg,1212,1337,125
345.jpg,1215,1727,512
350.jpg,1217,1200,-17
355.jpg,1220,1239,19
360.jpg,1221,1200,-21
365.jpg,1222,1472,250
370.jpg,1224,1220,-4
375.jpg,1226,1380,154
380.jpg,1227,1700,473
385.jpg,1229,1000,-229
390.jpg,1231,1365,134
395.jpg,1232,1230,-2
405.jpg,1237,1375,138
410.jpg,1238,1200,-38
415.jpg,1240,1387,147
420.jpg,1242,1603,361
425.jpg,1245,1400,155
430.jpg,1247,1355,108
435.jpg,1248,1345,97
440.jpg,1250,1485,235
445.jpg,1250,1150,-100
450.jpg,1252,1867,615
455.jpg,1255,1490,235
460.jpg,1259,1725,466
465.jpg,1260,1340,80
470.jpg,1263,1396,133
475.jpg,1264,1200,-64
485.jpg,1270,1270,0
490.jpg,1270,1492,222
495.jpg,1270,1200,-70
500.jpg,1271,1530,259
505.jpg,1273,1300,27
510.jpg,1275,1527,252
515.jpg,1277,1320,43
520.jpg,1278,1200,-78
525.jpg,1279,1343,64
530.jpg,1280,1607,327
535.jpg,1285,1300,15
540.jpg,1288,1300,12
545.jpg,1289,1600,311
550.jpg,1290,1825,535
555.jpg,1291,1250,-41
560.jpg,1293,1341,48
565.jpg,1295,1360,65
570.jpg,1298,1343,45
575.jpg,1300,1450,150
580.jpg,1300,1840,540
585.jpg,1300,1703,403
590.jpg,1301,1364,63
595.jpg,1303,1650,347
600.jpg,1305,1230,-75
605.jpg,1307,1837,530
610.jpg,1309,1720,411
615.jpg,1310,1200,-110
620.jpg,1311,1248,-63
625.jpg,1313,1300,-13
630.jpg,1314,1328,14
635.jpg,1317,1480,163
640.jpg,1319,1063,-256
645.jpg,1320,1485,165
650.jpg,1322,1300,-22
655.jpg,1324,1238,-86
660.jpg,1325,1420,95
665.jpg,1326,1200,-126
670.jpg,1327,1720,393
675.jpg,1328,1292,-36
680.jpg,1330,1754,424
685.jpg,1330,1283,-47
690.jpg,1331,1755,424
695.jpg,1333,1300,-33
700.jpg,1335,1420,85
705.jpg,1337,1298,-39
710.jpg,1338,1607,269
715.jpg,1340,1864,524
720.jpg,1340,1620,280
725.jpg,1343,1536,193
730.jpg,1345,1308,-37
735.jpg,1345,1600,255
740.jpg,1346,1903,557
745.jpg,1347,1511,164
750.jpg,1347,1582,235
755.jpg,1349,1750,401
760.jpg,1350,1880,530
765.jpg,1350,1360,10
775.jpg,1353,1500,147
780.jpg,1354,1346,-8
785.jpg,1356,1868,512
790.jpg,1358,1340,-18
795.jpg,1360,1342,-18
800.jpg,1361,1125,-236
805.jpg,1362,1390,28
810.jpg,1364,1900,536
815.jpg,1365,1550,185
825.jpg,1370,1927,557
830.jpg,1371,1200,-171
835.jpg,1373,1556,183
840.jpg,1375,1565,190
845.jpg,1377,1380,3
850.jpg,1380,2000,620
855.jpg,1381,1420,39
860.jpg,1382,1560,178
865.jpg,1384,1372,-12
870.jpg,1386,1997,611
875.jpg,1389,1585,196
880.jpg,1390,850,-540
885.jpg,1394,1457,63
890.jpg,1396,1396,0
895.jpg,1397,1300,-97
900.jpg,1398,1396,-2
905.jpg,1399,1300,-99
910.jpg,1400,1450,50
915.jpg,1401,1350,-51
920.jpg,1402,1487,85
925.jpg,1405,1350,-55
930.jpg,1406,1340,-66
935.jpg,1409,1400,-9
940.jpg,1410,1350,-60
945.jpg,1410,1408,-2
950.jpg,1411,1300,-111
955.jpg,1413,1356,-57
960.jpg,1414,1874,460
965.jpg,1417,1384,-33
970.jpg,1419,1959,540
975.jpg,1420,1500,80
980.jpg,1420,1949,529
985.jpg,1422,1766,344
990.jpg,1424,1345,-79
995.jpg,1425,1250,-175
1000.jpg,1426,1457,31
1005.jpg,1428,1753,325
1010.jpg,1430,1700,270
1015.jpg,1431,1337,-94
1025.jpg,1435,1884,449
1030.jpg,1436,1147,-289
1035.jpg,1438,1678,240
1040.jpg,1440,1200,-240
1045.jpg,1441,1850,409
1050.jpg,1442,1820,378
1055.jpg,1444,1463,19
1060.jpg,1446,1897,451
1065.jpg,1448,1558,110
1070.jpg,1450,1380,-70
1075.jpg,1450,1204,-246
1080.jpg,1451,2000,549
1085.jpg,1452,1488,36
1090.jpg,1453,1524,71
1095.jpg,1455,1328,-127
1100.jpg,1457,1485,28
1105.jpg,1458,1457,-1
1110.jpg,1459,1436,-23
1115.jpg,1460,1450,-10
1120.jpg,1462,1922,460
1125.jpg,1462,1200,-262
1130.jpg,1464,1300,-164
1135.jpg,1465,1700,235
1140.jpg,1466,1300,-166
1145.jpg,1467,1600,133
1150.jpg,1468,1614,146
1155.jpg,1469,1228,-241
1160.jpg,1470,1634,164
1165.jpg,1470,1330,-140
1170.jpg,1472,1850,378
1175.jpg,1473,1600,127
1180.jpg,1475,1100,-375
1185.jpg,1477,1277,-200
1190.jpg,1477,1622,145
1195.jpg,1479,1600,121
1200.jpg,1480,1369,-111
1205.jpg,1482,1612,130
1210.jpg,1482,1450,-32
1215.jpg,1483,1500,17
1220.jpg,1485,1309,-176
1225.jpg,1487,1700,213
1230.jpg,1487,1343,-144
1235.jpg,1488,1463,-25
1240.jpg,1489,1235,-254
1245.jpg,1490,1565,75
1250.jpg,1490,1446,-44
1255.jpg,1491,1949,458
1260.jpg,1492,1550,58
1265.jpg,1493,1750,257
1270.jpg,1494,1574,80
1275.jpg,1495,1200,-295
1280.jpg,1496,1551,55
1285.jpg,1497,1932,435
1290.jpg,1497,1499,2
1295.jpg,1498,1500,2
1300.jpg,1499,1499,0
1305.jpg,1500,1500,0
1310.jpg,1500,1728,228
1315.jpg,1501,1700,199
1325.jpg,1503,1656,153
1330.jpg,1504,1497,-7
1335.jpg,1505,1760,255
1340.jpg,1506,1463,-43
1345.jpg,1507,1300,-207
1350.jpg,1508,1248,-260
1355.jpg,1508,1650,142
1360.jpg,1509,1496,-13
1365.jpg,1510,1920,410
1370.jpg,1510,1950,440
1375.jpg,1511,1392,-119
1380.jpg,1512,1687,175
1385.jpg,1513,1894,381
1390.jpg,1513,1729,216
1395.jpg,1515,1490,-25
1400.jpg,1515,1589,74
1405.jpg,1516,1600,84
1410.jpg,1517,1501,-16
1415.jpg,1518,1754,236
1420.jpg,1518,1530,12
1425.jpg,1520,1626,106
1430.jpg,1521,1519,-2
1435.jpg,1521,1099,-422
1440.jpg,1522,1990,468
1445.jpg,1523,1930,407
1450.jpg,1524,1680,156
1455.jpg,1525,1750,225
1460.jpg,1526,1724,198
1465.jpg,1526,1596,70
1470.jpg,1527,1900,373
1475.jpg,1528,1750,222
1480.jpg,1528,1926,398
1485.jpg,1530,1554,24
1490.jpg,1530,1613,83
1495.jpg,1530,1500,-30
1500.jpg,1531,1840,309
1505.jpg,1531,1800,269
1510.jpg,1532,1557,25
1515.jpg,1532,1717,185
1520.jpg,1533,1800,267
1525.jpg,1534,1850,316
1530.jpg,1535,1650,115
1535.jpg,1535,1871,336
1540.jpg,1536,1700,164
1545.jpg,1537,1540,3
1550.jpg,1537,1734,197
1555.jpg,1538,1460,-78
1560.jpg,1539,1500,-39
1565.jpg,1540,1538,-2
1570.jpg,1540,1727,187
1575.jpg,1540,1430,-110
1580.jpg,1540,1385,-155
1590.jpg,1542,1650,108
1595.jpg,1543,1720,177
1600.jpg,1543,1732,189
1605.jpg,1544,1450,-94
1610.jpg,1545,1725,180
1615.jpg,1545,1666,121
1620.jpg,1547,1547,0
1625.jpg,1548,1525,-23
1630.jpg,1549,1550,1
1635.jpg,1549,1735,186
1640.jpg,1550,1560,10
1645.jpg,1550,1720,170
1650.jpg,1550,1400,-150
1655.jpg,1550,1256,-294
1660.jpg,1551,1850,299
1665.jpg,1551,1551,0
1670.jpg,1552,1540,-12
1675.jpg,1553,1600,47
1680.jpg,1554,1720,166
1685.jpg,1554,1622,68
1690.jpg,1555,1750,195
1695.jpg,1556,1857,301
1700.jpg,1557,1900,343
1705.jpg,1558,1925,367
1710.jpg,1558,1616,58
1715.jpg,1559,1949,390
1720.jpg,1559,1584,25
1725.jpg,1560,1782,222
1730.jpg,1560,1660,100
1735.jpg,1560,1900,340
1740.jpg,1561,1876,315
1745.jpg,1561,1560,-1
1750.jpg,1562,1702,140
1755.jpg,1563,1874,311
1760.jpg,1564,1878,314
1765.jpg,1565,1790,225
1770.jpg,1565,1750,185
1775.jpg,1565,1437,-128
1780.jpg,1566,1655,89
1785.jpg,1567,1800,233
1790.jpg,1567,1564,-3
1795.jpg,1568,1800,232
1800.jpg,1568,1568,0
1805.jpg,1569,1600,31
1810.jpg,1570,1760,190
1815.jpg,1570,1725,155
1820.jpg,1570,1400,-170
1825.jpg,1571,1814,243
1830.jpg,1572,1555,-17
1835.jpg,1572,1565,-7
1840.jpg,1573,1550,-23
1845.jpg,1573,1920,347
1850.jpg,1574,1850,276
1855.jpg,1574,1741,167
1860.jpg,1575,1840,265
1865.jpg,1575,1582,7
1870.jpg,1575,1889,314
1875.jpg,1576,1725,149
1880.jpg,1577,1565,-12
1885.jpg,1578,1700,122
1890.jpg,1578,1873,295
1895.jpg,1579,1511,-68
1900.jpg,1579,1761,182
1905.jpg,1580,1760,180
1910.jpg,1580,1750,170
1915.jpg,1581,1574,-7
1920.jpg,1581,1600,19
1925.jpg,1582,1845,263
1930.jpg,1582,1927,345
1935.jpg,1583,1597,14
1940.jpg,1584,1570,-14
1945.jpg,1584,1850,266
1950.jpg,1585,1784,199
1955.jpg,1585,1552,-33
1960.jpg,1585,1700,115
1965.jpg,1586,1566,-20
1970.jpg,1586,1850,264
1975.jpg,1587,1665,78
1980.jpg,1588,1578,-10
1985.jpg,1588,1868,280
1990.jpg,1588,1650,62
1995.jpg,1588,1818,230
2000.jpg,1589,1890,301
2005.jpg,1590,1660,70
2010.jpg,1590,1548,-42
2020.jpg,1591,1768,177
2025.jpg,1591,1736,145
2030.jpg,1592,1905,313
2035.jpg,1593,1925,332
2045.jpg,1595,1596,1
2050.jpg,1595,1574,-21
2055.jpg,1595,1870,275
2060.jpg,1596,1500,-96
2065.jpg,1596,1593,-3
2070.jpg,1597,1966,369
2075.jpg,1597,1454,-143
2080.jpg,1598,1500,-98
2085.jpg,1598,1562,-36
2090.jpg,1598,1936,338
2095.jpg,1600,1599,-1
2100.jpg,1600,1893,293
2115.jpg,1602,1850,248
2125.jpg,1604,1620,16
2130.jpg,1604,1624,20
2135.jpg,1604,1624,20
2140.jpg,1605,1705,100
2145.jpg,1605,1650,45
2150.jpg,1606,1850,244
2155.jpg,1606,1632,26
2160.jpg,1607,1660,53
2165.jpg,1607,1609,2
2170.jpg,1608,1730,122
2175.jpg,1608,1680,72
2180.jpg,1609,1700,91
2185.jpg,1610,1820,210
2190.jpg,1610,1614,4
2195.jpg,1610,1857,247
2200.jpg,1610,1850,240
2205.jpg,1611,1575,-36
2210.jpg,1611,1700,89
2215.jpg,1611,1660,49
2220.jpg,1612,1997,385
2225.jpg,1612,1497,-115
2230.jpg,1613,1658,45
2235.jpg,1613,1700,87
2240.jpg,1614,1605,-9
2245.jpg,1614,1700,86
2250.jpg,1614,1637,23
2255.jpg,1615,1930,315
2260.jpg,1615,1250,-365
2265.jpg,1616,1600,-16
2270.jpg,1616,1600,-16
2275.jpg,1616,1900,284
2280.jpg,1616,1732,116
2285.jpg,1617,1908,291
2290.jpg,1617,1356,-261
2295.jpg,1617,1730,113
2300.jpg,1618,1049,-569
2305.jpg,1618,1880,262
2310.jpg,1619,1620,1
2315.jpg,1619,1755,136
2320.jpg,1619,1582,-37
2325.jpg,1620,1600,-20
2330.jpg,1620,1600,-20
2335.jpg,1620,1609,-11
2340.jpg,1621,1725,104
2345.jpg,1621,1750,129
2350.jpg,1622,1728,106
2360.jpg,1623,1600,-23
2365.jpg,1624,1620,-4
2370.jpg,1624,1753,129
2375.jpg,1624,1773,149
2380.jpg,1625,1650,25
2385.jpg,1625,1845,220
2390.jpg,1625,1830,205
2395.jpg,1625,1888,263
2400.jpg,1626,1506,-120
2405.jpg,1626,1850,224
2410.jpg,1627,1782,155
2415.jpg,1628,1907,279
2420.jpg,1628,1815,187
2425.jpg,1629,1832,203
2430.jpg,1629,1616,-13
2435.jpg,1630,1760,130
2440.jpg,1630,1630,0
2445.jpg,1630,1560,-70
2450.jpg,1630,1574,-56
2455.jpg,1631,1696,65
2460.jpg,1631,1700,69
2465.jpg,1631,1100,-531
2470.jpg,1632,1765,133
2475.jpg,1632,1913,281
2480.jpg,1632,1850,218
2485.jpg,1633,1620,-13
2490.jpg,1633,1437,-196
2495.jpg,1634,1890,256
2500.jpg,1634,1500,-134
2505.jpg,1634,1688,54
2510.jpg,1635,1570,-65
2515.jpg,1635,1725,90
2520.jpg,1635,1676,41
2525.jpg,1636,1700,64
2530.jpg,1636,1892,256
2535.jpg,1636,1639,3
2540.jpg,1637,1870,233
2545.jpg,1637,1624,-13
2550.jpg,1638,1547,-91
2555.jpg,1638,1575,-63
2560.jpg,1638,1905,267
2565.jpg,1639,1750,111
2570.jpg,1639,1682,43
2575.jpg,1640,1750,110
2580.jpg,1640,1710,70
2585.jpg,1640,1840,200
2590.jpg,1641,1661,20
2595.jpg,1641,1700,59
2600.jpg,1641,1900,259
2605.jpg,1642,1845,203
2610.jpg,1642,1858,216
2615.jpg,1643,1853,210
2620.jpg,1644,1850,206
2625.jpg,1644,1735,91
2630.jpg,1644,1862,218
2635.jpg,1645,1971,326
2640.jpg,1645,1785,140
2645.jpg,1646,1721,75
2650.jpg,1646,1616,-30
2655.jpg,1646,1589,-57
2660.jpg,1648,1750,102
2665.jpg,1648,1850,202
2670.jpg,1648,1639,-9
2675.jpg,1649,1760,111
2680.jpg,1650,1658,8
2685.jpg,1650,1626,-24
2690.jpg,1650,1728,78
2695.jpg,1650,1900,250
2700.jpg,1651,1634,-17
2705.jpg,1651,1882,231
2710.jpg,1652,1750,98
2715.jpg,1653,1825,172
2720.jpg,1653,1639,-14
2725.jpg,1654,1700,46
2730.jpg,1654,1500,-154
2735.jpg,1655,1750,95
2745.jpg,1656,1765,109
2750.jpg,1656,1746,90
2755.jpg,1656,1726,70
2760.jpg,1657,1670,13
2765.jpg,1657,1715,58
2770.jpg,1658,1658,0
2775.jpg,1658,1850,192
2780.jpg,1659,1658,-1
2785.jpg,1659,1700,41
2790.jpg,1660,1798,138
2795.jpg,1660,1720,60
2800.jpg,1660,1850,190
2805.jpg,1660,1660,0
2810.jpg,1660,1727,67
2815.jpg,1660,1800,140
2820.jpg,1660,1745,85
2825.jpg,1661,1622,-39
2830.jpg,1661,1660,-1
2835.jpg,1661,1750,89
2840.jpg,1661,1881,220
2845.jpg,1662,1900,238
2850.jpg,1663,1750,87
2855.jpg,1663,1656,-7
2860.jpg,1664,1625,-39
2865.jpg,1664,1668,4
2870.jpg,1664,1750,86
2875.jpg,1665,1800,135
2880.jpg,1665,1630,-35
2885.jpg,1665,1790,125
2890.jpg,1665,1625,-40
2895.jpg,1666,1650,-16
2900.jpg,1666,1847,181
2905.jpg,1667,1750,83
2910.jpg,1667,1650,-17
2915.jpg,1667,1667,0
2920.jpg,1668,1737,69
2925.jpg,1669,1830,161
2930.jpg,1669,1700,31
2935.jpg,1670,1750,80
2940.jpg,1670,1754,84
2945.jpg,1670,1769,99
2950.jpg,1670,1700,30
2955.jpg,1671,1750,79
2960.jpg,1671,1460,-211
2965.jpg,1671,1660,-11
2970.jpg,1672,1850,178
2975.jpg,1672,1800,128
2980.jpg,1673,1650,-23
2985.jpg,1673,1755,82
2990.jpg,1674,1820,146
2995.jpg,1674,1750,76
3000.jpg,1674,1499,-175
3010.jpg,1675,1697,22
3020.jpg,1676,1859,183
3025.jpg,1676,1818,142
3030.jpg,1677,1970,293
3035.jpg,1677,1769,92
3040.jpg,1677,1707,30
3045.jpg,1678,1900,222
3050.jpg,1678,1727,49
3055.jpg,1678,1670,-8
3060.jpg,1679,1725,46
3065.jpg,1679,1931,252
3075.jpg,1680,1720,40
3080.jpg,1680,1768,88
3085.jpg,1680,1690,10
3090.jpg,1680,1850,170
3095.jpg,1680,1710,30
3100.jpg,1680,1705,25
3105.jpg,1681,1750,69
3110.jpg,1681,1730,49
3115.jpg,1681,1725,44
3120.jpg,1681,1328,-353
3125.jpg,1682,1750,68
3130.jpg,1682,1700,18
3135.jpg,1682,1857,175
3140.jpg,1682,1533,-149
3145.jpg,1683,1750,67
3150.jpg,1683,1750,67
3155.jpg,1683,1700,17
3160.jpg,1683,1230,-453
3165.jpg,1683,1712,29
3170.jpg,1684,1725,41
3175.jpg,1684,1680,-4
3180.jpg,1684,1692,8
3185.jpg,1684,1760,76
3190.jpg,1685,1775,90
3195.jpg,1685,1750,65
3200.jpg,1685,1650,-35
3205.jpg,1686,1715,29
3210.jpg,1686,1758,72
3215.jpg,1686,1750,64
3220.jpg,1686,1850,164
3225.jpg,1687,1700,13
3230.jpg,1687,1760,73
3235.jpg,1687,1836,149
3240.jpg,1688,1830,142
3245.jpg,1688,1760,72
3250.jpg,1689,1850,161
3255.jpg,1689,1720,31
3260.jpg,1689,1700,11
3270.jpg,1690,1200,-490
3275.jpg,1690,1820,130
3280.jpg,1690,1850,160
3285.jpg,1690,1850,160
3290.jpg,1690,1920,230
3295.jpg,1690,1800,110
3300.jpg,1690,1794,104
3305.jpg,1691,1637,-54
3310.jpg,1691,1760,69
3315.jpg,1691,1723,32
3320.jpg,1692,1750,58
3325.jpg,1692,1482,-210
3330.jpg,1693,1992,299
3335.jpg,1693,1700,7
3340.jpg,1694,1750,56
3345.jpg,1694,1930,236
3350.jpg,1694,1726,32
3355.jpg,1695,1782,87
3360.jpg,1695,1750,55
3365.jpg,1695,1750,55
3370.jpg,1695,1750,55
3375.jpg,1695,1605,-90
3385.jpg,1696,1664,-32
3390.jpg,1696,1793,97
3395.jpg,1696,1920,224
3400.jpg,1696,1751,55
3405.jpg,1696,1720,24
3410.jpg,1697,1750,53
3415.jpg,1697,1850,153
3420.jpg,1697,1920,223
3425.jpg,1697,1457,-240
3430.jpg,1698,1719,21
3435.jpg,1698,1865,167
3440.jpg,1698,1600,-98
3445.jpg,1699,1750,51
3450.jpg,1699,1700,1
3455.jpg,1699,1710,11
3460.jpg,1700,1800,100
3465.jpg,1700,1950,250
3470.jpg,1700,1700,0
3475.jpg,1700,1750,50
3480.jpg,1700,1750,50
3485.jpg,1700,1750,50
3490.jpg,1700,1750,50
3495.jpg,1700,1700,0
3500.jpg,1700,1760,60
3505.jpg,1700,1705,5
3510.jpg,1700,1700,0
3520.jpg,1701,1839,138
3525.jpg,1701,1760,59
3535.jpg,1702,1750,48
3540.jpg,1702,1716,14
3545.jpg,1703,1828,125
3550.jpg,1704,1868,164
3555.jpg,1704,1720,16
3560.jpg,1704,1820,116
3565.jpg,1704,1790,86
3570.jpg,1704,1850,146
3575.jpg,1705,1725,20
3580.jpg,1705,1725,20
3585.jpg,1705,1750,45
3590.jpg,1705,1757,52
3595.jpg,1706,1775,69
3600.jpg,1706,1750,44
3605.jpg,1706,1727,21
3610.jpg,1706,1937,231
3615.jpg,1707,1836,129
3620.jpg,1707,1751,44
3625.jpg,1707,1739,32
3630.jpg,1708,1860,152
3635.jpg,1708,1732,24
3640.jpg,1708,1750,42
3645.jpg,1708,1736,28
3650.jpg,1709,1715,6
3655.jpg,1709,1890,181
3660.jpg,1709,1737,28
3665.jpg,1709,1720,11
3670.jpg,1710,1797,87
3675.jpg,1710,1571,-139
3680.jpg,1710,1750,40
3685.jpg,1710,1820,110
3690.jpg,1710,1750,40
3695.jpg,1710,1750,40
3700.jpg,1710,1850,140
3705.jpg,1710,1850,140
3710.jpg,1710,1754,44
3715.jpg,1711,1920,209
3720.jpg,1711,1750,39
3725.jpg,1711,1750,39
3730.jpg,1711,1718,7
3735.jpg,1711,1650,-61
3740.jpg,1712,1900,188
3745.jpg,1712,1850,138
3750.jpg,1713,1678,-35
3755.jpg,1713,1790,77
3760.jpg,1713,1742,29
3765.jpg,1713,1657,-56
3770.jpg,1714,1750,36
3775.jpg,1714,1765,51
3780.jpg,1714,1870,156
3785.jpg,1714,1900,186
3790.jpg,1715,1715,0
3795.jpg,1715,1900,185
3800.jpg,1715,1880,165
3805.jpg,1715,1231,-484
3810.jpg,1715,1720,5
3815.jpg,1715,1750,35
3820.jpg,1715,1850,135
3825.jpg,1715,1730,15
3830.jpg,1715,1730,15
3835.jpg,1716,1700,-16
3840.jpg,1716,1846,130
3845.jpg,1716,1848,132
3850.jpg,1716,1880,164
3855.jpg,1716,1720,4
3860.jpg,1716,1750,34
3865.jpg,1717,1750,33
3870.jpg,1717,1636,-81
3875.jpg,1717,1773,56
3880.jpg,1718,1713,-5
3885.jpg,1718,1703,-15
3890.jpg,1719,1743,24
3895.jpg,1719,1750,31
3900.jpg,1719,1713,-6
3905.jpg,1719,1850,131
3910.jpg,1720,1758,38
3915.jpg,1720,1825,105
3920.jpg,1720,1800,80
3925.jpg,1720,1720,0
3930.jpg,1720,1920,200
3935.jpg,1720,1750,30
3940.jpg,1720,1750,30
3945.jpg,1720,1900,180
3950.jpg,1720,1760,40
3955.jpg,1720,1810,90
3960.jpg,1720,1820,100
3965.jpg,1720,1750,30
3970.jpg,1720,1514,-206
3975.jpg,1721,1850,129
3980.jpg,1721,1800,79
3985.jpg,1721,1728,7
3990.jpg,1721,1733,12
3995.jpg,1721,1771,50
4000.jpg,1722,1722,0
4005.jpg,1722,1722,0
4010.jpg,1722,1750,28
4015.jpg,1722,1750,28
4020.jpg,1722,1765,43
4025.jpg,1723,1714,-9
4030.jpg,1723,1850,127
4035.jpg,1723,1820,97
4040.jpg,1723,1850,127
4045.jpg,1723,1710,-13
4050.jpg,1723,1700,-23
4055.jpg,1723,1905,182
4060.jpg,1724,1920,196
4065.jpg,1724,1920,196
4070.jpg,1724,1760,36
4075.jpg,1724,1750,26
4080.jpg,1724,1750,26
4085.jpg,1724,1570,-154
4090.jpg,1724,1720,-4
4095.jpg,1724,1566,-158
4100.jpg,1725,1880,155
4105.jpg,1725,1850,125
4110.jpg,1725,1912,187
4115.jpg,1725,1720,-5
4120.jpg,1725,1830,105
4125.jpg,1725,1750,25
4130.jpg,1725,1733,8
4135.jpg,1725,1723,-2
4140.jpg,1725,1750,25
4145.jpg,1725,1750,25
4150.jpg,1725,1650,-75
4155.jpg,1725,1752,27
4160.jpg,1726,1863,137
4165.jpg,1726,1720,-6
4170.jpg,1726,1750,24
4175.jpg,1726,1932,206
4180.jpg,1726,1600,-126
4185.jpg,1727,1750,23
4190.jpg,1727,1750,23
4195.jpg,1727,1764,37
4200.jpg,1727,1768,41
4205.jpg,1727,1768,41
4210.jpg,1727,1844,117
4215.jpg,1728,1857,129
4220.jpg,1728,1880,152
4225.jpg,1728,1710,-18
4230.jpg,1728,1751,23
4235.jpg,1728,1930,202
4240.jpg,1728,1918,190
4245.jpg,1728,1750,22
4250.jpg,1729,1751,22
4255.jpg,1729,1890,161
4260.jpg,1729,1750,21
4265.jpg,1729,1750,21
4270.jpg,1729,1660,-69
4275.jpg,1730,1820,90
4280.jpg,1730,1725,-5
4285.jpg,1730,1750,20
4290.jpg,1730,1730,0
4295.jpg,1730,1900,170
4300.jpg,1730,1850,120
4305.jpg,1730,1870,140
4310.jpg,1730,1850,120
4315.jpg,1730,1820,90
4320.jpg,1730,1726,-4
4325.jpg,1730,1924,194
4330.jpg,1730,1830,100
4335.jpg,1730,1750,20
4340.jpg,1730,1750,20
4345.jpg,1730,1750,20
4350.jpg,1730,1829,99
4355.jpg,1730,1937,207
4360.jpg,1730,1938,208
4365.jpg,1730,1966,236
4370.jpg,1731,1865,134
4375.jpg,1731,1722,-9
4380.jpg,1731,1750,19
4385.jpg,1731,1700,-31
4390.jpg,1732,1813,81
4395.jpg,1732,1769,37
4400.jpg,1732,1850,118
4405.jpg,1732,1750,18
4410.jpg,1732,1850,118
4415.jpg,1732,1750,18
4420.jpg,1732,1700,-32
4425.jpg,1732,1552,-180
4430.jpg,1732,1467,-265
4435.jpg,1733,1720,-13
4440.jpg,1733,1750,17
4445.jpg,1733,1750,17
4450.jpg,1733,1750,17
4455.jpg,1733,1732,-1
4460.jpg,1733,1780,47
4465.jpg,1733,1935,202
4470.jpg,1733,1826,93
4475.jpg,1734,1750,16
4480.jpg,1734,1705,-29
4485.jpg,1734,1898,164
4490.jpg,1734,1800,66
4495.jpg,1735,1830,95
4505.jpg,1735,1750,15
4510.jpg,1735,1738,3
4515.jpg,1735,1803,68
4520.jpg,1735,1750,15
4525.jpg,1735,1838,103
4530.jpg,1735,1836,101
4535.jpg,1735,1750,15
4545.jpg,1736,1873,137
4550.jpg,1736,1719,-17
4555.jpg,1736,1752,16
4560.jpg,1736,1532,-204
4565.jpg,1736,1630,-106
4570.jpg,1736,1825,89
4575.jpg,1737,1875,138
4580.jpg,1737,1750,13
4585.jpg,1737,1850,113
4590.jpg,1737,1925,188
4595.jpg,1737,1660,-77
4600.jpg,1737,1850,113
4605.jpg,1738,1826,88
4610.jpg,1738,1730,-8
4615.jpg,1738,1890,152
4620.jpg,1738,1768,30
4625.jpg,1738,1700,-38
4630.jpg,1738,1870,132
4635.jpg,1738,1753,15
4640.jpg,1739,1769,30
4645.jpg,1739,1750,11
4650.jpg,1739,1890,151
4655.jpg,1739,1750,11
4660.jpg,1739,1750,11
4665.jpg,1740,1750,10
4670.jpg,1740,1750,10
4675.jpg,1740,1850,110
4680.jpg,1740,1820,80
4685.jpg,1740,1701,-39
4690.jpg,1740,1750,10
4695.jpg,1740,1750,10
4700.jpg,1740,1750,10
4705.jpg,1740,1850,110
4710.jpg,1740,1725,-15
4715.jpg,1740,1720,-20
4720.jpg,1740,1899,159
4725.jpg,1740,1750,10
4730.jpg,1740,1750,10
4735.jpg,1740,1850,110
4740.jpg,1740,1456,-284
4745.jpg,1740,1900,160
4750.jpg,1741,1889,148
4755.jpg,1741,1750,9
4760.jpg,1741,1950,209
4765.jpg,1741,1850,109
4770.jpg,1741,1662,-79
4775.jpg,1741,2000,259
4780.jpg,1742,715,-1027
4785.jpg,1742,1753,11
4790.jpg,1742,1750,8
4795.jpg,1742,1750,8
4800.jpg,1742,1750,8
4805.jpg,1742,1750,8
4810.jpg,1742,1700,-42
4815.jpg,1742,1750,8
4820.jpg,1743,1950,207
4825.jpg,1743,1740,-3
4835.jpg,1743,1750,7
4840.jpg,1743,1800,57
4845.jpg,1744,1715,-29
4850.jpg,1744,1715,-29
4855.jpg,1744,1750,6
4860.jpg,1744,1733,-11
4865.jpg,1744,1665,-79
4870.jpg,1745,1928,183
4875.jpg,1745,1750,5
4880.jpg,1745,1750,5
4885.jpg,1745,1297,-448
4890.jpg,1745,1780,35
4895.jpg,1745,1769,24
4900.jpg,1745,1730,-15
4905.jpg,1745,1745,0
4910.jpg,1746,1880,134
4915.jpg,1746,1720,-26
4920.jpg,1746,1720,-26
4925.jpg,1746,1250,-496
4930.jpg,1747,1808,61
4935.jpg,1747,1839,92
4940.jpg,1747,1753,6
4945.jpg,1747,1750,3
4950.jpg,1747,1700,-47
4955.jpg,1747,1662,-85
4960.jpg,1747,1960,213
4965.jpg,1748,1850,102
4970.jpg,1748,1768,20
4975.jpg,1748,1750,2
4980.jpg,1748,1850,102
4985.jpg,1748,1750,2
4990.jpg,1749,1850,101
4995.jpg,1749,1857,108
5000.jpg,1749,1737,-12
5005.jpg,1749,1850,101
5010.jpg,1749,1880,131
5015.jpg,1750,1850,100
5020.jpg,1750,1874,124
5025.jpg,1750,1850,100
5030.jpg,1750,1750,0
5035.jpg,1750,1840,90
5040.jpg,1750,1750,0
5045.jpg,1750,1750,0
5050.jpg,1750,1850,100
5060.jpg,1750,1727,-23
5065.jpg,1750,1850,100
5070.jpg,1750,1765,15
5075.jpg,1750,1820,70
5080.jpg,1750,1750,0
5085.jpg,1750,1850,100
5090.jpg,1750,1750,0
5095.jpg,1750,1750,0
5100.jpg,1750,1850,100
5105.jpg,1750,1850,100
5110.jpg,1750,1750,0
5115.jpg,1750,1753,3
5120.jpg,1750,1750,0
5125.jpg,1750,1700,-50
5130.jpg,1750,1850,100
5135.jpg,1750,1850,100
5140.jpg,1750,1850,100
5145.jpg,1750,1750,0
5150.jpg,1750,1700,-50
5155.jpg,1750,1750,0
5160.jpg,1750,1740,-10
5165.jpg,1750,1950,200
5170.jpg,1750,1750,0
5175.jpg,1750,1838,88
5180.jpg,1750,1850,100
5185.jpg,1750,2010,260
5190.jpg,1750,1753,3
5195.jpg,1751,1879,128
5200.jpg,1751,1753,2
5205.jpg,1751,1850,99
5210.jpg,1751,1900,149
5215.jpg,1751,1750,-1
5220.jpg,1751,1300,-451
5225.jpg,1752,1850,98
5230.jpg,1752,1850,98
5235.jpg,1752,1750,-2
5240.jpg,1752,1785,33
5245.jpg,1752,1833,81
5250.jpg,1752,1704,-48
5255.jpg,1752,1750,-2
5260.jpg,1752,1750,-2
5265.jpg,1752,1717,-35
5270.jpg,1752,1735,-17
5275.jpg,1752,1789,37
5285.jpg,1753,1829,76
5290.jpg,1753,1750,-3
5295.jpg,1753,1820,67
5300.jpg,1753,1850,97
5305.jpg,1753,1750,-3
5310.jpg,1753,1748,-5
5315.jpg,1753,1650,-103
5320.jpg,1753,1903,150
5325.jpg,1754,1850,96
5330.jpg,1754,1734,-20
5335.jpg,1754,1734,-20
5340.jpg,1754,1896,142
5345.jpg,1754,1770,16
5350.jpg,1754,1760,6
5355.jpg,1754,1800,46
5360.jpg,1754,1768,14
5365.jpg,1754,1894,140
5370.jpg,1755,1750,-5
5375.jpg,1755,1850,95
5380.jpg,1755,1750,-5
5385.jpg,1755,1856,101
5390.jpg,1755,1750,-5
5395.jpg,1755,1850,95
5400.jpg,1755,1764,9
5405.jpg,1755,1850,95
5410.jpg,1755,1759,4
5415.jpg,1756,1820,64
5420.jpg,1756,1880,124
5425.jpg,1756,1800,44
5430.jpg,1756,1850,94
5435.jpg,1756,1750,-6
5440.jpg,1756,1750,-6
5445.jpg,1756,1750,-6
5450.jpg,1756,1795,39
5455.jpg,1756,1700,-56
5460.jpg,1756,1815,59
5470.jpg,1757,1753,-4
5475.jpg,1757,1733,-24
5480.jpg,1757,1850,93
5485.jpg,1757,1908,151
5490.jpg,1757,1850,93
5495.jpg,1757,1930,173
5500.jpg,1758,1772,14
5505.jpg,1758,1769,11
5510.jpg,1758,1750,-8
5515.jpg,1758,1920,162
5520.jpg,1758,1750,-8
5525.jpg,1758,1850,92
5530.jpg,1758,1823,65
5535.jpg,1759,1840,81
5540.jpg,1759,1750,-9
5545.jpg,1759,1850,91
5550.jpg,1759,1838,79
5555.jpg,1759,1750,-9
5560.jpg,1759,1735,-24
5565.jpg,1760,1780,20
5570.jpg,1760,1827,67
5575.jpg,1760,1840,80
5580.jpg,1760,1870,110
5585.jpg,1760,1300,-460
5590.jpg,1761,1769,8
5595.jpg,1761,1772,11
5600.jpg,1761,1850,89
5605.jpg,1761,1850,89
5610.jpg,1761,1880,119
5615.jpg,1761,1850,89
5620.jpg,1761,1697,-64
5625.jpg,1761,1771,10
5630.jpg,1762,1850,88
5635.jpg,1762,1705,-57
5640.jpg,1762,1850,88
5645.jpg,1762,1850,88
5650.jpg,1762,1758,-4
5655.jpg,1762,1720,-42
5660.jpg,1762,1840,78
5665.jpg,1762,1769,7
5670.jpg,1763,1900,137
5675.jpg,1763,1770,7
5680.jpg,1763,1800,37
5685.jpg,1763,1806,43
5690.jpg,1763,1750,-13
5695.jpg,1763,1750,-13
5700.jpg,1763,1485,-278
5705.jpg,1763,1805,42
5710.jpg,1764,1850,86
5715.jpg,1764,1825,61
5720.jpg,1764,1820,56
5725.jpg,1764,1750,-14
5730.jpg,1764,1750,-14
5735.jpg,1764,1850,86
5740.jpg,1764,1750,-14
5745.jpg,1764,1765,1
5750.jpg,1764,1775,11
5755.jpg,1764,1823,59
5765.jpg,1765,1687,-78
5770.jpg,1765,1850,85
5775.jpg,1765,1850,85
5780.jpg,1765,1920,155
5785.jpg,1765,1890,125
5790.jpg,1765,1750,-15
5795.jpg,1765,1832,67
5800.jpg,1765,1753,-12
5805.jpg,1765,1750,-15
5810.jpg,1765,1750,-15
5815.jpg,1765,1750,-15
5820.jpg,1765,1820,55
5825.jpg,1765,1750,-15
5830.jpg,1765,1870,105
5835.jpg,1766,1764,-2
5840.jpg,1766,1860,94
5845.jpg,1766,1755,-11
5850.jpg,1766,1600,-166
5855.jpg,1766,1750,-16
5860.jpg,1766,1760,-6
5865.jpg,1766,1850,84
5870.jpg,1766,1772,6
5875.jpg,1767,1762,-5
5880.jpg,1767,1750,-17
5885.jpg,1767,1874,107
5890.jpg,1767,1764,-3
5895.jpg,1768,1850,82
5900.jpg,1768,1825,57
5905.jpg,1768,1750,-18
5910.jpg,1768,1850,82
5915.jpg,1768,1840,72
5920.jpg,1768,1750,-18
5925.jpg,1768,1774,6
5930.jpg,1768,1736,-32
5935.jpg,1768,1750,-18
5940.jpg,1768,1930,162
5945.jpg,1769,1750,-19
5950.jpg,1769,1750,-19
5955.jpg,1769,1750,-19
5960.jpg,1769,1750,-19
5965.jpg,1769,1753,-16
5970.jpg,1769,1800,31
5975.jpg,1769,1750,-19
5980.jpg,1769,1750,-19
5985.jpg,1769,1825,56
5990.jpg,1769,1850,81
5995.jpg,1769,1665,-104
6000.jpg,1770,1925,155
6005.jpg,1770,1668,-102
6010.jpg,1770,1750,-20
6015.jpg,1770,1750,-20
6020.jpg,1770,1750,-20
6025.jpg,1770,1793,23
6030.jpg,1770,1750,-20
6035.jpg,1770,1735,-35
6040.jpg,1770,1750,-20
6045.jpg,1770,1850,80
6050.jpg,1770,1750,-20
6055.jpg,1770,1850,80
6060.jpg,1770,1850,80
6065.jpg,1770,1725,-45
6070.jpg,1770,1950,180
6075.jpg,1770,1850,80
6080.jpg,1770,1750,-20
6085.jpg,1770,1840,70
6090.jpg,1770,1750,-20
6095.jpg,1770,1774,4
6100.jpg,1770,1710,-60
6105.jpg,1770,1700,-70
6115.jpg,1771,1880,109
6120.jpg,1771,1838,67
6125.jpg,1771,1850,79
6130.jpg,1771,1787,16
6135.jpg,1771,1755,-16
6140.jpg,1771,1750,-21
6145.jpg,1771,1750,-21
6150.jpg,1771,1850,79
6155.jpg,1771,1700,-71
6160.jpg,1771,1797,26
6165.jpg,1771,1715,-56
6170.jpg,1772,1823,51
6175.jpg,1772,1796,24
6180.jpg,1772,1739,-33
6185.jpg,1772,1700,-72
6190.jpg,1772,1626,-146
6195.jpg,1773,1820,47
6200.jpg,1773,1830,57
6205.jpg,1773,1750,-23
6210.jpg,1773,1850,77
6215.jpg,1773,1830,57
6220.jpg,1773,1750,-23
6225.jpg,1773,1750,-23
6230.jpg,1773,1750,-23
6235.jpg,1773,1850,77
6240.jpg,1774,1848,74
6245.jpg,1774,1841,67
6250.jpg,1774,1774,0
6255.jpg,1774,1730,-44
6260.jpg,1774,1750,-24
6265.jpg,1774,1820,46
6270.jpg,1774,1750,-24
6275.jpg,1774,1767,-7
6280.jpg,1774,1840,66
6285.jpg,1774,1774,0
6290.jpg,1774,1925,151
6295.jpg,1774,1850,76
6300.jpg,1774,1750,-24
6305.jpg,1775,1820,45
6310.jpg,1775,1750,-25
6315.jpg,1775,1820,45
6320.jpg,1775,1750,-25
6325.jpg,1775,1750,-25
6330.jpg,1775,1800,25
6335.jpg,1775,1850,75
6350.jpg,1775,1850,75
6355.jpg,1775,1850,75
6360.jpg,1775,1800,25
6365.jpg,1775,1750,-25
6370.jpg,1775,1754,-21
6375.jpg,1775,1825,50
6380.jpg,1775,1560,-215
6385.jpg,1775,1600,-175
6390.jpg,1775,1750,-25
6395.jpg,1775,1717,-58
6405.jpg,1776,1737,-39
6410.jpg,1776,1920,144
6415.jpg,1776,1820,44
6420.jpg,1776,1750,-26
6425.jpg,1776,1723,-53
6430.jpg,1776,1850,74
6435.jpg,1776,1750,-26
6440.jpg,1776,1780,4
6445.jpg,1777,1750,-27
6450.jpg,1777,1744,-33
6455.jpg,1777,1895,118
6460.jpg,1777,1750,-27
6465.jpg,1777,1840,63
6470.jpg,1777,1921,144
6475.jpg,1777,1200,-577
6480.jpg,1777,1934,157
6485.jpg,1778,1861,83
6495.jpg,1778,1760,-18
6500.jpg,1778,1826,48
6505.jpg,1778,1850,72
6510.jpg,1778,1850,72
6515.jpg,1779,1872,93
6520.jpg,1779,1836,57
6525.jpg,1779,1820,41
6530.jpg,1779,1750,-29
6535.jpg,1779,1774,-5
6540.jpg,1779,1750,-29
6545.jpg,1779,1725,-54
6550.jpg,1779,1770,-9
6555.jpg,1780,1826,46
6560.jpg,1780,1763,-17
6565.jpg,1780,1850,70
6570.jpg,1780,1844,64
6575.jpg,1780,1950,170
6580.jpg,1780,1850,70
6585.jpg,1780,1820,40
6590.jpg,1780,1880,100
6595.jpg,1780,1850,70
6600.jpg,1780,1750,-30
6605.jpg,1780,1750,-30
6610.jpg,1780,1900,120
6615.jpg,1780,1840,60
6620.jpg,1780,1750,-30
6625.jpg,1780,1850,70
6630.jpg,1780,1850,70
6635.jpg,1780,1750,-30
6640.jpg,1780,1850,70
6645.jpg,1780,1750,-30
6650.jpg,1780,1850,70
6655.jpg,1780,1880,100
6660.jpg,1780,1850,70
6665.jpg,1780,1787,7
6670.jpg,1781,1920,139
6675.jpg,1781,1845,64
6680.jpg,1781,1758,-23
6685.jpg,1781,1730,-51
6690.jpg,1781,1910,129
6695.jpg,1781,1850,69
6700.jpg,1781,1861,80
6705.jpg,1781,1914,133
6710.jpg,1782,1875,93
6715.jpg,1782,1877,95
6720.jpg,1782,1750,-32
6725.jpg,1782,1850,68
6730.jpg,1782,1760,-22
6735.jpg,1782,1850,68
6740.jpg,1782,1800,18
6745.jpg,1782,1702,-80
6750.jpg,1782,1769,-13
6755.jpg,1783,1685,-98
6760.jpg,1783,1769,-14
6765.jpg,1783,1943,160
6770.jpg,1783,1890,107
6775.jpg,1783,1850,67
6780.jpg,1783,1760,-23
6785.jpg,1783,0,-1783
6790.jpg,1783,1750,-33
6795.jpg,1783,1850,67
6800.jpg,1783,1950,167
6805.jpg,1783,1827,44
6810.jpg,1784,1850,66
6815.jpg,1784,1898,114
6820.jpg,1784,1753,-31
6825.jpg,1784,1850,66
6830.jpg,1784,1760,-24
6835.jpg,1784,1850,66
6840.jpg,1784,1837,53
6845.jpg,1784,1920,136
6850.jpg,1784,1600,-184
6855.jpg,1784,1700,-84
6860.jpg,1785,1830,45
6865.jpg,1785,1830,45
6870.jpg,1785,1750,-35
6875.jpg,1785,1768,-17
6880.jpg,1785,1799,14
6885.jpg,1785,1840,55
6890.jpg,1785,1850,65
6895.jpg,1785,1753,-32
6900.jpg,1785,1767,-18
6905.jpg,1785,1850,65
6910.jpg,1785,1832,47
6915.jpg,1785,1753,-32
6920.jpg,1785,1850,65
6925.jpg,1785,1750,-35
6930.jpg,1785,1850,65
6935.jpg,1785,1850,65
6940.jpg,1785,1805,20
6945.jpg,1785,1469,-316
6950.jpg,1786,1774,-12
6955.jpg,1786,1850,64
6960.jpg,1786,1820,34
6965.jpg,1786,1750,-36
6970.jpg,1786,1760,-26
6975.jpg,1786,1765,-21
6980.jpg,1786,1788,2
6985.jpg,1786,1844,58
6990.jpg,1786,1750,-36
6995.jpg,1786,1930,144
7000.jpg,1786,1786,0
7005.jpg,1787,1850,63
7010.jpg,1787,1753,-34
7015.jpg,1787,1750,-37
7020.jpg,1787,1910,123
7025.jpg,1787,1848,61
7030.jpg,1787,1790,3
7035.jpg,1787,1750,-37
7040.jpg,1787,1850,63
7045.jpg,1787,1835,48
7050.jpg,1787,1850,63
7055.jpg,1787,1753,-34
7060.jpg,1787,1920,133
7065.jpg,1787,1820,33
7070.jpg,1787,1850,63
7075.jpg,1787,1700,-87
7080.jpg,1787,1817,30
7085.jpg,1787,1850,63
7090.jpg,1788,1828,40
7095.jpg,1788,1776,-12
7100.jpg,1788,1792,4
7105.jpg,1788,1820,32
7110.jpg,1788,1850,62
7115.jpg,1788,1840,52
7120.jpg,1788,1820,32
7125.jpg,1788,1927,139
7130.jpg,1788,1750,-38
7135.jpg,1788,1780,-8
7140.jpg,1788,1750,-38
7145.jpg,1789,1864,75
7150.jpg,1789,1753,-36
7155.jpg,1789,1797,8
7160.jpg,1789,1880,91
7165.jpg,1789,1750,-39
7170.jpg,1789,1819,30
7175.jpg,1789,1800,11
7180.jpg,1789,1850,61
7185.jpg,1789,1830,41
7190.jpg,1789,1700,-89
7195.jpg,1789,1846,57
7200.jpg,1790,1836,46
7205.jpg,1790,1820,30
7210.jpg,1790,1850,60
7215.jpg,1790,1848,58
7220.jpg,1790,1850,60
7225.jpg,1790,1750,-40
7230.jpg,1790,1750,-40
7235.jpg,1790,1820,30
7240.jpg,1790,1820,30
7245.jpg,1790,1840,50
7250.jpg,1790,1820,30
7255.jpg,1790,1880,90
7260.jpg,1790,1850,60
7265.jpg,1790,1860,70
7270.jpg,1790,1750,-40
7275.jpg,1790,1832,42
7280.jpg,1790,1820,30
7285.jpg,1790,1774,-16
7290.jpg,1790,1900,110
7295.jpg,1790,1750,-40
7300.jpg,1790,1750,-40
7305.jpg,1790,1800,10
7310.jpg,1790,1750,-40
7315.jpg,1790,1750,-40
7320.jpg,1790,1850,60
7325.jpg,1790,1820,30
7330.jpg,1790,1767,-23
7335.jpg,1790,1750,-40
7340.jpg,1790,1820,30
7345.jpg,1790,1850,60
7350.jpg,1790,1850,60
7355.jpg,1790,1850,60
7360.jpg,1790,1840,50
7365.jpg,1790,1750,-40
7370.jpg,1790,1769,-21
7375.jpg,1790,1850,60
7380.jpg,1790,1570,-220
7385.jpg,1791,1913,122
7390.jpg,1791,1845,54
7395.jpg,1791,1753,-38
7400.jpg,1791,1800,9
7405.jpg,1791,1850,59
7410.jpg,1791,1750,-41
7415.jpg,1791,1930,139
7420.jpg,1791,1750,-41
7425.jpg,1791,1830,39
7430.jpg,1791,1827,36
7435.jpg,1791,1880,89
7440.jpg,1792,1900,108
7445.jpg,1792,1850,58
7450.jpg,1792,1762,-30
7455.jpg,1792,1885,93
7460.jpg,1792,1857,65
7465.jpg,1792,1750,-42
7470.jpg,1792,1840,48
7475.jpg,1792,1850,58
7480.jpg,1792,1820,28
7485.jpg,1792,1750,-42
7490.jpg,1792,1800,8
7495.jpg,1792,1773,-19
7500.jpg,1792,1750,-42
7505.jpg,1792,1870,78
7510.jpg,1793,1890,97
7515.jpg,1793,1989,196
7520.jpg,1793,1936,143
7525.jpg,1793,1834,41
7530.jpg,1793,1745,-48
7535.jpg,1793,1826,33
7540.jpg,1793,1774,-19
7545.jpg,1793,1890,97
7550.jpg,1793,1876,83
7555.jpg,1793,1790,-3
7560.jpg,1793,1830,37
7565.jpg,1793,1820,27
7570.jpg,1793,1838,45
7575.jpg,1793,1850,57
7580.jpg,1793,1750,-43
7585.jpg,1793,1850,57
7590.jpg,1793,1830,37
7595.jpg,1794,1884,90
7600.jpg,1794,1889,95
7605.jpg,1794,1850,56
7610.jpg,1794,1820,26
7615.jpg,1794,1821,27
7620.jpg,1794,1820,26
7625.jpg,1794,1850,56
7630.jpg,1794,1760,-34
7635.jpg,1794,1750,-44
7640.jpg,1794,1835,41
7645.jpg,1794,1730,-64
7650.jpg,1794,1850,56
7655.jpg,1795,1791,-4
7660.jpg,1795,1937,142
7665.jpg,1795,1878,83
7670.jpg,1795,1846,51
7675.jpg,1795,1816,21
7680.jpg,1795,1750,-45
7685.jpg,1795,1750,-45
7690.jpg,1795,1835,40
7695.jpg,1795,1850,55
7700.jpg,1795,1848,53
7705.jpg,1795,1816,21
7710.jpg,1795,1850,55
7715.jpg,1795,1840,45
7720.jpg,1795,1850,55
7725.jpg,1795,1710,-85
7730.jpg,1795,1750,-45
7735.jpg,1795,1835,40
7740.jpg,1795,1850,55
7745.jpg,1795,1920,125
7750.jpg,1795,1850,55
7755.jpg,1795,1820,25
7760.jpg,1795,1840,45
7765.jpg,1795,1850,55
7775.jpg,1796,1846,50
7780.jpg,1796,1769,-27
7785.jpg,1796,1850,54
7790.jpg,1796,1846,50
7795.jpg,1796,1756,-40
7800.jpg,1796,1750,-46
7805.jpg,1796,1750,-46
7810.jpg,1796,1850,54
7815.jpg,1796,1850,54
7820.jpg,1796,1785,-11
7825.jpg,1796,1800,4
7830.jpg,1796,1830,34
7840.jpg,1796,1750,-46
7845.jpg,1796,1815,19
7850.jpg,1796,1820,24
7855.jpg,1796,1800,4
7860.jpg,1796,1880,84
7865.jpg,1796,1850,54
7870.jpg,1796,1750,-46
7875.jpg,1796,1867,71
7880.jpg,1797,1800,3
7885.jpg,1797,1779,-18
7890.jpg,1797,1818,21
7895.jpg,1797,1750,-47
7900.jpg,1797,1850,53
7905.jpg,1797,1838,41
7915.jpg,1797,1821,24
7920.jpg,1797,1920,123
7925.jpg,1797,1790,-7
7930.jpg,1797,1930,133
7935.jpg,1797,1940,143
7940.jpg,1797,1700,-97
7945.jpg,1797,1700,-97
7950.jpg,1797,1920,123
7955.jpg,1798,1877,79
7960.jpg,1798,1790,-8
7965.jpg,1798,1715,-83
7970.jpg,1798,1800,2
7975.jpg,1798,1841,43
7980.jpg,1798,1750,-48
7985.jpg,1798,1874,76
7990.jpg,1798,1850,52
7995.jpg,1798,1847,49
8000.jpg,1798,1870,72
8005.jpg,1798,1850,52
8010.jpg,1798,1850,52
8015.jpg,1798,1832,34
8020.jpg,1798,1832,34
8025.jpg,1798,1787,-11
8030.jpg,1798,1900,102
8035.jpg,1798,1850,52
8040.jpg,1798,1950,152
8045.jpg,1798,1750,-48
8055.jpg,1798,1825,27
8060.jpg,1799,1998,199
8065.jpg,1799,1875,76
8070.jpg,1799,1825,26
8075.jpg,1799,1750,-49
8080.jpg,1799,1816,17
8085.jpg,1799,1800,1
8090.jpg,1799,1750,-49
8095.jpg,1799,1764,-35
8100.jpg,1799,1840,41
8105.jpg,1799,1850,51
8110.jpg,1799,1592,-207
8115.jpg,1800,1800,0
8120.jpg,1800,1910,110
8125.jpg,1800,1850,50
8130.jpg,1800,1840,40
8135.jpg,1800,1850,50
8140.jpg,1800,1818,18
8145.jpg,1800,1850,50
8150.jpg,1800,1850,50
8155.jpg,1800,1850,50
8160.jpg,1800,1850,50
8165.jpg,1800,1820,20
8170.jpg,1800,1800,0
8175.jpg,1800,1800,0
8180.jpg,1800,1930,130
8185.jpg,1800,1880,80
8190.jpg,1800,1750,-50
8195.jpg,1800,1850,50
8200.jpg,1800,1950,150
8205.jpg,1800,1750,-50
8210.jpg,1800,1850,50
8215.jpg,1800,1890,90
8220.jpg,1800,1850,50
8225.jpg,1800,1850,50
8230.jpg,1800,1850,50
8235.jpg,1800,1850,50
8240.jpg,1800,1900,100
8245.jpg,1800,1850,50
8250.jpg,1800,1800,0
8255.jpg,1800,1850,50
8260.jpg,1800,1750,-50
8265.jpg,1800,1820,20
8270.jpg,1800,1760,-40
8275.jpg,1800,1750,-50
8280.jpg,1800,1750,-50
8285.jpg,1800,1920,120
8295.jpg,1800,1925,125
8300.jpg,1801,1872,71
8305.jpg,1801,1942,141
8310.jpg,1801,1830,29
8315.jpg,1801,1880,79
8320.jpg,1801,1850,49
8325.jpg,1801,1855,54
8330.jpg,1801,1753,-48
8335.jpg,1801,1931,130
8340.jpg,1801,1786,-15
8345.jpg,1801,1840,39
8350.jpg,1801,1815,14
8355.jpg,1801,1850,49
8360.jpg,1801,1850,49
8365.jpg,1801,1870,69
8375.jpg,1802,1938,136
8380.jpg,1802,1884,82
8385.jpg,1802,1850,48
8390.jpg,1802,1800,-2
8395.jpg,1802,1870,68
8400.jpg,1802,1850,48
8405.jpg,1802,1850,48
8410.jpg,1802,1785,-17
8415.jpg,1802,1866,64
8420.jpg,1802,1840,38
8425.jpg,1802,1640,-162
8430.jpg,1802,1816,14
8435.jpg,1802,1705,-97
8440.jpg,1803,1897,94
8445.jpg,1803,1840,37
8450.jpg,1803,1828,25
8455.jpg,1803,1806,3
8460.jpg,1803,1783,-20
8465.jpg,1803,1830,27
8470.jpg,1803,1890,87
8475.jpg,1803,1850,47
8480.jpg,1803,1850,47
8485.jpg,1803,1800,-3
8490.jpg,1803,1838,35
8495.jpg,1803,1803,0
8500.jpg,1803,1820,17
8505.jpg,1803,1816,13
8515.jpg,1804,1880,76
8520.jpg,1804,1927,123
8525.jpg,1804,1763,-41
8530.jpg,1804,1880,76
8535.jpg,1804,1850,46
8540.jpg,1804,1907,103
8545.jpg,1804,1830,26
8550.jpg,1804,1840,36
8555.jpg,1804,1850,46
8560.jpg,1804,1750,-54
8565.jpg,1804,1850,46
8570.jpg,1804,1750,-54
8575.jpg,1804,1850,46
8580.jpg,1804,1832,28
8585.jpg,1805,1816,11
8590.jpg,1805,1845,40
8595.jpg,1805,1760,-45
8600.jpg,1805,1965,160
8605.jpg,1805,1793,-12
8610.jpg,1805,1840,35
8615.jpg,1805,1850,45
8620.jpg,1805,1781,-24
8625.jpg,1805,1850,45
8630.jpg,1805,1200,-605
8635.jpg,1805,1893,88
8640.jpg,1805,1750,-55
8645.jpg,1805,1838,33
8650.jpg,1805,1870,65
8655.jpg,1805,1879,74
8660.jpg,1805,1850,45
8665.jpg,1805,1820,15
8670.jpg,1805,1760,-45
8675.jpg,1805,1803,-2
8680.jpg,1805,1820,15
8685.jpg,1805,1850,45
8690.jpg,1805,1827,22
8695.jpg,1806,1805,-1
8700.jpg,1806,1746,-60
8705.jpg,1806,1832,26
8710.jpg,1806,1820,14
8715.jpg,1806,1800,-6
8720.jpg,1806,1920,114
8725.jpg,1806,1890,84
8730.jpg,1806,1820,14
8735.jpg,1806,1820,14
8740.jpg,1806,1940,134
8745.jpg,1806,1840,34
8750.jpg,1806,1850,44
8755.jpg,1806,1820,14
8765.jpg,1807,1820,13
8770.jpg,1807,1850,43
8775.jpg,1807,1872,65
8780.jpg,1807,1850,43
8785.jpg,1807,1941,134
8790.jpg,1807,1750,-57
8795.jpg,1807,1850,43
8800.jpg,1807,1832,25
8805.jpg,1807,1850,43
8810.jpg,1807,1850,43
8815.jpg,1807,1750,-57
8820.jpg,1807,1850,43
8825.jpg,1807,1820,13
8830.jpg,1807,1825,18
8835.jpg,1807,1890,83
8840.jpg,1808,1809,1
8845.jpg,1808,1900,92
8850.jpg,1808,1860,52
8855.jpg,1808,1820,12
8860.jpg,1808,1890,82
8865.jpg,1808,1850,42
8875.jpg,1808,1830,22
8880.jpg,1808,1790,-18
8885.jpg,1808,1830,22
8890.jpg,1808,1820,12
8895.jpg,1808,1772,-36
8900.jpg,1808,1850,42
8905.jpg,1808,1890,82
8910.jpg,1809,1800,-9
8915.jpg,1809,1858,49
8920.jpg,1809,1873,64
8925.jpg,1809,1850,41
8930.jpg,1809,1850,41
8935.jpg,1809,1930,121
8940.jpg,1809,1832,23
8945.jpg,1809,1825,16
8950.jpg,1809,1835,26
8955.jpg,1809,1926,117
8965.jpg,1809,1807,-2
8970.jpg,1809,1850,41
8975.jpg,1810,1840,30
8980.jpg,1810,1870,60
8985.jpg,1810,1857,47
8995.jpg,1810,1871,61
9000.jpg,1810,1850,40
9005.jpg,1810,1900,90
9010.jpg,1810,1847,37
9015.jpg,1810,1760,-50
9020.jpg,1810,1850,40
9025.jpg,1810,1850,40
9030.jpg,1810,1850,40
9035.jpg,1810,1850,40
9040.jpg,1810,1920,110
9045.jpg,1810,1750,-60
9050.jpg,1810,1750,-60
9055.jpg,1810,1800,-10
9060.jpg,1810,1900,90
9065.jpg,1810,1825,15
9070.jpg,1810,1850,40
9075.jpg,1810,1850,40
9080.jpg,1810,1850,40
9085.jpg,1810,1850,40
9090.jpg,1810,1820,10
9095.jpg,1810,1850,40
9100.jpg,1810,1850,40
9105.jpg,1810,1820,10
9110.jpg,1810,1920,110
9115.jpg,1810,1850,40
9120.jpg,1810,1850,40
9125.jpg,1810,1880,70
9130.jpg,1810,1850,40
9135.jpg,1810,1900,90
9140.jpg,1810,1920,110
9145.jpg,1810,1850,40
9150.jpg,1811,1850,39
9160.jpg,1811,1870,59
9165.jpg,1811,1754,-57
9170.jpg,1811,1800,-11
9175.jpg,1811,1850,39
9180.jpg,1811,1870,59
9185.jpg,1811,1820,9
9190.jpg,1811,1838,27
9195.jpg,1811,1847,36
9200.jpg,1811,1722,-89
9205.jpg,1811,1840,29
9210.jpg,1812,1812,0
9215.jpg,1812,1766,-46
9220.jpg,1812,1443,-369
9225.jpg,1812,1829,17
9230.jpg,1812,1750,-62
9235.jpg,1812,1830,18
9240.jpg,1812,1838,26
9245.jpg,1812,1850,38
9250.jpg,1812,1920,108
9255.jpg,1812,1850,38
9260.jpg,1812,1850,38
9265.jpg,1812,1800,-12
9270.jpg,1812,1850,38
9275.jpg,1812,1850,38
9280.jpg,1812,1838,26
9290.jpg,1812,1850,38
9295.jpg,1812,1810,-2
9300.jpg,1812,1850,38
9305.jpg,1812,1850,38
9310.jpg,1813,1865,52
9315.jpg,1813,1835,22
9320.jpg,1813,1790,-23
9325.jpg,1813,1856,43
9330.jpg,1813,1820,7
9335.jpg,1813,1830,17
9340.jpg,1813,1750,-63
9345.jpg,1813,1840,27
9350.jpg,1813,1823,10
9355.jpg,1813,1909,96
9360.jpg,1813,1900,87
9365.jpg,1813,1900,87
9370.jpg,1813,1850,37
9375.jpg,1814,1850,36
9390.jpg,1814,1825,11
9395.jpg,1814,1727,-87
9400.jpg,1814,1853,39
9405.jpg,1814,1838,24
9410.jpg,1814,1930,116
9415.jpg,1814,1750,-64
9420.jpg,1814,1820,6
9425.jpg,1814,1750,-64
9430.jpg,1814,1847,33
9435.jpg,1814,1750,-64
9440.jpg,1814,1750,-64
9445.jpg,1814,1850,36
9450.jpg,1814,1820,6
9455.jpg,1814,1730,-84
9460.jpg,1814,1829,15
9465.jpg,1815,1820,5
9470.jpg,1815,1850,35
9475.jpg,1815,1760,-55
9480.jpg,1815,1850,35
9485.jpg,1815,1860,45
9490.jpg,1815,1840,25
9495.jpg,1815,1750,-65
9500.jpg,1815,1832,17
9505.jpg,1815,1750,-65
9510.jpg,1815,1850,35
9515.jpg,1815,1850,35
9520.jpg,1815,1837,22
9525.jpg,1815,1850,35
9530.jpg,1815,1750,-65
9535.jpg,1815,1850,35
9540.jpg,1815,1750,-65
9545.jpg,1815,1820,5
9550.jpg,1815,1750,-65
9555.jpg,1815,1800,-15
9560.jpg,1815,1820,5
9565.jpg,1815,1820,5
9570.jpg,1815,1850,35
9575.jpg,1815,1880,65
9580.jpg,1815,1730,-85
9585.jpg,1815,1850,35
9590.jpg,1815,1840,25
9595.jpg,1816,1880,64
9600.jpg,1816,1864,48
9605.jpg,1816,1850,34
9610.jpg,1816,1825,9
9615.jpg,1816,1842,26
9620.jpg,1816,1898,82
9625.jpg,1816,1791,-25
9630.jpg,1816,1840,24
9635.jpg,1816,1820,4
9640.jpg,1816,1840,24
9645.jpg,1816,1750,-66
9650.jpg,1816,1750,-66
9655.jpg,1816,1800,-16
9660.jpg,1816,1840,24
9665.jpg,1816,1850,34
9670.jpg,1816,1880,64
9675.jpg,1816,1820,4
9680.jpg,1816,1750,-66
9685.jpg,1816,1850,34
9690.jpg,1816,1870,54
9695.jpg,1816,1856,40
9700.jpg,1816,1956,140
9705.jpg,1816,1750,-66
9710.jpg,1816,1822,6
9715.jpg,1817,1855,38
9720.jpg,1817,1762,-55
9725.jpg,1817,1825,8
9730.jpg,1817,1893,76
9735.jpg,1817,1850,33
9740.jpg,1817,1850,33
9745.jpg,1817,1750,-67
9750.jpg,1817,1850,33
9755.jpg,1817,1838,21
9760.jpg,1817,1830,13
9765.jpg,1817,1820,3
9770.jpg,1817,1880,63
9775.jpg,1817,1914,97
9780.jpg,1817,1870,53
9785.jpg,1817,1836,19
9790.jpg,1818,1900,82
9795.jpg,1818,1830,12
9800.jpg,1818,1840,22
9805.jpg,1818,1920,102
9810.jpg,1818,1850,32
9815.jpg,1818,1870,52
9820.jpg,1818,1850,32
9825.jpg,1818,1750,-68
9830.jpg,1818,1850,32
9835.jpg,1818,1850,32
9840.jpg,1818,1850,32
9845.jpg,1818,1876,58
9850.jpg,1818,1850,32
9855.jpg,1818,1850,32
9860.jpg,1818,1830,12
9865.jpg,1818,1850,32
9870.jpg,1818,1820,2
9875.jpg,1818,1836,18
9880.jpg,1818,1850,32
9885.jpg,1818,1960,142
9890.jpg,1818,1820,2
9895.jpg,1818,1820,2
9900.jpg,1818,1821,3
9905.jpg,1818,1850,32
9910.jpg,1819,1853,34
9915.jpg,1819,1900,81
9920.jpg,1819,1825,6
9925.jpg,1819,1857,38
9930.jpg,1819,1840,21
9935.jpg,1819,1840,21
9940.jpg,1819,1820,1
9945.jpg,1819,1840,21
9950.jpg,1819,1837,18
9955.jpg,1819,1820,1
9960.jpg,1819,1850,31
9965.jpg,1819,1850,31
9970.jpg,1819,1850,31
9975.jpg,1819,1870,51
9980.jpg,1819,1838,19
9985.jpg,1820,1850,30
9990.jpg,1820,1889,69
9995.jpg,1820,1925,105
10000.jpg,1820,1869,49
10005.jpg,1820,1800,-20
10010.jpg,1820,1860,40
10015.jpg,1820,1863,43
10020.jpg,1820,1850,30
10025.jpg,1820,1790,-30
10030.jpg,1820,1890,70
10035.jpg,1820,1850,30
10040.jpg,1820,1920,100
10045.jpg,1820,1820,0
10050.jpg,1820,1830,10
10055.jpg,1820,1835,15
10060.jpg,1820,1840,20
10065.jpg,1820,1840,20
10070.jpg,1820,1840,20
10075.jpg,1820,1850,30
10080.jpg,1820,1920,100
10085.jpg,1820,1845,25
10090.jpg,1820,1850,30
10095.jpg,1820,1850,30
10100.jpg,1820,1800,-20
10105.jpg,1820,1850,30
10110.jpg,1820,1820,0
10115.jpg,1820,1920,100
10120.jpg,1820,1850,30
10125.jpg,1820,1890,70
10130.jpg,1820,1850,30
10135.jpg,1820,1750,-70
10140.jpg,1820,1840,20
10145.jpg,1820,1930,110
10150.jpg,1820,1850,30
10155.jpg,1820,1840,20
10160.jpg,1820,1820,0
10165.jpg,1820,1750,-70
10170.jpg,1820,1850,30
10175.jpg,1820,1850,30
10180.jpg,1820,1900,80
10185.jpg,1820,1930,110
10190.jpg,1820,1850,30
10195.jpg,1821,1814,-7
10200.jpg,1821,1930,109
10205.jpg,1821,1842,21
10210.jpg,1821,1923,102
10215.jpg,1821,1864,43
10220.jpg,1821,1850,29
10225.jpg,1821,1908,87
10230.jpg,1821,1830,9
10235.jpg,1821,1870,49
10240.jpg,1821,1850,29
10245.jpg,1821,1935,114
10250.jpg,1821,1827,6
10255.jpg,1821,1890,69
10260.jpg,1821,1770,-51
10265.jpg,1821,1950,129
10270.jpg,1821,1850,29
10275.jpg,1821,1825,4
10280.jpg,1822,1807,-15
10285.jpg,1822,1850,28
10290.jpg,1822,1861,39
10295.jpg,1822,1884,62
10300.jpg,1822,1936,114
10305.jpg,1822,1880,58
10310.jpg,1822,1823,1
10315.jpg,1822,1850,28
10320.jpg,1822,1850,28
10325.jpg,1822,1850,28
10330.jpg,1822,1890,68
10335.jpg,1822,1750,-72
10340.jpg,1822,1850,28
10345.jpg,1822,1890,68
10355.jpg,1822,1840,18
10360.jpg,1823,1820,-3
10365.jpg,1823,1858,35
10370.jpg,1823,1820,-3
10375.jpg,1823,1800,-23
10385.jpg,1823,1875,52
10390.jpg,1823,1850,27
10395.jpg,1823,1870,47
10400.jpg,1823,1920,97
10405.jpg,1823,1840,17
10410.jpg,1823,1845,22
10415.jpg,1823,1820,-3
10420.jpg,1823,1920,97
10425.jpg,1823,1800,-23
10430.jpg,1823,1750,-73
10435.jpg,1823,1845,22
10440.jpg,1823,1897,74
10445.jpg,1823,1920,97
10450.jpg,1823,1890,67
10455.jpg,1824,1830,6
10460.jpg,1824,1800,-24
10465.jpg,1824,1830,6
10470.jpg,1824,1857,33
10475.jpg,1824,1888,64
10480.jpg,1824,1865,41
10485.jpg,1824,1870,46
10490.jpg,1824,1840,16
10495.jpg,1824,1820,-4
10500.jpg,1824,1850,26
10505.jpg,1824,1900,76
10510.jpg,1824,1850,26
10515.jpg,1824,1750,-74
10520.jpg,1824,1850,26
10525.jpg,1824,1940,116
10530.jpg,1824,1850,26
10535.jpg,1824,1833,9
10540.jpg,1824,1850,26
10545.jpg,1824,1822,-2
10550.jpg,1825,1824,-1
10555.jpg,1825,1890,65
10560.jpg,1825,1825,0
10565.jpg,1825,1873,48
10570.jpg,1825,1850,25
10575.jpg,1825,1879,54
10580.jpg,1825,1863,38
10585.jpg,1825,1874,49
10590.jpg,1825,1750,-75
10595.jpg,1825,1820,-5
10600.jpg,1825,1840,15
10605.jpg,1825,1850,25
10610.jpg,1825,1850,25
10615.jpg,1825,1850,25
10620.jpg,1825,1820,-5
10625.jpg,1825,1880,55
10630.jpg,1825,1920,95
10635.jpg,1825,1835,10
10640.jpg,1825,1920,95
10645.jpg,1825,1750,-75
10650.jpg,1825,1840,15
10655.jpg,1825,1850,25
10660.jpg,1825,1790,-35
10665.jpg,1825,1840,15
10670.jpg,1825,1840,15
10675.jpg,1825,1850,25
10680.jpg,1825,1820,-5
10685.jpg,1825,1900,75
10690.jpg,1825,1750,-75
10695.jpg,1825,1850,25
10700.jpg,1825,1850,25
10705.jpg,1825,1850,25
10710.jpg,1825,1900,75
10715.jpg,1825,1904,79
10720.jpg,1825,1830,5
10725.jpg,1825,1950,125
10730.jpg,1826,1858,32
10735.jpg,1826,1830,4
10745.jpg,1826,1825,-1
10750.jpg,1826,1832,6
10755.jpg,1826,1937,111
10760.jpg,1826,1835,9
10765.jpg,1826,1850,24
10770.jpg,1826,1870,44
10775.jpg,1826,1850,24
10780.jpg,1826,1850,24
10785.jpg,1826,1820,-6
10790.jpg,1826,1850,24
10795.jpg,1826,1790,-36
10800.jpg,1826,1890,64
10805.jpg,1826,1750,-76
10810.jpg,1826,1840,14
10815.jpg,1826,1832,6
10820.jpg,1826,1820,-6
10825.jpg,1826,1850,24
10830.jpg,1826,1913,87
10835.jpg,1827,1827,0
10840.jpg,1827,1850,23
10845.jpg,1827,1816,-11
10850.jpg,1827,1880,53
10855.jpg,1827,1850,23
10860.jpg,1827,1867,40
10865.jpg,1827,1854,27
10870.jpg,1827,1870,43
10875.jpg,1827,1820,-7
10880.jpg,1827,1850,23
10885.jpg,1827,1910,83
10890.jpg,1827,1900,73
10895.jpg,1827,1820,-7
10900.jpg,1827,1835,8
10905.jpg,1827,1750,-77
10910.jpg,1827,1880,53
10915.jpg,1827,1850,23
10920.jpg,1827,1840,13
10925.jpg,1827,1830,3
10930.jpg,1827,1910,83
10935.jpg,1827,1850,23
10940.jpg,1827,1900,73
10945.jpg,1828,1858,30
10950.jpg,1828,1850,22
10955.jpg,1828,1840,12
10960.jpg,1828,1820,-8
10965.jpg,1828,1854,26
10970.jpg,1828,1840,12
10975.jpg,1828,1875,47
10980.jpg,1828,1848,20
10985.jpg,1828,1857,29
10990.jpg,1828,1850,22
10995.jpg,1828,1830,2
11000.jpg,1828,1870,42
11005.jpg,1828,1820,-8
11010.jpg,1828,1820,-8
11015.jpg,1828,1825,-3
11020.jpg,1828,1850,22
11025.jpg,1828,1750,-78
11030.jpg,1828,1850,22
11035.jpg,1828,1850,22
11040.jpg,1828,1800,-28
11045.jpg,1828,1840,12
11050.jpg,1828,1772,-56
11055.jpg,1828,1725,-103
11060.jpg,1828,1850,22
11065.jpg,1829,1850,21
11070.jpg,1829,1900,71
11075.jpg,1829,1822,-7
11080.jpg,1829,1859,30
11085.jpg,1829,1820,-9
11090.jpg,1829,1859,30
11095.jpg,1829,1857,28
11100.jpg,1829,1873,44
11105.jpg,1829,1857,28
11110.jpg,1829,1824,-5
11115.jpg,1829,1838,9
11120.jpg,1829,1841,12
11125.jpg,1829,1840,11
11130.jpg,1829,1867,38
11135.jpg,1829,1850,21
11140.jpg,1829,1850,21
11145.jpg,1829,1838,9
11150.jpg,1829,1830,1
11155.jpg,1829,1938,109
11160.jpg,1829,1800,-29
11165.jpg,1829,1923,94
11170.jpg,1830,1821,-9
11175.jpg,1830,1890,60
11180.jpg,1830,1927,97
11185.jpg,1830,1875,45
11190.jpg,1830,1826,-4
11195.jpg,1830,1634,-196
11200.jpg,1830,1860,30
11205.jpg,1830,1814,-16
11210.jpg,1830,1845,15
11215.jpg,1830,1790,-40
11220.jpg,1830,1750,-80
11225.jpg,1830,1936,106
11230.jpg,1830,1850,20
11235.jpg,1830,1890,60
11240.jpg,1830,1850,20
11245.jpg,1830,1850,20
11250.jpg,1830,1820,-10
11255.jpg,1830,2000,170
11260.jpg,1830,1750,-80
11265.jpg,1830,1840,10
11270.jpg,1830,1850,20
11275.jpg,1830,1858,28
11280.jpg,1830,1890,60
11285.jpg,1830,1850,20
11290.jpg,1830,1753,-77
11295.jpg,1830,1850,20
11300.jpg,1830,1850,20
11305.jpg,1830,1850,20
11310.jpg,1830,1850,20
11315.jpg,1830,1850,20
11320.jpg,1830,1790,-40
11325.jpg,1830,1880,50
11330.jpg,1830,1900,70
11335.jpg,1830,1850,20
11340.jpg,1830,1920,90
11345.jpg,1830,1950,120
11350.jpg,1830,1920,90
11355.jpg,1830,1850,20
11360.jpg,1830,1850,20
11365.jpg,1830,1830,0
11370.jpg,1830,1850,20
11375.jpg,1830,1860,30
11380.jpg,1830,1890,60
11385.jpg,1830,1825,-5
11390.jpg,1830,1920,90
11395.jpg,1830,1890,60
11400.jpg,1831,1820,-11
11405.jpg,1831,1812,-19
11410.jpg,1831,1850,19
11415.jpg,1831,1905,74
11420.jpg,1831,1849,18
11425.jpg,1831,1844,13
11430.jpg,1831,1871,40
11435.jpg,1831,1871,40
11440.jpg,1831,1910,79
11445.jpg,1831,1820,-11
11450.jpg,1831,1840,9
11455.jpg,1831,1840,9
11460.jpg,1831,1840,9
11465.jpg,1831,1840,9
11470.jpg,1831,1823,-8
11475.jpg,1831,1850,19
11480.jpg,1831,1850,19
11485.jpg,1831,1850,19
11490.jpg,1832,1900,68
11495.jpg,1832,1850,18
11500.jpg,1832,1845,13
11505.jpg,1832,1829,-3
11510.jpg,1832,1830,-2
11515.jpg,1832,1827,-5
11525.jpg,1832,1854,22
11530.jpg,1832,1850,18
11535.jpg,1832,1930,98
11540.jpg,1832,1820,-12
11545.jpg,1832,1900,68
11550.jpg,1832,1850,18
11555.jpg,1832,1820,-12
11560.jpg,1832,1832,0
11565.jpg,1832,1830,-2
11570.jpg,1832,1850,18
11575.jpg,1832,1840,8
11580.jpg,1832,1840,8
11585.jpg,1832,1850,18
11590.jpg,1832,1766,-66
11595.jpg,1832,1840,8
11600.jpg,1832,1825,-7
11605.jpg,1832,1850,18
11610.jpg,1832,1850,18
11615.jpg,1832,1754,-78
11620.jpg,1832,1783,-49
11625.jpg,1832,1850,18
11630.jpg,1832,1902,70
11635.jpg,1832,1980,148
11640.jpg,1832,1867,35
11645.jpg,1833,1873,40
11650.jpg,1833,1879,46
11655.jpg,1833,1880,47
11660.jpg,1833,1818,-15
11665.jpg,1833,1900,67
11670.jpg,1833,1838,5
11675.jpg,1833,1856,23
11680.jpg,1833,1907,74
11685.jpg,1833,1870,37
11690.jpg,1833,1870,37
11695.jpg,1833,1850,17
11700.jpg,1833,1850,17
11705.jpg,1833,1900,67
11710.jpg,1833,1930,97
11715.jpg,1833,1850,17
11720.jpg,1833,1890,57
11725.jpg,1833,1850,17
11730.jpg,1833,1850,17
11735.jpg,1833,1830,-3
11740.jpg,1833,1850,17
11745.jpg,1833,1790,-43
11750.jpg,1833,1850,17
11755.jpg,1833,1755,-78
11760.jpg,1833,1900,67
11765.jpg,1833,1828,-5
11770.jpg,1834,1823,-11
11775.jpg,1834,1765,-69
11780.jpg,1834,1835,1
11785.jpg,1834,1845,11
11790.jpg,1834,1970,136
11795.jpg,1834,1855,21
11800.jpg,1834,1820,-14
11805.jpg,1834,1829,-5
11810.jpg,1834,1900,66
11815.jpg,1834,1850,16
11820.jpg,1834,1837,3
11825.jpg,1834,1832,-2
11830.jpg,1834,1870,36
11835.jpg,1834,1890,56
11840.jpg,1834,1880,46
11845.jpg,1834,1850,16
11850.jpg,1834,1832,-2
11855.jpg,1834,1850,16
11860.jpg,1834,1930,96
11865.jpg,1834,1820,-14
11870.jpg,1834,1950,116
11875.jpg,1834,1850,16
11880.jpg,1834,1832,-2
11885.jpg,1834,1830,-4
11890.jpg,1834,1834,0
11895.jpg,1834,1808,-26
11900.jpg,1835,1809,-26
11905.jpg,1835,1850,15
11910.jpg,1835,1967,132
11915.jpg,1835,1850,15
11920.jpg,1835,1762,-73
11925.jpg,1835,1830,-5
11930.jpg,1835,1862,27
11935.jpg,1835,1874,39
11940.jpg,1835,1848,13
11945.jpg,1835,1829,-6
11950.jpg,1835,1839,4
11955.jpg,1835,1850,15
11960.jpg,1835,1850,15
11965.jpg,1835,1950,115
11970.jpg,1835,1850,15
11980.jpg,1835,1890,55
11985.jpg,1835,1930,95
11990.jpg,1835,1900,65
11995.jpg,1835,1890,55
12000.jpg,1835,1900,65
12005.jpg,1835,1920,85
12010.jpg,1835,1856,21
12015.jpg,1835,1850,15
12020.jpg,1835,1920,85
12025.jpg,1835,1850,15
12030.jpg,1835,1850,15
12035.jpg,1835,1850,15
12040.jpg,1835,1790,-45
12045.jpg,1835,1850,15
12050.jpg,1835,1850,15
12055.jpg,1835,1850,15
12060.jpg,1835,1803,-32
12065.jpg,1835,1950,115
12070.jpg,1835,1840,5
12075.jpg,1835,1850,15
12080.jpg,1835,1823,-12
12085.jpg,1835,1820,-15
12090.jpg,1835,1880,45
12095.jpg,1835,1850,15
12100.jpg,1835,1840,5
12105.jpg,1835,1870,35
12110.jpg,1835,1420,-415
12115.jpg,1835,1830,-5
12120.jpg,1835,1890,55
12125.jpg,1835,1845,10
12130.jpg,1836,1850,14
12135.jpg,1836,1936,100
12140.jpg,1836,1854,18
12145.jpg,1836,1900,64
12150.jpg,1836,1830,-6
12155.jpg,1836,1825,-11
12160.jpg,1836,1912,76
12170.jpg,1836,1857,21
12175.jpg,1836,1753,-83
12180.jpg,1836,1840,4
12185.jpg,1836,1840,4
12190.jpg,1836,1840,4
12195.jpg,1836,1850,14
12200.jpg,1836,1900,64
12205.jpg,1836,1845,9
12210.jpg,1836,1880,44
12215.jpg,1836,1850,14
12220.jpg,1836,1840,4
12225.jpg,1836,1865,29
12230.jpg,1836,1840,4
12235.jpg,1836,1850,14
12240.jpg,1836,1730,-106
12245.jpg,1836,1850,14
12250.jpg,1836,1850,14
12255.jpg,1836,1850,14
12260.jpg,1836,1820,-16
12265.jpg,1836,1820,-16
12270.jpg,1836,1849,13
12275.jpg,1836,1825,-11
12280.jpg,1837,1820,-17
12285.jpg,1837,1857,20
12290.jpg,1837,1837,0
12295.jpg,1837,1873,36
12300.jpg,1837,1870,33
12305.jpg,1837,1840,3
12310.jpg,1837,1880,43
12315.jpg,1837,1825,-12
12320.jpg,1837,1960,123
12325.jpg,1837,1857,20
12330.jpg,1837,1890,53
12335.jpg,1837,1840,3
12340.jpg,1837,1750,-87
12345.jpg,1837,1720,-117
12350.jpg,1837,1850,13
12355.jpg,1837,1850,13
12360.jpg,1837,1840,3
12365.jpg,1837,1900,63
12370.jpg,1837,1850,13
12375.jpg,1837,1850,13
12380.jpg,1837,1890,53
12385.jpg,1837,1850,13
12390.jpg,1837,1835,-2
12395.jpg,1837,1827,-10
12400.jpg,1837,1880,43
12405.jpg,1837,1850,13
12410.jpg,1837,1850,13
12415.jpg,1837,1890,53
12420.jpg,1837,1850,13
12425.jpg,1837,1830,-7
12430.jpg,1837,1850,13
12435.jpg,1837,1950,113
12440.jpg,1837,1890,53
12445.jpg,1837,1840,3
12450.jpg,1838,1913,75
12455.jpg,1838,1850,12
12460.jpg,1838,1829,-9
12465.jpg,1838,1850,12
12470.jpg,1838,1850,12
12475.jpg,1838,1924,86
12480.jpg,1838,1836,-2
12485.jpg,1838,1837,-1
12490.jpg,1838,1857,19
12495.jpg,1838,1857,19
12500.jpg,1838,1885,47
12505.jpg,1838,1850,12
12510.jpg,1838,1850,12
12515.jpg,1838,1840,2
12520.jpg,1838,1750,-88
12525.jpg,1838,1930,92
12530.jpg,1838,1880,42
12535.jpg,1838,1890,52
12540.jpg,1838,1840,2
12545.jpg,1838,1838,0
12550.jpg,1838,1890,52
12555.jpg,1838,1838,0
12560.jpg,1838,1850,12
12565.jpg,1838,1850,12
12570.jpg,1838,1825,-13
12575.jpg,1838,1850,12
12580.jpg,1838,1850,12
12585.jpg,1838,1760,-78
12590.jpg,1838,1840,2
12600.jpg,1838,1900,62
12605.jpg,1838,1926,88
12610.jpg,1838,1884,46
12615.jpg,1838,1766,-72
12620.jpg,1838,1758,-80
12625.jpg,1839,1930,91
12630.jpg,1839,1840,1
12635.jpg,1839,1850,11
12640.jpg,1839,1954,115
12645.jpg,1839,1850,11
12650.jpg,1839,1914,75
12655.jpg,1839,1879,40
12660.jpg,1839,1848,9
12665.jpg,1839,1827,-12
12670.jpg,1839,1840,1
12675.jpg,1839,1890,51
12680.jpg,1839,1850,11
12685.jpg,1839,1820,-19
12690.jpg,1839,1970,131
12695.jpg,1839,1848,9
12700.jpg,1839,1850,11
12705.jpg,1839,1800,-39
12710.jpg,1839,1870,31
12715.jpg,1839,1830,-9
12720.jpg,1839,1790,-49
12725.jpg,1839,1900,61
12730.jpg,1839,1840,1
12735.jpg,1839,1830,-9
12740.jpg,1839,1830,-9
12745.jpg,1839,1850,11
12750.jpg,1839,1930,91
12755.jpg,1839,1850,11
12760.jpg,1839,1840,1
12765.jpg,1839,1750,-89
12770.jpg,1839,2007,168
12775.jpg,1839,1780,-59
12780.jpg,1840,1850,10
12785.jpg,1840,1850,10
12790.jpg,1840,1850,10
12795.jpg,1840,1850,10
12800.jpg,1840,1840,0
12805.jpg,1840,1870,30
12810.jpg,1840,1827,-13
12815.jpg,1840,1850,10
12820.jpg,1840,1834,-6
12825.jpg,1840,1870,30
12830.jpg,1840,1870,30
12835.jpg,1840,1909,69
12840.jpg,1840,1850,10
12845.jpg,1840,1850,10
12850.jpg,1840,1820,-20
12860.jpg,1840,1840,0
12865.jpg,1840,1750,-90
12870.jpg,1840,1920,80
12875.jpg,1840,1836,-4
12880.jpg,1840,1840,0
12885.jpg,1840,1760,-80
12890.jpg,1840,1850,10
12895.jpg,1840,1750,-90
12900.jpg,1840,1850,10
12905.jpg,1840,1920,80
12910.jpg,1840,1850,10
12915.jpg,1840,1860,20
12920.jpg,1840,1870,30
12925.jpg,1840,1880,40
12930.jpg,1840,1890,50
12935.jpg,1840,1890,50
12940.jpg,1840,1832,-8
12945.jpg,1840,1890,50
12950.jpg,1840,1850,10
12955.jpg,1840,1850,10
12960.jpg,1840,1836,-4
12965.jpg,1840,1850,10
12970.jpg,1840,1838,-2
12975.jpg,1840,1840,0
12980.jpg,1840,1900,60
12985.jpg,1840,1832,-8
12990.jpg,1840,1840,0
12995.jpg,1840,1762,-78
13005.jpg,1840,1850,10
13010.jpg,1840,1900,60
13015.jpg,1840,1920,80
13020.jpg,1840,1900,60
13025.jpg,1840,1905,65
13030.jpg,1841,1858,17
13035.jpg,1841,1850,9
13040.jpg,1841,1880,39
13045.jpg,1841,1880,39
13050.jpg,1841,1928,87
13055.jpg,1841,1848,7
13060.jpg,1841,1858,17
13065.jpg,1841,1800,-41
13070.jpg,1841,1822,-19
13075.jpg,1841,1820,-21
13080.jpg,1841,1850,9
13085.jpg,1841,1960,119
13090.jpg,1841,1905,64
13095.jpg,1841,1900,59
13100.jpg,1841,1850,9
13105.jpg,1841,1895,54
13110.jpg,1841,1832,-9
13115.jpg,1841,1850,9
13120.jpg,1841,2010,169
13125.jpg,1841,1850,9
13130.jpg,1841,1750,-91
13135.jpg,1841,1937,96
13140.jpg,1841,1879,38
13145.jpg,1842,1820,-22
13150.jpg,1842,1840,-2
13155.jpg,1842,1900,58
13160.jpg,1842,1857,15
13165.jpg,1842,1857,15
13170.jpg,1842,1858,16
13175.jpg,1842,1846,4
13180.jpg,1842,1850,8
13185.jpg,1842,1850,8
13190.jpg,1842,1840,-2
13195.jpg,1842,1850,8
13200.jpg,1842,1858,16
13205.jpg,1842,1850,8
13210.jpg,1842,1850,8
13215.jpg,1842,1845,3
13220.jpg,1842,1825,-17
13225.jpg,1842,1850,8
13230.jpg,1842,1850,8
13235.jpg,1842,1840,-2
13240.jpg,1842,1850,8
13245.jpg,1842,1900,58
13250.jpg,1842,1850,8
13255.jpg,1842,1850,8
13260.jpg,1842,1820,-22
13265.jpg,1842,1850,8
13270.jpg,1842,1880,38
13275.jpg,1842,1790,-52
13280.jpg,1842,1526,-316
13285.jpg,1842,1850,8
13290.jpg,1842,1850,8
13295.jpg,1842,2010,168
13300.jpg,1843,1843,0
13305.jpg,1843,1850,7
13310.jpg,1843,1840,-3
13315.jpg,1843,1881,38
13320.jpg,1843,1838,-5
13325.jpg,1843,1890,47
13330.jpg,1843,1850,7
13335.jpg,1843,1890,47
13340.jpg,1843,1850,7
13345.jpg,1843,1900,57
13350.jpg,1843,1850,7
13355.jpg,1843,1850,7
13360.jpg,1843,1920,77
13365.jpg,1843,1850,7
13370.jpg,1843,1787,-56
13380.jpg,1843,1850,7
13385.jpg,1843,1840,-3
13390.jpg,1843,1850,7
13395.jpg,1843,1840,-3
13400.jpg,1843,1850,7
13405.jpg,1843,1850,7
13410.jpg,1843,1843,0
13415.jpg,1843,1873,30
13420.jpg,1843,1920,77
13425.jpg,1843,1853,10
13430.jpg,1844,1907,63
13435.jpg,1844,1850,6
13440.jpg,1844,1900,56
13445.jpg,1844,1965,121
13450.jpg,1844,1870,26
13455.jpg,1844,1840,-4
13460.jpg,1844,1900,56
13465.jpg,1844,1822,-22
13470.jpg,1844,1840,-4
13475.jpg,1844,1880,36
13480.jpg,1844,1850,6
13485.jpg,1844,1870,26
13490.jpg,1844,1848,4
13495.jpg,1844,1850,6
13500.jpg,1844,1850,6
13505.jpg,1844,1850,6
13510.jpg,1844,1840,-4
13515.jpg,1844,1850,6
13520.jpg,1844,1840,-4
13525.jpg,1844,1850,6
13530.jpg,1844,1892,48
13535.jpg,1844,1850,6
13540.jpg,1844,1905,61
13545.jpg,1844,1875,31
13550.jpg,1844,1820,-24
13555.jpg,1844,1890,46
13560.jpg,1844,1890,46
13565.jpg,1845,1850,5
13570.jpg,1845,1844,-1
13575.jpg,1845,1880,35
13580.jpg,1845,1850,5
13585.jpg,1845,1904,59
13590.jpg,1845,1881,36
13595.jpg,1845,1880,35
13600.jpg,1845,1914,69
13605.jpg,1845,1823,-22
13610.jpg,1845,1860,15
13615.jpg,1845,1872,27
13620.jpg,1845,1840,-5
13625.jpg,1845,1850,5
13630.jpg,1845,1850,5
13635.jpg,1845,1840,-5
13640.jpg,1845,1900,55
13645.jpg,1845,1850,5
13650.jpg,1845,1850,5
13655.jpg,1845,1870,25
13660.jpg,1845,1900,55
13665.jpg,1845,1850,5
13670.jpg,1845,2000,155
13675.jpg,1845,1882,37
13680.jpg,1845,1890,45
13685.jpg,1845,1854,9
13690.jpg,1845,1820,-25
13695.jpg,1845,1850,5
13700.jpg,1845,1850,5
13705.jpg,1845,1850,5
13710.jpg,1845,1750,-95
13720.jpg,1845,1930,85
13725.jpg,1845,1920,75
13730.jpg,1845,1890,45
13735.jpg,1845,1874,29
13740.jpg,1845,1850,5
13745.jpg,1845,1850,5
13750.jpg,1845,1835,-10
13755.jpg,1845,1760,-85
13760.jpg,1845,1840,-5
13765.jpg,1845,1840,-5
13770.jpg,1845,1850,5
13775.jpg,1845,1887,42
13780.jpg,1845,1857,12
13785.jpg,1845,1850,5
13790.jpg,1845,1850,5
13795.jpg,1845,1939,94
13800.jpg,1845,1928,83
13805.jpg,1846,1834,-12
13810.jpg,1846,1902,56
13815.jpg,1846,1846,0
13820.jpg,1846,1850,4
13825.jpg,1846,1848,2
13830.jpg,1846,1853,7
13835.jpg,1846,1848,2
13840.jpg,1846,1925,79
13845.jpg,1846,1834,-12
13850.jpg,1846,1850,4
13855.jpg,1846,1890,44
13860.jpg,1846,1840,-6
13865.jpg,1846,1850,4
13870.jpg,1846,1850,4
13875.jpg,1846,1870,24
13880.jpg,1846,1850,4
13885.jpg,1846,1850,4
13890.jpg,1846,1850,4
13895.jpg,1846,1850,4
13900.jpg,1846,1880,34
13905.jpg,1846,1850,4
13910.jpg,1846,1840,-6
13915.jpg,1846,1850,4
13920.jpg,1846,1850,4
13925.jpg,1846,1950,104
13930.jpg,1846,1840,-6
13935.jpg,1846,1850,4
13940.jpg,1847,1923,76
13945.jpg,1847,1828,-19
13950.jpg,1847,1900,53
13955.jpg,1847,1880,33
13960.jpg,1847,1850,3
13965.jpg,1847,1848,1
13970.jpg,1847,1835,-12
13975.jpg,1847,1870,23
13980.jpg,1847,1870,23
13985.jpg,1847,1840,-7
13990.jpg,1847,1870,23
13995.jpg,1847,1840,-7
14000.jpg,1847,1925,78
14005.jpg,1847,1820,-27
14010.jpg,1847,1830,-17
14015.jpg,1847,1890,43
14020.jpg,1847,1840,-7
14030.jpg,1847,1850,3
14035.jpg,1847,1850,3
14040.jpg,1847,1890,43
14045.jpg,1847,1750,-97
14050.jpg,1847,1850,3
14055.jpg,1847,1908,61
14060.jpg,1847,1900,53
14065.jpg,1847,1850,3
14070.jpg,1847,1850,3
14075.jpg,1847,1880,33
14080.jpg,1847,1850,3
14085.jpg,1847,1880,33
14090.jpg,1847,1806,-41
14095.jpg,1847,1840,-7
14100.jpg,1847,1929,82
14105.jpg,1847,1930,83
14110.jpg,1848,1900,52
14115.jpg,1848,1850,2
14120.jpg,1848,1900,52
14125.jpg,1848,2000,152
14130.jpg,1848,1855,7
14135.jpg,1848,1830,-18
14140.jpg,1848,1840,-8
14145.jpg,1848,1867,19
14150.jpg,1848,1848,0
14155.jpg,1848,1875,27
14160.jpg,1848,1874,26
14165.jpg,1848,1840,-8
14170.jpg,1848,1850,2
14175.jpg,1848,1860,12
14180.jpg,1848,1880,32
14185.jpg,1848,1900,52
14190.jpg,1848,1920,72
14195.jpg,1848,1870,22
14200.jpg,1848,1890,42
14205.jpg,1848,1850,2
14210.jpg,1848,1870,22
14215.jpg,1848,1870,22
14220.jpg,1848,1855,7
14225.jpg,1848,1848,0
14230.jpg,1848,1820,-28
14235.jpg,1848,1850,2
14240.jpg,1848,1870,22
14245.jpg,1848,1840,-8
14250.jpg,1848,1850,2
14255.jpg,1848,1840,-8
14260.jpg,1848,1850,2
14265.jpg,1848,1900,52
14270.jpg,1848,1850,2
14275.jpg,1848,1850,2
14280.jpg,1848,1850,2
14285.jpg,1848,1870,22
14290.jpg,1848,1835,-13
14295.jpg,1848,1870,22
14300.jpg,1848,1850,2
14305.jpg,1848,1850,2
14310.jpg,1848,1900,52
14315.jpg,1848,1890,42
14320.jpg,1848,1850,2
14325.jpg,1848,1820,-28
14330.jpg,1848,1906,58
14335.jpg,1848,1840,-8
14340.jpg,1849,1850,1
14345.jpg,1849,1870,21
14350.jpg,1849,1850,1
14355.jpg,1849,1850,1
14360.jpg,1849,2010,161
14365.jpg,1849,1849,0
14370.jpg,1849,1870,21
14375.jpg,1849,1849,0
14380.jpg,1849,1857,8
14385.jpg,1849,1847,-2
14390.jpg,1849,1890,41
14395.jpg,1849,1840,-9
14400.jpg,1849,1840,-9
14405.jpg,1849,1850,1
14410.jpg,1849,1900,51
14415.jpg,1849,1900,51
14420.jpg,1849,1849,0
14425.jpg,1849,1870,21
14430.jpg,1849,1820,-29
14435.jpg,1849,1850,1
14440.jpg,1849,1840,-9
14445.jpg,1849,1820,-29
14450.jpg,1849,1858,9
14455.jpg,1849,1850,1
14460.jpg,1849,1840,-9
14465.jpg,1849,1835,-14
14470.jpg,1849,1847,-2
14475.jpg,1849,1823,-26
14480.jpg,1849,1880,31
14485.jpg,1849,1890,41
14490.jpg,1849,1635,-214
14495.jpg,1849,1870,21
14500.jpg,1849,1890,41
14505.jpg,1850,1850,0
14510.jpg,1850,1850,0
14515.jpg,1850,1850,0
14520.jpg,1850,1870,20
14525.jpg,1850,1818,-32
14530.jpg,1850,1930,80
14535.jpg,1850,1850,0
14540.jpg,1850,1890,40
14545.jpg,1850,1850,0
14550.jpg,1850,1876,26
14555.jpg,1850,1870,20
14560.jpg,1850,1913,63
14565.jpg,1850,1835,-15
14570.jpg,1850,1830,-20
14575.jpg,1850,1870,20
14580.jpg,1850,1857,7
14585.jpg,1850,1850,0
14590.jpg,1850,1870,20
14600.jpg,1850,1855,5
14605.jpg,1850,1850,0
14610.jpg,1850,1858,8
14615.jpg,1850,1850,0
14620.jpg,1850,1850,0
14625.jpg,1850,1850,0
14630.jpg,1850,1870,20
14635.jpg,1850,1850,0
14640.jpg,1850,1900,50
14645.jpg,1850,1870,20
14650.jpg,1850,1980,130
14655.jpg,1850,1850,0
14660.jpg,1850,1850,0
14665.jpg,1850,1920,70
14670.jpg,1850,1830,-20
14675.jpg,1850,1850,0
14680.jpg,1850,1850,0
14685.jpg,1850,1880,30
14690.jpg,1850,1825,-25
14695.jpg,1850,1858,8
14700.jpg,1850,1900,50
14705.jpg,1850,1830,-20
14710.jpg,1850,1890,40
14715.jpg,1850,1825,-25
14720.jpg,1850,1850,0
14725.jpg,1850,1840,-10
14730.jpg,1850,1920,70
14735.jpg,1850,1850,0
14740.jpg,1850,1850,0
14745.jpg,1850,1850,0
14750.jpg,1850,1835,-15
14755.jpg,1850,1846,-4
14760.jpg,1850,1850,0
14765.jpg,1850,1920,70
14770.jpg,1850,1848,-2
14775.jpg,1850,1915,65
14780.jpg,1850,1850,0
14785.jpg,1851,1774,-77
14790.jpg,1851,1502,-349
14795.jpg,1851,1930,79
14800.jpg,1851,1900,49
14805.jpg,1851,1930,79
14810.jpg,1851,1871,20
14815.jpg,1851,1860,9
14820.jpg,1851,1880,29
14825.jpg,1851,1900,49
14830.jpg,1851,1880,29
14835.jpg,1851,1760,-91
14840.jpg,1851,1840,-11
14845.jpg,1851,1880,29
14850.jpg,1851,1850,-1
14855.jpg,1851,1920,69
14860.jpg,1851,1920,69
14865.jpg,1851,1830,-21
14870.jpg,1851,1750,-101
14880.jpg,1851,1785,-66
14885.jpg,1851,1850,-1
14890.jpg,1851,1832,-19
14895.jpg,1851,1750,-101
14900.jpg,1851,1850,-1
14905.jpg,1851,1885,34
14910.jpg,1851,1750,-101
14915.jpg,1851,1850,-1
14920.jpg,1851,1819,-32
14925.jpg,1851,1853,2
14930.jpg,1851,1851,0
14935.jpg,1851,1850,-1
14940.jpg,1851,1830,-21
14945.jpg,1852,1850,-2
14950.jpg,1852,1858,6
14955.jpg,1852,1850,-2
14960.jpg,1852,1907,55
14965.jpg,1852,1827,-25
14970.jpg,1852,1820,-32
14975.jpg,1852,1930,78
14980.jpg,1852,1830,-22
14985.jpg,1852,1874,22
14990.jpg,1852,1880,28
14995.jpg,1852,1900,48
15000.jpg,1852,1870,18
15005.jpg,1852,1900,48
15010.jpg,1852,1840,-12
15015.jpg,1852,1870,18
15020.jpg,1852,1850,-2
15025.jpg,1852,1870,18
15030.jpg,1852,1850,-2
15035.jpg,1852,1850,-2
15040.jpg,1852,1870,18
15045.jpg,1852,1850,-2
15050.jpg,1852,1900,48
15055.jpg,1852,1820,-32
15060.jpg,1852,1846,-6
15065.jpg,1852,1870,18
15070.jpg,1852,1850,-2
15075.jpg,1852,1845,-7
15080.jpg,1852,1850,-2
15085.jpg,1852,1850,-2
15090.jpg,1852,1900,48
15095.jpg,1852,1850,-2
15100.jpg,1852,1850,-2
15105.jpg,1852,1867,15
15110.jpg,1852,1916,64
15115.jpg,1852,1850,-2
15120.jpg,1852,1880,28
15125.jpg,1852,1880,28
15130.jpg,1852,1860,8
15135.jpg,1853,1850,-3
15140.jpg,1853,1858,5
15145.jpg,1853,1850,-3
15150.jpg,1853,1871,18
15155.jpg,1853,1900,47
15160.jpg,1853,1850,-3
15165.jpg,1853,1879,26
15170.jpg,1853,1820,-33
15175.jpg,1853,1845,-8
15180.jpg,1853,1898,45
15185.jpg,1853,1848,-5
15190.jpg,1853,1849,-4
15195.jpg,1853,1870,17
15200.jpg,1853,1857,4
15205.jpg,1853,1853,0
15210.jpg,1853,1850,-3
15215.jpg,1853,1836,-17
15220.jpg,1853,1850,-3
15225.jpg,1853,1850,-3
15230.jpg,1853,1920,67
15235.jpg,1853,1850,-3
15240.jpg,1853,1890,37
15245.jpg,1853,1850,-3
15250.jpg,1853,1880,27
15255.jpg,1853,1880,27
15260.jpg,1853,1850,-3
15265.jpg,1853,1835,-18
15270.jpg,1853,1850,-3
15275.jpg,1853,1850,-3
15280.jpg,1853,1900,47
15285.jpg,1853,1850,-3
15290.jpg,1853,1850,-3
15295.jpg,1853,1840,-13
15300.jpg,1853,1870,17
15305.jpg,1853,1850,-3
15310.jpg,1853,1900,47
15315.jpg,1853,1880,27
15320.jpg,1853,1890,37
15325.jpg,1853,1850,-3
15330.jpg,1853,1830,-23
15335.jpg,1853,1853,0
15340.jpg,1853,1852,-1
15345.jpg,1853,1850,-3
15350.jpg,1853,1913,60
15355.jpg,1854,1922,68
15360.jpg,1854,1936,82
15365.jpg,1854,1832,-22
15370.jpg,1854,1850,-4
15375.jpg,1854,1857,3
15380.jpg,1854,1850,-4
15385.jpg,1854,1845,-9
15390.jpg,1854,1862,8
15395.jpg,1854,1854,0
15400.jpg,1854,1899,45
15405.jpg,1854,1870,16
15410.jpg,1854,1852,-2
15415.jpg,1854,1786,-68
15420.jpg,1854,1950,96
15425.jpg,1854,1880,26
15430.jpg,1854,1891,37
15435.jpg,1854,1900,46
15440.jpg,1854,1930,76
15445.jpg,1854,1870,16
15450.jpg,1855,1850,-5
15455.jpg,1855,1920,65
15460.jpg,1855,1900,45
15465.jpg,1855,1850,-5
15470.jpg,1855,1881,26
15475.jpg,1855,1870,15
15480.jpg,1855,1870,15
15485.jpg,1855,1870,15
15490.jpg,1855,1875,20
15495.jpg,1855,1909,54
15500.jpg,1855,1871,16
15505.jpg,1855,1868,13
15510.jpg,1855,1855,0
15515.jpg,1855,1850,-5
15520.jpg,1855,1858,3
15525.jpg,1855,1890,35
15530.jpg,1855,1900,45
15535.jpg,1855,1850,-5
15540.jpg,1855,1890,35
15545.jpg,1855,1820,-35
15550.jpg,1855,1900,45
15555.jpg,1855,1850,-5
15560.jpg,1855,1850,-5
15565.jpg,1855,1870,15
15570.jpg,1855,1850,-5
15575.jpg,1855,1920,65
15580.jpg,1855,1857,2
15585.jpg,1855,1950,95
15590.jpg,1855,1980,125
15595.jpg,1855,1840,-15
15600.jpg,1855,1870,15
15605.jpg,1855,1920,65
15610.jpg,1855,1840,-15
15615.jpg,1855,1870,15
15620.jpg,1855,1850,-5
15625.jpg,1855,1835,-20
15630.jpg,1855,1880,25
15635.jpg,1855,1840,-15
15640.jpg,1855,1900,45
15645.jpg,1855,1880,25
15650.jpg,1855,1890,35
15655.jpg,1855,1850,-5
15660.jpg,1855,1880,25
15665.jpg,1855,1890,35
15670.jpg,1855,1870,15
15675.jpg,1855,1890,35
15680.jpg,1855,1875,20
15685.jpg,1855,1890,35
15690.jpg,1855,1800,-55
15695.jpg,1855,1882,27
15705.jpg,1856,1850,-6
15710.jpg,1856,1880,24
15715.jpg,1856,1837,-19
15720.jpg,1856,1850,-6
15725.jpg,1856,1890,34
15730.jpg,1856,1880,24
15735.jpg,1856,1852,-4
15740.jpg,1856,1890,34
15745.jpg,1856,1856,0
15750.jpg,1856,1898,42
15755.jpg,1856,1754,-102
15760.jpg,1856,1846,-10
15765.jpg,1856,1797,-59
15770.jpg,1856,1857,1
15775.jpg,1856,1867,11
15780.jpg,1856,1874,18
15785.jpg,1856,1874,18
15795.jpg,1856,1850,-6
15800.jpg,1856,1870,14
15805.jpg,1856,1939,83
15810.jpg,1856,1910,54
15815.jpg,1856,1850,-6
15820.jpg,1856,1850,-6
15825.jpg,1856,1900,44
15830.jpg,1856,1850,-6
15835.jpg,1856,1900,44
15840.jpg,1856,1850,-6
15845.jpg,1856,1850,-6
15850.jpg,1856,1850,-6
15855.jpg,1856,1870,14
15860.jpg,1856,1850,-6
15865.jpg,1856,1858,2
15870.jpg,1856,1950,94
15875.jpg,1856,1890,34
15880.jpg,1856,1893,37
15885.jpg,1856,1856,0
15890.jpg,1856,1850,-6
15895.jpg,1856,1848,-8
15900.jpg,1856,1850,-6
15905.jpg,1856,1870,14
15910.jpg,1856,1850,-6
15915.jpg,1856,1850,-6
15920.jpg,1856,1853,-3
15930.jpg,1856,1920,64
15935.jpg,1856,1890,34
15940.jpg,1856,1850,-6
15945.jpg,1856,1870,14
15950.jpg,1856,1890,34
15955.jpg,1856,1902,46
15960.jpg,1856,1820,-36
15965.jpg,1856,1850,-6
15970.jpg,1856,1850,-6
15975.jpg,1856,1850,-6
15980.jpg,1857,1850,-7
15985.jpg,1857,1858,1
15990.jpg,1857,1990,133
15995.jpg,1857,1850,-7
16000.jpg,1857,1890,33
16005.jpg,1857,1882,25
16010.jpg,1857,1825,-32
16015.jpg,1857,1905,48
16020.jpg,1857,1800,-57
16025.jpg,1857,1860,3
16030.jpg,1857,1859,2
16035.jpg,1857,1858,1
16040.jpg,1857,1870,13
16045.jpg,1857,1881,24
16050.jpg,1857,1874,17
16055.jpg,1857,1870,13
16060.jpg,1857,1850,-7
16065.jpg,1857,1880,23
16070.jpg,1857,1890,33
16075.jpg,1857,1880,23
16080.jpg,1857,1850,-7
16085.jpg,1857,1870,13
16090.jpg,1857,1870,13
16095.jpg,1857,1840,-17
16100.jpg,1857,1820,-37
16105.jpg,1857,1820,-37
16110.jpg,1857,1880,23
16115.jpg,1857,1870,13
16120.jpg,1857,1840,-17
16125.jpg,1857,1900,43
16130.jpg,1857,1890,33
16135.jpg,1857,1920,63
16140.jpg,1857,1847,-10
16145.jpg,1857,1850,-7
16150.jpg,1857,1870,13
16155.jpg,1857,1850,-7
16160.jpg,1857,1850,-7
16165.jpg,1857,1835,-22
16170.jpg,1857,1890,33
16175.jpg,1857,1920,63
16180.jpg,1857,1870,13
16185.jpg,1857,1900,43
16190.jpg,1857,1850,-7
16195.jpg,1857,1840,-17
16200.jpg,1857,1877,20
16205.jpg,1857,2006,149
16210.jpg,1857,1850,-7
16215.jpg,1857,1886,29
16220.jpg,1857,1850,-7
16225.jpg,1857,1823,-34
16230.jpg,1857,1900,43
16235.jpg,1858,1871,13
16240.jpg,1858,1920,62
16245.jpg,1858,1876,18
16250.jpg,1858,1900,42
16255.jpg,1858,1890,32
16260.jpg,1858,1850,-8
16265.jpg,1858,1863,5
16270.jpg,1858,1845,-13
16275.jpg,1858,1856,-2
16280.jpg,1858,1850,-8
16285.jpg,1858,1883,25
16290.jpg,1858,1870,12
16295.jpg,1858,1914,56
16300.jpg,1858,1880,22
16305.jpg,1858,1885,27
16310.jpg,1858,1870,12
16315.jpg,1858,1871,13
16320.jpg,1858,1858,0
16325.jpg,1858,1890,32
16330.jpg,1858,1900,42
16335.jpg,1858,1880,22
16340.jpg,1858,1850,-8
16345.jpg,1858,1928,70
16350.jpg,1858,1850,-8
16355.jpg,1858,1880,22
16360.jpg,1858,1859,1
16365.jpg,1858,1850,-8
16370.jpg,1858,1850,-8
16375.jpg,1858,1890,32
16380.jpg,1858,1900,42
16385.jpg,1858,1850,-8
16390.jpg,1858,1815,-43
16395.jpg,1858,1850,-8
16400.jpg,1858,1840,-18
16405.jpg,1858,1900,42
16410.jpg,1858,1850,-8
16415.jpg,1858,1890,32
16420.jpg,1858,1850,-8
16425.jpg,1858,1850,-8
16430.jpg,1858,1835,-23
16435.jpg,1858,1850,-8
16440.jpg,1858,1836,-22
16445.jpg,1858,1820,-38
16450.jpg,1858,1870,12
16455.jpg,1858,1850,-8
16460.jpg,1858,1900,42
16465.jpg,1858,1859,1
16470.jpg,1858,1870,12
16475.jpg,1858,1789,-69
16480.jpg,1858,1930,72
16485.jpg,1858,1880,22
16490.jpg,1859,1750,-109
16495.jpg,1859,1890,31
16505.jpg,1859,1859,0
16510.jpg,1859,1880,21
16515.jpg,1859,1880,21
16520.jpg,1859,1898,39
16525.jpg,1859,1857,-2
16530.jpg,1859,1850,-9
16535.jpg,1859,1850,-9
16540.jpg,1859,1850,-9
16545.jpg,1859,1850,-9
16550.jpg,1859,1850,-9
16555.jpg,1859,1882,23
16560.jpg,1859,1855,-4
16565.jpg,1859,1857,-2
16570.jpg,1859,1878,19
16575.jpg,1859,1870,11
16580.jpg,1859,1859,0
16585.jpg,1859,1850,-9
16590.jpg,1859,1859,0
16595.jpg,1859,1880,21
16600.jpg,1859,1850,-9
16605.jpg,1859,1927,68
16610.jpg,1859,1870,11
16615.jpg,1859,1870,11
16620.jpg,1859,1850,-9
16625.jpg,1859,1850,-9
16630.jpg,1859,1910,51
16635.jpg,1859,1880,21
16640.jpg,1859,1840,-19
16645.jpg,1859,1870,11
16650.jpg,1859,1850,-9
16655.jpg,1859,1858,-1
16660.jpg,1859,1840,-19
16665.jpg,1859,1820,-39
16670.jpg,1859,1870,11
16675.jpg,1859,1850,-9
16680.jpg,1859,1850,-9
16685.jpg,1859,1880,21
16690.jpg,1859,1859,0
16695.jpg,1859,1835,-24
16700.jpg,1859,1900,41
16705.jpg,1859,1870,11
16710.jpg,1859,1876,17
16715.jpg,1859,1840,-19
16720.jpg,1859,1880,21
16725.jpg,1859,1894,35
16730.jpg,1859,1850,-9
16735.jpg,1860,1800,-60
16740.jpg,1860,1889,29
16745.jpg,1860,1850,-10
16750.jpg,1860,1850,-10
16755.jpg,1860,1870,10
16760.jpg,1860,1890,30
16765.jpg,1860,1872,12
16770.jpg,1860,1870,10
16775.jpg,1860,1880,20
16785.jpg,1860,1820,-40
16790.jpg,1860,1870,10
16795.jpg,1860,1750,-110
16800.jpg,1860,1850,-10
16805.jpg,1860,1900,40
16810.jpg,1860,1890,30
16815.jpg,1860,1850,-10
16820.jpg,1860,1900,40
16825.jpg,1860,1850,-10
16830.jpg,1860,1880,20
16835.jpg,1860,1910,50
16840.jpg,1860,1850,-10
16845.jpg,1860,1870,10
16850.jpg,1860,1900,40
16855.jpg,1860,1850,-10
16860.jpg,1860,1740,-120
16865.jpg,1860,1900,40
16870.jpg,1860,1850,-10
16875.jpg,1860,1850,-10
16880.jpg,1860,1850,-10
16885.jpg,1860,1836,-24
16890.jpg,1860,1845,-15
16895.jpg,1860,1850,-10
16900.jpg,1860,1900,40
16905.jpg,1860,1920,60
16910.jpg,1860,1900,40
16915.jpg,1860,1850,-10
16920.jpg,1860,1870,10
16925.jpg,1860,1870,10
16930.jpg,1860,1870,10
16935.jpg,1860,1850,-10
16940.jpg,1860,1880,20
16945.jpg,1860,1890,30
16950.jpg,1860,1890,30
16955.jpg,1860,1850,-10
16960.jpg,1860,1850,-10
16965.jpg,1860,1866,6
16970.jpg,1860,1880,20
16975.jpg,1860,1863,3
16980.jpg,1860,1870,10
16985.jpg,1860,1890,30
16990.jpg,1860,79,-1781
16995.jpg,1860,1854,-6
17000.jpg,1860,1960,100
17005.jpg,1861,1920,59
17010.jpg,1861,1850,-11
17015.jpg,1861,1900,39
17025.jpg,1861,1847,-14
17030.jpg,1861,1900,39
17035.jpg,1861,1865,4
17040.jpg,1861,1863,2
17045.jpg,1861,1725,-136
17050.jpg,1861,1820,-41
17055.jpg,1861,1870,9
17060.jpg,1861,1877,16
17065.jpg,1861,1848,-13
17070.jpg,1861,1850,-11
17075.jpg,1861,1880,19
17080.jpg,1861,1880,19
17085.jpg,1861,1900,39
17090.jpg,1861,1840,-21
17095.jpg,1861,1880,19
17100.jpg,1861,1890,29
17105.jpg,1861,1850,-11
17110.jpg,1861,1870,9
17115.jpg,1861,1850,-11
17120.jpg,1861,1900,39
17125.jpg,1861,1850,-11
17130.jpg,1861,1870,9
17135.jpg,1861,1896,35
17140.jpg,1861,1870,9
17145.jpg,1861,1850,-11
17150.jpg,1861,1830,-31
17155.jpg,1861,1910,49
17160.jpg,1861,1870,9
17165.jpg,1861,1877,16
17170.jpg,1861,1930,69
17175.jpg,1862,1875,13
17180.jpg,1862,1862,0
17185.jpg,1862,1865,3
17190.jpg,1862,1870,8
17195.jpg,1862,1992,130
17200.jpg,1862,1902,40
17205.jpg,1862,1938,76
17210.jpg,1862,1872,10
17215.jpg,1862,1874,12
17220.jpg,1862,1884,22
17225.jpg,1862,1825,-37
17230.jpg,1862,1890,28
17235.jpg,1862,1870,8
17240.jpg,1862,1858,-4
17245.jpg,1862,1870,8
17250.jpg,1862,1840,-22
17255.jpg,1862,1900,38
17260.jpg,1862,1890,28
17265.jpg,1862,1820,-42
17270.jpg,1862,1880,18
17275.jpg,1862,1920,58
17280.jpg,1862,1870,8
17285.jpg,1862,1880,18
17290.jpg,1862,1900,38
17295.jpg,1862,1890,28
17300.jpg,1862,1870,8
17305.jpg,1862,1870,8
17310.jpg,1862,1850,-12
17315.jpg,1862,1936,74
17320.jpg,1862,1880,18
17325.jpg,1863,1885,22
17330.jpg,1863,1840,-23
17340.jpg,1863,1930,67
17345.jpg,1863,1900,37
17350.jpg,1863,1840,-23
17355.jpg,1863,1879,16
17365.jpg,1863,1937,74
17370.jpg,1863,1863,0
17375.jpg,1863,1850,-13
17380.jpg,1863,1863,0
17385.jpg,1863,1930,67
17390.jpg,1863,1860,-3
17395.jpg,1863,1850,-13
17400.jpg,1863,1880,17
17405.jpg,1863,1880,17
17410.jpg,1863,1850,-13
17415.jpg,1863,1870,7
17420.jpg,1863,1893,30
17425.jpg,1863,1850,-13
17430.jpg,1863,1890,27
17435.jpg,1863,1950,87
17440.jpg,1863,1850,-13
17445.jpg,1863,1890,27
17450.jpg,1863,1880,17
17455.jpg,1863,1868,5
17460.jpg,1863,1889,26
17465.jpg,1863,1900,37
17470.jpg,1863,1850,-13
17475.jpg,1863,1869,6
17480.jpg,1863,1870,7
17485.jpg,1864,1929,65
17490.jpg,1864,1830,-34
17495.jpg,1864,1920,56
17500.jpg,1864,1950,86
17505.jpg,1864,1900,36
17510.jpg,1864,1880,16
17515.jpg,1864,1753,-111
17520.jpg,1864,1826,-38
17525.jpg,1864,1887,23
17530.jpg,1864,1870,6
17535.jpg,1864,1967,103
17540.jpg,1864,1863,-1
17545.jpg,1864,1864,0
17550.jpg,1864,1848,-16
17555.jpg,1864,1880,16
17560.jpg,1864,1890,26
17565.jpg,1864,1870,6
17575.jpg,1864,1850,-14
17580.jpg,1864,1850,-14
17585.jpg,1864,1880,16
17590.jpg,1864,1950,86
17595.jpg,1864,1870,6
17600.jpg,1864,1870,6
17605.jpg,1864,1850,-14
17610.jpg,1864,1880,16
17615.jpg,1864,1860,-4
17620.jpg,1864,1850,-14
17625.jpg,1864,1907,43
17630.jpg,1864,1900,36
17635.jpg,1864,1892,28
17640.jpg,1864,1850,-14
17645.jpg,1864,1880,16
17650.jpg,1864,1880,16
17655.jpg,1864,1850,-14
17660.jpg,1865,1879,14
17665.jpg,1865,1870,5
17670.jpg,1865,1848,-17
17675.jpg,1865,1854,-11
17680.jpg,1865,1920,55
17690.jpg,1865,1892,27
17695.jpg,1865,1825,-40
17700.jpg,1865,1850,-15
17705.jpg,1865,1849,-16
17710.jpg,1865,1870,5
17715.jpg,1865,1892,27
17720.jpg,1865,1903,38
17725.jpg,1865,1870,5
17730.jpg,1865,1870,5
17735.jpg,1865,1822,-43
17745.jpg,1865,1884,19
17750.jpg,1865,1850,-15
17755.jpg,1865,1850,-15
17760.jpg,1865,1880,15
17765.jpg,1865,1880,15
17770.jpg,1865,1838,-27
17775.jpg,1865,1889,24
17780.jpg,1865,1850,-15
17785.jpg,1865,1850,-15
17790.jpg,1865,1920,55
17795.jpg,1865,1890,25
17800.jpg,1865,1850,-15
17805.jpg,1865,1890,25
17810.jpg,1865,1900,35
17815.jpg,1865,1900,35
17820.jpg,1865,1920,55
17825.jpg,1865,1870,5
17830.jpg,1865,1870,5
17835.jpg,1865,1840,-25
17840.jpg,1865,1880,15
17845.jpg,1865,1870,5
17850.jpg,1865,1895,30
17855.jpg,1865,1890,25
17860.jpg,1865,1870,5
17865.jpg,1865,1850,-15
17870.jpg,1865,1870,5
17875.jpg,1865,1870,5
17880.jpg,1865,1840,-25
17885.jpg,1865,1920,55
17890.jpg,1865,1900,35
17895.jpg,1865,1850,-15
17900.jpg,1865,1870,5
17905.jpg,1865,1840,-25
17910.jpg,1865,1850,-15
17915.jpg,1865,1880,15
17920.jpg,1865,1890,25
17930.jpg,1865,1875,10
17935.jpg,1866,1873,7
17940.jpg,1866,1876,10
17945.jpg,1866,1880,14
17950.jpg,1866,1880,14
17955.jpg,1866,1937,71
17960.jpg,1866,1840,-26
17965.jpg,1866,1880,14
17970.jpg,1866,1700,-166
17975.jpg,1866,1850,-16
17980.jpg,1866,1889,23
17985.jpg,1866,1869,3
17990.jpg,1866,1870,4
17995.jpg,1866,1871,5
18000.jpg,1866,1936,70
18005.jpg,1866,1850,-16
18010.jpg,1866,1890,24
18015.jpg,1866,1950,84
18020.jpg,1866,1900,34
18025.jpg,1866,1870,4
18030.jpg,1866,1850,-16
18035.jpg,1866,1870,4
18040.jpg,1866,1850,-16
18045.jpg,1866,1850,-16
18050.jpg,1866,1850,-16
18055.jpg,1866,1920,54
18060.jpg,1866,1880,14
18065.jpg,1866,1850,-16
18070.jpg,1866,1870,4
18075.jpg,1866,1850,-16
18080.jpg,1866,1840,-26
18085.jpg,1866,1850,-16
18090.jpg,1866,1950,84
18095.jpg,1866,1850,-16
18100.jpg,1866,1928,62
18105.jpg,1866,1920,54
18110.jpg,1866,1890,24
18115.jpg,1866,1880,14
18120.jpg,1866,1880,14
18125.jpg,1866,1870,4
18130.jpg,1866,1926,60
18135.jpg,1867,1850,-17
18140.jpg,1867,1867,0
18145.jpg,1867,1900,33
18160.jpg,1867,1898,31
18165.jpg,1867,1890,23
18170.jpg,1867,1850,-17
18175.jpg,1867,1850,-17
18180.jpg,1867,1910,43
18185.jpg,1867,1850,-17
18190.jpg,1867,1870,3
18195.jpg,1867,1970,103
18200.jpg,1867,1883,16
18205.jpg,1867,1885,18
18210.jpg,1867,1854,-13
18215.jpg,1867,1874,7
18220.jpg,1867,1880,13
18225.jpg,1867,1890,23
18230.jpg,1867,1930,63
18235.jpg,1867,1900,33
18240.jpg,1867,1840,-27
18245.jpg,1867,1858,-9
18250.jpg,1867,1890,23
18255.jpg,1867,1921,54
18260.jpg,1867,1848,-19
18265.jpg,1867,1870,3
18270.jpg,1867,1870,3
18275.jpg,1867,1870,3
18280.jpg,1867,1900,33
18285.jpg,1867,1870,3
18290.jpg,1867,1870,3
18295.jpg,1867,1930,63
18300.jpg,1867,1907,40
18305.jpg,1867,1840,-27
18310.jpg,1867,1877,10
18315.jpg,1867,1840,-27
18320.jpg,1867,1850,-17
18325.jpg,1867,1870,3
18330.jpg,1867,1880,13
18335.jpg,1867,1880,13
18340.jpg,1867,1875,8
18345.jpg,1867,1890,23
18350.jpg,1867,1867,0
18355.jpg,1867,1880,13
18360.jpg,1867,1870,3
18365.jpg,1868,1866,-2
18370.jpg,1868,1800,-68
18380.jpg,1868,1885,17
18385.jpg,1868,1890,22
18390.jpg,1868,1850,-18
18395.jpg,1868,1930,62
18400.jpg,1868,1921,53
18405.jpg,1868,1870,2
18410.jpg,1868,1900,32
18415.jpg,1868,1850,-18
18420.jpg,1868,1870,2
18425.jpg,1868,1870,2
18430.jpg,1868,1800,-68
18450.jpg,1868,1870,2
18455.jpg,1868,1820,-48
18460.jpg,1868,1870,2
18465.jpg,1868,1880,12
18470.jpg,1868,1865,-3
18475.jpg,1868,1900,32
18480.jpg,1868,1860,-8
18485.jpg,1868,1870,2
18490.jpg,1868,1880,12
18495.jpg,1868,1920,52
18500.jpg,1868,1869,1
18505.jpg,1868,1870,2
18510.jpg,1868,1870,2
18515.jpg,1868,1850,-18
18520.jpg,1868,1850,-18
18525.jpg,1868,1877,9
18530.jpg,1868,1880,12
18535.jpg,1868,1850,-18
18540.jpg,1868,1870,2
18545.jpg,1868,1870,2
18550.jpg,1868,1870,2
18555.jpg,1868,1870,2
18560.jpg,1868,1880,12
18565.jpg,1868,1890,22
18570.jpg,1868,1870,2
18575.jpg,1868,1890,22
18580.jpg,1868,1933,65
18585.jpg,1868,1968,100
18590.jpg,1868,1914,46
18595.jpg,1868,1850,-18
18600.jpg,1868,1890,22
18605.jpg,1868,1920,52
18610.jpg,1868,1850,-18
18615.jpg,1868,1882,14
18620.jpg,1869,1820,-49
18625.jpg,1869,1868,-1
18630.jpg,1869,1870,1
18635.jpg,1869,1871,2
18640.jpg,1869,1890,21
18645.jpg,1869,1870,1
18650.jpg,1869,1850,-19
18655.jpg,1869,1867,-2
18660.jpg,1869,1850,-19
18665.jpg,1869,1870,1
18670.jpg,1869,1869,0
18675.jpg,1869,1857,-12
18680.jpg,1869,1871,2
18685.jpg,1869,1890,21
18690.jpg,1869,1850,-19
18695.jpg,1869,1870,1
18700.jpg,1869,1880,11
18710.jpg,1869,1900,31
18715.jpg,1869,1850,-19
18720.jpg,1869,1870,1
18725.jpg,1869,1902,33
18730.jpg,1869,1870,1
18735.jpg,1869,1850,-19
18740.jpg,1869,1850,-19
18745.jpg,1869,1893,24
18750.jpg,1869,1870,1
18755.jpg,1869,1850,-19
18760.jpg,1869,1880,11
18765.jpg,1869,1840,-29
18770.jpg,1869,1850,-19
18775.jpg,1869,1870,1
18780.jpg,1869,1890,21
18785.jpg,1869,1890,21
18790.jpg,1869,1890,21
18795.jpg,1869,1850,-19
18800.jpg,1869,1730,-139
18805.jpg,1869,1907,38
18810.jpg,1869,1880,11
18815.jpg,1869,1880,11
18820.jpg,1869,1915,46
18825.jpg,1869,1890,21
18830.jpg,1869,1920,51
18835.jpg,1869,1920,51
18840.jpg,1870,1850,-20
18845.jpg,1870,1878,8
18850.jpg,1870,1892,22
18855.jpg,1870,1920,50
18860.jpg,1870,1890,20
18865.jpg,1870,1930,60
18870.jpg,1870,1890,20
18875.jpg,1870,1995,125
18880.jpg,1870,1920,50
18885.jpg,1870,1850,-20
18895.jpg,1870,1860,-10
18900.jpg,1870,1870,0
18905.jpg,1870,1870,0
18910.jpg,1870,1850,-20
18915.jpg,1870,1881,11
18920.jpg,1870,1890,20
18925.jpg,1870,1871,1
18930.jpg,1870,1900,30
18935.jpg,1870,1800,-70
18940.jpg,1870,1890,20
18945.jpg,1870,1950,80
18950.jpg,1870,1850,-20
18955.jpg,1870,1890,20
18960.jpg,1870,1890,20
18965.jpg,1870,1850,-20
18970.jpg,1870,1850,-20
18980.jpg,1870,1890,20
18985.jpg,1870,1880,10
18990.jpg,1870,1880,10
18995.jpg,1870,1880,10
19000.jpg,1870,1890,20
19005.jpg,1870,1850,-20
19010.jpg,1870,1870,0
19015.jpg,1870,1910,40
19020.jpg,1870,1900,30
19025.jpg,1870,1870,0
19030.jpg,1870,1900,30
19035.jpg,1870,1870,0
19040.jpg,1870,1850,-20
19045.jpg,1870,1833,-37
19050.jpg,1870,1870,0
19055.jpg,1870,1885,15
19060.jpg,1870,1890,20
19065.jpg,1870,1900,30
19070.jpg,1870,1920,50
19075.jpg,1870,1870,0
19080.jpg,1870,1900,30
19085.jpg,1870,1880,10
19090.jpg,1870,1900,30
19100.jpg,1870,1964,94
19105.jpg,1870,1880,10
19110.jpg,1870,1914,44
19115.jpg,1870,1872,2
19120.jpg,1870,1900,30
19125.jpg,1870,1920,50
19130.jpg,1870,1850,-20
19135.jpg,1870,1850,-20
19140.jpg,1870,1900,30
19145.jpg,1871,1850,-21
19150.jpg,1871,1880,9
19155.jpg,1871,1875,4
19160.jpg,1871,1870,-1
19165.jpg,1871,1858,-13
19170.jpg,1871,1901,30
19175.jpg,1871,1920,49
19180.jpg,1871,1890,19
19185.jpg,1871,1874,3
19190.jpg,1871,1880,9
19195.jpg,1871,1850,-21
19200.jpg,1871,1870,-1
19205.jpg,1871,1967,96
19210.jpg,1871,1850,-21
19215.jpg,1871,1885,14
19220.jpg,1871,1969,98
19225.jpg,1871,1850,-21
19230.jpg,1871,1903,32
19235.jpg,1871,1870,-1
19240.jpg,1871,1880,9
19245.jpg,1871,1870,-1
19250.jpg,1871,1870,-1
19255.jpg,1871,1870,-1
19260.jpg,1871,1880,9
19265.jpg,1871,1870,-1
19270.jpg,1871,1890,19
19275.jpg,1871,1890,19
19280.jpg,1871,1890,19
19285.jpg,1871,1880,9
19290.jpg,1871,1870,-1
19295.jpg,1871,1880,9
19300.jpg,1871,1890,19
19305.jpg,1871,1920,49
19310.jpg,1871,1920,49
19315.jpg,1871,1886,15
19320.jpg,1871,1889,18
19325.jpg,1871,1880,9
19330.jpg,1871,1870,-1
19335.jpg,1871,1890,19
19340.jpg,1871,1890,19
19345.jpg,1871,1870,-1
19350.jpg,1871,1850,-21
19355.jpg,1871,1890,19
19360.jpg,1871,1890,19
19365.jpg,1871,1887,16
19370.jpg,1871,1879,8
19375.jpg,1871,1850,-21
19380.jpg,1871,1884,13
19385.jpg,1871,1870,-1
19390.jpg,1871,1890,19
19395.jpg,1872,1862,-10
19400.jpg,1872,1900,28
19405.jpg,1872,1887,15
19410.jpg,1872,1850,-22
19415.jpg,1872,1857,-15
19420.jpg,1872,1850,-22
19425.jpg,1872,1961,89
19430.jpg,1872,1901,29
19435.jpg,1872,1900,28
19440.jpg,1872,1885,13
19445.jpg,1872,1927,55
19450.jpg,1872,1870,-2
19455.jpg,1872,1864,-8
19460.jpg,1872,1880,8
19465.jpg,1872,1890,18
19470.jpg,1872,1850,-22
19475.jpg,1872,1894,22
19480.jpg,1872,1870,-2
19485.jpg,1872,1870,-2
19490.jpg,1872,1868,-4
19495.jpg,1872,1850,-22
19500.jpg,1872,1897,25
19505.jpg,1872,1872,0
19510.jpg,1872,1885,13
19515.jpg,1872,1858,-14
19520.jpg,1872,1920,48
19525.jpg,1872,1860,-12
19530.jpg,1872,1880,8
19535.jpg,1872,1890,18
19540.jpg,1872,1950,78
19545.jpg,1872,1870,-2
19550.jpg,1872,1870,-2
19555.jpg,1872,1880,8
19560.jpg,1872,1870,-2
19565.jpg,1872,1800,-72
19570.jpg,1872,1880,8
19575.jpg,1872,1850,-22
19580.jpg,1872,1890,18
19585.jpg,1872,1850,-22
19590.jpg,1872,1900,28
19595.jpg,1872,1900,28
19600.jpg,1872,1850,-22
19605.jpg,1872,1870,-2
19610.jpg,1872,1880,8
19615.jpg,1872,1880,8
19620.jpg,1872,1880,8
19625.jpg,1872,1880,8
19630.jpg,1872,1880,8
19635.jpg,1872,1870,-2
19640.jpg,1872,1870,-2
19645.jpg,1872,1910,38
19655.jpg,1873,1850,-23
19660.jpg,1873,1886,13
19665.jpg,1873,1953,80
19670.jpg,1873,1880,7
19675.jpg,1873,1895,22
19680.jpg,1873,1857,-16
19685.jpg,1873,1860,-13
19690.jpg,1873,1943,70
19695.jpg,1873,1892,19
19700.jpg,1873,1850,-23
19705.jpg,1873,1925,52
19710.jpg,1873,1919,46
19715.jpg,1873,1870,-3
19720.jpg,1873,1903,30
19725.jpg,1873,1854,-19
19730.jpg,1873,1870,-3
19735.jpg,1873,1848,-25
19740.jpg,1873,1900,27
19745.jpg,1873,1902,29
19750.jpg,1873,1869,-4
19755.jpg,1873,1883,10
19760.jpg,1873,1870,-3
19765.jpg,1873,1850,-23
19775.jpg,1873,1928,55
19780.jpg,1873,1870,-3
19785.jpg,1873,1850,-23
19790.jpg,1873,1900,27
19795.jpg,1873,1880,7
19800.jpg,1873,1850,-23
19805.jpg,1873,1850,-23
19810.jpg,1873,1885,12
19815.jpg,1873,1880,7
19820.jpg,1873,1875,2
19825.jpg,1873,1890,17
19830.jpg,1873,1880,7
19835.jpg,1873,1850,-23
19840.jpg,1873,1859,-14
19845.jpg,1873,0,-1873
19850.jpg,1873,1870,-3
19855.jpg,1873,1890,17
19860.jpg,1873,1850,-23
19865.jpg,1873,1870,-3
19870.jpg,1873,1880,7
19875.jpg,1873,1929,56
19880.jpg,1873,1890,17
19885.jpg,1873,1892,19
19890.jpg,1873,1850,-23
19895.jpg,1873,1950,77
19900.jpg,1873,1880,7
19905.jpg,1873,1875,2
19910.jpg,1873,1997,124
19915.jpg,1874,1873,-1
19920.jpg,1874,1880,6
19925.jpg,1874,1890,16
19930.jpg,1874,1910,36
19935.jpg,1874,1904,30
19945.jpg,1874,1880,6
19950.jpg,1874,1870,-4
19955.jpg,1874,1893,19
19965.jpg,1874,1883,9
19970.jpg,1874,1874,0
19975.jpg,1874,1870,-4
19980.jpg,1874,1899,25
19985.jpg,1874,1918,44
19990.jpg,1874,1935,61
19995.jpg,1874,1897,23
20000.jpg,1874,1971,97
20005.jpg,1874,1930,56
20010.jpg,1874,1880,6
20015.jpg,1874,1874,0
20020.jpg,1874,1878,4
20025.jpg,1874,1871,-3
20030.jpg,1874,1857,-17
20035.jpg,1874,1935,61
20040.jpg,1874,1874,0
20045.jpg,1874,1854,-20
20050.jpg,1874,1870,-4
20055.jpg,1874,1870,-4
20060.jpg,1874,1880,6
20065.jpg,1874,1870,-4
20070.jpg,1874,1889,15
20075.jpg,1874,1887,13
20080.jpg,1874,1829,-45
20085.jpg,1874,1880,6
20090.jpg,1874,1840,-34
20095.jpg,1874,1870,-4
20100.jpg,1874,1890,16
20110.jpg,1874,1870,-4
20115.jpg,1874,1880,6
20120.jpg,1874,1880,6
20125.jpg,1874,1900,26
20130.jpg,1874,1746,-128
20135.jpg,1874,1890,16
20145.jpg,1874,1850,-24
20150.jpg,1874,1890,16
20155.jpg,1874,1900,26
20160.jpg,1874,1927,53
20165.jpg,1874,1880,6
20170.jpg,1874,1880,6
20175.jpg,1874,1901,27
20180.jpg,1874,1720,-154
20185.jpg,1874,1874,0
20190.jpg,1874,1885,11
20195.jpg,1874,1867,-7
20205.jpg,1874,1850,-24
20210.jpg,1875,1888,13
20215.jpg,1875,1953,78
20220.jpg,1875,1850,-25
20230.jpg,1875,1900,25
20235.jpg,1875,1870,-5
20240.jpg,1875,1880,5
20245.jpg,1875,1850,-25
20250.jpg,1875,1900,25
20255.jpg,1875,1889,14
20260.jpg,1875,1912,37
20265.jpg,1875,1870,-5
20270.jpg,1875,1870,-5
20275.jpg,1875,1870,-5
20280.jpg,1875,1901,26
20285.jpg,1875,1875,0
20295.jpg,1875,1869,-6
20300.jpg,1875,1855,-20
20305.jpg,1875,1897,22
20310.jpg,1875,1885,10
20315.jpg,1875,1905,30
20320.jpg,1875,1870,-5
20325.jpg,1875,1870,-5
20330.jpg,1875,1890,15
20335.jpg,1875,1870,-5
20340.jpg,1875,1890,15
20345.jpg,1875,1880,5
20350.jpg,1875,1890,15
20355.jpg,1875,1850,-25
20360.jpg,1875,1880,5
20365.jpg,1875,1890,15
20370.jpg,1875,1870,-5
20375.jpg,1875,1870,-5
20380.jpg,1875,1870,-5
20385.jpg,1875,1850,-25
20390.jpg,1875,1870,-5
20395.jpg,1875,1870,-5
20400.jpg,1875,1870,-5
20405.jpg,1875,1880,5
20410.jpg,1875,1880,5
20415.jpg,1875,1870,-5
20420.jpg,1875,1870,-5
20425.jpg,1875,1874,-1
20430.jpg,1875,1890,15
20435.jpg,1875,1340,-535
20440.jpg,1875,1920,45
20445.jpg,1875,1850,-25
20450.jpg,1875,1880,5
20455.jpg,1875,1850,-25
20460.jpg,1875,1910,35
20465.jpg,1875,1890,15
20470.jpg,1875,1850,-25
20480.jpg,1875,1920,45
20485.jpg,1875,1922,47
20490.jpg,1875,1850,-25
20495.jpg,1875,1880,5
20500.jpg,1876,1850,-26
20505.jpg,1876,1880,4
20510.jpg,1876,1910,34
20515.jpg,1876,1870,-6
20520.jpg,1876,1880,4
20525.jpg,1876,1552,-324
20530.jpg,1876,1850,-26
20540.jpg,1876,2023,147
20545.jpg,1876,1886,10
20550.jpg,1876,1986,110
20555.jpg,1876,1870,-6
20560.jpg,1876,1560,-316
20565.jpg,1876,1887,11
20570.jpg,1876,1892,16
20575.jpg,1876,1857,-19
20580.jpg,1876,1897,21
20585.jpg,1876,1870,-6
20590.jpg,1876,1895,19
20595.jpg,1876,1890,14
20600.jpg,1876,1890,14
20605.jpg,1876,1880,4
20610.jpg,1876,1900,24
20615.jpg,1876,1890,14
20620.jpg,1876,1850,-26
20625.jpg,1876,1880,4
20630.jpg,1876,1850,-26
20635.jpg,1876,1880,4
20640.jpg,1876,1920,44
20645.jpg,1876,1871,-5
20650.jpg,1876,1880,4
20655.jpg,1876,1870,-6
20660.jpg,1876,1880,4
20665.jpg,1876,1882,6
20670.jpg,1876,1895,19
20675.jpg,1876,1730,-146
20680.jpg,1876,1870,-6
20685.jpg,1876,1880,4
20690.jpg,1876,1890,14
20695.jpg,1876,1890,14
20700.jpg,1876,1876,0
20705.jpg,1876,1895,19
20715.jpg,1876,1900,24
20720.jpg,1876,1867,-9
20725.jpg,1876,1889,13
20730.jpg,1877,1880,3
20735.jpg,1877,1870,-7
20740.jpg,1877,1900,23
20745.jpg,1877,1870,-7
20750.jpg,1877,1900,23
20755.jpg,1877,1895,18
20760.jpg,1877,1930,53
20765.jpg,1877,1863,-14
20770.jpg,1877,1880,3
20775.jpg,1877,1877,0
20780.jpg,1877,1849,-28
20785.jpg,1877,1962,85
20790.jpg,1877,1881,4
20795.jpg,1877,1871,-6
20800.jpg,1877,1890,13
20805.jpg,1877,1900,23
20810.jpg,1877,1890,13
20815.jpg,1877,1850,-27
20820.jpg,1877,1900,23
20830.jpg,1877,1870,-7
20835.jpg,1877,1880,3
20840.jpg,1877,1880,3
20845.jpg,1877,1870,-7
20850.jpg,1877,1870,-7
20855.jpg,1877,1890,13
20860.jpg,1877,1905,28
20865.jpg,1877,1870,-7
20870.jpg,1877,1890,13
20875.jpg,1877,1890,13
20880.jpg,1877,1850,-27
20885.jpg,1877,1880,3
20890.jpg,1877,1876,-1
20895.jpg,1877,1850,-27
20900.jpg,1877,1880,3
20905.jpg,1877,1890,13
20910.jpg,1877,1873,-4
20915.jpg,1877,1896,19
20925.jpg,1878,1925,47
20930.jpg,1878,1878,0
20935.jpg,1878,1867,-11
20940.jpg,1878,1900,22
20945.jpg,1878,1920,42
20950.jpg,1878,1920,42
20955.jpg,1878,1894,16
20960.jpg,1878,1930,52
20965.jpg,1878,1965,87
20970.jpg,1878,1870,-8
20975.jpg,1878,1880,2
20980.jpg,1878,1909,31
20985.jpg,1878,1874,-4
20990.jpg,1878,1870,-8
20995.jpg,1878,1858,-20
21000.jpg,1878,1880,2
21005.jpg,1878,1880,2
21010.jpg,1878,1870,-8
21015.jpg,1878,1920,42
21020.jpg,1878,1840,-38
21025.jpg,1878,1890,12
21030.jpg,1878,1890,12
21035.jpg,1878,1838,-40
21040.jpg,1878,1850,-28
21045.jpg,1878,1880,2
21050.jpg,1878,1880,2
21055.jpg,1878,1880,2
21060.jpg,1878,1850,-28
21065.jpg,1878,1890,12
21070.jpg,1878,1900,22
21075.jpg,1878,1870,-8
21080.jpg,1878,1880,2
21085.jpg,1878,1890,12
21090.jpg,1878,1920,42
21095.jpg,1878,1890,12
21100.jpg,1878,1890,12
21105.jpg,1878,1890,12
21110.jpg,1878,1880,2
21115.jpg,1878,1878,0
21120.jpg,1878,1914,36
21125.jpg,1878,2020,142
21130.jpg,1878,1888,10
21135.jpg,1878,1880,2
21140.jpg,1878,1897,19
21145.jpg,1878,1900,22
21150.jpg,1878,1890,12
21155.jpg,1878,1920,42
21160.jpg,1879,1960,81
21165.jpg,1879,1893,14
21170.jpg,1879,1892,13
21175.jpg,1879,1900,21
21180.jpg,1879,1900,21
21185.jpg,1879,1900,21
21190.jpg,1879,1870,-9
21195.jpg,1879,1883,4
21200.jpg,1879,1893,14
21205.jpg,1879,1937,58
21210.jpg,1879,1900,21
21215.jpg,1879,1860,-19
21220.jpg,1879,1878,-1
21225.jpg,1879,1922,43
21230.jpg,1879,1864,-15
21235.jpg,1879,1883,4
21240.jpg,1879,1900,21
21245.jpg,1879,1870,-9
21250.jpg,1879,1860,-19
21255.jpg,1879,1880,1
21260.jpg,1879,1880,1
21265.jpg,1879,1890,11
21270.jpg,1879,1840,-39
21275.jpg,1879,1850,-29
21280.jpg,1879,1870,-9
21285.jpg,1879,1864,-15
21290.jpg,1879,1890,11
21295.jpg,1879,1870,-9
21300.jpg,1879,1876,-3
21305.jpg,1879,1870,-9
21310.jpg,1879,1870,-9
21315.jpg,1879,1880,1
21320.jpg,1879,1870,-9
21325.jpg,1879,1880,1
21330.jpg,1879,1880,1
21335.jpg,1879,1884,5
21340.jpg,1879,1889,10
21350.jpg,1879,1900,21
21355.jpg,1879,1876,-3
21360.jpg,1879,1880,1
21365.jpg,1879,1900,21
21370.jpg,1879,1875,-4
21375.jpg,1880,1820,-60
21380.jpg,1880,1901,21
21385.jpg,1880,1880,0
21390.jpg,1880,1857,-23
21395.jpg,1880,1910,30
21400.jpg,1880,1890,10
21405.jpg,1880,1900,20
21410.jpg,1880,1850,-30
21415.jpg,1880,1900,20
21420.jpg,1880,1888,8
21425.jpg,1880,1880,0
21430.jpg,1880,1850,-30
21435.jpg,1880,1887,7
21440.jpg,1880,1898,18
21445.jpg,1880,1890,10
21450.jpg,1880,1900,20
21455.jpg,1880,1887,7
21460.jpg,1880,1888,8
21465.jpg,1880,1850,-30
21470.jpg,1880,1850,-30
21475.jpg,1880,1877,-3
21480.jpg,1880,1879,-1
21485.jpg,1880,1954,74
21490.jpg,1880,1927,47
21495.jpg,1880,1874,-6
21500.jpg,1880,1850,-30
21505.jpg,1880,1900,20
21510.jpg,1880,1920,40
21515.jpg,1880,1850,-30
21520.jpg,1880,1880,0
21530.jpg,1880,1900,20
21535.jpg,1880,1890,10
21540.jpg,1880,1870,-10
21545.jpg,1880,1890,10
21550.jpg,1880,1880,0
21555.jpg,1880,1870,-10
21560.jpg,1880,1880,0
21565.jpg,1880,1840,-40
21570.jpg,1880,1900,20
21575.jpg,1880,1920,40
21580.jpg,1880,1870,-10
21585.jpg,1880,1850,-30
21590.jpg,1880,1920,40
21595.jpg,1880,1890,10
21600.jpg,1880,1900,20
21605.jpg,1880,1890,10
21610.jpg,1880,1890,10
21615.jpg,1880,1890,10
21620.jpg,1880,1880,0
21625.jpg,1880,1880,0
21630.jpg,1880,1890,10
21635.jpg,1880,1890,10
21640.jpg,1880,1880,0
21645.jpg,1880,1920,40
21650.jpg,1880,1928,48
21655.jpg,1880,1900,20
21660.jpg,1880,1867,-13
21665.jpg,1880,1927,47
21670.jpg,1880,1898,18
21675.jpg,1880,1900,20
21680.jpg,1880,1880,0
21685.jpg,1880,1778,-102
21690.jpg,1880,1900,20
21695.jpg,1880,1880,0
21700.jpg,1880,1910,30
21705.jpg,1880,1850,-30
21710.jpg,1881,1905,24
21715.jpg,1881,1928,47
21720.jpg,1881,1950,69
21725.jpg,1881,1870,-11
21730.jpg,1881,1900,19
21735.jpg,1881,1900,19
21740.jpg,1881,1890,9
21745.jpg,1881,1880,-1
21750.jpg,1881,1882,1
21755.jpg,1881,1932,51
21760.jpg,1881,1867,-14
21770.jpg,1881,1871,-10
21775.jpg,1881,1871,-10
21780.jpg,1881,1870,-11
21785.jpg,1881,1850,-31
21790.jpg,1881,1867,-14
21795.jpg,1881,1895,14
21800.jpg,1881,1890,9
21805.jpg,1881,1884,3
21810.jpg,1881,1890,9
21815.jpg,1881,1890,9
21820.jpg,1881,1880,-1
21825.jpg,1881,1890,9
21830.jpg,1881,1870,-11
21835.jpg,1881,1890,9
21840.jpg,1881,1870,-11
21845.jpg,1881,1840,-41
21850.jpg,1881,1912,31
21855.jpg,1881,1890,9
21860.jpg,1881,1850,-31
21865.jpg,1881,1890,9
21870.jpg,1881,1870,-11
21875.jpg,1881,1890,9
21880.jpg,1881,1870,-11
21885.jpg,1881,1880,-1
21890.jpg,1881,1920,39
21895.jpg,1881,1892,11
21900.jpg,1881,1855,-26
21905.jpg,1881,1880,-1
21910.jpg,1881,1891,10
21915.jpg,1881,1890,9
21920.jpg,1881,1892,11
21925.jpg,1881,1930,49
21930.jpg,1881,1840,-41
21940.jpg,1881,1884,3
21945.jpg,1882,1850,-32
21950.jpg,1882,1925,43
21955.jpg,1882,1898,16
21960.jpg,1882,1665,-217
21965.jpg,1882,1920,38
21970.jpg,1882,1920,38
21975.jpg,1882,1858,-24
21980.jpg,1882,1925,43
21985.jpg,1882,1850,-32
21990.jpg,1882,1884,2
21995.jpg,1882,1900,18
22000.jpg,1882,1890,8
22005.jpg,1882,1850,-32
22010.jpg,1882,1870,-12
22015.jpg,1882,1914,32
22020.jpg,1882,1873,-9
22025.jpg,1882,1880,-2
22030.jpg,1882,1890,8
22035.jpg,1882,1890,8
22040.jpg,1882,1890,8
22045.jpg,1882,1900,18
22050.jpg,1882,1900,18
22055.jpg,1882,1870,-12
22060.jpg,1882,1870,-12
22065.jpg,1882,1840,-42
22070.jpg,1882,1880,-2
22075.jpg,1882,1900,18
22080.jpg,1882,1880,-2
22085.jpg,1882,1890,8
22090.jpg,1882,1890,8
22095.jpg,1882,1880,-2
22100.jpg,1882,1920,38
22105.jpg,1882,1890,8
22110.jpg,1882,1890,8
22115.jpg,1882,1890,8
22120.jpg,1882,1890,8
22125.jpg,1882,1880,-2
22130.jpg,1882,1890,8
22135.jpg,1882,1870,-12
22140.jpg,1882,1850,-32
22145.jpg,1882,1960,78
22150.jpg,1882,1920,38
22155.jpg,1882,2001,119
22160.jpg,1882,1917,35
22165.jpg,1882,1920,38
22170.jpg,1882,1862,-20
22175.jpg,1882,1860,-22
22180.jpg,1882,1900,18
22185.jpg,1882,1850,-32
22190.jpg,1882,1934,52
22195.jpg,1882,1889,7
22200.jpg,1882,1914,32
22205.jpg,1882,1880,-2
22210.jpg,1882,1880,-2
22215.jpg,1883,1820,-63
22220.jpg,1883,1883,0
22225.jpg,1883,1920,37
22230.jpg,1883,1890,7
22235.jpg,1883,1890,7
22240.jpg,1883,1870,-13
22245.jpg,1883,1898,15
22250.jpg,1883,1890,7
22255.jpg,1883,1850,-33
22260.jpg,1883,1899,16
22265.jpg,1883,1890,7
22270.jpg,1883,1930,47
22275.jpg,1883,1900,17
22280.jpg,1883,1877,-6
22285.jpg,1883,1987,104
22290.jpg,1883,1900,17
22295.jpg,1883,1883,0
22300.jpg,1883,1858,-25
22305.jpg,1883,1897,14
22310.jpg,1883,1878,-5
22315.jpg,1883,1870,-13
22320.jpg,1883,1890,7
22325.jpg,1883,1880,-3
22330.jpg,1883,1890,7
22335.jpg,1883,1890,7
22340.jpg,1883,1890,7
22345.jpg,1883,1890,7
22350.jpg,1883,1880,-3
22355.jpg,1883,1927,44
22360.jpg,1883,1890,7
22365.jpg,1883,1920,37
22370.jpg,1883,1892,9
22375.jpg,1883,1890,7
22380.jpg,1883,1890,7
22385.jpg,1883,1920,37
22390.jpg,1883,1909,26
22395.jpg,1883,1900,17
22400.jpg,1883,1880,-3
22405.jpg,1883,1890,7
22410.jpg,1883,1890,7
22415.jpg,1883,1857,-26
22420.jpg,1883,1850,-33
22425.jpg,1883,1885,2
22430.jpg,1883,1880,-3
22435.jpg,1883,1890,7
22440.jpg,1883,1880,-3
22445.jpg,1883,1890,7
22450.jpg,1883,1890,7
22455.jpg,1883,1870,-13
22460.jpg,1883,1926,43
22465.jpg,1883,1880,-3
22470.jpg,1883,1885,2
22475.jpg,1883,1890,7
22485.jpg,1883,1890,7
22490.jpg,1883,1890,7
22495.jpg,1883,1880,-3
22500.jpg,1883,1900,17
22505.jpg,1883,1876,-7
22510.jpg,1884,1895,11
22515.jpg,1884,1870,-14
22520.jpg,1884,1910,26
22525.jpg,1884,1910,26
22530.jpg,1884,1900,16
22535.jpg,1884,1880,-4
22540.jpg,1884,1890,6
22545.jpg,1884,1889,5
22550.jpg,1884,1880,-4
22555.jpg,1884,1880,-4
22560.jpg,1884,1862,-22
22565.jpg,1884,1857,-27
22570.jpg,1884,1989,105
22575.jpg,1884,1873,-11
22580.jpg,1884,1900,16
22585.jpg,1884,1890,6
22590.jpg,1884,1890,6
22595.jpg,1884,1880,-4
22600.jpg,1884,1888,4
22605.jpg,1884,1880,-4
22610.jpg,1884,1890,6
22615.jpg,1884,1890,6
22620.jpg,1884,1890,6
22625.jpg,1884,1870,-14
22630.jpg,1884,1880,-4
22635.jpg,1884,1890,6
22640.jpg,1884,1870,-14
22645.jpg,1884,1882,-2
22650.jpg,1884,1890,6
22655.jpg,1884,1900,16
22665.jpg,1884,1924,40
22670.jpg,1884,1870,-14
22675.jpg,1884,1890,6
22680.jpg,1884,1990,106
22685.jpg,1884,1890,6
22690.jpg,1884,1890,6
22695.jpg,1884,1907,23
22700.jpg,1884,1900,16
22705.jpg,1884,1890,6
22710.jpg,1884,1877,-7
22715.jpg,1884,1887,3
22720.jpg,1884,1885,1
22730.jpg,1884,1900,16
22735.jpg,1884,1870,-14
22740.jpg,1884,2010,126
22745.jpg,1884,1886,2
22750.jpg,1884,1885,1
22755.jpg,1884,1884,0
22760.jpg,1884,1889,5
22765.jpg,1884,1890,6
22770.jpg,1884,1900,16
22775.jpg,1884,1885,1
22780.jpg,1885,1885,0
22785.jpg,1885,1905,20
22790.jpg,1885,1890,5
22795.jpg,1885,1880,-5
22800.jpg,1885,1850,-35
22805.jpg,1885,1900,15
22810.jpg,1885,1880,-5
22815.jpg,1885,1900,15
22820.jpg,1885,1890,5
22825.jpg,1885,1929,44
22830.jpg,1885,1908,23
22835.jpg,1885,1901,16
22840.jpg,1885,1850,-35
22850.jpg,1885,1950,65
22855.jpg,1885,1901,16
22860.jpg,1885,1870,-15
22865.jpg,1885,1880,-5
22870.jpg,1885,1890,5
22875.jpg,1885,1890,5
22880.jpg,1885,1900,15
22885.jpg,1885,1900,15
22890.jpg,1885,1925,40
22895.jpg,1885,1900,15
22900.jpg,1885,1900,15
22905.jpg,1885,1890,5
22910.jpg,1885,1872,-13
22915.jpg,1885,1900,15
22920.jpg,1885,1904,19
22925.jpg,1885,1886,1
22930.jpg,1885,1920,35
22935.jpg,1885,1906,21
22940.jpg,1885,1890,5
22945.jpg,1885,1890,5
22950.jpg,1885,1920,35
22955.jpg,1885,1880,-5
22960.jpg,1885,1880,-5
22965.jpg,1885,1890,5
22970.jpg,1885,1890,5
22975.jpg,1885,1885,0
22980.jpg,1885,1920,35
22985.jpg,1885,1850,-35
22990.jpg,1885,1900,15
22995.jpg,1885,1880,-5
23000.jpg,1885,1850,-35
23005.jpg,1885,1880,-5
23015.jpg,1885,1857,-28
23020.jpg,1885,1920,35
23025.jpg,1885,1880,-5
23030.jpg,1885,1886,1
23035.jpg,1885,1920,35
23040.jpg,1885,1885,0
23045.jpg,1885,1840,-45
23050.jpg,1885,1950,65
23055.jpg,1885,1900,15
23060.jpg,1885,1890,5
23065.jpg,1885,1880,-5
23070.jpg,1885,1900,15
23075.jpg,1885,1963,78
23080.jpg,1885,1900,15
23085.jpg,1886,1893,7
23090.jpg,1886,1898,12
23095.jpg,1886,1890,4
23100.jpg,1886,1885,-1
23105.jpg,1886,1914,28
23110.jpg,1886,1878,-8
23115.jpg,1886,1850,-36
23120.jpg,1886,1850,-36
23125.jpg,1886,1990,104
23130.jpg,1886,1931,45
23135.jpg,1886,1932,46
23140.jpg,1886,1971,85
23145.jpg,1886,1827,-59
23150.jpg,1886,1855,-31
23155.jpg,1886,1864,-22
23160.jpg,1886,1874,-12
23165.jpg,1886,1880,-6
23170.jpg,1886,1890,4
23175.jpg,1886,1900,14
23180.jpg,1886,1890,4
23185.jpg,1886,1920,34
23190.jpg,1886,1886,0
23195.jpg,1886,1890,4
23200.jpg,1886,1912,26
23205.jpg,1886,1890,4
23210.jpg,1886,1886,0
23215.jpg,1886,1870,-16
23220.jpg,1886,1889,3
23225.jpg,1886,1890,4
23230.jpg,1886,1880,-6
23235.jpg,1886,1890,4
23240.jpg,1886,1900,14
23245.jpg,1886,1890,4
23250.jpg,1886,1903,17
23255.jpg,1886,1850,-36
23260.jpg,1886,1890,4
23265.jpg,1886,1910,24
23275.jpg,1886,1880,-6
23280.jpg,1886,1900,14
23285.jpg,1886,1900,14
23290.jpg,1886,1980,94
23295.jpg,1886,1900,14
23300.jpg,1886,1890,4
23305.jpg,1886,1840,-46
23310.jpg,1886,1860,-26
23315.jpg,1886,1880,-6
23320.jpg,1886,1886,0
23325.jpg,1886,1888,2
23330.jpg,1886,1886,0
23335.jpg,1886,1920,34
23340.jpg,1886,1920,34
23345.jpg,1886,1890,4
23350.jpg,1886,1890,4
23355.jpg,1886,1902,16
23365.jpg,1886,1934,48
23370.jpg,1886,1892,6
23375.jpg,1887,1928,41
23380.jpg,1887,1915,28
23385.jpg,1887,1880,-7
23390.jpg,1887,1925,38
23395.jpg,1887,1900,13
23400.jpg,1887,1900,13
23410.jpg,1887,1895,8
23415.jpg,1887,1899,12
23420.jpg,1887,1900,13
23425.jpg,1887,1900,13
23430.jpg,1887,1920,33
23440.jpg,1887,1862,-25
23445.jpg,1887,1889,2
23450.jpg,1887,1935,48
23460.jpg,1887,1871,-16
23465.jpg,1887,1830,-57
23470.jpg,1887,1905,18
23475.jpg,1887,1850,-37
23480.jpg,1887,1890,3
23485.jpg,1887,1890,3
23490.jpg,1887,1850,-37
23495.jpg,1887,1890,3
23500.jpg,1887,1920,33
23505.jpg,1887,1890,3
23510.jpg,1887,1870,-17
23515.jpg,1887,1900,13
23520.jpg,1887,1890,3
23525.jpg,1887,1686,-201
23535.jpg,1887,1900,13
23540.jpg,1887,1890,3
23545.jpg,1887,1890,3
23550.jpg,1887,1910,23
23555.jpg,1887,1920,33
23560.jpg,1887,1905,18
23565.jpg,1887,1890,3
23570.jpg,1887,1900,13
23575.jpg,1887,1887,0
23580.jpg,1887,1890,3
23585.jpg,1887,1890,3
23590.jpg,1887,1970,83
23595.jpg,1887,1890,3
23600.jpg,1887,1870,-17
23605.jpg,1887,1890,3
23610.jpg,1887,1869,-18
23615.jpg,1887,1880,-7
23620.jpg,1887,1900,13
23625.jpg,1887,1901,14
23630.jpg,1887,1890,3
23635.jpg,1887,1885,-2
23640.jpg,1887,1920,33
23645.jpg,1887,1880,-7
23650.jpg,1887,1887,0
23660.jpg,1887,1890,3
23665.jpg,1887,1880,-7
23670.jpg,1887,1880,-7
23675.jpg,1887,1887,0
23680.jpg,1887,1930,43
23690.jpg,1887,1890,3
23695.jpg,1887,1910,23
23700.jpg,1888,1850,-38
23705.jpg,1888,1900,12
23710.jpg,1888,1913,25
23715.jpg,1888,1880,-8
23720.jpg,1888,1960,72
23725.jpg,1888,1895,7
23730.jpg,1888,1890,2
23735.jpg,1888,1915,27
23740.jpg,1888,1885,-3
23745.jpg,1888,1877,-11
23750.jpg,1888,1869,-19
23755.jpg,1888,1901,13
23760.jpg,1888,1839,-49
23765.jpg,1888,1870,-18
23770.jpg,1888,1950,62
23775.jpg,1888,1922,34
23790.jpg,1888,1890,2
23795.jpg,1888,1890,2
23800.jpg,1888,1893,5
23805.jpg,1888,1890,2
23810.jpg,1888,1880,-8
23815.jpg,1888,1885,-3
23820.jpg,1888,1900,12
23825.jpg,1888,1920,32
23830.jpg,1888,1883,-5
23835.jpg,1888,1890,2
23840.jpg,1888,1890,2
23850.jpg,1888,1890,2
23855.jpg,1888,1905,17
23860.jpg,1888,1890,2
23865.jpg,1888,1850,-38
23870.jpg,1888,1855,-33
23875.jpg,1888,1905,17
23880.jpg,1888,1900,12
23885.jpg,1888,1920,32
23890.jpg,1888,1890,2
23895.jpg,1888,1890,2
23900.jpg,1888,1890,2
23905.jpg,1888,1880,-8
23910.jpg,1888,1900,12
23915.jpg,1888,1900,12
23920.jpg,1888,1890,2
23925.jpg,1888,1900,12
23930.jpg,1888,1900,12
23935.jpg,1888,1850,-38
23940.jpg,1888,1904,16
23945.jpg,1888,1880,-8
23950.jpg,1888,1874,-14
23955.jpg,1888,1887,-1
23960.jpg,1888,1890,2
23965.jpg,1888,1912,24
23970.jpg,1888,1472,-416
23975.jpg,1888,1890,2
23980.jpg,1888,1890,2
23985.jpg,1888,1910,22
23990.jpg,1888,1888,0
23995.jpg,1888,1929,41
24000.jpg,1888,1905,17
24005.jpg,1888,1890,2
24010.jpg,1888,1904,16
24015.jpg,1888,1930,42
24020.jpg,1888,1928,40
24025.jpg,1888,1910,22
24030.jpg,1888,1900,12
24035.jpg,1888,1902,14
24040.jpg,1888,1922,34
24050.jpg,1889,1910,21
24055.jpg,1889,1870,-19
24060.jpg,1889,1888,-1
24065.jpg,1889,1900,11
24070.jpg,1889,1870,-19
24075.jpg,1889,1930,41
24080.jpg,1889,1892,3
24085.jpg,1889,1890,1
24090.jpg,1889,1889,0
24095.jpg,1889,1886,-3
24105.jpg,1889,1900,11
24110.jpg,1889,1893,4
24115.jpg,1889,1910,21
24120.jpg,1889,1870,-19
24125.jpg,1889,1901,12
24130.jpg,1889,1910,21
24135.jpg,1889,1900,11
24140.jpg,1889,1938,49
24145.jpg,1889,1857,-32
24150.jpg,1889,1877,-12
24155.jpg,1889,1903,14
24160.jpg,1889,1900,11
24165.jpg,1889,1890,1
24170.jpg,1889,1890,1
24175.jpg,1889,1934,45
24180.jpg,1889,1890,1
24185.jpg,1889,1890,1
24190.jpg,1889,1890,1
24195.jpg,1889,1890,1
24200.jpg,1889,1890,1
24205.jpg,1889,1890,1
24210.jpg,1889,1890,1
24215.jpg,1889,1890,1
24220.jpg,1889,1890,1
24225.jpg,1889,1880,-9
24230.jpg,1889,1890,1
24235.jpg,1889,1890,1
24240.jpg,1889,1890,1
24245.jpg,1889,1920,31
24250.jpg,1889,1885,-4
24255.jpg,1889,1886,-3
24260.jpg,1889,1900,11
24265.jpg,1889,1890,1
24270.jpg,1889,1890,1
24275.jpg,1889,1890,1
24280.jpg,1889,1890,1
24285.jpg,1889,1900,11
24290.jpg,1889,1890,1
24295.jpg,1889,1890,1
24300.jpg,1889,1900,11
24310.jpg,1889,1890,1
24315.jpg,1889,1890,1
24320.jpg,1889,1850,-39
24330.jpg,1889,1850,-39
24335.jpg,1889,1914,25
24340.jpg,1889,1939,50
24345.jpg,1889,1890,1
24350.jpg,1889,1907,18
24355.jpg,1889,1890,1
24360.jpg,1889,1900,11
24365.jpg,1889,1900,11
24370.jpg,1889,1887,-2
24375.jpg,1889,1900,11
24380.jpg,1889,1912,23
24385.jpg,1889,1890,1
24390.jpg,1889,1880,-9
24395.jpg,1890,1800,-90
24400.jpg,1890,1890,0
24405.jpg,1890,1900,10
24410.jpg,1890,1890,0
24415.jpg,1890,1899,9
24420.jpg,1890,1850,-40
24425.jpg,1890,1900,10
24430.jpg,1890,1900,10
24435.jpg,1890,1885,-5
24440.jpg,1890,1895,5
24445.jpg,1890,1942,52
24450.jpg,1890,1890,0
24455.jpg,1890,1890,0
24460.jpg,1890,1890,0
24465.jpg,1890,1927,37
24470.jpg,1890,1920,30
24475.jpg,1890,1890,0
24480.jpg,1890,1900,10
24485.jpg,1890,1900,10
24490.jpg,1890,1910,20
24495.jpg,1890,1850,-40
24500.jpg,1890,1876,-14
24505.jpg,1890,1877,-13
24510.jpg,1890,1871,-19
24515.jpg,1890,1875,-15
24520.jpg,1890,1868,-22
24525.jpg,1890,1900,10
24535.jpg,1890,1900,10
24540.jpg,1890,1890,0
24545.jpg,1890,1900,10
24550.jpg,1890,1890,0
24555.jpg,1890,1880,-10
24560.jpg,1890,1890,0
24565.jpg,1890,1890,0
24570.jpg,1890,1890,0
24575.jpg,1890,1890,0
24580.jpg,1890,1910,20
24585.jpg,1890,1892,2
24590.jpg,1890,1890,0
24595.jpg,1890,1890,0
24600.jpg,1890,1870,-20
24605.jpg,1890,1890,0
24610.jpg,1890,1900,10
24615.jpg,1890,1890,0
24620.jpg,1890,1950,60
24625.jpg,1890,1890,0
24630.jpg,1890,1880,-10
24635.jpg,1890,1900,10
24640.jpg,1890,1890,0
24645.jpg,1890,1890,0
24650.jpg,1890,1890,0
24655.jpg,1890,1890,0
24660.jpg,1890,1890,0
24665.jpg,1890,1900,10
24670.jpg,1890,1900,10
24675.jpg,1890,1890,0
24680.jpg,1890,1890,0
24685.jpg,1890,1885,-5
24690.jpg,1890,1920,30
24695.jpg,1890,1907,17
24700.jpg,1890,1890,0
24705.jpg,1890,2020,130
24710.jpg,1890,1920,30
24715.jpg,1890,1900,10
24720.jpg,1890,1889,-1
24725.jpg,1890,1840,-50
24730.jpg,1890,1900,10
24735.jpg,1890,1916,26
24740.jpg,1890,1906,16
24745.jpg,1890,1890,0
24750.jpg,1890,1930,40
24755.jpg,1890,1880,-10
24760.jpg,1890,1890,0
24765.jpg,1890,1912,22
24770.jpg,1890,1890,0
24775.jpg,1891,1870,-21
24780.jpg,1891,1900,9
24785.jpg,1891,1904,13
24790.jpg,1891,1920,29
24795.jpg,1891,1910,19
24800.jpg,1891,1920,29
24805.jpg,1891,1898,7
24810.jpg,1891,1907,16
24815.jpg,1891,1920,29
24820.jpg,1891,1890,-1
24825.jpg,1891,1910,19
24830.jpg,1891,1906,15
24835.jpg,1891,1900,9
24840.jpg,1891,1900,9
24845.jpg,1891,1920,29
24850.jpg,1891,1900,9
24855.jpg,1891,1990,99
24860.jpg,1891,1905,14
24865.jpg,1891,1893,2
24870.jpg,1891,1875,-16
24875.jpg,1891,1882,-9
24880.jpg,1891,1926,35
24885.jpg,1891,1890,-1
24890.jpg,1891,1889,-2
24895.jpg,1891,1890,-1
24900.jpg,1891,1890,-1
24905.jpg,1891,1850,-41
24910.jpg,1891,1890,-1
24915.jpg,1891,1890,-1
24920.jpg,1891,1900,9
24925.jpg,1891,1880,-11
24930.jpg,1891,1850,-41
24935.jpg,1891,1890,-1
24940.jpg,1891,1890,-1
24945.jpg,1891,1895,4
24950.jpg,1891,1850,-41
24955.jpg,1891,1890,-1
24960.jpg,1891,1890,-1
24965.jpg,1891,1920,29
24970.jpg,1891,1890,-1
24975.jpg,1891,1890,-1
24980.jpg,1891,1890,-1
24985.jpg,1891,1850,-41
24990.jpg,1891,1890,-1
24995.jpg,1891,1892,1
25000.jpg,1891,1880,-11
25005.jpg,1891,1916,25
25010.jpg,1891,1880,-11
25015.jpg,1891,1890,-1
25020.jpg,1891,1890,-1
25025.jpg,1891,1871,-20
25030.jpg,1891,1901,10
25035.jpg,1891,1215,-676
25040.jpg,1891,1876,-15
25045.jpg,1891,1900,9
25050.jpg,1891,1927,36
25055.jpg,1891,1890,-1
25060.jpg,1891,1900,9
25065.jpg,1891,1847,-44
25070.jpg,1891,1890,-1
25075.jpg,1891,1887,-4
25080.jpg,1891,1910,19
25085.jpg,1891,1891,0
25090.jpg,1891,1936,45
25095.jpg,1892,1903,11
25100.jpg,1892,1993,101
25105.jpg,1892,1998,106
25115.jpg,1892,1910,18
25120.jpg,1892,1900,8
25125.jpg,1892,1879,-13
25130.jpg,1892,1900,8
25135.jpg,1892,2001,109
25140.jpg,1892,1895,3
25145.jpg,1892,1907,15
25150.jpg,1892,1926,34
25155.jpg,1892,1911,19
25160.jpg,1892,1923,31
25165.jpg,1892,1900,8
25170.jpg,1892,1900,8
25175.jpg,1892,1925,33
25180.jpg,1892,1887,-5
25185.jpg,1892,1870,-22
25190.jpg,1892,1907,15
25195.jpg,1892,1896,4
25205.jpg,1892,1868,-24
25210.jpg,1892,1920,28
25215.jpg,1892,1890,-2
25220.jpg,1892,1890,-2
25225.jpg,1892,1836,-56
25230.jpg,1892,1900,8
25235.jpg,1892,1900,8
25240.jpg,1892,1890,-2
25245.jpg,1892,1890,-2
25250.jpg,1892,1900,8
25255.jpg,1892,1920,28
25260.jpg,1892,1890,-2
25265.jpg,1892,1880,-12
25270.jpg,1892,1890,-2
25275.jpg,1892,1900,8
25280.jpg,1892,1900,8
25285.jpg,1892,1914,22
25290.jpg,1892,1880,-12
25295.jpg,1892,1890,-2
25300.jpg,1892,1900,8
25305.jpg,1892,1920,28
25310.jpg,1892,1890,-2
25315.jpg,1892,1890,-2
25320.jpg,1892,1890,-2
25325.jpg,1892,1913,21
25330.jpg,1892,1925,33
25335.jpg,1892,1885,-7
25340.jpg,1892,1900,8
25345.jpg,1892,1925,33
25350.jpg,1892,1900,8
25355.jpg,1892,1900,8
25360.jpg,1892,1921,29
25365.jpg,1892,1890,-2
25370.jpg,1892,1927,35
25375.jpg,1892,1890,-2
25380.jpg,1892,1890,-2
25385.jpg,1892,1880,-12
25390.jpg,1892,1850,-42
25395.jpg,1892,1920,28
25400.jpg,1892,1929,37
25405.jpg,1892,1908,16
25410.jpg,1892,1890,-2
25415.jpg,1892,1880,-12
25420.jpg,1892,1880,-12
25425.jpg,1892,1890,-2
25430.jpg,1892,1870,-22
25435.jpg,1892,1890,-2
25440.jpg,1892,1920,28
25445.jpg,1892,1880,-12
25450.jpg,1892,1910,18
25455.jpg,1892,1890,-2
25460.jpg,1892,1900,8
25465.jpg,1893,1850,-43
25470.jpg,1893,1898,5
25475.jpg,1893,1900,7
25480.jpg,1893,1900,7
25490.jpg,1893,1930,37
25495.jpg,1893,1890,-3
25500.jpg,1893,1890,-3
25505.jpg,1893,1885,-8
25510.jpg,1893,1925,32
25515.jpg,1893,1904,11
25520.jpg,1893,1890,-3
25525.jpg,1893,1900,7
25530.jpg,1893,1920,27
25535.jpg,1893,1930,37
25540.jpg,1893,1900,7
25545.jpg,1893,1873,-20
25555.jpg,1893,1857,-36
25560.jpg,1893,1870,-23
25565.jpg,1893,1870,-23
25570.jpg,1893,1920,27
25575.jpg,1893,1890,-3
25580.jpg,1893,1926,33
25585.jpg,1893,1890,-3
25590.jpg,1893,1890,-3
25595.jpg,1893,1870,-23
25600.jpg,1893,1890,-3
25605.jpg,1893,1905,12
25610.jpg,1893,1890,-3
25615.jpg,1893,1890,-3
25620.jpg,1893,1890,-3
25625.jpg,1893,1890,-3
25630.jpg,1893,1900,7
25635.jpg,1893,1890,-3
25640.jpg,1893,1910,17
25645.jpg,1893,1893,0
25650.jpg,1893,1900,7
25655.jpg,1893,1903,10
25660.jpg,1893,1890,-3
25665.jpg,1893,1890,-3
25670.jpg,1893,1890,-3
25675.jpg,1893,1890,-3
25680.jpg,1893,1870,-23
25685.jpg,1893,1870,-23
25690.jpg,1893,1900,7
25695.jpg,1893,1890,-3
25700.jpg,1893,1915,22
25705.jpg,1893,1850,-43
25710.jpg,1893,1890,-3
25715.jpg,1893,1890,-3
25720.jpg,1893,1880,-13
25725.jpg,1893,1920,27
25730.jpg,1893,1900,7
25740.jpg,1893,1893,0
25745.jpg,1893,1900,7
25750.jpg,1893,1890,-3
25755.jpg,1893,1893,0
25760.jpg,1893,1900,7
25765.jpg,1893,1904,11
25770.jpg,1893,1910,17
25775.jpg,1893,1912,19
25780.jpg,1893,1890,-3
25785.jpg,1893,1925,32
25795.jpg,1893,1909,16
25800.jpg,1893,1910,17
25805.jpg,1894,1881,-13
25810.jpg,1894,1840,-54
25815.jpg,1894,1900,6
25820.jpg,1894,1900,6
25825.jpg,1894,1900,6
25830.jpg,1894,1892,-2
25835.jpg,1894,1898,4
25840.jpg,1894,1891,-3
25845.jpg,1894,1896,2
25850.jpg,1894,1890,-4
25855.jpg,1894,1893,-1
25860.jpg,1894,1899,5
25865.jpg,1894,1890,-4
25870.jpg,1894,1880,-14
25875.jpg,1894,1880,-14
25880.jpg,1894,1856,-38
25885.jpg,1894,1870,-24
25890.jpg,1894,1894,0
25895.jpg,1894,1891,-3
25900.jpg,1894,1904,10
25905.jpg,1894,1890,-4
25910.jpg,1894,1900,6
25915.jpg,1894,1912,18
25920.jpg,1894,1890,-4
25925.jpg,1894,1890,-4
25930.jpg,1894,1900,6
25935.jpg,1894,1890,-4
25940.jpg,1894,1890,-4
25945.jpg,1894,1890,-4
25950.jpg,1894,1900,6
25955.jpg,1894,1890,-4
25960.jpg,1894,1890,-4
25965.jpg,1894,1886,-8
25970.jpg,1894,1920,26
25975.jpg,1894,1890,-4
25980.jpg,1894,1885,-9
25985.jpg,1894,1910,16
25990.jpg,1894,2010,116
25995.jpg,1894,1890,-4
26000.jpg,1894,1890,-4
26005.jpg,1894,1890,-4
26010.jpg,1894,1890,-4
26015.jpg,1894,1890,-4
26020.jpg,1894,1975,81
26025.jpg,1894,1890,-4
26030.jpg,1894,1870,-24
26035.jpg,1894,1890,-4
26040.jpg,1894,1920,26
26045.jpg,1894,1870,-24
26050.jpg,1894,1890,-4
26055.jpg,1894,1890,-4
26060.jpg,1894,1925,31
26065.jpg,1894,1894,0
26070.jpg,1894,1920,26
26075.jpg,1894,1901,7
26085.jpg,1894,1890,-4
26090.jpg,1894,1906,12
26095.jpg,1894,1938,44
26100.jpg,1894,1900,6
26105.jpg,1894,1865,-29
26110.jpg,1894,1900,6
26115.jpg,1894,1900,6
26120.jpg,1894,1900,6
26125.jpg,1895,1925,30
26130.jpg,1895,1992,97
26135.jpg,1895,1895,0
26140.jpg,1895,1910,15
26145.jpg,1895,1920,25
26150.jpg,1895,1890,-5
26155.jpg,1895,1900,5
26160.jpg,1895,1902,7
26165.jpg,1895,1911,16
26170.jpg,1895,1889,-6
26175.jpg,1895,1914,19
26180.jpg,1895,1920,25
26185.jpg,1895,1900,5
26190.jpg,1895,1890,-5
26195.jpg,1895,1870,-25
26200.jpg,1895,1900,5
26205.jpg,1895,1870,-25
26210.jpg,1895,1864,-31
26215.jpg,1895,1870,-25
26220.jpg,1895,1900,5
26225.jpg,1895,1900,5
26230.jpg,1895,1890,-5
26235.jpg,1895,1920,25
26240.jpg,1895,1950,55
26245.jpg,1895,1750,-145
26250.jpg,1895,1902,7
26255.jpg,1895,1900,5
26260.jpg,1895,1880,-15
26265.jpg,1895,1890,-5
26270.jpg,1895,1900,5
26275.jpg,1895,1890,-5
26280.jpg,1895,1890,-5
26285.jpg,1895,1890,-5
26290.jpg,1895,1890,-5
26295.jpg,1895,1890,-5
26300.jpg,1895,1890,-5
26305.jpg,1895,1900,5
26310.jpg,1895,1890,-5
26315.jpg,1895,1890,-5
26320.jpg,1895,1890,-5
26325.jpg,1895,1890,-5
26330.jpg,1895,1890,-5
26335.jpg,1895,1890,-5
26340.jpg,1895,1890,-5
26345.jpg,1895,1870,-25
26350.jpg,1895,1900,5
26355.jpg,1895,1920,25
26360.jpg,1895,1900,5
26365.jpg,1895,1890,-5
26370.jpg,1895,1890,-5
26375.jpg,1895,1890,-5
26380.jpg,1895,1910,15
26385.jpg,1895,1928,33
26390.jpg,1895,1900,5
26395.jpg,1895,1900,5
26405.jpg,1895,1900,5
26410.jpg,1895,1895,0
26415.jpg,1895,1885,-10
26420.jpg,1895,1928,33
26425.jpg,1895,1890,-5
26430.jpg,1895,1921,26
26435.jpg,1895,1900,5
26440.jpg,1895,1900,5
26445.jpg,1895,1906,11
26450.jpg,1895,1908,13
26455.jpg,1895,1926,31
26460.jpg,1895,1866,-29
26465.jpg,1895,1901,6
26470.jpg,1895,1900,5
26475.jpg,1895,1890,-5
26480.jpg,1895,1870,-25
26485.jpg,1895,1880,-15
26490.jpg,1896,1887,-9
26495.jpg,1896,1910,14
26500.jpg,1896,1900,4
26505.jpg,1896,1890,-6
26510.jpg,1896,1920,24
26515.jpg,1896,1890,-6
26520.jpg,1896,1880,-16
26525.jpg,1896,1907,11
26530.jpg,1896,1938,42
26535.jpg,1896,1920,24
26540.jpg,1896,1897,1
26545.jpg,1896,1880,-16
26550.jpg,1896,1865,-31
26555.jpg,1896,1987,91
26560.jpg,1896,1870,-26
26565.jpg,1896,1936,40
26570.jpg,1896,1902,6
26575.jpg,1896,1883,-13
26580.jpg,1896,1890,-6
26585.jpg,1896,1893,-3
26590.jpg,1896,1890,-6
26595.jpg,1896,1925,29
26600.jpg,1896,1900,4
26605.jpg,1896,1890,-6
26610.jpg,1896,1900,4
26620.jpg,1896,1880,-16
26625.jpg,1896,1890,-6
26630.jpg,1896,1900,4
26635.jpg,1896,1900,4
26640.jpg,1896,1873,-23
26645.jpg,1896,1890,-6
26650.jpg,1896,1907,11
26655.jpg,1896,1920,24
26665.jpg,1896,1890,-6
26670.jpg,1896,1900,4
26675.jpg,1896,1872,-24
26680.jpg,1896,1890,-6
26685.jpg,1896,1890,-6
26690.jpg,1896,1920,24
26695.jpg,1896,1890,-6
26700.jpg,1896,1890,-6
26705.jpg,1896,1890,-6
26710.jpg,1896,1890,-6
26715.jpg,1896,1890,-6
26720.jpg,1896,1890,-6
26725.jpg,1896,1900,4
26730.jpg,1896,1890,-6
26735.jpg,1896,1850,-46
26740.jpg,1896,1868,-28
26745.jpg,1896,1840,-56
26750.jpg,1896,1892,-4
26760.jpg,1896,1930,34
26765.jpg,1896,1900,4
26770.jpg,1896,1904,8
26775.jpg,1896,1915,19
26780.jpg,1896,1902,6
26785.jpg,1896,1913,17
26790.jpg,1896,1900,4
26795.jpg,1896,1890,-6
26800.jpg,1896,1970,74
26805.jpg,1896,1903,7
26810.jpg,1896,1920,24
26815.jpg,1896,1892,-4
26820.jpg,1896,1873,-23
26825.jpg,1896,1878,-18
26830.jpg,1896,1887,-9
26835.jpg,1896,1907,11
26840.jpg,1896,1880,-16
26845.jpg,1897,1900,3
26850.jpg,1897,1897,0
26855.jpg,1897,1890,-7
26860.jpg,1897,1880,-17
26865.jpg,1897,1915,18
26870.jpg,1897,1900,3
26875.jpg,1897,1880,-17
26880.jpg,1897,1929,32
26885.jpg,1897,1906,9
26890.jpg,1897,1880,-17
26895.jpg,1897,1913,16
26900.jpg,1897,1910,13
26910.jpg,1897,1870,-27
26915.jpg,1897,1900,3
26920.jpg,1897,1850,-47
26925.jpg,1897,1909,12
26930.jpg,1897,1870,-27
26935.jpg,1897,1890,-7
26940.jpg,1897,1900,3
26945.jpg,1897,1920,23
26950.jpg,1897,1890,-7
26955.jpg,1897,1680,-217
26960.jpg,1897,1890,-7
26965.jpg,1897,1900,3
26970.jpg,1897,1850,-47
26975.jpg,1897,1920,23
26980.jpg,1897,1880,-17
26985.jpg,1897,1890,-7
26990.jpg,1897,1880,-17
26995.jpg,1897,1890,-7
27000.jpg,1897,1890,-7
27005.jpg,1897,1890,-7
27010.jpg,1897,1890,-7
27015.jpg,1897,1900,3
27020.jpg,1897,1890,-7
27025.jpg,1897,1908,11
27030.jpg,1897,1890,-7
27035.jpg,1897,1857,-40
27040.jpg,1897,1890,-7
27045.jpg,1897,1890,-7
27050.jpg,1897,1920,23
27055.jpg,1897,1890,-7
27060.jpg,1897,1930,33
27065.jpg,1897,1900,3
27070.jpg,1897,1920,23
27075.jpg,1897,1866,-31
27080.jpg,1897,1897,0
27085.jpg,1897,1877,-20
27090.jpg,1897,1890,-7
27095.jpg,1897,1890,-7
27100.jpg,1897,1900,3
27105.jpg,1897,1897,0
27110.jpg,1897,1874,-23
27115.jpg,1897,1967,70
27120.jpg,1897,1925,28
27125.jpg,1897,1903,6
27130.jpg,1897,1970,73
27135.jpg,1897,1890,-7
27140.jpg,1897,1850,-47
27145.jpg,1897,1890,-7
27150.jpg,1897,1925,28
27155.jpg,1898,1912,14
27160.jpg,1898,1908,10
27165.jpg,1898,1890,-8
27170.jpg,1898,1890,-8
27175.jpg,1898,1900,2
27180.jpg,1898,1889,-9
27185.jpg,1898,1910,12
27190.jpg,1898,1910,12
27195.jpg,1898,1924,26
27200.jpg,1898,2000,102
27205.jpg,1898,1906,8
27210.jpg,1898,1895,-3
27215.jpg,1898,1920,22
27220.jpg,1898,1913,15
27225.jpg,1898,1920,22
27230.jpg,1898,1900,2
27235.jpg,1898,1900,2
27240.jpg,1898,1870,-28
27245.jpg,1898,1986,88
27255.jpg,1898,1857,-41
27260.jpg,1898,1874,-24
27265.jpg,1898,1890,-8
27270.jpg,1898,1900,2
27275.jpg,1898,1890,-8
27280.jpg,1898,1810,-88
27285.jpg,1898,1892,-6
27290.jpg,1898,1890,-8
27295.jpg,1898,1890,-8
27300.jpg,1898,1870,-28
27305.jpg,1898,1900,2
27310.jpg,1898,1927,29
27315.jpg,1898,1890,-8
27320.jpg,1898,1890,-8
27325.jpg,1898,1850,-48
27330.jpg,1898,1903,5
27335.jpg,1898,1890,-8
27340.jpg,1898,1900,2
27345.jpg,1898,1900,2
27350.jpg,1898,1858,-40
27355.jpg,1898,1900,2
27360.jpg,1898,1900,2
27365.jpg,1898,1890,-8
27370.jpg,1898,1890,-8
27380.jpg,1898,1892,-6
27385.jpg,1898,1890,-8
27390.jpg,1898,1920,22
27395.jpg,1898,1890,-8
27400.jpg,1898,1900,2
27405.jpg,1898,1850,-48
27410.jpg,1898,1900,2
27415.jpg,1898,1841,-57
27420.jpg,1898,1900,2
27425.jpg,1898,1890,-8
27430.jpg,1898,1912,14
27435.jpg,1898,1900,2
27440.jpg,1898,1890,-8
27445.jpg,1898,1907,9
27450.jpg,1898,1910,12
27455.jpg,1898,1976,78
27465.jpg,1898,1915,17
27470.jpg,1898,1890,-8
27475.jpg,1898,1900,2
27480.jpg,1898,1893,-5
27485.jpg,1898,1892,-6
27490.jpg,1898,1870,-28
27495.jpg,1898,1889,-9
27500.jpg,1898,1910,12
27505.jpg,1898,1890,-8
27510.jpg,1898,1929,31
27515.jpg,1898,1900,2
27520.jpg,1898,1914,16
27525.jpg,1898,1920,22
27530.jpg,1898,1910,12
27540.jpg,1899,1899,0
27545.jpg,1899,1940,41
27550.jpg,1899,1850,-49
27555.jpg,1899,1895,-4
27560.jpg,1899,1900,1
27565.jpg,1899,1880,-19
27570.jpg,1899,1800,-99
27575.jpg,1899,1920,21
27580.jpg,1899,1910,11
27585.jpg,1899,1911,12
27590.jpg,1899,1900,1
27595.jpg,1899,1884,-15
27600.jpg,1899,1922,23
27605.jpg,1899,1900,1
27610.jpg,1899,1930,31
27615.jpg,1899,1870,-29
27620.jpg,1899,1811,-88
27625.jpg,1899,1870,-29
27630.jpg,1899,1925,26
27635.jpg,1899,1890,-9
27640.jpg,1899,1900,1
27645.jpg,1899,1930,31
27650.jpg,1899,1880,-19
27655.jpg,1899,1904,5
27660.jpg,1899,1900,1
27665.jpg,1899,1889,-10
27670.jpg,1899,1900,1
27675.jpg,1899,1890,-9
27680.jpg,1899,1910,11
27685.jpg,1899,1900,1
27690.jpg,1899,1890,-9
27695.jpg,1899,1910,11
27700.jpg,1899,1890,-9
27705.jpg,1899,1907,8
27715.jpg,1899,1910,11
27720.jpg,1899,1890,-9
27725.jpg,1899,1890,-9
27730.jpg,1899,1920,21
27735.jpg,1899,1900,1
27740.jpg,1899,1899,0
27745.jpg,1899,1904,5
27750.jpg,1899,1904,5
27755.jpg,1899,1910,11
27760.jpg,1899,1897,-2
27765.jpg,1899,1890,-9
27770.jpg,1899,1876,-23
27775.jpg,1899,1880,-19
27780.jpg,1899,1900,1
27785.jpg,1899,1900,1
27790.jpg,1899,1899,0
27795.jpg,1899,1920,21
27800.jpg,1899,1876,-23
27805.jpg,1899,1900,1
27810.jpg,1900,1850,-50
27815.jpg,1900,1899,-1
27820.jpg,1900,1913,13
27825.jpg,1900,1900,0
27830.jpg,1900,1890,-10
27835.jpg,1900,1930,30
27840.jpg,1900,1913,13
27845.jpg,1900,1870,-30
27850.jpg,1900,1900,0
27855.jpg,1900,1880,-20
27860.jpg,1900,1895,-5
27865.jpg,1900,1899,-1
27870.jpg,1900,1890,-10
27875.jpg,1900,1910,10
27880.jpg,1900,1917,17
27885.jpg,1900,1900,0
27895.jpg,1900,1900,0
27900.jpg,1900,1900,0
27905.jpg,1900,1892,-8
27910.jpg,1900,1850,-50
27915.jpg,1900,1900,0
27920.jpg,1900,1885,-15
27925.jpg,1900,1900,0
27930.jpg,1900,1954,54
27935.jpg,1900,1930,30
27940.jpg,1900,1883,-17
27945.jpg,1900,1902,2
27950.jpg,1900,1881,-19
27955.jpg,1900,1907,7
27960.jpg,1900,1880,-20
27965.jpg,1900,2000,100
27970.jpg,1900,1890,-10
27975.jpg,1900,1890,-10
27980.jpg,1900,1901,1
27985.jpg,1900,1920,20
27990.jpg,1900,1850,-50
27995.jpg,1900,1900,0
28000.jpg,1900,1830,-70
28005.jpg,1900,1910,10
28010.jpg,1900,1900,0
28015.jpg,1900,1832,-68
28020.jpg,1900,1900,0
28025.jpg,1900,1890,-10
28030.jpg,1900,1890,-10
28035.jpg,1900,1870,-30
28040.jpg,1900,1890,-10
28045.jpg,1900,1920,20
28050.jpg,1900,1855,-45
28055.jpg,1900,1900,0
28060.jpg,1900,1905,5
28065.jpg,1900,1890,-10
28070.jpg,1900,1880,-20
28075.jpg,1900,1890,-10
28080.jpg,1900,1920,20
28085.jpg,1900,1900,0
28090.jpg,1900,1934,34
28095.jpg,1900,1790,-110
28100.jpg,1900,1908,8
28105.jpg,1900,1900,0
28110.jpg,1900,1900,0
28115.jpg,1900,1890,-10
28120.jpg,1900,1863,-37
28125.jpg,1900,1872,-28
28130.jpg,1900,1912,12
28135.jpg,1900,1900,0
28140.jpg,1900,1891,-9
28145.jpg,1900,1846,-54
28150.jpg,1900,1950,50
28155.jpg,1900,1850,-50
28160.jpg,1900,1920,20
28165.jpg,1900,1939,39
28170.jpg,1900,1909,9
28175.jpg,1900,1900,0
28180.jpg,1901,1915,14
28185.jpg,1901,1920,19
28190.jpg,1901,1909,8
28195.jpg,1901,1914,13
28200.jpg,1901,1914,13
28205.jpg,1901,1894,-7
28210.jpg,1901,1887,-14
28215.jpg,1901,1910,9
28220.jpg,1901,1910,9
28225.jpg,1901,1890,-11
28230.jpg,1901,1952,51
28235.jpg,1901,1900,-1
28240.jpg,1901,1900,-1
28245.jpg,1901,1915,14
28250.jpg,1901,1890,-11
28255.jpg,1901,1887,-14
28260.jpg,1901,1910,9
28265.jpg,1901,1900,-1
28270.jpg,1901,1880,-21
28275.jpg,1901,1900,-1
28280.jpg,1901,1870,-31
28285.jpg,1901,1900,-1
28290.jpg,1901,1900,-1
28295.jpg,1901,1901,0
28300.jpg,1901,1861,-40
28305.jpg,1901,1900,-1
28310.jpg,1901,1874,-27
28315.jpg,1901,1910,9
28320.jpg,1901,1890,-11
28325.jpg,1901,1900,-1
28330.jpg,1901,1900,-1
28335.jpg,1901,1905,4
28340.jpg,1901,1900,-1
28345.jpg,1901,1890,-11
28350.jpg,1901,1900,-1
28355.jpg,1901,1910,9
28360.jpg,1901,1850,-51
28365.jpg,1901,1890,-11
28370.jpg,1901,1818,-83
28375.jpg,1901,1890,-11
28380.jpg,1901,1890,-11
28385.jpg,1901,1900,-1
28390.jpg,1901,1900,-1
28395.jpg,1901,1890,-11
28400.jpg,1901,1854,-47
28405.jpg,1901,1930,29
28410.jpg,1901,1920,19
28415.jpg,1901,1900,-1
28420.jpg,1901,1910,9
28425.jpg,1901,1960,59
28430.jpg,1901,1900,-1
28435.jpg,1901,1890,-11
28440.jpg,1901,1900,-1
28445.jpg,1901,1909,8
28450.jpg,1901,1900,-1
28455.jpg,1901,1904,3
28460.jpg,1901,1925,24
28465.jpg,1901,1904,3
28470.jpg,1901,1910,9
28475.jpg,1901,1920,19
28480.jpg,1901,1910,9
28485.jpg,1901,1904,3
28490.jpg,1901,1913,12
28495.jpg,1901,1935,34
28500.jpg,1901,1911,10
28505.jpg,1901,1920,19
28510.jpg,1901,1901,0
28515.jpg,1901,1880,-21
28520.jpg,1902,1904,2
28525.jpg,1902,1920,18
28530.jpg,1902,1904,2
28535.jpg,1902,1926,24
28540.jpg,1902,1923,21
28545.jpg,1902,1935,33
28550.jpg,1902,1939,37
28555.jpg,1902,1900,-2
28560.jpg,1902,1900,-2
28575.jpg,1902,1904,2
28580.jpg,1902,1912,10
28585.jpg,1902,1900,-2
28590.jpg,1902,1917,15
28595.jpg,1902,1905,3
28600.jpg,1902,1925,23
28605.jpg,1902,1925,23
28610.jpg,1902,1915,13
28615.jpg,1902,1905,3
28620.jpg,1902,1900,-2
28625.jpg,1902,1920,18
28630.jpg,1902,1900,-2
28635.jpg,1902,1920,18
28640.jpg,1902,1923,21
28645.jpg,1902,1870,-32
28650.jpg,1902,1848,-54
28655.jpg,1902,1850,-52
28660.jpg,1902,1890,-12
28665.jpg,1902,1875,-27
28670.jpg,1902,1927,25
28675.jpg,1902,1936,34
28680.jpg,1902,1600,-302
28685.jpg,1902,1890,-12
28690.jpg,1902,1892,-10
28695.jpg,1902,1900,-2
28700.jpg,1902,1850,-52
28705.jpg,1902,1902,0
28710.jpg,1902,1890,-12
28715.jpg,1902,1890,-12
28720.jpg,1902,1900,-2
28725.jpg,1902,1905,3
28730.jpg,1902,1925,23
28735.jpg,1902,1926,24
28740.jpg,1902,1900,-2
28745.jpg,1902,1909,7
28750.jpg,1902,1890,-12
28755.jpg,1902,1890,-12
28760.jpg,1902,1909,7
28765.jpg,1902,1920,18
28770.jpg,1902,1900,-2
28775.jpg,1902,1890,-12
28780.jpg,1902,1890,-12
28785.jpg,1902,1900,-2
28790.jpg,1902,1900,-2
28795.jpg,1902,1890,-12
28800.jpg,1902,1890,-12
28805.jpg,1902,1900,-2
28810.jpg,1902,1880,-22
28815.jpg,1902,1900,-2
28820.jpg,1902,1890,-12
28825.jpg,1902,1895,-7
28830.jpg,1902,1890,-12
28835.jpg,1902,1900,-2
28840.jpg,1902,1920,18
28845.jpg,1902,1930,28
28850.jpg,1902,1900,-2
28855.jpg,1902,1900,-2
28860.jpg,1902,1920,18
28865.jpg,1902,1900,-2
28870.jpg,1902,1920,18
28875.jpg,1902,1970,68
28880.jpg,1902,1930,28
28885.jpg,1902,1873,-29
28890.jpg,1902,1900,-2
28895.jpg,1902,1900,-2
28900.jpg,1902,1980,78
28905.jpg,1902,1911,9
28910.jpg,1902,1913,11
28915.jpg,1902,1900,-2
28920.jpg,1903,1907,4
28925.jpg,1903,1895,-8
28930.jpg,1903,1912,9
28935.jpg,1903,1922,19
28940.jpg,1903,1927,24
28945.jpg,1903,1913,10
28955.jpg,1903,1912,9
28960.jpg,1903,1908,5
28965.jpg,1903,1920,17
28970.jpg,1903,1900,-3
28975.jpg,1903,1880,-23
28980.jpg,1903,1890,-13
28985.jpg,1903,1924,21
28990.jpg,1903,1904,1
28995.jpg,1903,1973,70
29000.jpg,1903,1935,32
29005.jpg,1903,1904,1
29010.jpg,1903,1915,12
29015.jpg,1903,1925,22
29020.jpg,1903,1905,2
29025.jpg,1903,1910,7
29030.jpg,1903,1913,10
29035.jpg,1903,1920,17
29040.jpg,1903,1925,22
29045.jpg,1903,1915,12
29050.jpg,1903,1983,80
29055.jpg,1903,1900,-3
29060.jpg,1903,1900,-3
29065.jpg,1903,1910,7
29070.jpg,1903,1910,7
29075.jpg,1903,1982,79
29080.jpg,1903,1987,84
29085.jpg,1903,1905,2
29090.jpg,1903,1870,-33
29095.jpg,1903,1854,-49
29100.jpg,1903,1963,60
29105.jpg,1903,1871,-32
29110.jpg,1903,1939,36
29115.jpg,1903,1857,-46
29120.jpg,1903,1900,-3
29125.jpg,1903,1890,-13
29130.jpg,1903,1890,-13
29135.jpg,1903,1890,-13
29140.jpg,1903,1900,-3
29145.jpg,1903,1900,-3
29150.jpg,1903,1900,-3
29155.jpg,1903,1900,-3
29160.jpg,1903,1890,-13
29165.jpg,1903,1900,-3
29170.jpg,1903,1925,22
29175.jpg,1903,1892,-11
29180.jpg,1903,1920,17
29185.jpg,1903,1900,-3
29190.jpg,1903,1890,-13
29195.jpg,1903,1890,-13
29200.jpg,1903,1900,-3
29205.jpg,1903,1908,5
29210.jpg,1903,1900,-3
29215.jpg,1903,1900,-3
29220.jpg,1903,1905,2
29225.jpg,1903,1890,-13
29230.jpg,1903,1890,-13
29235.jpg,1903,1925,22
29240.jpg,1903,1900,-3
29245.jpg,1903,1920,17
29250.jpg,1903,1896,-7
29255.jpg,1903,1903,0
29260.jpg,1903,1920,17
29265.jpg,1903,1930,27
29270.jpg,1903,1901,-2
29275.jpg,1903,1920,17
29280.jpg,1903,1895,-8
29285.jpg,1903,1920,17
29290.jpg,1903,1890,-13
29295.jpg,1903,1894,-9
29300.jpg,1903,2000,97
29305.jpg,1903,1895,-8
29310.jpg,1903,1880,-23
29315.jpg,1903,1935,32
29320.jpg,1903,1925,22
29325.jpg,1903,1931,28
29330.jpg,1903,1925,22
29335.jpg,1903,1900,-3
29340.jpg,1903,1920,17
29345.jpg,1903,1920,17
29350.jpg,1903,1934,31
29355.jpg,1903,1920,17
29360.jpg,1903,1890,-13
29365.jpg,1903,1982,79
29370.jpg,1903,1880,-23
29375.jpg,1903,1900,-3
29380.jpg,1904,1850,-54
29385.jpg,1904,1911,7
29390.jpg,1904,1890,-14
29395.jpg,1904,2007,103
29400.jpg,1904,1925,21
29405.jpg,1904,1922,18
29410.jpg,1904,1990,86
29415.jpg,1904,1920,16
29420.jpg,1904,1910,6
29425.jpg,1904,1920,16
29430.jpg,1904,1876,-28
29435.jpg,1904,1880,-24
29440.jpg,1904,1928,24
29445.jpg,1904,1908,4
29450.jpg,1904,1920,16
29455.jpg,1904,1926,22
29460.jpg,1904,1915,11
29465.jpg,1904,1950,46
29470.jpg,1904,2001,97
29475.jpg,1904,1906,2
29480.jpg,1904,2010,106
29485.jpg,1904,1933,29
29490.jpg,1904,1904,0
29495.jpg,1904,1900,-4
29500.jpg,1904,1985,81
29505.jpg,1904,1890,-14
29510.jpg,1904,1905,1
29515.jpg,1904,1915,11
29520.jpg,1904,1910,6
29525.jpg,1904,1925,21
29530.jpg,1904,1908,4
29535.jpg,1904,1886,-18
29540.jpg,1904,1913,9
29550.jpg,1904,1850,-54
29555.jpg,1904,1936,32
29560.jpg,1904,1900,-4
29565.jpg,1904,1893,-11
29570.jpg,1904,1862,-42
29575.jpg,1904,1871,-33
29580.jpg,1904,1870,-34
29585.jpg,1904,1900,-4
29590.jpg,1904,1890,-14
29595.jpg,1904,1890,-14
29600.jpg,1904,1920,16
29605.jpg,1904,1900,-4
29610.jpg,1904,1890,-14
29615.jpg,1904,1910,6
29620.jpg,1904,1900,-4
29625.jpg,1904,1890,-14
29630.jpg,1904,1910,6
29635.jpg,1904,1929,25
29640.jpg,1904,1850,-54
29645.jpg,1904,1880,-24
29650.jpg,1904,1900,-4
29655.jpg,1904,1910,6
29660.jpg,1904,1925,21
29665.jpg,1904,1920,16
29670.jpg,1904,1900,-4
29675.jpg,1904,1929,25
29680.jpg,1904,1902,-2
29685.jpg,1904,1910,6
29690.jpg,1904,1912,8
29695.jpg,1904,1920,16
29700.jpg,1904,1920,16
29705.jpg,1904,1912,8
29710.jpg,1904,1890,-14
29715.jpg,1904,1910,6
29720.jpg,1904,1880,-24
29725.jpg,1904,1953,49
29730.jpg,1904,1890,-14
29735.jpg,1904,1908,4
29740.jpg,1904,1920,16
29745.jpg,1904,1920,16
29750.jpg,1904,1890,-14
29755.jpg,1904,1870,-34
29760.jpg,1904,1830,-74
29765.jpg,1904,1880,-24
29770.jpg,1904,1900,-4
29775.jpg,1904,1950,46
29780.jpg,1904,1904,0
29790.jpg,1904,1901,-3
29795.jpg,1904,1890,-14
29800.jpg,1904,1920,16
29805.jpg,1904,1911,7
29810.jpg,1904,1880,-24
29815.jpg,1904,1911,7
29820.jpg,1904,1905,1
29825.jpg,1904,1922,18
29830.jpg,1905,1900,-5
29835.jpg,1905,1920,15
29840.jpg,1905,1902,-3
29845.jpg,1905,1900,-5
29850.jpg,1905,1926,21
29855.jpg,1905,1928,23
29860.jpg,1905,2000,95
29865.jpg,1905,1900,-5
29870.jpg,1905,1870,-35
29875.jpg,1905,1913,8
29880.jpg,1905,1890,-15
29885.jpg,1905,1900,-5
29890.jpg,1905,1850,-55
29895.jpg,1905,1914,9
29900.jpg,1905,1912,7
29905.jpg,1905,1910,5
29910.jpg,1905,1928,23
29915.jpg,1905,1910,5
29920.jpg,1905,1904,-1
29925.jpg,1905,1920,15
29930.jpg,1905,1904,-1
29935.jpg,1905,1910,5
29940.jpg,1905,1889,-16
29945.jpg,1905,1929,24
29950.jpg,1905,1925,20
29960.jpg,1905,1900,-5
29965.jpg,1905,1890,-15
29970.jpg,1905,1892,-13
29975.jpg,1905,1920,15
29980.jpg,1905,1925,20
29985.jpg,1905,1914,9
29990.jpg,1905,1881,-24
29995.jpg,1905,1874,-31
30000.jpg,1905,1870,-35
30005.jpg,1905,1900,-5
30015.jpg,1905,1874,-31
30020.jpg,1905,1902,-3
30025.jpg,1905,1890,-15
30030.jpg,1905,1886,-19
30035.jpg,1905,1915,10
30040.jpg,1905,1950,45
30045.jpg,1905,1870,-35
30050.jpg,1905,1920,15
30055.jpg,1905,1923,18
30060.jpg,1905,1890,-15
30065.jpg,1905,1890,-15
30070.jpg,1905,1910,5
30075.jpg,1905,1880,-25
30080.jpg,1905,1890,-15
30085.jpg,1905,1950,45
30090.jpg,1905,1890,-15
30095.jpg,1905,1890,-15
30100.jpg,1905,1938,33
30105.jpg,1905,1900,-5
30110.jpg,1905,1950,45
30115.jpg,1905,1880,-25
30120.jpg,1905,1900,-5
30125.jpg,1905,1900,-5
30130.jpg,1905,1920,15
30135.jpg,1905,1910,5
30140.jpg,1905,1920,15
30145.jpg,1905,1890,-15
30155.jpg,1905,1900,-5
30160.jpg,1905,1920,15
30165.jpg,1905,1820,-85
30170.jpg,1905,1900,-5
30175.jpg,1905,1913,8
30180.jpg,1905,1950,45
30185.jpg,1905,1910,5
30190.jpg,1905,1900,-5
30195.jpg,1905,1850,-55
30200.jpg,1905,1903,-2
30205.jpg,1905,1997,92
30210.jpg,1905,1857,-48
30215.jpg,1905,1920,15
30220.jpg,1905,1900,-5
30225.jpg,1905,1900,-5
30230.jpg,1905,1950,45
30235.jpg,1905,1895,-10
30240.jpg,1905,1920,15
30245.jpg,1905,1904,-1
30250.jpg,1905,1890,-15
30255.jpg,1905,1910,5
30260.jpg,1905,1900,-5
30265.jpg,1905,1850,-55
30270.jpg,1905,1950,45
30275.jpg,1905,1920,15
30280.jpg,1905,1850,-55
30285.jpg,1905,1920,15
30290.jpg,1905,1900,-5
30295.jpg,1906,1905,-1
30300.jpg,1906,1906,0
30305.jpg,1906,1928,22
30310.jpg,1906,1902,-4
30315.jpg,1906,1920,14
30320.jpg,1906,1933,27
30325.jpg,1906,1935,29
30330.jpg,1906,1827,-79
30335.jpg,1906,1837,-69
30340.jpg,1906,1923,17
30345.jpg,1906,1925,19
30350.jpg,1906,1930,24
30355.jpg,1906,1904,-2
30360.jpg,1906,1907,1
30365.jpg,1906,1908,2
30370.jpg,1906,1900,-6
30375.jpg,1906,1907,1
30380.jpg,1906,1926,20
30385.jpg,1906,1900,-6
30390.jpg,1906,1910,4
30395.jpg,1906,1920,14
30400.jpg,1906,1928,22
30405.jpg,1906,1900,-6
30410.jpg,1906,1910,4
30415.jpg,1906,1900,-6
30420.jpg,1906,1950,44
30425.jpg,1906,1925,19
30430.jpg,1906,1890,-16
30435.jpg,1906,1920,14
30440.jpg,1906,1960,54
30445.jpg,1906,1859,-47
30450.jpg,1906,1906,0
30455.jpg,1906,1872,-34
30460.jpg,1906,1862,-44
30465.jpg,1906,1936,30
30470.jpg,1906,1850,-56
30475.jpg,1906,1900,-6
30480.jpg,1906,1908,2
30485.jpg,1906,1880,-26
30490.jpg,1906,1887,-19
30495.jpg,1906,1904,-2
30500.jpg,1906,1900,-6
30505.jpg,1906,1900,-6
30510.jpg,1906,1885,-21
30515.jpg,1906,1920,14
30520.jpg,1906,1900,-6
30525.jpg,1906,1900,-6
30530.jpg,1906,1890,-16
30535.jpg,1906,1890,-16
30540.jpg,1906,1840,-66
30545.jpg,1906,1908,2
30550.jpg,1906,1890,-16
30555.jpg,1906,1908,2
30560.jpg,1906,1900,-6
30565.jpg,1906,1920,14
30570.jpg,1906,1920,14
30575.jpg,1906,1930,24
30580.jpg,1906,1935,29
30585.jpg,1906,1893,-13
30590.jpg,1906,1900,-6
30595.jpg,1906,1912,6
30600.jpg,1906,1890,-16
30605.jpg,1906,1900,-6
30610.jpg,1906,1900,-6
30615.jpg,1906,1920,14
30620.jpg,1906,1890,-16
30625.jpg,1906,1890,-16
30630.jpg,1906,1900,-6
30635.jpg,1906,1930,24
30640.jpg,1906,1900,-6
30645.jpg,1906,1910,4
30650.jpg,1906,1841,-65
30655.jpg,1906,1890,-16
30665.jpg,1906,1900,-6
30670.jpg,1906,1900,-6
30685.jpg,1906,1907,1
30690.jpg,1906,1900,-6
30695.jpg,1906,1920,14
30700.jpg,1906,1900,-6
30705.jpg,1906,1920,14
30710.jpg,1906,1920,14
30715.jpg,1906,1960,54
30720.jpg,1906,1900,-6
30725.jpg,1906,1900,-6
30730.jpg,1906,1936,30
30740.jpg,1906,1890,-16
30745.jpg,1906,1909,3
30750.jpg,1906,1920,14
30760.jpg,1907,1912,5
30765.jpg,1907,1920,13
30770.jpg,1907,1913,6
30780.jpg,1907,1950,43
30785.jpg,1907,1924,17
30790.jpg,1907,1998,91
30795.jpg,1907,1868,-39
30800.jpg,1907,1910,3
30805.jpg,1907,1880,-27
30810.jpg,1907,1908,1
30815.jpg,1907,1925,18
30820.jpg,1907,1920,13
30825.jpg,1907,1910,3
30830.jpg,1907,1902,-5
30835.jpg,1907,1904,-3
30840.jpg,1907,1910,3
30845.jpg,1907,1907,0
30855.jpg,1907,1907,0
30860.jpg,1907,1921,14
30865.jpg,1907,1931,24
30870.jpg,1907,1904,-3
30875.jpg,1907,1910,3
30880.jpg,1907,1920,13
30885.jpg,1907,1900,-7
30895.jpg,1907,1929,22
30900.jpg,1907,1913,6
30905.jpg,1907,1925,18
30910.jpg,1907,1994,87
30915.jpg,1907,1920,13
30920.jpg,1907,1960,53
30925.jpg,1907,1913,6
30930.jpg,1907,1880,-27
30935.jpg,1907,1930,23
30940.jpg,1907,1997,90
30945.jpg,1907,1912,5
30950.jpg,1907,1857,-50
30955.jpg,1907,1862,-45
30960.jpg,1907,1890,-17
30965.jpg,1907,1908,1
30970.jpg,1907,1910,3
30975.jpg,1907,1892,-15
30980.jpg,1907,1900,-7
30985.jpg,1907,1910,3
30990.jpg,1907,1900,-7
30995.jpg,1907,1900,-7
31000.jpg,1907,1912,5
31005.jpg,1907,1890,-17
31010.jpg,1907,1900,-7
31015.jpg,1907,1910,3
31020.jpg,1907,1890,-17
31025.jpg,1907,1927,20
31030.jpg,1907,1907,0
31035.jpg,1907,1934,27
31040.jpg,1907,1889,-18
31045.jpg,1907,1900,-7
31050.jpg,1907,1895,-12
31055.jpg,1907,1850,-57
31060.jpg,1907,1910,3
31065.jpg,1907,1900,-7
31070.jpg,1907,1900,-7
31075.jpg,1907,1900,-7
31080.jpg,1907,1910,3
31085.jpg,1907,1910,3
31090.jpg,1907,1892,-15
31095.jpg,1907,1890,-17
31100.jpg,1907,1952,45
31105.jpg,1907,1850,-57
31110.jpg,1907,1920,13
31115.jpg,1907,1890,-17
31120.jpg,1907,1900,-7
31125.jpg,1907,1900,-7
31130.jpg,1907,1920,13
31135.jpg,1907,1854,-53
31140.jpg,1907,1900,-7
31150.jpg,1907,1900,-7
31155.jpg,1907,1900,-7
31160.jpg,1907,1904,-3
31165.jpg,1907,1900,-7
31170.jpg,1907,1915,8
31175.jpg,1907,1900,-7
31180.jpg,1907,1900,-7
31185.jpg,1907,1916,9
31190.jpg,1907,2002,95
31195.jpg,1907,1912,5
31200.jpg,1907,1920,13
31205.jpg,1907,1920,13
31210.jpg,1907,1900,-7
31215.jpg,1907,1920,13
31220.jpg,1907,1875,-32
31225.jpg,1907,1900,-7
31230.jpg,1907,1929,22
31235.jpg,1907,1923,16
31240.jpg,1907,1902,-5
31245.jpg,1907,1900,-7
31250.jpg,1907,1900,-7
31255.jpg,1907,1891,-16
31260.jpg,1907,1920,13
31265.jpg,1907,1925,18
31270.jpg,1907,1935,28
31275.jpg,1907,1920,13
31280.jpg,1907,1926,19
31285.jpg,1907,1940,33
31290.jpg,1907,1930,23
31295.jpg,1907,1920,13
31300.jpg,1907,1931,24
31305.jpg,1907,1927,20
31310.jpg,1908,1828,-80
31315.jpg,1908,1928,20
31320.jpg,1908,1930,22
31325.jpg,1908,1927,19
31330.jpg,1908,1775,-133
31335.jpg,1908,1913,5
31345.jpg,1908,1950,42
31350.jpg,1908,1929,21
31355.jpg,1908,1920,12
31360.jpg,1908,1910,2
31365.jpg,1908,1910,2
31370.jpg,1908,1920,12
31380.jpg,1908,1925,17
31385.jpg,1908,1912,4
31390.jpg,1908,1925,17
31395.jpg,1908,1930,22
31400.jpg,1908,1927,19
31405.jpg,1908,1927,19
31410.jpg,1908,1888,-20
31415.jpg,1908,1932,24
31420.jpg,1908,1870,-38
31425.jpg,1908,1915,7
31430.jpg,1908,1906,-2
31435.jpg,1908,1925,17
31440.jpg,1908,1900,-8
31445.jpg,1908,1915,7
31450.jpg,1908,1910,2
31455.jpg,1908,1913,5
31460.jpg,1908,1900,-8
31465.jpg,1908,1900,-8
31470.jpg,1908,1908,0
31475.jpg,1908,1870,-38
31480.jpg,1908,1915,7
31485.jpg,1908,1857,-51
31490.jpg,1908,1874,-34
31500.jpg,1908,1900,-8
31505.jpg,1908,1910,2
31510.jpg,1908,1900,-8
31515.jpg,1908,1890,-18
31520.jpg,1908,1905,-3
31525.jpg,1908,1908,0
31530.jpg,1908,1920,12
31535.jpg,1908,1920,12
31540.jpg,1908,1900,-8
31545.jpg,1908,1910,2
31550.jpg,1908,1900,-8
31555.jpg,1908,1890,-18
31560.jpg,1908,1900,-8
31565.jpg,1908,1820,-88
31570.jpg,1908,1912,4
31575.jpg,1908,1840,-68
31580.jpg,1908,1920,12
31585.jpg,1908,1890,-18
31590.jpg,1908,1900,-8
31595.jpg,1908,1905,-3
31600.jpg,1908,1900,-8
31605.jpg,1908,1934,26
31610.jpg,1908,1910,2
31620.jpg,1908,1908,0
31625.jpg,1908,1910,2
31630.jpg,1908,1900,-8
31635.jpg,1908,1920,12
31640.jpg,1908,1910,2
31645.jpg,1908,1910,2
31650.jpg,1908,1920,12
31655.jpg,1908,1900,-8
31660.jpg,1908,1934,26
31665.jpg,1908,1904,-4
31670.jpg,1908,1890,-18
31675.jpg,1908,1902,-6
31680.jpg,1908,1870,-38
31685.jpg,1908,1907,-1
31690.jpg,1908,1920,12
31695.jpg,1908,1920,12
31700.jpg,1908,1920,12
31705.jpg,1908,1900,-8
31710.jpg,1908,1900,-8
31715.jpg,1908,1910,2
31720.jpg,1908,1930,22
31725.jpg,1908,1920,12
31730.jpg,1908,1920,12
31735.jpg,1908,1920,12
31740.jpg,1908,1976,68
31745.jpg,1908,1892,-16
31750.jpg,1908,1925,17
31755.jpg,1908,1900,-8
31760.jpg,1908,1910,2
31765.jpg,1909,1909,0
31770.jpg,1909,1922,13
31775.jpg,1909,1880,-29
31780.jpg,1909,1870,-39
31785.jpg,1909,1913,4
31790.jpg,1909,1997,88
31805.jpg,1909,1950,41
31815.jpg,1909,1900,-9
31820.jpg,1909,1930,21
31825.jpg,1909,1920,11
31830.jpg,1909,1895,-14
31835.jpg,1909,1950,41
31840.jpg,1909,1900,-9
31845.jpg,1909,1910,1
31850.jpg,1909,1900,-9
31855.jpg,1909,1920,11
31860.jpg,1909,1880,-29
31865.jpg,1909,1913,4
31870.jpg,1909,1907,-2
31875.jpg,1909,1914,5
31880.jpg,1909,1909,0
31885.jpg,1909,1913,4
31890.jpg,1909,1920,11
31895.jpg,1909,1912,3
31900.jpg,1909,1914,5
31905.jpg,1909,1920,11
31910.jpg,1909,1930,21
31915.jpg,1909,1930,21
31920.jpg,1909,1926,17
31925.jpg,1909,1980,71
31930.jpg,1909,1905,-4
31935.jpg,1909,1920,11
31940.jpg,1909,1913,4
31945.jpg,1909,1900,-9
31950.jpg,1909,1916,7
31955.jpg,1909,1925,16
31960.jpg,1909,1907,-2
31970.jpg,1909,1871,-38
31975.jpg,1909,1914,5
31980.jpg,1909,1910,1
31985.jpg,1909,1890,-19
31990.jpg,1909,1888,-21
31995.jpg,1909,1908,-1
32005.jpg,1909,1850,-59
32015.jpg,1909,1900,-9
32020.jpg,1909,1920,11
32025.jpg,1909,1850,-59
32030.jpg,1909,1912,3
32035.jpg,1909,1900,-9
32045.jpg,1909,1905,-4
32050.jpg,1909,1905,-4
32055.jpg,1909,1910,1
32060.jpg,1909,1920,11
32065.jpg,1909,1910,1
32070.jpg,1909,1890,-19
32075.jpg,1909,1913,4
32080.jpg,1909,1900,-9
32085.jpg,1909,1920,11
32090.jpg,1909,1910,1
32095.jpg,1909,1910,1
32100.jpg,1909,1910,1
32105.jpg,1909,1950,41
32110.jpg,1909,1980,71
32115.jpg,1909,1910,1
32120.jpg,1909,1910,1
32125.jpg,1909,1908,-1
32130.jpg,1909,1920,11
32135.jpg,1909,1910,1
32140.jpg,1909,1908,-1
32145.jpg,1909,1880,-29
32150.jpg,1909,1895,-14
32155.jpg,1909,1920,11
32160.jpg,1909,1912,3
32165.jpg,1909,1920,11
32170.jpg,1909,1920,11
32175.jpg,1909,1920,11
32180.jpg,1909,1920,11
32185.jpg,1909,1920,11
32190.jpg,1909,1924,15
32195.jpg,1909,1900,-9
32200.jpg,1909,1925,16
32205.jpg,1909,1930,21
32210.jpg,1909,1910,1
32215.jpg,1909,1920,11
32220.jpg,1909,1900,-9
32225.jpg,1909,1960,51
32230.jpg,1910,1850,-60
32235.jpg,1910,1910,0
32240.jpg,1910,1900,-10
32245.jpg,1910,1934,24
32255.jpg,1910,1910,0
32260.jpg,1910,1916,6
32265.jpg,1910,2000,90
32270.jpg,1910,1954,44
32275.jpg,1910,1963,53
32280.jpg,1910,1928,18
32285.jpg,1910,1890,-20
32290.jpg,1910,1900,-10
32295.jpg,1910,1910,0
32300.jpg,1910,1939,29
32305.jpg,1910,1930,20
32310.jpg,1910,1890,-20
32315.jpg,1910,1920,10
32320.jpg,1910,1890,-20
32325.jpg,1910,1900,-10
32330.jpg,1910,1930,20
32335.jpg,1910,1928,18
32340.jpg,1910,1857,-53
32345.jpg,1910,1900,-10
32350.jpg,1910,1850,-60
32355.jpg,1910,1925,15
32360.jpg,1910,1930,20
32365.jpg,1910,1920,10
32370.jpg,1910,1942,32
32375.jpg,1910,1916,6
32380.jpg,1910,1900,-10
32385.jpg,1910,1987,77
32390.jpg,1910,1914,4
32395.jpg,1910,1903,-7
32400.jpg,1910,1915,5
32405.jpg,1910,1800,-110
32410.jpg,1910,1936,26
32415.jpg,1910,1816,-94
32420.jpg,1910,1874,-36
32425.jpg,1910,1900,-10
32430.jpg,1910,1900,-10
32435.jpg,1910,1890,-20
32440.jpg,1910,1900,-10
32445.jpg,1910,1900,-10
32450.jpg,1910,1910,0
32455.jpg,1910,1840,-70
32460.jpg,1910,1910,0
32465.jpg,1910,1910,0
32470.jpg,1910,1850,-60
32475.jpg,1910,1920,10
32480.jpg,1910,1920,10
32485.jpg,1910,1925,15
32490.jpg,1910,1900,-10
32495.jpg,1910,1920,10
32500.jpg,1910,1920,10
32505.jpg,1910,1925,15
32510.jpg,1910,1920,10
32515.jpg,1910,1910,0
32520.jpg,1910,1910,0
32525.jpg,1910,1900,-10
32530.jpg,1910,1900,-10
32535.jpg,1910,1900,-10
32540.jpg,1910,1920,10
32545.jpg,1910,1920,10
32550.jpg,1910,1900,-10
32555.jpg,1910,1920,10
32560.jpg,1910,1920,10
32565.jpg,1910,1910,0
32570.jpg,1910,1890,-20
32575.jpg,1910,1900,-10
32580.jpg,1910,1910,0
32585.jpg,1910,1920,10
32590.jpg,1910,1890,-20
32595.jpg,1910,1905,-5
32600.jpg,1910,1924,14
32605.jpg,1910,1600,-310
32610.jpg,1910,1920,10
32615.jpg,1910,1930,20
32620.jpg,1910,1920,10
32625.jpg,1910,1840,-70
32630.jpg,1910,1920,10
32635.jpg,1910,1920,10
32640.jpg,1910,1920,10
32645.jpg,1910,1910,0
32650.jpg,1910,1925,15
32655.jpg,1910,1950,40
32660.jpg,1910,1910,0
32665.jpg,1910,1900,-10
32675.jpg,1910,1910,0
32680.jpg,1910,1906,-4
32685.jpg,1910,1900,-10
32690.jpg,1910,1910,0
32695.jpg,1910,1927,17
32700.jpg,1910,1920,10
32705.jpg,1910,1910,0
32710.jpg,1910,1917,7
32715.jpg,1910,1920,10
32720.jpg,1910,1910,0
32725.jpg,1910,1906,-4
32730.jpg,1910,1930,20
32735.jpg,1910,1906,-4
32740.jpg,1911,1904,-7
32745.jpg,1911,1921,10
32750.jpg,1911,1910,-1
32755.jpg,1911,1937,26
32760.jpg,1911,1922,11
32765.jpg,1911,1911,0
32770.jpg,1911,1911,0
32775.jpg,1911,1928,17
32780.jpg,1911,1950,39
32785.jpg,1911,1990,79
32790.jpg,1911,1900,-11
32795.jpg,1911,1913,2
32800.jpg,1911,1920,9
32805.jpg,1911,1890,-21
32810.jpg,1911,1906,-5
32815.jpg,1911,1880,-31
32820.jpg,1911,1925,14
32825.jpg,1911,1920,9
32830.jpg,1911,1910,-1
32835.jpg,1911,1911,0
32840.jpg,1911,1980,69
32845.jpg,1911,1914,3
32850.jpg,1911,1929,18
32855.jpg,1911,1920,9
32860.jpg,1911,1964,53
32865.jpg,1911,1915,4
32870.jpg,1911,1915,4
32875.jpg,1911,1920,9
32885.jpg,1911,1930,19
32890.jpg,1911,1920,9
32895.jpg,1911,1900,-11
32900.jpg,1911,1890,-21
32905.jpg,1911,1900,-11
32910.jpg,1911,1879,-32
32915.jpg,1911,1900,-11
32920.jpg,1911,1927,16
32925.jpg,1911,1920,9
32930.jpg,1911,1913,2
32935.jpg,1911,1963,52
32940.jpg,1911,1910,-1
32945.jpg,1911,1880,-31
32950.jpg,1911,1999,88
32955.jpg,1911,1911,0
32960.jpg,1911,1923,12
32965.jpg,1911,1912,1
32970.jpg,1911,1874,-37
32975.jpg,1911,1864,-47
32980.jpg,1911,1910,-1
32985.jpg,1911,1915,4
32990.jpg,1911,1900,-11
32995.jpg,1911,1900,-11
33000.jpg,1911,1925,14
33005.jpg,1911,1859,-52
33010.jpg,1911,1920,9
33015.jpg,1911,1900,-11
33020.jpg,1911,1920,9
33025.jpg,1911,1870,-41
33030.jpg,1911,1890,-21
33035.jpg,1911,1960,49
33040.jpg,1911,1920,9
33045.jpg,1911,1925,14
33050.jpg,1911,1950,39
33055.jpg,1911,1920,9
33060.jpg,1911,1900,-11
33065.jpg,1911,1890,-21
33070.jpg,1911,1900,-11
33075.jpg,1911,1910,-1
33080.jpg,1911,1910,-1
33085.jpg,1911,1900,-11
33090.jpg,1911,1900,-11
33095.jpg,1911,1890,-21
33100.jpg,1911,1570,-341
33105.jpg,1911,1850,-61
33110.jpg,1911,1920,9
33115.jpg,1911,1879,-32
33120.jpg,1911,1910,-1
33125.jpg,1911,1959,48
33130.jpg,1911,1900,-11
33135.jpg,1911,1920,9
33140.jpg,1911,1920,9
33145.jpg,1911,1910,-1
33150.jpg,1911,1500,-411
33155.jpg,1911,1957,46
33160.jpg,1911,1920,9
33165.jpg,1911,1913,2
33170.jpg,1911,1920,9
33175.jpg,1911,1929,18
33180.jpg,1911,1930,19
33185.jpg,1911,1903,-8
33190.jpg,1911,1920,9
33195.jpg,1911,1969,58
33200.jpg,1911,1900,-11
33205.jpg,1911,1900,-11
33210.jpg,1911,1929,18
33215.jpg,1911,1900,-11
33220.jpg,1911,1908,-3
33225.jpg,1911,1920,9
33230.jpg,1911,1903,-8
33235.jpg,1911,1905,-6
33240.jpg,1911,1822,-89
33245.jpg,1911,1927,16
33250.jpg,1911,1925,14
33255.jpg,1911,1922,11
33260.jpg,1911,1927,16
33265.jpg,1911,1930,19
33270.jpg,1911,1892,-19
33275.jpg,1911,1924,13
33280.jpg,1912,1925,13
33285.jpg,1912,1907,-5
33290.jpg,1912,1900,-12
33295.jpg,1912,1925,13
33300.jpg,1912,1900,-12
33310.jpg,1912,1960,48
33315.jpg,1912,1994,82
33320.jpg,1912,1983,71
33325.jpg,1912,1929,17
33330.jpg,1912,1900,-12
33335.jpg,1912,1920,8
33340.jpg,1912,1928,16
33345.jpg,1912,1900,-12
33350.jpg,1912,1910,-2
33355.jpg,1912,1925,13
33360.jpg,1912,1920,8
33365.jpg,1912,1910,-2
33375.jpg,1912,1927,15
33380.jpg,1912,1938,26
33385.jpg,1912,1906,-6
33390.jpg,1912,1905,-7
33395.jpg,1912,1995,83
33400.jpg,1912,1925,13
33405.jpg,1912,1990,78
33410.jpg,1912,1835,-77
33415.jpg,1912,1920,8
33420.jpg,1912,1913,1
33425.jpg,1912,1905,-7
33430.jpg,1912,1915,3
33435.jpg,1912,1930,18
33440.jpg,1912,1920,8
33445.jpg,1912,1920,8
33450.jpg,1912,1900,-12
33455.jpg,1912,1900,-12
33460.jpg,1912,1920,8
33465.jpg,1912,1900,-12
33470.jpg,1912,1920,8
33475.jpg,1912,1895,-17
33480.jpg,1912,1912,0
33485.jpg,1912,1909,-3
33490.jpg,1912,1886,-26
33495.jpg,1912,1925,13
33500.jpg,1912,1863,-49
33505.jpg,1912,1893,-19
33510.jpg,1912,1930,18
33515.jpg,1912,1920,8
33520.jpg,1912,1908,-4
33525.jpg,1912,1890,-22
33530.jpg,1912,1850,-62
33535.jpg,1912,1920,8
33540.jpg,1912,1903,-9
33545.jpg,1912,1900,-12
33550.jpg,1912,1917,5
33555.jpg,1912,1920,8
33560.jpg,1912,1902,-10
33565.jpg,1912,1920,8
33570.jpg,1912,1910,-2
33580.jpg,1912,1725,-187
33585.jpg,1912,1910,-2
33590.jpg,1912,1910,-2
33595.jpg,1912,1890,-22
33600.jpg,1912,1900,-12
33605.jpg,1912,1910,-2
33615.jpg,1912,1930,18
33620.jpg,1912,1920,8
33625.jpg,1912,1900,-12
33630.jpg,1912,1880,-32
33635.jpg,1912,1908,-4
33640.jpg,1912,1890,-22
33645.jpg,1912,1900,-12
33650.jpg,1912,1900,-12
33655.jpg,1912,1925,13
33660.jpg,1912,1890,-22
33665.jpg,1912,1902,-10
33670.jpg,1912,1920,8
33675.jpg,1912,1930,18
33680.jpg,1912,1920,8
33685.jpg,1912,1930,18
33690.jpg,1912,1971,59
33695.jpg,1912,1914,2
33700.jpg,1912,1920,8
33705.jpg,1912,1920,8
33710.jpg,1912,1920,8
33715.jpg,1912,1930,18
33720.jpg,1912,1890,-22
33725.jpg,1912,1920,8
33735.jpg,1912,1890,-22
33740.jpg,1912,1910,-2
33745.jpg,1912,1900,-12
33750.jpg,1912,1920,8
33755.jpg,1912,1920,8
33760.jpg,1912,1932,20
33765.jpg,1913,1920,7
33770.jpg,1913,1925,12
33775.jpg,1913,1914,1
33780.jpg,1913,1910,-3
33785.jpg,1913,1920,7
33790.jpg,1913,1900,-13
33795.jpg,1913,1913,0
33800.jpg,1913,1913,0
33805.jpg,1913,1907,-6
33810.jpg,1913,1920,7
33815.jpg,1913,1936,23
33820.jpg,1913,1939,26
33825.jpg,1913,1912,-1
33830.jpg,1913,1908,-5
33840.jpg,1913,1920,7
33845.jpg,1913,1900,-13
33850.jpg,1913,1930,17
33855.jpg,1913,1925,12
33860.jpg,1913,1910,-3
33865.jpg,1913,1910,-3
33870.jpg,1913,1928,15
33875.jpg,1913,1925,12
33880.jpg,1913,1913,0
33885.jpg,1913,1928,15
33890.jpg,1913,1920,7
33895.jpg,1913,1920,7
33900.jpg,1913,1924,11
33905.jpg,1913,1907,-6
33910.jpg,1913,1908,-5
33915.jpg,1913,1920,7
33920.jpg,1913,1920,7
33925.jpg,1913,1915,2
33930.jpg,1913,1930,17
33935.jpg,1913,1928,15
33940.jpg,1913,1925,12
33945.jpg,1913,1920,7
33950.jpg,1913,1926,13
33955.jpg,1913,2000,87
33960.jpg,1913,1920,7
33965.jpg,1913,1920,7
33970.jpg,1913,1920,7
33975.jpg,1913,1912,-1
33980.jpg,1913,1920,7
33985.jpg,1913,1920,7
33990.jpg,1913,1875,-38
33995.jpg,1913,1905,-8
34000.jpg,1913,1900,-13
34005.jpg,1913,1908,-5
34010.jpg,1913,1909,-4
34015.jpg,1913,1849,-64
34020.jpg,1913,1908,-5
34025.jpg,1913,1920,7
34030.jpg,1913,1920,7
34035.jpg,1913,1920,7
34040.jpg,1913,1910,-3
34045.jpg,1913,1920,7
34050.jpg,1913,1910,-3
34055.jpg,1913,1925,12
34060.jpg,1913,1900,-13
34065.jpg,1913,1910,-3
34070.jpg,1913,1912,-1
34080.jpg,1913,1750,-163
34085.jpg,1913,1900,-13
34090.jpg,1913,1908,-5
34095.jpg,1913,1914,1
34100.jpg,1913,1920,7
34105.jpg,1913,1920,7
34110.jpg,1913,1920,7
34115.jpg,1913,1924,11
34120.jpg,1913,1930,17
34125.jpg,1913,1900,-13
34130.jpg,1913,1911,-2
34135.jpg,1913,1920,7
34140.jpg,1913,1925,12
34145.jpg,1913,1920,7
34150.jpg,1913,1900,-13
34155.jpg,1913,1929,16
34160.jpg,1913,1870,-43
34165.jpg,1913,1913,0
34170.jpg,1913,1900,-13
34175.jpg,1913,1890,-23
34180.jpg,1913,1903,-10
34185.jpg,1913,1901,-12
34190.jpg,1913,1936,23
34195.jpg,1913,1830,-83
34200.jpg,1913,1934,21
34205.jpg,1913,1929,16
34210.jpg,1913,1925,12
34215.jpg,1913,1925,12
34220.jpg,1913,1920,7
34225.jpg,1914,1935,21
34230.jpg,1914,1920,6
34235.jpg,1914,1915,1
34240.jpg,1914,1928,14
34245.jpg,1914,1970,56
34250.jpg,1914,1930,16
34260.jpg,1914,2011,97
34265.jpg,1914,1917,3
34270.jpg,1914,1920,6
34275.jpg,1914,1920,6
34280.jpg,1914,1848,-66
34285.jpg,1914,1935,21
34290.jpg,1914,1920,6
34295.jpg,1914,1920,6
34300.jpg,1914,1920,6
34305.jpg,1914,1924,10
34310.jpg,1914,1930,16
34315.jpg,1914,1910,-4
34320.jpg,1914,1900,-14
34325.jpg,1914,1920,6
34330.jpg,1914,1927,13
34335.jpg,1914,1924,10
34345.jpg,1914,1927,13
34350.jpg,1914,1836,-78
34360.jpg,1914,1905,-9
34365.jpg,1914,1930,16
34370.jpg,1914,1934,20
34375.jpg,1914,1925,11
34380.jpg,1914,1935,21
34385.jpg,1914,1900,-14
34390.jpg,1914,1910,-4
34395.jpg,1914,1900,-14
34400.jpg,1914,1850,-64
34405.jpg,1914,1920,6
34410.jpg,1914,1914,0
34415.jpg,1914,1860,-54
34420.jpg,1914,1901,-13
34425.jpg,1914,1554,-360
34430.jpg,1914,1875,-39
34435.jpg,1914,1912,-2
34440.jpg,1914,1840,-74
34445.jpg,1914,1900,-14
34450.jpg,1914,1900,-14
34455.jpg,1914,1850,-64
34460.jpg,1914,1890,-24
34465.jpg,1914,1910,-4
34470.jpg,1914,1920,6
34475.jpg,1914,1890,-24
34480.jpg,1914,1920,6
34485.jpg,1914,1925,11
34490.jpg,1914,1910,-4
34495.jpg,1914,1850,-64
34500.jpg,1914,1900,-14
34505.jpg,1914,1936,22
34515.jpg,1914,1850,-64
34520.jpg,1914,1890,-24
34525.jpg,1914,1850,-64
34530.jpg,1914,1910,-4
34535.jpg,1914,1837,-77
34540.jpg,1914,1900,-14
34545.jpg,1914,1925,11
34550.jpg,1914,1910,-4
34555.jpg,1914,1910,-4
34560.jpg,1914,1900,-14
34565.jpg,1914,1900,-14
34570.jpg,1914,1920,6
34575.jpg,1914,1930,16
34580.jpg,1914,1934,20
34590.jpg,1914,1920,6
34595.jpg,1914,1942,28
34600.jpg,1914,1924,10
34605.jpg,1914,1850,-64
34610.jpg,1914,1910,-4
34615.jpg,1914,1910,-4
34620.jpg,1914,1850,-64
34625.jpg,1914,1900,-14
34630.jpg,1914,1930,16
34635.jpg,1914,1850,-64
34640.jpg,1914,1926,12
34645.jpg,1914,1920,6
34650.jpg,1914,1910,-4
34655.jpg,1914,1920,6
34660.jpg,1914,1932,18
34665.jpg,1914,1919,5
34670.jpg,1914,1900,-14
34675.jpg,1914,1920,6
34680.jpg,1914,1905,-9
34685.jpg,1914,1925,11
34690.jpg,1914,1935,21
34695.jpg,1914,1900,-14
34700.jpg,1914,1910,-4
34705.jpg,1914,1930,16
34710.jpg,1914,1920,6
34715.jpg,1914,1900,-14
34720.jpg,1915,1850,-65
34725.jpg,1915,1994,79
34730.jpg,1915,1923,8
34735.jpg,1915,1925,10
34740.jpg,1915,1916,1
34750.jpg,1915,1927,12
34755.jpg,1915,1964,49
34765.jpg,1915,1913,-2
34770.jpg,1915,1930,15
34775.jpg,1915,1927,12
34780.jpg,1915,1930,15
34785.jpg,1915,1920,5
34790.jpg,1915,1925,10
34795.jpg,1915,1925,10
34800.jpg,1915,1920,5
34805.jpg,1915,1900,-15
34810.jpg,1915,1925,10
34815.jpg,1915,1930,15
34820.jpg,1915,1960,45
34825.jpg,1915,1923,8
34830.jpg,1915,1935,20
34835.jpg,1915,1920,5
34840.jpg,1915,1925,10
34845.jpg,1915,1925,10
34850.jpg,1915,1930,15
34855.jpg,1915,1912,-3
34860.jpg,1915,1925,10
34865.jpg,1915,1914,-1
34870.jpg,1915,1920,5
34875.jpg,1915,1912,-3
34880.jpg,1915,1897,-18
34885.jpg,1915,1928,13
34890.jpg,1915,1900,-15
34895.jpg,1915,1910,-5
34900.jpg,1915,1910,-5
34905.jpg,1915,1880,-35
34910.jpg,1915,1950,35
34915.jpg,1915,1920,5
34920.jpg,1915,1874,-41
34925.jpg,1915,1920,5
34930.jpg,1915,1950,35
34935.jpg,1915,1920,5
34940.jpg,1915,1920,5
34945.jpg,1915,1920,5
34950.jpg,1915,1920,5
34955.jpg,1915,1920,5
34960.jpg,1915,1920,5
34965.jpg,1915,1970,55
34970.jpg,1915,1920,5
34975.jpg,1915,1910,-5
34980.jpg,1915,1910,-5
34985.jpg,1915,1910,-5
34990.jpg,1915,1920,5
34995.jpg,1915,1890,-25
35000.jpg,1915,1850,-65
35005.jpg,1915,1920,5
35010.jpg,1915,1920,5
35015.jpg,1915,1920,5
35020.jpg,1915,1920,5
35025.jpg,1915,1927,12
35030.jpg,1915,1920,5
35035.jpg,1915,1931,16
35040.jpg,1915,1920,5
35045.jpg,1915,1925,10
35050.jpg,1915,1900,-15
35055.jpg,1915,1920,5
35060.jpg,1915,1930,15
35065.jpg,1915,1920,5
35070.jpg,1915,1900,-15
35075.jpg,1915,1932,17
35080.jpg,1915,1930,15
35085.jpg,1915,1925,10
35090.jpg,1915,1935,20
35095.jpg,1915,1920,5
35100.jpg,1915,1880,-35
35105.jpg,1915,1931,16
35110.jpg,1915,1917,2
35115.jpg,1915,1950,35
35120.jpg,1915,1936,21
35125.jpg,1915,1915,0
35130.jpg,1915,1915,0
35135.jpg,1915,1900,-15
35140.jpg,1915,1890,-25
35145.jpg,1915,1928,13
35150.jpg,1915,1968,53
35155.jpg,1915,1934,19
35160.jpg,1916,1925,9
35165.jpg,1916,1960,44
35170.jpg,1916,1922,6
35175.jpg,1916,2011,95
35180.jpg,1916,1905,-11
35185.jpg,1916,1926,10
35190.jpg,1916,1938,22
35195.jpg,1916,1926,10
35200.jpg,1916,1910,-6
35205.jpg,1916,1925,9
35210.jpg,1916,1921,5
35215.jpg,1916,1925,9
35220.jpg,1916,1920,4
35225.jpg,1916,1913,-3
35230.jpg,1916,1920,4
35235.jpg,1916,1926,10
35240.jpg,1916,1910,-6
35245.jpg,1916,1930,14
35250.jpg,1916,1905,-11
35255.jpg,1916,1970,54
35260.jpg,1916,1927,11
35265.jpg,1916,1920,4
35270.jpg,1916,1920,4
35275.jpg,1916,1920,4
35280.jpg,1916,1920,4
35285.jpg,1916,1920,4
35290.jpg,1916,1909,-7
35295.jpg,1916,1905,-11
35300.jpg,1916,1910,-6
35305.jpg,1916,1907,-9
35310.jpg,1916,1874,-42
35315.jpg,1916,1857,-59
35320.jpg,1916,1924,8
35325.jpg,1916,1920,4
35330.jpg,1916,1930,14
35335.jpg,1916,1830,-86
35340.jpg,1916,1920,4
35345.jpg,1916,1920,4
35350.jpg,1916,1920,4
35355.jpg,1916,1925,9
35360.jpg,1916,1925,9
35365.jpg,1916,1908,-8
35370.jpg,1916,1890,-26
35375.jpg,1916,1920,4
35380.jpg,1916,1900,-16
35385.jpg,1916,1920,4
35390.jpg,1916,1940,24
35395.jpg,1916,1920,4
35400.jpg,1916,1910,-6
35405.jpg,1916,1850,-66
35410.jpg,1916,1900,-16
35415.jpg,1916,1900,-16
35420.jpg,1916,1927,11
35425.jpg,1916,1920,4
35430.jpg,1916,1925,9
35435.jpg,1916,1821,-95
35440.jpg,1916,1926,10
35445.jpg,1916,1928,12
35450.jpg,1916,1925,9
35455.jpg,1916,1910,-6
35460.jpg,1916,1910,-6
35465.jpg,1916,1915,-1
35470.jpg,1916,1912,-4
35475.jpg,1916,1893,-23
35480.jpg,1916,1920,4
35485.jpg,1916,1936,20
35490.jpg,1916,1920,4
35495.jpg,1916,1930,14
35500.jpg,1916,1929,13
35505.jpg,1916,1900,-16
35510.jpg,1916,1900,-16
35515.jpg,1916,1932,16
35520.jpg,1916,1920,4
35525.jpg,1916,1923,7
35530.jpg,1916,1915,-1
35535.jpg,1917,1917,0
35540.jpg,1917,1925,8
35545.jpg,1917,1920,3
35550.jpg,1917,1928,11
35555.jpg,1917,1920,3
35560.jpg,1917,1940,23
35565.jpg,1917,1998,81
35570.jpg,1917,1920,3
35575.jpg,1917,1910,-7
35580.jpg,1917,1880,-37
35585.jpg,1917,1880,-37
35590.jpg,1917,1925,8
35595.jpg,1917,1927,10
35600.jpg,1917,1928,11
35605.jpg,1917,1927,10
35610.jpg,1917,1925,8
35615.jpg,1917,1933,16
35620.jpg,1917,1942,25
35625.jpg,1917,1912,-5
35630.jpg,1917,1920,3
35635.jpg,1917,1925,8
35640.jpg,1917,1915,-2
35645.jpg,1917,1920,3
35650.jpg,1917,1920,3
35655.jpg,1917,1870,-47
35660.jpg,1917,1920,3
35665.jpg,1917,1900,-17
35670.jpg,1917,1970,53
35675.jpg,1917,1904,-13
35680.jpg,1917,1941,24
35685.jpg,1917,1904,-13
35690.jpg,1917,1932,15
35695.jpg,1917,1927,10
35700.jpg,1917,1929,12
35705.jpg,1917,1930,13
35710.jpg,1917,1931,14
35715.jpg,1917,1935,18
35720.jpg,1917,1950,33
35725.jpg,1917,2001,84
35730.jpg,1917,1910,-7
35735.jpg,1917,1976,59
35740.jpg,1917,1849,-68
35745.jpg,1917,1934,17
35750.jpg,1917,1900,-17
35755.jpg,1917,1920,3
35760.jpg,1917,1908,-9
35765.jpg,1917,1930,13
35770.jpg,1917,1925,8
35775.jpg,1917,1910,-7
35780.jpg,1917,1920,3
35785.jpg,1917,1925,8
35790.jpg,1917,1921,4
35795.jpg,1917,1927,10
35800.jpg,1917,1910,-7
35805.jpg,1917,1900,-17
35810.jpg,1917,1920,3
35815.jpg,1917,1910,-7
35820.jpg,1917,1920,3
35825.jpg,1917,1880,-37
35830.jpg,1917,1930,13
35835.jpg,1917,1920,3
35840.jpg,1917,1917,0
35845.jpg,1917,1910,-7
35850.jpg,1917,1929,12
35855.jpg,1917,1909,-8
35860.jpg,1917,1935,18
35865.jpg,1917,1932,15
35870.jpg,1917,1930,13
35875.jpg,1917,1915,-2
35880.jpg,1917,1917,0
35885.jpg,1917,1920,3
35890.jpg,1917,1914,-3
35895.jpg,1917,1922,5
35900.jpg,1917,1920,3
35905.jpg,1917,1926,9
35910.jpg,1917,1913,-4
35915.jpg,1917,1920,3
35920.jpg,1918,1929,11
35925.jpg,1918,1980,62
35930.jpg,1918,1907,-11
35935.jpg,1918,2013,95
35940.jpg,1918,1950,32
35945.jpg,1918,1920,2
35950.jpg,1918,1920,2
35955.jpg,1918,1920,2
35960.jpg,1918,1929,11
35965.jpg,1918,1925,7
35970.jpg,1918,1930,12
35980.jpg,1918,1928,10
35985.jpg,1918,1920,2
35990.jpg,1918,1924,6
35995.jpg,1918,1936,18
36000.jpg,1918,1910,-8
36005.jpg,1918,1920,2
36010.jpg,1918,1840,-78
36015.jpg,1918,1928,10
36020.jpg,1918,1920,2
36025.jpg,1918,1931,13
36030.jpg,1918,1925,7
36035.jpg,1918,1925,7
36040.jpg,1918,1920,2
36045.jpg,1918,1900,-18
36050.jpg,1918,1920,2
36055.jpg,1918,1852,-66
36060.jpg,1918,1920,2
36065.jpg,1918,1900,-18
36070.jpg,1918,1925,7
36075.jpg,1918,1900,-18
36080.jpg,1918,1930,12
36085.jpg,1918,1890,-28
36090.jpg,1918,1929,11
36095.jpg,1918,1926,8
36100.jpg,1918,1937,19
36105.jpg,1918,1925,7
36110.jpg,1918,1915,-3
36115.jpg,1919,1912,-7
36120.jpg,1919,1930,11
36130.jpg,1919,1974,55
36140.jpg,1919,1920,1
36145.jpg,1919,1925,6
36150.jpg,1919,1930,11
36155.jpg,1919,1950,31
36160.jpg,1919,1920,1
36165.jpg,1919,1976,57
36170.jpg,1919,1910,-9
36175.jpg,1919,1950,31
36180.jpg,1919,1950,31
36190.jpg,1919,1920,1
36195.jpg,1919,1826,-93
36200.jpg,1919,1912,-7
36205.jpg,1919,1982,63
36210.jpg,1919,1927,8
36215.jpg,1919,1910,-9
36225.jpg,1919,1914,-5
36230.jpg,1919,1925,6
36235.jpg,1919,1910,-9
36240.jpg,1919,1920,1
36245.jpg,1919,1900,-19
36250.jpg,1919,1920,1
36255.jpg,1919,1750,-169
36260.jpg,1919,1900,-19
36265.jpg,1919,1900,-19
36270.jpg,1919,1900,-19
36275.jpg,1919,1926,7
36280.jpg,1919,1727,-192
36285.jpg,1919,1913,-6
36290.jpg,1919,2010,91
36295.jpg,1919,1920,1
36300.jpg,1919,1913,-6
36305.jpg,1919,1910,-9
36310.jpg,1919,1920,1
36315.jpg,1919,1852,-67
36320.jpg,1919,1960,41
36325.jpg,1919,1920,1
36330.jpg,1919,1950,31
36335.jpg,1919,1920,1
36340.jpg,1919,1930,11
36345.jpg,1919,1920,1
36350.jpg,1920,1920,0
36355.jpg,1920,1920,0
36360.jpg,1920,1913,-7
36365.jpg,1920,1928,8
36370.jpg,1920,1980,60
36375.jpg,1920,1920,0
36385.jpg,1920,1964,44
36390.jpg,1920,2006,86
36395.jpg,1920,1930,10
36400.jpg,1920,1920,0
36405.jpg,1920,1925,5
36410.jpg,1920,1950,30
36415.jpg,1920,1900,-20
36420.jpg,1920,1920,0
36425.jpg,1920,1949,29
36430.jpg,1920,1936,16
36435.jpg,1920,1914,-6
36440.jpg,1920,1850,-70
36445.jpg,1920,1900,-20
36450.jpg,1920,1920,0
36455.jpg,1920,1880,-40
36460.jpg,1920,1764,-156
36465.jpg,1920,1870,-50
36470.jpg,1920,1929,9
36475.jpg,1920,1900,-20
36480.jpg,1920,1930,10
36485.jpg,1920,1912,-8
36490.jpg,1920,1980,60
36495.jpg,1920,1912,-8
36500.jpg,1920,1925,5
36505.jpg,1920,1920,0
36510.jpg,1920,1890,-30
36515.jpg,1920,1850,-70
36520.jpg,1920,1910,-10
36525.jpg,1920,1890,-30
36530.jpg,1920,1850,-70
36535.jpg,1920,1913,-7
36540.jpg,1920,1920,0
36545.jpg,1920,1900,-20
36550.jpg,1920,1915,-5
36555.jpg,1920,1926,6
36560.jpg,1920,1925,5
36565.jpg,1920,1880,-40
36570.jpg,1920,1920,0
36575.jpg,1920,1960,40
36580.jpg,1920,1930,10
36585.jpg,1920,1925,5
36590.jpg,1920,1924,4
36595.jpg,1920,1837,-83
36600.jpg,1920,1920,0
36605.jpg,1920,1900,-20
36610.jpg,1920,1920,0
36615.jpg,1920,1900,-20
36620.jpg,1920,1900,-20
36625.jpg,1920,1920,0
36630.jpg,1920,1927,7
36635.jpg,1920,1910,-10
36640.jpg,1920,1920,0
36650.jpg,1920,1927,7
36655.jpg,1920,1915,-5
36660.jpg,1920,1929,9
36665.jpg,1920,1920,0
36670.jpg,1920,1920,0
36675.jpg,1920,1900,-20
36680.jpg,1920,1900,-20
36685.jpg,1920,1800,-120
36690.jpg,1921,1913,-8
36695.jpg,1921,1955,34
36700.jpg,1921,1930,9
36705.jpg,1921,1928,7
36710.jpg,1921,1920,-1
36715.jpg,1921,1928,7
36720.jpg,1921,1995,74
36725.jpg,1921,1915,-6
36735.jpg,1921,1998,77
36740.jpg,1921,1924,3
36745.jpg,1921,1930,9
36750.jpg,1921,1917,-4
36755.jpg,1921,1920,-1
36760.jpg,1921,1900,-21
36765.jpg,1921,1930,9
36770.jpg,1921,1925,4
36775.jpg,1921,1930,9
36780.jpg,1921,1935,14
36785.jpg,1921,1925,4
36790.jpg,1921,1928,7
36795.jpg,1921,1929,8
36800.jpg,1921,1920,-1
36805.jpg,1921,1890,-31
36810.jpg,1921,1870,-51
36815.jpg,1921,1924,3
36820.jpg,1921,1920,-1
36830.jpg,1921,1925,4
36835.jpg,1921,1925,4
36840.jpg,1921,1925,4
36845.jpg,1921,1920,-1
36850.jpg,1921,1925,4
36855.jpg,1921,1920,-1
36860.jpg,1921,1920,-1
36870.jpg,1921,1930,9
36875.jpg,1921,1921,0
36880.jpg,1921,1870,-51
36885.jpg,1921,1925,4
36890.jpg,1921,1920,-1
36895.jpg,1921,1933,12
36900.jpg,1921,1927,6
36905.jpg,1921,1921,0
36910.jpg,1921,1922,1
36920.jpg,1921,1924,3
36925.jpg,1921,1928,7
36930.jpg,1921,1926,5
36935.jpg,1921,1930,9
36940.jpg,1921,1900,-21
36945.jpg,1921,1925,4
36950.jpg,1921,1935,14
36955.jpg,1921,1910,-11
36960.jpg,1921,1920,-1
36965.jpg,1921,1930,9
36970.jpg,1922,1937,15
36975.jpg,1922,1922,0
36980.jpg,1922,1914,-8
36985.jpg,1922,1938,16
36990.jpg,1922,1925,3
36995.jpg,1922,1952,30
37000.jpg,1922,2010,88
37005.jpg,1922,2000,78
37010.jpg,1922,1921,-1
37015.jpg,1922,1998,76
37020.jpg,1922,1920,-2
37025.jpg,1922,1920,-2
37030.jpg,1922,1930,8
37045.jpg,1922,1930,8
37050.jpg,1922,1939,17
37055.jpg,1922,1925,3
37060.jpg,1922,1933,11
37065.jpg,1922,1928,6
37070.jpg,1922,1920,-2
37075.jpg,1922,1906,-16
37080.jpg,1922,1930,8
37085.jpg,1922,1930,8
37090.jpg,1922,1920,-2
37095.jpg,1922,1925,3
37100.jpg,1922,1928,6
37105.jpg,1922,1900,-22
37110.jpg,1922,1947,25
37115.jpg,1922,1874,-48
37120.jpg,1922,1925,3
37125.jpg,1922,1920,-2
37130.jpg,1922,1925,3
37135.jpg,1922,1930,8
37140.jpg,1922,1925,3
37145.jpg,1922,1910,-12
37150.jpg,1922,1750,-172
37155.jpg,1922,1925,3
37160.jpg,1922,1905,-17
37165.jpg,1922,1918,-4
37170.jpg,1922,1930,8
37175.jpg,1922,1900,-22
37180.jpg,1922,1820,-102
37185.jpg,1922,1925,3
37190.jpg,1922,1925,3
37195.jpg,1922,1850,-72
37200.jpg,1922,1920,-2
37205.jpg,1922,1920,-2
37210.jpg,1922,1925,3
37215.jpg,1922,1920,-2
37220.jpg,1922,1906,-16
37225.jpg,1922,1978,56
37230.jpg,1922,1920,-2
37235.jpg,1922,1920,-2
37240.jpg,1922,1923,1
37245.jpg,1922,1920,-2
37250.jpg,1922,1930,8
37255.jpg,1922,1970,48
37260.jpg,1922,1970,48
37270.jpg,1922,1927,5
37275.jpg,1922,1930,8
37280.jpg,1922,1930,8
37285.jpg,1922,1975,53
37290.jpg,1922,1930,8
37295.jpg,1922,1937,15
37300.jpg,1922,1929,7
37305.jpg,1922,1925,3
37310.jpg,1923,1945,22
37315.jpg,1923,1937,14
37320.jpg,1923,1948,25
37330.jpg,1923,1922,-1
37335.jpg,1923,1936,13
37340.jpg,1923,2005,82
37345.jpg,1923,2015,92
37355.jpg,1923,1920,-3
37360.jpg,1923,1850,-73
37365.jpg,1923,1939,16
37370.jpg,1923,1925,2
37375.jpg,1923,1928,5
37380.jpg,1923,1930,7
37385.jpg,1923,1925,2
37390.jpg,1923,1927,4
37395.jpg,1923,1930,7
37400.jpg,1923,1900,-23
37405.jpg,1923,1925,2
37410.jpg,1923,1924,1
37415.jpg,1923,1936,13
37420.jpg,1923,1926,3
37425.jpg,1923,1936,13
37430.jpg,1923,1925,2
37435.jpg,1923,1927,4
37440.jpg,1923,1920,-3
37445.jpg,1923,1920,-3
37450.jpg,1923,1925,2
37455.jpg,1923,1929,6
37460.jpg,1923,1920,-3
37465.jpg,1923,1915,-8
37470.jpg,1923,1931,8
37475.jpg,1923,1924,1
37480.jpg,1923,1910,-13
37485.jpg,1923,1925,2
37490.jpg,1923,1934,11
37495.jpg,1923,1920,-3
37500.jpg,1923,1925,2
37505.jpg,1923,1940,17
37510.jpg,1923,1910,-13
37515.jpg,1923,1925,2
37520.jpg,1923,1850,-73
37525.jpg,1923,1900,-23
37530.jpg,1923,1920,-3
37535.jpg,1923,1910,-13
37540.jpg,1923,1925,2
37545.jpg,1923,1938,15
37550.jpg,1923,1925,2
37555.jpg,1923,1925,2
37560.jpg,1923,1930,7
37565.jpg,1923,1850,-73
37570.jpg,1923,1920,-3
37575.jpg,1923,1929,6
37580.jpg,1923,1920,-3
37585.jpg,1923,1923,0
37590.jpg,1923,1920,-3
37595.jpg,1923,1750,-173
37600.jpg,1923,1929,6
37605.jpg,1923,1905,-18
37610.jpg,1923,1928,5
37615.jpg,1923,1923,0
37620.jpg,1923,1920,-3
37625.jpg,1923,1936,13
37630.jpg,1923,1920,-3
37635.jpg,1923,1930,7
37640.jpg,1923,1930,7
37645.jpg,1923,1880,-43
37650.jpg,1923,1932,9
37655.jpg,1923,1930,7
37660.jpg,1923,1920,-3
37665.jpg,1923,1920,-3
37670.jpg,1924,1921,-3
37675.jpg,1924,1928,4
37680.jpg,1924,1925,1
37685.jpg,1924,1928,4
37690.jpg,1924,1928,4
37695.jpg,1924,1928,4
37700.jpg,1924,1927,3
37705.jpg,1924,1924,0
37710.jpg,1924,2000,76
37715.jpg,1924,1923,-1
37720.jpg,1924,1970,46
37725.jpg,1924,1952,28
37730.jpg,1924,1970,46
37735.jpg,1924,1925,1
37740.jpg,1924,1920,-4
37745.jpg,1924,1931,7
37750.jpg,1924,1925,1
37755.jpg,1924,1925,1
37760.jpg,1924,1920,-4
37765.jpg,1924,1920,-4
37770.jpg,1924,1930,6
37775.jpg,1924,1920,-4
37780.jpg,1924,1920,-4
37785.jpg,1924,1930,6
37790.jpg,1924,1920,-4
37795.jpg,1924,1904,-20
37805.jpg,1924,1929,5
37810.jpg,1924,1924,0
37815.jpg,1924,1928,4
37820.jpg,1924,1870,-54
37825.jpg,1924,1925,1
37830.jpg,1924,1925,1
37835.jpg,1924,1934,10
37845.jpg,1924,1920,-4
37850.jpg,1924,1930,6
37855.jpg,1924,1923,-1
37860.jpg,1924,1774,-150
37865.jpg,1924,1909,-15
37870.jpg,1924,1920,-4
37875.jpg,1924,1920,-4
37880.jpg,1924,1930,6
37885.jpg,1924,1930,6
37890.jpg,1924,1924,0
37895.jpg,1924,1920,-4
37900.jpg,1924,1925,1
37905.jpg,1924,1934,10
37910.jpg,1924,1925,1
37915.jpg,1924,1900,-24
37920.jpg,1924,1932,8
37925.jpg,1924,1910,-14
37930.jpg,1924,1927,3
37935.jpg,1924,1796,-128
37940.jpg,1924,1928,4
37945.jpg,1924,1990,66
37950.jpg,1924,1900,-24
37955.jpg,1924,1960,36
37960.jpg,1924,1936,12
37965.jpg,1924,1950,26
37970.jpg,1924,1850,-74
37975.jpg,1924,1934,10
37980.jpg,1924,1926,2
37985.jpg,1924,1950,26
37990.jpg,1924,1935,11
37995.jpg,1924,1920,-4
38000.jpg,1924,1924,0
38005.jpg,1924,1920,-4
38010.jpg,1924,1923,-1
38015.jpg,1924,1925,1
38020.jpg,1924,1857,-67
38025.jpg,1924,1920,-4
38030.jpg,1924,1920,-4
38035.jpg,1924,1937,13
38040.jpg,1924,1950,26
38045.jpg,1924,1939,15
38050.jpg,1924,1920,-4
38055.jpg,1924,1920,-4
38060.jpg,1924,1936,12
38065.jpg,1924,1920,-4
38070.jpg,1924,1920,-4
38075.jpg,1924,1920,-4
38080.jpg,1925,1750,-175
38085.jpg,1925,1906,-19
38090.jpg,1925,1930,5
38095.jpg,1925,1928,3
38100.jpg,1925,1837,-88
38105.jpg,1925,1926,1
38110.jpg,1925,1924,-1
38115.jpg,1925,1980,55
38120.jpg,1925,1929,4
38125.jpg,1925,1950,25
38130.jpg,1925,2011,86
38135.jpg,1925,1993,68
38140.jpg,1925,1920,-5
38145.jpg,1925,1922,-3
38150.jpg,1925,1930,5
38155.jpg,1925,1920,-5
38160.jpg,1925,1925,0
38165.jpg,1925,1931,6
38170.jpg,1925,1937,12
38175.jpg,1925,1935,10
38180.jpg,1925,1910,-15
38185.jpg,1925,1930,5
38190.jpg,1925,1960,35
38195.jpg,1925,1926,1
38200.jpg,1925,1930,5
38205.jpg,1925,1930,5
38210.jpg,1925,1926,1
38215.jpg,1925,1930,5
38220.jpg,1925,1929,4
38225.jpg,1925,1925,0
38230.jpg,1925,1925,0
38235.jpg,1925,1926,1
38245.jpg,1925,1932,7
38255.jpg,1925,1920,-5
38260.jpg,1925,1930,5
38265.jpg,1925,1920,-5
38270.jpg,1925,1870,-55
38275.jpg,1925,1928,3
38280.jpg,1925,1925,0
38285.jpg,1925,1930,5
38290.jpg,1925,1874,-51
38295.jpg,1925,1925,0
38300.jpg,1925,1925,0
38305.jpg,1925,1925,0
38310.jpg,1925,1900,-25
38315.jpg,1925,1926,1
38320.jpg,1925,1910,-15
38325.jpg,1925,1925,0
38330.jpg,1925,1920,-5
38335.jpg,1925,1925,0
38340.jpg,1925,1925,0
38345.jpg,1925,1925,0
38350.jpg,1925,1929,4
38355.jpg,1925,1925,0
38360.jpg,1925,1920,-5
38365.jpg,1925,1920,-5
38370.jpg,1925,1920,-5
38375.jpg,1925,1925,0
38380.jpg,1925,1920,-5
38385.jpg,1925,1925,0
38390.jpg,1925,1925,0
38395.jpg,1925,1925,0
38400.jpg,1925,1927,2
38405.jpg,1925,1930,5
38410.jpg,1925,1925,0
38415.jpg,1925,1925,0
38420.jpg,1925,1920,-5
38425.jpg,1925,1913,-12
38435.jpg,1925,1920,-5
38440.jpg,1925,1926,1
38450.jpg,1925,1920,-5
38455.jpg,1925,1960,35
38460.jpg,1925,1930,5
38465.jpg,1925,1925,0
38470.jpg,1925,1934,9
38475.jpg,1925,1930,5
38480.jpg,1925,1920,-5
38490.jpg,1925,1897,-28
38495.jpg,1925,1925,0
38500.jpg,1925,1921,-4
38505.jpg,1925,1880,-45
38510.jpg,1925,1920,-5
38515.jpg,1926,1823,-103
38520.jpg,1926,1925,-1
38525.jpg,1926,1926,0
38530.jpg,1926,1920,-6
38535.jpg,1926,1950,24
38540.jpg,1926,1926,0
38545.jpg,1926,1880,-46
38550.jpg,1926,1914,-12
38555.jpg,1926,1926,0
38560.jpg,1926,1925,-1
38565.jpg,1926,1850,-76
38570.jpg,1926,1928,2
38575.jpg,1926,1988,62
38580.jpg,1926,1980,54
38585.jpg,1926,1974,48
38590.jpg,1926,1917,-9
38595.jpg,1926,2005,79
38600.jpg,1926,1930,4
38605.jpg,1926,2010,84
38610.jpg,1926,1920,-6
38620.jpg,1926,1937,11
38625.jpg,1926,1920,-6
38630.jpg,1926,1950,24
38635.jpg,1926,1925,-1
38640.jpg,1926,1950,24
38645.jpg,1926,1930,4
38650.jpg,1926,1930,4
38655.jpg,1926,1958,32
38660.jpg,1926,1930,4
38665.jpg,1926,1929,3
38670.jpg,1926,1950,24
38675.jpg,1926,1929,3
38680.jpg,1926,1929,3
38685.jpg,1926,1929,3
38690.jpg,1926,1957,31
38695.jpg,1926,1930,4
38700.jpg,1926,1932,6
38705.jpg,1926,1882,-44
38710.jpg,1926,1926,0
38715.jpg,1926,1920,-6
38720.jpg,1926,1920,-6
38725.jpg,1926,1920,-6
38730.jpg,1926,1929,3
38735.jpg,1926,1772,-154
38740.jpg,1926,1927,1
38745.jpg,1926,1917,-9
38750.jpg,1926,1928,2
38755.jpg,1926,1925,-1
38760.jpg,1926,1930,4
38765.jpg,1926,1925,-1
38770.jpg,1926,1925,-1
38775.jpg,1926,1926,0
38780.jpg,1926,1925,-1
38785.jpg,1926,1930,4
38790.jpg,1926,1925,-1
38795.jpg,1926,1927,1
38800.jpg,1926,1925,-1
38805.jpg,1926,1936,10
38810.jpg,1926,1920,-6
38815.jpg,1926,1850,-76
38820.jpg,1926,1925,-1
38825.jpg,1926,1928,2
38830.jpg,1926,1920,-6
38835.jpg,1926,1950,24
38840.jpg,1926,1920,-6
38845.jpg,1926,1950,24
38850.jpg,1926,1925,-1
38855.jpg,1926,1925,-1
38860.jpg,1926,1920,-6
38865.jpg,1926,1927,1
38870.jpg,1926,1925,-1
38875.jpg,1926,1920,-6
38880.jpg,1926,1926,0
38885.jpg,1926,1928,2
38890.jpg,1926,1926,0
38895.jpg,1926,1900,-26
38905.jpg,1926,1912,-14
38910.jpg,1926,1931,5
38915.jpg,1926,1925,-1
38920.jpg,1926,1925,-1
38925.jpg,1926,1930,4
38930.jpg,1926,1926,0
38935.jpg,1926,1920,-6
38940.jpg,1926,1928,2
38945.jpg,1926,1922,-4
38950.jpg,1926,1953,27
38955.jpg,1926,1938,12
38960.jpg,1926,1928,2
38965.jpg,1926,1925,-1
38970.jpg,1926,1928,2
38975.jpg,1926,1918,-8
38980.jpg,1926,1950,24
38985.jpg,1926,1926,0
38990.jpg,1926,1937,11
38995.jpg,1927,1925,-2
39000.jpg,1927,1926,-1
39005.jpg,1927,1925,-2
39010.jpg,1927,1927,0
39020.jpg,1927,1980,53
39025.jpg,1927,1920,-7
39030.jpg,1927,1925,-2
39035.jpg,1927,1928,1
39040.jpg,1927,1908,-19
39045.jpg,1927,1920,-7
39050.jpg,1927,1928,1
39055.jpg,1927,1927,0
39060.jpg,1927,1926,-1
39065.jpg,1927,1926,-1
39070.jpg,1927,1920,-7
39075.jpg,1927,1926,-1
39080.jpg,1927,1927,0
39085.jpg,1927,1937,10
39090.jpg,1927,1997,70
39110.jpg,1927,2000,73
39115.jpg,1927,1925,-2
39120.jpg,1927,1928,1
39125.jpg,1927,1926,-1
39130.jpg,1927,1935,8
39135.jpg,1927,1925,-2
39140.jpg,1927,1920,-7
39145.jpg,1927,1930,3
39150.jpg,1927,1920,-7
39155.jpg,1927,1925,-2
39160.jpg,1927,1920,-7
39165.jpg,1927,1930,3
39170.jpg,1927,1920,-7
39175.jpg,1927,1929,2
39180.jpg,1927,1920,-7
39185.jpg,1927,1926,-1
39190.jpg,1927,1926,-1
39195.jpg,1927,1927,0
39200.jpg,1927,1928,1
39205.jpg,1927,1928,1
39210.jpg,1927,1920,-7
39215.jpg,1927,1929,2
39220.jpg,1927,1900,-27
39225.jpg,1927,1847,-80
39230.jpg,1927,1920,-7
39235.jpg,1927,1933,6
39240.jpg,1927,1935,8
39245.jpg,1927,1929,2
39250.jpg,1927,1925,-2
39255.jpg,1927,1930,3
39260.jpg,1927,1920,-7
39265.jpg,1927,1929,2
39270.jpg,1927,1929,2
39275.jpg,1927,1925,-2
39280.jpg,1927,1925,-2
39285.jpg,1927,1925,-2
39290.jpg,1927,1937,10
39295.jpg,1927,1925,-2
39300.jpg,1927,1926,-1
39305.jpg,1927,1925,-2
39310.jpg,1927,1925,-2
39315.jpg,1927,1930,3
39320.jpg,1927,1840,-87
39325.jpg,1927,1924,-3
39330.jpg,1927,1925,-2
39335.jpg,1927,1915,-12
39340.jpg,1927,1925,-2
39345.jpg,1927,1910,-17
39350.jpg,1927,1910,-17
39355.jpg,1927,1950,23
39360.jpg,1927,1925,-2
39365.jpg,1927,1923,-4
39370.jpg,1927,1980,53
39375.jpg,1927,1925,-2
39380.jpg,1927,1920,-7
39385.jpg,1927,1920,-7
39390.jpg,1927,1929,2
39395.jpg,1927,1930,3
39400.jpg,1927,1910,-17
39405.jpg,1927,1930,3
39410.jpg,1927,1963,36
39415.jpg,1927,1924,-3
39420.jpg,1927,1927,0
39425.jpg,1927,1930,3
39430.jpg,1927,1910,-17
39435.jpg,1927,1920,-7
39440.jpg,1927,1920,-7
39445.jpg,1927,1909,-18
39450.jpg,1927,1898,-29
39455.jpg,1927,1940,13
39460.jpg,1927,1977,50
39465.jpg,1927,1900,-27
39470.jpg,1927,1927,0
39475.jpg,1927,1927,0
39480.jpg,1927,1929,2
39485.jpg,1927,1900,-27
39490.jpg,1927,1902,-25
39495.jpg,1927,1913,-14
39500.jpg,1927,1920,-7
39505.jpg,1927,1950,23
39510.jpg,1928,1926,-2
39515.jpg,1928,1928,0
39520.jpg,1928,1926,-2
39525.jpg,1928,1928,0
39530.jpg,1928,1930,2
39535.jpg,1928,1928,0
39540.jpg,1928,1928,0
39545.jpg,1928,1928,0
39550.jpg,1928,1929,1
39555.jpg,1928,1929,1
39560.jpg,1928,1928,0
39565.jpg,1928,1928,0
39570.jpg,1928,1928,0
39575.jpg,1928,2010,82
39580.jpg,1928,1925,-3
39585.jpg,1928,1914,-14
39590.jpg,1928,1928,0
39595.jpg,1928,1929,1
39600.jpg,1928,1955,27
39605.jpg,1928,2014,86
39610.jpg,1928,1970,42
39615.jpg,1928,1996,68
39620.jpg,1928,1930,2
39625.jpg,1928,1900,-28
39630.jpg,1928,1925,-3
39635.jpg,1928,1930,2
39640.jpg,1928,1920,-8
39645.jpg,1928,1920,-8
39650.jpg,1928,1925,-3
39655.jpg,1928,1920,-8
39660.jpg,1928,1920,-8
39665.jpg,1928,1920,-8
39670.jpg,1928,1928,0
39675.jpg,1928,1927,-1
39680.jpg,1928,1926,-2
39685.jpg,1928,1929,1
39690.jpg,1928,1929,1
39695.jpg,1928,1931,3
39700.jpg,1928,1929,1
39705.jpg,1928,1912,-16
39710.jpg,1928,1927,-1
39715.jpg,1928,1925,-3
39720.jpg,1928,1930,2
39725.jpg,1928,1920,-8
39730.jpg,1928,1927,-1
39735.jpg,1928,1920,-8
39740.jpg,1928,1965,37
39745.jpg,1928,1910,-18
39750.jpg,1928,1952,24
39755.jpg,1928,1810,-118
39760.jpg,1928,1928,0
39765.jpg,1928,1935,7
39770.jpg,1928,1900,-28
39775.jpg,1928,1925,-3
39780.jpg,1928,1920,-8
39785.jpg,1928,1925,-3
39790.jpg,1928,1925,-3
39795.jpg,1928,1920,-8
39800.jpg,1928,1915,-13
39805.jpg,1928,1927,-1
39810.jpg,1928,1930,2
39815.jpg,1928,1927,-1
39820.jpg,1928,1928,0
39825.jpg,1928,1925,-3
39830.jpg,1928,1930,2
39835.jpg,1928,1925,-3
39840.jpg,1928,1900,-28
39845.jpg,1928,1920,-8
39850.jpg,1928,1950,22
39855.jpg,1928,1925,-3
39860.jpg,1928,1925,-3
39865.jpg,1928,1880,-48
39870.jpg,1928,1750,-178
39875.jpg,1928,1925,-3
39880.jpg,1928,1925,-3
39885.jpg,1928,1920,-8
39890.jpg,1928,1920,-8
39895.jpg,1928,1925,-3
39900.jpg,1928,2001,73
39905.jpg,1928,1928,0
39910.jpg,1928,1930,2
39915.jpg,1928,1850,-78
39920.jpg,1928,1916,-12
39925.jpg,1928,1930,2
39930.jpg,1928,1936,8
39935.jpg,1928,1930,2
39940.jpg,1928,1930,2
39945.jpg,1928,1930,2
39950.jpg,1928,1915,-13
39955.jpg,1928,1850,-78
39960.jpg,1928,1925,-3
39965.jpg,1928,1931,3
39970.jpg,1928,1929,1
39975.jpg,1928,1900,-28
39980.jpg,1928,1930,2
39985.jpg,1928,1912,-16
39990.jpg,1928,1932,4
39995.jpg,1928,1930,2
40000.jpg,1928,1920,-8
40010.jpg,1928,1940,12
40015.jpg,1928,1930,2
40020.jpg,1928,1924,-4
40025.jpg,1928,1930,2
40030.jpg,1928,1925,-3
40035.jpg,1928,1925,-3
40040.jpg,1928,1920,-8
40045.jpg,1929,1914,-15
40050.jpg,1929,1929,0
40055.jpg,1929,1930,1
40060.jpg,1929,1927,-2
40065.jpg,1929,1929,0
40070.jpg,1929,1929,0
40075.jpg,1929,1920,-9
40080.jpg,1929,1830,-99
40095.jpg,1929,1928,-1
40105.jpg,1929,1925,-4
40110.jpg,1929,1920,-9
40115.jpg,1929,1928,-1
40120.jpg,1929,1920,-9
40125.jpg,1929,1930,1
40130.jpg,1929,1925,-4
40135.jpg,1929,1925,-4
40140.jpg,1929,1930,1
40145.jpg,1929,1932,3
40150.jpg,1929,1929,0
40155.jpg,1929,1920,-9
40160.jpg,1929,1930,1
40165.jpg,1929,1930,1
40170.jpg,1929,1928,-1
40175.jpg,1929,1931,2
40180.jpg,1929,1929,0
40185.jpg,1929,1930,1
40190.jpg,1929,1910,-19
40195.jpg,1929,1929,0
40200.jpg,1929,1930,1
40205.jpg,1929,1926,-3
40210.jpg,1929,1931,2
40215.jpg,1929,1938,9
40220.jpg,1929,1928,-1
40225.jpg,1929,1930,1
40230.jpg,1929,1900,-29
40235.jpg,1929,1928,-1
40240.jpg,1929,1913,-16
40245.jpg,1929,1928,-1
40250.jpg,1929,1970,41
40255.jpg,1929,1920,-9
40260.jpg,1929,1900,-29
40265.jpg,1929,1930,1
40270.jpg,1929,1926,-3
40275.jpg,1929,1960,31
40280.jpg,1929,1932,3
40285.jpg,1929,1932,3
40290.jpg,1929,134,-1795
40295.jpg,1929,1925,-4
40305.jpg,1929,1925,-4
40310.jpg,1929,1928,-1
40315.jpg,1929,1925,-4
40320.jpg,1929,1920,-9
40325.jpg,1929,1925,-4
40330.jpg,1929,1925,-4
40335.jpg,1929,1800,-129
40340.jpg,1929,1925,-4
40345.jpg,1929,1930,1
40350.jpg,1929,1892,-37
40355.jpg,1929,1925,-4
40360.jpg,1929,1925,-4
40365.jpg,1929,1925,-4
40370.jpg,1929,1910,-19
40375.jpg,1929,1925,-4
40380.jpg,1929,1934,5
40385.jpg,1929,1920,-9
40390.jpg,1929,1925,-4
40395.jpg,1929,1960,31
40400.jpg,1929,1928,-1
40405.jpg,1929,1920,-9
40410.jpg,1929,1916,-13
40415.jpg,1929,1920,-9
40420.jpg,1929,1936,7
40425.jpg,1929,1914,-15
40430.jpg,1929,1880,-49
40435.jpg,1929,1930,1
40440.jpg,1929,1905,-24
40450.jpg,1929,1920,-9
40455.jpg,1929,1920,-9
40460.jpg,1929,1929,0
40465.jpg,1929,1929,0
40470.jpg,1929,1931,2
40475.jpg,1929,1925,-4
40480.jpg,1929,1925,-4
40485.jpg,1929,1925,-4
40490.jpg,1929,1900,-29
40495.jpg,1929,1930,1
40500.jpg,1929,1929,0
40505.jpg,1929,1960,31
40510.jpg,1929,1929,0
40515.jpg,1929,1925,-4
40520.jpg,1929,1925,-4
40525.jpg,1929,1910,-19
40530.jpg,1929,1920,-9
40535.jpg,1929,1929,0
40540.jpg,1930,1928,-2
40545.jpg,1930,1996,66
40550.jpg,1930,1950,20
40555.jpg,1930,1939,9
40560.jpg,1930,2003,73
40565.jpg,1930,1970,40
40570.jpg,1930,1920,-10
40575.jpg,1930,1925,-5
40580.jpg,1930,1900,-30
40585.jpg,1930,1925,-5
40590.jpg,1930,1925,-5
40595.jpg,1930,1929,-1
40600.jpg,1930,1925,-5
40605.jpg,1930,1931,1
40610.jpg,1930,1911,-19
40615.jpg,1930,1936,6
40620.jpg,1930,1926,-4
40625.jpg,1930,1930,0
40630.jpg,1930,1930,0
40635.jpg,1930,1920,-10
40640.jpg,1930,1920,-10
40645.jpg,1930,1930,0
40650.jpg,1930,1932,2
40655.jpg,1930,1930,0
40660.jpg,1930,1935,5
40665.jpg,1930,1928,-2
40670.jpg,1930,1955,25
40675.jpg,1930,1806,-124
40680.jpg,1930,1928,-2
40685.jpg,1930,1925,-5
40690.jpg,1930,1925,-5
40695.jpg,1930,1910,-20
40700.jpg,1930,1930,0
40705.jpg,1930,1929,-1
40710.jpg,1930,1720,-210
40715.jpg,1930,1920,-10
40720.jpg,1930,1900,-30
40725.jpg,1930,1925,-5
40730.jpg,1930,1929,-1
40735.jpg,1930,1910,-20
40740.jpg,1930,1920,-10
40745.jpg,1930,1925,-5
40750.jpg,1930,1925,-5
40755.jpg,1930,1925,-5
40760.jpg,1930,1928,-2
40765.jpg,1930,1900,-30
40770.jpg,1930,1928,-2
40775.jpg,1930,1930,0
40780.jpg,1930,2000,70
40785.jpg,1930,1940,10
40790.jpg,1930,1928,-2
40795.jpg,1930,1928,-2
40800.jpg,1930,1928,-2
40805.jpg,1930,1929,-1
40810.jpg,1930,1928,-2
40815.jpg,1930,1929,-1
40820.jpg,1930,1931,1
40825.jpg,1930,1956,26
40830.jpg,1930,1929,-1
40835.jpg,1930,1931,1
40840.jpg,1930,1920,-10
40845.jpg,1930,1935,5
40850.jpg,1930,1930,0
40855.jpg,1930,1929,-1
40860.jpg,1930,1930,0
40865.jpg,1930,1925,-5
40870.jpg,1930,1930,0
40875.jpg,1930,1929,-1
40885.jpg,1930,1935,5
40890.jpg,1930,1930,0
40895.jpg,1930,1927,-3
40900.jpg,1930,1967,37
40905.jpg,1930,1924,-6
40910.jpg,1930,1929,-1
40915.jpg,1930,1920,-10
40920.jpg,1930,1920,-10
40925.jpg,1930,1931,1
40930.jpg,1930,1928,-2
40935.jpg,1930,1938,8
40940.jpg,1930,1920,-10
40950.jpg,1930,1932,2
40960.jpg,1930,1925,-5
40965.jpg,1931,1980,49
40970.jpg,1931,1929,-2
40975.jpg,1931,1930,-1
40980.jpg,1931,1930,-1
40985.jpg,1931,1921,-10
40990.jpg,1931,1928,-3
40995.jpg,1931,1939,8
41000.jpg,1931,1926,-5
41005.jpg,1931,1930,-1
41010.jpg,1931,1936,5
41015.jpg,1931,1962,31
41020.jpg,1931,1931,0
41025.jpg,1931,1913,-18
41030.jpg,1931,1986,55
41035.jpg,1931,1935,4
41040.jpg,1931,1937,6
41045.jpg,1931,1920,-11
41050.jpg,1931,1920,-11
41055.jpg,1931,1925,-6
41060.jpg,1931,1933,2
41065.jpg,1931,1932,1
41070.jpg,1931,1930,-1
41075.jpg,1931,1931,0
41080.jpg,1931,1931,0
41085.jpg,1931,1931,0
41095.jpg,1931,1927,-4
41100.jpg,1931,1929,-2
41105.jpg,1931,1929,-2
41110.jpg,1931,1913,-18
41115.jpg,1931,1935,4
41120.jpg,1931,1950,19
41125.jpg,1931,1929,-2
41130.jpg,1931,2000,69
41135.jpg,1931,1928,-3
41140.jpg,1931,1939,8
41150.jpg,1931,1907,-24
41155.jpg,1931,1800,-131
41160.jpg,1931,1932,1
41165.jpg,1931,1870,-61
41170.jpg,1931,2008,77
41175.jpg,1931,1874,-57
41180.jpg,1931,1900,-31
41185.jpg,1931,1925,-6
41190.jpg,1931,1925,-6
41195.jpg,1931,1925,-6
41200.jpg,1931,1930,-1
41205.jpg,1931,1925,-6
41210.jpg,1931,1911,-20
41215.jpg,1931,1903,-28
41220.jpg,1931,1920,-11
41225.jpg,1931,1750,-181
41230.jpg,1931,1932,1
41235.jpg,1931,1986,55
41240.jpg,1931,1920,-11
41245.jpg,1931,1878,-53
41250.jpg,1931,1920,-11
41255.jpg,1931,1940,9
41260.jpg,1931,1914,-17
41265.jpg,1931,1931,0
41270.jpg,1931,1874,-57
41275.jpg,1931,1930,-1
41280.jpg,1931,1929,-2
41285.jpg,1931,1928,-3
41290.jpg,1931,1954,23
41295.jpg,1931,1968,37
41305.jpg,1931,1939,8
41310.jpg,1932,1927,-5
41320.jpg,1932,1932,0
41325.jpg,1932,1769,-163
41330.jpg,1932,1961,29
41340.jpg,1932,1993,61
41345.jpg,1932,1925,-7
41350.jpg,1932,1927,-5
41355.jpg,1932,1925,-7
41360.jpg,1932,1950,18
41365.jpg,1932,1920,-12
41370.jpg,1932,1931,-1
41375.jpg,1932,1932,0
41380.jpg,1932,1932,0
41385.jpg,1932,1929,-3
41390.jpg,1932,1950,18
41395.jpg,1932,1914,-18
41400.jpg,1932,1932,0
41405.jpg,1932,1909,-23
41410.jpg,1932,1910,-22
41415.jpg,1932,1932,0
41420.jpg,1932,1874,-58
41425.jpg,1932,1904,-28
41430.jpg,1932,1930,-2
41435.jpg,1932,1900,-32
41440.jpg,1932,1750,-182
41445.jpg,1932,1928,-4
41450.jpg,1932,1970,38
41455.jpg,1932,1753,-179
41460.jpg,1932,1931,-1
41465.jpg,1932,1925,-7
41470.jpg,1932,1940,8
41475.jpg,1932,1900,-32
41480.jpg,1932,1934,2
41485.jpg,1932,1935,3
41490.jpg,1932,1935,3
41495.jpg,1932,1930,-2
41500.jpg,1932,1977,45
41505.jpg,1932,1950,18
41510.jpg,1932,1932,0
41515.jpg,1932,1935,3
41520.jpg,1932,1930,-2
41525.jpg,1932,1920,-12
41530.jpg,1932,1930,-2
41535.jpg,1932,1930,-2
41540.jpg,1932,1939,7
41545.jpg,1932,1920,-12
41550.jpg,1932,1997,65
41555.jpg,1932,1932,0
41560.jpg,1932,1926,-6
41565.jpg,1932,1930,-2
41570.jpg,1933,1966,33
41575.jpg,1933,1876,-57
41580.jpg,1933,1822,-111
41585.jpg,1933,1970,37
41590.jpg,1933,1974,41
41595.jpg,1933,1928,-5
41600.jpg,1933,1880,-53
41605.jpg,1933,1928,-5
41610.jpg,1933,1931,-2
41615.jpg,1933,1957,24
41620.jpg,1933,1980,47
41625.jpg,1933,1950,17
41630.jpg,1933,1932,-1
41635.jpg,1933,1908,-25
41640.jpg,1933,1720,-213
41645.jpg,1933,1850,-83
41650.jpg,1933,1926,-7
41655.jpg,1933,1900,-33
41660.jpg,1933,1933,0
41665.jpg,1933,1938,5
41670.jpg,1933,1933,0
41675.jpg,1933,1933,0
41680.jpg,1933,1930,-3
41685.jpg,1933,1898,-35
41690.jpg,1933,1934,1
41695.jpg,1933,1932,-1
41700.jpg,1933,1929,-4
41705.jpg,1933,1935,2
41710.jpg,1933,1931,-2
41715.jpg,1933,1932,-1
41720.jpg,1933,1900,-33
41725.jpg,1933,1929,-4
41730.jpg,1933,1912,-21
41745.jpg,1933,1750,-183
41750.jpg,1933,1936,3
41755.jpg,1933,1950,17
41760.jpg,1933,2020,87
41765.jpg,1933,1935,2
41770.jpg,1933,1930,-3
41775.jpg,1933,1934,1
41780.jpg,1933,1877,-56
41785.jpg,1933,1905,-28
41790.jpg,1933,1900,-33
41795.jpg,1933,1931,-2
41800.jpg,1933,1900,-33
41805.jpg,1933,1943,10
41810.jpg,1933,1930,-3
41815.jpg,1933,1908,-25
41820.jpg,1933,1931,-2
41825.jpg,1933,1912,-21
41830.jpg,1933,1930,-3
41835.jpg,1934,1991,57
41840.jpg,1934,1928,-6
41845.jpg,1934,1970,36
41850.jpg,1934,1920,-14
41855.jpg,1934,1995,61
41860.jpg,1934,1998,64
41865.jpg,1934,2000,66
41870.jpg,1934,1999,65
41875.jpg,1934,1934,0
41880.jpg,1934,1930,-4
41885.jpg,1934,1920,-14
41890.jpg,1934,1928,-6
41895.jpg,1934,2010,76
41900.jpg,1934,1928,-6
41905.jpg,1934,1928,-6
41910.jpg,1934,1930,-4
41915.jpg,1934,1930,-4
41920.jpg,1934,1972,38
41925.jpg,1934,1910,-24
41930.jpg,1934,1936,2
41935.jpg,1934,1930,-4
41940.jpg,1934,1925,-9
41945.jpg,1934,1892,-42
41950.jpg,1934,1930,-4
41955.jpg,1934,1850,-84
41960.jpg,1934,1928,-6
41965.jpg,1934,1900,-34
41970.jpg,1934,1855,-79
41975.jpg,1934,1997,63
41980.jpg,1934,2010,76
41985.jpg,1934,1933,-1
41990.jpg,1934,1933,-1
41995.jpg,1934,1934,0
42000.jpg,1934,1934,0
42005.jpg,1934,1930,-4
42010.jpg,1935,1920,-15
42015.jpg,1935,1900,-35
42020.jpg,1935,1939,4
42025.jpg,1935,1934,-1
42035.jpg,1935,2014,79
42040.jpg,1935,1990,55
42045.jpg,1935,1935,0
42050.jpg,1935,1930,-5
42060.jpg,1935,1930,-5
42065.jpg,1935,1928,-7
42070.jpg,1935,1930,-5
42075.jpg,1935,1930,-5
42080.jpg,1935,1938,3
42085.jpg,1935,1865,-70
42090.jpg,1935,1930,-5
42095.jpg,1935,1832,-103
42100.jpg,1935,1987,52
42105.jpg,1935,1906,-29
42110.jpg,1935,1930,-5
42115.jpg,1935,1926,-9
42120.jpg,1935,1936,1
42125.jpg,1935,1820,-115
42130.jpg,1935,1920,-15
42135.jpg,1935,1950,15
42140.jpg,1935,1940,5
42145.jpg,1935,1750,-185
42150.jpg,1935,1823,-112
42155.jpg,1935,1933,-2
42160.jpg,1935,1927,-8
42165.jpg,1935,1900,-35
42170.jpg,1935,1929,-6
42175.jpg,1935,1980,45
42180.jpg,1935,1960,25
42185.jpg,1935,1955,20
42190.jpg,1935,1907,-28
42195.jpg,1935,1904,-31
42200.jpg,1935,1970,35
42205.jpg,1935,1936,1
42210.jpg,1935,1930,-5
42215.jpg,1935,1880,-55
42220.jpg,1935,1930,-5
42225.jpg,1935,1955,20
42230.jpg,1935,1936,1
42235.jpg,1935,1926,-9
42240.jpg,1935,1930,-5
42250.jpg,1935,1930,-5
42255.jpg,1935,1900,-35
42260.jpg,1935,1950,15
42265.jpg,1935,1935,0
42270.jpg,1935,1936,1
42275.jpg,1935,1930,-5
42280.jpg,1935,1953,18
42285.jpg,1935,1925,-10
42290.jpg,1935,1950,15
42295.jpg,1936,1930,-6
42300.jpg,1936,1960,24
42305.jpg,1936,1936,0
42310.jpg,1936,1930,-6
42315.jpg,1936,1973,37
42320.jpg,1936,1980,44
42325.jpg,1936,1950,14
42330.jpg,1936,2014,78
42335.jpg,1936,2011,75
42340.jpg,1936,1930,-6
42345.jpg,1936,1930,-6
42350.jpg,1936,1950,14
42355.jpg,1936,1935,-1
42360.jpg,1936,1990,54
42365.jpg,1936,1921,-15
42370.jpg,1936,1935,-1
42375.jpg,1936,1935,-1
42380.jpg,1936,1970,34
42385.jpg,1936,1929,-7
42390.jpg,1936,2020,84
42395.jpg,1936,1940,4
42400.jpg,1936,1936,0
42405.jpg,1936,1930,-6
42410.jpg,1936,1980,44
42415.jpg,1936,1932,-4
42420.jpg,1936,1940,4
42425.jpg,1936,1906,-30
42430.jpg,1936,1925,-11
42435.jpg,1936,1934,-2
42440.jpg,1936,1938,2
42445.jpg,1936,1930,-6
42450.jpg,1936,1920,-16
42455.jpg,1936,1954,18
42460.jpg,1936,1930,-6
42465.jpg,1936,1935,-1
42470.jpg,1936,1958,22
42475.jpg,1936,1920,-16
42480.jpg,1936,1868,-68
42485.jpg,1936,1886,-50
42490.jpg,1936,1935,-1
42495.jpg,1936,1939,3
42500.jpg,1936,1930,-6
42505.jpg,1936,1950,14
42510.jpg,1936,1850,-86
42515.jpg,1936,1937,1
42520.jpg,1936,1858,-78
42525.jpg,1936,1925,-11
42530.jpg,1936,1930,-6
42535.jpg,1936,1936,0
42540.jpg,1936,1928,-8
42545.jpg,1936,1935,-1
42550.jpg,1936,1935,-1
42555.jpg,1936,1600,-336
42560.jpg,1936,1930,-6
42565.jpg,1936,1842,-94
42570.jpg,1936,1934,-2
42575.jpg,1936,1935,-1
42585.jpg,1936,1938,2
42595.jpg,1936,1939,3
42600.jpg,1936,1928,-8
42610.jpg,1937,1937,0
42615.jpg,1937,1934,-3
42620.jpg,1937,1931,-6
42625.jpg,1937,1928,-9
42630.jpg,1937,1999,62
42635.jpg,1937,1939,2
42640.jpg,1937,1994,57
42645.jpg,1937,1947,10
42650.jpg,1937,1937,0
42655.jpg,1937,2010,73
42660.jpg,1937,1930,-7
42665.jpg,1937,1925,-12
42670.jpg,1937,1900,-37
42675.jpg,1937,1950,13
42680.jpg,1937,1957,20
42685.jpg,1937,1950,13
42690.jpg,1937,1940,3
42695.jpg,1937,1950,13
42700.jpg,1937,1930,-7
42705.jpg,1937,1939,2
42710.jpg,1937,1932,-5
42715.jpg,1937,1961,24
42720.jpg,1937,1920,-17
42725.jpg,1937,1920,-17
42730.jpg,1937,1950,13
42735.jpg,1937,1950,13
42740.jpg,1937,1937,0
42745.jpg,1937,1926,-11
42750.jpg,1937,1967,30
42755.jpg,1937,1940,3
42765.jpg,1937,1750,-187
42770.jpg,1937,2000,63
42775.jpg,1937,1935,-2
42780.jpg,1937,1923,-14
42785.jpg,1937,1936,-1
42790.jpg,1937,1920,-17
42795.jpg,1937,1935,-2
42800.jpg,1937,1914,-23
42805.jpg,1937,1939,2
42810.jpg,1937,1930,-7
42815.jpg,1937,1929,-8
42820.jpg,1937,1939,2
42825.jpg,1937,1900,-37
42830.jpg,1937,1944,7
42835.jpg,1937,1940,3
42840.jpg,1937,1930,-7
42845.jpg,1937,1935,-2
42850.jpg,1937,1937,0
42855.jpg,1937,1930,-7
42860.jpg,1937,1920,-17
42865.jpg,1937,1995,58
42870.jpg,1937,1950,13
42875.jpg,1937,2010,73
42880.jpg,1937,1935,-2
42885.jpg,1937,1938,1
42890.jpg,1937,1920,-17
42895.jpg,1937,1920,-17
42900.jpg,1937,1939,2
42905.jpg,1937,1948,11
42910.jpg,1937,1897,-40
42915.jpg,1938,1953,15
42920.jpg,1938,1938,0
42925.jpg,1938,1919,-19
42930.jpg,1938,1929,-9
42935.jpg,1938,1910,-28
42940.jpg,1938,2006,68
42945.jpg,1938,2012,74
42950.jpg,1938,1968,30
42955.jpg,1938,1990,52
42960.jpg,1938,1950,12
42965.jpg,1938,1938,0
42970.jpg,1938,1920,-18
42975.jpg,1938,1925,-13
42980.jpg,1938,1925,-13
42985.jpg,1938,1920,-18
42990.jpg,1938,1935,-3
42995.jpg,1938,1930,-8
43000.jpg,1938,1950,12
43005.jpg,1938,1935,-3
43010.jpg,1938,1900,-38
43015.jpg,1938,1900,-38
43020.jpg,1938,1850,-88
43025.jpg,1938,1953,15
43030.jpg,1938,1900,-38
43035.jpg,1938,1936,-2
43040.jpg,1938,1935,-3
43045.jpg,1938,1932,-6
43050.jpg,1938,1935,-3
43055.jpg,1938,1930,-8
43060.jpg,1938,1950,12
43065.jpg,1938,1920,-18
43070.jpg,1938,1930,-8
43075.jpg,1938,1950,12
43080.jpg,1938,1951,13
43085.jpg,1938,1935,-3
43090.jpg,1938,1960,22
43095.jpg,1938,1910,-28
43100.jpg,1938,1974,36
43105.jpg,1938,1930,-8
43110.jpg,1938,1938,0
43115.jpg,1938,1937,-1
43120.jpg,1938,1930,-8
43125.jpg,1938,1914,-24
43130.jpg,1938,1930,-8
43135.jpg,1938,1900,-38
43140.jpg,1938,2010,72
43145.jpg,1938,1935,-3
43150.jpg,1938,1656,-282
43155.jpg,1938,1950,12
43160.jpg,1938,1917,-21
43165.jpg,1938,1932,-6
43170.jpg,1938,1938,0
43175.jpg,1938,1974,36
43185.jpg,1938,1938,0
43190.jpg,1938,1935,-3
43195.jpg,1938,1930,-8
43200.jpg,1938,1950,12
43210.jpg,1939,1936,-3
43215.jpg,1939,1938,-1
43220.jpg,1939,1927,-12
43225.jpg,1939,1850,-89
43235.jpg,1939,1929,-10
43245.jpg,1939,1997,58
43250.jpg,1939,1990,51
43255.jpg,1939,1950,11
43260.jpg,1939,1929,-10
43270.jpg,1939,1925,-14
43275.jpg,1939,1928,-11
43280.jpg,1939,1900,-39
43285.jpg,1939,1950,11
43290.jpg,1939,1930,-9
43295.jpg,1939,1930,-9
43300.jpg,1939,1950,11
43305.jpg,1939,1964,25
43310.jpg,1939,1939,0
43315.jpg,1939,1939,0
43320.jpg,1939,1939,0
43325.jpg,1939,1930,-9
43330.jpg,1939,1974,35
43335.jpg,1939,1932,-7
43340.jpg,1939,1889,-50
43345.jpg,1939,1870,-69
43350.jpg,1939,1954,15
43360.jpg,1939,1912,-27
43365.jpg,1939,1700,-239
43370.jpg,1939,1920,-19
43375.jpg,1939,1920,-19
43380.jpg,1939,1951,12
43385.jpg,1939,1955,16
43390.jpg,1939,1932,-7
43395.jpg,1939,1950,11
43400.jpg,1939,2007,68
43405.jpg,1939,2016,77
43410.jpg,1939,1936,-3
43415.jpg,1939,1930,-9
43420.jpg,1939,1930,-9
43425.jpg,1939,1927,-12
43430.jpg,1939,1850,-89
43435.jpg,1939,1941,2
43440.jpg,1939,1939,0
43445.jpg,1939,1995,56
43450.jpg,1939,1970,31
43455.jpg,1939,1939,0
43460.jpg,1939,1936,-3
43465.jpg,1939,1900,-39
43470.jpg,1940,1930,-10
43475.jpg,1940,1940,0
43480.jpg,1940,1938,-2
43485.jpg,1940,1930,-10
43490.jpg,1940,1930,-10
43495.jpg,1940,1933,-7
43500.jpg,1940,1950,10
43505.jpg,1940,2016,76
43510.jpg,1940,1930,-10
43515.jpg,1940,2010,70
43520.jpg,1940,1925,-15
43525.jpg,1940,1939,-1
43530.jpg,1940,1930,-10
43535.jpg,1940,1920,-20
43540.jpg,1940,1939,-1
43545.jpg,1940,1950,10
43550.jpg,1940,1937,-3
43555.jpg,1940,1938,-2
43560.jpg,1940,1940,0
43565.jpg,1940,1938,-2
43570.jpg,1940,1940,0
43575.jpg,1940,1930,-10
43580.jpg,1940,1920,-20
43585.jpg,1940,1937,-3
43590.jpg,1940,1930,-10
43595.jpg,1940,2000,60
43600.jpg,1940,1935,-5
43605.jpg,1940,1931,-9
43610.jpg,1940,1850,-90
43615.jpg,1940,1800,-140
43620.jpg,1940,1930,-10
43625.jpg,1940,1935,-5
43630.jpg,1940,1940,0
43635.jpg,1940,1932,-8
43640.jpg,1940,1881,-59
43645.jpg,1940,1932,-8
43650.jpg,1940,1925,-15
43655.jpg,1940,1951,11
43660.jpg,1940,1955,15
43665.jpg,1940,1935,-5
43670.jpg,1940,1930,-10
43675.jpg,1940,1936,-4
43680.jpg,1940,1939,-1
43685.jpg,1940,1950,10
43700.jpg,1940,1930,-10
43705.jpg,1940,1930,-10
43710.jpg,1940,1950,10
43715.jpg,1940,1930,-10
43720.jpg,1941,1930,-11
43725.jpg,1941,1938,-3
43730.jpg,1941,2008,67
43735.jpg,1941,1993,52
43740.jpg,1941,1994,53
43745.jpg,1941,1920,-21
43750.jpg,1941,1935,-6
43755.jpg,1941,1775,-166
43760.jpg,1941,1914,-27
43765.jpg,1941,1830,-111
43770.jpg,1941,1925,-16
43775.jpg,1941,1950,9
43780.jpg,1941,1940,-1
43785.jpg,1941,1960,19
43790.jpg,1941,1932,-9
43795.jpg,1941,2010,69
43800.jpg,1941,1880,-61
43805.jpg,1941,1850,-91
43810.jpg,1941,1950,9
43815.jpg,1941,1959,18
43820.jpg,1941,1936,-5
43825.jpg,1941,1920,-21
43830.jpg,1941,1933,-8
43835.jpg,1941,1970,29
43840.jpg,1941,2011,70
43845.jpg,1941,1932,-9
43850.jpg,1941,1942,1
43855.jpg,1941,1900,-41
43860.jpg,1941,1930,-11
43865.jpg,1942,1942,0
43870.jpg,1942,1929,-13
43875.jpg,1942,1952,10
43880.jpg,1942,1930,-12
43885.jpg,1942,1950,8
43890.jpg,1942,1942,0
43895.jpg,1942,1940,-2
43900.jpg,1942,1910,-32
43905.jpg,1942,1935,-7
43910.jpg,1942,1970,28
43915.jpg,1942,1774,-168
43920.jpg,1942,1950,8
43925.jpg,1942,2000,58
43930.jpg,1942,1940,-2
43935.jpg,1942,1920,-22
43940.jpg,1942,1920,-22
43945.jpg,1942,1961,19
43950.jpg,1942,1906,-36
43955.jpg,1942,1900,-42
43960.jpg,1943,1930,-13
43965.jpg,1943,1960,17
43970.jpg,1943,1950,7
43975.jpg,1943,1939,-4
43980.jpg,1943,1943,0
43985.jpg,1943,1926,-17
43990.jpg,1943,1972,29
43995.jpg,1943,1923,-20
44000.jpg,1943,1940,-3
44005.jpg,1943,1990,47
44010.jpg,1943,1941,-2
44015.jpg,1943,1950,7
44020.jpg,1943,1927,-16
44025.jpg,1943,1950,7
44030.jpg,1944,1898,-46
44035.jpg,1944,2000,56
44040.jpg,1944,1974,30
44045.jpg,1944,1912,-32
44050.jpg,1944,1850,-94
44055.jpg,1944,1944,0
44060.jpg,1945,1800,-145
44065.jpg,1945,1929,-16
44075.jpg,1945,1970,25
44080.jpg,1945,1941,-4
44090.jpg,1945,1927,-18
44095.jpg,1945,1970,25
44100.jpg,1945,1990,45
44105.jpg,1945,1930,-15
44110.jpg,1945,1930,-15
44115.jpg,1946,1970,24
44120.jpg,1946,1927,-19
44125.jpg,1946,1953,7
44130.jpg,1946,1967,21
44135.jpg,1946,1931,-15
44140.jpg,1946,1978,32
44145.jpg,1946,1935,-11
44150.jpg,1946,1850,-96
44155.jpg,1946,1910,-36
44160.jpg,1946,1928,-18
44165.jpg,1946,1935,-11
44170.jpg,1946,1960,14
44175.jpg,1947,1940,-7
44180.jpg,1947,1948,1
44185.jpg,1947,1800,-147
44190.jpg,1947,1965,18
44195.jpg,1947,1993,46
44200.jpg,1947,1972,25
44205.jpg,1947,1958,11
44210.jpg,1947,1953,6
44215.jpg,1947,1928,-19
44220.jpg,1947,1939,-8
44230.jpg,1947,1920,-27
44240.jpg,1947,1940,-7
44245.jpg,1947,1930,-17
44250.jpg,1947,1930,-17
44255.jpg,1947,1992,45
44260.jpg,1947,1920,-27
44270.jpg,1947,1971,24
44275.jpg,1947,1868,-79
44280.jpg,1947,1930,-17
44285.jpg,1948,1937,-11
44290.jpg,1948,2014,66
44295.jpg,1948,2009,61
44300.jpg,1948,1930,-18
44305.jpg,1948,1965,17
44310.jpg,1948,1997,49
44315.jpg,1948,2011,63
44320.jpg,1948,1927,-21
44325.jpg,1948,1950,2
44330.jpg,1948,1962,14
44335.jpg,1948,1912,-36
44340.jpg,1948,1906,-42
44345.jpg,1948,1968,20
44350.jpg,1948,1935,-13
44355.jpg,1948,1956,8
44360.jpg,1948,1959,11
44365.jpg,1948,1940,-8
44370.jpg,1948,1900,-48
44375.jpg,1948,1925,-23
44380.jpg,1948,1983,35
44385.jpg,1948,2006,58
44390.jpg,1948,1965,17
44395.jpg,1948,1950,2
44400.jpg,1949,1886,-63
44405.jpg,1949,2013,64
44410.jpg,1949,1930,-19
44415.jpg,1949,2011,62
44420.jpg,1949,1993,44
44425.jpg,1949,1994,45
44430.jpg,1949,1948,-1
44435.jpg,1949,1950,1
44440.jpg,1949,1980,31
44445.jpg,1949,1970,21
44450.jpg,1949,1925,-24
44455.jpg,1949,1948,-1
44460.jpg,1949,1939,-10
44465.jpg,1949,1917,-32
44470.jpg,1949,1999,50
44475.jpg,1949,1950,1
44480.jpg,1949,1958,9
44485.jpg,1949,1950,1
44490.jpg,1949,1900,-49
44495.jpg,1949,1950,1
44500.jpg,1949,1950,1
44510.jpg,1949,1926,-23
44515.jpg,1949,1920,-29
44520.jpg,1949,2010,61
44525.jpg,1949,1978,29
44530.jpg,1949,1931,-18
44535.jpg,1949,1975,26
44540.jpg,1950,1950,0
44545.jpg,1950,1960,10
44550.jpg,1950,1940,-10
44555.jpg,1950,1920,-30
44560.jpg,1950,1993,43
44565.jpg,1950,1934,-16
44570.jpg,1950,1960,10
44575.jpg,1950,1923,-27
44585.jpg,1950,1929,-21
44590.jpg,1950,1950,0
44595.jpg,1950,1955,5
44600.jpg,1950,1967,17
44605.jpg,1950,1937,-13
44610.jpg,1950,1952,2
44615.jpg,1950,1955,5
44620.jpg,1950,1930,-20
44625.jpg,1950,1849,-101
44630.jpg,1950,1928,-22
44635.jpg,1950,1985,35
44640.jpg,1950,1950,0
44645.jpg,1950,1870,-80
44650.jpg,1950,1950,0
44655.jpg,1950,1970,20
44660.jpg,1950,1953,3
44665.jpg,1950,1950,0
44680.jpg,1950,2000,50
44685.jpg,1950,1950,0
44690.jpg,1950,1955,5
44695.jpg,1950,1910,-40
44700.jpg,1950,1960,10
44705.jpg,1951,1960,9
44710.jpg,1951,1920,-31
44720.jpg,1951,1970,19
44725.jpg,1951,2010,59
44730.jpg,1951,1998,47
44735.jpg,1951,1931,-20
44740.jpg,1951,1927,-24
44745.jpg,1951,1943,-8
44750.jpg,1951,1965,14
44755.jpg,1951,1938,-13
44760.jpg,1951,1933,-18
44765.jpg,1951,1950,-1
44770.jpg,1951,1356,-595
44775.jpg,1951,1901,-50
44780.jpg,1951,1904,-47
44785.jpg,1951,1955,4
44790.jpg,1951,1955,4
44795.jpg,1951,2010,59
44800.jpg,1951,1950,-1
44810.jpg,1951,1930,-21
44815.jpg,1951,1900,-51
44820.jpg,1951,1930,-21
44825.jpg,1951,2000,49
44830.jpg,1951,1980,29
44840.jpg,1951,1950,-1
44845.jpg,1952,1970,18
44850.jpg,1952,1970,18
44855.jpg,1952,2010,58
44860.jpg,1952,1960,8
44865.jpg,1952,2012,60
44870.jpg,1952,1958,6
44875.jpg,1952,1965,13
44880.jpg,1952,1968,16
44885.jpg,1952,1970,18
44890.jpg,1952,1960,8
44895.jpg,1952,1952,0
44900.jpg,1952,1967,15
44905.jpg,1952,1952,0
44910.jpg,1952,1998,46
44915.jpg,1952,1953,1
44920.jpg,1952,1959,7
44925.jpg,1952,1970,18
44930.jpg,1952,2005,53
44940.jpg,1952,1965,13
44945.jpg,1952,1982,30
44950.jpg,1952,1960,8
44955.jpg,1952,1973,21
44960.jpg,1953,1980,27
44965.jpg,1953,1962,9
44970.jpg,1953,2013,60
44980.jpg,1953,1937,-16
44985.jpg,1953,2011,58
44990.jpg,1953,1953,0
44995.jpg,1953,1959,6
45000.jpg,1953,2005,52
45005.jpg,1953,1930,-23
45010.jpg,1953,1926,-27
45015.jpg,1953,1960,7
45020.jpg,1953,1950,-3
45025.jpg,1953,1934,-19
45030.jpg,1953,1935,-18
45035.jpg,1953,1932,-21
45040.jpg,1953,1960,7
45045.jpg,1953,1860,-93
45050.jpg,1953,1960,7
45055.jpg,1953,1955,2
45060.jpg,1953,1930,-23
45065.jpg,1953,1965,12
45070.jpg,1953,1960,7
45075.jpg,1953,2007,54
45080.jpg,1953,1926,-27
45085.jpg,1953,1970,17
45090.jpg,1953,1830,-123
45095.jpg,1954,1952,-2
45100.jpg,1954,2000,46
45105.jpg,1954,1939,-15
45110.jpg,1954,1960,6
45115.jpg,1954,1996,42
45120.jpg,1954,1998,44
45125.jpg,1954,1983,29
45130.jpg,1954,1960,6
45135.jpg,1954,1954,0
45140.jpg,1954,1964,10
45150.jpg,1954,1929,-25
45155.jpg,1954,1932,-22
45160.jpg,1954,1960,6
45165.jpg,1954,1936,-18
45170.jpg,1954,1987,33
45175.jpg,1954,1936,-18
45180.jpg,1954,1900,-54
45185.jpg,1954,1970,16
45190.jpg,1954,1955,1
45195.jpg,1954,1920,-34
45200.jpg,1954,1960,6
45205.jpg,1954,1926,-28
45210.jpg,1954,1925,-29
45215.jpg,1954,1985,31
45220.jpg,1954,1724,-230
45225.jpg,1954,1985,31
45230.jpg,1954,1954,0
45235.jpg,1955,1697,-258
45240.jpg,1955,1955,0
45245.jpg,1955,1974,19
45250.jpg,1955,1950,-5
45255.jpg,1955,1963,8
45260.jpg,1955,1930,-25
45265.jpg,1955,2012,57
45275.jpg,1955,1955,0
45280.jpg,1955,2000,45
45285.jpg,1955,1990,35
45290.jpg,1955,1960,5
45295.jpg,1955,1962,7
45300.jpg,1955,2019,64
45310.jpg,1955,1960,5
45315.jpg,1955,1907,-48
45320.jpg,1955,1825,-130
45325.jpg,1955,1956,1
45330.jpg,1955,1954,-1
45335.jpg,1955,1960,5
45345.jpg,1955,2004,49
45350.jpg,1955,1930,-25
45355.jpg,1955,2000,45
45360.jpg,1955,1832,-123
45365.jpg,1955,1972,17
45370.jpg,1955,1966,11
45375.jpg,1955,1970,15
45385.jpg,1956,1970,14
45390.jpg,1956,1940,-16
45395.jpg,1956,1962,6
45400.jpg,1956,2006,50
45405.jpg,1956,1965,9
45410.jpg,1956,1969,13
45415.jpg,1956,1920,-36
45420.jpg,1956,1960,4
45430.jpg,1956,2000,44
45435.jpg,1956,1924,-32
45440.jpg,1956,1960,4
45445.jpg,1956,1960,4
45450.jpg,1956,1960,4
45455.jpg,1956,1983,27
45460.jpg,1956,1952,-4
45465.jpg,1956,1913,-43
45470.jpg,1956,1908,-48
45475.jpg,1956,1951,-5
45480.jpg,1956,1960,4
45485.jpg,1956,1951,-5
45490.jpg,1956,1956,0
45495.jpg,1956,1900,-56
45500.jpg,1956,1998,42
45505.jpg,1956,2000,44
45510.jpg,1956,1970,14
45515.jpg,1956,1980,24
45520.jpg,1956,1936,-20
45530.jpg,1957,1930,-27
45535.jpg,1957,1960,3
45540.jpg,1957,1962,5
45545.jpg,1957,2008,51
45550.jpg,1957,1998,41
45555.jpg,1957,1928,-29
45560.jpg,1957,1957,0
45565.jpg,1957,1962,5
45570.jpg,1957,1995,38
45575.jpg,1957,1923,-34
45585.jpg,1957,1929,-28
45590.jpg,1957,1965,8
45595.jpg,1957,1970,13
45605.jpg,1957,1959,2
45610.jpg,1957,1960,3
45615.jpg,1957,1969,12
45620.jpg,1957,1966,9
45630.jpg,1957,1898,-59
45635.jpg,1957,1941,-16
45640.jpg,1957,1950,-7
45645.jpg,1957,1750,-207
45650.jpg,1957,1960,3
45655.jpg,1957,1950,-7
45660.jpg,1957,1966,9
45665.jpg,1957,1970,13
45675.jpg,1957,2010,53
45680.jpg,1957,1922,-35
45685.jpg,1957,1976,19
45695.jpg,1957,1956,-1
45700.jpg,1958,1927,-31
45705.jpg,1958,2013,55
45715.jpg,1958,1977,19
45720.jpg,1958,2000,42
45730.jpg,1958,1970,12
45735.jpg,1958,2008,50
45740.jpg,1958,1958,0
45745.jpg,1958,1959,1
45750.jpg,1958,1995,37
45755.jpg,1958,1933,-25
45760.jpg,1958,1960,2
45765.jpg,1958,1963,5
45770.jpg,1958,1956,-2
45775.jpg,1958,1958,0
45780.jpg,1958,1960,2
45785.jpg,1958,1958,0
45790.jpg,1958,1960,2
45795.jpg,1958,1951,-7
45800.jpg,1958,1951,-7
45805.jpg,1958,1955,-3
45810.jpg,1958,1776,-182
45815.jpg,1958,1958,0
45820.jpg,1958,1990,32
45825.jpg,1958,1972,14
45830.jpg,1958,1963,5
45835.jpg,1958,1936,-22
45840.jpg,1958,1960,2
45845.jpg,1958,1965,7
45850.jpg,1958,1940,-18
45855.jpg,1959,1963,4
45860.jpg,1959,1800,-159
45870.jpg,1959,2004,45
45880.jpg,1959,1920,-39
45885.jpg,1959,1970,11
45890.jpg,1959,1936,-23
45895.jpg,1959,1959,0
45900.jpg,1959,1965,6
45905.jpg,1959,1960,1
45910.jpg,1959,2010,51
45915.jpg,1959,1996,37
45925.jpg,1959,1951,-8
45930.jpg,1959,1960,1
45935.jpg,1959,1960,1
45940.jpg,1959,1990,31
45945.jpg,1959,2005,46
45950.jpg,1959,2000,41
45955.jpg,1959,1983,24
45960.jpg,1959,1960,1
45965.jpg,1959,1938,-21
45970.jpg,1959,1959,0
45975.jpg,1959,1970,11
45980.jpg,1959,1970,11
45985.jpg,1959,1959,0
45990.jpg,1960,1925,-35
45995.jpg,1960,2023,63
46000.jpg,1960,1960,0
46005.jpg,1960,2011,51
46015.jpg,1960,1968,8
46025.jpg,1960,1993,33
46030.jpg,1960,1962,2
46035.jpg,1960,1960,0
46040.jpg,1960,1961,1
46045.jpg,1960,1978,18
46050.jpg,1960,1933,-27
46055.jpg,1960,1930,-30
46060.jpg,1960,1963,3
46065.jpg,1960,1930,-30
46070.jpg,1960,1951,-9
46075.jpg,1960,1980,20
46080.jpg,1960,1971,11
46085.jpg,1960,1857,-103
46090.jpg,1960,1939,-21
46095.jpg,1960,1960,0
46100.jpg,1960,1960,0
46105.jpg,1960,1960,0
46110.jpg,1960,1980,20
46115.jpg,1960,1962,2
46120.jpg,1960,1972,12
46130.jpg,1960,1935,-25
46135.jpg,1960,1963,3
46140.jpg,1960,1934,-26
46145.jpg,1960,1950,-10
46150.jpg,1960,1968,8
46155.jpg,1961,1925,-36
46160.jpg,1961,1953,-8
46170.jpg,1961,1962,1
46180.jpg,1961,1952,-9
46185.jpg,1961,1970,9
46190.jpg,1961,1870,-91
46195.jpg,1961,2000,39
46200.jpg,1961,2000,39
46205.jpg,1961,1960,-1
46210.jpg,1961,1970,9
46215.jpg,1961,1950,-11
46220.jpg,1961,1980,19
46225.jpg,1961,1963,2
46230.jpg,1961,1958,-3
46235.jpg,1961,1955,-6
46240.jpg,1961,2011,50
46245.jpg,1961,1969,8
46250.jpg,1961,1900,-61
46255.jpg,1961,1954,-7
46260.jpg,1961,1950,-11
46265.jpg,1961,1960,-1
46270.jpg,1961,1936,-25
46275.jpg,1961,2010,49
46280.jpg,1961,1830,-131
46285.jpg,1961,2011,50
46290.jpg,1961,1980,19
46295.jpg,1961,1980,19
46305.jpg,1961,1963,2
46310.jpg,1961,1957,-4
46315.jpg,1961,1997,36
46320.jpg,1962,1965,3
46330.jpg,1962,1910,-52
46335.jpg,1962,2014,52
46340.jpg,1962,1962,0
46345.jpg,1962,1990,28
46350.jpg,1962,1968,6
46355.jpg,1962,1961,-1
46360.jpg,1962,1974,12
46365.jpg,1962,1958,-4
46370.jpg,1962,1950,-12
46375.jpg,1962,1965,3
46380.jpg,1962,1960,-2
46385.jpg,1962,1980,18
46390.jpg,1962,1953,-9
46395.jpg,1962,1908,-54
46400.jpg,1962,1980,18
46405.jpg,1962,1880,-82
46410.jpg,1962,1998,36
46415.jpg,1962,1912,-50
46420.jpg,1962,1960,-2
46425.jpg,1962,1960,-2
46430.jpg,1962,1960,-2
46435.jpg,1962,1826,-136
46440.jpg,1962,1990,28
46445.jpg,1962,2010,48
46450.jpg,1962,1970,8
46455.jpg,1962,1958,-4
46460.jpg,1962,1965,3
46465.jpg,1963,1971,8
46470.jpg,1963,1972,9
46475.jpg,1963,1967,4
46480.jpg,1963,2003,40
46490.jpg,1963,1953,-10
46495.jpg,1963,2020,57
46500.jpg,1963,1960,-3
46505.jpg,1963,1980,17
46510.jpg,1963,1968,5
46515.jpg,1963,1977,14
46520.jpg,1963,1960,-3
46525.jpg,1963,2006,43
46530.jpg,1963,1974,11
46535.jpg,1963,1963,0
46540.jpg,1963,1920,-43
46545.jpg,1963,1952,-11
46550.jpg,1963,1960,-3
46555.jpg,1963,2005,42
46560.jpg,1963,1961,-2
46565.jpg,1963,2003,40
46570.jpg,1963,1984,21
46575.jpg,1963,1908,-55
46580.jpg,1963,1970,7
46585.jpg,1963,1985,22
46590.jpg,1963,1384,-579
46595.jpg,1963,1994,31
46600.jpg,1963,1976,13
46605.jpg,1963,1990,27
46615.jpg,1963,1970,7
46620.jpg,1963,1954,-9
46625.jpg,1963,1960,-3
46630.jpg,1963,1929,-34
46635.jpg,1964,1973,9
46640.jpg,1964,2013,49
46645.jpg,1964,1962,-2
46650.jpg,1964,2009,45
46655.jpg,1964,1970,6
46660.jpg,1964,1963,-1
46665.jpg,1964,1957,-7
46670.jpg,1964,1970,6
46675.jpg,1964,1950,-14
46680.jpg,1964,1995,31
46685.jpg,1964,1967,3
46690.jpg,1964,1975,11
46695.jpg,1964,1970,6
46700.jpg,1964,1965,1
46705.jpg,1964,2000,36
46710.jpg,1964,1965,1
46715.jpg,1964,1965,1
46720.jpg,1964,1966,2
46725.jpg,1964,1965,1
46730.jpg,1964,2002,38
46735.jpg,1964,1955,-9
46740.jpg,1964,1931,-33
46745.jpg,1964,1967,3
46750.jpg,1964,1951,-13
46755.jpg,1964,1955,-9
46760.jpg,1964,1825,-139
46765.jpg,1964,1992,28
46770.jpg,1964,1930,-34
46775.jpg,1964,1920,-44
46780.jpg,1964,1990,26
46785.jpg,1964,1989,25
46790.jpg,1964,2000,36
46795.jpg,1964,1930,-34
46805.jpg,1964,1962,-2
46810.jpg,1964,1968,4
46815.jpg,1964,1925,-39
46820.jpg,1965,1965,0
46825.jpg,1965,1962,-3
46830.jpg,1965,1962,-3
46835.jpg,1965,2000,35
46840.jpg,1965,2008,43
46845.jpg,1965,1982,17
46850.jpg,1965,1972,7
46860.jpg,1965,1965,0
46865.jpg,1965,1966,1
46870.jpg,1965,2019,54
46875.jpg,1965,1980,15
46885.jpg,1965,1957,-8
46890.jpg,1965,2008,43
46895.jpg,1965,1965,0
46900.jpg,1965,1972,7
46905.jpg,1965,1935,-30
46910.jpg,1965,1980,15
46915.jpg,1965,1972,7
46920.jpg,1965,1967,2
46930.jpg,1965,1904,-61
46935.jpg,1965,1965,0
46940.jpg,1965,1920,-45
46945.jpg,1965,1992,27
46950.jpg,1965,1997,32
46955.jpg,1965,1979,14
46960.jpg,1965,1980,15
46965.jpg,1965,1986,21
46970.jpg,1965,1971,6
46990.jpg,1965,1965,0
46995.jpg,1965,1920,-45
47000.jpg,1965,2008,43
47005.jpg,1966,1972,6
47010.jpg,1966,1968,2
47015.jpg,1966,1950,-16
47020.jpg,1966,1964,-2
47025.jpg,1966,2001,35
47030.jpg,1966,1996,30
47035.jpg,1966,1966,0
47040.jpg,1966,1966,0
47050.jpg,1966,1965,-1
47055.jpg,1966,1968,2
47060.jpg,1966,2000,34
47065.jpg,1966,1920,-46
47070.jpg,1966,1917,-49
47075.jpg,1966,1960,-6
47080.jpg,1966,1973,7
47085.jpg,1966,1974,8
47090.jpg,1966,1970,4
47100.jpg,1966,1900,-66
47105.jpg,1966,1964,-2
47115.jpg,1966,1962,-4
47120.jpg,1966,1966,0
47125.jpg,1966,1956,-10
47130.jpg,1966,1920,-46
47135.jpg,1966,1984,18
47140.jpg,1966,1932,-34
47145.jpg,1966,1927,-39
47150.jpg,1966,1965,-1
47155.jpg,1966,1900,-66
47170.jpg,1966,1980,14
47175.jpg,1966,1970,4
47180.jpg,1966,1965,-1
47185.jpg,1966,1960,-6
47190.jpg,1966,1975,9
47195.jpg,1966,1965,-1
47200.jpg,1966,1995,29
47205.jpg,1966,1965,-1
47210.jpg,1966,1953,-13
47215.jpg,1966,1966,0
47220.jpg,1966,1965,-1
47225.jpg,1967,1990,23
47230.jpg,1967,1955,-12
47235.jpg,1967,1892,-75
47240.jpg,1967,1966,-1
47245.jpg,1967,1922,-45
47255.jpg,1967,1990,23
47265.jpg,1967,2001,34
47270.jpg,1967,2000,33
47275.jpg,1967,1997,30
47280.jpg,1967,1974,7
47285.jpg,1967,1923,-44
47290.jpg,1967,1942,-25
47295.jpg,1967,1955,-12
47300.jpg,1967,1897,-70
47305.jpg,1967,1830,-137
47310.jpg,1967,1965,-2
47315.jpg,1967,1970,3
47320.jpg,1967,1960,-7
47325.jpg,1967,1967,0
47330.jpg,1967,1981,14
47335.jpg,1967,1963,-4
47340.jpg,1967,2014,47
47345.jpg,1967,1951,-16
47350.jpg,1967,1960,-7
47355.jpg,1967,1960,-7
47360.jpg,1967,1920,-47
47365.jpg,1967,1870,-97
47370.jpg,1967,1850,-117
47375.jpg,1967,1930,-37
47380.jpg,1967,1972,5
47385.jpg,1967,1980,13
47395.jpg,1967,1980,13
47400.jpg,1967,1990,23
47405.jpg,1967,1963,-4
47410.jpg,1967,2011,44
47420.jpg,1967,1998,31
47425.jpg,1967,1990,23
47430.jpg,1967,1976,9
47435.jpg,1967,1970,3
47440.jpg,1967,1980,13
47445.jpg,1967,1987,20
47450.jpg,1968,1967,-1
47455.jpg,1968,1967,-1
47460.jpg,1968,1966,-2
47465.jpg,1968,2004,36
47470.jpg,1968,1968,0
47475.jpg,1968,1970,2
47480.jpg,1968,2011,43
47485.jpg,1968,1964,-4
47490.jpg,1968,2010,42
47495.jpg,1968,1968,0
47500.jpg,1968,2000,32
47505.jpg,1968,1972,4
47515.jpg,1968,1925,-43
47520.jpg,1968,1920,-48
47525.jpg,1968,1990,22
47530.jpg,1968,1965,-3
47535.jpg,1968,1965,-3
47540.jpg,1968,1966,-2
47545.jpg,1968,1976,8
47550.jpg,1968,1965,-3
47555.jpg,1968,1963,-5
47560.jpg,1968,1981,13
47565.jpg,1968,1956,-12
47570.jpg,1968,1967,-1
47575.jpg,1968,1867,-101
47580.jpg,1968,1999,31
47585.jpg,1968,1890,-78
47590.jpg,1968,1980,12
47595.jpg,1968,1970,2
47600.jpg,1968,1968,0
47610.jpg,1968,2000,32
47620.jpg,1968,1960,-8
47625.jpg,1968,1936,-32
47630.jpg,1968,1980,12
47635.jpg,1968,1962,-6
47640.jpg,1968,1965,-3
47645.jpg,1968,1967,-1
47650.jpg,1969,1972,3
47655.jpg,1969,1964,-5
47660.jpg,1969,1980,11
47665.jpg,1969,1962,-7
47670.jpg,1969,1975,6
47675.jpg,1969,1947,-22
47680.jpg,1969,1969,0
47685.jpg,1969,1969,0
47690.jpg,1969,1962,-7
47695.jpg,1969,1927,-42
47700.jpg,1969,1987,18
47710.jpg,1969,1953,-16
47715.jpg,1969,1900,-69
47720.jpg,1969,1970,1
47730.jpg,1969,1970,1
47735.jpg,1969,1970,1
47740.jpg,1969,1877,-92
47745.jpg,1969,1988,19
47750.jpg,1969,2013,44
47755.jpg,1969,1915,-54
47760.jpg,1969,1973,4
47765.jpg,1969,2008,39
47770.jpg,1969,1980,11
47780.jpg,1969,1970,1
47785.jpg,1969,1990,21
47790.jpg,1969,1965,-4
47795.jpg,1969,1968,-1
47800.jpg,1969,1971,2
47805.jpg,1969,1930,-39
47810.jpg,1969,1959,-10
47815.jpg,1969,1996,27
47820.jpg,1969,1933,-36
47825.jpg,1969,1977,8
47830.jpg,1969,1974,5
47835.jpg,1970,1969,-1
47840.jpg,1970,1964,-6
47845.jpg,1970,1928,-42
47850.jpg,1970,1908,-62
47855.jpg,1970,1953,-17
47860.jpg,1970,2010,40
47865.jpg,1970,1972,2
47870.jpg,1970,1973,3
47875.jpg,1970,1987,17
47880.jpg,1970,1994,24
47890.jpg,1970,2010,40
47895.jpg,1970,1971,1
47900.jpg,1970,1970,0
47905.jpg,1970,1960,-10
47910.jpg,1970,1960,-10
47915.jpg,1970,2007,37
47920.jpg,1970,1960,-10
47925.jpg,1970,1970,0
47930.jpg,1970,1982,12
47935.jpg,1970,1960,-10
47940.jpg,1970,1963,-7
47945.jpg,1970,1757,-213
47950.jpg,1970,1980,10
47955.jpg,1970,1976,6
47960.jpg,1970,1970,0
47965.jpg,1970,1980,10
47970.jpg,1970,1970,0
47975.jpg,1970,1964,-6
47980.jpg,1970,1752,-218
47985.jpg,1970,1971,1
47990.jpg,1970,1999,29
47995.jpg,1970,2008,38
48000.jpg,1971,1964,-7
48005.jpg,1971,1967,-4
48010.jpg,1971,1990,19
48020.jpg,1971,1980,9
48025.jpg,1971,1950,-21
48030.jpg,1971,2013,42
48035.jpg,1971,1970,-1
48040.jpg,1971,1994,23
48045.jpg,1971,1987,16
48050.jpg,1971,1967,-4
48065.jpg,1971,1965,-6
48070.jpg,1971,1972,1
48075.jpg,1971,1967,-4
48080.jpg,1971,1971,0
48085.jpg,1971,1966,-5
48090.jpg,1971,1972,1
48095.jpg,1971,1883,-88
48100.jpg,1971,2015,44
48105.jpg,1971,2013,42
48110.jpg,1971,1980,9
48115.jpg,1971,1970,-1
48120.jpg,1971,1990,19
48130.jpg,1971,2000,29
48135.jpg,1971,1987,16
48140.jpg,1971,1997,26
48145.jpg,1971,1998,27
48150.jpg,1971,1971,0
48155.jpg,1971,1972,1
48160.jpg,1971,1960,-11
48170.jpg,1971,1964,-7
48175.jpg,1971,1961,-10
48180.jpg,1972,1974,2
48185.jpg,1972,1960,-12
48190.jpg,1972,1984,12
48195.jpg,1972,2001,29
48200.jpg,1972,1970,-2
48205.jpg,1972,1974,2
48215.jpg,1972,1956,-16
48220.jpg,1972,1979,7
48225.jpg,1972,2005,33
48230.jpg,1972,1979,7
48235.jpg,1972,1972,0
48240.jpg,1972,1968,-4
48245.jpg,1972,1974,2
48250.jpg,1972,1992,20
48255.jpg,1972,1998,26
48260.jpg,1972,1963,-9
48265.jpg,1972,1977,5
48270.jpg,1972,1981,9
48275.jpg,1972,1929,-43
48280.jpg,1972,1936,-36
48285.jpg,1972,1939,-33
48290.jpg,1972,1916,-56
48295.jpg,1972,1972,0
48300.jpg,1972,1972,0
48305.jpg,1972,1960,-12
48310.jpg,1972,1972,0
48320.jpg,1972,1970,-2
48325.jpg,1972,1887,-85
48330.jpg,1972,1980,8
48335.jpg,1972,1974,2
48340.jpg,1972,1973,1
48345.jpg,1972,1984,12
48350.jpg,1972,1970,-2
48355.jpg,1972,1976,4
48360.jpg,1973,1960,-13
48365.jpg,1973,1986,13
48370.jpg,1973,1979,6
48375.jpg,1973,1960,-13
48380.jpg,1973,1980,7
48385.jpg,1973,2006,33
48390.jpg,1973,1972,-1
48395.jpg,1973,1964,-9
48400.jpg,1973,1964,-9
48405.jpg,1973,1962,-11
48410.jpg,1973,1966,-7
48415.jpg,1973,2015,42
48420.jpg,1973,1970,-3
48425.jpg,1973,1962,-11
48430.jpg,1973,1974,1
48435.jpg,1973,1967,-6
48440.jpg,1973,1972,-1
48445.jpg,1973,1975,2
48450.jpg,1973,1952,-21
48455.jpg,1973,1974,1
48465.jpg,1973,2023,50
48475.jpg,1973,1970,-3
48480.jpg,1973,1959,-14
48490.jpg,1973,1970,-3
48495.jpg,1973,1980,7
48500.jpg,1973,1890,-83
48505.jpg,1973,1970,-3
48510.jpg,1973,1977,4
48515.jpg,1973,1922,-51
48525.jpg,1973,1969,-4
48530.jpg,1974,1980,6
48535.jpg,1974,1971,-3
48540.jpg,1974,2014,40
48545.jpg,1974,1975,1
48550.jpg,1974,1970,-4
48555.jpg,1974,2008,34
48560.jpg,1974,1998,24
48565.jpg,1974,1981,7
48570.jpg,1974,2023,49
48575.jpg,1974,1980,6
48580.jpg,1974,1970,-4
48585.jpg,1974,1972,-2
48590.jpg,1974,1970,-4
48595.jpg,1974,1972,-2
48600.jpg,1974,1964,-10
48605.jpg,1974,1969,-5
48610.jpg,1974,2001,27
48615.jpg,1974,1964,-10
48620.jpg,1974,1971,-3
48625.jpg,1974,1964,-10
48630.jpg,1974,1989,15
48635.jpg,1974,1980,6
48640.jpg,1974,1938,-36
48650.jpg,1974,1964,-10
48670.jpg,1974,2000,26
48675.jpg,1974,1970,-4
48680.jpg,1974,1981,7
48685.jpg,1974,1980,6
48690.jpg,1974,2000,26
48695.jpg,1974,1868,-106
48700.jpg,1974,1978,4
48705.jpg,1974,1988,14
48710.jpg,1974,1985,11
48715.jpg,1974,1968,-6
48720.jpg,1974,2008,34
48725.jpg,1974,1880,-94
48735.jpg,1975,1994,19
48740.jpg,1975,1929,-46
48745.jpg,1975,1975,0
48750.jpg,1975,1968,-7
48755.jpg,1975,1967,-8
48760.jpg,1975,1981,6
48765.jpg,1975,2000,25
48770.jpg,1975,2010,35
48775.jpg,1975,1969,-6
48780.jpg,1975,1996,21
48785.jpg,1975,1970,-5
48790.jpg,1975,1988,13
48795.jpg,1975,2008,33
48800.jpg,1975,1975,0
48805.jpg,1975,1985,10
48810.jpg,1975,2010,35
48815.jpg,1975,1967,-8
48820.jpg,1975,1981,6
48825.jpg,1975,1984,9
48830.jpg,1975,1970,-5
48835.jpg,1975,2010,35
48840.jpg,1975,2014,39
48845.jpg,1975,2019,44
48850.jpg,1975,2000,25
48855.jpg,1975,1982,7
48860.jpg,1975,2008,33
48865.jpg,1975,1970,-5
48870.jpg,1975,1980,5
48875.jpg,1975,1978,3
48880.jpg,1975,2000,25
48885.jpg,1975,1984,9
48890.jpg,1975,1975,0
48895.jpg,1975,1971,-4
48900.jpg,1976,1920,-56
48905.jpg,1976,1974,-2
48910.jpg,1976,1962,-14
48915.jpg,1976,1950,-26
48920.jpg,1976,1976,0
48925.jpg,1976,1997,21
48930.jpg,1976,2013,37
48940.jpg,1976,1970,-6
48945.jpg,1976,1975,-1
48950.jpg,1976,2010,34
48955.jpg,1976,1965,-11
48960.jpg,1976,1970,-6
48965.jpg,1976,1970,-6
48970.jpg,1976,1973,-3
48975.jpg,1976,1993,17
48985.jpg,1976,2003,27
48990.jpg,1976,1865,-111
49000.jpg,1976,1560,-416
49020.jpg,1976,1976,0
49030.jpg,1976,1990,14
49035.jpg,1976,1992,16
49040.jpg,1976,1970,-6
49045.jpg,1976,1980,4
49050.jpg,1976,1985,9
49060.jpg,1976,1959,-17
49065.jpg,1976,1925,-51
49070.jpg,1976,1976,0
49075.jpg,1976,1700,-276
49080.jpg,1976,1976,0
49085.jpg,1976,1985,9
49090.jpg,1976,2010,34
49095.jpg,1977,1970,-7
49100.jpg,1977,1865,-112
49105.jpg,1977,1977,0
49110.jpg,1977,1959,-18
49115.jpg,1977,1974,-3
49120.jpg,1977,1977,0
49125.jpg,1977,1975,-2
49130.jpg,1977,1993,16
49135.jpg,1977,1967,-10
49140.jpg,1977,1970,-7
49145.jpg,1977,1976,-1
49150.jpg,1977,1962,-15
49155.jpg,1977,1970,-7
49160.jpg,1977,2002,25
49165.jpg,1977,1964,-13
49170.jpg,1977,1900,-77
49175.jpg,1977,1900,-77
49180.jpg,1977,1967,-10
49185.jpg,1977,2002,25
49190.jpg,1977,2011,34
49195.jpg,1977,1996,19
49205.jpg,1977,1977,0
49210.jpg,1977,1976,-1
49215.jpg,1977,1976,-1
49220.jpg,1977,2000,23
49225.jpg,1977,1971,-6
49230.jpg,1977,1960,-17
49235.jpg,1977,1977,0
49240.jpg,1977,1983,6
49250.jpg,1977,1983,6
49255.jpg,1977,1960,-17
49260.jpg,1978,1970,-8
49265.jpg,1978,1978,0
49270.jpg,1978,1960,-18
49280.jpg,1978,1914,-64
49285.jpg,1978,1967,-11
49290.jpg,1978,1914,-64
49295.jpg,1978,2011,33
49305.jpg,1978,1965,-13
49310.jpg,1978,2010,32
49315.jpg,1978,1979,1
49320.jpg,1978,1963,-15
49325.jpg,1978,1964,-14
49330.jpg,1978,2010,32
49335.jpg,1978,1988,10
49340.jpg,1978,1910,-68
49345.jpg,1978,1995,17
49350.jpg,1978,1977,-1
49355.jpg,1978,2000,22
49360.jpg,1978,1976,-2
49365.jpg,1978,2012,34
49370.jpg,1978,1978,0
49375.jpg,1978,1980,2
49385.jpg,1978,2000,22
49390.jpg,1978,1970,-8
49395.jpg,1978,1930,-48
49400.jpg,1978,1970,-8
49405.jpg,1979,1957,-22
49410.jpg,1979,1980,1
49415.jpg,1979,1975,-4
49420.jpg,1979,1998,19
49425.jpg,1979,2006,27
49430.jpg,1979,2014,35
49435.jpg,1979,1972,-7
49440.jpg,1979,1972,-7
49445.jpg,1979,1989,10
49450.jpg,1979,1980,1
49455.jpg,1979,1976,-3
49460.jpg,1979,2002,23
49465.jpg,1979,1930,-49
49470.jpg,1979,1983,4
49475.jpg,1979,1982,3
49480.jpg,1979,1900,-79
49485.jpg,1979,1934,-45
49490.jpg,1979,1970,-9
49495.jpg,1979,1800,-179
49500.jpg,1979,2000,21
49505.jpg,1979,2000,21
49510.jpg,1979,1970,-9
49515.jpg,1979,1979,0
49525.jpg,1979,2000,21
49530.jpg,1979,1980,1
49535.jpg,1979,1973,-6
49540.jpg,1979,2000,21
49545.jpg,1979,1970,-9
49550.jpg,1979,2015,36
49555.jpg,1979,1997,18
49560.jpg,1979,1972,-7
49565.jpg,1980,1976,-4
49570.jpg,1980,1880,-100
49585.jpg,1980,1913,-67
49590.jpg,1980,1981,1
49595.jpg,1980,1983,3
49600.jpg,1980,1965,-15
49605.jpg,1980,1920,-60
49610.jpg,1980,1980,0
49615.jpg,1980,2000,20
49620.jpg,1980,1965,-15
49625.jpg,1980,1925,-55
49630.jpg,1980,2002,22
49635.jpg,1980,1980,0
49640.jpg,1980,1833,-147
49645.jpg,1980,1988,8
49650.jpg,1980,2013,33
49655.jpg,1980,1970,-10
49660.jpg,1980,1975,-5
49665.jpg,1980,1987,7
49675.jpg,1980,1990,10
49680.jpg,1980,1976,-4
49685.jpg,1980,2000,20
49690.jpg,1980,1997,17
49695.jpg,1980,1976,-4
49700.jpg,1980,1988,8
49705.jpg,1980,1982,2
49710.jpg,1981,2008,27
49715.jpg,1981,1979,-2
49720.jpg,1981,2012,31
49725.jpg,1981,1970,-11
49735.jpg,1981,1955,-26
49740.jpg,1981,1974,-7
49745.jpg,1981,1975,-6
49750.jpg,1981,2007,26
49755.jpg,1981,1983,2
49760.jpg,1981,1983,2
49770.jpg,1981,1972,-9
49775.jpg,1981,1955,-26
49780.jpg,1981,1985,4
49785.jpg,1981,1935,-46
49790.jpg,1981,2000,19
49795.jpg,1981,1980,-1
49800.jpg,1981,1985,4
49805.jpg,1981,1970,-11
49810.jpg,1981,1984,3
49815.jpg,1981,1964,-17
49820.jpg,1981,1874,-107
49825.jpg,1981,1990,9
49830.jpg,1981,1981,0
49835.jpg,1981,1974,-7
49840.jpg,1981,1890,-91
49845.jpg,1981,1994,13
49850.jpg,1981,2012,31
49860.jpg,1981,1970,-11
49865.jpg,1981,2002,21
49875.jpg,1981,1970,-11
49880.jpg,1981,2000,19
49885.jpg,1981,1981,0
49890.jpg,1981,1970,-11
49895.jpg,1981,1975,-6
49900.jpg,1981,1905,-76
49905.jpg,1981,1979,-2
49910.jpg,1981,1985,4
49915.jpg,1981,1987,6
49920.jpg,1982,2012,30
49925.jpg,1982,2023,41
49930.jpg,1982,1966,-16
49935.jpg,1982,1914,-68
49940.jpg,1982,1973,-9
49945.jpg,1982,1975,-7
49950.jpg,1982,2010,28
49955.jpg,1982,1977,-5
49960.jpg,1982,1972,-10
49965.jpg,1982,1977,-5
49975.jpg,1982,1976,-6
49980.jpg,1982,2010,28
49985.jpg,1982,1986,4
49990.jpg,1982,1985,3
49995.jpg,1982,1982,0
50000.jpg,1982,2004,22
50005.jpg,1982,1972,-10
50010.jpg,1982,1982,0
50015.jpg,1982,1982,0
50020.jpg,1982,1983,1
50025.jpg,1982,1980,-2
50030.jpg,1982,1985,3
50035.jpg,1982,1982,0
50040.jpg,1982,1976,-6
50045.jpg,1982,1970,-12
50050.jpg,1982,1974,-8
50055.jpg,1982,1982,0
50060.jpg,1982,1980,-2
50065.jpg,1982,1860,-122
50070.jpg,1982,1972,-10
50075.jpg,1982,1960,-22
50080.jpg,1982,1897,-85
50095.jpg,1982,1929,-53
50100.jpg,1982,1700,-282
50105.jpg,1982,1970,-12
50110.jpg,1982,1890,-92
50115.jpg,1982,1986,4
50120.jpg,1982,1983,1
50145.jpg,1982,1925,-57
50150.jpg,1982,1975,-7
50155.jpg,1982,1982,0
50160.jpg,1983,1850,-133
50165.jpg,1983,1980,-3
50170.jpg,1983,2023,40
50175.jpg,1983,1950,-33
50185.jpg,1983,1920,-63
50190.jpg,1983,1965,-18
50195.jpg,1983,1966,-17
50200.jpg,1983,1962,-21
50205.jpg,1983,1985,2
50210.jpg,1983,1983,0
50220.jpg,1983,1984,1
50225.jpg,1983,1970,-13
50230.jpg,1983,1983,0
50235.jpg,1983,1986,3
50240.jpg,1983,1987,4
50245.jpg,1983,1982,-1
50250.jpg,1983,1980,-3
50255.jpg,1983,1983,0
50260.jpg,1983,1982,-1
50270.jpg,1983,1973,-10
50275.jpg,1983,1967,-16
50280.jpg,1983,2000,17
50285.jpg,1983,1992,9
50290.jpg,1983,2004,21
50295.jpg,1983,1976,-7
50300.jpg,1983,1978,-5
50305.jpg,1983,1959,-24
50310.jpg,1983,1983,0
50315.jpg,1983,1890,-93
50320.jpg,1983,1986,3
50325.jpg,1983,1900,-83
50330.jpg,1983,1960,-23
50335.jpg,1983,1970,-13
50340.jpg,1983,2000,17
50345.jpg,1983,1973,-10
50350.jpg,1983,1980,-3
50355.jpg,1983,1926,-57
50360.jpg,1983,1984,1
50365.jpg,1983,1963,-20
50370.jpg,1983,1988,5
50375.jpg,1983,1960,-23
50380.jpg,1983,2005,22
50385.jpg,1983,1978,-5
50390.jpg,1984,1970,-14
50395.jpg,1984,1963,-21
50400.jpg,1984,1995,11
50405.jpg,1984,1974,-10
50410.jpg,1984,1996,12
50415.jpg,1984,1998,14
50420.jpg,1984,1994,10
50425.jpg,1984,1950,-34
50430.jpg,1984,1957,-27
50435.jpg,1984,1966,-18
50440.jpg,1984,1963,-21
50445.jpg,1984,1983,-1
50450.jpg,1984,2004,20
50455.jpg,1984,2002,18
50465.jpg,1984,1981,-3
50470.jpg,1984,1986,2
50475.jpg,1984,2004,20
50480.jpg,1984,1984,0
50485.jpg,1984,1976,-8
50490.jpg,1984,1920,-64
50495.jpg,1984,1982,-2
50500.jpg,1984,1925,-59
50505.jpg,1984,1974,-10
50515.jpg,1984,2010,26
50520.jpg,1984,1929,-55
50525.jpg,1984,1997,13
50530.jpg,1984,1990,6
50535.jpg,1984,1930,-54
50540.jpg,1984,1989,5
50545.jpg,1984,1985,1
50550.jpg,1984,1990,6
50555.jpg,1984,1984,0
50560.jpg,1984,1974,-10
50565.jpg,1984,1970,-14
50570.jpg,1984,1968,-16
50575.jpg,1984,1932,-52
50580.jpg,1985,1820,-165
50585.jpg,1985,1986,1
50595.jpg,1985,1980,-5
50600.jpg,1985,1995,10
50605.jpg,1985,2013,28
50610.jpg,1985,2000,15
50615.jpg,1985,1998,13
50620.jpg,1985,1987,2
50630.jpg,1985,1983,-2
50635.jpg,1985,1985,0
50640.jpg,1985,1987,2
50645.jpg,1985,1991,6
50650.jpg,1985,1980,-5
50655.jpg,1985,1973,-12
50660.jpg,1985,1982,-3
50665.jpg,1985,1985,0
50670.jpg,1985,1980,-5
50675.jpg,1985,1967,-18
50680.jpg,1985,1974,-11
50685.jpg,1985,1972,-13
50690.jpg,1985,2014,29
50695.jpg,1985,1997,12
50700.jpg,1985,1974,-11
50705.jpg,1985,1920,-65
50710.jpg,1985,1850,-135
50715.jpg,1985,1993,8
50720.jpg,1985,1890,-95
50730.jpg,1985,1996,11
50735.jpg,1985,2000,15
50740.jpg,1985,1980,-5
50745.jpg,1985,1990,5
50750.jpg,1985,1990,5
50755.jpg,1985,2000,15
50760.jpg,1985,1980,-5
50765.jpg,1985,1984,-1
50770.jpg,1985,1985,0
50775.jpg,1985,1975,-10
50780.jpg,1986,1986,0
50785.jpg,1986,1969,-17
50790.jpg,1986,1930,-56
50795.jpg,1986,1988,2
50800.jpg,1986,1979,-7
50805.jpg,1986,1980,-6
50810.jpg,1986,1985,-1
50815.jpg,1986,1980,-6
50820.jpg,1986,1983,-3
50830.jpg,1986,1987,1
50835.jpg,1986,1987,1
50840.jpg,1986,1997,11
50845.jpg,1986,1986,0
50850.jpg,1986,1981,-5
50855.jpg,1986,1988,2
50860.jpg,1986,1977,-9
50865.jpg,1986,1890,-96
50870.jpg,1986,1980,-6
50885.jpg,1986,1980,-6
50890.jpg,1986,1985,-1
50895.jpg,1986,2000,14
50900.jpg,1986,1949,-37
50905.jpg,1986,1987,1
50910.jpg,1986,1989,3
50915.jpg,1986,1985,-1
50920.jpg,1986,1942,-44
50925.jpg,1986,1751,-235
50930.jpg,1986,1982,-4
50935.jpg,1986,1964,-22
50940.jpg,1986,1940,-46
50945.jpg,1986,1999,13
50950.jpg,1986,1986,0
50955.jpg,1986,1986,0
50960.jpg,1986,1986,0
50965.jpg,1986,1980,-6
50970.jpg,1986,1999,13
50975.jpg,1986,1993,7
50980.jpg,1986,1986,0
50985.jpg,1986,1958,-28
50990.jpg,1987,1750,-237
50995.jpg,1987,1987,0
51000.jpg,1987,1975,-12
51010.jpg,1987,1991,4
51015.jpg,1987,1964,-23
51020.jpg,1987,1990,3
51025.jpg,1987,1999,12
51030.jpg,1987,1980,-7
51035.jpg,1987,2020,33
51040.jpg,1987,1960,-27
51045.jpg,1987,1972,-15
51050.jpg,1987,1990,3
51055.jpg,1987,1988,1
51060.jpg,1987,1983,-4
51065.jpg,1987,2005,18
51070.jpg,1987,1972,-15
51075.jpg,1987,1984,-3
51080.jpg,1987,1987,0
51085.jpg,1987,1924,-63
51090.jpg,1987,1980,-7
51095.jpg,1987,1980,-7
51100.jpg,1987,1991,4
51105.jpg,1987,1995,8
51110.jpg,1987,1988,1
51115.jpg,1987,1997,10
51120.jpg,1987,2023,36
51125.jpg,1987,1737,-250
51130.jpg,1987,1900,-87
51135.jpg,1987,1988,1
51140.jpg,1987,1985,-2
51145.jpg,1987,1976,-11
51155.jpg,1987,1979,-8
51165.jpg,1987,1990,3
51170.jpg,1987,1925,-62
51175.jpg,1987,1999,12
51180.jpg,1987,2010,23
51200.jpg,1988,1970,-18
51205.jpg,1988,1999,11
51210.jpg,1988,1970,-18
51215.jpg,1988,2000,12
51220.jpg,1988,2000,12
51225.jpg,1988,1970,-18
51240.jpg,1988,1964,-24
51245.jpg,1988,1988,0
51250.jpg,1988,1980,-8
51255.jpg,1988,1988,0
51260.jpg,1988,1972,-16
51265.jpg,1988,1987,-1
51270.jpg,1988,1995,7
51275.jpg,1988,1965,-23
51280.jpg,1988,1988,0
51285.jpg,1988,1990,2
51290.jpg,1988,1982,-6
51295.jpg,1988,1983,-5
51300.jpg,1988,1970,-18
51305.jpg,1988,1970,-18
51310.jpg,1988,1982,-6
51315.jpg,1988,1990,2
51320.jpg,1988,1990,2
51330.jpg,1988,1850,-138
51335.jpg,1988,1884,-104
51340.jpg,1988,1980,-8
51345.jpg,1988,1900,-88
51350.jpg,1988,1924,-64
51355.jpg,1988,1977,-11
51360.jpg,1988,1988,0
51365.jpg,1988,1990,2
51370.jpg,1988,1980,-8
51375.jpg,1988,1988,0
51380.jpg,1988,1980,-8
51385.jpg,1988,1972,-16
51390.jpg,1988,1956,-32
51395.jpg,1988,1970,-18
51400.jpg,1988,1976,-12
51405.jpg,1988,1981,-7
51410.jpg,1989,1984,-5
51415.jpg,1989,1996,7
51420.jpg,1989,1973,-16
51425.jpg,1989,2014,25
51430.jpg,1989,2018,29
51435.jpg,1989,1970,-19
51440.jpg,1989,1926,-63
51445.jpg,1989,1995,6
51455.jpg,1989,1960,-29
51460.jpg,1989,1980,-9
51470.jpg,1989,1988,-1
51475.jpg,1989,1990,1
51480.jpg,1989,1987,-2
51485.jpg,1989,1931,-58
51490.jpg,1989,1985,-4
51495.jpg,1989,2006,17
51500.jpg,1989,1981,-8
51505.jpg,1989,1994,5
51510.jpg,1989,1983,-6
51515.jpg,1989,1988,-1
51520.jpg,1989,1985,-4
51525.jpg,1989,1930,-59
51530.jpg,1989,1970,-19
51535.jpg,1989,1961,-28
51540.jpg,1989,1983,-6
51545.jpg,1989,1934,-55
51550.jpg,1989,1920,-69
51555.jpg,1989,2000,11
51560.jpg,1989,1962,-27
51565.jpg,1989,1902,-87
51575.jpg,1989,1990,1
51580.jpg,1989,1547,-442
51585.jpg,1989,1998,9
51590.jpg,1989,2000,11
51595.jpg,1989,1997,8
51600.jpg,1989,2010,21
51605.jpg,1990,1892,-98
51610.jpg,1990,1985,-5
51615.jpg,1990,1990,0
51620.jpg,1990,2001,11
51625.jpg,1990,1997,7
51630.jpg,1990,2007,17
51635.jpg,1990,1950,-40
51640.jpg,1990,1983,-7
51645.jpg,1990,1992,2
51650.jpg,1990,1955,-35
51655.jpg,1990,1990,0
51660.jpg,1990,1988,-2
51670.jpg,1990,1987,-3
51675.jpg,1990,1998,8
51680.jpg,1990,1988,-2
51685.jpg,1990,1987,-3
51690.jpg,1990,1989,-1
51695.jpg,1990,1982,-8
51700.jpg,1990,1981,-9
51705.jpg,1990,1990,0
51710.jpg,1990,1991,1
51715.jpg,1990,1960,-30
51720.jpg,1990,1980,-10
51725.jpg,1990,2009,19
51730.jpg,1990,2001,11
51735.jpg,1990,1970,-20
51740.jpg,1990,1986,-4
51745.jpg,1990,2009,19
51755.jpg,1990,1973,-17
51760.jpg,1990,1920,-70
51765.jpg,1990,1879,-111
51770.jpg,1990,1993,3
51775.jpg,1990,1986,-4
51780.jpg,1990,1980,-10
51785.jpg,1990,1912,-78
51795.jpg,1990,2023,33
51805.jpg,1990,1986,-4
51810.jpg,1990,2007,17
51815.jpg,1990,2007,17
51820.jpg,1990,1988,-2
51825.jpg,1990,1990,0
51830.jpg,1990,1970,-20
51840.jpg,1991,1850,-141
51845.jpg,1991,1992,1
51850.jpg,1991,1993,2
51860.jpg,1991,2008,17
51865.jpg,1991,1997,6
51870.jpg,1991,1968,-23
51875.jpg,1991,1998,7
51885.jpg,1991,1997,6
51890.jpg,1991,1972,-19
51895.jpg,1991,1970,-21
51905.jpg,1991,1931,-60
51910.jpg,1991,1992,1
51920.jpg,1991,2000,9
51925.jpg,1991,1990,-1
51930.jpg,1991,1989,-2
51935.jpg,1991,1989,-2
51940.jpg,1991,1992,1
51945.jpg,1991,1990,-1
51950.jpg,1991,1970,-21
51955.jpg,1991,1965,-26
51960.jpg,1991,2008,17
51965.jpg,1991,1970,-21
51970.jpg,1991,1968,-23
51975.jpg,1991,1964,-27
51980.jpg,1991,1999,8
51985.jpg,1991,1927,-64
51990.jpg,1991,1980,-11
51995.jpg,1991,1970,-21
52000.jpg,1991,1910,-81
52015.jpg,1991,1998,7
52020.jpg,1991,1985,-6
52025.jpg,1991,1991,0
52035.jpg,1991,1990,-1
52040.jpg,1991,1980,-11
52045.jpg,1991,2017,26
52060.jpg,1991,1985,-6
52065.jpg,1992,2000,8
52070.jpg,1992,2012,20
52075.jpg,1992,1956,-36
52080.jpg,1992,1998,6
52085.jpg,1992,1992,0
52090.jpg,1992,2004,12
52095.jpg,1992,1992,0
52100.jpg,1992,1991,-1
52105.jpg,1992,1998,6
52110.jpg,1992,1993,1
52115.jpg,1992,1970,-22
52120.jpg,1992,1963,-29
52125.jpg,1992,2002,10
52130.jpg,1992,1992,0
52135.jpg,1992,1992,0
52140.jpg,1992,2000,8
52145.jpg,1992,1965,-27
52150.jpg,1992,1985,-7
52155.jpg,1992,2004,12
52160.jpg,1992,1975,-17
52165.jpg,1992,1982,-10
52170.jpg,1992,1984,-8
52175.jpg,1992,1990,-2
52180.jpg,1992,1988,-4
52185.jpg,1992,1990,-2
52190.jpg,1992,2001,9
52195.jpg,1992,2007,15
52200.jpg,1992,1992,0
52205.jpg,1992,1972,-20
52210.jpg,1992,1904,-88
52215.jpg,1992,1987,-5
52220.jpg,1992,1963,-29
52225.jpg,1992,1900,-92
52230.jpg,1992,1800,-192
52235.jpg,1992,1908,-84
52240.jpg,1992,2000,8
52245.jpg,1992,1980,-12
52250.jpg,1992,1989,-3
52260.jpg,1992,1971,-21
52270.jpg,1993,2008,15
52275.jpg,1993,1989,-4
52280.jpg,1993,1925,-68
52285.jpg,1993,1984,-9
52290.jpg,1993,1964,-29
52300.jpg,1993,1995,2
52305.jpg,1993,1990,-3
52310.jpg,1993,2002,9
52315.jpg,1993,1988,-5
52320.jpg,1993,2000,7
52325.jpg,1993,1970,-23
52335.jpg,1993,1997,4
52340.jpg,1993,1995,2
52345.jpg,1993,2004,11
52350.jpg,1993,1995,2
52355.jpg,1993,2000,7
52360.jpg,1993,2002,9
52365.jpg,1993,1978,-15
52370.jpg,1993,1990,-3
52375.jpg,1993,1993,0
52380.jpg,1993,1982,-11
52385.jpg,1993,1993,0
52390.jpg,1993,1978,-15
52395.jpg,1993,1981,-12
52400.jpg,1993,1981,-12
52405.jpg,1993,1996,3
52410.jpg,1993,2011,18
52415.jpg,1993,1966,-27
52420.jpg,1993,1997,4
52425.jpg,1993,1890,-103
52430.jpg,1993,1997,4
52435.jpg,1993,1980,-13
52440.jpg,1993,2000,7
52445.jpg,1993,2000,7
52450.jpg,1993,1916,-77
52455.jpg,1993,2009,16
52460.jpg,1993,1996,3
52465.jpg,1993,1962,-31
52475.jpg,1994,2009,15
52480.jpg,1994,1970,-24
52485.jpg,1994,1996,2
52490.jpg,1994,1970,-24
52495.jpg,1994,1998,4
52505.jpg,1994,1994,0
52510.jpg,1994,1994,0
52515.jpg,1994,1990,-4
52525.jpg,1994,1993,-1
52530.jpg,1994,1990,-4
52535.jpg,1994,1993,-1
52540.jpg,1994,1994,0
52545.jpg,1994,1997,3
52550.jpg,1994,2000,6
52555.jpg,1994,1990,-4
52560.jpg,1994,1935,-59
52570.jpg,1994,1970,-24
52575.jpg,1994,2004,10
52580.jpg,1994,1973,-21
52585.jpg,1994,1998,4
52590.jpg,1994,2008,14
52595.jpg,1994,1910,-84
52600.jpg,1994,1938,-56
52605.jpg,1994,1600,-394
52610.jpg,1994,1999,5
52615.jpg,1994,1872,-122
52620.jpg,1994,2010,16
52625.jpg,1994,2000,6
52630.jpg,1994,1976,-18
52635.jpg,1994,2000,6
52640.jpg,1994,1987,-7
52645.jpg,1994,1970,-24
52650.jpg,1995,2003,8
52655.jpg,1995,1970,-25
52660.jpg,1995,2010,15
52665.jpg,1995,1995,0
52670.jpg,1995,1999,4
52675.jpg,1995,1973,-22
52680.jpg,1995,2008,13
52685.jpg,1995,1995,0
52690.jpg,1995,1985,-10
52695.jpg,1995,2003,8
52700.jpg,1995,2003,8
52705.jpg,1995,1914,-81
52710.jpg,1995,1999,4
52715.jpg,1995,2003,8
52720.jpg,1995,1974,-21
52725.jpg,1995,2000,5
52730.jpg,1995,2005,10
52735.jpg,1995,2003,8
52740.jpg,1995,1976,-19
52745.jpg,1995,1996,1
52750.jpg,1995,1998,3
52755.jpg,1995,2000,5
52760.jpg,1995,1995,0
52765.jpg,1995,1971,-24
52770.jpg,1995,2000,5
52775.jpg,1995,1993,-2
52785.jpg,1995,2010,15
52790.jpg,1995,1850,-145
52795.jpg,1995,2004,9
52800.jpg,1995,1870,-125
52805.jpg,1995,1995,0
52810.jpg,1995,2006,11
52815.jpg,1995,1934,-61
52820.jpg,1995,1988,-7
52825.jpg,1995,2000,5
52830.jpg,1995,1993,-2
52835.jpg,1995,1400,-595
52840.jpg,1995,1250,-745
52845.jpg,1996,1997,1
52850.jpg,1996,1996,0
52855.jpg,1996,2000,4
52860.jpg,1996,1991,-5
52865.jpg,1996,2000,4
52870.jpg,1996,2008,12
52875.jpg,1996,1950,-46
52880.jpg,1996,1920,-76
52885.jpg,1996,2000,4
52890.jpg,1996,1993,-3
52895.jpg,1996,1996,0
52900.jpg,1996,1996,0
52905.jpg,1996,1996,0
52910.jpg,1996,1996,0
52915.jpg,1996,1999,3
52920.jpg,1996,1990,-6
52925.jpg,1996,2013,17
52935.jpg,1996,1988,-8
52940.jpg,1996,1951,-45
52945.jpg,1996,1926,-70
52950.jpg,1996,1935,-61
52955.jpg,1996,2000,4
52960.jpg,1996,1990,-6
52965.jpg,1996,1990,-6
52970.jpg,1996,1942,-54
52980.jpg,1996,2004,8
52985.jpg,1997,1850,-147
52990.jpg,1997,1964,-33
52995.jpg,1997,1937,-60
53000.jpg,1997,1997,0
53005.jpg,1997,1950,-47
53010.jpg,1997,2006,9
53015.jpg,1997,1975,-22
53020.jpg,1997,1996,-1
53025.jpg,1997,2002,5
53030.jpg,1997,2000,3
53035.jpg,1997,2007,10
53040.jpg,1997,1990,-7
53045.jpg,1997,2000,3
53050.jpg,1997,1999,2
53055.jpg,1997,2009,12
53060.jpg,1997,2003,6
53065.jpg,1997,1982,-15
53070.jpg,1997,1992,-5
53075.jpg,1997,2000,3
53080.jpg,1997,2000,3
53085.jpg,1997,1980,-17
53090.jpg,1997,1895,-102
53095.jpg,1997,2000,3
53100.jpg,1997,1996,-1
53105.jpg,1997,2000,3
53110.jpg,1997,2010,13
53115.jpg,1997,1998,1
53120.jpg,1997,2000,3
53125.jpg,1997,2009,12
53130.jpg,1997,1968,-29
53135.jpg,1997,1990,-7
53140.jpg,1997,1974,-23
53145.jpg,1997,1920,-77
53150.jpg,1997,2014,17
53155.jpg,1997,1806,-191
53165.jpg,1997,1997,0
53170.jpg,1997,1995,-2
53175.jpg,1997,1980,-17
53180.jpg,1997,2000,3
53185.jpg,1997,1980,-17
53190.jpg,1997,1980,-17
53195.jpg,1997,1609,-388
53200.jpg,1997,2000,3
53205.jpg,1997,1990,-7
53210.jpg,1997,2006,9
53215.jpg,1997,1926,-71
53220.jpg,1997,2000,3
53225.jpg,1997,2012,15
53230.jpg,1997,1972,-25
53235.jpg,1998,1913,-85
53240.jpg,1998,1985,-13
53245.jpg,1998,1950,-48
53250.jpg,1998,2000,2
53255.jpg,1998,1995,-3
53260.jpg,1998,2005,7
53265.jpg,1998,1958,-40
53270.jpg,1998,2003,5
53275.jpg,1998,2013,15
53280.jpg,1998,1990,-8
53285.jpg,1998,1998,0
53290.jpg,1998,1998,0
53300.jpg,1998,1970,-28
53305.jpg,1998,1990,-8
53310.jpg,1998,1999,1
53315.jpg,1998,1992,-6
53325.jpg,1998,1983,-15
53330.jpg,1998,2005,7
53335.jpg,1998,2000,2
53340.jpg,1998,1996,-2
53345.jpg,1998,2003,5
53350.jpg,1998,1980,-18
53355.jpg,1998,1990,-8
53365.jpg,1998,2000,2
53370.jpg,1998,2001,3
53375.jpg,1998,2002,4
53380.jpg,1998,1974,-24
53385.jpg,1998,1720,-278
53390.jpg,1998,1820,-178
53395.jpg,1998,2004,6
53400.jpg,1998,1900,-98
53405.jpg,1998,2006,8
53410.jpg,1998,1999,1
53415.jpg,1998,1980,-18
53420.jpg,1998,1998,0
53425.jpg,1998,1996,-2
53435.jpg,1998,1978,-20
53440.jpg,1998,1980,-18
53445.jpg,1998,2011,13
53450.jpg,1998,1970,-28
53455.jpg,1999,1743,-256
53460.jpg,1999,1998,-1
53465.jpg,1999,2013,14
53470.jpg,1999,1913,-86
53475.jpg,1999,2000,1
53480.jpg,1999,2006,7
53485.jpg,1999,1994,-5
53490.jpg,1999,1995,-4
53495.jpg,1999,2000,1
53505.jpg,1999,1995,-4
53510.jpg,1999,2001,2
53515.jpg,1999,2010,11
53520.jpg,1999,2003,4
53525.jpg,1999,2000,1
53530.jpg,1999,2000,1
53535.jpg,1999,2000,1
53540.jpg,1999,1991,-8
53545.jpg,1999,2004,5
53550.jpg,1999,1996,-3
53555.jpg,1999,1957,-42
53560.jpg,1999,1983,-16
53565.jpg,1999,1999,0
53570.jpg,1999,1987,-12
53575.jpg,1999,1971,-28
53580.jpg,1999,1990,-9
53585.jpg,1999,2000,1
53590.jpg,1999,1980,-19
53595.jpg,1999,2008,9
53600.jpg,1999,1990,-9
53605.jpg,1999,2008,9
53610.jpg,1999,2001,2
53615.jpg,1999,1950,-49
53620.jpg,1999,1901,-98
53625.jpg,1999,2000,1
53630.jpg,1999,2000,1
53635.jpg,1999,2000,1
53650.jpg,1999,2000,1
53655.jpg,1999,1999,0
53660.jpg,1999,2000,1
53665.jpg,1999,2007,8
53670.jpg,1999,2006,7
53675.jpg,1999,2003,4
53680.jpg,1999,1999,0
53685.jpg,1999,1910,-89
53690.jpg,2000,2000,0
53700.jpg,2000,2000,0
53705.jpg,2000,1970,-30
53710.jpg,2000,2007,7
53715.jpg,2000,2015,15
53720.jpg,2000,2000,0
53725.jpg,2000,1999,-1
53730.jpg,2000,1992,-8
53735.jpg,2000,2008,8
53740.jpg,2000,2000,0
53745.jpg,2000,2000,0
53755.jpg,2000,1990,-10
53760.jpg,2000,1988,-12
53765.jpg,2000,2009,9
53770.jpg,2000,1996,-4
53775.jpg,2000,1926,-74
53780.jpg,2000,2001,1
53785.jpg,2000,2009,9
53790.jpg,2000,1974,-26
53795.jpg,2000,1984,-16
53800.jpg,2000,1974,-26
53805.jpg,2000,2000,0
53810.jpg,2000,1999,-1
53815.jpg,2000,2006,6
53820.jpg,2000,2000,0
53830.jpg,2000,1930,-70
53835.jpg,2000,1999,-1
53840.jpg,2000,1999,-1
53845.jpg,2000,2010,10
53850.jpg,2000,1893,-107
53855.jpg,2000,2000,0
53860.jpg,2000,1999,-1
53865.jpg,2000,2000,0
53870.jpg,2000,2000,0
53875.jpg,2000,1990,-10
53880.jpg,2000,2002,2
53885.jpg,2000,2000,0
53890.jpg,2000,2000,0
53895.jpg,2000,2000,0
53905.jpg,2001,2008,7
53910.jpg,2001,2001,0
53915.jpg,2001,1914,-87
53920.jpg,2001,2000,-1
53925.jpg,2001,2010,9
53930.jpg,2001,2000,-1
53935.jpg,2001,1980,-21
53940.jpg,2001,1998,-3
53945.jpg,2001,2000,-1
53950.jpg,2001,0,-2001
53955.jpg,2001,2009,8
53960.jpg,2001,2003,2
53965.jpg,2001,1980,-21
53970.jpg,2001,2005,4
53975.jpg,2001,2002,1
53980.jpg,2001,2003,2
53985.jpg,2001,1980,-21
53990.jpg,2001,1967,-34
53995.jpg,2001,1890,-111
54000.jpg,2001,2004,3
54005.jpg,2001,1931,-70
54010.jpg,2001,2008,7
54015.jpg,2001,1981,-20
54020.jpg,2001,2001,0
54025.jpg,2001,1999,-2
54030.jpg,2001,2004,3
54035.jpg,2001,2015,14
54040.jpg,2001,2009,8
54045.jpg,2001,2000,-1
54050.jpg,2001,1977,-24
54055.jpg,2001,2000,-1
54060.jpg,2001,1976,-25
54065.jpg,2001,1926,-75
54070.jpg,2001,1960,-41
54075.jpg,2001,2010,9
54085.jpg,2001,2008,7
54090.jpg,2001,1996,-5
54095.jpg,2001,2000,-1
54100.jpg,2001,2000,-1
54105.jpg,2001,2001,0
54110.jpg,2001,2014,13
54120.jpg,2001,1999,-2
54125.jpg,2001,2000,-1
54130.jpg,2001,1959,-42
54135.jpg,2001,1989,-12
54140.jpg,2001,1992,-9
54145.jpg,2001,1980,-21
54150.jpg,2001,2008,7
54155.jpg,2001,1980,-21
54160.jpg,2001,2000,-1
54165.jpg,2001,1959,-42
54170.jpg,2001,2010,9
54180.jpg,2002,1930,-72
54185.jpg,2002,2004,2
54190.jpg,2002,1998,-4
54195.jpg,2002,2000,-2
54200.jpg,2002,1990,-12
54205.jpg,2002,1996,-6
54210.jpg,2002,1997,-5
54215.jpg,2002,2002,0
54220.jpg,2002,2004,2
54225.jpg,2002,1995,-7
54230.jpg,2002,2002,0
54235.jpg,2002,1999,-3
54240.jpg,2002,2001,-1
54245.jpg,2002,1999,-3
54250.jpg,2002,2010,8
54255.jpg,2002,1910,-92
54260.jpg,2002,2000,-2
54265.jpg,2002,2004,2
54270.jpg,2002,2016,14
54275.jpg,2002,1931,-71
54280.jpg,2002,2005,3
54285.jpg,2002,2008,6
54290.jpg,2002,1955,-47
54295.jpg,2002,1975,-27
54300.jpg,2002,2000,-2
54305.jpg,2002,1991,-11
54310.jpg,2002,2000,-2
54315.jpg,2002,1963,-39
54320.jpg,2002,1880,-122
54330.jpg,2002,1914,-88
54335.jpg,2002,1960,-42
54340.jpg,2002,2000,-2
54345.jpg,2002,2000,-2
54355.jpg,2002,2001,-1
54360.jpg,2002,2000,-2
54365.jpg,2002,1976,-26
54370.jpg,2002,2000,-2
54375.jpg,2002,2012,10
54385.jpg,2002,2005,3
54390.jpg,2002,2004,2
54395.jpg,2002,1997,-5
54400.jpg,2002,2002,0
54405.jpg,2003,2000,-3
54410.jpg,2003,2020,17
54415.jpg,2003,2015,12
54425.jpg,2003,2014,11
54430.jpg,2003,2003,0
54435.jpg,2003,2007,4
54440.jpg,2003,2009,6
54445.jpg,2003,2014,11
54450.jpg,2003,2003,0
54460.jpg,2003,2008,5
54465.jpg,2003,2003,0
54470.jpg,2003,2023,20
54475.jpg,2003,2003,0
54480.jpg,2003,2004,1
54485.jpg,2003,1996,-7
54490.jpg,2003,2003,0
54495.jpg,2003,2000,-3
54500.jpg,2003,2009,6
54505.jpg,2003,2000,-3
54510.jpg,2003,1961,-42
54515.jpg,2003,1951,-52
54520.jpg,2003,1903,-100
54525.jpg,2003,2012,9
54530.jpg,2003,1998,-5
54535.jpg,2003,2000,-3
54540.jpg,2003,1990,-13
54545.jpg,2003,1900,-103
54550.jpg,2003,2010,7
54555.jpg,2003,1580,-423
54560.jpg,2003,2011,8
54565.jpg,2003,1988,-15
54570.jpg,2003,1981,-22
54575.jpg,2003,2010,7
54580.jpg,2003,1960,-43
54585.jpg,2003,2000,-3
54590.jpg,2003,1999,-4
54595.jpg,2003,1994,-9
54600.jpg,2003,1980,-23
54605.jpg,2004,2008,4
54610.jpg,2004,2004,0
54620.jpg,2004,2005,1
54625.jpg,2004,2000,-4
54630.jpg,2004,2004,0
54635.jpg,2004,1997,-7
54640.jpg,2004,2016,12
54645.jpg,2004,1997,-7
54650.jpg,2004,2007,3
54655.jpg,2004,1976,-28
54660.jpg,2004,2005,1
54665.jpg,2004,1996,-8
54670.jpg,2004,2000,-4
54675.jpg,2004,2002,-2
54680.jpg,2004,2000,-4
54685.jpg,2004,2004,0
54690.jpg,2004,1876,-128
54695.jpg,2004,1930,-74
54700.jpg,2004,2012,8
54705.jpg,2004,2001,-3
54710.jpg,2004,1998,-6
54715.jpg,2004,2003,-1
54720.jpg,2004,2002,-2
54725.jpg,2004,2009,5
54730.jpg,2004,1994,-10
54735.jpg,2004,2010,6
54740.jpg,2004,2006,2
54745.jpg,2004,2004,0
54750.jpg,2004,1920,-84
54760.jpg,2004,2010,6
54770.jpg,2004,1980,-24
54775.jpg,2004,2000,-4
54780.jpg,2004,2005,1
54785.jpg,2004,1984,-20
54790.jpg,2004,1990,-14
54795.jpg,2004,2000,-4
54800.jpg,2004,2000,-4
54805.jpg,2004,2003,-1
54810.jpg,2004,1997,-7
54815.jpg,2004,2004,0
54820.jpg,2004,1975,-29
54825.jpg,2004,2012,8
54830.jpg,2004,2004,0
54835.jpg,2004,2008,4
54840.jpg,2004,2003,-1
54845.jpg,2005,1816,-189
54850.jpg,2005,1961,-44
54855.jpg,2005,2000,-5
54860.jpg,2005,2007,2
54865.jpg,2005,1913,-92
54870.jpg,2005,2007,2
54885.jpg,2005,1986,-19
54890.jpg,2005,1966,-39
54895.jpg,2005,2000,-5
54900.jpg,2005,1922,-83
54905.jpg,2005,2005,0
54910.jpg,2005,2000,-5
54915.jpg,2005,1980,-25
54925.jpg,2005,2014,9
54930.jpg,2005,1998,-7
54935.jpg,2005,1930,-75
54940.jpg,2005,1970,-35
54955.jpg,2005,2000,-5
54960.jpg,2005,2000,-5
54965.jpg,2005,2005,0
54970.jpg,2005,2009,4
54975.jpg,2005,2010,5
54980.jpg,2005,2009,4
54985.jpg,2005,2000,-5
54990.jpg,2005,1974,-31
54995.jpg,2005,1937,-68
55000.jpg,2005,1980,-25
55005.jpg,2005,2003,-2
55010.jpg,2005,1950,-55
55015.jpg,2005,2004,-1
55020.jpg,2005,2008,3
55025.jpg,2005,2000,-5
55030.jpg,2005,2000,-5
55035.jpg,2005,2007,2
55040.jpg,2005,1997,-8
55045.jpg,2005,2000,-5
55050.jpg,2005,2012,7
55055.jpg,2005,2000,-5
55060.jpg,2005,2011,6
55065.jpg,2005,1984,-21
55070.jpg,2005,1999,-6
55075.jpg,2005,2008,3
55080.jpg,2005,2010,5
55085.jpg,2005,2010,5
55090.jpg,2005,2010,5
55095.jpg,2005,2002,-3
55100.jpg,2005,2000,-5
55105.jpg,2005,1985,-20
55110.jpg,2005,2000,-5
55115.jpg,2005,2010,5
55120.jpg,2005,2000,-5
55125.jpg,2005,1975,-30
55130.jpg,2005,2007,2
55135.jpg,2006,2004,-2
55140.jpg,2006,2003,-3
55145.jpg,2006,1950,-56
55155.jpg,2006,2004,-2
55160.jpg,2006,2000,-6
55165.jpg,2006,2010,4
55170.jpg,2006,2008,2
55175.jpg,2006,2001,-5
55180.jpg,2006,1990,-16
55185.jpg,2006,1987,-19
55190.jpg,2006,2000,-6
55195.jpg,2006,2003,-3
55200.jpg,2006,2006,0
55210.jpg,2006,2007,1
55215.jpg,2006,2007,1
55220.jpg,2006,2010,4
55230.jpg,2006,2006,0
55235.jpg,2006,2006,0
55240.jpg,2006,2010,4
55245.jpg,2006,2000,-6
55250.jpg,2006,2000,-6
55255.jpg,2006,1969,-37
55265.jpg,2006,1990,-16
55270.jpg,2006,1913,-93
55275.jpg,2006,1930,-76
55280.jpg,2006,2000,-6
55285.jpg,2006,2008,2
55290.jpg,2006,1926,-80
55295.jpg,2006,2006,0
55300.jpg,2006,2005,-1
55305.jpg,2006,2000,-6
55310.jpg,2006,2000,-6
55315.jpg,2006,1987,-19
55320.jpg,2006,1980,-26
55325.jpg,2006,1970,-36
55330.jpg,2006,2000,-6
55335.jpg,2007,1850,-157
55340.jpg,2007,2007,0
55345.jpg,2007,2010,3
55355.jpg,2007,2008,1
55360.jpg,2007,2007,0
55365.jpg,2007,2007,0
55370.jpg,2007,2018,11
55380.jpg,2007,2021,14
55385.jpg,2007,1973,-34
55395.jpg,2007,1972,-35
55400.jpg,2007,2010,3
55405.jpg,2007,2013,6
55410.jpg,2007,2008,1
55415.jpg,2007,2003,-4
55420.jpg,2007,2008,1
55425.jpg,2007,2004,-3
55430.jpg,2007,2002,-5
55435.jpg,2007,1999,-8
55440.jpg,2007,2004,-3
55445.jpg,2007,1993,-14
55450.jpg,2007,1973,-34
55455.jpg,2007,2006,-1
55460.jpg,2007,1855,-152
55465.jpg,2007,2008,1
55475.jpg,2007,1937,-70
55480.jpg,2007,1950,-57
55485.jpg,2007,2012,5
55490.jpg,2007,1993,-14
55500.jpg,2007,1950,-57
55505.jpg,2007,2006,-1
55510.jpg,2007,2011,4
55515.jpg,2007,2007,0
55520.jpg,2007,2000,-7
55525.jpg,2007,1907,-100
55530.jpg,2007,2017,10
55535.jpg,2007,2008,1
55540.jpg,2007,1982,-25
55545.jpg,2007,2014,7
55550.jpg,2007,1982,-25
55555.jpg,2007,1986,-21
55560.jpg,2007,1988,-19
55565.jpg,2007,2010,3
55570.jpg,2007,2010,3
55575.jpg,2007,2007,0
55580.jpg,2007,2007,0
55585.jpg,2007,1990,-17
55590.jpg,2007,2007,0
55595.jpg,2007,1827,-180
55600.jpg,2007,1980,-27
55605.jpg,2007,1970,-37
55610.jpg,2008,1850,-158
55615.jpg,2008,1850,-158
55620.jpg,2008,2013,5
55625.jpg,2008,2008,0
55630.jpg,2008,2010,2
55635.jpg,2008,2014,6
55640.jpg,2008,1970,-38
55645.jpg,2008,2000,-8
55650.jpg,2008,1998,-10
55655.jpg,2008,2010,2
55660.jpg,2008,2010,2
55670.jpg,2008,2008,0
55675.jpg,2008,1995,-13
55685.jpg,2008,2003,-5
55690.jpg,2008,2019,11
55695.jpg,2008,2014,6
55705.jpg,2008,2010,2
55710.jpg,2008,2000,-8
55715.jpg,2008,1908,-100
55720.jpg,2008,1966,-42
55725.jpg,2008,2008,0
55730.jpg,2008,2008,0
55735.jpg,2008,2008,0
55740.jpg,2008,2000,-8
55745.jpg,2008,2010,2
55750.jpg,2008,2014,6
55755.jpg,2008,2009,1
55760.jpg,2008,2000,-8
55765.jpg,2008,1990,-18
55770.jpg,2008,1825,-183
55775.jpg,2008,1982,-26
55780.jpg,2008,2007,-1
55785.jpg,2008,2006,-2
55795.jpg,2008,2010,2
55800.jpg,2008,2000,-8
55805.jpg,2008,2005,-3
55810.jpg,2008,2000,-8
55815.jpg,2008,1997,-11
55820.jpg,2008,1959,-49
55825.jpg,2008,1984,-24
55830.jpg,2008,1993,-15
55835.jpg,2009,1968,-41
55845.jpg,2009,1996,-13
55850.jpg,2009,1992,-17
55870.jpg,2009,2015,6
55875.jpg,2009,2010,1
55880.jpg,2009,2010,1
55885.jpg,2009,1980,-29
55890.jpg,2009,2010,1
55895.jpg,2009,1995,-14
55900.jpg,2009,1970,-39
55905.jpg,2009,1922,-87
55910.jpg,2009,2005,-4
55915.jpg,2009,2007,-2
55920.jpg,2009,1956,-53
55925.jpg,2009,2009,0
55930.jpg,2009,1964,-45
55935.jpg,2009,2005,-4
55940.jpg,2009,2009,0
55945.jpg,2009,1890,-119
55950.jpg,2009,2008,-1
55955.jpg,2009,2008,-1
55960.jpg,2009,2008,-1
55965.jpg,2009,2009,0
55970.jpg,2009,2009,0
55975.jpg,2009,2016,7
55980.jpg,2009,2009,0
55985.jpg,2009,2000,-9
55990.jpg,2009,2000,-9
55995.jpg,2009,2009,0
56000.jpg,2009,2011,2
56005.jpg,2009,1910,-99
56010.jpg,2009,1874,-135
56015.jpg,2009,2007,-2
56020.jpg,2009,2000,-9
56025.jpg,2009,2010,1
56030.jpg,2009,2007,-2
56035.jpg,2009,2000,-9
56040.jpg,2009,2008,-1
56050.jpg,2009,2000,-9
56055.jpg,2009,2000,-9
56060.jpg,2009,1971,-38
56065.jpg,2009,1970,-39
56070.jpg,2009,1993,-16
56075.jpg,2009,1928,-81
56080.jpg,2010,2004,-6
56085.jpg,2010,2010,0
56090.jpg,2010,2010,0
56095.jpg,2010,1997,-13
56105.jpg,2010,2004,-6
56110.jpg,2010,2010,0
56115.jpg,2010,2010,0
56125.jpg,2010,2012,2
56130.jpg,2010,2000,-10
56135.jpg,2010,2000,-10
56140.jpg,2010,1998,-12
56145.jpg,2010,1996,-14
56150.jpg,2010,1990,-20
56155.jpg,2010,2000,-10
56165.jpg,2010,1930,-80
56170.jpg,2010,1925,-85
56175.jpg,2010,2010,0
56180.jpg,2010,2010,0
56185.jpg,2010,2008,-2
56190.jpg,2010,2000,-10
56195.jpg,2010,2010,0
56200.jpg,2010,2000,-10
56205.jpg,2010,2010,0
56210.jpg,2010,2008,-2
56215.jpg,2010,2001,-9
56220.jpg,2010,2000,-10
56225.jpg,2010,2012,2
56230.jpg,2010,1950,-60
56235.jpg,2010,1932,-78
56240.jpg,2010,2010,0
56245.jpg,2010,2000,-10
56250.jpg,2010,2002,-8
56255.jpg,2010,2000,-10
56260.jpg,2010,2011,1
56265.jpg,2010,2019,9
56270.jpg,2010,2023,13
56275.jpg,2010,1985,-25
56280.jpg,2010,1983,-27
56285.jpg,2010,2010,0
56290.jpg,2010,2000,-10
56295.jpg,2010,1972,-38
56300.jpg,2010,1986,-24
56310.jpg,2010,2016,6
56315.jpg,2011,2010,-1
56320.jpg,2011,1966,-45
56325.jpg,2011,2010,-1
56330.jpg,2011,2004,-7
56335.jpg,2011,2005,-6
56345.jpg,2011,1975,-36
56350.jpg,2011,1978,-33
56355.jpg,2011,1993,-18
56360.jpg,2011,2012,1
56365.jpg,2011,2010,-1
56370.jpg,2011,2011,0
56375.jpg,2011,2015,4
56380.jpg,2011,2014,3
56385.jpg,2011,2011,0
56390.jpg,2011,2006,-5
56395.jpg,2011,2009,-2
56400.jpg,2011,2004,-7
56405.jpg,2011,1992,-19
56410.jpg,2011,2006,-5
56415.jpg,2011,2010,-1
56420.jpg,2011,2010,-1
56425.jpg,2011,1939,-72
56430.jpg,2011,2002,-9
56440.jpg,2011,1979,-32
56450.jpg,2011,2006,-5
56455.jpg,2011,1750,-261
56460.jpg,2011,1973,-38
56465.jpg,2011,1998,-13
56470.jpg,2011,1913,-98
56475.jpg,2011,1943,-68
56480.jpg,2011,1964,-47
56485.jpg,2011,2000,-11
56495.jpg,2011,2015,4
56500.jpg,2011,2008,-3
56505.jpg,2011,2011,0
56510.jpg,2011,2000,-11
56515.jpg,2011,1930,-81
56520.jpg,2011,2012,1
56525.jpg,2011,1974,-37
56545.jpg,2012,1997,-15
56550.jpg,2012,2012,0
56555.jpg,2012,2004,-8
56560.jpg,2012,2008,-4
56565.jpg,2012,2021,9
56570.jpg,2012,1968,-44
56575.jpg,2012,2014,2
56585.jpg,2012,2006,-6
56590.jpg,2012,2003,-9
56600.jpg,2012,1977,-35
56605.jpg,2012,2014,2
56610.jpg,2012,2008,-4
56615.jpg,2012,2004,-8
56620.jpg,2012,1956,-56
56625.jpg,2012,1969,-43
56630.jpg,2012,2002,-10
56635.jpg,2012,1999,-13
56640.jpg,2012,2011,-1
56645.jpg,2012,2007,-5
56650.jpg,2012,2012,0
56655.jpg,2012,2008,-4
56660.jpg,2012,2000,-12
56665.jpg,2012,1895,-117
56670.jpg,2012,2012,0
56675.jpg,2012,2006,-6
56680.jpg,2012,2000,-12
56685.jpg,2012,2000,-12
56690.jpg,2012,2000,-12
56695.jpg,2012,2011,-1
56700.jpg,2012,2012,0
56705.jpg,2012,2013,1
56710.jpg,2012,1970,-42
56715.jpg,2012,1888,-124
56720.jpg,2013,2007,-6
56725.jpg,2013,2012,-1
56730.jpg,2013,1960,-53
56735.jpg,2013,2004,-9
56740.jpg,2013,1965,-48
56745.jpg,2013,2004,-9
56750.jpg,2013,2011,-2
56755.jpg,2013,2010,-3
56765.jpg,2013,2010,-3
56770.jpg,2013,2010,-3
56775.jpg,2013,2000,-13
56780.jpg,2013,2012,-1
56785.jpg,2013,2000,-13
56795.jpg,2013,2005,-8
56800.jpg,2013,1970,-43
56805.jpg,2013,2015,2
56810.jpg,2013,2010,-3
56820.jpg,2013,2002,-11
56825.jpg,2013,0,-2013
56845.jpg,2013,2000,-13
56850.jpg,2013,2010,-3
56855.jpg,2013,2012,-1
56860.jpg,2013,2011,-2
56865.jpg,2013,2016,3
56870.jpg,2013,2010,-3
56875.jpg,2013,1992,-21
56880.jpg,2013,2010,-3
56885.jpg,2013,2012,-1
56890.jpg,2013,2007,-6
56895.jpg,2013,1958,-55
56900.jpg,2014,2014,0
56905.jpg,2014,1667,-347
56910.jpg,2014,1895,-119
56915.jpg,2014,2010,-4
56920.jpg,2014,2016,2
56925.jpg,2014,2017,3
56930.jpg,2014,2014,0
56935.jpg,2014,2010,-4
56940.jpg,2014,2008,-6
56945.jpg,2014,2011,-3
56950.jpg,2014,2010,-4
56955.jpg,2014,1965,-49
56960.jpg,2014,2007,-7
56965.jpg,2014,2000,-14
56970.jpg,2014,1970,-44
56975.jpg,2014,1912,-102
56980.jpg,2014,1952,-62
56985.jpg,2014,2012,-2
56990.jpg,2014,2000,-14
56995.jpg,2014,2012,-2
57005.jpg,2014,2014,0
57010.jpg,2014,1974,-40
57015.jpg,2014,2020,6
57020.jpg,2014,2000,-14
57025.jpg,2014,2013,-1
57030.jpg,2014,2000,-14
57035.jpg,2014,2012,-2
57040.jpg,2014,2018,4
57045.jpg,2014,2010,-4
57050.jpg,2014,1959,-55
57055.jpg,2014,2004,-10
57060.jpg,2014,2000,-14
57065.jpg,2014,2014,0
57070.jpg,2014,2011,-3
57075.jpg,2015,1964,-51
57085.jpg,2015,1997,-18
57090.jpg,2015,2010,-5
57095.jpg,2015,2003,-12
57100.jpg,2015,2008,-7
57105.jpg,2015,2005,-10
57110.jpg,2015,2009,-6
57120.jpg,2015,2008,-7
57125.jpg,2015,2000,-15
57130.jpg,2015,2021,6
57135.jpg,2015,2006,-9
57140.jpg,2015,1997,-18
57145.jpg,2015,2016,1
57150.jpg,2015,2000,-15
57155.jpg,2015,2010,-5
57160.jpg,2015,1959,-56
57165.jpg,2015,2015,0
57170.jpg,2015,2000,-15
57175.jpg,2015,2000,-15
57180.jpg,2015,2010,-5
57185.jpg,2015,2010,-5
57195.jpg,2015,1983,-32
57200.jpg,2015,1928,-87
57205.jpg,2015,2008,-7
57210.jpg,2015,2013,-2
57215.jpg,2015,2008,-7
57220.jpg,2016,2003,-13
57225.jpg,2016,2016,0
57230.jpg,2016,1960,-56
57235.jpg,2016,2011,-5
57240.jpg,2016,2010,-6
57250.jpg,2016,2010,-6
57255.jpg,2016,2017,1
57270.jpg,2016,1963,-53
57275.jpg,2016,2000,-16
57280.jpg,2016,2007,-9
57285.jpg,2016,2016,0
57290.jpg,2016,2007,-9
57295.jpg,2016,2009,-7
57300.jpg,2016,2011,-5
57305.jpg,2016,2016,0
57310.jpg,2016,1877,-139
57315.jpg,2016,1962,-54
57320.jpg,2016,2013,-3
57325.jpg,2016,2000,-16
57330.jpg,2016,2020,4
57335.jpg,2016,2012,-4
57340.jpg,2016,2010,-6
57345.jpg,2016,1994,-22
57350.jpg,2016,2017,1
57355.jpg,2016,2010,-6
57360.jpg,2016,2008,-8
57365.jpg,2017,1983,-34
57370.jpg,2017,1996,-21
57375.jpg,2017,2014,-3
57385.jpg,2017,2017,0
57390.jpg,2017,2017,0
57395.jpg,2017,2008,-9
57400.jpg,2017,2000,-17
57415.jpg,2017,2017,0
57420.jpg,2017,1997,-20
57425.jpg,2017,2002,-15
57430.jpg,2017,2000,-17
57435.jpg,2017,1999,-18
57440.jpg,2017,2016,-1
57450.jpg,2017,2010,-7
57455.jpg,2017,2000,-17
57470.jpg,2017,2010,-7
57475.jpg,2017,2008,-9
57480.jpg,2018,2014,-4
57485.jpg,2018,2008,-10
57490.jpg,2018,2000,-18
57495.jpg,2018,2000,-18
57500.jpg,2018,1964,-54
57505.jpg,2018,2017,-1
57510.jpg,2018,2017,-1
57515.jpg,2018,2010,-8
57520.jpg,2018,2009,-9
57525.jpg,2018,1999,-19
57530.jpg,2018,2002,-16
57545.jpg,2018,2012,-6
57550.jpg,2018,2009,-9
57555.jpg,2018,2016,-2
57560.jpg,2018,2018,0
57565.jpg,2018,2000,-18
57570.jpg,2018,2012,-6
57575.jpg,2018,2010,-8
57585.jpg,2019,1975,-44
57595.jpg,2019,2023,4
57600.jpg,2019,1978,-41
57605.jpg,2019,2009,-10
57610.jpg,2019,2002,-17
57615.jpg,2019,2015,-4
57620.jpg,2019,2008,-11
57625.jpg,2019,2004,-15
57630.jpg,2019,1999,-20
57635.jpg,2019,2012,-7
57640.jpg,2019,2006,-13
57645.jpg,2019,2010,-9
57660.jpg,2019,1974,-45
57665.jpg,2019,2002,-17
57670.jpg,2020,1980,-40
57675.jpg,2020,2012,-8
57680.jpg,2020,1972,-48
57685.jpg,2020,2011,-9
57690.jpg,2020,2010,-10
57695.jpg,2020,2013,-7
57700.jpg,2020,1967,-53
57705.jpg,2020,2010,-10
57710.jpg,2020,2000,-20
57725.jpg,2020,2023,3
57730.jpg,2021,2015,-6
57735.jpg,2021,2021,0
57740.jpg,2021,2017,-4
57745.jpg,2021,2001,-20
57750.jpg,2021,2017,-4
57755.jpg,2021,1955,-66
57760.jpg,2021,2007,-14
57765.jpg,2021,2010,-11
57770.jpg,2021,2011,-10
57780.jpg,2021,2020,-1
57785.jpg,2021,2010,-11
57790.jpg,2021,2013,-8
57795.jpg,2021,2015,-6
57800.jpg,2021,2015,-6
57805.jpg,2022,2011,-11
57810.jpg,2022,2010,-12
57815.jpg,2022,2014,-8
57825.jpg,2022,1973,-49
57830.jpg,2022,2010,-12
57835.jpg,2022,1987,-35
57840.jpg,2022,2000,-22
57845.jpg,2022,2020,-2
57860.jpg,2022,2016,-6
57865.jpg,2022,2017,-5
57870.jpg,2022,2011,-11
57875.jpg,2023,2001,-22
57885.jpg,2023,2014,-9
57890.jpg,2023,2009,-14
57895.jpg,2023,2009,-14
57900.jpg,2023,2000,-23
57910.jpg,2023,2010,-13
57915.jpg,2023,2017,-6
57920.jpg,2023,2011,-12
57925.jpg,2024,1900,-124
57930.jpg,2024,2015,-9
