name,year,pred,diff
5.jpg,1008,1090,82
10.jpg,1016,1090,74
15.jpg,1022,1310,288
20.jpg,1028,1548,520
25.jpg,1036,1024,-12
30.jpg,1048,1067,19
35.jpg,1051,1130,79
40.jpg,1061,1416,355
45.jpg,1063,1621,558
50.jpg,1068,1067,-1
55.jpg,1070,1422,352
60.jpg,1076,1380,304
65.jpg,1080,1415,335
70.jpg,1090,1129,39
75.jpg,1093,1010,-83
80.jpg,1097,1996,899
85.jpg,1100,2011,911
90.jpg,1100,1691,591
95.jpg,1107,1644,537
100.jpg,1110,1555,445
105.jpg,1114,1049,-65
110.jpg,1116,1514,398
115.jpg,1117,1199,82
120.jpg,1120,1129,9
125.jpg,1122,1075,-47
130.jpg,1125,1021,-104
135.jpg,1128,1206,78
140.jpg,1129,1495,366
145.jpg,1130,1150,20
150.jpg,1131,1067,-64
155.jpg,1134,1488,354
160.jpg,1135,1129,-6
165.jpg,1138,1129,-9
170.jpg,1140,1294,154
175.jpg,1144,1241,97
180.jpg,1146,1430,284
185.jpg,1147,1444,297
190.jpg,1149,1258,109
195.jpg,1150,1150,0
200.jpg,1152,1130,-22
205.jpg,1159,1444,285
210.jpg,1160,1213,53
215.jpg,1165,1130,-35
220.jpg,1168,1049,-119
225.jpg,1170,1159,-11
230.jpg,1170,1542,372
235.jpg,1172,1327,155
240.jpg,1175,1129,-46
245.jpg,1177,1129,-48
250.jpg,1179,1067,-112
255.jpg,1180,1325,145
260.jpg,1180,1132,-48
265.jpg,1180,1129,-51
270.jpg,1184,1064,-120
275.jpg,1185,1553,368
280.jpg,1189,1048,-141
285.jpg,1191,1067,-124
290.jpg,1192,1148,-44
295.jpg,1194,1294,100
300.jpg,1196,1067,-129
305.jpg,1198,1514,316
310.jpg,1199,1025,-174
315.jpg,1200,1148,-52
320.jpg,1202,1067,-135
325.jpg,1204,1574,370
330.jpg,1208,1584,376
335.jpg,1211,1516,305
340.jpg,1212,1327,115
345.jpg,1215,1574,359
350.jpg,1217,1300,83
355.jpg,1220,1488,268
360.jpg,1221,1020,-201
365.jpg,1222,1461,239
370.jpg,1224,1300,76
375.jpg,1226,1461,235
380.jpg,1227,1591,364
385.jpg,1229,1262,33
390.jpg,1231,1338,107
395.jpg,1232,1025,-207
400.jpg,1234,1094,-140
405.jpg,1237,1323,86
410.jpg,1238,1124,-114
415.jpg,1240,1488,248
420.jpg,1242,1063,-179
425.jpg,1245,1129,-116
430.jpg,1247,1321,74
435.jpg,1248,1121,-127
440.jpg,1250,1129,-121
445.jpg,1250,1129,-121
450.jpg,1252,1090,-162
455.jpg,1255,1010,-245
460.jpg,1259,1513,254
465.jpg,1260,1380,120
470.jpg,1263,1488,225
475.jpg,1264,1415,151
480.jpg,1267,1444,177
485.jpg,1270,1132,-138
490.jpg,1270,1446,176
495.jpg,1270,1026,-244
500.jpg,1271,1395,124
505.jpg,1273,1461,188
510.jpg,1275,1423,148
515.jpg,1277,1021,-256
520.jpg,1278,1553,275
525.jpg,1279,1344,65
530.jpg,1280,1555,275
535.jpg,1285,1175,-110
540.jpg,1288,1023,-265
545.jpg,1289,1555,266
550.jpg,1290,1327,37
555.jpg,1291,1021,-270
560.jpg,1293,1472,179
565.jpg,1295,1344,49
570.jpg,1298,1369,71
575.jpg,1300,1129,-171
580.jpg,1300,1318,18
585.jpg,1300,1555,255
590.jpg,1301,1409,108
595.jpg,1303,1461,158
600.jpg,1305,1067,-238
605.jpg,1307,1159,-148
610.jpg,1309,1145,-164
615.jpg,1310,1409,99
620.jpg,1311,1430,119
625.jpg,1313,1067,-246
630.jpg,1314,1067,-247
635.jpg,1317,1129,-188
640.jpg,1319,1258,-61
645.jpg,1320,1585,265
650.jpg,1322,1067,-255
655.jpg,1324,1421,97
660.jpg,1325,1332,7
665.jpg,1326,1344,18
670.jpg,1327,1722,395
675.jpg,1328,1325,-3
680.jpg,1330,1766,436
685.jpg,1330,1416,86
690.jpg,1331,1612,281
695.jpg,1333,1129,-204
700.jpg,1335,1318,-17
705.jpg,1337,1496,159
710.jpg,1338,1552,214
715.jpg,1340,1207,-133
720.jpg,1340,1558,218
725.jpg,1343,1567,224
730.jpg,1345,1421,76
735.jpg,1345,1552,207
740.jpg,1346,1376,30
745.jpg,1347,1488,141
750.jpg,1347,1555,208
755.jpg,1349,1753,404
760.jpg,1350,1693,343
765.jpg,1350,1344,-6
770.jpg,1352,1574,222
775.jpg,1353,1262,-91
780.jpg,1354,1018,-336
785.jpg,1356,1246,-110
790.jpg,1358,1555,197
795.jpg,1360,1488,128
800.jpg,1361,1021,-340
805.jpg,1362,1380,18
810.jpg,1364,1756,392
815.jpg,1365,1556,191
820.jpg,1368,1049,-319
825.jpg,1370,1067,-303
830.jpg,1371,1347,-24
835.jpg,1373,1063,-310
840.jpg,1375,1514,139
845.jpg,1377,1352,-25
850.jpg,1380,1048,-332
855.jpg,1381,1160,-221
860.jpg,1382,1409,27
865.jpg,1384,1380,-4
870.jpg,1386,1025,-361
875.jpg,1389,1444,55
880.jpg,1390,1025,-365
885.jpg,1394,1553,159
890.jpg,1396,1404,8
895.jpg,1397,1023,-374
900.jpg,1398,1380,-18
905.jpg,1399,1365,-34
910.jpg,1400,1225,-175
915.jpg,1401,1400,-1
920.jpg,1402,1024,-378
925.jpg,1405,1310,-95
930.jpg,1406,1421,15
935.jpg,1409,1129,-280
940.jpg,1410,1237,-173
945.jpg,1410,1380,-30
950.jpg,1411,1067,-344
955.jpg,1413,1090,-323
960.jpg,1414,1025,-389
965.jpg,1417,1275,-142
970.jpg,1419,1154,-265
975.jpg,1420,1344,-76
980.jpg,1420,1972,552
985.jpg,1422,1777,355
990.jpg,1424,1408,-16
995.jpg,1425,1487,62
1000.jpg,1426,1588,162
1005.jpg,1428,1681,253
1010.jpg,1430,1108,-322
1015.jpg,1431,1423,-8
1020.jpg,1433,1292,-141
1025.jpg,1435,1225,-210
1030.jpg,1436,1007,-429
1035.jpg,1438,1559,121
1040.jpg,1440,1488,48
1045.jpg,1441,1821,380
1050.jpg,1442,1802,360
1055.jpg,1444,1159,-285
1060.jpg,1446,1446,0
1065.jpg,1448,1481,33
1070.jpg,1450,1292,-158
1075.jpg,1450,1174,-276
1080.jpg,1451,1049,-402
1085.jpg,1452,1854,402
1090.jpg,1453,1544,91
1095.jpg,1455,1094,-361
1100.jpg,1457,1555,98
1105.jpg,1458,1461,3
1110.jpg,1459,1591,132
1115.jpg,1460,1129,-331
1120.jpg,1462,1786,324
1125.jpg,1462,1067,-395
1130.jpg,1464,1474,10
1135.jpg,1465,1548,83
1140.jpg,1466,1487,21
1145.jpg,1467,1618,151
1150.jpg,1468,1488,20
1155.jpg,1469,1090,-379
1160.jpg,1470,1777,307
1165.jpg,1470,1395,-75
1170.jpg,1472,1560,88
1175.jpg,1473,1585,112
1180.jpg,1475,1365,-110
1185.jpg,1477,1419,-58
1190.jpg,1477,1594,117
1195.jpg,1479,1585,106
1200.jpg,1480,1430,-50
1205.jpg,1482,1496,14
1210.jpg,1482,1129,-353
1215.jpg,1483,1594,111
1220.jpg,1485,1461,-24
1225.jpg,1487,1602,115
1230.jpg,1487,1361,-126
1235.jpg,1488,1444,-44
1240.jpg,1489,1344,-145
1245.jpg,1490,1574,84
1250.jpg,1490,1518,28
1255.jpg,1491,1378,-113
1260.jpg,1492,1642,150
1265.jpg,1493,1518,25
1270.jpg,1494,1518,24
1275.jpg,1495,1258,-237
1280.jpg,1496,1025,-471
1285.jpg,1497,1488,-9
1290.jpg,1497,1540,43
1295.jpg,1498,1258,-240
1300.jpg,1499,1380,-119
1305.jpg,1500,1321,-179
1310.jpg,1500,1611,111
1315.jpg,1501,1660,159
1320.jpg,1502,1753,251
1325.jpg,1503,1791,288
1330.jpg,1504,1258,-246
1335.jpg,1505,1632,127
1340.jpg,1506,1444,-62
1345.jpg,1507,1513,6
1350.jpg,1508,1007,-501
1355.jpg,1508,1496,-12
1360.jpg,1509,1328,-181
1365.jpg,1510,1920,410
1370.jpg,1510,1611,101
1375.jpg,1511,1461,-50
1380.jpg,1512,1130,-382
1385.jpg,1513,1400,-113
1390.jpg,1513,1732,219
1395.jpg,1515,1400,-115
1400.jpg,1515,1582,67
1405.jpg,1516,1631,115
1410.jpg,1517,1090,-427
1415.jpg,1518,1445,-73
1420.jpg,1518,1646,128
1425.jpg,1520,1593,73
1430.jpg,1521,1553,32
1435.jpg,1521,1430,-91
1440.jpg,1522,1997,475
1445.jpg,1523,1408,-115
1450.jpg,1524,1604,80
1455.jpg,1525,1520,-5
1460.jpg,1526,1617,91
1465.jpg,1526,1555,29
1470.jpg,1527,1555,28
1475.jpg,1528,1724,196
1480.jpg,1528,1756,228
1485.jpg,1530,1358,-172
1490.jpg,1530,1632,102
1495.jpg,1530,1630,100
1500.jpg,1531,1854,323
1505.jpg,1531,1518,-13
1510.jpg,1532,1555,23
1515.jpg,1532,1593,61
1520.jpg,1533,1518,-15
1525.jpg,1534,1545,11
1530.jpg,1535,1648,113
1535.jpg,1535,1644,109
1540.jpg,1536,1090,-446
1545.jpg,1537,1585,48
1550.jpg,1537,1495,-42
1555.jpg,1538,1518,-20
1560.jpg,1539,1517,-22
1565.jpg,1540,1159,-381
1570.jpg,1540,1496,-44
1575.jpg,1540,1201,-339
1580.jpg,1540,1129,-411
1585.jpg,1541,1585,44
1590.jpg,1542,1611,69
1595.jpg,1543,1753,210
1600.jpg,1543,1487,-56
1605.jpg,1544,1461,-83
1610.jpg,1545,1705,160
1615.jpg,1545,1553,8
1620.jpg,1547,1551,4
1625.jpg,1548,1520,-28
1630.jpg,1549,1644,95
1635.jpg,1549,1574,25
1640.jpg,1550,1644,94
1645.jpg,1550,1660,110
1650.jpg,1550,1444,-106
1655.jpg,1550,1021,-529
1660.jpg,1551,1710,159
1665.jpg,1551,1574,23
1670.jpg,1552,1644,92
1675.jpg,1553,1227,-326
1680.jpg,1554,1736,182
1685.jpg,1554,1612,58
1690.jpg,1555,1644,89
1695.jpg,1556,1063,-493
1700.jpg,1557,1010,-547
1705.jpg,1558,1612,54
1710.jpg,1558,1444,-114
1715.jpg,1559,1444,-115
1720.jpg,1559,1610,51
1725.jpg,1560,1753,193
1730.jpg,1560,1477,-83
1735.jpg,1560,1025,-535
1740.jpg,1561,1444,-117
1745.jpg,1561,1645,84
1750.jpg,1562,1519,-43
1755.jpg,1563,1520,-43
1760.jpg,1564,1555,-9
1765.jpg,1565,1786,221
1770.jpg,1565,1580,15
1775.jpg,1565,1025,-540
1780.jpg,1566,1616,50
1785.jpg,1567,1553,-14
1790.jpg,1567,1496,-71
1795.jpg,1568,1318,-250
1800.jpg,1568,1660,92
1805.jpg,1569,1611,42
1810.jpg,1570,1659,89
1815.jpg,1570,1688,118
1820.jpg,1570,1461,-109
1825.jpg,1571,1688,117
1830.jpg,1572,1548,-24
1835.jpg,1572,1637,65
1840.jpg,1573,1555,-18
1845.jpg,1573,1554,-19
1850.jpg,1574,1748,174
1855.jpg,1574,1660,86
1860.jpg,1575,1788,213
1865.jpg,1575,1644,69
1870.jpg,1575,1644,69
1875.jpg,1576,1788,212
1880.jpg,1577,1520,-57
1885.jpg,1578,1752,174
1890.jpg,1578,1608,30
1895.jpg,1579,1415,-164
1900.jpg,1579,1659,80
1905.jpg,1580,1756,176
1910.jpg,1580,1660,80
1915.jpg,1581,1556,-25
1920.jpg,1581,1495,-86
1925.jpg,1582,1411,-171
1930.jpg,1582,1954,372
1935.jpg,1583,1078,-505
1940.jpg,1584,1585,1
1945.jpg,1584,1593,9
1950.jpg,1585,1951,366
1955.jpg,1585,1518,-67
1960.jpg,1585,1584,-1
1965.jpg,1586,1555,-31
1970.jpg,1586,1660,74
1975.jpg,1587,1444,-143
1980.jpg,1588,1555,-33
1985.jpg,1588,1629,41
1990.jpg,1588,1637,49
1995.jpg,1588,1659,71
2000.jpg,1589,1574,-15
2005.jpg,1590,1688,98
2010.jpg,1590,1496,-94
2015.jpg,1591,1552,-39
2020.jpg,1591,1724,133
2025.jpg,1591,1518,-73
2030.jpg,1592,1371,-221
2035.jpg,1593,1585,-8
2040.jpg,1593,1637,44
2045.jpg,1595,1350,-245
2050.jpg,1595,1585,-10
2055.jpg,1595,1555,-40
2060.jpg,1596,1547,-49
2065.jpg,1596,1550,-46
2070.jpg,1597,1380,-217
2075.jpg,1597,1645,48
2080.jpg,1598,1581,-17
2085.jpg,1598,1617,19
2090.jpg,1598,1854,256
2095.jpg,1600,1642,42
2100.jpg,1600,1129,-471
2105.jpg,1601,1094,-507
2110.jpg,1602,1444,-158
2115.jpg,1602,1660,58
2120.jpg,1603,1660,57
2125.jpg,1604,1585,-19
2130.jpg,1604,1553,-51
2135.jpg,1604,1553,-51
2140.jpg,1605,1756,151
2145.jpg,1605,1688,83
2150.jpg,1606,1756,150
2155.jpg,1606,1616,10
2160.jpg,1607,1994,387
2165.jpg,1607,1520,-87
2170.jpg,1608,1644,36
2175.jpg,1608,1625,17
2180.jpg,1609,1129,-480
2185.jpg,1610,1550,-60
2190.jpg,1610,1584,-26
2195.jpg,1610,1650,40
2200.jpg,1610,1663,53
2205.jpg,1611,1624,13
2210.jpg,1611,1513,-98
2215.jpg,1611,1640,29
2220.jpg,1612,1982,370
2225.jpg,1612,1487,-125
2230.jpg,1613,1659,46
2235.jpg,1613,1724,111
2240.jpg,1614,1555,-59
2245.jpg,1614,1484,-130
2250.jpg,1614,1658,44
2255.jpg,1615,1625,10
2260.jpg,1615,1327,-288
2265.jpg,1616,1879,263
2270.jpg,1616,1685,69
2275.jpg,1616,2021,405
2280.jpg,1616,1596,-20
2285.jpg,1617,1553,-64
2290.jpg,1617,1488,-129
2295.jpg,1617,1722,105
2300.jpg,1618,1391,-227
2305.jpg,1618,1752,134
2310.jpg,1619,1584,-35
2315.jpg,1619,1712,93
2320.jpg,1619,1513,-106
2325.jpg,1620,1585,-35
2330.jpg,1620,1585,-35
2335.jpg,1620,1616,-4
2340.jpg,1621,1724,103
2345.jpg,1621,1552,-69
2350.jpg,1622,1590,-32
2355.jpg,1622,1593,-29
2360.jpg,1623,1585,-38
2365.jpg,1624,1584,-40
2370.jpg,1624,1488,-136
2375.jpg,1624,1590,-34
2380.jpg,1625,1630,5
2385.jpg,1625,1585,-40
2390.jpg,1625,1685,60
2395.jpg,1625,1660,35
2400.jpg,1626,1550,-76
2405.jpg,1626,1656,30
2410.jpg,1627,1690,63
2415.jpg,1628,1944,316
2420.jpg,1628,1481,-147
2425.jpg,1629,1841,212
2430.jpg,1629,1574,-55
2435.jpg,1630,1788,158
2440.jpg,1630,1598,-32
2445.jpg,1630,1732,102
2450.jpg,1630,1548,-82
2455.jpg,1631,1722,91
2460.jpg,1631,1651,20
2465.jpg,1631,1553,-78
2470.jpg,1632,1821,189
2475.jpg,1632,1504,-128
2480.jpg,1632,1740,108
2485.jpg,1633,1650,17
2490.jpg,1633,1444,-189
2495.jpg,1634,1899,265
2500.jpg,1634,1507,-127
2505.jpg,1634,1715,81
2510.jpg,1635,1585,-50
2515.jpg,1635,1688,53
2520.jpg,1635,1594,-41
2525.jpg,1636,1691,55
2530.jpg,1636,1647,11
2535.jpg,1636,1401,-235
2540.jpg,1637,1864,227
2545.jpg,1637,1461,-176
2550.jpg,1638,1533,-105
2555.jpg,1638,1585,-53
2560.jpg,1638,1555,-83
2565.jpg,1639,1750,111
2570.jpg,1639,1724,85
2575.jpg,1640,1750,110
2580.jpg,1640,1695,55
2585.jpg,1640,1650,10
2590.jpg,1641,1679,38
2595.jpg,1641,1517,-124
2600.jpg,1641,1936,295
2605.jpg,1642,1067,-575
2610.jpg,1642,1673,31
2615.jpg,1643,1639,-4
2620.jpg,1644,1849,205
2625.jpg,1644,1827,183
2630.jpg,1644,1822,178
2635.jpg,1645,1825,180
2640.jpg,1645,1650,5
2645.jpg,1646,1553,-93
2650.jpg,1646,1090,-556
2655.jpg,1646,1537,-109
2660.jpg,1648,1695,47
2665.jpg,1648,1461,-187
2670.jpg,1648,1626,-22
2675.jpg,1649,1723,74
2680.jpg,1650,1660,10
2685.jpg,1650,1660,10
2690.jpg,1650,1009,-641
2695.jpg,1650,1661,11
2700.jpg,1651,1650,-1
2705.jpg,1651,1732,81
2710.jpg,1652,1695,43
2715.jpg,1653,1856,203
2720.jpg,1653,1646,-7
2725.jpg,1654,1685,31
2730.jpg,1654,1421,-233
2735.jpg,1655,1688,33
2740.jpg,1655,1067,-588
2745.jpg,1656,1146,-510
2750.jpg,1656,1617,-39
2755.jpg,1656,1064,-592
2760.jpg,1657,1517,-140
2765.jpg,1657,1658,1
2770.jpg,1658,1658,0
2775.jpg,1658,1650,-8
2780.jpg,1659,1658,-1
2785.jpg,1659,1637,-22
2790.jpg,1660,1791,131
2795.jpg,1660,1585,-75
2800.jpg,1660,1552,-108
2805.jpg,1660,1660,0
2810.jpg,1660,1517,-143
2815.jpg,1660,1732,72
2820.jpg,1660,1722,62
2825.jpg,1661,1555,-106
2830.jpg,1661,1637,-24
2835.jpg,1661,1736,75
2840.jpg,1661,1884,223
2845.jpg,1662,1901,239
2850.jpg,1663,1750,87
2855.jpg,1663,1574,-89
2860.jpg,1664,1594,-70
2865.jpg,1664,1695,31
2870.jpg,1664,1637,-27
2875.jpg,1665,1821,156
2880.jpg,1665,1585,-80
2885.jpg,1665,1750,85
2890.jpg,1665,1593,-72
2895.jpg,1666,1513,-153
2900.jpg,1666,1779,113
2905.jpg,1667,1790,123
2910.jpg,1667,1637,-30
2915.jpg,1667,1605,-62
2920.jpg,1668,1617,-51
2925.jpg,1669,1731,62
2930.jpg,1669,1052,-617
2935.jpg,1670,1750,80
2940.jpg,1670,1690,20
2945.jpg,1670,1584,-86
2950.jpg,1670,1594,-76
2955.jpg,1671,1695,24
2960.jpg,1671,1400,-271
2965.jpg,1671,1518,-153
2970.jpg,1672,1727,55
2975.jpg,1672,1670,-2
2980.jpg,1673,1644,-29
2985.jpg,1673,1715,42
2990.jpg,1674,1791,117
2995.jpg,1674,1705,31
3000.jpg,1674,1511,-163
3005.jpg,1675,1650,-25
3010.jpg,1675,1611,-64
3015.jpg,1676,1768,92
3020.jpg,1676,1150,-526
3025.jpg,1676,1653,-23
3030.jpg,1677,1740,63
3035.jpg,1677,1350,-327
3040.jpg,1677,1555,-122
3045.jpg,1678,1866,188
3050.jpg,1678,1724,46
3055.jpg,1678,1420,-258
3060.jpg,1679,1720,41
3065.jpg,1679,1672,-7
3070.jpg,1679,1650,-29
3075.jpg,1680,1585,-95
3080.jpg,1680,1792,112
3085.jpg,1680,1695,15
3090.jpg,1680,1728,48
3095.jpg,1680,1690,10
3100.jpg,1680,1711,31
3105.jpg,1681,1695,14
3110.jpg,1681,1618,-63
3115.jpg,1681,1637,-44
3120.jpg,1681,1090,-591
3125.jpg,1682,1748,66
3130.jpg,1682,1513,-169
3135.jpg,1682,1768,86
3140.jpg,1682,1612,-70
3145.jpg,1683,1785,102
3150.jpg,1683,1695,12
3155.jpg,1683,1518,-165
3160.jpg,1683,1227,-456
3165.jpg,1683,1660,-23
3170.jpg,1684,1722,38
3175.jpg,1684,1664,-20
3180.jpg,1684,1548,-136
3185.jpg,1684,1650,-34
3190.jpg,1685,1788,103
3195.jpg,1685,1724,39
3200.jpg,1685,1585,-100
3205.jpg,1686,1695,9
3210.jpg,1686,1790,104
3215.jpg,1686,1740,54
3220.jpg,1686,1732,46
3225.jpg,1687,1590,-97
3230.jpg,1687,1690,3
3235.jpg,1687,1760,73
3240.jpg,1688,1792,104
3245.jpg,1688,1659,-29
3250.jpg,1689,1740,51
3255.jpg,1689,1704,15
3260.jpg,1689,1477,-212
3265.jpg,1689,1648,-41
3270.jpg,1690,1007,-683
3275.jpg,1690,1818,128
3280.jpg,1690,1812,122
3285.jpg,1690,1608,-82
3290.jpg,1690,1740,50
3295.jpg,1690,1746,56
3300.jpg,1690,1679,-11
3305.jpg,1691,1695,4
3310.jpg,1691,1726,35
3315.jpg,1691,1589,-102
3320.jpg,1692,1700,8
3325.jpg,1692,1944,252
3330.jpg,1693,1934,241
3335.jpg,1693,1554,-139
3340.jpg,1694,1785,91
3345.jpg,1694,1708,14
3350.jpg,1694,1067,-627
3355.jpg,1695,1806,111
3360.jpg,1695,1695,0
3365.jpg,1695,1750,55
3370.jpg,1695,1750,55
3375.jpg,1695,1724,29
3380.jpg,1696,1849,153
3385.jpg,1696,1691,-5
3390.jpg,1696,1685,-11
3395.jpg,1696,1711,15
3400.jpg,1696,1724,28
3405.jpg,1696,1553,-143
3410.jpg,1697,1690,-7
3415.jpg,1697,1790,93
3420.jpg,1697,1867,170
3425.jpg,1697,1548,-149
3430.jpg,1698,1695,-3
3435.jpg,1698,1803,105
3440.jpg,1698,1553,-145
3445.jpg,1699,1750,51
3450.jpg,1699,1611,-88
3455.jpg,1699,1908,209
3460.jpg,1700,1821,121
3465.jpg,1700,1854,154
3470.jpg,1700,1594,-106
3475.jpg,1700,1750,50
3480.jpg,1700,1750,50
3485.jpg,1700,1720,20
3490.jpg,1700,1720,20
3495.jpg,1700,1644,-56
3500.jpg,1700,1640,-60
3505.jpg,1700,1704,4
3510.jpg,1700,1520,-180
3515.jpg,1701,1838,137
3520.jpg,1701,1847,146
3525.jpg,1701,1738,37
3530.jpg,1702,1827,125
3535.jpg,1702,1732,30
3540.jpg,1702,1723,21
3545.jpg,1703,1685,-18
3550.jpg,1704,1821,117
3555.jpg,1704,1704,0
3560.jpg,1704,1752,48
3565.jpg,1704,1905,201
3570.jpg,1704,1746,42
3575.jpg,1705,1629,-76
3580.jpg,1705,1720,15
3585.jpg,1705,1695,-10
3590.jpg,1705,1688,-17
3595.jpg,1706,1227,-479
3600.jpg,1706,1775,69
3605.jpg,1706,1724,18
3610.jpg,1706,1943,237
3615.jpg,1707,1691,-16
3620.jpg,1707,1088,-619
3625.jpg,1707,1752,45
3630.jpg,1708,1685,-23
3635.jpg,1708,1994,286
3640.jpg,1708,1750,42
3645.jpg,1708,1513,-195
3650.jpg,1709,1461,-248
3655.jpg,1709,1879,170
3660.jpg,1709,1724,15
3665.jpg,1709,1690,-19
3670.jpg,1710,1690,-20
3675.jpg,1710,1659,-51
3680.jpg,1710,1750,40
3685.jpg,1710,1790,80
3690.jpg,1710,1695,-15
3695.jpg,1710,1695,-15
3700.jpg,1710,1788,78
3705.jpg,1710,1674,-36
3710.jpg,1710,1617,-93
3715.jpg,1711,1854,143
3720.jpg,1711,1695,-16
3725.jpg,1711,1695,-16
3730.jpg,1711,1617,-94
3735.jpg,1711,1659,-52
3740.jpg,1712,1830,118
3745.jpg,1712,1770,58
3750.jpg,1713,1645,-68
3755.jpg,1713,1695,-18
3760.jpg,1713,1697,-16
3765.jpg,1713,1517,-196
3770.jpg,1714,1740,26
3775.jpg,1714,1752,38
3780.jpg,1714,1863,149
3785.jpg,1714,1884,170
3790.jpg,1715,1088,-627
3795.jpg,1715,1658,-57
3800.jpg,1715,1658,-57
3805.jpg,1715,1659,-56
3810.jpg,1715,1731,16
3815.jpg,1715,1695,-20
3820.jpg,1715,1840,125
3825.jpg,1715,1585,-130
3830.jpg,1715,1724,9
3835.jpg,1716,1849,133
3840.jpg,1716,1700,-16
3845.jpg,1716,1824,108
3850.jpg,1716,1812,96
3855.jpg,1716,1731,15
3860.jpg,1716,1690,-26
3865.jpg,1717,1750,33
3870.jpg,1717,1695,-22
3875.jpg,1717,1756,39
3880.jpg,1718,1752,34
3885.jpg,1718,1688,-30
3890.jpg,1719,1996,277
3895.jpg,1719,1720,1
3900.jpg,1719,1753,34
3905.jpg,1719,1854,135
3910.jpg,1720,1937,217
3915.jpg,1720,1760,40
3920.jpg,1720,1720,0
3925.jpg,1720,1700,-20
3930.jpg,1720,1945,225
3935.jpg,1720,1813,93
3940.jpg,1720,1735,15
3945.jpg,1720,1650,-70
3950.jpg,1720,1712,-8
3955.jpg,1720,1788,68
3960.jpg,1720,1841,121
3965.jpg,1720,1750,30
3970.jpg,1720,1064,-656
3975.jpg,1721,1803,82
3980.jpg,1721,1695,-26
3985.jpg,1721,1659,-62
3990.jpg,1721,1644,-77
3995.jpg,1721,1627,-94
4000.jpg,1722,1695,-27
4005.jpg,1722,1650,-72
4010.jpg,1722,1750,28
4015.jpg,1722,1695,-27
4020.jpg,1722,1756,34
4025.jpg,1723,1731,8
4030.jpg,1723,1686,-37
4035.jpg,1723,1720,-3
4040.jpg,1723,1798,75
4045.jpg,1723,1660,-63
4050.jpg,1723,1513,-210
4055.jpg,1723,1958,235
4060.jpg,1724,1864,140
4065.jpg,1724,1820,96
4070.jpg,1724,1740,16
4075.jpg,1724,1695,-29
4080.jpg,1724,1740,16
4085.jpg,1724,1626,-98
4090.jpg,1724,1496,-228
4095.jpg,1724,1477,-247
4100.jpg,1725,1851,126
4105.jpg,1725,1863,138
4110.jpg,1725,1756,31
4115.jpg,1725,1699,-26
4120.jpg,1725,1700,-25
4125.jpg,1725,1795,70
4130.jpg,1725,1560,-165
4135.jpg,1725,1757,32
4140.jpg,1725,1697,-28
4145.jpg,1725,1750,25
4150.jpg,1725,1570,-155
4155.jpg,1725,1016,-709
4160.jpg,1726,1594,-132
4165.jpg,1726,1691,-35
4170.jpg,1726,1834,108
4175.jpg,1726,1628,-98
4180.jpg,1726,1511,-215
4185.jpg,1727,1720,-7
4190.jpg,1727,1750,23
4195.jpg,1727,1726,-1
4200.jpg,1727,1714,-13
4205.jpg,1727,1632,-95
4210.jpg,1727,1806,79
4215.jpg,1728,1553,-175
4220.jpg,1728,1886,158
4225.jpg,1728,1695,-33
4230.jpg,1728,1590,-138
4235.jpg,1728,1735,7
4240.jpg,1728,1626,-102
4245.jpg,1728,1666,-62
4250.jpg,1729,1711,-18
4255.jpg,1729,1858,129
4260.jpg,1729,1806,77
4265.jpg,1729,1750,21
4270.jpg,1729,1496,-233
4275.jpg,1730,1821,91
4280.jpg,1730,1695,-35
4285.jpg,1730,1750,20
4290.jpg,1730,1585,-145
4295.jpg,1730,1879,149
4300.jpg,1730,1840,110
4305.jpg,1730,1650,-80
4310.jpg,1730,1790,60
4315.jpg,1730,1795,65
4320.jpg,1730,1636,-94
4325.jpg,1730,1756,26
4330.jpg,1730,1836,106
4335.jpg,1730,1750,20
4340.jpg,1730,1763,33
4345.jpg,1730,1695,-35
4350.jpg,1730,1932,202
4355.jpg,1730,1944,214
4360.jpg,1730,1935,205
4365.jpg,1730,1726,-4
4370.jpg,1731,1702,-29
4375.jpg,1731,1650,-81
4380.jpg,1731,1711,-20
4385.jpg,1731,1637,-94
4390.jpg,1732,1716,-16
4395.jpg,1732,1788,56
4400.jpg,1732,1740,8
4405.jpg,1732,1697,-35
4410.jpg,1732,1740,8
4415.jpg,1732,1695,-37
4420.jpg,1732,1596,-136
4425.jpg,1732,1715,-17
4430.jpg,1732,1555,-177
4435.jpg,1733,1722,-11
4440.jpg,1733,1750,17
4445.jpg,1733,1813,80
4450.jpg,1733,1724,-9
4455.jpg,1733,1596,-137
4460.jpg,1733,1816,83
4465.jpg,1733,1931,198
4470.jpg,1733,1370,-363
4475.jpg,1734,1686,-48
4480.jpg,1734,1722,-12
4485.jpg,1734,1624,-110
4490.jpg,1734,1732,-2
4495.jpg,1735,1827,92
4500.jpg,1735,1850,115
4505.jpg,1735,1750,15
4510.jpg,1735,1701,-34
4515.jpg,1735,1839,104
4520.jpg,1735,1553,-182
4525.jpg,1735,1839,104
4530.jpg,1735,1816,81
4535.jpg,1735,1790,55
4540.jpg,1735,1069,-666
4545.jpg,1736,1854,118
4550.jpg,1736,1650,-86
4555.jpg,1736,1806,70
4560.jpg,1736,1622,-114
4565.jpg,1736,1474,-262
4570.jpg,1736,1817,81
4575.jpg,1737,1644,-93
4580.jpg,1737,1735,-2
4585.jpg,1737,1740,3
4590.jpg,1737,1740,3
4595.jpg,1737,1517,-220
4600.jpg,1737,1646,-91
4605.jpg,1738,1722,-16
4610.jpg,1738,1774,36
4615.jpg,1738,1896,158
4620.jpg,1738,1679,-59
4625.jpg,1738,1608,-130
4630.jpg,1738,1813,75
4635.jpg,1738,1660,-78
4640.jpg,1739,1731,-8
4645.jpg,1739,1775,36
4650.jpg,1739,1554,-185
4655.jpg,1739,1724,-15
4660.jpg,1739,1801,62
4665.jpg,1740,1750,10
4670.jpg,1740,1690,-50
4675.jpg,1740,1750,10
4680.jpg,1740,1790,50
4685.jpg,1740,1737,-3
4690.jpg,1740,1700,-40
4695.jpg,1740,1800,60
4700.jpg,1740,1750,10
4705.jpg,1740,1740,0
4710.jpg,1740,1710,-30
4715.jpg,1740,1756,16
4720.jpg,1740,1659,-81
4725.jpg,1740,1750,10
4730.jpg,1740,1750,10
4735.jpg,1740,1830,90
4740.jpg,1740,1517,-223
4745.jpg,1740,1728,-12
4750.jpg,1741,1866,125
4755.jpg,1741,1764,23
4760.jpg,1741,1740,-1
4765.jpg,1741,1145,-596
4770.jpg,1741,1688,-53
4775.jpg,1741,2005,264
4780.jpg,1742,1419,-323
4785.jpg,1742,1883,141
4790.jpg,1742,1690,-52
4795.jpg,1742,1695,-47
4800.jpg,1742,1816,74
4805.jpg,1742,1812,70
4810.jpg,1742,1501,-241
4815.jpg,1742,1740,-2
4820.jpg,1743,1740,-3
4825.jpg,1743,1647,-96
4830.jpg,1743,1863,120
4835.jpg,1743,1750,7
4840.jpg,1743,1708,-35
4845.jpg,1744,1555,-189
4850.jpg,1744,1722,-22
4855.jpg,1744,1695,-49
4860.jpg,1744,1560,-184
4865.jpg,1744,1574,-170
4870.jpg,1745,1740,-5
4875.jpg,1745,1750,5
4880.jpg,1745,1695,-50
4885.jpg,1745,1520,-225
4890.jpg,1745,1722,-23
4895.jpg,1745,1693,-52
4900.jpg,1745,1513,-232
4905.jpg,1745,1650,-95
4910.jpg,1746,1802,56
4915.jpg,1746,1731,-15
4920.jpg,1746,1732,-14
4925.jpg,1746,1409,-337
4930.jpg,1747,1786,39
4935.jpg,1747,1817,70
4940.jpg,1747,1685,-62
4945.jpg,1747,1750,3
4950.jpg,1747,1752,5
4955.jpg,1747,1644,-103
4960.jpg,1747,1740,-7
4965.jpg,1748,1785,37
4970.jpg,1748,1690,-58
4975.jpg,1748,1750,2
4980.jpg,1748,1922,174
4985.jpg,1748,1732,-16
4990.jpg,1749,1812,63
4995.jpg,1749,1857,108
5000.jpg,1749,1621,-128
5005.jpg,1749,1820,71
5010.jpg,1749,1879,130
5015.jpg,1750,1715,-35
5020.jpg,1750,1511,-239
5025.jpg,1750,1717,-33
5030.jpg,1750,1740,-10
5035.jpg,1750,1812,62
5040.jpg,1750,1697,-53
5045.jpg,1750,1750,0
5050.jpg,1750,1835,85
5055.jpg,1750,1584,-166
5060.jpg,1750,1695,-55
5065.jpg,1750,1830,80
5070.jpg,1750,1758,8
5075.jpg,1750,1812,62
5080.jpg,1750,1750,0
5085.jpg,1750,1820,70
5090.jpg,1750,1750,0
5095.jpg,1750,1750,0
5100.jpg,1750,1740,-10
5105.jpg,1750,1812,62
5110.jpg,1750,1810,60
5115.jpg,1750,1825,75
5120.jpg,1750,1747,-3
5125.jpg,1750,1690,-60
5130.jpg,1750,1810,60
5135.jpg,1750,1812,62
5140.jpg,1750,1665,-85
5145.jpg,1750,1750,0
5150.jpg,1750,1701,-49
5155.jpg,1750,1750,0
5160.jpg,1750,1720,-30
5165.jpg,1750,1825,75
5170.jpg,1750,1558,-192
5175.jpg,1750,1795,45
5180.jpg,1750,1750,0
5185.jpg,1750,1554,-196
5190.jpg,1750,1790,40
5195.jpg,1751,1821,70
5200.jpg,1751,1790,39
5205.jpg,1751,1840,89
5210.jpg,1751,1802,51
5215.jpg,1751,1790,39
5220.jpg,1751,1409,-342
5225.jpg,1752,1732,-20
5230.jpg,1752,1790,38
5235.jpg,1752,1750,-2
5240.jpg,1752,1763,11
5245.jpg,1752,1827,75
5250.jpg,1752,1565,-187
5255.jpg,1752,1813,61
5260.jpg,1752,1764,12
5265.jpg,1752,1695,-57
5270.jpg,1752,1602,-150
5275.jpg,1752,1722,-30
5280.jpg,1752,1747,-5
5285.jpg,1753,1685,-68
5290.jpg,1753,1750,-3
5295.jpg,1753,1816,63
5300.jpg,1753,1720,-33
5305.jpg,1753,1812,59
5310.jpg,1753,1761,8
5315.jpg,1753,1520,-233
5320.jpg,1753,1711,-42
5325.jpg,1754,1825,71
5330.jpg,1754,1690,-64
5335.jpg,1754,1750,-4
5340.jpg,1754,1912,158
5345.jpg,1754,1685,-69
5350.jpg,1754,1722,-32
5355.jpg,1754,1574,-180
5360.jpg,1754,1724,-30
5365.jpg,1754,1731,-23
5370.jpg,1755,1690,-65
5375.jpg,1755,1803,48
5380.jpg,1755,1750,-5
5385.jpg,1755,1854,99
5390.jpg,1755,1750,-5
5395.jpg,1755,1820,65
5400.jpg,1755,1764,9
5405.jpg,1755,1812,57
5410.jpg,1755,1722,-33
5415.jpg,1756,1819,63
5420.jpg,1756,1732,-24
5425.jpg,1756,1690,-66
5430.jpg,1756,1618,-138
5435.jpg,1756,1759,3
5440.jpg,1756,1750,-6
5445.jpg,1756,1715,-41
5450.jpg,1756,1863,107
5455.jpg,1756,1627,-129
5460.jpg,1756,1806,50
5465.jpg,1757,1823,66
5470.jpg,1757,1580,-177
5475.jpg,1757,1686,-71
5480.jpg,1757,1792,35
5485.jpg,1757,1863,106
5490.jpg,1757,1812,55
5495.jpg,1757,1936,179
5500.jpg,1758,1768,10
5505.jpg,1758,1752,-6
5510.jpg,1758,1766,8
5515.jpg,1758,1802,44
5520.jpg,1758,1790,32
5525.jpg,1758,1740,-18
5530.jpg,1758,1817,59
5535.jpg,1759,1833,74
5540.jpg,1759,1763,4
5545.jpg,1759,1740,-19
5550.jpg,1759,1806,47
5555.jpg,1759,1750,-9
5560.jpg,1759,1617,-142
5565.jpg,1760,1786,26
5570.jpg,1760,1788,28
5575.jpg,1760,1812,52
5580.jpg,1760,1864,104
5585.jpg,1760,1067,-693
5590.jpg,1761,1746,-15
5595.jpg,1761,1766,5
5600.jpg,1761,1740,-21
5605.jpg,1761,1588,-173
5610.jpg,1761,1740,-21
5615.jpg,1761,1690,-71
5620.jpg,1761,1369,-392
5625.jpg,1761,1854,93
5630.jpg,1762,1830,68
5635.jpg,1762,1690,-72
5640.jpg,1762,1840,78
5645.jpg,1762,1695,-67
5650.jpg,1762,1809,47
5655.jpg,1762,1722,-40
5660.jpg,1762,1716,-46
5665.jpg,1762,1831,69
5670.jpg,1763,1790,27
5675.jpg,1763,1752,-11
5680.jpg,1763,1812,49
5685.jpg,1763,1812,49
5690.jpg,1763,1690,-73
5695.jpg,1763,1806,43
5700.jpg,1763,1496,-267
5705.jpg,1763,1792,29
5710.jpg,1764,1553,-211
5715.jpg,1764,1827,63
5720.jpg,1764,1806,42
5725.jpg,1764,1790,26
5730.jpg,1764,1704,-60
5735.jpg,1764,1806,42
5740.jpg,1764,1756,-8
5745.jpg,1764,1757,-7
5750.jpg,1764,1230,-534
5755.jpg,1764,1645,-119
5760.jpg,1765,1821,56
5765.jpg,1765,1762,-3
5770.jpg,1765,1695,-70
5775.jpg,1765,1740,-25
5780.jpg,1765,1740,-25
5785.jpg,1765,1540,-225
5790.jpg,1765,1718,-47
5795.jpg,1765,1795,30
5800.jpg,1765,1755,-10
5805.jpg,1765,1740,-25
5810.jpg,1765,1695,-70
5815.jpg,1765,1750,-15
5820.jpg,1765,1831,66
5825.jpg,1765,1608,-157
5830.jpg,1765,1724,-41
5835.jpg,1766,2005,239
5840.jpg,1766,1833,67
5845.jpg,1766,1750,-16
5850.jpg,1766,1550,-216
5855.jpg,1766,1732,-34
5860.jpg,1766,1722,-44
5865.jpg,1766,1740,-26
5870.jpg,1766,1763,-3
5875.jpg,1767,1762,-5
5880.jpg,1767,1714,-53
5885.jpg,1767,1857,90
5890.jpg,1767,1841,74
5895.jpg,1768,1790,22
5900.jpg,1768,1842,74
5905.jpg,1768,1806,38
5910.jpg,1768,1647,-121
5915.jpg,1768,1763,-5
5920.jpg,1768,1795,27
5925.jpg,1768,1724,-44
5930.jpg,1768,1724,-44
5935.jpg,1768,1626,-142
5940.jpg,1768,1088,-680
5945.jpg,1769,1764,-5
5950.jpg,1769,1790,21
5955.jpg,1769,1750,-19
5960.jpg,1769,1720,-49
5965.jpg,1769,1737,-32
5970.jpg,1769,1790,21
5975.jpg,1769,1795,26
5980.jpg,1769,1695,-74
5985.jpg,1769,1552,-217
5990.jpg,1769,1802,33
5995.jpg,1769,1067,-702
6000.jpg,1770,1560,-210
6005.jpg,1770,1695,-75
6010.jpg,1770,1820,50
6015.jpg,1770,1812,42
6020.jpg,1770,1746,-24
6025.jpg,1770,1791,21
6030.jpg,1770,1750,-20
6035.jpg,1770,1732,-38
6040.jpg,1770,1750,-20
6045.jpg,1770,1740,-30
6050.jpg,1770,1695,-75
6055.jpg,1770,1820,50
6060.jpg,1770,1750,-20
6065.jpg,1770,1756,-14
6070.jpg,1770,1813,43
6075.jpg,1770,1825,55
6080.jpg,1770,1720,-50
6085.jpg,1770,1812,42
6090.jpg,1770,1695,-75
6095.jpg,1770,1724,-46
6100.jpg,1770,1722,-48
6105.jpg,1770,1513,-257
6110.jpg,1770,1812,42
6115.jpg,1771,1831,60
6120.jpg,1771,1746,-25
6125.jpg,1771,1717,-54
6130.jpg,1771,1755,-16
6135.jpg,1771,1897,126
6140.jpg,1771,1623,-148
6145.jpg,1771,1790,19
6150.jpg,1771,1856,85
6155.jpg,1771,1637,-134
6160.jpg,1771,1715,-56
6165.jpg,1771,1768,-3
6170.jpg,1772,1861,89
6175.jpg,1772,1834,62
6180.jpg,1772,1723,-49
6185.jpg,1772,1590,-182
6190.jpg,1772,1644,-128
6195.jpg,1773,1732,-41
6200.jpg,1773,1025,-748
6205.jpg,1773,1790,17
6210.jpg,1773,1820,47
6215.jpg,1773,1813,40
6220.jpg,1773,1750,-23
6225.jpg,1773,1766,-7
6230.jpg,1773,1750,-23
6235.jpg,1773,1714,-59
6240.jpg,1774,1813,39
6245.jpg,1774,1722,-52
6250.jpg,1774,1697,-77
6255.jpg,1774,1695,-79
6260.jpg,1774,1766,-8
6265.jpg,1774,1812,38
6270.jpg,1774,1815,41
6275.jpg,1774,1793,19
6280.jpg,1774,1812,38
6285.jpg,1774,1726,-48
6290.jpg,1774,1943,169
6295.jpg,1774,1854,80
6300.jpg,1774,1690,-84
6305.jpg,1775,1821,46
6310.jpg,1775,1750,-25
6315.jpg,1775,1750,-25
6320.jpg,1775,1825,50
6325.jpg,1775,1795,20
6330.jpg,1775,1750,-25
6335.jpg,1775,1812,37
6340.jpg,1775,1813,38
6345.jpg,1775,1584,-191
6350.jpg,1775,1825,50
6355.jpg,1775,1740,-35
6360.jpg,1775,1640,-135
6365.jpg,1775,1790,15
6370.jpg,1775,1685,-90
6375.jpg,1775,1827,52
6380.jpg,1775,1854,79
6385.jpg,1775,1090,-685
6390.jpg,1775,1023,-752
6395.jpg,1775,1695,-80
6400.jpg,1776,1540,-236
6405.jpg,1776,1618,-158
6410.jpg,1776,1812,36
6415.jpg,1776,1844,68
6420.jpg,1776,1695,-81
6425.jpg,1776,1650,-126
6430.jpg,1776,1790,14
6435.jpg,1776,1812,36
6440.jpg,1776,1756,-20
6445.jpg,1777,1695,-82
6450.jpg,1777,1756,-21
6455.jpg,1777,1863,86
6460.jpg,1777,1722,-55
6465.jpg,1777,1750,-27
6470.jpg,1777,1953,176
6475.jpg,1777,1258,-519
6480.jpg,1777,1997,220
6485.jpg,1778,1943,165
6490.jpg,1778,1863,85
6495.jpg,1778,1697,-81
6500.jpg,1778,1791,13
6505.jpg,1778,1750,-28
6510.jpg,1778,1517,-261
6515.jpg,1779,1844,65
6520.jpg,1779,1742,-37
6525.jpg,1779,1816,37
6530.jpg,1779,1690,-89
6535.jpg,1779,1756,-23
6540.jpg,1779,1790,11
6545.jpg,1779,1640,-139
6550.jpg,1779,1699,-80
6555.jpg,1780,1144,-636
6560.jpg,1780,1714,-66
6565.jpg,1780,1820,40
6570.jpg,1780,1834,54
6575.jpg,1780,1740,-40
6580.jpg,1780,1820,40
6585.jpg,1780,1813,33
6590.jpg,1780,1883,103
6595.jpg,1780,1825,45
6600.jpg,1780,1740,-40
6605.jpg,1780,1690,-90
6610.jpg,1780,1800,20
6615.jpg,1780,1813,33
6620.jpg,1780,1803,23
6625.jpg,1780,1695,-85
6630.jpg,1780,1695,-85
6635.jpg,1780,1750,-30
6640.jpg,1780,1812,32
6645.jpg,1780,1750,-30
6650.jpg,1780,1740,-40
6655.jpg,1780,1841,61
6660.jpg,1780,1750,-30
6665.jpg,1780,1792,12
6670.jpg,1781,1908,127
6675.jpg,1781,1679,-102
6680.jpg,1781,1764,-17
6685.jpg,1781,1737,-44
6690.jpg,1781,1644,-137
6695.jpg,1781,1936,155
6700.jpg,1781,1715,-66
6705.jpg,1781,1905,124
6710.jpg,1782,1844,62
6715.jpg,1782,1152,-630
6720.jpg,1782,1695,-87
6725.jpg,1782,1812,30
6730.jpg,1782,1750,-32
6735.jpg,1782,1817,35
6740.jpg,1782,1790,8
6745.jpg,1782,1651,-131
6750.jpg,1782,1697,-85
6755.jpg,1783,1585,-198
6760.jpg,1783,1708,-75
6765.jpg,1783,1921,138
6770.jpg,1783,1775,-8
6775.jpg,1783,1880,97
6780.jpg,1783,1764,-19
6785.jpg,1783,1067,-716
6790.jpg,1783,1695,-88
6795.jpg,1783,1790,7
6800.jpg,1783,1719,-64
6805.jpg,1783,1712,-71
6810.jpg,1784,1813,29
6815.jpg,1784,1659,-125
6820.jpg,1784,1795,11
6825.jpg,1784,1830,46
6830.jpg,1784,1806,22
6835.jpg,1784,1860,76
6840.jpg,1784,1144,-640
6845.jpg,1784,1764,-20
6850.jpg,1784,1590,-194
6855.jpg,1784,1845,61
6860.jpg,1785,1788,3
6865.jpg,1785,1752,-33
6870.jpg,1785,1750,-35
6875.jpg,1785,1722,-63
6880.jpg,1785,1714,-71
6885.jpg,1785,1847,62
6890.jpg,1785,1790,5
6895.jpg,1785,1795,10
6900.jpg,1785,1788,3
6905.jpg,1785,1812,27
6910.jpg,1785,1790,5
6915.jpg,1785,1790,5
6920.jpg,1785,1750,-35
6925.jpg,1785,1695,-90
6930.jpg,1785,1067,-718
6935.jpg,1785,1790,5
6940.jpg,1785,1786,1
6945.jpg,1785,1517,-268
6950.jpg,1786,1650,-136
6955.jpg,1786,1858,72
6960.jpg,1786,1788,2
6965.jpg,1786,1343,-443
6970.jpg,1786,1812,26
6975.jpg,1786,1806,20
6980.jpg,1786,1731,-55
6985.jpg,1786,1732,-54
6990.jpg,1786,1763,-23
6995.jpg,1786,1023,-763
7000.jpg,1786,1558,-228
7005.jpg,1787,1849,62
7010.jpg,1787,1685,-102
7015.jpg,1787,1695,-92
7020.jpg,1787,1787,0
7025.jpg,1787,1854,67
7030.jpg,1787,1751,-36
7035.jpg,1787,1750,-37
7040.jpg,1787,1812,25
7045.jpg,1787,1833,46
7050.jpg,1787,1740,-47
7055.jpg,1787,1790,3
7060.jpg,1787,1740,-47
7065.jpg,1787,1832,45
7070.jpg,1787,1783,-4
7075.jpg,1787,1611,-176
7080.jpg,1787,1827,40
7085.jpg,1787,1294,-493
7090.jpg,1788,1831,43
7095.jpg,1788,1748,-40
7100.jpg,1788,1842,54
7105.jpg,1788,1813,25
7110.jpg,1788,1813,25
7115.jpg,1788,1809,21
7120.jpg,1788,1815,27
7125.jpg,1788,1795,7
7130.jpg,1788,1790,2
7135.jpg,1788,1723,-65
7140.jpg,1788,1756,-32
7145.jpg,1789,1827,38
7150.jpg,1789,1764,-25
7155.jpg,1789,1747,-42
7160.jpg,1789,1853,64
7165.jpg,1789,1764,-25
7170.jpg,1789,1756,-33
7175.jpg,1789,1800,11
7180.jpg,1789,1800,11
7185.jpg,1789,1844,55
7190.jpg,1789,1597,-192
7195.jpg,1789,1719,-70
7200.jpg,1790,1816,26
7205.jpg,1790,1834,44
7210.jpg,1790,1788,-2
7215.jpg,1790,1858,68
7220.jpg,1790,1803,13
7225.jpg,1790,1735,-55
7230.jpg,1790,1795,5
7235.jpg,1790,1820,30
7240.jpg,1790,1710,-80
7245.jpg,1790,1790,0
7250.jpg,1790,1812,22
7255.jpg,1790,1860,70
7260.jpg,1790,1720,-70
7265.jpg,1790,1879,89
7270.jpg,1790,1740,-50
7275.jpg,1790,1839,49
7280.jpg,1790,1815,25
7285.jpg,1790,1762,-28
7290.jpg,1790,1860,70
7295.jpg,1790,1790,0
7300.jpg,1790,1855,65
7305.jpg,1790,1809,19
7310.jpg,1790,1790,0
7315.jpg,1790,1750,-40
7320.jpg,1790,1840,50
7325.jpg,1790,1704,-86
7330.jpg,1790,1827,37
7335.jpg,1790,1720,-70
7340.jpg,1790,1816,26
7345.jpg,1790,1825,35
7350.jpg,1790,1813,23
7355.jpg,1790,1795,5
7360.jpg,1790,1830,40
7365.jpg,1790,1676,-114
7370.jpg,1790,1736,-54
7375.jpg,1790,1860,70
7380.jpg,1790,1574,-216
7385.jpg,1791,1945,154
7390.jpg,1791,1817,26
7395.jpg,1791,1764,-27
7400.jpg,1791,1550,-241
7405.jpg,1791,1861,70
7410.jpg,1791,1790,-1
7415.jpg,1791,1790,-1
7420.jpg,1791,1815,24
7425.jpg,1791,1792,1
7430.jpg,1791,1722,-69
7435.jpg,1791,1608,-183
7440.jpg,1792,1663,-129
7445.jpg,1792,1823,31
7450.jpg,1792,1764,-28
7455.jpg,1792,1829,37
7460.jpg,1792,1825,33
7465.jpg,1792,1750,-42
7470.jpg,1792,1812,20
7475.jpg,1792,1830,38
7480.jpg,1792,1827,35
7485.jpg,1792,1812,20
7490.jpg,1792,1827,35
7495.jpg,1792,1731,-61
7500.jpg,1792,1815,23
7505.jpg,1792,1698,-94
7510.jpg,1793,1753,-40
7515.jpg,1793,1985,192
7520.jpg,1793,1690,-103
7525.jpg,1793,1841,48
7530.jpg,1793,1817,24
7535.jpg,1793,1350,-443
7540.jpg,1793,1812,19
7545.jpg,1793,1860,67
7550.jpg,1793,1827,34
7555.jpg,1793,1809,16
7560.jpg,1793,1812,19
7565.jpg,1793,1809,16
7570.jpg,1793,1758,-35
7575.jpg,1793,1820,27
7580.jpg,1793,1750,-43
7585.jpg,1793,1813,20
7590.jpg,1793,1849,56
7595.jpg,1794,1900,106
7600.jpg,1794,1685,-109
7605.jpg,1794,1869,75
7610.jpg,1794,1812,18
7615.jpg,1794,1854,60
7620.jpg,1794,1795,1
7625.jpg,1794,1812,18
7630.jpg,1794,1722,-72
7635.jpg,1794,1790,-4
7640.jpg,1794,1794,0
7645.jpg,1794,1683,-111
7650.jpg,1794,1820,26
7655.jpg,1795,1813,18
7660.jpg,1795,1856,61
7665.jpg,1795,1943,148
7670.jpg,1795,1722,-73
7675.jpg,1795,1815,20
7680.jpg,1795,1695,-100
7685.jpg,1795,1695,-100
7690.jpg,1795,1817,22
7695.jpg,1795,1812,17
7700.jpg,1795,1851,56
7705.jpg,1795,1816,21
7710.jpg,1795,1740,-55
7715.jpg,1795,1815,20
7720.jpg,1795,1812,17
7725.jpg,1795,1785,-10
7730.jpg,1795,1812,17
7735.jpg,1795,1806,11
7740.jpg,1795,1695,-100
7745.jpg,1795,1812,17
7750.jpg,1795,1806,11
7755.jpg,1795,1813,18
7760.jpg,1795,1790,-5
7765.jpg,1795,1836,41
7770.jpg,1795,1791,-4
7775.jpg,1796,1841,45
7780.jpg,1796,1816,20
7785.jpg,1796,1813,17
7790.jpg,1796,1854,58
7795.jpg,1796,1712,-84
7800.jpg,1796,1790,-6
7805.jpg,1796,1790,-6
7810.jpg,1796,1821,25
7815.jpg,1796,1840,44
7820.jpg,1796,1722,-74
7825.jpg,1796,1819,23
7830.jpg,1796,1851,55
7835.jpg,1796,1750,-46
7840.jpg,1796,1708,-88
7845.jpg,1796,1711,-85
7850.jpg,1796,1750,-46
7855.jpg,1796,1792,-4
7860.jpg,1796,1361,-435
7865.jpg,1796,1796,0
7870.jpg,1796,1801,5
7875.jpg,1796,1401,-395
7880.jpg,1797,1809,12
7885.jpg,1797,1833,36
7890.jpg,1797,1806,9
7895.jpg,1797,1790,-7
7900.jpg,1797,1790,-7
7905.jpg,1797,1812,15
7910.jpg,1797,1717,-80
7915.jpg,1797,1883,86
7920.jpg,1797,1811,14
7925.jpg,1797,1816,19
7930.jpg,1797,1750,-47
7935.jpg,1797,1740,-57
7940.jpg,1797,1515,-282
7945.jpg,1797,1659,-138
7950.jpg,1797,1802,5
7955.jpg,1798,1991,193
7960.jpg,1798,1866,68
7965.jpg,1798,1021,-777
7970.jpg,1798,1821,23
7975.jpg,1798,1863,65
7980.jpg,1798,1750,-48
7985.jpg,1798,1859,61
7990.jpg,1798,1905,107
7995.jpg,1798,1129,-669
8000.jpg,1798,1875,77
8005.jpg,1798,1790,-8
8010.jpg,1798,1812,14
8015.jpg,1798,1851,53
8020.jpg,1798,1829,31
8025.jpg,1798,1790,-8
8030.jpg,1798,1867,69
8035.jpg,1798,1830,32
8040.jpg,1798,1840,42
8045.jpg,1798,1694,-104
8050.jpg,1798,1858,60
8055.jpg,1798,1850,52
8060.jpg,1799,2013,214
8065.jpg,1799,1863,64
8070.jpg,1799,1779,-20
8075.jpg,1799,1720,-79
8080.jpg,1799,1795,-4
8085.jpg,1799,1812,13
8090.jpg,1799,1764,-35
8095.jpg,1799,1796,-3
8100.jpg,1799,1833,34
8105.jpg,1799,1825,26
8110.jpg,1799,1610,-189
8115.jpg,1800,1804,4
8120.jpg,1800,1943,143
8125.jpg,1800,1761,-39
8130.jpg,1800,1350,-450
8135.jpg,1800,1695,-105
8140.jpg,1800,1806,6
8145.jpg,1800,1800,0
8150.jpg,1800,1840,40
8155.jpg,1800,1856,56
8160.jpg,1800,1813,13
8165.jpg,1800,1813,13
8170.jpg,1800,1790,-10
8175.jpg,1800,1750,-50
8180.jpg,1800,1819,19
8185.jpg,1800,1825,25
8190.jpg,1800,1763,-37
8195.jpg,1800,1812,12
8200.jpg,1800,1825,25
8205.jpg,1800,1806,6
8210.jpg,1800,1695,-105
8215.jpg,1800,1904,104
8220.jpg,1800,1813,13
8225.jpg,1800,1820,20
8230.jpg,1800,1790,-10
8235.jpg,1800,1812,12
8240.jpg,1800,1844,44
8245.jpg,1800,1850,50
8250.jpg,1800,1735,-65
8255.jpg,1800,1815,15
8260.jpg,1800,1790,-10
8265.jpg,1800,1816,16
8270.jpg,1800,1812,12
8275.jpg,1800,1750,-50
8280.jpg,1800,1795,-5
8285.jpg,1800,1913,113
8290.jpg,1800,1831,31
8295.jpg,1800,1923,123
8300.jpg,1801,1849,48
8305.jpg,1801,1943,142
8310.jpg,1801,1827,26
8315.jpg,1801,1873,72
8320.jpg,1801,1820,19
8325.jpg,1801,1873,72
8330.jpg,1801,1806,5
8335.jpg,1801,1912,111
8340.jpg,1801,1803,2
8345.jpg,1801,1847,46
8350.jpg,1801,1659,-142
8355.jpg,1801,1750,-51
8360.jpg,1801,1820,19
8365.jpg,1801,1650,-151
8370.jpg,1801,1786,-15
8375.jpg,1802,1938,136
8380.jpg,1802,1864,62
8385.jpg,1802,1643,-159
8390.jpg,1802,1812,10
8395.jpg,1802,1585,-217
8400.jpg,1802,1695,-107
8405.jpg,1802,1812,10
8410.jpg,1802,1756,-46
8415.jpg,1802,1821,19
8420.jpg,1802,1858,56
8425.jpg,1802,1756,-46
8430.jpg,1802,1723,-79
8435.jpg,1802,1685,-117
8440.jpg,1803,1910,107
8445.jpg,1803,1812,9
8450.jpg,1803,1819,16
8455.jpg,1803,1812,9
8460.jpg,1803,1732,-71
8465.jpg,1803,1806,3
8470.jpg,1803,1735,-68
8475.jpg,1803,1825,22
8480.jpg,1803,1847,44
8485.jpg,1803,1812,9
8490.jpg,1803,1851,48
8495.jpg,1803,1792,-11
8500.jpg,1803,1842,39
8505.jpg,1803,1847,44
8510.jpg,1804,1902,98
8515.jpg,1804,1824,20
8520.jpg,1804,1518,-286
8525.jpg,1804,1553,-251
8530.jpg,1804,1858,54
8535.jpg,1804,1790,-14
8540.jpg,1804,1842,38
8545.jpg,1804,1811,7
8550.jpg,1804,1839,35
8555.jpg,1804,1830,26
8560.jpg,1804,1832,28
8565.jpg,1804,1746,-58
8570.jpg,1804,1740,-64
8575.jpg,1804,1740,-64
8580.jpg,1804,1721,-83
8585.jpg,1805,1821,16
8590.jpg,1805,1817,12
8595.jpg,1805,1788,-17
8600.jpg,1805,1831,26
8605.jpg,1805,1779,-26
8610.jpg,1805,1669,-136
8615.jpg,1805,1840,35
8620.jpg,1805,1640,-165
8625.jpg,1805,1809,4
8630.jpg,1805,1129,-676
8635.jpg,1805,1892,87
8640.jpg,1805,1735,-70
8645.jpg,1805,1851,46
8650.jpg,1805,1877,72
8655.jpg,1805,1871,66
8660.jpg,1805,1857,52
8665.jpg,1805,1825,20
8670.jpg,1805,1768,-37
8675.jpg,1805,1812,7
8680.jpg,1805,1815,10
8685.jpg,1805,1827,22
8690.jpg,1805,1863,58
8695.jpg,1806,1695,-111
8700.jpg,1806,1821,15
8705.jpg,1806,1859,53
8710.jpg,1806,1788,-18
8715.jpg,1806,1795,-11
8720.jpg,1806,1984,178
8725.jpg,1806,1812,6
8730.jpg,1806,1794,-12
8735.jpg,1806,1813,7
8740.jpg,1806,1740,-66
8745.jpg,1806,1808,2
8750.jpg,1806,1830,24
8755.jpg,1806,1816,10
8760.jpg,1806,1770,-36
8765.jpg,1807,1821,14
8770.jpg,1807,1813,6
8775.jpg,1807,1833,26
8780.jpg,1807,1794,-13
8785.jpg,1807,1838,31
8790.jpg,1807,1750,-57
8795.jpg,1807,1825,18
8800.jpg,1807,1855,48
8805.jpg,1807,1795,-12
8810.jpg,1807,1740,-67
8815.jpg,1807,1790,-17
8820.jpg,1807,1812,5
8825.jpg,1807,1812,5
8830.jpg,1807,1777,-30
8835.jpg,1807,1652,-155
8840.jpg,1808,1774,-34
8845.jpg,1808,1854,46
8850.jpg,1808,1788,-20
8855.jpg,1808,1712,-96
8860.jpg,1808,1900,92
8865.jpg,1808,1790,-18
8870.jpg,1808,1832,24
8875.jpg,1808,1847,39
8880.jpg,1808,1812,4
8885.jpg,1808,1839,31
8890.jpg,1808,1804,-4
8895.jpg,1808,1762,-46
8900.jpg,1808,1834,26
8905.jpg,1808,1731,-77
8910.jpg,1809,1816,7
8915.jpg,1809,1816,7
8920.jpg,1809,1854,45
8925.jpg,1809,1812,3
8930.jpg,1809,1812,3
8935.jpg,1809,1700,-109
8940.jpg,1809,1848,39
8945.jpg,1809,1818,9
8950.jpg,1809,1806,-3
8955.jpg,1809,1801,-8
8960.jpg,1809,1129,-680
8965.jpg,1809,1732,-77
8970.jpg,1809,1820,11
8975.jpg,1810,1867,57
8980.jpg,1810,1808,-2
8985.jpg,1810,1898,88
8990.jpg,1810,1872,62
8995.jpg,1810,1858,48
9000.jpg,1810,1812,2
9005.jpg,1810,1750,-60
9010.jpg,1810,1227,-583
9015.jpg,1810,1928,118
9020.jpg,1810,1815,5
9025.jpg,1810,1695,-115
9030.jpg,1810,1860,50
9035.jpg,1810,1795,-15
9040.jpg,1810,1809,-1
9045.jpg,1810,1695,-115
9050.jpg,1810,1764,-46
9055.jpg,1810,1802,-8
9060.jpg,1810,1900,90
9065.jpg,1810,1836,26
9070.jpg,1810,1756,-54
9075.jpg,1810,1795,-15
9080.jpg,1810,1812,2
9085.jpg,1810,1825,15
9090.jpg,1810,1764,-46
9095.jpg,1810,1818,8
9100.jpg,1810,1750,-60
9105.jpg,1810,1825,15
9110.jpg,1810,1812,2
9115.jpg,1810,1750,-60
9120.jpg,1810,1840,30
9125.jpg,1810,1914,104
9130.jpg,1810,1840,30
9135.jpg,1810,1944,134
9140.jpg,1810,1899,89
9145.jpg,1810,1740,-70
9150.jpg,1811,1849,38
9155.jpg,1811,1823,12
9160.jpg,1811,1858,47
9165.jpg,1811,1791,-20
9170.jpg,1811,1750,-61
9175.jpg,1811,1740,-71
9180.jpg,1811,1873,62
9185.jpg,1811,1820,9
9190.jpg,1811,1806,-5
9195.jpg,1811,1640,-171
9200.jpg,1811,1650,-161
9205.jpg,1811,1812,1
9210.jpg,1812,1791,-21
9215.jpg,1812,1199,-613
9220.jpg,1812,1555,-257
9225.jpg,1812,1858,46
9230.jpg,1812,1816,4
9235.jpg,1812,1813,1
9240.jpg,1812,1840,28
9245.jpg,1812,1825,13
9250.jpg,1812,1920,108
9255.jpg,1812,1858,46
9260.jpg,1812,1825,13
9265.jpg,1812,1790,-22
9270.jpg,1812,1934,122
9275.jpg,1812,1825,13
9280.jpg,1812,1812,0
9285.jpg,1812,1790,-22
9290.jpg,1812,1858,46
9295.jpg,1812,1714,-98
9300.jpg,1812,1820,8
9305.jpg,1812,1812,0
9310.jpg,1813,1708,-105
9315.jpg,1813,1812,-1
9320.jpg,1813,1695,-118
9325.jpg,1813,1328,-485
9330.jpg,1813,1812,-1
9335.jpg,1813,1806,-7
9340.jpg,1813,1740,-73
9345.jpg,1813,1750,-63
9350.jpg,1813,1840,27
9355.jpg,1813,1523,-290
9360.jpg,1813,1923,110
9365.jpg,1813,1685,-128
9370.jpg,1813,1812,-1
9375.jpg,1814,1849,35
9380.jpg,1814,2000,186
9385.jpg,1814,1821,7
9390.jpg,1814,1778,-36
9395.jpg,1814,1706,-108
9400.jpg,1814,1854,40
9405.jpg,1814,1857,43
9410.jpg,1814,1846,32
9415.jpg,1814,1700,-114
9420.jpg,1814,1809,-5
9425.jpg,1814,1720,-94
9430.jpg,1814,1124,-690
9435.jpg,1814,1812,-2
9440.jpg,1814,1790,-24
9445.jpg,1814,1790,-24
9450.jpg,1814,1841,27
9455.jpg,1814,1726,-88
9460.jpg,1814,1841,27
9465.jpg,1815,1821,6
9470.jpg,1815,1865,50
9475.jpg,1815,1788,-27
9480.jpg,1815,1812,-3
9485.jpg,1815,1858,43
9490.jpg,1815,1815,0
9495.jpg,1815,1695,-120
9500.jpg,1815,1855,40
9505.jpg,1815,1820,5
9510.jpg,1815,1730,-85
9515.jpg,1815,1855,40
9520.jpg,1815,1756,-59
9525.jpg,1815,1858,43
9530.jpg,1815,1750,-65
9535.jpg,1815,1820,5
9540.jpg,1815,1750,-65
9545.jpg,1815,1704,-111
9550.jpg,1815,1750,-65
9555.jpg,1815,1811,-4
9560.jpg,1815,1816,1
9565.jpg,1815,1820,5
9570.jpg,1815,1795,-20
9575.jpg,1815,1820,5
9580.jpg,1815,1637,-178
9585.jpg,1815,1854,39
9590.jpg,1815,1809,-6
9595.jpg,1816,1960,144
9600.jpg,1816,1821,5
9605.jpg,1816,1866,50
9610.jpg,1816,1841,25
9615.jpg,1816,1829,13
9620.jpg,1816,1809,-7
9625.jpg,1816,1777,-39
9630.jpg,1816,1815,-1
9635.jpg,1816,1847,31
9640.jpg,1816,1812,-4
9645.jpg,1816,1553,-263
9650.jpg,1816,1813,-3
9655.jpg,1816,1813,-3
9660.jpg,1816,1807,-9
9665.jpg,1816,1725,-91
9670.jpg,1816,1795,-21
9675.jpg,1816,1785,-31
9680.jpg,1816,1751,-65
9685.jpg,1816,1858,42
9690.jpg,1816,1750,-66
9695.jpg,1816,1851,35
9700.jpg,1816,1896,80
9705.jpg,1816,1715,-101
9710.jpg,1816,1833,17
9715.jpg,1817,1862,45
9720.jpg,1817,1699,-118
9725.jpg,1817,1817,0
9730.jpg,1817,1879,62
9735.jpg,1817,1825,8
9740.jpg,1817,1860,43
9745.jpg,1817,1820,3
9750.jpg,1817,1812,-5
9755.jpg,1817,1835,18
9760.jpg,1817,1764,-53
9765.jpg,1817,1815,-2
9770.jpg,1817,1890,73
9775.jpg,1817,1986,169
9780.jpg,1817,1787,-30
9785.jpg,1817,1847,30
9790.jpg,1818,1820,2
9795.jpg,1818,1938,120
9800.jpg,1818,1832,14
9805.jpg,1818,1920,102
9810.jpg,1818,1833,15
9815.jpg,1818,1863,45
9820.jpg,1818,1818,0
9825.jpg,1818,1750,-68
9830.jpg,1818,1740,-78
9835.jpg,1818,1858,40
9840.jpg,1818,1820,2
9845.jpg,1818,1886,68
9850.jpg,1818,1865,47
9855.jpg,1818,1839,21
9860.jpg,1818,1812,-6
9865.jpg,1818,1812,-6
9870.jpg,1818,1830,12
9875.jpg,1818,1816,-2
9880.jpg,1818,1790,-28
9885.jpg,1818,1956,138
9890.jpg,1818,1838,20
9895.jpg,1818,1809,-9
9900.jpg,1818,1847,29
9905.jpg,1818,1802,-16
9910.jpg,1819,1715,-104
9915.jpg,1819,1861,42
9920.jpg,1819,1788,-31
9925.jpg,1819,1854,35
9930.jpg,1819,1815,-4
9935.jpg,1819,1830,11
9940.jpg,1819,1790,-29
9945.jpg,1819,1825,6
9950.jpg,1819,1941,122
9955.jpg,1819,1815,-4
9960.jpg,1819,1815,-4
9965.jpg,1819,1825,6
9970.jpg,1819,1813,-6
9975.jpg,1819,1886,67
9980.jpg,1819,1835,16
9985.jpg,1820,1732,-88
9990.jpg,1820,1753,-67
9995.jpg,1820,1927,107
10000.jpg,1820,1813,-7
10005.jpg,1820,1821,1
10010.jpg,1820,1864,44
10015.jpg,1820,1788,-32
10020.jpg,1820,1854,34
10025.jpg,1820,1640,-180
10030.jpg,1820,1860,40
10035.jpg,1820,1775,-45
10040.jpg,1820,1860,40
10045.jpg,1820,1839,19
10050.jpg,1820,1827,7
10055.jpg,1820,1401,-419
10060.jpg,1820,1835,15
10065.jpg,1820,1815,-5
10070.jpg,1820,1813,-7
10075.jpg,1820,1820,0
10080.jpg,1820,1860,40
10085.jpg,1820,1854,34
10090.jpg,1820,1812,-8
10095.jpg,1820,1836,16
10100.jpg,1820,1790,-30
10105.jpg,1820,1750,-70
10110.jpg,1820,1820,0
10115.jpg,1820,1830,10
10120.jpg,1820,1812,-8
10125.jpg,1820,1873,53
10130.jpg,1820,1790,-30
10135.jpg,1820,1790,-30
10140.jpg,1820,1815,-5
10145.jpg,1820,1790,-30
10150.jpg,1820,1835,15
10155.jpg,1820,1815,-5
10160.jpg,1820,1812,-8
10165.jpg,1820,1750,-70
10170.jpg,1820,1790,-30
10175.jpg,1820,1864,44
10180.jpg,1820,1820,0
10185.jpg,1820,1858,38
10190.jpg,1820,1820,0
10195.jpg,1821,1824,3
10200.jpg,1821,1912,91
10205.jpg,1821,1756,-65
10210.jpg,1821,1946,125
10215.jpg,1821,1858,37
10220.jpg,1821,1851,30
10225.jpg,1821,1896,75
10230.jpg,1821,1803,-18
10235.jpg,1821,1860,39
10240.jpg,1821,1810,-11
10245.jpg,1821,1740,-81
10250.jpg,1821,1827,6
10255.jpg,1821,1740,-81
10260.jpg,1821,1790,-31
10265.jpg,1821,1834,13
10270.jpg,1821,1618,-203
10275.jpg,1821,1841,20
10280.jpg,1822,1518,-304
10285.jpg,1822,1883,61
10290.jpg,1822,1642,-180
10295.jpg,1822,1854,32
10300.jpg,1822,1833,11
10305.jpg,1822,1820,-2
10310.jpg,1822,1812,-10
10315.jpg,1822,1740,-82
10320.jpg,1822,1750,-72
10325.jpg,1822,1820,-2
10330.jpg,1822,1860,38
10335.jpg,1822,1790,-32
10340.jpg,1822,1871,49
10345.jpg,1822,1875,53
10350.jpg,1822,1496,-326
10355.jpg,1822,1841,19
10360.jpg,1823,1144,-679
10365.jpg,1823,1858,35
10370.jpg,1823,1839,16
10375.jpg,1823,1854,31
10380.jpg,1823,1699,-124
10385.jpg,1823,1857,34
10390.jpg,1823,1860,37
10395.jpg,1823,1863,40
10400.jpg,1823,1800,-23
10405.jpg,1823,1820,-3
10410.jpg,1823,1848,25
10415.jpg,1823,1827,4
10420.jpg,1823,1795,-28
10425.jpg,1823,1792,-31
10430.jpg,1823,1695,-128
10435.jpg,1823,1860,37
10440.jpg,1823,1840,17
10445.jpg,1823,1920,97
10450.jpg,1823,1350,-473
10455.jpg,1824,1817,-7
10460.jpg,1824,1750,-74
10465.jpg,1824,1841,17
10470.jpg,1824,1817,-7
10475.jpg,1824,1344,-480
10480.jpg,1824,1854,30
10485.jpg,1824,1550,-274
10490.jpg,1824,1632,-192
10495.jpg,1824,1825,1
10500.jpg,1824,1815,-9
10505.jpg,1824,1800,-24
10510.jpg,1824,1790,-34
10515.jpg,1824,1750,-74
10520.jpg,1824,1847,23
10525.jpg,1824,1845,21
10530.jpg,1824,1795,-29
10535.jpg,1824,1833,9
10540.jpg,1824,1858,34
10545.jpg,1824,1910,86
10550.jpg,1825,1826,1
10555.jpg,1825,1874,49
10560.jpg,1825,1841,16
10565.jpg,1825,1833,8
10570.jpg,1825,1841,16
10575.jpg,1825,1873,48
10580.jpg,1825,1856,31
10585.jpg,1825,1856,31
10590.jpg,1825,1750,-75
10595.jpg,1825,1790,-35
10600.jpg,1825,1815,-10
10605.jpg,1825,1858,33
10610.jpg,1825,1820,-5
10615.jpg,1825,1851,26
10620.jpg,1825,1792,-33
10625.jpg,1825,1740,-85
10630.jpg,1825,1812,-13
10635.jpg,1825,1925,100
10640.jpg,1825,1740,-85
10645.jpg,1825,1785,-40
10650.jpg,1825,1832,7
10655.jpg,1825,1825,0
10660.jpg,1825,1812,-13
10665.jpg,1825,1839,14
10670.jpg,1825,1855,30
10675.jpg,1825,1813,-12
10680.jpg,1825,1841,16
10685.jpg,1825,1830,5
10690.jpg,1825,1700,-125
10695.jpg,1825,1785,-40
10700.jpg,1825,1834,9
10705.jpg,1825,1825,0
10710.jpg,1825,1501,-324
10715.jpg,1825,1831,6
10720.jpg,1825,1790,-35
10725.jpg,1825,1250,-575
10730.jpg,1826,1831,5
10735.jpg,1826,1820,-6
10740.jpg,1826,1715,-111
10745.jpg,1826,1827,1
10750.jpg,1826,1715,-111
10755.jpg,1826,1854,28
10760.jpg,1826,1827,1
10765.jpg,1826,1830,4
10770.jpg,1826,1865,39
10775.jpg,1826,1861,35
10780.jpg,1826,1858,32
10785.jpg,1826,1790,-36
10790.jpg,1826,1840,14
10795.jpg,1826,1790,-36
10800.jpg,1826,1900,74
10805.jpg,1826,1722,-104
10810.jpg,1826,1790,-36
10815.jpg,1826,1833,7
10820.jpg,1826,1847,21
10825.jpg,1826,1874,48
10830.jpg,1826,1932,106
10835.jpg,1827,1834,7
10840.jpg,1827,1823,-4
10845.jpg,1827,1821,-6
10850.jpg,1827,1863,36
10855.jpg,1827,1854,27
10860.jpg,1827,1864,37
10865.jpg,1827,1144,-683
10870.jpg,1827,1857,30
10875.jpg,1827,1825,-2
10880.jpg,1827,1855,28
10885.jpg,1827,1875,48
10890.jpg,1827,1820,-7
10895.jpg,1827,1816,-11
10900.jpg,1827,1510,-317
10905.jpg,1827,1750,-77
10910.jpg,1827,1860,33
10915.jpg,1827,1812,-15
10920.jpg,1827,1812,-15
10925.jpg,1827,1841,14
10930.jpg,1827,1898,71
10935.jpg,1827,1803,-24
10940.jpg,1827,1943,116
10945.jpg,1828,1787,-41
10950.jpg,1828,1817,-11
10955.jpg,1828,1782,-46
10960.jpg,1828,1816,-12
10965.jpg,1828,1811,-17
10970.jpg,1828,1864,36
10975.jpg,1828,1854,26
10980.jpg,1828,1858,30
10985.jpg,1828,1831,3
10990.jpg,1828,1855,27
10995.jpg,1828,1812,-16
11000.jpg,1828,1731,-97
11005.jpg,1828,1839,11
11010.jpg,1828,1812,-16
11015.jpg,1828,1712,-116
11020.jpg,1828,1812,-16
11025.jpg,1828,1750,-78
11030.jpg,1828,1855,27
11035.jpg,1828,1847,19
11040.jpg,1828,1750,-78
11045.jpg,1828,1858,30
11050.jpg,1828,1548,-280
11055.jpg,1828,1025,-803
11060.jpg,1828,1786,-42
11065.jpg,1829,1779,-50
11070.jpg,1829,1840,11
11075.jpg,1829,1834,5
11080.jpg,1829,1827,-2
11085.jpg,1829,1841,12
11090.jpg,1829,1850,21
11095.jpg,1829,1857,28
11100.jpg,1829,1829,0
11105.jpg,1829,1854,25
11110.jpg,1829,1683,-146
11115.jpg,1829,1550,-279
11120.jpg,1829,1864,35
11125.jpg,1829,1812,-17
11130.jpg,1829,1848,19
11135.jpg,1829,1856,27
11140.jpg,1829,1852,23
11145.jpg,1829,1832,3
11150.jpg,1829,1910,81
11155.jpg,1829,1927,98
11160.jpg,1829,1740,-89
11165.jpg,1829,1855,26
11170.jpg,1830,1821,-9
11175.jpg,1830,1889,59
11180.jpg,1830,1819,-11
11185.jpg,1830,1863,33
11190.jpg,1830,1788,-42
11195.jpg,1830,1594,-236
11200.jpg,1830,1849,19
11205.jpg,1830,1863,33
11210.jpg,1830,1887,57
11215.jpg,1830,1790,-40
11220.jpg,1830,1823,-7
11225.jpg,1830,1825,-5
11230.jpg,1830,1790,-40
11235.jpg,1830,1860,30
11240.jpg,1830,1815,-15
11245.jpg,1830,1900,70
11250.jpg,1830,1825,-5
11255.jpg,1830,1838,8
11260.jpg,1830,1812,-18
11265.jpg,1830,1820,-10
11270.jpg,1830,1750,-80
11275.jpg,1830,1836,6
11280.jpg,1830,1815,-15
11285.jpg,1830,1775,-55
11290.jpg,1830,1790,-40
11295.jpg,1830,1830,0
11300.jpg,1830,1839,9
11305.jpg,1830,1740,-90
11310.jpg,1830,1812,-18
11315.jpg,1830,1820,-10
11320.jpg,1830,1812,-18
11325.jpg,1830,1873,43
11330.jpg,1830,1820,-10
11335.jpg,1830,1840,10
11340.jpg,1830,1942,112
11345.jpg,1830,1920,90
11350.jpg,1830,1925,95
11355.jpg,1830,1813,-17
11360.jpg,1830,1812,-18
11365.jpg,1830,1826,-4
11370.jpg,1830,1811,-19
11375.jpg,1830,1659,-171
11380.jpg,1830,1866,36
11385.jpg,1830,1788,-42
11390.jpg,1830,1887,57
11395.jpg,1830,1827,-3
11400.jpg,1831,1815,-16
11405.jpg,1831,1792,-39
11410.jpg,1831,1788,-43
11415.jpg,1831,1863,32
11420.jpg,1831,1849,18
11425.jpg,1831,1858,27
11430.jpg,1831,1871,40
11435.jpg,1831,1854,23
11440.jpg,1831,1912,81
11445.jpg,1831,1953,122
11450.jpg,1831,1832,1
11455.jpg,1831,1792,-39
11460.jpg,1831,1858,27
11465.jpg,1831,1812,-19
11470.jpg,1831,1806,-25
11475.jpg,1831,1840,9
11480.jpg,1831,1812,-19
11485.jpg,1831,1611,-220
11490.jpg,1832,1946,114
11495.jpg,1832,1840,8
11500.jpg,1832,1838,6
11505.jpg,1832,1803,-29
11510.jpg,1832,1746,-86
11515.jpg,1832,1872,40
11520.jpg,1832,1873,41
11525.jpg,1832,1871,39
11530.jpg,1832,1790,-42
11535.jpg,1832,1812,-20
11540.jpg,1832,1839,7
11545.jpg,1832,1898,66
11550.jpg,1832,1851,19
11555.jpg,1832,1750,-82
11560.jpg,1832,1834,2
11565.jpg,1832,1850,18
11570.jpg,1832,1865,33
11575.jpg,1832,1812,-20
11580.jpg,1832,1835,3
11585.jpg,1832,1961,129
11590.jpg,1832,1756,-76
11595.jpg,1832,1835,3
11600.jpg,1832,1841,9
11605.jpg,1832,1820,-12
11610.jpg,1832,1830,-2
11615.jpg,1832,1818,-14
11620.jpg,1832,1817,-15
11625.jpg,1832,1813,-19
11630.jpg,1832,1901,69
11635.jpg,1832,1839,7
11640.jpg,1832,1827,-5
11645.jpg,1833,1909,76
11650.jpg,1833,1863,30
11655.jpg,1833,1841,8
11660.jpg,1833,1756,-77
11665.jpg,1833,1756,-77
11670.jpg,1833,1788,-45
11675.jpg,1833,1829,-4
11680.jpg,1833,1854,21
11685.jpg,1833,1863,30
11690.jpg,1833,1819,-14
11695.jpg,1833,1858,25
11700.jpg,1833,1695,-138
11705.jpg,1833,1864,31
11710.jpg,1833,1795,-38
11715.jpg,1833,1815,-18
11720.jpg,1833,1840,7
11725.jpg,1833,1855,22
11730.jpg,1833,1815,-18
11735.jpg,1833,1824,-9
11740.jpg,1833,1847,14
11745.jpg,1833,1812,-21
11750.jpg,1833,1818,-15
11755.jpg,1833,1736,-97
11760.jpg,1833,1812,-21
11765.jpg,1833,1768,-65
11770.jpg,1834,1821,-13
11775.jpg,1834,1795,-39
11780.jpg,1834,1827,-7
11785.jpg,1834,1642,-192
11790.jpg,1834,1820,-14
11795.jpg,1834,1839,5
11800.jpg,1834,1815,-19
11805.jpg,1834,1779,-55
11810.jpg,1834,1885,51
11815.jpg,1834,1750,-84
11820.jpg,1834,1849,15
11825.jpg,1834,1806,-28
11830.jpg,1834,1847,13
11835.jpg,1834,1876,42
11840.jpg,1834,1812,-22
11845.jpg,1834,1740,-94
11850.jpg,1834,1836,2
11855.jpg,1834,1840,6
11860.jpg,1834,1943,109
11865.jpg,1834,1820,-14
11870.jpg,1834,1944,110
11875.jpg,1834,1764,-70
11880.jpg,1834,1851,17
11885.jpg,1834,1750,-84
11890.jpg,1834,1787,-47
11895.jpg,1834,1827,-7
11900.jpg,1835,1827,-8
11905.jpg,1835,1740,-95
11910.jpg,1835,1989,154
11915.jpg,1835,1851,16
11920.jpg,1835,1750,-85
11925.jpg,1835,1746,-89
11930.jpg,1835,1831,-4
11935.jpg,1835,1833,-2
11940.jpg,1835,1905,70
11945.jpg,1835,1868,33
11950.jpg,1835,1089,-746
11955.jpg,1835,1740,-95
11960.jpg,1835,1820,-15
11965.jpg,1835,1944,109
11970.jpg,1835,1815,-20
11975.jpg,1835,1740,-95
11980.jpg,1835,1884,49
11985.jpg,1835,1740,-95
11990.jpg,1835,1888,53
11995.jpg,1835,1843,8
12000.jpg,1835,1897,62
12005.jpg,1835,1860,25
12010.jpg,1835,1851,16
12015.jpg,1835,1750,-85
12020.jpg,1835,1898,63
12025.jpg,1835,1835,0
12030.jpg,1835,1792,-43
12035.jpg,1835,1820,-15
12040.jpg,1835,1790,-45
12045.jpg,1835,1825,-10
12050.jpg,1835,1812,-23
12055.jpg,1835,1857,22
12060.jpg,1835,1540,-295
12065.jpg,1835,1740,-95
12070.jpg,1835,1815,-20
12075.jpg,1835,1740,-95
12080.jpg,1835,1818,-17
12085.jpg,1835,1790,-45
12090.jpg,1835,1858,23
12095.jpg,1835,1858,23
12100.jpg,1835,1851,16
12105.jpg,1835,1854,19
12110.jpg,1835,1090,-745
12115.jpg,1835,1827,-8
12120.jpg,1835,1847,12
12125.jpg,1835,1804,-31
12130.jpg,1836,1675,-161
12135.jpg,1836,1935,99
12140.jpg,1836,1833,-3
12145.jpg,1836,1856,20
12150.jpg,1836,1841,5
12155.jpg,1836,1841,5
12160.jpg,1836,1944,108
12165.jpg,1836,1833,-3
12170.jpg,1836,1859,23
12175.jpg,1836,1825,-11
12180.jpg,1836,1841,5
12185.jpg,1836,1858,22
12190.jpg,1836,1851,15
12195.jpg,1836,1832,-4
12200.jpg,1836,1875,39
12205.jpg,1836,1855,19
12210.jpg,1836,1830,-6
12215.jpg,1836,1845,9
12220.jpg,1836,1812,-24
12225.jpg,1836,1841,5
12230.jpg,1836,1847,11
12235.jpg,1836,1840,4
12240.jpg,1836,1616,-220
12245.jpg,1836,1851,15
12250.jpg,1836,1812,-24
12255.jpg,1836,1836,0
12260.jpg,1836,1812,-24
12265.jpg,1836,1815,-21
12270.jpg,1836,1859,23
12275.jpg,1836,1788,-48
12280.jpg,1837,1821,-16
12285.jpg,1837,1849,12
12290.jpg,1837,1847,10
12295.jpg,1837,1863,26
12300.jpg,1837,1834,-3
12305.jpg,1837,1816,-21
12310.jpg,1837,1880,43
12315.jpg,1837,1788,-49
12320.jpg,1837,1941,104
12325.jpg,1837,1856,19
12330.jpg,1837,1857,20
12335.jpg,1837,1806,-31
12340.jpg,1837,1813,-24
12345.jpg,1837,1697,-140
12350.jpg,1837,1839,2
12355.jpg,1837,1860,23
12360.jpg,1837,1839,2
12365.jpg,1837,1860,23
12370.jpg,1837,1859,22
12375.jpg,1837,1813,-24
12380.jpg,1837,1865,28
12385.jpg,1837,1830,-7
12390.jpg,1837,1833,-4
12395.jpg,1837,1847,10
12400.jpg,1837,1835,-2
12405.jpg,1837,1820,-17
12410.jpg,1837,1825,-12
12415.jpg,1837,1885,48
12420.jpg,1837,1815,-22
12425.jpg,1837,1834,-3
12430.jpg,1837,1812,-25
12435.jpg,1837,1938,101
12440.jpg,1837,1943,106
12445.jpg,1837,1834,-3
12450.jpg,1838,1899,61
12455.jpg,1838,1868,30
12460.jpg,1838,1160,-678
12465.jpg,1838,1841,3
12470.jpg,1838,1840,2
12475.jpg,1838,1917,79
12480.jpg,1838,1553,-285
12485.jpg,1838,1864,26
12490.jpg,1838,1857,19
12495.jpg,1838,1854,16
12500.jpg,1838,1857,19
12505.jpg,1838,1790,-48
12510.jpg,1838,1820,-18
12515.jpg,1838,1860,22
12520.jpg,1838,1740,-98
12525.jpg,1838,1827,-11
12530.jpg,1838,1869,31
12535.jpg,1838,1855,17
12540.jpg,1838,1845,7
12545.jpg,1838,1832,-6
12550.jpg,1838,1831,-7
12555.jpg,1838,1811,-27
12560.jpg,1838,1855,17
12565.jpg,1838,1830,-8
12570.jpg,1838,1851,13
12575.jpg,1838,1720,-118
12580.jpg,1838,1840,2
12585.jpg,1838,1812,-26
12590.jpg,1838,1839,1
12595.jpg,1838,1839,1
12600.jpg,1838,1860,22
12605.jpg,1838,1903,65
12610.jpg,1838,1858,20
12615.jpg,1838,1788,-50
12620.jpg,1838,1714,-124
12625.jpg,1839,1735,-104
12630.jpg,1839,1833,-6
12635.jpg,1839,1850,11
12640.jpg,1839,1961,122
12645.jpg,1839,1898,59
12650.jpg,1839,1854,15
12655.jpg,1839,1858,19
12660.jpg,1839,1855,16
12665.jpg,1839,1874,35
12670.jpg,1839,1811,-28
12675.jpg,1839,1812,-27
12680.jpg,1839,1820,-19
12685.jpg,1839,1816,-23
12690.jpg,1839,1929,90
12695.jpg,1839,1834,-5
12700.jpg,1839,1864,25
12705.jpg,1839,1695,-144
12710.jpg,1839,1732,-107
12715.jpg,1839,1833,-6
12720.jpg,1839,1795,-44
12725.jpg,1839,1740,-99
12730.jpg,1839,1815,-24
12735.jpg,1839,1851,12
12740.jpg,1839,1839,0
12745.jpg,1839,1851,12
12750.jpg,1839,1886,47
12755.jpg,1839,1790,-49
12760.jpg,1839,1847,8
12765.jpg,1839,1550,-289
12770.jpg,1839,1024,-815
12775.jpg,1839,1957,118
12780.jpg,1840,1824,-16
12785.jpg,1840,1858,18
12790.jpg,1840,1838,-2
12795.jpg,1840,1834,-6
12800.jpg,1840,1813,-27
12805.jpg,1840,1858,18
12810.jpg,1840,1792,-48
12815.jpg,1840,1858,18
12820.jpg,1840,1828,-12
12825.jpg,1840,1867,27
12830.jpg,1840,1867,27
12835.jpg,1840,1944,104
12840.jpg,1840,1854,14
12845.jpg,1840,1812,-28
12850.jpg,1840,1841,1
12855.jpg,1840,2000,160
12860.jpg,1840,1839,-1
12865.jpg,1840,1740,-100
12870.jpg,1840,1740,-100
12875.jpg,1840,1856,16
12880.jpg,1840,1839,-1
12885.jpg,1840,1697,-143
12890.jpg,1840,1812,-28
12895.jpg,1840,1790,-50
12900.jpg,1840,1820,-20
12905.jpg,1840,1918,78
12910.jpg,1840,1841,1
12915.jpg,1840,1857,17
12920.jpg,1840,1858,18
12925.jpg,1840,1813,-27
12930.jpg,1840,1892,52
12935.jpg,1840,1855,15
12940.jpg,1840,1839,-1
12945.jpg,1840,1860,20
12950.jpg,1840,1812,-28
12955.jpg,1840,1820,-20
12960.jpg,1840,1839,-1
12965.jpg,1840,1812,-28
12970.jpg,1840,1839,-1
12975.jpg,1840,1815,-25
12980.jpg,1840,1860,20
12985.jpg,1840,1818,-22
12990.jpg,1840,1851,11
12995.jpg,1840,1610,-230
13000.jpg,1840,1851,11
13005.jpg,1840,1800,-40
13010.jpg,1840,1860,20
13015.jpg,1840,1855,15
13020.jpg,1840,1861,21
13025.jpg,1840,1554,-286
13030.jpg,1841,1864,23
13035.jpg,1841,1812,-29
13040.jpg,1841,1842,1
13045.jpg,1841,1860,19
13050.jpg,1841,1863,22
13055.jpg,1841,1827,-14
13060.jpg,1841,1861,20
13065.jpg,1841,1833,-8
13070.jpg,1841,1829,-12
13075.jpg,1841,1858,17
13080.jpg,1841,1825,-16
13085.jpg,1841,1958,117
13090.jpg,1841,1907,66
13095.jpg,1841,1918,77
13100.jpg,1841,1847,6
13105.jpg,1841,1877,36
13110.jpg,1841,1851,10
13115.jpg,1841,1864,23
13120.jpg,1841,2008,167
13125.jpg,1841,1830,-11
13130.jpg,1841,1553,-288
13135.jpg,1841,1833,-8
13140.jpg,1841,1988,147
13145.jpg,1842,1854,12
13150.jpg,1842,1940,98
13155.jpg,1842,1864,22
13160.jpg,1842,1835,-7
13165.jpg,1842,1816,-26
13170.jpg,1842,1839,-3
13175.jpg,1842,1854,12
13180.jpg,1842,1900,58
13185.jpg,1842,1850,8
13190.jpg,1842,1851,9
13195.jpg,1842,1810,-32
13200.jpg,1842,1893,51
13205.jpg,1842,1812,-30
13210.jpg,1842,1840,-2
13215.jpg,1842,1835,-7
13220.jpg,1842,1813,-29
13225.jpg,1842,1860,18
13230.jpg,1842,1856,14
13235.jpg,1842,1790,-52
13240.jpg,1842,1812,-30
13245.jpg,1842,1860,18
13250.jpg,1842,1855,13
13255.jpg,1842,1825,-17
13260.jpg,1842,1839,-3
13265.jpg,1842,1812,-30
13270.jpg,1842,1855,13
13275.jpg,1842,1806,-36
13280.jpg,1842,1258,-584
13285.jpg,1842,1851,9
13290.jpg,1842,1864,22
13295.jpg,1842,1593,-249
13300.jpg,1843,1827,-16
13305.jpg,1843,1821,-22
13310.jpg,1843,1841,-2
13315.jpg,1843,1871,28
13320.jpg,1843,1839,-4
13325.jpg,1843,1812,-31
13330.jpg,1843,1812,-31
13335.jpg,1843,1855,12
13340.jpg,1843,1846,3
13345.jpg,1843,1896,53
13350.jpg,1843,1840,-3
13355.jpg,1843,1865,22
13360.jpg,1843,1859,16
13365.jpg,1843,1856,13
13370.jpg,1843,1803,-40
13375.jpg,1843,1839,-4
13380.jpg,1843,1839,-4
13385.jpg,1843,1840,-3
13390.jpg,1843,1847,4
13395.jpg,1843,1851,8
13400.jpg,1843,1816,-27
13405.jpg,1843,1834,-9
13410.jpg,1843,1806,-37
13415.jpg,1843,1883,40
13420.jpg,1843,1790,-53
13425.jpg,1843,1847,4
13430.jpg,1844,1906,62
13435.jpg,1844,1833,-11
13440.jpg,1844,1849,5
13445.jpg,1844,1961,117
13450.jpg,1844,1867,23
13455.jpg,1844,1851,7
13460.jpg,1844,1849,5
13465.jpg,1844,1839,-5
13470.jpg,1844,1841,-3
13475.jpg,1844,1870,26
13480.jpg,1844,1851,7
13485.jpg,1844,1812,-32
13490.jpg,1844,1851,7
13495.jpg,1844,1750,-94
13500.jpg,1844,1858,14
13505.jpg,1844,1812,-32
13510.jpg,1844,1790,-54
13515.jpg,1844,1857,13
13520.jpg,1844,1847,3
13525.jpg,1844,1844,0
13530.jpg,1844,1854,10
13535.jpg,1844,1830,-14
13540.jpg,1844,1854,10
13545.jpg,1844,1834,-10
13550.jpg,1844,1847,3
13555.jpg,1844,1888,44
13560.jpg,1844,1830,-14
13565.jpg,1845,1997,152
13570.jpg,1845,1827,-18
13575.jpg,1845,1881,36
13580.jpg,1845,1850,5
13585.jpg,1845,1661,-184
13590.jpg,1845,1886,41
13595.jpg,1845,1886,41
13600.jpg,1845,1912,67
13605.jpg,1845,1828,-17
13610.jpg,1845,1850,5
13615.jpg,1845,1854,9
13620.jpg,1845,1911,66
13625.jpg,1845,1836,-9
13630.jpg,1845,1815,-30
13635.jpg,1845,1855,10
13640.jpg,1845,1849,4
13645.jpg,1845,1812,-33
13650.jpg,1845,1812,-33
13655.jpg,1845,1856,11
13660.jpg,1845,1900,55
13665.jpg,1845,1840,-5
13670.jpg,1845,1750,-95
13675.jpg,1845,1859,14
13680.jpg,1845,1860,15
13685.jpg,1845,1840,-5
13690.jpg,1845,1812,-33
13695.jpg,1845,1795,-50
13700.jpg,1845,1855,10
13705.jpg,1845,1820,-25
13710.jpg,1845,1740,-105
13715.jpg,1845,1740,-105
13720.jpg,1845,1820,-25
13725.jpg,1845,1860,15
13730.jpg,1845,1865,20
13735.jpg,1845,1802,-43
13740.jpg,1845,1813,-32
13745.jpg,1845,1750,-95
13750.jpg,1845,1839,-6
13755.jpg,1845,1813,-32
13760.jpg,1845,1839,-6
13765.jpg,1845,1855,10
13770.jpg,1845,1858,13
13775.jpg,1845,1675,-170
13780.jpg,1845,1511,-334
13785.jpg,1845,1849,4
13790.jpg,1845,1890,45
13795.jpg,1845,1901,56
13800.jpg,1845,1917,72
13805.jpg,1846,1834,-12
13810.jpg,1846,1756,-90
13815.jpg,1846,1640,-206
13820.jpg,1846,1841,-5
13825.jpg,1846,1858,12
13830.jpg,1846,1827,-19
13835.jpg,1846,1858,12
13840.jpg,1846,1925,79
13845.jpg,1846,1839,-7
13850.jpg,1846,1856,10
13855.jpg,1846,1905,59
13860.jpg,1846,1850,4
13865.jpg,1846,1901,55
13870.jpg,1846,1856,10
13875.jpg,1846,1890,44
13880.jpg,1846,1860,14
13885.jpg,1846,1820,-26
13890.jpg,1846,1812,-34
13895.jpg,1846,1840,-6
13900.jpg,1846,1860,14
13905.jpg,1846,1750,-96
13910.jpg,1846,1830,-16
13915.jpg,1846,1830,-16
13920.jpg,1846,1856,10
13925.jpg,1846,1954,108
13930.jpg,1846,1840,-6
13935.jpg,1846,1862,16
13940.jpg,1847,1910,63
13945.jpg,1847,1839,-8
13950.jpg,1847,1905,58
13955.jpg,1847,1892,45
13960.jpg,1847,1850,3
13965.jpg,1847,1834,-13
13970.jpg,1847,1827,-20
13975.jpg,1847,1864,17
13980.jpg,1847,1867,20
13985.jpg,1847,1833,-14
13990.jpg,1847,1856,9
13995.jpg,1847,1790,-57
14000.jpg,1847,1917,70
14005.jpg,1847,1825,-22
14010.jpg,1847,1847,0
14015.jpg,1847,1891,44
14020.jpg,1847,1855,8
14025.jpg,1847,1850,3
14030.jpg,1847,1898,51
14035.jpg,1847,1812,-35
14040.jpg,1847,1809,-38
14045.jpg,1847,1750,-97
14050.jpg,1847,1855,8
14055.jpg,1847,1907,60
14060.jpg,1847,1825,-22
14065.jpg,1847,1830,-17
14070.jpg,1847,1812,-35
14075.jpg,1847,1886,39
14080.jpg,1847,1856,9
14085.jpg,1847,1853,6
14090.jpg,1847,1809,-38
14095.jpg,1847,1803,-44
14100.jpg,1847,1896,49
14105.jpg,1847,1949,102
14110.jpg,1848,1897,49
14115.jpg,1848,1853,5
14120.jpg,1848,1901,53
14125.jpg,1848,1961,113
14130.jpg,1848,1327,-521
14135.jpg,1848,1788,-60
14140.jpg,1848,1867,19
14145.jpg,1848,1870,22
14150.jpg,1848,1858,10
14155.jpg,1848,1875,27
14160.jpg,1848,1873,25
14165.jpg,1848,1855,7
14170.jpg,1848,1835,-13
14175.jpg,1848,1857,9
14180.jpg,1848,1875,27
14185.jpg,1848,1647,-201
14190.jpg,1848,1901,53
14195.jpg,1848,1875,27
14200.jpg,1848,1740,-108
14205.jpg,1848,1851,3
14210.jpg,1848,1865,17
14215.jpg,1848,1664,-184
14220.jpg,1848,1840,-8
14225.jpg,1848,1653,-195
14230.jpg,1848,1825,-23
14235.jpg,1848,1857,9
14240.jpg,1848,1885,37
14245.jpg,1848,1917,69
14250.jpg,1848,1839,-9
14255.jpg,1848,1858,10
14260.jpg,1848,1812,-36
14265.jpg,1848,1913,65
14270.jpg,1848,1820,-28
14275.jpg,1848,1811,-37
14280.jpg,1848,1858,10
14285.jpg,1848,1877,29
14290.jpg,1848,1831,-17
14295.jpg,1848,1857,9
14300.jpg,1848,1790,-58
14305.jpg,1848,1840,-8
14310.jpg,1848,1575,-273
14315.jpg,1848,1914,66
14320.jpg,1848,1820,-28
14325.jpg,1848,1847,-1
14330.jpg,1848,1898,50
14335.jpg,1848,1850,2
14340.jpg,1849,1849,0
14345.jpg,1849,1854,5
14350.jpg,1849,1813,-36
14355.jpg,1849,1841,-8
14360.jpg,1849,2016,167
14365.jpg,1849,1849,0
14370.jpg,1849,1867,18
14375.jpg,1849,2000,151
14380.jpg,1849,1831,-18
14385.jpg,1849,1855,6
14390.jpg,1849,1792,-57
14395.jpg,1849,1841,-8
14400.jpg,1849,1832,-17
14405.jpg,1849,1880,31
14410.jpg,1849,1840,-9
14415.jpg,1849,1860,11
14420.jpg,1849,1782,-67
14425.jpg,1849,1812,-37
14430.jpg,1849,1847,-2
14435.jpg,1849,1863,14
14440.jpg,1849,1812,-37
14445.jpg,1849,1830,-19
14450.jpg,1849,1819,-30
14455.jpg,1849,1830,-19
14460.jpg,1849,1815,-34
14465.jpg,1849,1839,-10
14470.jpg,1849,1839,-10
14475.jpg,1849,1841,-8
14480.jpg,1849,1881,32
14485.jpg,1849,1860,11
14490.jpg,1849,1645,-204
14495.jpg,1849,1850,1
14500.jpg,1849,1881,32
14505.jpg,1850,1849,-1
14510.jpg,1850,1821,-29
14515.jpg,1850,1750,-100
14520.jpg,1850,1834,-16
14525.jpg,1850,1839,-11
14530.jpg,1850,1840,-10
14535.jpg,1850,1839,-11
14540.jpg,1850,1892,42
14545.jpg,1850,1067,-783
14550.jpg,1850,1858,8
14555.jpg,1850,1821,-29
14560.jpg,1850,1834,-16
14565.jpg,1850,1839,-11
14570.jpg,1850,1685,-165
14575.jpg,1850,1850,0
14580.jpg,1850,1867,17
14585.jpg,1850,1833,-17
14590.jpg,1850,1838,-12
14595.jpg,1850,1646,-204
14600.jpg,1850,1854,4
14605.jpg,1850,1804,-46
14610.jpg,1850,1839,-11
14615.jpg,1850,1860,10
14620.jpg,1850,1820,-30
14625.jpg,1850,1820,-30
14630.jpg,1850,1856,6
14635.jpg,1850,1855,5
14640.jpg,1850,1860,10
14645.jpg,1850,1888,38
14650.jpg,1850,1845,-5
14655.jpg,1850,1825,-25
14660.jpg,1850,1809,-41
14665.jpg,1850,1839,-11
14670.jpg,1850,1845,-5
14675.jpg,1850,1839,-11
14680.jpg,1850,1830,-20
14685.jpg,1850,1913,63
14690.jpg,1850,1962,112
14695.jpg,1850,1847,-3
14700.jpg,1850,1887,37
14705.jpg,1850,1836,-14
14710.jpg,1850,1890,40
14715.jpg,1850,1839,-11
14720.jpg,1850,1847,-3
14725.jpg,1850,1839,-11
14730.jpg,1850,1756,-94
14735.jpg,1850,1830,-20
14740.jpg,1850,1855,5
14745.jpg,1850,1687,-163
14750.jpg,1850,1831,-19
14755.jpg,1850,1838,-12
14760.jpg,1850,1860,10
14765.jpg,1850,1888,38
14770.jpg,1850,1674,-176
14775.jpg,1850,1907,57
14780.jpg,1850,1820,-30
14785.jpg,1851,1554,-297
14790.jpg,1851,1660,-191
14795.jpg,1851,1938,87
14800.jpg,1851,1864,13
14805.jpg,1851,1943,92
14810.jpg,1851,1871,20
14815.jpg,1851,1792,-59
14820.jpg,1851,1865,14
14825.jpg,1851,1856,5
14830.jpg,1851,1871,20
14835.jpg,1851,1768,-83
14840.jpg,1851,1855,4
14845.jpg,1851,1865,14
14850.jpg,1851,1812,-39
14855.jpg,1851,1839,-12
14860.jpg,1851,1860,9
14865.jpg,1851,1841,-10
14870.jpg,1851,1790,-61
14875.jpg,1851,1842,-9
14880.jpg,1851,1644,-207
14885.jpg,1851,1858,7
14890.jpg,1851,1790,-61
14895.jpg,1851,1695,-156
14900.jpg,1851,1857,6
14905.jpg,1851,1886,35
14910.jpg,1851,1750,-101
14915.jpg,1851,1833,-18
14920.jpg,1851,1835,-16
14925.jpg,1851,1881,30
14930.jpg,1851,1901,50
14935.jpg,1851,1884,33
14940.jpg,1851,1873,22
14945.jpg,1852,1853,1
14950.jpg,1852,1839,-13
14955.jpg,1852,1864,12
14960.jpg,1852,1904,52
14965.jpg,1852,1811,-41
14970.jpg,1852,1862,10
14975.jpg,1852,1940,88
14980.jpg,1852,1350,-502
14985.jpg,1852,1856,4
14990.jpg,1852,1879,27
14995.jpg,1852,1898,46
15000.jpg,1852,1843,-9
15005.jpg,1852,1830,-22
15010.jpg,1852,1839,-13
15015.jpg,1852,1856,4
15020.jpg,1852,1859,7
15025.jpg,1852,1865,13
15030.jpg,1852,1855,3
15035.jpg,1852,1855,3
15040.jpg,1852,1865,13
15045.jpg,1852,1823,-29
15050.jpg,1852,1850,-2
15055.jpg,1852,1711,-141
15060.jpg,1852,1808,-44
15065.jpg,1852,1815,-37
15070.jpg,1852,1860,8
15075.jpg,1852,1817,-35
15080.jpg,1852,1803,-49
15085.jpg,1852,1740,-112
15090.jpg,1852,1726,-126
15095.jpg,1852,1858,6
15100.jpg,1852,1860,8
15105.jpg,1852,1866,14
15110.jpg,1852,1847,-5
15115.jpg,1852,1832,-20
15120.jpg,1852,1881,29
15125.jpg,1852,1866,14
15130.jpg,1852,1803,-49
15135.jpg,1853,1782,-71
15140.jpg,1853,1858,5
15145.jpg,1853,1867,14
15150.jpg,1853,1866,13
15155.jpg,1853,1892,39
15160.jpg,1853,1813,-40
15165.jpg,1853,1569,-284
15170.jpg,1853,1711,-142
15175.jpg,1853,1841,-12
15180.jpg,1853,1594,-259
15185.jpg,1853,1849,-4
15190.jpg,1853,1871,18
15195.jpg,1853,1857,4
15200.jpg,1853,1854,1
15205.jpg,1853,1858,5
15210.jpg,1853,1740,-113
15215.jpg,1853,1813,-40
15220.jpg,1853,1860,7
15225.jpg,1853,1839,-14
15230.jpg,1853,1835,-18
15235.jpg,1853,1851,-2
15240.jpg,1853,1893,40
15245.jpg,1853,1830,-23
15250.jpg,1853,1984,131
15255.jpg,1853,1857,4
15260.jpg,1853,1830,-23
15265.jpg,1853,1806,-47
15270.jpg,1853,1850,-3
15275.jpg,1853,1858,5
15280.jpg,1853,1849,-4
15285.jpg,1853,1856,3
15290.jpg,1853,1836,-17
15295.jpg,1853,1858,5
15300.jpg,1853,1841,-12
15305.jpg,1853,1858,5
15310.jpg,1853,1830,-23
15315.jpg,1853,1855,2
15320.jpg,1853,1888,35
15325.jpg,1853,1839,-14
15330.jpg,1853,1837,-16
15335.jpg,1853,1871,18
15340.jpg,1853,1854,1
15345.jpg,1853,1817,-36
15350.jpg,1853,1997,144
15355.jpg,1854,1903,49
15360.jpg,1854,1940,86
15365.jpg,1854,1839,-15
15370.jpg,1854,1865,11
15375.jpg,1854,1868,14
15380.jpg,1854,1813,-41
15385.jpg,1854,1838,-16
15390.jpg,1854,1850,-4
15395.jpg,1854,1855,1
15400.jpg,1854,1858,4
15405.jpg,1854,1854,0
15410.jpg,1854,1847,-7
15415.jpg,1854,1517,-337
15420.jpg,1854,1938,84
15425.jpg,1854,1854,0
15430.jpg,1854,1898,44
15435.jpg,1854,1901,47
15440.jpg,1854,1942,88
15445.jpg,1854,1853,-1
15450.jpg,1855,1849,-6
15455.jpg,1855,1899,44
15460.jpg,1855,1944,89
15465.jpg,1855,1859,4
15470.jpg,1855,1863,8
15475.jpg,1855,1867,12
15480.jpg,1855,1867,12
15485.jpg,1855,1873,18
15490.jpg,1855,1854,-1
15495.jpg,1855,1962,107
15500.jpg,1855,1857,2
15505.jpg,1855,1858,3
15510.jpg,1855,1857,2
15515.jpg,1855,1901,46
15520.jpg,1855,1859,4
15525.jpg,1855,1886,31
15530.jpg,1855,1860,5
15535.jpg,1855,1851,-4
15540.jpg,1855,1891,36
15545.jpg,1855,1806,-49
15550.jpg,1855,1880,25
15555.jpg,1855,1830,-25
15560.jpg,1855,1839,-16
15565.jpg,1855,1877,22
15570.jpg,1855,1858,3
15575.jpg,1855,1925,70
15580.jpg,1855,1936,81
15585.jpg,1855,1911,56
15590.jpg,1855,1929,74
15595.jpg,1855,1825,-30
15600.jpg,1855,1873,18
15605.jpg,1855,1860,5
15610.jpg,1855,1855,0
15615.jpg,1855,1865,10
15620.jpg,1855,1740,-115
15625.jpg,1855,1911,56
15630.jpg,1855,1858,3
15635.jpg,1855,1839,-16
15640.jpg,1855,1890,35
15645.jpg,1855,1878,23
15650.jpg,1855,1812,-43
15655.jpg,1855,1855,0
15660.jpg,1855,1860,5
15665.jpg,1855,1875,20
15670.jpg,1855,1864,9
15675.jpg,1855,1859,4
15680.jpg,1855,1898,43
15685.jpg,1855,1796,-59
15690.jpg,1855,1737,-118
15695.jpg,1855,1864,9
15700.jpg,1855,1828,-27
15705.jpg,1856,1849,-7
15710.jpg,1856,1867,11
15715.jpg,1856,1858,2
15720.jpg,1856,1834,-22
15725.jpg,1856,1892,36
15730.jpg,1856,1891,35
15735.jpg,1856,1859,3
15740.jpg,1856,1892,36
15745.jpg,1856,1643,-213
15750.jpg,1856,1891,35
15755.jpg,1856,1833,-23
15760.jpg,1856,1838,-18
15765.jpg,1856,1833,-23
15770.jpg,1856,1883,27
15775.jpg,1856,1874,18
15780.jpg,1856,1875,19
15785.jpg,1856,1858,2
15790.jpg,1856,1858,2
15795.jpg,1856,1847,-9
15800.jpg,1856,1856,0
15805.jpg,1856,1933,77
15810.jpg,1856,1888,32
15815.jpg,1856,1714,-142
15820.jpg,1856,1815,-41
15825.jpg,1856,1865,9
15830.jpg,1856,1840,-16
15835.jpg,1856,1650,-206
15840.jpg,1856,1840,-16
15845.jpg,1856,1820,-36
15850.jpg,1856,1858,2
15855.jpg,1856,1585,-271
15860.jpg,1856,1815,-41
15865.jpg,1856,1815,-41
15870.jpg,1856,1790,-66
15875.jpg,1856,1860,4
15880.jpg,1856,1896,40
15885.jpg,1856,1859,3
15890.jpg,1856,1847,-9
15895.jpg,1856,1856,0
15900.jpg,1856,1825,-31
15905.jpg,1856,1858,2
15910.jpg,1856,1830,-26
15915.jpg,1856,1847,-9
15920.jpg,1856,1839,-17
15925.jpg,1856,1936,80
15930.jpg,1856,1840,-16
15935.jpg,1856,1860,4
15940.jpg,1856,1820,-36
15945.jpg,1856,1857,1
15950.jpg,1856,1852,-4
15955.jpg,1856,1986,130
15960.jpg,1856,1827,-29
15965.jpg,1856,1791,-65
15970.jpg,1856,1863,7
15975.jpg,1856,1691,-165
15980.jpg,1857,1849,-8
15985.jpg,1857,1828,-29
15990.jpg,1857,1999,142
15995.jpg,1857,1832,-25
16000.jpg,1857,1873,16
16005.jpg,1857,1873,16
16010.jpg,1857,1642,-215
16015.jpg,1857,1854,-3
16020.jpg,1857,1813,-44
16025.jpg,1857,1867,10
16030.jpg,1857,1943,86
16035.jpg,1857,1859,2
16040.jpg,1857,1898,41
16045.jpg,1857,1871,14
16050.jpg,1857,1857,0
16055.jpg,1857,1854,-3
16060.jpg,1857,1856,-1
16065.jpg,1857,1820,-37
16070.jpg,1857,1855,-2
16075.jpg,1857,1830,-27
16080.jpg,1857,1836,-21
16085.jpg,1857,1858,1
16090.jpg,1857,1875,18
16095.jpg,1857,1847,-10
16100.jpg,1857,1790,-67
16105.jpg,1857,1858,1
16110.jpg,1857,1850,-7
16115.jpg,1857,1865,8
16120.jpg,1857,1839,-18
16125.jpg,1857,1915,58
16130.jpg,1857,1812,-45
16135.jpg,1857,1690,-167
16140.jpg,1857,1863,6
16145.jpg,1857,1835,-22
16150.jpg,1857,1857,0
16155.jpg,1857,1720,-137
16160.jpg,1857,1859,2
16165.jpg,1857,1830,-27
16170.jpg,1857,1875,18
16175.jpg,1857,1920,63
16180.jpg,1857,1856,-1
16185.jpg,1857,1855,-2
16190.jpg,1857,1839,-18
16195.jpg,1857,1812,-45
16200.jpg,1857,1442,-415
16205.jpg,1857,2009,152
16210.jpg,1857,1850,-7
16215.jpg,1857,1834,-23
16220.jpg,1857,1825,-32
16225.jpg,1857,1675,-182
16230.jpg,1857,1892,35
16235.jpg,1858,1871,13
16240.jpg,1858,1840,-18
16245.jpg,1858,1829,-29
16250.jpg,1858,1881,23
16255.jpg,1858,1874,16
16260.jpg,1858,1915,57
16265.jpg,1858,1817,-41
16270.jpg,1858,1839,-19
16275.jpg,1858,1842,-16
16280.jpg,1858,1856,-2
16285.jpg,1858,1873,15
16290.jpg,1858,1857,-1
16295.jpg,1858,1871,13
16300.jpg,1858,1883,25
16305.jpg,1858,1857,-1
16310.jpg,1858,1854,-4
16315.jpg,1858,1858,0
16320.jpg,1858,1839,-19
16325.jpg,1858,1857,-1
16330.jpg,1858,1896,38
16335.jpg,1858,1873,15
16340.jpg,1858,1851,-7
16345.jpg,1858,1927,69
16350.jpg,1858,1803,-55
16355.jpg,1858,1875,17
16360.jpg,1858,1859,1
16365.jpg,1858,1860,2
16370.jpg,1858,1858,0
16375.jpg,1858,1898,40
16380.jpg,1858,1888,30
16385.jpg,1858,1860,2
16390.jpg,1858,1722,-136
16395.jpg,1858,1812,-46
16400.jpg,1858,1858,0
16405.jpg,1858,1890,32
16410.jpg,1858,1860,2
16415.jpg,1858,1888,30
16420.jpg,1858,1858,0
16425.jpg,1858,1812,-46
16430.jpg,1858,1832,-26
16435.jpg,1858,1838,-20
16440.jpg,1858,1847,-11
16445.jpg,1858,1839,-19
16450.jpg,1858,1899,41
16455.jpg,1858,1835,-23
16460.jpg,1858,1898,40
16465.jpg,1858,1866,8
16470.jpg,1858,1858,0
16475.jpg,1858,1067,-791
16480.jpg,1858,1917,59
16485.jpg,1858,1856,-2
16490.jpg,1859,1997,138
16495.jpg,1859,1896,37
16500.jpg,1859,2008,149
16505.jpg,1859,1820,-39
16510.jpg,1859,1820,-39
16515.jpg,1859,1866,7
16520.jpg,1859,1547,-312
16525.jpg,1859,1832,-27
16530.jpg,1859,1834,-25
16535.jpg,1859,1827,-32
16540.jpg,1859,1842,-17
16545.jpg,1859,1870,11
16550.jpg,1859,1867,8
16555.jpg,1859,1874,15
16560.jpg,1859,1854,-5
16565.jpg,1859,1858,-1
16570.jpg,1859,1858,-1
16575.jpg,1859,1876,17
16580.jpg,1859,1859,0
16585.jpg,1859,1704,-155
16590.jpg,1859,1859,0
16595.jpg,1859,1873,14
16600.jpg,1859,1825,-34
16605.jpg,1859,1901,42
16610.jpg,1859,1860,1
16615.jpg,1859,1883,24
16620.jpg,1859,1860,1
16625.jpg,1859,1948,89
16630.jpg,1859,1912,53
16635.jpg,1859,1878,19
16640.jpg,1859,1851,-8
16645.jpg,1859,1876,17
16650.jpg,1859,1851,-8
16655.jpg,1859,1859,0
16660.jpg,1859,1825,-34
16665.jpg,1859,1825,-34
16670.jpg,1859,1873,14
16675.jpg,1859,1750,-109
16680.jpg,1859,1860,1
16685.jpg,1859,1865,6
16690.jpg,1859,1658,-201
16695.jpg,1859,1858,-1
16700.jpg,1859,1855,-4
16705.jpg,1859,1855,-4
16710.jpg,1859,1827,-32
16715.jpg,1859,1679,-180
16720.jpg,1859,1881,22
16725.jpg,1859,1888,29
16730.jpg,1859,1852,-7
16735.jpg,1860,1821,-39
16740.jpg,1860,1866,6
16745.jpg,1860,1858,-2
16750.jpg,1860,1884,24
16755.jpg,1860,1858,-2
16760.jpg,1860,1846,-14
16765.jpg,1860,1871,11
16770.jpg,1860,1850,-10
16775.jpg,1860,1850,-10
16780.jpg,1860,1812,-48
16785.jpg,1860,1659,-201
16790.jpg,1860,1857,-3
16795.jpg,1860,1750,-110
16800.jpg,1860,1851,-9
16805.jpg,1860,1886,26
16810.jpg,1860,1893,33
16815.jpg,1860,1860,0
16820.jpg,1860,1840,-20
16825.jpg,1860,1860,0
16830.jpg,1860,1830,-30
16835.jpg,1860,1896,36
16840.jpg,1860,1844,-16
16845.jpg,1860,1856,-4
16850.jpg,1860,1856,-4
16855.jpg,1860,1830,-30
16860.jpg,1860,1732,-128
16865.jpg,1860,1887,27
16870.jpg,1860,1856,-4
16875.jpg,1860,1790,-70
16880.jpg,1860,1812,-48
16885.jpg,1860,1883,23
16890.jpg,1860,1510,-350
16895.jpg,1860,1812,-48
16900.jpg,1860,1860,0
16905.jpg,1860,1839,-21
16910.jpg,1860,1855,-5
16915.jpg,1860,1856,-4
16920.jpg,1860,1129,-731
16925.jpg,1860,1860,0
16930.jpg,1860,1876,16
16935.jpg,1860,1858,-2
16940.jpg,1860,1855,-5
16945.jpg,1860,1865,5
16950.jpg,1860,1860,0
16955.jpg,1860,1851,-9
16960.jpg,1860,1815,-45
16965.jpg,1860,1359,-501
16970.jpg,1860,1923,63
16975.jpg,1860,1094,-766
16980.jpg,1860,1898,38
16985.jpg,1860,1881,21
16990.jpg,1860,1843,-17
16995.jpg,1860,1866,6
17000.jpg,1860,1150,-710
17005.jpg,1861,1910,49
17010.jpg,1861,1834,-27
17015.jpg,1861,1665,-196
17020.jpg,1861,1905,44
17025.jpg,1861,1690,-171
17030.jpg,1861,1865,4
17035.jpg,1861,1715,-146
17040.jpg,1861,1684,-177
17045.jpg,1861,1841,-20
17050.jpg,1861,1715,-146
17055.jpg,1861,1867,6
17060.jpg,1861,1867,6
17065.jpg,1861,1858,-3
17070.jpg,1861,1858,-3
17075.jpg,1861,1881,20
17080.jpg,1861,1875,14
17085.jpg,1861,1740,-121
17090.jpg,1861,1825,-36
17095.jpg,1861,1857,-4
17100.jpg,1861,1865,4
17105.jpg,1861,1812,-49
17110.jpg,1861,1875,14
17115.jpg,1861,1860,-1
17120.jpg,1861,1908,47
17125.jpg,1861,1859,-2
17130.jpg,1861,1876,15
17135.jpg,1861,1530,-331
17140.jpg,1861,1900,39
17145.jpg,1861,1851,-10
17150.jpg,1861,1731,-130
17155.jpg,1861,1889,28
17160.jpg,1861,1860,-1
17165.jpg,1861,1907,46
17170.jpg,1861,1664,-197
17175.jpg,1862,1864,2
17180.jpg,1862,1897,35
17185.jpg,1862,1861,-1
17190.jpg,1862,1850,-12
17195.jpg,1862,1997,135
17200.jpg,1862,1849,-13
17205.jpg,1862,1078,-784
17210.jpg,1862,1886,24
17215.jpg,1862,1857,-5
17220.jpg,1862,1943,81
17225.jpg,1862,1712,-150
17230.jpg,1862,1860,-2
17235.jpg,1862,1873,11
17240.jpg,1862,1857,-5
17245.jpg,1862,1860,-2
17250.jpg,1862,1825,-37
17255.jpg,1862,1625,-237
17260.jpg,1862,1880,18
17265.jpg,1862,1815,-47
17270.jpg,1862,1860,-2
17275.jpg,1862,1860,-2
17280.jpg,1862,1859,-3
17285.jpg,1862,1860,-2
17290.jpg,1862,1841,-21
17295.jpg,1862,1854,-8
17300.jpg,1862,1865,3
17305.jpg,1862,1330,-532
17310.jpg,1862,1848,-14
17315.jpg,1862,1917,55
17320.jpg,1862,1881,19
17325.jpg,1863,1841,-22
17330.jpg,1863,1834,-29
17335.jpg,1863,1847,-16
17340.jpg,1863,1940,77
17345.jpg,1863,1854,-9
17350.jpg,1863,1841,-22
17355.jpg,1863,1841,-22
17360.jpg,1863,1945,82
17365.jpg,1863,1715,-148
17370.jpg,1863,1847,-16
17375.jpg,1863,1850,-13
17380.jpg,1863,1863,0
17385.jpg,1863,1942,79
17390.jpg,1863,1865,2
17395.jpg,1863,1858,-5
17400.jpg,1863,1790,-73
17405.jpg,1863,1896,33
17410.jpg,1863,1847,-16
17415.jpg,1863,1856,-7
17420.jpg,1863,1883,20
17425.jpg,1863,1790,-73
17430.jpg,1863,1865,2
17435.jpg,1863,1953,90
17440.jpg,1863,1845,-18
17445.jpg,1863,1874,11
17450.jpg,1863,1650,-213
17455.jpg,1863,1847,-16
17460.jpg,1863,1846,-17
17465.jpg,1863,1801,-62
17470.jpg,1863,1858,-5
17475.jpg,1863,1879,16
17480.jpg,1863,1874,11
17485.jpg,1864,1732,-132
17490.jpg,1864,1841,-23
17495.jpg,1864,1847,-17
17500.jpg,1864,1866,2
17505.jpg,1864,1891,27
17510.jpg,1864,1884,20
17515.jpg,1864,1804,-60
17520.jpg,1864,1989,125
17525.jpg,1864,1163,-701
17530.jpg,1864,1867,3
17535.jpg,1864,1872,8
17540.jpg,1864,1866,2
17545.jpg,1864,1833,-31
17550.jpg,1864,1863,-1
17555.jpg,1864,1872,8
17560.jpg,1864,1875,11
17565.jpg,1864,1856,-8
17570.jpg,1864,1935,71
17575.jpg,1864,1860,-4
17580.jpg,1864,1825,-39
17585.jpg,1864,1856,-8
17590.jpg,1864,1954,90
17595.jpg,1864,1871,7
17600.jpg,1864,1585,-279
17605.jpg,1864,1780,-84
17610.jpg,1864,1860,-4
17615.jpg,1864,1883,19
17620.jpg,1864,1820,-44
17625.jpg,1864,1737,-127
17630.jpg,1864,1847,-17
17635.jpg,1864,1854,-10
17640.jpg,1864,1723,-141
17645.jpg,1864,1704,-160
17650.jpg,1864,1864,0
17655.jpg,1864,1847,-17
17660.jpg,1865,1847,-18
17665.jpg,1865,1769,-96
17670.jpg,1865,1854,-11
17675.jpg,1865,1841,-24
17680.jpg,1865,1852,-13
17685.jpg,1865,1929,64
17690.jpg,1865,1856,-9
17695.jpg,1865,1841,-24
17700.jpg,1865,1644,-221
17705.jpg,1865,1856,-9
17710.jpg,1865,1854,-11
17715.jpg,1865,1879,14
17720.jpg,1865,1863,-2
17725.jpg,1865,1867,2
17730.jpg,1865,1858,-7
17735.jpg,1865,1715,-150
17740.jpg,1865,1874,9
17745.jpg,1865,1858,-7
17750.jpg,1865,1851,-14
17755.jpg,1865,1858,-7
17760.jpg,1865,1860,-5
17765.jpg,1865,1860,-5
17770.jpg,1865,1841,-24
17775.jpg,1865,1886,21
17780.jpg,1865,1825,-40
17785.jpg,1865,1834,-31
17790.jpg,1865,1860,-5
17795.jpg,1865,1812,-53
17800.jpg,1865,1790,-75
17805.jpg,1865,1900,35
17810.jpg,1865,1877,12
17815.jpg,1865,1886,21
17820.jpg,1865,1860,-5
17825.jpg,1865,1871,6
17830.jpg,1865,1856,-9
17835.jpg,1865,1790,-75
17840.jpg,1865,1831,-34
17845.jpg,1865,1898,33
17850.jpg,1865,1891,26
17855.jpg,1865,1892,27
17860.jpg,1865,1873,8
17865.jpg,1865,1761,-104
17870.jpg,1865,1884,19
17875.jpg,1865,1877,12
17880.jpg,1865,1816,-49
17885.jpg,1865,1860,-5
17890.jpg,1865,1801,-64
17895.jpg,1865,1850,-15
17900.jpg,1865,1864,-1
17905.jpg,1865,1840,-25
17910.jpg,1865,1840,-25
17915.jpg,1865,1865,0
17920.jpg,1865,1865,0
17925.jpg,1865,1552,-313
17930.jpg,1865,1907,42
17935.jpg,1866,1903,37
17940.jpg,1866,1874,8
17945.jpg,1866,1858,-8
17950.jpg,1866,1866,0
17955.jpg,1866,1980,114
17960.jpg,1866,1872,6
17965.jpg,1866,1875,9
17970.jpg,1866,1788,-78
17975.jpg,1866,1864,-2
17980.jpg,1866,1788,-78
17985.jpg,1866,1917,51
17990.jpg,1866,1788,-78
17995.jpg,1866,1871,5
18000.jpg,1866,1854,-12
18005.jpg,1866,1811,-55
18010.jpg,1866,1865,-1
18015.jpg,1866,1949,83
18020.jpg,1866,1888,22
18025.jpg,1866,1860,-6
18030.jpg,1866,1858,-8
18035.jpg,1866,1877,11
18040.jpg,1866,1820,-46
18045.jpg,1866,1855,-11
18050.jpg,1866,1756,-110
18055.jpg,1866,1756,-110
18060.jpg,1866,1860,-6
18065.jpg,1866,1851,-15
18070.jpg,1866,1860,-6
18075.jpg,1866,1809,-57
18080.jpg,1866,1858,-8
18085.jpg,1866,1850,-16
18090.jpg,1866,1858,-8
18095.jpg,1866,1855,-11
18100.jpg,1866,1928,62
18105.jpg,1866,1911,45
18110.jpg,1866,1899,33
18115.jpg,1866,1854,-12
18120.jpg,1866,1830,-36
18125.jpg,1866,1881,15
18130.jpg,1866,1912,46
18135.jpg,1867,1817,-50
18140.jpg,1867,1865,-2
18145.jpg,1867,1921,54
18150.jpg,1867,1871,4
18155.jpg,1867,1871,4
18160.jpg,1867,1909,42
18165.jpg,1867,1851,-16
18170.jpg,1867,1820,-47
18175.jpg,1867,1855,-12
18180.jpg,1867,1959,92
18185.jpg,1867,1813,-54
18190.jpg,1867,1876,9
18195.jpg,1867,1849,-18
18200.jpg,1867,1858,-9
18205.jpg,1867,1857,-10
18210.jpg,1867,1896,29
18215.jpg,1867,1854,-13
18220.jpg,1867,1880,13
18225.jpg,1867,1887,20
18230.jpg,1867,1938,71
18235.jpg,1867,1820,-47
18240.jpg,1867,1815,-52
18245.jpg,1867,1873,6
18250.jpg,1867,1878,11
18255.jpg,1867,1937,70
18260.jpg,1867,1834,-33
18265.jpg,1867,1871,4
18270.jpg,1867,1863,-4
18275.jpg,1867,1864,-3
18280.jpg,1867,1897,30
18285.jpg,1867,1858,-9
18290.jpg,1867,1876,9
18295.jpg,1867,1855,-12
18300.jpg,1867,1899,32
18305.jpg,1867,1858,-9
18310.jpg,1867,1903,36
18315.jpg,1867,1835,-32
18320.jpg,1867,1858,-9
18325.jpg,1867,1856,-11
18330.jpg,1867,1874,7
18335.jpg,1867,1888,21
18340.jpg,1867,1872,5
18345.jpg,1867,1901,34
18350.jpg,1867,1350,-517
18355.jpg,1867,1859,-8
18360.jpg,1867,1857,-10
18365.jpg,1868,1831,-37
18370.jpg,1868,1840,-28
18375.jpg,1868,1927,59
18380.jpg,1868,1873,5
18385.jpg,1868,1874,6
18390.jpg,1868,1911,43
18395.jpg,1868,1931,63
18400.jpg,1868,1953,85
18405.jpg,1868,1864,-4
18410.jpg,1868,1705,-163
18415.jpg,1868,1842,-26
18420.jpg,1868,1867,-1
18425.jpg,1868,1867,-1
18430.jpg,1868,1553,-315
18435.jpg,1868,1854,-14
18440.jpg,1868,1943,75
18445.jpg,1868,1873,5
18450.jpg,1868,1858,-10
18455.jpg,1868,1812,-56
18460.jpg,1868,1856,-12
18465.jpg,1868,1875,7
18470.jpg,1868,1893,25
18475.jpg,1868,1909,41
18480.jpg,1868,1873,5
18485.jpg,1868,1875,7
18490.jpg,1868,1720,-148
18495.jpg,1868,1832,-36
18500.jpg,1868,1640,-228
18505.jpg,1868,1859,-9
18510.jpg,1868,1873,5
18515.jpg,1868,1827,-41
18520.jpg,1868,1815,-53
18525.jpg,1868,1871,3
18530.jpg,1868,1858,-10
18535.jpg,1868,1851,-17
18540.jpg,1868,1877,9
18545.jpg,1868,1870,2
18550.jpg,1868,1871,3
18555.jpg,1868,1863,-5
18560.jpg,1868,1860,-8
18565.jpg,1868,1875,7
18570.jpg,1868,1873,5
18575.jpg,1868,1874,6
18580.jpg,1868,1933,65
18585.jpg,1868,1967,99
18590.jpg,1868,1916,48
18595.jpg,1868,1883,15
18600.jpg,1868,1817,-51
18605.jpg,1868,1864,-4
18610.jpg,1868,1820,-48
18615.jpg,1868,1892,24
18620.jpg,1869,1681,-188
18625.jpg,1869,1831,-38
18630.jpg,1869,1866,-3
18635.jpg,1869,1854,-15
18640.jpg,1869,1874,5
18645.jpg,1869,1864,-5
18650.jpg,1869,1750,-119
18655.jpg,1869,1849,-20
18660.jpg,1869,1850,-19
18665.jpg,1869,1868,-1
18670.jpg,1869,1873,4
18675.jpg,1869,1855,-14
18680.jpg,1869,1858,-11
18685.jpg,1869,1873,4
18690.jpg,1869,1873,4
18695.jpg,1869,1873,4
18700.jpg,1869,1875,6
18705.jpg,1869,1881,12
18710.jpg,1869,1896,27
18715.jpg,1869,1825,-44
18720.jpg,1869,1873,4
18725.jpg,1869,1843,-26
18730.jpg,1869,1856,-13
18735.jpg,1869,1861,-8
18740.jpg,1869,1830,-39
18745.jpg,1869,1892,23
18750.jpg,1869,1873,4
18755.jpg,1869,1875,6
18760.jpg,1869,1873,4
18765.jpg,1869,1809,-60
18770.jpg,1869,1795,-74
18775.jpg,1869,1874,5
18780.jpg,1869,1856,-13
18785.jpg,1869,1860,-9
18790.jpg,1869,1886,17
18795.jpg,1869,1825,-44
18800.jpg,1869,1704,-165
18805.jpg,1869,1831,-38
18810.jpg,1869,1856,-13
18815.jpg,1869,1888,19
18820.jpg,1869,1905,36
18825.jpg,1869,1865,-4
18830.jpg,1869,1910,41
18835.jpg,1869,1923,54
18840.jpg,1870,1849,-21
18845.jpg,1870,1879,9
18850.jpg,1870,1890,20
18855.jpg,1870,1938,68
18860.jpg,1870,1890,20
18865.jpg,1870,1943,73
18870.jpg,1870,1889,19
18875.jpg,1870,1968,98
18880.jpg,1870,1902,32
18885.jpg,1870,1823,-47
18890.jpg,1870,1989,119
18895.jpg,1870,1867,-3
18900.jpg,1870,1867,-3
18905.jpg,1870,1876,6
18910.jpg,1870,1944,74
18915.jpg,1870,1854,-16
18920.jpg,1870,1854,-16
18925.jpg,1870,1871,1
18930.jpg,1870,1871,1
18935.jpg,1870,1660,-210
18940.jpg,1870,1880,10
18945.jpg,1870,1860,-10
18950.jpg,1870,1855,-15
18955.jpg,1870,1888,18
18960.jpg,1870,1860,-10
18965.jpg,1870,1800,-70
18970.jpg,1870,1859,-11
18975.jpg,1870,1858,-12
18980.jpg,1870,1898,28
18985.jpg,1870,1865,-5
18990.jpg,1870,1740,-130
18995.jpg,1870,1886,16
19000.jpg,1870,1825,-45
19005.jpg,1870,1857,-13
19010.jpg,1870,1857,-13
19015.jpg,1870,1910,40
19020.jpg,1870,1632,-238
19025.jpg,1870,1812,-58
19030.jpg,1870,1915,45
19035.jpg,1870,1874,4
19040.jpg,1870,1812,-58
19045.jpg,1870,1813,-57
19050.jpg,1870,1860,-10
19055.jpg,1870,1892,22
19060.jpg,1870,1892,22
19065.jpg,1870,1856,-14
19070.jpg,1870,1893,23
19075.jpg,1870,1878,8
19080.jpg,1870,1864,-6
19085.jpg,1870,1862,-8
19090.jpg,1870,1860,-10
19095.jpg,1870,1350,-520
19100.jpg,1870,1962,92
19105.jpg,1870,1874,4
19110.jpg,1870,1637,-233
19115.jpg,1870,1856,-14
19120.jpg,1870,1883,13
19125.jpg,1870,1928,58
19130.jpg,1870,1858,-12
19135.jpg,1870,1695,-175
19140.jpg,1870,1732,-138
19145.jpg,1871,1849,-22
19150.jpg,1871,1865,-6
19155.jpg,1871,1856,-15
19160.jpg,1871,1853,-18
19165.jpg,1871,1945,74
19170.jpg,1871,1900,29
19175.jpg,1871,1907,36
19180.jpg,1871,1856,-15
19185.jpg,1871,1892,21
19190.jpg,1871,1863,-8
19195.jpg,1871,1867,-4
19200.jpg,1871,1867,-4
19205.jpg,1871,1966,95
19210.jpg,1871,1850,-21
19215.jpg,1871,1857,-14
19220.jpg,1871,1854,-17
19225.jpg,1871,1879,8
19230.jpg,1871,1858,-13
19235.jpg,1871,1857,-14
19240.jpg,1871,1858,-13
19245.jpg,1871,1870,-1
19250.jpg,1871,1875,4
19255.jpg,1871,1873,2
19260.jpg,1871,1862,-9
19265.jpg,1871,1585,-286
19270.jpg,1871,1877,6
19275.jpg,1871,1888,17
19280.jpg,1871,1835,-36
19285.jpg,1871,1880,9
19290.jpg,1871,1856,-15
19295.jpg,1871,1860,-11
19300.jpg,1871,1855,-16
19305.jpg,1871,1610,-261
19310.jpg,1871,1858,-13
19315.jpg,1871,1876,5
19320.jpg,1871,1876,5
19325.jpg,1871,1877,6
19330.jpg,1871,1870,-1
19335.jpg,1871,1877,6
19340.jpg,1871,1888,17
19345.jpg,1871,1875,4
19350.jpg,1871,1864,-7
19355.jpg,1871,1876,5
19360.jpg,1871,1890,19
19365.jpg,1871,1359,-512
19370.jpg,1871,1801,-70
19375.jpg,1871,1864,-7
19380.jpg,1871,1887,16
19385.jpg,1871,1868,-3
19390.jpg,1871,1874,3
19395.jpg,1872,1821,-51
19400.jpg,1872,1889,17
19405.jpg,1872,1873,1
19410.jpg,1872,1859,-13
19415.jpg,1872,1863,-9
19420.jpg,1872,1816,-56
19425.jpg,1872,1997,125
19430.jpg,1872,1903,31
19435.jpg,1872,1892,20
19440.jpg,1872,1873,1
19445.jpg,1872,1884,12
19450.jpg,1872,1854,-18
19455.jpg,1872,1854,-18
19460.jpg,1872,1859,-13
19465.jpg,1872,1892,20
19470.jpg,1872,1841,-31
19475.jpg,1872,1881,9
19480.jpg,1872,1850,-22
19485.jpg,1872,1850,-22
19490.jpg,1872,1847,-25
19495.jpg,1872,1867,-5
19500.jpg,1872,1871,-1
19505.jpg,1872,1871,-1
19510.jpg,1872,1855,-17
19515.jpg,1872,1858,-14
19520.jpg,1872,1740,-132
19525.jpg,1872,1856,-16
19530.jpg,1872,1874,2
19535.jpg,1872,1847,-25
19540.jpg,1872,1849,-23
19545.jpg,1872,1877,5
19550.jpg,1872,1871,-1
19555.jpg,1872,1943,71
19560.jpg,1872,1876,4
19565.jpg,1872,1750,-122
19570.jpg,1872,1886,14
19575.jpg,1872,1553,-319
19580.jpg,1872,1865,-7
19585.jpg,1872,1501,-371
19590.jpg,1872,1776,-96
19595.jpg,1872,1860,-12
19600.jpg,1872,1857,-15
19605.jpg,1872,1873,1
19610.jpg,1872,1871,-1
19615.jpg,1872,1888,16
19620.jpg,1872,1879,7
19625.jpg,1872,1856,-16
19630.jpg,1872,1830,-42
19635.jpg,1872,1866,-6
19640.jpg,1872,1496,-376
19645.jpg,1872,1879,7
19650.jpg,1872,1871,-1
19655.jpg,1873,1849,-24
19660.jpg,1873,1866,-7
19665.jpg,1873,1945,72
19670.jpg,1873,1874,1
19675.jpg,1873,1874,1
19680.jpg,1873,1858,-15
19685.jpg,1873,1884,11
19690.jpg,1873,2019,146
19695.jpg,1873,1871,-2
19700.jpg,1873,1877,4
19705.jpg,1873,1893,20
19710.jpg,1873,1863,-10
19715.jpg,1873,1866,-7
19720.jpg,1873,1944,71
19725.jpg,1873,1850,-23
19730.jpg,1873,1867,-6
19735.jpg,1873,1859,-14
19740.jpg,1873,1915,42
19745.jpg,1873,1789,-84
19750.jpg,1873,1833,-40
19755.jpg,1873,1884,11
19760.jpg,1873,1864,-9
19765.jpg,1873,1934,61
19770.jpg,1873,1839,-34
19775.jpg,1873,1732,-141
19780.jpg,1873,1875,2
19785.jpg,1873,1855,-18
19790.jpg,1873,1860,-13
19795.jpg,1873,1873,0
19800.jpg,1873,1585,-288
19805.jpg,1873,1812,-61
19810.jpg,1873,1874,1
19815.jpg,1873,1873,0
19820.jpg,1873,1876,3
19825.jpg,1873,1886,13
19830.jpg,1873,1876,3
19835.jpg,1873,1858,-15
19840.jpg,1873,1858,-15
19845.jpg,1873,1742,-131
19850.jpg,1873,1876,3
19855.jpg,1873,1855,-18
19860.jpg,1873,1860,-13
19865.jpg,1873,1873,0
19870.jpg,1873,1871,-2
19875.jpg,1873,1925,52
19880.jpg,1873,1888,15
19885.jpg,1873,1889,16
19890.jpg,1873,1856,-17
19895.jpg,1873,1884,11
19900.jpg,1873,1888,15
19905.jpg,1873,1768,-105
19910.jpg,1873,1063,-810
19915.jpg,1874,1875,1
19920.jpg,1874,1875,1
19925.jpg,1874,1884,10
19930.jpg,1874,1884,10
19935.jpg,1874,1866,-8
19940.jpg,1874,1899,25
19945.jpg,1874,1854,-20
19950.jpg,1874,1871,-3
19955.jpg,1874,1912,38
19960.jpg,1874,1895,21
19965.jpg,1874,1899,25
19970.jpg,1874,1917,43
19975.jpg,1874,1864,-10
19980.jpg,1874,1865,-9
19985.jpg,1874,1829,-45
19990.jpg,1874,1940,66
19995.jpg,1874,1846,-28
20000.jpg,1874,1887,13
20005.jpg,1874,1943,69
20010.jpg,1874,1868,-6
20015.jpg,1874,1856,-18
20020.jpg,1874,1854,-20
20025.jpg,1874,1871,-3
20030.jpg,1874,1833,-41
20035.jpg,1874,1943,69
20040.jpg,1874,1854,-20
20045.jpg,1874,1858,-16
20050.jpg,1874,1883,9
20055.jpg,1874,1873,-1
20060.jpg,1874,1876,2
20065.jpg,1874,1873,-1
20070.jpg,1874,1886,12
20075.jpg,1874,1876,2
20080.jpg,1874,1540,-334
20085.jpg,1874,1873,-1
20090.jpg,1874,1858,-16
20095.jpg,1874,1858,-16
20100.jpg,1874,1875,1
20105.jpg,1874,1881,7
20110.jpg,1874,1877,3
20115.jpg,1874,1874,0
20120.jpg,1874,1874,0
20125.jpg,1874,1640,-234
20130.jpg,1874,1553,-321
20135.jpg,1874,1879,5
20140.jpg,1874,1584,-290
20145.jpg,1874,1857,-17
20150.jpg,1874,1877,3
20155.jpg,1874,1895,21
20160.jpg,1874,1926,52
20165.jpg,1874,1856,-18
20170.jpg,1874,1875,1
20175.jpg,1874,1359,-515
20180.jpg,1874,1732,-142
20185.jpg,1874,1863,-11
20190.jpg,1874,1430,-444
20195.jpg,1874,1732,-142
20200.jpg,1874,1901,27
20205.jpg,1874,1838,-36
20210.jpg,1875,1873,-2
20215.jpg,1875,1732,-143
20220.jpg,1875,1720,-155
20225.jpg,1875,2000,125
20230.jpg,1875,1892,17
20235.jpg,1875,1648,-227
20240.jpg,1875,1860,-15
20245.jpg,1875,1810,-65
20250.jpg,1875,1871,-4
20255.jpg,1875,1996,121
20260.jpg,1875,1876,1
20265.jpg,1875,1863,-12
20270.jpg,1875,1867,-8
20275.jpg,1875,1867,-8
20280.jpg,1875,1905,30
20285.jpg,1875,1857,-18
20290.jpg,1875,1871,-4
20295.jpg,1875,1854,-21
20300.jpg,1875,1883,8
20305.jpg,1875,1854,-21
20310.jpg,1875,1871,-4
20315.jpg,1875,1992,117
20320.jpg,1875,1860,-15
20325.jpg,1875,1899,24
20330.jpg,1875,1888,13
20335.jpg,1875,1890,15
20340.jpg,1875,1896,21
20345.jpg,1875,1860,-15
20350.jpg,1875,1878,3
20355.jpg,1875,1847,-28
20360.jpg,1875,1875,0
20365.jpg,1875,1888,13
20370.jpg,1875,1857,-18
20375.jpg,1875,1857,-18
20380.jpg,1875,1875,0
20385.jpg,1875,1812,-63
20390.jpg,1875,1873,-2
20395.jpg,1875,1875,0
20400.jpg,1875,1876,1
20405.jpg,1875,1860,-15
20410.jpg,1875,1860,-15
20415.jpg,1875,1934,59
20420.jpg,1875,1871,-4
20425.jpg,1875,1863,-12
20430.jpg,1875,1884,9
20435.jpg,1875,1344,-531
20440.jpg,1875,1812,-63
20445.jpg,1875,1870,-5
20450.jpg,1875,1815,-60
20455.jpg,1875,1830,-45
20460.jpg,1875,1886,11
20465.jpg,1875,1718,-157
20470.jpg,1875,1790,-85
20475.jpg,1875,1775,-100
20480.jpg,1875,1866,-9
20485.jpg,1875,1898,23
20490.jpg,1875,1834,-41
20495.jpg,1875,1884,9
20500.jpg,1876,1849,-27
20505.jpg,1876,1945,69
20510.jpg,1876,1884,8
20515.jpg,1876,1851,-25
20520.jpg,1876,1896,20
20525.jpg,1876,1660,-216
20530.jpg,1876,1812,-64
20535.jpg,1876,1876,0
20540.jpg,1876,1840,-36
20545.jpg,1876,1892,16
20550.jpg,1876,1867,-9
20555.jpg,1876,1867,-9
20560.jpg,1876,1549,-327
20565.jpg,1876,1854,-22
20570.jpg,1876,1854,-22
20575.jpg,1876,1873,-3
20580.jpg,1876,1859,-17
20585.jpg,1876,1877,1
20590.jpg,1876,1851,-25
20595.jpg,1876,1881,5
20600.jpg,1876,1875,-1
20605.jpg,1876,1859,-17
20610.jpg,1876,1860,-16
20615.jpg,1876,1874,-2
20620.jpg,1876,1840,-36
20625.jpg,1876,1850,-26
20630.jpg,1876,1858,-18
20635.jpg,1876,1875,-1
20640.jpg,1876,1840,-36
20645.jpg,1876,1874,-2
20650.jpg,1876,1874,-2
20655.jpg,1876,1873,-3
20660.jpg,1876,1874,-2
20665.jpg,1876,1881,5
20670.jpg,1876,1891,15
20675.jpg,1876,1685,-191
20680.jpg,1876,1863,-13
20685.jpg,1876,1885,9
20690.jpg,1876,1872,-4
20695.jpg,1876,1854,-22
20700.jpg,1876,1901,25
20705.jpg,1876,1892,16
20710.jpg,1876,1884,8
20715.jpg,1876,1896,20
20720.jpg,1876,1854,-22
20725.jpg,1876,1888,12
20730.jpg,1877,1865,-12
20735.jpg,1877,1874,-3
20740.jpg,1877,1896,19
20745.jpg,1877,1915,38
20750.jpg,1877,1760,-117
20755.jpg,1877,1874,-3
20760.jpg,1877,1938,61
20765.jpg,1877,1660,-217
20770.jpg,1877,1871,-6
20775.jpg,1877,1867,-10
20780.jpg,1877,1511,-366
20785.jpg,1877,1873,-4
20790.jpg,1877,1854,-23
20795.jpg,1877,1871,-6
20800.jpg,1877,1879,2
20805.jpg,1877,1860,-17
20810.jpg,1877,1875,-2
20815.jpg,1877,1879,2
20820.jpg,1877,1876,-1
20825.jpg,1877,1415,-462
20830.jpg,1877,1875,-2
20835.jpg,1877,1900,23
20840.jpg,1877,1889,12
20845.jpg,1877,1859,-18
20850.jpg,1877,1876,-1
20855.jpg,1877,1860,-17
20860.jpg,1877,1896,19
20865.jpg,1877,1856,-21
20870.jpg,1877,1886,9
20875.jpg,1877,1880,3
20880.jpg,1877,1840,-37
20885.jpg,1877,1886,9
20890.jpg,1877,1880,3
20895.jpg,1877,1548,-329
20900.jpg,1877,1888,11
20905.jpg,1877,1896,19
20910.jpg,1877,1874,-3
20915.jpg,1877,1874,-3
20920.jpg,1878,1849,-29
20925.jpg,1878,1910,32
20930.jpg,1878,1881,3
20935.jpg,1878,1866,-12
20940.jpg,1878,1871,-7
20945.jpg,1878,1901,23
20950.jpg,1878,1892,14
20955.jpg,1878,1888,10
20960.jpg,1878,1552,-326
20965.jpg,1878,1970,92
20970.jpg,1878,1887,9
20975.jpg,1878,1876,-2
20980.jpg,1878,1875,-3
20985.jpg,1878,1874,-4
20990.jpg,1878,1857,-21
20995.jpg,1878,1858,-20
21000.jpg,1878,1873,-5
21005.jpg,1878,1871,-7
21010.jpg,1878,1859,-19
21015.jpg,1878,1882,4
21020.jpg,1878,1812,-66
21025.jpg,1878,1868,-10
21030.jpg,1878,1886,8
21035.jpg,1878,1859,-19
21040.jpg,1878,1830,-48
21045.jpg,1878,1876,-2
21050.jpg,1878,1865,-13
21055.jpg,1878,1846,-32
21060.jpg,1878,1813,-65
21065.jpg,1878,1898,20
21070.jpg,1878,1871,-7
21075.jpg,1878,1859,-19
21080.jpg,1878,1877,-1
21085.jpg,1878,1888,10
21090.jpg,1878,1740,-138
21095.jpg,1878,1876,-2
21100.jpg,1878,1891,13
21105.jpg,1878,1896,18
21110.jpg,1878,1871,-7
21115.jpg,1878,1903,25
21120.jpg,1878,1904,26
21125.jpg,1878,2016,138
21130.jpg,1878,1880,2
21135.jpg,1878,1899,21
21140.jpg,1878,1879,1
21145.jpg,1878,1884,6
21150.jpg,1878,1726,-152
21155.jpg,1878,1890,12
21160.jpg,1879,1974,95
21165.jpg,1879,1865,-14
21170.jpg,1879,1866,-13
21175.jpg,1879,1901,22
21180.jpg,1879,1879,0
21185.jpg,1879,1905,26
21190.jpg,1879,1872,-7
21195.jpg,1879,1891,12
21200.jpg,1879,1864,-15
21205.jpg,1879,1917,38
21210.jpg,1879,1880,1
21215.jpg,1879,1846,-33
21220.jpg,1879,1854,-25
21225.jpg,1879,1874,-5
21230.jpg,1879,1854,-25
21235.jpg,1879,1858,-21
21240.jpg,1879,1879,0
21245.jpg,1879,1856,-23
21250.jpg,1879,1857,-22
21255.jpg,1879,1880,1
21260.jpg,1879,1875,-4
21265.jpg,1879,1876,-3
21270.jpg,1879,1904,25
21275.jpg,1879,1860,-19
21280.jpg,1879,1856,-23
21285.jpg,1879,1935,56
21290.jpg,1879,1885,6
21295.jpg,1879,1827,-52
21300.jpg,1879,1892,13
21305.jpg,1879,1877,-2
21310.jpg,1879,1864,-15
21315.jpg,1879,1881,2
21320.jpg,1879,1835,-44
21325.jpg,1879,1871,-8
21330.jpg,1879,1864,-15
21335.jpg,1879,1883,4
21340.jpg,1879,1905,26
21345.jpg,1879,1900,21
21350.jpg,1879,1906,27
21355.jpg,1879,1159,-720
21360.jpg,1879,1884,5
21365.jpg,1879,1884,5
21370.jpg,1879,1902,23
21375.jpg,1880,1832,-48
21380.jpg,1880,1881,1
21385.jpg,1880,1884,4
21390.jpg,1880,1873,-7
21395.jpg,1880,1866,-14
21400.jpg,1880,1888,8
21405.jpg,1880,1851,-29
21410.jpg,1880,1813,-67
21415.jpg,1880,1820,-60
21420.jpg,1880,1864,-16
21425.jpg,1880,1880,0
21430.jpg,1880,1833,-47
21435.jpg,1880,1864,-16
21440.jpg,1880,1876,-4
21445.jpg,1880,1892,12
21450.jpg,1880,1866,-14
21455.jpg,1880,1859,-21
21460.jpg,1880,1880,0
21465.jpg,1880,1867,-13
21470.jpg,1880,1867,-13
21475.jpg,1880,1867,-13
21480.jpg,1880,1858,-22
21485.jpg,1880,1854,-26
21490.jpg,1880,1859,-21
21495.jpg,1880,1858,-22
21500.jpg,1880,1855,-25
21505.jpg,1880,1858,-22
21510.jpg,1880,1885,5
21515.jpg,1880,1859,-21
21520.jpg,1880,1812,-68
21525.jpg,1880,1885,5
21530.jpg,1880,1896,16
21535.jpg,1880,1886,6
21540.jpg,1880,1856,-24
21545.jpg,1880,1877,-3
21550.jpg,1880,1886,6
21555.jpg,1880,1873,-7
21560.jpg,1880,1860,-20
21565.jpg,1880,1860,-20
21570.jpg,1880,1880,0
21575.jpg,1880,1860,-20
21580.jpg,1880,1855,-25
21585.jpg,1880,1790,-90
21590.jpg,1880,1855,-25
21595.jpg,1880,1891,11
21600.jpg,1880,1888,8
21605.jpg,1880,1860,-20
21610.jpg,1880,1888,8
21615.jpg,1880,1889,9
21620.jpg,1880,1871,-9
21625.jpg,1880,1873,-7
21630.jpg,1880,1886,6
21635.jpg,1880,1820,-60
21640.jpg,1880,1875,-5
21645.jpg,1880,1807,-73
21650.jpg,1880,1612,-268
21655.jpg,1880,1896,16
21660.jpg,1880,1866,-14
21665.jpg,1880,1548,-332
21670.jpg,1880,1909,29
21675.jpg,1880,1885,5
21680.jpg,1880,1888,8
21685.jpg,1880,1753,-127
21690.jpg,1880,1896,16
21695.jpg,1880,1884,4
21700.jpg,1880,1884,4
21705.jpg,1880,1695,-185
21710.jpg,1881,1899,18
21715.jpg,1881,1979,98
21720.jpg,1881,1938,57
21725.jpg,1881,1865,-16
21730.jpg,1881,1892,11
21735.jpg,1881,1907,26
21740.jpg,1881,1890,9
21745.jpg,1881,1898,17
21750.jpg,1881,1864,-17
21755.jpg,1881,1944,63
21760.jpg,1881,1867,-14
21765.jpg,1881,1950,69
21770.jpg,1881,1866,-15
21775.jpg,1881,1875,-6
21780.jpg,1881,1593,-288
21785.jpg,1881,1864,-17
21790.jpg,1881,1870,-11
21795.jpg,1881,1894,13
21800.jpg,1881,1888,7
21805.jpg,1881,1495,-386
21810.jpg,1881,1900,19
21815.jpg,1881,1892,11
21820.jpg,1881,1705,-176
21825.jpg,1881,1888,7
21830.jpg,1881,1873,-8
21835.jpg,1881,1880,-1
21840.jpg,1881,1858,-23
21845.jpg,1881,1825,-56
21850.jpg,1881,1553,-328
21855.jpg,1881,1886,5
21860.jpg,1881,1790,-91
21865.jpg,1881,1891,10
21870.jpg,1881,1859,-22
21875.jpg,1881,1890,9
21880.jpg,1881,1858,-23
21885.jpg,1881,1866,-15
21890.jpg,1881,1915,34
21895.jpg,1881,1886,5
21900.jpg,1881,1871,-10
21905.jpg,1881,1920,39
21910.jpg,1881,1892,11
21915.jpg,1881,1624,-257
21920.jpg,1881,1876,-5
21925.jpg,1881,1880,-1
21930.jpg,1881,1812,-69
21935.jpg,1881,1201,-680
21940.jpg,1881,1856,-25
21945.jpg,1882,1849,-33
21950.jpg,1882,1928,46
21955.jpg,1882,1892,10
21960.jpg,1882,1616,-266
21965.jpg,1882,1901,19
21970.jpg,1882,1922,40
21975.jpg,1882,1859,-23
21980.jpg,1882,1887,5
21985.jpg,1882,1841,-41
21990.jpg,1882,1886,4
21995.jpg,1882,1871,-11
22000.jpg,1882,1888,6
22005.jpg,1882,1867,-15
22010.jpg,1882,1850,-32
22015.jpg,1882,1871,-11
22020.jpg,1882,1871,-11
22025.jpg,1882,1880,-2
22030.jpg,1882,1865,-17
22035.jpg,1882,1860,-22
22040.jpg,1882,1885,3
22045.jpg,1882,1880,-2
22050.jpg,1882,1844,-38
22055.jpg,1882,1873,-9
22060.jpg,1882,1873,-9
22065.jpg,1882,1839,-43
22070.jpg,1882,1855,-27
22075.jpg,1882,1650,-232
22080.jpg,1882,1892,10
22085.jpg,1882,1883,1
22090.jpg,1882,1884,2
22095.jpg,1882,1851,-31
22100.jpg,1882,1887,5
22105.jpg,1882,1887,5
22110.jpg,1882,1880,-2
22115.jpg,1882,1888,6
22120.jpg,1882,1860,-22
22125.jpg,1882,1890,8
22130.jpg,1882,1890,8
22135.jpg,1882,1873,-9
22140.jpg,1882,1021,-861
22145.jpg,1882,1988,106
22150.jpg,1882,1718,-164
22155.jpg,1882,2006,124
22160.jpg,1882,1895,13
22165.jpg,1882,1996,114
22170.jpg,1882,1803,-79
22175.jpg,1882,1652,-230
22180.jpg,1882,1896,14
22185.jpg,1882,1867,-15
22190.jpg,1882,1944,62
22195.jpg,1882,1828,-54
22200.jpg,1882,1901,19
22205.jpg,1882,1889,7
22210.jpg,1882,1876,-6
22215.jpg,1883,1821,-62
22220.jpg,1883,1898,15
22225.jpg,1883,1902,19
22230.jpg,1883,1881,-2
22235.jpg,1883,1892,9
22240.jpg,1883,1871,-12
22245.jpg,1883,1892,9
22250.jpg,1883,1892,9
22255.jpg,1883,1834,-49
22260.jpg,1883,1896,13
22265.jpg,1883,1881,-2
22270.jpg,1883,1913,30
22275.jpg,1883,1896,13
22280.jpg,1883,1555,-328
22285.jpg,1883,1674,-209
22290.jpg,1883,1769,-114
22295.jpg,1883,1867,-16
22300.jpg,1883,1858,-25
22305.jpg,1883,1863,-20
22310.jpg,1883,1859,-24
22315.jpg,1883,1854,-29
22320.jpg,1883,1884,1
22325.jpg,1883,1873,-10
22330.jpg,1883,1888,5
22335.jpg,1883,1888,5
22340.jpg,1883,1884,1
22345.jpg,1883,1888,5
22350.jpg,1883,1880,-3
22355.jpg,1883,1912,29
22360.jpg,1883,1892,9
22365.jpg,1883,1880,-3
22370.jpg,1883,1893,10
22375.jpg,1883,1860,-23
22380.jpg,1883,1891,8
22385.jpg,1883,1915,32
22390.jpg,1883,1915,32
22395.jpg,1883,1812,-71
22400.jpg,1883,1873,-10
22405.jpg,1883,1892,9
22410.jpg,1883,1896,13
22415.jpg,1883,1907,24
22420.jpg,1883,1860,-23
22425.jpg,1883,1891,8
22430.jpg,1883,1880,-3
22435.jpg,1883,1892,9
22440.jpg,1883,1862,-21
22445.jpg,1883,1875,-8
22450.jpg,1883,1873,-10
22455.jpg,1883,1863,-20
22460.jpg,1883,1927,44
22465.jpg,1883,1882,-1
22470.jpg,1883,1881,-2
22475.jpg,1883,1865,-18
22480.jpg,1883,1895,12
22485.jpg,1883,1886,3
22490.jpg,1883,1884,1
22495.jpg,1883,1881,-2
22500.jpg,1883,1863,-20
22505.jpg,1883,1898,15
22510.jpg,1884,1866,-18
22515.jpg,1884,1731,-153
22520.jpg,1884,1889,5
22525.jpg,1884,1924,40
22530.jpg,1884,1943,59
22535.jpg,1884,1864,-20
22540.jpg,1884,1892,8
22545.jpg,1884,1892,8
22550.jpg,1884,1917,33
22555.jpg,1884,1876,-8
22560.jpg,1884,1867,-17
22565.jpg,1884,1854,-30
22570.jpg,1884,1854,-30
22575.jpg,1884,1873,-11
22580.jpg,1884,1740,-144
22585.jpg,1884,1873,-11
22590.jpg,1884,1888,4
22595.jpg,1884,1883,-1
22600.jpg,1884,1880,-4
22605.jpg,1884,1881,-3
22610.jpg,1884,1896,12
22615.jpg,1884,1886,2
22620.jpg,1884,1884,0
22625.jpg,1884,1859,-25
22630.jpg,1884,1891,7
22635.jpg,1884,1891,7
22640.jpg,1884,1857,-27
22645.jpg,1884,1880,-4
22650.jpg,1884,1898,14
22655.jpg,1884,1860,-24
22660.jpg,1884,1884,0
22665.jpg,1884,1935,51
22670.jpg,1884,1763,-121
22675.jpg,1884,1892,8
22680.jpg,1884,1740,-144
22685.jpg,1884,1877,-7
22690.jpg,1884,1892,8
22695.jpg,1884,1899,15
22700.jpg,1884,1850,-34
22705.jpg,1884,1888,4
22710.jpg,1884,1882,-2
22715.jpg,1884,1880,-4
22720.jpg,1884,1866,-18
22725.jpg,1884,1863,-21
22730.jpg,1884,1900,16
22735.jpg,1884,1863,-21
22740.jpg,1884,2019,135
22745.jpg,1884,1892,8
22750.jpg,1884,1868,-16
22755.jpg,1884,1953,69
22760.jpg,1884,1909,25
22765.jpg,1884,1868,-16
22770.jpg,1884,1874,-10
22775.jpg,1884,1892,8
22780.jpg,1885,1892,7
22785.jpg,1885,1901,16
22790.jpg,1885,1896,11
22795.jpg,1885,1861,-24
22800.jpg,1885,1858,-27
22805.jpg,1885,1892,7
22810.jpg,1885,1888,3
22815.jpg,1885,1881,-4
22820.jpg,1885,1896,11
22825.jpg,1885,1930,45
22830.jpg,1885,1876,-9
22835.jpg,1885,1944,59
22840.jpg,1885,1867,-18
22845.jpg,1885,1857,-28
22850.jpg,1885,1920,35
22855.jpg,1885,1858,-27
22860.jpg,1885,1878,-7
22865.jpg,1885,1888,3
22870.jpg,1885,1892,7
22875.jpg,1885,1877,-8
22880.jpg,1885,1897,12
22885.jpg,1885,1896,11
22890.jpg,1885,1871,-14
22895.jpg,1885,1880,-5
22900.jpg,1885,1860,-25
22905.jpg,1885,1875,-10
22910.jpg,1885,1944,59
22915.jpg,1885,1897,12
22920.jpg,1885,1894,9
22925.jpg,1885,1871,-14
22930.jpg,1885,1897,12
22935.jpg,1885,1880,-5
22940.jpg,1885,1893,8
22945.jpg,1885,1886,1
22950.jpg,1885,1844,-41
22955.jpg,1885,1877,-8
22960.jpg,1885,2010,125
22965.jpg,1885,1883,-2
22970.jpg,1885,1891,6
22975.jpg,1885,1892,7
22980.jpg,1885,1897,12
22985.jpg,1885,1858,-27
22990.jpg,1885,1896,11
22995.jpg,1885,1897,12
23000.jpg,1885,1820,-65
23005.jpg,1885,1871,-14
23010.jpg,1885,1462,-423
23015.jpg,1885,1847,-38
23020.jpg,1885,1854,-31
23025.jpg,1885,1854,-31
23030.jpg,1885,1901,16
23035.jpg,1885,1888,3
23040.jpg,1885,1889,4
23045.jpg,1885,1833,-52
23050.jpg,1885,1924,39
23055.jpg,1885,1860,-25
23060.jpg,1885,1891,6
23065.jpg,1885,1881,-4
23070.jpg,1885,1884,-1
23075.jpg,1885,1090,-795
23080.jpg,1885,1872,-13
23085.jpg,1886,1866,-20
23090.jpg,1886,1889,3
23095.jpg,1886,1914,28
23100.jpg,1886,1874,-12
23105.jpg,1886,1960,74
23110.jpg,1886,1942,56
23115.jpg,1886,1845,-41
23120.jpg,1886,1813,-73
23125.jpg,1886,1928,42
23130.jpg,1886,1555,-331
23135.jpg,1886,1997,111
23140.jpg,1886,1997,111
23145.jpg,1886,1858,-28
23150.jpg,1886,1854,-32
23155.jpg,1886,1863,-23
23160.jpg,1886,1857,-29
23165.jpg,1886,1847,-39
23170.jpg,1886,1888,2
23175.jpg,1886,1918,32
23180.jpg,1886,1896,10
23185.jpg,1886,1943,57
23190.jpg,1886,1886,0
23195.jpg,1886,1897,11
23200.jpg,1886,1898,12
23205.jpg,1886,1898,12
23210.jpg,1886,1902,16
23215.jpg,1886,1875,-11
23220.jpg,1886,1886,0
23225.jpg,1886,1888,2
23230.jpg,1886,1875,-11
23235.jpg,1886,1892,6
23240.jpg,1886,1886,0
23245.jpg,1886,1873,-13
23250.jpg,1886,1929,43
23255.jpg,1886,1860,-26
23260.jpg,1886,1893,7
23265.jpg,1886,1904,18
23270.jpg,1886,1884,-2
23275.jpg,1886,1860,-26
23280.jpg,1886,1889,3
23285.jpg,1886,1884,-2
23290.jpg,1886,1856,-30
23295.jpg,1886,1912,26
23300.jpg,1886,1892,6
23305.jpg,1886,1839,-47
23310.jpg,1886,1158,-728
23315.jpg,1886,1888,2
23320.jpg,1886,1871,-15
23325.jpg,1886,1864,-22
23330.jpg,1886,1856,-30
23335.jpg,1886,1737,-149
23340.jpg,1886,1917,31
23345.jpg,1886,1883,-3
23350.jpg,1886,1862,-24
23355.jpg,1886,1944,58
23360.jpg,1886,1900,14
23365.jpg,1886,1067,-819
23370.jpg,1886,1891,5
23375.jpg,1887,1947,60
23380.jpg,1887,1948,61
23385.jpg,1887,1831,-56
23390.jpg,1887,1931,44
23395.jpg,1887,1896,9
23400.jpg,1887,1866,-21
23405.jpg,1887,1732,-155
23410.jpg,1887,1899,12
23415.jpg,1887,1896,9
23420.jpg,1887,1889,2
23425.jpg,1887,1901,14
23430.jpg,1887,1898,11
23435.jpg,1887,1867,-20
23440.jpg,1887,1876,-11
23445.jpg,1887,1889,2
23450.jpg,1887,1860,-27
23455.jpg,1887,1651,-236
23460.jpg,1887,1857,-30
23465.jpg,1887,1843,-44
23470.jpg,1887,1915,28
23475.jpg,1887,1820,-67
23480.jpg,1887,1876,-11
23485.jpg,1887,1888,1
23490.jpg,1887,1860,-27
23495.jpg,1887,1901,14
23500.jpg,1887,1888,1
23505.jpg,1887,1886,-1
23510.jpg,1887,1875,-12
23515.jpg,1887,1896,9
23520.jpg,1887,1877,-10
23525.jpg,1887,1740,-147
23530.jpg,1887,1895,8
23535.jpg,1887,1896,9
23540.jpg,1887,1888,1
23545.jpg,1887,1901,14
23550.jpg,1887,1880,-7
23555.jpg,1887,1925,38
23560.jpg,1887,1913,26
23565.jpg,1887,1868,-19
23570.jpg,1887,1886,-1
23575.jpg,1887,1899,12
23580.jpg,1887,1888,1
23585.jpg,1887,1873,-14
23590.jpg,1887,1923,36
23595.jpg,1887,1893,6
23600.jpg,1887,1732,-155
23605.jpg,1887,1896,9
23610.jpg,1887,1901,14
23615.jpg,1887,1883,-4
23620.jpg,1887,1893,6
23625.jpg,1887,1896,9
23630.jpg,1887,1888,1
23635.jpg,1887,1893,6
23640.jpg,1887,1831,-56
23645.jpg,1887,1885,-2
23650.jpg,1887,1894,7
23655.jpg,1887,1895,8
23660.jpg,1887,1888,1
23665.jpg,1887,1883,-4
23670.jpg,1887,1802,-85
23675.jpg,1887,1883,-4
23680.jpg,1887,1942,55
23685.jpg,1887,1939,52
23690.jpg,1887,1888,1
23695.jpg,1887,1888,1
23700.jpg,1888,1849,-39
23705.jpg,1888,1917,29
23710.jpg,1888,1903,15
23715.jpg,1888,1935,47
23720.jpg,1888,1969,81
23725.jpg,1888,1873,-15
23730.jpg,1888,1873,-15
23735.jpg,1888,1889,1
23740.jpg,1888,1896,8
23745.jpg,1888,1892,4
23750.jpg,1888,1988,100
23755.jpg,1888,2013,125
23760.jpg,1888,1864,-24
23765.jpg,1888,1850,-38
23770.jpg,1888,2013,125
23775.jpg,1888,1871,-17
23780.jpg,1888,1859,-29
23785.jpg,1888,1854,-34
23790.jpg,1888,1892,4
23795.jpg,1888,1889,1
23800.jpg,1888,1893,5
23805.jpg,1888,1891,3
23810.jpg,1888,1813,-75
23815.jpg,1888,1879,-9
23820.jpg,1888,1875,-13
23825.jpg,1888,1913,25
23830.jpg,1888,1909,21
23835.jpg,1888,1884,-4
23840.jpg,1888,1888,0
23845.jpg,1888,1964,76
23850.jpg,1888,1878,-10
23855.jpg,1888,1896,8
23860.jpg,1888,1892,4
23865.jpg,1888,1856,-32
23870.jpg,1888,1855,-33
23875.jpg,1888,1896,8
23880.jpg,1888,1890,2
23885.jpg,1888,1896,8
23890.jpg,1888,1860,-28
23895.jpg,1888,1888,0
23900.jpg,1888,1860,-28
23905.jpg,1888,1864,-24
23910.jpg,1888,1902,14
23915.jpg,1888,1886,-2
23920.jpg,1888,1897,9
23925.jpg,1888,1886,-2
23930.jpg,1888,1901,13
23935.jpg,1888,1815,-73
23940.jpg,1888,1896,8
23945.jpg,1888,1876,-12
23950.jpg,1888,1899,11
23955.jpg,1888,1880,-8
23960.jpg,1888,1896,8
23965.jpg,1888,1917,29
23970.jpg,1888,1513,-375
23975.jpg,1888,1888,0
23980.jpg,1888,1896,8
23985.jpg,1888,1911,23
23990.jpg,1888,1866,-22
23995.jpg,1888,1409,-479
24000.jpg,1888,1902,14
24005.jpg,1888,1898,10
24010.jpg,1888,1776,-112
24015.jpg,1888,1942,54
24020.jpg,1888,1901,13
24025.jpg,1888,1898,10
24030.jpg,1888,1891,3
24035.jpg,1888,1626,-262
24040.jpg,1888,1906,18
24045.jpg,1888,1067,-821
24050.jpg,1889,1888,-1
24055.jpg,1889,1875,-14
24060.jpg,1889,1896,7
24065.jpg,1889,1891,2
24070.jpg,1889,1875,-14
24075.jpg,1889,1938,49
24080.jpg,1889,1889,0
24085.jpg,1889,1888,-1
24090.jpg,1889,1891,2
24095.jpg,1889,1892,3
24100.jpg,1889,1839,-50
24105.jpg,1889,1893,4
24110.jpg,1889,1892,3
24115.jpg,1889,1955,66
24120.jpg,1889,1850,-39
24125.jpg,1889,1959,70
24130.jpg,1889,1883,-6
24135.jpg,1889,1867,-22
24140.jpg,1889,1854,-35
24145.jpg,1889,1873,-16
24150.jpg,1889,1857,-32
24155.jpg,1889,1854,-35
24160.jpg,1889,1886,-3
24165.jpg,1889,1896,7
24170.jpg,1889,1886,-3
24175.jpg,1889,1934,45
24180.jpg,1889,1899,10
24185.jpg,1889,1896,7
24190.jpg,1889,1884,-5
24195.jpg,1889,1892,3
24200.jpg,1889,1896,7
24205.jpg,1889,1875,-14
24210.jpg,1889,1888,-1
24215.jpg,1889,1873,-16
24220.jpg,1889,1873,-16
24225.jpg,1889,1857,-32
24230.jpg,1889,1892,3
24235.jpg,1889,1892,3
24240.jpg,1889,1876,-13
24245.jpg,1889,1920,31
24250.jpg,1889,1880,-9
24255.jpg,1889,1891,2
24260.jpg,1889,1887,-2
24265.jpg,1889,1896,7
24270.jpg,1889,1892,3
24275.jpg,1889,1889,0
24280.jpg,1889,1896,7
24285.jpg,1889,1900,11
24290.jpg,1889,1876,-13
24295.jpg,1889,1871,-18
24300.jpg,1889,1898,9
24305.jpg,1889,1904,15
24310.jpg,1889,1892,3
24315.jpg,1889,1883,-6
24320.jpg,1889,1150,-739
24325.jpg,1889,1892,3
24330.jpg,1889,1695,-194
24335.jpg,1889,1919,30
24340.jpg,1889,1938,49
24345.jpg,1889,1888,-1
24350.jpg,1889,1903,14
24355.jpg,1889,1892,3
24360.jpg,1889,1988,99
24365.jpg,1889,1892,3
24370.jpg,1889,1886,-3
24375.jpg,1889,1904,15
24380.jpg,1889,1910,21
24385.jpg,1889,1892,3
24390.jpg,1889,1875,-14
24395.jpg,1890,1821,-69
24400.jpg,1890,1881,-9
24405.jpg,1890,1863,-27
24410.jpg,1890,1869,-21
24415.jpg,1890,1896,6
24420.jpg,1890,1848,-42
24425.jpg,1890,1892,2
24430.jpg,1890,1884,-6
24435.jpg,1890,1888,-2
24440.jpg,1890,1929,39
24445.jpg,1890,1937,47
24450.jpg,1890,1892,2
24455.jpg,1890,1892,2
24460.jpg,1890,1872,-18
24465.jpg,1890,1925,35
24470.jpg,1890,1900,10
24475.jpg,1890,1871,-19
24480.jpg,1890,1877,-13
24485.jpg,1890,1919,29
24490.jpg,1890,1872,-18
24495.jpg,1890,1867,-23
24500.jpg,1890,1858,-32
24505.jpg,1890,1857,-33
24510.jpg,1890,1857,-33
24515.jpg,1890,1856,-34
24520.jpg,1890,1871,-19
24525.jpg,1890,1885,-5
24530.jpg,1890,1584,-306
24535.jpg,1890,1891,1
24540.jpg,1890,1896,6
24545.jpg,1890,1896,6
24550.jpg,1890,1896,6
24555.jpg,1890,1860,-30
24560.jpg,1890,1880,-10
24565.jpg,1890,1891,1
24570.jpg,1890,1877,-13
24575.jpg,1890,1865,-25
24580.jpg,1890,1901,11
24585.jpg,1890,1891,1
24590.jpg,1890,1896,6
24595.jpg,1890,1886,-4
24600.jpg,1890,1888,-2
24605.jpg,1890,1896,6
24610.jpg,1890,1898,8
24615.jpg,1890,1900,10
24620.jpg,1890,1948,58
24625.jpg,1890,1901,11
24630.jpg,1890,1897,7
24635.jpg,1890,1897,7
24640.jpg,1890,1875,-15
24645.jpg,1890,1877,-13
24650.jpg,1890,1896,6
24655.jpg,1890,1812,-78
24660.jpg,1890,1891,1
24665.jpg,1890,1892,2
24670.jpg,1890,1888,-2
24675.jpg,1890,1892,2
24680.jpg,1890,1892,2
24685.jpg,1890,1892,2
24690.jpg,1890,1854,-36
24695.jpg,1890,1891,1
24700.jpg,1890,1989,99
24705.jpg,1890,1883,-7
24710.jpg,1890,1923,33
24715.jpg,1890,1897,7
24720.jpg,1890,1874,-16
24725.jpg,1890,1839,-51
24730.jpg,1890,1921,31
24735.jpg,1890,1921,31
24740.jpg,1890,1911,21
24745.jpg,1890,1866,-24
24750.jpg,1890,1863,-27
24755.jpg,1890,1899,9
24760.jpg,1890,1888,-2
24765.jpg,1890,1887,-3
24770.jpg,1890,1886,-4
24775.jpg,1891,1824,-67
24780.jpg,1891,1896,5
24785.jpg,1891,1891,0
24790.jpg,1891,1857,-34
24795.jpg,1891,1896,5
24800.jpg,1891,1896,5
24805.jpg,1891,1896,5
24810.jpg,1891,1896,5
24815.jpg,1891,1594,-297
24820.jpg,1891,1891,0
24825.jpg,1891,1902,11
24830.jpg,1891,1902,11
24835.jpg,1891,1892,1
24840.jpg,1891,1890,-1
24845.jpg,1891,1890,-1
24850.jpg,1891,1902,11
24855.jpg,1891,1964,73
24860.jpg,1891,1905,14
24865.jpg,1891,1864,-27
24870.jpg,1891,1871,-20
24875.jpg,1891,1858,-33
24880.jpg,1891,1901,10
24885.jpg,1891,1888,-3
24890.jpg,1891,1892,1
24895.jpg,1891,1891,0
24900.jpg,1891,1865,-26
24905.jpg,1891,1860,-31
24910.jpg,1891,1880,-11
24915.jpg,1891,1896,5
24920.jpg,1891,1825,-66
24925.jpg,1891,1876,-15
24930.jpg,1891,1820,-71
24935.jpg,1891,1886,-5
24940.jpg,1891,1888,-3
24945.jpg,1891,1651,-240
24950.jpg,1891,1860,-31
24955.jpg,1891,1860,-31
24960.jpg,1891,1888,-3
24965.jpg,1891,1900,9
24970.jpg,1891,1891,0
24975.jpg,1891,1897,6
24980.jpg,1891,1875,-16
24985.jpg,1891,1860,-31
24990.jpg,1891,1892,1
24995.jpg,1891,1893,2
25000.jpg,1891,1892,1
25005.jpg,1891,1885,-6
25010.jpg,1891,1865,-26
25015.jpg,1891,1896,5
25020.jpg,1891,1853,-38
25025.jpg,1891,1896,5
25030.jpg,1891,1899,8
25035.jpg,1891,1111,-780
25040.jpg,1891,1879,-12
25045.jpg,1891,1888,-3
25050.jpg,1891,1899,8
25055.jpg,1891,1887,-4
25060.jpg,1891,1888,-3
25065.jpg,1891,1841,-50
25070.jpg,1891,1881,-10
25075.jpg,1891,1866,-25
25080.jpg,1891,1896,5
25085.jpg,1891,1876,-15
25090.jpg,1891,1906,15
25095.jpg,1892,1899,7
25100.jpg,1892,1996,104
25105.jpg,1892,2005,113
25110.jpg,1892,1902,10
25115.jpg,1892,1915,23
25120.jpg,1892,1884,-8
25125.jpg,1892,1884,-8
25130.jpg,1892,1840,-52
25135.jpg,1892,1902,10
25140.jpg,1892,1874,-18
25145.jpg,1892,1892,0
25150.jpg,1892,1956,64
25155.jpg,1892,1906,14
25160.jpg,1892,1983,91
25165.jpg,1892,1905,13
25170.jpg,1892,1888,-4
25175.jpg,1892,1907,15
25180.jpg,1892,2009,117
25185.jpg,1892,1867,-25
25190.jpg,1892,1919,27
25195.jpg,1892,1859,-33
25200.jpg,1892,1873,-19
25205.jpg,1892,1854,-38
25210.jpg,1892,1912,20
25215.jpg,1892,1886,-6
25220.jpg,1892,1896,4
25225.jpg,1892,1858,-34
25230.jpg,1892,1860,-32
25235.jpg,1892,1900,8
25240.jpg,1892,1889,-3
25245.jpg,1892,1896,4
25250.jpg,1892,1904,12
25255.jpg,1892,1860,-32
25260.jpg,1892,1888,-4
25265.jpg,1892,1876,-16
25270.jpg,1892,1888,-4
25275.jpg,1892,1888,-4
25280.jpg,1892,1896,4
25285.jpg,1892,1880,-12
25290.jpg,1892,1892,0
25295.jpg,1892,1894,2
25300.jpg,1892,1856,-36
25305.jpg,1892,1888,-4
25310.jpg,1892,1886,-6
25315.jpg,1892,1896,4
25320.jpg,1892,1896,4
25325.jpg,1892,1907,15
25330.jpg,1892,1918,26
25335.jpg,1892,1892,0
25340.jpg,1892,1768,-124
25345.jpg,1892,1940,48
25350.jpg,1892,1891,-1
25355.jpg,1892,1676,-216
25360.jpg,1892,1910,18
25365.jpg,1892,1891,-1
25370.jpg,1892,1893,1
25375.jpg,1892,1892,0
25380.jpg,1892,1876,-16
25385.jpg,1892,1890,-2
25390.jpg,1892,1715,-177
25395.jpg,1892,1945,53
25400.jpg,1892,1949,57
25405.jpg,1892,1889,-3
25410.jpg,1892,1883,-9
25415.jpg,1892,1915,23
25420.jpg,1892,1881,-11
25425.jpg,1892,1899,7
25430.jpg,1892,1585,-307
25435.jpg,1892,1896,4
25440.jpg,1892,1916,24
25445.jpg,1892,1849,-43
25450.jpg,1892,1888,-4
25455.jpg,1892,1896,4
25460.jpg,1892,1890,-2
25465.jpg,1893,1849,-44
25470.jpg,1893,1891,-2
25475.jpg,1893,1910,17
25480.jpg,1893,1844,-49
25485.jpg,1893,1895,2
25490.jpg,1893,1925,32
25495.jpg,1893,1874,-19
25500.jpg,1893,1896,3
25505.jpg,1893,1893,0
25510.jpg,1893,1913,20
25515.jpg,1893,1899,6
25520.jpg,1893,1892,-1
25525.jpg,1893,1892,-1
25530.jpg,1893,1891,-2
25535.jpg,1893,1929,36
25540.jpg,1893,1890,-3
25545.jpg,1893,1872,-21
25550.jpg,1893,1555,-338
25555.jpg,1893,1645,-248
25560.jpg,1893,1855,-38
25565.jpg,1893,1854,-39
25570.jpg,1893,1888,-5
25575.jpg,1893,1891,-2
25580.jpg,1893,1720,-173
25585.jpg,1893,1892,-1
25590.jpg,1893,1896,3
25595.jpg,1893,1856,-37
25600.jpg,1893,1896,3
25605.jpg,1893,1896,3
25610.jpg,1893,1896,3
25615.jpg,1893,1888,-5
25620.jpg,1893,1891,-2
25625.jpg,1893,1891,-2
25630.jpg,1893,1896,3
25635.jpg,1893,1891,-2
25640.jpg,1893,1913,20
25645.jpg,1893,1891,-2
25650.jpg,1893,1892,-1
25655.jpg,1893,1908,15
25660.jpg,1893,1874,-19
25665.jpg,1893,1888,-5
25670.jpg,1893,1888,-5
25675.jpg,1893,1892,-1
25680.jpg,1893,1553,-340
25685.jpg,1893,1732,-161
25690.jpg,1893,1913,20
25695.jpg,1893,1874,-19
25700.jpg,1893,1901,8
25705.jpg,1893,1852,-41
25710.jpg,1893,1900,7
25715.jpg,1893,1896,3
25720.jpg,1893,1856,-37
25725.jpg,1893,1897,4
25730.jpg,1893,1888,-5
25735.jpg,1893,1895,2
25740.jpg,1893,1892,-1
25745.jpg,1893,1888,-5
25750.jpg,1893,1886,-7
25755.jpg,1893,1879,-14
25760.jpg,1893,1888,-5
25765.jpg,1893,1907,14
25770.jpg,1893,1891,-2
25775.jpg,1893,1898,5
25780.jpg,1893,1876,-17
25785.jpg,1893,1915,22
25790.jpg,1893,1895,2
25795.jpg,1893,1902,9
25800.jpg,1893,1886,-7
25805.jpg,1894,1722,-172
25810.jpg,1894,2018,124
25815.jpg,1894,1898,4
25820.jpg,1894,1901,7
25825.jpg,1894,1903,9
25830.jpg,1894,1896,2
25835.jpg,1894,1896,2
25840.jpg,1894,1945,51
25845.jpg,1894,1901,7
25850.jpg,1894,1888,-6
25855.jpg,1894,1893,-1
25860.jpg,1894,1896,2
25865.jpg,1894,1871,-23
25870.jpg,1894,1877,-17
25875.jpg,1894,1849,-45
25880.jpg,1894,1766,-128
25885.jpg,1894,1867,-27
25890.jpg,1894,1872,-22
25895.jpg,1894,1832,-62
25900.jpg,1894,1854,-40
25905.jpg,1894,1888,-6
25910.jpg,1894,1896,2
25915.jpg,1894,1909,15
25920.jpg,1894,1888,-6
25925.jpg,1894,1888,-6
25930.jpg,1894,1896,2
25935.jpg,1894,1896,2
25940.jpg,1894,1885,-9
25945.jpg,1894,1891,-3
25950.jpg,1894,1879,-15
25955.jpg,1894,1913,19
25960.jpg,1894,1896,2
25965.jpg,1894,1889,-5
25970.jpg,1894,1888,-6
25975.jpg,1894,1895,1
25980.jpg,1894,1880,-14
25985.jpg,1894,1897,3
25990.jpg,1894,1819,-75
25995.jpg,1894,1896,2
26000.jpg,1894,1891,-3
26005.jpg,1894,1888,-6
26010.jpg,1894,1896,2
26015.jpg,1894,1888,-6
26020.jpg,1894,1888,-6
26025.jpg,1894,1896,2
26030.jpg,1894,1877,-17
26035.jpg,1894,1896,2
26040.jpg,1894,1888,-6
26045.jpg,1894,1859,-35
26050.jpg,1894,1871,-23
26055.jpg,1894,1902,8
26060.jpg,1894,1740,-154
26065.jpg,1894,1902,8
26070.jpg,1894,1909,15
26075.jpg,1894,1896,2
26080.jpg,1894,1964,70
26085.jpg,1894,1888,-6
26090.jpg,1894,1899,5
26095.jpg,1894,1715,-179
26100.jpg,1894,1898,4
26105.jpg,1894,1651,-243
26110.jpg,1894,1891,-3
26115.jpg,1894,1593,-301
26120.jpg,1894,1888,-6
26125.jpg,1895,1894,-1
26130.jpg,1895,1968,73
26135.jpg,1895,1896,1
26140.jpg,1895,1891,-4
26145.jpg,1895,1909,14
26150.jpg,1895,1889,-6
26155.jpg,1895,1820,-75
26160.jpg,1895,1879,-16
26165.jpg,1895,1902,7
26170.jpg,1895,1892,-3
26175.jpg,1895,1913,18
26180.jpg,1895,2008,113
26185.jpg,1895,1905,10
26190.jpg,1895,1871,-24
26195.jpg,1895,1867,-28
26200.jpg,1895,1877,-18
26205.jpg,1895,1867,-28
26210.jpg,1895,1858,-37
26215.jpg,1895,1854,-41
26220.jpg,1895,1890,-5
26225.jpg,1895,1896,1
26230.jpg,1895,1893,-2
26235.jpg,1895,1920,25
26240.jpg,1895,1650,-245
26245.jpg,1895,1691,-204
26250.jpg,1895,1905,10
26255.jpg,1895,1898,3
26260.jpg,1895,1892,-3
26265.jpg,1895,1875,-20
26270.jpg,1895,1890,-5
26275.jpg,1895,1886,-9
26280.jpg,1895,1900,5
26285.jpg,1895,1873,-22
26290.jpg,1895,1895,0
26295.jpg,1895,1879,-16
26300.jpg,1895,1886,-9
26305.jpg,1895,1895,0
26310.jpg,1895,1849,-46
26315.jpg,1895,1886,-9
26320.jpg,1895,1893,-2
26325.jpg,1895,1901,6
26330.jpg,1895,1856,-39
26335.jpg,1895,1898,3
26340.jpg,1895,1896,1
26345.jpg,1895,1935,40
26350.jpg,1895,1900,5
26355.jpg,1895,1888,-7
26360.jpg,1895,1906,11
26365.jpg,1895,1888,-7
26370.jpg,1895,1891,-4
26375.jpg,1895,1891,-4
26380.jpg,1895,1900,5
26385.jpg,1895,1820,-75
26390.jpg,1895,1859,-36
26395.jpg,1895,1359,-536
26400.jpg,1895,1968,73
26405.jpg,1895,1898,3
26410.jpg,1895,1896,1
26415.jpg,1895,1891,-4
26420.jpg,1895,1907,12
26425.jpg,1895,1891,-4
26430.jpg,1895,1900,5
26435.jpg,1895,1911,16
26440.jpg,1895,1848,-47
26445.jpg,1895,1888,-7
26450.jpg,1895,1911,16
26455.jpg,1895,1902,7
26460.jpg,1895,1827,-68
26465.jpg,1895,1912,17
26470.jpg,1895,1909,14
26475.jpg,1895,1901,6
26480.jpg,1895,1533,-362
26485.jpg,1895,1881,-14
26490.jpg,1896,1910,14
26495.jpg,1896,1909,13
26500.jpg,1896,1894,-2
26505.jpg,1896,1891,-5
26510.jpg,1896,1901,5
26515.jpg,1896,1914,18
26520.jpg,1896,1884,-12
26525.jpg,1896,1910,14
26530.jpg,1896,1945,49
26535.jpg,1896,1907,11
26540.jpg,1896,1879,-17
26545.jpg,1896,1813,-83
26550.jpg,1896,1887,-9
26555.jpg,1896,1873,-23
26560.jpg,1896,1856,-40
26565.jpg,1896,1873,-23
26570.jpg,1896,1873,-23
26575.jpg,1896,1903,7
26580.jpg,1896,1896,0
26585.jpg,1896,1902,6
26590.jpg,1896,1892,-4
26595.jpg,1896,1920,24
26600.jpg,1896,1899,3
26605.jpg,1896,1886,-10
26610.jpg,1896,1891,-5
26615.jpg,1896,1929,33
26620.jpg,1896,1859,-37
26625.jpg,1896,1904,8
26630.jpg,1896,1893,-3
26635.jpg,1896,1873,-23
26640.jpg,1896,1871,-25
26645.jpg,1896,1888,-8
26650.jpg,1896,1866,-30
26655.jpg,1896,1913,17
26660.jpg,1896,1900,4
26665.jpg,1896,1892,-4
26670.jpg,1896,1896,0
26675.jpg,1896,1883,-13
26680.jpg,1896,1898,2
26685.jpg,1896,1892,-4
26690.jpg,1896,1648,-248
26695.jpg,1896,1888,-8
26700.jpg,1896,1892,-4
26705.jpg,1896,1886,-10
26710.jpg,1896,1812,-84
26715.jpg,1896,1896,0
26720.jpg,1896,1900,4
26725.jpg,1896,1875,-21
26730.jpg,1896,1888,-8
26735.jpg,1896,1812,-84
26740.jpg,1896,1632,-264
26745.jpg,1896,1839,-57
26750.jpg,1896,1866,-30
26755.jpg,1896,2000,104
26760.jpg,1896,1841,-55
26765.jpg,1896,1888,-8
26770.jpg,1896,1911,15
26775.jpg,1896,1923,27
26780.jpg,1896,1902,6
26785.jpg,1896,1907,11
26790.jpg,1896,1986,90
26795.jpg,1896,1891,-5
26800.jpg,1896,2006,110
26805.jpg,1896,1854,-42
26810.jpg,1896,1945,49
26815.jpg,1896,1882,-14
26820.jpg,1896,1854,-42
26825.jpg,1896,1866,-30
26830.jpg,1896,1879,-17
26835.jpg,1896,1905,9
26840.jpg,1896,1901,5
26845.jpg,1897,1863,-34
26850.jpg,1897,1879,-18
26855.jpg,1897,1891,-6
26860.jpg,1897,1875,-22
26865.jpg,1897,1896,-1
26870.jpg,1897,1901,4
26875.jpg,1897,1874,-23
26880.jpg,1897,1904,7
26885.jpg,1897,1904,7
26890.jpg,1897,1351,-546
26895.jpg,1897,1889,-8
26900.jpg,1897,1891,-6
26905.jpg,1897,1961,64
26910.jpg,1897,1850,-47
26915.jpg,1897,1889,-8
26920.jpg,1897,1871,-26
26925.jpg,1897,1879,-18
26930.jpg,1897,1856,-41
26935.jpg,1897,1863,-34
26940.jpg,1897,1898,1
26945.jpg,1897,1912,15
26950.jpg,1897,1891,-6
26955.jpg,1897,1639,-258
26960.jpg,1897,1876,-21
26965.jpg,1897,1898,1
26970.jpg,1897,1840,-57
26975.jpg,1897,1915,18
26980.jpg,1897,1897,0
26985.jpg,1897,1896,-1
26990.jpg,1897,1904,7
26995.jpg,1897,1888,-9
27000.jpg,1897,1896,-1
27005.jpg,1897,1896,-1
27010.jpg,1897,1891,-6
27015.jpg,1897,1897,0
27020.jpg,1897,1886,-11
27025.jpg,1897,1876,-21
27030.jpg,1897,1886,-11
27035.jpg,1897,1844,-53
27040.jpg,1897,1896,-1
27045.jpg,1897,1891,-6
27050.jpg,1897,1915,18
27055.jpg,1897,1898,1
27060.jpg,1897,1726,-171
27065.jpg,1897,1888,-9
27070.jpg,1897,1920,23
27075.jpg,1897,1901,4
27080.jpg,1897,1874,-23
27085.jpg,1897,1901,4
27090.jpg,1897,1892,-5
27095.jpg,1897,1889,-8
27100.jpg,1897,1892,-5
27105.jpg,1897,1899,2
27110.jpg,1897,1902,5
27115.jpg,1897,1943,46
27120.jpg,1897,1833,-64
27125.jpg,1897,1892,-5
27130.jpg,1897,1964,67
27135.jpg,1897,1881,-16
27140.jpg,1897,1834,-63
27145.jpg,1897,1866,-31
27150.jpg,1897,1917,20
27155.jpg,1898,1900,2
27160.jpg,1898,1910,12
27165.jpg,1898,1856,-42
27170.jpg,1898,1881,-17
27175.jpg,1898,1904,6
27180.jpg,1898,1892,-6
27185.jpg,1898,1896,-2
27190.jpg,1898,1896,-2
27195.jpg,1898,1921,23
27200.jpg,1898,1980,82
27205.jpg,1898,1896,-2
27210.jpg,1898,1892,-6
27215.jpg,1898,1904,6
27220.jpg,1898,1929,31
27225.jpg,1898,1901,3
27230.jpg,1898,1888,-10
27235.jpg,1898,1883,-15
27240.jpg,1898,1876,-22
27245.jpg,1898,1872,-26
27250.jpg,1898,1873,-25
27255.jpg,1898,1854,-44
27260.jpg,1898,1854,-44
27265.jpg,1898,1895,-3
27270.jpg,1898,1892,-6
27275.jpg,1898,1892,-6
27280.jpg,1898,1912,14
27285.jpg,1898,1876,-22
27290.jpg,1898,1916,18
27295.jpg,1898,1896,-2
27300.jpg,1898,1859,-39
27305.jpg,1898,1860,-38
27310.jpg,1898,1931,33
27315.jpg,1898,1897,-1
27320.jpg,1898,1888,-10
27325.jpg,1898,1860,-38
27330.jpg,1898,1911,13
27335.jpg,1898,1896,-2
27340.jpg,1898,1904,6
27345.jpg,1898,1903,5
27350.jpg,1898,1839,-59
27355.jpg,1898,1888,-10
27360.jpg,1898,1834,-64
27365.jpg,1898,1890,-8
27370.jpg,1898,1892,-6
27375.jpg,1898,1839,-59
27380.jpg,1898,1896,-2
27385.jpg,1898,1855,-43
27390.jpg,1898,1900,2
27395.jpg,1898,1880,-18
27400.jpg,1898,1896,-2
27405.jpg,1898,1830,-68
27410.jpg,1898,1911,13
27415.jpg,1898,1756,-142
27420.jpg,1898,1913,15
27425.jpg,1898,1896,-2
27430.jpg,1898,1637,-261
27435.jpg,1898,1982,84
27440.jpg,1898,1898,0
27445.jpg,1898,1929,31
27450.jpg,1898,1910,12
27455.jpg,1898,1942,44
27460.jpg,1898,1898,0
27465.jpg,1898,1883,-15
27470.jpg,1898,1903,5
27475.jpg,1898,1907,9
27480.jpg,1898,1898,0
27485.jpg,1898,1896,-2
27490.jpg,1898,1899,1
27495.jpg,1898,1885,-13
27500.jpg,1898,1914,16
27505.jpg,1898,1896,-2
27510.jpg,1898,1899,1
27515.jpg,1898,1940,42
27520.jpg,1898,1904,6
27525.jpg,1898,1996,98
27530.jpg,1898,1894,-4
27535.jpg,1899,1902,3
27540.jpg,1899,1902,3
27545.jpg,1899,1899,0
27550.jpg,1899,1820,-79
27555.jpg,1899,1873,-26
27560.jpg,1899,1901,2
27565.jpg,1899,1874,-25
27570.jpg,1899,1658,-241
27575.jpg,1899,1896,-3
27580.jpg,1899,1891,-8
27585.jpg,1899,1902,3
27590.jpg,1899,1860,-39
27595.jpg,1899,1760,-139
27600.jpg,1899,1892,-7
27605.jpg,1899,1889,-10
27610.jpg,1899,2008,109
27615.jpg,1899,1850,-49
27620.jpg,1899,1863,-36
27625.jpg,1899,1854,-45
27630.jpg,1899,1913,14
27635.jpg,1899,1892,-7
27640.jpg,1899,1886,-13
27645.jpg,1899,1877,-22
27650.jpg,1899,1830,-69
27655.jpg,1899,1899,0
27660.jpg,1899,1900,1
27665.jpg,1899,1892,-7
27670.jpg,1899,1900,1
27675.jpg,1899,1890,-9
27680.jpg,1899,1894,-5
27685.jpg,1899,1904,5
27690.jpg,1899,1775,-124
27695.jpg,1899,1911,12
27700.jpg,1899,1891,-8
27705.jpg,1899,1899,0
27710.jpg,1899,1897,-2
27715.jpg,1899,1893,-6
27720.jpg,1899,1896,-3
27725.jpg,1899,1888,-11
27730.jpg,1899,1905,6
27735.jpg,1899,1896,-3
27740.jpg,1899,1854,-45
27745.jpg,1899,1359,-540
27750.jpg,1899,1899,0
27755.jpg,1899,1902,3
27760.jpg,1899,1905,6
27765.jpg,1899,1869,-30
27770.jpg,1899,1935,36
27775.jpg,1899,1884,-15
27780.jpg,1899,1695,-204
27785.jpg,1899,1895,-4
27790.jpg,1899,1874,-25
27795.jpg,1899,1911,12
27800.jpg,1899,1858,-41
27805.jpg,1899,1888,-11
27810.jpg,1900,1849,-51
27815.jpg,1900,1889,-11
27820.jpg,1900,1909,9
27825.jpg,1900,1838,-62
27830.jpg,1900,1874,-26
27835.jpg,1900,1944,44
27840.jpg,1900,1931,31
27845.jpg,1900,1874,-26
27850.jpg,1900,1884,-16
27855.jpg,1900,1875,-25
27860.jpg,1900,1871,-29
27865.jpg,1900,1844,-56
27870.jpg,1900,1895,-5
27875.jpg,1900,1917,17
27880.jpg,1900,1904,4
27885.jpg,1900,1896,-4
27890.jpg,1900,1931,31
27895.jpg,1900,1871,-29
27900.jpg,1900,1874,-26
27905.jpg,1900,1871,-29
27910.jpg,1900,1851,-49
27915.jpg,1900,1809,-91
27920.jpg,1900,1959,59
27925.jpg,1900,1872,-28
27930.jpg,1900,2000,100
27935.jpg,1900,1889,-11
27940.jpg,1900,1873,-27
27945.jpg,1900,1871,-29
27950.jpg,1900,1829,-71
27955.jpg,1900,1907,7
27960.jpg,1900,1873,-27
27965.jpg,1900,2010,110
27970.jpg,1900,1878,-22
27975.jpg,1900,1896,-4
27980.jpg,1900,1891,-9
27985.jpg,1900,1893,-7
27990.jpg,1900,1860,-40
27995.jpg,1900,1897,-3
28000.jpg,1900,1904,4
28005.jpg,1900,1891,-9
28010.jpg,1900,1896,-4
28015.jpg,1900,1858,-42
28020.jpg,1900,1896,-4
28025.jpg,1900,1888,-12
28030.jpg,1900,1896,-4
28035.jpg,1900,1856,-44
28040.jpg,1900,1904,4
28045.jpg,1900,1899,-1
28050.jpg,1900,1857,-43
28055.jpg,1900,1911,11
28060.jpg,1900,1907,7
28065.jpg,1900,1858,-42
28070.jpg,1900,1903,3
28075.jpg,1900,1860,-40
28080.jpg,1900,1909,9
28085.jpg,1900,1840,-60
28090.jpg,1900,1938,38
28095.jpg,1900,1764,-136
28100.jpg,1900,1917,17
28105.jpg,1900,1888,-12
28110.jpg,1900,1891,-9
28115.jpg,1900,1896,-4
28120.jpg,1900,1854,-46
28125.jpg,1900,1866,-34
28130.jpg,1900,1758,-142
28135.jpg,1900,1888,-12
28140.jpg,1900,1892,-8
28145.jpg,1900,1365,-535
28150.jpg,1900,1944,44
28155.jpg,1900,1825,-75
28160.jpg,1900,1923,23
28165.jpg,1900,1940,40
28170.jpg,1900,1884,-16
28175.jpg,1900,1826,-74
28180.jpg,1901,1871,-30
28185.jpg,1901,1917,16
28190.jpg,1901,1732,-169
28195.jpg,1901,1914,13
28200.jpg,1901,1947,46
28205.jpg,1901,1863,-38
28210.jpg,1901,1892,-9
28215.jpg,1901,1896,-5
28220.jpg,1901,1890,-11
28225.jpg,1901,1892,-9
28230.jpg,1901,1737,-164
28235.jpg,1901,1864,-37
28240.jpg,1901,1892,-9
28245.jpg,1901,1904,3
28250.jpg,1901,1896,-5
28255.jpg,1901,1902,1
28260.jpg,1901,1904,3
28265.jpg,1901,1899,-2
28270.jpg,1901,1935,34
28275.jpg,1901,1883,-18
28280.jpg,1901,1866,-35
28285.jpg,1901,1886,-15
28290.jpg,1901,1872,-29
28295.jpg,1901,1867,-34
28300.jpg,1901,1867,-34
28305.jpg,1901,1896,-5
28310.jpg,1901,1854,-47
28315.jpg,1901,1912,11
28320.jpg,1901,1877,-24
28325.jpg,1901,1896,-5
28330.jpg,1901,1896,-5
28335.jpg,1901,1911,10
28340.jpg,1901,1901,0
28345.jpg,1901,1888,-13
28350.jpg,1901,1896,-5
28355.jpg,1901,1911,10
28360.jpg,1901,1830,-71
28365.jpg,1901,1888,-13
28370.jpg,1901,1918,17
28375.jpg,1901,1894,-7
28380.jpg,1901,1884,-17
28385.jpg,1901,1909,8
28390.jpg,1901,1901,0
28395.jpg,1901,1888,-13
28400.jpg,1901,1851,-50
28405.jpg,1901,1937,36
28410.jpg,1901,1914,13
28415.jpg,1901,1892,-9
28420.jpg,1901,1855,-46
28425.jpg,1901,1780,-121
28430.jpg,1901,1909,8
28435.jpg,1901,1898,-3
28440.jpg,1901,1888,-13
28445.jpg,1901,1917,16
28450.jpg,1901,1820,-81
28455.jpg,1901,1879,-22
28460.jpg,1901,1909,8
28465.jpg,1901,1888,-13
28470.jpg,1901,1866,-35
28475.jpg,1901,1907,6
28480.jpg,1901,1907,6
28485.jpg,1901,1901,0
28490.jpg,1901,1907,6
28495.jpg,1901,1936,35
28500.jpg,1901,1904,3
28505.jpg,1901,1909,8
28510.jpg,1901,1828,-73
28515.jpg,1901,1856,-45
28520.jpg,1902,1879,-23
28525.jpg,1902,1914,12
28530.jpg,1902,1904,2
28535.jpg,1902,1899,-3
28540.jpg,1902,1923,21
28545.jpg,1902,1934,32
28550.jpg,1902,1940,38
28555.jpg,1902,1891,-11
28560.jpg,1902,1909,7
28565.jpg,1902,1927,25
28570.jpg,1902,1891,-11
28575.jpg,1902,1911,9
28580.jpg,1902,1907,5
28585.jpg,1902,1888,-14
28590.jpg,1902,1911,9
28595.jpg,1902,1892,-10
28600.jpg,1902,1917,15
28605.jpg,1902,1904,2
28610.jpg,1902,1904,2
28615.jpg,1902,1896,-6
28620.jpg,1902,1820,-82
28625.jpg,1902,1859,-43
28630.jpg,1902,1929,27
28635.jpg,1902,1901,-1
28640.jpg,1902,1893,-9
28645.jpg,1902,1867,-35
28650.jpg,1902,1849,-53
28655.jpg,1902,1846,-56
28660.jpg,1902,1872,-30
28665.jpg,1902,1858,-44
28670.jpg,1902,1854,-48
28675.jpg,1902,1899,-3
28680.jpg,1902,1895,-7
28685.jpg,1902,1875,-27
28690.jpg,1902,1892,-10
28695.jpg,1902,1898,-4
28700.jpg,1902,1855,-47
28705.jpg,1902,1886,-16
28710.jpg,1902,1877,-25
28715.jpg,1902,1896,-6
28720.jpg,1902,1897,-5
28725.jpg,1902,1893,-9
28730.jpg,1902,1929,27
28735.jpg,1902,1917,15
28740.jpg,1902,1896,-6
28745.jpg,1902,1917,15
28750.jpg,1902,1898,-4
28755.jpg,1902,1892,-10
28760.jpg,1902,1917,15
28765.jpg,1902,1812,-90
28770.jpg,1902,1896,-6
28775.jpg,1902,1900,-2
28780.jpg,1902,1888,-14
28785.jpg,1902,1880,-22
28790.jpg,1902,1860,-42
28795.jpg,1902,1845,-57
28800.jpg,1902,1896,-6
28805.jpg,1902,1898,-4
28810.jpg,1902,1873,-29
28815.jpg,1902,1904,2
28820.jpg,1902,1896,-6
28825.jpg,1902,1896,-6
28830.jpg,1902,1830,-72
28835.jpg,1902,1896,-6
28840.jpg,1902,1911,9
28845.jpg,1902,1850,-52
28850.jpg,1902,1864,-38
28855.jpg,1902,1891,-11
28860.jpg,1902,1889,-13
28865.jpg,1902,1988,86
28870.jpg,1902,1923,21
28875.jpg,1902,1049,-853
28880.jpg,1902,1928,26
28885.jpg,1902,1768,-134
28890.jpg,1902,1909,7
28895.jpg,1902,1887,-15
28900.jpg,1902,1923,21
28905.jpg,1902,1864,-38
28910.jpg,1902,1827,-75
28915.jpg,1902,1888,-14
28920.jpg,1903,1821,-82
28925.jpg,1903,1892,-11
28930.jpg,1903,1891,-12
28935.jpg,1903,1903,0
28940.jpg,1903,1912,9
28945.jpg,1903,1989,86
28950.jpg,1903,1914,11
28955.jpg,1903,1913,10
28960.jpg,1903,1906,3
28965.jpg,1903,1896,-7
28970.jpg,1903,1904,1
28975.jpg,1903,1898,-5
28980.jpg,1903,1892,-11
28985.jpg,1903,1902,-1
28990.jpg,1903,1911,8
28995.jpg,1903,1963,60
29000.jpg,1903,1917,14
29005.jpg,1903,1902,-1
29010.jpg,1903,1904,1
29015.jpg,1903,1912,9
29020.jpg,1903,1903,0
29025.jpg,1903,1901,-2
29030.jpg,1903,1917,14
29035.jpg,1903,1917,14
29040.jpg,1903,1909,6
29045.jpg,1903,1904,1
29050.jpg,1903,2005,102
29055.jpg,1903,1891,-12
29060.jpg,1903,1907,4
29065.jpg,1903,1901,-2
29070.jpg,1903,1892,-11
29075.jpg,1903,1997,94
29080.jpg,1903,1961,58
29085.jpg,1903,1943,40
29090.jpg,1903,1867,-36
29095.jpg,1903,1859,-44
29100.jpg,1903,2003,100
29105.jpg,1903,1854,-49
29110.jpg,1903,1857,-46
29115.jpg,1903,1854,-49
29120.jpg,1903,1856,-47
29125.jpg,1903,1897,-6
29130.jpg,1903,1844,-59
29135.jpg,1903,1895,-8
29140.jpg,1903,1888,-15
29145.jpg,1903,1928,25
29150.jpg,1903,1890,-13
29155.jpg,1903,1892,-11
29160.jpg,1903,1892,-11
29165.jpg,1903,1875,-28
29170.jpg,1903,1913,10
29175.jpg,1903,1901,-2
29180.jpg,1903,1863,-40
29185.jpg,1903,1896,-7
29190.jpg,1903,1897,-6
29195.jpg,1903,1875,-28
29200.jpg,1903,1896,-7
29205.jpg,1903,1917,14
29210.jpg,1903,1585,-318
29215.jpg,1903,1904,1
29220.jpg,1903,1896,-7
29225.jpg,1903,1892,-11
29230.jpg,1903,1888,-15
29235.jpg,1903,1914,11
29240.jpg,1903,1936,33
29245.jpg,1903,1835,-68
29250.jpg,1903,1913,10
29255.jpg,1903,1913,10
29260.jpg,1903,1920,17
29265.jpg,1903,1891,-12
29270.jpg,1903,1901,-2
29275.jpg,1903,1891,-12
29280.jpg,1903,1887,-16
29285.jpg,1903,1864,-39
29290.jpg,1903,1864,-39
29295.jpg,1903,1898,-5
29300.jpg,1903,1988,85
29305.jpg,1903,1859,-44
29310.jpg,1903,1857,-46
29315.jpg,1903,1942,39
29320.jpg,1903,1896,-7
29325.jpg,1903,1827,-76
29330.jpg,1903,1811,-92
29335.jpg,1903,1899,-4
29340.jpg,1903,1904,1
29345.jpg,1903,1916,13
29350.jpg,1903,1941,38
29355.jpg,1903,1885,-18
29360.jpg,1903,1888,-15
29365.jpg,1903,2005,102
29370.jpg,1903,1849,-54
29375.jpg,1903,1904,1
29380.jpg,1904,1849,-55
29385.jpg,1904,1884,-20
29390.jpg,1904,1879,-25
29395.jpg,1904,1947,43
29400.jpg,1904,1936,32
29405.jpg,1904,1007,-897
29410.jpg,1904,1923,19
29415.jpg,1904,1925,21
29420.jpg,1904,1917,13
29425.jpg,1904,1892,-12
29430.jpg,1904,1889,-15
29435.jpg,1904,1875,-29
29440.jpg,1904,1896,-8
29445.jpg,1904,1899,-5
29450.jpg,1904,1899,-5
29455.jpg,1904,1911,7
29460.jpg,1904,1844,-60
29465.jpg,1904,1886,-18
29470.jpg,1904,1970,66
29475.jpg,1904,1903,-1
29480.jpg,1904,2016,112
29485.jpg,1904,1917,13
29490.jpg,1904,1904,0
29495.jpg,1904,1896,-8
29500.jpg,1904,1961,57
29505.jpg,1904,1899,-5
29510.jpg,1904,1901,-3
29515.jpg,1904,1904,0
29520.jpg,1904,1896,-8
29525.jpg,1904,1916,12
29530.jpg,1904,1902,-2
29535.jpg,1904,1890,-14
29540.jpg,1904,1907,3
29545.jpg,1904,1888,-16
29550.jpg,1904,1849,-55
29555.jpg,1904,1905,1
29560.jpg,1904,1943,39
29565.jpg,1904,1873,-31
29570.jpg,1904,1748,-156
29575.jpg,1904,1857,-47
29580.jpg,1904,1857,-47
29585.jpg,1904,1835,-69
29590.jpg,1904,1913,9
29595.jpg,1904,1812,-92
29600.jpg,1904,1896,-8
29605.jpg,1904,1915,11
29610.jpg,1904,1896,-8
29615.jpg,1904,1915,11
29620.jpg,1904,1888,-16
29625.jpg,1904,1886,-18
29630.jpg,1904,1901,-3
29635.jpg,1904,1661,-243
29640.jpg,1904,1858,-46
29645.jpg,1904,1889,-15
29650.jpg,1904,1907,3
29655.jpg,1904,1912,8
29660.jpg,1904,1915,11
29665.jpg,1904,1916,12
29670.jpg,1904,1904,0
29675.jpg,1904,1930,26
29680.jpg,1904,1897,-7
29685.jpg,1904,1900,-4
29690.jpg,1904,1695,-209
29695.jpg,1904,1912,8
29700.jpg,1904,1888,-16
29705.jpg,1904,1903,-1
29710.jpg,1904,1880,-24
29715.jpg,1904,1904,0
29720.jpg,1904,1854,-50
29725.jpg,1904,1935,31
29730.jpg,1904,1888,-16
29735.jpg,1904,1645,-259
29740.jpg,1904,1904,0
29745.jpg,1904,1892,-12
29750.jpg,1904,1896,-8
29755.jpg,1904,1889,-15
29760.jpg,1904,1839,-65
29765.jpg,1904,1870,-34
29770.jpg,1904,1879,-25
29775.jpg,1904,1942,38
29780.jpg,1904,1889,-15
29785.jpg,1904,1964,60
29790.jpg,1904,1909,5
29795.jpg,1904,1891,-13
29800.jpg,1904,1929,25
29805.jpg,1904,1935,31
29810.jpg,1904,1883,-21
29815.jpg,1904,1897,-7
29820.jpg,1904,1901,-3
29825.jpg,1904,1864,-40
29830.jpg,1905,1859,-46
29835.jpg,1905,1948,43
29840.jpg,1905,1907,2
29845.jpg,1905,1943,38
29850.jpg,1905,1950,45
29855.jpg,1905,1912,7
29860.jpg,1905,1946,41
29865.jpg,1905,1898,-7
29870.jpg,1905,1859,-46
29875.jpg,1905,1940,35
29880.jpg,1905,1903,-2
29885.jpg,1905,1896,-9
29890.jpg,1905,1834,-71
29895.jpg,1905,1896,-9
29900.jpg,1905,1899,-6
29905.jpg,1905,1913,8
29910.jpg,1905,1907,2
29915.jpg,1905,1896,-9
29920.jpg,1905,1905,0
29925.jpg,1905,1904,-1
29930.jpg,1905,1896,-9
29935.jpg,1905,1917,12
29940.jpg,1905,1906,1
29945.jpg,1905,1902,-3
29950.jpg,1905,1927,22
29955.jpg,1905,1909,4
29960.jpg,1905,1872,-33
29965.jpg,1905,1874,-31
29970.jpg,1905,1898,-7
29975.jpg,1905,1913,8
29980.jpg,1905,1885,-20
29985.jpg,1905,1864,-41
29990.jpg,1905,1901,-4
29995.jpg,1905,1872,-33
30000.jpg,1905,1867,-38
30005.jpg,1905,1889,-16
30010.jpg,1905,1873,-32
30015.jpg,1905,1854,-51
30020.jpg,1905,1945,40
30025.jpg,1905,1888,-17
30030.jpg,1905,1885,-20
30035.jpg,1905,1891,-14
30040.jpg,1905,1915,10
30045.jpg,1905,1635,-270
30050.jpg,1905,1929,24
30055.jpg,1905,1913,8
30060.jpg,1905,1892,-13
30065.jpg,1905,1896,-9
30070.jpg,1905,1904,-1
30075.jpg,1905,1850,-55
30080.jpg,1905,1896,-9
30085.jpg,1905,1917,12
30090.jpg,1905,1901,-4
30095.jpg,1905,1896,-9
30100.jpg,1905,1670,-235
30105.jpg,1905,1888,-17
30110.jpg,1905,1929,24
30115.jpg,1905,1875,-30
30120.jpg,1905,1548,-357
30125.jpg,1905,1897,-8
30130.jpg,1905,1843,-62
30135.jpg,1905,1896,-9
30140.jpg,1905,1912,7
30145.jpg,1905,1898,-7
30150.jpg,1905,1885,-20
30155.jpg,1905,1886,-19
30160.jpg,1905,1830,-75
30165.jpg,1905,1847,-58
30170.jpg,1905,1896,-9
30175.jpg,1905,1756,-149
30180.jpg,1905,1905,0
30185.jpg,1905,1909,4
30190.jpg,1905,1895,-10
30195.jpg,1905,1854,-51
30200.jpg,1905,1854,-51
30205.jpg,1905,1988,83
30210.jpg,1905,1650,-255
30215.jpg,1905,1898,-7
30220.jpg,1905,1664,-241
30225.jpg,1905,1885,-20
30230.jpg,1905,1942,37
30235.jpg,1905,1896,-9
30240.jpg,1905,1917,12
30245.jpg,1905,1907,2
30250.jpg,1905,1820,-85
30255.jpg,1905,1911,6
30260.jpg,1905,1896,-9
30265.jpg,1905,1859,-46
30270.jpg,1905,1935,30
30275.jpg,1905,1891,-14
30280.jpg,1905,1901,-4
30285.jpg,1905,1907,2
30290.jpg,1905,1881,-24
30295.jpg,1906,1892,-14
30300.jpg,1906,1885,-21
30305.jpg,1906,1928,22
30310.jpg,1906,1901,-5
30315.jpg,1906,1929,23
30320.jpg,1906,1955,49
30325.jpg,1906,1718,-188
30330.jpg,1906,1553,-353
30335.jpg,1906,1945,39
30340.jpg,1906,1927,21
30345.jpg,1906,1917,11
30350.jpg,1906,1940,34
30355.jpg,1906,1936,30
30360.jpg,1906,1901,-5
30365.jpg,1906,1912,6
30370.jpg,1906,1896,-10
30375.jpg,1906,1927,21
30380.jpg,1906,1924,18
30385.jpg,1906,1898,-8
30390.jpg,1906,1904,-2
30395.jpg,1906,1901,-5
30400.jpg,1906,1923,17
30405.jpg,1906,1904,-2
30410.jpg,1906,1903,-3
30415.jpg,1906,1871,-35
30420.jpg,1906,1928,22
30425.jpg,1906,1883,-23
30430.jpg,1906,1888,-18
30435.jpg,1906,1905,-1
30440.jpg,1906,1997,91
30445.jpg,1906,1863,-43
30450.jpg,1906,1883,-23
30455.jpg,1906,1833,-73
30460.jpg,1906,1833,-73
30465.jpg,1906,1854,-52
30470.jpg,1906,1910,4
30475.jpg,1906,1891,-15
30480.jpg,1906,1915,9
30485.jpg,1906,1900,-6
30490.jpg,1906,1812,-94
30495.jpg,1906,1912,6
30500.jpg,1906,1920,14
30505.jpg,1906,1896,-10
30510.jpg,1906,1893,-13
30515.jpg,1906,1914,8
30520.jpg,1906,1898,-8
30525.jpg,1906,1860,-46
30530.jpg,1906,1891,-15
30535.jpg,1906,1896,-10
30540.jpg,1906,1847,-59
30545.jpg,1906,1917,11
30550.jpg,1906,1860,-46
30555.jpg,1906,1902,-4
30560.jpg,1906,1911,5
30565.jpg,1906,1898,-8
30570.jpg,1906,1917,11
30575.jpg,1906,1585,-321
30580.jpg,1906,1938,32
30585.jpg,1906,1904,-2
30590.jpg,1906,1860,-46
30595.jpg,1906,1912,6
30600.jpg,1906,1920,14
30605.jpg,1906,1896,-10
30610.jpg,1906,1880,-26
30615.jpg,1906,1913,7
30620.jpg,1906,1873,-33
30625.jpg,1906,1871,-35
30630.jpg,1906,1911,5
30635.jpg,1906,1913,7
30640.jpg,1906,1898,-8
30645.jpg,1906,1928,22
30650.jpg,1906,1732,-174
30655.jpg,1906,1874,-32
30660.jpg,1906,1873,-33
30665.jpg,1906,1901,-5
30670.jpg,1906,1888,-18
30675.jpg,1906,1895,-11
30680.jpg,1906,1921,15
30685.jpg,1906,1894,-12
30690.jpg,1906,1740,-166
30695.jpg,1906,1920,14
30700.jpg,1906,1927,21
30705.jpg,1906,1900,-6
30710.jpg,1906,1872,-34
30715.jpg,1906,1961,55
30720.jpg,1906,1896,-10
30725.jpg,1906,1924,18
30730.jpg,1906,1933,27
30735.jpg,1906,1891,-15
30740.jpg,1906,1847,-59
30745.jpg,1906,1879,-27
30750.jpg,1906,1894,-12
30755.jpg,1907,1997,90
30760.jpg,1907,1902,-5
30765.jpg,1907,1888,-19
30770.jpg,1907,1910,3
30775.jpg,1907,1959,52
30780.jpg,1907,1950,43
30785.jpg,1907,1923,16
30790.jpg,1907,1923,16
30795.jpg,1907,1897,-10
30800.jpg,1907,1909,2
30805.jpg,1907,1935,28
30810.jpg,1907,1827,-80
30815.jpg,1907,1931,24
30820.jpg,1907,1904,-3
30825.jpg,1907,1910,3
30830.jpg,1907,1913,6
30835.jpg,1907,1907,0
30840.jpg,1907,1913,6
30845.jpg,1907,1927,20
30850.jpg,1907,1504,-403
30855.jpg,1907,1891,-16
30860.jpg,1907,1917,10
30865.jpg,1907,1914,7
30870.jpg,1907,1904,-3
30875.jpg,1907,1906,-1
30880.jpg,1907,1902,-5
30885.jpg,1907,1875,-32
30890.jpg,1907,1993,86
30895.jpg,1907,1928,21
30900.jpg,1907,1892,-15
30905.jpg,1907,1905,-2
30910.jpg,1907,1968,61
30915.jpg,1907,1920,13
30920.jpg,1907,1961,54
30925.jpg,1907,1872,-35
30930.jpg,1907,1867,-40
30935.jpg,1907,1850,-57
30940.jpg,1907,2006,99
30945.jpg,1907,1929,22
30950.jpg,1907,1871,-36
30955.jpg,1907,1829,-78
30960.jpg,1907,1896,-11
30965.jpg,1907,1909,2
30970.jpg,1907,1904,-3
30975.jpg,1907,1585,-322
30980.jpg,1907,1849,-58
30985.jpg,1907,1909,2
30990.jpg,1907,1860,-47
30995.jpg,1907,1914,7
31000.jpg,1907,1974,67
31005.jpg,1907,1880,-27
31010.jpg,1907,1915,8
31015.jpg,1907,1904,-3
31020.jpg,1907,1886,-21
31025.jpg,1907,1918,11
31030.jpg,1907,1812,-95
31035.jpg,1907,1917,10
31040.jpg,1907,1913,6
31045.jpg,1907,1895,-12
31050.jpg,1907,1896,-11
31055.jpg,1907,1836,-71
31060.jpg,1907,1905,-2
31065.jpg,1907,1900,-7
31070.jpg,1907,1904,-3
31075.jpg,1907,1896,-11
31080.jpg,1907,1913,6
31085.jpg,1907,1913,6
31090.jpg,1907,1901,-6
31095.jpg,1907,1900,-7
31100.jpg,1907,1961,54
31105.jpg,1907,1907,0
31110.jpg,1907,1840,-67
31115.jpg,1907,1896,-11
31120.jpg,1907,1893,-14
31125.jpg,1907,1912,5
31130.jpg,1907,1900,-7
31135.jpg,1907,1854,-53
31140.jpg,1907,1884,-23
31145.jpg,1907,1886,-21
31150.jpg,1907,1889,-18
31155.jpg,1907,1889,-18
31160.jpg,1907,1901,-6
31165.jpg,1907,1898,-9
31170.jpg,1907,1907,0
31175.jpg,1907,1907,0
31180.jpg,1907,1942,35
31185.jpg,1907,1940,33
31190.jpg,1907,1946,39
31195.jpg,1907,1898,-9
31200.jpg,1907,1933,26
31205.jpg,1907,1927,20
31210.jpg,1907,1913,6
31215.jpg,1907,1913,6
31220.jpg,1907,1844,-63
31225.jpg,1907,1940,33
31230.jpg,1907,1904,-3
31235.jpg,1907,1917,10
31240.jpg,1907,1732,-175
31245.jpg,1907,1848,-59
31250.jpg,1907,1896,-11
31255.jpg,1907,1645,-262
31260.jpg,1907,1914,7
31265.jpg,1907,1858,-49
31270.jpg,1907,1936,29
31275.jpg,1907,1857,-50
31280.jpg,1907,1904,-3
31285.jpg,1907,1942,35
31290.jpg,1907,1310,-597
31295.jpg,1907,1924,17
31300.jpg,1907,1997,90
31305.jpg,1907,1913,6
31310.jpg,1908,1854,-54
31315.jpg,1908,1915,7
31320.jpg,1908,1930,22
31325.jpg,1908,1907,-1
31330.jpg,1908,1883,-25
31335.jpg,1908,1914,6
31340.jpg,1908,2009,101
31345.jpg,1908,1944,36
31350.jpg,1908,1914,6
31355.jpg,1908,1917,9
31360.jpg,1908,1905,-3
31365.jpg,1908,1909,1
31370.jpg,1908,1927,19
31375.jpg,1908,1917,9
31380.jpg,1908,1909,1
31385.jpg,1908,1901,-7
31390.jpg,1908,1927,19
31395.jpg,1908,1899,-9
31400.jpg,1908,1907,-1
31405.jpg,1908,1907,-1
31410.jpg,1908,1907,-1
31415.jpg,1908,1933,25
31420.jpg,1908,1874,-34
31425.jpg,1908,2000,92
31430.jpg,1908,1909,1
31435.jpg,1908,1940,32
31440.jpg,1908,1904,-4
31445.jpg,1908,1902,-6
31450.jpg,1908,1911,3
31455.jpg,1908,1911,3
31460.jpg,1908,1892,-16
31465.jpg,1908,1889,-19
31470.jpg,1908,1896,-12
31475.jpg,1908,1867,-41
31480.jpg,1908,1867,-41
31485.jpg,1908,1857,-51
31490.jpg,1908,1854,-54
31495.jpg,1908,1873,-35
31500.jpg,1908,1900,-8
31505.jpg,1908,1912,4
31510.jpg,1908,1902,-6
31515.jpg,1908,1891,-17
31520.jpg,1908,1904,-4
31525.jpg,1908,1908,0
31530.jpg,1908,1860,-48
31535.jpg,1908,1896,-12
31540.jpg,1908,1896,-12
31545.jpg,1908,1896,-12
31550.jpg,1908,1896,-12
31555.jpg,1908,1896,-12
31560.jpg,1908,1886,-22
31565.jpg,1908,1813,-95
31570.jpg,1908,1650,-258
31575.jpg,1908,1843,-65
31580.jpg,1908,1915,7
31585.jpg,1908,1896,-12
31590.jpg,1908,1904,-4
31595.jpg,1908,1891,-17
31600.jpg,1908,1890,-18
31605.jpg,1908,1935,27
31610.jpg,1908,1900,-8
31615.jpg,1908,2000,92
31620.jpg,1908,1917,9
31625.jpg,1908,1844,-64
31630.jpg,1908,1910,2
31635.jpg,1908,1911,3
31640.jpg,1908,1900,-8
31645.jpg,1908,1917,9
31650.jpg,1908,1888,-20
31655.jpg,1908,1913,5
31660.jpg,1908,1935,27
31665.jpg,1908,1908,0
31670.jpg,1908,1896,-12
31675.jpg,1908,1882,-26
31680.jpg,1908,1650,-258
31685.jpg,1908,1896,-12
31690.jpg,1908,1898,-10
31695.jpg,1908,1907,-1
31700.jpg,1908,1945,37
31705.jpg,1908,1943,35
31710.jpg,1908,1879,-29
31715.jpg,1908,1917,9
31720.jpg,1908,1938,30
31725.jpg,1908,1915,7
31730.jpg,1908,1905,-3
31735.jpg,1908,1800,-108
31740.jpg,1908,1988,80
31745.jpg,1908,1884,-24
31750.jpg,1908,1740,-168
31755.jpg,1908,1900,-8
31760.jpg,1908,1898,-10
31765.jpg,1909,1891,-18
31770.jpg,1909,1901,-8
31775.jpg,1909,1865,-44
31780.jpg,1909,1881,-28
31785.jpg,1909,2018,109
31790.jpg,1909,1921,12
31795.jpg,1909,1957,48
31800.jpg,1909,1911,2
31805.jpg,1909,1946,37
31810.jpg,1909,1949,40
31815.jpg,1909,1892,-17
31820.jpg,1909,1915,6
31825.jpg,1909,1916,7
31830.jpg,1909,1894,-15
31835.jpg,1909,1917,8
31840.jpg,1909,1945,36
31845.jpg,1909,1898,-11
31850.jpg,1909,1911,2
31855.jpg,1909,1916,7
31860.jpg,1909,1921,12
31865.jpg,1909,1909,0
31870.jpg,1909,1913,4
31875.jpg,1909,1917,8
31880.jpg,1909,1913,4
31885.jpg,1909,1902,-7
31890.jpg,1909,1913,4
31895.jpg,1909,1927,18
31900.jpg,1909,1909,0
31905.jpg,1909,1902,-7
31910.jpg,1909,1917,8
31915.jpg,1909,1834,-75
31920.jpg,1909,1007,-902
31925.jpg,1909,1940,31
31930.jpg,1909,1904,-5
31935.jpg,1909,1902,-7
31940.jpg,1909,1906,-3
31945.jpg,1909,1923,14
31950.jpg,1909,1919,10
31955.jpg,1909,1871,-38
31960.jpg,1909,1950,41
31965.jpg,1909,1854,-55
31970.jpg,1909,1857,-52
31975.jpg,1909,1904,-5
31980.jpg,1909,1920,11
31985.jpg,1909,1896,-13
31990.jpg,1909,1883,-26
31995.jpg,1909,1913,4
32000.jpg,1909,1895,-14
32005.jpg,1909,1820,-89
32010.jpg,1909,1943,34
32015.jpg,1909,1880,-29
32020.jpg,1909,1911,2
32025.jpg,1909,1809,-100
32030.jpg,1909,1912,3
32035.jpg,1909,1864,-45
32040.jpg,1909,1964,55
32045.jpg,1909,1686,-223
32050.jpg,1909,1896,-13
32055.jpg,1909,1913,4
32060.jpg,1909,1841,-68
32065.jpg,1909,1913,4
32070.jpg,1909,1907,-2
32075.jpg,1909,1930,21
32080.jpg,1909,1864,-45
32085.jpg,1909,1917,8
32090.jpg,1909,1904,-5
32095.jpg,1909,1911,2
32100.jpg,1909,1904,-5
32105.jpg,1909,1915,6
32110.jpg,1909,1740,-169
32115.jpg,1909,1913,4
32120.jpg,1909,1913,4
32125.jpg,1909,1913,4
32130.jpg,1909,1913,4
32135.jpg,1909,1880,-29
32140.jpg,1909,1909,0
32145.jpg,1909,1796,-113
32150.jpg,1909,1891,-18
32155.jpg,1909,1928,19
32160.jpg,1909,1891,-18
32165.jpg,1909,1907,-2
32170.jpg,1909,1888,-21
32175.jpg,1909,1914,5
32180.jpg,1909,1913,4
32185.jpg,1909,1946,37
32190.jpg,1909,1645,-264
32195.jpg,1909,1881,-28
32200.jpg,1909,1920,11
32205.jpg,1909,1885,-24
32210.jpg,1909,1913,4
32215.jpg,1909,1904,-5
32220.jpg,1909,1909,0
32225.jpg,1909,1923,14
32230.jpg,1910,1849,-61
32235.jpg,1910,1910,0
32240.jpg,1910,1888,-22
32245.jpg,1910,1936,26
32250.jpg,1910,1711,-199
32255.jpg,1910,1913,3
32260.jpg,1910,1928,18
32265.jpg,1910,2008,98
32270.jpg,1910,1921,11
32275.jpg,1910,1906,-4
32280.jpg,1910,1939,29
32285.jpg,1910,1878,-32
32290.jpg,1910,1882,-28
32295.jpg,1910,1883,-27
32300.jpg,1910,1917,7
32305.jpg,1910,1935,25
32310.jpg,1910,1886,-24
32315.jpg,1910,1901,-9
32320.jpg,1910,1874,-36
32325.jpg,1910,1907,-3
32330.jpg,1910,1911,1
32335.jpg,1910,1929,19
32340.jpg,1910,1831,-79
32345.jpg,1910,1896,-14
32350.jpg,1910,1553,-357
32355.jpg,1910,1927,17
32360.jpg,1910,1914,4
32365.jpg,1910,1909,-1
32370.jpg,1910,1944,34
32375.jpg,1910,1905,-5
32380.jpg,1910,1872,-38
32385.jpg,1910,1981,71
32390.jpg,1910,1944,34
32395.jpg,1910,1872,-38
32400.jpg,1910,1872,-38
32405.jpg,1910,1776,-134
32410.jpg,1910,1938,28
32415.jpg,1910,1782,-128
32420.jpg,1910,1874,-36
32425.jpg,1910,1858,-52
32430.jpg,1910,1896,-14
32435.jpg,1910,1891,-19
32440.jpg,1910,1937,27
32445.jpg,1910,1900,-10
32450.jpg,1910,1917,7
32455.jpg,1910,1839,-71
32460.jpg,1910,1904,-6
32465.jpg,1910,1913,3
32470.jpg,1910,1815,-95
32475.jpg,1910,1820,-90
32480.jpg,1910,1886,-24
32485.jpg,1910,1913,3
32490.jpg,1910,1918,8
32495.jpg,1910,1886,-24
32500.jpg,1910,1928,18
32505.jpg,1910,1928,18
32510.jpg,1910,1906,-4
32515.jpg,1910,1886,-24
32520.jpg,1910,1915,5
32525.jpg,1910,1907,-3
32530.jpg,1910,2015,105
32535.jpg,1910,1938,28
32540.jpg,1910,1896,-14
32545.jpg,1910,1926,16
32550.jpg,1910,1904,-6
32555.jpg,1910,1910,0
32560.jpg,1910,1840,-70
32565.jpg,1910,1855,-55
32570.jpg,1910,1865,-45
32575.jpg,1910,1903,-7
32580.jpg,1910,1912,2
32585.jpg,1910,1928,18
32590.jpg,1910,1896,-14
32595.jpg,1910,1901,-9
32600.jpg,1910,1359,-551
32605.jpg,1910,1518,-392
32610.jpg,1910,1889,-21
32615.jpg,1910,1917,7
32620.jpg,1910,1916,6
32625.jpg,1910,1825,-85
32630.jpg,1910,1916,6
32635.jpg,1910,1915,5
32640.jpg,1910,1915,5
32645.jpg,1910,1910,0
32650.jpg,1910,1940,30
32655.jpg,1910,1942,32
32660.jpg,1910,1913,3
32665.jpg,1910,1901,-9
32670.jpg,1910,1895,-15
32675.jpg,1910,1891,-19
32680.jpg,1910,1943,33
32685.jpg,1910,1909,-1
32690.jpg,1910,1913,3
32695.jpg,1910,2021,111
32700.jpg,1910,1924,14
32705.jpg,1910,1911,1
32710.jpg,1910,1916,6
32715.jpg,1910,1915,5
32720.jpg,1910,1911,1
32725.jpg,1910,1911,1
32730.jpg,1910,1942,32
32735.jpg,1910,1944,34
32740.jpg,1911,1496,-415
32745.jpg,1911,1926,15
32750.jpg,1911,1927,16
32755.jpg,1911,1935,24
32760.jpg,1911,1911,0
32765.jpg,1911,1885,-26
32770.jpg,1911,1879,-32
32775.jpg,1911,1928,17
32780.jpg,1911,1954,43
32785.jpg,1911,1999,88
32790.jpg,1911,1884,-27
32795.jpg,1911,1915,4
32800.jpg,1911,1932,21
32805.jpg,1911,1883,-28
32810.jpg,1911,1554,-357
32815.jpg,1911,1883,-28
32820.jpg,1911,1919,8
32825.jpg,1911,1924,13
32830.jpg,1911,1915,4
32835.jpg,1911,1912,1
32840.jpg,1911,1974,63
32845.jpg,1911,1555,-356
32850.jpg,1911,1927,16
32855.jpg,1911,1896,-15
32860.jpg,1911,1959,48
32865.jpg,1911,1913,2
32870.jpg,1911,1914,3
32875.jpg,1911,1917,6
32880.jpg,1911,1904,-7
32885.jpg,1911,1940,29
32890.jpg,1911,1917,6
32895.jpg,1911,1902,-9
32900.jpg,1911,1881,-30
32905.jpg,1911,1891,-20
32910.jpg,1911,1854,-57
32915.jpg,1911,1891,-20
32920.jpg,1911,1903,-8
32925.jpg,1911,1913,2
32930.jpg,1911,1913,2
32935.jpg,1911,1971,60
32940.jpg,1911,1911,0
32945.jpg,1911,1886,-25
32950.jpg,1911,1973,62
32955.jpg,1911,1937,26
32960.jpg,1911,1932,21
32965.jpg,1911,1906,-5
32970.jpg,1911,1857,-54
32975.jpg,1911,1859,-52
32980.jpg,1911,1888,-23
32985.jpg,1911,1901,-10
32990.jpg,1911,1860,-51
32995.jpg,1911,1896,-15
33000.jpg,1911,1893,-18
33005.jpg,1911,1860,-51
33010.jpg,1911,1913,2
33015.jpg,1911,1898,-13
33020.jpg,1911,1917,6
33025.jpg,1911,1929,18
33030.jpg,1911,1855,-56
33035.jpg,1911,1961,50
33040.jpg,1911,1896,-15
33045.jpg,1911,1917,6
33050.jpg,1911,1951,40
33055.jpg,1911,1917,6
33060.jpg,1911,1886,-25
33065.jpg,1911,1878,-33
33070.jpg,1911,1890,-21
33075.jpg,1911,1913,2
33080.jpg,1911,1913,2
33085.jpg,1911,1884,-27
33090.jpg,1911,1888,-23
33095.jpg,1911,1886,-25
33100.jpg,1911,1585,-326
33105.jpg,1911,1851,-60
33110.jpg,1911,1904,-7
33115.jpg,1911,1791,-120
33120.jpg,1911,1904,-7
33125.jpg,1911,1940,29
33130.jpg,1911,1855,-56
33135.jpg,1911,1913,2
33140.jpg,1911,1908,-3
33145.jpg,1911,1864,-47
33150.jpg,1911,1578,-333
33155.jpg,1911,1967,56
33160.jpg,1911,1909,-2
33165.jpg,1911,1898,-13
33170.jpg,1911,1913,2
33175.jpg,1911,1932,21
33180.jpg,1911,1940,29
33185.jpg,1911,1911,0
33190.jpg,1911,1883,-28
33195.jpg,1911,2005,94
33200.jpg,1911,1901,-10
33205.jpg,1911,1904,-7
33210.jpg,1911,1644,-267
33215.jpg,1911,1899,-12
33220.jpg,1911,1905,-6
33225.jpg,1911,1920,9
33230.jpg,1911,1771,-140
33235.jpg,1911,1933,22
33240.jpg,1911,1564,-347
33245.jpg,1911,1913,2
33250.jpg,1911,1913,2
33255.jpg,1911,1873,-38
33260.jpg,1911,1893,-18
33265.jpg,1911,1917,6
33270.jpg,1911,1911,0
33275.jpg,1911,1915,4
33280.jpg,1912,1926,14
33285.jpg,1912,1902,-10
33290.jpg,1912,1903,-9
33295.jpg,1912,1907,-5
33300.jpg,1912,1912,0
33305.jpg,1912,1911,-1
33310.jpg,1912,1948,36
33315.jpg,1912,1923,11
33320.jpg,1912,1906,-6
33325.jpg,1912,1917,5
33330.jpg,1912,1904,-8
33335.jpg,1912,1931,19
33340.jpg,1912,1940,28
33345.jpg,1912,1847,-65
33350.jpg,1912,1884,-28
33355.jpg,1912,1940,28
33360.jpg,1912,1940,28
33365.jpg,1912,1896,-16
33370.jpg,1912,1929,17
33375.jpg,1912,1929,17
33380.jpg,1912,1936,24
33385.jpg,1912,1913,1
33390.jpg,1912,1901,-11
33395.jpg,1912,1944,32
33400.jpg,1912,1903,-9
33405.jpg,1912,1961,49
33410.jpg,1912,1842,-70
33415.jpg,1912,1912,0
33420.jpg,1912,1904,-8
33425.jpg,1912,1914,2
33430.jpg,1912,1916,4
33435.jpg,1912,1904,-8
33440.jpg,1912,1920,8
33445.jpg,1912,1940,28
33450.jpg,1912,1900,-12
33455.jpg,1912,1915,3
33460.jpg,1912,1901,-11
33465.jpg,1912,1929,17
33470.jpg,1912,1902,-10
33475.jpg,1912,1891,-21
33480.jpg,1912,1954,42
33485.jpg,1912,2015,103
33490.jpg,1912,1895,-17
33495.jpg,1912,1944,32
33500.jpg,1912,1942,30
33505.jpg,1912,1859,-53
33510.jpg,1912,1916,4
33515.jpg,1912,1740,-172
33520.jpg,1912,1913,1
33525.jpg,1912,1860,-52
33530.jpg,1912,1855,-57
33535.jpg,1912,1897,-15
33540.jpg,1912,1883,-29
33545.jpg,1912,1914,2
33550.jpg,1912,1912,0
33555.jpg,1912,1912,0
33560.jpg,1912,1841,-71
33565.jpg,1912,1920,8
33570.jpg,1912,1904,-8
33575.jpg,1912,1983,71
33580.jpg,1912,1704,-208
33585.jpg,1912,1915,3
33590.jpg,1912,1907,-5
33595.jpg,1912,1888,-24
33600.jpg,1912,1917,5
33605.jpg,1912,1884,-28
33610.jpg,1912,1839,-73
33615.jpg,1912,1911,-1
33620.jpg,1912,1920,8
33625.jpg,1912,1904,-8
33630.jpg,1912,1860,-52
33635.jpg,1912,1915,3
33640.jpg,1912,1860,-52
33645.jpg,1912,1888,-24
33650.jpg,1912,1904,-8
33655.jpg,1912,1913,1
33660.jpg,1912,1886,-26
33665.jpg,1912,1901,-11
33670.jpg,1912,1917,5
33675.jpg,1912,2006,94
33680.jpg,1912,1896,-16
33685.jpg,1912,1942,30
33690.jpg,1912,1959,47
33695.jpg,1912,1940,28
33700.jpg,1912,1886,-26
33705.jpg,1912,1894,-18
33710.jpg,1912,1912,0
33715.jpg,1912,1917,5
33720.jpg,1912,1880,-32
33725.jpg,1912,1889,-23
33730.jpg,1912,1936,24
33735.jpg,1912,1879,-33
33740.jpg,1912,1909,-3
33745.jpg,1912,1553,-359
33750.jpg,1912,1899,-13
33755.jpg,1912,1911,-1
33760.jpg,1912,1916,4
33765.jpg,1913,1931,18
33770.jpg,1913,1844,-69
33775.jpg,1913,1884,-29
33780.jpg,1913,1907,-6
33785.jpg,1913,1928,15
33790.jpg,1913,1902,-11
33795.jpg,1913,1927,14
33800.jpg,1913,1732,-181
33805.jpg,1913,1731,-182
33810.jpg,1913,1917,4
33815.jpg,1913,1952,39
33820.jpg,1913,1946,33
33825.jpg,1913,1906,-7
33830.jpg,1913,1909,-4
33835.jpg,1913,1839,-74
33840.jpg,1913,1904,-9
33845.jpg,1913,1911,-2
33850.jpg,1913,1917,4
33855.jpg,1913,1940,27
33860.jpg,1913,1898,-15
33865.jpg,1913,1916,3
33870.jpg,1913,1940,27
33875.jpg,1913,1913,0
33880.jpg,1913,1912,-1
33885.jpg,1913,1913,0
33890.jpg,1913,1923,10
33895.jpg,1913,1929,16
33900.jpg,1913,1911,-2
33905.jpg,1913,1732,-181
33910.jpg,1913,1841,-72
33915.jpg,1913,1835,-78
33920.jpg,1913,1914,1
33925.jpg,1913,1940,27
33930.jpg,1913,1917,4
33935.jpg,1913,1933,20
33940.jpg,1913,1913,0
33945.jpg,1913,1917,4
33950.jpg,1913,1916,3
33955.jpg,1913,1916,3
33960.jpg,1913,1900,-13
33965.jpg,1913,1913,0
33970.jpg,1913,1900,-13
33975.jpg,1913,1905,-8
33980.jpg,1913,1929,16
33985.jpg,1913,1929,16
33990.jpg,1913,1867,-46
33995.jpg,1913,1905,-8
34000.jpg,1913,1872,-41
34005.jpg,1913,1943,30
34010.jpg,1913,1879,-34
34015.jpg,1913,1658,-255
34020.jpg,1913,1901,-12
34025.jpg,1913,1913,0
34030.jpg,1913,1886,-27
34035.jpg,1913,1904,-9
34040.jpg,1913,1905,-8
34045.jpg,1913,1919,6
34050.jpg,1913,1909,-4
34055.jpg,1913,1920,7
34060.jpg,1913,1860,-53
34065.jpg,1913,1913,0
34070.jpg,1913,1906,-7
34075.jpg,1913,1722,-191
34080.jpg,1913,1800,-113
34085.jpg,1913,1860,-53
34090.jpg,1913,1913,0
34095.jpg,1913,1909,-4
34100.jpg,1913,1913,0
34105.jpg,1913,1888,-25
34110.jpg,1913,1901,-12
34115.jpg,1913,1896,-17
34120.jpg,1913,1942,29
34125.jpg,1913,1832,-81
34130.jpg,1913,1704,-209
34135.jpg,1913,1901,-12
34140.jpg,1913,1913,0
34145.jpg,1913,1917,4
34150.jpg,1913,1900,-13
34155.jpg,1913,1928,15
34160.jpg,1913,1858,-55
34165.jpg,1913,1912,-1
34170.jpg,1913,1904,-9
34175.jpg,1913,1888,-25
34180.jpg,1913,1359,-554
34185.jpg,1913,1888,-25
34190.jpg,1913,1933,20
34195.jpg,1913,1786,-127
34200.jpg,1913,1937,24
34205.jpg,1913,1938,25
34210.jpg,1913,1927,14
34215.jpg,1913,1937,24
34220.jpg,1913,1927,14
34225.jpg,1914,1940,26
34230.jpg,1914,1891,-23
34235.jpg,1914,1914,0
34240.jpg,1914,1927,13
34245.jpg,1914,1972,58
34250.jpg,1914,1938,24
34255.jpg,1914,1940,26
34260.jpg,1914,2023,109
34265.jpg,1914,1905,-9
34270.jpg,1914,1933,19
34275.jpg,1914,1913,-1
34280.jpg,1914,1903,-11
34285.jpg,1914,1915,1
34290.jpg,1914,1898,-16
34295.jpg,1914,1913,-1
34300.jpg,1914,1927,13
34305.jpg,1914,1842,-72
34310.jpg,1914,1917,3
34315.jpg,1914,1916,2
34320.jpg,1914,1911,-3
34325.jpg,1914,1898,-16
34330.jpg,1914,1911,-3
34335.jpg,1914,1924,10
34340.jpg,1914,1957,43
34345.jpg,1914,1919,5
34350.jpg,1914,1834,-80
34355.jpg,1914,1854,-60
34360.jpg,1914,1917,3
34365.jpg,1914,1914,0
34370.jpg,1914,1945,31
34375.jpg,1914,1933,19
34380.jpg,1914,1937,23
34385.jpg,1914,1850,-64
34390.jpg,1914,1944,30
34395.jpg,1914,1888,-26
34400.jpg,1914,1856,-58
34405.jpg,1914,1901,-13
34410.jpg,1914,1907,-7
34415.jpg,1914,1867,-47
34420.jpg,1914,1944,30
34425.jpg,1914,1863,-51
34430.jpg,1914,1871,-43
34435.jpg,1914,1917,3
34440.jpg,1914,1855,-59
34445.jpg,1914,1898,-16
34450.jpg,1914,1860,-54
34455.jpg,1914,1844,-70
34460.jpg,1914,1890,-24
34465.jpg,1914,1915,1
34470.jpg,1914,1919,5
34475.jpg,1914,1868,-46
34480.jpg,1914,1913,-1
34485.jpg,1914,1920,6
34490.jpg,1914,1905,-9
34495.jpg,1914,1859,-55
34500.jpg,1914,1880,-34
34505.jpg,1914,1663,-251
34510.jpg,1914,1555,-359
34515.jpg,1914,1859,-55
34520.jpg,1914,1896,-18
34525.jpg,1914,1911,-3
34530.jpg,1914,1896,-18
34535.jpg,1914,1945,31
34540.jpg,1914,1905,-9
34545.jpg,1914,1917,3
34550.jpg,1914,1913,-1
34555.jpg,1914,1900,-14
34560.jpg,1914,1920,6
34565.jpg,1914,1913,-1
34570.jpg,1914,1915,1
34575.jpg,1914,1943,29
34580.jpg,1914,1932,18
34585.jpg,1914,1838,-76
34590.jpg,1914,1887,-27
34595.jpg,1914,1907,-7
34600.jpg,1914,1909,-5
34605.jpg,1914,1834,-80
34610.jpg,1914,1888,-26
34615.jpg,1914,1907,-7
34620.jpg,1914,1849,-65
34625.jpg,1914,1888,-26
34630.jpg,1914,1861,-53
34635.jpg,1914,1833,-81
34640.jpg,1914,1941,27
34645.jpg,1914,1917,3
34650.jpg,1914,1911,-3
34655.jpg,1914,1913,-1
34660.jpg,1914,1940,26
34665.jpg,1914,1917,3
34670.jpg,1914,1913,-1
34675.jpg,1914,1914,0
34680.jpg,1914,1912,-2
34685.jpg,1914,1931,17
34690.jpg,1914,1937,23
34695.jpg,1914,1879,-35
34700.jpg,1914,1909,-5
34705.jpg,1914,1932,18
34710.jpg,1914,1903,-11
34715.jpg,1914,1889,-25
34720.jpg,1915,1858,-57
34725.jpg,1915,1978,63
34730.jpg,1915,1921,6
34735.jpg,1915,1919,4
34740.jpg,1915,1914,-1
34745.jpg,1915,1914,-1
34750.jpg,1915,1929,14
34755.jpg,1915,1965,50
34760.jpg,1915,2023,108
34765.jpg,1915,1931,16
34770.jpg,1915,1917,2
34775.jpg,1915,1916,1
34780.jpg,1915,1938,23
34785.jpg,1915,1925,10
34790.jpg,1915,1924,9
34795.jpg,1915,1915,0
34800.jpg,1915,1914,-1
34805.jpg,1915,1564,-351
34810.jpg,1915,1940,25
34815.jpg,1915,1940,25
34820.jpg,1915,1988,73
34825.jpg,1915,1924,9
34830.jpg,1915,1917,2
34835.jpg,1915,1915,0
34840.jpg,1915,1917,2
34845.jpg,1915,1931,16
34850.jpg,1915,1896,-19
34855.jpg,1915,1916,1
34860.jpg,1915,1925,10
34865.jpg,1915,1917,2
34870.jpg,1915,1913,-2
34875.jpg,1915,1913,-2
34880.jpg,1915,1910,-5
34885.jpg,1915,1854,-61
34890.jpg,1915,1867,-48
34895.jpg,1915,1872,-43
34900.jpg,1915,1871,-44
34905.jpg,1915,1903,-12
34910.jpg,1915,1920,5
34915.jpg,1915,1891,-24
34920.jpg,1915,1859,-56
34925.jpg,1915,1904,-11
34930.jpg,1915,1860,-55
34935.jpg,1915,1812,-103
34940.jpg,1915,1812,-103
34945.jpg,1915,1900,-15
34950.jpg,1915,1860,-55
34955.jpg,1915,1855,-60
34960.jpg,1915,1880,-35
34965.jpg,1915,1900,-15
34970.jpg,1915,1740,-175
34975.jpg,1915,1917,2
34980.jpg,1915,1904,-11
34985.jpg,1915,1940,25
34990.jpg,1915,1896,-19
34995.jpg,1915,1902,-13
35000.jpg,1915,1898,-17
35005.jpg,1915,1913,-2
35010.jpg,1915,1960,45
35015.jpg,1915,1915,0
35020.jpg,1915,1920,5
35025.jpg,1915,1902,-13
35030.jpg,1915,1913,-2
35035.jpg,1915,1803,-112
35040.jpg,1915,1917,2
35045.jpg,1915,1916,1
35050.jpg,1915,1988,73
35055.jpg,1915,1914,-1
35060.jpg,1915,1900,-15
35065.jpg,1915,1917,2
35070.jpg,1915,1986,71
35075.jpg,1915,1834,-81
35080.jpg,1915,1938,23
35085.jpg,1915,1917,2
35090.jpg,1915,1938,23
35095.jpg,1915,1996,81
35100.jpg,1915,1881,-34
35105.jpg,1915,1931,16
35110.jpg,1915,1913,-2
35115.jpg,1915,1857,-58
35120.jpg,1915,1940,25
35125.jpg,1915,1911,-4
35130.jpg,1915,1927,12
35135.jpg,1915,1944,29
35140.jpg,1915,1830,-85
35145.jpg,1915,1928,13
35150.jpg,1915,1959,44
35155.jpg,1915,1933,18
35160.jpg,1916,1921,5
35165.jpg,1916,1949,33
35170.jpg,1916,1995,79
35175.jpg,1916,2012,96
35180.jpg,1916,1901,-15
35185.jpg,1916,1927,11
35190.jpg,1916,1933,17
35195.jpg,1916,1939,23
35200.jpg,1916,1914,-2
35205.jpg,1916,1925,9
35210.jpg,1916,1916,0
35215.jpg,1916,1904,-12
35220.jpg,1916,1914,-2
35225.jpg,1916,1907,-9
35230.jpg,1916,1924,8
35235.jpg,1916,1904,-12
35240.jpg,1916,1917,1
35245.jpg,1916,1917,1
35250.jpg,1916,1909,-7
35255.jpg,1916,1940,24
35260.jpg,1916,1933,17
35265.jpg,1916,1915,-1
35270.jpg,1916,1901,-15
35275.jpg,1916,1890,-26
35280.jpg,1916,1911,-5
35285.jpg,1916,1903,-13
35290.jpg,1916,1913,-3
35295.jpg,1916,1867,-49
35300.jpg,1916,1872,-44
35305.jpg,1916,1898,-18
35310.jpg,1916,1854,-62
35315.jpg,1916,1855,-61
35320.jpg,1916,2000,84
35325.jpg,1916,1917,1
35330.jpg,1916,1555,-361
35335.jpg,1916,1841,-75
35340.jpg,1916,1915,-1
35345.jpg,1916,1920,4
35350.jpg,1916,1915,-1
35355.jpg,1916,1915,-1
35360.jpg,1916,1917,1
35365.jpg,1916,1917,1
35370.jpg,1916,1890,-26
35375.jpg,1916,1919,3
35380.jpg,1916,1886,-30
35385.jpg,1916,1913,-3
35390.jpg,1916,1942,26
35395.jpg,1916,1913,-3
35400.jpg,1916,1915,-1
35405.jpg,1916,1855,-61
35410.jpg,1916,1845,-71
35415.jpg,1916,1898,-18
35420.jpg,1916,1871,-45
35425.jpg,1916,1915,-1
35430.jpg,1916,1935,19
35435.jpg,1916,1831,-85
35440.jpg,1916,1922,6
35445.jpg,1916,1933,17
35450.jpg,1916,1905,-11
35455.jpg,1916,1909,-7
35460.jpg,1916,1898,-18
35465.jpg,1916,1916,0
35470.jpg,1916,1864,-52
35475.jpg,1916,1900,-16
35480.jpg,1916,1920,4
35485.jpg,1916,1621,-295
35490.jpg,1916,1949,33
35495.jpg,1916,1940,24
35500.jpg,1916,1940,24
35505.jpg,1916,1885,-31
35510.jpg,1916,1820,-96
35515.jpg,1916,1940,24
35520.jpg,1916,1917,1
35525.jpg,1916,1911,-5
35530.jpg,1916,1940,24
35535.jpg,1917,1909,-8
35540.jpg,1917,1913,-4
35545.jpg,1917,1912,-5
35550.jpg,1917,1927,10
35555.jpg,1917,1927,10
35560.jpg,1917,1944,27
35565.jpg,1917,2009,92
35570.jpg,1917,1858,-59
35575.jpg,1917,1901,-16
35580.jpg,1917,1820,-97
35585.jpg,1917,1883,-34
35590.jpg,1917,1924,7
35595.jpg,1917,1940,23
35600.jpg,1917,1929,12
35605.jpg,1917,1913,-4
35610.jpg,1917,1914,-3
35615.jpg,1917,1921,4
35620.jpg,1917,1943,26
35625.jpg,1917,1899,-18
35630.jpg,1917,1914,-3
35635.jpg,1917,1917,0
35640.jpg,1917,1909,-8
35645.jpg,1917,1914,-3
35650.jpg,1917,1917,0
35655.jpg,1917,1856,-61
35660.jpg,1917,1921,4
35665.jpg,1917,1898,-19
35670.jpg,1917,1901,-16
35675.jpg,1917,1917,0
35680.jpg,1917,1942,25
35685.jpg,1917,1892,-25
35690.jpg,1917,1939,22
35695.jpg,1917,1940,23
35700.jpg,1917,1896,-21
35705.jpg,1917,1940,23
35710.jpg,1917,1940,23
35715.jpg,1917,1940,23
35720.jpg,1917,1934,17
35725.jpg,1917,2004,87
35730.jpg,1917,1959,42
35735.jpg,1917,1940,23
35740.jpg,1917,1553,-364
35745.jpg,1917,1992,75
35750.jpg,1917,1860,-57
35755.jpg,1917,1920,3
35760.jpg,1917,1940,23
35765.jpg,1917,1790,-127
35770.jpg,1917,1920,3
35775.jpg,1917,1900,-17
35780.jpg,1917,1912,-5
35785.jpg,1917,1919,2
35790.jpg,1917,1917,0
35795.jpg,1917,1927,10
35800.jpg,1917,1913,-4
35805.jpg,1917,1904,-13
35810.jpg,1917,1920,3
35815.jpg,1917,1904,-13
35820.jpg,1917,1888,-29
35825.jpg,1917,1900,-17
35830.jpg,1917,1917,0
35835.jpg,1917,1920,3
35840.jpg,1917,1917,0
35845.jpg,1917,1904,-13
35850.jpg,1917,1909,-8
35855.jpg,1917,1896,-21
35860.jpg,1917,1917,0
35865.jpg,1917,1940,23
35870.jpg,1917,1919,2
35875.jpg,1917,1990,73
35880.jpg,1917,1901,-16
35885.jpg,1917,1914,-3
35890.jpg,1917,1911,-6
35895.jpg,1917,1891,-26
35900.jpg,1917,1896,-21
35905.jpg,1917,1910,-7
35910.jpg,1917,1916,-1
35915.jpg,1917,1915,-2
35920.jpg,1918,1949,31
35925.jpg,1918,1989,71
35930.jpg,1918,1910,-8
35935.jpg,1918,1959,41
35940.jpg,1918,1938,20
35945.jpg,1918,1914,-4
35950.jpg,1918,1915,-3
35955.jpg,1918,1898,-20
35960.jpg,1918,1903,-15
35965.jpg,1918,1925,7
35970.jpg,1918,1835,-83
35975.jpg,1918,1920,2
35980.jpg,1918,1929,11
35985.jpg,1918,1867,-51
35990.jpg,1918,1931,13
35995.jpg,1918,1854,-64
36000.jpg,1918,1888,-30
36005.jpg,1918,1920,2
36010.jpg,1918,1918,0
36015.jpg,1918,1929,11
36020.jpg,1918,1913,-5
36025.jpg,1918,1926,8
36030.jpg,1918,1924,6
36035.jpg,1918,1740,-178
36040.jpg,1918,1919,1
36045.jpg,1918,1898,-20
36050.jpg,1918,1847,-71
36055.jpg,1918,1855,-63
36060.jpg,1918,1860,-58
36065.jpg,1918,1896,-22
36070.jpg,1918,1920,2
36075.jpg,1918,1885,-33
36080.jpg,1918,1979,61
36085.jpg,1918,1945,27
36090.jpg,1918,1916,-2
36095.jpg,1918,1889,-29
36100.jpg,1918,1077,-841
36105.jpg,1918,1928,10
36110.jpg,1918,1907,-11
36115.jpg,1919,1913,-6
36120.jpg,1919,1938,19
36125.jpg,1919,1965,46
36130.jpg,1919,1999,80
36135.jpg,1919,1980,61
36140.jpg,1919,1890,-29
36145.jpg,1919,1916,-3
36150.jpg,1919,1942,23
36155.jpg,1919,1925,6
36160.jpg,1919,1917,-2
36165.jpg,1919,1928,9
36170.jpg,1919,1911,-8
36175.jpg,1919,1943,24
36180.jpg,1919,1942,23
36185.jpg,1919,1971,52
36190.jpg,1919,1920,1
36195.jpg,1919,1553,-366
36200.jpg,1919,1901,-18
36205.jpg,1919,1959,40
36210.jpg,1919,1928,9
36215.jpg,1919,1918,-1
36220.jpg,1919,1964,45
36225.jpg,1919,1917,-2
36230.jpg,1919,1913,-6
36235.jpg,1919,1904,-15
36240.jpg,1919,1917,-2
36245.jpg,1919,1904,-15
36250.jpg,1919,1936,17
36255.jpg,1919,1790,-129
36260.jpg,1919,1820,-99
36265.jpg,1919,1904,-15
36270.jpg,1919,1909,-10
36275.jpg,1919,1927,8
36280.jpg,1919,1650,-269
36285.jpg,1919,1901,-18
36290.jpg,1919,2009,90
36295.jpg,1919,1907,-12
36300.jpg,1919,1911,-8
36305.jpg,1919,1889,-30
36310.jpg,1919,1905,-14
36315.jpg,1919,1855,-64
36320.jpg,1919,1931,12
36325.jpg,1919,1914,-5
36330.jpg,1919,1925,6
36335.jpg,1919,1917,-2
36340.jpg,1919,1917,-2
36345.jpg,1919,1915,-4
36350.jpg,1920,1947,27
36355.jpg,1920,1914,-6
36360.jpg,1920,1842,-78
36365.jpg,1920,1947,27
36370.jpg,1920,1972,52
36375.jpg,1920,1913,-7
36380.jpg,1920,1950,30
36385.jpg,1920,1947,27
36390.jpg,1920,1923,3
36395.jpg,1920,1916,-4
36400.jpg,1920,1878,-42
36405.jpg,1920,1931,11
36410.jpg,1920,1927,7
36415.jpg,1920,1820,-100
36420.jpg,1920,1940,20
36425.jpg,1920,1929,9
36430.jpg,1920,1923,3
36435.jpg,1920,1913,-7
36440.jpg,1920,1877,-43
36445.jpg,1920,1886,-34
36450.jpg,1920,1925,5
36455.jpg,1920,1883,-37
36460.jpg,1920,1726,-194
36465.jpg,1920,1867,-53
36470.jpg,1920,1944,24
36475.jpg,1920,1854,-66
36480.jpg,1920,1906,-14
36485.jpg,1920,1920,0
36490.jpg,1920,1883,-37
36495.jpg,1920,1899,-21
36500.jpg,1920,1915,-5
36505.jpg,1920,1904,-16
36510.jpg,1920,1875,-45
36515.jpg,1920,1917,-3
36520.jpg,1920,1901,-19
36525.jpg,1920,1865,-55
36530.jpg,1920,1825,-95
36535.jpg,1920,1904,-16
36540.jpg,1920,1911,-9
36545.jpg,1920,1944,24
36550.jpg,1920,1909,-11
36555.jpg,1920,1756,-164
36560.jpg,1920,1920,0
36565.jpg,1920,1935,15
36570.jpg,1920,1899,-21
36575.jpg,1920,1740,-180
36580.jpg,1920,1938,18
36585.jpg,1920,1920,0
36590.jpg,1920,1827,-93
36595.jpg,1920,1841,-79
36600.jpg,1920,1933,13
36605.jpg,1920,1902,-18
36610.jpg,1920,1917,-3
36615.jpg,1920,1756,-164
36620.jpg,1920,1888,-32
36625.jpg,1920,1925,5
36630.jpg,1920,1927,7
36635.jpg,1920,1907,-13
36640.jpg,1920,1944,24
36645.jpg,1920,1025,-895
36650.jpg,1920,1941,21
36655.jpg,1920,1650,-270
36660.jpg,1920,1953,33
36665.jpg,1920,1896,-24
36670.jpg,1920,1910,-10
36675.jpg,1920,1883,-37
36680.jpg,1920,1883,-37
36685.jpg,1920,1943,23
36690.jpg,1921,1927,6
36695.jpg,1921,1956,35
36700.jpg,1921,1924,3
36705.jpg,1921,1973,52
36710.jpg,1921,1911,-10
36715.jpg,1921,1937,16
36720.jpg,1921,1974,53
36725.jpg,1921,1914,-7
36730.jpg,1921,1955,34
36735.jpg,1921,1955,34
36740.jpg,1921,1940,19
36745.jpg,1921,1938,17
36750.jpg,1921,1905,-16
36755.jpg,1921,1914,-7
36760.jpg,1921,1618,-303
36765.jpg,1921,1925,4
36770.jpg,1921,1931,10
36775.jpg,1921,1916,-5
36780.jpg,1921,1935,14
36785.jpg,1921,1940,19
36790.jpg,1921,1913,-8
36795.jpg,1921,1927,6
36800.jpg,1921,1854,-67
36805.jpg,1921,1891,-30
36810.jpg,1921,1867,-54
36815.jpg,1921,1944,23
36820.jpg,1921,1867,-54
36825.jpg,1921,1873,-48
36830.jpg,1921,1920,-1
36835.jpg,1921,1928,7
36840.jpg,1921,1928,7
36845.jpg,1921,1884,-37
36850.jpg,1921,1915,-6
36855.jpg,1921,1918,-3
36860.jpg,1921,1920,-1
36865.jpg,1921,1584,-337
36870.jpg,1921,1949,28
36875.jpg,1921,1859,-62
36880.jpg,1921,1860,-61
36885.jpg,1921,1925,4
36890.jpg,1921,1940,19
36895.jpg,1921,1937,16
36900.jpg,1921,1988,67
36905.jpg,1921,1930,9
36910.jpg,1921,1911,-10
36915.jpg,1921,1913,-8
36920.jpg,1921,1916,-5
36925.jpg,1921,1938,17
36930.jpg,1921,1929,8
36935.jpg,1921,1938,17
36940.jpg,1921,1939,18
36945.jpg,1921,1920,-1
36950.jpg,1921,1902,-19
36955.jpg,1921,1891,-30
36960.jpg,1921,1148,-773
36965.jpg,1921,1921,0
36970.jpg,1922,1869,-53
36975.jpg,1922,1913,-9
36980.jpg,1922,1913,-9
36985.jpg,1922,1947,25
36990.jpg,1922,1928,6
36995.jpg,1922,1955,33
37000.jpg,1922,1950,28
37005.jpg,1922,1988,66
37010.jpg,1922,1948,26
37015.jpg,1922,1921,-1
37020.jpg,1922,1837,-85
37025.jpg,1922,1920,-2
37030.jpg,1922,1925,3
37035.jpg,1922,1924,2
37040.jpg,1922,1929,7
37045.jpg,1922,1914,-8
37050.jpg,1922,1940,18
37055.jpg,1922,1927,5
37060.jpg,1922,1917,-5
37065.jpg,1922,1914,-8
37070.jpg,1922,1928,6
37075.jpg,1922,1904,-18
37080.jpg,1922,1940,18
37085.jpg,1922,1819,-103
37090.jpg,1922,1920,-2
37095.jpg,1922,1928,6
37100.jpg,1922,1872,-50
37105.jpg,1922,1877,-45
37110.jpg,1922,1978,56
37115.jpg,1922,1873,-49
37120.jpg,1922,1925,3
37125.jpg,1922,1860,-62
37130.jpg,1922,1927,5
37135.jpg,1922,1897,-25
37140.jpg,1922,1790,-132
37145.jpg,1922,1847,-75
37150.jpg,1922,1790,-132
37155.jpg,1922,1795,-127
37160.jpg,1922,1901,-21
37165.jpg,1922,1908,-14
37170.jpg,1922,1928,6
37175.jpg,1922,1860,-62
37180.jpg,1922,1804,-118
37185.jpg,1922,1928,6
37190.jpg,1922,1913,-9
37195.jpg,1922,1852,-70
37200.jpg,1922,1920,-2
37205.jpg,1922,1913,-9
37210.jpg,1922,1904,-18
37215.jpg,1922,1928,6
37220.jpg,1922,1907,-15
37225.jpg,1922,2013,91
37230.jpg,1922,1912,-10
37235.jpg,1922,1911,-11
37240.jpg,1922,1954,32
37245.jpg,1922,1898,-24
37250.jpg,1922,1720,-202
37255.jpg,1922,1920,-2
37260.jpg,1922,1883,-39
37265.jpg,1922,1989,67
37270.jpg,1922,1917,-5
37275.jpg,1922,1924,2
37280.jpg,1922,1942,20
37285.jpg,1922,1965,43
37290.jpg,1922,1927,5
37295.jpg,1922,1937,15
37300.jpg,1922,1944,22
37305.jpg,1922,1913,-9
37310.jpg,1923,1949,26
37315.jpg,1923,1938,15
37320.jpg,1923,1947,24
37325.jpg,1923,1965,42
37330.jpg,1923,1953,30
37335.jpg,1923,1942,19
37340.jpg,1923,2023,100
37345.jpg,1923,2018,95
37350.jpg,1923,1965,42
37355.jpg,1923,1933,10
37360.jpg,1923,1730,-193
37365.jpg,1923,1938,15
37370.jpg,1923,1924,1
37375.jpg,1923,1940,17
37380.jpg,1923,1938,15
37385.jpg,1923,1925,2
37390.jpg,1923,1940,17
37395.jpg,1923,1922,-1
37400.jpg,1923,1899,-24
37405.jpg,1923,1927,4
37410.jpg,1923,1911,-12
37415.jpg,1923,1911,-12
37420.jpg,1923,1927,4
37425.jpg,1923,2000,77
37430.jpg,1923,1910,-13
37435.jpg,1923,1928,5
37440.jpg,1923,1916,-7
37445.jpg,1923,1916,-7
37450.jpg,1923,1913,-10
37455.jpg,1923,1917,-6
37460.jpg,1923,1890,-33
37465.jpg,1923,1944,21
37470.jpg,1923,1943,20
37475.jpg,1923,1846,-77
37480.jpg,1923,1914,-9
37485.jpg,1923,1740,-183
37490.jpg,1923,1935,12
37495.jpg,1923,1949,26
37500.jpg,1923,1913,-10
37505.jpg,1923,1740,-183
37510.jpg,1923,1904,-19
37515.jpg,1923,1917,-6
37520.jpg,1923,1890,-33
37525.jpg,1923,1928,5
37530.jpg,1923,1917,-6
37535.jpg,1923,1915,-8
37540.jpg,1923,1924,1
37545.jpg,1923,1938,15
37550.jpg,1923,1929,6
37555.jpg,1923,1912,-11
37560.jpg,1923,1920,-3
37565.jpg,1923,1790,-133
37570.jpg,1923,1893,-30
37575.jpg,1923,1924,1
37580.jpg,1923,1912,-11
37585.jpg,1923,1933,10
37590.jpg,1923,1916,-7
37595.jpg,1923,1980,57
37600.jpg,1923,1927,4
37605.jpg,1923,1909,-14
37610.jpg,1923,1988,65
37615.jpg,1923,1963,40
37620.jpg,1923,1909,-14
37625.jpg,1923,1935,12
37630.jpg,1923,1906,-17
37635.jpg,1923,1928,5
37640.jpg,1923,1879,-44
37645.jpg,1923,1854,-69
37650.jpg,1923,1921,-2
37655.jpg,1923,1936,13
37660.jpg,1923,1915,-8
37665.jpg,1923,1924,1
37670.jpg,1924,1899,-25
37675.jpg,1924,1951,27
37680.jpg,1924,1920,-4
37685.jpg,1924,1924,0
37690.jpg,1924,1912,-12
37695.jpg,1924,1927,3
37700.jpg,1924,1927,3
37705.jpg,1924,1950,26
37710.jpg,1924,1995,71
37715.jpg,1924,1948,24
37720.jpg,1924,1946,22
37725.jpg,1924,1946,22
37730.jpg,1924,1988,64
37735.jpg,1924,1925,1
37740.jpg,1924,1924,0
37745.jpg,1924,1927,3
37750.jpg,1924,1927,3
37755.jpg,1924,1937,13
37760.jpg,1924,1924,0
37765.jpg,1924,1931,7
37770.jpg,1924,1732,-192
37775.jpg,1924,1924,0
37780.jpg,1924,1917,-7
37785.jpg,1924,1914,-10
37790.jpg,1924,1913,-11
37795.jpg,1924,1913,-11
37800.jpg,1924,1929,5
37805.jpg,1924,1929,5
37810.jpg,1924,1911,-13
37815.jpg,1924,1917,-7
37820.jpg,1924,1840,-84
37825.jpg,1924,1924,0
37830.jpg,1924,1888,-36
37835.jpg,1924,1933,9
37840.jpg,1924,1612,-312
37845.jpg,1924,1911,-13
37850.jpg,1924,1867,-57
37855.jpg,1924,1944,20
37860.jpg,1924,1887,-37
37865.jpg,1924,1871,-53
37870.jpg,1924,1920,-4
37875.jpg,1924,1925,1
37880.jpg,1924,1920,-4
37885.jpg,1924,1740,-184
37890.jpg,1924,1940,16
37895.jpg,1924,1928,4
37900.jpg,1924,1920,-4
37905.jpg,1924,2009,85
37910.jpg,1924,1925,1
37915.jpg,1924,1885,-39
37920.jpg,1924,1950,26
37925.jpg,1924,1915,-9
37930.jpg,1924,1928,4
37935.jpg,1924,1790,-134
37940.jpg,1924,1912,-12
37945.jpg,1924,1950,26
37950.jpg,1924,1932,8
37955.jpg,1924,1979,55
37960.jpg,1924,1968,44
37965.jpg,1924,1949,25
37970.jpg,1924,1864,-60
37975.jpg,1924,1933,9
37980.jpg,1924,1914,-10
37985.jpg,1924,1942,18
37990.jpg,1924,1938,14
37995.jpg,1924,1913,-11
38000.jpg,1924,1657,-267
38005.jpg,1924,1920,-4
38010.jpg,1924,1927,3
38015.jpg,1924,1914,-10
38020.jpg,1924,1854,-70
38025.jpg,1924,1928,4
38030.jpg,1924,1895,-29
38035.jpg,1924,1933,9
38040.jpg,1924,1940,16
38045.jpg,1924,1938,14
38050.jpg,1924,1917,-7
38055.jpg,1924,1911,-13
38060.jpg,1924,1900,-24
38065.jpg,1924,1917,-7
38070.jpg,1924,1940,16
38075.jpg,1924,1920,-4
38080.jpg,1925,1790,-135
38085.jpg,1925,1907,-18
38090.jpg,1925,1938,13
38095.jpg,1925,1927,2
38100.jpg,1925,1945,20
38105.jpg,1925,1927,2
38110.jpg,1925,1927,2
38115.jpg,1925,1950,25
38120.jpg,1925,1950,25
38125.jpg,1925,1950,25
38130.jpg,1925,2023,98
38135.jpg,1925,1955,30
38140.jpg,1925,1929,4
38145.jpg,1925,1926,1
38150.jpg,1925,1940,15
38155.jpg,1925,1931,6
38160.jpg,1925,2000,75
38165.jpg,1925,1940,15
38170.jpg,1925,1950,25
38175.jpg,1925,1935,10
38180.jpg,1925,1919,-6
38185.jpg,1925,1940,15
38190.jpg,1925,1905,-20
38195.jpg,1925,1924,-1
38200.jpg,1925,1940,15
38205.jpg,1925,1927,2
38210.jpg,1925,1925,0
38215.jpg,1925,1938,13
38220.jpg,1925,1929,4
38225.jpg,1925,1927,2
38230.jpg,1925,1924,-1
38235.jpg,1925,1927,2
38240.jpg,1925,1946,21
38245.jpg,1925,1933,8
38250.jpg,1925,1917,-8
38255.jpg,1925,1996,71
38260.jpg,1925,2005,80
38265.jpg,1925,1913,-12
38270.jpg,1925,1867,-58
38275.jpg,1925,1944,19
38280.jpg,1925,1937,12
38285.jpg,1925,1868,-57
38290.jpg,1925,1858,-67
38295.jpg,1925,1927,2
38300.jpg,1925,1917,-8
38305.jpg,1925,1925,0
38310.jpg,1925,1890,-35
38315.jpg,1925,1938,13
38320.jpg,1925,1915,-10
38325.jpg,1925,1612,-313
38330.jpg,1925,1860,-65
38335.jpg,1925,1928,3
38340.jpg,1925,1925,0
38345.jpg,1925,1834,-91
38350.jpg,1925,1928,3
38355.jpg,1925,1855,-70
38360.jpg,1925,1920,-5
38365.jpg,1925,1915,-10
38370.jpg,1925,1917,-8
38375.jpg,1925,1917,-8
38380.jpg,1925,1920,-5
38385.jpg,1925,1920,-5
38390.jpg,1925,1925,0
38395.jpg,1925,1913,-12
38400.jpg,1925,1929,4
38405.jpg,1925,1920,-5
38410.jpg,1925,1928,3
38415.jpg,1925,1911,-14
38420.jpg,1925,1928,3
38425.jpg,1925,1841,-84
38430.jpg,1925,1925,0
38435.jpg,1925,1997,72
38440.jpg,1925,1926,1
38445.jpg,1925,1895,-30
38450.jpg,1925,1915,-10
38455.jpg,1925,1968,43
38460.jpg,1925,1939,14
38465.jpg,1925,1924,-1
38470.jpg,1925,1944,19
38475.jpg,1925,1940,15
38480.jpg,1925,1914,-11
38485.jpg,1925,1895,-30
38490.jpg,1925,1933,8
38495.jpg,1925,1921,-4
38500.jpg,1925,1933,8
38505.jpg,1925,1883,-42
38510.jpg,1925,1917,-8
38515.jpg,1926,1969,43
38520.jpg,1926,1931,5
38525.jpg,1926,1927,1
38530.jpg,1926,1927,1
38535.jpg,1926,1929,3
38540.jpg,1926,1927,1
38545.jpg,1926,1881,-45
38550.jpg,1926,1927,1
38555.jpg,1926,1926,0
38560.jpg,1926,1926,0
38565.jpg,1926,1949,23
38570.jpg,1926,1939,13
38575.jpg,1926,1930,4
38580.jpg,1926,1950,24
38585.jpg,1926,1955,29
38590.jpg,1926,1977,51
38595.jpg,1926,1998,72
38600.jpg,1926,1906,-20
38605.jpg,1926,2017,91
38610.jpg,1926,1860,-66
38615.jpg,1926,1940,14
38620.jpg,1926,1940,14
38625.jpg,1926,1927,1
38630.jpg,1926,1843,-83
38635.jpg,1926,1924,-2
38640.jpg,1926,1918,-8
38645.jpg,1926,1939,13
38650.jpg,1926,1935,9
38655.jpg,1926,1939,13
38660.jpg,1926,1938,12
38665.jpg,1926,1929,3
38670.jpg,1926,1917,-9
38675.jpg,1926,1930,4
38680.jpg,1926,1927,1
38685.jpg,1926,1929,3
38690.jpg,1926,1910,-16
38695.jpg,1926,1933,7
38700.jpg,1926,1933,7
38705.jpg,1926,1911,-15
38710.jpg,1926,1912,-14
38715.jpg,1926,1928,2
38720.jpg,1926,1913,-13
38725.jpg,1926,1901,-25
38730.jpg,1926,1927,1
38735.jpg,1926,1776,-150
38740.jpg,1926,1936,10
38745.jpg,1926,1959,33
38750.jpg,1926,1933,7
38755.jpg,1926,1925,-1
38760.jpg,1926,1925,-1
38765.jpg,1926,1929,3
38770.jpg,1926,1928,2
38775.jpg,1926,1690,-236
38780.jpg,1926,1925,-1
38785.jpg,1926,1925,-1
38790.jpg,1926,1929,3
38795.jpg,1926,1929,3
38800.jpg,1926,1913,-13
38805.jpg,1926,1917,-9
38810.jpg,1926,1915,-11
38815.jpg,1926,1764,-162
38820.jpg,1926,1913,-13
38825.jpg,1926,1927,1
38830.jpg,1926,1928,2
38835.jpg,1926,1936,10
38840.jpg,1926,1913,-13
38845.jpg,1926,1945,19
38850.jpg,1926,1904,-22
38855.jpg,1926,1925,-1
38860.jpg,1926,1920,-6
38865.jpg,1926,1924,-2
38870.jpg,1926,1913,-13
38875.jpg,1926,1928,2
38880.jpg,1926,1927,1
38885.jpg,1926,1917,-9
38890.jpg,1926,1933,7
38895.jpg,1926,1959,33
38900.jpg,1926,1925,-1
38905.jpg,1926,1911,-15
38910.jpg,1926,1930,4
38915.jpg,1926,1920,-6
38920.jpg,1926,1929,3
38925.jpg,1926,1929,3
38930.jpg,1926,1933,7
38935.jpg,1926,1924,-2
38940.jpg,1926,1931,5
38945.jpg,1926,1911,-15
38950.jpg,1926,1945,19
38955.jpg,1926,1863,-63
38960.jpg,1926,1731,-195
38965.jpg,1926,1913,-13
38970.jpg,1926,1916,-10
38975.jpg,1926,1988,62
38980.jpg,1926,1017,-909
38985.jpg,1926,1924,-2
38990.jpg,1926,1940,14
38995.jpg,1927,1940,13
39000.jpg,1927,1940,13
39005.jpg,1927,1931,4
39010.jpg,1927,1930,3
39015.jpg,1927,1964,37
39020.jpg,1927,1936,9
39025.jpg,1927,1914,-13
39030.jpg,1927,1937,10
39035.jpg,1927,1927,0
39040.jpg,1927,1940,13
39045.jpg,1927,1938,11
39050.jpg,1927,1927,0
39055.jpg,1927,1930,3
39060.jpg,1927,1928,1
39065.jpg,1927,1929,2
39070.jpg,1927,1920,-7
39075.jpg,1927,1927,0
39080.jpg,1927,1927,0
39085.jpg,1927,1999,72
39090.jpg,1927,1946,19
39095.jpg,1927,1955,28
39100.jpg,1927,1144,-783
39105.jpg,1927,1946,19
39110.jpg,1927,1941,14
39115.jpg,1927,1924,-3
39120.jpg,1927,1930,3
39125.jpg,1927,1926,-1
39130.jpg,1927,1938,11
39135.jpg,1927,1940,13
39140.jpg,1927,1940,13
39145.jpg,1927,1937,10
39150.jpg,1927,1916,-11
39155.jpg,1927,1927,0
39160.jpg,1927,1922,-5
39165.jpg,1927,1940,13
39170.jpg,1927,1940,13
39175.jpg,1927,1929,2
39180.jpg,1927,2019,92
39185.jpg,1927,1913,-14
39190.jpg,1927,1924,-3
39195.jpg,1927,1929,2
39200.jpg,1927,1930,3
39205.jpg,1927,1927,0
39210.jpg,1927,1925,-2
39215.jpg,1927,1929,2
39220.jpg,1927,1928,1
39225.jpg,1927,1907,-20
39230.jpg,1927,1901,-26
39235.jpg,1927,1933,6
39240.jpg,1927,1914,-13
39245.jpg,1927,1925,-2
39250.jpg,1927,1931,4
39255.jpg,1927,1720,-207
39260.jpg,1927,1929,2
39265.jpg,1927,1917,-10
39270.jpg,1927,1928,1
39275.jpg,1927,1893,-34
39280.jpg,1927,1911,-16
39285.jpg,1927,1926,-1
39290.jpg,1927,1876,-51
39295.jpg,1927,1929,2
39300.jpg,1927,1926,-1
39305.jpg,1927,1930,3
39310.jpg,1927,1925,-2
39315.jpg,1927,1945,18
39320.jpg,1927,1790,-137
39325.jpg,1927,1946,19
39330.jpg,1927,1929,2
39335.jpg,1927,1920,-7
39340.jpg,1927,1926,-1
39345.jpg,1927,1904,-23
39350.jpg,1927,1898,-29
39355.jpg,1927,1936,9
39360.jpg,1927,1925,-2
39365.jpg,1927,2000,73
39370.jpg,1927,1961,34
39375.jpg,1927,1625,-302
39380.jpg,1927,1928,1
39385.jpg,1927,1928,1
39390.jpg,1927,1863,-64
39395.jpg,1927,1938,11
39400.jpg,1927,1917,-10
39405.jpg,1927,1989,62
39410.jpg,1927,1974,47
39415.jpg,1927,1937,10
39420.jpg,1927,2010,83
39425.jpg,1927,1940,13
39430.jpg,1927,1899,-28
39435.jpg,1927,1812,-115
39440.jpg,1927,1924,-3
39445.jpg,1927,1344,-583
39450.jpg,1927,1906,-21
39455.jpg,1927,1933,6
39460.jpg,1927,1959,32
39465.jpg,1927,1866,-61
39470.jpg,1927,1866,-61
39475.jpg,1927,1930,3
39480.jpg,1927,1924,-3
39485.jpg,1927,1916,-11
39490.jpg,1927,1940,13
39495.jpg,1927,1905,-22
39500.jpg,1927,1927,0
39505.jpg,1927,1905,-22
39510.jpg,1928,1927,-1
39515.jpg,1928,1927,-1
39520.jpg,1928,1935,7
39525.jpg,1928,1927,-1
39530.jpg,1928,1928,0
39535.jpg,1928,1927,-1
39540.jpg,1928,1927,-1
39545.jpg,1928,1923,-5
39550.jpg,1928,1928,0
39555.jpg,1928,1927,-1
39560.jpg,1928,1927,-1
39565.jpg,1928,1938,10
39570.jpg,1928,1928,0
39575.jpg,1928,1947,19
39580.jpg,1928,1913,-15
39585.jpg,1928,1947,19
39590.jpg,1928,1999,71
39595.jpg,1928,1931,3
39600.jpg,1928,1950,22
39605.jpg,1928,2021,93
39610.jpg,1928,1988,60
39615.jpg,1928,1972,44
39620.jpg,1928,1929,1
39625.jpg,1928,1915,-13
39630.jpg,1928,1940,12
39635.jpg,1928,1938,10
39640.jpg,1928,1943,15
39645.jpg,1928,1924,-4
39650.jpg,1928,1929,1
39655.jpg,1928,1917,-11
39660.jpg,1928,1924,-4
39665.jpg,1928,1924,-4
39670.jpg,1928,1929,1
39675.jpg,1928,1929,1
39680.jpg,1928,1924,-4
39685.jpg,1928,1929,1
39690.jpg,1928,1924,-4
39695.jpg,1928,1929,1
39700.jpg,1928,1929,1
39705.jpg,1928,1986,58
39710.jpg,1928,1927,-1
39715.jpg,1928,1933,5
39720.jpg,1928,1933,5
39725.jpg,1928,1940,12
39730.jpg,1928,1928,0
39735.jpg,1928,1890,-38
39740.jpg,1928,2000,72
39745.jpg,1928,1958,30
39750.jpg,1928,1997,69
39755.jpg,1928,1791,-137
39760.jpg,1928,1850,-78
39765.jpg,1928,1943,15
39770.jpg,1928,1907,-21
39775.jpg,1928,1920,-8
39780.jpg,1928,1740,-188
39785.jpg,1928,1918,-10
39790.jpg,1928,1909,-19
39795.jpg,1928,1920,-8
39800.jpg,1928,1913,-15
39805.jpg,1928,1917,-11
39810.jpg,1928,1935,7
39815.jpg,1928,1928,0
39820.jpg,1928,1901,-27
39825.jpg,1928,1912,-16
39830.jpg,1928,1937,9
39835.jpg,1928,1938,10
39840.jpg,1928,1859,-69
39845.jpg,1928,1917,-11
39850.jpg,1928,1925,-3
39855.jpg,1928,1928,0
39860.jpg,1928,1924,-4
39865.jpg,1928,1875,-53
39870.jpg,1928,1690,-238
39875.jpg,1928,1920,-8
39880.jpg,1928,1925,-3
39885.jpg,1928,1876,-52
39890.jpg,1928,1903,-25
39895.jpg,1928,2000,72
39900.jpg,1928,2004,76
39905.jpg,1928,1911,-17
39910.jpg,1928,1933,5
39915.jpg,1928,1854,-74
39920.jpg,1928,1897,-31
39925.jpg,1928,1935,7
39930.jpg,1928,1933,5
39935.jpg,1928,1903,-25
39940.jpg,1928,1926,-2
39945.jpg,1928,1938,10
39950.jpg,1928,1916,-12
39955.jpg,1928,1813,-115
39960.jpg,1928,1926,-2
39965.jpg,1928,1929,1
39970.jpg,1928,1911,-17
39975.jpg,1928,1911,-17
39980.jpg,1928,1965,37
39985.jpg,1928,1945,17
39990.jpg,1928,1933,5
39995.jpg,1928,1930,2
40000.jpg,1928,1916,-12
40005.jpg,1928,1901,-27
40010.jpg,1928,1944,16
40015.jpg,1928,1935,7
40020.jpg,1928,1907,-21
40025.jpg,1928,1930,2
40030.jpg,1928,1928,0
40035.jpg,1928,1913,-15
40040.jpg,1928,1927,-1
40045.jpg,1929,1917,-12
40050.jpg,1929,1928,-1
40055.jpg,1929,1930,1
40060.jpg,1929,1927,-2
40065.jpg,1929,1927,-2
40070.jpg,1929,1880,-49
40075.jpg,1929,1914,-15
40080.jpg,1929,1786,-143
40085.jpg,1929,1999,70
40090.jpg,1929,1909,-20
40095.jpg,1929,1940,11
40100.jpg,1929,1930,1
40105.jpg,1929,1925,-4
40110.jpg,1929,1940,11
40115.jpg,1929,1921,-8
40120.jpg,1929,1848,-81
40125.jpg,1929,1925,-4
40130.jpg,1929,1924,-5
40135.jpg,1929,1927,-2
40140.jpg,1929,1940,11
40145.jpg,1929,1933,4
40150.jpg,1929,1931,2
40155.jpg,1929,1927,-2
40160.jpg,1929,1929,0
40165.jpg,1929,1931,2
40170.jpg,1929,1927,-2
40175.jpg,1929,1929,0
40180.jpg,1929,1931,2
40185.jpg,1929,1929,0
40190.jpg,1929,1911,-18
40195.jpg,1929,1929,0
40200.jpg,1929,1929,0
40205.jpg,1929,1615,-314
40210.jpg,1929,1929,0
40215.jpg,1929,1917,-12
40220.jpg,1929,1940,11
40225.jpg,1929,1917,-12
40230.jpg,1929,1707,-222
40235.jpg,1929,1905,-24
40240.jpg,1929,1995,66
40245.jpg,1929,1901,-28
40250.jpg,1929,1951,22
40255.jpg,1929,1905,-24
40260.jpg,1929,1879,-50
40265.jpg,1929,1986,57
40270.jpg,1929,1932,3
40275.jpg,1929,1936,7
40280.jpg,1929,1955,26
40285.jpg,1929,1854,-75
40290.jpg,1929,1769,-160
40295.jpg,1929,1937,8
40300.jpg,1929,1873,-56
40305.jpg,1929,1925,-4
40310.jpg,1929,1933,4
40315.jpg,1929,1929,0
40320.jpg,1929,1920,-9
40325.jpg,1929,1915,-14
40330.jpg,1929,1916,-13
40335.jpg,1929,1587,-342
40340.jpg,1929,1925,-4
40345.jpg,1929,1943,14
40350.jpg,1929,1879,-50
40355.jpg,1929,1928,-1
40360.jpg,1929,1929,0
40365.jpg,1929,1920,-9
40370.jpg,1929,1882,-47
40375.jpg,1929,1913,-16
40380.jpg,1929,1934,5
40385.jpg,1929,1860,-69
40390.jpg,1929,1925,-4
40395.jpg,1929,1954,25
40400.jpg,1929,1909,-20
40405.jpg,1929,1896,-33
40410.jpg,1929,1928,-1
40415.jpg,1929,1896,-33
40420.jpg,1929,1927,-2
40425.jpg,1929,1912,-17
40430.jpg,1929,1886,-43
40435.jpg,1929,1935,6
40440.jpg,1929,1899,-30
40445.jpg,1929,1967,38
40450.jpg,1929,1913,-16
40455.jpg,1929,1936,7
40460.jpg,1929,1871,-58
40465.jpg,1929,1929,0
40470.jpg,1929,1931,2
40475.jpg,1929,1914,-15
40480.jpg,1929,1911,-18
40485.jpg,1929,1925,-4
40490.jpg,1929,1930,1
40495.jpg,1929,1935,6
40500.jpg,1929,1929,0
40505.jpg,1929,1968,39
40510.jpg,1929,1913,-16
40515.jpg,1929,1929,0
40520.jpg,1929,1926,-3
40525.jpg,1929,1913,-16
40530.jpg,1929,1924,-5
40535.jpg,1929,1917,-12
40540.jpg,1930,1917,-13
40545.jpg,1930,1950,20
40550.jpg,1930,1905,-25
40555.jpg,1930,1933,3
40560.jpg,1930,1950,20
40565.jpg,1930,1947,17
40570.jpg,1930,1860,-70
40575.jpg,1930,1939,9
40580.jpg,1930,1874,-56
40585.jpg,1930,1921,-9
40590.jpg,1930,1939,9
40595.jpg,1930,1931,1
40600.jpg,1930,1927,-3
40605.jpg,1930,1933,3
40610.jpg,1930,1827,-103
40615.jpg,1930,1940,10
40620.jpg,1930,1925,-5
40625.jpg,1930,1931,1
40630.jpg,1930,1930,0
40635.jpg,1930,1928,-2
40640.jpg,1930,1940,10
40645.jpg,1930,1872,-58
40650.jpg,1930,1897,-33
40655.jpg,1930,1937,7
40660.jpg,1930,1867,-63
40665.jpg,1930,1955,25
40670.jpg,1930,1959,29
40675.jpg,1930,1871,-59
40680.jpg,1930,1917,-13
40685.jpg,1930,1929,-1
40690.jpg,1930,1929,-1
40695.jpg,1930,1896,-34
40700.jpg,1930,1925,-5
40705.jpg,1930,1951,21
40710.jpg,1930,1927,-3
40715.jpg,1930,1929,-1
40720.jpg,1930,1887,-43
40725.jpg,1930,1929,-1
40730.jpg,1930,1928,-2
40735.jpg,1930,1900,-30
40740.jpg,1930,1920,-10
40745.jpg,1930,1928,-2
40750.jpg,1930,1670,-260
40755.jpg,1930,1938,8
40760.jpg,1930,1937,7
40765.jpg,1930,1945,15
40770.jpg,1930,1928,-2
40775.jpg,1930,1932,2
40780.jpg,1930,2000,70
40785.jpg,1930,1942,12
40790.jpg,1930,1929,-1
40795.jpg,1930,1939,9
40800.jpg,1930,1928,-2
40805.jpg,1930,1928,-2
40810.jpg,1930,1928,-2
40815.jpg,1930,1917,-13
40820.jpg,1930,1930,0
40825.jpg,1930,1913,-17
40830.jpg,1930,1931,1
40835.jpg,1930,1930,0
40840.jpg,1930,1812,-118
40845.jpg,1930,1950,20
40850.jpg,1930,1929,-1
40855.jpg,1930,1929,-1
40860.jpg,1930,1921,-9
40865.jpg,1930,1936,6
40870.jpg,1930,1938,8
40875.jpg,1930,1929,-1
40880.jpg,1930,1895,-35
40885.jpg,1930,1949,19
40890.jpg,1930,1935,5
40895.jpg,1930,1933,3
40900.jpg,1930,1945,15
40905.jpg,1930,1935,5
40910.jpg,1930,1929,-1
40915.jpg,1930,1912,-18
40920.jpg,1930,1901,-29
40925.jpg,1930,1930,0
40930.jpg,1930,1926,-4
40935.jpg,1930,1938,8
40940.jpg,1930,1927,-3
40945.jpg,1930,1939,9
40950.jpg,1930,1915,-15
40955.jpg,1930,1928,-2
40960.jpg,1930,1942,12
40965.jpg,1931,1959,28
40970.jpg,1931,1941,10
40975.jpg,1931,1939,8
40980.jpg,1931,1879,-52
40985.jpg,1931,1911,-20
40990.jpg,1931,1940,9
40995.jpg,1931,1938,7
41000.jpg,1931,1558,-373
41005.jpg,1931,1938,7
41010.jpg,1931,1955,24
41015.jpg,1931,2000,69
41020.jpg,1931,1933,2
41025.jpg,1931,1950,19
41030.jpg,1931,1973,42
41035.jpg,1931,1931,0
41040.jpg,1931,1940,9
41045.jpg,1931,1921,-10
41050.jpg,1931,1921,-10
41055.jpg,1931,1931,0
41060.jpg,1931,1943,12
41065.jpg,1931,1929,-2
41070.jpg,1931,1927,-4
41075.jpg,1931,1930,-1
41080.jpg,1931,1930,-1
41085.jpg,1931,1930,-1
41090.jpg,1931,1931,0
41095.jpg,1931,1929,-2
41100.jpg,1931,1929,-2
41105.jpg,1931,1929,-2
41110.jpg,1931,1954,23
41115.jpg,1931,1933,2
41120.jpg,1931,1916,-15
41125.jpg,1931,1930,-1
41130.jpg,1931,1961,30
41135.jpg,1931,1927,-4
41140.jpg,1931,1893,-38
41145.jpg,1931,1968,37
41150.jpg,1931,1560,-371
41155.jpg,1931,1517,-414
41160.jpg,1931,1955,24
41165.jpg,1931,1804,-127
41170.jpg,1931,1380,-551
41175.jpg,1931,1885,-46
41180.jpg,1931,1913,-18
41185.jpg,1931,1925,-6
41190.jpg,1931,1926,-5
41195.jpg,1931,1930,-1
41200.jpg,1931,1911,-20
41205.jpg,1931,1929,-2
41210.jpg,1931,1945,14
41215.jpg,1931,1918,-13
41220.jpg,1931,1855,-76
41225.jpg,1931,1685,-246
41230.jpg,1931,1926,-5
41235.jpg,1931,1968,37
41240.jpg,1931,1891,-40
41245.jpg,1931,1644,-287
41250.jpg,1931,1889,-42
41255.jpg,1931,1930,-1
41260.jpg,1931,1934,3
41265.jpg,1931,1930,-1
41270.jpg,1931,1943,12
41275.jpg,1931,1938,7
41280.jpg,1931,1928,-3
41285.jpg,1931,1898,-33
41290.jpg,1931,1951,20
41295.jpg,1931,1977,46
41300.jpg,1931,1933,2
41305.jpg,1931,1940,9
41310.jpg,1932,1927,-5
41315.jpg,1932,1947,15
41320.jpg,1932,1930,-2
41325.jpg,1932,1766,-166
41330.jpg,1932,1947,15
41335.jpg,1932,1957,25
41340.jpg,1932,1999,67
41345.jpg,1932,1927,-5
41350.jpg,1932,1898,-34
41355.jpg,1932,1927,-5
41360.jpg,1932,1925,-7
41365.jpg,1932,1924,-8
41370.jpg,1932,1929,-3
41375.jpg,1932,1960,28
41380.jpg,1932,1929,-3
41385.jpg,1932,1927,-5
41390.jpg,1932,1944,12
41395.jpg,1932,1936,4
41400.jpg,1932,1959,27
41405.jpg,1932,1901,-31
41410.jpg,1932,1898,-34
41415.jpg,1932,1889,-43
41420.jpg,1932,1858,-74
41425.jpg,1932,1944,12
41430.jpg,1932,1740,-192
41435.jpg,1932,1860,-72
41440.jpg,1932,1766,-166
41445.jpg,1932,1917,-15
41450.jpg,1932,1740,-192
41455.jpg,1932,1695,-237
41460.jpg,1932,1759,-173
41465.jpg,1932,1919,-13
41470.jpg,1932,1920,-12
41475.jpg,1932,1901,-31
41480.jpg,1932,1933,1
41485.jpg,1932,1917,-15
41490.jpg,1932,1965,33
41495.jpg,1932,1927,-5
41500.jpg,1932,1999,67
41505.jpg,1932,1935,3
41510.jpg,1932,1940,8
41515.jpg,1932,1938,6
41520.jpg,1932,1938,6
41525.jpg,1932,1914,-18
41530.jpg,1932,1928,-4
41535.jpg,1932,1931,-1
41540.jpg,1932,1998,66
41545.jpg,1932,1932,0
41550.jpg,1932,2002,70
41555.jpg,1932,1938,6
41560.jpg,1932,1811,-121
41565.jpg,1932,1931,-1
41570.jpg,1933,1939,6
41575.jpg,1933,1699,-234
41580.jpg,1933,1827,-106
41585.jpg,1933,2006,73
41590.jpg,1933,1948,15
41595.jpg,1933,1937,4
41600.jpg,1933,1943,10
41605.jpg,1933,1988,55
41610.jpg,1933,1929,-4
41615.jpg,1933,1672,-261
41620.jpg,1933,1834,-99
41625.jpg,1933,1941,8
41630.jpg,1933,1933,0
41635.jpg,1933,1940,7
41640.jpg,1933,1691,-242
41645.jpg,1933,1858,-75
41650.jpg,1933,1940,7
41655.jpg,1933,1874,-59
41660.jpg,1933,1940,7
41665.jpg,1933,1933,0
41670.jpg,1933,1940,7
41675.jpg,1933,1917,-16
41680.jpg,1933,1933,0
41685.jpg,1933,1812,-121
41690.jpg,1933,1935,2
41695.jpg,1933,1933,0
41700.jpg,1933,1933,0
41705.jpg,1933,1940,7
41710.jpg,1933,1940,7
41715.jpg,1933,1933,0
41720.jpg,1933,1834,-99
41725.jpg,1933,1944,11
41730.jpg,1933,1943,10
41735.jpg,1933,1645,-288
41740.jpg,1933,1873,-60
41745.jpg,1933,1763,-170
41750.jpg,1933,1938,5
41755.jpg,1933,1951,18
41760.jpg,1933,1941,8
41765.jpg,1933,1936,3
41770.jpg,1933,1922,-11
41775.jpg,1933,1935,2
41780.jpg,1933,1842,-91
41785.jpg,1933,1838,-95
41790.jpg,1933,1935,2
41795.jpg,1933,2009,76
41800.jpg,1933,1585,-348
41805.jpg,1933,1944,11
41810.jpg,1933,1945,12
41815.jpg,1933,1831,-102
41820.jpg,1933,1924,-9
41825.jpg,1933,1886,-47
41830.jpg,1933,1930,-3
41835.jpg,1934,1849,-85
41840.jpg,1934,1937,3
41845.jpg,1934,1970,36
41850.jpg,1934,1937,3
41855.jpg,1934,1995,61
41860.jpg,1934,2008,74
41865.jpg,1934,1955,21
41870.jpg,1934,2009,75
41875.jpg,1934,1952,18
41880.jpg,1934,1923,-11
41885.jpg,1934,1931,-3
41890.jpg,1934,1940,6
41895.jpg,1934,2021,87
41900.jpg,1934,1933,-1
41905.jpg,1934,1911,-23
41910.jpg,1934,1940,6
41915.jpg,1934,1943,9
41920.jpg,1934,1997,63
41925.jpg,1934,1867,-67
41930.jpg,1934,1944,10
41935.jpg,1934,1740,-194
41940.jpg,1934,1929,-5
41945.jpg,1934,1533,-401
41950.jpg,1934,1935,1
41955.jpg,1934,1925,-9
41960.jpg,1934,1956,22
41965.jpg,1934,1875,-59
41970.jpg,1934,1732,-202
41975.jpg,1934,1983,49
41980.jpg,1934,1935,1
41985.jpg,1934,1931,-3
41990.jpg,1934,1935,1
41995.jpg,1934,1935,1
42000.jpg,1934,1937,3
42005.jpg,1934,1936,2
42010.jpg,1935,1871,-64
42015.jpg,1935,1961,26
42020.jpg,1935,1938,3
42025.jpg,1935,1937,2
42030.jpg,1935,1711,-224
42035.jpg,1935,2023,88
42040.jpg,1935,1939,4
42045.jpg,1935,2005,70
42050.jpg,1935,1940,5
42055.jpg,1935,1957,22
42060.jpg,1935,1939,4
42065.jpg,1935,1939,4
42070.jpg,1935,1940,5
42075.jpg,1935,1940,5
42080.jpg,1935,1933,-2
42085.jpg,1935,1564,-371
42090.jpg,1935,1942,7
42095.jpg,1935,1864,-71
42100.jpg,1935,1879,-56
42105.jpg,1935,1858,-77
42110.jpg,1935,1925,-10
42115.jpg,1935,1928,-7
42120.jpg,1935,1944,9
42125.jpg,1935,1795,-140
42130.jpg,1935,1929,-6
42135.jpg,1935,1946,11
42140.jpg,1935,1860,-75
42145.jpg,1935,1750,-185
42150.jpg,1935,1851,-84
42155.jpg,1935,1839,-96
42160.jpg,1935,1929,-6
42165.jpg,1935,1938,3
42170.jpg,1935,1927,-8
42175.jpg,1935,2006,71
42180.jpg,1935,1940,5
42185.jpg,1935,1955,20
42190.jpg,1935,1898,-37
42195.jpg,1935,1907,-28
42200.jpg,1935,1920,-15
42205.jpg,1935,1940,5
42210.jpg,1935,1929,-6
42215.jpg,1935,1938,3
42220.jpg,1935,1884,-51
42225.jpg,1935,1913,-22
42230.jpg,1935,1933,-2
42235.jpg,1935,1934,-1
42240.jpg,1935,1921,-14
42245.jpg,1935,2003,68
42250.jpg,1935,1936,1
42255.jpg,1935,1928,-7
42260.jpg,1935,1923,-12
42265.jpg,1935,1936,1
42270.jpg,1935,1940,5
42275.jpg,1935,1896,-39
42280.jpg,1935,1961,26
42285.jpg,1935,1942,7
42290.jpg,1935,1942,7
42295.jpg,1936,1931,-5
42300.jpg,1936,1941,5
42305.jpg,1936,1938,2
42310.jpg,1936,1936,0
42315.jpg,1936,1908,-28
42320.jpg,1936,2021,85
42325.jpg,1936,1939,3
42330.jpg,1936,2023,87
42335.jpg,1936,1923,-13
42340.jpg,1936,1921,-15
42345.jpg,1936,1940,4
42350.jpg,1936,1941,5
42355.jpg,1936,1938,2
42360.jpg,1936,2009,73
42365.jpg,1936,1708,-228
42370.jpg,1936,1940,4
42375.jpg,1936,1938,2
42380.jpg,1936,1961,25
42385.jpg,1936,1930,-6
42390.jpg,1936,2010,74
42395.jpg,1936,1955,19
42400.jpg,1936,1896,-40
42405.jpg,1936,1867,-69
42410.jpg,1936,1974,38
42415.jpg,1936,2009,73
42420.jpg,1936,1933,-3
42425.jpg,1936,1854,-82
42430.jpg,1936,1928,-8
42435.jpg,1936,1935,-1
42440.jpg,1936,1953,17
42445.jpg,1936,1835,-101
42450.jpg,1936,1913,-23
42455.jpg,1936,1953,17
42460.jpg,1936,1938,2
42465.jpg,1936,1938,2
42470.jpg,1936,1959,23
42475.jpg,1936,1841,-95
42480.jpg,1936,1587,-349
42485.jpg,1936,1994,58
42490.jpg,1936,1938,2
42495.jpg,1936,1956,20
42500.jpg,1936,1949,13
42505.jpg,1936,1860,-76
42510.jpg,1936,1935,-1
42515.jpg,1936,1940,4
42520.jpg,1936,1936,0
42525.jpg,1936,1929,-7
42530.jpg,1936,1943,7
42535.jpg,1936,1959,23
42540.jpg,1936,1945,9
42545.jpg,1936,1938,2
42550.jpg,1936,1940,4
42555.jpg,1936,1584,-352
42560.jpg,1936,1938,2
42565.jpg,1936,1756,-180
42570.jpg,1936,1938,2
42575.jpg,1936,1889,-47
42580.jpg,1936,1646,-290
42585.jpg,1936,1940,4
42590.jpg,1936,1936,0
42595.jpg,1936,1947,11
42600.jpg,1936,1934,-2
42605.jpg,1936,1940,4
42610.jpg,1937,1965,28
42615.jpg,1937,1937,0
42620.jpg,1937,1930,-7
42625.jpg,1937,1930,-7
42630.jpg,1937,1950,13
42635.jpg,1937,1937,0
42640.jpg,1937,1946,9
42645.jpg,1937,1989,52
42650.jpg,1937,1940,3
42655.jpg,1937,1950,13
42660.jpg,1937,1863,-74
42665.jpg,1937,1935,-2
42670.jpg,1937,1911,-26
42675.jpg,1937,1940,3
42680.jpg,1937,1940,3
42685.jpg,1937,1940,3
42690.jpg,1937,1938,1
42695.jpg,1937,1931,-6
42700.jpg,1937,1938,1
42705.jpg,1937,1940,3
42710.jpg,1937,1932,-5
42715.jpg,1937,1951,14
42720.jpg,1937,1928,-9
42725.jpg,1937,1940,3
42730.jpg,1937,1905,-32
42735.jpg,1937,1944,7
42740.jpg,1937,1952,15
42745.jpg,1937,1892,-45
42750.jpg,1937,1972,35
42755.jpg,1937,1867,-70
42760.jpg,1937,1559,-378
42765.jpg,1937,1790,-147
42770.jpg,1937,1951,14
42775.jpg,1937,1928,-9
42780.jpg,1937,1953,16
42785.jpg,1937,1953,16
42790.jpg,1937,1913,-24
42795.jpg,1937,1938,1
42800.jpg,1937,1913,-24
42805.jpg,1937,1919,-18
42810.jpg,1937,1795,-142
42815.jpg,1937,1929,-8
42820.jpg,1937,1968,31
42825.jpg,1937,1844,-93
42830.jpg,1937,1944,7
42835.jpg,1937,1942,5
42840.jpg,1937,1924,-13
42845.jpg,1937,1936,-1
42850.jpg,1937,1943,6
42855.jpg,1937,1938,1
42860.jpg,1937,1914,-23
42865.jpg,1937,1962,25
42870.jpg,1937,1940,3
42875.jpg,1937,1950,13
42880.jpg,1937,1944,7
42885.jpg,1937,1942,5
42890.jpg,1937,1947,10
42895.jpg,1937,1944,7
42900.jpg,1937,1964,27
42905.jpg,1937,1936,-1
42910.jpg,1937,1380,-557
42915.jpg,1938,1961,23
42920.jpg,1938,1938,0
42925.jpg,1938,1948,10
42930.jpg,1938,1938,0
42935.jpg,1938,1913,-25
42940.jpg,1938,2003,65
42945.jpg,1938,1973,35
42950.jpg,1938,1995,57
42955.jpg,1938,1948,10
42960.jpg,1938,1931,-7
42965.jpg,1938,1939,1
42970.jpg,1938,1940,2
42975.jpg,1938,1939,1
42980.jpg,1938,1917,-21
42985.jpg,1938,1795,-143
42990.jpg,1938,1938,0
42995.jpg,1938,1936,-2
43000.jpg,1938,1937,-1
43005.jpg,1938,1935,-3
43010.jpg,1938,1901,-37
43015.jpg,1938,1872,-66
43020.jpg,1938,1820,-118
43025.jpg,1938,1958,20
43030.jpg,1938,1907,-31
43035.jpg,1938,1867,-71
43040.jpg,1938,1938,0
43045.jpg,1938,1951,13
43050.jpg,1938,1923,-15
43055.jpg,1938,1938,0
43060.jpg,1938,1951,13
43065.jpg,1938,1921,-17
43070.jpg,1938,1929,-9
43075.jpg,1938,1740,-198
43080.jpg,1938,1954,16
43085.jpg,1938,1740,-198
43090.jpg,1938,1961,23
43095.jpg,1938,1885,-53
43100.jpg,1938,1968,30
43105.jpg,1938,1935,-3
43110.jpg,1938,1936,-2
43115.jpg,1938,1932,-6
43120.jpg,1938,1924,-14
43125.jpg,1938,1648,-290
43130.jpg,1938,1665,-273
43135.jpg,1938,1936,-2
43140.jpg,1938,2011,73
43145.jpg,1938,1938,0
43150.jpg,1938,1026,-912
43155.jpg,1938,1949,11
43160.jpg,1938,1938,0
43165.jpg,1938,1659,-279
43170.jpg,1938,1926,-12
43175.jpg,1938,1942,4
43180.jpg,1938,1753,-185
43185.jpg,1938,1905,-33
43190.jpg,1938,1935,-3
43195.jpg,1938,1938,0
43200.jpg,1938,1942,4
43205.jpg,1939,1873,-66
43210.jpg,1939,1933,-6
43215.jpg,1939,1938,-1
43220.jpg,1939,1935,-4
43225.jpg,1939,1834,-105
43230.jpg,1939,1946,7
43235.jpg,1939,1999,60
43240.jpg,1939,1955,16
43245.jpg,1939,1970,31
43250.jpg,1939,1950,11
43255.jpg,1939,1972,33
43260.jpg,1939,1975,36
43265.jpg,1939,1955,16
43270.jpg,1939,1940,1
43275.jpg,1939,1927,-12
43280.jpg,1939,1782,-157
43285.jpg,1939,1936,-3
43290.jpg,1939,1940,1
43295.jpg,1939,1938,-1
43300.jpg,1939,1942,3
43305.jpg,1939,1956,17
43310.jpg,1939,1938,-1
43315.jpg,1939,1937,-2
43320.jpg,1939,1940,1
43325.jpg,1939,1917,-22
43330.jpg,1939,1997,58
43335.jpg,1939,1958,19
43340.jpg,1939,1444,-495
43345.jpg,1939,1867,-72
43350.jpg,1939,2008,69
43355.jpg,1939,1854,-85
43360.jpg,1939,1936,-3
43365.jpg,1939,1879,-60
43370.jpg,1939,1913,-26
43375.jpg,1939,1884,-55
43380.jpg,1939,1953,14
43385.jpg,1939,1953,14
43390.jpg,1939,1951,12
43395.jpg,1939,1954,15
43400.jpg,1939,2011,72
43405.jpg,1939,1940,1
43410.jpg,1939,1935,-4
43415.jpg,1939,1917,-22
43420.jpg,1939,1940,1
43425.jpg,1939,1935,-4
43430.jpg,1939,1884,-55
43435.jpg,1939,1940,1
43440.jpg,1939,1854,-85
43445.jpg,1939,1944,5
43450.jpg,1939,1943,4
43455.jpg,1939,1940,1
43460.jpg,1939,1910,-29
43465.jpg,1939,1943,4
43470.jpg,1940,1950,10
43475.jpg,1940,1947,7
43480.jpg,1940,1933,-7
43485.jpg,1940,1937,-3
43490.jpg,1940,1924,-16
43495.jpg,1940,1957,17
43500.jpg,1940,1955,15
43505.jpg,1940,2014,74
43510.jpg,1940,1938,-2
43515.jpg,1940,1941,1
43520.jpg,1940,1925,-15
43525.jpg,1940,1943,3
43530.jpg,1940,1936,-4
43535.jpg,1940,1940,0
43540.jpg,1940,1931,-9
43545.jpg,1940,1930,-10
43550.jpg,1940,1940,0
43555.jpg,1940,1940,0
43560.jpg,1940,1961,21
43565.jpg,1940,1940,0
43570.jpg,1940,1938,-2
43575.jpg,1940,1940,0
43580.jpg,1940,1896,-44
43585.jpg,1940,1933,-7
43590.jpg,1940,1938,-2
43595.jpg,1940,1980,40
43600.jpg,1940,1940,0
43605.jpg,1940,1940,0
43610.jpg,1940,1834,-106
43615.jpg,1940,1795,-145
43620.jpg,1940,1840,-100
43625.jpg,1940,1941,1
43630.jpg,1940,1944,4
43635.jpg,1940,1959,19
43640.jpg,1940,1945,5
43645.jpg,1940,1936,-4
43650.jpg,1940,1925,-15
43655.jpg,1940,1953,13
43660.jpg,1940,1950,10
43665.jpg,1940,1937,-3
43670.jpg,1940,1938,-2
43675.jpg,1940,1953,13
43680.jpg,1940,1933,-7
43685.jpg,1940,1943,3
43690.jpg,1940,1943,3
43695.jpg,1940,1979,39
43700.jpg,1940,1866,-74
43705.jpg,1940,1935,-5
43710.jpg,1940,1911,-29
43715.jpg,1940,1952,12
43720.jpg,1941,1929,-12
43725.jpg,1941,1947,6
43730.jpg,1941,2017,76
43735.jpg,1941,1950,9
43740.jpg,1941,1950,9
43745.jpg,1941,1927,-14
43750.jpg,1941,1940,-1
43755.jpg,1941,1931,-10
43760.jpg,1941,1917,-24
43765.jpg,1941,1820,-121
43770.jpg,1941,1928,-13
43775.jpg,1941,1952,11
43780.jpg,1941,1933,-8
43785.jpg,1941,1946,5
43790.jpg,1941,1958,17
43795.jpg,1941,1979,38
43800.jpg,1941,1911,-30
43805.jpg,1941,1820,-121
43810.jpg,1941,1942,1
43815.jpg,1941,1953,12
43820.jpg,1941,1951,10
43825.jpg,1941,1949,8
43830.jpg,1941,1960,19
43835.jpg,1941,1961,20
43840.jpg,1941,1943,2
43845.jpg,1941,1962,21
43850.jpg,1941,1943,2
43855.jpg,1941,1920,-21
43860.jpg,1941,1940,-1
43865.jpg,1942,1949,7
43870.jpg,1942,1950,8
43875.jpg,1942,1953,11
43880.jpg,1942,1931,-11
43885.jpg,1942,1951,9
43890.jpg,1942,1940,-2
43895.jpg,1942,1933,-9
43900.jpg,1942,1917,-25
43905.jpg,1942,1940,-2
43910.jpg,1942,1997,55
43915.jpg,1942,1790,-152
43920.jpg,1942,1895,-47
43925.jpg,1942,1961,19
43930.jpg,1942,1946,4
43935.jpg,1942,1904,-38
43940.jpg,1942,1820,-122
43945.jpg,1942,1942,0
43950.jpg,1942,1923,-19
43955.jpg,1942,1860,-82
43960.jpg,1943,1940,-3
43965.jpg,1943,1967,24
43970.jpg,1943,1935,-8
43975.jpg,1943,1940,-3
43980.jpg,1943,1940,-3
43985.jpg,1943,1962,19
43990.jpg,1943,2008,65
43995.jpg,1943,1935,-8
44000.jpg,1943,1949,6
44005.jpg,1943,1968,25
44010.jpg,1943,1955,12
44015.jpg,1943,1942,-1
44020.jpg,1943,1944,1
44025.jpg,1943,1949,6
44030.jpg,1944,1082,-862
44035.jpg,1944,1944,0
44040.jpg,1944,1958,14
44045.jpg,1944,1944,0
44050.jpg,1944,1830,-114
44055.jpg,1944,2013,69
44060.jpg,1945,1732,-213
44065.jpg,1945,1938,-7
44070.jpg,1945,2024,79
44075.jpg,1945,1950,5
44080.jpg,1945,1938,-7
44085.jpg,1945,1945,0
44090.jpg,1945,1867,-78
44095.jpg,1945,1917,-28
44100.jpg,1945,1953,8
44105.jpg,1945,1940,-5
44110.jpg,1945,1942,-3
44115.jpg,1946,1968,22
44120.jpg,1946,1947,1
44125.jpg,1946,1946,0
44130.jpg,1946,1995,49
44135.jpg,1946,1983,37
44140.jpg,1946,1887,-59
44145.jpg,1946,1949,3
44150.jpg,1946,1740,-206
44155.jpg,1946,1911,-35
44160.jpg,1946,1966,20
44165.jpg,1946,1940,-6
44170.jpg,1946,1951,5
44175.jpg,1947,1940,-7
44180.jpg,1947,1948,1
44185.jpg,1947,1945,-2
44190.jpg,1947,1970,23
44195.jpg,1947,2012,65
44200.jpg,1947,1955,8
44205.jpg,1947,1972,25
44210.jpg,1947,1967,20
44215.jpg,1947,1929,-18
44220.jpg,1947,1928,-19
44225.jpg,1947,1943,-4
44230.jpg,1947,1893,-54
44235.jpg,1947,1943,-4
44240.jpg,1947,1949,2
44245.jpg,1947,1937,-10
44250.jpg,1947,1938,-9
44255.jpg,1947,2003,56
44260.jpg,1947,1937,-10
44265.jpg,1947,1684,-263
44270.jpg,1947,1920,-27
44275.jpg,1947,1876,-71
44280.jpg,1947,1924,-23
44285.jpg,1948,1947,-1
44290.jpg,1948,1974,26
44295.jpg,1948,1994,46
44300.jpg,1948,1944,-4
44305.jpg,1948,1950,2
44310.jpg,1948,2009,61
44315.jpg,1948,2009,61
44320.jpg,1948,1950,2
44325.jpg,1948,1942,-6
44330.jpg,1948,1970,22
44335.jpg,1948,1900,-48
44340.jpg,1948,1974,26
44345.jpg,1948,1966,18
44350.jpg,1948,1938,-10
44355.jpg,1948,1959,11
44360.jpg,1948,1953,5
44365.jpg,1948,1938,-10
44370.jpg,1948,1855,-93
44375.jpg,1948,1854,-94
44380.jpg,1948,1959,11
44385.jpg,1948,1940,-8
44390.jpg,1948,1959,11
44395.jpg,1948,1948,0
44400.jpg,1949,1819,-130
44405.jpg,1949,2008,59
44410.jpg,1949,1732,-217
44415.jpg,1949,2008,59
44420.jpg,1949,1973,24
44425.jpg,1949,1999,50
44430.jpg,1949,1950,1
44435.jpg,1949,1950,1
44440.jpg,1949,1939,-10
44445.jpg,1949,1958,9
44450.jpg,1949,1931,-18
44455.jpg,1949,1933,-16
44460.jpg,1949,1940,-9
44465.jpg,1949,1958,9
44470.jpg,1949,1994,45
44475.jpg,1949,1953,4
44480.jpg,1949,1953,4
44485.jpg,1949,1949,0
44490.jpg,1949,1918,-31
44495.jpg,1949,1949,0
44500.jpg,1949,1949,0
44505.jpg,1949,1953,4
44510.jpg,1949,1868,-81
44515.jpg,1949,1913,-36
44520.jpg,1949,2017,68
44525.jpg,1949,1925,-24
44530.jpg,1949,1940,-9
44535.jpg,1949,1942,-7
44540.jpg,1950,1951,1
44545.jpg,1950,1957,7
44550.jpg,1950,1921,-29
44555.jpg,1950,1950,0
44560.jpg,1950,1952,2
44565.jpg,1950,1971,21
44570.jpg,1950,1959,9
44575.jpg,1950,1912,-38
44580.jpg,1950,1021,-929
44585.jpg,1950,1950,0
44590.jpg,1950,1973,23
44595.jpg,1950,1999,49
44600.jpg,1950,1972,22
44605.jpg,1950,1940,-10
44610.jpg,1950,1929,-21
44615.jpg,1950,1960,10
44620.jpg,1950,1940,-10
44625.jpg,1950,1943,-7
44630.jpg,1950,1997,47
44635.jpg,1950,1992,42
44640.jpg,1950,1951,1
44645.jpg,1950,1832,-118
44650.jpg,1950,1954,4
44655.jpg,1950,1938,-12
44660.jpg,1950,1953,3
44665.jpg,1950,1926,-24
44670.jpg,1950,1958,8
44675.jpg,1950,2000,50
44680.jpg,1950,1994,44
44685.jpg,1950,1949,-1
44690.jpg,1950,1951,1
44695.jpg,1950,1911,-39
44700.jpg,1950,1961,11
44705.jpg,1951,1988,37
44710.jpg,1951,1912,-39
44715.jpg,1951,1965,14
44720.jpg,1951,1955,4
44725.jpg,1951,1993,42
44730.jpg,1951,1972,21
44735.jpg,1951,1940,-11
44740.jpg,1951,1931,-20
44745.jpg,1951,1950,-1
44750.jpg,1951,1958,7
44755.jpg,1951,1944,-7
44760.jpg,1951,1933,-18
44765.jpg,1951,1858,-93
44770.jpg,1951,1344,-607
44775.jpg,1951,1871,-80
44780.jpg,1951,1833,-118
44785.jpg,1951,1953,2
44790.jpg,1951,1956,5
44795.jpg,1951,1954,3
44800.jpg,1951,1953,2
44805.jpg,1951,1964,13
44810.jpg,1951,1935,-16
44815.jpg,1951,1945,-6
44820.jpg,1951,1943,-8
44825.jpg,1951,2011,60
44830.jpg,1951,1950,-1
44835.jpg,1951,1964,13
44840.jpg,1951,1933,-18
44845.jpg,1952,1942,-10
44850.jpg,1952,1950,-2
44855.jpg,1952,2013,61
44860.jpg,1952,1953,1
44865.jpg,1952,2018,66
44870.jpg,1952,1972,20
44875.jpg,1952,1962,10
44880.jpg,1952,1969,17
44885.jpg,1952,1967,15
44890.jpg,1952,1944,-8
44895.jpg,1952,1969,17
44900.jpg,1952,1943,-9
44905.jpg,1952,1958,6
44910.jpg,1952,2008,56
44915.jpg,1952,1950,-2
44920.jpg,1952,1954,2
44925.jpg,1952,1954,2
44930.jpg,1952,2000,48
44935.jpg,1952,2010,58
44940.jpg,1952,1957,5
44945.jpg,1952,1999,47
44950.jpg,1952,1982,30
44955.jpg,1952,1967,15
44960.jpg,1953,1925,-28
44965.jpg,1953,1997,44
44970.jpg,1953,2013,60
44975.jpg,1953,2009,56
44980.jpg,1953,1939,-14
44985.jpg,1953,2018,65
44990.jpg,1953,1972,19
44995.jpg,1953,2008,55
45000.jpg,1953,1948,-5
45005.jpg,1953,1937,-16
45010.jpg,1953,1950,-3
45015.jpg,1953,1962,9
45020.jpg,1953,1961,8
45025.jpg,1953,1942,-11
45030.jpg,1953,1944,-9
45035.jpg,1953,1981,28
45040.jpg,1953,2007,54
45045.jpg,1953,1866,-87
45050.jpg,1953,1887,-66
45055.jpg,1953,1953,0
45060.jpg,1953,1936,-17
45065.jpg,1953,1961,8
45070.jpg,1953,1953,0
45075.jpg,1953,1955,2
45080.jpg,1953,1966,13
45085.jpg,1953,1956,3
45090.jpg,1953,1844,-109
45095.jpg,1954,1967,13
45100.jpg,1954,1973,19
45105.jpg,1954,2002,48
45110.jpg,1954,1972,18
45115.jpg,1954,1948,-6
45120.jpg,1954,1965,11
45125.jpg,1954,1973,19
45130.jpg,1954,1932,-22
45135.jpg,1954,1965,11
45140.jpg,1954,1982,28
45145.jpg,1954,1901,-53
45150.jpg,1954,1931,-23
45155.jpg,1954,1971,17
45160.jpg,1954,1958,4
45165.jpg,1954,1731,-223
45170.jpg,1954,2001,47
45175.jpg,1954,1858,-96
45180.jpg,1954,1555,-399
45185.jpg,1954,1957,3
45190.jpg,1954,1953,-1
45195.jpg,1954,1882,-72
45200.jpg,1954,1949,-5
45205.jpg,1954,1925,-29
45210.jpg,1954,1917,-37
45215.jpg,1954,1986,32
45220.jpg,1954,1685,-269
45225.jpg,1954,1978,24
45230.jpg,1954,1990,36
45235.jpg,1955,1782,-173
45240.jpg,1955,1968,13
45245.jpg,1955,1973,18
45250.jpg,1955,1939,-16
45255.jpg,1955,1946,-9
45260.jpg,1955,1944,-11
45265.jpg,1955,1976,21
45270.jpg,1955,1950,-5
45275.jpg,1955,1942,-13
45280.jpg,1955,1923,-32
45285.jpg,1955,1925,-30
45290.jpg,1955,1988,33
45295.jpg,1955,1988,33
45300.jpg,1955,2013,58
45305.jpg,1955,1995,40
45310.jpg,1955,2002,47
45315.jpg,1955,2012,57
45320.jpg,1955,1787,-168
45325.jpg,1955,1953,-2
45330.jpg,1955,1950,-5
45335.jpg,1955,1953,-2
45340.jpg,1955,1953,-2
45345.jpg,1955,1961,6
45350.jpg,1955,1933,-22
45355.jpg,1955,1968,13
45360.jpg,1955,1787,-168
45365.jpg,1955,1997,42
45370.jpg,1955,1965,10
45375.jpg,1955,1941,-14
45380.jpg,1956,1961,5
45385.jpg,1956,1988,32
45390.jpg,1956,1951,-5
45395.jpg,1956,1950,-6
45400.jpg,1956,2017,61
45405.jpg,1956,1955,-1
45410.jpg,1956,1950,-6
45415.jpg,1956,1950,-6
45420.jpg,1956,1945,-11
45425.jpg,1956,1148,-808
45430.jpg,1956,1968,12
45435.jpg,1956,1939,-17
45440.jpg,1956,1942,-14
45445.jpg,1956,1961,5
45450.jpg,1956,1953,-3
45455.jpg,1956,1999,43
45460.jpg,1956,1958,2
45465.jpg,1956,1944,-12
45470.jpg,1956,1953,-3
45475.jpg,1956,1953,-3
45480.jpg,1956,1953,-3
45485.jpg,1956,1950,-6
45490.jpg,1956,2000,44
45495.jpg,1956,1844,-112
45500.jpg,1956,1970,14
45505.jpg,1956,1973,17
45510.jpg,1956,1977,21
45515.jpg,1956,1983,27
45520.jpg,1956,1949,-7
45525.jpg,1956,1983,27
45530.jpg,1957,1858,-99
45535.jpg,1957,2008,51
45540.jpg,1957,2010,53
45545.jpg,1957,2023,66
45550.jpg,1957,1988,31
45555.jpg,1957,2021,64
45560.jpg,1957,1951,-6
45565.jpg,1957,1956,-1
45570.jpg,1957,1955,-2
45575.jpg,1957,1933,-24
45580.jpg,1957,1929,-28
45585.jpg,1957,1930,-27
45590.jpg,1957,1989,32
45595.jpg,1957,1994,37
45600.jpg,1957,1968,11
45605.jpg,1957,1961,4
45610.jpg,1957,1950,-7
45615.jpg,1957,1928,-29
45620.jpg,1957,2002,45
45625.jpg,1957,2002,45
45630.jpg,1957,1854,-103
45635.jpg,1957,1979,22
45640.jpg,1957,1950,-7
45645.jpg,1957,1750,-207
45650.jpg,1957,1949,-8
45655.jpg,1957,1953,-4
45660.jpg,1957,1964,7
45665.jpg,1957,1881,-76
45670.jpg,1957,2013,56
45675.jpg,1957,1979,22
45680.jpg,1957,1942,-15
45685.jpg,1957,1968,11
45690.jpg,1957,1958,1
45695.jpg,1957,1979,22
45700.jpg,1958,1947,-11
45705.jpg,1958,2013,55
45710.jpg,1958,1955,-3
45715.jpg,1958,1968,10
45720.jpg,1958,2002,44
45725.jpg,1958,2009,51
45730.jpg,1958,1955,-3
45735.jpg,1958,2014,56
45740.jpg,1958,1939,-19
45745.jpg,1958,1957,-1
45750.jpg,1958,1970,12
45755.jpg,1958,1933,-25
45760.jpg,1958,1961,3
45765.jpg,1958,1970,12
45770.jpg,1958,1958,0
45775.jpg,1958,1972,14
45780.jpg,1958,1871,-87
45785.jpg,1958,1982,24
45790.jpg,1958,1959,1
45795.jpg,1958,1960,2
45800.jpg,1958,1953,-5
45805.jpg,1958,1953,-5
45810.jpg,1958,1009,-949
45815.jpg,1958,2013,55
45820.jpg,1958,1979,21
45825.jpg,1958,2017,59
45830.jpg,1958,1960,2
45835.jpg,1958,1945,-13
45840.jpg,1958,1958,0
45845.jpg,1958,1970,12
45850.jpg,1958,1940,-18
45855.jpg,1959,1961,2
45860.jpg,1959,1761,-198
45865.jpg,1959,1999,40
45870.jpg,1959,1994,35
45875.jpg,1959,1965,6
45880.jpg,1959,1905,-54
45885.jpg,1959,1964,5
45890.jpg,1959,1933,-26
45895.jpg,1959,1980,21
45900.jpg,1959,1968,9
45905.jpg,1959,1958,-1
45910.jpg,1959,2015,56
45915.jpg,1959,2000,41
45920.jpg,1959,1873,-86
45925.jpg,1959,1950,-9
45930.jpg,1959,1954,-5
45935.jpg,1959,1958,-1
45940.jpg,1959,1961,2
45945.jpg,1959,2005,46
45950.jpg,1959,1979,20
45955.jpg,1959,1977,18
45960.jpg,1959,1966,7
45965.jpg,1959,1933,-26
45970.jpg,1959,1925,-34
45975.jpg,1959,1949,-10
45980.jpg,1959,1986,27
45985.jpg,1959,1873,-86
45990.jpg,1960,1753,-207
45995.jpg,1960,1967,7
46000.jpg,1960,1999,39
46005.jpg,1960,2013,53
46010.jpg,1960,1950,-10
46015.jpg,1960,1958,-2
46020.jpg,1960,2009,49
46025.jpg,1960,1960,0
46030.jpg,1960,1972,12
46035.jpg,1960,1968,8
46040.jpg,1960,1961,1
46045.jpg,1960,1967,7
46050.jpg,1960,1940,-20
46055.jpg,1960,1792,-168
46060.jpg,1960,1978,18
46065.jpg,1960,1961,1
46070.jpg,1960,2006,46
46075.jpg,1960,1980,20
46080.jpg,1960,1971,11
46085.jpg,1960,1859,-101
46090.jpg,1960,1958,-2
46095.jpg,1960,1949,-11
46100.jpg,1960,1952,-8
46105.jpg,1960,1952,-8
46110.jpg,1960,1968,8
46115.jpg,1960,1979,19
46120.jpg,1960,1989,29
46125.jpg,1960,1979,19
46130.jpg,1960,1935,-25
46135.jpg,1960,1965,5
46140.jpg,1960,1931,-29
46145.jpg,1960,1963,3
46150.jpg,1960,1961,1
46155.jpg,1961,1928,-33
46160.jpg,1961,1961,0
46165.jpg,1961,1967,6
46170.jpg,1961,2013,52
46175.jpg,1961,1965,4
46180.jpg,1961,1961,0
46185.jpg,1961,1968,7
46190.jpg,1961,1883,-78
46195.jpg,1961,1968,7
46200.jpg,1961,1961,0
46205.jpg,1961,1943,-18
46210.jpg,1961,1971,10
46215.jpg,1961,1961,0
46220.jpg,1961,2010,49
46225.jpg,1961,1959,-2
46230.jpg,1961,1961,0
46235.jpg,1961,1940,-21
46240.jpg,1961,2023,62
46245.jpg,1961,1962,1
46250.jpg,1961,1943,-18
46255.jpg,1961,1953,-8
46260.jpg,1961,1957,-4
46265.jpg,1961,1965,4
46270.jpg,1961,1941,-20
46275.jpg,1961,1920,-41
46280.jpg,1961,1945,-16
46285.jpg,1961,2000,39
46290.jpg,1961,1989,28
46295.jpg,1961,1972,11
46300.jpg,1961,1940,-21
46305.jpg,1961,1968,7
46310.jpg,1961,1984,23
46315.jpg,1961,1969,8
46320.jpg,1962,1971,9
46325.jpg,1962,1956,-6
46330.jpg,1962,1893,-69
46335.jpg,1962,2008,46
46340.jpg,1962,1965,3
46345.jpg,1962,2002,40
46350.jpg,1962,1989,27
46355.jpg,1962,2004,42
46360.jpg,1962,2012,50
46365.jpg,1962,1968,6
46370.jpg,1962,1942,-20
46375.jpg,1962,1970,8
46380.jpg,1962,1970,8
46385.jpg,1962,1963,1
46390.jpg,1962,1978,16
46395.jpg,1962,1956,-6
46400.jpg,1962,1992,30
46405.jpg,1962,1940,-22
46410.jpg,1962,2020,58
46415.jpg,1962,1847,-115
46420.jpg,1962,1962,0
46425.jpg,1962,1958,-4
46430.jpg,1962,1960,-2
46435.jpg,1962,1976,14
46440.jpg,1962,1969,7
46445.jpg,1962,1973,11
46450.jpg,1962,1965,3
46455.jpg,1962,1866,-96
46460.jpg,1962,1974,12
46465.jpg,1963,1940,-23
46470.jpg,1963,1964,1
46475.jpg,1963,1965,2
46480.jpg,1963,1960,-3
46485.jpg,1963,1957,-6
46490.jpg,1963,2023,60
46495.jpg,1963,1967,4
46500.jpg,1963,1947,-16
46505.jpg,1963,1979,16
46510.jpg,1963,1965,2
46515.jpg,1963,1977,14
46520.jpg,1963,1965,2
46525.jpg,1963,2021,58
46530.jpg,1963,1994,31
46535.jpg,1963,1965,2
46540.jpg,1963,1731,-232
46545.jpg,1963,1955,-8
46550.jpg,1963,1961,-2
46555.jpg,1963,2003,40
46560.jpg,1963,1964,1
46565.jpg,1963,1958,-5
46570.jpg,1963,2008,45
46575.jpg,1963,1953,-10
46580.jpg,1963,1928,-35
46585.jpg,1963,1972,9
46590.jpg,1963,1442,-521
46595.jpg,1963,1991,28
46600.jpg,1963,1974,11
46605.jpg,1963,2009,46
46610.jpg,1963,1612,-351
46615.jpg,1963,1944,-19
46620.jpg,1963,1937,-26
46625.jpg,1963,1954,-9
46630.jpg,1963,1944,-19
46635.jpg,1964,1970,6
46640.jpg,1964,2010,46
46645.jpg,1964,1960,-4
46650.jpg,1964,2009,45
46655.jpg,1964,1950,-14
46660.jpg,1964,2012,48
46665.jpg,1964,1965,1
46670.jpg,1964,1973,9
46675.jpg,1964,2018,54
46680.jpg,1964,1967,3
46685.jpg,1964,1972,8
46690.jpg,1964,1973,9
46695.jpg,1964,1949,-15
46700.jpg,1964,1972,8
46705.jpg,1964,1970,6
46710.jpg,1964,1958,-6
46715.jpg,1964,1961,-3
46720.jpg,1964,1974,10
46725.jpg,1964,1983,19
46730.jpg,1964,2002,38
46735.jpg,1964,2000,36
46740.jpg,1964,1941,-23
46745.jpg,1964,1945,-19
46750.jpg,1964,1942,-22
46755.jpg,1964,1953,-11
46760.jpg,1964,1839,-125
46765.jpg,1964,1973,9
46770.jpg,1964,1917,-47
46775.jpg,1964,1923,-41
46780.jpg,1964,1979,15
46785.jpg,1964,1989,25
46790.jpg,1964,2004,40
46795.jpg,1964,1942,-22
46800.jpg,1964,1974,10
46805.jpg,1964,1986,22
46810.jpg,1964,1986,22
46815.jpg,1964,1936,-28
46820.jpg,1965,1974,9
46825.jpg,1965,2003,38
46830.jpg,1965,1962,-3
46835.jpg,1965,1973,8
46840.jpg,1965,1950,-15
46845.jpg,1965,1994,29
46850.jpg,1965,2009,44
46855.jpg,1965,1864,-101
46860.jpg,1965,1975,10
46865.jpg,1965,1953,-12
46870.jpg,1965,2012,47
46875.jpg,1965,1972,7
46880.jpg,1965,1828,-137
46885.jpg,1965,1968,3
46890.jpg,1965,2022,57
46895.jpg,1965,1959,-6
46900.jpg,1965,2020,55
46905.jpg,1965,1940,-25
46910.jpg,1965,1997,32
46915.jpg,1965,2002,37
46920.jpg,1965,2005,40
46925.jpg,1965,1940,-25
46930.jpg,1965,1863,-102
46935.jpg,1965,1961,-4
46940.jpg,1965,1914,-51
46945.jpg,1965,1939,-26
46950.jpg,1965,1968,3
46955.jpg,1965,1979,14
46960.jpg,1965,1970,5
46965.jpg,1965,1970,5
46970.jpg,1965,1972,7
46975.jpg,1965,2007,42
46980.jpg,1965,2000,35
46985.jpg,1965,1970,5
46990.jpg,1965,1970,5
46995.jpg,1965,1905,-60
47000.jpg,1965,1961,-4
47005.jpg,1966,1971,5
47010.jpg,1966,1985,19
47015.jpg,1966,1967,1
47020.jpg,1966,1979,13
47025.jpg,1966,1998,32
47030.jpg,1966,2009,43
47035.jpg,1966,1970,4
47040.jpg,1966,1999,33
47045.jpg,1966,1965,-1
47050.jpg,1966,1967,1
47055.jpg,1966,1950,-16
47060.jpg,1966,1950,-16
47065.jpg,1966,1685,-281
47070.jpg,1966,1940,-26
47075.jpg,1966,1961,-5
47080.jpg,1966,1970,4
47085.jpg,1966,1974,8
47090.jpg,1966,1970,4
47095.jpg,1966,1999,33
47100.jpg,1966,1877,-89
47105.jpg,1966,1969,3
47110.jpg,1966,1997,31
47115.jpg,1966,2002,36
47120.jpg,1966,1944,-22
47125.jpg,1966,1944,-22
47130.jpg,1966,1954,-12
47135.jpg,1966,2011,45
47140.jpg,1966,2011,45
47145.jpg,1966,1928,-38
47150.jpg,1966,1960,-6
47155.jpg,1966,1899,-67
47160.jpg,1966,1979,13
47165.jpg,1966,2000,34
47170.jpg,1966,1989,23
47175.jpg,1966,1973,7
47180.jpg,1966,1970,4
47185.jpg,1966,2024,58
47190.jpg,1966,1961,-5
47195.jpg,1966,1997,31
47200.jpg,1966,1977,11
47205.jpg,1966,1970,4
47210.jpg,1966,1967,1
47215.jpg,1966,2006,40
47220.jpg,1966,1968,2
47225.jpg,1967,2006,39
47230.jpg,1967,1937,-30
47235.jpg,1967,1896,-71
47240.jpg,1967,1955,-12
47245.jpg,1967,2009,42
47250.jpg,1967,1958,-9
47255.jpg,1967,2002,35
47260.jpg,1967,1965,-2
47265.jpg,1967,1979,12
47270.jpg,1967,1972,5
47275.jpg,1967,1998,31
47280.jpg,1967,1955,-12
47285.jpg,1967,1950,-17
47290.jpg,1967,1958,-9
47295.jpg,1967,1945,-22
47300.jpg,1967,1767,-200
47305.jpg,1967,1917,-50
47310.jpg,1967,1970,3
47315.jpg,1967,1971,4
47320.jpg,1967,1961,-6
47325.jpg,1967,1961,-6
47330.jpg,1967,1978,11
47335.jpg,1967,1997,30
47340.jpg,1967,2020,53
47345.jpg,1967,1953,-14
47350.jpg,1967,1942,-25
47355.jpg,1967,1962,-5
47360.jpg,1967,1904,-63
47365.jpg,1967,1854,-113
47370.jpg,1967,1700,-267
47375.jpg,1967,1928,-39
47380.jpg,1967,1982,15
47385.jpg,1967,1989,22
47390.jpg,1967,1970,3
47395.jpg,1967,1968,1
47400.jpg,1967,1984,17
47405.jpg,1967,1978,11
47410.jpg,1967,2018,51
47415.jpg,1967,1961,-6
47420.jpg,1967,1993,26
47425.jpg,1967,1989,22
47430.jpg,1967,1982,15
47435.jpg,1967,1940,-27
47440.jpg,1967,1974,7
47445.jpg,1967,1989,22
47450.jpg,1968,1969,1
47455.jpg,1968,1972,4
47460.jpg,1968,1973,5
47465.jpg,1968,1959,-9
47470.jpg,1968,1972,4
47475.jpg,1968,1980,12
47480.jpg,1968,2023,55
47485.jpg,1968,1978,10
47490.jpg,1968,1972,4
47495.jpg,1968,2012,44
47500.jpg,1968,2006,38
47505.jpg,1968,2023,55
47510.jpg,1968,1975,7
47515.jpg,1968,2009,41
47520.jpg,1968,1899,-69
47525.jpg,1968,2009,41
47530.jpg,1968,1968,0
47535.jpg,1968,1959,-9
47540.jpg,1968,1961,-7
47545.jpg,1968,1961,-7
47550.jpg,1968,1972,4
47555.jpg,1968,1959,-9
47560.jpg,1968,2000,32
47565.jpg,1968,1950,-18
47570.jpg,1968,1958,-10
47575.jpg,1968,1722,-246
47580.jpg,1968,2013,45
47585.jpg,1968,1844,-124
47590.jpg,1968,1960,-8
47595.jpg,1968,1970,2
47600.jpg,1968,1973,5
47605.jpg,1968,2007,39
47610.jpg,1968,1980,12
47615.jpg,1968,1612,-356
47620.jpg,1968,1961,-7
47625.jpg,1968,1963,-5
47630.jpg,1968,1986,18
47635.jpg,1968,1968,0
47640.jpg,1968,1965,-3
47645.jpg,1968,1974,6
47650.jpg,1969,1969,0
47655.jpg,1969,1963,-6
47660.jpg,1969,1947,-22
47665.jpg,1969,1960,-9
47670.jpg,1969,1973,4
47675.jpg,1969,1939,-30
47680.jpg,1969,1950,-19
47685.jpg,1969,1950,-19
47690.jpg,1969,1970,1
47695.jpg,1969,1955,-14
47700.jpg,1969,1999,30
47705.jpg,1969,1958,-11
47710.jpg,1969,1955,-14
47715.jpg,1969,1899,-70
47720.jpg,1969,1970,1
47725.jpg,1969,1950,-19
47730.jpg,1969,1970,1
47735.jpg,1969,1970,1
47740.jpg,1969,1349,-620
47745.jpg,1969,1979,10
47750.jpg,1969,1983,14
47755.jpg,1969,1909,-60
47760.jpg,1969,1986,17
47765.jpg,1969,1973,4
47770.jpg,1969,1979,10
47775.jpg,1969,1975,6
47780.jpg,1969,1970,1
47785.jpg,1969,1985,16
47790.jpg,1969,1962,-7
47795.jpg,1969,1961,-8
47800.jpg,1969,1970,1
47805.jpg,1969,1942,-27
47810.jpg,1969,1970,1
47815.jpg,1969,1973,4
47820.jpg,1969,1961,-8
47825.jpg,1969,1981,12
47830.jpg,1969,1987,18
47835.jpg,1970,1974,4
47840.jpg,1970,1968,-2
47845.jpg,1970,1950,-20
47850.jpg,1970,1998,28
47855.jpg,1970,1950,-20
47860.jpg,1970,2018,48
47865.jpg,1970,1973,3
47870.jpg,1970,1973,3
47875.jpg,1970,1967,-3
47880.jpg,1970,1950,-20
47885.jpg,1970,1965,-5
47890.jpg,1970,2016,46
47895.jpg,1970,1969,-1
47900.jpg,1970,1966,-4
47905.jpg,1970,1961,-9
47910.jpg,1970,1962,-8
47915.jpg,1970,2024,54
47920.jpg,1970,1970,0
47925.jpg,1970,1974,4
47930.jpg,1970,1997,27
47935.jpg,1970,1928,-42
47940.jpg,1970,1968,-2
47945.jpg,1970,1736,-234
47950.jpg,1970,1979,9
47955.jpg,1970,1965,-5
47960.jpg,1970,1968,-2
47965.jpg,1970,1973,3
47970.jpg,1970,1989,19
47975.jpg,1970,1966,-4
47980.jpg,1970,1822,-148
47985.jpg,1970,1952,-18
47990.jpg,1970,1950,-20
47995.jpg,1970,1992,22
48000.jpg,1971,1968,-3
48005.jpg,1971,1970,-1
48010.jpg,1971,1965,-6
48015.jpg,1971,1957,-14
48020.jpg,1971,2010,39
48025.jpg,1971,1988,17
48030.jpg,1971,2023,52
48035.jpg,1971,1950,-21
48040.jpg,1971,2002,31
48045.jpg,1971,1955,-16
48050.jpg,1971,1947,-24
48055.jpg,1971,1961,-10
48060.jpg,1971,2000,29
48065.jpg,1971,1961,-10
48070.jpg,1971,1974,3
48075.jpg,1971,1959,-12
48080.jpg,1971,1977,6
48085.jpg,1971,1959,-12
48090.jpg,1971,1997,26
48095.jpg,1971,1871,-100
48100.jpg,1971,1954,-17
48105.jpg,1971,2011,40
48110.jpg,1971,1975,4
48115.jpg,1971,1978,7
48120.jpg,1971,1975,4
48125.jpg,1971,1973,2
48130.jpg,1971,1979,8
48135.jpg,1971,1989,18
48140.jpg,1971,1989,18
48145.jpg,1971,1988,17
48150.jpg,1971,1989,18
48155.jpg,1971,1964,-7
48160.jpg,1971,1968,-3
48165.jpg,1971,1650,-321
48170.jpg,1971,1968,-3
48175.jpg,1971,1968,-3
48180.jpg,1972,1964,-8
48185.jpg,1972,1970,-2
48190.jpg,1972,1968,-4
48195.jpg,1972,1999,27
48200.jpg,1972,1980,8
48205.jpg,1972,2002,30
48210.jpg,1972,1931,-41
48215.jpg,1972,1955,-17
48220.jpg,1972,1950,-22
48225.jpg,1972,1999,27
48230.jpg,1972,1965,-7
48235.jpg,1972,1976,4
48240.jpg,1972,1956,-16
48245.jpg,1972,2002,30
48250.jpg,1972,1968,-4
48255.jpg,1972,1950,-22
48260.jpg,1972,1981,9
48265.jpg,1972,1959,-13
48270.jpg,1972,1974,2
48275.jpg,1972,1950,-22
48280.jpg,1972,1950,-22
48285.jpg,1972,1932,-40
48290.jpg,1972,1553,-419
48295.jpg,1972,1968,-4
48300.jpg,1972,1973,1
48305.jpg,1972,1973,1
48310.jpg,1972,2024,52
48315.jpg,1972,1970,-2
48320.jpg,1972,1996,24
48325.jpg,1972,1974,2
48330.jpg,1972,1965,-7
48335.jpg,1972,1994,22
48340.jpg,1972,1960,-12
48345.jpg,1972,1968,-4
48350.jpg,1972,1972,0
48355.jpg,1972,1982,10
48360.jpg,1973,1953,-20
48365.jpg,1973,1970,-3
48370.jpg,1973,1950,-23
48375.jpg,1973,1960,-13
48380.jpg,1973,1950,-23
48385.jpg,1973,2012,39
48390.jpg,1973,1955,-18
48395.jpg,1973,1964,-9
48400.jpg,1973,1995,22
48405.jpg,1973,1968,-5
48410.jpg,1973,1950,-23
48415.jpg,1973,2020,47
48420.jpg,1973,1970,-3
48425.jpg,1973,1981,8
48430.jpg,1973,1967,-6
48435.jpg,1973,1981,8
48440.jpg,1973,1971,-2
48445.jpg,1973,1969,-4
48450.jpg,1973,1959,-14
48455.jpg,1973,1978,5
48460.jpg,1973,2009,36
48465.jpg,1973,2013,40
48470.jpg,1973,2001,28
48475.jpg,1973,1986,13
48480.jpg,1973,1961,-12
48485.jpg,1973,1970,-3
48490.jpg,1973,1979,6
48495.jpg,1973,1977,4
48500.jpg,1973,1874,-99
48505.jpg,1973,1970,-3
48510.jpg,1973,1965,-8
48515.jpg,1973,2018,45
48520.jpg,1973,1940,-33
48525.jpg,1973,1965,-8
48530.jpg,1974,1985,11
48535.jpg,1974,1972,-2
48540.jpg,1974,2023,49
48545.jpg,1974,1965,-9
48550.jpg,1974,1957,-17
48555.jpg,1974,2023,49
48560.jpg,1974,2018,44
48565.jpg,1974,1971,-3
48570.jpg,1974,2000,26
48575.jpg,1974,1973,-1
48580.jpg,1974,1961,-13
48585.jpg,1974,1977,3
48590.jpg,1974,1986,12
48595.jpg,1974,2024,50
48600.jpg,1974,1986,12
48605.jpg,1974,2002,28
48610.jpg,1974,2023,49
48615.jpg,1974,2019,45
48620.jpg,1974,1983,9
48625.jpg,1974,1996,22
48630.jpg,1974,1994,20
48635.jpg,1974,2018,44
48640.jpg,1974,1645,-329
48645.jpg,1974,1644,-330
48650.jpg,1974,1968,-6
48655.jpg,1974,2016,42
48660.jpg,1974,1979,5
48665.jpg,1974,1979,5
48670.jpg,1974,1979,5
48675.jpg,1974,1965,-9
48680.jpg,1974,1970,-4
48685.jpg,1974,1972,-2
48690.jpg,1974,1986,12
48695.jpg,1974,1612,-362
48700.jpg,1974,2023,49
48705.jpg,1974,1981,7
48710.jpg,1974,1997,23
48715.jpg,1974,1965,-9
48720.jpg,1974,2024,50
48725.jpg,1974,1884,-90
48730.jpg,1974,1982,8
48735.jpg,1975,1961,-14
48740.jpg,1975,1998,23
48745.jpg,1975,1962,-13
48750.jpg,1975,1965,-10
48755.jpg,1975,1968,-7
48760.jpg,1975,1973,-2
48765.jpg,1975,2005,30
48770.jpg,1975,1993,18
48775.jpg,1975,1965,-10
48780.jpg,1975,2022,47
48785.jpg,1975,1955,-20
48790.jpg,1975,1968,-7
48795.jpg,1975,2006,31
48800.jpg,1975,1959,-16
48805.jpg,1975,1980,5
48810.jpg,1975,2018,43
48815.jpg,1975,1981,6
48820.jpg,1975,1979,4
48825.jpg,1975,1954,-21
48830.jpg,1975,1959,-16
48835.jpg,1975,1979,4
48840.jpg,1975,2008,33
48845.jpg,1975,2001,26
48850.jpg,1975,1979,4
48855.jpg,1975,2007,32
48860.jpg,1975,2016,41
48865.jpg,1975,1989,14
48870.jpg,1975,1980,5
48875.jpg,1975,1973,-2
48880.jpg,1975,1970,-5
48885.jpg,1975,1984,9
48890.jpg,1975,1999,24
48895.jpg,1975,1956,-19
48900.jpg,1976,1967,-9
48905.jpg,1976,1972,-4
48910.jpg,1976,1970,-6
48915.jpg,1976,1984,8
48920.jpg,1976,1999,23
48925.jpg,1976,2021,45
48930.jpg,1976,2009,33
48935.jpg,1976,1970,-6
48940.jpg,1976,1970,-6
48945.jpg,1976,1988,12
48950.jpg,1976,2022,46
48955.jpg,1976,1961,-15
48960.jpg,1976,1982,6
48965.jpg,1976,1961,-15
48970.jpg,1976,1964,-12
48975.jpg,1976,1940,-36
48980.jpg,1976,1968,-8
48985.jpg,1976,1970,-6
48990.jpg,1976,1899,-77
48995.jpg,1976,1612,-364
49000.jpg,1976,1585,-391
49005.jpg,1976,2000,24
49010.jpg,1976,2001,25
49015.jpg,1976,2000,24
49020.jpg,1976,1977,1
49025.jpg,1976,1979,3
49030.jpg,1976,1979,3
49035.jpg,1976,1970,-6
49040.jpg,1976,1972,-4
49045.jpg,1976,1975,-1
49050.jpg,1976,1975,-1
49055.jpg,1976,1986,10
49060.jpg,1976,1933,-43
49065.jpg,1976,1863,-113
49070.jpg,1976,1965,-11
49075.jpg,1976,1063,-913
49080.jpg,1976,1981,5
49085.jpg,1976,1984,8
49090.jpg,1976,1973,-3
49095.jpg,1977,1986,9
49100.jpg,1977,1964,-13
49105.jpg,1977,1972,-5
49110.jpg,1977,1973,-4
49115.jpg,1977,1999,22
49120.jpg,1977,1970,-7
49125.jpg,1977,1980,3
49130.jpg,1977,1951,-26
49135.jpg,1977,1982,5
49140.jpg,1977,1956,-21
49145.jpg,1977,1991,14
49150.jpg,1977,1985,8
49155.jpg,1977,1970,-7
49160.jpg,1977,2006,29
49165.jpg,1977,1871,-106
49170.jpg,1977,1991,14
49175.jpg,1977,1846,-131
49180.jpg,1977,1968,-9
49185.jpg,1977,2014,37
49190.jpg,1977,2008,31
49195.jpg,1977,1965,-12
49200.jpg,1977,2016,39
49205.jpg,1977,2024,47
49210.jpg,1977,1961,-16
49215.jpg,1977,1970,-7
49220.jpg,1977,1970,-7
49225.jpg,1977,1989,12
49230.jpg,1977,1983,6
49235.jpg,1977,1958,-19
49240.jpg,1977,1970,-7
49245.jpg,1977,1926,-51
49250.jpg,1977,2008,31
49255.jpg,1977,1958,-19
49260.jpg,1978,1968,-10
49265.jpg,1978,1973,-5
49270.jpg,1978,2008,30
49275.jpg,1978,2009,31
49280.jpg,1978,1999,21
49285.jpg,1978,1970,-8
49290.jpg,1978,1912,-66
49295.jpg,1978,2016,38
49300.jpg,1978,1964,-14
49305.jpg,1978,1927,-51
49310.jpg,1978,2021,43
49315.jpg,1978,1965,-13
49320.jpg,1978,1999,21
49325.jpg,1978,1980,2
49330.jpg,1978,2011,33
49335.jpg,1978,1980,2
49340.jpg,1978,1904,-74
49345.jpg,1978,1982,4
49350.jpg,1978,1986,8
49355.jpg,1978,2010,32
49360.jpg,1978,1978,0
49365.jpg,1978,1973,-5
49370.jpg,1978,2007,29
49375.jpg,1978,1970,-8
49380.jpg,1978,1989,11
49385.jpg,1978,2016,38
49390.jpg,1978,1955,-23
49395.jpg,1978,1942,-36
49400.jpg,1978,1955,-23
49405.jpg,1979,1961,-18
49410.jpg,1979,1982,3
49415.jpg,1979,1968,-11
49420.jpg,1979,1999,20
49425.jpg,1979,2014,35
49430.jpg,1979,2009,30
49435.jpg,1979,1955,-24
49440.jpg,1979,1970,-9
49445.jpg,1979,1965,-14
49450.jpg,1979,1988,9
49455.jpg,1979,1969,-10
49460.jpg,1979,2008,29
49465.jpg,1979,1883,-96
49470.jpg,1979,1954,-25
49475.jpg,1979,1961,-18
49480.jpg,1979,1892,-87
49485.jpg,1979,1951,-28
49490.jpg,1979,1659,-320
49495.jpg,1979,1587,-392
49500.jpg,1979,1973,-6
49505.jpg,1979,1979,0
49510.jpg,1979,1974,-5
49515.jpg,1979,1975,-4
49520.jpg,1979,2014,35
49525.jpg,1979,1979,0
49530.jpg,1979,1968,-11
49535.jpg,1979,1979,0
49540.jpg,1979,1998,19
49545.jpg,1979,1997,18
49550.jpg,1979,1996,17
49555.jpg,1979,1973,-6
49560.jpg,1979,1968,-11
49565.jpg,1980,1968,-12
49570.jpg,1980,1865,-115
49575.jpg,1980,2009,29
49580.jpg,1980,1965,-15
49585.jpg,1980,1943,-37
49590.jpg,1980,2003,23
49595.jpg,1980,1958,-22
49600.jpg,1980,1967,-13
49605.jpg,1980,1899,-81
49610.jpg,1980,2010,30
49615.jpg,1980,2006,26
49620.jpg,1980,1966,-14
49625.jpg,1980,1931,-49
49630.jpg,1980,2002,22
49635.jpg,1980,2005,25
49640.jpg,1980,1995,15
49645.jpg,1980,1968,-12
49650.jpg,1980,2015,35
49655.jpg,1980,1982,2
49660.jpg,1980,1979,-1
49665.jpg,1980,1998,18
49670.jpg,1980,1961,-19
49675.jpg,1980,1978,-2
49680.jpg,1980,1957,-23
49685.jpg,1980,1980,0
49690.jpg,1980,1849,-131
49695.jpg,1980,1981,1
49700.jpg,1980,1984,4
49705.jpg,1980,1977,-3
49710.jpg,1981,1968,-13
49715.jpg,1981,2013,32
49720.jpg,1981,1973,-8
49725.jpg,1981,1968,-13
49730.jpg,1981,1973,-8
49735.jpg,1981,1955,-26
49740.jpg,1981,1988,7
49745.jpg,1981,1967,-14
49750.jpg,1981,2023,42
49755.jpg,1981,1987,6
49760.jpg,1981,1983,2
49765.jpg,1981,1982,1
49770.jpg,1981,1968,-13
49775.jpg,1981,1963,-18
49780.jpg,1981,1986,5
49785.jpg,1981,1938,-43
49790.jpg,1981,1968,-13
49795.jpg,1981,1978,-3
49800.jpg,1981,1995,14
49805.jpg,1981,1964,-17
49810.jpg,1981,1944,-37
49815.jpg,1981,1961,-20
49820.jpg,1981,1857,-124
49825.jpg,1981,2007,26
49830.jpg,1981,1961,-20
49835.jpg,1981,2000,19
49840.jpg,1981,1901,-80
49845.jpg,1981,1997,16
49850.jpg,1981,1999,18
49855.jpg,1981,2000,19
49860.jpg,1981,1970,-11
49865.jpg,1981,1961,-20
49870.jpg,1981,1979,-2
49875.jpg,1981,1970,-11
49880.jpg,1981,1973,-8
49885.jpg,1981,1970,-11
49890.jpg,1981,1973,-8
49895.jpg,1981,1961,-20
49900.jpg,1981,1937,-44
49905.jpg,1981,2016,35
49910.jpg,1981,2003,22
49915.jpg,1981,1987,6
49920.jpg,1982,1883,-99
49925.jpg,1982,1444,-538
49930.jpg,1982,2023,41
49935.jpg,1982,1999,17
49940.jpg,1982,1984,2
49945.jpg,1982,1999,17
49950.jpg,1982,2023,41
49955.jpg,1982,1970,-12
49960.jpg,1982,1967,-15
49965.jpg,1982,1968,-14
49970.jpg,1982,2023,41
49975.jpg,1982,1968,-14
49980.jpg,1982,2009,27
49985.jpg,1982,1982,0
49990.jpg,1982,1987,5
49995.jpg,1982,1973,-9
50000.jpg,1982,2003,21
50005.jpg,1982,2016,34
50010.jpg,1982,1989,7
50015.jpg,1982,1986,4
50020.jpg,1982,1986,4
50025.jpg,1982,1983,1
50030.jpg,1982,1992,10
50035.jpg,1982,1977,-5
50040.jpg,1982,1983,1
50045.jpg,1982,1965,-17
50050.jpg,1982,1985,3
50055.jpg,1982,1979,-3
50060.jpg,1982,1986,4
50065.jpg,1982,1838,-144
50070.jpg,1982,2023,41
50075.jpg,1982,1981,-1
50080.jpg,1982,1859,-123
50085.jpg,1982,2000,18
50090.jpg,1982,2000,18
50095.jpg,1982,1996,14
50100.jpg,1982,1685,-297
50105.jpg,1982,1982,0
50110.jpg,1982,1874,-108
50115.jpg,1982,1997,15
50120.jpg,1982,1988,6
50125.jpg,1982,1979,-3
50130.jpg,1982,1979,-3
50135.jpg,1982,1979,-3
50140.jpg,1982,1989,7
50145.jpg,1982,1981,-1
50150.jpg,1982,1986,4
50155.jpg,1982,1969,-13
50160.jpg,1983,1849,-134
50165.jpg,1983,1982,-1
50170.jpg,1983,2014,31
50175.jpg,1983,1960,-23
50180.jpg,1983,2008,25
50185.jpg,1983,1909,-74
50190.jpg,1983,1999,16
50195.jpg,1983,1982,-1
50200.jpg,1983,1989,6
50205.jpg,1983,1968,-15
50210.jpg,1983,1986,3
50215.jpg,1983,1983,0
50220.jpg,1983,1989,6
50225.jpg,1983,1985,2
50230.jpg,1983,1983,0
50235.jpg,1983,1983,0
50240.jpg,1983,1986,3
50245.jpg,1983,1986,3
50250.jpg,1983,1985,2
50255.jpg,1983,1989,6
50260.jpg,1983,1983,0
50265.jpg,1983,1827,-156
50270.jpg,1983,1993,10
50275.jpg,1983,1968,-15
50280.jpg,1983,2009,26
50285.jpg,1983,2006,23
50290.jpg,1983,1997,14
50295.jpg,1983,2020,37
50300.jpg,1983,1985,2
50305.jpg,1983,2017,34
50310.jpg,1983,2000,17
50315.jpg,1983,1695,-288
50320.jpg,1983,1982,-1
50325.jpg,1983,1945,-38
50330.jpg,1983,1982,-1
50335.jpg,1983,1972,-11
50340.jpg,1983,2007,24
50345.jpg,1983,1978,-5
50350.jpg,1983,1979,-4
50355.jpg,1983,1906,-77
50360.jpg,1983,1999,16
50365.jpg,1983,1989,6
50370.jpg,1983,1990,7
50375.jpg,1983,1961,-22
50380.jpg,1983,2013,30
50385.jpg,1983,1950,-33
50390.jpg,1984,1965,-19
50395.jpg,1984,1982,-2
50400.jpg,1984,1999,15
50405.jpg,1984,1950,-34
50410.jpg,1984,1994,10
50415.jpg,1984,1950,-34
50420.jpg,1984,1998,14
50425.jpg,1984,2012,28
50430.jpg,1984,1946,-38
50435.jpg,1984,1959,-25
50440.jpg,1984,1990,6
50445.jpg,1984,1987,3
50450.jpg,1984,2024,40
50455.jpg,1984,1988,4
50460.jpg,1984,1992,8
50465.jpg,1984,1989,5
50470.jpg,1984,1989,5
50475.jpg,1984,1973,-11
50480.jpg,1984,1954,-30
50485.jpg,1984,1970,-14
50490.jpg,1984,1902,-82
50495.jpg,1984,1065,-919
50500.jpg,1984,1949,-35
50505.jpg,1984,2000,16
50510.jpg,1984,1351,-633
50515.jpg,1984,2011,27
50520.jpg,1984,1960,-24
50525.jpg,1984,1980,-4
50530.jpg,1984,1940,-44
50535.jpg,1984,1988,4
50540.jpg,1984,1975,-9
50545.jpg,1984,2010,26
50550.jpg,1984,2008,24
50555.jpg,1984,1997,13
50560.jpg,1984,1956,-28
50565.jpg,1984,1980,-4
50570.jpg,1984,1964,-20
50575.jpg,1984,1936,-48
50580.jpg,1985,1821,-164
50585.jpg,1985,1968,-17
50590.jpg,1985,1965,-20
50595.jpg,1985,1990,5
50600.jpg,1985,1976,-9
50605.jpg,1985,1998,13
50610.jpg,1985,1993,8
50615.jpg,1985,2023,38
50620.jpg,1985,1989,4
50625.jpg,1985,1983,-2
50630.jpg,1985,1988,3
50635.jpg,1985,1983,-2
50640.jpg,1985,1988,3
50645.jpg,1985,1989,4
50650.jpg,1985,1983,-2
50655.jpg,1985,1992,7
50660.jpg,1985,1983,-2
50665.jpg,1985,1989,4
50670.jpg,1985,1979,-6
50675.jpg,1985,1980,-5
50680.jpg,1985,1970,-15
50685.jpg,1985,1981,-4
50690.jpg,1985,2009,24
50695.jpg,1985,2003,18
50700.jpg,1985,2000,15
50705.jpg,1985,1918,-67
50710.jpg,1985,1862,-123
50715.jpg,1985,1988,3
50720.jpg,1985,1732,-253
50725.jpg,1985,1021,-964
50730.jpg,1985,1989,4
50735.jpg,1985,2002,17
50740.jpg,1985,1981,-4
50745.jpg,1985,1984,-1
50750.jpg,1985,2007,22
50755.jpg,1985,1965,-20
50760.jpg,1985,1962,-23
50765.jpg,1985,1988,3
50770.jpg,1985,1996,11
50775.jpg,1985,1958,-27
50780.jpg,1986,2017,31
50785.jpg,1986,1965,-21
50790.jpg,1986,1840,-146
50795.jpg,1986,2003,17
50800.jpg,1986,1973,-13
50805.jpg,1986,1982,-4
50810.jpg,1986,1988,2
50815.jpg,1986,2024,38
50820.jpg,1986,1990,4
50825.jpg,1986,1992,6
50830.jpg,1986,1994,8
50835.jpg,1986,1989,3
50840.jpg,1986,1998,12
50845.jpg,1986,1996,10
50850.jpg,1986,1989,3
50855.jpg,1986,1983,-3
50860.jpg,1986,1986,0
50865.jpg,1986,1886,-100
50870.jpg,1986,1968,-18
50875.jpg,1986,1879,-107
50880.jpg,1986,1985,-1
50885.jpg,1986,1986,0
50890.jpg,1986,1969,-17
50895.jpg,1986,2009,23
50900.jpg,1986,1978,-8
50905.jpg,1986,1981,-5
50910.jpg,1986,1989,3
50915.jpg,1986,2005,19
50920.jpg,1986,1943,-43
50925.jpg,1986,1756,-230
50930.jpg,1986,2006,20
50935.jpg,1986,1978,-8
50940.jpg,1986,1917,-69
50945.jpg,1986,1998,12
50950.jpg,1986,1977,-9
50955.jpg,1986,1970,-16
50960.jpg,1986,1989,3
50965.jpg,1986,1973,-13
50970.jpg,1986,1994,8
50975.jpg,1986,1940,-46
50980.jpg,1986,1983,-3
50985.jpg,1986,1978,-8
50990.jpg,1987,1849,-138
50995.jpg,1987,1988,1
51000.jpg,1987,1973,-14
51005.jpg,1987,1958,-29
51010.jpg,1987,1950,-37
51015.jpg,1987,2023,36
51020.jpg,1987,1986,-1
51025.jpg,1987,1980,-7
51030.jpg,1987,1950,-37
51035.jpg,1987,2023,36
51040.jpg,1987,1973,-14
51045.jpg,1987,1987,0
51050.jpg,1987,2023,36
51055.jpg,1987,1987,0
51060.jpg,1987,1989,2
51065.jpg,1987,2020,33
51070.jpg,1987,1983,-4
51075.jpg,1987,1988,1
51080.jpg,1987,1987,0
51085.jpg,1987,1929,-58
51090.jpg,1987,1972,-15
51095.jpg,1987,1986,-1
51100.jpg,1987,1968,-19
51105.jpg,1987,1995,8
51110.jpg,1987,2008,21
51115.jpg,1987,1999,12
51120.jpg,1987,1877,-110
51125.jpg,1987,1626,-361
51130.jpg,1987,1553,-434
51135.jpg,1987,1988,1
51140.jpg,1987,1961,-26
51145.jpg,1987,1979,-8
51150.jpg,1987,1979,-8
51155.jpg,1987,1979,-8
51160.jpg,1987,1979,-8
51165.jpg,1987,1998,11
51170.jpg,1987,1927,-60
51175.jpg,1987,1965,-22
51180.jpg,1987,2023,36
51185.jpg,1987,1646,-341
51190.jpg,1988,1998,10
51195.jpg,1988,2019,31
51200.jpg,1988,1960,-28
51205.jpg,1988,1968,-20
51210.jpg,1988,2000,12
51215.jpg,1988,2008,20
51220.jpg,1988,1944,-44
51225.jpg,1988,1998,10
51230.jpg,1988,1973,-15
51235.jpg,1988,1968,-20
51240.jpg,1988,1979,-9
51245.jpg,1988,1950,-38
51250.jpg,1988,1978,-10
51255.jpg,1988,1984,-4
51260.jpg,1988,1990,2
51265.jpg,1988,1988,0
51270.jpg,1988,1994,6
51275.jpg,1988,1985,-3
51280.jpg,1988,1992,4
51285.jpg,1988,1989,1
51290.jpg,1988,1983,-5
51295.jpg,1988,1989,1
51300.jpg,1988,2005,17
51305.jpg,1988,1968,-20
51310.jpg,1988,1978,-10
51315.jpg,1988,1980,-8
51320.jpg,1988,1992,4
51325.jpg,1988,1969,-19
51330.jpg,1988,1557,-431
51335.jpg,1988,1866,-122
51340.jpg,1988,1982,-6
51345.jpg,1988,1901,-87
51350.jpg,1988,1891,-97
51355.jpg,1988,1961,-27
51360.jpg,1988,1997,9
51365.jpg,1988,1988,0
51370.jpg,1988,1970,-18
51375.jpg,1988,2015,27
51380.jpg,1988,2023,35
51385.jpg,1988,1951,-37
51390.jpg,1988,1979,-9
51395.jpg,1988,1975,-13
51400.jpg,1988,1973,-15
51405.jpg,1988,1982,-6
51410.jpg,1989,2005,16
51415.jpg,1989,1996,7
51420.jpg,1989,1962,-27
51425.jpg,1989,2009,20
51430.jpg,1989,2023,34
51435.jpg,1989,1946,-43
51440.jpg,1989,1970,-19
51445.jpg,1989,1923,-66
51450.jpg,1989,2009,20
51455.jpg,1989,1982,-7
51460.jpg,1989,1985,-4
51465.jpg,1989,1999,10
51470.jpg,1989,1983,-6
51475.jpg,1989,1992,3
51480.jpg,1989,1989,0
51485.jpg,1989,1992,3
51490.jpg,1989,1989,0
51495.jpg,1989,2020,31
51500.jpg,1989,1999,10
51505.jpg,1989,1982,-7
51510.jpg,1989,1989,0
51515.jpg,1989,1986,-3
51520.jpg,1989,1959,-30
51525.jpg,1989,1454,-535
51530.jpg,1989,1994,5
51535.jpg,1989,2004,15
51540.jpg,1989,1961,-28
51545.jpg,1989,1933,-56
51550.jpg,1989,1928,-61
51555.jpg,1989,1996,7
51560.jpg,1989,1997,8
51565.jpg,1989,1973,-16
51570.jpg,1989,1979,-10
51575.jpg,1989,1989,0
51580.jpg,1989,1496,-493
51585.jpg,1989,1993,4
51590.jpg,1989,1982,-7
51595.jpg,1989,1988,-1
51600.jpg,1989,1984,-5
51605.jpg,1990,1883,-107
51610.jpg,1990,1971,-19
51615.jpg,1990,1994,4
51620.jpg,1990,1999,9
51625.jpg,1990,1921,-69
51630.jpg,1990,1999,9
51635.jpg,1990,1950,-40
51640.jpg,1990,1980,-10
51645.jpg,1990,1979,-11
51650.jpg,1990,1955,-35
51655.jpg,1990,1994,4
51660.jpg,1990,1993,3
51665.jpg,1990,1961,-29
51670.jpg,1990,1989,-1
51675.jpg,1990,1993,3
51680.jpg,1990,1988,-2
51685.jpg,1990,1987,-3
51690.jpg,1990,1986,-4
51695.jpg,1990,2023,33
51700.jpg,1990,1989,-1
51705.jpg,1990,2007,17
51710.jpg,1990,1987,-3
51715.jpg,1990,1968,-22
51720.jpg,1990,1994,4
51725.jpg,1990,1999,9
51730.jpg,1990,2002,12
51735.jpg,1990,1997,7
51740.jpg,1990,1962,-28
51745.jpg,1990,1999,9
51750.jpg,1990,1981,-9
51755.jpg,1990,1999,9
51760.jpg,1990,1916,-74
51765.jpg,1990,1887,-103
51770.jpg,1990,1996,6
51775.jpg,1990,2024,34
51780.jpg,1990,1979,-11
51785.jpg,1990,1912,-78
51790.jpg,1990,1979,-11
51795.jpg,1990,1980,-10
51800.jpg,1990,1979,-11
51805.jpg,1990,1990,0
51810.jpg,1990,1999,9
51815.jpg,1990,2020,30
51820.jpg,1990,1973,-17
51825.jpg,1990,1624,-366
51830.jpg,1990,1968,-22
51835.jpg,1990,1991,1
51840.jpg,1991,1827,-164
51845.jpg,1991,1997,6
51850.jpg,1991,2012,21
51855.jpg,1991,2009,18
51860.jpg,1991,2015,24
51865.jpg,1991,1950,-41
51870.jpg,1991,1982,-9
51875.jpg,1991,1998,7
51880.jpg,1991,1957,-34
51885.jpg,1991,1993,2
51890.jpg,1991,1965,-26
51895.jpg,1991,1955,-36
51900.jpg,1991,1987,-4
51905.jpg,1991,1990,-1
51910.jpg,1991,1989,-2
51915.jpg,1991,1996,5
51920.jpg,1991,1989,-2
51925.jpg,1991,1993,2
51930.jpg,1991,1989,-2
51935.jpg,1991,1989,-2
51940.jpg,1991,1983,-8
51945.jpg,1991,1989,-2
51950.jpg,1991,1973,-18
51955.jpg,1991,2000,9
51960.jpg,1991,1996,5
51965.jpg,1991,1968,-23
51970.jpg,1991,2023,32
51975.jpg,1991,1974,-17
51980.jpg,1991,1871,-120
51985.jpg,1991,1927,-64
51990.jpg,1991,2015,24
51995.jpg,1991,1979,-12
52000.jpg,1991,1929,-62
52005.jpg,1991,2000,9
52010.jpg,1991,1021,-970
52015.jpg,1991,1968,-23
52020.jpg,1991,1970,-21
52025.jpg,1991,1973,-18
52030.jpg,1991,1978,-13
52035.jpg,1991,1996,5
52040.jpg,1991,1978,-13
52045.jpg,1991,2004,13
52050.jpg,1991,1961,-30
52055.jpg,1991,2016,25
52060.jpg,1991,1063,-928
52065.jpg,1992,2008,16
52070.jpg,1992,2023,31
52075.jpg,1992,1971,-21
52080.jpg,1992,1973,-19
52085.jpg,1992,1981,-11
52090.jpg,1992,2007,15
52095.jpg,1992,1989,-3
52100.jpg,1992,1975,-17
52105.jpg,1992,1998,6
52110.jpg,1992,2023,31
52115.jpg,1992,1970,-22
52120.jpg,1992,1989,-3
52125.jpg,1992,1986,-6
52130.jpg,1992,1988,-4
52135.jpg,1992,1989,-3
52140.jpg,1992,1991,-1
52145.jpg,1992,1983,-9
52150.jpg,1992,1989,-3
52155.jpg,1992,2014,22
52160.jpg,1992,1985,-7
52165.jpg,1992,1989,-3
52170.jpg,1992,1989,-3
52175.jpg,1992,1997,5
52180.jpg,1992,1959,-33
52185.jpg,1992,1996,4
52190.jpg,1992,2023,31
52195.jpg,1992,2000,8
52200.jpg,1992,2009,17
52205.jpg,1992,1985,-7
52210.jpg,1992,1961,-31
52215.jpg,1992,1992,0
52220.jpg,1992,1983,-9
52225.jpg,1992,1902,-90
52230.jpg,1992,1578,-414
52235.jpg,1992,1885,-107
52240.jpg,1992,2010,18
52245.jpg,1992,1970,-22
52250.jpg,1992,1970,-22
52255.jpg,1992,1979,-13
52260.jpg,1992,1965,-27
52265.jpg,1992,1935,-57
52270.jpg,1993,2024,31
52275.jpg,1993,1996,3
52280.jpg,1993,1969,-24
52285.jpg,1993,1990,-3
52290.jpg,1993,1979,-14
52295.jpg,1993,2009,16
52300.jpg,1993,1998,5
52305.jpg,1993,1981,-12
52310.jpg,1993,1972,-21
52315.jpg,1993,1999,6
52320.jpg,1993,2006,13
52325.jpg,1993,1972,-21
52330.jpg,1993,1950,-43
52335.jpg,1993,1995,2
52340.jpg,1993,1977,-16
52345.jpg,1993,1985,-8
52350.jpg,1993,1992,-1
52355.jpg,1993,1988,-5
52360.jpg,1993,1986,-7
52365.jpg,1993,2002,9
52370.jpg,1993,1964,-29
52375.jpg,1993,1986,-7
52380.jpg,1993,2000,7
52385.jpg,1993,1999,6
52390.jpg,1993,1959,-34
52395.jpg,1993,2002,9
52400.jpg,1993,1864,-129
52405.jpg,1993,1957,-36
52410.jpg,1993,2014,21
52415.jpg,1993,2005,12
52420.jpg,1993,1980,-13
52425.jpg,1993,1899,-94
52430.jpg,1993,2024,31
52435.jpg,1993,1980,-13
52440.jpg,1993,1999,6
52445.jpg,1993,1994,1
52450.jpg,1993,1943,-50
52455.jpg,1993,2008,15
52460.jpg,1993,1999,6
52465.jpg,1993,2007,14
52470.jpg,1994,1965,-29
52475.jpg,1994,2015,21
52480.jpg,1994,1955,-39
52485.jpg,1994,1999,5
52490.jpg,1994,1963,-31
52495.jpg,1994,2023,29
52500.jpg,1994,2016,22
52505.jpg,1994,2010,16
52510.jpg,1994,1958,-36
52515.jpg,1994,1970,-24
52520.jpg,1994,1989,-5
52525.jpg,1994,1994,0
52530.jpg,1994,1987,-7
52535.jpg,1994,1992,-2
52540.jpg,1994,1992,-2
52545.jpg,1994,2002,8
52550.jpg,1994,1961,-33
52555.jpg,1994,1968,-26
52560.jpg,1994,1933,-61
52565.jpg,1994,1933,-61
52570.jpg,1994,1961,-33
52575.jpg,1994,1974,-20
52580.jpg,1994,1559,-435
52585.jpg,1994,2009,15
52590.jpg,1994,2000,6
52595.jpg,1994,1911,-83
52600.jpg,1994,1947,-47
52605.jpg,1994,1511,-483
52610.jpg,1994,1980,-14
52615.jpg,1994,1884,-110
52620.jpg,1994,2015,21
52625.jpg,1994,1977,-17
52630.jpg,1994,1973,-21
52635.jpg,1994,1997,3
52640.jpg,1994,1977,-17
52645.jpg,1994,2000,6
52650.jpg,1995,1998,3
52655.jpg,1995,2007,12
52660.jpg,1995,2022,27
52665.jpg,1995,1994,-1
52670.jpg,1995,1968,-27
52675.jpg,1995,1965,-30
52680.jpg,1995,1997,2
52685.jpg,1995,2002,7
52690.jpg,1995,1970,-25
52695.jpg,1995,2023,28
52700.jpg,1995,1973,-22
52705.jpg,1995,1965,-30
52710.jpg,1995,1996,1
52715.jpg,1995,1989,-6
52720.jpg,1995,1986,-9
52725.jpg,1995,1979,-16
52730.jpg,1995,1972,-23
52735.jpg,1995,1968,-27
52740.jpg,1995,1988,-7
52745.jpg,1995,1999,4
52750.jpg,1995,2004,9
52755.jpg,1995,2008,13
52760.jpg,1995,1981,-14
52765.jpg,1995,1981,-14
52770.jpg,1995,2009,14
52775.jpg,1995,2010,15
52780.jpg,1995,1905,-90
52785.jpg,1995,2006,11
52790.jpg,1995,1610,-385
52795.jpg,1995,1982,-13
52800.jpg,1995,1881,-114
52805.jpg,1995,2006,11
52810.jpg,1995,2015,20
52815.jpg,1995,1996,1
52820.jpg,1995,1983,-12
52825.jpg,1995,2005,10
52830.jpg,1995,1999,4
52835.jpg,1995,2001,6
52840.jpg,1995,1148,-847
52845.jpg,1996,1964,-32
52850.jpg,1996,1996,0
52855.jpg,1996,2004,8
52860.jpg,1996,1996,0
52865.jpg,1996,2004,8
52870.jpg,1996,2004,8
52875.jpg,1996,1965,-31
52880.jpg,1996,1907,-89
52885.jpg,1996,1996,0
52890.jpg,1996,1995,-1
52895.jpg,1996,1962,-34
52900.jpg,1996,1997,1
52905.jpg,1996,2004,8
52910.jpg,1996,2008,12
52915.jpg,1996,2023,27
52920.jpg,1996,1979,-17
52925.jpg,1996,1979,-17
52930.jpg,1996,1864,-132
52935.jpg,1996,1960,-36
52940.jpg,1996,1963,-33
52945.jpg,1996,1956,-40
52950.jpg,1996,1974,-22
52955.jpg,1996,1998,2
52960.jpg,1996,1985,-11
52965.jpg,1996,1980,-16
52970.jpg,1996,1950,-46
52975.jpg,1996,1994,-2
52980.jpg,1996,1972,-24
52985.jpg,1997,1849,-148
52990.jpg,1997,1994,-3
52995.jpg,1997,1968,-29
53000.jpg,1997,1999,2
53005.jpg,1997,1944,-53
53010.jpg,1997,1999,2
53015.jpg,1997,2016,19
53020.jpg,1997,2003,6
53025.jpg,1997,2004,7
53030.jpg,1997,2023,26
53035.jpg,1997,1970,-27
53040.jpg,1997,2010,13
53045.jpg,1997,1999,2
53050.jpg,1997,2012,15
53055.jpg,1997,1992,-5
53060.jpg,1997,2003,6
53065.jpg,1997,1989,-8
53070.jpg,1997,1997,0
53075.jpg,1997,1996,-1
53080.jpg,1997,1996,-1
53085.jpg,1997,1949,-48
53090.jpg,1997,2005,8
53095.jpg,1997,2008,11
53100.jpg,1997,1981,-16
53105.jpg,1997,2009,12
53110.jpg,1997,2003,6
53115.jpg,1997,2002,5
53120.jpg,1997,2023,26
53125.jpg,1997,2000,3
53130.jpg,1997,1959,-38
53135.jpg,1997,1988,-9
53140.jpg,1997,2000,3
53145.jpg,1997,1954,-43
53150.jpg,1997,2011,14
53155.jpg,1997,1752,-245
53160.jpg,1997,2000,3
53165.jpg,1997,2008,11
53170.jpg,1997,2015,18
53175.jpg,1997,1970,-27
53180.jpg,1997,2003,6
53185.jpg,1997,1979,-18
53190.jpg,1997,1989,-8
53195.jpg,1997,1612,-385
53200.jpg,1997,2007,10
53205.jpg,1997,1940,-57
53210.jpg,1997,2004,7
53215.jpg,1997,1919,-78
53220.jpg,1997,2004,7
53225.jpg,1997,2012,15
53230.jpg,1997,1989,-8
53235.jpg,1998,1873,-125
53240.jpg,1998,1993,-5
53245.jpg,1998,1948,-50
53250.jpg,1998,1997,-1
53255.jpg,1998,1999,1
53260.jpg,1998,1950,-48
53265.jpg,1998,1955,-43
53270.jpg,1998,1999,1
53275.jpg,1998,2018,20
53280.jpg,1998,1986,-12
53285.jpg,1998,1976,-22
53290.jpg,1998,2003,5
53295.jpg,1998,1999,1
53300.jpg,1998,1950,-48
53305.jpg,1998,1970,-28
53310.jpg,1998,1996,-2
53315.jpg,1998,1992,-6
53320.jpg,1998,1996,-2
53325.jpg,1998,2003,5
53330.jpg,1998,1992,-6
53335.jpg,1998,1996,-2
53340.jpg,1998,2021,23
53345.jpg,1998,1959,-39
53350.jpg,1998,1995,-3
53355.jpg,1998,1988,-10
53360.jpg,1998,1968,-30
53365.jpg,1998,2004,6
53370.jpg,1998,1979,-19
53375.jpg,1998,2002,4
53380.jpg,1998,2000,2
53385.jpg,1998,1684,-314
53390.jpg,1998,1710,-288
53395.jpg,1998,2011,13
53400.jpg,1998,1801,-197
53405.jpg,1998,1996,-2
53410.jpg,1998,1997,-1
53415.jpg,1998,1989,-9
53420.jpg,1998,1997,-1
53425.jpg,1998,1996,-2
53430.jpg,1998,1857,-141
53435.jpg,1998,1959,-39
53440.jpg,1998,1998,0
53445.jpg,1998,2012,14
53450.jpg,1998,1981,-17
53455.jpg,1999,1996,-3
53460.jpg,1999,2008,9
53465.jpg,1999,2017,18
53470.jpg,1999,1950,-49
53475.jpg,1999,2008,9
53480.jpg,1999,1988,-11
53485.jpg,1999,2002,3
53490.jpg,1999,2002,3
53495.jpg,1999,2012,13
53500.jpg,1999,2009,10
53505.jpg,1999,1950,-49
53510.jpg,1999,1999,0
53515.jpg,1999,1979,-20
53520.jpg,1999,2012,13
53525.jpg,1999,2023,24
53530.jpg,1999,2018,19
53535.jpg,1999,1961,-38
53540.jpg,1999,1989,-10
53545.jpg,1999,1992,-7
53550.jpg,1999,2020,21
53555.jpg,1999,1992,-7
53560.jpg,1999,1988,-11
53565.jpg,1999,1989,-10
53570.jpg,1999,1991,-8
53575.jpg,1999,1979,-20
53580.jpg,1999,1994,-5
53585.jpg,1999,1864,-135
53590.jpg,1999,1961,-38
53595.jpg,1999,1980,-19
53600.jpg,1999,1996,-3
53605.jpg,1999,2007,8
53610.jpg,1999,1997,-2
53615.jpg,1999,1898,-101
53620.jpg,1999,1978,-21
53625.jpg,1999,2000,1
53630.jpg,1999,2000,1
53635.jpg,1999,2000,1
53640.jpg,1999,2018,19
53645.jpg,1999,2024,25
53650.jpg,1999,1993,-6
53655.jpg,1999,1999,0
53660.jpg,1999,2008,9
53665.jpg,1999,1989,-10
53670.jpg,1999,1967,-32
53675.jpg,1999,1996,-3
53680.jpg,1999,1997,-2
53685.jpg,1999,1603,-396
53690.jpg,2000,1955,-45
53695.jpg,2000,2009,9
53700.jpg,2000,1999,-1
53705.jpg,2000,2002,2
53710.jpg,2000,2023,23
53715.jpg,2000,1999,-1
53720.jpg,2000,1999,-1
53725.jpg,2000,1998,-2
53730.jpg,2000,1921,-79
53735.jpg,2000,2003,3
53740.jpg,2000,1999,-1
53745.jpg,2000,1949,-51
53750.jpg,2000,1952,-48
53755.jpg,2000,1999,-1
53760.jpg,2000,1992,-8
53765.jpg,2000,2009,9
53770.jpg,2000,2009,9
53775.jpg,2000,1916,-84
53780.jpg,2000,2006,6
53785.jpg,2000,2009,9
53790.jpg,2000,2000,0
53795.jpg,2000,2000,0
53800.jpg,2000,2000,0
53805.jpg,2000,2000,0
53810.jpg,2000,2000,0
53815.jpg,2000,2000,0
53820.jpg,2000,2000,0
53825.jpg,2000,2000,0
53830.jpg,2000,1954,-46
53835.jpg,2000,2008,8
53840.jpg,2000,2005,5
53845.jpg,2000,2006,6
53850.jpg,2000,1871,-129
53855.jpg,2000,2020,20
53860.jpg,2000,1988,-12
53865.jpg,2000,1999,-1
53870.jpg,2000,1989,-11
53875.jpg,2000,2002,2
53880.jpg,2000,2008,8
53885.jpg,2000,1996,-4
53890.jpg,2000,2008,8
53895.jpg,2000,2006,6
53900.jpg,2000,1021,-979
53905.jpg,2001,1996,-5
53910.jpg,2001,2009,8
53915.jpg,2001,1994,-7
53920.jpg,2001,2008,7
53925.jpg,2001,2008,7
53930.jpg,2001,2015,14
53935.jpg,2001,1961,-40
53940.jpg,2001,1999,-2
53945.jpg,2001,1999,-2
53950.jpg,2001,1973,-28
53955.jpg,2001,1993,-8
53960.jpg,2001,2008,7
53965.jpg,2001,1950,-51
53970.jpg,2001,2023,22
53975.jpg,2001,2023,22
53980.jpg,2001,1972,-29
53985.jpg,2001,1968,-33
53990.jpg,2001,1982,-19
53995.jpg,2001,1488,-513
54000.jpg,2001,2012,11
54005.jpg,2001,1989,-12
54010.jpg,2001,1999,-2
54015.jpg,2001,1989,-12
54020.jpg,2001,1988,-13
54025.jpg,2001,2002,1
54030.jpg,2001,2008,7
54035.jpg,2001,2003,2
54040.jpg,2001,2009,8
54045.jpg,2001,2008,7
54050.jpg,2001,2000,-1
54055.jpg,2001,2023,22
54060.jpg,2001,2000,-1
54065.jpg,2001,1937,-64
54070.jpg,2001,2012,11
54075.jpg,2001,1960,-41
54080.jpg,2001,2000,-1
54085.jpg,2001,2014,13
54090.jpg,2001,1997,-4
54095.jpg,2001,2008,7
54100.jpg,2001,2008,7
54105.jpg,2001,1979,-22
54110.jpg,2001,2008,7
54115.jpg,2001,2016,15
54120.jpg,2001,1990,-11
54125.jpg,2001,2020,19
54130.jpg,2001,2023,22
54135.jpg,2001,1986,-15
54140.jpg,2001,1992,-9
54145.jpg,2001,1961,-40
54150.jpg,2001,2023,22
54155.jpg,2001,1949,-52
54160.jpg,2001,1996,-5
54165.jpg,2001,1980,-21
54170.jpg,2001,2006,5
54175.jpg,2002,2005,3
54180.jpg,2002,1951,-51
54185.jpg,2002,2013,11
54190.jpg,2002,1999,-3
54195.jpg,2002,1931,-71
54200.jpg,2002,1950,-52
54205.jpg,2002,1998,-4
54210.jpg,2002,2023,21
54215.jpg,2002,1999,-3
54220.jpg,2002,1998,-4
54225.jpg,2002,1998,-4
54230.jpg,2002,2009,7
54235.jpg,2002,2023,21
54240.jpg,2002,1967,-35
54245.jpg,2002,2002,0
54250.jpg,2002,2002,0
54255.jpg,2002,1624,-378
54260.jpg,2002,2006,4
54265.jpg,2002,2008,6
54270.jpg,2002,1996,-6
54275.jpg,2002,1957,-45
54280.jpg,2002,2011,9
54285.jpg,2002,2009,7
54290.jpg,2002,1966,-36
54295.jpg,2002,2006,4
54300.jpg,2002,1928,-74
54305.jpg,2002,1959,-43
54310.jpg,2002,1986,-16
54315.jpg,2002,1967,-35
54320.jpg,2002,1854,-148
54325.jpg,2002,2000,-2
54330.jpg,2002,1560,-442
54335.jpg,2002,1960,-42
54340.jpg,2002,2021,19
54345.jpg,2002,1996,-6
54350.jpg,2002,2016,14
54355.jpg,2002,1999,-3
54360.jpg,2002,1928,-74
54365.jpg,2002,1983,-19
54370.jpg,2002,1961,-41
54375.jpg,2002,2024,22
54380.jpg,2002,1827,-175
54385.jpg,2002,2006,4
54390.jpg,2002,2019,17
54395.jpg,2002,1996,-6
54400.jpg,2002,1985,-17
54405.jpg,2003,2010,7
54410.jpg,2003,2012,9
54415.jpg,2003,2023,20
54420.jpg,2003,1950,-53
54425.jpg,2003,2006,3
54430.jpg,2003,2023,20
54435.jpg,2003,2010,7
54440.jpg,2003,2023,20
54445.jpg,2003,2012,9
54450.jpg,2003,1999,-4
54455.jpg,2003,2021,18
54460.jpg,2003,1998,-5
54465.jpg,2003,2012,9
54470.jpg,2003,2004,1
54475.jpg,2003,2022,19
54480.jpg,2003,2012,9
54485.jpg,2003,1940,-63
54490.jpg,2003,2006,3
54495.jpg,2003,1958,-45
54500.jpg,2003,2009,6
54505.jpg,2003,2009,6
54510.jpg,2003,2019,16
54515.jpg,2003,2012,9
54520.jpg,2003,1879,-124
54525.jpg,2003,2016,13
54530.jpg,2003,2004,1
54535.jpg,2003,2000,-3
54540.jpg,2003,1996,-7
54545.jpg,2003,1898,-105
54550.jpg,2003,2005,2
54555.jpg,2003,1617,-386
54560.jpg,2003,2005,2
54565.jpg,2003,1980,-23
54570.jpg,2003,1997,-6
54575.jpg,2003,2010,7
54580.jpg,2003,2024,21
54585.jpg,2003,2017,14
54590.jpg,2003,1996,-7
54595.jpg,2003,1992,-11
54600.jpg,2003,1980,-23
54605.jpg,2004,2004,0
54610.jpg,2004,1968,-36
54615.jpg,2004,1957,-47
54620.jpg,2004,2002,-2
54625.jpg,2004,2010,6
54630.jpg,2004,2002,-2
54635.jpg,2004,2009,5
54640.jpg,2004,2021,17
54645.jpg,2004,1970,-34
54650.jpg,2004,2012,8
54655.jpg,2004,1950,-54
54660.jpg,2004,2024,20
54665.jpg,2004,1998,-6
54670.jpg,2004,2005,1
54675.jpg,2004,2012,8
54680.jpg,2004,1940,-64
54685.jpg,2004,1973,-31
54690.jpg,2004,1940,-64
54695.jpg,2004,1992,-12
54700.jpg,2004,1943,-61
54705.jpg,2004,1999,-5
54710.jpg,2004,1970,-34
54715.jpg,2004,2006,2
54720.jpg,2004,1997,-7
54725.jpg,2004,2020,16
54730.jpg,2004,1998,-6
54735.jpg,2004,2023,19
54740.jpg,2004,1997,-7
54745.jpg,2004,1999,-5
54750.jpg,2004,1911,-93
54755.jpg,2004,1021,-983
54760.jpg,2004,1961,-43
54765.jpg,2004,1021,-983
54770.jpg,2004,1982,-22
54775.jpg,2004,2014,10
54780.jpg,2004,2016,12
54785.jpg,2004,1981,-23
54790.jpg,2004,1979,-25
54795.jpg,2004,1988,-16
54800.jpg,2004,2009,5
54805.jpg,2004,2016,12
54810.jpg,2004,1988,-16
54815.jpg,2004,1979,-25
54820.jpg,2004,2008,4
54825.jpg,2004,2010,6
54830.jpg,2004,1980,-24
54835.jpg,2004,2016,12
54840.jpg,2004,2020,16
54845.jpg,2005,1821,-184
54850.jpg,2005,1964,-41
54855.jpg,2005,2010,5
54860.jpg,2005,2012,7
54865.jpg,2005,1999,-6
54870.jpg,2005,2012,7
54875.jpg,2005,1965,-40
54880.jpg,2005,1999,-6
54885.jpg,2005,2008,3
54890.jpg,2005,1955,-50
54895.jpg,2005,2010,5
54900.jpg,2005,2019,14
54905.jpg,2005,1999,-6
54910.jpg,2005,1950,-55
54915.jpg,2005,2005,0
54920.jpg,2005,2009,4
54925.jpg,2005,2011,6
54930.jpg,2005,2012,7
54935.jpg,2005,1938,-67
54940.jpg,2005,1970,-35
54945.jpg,2005,1962,-43
54950.jpg,2005,1961,-44
54955.jpg,2005,2009,4
54960.jpg,2005,2009,4
54965.jpg,2005,1999,-6
54970.jpg,2005,2009,4
54975.jpg,2005,2008,3
54980.jpg,2005,2009,4
54985.jpg,2005,2008,3
54990.jpg,2005,2000,-5
54995.jpg,2005,1913,-92
55000.jpg,2005,1980,-25
55005.jpg,2005,2010,5
55010.jpg,2005,1951,-54
55015.jpg,2005,2016,11
55020.jpg,2005,1992,-13
55025.jpg,2005,2022,17
55030.jpg,2005,2016,11
55035.jpg,2005,2008,3
55040.jpg,2005,2024,19
55045.jpg,2005,1979,-26
55050.jpg,2005,2017,12
55055.jpg,2005,1979,-26
55060.jpg,2005,2017,12
55065.jpg,2005,2005,0
55070.jpg,2005,2006,1
55075.jpg,2005,2007,2
55080.jpg,2005,2010,5
55085.jpg,2005,1993,-12
55090.jpg,2005,2013,8
55095.jpg,2005,2023,18
55100.jpg,2005,2010,5
55105.jpg,2005,1951,-54
55110.jpg,2005,2005,0
55115.jpg,2005,2010,5
55120.jpg,2005,1988,-17
55125.jpg,2005,1952,-53
55130.jpg,2005,1996,-9
55135.jpg,2006,2006,0
55140.jpg,2006,1999,-7
55145.jpg,2006,1945,-61
55150.jpg,2006,2009,3
55155.jpg,2006,2008,2
55160.jpg,2006,1950,-56
55165.jpg,2006,2009,3
55170.jpg,2006,2008,2
55175.jpg,2006,2009,3
55180.jpg,2006,1968,-38
55185.jpg,2006,2007,1
55190.jpg,2006,2009,3
55195.jpg,2006,2009,3
55200.jpg,2006,2003,-3
55205.jpg,2006,1950,-56
55210.jpg,2006,1998,-8
55215.jpg,2006,1956,-50
55220.jpg,2006,2010,4
55225.jpg,2006,1569,-437
55230.jpg,2006,1990,-16
55235.jpg,2006,2009,3
55240.jpg,2006,2009,3
55245.jpg,2006,2012,6
55250.jpg,2006,2008,2
55255.jpg,2006,1973,-33
55260.jpg,2006,1874,-132
55265.jpg,2006,1883,-123
55270.jpg,2006,1945,-61
55275.jpg,2006,1947,-59
55280.jpg,2006,2006,0
55285.jpg,2006,2024,18
55290.jpg,2006,1982,-24
55295.jpg,2006,1963,-43
55300.jpg,2006,2003,-3
55305.jpg,2006,1983,-23
55310.jpg,2006,2005,-1
55315.jpg,2006,1979,-27
55320.jpg,2006,2013,7
55325.jpg,2006,1978,-28
55330.jpg,2006,2005,-1
55335.jpg,2007,1821,-186
55340.jpg,2007,1994,-13
55345.jpg,2007,2020,13
55350.jpg,2007,2012,5
55355.jpg,2007,1998,-9
55360.jpg,2007,2003,-4
55365.jpg,2007,1955,-52
55370.jpg,2007,1998,-9
55375.jpg,2007,2009,2
55380.jpg,2007,1973,-34
55385.jpg,2007,2013,6
55390.jpg,2007,2014,7
55395.jpg,2007,2019,12
55400.jpg,2007,2023,16
55405.jpg,2007,2010,3
55410.jpg,2007,2014,7
55415.jpg,2007,1998,-9
55420.jpg,2007,2000,-7
55425.jpg,2007,2021,14
55430.jpg,2007,2004,-3
55435.jpg,2007,1961,-46
55440.jpg,2007,2024,17
55445.jpg,2007,2024,17
55450.jpg,2007,1958,-49
55455.jpg,2007,1999,-8
55460.jpg,2007,1344,-663
55465.jpg,2007,2006,-1
55470.jpg,2007,1943,-64
55475.jpg,2007,1933,-74
55480.jpg,2007,2005,-2
55485.jpg,2007,2013,6
55490.jpg,2007,1932,-75
55495.jpg,2007,1964,-43
55500.jpg,2007,1979,-28
55505.jpg,2007,2010,3
55510.jpg,2007,2008,1
55515.jpg,2007,2021,14
55520.jpg,2007,1989,-18
55525.jpg,2007,1769,-238
55530.jpg,2007,2015,8
55535.jpg,2007,1988,-19
55540.jpg,2007,1997,-10
55545.jpg,2007,2015,8
55550.jpg,2007,1986,-21
55555.jpg,2007,1991,-16
55560.jpg,2007,2023,16
55565.jpg,2007,2010,3
55570.jpg,2007,2013,6
55575.jpg,2007,2023,16
55580.jpg,2007,2009,2
55585.jpg,2007,2023,16
55590.jpg,2007,2011,4
55595.jpg,2007,2009,2
55600.jpg,2007,2008,1
55605.jpg,2007,1980,-27
55610.jpg,2008,1849,-159
55615.jpg,2008,1841,-167
55620.jpg,2008,2023,15
55625.jpg,2008,2019,11
55630.jpg,2008,2009,1
55635.jpg,2008,1998,-10
55640.jpg,2008,1950,-58
55645.jpg,2008,2020,12
55650.jpg,2008,1999,-9
55655.jpg,2008,1988,-20
55660.jpg,2008,2003,-5
55665.jpg,2008,2009,1
55670.jpg,2008,2012,4
55675.jpg,2008,1998,-10
55680.jpg,2008,1965,-43
55685.jpg,2008,1973,-35
55690.jpg,2008,2016,8
55695.jpg,2008,2018,10
55700.jpg,2008,1971,-37
55705.jpg,2008,2016,8
55710.jpg,2008,1896,-112
55715.jpg,2008,1979,-29
55720.jpg,2008,2009,1
55725.jpg,2008,2009,1
55730.jpg,2008,2002,-6
55735.jpg,2008,1580,-428
55740.jpg,2008,2006,-2
55745.jpg,2008,2019,11
55750.jpg,2008,1983,-25
55755.jpg,2008,2024,16
55760.jpg,2008,2001,-7
55765.jpg,2008,1996,-12
55770.jpg,2008,1861,-147
55775.jpg,2008,1989,-19
55780.jpg,2008,2021,13
55785.jpg,2008,1997,-11
55790.jpg,2008,1979,-29
55795.jpg,2008,2019,11
55800.jpg,2008,2016,8
55805.jpg,2008,2008,0
55810.jpg,2008,2008,0
55815.jpg,2008,2015,7
55820.jpg,2008,2012,4
55825.jpg,2008,2001,-7
55830.jpg,2008,2000,-8
55835.jpg,2009,1965,-44
55840.jpg,2009,1711,-298
55845.jpg,2009,2010,1
55850.jpg,2009,2016,7
55855.jpg,2009,1944,-65
55860.jpg,2009,1965,-44
55865.jpg,2009,1965,-44
55870.jpg,2009,2012,3
55875.jpg,2009,2016,7
55880.jpg,2009,2023,14
55885.jpg,2009,1979,-30
55890.jpg,2009,2023,14
55895.jpg,2009,1998,-11
55900.jpg,2009,1979,-30
55905.jpg,2009,2023,14
55910.jpg,2009,2023,14
55915.jpg,2009,2021,12
55920.jpg,2009,2016,7
55925.jpg,2009,2022,13
55930.jpg,2009,2010,1
55935.jpg,2009,2010,1
55940.jpg,2009,2016,7
55945.jpg,2009,1871,-138
55950.jpg,2009,2009,0
55955.jpg,2009,2010,1
55960.jpg,2009,2014,5
55965.jpg,2009,2023,14
55970.jpg,2009,2009,0
55975.jpg,2009,2009,0
55980.jpg,2009,2004,-5
55985.jpg,2009,2016,7
55990.jpg,2009,2004,-5
55995.jpg,2009,2007,-2
56000.jpg,2009,1996,-13
56005.jpg,2009,1910,-99
56010.jpg,2009,1783,-226
56015.jpg,2009,2013,4
56020.jpg,2009,1979,-30
56025.jpg,2009,2007,-2
56030.jpg,2009,2012,3
56035.jpg,2009,2008,-1
56040.jpg,2009,1961,-48
56045.jpg,2009,2016,7
56050.jpg,2009,1935,-74
56055.jpg,2009,2000,-9
56060.jpg,2009,1962,-47
56065.jpg,2009,2008,-1
56070.jpg,2009,1996,-13
56075.jpg,2009,2000,-9
56080.jpg,2010,1996,-14
56085.jpg,2010,2016,6
56090.jpg,2010,2016,6
56095.jpg,2010,2002,-8
56100.jpg,2010,2013,3
56105.jpg,2010,2010,0
56110.jpg,2010,2009,-1
56115.jpg,2010,2012,2
56120.jpg,2010,1937,-73
56125.jpg,2010,2022,12
56130.jpg,2010,2010,0
56135.jpg,2010,2012,2
56140.jpg,2010,2009,-1
56145.jpg,2010,2018,8
56150.jpg,2010,2012,2
56155.jpg,2010,1950,-60
56160.jpg,2010,2009,-1
56165.jpg,2010,2005,-5
56170.jpg,2010,1936,-74
56175.jpg,2010,2010,0
56180.jpg,2010,2005,-5
56185.jpg,2010,2005,-5
56190.jpg,2010,2006,-4
56195.jpg,2010,2002,-8
56200.jpg,2010,2023,13
56205.jpg,2010,2020,10
56210.jpg,2010,2009,-1
56215.jpg,2010,2009,-1
56220.jpg,2010,1999,-11
56225.jpg,2010,2000,-10
56230.jpg,2010,1946,-64
56235.jpg,2010,1933,-77
56240.jpg,2010,2006,-4
56245.jpg,2010,2008,-2
56250.jpg,2010,2008,-2
56255.jpg,2010,2012,2
56260.jpg,2010,2012,2
56265.jpg,2010,2017,7
56270.jpg,2010,2009,-1
56275.jpg,2010,1996,-14
56280.jpg,2010,2015,5
56285.jpg,2010,2012,2
56290.jpg,2010,2010,0
56295.jpg,2010,1997,-13
56300.jpg,2010,2000,-10
56305.jpg,2010,2007,-3
56310.jpg,2010,2009,-1
56315.jpg,2011,2010,-1
56320.jpg,2011,1965,-46
56325.jpg,2011,2020,9
56330.jpg,2011,1999,-12
56335.jpg,2011,2010,-1
56340.jpg,2011,1957,-54
56345.jpg,2011,1950,-61
56350.jpg,2011,2008,-3
56355.jpg,2011,1993,-18
56360.jpg,2011,2023,12
56365.jpg,2011,2020,9
56370.jpg,2011,1951,-60
56375.jpg,2011,2021,10
56380.jpg,2011,2018,7
56385.jpg,2011,2012,1
56390.jpg,2011,1917,-94
56395.jpg,2011,2011,0
56400.jpg,2011,2020,9
56405.jpg,2011,1998,-13
56410.jpg,2011,2022,11
56415.jpg,2011,2016,5
56420.jpg,2011,2015,4
56425.jpg,2011,1924,-87
56430.jpg,2011,2024,13
56435.jpg,2011,1879,-132
56440.jpg,2011,2008,-3
56445.jpg,2011,1993,-18
56450.jpg,2011,2021,10
56455.jpg,2011,1731,-280
56460.jpg,2011,1972,-39
56465.jpg,2011,2006,-5
56470.jpg,2011,1901,-110
56475.jpg,2011,1959,-52
56480.jpg,2011,1980,-31
56485.jpg,2011,2012,1
56490.jpg,2011,1952,-59
56495.jpg,2011,2008,-3
56500.jpg,2011,2008,-3
56505.jpg,2011,2010,-1
56510.jpg,2011,2016,5
56515.jpg,2011,1947,-64
56520.jpg,2011,1986,-25
56525.jpg,2011,1992,-19
56530.jpg,2011,2007,-4
56535.jpg,2012,1442,-570
56540.jpg,2012,1882,-130
56545.jpg,2012,1955,-57
56550.jpg,2012,2021,9
56555.jpg,2012,1961,-51
56560.jpg,2012,2007,-5
56565.jpg,2012,2021,9
56570.jpg,2012,1999,-13
56575.jpg,2012,2010,-2
56580.jpg,2012,2009,-3
56585.jpg,2012,2008,-4
56590.jpg,2012,2010,-2
56595.jpg,2012,2023,11
56600.jpg,2012,1970,-42
56605.jpg,2012,2021,9
56610.jpg,2012,2005,-7
56615.jpg,2012,2020,8
56620.jpg,2012,2015,3
56625.jpg,2012,2000,-12
56630.jpg,2012,2001,-11
56635.jpg,2012,2012,0
56640.jpg,2012,2008,-4
56645.jpg,2012,2007,-5
56650.jpg,2012,2020,8
56655.jpg,2012,2010,-2
56660.jpg,2012,2000,-12
56665.jpg,2012,1554,-458
56670.jpg,2012,2016,4
56675.jpg,2012,2015,3
56680.jpg,2012,2007,-5
56685.jpg,2012,2008,-4
56690.jpg,2012,2007,-5
56695.jpg,2012,2010,-2
56700.jpg,2012,2019,7
56705.jpg,2012,2024,12
56710.jpg,2012,1958,-54
56715.jpg,2012,1885,-127
56720.jpg,2013,1996,-17
56725.jpg,2013,2016,3
56730.jpg,2013,2017,4
56735.jpg,2013,1994,-19
56740.jpg,2013,1998,-15
56745.jpg,2013,2008,-5
56750.jpg,2013,2012,-1
56755.jpg,2013,2018,5
56760.jpg,2013,2009,-4
56765.jpg,2013,2014,1
56770.jpg,2013,2016,3
56775.jpg,2013,1999,-14
56780.jpg,2013,2008,-5
56785.jpg,2013,2021,8
56790.jpg,2013,1067,-946
56795.jpg,2013,2010,-3
56800.jpg,2013,1986,-27
56805.jpg,2013,2013,0
56810.jpg,2013,2019,6
56815.jpg,2013,2007,-6
56820.jpg,2013,2008,-5
56825.jpg,2013,2010,-3
56830.jpg,2013,1021,-992
56835.jpg,2013,2000,-13
56840.jpg,2013,2010,-3
56845.jpg,2013,2007,-6
56850.jpg,2013,2024,11
56855.jpg,2013,2016,3
56860.jpg,2013,2024,11
56865.jpg,2013,2016,3
56870.jpg,2013,2016,3
56875.jpg,2013,2016,3
56880.jpg,2013,2010,-3
56885.jpg,2013,2020,7
56890.jpg,2013,2005,-8
56895.jpg,2013,1026,-987
56900.jpg,2014,2007,-7
56905.jpg,2014,1932,-82
56910.jpg,2014,2009,-5
56915.jpg,2014,2010,-4
56920.jpg,2014,2023,9
56925.jpg,2014,2023,9
56930.jpg,2014,2012,-2
56935.jpg,2014,2010,-4
56940.jpg,2014,2018,4
56945.jpg,2014,1980,-34
56950.jpg,2014,2008,-6
56955.jpg,2014,1946,-68
56960.jpg,2014,2016,2
56965.jpg,2014,2009,-5
56970.jpg,2014,2003,-11
56975.jpg,2014,1980,-34
56980.jpg,2014,1981,-33
56985.jpg,2014,2009,-5
56990.jpg,2014,1999,-15
56995.jpg,2014,2021,7
57000.jpg,2014,1965,-49
57005.jpg,2014,1996,-18
57010.jpg,2014,2023,9
57015.jpg,2014,2023,9
57020.jpg,2014,1980,-34
57025.jpg,2014,2008,-6
57030.jpg,2014,2021,7
57035.jpg,2014,2015,1
57040.jpg,2014,2024,10
57045.jpg,2014,1989,-25
57050.jpg,2014,1980,-34
57055.jpg,2014,2011,-3
57060.jpg,2014,2007,-7
57065.jpg,2014,1980,-34
57070.jpg,2014,1983,-31
57075.jpg,2015,1964,-51
57080.jpg,2015,2008,-7
57085.jpg,2015,1999,-16
57090.jpg,2015,2013,-2
57095.jpg,2015,2023,8
57100.jpg,2015,2023,8
57105.jpg,2015,2008,-7
57110.jpg,2015,1998,-17
57115.jpg,2015,2023,8
57120.jpg,2015,2016,1
57125.jpg,2015,1944,-71
57130.jpg,2015,2019,4
57135.jpg,2015,2006,-9
57140.jpg,2015,2023,8
57145.jpg,2015,2009,-6
57150.jpg,2015,1951,-64
57155.jpg,2015,1988,-27
57160.jpg,2015,1972,-43
57165.jpg,2015,2024,9
57170.jpg,2015,1973,-42
57175.jpg,2015,2015,0
57180.jpg,2015,2019,4
57185.jpg,2015,2010,-5
57190.jpg,2015,2016,1
57195.jpg,2015,1998,-17
57200.jpg,2015,1980,-35
57205.jpg,2015,2023,8
57210.jpg,2015,2024,9
57215.jpg,2015,1997,-18
57220.jpg,2016,1931,-85
57225.jpg,2016,2021,5
57230.jpg,2016,1970,-46
57235.jpg,2016,2018,2
57240.jpg,2016,2010,-6
57245.jpg,2016,2021,5
57250.jpg,2016,2000,-16
57255.jpg,2016,2023,7
57260.jpg,2016,1879,-137
57265.jpg,2016,1112,-904
57270.jpg,2016,2001,-15
57275.jpg,2016,1997,-19
57280.jpg,2016,2019,3
57285.jpg,2016,2019,3
57290.jpg,2016,2009,-7
57295.jpg,2016,2024,8
57300.jpg,2016,2013,-3
57305.jpg,2016,2012,-4
57310.jpg,2016,2023,7
57315.jpg,2016,1966,-50
57320.jpg,2016,2023,7
57325.jpg,2016,2010,-6
57330.jpg,2016,2024,8
57335.jpg,2016,2016,0
57340.jpg,2016,2015,-1
57345.jpg,2016,2000,-16
57350.jpg,2016,2021,5
57355.jpg,2016,2023,7
57360.jpg,2016,2007,-9
57365.jpg,2017,1975,-42
57370.jpg,2017,2023,6
57375.jpg,2017,2008,-9
57380.jpg,2017,1965,-52
57385.jpg,2017,2023,6
57390.jpg,2017,2023,6
57395.jpg,2017,2008,-9
57400.jpg,2017,2023,6
57405.jpg,2017,1953,-64
57410.jpg,2017,1711,-306
57415.jpg,2017,2015,-2
57420.jpg,2017,2019,2
57425.jpg,2017,2006,-11
57430.jpg,2017,1999,-18
57435.jpg,2017,2019,2
57440.jpg,2017,2000,-17
57445.jpg,2017,2018,1
57450.jpg,2017,1960,-57
57455.jpg,2017,2014,-3
57460.jpg,2017,2016,-1
57465.jpg,2017,2016,-1
57470.jpg,2017,2011,-6
57475.jpg,2017,2019,2
57480.jpg,2018,2009,-9
57485.jpg,2018,2015,-3
57490.jpg,2018,1998,-20
57495.jpg,2018,2006,-12
57500.jpg,2018,1979,-39
57505.jpg,2018,2012,-6
57510.jpg,2018,2012,-6
57515.jpg,2018,2005,-13
57520.jpg,2018,2002,-16
57525.jpg,2018,1999,-19
57530.jpg,2018,2012,-6
57535.jpg,2018,1021,-997
57540.jpg,2018,1996,-22
57545.jpg,2018,2015,-3
57550.jpg,2018,2023,5
57555.jpg,2018,2010,-8
57560.jpg,2018,2020,2
57565.jpg,2018,2000,-18
57570.jpg,2018,2023,5
57575.jpg,2018,2016,-2
57580.jpg,2019,2009,-10
57585.jpg,2019,1973,-46
57590.jpg,2019,2018,-1
57595.jpg,2019,2018,-1
57600.jpg,2019,1953,-66
57605.jpg,2019,2019,0
57610.jpg,2019,1997,-22
57615.jpg,2019,2015,-4
57620.jpg,2019,2012,-7
57625.jpg,2019,1994,-25
57630.jpg,2019,2000,-19
57635.jpg,2019,2016,-3
57640.jpg,2019,2017,-2
57645.jpg,2019,2015,-4
57650.jpg,2019,1415,-604
57655.jpg,2019,2010,-9
57660.jpg,2019,1986,-33
57665.jpg,2019,2013,-6
57670.jpg,2020,2008,-12
57675.jpg,2020,2010,-10
57680.jpg,2020,2024,4
57685.jpg,2020,2018,-2
57690.jpg,2020,1970,-50
57695.jpg,2020,2006,-14
57700.jpg,2020,1958,-62
57705.jpg,2020,2015,-5
57710.jpg,2020,2000,-20
57715.jpg,2020,2016,-4
57720.jpg,2020,1970,-50
57725.jpg,2020,2021,1
57730.jpg,2021,2020,-1
57735.jpg,2021,2018,-3
57740.jpg,2021,2009,-12
57745.jpg,2021,2016,-5
57750.jpg,2021,2023,2
57755.jpg,2021,1923,-98
57760.jpg,2021,2003,-18
57765.jpg,2021,2021,0
57770.jpg,2021,2019,-2
57775.jpg,2021,1021,-1000
57780.jpg,2021,2023,2
57785.jpg,2021,2023,2
57790.jpg,2021,2015,-6
57795.jpg,2021,2016,-5
57800.jpg,2021,2018,-3
57805.jpg,2022,2024,2
57810.jpg,2022,2009,-13
57815.jpg,2022,2018,-4
57820.jpg,2022,1990,-32
57825.jpg,2022,2004,-18
57830.jpg,2022,2004,-18
57835.jpg,2022,2024,2
57840.jpg,2022,1996,-26
57845.jpg,2022,2016,-6
57850.jpg,2022,2022,0
57855.jpg,2022,2024,2
57860.jpg,2022,2021,-1
57865.jpg,2022,2022,0
57870.jpg,2022,2019,-3
57875.jpg,2023,1999,-24
57880.jpg,2023,2023,0
57885.jpg,2023,2023,0
57890.jpg,2023,2016,-7
57895.jpg,2023,2023,0
57900.jpg,2023,2000,-23
57905.jpg,2023,1973,-50
57910.jpg,2023,2019,-4
57915.jpg,2023,2023,0
57920.jpg,2023,2023,0
57925.jpg,2024,1902,-122
57930.jpg,2024,2016,-8
